level,attack,defense,stamina,cp
1.0,0,0,0,10
1.0,0,0,1,10
1.0,0,0,2,10
1.0,0,0,3,10
1.0,0,0,4,10
1.0,0,0,5,10
1.0,0,0,6,10
1.0,0,0,7,10
1.0,0,0,8,10
1.0,0,0,9,10
1.0,0,0,10,10
1.0,0,0,11,10
1.0,0,0,12,10
1.0,0,0,13,10
1.0,0,0,14,10
1.0,0,0,15,10
1.0,0,1,0,10
1.0,0,1,1,10
1.0,0,1,2,10
1.0,0,1,3,10
1.0,0,1,4,10
1.0,0,1,5,10
1.0,0,1,6,10
1.0,0,1,7,10
1.0,0,1,8,10
1.0,0,1,9,10
1.0,0,1,10,10
1.0,0,1,11,10
1.0,0,1,12,10
1.0,0,1,13,10
1.0,0,1,14,10
1.0,0,1,15,10
1.0,0,2,0,10
1.0,0,2,1,10
1.0,0,2,2,10
1.0,0,2,3,10
1.0,0,2,4,10
1.0,0,2,5,10
1.0,0,2,6,10
1.0,0,2,7,10
1.0,0,2,8,10
1.0,0,2,9,10
1.0,0,2,10,10
1.0,0,2,11,10
1.0,0,2,12,10
1.0,0,2,13,10
1.0,0,2,14,10
1.0,0,2,15,10
1.0,0,3,0,10
1.0,0,3,1,10
1.0,0,3,2,10
1.0,0,3,3,10
1.0,0,3,4,10
1.0,0,3,5,10
1.0,0,3,6,10
1.0,0,3,7,10
1.0,0,3,8,10
1.0,0,3,9,10
1.0,0,3,10,10
1.0,0,3,11,10
1.0,0,3,12,10
1.0,0,3,13,10
1.0,0,3,14,10
1.0,0,3,15,10
1.0,0,4,0,10
1.0,0,4,1,10
1.0,0,4,2,10
1.0,0,4,3,10
1.0,0,4,4,10
1.0,0,4,5,10
1.0,0,4,6,10
1.0,0,4,7,10
1.0,0,4,8,10
1.0,0,4,9,10
1.0,0,4,10,10
1.0,0,4,11,10
1.0,0,4,12,10
1.0,0,4,13,10
1.0,0,4,14,10
1.0,0,4,15,10
1.0,0,5,0,10
1.0,0,5,1,10
1.0,0,5,2,10
1.0,0,5,3,10
1.0,0,5,4,10
1.0,0,5,5,10
1.0,0,5,6,10
1.0,0,5,7,10
1.0,0,5,8,10
1.0,0,5,9,10
1.0,0,5,10,10
1.0,0,5,11,10
1.0,0,5,12,10
1.0,0,5,13,10
1.0,0,5,14,10
1.0,0,5,15,10
1.0,0,6,0,10
1.0,0,6,1,10
1.0,0,6,2,10
1.0,0,6,3,10
1.0,0,6,4,10
1.0,0,6,5,10
1.0,0,6,6,10
1.0,0,6,7,10
1.0,0,6,8,10
1.0,0,6,9,10
1.0,0,6,10,10
1.0,0,6,11,10
1.0,0,6,12,10
1.0,0,6,13,10
1.0,0,6,14,10
1.0,0,6,15,10
1.0,0,7,0,10
1.0,0,7,1,10
1.0,0,7,2,10
1.0,0,7,3,10
1.0,0,7,4,10
1.0,0,7,5,10
1.0,0,7,6,10
1.0,0,7,7,10
1.0,0,7,8,10
1.0,0,7,9,10
1.0,0,7,10,10
1.0,0,7,11,10
1.0,0,7,12,10
1.0,0,7,13,10
1.0,0,7,14,10
1.0,0,7,15,10
1.0,0,8,0,10
1.0,0,8,1,10
1.0,0,8,2,10
1.0,0,8,3,10
1.0,0,8,4,10
1.0,0,8,5,10
1.0,0,8,6,10
1.0,0,8,7,10
1.0,0,8,8,10
1.0,0,8,9,10
1.0,0,8,10,10
1.0,0,8,11,10
1.0,0,8,12,10
1.0,0,8,13,10
1.0,0,8,14,10
1.0,0,8,15,10
1.0,0,9,0,10
1.0,0,9,1,10
1.0,0,9,2,10
1.0,0,9,3,10
1.0,0,9,4,10
1.0,0,9,5,10
1.0,0,9,6,10
1.0,0,9,7,10
1.0,0,9,8,10
1.0,0,9,9,10
1.0,0,9,10,10
1.0,0,9,11,10
1.0,0,9,12,10
1.0,0,9,13,10
1.0,0,9,14,10
1.0,0,9,15,10
1.0,0,10,0,10
1.0,0,10,1,10
1.0,0,10,2,10
1.0,0,10,3,10
1.0,0,10,4,10
1.0,0,10,5,10
1.0,0,10,6,10
1.0,0,10,7,10
1.0,0,10,8,10
1.0,0,10,9,10
1.0,0,10,10,10
1.0,0,10,11,10
1.0,0,10,12,10
1.0,0,10,13,10
1.0,0,10,14,10
1.0,0,10,15,10
1.0,0,11,0,10
1.0,0,11,1,10
1.0,0,11,2,10
1.0,0,11,3,10
1.0,0,11,4,10
1.0,0,11,5,10
1.0,0,11,6,10
1.0,0,11,7,10
1.0,0,11,8,10
1.0,0,11,9,10
1.0,0,11,10,10
1.0,0,11,11,10
1.0,0,11,12,10
1.0,0,11,13,10
1.0,0,11,14,10
1.0,0,11,15,10
1.0,0,12,0,10
1.0,0,12,1,10
1.0,0,12,2,10
1.0,0,12,3,10
1.0,0,12,4,10
1.0,0,12,5,10
1.0,0,12,6,10
1.0,0,12,7,10
1.0,0,12,8,10
1.0,0,12,9,10
1.0,0,12,10,10
1.0,0,12,11,10
1.0,0,12,12,10
1.0,0,12,13,10
1.0,0,12,14,10
1.0,0,12,15,10
1.0,0,13,0,10
1.0,0,13,1,10
1.0,0,13,2,10
1.0,0,13,3,10
1.0,0,13,4,10
1.0,0,13,5,10
1.0,0,13,6,10
1.0,0,13,7,10
1.0,0,13,8,10
1.0,0,13,9,10
1.0,0,13,10,10
1.0,0,13,11,10
1.0,0,13,12,10
1.0,0,13,13,10
1.0,0,13,14,10
1.0,0,13,15,10
1.0,0,14,0,10
1.0,0,14,1,10
1.0,0,14,2,10
1.0,0,14,3,10
1.0,0,14,4,10
1.0,0,14,5,10
1.0,0,14,6,10
1.0,0,14,7,10
1.0,0,14,8,10
1.0,0,14,9,10
1.0,0,14,10,10
1.0,0,14,11,10
1.0,0,14,12,10
1.0,0,14,13,10
1.0,0,14,14,10
1.0,0,14,15,10
1.0,0,15,0,10
1.0,0,15,1,10
1.0,0,15,2,10
1.0,0,15,3,10
1.0,0,15,4,10
1.0,0,15,5,10
1.0,0,15,6,10
1.0,0,15,7,10
1.0,0,15,8,10
1.0,0,15,9,10
1.0,0,15,10,10
1.0,0,15,11,10
1.0,0,15,12,10
1.0,0,15,13,10
1.0,0,15,14,10
1.0,0,15,15,10
1.0,1,0,0,10
1.0,1,0,1,10
1.0,1,0,2,10
1.0,1,0,3,10
1.0,1,0,4,10
1.0,1,0,5,10
1.0,1,0,6,10
1.0,1,0,7,10
1.0,1,0,8,10
1.0,1,0,9,10
1.0,1,0,10,10
1.0,1,0,11,10
1.0,1,0,12,10
1.0,1,0,13,10
1.0,1,0,14,10
1.0,1,0,15,10
1.0,1,1,0,10
1.0,1,1,1,10
1.0,1,1,2,10
1.0,1,1,3,10
1.0,1,1,4,10
1.0,1,1,5,10
1.0,1,1,6,10
1.0,1,1,7,10
1.0,1,1,8,10
1.0,1,1,9,10
1.0,1,1,10,10
1.0,1,1,11,10
1.0,1,1,12,10
1.0,1,1,13,10
1.0,1,1,14,10
1.0,1,1,15,10
1.0,1,2,0,10
1.0,1,2,1,10
1.0,1,2,2,10
1.0,1,2,3,10
1.0,1,2,4,10
1.0,1,2,5,10
1.0,1,2,6,10
1.0,1,2,7,10
1.0,1,2,8,10
1.0,1,2,9,10
1.0,1,2,10,10
1.0,1,2,11,10
1.0,1,2,12,10
1.0,1,2,13,10
1.0,1,2,14,10
1.0,1,2,15,10
1.0,1,3,0,10
1.0,1,3,1,10
1.0,1,3,2,10
1.0,1,3,3,10
1.0,1,3,4,10
1.0,1,3,5,10
1.0,1,3,6,10
1.0,1,3,7,10
1.0,1,3,8,10
1.0,1,3,9,10
1.0,1,3,10,10
1.0,1,3,11,10
1.0,1,3,12,10
1.0,1,3,13,10
1.0,1,3,14,10
1.0,1,3,15,10
1.0,1,4,0,10
1.0,1,4,1,10
1.0,1,4,2,10
1.0,1,4,3,10
1.0,1,4,4,10
1.0,1,4,5,10
1.0,1,4,6,10
1.0,1,4,7,10
1.0,1,4,8,10
1.0,1,4,9,10
1.0,1,4,10,10
1.0,1,4,11,10
1.0,1,4,12,10
1.0,1,4,13,10
1.0,1,4,14,10
1.0,1,4,15,10
1.0,1,5,0,10
1.0,1,5,1,10
1.0,1,5,2,10
1.0,1,5,3,10
1.0,1,5,4,10
1.0,1,5,5,10
1.0,1,5,6,10
1.0,1,5,7,10
1.0,1,5,8,10
1.0,1,5,9,10
1.0,1,5,10,10
1.0,1,5,11,10
1.0,1,5,12,10
1.0,1,5,13,10
1.0,1,5,14,10
1.0,1,5,15,10
1.0,1,6,0,10
1.0,1,6,1,10
1.0,1,6,2,10
1.0,1,6,3,10
1.0,1,6,4,10
1.0,1,6,5,10
1.0,1,6,6,10
1.0,1,6,7,10
1.0,1,6,8,10
1.0,1,6,9,10
1.0,1,6,10,10
1.0,1,6,11,10
1.0,1,6,12,10
1.0,1,6,13,10
1.0,1,6,14,10
1.0,1,6,15,10
1.0,1,7,0,10
1.0,1,7,1,10
1.0,1,7,2,10
1.0,1,7,3,10
1.0,1,7,4,10
1.0,1,7,5,10
1.0,1,7,6,10
1.0,1,7,7,10
1.0,1,7,8,10
1.0,1,7,9,10
1.0,1,7,10,10
1.0,1,7,11,10
1.0,1,7,12,10
1.0,1,7,13,10
1.0,1,7,14,10
1.0,1,7,15,10
1.0,1,8,0,10
1.0,1,8,1,10
1.0,1,8,2,10
1.0,1,8,3,10
1.0,1,8,4,10
1.0,1,8,5,10
1.0,1,8,6,10
1.0,1,8,7,10
1.0,1,8,8,10
1.0,1,8,9,10
1.0,1,8,10,10
1.0,1,8,11,10
1.0,1,8,12,10
1.0,1,8,13,10
1.0,1,8,14,10
1.0,1,8,15,10
1.0,1,9,0,10
1.0,1,9,1,10
1.0,1,9,2,10
1.0,1,9,3,10
1.0,1,9,4,10
1.0,1,9,5,10
1.0,1,9,6,10
1.0,1,9,7,10
1.0,1,9,8,10
1.0,1,9,9,10
1.0,1,9,10,10
1.0,1,9,11,10
1.0,1,9,12,10
1.0,1,9,13,10
1.0,1,9,14,10
1.0,1,9,15,10
1.0,1,10,0,10
1.0,1,10,1,10
1.0,1,10,2,10
1.0,1,10,3,10
1.0,1,10,4,10
1.0,1,10,5,10
1.0,1,10,6,10
1.0,1,10,7,10
1.0,1,10,8,10
1.0,1,10,9,10
1.0,1,10,10,10
1.0,1,10,11,10
1.0,1,10,12,10
1.0,1,10,13,10
1.0,1,10,14,10
1.0,1,10,15,10
1.0,1,11,0,10
1.0,1,11,1,10
1.0,1,11,2,10
1.0,1,11,3,10
1.0,1,11,4,10
1.0,1,11,5,10
1.0,1,11,6,10
1.0,1,11,7,10
1.0,1,11,8,10
1.0,1,11,9,10
1.0,1,11,10,10
1.0,1,11,11,10
1.0,1,11,12,10
1.0,1,11,13,10
1.0,1,11,14,10
1.0,1,11,15,10
1.0,1,12,0,10
1.0,1,12,1,10
1.0,1,12,2,10
1.0,1,12,3,10
1.0,1,12,4,10
1.0,1,12,5,10
1.0,1,12,6,10
1.0,1,12,7,10
1.0,1,12,8,10
1.0,1,12,9,10
1.0,1,12,10,10
1.0,1,12,11,10
1.0,1,12,12,10
1.0,1,12,13,10
1.0,1,12,14,10
1.0,1,12,15,10
1.0,1,13,0,10
1.0,1,13,1,10
1.0,1,13,2,10
1.0,1,13,3,10
1.0,1,13,4,10
1.0,1,13,5,10
1.0,1,13,6,10
1.0,1,13,7,10
1.0,1,13,8,10
1.0,1,13,9,10
1.0,1,13,10,10
1.0,1,13,11,10
1.0,1,13,12,10
1.0,1,13,13,10
1.0,1,13,14,10
1.0,1,13,15,10
1.0,1,14,0,10
1.0,1,14,1,10
1.0,1,14,2,10
1.0,1,14,3,10
1.0,1,14,4,10
1.0,1,14,5,10
1.0,1,14,6,10
1.0,1,14,7,10
1.0,1,14,8,10
1.0,1,14,9,10
1.0,1,14,10,10
1.0,1,14,11,10
1.0,1,14,12,10
1.0,1,14,13,10
1.0,1,14,14,10
1.0,1,14,15,10
1.0,1,15,0,10
1.0,1,15,1,10
1.0,1,15,2,10
1.0,1,15,3,10
1.0,1,15,4,10
1.0,1,15,5,10
1.0,1,15,6,10
1.0,1,15,7,10
1.0,1,15,8,10
1.0,1,15,9,10
1.0,1,15,10,10
1.0,1,15,11,10
1.0,1,15,12,10
1.0,1,15,13,10
1.0,1,15,14,10
1.0,1,15,15,10
1.0,2,0,0,10
1.0,2,0,1,10
1.0,2,0,2,10
1.0,2,0,3,10
1.0,2,0,4,10
1.0,2,0,5,10
1.0,2,0,6,10
1.0,2,0,7,10
1.0,2,0,8,10
1.0,2,0,9,10
1.0,2,0,10,10
1.0,2,0,11,10
1.0,2,0,12,10
1.0,2,0,13,10
1.0,2,0,14,10
1.0,2,0,15,10
1.0,2,1,0,10
1.0,2,1,1,10
1.0,2,1,2,10
1.0,2,1,3,10
1.0,2,1,4,10
1.0,2,1,5,10
1.0,2,1,6,10
1.0,2,1,7,10
1.0,2,1,8,10
1.0,2,1,9,10
1.0,2,1,10,10
1.0,2,1,11,10
1.0,2,1,12,10
1.0,2,1,13,10
1.0,2,1,14,10
1.0,2,1,15,10
1.0,2,2,0,10
1.0,2,2,1,10
1.0,2,2,2,10
1.0,2,2,3,10
1.0,2,2,4,10
1.0,2,2,5,10
1.0,2,2,6,10
1.0,2,2,7,10
1.0,2,2,8,10
1.0,2,2,9,10
1.0,2,2,10,10
1.0,2,2,11,10
1.0,2,2,12,10
1.0,2,2,13,10
1.0,2,2,14,10
1.0,2,2,15,10
1.0,2,3,0,10
1.0,2,3,1,10
1.0,2,3,2,10
1.0,2,3,3,10
1.0,2,3,4,10
1.0,2,3,5,10
1.0,2,3,6,10
1.0,2,3,7,10
1.0,2,3,8,10
1.0,2,3,9,10
1.0,2,3,10,10
1.0,2,3,11,10
1.0,2,3,12,10
1.0,2,3,13,10
1.0,2,3,14,10
1.0,2,3,15,10
1.0,2,4,0,10
1.0,2,4,1,10
1.0,2,4,2,10
1.0,2,4,3,10
1.0,2,4,4,10
1.0,2,4,5,10
1.0,2,4,6,10
1.0,2,4,7,10
1.0,2,4,8,10
1.0,2,4,9,10
1.0,2,4,10,10
1.0,2,4,11,10
1.0,2,4,12,10
1.0,2,4,13,10
1.0,2,4,14,10
1.0,2,4,15,10
1.0,2,5,0,10
1.0,2,5,1,10
1.0,2,5,2,10
1.0,2,5,3,10
1.0,2,5,4,10
1.0,2,5,5,10
1.0,2,5,6,10
1.0,2,5,7,10
1.0,2,5,8,10
1.0,2,5,9,10
1.0,2,5,10,10
1.0,2,5,11,10
1.0,2,5,12,10
1.0,2,5,13,10
1.0,2,5,14,10
1.0,2,5,15,10
1.0,2,6,0,10
1.0,2,6,1,10
1.0,2,6,2,10
1.0,2,6,3,10
1.0,2,6,4,10
1.0,2,6,5,10
1.0,2,6,6,10
1.0,2,6,7,10
1.0,2,6,8,10
1.0,2,6,9,10
1.0,2,6,10,10
1.0,2,6,11,10
1.0,2,6,12,10
1.0,2,6,13,10
1.0,2,6,14,10
1.0,2,6,15,10
1.0,2,7,0,10
1.0,2,7,1,10
1.0,2,7,2,10
1.0,2,7,3,10
1.0,2,7,4,10
1.0,2,7,5,10
1.0,2,7,6,10
1.0,2,7,7,10
1.0,2,7,8,10
1.0,2,7,9,10
1.0,2,7,10,10
1.0,2,7,11,10
1.0,2,7,12,10
1.0,2,7,13,10
1.0,2,7,14,10
1.0,2,7,15,10
1.0,2,8,0,10
1.0,2,8,1,10
1.0,2,8,2,10
1.0,2,8,3,10
1.0,2,8,4,10
1.0,2,8,5,10
1.0,2,8,6,10
1.0,2,8,7,10
1.0,2,8,8,10
1.0,2,8,9,10
1.0,2,8,10,10
1.0,2,8,11,10
1.0,2,8,12,10
1.0,2,8,13,10
1.0,2,8,14,10
1.0,2,8,15,10
1.0,2,9,0,10
1.0,2,9,1,10
1.0,2,9,2,10
1.0,2,9,3,10
1.0,2,9,4,10
1.0,2,9,5,10
1.0,2,9,6,10
1.0,2,9,7,10
1.0,2,9,8,10
1.0,2,9,9,10
1.0,2,9,10,10
1.0,2,9,11,10
1.0,2,9,12,10
1.0,2,9,13,10
1.0,2,9,14,10
1.0,2,9,15,10
1.0,2,10,0,10
1.0,2,10,1,10
1.0,2,10,2,10
1.0,2,10,3,10
1.0,2,10,4,10
1.0,2,10,5,10
1.0,2,10,6,10
1.0,2,10,7,10
1.0,2,10,8,10
1.0,2,10,9,10
1.0,2,10,10,10
1.0,2,10,11,10
1.0,2,10,12,10
1.0,2,10,13,10
1.0,2,10,14,10
1.0,2,10,15,10
1.0,2,11,0,10
1.0,2,11,1,10
1.0,2,11,2,10
1.0,2,11,3,10
1.0,2,11,4,10
1.0,2,11,5,10
1.0,2,11,6,10
1.0,2,11,7,10
1.0,2,11,8,10
1.0,2,11,9,10
1.0,2,11,10,10
1.0,2,11,11,10
1.0,2,11,12,10
1.0,2,11,13,10
1.0,2,11,14,10
1.0,2,11,15,10
1.0,2,12,0,10
1.0,2,12,1,10
1.0,2,12,2,10
1.0,2,12,3,10
1.0,2,12,4,10
1.0,2,12,5,10
1.0,2,12,6,10
1.0,2,12,7,10
1.0,2,12,8,10
1.0,2,12,9,10
1.0,2,12,10,10
1.0,2,12,11,10
1.0,2,12,12,10
1.0,2,12,13,10
1.0,2,12,14,10
1.0,2,12,15,10
1.0,2,13,0,10
1.0,2,13,1,10
1.0,2,13,2,10
1.0,2,13,3,10
1.0,2,13,4,10
1.0,2,13,5,10
1.0,2,13,6,10
1.0,2,13,7,10
1.0,2,13,8,10
1.0,2,13,9,10
1.0,2,13,10,10
1.0,2,13,11,10
1.0,2,13,12,10
1.0,2,13,13,10
1.0,2,13,14,10
1.0,2,13,15,10
1.0,2,14,0,10
1.0,2,14,1,10
1.0,2,14,2,10
1.0,2,14,3,10
1.0,2,14,4,10
1.0,2,14,5,10
1.0,2,14,6,10
1.0,2,14,7,10
1.0,2,14,8,10
1.0,2,14,9,10
1.0,2,14,10,10
1.0,2,14,11,10
1.0,2,14,12,10
1.0,2,14,13,10
1.0,2,14,14,10
1.0,2,14,15,10
1.0,2,15,0,10
1.0,2,15,1,10
1.0,2,15,2,10
1.0,2,15,3,10
1.0,2,15,4,10
1.0,2,15,5,10
1.0,2,15,6,10
1.0,2,15,7,10
1.0,2,15,8,10
1.0,2,15,9,10
1.0,2,15,10,10
1.0,2,15,11,10
1.0,2,15,12,10
1.0,2,15,13,10
1.0,2,15,14,10
1.0,2,15,15,10
1.0,3,0,0,10
1.0,3,0,1,10
1.0,3,0,2,10
1.0,3,0,3,10
1.0,3,0,4,10
1.0,3,0,5,10
1.0,3,0,6,10
1.0,3,0,7,10
1.0,3,0,8,10
1.0,3,0,9,10
1.0,3,0,10,10
1.0,3,0,11,10
1.0,3,0,12,10
1.0,3,0,13,10
1.0,3,0,14,10
1.0,3,0,15,10
1.0,3,1,0,10
1.0,3,1,1,10
1.0,3,1,2,10
1.0,3,1,3,10
1.0,3,1,4,10
1.0,3,1,5,10
1.0,3,1,6,10
1.0,3,1,7,10
1.0,3,1,8,10
1.0,3,1,9,10
1.0,3,1,10,10
1.0,3,1,11,10
1.0,3,1,12,10
1.0,3,1,13,10
1.0,3,1,14,10
1.0,3,1,15,10
1.0,3,2,0,10
1.0,3,2,1,10
1.0,3,2,2,10
1.0,3,2,3,10
1.0,3,2,4,10
1.0,3,2,5,10
1.0,3,2,6,10
1.0,3,2,7,10
1.0,3,2,8,10
1.0,3,2,9,10
1.0,3,2,10,10
1.0,3,2,11,10
1.0,3,2,12,10
1.0,3,2,13,10
1.0,3,2,14,10
1.0,3,2,15,10
1.0,3,3,0,10
1.0,3,3,1,10
1.0,3,3,2,10
1.0,3,3,3,10
1.0,3,3,4,10
1.0,3,3,5,10
1.0,3,3,6,10
1.0,3,3,7,10
1.0,3,3,8,10
1.0,3,3,9,10
1.0,3,3,10,10
1.0,3,3,11,10
1.0,3,3,12,10
1.0,3,3,13,10
1.0,3,3,14,10
1.0,3,3,15,10
1.0,3,4,0,10
1.0,3,4,1,10
1.0,3,4,2,10
1.0,3,4,3,10
1.0,3,4,4,10
1.0,3,4,5,10
1.0,3,4,6,10
1.0,3,4,7,10
1.0,3,4,8,10
1.0,3,4,9,10
1.0,3,4,10,10
1.0,3,4,11,10
1.0,3,4,12,10
1.0,3,4,13,10
1.0,3,4,14,10
1.0,3,4,15,10
1.0,3,5,0,10
1.0,3,5,1,10
1.0,3,5,2,10
1.0,3,5,3,10
1.0,3,5,4,10
1.0,3,5,5,10
1.0,3,5,6,10
1.0,3,5,7,10
1.0,3,5,8,10
1.0,3,5,9,10
1.0,3,5,10,10
1.0,3,5,11,10
1.0,3,5,12,10
1.0,3,5,13,10
1.0,3,5,14,10
1.0,3,5,15,10
1.0,3,6,0,10
1.0,3,6,1,10
1.0,3,6,2,10
1.0,3,6,3,10
1.0,3,6,4,10
1.0,3,6,5,10
1.0,3,6,6,10
1.0,3,6,7,10
1.0,3,6,8,10
1.0,3,6,9,10
1.0,3,6,10,10
1.0,3,6,11,10
1.0,3,6,12,10
1.0,3,6,13,10
1.0,3,6,14,10
1.0,3,6,15,10
1.0,3,7,0,10
1.0,3,7,1,10
1.0,3,7,2,10
1.0,3,7,3,10
1.0,3,7,4,10
1.0,3,7,5,10
1.0,3,7,6,10
1.0,3,7,7,10
1.0,3,7,8,10
1.0,3,7,9,10
1.0,3,7,10,10
1.0,3,7,11,10
1.0,3,7,12,10
1.0,3,7,13,10
1.0,3,7,14,10
1.0,3,7,15,10
1.0,3,8,0,10
1.0,3,8,1,10
1.0,3,8,2,10
1.0,3,8,3,10
1.0,3,8,4,10
1.0,3,8,5,10
1.0,3,8,6,10
1.0,3,8,7,10
1.0,3,8,8,10
1.0,3,8,9,10
1.0,3,8,10,10
1.0,3,8,11,10
1.0,3,8,12,10
1.0,3,8,13,10
1.0,3,8,14,10
1.0,3,8,15,10
1.0,3,9,0,10
1.0,3,9,1,10
1.0,3,9,2,10
1.0,3,9,3,10
1.0,3,9,4,10
1.0,3,9,5,10
1.0,3,9,6,10
1.0,3,9,7,10
1.0,3,9,8,10
1.0,3,9,9,10
1.0,3,9,10,10
1.0,3,9,11,10
1.0,3,9,12,10
1.0,3,9,13,10
1.0,3,9,14,10
1.0,3,9,15,10
1.0,3,10,0,10
1.0,3,10,1,10
1.0,3,10,2,10
1.0,3,10,3,10
1.0,3,10,4,10
1.0,3,10,5,10
1.0,3,10,6,10
1.0,3,10,7,10
1.0,3,10,8,10
1.0,3,10,9,10
1.0,3,10,10,10
1.0,3,10,11,10
1.0,3,10,12,10
1.0,3,10,13,10
1.0,3,10,14,10
1.0,3,10,15,10
1.0,3,11,0,10
1.0,3,11,1,10
1.0,3,11,2,10
1.0,3,11,3,10
1.0,3,11,4,10
1.0,3,11,5,10
1.0,3,11,6,10
1.0,3,11,7,10
1.0,3,11,8,10
1.0,3,11,9,10
1.0,3,11,10,10
1.0,3,11,11,10
1.0,3,11,12,10
1.0,3,11,13,10
1.0,3,11,14,10
1.0,3,11,15,10
1.0,3,12,0,10
1.0,3,12,1,10
1.0,3,12,2,10
1.0,3,12,3,10
1.0,3,12,4,10
1.0,3,12,5,10
1.0,3,12,6,10
1.0,3,12,7,10
1.0,3,12,8,10
1.0,3,12,9,10
1.0,3,12,10,10
1.0,3,12,11,10
1.0,3,12,12,10
1.0,3,12,13,10
1.0,3,12,14,10
1.0,3,12,15,10
1.0,3,13,0,10
1.0,3,13,1,10
1.0,3,13,2,10
1.0,3,13,3,10
1.0,3,13,4,10
1.0,3,13,5,10
1.0,3,13,6,10
1.0,3,13,7,10
1.0,3,13,8,10
1.0,3,13,9,10
1.0,3,13,10,10
1.0,3,13,11,10
1.0,3,13,12,10
1.0,3,13,13,10
1.0,3,13,14,10
1.0,3,13,15,10
1.0,3,14,0,10
1.0,3,14,1,10
1.0,3,14,2,10
1.0,3,14,3,10
1.0,3,14,4,10
1.0,3,14,5,10
1.0,3,14,6,10
1.0,3,14,7,10
1.0,3,14,8,10
1.0,3,14,9,10
1.0,3,14,10,10
1.0,3,14,11,10
1.0,3,14,12,10
1.0,3,14,13,10
1.0,3,14,14,10
1.0,3,14,15,10
1.0,3,15,0,10
1.0,3,15,1,10
1.0,3,15,2,10
1.0,3,15,3,10
1.0,3,15,4,10
1.0,3,15,5,10
1.0,3,15,6,10
1.0,3,15,7,10
1.0,3,15,8,10
1.0,3,15,9,10
1.0,3,15,10,10
1.0,3,15,11,10
1.0,3,15,12,10
1.0,3,15,13,10
1.0,3,15,14,10
1.0,3,15,15,10
1.0,4,0,0,10
1.0,4,0,1,10
1.0,4,0,2,10
1.0,4,0,3,10
1.0,4,0,4,10
1.0,4,0,5,10
1.0,4,0,6,10
1.0,4,0,7,10
1.0,4,0,8,10
1.0,4,0,9,10
1.0,4,0,10,10
1.0,4,0,11,10
1.0,4,0,12,10
1.0,4,0,13,10
1.0,4,0,14,10
1.0,4,0,15,10
1.0,4,1,0,10
1.0,4,1,1,10
1.0,4,1,2,10
1.0,4,1,3,10
1.0,4,1,4,10
1.0,4,1,5,10
1.0,4,1,6,10
1.0,4,1,7,10
1.0,4,1,8,10
1.0,4,1,9,10
1.0,4,1,10,10
1.0,4,1,11,10
1.0,4,1,12,10
1.0,4,1,13,10
1.0,4,1,14,10
1.0,4,1,15,10
1.0,4,2,0,10
1.0,4,2,1,10
1.0,4,2,2,10
1.0,4,2,3,10
1.0,4,2,4,10
1.0,4,2,5,10
1.0,4,2,6,10
1.0,4,2,7,10
1.0,4,2,8,10
1.0,4,2,9,10
1.0,4,2,10,10
1.0,4,2,11,10
1.0,4,2,12,10
1.0,4,2,13,10
1.0,4,2,14,10
1.0,4,2,15,10
1.0,4,3,0,10
1.0,4,3,1,10
1.0,4,3,2,10
1.0,4,3,3,10
1.0,4,3,4,10
1.0,4,3,5,10
1.0,4,3,6,10
1.0,4,3,7,10
1.0,4,3,8,10
1.0,4,3,9,10
1.0,4,3,10,10
1.0,4,3,11,10
1.0,4,3,12,10
1.0,4,3,13,10
1.0,4,3,14,10
1.0,4,3,15,10
1.0,4,4,0,10
1.0,4,4,1,10
1.0,4,4,2,10
1.0,4,4,3,10
1.0,4,4,4,10
1.0,4,4,5,10
1.0,4,4,6,10
1.0,4,4,7,10
1.0,4,4,8,10
1.0,4,4,9,10
1.0,4,4,10,10
1.0,4,4,11,10
1.0,4,4,12,10
1.0,4,4,13,10
1.0,4,4,14,10
1.0,4,4,15,10
1.0,4,5,0,10
1.0,4,5,1,10
1.0,4,5,2,10
1.0,4,5,3,10
1.0,4,5,4,10
1.0,4,5,5,10
1.0,4,5,6,10
1.0,4,5,7,10
1.0,4,5,8,10
1.0,4,5,9,10
1.0,4,5,10,10
1.0,4,5,11,10
1.0,4,5,12,10
1.0,4,5,13,10
1.0,4,5,14,10
1.0,4,5,15,10
1.0,4,6,0,10
1.0,4,6,1,10
1.0,4,6,2,10
1.0,4,6,3,10
1.0,4,6,4,10
1.0,4,6,5,10
1.0,4,6,6,10
1.0,4,6,7,10
1.0,4,6,8,10
1.0,4,6,9,10
1.0,4,6,10,10
1.0,4,6,11,10
1.0,4,6,12,10
1.0,4,6,13,10
1.0,4,6,14,10
1.0,4,6,15,10
1.0,4,7,0,10
1.0,4,7,1,10
1.0,4,7,2,10
1.0,4,7,3,10
1.0,4,7,4,10
1.0,4,7,5,10
1.0,4,7,6,10
1.0,4,7,7,10
1.0,4,7,8,10
1.0,4,7,9,10
1.0,4,7,10,10
1.0,4,7,11,10
1.0,4,7,12,10
1.0,4,7,13,10
1.0,4,7,14,10
1.0,4,7,15,10
1.0,4,8,0,10
1.0,4,8,1,10
1.0,4,8,2,10
1.0,4,8,3,10
1.0,4,8,4,10
1.0,4,8,5,10
1.0,4,8,6,10
1.0,4,8,7,10
1.0,4,8,8,10
1.0,4,8,9,10
1.0,4,8,10,10
1.0,4,8,11,10
1.0,4,8,12,10
1.0,4,8,13,10
1.0,4,8,14,10
1.0,4,8,15,10
1.0,4,9,0,10
1.0,4,9,1,10
1.0,4,9,2,10
1.0,4,9,3,10
1.0,4,9,4,10
1.0,4,9,5,10
1.0,4,9,6,10
1.0,4,9,7,10
1.0,4,9,8,10
1.0,4,9,9,10
1.0,4,9,10,10
1.0,4,9,11,10
1.0,4,9,12,10
1.0,4,9,13,10
1.0,4,9,14,10
1.0,4,9,15,10
1.0,4,10,0,10
1.0,4,10,1,10
1.0,4,10,2,10
1.0,4,10,3,10
1.0,4,10,4,10
1.0,4,10,5,10
1.0,4,10,6,10
1.0,4,10,7,10
1.0,4,10,8,10
1.0,4,10,9,10
1.0,4,10,10,10
1.0,4,10,11,10
1.0,4,10,12,10
1.0,4,10,13,10
1.0,4,10,14,10
1.0,4,10,15,10
1.0,4,11,0,10
1.0,4,11,1,10
1.0,4,11,2,10
1.0,4,11,3,10
1.0,4,11,4,10
1.0,4,11,5,10
1.0,4,11,6,10
1.0,4,11,7,10
1.0,4,11,8,10
1.0,4,11,9,10
1.0,4,11,10,10
1.0,4,11,11,10
1.0,4,11,12,10
1.0,4,11,13,10
1.0,4,11,14,10
1.0,4,11,15,10
1.0,4,12,0,10
1.0,4,12,1,10
1.0,4,12,2,10
1.0,4,12,3,10
1.0,4,12,4,10
1.0,4,12,5,10
1.0,4,12,6,10
1.0,4,12,7,10
1.0,4,12,8,10
1.0,4,12,9,10
1.0,4,12,10,10
1.0,4,12,11,10
1.0,4,12,12,10
1.0,4,12,13,10
1.0,4,12,14,10
1.0,4,12,15,10
1.0,4,13,0,10
1.0,4,13,1,10
1.0,4,13,2,10
1.0,4,13,3,10
1.0,4,13,4,10
1.0,4,13,5,10
1.0,4,13,6,10
1.0,4,13,7,10
1.0,4,13,8,10
1.0,4,13,9,10
1.0,4,13,10,10
1.0,4,13,11,10
1.0,4,13,12,10
1.0,4,13,13,10
1.0,4,13,14,10
1.0,4,13,15,10
1.0,4,14,0,10
1.0,4,14,1,10
1.0,4,14,2,10
1.0,4,14,3,10
1.0,4,14,4,10
1.0,4,14,5,10
1.0,4,14,6,10
1.0,4,14,7,10
1.0,4,14,8,10
1.0,4,14,9,10
1.0,4,14,10,10
1.0,4,14,11,10
1.0,4,14,12,10
1.0,4,14,13,10
1.0,4,14,14,10
1.0,4,14,15,10
1.0,4,15,0,10
1.0,4,15,1,10
1.0,4,15,2,10
1.0,4,15,3,10
1.0,4,15,4,10
1.0,4,15,5,10
1.0,4,15,6,10
1.0,4,15,7,10
1.0,4,15,8,10
1.0,4,15,9,10
1.0,4,15,10,10
1.0,4,15,11,10
1.0,4,15,12,10
1.0,4,15,13,10
1.0,4,15,14,10
1.0,4,15,15,10
1.0,5,0,0,10
1.0,5,0,1,10
1.0,5,0,2,10
1.0,5,0,3,10
1.0,5,0,4,10
1.0,5,0,5,10
1.0,5,0,6,10
1.0,5,0,7,10
1.0,5,0,8,10
1.0,5,0,9,10
1.0,5,0,10,10
1.0,5,0,11,10
1.0,5,0,12,10
1.0,5,0,13,10
1.0,5,0,14,10
1.0,5,0,15,10
1.0,5,1,0,10
1.0,5,1,1,10
1.0,5,1,2,10
1.0,5,1,3,10
1.0,5,1,4,10
1.0,5,1,5,10
1.0,5,1,6,10
1.0,5,1,7,10
1.0,5,1,8,10
1.0,5,1,9,10
1.0,5,1,10,10
1.0,5,1,11,10
1.0,5,1,12,10
1.0,5,1,13,10
1.0,5,1,14,10
1.0,5,1,15,10
1.0,5,2,0,10
1.0,5,2,1,10
1.0,5,2,2,10
1.0,5,2,3,10
1.0,5,2,4,10
1.0,5,2,5,10
1.0,5,2,6,10
1.0,5,2,7,10
1.0,5,2,8,10
1.0,5,2,9,10
1.0,5,2,10,10
1.0,5,2,11,10
1.0,5,2,12,10
1.0,5,2,13,10
1.0,5,2,14,10
1.0,5,2,15,10
1.0,5,3,0,10
1.0,5,3,1,10
1.0,5,3,2,10
1.0,5,3,3,10
1.0,5,3,4,10
1.0,5,3,5,10
1.0,5,3,6,10
1.0,5,3,7,10
1.0,5,3,8,10
1.0,5,3,9,10
1.0,5,3,10,10
1.0,5,3,11,10
1.0,5,3,12,10
1.0,5,3,13,10
1.0,5,3,14,10
1.0,5,3,15,10
1.0,5,4,0,10
1.0,5,4,1,10
1.0,5,4,2,10
1.0,5,4,3,10
1.0,5,4,4,10
1.0,5,4,5,10
1.0,5,4,6,10
1.0,5,4,7,10
1.0,5,4,8,10
1.0,5,4,9,10
1.0,5,4,10,10
1.0,5,4,11,10
1.0,5,4,12,10
1.0,5,4,13,10
1.0,5,4,14,10
1.0,5,4,15,10
1.0,5,5,0,10
1.0,5,5,1,10
1.0,5,5,2,10
1.0,5,5,3,10
1.0,5,5,4,10
1.0,5,5,5,10
1.0,5,5,6,10
1.0,5,5,7,10
1.0,5,5,8,10
1.0,5,5,9,10
1.0,5,5,10,10
1.0,5,5,11,10
1.0,5,5,12,10
1.0,5,5,13,10
1.0,5,5,14,10
1.0,5,5,15,10
1.0,5,6,0,10
1.0,5,6,1,10
1.0,5,6,2,10
1.0,5,6,3,10
1.0,5,6,4,10
1.0,5,6,5,10
1.0,5,6,6,10
1.0,5,6,7,10
1.0,5,6,8,10
1.0,5,6,9,10
1.0,5,6,10,10
1.0,5,6,11,10
1.0,5,6,12,10
1.0,5,6,13,10
1.0,5,6,14,10
1.0,5,6,15,10
1.0,5,7,0,10
1.0,5,7,1,10
1.0,5,7,2,10
1.0,5,7,3,10
1.0,5,7,4,10
1.0,5,7,5,10
1.0,5,7,6,10
1.0,5,7,7,10
1.0,5,7,8,10
1.0,5,7,9,10
1.0,5,7,10,10
1.0,5,7,11,10
1.0,5,7,12,10
1.0,5,7,13,10
1.0,5,7,14,10
1.0,5,7,15,10
1.0,5,8,0,10
1.0,5,8,1,10
1.0,5,8,2,10
1.0,5,8,3,10
1.0,5,8,4,10
1.0,5,8,5,10
1.0,5,8,6,10
1.0,5,8,7,10
1.0,5,8,8,10
1.0,5,8,9,10
1.0,5,8,10,10
1.0,5,8,11,10
1.0,5,8,12,10
1.0,5,8,13,10
1.0,5,8,14,10
1.0,5,8,15,10
1.0,5,9,0,10
1.0,5,9,1,10
1.0,5,9,2,10
1.0,5,9,3,10
1.0,5,9,4,10
1.0,5,9,5,10
1.0,5,9,6,10
1.0,5,9,7,10
1.0,5,9,8,10
1.0,5,9,9,10
1.0,5,9,10,10
1.0,5,9,11,10
1.0,5,9,12,10
1.0,5,9,13,10
1.0,5,9,14,10
1.0,5,9,15,10
1.0,5,10,0,10
1.0,5,10,1,10
1.0,5,10,2,10
1.0,5,10,3,10
1.0,5,10,4,10
1.0,5,10,5,10
1.0,5,10,6,10
1.0,5,10,7,10
1.0,5,10,8,10
1.0,5,10,9,10
1.0,5,10,10,10
1.0,5,10,11,10
1.0,5,10,12,10
1.0,5,10,13,10
1.0,5,10,14,10
1.0,5,10,15,10
1.0,5,11,0,10
1.0,5,11,1,10
1.0,5,11,2,10
1.0,5,11,3,10
1.0,5,11,4,10
1.0,5,11,5,10
1.0,5,11,6,10
1.0,5,11,7,10
1.0,5,11,8,10
1.0,5,11,9,10
1.0,5,11,10,10
1.0,5,11,11,10
1.0,5,11,12,10
1.0,5,11,13,10
1.0,5,11,14,10
1.0,5,11,15,10
1.0,5,12,0,10
1.0,5,12,1,10
1.0,5,12,2,10
1.0,5,12,3,10
1.0,5,12,4,10
1.0,5,12,5,10
1.0,5,12,6,10
1.0,5,12,7,10
1.0,5,12,8,10
1.0,5,12,9,10
1.0,5,12,10,10
1.0,5,12,11,10
1.0,5,12,12,10
1.0,5,12,13,10
1.0,5,12,14,10
1.0,5,12,15,10
1.0,5,13,0,10
1.0,5,13,1,10
1.0,5,13,2,10
1.0,5,13,3,10
1.0,5,13,4,10
1.0,5,13,5,10
1.0,5,13,6,10
1.0,5,13,7,10
1.0,5,13,8,10
1.0,5,13,9,10
1.0,5,13,10,10
1.0,5,13,11,10
1.0,5,13,12,10
1.0,5,13,13,10
1.0,5,13,14,10
1.0,5,13,15,10
1.0,5,14,0,10
1.0,5,14,1,10
1.0,5,14,2,10
1.0,5,14,3,10
1.0,5,14,4,10
1.0,5,14,5,10
1.0,5,14,6,10
1.0,5,14,7,10
1.0,5,14,8,10
1.0,5,14,9,10
1.0,5,14,10,10
1.0,5,14,11,10
1.0,5,14,12,10
1.0,5,14,13,10
1.0,5,14,14,10
1.0,5,14,15,10
1.0,5,15,0,10
1.0,5,15,1,10
1.0,5,15,2,10
1.0,5,15,3,10
1.0,5,15,4,10
1.0,5,15,5,10
1.0,5,15,6,10
1.0,5,15,7,10
1.0,5,15,8,10
1.0,5,15,9,10
1.0,5,15,10,10
1.0,5,15,11,10
1.0,5,15,12,10
1.0,5,15,13,10
1.0,5,15,14,10
1.0,5,15,15,10
1.0,6,0,0,10
1.0,6,0,1,10
1.0,6,0,2,10
1.0,6,0,3,10
1.0,6,0,4,10
1.0,6,0,5,10
1.0,6,0,6,10
1.0,6,0,7,10
1.0,6,0,8,10
1.0,6,0,9,10
1.0,6,0,10,10
1.0,6,0,11,10
1.0,6,0,12,10
1.0,6,0,13,10
1.0,6,0,14,10
1.0,6,0,15,10
1.0,6,1,0,10
1.0,6,1,1,10
1.0,6,1,2,10
1.0,6,1,3,10
1.0,6,1,4,10
1.0,6,1,5,10
1.0,6,1,6,10
1.0,6,1,7,10
1.0,6,1,8,10
1.0,6,1,9,10
1.0,6,1,10,10
1.0,6,1,11,10
1.0,6,1,12,10
1.0,6,1,13,10
1.0,6,1,14,10
1.0,6,1,15,10
1.0,6,2,0,10
1.0,6,2,1,10
1.0,6,2,2,10
1.0,6,2,3,10
1.0,6,2,4,10
1.0,6,2,5,10
1.0,6,2,6,10
1.0,6,2,7,10
1.0,6,2,8,10
1.0,6,2,9,10
1.0,6,2,10,10
1.0,6,2,11,10
1.0,6,2,12,10
1.0,6,2,13,10
1.0,6,2,14,10
1.0,6,2,15,10
1.0,6,3,0,10
1.0,6,3,1,10
1.0,6,3,2,10
1.0,6,3,3,10
1.0,6,3,4,10
1.0,6,3,5,10
1.0,6,3,6,10
1.0,6,3,7,10
1.0,6,3,8,10
1.0,6,3,9,10
1.0,6,3,10,10
1.0,6,3,11,10
1.0,6,3,12,10
1.0,6,3,13,10
1.0,6,3,14,10
1.0,6,3,15,10
1.0,6,4,0,10
1.0,6,4,1,10
1.0,6,4,2,10
1.0,6,4,3,10
1.0,6,4,4,10
1.0,6,4,5,10
1.0,6,4,6,10
1.0,6,4,7,10
1.0,6,4,8,10
1.0,6,4,9,10
1.0,6,4,10,10
1.0,6,4,11,10
1.0,6,4,12,10
1.0,6,4,13,10
1.0,6,4,14,10
1.0,6,4,15,10
1.0,6,5,0,10
1.0,6,5,1,10
1.0,6,5,2,10
1.0,6,5,3,10
1.0,6,5,4,10
1.0,6,5,5,10
1.0,6,5,6,10
1.0,6,5,7,10
1.0,6,5,8,10
1.0,6,5,9,10
1.0,6,5,10,10
1.0,6,5,11,10
1.0,6,5,12,10
1.0,6,5,13,10
1.0,6,5,14,10
1.0,6,5,15,10
1.0,6,6,0,10
1.0,6,6,1,10
1.0,6,6,2,10
1.0,6,6,3,10
1.0,6,6,4,10
1.0,6,6,5,10
1.0,6,6,6,10
1.0,6,6,7,10
1.0,6,6,8,10
1.0,6,6,9,10
1.0,6,6,10,10
1.0,6,6,11,10
1.0,6,6,12,10
1.0,6,6,13,10
1.0,6,6,14,10
1.0,6,6,15,10
1.0,6,7,0,10
1.0,6,7,1,10
1.0,6,7,2,10
1.0,6,7,3,10
1.0,6,7,4,10
1.0,6,7,5,10
1.0,6,7,6,10
1.0,6,7,7,10
1.0,6,7,8,10
1.0,6,7,9,10
1.0,6,7,10,10
1.0,6,7,11,10
1.0,6,7,12,10
1.0,6,7,13,10
1.0,6,7,14,10
1.0,6,7,15,10
1.0,6,8,0,10
1.0,6,8,1,10
1.0,6,8,2,10
1.0,6,8,3,10
1.0,6,8,4,10
1.0,6,8,5,10
1.0,6,8,6,10
1.0,6,8,7,10
1.0,6,8,8,10
1.0,6,8,9,10
1.0,6,8,10,10
1.0,6,8,11,10
1.0,6,8,12,10
1.0,6,8,13,10
1.0,6,8,14,10
1.0,6,8,15,10
1.0,6,9,0,10
1.0,6,9,1,10
1.0,6,9,2,10
1.0,6,9,3,10
1.0,6,9,4,10
1.0,6,9,5,10
1.0,6,9,6,10
1.0,6,9,7,10
1.0,6,9,8,10
1.0,6,9,9,10
1.0,6,9,10,10
1.0,6,9,11,10
1.0,6,9,12,10
1.0,6,9,13,10
1.0,6,9,14,10
1.0,6,9,15,10
1.0,6,10,0,10
1.0,6,10,1,10
1.0,6,10,2,10
1.0,6,10,3,10
1.0,6,10,4,10
1.0,6,10,5,10
1.0,6,10,6,10
1.0,6,10,7,10
1.0,6,10,8,10
1.0,6,10,9,10
1.0,6,10,10,10
1.0,6,10,11,10
1.0,6,10,12,10
1.0,6,10,13,10
1.0,6,10,14,10
1.0,6,10,15,10
1.0,6,11,0,10
1.0,6,11,1,10
1.0,6,11,2,10
1.0,6,11,3,10
1.0,6,11,4,10
1.0,6,11,5,10
1.0,6,11,6,10
1.0,6,11,7,10
1.0,6,11,8,10
1.0,6,11,9,10
1.0,6,11,10,10
1.0,6,11,11,10
1.0,6,11,12,10
1.0,6,11,13,10
1.0,6,11,14,10
1.0,6,11,15,10
1.0,6,12,0,10
1.0,6,12,1,10
1.0,6,12,2,10
1.0,6,12,3,10
1.0,6,12,4,10
1.0,6,12,5,10
1.0,6,12,6,10
1.0,6,12,7,10
1.0,6,12,8,10
1.0,6,12,9,10
1.0,6,12,10,10
1.0,6,12,11,10
1.0,6,12,12,10
1.0,6,12,13,10
1.0,6,12,14,10
1.0,6,12,15,10
1.0,6,13,0,10
1.0,6,13,1,10
1.0,6,13,2,10
1.0,6,13,3,10
1.0,6,13,4,10
1.0,6,13,5,10
1.0,6,13,6,10
1.0,6,13,7,10
1.0,6,13,8,10
1.0,6,13,9,10
1.0,6,13,10,10
1.0,6,13,11,10
1.0,6,13,12,10
1.0,6,13,13,10
1.0,6,13,14,10
1.0,6,13,15,10
1.0,6,14,0,10
1.0,6,14,1,10
1.0,6,14,2,10
1.0,6,14,3,10
1.0,6,14,4,10
1.0,6,14,5,10
1.0,6,14,6,10
1.0,6,14,7,10
1.0,6,14,8,10
1.0,6,14,9,10
1.0,6,14,10,10
1.0,6,14,11,10
1.0,6,14,12,10
1.0,6,14,13,10
1.0,6,14,14,10
1.0,6,14,15,10
1.0,6,15,0,10
1.0,6,15,1,10
1.0,6,15,2,10
1.0,6,15,3,10
1.0,6,15,4,10
1.0,6,15,5,10
1.0,6,15,6,10
1.0,6,15,7,10
1.0,6,15,8,10
1.0,6,15,9,10
1.0,6,15,10,10
1.0,6,15,11,10
1.0,6,15,12,10
1.0,6,15,13,10
1.0,6,15,14,10
1.0,6,15,15,10
1.0,7,0,0,10
1.0,7,0,1,10
1.0,7,0,2,10
1.0,7,0,3,10
1.0,7,0,4,10
1.0,7,0,5,10
1.0,7,0,6,10
1.0,7,0,7,10
1.0,7,0,8,10
1.0,7,0,9,10
1.0,7,0,10,10
1.0,7,0,11,10
1.0,7,0,12,10
1.0,7,0,13,10
1.0,7,0,14,10
1.0,7,0,15,10
1.0,7,1,0,10
1.0,7,1,1,10
1.0,7,1,2,10
1.0,7,1,3,10
1.0,7,1,4,10
1.0,7,1,5,10
1.0,7,1,6,10
1.0,7,1,7,10
1.0,7,1,8,10
1.0,7,1,9,10
1.0,7,1,10,10
1.0,7,1,11,10
1.0,7,1,12,10
1.0,7,1,13,10
1.0,7,1,14,10
1.0,7,1,15,10
1.0,7,2,0,10
1.0,7,2,1,10
1.0,7,2,2,10
1.0,7,2,3,10
1.0,7,2,4,10
1.0,7,2,5,10
1.0,7,2,6,10
1.0,7,2,7,10
1.0,7,2,8,10
1.0,7,2,9,10
1.0,7,2,10,10
1.0,7,2,11,10
1.0,7,2,12,10
1.0,7,2,13,10
1.0,7,2,14,10
1.0,7,2,15,10
1.0,7,3,0,10
1.0,7,3,1,10
1.0,7,3,2,10
1.0,7,3,3,10
1.0,7,3,4,10
1.0,7,3,5,10
1.0,7,3,6,10
1.0,7,3,7,10
1.0,7,3,8,10
1.0,7,3,9,10
1.0,7,3,10,10
1.0,7,3,11,10
1.0,7,3,12,10
1.0,7,3,13,10
1.0,7,3,14,10
1.0,7,3,15,10
1.0,7,4,0,10
1.0,7,4,1,10
1.0,7,4,2,10
1.0,7,4,3,10
1.0,7,4,4,10
1.0,7,4,5,10
1.0,7,4,6,10
1.0,7,4,7,10
1.0,7,4,8,10
1.0,7,4,9,10
1.0,7,4,10,10
1.0,7,4,11,10
1.0,7,4,12,10
1.0,7,4,13,10
1.0,7,4,14,10
1.0,7,4,15,10
1.0,7,5,0,10
1.0,7,5,1,10
1.0,7,5,2,10
1.0,7,5,3,10
1.0,7,5,4,10
1.0,7,5,5,10
1.0,7,5,6,10
1.0,7,5,7,10
1.0,7,5,8,10
1.0,7,5,9,10
1.0,7,5,10,10
1.0,7,5,11,10
1.0,7,5,12,10
1.0,7,5,13,10
1.0,7,5,14,10
1.0,7,5,15,10
1.0,7,6,0,10
1.0,7,6,1,10
1.0,7,6,2,10
1.0,7,6,3,10
1.0,7,6,4,10
1.0,7,6,5,10
1.0,7,6,6,10
1.0,7,6,7,10
1.0,7,6,8,10
1.0,7,6,9,10
1.0,7,6,10,10
1.0,7,6,11,10
1.0,7,6,12,10
1.0,7,6,13,10
1.0,7,6,14,10
1.0,7,6,15,10
1.0,7,7,0,10
1.0,7,7,1,10
1.0,7,7,2,10
1.0,7,7,3,10
1.0,7,7,4,10
1.0,7,7,5,10
1.0,7,7,6,10
1.0,7,7,7,10
1.0,7,7,8,10
1.0,7,7,9,10
1.0,7,7,10,10
1.0,7,7,11,10
1.0,7,7,12,10
1.0,7,7,13,10
1.0,7,7,14,10
1.0,7,7,15,10
1.0,7,8,0,10
1.0,7,8,1,10
1.0,7,8,2,10
1.0,7,8,3,10
1.0,7,8,4,10
1.0,7,8,5,10
1.0,7,8,6,10
1.0,7,8,7,10
1.0,7,8,8,10
1.0,7,8,9,10
1.0,7,8,10,10
1.0,7,8,11,10
1.0,7,8,12,10
1.0,7,8,13,10
1.0,7,8,14,10
1.0,7,8,15,10
1.0,7,9,0,10
1.0,7,9,1,10
1.0,7,9,2,10
1.0,7,9,3,10
1.0,7,9,4,10
1.0,7,9,5,10
1.0,7,9,6,10
1.0,7,9,7,10
1.0,7,9,8,10
1.0,7,9,9,10
1.0,7,9,10,10
1.0,7,9,11,10
1.0,7,9,12,10
1.0,7,9,13,10
1.0,7,9,14,10
1.0,7,9,15,10
1.0,7,10,0,10
1.0,7,10,1,10
1.0,7,10,2,10
1.0,7,10,3,10
1.0,7,10,4,10
1.0,7,10,5,10
1.0,7,10,6,10
1.0,7,10,7,10
1.0,7,10,8,10
1.0,7,10,9,10
1.0,7,10,10,10
1.0,7,10,11,10
1.0,7,10,12,10
1.0,7,10,13,10
1.0,7,10,14,10
1.0,7,10,15,10
1.0,7,11,0,10
1.0,7,11,1,10
1.0,7,11,2,10
1.0,7,11,3,10
1.0,7,11,4,10
1.0,7,11,5,10
1.0,7,11,6,10
1.0,7,11,7,10
1.0,7,11,8,10
1.0,7,11,9,10
1.0,7,11,10,10
1.0,7,11,11,10
1.0,7,11,12,10
1.0,7,11,13,10
1.0,7,11,14,10
1.0,7,11,15,10
1.0,7,12,0,10
1.0,7,12,1,10
1.0,7,12,2,10
1.0,7,12,3,10
1.0,7,12,4,10
1.0,7,12,5,10
1.0,7,12,6,10
1.0,7,12,7,10
1.0,7,12,8,10
1.0,7,12,9,10
1.0,7,12,10,10
1.0,7,12,11,10
1.0,7,12,12,10
1.0,7,12,13,10
1.0,7,12,14,10
1.0,7,12,15,10
1.0,7,13,0,10
1.0,7,13,1,10
1.0,7,13,2,10
1.0,7,13,3,10
1.0,7,13,4,10
1.0,7,13,5,10
1.0,7,13,6,10
1.0,7,13,7,10
1.0,7,13,8,10
1.0,7,13,9,10
1.0,7,13,10,10
1.0,7,13,11,10
1.0,7,13,12,10
1.0,7,13,13,10
1.0,7,13,14,10
1.0,7,13,15,10
1.0,7,14,0,10
1.0,7,14,1,10
1.0,7,14,2,10
1.0,7,14,3,10
1.0,7,14,4,10
1.0,7,14,5,10
1.0,7,14,6,10
1.0,7,14,7,10
1.0,7,14,8,10
1.0,7,14,9,10
1.0,7,14,10,10
1.0,7,14,11,10
1.0,7,14,12,10
1.0,7,14,13,10
1.0,7,14,14,10
1.0,7,14,15,10
1.0,7,15,0,10
1.0,7,15,1,10
1.0,7,15,2,10
1.0,7,15,3,10
1.0,7,15,4,10
1.0,7,15,5,10
1.0,7,15,6,10
1.0,7,15,7,10
1.0,7,15,8,10
1.0,7,15,9,10
1.0,7,15,10,10
1.0,7,15,11,10
1.0,7,15,12,10
1.0,7,15,13,10
1.0,7,15,14,10
1.0,7,15,15,10
1.0,8,0,0,10
1.0,8,0,1,10
1.0,8,0,2,10
1.0,8,0,3,10
1.0,8,0,4,10
1.0,8,0,5,10
1.0,8,0,6,10
1.0,8,0,7,10
1.0,8,0,8,10
1.0,8,0,9,10
1.0,8,0,10,10
1.0,8,0,11,10
1.0,8,0,12,10
1.0,8,0,13,10
1.0,8,0,14,10
1.0,8,0,15,10
1.0,8,1,0,10
1.0,8,1,1,10
1.0,8,1,2,10
1.0,8,1,3,10
1.0,8,1,4,10
1.0,8,1,5,10
1.0,8,1,6,10
1.0,8,1,7,10
1.0,8,1,8,10
1.0,8,1,9,10
1.0,8,1,10,10
1.0,8,1,11,10
1.0,8,1,12,10
1.0,8,1,13,10
1.0,8,1,14,10
1.0,8,1,15,10
1.0,8,2,0,10
1.0,8,2,1,10
1.0,8,2,2,10
1.0,8,2,3,10
1.0,8,2,4,10
1.0,8,2,5,10
1.0,8,2,6,10
1.0,8,2,7,10
1.0,8,2,8,10
1.0,8,2,9,10
1.0,8,2,10,10
1.0,8,2,11,10
1.0,8,2,12,10
1.0,8,2,13,10
1.0,8,2,14,10
1.0,8,2,15,10
1.0,8,3,0,10
1.0,8,3,1,10
1.0,8,3,2,10
1.0,8,3,3,10
1.0,8,3,4,10
1.0,8,3,5,10
1.0,8,3,6,10
1.0,8,3,7,10
1.0,8,3,8,10
1.0,8,3,9,10
1.0,8,3,10,10
1.0,8,3,11,10
1.0,8,3,12,10
1.0,8,3,13,10
1.0,8,3,14,10
1.0,8,3,15,10
1.0,8,4,0,10
1.0,8,4,1,10
1.0,8,4,2,10
1.0,8,4,3,10
1.0,8,4,4,10
1.0,8,4,5,10
1.0,8,4,6,10
1.0,8,4,7,10
1.0,8,4,8,10
1.0,8,4,9,10
1.0,8,4,10,10
1.0,8,4,11,10
1.0,8,4,12,10
1.0,8,4,13,10
1.0,8,4,14,10
1.0,8,4,15,10
1.0,8,5,0,10
1.0,8,5,1,10
1.0,8,5,2,10
1.0,8,5,3,10
1.0,8,5,4,10
1.0,8,5,5,10
1.0,8,5,6,10
1.0,8,5,7,10
1.0,8,5,8,10
1.0,8,5,9,10
1.0,8,5,10,10
1.0,8,5,11,10
1.0,8,5,12,10
1.0,8,5,13,10
1.0,8,5,14,10
1.0,8,5,15,10
1.0,8,6,0,10
1.0,8,6,1,10
1.0,8,6,2,10
1.0,8,6,3,10
1.0,8,6,4,10
1.0,8,6,5,10
1.0,8,6,6,10
1.0,8,6,7,10
1.0,8,6,8,10
1.0,8,6,9,10
1.0,8,6,10,10
1.0,8,6,11,10
1.0,8,6,12,10
1.0,8,6,13,10
1.0,8,6,14,10
1.0,8,6,15,10
1.0,8,7,0,10
1.0,8,7,1,10
1.0,8,7,2,10
1.0,8,7,3,10
1.0,8,7,4,10
1.0,8,7,5,10
1.0,8,7,6,10
1.0,8,7,7,10
1.0,8,7,8,10
1.0,8,7,9,10
1.0,8,7,10,10
1.0,8,7,11,10
1.0,8,7,12,10
1.0,8,7,13,10
1.0,8,7,14,10
1.0,8,7,15,10
1.0,8,8,0,10
1.0,8,8,1,10
1.0,8,8,2,10
1.0,8,8,3,10
1.0,8,8,4,10
1.0,8,8,5,10
1.0,8,8,6,10
1.0,8,8,7,10
1.0,8,8,8,10
1.0,8,8,9,10
1.0,8,8,10,10
1.0,8,8,11,10
1.0,8,8,12,10
1.0,8,8,13,10
1.0,8,8,14,10
1.0,8,8,15,10
1.0,8,9,0,10
1.0,8,9,1,10
1.0,8,9,2,10
1.0,8,9,3,10
1.0,8,9,4,10
1.0,8,9,5,10
1.0,8,9,6,10
1.0,8,9,7,10
1.0,8,9,8,10
1.0,8,9,9,10
1.0,8,9,10,10
1.0,8,9,11,10
1.0,8,9,12,10
1.0,8,9,13,10
1.0,8,9,14,10
1.0,8,9,15,10
1.0,8,10,0,10
1.0,8,10,1,10
1.0,8,10,2,10
1.0,8,10,3,10
1.0,8,10,4,10
1.0,8,10,5,10
1.0,8,10,6,10
1.0,8,10,7,10
1.0,8,10,8,10
1.0,8,10,9,10
1.0,8,10,10,10
1.0,8,10,11,10
1.0,8,10,12,10
1.0,8,10,13,10
1.0,8,10,14,10
1.0,8,10,15,10
1.0,8,11,0,10
1.0,8,11,1,10
1.0,8,11,2,10
1.0,8,11,3,10
1.0,8,11,4,10
1.0,8,11,5,10
1.0,8,11,6,10
1.0,8,11,7,10
1.0,8,11,8,10
1.0,8,11,9,10
1.0,8,11,10,10
1.0,8,11,11,10
1.0,8,11,12,10
1.0,8,11,13,10
1.0,8,11,14,10
1.0,8,11,15,10
1.0,8,12,0,10
1.0,8,12,1,10
1.0,8,12,2,10
1.0,8,12,3,10
1.0,8,12,4,10
1.0,8,12,5,10
1.0,8,12,6,10
1.0,8,12,7,10
1.0,8,12,8,10
1.0,8,12,9,10
1.0,8,12,10,10
1.0,8,12,11,10
1.0,8,12,12,10
1.0,8,12,13,10
1.0,8,12,14,10
1.0,8,12,15,10
1.0,8,13,0,10
1.0,8,13,1,10
1.0,8,13,2,10
1.0,8,13,3,10
1.0,8,13,4,10
1.0,8,13,5,10
1.0,8,13,6,10
1.0,8,13,7,10
1.0,8,13,8,10
1.0,8,13,9,10
1.0,8,13,10,10
1.0,8,13,11,10
1.0,8,13,12,10
1.0,8,13,13,10
1.0,8,13,14,10
1.0,8,13,15,10
1.0,8,14,0,10
1.0,8,14,1,10
1.0,8,14,2,10
1.0,8,14,3,10
1.0,8,14,4,10
1.0,8,14,5,10
1.0,8,14,6,10
1.0,8,14,7,10
1.0,8,14,8,10
1.0,8,14,9,10
1.0,8,14,10,10
1.0,8,14,11,10
1.0,8,14,12,10
1.0,8,14,13,10
1.0,8,14,14,10
1.0,8,14,15,10
1.0,8,15,0,10
1.0,8,15,1,10
1.0,8,15,2,10
1.0,8,15,3,10
1.0,8,15,4,10
1.0,8,15,5,10
1.0,8,15,6,10
1.0,8,15,7,10
1.0,8,15,8,10
1.0,8,15,9,10
1.0,8,15,10,10
1.0,8,15,11,10
1.0,8,15,12,10
1.0,8,15,13,10
1.0,8,15,14,10
1.0,8,15,15,10
1.0,9,0,0,10
1.0,9,0,1,10
1.0,9,0,2,10
1.0,9,0,3,10
1.0,9,0,4,10
1.0,9,0,5,10
1.0,9,0,6,10
1.0,9,0,7,10
1.0,9,0,8,10
1.0,9,0,9,10
1.0,9,0,10,10
1.0,9,0,11,10
1.0,9,0,12,10
1.0,9,0,13,10
1.0,9,0,14,10
1.0,9,0,15,10
1.0,9,1,0,10
1.0,9,1,1,10
1.0,9,1,2,10
1.0,9,1,3,10
1.0,9,1,4,10
1.0,9,1,5,10
1.0,9,1,6,10
1.0,9,1,7,10
1.0,9,1,8,10
1.0,9,1,9,10
1.0,9,1,10,10
1.0,9,1,11,10
1.0,9,1,12,10
1.0,9,1,13,10
1.0,9,1,14,10
1.0,9,1,15,10
1.0,9,2,0,10
1.0,9,2,1,10
1.0,9,2,2,10
1.0,9,2,3,10
1.0,9,2,4,10
1.0,9,2,5,10
1.0,9,2,6,10
1.0,9,2,7,10
1.0,9,2,8,10
1.0,9,2,9,10
1.0,9,2,10,10
1.0,9,2,11,10
1.0,9,2,12,10
1.0,9,2,13,10
1.0,9,2,14,10
1.0,9,2,15,10
1.0,9,3,0,10
1.0,9,3,1,10
1.0,9,3,2,10
1.0,9,3,3,10
1.0,9,3,4,10
1.0,9,3,5,10
1.0,9,3,6,10
1.0,9,3,7,10
1.0,9,3,8,10
1.0,9,3,9,10
1.0,9,3,10,10
1.0,9,3,11,10
1.0,9,3,12,10
1.0,9,3,13,10
1.0,9,3,14,10
1.0,9,3,15,10
1.0,9,4,0,10
1.0,9,4,1,10
1.0,9,4,2,10
1.0,9,4,3,10
1.0,9,4,4,10
1.0,9,4,5,10
1.0,9,4,6,10
1.0,9,4,7,10
1.0,9,4,8,10
1.0,9,4,9,10
1.0,9,4,10,10
1.0,9,4,11,10
1.0,9,4,12,10
1.0,9,4,13,10
1.0,9,4,14,10
1.0,9,4,15,10
1.0,9,5,0,10
1.0,9,5,1,10
1.0,9,5,2,10
1.0,9,5,3,10
1.0,9,5,4,10
1.0,9,5,5,10
1.0,9,5,6,10
1.0,9,5,7,10
1.0,9,5,8,10
1.0,9,5,9,10
1.0,9,5,10,10
1.0,9,5,11,10
1.0,9,5,12,10
1.0,9,5,13,10
1.0,9,5,14,10
1.0,9,5,15,10
1.0,9,6,0,10
1.0,9,6,1,10
1.0,9,6,2,10
1.0,9,6,3,10
1.0,9,6,4,10
1.0,9,6,5,10
1.0,9,6,6,10
1.0,9,6,7,10
1.0,9,6,8,10
1.0,9,6,9,10
1.0,9,6,10,10
1.0,9,6,11,10
1.0,9,6,12,10
1.0,9,6,13,10
1.0,9,6,14,10
1.0,9,6,15,10
1.0,9,7,0,10
1.0,9,7,1,10
1.0,9,7,2,10
1.0,9,7,3,10
1.0,9,7,4,10
1.0,9,7,5,10
1.0,9,7,6,10
1.0,9,7,7,10
1.0,9,7,8,10
1.0,9,7,9,10
1.0,9,7,10,10
1.0,9,7,11,10
1.0,9,7,12,10
1.0,9,7,13,10
1.0,9,7,14,10
1.0,9,7,15,10
1.0,9,8,0,10
1.0,9,8,1,10
1.0,9,8,2,10
1.0,9,8,3,10
1.0,9,8,4,10
1.0,9,8,5,10
1.0,9,8,6,10
1.0,9,8,7,10
1.0,9,8,8,10
1.0,9,8,9,10
1.0,9,8,10,10
1.0,9,8,11,10
1.0,9,8,12,10
1.0,9,8,13,10
1.0,9,8,14,10
1.0,9,8,15,10
1.0,9,9,0,10
1.0,9,9,1,10
1.0,9,9,2,10
1.0,9,9,3,10
1.0,9,9,4,10
1.0,9,9,5,10
1.0,9,9,6,10
1.0,9,9,7,10
1.0,9,9,8,10
1.0,9,9,9,10
1.0,9,9,10,10
1.0,9,9,11,10
1.0,9,9,12,10
1.0,9,9,13,10
1.0,9,9,14,10
1.0,9,9,15,10
1.0,9,10,0,10
1.0,9,10,1,10
1.0,9,10,2,10
1.0,9,10,3,10
1.0,9,10,4,10
1.0,9,10,5,10
1.0,9,10,6,10
1.0,9,10,7,10
1.0,9,10,8,10
1.0,9,10,9,10
1.0,9,10,10,10
1.0,9,10,11,10
1.0,9,10,12,10
1.0,9,10,13,10
1.0,9,10,14,10
1.0,9,10,15,10
1.0,9,11,0,10
1.0,9,11,1,10
1.0,9,11,2,10
1.0,9,11,3,10
1.0,9,11,4,10
1.0,9,11,5,10
1.0,9,11,6,10
1.0,9,11,7,10
1.0,9,11,8,10
1.0,9,11,9,10
1.0,9,11,10,10
1.0,9,11,11,10
1.0,9,11,12,10
1.0,9,11,13,10
1.0,9,11,14,10
1.0,9,11,15,10
1.0,9,12,0,10
1.0,9,12,1,10
1.0,9,12,2,10
1.0,9,12,3,10
1.0,9,12,4,10
1.0,9,12,5,10
1.0,9,12,6,10
1.0,9,12,7,10
1.0,9,12,8,10
1.0,9,12,9,10
1.0,9,12,10,10
1.0,9,12,11,10
1.0,9,12,12,10
1.0,9,12,13,10
1.0,9,12,14,10
1.0,9,12,15,10
1.0,9,13,0,10
1.0,9,13,1,10
1.0,9,13,2,10
1.0,9,13,3,10
1.0,9,13,4,10
1.0,9,13,5,10
1.0,9,13,6,10
1.0,9,13,7,10
1.0,9,13,8,10
1.0,9,13,9,10
1.0,9,13,10,10
1.0,9,13,11,10
1.0,9,13,12,10
1.0,9,13,13,10
1.0,9,13,14,10
1.0,9,13,15,10
1.0,9,14,0,10
1.0,9,14,1,10
1.0,9,14,2,10
1.0,9,14,3,10
1.0,9,14,4,10
1.0,9,14,5,10
1.0,9,14,6,10
1.0,9,14,7,10
1.0,9,14,8,10
1.0,9,14,9,10
1.0,9,14,10,10
1.0,9,14,11,10
1.0,9,14,12,10
1.0,9,14,13,10
1.0,9,14,14,10
1.0,9,14,15,10
1.0,9,15,0,10
1.0,9,15,1,10
1.0,9,15,2,10
1.0,9,15,3,10
1.0,9,15,4,10
1.0,9,15,5,10
1.0,9,15,6,10
1.0,9,15,7,10
1.0,9,15,8,10
1.0,9,15,9,10
1.0,9,15,10,10
1.0,9,15,11,10
1.0,9,15,12,10
1.0,9,15,13,10
1.0,9,15,14,10
1.0,9,15,15,10
1.0,10,0,0,10
1.0,10,0,1,10
1.0,10,0,2,10
1.0,10,0,3,10
1.0,10,0,4,10
1.0,10,0,5,10
1.0,10,0,6,10
1.0,10,0,7,10
1.0,10,0,8,10
1.0,10,0,9,10
1.0,10,0,10,10
1.0,10,0,11,10
1.0,10,0,12,10
1.0,10,0,13,10
1.0,10,0,14,10
1.0,10,0,15,10
1.0,10,1,0,10
1.0,10,1,1,10
1.0,10,1,2,10
1.0,10,1,3,10
1.0,10,1,4,10
1.0,10,1,5,10
1.0,10,1,6,10
1.0,10,1,7,10
1.0,10,1,8,10
1.0,10,1,9,10
1.0,10,1,10,10
1.0,10,1,11,10
1.0,10,1,12,10
1.0,10,1,13,10
1.0,10,1,14,10
1.0,10,1,15,10
1.0,10,2,0,10
1.0,10,2,1,10
1.0,10,2,2,10
1.0,10,2,3,10
1.0,10,2,4,10
1.0,10,2,5,10
1.0,10,2,6,10
1.0,10,2,7,10
1.0,10,2,8,10
1.0,10,2,9,10
1.0,10,2,10,10
1.0,10,2,11,10
1.0,10,2,12,10
1.0,10,2,13,10
1.0,10,2,14,10
1.0,10,2,15,10
1.0,10,3,0,10
1.0,10,3,1,10
1.0,10,3,2,10
1.0,10,3,3,10
1.0,10,3,4,10
1.0,10,3,5,10
1.0,10,3,6,10
1.0,10,3,7,10
1.0,10,3,8,10
1.0,10,3,9,10
1.0,10,3,10,10
1.0,10,3,11,10
1.0,10,3,12,10
1.0,10,3,13,10
1.0,10,3,14,10
1.0,10,3,15,10
1.0,10,4,0,10
1.0,10,4,1,10
1.0,10,4,2,10
1.0,10,4,3,10
1.0,10,4,4,10
1.0,10,4,5,10
1.0,10,4,6,10
1.0,10,4,7,10
1.0,10,4,8,10
1.0,10,4,9,10
1.0,10,4,10,10
1.0,10,4,11,10
1.0,10,4,12,10
1.0,10,4,13,10
1.0,10,4,14,10
1.0,10,4,15,10
1.0,10,5,0,10
1.0,10,5,1,10
1.0,10,5,2,10
1.0,10,5,3,10
1.0,10,5,4,10
1.0,10,5,5,10
1.0,10,5,6,10
1.0,10,5,7,10
1.0,10,5,8,10
1.0,10,5,9,10
1.0,10,5,10,10
1.0,10,5,11,10
1.0,10,5,12,10
1.0,10,5,13,10
1.0,10,5,14,10
1.0,10,5,15,10
1.0,10,6,0,10
1.0,10,6,1,10
1.0,10,6,2,10
1.0,10,6,3,10
1.0,10,6,4,10
1.0,10,6,5,10
1.0,10,6,6,10
1.0,10,6,7,10
1.0,10,6,8,10
1.0,10,6,9,10
1.0,10,6,10,10
1.0,10,6,11,10
1.0,10,6,12,10
1.0,10,6,13,10
1.0,10,6,14,10
1.0,10,6,15,10
1.0,10,7,0,10
1.0,10,7,1,10
1.0,10,7,2,10
1.0,10,7,3,10
1.0,10,7,4,10
1.0,10,7,5,10
1.0,10,7,6,10
1.0,10,7,7,10
1.0,10,7,8,10
1.0,10,7,9,10
1.0,10,7,10,10
1.0,10,7,11,10
1.0,10,7,12,10
1.0,10,7,13,10
1.0,10,7,14,10
1.0,10,7,15,10
1.0,10,8,0,10
1.0,10,8,1,10
1.0,10,8,2,10
1.0,10,8,3,10
1.0,10,8,4,10
1.0,10,8,5,10
1.0,10,8,6,10
1.0,10,8,7,10
1.0,10,8,8,10
1.0,10,8,9,10
1.0,10,8,10,10
1.0,10,8,11,10
1.0,10,8,12,10
1.0,10,8,13,10
1.0,10,8,14,10
1.0,10,8,15,10
1.0,10,9,0,10
1.0,10,9,1,10
1.0,10,9,2,10
1.0,10,9,3,10
1.0,10,9,4,10
1.0,10,9,5,10
1.0,10,9,6,10
1.0,10,9,7,10
1.0,10,9,8,10
1.0,10,9,9,10
1.0,10,9,10,10
1.0,10,9,11,10
1.0,10,9,12,10
1.0,10,9,13,10
1.0,10,9,14,10
1.0,10,9,15,10
1.0,10,10,0,10
1.0,10,10,1,10
1.0,10,10,2,10
1.0,10,10,3,10
1.0,10,10,4,10
1.0,10,10,5,10
1.0,10,10,6,10
1.0,10,10,7,10
1.0,10,10,8,10
1.0,10,10,9,10
1.0,10,10,10,10
1.0,10,10,11,10
1.0,10,10,12,10
1.0,10,10,13,10
1.0,10,10,14,10
1.0,10,10,15,10
1.0,10,11,0,10
1.0,10,11,1,10
1.0,10,11,2,10
1.0,10,11,3,10
1.0,10,11,4,10
1.0,10,11,5,10
1.0,10,11,6,10
1.0,10,11,7,10
1.0,10,11,8,10
1.0,10,11,9,10
1.0,10,11,10,10
1.0,10,11,11,10
1.0,10,11,12,10
1.0,10,11,13,10
1.0,10,11,14,10
1.0,10,11,15,10
1.0,10,12,0,10
1.0,10,12,1,10
1.0,10,12,2,10
1.0,10,12,3,10
1.0,10,12,4,10
1.0,10,12,5,10
1.0,10,12,6,10
1.0,10,12,7,10
1.0,10,12,8,10
1.0,10,12,9,10
1.0,10,12,10,10
1.0,10,12,11,10
1.0,10,12,12,10
1.0,10,12,13,10
1.0,10,12,14,10
1.0,10,12,15,10
1.0,10,13,0,10
1.0,10,13,1,10
1.0,10,13,2,10
1.0,10,13,3,10
1.0,10,13,4,10
1.0,10,13,5,10
1.0,10,13,6,10
1.0,10,13,7,10
1.0,10,13,8,10
1.0,10,13,9,10
1.0,10,13,10,10
1.0,10,13,11,10
1.0,10,13,12,10
1.0,10,13,13,10
1.0,10,13,14,10
1.0,10,13,15,10
1.0,10,14,0,10
1.0,10,14,1,10
1.0,10,14,2,10
1.0,10,14,3,10
1.0,10,14,4,10
1.0,10,14,5,10
1.0,10,14,6,10
1.0,10,14,7,10
1.0,10,14,8,10
1.0,10,14,9,10
1.0,10,14,10,10
1.0,10,14,11,10
1.0,10,14,12,10
1.0,10,14,13,10
1.0,10,14,14,10
1.0,10,14,15,10
1.0,10,15,0,10
1.0,10,15,1,10
1.0,10,15,2,10
1.0,10,15,3,10
1.0,10,15,4,10
1.0,10,15,5,10
1.0,10,15,6,10
1.0,10,15,7,10
1.0,10,15,8,10
1.0,10,15,9,10
1.0,10,15,10,10
1.0,10,15,11,10
1.0,10,15,12,10
1.0,10,15,13,10
1.0,10,15,14,10
1.0,10,15,15,10
1.0,11,0,0,10
1.0,11,0,1,10
1.0,11,0,2,10
1.0,11,0,3,10
1.0,11,0,4,10
1.0,11,0,5,10
1.0,11,0,6,10
1.0,11,0,7,10
1.0,11,0,8,10
1.0,11,0,9,10
1.0,11,0,10,10
1.0,11,0,11,10
1.0,11,0,12,10
1.0,11,0,13,10
1.0,11,0,14,10
1.0,11,0,15,10
1.0,11,1,0,10
1.0,11,1,1,10
1.0,11,1,2,10
1.0,11,1,3,10
1.0,11,1,4,10
1.0,11,1,5,10
1.0,11,1,6,10
1.0,11,1,7,10
1.0,11,1,8,10
1.0,11,1,9,10
1.0,11,1,10,10
1.0,11,1,11,10
1.0,11,1,12,10
1.0,11,1,13,10
1.0,11,1,14,10
1.0,11,1,15,10
1.0,11,2,0,10
1.0,11,2,1,10
1.0,11,2,2,10
1.0,11,2,3,10
1.0,11,2,4,10
1.0,11,2,5,10
1.0,11,2,6,10
1.0,11,2,7,10
1.0,11,2,8,10
1.0,11,2,9,10
1.0,11,2,10,10
1.0,11,2,11,10
1.0,11,2,12,10
1.0,11,2,13,10
1.0,11,2,14,10
1.0,11,2,15,10
1.0,11,3,0,10
1.0,11,3,1,10
1.0,11,3,2,10
1.0,11,3,3,10
1.0,11,3,4,10
1.0,11,3,5,10
1.0,11,3,6,10
1.0,11,3,7,10
1.0,11,3,8,10
1.0,11,3,9,10
1.0,11,3,10,10
1.0,11,3,11,10
1.0,11,3,12,10
1.0,11,3,13,10
1.0,11,3,14,10
1.0,11,3,15,10
1.0,11,4,0,10
1.0,11,4,1,10
1.0,11,4,2,10
1.0,11,4,3,10
1.0,11,4,4,10
1.0,11,4,5,10
1.0,11,4,6,10
1.0,11,4,7,10
1.0,11,4,8,10
1.0,11,4,9,10
1.0,11,4,10,10
1.0,11,4,11,10
1.0,11,4,12,10
1.0,11,4,13,10
1.0,11,4,14,10
1.0,11,4,15,10
1.0,11,5,0,10
1.0,11,5,1,10
1.0,11,5,2,10
1.0,11,5,3,10
1.0,11,5,4,10
1.0,11,5,5,10
1.0,11,5,6,10
1.0,11,5,7,10
1.0,11,5,8,10
1.0,11,5,9,10
1.0,11,5,10,10
1.0,11,5,11,10
1.0,11,5,12,10
1.0,11,5,13,10
1.0,11,5,14,10
1.0,11,5,15,10
1.0,11,6,0,10
1.0,11,6,1,10
1.0,11,6,2,10
1.0,11,6,3,10
1.0,11,6,4,10
1.0,11,6,5,10
1.0,11,6,6,10
1.0,11,6,7,10
1.0,11,6,8,10
1.0,11,6,9,10
1.0,11,6,10,10
1.0,11,6,11,10
1.0,11,6,12,10
1.0,11,6,13,10
1.0,11,6,14,10
1.0,11,6,15,10
1.0,11,7,0,10
1.0,11,7,1,10
1.0,11,7,2,10
1.0,11,7,3,10
1.0,11,7,4,10
1.0,11,7,5,10
1.0,11,7,6,10
1.0,11,7,7,10
1.0,11,7,8,10
1.0,11,7,9,10
1.0,11,7,10,10
1.0,11,7,11,10
1.0,11,7,12,10
1.0,11,7,13,10
1.0,11,7,14,10
1.0,11,7,15,10
1.0,11,8,0,10
1.0,11,8,1,10
1.0,11,8,2,10
1.0,11,8,3,10
1.0,11,8,4,10
1.0,11,8,5,10
1.0,11,8,6,10
1.0,11,8,7,10
1.0,11,8,8,10
1.0,11,8,9,10
1.0,11,8,10,10
1.0,11,8,11,10
1.0,11,8,12,10
1.0,11,8,13,10
1.0,11,8,14,10
1.0,11,8,15,10
1.0,11,9,0,10
1.0,11,9,1,10
1.0,11,9,2,10
1.0,11,9,3,10
1.0,11,9,4,10
1.0,11,9,5,10
1.0,11,9,6,10
1.0,11,9,7,10
1.0,11,9,8,10
1.0,11,9,9,10
1.0,11,9,10,10
1.0,11,9,11,10
1.0,11,9,12,10
1.0,11,9,13,10
1.0,11,9,14,10
1.0,11,9,15,10
1.0,11,10,0,10
1.0,11,10,1,10
1.0,11,10,2,10
1.0,11,10,3,10
1.0,11,10,4,10
1.0,11,10,5,10
1.0,11,10,6,10
1.0,11,10,7,10
1.0,11,10,8,10
1.0,11,10,9,10
1.0,11,10,10,10
1.0,11,10,11,10
1.0,11,10,12,10
1.0,11,10,13,10
1.0,11,10,14,10
1.0,11,10,15,10
1.0,11,11,0,10
1.0,11,11,1,10
1.0,11,11,2,10
1.0,11,11,3,10
1.0,11,11,4,10
1.0,11,11,5,10
1.0,11,11,6,10
1.0,11,11,7,10
1.0,11,11,8,10
1.0,11,11,9,10
1.0,11,11,10,10
1.0,11,11,11,10
1.0,11,11,12,10
1.0,11,11,13,10
1.0,11,11,14,10
1.0,11,11,15,10
1.0,11,12,0,10
1.0,11,12,1,10
1.0,11,12,2,10
1.0,11,12,3,10
1.0,11,12,4,10
1.0,11,12,5,10
1.0,11,12,6,10
1.0,11,12,7,10
1.0,11,12,8,10
1.0,11,12,9,10
1.0,11,12,10,10
1.0,11,12,11,10
1.0,11,12,12,10
1.0,11,12,13,10
1.0,11,12,14,10
1.0,11,12,15,10
1.0,11,13,0,10
1.0,11,13,1,10
1.0,11,13,2,10
1.0,11,13,3,10
1.0,11,13,4,10
1.0,11,13,5,10
1.0,11,13,6,10
1.0,11,13,7,10
1.0,11,13,8,10
1.0,11,13,9,10
1.0,11,13,10,10
1.0,11,13,11,10
1.0,11,13,12,10
1.0,11,13,13,10
1.0,11,13,14,10
1.0,11,13,15,10
1.0,11,14,0,10
1.0,11,14,1,10
1.0,11,14,2,10
1.0,11,14,3,10
1.0,11,14,4,10
1.0,11,14,5,10
1.0,11,14,6,10
1.0,11,14,7,10
1.0,11,14,8,10
1.0,11,14,9,10
1.0,11,14,10,10
1.0,11,14,11,10
1.0,11,14,12,10
1.0,11,14,13,10
1.0,11,14,14,10
1.0,11,14,15,10
1.0,11,15,0,10
1.0,11,15,1,10
1.0,11,15,2,10
1.0,11,15,3,10
1.0,11,15,4,10
1.0,11,15,5,10
1.0,11,15,6,10
1.0,11,15,7,10
1.0,11,15,8,10
1.0,11,15,9,10
1.0,11,15,10,10
1.0,11,15,11,10
1.0,11,15,12,10
1.0,11,15,13,10
1.0,11,15,14,10
1.0,11,15,15,10
1.0,12,0,0,10
1.0,12,0,1,10
1.0,12,0,2,10
1.0,12,0,3,10
1.0,12,0,4,10
1.0,12,0,5,10
1.0,12,0,6,10
1.0,12,0,7,10
1.0,12,0,8,10
1.0,12,0,9,10
1.0,12,0,10,10
1.0,12,0,11,10
1.0,12,0,12,10
1.0,12,0,13,10
1.0,12,0,14,10
1.0,12,0,15,10
1.0,12,1,0,10
1.0,12,1,1,10
1.0,12,1,2,10
1.0,12,1,3,10
1.0,12,1,4,10
1.0,12,1,5,10
1.0,12,1,6,10
1.0,12,1,7,10
1.0,12,1,8,10
1.0,12,1,9,10
1.0,12,1,10,10
1.0,12,1,11,10
1.0,12,1,12,10
1.0,12,1,13,10
1.0,12,1,14,10
1.0,12,1,15,10
1.0,12,2,0,10
1.0,12,2,1,10
1.0,12,2,2,10
1.0,12,2,3,10
1.0,12,2,4,10
1.0,12,2,5,10
1.0,12,2,6,10
1.0,12,2,7,10
1.0,12,2,8,10
1.0,12,2,9,10
1.0,12,2,10,10
1.0,12,2,11,10
1.0,12,2,12,10
1.0,12,2,13,10
1.0,12,2,14,10
1.0,12,2,15,10
1.0,12,3,0,10
1.0,12,3,1,10
1.0,12,3,2,10
1.0,12,3,3,10
1.0,12,3,4,10
1.0,12,3,5,10
1.0,12,3,6,10
1.0,12,3,7,10
1.0,12,3,8,10
1.0,12,3,9,10
1.0,12,3,10,10
1.0,12,3,11,10
1.0,12,3,12,10
1.0,12,3,13,10
1.0,12,3,14,10
1.0,12,3,15,10
1.0,12,4,0,10
1.0,12,4,1,10
1.0,12,4,2,10
1.0,12,4,3,10
1.0,12,4,4,10
1.0,12,4,5,10
1.0,12,4,6,10
1.0,12,4,7,10
1.0,12,4,8,10
1.0,12,4,9,10
1.0,12,4,10,10
1.0,12,4,11,10
1.0,12,4,12,10
1.0,12,4,13,10
1.0,12,4,14,10
1.0,12,4,15,10
1.0,12,5,0,10
1.0,12,5,1,10
1.0,12,5,2,10
1.0,12,5,3,10
1.0,12,5,4,10
1.0,12,5,5,10
1.0,12,5,6,10
1.0,12,5,7,10
1.0,12,5,8,10
1.0,12,5,9,10
1.0,12,5,10,10
1.0,12,5,11,10
1.0,12,5,12,10
1.0,12,5,13,10
1.0,12,5,14,10
1.0,12,5,15,10
1.0,12,6,0,10
1.0,12,6,1,10
1.0,12,6,2,10
1.0,12,6,3,10
1.0,12,6,4,10
1.0,12,6,5,10
1.0,12,6,6,10
1.0,12,6,7,10
1.0,12,6,8,10
1.0,12,6,9,10
1.0,12,6,10,10
1.0,12,6,11,10
1.0,12,6,12,10
1.0,12,6,13,10
1.0,12,6,14,10
1.0,12,6,15,10
1.0,12,7,0,10
1.0,12,7,1,10
1.0,12,7,2,10
1.0,12,7,3,10
1.0,12,7,4,10
1.0,12,7,5,10
1.0,12,7,6,10
1.0,12,7,7,10
1.0,12,7,8,10
1.0,12,7,9,10
1.0,12,7,10,10
1.0,12,7,11,10
1.0,12,7,12,10
1.0,12,7,13,10
1.0,12,7,14,10
1.0,12,7,15,10
1.0,12,8,0,10
1.0,12,8,1,10
1.0,12,8,2,10
1.0,12,8,3,10
1.0,12,8,4,10
1.0,12,8,5,10
1.0,12,8,6,10
1.0,12,8,7,10
1.0,12,8,8,10
1.0,12,8,9,10
1.0,12,8,10,10
1.0,12,8,11,10
1.0,12,8,12,10
1.0,12,8,13,10
1.0,12,8,14,10
1.0,12,8,15,10
1.0,12,9,0,10
1.0,12,9,1,10
1.0,12,9,2,10
1.0,12,9,3,10
1.0,12,9,4,10
1.0,12,9,5,10
1.0,12,9,6,10
1.0,12,9,7,10
1.0,12,9,8,10
1.0,12,9,9,10
1.0,12,9,10,10
1.0,12,9,11,10
1.0,12,9,12,10
1.0,12,9,13,10
1.0,12,9,14,10
1.0,12,9,15,10
1.0,12,10,0,10
1.0,12,10,1,10
1.0,12,10,2,10
1.0,12,10,3,10
1.0,12,10,4,10
1.0,12,10,5,10
1.0,12,10,6,10
1.0,12,10,7,10
1.0,12,10,8,10
1.0,12,10,9,10
1.0,12,10,10,10
1.0,12,10,11,10
1.0,12,10,12,10
1.0,12,10,13,10
1.0,12,10,14,10
1.0,12,10,15,10
1.0,12,11,0,10
1.0,12,11,1,10
1.0,12,11,2,10
1.0,12,11,3,10
1.0,12,11,4,10
1.0,12,11,5,10
1.0,12,11,6,10
1.0,12,11,7,10
1.0,12,11,8,10
1.0,12,11,9,10
1.0,12,11,10,10
1.0,12,11,11,10
1.0,12,11,12,10
1.0,12,11,13,10
1.0,12,11,14,10
1.0,12,11,15,10
1.0,12,12,0,10
1.0,12,12,1,10
1.0,12,12,2,10
1.0,12,12,3,10
1.0,12,12,4,10
1.0,12,12,5,10
1.0,12,12,6,10
1.0,12,12,7,10
1.0,12,12,8,10
1.0,12,12,9,10
1.0,12,12,10,10
1.0,12,12,11,10
1.0,12,12,12,10
1.0,12,12,13,10
1.0,12,12,14,10
1.0,12,12,15,10
1.0,12,13,0,10
1.0,12,13,1,10
1.0,12,13,2,10
1.0,12,13,3,10
1.0,12,13,4,10
1.0,12,13,5,10
1.0,12,13,6,10
1.0,12,13,7,10
1.0,12,13,8,10
1.0,12,13,9,10
1.0,12,13,10,10
1.0,12,13,11,10
1.0,12,13,12,10
1.0,12,13,13,10
1.0,12,13,14,10
1.0,12,13,15,10
1.0,12,14,0,10
1.0,12,14,1,10
1.0,12,14,2,10
1.0,12,14,3,10
1.0,12,14,4,10
1.0,12,14,5,10
1.0,12,14,6,10
1.0,12,14,7,10
1.0,12,14,8,10
1.0,12,14,9,10
1.0,12,14,10,10
1.0,12,14,11,10
1.0,12,14,12,10
1.0,12,14,13,10
1.0,12,14,14,10
1.0,12,14,15,10
1.0,12,15,0,10
1.0,12,15,1,10
1.0,12,15,2,10
1.0,12,15,3,10
1.0,12,15,4,10
1.0,12,15,5,10
1.0,12,15,6,10
1.0,12,15,7,10
1.0,12,15,8,10
1.0,12,15,9,10
1.0,12,15,10,10
1.0,12,15,11,10
1.0,12,15,12,10
1.0,12,15,13,10
1.0,12,15,14,10
1.0,12,15,15,10
1.0,13,0,0,10
1.0,13,0,1,10
1.0,13,0,2,10
1.0,13,0,3,10
1.0,13,0,4,10
1.0,13,0,5,10
1.0,13,0,6,10
1.0,13,0,7,10
1.0,13,0,8,10
1.0,13,0,9,10
1.0,13,0,10,10
1.0,13,0,11,10
1.0,13,0,12,10
1.0,13,0,13,10
1.0,13,0,14,10
1.0,13,0,15,10
1.0,13,1,0,10
1.0,13,1,1,10
1.0,13,1,2,10
1.0,13,1,3,10
1.0,13,1,4,10
1.0,13,1,5,10
1.0,13,1,6,10
1.0,13,1,7,10
1.0,13,1,8,10
1.0,13,1,9,10
1.0,13,1,10,10
1.0,13,1,11,10
1.0,13,1,12,10
1.0,13,1,13,10
1.0,13,1,14,10
1.0,13,1,15,10
1.0,13,2,0,10
1.0,13,2,1,10
1.0,13,2,2,10
1.0,13,2,3,10
1.0,13,2,4,10
1.0,13,2,5,10
1.0,13,2,6,10
1.0,13,2,7,10
1.0,13,2,8,10
1.0,13,2,9,10
1.0,13,2,10,10
1.0,13,2,11,10
1.0,13,2,12,10
1.0,13,2,13,10
1.0,13,2,14,10
1.0,13,2,15,10
1.0,13,3,0,10
1.0,13,3,1,10
1.0,13,3,2,10
1.0,13,3,3,10
1.0,13,3,4,10
1.0,13,3,5,10
1.0,13,3,6,10
1.0,13,3,7,10
1.0,13,3,8,10
1.0,13,3,9,10
1.0,13,3,10,10
1.0,13,3,11,10
1.0,13,3,12,10
1.0,13,3,13,10
1.0,13,3,14,10
1.0,13,3,15,10
1.0,13,4,0,10
1.0,13,4,1,10
1.0,13,4,2,10
1.0,13,4,3,10
1.0,13,4,4,10
1.0,13,4,5,10
1.0,13,4,6,10
1.0,13,4,7,10
1.0,13,4,8,10
1.0,13,4,9,10
1.0,13,4,10,10
1.0,13,4,11,10
1.0,13,4,12,10
1.0,13,4,13,10
1.0,13,4,14,10
1.0,13,4,15,10
1.0,13,5,0,10
1.0,13,5,1,10
1.0,13,5,2,10
1.0,13,5,3,10
1.0,13,5,4,10
1.0,13,5,5,10
1.0,13,5,6,10
1.0,13,5,7,10
1.0,13,5,8,10
1.0,13,5,9,10
1.0,13,5,10,10
1.0,13,5,11,10
1.0,13,5,12,10
1.0,13,5,13,10
1.0,13,5,14,10
1.0,13,5,15,10
1.0,13,6,0,10
1.0,13,6,1,10
1.0,13,6,2,10
1.0,13,6,3,10
1.0,13,6,4,10
1.0,13,6,5,10
1.0,13,6,6,10
1.0,13,6,7,10
1.0,13,6,8,10
1.0,13,6,9,10
1.0,13,6,10,10
1.0,13,6,11,10
1.0,13,6,12,10
1.0,13,6,13,10
1.0,13,6,14,10
1.0,13,6,15,10
1.0,13,7,0,10
1.0,13,7,1,10
1.0,13,7,2,10
1.0,13,7,3,10
1.0,13,7,4,10
1.0,13,7,5,10
1.0,13,7,6,10
1.0,13,7,7,10
1.0,13,7,8,10
1.0,13,7,9,10
1.0,13,7,10,10
1.0,13,7,11,10
1.0,13,7,12,10
1.0,13,7,13,10
1.0,13,7,14,10
1.0,13,7,15,10
1.0,13,8,0,10
1.0,13,8,1,10
1.0,13,8,2,10
1.0,13,8,3,10
1.0,13,8,4,10
1.0,13,8,5,10
1.0,13,8,6,10
1.0,13,8,7,10
1.0,13,8,8,10
1.0,13,8,9,10
1.0,13,8,10,10
1.0,13,8,11,10
1.0,13,8,12,10
1.0,13,8,13,10
1.0,13,8,14,10
1.0,13,8,15,10
1.0,13,9,0,10
1.0,13,9,1,10
1.0,13,9,2,10
1.0,13,9,3,10
1.0,13,9,4,10
1.0,13,9,5,10
1.0,13,9,6,10
1.0,13,9,7,10
1.0,13,9,8,10
1.0,13,9,9,10
1.0,13,9,10,10
1.0,13,9,11,10
1.0,13,9,12,10
1.0,13,9,13,10
1.0,13,9,14,10
1.0,13,9,15,10
1.0,13,10,0,10
1.0,13,10,1,10
1.0,13,10,2,10
1.0,13,10,3,10
1.0,13,10,4,10
1.0,13,10,5,10
1.0,13,10,6,10
1.0,13,10,7,10
1.0,13,10,8,10
1.0,13,10,9,10
1.0,13,10,10,10
1.0,13,10,11,10
1.0,13,10,12,10
1.0,13,10,13,10
1.0,13,10,14,10
1.0,13,10,15,10
1.0,13,11,0,10
1.0,13,11,1,10
1.0,13,11,2,10
1.0,13,11,3,10
1.0,13,11,4,10
1.0,13,11,5,10
1.0,13,11,6,10
1.0,13,11,7,10
1.0,13,11,8,10
1.0,13,11,9,10
1.0,13,11,10,10
1.0,13,11,11,10
1.0,13,11,12,10
1.0,13,11,13,10
1.0,13,11,14,10
1.0,13,11,15,10
1.0,13,12,0,10
1.0,13,12,1,10
1.0,13,12,2,10
1.0,13,12,3,10
1.0,13,12,4,10
1.0,13,12,5,10
1.0,13,12,6,10
1.0,13,12,7,10
1.0,13,12,8,10
1.0,13,12,9,10
1.0,13,12,10,10
1.0,13,12,11,10
1.0,13,12,12,10
1.0,13,12,13,10
1.0,13,12,14,10
1.0,13,12,15,10
1.0,13,13,0,10
1.0,13,13,1,10
1.0,13,13,2,10
1.0,13,13,3,10
1.0,13,13,4,10
1.0,13,13,5,10
1.0,13,13,6,10
1.0,13,13,7,10
1.0,13,13,8,10
1.0,13,13,9,10
1.0,13,13,10,10
1.0,13,13,11,10
1.0,13,13,12,10
1.0,13,13,13,10
1.0,13,13,14,10
1.0,13,13,15,10
1.0,13,14,0,10
1.0,13,14,1,10
1.0,13,14,2,10
1.0,13,14,3,10
1.0,13,14,4,10
1.0,13,14,5,10
1.0,13,14,6,10
1.0,13,14,7,10
1.0,13,14,8,10
1.0,13,14,9,10
1.0,13,14,10,10
1.0,13,14,11,10
1.0,13,14,12,10
1.0,13,14,13,10
1.0,13,14,14,10
1.0,13,14,15,10
1.0,13,15,0,10
1.0,13,15,1,10
1.0,13,15,2,10
1.0,13,15,3,10
1.0,13,15,4,10
1.0,13,15,5,10
1.0,13,15,6,10
1.0,13,15,7,10
1.0,13,15,8,10
1.0,13,15,9,10
1.0,13,15,10,10
1.0,13,15,11,10
1.0,13,15,12,10
1.0,13,15,13,10
1.0,13,15,14,10
1.0,13,15,15,10
1.0,14,0,0,10
1.0,14,0,1,10
1.0,14,0,2,10
1.0,14,0,3,10
1.0,14,0,4,10
1.0,14,0,5,10
1.0,14,0,6,10
1.0,14,0,7,10
1.0,14,0,8,10
1.0,14,0,9,10
1.0,14,0,10,10
1.0,14,0,11,10
1.0,14,0,12,10
1.0,14,0,13,10
1.0,14,0,14,10
1.0,14,0,15,10
1.0,14,1,0,10
1.0,14,1,1,10
1.0,14,1,2,10
1.0,14,1,3,10
1.0,14,1,4,10
1.0,14,1,5,10
1.0,14,1,6,10
1.0,14,1,7,10
1.0,14,1,8,10
1.0,14,1,9,10
1.0,14,1,10,10
1.0,14,1,11,10
1.0,14,1,12,10
1.0,14,1,13,10
1.0,14,1,14,10
1.0,14,1,15,10
1.0,14,2,0,10
1.0,14,2,1,10
1.0,14,2,2,10
1.0,14,2,3,10
1.0,14,2,4,10
1.0,14,2,5,10
1.0,14,2,6,10
1.0,14,2,7,10
1.0,14,2,8,10
1.0,14,2,9,10
1.0,14,2,10,10
1.0,14,2,11,10
1.0,14,2,12,10
1.0,14,2,13,10
1.0,14,2,14,10
1.0,14,2,15,10
1.0,14,3,0,10
1.0,14,3,1,10
1.0,14,3,2,10
1.0,14,3,3,10
1.0,14,3,4,10
1.0,14,3,5,10
1.0,14,3,6,10
1.0,14,3,7,10
1.0,14,3,8,10
1.0,14,3,9,10
1.0,14,3,10,10
1.0,14,3,11,10
1.0,14,3,12,10
1.0,14,3,13,10
1.0,14,3,14,10
1.0,14,3,15,10
1.0,14,4,0,10
1.0,14,4,1,10
1.0,14,4,2,10
1.0,14,4,3,10
1.0,14,4,4,10
1.0,14,4,5,10
1.0,14,4,6,10
1.0,14,4,7,10
1.0,14,4,8,10
1.0,14,4,9,10
1.0,14,4,10,10
1.0,14,4,11,10
1.0,14,4,12,10
1.0,14,4,13,10
1.0,14,4,14,10
1.0,14,4,15,10
1.0,14,5,0,10
1.0,14,5,1,10
1.0,14,5,2,10
1.0,14,5,3,10
1.0,14,5,4,10
1.0,14,5,5,10
1.0,14,5,6,10
1.0,14,5,7,10
1.0,14,5,8,10
1.0,14,5,9,10
1.0,14,5,10,10
1.0,14,5,11,10
1.0,14,5,12,10
1.0,14,5,13,10
1.0,14,5,14,10
1.0,14,5,15,10
1.0,14,6,0,10
1.0,14,6,1,10
1.0,14,6,2,10
1.0,14,6,3,10
1.0,14,6,4,10
1.0,14,6,5,10
1.0,14,6,6,10
1.0,14,6,7,10
1.0,14,6,8,10
1.0,14,6,9,10
1.0,14,6,10,10
1.0,14,6,11,10
1.0,14,6,12,10
1.0,14,6,13,10
1.0,14,6,14,10
1.0,14,6,15,10
1.0,14,7,0,10
1.0,14,7,1,10
1.0,14,7,2,10
1.0,14,7,3,10
1.0,14,7,4,10
1.0,14,7,5,10
1.0,14,7,6,10
1.0,14,7,7,10
1.0,14,7,8,10
1.0,14,7,9,10
1.0,14,7,10,10
1.0,14,7,11,10
1.0,14,7,12,10
1.0,14,7,13,10
1.0,14,7,14,10
1.0,14,7,15,10
1.0,14,8,0,10
1.0,14,8,1,10
1.0,14,8,2,10
1.0,14,8,3,10
1.0,14,8,4,10
1.0,14,8,5,10
1.0,14,8,6,10
1.0,14,8,7,10
1.0,14,8,8,10
1.0,14,8,9,10
1.0,14,8,10,10
1.0,14,8,11,10
1.0,14,8,12,10
1.0,14,8,13,10
1.0,14,8,14,10
1.0,14,8,15,10
1.0,14,9,0,10
1.0,14,9,1,10
1.0,14,9,2,10
1.0,14,9,3,10
1.0,14,9,4,10
1.0,14,9,5,10
1.0,14,9,6,10
1.0,14,9,7,10
1.0,14,9,8,10
1.0,14,9,9,10
1.0,14,9,10,10
1.0,14,9,11,10
1.0,14,9,12,10
1.0,14,9,13,10
1.0,14,9,14,10
1.0,14,9,15,10
1.0,14,10,0,10
1.0,14,10,1,10
1.0,14,10,2,10
1.0,14,10,3,10
1.0,14,10,4,10
1.0,14,10,5,10
1.0,14,10,6,10
1.0,14,10,7,10
1.0,14,10,8,10
1.0,14,10,9,10
1.0,14,10,10,10
1.0,14,10,11,10
1.0,14,10,12,10
1.0,14,10,13,10
1.0,14,10,14,10
1.0,14,10,15,10
1.0,14,11,0,10
1.0,14,11,1,10
1.0,14,11,2,10
1.0,14,11,3,10
1.0,14,11,4,10
1.0,14,11,5,10
1.0,14,11,6,10
1.0,14,11,7,10
1.0,14,11,8,10
1.0,14,11,9,10
1.0,14,11,10,10
1.0,14,11,11,10
1.0,14,11,12,10
1.0,14,11,13,10
1.0,14,11,14,10
1.0,14,11,15,10
1.0,14,12,0,10
1.0,14,12,1,10
1.0,14,12,2,10
1.0,14,12,3,10
1.0,14,12,4,10
1.0,14,12,5,10
1.0,14,12,6,10
1.0,14,12,7,10
1.0,14,12,8,10
1.0,14,12,9,10
1.0,14,12,10,10
1.0,14,12,11,10
1.0,14,12,12,10
1.0,14,12,13,10
1.0,14,12,14,10
1.0,14,12,15,10
1.0,14,13,0,10
1.0,14,13,1,10
1.0,14,13,2,10
1.0,14,13,3,10
1.0,14,13,4,10
1.0,14,13,5,10
1.0,14,13,6,10
1.0,14,13,7,10
1.0,14,13,8,10
1.0,14,13,9,10
1.0,14,13,10,10
1.0,14,13,11,10
1.0,14,13,12,10
1.0,14,13,13,10
1.0,14,13,14,10
1.0,14,13,15,10
1.0,14,14,0,10
1.0,14,14,1,10
1.0,14,14,2,10
1.0,14,14,3,10
1.0,14,14,4,10
1.0,14,14,5,10
1.0,14,14,6,10
1.0,14,14,7,10
1.0,14,14,8,10
1.0,14,14,9,10
1.0,14,14,10,10
1.0,14,14,11,10
1.0,14,14,12,10
1.0,14,14,13,10
1.0,14,14,14,10
1.0,14,14,15,10
1.0,14,15,0,10
1.0,14,15,1,10
1.0,14,15,2,10
1.0,14,15,3,10
1.0,14,15,4,10
1.0,14,15,5,10
1.0,14,15,6,10
1.0,14,15,7,10
1.0,14,15,8,10
1.0,14,15,9,10
1.0,14,15,10,10
1.0,14,15,11,10
1.0,14,15,12,10
1.0,14,15,13,10
1.0,14,15,14,10
1.0,14,15,15,10
1.0,15,0,0,10
1.0,15,0,1,10
1.0,15,0,2,10
1.0,15,0,3,10
1.0,15,0,4,10
1.0,15,0,5,10
1.0,15,0,6,10
1.0,15,0,7,10
1.0,15,0,8,10
1.0,15,0,9,10
1.0,15,0,10,10
1.0,15,0,11,10
1.0,15,0,12,10
1.0,15,0,13,10
1.0,15,0,14,10
1.0,15,0,15,10
1.0,15,1,0,10
1.0,15,1,1,10
1.0,15,1,2,10
1.0,15,1,3,10
1.0,15,1,4,10
1.0,15,1,5,10
1.0,15,1,6,10
1.0,15,1,7,10
1.0,15,1,8,10
1.0,15,1,9,10
1.0,15,1,10,10
1.0,15,1,11,10
1.0,15,1,12,10
1.0,15,1,13,10
1.0,15,1,14,10
1.0,15,1,15,10
1.0,15,2,0,10
1.0,15,2,1,10
1.0,15,2,2,10
1.0,15,2,3,10
1.0,15,2,4,10
1.0,15,2,5,10
1.0,15,2,6,10
1.0,15,2,7,10
1.0,15,2,8,10
1.0,15,2,9,10
1.0,15,2,10,10
1.0,15,2,11,10
1.0,15,2,12,10
1.0,15,2,13,10
1.0,15,2,14,10
1.0,15,2,15,10
1.0,15,3,0,10
1.0,15,3,1,10
1.0,15,3,2,10
1.0,15,3,3,10
1.0,15,3,4,10
1.0,15,3,5,10
1.0,15,3,6,10
1.0,15,3,7,10
1.0,15,3,8,10
1.0,15,3,9,10
1.0,15,3,10,10
1.0,15,3,11,10
1.0,15,3,12,10
1.0,15,3,13,10
1.0,15,3,14,10
1.0,15,3,15,10
1.0,15,4,0,10
1.0,15,4,1,10
1.0,15,4,2,10
1.0,15,4,3,10
1.0,15,4,4,10
1.0,15,4,5,10
1.0,15,4,6,10
1.0,15,4,7,10
1.0,15,4,8,10
1.0,15,4,9,10
1.0,15,4,10,10
1.0,15,4,11,10
1.0,15,4,12,10
1.0,15,4,13,10
1.0,15,4,14,10
1.0,15,4,15,10
1.0,15,5,0,10
1.0,15,5,1,10
1.0,15,5,2,10
1.0,15,5,3,10
1.0,15,5,4,10
1.0,15,5,5,10
1.0,15,5,6,10
1.0,15,5,7,10
1.0,15,5,8,10
1.0,15,5,9,10
1.0,15,5,10,10
1.0,15,5,11,10
1.0,15,5,12,10
1.0,15,5,13,10
1.0,15,5,14,10
1.0,15,5,15,10
1.0,15,6,0,10
1.0,15,6,1,10
1.0,15,6,2,10
1.0,15,6,3,10
1.0,15,6,4,10
1.0,15,6,5,10
1.0,15,6,6,10
1.0,15,6,7,10
1.0,15,6,8,10
1.0,15,6,9,10
1.0,15,6,10,10
1.0,15,6,11,10
1.0,15,6,12,10
1.0,15,6,13,10
1.0,15,6,14,10
1.0,15,6,15,10
1.0,15,7,0,10
1.0,15,7,1,10
1.0,15,7,2,10
1.0,15,7,3,10
1.0,15,7,4,10
1.0,15,7,5,10
1.0,15,7,6,10
1.0,15,7,7,10
1.0,15,7,8,10
1.0,15,7,9,10
1.0,15,7,10,10
1.0,15,7,11,10
1.0,15,7,12,10
1.0,15,7,13,10
1.0,15,7,14,10
1.0,15,7,15,10
1.0,15,8,0,10
1.0,15,8,1,10
1.0,15,8,2,10
1.0,15,8,3,10
1.0,15,8,4,10
1.0,15,8,5,10
1.0,15,8,6,10
1.0,15,8,7,10
1.0,15,8,8,10
1.0,15,8,9,10
1.0,15,8,10,10
1.0,15,8,11,10
1.0,15,8,12,10
1.0,15,8,13,10
1.0,15,8,14,10
1.0,15,8,15,10
1.0,15,9,0,10
1.0,15,9,1,10
1.0,15,9,2,10
1.0,15,9,3,10
1.0,15,9,4,10
1.0,15,9,5,10
1.0,15,9,6,10
1.0,15,9,7,10
1.0,15,9,8,10
1.0,15,9,9,10
1.0,15,9,10,10
1.0,15,9,11,10
1.0,15,9,12,10
1.0,15,9,13,10
1.0,15,9,14,10
1.0,15,9,15,10
1.0,15,10,0,10
1.0,15,10,1,10
1.0,15,10,2,10
1.0,15,10,3,10
1.0,15,10,4,10
1.0,15,10,5,10
1.0,15,10,6,10
1.0,15,10,7,10
1.0,15,10,8,10
1.0,15,10,9,10
1.0,15,10,10,10
1.0,15,10,11,10
1.0,15,10,12,10
1.0,15,10,13,10
1.0,15,10,14,10
1.0,15,10,15,10
1.0,15,11,0,10
1.0,15,11,1,10
1.0,15,11,2,10
1.0,15,11,3,10
1.0,15,11,4,10
1.0,15,11,5,10
1.0,15,11,6,10
1.0,15,11,7,10
1.0,15,11,8,10
1.0,15,11,9,10
1.0,15,11,10,10
1.0,15,11,11,10
1.0,15,11,12,10
1.0,15,11,13,10
1.0,15,11,14,10
1.0,15,11,15,10
1.0,15,12,0,10
1.0,15,12,1,10
1.0,15,12,2,10
1.0,15,12,3,10
1.0,15,12,4,10
1.0,15,12,5,10
1.0,15,12,6,10
1.0,15,12,7,10
1.0,15,12,8,10
1.0,15,12,9,10
1.0,15,12,10,10
1.0,15,12,11,10
1.0,15,12,12,10
1.0,15,12,13,10
1.0,15,12,14,10
1.0,15,12,15,10
1.0,15,13,0,10
1.0,15,13,1,10
1.0,15,13,2,10
1.0,15,13,3,10
1.0,15,13,4,10
1.0,15,13,5,10
1.0,15,13,6,10
1.0,15,13,7,10
1.0,15,13,8,10
1.0,15,13,9,10
1.0,15,13,10,10
1.0,15,13,11,10
1.0,15,13,12,10
1.0,15,13,13,10
1.0,15,13,14,10
1.0,15,13,15,10
1.0,15,14,0,10
1.0,15,14,1,10
1.0,15,14,2,10
1.0,15,14,3,10
1.0,15,14,4,10
1.0,15,14,5,10
1.0,15,14,6,10
1.0,15,14,7,10
1.0,15,14,8,10
1.0,15,14,9,10
1.0,15,14,10,10
1.0,15,14,11,10
1.0,15,14,12,10
1.0,15,14,13,10
1.0,15,14,14,10
1.0,15,14,15,10
1.0,15,15,0,10
1.0,15,15,1,10
1.0,15,15,2,10
1.0,15,15,3,10
1.0,15,15,4,10
1.0,15,15,5,10
1.0,15,15,6,10
1.0,15,15,7,10
1.0,15,15,8,10
1.0,15,15,9,10
1.0,15,15,10,10
1.0,15,15,11,10
1.0,15,15,12,10
1.0,15,15,13,10
1.0,15,15,14,10
1.0,15,15,15,10
1.5,0,0,0,10
1.5,0,0,1,10
1.5,0,0,2,10
1.5,0,0,3,10
1.5,0,0,4,10
1.5,0,0,5,10
1.5,0,0,6,10
1.5,0,0,7,10
1.5,0,0,8,10
1.5,0,0,9,10
1.5,0,0,10,10
1.5,0,0,11,10
1.5,0,0,12,10
1.5,0,0,13,10
1.5,0,0,14,10
1.5,0,0,15,10
1.5,0,1,0,10
1.5,0,1,1,10
1.5,0,1,2,10
1.5,0,1,3,10
1.5,0,1,4,10
1.5,0,1,5,10
1.5,0,1,6,10
1.5,0,1,7,10
1.5,0,1,8,10
1.5,0,1,9,10
1.5,0,1,10,10
1.5,0,1,11,10
1.5,0,1,12,10
1.5,0,1,13,10
1.5,0,1,14,10
1.5,0,1,15,10
1.5,0,2,0,10
1.5,0,2,1,10
1.5,0,2,2,10
1.5,0,2,3,10
1.5,0,2,4,10
1.5,0,2,5,10
1.5,0,2,6,10
1.5,0,2,7,10
1.5,0,2,8,10
1.5,0,2,9,10
1.5,0,2,10,10
1.5,0,2,11,10
1.5,0,2,12,10
1.5,0,2,13,10
1.5,0,2,14,10
1.5,0,2,15,10
1.5,0,3,0,10
1.5,0,3,1,10
1.5,0,3,2,10
1.5,0,3,3,10
1.5,0,3,4,10
1.5,0,3,5,10
1.5,0,3,6,10
1.5,0,3,7,10
1.5,0,3,8,10
1.5,0,3,9,10
1.5,0,3,10,10
1.5,0,3,11,10
1.5,0,3,12,10
1.5,0,3,13,10
1.5,0,3,14,10
1.5,0,3,15,10
1.5,0,4,0,10
1.5,0,4,1,10
1.5,0,4,2,10
1.5,0,4,3,10
1.5,0,4,4,10
1.5,0,4,5,10
1.5,0,4,6,10
1.5,0,4,7,10
1.5,0,4,8,10
1.5,0,4,9,10
1.5,0,4,10,10
1.5,0,4,11,10
1.5,0,4,12,10
1.5,0,4,13,10
1.5,0,4,14,10
1.5,0,4,15,10
1.5,0,5,0,10
1.5,0,5,1,10
1.5,0,5,2,10
1.5,0,5,3,10
1.5,0,5,4,10
1.5,0,5,5,10
1.5,0,5,6,10
1.5,0,5,7,10
1.5,0,5,8,10
1.5,0,5,9,10
1.5,0,5,10,10
1.5,0,5,11,10
1.5,0,5,12,10
1.5,0,5,13,10
1.5,0,5,14,10
1.5,0,5,15,10
1.5,0,6,0,10
1.5,0,6,1,10
1.5,0,6,2,10
1.5,0,6,3,10
1.5,0,6,4,10
1.5,0,6,5,10
1.5,0,6,6,10
1.5,0,6,7,10
1.5,0,6,8,10
1.5,0,6,9,10
1.5,0,6,10,10
1.5,0,6,11,10
1.5,0,6,12,10
1.5,0,6,13,10
1.5,0,6,14,10
1.5,0,6,15,10
1.5,0,7,0,10
1.5,0,7,1,10
1.5,0,7,2,10
1.5,0,7,3,10
1.5,0,7,4,10
1.5,0,7,5,10
1.5,0,7,6,10
1.5,0,7,7,10
1.5,0,7,8,10
1.5,0,7,9,10
1.5,0,7,10,10
1.5,0,7,11,10
1.5,0,7,12,10
1.5,0,7,13,10
1.5,0,7,14,11
1.5,0,7,15,11
1.5,0,8,0,10
1.5,0,8,1,10
1.5,0,8,2,10
1.5,0,8,3,10
1.5,0,8,4,10
1.5,0,8,5,10
1.5,0,8,6,10
1.5,0,8,7,10
1.5,0,8,8,10
1.5,0,8,9,10
1.5,0,8,10,10
1.5,0,8,11,10
1.5,0,8,12,10
1.5,0,8,13,11
1.5,0,8,14,11
1.5,0,8,15,11
1.5,0,9,0,10
1.5,0,9,1,10
1.5,0,9,2,10
1.5,0,9,3,10
1.5,0,9,4,10
1.5,0,9,5,10
1.5,0,9,6,10
1.5,0,9,7,10
1.5,0,9,8,10
1.5,0,9,9,10
1.5,0,9,10,10
1.5,0,9,11,10
1.5,0,9,12,11
1.5,0,9,13,11
1.5,0,9,14,11
1.5,0,9,15,11
1.5,0,10,0,10
1.5,0,10,1,10
1.5,0,10,2,10
1.5,0,10,3,10
1.5,0,10,4,10
1.5,0,10,5,10
1.5,0,10,6,10
1.5,0,10,7,10
1.5,0,10,8,10
1.5,0,10,9,10
1.5,0,10,10,10
1.5,0,10,11,11
1.5,0,10,12,11
1.5,0,10,13,11
1.5,0,10,14,11
1.5,0,10,15,11
1.5,0,11,0,10
1.5,0,11,1,10
1.5,0,11,2,10
1.5,0,11,3,10
1.5,0,11,4,10
1.5,0,11,5,10
1.5,0,11,6,10
1.5,0,11,7,10
1.5,0,11,8,10
1.5,0,11,9,11
1.5,0,11,10,11
1.5,0,11,11,11
1.5,0,11,12,11
1.5,0,11,13,11
1.5,0,11,14,11
1.5,0,11,15,11
1.5,0,12,0,10
1.5,0,12,1,10
1.5,0,12,2,10
1.5,0,12,3,10
1.5,0,12,4,10
1.5,0,12,5,10
1.5,0,12,6,10
1.5,0,12,7,10
1.5,0,12,8,11
1.5,0,12,9,11
1.5,0,12,10,11
1.5,0,12,11,11
1.5,0,12,12,11
1.5,0,12,13,11
1.5,0,12,14,11
1.5,0,12,15,11
1.5,0,13,0,10
1.5,0,13,1,10
1.5,0,13,2,10
1.5,0,13,3,10
1.5,0,13,4,10
1.5,0,13,5,10
1.5,0,13,6,10
1.5,0,13,7,11
1.5,0,13,8,11
1.5,0,13,9,11
1.5,0,13,10,11
1.5,0,13,11,11
1.5,0,13,12,11
1.5,0,13,13,11
1.5,0,13,14,11
1.5,0,13,15,11
1.5,0,14,0,10
1.5,0,14,1,10
1.5,0,14,2,10
1.5,0,14,3,10
1.5,0,14,4,10
1.5,0,14,5,10
1.5,0,14,6,11
1.5,0,14,7,11
1.5,0,14,8,11
1.5,0,14,9,11
1.5,0,14,10,11
1.5,0,14,11,11
1.5,0,14,12,11
1.5,0,14,13,11
1.5,0,14,14,11
1.5,0,14,15,11
1.5,0,15,0,10
1.5,0,15,1,10
1.5,0,15,2,10
1.5,0,15,3,10
1.5,0,15,4,10
1.5,0,15,5,11
1.5,0,15,6,11
1.5,0,15,7,11
1.5,0,15,8,11
1.5,0,15,9,11
1.5,0,15,10,11
1.5,0,15,11,11
1.5,0,15,12,11
1.5,0,15,13,11
1.5,0,15,14,11
1.5,0,15,15,11
1.5,1,0,0,10
1.5,1,0,1,10
1.5,1,0,2,10
1.5,1,0,3,10
1.5,1,0,4,10
1.5,1,0,5,10
1.5,1,0,6,10
1.5,1,0,7,10
1.5,1,0,8,10
1.5,1,0,9,10
1.5,1,0,10,10
1.5,1,0,11,10
1.5,1,0,12,10
1.5,1,0,13,10
1.5,1,0,14,10
1.5,1,0,15,10
1.5,1,1,0,10
1.5,1,1,1,10
1.5,1,1,2,10
1.5,1,1,3,10
1.5,1,1,4,10
1.5,1,1,5,10
1.5,1,1,6,10
1.5,1,1,7,10
1.5,1,1,8,10
1.5,1,1,9,10
1.5,1,1,10,10
1.5,1,1,11,10
1.5,1,1,12,10
1.5,1,1,13,10
1.5,1,1,14,10
1.5,1,1,15,10
1.5,1,2,0,10
1.5,1,2,1,10
1.5,1,2,2,10
1.5,1,2,3,10
1.5,1,2,4,10
1.5,1,2,5,10
1.5,1,2,6,10
1.5,1,2,7,10
1.5,1,2,8,10
1.5,1,2,9,10
1.5,1,2,10,10
1.5,1,2,11,10
1.5,1,2,12,10
1.5,1,2,13,10
1.5,1,2,14,10
1.5,1,2,15,10
1.5,1,3,0,10
1.5,1,3,1,10
1.5,1,3,2,10
1.5,1,3,3,10
1.5,1,3,4,10
1.5,1,3,5,10
1.5,1,3,6,10
1.5,1,3,7,10
1.5,1,3,8,10
1.5,1,3,9,10
1.5,1,3,10,10
1.5,1,3,11,10
1.5,1,3,12,10
1.5,1,3,13,10
1.5,1,3,14,10
1.5,1,3,15,10
1.5,1,4,0,10
1.5,1,4,1,10
1.5,1,4,2,10
1.5,1,4,3,10
1.5,1,4,4,10
1.5,1,4,5,10
1.5,1,4,6,10
1.5,1,4,7,10
1.5,1,4,8,10
1.5,1,4,9,10
1.5,1,4,10,10
1.5,1,4,11,10
1.5,1,4,12,10
1.5,1,4,13,10
1.5,1,4,14,11
1.5,1,4,15,11
1.5,1,5,0,10
1.5,1,5,1,10
1.5,1,5,2,10
1.5,1,5,3,10
1.5,1,5,4,10
1.5,1,5,5,10
1.5,1,5,6,10
1.5,1,5,7,10
1.5,1,5,8,10
1.5,1,5,9,10
1.5,1,5,10,10
1.5,1,5,11,10
1.5,1,5,12,10
1.5,1,5,13,11
1.5,1,5,14,11
1.5,1,5,15,11
1.5,1,6,0,10
1.5,1,6,1,10
1.5,1,6,2,10
1.5,1,6,3,10
1.5,1,6,4,10
1.5,1,6,5,10
1.5,1,6,6,10
1.5,1,6,7,10
1.5,1,6,8,10
1.5,1,6,9,10
1.5,1,6,10,10
1.5,1,6,11,10
1.5,1,6,12,11
1.5,1,6,13,11
1.5,1,6,14,11
1.5,1,6,15,11
1.5,1,7,0,10
1.5,1,7,1,10
1.5,1,7,2,10
1.5,1,7,3,10
1.5,1,7,4,10
1.5,1,7,5,10
1.5,1,7,6,10
1.5,1,7,7,10
1.5,1,7,8,10
1.5,1,7,9,10
1.5,1,7,10,11
1.5,1,7,11,11
1.5,1,7,12,11
1.5,1,7,13,11
1.5,1,7,14,11
1.5,1,7,15,11
1.5,1,8,0,10
1.5,1,8,1,10
1.5,1,8,2,10
1.5,1,8,3,10
1.5,1,8,4,10
1.5,1,8,5,10
1.5,1,8,6,10
1.5,1,8,7,10
1.5,1,8,8,10
1.5,1,8,9,11
1.5,1,8,10,11
1.5,1,8,11,11
1.5,1,8,12,11
1.5,1,8,13,11
1.5,1,8,14,11
1.5,1,8,15,11
1.5,1,9,0,10
1.5,1,9,1,10
1.5,1,9,2,10
1.5,1,9,3,10
1.5,1,9,4,10
1.5,1,9,5,10
1.5,1,9,6,10
1.5,1,9,7,10
1.5,1,9,8,11
1.5,1,9,9,11
1.5,1,9,10,11
1.5,1,9,11,11
1.5,1,9,12,11
1.5,1,9,13,11
1.5,1,9,14,11
1.5,1,9,15,11
1.5,1,10,0,10
1.5,1,10,1,10
1.5,1,10,2,10
1.5,1,10,3,10
1.5,1,10,4,10
1.5,1,10,5,10
1.5,1,10,6,10
1.5,1,10,7,11
1.5,1,10,8,11
1.5,1,10,9,11
1.5,1,10,10,11
1.5,1,10,11,11
1.5,1,10,12,11
1.5,1,10,13,11
1.5,1,10,14,11
1.5,1,10,15,11
1.5,1,11,0,10
1.5,1,11,1,10
1.5,1,11,2,10
1.5,1,11,3,10
1.5,1,11,4,10
1.5,1,11,5,10
1.5,1,11,6,11
1.5,1,11,7,11
1.5,1,11,8,11
1.5,1,11,9,11
1.5,1,11,10,11
1.5,1,11,11,11
1.5,1,11,12,11
1.5,1,11,13,11
1.5,1,11,14,11
1.5,1,11,15,11
1.5,1,12,0,10
1.5,1,12,1,10
1.5,1,12,2,10
1.5,1,12,3,10
1.5,1,12,4,10
1.5,1,12,5,11
1.5,1,12,6,11
1.5,1,12,7,11
1.5,1,12,8,11
1.5,1,12,9,11
1.5,1,12,10,11
1.5,1,12,11,11
1.5,1,12,12,11
1.5,1,12,13,11
1.5,1,12,14,11
1.5,1,12,15,11
1.5,1,13,0,10
1.5,1,13,1,10
1.5,1,13,2,10
1.5,1,13,3,11
1.5,1,13,4,11
1.5,1,13,5,11
1.5,1,13,6,11
1.5,1,13,7,11
1.5,1,13,8,11
1.5,1,13,9,11
1.5,1,13,10,11
1.5,1,13,11,11
1.5,1,13,12,11
1.5,1,13,13,11
1.5,1,13,14,11
1.5,1,13,15,11
1.5,1,14,0,10
1.5,1,14,1,10
1.5,1,14,2,11
1.5,1,14,3,11
1.5,1,14,4,11
1.5,1,14,5,11
1.5,1,14,6,11
1.5,1,14,7,11
1.5,1,14,8,11
1.5,1,14,9,11
1.5,1,14,10,11
1.5,1,14,11,11
1.5,1,14,12,11
1.5,1,14,13,11
1.5,1,14,14,11
1.5,1,14,15,11
1.5,1,15,0,10
1.5,1,15,1,11
1.5,1,15,2,11
1.5,1,15,3,11
1.5,1,15,4,11
1.5,1,15,5,11
1.5,1,15,6,11
1.5,1,15,7,11
1.5,1,15,8,11
1.5,1,15,9,11
1.5,1,15,10,11
1.5,1,15,11,11
1.5,1,15,12,11
1.5,1,15,13,11
1.5,1,15,14,11
1.5,1,15,15,11
1.5,2,0,0,10
1.5,2,0,1,10
1.5,2,0,2,10
1.5,2,0,3,10
1.5,2,0,4,10
1.5,2,0,5,10
1.5,2,0,6,10
1.5,2,0,7,10
1.5,2,0,8,10
1.5,2,0,9,10
1.5,2,0,10,10
1.5,2,0,11,10
1.5,2,0,12,10
1.5,2,0,13,10
1.5,2,0,14,10
1.5,2,0,15,10
1.5,2,1,0,10
1.5,2,1,1,10
1.5,2,1,2,10
1.5,2,1,3,10
1.5,2,1,4,10
1.5,2,1,5,10
1.5,2,1,6,10
1.5,2,1,7,10
1.5,2,1,8,10
1.5,2,1,9,10
1.5,2,1,10,10
1.5,2,1,11,10
1.5,2,1,12,10
1.5,2,1,13,10
1.5,2,1,14,10
1.5,2,1,15,11
1.5,2,2,0,10
1.5,2,2,1,10
1.5,2,2,2,10
1.5,2,2,3,10
1.5,2,2,4,10
1.5,2,2,5,10
1.5,2,2,6,10
1.5,2,2,7,10
1.5,2,2,8,10
1.5,2,2,9,10
1.5,2,2,10,10
1.5,2,2,11,10
1.5,2,2,12,10
1.5,2,2,13,11
1.5,2,2,14,11
1.5,2,2,15,11
1.5,2,3,0,10
1.5,2,3,1,10
1.5,2,3,2,10
1.5,2,3,3,10
1.5,2,3,4,10
1.5,2,3,5,10
1.5,2,3,6,10
1.5,2,3,7,10
1.5,2,3,8,10
1.5,2,3,9,10
1.5,2,3,10,10
1.5,2,3,11,10
1.5,2,3,12,11
1.5,2,3,13,11
1.5,2,3,14,11
1.5,2,3,15,11
1.5,2,4,0,10
1.5,2,4,1,10
1.5,2,4,2,10
1.5,2,4,3,10
1.5,2,4,4,10
1.5,2,4,5,10
1.5,2,4,6,10
1.5,2,4,7,10
1.5,2,4,8,10
1.5,2,4,9,10
1.5,2,4,10,10
1.5,2,4,11,11
1.5,2,4,12,11
1.5,2,4,13,11
1.5,2,4,14,11
1.5,2,4,15,11
1.5,2,5,0,10
1.5,2,5,1,10
1.5,2,5,2,10
1.5,2,5,3,10
1.5,2,5,4,10
1.5,2,5,5,10
1.5,2,5,6,10
1.5,2,5,7,10
1.5,2,5,8,10
1.5,2,5,9,11
1.5,2,5,10,11
1.5,2,5,11,11
1.5,2,5,12,11
1.5,2,5,13,11
1.5,2,5,14,11
1.5,2,5,15,11
1.5,2,6,0,10
1.5,2,6,1,10
1.5,2,6,2,10
1.5,2,6,3,10
1.5,2,6,4,10
1.5,2,6,5,10
1.5,2,6,6,10
1.5,2,6,7,10
1.5,2,6,8,11
1.5,2,6,9,11
1.5,2,6,10,11
1.5,2,6,11,11
1.5,2,6,12,11
1.5,2,6,13,11
1.5,2,6,14,11
1.5,2,6,15,11
1.5,2,7,0,10
1.5,2,7,1,10
1.5,2,7,2,10
1.5,2,7,3,10
1.5,2,7,4,10
1.5,2,7,5,10
1.5,2,7,6,10
1.5,2,7,7,11
1.5,2,7,8,11
1.5,2,7,9,11
1.5,2,7,10,11
1.5,2,7,11,11
1.5,2,7,12,11
1.5,2,7,13,11
1.5,2,7,14,11
1.5,2,7,15,11
1.5,2,8,0,10
1.5,2,8,1,10
1.5,2,8,2,10
1.5,2,8,3,10
1.5,2,8,4,10
1.5,2,8,5,10
1.5,2,8,6,11
1.5,2,8,7,11
1.5,2,8,8,11
1.5,2,8,9,11
1.5,2,8,10,11
1.5,2,8,11,11
1.5,2,8,12,11
1.5,2,8,13,11
1.5,2,8,14,11
1.5,2,8,15,11
1.5,2,9,0,10
1.5,2,9,1,10
1.5,2,9,2,10
1.5,2,9,3,10
1.5,2,9,4,11
1.5,2,9,5,11
1.5,2,9,6,11
1.5,2,9,7,11
1.5,2,9,8,11
1.5,2,9,9,11
1.5,2,9,10,11
1.5,2,9,11,11
1.5,2,9,12,11
1.5,2,9,13,11
1.5,2,9,14,11
1.5,2,9,15,11
1.5,2,10,0,10
1.5,2,10,1,10
1.5,2,10,2,10
1.5,2,10,3,11
1.5,2,10,4,11
1.5,2,10,5,11
1.5,2,10,6,11
1.5,2,10,7,11
1.5,2,10,8,11
1.5,2,10,9,11
1.5,2,10,10,11
1.5,2,10,11,11
1.5,2,10,12,11
1.5,2,10,13,11
1.5,2,10,14,11
1.5,2,10,15,11
1.5,2,11,0,10
1.5,2,11,1,10
1.5,2,11,2,11
1.5,2,11,3,11
1.5,2,11,4,11
1.5,2,11,5,11
1.5,2,11,6,11
1.5,2,11,7,11
1.5,2,11,8,11
1.5,2,11,9,11
1.5,2,11,10,11
1.5,2,11,11,11
1.5,2,11,12,11
1.5,2,11,13,11
1.5,2,11,14,11
1.5,2,11,15,11
1.5,2,12,0,10
1.5,2,12,1,11
1.5,2,12,2,11
1.5,2,12,3,11
1.5,2,12,4,11
1.5,2,12,5,11
1.5,2,12,6,11
1.5,2,12,7,11
1.5,2,12,8,11
1.5,2,12,9,11
1.5,2,12,10,11
1.5,2,12,11,11
1.5,2,12,12,11
1.5,2,12,13,11
1.5,2,12,14,11
1.5,2,12,15,11
1.5,2,13,0,11
1.5,2,13,1,11
1.5,2,13,2,11
1.5,2,13,3,11
1.5,2,13,4,11
1.5,2,13,5,11
1.5,2,13,6,11
1.5,2,13,7,11
1.5,2,13,8,11
1.5,2,13,9,11
1.5,2,13,10,11
1.5,2,13,11,11
1.5,2,13,12,11
1.5,2,13,13,11
1.5,2,13,14,11
1.5,2,13,15,11
1.5,2,14,0,11
1.5,2,14,1,11
1.5,2,14,2,11
1.5,2,14,3,11
1.5,2,14,4,11
1.5,2,14,5,11
1.5,2,14,6,11
1.5,2,14,7,11
1.5,2,14,8,11
1.5,2,14,9,11
1.5,2,14,10,11
1.5,2,14,11,11
1.5,2,14,12,11
1.5,2,14,13,11
1.5,2,14,14,11
1.5,2,14,15,11
1.5,2,15,0,11
1.5,2,15,1,11
1.5,2,15,2,11
1.5,2,15,3,11
1.5,2,15,4,11
1.5,2,15,5,11
1.5,2,15,6,11
1.5,2,15,7,11
1.5,2,15,8,11
1.5,2,15,9,11
1.5,2,15,10,11
1.5,2,15,11,11
1.5,2,15,12,11
1.5,2,15,13,11
1.5,2,15,14,11
1.5,2,15,15,11
1.5,3,0,0,10
1.5,3,0,1,10
1.5,3,0,2,10
1.5,3,0,3,10
1.5,3,0,4,10
1.5,3,0,5,10
1.5,3,0,6,10
1.5,3,0,7,10
1.5,3,0,8,10
1.5,3,0,9,10
1.5,3,0,10,10
1.5,3,0,11,10
1.5,3,0,12,11
1.5,3,0,13,11
1.5,3,0,14,11
1.5,3,0,15,11
1.5,3,1,0,10
1.5,3,1,1,10
1.5,3,1,2,10
1.5,3,1,3,10
1.5,3,1,4,10
1.5,3,1,5,10
1.5,3,1,6,10
1.5,3,1,7,10
1.5,3,1,8,10
1.5,3,1,9,10
1.5,3,1,10,10
1.5,3,1,11,11
1.5,3,1,12,11
1.5,3,1,13,11
1.5,3,1,14,11
1.5,3,1,15,11
1.5,3,2,0,10
1.5,3,2,1,10
1.5,3,2,2,10
1.5,3,2,3,10
1.5,3,2,4,10
1.5,3,2,5,10
1.5,3,2,6,10
1.5,3,2,7,10
1.5,3,2,8,10
1.5,3,2,9,10
1.5,3,2,10,11
1.5,3,2,11,11
1.5,3,2,12,11
1.5,3,2,13,11
1.5,3,2,14,11
1.5,3,2,15,11
1.5,3,3,0,10
1.5,3,3,1,10
1.5,3,3,2,10
1.5,3,3,3,10
1.5,3,3,4,10
1.5,3,3,5,10
1.5,3,3,6,10
1.5,3,3,7,10
1.5,3,3,8,11
1.5,3,3,9,11
1.5,3,3,10,11
1.5,3,3,11,11
1.5,3,3,12,11
1.5,3,3,13,11
1.5,3,3,14,11
1.5,3,3,15,11
1.5,3,4,0,10
1.5,3,4,1,10
1.5,3,4,2,10
1.5,3,4,3,10
1.5,3,4,4,10
1.5,3,4,5,10
1.5,3,4,6,10
1.5,3,4,7,11
1.5,3,4,8,11
1.5,3,4,9,11
1.5,3,4,10,11
1.5,3,4,11,11
1.5,3,4,12,11
1.5,3,4,13,11
1.5,3,4,14,11
1.5,3,4,15,11
1.5,3,5,0,10
1.5,3,5,1,10
1.5,3,5,2,10
1.5,3,5,3,10
1.5,3,5,4,10
1.5,3,5,5,10
1.5,3,5,6,11
1.5,3,5,7,11
1.5,3,5,8,11
1.5,3,5,9,11
1.5,3,5,10,11
1.5,3,5,11,11
1.5,3,5,12,11
1.5,3,5,13,11
1.5,3,5,14,11
1.5,3,5,15,11
1.5,3,6,0,10
1.5,3,6,1,10
1.5,3,6,2,10
1.5,3,6,3,10
1.5,3,6,4,10
1.5,3,6,5,11
1.5,3,6,6,11
1.5,3,6,7,11
1.5,3,6,8,11
1.5,3,6,9,11
1.5,3,6,10,11
1.5,3,6,11,11
1.5,3,6,12,11
1.5,3,6,13,11
1.5,3,6,14,11
1.5,3,6,15,11
1.5,3,7,0,10
1.5,3,7,1,10
1.5,3,7,2,10
1.5,3,7,3,11
1.5,3,7,4,11
1.5,3,7,5,11
1.5,3,7,6,11
1.5,3,7,7,11
1.5,3,7,8,11
1.5,3,7,9,11
1.5,3,7,10,11
1.5,3,7,11,11
1.5,3,7,12,11
1.5,3,7,13,11
1.5,3,7,14,11
1.5,3,7,15,11
1.5,3,8,0,10
1.5,3,8,1,10
1.5,3,8,2,11
1.5,3,8,3,11
1.5,3,8,4,11
1.5,3,8,5,11
1.5,3,8,6,11
1.5,3,8,7,11
1.5,3,8,8,11
1.5,3,8,9,11
1.5,3,8,10,11
1.5,3,8,11,11
1.5,3,8,12,11
1.5,3,8,13,11
1.5,3,8,14,11
1.5,3,8,15,11
1.5,3,9,0,10
1.5,3,9,1,11
1.5,3,9,2,11
1.5,3,9,3,11
1.5,3,9,4,11
1.5,3,9,5,11
1.5,3,9,6,11
1.5,3,9,7,11
1.5,3,9,8,11
1.5,3,9,9,11
1.5,3,9,10,11
1.5,3,9,11,11
1.5,3,9,12,11
1.5,3,9,13,11
1.5,3,9,14,11
1.5,3,9,15,11
1.5,3,10,0,11
1.5,3,10,1,11
1.5,3,10,2,11
1.5,3,10,3,11
1.5,3,10,4,11
1.5,3,10,5,11
1.5,3,10,6,11
1.5,3,10,7,11
1.5,3,10,8,11
1.5,3,10,9,11
1.5,3,10,10,11
1.5,3,10,11,11
1.5,3,10,12,11
1.5,3,10,13,11
1.5,3,10,14,11
1.5,3,10,15,11
1.5,3,11,0,11
1.5,3,11,1,11
1.5,3,11,2,11
1.5,3,11,3,11
1.5,3,11,4,11
1.5,3,11,5,11
1.5,3,11,6,11
1.5,3,11,7,11
1.5,3,11,8,11
1.5,3,11,9,11
1.5,3,11,10,11
1.5,3,11,11,11
1.5,3,11,12,11
1.5,3,11,13,11
1.5,3,11,14,11
1.5,3,11,15,11
1.5,3,12,0,11
1.5,3,12,1,11
1.5,3,12,2,11
1.5,3,12,3,11
1.5,3,12,4,11
1.5,3,12,5,11
1.5,3,12,6,11
1.5,3,12,7,11
1.5,3,12,8,11
1.5,3,12,9,11
1.5,3,12,10,11
1.5,3,12,11,11
1.5,3,12,12,11
1.5,3,12,13,11
1.5,3,12,14,11
1.5,3,12,15,11
1.5,3,13,0,11
1.5,3,13,1,11
1.5,3,13,2,11
1.5,3,13,3,11
1.5,3,13,4,11
1.5,3,13,5,11
1.5,3,13,6,11
1.5,3,13,7,11
1.5,3,13,8,11
1.5,3,13,9,11
1.5,3,13,10,11
1.5,3,13,11,11
1.5,3,13,12,11
1.5,3,13,13,11
1.5,3,13,14,11
1.5,3,13,15,11
1.5,3,14,0,11
1.5,3,14,1,11
1.5,3,14,2,11
1.5,3,14,3,11
1.5,3,14,4,11
1.5,3,14,5,11
1.5,3,14,6,11
1.5,3,14,7,11
1.5,3,14,8,11
1.5,3,14,9,11
1.5,3,14,10,11
1.5,3,14,11,11
1.5,3,14,12,11
1.5,3,14,13,11
1.5,3,14,14,12
1.5,3,14,15,12
1.5,3,15,0,11
1.5,3,15,1,11
1.5,3,15,2,11
1.5,3,15,3,11
1.5,3,15,4,11
1.5,3,15,5,11
1.5,3,15,6,11
1.5,3,15,7,11
1.5,3,15,8,11
1.5,3,15,9,11
1.5,3,15,10,11
1.5,3,15,11,11
1.5,3,15,12,11
1.5,3,15,13,12
1.5,3,15,14,12
1.5,3,15,15,12
1.5,4,0,0,10
1.5,4,0,1,10
1.5,4,0,2,10
1.5,4,0,3,10
1.5,4,0,4,10
1.5,4,0,5,10
1.5,4,0,6,10
1.5,4,0,7,10
1.5,4,0,8,10
1.5,4,0,9,11
1.5,4,0,10,11
1.5,4,0,11,11
1.5,4,0,12,11
1.5,4,0,13,11
1.5,4,0,14,11
1.5,4,0,15,11
1.5,4,1,0,10
1.5,4,1,1,10
1.5,4,1,2,10
1.5,4,1,3,10
1.5,4,1,4,10
1.5,4,1,5,10
1.5,4,1,6,10
1.5,4,1,7,11
1.5,4,1,8,11
1.5,4,1,9,11
1.5,4,1,10,11
1.5,4,1,11,11
1.5,4,1,12,11
1.5,4,1,13,11
1.5,4,1,14,11
1.5,4,1,15,11
1.5,4,2,0,10
1.5,4,2,1,10
1.5,4,2,2,10
1.5,4,2,3,10
1.5,4,2,4,10
1.5,4,2,5,10
1.5,4,2,6,11
1.5,4,2,7,11
1.5,4,2,8,11
1.5,4,2,9,11
1.5,4,2,10,11
1.5,4,2,11,11
1.5,4,2,12,11
1.5,4,2,13,11
1.5,4,2,14,11
1.5,4,2,15,11
1.5,4,3,0,10
1.5,4,3,1,10
1.5,4,3,2,10
1.5,4,3,3,10
1.5,4,3,4,10
1.5,4,3,5,11
1.5,4,3,6,11
1.5,4,3,7,11
1.5,4,3,8,11
1.5,4,3,9,11
1.5,4,3,10,11
1.5,4,3,11,11
1.5,4,3,12,11
1.5,4,3,13,11
1.5,4,3,14,11
1.5,4,3,15,11
1.5,4,4,0,10
1.5,4,4,1,10
1.5,4,4,2,10
1.5,4,4,3,10
1.5,4,4,4,11
1.5,4,4,5,11
1.5,4,4,6,11
1.5,4,4,7,11
1.5,4,4,8,11
1.5,4,4,9,11
1.5,4,4,10,11
1.5,4,4,11,11
1.5,4,4,12,11
1.5,4,4,13,11
1.5,4,4,14,11
1.5,4,4,15,11
1.5,4,5,0,10
1.5,4,5,1,10
1.5,4,5,2,11
1.5,4,5,3,11
1.5,4,5,4,11
1.5,4,5,5,11
1.5,4,5,6,11
1.5,4,5,7,11
1.5,4,5,8,11
1.5,4,5,9,11
1.5,4,5,10,11
1.5,4,5,11,11
1.5,4,5,12,11
1.5,4,5,13,11
1.5,4,5,14,11
1.5,4,5,15,11
1.5,4,6,0,10
1.5,4,6,1,11
1.5,4,6,2,11
1.5,4,6,3,11
1.5,4,6,4,11
1.5,4,6,5,11
1.5,4,6,6,11
1.5,4,6,7,11
1.5,4,6,8,11
1.5,4,6,9,11
1.5,4,6,10,11
1.5,4,6,11,11
1.5,4,6,12,11
1.5,4,6,13,11
1.5,4,6,14,11
1.5,4,6,15,11
1.5,4,7,0,11
1.5,4,7,1,11
1.5,4,7,2,11
1.5,4,7,3,11
1.5,4,7,4,11
1.5,4,7,5,11
1.5,4,7,6,11
1.5,4,7,7,11
1.5,4,7,8,11
1.5,4,7,9,11
1.5,4,7,10,11
1.5,4,7,11,11
1.5,4,7,12,11
1.5,4,7,13,11
1.5,4,7,14,11
1.5,4,7,15,11
1.5,4,8,0,11
1.5,4,8,1,11
1.5,4,8,2,11
1.5,4,8,3,11
1.5,4,8,4,11
1.5,4,8,5,11
1.5,4,8,6,11
1.5,4,8,7,11
1.5,4,8,8,11
1.5,4,8,9,11
1.5,4,8,10,11
1.5,4,8,11,11
1.5,4,8,12,11
1.5,4,8,13,11
1.5,4,8,14,11
1.5,4,8,15,11
1.5,4,9,0,11
1.5,4,9,1,11
1.5,4,9,2,11
1.5,4,9,3,11
1.5,4,9,4,11
1.5,4,9,5,11
1.5,4,9,6,11
1.5,4,9,7,11
1.5,4,9,8,11
1.5,4,9,9,11
1.5,4,9,10,11
1.5,4,9,11,11
1.5,4,9,12,11
1.5,4,9,13,11
1.5,4,9,14,11
1.5,4,9,15,11
1.5,4,10,0,11
1.5,4,10,1,11
1.5,4,10,2,11
1.5,4,10,3,11
1.5,4,10,4,11
1.5,4,10,5,11
1.5,4,10,6,11
1.5,4,10,7,11
1.5,4,10,8,11
1.5,4,10,9,11
1.5,4,10,10,11
1.5,4,10,11,11
1.5,4,10,12,11
1.5,4,10,13,11
1.5,4,10,14,11
1.5,4,10,15,12
1.5,4,11,0,11
1.5,4,11,1,11
1.5,4,11,2,11
1.5,4,11,3,11
1.5,4,11,4,11
1.5,4,11,5,11
1.5,4,11,6,11
1.5,4,11,7,11
1.5,4,11,8,11
1.5,4,11,9,11
1.5,4,11,10,11
1.5,4,11,11,11
1.5,4,11,12,11
1.5,4,11,13,11
1.5,4,11,14,12
1.5,4,11,15,12
1.5,4,12,0,11
1.5,4,12,1,11
1.5,4,12,2,11
1.5,4,12,3,11
1.5,4,12,4,11
1.5,4,12,5,11
1.5,4,12,6,11
1.5,4,12,7,11
1.5,4,12,8,11
1.5,4,12,9,11
1.5,4,12,10,11
1.5,4,12,11,11
1.5,4,12,12,11
1.5,4,12,13,12
1.5,4,12,14,12
1.5,4,12,15,12
1.5,4,13,0,11
1.5,4,13,1,11
1.5,4,13,2,11
1.5,4,13,3,11
1.5,4,13,4,11
1.5,4,13,5,11
1.5,4,13,6,11
1.5,4,13,7,11
1.5,4,13,8,11
1.5,4,13,9,11
1.5,4,13,10,11
1.5,4,13,11,11
1.5,4,13,12,12
1.5,4,13,13,12
1.5,4,13,14,12
1.5,4,13,15,12
1.5,4,14,0,11
1.5,4,14,1,11
1.5,4,14,2,11
1.5,4,14,3,11
1.5,4,14,4,11
1.5,4,14,5,11
1.5,4,14,6,11
1.5,4,14,7,11
1.5,4,14,8,11
1.5,4,14,9,11
1.5,4,14,10,11
1.5,4,14,11,12
1.5,4,14,12,12
1.5,4,14,13,12
1.5,4,14,14,12
1.5,4,14,15,12
1.5,4,15,0,11
1.5,4,15,1,11
1.5,4,15,2,11
1.5,4,15,3,11
1.5,4,15,4,11
1.5,4,15,5,11
1.5,4,15,6,11
1.5,4,15,7,11
1.5,4,15,8,11
1.5,4,15,9,11
1.5,4,15,10,12
1.5,4,15,11,12
1.5,4,15,12,12
1.5,4,15,13,12
1.5,4,15,14,12
1.5,4,15,15,12
1.5,5,0,0,10
1.5,5,0,1,10
1.5,5,0,2,10
1.5,5,0,3,10
1.5,5,0,4,10
1.5,5,0,5,11
1.5,5,0,6,11
1.5,5,0,7,11
1.5,5,0,8,11
1.5,5,0,9,11
1.5,5,0,10,11
1.5,5,0,11,11
1.5,5,0,12,11
1.5,5,0,13,11
1.5,5,0,14,11
1.5,5,0,15,11
1.5,5,1,0,10
1.5,5,1,1,10
1.5,5,1,2,10
1.5,5,1,3,10
1.5,5,1,4,11
1.5,5,1,5,11
1.5,5,1,6,11
1.5,5,1,7,11
1.5,5,1,8,11
1.5,5,1,9,11
1.5,5,1,10,11
1.5,5,1,11,11
1.5,5,1,12,11
1.5,5,1,13,11
1.5,5,1,14,11
1.5,5,1,15,11
1.5,5,2,0,10
1.5,5,2,1,10
1.5,5,2,2,10
1.5,5,2,3,11
1.5,5,2,4,11
1.5,5,2,5,11
1.5,5,2,6,11
1.5,5,2,7,11
1.5,5,2,8,11
1.5,5,2,9,11
1.5,5,2,10,11
1.5,5,2,11,11
1.5,5,2,12,11
1.5,5,2,13,11
1.5,5,2,14,11
1.5,5,2,15,11
1.5,5,3,0,10
1.5,5,3,1,11
1.5,5,3,2,11
1.5,5,3,3,11
1.5,5,3,4,11
1.5,5,3,5,11
1.5,5,3,6,11
1.5,5,3,7,11
1.5,5,3,8,11
1.5,5,3,9,11
1.5,5,3,10,11
1.5,5,3,11,11
1.5,5,3,12,11
1.5,5,3,13,11
1.5,5,3,14,11
1.5,5,3,15,11
1.5,5,4,0,11
1.5,5,4,1,11
1.5,5,4,2,11
1.5,5,4,3,11
1.5,5,4,4,11
1.5,5,4,5,11
1.5,5,4,6,11
1.5,5,4,7,11
1.5,5,4,8,11
1.5,5,4,9,11
1.5,5,4,10,11
1.5,5,4,11,11
1.5,5,4,12,11
1.5,5,4,13,11
1.5,5,4,14,11
1.5,5,4,15,11
1.5,5,5,0,11
1.5,5,5,1,11
1.5,5,5,2,11
1.5,5,5,3,11
1.5,5,5,4,11
1.5,5,5,5,11
1.5,5,5,6,11
1.5,5,5,7,11
1.5,5,5,8,11
1.5,5,5,9,11
1.5,5,5,10,11
1.5,5,5,11,11
1.5,5,5,12,11
1.5,5,5,13,11
1.5,5,5,14,11
1.5,5,5,15,11
1.5,5,6,0,11
1.5,5,6,1,11
1.5,5,6,2,11
1.5,5,6,3,11
1.5,5,6,4,11
1.5,5,6,5,11
1.5,5,6,6,11
1.5,5,6,7,11
1.5,5,6,8,11
1.5,5,6,9,11
1.5,5,6,10,11
1.5,5,6,11,11
1.5,5,6,12,11
1.5,5,6,13,11
1.5,5,6,14,11
1.5,5,6,15,11
1.5,5,7,0,11
1.5,5,7,1,11
1.5,5,7,2,11
1.5,5,7,3,11
1.5,5,7,4,11
1.5,5,7,5,11
1.5,5,7,6,11
1.5,5,7,7,11
1.5,5,7,8,11
1.5,5,7,9,11
1.5,5,7,10,11
1.5,5,7,11,11
1.5,5,7,12,11
1.5,5,7,13,11
1.5,5,7,14,11
1.5,5,7,15,11
1.5,5,8,0,11
1.5,5,8,1,11
1.5,5,8,2,11
1.5,5,8,3,11
1.5,5,8,4,11
1.5,5,8,5,11
1.5,5,8,6,11
1.5,5,8,7,11
1.5,5,8,8,11
1.5,5,8,9,11
1.5,5,8,10,11
1.5,5,8,11,11
1.5,5,8,12,11
1.5,5,8,13,11
1.5,5,8,14,12
1.5,5,8,15,12
1.5,5,9,0,11
1.5,5,9,1,11
1.5,5,9,2,11
1.5,5,9,3,11
1.5,5,9,4,11
1.5,5,9,5,11
1.5,5,9,6,11
1.5,5,9,7,11
1.5,5,9,8,11
1.5,5,9,9,11
1.5,5,9,10,11
1.5,5,9,11,11
1.5,5,9,12,11
1.5,5,9,13,12
1.5,5,9,14,12
1.5,5,9,15,12
1.5,5,10,0,11
1.5,5,10,1,11
1.5,5,10,2,11
1.5,5,10,3,11
1.5,5,10,4,11
1.5,5,10,5,11
1.5,5,10,6,11
1.5,5,10,7,11
1.5,5,10,8,11
1.5,5,10,9,11
1.5,5,10,10,11
1.5,5,10,11,11
1.5,5,10,12,12
1.5,5,10,13,12
1.5,5,10,14,12
1.5,5,10,15,12
1.5,5,11,0,11
1.5,5,11,1,11
1.5,5,11,2,11
1.5,5,11,3,11
1.5,5,11,4,11
1.5,5,11,5,11
1.5,5,11,6,11
1.5,5,11,7,11
1.5,5,11,8,11
1.5,5,11,9,11
1.5,5,11,10,11
1.5,5,11,11,12
1.5,5,11,12,12
1.5,5,11,13,12
1.5,5,11,14,12
1.5,5,11,15,12
1.5,5,12,0,11
1.5,5,12,1,11
1.5,5,12,2,11
1.5,5,12,3,11
1.5,5,12,4,11
1.5,5,12,5,11
1.5,5,12,6,11
1.5,5,12,7,11
1.5,5,12,8,11
1.5,5,12,9,12
1.5,5,12,10,12
1.5,5,12,11,12
1.5,5,12,12,12
1.5,5,12,13,12
1.5,5,12,14,12
1.5,5,12,15,12
1.5,5,13,0,11
1.5,5,13,1,11
1.5,5,13,2,11
1.5,5,13,3,11
1.5,5,13,4,11
1.5,5,13,5,11
1.5,5,13,6,11
1.5,5,13,7,11
1.5,5,13,8,12
1.5,5,13,9,12
1.5,5,13,10,12
1.5,5,13,11,12
1.5,5,13,12,12
1.5,5,13,13,12
1.5,5,13,14,12
1.5,5,13,15,12
1.5,5,14,0,11
1.5,5,14,1,11
1.5,5,14,2,11
1.5,5,14,3,11
1.5,5,14,4,11
1.5,5,14,5,11
1.5,5,14,6,11
1.5,5,14,7,12
1.5,5,14,8,12
1.5,5,14,9,12
1.5,5,14,10,12
1.5,5,14,11,12
1.5,5,14,12,12
1.5,5,14,13,12
1.5,5,14,14,12
1.5,5,14,15,12
1.5,5,15,0,11
1.5,5,15,1,11
1.5,5,15,2,11
1.5,5,15,3,11
1.5,5,15,4,11
1.5,5,15,5,11
1.5,5,15,6,12
1.5,5,15,7,12
1.5,5,15,8,12
1.5,5,15,9,12
1.5,5,15,10,12
1.5,5,15,11,12
1.5,5,15,12,12
1.5,5,15,13,12
1.5,5,15,14,12
1.5,5,15,15,12
1.5,6,0,0,10
1.5,6,0,1,10
1.5,6,0,2,11
1.5,6,0,3,11
1.5,6,0,4,11
1.5,6,0,5,11
1.5,6,0,6,11
1.5,6,0,7,11
1.5,6,0,8,11
1.5,6,0,9,11
1.5,6,0,10,11
1.5,6,0,11,11
1.5,6,0,12,11
1.5,6,0,13,11
1.5,6,0,14,11
1.5,6,0,15,11
1.5,6,1,0,10
1.5,6,1,1,11
1.5,6,1,2,11
1.5,6,1,3,11
1.5,6,1,4,11
1.5,6,1,5,11
1.5,6,1,6,11
1.5,6,1,7,11
1.5,6,1,8,11
1.5,6,1,9,11
1.5,6,1,10,11
1.5,6,1,11,11
1.5,6,1,12,11
1.5,6,1,13,11
1.5,6,1,14,11
1.5,6,1,15,11
1.5,6,2,0,11
1.5,6,2,1,11
1.5,6,2,2,11
1.5,6,2,3,11
1.5,6,2,4,11
1.5,6,2,5,11
1.5,6,2,6,11
1.5,6,2,7,11
1.5,6,2,8,11
1.5,6,2,9,11
1.5,6,2,10,11
1.5,6,2,11,11
1.5,6,2,12,11
1.5,6,2,13,11
1.5,6,2,14,11
1.5,6,2,15,11
1.5,6,3,0,11
1.5,6,3,1,11
1.5,6,3,2,11
1.5,6,3,3,11
1.5,6,3,4,11
1.5,6,3,5,11
1.5,6,3,6,11
1.5,6,3,7,11
1.5,6,3,8,11
1.5,6,3,9,11
1.5,6,3,10,11
1.5,6,3,11,11
1.5,6,3,12,11
1.5,6,3,13,11
1.5,6,3,14,11
1.5,6,3,15,11
1.5,6,4,0,11
1.5,6,4,1,11
1.5,6,4,2,11
1.5,6,4,3,11
1.5,6,4,4,11
1.5,6,4,5,11
1.5,6,4,6,11
1.5,6,4,7,11
1.5,6,4,8,11
1.5,6,4,9,11
1.5,6,4,10,11
1.5,6,4,11,11
1.5,6,4,12,11
1.5,6,4,13,11
1.5,6,4,14,11
1.5,6,4,15,11
1.5,6,5,0,11
1.5,6,5,1,11
1.5,6,5,2,11
1.5,6,5,3,11
1.5,6,5,4,11
1.5,6,5,5,11
1.5,6,5,6,11
1.5,6,5,7,11
1.5,6,5,8,11
1.5,6,5,9,11
1.5,6,5,10,11
1.5,6,5,11,11
1.5,6,5,12,11
1.5,6,5,13,11
1.5,6,5,14,11
1.5,6,5,15,12
1.5,6,6,0,11
1.5,6,6,1,11
1.5,6,6,2,11
1.5,6,6,3,11
1.5,6,6,4,11
1.5,6,6,5,11
1.5,6,6,6,11
1.5,6,6,7,11
1.5,6,6,8,11
1.5,6,6,9,11
1.5,6,6,10,11
1.5,6,6,11,11
1.5,6,6,12,11
1.5,6,6,13,12
1.5,6,6,14,12
1.5,6,6,15,12
1.5,6,7,0,11
1.5,6,7,1,11
1.5,6,7,2,11
1.5,6,7,3,11
1.5,6,7,4,11
1.5,6,7,5,11
1.5,6,7,6,11
1.5,6,7,7,11
1.5,6,7,8,11
1.5,6,7,9,11
1.5,6,7,10,11
1.5,6,7,11,11
1.5,6,7,12,12
1.5,6,7,13,12
1.5,6,7,14,12
1.5,6,7,15,12
1.5,6,8,0,11
1.5,6,8,1,11
1.5,6,8,2,11
1.5,6,8,3,11
1.5,6,8,4,11
1.5,6,8,5,11
1.5,6,8,6,11
1.5,6,8,7,11
1.5,6,8,8,11
1.5,6,8,9,11
1.5,6,8,10,11
1.5,6,8,11,12
1.5,6,8,12,12
1.5,6,8,13,12
1.5,6,8,14,12
1.5,6,8,15,12
1.5,6,9,0,11
1.5,6,9,1,11
1.5,6,9,2,11
1.5,6,9,3,11
1.5,6,9,4,11
1.5,6,9,5,11
1.5,6,9,6,11
1.5,6,9,7,11
1.5,6,9,8,11
1.5,6,9,9,11
1.5,6,9,10,12
1.5,6,9,11,12
1.5,6,9,12,12
1.5,6,9,13,12
1.5,6,9,14,12
1.5,6,9,15,12
1.5,6,10,0,11
1.5,6,10,1,11
1.5,6,10,2,11
1.5,6,10,3,11
1.5,6,10,4,11
1.5,6,10,5,11
1.5,6,10,6,11
1.5,6,10,7,11
1.5,6,10,8,12
1.5,6,10,9,12
1.5,6,10,10,12
1.5,6,10,11,12
1.5,6,10,12,12
1.5,6,10,13,12
1.5,6,10,14,12
1.5,6,10,15,12
1.5,6,11,0,11
1.5,6,11,1,11
1.5,6,11,2,11
1.5,6,11,3,11
1.5,6,11,4,11
1.5,6,11,5,11
1.5,6,11,6,11
1.5,6,11,7,12
1.5,6,11,8,12
1.5,6,11,9,12
1.5,6,11,10,12
1.5,6,11,11,12
1.5,6,11,12,12
1.5,6,11,13,12
1.5,6,11,14,12
1.5,6,11,15,12
1.5,6,12,0,11
1.5,6,12,1,11
1.5,6,12,2,11
1.5,6,12,3,11
1.5,6,12,4,11
1.5,6,12,5,11
1.5,6,12,6,12
1.5,6,12,7,12
1.5,6,12,8,12
1.5,6,12,9,12
1.5,6,12,10,12
1.5,6,12,11,12
1.5,6,12,12,12
1.5,6,12,13,12
1.5,6,12,14,12
1.5,6,12,15,12
1.5,6,13,0,11
1.5,6,13,1,11
1.5,6,13,2,11
1.5,6,13,3,11
1.5,6,13,4,11
1.5,6,13,5,12
1.5,6,13,6,12
1.5,6,13,7,12
1.5,6,13,8,12
1.5,6,13,9,12
1.5,6,13,10,12
1.5,6,13,11,12
1.5,6,13,12,12
1.5,6,13,13,12
1.5,6,13,14,12
1.5,6,13,15,12
1.5,6,14,0,11
1.5,6,14,1,11
1.5,6,14,2,11
1.5,6,14,3,11
1.5,6,14,4,12
1.5,6,14,5,12
1.5,6,14,6,12
1.5,6,14,7,12
1.5,6,14,8,12
1.5,6,14,9,12
1.5,6,14,10,12
1.5,6,14,11,12
1.5,6,14,12,12
1.5,6,14,13,12
1.5,6,14,14,12
1.5,6,14,15,12
1.5,6,15,0,11
1.5,6,15,1,11
1.5,6,15,2,11
1.5,6,15,3,12
1.5,6,15,4,12
1.5,6,15,5,12
1.5,6,15,6,12
1.5,6,15,7,12
1.5,6,15,8,12
1.5,6,15,9,12
1.5,6,15,10,12
1.5,6,15,11,12
1.5,6,15,12,12
1.5,6,15,13,12
1.5,6,15,14,12
1.5,6,15,15,12
1.5,7,0,0,11
1.5,7,0,1,11
1.5,7,0,2,11
1.5,7,0,3,11
1.5,7,0,4,11
1.5,7,0,5,11
1.5,7,0,6,11
1.5,7,0,7,11
1.5,7,0,8,11
1.5,7,0,9,11
1.5,7,0,10,11
1.5,7,0,11,11
1.5,7,0,12,11
1.5,7,0,13,11
1.5,7,0,14,11
1.5,7,0,15,11
1.5,7,1,0,11
1.5,7,1,1,11
1.5,7,1,2,11
1.5,7,1,3,11
1.5,7,1,4,11
1.5,7,1,5,11
1.5,7,1,6,11
1.5,7,1,7,11
1.5,7,1,8,11
1.5,7,1,9,11
1.5,7,1,10,11
1.5,7,1,11,11
1.5,7,1,12,11
1.5,7,1,13,11
1.5,7,1,14,11
1.5,7,1,15,11
1.5,7,2,0,11
1.5,7,2,1,11
1.5,7,2,2,11
1.5,7,2,3,11
1.5,7,2,4,11
1.5,7,2,5,11
1.5,7,2,6,11
1.5,7,2,7,11
1.5,7,2,8,11
1.5,7,2,9,11
1.5,7,2,10,11
1.5,7,2,11,11
1.5,7,2,12,11
1.5,7,2,13,11
1.5,7,2,14,11
1.5,7,2,15,12
1.5,7,3,0,11
1.5,7,3,1,11
1.5,7,3,2,11
1.5,7,3,3,11
1.5,7,3,4,11
1.5,7,3,5,11
1.5,7,3,6,11
1.5,7,3,7,11
1.5,7,3,8,11
1.5,7,3,9,11
1.5,7,3,10,11
1.5,7,3,11,11
1.5,7,3,12,11
1.5,7,3,13,11
1.5,7,3,14,12
1.5,7,3,15,12
1.5,7,4,0,11
1.5,7,4,1,11
1.5,7,4,2,11
1.5,7,4,3,11
1.5,7,4,4,11
1.5,7,4,5,11
1.5,7,4,6,11
1.5,7,4,7,11
1.5,7,4,8,11
1.5,7,4,9,11
1.5,7,4,10,11
1.5,7,4,11,11
1.5,7,4,12,12
1.5,7,4,13,12
1.5,7,4,14,12
1.5,7,4,15,12
1.5,7,5,0,11
1.5,7,5,1,11
1.5,7,5,2,11
1.5,7,5,3,11
1.5,7,5,4,11
1.5,7,5,5,11
1.5,7,5,6,11
1.5,7,5,7,11
1.5,7,5,8,11
1.5,7,5,9,11
1.5,7,5,10,11
1.5,7,5,11,12
1.5,7,5,12,12
1.5,7,5,13,12
1.5,7,5,14,12
1.5,7,5,15,12
1.5,7,6,0,11
1.5,7,6,1,11
1.5,7,6,2,11
1.5,7,6,3,11
1.5,7,6,4,11
1.5,7,6,5,11
1.5,7,6,6,11
1.5,7,6,7,11
1.5,7,6,8,11
1.5,7,6,9,11
1.5,7,6,10,12
1.5,7,6,11,12
1.5,7,6,12,12
1.5,7,6,13,12
1.5,7,6,14,12
1.5,7,6,15,12
1.5,7,7,0,11
1.5,7,7,1,11
1.5,7,7,2,11
1.5,7,7,3,11
1.5,7,7,4,11
1.5,7,7,5,11
1.5,7,7,6,11
1.5,7,7,7,11
1.5,7,7,8,11
1.5,7,7,9,12
1.5,7,7,10,12
1.5,7,7,11,12
1.5,7,7,12,12
1.5,7,7,13,12
1.5,7,7,14,12
1.5,7,7,15,12
1.5,7,8,0,11
1.5,7,8,1,11
1.5,7,8,2,11
1.5,7,8,3,11
1.5,7,8,4,11
1.5,7,8,5,11
1.5,7,8,6,11
1.5,7,8,7,12
1.5,7,8,8,12
1.5,7,8,9,12
1.5,7,8,10,12
1.5,7,8,11,12
1.5,7,8,12,12
1.5,7,8,13,12
1.5,7,8,14,12
1.5,7,8,15,12
1.5,7,9,0,11
1.5,7,9,1,11
1.5,7,9,2,11
1.5,7,9,3,11
1.5,7,9,4,11
1.5,7,9,5,11
1.5,7,9,6,12
1.5,7,9,7,12
1.5,7,9,8,12
1.5,7,9,9,12
1.5,7,9,10,12
1.5,7,9,11,12
1.5,7,9,12,12
1.5,7,9,13,12
1.5,7,9,14,12
1.5,7,9,15,12
1.5,7,10,0,11
1.5,7,10,1,11
1.5,7,10,2,11
1.5,7,10,3,11
1.5,7,10,4,11
1.5,7,10,5,12
1.5,7,10,6,12
1.5,7,10,7,12
1.5,7,10,8,12
1.5,7,10,9,12
1.5,7,10,10,12
1.5,7,10,11,12
1.5,7,10,12,12
1.5,7,10,13,12
1.5,7,10,14,12
1.5,7,10,15,12
1.5,7,11,0,11
1.5,7,11,1,11
1.5,7,11,2,11
1.5,7,11,3,11
1.5,7,11,4,12
1.5,7,11,5,12
1.5,7,11,6,12
1.5,7,11,7,12
1.5,7,11,8,12
1.5,7,11,9,12
1.5,7,11,10,12
1.5,7,11,11,12
1.5,7,11,12,12
1.5,7,11,13,12
1.5,7,11,14,12
1.5,7,11,15,12
1.5,7,12,0,11
1.5,7,12,1,11
1.5,7,12,2,11
1.5,7,12,3,12
1.5,7,12,4,12
1.5,7,12,5,12
1.5,7,12,6,12
1.5,7,12,7,12
1.5,7,12,8,12
1.5,7,12,9,12
1.5,7,12,10,12
1.5,7,12,11,12
1.5,7,12,12,12
1.5,7,12,13,12
1.5,7,12,14,12
1.5,7,12,15,12
1.5,7,13,0,11
1.5,7,13,1,11
1.5,7,13,2,12
1.5,7,13,3,12
1.5,7,13,4,12
1.5,7,13,5,12
1.5,7,13,6,12
1.5,7,13,7,12
1.5,7,13,8,12
1.5,7,13,9,12
1.5,7,13,10,12
1.5,7,13,11,12
1.5,7,13,12,12
1.5,7,13,13,12
1.5,7,13,14,12
1.5,7,13,15,12
1.5,7,14,0,11
1.5,7,14,1,12
1.5,7,14,2,12
1.5,7,14,3,12
1.5,7,14,4,12
1.5,7,14,5,12
1.5,7,14,6,12
1.5,7,14,7,12
1.5,7,14,8,12
1.5,7,14,9,12
1.5,7,14,10,12
1.5,7,14,11,12
1.5,7,14,12,12
1.5,7,14,13,12
1.5,7,14,14,12
1.5,7,14,15,12
1.5,7,15,0,12
1.5,7,15,1,12
1.5,7,15,2,12
1.5,7,15,3,12
1.5,7,15,4,12
1.5,7,15,5,12
1.5,7,15,6,12
1.5,7,15,7,12
1.5,7,15,8,12
1.5,7,15,9,12
1.5,7,15,10,12
1.5,7,15,11,12
1.5,7,15,12,12
1.5,7,15,13,12
1.5,7,15,14,12
1.5,7,15,15,12
1.5,8,0,0,11
1.5,8,0,1,11
1.5,8,0,2,11
1.5,8,0,3,11
1.5,8,0,4,11
1.5,8,0,5,11
1.5,8,0,6,11
1.5,8,0,7,11
1.5,8,0,8,11
1.5,8,0,9,11
1.5,8,0,10,11
1.5,8,0,11,11
1.5,8,0,12,11
1.5,8,0,13,11
1.5,8,0,14,12
1.5,8,0,15,12
1.5,8,1,0,11
1.5,8,1,1,11
1.5,8,1,2,11
1.5,8,1,3,11
1.5,8,1,4,11
1.5,8,1,5,11
1.5,8,1,6,11
1.5,8,1,7,11
1.5,8,1,8,11
1.5,8,1,9,11
1.5,8,1,10,11
1.5,8,1,11,11
1.5,8,1,12,11
1.5,8,1,13,12
1.5,8,1,14,12
1.5,8,1,15,12
1.5,8,2,0,11
1.5,8,2,1,11
1.5,8,2,2,11
1.5,8,2,3,11
1.5,8,2,4,11
1.5,8,2,5,11
1.5,8,2,6,11
1.5,8,2,7,11
1.5,8,2,8,11
1.5,8,2,9,11
1.5,8,2,10,11
1.5,8,2,11,11
1.5,8,2,12,12
1.5,8,2,13,12
1.5,8,2,14,12
1.5,8,2,15,12
1.5,8,3,0,11
1.5,8,3,1,11
1.5,8,3,2,11
1.5,8,3,3,11
1.5,8,3,4,11
1.5,8,3,5,11
1.5,8,3,6,11
1.5,8,3,7,11
1.5,8,3,8,11
1.5,8,3,9,11
1.5,8,3,10,12
1.5,8,3,11,12
1.5,8,3,12,12
1.5,8,3,13,12
1.5,8,3,14,12
1.5,8,3,15,12
1.5,8,4,0,11
1.5,8,4,1,11
1.5,8,4,2,11
1.5,8,4,3,11
1.5,8,4,4,11
1.5,8,4,5,11
1.5,8,4,6,11
1.5,8,4,7,11
1.5,8,4,8,11
1.5,8,4,9,12
1.5,8,4,10,12
1.5,8,4,11,12
1.5,8,4,12,12
1.5,8,4,13,12
1.5,8,4,14,12
1.5,8,4,15,12
1.5,8,5,0,11
1.5,8,5,1,11
1.5,8,5,2,11
1.5,8,5,3,11
1.5,8,5,4,11
1.5,8,5,5,11
1.5,8,5,6,11
1.5,8,5,7,11
1.5,8,5,8,12
1.5,8,5,9,12
1.5,8,5,10,12
1.5,8,5,11,12
1.5,8,5,12,12
1.5,8,5,13,12
1.5,8,5,14,12
1.5,8,5,15,12
1.5,8,6,0,11
1.5,8,6,1,11
1.5,8,6,2,11
1.5,8,6,3,11
1.5,8,6,4,11
1.5,8,6,5,11
1.5,8,6,6,11
1.5,8,6,7,12
1.5,8,6,8,12
1.5,8,6,9,12
1.5,8,6,10,12
1.5,8,6,11,12
1.5,8,6,12,12
1.5,8,6,13,12
1.5,8,6,14,12
1.5,8,6,15,12
1.5,8,7,0,11
1.5,8,7,1,11
1.5,8,7,2,11
1.5,8,7,3,11
1.5,8,7,4,11
1.5,8,7,5,12
1.5,8,7,6,12
1.5,8,7,7,12
1.5,8,7,8,12
1.5,8,7,9,12
1.5,8,7,10,12
1.5,8,7,11,12
1.5,8,7,12,12
1.5,8,7,13,12
1.5,8,7,14,12
1.5,8,7,15,12
1.5,8,8,0,11
1.5,8,8,1,11
1.5,8,8,2,11
1.5,8,8,3,11
1.5,8,8,4,12
1.5,8,8,5,12
1.5,8,8,6,12
1.5,8,8,7,12
1.5,8,8,8,12
1.5,8,8,9,12
1.5,8,8,10,12
1.5,8,8,11,12
1.5,8,8,12,12
1.5,8,8,13,12
1.5,8,8,14,12
1.5,8,8,15,12
1.5,8,9,0,11
1.5,8,9,1,11
1.5,8,9,2,11
1.5,8,9,3,12
1.5,8,9,4,12
1.5,8,9,5,12
1.5,8,9,6,12
1.5,8,9,7,12
1.5,8,9,8,12
1.5,8,9,9,12
1.5,8,9,10,12
1.5,8,9,11,12
1.5,8,9,12,12
1.5,8,9,13,12
1.5,8,9,14,12
1.5,8,9,15,12
1.5,8,10,0,11
1.5,8,10,1,11
1.5,8,10,2,12
1.5,8,10,3,12
1.5,8,10,4,12
1.5,8,10,5,12
1.5,8,10,6,12
1.5,8,10,7,12
1.5,8,10,8,12
1.5,8,10,9,12
1.5,8,10,10,12
1.5,8,10,11,12
1.5,8,10,12,12
1.5,8,10,13,12
1.5,8,10,14,12
1.5,8,10,15,12
1.5,8,11,0,11
1.5,8,11,1,12
1.5,8,11,2,12
1.5,8,11,3,12
1.5,8,11,4,12
1.5,8,11,5,12
1.5,8,11,6,12
1.5,8,11,7,12
1.5,8,11,8,12
1.5,8,11,9,12
1.5,8,11,10,12
1.5,8,11,11,12
1.5,8,11,12,12
1.5,8,11,13,12
1.5,8,11,14,12
1.5,8,11,15,12
1.5,8,12,0,12
1.5,8,12,1,12
1.5,8,12,2,12
1.5,8,12,3,12
1.5,8,12,4,12
1.5,8,12,5,12
1.5,8,12,6,12
1.5,8,12,7,12
1.5,8,12,8,12
1.5,8,12,9,12
1.5,8,12,10,12
1.5,8,12,11,12
1.5,8,12,12,12
1.5,8,12,13,12
1.5,8,12,14,12
1.5,8,12,15,12
1.5,8,13,0,12
1.5,8,13,1,12
1.5,8,13,2,12
1.5,8,13,3,12
1.5,8,13,4,12
1.5,8,13,5,12
1.5,8,13,6,12
1.5,8,13,7,12
1.5,8,13,8,12
1.5,8,13,9,12
1.5,8,13,10,12
1.5,8,13,11,12
1.5,8,13,12,12
1.5,8,13,13,12
1.5,8,13,14,12
1.5,8,13,15,12
1.5,8,14,0,12
1.5,8,14,1,12
1.5,8,14,2,12
1.5,8,14,3,12
1.5,8,14,4,12
1.5,8,14,5,12
1.5,8,14,6,12
1.5,8,14,7,12
1.5,8,14,8,12
1.5,8,14,9,12
1.5,8,14,10,12
1.5,8,14,11,12
1.5,8,14,12,12
1.5,8,14,13,12
1.5,8,14,14,12
1.5,8,14,15,13
1.5,8,15,0,12
1.5,8,15,1,12
1.5,8,15,2,12
1.5,8,15,3,12
1.5,8,15,4,12
1.5,8,15,5,12
1.5,8,15,6,12
1.5,8,15,7,12
1.5,8,15,8,12
1.5,8,15,9,12
1.5,8,15,10,12
1.5,8,15,11,12
1.5,8,15,12,12
1.5,8,15,13,12
1.5,8,15,14,13
1.5,8,15,15,13
1.5,9,0,0,11
1.5,9,0,1,11
1.5,9,0,2,11
1.5,9,0,3,11
1.5,9,0,4,11
1.5,9,0,5,11
1.5,9,0,6,11
1.5,9,0,7,11
1.5,9,0,8,11
1.5,9,0,9,11
1.5,9,0,10,11
1.5,9,0,11,12
1.5,9,0,12,12
1.5,9,0,13,12
1.5,9,0,14,12
1.5,9,0,15,12
1.5,9,1,0,11
1.5,9,1,1,11
1.5,9,1,2,11
1.5,9,1,3,11
1.5,9,1,4,11
1.5,9,1,5,11
1.5,9,1,6,11
1.5,9,1,7,11
1.5,9,1,8,11
1.5,9,1,9,11
1.5,9,1,10,12
1.5,9,1,11,12
1.5,9,1,12,12
1.5,9,1,13,12
1.5,9,1,14,12
1.5,9,1,15,12
1.5,9,2,0,11
1.5,9,2,1,11
1.5,9,2,2,11
1.5,9,2,3,11
1.5,9,2,4,11
1.5,9,2,5,11
1.5,9,2,6,11
1.5,9,2,7,11
1.5,9,2,8,12
1.5,9,2,9,12
1.5,9,2,10,12
1.5,9,2,11,12
1.5,9,2,12,12
1.5,9,2,13,12
1.5,9,2,14,12
1.5,9,2,15,12
1.5,9,3,0,11
1.5,9,3,1,11
1.5,9,3,2,11
1.5,9,3,3,11
1.5,9,3,4,11
1.5,9,3,5,11
1.5,9,3,6,11
1.5,9,3,7,12
1.5,9,3,8,12
1.5,9,3,9,12
1.5,9,3,10,12
1.5,9,3,11,12
1.5,9,3,12,12
1.5,9,3,13,12
1.5,9,3,14,12
1.5,9,3,15,12
1.5,9,4,0,11
1.5,9,4,1,11
1.5,9,4,2,11
1.5,9,4,3,11
1.5,9,4,4,11
1.5,9,4,5,11
1.5,9,4,6,12
1.5,9,4,7,12
1.5,9,4,8,12
1.5,9,4,9,12
1.5,9,4,10,12
1.5,9,4,11,12
1.5,9,4,12,12
1.5,9,4,13,12
1.5,9,4,14,12
1.5,9,4,15,12
1.5,9,5,0,11
1.5,9,5,1,11
1.5,9,5,2,11
1.5,9,5,3,11
1.5,9,5,4,11
1.5,9,5,5,12
1.5,9,5,6,12
1.5,9,5,7,12
1.5,9,5,8,12
1.5,9,5,9,12
1.5,9,5,10,12
1.5,9,5,11,12
1.5,9,5,12,12
1.5,9,5,13,12
1.5,9,5,14,12
1.5,9,5,15,12
1.5,9,6,0,11
1.5,9,6,1,11
1.5,9,6,2,11
1.5,9,6,3,12
1.5,9,6,4,12
1.5,9,6,5,12
1.5,9,6,6,12
1.5,9,6,7,12
1.5,9,6,8,12
1.5,9,6,9,12
1.5,9,6,10,12
1.5,9,6,11,12
1.5,9,6,12,12
1.5,9,6,13,12
1.5,9,6,14,12
1.5,9,6,15,12
1.5,9,7,0,11
1.5,9,7,1,11
1.5,9,7,2,12
1.5,9,7,3,12
1.5,9,7,4,12
1.5,9,7,5,12
1.5,9,7,6,12
1.5,9,7,7,12
1.5,9,7,8,12
1.5,9,7,9,12
1.5,9,7,10,12
1.5,9,7,11,12
1.5,9,7,12,12
1.5,9,7,13,12
1.5,9,7,14,12
1.5,9,7,15,12
1.5,9,8,0,11
1.5,9,8,1,12
1.5,9,8,2,12
1.5,9,8,3,12
1.5,9,8,4,12
1.5,9,8,5,12
1.5,9,8,6,12
1.5,9,8,7,12
1.5,9,8,8,12
1.5,9,8,9,12
1.5,9,8,10,12
1.5,9,8,11,12
1.5,9,8,12,12
1.5,9,8,13,12
1.5,9,8,14,12
1.5,9,8,15,12
1.5,9,9,0,12
1.5,9,9,1,12
1.5,9,9,2,12
1.5,9,9,3,12
1.5,9,9,4,12
1.5,9,9,5,12
1.5,9,9,6,12
1.5,9,9,7,12
1.5,9,9,8,12
1.5,9,9,9,12
1.5,9,9,10,12
1.5,9,9,11,12
1.5,9,9,12,12
1.5,9,9,13,12
1.5,9,9,14,12
1.5,9,9,15,12
1.5,9,10,0,12
1.5,9,10,1,12
1.5,9,10,2,12
1.5,9,10,3,12
1.5,9,10,4,12
1.5,9,10,5,12
1.5,9,10,6,12
1.5,9,10,7,12
1.5,9,10,8,12
1.5,9,10,9,12
1.5,9,10,10,12
1.5,9,10,11,12
1.5,9,10,12,12
1.5,9,10,13,12
1.5,9,10,14,12
1.5,9,10,15,12
1.5,9,11,0,12
1.5,9,11,1,12
1.5,9,11,2,12
1.5,9,11,3,12
1.5,9,11,4,12
1.5,9,11,5,12
1.5,9,11,6,12
1.5,9,11,7,12
1.5,9,11,8,12
1.5,9,11,9,12
1.5,9,11,10,12
1.5,9,11,11,12
1.5,9,11,12,12
1.5,9,11,13,12
1.5,9,11,14,12
1.5,9,11,15,13
1.5,9,12,0,12
1.5,9,12,1,12
1.5,9,12,2,12
1.5,9,12,3,12
1.5,9,12,4,12
1.5,9,12,5,12
1.5,9,12,6,12
1.5,9,12,7,12
1.5,9,12,8,12
1.5,9,12,9,12
1.5,9,12,10,12
1.5,9,12,11,12
1.5,9,12,12,12
1.5,9,12,13,12
1.5,9,12,14,13
1.5,9,12,15,13
1.5,9,13,0,12
1.5,9,13,1,12
1.5,9,13,2,12
1.5,9,13,3,12
1.5,9,13,4,12
1.5,9,13,5,12
1.5,9,13,6,12
1.5,9,13,7,12
1.5,9,13,8,12
1.5,9,13,9,12
1.5,9,13,10,12
1.5,9,13,11,12
1.5,9,13,12,12
1.5,9,13,13,13
1.5,9,13,14,13
1.5,9,13,15,13
1.5,9,14,0,12
1.5,9,14,1,12
1.5,9,14,2,12
1.5,9,14,3,12
1.5,9,14,4,12
1.5,9,14,5,12
1.5,9,14,6,12
1.5,9,14,7,12
1.5,9,14,8,12
1.5,9,14,9,12
1.5,9,14,10,12
1.5,9,14,11,13
1.5,9,14,12,13
1.5,9,14,13,13
1.5,9,14,14,13
1.5,9,14,15,13
1.5,9,15,0,12
1.5,9,15,1,12
1.5,9,15,2,12
1.5,9,15,3,12
1.5,9,15,4,12
1.5,9,15,5,12
1.5,9,15,6,12
1.5,9,15,7,12
1.5,9,15,8,12
1.5,9,15,9,12
1.5,9,15,10,13
1.5,9,15,11,13
1.5,9,15,12,13
1.5,9,15,13,13
1.5,9,15,14,13
1.5,9,15,15,13
1.5,10,0,0,11
1.5,10,0,1,11
1.5,10,0,2,11
1.5,10,0,3,11
1.5,10,0,4,11
1.5,10,0,5,11
1.5,10,0,6,11
1.5,10,0,7,11
1.5,10,0,8,12
1.5,10,0,9,12
1.5,10,0,10,12
1.5,10,0,11,12
1.5,10,0,12,12
1.5,10,0,13,12
1.5,10,0,14,12
1.5,10,0,15,12
1.5,10,1,0,11
1.5,10,1,1,11
1.5,10,1,2,11
1.5,10,1,3,11
1.5,10,1,4,11
1.5,10,1,5,11
1.5,10,1,6,12
1.5,10,1,7,12
1.5,10,1,8,12
1.5,10,1,9,12
1.5,10,1,10,12
1.5,10,1,11,12
1.5,10,1,12,12
1.5,10,1,13,12
1.5,10,1,14,12
1.5,10,1,15,12
1.5,10,2,0,11
1.5,10,2,1,11
1.5,10,2,2,11
1.5,10,2,3,11
1.5,10,2,4,11
1.5,10,2,5,12
1.5,10,2,6,12
1.5,10,2,7,12
1.5,10,2,8,12
1.5,10,2,9,12
1.5,10,2,10,12
1.5,10,2,11,12
1.5,10,2,12,12
1.5,10,2,13,12
1.5,10,2,14,12
1.5,10,2,15,12
1.5,10,3,0,11
1.5,10,3,1,11
1.5,10,3,2,11
1.5,10,3,3,11
1.5,10,3,4,12
1.5,10,3,5,12
1.5,10,3,6,12
1.5,10,3,7,12
1.5,10,3,8,12
1.5,10,3,9,12
1.5,10,3,10,12
1.5,10,3,11,12
1.5,10,3,12,12
1.5,10,3,13,12
1.5,10,3,14,12
1.5,10,3,15,12
1.5,10,4,0,11
1.5,10,4,1,11
1.5,10,4,2,11
1.5,10,4,3,12
1.5,10,4,4,12
1.5,10,4,5,12
1.5,10,4,6,12
1.5,10,4,7,12
1.5,10,4,8,12
1.5,10,4,9,12
1.5,10,4,10,12
1.5,10,4,11,12
1.5,10,4,12,12
1.5,10,4,13,12
1.5,10,4,14,12
1.5,10,4,15,12
1.5,10,5,0,11
1.5,10,5,1,11
1.5,10,5,2,12
1.5,10,5,3,12
1.5,10,5,4,12
1.5,10,5,5,12
1.5,10,5,6,12
1.5,10,5,7,12
1.5,10,5,8,12
1.5,10,5,9,12
1.5,10,5,10,12
1.5,10,5,11,12
1.5,10,5,12,12
1.5,10,5,13,12
1.5,10,5,14,12
1.5,10,5,15,12
1.5,10,6,0,12
1.5,10,6,1,12
1.5,10,6,2,12
1.5,10,6,3,12
1.5,10,6,4,12
1.5,10,6,5,12
1.5,10,6,6,12
1.5,10,6,7,12
1.5,10,6,8,12
1.5,10,6,9,12
1.5,10,6,10,12
1.5,10,6,11,12
1.5,10,6,12,12
1.5,10,6,13,12
1.5,10,6,14,12
1.5,10,6,15,12
1.5,10,7,0,12
1.5,10,7,1,12
1.5,10,7,2,12
1.5,10,7,3,12
1.5,10,7,4,12
1.5,10,7,5,12
1.5,10,7,6,12
1.5,10,7,7,12
1.5,10,7,8,12
1.5,10,7,9,12
1.5,10,7,10,12
1.5,10,7,11,12
1.5,10,7,12,12
1.5,10,7,13,12
1.5,10,7,14,12
1.5,10,7,15,12
1.5,10,8,0,12
1.5,10,8,1,12
1.5,10,8,2,12
1.5,10,8,3,12
1.5,10,8,4,12
1.5,10,8,5,12
1.5,10,8,6,12
1.5,10,8,7,12
1.5,10,8,8,12
1.5,10,8,9,12
1.5,10,8,10,12
1.5,10,8,11,12
1.5,10,8,12,12
1.5,10,8,13,12
1.5,10,8,14,12
1.5,10,8,15,13
1.5,10,9,0,12
1.5,10,9,1,12
1.5,10,9,2,12
1.5,10,9,3,12
1.5,10,9,4,12
1.5,10,9,5,12
1.5,10,9,6,12
1.5,10,9,7,12
1.5,10,9,8,12
1.5,10,9,9,12
1.5,10,9,10,12
1.5,10,9,11,12
1.5,10,9,12,12
1.5,10,9,13,12
1.5,10,9,14,13
1.5,10,9,15,13
1.5,10,10,0,12
1.5,10,10,1,12
1.5,10,10,2,12
1.5,10,10,3,12
1.5,10,10,4,12
1.5,10,10,5,12
1.5,10,10,6,12
1.5,10,10,7,12
1.5,10,10,8,12
1.5,10,10,9,12
1.5,10,10,10,12
1.5,10,10,11,12
1.5,10,10,12,12
1.5,10,10,13,13
1.5,10,10,14,13
1.5,10,10,15,13
1.5,10,11,0,12
1.5,10,11,1,12
1.5,10,11,2,12
1.5,10,11,3,12
1.5,10,11,4,12
1.5,10,11,5,12
1.5,10,11,6,12
1.5,10,11,7,12
1.5,10,11,8,12
1.5,10,11,9,12
1.5,10,11,10,12
1.5,10,11,11,12
1.5,10,11,12,13
1.5,10,11,13,13
1.5,10,11,14,13
1.5,10,11,15,13
1.5,10,12,0,12
1.5,10,12,1,12
1.5,10,12,2,12
1.5,10,12,3,12
1.5,10,12,4,12
1.5,10,12,5,12
1.5,10,12,6,12
1.5,10,12,7,12
1.5,10,12,8,12
1.5,10,12,9,12
1.5,10,12,10,12
1.5,10,12,11,13
1.5,10,12,12,13
1.5,10,12,13,13
1.5,10,12,14,13
1.5,10,12,15,13
1.5,10,13,0,12
1.5,10,13,1,12
1.5,10,13,2,12
1.5,10,13,3,12
1.5,10,13,4,12
1.5,10,13,5,12
1.5,10,13,6,12
1.5,10,13,7,12
1.5,10,13,8,12
1.5,10,13,9,13
1.5,10,13,10,13
1.5,10,13,11,13
1.5,10,13,12,13
1.5,10,13,13,13
1.5,10,13,14,13
1.5,10,13,15,13
1.5,10,14,0,12
1.5,10,14,1,12
1.5,10,14,2,12
1.5,10,14,3,12
1.5,10,14,4,12
1.5,10,14,5,12
1.5,10,14,6,12
1.5,10,14,7,12
1.5,10,14,8,13
1.5,10,14,9,13
1.5,10,14,10,13
1.5,10,14,11,13
1.5,10,14,12,13
1.5,10,14,13,13
1.5,10,14,14,13
1.5,10,14,15,13
1.5,10,15,0,12
1.5,10,15,1,12
1.5,10,15,2,12
1.5,10,15,3,12
1.5,10,15,4,12
1.5,10,15,5,12
1.5,10,15,6,12
1.5,10,15,7,13
1.5,10,15,8,13
1.5,10,15,9,13
1.5,10,15,10,13
1.5,10,15,11,13
1.5,10,15,12,13
1.5,10,15,13,13
1.5,10,15,14,13
1.5,10,15,15,13
1.5,11,0,0,11
1.5,11,0,1,11
1.5,11,0,2,11
1.5,11,0,3,11
1.5,11,0,4,11
1.5,11,0,5,12
1.5,11,0,6,12
1.5,11,0,7,12
1.5,11,0,8,12
1.5,11,0,9,12
1.5,11,0,10,12
1.5,11,0,11,12
1.5,11,0,12,12
1.5,11,0,13,12
1.5,11,0,14,12
1.5,11,0,15,12
1.5,11,1,0,11
1.5,11,1,1,11
1.5,11,1,2,11
1.5,11,1,3,12
1.5,11,1,4,12
1.5,11,1,5,12
1.5,11,1,6,12
1.5,11,1,7,12
1.5,11,1,8,12
1.5,11,1,9,12
1.5,11,1,10,12
1.5,11,1,11,12
1.5,11,1,12,12
1.5,11,1,13,12
1.5,11,1,14,12
1.5,11,1,15,12
1.5,11,2,0,11
1.5,11,2,1,11
1.5,11,2,2,12
1.5,11,2,3,12
1.5,11,2,4,12
1.5,11,2,5,12
1.5,11,2,6,12
1.5,11,2,7,12
1.5,11,2,8,12
1.5,11,2,9,12
1.5,11,2,10,12
1.5,11,2,11,12
1.5,11,2,12,12
1.5,11,2,13,12
1.5,11,2,14,12
1.5,11,2,15,12
1.5,11,3,0,11
1.5,11,3,1,12
1.5,11,3,2,12
1.5,11,3,3,12
1.5,11,3,4,12
1.5,11,3,5,12
1.5,11,3,6,12
1.5,11,3,7,12
1.5,11,3,8,12
1.5,11,3,9,12
1.5,11,3,10,12
1.5,11,3,11,12
1.5,11,3,12,12
1.5,11,3,13,12
1.5,11,3,14,12
1.5,11,3,15,12
1.5,11,4,0,12
1.5,11,4,1,12
1.5,11,4,2,12
1.5,11,4,3,12
1.5,11,4,4,12
1.5,11,4,5,12
1.5,11,4,6,12
1.5,11,4,7,12
1.5,11,4,8,12
1.5,11,4,9,12
1.5,11,4,10,12
1.5,11,4,11,12
1.5,11,4,12,12
1.5,11,4,13,12
1.5,11,4,14,12
1.5,11,4,15,12
1.5,11,5,0,12
1.5,11,5,1,12
1.5,11,5,2,12
1.5,11,5,3,12
1.5,11,5,4,12
1.5,11,5,5,12
1.5,11,5,6,12
1.5,11,5,7,12
1.5,11,5,8,12
1.5,11,5,9,12
1.5,11,5,10,12
1.5,11,5,11,12
1.5,11,5,12,12
1.5,11,5,13,12
1.5,11,5,14,12
1.5,11,5,15,12
1.5,11,6,0,12
1.5,11,6,1,12
1.5,11,6,2,12
1.5,11,6,3,12
1.5,11,6,4,12
1.5,11,6,5,12
1.5,11,6,6,12
1.5,11,6,7,12
1.5,11,6,8,12
1.5,11,6,9,12
1.5,11,6,10,12
1.5,11,6,11,12
1.5,11,6,12,12
1.5,11,6,13,12
1.5,11,6,14,12
1.5,11,6,15,13
1.5,11,7,0,12
1.5,11,7,1,12
1.5,11,7,2,12
1.5,11,7,3,12
1.5,11,7,4,12
1.5,11,7,5,12
1.5,11,7,6,12
1.5,11,7,7,12
1.5,11,7,8,12
1.5,11,7,9,12
1.5,11,7,10,12
1.5,11,7,11,12
1.5,11,7,12,12
1.5,11,7,13,13
1.5,11,7,14,13
1.5,11,7,15,13
1.5,11,8,0,12
1.5,11,8,1,12
1.5,11,8,2,12
1.5,11,8,3,12
1.5,11,8,4,12
1.5,11,8,5,12
1.5,11,8,6,12
1.5,11,8,7,12
1.5,11,8,8,12
1.5,11,8,9,12
1.5,11,8,10,12
1.5,11,8,11,12
1.5,11,8,12,13
1.5,11,8,13,13
1.5,11,8,14,13
1.5,11,8,15,13
1.5,11,9,0,12
1.5,11,9,1,12
1.5,11,9,2,12
1.5,11,9,3,12
1.5,11,9,4,12
1.5,11,9,5,12
1.5,11,9,6,12
1.5,11,9,7,12
1.5,11,9,8,12
1.5,11,9,9,12
1.5,11,9,10,12
1.5,11,9,11,13
1.5,11,9,12,13
1.5,11,9,13,13
1.5,11,9,14,13
1.5,11,9,15,13
1.5,11,10,0,12
1.5,11,10,1,12
1.5,11,10,2,12
1.5,11,10,3,12
1.5,11,10,4,12
1.5,11,10,5,12
1.5,11,10,6,12
1.5,11,10,7,12
1.5,11,10,8,12
1.5,11,10,9,12
1.5,11,10,10,13
1.5,11,10,11,13
1.5,11,10,12,13
1.5,11,10,13,13
1.5,11,10,14,13
1.5,11,10,15,13
1.5,11,11,0,12
1.5,11,11,1,12
1.5,11,11,2,12
1.5,11,11,3,12
1.5,11,11,4,12
1.5,11,11,5,12
1.5,11,11,6,12
1.5,11,11,7,12
1.5,11,11,8,12
1.5,11,11,9,13
1.5,11,11,10,13
1.5,11,11,11,13
1.5,11,11,12,13
1.5,11,11,13,13
1.5,11,11,14,13
1.5,11,11,15,13
1.5,11,12,0,12
1.5,11,12,1,12
1.5,11,12,2,12
1.5,11,12,3,12
1.5,11,12,4,12
1.5,11,12,5,12
1.5,11,12,6,12
1.5,11,12,7,13
1.5,11,12,8,13
1.5,11,12,9,13
1.5,11,12,10,13
1.5,11,12,11,13
1.5,11,12,12,13
1.5,11,12,13,13
1.5,11,12,14,13
1.5,11,12,15,13
1.5,11,13,0,12
1.5,11,13,1,12
1.5,11,13,2,12
1.5,11,13,3,12
1.5,11,13,4,12
1.5,11,13,5,12
1.5,11,13,6,13
1.5,11,13,7,13
1.5,11,13,8,13
1.5,11,13,9,13
1.5,11,13,10,13
1.5,11,13,11,13
1.5,11,13,12,13
1.5,11,13,13,13
1.5,11,13,14,13
1.5,11,13,15,13
1.5,11,14,0,12
1.5,11,14,1,12
1.5,11,14,2,12
1.5,11,14,3,12
1.5,11,14,4,12
1.5,11,14,5,13
1.5,11,14,6,13
1.5,11,14,7,13
1.5,11,14,8,13
1.5,11,14,9,13
1.5,11,14,10,13
1.5,11,14,11,13
1.5,11,14,12,13
1.5,11,14,13,13
1.5,11,14,14,13
1.5,11,14,15,13
1.5,11,15,0,12
1.5,11,15,1,12
1.5,11,15,2,12
1.5,11,15,3,12
1.5,11,15,4,13
1.5,11,15,5,13
1.5,11,15,6,13
1.5,11,15,7,13
1.5,11,15,8,13
1.5,11,15,9,13
1.5,11,15,10,13
1.5,11,15,11,13
1.5,11,15,12,13
1.5,11,15,13,13
1.5,11,15,14,13
1.5,11,15,15,13
1.5,12,0,0,11
1.5,12,0,1,11
1.5,12,0,2,12
1.5,12,0,3,12
1.5,12,0,4,12
1.5,12,0,5,12
1.5,12,0,6,12
1.5,12,0,7,12
1.5,12,0,8,12
1.5,12,0,9,12
1.5,12,0,10,12
1.5,12,0,11,12
1.5,12,0,12,12
1.5,12,0,13,12
1.5,12,0,14,12
1.5,12,0,15,12
1.5,12,1,0,12
1.5,12,1,1,12
1.5,12,1,2,12
1.5,12,1,3,12
1.5,12,1,4,12
1.5,12,1,5,12
1.5,12,1,6,12
1.5,12,1,7,12
1.5,12,1,8,12
1.5,12,1,9,12
1.5,12,1,10,12
1.5,12,1,11,12
1.5,12,1,12,12
1.5,12,1,13,12
1.5,12,1,14,12
1.5,12,1,15,12
1.5,12,2,0,12
1.5,12,2,1,12
1.5,12,2,2,12
1.5,12,2,3,12
1.5,12,2,4,12
1.5,12,2,5,12
1.5,12,2,6,12
1.5,12,2,7,12
1.5,12,2,8,12
1.5,12,2,9,12
1.5,12,2,10,12
1.5,12,2,11,12
1.5,12,2,12,12
1.5,12,2,13,12
1.5,12,2,14,12
1.5,12,2,15,12
1.5,12,3,0,12
1.5,12,3,1,12
1.5,12,3,2,12
1.5,12,3,3,12
1.5,12,3,4,12
1.5,12,3,5,12
1.5,12,3,6,12
1.5,12,3,7,12
1.5,12,3,8,12
1.5,12,3,9,12
1.5,12,3,10,12
1.5,12,3,11,12
1.5,12,3,12,12
1.5,12,3,13,12
1.5,12,3,14,12
1.5,12,3,15,13
1.5,12,4,0,12
1.5,12,4,1,12
1.5,12,4,2,12
1.5,12,4,3,12
1.5,12,4,4,12
1.5,12,4,5,12
1.5,12,4,6,12
1.5,12,4,7,12
1.5,12,4,8,12
1.5,12,4,9,12
1.5,12,4,10,12
1.5,12,4,11,12
1.5,12,4,12,12
1.5,12,4,13,12
1.5,12,4,14,13
1.5,12,4,15,13
1.5,12,5,0,12
1.5,12,5,1,12
1.5,12,5,2,12
1.5,12,5,3,12
1.5,12,5,4,12
1.5,12,5,5,12
1.5,12,5,6,12
1.5,12,5,7,12
1.5,12,5,8,12
1.5,12,5,9,12
1.5,12,5,10,12
1.5,12,5,11,12
1.5,12,5,12,12
1.5,12,5,13,13
1.5,12,5,14,13
1.5,12,5,15,13
1.5,12,6,0,12
1.5,12,6,1,12
1.5,12,6,2,12
1.5,12,6,3,12
1.5,12,6,4,12
1.5,12,6,5,12
1.5,12,6,6,12
1.5,12,6,7,12
1.5,12,6,8,12
1.5,12,6,9,12
1.5,12,6,10,12
1.5,12,6,11,13
1.5,12,6,12,13
1.5,12,6,13,13
1.5,12,6,14,13
1.5,12,6,15,13
1.5,12,7,0,12
1.5,12,7,1,12
1.5,12,7,2,12
1.5,12,7,3,12
1.5,12,7,4,12
1.5,12,7,5,12
1.5,12,7,6,12
1.5,12,7,7,12
1.5,12,7,8,12
1.5,12,7,9,12
1.5,12,7,10,13
1.5,12,7,11,13
1.5,12,7,12,13
1.5,12,7,13,13
1.5,12,7,14,13
1.5,12,7,15,13
1.5,12,8,0,12
1.5,12,8,1,12
1.5,12,8,2,12
1.5,12,8,3,12
1.5,12,8,4,12
1.5,12,8,5,12
1.5,12,8,6,12
1.5,12,8,7,12
1.5,12,8,8,12
1.5,12,8,9,13
1.5,12,8,10,13
1.5,12,8,11,13
1.5,12,8,12,13
1.5,12,8,13,13
1.5,12,8,14,13
1.5,12,8,15,13
1.5,12,9,0,12
1.5,12,9,1,12
1.5,12,9,2,12
1.5,12,9,3,12
1.5,12,9,4,12
1.5,12,9,5,12
1.5,12,9,6,12
1.5,12,9,7,12
1.5,12,9,8,13
1.5,12,9,9,13
1.5,12,9,10,13
1.5,12,9,11,13
1.5,12,9,12,13
1.5,12,9,13,13
1.5,12,9,14,13
1.5,12,9,15,13
1.5,12,10,0,12
1.5,12,10,1,12
1.5,12,10,2,12
1.5,12,10,3,12
1.5,12,10,4,12
1.5,12,10,5,12
1.5,12,10,6,12
1.5,12,10,7,13
1.5,12,10,8,13
1.5,12,10,9,13
1.5,12,10,10,13
1.5,12,10,11,13
1.5,12,10,12,13
1.5,12,10,13,13
1.5,12,10,14,13
1.5,12,10,15,13
1.5,12,11,0,12
1.5,12,11,1,12
1.5,12,11,2,12
1.5,12,11,3,12
1.5,12,11,4,12
1.5,12,11,5,13
1.5,12,11,6,13
1.5,12,11,7,13
1.5,12,11,8,13
1.5,12,11,9,13
1.5,12,11,10,13
1.5,12,11,11,13
1.5,12,11,12,13
1.5,12,11,13,13
1.5,12,11,14,13
1.5,12,11,15,13
1.5,12,12,0,12
1.5,12,12,1,12
1.5,12,12,2,12
1.5,12,12,3,12
1.5,12,12,4,13
1.5,12,12,5,13
1.5,12,12,6,13
1.5,12,12,7,13
1.5,12,12,8,13
1.5,12,12,9,13
1.5,12,12,10,13
1.5,12,12,11,13
1.5,12,12,12,13
1.5,12,12,13,13
1.5,12,12,14,13
1.5,12,12,15,13
1.5,12,13,0,12
1.5,12,13,1,12
1.5,12,13,2,12
1.5,12,13,3,13
1.5,12,13,4,13
1.5,12,13,5,13
1.5,12,13,6,13
1.5,12,13,7,13
1.5,12,13,8,13
1.5,12,13,9,13
1.5,12,13,10,13
1.5,12,13,11,13
1.5,12,13,12,13
1.5,12,13,13,13
1.5,12,13,14,13
1.5,12,13,15,13
1.5,12,14,0,12
1.5,12,14,1,12
1.5,12,14,2,13
1.5,12,14,3,13
1.5,12,14,4,13
1.5,12,14,5,13
1.5,12,14,6,13
1.5,12,14,7,13
1.5,12,14,8,13
1.5,12,14,9,13
1.5,12,14,10,13
1.5,12,14,11,13
1.5,12,14,12,13
1.5,12,14,13,13
1.5,12,14,14,13
1.5,12,14,15,13
1.5,12,15,0,12
1.5,12,15,1,13
1.5,12,15,2,13
1.5,12,15,3,13
1.5,12,15,4,13
1.5,12,15,5,13
1.5,12,15,6,13
1.5,12,15,7,13
1.5,12,15,8,13
1.5,12,15,9,13
1.5,12,15,10,13
1.5,12,15,11,13
1.5,12,15,12,13
1.5,12,15,13,13
1.5,12,15,14,13
1.5,12,15,15,13
1.5,13,0,0,12
1.5,13,0,1,12
1.5,13,0,2,12
1.5,13,0,3,12
1.5,13,0,4,12
1.5,13,0,5,12
1.5,13,0,6,12
1.5,13,0,7,12
1.5,13,0,8,12
1.5,13,0,9,12
1.5,13,0,10,12
1.5,13,0,11,12
1.5,13,0,12,12
1.5,13,0,13,12
1.5,13,0,14,12
1.5,13,0,15,12
1.5,13,1,0,12
1.5,13,1,1,12
1.5,13,1,2,12
1.5,13,1,3,12
1.5,13,1,4,12
1.5,13,1,5,12
1.5,13,1,6,12
1.5,13,1,7,12
1.5,13,1,8,12
1.5,13,1,9,12
1.5,13,1,10,12
1.5,13,1,11,12
1.5,13,1,12,12
1.5,13,1,13,12
1.5,13,1,14,12
1.5,13,1,15,13
1.5,13,2,0,12
1.5,13,2,1,12
1.5,13,2,2,12
1.5,13,2,3,12
1.5,13,2,4,12
1.5,13,2,5,12
1.5,13,2,6,12
1.5,13,2,7,12
1.5,13,2,8,12
1.5,13,2,9,12
1.5,13,2,10,12
1.5,13,2,11,12
1.5,13,2,12,12
1.5,13,2,13,12
1.5,13,2,14,13
1.5,13,2,15,13
1.5,13,3,0,12
1.5,13,3,1,12
1.5,13,3,2,12
1.5,13,3,3,12
1.5,13,3,4,12
1.5,13,3,5,12
1.5,13,3,6,12
1.5,13,3,7,12
1.5,13,3,8,12
1.5,13,3,9,12
1.5,13,3,10,12
1.5,13,3,11,12
1.5,13,3,12,13
1.5,13,3,13,13
1.5,13,3,14,13
1.5,13,3,15,13
1.5,13,4,0,12
1.5,13,4,1,12
1.5,13,4,2,12
1.5,13,4,3,12
1.5,13,4,4,12
1.5,13,4,5,12
1.5,13,4,6,12
1.5,13,4,7,12
1.5,13,4,8,12
1.5,13,4,9,12
1.5,13,4,10,12
1.5,13,4,11,13
1.5,13,4,12,13
1.5,13,4,13,13
1.5,13,4,14,13
1.5,13,4,15,13
1.5,13,5,0,12
1.5,13,5,1,12
1.5,13,5,2,12
1.5,13,5,3,12
1.5,13,5,4,12
1.5,13,5,5,12
1.5,13,5,6,12
1.5,13,5,7,12
1.5,13,5,8,12
1.5,13,5,9,12
1.5,13,5,10,13
1.5,13,5,11,13
1.5,13,5,12,13
1.5,13,5,13,13
1.5,13,5,14,13
1.5,13,5,15,13
1.5,13,6,0,12
1.5,13,6,1,12
1.5,13,6,2,12
1.5,13,6,3,12
1.5,13,6,4,12
1.5,13,6,5,12
1.5,13,6,6,12
1.5,13,6,7,12
1.5,13,6,8,13
1.5,13,6,9,13
1.5,13,6,10,13
1.5,13,6,11,13
1.5,13,6,12,13
1.5,13,6,13,13
1.5,13,6,14,13
1.5,13,6,15,13
1.5,13,7,0,12
1.5,13,7,1,12
1.5,13,7,2,12
1.5,13,7,3,12
1.5,13,7,4,12
1.5,13,7,5,12
1.5,13,7,6,12
1.5,13,7,7,13
1.5,13,7,8,13
1.5,13,7,9,13
1.5,13,7,10,13
1.5,13,7,11,13
1.5,13,7,12,13
1.5,13,7,13,13
1.5,13,7,14,13
1.5,13,7,15,13
1.5,13,8,0,12
1.5,13,8,1,12
1.5,13,8,2,12
1.5,13,8,3,12
1.5,13,8,4,12
1.5,13,8,5,12
1.5,13,8,6,13
1.5,13,8,7,13
1.5,13,8,8,13
1.5,13,8,9,13
1.5,13,8,10,13
1.5,13,8,11,13
1.5,13,8,12,13
1.5,13,8,13,13
1.5,13,8,14,13
1.5,13,8,15,13
1.5,13,9,0,12
1.5,13,9,1,12
1.5,13,9,2,12
1.5,13,9,3,12
1.5,13,9,4,12
1.5,13,9,5,13
1.5,13,9,6,13
1.5,13,9,7,13
1.5,13,9,8,13
1.5,13,9,9,13
1.5,13,9,10,13
1.5,13,9,11,13
1.5,13,9,12,13
1.5,13,9,13,13
1.5,13,9,14,13
1.5,13,9,15,13
1.5,13,10,0,12
1.5,13,10,1,12
1.5,13,10,2,12
1.5,13,10,3,12
1.5,13,10,4,13
1.5,13,10,5,13
1.5,13,10,6,13
1.5,13,10,7,13
1.5,13,10,8,13
1.5,13,10,9,13
1.5,13,10,10,13
1.5,13,10,11,13
1.5,13,10,12,13
1.5,13,10,13,13
1.5,13,10,14,13
1.5,13,10,15,13
1.5,13,11,0,12
1.5,13,11,1,12
1.5,13,11,2,13
1.5,13,11,3,13
1.5,13,11,4,13
1.5,13,11,5,13
1.5,13,11,6,13
1.5,13,11,7,13
1.5,13,11,8,13
1.5,13,11,9,13
1.5,13,11,10,13
1.5,13,11,11,13
1.5,13,11,12,13
1.5,13,11,13,13
1.5,13,11,14,13
1.5,13,11,15,13
1.5,13,12,0,12
1.5,13,12,1,13
1.5,13,12,2,13
1.5,13,12,3,13
1.5,13,12,4,13
1.5,13,12,5,13
1.5,13,12,6,13
1.5,13,12,7,13
1.5,13,12,8,13
1.5,13,12,9,13
1.5,13,12,10,13
1.5,13,12,11,13
1.5,13,12,12,13
1.5,13,12,13,13
1.5,13,12,14,13
1.5,13,12,15,13
1.5,13,13,0,13
1.5,13,13,1,13
1.5,13,13,2,13
1.5,13,13,3,13
1.5,13,13,4,13
1.5,13,13,5,13
1.5,13,13,6,13
1.5,13,13,7,13
1.5,13,13,8,13
1.5,13,13,9,13
1.5,13,13,10,13
1.5,13,13,11,13
1.5,13,13,12,13
1.5,13,13,13,13
1.5,13,13,14,13
1.5,13,13,15,13
1.5,13,14,0,13
1.5,13,14,1,13
1.5,13,14,2,13
1.5,13,14,3,13
1.5,13,14,4,13
1.5,13,14,5,13
1.5,13,14,6,13
1.5,13,14,7,13
1.5,13,14,8,13
1.5,13,14,9,13
1.5,13,14,10,13
1.5,13,14,11,13
1.5,13,14,12,13
1.5,13,14,13,13
1.5,13,14,14,13
1.5,13,14,15,14
1.5,13,15,0,13
1.5,13,15,1,13
1.5,13,15,2,13
1.5,13,15,3,13
1.5,13,15,4,13
1.5,13,15,5,13
1.5,13,15,6,13
1.5,13,15,7,13
1.5,13,15,8,13
1.5,13,15,9,13
1.5,13,15,10,13
1.5,13,15,11,13
1.5,13,15,12,13
1.5,13,15,13,13
1.5,13,15,14,14
1.5,13,15,15,14
1.5,14,0,0,12
1.5,14,0,1,12
1.5,14,0,2,12
1.5,14,0,3,12
1.5,14,0,4,12
1.5,14,0,5,12
1.5,14,0,6,12
1.5,14,0,7,12
1.5,14,0,8,12
1.5,14,0,9,12
1.5,14,0,10,12
1.5,14,0,11,12
1.5,14,0,12,12
1.5,14,0,13,13
1.5,14,0,14,13
1.5,14,0,15,13
1.5,14,1,0,12
1.5,14,1,1,12
1.5,14,1,2,12
1.5,14,1,3,12
1.5,14,1,4,12
1.5,14,1,5,12
1.5,14,1,6,12
1.5,14,1,7,12
1.5,14,1,8,12
1.5,14,1,9,12
1.5,14,1,10,12
1.5,14,1,11,12
1.5,14,1,12,13
1.5,14,1,13,13
1.5,14,1,14,13
1.5,14,1,15,13
1.5,14,2,0,12
1.5,14,2,1,12
1.5,14,2,2,12
1.5,14,2,3,12
1.5,14,2,4,12
1.5,14,2,5,12
1.5,14,2,6,12
1.5,14,2,7,12
1.5,14,2,8,12
1.5,14,2,9,12
1.5,14,2,10,13
1.5,14,2,11,13
1.5,14,2,12,13
1.5,14,2,13,13
1.5,14,2,14,13
1.5,14,2,15,13
1.5,14,3,0,12
1.5,14,3,1,12
1.5,14,3,2,12
1.5,14,3,3,12
1.5,14,3,4,12
1.5,14,3,5,12
1.5,14,3,6,12
1.5,14,3,7,12
1.5,14,3,8,12
1.5,14,3,9,13
1.5,14,3,10,13
1.5,14,3,11,13
1.5,14,3,12,13
1.5,14,3,13,13
1.5,14,3,14,13
1.5,14,3,15,13
1.5,14,4,0,12
1.5,14,4,1,12
1.5,14,4,2,12
1.5,14,4,3,12
1.5,14,4,4,12
1.5,14,4,5,12
1.5,14,4,6,12
1.5,14,4,7,12
1.5,14,4,8,13
1.5,14,4,9,13
1.5,14,4,10,13
1.5,14,4,11,13
1.5,14,4,12,13
1.5,14,4,13,13
1.5,14,4,14,13
1.5,14,4,15,13
1.5,14,5,0,12
1.5,14,5,1,12
1.5,14,5,2,12
1.5,14,5,3,12
1.5,14,5,4,12
1.5,14,5,5,12
1.5,14,5,6,12
1.5,14,5,7,13
1.5,14,5,8,13
1.5,14,5,9,13
1.5,14,5,10,13
1.5,14,5,11,13
1.5,14,5,12,13
1.5,14,5,13,13
1.5,14,5,14,13
1.5,14,5,15,13
1.5,14,6,0,12
1.5,14,6,1,12
1.5,14,6,2,12
1.5,14,6,3,12
1.5,14,6,4,12
1.5,14,6,5,13
1.5,14,6,6,13
1.5,14,6,7,13
1.5,14,6,8,13
1.5,14,6,9,13
1.5,14,6,10,13
1.5,14,6,11,13
1.5,14,6,12,13
1.5,14,6,13,13
1.5,14,6,14,13
1.5,14,6,15,13
1.5,14,7,0,12
1.5,14,7,1,12
1.5,14,7,2,12
1.5,14,7,3,12
1.5,14,7,4,13
1.5,14,7,5,13
1.5,14,7,6,13
1.5,14,7,7,13
1.5,14,7,8,13
1.5,14,7,9,13
1.5,14,7,10,13
1.5,14,7,11,13
1.5,14,7,12,13
1.5,14,7,13,13
1.5,14,7,14,13
1.5,14,7,15,13
1.5,14,8,0,12
1.5,14,8,1,12
1.5,14,8,2,12
1.5,14,8,3,13
1.5,14,8,4,13
1.5,14,8,5,13
1.5,14,8,6,13
1.5,14,8,7,13
1.5,14,8,8,13
1.5,14,8,9,13
1.5,14,8,10,13
1.5,14,8,11,13
1.5,14,8,12,13
1.5,14,8,13,13
1.5,14,8,14,13
1.5,14,8,15,13
1.5,14,9,0,12
1.5,14,9,1,12
1.5,14,9,2,13
1.5,14,9,3,13
1.5,14,9,4,13
1.5,14,9,5,13
1.5,14,9,6,13
1.5,14,9,7,13
1.5,14,9,8,13
1.5,14,9,9,13
1.5,14,9,10,13
1.5,14,9,11,13
1.5,14,9,12,13
1.5,14,9,13,13
1.5,14,9,14,13
1.5,14,9,15,13
1.5,14,10,0,12
1.5,14,10,1,13
1.5,14,10,2,13
1.5,14,10,3,13
1.5,14,10,4,13
1.5,14,10,5,13
1.5,14,10,6,13
1.5,14,10,7,13
1.5,14,10,8,13
1.5,14,10,9,13
1.5,14,10,10,13
1.5,14,10,11,13
1.5,14,10,12,13
1.5,14,10,13,13
1.5,14,10,14,13
1.5,14,10,15,13
1.5,14,11,0,13
1.5,14,11,1,13
1.5,14,11,2,13
1.5,14,11,3,13
1.5,14,11,4,13
1.5,14,11,5,13
1.5,14,11,6,13
1.5,14,11,7,13
1.5,14,11,8,13
1.5,14,11,9,13
1.5,14,11,10,13
1.5,14,11,11,13
1.5,14,11,12,13
1.5,14,11,13,13
1.5,14,11,14,13
1.5,14,11,15,13
1.5,14,12,0,13
1.5,14,12,1,13
1.5,14,12,2,13
1.5,14,12,3,13
1.5,14,12,4,13
1.5,14,12,5,13
1.5,14,12,6,13
1.5,14,12,7,13
1.5,14,12,8,13
1.5,14,12,9,13
1.5,14,12,10,13
1.5,14,12,11,13
1.5,14,12,12,13
1.5,14,12,13,13
1.5,14,12,14,13
1.5,14,12,15,14
1.5,14,13,0,13
1.5,14,13,1,13
1.5,14,13,2,13
1.5,14,13,3,13
1.5,14,13,4,13
1.5,14,13,5,13
1.5,14,13,6,13
1.5,14,13,7,13
1.5,14,13,8,13
1.5,14,13,9,13
1.5,14,13,10,13
1.5,14,13,11,13
1.5,14,13,12,13
1.5,14,13,13,14
1.5,14,13,14,14
1.5,14,13,15,14
1.5,14,14,0,13
1.5,14,14,1,13
1.5,14,14,2,13
1.5,14,14,3,13
1.5,14,14,4,13
1.5,14,14,5,13
1.5,14,14,6,13
1.5,14,14,7,13
1.5,14,14,8,13
1.5,14,14,9,13
1.5,14,14,10,13
1.5,14,14,11,13
1.5,14,14,12,14
1.5,14,14,13,14
1.5,14,14,14,14
1.5,14,14,15,14
1.5,14,15,0,13
1.5,14,15,1,13
1.5,14,15,2,13
1.5,14,15,3,13
1.5,14,15,4,13
1.5,14,15,5,13
1.5,14,15,6,13
1.5,14,15,7,13
1.5,14,15,8,13
1.5,14,15,9,13
1.5,14,15,10,13
1.5,14,15,11,14
1.5,14,15,12,14
1.5,14,15,13,14
1.5,14,15,14,14
1.5,14,15,15,14
1.5,15,0,0,12
1.5,15,0,1,12
1.5,15,0,2,12
1.5,15,0,3,12
1.5,15,0,4,12
1.5,15,0,5,12
1.5,15,0,6,12
1.5,15,0,7,12
1.5,15,0,8,12
1.5,15,0,9,12
1.5,15,0,10,13
1.5,15,0,11,13
1.5,15,0,12,13
1.5,15,0,13,13
1.5,15,0,14,13
1.5,15,0,15,13
1.5,15,1,0,12
1.5,15,1,1,12
1.5,15,1,2,12
1.5,15,1,3,12
1.5,15,1,4,12
1.5,15,1,5,12
1.5,15,1,6,12
1.5,15,1,7,12
1.5,15,1,8,12
1.5,15,1,9,13
1.5,15,1,10,13
1.5,15,1,11,13
1.5,15,1,12,13
1.5,15,1,13,13
1.5,15,1,14,13
1.5,15,1,15,13
1.5,15,2,0,12
1.5,15,2,1,12
1.5,15,2,2,12
1.5,15,2,3,12
1.5,15,2,4,12
1.5,15,2,5,12
1.5,15,2,6,12
1.5,15,2,7,13
1.5,15,2,8,13
1.5,15,2,9,13
1.5,15,2,10,13
1.5,15,2,11,13
1.5,15,2,12,13
1.5,15,2,13,13
1.5,15,2,14,13
1.5,15,2,15,13
1.5,15,3,0,12
1.5,15,3,1,12
1.5,15,3,2,12
1.5,15,3,3,12
1.5,15,3,4,12
1.5,15,3,5,12
1.5,15,3,6,13
1.5,15,3,7,13
1.5,15,3,8,13
1.5,15,3,9,13
1.5,15,3,10,13
1.5,15,3,11,13
1.5,15,3,12,13
1.5,15,3,13,13
1.5,15,3,14,13
1.5,15,3,15,13
1.5,15,4,0,12
1.5,15,4,1,12
1.5,15,4,2,12
1.5,15,4,3,12
1.5,15,4,4,12
1.5,15,4,5,13
1.5,15,4,6,13
1.5,15,4,7,13
1.5,15,4,8,13
1.5,15,4,9,13
1.5,15,4,10,13
1.5,15,4,11,13
1.5,15,4,12,13
1.5,15,4,13,13
1.5,15,4,14,13
1.5,15,4,15,13
1.5,15,5,0,12
1.5,15,5,1,12
1.5,15,5,2,12
1.5,15,5,3,12
1.5,15,5,4,13
1.5,15,5,5,13
1.5,15,5,6,13
1.5,15,5,7,13
1.5,15,5,8,13
1.5,15,5,9,13
1.5,15,5,10,13
1.5,15,5,11,13
1.5,15,5,12,13
1.5,15,5,13,13
1.5,15,5,14,13
1.5,15,5,15,13
1.5,15,6,0,12
1.5,15,6,1,12
1.5,15,6,2,13
1.5,15,6,3,13
1.5,15,6,4,13
1.5,15,6,5,13
1.5,15,6,6,13
1.5,15,6,7,13
1.5,15,6,8,13
1.5,15,6,9,13
1.5,15,6,10,13
1.5,15,6,11,13
1.5,15,6,12,13
1.5,15,6,13,13
1.5,15,6,14,13
1.5,15,6,15,13
1.5,15,7,0,12
1.5,15,7,1,13
1.5,15,7,2,13
1.5,15,7,3,13
1.5,15,7,4,13
1.5,15,7,5,13
1.5,15,7,6,13
1.5,15,7,7,13
1.5,15,7,8,13
1.5,15,7,9,13
1.5,15,7,10,13
1.5,15,7,11,13
1.5,15,7,12,13
1.5,15,7,13,13
1.5,15,7,14,13
1.5,15,7,15,13
1.5,15,8,0,13
1.5,15,8,1,13
1.5,15,8,2,13
1.5,15,8,3,13
1.5,15,8,4,13
1.5,15,8,5,13
1.5,15,8,6,13
1.5,15,8,7,13
1.5,15,8,8,13
1.5,15,8,9,13
1.5,15,8,10,13
1.5,15,8,11,13
1.5,15,8,12,13
1.5,15,8,13,13
1.5,15,8,14,13
1.5,15,8,15,13
1.5,15,9,0,13
1.5,15,9,1,13
1.5,15,9,2,13
1.5,15,9,3,13
1.5,15,9,4,13
1.5,15,9,5,13
1.5,15,9,6,13
1.5,15,9,7,13
1.5,15,9,8,13
1.5,15,9,9,13
1.5,15,9,10,13
1.5,15,9,11,13
1.5,15,9,12,13
1.5,15,9,13,13
1.5,15,9,14,13
1.5,15,9,15,14
1.5,15,10,0,13
1.5,15,10,1,13
1.5,15,10,2,13
1.5,15,10,3,13
1.5,15,10,4,13
1.5,15,10,5,13
1.5,15,10,6,13
1.5,15,10,7,13
1.5,15,10,8,13
1.5,15,10,9,13
1.5,15,10,10,13
1.5,15,10,11,13
1.5,15,10,12,13
1.5,15,10,13,13
1.5,15,10,14,14
1.5,15,10,15,14
1.5,15,11,0,13
1.5,15,11,1,13
1.5,15,11,2,13
1.5,15,11,3,13
1.5,15,11,4,13
1.5,15,11,5,13
1.5,15,11,6,13
1.5,15,11,7,13
1.5,15,11,8,13
1.5,15,11,9,13
1.5,15,11,10,13
1.5,15,11,11,13
1.5,15,11,12,13
1.5,15,11,13,14
1.5,15,11,14,14
1.5,15,11,15,14
1.5,15,12,0,13
1.5,15,12,1,13
1.5,15,12,2,13
1.5,15,12,3,13
1.5,15,12,4,13
1.5,15,12,5,13
1.5,15,12,6,13
1.5,15,12,7,13
1.5,15,12,8,13
1.5,15,12,9,13
1.5,15,12,10,13
1.5,15,12,11,14
1.5,15,12,12,14
1.5,15,12,13,14
1.5,15,12,14,14
1.5,15,12,15,14
1.5,15,13,0,13
1.5,15,13,1,13
1.5,15,13,2,13
1.5,15,13,3,13
1.5,15,13,4,13
1.5,15,13,5,13
1.5,15,13,6,13
1.5,15,13,7,13
1.5,15,13,8,13
1.5,15,13,9,13
1.5,15,13,10,14
1.5,15,13,11,14
1.5,15,13,12,14
1.5,15,13,13,14
1.5,15,13,14,14
1.5,15,13,15,14
1.5,15,14,0,13
1.5,15,14,1,13
1.5,15,14,2,13
1.5,15,14,3,13
1.5,15,14,4,13
1.5,15,14,5,13
1.5,15,14,6,13
1.5,15,14,7,13
1.5,15,14,8,13
1.5,15,14,9,14
1.5,15,14,10,14
1.5,15,14,11,14
1.5,15,14,12,14
1.5,15,14,13,14
1.5,15,14,14,14
1.5,15,14,15,14
1.5,15,15,0,13
1.5,15,15,1,13
1.5,15,15,2,13
1.5,15,15,3,13
1.5,15,15,4,13
1.5,15,15,5,13
1.5,15,15,6,13
1.5,15,15,7,13
1.5,15,15,8,14
1.5,15,15,9,14
1.5,15,15,10,14
1.5,15,15,11,14
1.5,15,15,12,14
1.5,15,15,13,14
1.5,15,15,14,14
1.5,15,15,15,14
2.0,0,0,0,15
2.0,0,0,1,15
2.0,0,0,2,15
2.0,0,0,3,15
2.0,0,0,4,15
2.0,0,0,5,15
2.0,0,0,6,15
2.0,0,0,7,15
2.0,0,0,8,15
2.0,0,0,9,15
2.0,0,0,10,15
2.0,0,0,11,15
2.0,0,0,12,15
2.0,0,0,13,15
2.0,0,0,14,16
2.0,0,0,15,16
2.0,0,1,0,15
2.0,0,1,1,15
2.0,0,1,2,15
2.0,0,1,3,15
2.0,0,1,4,15
2.0,0,1,5,15
2.0,0,1,6,15
2.0,0,1,7,15
2.0,0,1,8,15
2.0,0,1,9,15
2.0,0,1,10,15
2.0,0,1,11,15
2.0,0,1,12,15
2.0,0,1,13,16
2.0,0,1,14,16
2.0,0,1,15,16
2.0,0,2,0,15
2.0,0,2,1,15
2.0,0,2,2,15
2.0,0,2,3,15
2.0,0,2,4,15
2.0,0,2,5,15
2.0,0,2,6,15
2.0,0,2,7,15
2.0,0,2,8,15
2.0,0,2,9,15
2.0,0,2,10,15
2.0,0,2,11,16
2.0,0,2,12,16
2.0,0,2,13,16
2.0,0,2,14,16
2.0,0,2,15,16
2.0,0,3,0,15
2.0,0,3,1,15
2.0,0,3,2,15
2.0,0,3,3,15
2.0,0,3,4,15
2.0,0,3,5,15
2.0,0,3,6,15
2.0,0,3,7,15
2.0,0,3,8,15
2.0,0,3,9,15
2.0,0,3,10,16
2.0,0,3,11,16
2.0,0,3,12,16
2.0,0,3,13,16
2.0,0,3,14,16
2.0,0,3,15,16
2.0,0,4,0,15
2.0,0,4,1,15
2.0,0,4,2,15
2.0,0,4,3,15
2.0,0,4,4,15
2.0,0,4,5,15
2.0,0,4,6,15
2.0,0,4,7,15
2.0,0,4,8,15
2.0,0,4,9,16
2.0,0,4,10,16
2.0,0,4,11,16
2.0,0,4,12,16
2.0,0,4,13,16
2.0,0,4,14,16
2.0,0,4,15,16
2.0,0,5,0,15
2.0,0,5,1,15
2.0,0,5,2,15
2.0,0,5,3,15
2.0,0,5,4,15
2.0,0,5,5,15
2.0,0,5,6,15
2.0,0,5,7,15
2.0,0,5,8,16
2.0,0,5,9,16
2.0,0,5,10,16
2.0,0,5,11,16
2.0,0,5,12,16
2.0,0,5,13,16
2.0,0,5,14,16
2.0,0,5,15,16
2.0,0,6,0,15
2.0,0,6,1,15
2.0,0,6,2,15
2.0,0,6,3,15
2.0,0,6,4,15
2.0,0,6,5,15
2.0,0,6,6,16
2.0,0,6,7,16
2.0,0,6,8,16
2.0,0,6,9,16
2.0,0,6,10,16
2.0,0,6,11,16
2.0,0,6,12,16
2.0,0,6,13,16
2.0,0,6,14,16
2.0,0,6,15,16
2.0,0,7,0,15
2.0,0,7,1,15
2.0,0,7,2,15
2.0,0,7,3,15
2.0,0,7,4,15
2.0,0,7,5,16
2.0,0,7,6,16
2.0,0,7,7,16
2.0,0,7,8,16
2.0,0,7,9,16
2.0,0,7,10,16
2.0,0,7,11,16
2.0,0,7,12,16
2.0,0,7,13,16
2.0,0,7,14,16
2.0,0,7,15,16
2.0,0,8,0,15
2.0,0,8,1,15
2.0,0,8,2,15
2.0,0,8,3,15
2.0,0,8,4,16
2.0,0,8,5,16
2.0,0,8,6,16
2.0,0,8,7,16
2.0,0,8,8,16
2.0,0,8,9,16
2.0,0,8,10,16
2.0,0,8,11,16
2.0,0,8,12,16
2.0,0,8,13,16
2.0,0,8,14,16
2.0,0,8,15,16
2.0,0,9,0,15
2.0,0,9,1,15
2.0,0,9,2,15
2.0,0,9,3,16
2.0,0,9,4,16
2.0,0,9,5,16
2.0,0,9,6,16
2.0,0,9,7,16
2.0,0,9,8,16
2.0,0,9,9,16
2.0,0,9,10,16
2.0,0,9,11,16
2.0,0,9,12,16
2.0,0,9,13,16
2.0,0,9,14,16
2.0,0,9,15,16
2.0,0,10,0,15
2.0,0,10,1,15
2.0,0,10,2,16
2.0,0,10,3,16
2.0,0,10,4,16
2.0,0,10,5,16
2.0,0,10,6,16
2.0,0,10,7,16
2.0,0,10,8,16
2.0,0,10,9,16
2.0,0,10,10,16
2.0,0,10,11,16
2.0,0,10,12,16
2.0,0,10,13,16
2.0,0,10,14,16
2.0,0,10,15,17
2.0,0,11,0,15
2.0,0,11,1,16
2.0,0,11,2,16
2.0,0,11,3,16
2.0,0,11,4,16
2.0,0,11,5,16
2.0,0,11,6,16
2.0,0,11,7,16
2.0,0,11,8,16
2.0,0,11,9,16
2.0,0,11,10,16
2.0,0,11,11,16
2.0,0,11,12,16
2.0,0,11,13,16
2.0,0,11,14,17
2.0,0,11,15,17
2.0,0,12,0,16
2.0,0,12,1,16
2.0,0,12,2,16
2.0,0,12,3,16
2.0,0,12,4,16
2.0,0,12,5,16
2.0,0,12,6,16
2.0,0,12,7,16
2.0,0,12,8,16
2.0,0,12,9,16
2.0,0,12,10,16
2.0,0,12,11,16
2.0,0,12,12,17
2.0,0,12,13,17
2.0,0,12,14,17
2.0,0,12,15,17
2.0,0,13,0,16
2.0,0,13,1,16
2.0,0,13,2,16
2.0,0,13,3,16
2.0,0,13,4,16
2.0,0,13,5,16
2.0,0,13,6,16
2.0,0,13,7,16
2.0,0,13,8,16
2.0,0,13,9,16
2.0,0,13,10,16
2.0,0,13,11,17
2.0,0,13,12,17
2.0,0,13,13,17
2.0,0,13,14,17
2.0,0,13,15,17
2.0,0,14,0,16
2.0,0,14,1,16
2.0,0,14,2,16
2.0,0,14,3,16
2.0,0,14,4,16
2.0,0,14,5,16
2.0,0,14,6,16
2.0,0,14,7,16
2.0,0,14,8,16
2.0,0,14,9,16
2.0,0,14,10,17
2.0,0,14,11,17
2.0,0,14,12,17
2.0,0,14,13,17
2.0,0,14,14,17
2.0,0,14,15,17
2.0,0,15,0,16
2.0,0,15,1,16
2.0,0,15,2,16
2.0,0,15,3,16
2.0,0,15,4,16
2.0,0,15,5,16
2.0,0,15,6,16
2.0,0,15,7,16
2.0,0,15,8,16
2.0,0,15,9,17
2.0,0,15,10,17
2.0,0,15,11,17
2.0,0,15,12,17
2.0,0,15,13,17
2.0,0,15,14,17
2.0,0,15,15,17
2.0,1,0,0,15
2.0,1,0,1,15
2.0,1,0,2,15
2.0,1,0,3,15
2.0,1,0,4,15
2.0,1,0,5,15
2.0,1,0,6,15
2.0,1,0,7,15
2.0,1,0,8,15
2.0,1,0,9,15
2.0,1,0,10,16
2.0,1,0,11,16
2.0,1,0,12,16
2.0,1,0,13,16
2.0,1,0,14,16
2.0,1,0,15,16
2.0,1,1,0,15
2.0,1,1,1,15
2.0,1,1,2,15
2.0,1,1,3,15
2.0,1,1,4,15
2.0,1,1,5,15
2.0,1,1,6,15
2.0,1,1,7,15
2.0,1,1,8,15
2.0,1,1,9,16
2.0,1,1,10,16
2.0,1,1,11,16
2.0,1,1,12,16
2.0,1,1,13,16
2.0,1,1,14,16
2.0,1,1,15,16
2.0,1,2,0,15
2.0,1,2,1,15
2.0,1,2,2,15
2.0,1,2,3,15
2.0,1,2,4,15
2.0,1,2,5,15
2.0,1,2,6,15
2.0,1,2,7,15
2.0,1,2,8,16
2.0,1,2,9,16
2.0,1,2,10,16
2.0,1,2,11,16
2.0,1,2,12,16
2.0,1,2,13,16
2.0,1,2,14,16
2.0,1,2,15,16
2.0,1,3,0,15
2.0,1,3,1,15
2.0,1,3,2,15
2.0,1,3,3,15
2.0,1,3,4,15
2.0,1,3,5,15
2.0,1,3,6,16
2.0,1,3,7,16
2.0,1,3,8,16
2.0,1,3,9,16
2.0,1,3,10,16
2.0,1,3,11,16
2.0,1,3,12,16
2.0,1,3,13,16
2.0,1,3,14,16
2.0,1,3,15,16
2.0,1,4,0,15
2.0,1,4,1,15
2.0,1,4,2,15
2.0,1,4,3,15
2.0,1,4,4,15
2.0,1,4,5,16
2.0,1,4,6,16
2.0,1,4,7,16
2.0,1,4,8,16
2.0,1,4,9,16
2.0,1,4,10,16
2.0,1,4,11,16
2.0,1,4,12,16
2.0,1,4,13,16
2.0,1,4,14,16
2.0,1,4,15,16
2.0,1,5,0,15
2.0,1,5,1,15
2.0,1,5,2,15
2.0,1,5,3,15
2.0,1,5,4,16
2.0,1,5,5,16
2.0,1,5,6,16
2.0,1,5,7,16
2.0,1,5,8,16
2.0,1,5,9,16
2.0,1,5,10,16
2.0,1,5,11,16
2.0,1,5,12,16
2.0,1,5,13,16
2.0,1,5,14,16
2.0,1,5,15,16
2.0,1,6,0,15
2.0,1,6,1,15
2.0,1,6,2,15
2.0,1,6,3,16
2.0,1,6,4,16
2.0,1,6,5,16
2.0,1,6,6,16
2.0,1,6,7,16
2.0,1,6,8,16
2.0,1,6,9,16
2.0,1,6,10,16
2.0,1,6,11,16
2.0,1,6,12,16
2.0,1,6,13,16
2.0,1,6,14,16
2.0,1,6,15,16
2.0,1,7,0,15
2.0,1,7,1,15
2.0,1,7,2,16
2.0,1,7,3,16
2.0,1,7,4,16
2.0,1,7,5,16
2.0,1,7,6,16
2.0,1,7,7,16
2.0,1,7,8,16
2.0,1,7,9,16
2.0,1,7,10,16
2.0,1,7,11,16
2.0,1,7,12,16
2.0,1,7,13,16
2.0,1,7,14,16
2.0,1,7,15,17
2.0,1,8,0,16
2.0,1,8,1,16
2.0,1,8,2,16
2.0,1,8,3,16
2.0,1,8,4,16
2.0,1,8,5,16
2.0,1,8,6,16
2.0,1,8,7,16
2.0,1,8,8,16
2.0,1,8,9,16
2.0,1,8,10,16
2.0,1,8,11,16
2.0,1,8,12,16
2.0,1,8,13,16
2.0,1,8,14,17
2.0,1,8,15,17
2.0,1,9,0,16
2.0,1,9,1,16
2.0,1,9,2,16
2.0,1,9,3,16
2.0,1,9,4,16
2.0,1,9,5,16
2.0,1,9,6,16
2.0,1,9,7,16
2.0,1,9,8,16
2.0,1,9,9,16
2.0,1,9,10,16
2.0,1,9,11,16
2.0,1,9,12,17
2.0,1,9,13,17
2.0,1,9,14,17
2.0,1,9,15,17
2.0,1,10,0,16
2.0,1,10,1,16
2.0,1,10,2,16
2.0,1,10,3,16
2.0,1,10,4,16
2.0,1,10,5,16
2.0,1,10,6,16
2.0,1,10,7,16
2.0,1,10,8,16
2.0,1,10,9,16
2.0,1,10,10,16
2.0,1,10,11,17
2.0,1,10,12,17
2.0,1,10,13,17
2.0,1,10,14,17
2.0,1,10,15,17
2.0,1,11,0,16
2.0,1,11,1,16
2.0,1,11,2,16
2.0,1,11,3,16
2.0,1,11,4,16
2.0,1,11,5,16
2.0,1,11,6,16
2.0,1,11,7,16
2.0,1,11,8,16
2.0,1,11,9,16
2.0,1,11,10,17
2.0,1,11,11,17
2.0,1,11,12,17
2.0,1,11,13,17
2.0,1,11,14,17
2.0,1,11,15,17
2.0,1,12,0,16
2.0,1,12,1,16
2.0,1,12,2,16
2.0,1,12,3,16
2.0,1,12,4,16
2.0,1,12,5,16
2.0,1,12,6,16
2.0,1,12,7,16
2.0,1,12,8,16
2.0,1,12,9,17
2.0,1,12,10,17
2.0,1,12,11,17
2.0,1,12,12,17
2.0,1,12,13,17
2.0,1,12,14,17
2.0,1,12,15,17
2.0,1,13,0,16
2.0,1,13,1,16
2.0,1,13,2,16
2.0,1,13,3,16
2.0,1,13,4,16
2.0,1,13,5,16
2.0,1,13,6,16
2.0,1,13,7,16
2.0,1,13,8,17
2.0,1,13,9,17
2.0,1,13,10,17
2.0,1,13,11,17
2.0,1,13,12,17
2.0,1,13,13,17
2.0,1,13,14,17
2.0,1,13,15,17
2.0,1,14,0,16
2.0,1,14,1,16
2.0,1,14,2,16
2.0,1,14,3,16
2.0,1,14,4,16
2.0,1,14,5,16
2.0,1,14,6,17
2.0,1,14,7,17
2.0,1,14,8,17
2.0,1,14,9,17
2.0,1,14,10,17
2.0,1,14,11,17
2.0,1,14,12,17
2.0,1,14,13,17
2.0,1,14,14,17
2.0,1,14,15,17
2.0,1,15,0,16
2.0,1,15,1,16
2.0,1,15,2,16
2.0,1,15,3,16
2.0,1,15,4,16
2.0,1,15,5,17
2.0,1,15,6,17
2.0,1,15,7,17
2.0,1,15,8,17
2.0,1,15,9,17
2.0,1,15,10,17
2.0,1,15,11,17
2.0,1,15,12,17
2.0,1,15,13,17
2.0,1,15,14,17
2.0,1,15,15,17
2.0,2,0,0,15
2.0,2,0,1,15
2.0,2,0,2,15
2.0,2,0,3,15
2.0,2,0,4,15
2.0,2,0,5,15
2.0,2,0,6,15
2.0,2,0,7,16
2.0,2,0,8,16
2.0,2,0,9,16
2.0,2,0,10,16
2.0,2,0,11,16
2.0,2,0,12,16
2.0,2,0,13,16
2.0,2,0,14,16
2.0,2,0,15,16
2.0,2,1,0,15
2.0,2,1,1,15
2.0,2,1,2,15
2.0,2,1,3,15
2.0,2,1,4,15
2.0,2,1,5,16
2.0,2,1,6,16
2.0,2,1,7,16
2.0,2,1,8,16
2.0,2,1,9,16
2.0,2,1,10,16
2.0,2,1,11,16
2.0,2,1,12,16
2.0,2,1,13,16
2.0,2,1,14,16
2.0,2,1,15,16
2.0,2,2,0,15
2.0,2,2,1,15
2.0,2,2,2,15
2.0,2,2,3,15
2.0,2,2,4,16
2.0,2,2,5,16
2.0,2,2,6,16
2.0,2,2,7,16
2.0,2,2,8,16
2.0,2,2,9,16
2.0,2,2,10,16
2.0,2,2,11,16
2.0,2,2,12,16
2.0,2,2,13,16
2.0,2,2,14,16
2.0,2,2,15,16
2.0,2,3,0,15
2.0,2,3,1,15
2.0,2,3,2,15
2.0,2,3,3,16
2.0,2,3,4,16
2.0,2,3,5,16
2.0,2,3,6,16
2.0,2,3,7,16
2.0,2,3,8,16
2.0,2,3,9,16
2.0,2,3,10,16
2.0,2,3,11,16
2.0,2,3,12,16
2.0,2,3,13,16
2.0,2,3,14,16
2.0,2,3,15,16
2.0,2,4,0,15
2.0,2,4,1,15
2.0,2,4,2,16
2.0,2,4,3,16
2.0,2,4,4,16
2.0,2,4,5,16
2.0,2,4,6,16
2.0,2,4,7,16
2.0,2,4,8,16
2.0,2,4,9,16
2.0,2,4,10,16
2.0,2,4,11,16
2.0,2,4,12,16
2.0,2,4,13,16
2.0,2,4,14,16
2.0,2,4,15,17
2.0,2,5,0,16
2.0,2,5,1,16
2.0,2,5,2,16
2.0,2,5,3,16
2.0,2,5,4,16
2.0,2,5,5,16
2.0,2,5,6,16
2.0,2,5,7,16
2.0,2,5,8,16
2.0,2,5,9,16
2.0,2,5,10,16
2.0,2,5,11,16
2.0,2,5,12,16
2.0,2,5,13,16
2.0,2,5,14,17
2.0,2,5,15,17
2.0,2,6,0,16
2.0,2,6,1,16
2.0,2,6,2,16
2.0,2,6,3,16
2.0,2,6,4,16
2.0,2,6,5,16
2.0,2,6,6,16
2.0,2,6,7,16
2.0,2,6,8,16
2.0,2,6,9,16
2.0,2,6,10,16
2.0,2,6,11,16
2.0,2,6,12,17
2.0,2,6,13,17
2.0,2,6,14,17
2.0,2,6,15,17
2.0,2,7,0,16
2.0,2,7,1,16
2.0,2,7,2,16
2.0,2,7,3,16
2.0,2,7,4,16
2.0,2,7,5,16
2.0,2,7,6,16
2.0,2,7,7,16
2.0,2,7,8,16
2.0,2,7,9,16
2.0,2,7,10,16
2.0,2,7,11,17
2.0,2,7,12,17
2.0,2,7,13,17
2.0,2,7,14,17
2.0,2,7,15,17
2.0,2,8,0,16
2.0,2,8,1,16
2.0,2,8,2,16
2.0,2,8,3,16
2.0,2,8,4,16
2.0,2,8,5,16
2.0,2,8,6,16
2.0,2,8,7,16
2.0,2,8,8,16
2.0,2,8,9,16
2.0,2,8,10,17
2.0,2,8,11,17
2.0,2,8,12,17
2.0,2,8,13,17
2.0,2,8,14,17
2.0,2,8,15,17
2.0,2,9,0,16
2.0,2,9,1,16
2.0,2,9,2,16
2.0,2,9,3,16
2.0,2,9,4,16
2.0,2,9,5,16
2.0,2,9,6,16
2.0,2,9,7,16
2.0,2,9,8,16
2.0,2,9,9,17
2.0,2,9,10,17
2.0,2,9,11,17
2.0,2,9,12,17
2.0,2,9,13,17
2.0,2,9,14,17
2.0,2,9,15,17
2.0,2,10,0,16
2.0,2,10,1,16
2.0,2,10,2,16
2.0,2,10,3,16
2.0,2,10,4,16
2.0,2,10,5,16
2.0,2,10,6,16
2.0,2,10,7,17
2.0,2,10,8,17
2.0,2,10,9,17
2.0,2,10,10,17
2.0,2,10,11,17
2.0,2,10,12,17
2.0,2,10,13,17
2.0,2,10,14,17
2.0,2,10,15,17
2.0,2,11,0,16
2.0,2,11,1,16
2.0,2,11,2,16
2.0,2,11,3,16
2.0,2,11,4,16
2.0,2,11,5,16
2.0,2,11,6,17
2.0,2,11,7,17
2.0,2,11,8,17
2.0,2,11,9,17
2.0,2,11,10,17
2.0,2,11,11,17
2.0,2,11,12,17
2.0,2,11,13,17
2.0,2,11,14,17
2.0,2,11,15,17
2.0,2,12,0,16
2.0,2,12,1,16
2.0,2,12,2,16
2.0,2,12,3,16
2.0,2,12,4,16
2.0,2,12,5,17
2.0,2,12,6,17
2.0,2,12,7,17
2.0,2,12,8,17
2.0,2,12,9,17
2.0,2,12,10,17
2.0,2,12,11,17
2.0,2,12,12,17
2.0,2,12,13,17
2.0,2,12,14,17
2.0,2,12,15,17
2.0,2,13,0,16
2.0,2,13,1,16
2.0,2,13,2,16
2.0,2,13,3,16
2.0,2,13,4,17
2.0,2,13,5,17
2.0,2,13,6,17
2.0,2,13,7,17
2.0,2,13,8,17
2.0,2,13,9,17
2.0,2,13,10,17
2.0,2,13,11,17
2.0,2,13,12,17
2.0,2,13,13,17
2.0,2,13,14,17
2.0,2,13,15,17
2.0,2,14,0,16
2.0,2,14,1,16
2.0,2,14,2,16
2.0,2,14,3,17
2.0,2,14,4,17
2.0,2,14,5,17
2.0,2,14,6,17
2.0,2,14,7,17
2.0,2,14,8,17
2.0,2,14,9,17
2.0,2,14,10,17
2.0,2,14,11,17
2.0,2,14,12,17
2.0,2,14,13,17
2.0,2,14,14,17
2.0,2,14,15,17
2.0,2,15,0,16
2.0,2,15,1,16
2.0,2,15,2,17
2.0,2,15,3,17
2.0,2,15,4,17
2.0,2,15,5,17
2.0,2,15,6,17
2.0,2,15,7,17
2.0,2,15,8,17
2.0,2,15,9,17
2.0,2,15,10,17
2.0,2,15,11,17
2.0,2,15,12,17
2.0,2,15,13,17
2.0,2,15,14,18
2.0,2,15,15,18
2.0,3,0,0,15
2.0,3,0,1,15
2.0,3,0,2,15
2.0,3,0,3,16
2.0,3,0,4,16
2.0,3,0,5,16
2.0,3,0,6,16
2.0,3,0,7,16
2.0,3,0,8,16
2.0,3,0,9,16
2.0,3,0,10,16
2.0,3,0,11,16
2.0,3,0,12,16
2.0,3,0,13,16
2.0,3,0,14,16
2.0,3,0,15,16
2.0,3,1,0,15
2.0,3,1,1,15
2.0,3,1,2,16
2.0,3,1,3,16
2.0,3,1,4,16
2.0,3,1,5,16
2.0,3,1,6,16
2.0,3,1,7,16
2.0,3,1,8,16
2.0,3,1,9,16
2.0,3,1,10,16
2.0,3,1,11,16
2.0,3,1,12,16
2.0,3,1,13,16
2.0,3,1,14,16
2.0,3,1,15,17
2.0,3,2,0,15
2.0,3,2,1,16
2.0,3,2,2,16
2.0,3,2,3,16
2.0,3,2,4,16
2.0,3,2,5,16
2.0,3,2,6,16
2.0,3,2,7,16
2.0,3,2,8,16
2.0,3,2,9,16
2.0,3,2,10,16
2.0,3,2,11,16
2.0,3,2,12,16
2.0,3,2,13,16
2.0,3,2,14,17
2.0,3,2,15,17
2.0,3,3,0,16
2.0,3,3,1,16
2.0,3,3,2,16
2.0,3,3,3,16
2.0,3,3,4,16
2.0,3,3,5,16
2.0,3,3,6,16
2.0,3,3,7,16
2.0,3,3,8,16
2.0,3,3,9,16
2.0,3,3,10,16
2.0,3,3,11,16
2.0,3,3,12,16
2.0,3,3,13,17
2.0,3,3,14,17
2.0,3,3,15,17
2.0,3,4,0,16
2.0,3,4,1,16
2.0,3,4,2,16
2.0,3,4,3,16
2.0,3,4,4,16
2.0,3,4,5,16
2.0,3,4,6,16
2.0,3,4,7,16
2.0,3,4,8,16
2.0,3,4,9,16
2.0,3,4,10,16
2.0,3,4,11,17
2.0,3,4,12,17
2.0,3,4,13,17
2.0,3,4,14,17
2.0,3,4,15,17
2.0,3,5,0,16
2.0,3,5,1,16
2.0,3,5,2,16
2.0,3,5,3,16
2.0,3,5,4,16
2.0,3,5,5,16
2.0,3,5,6,16
2.0,3,5,7,16
2.0,3,5,8,16
2.0,3,5,9,16
2.0,3,5,10,17
2.0,3,5,11,17
2.0,3,5,12,17
2.0,3,5,13,17
2.0,3,5,14,17
2.0,3,5,15,17
2.0,3,6,0,16
2.0,3,6,1,16
2.0,3,6,2,16
2.0,3,6,3,16
2.0,3,6,4,16
2.0,3,6,5,16
2.0,3,6,6,16
2.0,3,6,7,16
2.0,3,6,8,16
2.0,3,6,9,17
2.0,3,6,10,17
2.0,3,6,11,17
2.0,3,6,12,17
2.0,3,6,13,17
2.0,3,6,14,17
2.0,3,6,15,17
2.0,3,7,0,16
2.0,3,7,1,16
2.0,3,7,2,16
2.0,3,7,3,16
2.0,3,7,4,16
2.0,3,7,5,16
2.0,3,7,6,16
2.0,3,7,7,17
2.0,3,7,8,17
2.0,3,7,9,17
2.0,3,7,10,17
2.0,3,7,11,17
2.0,3,7,12,17
2.0,3,7,13,17
2.0,3,7,14,17
2.0,3,7,15,17
2.0,3,8,0,16
2.0,3,8,1,16
2.0,3,8,2,16
2.0,3,8,3,16
2.0,3,8,4,16
2.0,3,8,5,16
2.0,3,8,6,17
2.0,3,8,7,17
2.0,3,8,8,17
2.0,3,8,9,17
2.0,3,8,10,17
2.0,3,8,11,17
2.0,3,8,12,17
2.0,3,8,13,17
2.0,3,8,14,17
2.0,3,8,15,17
2.0,3,9,0,16
2.0,3,9,1,16
2.0,3,9,2,16
2.0,3,9,3,16
2.0,3,9,4,16
2.0,3,9,5,17
2.0,3,9,6,17
2.0,3,9,7,17
2.0,3,9,8,17
2.0,3,9,9,17
2.0,3,9,10,17
2.0,3,9,11,17
2.0,3,9,12,17
2.0,3,9,13,17
2.0,3,9,14,17
2.0,3,9,15,17
2.0,3,10,0,16
2.0,3,10,1,16
2.0,3,10,2,16
2.0,3,10,3,16
2.0,3,10,4,17
2.0,3,10,5,17
2.0,3,10,6,17
2.0,3,10,7,17
2.0,3,10,8,17
2.0,3,10,9,17
2.0,3,10,10,17
2.0,3,10,11,17
2.0,3,10,12,17
2.0,3,10,13,17
2.0,3,10,14,17
2.0,3,10,15,17
2.0,3,11,0,16
2.0,3,11,1,16
2.0,3,11,2,16
2.0,3,11,3,17
2.0,3,11,4,17
2.0,3,11,5,17
2.0,3,11,6,17
2.0,3,11,7,17
2.0,3,11,8,17
2.0,3,11,9,17
2.0,3,11,10,17
2.0,3,11,11,17
2.0,3,11,12,17
2.0,3,11,13,17
2.0,3,11,14,17
2.0,3,11,15,18
2.0,3,12,0,16
2.0,3,12,1,16
2.0,3,12,2,17
2.0,3,12,3,17
2.0,3,12,4,17
2.0,3,12,5,17
2.0,3,12,6,17
2.0,3,12,7,17
2.0,3,12,8,17
2.0,3,12,9,17
2.0,3,12,10,17
2.0,3,12,11,17
2.0,3,12,12,17
2.0,3,12,13,17
2.0,3,12,14,18
2.0,3,12,15,18
2.0,3,13,0,16
2.0,3,13,1,17
2.0,3,13,2,17
2.0,3,13,3,17
2.0,3,13,4,17
2.0,3,13,5,17
2.0,3,13,6,17
2.0,3,13,7,17
2.0,3,13,8,17
2.0,3,13,9,17
2.0,3,13,10,17
2.0,3,13,11,17
2.0,3,13,12,17
2.0,3,13,13,18
2.0,3,13,14,18
2.0,3,13,15,18
2.0,3,14,0,17
2.0,3,14,1,17
2.0,3,14,2,17
2.0,3,14,3,17
2.0,3,14,4,17
2.0,3,14,5,17
2.0,3,14,6,17
2.0,3,14,7,17
2.0,3,14,8,17
2.0,3,14,9,17
2.0,3,14,10,17
2.0,3,14,11,17
2.0,3,14,12,18
2.0,3,14,13,18
2.0,3,14,14,18
2.0,3,14,15,18
2.0,3,15,0,17
2.0,3,15,1,17
2.0,3,15,2,17
2.0,3,15,3,17
2.0,3,15,4,17
2.0,3,15,5,17
2.0,3,15,6,17
2.0,3,15,7,17
2.0,3,15,8,17
2.0,3,15,9,17
2.0,3,15,10,17
2.0,3,15,11,18
2.0,3,15,12,18
2.0,3,15,13,18
2.0,3,15,14,18
2.0,3,15,15,18
2.0,4,0,0,16
2.0,4,0,1,16
2.0,4,0,2,16
2.0,4,0,3,16
2.0,4,0,4,16
2.0,4,0,5,16
2.0,4,0,6,16
2.0,4,0,7,16
2.0,4,0,8,16
2.0,4,0,9,16
2.0,4,0,10,16
2.0,4,0,11,16
2.0,4,0,12,16
2.0,4,0,13,17
2.0,4,0,14,17
2.0,4,0,15,17
2.0,4,1,0,16
2.0,4,1,1,16
2.0,4,1,2,16
2.0,4,1,3,16
2.0,4,1,4,16
2.0,4,1,5,16
2.0,4,1,6,16
2.0,4,1,7,16
2.0,4,1,8,16
2.0,4,1,9,16
2.0,4,1,10,16
2.0,4,1,11,16
2.0,4,1,12,17
2.0,4,1,13,17
2.0,4,1,14,17
2.0,4,1,15,17
2.0,4,2,0,16
2.0,4,2,1,16
2.0,4,2,2,16
2.0,4,2,3,16
2.0,4,2,4,16
2.0,4,2,5,16
2.0,4,2,6,16
2.0,4,2,7,16
2.0,4,2,8,16
2.0,4,2,9,16
2.0,4,2,10,17
2.0,4,2,11,17
2.0,4,2,12,17
2.0,4,2,13,17
2.0,4,2,14,17
2.0,4,2,15,17
2.0,4,3,0,16
2.0,4,3,1,16
2.0,4,3,2,16
2.0,4,3,3,16
2.0,4,3,4,16
2.0,4,3,5,16
2.0,4,3,6,16
2.0,4,3,7,16
2.0,4,3,8,16
2.0,4,3,9,17
2.0,4,3,10,17
2.0,4,3,11,17
2.0,4,3,12,17
2.0,4,3,13,17
2.0,4,3,14,17
2.0,4,3,15,17
2.0,4,4,0,16
2.0,4,4,1,16
2.0,4,4,2,16
2.0,4,4,3,16
2.0,4,4,4,16
2.0,4,4,5,16
2.0,4,4,6,16
2.0,4,4,7,16
2.0,4,4,8,17
2.0,4,4,9,17
2.0,4,4,10,17
2.0,4,4,11,17
2.0,4,4,12,17
2.0,4,4,13,17
2.0,4,4,14,17
2.0,4,4,15,17
2.0,4,5,0,16
2.0,4,5,1,16
2.0,4,5,2,16
2.0,4,5,3,16
2.0,4,5,4,16
2.0,4,5,5,16
2.0,4,5,6,17
2.0,4,5,7,17
2.0,4,5,8,17
2.0,4,5,9,17
2.0,4,5,10,17
2.0,4,5,11,17
2.0,4,5,12,17
2.0,4,5,13,17
2.0,4,5,14,17
2.0,4,5,15,17
2.0,4,6,0,16
2.0,4,6,1,16
2.0,4,6,2,16
2.0,4,6,3,16
2.0,4,6,4,16
2.0,4,6,5,17
2.0,4,6,6,17
2.0,4,6,7,17
2.0,4,6,8,17
2.0,4,6,9,17
2.0,4,6,10,17
2.0,4,6,11,17
2.0,4,6,12,17
2.0,4,6,13,17
2.0,4,6,14,17
2.0,4,6,15,17
2.0,4,7,0,16
2.0,4,7,1,16
2.0,4,7,2,16
2.0,4,7,3,16
2.0,4,7,4,17
2.0,4,7,5,17
2.0,4,7,6,17
2.0,4,7,7,17
2.0,4,7,8,17
2.0,4,7,9,17
2.0,4,7,10,17
2.0,4,7,11,17
2.0,4,7,12,17
2.0,4,7,13,17
2.0,4,7,14,17
2.0,4,7,15,17
2.0,4,8,0,16
2.0,4,8,1,16
2.0,4,8,2,16
2.0,4,8,3,17
2.0,4,8,4,17
2.0,4,8,5,17
2.0,4,8,6,17
2.0,4,8,7,17
2.0,4,8,8,17
2.0,4,8,9,17
2.0,4,8,10,17
2.0,4,8,11,17
2.0,4,8,12,17
2.0,4,8,13,17
2.0,4,8,14,17
2.0,4,8,15,17
2.0,4,9,0,16
2.0,4,9,1,16
2.0,4,9,2,17
2.0,4,9,3,17
2.0,4,9,4,17
2.0,4,9,5,17
2.0,4,9,6,17
2.0,4,9,7,17
2.0,4,9,8,17
2.0,4,9,9,17
2.0,4,9,10,17
2.0,4,9,11,17
2.0,4,9,12,17
2.0,4,9,13,17
2.0,4,9,14,18
2.0,4,9,15,18
2.0,4,10,0,16
2.0,4,10,1,17
2.0,4,10,2,17
2.0,4,10,3,17
2.0,4,10,4,17
2.0,4,10,5,17
2.0,4,10,6,17
2.0,4,10,7,17
2.0,4,10,8,17
2.0,4,10,9,17
2.0,4,10,10,17
2.0,4,10,11,17
2.0,4,10,12,17
2.0,4,10,13,18
2.0,4,10,14,18
2.0,4,10,15,18
2.0,4,11,0,17
2.0,4,11,1,17
2.0,4,11,2,17
2.0,4,11,3,17
2.0,4,11,4,17
2.0,4,11,5,17
2.0,4,11,6,17
2.0,4,11,7,17
2.0,4,11,8,17
2.0,4,11,9,17
2.0,4,11,10,17
2.0,4,11,11,17
2.0,4,11,12,18
2.0,4,11,13,18
2.0,4,11,14,18
2.0,4,11,15,18
2.0,4,12,0,17
2.0,4,12,1,17
2.0,4,12,2,17
2.0,4,12,3,17
2.0,4,12,4,17
2.0,4,12,5,17
2.0,4,12,6,17
2.0,4,12,7,17
2.0,4,12,8,17
2.0,4,12,9,17
2.0,4,12,10,17
2.0,4,12,11,18
2.0,4,12,12,18
2.0,4,12,13,18
2.0,4,12,14,18
2.0,4,12,15,18
2.0,4,13,0,17
2.0,4,13,1,17
2.0,4,13,2,17
2.0,4,13,3,17
2.0,4,13,4,17
2.0,4,13,5,17
2.0,4,13,6,17
2.0,4,13,7,17
2.0,4,13,8,17
2.0,4,13,9,18
2.0,4,13,10,18
2.0,4,13,11,18
2.0,4,13,12,18
2.0,4,13,13,18
2.0,4,13,14,18
2.0,4,13,15,18
2.0,4,14,0,17
2.0,4,14,1,17
2.0,4,14,2,17
2.0,4,14,3,17
2.0,4,14,4,17
2.0,4,14,5,17
2.0,4,14,6,17
2.0,4,14,7,17
2.0,4,14,8,18
2.0,4,14,9,18
2.0,4,14,10,18
2.0,4,14,11,18
2.0,4,14,12,18
2.0,4,14,13,18
2.0,4,14,14,18
2.0,4,14,15,18
2.0,4,15,0,17
2.0,4,15,1,17
2.0,4,15,2,17
2.0,4,15,3,17
2.0,4,15,4,17
2.0,4,15,5,17
2.0,4,15,6,17
2.0,4,15,7,18
2.0,4,15,8,18
2.0,4,15,9,18
2.0,4,15,10,18
2.0,4,15,11,18
2.0,4,15,12,18
2.0,4,15,13,18
2.0,4,15,14,18
2.0,4,15,15,18
2.0,5,0,0,16
2.0,5,0,1,16
2.0,5,0,2,16
2.0,5,0,3,16
2.0,5,0,4,16
2.0,5,0,5,16
2.0,5,0,6,16
2.0,5,0,7,16
2.0,5,0,8,16
2.0,5,0,9,17
2.0,5,0,10,17
2.0,5,0,11,17
2.0,5,0,12,17
2.0,5,0,13,17
2.0,5,0,14,17
2.0,5,0,15,17
2.0,5,1,0,16
2.0,5,1,1,16
2.0,5,1,2,16
2.0,5,1,3,16
2.0,5,1,4,16
2.0,5,1,5,16
2.0,5,1,6,16
2.0,5,1,7,16
2.0,5,1,8,17
2.0,5,1,9,17
2.0,5,1,10,17
2.0,5,1,11,17
2.0,5,1,12,17
2.0,5,1,13,17
2.0,5,1,14,17
2.0,5,1,15,17
2.0,5,2,0,16
2.0,5,2,1,16
2.0,5,2,2,16
2.0,5,2,3,16
2.0,5,2,4,16
2.0,5,2,5,16
2.0,5,2,6,16
2.0,5,2,7,17
2.0,5,2,8,17
2.0,5,2,9,17
2.0,5,2,10,17
2.0,5,2,11,17
2.0,5,2,12,17
2.0,5,2,13,17
2.0,5,2,14,17
2.0,5,2,15,17
2.0,5,3,0,16
2.0,5,3,1,16
2.0,5,3,2,16
2.0,5,3,3,16
2.0,5,3,4,16
2.0,5,3,5,16
2.0,5,3,6,17
2.0,5,3,7,17
2.0,5,3,8,17
2.0,5,3,9,17
2.0,5,3,10,17
2.0,5,3,11,17
2.0,5,3,12,17
2.0,5,3,13,17
2.0,5,3,14,17
2.0,5,3,15,17
2.0,5,4,0,16
2.0,5,4,1,16
2.0,5,4,2,16
2.0,5,4,3,16
2.0,5,4,4,17
2.0,5,4,5,17
2.0,5,4,6,17
2.0,5,4,7,17
2.0,5,4,8,17
2.0,5,4,9,17
2.0,5,4,10,17
2.0,5,4,11,17
2.0,5,4,12,17
2.0,5,4,13,17
2.0,5,4,14,17
2.0,5,4,15,17
2.0,5,5,0,16
2.0,5,5,1,16
2.0,5,5,2,16
2.0,5,5,3,17
2.0,5,5,4,17
2.0,5,5,5,17
2.0,5,5,6,17
2.0,5,5,7,17
2.0,5,5,8,17
2.0,5,5,9,17
2.0,5,5,10,17
2.0,5,5,11,17
2.0,5,5,12,17
2.0,5,5,13,17
2.0,5,5,14,17
2.0,5,5,15,17
2.0,5,6,0,16
2.0,5,6,1,16
2.0,5,6,2,17
2.0,5,6,3,17
2.0,5,6,4,17
2.0,5,6,5,17
2.0,5,6,6,17
2.0,5,6,7,17
2.0,5,6,8,17
2.0,5,6,9,17
2.0,5,6,10,17
2.0,5,6,11,17
2.0,5,6,12,17
2.0,5,6,13,17
2.0,5,6,14,18
2.0,5,6,15,18
2.0,5,7,0,16
2.0,5,7,1,17
2.0,5,7,2,17
2.0,5,7,3,17
2.0,5,7,4,17
2.0,5,7,5,17
2.0,5,7,6,17
2.0,5,7,7,17
2.0,5,7,8,17
2.0,5,7,9,17
2.0,5,7,10,17
2.0,5,7,11,17
2.0,5,7,12,17
2.0,5,7,13,18
2.0,5,7,14,18
2.0,5,7,15,18
2.0,5,8,0,17
2.0,5,8,1,17
2.0,5,8,2,17
2.0,5,8,3,17
2.0,5,8,4,17
2.0,5,8,5,17
2.0,5,8,6,17
2.0,5,8,7,17
2.0,5,8,8,17
2.0,5,8,9,17
2.0,5,8,10,17
2.0,5,8,11,17
2.0,5,8,12,18
2.0,5,8,13,18
2.0,5,8,14,18
2.0,5,8,15,18
2.0,5,9,0,17
2.0,5,9,1,17
2.0,5,9,2,17
2.0,5,9,3,17
2.0,5,9,4,17
2.0,5,9,5,17
2.0,5,9,6,17
2.0,5,9,7,17
2.0,5,9,8,17
2.0,5,9,9,17
2.0,5,9,10,17
2.0,5,9,11,18
2.0,5,9,12,18
2.0,5,9,13,18
2.0,5,9,14,18
2.0,5,9,15,18
2.0,5,10,0,17
2.0,5,10,1,17
2.0,5,10,2,17
2.0,5,10,3,17
2.0,5,10,4,17
2.0,5,10,5,17
2.0,5,10,6,17
2.0,5,10,7,17
2.0,5,10,8,17
2.0,5,10,9,18
2.0,5,10,10,18
2.0,5,10,11,18
2.0,5,10,12,18
2.0,5,10,13,18
2.0,5,10,14,18
2.0,5,10,15,18
2.0,5,11,0,17
2.0,5,11,1,17
2.0,5,11,2,17
2.0,5,11,3,17
2.0,5,11,4,17
2.0,5,11,5,17
2.0,5,11,6,17
2.0,5,11,7,17
2.0,5,11,8,18
2.0,5,11,9,18
2.0,5,11,10,18
2.0,5,11,11,18
2.0,5,11,12,18
2.0,5,11,13,18
2.0,5,11,14,18
2.0,5,11,15,18
2.0,5,12,0,17
2.0,5,12,1,17
2.0,5,12,2,17
2.0,5,12,3,17
2.0,5,12,4,17
2.0,5,12,5,17
2.0,5,12,6,17
2.0,5,12,7,18
2.0,5,12,8,18
2.0,5,12,9,18
2.0,5,12,10,18
2.0,5,12,11,18
2.0,5,12,12,18
2.0,5,12,13,18
2.0,5,12,14,18
2.0,5,12,15,18
2.0,5,13,0,17
2.0,5,13,1,17
2.0,5,13,2,17
2.0,5,13,3,17
2.0,5,13,4,17
2.0,5,13,5,17
2.0,5,13,6,18
2.0,5,13,7,18
2.0,5,13,8,18
2.0,5,13,9,18
2.0,5,13,10,18
2.0,5,13,11,18
2.0,5,13,12,18
2.0,5,13,13,18
2.0,5,13,14,18
2.0,5,13,15,18
2.0,5,14,0,17
2.0,5,14,1,17
2.0,5,14,2,17
2.0,5,14,3,17
2.0,5,14,4,17
2.0,5,14,5,18
2.0,5,14,6,18
2.0,5,14,7,18
2.0,5,14,8,18
2.0,5,14,9,18
2.0,5,14,10,18
2.0,5,14,11,18
2.0,5,14,12,18
2.0,5,14,13,18
2.0,5,14,14,18
2.0,5,14,15,18
2.0,5,15,0,17
2.0,5,15,1,17
2.0,5,15,2,17
2.0,5,15,3,17
2.0,5,15,4,18
2.0,5,15,5,18
2.0,5,15,6,18
2.0,5,15,7,18
2.0,5,15,8,18
2.0,5,15,9,18
2.0,5,15,10,18
2.0,5,15,11,18
2.0,5,15,12,18
2.0,5,15,13,18
2.0,5,15,14,18
2.0,5,15,15,18
2.0,6,0,0,16
2.0,6,0,1,16
2.0,6,0,2,16
2.0,6,0,3,16
2.0,6,0,4,16
2.0,6,0,5,16
2.0,6,0,6,17
2.0,6,0,7,17
2.0,6,0,8,17
2.0,6,0,9,17
2.0,6,0,10,17
2.0,6,0,11,17
2.0,6,0,12,17
2.0,6,0,13,17
2.0,6,0,14,17
2.0,6,0,15,17
2.0,6,1,0,16
2.0,6,1,1,16
2.0,6,1,2,16
2.0,6,1,3,16
2.0,6,1,4,16
2.0,6,1,5,17
2.0,6,1,6,17
2.0,6,1,7,17
2.0,6,1,8,17
2.0,6,1,9,17
2.0,6,1,10,17
2.0,6,1,11,17
2.0,6,1,12,17
2.0,6,1,13,17
2.0,6,1,14,17
2.0,6,1,15,17
2.0,6,2,0,16
2.0,6,2,1,16
2.0,6,2,2,16
2.0,6,2,3,17
2.0,6,2,4,17
2.0,6,2,5,17
2.0,6,2,6,17
2.0,6,2,7,17
2.0,6,2,8,17
2.0,6,2,9,17
2.0,6,2,10,17
2.0,6,2,11,17
2.0,6,2,12,17
2.0,6,2,13,17
2.0,6,2,14,17
2.0,6,2,15,17
2.0,6,3,0,16
2.0,6,3,1,16
2.0,6,3,2,17
2.0,6,3,3,17
2.0,6,3,4,17
2.0,6,3,5,17
2.0,6,3,6,17
2.0,6,3,7,17
2.0,6,3,8,17
2.0,6,3,9,17
2.0,6,3,10,17
2.0,6,3,11,17
2.0,6,3,12,17
2.0,6,3,13,17
2.0,6,3,14,17
2.0,6,3,15,18
2.0,6,4,0,16
2.0,6,4,1,17
2.0,6,4,2,17
2.0,6,4,3,17
2.0,6,4,4,17
2.0,6,4,5,17
2.0,6,4,6,17
2.0,6,4,7,17
2.0,6,4,8,17
2.0,6,4,9,17
2.0,6,4,10,17
2.0,6,4,11,17
2.0,6,4,12,17
2.0,6,4,13,18
2.0,6,4,14,18
2.0,6,4,15,18
2.0,6,5,0,17
2.0,6,5,1,17
2.0,6,5,2,17
2.0,6,5,3,17
2.0,6,5,4,17
2.0,6,5,5,17
2.0,6,5,6,17
2.0,6,5,7,17
2.0,6,5,8,17
2.0,6,5,9,17
2.0,6,5,10,17
2.0,6,5,11,17
2.0,6,5,12,18
2.0,6,5,13,18
2.0,6,5,14,18
2.0,6,5,15,18
2.0,6,6,0,17
2.0,6,6,1,17
2.0,6,6,2,17
2.0,6,6,3,17
2.0,6,6,4,17
2.0,6,6,5,17
2.0,6,6,6,17
2.0,6,6,7,17
2.0,6,6,8,17
2.0,6,6,9,17
2.0,6,6,10,17
2.0,6,6,11,18
2.0,6,6,12,18
2.0,6,6,13,18
2.0,6,6,14,18
2.0,6,6,15,18
2.0,6,7,0,17
2.0,6,7,1,17
2.0,6,7,2,17
2.0,6,7,3,17
2.0,6,7,4,17
2.0,6,7,5,17
2.0,6,7,6,17
2.0,6,7,7,17
2.0,6,7,8,17
2.0,6,7,9,17
2.0,6,7,10,18
2.0,6,7,11,18
2.0,6,7,12,18
2.0,6,7,13,18
2.0,6,7,14,18
2.0,6,7,15,18
2.0,6,8,0,17
2.0,6,8,1,17
2.0,6,8,2,17
2.0,6,8,3,17
2.0,6,8,4,17
2.0,6,8,5,17
2.0,6,8,6,17
2.0,6,8,7,17
2.0,6,8,8,18
2.0,6,8,9,18
2.0,6,8,10,18
2.0,6,8,11,18
2.0,6,8,12,18
2.0,6,8,13,18
2.0,6,8,14,18
2.0,6,8,15,18
2.0,6,9,0,17
2.0,6,9,1,17
2.0,6,9,2,17
2.0,6,9,3,17
2.0,6,9,4,17
2.0,6,9,5,17
2.0,6,9,6,17
2.0,6,9,7,18
2.0,6,9,8,18
2.0,6,9,9,18
2.0,6,9,10,18
2.0,6,9,11,18
2.0,6,9,12,18
2.0,6,9,13,18
2.0,6,9,14,18
2.0,6,9,15,18
2.0,6,10,0,17
2.0,6,10,1,17
2.0,6,10,2,17
2.0,6,10,3,17
2.0,6,10,4,17
2.0,6,10,5,17
2.0,6,10,6,18
2.0,6,10,7,18
2.0,6,10,8,18
2.0,6,10,9,18
2.0,6,10,10,18
2.0,6,10,11,18
2.0,6,10,12,18
2.0,6,10,13,18
2.0,6,10,14,18
2.0,6,10,15,18
2.0,6,11,0,17
2.0,6,11,1,17
2.0,6,11,2,17
2.0,6,11,3,17
2.0,6,11,4,17
2.0,6,11,5,18
2.0,6,11,6,18
2.0,6,11,7,18
2.0,6,11,8,18
2.0,6,11,9,18
2.0,6,11,10,18
2.0,6,11,11,18
2.0,6,11,12,18
2.0,6,11,13,18
2.0,6,11,14,18
2.0,6,11,15,18
2.0,6,12,0,17
2.0,6,12,1,17
2.0,6,12,2,17
2.0,6,12,3,17
2.0,6,12,4,18
2.0,6,12,5,18
2.0,6,12,6,18
2.0,6,12,7,18
2.0,6,12,8,18
2.0,6,12,9,18
2.0,6,12,10,18
2.0,6,12,11,18
2.0,6,12,12,18
2.0,6,12,13,18
2.0,6,12,14,18
2.0,6,12,15,18
2.0,6,13,0,17
2.0,6,13,1,17
2.0,6,13,2,17
2.0,6,13,3,18
2.0,6,13,4,18
2.0,6,13,5,18
2.0,6,13,6,18
2.0,6,13,7,18
2.0,6,13,8,18
2.0,6,13,9,18
2.0,6,13,10,18
2.0,6,13,11,18
2.0,6,13,12,18
2.0,6,13,13,18
2.0,6,13,14,18
2.0,6,13,15,19
2.0,6,14,0,17
2.0,6,14,1,17
2.0,6,14,2,18
2.0,6,14,3,18
2.0,6,14,4,18
2.0,6,14,5,18
2.0,6,14,6,18
2.0,6,14,7,18
2.0,6,14,8,18
2.0,6,14,9,18
2.0,6,14,10,18
2.0,6,14,11,18
2.0,6,14,12,18
2.0,6,14,13,19
2.0,6,14,14,19
2.0,6,14,15,19
2.0,6,15,0,17
2.0,6,15,1,18
2.0,6,15,2,18
2.0,6,15,3,18
2.0,6,15,4,18
2.0,6,15,5,18
2.0,6,15,6,18
2.0,6,15,7,18
2.0,6,15,8,18
2.0,6,15,9,18
2.0,6,15,10,18
2.0,6,15,11,18
2.0,6,15,12,19
2.0,6,15,13,19
2.0,6,15,14,19
2.0,6,15,15,19
2.0,7,0,0,16
2.0,7,0,1,16
2.0,7,0,2,16
2.0,7,0,3,17
2.0,7,0,4,17
2.0,7,0,5,17
2.0,7,0,6,17
2.0,7,0,7,17
2.0,7,0,8,17
2.0,7,0,9,17
2.0,7,0,10,17
2.0,7,0,11,17
2.0,7,0,12,17
2.0,7,0,13,17
2.0,7,0,14,17
2.0,7,0,15,18
2.0,7,1,0,16
2.0,7,1,1,16
2.0,7,1,2,17
2.0,7,1,3,17
2.0,7,1,4,17
2.0,7,1,5,17
2.0,7,1,6,17
2.0,7,1,7,17
2.0,7,1,8,17
2.0,7,1,9,17
2.0,7,1,10,17
2.0,7,1,11,17
2.0,7,1,12,17
2.0,7,1,13,17
2.0,7,1,14,18
2.0,7,1,15,18
2.0,7,2,0,17
2.0,7,2,1,17
2.0,7,2,2,17
2.0,7,2,3,17
2.0,7,2,4,17
2.0,7,2,5,17
2.0,7,2,6,17
2.0,7,2,7,17
2.0,7,2,8,17
2.0,7,2,9,17
2.0,7,2,10,17
2.0,7,2,11,17
2.0,7,2,12,17
2.0,7,2,13,18
2.0,7,2,14,18
2.0,7,2,15,18
2.0,7,3,0,17
2.0,7,3,1,17
2.0,7,3,2,17
2.0,7,3,3,17
2.0,7,3,4,17
2.0,7,3,5,17
2.0,7,3,6,17
2.0,7,3,7,17
2.0,7,3,8,17
2.0,7,3,9,17
2.0,7,3,10,17
2.0,7,3,11,18
2.0,7,3,12,18
2.0,7,3,13,18
2.0,7,3,14,18
2.0,7,3,15,18
2.0,7,4,0,17
2.0,7,4,1,17
2.0,7,4,2,17
2.0,7,4,3,17
2.0,7,4,4,17
2.0,7,4,5,17
2.0,7,4,6,17
2.0,7,4,7,17
2.0,7,4,8,17
2.0,7,4,9,17
2.0,7,4,10,18
2.0,7,4,11,18
2.0,7,4,12,18
2.0,7,4,13,18
2.0,7,4,14,18
2.0,7,4,15,18
2.0,7,5,0,17
2.0,7,5,1,17
2.0,7,5,2,17
2.0,7,5,3,17
2.0,7,5,4,17
2.0,7,5,5,17
2.0,7,5,6,17
2.0,7,5,7,17
2.0,7,5,8,17
2.0,7,5,9,18
2.0,7,5,10,18
2.0,7,5,11,18
2.0,7,5,12,18
2.0,7,5,13,18
2.0,7,5,14,18
2.0,7,5,15,18
2.0,7,6,0,17
2.0,7,6,1,17
2.0,7,6,2,17
2.0,7,6,3,17
2.0,7,6,4,17
2.0,7,6,5,17
2.0,7,6,6,17
2.0,7,6,7,17
2.0,7,6,8,18
2.0,7,6,9,18
2.0,7,6,10,18
2.0,7,6,11,18
2.0,7,6,12,18
2.0,7,6,13,18
2.0,7,6,14,18
2.0,7,6,15,18
2.0,7,7,0,17
2.0,7,7,1,17
2.0,7,7,2,17
2.0,7,7,3,17
2.0,7,7,4,17
2.0,7,7,5,17
2.0,7,7,6,18
2.0,7,7,7,18
2.0,7,7,8,18
2.0,7,7,9,18
2.0,7,7,10,18
2.0,7,7,11,18
2.0,7,7,12,18
2.0,7,7,13,18
2.0,7,7,14,18
2.0,7,7,15,18
2.0,7,8,0,17
2.0,7,8,1,17
2.0,7,8,2,17
2.0,7,8,3,17
2.0,7,8,4,17
2.0,7,8,5,18
2.0,7,8,6,18
2.0,7,8,7,18
2.0,7,8,8,18
2.0,7,8,9,18
2.0,7,8,10,18
2.0,7,8,11,18
2.0,7,8,12,18
2.0,7,8,13,18
2.0,7,8,14,18
2.0,7,8,15,18
2.0,7,9,0,17
2.0,7,9,1,17
2.0,7,9,2,17
2.0,7,9,3,17
2.0,7,9,4,18
2.0,7,9,5,18
2.0,7,9,6,18
2.0,7,9,7,18
2.0,7,9,8,18
2.0,7,9,9,18
2.0,7,9,10,18
2.0,7,9,11,18
2.0,7,9,12,18
2.0,7,9,13,18
2.0,7,9,14,18
2.0,7,9,15,18
2.0,7,10,0,17
2.0,7,10,1,17
2.0,7,10,2,17
2.0,7,10,3,18
2.0,7,10,4,18
2.0,7,10,5,18
2.0,7,10,6,18
2.0,7,10,7,18
2.0,7,10,8,18
2.0,7,10,9,18
2.0,7,10,10,18
2.0,7,10,11,18
2.0,7,10,12,18
2.0,7,10,13,18
2.0,7,10,14,18
2.0,7,10,15,19
2.0,7,11,0,17
2.0,7,11,1,17
2.0,7,11,2,18
2.0,7,11,3,18
2.0,7,11,4,18
2.0,7,11,5,18
2.0,7,11,6,18
2.0,7,11,7,18
2.0,7,11,8,18
2.0,7,11,9,18
2.0,7,11,10,18
2.0,7,11,11,18
2.0,7,11,12,18
2.0,7,11,13,18
2.0,7,11,14,19
2.0,7,11,15,19
2.0,7,12,0,17
2.0,7,12,1,18
2.0,7,12,2,18
2.0,7,12,3,18
2.0,7,12,4,18
2.0,7,12,5,18
2.0,7,12,6,18
2.0,7,12,7,18
2.0,7,12,8,18
2.0,7,12,9,18
2.0,7,12,10,18
2.0,7,12,11,18
2.0,7,12,12,19
2.0,7,12,13,19
2.0,7,12,14,19
2.0,7,12,15,19
2.0,7,13,0,18
2.0,7,13,1,18
2.0,7,13,2,18
2.0,7,13,3,18
2.0,7,13,4,18
2.0,7,13,5,18
2.0,7,13,6,18
2.0,7,13,7,18
2.0,7,13,8,18
2.0,7,13,9,18
2.0,7,13,10,18
2.0,7,13,11,19
2.0,7,13,12,19
2.0,7,13,13,19
2.0,7,13,14,19
2.0,7,13,15,19
2.0,7,14,0,18
2.0,7,14,1,18
2.0,7,14,2,18
2.0,7,14,3,18
2.0,7,14,4,18
2.0,7,14,5,18
2.0,7,14,6,18
2.0,7,14,7,18
2.0,7,14,8,18
2.0,7,14,9,18
2.0,7,14,10,19
2.0,7,14,11,19
2.0,7,14,12,19
2.0,7,14,13,19
2.0,7,14,14,19
2.0,7,14,15,19
2.0,7,15,0,18
2.0,7,15,1,18
2.0,7,15,2,18
2.0,7,15,3,18
2.0,7,15,4,18
2.0,7,15,5,18
2.0,7,15,6,18
2.0,7,15,7,18
2.0,7,15,8,18
2.0,7,15,9,19
2.0,7,15,10,19
2.0,7,15,11,19
2.0,7,15,12,19
2.0,7,15,13,19
2.0,7,15,14,19
2.0,7,15,15,19
2.0,8,0,0,17
2.0,8,0,1,17
2.0,8,0,2,17
2.0,8,0,3,17
2.0,8,0,4,17
2.0,8,0,5,17
2.0,8,0,6,17
2.0,8,0,7,17
2.0,8,0,8,17
2.0,8,0,9,17
2.0,8,0,10,17
2.0,8,0,11,17
2.0,8,0,12,18
2.0,8,0,13,18
2.0,8,0,14,18
2.0,8,0,15,18
2.0,8,1,0,17
2.0,8,1,1,17
2.0,8,1,2,17
2.0,8,1,3,17
2.0,8,1,4,17
2.0,8,1,5,17
2.0,8,1,6,17
2.0,8,1,7,17
2.0,8,1,8,17
2.0,8,1,9,17
2.0,8,1,10,17
2.0,8,1,11,18
2.0,8,1,12,18
2.0,8,1,13,18
2.0,8,1,14,18
2.0,8,1,15,18
2.0,8,2,0,17
2.0,8,2,1,17
2.0,8,2,2,17
2.0,8,2,3,17
2.0,8,2,4,17
2.0,8,2,5,17
2.0,8,2,6,17
2.0,8,2,7,17
2.0,8,2,8,17
2.0,8,2,9,18
2.0,8,2,10,18
2.0,8,2,11,18
2.0,8,2,12,18
2.0,8,2,13,18
2.0,8,2,14,18
2.0,8,2,15,18
2.0,8,3,0,17
2.0,8,3,1,17
2.0,8,3,2,17
2.0,8,3,3,17
2.0,8,3,4,17
2.0,8,3,5,17
2.0,8,3,6,17
2.0,8,3,7,17
2.0,8,3,8,18
2.0,8,3,9,18
2.0,8,3,10,18
2.0,8,3,11,18
2.0,8,3,12,18
2.0,8,3,13,18
2.0,8,3,14,18
2.0,8,3,15,18
2.0,8,4,0,17
2.0,8,4,1,17
2.0,8,4,2,17
2.0,8,4,3,17
2.0,8,4,4,17
2.0,8,4,5,17
2.0,8,4,6,17
2.0,8,4,7,18
2.0,8,4,8,18
2.0,8,4,9,18
2.0,8,4,10,18
2.0,8,4,11,18
2.0,8,4,12,18
2.0,8,4,13,18
2.0,8,4,14,18
2.0,8,4,15,18
2.0,8,5,0,17
2.0,8,5,1,17
2.0,8,5,2,17
2.0,8,5,3,17
2.0,8,5,4,17
2.0,8,5,5,18
2.0,8,5,6,18
2.0,8,5,7,18
2.0,8,5,8,18
2.0,8,5,9,18
2.0,8,5,10,18
2.0,8,5,11,18
2.0,8,5,12,18
2.0,8,5,13,18
2.0,8,5,14,18
2.0,8,5,15,18
2.0,8,6,0,17
2.0,8,6,1,17
2.0,8,6,2,17
2.0,8,6,3,17
2.0,8,6,4,18
2.0,8,6,5,18
2.0,8,6,6,18
2.0,8,6,7,18
2.0,8,6,8,18
2.0,8,6,9,18
2.0,8,6,10,18
2.0,8,6,11,18
2.0,8,6,12,18
2.0,8,6,13,18
2.0,8,6,14,18
2.0,8,6,15,18
2.0,8,7,0,17
2.0,8,7,1,17
2.0,8,7,2,17
2.0,8,7,3,18
2.0,8,7,4,18
2.0,8,7,5,18
2.0,8,7,6,18
2.0,8,7,7,18
2.0,8,7,8,18
2.0,8,7,9,18
2.0,8,7,10,18
2.0,8,7,11,18
2.0,8,7,12,18
2.0,8,7,13,18
2.0,8,7,14,18
2.0,8,7,15,19
2.0,8,8,0,17
2.0,8,8,1,17
2.0,8,8,2,18
2.0,8,8,3,18
2.0,8,8,4,18
2.0,8,8,5,18
2.0,8,8,6,18
2.0,8,8,7,18
2.0,8,8,8,18
2.0,8,8,9,18
2.0,8,8,10,18
2.0,8,8,11,18
2.0,8,8,12,18
2.0,8,8,13,18
2.0,8,8,14,19
2.0,8,8,15,19
2.0,8,9,0,17
2.0,8,9,1,18
2.0,8,9,2,18
2.0,8,9,3,18
2.0,8,9,4,18
2.0,8,9,5,18
2.0,8,9,6,18
2.0,8,9,7,18
2.0,8,9,8,18
2.0,8,9,9,18
2.0,8,9,10,18
2.0,8,9,11,18
2.0,8,9,12,18
2.0,8,9,13,19
2.0,8,9,14,19
2.0,8,9,15,19
2.0,8,10,0,18
2.0,8,10,1,18
2.0,8,10,2,18
2.0,8,10,3,18
2.0,8,10,4,18
2.0,8,10,5,18
2.0,8,10,6,18
2.0,8,10,7,18
2.0,8,10,8,18
2.0,8,10,9,18
2.0,8,10,10,18
2.0,8,10,11,19
2.0,8,10,12,19
2.0,8,10,13,19
2.0,8,10,14,19
2.0,8,10,15,19
2.0,8,11,0,18
2.0,8,11,1,18
2.0,8,11,2,18
2.0,8,11,3,18
2.0,8,11,4,18
2.0,8,11,5,18
2.0,8,11,6,18
2.0,8,11,7,18
2.0,8,11,8,18
2.0,8,11,9,18
2.0,8,11,10,19
2.0,8,11,11,19
2.0,8,11,12,19
2.0,8,11,13,19
2.0,8,11,14,19
2.0,8,11,15,19
2.0,8,12,0,18
2.0,8,12,1,18
2.0,8,12,2,18
2.0,8,12,3,18
2.0,8,12,4,18
2.0,8,12,5,18
2.0,8,12,6,18
2.0,8,12,7,18
2.0,8,12,8,18
2.0,8,12,9,19
2.0,8,12,10,19
2.0,8,12,11,19
2.0,8,12,12,19
2.0,8,12,13,19
2.0,8,12,14,19
2.0,8,12,15,19
2.0,8,13,0,18
2.0,8,13,1,18
2.0,8,13,2,18
2.0,8,13,3,18
2.0,8,13,4,18
2.0,8,13,5,18
2.0,8,13,6,18
2.0,8,13,7,18
2.0,8,13,8,19
2.0,8,13,9,19
2.0,8,13,10,19
2.0,8,13,11,19
2.0,8,13,12,19
2.0,8,13,13,19
2.0,8,13,14,19
2.0,8,13,15,19
2.0,8,14,0,18
2.0,8,14,1,18
2.0,8,14,2,18
2.0,8,14,3,18
2.0,8,14,4,18
2.0,8,14,5,18
2.0,8,14,6,18
2.0,8,14,7,19
2.0,8,14,8,19
2.0,8,14,9,19
2.0,8,14,10,19
2.0,8,14,11,19
2.0,8,14,12,19
2.0,8,14,13,19
2.0,8,14,14,19
2.0,8,14,15,19
2.0,8,15,0,18
2.0,8,15,1,18
2.0,8,15,2,18
2.0,8,15,3,18
2.0,8,15,4,18
2.0,8,15,5,18
2.0,8,15,6,19
2.0,8,15,7,19
2.0,8,15,8,19
2.0,8,15,9,19
2.0,8,15,10,19
2.0,8,15,11,19
2.0,8,15,12,19
2.0,8,15,13,19
2.0,8,15,14,19
2.0,8,15,15,19
2.0,9,0,0,17
2.0,9,0,1,17
2.0,9,0,2,17
2.0,9,0,3,17
2.0,9,0,4,17
2.0,9,0,5,17
2.0,9,0,6,17
2.0,9,0,7,17
2.0,9,0,8,17
2.0,9,0,9,18
2.0,9,0,10,18
2.0,9,0,11,18
2.0,9,0,12,18
2.0,9,0,13,18
2.0,9,0,14,18
2.0,9,0,15,18
2.0,9,1,0,17
2.0,9,1,1,17
2.0,9,1,2,17
2.0,9,1,3,17
2.0,9,1,4,17
2.0,9,1,5,17
2.0,9,1,6,17
2.0,9,1,7,18
2.0,9,1,8,18
2.0,9,1,9,18
2.0,9,1,10,18
2.0,9,1,11,18
2.0,9,1,12,18
2.0,9,1,13,18
2.0,9,1,14,18
2.0,9,1,15,18
2.0,9,2,0,17
2.0,9,2,1,17
2.0,9,2,2,17
2.0,9,2,3,17
2.0,9,2,4,17
2.0,9,2,5,17
2.0,9,2,6,18
2.0,9,2,7,18
2.0,9,2,8,18
2.0,9,2,9,18
2.0,9,2,10,18
2.0,9,2,11,18
2.0,9,2,12,18
2.0,9,2,13,18
2.0,9,2,14,18
2.0,9,2,15,18
2.0,9,3,0,17
2.0,9,3,1,17
2.0,9,3,2,17
2.0,9,3,3,17
2.0,9,3,4,17
2.0,9,3,5,18
2.0,9,3,6,18
2.0,9,3,7,18
2.0,9,3,8,18
2.0,9,3,9,18
2.0,9,3,10,18
2.0,9,3,11,18
2.0,9,3,12,18
2.0,9,3,13,18
2.0,9,3,14,18
2.0,9,3,15,18
2.0,9,4,0,17
2.0,9,4,1,17
2.0,9,4,2,17
2.0,9,4,3,17
2.0,9,4,4,18
2.0,9,4,5,18
2.0,9,4,6,18
2.0,9,4,7,18
2.0,9,4,8,18
2.0,9,4,9,18
2.0,9,4,10,18
2.0,9,4,11,18
2.0,9,4,12,18
2.0,9,4,13,18
2.0,9,4,14,18
2.0,9,4,15,18
2.0,9,5,0,17
2.0,9,5,1,17
2.0,9,5,2,18
2.0,9,5,3,18
2.0,9,5,4,18
2.0,9,5,5,18
2.0,9,5,6,18
2.0,9,5,7,18
2.0,9,5,8,18
2.0,9,5,9,18
2.0,9,5,10,18
2.0,9,5,11,18
2.0,9,5,12,18
2.0,9,5,13,18
2.0,9,5,14,19
2.0,9,5,15,19
2.0,9,6,0,17
2.0,9,6,1,18
2.0,9,6,2,18
2.0,9,6,3,18
2.0,9,6,4,18
2.0,9,6,5,18
2.0,9,6,6,18
2.0,9,6,7,18
2.0,9,6,8,18
2.0,9,6,9,18
2.0,9,6,10,18
2.0,9,6,11,18
2.0,9,6,12,18
2.0,9,6,13,19
2.0,9,6,14,19
2.0,9,6,15,19
2.0,9,7,0,18
2.0,9,7,1,18
2.0,9,7,2,18
2.0,9,7,3,18
2.0,9,7,4,18
2.0,9,7,5,18
2.0,9,7,6,18
2.0,9,7,7,18
2.0,9,7,8,18
2.0,9,7,9,18
2.0,9,7,10,18
2.0,9,7,11,18
2.0,9,7,12,19
2.0,9,7,13,19
2.0,9,7,14,19
2.0,9,7,15,19
2.0,9,8,0,18
2.0,9,8,1,18
2.0,9,8,2,18
2.0,9,8,3,18
2.0,9,8,4,18
2.0,9,8,5,18
2.0,9,8,6,18
2.0,9,8,7,18
2.0,9,8,8,18
2.0,9,8,9,18
2.0,9,8,10,19
2.0,9,8,11,19
2.0,9,8,12,19
2.0,9,8,13,19
2.0,9,8,14,19
2.0,9,8,15,19
2.0,9,9,0,18
2.0,9,9,1,18
2.0,9,9,2,18
2.0,9,9,3,18
2.0,9,9,4,18
2.0,9,9,5,18
2.0,9,9,6,18
2.0,9,9,7,18
2.0,9,9,8,18
2.0,9,9,9,19
2.0,9,9,10,19
2.0,9,9,11,19
2.0,9,9,12,19
2.0,9,9,13,19
2.0,9,9,14,19
2.0,9,9,15,19
2.0,9,10,0,18
2.0,9,10,1,18
2.0,9,10,2,18
2.0,9,10,3,18
2.0,9,10,4,18
2.0,9,10,5,18
2.0,9,10,6,18
2.0,9,10,7,18
2.0,9,10,8,19
2.0,9,10,9,19
2.0,9,10,10,19
2.0,9,10,11,19
2.0,9,10,12,19
2.0,9,10,13,19
2.0,9,10,14,19
2.0,9,10,15,19
2.0,9,11,0,18
2.0,9,11,1,18
2.0,9,11,2,18
2.0,9,11,3,18
2.0,9,11,4,18
2.0,9,11,5,18
2.0,9,11,6,18
2.0,9,11,7,19
2.0,9,11,8,19
2.0,9,11,9,19
2.0,9,11,10,19
2.0,9,11,11,19
2.0,9,11,12,19
2.0,9,11,13,19
2.0,9,11,14,19
2.0,9,11,15,19
2.0,9,12,0,18
2.0,9,12,1,18
2.0,9,12,2,18
2.0,9,12,3,18
2.0,9,12,4,18
2.0,9,12,5,18
2.0,9,12,6,19
2.0,9,12,7,19
2.0,9,12,8,19
2.0,9,12,9,19
2.0,9,12,10,19
2.0,9,12,11,19
2.0,9,12,12,19
2.0,9,12,13,19
2.0,9,12,14,19
2.0,9,12,15,19
2.0,9,13,0,18
2.0,9,13,1,18
2.0,9,13,2,18
2.0,9,13,3,18
2.0,9,13,4,18
2.0,9,13,5,19
2.0,9,13,6,19
2.0,9,13,7,19
2.0,9,13,8,19
2.0,9,13,9,19
2.0,9,13,10,19
2.0,9,13,11,19
2.0,9,13,12,19
2.0,9,13,13,19
2.0,9,13,14,19
2.0,9,13,15,19
2.0,9,14,0,18
2.0,9,14,1,18
2.0,9,14,2,18
2.0,9,14,3,19
2.0,9,14,4,19
2.0,9,14,5,19
2.0,9,14,6,19
2.0,9,14,7,19
2.0,9,14,8,19
2.0,9,14,9,19
2.0,9,14,10,19
2.0,9,14,11,19
2.0,9,14,12,19
2.0,9,14,13,19
2.0,9,14,14,19
2.0,9,14,15,20
2.0,9,15,0,18
2.0,9,15,1,18
2.0,9,15,2,19
2.0,9,15,3,19
2.0,9,15,4,19
2.0,9,15,5,19
2.0,9,15,6,19
2.0,9,15,7,19
2.0,9,15,8,19
2.0,9,15,9,19
2.0,9,15,10,19
2.0,9,15,11,19
2.0,9,15,12,19
2.0,9,15,13,19
2.0,9,15,14,20
2.0,9,15,15,20
2.0,10,0,0,17
2.0,10,0,1,17
2.0,10,0,2,17
2.0,10,0,3,17
2.0,10,0,4,17
2.0,10,0,5,18
2.0,10,0,6,18
2.0,10,0,7,18
2.0,10,0,8,18
2.0,10,0,9,18
2.0,10,0,10,18
2.0,10,0,11,18
2.0,10,0,12,18
2.0,10,0,13,18
2.0,10,0,14,18
2.0,10,0,15,18
2.0,10,1,0,17
2.0,10,1,1,17
2.0,10,1,2,17
2.0,10,1,3,17
2.0,10,1,4,18
2.0,10,1,5,18
2.0,10,1,6,18
2.0,10,1,7,18
2.0,10,1,8,18
2.0,10,1,9,18
2.0,10,1,10,18
2.0,10,1,11,18
2.0,10,1,12,18
2.0,10,1,13,18
2.0,10,1,14,18
2.0,10,1,15,18
2.0,10,2,0,17
2.0,10,2,1,17
2.0,10,2,2,17
2.0,10,2,3,18
2.0,10,2,4,18
2.0,10,2,5,18
2.0,10,2,6,18
2.0,10,2,7,18
2.0,10,2,8,18
2.0,10,2,9,18
2.0,10,2,10,18
2.0,10,2,11,18
2.0,10,2,12,18
2.0,10,2,13,18
2.0,10,2,14,18
2.0,10,2,15,19
2.0,10,3,0,17
2.0,10,3,1,17
2.0,10,3,2,18
2.0,10,3,3,18
2.0,10,3,4,18
2.0,10,3,5,18
2.0,10,3,6,18
2.0,10,3,7,18
2.0,10,3,8,18
2.0,10,3,9,18
2.0,10,3,10,18
2.0,10,3,11,18
2.0,10,3,12,18
2.0,10,3,13,18
2.0,10,3,14,19
2.0,10,3,15,19
2.0,10,4,0,17
2.0,10,4,1,18
2.0,10,4,2,18
2.0,10,4,3,18
2.0,10,4,4,18
2.0,10,4,5,18
2.0,10,4,6,18
2.0,10,4,7,18
2.0,10,4,8,18
2.0,10,4,9,18
2.0,10,4,10,18
2.0,10,4,11,18
2.0,10,4,12,19
2.0,10,4,13,19
2.0,10,4,14,19
2.0,10,4,15,19
2.0,10,5,0,18
2.0,10,5,1,18
2.0,10,5,2,18
2.0,10,5,3,18
2.0,10,5,4,18
2.0,10,5,5,18
2.0,10,5,6,18
2.0,10,5,7,18
2.0,10,5,8,18
2.0,10,5,9,18
2.0,10,5,10,18
2.0,10,5,11,19
2.0,10,5,12,19
2.0,10,5,13,19
2.0,10,5,14,19
2.0,10,5,15,19
2.0,10,6,0,18
2.0,10,6,1,18
2.0,10,6,2,18
2.0,10,6,3,18
2.0,10,6,4,18
2.0,10,6,5,18
2.0,10,6,6,18
2.0,10,6,7,18
2.0,10,6,8,18
2.0,10,6,9,18
2.0,10,6,10,19
2.0,10,6,11,19
2.0,10,6,12,19
2.0,10,6,13,19
2.0,10,6,14,19
2.0,10,6,15,19
2.0,10,7,0,18
2.0,10,7,1,18
2.0,10,7,2,18
2.0,10,7,3,18
2.0,10,7,4,18
2.0,10,7,5,18
2.0,10,7,6,18
2.0,10,7,7,18
2.0,10,7,8,19
2.0,10,7,9,19
2.0,10,7,10,19
2.0,10,7,11,19
2.0,10,7,12,19
2.0,10,7,13,19
2.0,10,7,14,19
2.0,10,7,15,19
2.0,10,8,0,18
2.0,10,8,1,18
2.0,10,8,2,18
2.0,10,8,3,18
2.0,10,8,4,18
2.0,10,8,5,18
2.0,10,8,6,18
2.0,10,8,7,19
2.0,10,8,8,19
2.0,10,8,9,19
2.0,10,8,10,19
2.0,10,8,11,19
2.0,10,8,12,19
2.0,10,8,13,19
2.0,10,8,14,19
2.0,10,8,15,19
2.0,10,9,0,18
2.0,10,9,1,18
2.0,10,9,2,18
2.0,10,9,3,18
2.0,10,9,4,18
2.0,10,9,5,18
2.0,10,9,6,19
2.0,10,9,7,19
2.0,10,9,8,19
2.0,10,9,9,19
2.0,10,9,10,19
2.0,10,9,11,19
2.0,10,9,12,19
2.0,10,9,13,19
2.0,10,9,14,19
2.0,10,9,15,19
2.0,10,10,0,18
2.0,10,10,1,18
2.0,10,10,2,18
2.0,10,10,3,18
2.0,10,10,4,18
2.0,10,10,5,19
2.0,10,10,6,19
2.0,10,10,7,19
2.0,10,10,8,19
2.0,10,10,9,19
2.0,10,10,10,19
2.0,10,10,11,19
2.0,10,10,12,19
2.0,10,10,13,19
2.0,10,10,14,19
2.0,10,10,15,19
2.0,10,11,0,18
2.0,10,11,1,18
2.0,10,11,2,18
2.0,10,11,3,18
2.0,10,11,4,19
2.0,10,11,5,19
2.0,10,11,6,19
2.0,10,11,7,19
2.0,10,11,8,19
2.0,10,11,9,19
2.0,10,11,10,19
2.0,10,11,11,19
2.0,10,11,12,19
2.0,10,11,13,19
2.0,10,11,14,19
2.0,10,11,15,20
2.0,10,12,0,18
2.0,10,12,1,18
2.0,10,12,2,18
2.0,10,12,3,19
2.0,10,12,4,19
2.0,10,12,5,19
2.0,10,12,6,19
2.0,10,12,7,19
2.0,10,12,8,19
2.0,10,12,9,19
2.0,10,12,10,19
2.0,10,12,11,19
2.0,10,12,12,19
2.0,10,12,13,19
2.0,10,12,14,20
2.0,10,12,15,20
2.0,10,13,0,18
2.0,10,13,1,18
2.0,10,13,2,19
2.0,10,13,3,19
2.0,10,13,4,19
2.0,10,13,5,19
2.0,10,13,6,19
2.0,10,13,7,19
2.0,10,13,8,19
2.0,10,13,9,19
2.0,10,13,10,19
2.0,10,13,11,19
2.0,10,13,12,19
2.0,10,13,13,20
2.0,10,13,14,20
2.0,10,13,15,20
2.0,10,14,0,19
2.0,10,14,1,19
2.0,10,14,2,19
2.0,10,14,3,19
2.0,10,14,4,19
2.0,10,14,5,19
2.0,10,14,6,19
2.0,10,14,7,19
2.0,10,14,8,19
2.0,10,14,9,19
2.0,10,14,10,19
2.0,10,14,11,20
2.0,10,14,12,20
2.0,10,14,13,20
2.0,10,14,14,20
2.0,10,14,15,20
2.0,10,15,0,19
2.0,10,15,1,19
2.0,10,15,2,19
2.0,10,15,3,19
2.0,10,15,4,19
2.0,10,15,5,19
2.0,10,15,6,19
2.0,10,15,7,19
2.0,10,15,8,19
2.0,10,15,9,19
2.0,10,15,10,20
2.0,10,15,11,20
2.0,10,15,12,20
2.0,10,15,13,20
2.0,10,15,14,20
2.0,10,15,15,20
2.0,11,0,0,17
2.0,11,0,1,17
2.0,11,0,2,18
2.0,11,0,3,18
2.0,11,0,4,18
2.0,11,0,5,18
2.0,11,0,6,18
2.0,11,0,7,18
2.0,11,0,8,18
2.0,11,0,9,18
2.0,11,0,10,18
2.0,11,0,11,18
2.0,11,0,12,18
2.0,11,0,13,18
2.0,11,0,14,19
2.0,11,0,15,19
2.0,11,1,0,17
2.0,11,1,1,18
2.0,11,1,2,18
2.0,11,1,3,18
2.0,11,1,4,18
2.0,11,1,5,18
2.0,11,1,6,18
2.0,11,1,7,18
2.0,11,1,8,18
2.0,11,1,9,18
2.0,11,1,10,18
2.0,11,1,11,18
2.0,11,1,12,18
2.0,11,1,13,19
2.0,11,1,14,19
2.0,11,1,15,19
2.0,11,2,0,18
2.0,11,2,1,18
2.0,11,2,2,18
2.0,11,2,3,18
2.0,11,2,4,18
2.0,11,2,5,18
2.0,11,2,6,18
2.0,11,2,7,18
2.0,11,2,8,18
2.0,11,2,9,18
2.0,11,2,10,18
2.0,11,2,11,18
2.0,11,2,12,19
2.0,11,2,13,19
2.0,11,2,14,19
2.0,11,2,15,19
2.0,11,3,0,18
2.0,11,3,1,18
2.0,11,3,2,18
2.0,11,3,3,18
2.0,11,3,4,18
2.0,11,3,5,18
2.0,11,3,6,18
2.0,11,3,7,18
2.0,11,3,8,18
2.0,11,3,9,18
2.0,11,3,10,19
2.0,11,3,11,19
2.0,11,3,12,19
2.0,11,3,13,19
2.0,11,3,14,19
2.0,11,3,15,19
2.0,11,4,0,18
2.0,11,4,1,18
2.0,11,4,2,18
2.0,11,4,3,18
2.0,11,4,4,18
2.0,11,4,5,18
2.0,11,4,6,18
2.0,11,4,7,18
2.0,11,4,8,18
2.0,11,4,9,19
2.0,11,4,10,19
2.0,11,4,11,19
2.0,11,4,12,19
2.0,11,4,13,19
2.0,11,4,14,19
2.0,11,4,15,19
2.0,11,5,0,18
2.0,11,5,1,18
2.0,11,5,2,18
2.0,11,5,3,18
2.0,11,5,4,18
2.0,11,5,5,18
2.0,11,5,6,18
2.0,11,5,7,18
2.0,11,5,8,19
2.0,11,5,9,19
2.0,11,5,10,19
2.0,11,5,11,19
2.0,11,5,12,19
2.0,11,5,13,19
2.0,11,5,14,19
2.0,11,5,15,19
2.0,11,6,0,18
2.0,11,6,1,18
2.0,11,6,2,18
2.0,11,6,3,18
2.0,11,6,4,18
2.0,11,6,5,18
2.0,11,6,6,19
2.0,11,6,7,19
2.0,11,6,8,19
2.0,11,6,9,19
2.0,11,6,10,19
2.0,11,6,11,19
2.0,11,6,12,19
2.0,11,6,13,19
2.0,11,6,14,19
2.0,11,6,15,19
2.0,11,7,0,18
2.0,11,7,1,18
2.0,11,7,2,18
2.0,11,7,3,18
2.0,11,7,4,18
2.0,11,7,5,19
2.0,11,7,6,19
2.0,11,7,7,19
2.0,11,7,8,19
2.0,11,7,9,19
2.0,11,7,10,19
2.0,11,7,11,19
2.0,11,7,12,19
2.0,11,7,13,19
2.0,11,7,14,19
2.0,11,7,15,19
2.0,11,8,0,18
2.0,11,8,1,18
2.0,11,8,2,18
2.0,11,8,3,18
2.0,11,8,4,19
2.0,11,8,5,19
2.0,11,8,6,19
2.0,11,8,7,19
2.0,11,8,8,19
2.0,11,8,9,19
2.0,11,8,10,19
2.0,11,8,11,19
2.0,11,8,12,19
2.0,11,8,13,19
2.0,11,8,14,19
2.0,11,8,15,19
2.0,11,9,0,18
2.0,11,9,1,18
2.0,11,9,2,18
2.0,11,9,3,19
2.0,11,9,4,19
2.0,11,9,5,19
2.0,11,9,6,19
2.0,11,9,7,19
2.0,11,9,8,19
2.0,11,9,9,19
2.0,11,9,10,19
2.0,11,9,11,19
2.0,11,9,12,19
2.0,11,9,13,19
2.0,11,9,14,20
2.0,11,9,15,20
2.0,11,10,0,18
2.0,11,10,1,18
2.0,11,10,2,19
2.0,11,10,3,19
2.0,11,10,4,19
2.0,11,10,5,19
2.0,11,10,6,19
2.0,11,10,7,19
2.0,11,10,8,19
2.0,11,10,9,19
2.0,11,10,10,19
2.0,11,10,11,19
2.0,11,10,12,19
2.0,11,10,13,20
2.0,11,10,14,20
2.0,11,10,15,20
2.0,11,11,0,18
2.0,11,11,1,19
2.0,11,11,2,19
2.0,11,11,3,19
2.0,11,11,4,19
2.0,11,11,5,19
2.0,11,11,6,19
2.0,11,11,7,19
2.0,11,11,8,19
2.0,11,11,9,19
2.0,11,11,10,19
2.0,11,11,11,19
2.0,11,11,12,20
2.0,11,11,13,20
2.0,11,11,14,20
2.0,11,11,15,20
2.0,11,12,0,19
2.0,11,12,1,19
2.0,11,12,2,19
2.0,11,12,3,19
2.0,11,12,4,19
2.0,11,12,5,19
2.0,11,12,6,19
2.0,11,12,7,19
2.0,11,12,8,19
2.0,11,12,9,19
2.0,11,12,10,19
2.0,11,12,11,20
2.0,11,12,12,20
2.0,11,12,13,20
2.0,11,12,14,20
2.0,11,12,15,20
2.0,11,13,0,19
2.0,11,13,1,19
2.0,11,13,2,19
2.0,11,13,3,19
2.0,11,13,4,19
2.0,11,13,5,19
2.0,11,13,6,19
2.0,11,13,7,19
2.0,11,13,8,19
2.0,11,13,9,20
2.0,11,13,10,20
2.0,11,13,11,20
2.0,11,13,12,20
2.0,11,13,13,20
2.0,11,13,14,20
2.0,11,13,15,20
2.0,11,14,0,19
2.0,11,14,1,19
2.0,11,14,2,19
2.0,11,14,3,19
2.0,11,14,4,19
2.0,11,14,5,19
2.0,11,14,6,19
2.0,11,14,7,19
2.0,11,14,8,20
2.0,11,14,9,20
2.0,11,14,10,20
2.0,11,14,11,20
2.0,11,14,12,20
2.0,11,14,13,20
2.0,11,14,14,20
2.0,11,14,15,20
2.0,11,15,0,19
2.0,11,15,1,19
2.0,11,15,2,19
2.0,11,15,3,19
2.0,11,15,4,19
2.0,11,15,5,19
2.0,11,15,6,19
2.0,11,15,7,20
2.0,11,15,8,20
2.0,11,15,9,20
2.0,11,15,10,20
2.0,11,15,11,20
2.0,11,15,12,20
2.0,11,15,13,20
2.0,11,15,14,20
2.0,11,15,15,20
2.0,12,0,0,18
2.0,12,0,1,18
2.0,12,0,2,18
2.0,12,0,3,18
2.0,12,0,4,18
2.0,12,0,5,18
2.0,12,0,6,18
2.0,12,0,7,18
2.0,12,0,8,18
2.0,12,0,9,18
2.0,12,0,10,18
2.0,12,0,11,19
2.0,12,0,12,19
2.0,12,0,13,19
2.0,12,0,14,19
2.0,12,0,15,19
2.0,12,1,0,18
2.0,12,1,1,18
2.0,12,1,2,18
2.0,12,1,3,18
2.0,12,1,4,18
2.0,12,1,5,18
2.0,12,1,6,18
2.0,12,1,7,18
2.0,12,1,8,18
2.0,12,1,9,18
2.0,12,1,10,19
2.0,12,1,11,19
2.0,12,1,12,19
2.0,12,1,13,19
2.0,12,1,14,19
2.0,12,1,15,19
2.0,12,2,0,18
2.0,12,2,1,18
2.0,12,2,2,18
2.0,12,2,3,18
2.0,12,2,4,18
2.0,12,2,5,18
2.0,12,2,6,18
2.0,12,2,7,18
2.0,12,2,8,19
2.0,12,2,9,19
2.0,12,2,10,19
2.0,12,2,11,19
2.0,12,2,12,19
2.0,12,2,13,19
2.0,12,2,14,19
2.0,12,2,15,19
2.0,12,3,0,18
2.0,12,3,1,18
2.0,12,3,2,18
2.0,12,3,3,18
2.0,12,3,4,18
2.0,12,3,5,18
2.0,12,3,6,18
2.0,12,3,7,19
2.0,12,3,8,19
2.0,12,3,9,19
2.0,12,3,10,19
2.0,12,3,11,19
2.0,12,3,12,19
2.0,12,3,13,19
2.0,12,3,14,19
2.0,12,3,15,19
2.0,12,4,0,18
2.0,12,4,1,18
2.0,12,4,2,18
2.0,12,4,3,18
2.0,12,4,4,18
2.0,12,4,5,18
2.0,12,4,6,19
2.0,12,4,7,19
2.0,12,4,8,19
2.0,12,4,9,19
2.0,12,4,10,19
2.0,12,4,11,19
2.0,12,4,12,19
2.0,12,4,13,19
2.0,12,4,14,19
2.0,12,4,15,19
2.0,12,5,0,18
2.0,12,5,1,18
2.0,12,5,2,18
2.0,12,5,3,18
2.0,12,5,4,18
2.0,12,5,5,19
2.0,12,5,6,19
2.0,12,5,7,19
2.0,12,5,8,19
2.0,12,5,9,19
2.0,12,5,10,19
2.0,12,5,11,19
2.0,12,5,12,19
2.0,12,5,13,19
2.0,12,5,14,19
2.0,12,5,15,19
2.0,12,6,0,18
2.0,12,6,1,18
2.0,12,6,2,18
2.0,12,6,3,19
2.0,12,6,4,19
2.0,12,6,5,19
2.0,12,6,6,19
2.0,12,6,7,19
2.0,12,6,8,19
2.0,12,6,9,19
2.0,12,6,10,19
2.0,12,6,11,19
2.0,12,6,12,19
2.0,12,6,13,19
2.0,12,6,14,19
2.0,12,6,15,20
2.0,12,7,0,18
2.0,12,7,1,18
2.0,12,7,2,19
2.0,12,7,3,19
2.0,12,7,4,19
2.0,12,7,5,19
2.0,12,7,6,19
2.0,12,7,7,19
2.0,12,7,8,19
2.0,12,7,9,19
2.0,12,7,10,19
2.0,12,7,11,19
2.0,12,7,12,19
2.0,12,7,13,19
2.0,12,7,14,20
2.0,12,7,15,20
2.0,12,8,0,18
2.0,12,8,1,19
2.0,12,8,2,19
2.0,12,8,3,19
2.0,12,8,4,19
2.0,12,8,5,19
2.0,12,8,6,19
2.0,12,8,7,19
2.0,12,8,8,19
2.0,12,8,9,19
2.0,12,8,10,19
2.0,12,8,11,19
2.0,12,8,12,20
2.0,12,8,13,20
2.0,12,8,14,20
2.0,12,8,15,20
2.0,12,9,0,19
2.0,12,9,1,19
2.0,12,9,2,19
2.0,12,9,3,19
2.0,12,9,4,19
2.0,12,9,5,19
2.0,12,9,6,19
2.0,12,9,7,19
2.0,12,9,8,19
2.0,12,9,9,19
2.0,12,9,10,19
2.0,12,9,11,20
2.0,12,9,12,20
2.0,12,9,13,20
2.0,12,9,14,20
2.0,12,9,15,20
2.0,12,10,0,19
2.0,12,10,1,19
2.0,12,10,2,19
2.0,12,10,3,19
2.0,12,10,4,19
2.0,12,10,5,19
2.0,12,10,6,19
2.0,12,10,7,19
2.0,12,10,8,19
2.0,12,10,9,19
2.0,12,10,10,20
2.0,12,10,11,20
2.0,12,10,12,20
2.0,12,10,13,20
2.0,12,10,14,20
2.0,12,10,15,20
2.0,12,11,0,19
2.0,12,11,1,19
2.0,12,11,2,19
2.0,12,11,3,19
2.0,12,11,4,19
2.0,12,11,5,19
2.0,12,11,6,19
2.0,12,11,7,19
2.0,12,11,8,19
2.0,12,11,9,20
2.0,12,11,10,20
2.0,12,11,11,20
2.0,12,11,12,20
2.0,12,11,13,20
2.0,12,11,14,20
2.0,12,11,15,20
2.0,12,12,0,19
2.0,12,12,1,19
2.0,12,12,2,19
2.0,12,12,3,19
2.0,12,12,4,19
2.0,12,12,5,19
2.0,12,12,6,19
2.0,12,12,7,20
2.0,12,12,8,20
2.0,12,12,9,20
2.0,12,12,10,20
2.0,12,12,11,20
2.0,12,12,12,20
2.0,12,12,13,20
2.0,12,12,14,20
2.0,12,12,15,20
2.0,12,13,0,19
2.0,12,13,1,19
2.0,12,13,2,19
2.0,12,13,3,19
2.0,12,13,4,19
2.0,12,13,5,19
2.0,12,13,6,20
2.0,12,13,7,20
2.0,12,13,8,20
2.0,12,13,9,20
2.0,12,13,10,20
2.0,12,13,11,20
2.0,12,13,12,20
2.0,12,13,13,20
2.0,12,13,14,20
2.0,12,13,15,20
2.0,12,14,0,19
2.0,12,14,1,19
2.0,12,14,2,19
2.0,12,14,3,19
2.0,12,14,4,19
2.0,12,14,5,20
2.0,12,14,6,20
2.0,12,14,7,20
2.0,12,14,8,20
2.0,12,14,9,20
2.0,12,14,10,20
2.0,12,14,11,20
2.0,12,14,12,20
2.0,12,14,13,20
2.0,12,14,14,20
2.0,12,14,15,20
2.0,12,15,0,19
2.0,12,15,1,19
2.0,12,15,2,19
2.0,12,15,3,19
2.0,12,15,4,20
2.0,12,15,5,20
2.0,12,15,6,20
2.0,12,15,7,20
2.0,12,15,8,20
2.0,12,15,9,20
2.0,12,15,10,20
2.0,12,15,11,20
2.0,12,15,12,20
2.0,12,15,13,20
2.0,12,15,14,20
2.0,12,15,15,21
2.0,13,0,0,18
2.0,13,0,1,18
2.0,13,0,2,18
2.0,13,0,3,18
2.0,13,0,4,18
2.0,13,0,5,18
2.0,13,0,6,18
2.0,13,0,7,18
2.0,13,0,8,19
2.0,13,0,9,19
2.0,13,0,10,19
2.0,13,0,11,19
2.0,13,0,12,19
2.0,13,0,13,19
2.0,13,0,14,19
2.0,13,0,15,19
2.0,13,1,0,18
2.0,13,1,1,18
2.0,13,1,2,18
2.0,13,1,3,18
2.0,13,1,4,18
2.0,13,1,5,18
2.0,13,1,6,18
2.0,13,1,7,19
2.0,13,1,8,19
2.0,13,1,9,19
2.0,13,1,10,19
2.0,13,1,11,19
2.0,13,1,12,19
2.0,13,1,13,19
2.0,13,1,14,19
2.0,13,1,15,19
2.0,13,2,0,18
2.0,13,2,1,18
2.0,13,2,2,18
2.0,13,2,3,18
2.0,13,2,4,18
2.0,13,2,5,19
2.0,13,2,6,19
2.0,13,2,7,19
2.0,13,2,8,19
2.0,13,2,9,19
2.0,13,2,10,19
2.0,13,2,11,19
2.0,13,2,12,19
2.0,13,2,13,19
2.0,13,2,14,19
2.0,13,2,15,19
2.0,13,3,0,18
2.0,13,3,1,18
2.0,13,3,2,18
2.0,13,3,3,18
2.0,13,3,4,19
2.0,13,3,5,19
2.0,13,3,6,19
2.0,13,3,7,19
2.0,13,3,8,19
2.0,13,3,9,19
2.0,13,3,10,19
2.0,13,3,11,19
2.0,13,3,12,19
2.0,13,3,13,19
2.0,13,3,14,19
2.0,13,3,15,19
2.0,13,4,0,18
2.0,13,4,1,18
2.0,13,4,2,18
2.0,13,4,3,19
2.0,13,4,4,19
2.0,13,4,5,19
2.0,13,4,6,19
2.0,13,4,7,19
2.0,13,4,8,19
2.0,13,4,9,19
2.0,13,4,10,19
2.0,13,4,11,19
2.0,13,4,12,19
2.0,13,4,13,19
2.0,13,4,14,20
2.0,13,4,15,20
2.0,13,5,0,18
2.0,13,5,1,18
2.0,13,5,2,19
2.0,13,5,3,19
2.0,13,5,4,19
2.0,13,5,5,19
2.0,13,5,6,19
2.0,13,5,7,19
2.0,13,5,8,19
2.0,13,5,9,19
2.0,13,5,10,19
2.0,13,5,11,19
2.0,13,5,12,19
2.0,13,5,13,20
2.0,13,5,14,20
2.0,13,5,15,20
2.0,13,6,0,18
2.0,13,6,1,19
2.0,13,6,2,19
2.0,13,6,3,19
2.0,13,6,4,19
2.0,13,6,5,19
2.0,13,6,6,19
2.0,13,6,7,19
2.0,13,6,8,19
2.0,13,6,9,19
2.0,13,6,10,19
2.0,13,6,11,19
2.0,13,6,12,20
2.0,13,6,13,20
2.0,13,6,14,20
2.0,13,6,15,20
2.0,13,7,0,19
2.0,13,7,1,19
2.0,13,7,2,19
2.0,13,7,3,19
2.0,13,7,4,19
2.0,13,7,5,19
2.0,13,7,6,19
2.0,13,7,7,19
2.0,13,7,8,19
2.0,13,7,9,19
2.0,13,7,10,20
2.0,13,7,11,20
2.0,13,7,12,20
2.0,13,7,13,20
2.0,13,7,14,20
2.0,13,7,15,20
2.0,13,8,0,19
2.0,13,8,1,19
2.0,13,8,2,19
2.0,13,8,3,19
2.0,13,8,4,19
2.0,13,8,5,19
2.0,13,8,6,19
2.0,13,8,7,19
2.0,13,8,8,19
2.0,13,8,9,20
2.0,13,8,10,20
2.0,13,8,11,20
2.0,13,8,12,20
2.0,13,8,13,20
2.0,13,8,14,20
2.0,13,8,15,20
2.0,13,9,0,19
2.0,13,9,1,19
2.0,13,9,2,19
2.0,13,9,3,19
2.0,13,9,4,19
2.0,13,9,5,19
2.0,13,9,6,19
2.0,13,9,7,19
2.0,13,9,8,20
2.0,13,9,9,20
2.0,13,9,10,20
2.0,13,9,11,20
2.0,13,9,12,20
2.0,13,9,13,20
2.0,13,9,14,20
2.0,13,9,15,20
2.0,13,10,0,19
2.0,13,10,1,19
2.0,13,10,2,19
2.0,13,10,3,19
2.0,13,10,4,19
2.0,13,10,5,19
2.0,13,10,6,19
2.0,13,10,7,20
2.0,13,10,8,20
2.0,13,10,9,20
2.0,13,10,10,20
2.0,13,10,11,20
2.0,13,10,12,20
2.0,13,10,13,20
2.0,13,10,14,20
2.0,13,10,15,20
2.0,13,11,0,19
2.0,13,11,1,19
2.0,13,11,2,19
2.0,13,11,3,19
2.0,13,11,4,19
2.0,13,11,5,19
2.0,13,11,6,20
2.0,13,11,7,20
2.0,13,11,8,20
2.0,13,11,9,20
2.0,13,11,10,20
2.0,13,11,11,20
2.0,13,11,12,20
2.0,13,11,13,20
2.0,13,11,14,20
2.0,13,11,15,20
2.0,13,12,0,19
2.0,13,12,1,19
2.0,13,12,2,19
2.0,13,12,3,19
2.0,13,12,4,20
2.0,13,12,5,20
2.0,13,12,6,20
2.0,13,12,7,20
2.0,13,12,8,20
2.0,13,12,9,20
2.0,13,12,10,20
2.0,13,12,11,20
2.0,13,12,12,20
2.0,13,12,13,20
2.0,13,12,14,20
2.0,13,12,15,21
2.0,13,13,0,19
2.0,13,13,1,19
2.0,13,13,2,19
2.0,13,13,3,20
2.0,13,13,4,20
2.0,13,13,5,20
2.0,13,13,6,20
2.0,13,13,7,20
2.0,13,13,8,20
2.0,13,13,9,20
2.0,13,13,10,20
2.0,13,13,11,20
2.0,13,13,12,20
2.0,13,13,13,20
2.0,13,13,14,21
2.0,13,13,15,21
2.0,13,14,0,19
2.0,13,14,1,19
2.0,13,14,2,20
2.0,13,14,3,20
2.0,13,14,4,20
2.0,13,14,5,20
2.0,13,14,6,20
2.0,13,14,7,20
2.0,13,14,8,20
2.0,13,14,9,20
2.0,13,14,10,20
2.0,13,14,11,20
2.0,13,14,12,20
2.0,13,14,13,21
2.0,13,14,14,21
2.0,13,14,15,21
2.0,13,15,0,19
2.0,13,15,1,20
2.0,13,15,2,20
2.0,13,15,3,20
2.0,13,15,4,20
2.0,13,15,5,20
2.0,13,15,6,20
2.0,13,15,7,20
2.0,13,15,8,20
2.0,13,15,9,20
2.0,13,15,10,20
2.0,13,15,11,20
2.0,13,15,12,21
2.0,13,15,13,21
2.0,13,15,14,21
2.0,13,15,15,21
2.0,14,0,0,18
2.0,14,0,1,18
2.0,14,0,2,18
2.0,14,0,3,18
2.0,14,0,4,18
2.0,14,0,5,19
2.0,14,0,6,19
2.0,14,0,7,19
2.0,14,0,8,19
2.0,14,0,9,19
2.0,14,0,10,19
2.0,14,0,11,19
2.0,14,0,12,19
2.0,14,0,13,19
2.0,14,0,14,19
2.0,14,0,15,19
2.0,14,1,0,18
2.0,14,1,1,18
2.0,14,1,2,18
2.0,14,1,3,18
2.0,14,1,4,19
2.0,14,1,5,19
2.0,14,1,6,19
2.0,14,1,7,19
2.0,14,1,8,19
2.0,14,1,9,19
2.0,14,1,10,19
2.0,14,1,11,19
2.0,14,1,12,19
2.0,14,1,13,19
2.0,14,1,14,19
2.0,14,1,15,20
2.0,14,2,0,18
2.0,14,2,1,18
2.0,14,2,2,19
2.0,14,2,3,19
2.0,14,2,4,19
2.0,14,2,5,19
2.0,14,2,6,19
2.0,14,2,7,19
2.0,14,2,8,19
2.0,14,2,9,19
2.0,14,2,10,19
2.0,14,2,11,19
2.0,14,2,12,19
2.0,14,2,13,19
2.0,14,2,14,20
2.0,14,2,15,20
2.0,14,3,0,18
2.0,14,3,1,19
2.0,14,3,2,19
2.0,14,3,3,19
2.0,14,3,4,19
2.0,14,3,5,19
2.0,14,3,6,19
2.0,14,3,7,19
2.0,14,3,8,19
2.0,14,3,9,19
2.0,14,3,10,19
2.0,14,3,11,19
2.0,14,3,12,20
2.0,14,3,13,20
2.0,14,3,14,20
2.0,14,3,15,20
2.0,14,4,0,19
2.0,14,4,1,19
2.0,14,4,2,19
2.0,14,4,3,19
2.0,14,4,4,19
2.0,14,4,5,19
2.0,14,4,6,19
2.0,14,4,7,19
2.0,14,4,8,19
2.0,14,4,9,19
2.0,14,4,10,19
2.0,14,4,11,20
2.0,14,4,12,20
2.0,14,4,13,20
2.0,14,4,14,20
2.0,14,4,15,20
2.0,14,5,0,19
2.0,14,5,1,19
2.0,14,5,2,19
2.0,14,5,3,19
2.0,14,5,4,19
2.0,14,5,5,19
2.0,14,5,6,19
2.0,14,5,7,19
2.0,14,5,8,19
2.0,14,5,9,19
2.0,14,5,10,20
2.0,14,5,11,20
2.0,14,5,12,20
2.0,14,5,13,20
2.0,14,5,14,20
2.0,14,5,15,20
2.0,14,6,0,19
2.0,14,6,1,19
2.0,14,6,2,19
2.0,14,6,3,19
2.0,14,6,4,19
2.0,14,6,5,19
2.0,14,6,6,19
2.0,14,6,7,19
2.0,14,6,8,19
2.0,14,6,9,20
2.0,14,6,10,20
2.0,14,6,11,20
2.0,14,6,12,20
2.0,14,6,13,20
2.0,14,6,14,20
2.0,14,6,15,20
2.0,14,7,0,19
2.0,14,7,1,19
2.0,14,7,2,19
2.0,14,7,3,19
2.0,14,7,4,19
2.0,14,7,5,19
2.0,14,7,6,19
2.0,14,7,7,20
2.0,14,7,8,20
2.0,14,7,9,20
2.0,14,7,10,20
2.0,14,7,11,20
2.0,14,7,12,20
2.0,14,7,13,20
2.0,14,7,14,20
2.0,14,7,15,20
2.0,14,8,0,19
2.0,14,8,1,19
2.0,14,8,2,19
2.0,14,8,3,19
2.0,14,8,4,19
2.0,14,8,5,19
2.0,14,8,6,20
2.0,14,8,7,20
2.0,14,8,8,20
2.0,14,8,9,20
2.0,14,8,10,20
2.0,14,8,11,20
2.0,14,8,12,20
2.0,14,8,13,20
2.0,14,8,14,20
2.0,14,8,15,20
2.0,14,9,0,19
2.0,14,9,1,19
2.0,14,9,2,19
2.0,14,9,3,19
2.0,14,9,4,19
2.0,14,9,5,20
2.0,14,9,6,20
2.0,14,9,7,20
2.0,14,9,8,20
2.0,14,9,9,20
2.0,14,9,10,20
2.0,14,9,11,20
2.0,14,9,12,20
2.0,14,9,13,20
2.0,14,9,14,20
2.0,14,9,15,20
2.0,14,10,0,19
2.0,14,10,1,19
2.0,14,10,2,19
2.0,14,10,3,19
2.0,14,10,4,20
2.0,14,10,5,20
2.0,14,10,6,20
2.0,14,10,7,20
2.0,14,10,8,20
2.0,14,10,9,20
2.0,14,10,10,20
2.0,14,10,11,20
2.0,14,10,12,20
2.0,14,10,13,20
2.0,14,10,14,20
2.0,14,10,15,21
2.0,14,11,0,19
2.0,14,11,1,19
2.0,14,11,2,19
2.0,14,11,3,20
2.0,14,11,4,20
2.0,14,11,5,20
2.0,14,11,6,20
2.0,14,11,7,20
2.0,14,11,8,20
2.0,14,11,9,20
2.0,14,11,10,20
2.0,14,11,11,20
2.0,14,11,12,20
2.0,14,11,13,21
2.0,14,11,14,21
2.0,14,11,15,21
2.0,14,12,0,19
2.0,14,12,1,19
2.0,14,12,2,20
2.0,14,12,3,20
2.0,14,12,4,20
2.0,14,12,5,20
2.0,14,12,6,20
2.0,14,12,7,20
2.0,14,12,8,20
2.0,14,12,9,20
2.0,14,12,10,20
2.0,14,12,11,20
2.0,14,12,12,21
2.0,14,12,13,21
2.0,14,12,14,21
2.0,14,12,15,21
2.0,14,13,0,20
2.0,14,13,1,20
2.0,14,13,2,20
2.0,14,13,3,20
2.0,14,13,4,20
2.0,14,13,5,20
2.0,14,13,6,20
2.0,14,13,7,20
2.0,14,13,8,20
2.0,14,13,9,20
2.0,14,13,10,20
2.0,14,13,11,21
2.0,14,13,12,21
2.0,14,13,13,21
2.0,14,13,14,21
2.0,14,13,15,21
2.0,14,14,0,20
2.0,14,14,1,20
2.0,14,14,2,20
2.0,14,14,3,20
2.0,14,14,4,20
2.0,14,14,5,20
2.0,14,14,6,20
2.0,14,14,7,20
2.0,14,14,8,20
2.0,14,14,9,20
2.0,14,14,10,21
2.0,14,14,11,21
2.0,14,14,12,21
2.0,14,14,13,21
2.0,14,14,14,21
2.0,14,14,15,21
2.0,14,15,0,20
2.0,14,15,1,20
2.0,14,15,2,20
2.0,14,15,3,20
2.0,14,15,4,20
2.0,14,15,5,20
2.0,14,15,6,20
2.0,14,15,7,20
2.0,14,15,8,20
2.0,14,15,9,21
2.0,14,15,10,21
2.0,14,15,11,21
2.0,14,15,12,21
2.0,14,15,13,21
2.0,14,15,14,21
2.0,14,15,15,21
2.0,15,0,0,18
2.0,15,0,1,18
2.0,15,0,2,19
2.0,15,0,3,19
2.0,15,0,4,19
2.0,15,0,5,19
2.0,15,0,6,19
2.0,15,0,7,19
2.0,15,0,8,19
2.0,15,0,9,19
2.0,15,0,10,19
2.0,15,0,11,19
2.0,15,0,12,19
2.0,15,0,13,20
2.0,15,0,14,20
2.0,15,0,15,20
2.0,15,1,0,18
2.0,15,1,1,19
2.0,15,1,2,19
2.0,15,1,3,19
2.0,15,1,4,19
2.0,15,1,5,19
2.0,15,1,6,19
2.0,15,1,7,19
2.0,15,1,8,19
2.0,15,1,9,19
2.0,15,1,10,19
2.0,15,1,11,19
2.0,15,1,12,20
2.0,15,1,13,20
2.0,15,1,14,20
2.0,15,1,15,20
2.0,15,2,0,19
2.0,15,2,1,19
2.0,15,2,2,19
2.0,15,2,3,19
2.0,15,2,4,19
2.0,15,2,5,19
2.0,15,2,6,19
2.0,15,2,7,19
2.0,15,2,8,19
2.0,15,2,9,19
2.0,15,2,10,19
2.0,15,2,11,20
2.0,15,2,12,20
2.0,15,2,13,20
2.0,15,2,14,20
2.0,15,2,15,20
2.0,15,3,0,19
2.0,15,3,1,19
2.0,15,3,2,19
2.0,15,3,3,19
2.0,15,3,4,19
2.0,15,3,5,19
2.0,15,3,6,19
2.0,15,3,7,19
2.0,15,3,8,19
2.0,15,3,9,20
2.0,15,3,10,20
2.0,15,3,11,20
2.0,15,3,12,20
2.0,15,3,13,20
2.0,15,3,14,20
2.0,15,3,15,20
2.0,15,4,0,19
2.0,15,4,1,19
2.0,15,4,2,19
2.0,15,4,3,19
2.0,15,4,4,19
2.0,15,4,5,19
2.0,15,4,6,19
2.0,15,4,7,19
2.0,15,4,8,20
2.0,15,4,9,20
2.0,15,4,10,20
2.0,15,4,11,20
2.0,15,4,12,20
2.0,15,4,13,20
2.0,15,4,14,20
2.0,15,4,15,20
2.0,15,5,0,19
2.0,15,5,1,19
2.0,15,5,2,19
2.0,15,5,3,19
2.0,15,5,4,19
2.0,15,5,5,19
2.0,15,5,6,19
2.0,15,5,7,20
2.0,15,5,8,20
2.0,15,5,9,20
2.0,15,5,10,20
2.0,15,5,11,20
2.0,15,5,12,20
2.0,15,5,13,20
2.0,15,5,14,20
2.0,15,5,15,20
2.0,15,6,0,19
2.0,15,6,1,19
2.0,15,6,2,19
2.0,15,6,3,19
2.0,15,6,4,19
2.0,15,6,5,19
2.0,15,6,6,20
2.0,15,6,7,20
2.0,15,6,8,20
2.0,15,6,9,20
2.0,15,6,10,20
2.0,15,6,11,20
2.0,15,6,12,20
2.0,15,6,13,20
2.0,15,6,14,20
2.0,15,6,15,20
2.0,15,7,0,19
2.0,15,7,1,19
2.0,15,7,2,19
2.0,15,7,3,19
2.0,15,7,4,20
2.0,15,7,5,20
2.0,15,7,6,20
2.0,15,7,7,20
2.0,15,7,8,20
2.0,15,7,9,20
2.0,15,7,10,20
2.0,15,7,11,20
2.0,15,7,12,20
2.0,15,7,13,20
2.0,15,7,14,20
2.0,15,7,15,21
2.0,15,8,0,19
2.0,15,8,1,19
2.0,15,8,2,19
2.0,15,8,3,20
2.0,15,8,4,20
2.0,15,8,5,20
2.0,15,8,6,20
2.0,15,8,7,20
2.0,15,8,8,20
2.0,15,8,9,20
2.0,15,8,10,20
2.0,15,8,11,20
2.0,15,8,12,20
2.0,15,8,13,20
2.0,15,8,14,21
2.0,15,8,15,21
2.0,15,9,0,19
2.0,15,9,1,19
2.0,15,9,2,20
2.0,15,9,3,20
2.0,15,9,4,20
2.0,15,9,5,20
2.0,15,9,6,20
2.0,15,9,7,20
2.0,15,9,8,20
2.0,15,9,9,20
2.0,15,9,10,20
2.0,15,9,11,20
2.0,15,9,12,20
2.0,15,9,13,21
2.0,15,9,14,21
2.0,15,9,15,21
2.0,15,10,0,19
2.0,15,10,1,20
2.0,15,10,2,20
2.0,15,10,3,20
2.0,15,10,4,20
2.0,15,10,5,20
2.0,15,10,6,20
2.0,15,10,7,20
2.0,15,10,8,20
2.0,15,10,9,20
2.0,15,10,10,20
2.0,15,10,11,21
2.0,15,10,12,21
2.0,15,10,13,21
2.0,15,10,14,21
2.0,15,10,15,21
2.0,15,11,0,20
2.0,15,11,1,20
2.0,15,11,2,20
2.0,15,11,3,20
2.0,15,11,4,20
2.0,15,11,5,20
2.0,15,11,6,20
2.0,15,11,7,20
2.0,15,11,8,20
2.0,15,11,9,20
2.0,15,11,10,21
2.0,15,11,11,21
2.0,15,11,12,21
2.0,15,11,13,21
2.0,15,11,14,21
2.0,15,11,15,21
2.0,15,12,0,20
2.0,15,12,1,20
2.0,15,12,2,20
2.0,15,12,3,20
2.0,15,12,4,20
2.0,15,12,5,20
2.0,15,12,6,20
2.0,15,12,7,20
2.0,15,12,8,20
2.0,15,12,9,21
2.0,15,12,10,21
2.0,15,12,11,21
2.0,15,12,12,21
2.0,15,12,13,21
2.0,15,12,14,21
2.0,15,12,15,21
2.0,15,13,0,20
2.0,15,13,1,20
2.0,15,13,2,20
2.0,15,13,3,20
2.0,15,13,4,20
2.0,15,13,5,20
2.0,15,13,6,20
2.0,15,13,7,20
2.0,15,13,8,21
2.0,15,13,9,21
2.0,15,13,10,21
2.0,15,13,11,21
2.0,15,13,12,21
2.0,15,13,13,21
2.0,15,13,14,21
2.0,15,13,15,21
2.0,15,14,0,20
2.0,15,14,1,20
2.0,15,14,2,20
2.0,15,14,3,20
2.0,15,14,4,20
2.0,15,14,5,20
2.0,15,14,6,20
2.0,15,14,7,21
2.0,15,14,8,21
2.0,15,14,9,21
2.0,15,14,10,21
2.0,15,14,11,21
2.0,15,14,12,21
2.0,15,14,13,21
2.0,15,14,14,21
2.0,15,14,15,21
2.0,15,15,0,20
2.0,15,15,1,20
2.0,15,15,2,20
2.0,15,15,3,20
2.0,15,15,4,20
2.0,15,15,5,20
2.0,15,15,6,21
2.0,15,15,7,21
2.0,15,15,8,21
2.0,15,15,9,21
2.0,15,15,10,21
2.0,15,15,11,21
2.0,15,15,12,21
2.0,15,15,13,21
2.0,15,15,14,21
2.0,15,15,15,21
2.5,0,0,0,20
2.5,0,0,1,20
2.5,0,0,2,20
2.5,0,0,3,20
2.5,0,0,4,20
2.5,0,0,5,20
2.5,0,0,6,20
2.5,0,0,7,20
2.5,0,0,8,20
2.5,0,0,9,21
2.5,0,0,10,21
2.5,0,0,11,21
2.5,0,0,12,21
2.5,0,0,13,21
2.5,0,0,14,21
2.5,0,0,15,21
2.5,0,1,0,20
2.5,0,1,1,20
2.5,0,1,2,20
2.5,0,1,3,20
2.5,0,1,4,20
2.5,0,1,5,20
2.5,0,1,6,20
2.5,0,1,7,20
2.5,0,1,8,21
2.5,0,1,9,21
2.5,0,1,10,21
2.5,0,1,11,21
2.5,0,1,12,21
2.5,0,1,13,21
2.5,0,1,14,21
2.5,0,1,15,21
2.5,0,2,0,20
2.5,0,2,1,20
2.5,0,2,2,20
2.5,0,2,3,20
2.5,0,2,4,20
2.5,0,2,5,20
2.5,0,2,6,20
2.5,0,2,7,21
2.5,0,2,8,21
2.5,0,2,9,21
2.5,0,2,10,21
2.5,0,2,11,21
2.5,0,2,12,21
2.5,0,2,13,21
2.5,0,2,14,21
2.5,0,2,15,21
2.5,0,3,0,20
2.5,0,3,1,20
2.5,0,3,2,20
2.5,0,3,3,20
2.5,0,3,4,20
2.5,0,3,5,21
2.5,0,3,6,21
2.5,0,3,7,21
2.5,0,3,8,21
2.5,0,3,9,21
2.5,0,3,10,21
2.5,0,3,11,21
2.5,0,3,12,21
2.5,0,3,13,21
2.5,0,3,14,21
2.5,0,3,15,21
2.5,0,4,0,20
2.5,0,4,1,20
2.5,0,4,2,20
2.5,0,4,3,20
2.5,0,4,4,21
2.5,0,4,5,21
2.5,0,4,6,21
2.5,0,4,7,21
2.5,0,4,8,21
2.5,0,4,9,21
2.5,0,4,10,21
2.5,0,4,11,21
2.5,0,4,12,21
2.5,0,4,13,21
2.5,0,4,14,21
2.5,0,4,15,22
2.5,0,5,0,20
2.5,0,5,1,20
2.5,0,5,2,20
2.5,0,5,3,21
2.5,0,5,4,21
2.5,0,5,5,21
2.5,0,5,6,21
2.5,0,5,7,21
2.5,0,5,8,21
2.5,0,5,9,21
2.5,0,5,10,21
2.5,0,5,11,21
2.5,0,5,12,21
2.5,0,5,13,22
2.5,0,5,14,22
2.5,0,5,15,22
2.5,0,6,0,20
2.5,0,6,1,20
2.5,0,6,2,21
2.5,0,6,3,21
2.5,0,6,4,21
2.5,0,6,5,21
2.5,0,6,6,21
2.5,0,6,7,21
2.5,0,6,8,21
2.5,0,6,9,21
2.5,0,6,10,21
2.5,0,6,11,21
2.5,0,6,12,22
2.5,0,6,13,22
2.5,0,6,14,22
2.5,0,6,15,22
2.5,0,7,0,20
2.5,0,7,1,21
2.5,0,7,2,21
2.5,0,7,3,21
2.5,0,7,4,21
2.5,0,7,5,21
2.5,0,7,6,21
2.5,0,7,7,21
2.5,0,7,8,21
2.5,0,7,9,21
2.5,0,7,10,21
2.5,0,7,11,22
2.5,0,7,12,22
2.5,0,7,13,22
2.5,0,7,14,22
2.5,0,7,15,22
2.5,0,8,0,21
2.5,0,8,1,21
2.5,0,8,2,21
2.5,0,8,3,21
2.5,0,8,4,21
2.5,0,8,5,21
2.5,0,8,6,21
2.5,0,8,7,21
2.5,0,8,8,21
2.5,0,8,9,22
2.5,0,8,10,22
2.5,0,8,11,22
2.5,0,8,12,22
2.5,0,8,13,22
2.5,0,8,14,22
2.5,0,8,15,22
2.5,0,9,0,21
2.5,0,9,1,21
2.5,0,9,2,21
2.5,0,9,3,21
2.5,0,9,4,21
2.5,0,9,5,21
2.5,0,9,6,21
2.5,0,9,7,21
2.5,0,9,8,22
2.5,0,9,9,22
2.5,0,9,10,22
2.5,0,9,11,22
2.5,0,9,12,22
2.5,0,9,13,22
2.5,0,9,14,22
2.5,0,9,15,22
2.5,0,10,0,21
2.5,0,10,1,21
2.5,0,10,2,21
2.5,0,10,3,21
2.5,0,10,4,21
2.5,0,10,5,21
2.5,0,10,6,21
2.5,0,10,7,22
2.5,0,10,8,22
2.5,0,10,9,22
2.5,0,10,10,22
2.5,0,10,11,22
2.5,0,10,12,22
2.5,0,10,13,22
2.5,0,10,14,22
2.5,0,10,15,22
2.5,0,11,0,21
2.5,0,11,1,21
2.5,0,11,2,21
2.5,0,11,3,21
2.5,0,11,4,21
2.5,0,11,5,21
2.5,0,11,6,22
2.5,0,11,7,22
2.5,0,11,8,22
2.5,0,11,9,22
2.5,0,11,10,22
2.5,0,11,11,22
2.5,0,11,12,22
2.5,0,11,13,22
2.5,0,11,14,22
2.5,0,11,15,22
2.5,0,12,0,21
2.5,0,12,1,21
2.5,0,12,2,21
2.5,0,12,3,21
2.5,0,12,4,21
2.5,0,12,5,22
2.5,0,12,6,22
2.5,0,12,7,22
2.5,0,12,8,22
2.5,0,12,9,22
2.5,0,12,10,22
2.5,0,12,11,22
2.5,0,12,12,22
2.5,0,12,13,22
2.5,0,12,14,22
2.5,0,12,15,23
2.5,0,13,0,21
2.5,0,13,1,21
2.5,0,13,2,21
2.5,0,13,3,21
2.5,0,13,4,22
2.5,0,13,5,22
2.5,0,13,6,22
2.5,0,13,7,22
2.5,0,13,8,22
2.5,0,13,9,22
2.5,0,13,10,22
2.5,0,13,11,22
2.5,0,13,12,22
2.5,0,13,13,23
2.5,0,13,14,23
2.5,0,13,15,23
2.5,0,14,0,21
2.5,0,14,1,21
2.5,0,14,2,21
2.5,0,14,3,22
2.5,0,14,4,22
2.5,0,14,5,22
2.5,0,14,6,22
2.5,0,14,7,22
2.5,0,14,8,22
2.5,0,14,9,22
2.5,0,14,10,22
2.5,0,14,11,22
2.5,0,14,12,23
2.5,0,14,13,23
2.5,0,14,14,23
2.5,0,14,15,23
2.5,0,15,0,21
2.5,0,15,1,22
2.5,0,15,2,22
2.5,0,15,3,22
2.5,0,15,4,22
2.5,0,15,5,22
2.5,0,15,6,22
2.5,0,15,7,22
2.5,0,15,8,22
2.5,0,15,9,22
2.5,0,15,10,22
2.5,0,15,11,23
2.5,0,15,12,23
2.5,0,15,13,23
2.5,0,15,14,23
2.5,0,15,15,23
2.5,1,0,0,20
2.5,1,0,1,20
2.5,1,0,2,20
2.5,1,0,3,20
2.5,1,0,4,20
2.5,1,0,5,20
2.5,1,0,6,21
2.5,1,0,7,21
2.5,1,0,8,21
2.5,1,0,9,21
2.5,1,0,10,21
2.5,1,0,11,21
2.5,1,0,12,21
2.5,1,0,13,21
2.5,1,0,14,21
2.5,1,0,15,21
2.5,1,1,0,20
2.5,1,1,1,20
2.5,1,1,2,20
2.5,1,1,3,20
2.5,1,1,4,21
2.5,1,1,5,21
2.5,1,1,6,21
2.5,1,1,7,21
2.5,1,1,8,21
2.5,1,1,9,21
2.5,1,1,10,21
2.5,1,1,11,21
2.5,1,1,12,21
2.5,1,1,13,21
2.5,1,1,14,21
2.5,1,1,15,22
2.5,1,2,0,20
2.5,1,2,1,20
2.5,1,2,2,20
2.5,1,2,3,21
2.5,1,2,4,21
2.5,1,2,5,21
2.5,1,2,6,21
2.5,1,2,7,21
2.5,1,2,8,21
2.5,1,2,9,21
2.5,1,2,10,21
2.5,1,2,11,21
2.5,1,2,12,21
2.5,1,2,13,22
2.5,1,2,14,22
2.5,1,2,15,22
2.5,1,3,0,20
2.5,1,3,1,20
2.5,1,3,2,21
2.5,1,3,3,21
2.5,1,3,4,21
2.5,1,3,5,21
2.5,1,3,6,21
2.5,1,3,7,21
2.5,1,3,8,21
2.5,1,3,9,21
2.5,1,3,10,21
2.5,1,3,11,21
2.5,1,3,12,22
2.5,1,3,13,22
2.5,1,3,14,22
2.5,1,3,15,22
2.5,1,4,0,20
2.5,1,4,1,21
2.5,1,4,2,21
2.5,1,4,3,21
2.5,1,4,4,21
2.5,1,4,5,21
2.5,1,4,6,21
2.5,1,4,7,21
2.5,1,4,8,21
2.5,1,4,9,21
2.5,1,4,10,21
2.5,1,4,11,22
2.5,1,4,12,22
2.5,1,4,13,22
2.5,1,4,14,22
2.5,1,4,15,22
2.5,1,5,0,21
2.5,1,5,1,21
2.5,1,5,2,21
2.5,1,5,3,21
2.5,1,5,4,21
2.5,1,5,5,21
2.5,1,5,6,21
2.5,1,5,7,21
2.5,1,5,8,21
2.5,1,5,9,22
2.5,1,5,10,22
2.5,1,5,11,22
2.5,1,5,12,22
2.5,1,5,13,22
2.5,1,5,14,22
2.5,1,5,15,22
2.5,1,6,0,21
2.5,1,6,1,21
2.5,1,6,2,21
2.5,1,6,3,21
2.5,1,6,4,21
2.5,1,6,5,21
2.5,1,6,6,21
2.5,1,6,7,21
2.5,1,6,8,22
2.5,1,6,9,22
2.5,1,6,10,22
2.5,1,6,11,22
2.5,1,6,12,22
2.5,1,6,13,22
2.5,1,6,14,22
2.5,1,6,15,22
2.5,1,7,0,21
2.5,1,7,1,21
2.5,1,7,2,21
2.5,1,7,3,21
2.5,1,7,4,21
2.5,1,7,5,21
2.5,1,7,6,21
2.5,1,7,7,22
2.5,1,7,8,22
2.5,1,7,9,22
2.5,1,7,10,22
2.5,1,7,11,22
2.5,1,7,12,22
2.5,1,7,13,22
2.5,1,7,14,22
2.5,1,7,15,22
2.5,1,8,0,21
2.5,1,8,1,21
2.5,1,8,2,21
2.5,1,8,3,21
2.5,1,8,4,21
2.5,1,8,5,21
2.5,1,8,6,22
2.5,1,8,7,22
2.5,1,8,8,22
2.5,1,8,9,22
2.5,1,8,10,22
2.5,1,8,11,22
2.5,1,8,12,22
2.5,1,8,13,22
2.5,1,8,14,22
2.5,1,8,15,22
2.5,1,9,0,21
2.5,1,9,1,21
2.5,1,9,2,21
2.5,1,9,3,21
2.5,1,9,4,21
2.5,1,9,5,22
2.5,1,9,6,22
2.5,1,9,7,22
2.5,1,9,8,22
2.5,1,9,9,22
2.5,1,9,10,22
2.5,1,9,11,22
2.5,1,9,12,22
2.5,1,9,13,22
2.5,1,9,14,23
2.5,1,9,15,23
2.5,1,10,0,21
2.5,1,10,1,21
2.5,1,10,2,21
2.5,1,10,3,22
2.5,1,10,4,22
2.5,1,10,5,22
2.5,1,10,6,22
2.5,1,10,7,22
2.5,1,10,8,22
2.5,1,10,9,22
2.5,1,10,10,22
2.5,1,10,11,22
2.5,1,10,12,22
2.5,1,10,13,23
2.5,1,10,14,23
2.5,1,10,15,23
2.5,1,11,0,21
2.5,1,11,1,21
2.5,1,11,2,22
2.5,1,11,3,22
2.5,1,11,4,22
2.5,1,11,5,22
2.5,1,11,6,22
2.5,1,11,7,22
2.5,1,11,8,22
2.5,1,11,9,22
2.5,1,11,10,22
2.5,1,11,11,22
2.5,1,11,12,23
2.5,1,11,13,23
2.5,1,11,14,23
2.5,1,11,15,23
2.5,1,12,0,21
2.5,1,12,1,22
2.5,1,12,2,22
2.5,1,12,3,22
2.5,1,12,4,22
2.5,1,12,5,22
2.5,1,12,6,22
2.5,1,12,7,22
2.5,1,12,8,22
2.5,1,12,9,22
2.5,1,12,10,22
2.5,1,12,11,23
2.5,1,12,12,23
2.5,1,12,13,23
2.5,1,12,14,23
2.5,1,12,15,23
2.5,1,13,0,22
2.5,1,13,1,22
2.5,1,13,2,22
2.5,1,13,3,22
2.5,1,13,4,22
2.5,1,13,5,22
2.5,1,13,6,22
2.5,1,13,7,22
2.5,1,13,8,22
2.5,1,13,9,22
2.5,1,13,10,23
2.5,1,13,11,23
2.5,1,13,12,23
2.5,1,13,13,23
2.5,1,13,14,23
2.5,1,13,15,23
2.5,1,14,0,22
2.5,1,14,1,22
2.5,1,14,2,22
2.5,1,14,3,22
2.5,1,14,4,22
2.5,1,14,5,22
2.5,1,14,6,22
2.5,1,14,7,22
2.5,1,14,8,23
2.5,1,14,9,23
2.5,1,14,10,23
2.5,1,14,11,23
2.5,1,14,12,23
2.5,1,14,13,23
2.5,1,14,14,23
2.5,1,14,15,23
2.5,1,15,0,22
2.5,1,15,1,22
2.5,1,15,2,22
2.5,1,15,3,22
2.5,1,15,4,22
2.5,1,15,5,22
2.5,1,15,6,22
2.5,1,15,7,23
2.5,1,15,8,23
2.5,1,15,9,23
2.5,1,15,10,23
2.5,1,15,11,23
2.5,1,15,12,23
2.5,1,15,13,23
2.5,1,15,14,23
2.5,1,15,15,23
2.5,2,0,0,20
2.5,2,0,1,20
2.5,2,0,2,21
2.5,2,0,3,21
2.5,2,0,4,21
2.5,2,0,5,21
2.5,2,0,6,21
2.5,2,0,7,21
2.5,2,0,8,21
2.5,2,0,9,21
2.5,2,0,10,21
2.5,2,0,11,21
2.5,2,0,12,22
2.5,2,0,13,22
2.5,2,0,14,22
2.5,2,0,15,22
2.5,2,1,0,20
2.5,2,1,1,21
2.5,2,1,2,21
2.5,2,1,3,21
2.5,2,1,4,21
2.5,2,1,5,21
2.5,2,1,6,21
2.5,2,1,7,21
2.5,2,1,8,21
2.5,2,1,9,21
2.5,2,1,10,21
2.5,2,1,11,22
2.5,2,1,12,22
2.5,2,1,13,22
2.5,2,1,14,22
2.5,2,1,15,22
2.5,2,2,0,21
2.5,2,2,1,21
2.5,2,2,2,21
2.5,2,2,3,21
2.5,2,2,4,21
2.5,2,2,5,21
2.5,2,2,6,21
2.5,2,2,7,21
2.5,2,2,8,21
2.5,2,2,9,21
2.5,2,2,10,22
2.5,2,2,11,22
2.5,2,2,12,22
2.5,2,2,13,22
2.5,2,2,14,22
2.5,2,2,15,22
2.5,2,3,0,21
2.5,2,3,1,21
2.5,2,3,2,21
2.5,2,3,3,21
2.5,2,3,4,21
2.5,2,3,5,21
2.5,2,3,6,21
2.5,2,3,7,21
2.5,2,3,8,22
2.5,2,3,9,22
2.5,2,3,10,22
2.5,2,3,11,22
2.5,2,3,12,22
2.5,2,3,13,22
2.5,2,3,14,22
2.5,2,3,15,22
2.5,2,4,0,21
2.5,2,4,1,21
2.5,2,4,2,21
2.5,2,4,3,21
2.5,2,4,4,21
2.5,2,4,5,21
2.5,2,4,6,21
2.5,2,4,7,22
2.5,2,4,8,22
2.5,2,4,9,22
2.5,2,4,10,22
2.5,2,4,11,22
2.5,2,4,12,22
2.5,2,4,13,22
2.5,2,4,14,22
2.5,2,4,15,22
2.5,2,5,0,21
2.5,2,5,1,21
2.5,2,5,2,21
2.5,2,5,3,21
2.5,2,5,4,21
2.5,2,5,5,21
2.5,2,5,6,22
2.5,2,5,7,22
2.5,2,5,8,22
2.5,2,5,9,22
2.5,2,5,10,22
2.5,2,5,11,22
2.5,2,5,12,22
2.5,2,5,13,22
2.5,2,5,14,22
2.5,2,5,15,22
2.5,2,6,0,21
2.5,2,6,1,21
2.5,2,6,2,21
2.5,2,6,3,21
2.5,2,6,4,21
2.5,2,6,5,22
2.5,2,6,6,22
2.5,2,6,7,22
2.5,2,6,8,22
2.5,2,6,9,22
2.5,2,6,10,22
2.5,2,6,11,22
2.5,2,6,12,22
2.5,2,6,13,22
2.5,2,6,14,23
2.5,2,6,15,23
2.5,2,7,0,21
2.5,2,7,1,21
2.5,2,7,2,21
2.5,2,7,3,22
2.5,2,7,4,22
2.5,2,7,5,22
2.5,2,7,6,22
2.5,2,7,7,22
2.5,2,7,8,22
2.5,2,7,9,22
2.5,2,7,10,22
2.5,2,7,11,22
2.5,2,7,12,22
2.5,2,7,13,23
2.5,2,7,14,23
2.5,2,7,15,23
2.5,2,8,0,21
2.5,2,8,1,21
2.5,2,8,2,22
2.5,2,8,3,22
2.5,2,8,4,22
2.5,2,8,5,22
2.5,2,8,6,22
2.5,2,8,7,22
2.5,2,8,8,22
2.5,2,8,9,22
2.5,2,8,10,22
2.5,2,8,11,22
2.5,2,8,12,23
2.5,2,8,13,23
2.5,2,8,14,23
2.5,2,8,15,23
2.5,2,9,0,21
2.5,2,9,1,22
2.5,2,9,2,22
2.5,2,9,3,22
2.5,2,9,4,22
2.5,2,9,5,22
2.5,2,9,6,22
2.5,2,9,7,22
2.5,2,9,8,22
2.5,2,9,9,22
2.5,2,9,10,22
2.5,2,9,11,23
2.5,2,9,12,23
2.5,2,9,13,23
2.5,2,9,14,23
2.5,2,9,15,23
2.5,2,10,0,22
2.5,2,10,1,22
2.5,2,10,2,22
2.5,2,10,3,22
2.5,2,10,4,22
2.5,2,10,5,22
2.5,2,10,6,22
2.5,2,10,7,22
2.5,2,10,8,22
2.5,2,10,9,23
2.5,2,10,10,23
2.5,2,10,11,23
2.5,2,10,12,23
2.5,2,10,13,23
2.5,2,10,14,23
2.5,2,10,15,23
2.5,2,11,0,22
2.5,2,11,1,22
2.5,2,11,2,22
2.5,2,11,3,22
2.5,2,11,4,22
2.5,2,11,5,22
2.5,2,11,6,22
2.5,2,11,7,22
2.5,2,11,8,23
2.5,2,11,9,23
2.5,2,11,10,23
2.5,2,11,11,23
2.5,2,11,12,23
2.5,2,11,13,23
2.5,2,11,14,23
2.5,2,11,15,23
2.5,2,12,0,22
2.5,2,12,1,22
2.5,2,12,2,22
2.5,2,12,3,22
2.5,2,12,4,22
2.5,2,12,5,22
2.5,2,12,6,22
2.5,2,12,7,23
2.5,2,12,8,23
2.5,2,12,9,23
2.5,2,12,10,23
2.5,2,12,11,23
2.5,2,12,12,23
2.5,2,12,13,23
2.5,2,12,14,23
2.5,2,12,15,23
2.5,2,13,0,22
2.5,2,13,1,22
2.5,2,13,2,22
2.5,2,13,3,22
2.5,2,13,4,22
2.5,2,13,5,22
2.5,2,13,6,23
2.5,2,13,7,23
2.5,2,13,8,23
2.5,2,13,9,23
2.5,2,13,10,23
2.5,2,13,11,23
2.5,2,13,12,23
2.5,2,13,13,23
2.5,2,13,14,23
2.5,2,13,15,23
2.5,2,14,0,22
2.5,2,14,1,22
2.5,2,14,2,22
2.5,2,14,3,22
2.5,2,14,4,22
2.5,2,14,5,23
2.5,2,14,6,23
2.5,2,14,7,23
2.5,2,14,8,23
2.5,2,14,9,23
2.5,2,14,10,23
2.5,2,14,11,23
2.5,2,14,12,23
2.5,2,14,13,23
2.5,2,14,14,24
2.5,2,14,15,24
2.5,2,15,0,22
2.5,2,15,1,22
2.5,2,15,2,22
2.5,2,15,3,22
2.5,2,15,4,23
2.5,2,15,5,23
2.5,2,15,6,23
2.5,2,15,7,23
2.5,2,15,8,23
2.5,2,15,9,23
2.5,2,15,10,23
2.5,2,15,11,23
2.5,2,15,12,23
2.5,2,15,13,24
2.5,2,15,14,24
2.5,2,15,15,24
2.5,3,0,0,21
2.5,3,0,1,21
2.5,3,0,2,21
2.5,3,0,3,21
2.5,3,0,4,21
2.5,3,0,5,21
2.5,3,0,6,21
2.5,3,0,7,21
2.5,3,0,8,21
2.5,3,0,9,22
2.5,3,0,10,22
2.5,3,0,11,22
2.5,3,0,12,22
2.5,3,0,13,22
2.5,3,0,14,22
2.5,3,0,15,22
2.5,3,1,0,21
2.5,3,1,1,21
2.5,3,1,2,21
2.5,3,1,3,21
2.5,3,1,4,21
2.5,3,1,5,21
2.5,3,1,6,21
2.5,3,1,7,22
2.5,3,1,8,22
2.5,3,1,9,22
2.5,3,1,10,22
2.5,3,1,11,22
2.5,3,1,12,22
2.5,3,1,13,22
2.5,3,1,14,22
2.5,3,1,15,22
2.5,3,2,0,21
2.5,3,2,1,21
2.5,3,2,2,21
2.5,3,2,3,21
2.5,3,2,4,21
2.5,3,2,5,21
2.5,3,2,6,22
2.5,3,2,7,22
2.5,3,2,8,22
2.5,3,2,9,22
2.5,3,2,10,22
2.5,3,2,11,22
2.5,3,2,12,22
2.5,3,2,13,22
2.5,3,2,14,22
2.5,3,2,15,22
2.5,3,3,0,21
2.5,3,3,1,21
2.5,3,3,2,21
2.5,3,3,3,21
2.5,3,3,4,21
2.5,3,3,5,22
2.5,3,3,6,22
2.5,3,3,7,22
2.5,3,3,8,22
2.5,3,3,9,22
2.5,3,3,10,22
2.5,3,3,11,22
2.5,3,3,12,22
2.5,3,3,13,22
2.5,3,3,14,22
2.5,3,3,15,23
2.5,3,4,0,21
2.5,3,4,1,21
2.5,3,4,2,21
2.5,3,4,3,21
2.5,3,4,4,22
2.5,3,4,5,22
2.5,3,4,6,22
2.5,3,4,7,22
2.5,3,4,8,22
2.5,3,4,9,22
2.5,3,4,10,22
2.5,3,4,11,22
2.5,3,4,12,22
2.5,3,4,13,23
2.5,3,4,14,23
2.5,3,4,15,23
2.5,3,5,0,21
2.5,3,5,1,21
2.5,3,5,2,22
2.5,3,5,3,22
2.5,3,5,4,22
2.5,3,5,5,22
2.5,3,5,6,22
2.5,3,5,7,22
2.5,3,5,8,22
2.5,3,5,9,22
2.5,3,5,10,22
2.5,3,5,11,22
2.5,3,5,12,23
2.5,3,5,13,23
2.5,3,5,14,23
2.5,3,5,15,23
2.5,3,6,0,21
2.5,3,6,1,22
2.5,3,6,2,22
2.5,3,6,3,22
2.5,3,6,4,22
2.5,3,6,5,22
2.5,3,6,6,22
2.5,3,6,7,22
2.5,3,6,8,22
2.5,3,6,9,22
2.5,3,6,10,22
2.5,3,6,11,23
2.5,3,6,12,23
2.5,3,6,13,23
2.5,3,6,14,23
2.5,3,6,15,23
2.5,3,7,0,22
2.5,3,7,1,22
2.5,3,7,2,22
2.5,3,7,3,22
2.5,3,7,4,22
2.5,3,7,5,22
2.5,3,7,6,22
2.5,3,7,7,22
2.5,3,7,8,22
2.5,3,7,9,22
2.5,3,7,10,23
2.5,3,7,11,23
2.5,3,7,12,23
2.5,3,7,13,23
2.5,3,7,14,23
2.5,3,7,15,23
2.5,3,8,0,22
2.5,3,8,1,22
2.5,3,8,2,22
2.5,3,8,3,22
2.5,3,8,4,22
2.5,3,8,5,22
2.5,3,8,6,22
2.5,3,8,7,22
2.5,3,8,8,23
2.5,3,8,9,23
2.5,3,8,10,23
2.5,3,8,11,23
2.5,3,8,12,23
2.5,3,8,13,23
2.5,3,8,14,23
2.5,3,8,15,23
2.5,3,9,0,22
2.5,3,9,1,22
2.5,3,9,2,22
2.5,3,9,3,22
2.5,3,9,4,22
2.5,3,9,5,22
2.5,3,9,6,22
2.5,3,9,7,23
2.5,3,9,8,23
2.5,3,9,9,23
2.5,3,9,10,23
2.5,3,9,11,23
2.5,3,9,12,23
2.5,3,9,13,23
2.5,3,9,14,23
2.5,3,9,15,23
2.5,3,10,0,22
2.5,3,10,1,22
2.5,3,10,2,22
2.5,3,10,3,22
2.5,3,10,4,22
2.5,3,10,5,22
2.5,3,10,6,23
2.5,3,10,7,23
2.5,3,10,8,23
2.5,3,10,9,23
2.5,3,10,10,23
2.5,3,10,11,23
2.5,3,10,12,23
2.5,3,10,13,23
2.5,3,10,14,23
2.5,3,10,15,24
2.5,3,11,0,22
2.5,3,11,1,22
2.5,3,11,2,22
2.5,3,11,3,22
2.5,3,11,4,22
2.5,3,11,5,23
2.5,3,11,6,23
2.5,3,11,7,23
2.5,3,11,8,23
2.5,3,11,9,23
2.5,3,11,10,23
2.5,3,11,11,23
2.5,3,11,12,23
2.5,3,11,13,23
2.5,3,11,14,24
2.5,3,11,15,24
2.5,3,12,0,22
2.5,3,12,1,22
2.5,3,12,2,22
2.5,3,12,3,22
2.5,3,12,4,23
2.5,3,12,5,23
2.5,3,12,6,23
2.5,3,12,7,23
2.5,3,12,8,23
2.5,3,12,9,23
2.5,3,12,10,23
2.5,3,12,11,23
2.5,3,12,12,23
2.5,3,12,13,24
2.5,3,12,14,24
2.5,3,12,15,24
2.5,3,13,0,22
2.5,3,13,1,22
2.5,3,13,2,22
2.5,3,13,3,23
2.5,3,13,4,23
2.5,3,13,5,23
2.5,3,13,6,23
2.5,3,13,7,23
2.5,3,13,8,23
2.5,3,13,9,23
2.5,3,13,10,23
2.5,3,13,11,23
2.5,3,13,12,24
2.5,3,13,13,24
2.5,3,13,14,24
2.5,3,13,15,24
2.5,3,14,0,22
2.5,3,14,1,23
2.5,3,14,2,23
2.5,3,14,3,23
2.5,3,14,4,23
2.5,3,14,5,23
2.5,3,14,6,23
2.5,3,14,7,23
2.5,3,14,8,23
2.5,3,14,9,23
2.5,3,14,10,23
2.5,3,14,11,24
2.5,3,14,12,24
2.5,3,14,13,24
2.5,3,14,14,24
2.5,3,14,15,24
2.5,3,15,0,23
2.5,3,15,1,23
2.5,3,15,2,23
2.5,3,15,3,23
2.5,3,15,4,23
2.5,3,15,5,23
2.5,3,15,6,23
2.5,3,15,7,23
2.5,3,15,8,23
2.5,3,15,9,23
2.5,3,15,10,24
2.5,3,15,11,24
2.5,3,15,12,24
2.5,3,15,13,24
2.5,3,15,14,24
2.5,3,15,15,24
2.5,4,0,0,21
2.5,4,0,1,21
2.5,4,0,2,21
2.5,4,0,3,21
2.5,4,0,4,21
2.5,4,0,5,22
2.5,4,0,6,22
2.5,4,0,7,22
2.5,4,0,8,22
2.5,4,0,9,22
2.5,4,0,10,22
2.5,4,0,11,22
2.5,4,0,12,22
2.5,4,0,13,22
2.5,4,0,14,22
2.5,4,0,15,23
2.5,4,1,0,21
2.5,4,1,1,21
2.5,4,1,2,21
2.5,4,1,3,21
2.5,4,1,4,22
2.5,4,1,5,22
2.5,4,1,6,22
2.5,4,1,7,22
2.5,4,1,8,22
2.5,4,1,9,22
2.5,4,1,10,22
2.5,4,1,11,22
2.5,4,1,12,22
2.5,4,1,13,22
2.5,4,1,14,23
2.5,4,1,15,23
2.5,4,2,0,21
2.5,4,2,1,21
2.5,4,2,2,21
2.5,4,2,3,22
2.5,4,2,4,22
2.5,4,2,5,22
2.5,4,2,6,22
2.5,4,2,7,22
2.5,4,2,8,22
2.5,4,2,9,22
2.5,4,2,10,22
2.5,4,2,11,22
2.5,4,2,12,23
2.5,4,2,13,23
2.5,4,2,14,23
2.5,4,2,15,23
2.5,4,3,0,21
2.5,4,3,1,22
2.5,4,3,2,22
2.5,4,3,3,22
2.5,4,3,4,22
2.5,4,3,5,22
2.5,4,3,6,22
2.5,4,3,7,22
2.5,4,3,8,22
2.5,4,3,9,22
2.5,4,3,10,22
2.5,4,3,11,23
2.5,4,3,12,23
2.5,4,3,13,23
2.5,4,3,14,23
2.5,4,3,15,23
2.5,4,4,0,22
2.5,4,4,1,22
2.5,4,4,2,22
2.5,4,4,3,22
2.5,4,4,4,22
2.5,4,4,5,22
2.5,4,4,6,22
2.5,4,4,7,22
2.5,4,4,8,22
2.5,4,4,9,22
2.5,4,4,10,23
2.5,4,4,11,23
2.5,4,4,12,23
2.5,4,4,13,23
2.5,4,4,14,23
2.5,4,4,15,23
2.5,4,5,0,22
2.5,4,5,1,22
2.5,4,5,2,22
2.5,4,5,3,22
2.5,4,5,4,22
2.5,4,5,5,22
2.5,4,5,6,22
2.5,4,5,7,22
2.5,4,5,8,23
2.5,4,5,9,23
2.5,4,5,10,23
2.5,4,5,11,23
2.5,4,5,12,23
2.5,4,5,13,23
2.5,4,5,14,23
2.5,4,5,15,23
2.5,4,6,0,22
2.5,4,6,1,22
2.5,4,6,2,22
2.5,4,6,3,22
2.5,4,6,4,22
2.5,4,6,5,22
2.5,4,6,6,22
2.5,4,6,7,23
2.5,4,6,8,23
2.5,4,6,9,23
2.5,4,6,10,23
2.5,4,6,11,23
2.5,4,6,12,23
2.5,4,6,13,23
2.5,4,6,14,23
2.5,4,6,15,23
2.5,4,7,0,22
2.5,4,7,1,22
2.5,4,7,2,22
2.5,4,7,3,22
2.5,4,7,4,22
2.5,4,7,5,22
2.5,4,7,6,23
2.5,4,7,7,23
2.5,4,7,8,23
2.5,4,7,9,23
2.5,4,7,10,23
2.5,4,7,11,23
2.5,4,7,12,23
2.5,4,7,13,23
2.5,4,7,14,23
2.5,4,7,15,23
2.5,4,8,0,22
2.5,4,8,1,22
2.5,4,8,2,22
2.5,4,8,3,22
2.5,4,8,4,22
2.5,4,8,5,23
2.5,4,8,6,23
2.5,4,8,7,23
2.5,4,8,8,23
2.5,4,8,9,23
2.5,4,8,10,23
2.5,4,8,11,23
2.5,4,8,12,23
2.5,4,8,13,23
2.5,4,8,14,24
2.5,4,8,15,24
2.5,4,9,0,22
2.5,4,9,1,22
2.5,4,9,2,22
2.5,4,9,3,22
2.5,4,9,4,23
2.5,4,9,5,23
2.5,4,9,6,23
2.5,4,9,7,23
2.5,4,9,8,23
2.5,4,9,9,23
2.5,4,9,10,23
2.5,4,9,11,23
2.5,4,9,12,23
2.5,4,9,13,24
2.5,4,9,14,24
2.5,4,9,15,24
2.5,4,10,0,22
2.5,4,10,1,22
2.5,4,10,2,22
2.5,4,10,3,23
2.5,4,10,4,23
2.5,4,10,5,23
2.5,4,10,6,23
2.5,4,10,7,23
2.5,4,10,8,23
2.5,4,10,9,23
2.5,4,10,10,23
2.5,4,10,11,23
2.5,4,10,12,24
2.5,4,10,13,24
2.5,4,10,14,24
2.5,4,10,15,24
2.5,4,11,0,22
2.5,4,11,1,23
2.5,4,11,2,23
2.5,4,11,3,23
2.5,4,11,4,23
2.5,4,11,5,23
2.5,4,11,6,23
2.5,4,11,7,23
2.5,4,11,8,23
2.5,4,11,9,23
2.5,4,11,10,23
2.5,4,11,11,24
2.5,4,11,12,24
2.5,4,11,13,24
2.5,4,11,14,24
2.5,4,11,15,24
2.5,4,12,0,23
2.5,4,12,1,23
2.5,4,12,2,23
2.5,4,12,3,23
2.5,4,12,4,23
2.5,4,12,5,23
2.5,4,12,6,23
2.5,4,12,7,23
2.5,4,12,8,23
2.5,4,12,9,24
2.5,4,12,10,24
2.5,4,12,11,24
2.5,4,12,12,24
2.5,4,12,13,24
2.5,4,12,14,24
2.5,4,12,15,24
2.5,4,13,0,23
2.5,4,13,1,23
2.5,4,13,2,23
2.5,4,13,3,23
2.5,4,13,4,23
2.5,4,13,5,23
2.5,4,13,6,23
2.5,4,13,7,23
2.5,4,13,8,24
2.5,4,13,9,24
2.5,4,13,10,24
2.5,4,13,11,24
2.5,4,13,12,24
2.5,4,13,13,24
2.5,4,13,14,24
2.5,4,13,15,24
2.5,4,14,0,23
2.5,4,14,1,23
2.5,4,14,2,23
2.5,4,14,3,23
2.5,4,14,4,23
2.5,4,14,5,23
2.5,4,14,6,23
2.5,4,14,7,24
2.5,4,14,8,24
2.5,4,14,9,24
2.5,4,14,10,24
2.5,4,14,11,24
2.5,4,14,12,24
2.5,4,14,13,24
2.5,4,14,14,24
2.5,4,14,15,24
2.5,4,15,0,23
2.5,4,15,1,23
2.5,4,15,2,23
2.5,4,15,3,23
2.5,4,15,4,23
2.5,4,15,5,23
2.5,4,15,6,24
2.5,4,15,7,24
2.5,4,15,8,24
2.5,4,15,9,24
2.5,4,15,10,24
2.5,4,15,11,24
2.5,4,15,12,24
2.5,4,15,13,24
2.5,4,15,14,24
2.5,4,15,15,25
2.5,5,0,0,21
2.5,5,0,1,21
2.5,5,0,2,22
2.5,5,0,3,22
2.5,5,0,4,22
2.5,5,0,5,22
2.5,5,0,6,22
2.5,5,0,7,22
2.5,5,0,8,22
2.5,5,0,9,22
2.5,5,0,10,22
2.5,5,0,11,23
2.5,5,0,12,23
2.5,5,0,13,23
2.5,5,0,14,23
2.5,5,0,15,23
2.5,5,1,0,21
2.5,5,1,1,22
2.5,5,1,2,22
2.5,5,1,3,22
2.5,5,1,4,22
2.5,5,1,5,22
2.5,5,1,6,22
2.5,5,1,7,22
2.5,5,1,8,22
2.5,5,1,9,22
2.5,5,1,10,23
2.5,5,1,11,23
2.5,5,1,12,23
2.5,5,1,13,23
2.5,5,1,14,23
2.5,5,1,15,23
2.5,5,2,0,22
2.5,5,2,1,22
2.5,5,2,2,22
2.5,5,2,3,22
2.5,5,2,4,22
2.5,5,2,5,22
2.5,5,2,6,22
2.5,5,2,7,22
2.5,5,2,8,22
2.5,5,2,9,23
2.5,5,2,10,23
2.5,5,2,11,23
2.5,5,2,12,23
2.5,5,2,13,23
2.5,5,2,14,23
2.5,5,2,15,23
2.5,5,3,0,22
2.5,5,3,1,22
2.5,5,3,2,22
2.5,5,3,3,22
2.5,5,3,4,22
2.5,5,3,5,22
2.5,5,3,6,22
2.5,5,3,7,22
2.5,5,3,8,23
2.5,5,3,9,23
2.5,5,3,10,23
2.5,5,3,11,23
2.5,5,3,12,23
2.5,5,3,13,23
2.5,5,3,14,23
2.5,5,3,15,23
2.5,5,4,0,22
2.5,5,4,1,22
2.5,5,4,2,22
2.5,5,4,3,22
2.5,5,4,4,22
2.5,5,4,5,22
2.5,5,4,6,23
2.5,5,4,7,23
2.5,5,4,8,23
2.5,5,4,9,23
2.5,5,4,10,23
2.5,5,4,11,23
2.5,5,4,12,23
2.5,5,4,13,23
2.5,5,4,14,23
2.5,5,4,15,23
2.5,5,5,0,22
2.5,5,5,1,22
2.5,5,5,2,22
2.5,5,5,3,22
2.5,5,5,4,22
2.5,5,5,5,23
2.5,5,5,6,23
2.5,5,5,7,23
2.5,5,5,8,23
2.5,5,5,9,23
2.5,5,5,10,23
2.5,5,5,11,23
2.5,5,5,12,23
2.5,5,5,13,23
2.5,5,5,14,23
2.5,5,5,15,24
2.5,5,6,0,22
2.5,5,6,1,22
2.5,5,6,2,22
2.5,5,6,3,22
2.5,5,6,4,23
2.5,5,6,5,23
2.5,5,6,6,23
2.5,5,6,7,23
2.5,5,6,8,23
2.5,5,6,9,23
2.5,5,6,10,23
2.5,5,6,11,23
2.5,5,6,12,23
2.5,5,6,13,24
2.5,5,6,14,24
2.5,5,6,15,24
2.5,5,7,0,22
2.5,5,7,1,22
2.5,5,7,2,22
2.5,5,7,3,23
2.5,5,7,4,23
2.5,5,7,5,23
2.5,5,7,6,23
2.5,5,7,7,23
2.5,5,7,8,23
2.5,5,7,9,23
2.5,5,7,10,23
2.5,5,7,11,23
2.5,5,7,12,24
2.5,5,7,13,24
2.5,5,7,14,24
2.5,5,7,15,24
2.5,5,8,0,22
2.5,5,8,1,22
2.5,5,8,2,23
2.5,5,8,3,23
2.5,5,8,4,23
2.5,5,8,5,23
2.5,5,8,6,23
2.5,5,8,7,23
2.5,5,8,8,23
2.5,5,8,9,23
2.5,5,8,10,23
2.5,5,8,11,24
2.5,5,8,12,24
2.5,5,8,13,24
2.5,5,8,14,24
2.5,5,8,15,24
2.5,5,9,0,23
2.5,5,9,1,23
2.5,5,9,2,23
2.5,5,9,3,23
2.5,5,9,4,23
2.5,5,9,5,23
2.5,5,9,6,23
2.5,5,9,7,23
2.5,5,9,8,23
2.5,5,9,9,24
2.5,5,9,10,24
2.5,5,9,11,24
2.5,5,9,12,24
2.5,5,9,13,24
2.5,5,9,14,24
2.5,5,9,15,24
2.5,5,10,0,23
2.5,5,10,1,23
2.5,5,10,2,23
2.5,5,10,3,23
2.5,5,10,4,23
2.5,5,10,5,23
2.5,5,10,6,23
2.5,5,10,7,23
2.5,5,10,8,24
2.5,5,10,9,24
2.5,5,10,10,24
2.5,5,10,11,24
2.5,5,10,12,24
2.5,5,10,13,24
2.5,5,10,14,24
2.5,5,10,15,24
2.5,5,11,0,23
2.5,5,11,1,23
2.5,5,11,2,23
2.5,5,11,3,23
2.5,5,11,4,23
2.5,5,11,5,23
2.5,5,11,6,23
2.5,5,11,7,24
2.5,5,11,8,24
2.5,5,11,9,24
2.5,5,11,10,24
2.5,5,11,11,24
2.5,5,11,12,24
2.5,5,11,13,24
2.5,5,11,14,24
2.5,5,11,15,24
2.5,5,12,0,23
2.5,5,12,1,23
2.5,5,12,2,23
2.5,5,12,3,23
2.5,5,12,4,23
2.5,5,12,5,23
2.5,5,12,6,24
2.5,5,12,7,24
2.5,5,12,8,24
2.5,5,12,9,24
2.5,5,12,10,24
2.5,5,12,11,24
2.5,5,12,12,24
2.5,5,12,13,24
2.5,5,12,14,24
2.5,5,12,15,25
2.5,5,13,0,23
2.5,5,13,1,23
2.5,5,13,2,23
2.5,5,13,3,23
2.5,5,13,4,23
2.5,5,13,5,24
2.5,5,13,6,24
2.5,5,13,7,24
2.5,5,13,8,24
2.5,5,13,9,24
2.5,5,13,10,24
2.5,5,13,11,24
2.5,5,13,12,24
2.5,5,13,13,24
2.5,5,13,14,25
2.5,5,13,15,25
2.5,5,14,0,23
2.5,5,14,1,23
2.5,5,14,2,23
2.5,5,14,3,23
2.5,5,14,4,24
2.5,5,14,5,24
2.5,5,14,6,24
2.5,5,14,7,24
2.5,5,14,8,24
2.5,5,14,9,24
2.5,5,14,10,24
2.5,5,14,11,24
2.5,5,14,12,24
2.5,5,14,13,25
2.5,5,14,14,25
2.5,5,14,15,25
2.5,5,15,0,23
2.5,5,15,1,23
2.5,5,15,2,23
2.5,5,15,3,24
2.5,5,15,4,24
2.5,5,15,5,24
2.5,5,15,6,24
2.5,5,15,7,24
2.5,5,15,8,24
2.5,5,15,9,24
2.5,5,15,10,24
2.5,5,15,11,24
2.5,5,15,12,25
2.5,5,15,13,25
2.5,5,15,14,25
2.5,5,15,15,25
2.5,6,0,0,22
2.5,6,0,1,22
2.5,6,0,2,22
2.5,6,0,3,22
2.5,6,0,4,22
2.5,6,0,5,22
2.5,6,0,6,22
2.5,6,0,7,22
2.5,6,0,8,23
2.5,6,0,9,23
2.5,6,0,10,23
2.5,6,0,11,23
2.5,6,0,12,23
2.5,6,0,13,23
2.5,6,0,14,23
2.5,6,0,15,23
2.5,6,1,0,22
2.5,6,1,1,22
2.5,6,1,2,22
2.5,6,1,3,22
2.5,6,1,4,22
2.5,6,1,5,22
2.5,6,1,6,22
2.5,6,1,7,23
2.5,6,1,8,23
2.5,6,1,9,23
2.5,6,1,10,23
2.5,6,1,11,23
2.5,6,1,12,23
2.5,6,1,13,23
2.5,6,1,14,23
2.5,6,1,15,23
2.5,6,2,0,22
2.5,6,2,1,22
2.5,6,2,2,22
2.5,6,2,3,22
2.5,6,2,4,22
2.5,6,2,5,23
2.5,6,2,6,23
2.5,6,2,7,23
2.5,6,2,8,23
2.5,6,2,9,23
2.5,6,2,10,23
2.5,6,2,11,23
2.5,6,2,12,23
2.5,6,2,13,23
2.5,6,2,14,23
2.5,6,2,15,24
2.5,6,3,0,22
2.5,6,3,1,22
2.5,6,3,2,22
2.5,6,3,3,22
2.5,6,3,4,23
2.5,6,3,5,23
2.5,6,3,6,23
2.5,6,3,7,23
2.5,6,3,8,23
2.5,6,3,9,23
2.5,6,3,10,23
2.5,6,3,11,23
2.5,6,3,12,23
2.5,6,3,13,23
2.5,6,3,14,24
2.5,6,3,15,24
2.5,6,4,0,22
2.5,6,4,1,22
2.5,6,4,2,22
2.5,6,4,3,23
2.5,6,4,4,23
2.5,6,4,5,23
2.5,6,4,6,23
2.5,6,4,7,23
2.5,6,4,8,23
2.5,6,4,9,23
2.5,6,4,10,23
2.5,6,4,11,23
2.5,6,4,12,24
2.5,6,4,13,24
2.5,6,4,14,24
2.5,6,4,15,24
2.5,6,5,0,22
2.5,6,5,1,22
2.5,6,5,2,23
2.5,6,5,3,23
2.5,6,5,4,23
2.5,6,5,5,23
2.5,6,5,6,23
2.5,6,5,7,23
2.5,6,5,8,23
2.5,6,5,9,23
2.5,6,5,10,23
2.5,6,5,11,24
2.5,6,5,12,24
2.5,6,5,13,24
2.5,6,5,14,24
2.5,6,5,15,24
2.5,6,6,0,22
2.5,6,6,1,23
2.5,6,6,2,23
2.5,6,6,3,23
2.5,6,6,4,23
2.5,6,6,5,23
2.5,6,6,6,23
2.5,6,6,7,23
2.5,6,6,8,23
2.5,6,6,9,23
2.5,6,6,10,24
2.5,6,6,11,24
2.5,6,6,12,24
2.5,6,6,13,24
2.5,6,6,14,24
2.5,6,6,15,24
2.5,6,7,0,23
2.5,6,7,1,23
2.5,6,7,2,23
2.5,6,7,3,23
2.5,6,7,4,23
2.5,6,7,5,23
2.5,6,7,6,23
2.5,6,7,7,23
2.5,6,7,8,24
2.5,6,7,9,24
2.5,6,7,10,24
2.5,6,7,11,24
2.5,6,7,12,24
2.5,6,7,13,24
2.5,6,7,14,24
2.5,6,7,15,24
2.5,6,8,0,23
2.5,6,8,1,23
2.5,6,8,2,23
2.5,6,8,3,23
2.5,6,8,4,23
2.5,6,8,5,23
2.5,6,8,6,23
2.5,6,8,7,24
2.5,6,8,8,24
2.5,6,8,9,24
2.5,6,8,10,24
2.5,6,8,11,24
2.5,6,8,12,24
2.5,6,8,13,24
2.5,6,8,14,24
2.5,6,8,15,24
2.5,6,9,0,23
2.5,6,9,1,23
2.5,6,9,2,23
2.5,6,9,3,23
2.5,6,9,4,23
2.5,6,9,5,23
2.5,6,9,6,24
2.5,6,9,7,24
2.5,6,9,8,24
2.5,6,9,9,24
2.5,6,9,10,24
2.5,6,9,11,24
2.5,6,9,12,24
2.5,6,9,13,24
2.5,6,9,14,24
2.5,6,9,15,25
2.5,6,10,0,23
2.5,6,10,1,23
2.5,6,10,2,23
2.5,6,10,3,23
2.5,6,10,4,23
2.5,6,10,5,24
2.5,6,10,6,24
2.5,6,10,7,24
2.5,6,10,8,24
2.5,6,10,9,24
2.5,6,10,10,24
2.5,6,10,11,24
2.5,6,10,12,24
2.5,6,10,13,24
2.5,6,10,14,25
2.5,6,10,15,25
2.5,6,11,0,23
2.5,6,11,1,23
2.5,6,11,2,23
2.5,6,11,3,23
2.5,6,11,4,24
2.5,6,11,5,24
2.5,6,11,6,24
2.5,6,11,7,24
2.5,6,11,8,24
2.5,6,11,9,24
2.5,6,11,10,24
2.5,6,11,11,24
2.5,6,11,12,24
2.5,6,11,13,25
2.5,6,11,14,25
2.5,6,11,15,25
2.5,6,12,0,23
2.5,6,12,1,23
2.5,6,12,2,23
2.5,6,12,3,24
2.5,6,12,4,24
2.5,6,12,5,24
2.5,6,12,6,24
2.5,6,12,7,24
2.5,6,12,8,24
2.5,6,12,9,24
2.5,6,12,10,24
2.5,6,12,11,24
2.5,6,12,12,25
2.5,6,12,13,25
2.5,6,12,14,25
2.5,6,12,15,25
2.5,6,13,0,23
2.5,6,13,1,23
2.5,6,13,2,24
2.5,6,13,3,24
2.5,6,13,4,24
2.5,6,13,5,24
2.5,6,13,6,24
2.5,6,13,7,24
2.5,6,13,8,24
2.5,6,13,9,24
2.5,6,13,10,25
2.5,6,13,11,25
2.5,6,13,12,25
2.5,6,13,13,25
2.5,6,13,14,25
2.5,6,13,15,25
2.5,6,14,0,23
2.5,6,14,1,24
2.5,6,14,2,24
2.5,6,14,3,24
2.5,6,14,4,24
2.5,6,14,5,24
2.5,6,14,6,24
2.5,6,14,7,24
2.5,6,14,8,24
2.5,6,14,9,25
2.5,6,14,10,25
2.5,6,14,11,25
2.5,6,14,12,25
2.5,6,14,13,25
2.5,6,14,14,25
2.5,6,14,15,25
2.5,6,15,0,24
2.5,6,15,1,24
2.5,6,15,2,24
2.5,6,15,3,24
2.5,6,15,4,24
2.5,6,15,5,24
2.5,6,15,6,24
2.5,6,15,7,24
2.5,6,15,8,25
2.5,6,15,9,25
2.5,6,15,10,25
2.5,6,15,11,25
2.5,6,15,12,25
2.5,6,15,13,25
2.5,6,15,14,25
2.5,6,15,15,25
2.5,7,0,0,22
2.5,7,0,1,22
2.5,7,0,2,22
2.5,7,0,3,22
2.5,7,0,4,22
2.5,7,0,5,23
2.5,7,0,6,23
2.5,7,0,7,23
2.5,7,0,8,23
2.5,7,0,9,23
2.5,7,0,10,23
2.5,7,0,11,23
2.5,7,0,12,23
2.5,7,0,13,23
2.5,7,0,14,24
2.5,7,0,15,24
2.5,7,1,0,22
2.5,7,1,1,22
2.5,7,1,2,22
2.5,7,1,3,23
2.5,7,1,4,23
2.5,7,1,5,23
2.5,7,1,6,23
2.5,7,1,7,23
2.5,7,1,8,23
2.5,7,1,9,23
2.5,7,1,10,23
2.5,7,1,11,23
2.5,7,1,12,23
2.5,7,1,13,24
2.5,7,1,14,24
2.5,7,1,15,24
2.5,7,2,0,22
2.5,7,2,1,22
2.5,7,2,2,23
2.5,7,2,3,23
2.5,7,2,4,23
2.5,7,2,5,23
2.5,7,2,6,23
2.5,7,2,7,23
2.5,7,2,8,23
2.5,7,2,9,23
2.5,7,2,10,23
2.5,7,2,11,24
2.5,7,2,12,24
2.5,7,2,13,24
2.5,7,2,14,24
2.5,7,2,15,24
2.5,7,3,0,22
2.5,7,3,1,23
2.5,7,3,2,23
2.5,7,3,3,23
2.5,7,3,4,23
2.5,7,3,5,23
2.5,7,3,6,23
2.5,7,3,7,23
2.5,7,3,8,23
2.5,7,3,9,23
2.5,7,3,10,24
2.5,7,3,11,24
2.5,7,3,12,24
2.5,7,3,13,24
2.5,7,3,14,24
2.5,7,3,15,24
2.5,7,4,0,23
2.5,7,4,1,23
2.5,7,4,2,23
2.5,7,4,3,23
2.5,7,4,4,23
2.5,7,4,5,23
2.5,7,4,6,23
2.5,7,4,7,23
2.5,7,4,8,23
2.5,7,4,9,24
2.5,7,4,10,24
2.5,7,4,11,24
2.5,7,4,12,24
2.5,7,4,13,24
2.5,7,4,14,24
2.5,7,4,15,24
2.5,7,5,0,23
2.5,7,5,1,23
2.5,7,5,2,23
2.5,7,5,3,23
2.5,7,5,4,23
2.5,7,5,5,23
2.5,7,5,6,23
2.5,7,5,7,23
2.5,7,5,8,24
2.5,7,5,9,24
2.5,7,5,10,24
2.5,7,5,11,24
2.5,7,5,12,24
2.5,7,5,13,24
2.5,7,5,14,24
2.5,7,5,15,24
2.5,7,6,0,23
2.5,7,6,1,23
2.5,7,6,2,23
2.5,7,6,3,23
2.5,7,6,4,23
2.5,7,6,5,23
2.5,7,6,6,24
2.5,7,6,7,24
2.5,7,6,8,24
2.5,7,6,9,24
2.5,7,6,10,24
2.5,7,6,11,24
2.5,7,6,12,24
2.5,7,6,13,24
2.5,7,6,14,24
2.5,7,6,15,24
2.5,7,7,0,23
2.5,7,7,1,23
2.5,7,7,2,23
2.5,7,7,3,23
2.5,7,7,4,23
2.5,7,7,5,24
2.5,7,7,6,24
2.5,7,7,7,24
2.5,7,7,8,24
2.5,7,7,9,24
2.5,7,7,10,24
2.5,7,7,11,24
2.5,7,7,12,24
2.5,7,7,13,24
2.5,7,7,14,25
2.5,7,7,15,25
2.5,7,8,0,23
2.5,7,8,1,23
2.5,7,8,2,23
2.5,7,8,3,23
2.5,7,8,4,24
2.5,7,8,5,24
2.5,7,8,6,24
2.5,7,8,7,24
2.5,7,8,8,24
2.5,7,8,9,24
2.5,7,8,10,24
2.5,7,8,11,24
2.5,7,8,12,24
2.5,7,8,13,25
2.5,7,8,14,25
2.5,7,8,15,25
2.5,7,9,0,23
2.5,7,9,1,23
2.5,7,9,2,23
2.5,7,9,3,24
2.5,7,9,4,24
2.5,7,9,5,24
2.5,7,9,6,24
2.5,7,9,7,24
2.5,7,9,8,24
2.5,7,9,9,24
2.5,7,9,10,24
2.5,7,9,11,24
2.5,7,9,12,25
2.5,7,9,13,25
2.5,7,9,14,25
2.5,7,9,15,25
2.5,7,10,0,23
2.5,7,10,1,23
2.5,7,10,2,24
2.5,7,10,3,24
2.5,7,10,4,24
2.5,7,10,5,24
2.5,7,10,6,24
2.5,7,10,7,24
2.5,7,10,8,24
2.5,7,10,9,24
2.5,7,10,10,24
2.5,7,10,11,25
2.5,7,10,12,25
2.5,7,10,13,25
2.5,7,10,14,25
2.5,7,10,15,25
2.5,7,11,0,23
2.5,7,11,1,24
2.5,7,11,2,24
2.5,7,11,3,24
2.5,7,11,4,24
2.5,7,11,5,24
2.5,7,11,6,24
2.5,7,11,7,24
2.5,7,11,8,24
2.5,7,11,9,25
2.5,7,11,10,25
2.5,7,11,11,25
2.5,7,11,12,25
2.5,7,11,13,25
2.5,7,11,14,25
2.5,7,11,15,25
2.5,7,12,0,24
2.5,7,12,1,24
2.5,7,12,2,24
2.5,7,12,3,24
2.5,7,12,4,24
2.5,7,12,5,24
2.5,7,12,6,24
2.5,7,12,7,24
2.5,7,12,8,25
2.5,7,12,9,25
2.5,7,12,10,25
2.5,7,12,11,25
2.5,7,12,12,25
2.5,7,12,13,25
2.5,7,12,14,25
2.5,7,12,15,25
2.5,7,13,0,24
2.5,7,13,1,24
2.5,7,13,2,24
2.5,7,13,3,24
2.5,7,13,4,24
2.5,7,13,5,24
2.5,7,13,6,24
2.5,7,13,7,25
2.5,7,13,8,25
2.5,7,13,9,25
2.5,7,13,10,25
2.5,7,13,11,25
2.5,7,13,12,25
2.5,7,13,13,25
2.5,7,13,14,25
2.5,7,13,15,25
2.5,7,14,0,24
2.5,7,14,1,24
2.5,7,14,2,24
2.5,7,14,3,24
2.5,7,14,4,24
2.5,7,14,5,24
2.5,7,14,6,25
2.5,7,14,7,25
2.5,7,14,8,25
2.5,7,14,9,25
2.5,7,14,10,25
2.5,7,14,11,25
2.5,7,14,12,25
2.5,7,14,13,25
2.5,7,14,14,25
2.5,7,14,15,26
2.5,7,15,0,24
2.5,7,15,1,24
2.5,7,15,2,24
2.5,7,15,3,24
2.5,7,15,4,24
2.5,7,15,5,25
2.5,7,15,6,25
2.5,7,15,7,25
2.5,7,15,8,25
2.5,7,15,9,25
2.5,7,15,10,25
2.5,7,15,11,25
2.5,7,15,12,25
2.5,7,15,13,26
2.5,7,15,14,26
2.5,7,15,15,26
2.5,8,0,0,22
2.5,8,0,1,22
2.5,8,0,2,23
2.5,8,0,3,23
2.5,8,0,4,23
2.5,8,0,5,23
2.5,8,0,6,23
2.5,8,0,7,23
2.5,8,0,8,23
2.5,8,0,9,23
2.5,8,0,10,23
2.5,8,0,11,24
2.5,8,0,12,24
2.5,8,0,13,24
2.5,8,0,14,24
2.5,8,0,15,24
2.5,8,1,0,23
2.5,8,1,1,23
2.5,8,1,2,23
2.5,8,1,3,23
2.5,8,1,4,23
2.5,8,1,5,23
2.5,8,1,6,23
2.5,8,1,7,23
2.5,8,1,8,23
2.5,8,1,9,24
2.5,8,1,10,24
2.5,8,1,11,24
2.5,8,1,12,24
2.5,8,1,13,24
2.5,8,1,14,24
2.5,8,1,15,24
2.5,8,2,0,23
2.5,8,2,1,23
2.5,8,2,2,23
2.5,8,2,3,23
2.5,8,2,4,23
2.5,8,2,5,23
2.5,8,2,6,23
2.5,8,2,7,23
2.5,8,2,8,24
2.5,8,2,9,24
2.5,8,2,10,24
2.5,8,2,11,24
2.5,8,2,12,24
2.5,8,2,13,24
2.5,8,2,14,24
2.5,8,2,15,24
2.5,8,3,0,23
2.5,8,3,1,23
2.5,8,3,2,23
2.5,8,3,3,23
2.5,8,3,4,23
2.5,8,3,5,23
2.5,8,3,6,23
2.5,8,3,7,24
2.5,8,3,8,24
2.5,8,3,9,24
2.5,8,3,10,24
2.5,8,3,11,24
2.5,8,3,12,24
2.5,8,3,13,24
2.5,8,3,14,24
2.5,8,3,15,24
2.5,8,4,0,23
2.5,8,4,1,23
2.5,8,4,2,23
2.5,8,4,3,23
2.5,8,4,4,23
2.5,8,4,5,23
2.5,8,4,6,24
2.5,8,4,7,24
2.5,8,4,8,24
2.5,8,4,9,24
2.5,8,4,10,24
2.5,8,4,11,24
2.5,8,4,12,24
2.5,8,4,13,24
2.5,8,4,14,24
2.5,8,4,15,25
2.5,8,5,0,23
2.5,8,5,1,23
2.5,8,5,2,23
2.5,8,5,3,23
2.5,8,5,4,24
2.5,8,5,5,24
2.5,8,5,6,24
2.5,8,5,7,24
2.5,8,5,8,24
2.5,8,5,9,24
2.5,8,5,10,24
2.5,8,5,11,24
2.5,8,5,12,24
2.5,8,5,13,25
2.5,8,5,14,25
2.5,8,5,15,25
2.5,8,6,0,23
2.5,8,6,1,23
2.5,8,6,2,23
2.5,8,6,3,24
2.5,8,6,4,24
2.5,8,6,5,24
2.5,8,6,6,24
2.5,8,6,7,24
2.5,8,6,8,24
2.5,8,6,9,24
2.5,8,6,10,24
2.5,8,6,11,24
2.5,8,6,12,25
2.5,8,6,13,25
2.5,8,6,14,25
2.5,8,6,15,25
2.5,8,7,0,23
2.5,8,7,1,23
2.5,8,7,2,24
2.5,8,7,3,24
2.5,8,7,4,24
2.5,8,7,5,24
2.5,8,7,6,24
2.5,8,7,7,24
2.5,8,7,8,24
2.5,8,7,9,24
2.5,8,7,10,24
2.5,8,7,11,25
2.5,8,7,12,25
2.5,8,7,13,25
2.5,8,7,14,25
2.5,8,7,15,25
2.5,8,8,0,23
2.5,8,8,1,24
2.5,8,8,2,24
2.5,8,8,3,24
2.5,8,8,4,24
2.5,8,8,5,24
2.5,8,8,6,24
2.5,8,8,7,24
2.5,8,8,8,24
2.5,8,8,9,24
2.5,8,8,10,25
2.5,8,8,11,25
2.5,8,8,12,25
2.5,8,8,13,25
2.5,8,8,14,25
2.5,8,8,15,25
2.5,8,9,0,24
2.5,8,9,1,24
2.5,8,9,2,24
2.5,8,9,3,24
2.5,8,9,4,24
2.5,8,9,5,24
2.5,8,9,6,24
2.5,8,9,7,24
2.5,8,9,8,25
2.5,8,9,9,25
2.5,8,9,10,25
2.5,8,9,11,25
2.5,8,9,12,25
2.5,8,9,13,25
2.5,8,9,14,25
2.5,8,9,15,25
2.5,8,10,0,24
2.5,8,10,1,24
2.5,8,10,2,24
2.5,8,10,3,24
2.5,8,10,4,24
2.5,8,10,5,24
2.5,8,10,6,24
2.5,8,10,7,25
2.5,8,10,8,25
2.5,8,10,9,25
2.5,8,10,10,25
2.5,8,10,11,25
2.5,8,10,12,25
2.5,8,10,13,25
2.5,8,10,14,25
2.5,8,10,15,25
2.5,8,11,0,24
2.5,8,11,1,24
2.5,8,11,2,24
2.5,8,11,3,24
2.5,8,11,4,24
2.5,8,11,5,24
2.5,8,11,6,25
2.5,8,11,7,25
2.5,8,11,8,25
2.5,8,11,9,25
2.5,8,11,10,25
2.5,8,11,11,25
2.5,8,11,12,25
2.5,8,11,13,25
2.5,8,11,14,25
2.5,8,11,15,26
2.5,8,12,0,24
2.5,8,12,1,24
2.5,8,12,2,24
2.5,8,12,3,24
2.5,8,12,4,24
2.5,8,12,5,25
2.5,8,12,6,25
2.5,8,12,7,25
2.5,8,12,8,25
2.5,8,12,9,25
2.5,8,12,10,25
2.5,8,12,11,25
2.5,8,12,12,25
2.5,8,12,13,25
2.5,8,12,14,26
2.5,8,12,15,26
2.5,8,13,0,24
2.5,8,13,1,24
2.5,8,13,2,24
2.5,8,13,3,24
2.5,8,13,4,25
2.5,8,13,5,25
2.5,8,13,6,25
2.5,8,13,7,25
2.5,8,13,8,25
2.5,8,13,9,25
2.5,8,13,10,25
2.5,8,13,11,25
2.5,8,13,12,26
2.5,8,13,13,26
2.5,8,13,14,26
2.5,8,13,15,26
2.5,8,14,0,24
2.5,8,14,1,24
2.5,8,14,2,24
2.5,8,14,3,25
2.5,8,14,4,25
2.5,8,14,5,25
2.5,8,14,6,25
2.5,8,14,7,25
2.5,8,14,8,25
2.5,8,14,9,25
2.5,8,14,10,25
2.5,8,14,11,26
2.5,8,14,12,26
2.5,8,14,13,26
2.5,8,14,14,26
2.5,8,14,15,26
2.5,8,15,0,24
2.5,8,15,1,24
2.5,8,15,2,25
2.5,8,15,3,25
2.5,8,15,4,25
2.5,8,15,5,25
2.5,8,15,6,25
2.5,8,15,7,25
2.5,8,15,8,25
2.5,8,15,9,25
2.5,8,15,10,26
2.5,8,15,11,26
2.5,8,15,12,26
2.5,8,15,13,26
2.5,8,15,14,26
2.5,8,15,15,26
2.5,9,0,0,23
2.5,9,0,1,23
2.5,9,0,2,23
2.5,9,0,3,23
2.5,9,0,4,23
2.5,9,0,5,23
2.5,9,0,6,23
2.5,9,0,7,24
2.5,9,0,8,24
2.5,9,0,9,24
2.5,9,0,10,24
2.5,9,0,11,24
2.5,9,0,12,24
2.5,9,0,13,24
2.5,9,0,14,24
2.5,9,0,15,24
2.5,9,1,0,23
2.5,9,1,1,23
2.5,9,1,2,23
2.5,9,1,3,23
2.5,9,1,4,23
2.5,9,1,5,23
2.5,9,1,6,24
2.5,9,1,7,24
2.5,9,1,8,24
2.5,9,1,9,24
2.5,9,1,10,24
2.5,9,1,11,24
2.5,9,1,12,24
2.5,9,1,13,24
2.5,9,1,14,24
2.5,9,1,15,25
2.5,9,2,0,23
2.5,9,2,1,23
2.5,9,2,2,23
2.5,9,2,3,23
2.5,9,2,4,23
2.5,9,2,5,24
2.5,9,2,6,24
2.5,9,2,7,24
2.5,9,2,8,24
2.5,9,2,9,24
2.5,9,2,10,24
2.5,9,2,11,24
2.5,9,2,12,24
2.5,9,2,13,24
2.5,9,2,14,25
2.5,9,2,15,25
2.5,9,3,0,23
2.5,9,3,1,23
2.5,9,3,2,23
2.5,9,3,3,23
2.5,9,3,4,24
2.5,9,3,5,24
2.5,9,3,6,24
2.5,9,3,7,24
2.5,9,3,8,24
2.5,9,3,9,24
2.5,9,3,10,24
2.5,9,3,11,24
2.5,9,3,12,24
2.5,9,3,13,25
2.5,9,3,14,25
2.5,9,3,15,25
2.5,9,4,0,23
2.5,9,4,1,23
2.5,9,4,2,24
2.5,9,4,3,24
2.5,9,4,4,24
2.5,9,4,5,24
2.5,9,4,6,24
2.5,9,4,7,24
2.5,9,4,8,24
2.5,9,4,9,24
2.5,9,4,10,24
2.5,9,4,11,25
2.5,9,4,12,25
2.5,9,4,13,25
2.5,9,4,14,25
2.5,9,4,15,25
2.5,9,5,0,23
2.5,9,5,1,24
2.5,9,5,2,24
2.5,9,5,3,24
2.5,9,5,4,24
2.5,9,5,5,24
2.5,9,5,6,24
2.5,9,5,7,24
2.5,9,5,8,24
2.5,9,5,9,24
2.5,9,5,10,25
2.5,9,5,11,25
2.5,9,5,12,25
2.5,9,5,13,25
2.5,9,5,14,25
2.5,9,5,15,25
2.5,9,6,0,24
2.5,9,6,1,24
2.5,9,6,2,24
2.5,9,6,3,24
2.5,9,6,4,24
2.5,9,6,5,24
2.5,9,6,6,24
2.5,9,6,7,24
2.5,9,6,8,24
2.5,9,6,9,25
2.5,9,6,10,25
2.5,9,6,11,25
2.5,9,6,12,25
2.5,9,6,13,25
2.5,9,6,14,25
2.5,9,6,15,25
2.5,9,7,0,24
2.5,9,7,1,24
2.5,9,7,2,24
2.5,9,7,3,24
2.5,9,7,4,24
2.5,9,7,5,24
2.5,9,7,6,24
2.5,9,7,7,24
2.5,9,7,8,25
2.5,9,7,9,25
2.5,9,7,10,25
2.5,9,7,11,25
2.5,9,7,12,25
2.5,9,7,13,25
2.5,9,7,14,25
2.5,9,7,15,25
2.5,9,8,0,24
2.5,9,8,1,24
2.5,9,8,2,24
2.5,9,8,3,24
2.5,9,8,4,24
2.5,9,8,5,24
2.5,9,8,6,25
2.5,9,8,7,25
2.5,9,8,8,25
2.5,9,8,9,25
2.5,9,8,10,25
2.5,9,8,11,25
2.5,9,8,12,25
2.5,9,8,13,25
2.5,9,8,14,25
2.5,9,8,15,26
2.5,9,9,0,24
2.5,9,9,1,24
2.5,9,9,2,24
2.5,9,9,3,24
2.5,9,9,4,24
2.5,9,9,5,25
2.5,9,9,6,25
2.5,9,9,7,25
2.5,9,9,8,25
2.5,9,9,9,25
2.5,9,9,10,25
2.5,9,9,11,25
2.5,9,9,12,25
2.5,9,9,13,25
2.5,9,9,14,26
2.5,9,9,15,26
2.5,9,10,0,24
2.5,9,10,1,24
2.5,9,10,2,24
2.5,9,10,3,24
2.5,9,10,4,25
2.5,9,10,5,25
2.5,9,10,6,25
2.5,9,10,7,25
2.5,9,10,8,25
2.5,9,10,9,25
2.5,9,10,10,25
2.5,9,10,11,25
2.5,9,10,12,25
2.5,9,10,13,26
2.5,9,10,14,26
2.5,9,10,15,26
2.5,9,11,0,24
2.5,9,11,1,24
2.5,9,11,2,24
2.5,9,11,3,25
2.5,9,11,4,25
2.5,9,11,5,25
2.5,9,11,6,25
2.5,9,11,7,25
2.5,9,11,8,25
2.5,9,11,9,25
2.5,9,11,10,25
2.5,9,11,11,26
2.5,9,11,12,26
2.5,9,11,13,26
2.5,9,11,14,26
2.5,9,11,15,26
2.5,9,12,0,24
2.5,9,12,1,24
2.5,9,12,2,25
2.5,9,12,3,25
2.5,9,12,4,25
2.5,9,12,5,25
2.5,9,12,6,25
2.5,9,12,7,25
2.5,9,12,8,25
2.5,9,12,9,25
2.5,9,12,10,26
2.5,9,12,11,26
2.5,9,12,12,26
2.5,9,12,13,26
2.5,9,12,14,26
2.5,9,12,15,26
2.5,9,13,0,24
2.5,9,13,1,25
2.5,9,13,2,25
2.5,9,13,3,25
2.5,9,13,4,25
2.5,9,13,5,25
2.5,9,13,6,25
2.5,9,13,7,25
2.5,9,13,8,25
2.5,9,13,9,26
2.5,9,13,10,26
2.5,9,13,11,26
2.5,9,13,12,26
2.5,9,13,13,26
2.5,9,13,14,26
2.5,9,13,15,26
2.5,9,14,0,25
2.5,9,14,1,25
2.5,9,14,2,25
2.5,9,14,3,25
2.5,9,14,4,25
2.5,9,14,5,25
2.5,9,14,6,25
2.5,9,14,7,25
2.5,9,14,8,26
2.5,9,14,9,26
2.5,9,14,10,26
2.5,9,14,11,26
2.5,9,14,12,26
2.5,9,14,13,26
2.5,9,14,14,26
2.5,9,14,15,26
2.5,9,15,0,25
2.5,9,15,1,25
2.5,9,15,2,25
2.5,9,15,3,25
2.5,9,15,4,25
2.5,9,15,5,25
2.5,9,15,6,25
2.5,9,15,7,26
2.5,9,15,8,26
2.5,9,15,9,26
2.5,9,15,10,26
2.5,9,15,11,26
2.5,9,15,12,26
2.5,9,15,13,26
2.5,9,15,14,26
2.5,9,15,15,27
2.5,10,0,0,23
2.5,10,0,1,23
2.5,10,0,2,23
2.5,10,0,3,23
2.5,10,0,4,24
2.5,10,0,5,24
2.5,10,0,6,24
2.5,10,0,7,24
2.5,10,0,8,24
2.5,10,0,9,24
2.5,10,0,10,24
2.5,10,0,11,24
2.5,10,0,12,24
2.5,10,0,13,25
2.5,10,0,14,25
2.5,10,0,15,25
2.5,10,1,0,23
2.5,10,1,1,23
2.5,10,1,2,23
2.5,10,1,3,24
2.5,10,1,4,24
2.5,10,1,5,24
2.5,10,1,6,24
2.5,10,1,7,24
2.5,10,1,8,24
2.5,10,1,9,24
2.5,10,1,10,24
2.5,10,1,11,24
2.5,10,1,12,25
2.5,10,1,13,25
2.5,10,1,14,25
2.5,10,1,15,25
2.5,10,2,0,23
2.5,10,2,1,23
2.5,10,2,2,24
2.5,10,2,3,24
2.5,10,2,4,24
2.5,10,2,5,24
2.5,10,2,6,24
2.5,10,2,7,24
2.5,10,2,8,24
2.5,10,2,9,24
2.5,10,2,10,24
2.5,10,2,11,25
2.5,10,2,12,25
2.5,10,2,13,25
2.5,10,2,14,25
2.5,10,2,15,25
2.5,10,3,0,23
2.5,10,3,1,24
2.5,10,3,2,24
2.5,10,3,3,24
2.5,10,3,4,24
2.5,10,3,5,24
2.5,10,3,6,24
2.5,10,3,7,24
2.5,10,3,8,24
2.5,10,3,9,25
2.5,10,3,10,25
2.5,10,3,11,25
2.5,10,3,12,25
2.5,10,3,13,25
2.5,10,3,14,25
2.5,10,3,15,25
2.5,10,4,0,24
2.5,10,4,1,24
2.5,10,4,2,24
2.5,10,4,3,24
2.5,10,4,4,24
2.5,10,4,5,24
2.5,10,4,6,24
2.5,10,4,7,24
2.5,10,4,8,25
2.5,10,4,9,25
2.5,10,4,10,25
2.5,10,4,11,25
2.5,10,4,12,25
2.5,10,4,13,25
2.5,10,4,14,25
2.5,10,4,15,25
2.5,10,5,0,24
2.5,10,5,1,24
2.5,10,5,2,24
2.5,10,5,3,24
2.5,10,5,4,24
2.5,10,5,5,24
2.5,10,5,6,24
2.5,10,5,7,25
2.5,10,5,8,25
2.5,10,5,9,25
2.5,10,5,10,25
2.5,10,5,11,25
2.5,10,5,12,25
2.5,10,5,13,25
2.5,10,5,14,25
2.5,10,5,15,25
2.5,10,6,0,24
2.5,10,6,1,24
2.5,10,6,2,24
2.5,10,6,3,24
2.5,10,6,4,24
2.5,10,6,5,24
2.5,10,6,6,25
2.5,10,6,7,25
2.5,10,6,8,25
2.5,10,6,9,25
2.5,10,6,10,25
2.5,10,6,11,25
2.5,10,6,12,25
2.5,10,6,13,25
2.5,10,6,14,26
2.5,10,6,15,26
2.5,10,7,0,24
2.5,10,7,1,24
2.5,10,7,2,24
2.5,10,7,3,24
2.5,10,7,4,25
2.5,10,7,5,25
2.5,10,7,6,25
2.5,10,7,7,25
2.5,10,7,8,25
2.5,10,7,9,25
2.5,10,7,10,25
2.5,10,7,11,25
2.5,10,7,12,25
2.5,10,7,13,26
2.5,10,7,14,26
2.5,10,7,15,26
2.5,10,8,0,24
2.5,10,8,1,24
2.5,10,8,2,24
2.5,10,8,3,25
2.5,10,8,4,25
2.5,10,8,5,25
2.5,10,8,6,25
2.5,10,8,7,25
2.5,10,8,8,25
2.5,10,8,9,25
2.5,10,8,10,25
2.5,10,8,11,25
2.5,10,8,12,26
2.5,10,8,13,26
2.5,10,8,14,26
2.5,10,8,15,26
2.5,10,9,0,24
2.5,10,9,1,24
2.5,10,9,2,25
2.5,10,9,3,25
2.5,10,9,4,25
2.5,10,9,5,25
2.5,10,9,6,25
2.5,10,9,7,25
2.5,10,9,8,25
2.5,10,9,9,25
2.5,10,9,10,25
2.5,10,9,11,26
2.5,10,9,12,26
2.5,10,9,13,26
2.5,10,9,14,26
2.5,10,9,15,26
2.5,10,10,0,24
2.5,10,10,1,25
2.5,10,10,2,25
2.5,10,10,3,25
2.5,10,10,4,25
2.5,10,10,5,25
2.5,10,10,6,25
2.5,10,10,7,25
2.5,10,10,8,25
2.5,10,10,9,26
2.5,10,10,10,26
2.5,10,10,11,26
2.5,10,10,12,26
2.5,10,10,13,26
2.5,10,10,14,26
2.5,10,10,15,26
2.5,10,11,0,25
2.5,10,11,1,25
2.5,10,11,2,25
2.5,10,11,3,25
2.5,10,11,4,25
2.5,10,11,5,25
2.5,10,11,6,25
2.5,10,11,7,25
2.5,10,11,8,26
2.5,10,11,9,26
2.5,10,11,10,26
2.5,10,11,11,26
2.5,10,11,12,26
2.5,10,11,13,26
2.5,10,11,14,26
2.5,10,11,15,26
2.5,10,12,0,25
2.5,10,12,1,25
2.5,10,12,2,25
2.5,10,12,3,25
2.5,10,12,4,25
2.5,10,12,5,25
2.5,10,12,6,25
2.5,10,12,7,26
2.5,10,12,8,26
2.5,10,12,9,26
2.5,10,12,10,26
2.5,10,12,11,26
2.5,10,12,12,26
2.5,10,12,13,26
2.5,10,12,14,26
2.5,10,12,15,26
2.5,10,13,0,25
2.5,10,13,1,25
2.5,10,13,2,25
2.5,10,13,3,25
2.5,10,13,4,25
2.5,10,13,5,25
2.5,10,13,6,26
2.5,10,13,7,26
2.5,10,13,8,26
2.5,10,13,9,26
2.5,10,13,10,26
2.5,10,13,11,26
2.5,10,13,12,26
2.5,10,13,13,26
2.5,10,13,14,27
2.5,10,13,15,27
2.5,10,14,0,25
2.5,10,14,1,25
2.5,10,14,2,25
2.5,10,14,3,25
2.5,10,14,4,25
2.5,10,14,5,26
2.5,10,14,6,26
2.5,10,14,7,26
2.5,10,14,8,26
2.5,10,14,9,26
2.5,10,14,10,26
2.5,10,14,11,26
2.5,10,14,12,26
2.5,10,14,13,27
2.5,10,14,14,27
2.5,10,14,15,27
2.5,10,15,0,25
2.5,10,15,1,25
2.5,10,15,2,25
2.5,10,15,3,25
2.5,10,15,4,26
2.5,10,15,5,26
2.5,10,15,6,26
2.5,10,15,7,26
2.5,10,15,8,26
2.5,10,15,9,26
2.5,10,15,10,26
2.5,10,15,11,26
2.5,10,15,12,27
2.5,10,15,13,27
2.5,10,15,14,27
2.5,10,15,15,27
2.5,11,0,0,23
2.5,11,0,1,24
2.5,11,0,2,24
2.5,11,0,3,24
2.5,11,0,4,24
2.5,11,0,5,24
2.5,11,0,6,24
2.5,11,0,7,24
2.5,11,0,8,24
2.5,11,0,9,24
2.5,11,0,10,25
2.5,11,0,11,25
2.5,11,0,12,25
2.5,11,0,13,25
2.5,11,0,14,25
2.5,11,0,15,25
2.5,11,1,0,24
2.5,11,1,1,24
2.5,11,1,2,24
2.5,11,1,3,24
2.5,11,1,4,24
2.5,11,1,5,24
2.5,11,1,6,24
2.5,11,1,7,24
2.5,11,1,8,24
2.5,11,1,9,25
2.5,11,1,10,25
2.5,11,1,11,25
2.5,11,1,12,25
2.5,11,1,13,25
2.5,11,1,14,25
2.5,11,1,15,25
2.5,11,2,0,24
2.5,11,2,1,24
2.5,11,2,2,24
2.5,11,2,3,24
2.5,11,2,4,24
2.5,11,2,5,24
2.5,11,2,6,24
2.5,11,2,7,25
2.5,11,2,8,25
2.5,11,2,9,25
2.5,11,2,10,25
2.5,11,2,11,25
2.5,11,2,12,25
2.5,11,2,13,25
2.5,11,2,14,25
2.5,11,2,15,25
2.5,11,3,0,24
2.5,11,3,1,24
2.5,11,3,2,24
2.5,11,3,3,24
2.5,11,3,4,24
2.5,11,3,5,24
2.5,11,3,6,25
2.5,11,3,7,25
2.5,11,3,8,25
2.5,11,3,9,25
2.5,11,3,10,25
2.5,11,3,11,25
2.5,11,3,12,25
2.5,11,3,13,25
2.5,11,3,14,25
2.5,11,3,15,26
2.5,11,4,0,24
2.5,11,4,1,24
2.5,11,4,2,24
2.5,11,4,3,24
2.5,11,4,4,24
2.5,11,4,5,25
2.5,11,4,6,25
2.5,11,4,7,25
2.5,11,4,8,25
2.5,11,4,9,25
2.5,11,4,10,25
2.5,11,4,11,25
2.5,11,4,12,25
2.5,11,4,13,25
2.5,11,4,14,26
2.5,11,4,15,26
2.5,11,5,0,24
2.5,11,5,1,24
2.5,11,5,2,24
2.5,11,5,3,24
2.5,11,5,4,25
2.5,11,5,5,25
2.5,11,5,6,25
2.5,11,5,7,25
2.5,11,5,8,25
2.5,11,5,9,25
2.5,11,5,10,25
2.5,11,5,11,25
2.5,11,5,12,26
2.5,11,5,13,26
2.5,11,5,14,26
2.5,11,5,15,26
2.5,11,6,0,24
2.5,11,6,1,24
2.5,11,6,2,24
2.5,11,6,3,25
2.5,11,6,4,25
2.5,11,6,5,25
2.5,11,6,6,25
2.5,11,6,7,25
2.5,11,6,8,25
2.5,11,6,9,25
2.5,11,6,10,25
2.5,11,6,11,26
2.5,11,6,12,26
2.5,11,6,13,26
2.5,11,6,14,26
2.5,11,6,15,26
2.5,11,7,0,24
2.5,11,7,1,25
2.5,11,7,2,25
2.5,11,7,3,25
2.5,11,7,4,25
2.5,11,7,5,25
2.5,11,7,6,25
2.5,11,7,7,25
2.5,11,7,8,25
2.5,11,7,9,25
2.5,11,7,10,26
2.5,11,7,11,26
2.5,11,7,12,26
2.5,11,7,13,26
2.5,11,7,14,26
2.5,11,7,15,26
2.5,11,8,0,25
2.5,11,8,1,25
2.5,11,8,2,25
2.5,11,8,3,25
2.5,11,8,4,25
2.5,11,8,5,25
2.5,11,8,6,25
2.5,11,8,7,25
2.5,11,8,8,25
2.5,11,8,9,26
2.5,11,8,10,26
2.5,11,8,11,26
2.5,11,8,12,26
2.5,11,8,13,26
2.5,11,8,14,26
2.5,11,8,15,26
2.5,11,9,0,25
2.5,11,9,1,25
2.5,11,9,2,25
2.5,11,9,3,25
2.5,11,9,4,25
2.5,11,9,5,25
2.5,11,9,6,25
2.5,11,9,7,26
2.5,11,9,8,26
2.5,11,9,9,26
2.5,11,9,10,26
2.5,11,9,11,26
2.5,11,9,12,26
2.5,11,9,13,26
2.5,11,9,14,26
2.5,11,9,15,26
2.5,11,10,0,25
2.5,11,10,1,25
2.5,11,10,2,25
2.5,11,10,3,25
2.5,11,10,4,25
2.5,11,10,5,25
2.5,11,10,6,26
2.5,11,10,7,26
2.5,11,10,8,26
2.5,11,10,9,26
2.5,11,10,10,26
2.5,11,10,11,26
2.5,11,10,12,26
2.5,11,10,13,26
2.5,11,10,14,26
2.5,11,10,15,27
2.5,11,11,0,25
2.5,11,11,1,25
2.5,11,11,2,25
2.5,11,11,3,25
2.5,11,11,4,25
2.5,11,11,5,26
2.5,11,11,6,26
2.5,11,11,7,26
2.5,11,11,8,26
2.5,11,11,9,26
2.5,11,11,10,26
2.5,11,11,11,26
2.5,11,11,12,26
2.5,11,11,13,27
2.5,11,11,14,27
2.5,11,11,15,27
2.5,11,12,0,25
2.5,11,12,1,25
2.5,11,12,2,25
2.5,11,12,3,25
2.5,11,12,4,26
2.5,11,12,5,26
2.5,11,12,6,26
2.5,11,12,7,26
2.5,11,12,8,26
2.5,11,12,9,26
2.5,11,12,10,26
2.5,11,12,11,26
2.5,11,12,12,27
2.5,11,12,13,27
2.5,11,12,14,27
2.5,11,12,15,27
2.5,11,13,0,25
2.5,11,13,1,25
2.5,11,13,2,25
2.5,11,13,3,26
2.5,11,13,4,26
2.5,11,13,5,26
2.5,11,13,6,26
2.5,11,13,7,26
2.5,11,13,8,26
2.5,11,13,9,26
2.5,11,13,10,26
2.5,11,13,11,27
2.5,11,13,12,27
2.5,11,13,13,27
2.5,11,13,14,27
2.5,11,13,15,27
2.5,11,14,0,25
2.5,11,14,1,25
2.5,11,14,2,26
2.5,11,14,3,26
2.5,11,14,4,26
2.5,11,14,5,26
2.5,11,14,6,26
2.5,11,14,7,26
2.5,11,14,8,26
2.5,11,14,9,26
2.5,11,14,10,27
2.5,11,14,11,27
2.5,11,14,12,27
2.5,11,14,13,27
2.5,11,14,14,27
2.5,11,14,15,27
2.5,11,15,0,25
2.5,11,15,1,26
2.5,11,15,2,26
2.5,11,15,3,26
2.5,11,15,4,26
2.5,11,15,5,26
2.5,11,15,6,26
2.5,11,15,7,26
2.5,11,15,8,26
2.5,11,15,9,27
2.5,11,15,10,27
2.5,11,15,11,27
2.5,11,15,12,27
2.5,11,15,13,27
2.5,11,15,14,27
2.5,11,15,15,27
2.5,12,0,0,24
2.5,12,0,1,24
2.5,12,0,2,24
2.5,12,0,3,24
2.5,12,0,4,24
2.5,12,0,5,24
2.5,12,0,6,24
2.5,12,0,7,25
2.5,12,0,8,25
2.5,12,0,9,25
2.5,12,0,10,25
2.5,12,0,11,25
2.5,12,0,12,25
2.5,12,0,13,25
2.5,12,0,14,25
2.5,12,0,15,25
2.5,12,1,0,24
2.5,12,1,1,24
2.5,12,1,2,24
2.5,12,1,3,24
2.5,12,1,4,24
2.5,12,1,5,24
2.5,12,1,6,25
2.5,12,1,7,25
2.5,12,1,8,25
2.5,12,1,9,25
2.5,12,1,10,25
2.5,12,1,11,25
2.5,12,1,12,25
2.5,12,1,13,25
2.5,12,1,14,26
2.5,12,1,15,26
2.5,12,2,0,24
2.5,12,2,1,24
2.5,12,2,2,24
2.5,12,2,3,24
2.5,12,2,4,25
2.5,12,2,5,25
2.5,12,2,6,25
2.5,12,2,7,25
2.5,12,2,8,25
2.5,12,2,9,25
2.5,12,2,10,25
2.5,12,2,11,25
2.5,12,2,12,25
2.5,12,2,13,26
2.5,12,2,14,26
2.5,12,2,15,26
2.5,12,3,0,24
2.5,12,3,1,24
2.5,12,3,2,24
2.5,12,3,3,25
2.5,12,3,4,25
2.5,12,3,5,25
2.5,12,3,6,25
2.5,12,3,7,25
2.5,12,3,8,25
2.5,12,3,9,25
2.5,12,3,10,25
2.5,12,3,11,25
2.5,12,3,12,26
2.5,12,3,13,26
2.5,12,3,14,26
2.5,12,3,15,26
2.5,12,4,0,24
2.5,12,4,1,24
2.5,12,4,2,25
2.5,12,4,3,25
2.5,12,4,4,25
2.5,12,4,5,25
2.5,12,4,6,25
2.5,12,4,7,25
2.5,12,4,8,25
2.5,12,4,9,25
2.5,12,4,10,26
2.5,12,4,11,26
2.5,12,4,12,26
2.5,12,4,13,26
2.5,12,4,14,26
2.5,12,4,15,26
2.5,12,5,0,24
2.5,12,5,1,25
2.5,12,5,2,25
2.5,12,5,3,25
2.5,12,5,4,25
2.5,12,5,5,25
2.5,12,5,6,25
2.5,12,5,7,25
2.5,12,5,8,25
2.5,12,5,9,26
2.5,12,5,10,26
2.5,12,5,11,26
2.5,12,5,12,26
2.5,12,5,13,26
2.5,12,5,14,26
2.5,12,5,15,26
2.5,12,6,0,25
2.5,12,6,1,25
2.5,12,6,2,25
2.5,12,6,3,25
2.5,12,6,4,25
2.5,12,6,5,25
2.5,12,6,6,25
2.5,12,6,7,25
2.5,12,6,8,26
2.5,12,6,9,26
2.5,12,6,10,26
2.5,12,6,11,26
2.5,12,6,12,26
2.5,12,6,13,26
2.5,12,6,14,26
2.5,12,6,15,26
2.5,12,7,0,25
2.5,12,7,1,25
2.5,12,7,2,25
2.5,12,7,3,25
2.5,12,7,4,25
2.5,12,7,5,25
2.5,12,7,6,25
2.5,12,7,7,26
2.5,12,7,8,26
2.5,12,7,9,26
2.5,12,7,10,26
2.5,12,7,11,26
2.5,12,7,12,26
2.5,12,7,13,26
2.5,12,7,14,26
2.5,12,7,15,27
2.5,12,8,0,25
2.5,12,8,1,25
2.5,12,8,2,25
2.5,12,8,3,25
2.5,12,8,4,25
2.5,12,8,5,26
2.5,12,8,6,26
2.5,12,8,7,26
2.5,12,8,8,26
2.5,12,8,9,26
2.5,12,8,10,26
2.5,12,8,11,26
2.5,12,8,12,26
2.5,12,8,13,26
2.5,12,8,14,27
2.5,12,8,15,27
2.5,12,9,0,25
2.5,12,9,1,25
2.5,12,9,2,25
2.5,12,9,3,25
2.5,12,9,4,26
2.5,12,9,5,26
2.5,12,9,6,26
2.5,12,9,7,26
2.5,12,9,8,26
2.5,12,9,9,26
2.5,12,9,10,26
2.5,12,9,11,26
2.5,12,9,12,26
2.5,12,9,13,27
2.5,12,9,14,27
2.5,12,9,15,27
2.5,12,10,0,25
2.5,12,10,1,25
2.5,12,10,2,25
2.5,12,10,3,26
2.5,12,10,4,26
2.5,12,10,5,26
2.5,12,10,6,26
2.5,12,10,7,26
2.5,12,10,8,26
2.5,12,10,9,26
2.5,12,10,10,26
2.5,12,10,11,27
2.5,12,10,12,27
2.5,12,10,13,27
2.5,12,10,14,27
2.5,12,10,15,27
2.5,12,11,0,25
2.5,12,11,1,25
2.5,12,11,2,26
2.5,12,11,3,26
2.5,12,11,4,26
2.5,12,11,5,26
2.5,12,11,6,26
2.5,12,11,7,26
2.5,12,11,8,26
2.5,12,11,9,26
2.5,12,11,10,27
2.5,12,11,11,27
2.5,12,11,12,27
2.5,12,11,13,27
2.5,12,11,14,27
2.5,12,11,15,27
2.5,12,12,0,25
2.5,12,12,1,26
2.5,12,12,2,26
2.5,12,12,3,26
2.5,12,12,4,26
2.5,12,12,5,26
2.5,12,12,6,26
2.5,12,12,7,26
2.5,12,12,8,26
2.5,12,12,9,27
2.5,12,12,10,27
2.5,12,12,11,27
2.5,12,12,12,27
2.5,12,12,13,27
2.5,12,12,14,27
2.5,12,12,15,27
2.5,12,13,0,26
2.5,12,13,1,26
2.5,12,13,2,26
2.5,12,13,3,26
2.5,12,13,4,26
2.5,12,13,5,26
2.5,12,13,6,26
2.5,12,13,7,26
2.5,12,13,8,27
2.5,12,13,9,27
2.5,12,13,10,27
2.5,12,13,11,27
2.5,12,13,12,27
2.5,12,13,13,27
2.5,12,13,14,27
2.5,12,13,15,27
2.5,12,14,0,26
2.5,12,14,1,26
2.5,12,14,2,26
2.5,12,14,3,26
2.5,12,14,4,26
2.5,12,14,5,26
2.5,12,14,6,26
2.5,12,14,7,27
2.5,12,14,8,27
2.5,12,14,9,27
2.5,12,14,10,27
2.5,12,14,11,27
2.5,12,14,12,27
2.5,12,14,13,27
2.5,12,14,14,27
2.5,12,14,15,28
2.5,12,15,0,26
2.5,12,15,1,26
2.5,12,15,2,26
2.5,12,15,3,26
2.5,12,15,4,26
2.5,12,15,5,26
2.5,12,15,6,27
2.5,12,15,7,27
2.5,12,15,8,27
2.5,12,15,9,27
2.5,12,15,10,27
2.5,12,15,11,27
2.5,12,15,12,27
2.5,12,15,13,27
2.5,12,15,14,28
2.5,12,15,15,28
2.5,13,0,0,24
2.5,13,0,1,24
2.5,13,0,2,24
2.5,13,0,3,24
2.5,13,0,4,25
2.5,13,0,5,25
2.5,13,0,6,25
2.5,13,0,7,25
2.5,13,0,8,25
2.5,13,0,9,25
2.5,13,0,10,25
2.5,13,0,11,25
2.5,13,0,12,25
2.5,13,0,13,26
2.5,13,0,14,26
2.5,13,0,15,26
2.5,13,1,0,24
2.5,13,1,1,24
2.5,13,1,2,24
2.5,13,1,3,25
2.5,13,1,4,25
2.5,13,1,5,25
2.5,13,1,6,25
2.5,13,1,7,25
2.5,13,1,8,25
2.5,13,1,9,25
2.5,13,1,10,25
2.5,13,1,11,26
2.5,13,1,12,26
2.5,13,1,13,26
2.5,13,1,14,26
2.5,13,1,15,26
2.5,13,2,0,24
2.5,13,2,1,25
2.5,13,2,2,25
2.5,13,2,3,25
2.5,13,2,4,25
2.5,13,2,5,25
2.5,13,2,6,25
2.5,13,2,7,25
2.5,13,2,8,25
2.5,13,2,9,25
2.5,13,2,10,26
2.5,13,2,11,26
2.5,13,2,12,26
2.5,13,2,13,26
2.5,13,2,14,26
2.5,13,2,15,26
2.5,13,3,0,25
2.5,13,3,1,25
2.5,13,3,2,25
2.5,13,3,3,25
2.5,13,3,4,25
2.5,13,3,5,25
2.5,13,3,6,25
2.5,13,3,7,25
2.5,13,3,8,25
2.5,13,3,9,26
2.5,13,3,10,26
2.5,13,3,11,26
2.5,13,3,12,26
2.5,13,3,13,26
2.5,13,3,14,26
2.5,13,3,15,26
2.5,13,4,0,25
2.5,13,4,1,25
2.5,13,4,2,25
2.5,13,4,3,25
2.5,13,4,4,25
2.5,13,4,5,25
2.5,13,4,6,25
2.5,13,4,7,26
2.5,13,4,8,26
2.5,13,4,9,26
2.5,13,4,10,26
2.5,13,4,11,26
2.5,13,4,12,26
2.5,13,4,13,26
2.5,13,4,14,26
2.5,13,4,15,26
2.5,13,5,0,25
2.5,13,5,1,25
2.5,13,5,2,25
2.5,13,5,3,25
2.5,13,5,4,25
2.5,13,5,5,25
2.5,13,5,6,26
2.5,13,5,7,26
2.5,13,5,8,26
2.5,13,5,9,26
2.5,13,5,10,26
2.5,13,5,11,26
2.5,13,5,12,26
2.5,13,5,13,26
2.5,13,5,14,26
2.5,13,5,15,27
2.5,13,6,0,25
2.5,13,6,1,25
2.5,13,6,2,25
2.5,13,6,3,25
2.5,13,6,4,25
2.5,13,6,5,26
2.5,13,6,6,26
2.5,13,6,7,26
2.5,13,6,8,26
2.5,13,6,9,26
2.5,13,6,10,26
2.5,13,6,11,26
2.5,13,6,12,26
2.5,13,6,13,27
2.5,13,6,14,27
2.5,13,6,15,27
2.5,13,7,0,25
2.5,13,7,1,25
2.5,13,7,2,25
2.5,13,7,3,25
2.5,13,7,4,26
2.5,13,7,5,26
2.5,13,7,6,26
2.5,13,7,7,26
2.5,13,7,8,26
2.5,13,7,9,26
2.5,13,7,10,26
2.5,13,7,11,26
2.5,13,7,12,27
2.5,13,7,13,27
2.5,13,7,14,27
2.5,13,7,15,27
2.5,13,8,0,25
2.5,13,8,1,25
2.5,13,8,2,25
2.5,13,8,3,26
2.5,13,8,4,26
2.5,13,8,5,26
2.5,13,8,6,26
2.5,13,8,7,26
2.5,13,8,8,26
2.5,13,8,9,26
2.5,13,8,10,26
2.5,13,8,11,27
2.5,13,8,12,27
2.5,13,8,13,27
2.5,13,8,14,27
2.5,13,8,15,27
2.5,13,9,0,25
2.5,13,9,1,26
2.5,13,9,2,26
2.5,13,9,3,26
2.5,13,9,4,26
2.5,13,9,5,26
2.5,13,9,6,26
2.5,13,9,7,26
2.5,13,9,8,26
2.5,13,9,9,27
2.5,13,9,10,27
2.5,13,9,11,27
2.5,13,9,12,27
2.5,13,9,13,27
2.5,13,9,14,27
2.5,13,9,15,27
2.5,13,10,0,26
2.5,13,10,1,26
2.5,13,10,2,26
2.5,13,10,3,26
2.5,13,10,4,26
2.5,13,10,5,26
2.5,13,10,6,26
2.5,13,10,7,26
2.5,13,10,8,27
2.5,13,10,9,27
2.5,13,10,10,27
2.5,13,10,11,27
2.5,13,10,12,27
2.5,13,10,13,27
2.5,13,10,14,27
2.5,13,10,15,27
2.5,13,11,0,26
2.5,13,11,1,26
2.5,13,11,2,26
2.5,13,11,3,26
2.5,13,11,4,26
2.5,13,11,5,26
2.5,13,11,6,26
2.5,13,11,7,27
2.5,13,11,8,27
2.5,13,11,9,27
2.5,13,11,10,27
2.5,13,11,11,27
2.5,13,11,12,27
2.5,13,11,13,27
2.5,13,11,14,27
2.5,13,11,15,28
2.5,13,12,0,26
2.5,13,12,1,26
2.5,13,12,2,26
2.5,13,12,3,26
2.5,13,12,4,26
2.5,13,12,5,26
2.5,13,12,6,27
2.5,13,12,7,27
2.5,13,12,8,27
2.5,13,12,9,27
2.5,13,12,10,27
2.5,13,12,11,27
2.5,13,12,12,27
2.5,13,12,13,27
2.5,13,12,14,28
2.5,13,12,15,28
2.5,13,13,0,26
2.5,13,13,1,26
2.5,13,13,2,26
2.5,13,13,3,26
2.5,13,13,4,26
2.5,13,13,5,27
2.5,13,13,6,27
2.5,13,13,7,27
2.5,13,13,8,27
2.5,13,13,9,27
2.5,13,13,10,27
2.5,13,13,11,27
2.5,13,13,12,27
2.5,13,13,13,28
2.5,13,13,14,28
2.5,13,13,15,28
2.5,13,14,0,26
2.5,13,14,1,26
2.5,13,14,2,26
2.5,13,14,3,26
2.5,13,14,4,27
2.5,13,14,5,27
2.5,13,14,6,27
2.5,13,14,7,27
2.5,13,14,8,27
2.5,13,14,9,27
2.5,13,14,10,27
2.5,13,14,11,27
2.5,13,14,12,28
2.5,13,14,13,28
2.5,13,14,14,28
2.5,13,14,15,28
2.5,13,15,0,26
2.5,13,15,1,26
2.5,13,15,2,26
2.5,13,15,3,27
2.5,13,15,4,27
2.5,13,15,5,27
2.5,13,15,6,27
2.5,13,15,7,27
2.5,13,15,8,27
2.5,13,15,9,27
2.5,13,15,10,27
2.5,13,15,11,28
2.5,13,15,12,28
2.5,13,15,13,28
2.5,13,15,14,28
2.5,13,15,15,28
2.5,14,0,0,24
2.5,14,0,1,25
2.5,14,0,2,25
2.5,14,0,3,25
2.5,14,0,4,25
2.5,14,0,5,25
2.5,14,0,6,25
2.5,14,0,7,25
2.5,14,0,8,25
2.5,14,0,9,26
2.5,14,0,10,26
2.5,14,0,11,26
2.5,14,0,12,26
2.5,14,0,13,26
2.5,14,0,14,26
2.5,14,0,15,26
2.5,14,1,0,25
2.5,14,1,1,25
2.5,14,1,2,25
2.5,14,1,3,25
2.5,14,1,4,25
2.5,14,1,5,25
2.5,14,1,6,25
2.5,14,1,7,25
2.5,14,1,8,26
2.5,14,1,9,26
2.5,14,1,10,26
2.5,14,1,11,26
2.5,14,1,12,26
2.5,14,1,13,26
2.5,14,1,14,26
2.5,14,1,15,26
2.5,14,2,0,25
2.5,14,2,1,25
2.5,14,2,2,25
2.5,14,2,3,25
2.5,14,2,4,25
2.5,14,2,5,25
2.5,14,2,6,25
2.5,14,2,7,26
2.5,14,2,8,26
2.5,14,2,9,26
2.5,14,2,10,26
2.5,14,2,11,26
2.5,14,2,12,26
2.5,14,2,13,26
2.5,14,2,14,26
2.5,14,2,15,27
2.5,14,3,0,25
2.5,14,3,1,25
2.5,14,3,2,25
2.5,14,3,3,25
2.5,14,3,4,25
2.5,14,3,5,25
2.5,14,3,6,26
2.5,14,3,7,26
2.5,14,3,8,26
2.5,14,3,9,26
2.5,14,3,10,26
2.5,14,3,11,26
2.5,14,3,12,26
2.5,14,3,13,26
2.5,14,3,14,27
2.5,14,3,15,27
2.5,14,4,0,25
2.5,14,4,1,25
2.5,14,4,2,25
2.5,14,4,3,25
2.5,14,4,4,26
2.5,14,4,5,26
2.5,14,4,6,26
2.5,14,4,7,26
2.5,14,4,8,26
2.5,14,4,9,26
2.5,14,4,10,26
2.5,14,4,11,26
2.5,14,4,12,26
2.5,14,4,13,27
2.5,14,4,14,27
2.5,14,4,15,27
2.5,14,5,0,25
2.5,14,5,1,25
2.5,14,5,2,25
2.5,14,5,3,26
2.5,14,5,4,26
2.5,14,5,5,26
2.5,14,5,6,26
2.5,14,5,7,26
2.5,14,5,8,26
2.5,14,5,9,26
2.5,14,5,10,26
2.5,14,5,11,27
2.5,14,5,12,27
2.5,14,5,13,27
2.5,14,5,14,27
2.5,14,5,15,27
2.5,14,6,0,25
2.5,14,6,1,25
2.5,14,6,2,26
2.5,14,6,3,26
2.5,14,6,4,26
2.5,14,6,5,26
2.5,14,6,6,26
2.5,14,6,7,26
2.5,14,6,8,26
2.5,14,6,9,26
2.5,14,6,10,27
2.5,14,6,11,27
2.5,14,6,12,27
2.5,14,6,13,27
2.5,14,6,14,27
2.5,14,6,15,27
2.5,14,7,0,25
2.5,14,7,1,26
2.5,14,7,2,26
2.5,14,7,3,26
2.5,14,7,4,26
2.5,14,7,5,26
2.5,14,7,6,26
2.5,14,7,7,26
2.5,14,7,8,26
2.5,14,7,9,27
2.5,14,7,10,27
2.5,14,7,11,27
2.5,14,7,12,27
2.5,14,7,13,27
2.5,14,7,14,27
2.5,14,7,15,27
2.5,14,8,0,26
2.5,14,8,1,26
2.5,14,8,2,26
2.5,14,8,3,26
2.5,14,8,4,26
2.5,14,8,5,26
2.5,14,8,6,26
2.5,14,8,7,26
2.5,14,8,8,27
2.5,14,8,9,27
2.5,14,8,10,27
2.5,14,8,11,27
2.5,14,8,12,27
2.5,14,8,13,27
2.5,14,8,14,27
2.5,14,8,15,27
2.5,14,9,0,26
2.5,14,9,1,26
2.5,14,9,2,26
2.5,14,9,3,26
2.5,14,9,4,26
2.5,14,9,5,26
2.5,14,9,6,27
2.5,14,9,7,27
2.5,14,9,8,27
2.5,14,9,9,27
2.5,14,9,10,27
2.5,14,9,11,27
2.5,14,9,12,27
2.5,14,9,13,27
2.5,14,9,14,27
2.5,14,9,15,28
2.5,14,10,0,26
2.5,14,10,1,26
2.5,14,10,2,26
2.5,14,10,3,26
2.5,14,10,4,26
2.5,14,10,5,27
2.5,14,10,6,27
2.5,14,10,7,27
2.5,14,10,8,27
2.5,14,10,9,27
2.5,14,10,10,27
2.5,14,10,11,27
2.5,14,10,12,27
2.5,14,10,13,28
2.5,14,10,14,28
2.5,14,10,15,28
2.5,14,11,0,26
2.5,14,11,1,26
2.5,14,11,2,26
2.5,14,11,3,26
2.5,14,11,4,27
2.5,14,11,5,27
2.5,14,11,6,27
2.5,14,11,7,27
2.5,14,11,8,27
2.5,14,11,9,27
2.5,14,11,10,27
2.5,14,11,11,27
2.5,14,11,12,28
2.5,14,11,13,28
2.5,14,11,14,28
2.5,14,11,15,28
2.5,14,12,0,26
2.5,14,12,1,26
2.5,14,12,2,26
2.5,14,12,3,27
2.5,14,12,4,27
2.5,14,12,5,27
2.5,14,12,6,27
2.5,14,12,7,27
2.5,14,12,8,27
2.5,14,12,9,27
2.5,14,12,10,27
2.5,14,12,11,28
2.5,14,12,12,28
2.5,14,12,13,28
2.5,14,12,14,28
2.5,14,12,15,28
2.5,14,13,0,26
2.5,14,13,1,26
2.5,14,13,2,27
2.5,14,13,3,27
2.5,14,13,4,27
2.5,14,13,5,27
2.5,14,13,6,27
2.5,14,13,7,27
2.5,14,13,8,27
2.5,14,13,9,27
2.5,14,13,10,28
2.5,14,13,11,28
2.5,14,13,12,28
2.5,14,13,13,28
2.5,14,13,14,28
2.5,14,13,15,28
2.5,14,14,0,26
2.5,14,14,1,27
2.5,14,14,2,27
2.5,14,14,3,27
2.5,14,14,4,27
2.5,14,14,5,27
2.5,14,14,6,27
2.5,14,14,7,27
2.5,14,14,8,27
2.5,14,14,9,28
2.5,14,14,10,28
2.5,14,14,11,28
2.5,14,14,12,28
2.5,14,14,13,28
2.5,14,14,14,28
2.5,14,14,15,28
2.5,14,15,0,27
2.5,14,15,1,27
2.5,14,15,2,27
2.5,14,15,3,27
2.5,14,15,4,27
2.5,14,15,5,27
2.5,14,15,6,27
2.5,14,15,7,28
2.5,14,15,8,28
2.5,14,15,9,28
2.5,14,15,10,28
2.5,14,15,11,28
2.5,14,15,12,28
2.5,14,15,13,28
2.5,14,15,14,28
2.5,14,15,15,29
2.5,15,0,0,25
2.5,15,0,1,25
2.5,15,0,2,25
2.5,15,0,3,25
2.5,15,0,4,25
2.5,15,0,5,25
2.5,15,0,6,26
2.5,15,0,7,26
2.5,15,0,8,26
2.5,15,0,9,26
2.5,15,0,10,26
2.5,15,0,11,26
2.5,15,0,12,26
2.5,15,0,13,26
2.5,15,0,14,26
2.5,15,0,15,27
2.5,15,1,0,25
2.5,15,1,1,25
2.5,15,1,2,25
2.5,15,1,3,25
2.5,15,1,4,25
2.5,15,1,5,26
2.5,15,1,6,26
2.5,15,1,7,26
2.5,15,1,8,26
2.5,15,1,9,26
2.5,15,1,10,26
2.5,15,1,11,26
2.5,15,1,12,26
2.5,15,1,13,26
2.5,15,1,14,27
2.5,15,1,15,27
2.5,15,2,0,25
2.5,15,2,1,25
2.5,15,2,2,25
2.5,15,2,3,25
2.5,15,2,4,26
2.5,15,2,5,26
2.5,15,2,6,26
2.5,15,2,7,26
2.5,15,2,8,26
2.5,15,2,9,26
2.5,15,2,10,26
2.5,15,2,11,26
2.5,15,2,12,27
2.5,15,2,13,27
2.5,15,2,14,27
2.5,15,2,15,27
2.5,15,3,0,25
2.5,15,3,1,25
2.5,15,3,2,25
2.5,15,3,3,26
2.5,15,3,4,26
2.5,15,3,5,26
2.5,15,3,6,26
2.5,15,3,7,26
2.5,15,3,8,26
2.5,15,3,9,26
2.5,15,3,10,26
2.5,15,3,11,27
2.5,15,3,12,27
2.5,15,3,13,27
2.5,15,3,14,27
2.5,15,3,15,27
2.5,15,4,0,25
2.5,15,4,1,25
2.5,15,4,2,26
2.5,15,4,3,26
2.5,15,4,4,26
2.5,15,4,5,26
2.5,15,4,6,26
2.5,15,4,7,26
2.5,15,4,8,26
2.5,15,4,9,26
2.5,15,4,10,27
2.5,15,4,11,27
2.5,15,4,12,27
2.5,15,4,13,27
2.5,15,4,14,27
2.5,15,4,15,27
2.5,15,5,0,26
2.5,15,5,1,26
2.5,15,5,2,26
2.5,15,5,3,26
2.5,15,5,4,26
2.5,15,5,5,26
2.5,15,5,6,26
2.5,15,5,7,26
2.5,15,5,8,27
2.5,15,5,9,27
2.5,15,5,10,27
2.5,15,5,11,27
2.5,15,5,12,27
2.5,15,5,13,27
2.5,15,5,14,27
2.5,15,5,15,27
2.5,15,6,0,26
2.5,15,6,1,26
2.5,15,6,2,26
2.5,15,6,3,26
2.5,15,6,4,26
2.5,15,6,5,26
2.5,15,6,6,26
2.5,15,6,7,27
2.5,15,6,8,27
2.5,15,6,9,27
2.5,15,6,10,27
2.5,15,6,11,27
2.5,15,6,12,27
2.5,15,6,13,27
2.5,15,6,14,27
2.5,15,6,15,28
2.5,15,7,0,26
2.5,15,7,1,26
2.5,15,7,2,26
2.5,15,7,3,26
2.5,15,7,4,26
2.5,15,7,5,26
2.5,15,7,6,27
2.5,15,7,7,27
2.5,15,7,8,27
2.5,15,7,9,27
2.5,15,7,10,27
2.5,15,7,11,27
2.5,15,7,12,27
2.5,15,7,13,27
2.5,15,7,14,28
2.5,15,7,15,28
2.5,15,8,0,26
2.5,15,8,1,26
2.5,15,8,2,26
2.5,15,8,3,26
2.5,15,8,4,26
2.5,15,8,5,27
2.5,15,8,6,27
2.5,15,8,7,27
2.5,15,8,8,27
2.5,15,8,9,27
2.5,15,8,10,27
2.5,15,8,11,27
2.5,15,8,12,27
2.5,15,8,13,28
2.5,15,8,14,28
2.5,15,8,15,28
2.5,15,9,0,26
2.5,15,9,1,26
2.5,15,9,2,26
2.5,15,9,3,26
2.5,15,9,4,27
2.5,15,9,5,27
2.5,15,9,6,27
2.5,15,9,7,27
2.5,15,9,8,27
2.5,15,9,9,27
2.5,15,9,10,27
2.5,15,9,11,28
2.5,15,9,12,28
2.5,15,9,13,28
2.5,15,9,14,28
2.5,15,9,15,28
2.5,15,10,0,26
2.5,15,10,1,26
2.5,15,10,2,27
2.5,15,10,3,27
2.5,15,10,4,27
2.5,15,10,5,27
2.5,15,10,6,27
2.5,15,10,7,27
2.5,15,10,8,27
2.5,15,10,9,27
2.5,15,10,10,28
2.5,15,10,11,28
2.5,15,10,12,28
2.5,15,10,13,28
2.5,15,10,14,28
2.5,15,10,15,28
2.5,15,11,0,26
2.5,15,11,1,27
2.5,15,11,2,27
2.5,15,11,3,27
2.5,15,11,4,27
2.5,15,11,5,27
2.5,15,11,6,27
2.5,15,11,7,27
2.5,15,11,8,27
2.5,15,11,9,28
2.5,15,11,10,28
2.5,15,11,11,28
2.5,15,11,12,28
2.5,15,11,13,28
2.5,15,11,14,28
2.5,15,11,15,28
2.5,15,12,0,27
2.5,15,12,1,27
2.5,15,12,2,27
2.5,15,12,3,27
2.5,15,12,4,27
2.5,15,12,5,27
2.5,15,12,6,27
2.5,15,12,7,27
2.5,15,12,8,28
2.5,15,12,9,28
2.5,15,12,10,28
2.5,15,12,11,28
2.5,15,12,12,28
2.5,15,12,13,28
2.5,15,12,14,28
2.5,15,12,15,28
2.5,15,13,0,27
2.5,15,13,1,27
2.5,15,13,2,27
2.5,15,13,3,27
2.5,15,13,4,27
2.5,15,13,5,27
2.5,15,13,6,27
2.5,15,13,7,28
2.5,15,13,8,28
2.5,15,13,9,28
2.5,15,13,10,28
2.5,15,13,11,28
2.5,15,13,12,28
2.5,15,13,13,28
2.5,15,13,14,28
2.5,15,13,15,29
2.5,15,14,0,27
2.5,15,14,1,27
2.5,15,14,2,27
2.5,15,14,3,27
2.5,15,14,4,27
2.5,15,14,5,27
2.5,15,14,6,28
2.5,15,14,7,28
2.5,15,14,8,28
2.5,15,14,9,28
2.5,15,14,10,28
2.5,15,14,11,28
2.5,15,14,12,28
2.5,15,14,13,29
2.5,15,14,14,29
2.5,15,14,15,29
2.5,15,15,0,27
2.5,15,15,1,27
2.5,15,15,2,27
2.5,15,15,3,27
2.5,15,15,4,27
2.5,15,15,5,28
2.5,15,15,6,28
2.5,15,15,7,28
2.5,15,15,8,28
2.5,15,15,9,28
2.5,15,15,10,28
2.5,15,15,11,28
2.5,15,15,12,29
2.5,15,15,13,29
2.5,15,15,14,29
2.5,15,15,15,29
3.0,0,0,0,25
3.0,0,0,1,25
3.0,0,0,2,25
3.0,0,0,3,25
3.0,0,0,4,25
3.0,0,0,5,25
3.0,0,0,6,25
3.0,0,0,7,26
3.0,0,0,8,26
3.0,0,0,9,26
3.0,0,0,10,26
3.0,0,0,11,26
3.0,0,0,12,26
3.0,0,0,13,26
3.0,0,0,14,26
3.0,0,0,15,27
3.0,0,1,0,25
3.0,0,1,1,25
3.0,0,1,2,25
3.0,0,1,3,25
3.0,0,1,4,25
3.0,0,1,5,26
3.0,0,1,6,26
3.0,0,1,7,26
3.0,0,1,8,26
3.0,0,1,9,26
3.0,0,1,10,26
3.0,0,1,11,26
3.0,0,1,12,26
3.0,0,1,13,26
3.0,0,1,14,27
3.0,0,1,15,27
3.0,0,2,0,25
3.0,0,2,1,25
3.0,0,2,2,25
3.0,0,2,3,25
3.0,0,2,4,26
3.0,0,2,5,26
3.0,0,2,6,26
3.0,0,2,7,26
3.0,0,2,8,26
3.0,0,2,9,26
3.0,0,2,10,26
3.0,0,2,11,26
3.0,0,2,12,27
3.0,0,2,13,27
3.0,0,2,14,27
3.0,0,2,15,27
3.0,0,3,0,25
3.0,0,3,1,25
3.0,0,3,2,25
3.0,0,3,3,26
3.0,0,3,4,26
3.0,0,3,5,26
3.0,0,3,6,26
3.0,0,3,7,26
3.0,0,3,8,26
3.0,0,3,9,26
3.0,0,3,10,26
3.0,0,3,11,27
3.0,0,3,12,27
3.0,0,3,13,27
3.0,0,3,14,27
3.0,0,3,15,27
3.0,0,4,0,25
3.0,0,4,1,25
3.0,0,4,2,26
3.0,0,4,3,26
3.0,0,4,4,26
3.0,0,4,5,26
3.0,0,4,6,26
3.0,0,4,7,26
3.0,0,4,8,26
3.0,0,4,9,26
3.0,0,4,10,27
3.0,0,4,11,27
3.0,0,4,12,27
3.0,0,4,13,27
3.0,0,4,14,27
3.0,0,4,15,27
3.0,0,5,0,26
3.0,0,5,1,26
3.0,0,5,2,26
3.0,0,5,3,26
3.0,0,5,4,26
3.0,0,5,5,26
3.0,0,5,6,26
3.0,0,5,7,26
3.0,0,5,8,27
3.0,0,5,9,27
3.0,0,5,10,27
3.0,0,5,11,27
3.0,0,5,12,27
3.0,0,5,13,27
3.0,0,5,14,27
3.0,0,5,15,27
3.0,0,6,0,26
3.0,0,6,1,26
3.0,0,6,2,26
3.0,0,6,3,26
3.0,0,6,4,26
3.0,0,6,5,26
3.0,0,6,6,26
3.0,0,6,7,27
3.0,0,6,8,27
3.0,0,6,9,27
3.0,0,6,10,27
3.0,0,6,11,27
3.0,0,6,12,27
3.0,0,6,13,27
3.0,0,6,14,27
3.0,0,6,15,28
3.0,0,7,0,26
3.0,0,7,1,26
3.0,0,7,2,26
3.0,0,7,3,26
3.0,0,7,4,26
3.0,0,7,5,26
3.0,0,7,6,27
3.0,0,7,7,27
3.0,0,7,8,27
3.0,0,7,9,27
3.0,0,7,10,27
3.0,0,7,11,27
3.0,0,7,12,27
3.0,0,7,13,27
3.0,0,7,14,28
3.0,0,7,15,28
3.0,0,8,0,26
3.0,0,8,1,26
3.0,0,8,2,26
3.0,0,8,3,26
3.0,0,8,4,26
3.0,0,8,5,27
3.0,0,8,6,27
3.0,0,8,7,27
3.0,0,8,8,27
3.0,0,8,9,27
3.0,0,8,10,27
3.0,0,8,11,27
3.0,0,8,12,27
3.0,0,8,13,28
3.0,0,8,14,28
3.0,0,8,15,28
3.0,0,9,0,26
3.0,0,9,1,26
3.0,0,9,2,26
3.0,0,9,3,26
3.0,0,9,4,27
3.0,0,9,5,27
3.0,0,9,6,27
3.0,0,9,7,27
3.0,0,9,8,27
3.0,0,9,9,27
3.0,0,9,10,27
3.0,0,9,11,27
3.0,0,9,12,28
3.0,0,9,13,28
3.0,0,9,14,28
3.0,0,9,15,28
3.0,0,10,0,26
3.0,0,10,1,26
3.0,0,10,2,27
3.0,0,10,3,27
3.0,0,10,4,27
3.0,0,10,5,27
3.0,0,10,6,27
3.0,0,10,7,27
3.0,0,10,8,27
3.0,0,10,9,27
3.0,0,10,10,28
3.0,0,10,11,28
3.0,0,10,12,28
3.0,0,10,13,28
3.0,0,10,14,28
3.0,0,10,15,28
3.0,0,11,0,26
3.0,0,11,1,27
3.0,0,11,2,27
3.0,0,11,3,27
3.0,0,11,4,27
3.0,0,11,5,27
3.0,0,11,6,27
3.0,0,11,7,27
3.0,0,11,8,27
3.0,0,11,9,28
3.0,0,11,10,28
3.0,0,11,11,28
3.0,0,11,12,28
3.0,0,11,13,28
3.0,0,11,14,28
3.0,0,11,15,28
3.0,0,12,0,27
3.0,0,12,1,27
3.0,0,12,2,27
3.0,0,12,3,27
3.0,0,12,4,27
3.0,0,12,5,27
3.0,0,12,6,27
3.0,0,12,7,27
3.0,0,12,8,28
3.0,0,12,9,28
3.0,0,12,10,28
3.0,0,12,11,28
3.0,0,12,12,28
3.0,0,12,13,28
3.0,0,12,14,28
3.0,0,12,15,28
3.0,0,13,0,27
3.0,0,13,1,27
3.0,0,13,2,27
3.0,0,13,3,27
3.0,0,13,4,27
3.0,0,13,5,27
3.0,0,13,6,27
3.0,0,13,7,28
3.0,0,13,8,28
3.0,0,13,9,28
3.0,0,13,10,28
3.0,0,13,11,28
3.0,0,13,12,28
3.0,0,13,13,28
3.0,0,13,14,28
3.0,0,13,15,29
3.0,0,14,0,27
3.0,0,14,1,27
3.0,0,14,2,27
3.0,0,14,3,27
3.0,0,14,4,27
3.0,0,14,5,27
3.0,0,14,6,28
3.0,0,14,7,28
3.0,0,14,8,28
3.0,0,14,9,28
3.0,0,14,10,28
3.0,0,14,11,28
3.0,0,14,12,28
3.0,0,14,13,29
3.0,0,14,14,29
3.0,0,14,15,29
3.0,0,15,0,27
3.0,0,15,1,27
3.0,0,15,2,27
3.0,0,15,3,27
3.0,0,15,4,27
3.0,0,15,5,28
3.0,0,15,6,28
3.0,0,15,7,28
3.0,0,15,8,28
3.0,0,15,9,28
3.0,0,15,10,28
3.0,0,15,11,28
3.0,0,15,12,29
3.0,0,15,13,29
3.0,0,15,14,29
3.0,0,15,15,29
3.0,1,0,0,25
3.0,1,0,1,25
3.0,1,0,2,25
3.0,1,0,3,26
3.0,1,0,4,26
3.0,1,0,5,26
3.0,1,0,6,26
3.0,1,0,7,26
3.0,1,0,8,26
3.0,1,0,9,26
3.0,1,0,10,26
3.0,1,0,11,27
3.0,1,0,12,27
3.0,1,0,13,27
3.0,1,0,14,27
3.0,1,0,15,27
3.0,1,1,0,25
3.0,1,1,1,25
3.0,1,1,2,26
3.0,1,1,3,26
3.0,1,1,4,26
3.0,1,1,5,26
3.0,1,1,6,26
3.0,1,1,7,26
3.0,1,1,8,26
3.0,1,1,9,26
3.0,1,1,10,27
3.0,1,1,11,27
3.0,1,1,12,27
3.0,1,1,13,27
3.0,1,1,14,27
3.0,1,1,15,27
3.0,1,2,0,26
3.0,1,2,1,26
3.0,1,2,2,26
3.0,1,2,3,26
3.0,1,2,4,26
3.0,1,2,5,26
3.0,1,2,6,26
3.0,1,2,7,26
3.0,1,2,8,27
3.0,1,2,9,27
3.0,1,2,10,27
3.0,1,2,11,27
3.0,1,2,12,27
3.0,1,2,13,27
3.0,1,2,14,27
3.0,1,2,15,27
3.0,1,3,0,26
3.0,1,3,1,26
3.0,1,3,2,26
3.0,1,3,3,26
3.0,1,3,4,26
3.0,1,3,5,26
3.0,1,3,6,26
3.0,1,3,7,27
3.0,1,3,8,27
3.0,1,3,9,27
3.0,1,3,10,27
3.0,1,3,11,27
3.0,1,3,12,27
3.0,1,3,13,27
3.0,1,3,14,27
3.0,1,3,15,28
3.0,1,4,0,26
3.0,1,4,1,26
3.0,1,4,2,26
3.0,1,4,3,26
3.0,1,4,4,26
3.0,1,4,5,26
3.0,1,4,6,27
3.0,1,4,7,27
3.0,1,4,8,27
3.0,1,4,9,27
3.0,1,4,10,27
3.0,1,4,11,27
3.0,1,4,12,27
3.0,1,4,13,27
3.0,1,4,14,28
3.0,1,4,15,28
3.0,1,5,0,26
3.0,1,5,1,26
3.0,1,5,2,26
3.0,1,5,3,26
3.0,1,5,4,26
3.0,1,5,5,27
3.0,1,5,6,27
3.0,1,5,7,27
3.0,1,5,8,27
3.0,1,5,9,27
3.0,1,5,10,27
3.0,1,5,11,27
3.0,1,5,12,27
3.0,1,5,13,28
3.0,1,5,14,28
3.0,1,5,15,28
3.0,1,6,0,26
3.0,1,6,1,26
3.0,1,6,2,26
3.0,1,6,3,26
3.0,1,6,4,27
3.0,1,6,5,27
3.0,1,6,6,27
3.0,1,6,7,27
3.0,1,6,8,27
3.0,1,6,9,27
3.0,1,6,10,27
3.0,1,6,11,28
3.0,1,6,12,28
3.0,1,6,13,28
3.0,1,6,14,28
3.0,1,6,15,28
3.0,1,7,0,26
3.0,1,7,1,26
3.0,1,7,2,27
3.0,1,7,3,27
3.0,1,7,4,27
3.0,1,7,5,27
3.0,1,7,6,27
3.0,1,7,7,27
3.0,1,7,8,27
3.0,1,7,9,27
3.0,1,7,10,28
3.0,1,7,11,28
3.0,1,7,12,28
3.0,1,7,13,28
3.0,1,7,14,28
3.0,1,7,15,28
3.0,1,8,0,26
3.0,1,8,1,27
3.0,1,8,2,27
3.0,1,8,3,27
3.0,1,8,4,27
3.0,1,8,5,27
3.0,1,8,6,27
3.0,1,8,7,27
3.0,1,8,8,27
3.0,1,8,9,28
3.0,1,8,10,28
3.0,1,8,11,28
3.0,1,8,12,28
3.0,1,8,13,28
3.0,1,8,14,28
3.0,1,8,15,28
3.0,1,9,0,27
3.0,1,9,1,27
3.0,1,9,2,27
3.0,1,9,3,27
3.0,1,9,4,27
3.0,1,9,5,27
3.0,1,9,6,27
3.0,1,9,7,27
3.0,1,9,8,28
3.0,1,9,9,28
3.0,1,9,10,28
3.0,1,9,11,28
3.0,1,9,12,28
3.0,1,9,13,28
3.0,1,9,14,28
3.0,1,9,15,28
3.0,1,10,0,27
3.0,1,10,1,27
3.0,1,10,2,27
3.0,1,10,3,27
3.0,1,10,4,27
3.0,1,10,5,27
3.0,1,10,6,27
3.0,1,10,7,28
3.0,1,10,8,28
3.0,1,10,9,28
3.0,1,10,10,28
3.0,1,10,11,28
3.0,1,10,12,28
3.0,1,10,13,28
3.0,1,10,14,29
3.0,1,10,15,29
3.0,1,11,0,27
3.0,1,11,1,27
3.0,1,11,2,27
3.0,1,11,3,27
3.0,1,11,4,27
3.0,1,11,5,28
3.0,1,11,6,28
3.0,1,11,7,28
3.0,1,11,8,28
3.0,1,11,9,28
3.0,1,11,10,28
3.0,1,11,11,28
3.0,1,11,12,28
3.0,1,11,13,29
3.0,1,11,14,29
3.0,1,11,15,29
3.0,1,12,0,27
3.0,1,12,1,27
3.0,1,12,2,27
3.0,1,12,3,27
3.0,1,12,4,28
3.0,1,12,5,28
3.0,1,12,6,28
3.0,1,12,7,28
3.0,1,12,8,28
3.0,1,12,9,28
3.0,1,12,10,28
3.0,1,12,11,28
3.0,1,12,12,29
3.0,1,12,13,29
3.0,1,12,14,29
3.0,1,12,15,29
3.0,1,13,0,27
3.0,1,13,1,27
3.0,1,13,2,27
3.0,1,13,3,28
3.0,1,13,4,28
3.0,1,13,5,28
3.0,1,13,6,28
3.0,1,13,7,28
3.0,1,13,8,28
3.0,1,13,9,28
3.0,1,13,10,28
3.0,1,13,11,29
3.0,1,13,12,29
3.0,1,13,13,29
3.0,1,13,14,29
3.0,1,13,15,29
3.0,1,14,0,27
3.0,1,14,1,27
3.0,1,14,2,28
3.0,1,14,3,28
3.0,1,14,4,28
3.0,1,14,5,28
3.0,1,14,6,28
3.0,1,14,7,28
3.0,1,14,8,28
3.0,1,14,9,28
3.0,1,14,10,29
3.0,1,14,11,29
3.0,1,14,12,29
3.0,1,14,13,29
3.0,1,14,14,29
3.0,1,14,15,29
3.0,1,15,0,27
3.0,1,15,1,28
3.0,1,15,2,28
3.0,1,15,3,28
3.0,1,15,4,28
3.0,1,15,5,28
3.0,1,15,6,28
3.0,1,15,7,28
3.0,1,15,8,28
3.0,1,15,9,29
3.0,1,15,10,29
3.0,1,15,11,29
3.0,1,15,12,29
3.0,1,15,13,29
3.0,1,15,14,29
3.0,1,15,15,29
3.0,2,0,0,26
3.0,2,0,1,26
3.0,2,0,2,26
3.0,2,0,3,26
3.0,2,0,4,26
3.0,2,0,5,26
3.0,2,0,6,26
3.0,2,0,7,27
3.0,2,0,8,27
3.0,2,0,9,27
3.0,2,0,10,27
3.0,2,0,11,27
3.0,2,0,12,27
3.0,2,0,13,27
3.0,2,0,14,27
3.0,2,0,15,27
3.0,2,1,0,26
3.0,2,1,1,26
3.0,2,1,2,26
3.0,2,1,3,26
3.0,2,1,4,26
3.0,2,1,5,26
3.0,2,1,6,27
3.0,2,1,7,27
3.0,2,1,8,27
3.0,2,1,9,27
3.0,2,1,10,27
3.0,2,1,11,27
3.0,2,1,12,27
3.0,2,1,13,27
3.0,2,1,14,28
3.0,2,1,15,28
3.0,2,2,0,26
3.0,2,2,1,26
3.0,2,2,2,26
3.0,2,2,3,26
3.0,2,2,4,26
3.0,2,2,5,27
3.0,2,2,6,27
3.0,2,2,7,27
3.0,2,2,8,27
3.0,2,2,9,27
3.0,2,2,10,27
3.0,2,2,11,27
3.0,2,2,12,27
3.0,2,2,13,28
3.0,2,2,14,28
3.0,2,2,15,28
3.0,2,3,0,26
3.0,2,3,1,26
3.0,2,3,2,26
3.0,2,3,3,26
3.0,2,3,4,27
3.0,2,3,5,27
3.0,2,3,6,27
3.0,2,3,7,27
3.0,2,3,8,27
3.0,2,3,9,27
3.0,2,3,10,27
3.0,2,3,11,27
3.0,2,3,12,28
3.0,2,3,13,28
3.0,2,3,14,28
3.0,2,3,15,28
3.0,2,4,0,26
3.0,2,4,1,26
3.0,2,4,2,27
3.0,2,4,3,27
3.0,2,4,4,27
3.0,2,4,5,27
3.0,2,4,6,27
3.0,2,4,7,27
3.0,2,4,8,27
3.0,2,4,9,27
3.0,2,4,10,28
3.0,2,4,11,28
3.0,2,4,12,28
3.0,2,4,13,28
3.0,2,4,14,28
3.0,2,4,15,28
3.0,2,5,0,26
3.0,2,5,1,27
3.0,2,5,2,27
3.0,2,5,3,27
3.0,2,5,4,27
3.0,2,5,5,27
3.0,2,5,6,27
3.0,2,5,7,27
3.0,2,5,8,27
3.0,2,5,9,28
3.0,2,5,10,28
3.0,2,5,11,28
3.0,2,5,12,28
3.0,2,5,13,28
3.0,2,5,14,28
3.0,2,5,15,28
3.0,2,6,0,27
3.0,2,6,1,27
3.0,2,6,2,27
3.0,2,6,3,27
3.0,2,6,4,27
3.0,2,6,5,27
3.0,2,6,6,27
3.0,2,6,7,27
3.0,2,6,8,28
3.0,2,6,9,28
3.0,2,6,10,28
3.0,2,6,11,28
3.0,2,6,12,28
3.0,2,6,13,28
3.0,2,6,14,28
3.0,2,6,15,28
3.0,2,7,0,27
3.0,2,7,1,27
3.0,2,7,2,27
3.0,2,7,3,27
3.0,2,7,4,27
3.0,2,7,5,27
3.0,2,7,6,27
3.0,2,7,7,28
3.0,2,7,8,28
3.0,2,7,9,28
3.0,2,7,10,28
3.0,2,7,11,28
3.0,2,7,12,28
3.0,2,7,13,28
3.0,2,7,14,29
3.0,2,7,15,29
3.0,2,8,0,27
3.0,2,8,1,27
3.0,2,8,2,27
3.0,2,8,3,27
3.0,2,8,4,27
3.0,2,8,5,28
3.0,2,8,6,28
3.0,2,8,7,28
3.0,2,8,8,28
3.0,2,8,9,28
3.0,2,8,10,28
3.0,2,8,11,28
3.0,2,8,12,28
3.0,2,8,13,29
3.0,2,8,14,29
3.0,2,8,15,29
3.0,2,9,0,27
3.0,2,9,1,27
3.0,2,9,2,27
3.0,2,9,3,27
3.0,2,9,4,28
3.0,2,9,5,28
3.0,2,9,6,28
3.0,2,9,7,28
3.0,2,9,8,28
3.0,2,9,9,28
3.0,2,9,10,28
3.0,2,9,11,28
3.0,2,9,12,29
3.0,2,9,13,29
3.0,2,9,14,29
3.0,2,9,15,29
3.0,2,10,0,27
3.0,2,10,1,27
3.0,2,10,2,27
3.0,2,10,3,28
3.0,2,10,4,28
3.0,2,10,5,28
3.0,2,10,6,28
3.0,2,10,7,28
3.0,2,10,8,28
3.0,2,10,9,28
3.0,2,10,10,28
3.0,2,10,11,29
3.0,2,10,12,29
3.0,2,10,13,29
3.0,2,10,14,29
3.0,2,10,15,29
3.0,2,11,0,27
3.0,2,11,1,27
3.0,2,11,2,28
3.0,2,11,3,28
3.0,2,11,4,28
3.0,2,11,5,28
3.0,2,11,6,28
3.0,2,11,7,28
3.0,2,11,8,28
3.0,2,11,9,28
3.0,2,11,10,29
3.0,2,11,11,29
3.0,2,11,12,29
3.0,2,11,13,29
3.0,2,11,14,29
3.0,2,11,15,29
3.0,2,12,0,27
3.0,2,12,1,28
3.0,2,12,2,28
3.0,2,12,3,28
3.0,2,12,4,28
3.0,2,12,5,28
3.0,2,12,6,28
3.0,2,12,7,28
3.0,2,12,8,29
3.0,2,12,9,29
3.0,2,12,10,29
3.0,2,12,11,29
3.0,2,12,12,29
3.0,2,12,13,29
3.0,2,12,14,29
3.0,2,12,15,29
3.0,2,13,0,28
3.0,2,13,1,28
3.0,2,13,2,28
3.0,2,13,3,28
3.0,2,13,4,28
3.0,2,13,5,28
3.0,2,13,6,28
3.0,2,13,7,29
3.0,2,13,8,29
3.0,2,13,9,29
3.0,2,13,10,29
3.0,2,13,11,29
3.0,2,13,12,29
3.0,2,13,13,29
3.0,2,13,14,29
3.0,2,13,15,30
3.0,2,14,0,28
3.0,2,14,1,28
3.0,2,14,2,28
3.0,2,14,3,28
3.0,2,14,4,28
3.0,2,14,5,28
3.0,2,14,6,29
3.0,2,14,7,29
3.0,2,14,8,29
3.0,2,14,9,29
3.0,2,14,10,29
3.0,2,14,11,29
3.0,2,14,12,29
3.0,2,14,13,29
3.0,2,14,14,30
3.0,2,14,15,30
3.0,2,15,0,28
3.0,2,15,1,28
3.0,2,15,2,28
3.0,2,15,3,28
3.0,2,15,4,28
3.0,2,15,5,29
3.0,2,15,6,29
3.0,2,15,7,29
3.0,2,15,8,29
3.0,2,15,9,29
3.0,2,15,10,29
3.0,2,15,11,29
3.0,2,15,12,30
3.0,2,15,13,30
3.0,2,15,14,30
3.0,2,15,15,30
3.0,3,0,0,26
3.0,3,0,1,26
3.0,3,0,2,26
3.0,3,0,3,26
3.0,3,0,4,27
3.0,3,0,5,27
3.0,3,0,6,27
3.0,3,0,7,27
3.0,3,0,8,27
3.0,3,0,9,27
3.0,3,0,10,27
3.0,3,0,11,27
3.0,3,0,12,28
3.0,3,0,13,28
3.0,3,0,14,28
3.0,3,0,15,28
3.0,3,1,0,26
3.0,3,1,1,26
3.0,3,1,2,26
3.0,3,1,3,27
3.0,3,1,4,27
3.0,3,1,5,27
3.0,3,1,6,27
3.0,3,1,7,27
3.0,3,1,8,27
3.0,3,1,9,27
3.0,3,1,10,27
3.0,3,1,11,28
3.0,3,1,12,28
3.0,3,1,13,28
3.0,3,1,14,28
3.0,3,1,15,28
3.0,3,2,0,26
3.0,3,2,1,26
3.0,3,2,2,27
3.0,3,2,3,27
3.0,3,2,4,27
3.0,3,2,5,27
3.0,3,2,6,27
3.0,3,2,7,27
3.0,3,2,8,27
3.0,3,2,9,28
3.0,3,2,10,28
3.0,3,2,11,28
3.0,3,2,12,28
3.0,3,2,13,28
3.0,3,2,14,28
3.0,3,2,15,28
3.0,3,3,0,27
3.0,3,3,1,27
3.0,3,3,2,27
3.0,3,3,3,27
3.0,3,3,4,27
3.0,3,3,5,27
3.0,3,3,6,27
3.0,3,3,7,27
3.0,3,3,8,28
3.0,3,3,9,28
3.0,3,3,10,28
3.0,3,3,11,28
3.0,3,3,12,28
3.0,3,3,13,28
3.0,3,3,14,28
3.0,3,3,15,28
3.0,3,4,0,27
3.0,3,4,1,27
3.0,3,4,2,27
3.0,3,4,3,27
3.0,3,4,4,27
3.0,3,4,5,27
3.0,3,4,6,27
3.0,3,4,7,28
3.0,3,4,8,28
3.0,3,4,9,28
3.0,3,4,10,28
3.0,3,4,11,28
3.0,3,4,12,28
3.0,3,4,13,28
3.0,3,4,14,28
3.0,3,4,15,29
3.0,3,5,0,27
3.0,3,5,1,27
3.0,3,5,2,27
3.0,3,5,3,27
3.0,3,5,4,27
3.0,3,5,5,27
3.0,3,5,6,28
3.0,3,5,7,28
3.0,3,5,8,28
3.0,3,5,9,28
3.0,3,5,10,28
3.0,3,5,11,28
3.0,3,5,12,28
3.0,3,5,13,29
3.0,3,5,14,29
3.0,3,5,15,29
3.0,3,6,0,27
3.0,3,6,1,27
3.0,3,6,2,27
3.0,3,6,3,27
3.0,3,6,4,28
3.0,3,6,5,28
3.0,3,6,6,28
3.0,3,6,7,28
3.0,3,6,8,28
3.0,3,6,9,28
3.0,3,6,10,28
3.0,3,6,11,28
3.0,3,6,12,29
3.0,3,6,13,29
3.0,3,6,14,29
3.0,3,6,15,29
3.0,3,7,0,27
3.0,3,7,1,27
3.0,3,7,2,27
3.0,3,7,3,28
3.0,3,7,4,28
3.0,3,7,5,28
3.0,3,7,6,28
3.0,3,7,7,28
3.0,3,7,8,28
3.0,3,7,9,28
3.0,3,7,10,28
3.0,3,7,11,29
3.0,3,7,12,29
3.0,3,7,13,29
3.0,3,7,14,29
3.0,3,7,15,29
3.0,3,8,0,27
3.0,3,8,1,27
3.0,3,8,2,28
3.0,3,8,3,28
3.0,3,8,4,28
3.0,3,8,5,28
3.0,3,8,6,28
3.0,3,8,7,28
3.0,3,8,8,28
3.0,3,8,9,29
3.0,3,8,10,29
3.0,3,8,11,29
3.0,3,8,12,29
3.0,3,8,13,29
3.0,3,8,14,29
3.0,3,8,15,29
3.0,3,9,0,27
3.0,3,9,1,28
3.0,3,9,2,28
3.0,3,9,3,28
3.0,3,9,4,28
3.0,3,9,5,28
3.0,3,9,6,28
3.0,3,9,7,28
3.0,3,9,8,29
3.0,3,9,9,29
3.0,3,9,10,29
3.0,3,9,11,29
3.0,3,9,12,29
3.0,3,9,13,29
3.0,3,9,14,29
3.0,3,9,15,29
3.0,3,10,0,28
3.0,3,10,1,28
3.0,3,10,2,28
3.0,3,10,3,28
3.0,3,10,4,28
3.0,3,10,5,28
3.0,3,10,6,28
3.0,3,10,7,29
3.0,3,10,8,29
3.0,3,10,9,29
3.0,3,10,10,29
3.0,3,10,11,29
3.0,3,10,12,29
3.0,3,10,13,29
3.0,3,10,14,29
3.0,3,10,15,30
3.0,3,11,0,28
3.0,3,11,1,28
3.0,3,11,2,28
3.0,3,11,3,28
3.0,3,11,4,28
3.0,3,11,5,28
3.0,3,11,6,29
3.0,3,11,7,29
3.0,3,11,8,29
3.0,3,11,9,29
3.0,3,11,10,29
3.0,3,11,11,29
3.0,3,11,12,29
3.0,3,11,13,30
3.0,3,11,14,30
3.0,3,11,15,30
3.0,3,12,0,28
3.0,3,12,1,28
3.0,3,12,2,28
3.0,3,12,3,28
3.0,3,12,4,28
3.0,3,12,5,29
3.0,3,12,6,29
3.0,3,12,7,29
3.0,3,12,8,29
3.0,3,12,9,29
3.0,3,12,10,29
3.0,3,12,11,29
3.0,3,12,12,30
3.0,3,12,13,30
3.0,3,12,14,30
3.0,3,12,15,30
3.0,3,13,0,28
3.0,3,13,1,28
3.0,3,13,2,28
3.0,3,13,3,28
3.0,3,13,4,29
3.0,3,13,5,29
3.0,3,13,6,29
3.0,3,13,7,29
3.0,3,13,8,29
3.0,3,13,9,29
3.0,3,13,10,29
3.0,3,13,11,30
3.0,3,13,12,30
3.0,3,13,13,30
3.0,3,13,14,30
3.0,3,13,15,30
3.0,3,14,0,28
3.0,3,14,1,28
3.0,3,14,2,28
3.0,3,14,3,29
3.0,3,14,4,29
3.0,3,14,5,29
3.0,3,14,6,29
3.0,3,14,7,29
3.0,3,14,8,29
3.0,3,14,9,29
3.0,3,14,10,30
3.0,3,14,11,30
3.0,3,14,12,30
3.0,3,14,13,30
3.0,3,14,14,30
3.0,3,14,15,30
3.0,3,15,0,28
3.0,3,15,1,28
3.0,3,15,2,29
3.0,3,15,3,29
3.0,3,15,4,29
3.0,3,15,5,29
3.0,3,15,6,29
3.0,3,15,7,29
3.0,3,15,8,29
3.0,3,15,9,30
3.0,3,15,10,30
3.0,3,15,11,30
3.0,3,15,12,30
3.0,3,15,13,30
3.0,3,15,14,30
3.0,3,15,15,30
3.0,4,0,0,26
3.0,4,0,1,27
3.0,4,0,2,27
3.0,4,0,3,27
3.0,4,0,4,27
3.0,4,0,5,27
3.0,4,0,6,27
3.0,4,0,7,27
3.0,4,0,8,28
3.0,4,0,9,28
3.0,4,0,10,28
3.0,4,0,11,28
3.0,4,0,12,28
3.0,4,0,13,28
3.0,4,0,14,28
3.0,4,0,15,28
3.0,4,1,0,27
3.0,4,1,1,27
3.0,4,1,2,27
3.0,4,1,3,27
3.0,4,1,4,27
3.0,4,1,5,27
3.0,4,1,6,27
3.0,4,1,7,28
3.0,4,1,8,28
3.0,4,1,9,28
3.0,4,1,10,28
3.0,4,1,11,28
3.0,4,1,12,28
3.0,4,1,13,28
3.0,4,1,14,28
3.0,4,1,15,29
3.0,4,2,0,27
3.0,4,2,1,27
3.0,4,2,2,27
3.0,4,2,3,27
3.0,4,2,4,27
3.0,4,2,5,27
3.0,4,2,6,28
3.0,4,2,7,28
3.0,4,2,8,28
3.0,4,2,9,28
3.0,4,2,10,28
3.0,4,2,11,28
3.0,4,2,12,28
3.0,4,2,13,28
3.0,4,2,14,29
3.0,4,2,15,29
3.0,4,3,0,27
3.0,4,3,1,27
3.0,4,3,2,27
3.0,4,3,3,27
3.0,4,3,4,27
3.0,4,3,5,28
3.0,4,3,6,28
3.0,4,3,7,28
3.0,4,3,8,28
3.0,4,3,9,28
3.0,4,3,10,28
3.0,4,3,11,28
3.0,4,3,12,29
3.0,4,3,13,29
3.0,4,3,14,29
3.0,4,3,15,29
3.0,4,4,0,27
3.0,4,4,1,27
3.0,4,4,2,27
3.0,4,4,3,28
3.0,4,4,4,28
3.0,4,4,5,28
3.0,4,4,6,28
3.0,4,4,7,28
3.0,4,4,8,28
3.0,4,4,9,28
3.0,4,4,10,28
3.0,4,4,11,29
3.0,4,4,12,29
3.0,4,4,13,29
3.0,4,4,14,29
3.0,4,4,15,29
3.0,4,5,0,27
3.0,4,5,1,27
3.0,4,5,2,28
3.0,4,5,3,28
3.0,4,5,4,28
3.0,4,5,5,28
3.0,4,5,6,28
3.0,4,5,7,28
3.0,4,5,8,28
3.0,4,5,9,28
3.0,4,5,10,29
3.0,4,5,11,29
3.0,4,5,12,29
3.0,4,5,13,29
3.0,4,5,14,29
3.0,4,5,15,29
3.0,4,6,0,27
3.0,4,6,1,28
3.0,4,6,2,28
3.0,4,6,3,28
3.0,4,6,4,28
3.0,4,6,5,28
3.0,4,6,6,28
3.0,4,6,7,28
3.0,4,6,8,29
3.0,4,6,9,29
3.0,4,6,10,29
3.0,4,6,11,29
3.0,4,6,12,29
3.0,4,6,13,29
3.0,4,6,14,29
3.0,4,6,15,29
3.0,4,7,0,28
3.0,4,7,1,28
3.0,4,7,2,28
3.0,4,7,3,28
3.0,4,7,4,28
3.0,4,7,5,28
3.0,4,7,6,28
3.0,4,7,7,29
3.0,4,7,8,29
3.0,4,7,9,29
3.0,4,7,10,29
3.0,4,7,11,29
3.0,4,7,12,29
3.0,4,7,13,29
3.0,4,7,14,29
3.0,4,7,15,30
3.0,4,8,0,28
3.0,4,8,1,28
3.0,4,8,2,28
3.0,4,8,3,28
3.0,4,8,4,28
3.0,4,8,5,28
3.0,4,8,6,29
3.0,4,8,7,29
3.0,4,8,8,29
3.0,4,8,9,29
3.0,4,8,10,29
3.0,4,8,11,29
3.0,4,8,12,29
3.0,4,8,13,29
3.0,4,8,14,30
3.0,4,8,15,30
3.0,4,9,0,28
3.0,4,9,1,28
3.0,4,9,2,28
3.0,4,9,3,28
3.0,4,9,4,28
3.0,4,9,5,29
3.0,4,9,6,29
3.0,4,9,7,29
3.0,4,9,8,29
3.0,4,9,9,29
3.0,4,9,10,29
3.0,4,9,11,29
3.0,4,9,12,30
3.0,4,9,13,30
3.0,4,9,14,30
3.0,4,9,15,30
3.0,4,10,0,28
3.0,4,10,1,28
3.0,4,10,2,28
3.0,4,10,3,28
3.0,4,10,4,29
3.0,4,10,5,29
3.0,4,10,6,29
3.0,4,10,7,29
3.0,4,10,8,29
3.0,4,10,9,29
3.0,4,10,10,29
3.0,4,10,11,30
3.0,4,10,12,30
3.0,4,10,13,30
3.0,4,10,14,30
3.0,4,10,15,30
3.0,4,11,0,28
3.0,4,11,1,28
3.0,4,11,2,28
3.0,4,11,3,29
3.0,4,11,4,29
3.0,4,11,5,29
3.0,4,11,6,29
3.0,4,11,7,29
3.0,4,11,8,29
3.0,4,11,9,29
3.0,4,11,10,30
3.0,4,11,11,30
3.0,4,11,12,30
3.0,4,11,13,30
3.0,4,11,14,30
3.0,4,11,15,30
3.0,4,12,0,28
3.0,4,12,1,29
3.0,4,12,2,29
3.0,4,12,3,29
3.0,4,12,4,29
3.0,4,12,5,29
3.0,4,12,6,29
3.0,4,12,7,29
3.0,4,12,8,29
3.0,4,12,9,30
3.0,4,12,10,30
3.0,4,12,11,30
3.0,4,12,12,30
3.0,4,12,13,30
3.0,4,12,14,30
3.0,4,12,15,30
3.0,4,13,0,29
3.0,4,13,1,29
3.0,4,13,2,29
3.0,4,13,3,29
3.0,4,13,4,29
3.0,4,13,5,29
3.0,4,13,6,29
3.0,4,13,7,29
3.0,4,13,8,30
3.0,4,13,9,30
3.0,4,13,10,30
3.0,4,13,11,30
3.0,4,13,12,30
3.0,4,13,13,30
3.0,4,13,14,30
3.0,4,13,15,31
3.0,4,14,0,29
3.0,4,14,1,29
3.0,4,14,2,29
3.0,4,14,3,29
3.0,4,14,4,29
3.0,4,14,5,29
3.0,4,14,6,30
3.0,4,14,7,30
3.0,4,14,8,30
3.0,4,14,9,30
3.0,4,14,10,30
3.0,4,14,11,30
3.0,4,14,12,30
3.0,4,14,13,30
3.0,4,14,14,31
3.0,4,14,15,31
3.0,4,15,0,29
3.0,4,15,1,29
3.0,4,15,2,29
3.0,4,15,3,29
3.0,4,15,4,29
3.0,4,15,5,30
3.0,4,15,6,30
3.0,4,15,7,30
3.0,4,15,8,30
3.0,4,15,9,30
3.0,4,15,10,30
3.0,4,15,11,30
3.0,4,15,12,30
3.0,4,15,13,31
3.0,4,15,14,31
3.0,4,15,15,31
3.0,5,0,0,27
3.0,5,0,1,27
3.0,5,0,2,27
3.0,5,0,3,27
3.0,5,0,4,27
3.0,5,0,5,28
3.0,5,0,6,28
3.0,5,0,7,28
3.0,5,0,8,28
3.0,5,0,9,28
3.0,5,0,10,28
3.0,5,0,11,28
3.0,5,0,12,28
3.0,5,0,13,29
3.0,5,0,14,29
3.0,5,0,15,29
3.0,5,1,0,27
3.0,5,1,1,27
3.0,5,1,2,27
3.0,5,1,3,27
3.0,5,1,4,28
3.0,5,1,5,28
3.0,5,1,6,28
3.0,5,1,7,28
3.0,5,1,8,28
3.0,5,1,9,28
3.0,5,1,10,28
3.0,5,1,11,29
3.0,5,1,12,29
3.0,5,1,13,29
3.0,5,1,14,29
3.0,5,1,15,29
3.0,5,2,0,27
3.0,5,2,1,27
3.0,5,2,2,28
3.0,5,2,3,28
3.0,5,2,4,28
3.0,5,2,5,28
3.0,5,2,6,28
3.0,5,2,7,28
3.0,5,2,8,28
3.0,5,2,9,28
3.0,5,2,10,29
3.0,5,2,11,29
3.0,5,2,12,29
3.0,5,2,13,29
3.0,5,2,14,29
3.0,5,2,15,29
3.0,5,3,0,27
3.0,5,3,1,28
3.0,5,3,2,28
3.0,5,3,3,28
3.0,5,3,4,28
3.0,5,3,5,28
3.0,5,3,6,28
3.0,5,3,7,28
3.0,5,3,8,28
3.0,5,3,9,29
3.0,5,3,10,29
3.0,5,3,11,29
3.0,5,3,12,29
3.0,5,3,13,29
3.0,5,3,14,29
3.0,5,3,15,29
3.0,5,4,0,28
3.0,5,4,1,28
3.0,5,4,2,28
3.0,5,4,3,28
3.0,5,4,4,28
3.0,5,4,5,28
3.0,5,4,6,28
3.0,5,4,7,29
3.0,5,4,8,29
3.0,5,4,9,29
3.0,5,4,10,29
3.0,5,4,11,29
3.0,5,4,12,29
3.0,5,4,13,29
3.0,5,4,14,29
3.0,5,4,15,30
3.0,5,5,0,28
3.0,5,5,1,28
3.0,5,5,2,28
3.0,5,5,3,28
3.0,5,5,4,28
3.0,5,5,5,28
3.0,5,5,6,29
3.0,5,5,7,29
3.0,5,5,8,29
3.0,5,5,9,29
3.0,5,5,10,29
3.0,5,5,11,29
3.0,5,5,12,29
3.0,5,5,13,29
3.0,5,5,14,30
3.0,5,5,15,30
3.0,5,6,0,28
3.0,5,6,1,28
3.0,5,6,2,28
3.0,5,6,3,28
3.0,5,6,4,28
3.0,5,6,5,29
3.0,5,6,6,29
3.0,5,6,7,29
3.0,5,6,8,29
3.0,5,6,9,29
3.0,5,6,10,29
3.0,5,6,11,29
3.0,5,6,12,30
3.0,5,6,13,30
3.0,5,6,14,30
3.0,5,6,15,30
3.0,5,7,0,28
3.0,5,7,1,28
3.0,5,7,2,28
3.0,5,7,3,28
3.0,5,7,4,29
3.0,5,7,5,29
3.0,5,7,6,29
3.0,5,7,7,29
3.0,5,7,8,29
3.0,5,7,9,29
3.0,5,7,10,29
3.0,5,7,11,30
3.0,5,7,12,30
3.0,5,7,13,30
3.0,5,7,14,30
3.0,5,7,15,30
3.0,5,8,0,28
3.0,5,8,1,28
3.0,5,8,2,28
3.0,5,8,3,29
3.0,5,8,4,29
3.0,5,8,5,29
3.0,5,8,6,29
3.0,5,8,7,29
3.0,5,8,8,29
3.0,5,8,9,29
3.0,5,8,10,30
3.0,5,8,11,30
3.0,5,8,12,30
3.0,5,8,13,30
3.0,5,8,14,30
3.0,5,8,15,30
3.0,5,9,0,28
3.0,5,9,1,28
3.0,5,9,2,29
3.0,5,9,3,29
3.0,5,9,4,29
3.0,5,9,5,29
3.0,5,9,6,29
3.0,5,9,7,29
3.0,5,9,8,29
3.0,5,9,9,30
3.0,5,9,10,30
3.0,5,9,11,30
3.0,5,9,12,30
3.0,5,9,13,30
3.0,5,9,14,30
3.0,5,9,15,30
3.0,5,10,0,29
3.0,5,10,1,29
3.0,5,10,2,29
3.0,5,10,3,29
3.0,5,10,4,29
3.0,5,10,5,29
3.0,5,10,6,29
3.0,5,10,7,29
3.0,5,10,8,30
3.0,5,10,9,30
3.0,5,10,10,30
3.0,5,10,11,30
3.0,5,10,12,30
3.0,5,10,13,30
3.0,5,10,14,30
3.0,5,10,15,31
3.0,5,11,0,29
3.0,5,11,1,29
3.0,5,11,2,29
3.0,5,11,3,29
3.0,5,11,4,29
3.0,5,11,5,29
3.0,5,11,6,30
3.0,5,11,7,30
3.0,5,11,8,30
3.0,5,11,9,30
3.0,5,11,10,30
3.0,5,11,11,30
3.0,5,11,12,30
3.0,5,11,13,30
3.0,5,11,14,31
3.0,5,11,15,31
3.0,5,12,0,29
3.0,5,12,1,29
3.0,5,12,2,29
3.0,5,12,3,29
3.0,5,12,4,29
3.0,5,12,5,30
3.0,5,12,6,30
3.0,5,12,7,30
3.0,5,12,8,30
3.0,5,12,9,30
3.0,5,12,10,30
3.0,5,12,11,30
3.0,5,12,12,30
3.0,5,12,13,31
3.0,5,12,14,31
3.0,5,12,15,31
3.0,5,13,0,29
3.0,5,13,1,29
3.0,5,13,2,29
3.0,5,13,3,29
3.0,5,13,4,30
3.0,5,13,5,30
3.0,5,13,6,30
3.0,5,13,7,30
3.0,5,13,8,30
3.0,5,13,9,30
3.0,5,13,10,30
3.0,5,13,11,31
3.0,5,13,12,31
3.0,5,13,13,31
3.0,5,13,14,31
3.0,5,13,15,31
3.0,5,14,0,29
3.0,5,14,1,29
3.0,5,14,2,29
3.0,5,14,3,30
3.0,5,14,4,30
3.0,5,14,5,30
3.0,5,14,6,30
3.0,5,14,7,30
3.0,5,14,8,30
3.0,5,14,9,30
3.0,5,14,10,31
3.0,5,14,11,31
3.0,5,14,12,31
3.0,5,14,13,31
3.0,5,14,14,31
3.0,5,14,15,31
3.0,5,15,0,29
3.0,5,15,1,29
3.0,5,15,2,30
3.0,5,15,3,30
3.0,5,15,4,30
3.0,5,15,5,30
3.0,5,15,6,30
3.0,5,15,7,30
3.0,5,15,8,30
3.0,5,15,9,31
3.0,5,15,10,31
3.0,5,15,11,31
3.0,5,15,12,31
3.0,5,15,13,31
3.0,5,15,14,31
3.0,5,15,15,31
3.0,6,0,0,27
3.0,6,0,1,27
3.0,6,0,2,28
3.0,6,0,3,28
3.0,6,0,4,28
3.0,6,0,5,28
3.0,6,0,6,28
3.0,6,0,7,28
3.0,6,0,8,28
3.0,6,0,9,29
3.0,6,0,10,29
3.0,6,0,11,29
3.0,6,0,12,29
3.0,6,0,13,29
3.0,6,0,14,29
3.0,6,0,15,29
3.0,6,1,0,28
3.0,6,1,1,28
3.0,6,1,2,28
3.0,6,1,3,28
3.0,6,1,4,28
3.0,6,1,5,28
3.0,6,1,6,28
3.0,6,1,7,28
3.0,6,1,8,29
3.0,6,1,9,29
3.0,6,1,10,29
3.0,6,1,11,29
3.0,6,1,12,29
3.0,6,1,13,29
3.0,6,1,14,29
3.0,6,1,15,29
3.0,6,2,0,28
3.0,6,2,1,28
3.0,6,2,2,28
3.0,6,2,3,28
3.0,6,2,4,28
3.0,6,2,5,28
3.0,6,2,6,28
3.0,6,2,7,29
3.0,6,2,8,29
3.0,6,2,9,29
3.0,6,2,10,29
3.0,6,2,11,29
3.0,6,2,12,29
3.0,6,2,13,29
3.0,6,2,14,30
3.0,6,2,15,30
3.0,6,3,0,28
3.0,6,3,1,28
3.0,6,3,2,28
3.0,6,3,3,28
3.0,6,3,4,28
3.0,6,3,5,29
3.0,6,3,6,29
3.0,6,3,7,29
3.0,6,3,8,29
3.0,6,3,9,29
3.0,6,3,10,29
3.0,6,3,11,29
3.0,6,3,12,29
3.0,6,3,13,30
3.0,6,3,14,30
3.0,6,3,15,30
3.0,6,4,0,28
3.0,6,4,1,28
3.0,6,4,2,28
3.0,6,4,3,28
3.0,6,4,4,29
3.0,6,4,5,29
3.0,6,4,6,29
3.0,6,4,7,29
3.0,6,4,8,29
3.0,6,4,9,29
3.0,6,4,10,29
3.0,6,4,11,29
3.0,6,4,12,30
3.0,6,4,13,30
3.0,6,4,14,30
3.0,6,4,15,30
3.0,6,5,0,28
3.0,6,5,1,28
3.0,6,5,2,28
3.0,6,5,3,29
3.0,6,5,4,29
3.0,6,5,5,29
3.0,6,5,6,29
3.0,6,5,7,29
3.0,6,5,8,29
3.0,6,5,9,29
3.0,6,5,10,30
3.0,6,5,11,30
3.0,6,5,12,30
3.0,6,5,13,30
3.0,6,5,14,30
3.0,6,5,15,30
3.0,6,6,0,28
3.0,6,6,1,28
3.0,6,6,2,29
3.0,6,6,3,29
3.0,6,6,4,29
3.0,6,6,5,29
3.0,6,6,6,29
3.0,6,6,7,29
3.0,6,6,8,29
3.0,6,6,9,30
3.0,6,6,10,30
3.0,6,6,11,30
3.0,6,6,12,30
3.0,6,6,13,30
3.0,6,6,14,30
3.0,6,6,15,30
3.0,6,7,0,28
3.0,6,7,1,29
3.0,6,7,2,29
3.0,6,7,3,29
3.0,6,7,4,29
3.0,6,7,5,29
3.0,6,7,6,29
3.0,6,7,7,29
3.0,6,7,8,30
3.0,6,7,9,30
3.0,6,7,10,30
3.0,6,7,11,30
3.0,6,7,12,30
3.0,6,7,13,30
3.0,6,7,14,30
3.0,6,7,15,31
3.0,6,8,0,29
3.0,6,8,1,29
3.0,6,8,2,29
3.0,6,8,3,29
3.0,6,8,4,29
3.0,6,8,5,29
3.0,6,8,6,29
3.0,6,8,7,30
3.0,6,8,8,30
3.0,6,8,9,30
3.0,6,8,10,30
3.0,6,8,11,30
3.0,6,8,12,30
3.0,6,8,13,30
3.0,6,8,14,31
3.0,6,8,15,31
3.0,6,9,0,29
3.0,6,9,1,29
3.0,6,9,2,29
3.0,6,9,3,29
3.0,6,9,4,29
3.0,6,9,5,30
3.0,6,9,6,30
3.0,6,9,7,30
3.0,6,9,8,30
3.0,6,9,9,30
3.0,6,9,10,30
3.0,6,9,11,30
3.0,6,9,12,30
3.0,6,9,13,31
3.0,6,9,14,31
3.0,6,9,15,31
3.0,6,10,0,29
3.0,6,10,1,29
3.0,6,10,2,29
3.0,6,10,3,29
3.0,6,10,4,30
3.0,6,10,5,30
3.0,6,10,6,30
3.0,6,10,7,30
3.0,6,10,8,30
3.0,6,10,9,30
3.0,6,10,10,30
3.0,6,10,11,31
3.0,6,10,12,31
3.0,6,10,13,31
3.0,6,10,14,31
3.0,6,10,15,31
3.0,6,11,0,29
3.0,6,11,1,29
3.0,6,11,2,29
3.0,6,11,3,30
3.0,6,11,4,30
3.0,6,11,5,30
3.0,6,11,6,30
3.0,6,11,7,30
3.0,6,11,8,30
3.0,6,11,9,30
3.0,6,11,10,31
3.0,6,11,11,31
3.0,6,11,12,31
3.0,6,11,13,31
3.0,6,11,14,31
3.0,6,11,15,31
3.0,6,12,0,29
3.0,6,12,1,29
3.0,6,12,2,30
3.0,6,12,3,30
3.0,6,12,4,30
3.0,6,12,5,30
3.0,6,12,6,30
3.0,6,12,7,30
3.0,6,12,8,30
3.0,6,12,9,31
3.0,6,12,10,31
3.0,6,12,11,31
3.0,6,12,12,31
3.0,6,12,13,31
3.0,6,12,14,31
3.0,6,12,15,31
3.0,6,13,0,29
3.0,6,13,1,30
3.0,6,13,2,30
3.0,6,13,3,30
3.0,6,13,4,30
3.0,6,13,5,30
3.0,6,13,6,30
3.0,6,13,7,30
3.0,6,13,8,31
3.0,6,13,9,31
3.0,6,13,10,31
3.0,6,13,11,31
3.0,6,13,12,31
3.0,6,13,13,31
3.0,6,13,14,31
3.0,6,13,15,32
3.0,6,14,0,30
3.0,6,14,1,30
3.0,6,14,2,30
3.0,6,14,3,30
3.0,6,14,4,30
3.0,6,14,5,30
3.0,6,14,6,30
3.0,6,14,7,31
3.0,6,14,8,31
3.0,6,14,9,31
3.0,6,14,10,31
3.0,6,14,11,31
3.0,6,14,12,31
3.0,6,14,13,31
3.0,6,14,14,32
3.0,6,14,15,32
3.0,6,15,0,30
3.0,6,15,1,30
3.0,6,15,2,30
3.0,6,15,3,30
3.0,6,15,4,30
3.0,6,15,5,30
3.0,6,15,6,31
3.0,6,15,7,31
3.0,6,15,8,31
3.0,6,15,9,31
3.0,6,15,10,31
3.0,6,15,11,31
3.0,6,15,12,31
3.0,6,15,13,32
3.0,6,15,14,32
3.0,6,15,15,32
3.0,7,0,0,28
3.0,7,0,1,28
3.0,7,0,2,28
3.0,7,0,3,28
3.0,7,0,4,28
3.0,7,0,5,28
3.0,7,0,6,29
3.0,7,0,7,29
3.0,7,0,8,29
3.0,7,0,9,29
3.0,7,0,10,29
3.0,7,0,11,29
3.0,7,0,12,29
3.0,7,0,13,30
3.0,7,0,14,30
3.0,7,0,15,30
3.0,7,1,0,28
3.0,7,1,1,28
3.0,7,1,2,28
3.0,7,1,3,28
3.0,7,1,4,28
3.0,7,1,5,29
3.0,7,1,6,29
3.0,7,1,7,29
3.0,7,1,8,29
3.0,7,1,9,29
3.0,7,1,10,29
3.0,7,1,11,29
3.0,7,1,12,30
3.0,7,1,13,30
3.0,7,1,14,30
3.0,7,1,15,30
3.0,7,2,0,28
3.0,7,2,1,28
3.0,7,2,2,28
3.0,7,2,3,29
3.0,7,2,4,29
3.0,7,2,5,29
3.0,7,2,6,29
3.0,7,2,7,29
3.0,7,2,8,29
3.0,7,2,9,29
3.0,7,2,10,29
3.0,7,2,11,30
3.0,7,2,12,30
3.0,7,2,13,30
3.0,7,2,14,30
3.0,7,2,15,30
3.0,7,3,0,28
3.0,7,3,1,28
3.0,7,3,2,29
3.0,7,3,3,29
3.0,7,3,4,29
3.0,7,3,5,29
3.0,7,3,6,29
3.0,7,3,7,29
3.0,7,3,8,29
3.0,7,3,9,30
3.0,7,3,10,30
3.0,7,3,11,30
3.0,7,3,12,30
3.0,7,3,13,30
3.0,7,3,14,30
3.0,7,3,15,30
3.0,7,4,0,28
3.0,7,4,1,29
3.0,7,4,2,29
3.0,7,4,3,29
3.0,7,4,4,29
3.0,7,4,5,29
3.0,7,4,6,29
3.0,7,4,7,29
3.0,7,4,8,30
3.0,7,4,9,30
3.0,7,4,10,30
3.0,7,4,11,30
3.0,7,4,12,30
3.0,7,4,13,30
3.0,7,4,14,30
3.0,7,4,15,30
3.0,7,5,0,29
3.0,7,5,1,29
3.0,7,5,2,29
3.0,7,5,3,29
3.0,7,5,4,29
3.0,7,5,5,29
3.0,7,5,6,29
3.0,7,5,7,30
3.0,7,5,8,30
3.0,7,5,9,30
3.0,7,5,10,30
3.0,7,5,11,30
3.0,7,5,12,30
3.0,7,5,13,30
3.0,7,5,14,31
3.0,7,5,15,31
3.0,7,6,0,29
3.0,7,6,1,29
3.0,7,6,2,29
3.0,7,6,3,29
3.0,7,6,4,29
3.0,7,6,5,29
3.0,7,6,6,30
3.0,7,6,7,30
3.0,7,6,8,30
3.0,7,6,9,30
3.0,7,6,10,30
3.0,7,6,11,30
3.0,7,6,12,30
3.0,7,6,13,31
3.0,7,6,14,31
3.0,7,6,15,31
3.0,7,7,0,29
3.0,7,7,1,29
3.0,7,7,2,29
3.0,7,7,3,29
3.0,7,7,4,30
3.0,7,7,5,30
3.0,7,7,6,30
3.0,7,7,7,30
3.0,7,7,8,30
3.0,7,7,9,30
3.0,7,7,10,30
3.0,7,7,11,30
3.0,7,7,12,31
3.0,7,7,13,31
3.0,7,7,14,31
3.0,7,7,15,31
3.0,7,8,0,29
3.0,7,8,1,29
3.0,7,8,2,29
3.0,7,8,3,30
3.0,7,8,4,30
3.0,7,8,5,30
3.0,7,8,6,30
3.0,7,8,7,30
3.0,7,8,8,30
3.0,7,8,9,30
3.0,7,8,10,31
3.0,7,8,11,31
3.0,7,8,12,31
3.0,7,8,13,31
3.0,7,8,14,31
3.0,7,8,15,31
3.0,7,9,0,29
3.0,7,9,1,29
3.0,7,9,2,30
3.0,7,9,3,30
3.0,7,9,4,30
3.0,7,9,5,30
3.0,7,9,6,30
3.0,7,9,7,30
3.0,7,9,8,30
3.0,7,9,9,31
3.0,7,9,10,31
3.0,7,9,11,31
3.0,7,9,12,31
3.0,7,9,13,31
3.0,7,9,14,31
3.0,7,9,15,31
3.0,7,10,0,29
3.0,7,10,1,30
3.0,7,10,2,30
3.0,7,10,3,30
3.0,7,10,4,30
3.0,7,10,5,30
3.0,7,10,6,30
3.0,7,10,7,30
3.0,7,10,8,31
3.0,7,10,9,31
3.0,7,10,10,31
3.0,7,10,11,31
3.0,7,10,12,31
3.0,7,10,13,31
3.0,7,10,14,31
3.0,7,10,15,32
3.0,7,11,0,30
3.0,7,11,1,30
3.0,7,11,2,30
3.0,7,11,3,30
3.0,7,11,4,30
3.0,7,11,5,30
3.0,7,11,6,30
3.0,7,11,7,31
3.0,7,11,8,31
3.0,7,11,9,31
3.0,7,11,10,31
3.0,7,11,11,31
3.0,7,11,12,31
3.0,7,11,13,31
3.0,7,11,14,32
3.0,7,11,15,32
3.0,7,12,0,30
3.0,7,12,1,30
3.0,7,12,2,30
3.0,7,12,3,30
3.0,7,12,4,30
3.0,7,12,5,30
3.0,7,12,6,31
3.0,7,12,7,31
3.0,7,12,8,31
3.0,7,12,9,31
3.0,7,12,10,31
3.0,7,12,11,31
3.0,7,12,12,31
3.0,7,12,13,32
3.0,7,12,14,32
3.0,7,12,15,32
3.0,7,13,0,30
3.0,7,13,1,30
3.0,7,13,2,30
3.0,7,13,3,30
3.0,7,13,4,30
3.0,7,13,5,31
3.0,7,13,6,31
3.0,7,13,7,31
3.0,7,13,8,31
3.0,7,13,9,31
3.0,7,13,10,31
3.0,7,13,11,31
3.0,7,13,12,32
3.0,7,13,13,32
3.0,7,13,14,32
3.0,7,13,15,32
3.0,7,14,0,30
3.0,7,14,1,30
3.0,7,14,2,30
3.0,7,14,3,30
3.0,7,14,4,31
3.0,7,14,5,31
3.0,7,14,6,31
3.0,7,14,7,31
3.0,7,14,8,31
3.0,7,14,9,31
3.0,7,14,10,32
3.0,7,14,11,32
3.0,7,14,12,32
3.0,7,14,13,32
3.0,7,14,14,32
3.0,7,14,15,32
3.0,7,15,0,30
3.0,7,15,1,30
3.0,7,15,2,31
3.0,7,15,3,31
3.0,7,15,4,31
3.0,7,15,5,31
3.0,7,15,6,31
3.0,7,15,7,31
3.0,7,15,8,31
3.0,7,15,9,32
3.0,7,15,10,32
3.0,7,15,11,32
3.0,7,15,12,32
3.0,7,15,13,32
3.0,7,15,14,32
3.0,7,15,15,32
3.0,8,0,0,28
3.0,8,0,1,28
3.0,8,0,2,28
3.0,8,0,3,29
3.0,8,0,4,29
3.0,8,0,5,29
3.0,8,0,6,29
3.0,8,0,7,29
3.0,8,0,8,29
3.0,8,0,9,29
3.0,8,0,10,30
3.0,8,0,11,30
3.0,8,0,12,30
3.0,8,0,13,30
3.0,8,0,14,30
3.0,8,0,15,30
3.0,8,1,0,28
3.0,8,1,1,29
3.0,8,1,2,29
3.0,8,1,3,29
3.0,8,1,4,29
3.0,8,1,5,29
3.0,8,1,6,29
3.0,8,1,7,29
3.0,8,1,8,29
3.0,8,1,9,30
3.0,8,1,10,30
3.0,8,1,11,30
3.0,8,1,12,30
3.0,8,1,13,30
3.0,8,1,14,30
3.0,8,1,15,30
3.0,8,2,0,29
3.0,8,2,1,29
3.0,8,2,2,29
3.0,8,2,3,29
3.0,8,2,4,29
3.0,8,2,5,29
3.0,8,2,6,29
3.0,8,2,7,30
3.0,8,2,8,30
3.0,8,2,9,30
3.0,8,2,10,30
3.0,8,2,11,30
3.0,8,2,12,30
3.0,8,2,13,30
3.0,8,2,14,30
3.0,8,2,15,31
3.0,8,3,0,29
3.0,8,3,1,29
3.0,8,3,2,29
3.0,8,3,3,29
3.0,8,3,4,29
3.0,8,3,5,29
3.0,8,3,6,30
3.0,8,3,7,30
3.0,8,3,8,30
3.0,8,3,9,30
3.0,8,3,10,30
3.0,8,3,11,30
3.0,8,3,12,30
3.0,8,3,13,31
3.0,8,3,14,31
3.0,8,3,15,31
3.0,8,4,0,29
3.0,8,4,1,29
3.0,8,4,2,29
3.0,8,4,3,29
3.0,8,4,4,29
3.0,8,4,5,30
3.0,8,4,6,30
3.0,8,4,7,30
3.0,8,4,8,30
3.0,8,4,9,30
3.0,8,4,10,30
3.0,8,4,11,30
3.0,8,4,12,31
3.0,8,4,13,31
3.0,8,4,14,31
3.0,8,4,15,31
3.0,8,5,0,29
3.0,8,5,1,29
3.0,8,5,2,29
3.0,8,5,3,29
3.0,8,5,4,30
3.0,8,5,5,30
3.0,8,5,6,30
3.0,8,5,7,30
3.0,8,5,8,30
3.0,8,5,9,30
3.0,8,5,10,30
3.0,8,5,11,31
3.0,8,5,12,31
3.0,8,5,13,31
3.0,8,5,14,31
3.0,8,5,15,31
3.0,8,6,0,29
3.0,8,6,1,29
3.0,8,6,2,29
3.0,8,6,3,30
3.0,8,6,4,30
3.0,8,6,5,30
3.0,8,6,6,30
3.0,8,6,7,30
3.0,8,6,8,30
3.0,8,6,9,30
3.0,8,6,10,31
3.0,8,6,11,31
3.0,8,6,12,31
3.0,8,6,13,31
3.0,8,6,14,31
3.0,8,6,15,31
3.0,8,7,0,29
3.0,8,7,1,30
3.0,8,7,2,30
3.0,8,7,3,30
3.0,8,7,4,30
3.0,8,7,5,30
3.0,8,7,6,30
3.0,8,7,7,30
3.0,8,7,8,31
3.0,8,7,9,31
3.0,8,7,10,31
3.0,8,7,11,31
3.0,8,7,12,31
3.0,8,7,13,31
3.0,8,7,14,31
3.0,8,7,15,31
3.0,8,8,0,30
3.0,8,8,1,30
3.0,8,8,2,30
3.0,8,8,3,30
3.0,8,8,4,30
3.0,8,8,5,30
3.0,8,8,6,30
3.0,8,8,7,31
3.0,8,8,8,31
3.0,8,8,9,31
3.0,8,8,10,31
3.0,8,8,11,31
3.0,8,8,12,31
3.0,8,8,13,31
3.0,8,8,14,32
3.0,8,8,15,32
3.0,8,9,0,30
3.0,8,9,1,30
3.0,8,9,2,30
3.0,8,9,3,30
3.0,8,9,4,30
3.0,8,9,5,30
3.0,8,9,6,31
3.0,8,9,7,31
3.0,8,9,8,31
3.0,8,9,9,31
3.0,8,9,10,31
3.0,8,9,11,31
3.0,8,9,12,31
3.0,8,9,13,32
3.0,8,9,14,32
3.0,8,9,15,32
3.0,8,10,0,30
3.0,8,10,1,30
3.0,8,10,2,30
3.0,8,10,3,30
3.0,8,10,4,30
3.0,8,10,5,31
3.0,8,10,6,31
3.0,8,10,7,31
3.0,8,10,8,31
3.0,8,10,9,31
3.0,8,10,10,31
3.0,8,10,11,31
3.0,8,10,12,32
3.0,8,10,13,32
3.0,8,10,14,32
3.0,8,10,15,32
3.0,8,11,0,30
3.0,8,11,1,30
3.0,8,11,2,30
3.0,8,11,3,30
3.0,8,11,4,31
3.0,8,11,5,31
3.0,8,11,6,31
3.0,8,11,7,31
3.0,8,11,8,31
3.0,8,11,9,31
3.0,8,11,10,31
3.0,8,11,11,32
3.0,8,11,12,32
3.0,8,11,13,32
3.0,8,11,14,32
3.0,8,11,15,32
3.0,8,12,0,30
3.0,8,12,1,30
3.0,8,12,2,30
3.0,8,12,3,31
3.0,8,12,4,31
3.0,8,12,5,31
3.0,8,12,6,31
3.0,8,12,7,31
3.0,8,12,8,31
3.0,8,12,9,32
3.0,8,12,10,32
3.0,8,12,11,32
3.0,8,12,12,32
3.0,8,12,13,32
3.0,8,12,14,32
3.0,8,12,15,32
3.0,8,13,0,30
3.0,8,13,1,31
3.0,8,13,2,31
3.0,8,13,3,31
3.0,8,13,4,31
3.0,8,13,5,31
3.0,8,13,6,31
3.0,8,13,7,31
3.0,8,13,8,32
3.0,8,13,9,32
3.0,8,13,10,32
3.0,8,13,11,32
3.0,8,13,12,32
3.0,8,13,13,32
3.0,8,13,14,32
3.0,8,13,15,33
3.0,8,14,0,31
3.0,8,14,1,31
3.0,8,14,2,31
3.0,8,14,3,31
3.0,8,14,4,31
3.0,8,14,5,31
3.0,8,14,6,31
3.0,8,14,7,32
3.0,8,14,8,32
3.0,8,14,9,32
3.0,8,14,10,32
3.0,8,14,11,32
3.0,8,14,12,32
3.0,8,14,13,32
3.0,8,14,14,33
3.0,8,14,15,33
3.0,8,15,0,31
3.0,8,15,1,31
3.0,8,15,2,31
3.0,8,15,3,31
3.0,8,15,4,31
3.0,8,15,5,31
3.0,8,15,6,32
3.0,8,15,7,32
3.0,8,15,8,32
3.0,8,15,9,32
3.0,8,15,10,32
3.0,8,15,11,32
3.0,8,15,12,32
3.0,8,15,13,33
3.0,8,15,14,33
3.0,8,15,15,33
3.0,9,0,0,29
3.0,9,0,1,29
3.0,9,0,2,29
3.0,9,0,3,29
3.0,9,0,4,29
3.0,9,0,5,29
3.0,9,0,6,29
3.0,9,0,7,30
3.0,9,0,8,30
3.0,9,0,9,30
3.0,9,0,10,30
3.0,9,0,11,30
3.0,9,0,12,30
3.0,9,0,13,30
3.0,9,0,14,31
3.0,9,0,15,31
3.0,9,1,0,29
3.0,9,1,1,29
3.0,9,1,2,29
3.0,9,1,3,29
3.0,9,1,4,29
3.0,9,1,5,30
3.0,9,1,6,30
3.0,9,1,7,30
3.0,9,1,8,30
3.0,9,1,9,30
3.0,9,1,10,30
3.0,9,1,11,30
3.0,9,1,12,30
3.0,9,1,13,31
3.0,9,1,14,31
3.0,9,1,15,31
3.0,9,2,0,29
3.0,9,2,1,29
3.0,9,2,2,29
3.0,9,2,3,29
3.0,9,2,4,30
3.0,9,2,5,30
3.0,9,2,6,30
3.0,9,2,7,30
3.0,9,2,8,30
3.0,9,2,9,30
3.0,9,2,10,30
3.0,9,2,11,31
3.0,9,2,12,31
3.0,9,2,13,31
3.0,9,2,14,31
3.0,9,2,15,31
3.0,9,3,0,29
3.0,9,3,1,29
3.0,9,3,2,29
3.0,9,3,3,30
3.0,9,3,4,30
3.0,9,3,5,30
3.0,9,3,6,30
3.0,9,3,7,30
3.0,9,3,8,30
3.0,9,3,9,30
3.0,9,3,10,31
3.0,9,3,11,31
3.0,9,3,12,31
3.0,9,3,13,31
3.0,9,3,14,31
3.0,9,3,15,31
3.0,9,4,0,29
3.0,9,4,1,29
3.0,9,4,2,30
3.0,9,4,3,30
3.0,9,4,4,30
3.0,9,4,5,30
3.0,9,4,6,30
3.0,9,4,7,30
3.0,9,4,8,30
3.0,9,4,9,31
3.0,9,4,10,31
3.0,9,4,11,31
3.0,9,4,12,31
3.0,9,4,13,31
3.0,9,4,14,31
3.0,9,4,15,31
3.0,9,5,0,29
3.0,9,5,1,30
3.0,9,5,2,30
3.0,9,5,3,30
3.0,9,5,4,30
3.0,9,5,5,30
3.0,9,5,6,30
3.0,9,5,7,30
3.0,9,5,8,31
3.0,9,5,9,31
3.0,9,5,10,31
3.0,9,5,11,31
3.0,9,5,12,31
3.0,9,5,13,31
3.0,9,5,14,31
3.0,9,5,15,32
3.0,9,6,0,30
3.0,9,6,1,30
3.0,9,6,2,30
3.0,9,6,3,30
3.0,9,6,4,30
3.0,9,6,5,30
3.0,9,6,6,31
3.0,9,6,7,31
3.0,9,6,8,31
3.0,9,6,9,31
3.0,9,6,10,31
3.0,9,6,11,31
3.0,9,6,12,31
3.0,9,6,13,32
3.0,9,6,14,32
3.0,9,6,15,32
3.0,9,7,0,30
3.0,9,7,1,30
3.0,9,7,2,30
3.0,9,7,3,30
3.0,9,7,4,30
3.0,9,7,5,31
3.0,9,7,6,31
3.0,9,7,7,31
3.0,9,7,8,31
3.0,9,7,9,31
3.0,9,7,10,31
3.0,9,7,11,31
3.0,9,7,12,32
3.0,9,7,13,32
3.0,9,7,14,32
3.0,9,7,15,32
3.0,9,8,0,30
3.0,9,8,1,30
3.0,9,8,2,30
3.0,9,8,3,30
3.0,9,8,4,31
3.0,9,8,5,31
3.0,9,8,6,31
3.0,9,8,7,31
3.0,9,8,8,31
3.0,9,8,9,31
3.0,9,8,10,31
3.0,9,8,11,32
3.0,9,8,12,32
3.0,9,8,13,32
3.0,9,8,14,32
3.0,9,8,15,32
3.0,9,9,0,30
3.0,9,9,1,30
3.0,9,9,2,30
3.0,9,9,3,31
3.0,9,9,4,31
3.0,9,9,5,31
3.0,9,9,6,31
3.0,9,9,7,31
3.0,9,9,8,31
3.0,9,9,9,31
3.0,9,9,10,32
3.0,9,9,11,32
3.0,9,9,12,32
3.0,9,9,13,32
3.0,9,9,14,32
3.0,9,9,15,32
3.0,9,10,0,30
3.0,9,10,1,30
3.0,9,10,2,31
3.0,9,10,3,31
3.0,9,10,4,31
3.0,9,10,5,31
3.0,9,10,6,31
3.0,9,10,7,31
3.0,9,10,8,32
3.0,9,10,9,32
3.0,9,10,10,32
3.0,9,10,11,32
3.0,9,10,12,32
3.0,9,10,13,32
3.0,9,10,14,32
3.0,9,10,15,33
3.0,9,11,0,30
3.0,9,11,1,31
3.0,9,11,2,31
3.0,9,11,3,31
3.0,9,11,4,31
3.0,9,11,5,31
3.0,9,11,6,31
3.0,9,11,7,32
3.0,9,11,8,32
3.0,9,11,9,32
3.0,9,11,10,32
3.0,9,11,11,32
3.0,9,11,12,32
3.0,9,11,13,32
3.0,9,11,14,33
3.0,9,11,15,33
3.0,9,12,0,31
3.0,9,12,1,31
3.0,9,12,2,31
3.0,9,12,3,31
3.0,9,12,4,31
3.0,9,12,5,31
3.0,9,12,6,32
3.0,9,12,7,32
3.0,9,12,8,32
3.0,9,12,9,32
3.0,9,12,10,32
3.0,9,12,11,32
3.0,9,12,12,32
3.0,9,12,13,33
3.0,9,12,14,33
3.0,9,12,15,33
3.0,9,13,0,31
3.0,9,13,1,31
3.0,9,13,2,31
3.0,9,13,3,31
3.0,9,13,4,31
3.0,9,13,5,32
3.0,9,13,6,32
3.0,9,13,7,32
3.0,9,13,8,32
3.0,9,13,9,32
3.0,9,13,10,32
3.0,9,13,11,32
3.0,9,13,12,33
3.0,9,13,13,33
3.0,9,13,14,33
3.0,9,13,15,33
3.0,9,14,0,31
3.0,9,14,1,31
3.0,9,14,2,31
3.0,9,14,3,31
3.0,9,14,4,32
3.0,9,14,5,32
3.0,9,14,6,32
3.0,9,14,7,32
3.0,9,14,8,32
3.0,9,14,9,32
3.0,9,14,10,32
3.0,9,14,11,33
3.0,9,14,12,33
3.0,9,14,13,33
3.0,9,14,14,33
3.0,9,14,15,33
3.0,9,15,0,31
3.0,9,15,1,31
3.0,9,15,2,31
3.0,9,15,3,32
3.0,9,15,4,32
3.0,9,15,5,32
3.0,9,15,6,32
3.0,9,15,7,32
3.0,9,15,8,32
3.0,9,15,9,33
3.0,9,15,10,33
3.0,9,15,11,33
3.0,9,15,12,33
3.0,9,15,13,33
3.0,9,15,14,33
3.0,9,15,15,33
3.0,10,0,0,29
3.0,10,0,1,29
3.0,10,0,2,29
3.0,10,0,3,29
3.0,10,0,4,30
3.0,10,0,5,30
3.0,10,0,6,30
3.0,10,0,7,30
3.0,10,0,8,30
3.0,10,0,9,30
3.0,10,0,10,30
3.0,10,0,11,31
3.0,10,0,12,31
3.0,10,0,13,31
3.0,10,0,14,31
3.0,10,0,15,31
3.0,10,1,0,29
3.0,10,1,1,29
3.0,10,1,2,30
3.0,10,1,3,30
3.0,10,1,4,30
3.0,10,1,5,30
3.0,10,1,6,30
3.0,10,1,7,30
3.0,10,1,8,30
3.0,10,1,9,31
3.0,10,1,10,31
3.0,10,1,11,31
3.0,10,1,12,31
3.0,10,1,13,31
3.0,10,1,14,31
3.0,10,1,15,31
3.0,10,2,0,29
3.0,10,2,1,30
3.0,10,2,2,30
3.0,10,2,3,30
3.0,10,2,4,30
3.0,10,2,5,30
3.0,10,2,6,30
3.0,10,2,7,30
3.0,10,2,8,31
3.0,10,2,9,31
3.0,10,2,10,31
3.0,10,2,11,31
3.0,10,2,12,31
3.0,10,2,13,31
3.0,10,2,14,31
3.0,10,2,15,32
3.0,10,3,0,30
3.0,10,3,1,30
3.0,10,3,2,30
3.0,10,3,3,30
3.0,10,3,4,30
3.0,10,3,5,30
3.0,10,3,6,30
3.0,10,3,7,31
3.0,10,3,8,31
3.0,10,3,9,31
3.0,10,3,10,31
3.0,10,3,11,31
3.0,10,3,12,31
3.0,10,3,13,31
3.0,10,3,14,32
3.0,10,3,15,32
3.0,10,4,0,30
3.0,10,4,1,30
3.0,10,4,2,30
3.0,10,4,3,30
3.0,10,4,4,30
3.0,10,4,5,30
3.0,10,4,6,31
3.0,10,4,7,31
3.0,10,4,8,31
3.0,10,4,9,31
3.0,10,4,10,31
3.0,10,4,11,31
3.0,10,4,12,31
3.0,10,4,13,32
3.0,10,4,14,32
3.0,10,4,15,32
3.0,10,5,0,30
3.0,10,5,1,30
3.0,10,5,2,30
3.0,10,5,3,30
3.0,10,5,4,31
3.0,10,5,5,31
3.0,10,5,6,31
3.0,10,5,7,31
3.0,10,5,8,31
3.0,10,5,9,31
3.0,10,5,10,31
3.0,10,5,11,32
3.0,10,5,12,32
3.0,10,5,13,32
3.0,10,5,14,32
3.0,10,5,15,32
3.0,10,6,0,30
3.0,10,6,1,30
3.0,10,6,2,30
3.0,10,6,3,31
3.0,10,6,4,31
3.0,10,6,5,31
3.0,10,6,6,31
3.0,10,6,7,31
3.0,10,6,8,31
3.0,10,6,9,31
3.0,10,6,10,32
3.0,10,6,11,32
3.0,10,6,12,32
3.0,10,6,13,32
3.0,10,6,14,32
3.0,10,6,15,32
3.0,10,7,0,30
3.0,10,7,1,30
3.0,10,7,2,31
3.0,10,7,3,31
3.0,10,7,4,31
3.0,10,7,5,31
3.0,10,7,6,31
3.0,10,7,7,31
3.0,10,7,8,31
3.0,10,7,9,32
3.0,10,7,10,32
3.0,10,7,11,32
3.0,10,7,12,32
3.0,10,7,13,32
3.0,10,7,14,32
3.0,10,7,15,32
3.0,10,8,0,30
3.0,10,8,1,31
3.0,10,8,2,31
3.0,10,8,3,31
3.0,10,8,4,31
3.0,10,8,5,31
3.0,10,8,6,31
3.0,10,8,7,31
3.0,10,8,8,32
3.0,10,8,9,32
3.0,10,8,10,32
3.0,10,8,11,32
3.0,10,8,12,32
3.0,10,8,13,32
3.0,10,8,14,32
3.0,10,8,15,33
3.0,10,9,0,31
3.0,10,9,1,31
3.0,10,9,2,31
3.0,10,9,3,31
3.0,10,9,4,31
3.0,10,9,5,31
3.0,10,9,6,32
3.0,10,9,7,32
3.0,10,9,8,32
3.0,10,9,9,32
3.0,10,9,10,32
3.0,10,9,11,32
3.0,10,9,12,32
3.0,10,9,13,33
3.0,10,9,14,33
3.0,10,9,15,33
3.0,10,10,0,31
3.0,10,10,1,31
3.0,10,10,2,31
3.0,10,10,3,31
3.0,10,10,4,31
3.0,10,10,5,32
3.0,10,10,6,32
3.0,10,10,7,32
3.0,10,10,8,32
3.0,10,10,9,32
3.0,10,10,10,32
3.0,10,10,11,32
3.0,10,10,12,33
3.0,10,10,13,33
3.0,10,10,14,33
3.0,10,10,15,33
3.0,10,11,0,31
3.0,10,11,1,31
3.0,10,11,2,31
3.0,10,11,3,31
3.0,10,11,4,32
3.0,10,11,5,32
3.0,10,11,6,32
3.0,10,11,7,32
3.0,10,11,8,32
3.0,10,11,9,32
3.0,10,11,10,32
3.0,10,11,11,33
3.0,10,11,12,33
3.0,10,11,13,33
3.0,10,11,14,33
3.0,10,11,15,33
3.0,10,12,0,31
3.0,10,12,1,31
3.0,10,12,2,31
3.0,10,12,3,32
3.0,10,12,4,32
3.0,10,12,5,32
3.0,10,12,6,32
3.0,10,12,7,32
3.0,10,12,8,32
3.0,10,12,9,32
3.0,10,12,10,33
3.0,10,12,11,33
3.0,10,12,12,33
3.0,10,12,13,33
3.0,10,12,14,33
3.0,10,12,15,33
3.0,10,13,0,31
3.0,10,13,1,31
3.0,10,13,2,32
3.0,10,13,3,32
3.0,10,13,4,32
3.0,10,13,5,32
3.0,10,13,6,32
3.0,10,13,7,32
3.0,10,13,8,32
3.0,10,13,9,33
3.0,10,13,10,33
3.0,10,13,11,33
3.0,10,13,12,33
3.0,10,13,13,33
3.0,10,13,14,33
3.0,10,13,15,34
3.0,10,14,0,31
3.0,10,14,1,32
3.0,10,14,2,32
3.0,10,14,3,32
3.0,10,14,4,32
3.0,10,14,5,32
3.0,10,14,6,32
3.0,10,14,7,33
3.0,10,14,8,33
3.0,10,14,9,33
3.0,10,14,10,33
3.0,10,14,11,33
3.0,10,14,12,33
3.0,10,14,13,33
3.0,10,14,14,34
3.0,10,14,15,34
3.0,10,15,0,32
3.0,10,15,1,32
3.0,10,15,2,32
3.0,10,15,3,32
3.0,10,15,4,32
3.0,10,15,5,32
3.0,10,15,6,33
3.0,10,15,7,33
3.0,10,15,8,33
3.0,10,15,9,33
3.0,10,15,10,33
3.0,10,15,11,33
3.0,10,15,12,33
3.0,10,15,13,34
3.0,10,15,14,34
3.0,10,15,15,34
3.0,11,0,0,29
3.0,11,0,1,30
3.0,11,0,2,30
3.0,11,0,3,30
3.0,11,0,4,30
3.0,11,0,5,30
3.0,11,0,6,30
3.0,11,0,7,30
3.0,11,0,8,31
3.0,11,0,9,31
3.0,11,0,10,31
3.0,11,0,11,31
3.0,11,0,12,31
3.0,11,0,13,31
3.0,11,0,14,31
3.0,11,0,15,32
3.0,11,1,0,30
3.0,11,1,1,30
3.0,11,1,2,30
3.0,11,1,3,30
3.0,11,1,4,30
3.0,11,1,5,30
3.0,11,1,6,31
3.0,11,1,7,31
3.0,11,1,8,31
3.0,11,1,9,31
3.0,11,1,10,31
3.0,11,1,11,31
3.0,11,1,12,31
3.0,11,1,13,32
3.0,11,1,14,32
3.0,11,1,15,32
3.0,11,2,0,30
3.0,11,2,1,30
3.0,11,2,2,30
3.0,11,2,3,30
3.0,11,2,4,30
3.0,11,2,5,31
3.0,11,2,6,31
3.0,11,2,7,31
3.0,11,2,8,31
3.0,11,2,9,31
3.0,11,2,10,31
3.0,11,2,11,31
3.0,11,2,12,32
3.0,11,2,13,32
3.0,11,2,14,32
3.0,11,2,15,32
3.0,11,3,0,30
3.0,11,3,1,30
3.0,11,3,2,30
3.0,11,3,3,30
3.0,11,3,4,31
3.0,11,3,5,31
3.0,11,3,6,31
3.0,11,3,7,31
3.0,11,3,8,31
3.0,11,3,9,31
3.0,11,3,10,31
3.0,11,3,11,32
3.0,11,3,12,32
3.0,11,3,13,32
3.0,11,3,14,32
3.0,11,3,15,32
3.0,11,4,0,30
3.0,11,4,1,30
3.0,11,4,2,30
3.0,11,4,3,31
3.0,11,4,4,31
3.0,11,4,5,31
3.0,11,4,6,31
3.0,11,4,7,31
3.0,11,4,8,31
3.0,11,4,9,32
3.0,11,4,10,32
3.0,11,4,11,32
3.0,11,4,12,32
3.0,11,4,13,32
3.0,11,4,14,32
3.0,11,4,15,32
3.0,11,5,0,30
3.0,11,5,1,31
3.0,11,5,2,31
3.0,11,5,3,31
3.0,11,5,4,31
3.0,11,5,5,31
3.0,11,5,6,31
3.0,11,5,7,31
3.0,11,5,8,32
3.0,11,5,9,32
3.0,11,5,10,32
3.0,11,5,11,32
3.0,11,5,12,32
3.0,11,5,13,32
3.0,11,5,14,32
3.0,11,5,15,33
3.0,11,6,0,31
3.0,11,6,1,31
3.0,11,6,2,31
3.0,11,6,3,31
3.0,11,6,4,31
3.0,11,6,5,31
3.0,11,6,6,31
3.0,11,6,7,32
3.0,11,6,8,32
3.0,11,6,9,32
3.0,11,6,10,32
3.0,11,6,11,32
3.0,11,6,12,32
3.0,11,6,13,32
3.0,11,6,14,33
3.0,11,6,15,33
3.0,11,7,0,31
3.0,11,7,1,31
3.0,11,7,2,31
3.0,11,7,3,31
3.0,11,7,4,31
3.0,11,7,5,31
3.0,11,7,6,32
3.0,11,7,7,32
3.0,11,7,8,32
3.0,11,7,9,32
3.0,11,7,10,32
3.0,11,7,11,32
3.0,11,7,12,32
3.0,11,7,13,33
3.0,11,7,14,33
3.0,11,7,15,33
3.0,11,8,0,31
3.0,11,8,1,31
3.0,11,8,2,31
3.0,11,8,3,31
3.0,11,8,4,31
3.0,11,8,5,32
3.0,11,8,6,32
3.0,11,8,7,32
3.0,11,8,8,32
3.0,11,8,9,32
3.0,11,8,10,32
3.0,11,8,11,33
3.0,11,8,12,33
3.0,11,8,13,33
3.0,11,8,14,33
3.0,11,8,15,33
3.0,11,9,0,31
3.0,11,9,1,31
3.0,11,9,2,31
3.0,11,9,3,32
3.0,11,9,4,32
3.0,11,9,5,32
3.0,11,9,6,32
3.0,11,9,7,32
3.0,11,9,8,32
3.0,11,9,9,32
3.0,11,9,10,33
3.0,11,9,11,33
3.0,11,9,12,33
3.0,11,9,13,33
3.0,11,9,14,33
3.0,11,9,15,33
3.0,11,10,0,31
3.0,11,10,1,31
3.0,11,10,2,32
3.0,11,10,3,32
3.0,11,10,4,32
3.0,11,10,5,32
3.0,11,10,6,32
3.0,11,10,7,32
3.0,11,10,8,32
3.0,11,10,9,33
3.0,11,10,10,33
3.0,11,10,11,33
3.0,11,10,12,33
3.0,11,10,13,33
3.0,11,10,14,33
3.0,11,10,15,33
3.0,11,11,0,31
3.0,11,11,1,32
3.0,11,11,2,32
3.0,11,11,3,32
3.0,11,11,4,32
3.0,11,11,5,32
3.0,11,11,6,32
3.0,11,11,7,32
3.0,11,11,8,33
3.0,11,11,9,33
3.0,11,11,10,33
3.0,11,11,11,33
3.0,11,11,12,33
3.0,11,11,13,33
3.0,11,11,14,34
3.0,11,11,15,34
3.0,11,12,0,32
3.0,11,12,1,32
3.0,11,12,2,32
3.0,11,12,3,32
3.0,11,12,4,32
3.0,11,12,5,32
3.0,11,12,6,32
3.0,11,12,7,33
3.0,11,12,8,33
3.0,11,12,9,33
3.0,11,12,10,33
3.0,11,12,11,33
3.0,11,12,12,33
3.0,11,12,13,34
3.0,11,12,14,34
3.0,11,12,15,34
3.0,11,13,0,32
3.0,11,13,1,32
3.0,11,13,2,32
3.0,11,13,3,32
3.0,11,13,4,32
3.0,11,13,5,33
3.0,11,13,6,33
3.0,11,13,7,33
3.0,11,13,8,33
3.0,11,13,9,33
3.0,11,13,10,33
3.0,11,13,11,33
3.0,11,13,12,34
3.0,11,13,13,34
3.0,11,13,14,34
3.0,11,13,15,34
3.0,11,14,0,32
3.0,11,14,1,32
3.0,11,14,2,32
3.0,11,14,3,32
3.0,11,14,4,33
3.0,11,14,5,33
3.0,11,14,6,33
3.0,11,14,7,33
3.0,11,14,8,33
3.0,11,14,9,33
3.0,11,14,10,33
3.0,11,14,11,34
3.0,11,14,12,34
3.0,11,14,13,34
3.0,11,14,14,34
3.0,11,14,15,34
3.0,11,15,0,32
3.0,11,15,1,32
3.0,11,15,2,32
3.0,11,15,3,33
3.0,11,15,4,33
3.0,11,15,5,33
3.0,11,15,6,33
3.0,11,15,7,33
3.0,11,15,8,33
3.0,11,15,9,33
3.0,11,15,10,34
3.0,11,15,11,34
3.0,11,15,12,34
3.0,11,15,13,34
3.0,11,15,14,34
3.0,11,15,15,34
3.0,12,0,0,30
3.0,12,0,1,30
3.0,12,0,2,30
3.0,12,0,3,30
3.0,12,0,4,30
3.0,12,0,5,31
3.0,12,0,6,31
3.0,12,0,7,31
3.0,12,0,8,31
3.0,12,0,9,31
3.0,12,0,10,31
3.0,12,0,11,32
3.0,12,0,12,32
3.0,12,0,13,32
3.0,12,0,14,32
3.0,12,0,15,32
3.0,12,1,0,30
3.0,12,1,1,30
3.0,12,1,2,30
3.0,12,1,3,31
3.0,12,1,4,31
3.0,12,1,5,31
3.0,12,1,6,31
3.0,12,1,7,31
3.0,12,1,8,31
3.0,12,1,9,31
3.0,12,1,10,32
3.0,12,1,11,32
3.0,12,1,12,32
3.0,12,1,13,32
3.0,12,1,14,32
3.0,12,1,15,32
3.0,12,2,0,30
3.0,12,2,1,30
3.0,12,2,2,31
3.0,12,2,3,31
3.0,12,2,4,31
3.0,12,2,5,31
3.0,12,2,6,31
3.0,12,2,7,31
3.0,12,2,8,31
3.0,12,2,9,32
3.0,12,2,10,32
3.0,12,2,11,32
3.0,12,2,12,32
3.0,12,2,13,32
3.0,12,2,14,32
3.0,12,2,15,32
3.0,12,3,0,30
3.0,12,3,1,31
3.0,12,3,2,31
3.0,12,3,3,31
3.0,12,3,4,31
3.0,12,3,5,31
3.0,12,3,6,31
3.0,12,3,7,31
3.0,12,3,8,32
3.0,12,3,9,32
3.0,12,3,10,32
3.0,12,3,11,32
3.0,12,3,12,32
3.0,12,3,13,32
3.0,12,3,14,33
3.0,12,3,15,33
3.0,12,4,0,31
3.0,12,4,1,31
3.0,12,4,2,31
3.0,12,4,3,31
3.0,12,4,4,31
3.0,12,4,5,31
3.0,12,4,6,32
3.0,12,4,7,32
3.0,12,4,8,32
3.0,12,4,9,32
3.0,12,4,10,32
3.0,12,4,11,32
3.0,12,4,12,32
3.0,12,4,13,33
3.0,12,4,14,33
3.0,12,4,15,33
3.0,12,5,0,31
3.0,12,5,1,31
3.0,12,5,2,31
3.0,12,5,3,31
3.0,12,5,4,31
3.0,12,5,5,32
3.0,12,5,6,32
3.0,12,5,7,32
3.0,12,5,8,32
3.0,12,5,9,32
3.0,12,5,10,32
3.0,12,5,11,32
3.0,12,5,12,33
3.0,12,5,13,33
3.0,12,5,14,33
3.0,12,5,15,33
3.0,12,6,0,31
3.0,12,6,1,31
3.0,12,6,2,31
3.0,12,6,3,31
3.0,12,6,4,32
3.0,12,6,5,32
3.0,12,6,6,32
3.0,12,6,7,32
3.0,12,6,8,32
3.0,12,6,9,32
3.0,12,6,10,32
3.0,12,6,11,33
3.0,12,6,12,33
3.0,12,6,13,33
3.0,12,6,14,33
3.0,12,6,15,33
3.0,12,7,0,31
3.0,12,7,1,31
3.0,12,7,2,31
3.0,12,7,3,32
3.0,12,7,4,32
3.0,12,7,5,32
3.0,12,7,6,32
3.0,12,7,7,32
3.0,12,7,8,32
3.0,12,7,9,33
3.0,12,7,10,33
3.0,12,7,11,33
3.0,12,7,12,33
3.0,12,7,13,33
3.0,12,7,14,33
3.0,12,7,15,33
3.0,12,8,0,31
3.0,12,8,1,31
3.0,12,8,2,32
3.0,12,8,3,32
3.0,12,8,4,32
3.0,12,8,5,32
3.0,12,8,6,32
3.0,12,8,7,32
3.0,12,8,8,33
3.0,12,8,9,33
3.0,12,8,10,33
3.0,12,8,11,33
3.0,12,8,12,33
3.0,12,8,13,33
3.0,12,8,14,33
3.0,12,8,15,34
3.0,12,9,0,32
3.0,12,9,1,32
3.0,12,9,2,32
3.0,12,9,3,32
3.0,12,9,4,32
3.0,12,9,5,32
3.0,12,9,6,32
3.0,12,9,7,33
3.0,12,9,8,33
3.0,12,9,9,33
3.0,12,9,10,33
3.0,12,9,11,33
3.0,12,9,12,33
3.0,12,9,13,33
3.0,12,9,14,34
3.0,12,9,15,34
3.0,12,10,0,32
3.0,12,10,1,32
3.0,12,10,2,32
3.0,12,10,3,32
3.0,12,10,4,32
3.0,12,10,5,32
3.0,12,10,6,33
3.0,12,10,7,33
3.0,12,10,8,33
3.0,12,10,9,33
3.0,12,10,10,33
3.0,12,10,11,33
3.0,12,10,12,34
3.0,12,10,13,34
3.0,12,10,14,34
3.0,12,10,15,34
3.0,12,11,0,32
3.0,12,11,1,32
3.0,12,11,2,32
3.0,12,11,3,32
3.0,12,11,4,32
3.0,12,11,5,33
3.0,12,11,6,33
3.0,12,11,7,33
3.0,12,11,8,33
3.0,12,11,9,33
3.0,12,11,10,33
3.0,12,11,11,34
3.0,12,11,12,34
3.0,12,11,13,34
3.0,12,11,14,34
3.0,12,11,15,34
3.0,12,12,0,32
3.0,12,12,1,32
3.0,12,12,2,32
3.0,12,12,3,33
3.0,12,12,4,33
3.0,12,12,5,33
3.0,12,12,6,33
3.0,12,12,7,33
3.0,12,12,8,33
3.0,12,12,9,33
3.0,12,12,10,34
3.0,12,12,11,34
3.0,12,12,12,34
3.0,12,12,13,34
3.0,12,12,14,34
3.0,12,12,15,34
3.0,12,13,0,32
3.0,12,13,1,32
3.0,12,13,2,33
3.0,12,13,3,33
3.0,12,13,4,33
3.0,12,13,5,33
3.0,12,13,6,33
3.0,12,13,7,33
3.0,12,13,8,33
3.0,12,13,9,34
3.0,12,13,10,34
3.0,12,13,11,34
3.0,12,13,12,34
3.0,12,13,13,34
3.0,12,13,14,34
3.0,12,13,15,35
3.0,12,14,0,32
3.0,12,14,1,33
3.0,12,14,2,33
3.0,12,14,3,33
3.0,12,14,4,33
3.0,12,14,5,33
3.0,12,14,6,33
3.0,12,14,7,33
3.0,12,14,8,34
3.0,12,14,9,34
3.0,12,14,10,34
3.0,12,14,11,34
3.0,12,14,12,34
3.0,12,14,13,34
3.0,12,14,14,35
3.0,12,14,15,35
3.0,12,15,0,33
3.0,12,15,1,33
3.0,12,15,2,33
3.0,12,15,3,33
3.0,12,15,4,33
3.0,12,15,5,33
3.0,12,15,6,33
3.0,12,15,7,34
3.0,12,15,8,34
3.0,12,15,9,34
3.0,12,15,10,34
3.0,12,15,11,34
3.0,12,15,12,34
3.0,12,15,13,35
3.0,12,15,14,35
3.0,12,15,15,35
3.0,13,0,0,30
3.0,13,0,1,30
3.0,13,0,2,31
3.0,13,0,3,31
3.0,13,0,4,31
3.0,13,0,5,31
3.0,13,0,6,31
3.0,13,0,7,31
3.0,13,0,8,32
3.0,13,0,9,32
3.0,13,0,10,32
3.0,13,0,11,32
3.0,13,0,12,32
3.0,13,0,13,32
3.0,13,0,14,32
3.0,13,0,15,33
3.0,13,1,0,31
3.0,13,1,1,31
3.0,13,1,2,31
3.0,13,1,3,31
3.0,13,1,4,31
3.0,13,1,5,31
3.0,13,1,6,31
3.0,13,1,7,32
3.0,13,1,8,32
3.0,13,1,9,32
3.0,13,1,10,32
3.0,13,1,11,32
3.0,13,1,12,32
3.0,13,1,13,32
3.0,13,1,14,33
3.0,13,1,15,33
3.0,13,2,0,31
3.0,13,2,1,31
3.0,13,2,2,31
3.0,13,2,3,31
3.0,13,2,4,31
3.0,13,2,5,31
3.0,13,2,6,32
3.0,13,2,7,32
3.0,13,2,8,32
3.0,13,2,9,32
3.0,13,2,10,32
3.0,13,2,11,32
3.0,13,2,12,32
3.0,13,2,13,33
3.0,13,2,14,33
3.0,13,2,15,33
3.0,13,3,0,31
3.0,13,3,1,31
3.0,13,3,2,31
3.0,13,3,3,31
3.0,13,3,4,31
3.0,13,3,5,32
3.0,13,3,6,32
3.0,13,3,7,32
3.0,13,3,8,32
3.0,13,3,9,32
3.0,13,3,10,32
3.0,13,3,11,33
3.0,13,3,12,33
3.0,13,3,13,33
3.0,13,3,14,33
3.0,13,3,15,33
3.0,13,4,0,31
3.0,13,4,1,31
3.0,13,4,2,31
3.0,13,4,3,32
3.0,13,4,4,32
3.0,13,4,5,32
3.0,13,4,6,32
3.0,13,4,7,32
3.0,13,4,8,32
3.0,13,4,9,32
3.0,13,4,10,33
3.0,13,4,11,33
3.0,13,4,12,33
3.0,13,4,13,33
3.0,13,4,14,33
3.0,13,4,15,33
3.0,13,5,0,31
3.0,13,5,1,31
3.0,13,5,2,32
3.0,13,5,3,32
3.0,13,5,4,32
3.0,13,5,5,32
3.0,13,5,6,32
3.0,13,5,7,32
3.0,13,5,8,32
3.0,13,5,9,33
3.0,13,5,10,33
3.0,13,5,11,33
3.0,13,5,12,33
3.0,13,5,13,33
3.0,13,5,14,33
3.0,13,5,15,34
3.0,13,6,0,31
3.0,13,6,1,32
3.0,13,6,2,32
3.0,13,6,3,32
3.0,13,6,4,32
3.0,13,6,5,32
3.0,13,6,6,32
3.0,13,6,7,33
3.0,13,6,8,33
3.0,13,6,9,33
3.0,13,6,10,33
3.0,13,6,11,33
3.0,13,6,12,33
3.0,13,6,13,33
3.0,13,6,14,34
3.0,13,6,15,34
3.0,13,7,0,32
3.0,13,7,1,32
3.0,13,7,2,32
3.0,13,7,3,32
3.0,13,7,4,32
3.0,13,7,5,32
3.0,13,7,6,33
3.0,13,7,7,33
3.0,13,7,8,33
3.0,13,7,9,33
3.0,13,7,10,33
3.0,13,7,11,33
3.0,13,7,12,33
3.0,13,7,13,34
3.0,13,7,14,34
3.0,13,7,15,34
3.0,13,8,0,32
3.0,13,8,1,32
3.0,13,8,2,32
3.0,13,8,3,32
3.0,13,8,4,32
3.0,13,8,5,33
3.0,13,8,6,33
3.0,13,8,7,33
3.0,13,8,8,33
3.0,13,8,9,33
3.0,13,8,10,33
3.0,13,8,11,33
3.0,13,8,12,34
3.0,13,8,13,34
3.0,13,8,14,34
3.0,13,8,15,34
3.0,13,9,0,32
3.0,13,9,1,32
3.0,13,9,2,32
3.0,13,9,3,32
3.0,13,9,4,33
3.0,13,9,5,33
3.0,13,9,6,33
3.0,13,9,7,33
3.0,13,9,8,33
3.0,13,9,9,33
3.0,13,9,10,34
3.0,13,9,11,34
3.0,13,9,12,34
3.0,13,9,13,34
3.0,13,9,14,34
3.0,13,9,15,34
3.0,13,10,0,32
3.0,13,10,1,32
3.0,13,10,2,32
3.0,13,10,3,33
3.0,13,10,4,33
3.0,13,10,5,33
3.0,13,10,6,33
3.0,13,10,7,33
3.0,13,10,8,33
3.0,13,10,9,34
3.0,13,10,10,34
3.0,13,10,11,34
3.0,13,10,12,34
3.0,13,10,13,34
3.0,13,10,14,34
3.0,13,10,15,34
3.0,13,11,0,32
3.0,13,11,1,32
3.0,13,11,2,33
3.0,13,11,3,33
3.0,13,11,4,33
3.0,13,11,5,33
3.0,13,11,6,33
3.0,13,11,7,33
3.0,13,11,8,34
3.0,13,11,9,34
3.0,13,11,10,34
3.0,13,11,11,34
3.0,13,11,12,34
3.0,13,11,13,34
3.0,13,11,14,34
3.0,13,11,15,35
3.0,13,12,0,32
3.0,13,12,1,33
3.0,13,12,2,33
3.0,13,12,3,33
3.0,13,12,4,33
3.0,13,12,5,33
3.0,13,12,6,33
3.0,13,12,7,34
3.0,13,12,8,34
3.0,13,12,9,34
3.0,13,12,10,34
3.0,13,12,11,34
3.0,13,12,12,34
3.0,13,12,13,35
3.0,13,12,14,35
3.0,13,12,15,35
3.0,13,13,0,33
3.0,13,13,1,33
3.0,13,13,2,33
3.0,13,13,3,33
3.0,13,13,4,33
3.0,13,13,5,33
3.0,13,13,6,34
3.0,13,13,7,34
3.0,13,13,8,34
3.0,13,13,9,34
3.0,13,13,10,34
3.0,13,13,11,34
3.0,13,13,12,35
3.0,13,13,13,35
3.0,13,13,14,35
3.0,13,13,15,35
3.0,13,14,0,33
3.0,13,14,1,33
3.0,13,14,2,33
3.0,13,14,3,33
3.0,13,14,4,33
3.0,13,14,5,34
3.0,13,14,6,34
3.0,13,14,7,34
3.0,13,14,8,34
3.0,13,14,9,34
3.0,13,14,10,34
3.0,13,14,11,35
3.0,13,14,12,35
3.0,13,14,13,35
3.0,13,14,14,35
3.0,13,14,15,35
3.0,13,15,0,33
3.0,13,15,1,33
3.0,13,15,2,33
3.0,13,15,3,33
3.0,13,15,4,34
3.0,13,15,5,34
3.0,13,15,6,34
3.0,13,15,7,34
3.0,13,15,8,34
3.0,13,15,9,34
3.0,13,15,10,35
3.0,13,15,11,35
3.0,13,15,12,35
3.0,13,15,13,35
3.0,13,15,14,35
3.0,13,15,15,35
3.0,14,0,0,31
3.0,14,0,1,31
3.0,14,0,2,31
3.0,14,0,3,31
3.0,14,0,4,31
3.0,14,0,5,32
3.0,14,0,6,32
3.0,14,0,7,32
3.0,14,0,8,32
3.0,14,0,9,32
3.0,14,0,10,32
3.0,14,0,11,32
3.0,14,0,12,33
3.0,14,0,13,33
3.0,14,0,14,33
3.0,14,0,15,33
3.0,14,1,0,31
3.0,14,1,1,31
3.0,14,1,2,31
3.0,14,1,3,31
3.0,14,1,4,32
3.0,14,1,5,32
3.0,14,1,6,32
3.0,14,1,7,32
3.0,14,1,8,32
3.0,14,1,9,32
3.0,14,1,10,32
3.0,14,1,11,33
3.0,14,1,12,33
3.0,14,1,13,33
3.0,14,1,14,33
3.0,14,1,15,33
3.0,14,2,0,31
3.0,14,2,1,31
3.0,14,2,2,31
3.0,14,2,3,32
3.0,14,2,4,32
3.0,14,2,5,32
3.0,14,2,6,32
3.0,14,2,7,32
3.0,14,2,8,32
3.0,14,2,9,33
3.0,14,2,10,33
3.0,14,2,11,33
3.0,14,2,12,33
3.0,14,2,13,33
3.0,14,2,14,33
3.0,14,2,15,33
3.0,14,3,0,31
3.0,14,3,1,31
3.0,14,3,2,32
3.0,14,3,3,32
3.0,14,3,4,32
3.0,14,3,5,32
3.0,14,3,6,32
3.0,14,3,7,32
3.0,14,3,8,33
3.0,14,3,9,33
3.0,14,3,10,33
3.0,14,3,11,33
3.0,14,3,12,33
3.0,14,3,13,33
3.0,14,3,14,33
3.0,14,3,15,34
3.0,14,4,0,32
3.0,14,4,1,32
3.0,14,4,2,32
3.0,14,4,3,32
3.0,14,4,4,32
3.0,14,4,5,32
3.0,14,4,6,32
3.0,14,4,7,33
3.0,14,4,8,33
3.0,14,4,9,33
3.0,14,4,10,33
3.0,14,4,11,33
3.0,14,4,12,33
3.0,14,4,13,33
3.0,14,4,14,34
3.0,14,4,15,34
3.0,14,5,0,32
3.0,14,5,1,32
3.0,14,5,2,32
3.0,14,5,3,32
3.0,14,5,4,32
3.0,14,5,5,32
3.0,14,5,6,33
3.0,14,5,7,33
3.0,14,5,8,33
3.0,14,5,9,33
3.0,14,5,10,33
3.0,14,5,11,33
3.0,14,5,12,34
3.0,14,5,13,34
3.0,14,5,14,34
3.0,14,5,15,34
3.0,14,6,0,32
3.0,14,6,1,32
3.0,14,6,2,32
3.0,14,6,3,32
3.0,14,6,4,32
3.0,14,6,5,33
3.0,14,6,6,33
3.0,14,6,7,33
3.0,14,6,8,33
3.0,14,6,9,33
3.0,14,6,10,33
3.0,14,6,11,34
3.0,14,6,12,34
3.0,14,6,13,34
3.0,14,6,14,34
3.0,14,6,15,34
3.0,14,7,0,32
3.0,14,7,1,32
3.0,14,7,2,32
3.0,14,7,3,33
3.0,14,7,4,33
3.0,14,7,5,33
3.0,14,7,6,33
3.0,14,7,7,33
3.0,14,7,8,33
3.0,14,7,9,33
3.0,14,7,10,34
3.0,14,7,11,34
3.0,14,7,12,34
3.0,14,7,13,34
3.0,14,7,14,34
3.0,14,7,15,34
3.0,14,8,0,32
3.0,14,8,1,32
3.0,14,8,2,33
3.0,14,8,3,33
3.0,14,8,4,33
3.0,14,8,5,33
3.0,14,8,6,33
3.0,14,8,7,33
3.0,14,8,8,33
3.0,14,8,9,34
3.0,14,8,10,34
3.0,14,8,11,34
3.0,14,8,12,34
3.0,14,8,13,34
3.0,14,8,14,34
3.0,14,8,15,35
3.0,14,9,0,32
3.0,14,9,1,33
3.0,14,9,2,33
3.0,14,9,3,33
3.0,14,9,4,33
3.0,14,9,5,33
3.0,14,9,6,33
3.0,14,9,7,34
3.0,14,9,8,34
3.0,14,9,9,34
3.0,14,9,10,34
3.0,14,9,11,34
3.0,14,9,12,34
3.0,14,9,13,34
3.0,14,9,14,35
3.0,14,9,15,35
3.0,14,10,0,33
3.0,14,10,1,33
3.0,14,10,2,33
3.0,14,10,3,33
3.0,14,10,4,33
3.0,14,10,5,33
3.0,14,10,6,34
3.0,14,10,7,34
3.0,14,10,8,34
3.0,14,10,9,34
3.0,14,10,10,34
3.0,14,10,11,34
3.0,14,10,12,34
3.0,14,10,13,35
3.0,14,10,14,35
3.0,14,10,15,35
3.0,14,11,0,33
3.0,14,11,1,33
3.0,14,11,2,33
3.0,14,11,3,33
3.0,14,11,4,33
3.0,14,11,5,34
3.0,14,11,6,34
3.0,14,11,7,34
3.0,14,11,8,34
3.0,14,11,9,34
3.0,14,11,10,34
3.0,14,11,11,35
3.0,14,11,12,35
3.0,14,11,13,35
3.0,14,11,14,35
3.0,14,11,15,35
3.0,14,12,0,33
3.0,14,12,1,33
3.0,14,12,2,33
3.0,14,12,3,33
3.0,14,12,4,34
3.0,14,12,5,34
3.0,14,12,6,34
3.0,14,12,7,34
3.0,14,12,8,34
3.0,14,12,9,34
3.0,14,12,10,35
3.0,14,12,11,35
3.0,14,12,12,35
3.0,14,12,13,35
3.0,14,12,14,35
3.0,14,12,15,35
3.0,14,13,0,33
3.0,14,13,1,33
3.0,14,13,2,33
3.0,14,13,3,34
3.0,14,13,4,34
3.0,14,13,5,34
3.0,14,13,6,34
3.0,14,13,7,34
3.0,14,13,8,34
3.0,14,13,9,35
3.0,14,13,10,35
3.0,14,13,11,35
3.0,14,13,12,35
3.0,14,13,13,35
3.0,14,13,14,35
3.0,14,13,15,36
3.0,14,14,0,33
3.0,14,14,1,33
3.0,14,14,2,34
3.0,14,14,3,34
3.0,14,14,4,34
3.0,14,14,5,34
3.0,14,14,6,34
3.0,14,14,7,34
3.0,14,14,8,35
3.0,14,14,9,35
3.0,14,14,10,35
3.0,14,14,11,35
3.0,14,14,12,35
3.0,14,14,13,35
3.0,14,14,14,36
3.0,14,14,15,36
3.0,14,15,0,33
3.0,14,15,1,34
3.0,14,15,2,34
3.0,14,15,3,34
3.0,14,15,4,34
3.0,14,15,5,34
3.0,14,15,6,34
3.0,14,15,7,35
3.0,14,15,8,35
3.0,14,15,9,35
3.0,14,15,10,35
3.0,14,15,11,35
3.0,14,15,12,35
3.0,14,15,13,36
3.0,14,15,14,36
3.0,14,15,15,36
3.0,15,0,0,31
3.0,15,0,1,31
3.0,15,0,2,31
3.0,15,0,3,32
3.0,15,0,4,32
3.0,15,0,5,32
3.0,15,0,6,32
3.0,15,0,7,32
3.0,15,0,8,32
3.0,15,0,9,33
3.0,15,0,10,33
3.0,15,0,11,33
3.0,15,0,12,33
3.0,15,0,13,33
3.0,15,0,14,33
3.0,15,0,15,33
3.0,15,1,0,31
3.0,15,1,1,32
3.0,15,1,2,32
3.0,15,1,3,32
3.0,15,1,4,32
3.0,15,1,5,32
3.0,15,1,6,32
3.0,15,1,7,32
3.0,15,1,8,33
3.0,15,1,9,33
3.0,15,1,10,33
3.0,15,1,11,33
3.0,15,1,12,33
3.0,15,1,13,33
3.0,15,1,14,33
3.0,15,1,15,34
3.0,15,2,0,32
3.0,15,2,1,32
3.0,15,2,2,32
3.0,15,2,3,32
3.0,15,2,4,32
3.0,15,2,5,32
3.0,15,2,6,32
3.0,15,2,7,33
3.0,15,2,8,33
3.0,15,2,9,33
3.0,15,2,10,33
3.0,15,2,11,33
3.0,15,2,12,33
3.0,15,2,13,34
3.0,15,2,14,34
3.0,15,2,15,34
3.0,15,3,0,32
3.0,15,3,1,32
3.0,15,3,2,32
3.0,15,3,3,32
3.0,15,3,4,32
3.0,15,3,5,33
3.0,15,3,6,33
3.0,15,3,7,33
3.0,15,3,8,33
3.0,15,3,9,33
3.0,15,3,10,33
3.0,15,3,11,33
3.0,15,3,12,34
3.0,15,3,13,34
3.0,15,3,14,34
3.0,15,3,15,34
3.0,15,4,0,32
3.0,15,4,1,32
3.0,15,4,2,32
3.0,15,4,3,32
3.0,15,4,4,33
3.0,15,4,5,33
3.0,15,4,6,33
3.0,15,4,7,33
3.0,15,4,8,33
3.0,15,4,9,33
3.0,15,4,10,33
3.0,15,4,11,34
3.0,15,4,12,34
3.0,15,4,13,34
3.0,15,4,14,34
3.0,15,4,15,34
3.0,15,5,0,32
3.0,15,5,1,32
3.0,15,5,2,32
3.0,15,5,3,33
3.0,15,5,4,33
3.0,15,5,5,33
3.0,15,5,6,33
3.0,15,5,7,33
3.0,15,5,8,33
3.0,15,5,9,34
3.0,15,5,10,34
3.0,15,5,11,34
3.0,15,5,12,34
3.0,15,5,13,34
3.0,15,5,14,34
3.0,15,5,15,34
3.0,15,6,0,32
3.0,15,6,1,32
3.0,15,6,2,33
3.0,15,6,3,33
3.0,15,6,4,33
3.0,15,6,5,33
3.0,15,6,6,33
3.0,15,6,7,33
3.0,15,6,8,34
3.0,15,6,9,34
3.0,15,6,10,34
3.0,15,6,11,34
3.0,15,6,12,34
3.0,15,6,13,34
3.0,15,6,14,34
3.0,15,6,15,35
3.0,15,7,0,32
3.0,15,7,1,33
3.0,15,7,2,33
3.0,15,7,3,33
3.0,15,7,4,33
3.0,15,7,5,33
3.0,15,7,6,33
3.0,15,7,7,34
3.0,15,7,8,34
3.0,15,7,9,34
3.0,15,7,10,34
3.0,15,7,11,34
3.0,15,7,12,34
3.0,15,7,13,35
3.0,15,7,14,35
3.0,15,7,15,35
3.0,15,8,0,33
3.0,15,8,1,33
3.0,15,8,2,33
3.0,15,8,3,33
3.0,15,8,4,33
3.0,15,8,5,33
3.0,15,8,6,34
3.0,15,8,7,34
3.0,15,8,8,34
3.0,15,8,9,34
3.0,15,8,10,34
3.0,15,8,11,34
3.0,15,8,12,35
3.0,15,8,13,35
3.0,15,8,14,35
3.0,15,8,15,35
3.0,15,9,0,33
3.0,15,9,1,33
3.0,15,9,2,33
3.0,15,9,3,33
3.0,15,9,4,34
3.0,15,9,5,34
3.0,15,9,6,34
3.0,15,9,7,34
3.0,15,9,8,34
3.0,15,9,9,34
3.0,15,9,10,34
3.0,15,9,11,35
3.0,15,9,12,35
3.0,15,9,13,35
3.0,15,9,14,35
3.0,15,9,15,35
3.0,15,10,0,33
3.0,15,10,1,33
3.0,15,10,2,33
3.0,15,10,3,34
3.0,15,10,4,34
3.0,15,10,5,34
3.0,15,10,6,34
3.0,15,10,7,34
3.0,15,10,8,34
3.0,15,10,9,34
3.0,15,10,10,35
3.0,15,10,11,35
3.0,15,10,12,35
3.0,15,10,13,35
3.0,15,10,14,35
3.0,15,10,15,35
3.0,15,11,0,33
3.0,15,11,1,33
3.0,15,11,2,34
3.0,15,11,3,34
3.0,15,11,4,34
3.0,15,11,5,34
3.0,15,11,6,34
3.0,15,11,7,34
3.0,15,11,8,35
3.0,15,11,9,35
3.0,15,11,10,35
3.0,15,11,11,35
3.0,15,11,12,35
3.0,15,11,13,35
3.0,15,11,14,35
3.0,15,11,15,36
3.0,15,12,0,33
3.0,15,12,1,34
3.0,15,12,2,34
3.0,15,12,3,34
3.0,15,12,4,34
3.0,15,12,5,34
3.0,15,12,6,34
3.0,15,12,7,35
3.0,15,12,8,35
3.0,15,12,9,35
3.0,15,12,10,35
3.0,15,12,11,35
3.0,15,12,12,35
3.0,15,12,13,35
3.0,15,12,14,36
3.0,15,12,15,36
3.0,15,13,0,34
3.0,15,13,1,34
3.0,15,13,2,34
3.0,15,13,3,34
3.0,15,13,4,34
3.0,15,13,5,34
3.0,15,13,6,35
3.0,15,13,7,35
3.0,15,13,8,35
3.0,15,13,9,35
3.0,15,13,10,35
3.0,15,13,11,35
3.0,15,13,12,36
3.0,15,13,13,36
3.0,15,13,14,36
3.0,15,13,15,36
3.0,15,14,0,34
3.0,15,14,1,34
3.0,15,14,2,34
3.0,15,14,3,34
3.0,15,14,4,34
3.0,15,14,5,35
3.0,15,14,6,35
3.0,15,14,7,35
3.0,15,14,8,35
3.0,15,14,9,35
3.0,15,14,10,35
3.0,15,14,11,36
3.0,15,14,12,36
3.0,15,14,13,36
3.0,15,14,14,36
3.0,15,14,15,36
3.0,15,15,0,34
3.0,15,15,1,34
3.0,15,15,2,34
3.0,15,15,3,34
3.0,15,15,4,35
3.0,15,15,5,35
3.0,15,15,6,35
3.0,15,15,7,35
3.0,15,15,8,35
3.0,15,15,9,35
3.0,15,15,10,36
3.0,15,15,11,36
3.0,15,15,12,36
3.0,15,15,13,36
3.0,15,15,14,36
3.0,15,15,15,36
3.5,0,0,0,30
3.5,0,0,1,30
3.5,0,0,2,30
3.5,0,0,3,30
3.5,0,0,4,30
3.5,0,0,5,31
3.5,0,0,6,31
3.5,0,0,7,31
3.5,0,0,8,31
3.5,0,0,9,31
3.5,0,0,10,31
3.5,0,0,11,31
3.5,0,0,12,32
3.5,0,0,13,32
3.5,0,0,14,32
3.5,0,0,15,32
3.5,0,1,0,30
3.5,0,1,1,30
3.5,0,1,2,30
3.5,0,1,3,31
3.5,0,1,4,31
3.5,0,1,5,31
3.5,0,1,6,31
3.5,0,1,7,31
3.5,0,1,8,31
3.5,0,1,9,31
3.5,0,1,10,32
3.5,0,1,11,32
3.5,0,1,12,32
3.5,0,1,13,32
3.5,0,1,14,32
3.5,0,1,15,32
3.5,0,2,0,30
3.5,0,2,1,30
3.5,0,2,2,31
3.5,0,2,3,31
3.5,0,2,4,31
3.5,0,2,5,31
3.5,0,2,6,31
3.5,0,2,7,31
3.5,0,2,8,31
3.5,0,2,9,32
3.5,0,2,10,32
3.5,0,2,11,32
3.5,0,2,12,32
3.5,0,2,13,32
3.5,0,2,14,32
3.5,0,2,15,32
3.5,0,3,0,30
3.5,0,3,1,31
3.5,0,3,2,31
3.5,0,3,3,31
3.5,0,3,4,31
3.5,0,3,5,31
3.5,0,3,6,31
3.5,0,3,7,31
3.5,0,3,8,32
3.5,0,3,9,32
3.5,0,3,10,32
3.5,0,3,11,32
3.5,0,3,12,32
3.5,0,3,13,32
3.5,0,3,14,32
3.5,0,3,15,33
3.5,0,4,0,31
3.5,0,4,1,31
3.5,0,4,2,31
3.5,0,4,3,31
3.5,0,4,4,31
3.5,0,4,5,31
3.5,0,4,6,32
3.5,0,4,7,32
3.5,0,4,8,32
3.5,0,4,9,32
3.5,0,4,10,32
3.5,0,4,11,32
3.5,0,4,12,32
3.5,0,4,13,33
3.5,0,4,14,33
3.5,0,4,15,33
3.5,0,5,0,31
3.5,0,5,1,31
3.5,0,5,2,31
3.5,0,5,3,31
3.5,0,5,4,31
3.5,0,5,5,32
3.5,0,5,6,32
3.5,0,5,7,32
3.5,0,5,8,32
3.5,0,5,9,32
3.5,0,5,10,32
3.5,0,5,11,32
3.5,0,5,12,33
3.5,0,5,13,33
3.5,0,5,14,33
3.5,0,5,15,33
3.5,0,6,0,31
3.5,0,6,1,31
3.5,0,6,2,31
3.5,0,6,3,31
3.5,0,6,4,32
3.5,0,6,5,32
3.5,0,6,6,32
3.5,0,6,7,32
3.5,0,6,8,32
3.5,0,6,9,32
3.5,0,6,10,32
3.5,0,6,11,33
3.5,0,6,12,33
3.5,0,6,13,33
3.5,0,6,14,33
3.5,0,6,15,33
3.5,0,7,0,31
3.5,0,7,1,31
3.5,0,7,2,31
3.5,0,7,3,32
3.5,0,7,4,32
3.5,0,7,5,32
3.5,0,7,6,32
3.5,0,7,7,32
3.5,0,7,8,32
3.5,0,7,9,33
3.5,0,7,10,33
3.5,0,7,11,33
3.5,0,7,12,33
3.5,0,7,13,33
3.5,0,7,14,33
3.5,0,7,15,33
3.5,0,8,0,31
3.5,0,8,1,31
3.5,0,8,2,32
3.5,0,8,3,32
3.5,0,8,4,32
3.5,0,8,5,32
3.5,0,8,6,32
3.5,0,8,7,32
3.5,0,8,8,33
3.5,0,8,9,33
3.5,0,8,10,33
3.5,0,8,11,33
3.5,0,8,12,33
3.5,0,8,13,33
3.5,0,8,14,33
3.5,0,8,15,34
3.5,0,9,0,31
3.5,0,9,1,32
3.5,0,9,2,32
3.5,0,9,3,32
3.5,0,9,4,32
3.5,0,9,5,32
3.5,0,9,6,32
3.5,0,9,7,33
3.5,0,9,8,33
3.5,0,9,9,33
3.5,0,9,10,33
3.5,0,9,11,33
3.5,0,9,12,33
3.5,0,9,13,33
3.5,0,9,14,34
3.5,0,9,15,34
3.5,0,10,0,32
3.5,0,10,1,32
3.5,0,10,2,32
3.5,0,10,3,32
3.5,0,10,4,32
3.5,0,10,5,32
3.5,0,10,6,33
3.5,0,10,7,33
3.5,0,10,8,33
3.5,0,10,9,33
3.5,0,10,10,33
3.5,0,10,11,33
3.5,0,10,12,33
3.5,0,10,13,34
3.5,0,10,14,34
3.5,0,10,15,34
3.5,0,11,0,32
3.5,0,11,1,32
3.5,0,11,2,32
3.5,0,11,3,32
3.5,0,11,4,32
3.5,0,11,5,33
3.5,0,11,6,33
3.5,0,11,7,33
3.5,0,11,8,33
3.5,0,11,9,33
3.5,0,11,10,33
3.5,0,11,11,34
3.5,0,11,12,34
3.5,0,11,13,34
3.5,0,11,14,34
3.5,0,11,15,34
3.5,0,12,0,32
3.5,0,12,1,32
3.5,0,12,2,32
3.5,0,12,3,32
3.5,0,12,4,33
3.5,0,12,5,33
3.5,0,12,6,33
3.5,0,12,7,33
3.5,0,12,8,33
3.5,0,12,9,33
3.5,0,12,10,34
3.5,0,12,11,34
3.5,0,12,12,34
3.5,0,12,13,34
3.5,0,12,14,34
3.5,0,12,15,34
3.5,0,13,0,32
3.5,0,13,1,32
3.5,0,13,2,32
3.5,0,13,3,33
3.5,0,13,4,33
3.5,0,13,5,33
3.5,0,13,6,33
3.5,0,13,7,33
3.5,0,13,8,33
3.5,0,13,9,34
3.5,0,13,10,34
3.5,0,13,11,34
3.5,0,13,12,34
3.5,0,13,13,34
3.5,0,13,14,34
3.5,0,13,15,34
3.5,0,14,0,32
3.5,0,14,1,33
3.5,0,14,2,33
3.5,0,14,3,33
3.5,0,14,4,33
3.5,0,14,5,33
3.5,0,14,6,33
3.5,0,14,7,33
3.5,0,14,8,34
3.5,0,14,9,34
3.5,0,14,10,34
3.5,0,14,11,34
3.5,0,14,12,34
3.5,0,14,13,34
3.5,0,14,14,35
3.5,0,14,15,35
3.5,0,15,0,33
3.5,0,15,1,33
3.5,0,15,2,33
3.5,0,15,3,33
3.5,0,15,4,33
3.5,0,15,5,33
3.5,0,15,6,33
3.5,0,15,7,34
3.5,0,15,8,34
3.5,0,15,9,34
3.5,0,15,10,34
3.5,0,15,11,34
3.5,0,15,12,34
3.5,0,15,13,35
3.5,0,15,14,35
3.5,0,15,15,35
3.5,1,0,0,30
3.5,1,0,1,31
3.5,1,0,2,31
3.5,1,0,3,31
3.5,1,0,4,31
3.5,1,0,5,31
3.5,1,0,6,31
3.5,1,0,7,31
3.5,1,0,8,32
3.5,1,0,9,32
3.5,1,0,10,32
3.5,1,0,11,32
3.5,1,0,12,32
3.5,1,0,13,32
3.5,1,0,14,32
3.5,1,0,15,33
3.5,1,1,0,31
3.5,1,1,1,31
3.5,1,1,2,31
3.5,1,1,3,31
3.5,1,1,4,31
3.5,1,1,5,31
3.5,1,1,6,31
3.5,1,1,7,32
3.5,1,1,8,32
3.5,1,1,9,32
3.5,1,1,10,32
3.5,1,1,11,32
3.5,1,1,12,32
3.5,1,1,13,33
3.5,1,1,14,33
3.5,1,1,15,33
3.5,1,2,0,31
3.5,1,2,1,31
3.5,1,2,2,31
3.5,1,2,3,31
3.5,1,2,4,31
3.5,1,2,5,32
3.5,1,2,6,32
3.5,1,2,7,32
3.5,1,2,8,32
3.5,1,2,9,32
3.5,1,2,10,32
3.5,1,2,11,32
3.5,1,2,12,33
3.5,1,2,13,33
3.5,1,2,14,33
3.5,1,2,15,33
3.5,1,3,0,31
3.5,1,3,1,31
3.5,1,3,2,31
3.5,1,3,3,31
3.5,1,3,4,32
3.5,1,3,5,32
3.5,1,3,6,32
3.5,1,3,7,32
3.5,1,3,8,32
3.5,1,3,9,32
3.5,1,3,10,32
3.5,1,3,11,33
3.5,1,3,12,33
3.5,1,3,13,33
3.5,1,3,14,33
3.5,1,3,15,33
3.5,1,4,0,31
3.5,1,4,1,31
3.5,1,4,2,31
3.5,1,4,3,32
3.5,1,4,4,32
3.5,1,4,5,32
3.5,1,4,6,32
3.5,1,4,7,32
3.5,1,4,8,32
3.5,1,4,9,32
3.5,1,4,10,33
3.5,1,4,11,33
3.5,1,4,12,33
3.5,1,4,13,33
3.5,1,4,14,33
3.5,1,4,15,33
3.5,1,5,0,31
3.5,1,5,1,31
3.5,1,5,2,32
3.5,1,5,3,32
3.5,1,5,4,32
3.5,1,5,5,32
3.5,1,5,6,32
3.5,1,5,7,32
3.5,1,5,8,33
3.5,1,5,9,33
3.5,1,5,10,33
3.5,1,5,11,33
3.5,1,5,12,33
3.5,1,5,13,33
3.5,1,5,14,33
3.5,1,5,15,34
3.5,1,6,0,31
3.5,1,6,1,32
3.5,1,6,2,32
3.5,1,6,3,32
3.5,1,6,4,32
3.5,1,6,5,32
3.5,1,6,6,32
3.5,1,6,7,33
3.5,1,6,8,33
3.5,1,6,9,33
3.5,1,6,10,33
3.5,1,6,11,33
3.5,1,6,12,33
3.5,1,6,13,33
3.5,1,6,14,34
3.5,1,6,15,34
3.5,1,7,0,32
3.5,1,7,1,32
3.5,1,7,2,32
3.5,1,7,3,32
3.5,1,7,4,32
3.5,1,7,5,32
3.5,1,7,6,33
3.5,1,7,7,33
3.5,1,7,8,33
3.5,1,7,9,33
3.5,1,7,10,33
3.5,1,7,11,33
3.5,1,7,12,34
3.5,1,7,13,34
3.5,1,7,14,34
3.5,1,7,15,34
3.5,1,8,0,32
3.5,1,8,1,32
3.5,1,8,2,32
3.5,1,8,3,32
3.5,1,8,4,32
3.5,1,8,5,33
3.5,1,8,6,33
3.5,1,8,7,33
3.5,1,8,8,33
3.5,1,8,9,33
3.5,1,8,10,33
3.5,1,8,11,34
3.5,1,8,12,34
3.5,1,8,13,34
3.5,1,8,14,34
3.5,1,8,15,34
3.5,1,9,0,32
3.5,1,9,1,32
3.5,1,9,2,32
3.5,1,9,3,33
3.5,1,9,4,33
3.5,1,9,5,33
3.5,1,9,6,33
3.5,1,9,7,33
3.5,1,9,8,33
3.5,1,9,9,33
3.5,1,9,10,34
3.5,1,9,11,34
3.5,1,9,12,34
3.5,1,9,13,34
3.5,1,9,14,34
3.5,1,9,15,34
3.5,1,10,0,32
3.5,1,10,1,32
3.5,1,10,2,33
3.5,1,10,3,33
3.5,1,10,4,33
3.5,1,10,5,33
3.5,1,10,6,33
3.5,1,10,7,33
3.5,1,10,8,33
3.5,1,10,9,34
3.5,1,10,10,34
3.5,1,10,11,34
3.5,1,10,12,34
3.5,1,10,13,34
3.5,1,10,14,34
3.5,1,10,15,35
3.5,1,11,0,32
3.5,1,11,1,33
3.5,1,11,2,33
3.5,1,11,3,33
3.5,1,11,4,33
3.5,1,11,5,33
3.5,1,11,6,33
3.5,1,11,7,33
3.5,1,11,8,34
3.5,1,11,9,34
3.5,1,11,10,34
3.5,1,11,11,34
3.5,1,11,12,34
3.5,1,11,13,34
3.5,1,11,14,35
3.5,1,11,15,35
3.5,1,12,0,33
3.5,1,12,1,33
3.5,1,12,2,33
3.5,1,12,3,33
3.5,1,12,4,33
3.5,1,12,5,33
3.5,1,12,6,34
3.5,1,12,7,34
3.5,1,12,8,34
3.5,1,12,9,34
3.5,1,12,10,34
3.5,1,12,11,34
3.5,1,12,12,34
3.5,1,12,13,35
3.5,1,12,14,35
3.5,1,12,15,35
3.5,1,13,0,33
3.5,1,13,1,33
3.5,1,13,2,33
3.5,1,13,3,33
3.5,1,13,4,33
3.5,1,13,5,34
3.5,1,13,6,34
3.5,1,13,7,34
3.5,1,13,8,34
3.5,1,13,9,34
3.5,1,13,10,34
3.5,1,13,11,34
3.5,1,13,12,35
3.5,1,13,13,35
3.5,1,13,14,35
3.5,1,13,15,35
3.5,1,14,0,33
3.5,1,14,1,33
3.5,1,14,2,33
3.5,1,14,3,33
3.5,1,14,4,34
3.5,1,14,5,34
3.5,1,14,6,34
3.5,1,14,7,34
3.5,1,14,8,34
3.5,1,14,9,34
3.5,1,14,10,35
3.5,1,14,11,35
3.5,1,14,12,35
3.5,1,14,13,35
3.5,1,14,14,35
3.5,1,14,15,35
3.5,1,15,0,33
3.5,1,15,1,33
3.5,1,15,2,33
3.5,1,15,3,34
3.5,1,15,4,34
3.5,1,15,5,34
3.5,1,15,6,34
3.5,1,15,7,34
3.5,1,15,8,34
3.5,1,15,9,35
3.5,1,15,10,35
3.5,1,15,11,35
3.5,1,15,12,35
3.5,1,15,13,35
3.5,1,15,14,35
3.5,1,15,15,35
3.5,2,0,0,31
3.5,2,0,1,31
3.5,2,0,2,31
3.5,2,0,3,31
3.5,2,0,4,32
3.5,2,0,5,32
3.5,2,0,6,32
3.5,2,0,7,32
3.5,2,0,8,32
3.5,2,0,9,32
3.5,2,0,10,32
3.5,2,0,11,33
3.5,2,0,12,33
3.5,2,0,13,33
3.5,2,0,14,33
3.5,2,0,15,33
3.5,2,1,0,31
3.5,2,1,1,31
3.5,2,1,2,31
3.5,2,1,3,32
3.5,2,1,4,32
3.5,2,1,5,32
3.5,2,1,6,32
3.5,2,1,7,32
3.5,2,1,8,32
3.5,2,1,9,32
3.5,2,1,10,33
3.5,2,1,11,33
3.5,2,1,12,33
3.5,2,1,13,33
3.5,2,1,14,33
3.5,2,1,15,33
3.5,2,2,0,31
3.5,2,2,1,31
3.5,2,2,2,32
3.5,2,2,3,32
3.5,2,2,4,32
3.5,2,2,5,32
3.5,2,2,6,32
3.5,2,2,7,32
3.5,2,2,8,33
3.5,2,2,9,33
3.5,2,2,10,33
3.5,2,2,11,33
3.5,2,2,12,33
3.5,2,2,13,33
3.5,2,2,14,33
3.5,2,2,15,34
3.5,2,3,0,31
3.5,2,3,1,32
3.5,2,3,2,32
3.5,2,3,3,32
3.5,2,3,4,32
3.5,2,3,5,32
3.5,2,3,6,32
3.5,2,3,7,33
3.5,2,3,8,33
3.5,2,3,9,33
3.5,2,3,10,33
3.5,2,3,11,33
3.5,2,3,12,33
3.5,2,3,13,33
3.5,2,3,14,34
3.5,2,3,15,34
3.5,2,4,0,32
3.5,2,4,1,32
3.5,2,4,2,32
3.5,2,4,3,32
3.5,2,4,4,32
3.5,2,4,5,32
3.5,2,4,6,33
3.5,2,4,7,33
3.5,2,4,8,33
3.5,2,4,9,33
3.5,2,4,10,33
3.5,2,4,11,33
3.5,2,4,12,33
3.5,2,4,13,34
3.5,2,4,14,34
3.5,2,4,15,34
3.5,2,5,0,32
3.5,2,5,1,32
3.5,2,5,2,32
3.5,2,5,3,32
3.5,2,5,4,32
3.5,2,5,5,33
3.5,2,5,6,33
3.5,2,5,7,33
3.5,2,5,8,33
3.5,2,5,9,33
3.5,2,5,10,33
3.5,2,5,11,34
3.5,2,5,12,34
3.5,2,5,13,34
3.5,2,5,14,34
3.5,2,5,15,34
3.5,2,6,0,32
3.5,2,6,1,32
3.5,2,6,2,32
3.5,2,6,3,33
3.5,2,6,4,33
3.5,2,6,5,33
3.5,2,6,6,33
3.5,2,6,7,33
3.5,2,6,8,33
3.5,2,6,9,33
3.5,2,6,10,34
3.5,2,6,11,34
3.5,2,6,12,34
3.5,2,6,13,34
3.5,2,6,14,34
3.5,2,6,15,34
3.5,2,7,0,32
3.5,2,7,1,32
3.5,2,7,2,33
3.5,2,7,3,33
3.5,2,7,4,33
3.5,2,7,5,33
3.5,2,7,6,33
3.5,2,7,7,33
3.5,2,7,8,33
3.5,2,7,9,34
3.5,2,7,10,34
3.5,2,7,11,34
3.5,2,7,12,34
3.5,2,7,13,34
3.5,2,7,14,34
3.5,2,7,15,35
3.5,2,8,0,32
3.5,2,8,1,33
3.5,2,8,2,33
3.5,2,8,3,33
3.5,2,8,4,33
3.5,2,8,5,33
3.5,2,8,6,33
3.5,2,8,7,34
3.5,2,8,8,34
3.5,2,8,9,34
3.5,2,8,10,34
3.5,2,8,11,34
3.5,2,8,12,34
3.5,2,8,13,34
3.5,2,8,14,35
3.5,2,8,15,35
3.5,2,9,0,33
3.5,2,9,1,33
3.5,2,9,2,33
3.5,2,9,3,33
3.5,2,9,4,33
3.5,2,9,5,33
3.5,2,9,6,34
3.5,2,9,7,34
3.5,2,9,8,34
3.5,2,9,9,34
3.5,2,9,10,34
3.5,2,9,11,34
3.5,2,9,12,34
3.5,2,9,13,35
3.5,2,9,14,35
3.5,2,9,15,35
3.5,2,10,0,33
3.5,2,10,1,33
3.5,2,10,2,33
3.5,2,10,3,33
3.5,2,10,4,33
3.5,2,10,5,34
3.5,2,10,6,34
3.5,2,10,7,34
3.5,2,10,8,34
3.5,2,10,9,34
3.5,2,10,10,34
3.5,2,10,11,34
3.5,2,10,12,35
3.5,2,10,13,35
3.5,2,10,14,35
3.5,2,10,15,35
3.5,2,11,0,33
3.5,2,11,1,33
3.5,2,11,2,33
3.5,2,11,3,33
3.5,2,11,4,34
3.5,2,11,5,34
3.5,2,11,6,34
3.5,2,11,7,34
3.5,2,11,8,34
3.5,2,11,9,34
3.5,2,11,10,35
3.5,2,11,11,35
3.5,2,11,12,35
3.5,2,11,13,35
3.5,2,11,14,35
3.5,2,11,15,35
3.5,2,12,0,33
3.5,2,12,1,33
3.5,2,12,2,33
3.5,2,12,3,34
3.5,2,12,4,34
3.5,2,12,5,34
3.5,2,12,6,34
3.5,2,12,7,34
3.5,2,12,8,34
3.5,2,12,9,35
3.5,2,12,10,35
3.5,2,12,11,35
3.5,2,12,12,35
3.5,2,12,13,35
3.5,2,12,14,35
3.5,2,12,15,35
3.5,2,13,0,33
3.5,2,13,1,33
3.5,2,13,2,34
3.5,2,13,3,34
3.5,2,13,4,34
3.5,2,13,5,34
3.5,2,13,6,34
3.5,2,13,7,34
3.5,2,13,8,35
3.5,2,13,9,35
3.5,2,13,10,35
3.5,2,13,11,35
3.5,2,13,12,35
3.5,2,13,13,35
3.5,2,13,14,36
3.5,2,13,15,36
3.5,2,14,0,33
3.5,2,14,1,34
3.5,2,14,2,34
3.5,2,14,3,34
3.5,2,14,4,34
3.5,2,14,5,34
3.5,2,14,6,34
3.5,2,14,7,35
3.5,2,14,8,35
3.5,2,14,9,35
3.5,2,14,10,35
3.5,2,14,11,35
3.5,2,14,12,35
3.5,2,14,13,36
3.5,2,14,14,36
3.5,2,14,15,36
3.5,2,15,0,34
3.5,2,15,1,34
3.5,2,15,2,34
3.5,2,15,3,34
3.5,2,15,4,34
3.5,2,15,5,34
3.5,2,15,6,35
3.5,2,15,7,35
3.5,2,15,8,35
3.5,2,15,9,35
3.5,2,15,10,35
3.5,2,15,11,35
3.5,2,15,12,36
3.5,2,15,13,36
3.5,2,15,14,36
3.5,2,15,15,36
3.5,3,0,0,31
3.5,3,0,1,32
3.5,3,0,2,32
3.5,3,0,3,32
3.5,3,0,4,32
3.5,3,0,5,32
3.5,3,0,6,32
3.5,3,0,7,33
3.5,3,0,8,33
3.5,3,0,9,33
3.5,3,0,10,33
3.5,3,0,11,33
3.5,3,0,12,33
3.5,3,0,13,33
3.5,3,0,14,34
3.5,3,0,15,34
3.5,3,1,0,32
3.5,3,1,1,32
3.5,3,1,2,32
3.5,3,1,3,32
3.5,3,1,4,32
3.5,3,1,5,32
3.5,3,1,6,33
3.5,3,1,7,33
3.5,3,1,8,33
3.5,3,1,9,33
3.5,3,1,10,33
3.5,3,1,11,33
3.5,3,1,12,33
3.5,3,1,13,34
3.5,3,1,14,34
3.5,3,1,15,34
3.5,3,2,0,32
3.5,3,2,1,32
3.5,3,2,2,32
3.5,3,2,3,32
3.5,3,2,4,32
3.5,3,2,5,33
3.5,3,2,6,33
3.5,3,2,7,33
3.5,3,2,8,33
3.5,3,2,9,33
3.5,3,2,10,33
3.5,3,2,11,34
3.5,3,2,12,34
3.5,3,2,13,34
3.5,3,2,14,34
3.5,3,2,15,34
3.5,3,3,0,32
3.5,3,3,1,32
3.5,3,3,2,32
3.5,3,3,3,32
3.5,3,3,4,33
3.5,3,3,5,33
3.5,3,3,6,33
3.5,3,3,7,33
3.5,3,3,8,33
3.5,3,3,9,33
3.5,3,3,10,34
3.5,3,3,11,34
3.5,3,3,12,34
3.5,3,3,13,34
3.5,3,3,14,34
3.5,3,3,15,34
3.5,3,4,0,32
3.5,3,4,1,32
3.5,3,4,2,33
3.5,3,4,3,33
3.5,3,4,4,33
3.5,3,4,5,33
3.5,3,4,6,33
3.5,3,4,7,33
3.5,3,4,8,33
3.5,3,4,9,34
3.5,3,4,10,34
3.5,3,4,11,34
3.5,3,4,12,34
3.5,3,4,13,34
3.5,3,4,14,34
3.5,3,4,15,35
3.5,3,5,0,32
3.5,3,5,1,33
3.5,3,5,2,33
3.5,3,5,3,33
3.5,3,5,4,33
3.5,3,5,5,33
3.5,3,5,6,33
3.5,3,5,7,33
3.5,3,5,8,34
3.5,3,5,9,34
3.5,3,5,10,34
3.5,3,5,11,34
3.5,3,5,12,34
3.5,3,5,13,34
3.5,3,5,14,35
3.5,3,5,15,35
3.5,3,6,0,33
3.5,3,6,1,33
3.5,3,6,2,33
3.5,3,6,3,33
3.5,3,6,4,33
3.5,3,6,5,33
3.5,3,6,6,34
3.5,3,6,7,34
3.5,3,6,8,34
3.5,3,6,9,34
3.5,3,6,10,34
3.5,3,6,11,34
3.5,3,6,12,34
3.5,3,6,13,35
3.5,3,6,14,35
3.5,3,6,15,35
3.5,3,7,0,33
3.5,3,7,1,33
3.5,3,7,2,33
3.5,3,7,3,33
3.5,3,7,4,33
3.5,3,7,5,34
3.5,3,7,6,34
3.5,3,7,7,34
3.5,3,7,8,34
3.5,3,7,9,34
3.5,3,7,10,34
3.5,3,7,11,34
3.5,3,7,12,35
3.5,3,7,13,35
3.5,3,7,14,35
3.5,3,7,15,35
3.5,3,8,0,33
3.5,3,8,1,33
3.5,3,8,2,33
3.5,3,8,3,33
3.5,3,8,4,34
3.5,3,8,5,34
3.5,3,8,6,34
3.5,3,8,7,34
3.5,3,8,8,34
3.5,3,8,9,34
3.5,3,8,10,35
3.5,3,8,11,35
3.5,3,8,12,35
3.5,3,8,13,35
3.5,3,8,14,35
3.5,3,8,15,35
3.5,3,9,0,33
3.5,3,9,1,33
3.5,3,9,2,33
3.5,3,9,3,34
3.5,3,9,4,34
3.5,3,9,5,34
3.5,3,9,6,34
3.5,3,9,7,34
3.5,3,9,8,34
3.5,3,9,9,35
3.5,3,9,10,35
3.5,3,9,11,35
3.5,3,9,12,35
3.5,3,9,13,35
3.5,3,9,14,35
3.5,3,9,15,36
3.5,3,10,0,33
3.5,3,10,1,33
3.5,3,10,2,34
3.5,3,10,3,34
3.5,3,10,4,34
3.5,3,10,5,34
3.5,3,10,6,34
3.5,3,10,7,34
3.5,3,10,8,35
3.5,3,10,9,35
3.5,3,10,10,35
3.5,3,10,11,35
3.5,3,10,12,35
3.5,3,10,13,35
3.5,3,10,14,36
3.5,3,10,15,36
3.5,3,11,0,33
3.5,3,11,1,34
3.5,3,11,2,34
3.5,3,11,3,34
3.5,3,11,4,34
3.5,3,11,5,34
3.5,3,11,6,34
3.5,3,11,7,35
3.5,3,11,8,35
3.5,3,11,9,35
3.5,3,11,10,35
3.5,3,11,11,35
3.5,3,11,12,35
3.5,3,11,13,36
3.5,3,11,14,36
3.5,3,11,15,36
3.5,3,12,0,34
3.5,3,12,1,34
3.5,3,12,2,34
3.5,3,12,3,34
3.5,3,12,4,34
3.5,3,12,5,34
3.5,3,12,6,35
3.5,3,12,7,35
3.5,3,12,8,35
3.5,3,12,9,35
3.5,3,12,10,35
3.5,3,12,11,35
3.5,3,12,12,36
3.5,3,12,13,36
3.5,3,12,14,36
3.5,3,12,15,36
3.5,3,13,0,34
3.5,3,13,1,34
3.5,3,13,2,34
3.5,3,13,3,34
3.5,3,13,4,35
3.5,3,13,5,35
3.5,3,13,6,35
3.5,3,13,7,35
3.5,3,13,8,35
3.5,3,13,9,35
3.5,3,13,10,35
3.5,3,13,11,36
3.5,3,13,12,36
3.5,3,13,13,36
3.5,3,13,14,36
3.5,3,13,15,36
3.5,3,14,0,34
3.5,3,14,1,34
3.5,3,14,2,34
3.5,3,14,3,35
3.5,3,14,4,35
3.5,3,14,5,35
3.5,3,14,6,35
3.5,3,14,7,35
3.5,3,14,8,35
3.5,3,14,9,36
3.5,3,14,10,36
3.5,3,14,11,36
3.5,3,14,12,36
3.5,3,14,13,36
3.5,3,14,14,36
3.5,3,14,15,36
3.5,3,15,0,34
3.5,3,15,1,34
3.5,3,15,2,35
3.5,3,15,3,35
3.5,3,15,4,35
3.5,3,15,5,35
3.5,3,15,6,35
3.5,3,15,7,35
3.5,3,15,8,36
3.5,3,15,9,36
3.5,3,15,10,36
3.5,3,15,11,36
3.5,3,15,12,36
3.5,3,15,13,36
3.5,3,15,14,36
3.5,3,15,15,37
3.5,4,0,0,32
3.5,4,0,1,32
3.5,4,0,2,32
3.5,4,0,3,32
3.5,4,0,4,33
3.5,4,0,5,33
3.5,4,0,6,33
3.5,4,0,7,33
3.5,4,0,8,33
3.5,4,0,9,33
3.5,4,0,10,33
3.5,4,0,11,34
3.5,4,0,12,34
3.5,4,0,13,34
3.5,4,0,14,34
3.5,4,0,15,34
3.5,4,1,0,32
3.5,4,1,1,32
3.5,4,1,2,32
3.5,4,1,3,33
3.5,4,1,4,33
3.5,4,1,5,33
3.5,4,1,6,33
3.5,4,1,7,33
3.5,4,1,8,33
3.5,4,1,9,34
3.5,4,1,10,34
3.5,4,1,11,34
3.5,4,1,12,34
3.5,4,1,13,34
3.5,4,1,14,34
3.5,4,1,15,34
3.5,4,2,0,32
3.5,4,2,1,32
3.5,4,2,2,33
3.5,4,2,3,33
3.5,4,2,4,33
3.5,4,2,5,33
3.5,4,2,6,33
3.5,4,2,7,33
3.5,4,2,8,34
3.5,4,2,9,34
3.5,4,2,10,34
3.5,4,2,11,34
3.5,4,2,12,34
3.5,4,2,13,34
3.5,4,2,14,35
3.5,4,2,15,35
3.5,4,3,0,33
3.5,4,3,1,33
3.5,4,3,2,33
3.5,4,3,3,33
3.5,4,3,4,33
3.5,4,3,5,33
3.5,4,3,6,33
3.5,4,3,7,34
3.5,4,3,8,34
3.5,4,3,9,34
3.5,4,3,10,34
3.5,4,3,11,34
3.5,4,3,12,34
3.5,4,3,13,35
3.5,4,3,14,35
3.5,4,3,15,35
3.5,4,4,0,33
3.5,4,4,1,33
3.5,4,4,2,33
3.5,4,4,3,33
3.5,4,4,4,33
3.5,4,4,5,34
3.5,4,4,6,34
3.5,4,4,7,34
3.5,4,4,8,34
3.5,4,4,9,34
3.5,4,4,10,34
3.5,4,4,11,34
3.5,4,4,12,35
3.5,4,4,13,35
3.5,4,4,14,35
3.5,4,4,15,35
3.5,4,5,0,33
3.5,4,5,1,33
3.5,4,5,2,33
3.5,4,5,3,33
3.5,4,5,4,34
3.5,4,5,5,34
3.5,4,5,6,34
3.5,4,5,7,34
3.5,4,5,8,34
3.5,4,5,9,34
3.5,4,5,10,35
3.5,4,5,11,35
3.5,4,5,12,35
3.5,4,5,13,35
3.5,4,5,14,35
3.5,4,5,15,35
3.5,4,6,0,33
3.5,4,6,1,33
3.5,4,6,2,33
3.5,4,6,3,34
3.5,4,6,4,34
3.5,4,6,5,34
3.5,4,6,6,34
3.5,4,6,7,34
3.5,4,6,8,34
3.5,4,6,9,35
3.5,4,6,10,35
3.5,4,6,11,35
3.5,4,6,12,35
3.5,4,6,13,35
3.5,4,6,14,35
3.5,4,6,15,35
3.5,4,7,0,33
3.5,4,7,1,33
3.5,4,7,2,34
3.5,4,7,3,34
3.5,4,7,4,34
3.5,4,7,5,34
3.5,4,7,6,34
3.5,4,7,7,34
3.5,4,7,8,35
3.5,4,7,9,35
3.5,4,7,10,35
3.5,4,7,11,35
3.5,4,7,12,35
3.5,4,7,13,35
3.5,4,7,14,36
3.5,4,7,15,36
3.5,4,8,0,33
3.5,4,8,1,34
3.5,4,8,2,34
3.5,4,8,3,34
3.5,4,8,4,34
3.5,4,8,5,34
3.5,4,8,6,34
3.5,4,8,7,35
3.5,4,8,8,35
3.5,4,8,9,35
3.5,4,8,10,35
3.5,4,8,11,35
3.5,4,8,12,35
3.5,4,8,13,36
3.5,4,8,14,36
3.5,4,8,15,36
3.5,4,9,0,34
3.5,4,9,1,34
3.5,4,9,2,34
3.5,4,9,3,34
3.5,4,9,4,34
3.5,4,9,5,34
3.5,4,9,6,35
3.5,4,9,7,35
3.5,4,9,8,35
3.5,4,9,9,35
3.5,4,9,10,35
3.5,4,9,11,35
3.5,4,9,12,36
3.5,4,9,13,36
3.5,4,9,14,36
3.5,4,9,15,36
3.5,4,10,0,34
3.5,4,10,1,34
3.5,4,10,2,34
3.5,4,10,3,34
3.5,4,10,4,35
3.5,4,10,5,35
3.5,4,10,6,35
3.5,4,10,7,35
3.5,4,10,8,35
3.5,4,10,9,35
3.5,4,10,10,35
3.5,4,10,11,36
3.5,4,10,12,36
3.5,4,10,13,36
3.5,4,10,14,36
3.5,4,10,15,36
3.5,4,11,0,34
3.5,4,11,1,34
3.5,4,11,2,34
3.5,4,11,3,35
3.5,4,11,4,35
3.5,4,11,5,35
3.5,4,11,6,35
3.5,4,11,7,35
3.5,4,11,8,35
3.5,4,11,9,36
3.5,4,11,10,36
3.5,4,11,11,36
3.5,4,11,12,36
3.5,4,11,13,36
3.5,4,11,14,36
3.5,4,11,15,36
3.5,4,12,0,34
3.5,4,12,1,34
3.5,4,12,2,35
3.5,4,12,3,35
3.5,4,12,4,35
3.5,4,12,5,35
3.5,4,12,6,35
3.5,4,12,7,35
3.5,4,12,8,36
3.5,4,12,9,36
3.5,4,12,10,36
3.5,4,12,11,36
3.5,4,12,12,36
3.5,4,12,13,36
3.5,4,12,14,37
3.5,4,12,15,37
3.5,4,13,0,34
3.5,4,13,1,35
3.5,4,13,2,35
3.5,4,13,3,35
3.5,4,13,4,35
3.5,4,13,5,35
3.5,4,13,6,35
3.5,4,13,7,36
3.5,4,13,8,36
3.5,4,13,9,36
3.5,4,13,10,36
3.5,4,13,11,36
3.5,4,13,12,36
3.5,4,13,13,37
3.5,4,13,14,37
3.5,4,13,15,37
3.5,4,14,0,35
3.5,4,14,1,35
3.5,4,14,2,35
3.5,4,14,3,35
3.5,4,14,4,35
3.5,4,14,5,35
3.5,4,14,6,36
3.5,4,14,7,36
3.5,4,14,8,36
3.5,4,14,9,36
3.5,4,14,10,36
3.5,4,14,11,36
3.5,4,14,12,37
3.5,4,14,13,37
3.5,4,14,14,37
3.5,4,14,15,37
3.5,4,15,0,35
3.5,4,15,1,35
3.5,4,15,2,35
3.5,4,15,3,35
3.5,4,15,4,35
3.5,4,15,5,36
3.5,4,15,6,36
3.5,4,15,7,36
3.5,4,15,8,36
3.5,4,15,9,36
3.5,4,15,10,36
3.5,4,15,11,37
3.5,4,15,12,37
3.5,4,15,13,37
3.5,4,15,14,37
3.5,4,15,15,37
3.5,5,0,0,32
3.5,5,0,1,33
3.5,5,0,2,33
3.5,5,0,3,33
3.5,5,0,4,33
3.5,5,0,5,33
3.5,5,0,6,33
3.5,5,0,7,34
3.5,5,0,8,34
3.5,5,0,9,34
3.5,5,0,10,34
3.5,5,0,11,34
3.5,5,0,12,34
3.5,5,0,13,34
3.5,5,0,14,35
3.5,5,0,15,35
3.5,5,1,0,33
3.5,5,1,1,33
3.5,5,1,2,33
3.5,5,1,3,33
3.5,5,1,4,33
3.5,5,1,5,33
3.5,5,1,6,34
3.5,5,1,7,34
3.5,5,1,8,34
3.5,5,1,9,34
3.5,5,1,10,34
3.5,5,1,11,34
3.5,5,1,12,35
3.5,5,1,13,35
3.5,5,1,14,35
3.5,5,1,15,35
3.5,5,2,0,33
3.5,5,2,1,33
3.5,5,2,2,33
3.5,5,2,3,33
3.5,5,2,4,33
3.5,5,2,5,34
3.5,5,2,6,34
3.5,5,2,7,34
3.5,5,2,8,34
3.5,5,2,9,34
3.5,5,2,10,34
3.5,5,2,11,35
3.5,5,2,12,35
3.5,5,2,13,35
3.5,5,2,14,35
3.5,5,2,15,35
3.5,5,3,0,33
3.5,5,3,1,33
3.5,5,3,2,33
3.5,5,3,3,34
3.5,5,3,4,34
3.5,5,3,5,34
3.5,5,3,6,34
3.5,5,3,7,34
3.5,5,3,8,34
3.5,5,3,9,34
3.5,5,3,10,35
3.5,5,3,11,35
3.5,5,3,12,35
3.5,5,3,13,35
3.5,5,3,14,35
3.5,5,3,15,35
3.5,5,4,0,33
3.5,5,4,1,33
3.5,5,4,2,34
3.5,5,4,3,34
3.5,5,4,4,34
3.5,5,4,5,34
3.5,5,4,6,34
3.5,5,4,7,34
3.5,5,4,8,35
3.5,5,4,9,35
3.5,5,4,10,35
3.5,5,4,11,35
3.5,5,4,12,35
3.5,5,4,13,35
3.5,5,4,14,35
3.5,5,4,15,36
3.5,5,5,0,33
3.5,5,5,1,34
3.5,5,5,2,34
3.5,5,5,3,34
3.5,5,5,4,34
3.5,5,5,5,34
3.5,5,5,6,34
3.5,5,5,7,35
3.5,5,5,8,35
3.5,5,5,9,35
3.5,5,5,10,35
3.5,5,5,11,35
3.5,5,5,12,35
3.5,5,5,13,36
3.5,5,5,14,36
3.5,5,5,15,36
3.5,5,6,0,34
3.5,5,6,1,34
3.5,5,6,2,34
3.5,5,6,3,34
3.5,5,6,4,34
3.5,5,6,5,34
3.5,5,6,6,35
3.5,5,6,7,35
3.5,5,6,8,35
3.5,5,6,9,35
3.5,5,6,10,35
3.5,5,6,11,35
3.5,5,6,12,36
3.5,5,6,13,36
3.5,5,6,14,36
3.5,5,6,15,36
3.5,5,7,0,34
3.5,5,7,1,34
3.5,5,7,2,34
3.5,5,7,3,34
3.5,5,7,4,34
3.5,5,7,5,35
3.5,5,7,6,35
3.5,5,7,7,35
3.5,5,7,8,35
3.5,5,7,9,35
3.5,5,7,10,35
3.5,5,7,11,36
3.5,5,7,12,36
3.5,5,7,13,36
3.5,5,7,14,36
3.5,5,7,15,36
3.5,5,8,0,34
3.5,5,8,1,34
3.5,5,8,2,34
3.5,5,8,3,35
3.5,5,8,4,35
3.5,5,8,5,35
3.5,5,8,6,35
3.5,5,8,7,35
3.5,5,8,8,35
3.5,5,8,9,35
3.5,5,8,10,36
3.5,5,8,11,36
3.5,5,8,12,36
3.5,5,8,13,36
3.5,5,8,14,36
3.5,5,8,15,36
3.5,5,9,0,34
3.5,5,9,1,34
3.5,5,9,2,35
3.5,5,9,3,35
3.5,5,9,4,35
3.5,5,9,5,35
3.5,5,9,6,35
3.5,5,9,7,35
3.5,5,9,8,36
3.5,5,9,9,36
3.5,5,9,10,36
3.5,5,9,11,36
3.5,5,9,12,36
3.5,5,9,13,36
3.5,5,9,14,37
3.5,5,9,15,37
3.5,5,10,0,34
3.5,5,10,1,35
3.5,5,10,2,35
3.5,5,10,3,35
3.5,5,10,4,35
3.5,5,10,5,35
3.5,5,10,6,35
3.5,5,10,7,36
3.5,5,10,8,36
3.5,5,10,9,36
3.5,5,10,10,36
3.5,5,10,11,36
3.5,5,10,12,36
3.5,5,10,13,37
3.5,5,10,14,37
3.5,5,10,15,37
3.5,5,11,0,35
3.5,5,11,1,35
3.5,5,11,2,35
3.5,5,11,3,35
3.5,5,11,4,35
3.5,5,11,5,35
3.5,5,11,6,36
3.5,5,11,7,36
3.5,5,11,8,36
3.5,5,11,9,36
3.5,5,11,10,36
3.5,5,11,11,36
3.5,5,11,12,37
3.5,5,11,13,37
3.5,5,11,14,37
3.5,5,11,15,37
3.5,5,12,0,35
3.5,5,12,1,35
3.5,5,12,2,35
3.5,5,12,3,35
3.5,5,12,4,35
3.5,5,12,5,36
3.5,5,12,6,36
3.5,5,12,7,36
3.5,5,12,8,36
3.5,5,12,9,36
3.5,5,12,10,36
3.5,5,12,11,37
3.5,5,12,12,37
3.5,5,12,13,37
3.5,5,12,14,37
3.5,5,12,15,37
3.5,5,13,0,35
3.5,5,13,1,35
3.5,5,13,2,35
3.5,5,13,3,35
3.5,5,13,4,36
3.5,5,13,5,36
3.5,5,13,6,36
3.5,5,13,7,36
3.5,5,13,8,36
3.5,5,13,9,36
3.5,5,13,10,37
3.5,5,13,11,37
3.5,5,13,12,37
3.5,5,13,13,37
3.5,5,13,14,37
3.5,5,13,15,37
3.5,5,14,0,35
3.5,5,14,1,35
3.5,5,14,2,35
3.5,5,14,3,36
3.5,5,14,4,36
3.5,5,14,5,36
3.5,5,14,6,36
3.5,5,14,7,36
3.5,5,14,8,36
3.5,5,14,9,37
3.5,5,14,10,37
3.5,5,14,11,37
3.5,5,14,12,37
3.5,5,14,13,37
3.5,5,14,14,37
3.5,5,14,15,38
3.5,5,15,0,35
3.5,5,15,1,35
3.5,5,15,2,36
3.5,5,15,3,36
3.5,5,15,4,36
3.5,5,15,5,36
3.5,5,15,6,36
3.5,5,15,7,37
3.5,5,15,8,37
3.5,5,15,9,37
3.5,5,15,10,37
3.5,5,15,11,37
3.5,5,15,12,37
3.5,5,15,13,38
3.5,5,15,14,38
3.5,5,15,15,38
3.5,6,0,0,33
3.5,6,0,1,33
3.5,6,0,2,33
3.5,6,0,3,33
3.5,6,0,4,34
3.5,6,0,5,34
3.5,6,0,6,34
3.5,6,0,7,34
3.5,6,0,8,34
3.5,6,0,9,34
3.5,6,0,10,35
3.5,6,0,11,35
3.5,6,0,12,35
3.5,6,0,13,35
3.5,6,0,14,35
3.5,6,0,15,35
3.5,6,1,0,33
3.5,6,1,1,33
3.5,6,1,2,34
3.5,6,1,3,34
3.5,6,1,4,34
3.5,6,1,5,34
3.5,6,1,6,34
3.5,6,1,7,34
3.5,6,1,8,34
3.5,6,1,9,35
3.5,6,1,10,35
3.5,6,1,11,35
3.5,6,1,12,35
3.5,6,1,13,35
3.5,6,1,14,35
3.5,6,1,15,36
3.5,6,2,0,33
3.5,6,2,1,34
3.5,6,2,2,34
3.5,6,2,3,34
3.5,6,2,4,34
3.5,6,2,5,34
3.5,6,2,6,34
3.5,6,2,7,35
3.5,6,2,8,35
3.5,6,2,9,35
3.5,6,2,10,35
3.5,6,2,11,35
3.5,6,2,12,35
3.5,6,2,13,35
3.5,6,2,14,36
3.5,6,2,15,36
3.5,6,3,0,34
3.5,6,3,1,34
3.5,6,3,2,34
3.5,6,3,3,34
3.5,6,3,4,34
3.5,6,3,5,34
3.5,6,3,6,35
3.5,6,3,7,35
3.5,6,3,8,35
3.5,6,3,9,35
3.5,6,3,10,35
3.5,6,3,11,35
3.5,6,3,12,36
3.5,6,3,13,36
3.5,6,3,14,36
3.5,6,3,15,36
3.5,6,4,0,34
3.5,6,4,1,34
3.5,6,4,2,34
3.5,6,4,3,34
3.5,6,4,4,34
3.5,6,4,5,35
3.5,6,4,6,35
3.5,6,4,7,35
3.5,6,4,8,35
3.5,6,4,9,35
3.5,6,4,10,35
3.5,6,4,11,36
3.5,6,4,12,36
3.5,6,4,13,36
3.5,6,4,14,36
3.5,6,4,15,36
3.5,6,5,0,34
3.5,6,5,1,34
3.5,6,5,2,34
3.5,6,5,3,34
3.5,6,5,4,35
3.5,6,5,5,35
3.5,6,5,6,35
3.5,6,5,7,35
3.5,6,5,8,35
3.5,6,5,9,35
3.5,6,5,10,36
3.5,6,5,11,36
3.5,6,5,12,36
3.5,6,5,13,36
3.5,6,5,14,36
3.5,6,5,15,36
3.5,6,6,0,34
3.5,6,6,1,34
3.5,6,6,2,34
3.5,6,6,3,35
3.5,6,6,4,35
3.5,6,6,5,35
3.5,6,6,6,35
3.5,6,6,7,35
3.5,6,6,8,35
3.5,6,6,9,36
3.5,6,6,10,36
3.5,6,6,11,36
3.5,6,6,12,36
3.5,6,6,13,36
3.5,6,6,14,36
3.5,6,6,15,37
3.5,6,7,0,34
3.5,6,7,1,35
3.5,6,7,2,35
3.5,6,7,3,35
3.5,6,7,4,35
3.5,6,7,5,35
3.5,6,7,6,35
3.5,6,7,7,36
3.5,6,7,8,36
3.5,6,7,9,36
3.5,6,7,10,36
3.5,6,7,11,36
3.5,6,7,12,36
3.5,6,7,13,37
3.5,6,7,14,37
3.5,6,7,15,37
3.5,6,8,0,35
3.5,6,8,1,35
3.5,6,8,2,35
3.5,6,8,3,35
3.5,6,8,4,35
3.5,6,8,5,35
3.5,6,8,6,36
3.5,6,8,7,36
3.5,6,8,8,36
3.5,6,8,9,36
3.5,6,8,10,36
3.5,6,8,11,36
3.5,6,8,12,37
3.5,6,8,13,37
3.5,6,8,14,37
3.5,6,8,15,37
3.5,6,9,0,35
3.5,6,9,1,35
3.5,6,9,2,35
3.5,6,9,3,35
3.5,6,9,4,35
3.5,6,9,5,36
3.5,6,9,6,36
3.5,6,9,7,36
3.5,6,9,8,36
3.5,6,9,9,36
3.5,6,9,10,36
3.5,6,9,11,37
3.5,6,9,12,37
3.5,6,9,13,37
3.5,6,9,14,37
3.5,6,9,15,37
3.5,6,10,0,35
3.5,6,10,1,35
3.5,6,10,2,35
3.5,6,10,3,35
3.5,6,10,4,36
3.5,6,10,5,36
3.5,6,10,6,36
3.5,6,10,7,36
3.5,6,10,8,36
3.5,6,10,9,36
3.5,6,10,10,37
3.5,6,10,11,37
3.5,6,10,12,37
3.5,6,10,13,37
3.5,6,10,14,37
3.5,6,10,15,37
3.5,6,11,0,35
3.5,6,11,1,35
3.5,6,11,2,35
3.5,6,11,3,36
3.5,6,11,4,36
3.5,6,11,5,36
3.5,6,11,6,36
3.5,6,11,7,36
3.5,6,11,8,36
3.5,6,11,9,37
3.5,6,11,10,37
3.5,6,11,11,37
3.5,6,11,12,37
3.5,6,11,13,37
3.5,6,11,14,37
3.5,6,11,15,38
3.5,6,12,0,35
3.5,6,12,1,35
3.5,6,12,2,36
3.5,6,12,3,36
3.5,6,12,4,36
3.5,6,12,5,36
3.5,6,12,6,36
3.5,6,12,7,37
3.5,6,12,8,37
3.5,6,12,9,37
3.5,6,12,10,37
3.5,6,12,11,37
3.5,6,12,12,37
3.5,6,12,13,38
3.5,6,12,14,38
3.5,6,12,15,38
3.5,6,13,0,35
3.5,6,13,1,36
3.5,6,13,2,36
3.5,6,13,3,36
3.5,6,13,4,36
3.5,6,13,5,36
3.5,6,13,6,37
3.5,6,13,7,37
3.5,6,13,8,37
3.5,6,13,9,37
3.5,6,13,10,37
3.5,6,13,11,37
3.5,6,13,12,38
3.5,6,13,13,38
3.5,6,13,14,38
3.5,6,13,15,38
3.5,6,14,0,36
3.5,6,14,1,36
3.5,6,14,2,36
3.5,6,14,3,36
3.5,6,14,4,36
3.5,6,14,5,37
3.5,6,14,6,37
3.5,6,14,7,37
3.5,6,14,8,37
3.5,6,14,9,37
3.5,6,14,10,37
3.5,6,14,11,38
3.5,6,14,12,38
3.5,6,14,13,38
3.5,6,14,14,38
3.5,6,14,15,38
3.5,6,15,0,36
3.5,6,15,1,36
3.5,6,15,2,36
3.5,6,15,3,36
3.5,6,15,4,37
3.5,6,15,5,37
3.5,6,15,6,37
3.5,6,15,7,37
3.5,6,15,8,37
3.5,6,15,9,37
3.5,6,15,10,38
3.5,6,15,11,38
3.5,6,15,12,38
3.5,6,15,13,38
3.5,6,15,14,38
3.5,6,15,15,38
3.5,7,0,0,33
3.5,7,0,1,34
3.5,7,0,2,34
3.5,7,0,3,34
3.5,7,0,4,34
3.5,7,0,5,34
3.5,7,0,6,34
3.5,7,0,7,35
3.5,7,0,8,35
3.5,7,0,9,35
3.5,7,0,10,35
3.5,7,0,11,35
3.5,7,0,12,35
3.5,7,0,13,36
3.5,7,0,14,36
3.5,7,0,15,36
3.5,7,1,0,34
3.5,7,1,1,34
3.5,7,1,2,34
3.5,7,1,3,34
3.5,7,1,4,34
3.5,7,1,5,35
3.5,7,1,6,35
3.5,7,1,7,35
3.5,7,1,8,35
3.5,7,1,9,35
3.5,7,1,10,35
3.5,7,1,11,35
3.5,7,1,12,36
3.5,7,1,13,36
3.5,7,1,14,36
3.5,7,1,15,36
3.5,7,2,0,34
3.5,7,2,1,34
3.5,7,2,2,34
3.5,7,2,3,34
3.5,7,2,4,35
3.5,7,2,5,35
3.5,7,2,6,35
3.5,7,2,7,35
3.5,7,2,8,35
3.5,7,2,9,35
3.5,7,2,10,36
3.5,7,2,11,36
3.5,7,2,12,36
3.5,7,2,13,36
3.5,7,2,14,36
3.5,7,2,15,36
3.5,7,3,0,34
3.5,7,3,1,34
3.5,7,3,2,34
3.5,7,3,3,35
3.5,7,3,4,35
3.5,7,3,5,35
3.5,7,3,6,35
3.5,7,3,7,35
3.5,7,3,8,35
3.5,7,3,9,36
3.5,7,3,10,36
3.5,7,3,11,36
3.5,7,3,12,36
3.5,7,3,13,36
3.5,7,3,14,36
3.5,7,3,15,37
3.5,7,4,0,34
3.5,7,4,1,34
3.5,7,4,2,35
3.5,7,4,3,35
3.5,7,4,4,35
3.5,7,4,5,35
3.5,7,4,6,35
3.5,7,4,7,35
3.5,7,4,8,36
3.5,7,4,9,36
3.5,7,4,10,36
3.5,7,4,11,36
3.5,7,4,12,36
3.5,7,4,13,36
3.5,7,4,14,37
3.5,7,4,15,37
3.5,7,5,0,34
3.5,7,5,1,35
3.5,7,5,2,35
3.5,7,5,3,35
3.5,7,5,4,35
3.5,7,5,5,35
3.5,7,5,6,36
3.5,7,5,7,36
3.5,7,5,8,36
3.5,7,5,9,36
3.5,7,5,10,36
3.5,7,5,11,36
3.5,7,5,12,36
3.5,7,5,13,37
3.5,7,5,14,37
3.5,7,5,15,37
3.5,7,6,0,35
3.5,7,6,1,35
3.5,7,6,2,35
3.5,7,6,3,35
3.5,7,6,4,35
3.5,7,6,5,36
3.5,7,6,6,36
3.5,7,6,7,36
3.5,7,6,8,36
3.5,7,6,9,36
3.5,7,6,10,36
3.5,7,6,11,37
3.5,7,6,12,37
3.5,7,6,13,37
3.5,7,6,14,37
3.5,7,6,15,37
3.5,7,7,0,35
3.5,7,7,1,35
3.5,7,7,2,35
3.5,7,7,3,35
3.5,7,7,4,36
3.5,7,7,5,36
3.5,7,7,6,36
3.5,7,7,7,36
3.5,7,7,8,36
3.5,7,7,9,36
3.5,7,7,10,37
3.5,7,7,11,37
3.5,7,7,12,37
3.5,7,7,13,37
3.5,7,7,14,37
3.5,7,7,15,37
3.5,7,8,0,35
3.5,7,8,1,35
3.5,7,8,2,35
3.5,7,8,3,36
3.5,7,8,4,36
3.5,7,8,5,36
3.5,7,8,6,36
3.5,7,8,7,36
3.5,7,8,8,36
3.5,7,8,9,37
3.5,7,8,10,37
3.5,7,8,11,37
3.5,7,8,12,37
3.5,7,8,13,37
3.5,7,8,14,37
3.5,7,8,15,38
3.5,7,9,0,35
3.5,7,9,1,35
3.5,7,9,2,36
3.5,7,9,3,36
3.5,7,9,4,36
3.5,7,9,5,36
3.5,7,9,6,36
3.5,7,9,7,36
3.5,7,9,8,37
3.5,7,9,9,37
3.5,7,9,10,37
3.5,7,9,11,37
3.5,7,9,12,37
3.5,7,9,13,37
3.5,7,9,14,38
3.5,7,9,15,38
3.5,7,10,0,35
3.5,7,10,1,36
3.5,7,10,2,36
3.5,7,10,3,36
3.5,7,10,4,36
3.5,7,10,5,36
3.5,7,10,6,37
3.5,7,10,7,37
3.5,7,10,8,37
3.5,7,10,9,37
3.5,7,10,10,37
3.5,7,10,11,37
3.5,7,10,12,38
3.5,7,10,13,38
3.5,7,10,14,38
3.5,7,10,15,38
3.5,7,11,0,36
3.5,7,11,1,36
3.5,7,11,2,36
3.5,7,11,3,36
3.5,7,11,4,36
3.5,7,11,5,37
3.5,7,11,6,37
3.5,7,11,7,37
3.5,7,11,8,37
3.5,7,11,9,37
3.5,7,11,10,37
3.5,7,11,11,38
3.5,7,11,12,38
3.5,7,11,13,38
3.5,7,11,14,38
3.5,7,11,15,38
3.5,7,12,0,36
3.5,7,12,1,36
3.5,7,12,2,36
3.5,7,12,3,36
3.5,7,12,4,37
3.5,7,12,5,37
3.5,7,12,6,37
3.5,7,12,7,37
3.5,7,12,8,37
3.5,7,12,9,37
3.5,7,12,10,38
3.5,7,12,11,38
3.5,7,12,12,38
3.5,7,12,13,38
3.5,7,12,14,38
3.5,7,12,15,38
3.5,7,13,0,36
3.5,7,13,1,36
3.5,7,13,2,36
3.5,7,13,3,37
3.5,7,13,4,37
3.5,7,13,5,37
3.5,7,13,6,37
3.5,7,13,7,37
3.5,7,13,8,37
3.5,7,13,9,38
3.5,7,13,10,38
3.5,7,13,11,38
3.5,7,13,12,38
3.5,7,13,13,38
3.5,7,13,14,38
3.5,7,13,15,39
3.5,7,14,0,36
3.5,7,14,1,36
3.5,7,14,2,37
3.5,7,14,3,37
3.5,7,14,4,37
3.5,7,14,5,37
3.5,7,14,6,37
3.5,7,14,7,37
3.5,7,14,8,38
3.5,7,14,9,38
3.5,7,14,10,38
3.5,7,14,11,38
3.5,7,14,12,38
3.5,7,14,13,39
3.5,7,14,14,39
3.5,7,14,15,39
3.5,7,15,0,36
3.5,7,15,1,37
3.5,7,15,2,37
3.5,7,15,3,37
3.5,7,15,4,37
3.5,7,15,5,37
3.5,7,15,6,38
3.5,7,15,7,38
3.5,7,15,8,38
3.5,7,15,9,38
3.5,7,15,10,38
3.5,7,15,11,38
3.5,7,15,12,39
3.5,7,15,13,39
3.5,7,15,14,39
3.5,7,15,15,39
3.5,8,0,0,34
3.5,8,0,1,34
3.5,8,0,2,34
3.5,8,0,3,35
3.5,8,0,4,35
3.5,8,0,5,35
3.5,8,0,6,35
3.5,8,0,7,35
3.5,8,0,8,35
3.5,8,0,9,35
3.5,8,0,10,36
3.5,8,0,11,36
3.5,8,0,12,36
3.5,8,0,13,36
3.5,8,0,14,36
3.5,8,0,15,36
3.5,8,1,0,34
3.5,8,1,1,34
3.5,8,1,2,35
3.5,8,1,3,35
3.5,8,1,4,35
3.5,8,1,5,35
3.5,8,1,6,35
3.5,8,1,7,35
3.5,8,1,8,36
3.5,8,1,9,36
3.5,8,1,10,36
3.5,8,1,11,36
3.5,8,1,12,36
3.5,8,1,13,36
3.5,8,1,14,37
3.5,8,1,15,37
3.5,8,2,0,34
3.5,8,2,1,35
3.5,8,2,2,35
3.5,8,2,3,35
3.5,8,2,4,35
3.5,8,2,5,35
3.5,8,2,6,35
3.5,8,2,7,36
3.5,8,2,8,36
3.5,8,2,9,36
3.5,8,2,10,36
3.5,8,2,11,36
3.5,8,2,12,36
3.5,8,2,13,37
3.5,8,2,14,37
3.5,8,2,15,37
3.5,8,3,0,35
3.5,8,3,1,35
3.5,8,3,2,35
3.5,8,3,3,35
3.5,8,3,4,35
3.5,8,3,5,35
3.5,8,3,6,36
3.5,8,3,7,36
3.5,8,3,8,36
3.5,8,3,9,36
3.5,8,3,10,36
3.5,8,3,11,36
3.5,8,3,12,37
3.5,8,3,13,37
3.5,8,3,14,37
3.5,8,3,15,37
3.5,8,4,0,35
3.5,8,4,1,35
3.5,8,4,2,35
3.5,8,4,3,35
3.5,8,4,4,36
3.5,8,4,5,36
3.5,8,4,6,36
3.5,8,4,7,36
3.5,8,4,8,36
3.5,8,4,9,36
3.5,8,4,10,37
3.5,8,4,11,37
3.5,8,4,12,37
3.5,8,4,13,37
3.5,8,4,14,37
3.5,8,4,15,37
3.5,8,5,0,35
3.5,8,5,1,35
3.5,8,5,2,35
3.5,8,5,3,36
3.5,8,5,4,36
3.5,8,5,5,36
3.5,8,5,6,36
3.5,8,5,7,36
3.5,8,5,8,36
3.5,8,5,9,37
3.5,8,5,10,37
3.5,8,5,11,37
3.5,8,5,12,37
3.5,8,5,13,37
3.5,8,5,14,37
3.5,8,5,15,38
3.5,8,6,0,35
3.5,8,6,1,35
3.5,8,6,2,36
3.5,8,6,3,36
3.5,8,6,4,36
3.5,8,6,5,36
3.5,8,6,6,36
3.5,8,6,7,36
3.5,8,6,8,37
3.5,8,6,9,37
3.5,8,6,10,37
3.5,8,6,11,37
3.5,8,6,12,37
3.5,8,6,13,37
3.5,8,6,14,38
3.5,8,6,15,38
3.5,8,7,0,35
3.5,8,7,1,36
3.5,8,7,2,36
3.5,8,7,3,36
3.5,8,7,4,36
3.5,8,7,5,36
3.5,8,7,6,36
3.5,8,7,7,37
3.5,8,7,8,37
3.5,8,7,9,37
3.5,8,7,10,37
3.5,8,7,11,37
3.5,8,7,12,37
3.5,8,7,13,38
3.5,8,7,14,38
3.5,8,7,15,38
3.5,8,8,0,36
3.5,8,8,1,36
3.5,8,8,2,36
3.5,8,8,3,36
3.5,8,8,4,36
3.5,8,8,5,37
3.5,8,8,6,37
3.5,8,8,7,37
3.5,8,8,8,37
3.5,8,8,9,37
3.5,8,8,10,37
3.5,8,8,11,38
3.5,8,8,12,38
3.5,8,8,13,38
3.5,8,8,14,38
3.5,8,8,15,38
3.5,8,9,0,36
3.5,8,9,1,36
3.5,8,9,2,36
3.5,8,9,3,36
3.5,8,9,4,37
3.5,8,9,5,37
3.5,8,9,6,37
3.5,8,9,7,37
3.5,8,9,8,37
3.5,8,9,9,37
3.5,8,9,10,38
3.5,8,9,11,38
3.5,8,9,12,38
3.5,8,9,13,38
3.5,8,9,14,38
3.5,8,9,15,38
3.5,8,10,0,36
3.5,8,10,1,36
3.5,8,10,2,36
3.5,8,10,3,37
3.5,8,10,4,37
3.5,8,10,5,37
3.5,8,10,6,37
3.5,8,10,7,37
3.5,8,10,8,37
3.5,8,10,9,38
3.5,8,10,10,38
3.5,8,10,11,38
3.5,8,10,12,38
3.5,8,10,13,38
3.5,8,10,14,38
3.5,8,10,15,39
3.5,8,11,0,36
3.5,8,11,1,36
3.5,8,11,2,37
3.5,8,11,3,37
3.5,8,11,4,37
3.5,8,11,5,37
3.5,8,11,6,37
3.5,8,11,7,37
3.5,8,11,8,38
3.5,8,11,9,38
3.5,8,11,10,38
3.5,8,11,11,38
3.5,8,11,12,38
3.5,8,11,13,38
3.5,8,11,14,39
3.5,8,11,15,39
3.5,8,12,0,36
3.5,8,12,1,37
3.5,8,12,2,37
3.5,8,12,3,37
3.5,8,12,4,37
3.5,8,12,5,37
3.5,8,12,6,37
3.5,8,12,7,38
3.5,8,12,8,38
3.5,8,12,9,38
3.5,8,12,10,38
3.5,8,12,11,38
3.5,8,12,12,39
3.5,8,12,13,39
3.5,8,12,14,39
3.5,8,12,15,39
3.5,8,13,0,37
3.5,8,13,1,37
3.5,8,13,2,37
3.5,8,13,3,37
3.5,8,13,4,37
3.5,8,13,5,38
3.5,8,13,6,38
3.5,8,13,7,38
3.5,8,13,8,38
3.5,8,13,9,38
3.5,8,13,10,38
3.5,8,13,11,39
3.5,8,13,12,39
3.5,8,13,13,39
3.5,8,13,14,39
3.5,8,13,15,39
3.5,8,14,0,37
3.5,8,14,1,37
3.5,8,14,2,37
3.5,8,14,3,37
3.5,8,14,4,38
3.5,8,14,5,38
3.5,8,14,6,38
3.5,8,14,7,38
3.5,8,14,8,38
3.5,8,14,9,38
3.5,8,14,10,39
3.5,8,14,11,39
3.5,8,14,12,39
3.5,8,14,13,39
3.5,8,14,14,39
3.5,8,14,15,39
3.5,8,15,0,37
3.5,8,15,1,37
3.5,8,15,2,37
3.5,8,15,3,38
3.5,8,15,4,38
3.5,8,15,5,38
3.5,8,15,6,38
3.5,8,15,7,38
3.5,8,15,8,38
3.5,8,15,9,39
3.5,8,15,10,39
3.5,8,15,11,39
3.5,8,15,12,39
3.5,8,15,13,39
3.5,8,15,14,39
3.5,8,15,15,40
3.5,9,0,0,35
3.5,9,0,1,35
3.5,9,0,2,35
3.5,9,0,3,35
3.5,9,0,4,35
3.5,9,0,5,35
3.5,9,0,6,36
3.5,9,0,7,36
3.5,9,0,8,36
3.5,9,0,9,36
3.5,9,0,10,36
3.5,9,0,11,36
3.5,9,0,12,37
3.5,9,0,13,37
3.5,9,0,14,37
3.5,9,0,15,37
3.5,9,1,0,35
3.5,9,1,1,35
3.5,9,1,2,35
3.5,9,1,3,35
3.5,9,1,4,35
3.5,9,1,5,36
3.5,9,1,6,36
3.5,9,1,7,36
3.5,9,1,8,36
3.5,9,1,9,36
3.5,9,1,10,36
3.5,9,1,11,37
3.5,9,1,12,37
3.5,9,1,13,37
3.5,9,1,14,37
3.5,9,1,15,37
3.5,9,2,0,35
3.5,9,2,1,35
3.5,9,2,2,35
3.5,9,2,3,35
3.5,9,2,4,36
3.5,9,2,5,36
3.5,9,2,6,36
3.5,9,2,7,36
3.5,9,2,8,36
3.5,9,2,9,36
3.5,9,2,10,37
3.5,9,2,11,37
3.5,9,2,12,37
3.5,9,2,13,37
3.5,9,2,14,37
3.5,9,2,15,37
3.5,9,3,0,35
3.5,9,3,1,35
3.5,9,3,2,35
3.5,9,3,3,36
3.5,9,3,4,36
3.5,9,3,5,36
3.5,9,3,6,36
3.5,9,3,7,36
3.5,9,3,8,37
3.5,9,3,9,37
3.5,9,3,10,37
3.5,9,3,11,37
3.5,9,3,12,37
3.5,9,3,13,37
3.5,9,3,14,38
3.5,9,3,15,38
3.5,9,4,0,35
3.5,9,4,1,36
3.5,9,4,2,36
3.5,9,4,3,36
3.5,9,4,4,36
3.5,9,4,5,36
3.5,9,4,6,36
3.5,9,4,7,37
3.5,9,4,8,37
3.5,9,4,9,37
3.5,9,4,10,37
3.5,9,4,11,37
3.5,9,4,12,37
3.5,9,4,13,38
3.5,9,4,14,38
3.5,9,4,15,38
3.5,9,5,0,36
3.5,9,5,1,36
3.5,9,5,2,36
3.5,9,5,3,36
3.5,9,5,4,36
3.5,9,5,5,36
3.5,9,5,6,37
3.5,9,5,7,37
3.5,9,5,8,37
3.5,9,5,9,37
3.5,9,5,10,37
3.5,9,5,11,37
3.5,9,5,12,38
3.5,9,5,13,38
3.5,9,5,14,38
3.5,9,5,15,38
3.5,9,6,0,36
3.5,9,6,1,36
3.5,9,6,2,36
3.5,9,6,3,36
3.5,9,6,4,36
3.5,9,6,5,37
3.5,9,6,6,37
3.5,9,6,7,37
3.5,9,6,8,37
3.5,9,6,9,37
3.5,9,6,10,37
3.5,9,6,11,38
3.5,9,6,12,38
3.5,9,6,13,38
3.5,9,6,14,38
3.5,9,6,15,38
3.5,9,7,0,36
3.5,9,7,1,36
3.5,9,7,2,36
3.5,9,7,3,36
3.5,9,7,4,37
3.5,9,7,5,37
3.5,9,7,6,37
3.5,9,7,7,37
3.5,9,7,8,37
3.5,9,7,9,38
3.5,9,7,10,38
3.5,9,7,11,38
3.5,9,7,12,38
3.5,9,7,13,38
3.5,9,7,14,38
3.5,9,7,15,39
3.5,9,8,0,36
3.5,9,8,1,36
3.5,9,8,2,37
3.5,9,8,3,37
3.5,9,8,4,37
3.5,9,8,5,37
3.5,9,8,6,37
3.5,9,8,7,37
3.5,9,8,8,38
3.5,9,8,9,38
3.5,9,8,10,38
3.5,9,8,11,38
3.5,9,8,12,38
3.5,9,8,13,38
3.5,9,8,14,39
3.5,9,8,15,39
3.5,9,9,0,36
3.5,9,9,1,37
3.5,9,9,2,37
3.5,9,9,3,37
3.5,9,9,4,37
3.5,9,9,5,37
3.5,9,9,6,37
3.5,9,9,7,38
3.5,9,9,8,38
3.5,9,9,9,38
3.5,9,9,10,38
3.5,9,9,11,38
3.5,9,9,12,38
3.5,9,9,13,39
3.5,9,9,14,39
3.5,9,9,15,39
3.5,9,10,0,37
3.5,9,10,1,37
3.5,9,10,2,37
3.5,9,10,3,37
3.5,9,10,4,37
3.5,9,10,5,37
3.5,9,10,6,38
3.5,9,10,7,38
3.5,9,10,8,38
3.5,9,10,9,38
3.5,9,10,10,38
3.5,9,10,11,39
3.5,9,10,12,39
3.5,9,10,13,39
3.5,9,10,14,39
3.5,9,10,15,39
3.5,9,11,0,37
3.5,9,11,1,37
3.5,9,11,2,37
3.5,9,11,3,37
3.5,9,11,4,37
3.5,9,11,5,38
3.5,9,11,6,38
3.5,9,11,7,38
3.5,9,11,8,38
3.5,9,11,9,38
3.5,9,11,10,39
3.5,9,11,11,39
3.5,9,11,12,39
3.5,9,11,13,39
3.5,9,11,14,39
3.5,9,11,15,39
3.5,9,12,0,37
3.5,9,12,1,37
3.5,9,12,2,37
3.5,9,12,3,38
3.5,9,12,4,38
3.5,9,12,5,38
3.5,9,12,6,38
3.5,9,12,7,38
3.5,9,12,8,38
3.5,9,12,9,39
3.5,9,12,10,39
3.5,9,12,11,39
3.5,9,12,12,39
3.5,9,12,13,39
3.5,9,12,14,39
3.5,9,12,15,40
3.5,9,13,0,37
3.5,9,13,1,37
3.5,9,13,2,38
3.5,9,13,3,38
3.5,9,13,4,38
3.5,9,13,5,38
3.5,9,13,6,38
3.5,9,13,7,38
3.5,9,13,8,39
3.5,9,13,9,39
3.5,9,13,10,39
3.5,9,13,11,39
3.5,9,13,12,39
3.5,9,13,13,39
3.5,9,13,14,40
3.5,9,13,15,40
3.5,9,14,0,37
3.5,9,14,1,38
3.5,9,14,2,38
3.5,9,14,3,38
3.5,9,14,4,38
3.5,9,14,5,38
3.5,9,14,6,38
3.5,9,14,7,39
3.5,9,14,8,39
3.5,9,14,9,39
3.5,9,14,10,39
3.5,9,14,11,39
3.5,9,14,12,40
3.5,9,14,13,40
3.5,9,14,14,40
3.5,9,14,15,40
3.5,9,15,0,38
3.5,9,15,1,38
3.5,9,15,2,38
3.5,9,15,3,38
3.5,9,15,4,38
3.5,9,15,5,38
3.5,9,15,6,39
3.5,9,15,7,39
3.5,9,15,8,39
3.5,9,15,9,39
3.5,9,15,10,39
3.5,9,15,11,40
3.5,9,15,12,40
3.5,9,15,13,40
3.5,9,15,14,40
3.5,9,15,15,40
3.5,10,0,0,35
3.5,10,0,1,35
3.5,10,0,2,35
3.5,10,0,3,36
3.5,10,0,4,36
3.5,10,0,5,36
3.5,10,0,6,36
3.5,10,0,7,36
3.5,10,0,8,36
3.5,10,0,9,37
3.5,10,0,10,37
3.5,10,0,11,37
3.5,10,0,12,37
3.5,10,0,13,37
3.5,10,0,14,37
3.5,10,0,15,38
3.5,10,1,0,35
3.5,10,1,1,35
3.5,10,1,2,36
3.5,10,1,3,36
3.5,10,1,4,36
3.5,10,1,5,36
3.5,10,1,6,36
3.5,10,1,7,36
3.5,10,1,8,37
3.5,10,1,9,37
3.5,10,1,10,37
3.5,10,1,11,37
3.5,10,1,12,37
3.5,10,1,13,37
3.5,10,1,14,38
3.5,10,1,15,38
3.5,10,2,0,35
3.5,10,2,1,36
3.5,10,2,2,36
3.5,10,2,3,36
3.5,10,2,4,36
3.5,10,2,5,36
3.5,10,2,6,36
3.5,10,2,7,37
3.5,10,2,8,37
3.5,10,2,9,37
3.5,10,2,10,37
3.5,10,2,11,37
3.5,10,2,12,38
3.5,10,2,13,38
3.5,10,2,14,38
3.5,10,2,15,38
3.5,10,3,0,36
3.5,10,3,1,36
3.5,10,3,2,36
3.5,10,3,3,36
3.5,10,3,4,36
3.5,10,3,5,37
3.5,10,3,6,37
3.5,10,3,7,37
3.5,10,3,8,37
3.5,10,3,9,37
3.5,10,3,10,37
3.5,10,3,11,38
3.5,10,3,12,38
3.5,10,3,13,38
3.5,10,3,14,38
3.5,10,3,15,38
3.5,10,4,0,36
3.5,10,4,1,36
3.5,10,4,2,36
3.5,10,4,3,36
3.5,10,4,4,37
3.5,10,4,5,37
3.5,10,4,6,37
3.5,10,4,7,37
3.5,10,4,8,37
3.5,10,4,9,37
3.5,10,4,10,38
3.5,10,4,11,38
3.5,10,4,12,38
3.5,10,4,13,38
3.5,10,4,14,38
3.5,10,4,15,38
3.5,10,5,0,36
3.5,10,5,1,36
3.5,10,5,2,36
3.5,10,5,3,37
3.5,10,5,4,37
3.5,10,5,5,37
3.5,10,5,6,37
3.5,10,5,7,37
3.5,10,5,8,37
3.5,10,5,9,38
3.5,10,5,10,38
3.5,10,5,11,38
3.5,10,5,12,38
3.5,10,5,13,38
3.5,10,5,14,39
3.5,10,5,15,39
3.5,10,6,0,36
3.5,10,6,1,36
3.5,10,6,2,37
3.5,10,6,3,37
3.5,10,6,4,37
3.5,10,6,5,37
3.5,10,6,6,37
3.5,10,6,7,38
3.5,10,6,8,38
3.5,10,6,9,38
3.5,10,6,10,38
3.5,10,6,11,38
3.5,10,6,12,38
3.5,10,6,13,39
3.5,10,6,14,39
3.5,10,6,15,39
3.5,10,7,0,36
3.5,10,7,1,37
3.5,10,7,2,37
3.5,10,7,3,37
3.5,10,7,4,37
3.5,10,7,5,37
3.5,10,7,6,38
3.5,10,7,7,38
3.5,10,7,8,38
3.5,10,7,9,38
3.5,10,7,10,38
3.5,10,7,11,38
3.5,10,7,12,39
3.5,10,7,13,39
3.5,10,7,14,39
3.5,10,7,15,39
3.5,10,8,0,37
3.5,10,8,1,37
3.5,10,8,2,37
3.5,10,8,3,37
3.5,10,8,4,37
3.5,10,8,5,38
3.5,10,8,6,38
3.5,10,8,7,38
3.5,10,8,8,38
3.5,10,8,9,38
3.5,10,8,10,38
3.5,10,8,11,39
3.5,10,8,12,39
3.5,10,8,13,39
3.5,10,8,14,39
3.5,10,8,15,39
3.5,10,9,0,37
3.5,10,9,1,37
3.5,10,9,2,37
3.5,10,9,3,37
3.5,10,9,4,38
3.5,10,9,5,38
3.5,10,9,6,38
3.5,10,9,7,38
3.5,10,9,8,38
3.5,10,9,9,39
3.5,10,9,10,39
3.5,10,9,11,39
3.5,10,9,12,39
3.5,10,9,13,39
3.5,10,9,14,39
3.5,10,9,15,40
3.5,10,10,0,37
3.5,10,10,1,37
3.5,10,10,2,37
3.5,10,10,3,38
3.5,10,10,4,38
3.5,10,10,5,38
3.5,10,10,6,38
3.5,10,10,7,38
3.5,10,10,8,39
3.5,10,10,9,39
3.5,10,10,10,39
3.5,10,10,11,39
3.5,10,10,12,39
3.5,10,10,13,39
3.5,10,10,14,40
3.5,10,10,15,40
3.5,10,11,0,37
3.5,10,11,1,37
3.5,10,11,2,38
3.5,10,11,3,38
3.5,10,11,4,38
3.5,10,11,5,38
3.5,10,11,6,38
3.5,10,11,7,39
3.5,10,11,8,39
3.5,10,11,9,39
3.5,10,11,10,39
3.5,10,11,11,39
3.5,10,11,12,39
3.5,10,11,13,40
3.5,10,11,14,40
3.5,10,11,15,40
3.5,10,12,0,38
3.5,10,12,1,38
3.5,10,12,2,38
3.5,10,12,3,38
3.5,10,12,4,38
3.5,10,12,5,38
3.5,10,12,6,39
3.5,10,12,7,39
3.5,10,12,8,39
3.5,10,12,9,39
3.5,10,12,10,39
3.5,10,12,11,40
3.5,10,12,12,40
3.5,10,12,13,40
3.5,10,12,14,40
3.5,10,12,15,40
3.5,10,13,0,38
3.5,10,13,1,38
3.5,10,13,2,38
3.5,10,13,3,38
3.5,10,13,4,38
3.5,10,13,5,39
3.5,10,13,6,39
3.5,10,13,7,39
3.5,10,13,8,39
3.5,10,13,9,39
3.5,10,13,10,40
3.5,10,13,11,40
3.5,10,13,12,40
3.5,10,13,13,40
3.5,10,13,14,40
3.5,10,13,15,40
3.5,10,14,0,38
3.5,10,14,1,38
3.5,10,14,2,38
3.5,10,14,3,38
3.5,10,14,4,39
3.5,10,14,5,39
3.5,10,14,6,39
3.5,10,14,7,39
3.5,10,14,8,39
3.5,10,14,9,40
3.5,10,14,10,40
3.5,10,14,11,40
3.5,10,14,12,40
3.5,10,14,13,40
3.5,10,14,14,40
3.5,10,14,15,41
3.5,10,15,0,38
3.5,10,15,1,38
3.5,10,15,2,38
3.5,10,15,3,39
3.5,10,15,4,39
3.5,10,15,5,39
3.5,10,15,6,39
3.5,10,15,7,39
3.5,10,15,8,40
3.5,10,15,9,40
3.5,10,15,10,40
3.5,10,15,11,40
3.5,10,15,12,40
3.5,10,15,13,40
3.5,10,15,14,41
3.5,10,15,15,41
3.5,11,0,0,36
3.5,11,0,1,36
3.5,11,0,2,36
3.5,11,0,3,36
3.5,11,0,4,36
3.5,11,0,5,36
3.5,11,0,6,37
3.5,11,0,7,37
3.5,11,0,8,37
3.5,11,0,9,37
3.5,11,0,10,37
3.5,11,0,11,37
3.5,11,0,12,38
3.5,11,0,13,38
3.5,11,0,14,38
3.5,11,0,15,38
3.5,11,1,0,36
3.5,11,1,1,36
3.5,11,1,2,36
3.5,11,1,3,36
3.5,11,1,4,36
3.5,11,1,5,37
3.5,11,1,6,37
3.5,11,1,7,37
3.5,11,1,8,37
3.5,11,1,9,37
3.5,11,1,10,37
3.5,11,1,11,38
3.5,11,1,12,38
3.5,11,1,13,38
3.5,11,1,14,38
3.5,11,1,15,38
3.5,11,2,0,36
3.5,11,2,1,36
3.5,11,2,2,36
3.5,11,2,3,37
3.5,11,2,4,37
3.5,11,2,5,37
3.5,11,2,6,37
3.5,11,2,7,37
3.5,11,2,8,37
3.5,11,2,9,38
3.5,11,2,10,38
3.5,11,2,11,38
3.5,11,2,12,38
3.5,11,2,13,38
3.5,11,2,14,38
3.5,11,2,15,39
3.5,11,3,0,36
3.5,11,3,1,36
3.5,11,3,2,37
3.5,11,3,3,37
3.5,11,3,4,37
3.5,11,3,5,37
3.5,11,3,6,37
3.5,11,3,7,37
3.5,11,3,8,38
3.5,11,3,9,38
3.5,11,3,10,38
3.5,11,3,11,38
3.5,11,3,12,38
3.5,11,3,13,38
3.5,11,3,14,39
3.5,11,3,15,39
3.5,11,4,0,36
3.5,11,4,1,37
3.5,11,4,2,37
3.5,11,4,3,37
3.5,11,4,4,37
3.5,11,4,5,37
3.5,11,4,6,37
3.5,11,4,7,38
3.5,11,4,8,38
3.5,11,4,9,38
3.5,11,4,10,38
3.5,11,4,11,38
3.5,11,4,12,39
3.5,11,4,13,39
3.5,11,4,14,39
3.5,11,4,15,39
3.5,11,5,0,37
3.5,11,5,1,37
3.5,11,5,2,37
3.5,11,5,3,37
3.5,11,5,4,37
3.5,11,5,5,38
3.5,11,5,6,38
3.5,11,5,7,38
3.5,11,5,8,38
3.5,11,5,9,38
3.5,11,5,10,38
3.5,11,5,11,39
3.5,11,5,12,39
3.5,11,5,13,39
3.5,11,5,14,39
3.5,11,5,15,39
3.5,11,6,0,37
3.5,11,6,1,37
3.5,11,6,2,37
3.5,11,6,3,37
3.5,11,6,4,38
3.5,11,6,5,38
3.5,11,6,6,38
3.5,11,6,7,38
3.5,11,6,8,38
3.5,11,6,9,38
3.5,11,6,10,39
3.5,11,6,11,39
3.5,11,6,12,39
3.5,11,6,13,39
3.5,11,6,14,39
3.5,11,6,15,39
3.5,11,7,0,37
3.5,11,7,1,37
3.5,11,7,2,37
3.5,11,7,3,38
3.5,11,7,4,38
3.5,11,7,5,38
3.5,11,7,6,38
3.5,11,7,7,38
3.5,11,7,8,38
3.5,11,7,9,39
3.5,11,7,10,39
3.5,11,7,11,39
3.5,11,7,12,39
3.5,11,7,13,39
3.5,11,7,14,40
3.5,11,7,15,40
3.5,11,8,0,37
3.5,11,8,1,37
3.5,11,8,2,38
3.5,11,8,3,38
3.5,11,8,4,38
3.5,11,8,5,38
3.5,11,8,6,38
3.5,11,8,7,39
3.5,11,8,8,39
3.5,11,8,9,39
3.5,11,8,10,39
3.5,11,8,11,39
3.5,11,8,12,39
3.5,11,8,13,40
3.5,11,8,14,40
3.5,11,8,15,40
3.5,11,9,0,37
3.5,11,9,1,38
3.5,11,9,2,38
3.5,11,9,3,38
3.5,11,9,4,38
3.5,11,9,5,38
3.5,11,9,6,39
3.5,11,9,7,39
3.5,11,9,8,39
3.5,11,9,9,39
3.5,11,9,10,39
3.5,11,9,11,39
3.5,11,9,12,40
3.5,11,9,13,40
3.5,11,9,14,40
3.5,11,9,15,40
3.5,11,10,0,38
3.5,11,10,1,38
3.5,11,10,2,38
3.5,11,10,3,38
3.5,11,10,4,38
3.5,11,10,5,39
3.5,11,10,6,39
3.5,11,10,7,39
3.5,11,10,8,39
3.5,11,10,9,39
3.5,11,10,10,39
3.5,11,10,11,40
3.5,11,10,12,40
3.5,11,10,13,40
3.5,11,10,14,40
3.5,11,10,15,40
3.5,11,11,0,38
3.5,11,11,1,38
3.5,11,11,2,38
3.5,11,11,3,38
3.5,11,11,4,39
3.5,11,11,5,39
3.5,11,11,6,39
3.5,11,11,7,39
3.5,11,11,8,39
3.5,11,11,9,40
3.5,11,11,10,40
3.5,11,11,11,40
3.5,11,11,12,40
3.5,11,11,13,40
3.5,11,11,14,40
3.5,11,11,15,41
3.5,11,12,0,38
3.5,11,12,1,38
3.5,11,12,2,38
3.5,11,12,3,39
3.5,11,12,4,39
3.5,11,12,5,39
3.5,11,12,6,39
3.5,11,12,7,39
3.5,11,12,8,40
3.5,11,12,9,40
3.5,11,12,10,40
3.5,11,12,11,40
3.5,11,12,12,40
3.5,11,12,13,40
3.5,11,12,14,41
3.5,11,12,15,41
3.5,11,13,0,38
3.5,11,13,1,38
3.5,11,13,2,39
3.5,11,13,3,39
3.5,11,13,4,39
3.5,11,13,5,39
3.5,11,13,6,39
3.5,11,13,7,40
3.5,11,13,8,40
3.5,11,13,9,40
3.5,11,13,10,40
3.5,11,13,11,40
3.5,11,13,12,40
3.5,11,13,13,41
3.5,11,13,14,41
3.5,11,13,15,41
3.5,11,14,0,38
3.5,11,14,1,39
3.5,11,14,2,39
3.5,11,14,3,39
3.5,11,14,4,39
3.5,11,14,5,39
3.5,11,14,6,40
3.5,11,14,7,40
3.5,11,14,8,40
3.5,11,14,9,40
3.5,11,14,10,40
3.5,11,14,11,41
3.5,11,14,12,41
3.5,11,14,13,41
3.5,11,14,14,41
3.5,11,14,15,41
3.5,11,15,0,39
3.5,11,15,1,39
3.5,11,15,2,39
3.5,11,15,3,39
3.5,11,15,4,39
3.5,11,15,5,40
3.5,11,15,6,40
3.5,11,15,7,40
3.5,11,15,8,40
3.5,11,15,9,40
3.5,11,15,10,41
3.5,11,15,11,41
3.5,11,15,12,41
3.5,11,15,13,41
3.5,11,15,14,41
3.5,11,15,15,41
3.5,12,0,0,36
3.5,12,0,1,36
3.5,12,0,2,36
3.5,12,0,3,37
3.5,12,0,4,37
3.5,12,0,5,37
3.5,12,0,6,37
3.5,12,0,7,37
3.5,12,0,8,37
3.5,12,0,9,38
3.5,12,0,10,38
3.5,12,0,11,38
3.5,12,0,12,38
3.5,12,0,13,38
3.5,12,0,14,38
3.5,12,0,15,39
3.5,12,1,0,36
3.5,12,1,1,36
3.5,12,1,2,37
3.5,12,1,3,37
3.5,12,1,4,37
3.5,12,1,5,37
3.5,12,1,6,37
3.5,12,1,7,38
3.5,12,1,8,38
3.5,12,1,9,38
3.5,12,1,10,38
3.5,12,1,11,38
3.5,12,1,12,38
3.5,12,1,13,39
3.5,12,1,14,39
3.5,12,1,15,39
3.5,12,2,0,36
3.5,12,2,1,37
3.5,12,2,2,37
3.5,12,2,3,37
3.5,12,2,4,37
3.5,12,2,5,37
3.5,12,2,6,38
3.5,12,2,7,38
3.5,12,2,8,38
3.5,12,2,9,38
3.5,12,2,10,38
3.5,12,2,11,38
3.5,12,2,12,39
3.5,12,2,13,39
3.5,12,2,14,39
3.5,12,2,15,39
3.5,12,3,0,37
3.5,12,3,1,37
3.5,12,3,2,37
3.5,12,3,3,37
3.5,12,3,4,37
3.5,12,3,5,38
3.5,12,3,6,38
3.5,12,3,7,38
3.5,12,3,8,38
3.5,12,3,9,38
3.5,12,3,10,38
3.5,12,3,11,39
3.5,12,3,12,39
3.5,12,3,13,39
3.5,12,3,14,39
3.5,12,3,15,39
3.5,12,4,0,37
3.5,12,4,1,37
3.5,12,4,2,37
3.5,12,4,3,37
3.5,12,4,4,38
3.5,12,4,5,38
3.5,12,4,6,38
3.5,12,4,7,38
3.5,12,4,8,38
3.5,12,4,9,39
3.5,12,4,10,39
3.5,12,4,11,39
3.5,12,4,12,39
3.5,12,4,13,39
3.5,12,4,14,39
3.5,12,4,15,40
3.5,12,5,0,37
3.5,12,5,1,37
3.5,12,5,2,38
3.5,12,5,3,38
3.5,12,5,4,38
3.5,12,5,5,38
3.5,12,5,6,38
3.5,12,5,7,38
3.5,12,5,8,39
3.5,12,5,9,39
3.5,12,5,10,39
3.5,12,5,11,39
3.5,12,5,12,39
3.5,12,5,13,39
3.5,12,5,14,40
3.5,12,5,15,40
3.5,12,6,0,37
3.5,12,6,1,38
3.5,12,6,2,38
3.5,12,6,3,38
3.5,12,6,4,38
3.5,12,6,5,38
3.5,12,6,6,38
3.5,12,6,7,39
3.5,12,6,8,39
3.5,12,6,9,39
3.5,12,6,10,39
3.5,12,6,11,39
3.5,12,6,12,40
3.5,12,6,13,40
3.5,12,6,14,40
3.5,12,6,15,40
3.5,12,7,0,38
3.5,12,7,1,38
3.5,12,7,2,38
3.5,12,7,3,38
3.5,12,7,4,38
3.5,12,7,5,38
3.5,12,7,6,39
3.5,12,7,7,39
3.5,12,7,8,39
3.5,12,7,9,39
3.5,12,7,10,39
3.5,12,7,11,40
3.5,12,7,12,40
3.5,12,7,13,40
3.5,12,7,14,40
3.5,12,7,15,40
3.5,12,8,0,38
3.5,12,8,1,38
3.5,12,8,2,38
3.5,12,8,3,38
3.5,12,8,4,39
3.5,12,8,5,39
3.5,12,8,6,39
3.5,12,8,7,39
3.5,12,8,8,39
3.5,12,8,9,39
3.5,12,8,10,40
3.5,12,8,11,40
3.5,12,8,12,40
3.5,12,8,13,40
3.5,12,8,14,40
3.5,12,8,15,41
3.5,12,9,0,38
3.5,12,9,1,38
3.5,12,9,2,38
3.5,12,9,3,39
3.5,12,9,4,39
3.5,12,9,5,39
3.5,12,9,6,39
3.5,12,9,7,39
3.5,12,9,8,39
3.5,12,9,9,40
3.5,12,9,10,40
3.5,12,9,11,40
3.5,12,9,12,40
3.5,12,9,13,40
3.5,12,9,14,41
3.5,12,9,15,41
3.5,12,10,0,38
3.5,12,10,1,38
3.5,12,10,2,39
3.5,12,10,3,39
3.5,12,10,4,39
3.5,12,10,5,39
3.5,12,10,6,39
3.5,12,10,7,40
3.5,12,10,8,40
3.5,12,10,9,40
3.5,12,10,10,40
3.5,12,10,11,40
3.5,12,10,12,40
3.5,12,10,13,41
3.5,12,10,14,41
3.5,12,10,15,41
3.5,12,11,0,38
3.5,12,11,1,39
3.5,12,11,2,39
3.5,12,11,3,39
3.5,12,11,4,39
3.5,12,11,5,39
3.5,12,11,6,40
3.5,12,11,7,40
3.5,12,11,8,40
3.5,12,11,9,40
3.5,12,11,10,40
3.5,12,11,11,40
3.5,12,11,12,41
3.5,12,11,13,41
3.5,12,11,14,41
3.5,12,11,15,41
3.5,12,12,0,39
3.5,12,12,1,39
3.5,12,12,2,39
3.5,12,12,3,39
3.5,12,12,4,39
3.5,12,12,5,40
3.5,12,12,6,40
3.5,12,12,7,40
3.5,12,12,8,40
3.5,12,12,9,40
3.5,12,12,10,40
3.5,12,12,11,41
3.5,12,12,12,41
3.5,12,12,13,41
3.5,12,12,14,41
3.5,12,12,15,41
3.5,12,13,0,39
3.5,12,13,1,39
3.5,12,13,2,39
3.5,12,13,3,39
3.5,12,13,4,40
3.5,12,13,5,40
3.5,12,13,6,40
3.5,12,13,7,40
3.5,12,13,8,40
3.5,12,13,9,41
3.5,12,13,10,41
3.5,12,13,11,41
3.5,12,13,12,41
3.5,12,13,13,41
3.5,12,13,14,41
3.5,12,13,15,42
3.5,12,14,0,39
3.5,12,14,1,39
3.5,12,14,2,39
3.5,12,14,3,40
3.5,12,14,4,40
3.5,12,14,5,40
3.5,12,14,6,40
3.5,12,14,7,40
3.5,12,14,8,41
3.5,12,14,9,41
3.5,12,14,10,41
3.5,12,14,11,41
3.5,12,14,12,41
3.5,12,14,13,41
3.5,12,14,14,42
3.5,12,14,15,42
3.5,12,15,0,39
3.5,12,15,1,39
3.5,12,15,2,40
3.5,12,15,3,40
3.5,12,15,4,40
3.5,12,15,5,40
3.5,12,15,6,40
3.5,12,15,7,41
3.5,12,15,8,41
3.5,12,15,9,41
3.5,12,15,10,41
3.5,12,15,11,41
3.5,12,15,12,42
3.5,12,15,13,42
3.5,12,15,14,42
3.5,12,15,15,42
3.5,13,0,0,37
3.5,13,0,1,37
3.5,13,0,2,37
3.5,13,0,3,37
3.5,13,0,4,37
3.5,13,0,5,37
3.5,13,0,6,38
3.5,13,0,7,38
3.5,13,0,8,38
3.5,13,0,9,38
3.5,13,0,10,38
3.5,13,0,11,39
3.5,13,0,12,39
3.5,13,0,13,39
3.5,13,0,14,39
3.5,13,0,15,39
3.5,13,1,0,37
3.5,13,1,1,37
3.5,13,1,2,37
3.5,13,1,3,37
3.5,13,1,4,38
3.5,13,1,5,38
3.5,13,1,6,38
3.5,13,1,7,38
3.5,13,1,8,38
3.5,13,1,9,38
3.5,13,1,10,39
3.5,13,1,11,39
3.5,13,1,12,39
3.5,13,1,13,39
3.5,13,1,14,39
3.5,13,1,15,39
3.5,13,2,0,37
3.5,13,2,1,37
3.5,13,2,2,37
3.5,13,2,3,38
3.5,13,2,4,38
3.5,13,2,5,38
3.5,13,2,6,38
3.5,13,2,7,38
3.5,13,2,8,38
3.5,13,2,9,39
3.5,13,2,10,39
3.5,13,2,11,39
3.5,13,2,12,39
3.5,13,2,13,39
3.5,13,2,14,40
3.5,13,2,15,40
3.5,13,3,0,37
3.5,13,3,1,37
3.5,13,3,2,38
3.5,13,3,3,38
3.5,13,3,4,38
3.5,13,3,5,38
3.5,13,3,6,38
3.5,13,3,7,39
3.5,13,3,8,39
3.5,13,3,9,39
3.5,13,3,10,39
3.5,13,3,11,39
3.5,13,3,12,39
3.5,13,3,13,40
3.5,13,3,14,40
3.5,13,3,15,40
3.5,13,4,0,37
3.5,13,4,1,38
3.5,13,4,2,38
3.5,13,4,3,38
3.5,13,4,4,38
3.5,13,4,5,38
3.5,13,4,6,39
3.5,13,4,7,39
3.5,13,4,8,39
3.5,13,4,9,39
3.5,13,4,10,39
3.5,13,4,11,39
3.5,13,4,12,40
3.5,13,4,13,40
3.5,13,4,14,40
3.5,13,4,15,40
3.5,13,5,0,38
3.5,13,5,1,38
3.5,13,5,2,38
3.5,13,5,3,38
3.5,13,5,4,38
3.5,13,5,5,39
3.5,13,5,6,39
3.5,13,5,7,39
3.5,13,5,8,39
3.5,13,5,9,39
3.5,13,5,10,40
3.5,13,5,11,40
3.5,13,5,12,40
3.5,13,5,13,40
3.5,13,5,14,40
3.5,13,5,15,40
3.5,13,6,0,38
3.5,13,6,1,38
3.5,13,6,2,38
3.5,13,6,3,38
3.5,13,6,4,39
3.5,13,6,5,39
3.5,13,6,6,39
3.5,13,6,7,39
3.5,13,6,8,39
3.5,13,6,9,40
3.5,13,6,10,40
3.5,13,6,11,40
3.5,13,6,12,40
3.5,13,6,13,40
3.5,13,6,14,40
3.5,13,6,15,41
3.5,13,7,0,38
3.5,13,7,1,38
3.5,13,7,2,38
3.5,13,7,3,39
3.5,13,7,4,39
3.5,13,7,5,39
3.5,13,7,6,39
3.5,13,7,7,39
3.5,13,7,8,40
3.5,13,7,9,40
3.5,13,7,10,40
3.5,13,7,11,40
3.5,13,7,12,40
3.5,13,7,13,40
3.5,13,7,14,41
3.5,13,7,15,41
3.5,13,8,0,38
3.5,13,8,1,39
3.5,13,8,2,39
3.5,13,8,3,39
3.5,13,8,4,39
3.5,13,8,5,39
3.5,13,8,6,39
3.5,13,8,7,40
3.5,13,8,8,40
3.5,13,8,9,40
3.5,13,8,10,40
3.5,13,8,11,40
3.5,13,8,12,41
3.5,13,8,13,41
3.5,13,8,14,41
3.5,13,8,15,41
3.5,13,9,0,39
3.5,13,9,1,39
3.5,13,9,2,39
3.5,13,9,3,39
3.5,13,9,4,39
3.5,13,9,5,39
3.5,13,9,6,40
3.5,13,9,7,40
3.5,13,9,8,40
3.5,13,9,9,40
3.5,13,9,10,40
3.5,13,9,11,41
3.5,13,9,12,41
3.5,13,9,13,41
3.5,13,9,14,41
3.5,13,9,15,41
3.5,13,10,0,39
3.5,13,10,1,39
3.5,13,10,2,39
3.5,13,10,3,39
3.5,13,10,4,40
3.5,13,10,5,40
3.5,13,10,6,40
3.5,13,10,7,40
3.5,13,10,8,40
3.5,13,10,9,40
3.5,13,10,10,41
3.5,13,10,11,41
3.5,13,10,12,41
3.5,13,10,13,41
3.5,13,10,14,41
3.5,13,10,15,42
3.5,13,11,0,39
3.5,13,11,1,39
3.5,13,11,2,39
3.5,13,11,3,40
3.5,13,11,4,40
3.5,13,11,5,40
3.5,13,11,6,40
3.5,13,11,7,40
3.5,13,11,8,40
3.5,13,11,9,41
3.5,13,11,10,41
3.5,13,11,11,41
3.5,13,11,12,41
3.5,13,11,13,41
3.5,13,11,14,42
3.5,13,11,15,42
3.5,13,12,0,39
3.5,13,12,1,39
3.5,13,12,2,40
3.5,13,12,3,40
3.5,13,12,4,40
3.5,13,12,5,40
3.5,13,12,6,40
3.5,13,12,7,41
3.5,13,12,8,41
3.5,13,12,9,41
3.5,13,12,10,41
3.5,13,12,11,41
3.5,13,12,12,41
3.5,13,12,13,42
3.5,13,12,14,42
3.5,13,12,15,42
3.5,13,13,0,39
3.5,13,13,1,40
3.5,13,13,2,40
3.5,13,13,3,40
3.5,13,13,4,40
3.5,13,13,5,40
3.5,13,13,6,41
3.5,13,13,7,41
3.5,13,13,8,41
3.5,13,13,9,41
3.5,13,13,10,41
3.5,13,13,11,41
3.5,13,13,12,42
3.5,13,13,13,42
3.5,13,13,14,42
3.5,13,13,15,42
3.5,13,14,0,40
3.5,13,14,1,40
3.5,13,14,2,40
3.5,13,14,3,40
3.5,13,14,4,40
3.5,13,14,5,41
3.5,13,14,6,41
3.5,13,14,7,41
3.5,13,14,8,41
3.5,13,14,9,41
3.5,13,14,10,42
3.5,13,14,11,42
3.5,13,14,12,42
3.5,13,14,13,42
3.5,13,14,14,42
3.5,13,14,15,42
3.5,13,15,0,40
3.5,13,15,1,40
3.5,13,15,2,40
3.5,13,15,3,40
3.5,13,15,4,41
3.5,13,15,5,41
3.5,13,15,6,41
3.5,13,15,7,41
3.5,13,15,8,41
3.5,13,15,9,42
3.5,13,15,10,42
3.5,13,15,11,42
3.5,13,15,12,42
3.5,13,15,13,42
3.5,13,15,14,42
3.5,13,15,15,43
3.5,14,0,0,37
3.5,14,0,1,37
3.5,14,0,2,37
3.5,14,0,3,38
3.5,14,0,4,38
3.5,14,0,5,38
3.5,14,0,6,38
3.5,14,0,7,38
3.5,14,0,8,39
3.5,14,0,9,39
3.5,14,0,10,39
3.5,14,0,11,39
3.5,14,0,12,39
3.5,14,0,13,39
3.5,14,0,14,40
3.5,14,0,15,40
3.5,14,1,0,37
3.5,14,1,1,38
3.5,14,1,2,38
3.5,14,1,3,38
3.5,14,1,4,38
3.5,14,1,5,38
3.5,14,1,6,38
3.5,14,1,7,39
3.5,14,1,8,39
3.5,14,1,9,39
3.5,14,1,10,39
3.5,14,1,11,39
3.5,14,1,12,39
3.5,14,1,13,40
3.5,14,1,14,40
3.5,14,1,15,40
3.5,14,2,0,38
3.5,14,2,1,38
3.5,14,2,2,38
3.5,14,2,3,38
3.5,14,2,4,38
3.5,14,2,5,38
3.5,14,2,6,39
3.5,14,2,7,39
3.5,14,2,8,39
3.5,14,2,9,39
3.5,14,2,10,39
3.5,14,2,11,40
3.5,14,2,12,40
3.5,14,2,13,40
3.5,14,2,14,40
3.5,14,2,15,40
3.5,14,3,0,38
3.5,14,3,1,38
3.5,14,3,2,38
3.5,14,3,3,38
3.5,14,3,4,39
3.5,14,3,5,39
3.5,14,3,6,39
3.5,14,3,7,39
3.5,14,3,8,39
3.5,14,3,9,39
3.5,14,3,10,40
3.5,14,3,11,40
3.5,14,3,12,40
3.5,14,3,13,40
3.5,14,3,14,40
3.5,14,3,15,40
3.5,14,4,0,38
3.5,14,4,1,38
3.5,14,4,2,38
3.5,14,4,3,39
3.5,14,4,4,39
3.5,14,4,5,39
3.5,14,4,6,39
3.5,14,4,7,39
3.5,14,4,8,39
3.5,14,4,9,40
3.5,14,4,10,40
3.5,14,4,11,40
3.5,14,4,12,40
3.5,14,4,13,40
3.5,14,4,14,41
3.5,14,4,15,41
3.5,14,5,0,38
3.5,14,5,1,38
3.5,14,5,2,39
3.5,14,5,3,39
3.5,14,5,4,39
3.5,14,5,5,39
3.5,14,5,6,39
3.5,14,5,7,40
3.5,14,5,8,40
3.5,14,5,9,40
3.5,14,5,10,40
3.5,14,5,11,40
3.5,14,5,12,40
3.5,14,5,13,41
3.5,14,5,14,41
3.5,14,5,15,41
3.5,14,6,0,38
3.5,14,6,1,39
3.5,14,6,2,39
3.5,14,6,3,39
3.5,14,6,4,39
3.5,14,6,5,39
3.5,14,6,6,40
3.5,14,6,7,40
3.5,14,6,8,40
3.5,14,6,9,40
3.5,14,6,10,40
3.5,14,6,11,40
3.5,14,6,12,41
3.5,14,6,13,41
3.5,14,6,14,41
3.5,14,6,15,41
3.5,14,7,0,39
3.5,14,7,1,39
3.5,14,7,2,39
3.5,14,7,3,39
3.5,14,7,4,39
3.5,14,7,5,40
3.5,14,7,6,40
3.5,14,7,7,40
3.5,14,7,8,40
3.5,14,7,9,40
3.5,14,7,10,41
3.5,14,7,11,41
3.5,14,7,12,41
3.5,14,7,13,41
3.5,14,7,14,41
3.5,14,7,15,41
3.5,14,8,0,39
3.5,14,8,1,39
3.5,14,8,2,39
3.5,14,8,3,39
3.5,14,8,4,40
3.5,14,8,5,40
3.5,14,8,6,40
3.5,14,8,7,40
3.5,14,8,8,40
3.5,14,8,9,41
3.5,14,8,10,41
3.5,14,8,11,41
3.5,14,8,12,41
3.5,14,8,13,41
3.5,14,8,14,41
3.5,14,8,15,42
3.5,14,9,0,39
3.5,14,9,1,39
3.5,14,9,2,39
3.5,14,9,3,40
3.5,14,9,4,40
3.5,14,9,5,40
3.5,14,9,6,40
3.5,14,9,7,40
3.5,14,9,8,41
3.5,14,9,9,41
3.5,14,9,10,41
3.5,14,9,11,41
3.5,14,9,12,41
3.5,14,9,13,42
3.5,14,9,14,42
3.5,14,9,15,42
3.5,14,10,0,39
3.5,14,10,1,39
3.5,14,10,2,40
3.5,14,10,3,40
3.5,14,10,4,40
3.5,14,10,5,40
3.5,14,10,6,40
3.5,14,10,7,41
3.5,14,10,8,41
3.5,14,10,9,41
3.5,14,10,10,41
3.5,14,10,11,41
3.5,14,10,12,42
3.5,14,10,13,42
3.5,14,10,14,42
3.5,14,10,15,42
3.5,14,11,0,40
3.5,14,11,1,40
3.5,14,11,2,40
3.5,14,11,3,40
3.5,14,11,4,40
3.5,14,11,5,40
3.5,14,11,6,41
3.5,14,11,7,41
3.5,14,11,8,41
3.5,14,11,9,41
3.5,14,11,10,41
3.5,14,11,11,42
3.5,14,11,12,42
3.5,14,11,13,42
3.5,14,11,14,42
3.5,14,11,15,42
3.5,14,12,0,40
3.5,14,12,1,40
3.5,14,12,2,40
3.5,14,12,3,40
3.5,14,12,4,40
3.5,14,12,5,41
3.5,14,12,6,41
3.5,14,12,7,41
3.5,14,12,8,41
3.5,14,12,9,41
3.5,14,12,10,42
3.5,14,12,11,42
3.5,14,12,12,42
3.5,14,12,13,42
3.5,14,12,14,42
3.5,14,12,15,43
3.5,14,13,0,40
3.5,14,13,1,40
3.5,14,13,2,40
3.5,14,13,3,41
3.5,14,13,4,41
3.5,14,13,5,41
3.5,14,13,6,41
3.5,14,13,7,41
3.5,14,13,8,41
3.5,14,13,9,42
3.5,14,13,10,42
3.5,14,13,11,42
3.5,14,13,12,42
3.5,14,13,13,42
3.5,14,13,14,43
3.5,14,13,15,43
3.5,14,14,0,40
3.5,14,14,1,40
3.5,14,14,2,41
3.5,14,14,3,41
3.5,14,14,4,41
3.5,14,14,5,41
3.5,14,14,6,41
3.5,14,14,7,42
3.5,14,14,8,42
3.5,14,14,9,42
3.5,14,14,10,42
3.5,14,14,11,42
3.5,14,14,12,42
3.5,14,14,13,43
3.5,14,14,14,43
3.5,14,14,15,43
3.5,14,15,0,40
3.5,14,15,1,41
3.5,14,15,2,41
3.5,14,15,3,41
3.5,14,15,4,41
3.5,14,15,5,41
3.5,14,15,6,42
3.5,14,15,7,42
3.5,14,15,8,42
3.5,14,15,9,42
3.5,14,15,10,42
3.5,14,15,11,42
3.5,14,15,12,43
3.5,14,15,13,43
3.5,14,15,14,43
3.5,14,15,15,43
3.5,15,0,0,38
3.5,15,0,1,38
3.5,15,0,2,38
3.5,15,0,3,38
3.5,15,0,4,38
3.5,15,0,5,39
3.5,15,0,6,39
3.5,15,0,7,39
3.5,15,0,8,39
3.5,15,0,9,39
3.5,15,0,10,39
3.5,15,0,11,40
3.5,15,0,12,40
3.5,15,0,13,40
3.5,15,0,14,40
3.5,15,0,15,40
3.5,15,1,0,38
3.5,15,1,1,38
3.5,15,1,2,38
3.5,15,1,3,38
3.5,15,1,4,39
3.5,15,1,5,39
3.5,15,1,6,39
3.5,15,1,7,39
3.5,15,1,8,39
3.5,15,1,9,39
3.5,15,1,10,40
3.5,15,1,11,40
3.5,15,1,12,40
3.5,15,1,13,40
3.5,15,1,14,40
3.5,15,1,15,41
3.5,15,2,0,38
3.5,15,2,1,38
3.5,15,2,2,38
3.5,15,2,3,39
3.5,15,2,4,39
3.5,15,2,5,39
3.5,15,2,6,39
3.5,15,2,7,39
3.5,15,2,8,40
3.5,15,2,9,40
3.5,15,2,10,40
3.5,15,2,11,40
3.5,15,2,12,40
3.5,15,2,13,40
3.5,15,2,14,41
3.5,15,2,15,41
3.5,15,3,0,38
3.5,15,3,1,38
3.5,15,3,2,39
3.5,15,3,3,39
3.5,15,3,4,39
3.5,15,3,5,39
3.5,15,3,6,39
3.5,15,3,7,40
3.5,15,3,8,40
3.5,15,3,9,40
3.5,15,3,10,40
3.5,15,3,11,40
3.5,15,3,12,41
3.5,15,3,13,41
3.5,15,3,14,41
3.5,15,3,15,41
3.5,15,4,0,39
3.5,15,4,1,39
3.5,15,4,2,39
3.5,15,4,3,39
3.5,15,4,4,39
3.5,15,4,5,39
3.5,15,4,6,40
3.5,15,4,7,40
3.5,15,4,8,40
3.5,15,4,9,40
3.5,15,4,10,40
3.5,15,4,11,41
3.5,15,4,12,41
3.5,15,4,13,41
3.5,15,4,14,41
3.5,15,4,15,41
3.5,15,5,0,39
3.5,15,5,1,39
3.5,15,5,2,39
3.5,15,5,3,39
3.5,15,5,4,39
3.5,15,5,5,40
3.5,15,5,6,40
3.5,15,5,7,40
3.5,15,5,8,40
3.5,15,5,9,40
3.5,15,5,10,41
3.5,15,5,11,41
3.5,15,5,12,41
3.5,15,5,13,41
3.5,15,5,14,41
3.5,15,5,15,42
3.5,15,6,0,39
3.5,15,6,1,39
3.5,15,6,2,39
3.5,15,6,3,40
3.5,15,6,4,40
3.5,15,6,5,40
3.5,15,6,6,40
3.5,15,6,7,40
3.5,15,6,8,40
3.5,15,6,9,41
3.5,15,6,10,41
3.5,15,6,11,41
3.5,15,6,12,41
3.5,15,6,13,41
3.5,15,6,14,42
3.5,15,6,15,42
3.5,15,7,0,39
3.5,15,7,1,39
3.5,15,7,2,40
3.5,15,7,3,40
3.5,15,7,4,40
3.5,15,7,5,40
3.5,15,7,6,40
3.5,15,7,7,41
3.5,15,7,8,41
3.5,15,7,9,41
3.5,15,7,10,41
3.5,15,7,11,41
3.5,15,7,12,41
3.5,15,7,13,42
3.5,15,7,14,42
3.5,15,7,15,42
3.5,15,8,0,39
3.5,15,8,1,40
3.5,15,8,2,40
3.5,15,8,3,40
3.5,15,8,4,40
3.5,15,8,5,40
3.5,15,8,6,41
3.5,15,8,7,41
3.5,15,8,8,41
3.5,15,8,9,41
3.5,15,8,10,41
3.5,15,8,11,41
3.5,15,8,12,42
3.5,15,8,13,42
3.5,15,8,14,42
3.5,15,8,15,42
3.5,15,9,0,40
3.5,15,9,1,40
3.5,15,9,2,40
3.5,15,9,3,40
3.5,15,9,4,40
3.5,15,9,5,41
3.5,15,9,6,41
3.5,15,9,7,41
3.5,15,9,8,41
3.5,15,9,9,41
3.5,15,9,10,42
3.5,15,9,11,42
3.5,15,9,12,42
3.5,15,9,13,42
3.5,15,9,14,42
3.5,15,9,15,42
3.5,15,10,0,40
3.5,15,10,1,40
3.5,15,10,2,40
3.5,15,10,3,40
3.5,15,10,4,41
3.5,15,10,5,41
3.5,15,10,6,41
3.5,15,10,7,41
3.5,15,10,8,41
3.5,15,10,9,42
3.5,15,10,10,42
3.5,15,10,11,42
3.5,15,10,12,42
3.5,15,10,13,42
3.5,15,10,14,43
3.5,15,10,15,43
3.5,15,11,0,40
3.5,15,11,1,40
3.5,15,11,2,40
3.5,15,11,3,41
3.5,15,11,4,41
3.5,15,11,5,41
3.5,15,11,6,41
3.5,15,11,7,41
3.5,15,11,8,42
3.5,15,11,9,42
3.5,15,11,10,42
3.5,15,11,11,42
3.5,15,11,12,42
3.5,15,11,13,43
3.5,15,11,14,43
3.5,15,11,15,43
3.5,15,12,0,40
3.5,15,12,1,40
3.5,15,12,2,41
3.5,15,12,3,41
3.5,15,12,4,41
3.5,15,12,5,41
3.5,15,12,6,41
3.5,15,12,7,42
3.5,15,12,8,42
3.5,15,12,9,42
3.5,15,12,10,42
3.5,15,12,11,42
3.5,15,12,12,43
3.5,15,12,13,43
3.5,15,12,14,43
3.5,15,12,15,43
3.5,15,13,0,40
3.5,15,13,1,41
3.5,15,13,2,41
3.5,15,13,3,41
3.5,15,13,4,41
3.5,15,13,5,41
3.5,15,13,6,42
3.5,15,13,7,42
3.5,15,13,8,42
3.5,15,13,9,42
3.5,15,13,10,42
3.5,15,13,11,43
3.5,15,13,12,43
3.5,15,13,13,43
3.5,15,13,14,43
3.5,15,13,15,43
3.5,15,14,0,41
3.5,15,14,1,41
3.5,15,14,2,41
3.5,15,14,3,41
3.5,15,14,4,41
3.5,15,14,5,42
3.5,15,14,6,42
3.5,15,14,7,42
3.5,15,14,8,42
3.5,15,14,9,42
3.5,15,14,10,43
3.5,15,14,11,43
3.5,15,14,12,43
3.5,15,14,13,43
3.5,15,14,14,43
3.5,15,14,15,44
3.5,15,15,0,41
3.5,15,15,1,41
3.5,15,15,2,41
3.5,15,15,3,42
3.5,15,15,4,42
3.5,15,15,5,42
3.5,15,15,6,42
3.5,15,15,7,42
3.5,15,15,8,43
3.5,15,15,9,43
3.5,15,15,10,43
3.5,15,15,11,43
3.5,15,15,12,43
3.5,15,15,13,43
3.5,15,15,14,44
3.5,15,15,15,44
4.0,0,0,0,35
4.0,0,0,1,35
4.0,0,0,2,35
4.0,0,0,3,36
4.0,0,0,4,36
4.0,0,0,5,36
4.0,0,0,6,36
4.0,0,0,7,36
4.0,0,0,8,36
4.0,0,0,9,37
4.0,0,0,10,37
4.0,0,0,11,37
4.0,0,0,12,37
4.0,0,0,13,37
4.0,0,0,14,37
4.0,0,0,15,38
4.0,0,1,0,35
4.0,0,1,1,35
4.0,0,1,2,36
4.0,0,1,3,36
4.0,0,1,4,36
4.0,0,1,5,36
4.0,0,1,6,36
4.0,0,1,7,36
4.0,0,1,8,37
4.0,0,1,9,37
4.0,0,1,10,37
4.0,0,1,11,37
4.0,0,1,12,37
4.0,0,1,13,37
4.0,0,1,14,38
4.0,0,1,15,38
4.0,0,2,0,35
4.0,0,2,1,36
4.0,0,2,2,36
4.0,0,2,3,36
4.0,0,2,4,36
4.0,0,2,5,36
4.0,0,2,6,36
4.0,0,2,7,37
4.0,0,2,8,37
4.0,0,2,9,37
4.0,0,2,10,37
4.0,0,2,11,37
4.0,0,2,12,37
4.0,0,2,13,38
4.0,0,2,14,38
4.0,0,2,15,38
4.0,0,3,0,36
4.0,0,3,1,36
4.0,0,3,2,36
4.0,0,3,3,36
4.0,0,3,4,36
4.0,0,3,5,37
4.0,0,3,6,37
4.0,0,3,7,37
4.0,0,3,8,37
4.0,0,3,9,37
4.0,0,3,10,37
4.0,0,3,11,38
4.0,0,3,12,38
4.0,0,3,13,38
4.0,0,3,14,38
4.0,0,3,15,38
4.0,0,4,0,36
4.0,0,4,1,36
4.0,0,4,2,36
4.0,0,4,3,36
4.0,0,4,4,37
4.0,0,4,5,37
4.0,0,4,6,37
4.0,0,4,7,37
4.0,0,4,8,37
4.0,0,4,9,37
4.0,0,4,10,38
4.0,0,4,11,38
4.0,0,4,12,38
4.0,0,4,13,38
4.0,0,4,14,38
4.0,0,4,15,38
4.0,0,5,0,36
4.0,0,5,1,36
4.0,0,5,2,36
4.0,0,5,3,37
4.0,0,5,4,37
4.0,0,5,5,37
4.0,0,5,6,37
4.0,0,5,7,37
4.0,0,5,8,37
4.0,0,5,9,38
4.0,0,5,10,38
4.0,0,5,11,38
4.0,0,5,12,38
4.0,0,5,13,38
4.0,0,5,14,38
4.0,0,5,15,39
4.0,0,6,0,36
4.0,0,6,1,36
4.0,0,6,2,37
4.0,0,6,3,37
4.0,0,6,4,37
4.0,0,6,5,37
4.0,0,6,6,37
4.0,0,6,7,38
4.0,0,6,8,38
4.0,0,6,9,38
4.0,0,6,10,38
4.0,0,6,11,38
4.0,0,6,12,38
4.0,0,6,13,39
4.0,0,6,14,39
4.0,0,6,15,39
4.0,0,7,0,36
4.0,0,7,1,37
4.0,0,7,2,37
4.0,0,7,3,37
4.0,0,7,4,37
4.0,0,7,5,37
4.0,0,7,6,38
4.0,0,7,7,38
4.0,0,7,8,38
4.0,0,7,9,38
4.0,0,7,10,38
4.0,0,7,11,38
4.0,0,7,12,39
4.0,0,7,13,39
4.0,0,7,14,39
4.0,0,7,15,39
4.0,0,8,0,37
4.0,0,8,1,37
4.0,0,8,2,37
4.0,0,8,3,37
4.0,0,8,4,37
4.0,0,8,5,38
4.0,0,8,6,38
4.0,0,8,7,38
4.0,0,8,8,38
4.0,0,8,9,38
4.0,0,8,10,38
4.0,0,8,11,39
4.0,0,8,12,39
4.0,0,8,13,39
4.0,0,8,14,39
4.0,0,8,15,39
4.0,0,9,0,37
4.0,0,9,1,37
4.0,0,9,2,37
4.0,0,9,3,37
4.0,0,9,4,38
4.0,0,9,5,38
4.0,0,9,6,38
4.0,0,9,7,38
4.0,0,9,8,38
4.0,0,9,9,38
4.0,0,9,10,39
4.0,0,9,11,39
4.0,0,9,12,39
4.0,0,9,13,39
4.0,0,9,14,39
4.0,0,9,15,40
4.0,0,10,0,37
4.0,0,10,1,37
4.0,0,10,2,37
4.0,0,10,3,38
4.0,0,10,4,38
4.0,0,10,5,38
4.0,0,10,6,38
4.0,0,10,7,38
4.0,0,10,8,39
4.0,0,10,9,39
4.0,0,10,10,39
4.0,0,10,11,39
4.0,0,10,12,39
4.0,0,10,13,39
4.0,0,10,14,40
4.0,0,10,15,40
4.0,0,11,0,37
4.0,0,11,1,37
4.0,0,11,2,38
4.0,0,11,3,38
4.0,0,11,4,38
4.0,0,11,5,38
4.0,0,11,6,38
4.0,0,11,7,39
4.0,0,11,8,39
4.0,0,11,9,39
4.0,0,11,10,39
4.0,0,11,11,39
4.0,0,11,12,39
4.0,0,11,13,40
4.0,0,11,14,40
4.0,0,11,15,40
4.0,0,12,0,37
4.0,0,12,1,38
4.0,0,12,2,38
4.0,0,12,3,38
4.0,0,12,4,38
4.0,0,12,5,38
4.0,0,12,6,39
4.0,0,12,7,39
4.0,0,12,8,39
4.0,0,12,9,39
4.0,0,12,10,39
4.0,0,12,11,39
4.0,0,12,12,40
4.0,0,12,13,40
4.0,0,12,14,40
4.0,0,12,15,40
4.0,0,13,0,38
4.0,0,13,1,38
4.0,0,13,2,38
4.0,0,13,3,38
4.0,0,13,4,38
4.0,0,13,5,39
4.0,0,13,6,39
4.0,0,13,7,39
4.0,0,13,8,39
4.0,0,13,9,39
4.0,0,13,10,40
4.0,0,13,11,40
4.0,0,13,12,40
4.0,0,13,13,40
4.0,0,13,14,40
4.0,0,13,15,40
4.0,0,14,0,38
4.0,0,14,1,38
4.0,0,14,2,38
4.0,0,14,3,38
4.0,0,14,4,39
4.0,0,14,5,39
4.0,0,14,6,39
4.0,0,14,7,39
4.0,0,14,8,39
4.0,0,14,9,40
4.0,0,14,10,40
4.0,0,14,11,40
4.0,0,14,12,40
4.0,0,14,13,40
4.0,0,14,14,40
4.0,0,14,15,41
4.0,0,15,0,38
4.0,0,15,1,38
4.0,0,15,2,38
4.0,0,15,3,39
4.0,0,15,4,39
4.0,0,15,5,39
4.0,0,15,6,39
4.0,0,15,7,39
4.0,0,15,8,40
4.0,0,15,9,40
4.0,0,15,10,40
4.0,0,15,11,40
4.0,0,15,12,40
4.0,0,15,13,40
4.0,0,15,14,41
4.0,0,15,15,41
4.0,1,0,0,36
4.0,1,0,1,36
4.0,1,0,2,36
4.0,1,0,3,36
4.0,1,0,4,36
4.0,1,0,5,36
4.0,1,0,6,37
4.0,1,0,7,37
4.0,1,0,8,37
4.0,1,0,9,37
4.0,1,0,10,37
4.0,1,0,11,37
4.0,1,0,12,38
4.0,1,0,13,38
4.0,1,0,14,38
4.0,1,0,15,38
4.0,1,1,0,36
4.0,1,1,1,36
4.0,1,1,2,36
4.0,1,1,3,36
4.0,1,1,4,37
4.0,1,1,5,37
4.0,1,1,6,37
4.0,1,1,7,37
4.0,1,1,8,37
4.0,1,1,9,37
4.0,1,1,10,38
4.0,1,1,11,38
4.0,1,1,12,38
4.0,1,1,13,38
4.0,1,1,14,38
4.0,1,1,15,38
4.0,1,2,0,36
4.0,1,2,1,36
4.0,1,2,2,36
4.0,1,2,3,37
4.0,1,2,4,37
4.0,1,2,5,37
4.0,1,2,6,37
4.0,1,2,7,37
4.0,1,2,8,37
4.0,1,2,9,38
4.0,1,2,10,38
4.0,1,2,11,38
4.0,1,2,12,38
4.0,1,2,13,38
4.0,1,2,14,38
4.0,1,2,15,39
4.0,1,3,0,36
4.0,1,3,1,36
4.0,1,3,2,37
4.0,1,3,3,37
4.0,1,3,4,37
4.0,1,3,5,37
4.0,1,3,6,37
4.0,1,3,7,37
4.0,1,3,8,38
4.0,1,3,9,38
4.0,1,3,10,38
4.0,1,3,11,38
4.0,1,3,12,38
4.0,1,3,13,39
4.0,1,3,14,39
4.0,1,3,15,39
4.0,1,4,0,36
4.0,1,4,1,37
4.0,1,4,2,37
4.0,1,4,3,37
4.0,1,4,4,37
4.0,1,4,5,37
4.0,1,4,6,38
4.0,1,4,7,38
4.0,1,4,8,38
4.0,1,4,9,38
4.0,1,4,10,38
4.0,1,4,11,38
4.0,1,4,12,39
4.0,1,4,13,39
4.0,1,4,14,39
4.0,1,4,15,39
4.0,1,5,0,37
4.0,1,5,1,37
4.0,1,5,2,37
4.0,1,5,3,37
4.0,1,5,4,37
4.0,1,5,5,38
4.0,1,5,6,38
4.0,1,5,7,38
4.0,1,5,8,38
4.0,1,5,9,38
4.0,1,5,10,38
4.0,1,5,11,39
4.0,1,5,12,39
4.0,1,5,13,39
4.0,1,5,14,39
4.0,1,5,15,39
4.0,1,6,0,37
4.0,1,6,1,37
4.0,1,6,2,37
4.0,1,6,3,37
4.0,1,6,4,38
4.0,1,6,5,38
4.0,1,6,6,38
4.0,1,6,7,38
4.0,1,6,8,38
4.0,1,6,9,38
4.0,1,6,10,39
4.0,1,6,11,39
4.0,1,6,12,39
4.0,1,6,13,39
4.0,1,6,14,39
4.0,1,6,15,40
4.0,1,7,0,37
4.0,1,7,1,37
4.0,1,7,2,37
4.0,1,7,3,38
4.0,1,7,4,38
4.0,1,7,5,38
4.0,1,7,6,38
4.0,1,7,7,38
4.0,1,7,8,39
4.0,1,7,9,39
4.0,1,7,10,39
4.0,1,7,11,39
4.0,1,7,12,39
4.0,1,7,13,39
4.0,1,7,14,40
4.0,1,7,15,40
4.0,1,8,0,37
4.0,1,8,1,37
4.0,1,8,2,38
4.0,1,8,3,38
4.0,1,8,4,38
4.0,1,8,5,38
4.0,1,8,6,38
4.0,1,8,7,39
4.0,1,8,8,39
4.0,1,8,9,39
4.0,1,8,10,39
4.0,1,8,11,39
4.0,1,8,12,39
4.0,1,8,13,40
4.0,1,8,14,40
4.0,1,8,15,40
4.0,1,9,0,38
4.0,1,9,1,38
4.0,1,9,2,38
4.0,1,9,3,38
4.0,1,9,4,38
4.0,1,9,5,38
4.0,1,9,6,39
4.0,1,9,7,39
4.0,1,9,8,39
4.0,1,9,9,39
4.0,1,9,10,39
4.0,1,9,11,40
4.0,1,9,12,40
4.0,1,9,13,40
4.0,1,9,14,40
4.0,1,9,15,40
4.0,1,10,0,38
4.0,1,10,1,38
4.0,1,10,2,38
4.0,1,10,3,38
4.0,1,10,4,38
4.0,1,10,5,39
4.0,1,10,6,39
4.0,1,10,7,39
4.0,1,10,8,39
4.0,1,10,9,39
4.0,1,10,10,40
4.0,1,10,11,40
4.0,1,10,12,40
4.0,1,10,13,40
4.0,1,10,14,40
4.0,1,10,15,40
4.0,1,11,0,38
4.0,1,11,1,38
4.0,1,11,2,38
4.0,1,11,3,38
4.0,1,11,4,39
4.0,1,11,5,39
4.0,1,11,6,39
4.0,1,11,7,39
4.0,1,11,8,39
4.0,1,11,9,40
4.0,1,11,10,40
4.0,1,11,11,40
4.0,1,11,12,40
4.0,1,11,13,40
4.0,1,11,14,40
4.0,1,11,15,41
4.0,1,12,0,38
4.0,1,12,1,38
4.0,1,12,2,38
4.0,1,12,3,39
4.0,1,12,4,39
4.0,1,12,5,39
4.0,1,12,6,39
4.0,1,12,7,39
4.0,1,12,8,40
4.0,1,12,9,40
4.0,1,12,10,40
4.0,1,12,11,40
4.0,1,12,12,40
4.0,1,12,13,41
4.0,1,12,14,41
4.0,1,12,15,41
4.0,1,13,0,38
4.0,1,13,1,39
4.0,1,13,2,39
4.0,1,13,3,39
4.0,1,13,4,39
4.0,1,13,5,39
4.0,1,13,6,39
4.0,1,13,7,40
4.0,1,13,8,40
4.0,1,13,9,40
4.0,1,13,10,40
4.0,1,13,11,40
4.0,1,13,12,41
4.0,1,13,13,41
4.0,1,13,14,41
4.0,1,13,15,41
4.0,1,14,0,39
4.0,1,14,1,39
4.0,1,14,2,39
4.0,1,14,3,39
4.0,1,14,4,39
4.0,1,14,5,39
4.0,1,14,6,40
4.0,1,14,7,40
4.0,1,14,8,40
4.0,1,14,9,40
4.0,1,14,10,40
4.0,1,14,11,41
4.0,1,14,12,41
4.0,1,14,13,41
4.0,1,14,14,41
4.0,1,14,15,41
4.0,1,15,0,39
4.0,1,15,1,39
4.0,1,15,2,39
4.0,1,15,3,39
4.0,1,15,4,39
4.0,1,15,5,40
4.0,1,15,6,40
4.0,1,15,7,40
4.0,1,15,8,40
4.0,1,15,9,40
4.0,1,15,10,41
4.0,1,15,11,41
4.0,1,15,12,41
4.0,1,15,13,41
4.0,1,15,14,41
4.0,1,15,15,42
4.0,2,0,0,36
4.0,2,0,1,36
4.0,2,0,2,37
4.0,2,0,3,37
4.0,2,0,4,37
4.0,2,0,5,37
4.0,2,0,6,37
4.0,2,0,7,37
4.0,2,0,8,38
4.0,2,0,9,38
4.0,2,0,10,38
4.0,2,0,11,38
4.0,2,0,12,38
4.0,2,0,13,38
4.0,2,0,14,39
4.0,2,0,15,39
4.0,2,1,0,36
4.0,2,1,1,37
4.0,2,1,2,37
4.0,2,1,3,37
4.0,2,1,4,37
4.0,2,1,5,37
4.0,2,1,6,37
4.0,2,1,7,38
4.0,2,1,8,38
4.0,2,1,9,38
4.0,2,1,10,38
4.0,2,1,11,38
4.0,2,1,12,39
4.0,2,1,13,39
4.0,2,1,14,39
4.0,2,1,15,39
4.0,2,2,0,37
4.0,2,2,1,37
4.0,2,2,2,37
4.0,2,2,3,37
4.0,2,2,4,37
4.0,2,2,5,38
4.0,2,2,6,38
4.0,2,2,7,38
4.0,2,2,8,38
4.0,2,2,9,38
4.0,2,2,10,38
4.0,2,2,11,39
4.0,2,2,12,39
4.0,2,2,13,39
4.0,2,2,14,39
4.0,2,2,15,39
4.0,2,3,0,37
4.0,2,3,1,37
4.0,2,3,2,37
4.0,2,3,3,37
4.0,2,3,4,38
4.0,2,3,5,38
4.0,2,3,6,38
4.0,2,3,7,38
4.0,2,3,8,38
4.0,2,3,9,38
4.0,2,3,10,39
4.0,2,3,11,39
4.0,2,3,12,39
4.0,2,3,13,39
4.0,2,3,14,39
4.0,2,3,15,40
4.0,2,4,0,37
4.0,2,4,1,37
4.0,2,4,2,37
4.0,2,4,3,38
4.0,2,4,4,38
4.0,2,4,5,38
4.0,2,4,6,38
4.0,2,4,7,38
4.0,2,4,8,39
4.0,2,4,9,39
4.0,2,4,10,39
4.0,2,4,11,39
4.0,2,4,12,39
4.0,2,4,13,39
4.0,2,4,14,40
4.0,2,4,15,40
4.0,2,5,0,37
4.0,2,5,1,37
4.0,2,5,2,38
4.0,2,5,3,38
4.0,2,5,4,38
4.0,2,5,5,38
4.0,2,5,6,38
4.0,2,5,7,39
4.0,2,5,8,39
4.0,2,5,9,39
4.0,2,5,10,39
4.0,2,5,11,39
4.0,2,5,12,39
4.0,2,5,13,40
4.0,2,5,14,40
4.0,2,5,15,40
4.0,2,6,0,38
4.0,2,6,1,38
4.0,2,6,2,38
4.0,2,6,3,38
4.0,2,6,4,38
4.0,2,6,5,38
4.0,2,6,6,39
4.0,2,6,7,39
4.0,2,6,8,39
4.0,2,6,9,39
4.0,2,6,10,39
4.0,2,6,11,40
4.0,2,6,12,40
4.0,2,6,13,40
4.0,2,6,14,40
4.0,2,6,15,40
4.0,2,7,0,38
4.0,2,7,1,38
4.0,2,7,2,38
4.0,2,7,3,38
4.0,2,7,4,38
4.0,2,7,5,39
4.0,2,7,6,39
4.0,2,7,7,39
4.0,2,7,8,39
4.0,2,7,9,39
4.0,2,7,10,40
4.0,2,7,11,40
4.0,2,7,12,40
4.0,2,7,13,40
4.0,2,7,14,40
4.0,2,7,15,40
4.0,2,8,0,38
4.0,2,8,1,38
4.0,2,8,2,38
4.0,2,8,3,38
4.0,2,8,4,39
4.0,2,8,5,39
4.0,2,8,6,39
4.0,2,8,7,39
4.0,2,8,8,39
4.0,2,8,9,40
4.0,2,8,10,40
4.0,2,8,11,40
4.0,2,8,12,40
4.0,2,8,13,40
4.0,2,8,14,40
4.0,2,8,15,41
4.0,2,9,0,38
4.0,2,9,1,38
4.0,2,9,2,39
4.0,2,9,3,39
4.0,2,9,4,39
4.0,2,9,5,39
4.0,2,9,6,39
4.0,2,9,7,39
4.0,2,9,8,40
4.0,2,9,9,40
4.0,2,9,10,40
4.0,2,9,11,40
4.0,2,9,12,40
4.0,2,9,13,41
4.0,2,9,14,41
4.0,2,9,15,41
4.0,2,10,0,38
4.0,2,10,1,39
4.0,2,10,2,39
4.0,2,10,3,39
4.0,2,10,4,39
4.0,2,10,5,39
4.0,2,10,6,39
4.0,2,10,7,40
4.0,2,10,8,40
4.0,2,10,9,40
4.0,2,10,10,40
4.0,2,10,11,40
4.0,2,10,12,41
4.0,2,10,13,41
4.0,2,10,14,41
4.0,2,10,15,41
4.0,2,11,0,39
4.0,2,11,1,39
4.0,2,11,2,39
4.0,2,11,3,39
4.0,2,11,4,39
4.0,2,11,5,40
4.0,2,11,6,40
4.0,2,11,7,40
4.0,2,11,8,40
4.0,2,11,9,40
4.0,2,11,10,40
4.0,2,11,11,41
4.0,2,11,12,41
4.0,2,11,13,41
4.0,2,11,14,41
4.0,2,11,15,41
4.0,2,12,0,39
4.0,2,12,1,39
4.0,2,12,2,39
4.0,2,12,3,39
4.0,2,12,4,40
4.0,2,12,5,40
4.0,2,12,6,40
4.0,2,12,7,40
4.0,2,12,8,40
4.0,2,12,9,40
4.0,2,12,10,41
4.0,2,12,11,41
4.0,2,12,12,41
4.0,2,12,13,41
4.0,2,12,14,41
4.0,2,12,15,42
4.0,2,13,0,39
4.0,2,13,1,39
4.0,2,13,2,39
4.0,2,13,3,40
4.0,2,13,4,40
4.0,2,13,5,40
4.0,2,13,6,40
4.0,2,13,7,40
4.0,2,13,8,40
4.0,2,13,9,41
4.0,2,13,10,41
4.0,2,13,11,41
4.0,2,13,12,41
4.0,2,13,13,41
4.0,2,13,14,42
4.0,2,13,15,42
4.0,2,14,0,39
4.0,2,14,1,39
4.0,2,14,2,40
4.0,2,14,3,40
4.0,2,14,4,40
4.0,2,14,5,40
4.0,2,14,6,40
4.0,2,14,7,41
4.0,2,14,8,41
4.0,2,14,9,41
4.0,2,14,10,41
4.0,2,14,11,41
4.0,2,14,12,41
4.0,2,14,13,42
4.0,2,14,14,42
4.0,2,14,15,42
4.0,2,15,0,39
4.0,2,15,1,40
4.0,2,15,2,40
4.0,2,15,3,40
4.0,2,15,4,40
4.0,2,15,5,40
4.0,2,15,6,41
4.0,2,15,7,41
4.0,2,15,8,41
4.0,2,15,9,41
4.0,2,15,10,41
4.0,2,15,11,41
4.0,2,15,12,42
4.0,2,15,13,42
4.0,2,15,14,42
4.0,2,15,15,42
4.0,3,0,0,37
4.0,3,0,1,37
4.0,3,0,2,37
4.0,3,0,3,37
4.0,3,0,4,38
4.0,3,0,5,38
4.0,3,0,6,38
4.0,3,0,7,38
4.0,3,0,8,38
4.0,3,0,9,38
4.0,3,0,10,39
4.0,3,0,11,39
4.0,3,0,12,39
4.0,3,0,13,39
4.0,3,0,14,39
4.0,3,0,15,39
4.0,3,1,0,37
4.0,3,1,1,37
4.0,3,1,2,37
4.0,3,1,3,38
4.0,3,1,4,38
4.0,3,1,5,38
4.0,3,1,6,38
4.0,3,1,7,38
4.0,3,1,8,38
4.0,3,1,9,39
4.0,3,1,10,39
4.0,3,1,11,39
4.0,3,1,12,39
4.0,3,1,13,39
4.0,3,1,14,40
4.0,3,1,15,40
4.0,3,2,0,37
4.0,3,2,1,37
4.0,3,2,2,38
4.0,3,2,3,38
4.0,3,2,4,38
4.0,3,2,5,38
4.0,3,2,6,38
4.0,3,2,7,39
4.0,3,2,8,39
4.0,3,2,9,39
4.0,3,2,10,39
4.0,3,2,11,39
4.0,3,2,12,39
4.0,3,2,13,40
4.0,3,2,14,40
4.0,3,2,15,40
4.0,3,3,0,37
4.0,3,3,1,38
4.0,3,3,2,38
4.0,3,3,3,38
4.0,3,3,4,38
4.0,3,3,5,38
4.0,3,3,6,39
4.0,3,3,7,39
4.0,3,3,8,39
4.0,3,3,9,39
4.0,3,3,10,39
4.0,3,3,11,39
4.0,3,3,12,40
4.0,3,3,13,40
4.0,3,3,14,40
4.0,3,3,15,40
4.0,3,4,0,38
4.0,3,4,1,38
4.0,3,4,2,38
4.0,3,4,3,38
4.0,3,4,4,38
4.0,3,4,5,39
4.0,3,4,6,39
4.0,3,4,7,39
4.0,3,4,8,39
4.0,3,4,9,39
4.0,3,4,10,40
4.0,3,4,11,40
4.0,3,4,12,40
4.0,3,4,13,40
4.0,3,4,14,40
4.0,3,4,15,40
4.0,3,5,0,38
4.0,3,5,1,38
4.0,3,5,2,38
4.0,3,5,3,38
4.0,3,5,4,39
4.0,3,5,5,39
4.0,3,5,6,39
4.0,3,5,7,39
4.0,3,5,8,39
4.0,3,5,9,40
4.0,3,5,10,40
4.0,3,5,11,40
4.0,3,5,12,40
4.0,3,5,13,40
4.0,3,5,14,40
4.0,3,5,15,41
4.0,3,6,0,38
4.0,3,6,1,38
4.0,3,6,2,39
4.0,3,6,3,39
4.0,3,6,4,39
4.0,3,6,5,39
4.0,3,6,6,39
4.0,3,6,7,39
4.0,3,6,8,40
4.0,3,6,9,40
4.0,3,6,10,40
4.0,3,6,11,40
4.0,3,6,12,40
4.0,3,6,13,41
4.0,3,6,14,41
4.0,3,6,15,41
4.0,3,7,0,38
4.0,3,7,1,39
4.0,3,7,2,39
4.0,3,7,3,39
4.0,3,7,4,39
4.0,3,7,5,39
4.0,3,7,6,39
4.0,3,7,7,40
4.0,3,7,8,40
4.0,3,7,9,40
4.0,3,7,10,40
4.0,3,7,11,40
4.0,3,7,12,41
4.0,3,7,13,41
4.0,3,7,14,41
4.0,3,7,15,41
4.0,3,8,0,39
4.0,3,8,1,39
4.0,3,8,2,39
4.0,3,8,3,39
4.0,3,8,4,39
4.0,3,8,5,40
4.0,3,8,6,40
4.0,3,8,7,40
4.0,3,8,8,40
4.0,3,8,9,40
4.0,3,8,10,40
4.0,3,8,11,41
4.0,3,8,12,41
4.0,3,8,13,41
4.0,3,8,14,41
4.0,3,8,15,41
4.0,3,9,0,39
4.0,3,9,1,39
4.0,3,9,2,39
4.0,3,9,3,39
4.0,3,9,4,40
4.0,3,9,5,40
4.0,3,9,6,40
4.0,3,9,7,40
4.0,3,9,8,40
4.0,3,9,9,40
4.0,3,9,10,41
4.0,3,9,11,41
4.0,3,9,12,41
4.0,3,9,13,41
4.0,3,9,14,41
4.0,3,9,15,42
4.0,3,10,0,39
4.0,3,10,1,39
4.0,3,10,2,39
4.0,3,10,3,40
4.0,3,10,4,40
4.0,3,10,5,40
4.0,3,10,6,40
4.0,3,10,7,40
4.0,3,10,8,41
4.0,3,10,9,41
4.0,3,10,10,41
4.0,3,10,11,41
4.0,3,10,12,41
4.0,3,10,13,41
4.0,3,10,14,42
4.0,3,10,15,42
4.0,3,11,0,39
4.0,3,11,1,39
4.0,3,11,2,40
4.0,3,11,3,40
4.0,3,11,4,40
4.0,3,11,5,40
4.0,3,11,6,40
4.0,3,11,7,41
4.0,3,11,8,41
4.0,3,11,9,41
4.0,3,11,10,41
4.0,3,11,11,41
4.0,3,11,12,41
4.0,3,11,13,42
4.0,3,11,14,42
4.0,3,11,15,42
4.0,3,12,0,39
4.0,3,12,1,40
4.0,3,12,2,40
4.0,3,12,3,40
4.0,3,12,4,40
4.0,3,12,5,40
4.0,3,12,6,41
4.0,3,12,7,41
4.0,3,12,8,41
4.0,3,12,9,41
4.0,3,12,10,41
4.0,3,12,11,42
4.0,3,12,12,42
4.0,3,12,13,42
4.0,3,12,14,42
4.0,3,12,15,42
4.0,3,13,0,40
4.0,3,13,1,40
4.0,3,13,2,40
4.0,3,13,3,40
4.0,3,13,4,40
4.0,3,13,5,41
4.0,3,13,6,41
4.0,3,13,7,41
4.0,3,13,8,41
4.0,3,13,9,41
4.0,3,13,10,42
4.0,3,13,11,42
4.0,3,13,12,42
4.0,3,13,13,42
4.0,3,13,14,42
4.0,3,13,15,42
4.0,3,14,0,40
4.0,3,14,1,40
4.0,3,14,2,40
4.0,3,14,3,40
4.0,3,14,4,41
4.0,3,14,5,41
4.0,3,14,6,41
4.0,3,14,7,41
4.0,3,14,8,41
4.0,3,14,9,42
4.0,3,14,10,42
4.0,3,14,11,42
4.0,3,14,12,42
4.0,3,14,13,42
4.0,3,14,14,43
4.0,3,14,15,43
4.0,3,15,0,40
4.0,3,15,1,40
4.0,3,15,2,40
4.0,3,15,3,41
4.0,3,15,4,41
4.0,3,15,5,41
4.0,3,15,6,41
4.0,3,15,7,41
4.0,3,15,8,42
4.0,3,15,9,42
4.0,3,15,10,42
4.0,3,15,11,42
4.0,3,15,12,42
4.0,3,15,13,43
4.0,3,15,14,43
4.0,3,15,15,43
4.0,4,0,0,37
4.0,4,0,1,38
4.0,4,0,2,38
4.0,4,0,3,38
4.0,4,0,4,38
4.0,4,0,5,38
4.0,4,0,6,39
4.0,4,0,7,39
4.0,4,0,8,39
4.0,4,0,9,39
4.0,4,0,10,39
4.0,4,0,11,39
4.0,4,0,12,40
4.0,4,0,13,40
4.0,4,0,14,40
4.0,4,0,15,40
4.0,4,1,0,38
4.0,4,1,1,38
4.0,4,1,2,38
4.0,4,1,3,38
4.0,4,1,4,38
4.0,4,1,5,39
4.0,4,1,6,39
4.0,4,1,7,39
4.0,4,1,8,39
4.0,4,1,9,39
4.0,4,1,10,39
4.0,4,1,11,40
4.0,4,1,12,40
4.0,4,1,13,40
4.0,4,1,14,40
4.0,4,1,15,40
4.0,4,2,0,38
4.0,4,2,1,38
4.0,4,2,2,38
4.0,4,2,3,38
4.0,4,2,4,39
4.0,4,2,5,39
4.0,4,2,6,39
4.0,4,2,7,39
4.0,4,2,8,39
4.0,4,2,9,40
4.0,4,2,10,40
4.0,4,2,11,40
4.0,4,2,12,40
4.0,4,2,13,40
4.0,4,2,14,40
4.0,4,2,15,41
4.0,4,3,0,38
4.0,4,3,1,38
4.0,4,3,2,38
4.0,4,3,3,39
4.0,4,3,4,39
4.0,4,3,5,39
4.0,4,3,6,39
4.0,4,3,7,39
4.0,4,3,8,40
4.0,4,3,9,40
4.0,4,3,10,40
4.0,4,3,11,40
4.0,4,3,12,40
4.0,4,3,13,40
4.0,4,3,14,41
4.0,4,3,15,41
4.0,4,4,0,38
4.0,4,4,1,38
4.0,4,4,2,39
4.0,4,4,3,39
4.0,4,4,4,39
4.0,4,4,5,39
4.0,4,4,6,39
4.0,4,4,7,40
4.0,4,4,8,40
4.0,4,4,9,40
4.0,4,4,10,40
4.0,4,4,11,40
4.0,4,4,12,41
4.0,4,4,13,41
4.0,4,4,14,41
4.0,4,4,15,41
4.0,4,5,0,39
4.0,4,5,1,39
4.0,4,5,2,39
4.0,4,5,3,39
4.0,4,5,4,39
4.0,4,5,5,39
4.0,4,5,6,40
4.0,4,5,7,40
4.0,4,5,8,40
4.0,4,5,9,40
4.0,4,5,10,40
4.0,4,5,11,41
4.0,4,5,12,41
4.0,4,5,13,41
4.0,4,5,14,41
4.0,4,5,15,41
4.0,4,6,0,39
4.0,4,6,1,39
4.0,4,6,2,39
4.0,4,6,3,39
4.0,4,6,4,40
4.0,4,6,5,40
4.0,4,6,6,40
4.0,4,6,7,40
4.0,4,6,8,40
4.0,4,6,9,40
4.0,4,6,10,41
4.0,4,6,11,41
4.0,4,6,12,41
4.0,4,6,13,41
4.0,4,6,14,41
4.0,4,6,15,42
4.0,4,7,0,39
4.0,4,7,1,39
4.0,4,7,2,39
4.0,4,7,3,40
4.0,4,7,4,40
4.0,4,7,5,40
4.0,4,7,6,40
4.0,4,7,7,40
4.0,4,7,8,40
4.0,4,7,9,41
4.0,4,7,10,41
4.0,4,7,11,41
4.0,4,7,12,41
4.0,4,7,13,41
4.0,4,7,14,42
4.0,4,7,15,42
4.0,4,8,0,39
4.0,4,8,1,39
4.0,4,8,2,40
4.0,4,8,3,40
4.0,4,8,4,40
4.0,4,8,5,40
4.0,4,8,6,40
4.0,4,8,7,41
4.0,4,8,8,41
4.0,4,8,9,41
4.0,4,8,10,41
4.0,4,8,11,41
4.0,4,8,12,41
4.0,4,8,13,42
4.0,4,8,14,42
4.0,4,8,15,42
4.0,4,9,0,39
4.0,4,9,1,40
4.0,4,9,2,40
4.0,4,9,3,40
4.0,4,9,4,40
4.0,4,9,5,40
4.0,4,9,6,41
4.0,4,9,7,41
4.0,4,9,8,41
4.0,4,9,9,41
4.0,4,9,10,41
4.0,4,9,11,42
4.0,4,9,12,42
4.0,4,9,13,42
4.0,4,9,14,42
4.0,4,9,15,42
4.0,4,10,0,40
4.0,4,10,1,40
4.0,4,10,2,40
4.0,4,10,3,40
4.0,4,10,4,40
4.0,4,10,5,41
4.0,4,10,6,41
4.0,4,10,7,41
4.0,4,10,8,41
4.0,4,10,9,41
4.0,4,10,10,42
4.0,4,10,11,42
4.0,4,10,12,42
4.0,4,10,13,42
4.0,4,10,14,42
4.0,4,10,15,42
4.0,4,11,0,40
4.0,4,11,1,40
4.0,4,11,2,40
4.0,4,11,3,40
4.0,4,11,4,41
4.0,4,11,5,41
4.0,4,11,6,41
4.0,4,11,7,41
4.0,4,11,8,41
4.0,4,11,9,42
4.0,4,11,10,42
4.0,4,11,11,42
4.0,4,11,12,42
4.0,4,11,13,42
4.0,4,11,14,43
4.0,4,11,15,43
4.0,4,12,0,40
4.0,4,12,1,40
4.0,4,12,2,40
4.0,4,12,3,41
4.0,4,12,4,41
4.0,4,12,5,41
4.0,4,12,6,41
4.0,4,12,7,41
4.0,4,12,8,42
4.0,4,12,9,42
4.0,4,12,10,42
4.0,4,12,11,42
4.0,4,12,12,42
4.0,4,12,13,43
4.0,4,12,14,43
4.0,4,12,15,43
4.0,4,13,0,40
4.0,4,13,1,40
4.0,4,13,2,41
4.0,4,13,3,41
4.0,4,13,4,41
4.0,4,13,5,41
4.0,4,13,6,41
4.0,4,13,7,42
4.0,4,13,8,42
4.0,4,13,9,42
4.0,4,13,10,42
4.0,4,13,11,42
4.0,4,13,12,43
4.0,4,13,13,43
4.0,4,13,14,43
4.0,4,13,15,43
4.0,4,14,0,40
4.0,4,14,1,41
4.0,4,14,2,41
4.0,4,14,3,41
4.0,4,14,4,41
4.0,4,14,5,41
4.0,4,14,6,42
4.0,4,14,7,42
4.0,4,14,8,42
4.0,4,14,9,42
4.0,4,14,10,42
4.0,4,14,11,43
4.0,4,14,12,43
4.0,4,14,13,43
4.0,4,14,14,43
4.0,4,14,15,43
4.0,4,15,0,41
4.0,4,15,1,41
4.0,4,15,2,41
4.0,4,15,3,41
4.0,4,15,4,41
4.0,4,15,5,42
4.0,4,15,6,42
4.0,4,15,7,42
4.0,4,15,8,42
4.0,4,15,9,42
4.0,4,15,10,43
4.0,4,15,11,43
4.0,4,15,12,43
4.0,4,15,13,43
4.0,4,15,14,43
4.0,4,15,15,44
4.0,5,0,0,38
4.0,5,0,1,38
4.0,5,0,2,38
4.0,5,0,3,39
4.0,5,0,4,39
4.0,5,0,5,39
4.0,5,0,6,39
4.0,5,0,7,39
4.0,5,0,8,39
4.0,5,0,9,40
4.0,5,0,10,40
4.0,5,0,11,40
4.0,5,0,12,40
4.0,5,0,13,40
4.0,5,0,14,41
4.0,5,0,15,41
4.0,5,1,0,38
4.0,5,1,1,38
4.0,5,1,2,39
4.0,5,1,3,39
4.0,5,1,4,39
4.0,5,1,5,39
4.0,5,1,6,39
4.0,5,1,7,40
4.0,5,1,8,40
4.0,5,1,9,40
4.0,5,1,10,40
4.0,5,1,11,40
4.0,5,1,12,40
4.0,5,1,13,41
4.0,5,1,14,41
4.0,5,1,15,41
4.0,5,2,0,38
4.0,5,2,1,39
4.0,5,2,2,39
4.0,5,2,3,39
4.0,5,2,4,39
4.0,5,2,5,39
4.0,5,2,6,40
4.0,5,2,7,40
4.0,5,2,8,40
4.0,5,2,9,40
4.0,5,2,10,40
4.0,5,2,11,41
4.0,5,2,12,41
4.0,5,2,13,41
4.0,5,2,14,41
4.0,5,2,15,41
4.0,5,3,0,39
4.0,5,3,1,39
4.0,5,3,2,39
4.0,5,3,3,39
4.0,5,3,4,39
4.0,5,3,5,40
4.0,5,3,6,40
4.0,5,3,7,40
4.0,5,3,8,40
4.0,5,3,9,40
4.0,5,3,10,41
4.0,5,3,11,41
4.0,5,3,12,41
4.0,5,3,13,41
4.0,5,3,14,41
4.0,5,3,15,41
4.0,5,4,0,39
4.0,5,4,1,39
4.0,5,4,2,39
4.0,5,4,3,40
4.0,5,4,4,40
4.0,5,4,5,40
4.0,5,4,6,40
4.0,5,4,7,40
4.0,5,4,8,40
4.0,5,4,9,41
4.0,5,4,10,41
4.0,5,4,11,41
4.0,5,4,12,41
4.0,5,4,13,41
4.0,5,4,14,42
4.0,5,4,15,42
4.0,5,5,0,39
4.0,5,5,1,39
4.0,5,5,2,40
4.0,5,5,3,40
4.0,5,5,4,40
4.0,5,5,5,40
4.0,5,5,6,40
4.0,5,5,7,40
4.0,5,5,8,41
4.0,5,5,9,41
4.0,5,5,10,41
4.0,5,5,11,41
4.0,5,5,12,41
4.0,5,5,13,42
4.0,5,5,14,42
4.0,5,5,15,42
4.0,5,6,0,39
4.0,5,6,1,40
4.0,5,6,2,40
4.0,5,6,3,40
4.0,5,6,4,40
4.0,5,6,5,40
4.0,5,6,6,41
4.0,5,6,7,41
4.0,5,6,8,41
4.0,5,6,9,41
4.0,5,6,10,41
4.0,5,6,11,41
4.0,5,6,12,42
4.0,5,6,13,42
4.0,5,6,14,42
4.0,5,6,15,42
4.0,5,7,0,40
4.0,5,7,1,40
4.0,5,7,2,40
4.0,5,7,3,40
4.0,5,7,4,40
4.0,5,7,5,41
4.0,5,7,6,41
4.0,5,7,7,41
4.0,5,7,8,41
4.0,5,7,9,41
4.0,5,7,10,42
4.0,5,7,11,42
4.0,5,7,12,42
4.0,5,7,13,42
4.0,5,7,14,42
4.0,5,7,15,42
4.0,5,8,0,40
4.0,5,8,1,40
4.0,5,8,2,40
4.0,5,8,3,40
4.0,5,8,4,41
4.0,5,8,5,41
4.0,5,8,6,41
4.0,5,8,7,41
4.0,5,8,8,41
4.0,5,8,9,42
4.0,5,8,10,42
4.0,5,8,11,42
4.0,5,8,12,42
4.0,5,8,13,42
4.0,5,8,14,42
4.0,5,8,15,43
4.0,5,9,0,40
4.0,5,9,1,40
4.0,5,9,2,40
4.0,5,9,3,41
4.0,5,9,4,41
4.0,5,9,5,41
4.0,5,9,6,41
4.0,5,9,7,41
4.0,5,9,8,42
4.0,5,9,9,42
4.0,5,9,10,42
4.0,5,9,11,42
4.0,5,9,12,42
4.0,5,9,13,43
4.0,5,9,14,43
4.0,5,9,15,43
4.0,5,10,0,40
4.0,5,10,1,40
4.0,5,10,2,41
4.0,5,10,3,41
4.0,5,10,4,41
4.0,5,10,5,41
4.0,5,10,6,41
4.0,5,10,7,42
4.0,5,10,8,42
4.0,5,10,9,42
4.0,5,10,10,42
4.0,5,10,11,42
4.0,5,10,12,43
4.0,5,10,13,43
4.0,5,10,14,43
4.0,5,10,15,43
4.0,5,11,0,40
4.0,5,11,1,41
4.0,5,11,2,41
4.0,5,11,3,41
4.0,5,11,4,41
4.0,5,11,5,41
4.0,5,11,6,42
4.0,5,11,7,42
4.0,5,11,8,42
4.0,5,11,9,42
4.0,5,11,10,42
4.0,5,11,11,43
4.0,5,11,12,43
4.0,5,11,13,43
4.0,5,11,14,43
4.0,5,11,15,43
4.0,5,12,0,41
4.0,5,12,1,41
4.0,5,12,2,41
4.0,5,12,3,41
4.0,5,12,4,41
4.0,5,12,5,42
4.0,5,12,6,42
4.0,5,12,7,42
4.0,5,12,8,42
4.0,5,12,9,42
4.0,5,12,10,43
4.0,5,12,11,43
4.0,5,12,12,43
4.0,5,12,13,43
4.0,5,12,14,43
4.0,5,12,15,44
4.0,5,13,0,41
4.0,5,13,1,41
4.0,5,13,2,41
4.0,5,13,3,42
4.0,5,13,4,42
4.0,5,13,5,42
4.0,5,13,6,42
4.0,5,13,7,42
4.0,5,13,8,43
4.0,5,13,9,43
4.0,5,13,10,43
4.0,5,13,11,43
4.0,5,13,12,43
4.0,5,13,13,43
4.0,5,13,14,44
4.0,5,13,15,44
4.0,5,14,0,41
4.0,5,14,1,41
4.0,5,14,2,42
4.0,5,14,3,42
4.0,5,14,4,42
4.0,5,14,5,42
4.0,5,14,6,42
4.0,5,14,7,43
4.0,5,14,8,43
4.0,5,14,9,43
4.0,5,14,10,43
4.0,5,14,11,43
4.0,5,14,12,44
4.0,5,14,13,44
4.0,5,14,14,44
4.0,5,14,15,44
4.0,5,15,0,41
4.0,5,15,1,42
4.0,5,15,2,42
4.0,5,15,3,42
4.0,5,15,4,42
4.0,5,15,5,42
4.0,5,15,6,43
4.0,5,15,7,43
4.0,5,15,8,43
4.0,5,15,9,43
4.0,5,15,10,43
4.0,5,15,11,44
4.0,5,15,12,44
4.0,5,15,13,44
4.0,5,15,14,44
4.0,5,15,15,44
4.0,6,0,0,39
4.0,6,0,1,39
4.0,6,0,2,39
4.0,6,0,3,39
4.0,6,0,4,39
4.0,6,0,5,40
4.0,6,0,6,40
4.0,6,0,7,40
4.0,6,0,8,40
4.0,6,0,9,40
4.0,6,0,10,40
4.0,6,0,11,41
4.0,6,0,12,41
4.0,6,0,13,41
4.0,6,0,14,41
4.0,6,0,15,41
4.0,6,1,0,39
4.0,6,1,1,39
4.0,6,1,2,39
4.0,6,1,3,39
4.0,6,1,4,40
4.0,6,1,5,40
4.0,6,1,6,40
4.0,6,1,7,40
4.0,6,1,8,40
4.0,6,1,9,41
4.0,6,1,10,41
4.0,6,1,11,41
4.0,6,1,12,41
4.0,6,1,13,41
4.0,6,1,14,41
4.0,6,1,15,42
4.0,6,2,0,39
4.0,6,2,1,39
4.0,6,2,2,39
4.0,6,2,3,40
4.0,6,2,4,40
4.0,6,2,5,40
4.0,6,2,6,40
4.0,6,2,7,40
4.0,6,2,8,41
4.0,6,2,9,41
4.0,6,2,10,41
4.0,6,2,11,41
4.0,6,2,12,41
4.0,6,2,13,42
4.0,6,2,14,42
4.0,6,2,15,42
4.0,6,3,0,39
4.0,6,3,1,40
4.0,6,3,2,40
4.0,6,3,3,40
4.0,6,3,4,40
4.0,6,3,5,40
4.0,6,3,6,40
4.0,6,3,7,41
4.0,6,3,8,41
4.0,6,3,9,41
4.0,6,3,10,41
4.0,6,3,11,41
4.0,6,3,12,42
4.0,6,3,13,42
4.0,6,3,14,42
4.0,6,3,15,42
4.0,6,4,0,40
4.0,6,4,1,40
4.0,6,4,2,40
4.0,6,4,3,40
4.0,6,4,4,40
4.0,6,4,5,41
4.0,6,4,6,41
4.0,6,4,7,41
4.0,6,4,8,41
4.0,6,4,9,41
4.0,6,4,10,41
4.0,6,4,11,42
4.0,6,4,12,42
4.0,6,4,13,42
4.0,6,4,14,42
4.0,6,4,15,42
4.0,6,5,0,40
4.0,6,5,1,40
4.0,6,5,2,40
4.0,6,5,3,40
4.0,6,5,4,41
4.0,6,5,5,41
4.0,6,5,6,41
4.0,6,5,7,41
4.0,6,5,8,41
4.0,6,5,9,42
4.0,6,5,10,42
4.0,6,5,11,42
4.0,6,5,12,42
4.0,6,5,13,42
4.0,6,5,14,42
4.0,6,5,15,43
4.0,6,6,0,40
4.0,6,6,1,40
4.0,6,6,2,40
4.0,6,6,3,41
4.0,6,6,4,41
4.0,6,6,5,41
4.0,6,6,6,41
4.0,6,6,7,41
4.0,6,6,8,42
4.0,6,6,9,42
4.0,6,6,10,42
4.0,6,6,11,42
4.0,6,6,12,42
4.0,6,6,13,43
4.0,6,6,14,43
4.0,6,6,15,43
4.0,6,7,0,40
4.0,6,7,1,40
4.0,6,7,2,41
4.0,6,7,3,41
4.0,6,7,4,41
4.0,6,7,5,41
4.0,6,7,6,41
4.0,6,7,7,42
4.0,6,7,8,42
4.0,6,7,9,42
4.0,6,7,10,42
4.0,6,7,11,42
4.0,6,7,12,43
4.0,6,7,13,43
4.0,6,7,14,43
4.0,6,7,15,43
4.0,6,8,0,40
4.0,6,8,1,41
4.0,6,8,2,41
4.0,6,8,3,41
4.0,6,8,4,41
4.0,6,8,5,41
4.0,6,8,6,42
4.0,6,8,7,42
4.0,6,8,8,42
4.0,6,8,9,42
4.0,6,8,10,42
4.0,6,8,11,43
4.0,6,8,12,43
4.0,6,8,13,43
4.0,6,8,14,43
4.0,6,8,15,43
4.0,6,9,0,41
4.0,6,9,1,41
4.0,6,9,2,41
4.0,6,9,3,41
4.0,6,9,4,41
4.0,6,9,5,42
4.0,6,9,6,42
4.0,6,9,7,42
4.0,6,9,8,42
4.0,6,9,9,42
4.0,6,9,10,43
4.0,6,9,11,43
4.0,6,9,12,43
4.0,6,9,13,43
4.0,6,9,14,43
4.0,6,9,15,44
4.0,6,10,0,41
4.0,6,10,1,41
4.0,6,10,2,41
4.0,6,10,3,42
4.0,6,10,4,42
4.0,6,10,5,42
4.0,6,10,6,42
4.0,6,10,7,42
4.0,6,10,8,42
4.0,6,10,9,43
4.0,6,10,10,43
4.0,6,10,11,43
4.0,6,10,12,43
4.0,6,10,13,43
4.0,6,10,14,44
4.0,6,10,15,44
4.0,6,11,0,41
4.0,6,11,1,41
4.0,6,11,2,42
4.0,6,11,3,42
4.0,6,11,4,42
4.0,6,11,5,42
4.0,6,11,6,42
4.0,6,11,7,43
4.0,6,11,8,43
4.0,6,11,9,43
4.0,6,11,10,43
4.0,6,11,11,43
4.0,6,11,12,44
4.0,6,11,13,44
4.0,6,11,14,44
4.0,6,11,15,44
4.0,6,12,0,41
4.0,6,12,1,42
4.0,6,12,2,42
4.0,6,12,3,42
4.0,6,12,4,42
4.0,6,12,5,42
4.0,6,12,6,43
4.0,6,12,7,43
4.0,6,12,8,43
4.0,6,12,9,43
4.0,6,12,10,43
4.0,6,12,11,44
4.0,6,12,12,44
4.0,6,12,13,44
4.0,6,12,14,44
4.0,6,12,15,44
4.0,6,13,0,42
4.0,6,13,1,42
4.0,6,13,2,42
4.0,6,13,3,42
4.0,6,13,4,42
4.0,6,13,5,43
4.0,6,13,6,43
4.0,6,13,7,43
4.0,6,13,8,43
4.0,6,13,9,43
4.0,6,13,10,44
4.0,6,13,11,44
4.0,6,13,12,44
4.0,6,13,13,44
4.0,6,13,14,44
4.0,6,13,15,45
4.0,6,14,0,42
4.0,6,14,1,42
4.0,6,14,2,42
4.0,6,14,3,42
4.0,6,14,4,43
4.0,6,14,5,43
4.0,6,14,6,43
4.0,6,14,7,43
4.0,6,14,8,43
4.0,6,14,9,44
4.0,6,14,10,44
4.0,6,14,11,44
4.0,6,14,12,44
4.0,6,14,13,44
4.0,6,14,14,45
4.0,6,14,15,45
4.0,6,15,0,42
4.0,6,15,1,42
4.0,6,15,2,42
4.0,6,15,3,43
4.0,6,15,4,43
4.0,6,15,5,43
4.0,6,15,6,43
4.0,6,15,7,43
4.0,6,15,8,44
4.0,6,15,9,44
4.0,6,15,10,44
4.0,6,15,11,44
4.0,6,15,12,44
4.0,6,15,13,45
4.0,6,15,14,45
4.0,6,15,15,45
4.0,7,0,0,39
4.0,7,0,1,39
4.0,7,0,2,40
4.0,7,0,3,40
4.0,7,0,4,40
4.0,7,0,5,40
4.0,7,0,6,40
4.0,7,0,7,41
4.0,7,0,8,41
4.0,7,0,9,41
4.0,7,0,10,41
4.0,7,0,11,41
4.0,7,0,12,41
4.0,7,0,13,42
4.0,7,0,14,42
4.0,7,0,15,42
4.0,7,1,0,39
4.0,7,1,1,40
4.0,7,1,2,40
4.0,7,1,3,40
4.0,7,1,4,40
4.0,7,1,5,40
4.0,7,1,6,41
4.0,7,1,7,41
4.0,7,1,8,41
4.0,7,1,9,41
4.0,7,1,10,41
4.0,7,1,11,42
4.0,7,1,12,42
4.0,7,1,13,42
4.0,7,1,14,42
4.0,7,1,15,42
4.0,7,2,0,40
4.0,7,2,1,40
4.0,7,2,2,40
4.0,7,2,3,40
4.0,7,2,4,40
4.0,7,2,5,41
4.0,7,2,6,41
4.0,7,2,7,41
4.0,7,2,8,41
4.0,7,2,9,41
4.0,7,2,10,42
4.0,7,2,11,42
4.0,7,2,12,42
4.0,7,2,13,42
4.0,7,2,14,42
4.0,7,2,15,43
4.0,7,3,0,40
4.0,7,3,1,40
4.0,7,3,2,40
4.0,7,3,3,41
4.0,7,3,4,41
4.0,7,3,5,41
4.0,7,3,6,41
4.0,7,3,7,41
4.0,7,3,8,41
4.0,7,3,9,42
4.0,7,3,10,42
4.0,7,3,11,42
4.0,7,3,12,42
4.0,7,3,13,42
4.0,7,3,14,43
4.0,7,3,15,43
4.0,7,4,0,40
4.0,7,4,1,40
4.0,7,4,2,41
4.0,7,4,3,41
4.0,7,4,4,41
4.0,7,4,5,41
4.0,7,4,6,41
4.0,7,4,7,42
4.0,7,4,8,42
4.0,7,4,9,42
4.0,7,4,10,42
4.0,7,4,11,42
4.0,7,4,12,42
4.0,7,4,13,43
4.0,7,4,14,43
4.0,7,4,15,43
4.0,7,5,0,40
4.0,7,5,1,41
4.0,7,5,2,41
4.0,7,5,3,41
4.0,7,5,4,41
4.0,7,5,5,41
4.0,7,5,6,42
4.0,7,5,7,42
4.0,7,5,8,42
4.0,7,5,9,42
4.0,7,5,10,42
4.0,7,5,11,43
4.0,7,5,12,43
4.0,7,5,13,43
4.0,7,5,14,43
4.0,7,5,15,43
4.0,7,6,0,41
4.0,7,6,1,41
4.0,7,6,2,41
4.0,7,6,3,41
4.0,7,6,4,41
4.0,7,6,5,42
4.0,7,6,6,42
4.0,7,6,7,42
4.0,7,6,8,42
4.0,7,6,9,42
4.0,7,6,10,43
4.0,7,6,11,43
4.0,7,6,12,43
4.0,7,6,13,43
4.0,7,6,14,43
4.0,7,6,15,44
4.0,7,7,0,41
4.0,7,7,1,41
4.0,7,7,2,41
4.0,7,7,3,41
4.0,7,7,4,42
4.0,7,7,5,42
4.0,7,7,6,42
4.0,7,7,7,42
4.0,7,7,8,42
4.0,7,7,9,43
4.0,7,7,10,43
4.0,7,7,11,43
4.0,7,7,12,43
4.0,7,7,13,43
4.0,7,7,14,44
4.0,7,7,15,44
4.0,7,8,0,41
4.0,7,8,1,41
4.0,7,8,2,41
4.0,7,8,3,42
4.0,7,8,4,42
4.0,7,8,5,42
4.0,7,8,6,42
4.0,7,8,7,42
4.0,7,8,8,43
4.0,7,8,9,43
4.0,7,8,10,43
4.0,7,8,11,43
4.0,7,8,12,43
4.0,7,8,13,44
4.0,7,8,14,44
4.0,7,8,15,44
4.0,7,9,0,41
4.0,7,9,1,42
4.0,7,9,2,42
4.0,7,9,3,42
4.0,7,9,4,42
4.0,7,9,5,42
4.0,7,9,6,43
4.0,7,9,7,43
4.0,7,9,8,43
4.0,7,9,9,43
4.0,7,9,10,43
4.0,7,9,11,44
4.0,7,9,12,44
4.0,7,9,13,44
4.0,7,9,14,44
4.0,7,9,15,44
4.0,7,10,0,42
4.0,7,10,1,42
4.0,7,10,2,42
4.0,7,10,3,42
4.0,7,10,4,42
4.0,7,10,5,43
4.0,7,10,6,43
4.0,7,10,7,43
4.0,7,10,8,43
4.0,7,10,9,43
4.0,7,10,10,44
4.0,7,10,11,44
4.0,7,10,12,44
4.0,7,10,13,44
4.0,7,10,14,44
4.0,7,10,15,45
4.0,7,11,0,42
4.0,7,11,1,42
4.0,7,11,2,42
4.0,7,11,3,42
4.0,7,11,4,43
4.0,7,11,5,43
4.0,7,11,6,43
4.0,7,11,7,43
4.0,7,11,8,43
4.0,7,11,9,44
4.0,7,11,10,44
4.0,7,11,11,44
4.0,7,11,12,44
4.0,7,11,13,44
4.0,7,11,14,45
4.0,7,11,15,45
4.0,7,12,0,42
4.0,7,12,1,42
4.0,7,12,2,42
4.0,7,12,3,43
4.0,7,12,4,43
4.0,7,12,5,43
4.0,7,12,6,43
4.0,7,12,7,43
4.0,7,12,8,44
4.0,7,12,9,44
4.0,7,12,10,44
4.0,7,12,11,44
4.0,7,12,12,44
4.0,7,12,13,45
4.0,7,12,14,45
4.0,7,12,15,45
4.0,7,13,0,42
4.0,7,13,1,42
4.0,7,13,2,43
4.0,7,13,3,43
4.0,7,13,4,43
4.0,7,13,5,43
4.0,7,13,6,43
4.0,7,13,7,44
4.0,7,13,8,44
4.0,7,13,9,44
4.0,7,13,10,44
4.0,7,13,11,44
4.0,7,13,12,45
4.0,7,13,13,45
4.0,7,13,14,45
4.0,7,13,15,45
4.0,7,14,0,42
4.0,7,14,1,43
4.0,7,14,2,43
4.0,7,14,3,43
4.0,7,14,4,43
4.0,7,14,5,43
4.0,7,14,6,44
4.0,7,14,7,44
4.0,7,14,8,44
4.0,7,14,9,44
4.0,7,14,10,44
4.0,7,14,11,45
4.0,7,14,12,45
4.0,7,14,13,45
4.0,7,14,14,45
4.0,7,14,15,45
4.0,7,15,0,43
4.0,7,15,1,43
4.0,7,15,2,43
4.0,7,15,3,43
4.0,7,15,4,43
4.0,7,15,5,44
4.0,7,15,6,44
4.0,7,15,7,44
4.0,7,15,8,44
4.0,7,15,9,45
4.0,7,15,10,45
4.0,7,15,11,45
4.0,7,15,12,45
4.0,7,15,13,45
4.0,7,15,14,46
4.0,7,15,15,46
4.0,8,0,0,40
4.0,8,0,1,40
4.0,8,0,2,40
4.0,8,0,3,40
4.0,8,0,4,41
4.0,8,0,5,41
4.0,8,0,6,41
4.0,8,0,7,41
4.0,8,0,8,41
4.0,8,0,9,42
4.0,8,0,10,42
4.0,8,0,11,42
4.0,8,0,12,42
4.0,8,0,13,42
4.0,8,0,14,42
4.0,8,0,15,43
4.0,8,1,0,40
4.0,8,1,1,40
4.0,8,1,2,40
4.0,8,1,3,41
4.0,8,1,4,41
4.0,8,1,5,41
4.0,8,1,6,41
4.0,8,1,7,41
4.0,8,1,8,42
4.0,8,1,9,42
4.0,8,1,10,42
4.0,8,1,11,42
4.0,8,1,12,42
4.0,8,1,13,43
4.0,8,1,14,43
4.0,8,1,15,43
4.0,8,2,0,40
4.0,8,2,1,40
4.0,8,2,2,41
4.0,8,2,3,41
4.0,8,2,4,41
4.0,8,2,5,41
4.0,8,2,6,41
4.0,8,2,7,42
4.0,8,2,8,42
4.0,8,2,9,42
4.0,8,2,10,42
4.0,8,2,11,42
4.0,8,2,12,43
4.0,8,2,13,43
4.0,8,2,14,43
4.0,8,2,15,43
4.0,8,3,0,41
4.0,8,3,1,41
4.0,8,3,2,41
4.0,8,3,3,41
4.0,8,3,4,41
4.0,8,3,5,42
4.0,8,3,6,42
4.0,8,3,7,42
4.0,8,3,8,42
4.0,8,3,9,42
4.0,8,3,10,42
4.0,8,3,11,43
4.0,8,3,12,43
4.0,8,3,13,43
4.0,8,3,14,43
4.0,8,3,15,43
4.0,8,4,0,41
4.0,8,4,1,41
4.0,8,4,2,41
4.0,8,4,3,41
4.0,8,4,4,42
4.0,8,4,5,42
4.0,8,4,6,42
4.0,8,4,7,42
4.0,8,4,8,42
4.0,8,4,9,43
4.0,8,4,10,43
4.0,8,4,11,43
4.0,8,4,12,43
4.0,8,4,13,43
4.0,8,4,14,44
4.0,8,4,15,44
4.0,8,5,0,41
4.0,8,5,1,41
4.0,8,5,2,41
4.0,8,5,3,42
4.0,8,5,4,42
4.0,8,5,5,42
4.0,8,5,6,42
4.0,8,5,7,42
4.0,8,5,8,43
4.0,8,5,9,43
4.0,8,5,10,43
4.0,8,5,11,43
4.0,8,5,12,43
4.0,8,5,13,44
4.0,8,5,14,44
4.0,8,5,15,44
4.0,8,6,0,41
4.0,8,6,1,41
4.0,8,6,2,42
4.0,8,6,3,42
4.0,8,6,4,42
4.0,8,6,5,42
4.0,8,6,6,42
4.0,8,6,7,43
4.0,8,6,8,43
4.0,8,6,9,43
4.0,8,6,10,43
4.0,8,6,11,43
4.0,8,6,12,44
4.0,8,6,13,44
4.0,8,6,14,44
4.0,8,6,15,44
4.0,8,7,0,41
4.0,8,7,1,42
4.0,8,7,2,42
4.0,8,7,3,42
4.0,8,7,4,42
4.0,8,7,5,42
4.0,8,7,6,43
4.0,8,7,7,43
4.0,8,7,8,43
4.0,8,7,9,43
4.0,8,7,10,43
4.0,8,7,11,44
4.0,8,7,12,44
4.0,8,7,13,44
4.0,8,7,14,44
4.0,8,7,15,44
4.0,8,8,0,42
4.0,8,8,1,42
4.0,8,8,2,42
4.0,8,8,3,42
4.0,8,8,4,43
4.0,8,8,5,43
4.0,8,8,6,43
4.0,8,8,7,43
4.0,8,8,8,43
4.0,8,8,9,44
4.0,8,8,10,44
4.0,8,8,11,44
4.0,8,8,12,44
4.0,8,8,13,44
4.0,8,8,14,45
4.0,8,8,15,45
4.0,8,9,0,42
4.0,8,9,1,42
4.0,8,9,2,42
4.0,8,9,3,43
4.0,8,9,4,43
4.0,8,9,5,43
4.0,8,9,6,43
4.0,8,9,7,43
4.0,8,9,8,44
4.0,8,9,9,44
4.0,8,9,10,44
4.0,8,9,11,44
4.0,8,9,12,44
4.0,8,9,13,45
4.0,8,9,14,45
4.0,8,9,15,45
4.0,8,10,0,42
4.0,8,10,1,42
4.0,8,10,2,43
4.0,8,10,3,43
4.0,8,10,4,43
4.0,8,10,5,43
4.0,8,10,6,43
4.0,8,10,7,44
4.0,8,10,8,44
4.0,8,10,9,44
4.0,8,10,10,44
4.0,8,10,11,44
4.0,8,10,12,45
4.0,8,10,13,45
4.0,8,10,14,45
4.0,8,10,15,45
4.0,8,11,0,42
4.0,8,11,1,43
4.0,8,11,2,43
4.0,8,11,3,43
4.0,8,11,4,43
4.0,8,11,5,43
4.0,8,11,6,44
4.0,8,11,7,44
4.0,8,11,8,44
4.0,8,11,9,44
4.0,8,11,10,44
4.0,8,11,11,45
4.0,8,11,12,45
4.0,8,11,13,45
4.0,8,11,14,45
4.0,8,11,15,45
4.0,8,12,0,43
4.0,8,12,1,43
4.0,8,12,2,43
4.0,8,12,3,43
4.0,8,12,4,43
4.0,8,12,5,44
4.0,8,12,6,44
4.0,8,12,7,44
4.0,8,12,8,44
4.0,8,12,9,44
4.0,8,12,10,45
4.0,8,12,11,45
4.0,8,12,12,45
4.0,8,12,13,45
4.0,8,12,14,45
4.0,8,12,15,46
4.0,8,13,0,43
4.0,8,13,1,43
4.0,8,13,2,43
4.0,8,13,3,43
4.0,8,13,4,44
4.0,8,13,5,44
4.0,8,13,6,44
4.0,8,13,7,44
4.0,8,13,8,45
4.0,8,13,9,45
4.0,8,13,10,45
4.0,8,13,11,45
4.0,8,13,12,45
4.0,8,13,13,46
4.0,8,13,14,46
4.0,8,13,15,46
4.0,8,14,0,43
4.0,8,14,1,43
4.0,8,14,2,44
4.0,8,14,3,44
4.0,8,14,4,44
4.0,8,14,5,44
4.0,8,14,6,44
4.0,8,14,7,45
4.0,8,14,8,45
4.0,8,14,9,45
4.0,8,14,10,45
4.0,8,14,11,45
4.0,8,14,12,46
4.0,8,14,13,46
4.0,8,14,14,46
4.0,8,14,15,46
4.0,8,15,0,43
4.0,8,15,1,44
4.0,8,15,2,44
4.0,8,15,3,44
4.0,8,15,4,44
4.0,8,15,5,44
4.0,8,15,6,45
4.0,8,15,7,45
4.0,8,15,8,45
4.0,8,15,9,45
4.0,8,15,10,45
4.0,8,15,11,46
4.0,8,15,12,46
4.0,8,15,13,46
4.0,8,15,14,46
4.0,8,15,15,46
4.0,9,0,0,40
4.0,9,0,1,41
4.0,9,0,2,41
4.0,9,0,3,41
4.0,9,0,4,41
4.0,9,0,5,41
4.0,9,0,6,42
4.0,9,0,7,42
4.0,9,0,8,42
4.0,9,0,9,42
4.0,9,0,10,42
4.0,9,0,11,43
4.0,9,0,12,43
4.0,9,0,13,43
4.0,9,0,14,43
4.0,9,0,15,43
4.0,9,1,0,41
4.0,9,1,1,41
4.0,9,1,2,41
4.0,9,1,3,41
4.0,9,1,4,41
4.0,9,1,5,42
4.0,9,1,6,42
4.0,9,1,7,42
4.0,9,1,8,42
4.0,9,1,9,42
4.0,9,1,10,43
4.0,9,1,11,43
4.0,9,1,12,43
4.0,9,1,13,43
4.0,9,1,14,43
4.0,9,1,15,44
4.0,9,2,0,41
4.0,9,2,1,41
4.0,9,2,2,41
4.0,9,2,3,42
4.0,9,2,4,42
4.0,9,2,5,42
4.0,9,2,6,42
4.0,9,2,7,42
4.0,9,2,8,42
4.0,9,2,9,43
4.0,9,2,10,43
4.0,9,2,11,43
4.0,9,2,12,43
4.0,9,2,13,43
4.0,9,2,14,44
4.0,9,2,15,44
4.0,9,3,0,41
4.0,9,3,1,41
4.0,9,3,2,42
4.0,9,3,3,42
4.0,9,3,4,42
4.0,9,3,5,42
4.0,9,3,6,42
4.0,9,3,7,43
4.0,9,3,8,43
4.0,9,3,9,43
4.0,9,3,10,43
4.0,9,3,11,43
4.0,9,3,12,44
4.0,9,3,13,44
4.0,9,3,14,44
4.0,9,3,15,44
4.0,9,4,0,41
4.0,9,4,1,42
4.0,9,4,2,42
4.0,9,4,3,42
4.0,9,4,4,42
4.0,9,4,5,42
4.0,9,4,6,43
4.0,9,4,7,43
4.0,9,4,8,43
4.0,9,4,9,43
4.0,9,4,10,43
4.0,9,4,11,44
4.0,9,4,12,44
4.0,9,4,13,44
4.0,9,4,14,44
4.0,9,4,15,44
4.0,9,5,0,42
4.0,9,5,1,42
4.0,9,5,2,42
4.0,9,5,3,42
4.0,9,5,4,42
4.0,9,5,5,43
4.0,9,5,6,43
4.0,9,5,7,43
4.0,9,5,8,43
4.0,9,5,9,43
4.0,9,5,10,44
4.0,9,5,11,44
4.0,9,5,12,44
4.0,9,5,13,44
4.0,9,5,14,44
4.0,9,5,15,45
4.0,9,6,0,42
4.0,9,6,1,42
4.0,9,6,2,42
4.0,9,6,3,42
4.0,9,6,4,43
4.0,9,6,5,43
4.0,9,6,6,43
4.0,9,6,7,43
4.0,9,6,8,43
4.0,9,6,9,44
4.0,9,6,10,44
4.0,9,6,11,44
4.0,9,6,12,44
4.0,9,6,13,44
4.0,9,6,14,45
4.0,9,6,15,45
4.0,9,7,0,42
4.0,9,7,1,42
4.0,9,7,2,43
4.0,9,7,3,43
4.0,9,7,4,43
4.0,9,7,5,43
4.0,9,7,6,43
4.0,9,7,7,44
4.0,9,7,8,44
4.0,9,7,9,44
4.0,9,7,10,44
4.0,9,7,11,44
4.0,9,7,12,45
4.0,9,7,13,45
4.0,9,7,14,45
4.0,9,7,15,45
4.0,9,8,0,42
4.0,9,8,1,43
4.0,9,8,2,43
4.0,9,8,3,43
4.0,9,8,4,43
4.0,9,8,5,43
4.0,9,8,6,44
4.0,9,8,7,44
4.0,9,8,8,44
4.0,9,8,9,44
4.0,9,8,10,44
4.0,9,8,11,45
4.0,9,8,12,45
4.0,9,8,13,45
4.0,9,8,14,45
4.0,9,8,15,45
4.0,9,9,0,43
4.0,9,9,1,43
4.0,9,9,2,43
4.0,9,9,3,43
4.0,9,9,4,43
4.0,9,9,5,44
4.0,9,9,6,44
4.0,9,9,7,44
4.0,9,9,8,44
4.0,9,9,9,44
4.0,9,9,10,45
4.0,9,9,11,45
4.0,9,9,12,45
4.0,9,9,13,45
4.0,9,9,14,45
4.0,9,9,15,46
4.0,9,10,0,43
4.0,9,10,1,43
4.0,9,10,2,43
4.0,9,10,3,43
4.0,9,10,4,44
4.0,9,10,5,44
4.0,9,10,6,44
4.0,9,10,7,44
4.0,9,10,8,44
4.0,9,10,9,45
4.0,9,10,10,45
4.0,9,10,11,45
4.0,9,10,12,45
4.0,9,10,13,45
4.0,9,10,14,46
4.0,9,10,15,46
4.0,9,11,0,43
4.0,9,11,1,43
4.0,9,11,2,43
4.0,9,11,3,44
4.0,9,11,4,44
4.0,9,11,5,44
4.0,9,11,6,44
4.0,9,11,7,45
4.0,9,11,8,45
4.0,9,11,9,45
4.0,9,11,10,45
4.0,9,11,11,45
4.0,9,11,12,46
4.0,9,11,13,46
4.0,9,11,14,46
4.0,9,11,15,46
4.0,9,12,0,43
4.0,9,12,1,43
4.0,9,12,2,44
4.0,9,12,3,44
4.0,9,12,4,44
4.0,9,12,5,44
4.0,9,12,6,45
4.0,9,12,7,45
4.0,9,12,8,45
4.0,9,12,9,45
4.0,9,12,10,45
4.0,9,12,11,46
4.0,9,12,12,46
4.0,9,12,13,46
4.0,9,12,14,46
4.0,9,12,15,46
4.0,9,13,0,44
4.0,9,13,1,44
4.0,9,13,2,44
4.0,9,13,3,44
4.0,9,13,4,44
4.0,9,13,5,45
4.0,9,13,6,45
4.0,9,13,7,45
4.0,9,13,8,45
4.0,9,13,9,45
4.0,9,13,10,46
4.0,9,13,11,46
4.0,9,13,12,46
4.0,9,13,13,46
4.0,9,13,14,46
4.0,9,13,15,47
4.0,9,14,0,44
4.0,9,14,1,44
4.0,9,14,2,44
4.0,9,14,3,44
4.0,9,14,4,45
4.0,9,14,5,45
4.0,9,14,6,45
4.0,9,14,7,45
4.0,9,14,8,45
4.0,9,14,9,46
4.0,9,14,10,46
4.0,9,14,11,46
4.0,9,14,12,46
4.0,9,14,13,46
4.0,9,14,14,47
4.0,9,14,15,47
4.0,9,15,0,44
4.0,9,15,1,44
4.0,9,15,2,44
4.0,9,15,3,45
4.0,9,15,4,45
4.0,9,15,5,45
4.0,9,15,6,45
4.0,9,15,7,45
4.0,9,15,8,46
4.0,9,15,9,46
4.0,9,15,10,46
4.0,9,15,11,46
4.0,9,15,12,47
4.0,9,15,13,47
4.0,9,15,14,47
4.0,9,15,15,47
4.0,10,0,0,41
4.0,10,0,1,41
4.0,10,0,2,41
4.0,10,0,3,42
4.0,10,0,4,42
4.0,10,0,5,42
4.0,10,0,6,42
4.0,10,0,7,42
4.0,10,0,8,43
4.0,10,0,9,43
4.0,10,0,10,43
4.0,10,0,11,43
4.0,10,0,12,43
4.0,10,0,13,44
4.0,10,0,14,44
4.0,10,0,15,44
4.0,10,1,0,41
4.0,10,1,1,41
4.0,10,1,2,42
4.0,10,1,3,42
4.0,10,1,4,42
4.0,10,1,5,42
4.0,10,1,6,42
4.0,10,1,7,43
4.0,10,1,8,43
4.0,10,1,9,43
4.0,10,1,10,43
4.0,10,1,11,43
4.0,10,1,12,44
4.0,10,1,13,44
4.0,10,1,14,44
4.0,10,1,15,44
4.0,10,2,0,42
4.0,10,2,1,42
4.0,10,2,2,42
4.0,10,2,3,42
4.0,10,2,4,42
4.0,10,2,5,43
4.0,10,2,6,43
4.0,10,2,7,43
4.0,10,2,8,43
4.0,10,2,9,43
4.0,10,2,10,44
4.0,10,2,11,44
4.0,10,2,12,44
4.0,10,2,13,44
4.0,10,2,14,44
4.0,10,2,15,44
4.0,10,3,0,42
4.0,10,3,1,42
4.0,10,3,2,42
4.0,10,3,3,42
4.0,10,3,4,43
4.0,10,3,5,43
4.0,10,3,6,43
4.0,10,3,7,43
4.0,10,3,8,43
4.0,10,3,9,44
4.0,10,3,10,44
4.0,10,3,11,44
4.0,10,3,12,44
4.0,10,3,13,44
4.0,10,3,14,45
4.0,10,3,15,45
4.0,10,4,0,42
4.0,10,4,1,42
4.0,10,4,2,42
4.0,10,4,3,43
4.0,10,4,4,43
4.0,10,4,5,43
4.0,10,4,6,43
4.0,10,4,7,43
4.0,10,4,8,44
4.0,10,4,9,44
4.0,10,4,10,44
4.0,10,4,11,44
4.0,10,4,12,44
4.0,10,4,13,45
4.0,10,4,14,45
4.0,10,4,15,45
4.0,10,5,0,42
4.0,10,5,1,42
4.0,10,5,2,43
4.0,10,5,3,43
4.0,10,5,4,43
4.0,10,5,5,43
4.0,10,5,6,43
4.0,10,5,7,44
4.0,10,5,8,44
4.0,10,5,9,44
4.0,10,5,10,44
4.0,10,5,11,44
4.0,10,5,12,45
4.0,10,5,13,45
4.0,10,5,14,45
4.0,10,5,15,45
4.0,10,6,0,42
4.0,10,6,1,43
4.0,10,6,2,43
4.0,10,6,3,43
4.0,10,6,4,43
4.0,10,6,5,44
4.0,10,6,6,44
4.0,10,6,7,44
4.0,10,6,8,44
4.0,10,6,9,44
4.0,10,6,10,45
4.0,10,6,11,45
4.0,10,6,12,45
4.0,10,6,13,45
4.0,10,6,14,45
4.0,10,6,15,46
4.0,10,7,0,43
4.0,10,7,1,43
4.0,10,7,2,43
4.0,10,7,3,43
4.0,10,7,4,44
4.0,10,7,5,44
4.0,10,7,6,44
4.0,10,7,7,44
4.0,10,7,8,44
4.0,10,7,9,45
4.0,10,7,10,45
4.0,10,7,11,45
4.0,10,7,12,45
4.0,10,7,13,45
4.0,10,7,14,46
4.0,10,7,15,46
4.0,10,8,0,43
4.0,10,8,1,43
4.0,10,8,2,43
4.0,10,8,3,44
4.0,10,8,4,44
4.0,10,8,5,44
4.0,10,8,6,44
4.0,10,8,7,44
4.0,10,8,8,45
4.0,10,8,9,45
4.0,10,8,10,45
4.0,10,8,11,45
4.0,10,8,12,45
4.0,10,8,13,46
4.0,10,8,14,46
4.0,10,8,15,46
4.0,10,9,0,43
4.0,10,9,1,43
4.0,10,9,2,44
4.0,10,9,3,44
4.0,10,9,4,44
4.0,10,9,5,44
4.0,10,9,6,44
4.0,10,9,7,45
4.0,10,9,8,45
4.0,10,9,9,45
4.0,10,9,10,45
4.0,10,9,11,46
4.0,10,9,12,46
4.0,10,9,13,46
4.0,10,9,14,46
4.0,10,9,15,46
4.0,10,10,0,43
4.0,10,10,1,44
4.0,10,10,2,44
4.0,10,10,3,44
4.0,10,10,4,44
4.0,10,10,5,45
4.0,10,10,6,45
4.0,10,10,7,45
4.0,10,10,8,45
4.0,10,10,9,45
4.0,10,10,10,46
4.0,10,10,11,46
4.0,10,10,12,46
4.0,10,10,13,46
4.0,10,10,14,46
4.0,10,10,15,47
4.0,10,11,0,44
4.0,10,11,1,44
4.0,10,11,2,44
4.0,10,11,3,44
4.0,10,11,4,45
4.0,10,11,5,45
4.0,10,11,6,45
4.0,10,11,7,45
4.0,10,11,8,45
4.0,10,11,9,46
4.0,10,11,10,46
4.0,10,11,11,46
4.0,10,11,12,46
4.0,10,11,13,46
4.0,10,11,14,47
4.0,10,11,15,47
4.0,10,12,0,44
4.0,10,12,1,44
4.0,10,12,2,44
4.0,10,12,3,45
4.0,10,12,4,45
4.0,10,12,5,45
4.0,10,12,6,45
4.0,10,12,7,45
4.0,10,12,8,46
4.0,10,12,9,46
4.0,10,12,10,46
4.0,10,12,11,46
4.0,10,12,12,46
4.0,10,12,13,47
4.0,10,12,14,47
4.0,10,12,15,47
4.0,10,13,0,44
4.0,10,13,1,44
4.0,10,13,2,45
4.0,10,13,3,45
4.0,10,13,4,45
4.0,10,13,5,45
4.0,10,13,6,45
4.0,10,13,7,46
4.0,10,13,8,46
4.0,10,13,9,46
4.0,10,13,10,46
4.0,10,13,11,46
4.0,10,13,12,47
4.0,10,13,13,47
4.0,10,13,14,47
4.0,10,13,15,47
4.0,10,14,0,44
4.0,10,14,1,45
4.0,10,14,2,45
4.0,10,14,3,45
4.0,10,14,4,45
4.0,10,14,5,45
4.0,10,14,6,46
4.0,10,14,7,46
4.0,10,14,8,46
4.0,10,14,9,46
4.0,10,14,10,47
4.0,10,14,11,47
4.0,10,14,12,47
4.0,10,14,13,47
4.0,10,14,14,47
4.0,10,14,15,48
4.0,10,15,0,45
4.0,10,15,1,45
4.0,10,15,2,45
4.0,10,15,3,45
4.0,10,15,4,45
4.0,10,15,5,46
4.0,10,15,6,46
4.0,10,15,7,46
4.0,10,15,8,46
4.0,10,15,9,47
4.0,10,15,10,47
4.0,10,15,11,47
4.0,10,15,12,47
4.0,10,15,13,47
4.0,10,15,14,48
4.0,10,15,15,48
4.0,11,0,0,42
4.0,11,0,1,42
4.0,11,0,2,42
4.0,11,0,3,42
4.0,11,0,4,42
4.0,11,0,5,43
4.0,11,0,6,43
4.0,11,0,7,43
4.0,11,0,8,43
4.0,11,0,9,43
4.0,11,0,10,44
4.0,11,0,11,44
4.0,11,0,12,44
4.0,11,0,13,44
4.0,11,0,14,44
4.0,11,0,15,45
4.0,11,1,0,42
4.0,11,1,1,42
4.0,11,1,2,42
4.0,11,1,3,42
4.0,11,1,4,43
4.0,11,1,5,43
4.0,11,1,6,43
4.0,11,1,7,43
4.0,11,1,8,44
4.0,11,1,9,44
4.0,11,1,10,44
4.0,11,1,11,44
4.0,11,1,12,44
4.0,11,1,13,44
4.0,11,1,14,45
4.0,11,1,15,45
4.0,11,2,0,42
4.0,11,2,1,42
4.0,11,2,2,43
4.0,11,2,3,43
4.0,11,2,4,43
4.0,11,2,5,43
4.0,11,2,6,43
4.0,11,2,7,44
4.0,11,2,8,44
4.0,11,2,9,44
4.0,11,2,10,44
4.0,11,2,11,44
4.0,11,2,12,45
4.0,11,2,13,45
4.0,11,2,14,45
4.0,11,2,15,45
4.0,11,3,0,42
4.0,11,3,1,43
4.0,11,3,2,43
4.0,11,3,3,43
4.0,11,3,4,43
4.0,11,3,5,43
4.0,11,3,6,44
4.0,11,3,7,44
4.0,11,3,8,44
4.0,11,3,9,44
4.0,11,3,10,44
4.0,11,3,11,45
4.0,11,3,12,45
4.0,11,3,13,45
4.0,11,3,14,45
4.0,11,3,15,45
4.0,11,4,0,43
4.0,11,4,1,43
4.0,11,4,2,43
4.0,11,4,3,43
4.0,11,4,4,43
4.0,11,4,5,44
4.0,11,4,6,44
4.0,11,4,7,44
4.0,11,4,8,44
4.0,11,4,9,44
4.0,11,4,10,45
4.0,11,4,11,45
4.0,11,4,12,45
4.0,11,4,13,45
4.0,11,4,14,45
4.0,11,4,15,46
4.0,11,5,0,43
4.0,11,5,1,43
4.0,11,5,2,43
4.0,11,5,3,44
4.0,11,5,4,44
4.0,11,5,5,44
4.0,11,5,6,44
4.0,11,5,7,44
4.0,11,5,8,45
4.0,11,5,9,45
4.0,11,5,10,45
4.0,11,5,11,45
4.0,11,5,12,45
4.0,11,5,13,46
4.0,11,5,14,46
4.0,11,5,15,46
4.0,11,6,0,43
4.0,11,6,1,43
4.0,11,6,2,44
4.0,11,6,3,44
4.0,11,6,4,44
4.0,11,6,5,44
4.0,11,6,6,44
4.0,11,6,7,45
4.0,11,6,8,45
4.0,11,6,9,45
4.0,11,6,10,45
4.0,11,6,11,45
4.0,11,6,12,46
4.0,11,6,13,46
4.0,11,6,14,46
4.0,11,6,15,46
4.0,11,7,0,43
4.0,11,7,1,44
4.0,11,7,2,44
4.0,11,7,3,44
4.0,11,7,4,44
4.0,11,7,5,44
4.0,11,7,6,45
4.0,11,7,7,45
4.0,11,7,8,45
4.0,11,7,9,45
4.0,11,7,10,45
4.0,11,7,11,46
4.0,11,7,12,46
4.0,11,7,13,46
4.0,11,7,14,46
4.0,11,7,15,46
4.0,11,8,0,44
4.0,11,8,1,44
4.0,11,8,2,44
4.0,11,8,3,44
4.0,11,8,4,44
4.0,11,8,5,45
4.0,11,8,6,45
4.0,11,8,7,45
4.0,11,8,8,45
4.0,11,8,9,46
4.0,11,8,10,46
4.0,11,8,11,46
4.0,11,8,12,46
4.0,11,8,13,46
4.0,11,8,14,47
4.0,11,8,15,47
4.0,11,9,0,44
4.0,11,9,1,44
4.0,11,9,2,44
4.0,11,9,3,44
4.0,11,9,4,45
4.0,11,9,5,45
4.0,11,9,6,45
4.0,11,9,7,45
4.0,11,9,8,46
4.0,11,9,9,46
4.0,11,9,10,46
4.0,11,9,11,46
4.0,11,9,12,46
4.0,11,9,13,47
4.0,11,9,14,47
4.0,11,9,15,47
4.0,11,10,0,44
4.0,11,10,1,44
4.0,11,10,2,45
4.0,11,10,3,45
4.0,11,10,4,45
4.0,11,10,5,45
4.0,11,10,6,45
4.0,11,10,7,46
4.0,11,10,8,46
4.0,11,10,9,46
4.0,11,10,10,46
4.0,11,10,11,46
4.0,11,10,12,47
4.0,11,10,13,47
4.0,11,10,14,47
4.0,11,10,15,47
4.0,11,11,0,44
4.0,11,11,1,45
4.0,11,11,2,45
4.0,11,11,3,45
4.0,11,11,4,45
4.0,11,11,5,45
4.0,11,11,6,46
4.0,11,11,7,46
4.0,11,11,8,46
4.0,11,11,9,46
4.0,11,11,10,46
4.0,11,11,11,47
4.0,11,11,12,47
4.0,11,11,13,47
4.0,11,11,14,47
4.0,11,11,15,48
4.0,11,12,0,45
4.0,11,12,1,45
4.0,11,12,2,45
4.0,11,12,3,45
4.0,11,12,4,45
4.0,11,12,5,46
4.0,11,12,6,46
4.0,11,12,7,46
4.0,11,12,8,46
4.0,11,12,9,47
4.0,11,12,10,47
4.0,11,12,11,47
4.0,11,12,12,47
4.0,11,12,13,47
4.0,11,12,14,48
4.0,11,12,15,48
4.0,11,13,0,45
4.0,11,13,1,45
4.0,11,13,2,45
4.0,11,13,3,45
4.0,11,13,4,46
4.0,11,13,5,46
4.0,11,13,6,46
4.0,11,13,7,46
4.0,11,13,8,47
4.0,11,13,9,47
4.0,11,13,10,47
4.0,11,13,11,47
4.0,11,13,12,47
4.0,11,13,13,48
4.0,11,13,14,48
4.0,11,13,15,48
4.0,11,14,0,45
4.0,11,14,1,45
4.0,11,14,2,45
4.0,11,14,3,46
4.0,11,14,4,46
4.0,11,14,5,46
4.0,11,14,6,46
4.0,11,14,7,47
4.0,11,14,8,47
4.0,11,14,9,47
4.0,11,14,10,47
4.0,11,14,11,47
4.0,11,14,12,48
4.0,11,14,13,48
4.0,11,14,14,48
4.0,11,14,15,48
4.0,11,15,0,45
4.0,11,15,1,45
4.0,11,15,2,46
4.0,11,15,3,46
4.0,11,15,4,46
4.0,11,15,5,46
4.0,11,15,6,47
4.0,11,15,7,47
4.0,11,15,8,47
4.0,11,15,9,47
4.0,11,15,10,47
4.0,11,15,11,48
4.0,11,15,12,48
4.0,11,15,13,48
4.0,11,15,14,48
4.0,11,15,15,49
4.0,12,0,0,42
4.0,12,0,1,42
4.0,12,0,2,43
4.0,12,0,3,43
4.0,12,0,4,43
4.0,12,0,5,43
4.0,12,0,6,43
4.0,12,0,7,44
4.0,12,0,8,44
4.0,12,0,9,44
4.0,12,0,10,44
4.0,12,0,11,44
4.0,12,0,12,45
4.0,12,0,13,45
4.0,12,0,14,45
4.0,12,0,15,45
4.0,12,1,0,42
4.0,12,1,1,43
4.0,12,1,2,43
4.0,12,1,3,43
4.0,12,1,4,43
4.0,12,1,5,44
4.0,12,1,6,44
4.0,12,1,7,44
4.0,12,1,8,44
4.0,12,1,9,44
4.0,12,1,10,45
4.0,12,1,11,45
4.0,12,1,12,45
4.0,12,1,13,45
4.0,12,1,14,45
4.0,12,1,15,46
4.0,12,2,0,43
4.0,12,2,1,43
4.0,12,2,2,43
4.0,12,2,3,43
4.0,12,2,4,44
4.0,12,2,5,44
4.0,12,2,6,44
4.0,12,2,7,44
4.0,12,2,8,44
4.0,12,2,9,45
4.0,12,2,10,45
4.0,12,2,11,45
4.0,12,2,12,45
4.0,12,2,13,45
4.0,12,2,14,46
4.0,12,2,15,46
4.0,12,3,0,43
4.0,12,3,1,43
4.0,12,3,2,43
4.0,12,3,3,44
4.0,12,3,4,44
4.0,12,3,5,44
4.0,12,3,6,44
4.0,12,3,7,44
4.0,12,3,8,45
4.0,12,3,9,45
4.0,12,3,10,45
4.0,12,3,11,45
4.0,12,3,12,45
4.0,12,3,13,46
4.0,12,3,14,46
4.0,12,3,15,46
4.0,12,4,0,43
4.0,12,4,1,43
4.0,12,4,2,44
4.0,12,4,3,44
4.0,12,4,4,44
4.0,12,4,5,44
4.0,12,4,6,45
4.0,12,4,7,45
4.0,12,4,8,45
4.0,12,4,9,45
4.0,12,4,10,45
4.0,12,4,11,46
4.0,12,4,12,46
4.0,12,4,13,46
4.0,12,4,14,46
4.0,12,4,15,46
4.0,12,5,0,43
4.0,12,5,1,44
4.0,12,5,2,44
4.0,12,5,3,44
4.0,12,5,4,44
4.0,12,5,5,45
4.0,12,5,6,45
4.0,12,5,7,45
4.0,12,5,8,45
4.0,12,5,9,45
4.0,12,5,10,46
4.0,12,5,11,46
4.0,12,5,12,46
4.0,12,5,13,46
4.0,12,5,14,46
4.0,12,5,15,47
4.0,12,6,0,44
4.0,12,6,1,44
4.0,12,6,2,44
4.0,12,6,3,44
4.0,12,6,4,45
4.0,12,6,5,45
4.0,12,6,6,45
4.0,12,6,7,45
4.0,12,6,8,45
4.0,12,6,9,46
4.0,12,6,10,46
4.0,12,6,11,46
4.0,12,6,12,46
4.0,12,6,13,46
4.0,12,6,14,47
4.0,12,6,15,47
4.0,12,7,0,44
4.0,12,7,1,44
4.0,12,7,2,44
4.0,12,7,3,45
4.0,12,7,4,45
4.0,12,7,5,45
4.0,12,7,6,45
4.0,12,7,7,45
4.0,12,7,8,46
4.0,12,7,9,46
4.0,12,7,10,46
4.0,12,7,11,46
4.0,12,7,12,47
4.0,12,7,13,47
4.0,12,7,14,47
4.0,12,7,15,47
4.0,12,8,0,44
4.0,12,8,1,44
4.0,12,8,2,45
4.0,12,8,3,45
4.0,12,8,4,45
4.0,12,8,5,45
4.0,12,8,6,46
4.0,12,8,7,46
4.0,12,8,8,46
4.0,12,8,9,46
4.0,12,8,10,46
4.0,12,8,11,47
4.0,12,8,12,47
4.0,12,8,13,47
4.0,12,8,14,47
4.0,12,8,15,47
4.0,12,9,0,44
4.0,12,9,1,45
4.0,12,9,2,45
4.0,12,9,3,45
4.0,12,9,4,45
4.0,12,9,5,46
4.0,12,9,6,46
4.0,12,9,7,46
4.0,12,9,8,46
4.0,12,9,9,46
4.0,12,9,10,47
4.0,12,9,11,47
4.0,12,9,12,47
4.0,12,9,13,47
4.0,12,9,14,47
4.0,12,9,15,48
4.0,12,10,0,45
4.0,12,10,1,45
4.0,12,10,2,45
4.0,12,10,3,45
4.0,12,10,4,46
4.0,12,10,5,46
4.0,12,10,6,46
4.0,12,10,7,46
4.0,12,10,8,46
4.0,12,10,9,47
4.0,12,10,10,47
4.0,12,10,11,47
4.0,12,10,12,47
4.0,12,10,13,48
4.0,12,10,14,48
4.0,12,10,15,48
4.0,12,11,0,45
4.0,12,11,1,45
4.0,12,11,2,45
4.0,12,11,3,46
4.0,12,11,4,46
4.0,12,11,5,46
4.0,12,11,6,46
4.0,12,11,7,46
4.0,12,11,8,47
4.0,12,11,9,47
4.0,12,11,10,47
4.0,12,11,11,47
4.0,12,11,12,48
4.0,12,11,13,48
4.0,12,11,14,48
4.0,12,11,15,48
4.0,12,12,0,45
4.0,12,12,1,45
4.0,12,12,2,46
4.0,12,12,3,46
4.0,12,12,4,46
4.0,12,12,5,46
4.0,12,12,6,47
4.0,12,12,7,47
4.0,12,12,8,47
4.0,12,12,9,47
4.0,12,12,10,47
4.0,12,12,11,48
4.0,12,12,12,48
4.0,12,12,13,48
4.0,12,12,14,48
4.0,12,12,15,48
4.0,12,13,0,45
4.0,12,13,1,46
4.0,12,13,2,46
4.0,12,13,3,46
4.0,12,13,4,46
4.0,12,13,5,47
4.0,12,13,6,47
4.0,12,13,7,47
4.0,12,13,8,47
4.0,12,13,9,47
4.0,12,13,10,48
4.0,12,13,11,48
4.0,12,13,12,48
4.0,12,13,13,48
4.0,12,13,14,48
4.0,12,13,15,49
4.0,12,14,0,46
4.0,12,14,1,46
4.0,12,14,2,46
4.0,12,14,3,46
4.0,12,14,4,47
4.0,12,14,5,47
4.0,12,14,6,47
4.0,12,14,7,47
4.0,12,14,8,47
4.0,12,14,9,48
4.0,12,14,10,48
4.0,12,14,11,48
4.0,12,14,12,48
4.0,12,14,13,49
4.0,12,14,14,49
4.0,12,14,15,49
4.0,12,15,0,46
4.0,12,15,1,46
4.0,12,15,2,46
4.0,12,15,3,47
4.0,12,15,4,47
4.0,12,15,5,47
4.0,12,15,6,47
4.0,12,15,7,47
4.0,12,15,8,48
4.0,12,15,9,48
4.0,12,15,10,48
4.0,12,15,11,48
4.0,12,15,12,49
4.0,12,15,13,49
4.0,12,15,14,49
4.0,12,15,15,49
4.0,13,0,0,43
4.0,13,0,1,43
4.0,13,0,2,43
4.0,13,0,3,43
4.0,13,0,4,44
4.0,13,0,5,44
4.0,13,0,6,44
4.0,13,0,7,44
4.0,13,0,8,44
4.0,13,0,9,45
4.0,13,0,10,45
4.0,13,0,11,45
4.0,13,0,12,45
4.0,13,0,13,45
4.0,13,0,14,46
4.0,13,0,15,46
4.0,13,1,0,43
4.0,13,1,1,43
4.0,13,1,2,44
4.0,13,1,3,44
4.0,13,1,4,44
4.0,13,1,5,44
4.0,13,1,6,44
4.0,13,1,7,45
4.0,13,1,8,45
4.0,13,1,9,45
4.0,13,1,10,45
4.0,13,1,11,45
4.0,13,1,12,46
4.0,13,1,13,46
4.0,13,1,14,46
4.0,13,1,15,46
4.0,13,2,0,43
4.0,13,2,1,44
4.0,13,2,2,44
4.0,13,2,3,44
4.0,13,2,4,44
4.0,13,2,5,44
4.0,13,2,6,45
4.0,13,2,7,45
4.0,13,2,8,45
4.0,13,2,9,45
4.0,13,2,10,45
4.0,13,2,11,46
4.0,13,2,12,46
4.0,13,2,13,46
4.0,13,2,14,46
4.0,13,2,15,46
4.0,13,3,0,44
4.0,13,3,1,44
4.0,13,3,2,44
4.0,13,3,3,44
4.0,13,3,4,44
4.0,13,3,5,45
4.0,13,3,6,45
4.0,13,3,7,45
4.0,13,3,8,45
4.0,13,3,9,46
4.0,13,3,10,46
4.0,13,3,11,46
4.0,13,3,12,46
4.0,13,3,13,46
4.0,13,3,14,47
4.0,13,3,15,47
4.0,13,4,0,44
4.0,13,4,1,44
4.0,13,4,2,44
4.0,13,4,3,45
4.0,13,4,4,45
4.0,13,4,5,45
4.0,13,4,6,45
4.0,13,4,7,45
4.0,13,4,8,46
4.0,13,4,9,46
4.0,13,4,10,46
4.0,13,4,11,46
4.0,13,4,12,46
4.0,13,4,13,47
4.0,13,4,14,47
4.0,13,4,15,47
4.0,13,5,0,44
4.0,13,5,1,44
4.0,13,5,2,45
4.0,13,5,3,45
4.0,13,5,4,45
4.0,13,5,5,45
4.0,13,5,6,45
4.0,13,5,7,46
4.0,13,5,8,46
4.0,13,5,9,46
4.0,13,5,10,46
4.0,13,5,11,46
4.0,13,5,12,47
4.0,13,5,13,47
4.0,13,5,14,47
4.0,13,5,15,47
4.0,13,6,0,44
4.0,13,6,1,45
4.0,13,6,2,45
4.0,13,6,3,45
4.0,13,6,4,45
4.0,13,6,5,45
4.0,13,6,6,46
4.0,13,6,7,46
4.0,13,6,8,46
4.0,13,6,9,46
4.0,13,6,10,47
4.0,13,6,11,47
4.0,13,6,12,47
4.0,13,6,13,47
4.0,13,6,14,47
4.0,13,6,15,48
4.0,13,7,0,45
4.0,13,7,1,45
4.0,13,7,2,45
4.0,13,7,3,45
4.0,13,7,4,45
4.0,13,7,5,46
4.0,13,7,6,46
4.0,13,7,7,46
4.0,13,7,8,46
4.0,13,7,9,47
4.0,13,7,10,47
4.0,13,7,11,47
4.0,13,7,12,47
4.0,13,7,13,47
4.0,13,7,14,48
4.0,13,7,15,48
4.0,13,8,0,45
4.0,13,8,1,45
4.0,13,8,2,45
4.0,13,8,3,46
4.0,13,8,4,46
4.0,13,8,5,46
4.0,13,8,6,46
4.0,13,8,7,46
4.0,13,8,8,47
4.0,13,8,9,47
4.0,13,8,10,47
4.0,13,8,11,47
4.0,13,8,12,47
4.0,13,8,13,48
4.0,13,8,14,48
4.0,13,8,15,48
4.0,13,9,0,45
4.0,13,9,1,45
4.0,13,9,2,46
4.0,13,9,3,46
4.0,13,9,4,46
4.0,13,9,5,46
4.0,13,9,6,46
4.0,13,9,7,47
4.0,13,9,8,47
4.0,13,9,9,47
4.0,13,9,10,47
4.0,13,9,11,48
4.0,13,9,12,48
4.0,13,9,13,48
4.0,13,9,14,48
4.0,13,9,15,48
4.0,13,10,0,45
4.0,13,10,1,46
4.0,13,10,2,46
4.0,13,10,3,46
4.0,13,10,4,46
4.0,13,10,5,46
4.0,13,10,6,47
4.0,13,10,7,47
4.0,13,10,8,47
4.0,13,10,9,47
4.0,13,10,10,48
4.0,13,10,11,48
4.0,13,10,12,48
4.0,13,10,13,48
4.0,13,10,14,48
4.0,13,10,15,49
4.0,13,11,0,46
4.0,13,11,1,46
4.0,13,11,2,46
4.0,13,11,3,46
4.0,13,11,4,46
4.0,13,11,5,47
4.0,13,11,6,47
4.0,13,11,7,47
4.0,13,11,8,47
4.0,13,11,9,48
4.0,13,11,10,48
4.0,13,11,11,48
4.0,13,11,12,48
4.0,13,11,13,48
4.0,13,11,14,49
4.0,13,11,15,49
4.0,13,12,0,46
4.0,13,12,1,46
4.0,13,12,2,46
4.0,13,12,3,47
4.0,13,12,4,47
4.0,13,12,5,47
4.0,13,12,6,47
4.0,13,12,7,47
4.0,13,12,8,48
4.0,13,12,9,48
4.0,13,12,10,48
4.0,13,12,11,48
4.0,13,12,12,48
4.0,13,12,13,49
4.0,13,12,14,49
4.0,13,12,15,49
4.0,13,13,0,46
4.0,13,13,1,46
4.0,13,13,2,47
4.0,13,13,3,47
4.0,13,13,4,47
4.0,13,13,5,47
4.0,13,13,6,47
4.0,13,13,7,48
4.0,13,13,8,48
4.0,13,13,9,48
4.0,13,13,10,48
4.0,13,13,11,49
4.0,13,13,12,49
4.0,13,13,13,49
4.0,13,13,14,49
4.0,13,13,15,49
4.0,13,14,0,46
4.0,13,14,1,47
4.0,13,14,2,47
4.0,13,14,3,47
4.0,13,14,4,47
4.0,13,14,5,47
4.0,13,14,6,48
4.0,13,14,7,48
4.0,13,14,8,48
4.0,13,14,9,48
4.0,13,14,10,49
4.0,13,14,11,49
4.0,13,14,12,49
4.0,13,14,13,49
4.0,13,14,14,49
4.0,13,14,15,50
4.0,13,15,0,47
4.0,13,15,1,47
4.0,13,15,2,47
4.0,13,15,3,47
4.0,13,15,4,47
4.0,13,15,5,48
4.0,13,15,6,48
4.0,13,15,7,48
4.0,13,15,8,48
4.0,13,15,9,49
4.0,13,15,10,49
4.0,13,15,11,49
4.0,13,15,12,49
4.0,13,15,13,49
4.0,13,15,14,50
4.0,13,15,15,50
4.0,14,0,0,43
4.0,14,0,1,44
4.0,14,0,2,44
4.0,14,0,3,44
4.0,14,0,4,44
4.0,14,0,5,44
4.0,14,0,6,45
4.0,14,0,7,45
4.0,14,0,8,45
4.0,14,0,9,45
4.0,14,0,10,46
4.0,14,0,11,46
4.0,14,0,12,46
4.0,14,0,13,46
4.0,14,0,14,46
4.0,14,0,15,47
4.0,14,1,0,44
4.0,14,1,1,44
4.0,14,1,2,44
4.0,14,1,3,44
4.0,14,1,4,45
4.0,14,1,5,45
4.0,14,1,6,45
4.0,14,1,7,45
4.0,14,1,8,45
4.0,14,1,9,46
4.0,14,1,10,46
4.0,14,1,11,46
4.0,14,1,12,46
4.0,14,1,13,46
4.0,14,1,14,47
4.0,14,1,15,47
4.0,14,2,0,44
4.0,14,2,1,44
4.0,14,2,2,44
4.0,14,2,3,45
4.0,14,2,4,45
4.0,14,2,5,45
4.0,14,2,6,45
4.0,14,2,7,45
4.0,14,2,8,46
4.0,14,2,9,46
4.0,14,2,10,46
4.0,14,2,11,46
4.0,14,2,12,46
4.0,14,2,13,47
4.0,14,2,14,47
4.0,14,2,15,47
4.0,14,3,0,44
4.0,14,3,1,44
4.0,14,3,2,45
4.0,14,3,3,45
4.0,14,3,4,45
4.0,14,3,5,45
4.0,14,3,6,46
4.0,14,3,7,46
4.0,14,3,8,46
4.0,14,3,9,46
4.0,14,3,10,46
4.0,14,3,11,47
4.0,14,3,12,47
4.0,14,3,13,47
4.0,14,3,14,47
4.0,14,3,15,47
4.0,14,4,0,44
4.0,14,4,1,45
4.0,14,4,2,45
4.0,14,4,3,45
4.0,14,4,4,45
4.0,14,4,5,46
4.0,14,4,6,46
4.0,14,4,7,46
4.0,14,4,8,46
4.0,14,4,9,46
4.0,14,4,10,47
4.0,14,4,11,47
4.0,14,4,12,47
4.0,14,4,13,47
4.0,14,4,14,47
4.0,14,4,15,48
4.0,14,5,0,45
4.0,14,5,1,45
4.0,14,5,2,45
4.0,14,5,3,45
4.0,14,5,4,46
4.0,14,5,5,46
4.0,14,5,6,46
4.0,14,5,7,46
4.0,14,5,8,46
4.0,14,5,9,47
4.0,14,5,10,47
4.0,14,5,11,47
4.0,14,5,12,47
4.0,14,5,13,48
4.0,14,5,14,48
4.0,14,5,15,48
4.0,14,6,0,45
4.0,14,6,1,45
4.0,14,6,2,45
4.0,14,6,3,46
4.0,14,6,4,46
4.0,14,6,5,46
4.0,14,6,6,46
4.0,14,6,7,47
4.0,14,6,8,47
4.0,14,6,9,47
4.0,14,6,10,47
4.0,14,6,11,47
4.0,14,6,12,48
4.0,14,6,13,48
4.0,14,6,14,48
4.0,14,6,15,48
4.0,14,7,0,45
4.0,14,7,1,45
4.0,14,7,2,46
4.0,14,7,3,46
4.0,14,7,4,46
4.0,14,7,5,46
4.0,14,7,6,47
4.0,14,7,7,47
4.0,14,7,8,47
4.0,14,7,9,47
4.0,14,7,10,47
4.0,14,7,11,48
4.0,14,7,12,48
4.0,14,7,13,48
4.0,14,7,14,48
4.0,14,7,15,48
4.0,14,8,0,45
4.0,14,8,1,46
4.0,14,8,2,46
4.0,14,8,3,46
4.0,14,8,4,46
4.0,14,8,5,47
4.0,14,8,6,47
4.0,14,8,7,47
4.0,14,8,8,47
4.0,14,8,9,47
4.0,14,8,10,48
4.0,14,8,11,48
4.0,14,8,12,48
4.0,14,8,13,48
4.0,14,8,14,49
4.0,14,8,15,49
4.0,14,9,0,46
4.0,14,9,1,46
4.0,14,9,2,46
4.0,14,9,3,46
4.0,14,9,4,47
4.0,14,9,5,47
4.0,14,9,6,47
4.0,14,9,7,47
4.0,14,9,8,48
4.0,14,9,9,48
4.0,14,9,10,48
4.0,14,9,11,48
4.0,14,9,12,48
4.0,14,9,13,49
4.0,14,9,14,49
4.0,14,9,15,49
4.0,14,10,0,46
4.0,14,10,1,46
4.0,14,10,2,46
4.0,14,10,3,47
4.0,14,10,4,47
4.0,14,10,5,47
4.0,14,10,6,47
4.0,14,10,7,48
4.0,14,10,8,48
4.0,14,10,9,48
4.0,14,10,10,48
4.0,14,10,11,48
4.0,14,10,12,49
4.0,14,10,13,49
4.0,14,10,14,49
4.0,14,10,15,49
4.0,14,11,0,46
4.0,14,11,1,46
4.0,14,11,2,47
4.0,14,11,3,47
4.0,14,11,4,47
4.0,14,11,5,47
4.0,14,11,6,48
4.0,14,11,7,48
4.0,14,11,8,48
4.0,14,11,9,48
4.0,14,11,10,48
4.0,14,11,11,49
4.0,14,11,12,49
4.0,14,11,13,49
4.0,14,11,14,49
4.0,14,11,15,50
4.0,14,12,0,46
4.0,14,12,1,47
4.0,14,12,2,47
4.0,14,12,3,47
4.0,14,12,4,47
4.0,14,12,5,48
4.0,14,12,6,48
4.0,14,12,7,48
4.0,14,12,8,48
4.0,14,12,9,49
4.0,14,12,10,49
4.0,14,12,11,49
4.0,14,12,12,49
4.0,14,12,13,49
4.0,14,12,14,50
4.0,14,12,15,50
4.0,14,13,0,47
4.0,14,13,1,47
4.0,14,13,2,47
4.0,14,13,3,47
4.0,14,13,4,48
4.0,14,13,5,48
4.0,14,13,6,48
4.0,14,13,7,48
4.0,14,13,8,49
4.0,14,13,9,49
4.0,14,13,10,49
4.0,14,13,11,49
4.0,14,13,12,49
4.0,14,13,13,50
4.0,14,13,14,50
4.0,14,13,15,50
4.0,14,14,0,47
4.0,14,14,1,47
4.0,14,14,2,47
4.0,14,14,3,48
4.0,14,14,4,48
4.0,14,14,5,48
4.0,14,14,6,48
4.0,14,14,7,49
4.0,14,14,8,49
4.0,14,14,9,49
4.0,14,14,10,49
4.0,14,14,11,49
4.0,14,14,12,50
4.0,14,14,13,50
4.0,14,14,14,50
4.0,14,14,15,50
4.0,14,15,0,47
4.0,14,15,1,47
4.0,14,15,2,48
4.0,14,15,3,48
4.0,14,15,4,48
4.0,14,15,5,48
4.0,14,15,6,49
4.0,14,15,7,49
4.0,14,15,8,49
4.0,14,15,9,49
4.0,14,15,10,50
4.0,14,15,11,50
4.0,14,15,12,50
4.0,14,15,13,50
4.0,14,15,14,50
4.0,14,15,15,51
4.0,15,0,0,44
4.0,15,0,1,44
4.0,15,0,2,44
4.0,15,0,3,45
4.0,15,0,4,45
4.0,15,0,5,45
4.0,15,0,6,45
4.0,15,0,7,46
4.0,15,0,8,46
4.0,15,0,9,46
4.0,15,0,10,46
4.0,15,0,11,46
4.0,15,0,12,47
4.0,15,0,13,47
4.0,15,0,14,47
4.0,15,0,15,47
4.0,15,1,0,44
4.0,15,1,1,45
4.0,15,1,2,45
4.0,15,1,3,45
4.0,15,1,4,45
4.0,15,1,5,45
4.0,15,1,6,46
4.0,15,1,7,46
4.0,15,1,8,46
4.0,15,1,9,46
4.0,15,1,10,46
4.0,15,1,11,47
4.0,15,1,12,47
4.0,15,1,13,47
4.0,15,1,14,47
4.0,15,1,15,47
4.0,15,2,0,45
4.0,15,2,1,45
4.0,15,2,2,45
4.0,15,2,3,45
4.0,15,2,4,45
4.0,15,2,5,46
4.0,15,2,6,46
4.0,15,2,7,46
4.0,15,2,8,46
4.0,15,2,9,47
4.0,15,2,10,47
4.0,15,2,11,47
4.0,15,2,12,47
4.0,15,2,13,47
4.0,15,2,14,48
4.0,15,2,15,48
4.0,15,3,0,45
4.0,15,3,1,45
4.0,15,3,2,45
4.0,15,3,3,45
4.0,15,3,4,46
4.0,15,3,5,46
4.0,15,3,6,46
4.0,15,3,7,46
4.0,15,3,8,47
4.0,15,3,9,47
4.0,15,3,10,47
4.0,15,3,11,47
4.0,15,3,12,47
4.0,15,3,13,48
4.0,15,3,14,48
4.0,15,3,15,48
4.0,15,4,0,45
4.0,15,4,1,45
4.0,15,4,2,46
4.0,15,4,3,46
4.0,15,4,4,46
4.0,15,4,5,46
4.0,15,4,6,46
4.0,15,4,7,47
4.0,15,4,8,47
4.0,15,4,9,47
4.0,15,4,10,47
4.0,15,4,11,47
4.0,15,4,12,48
4.0,15,4,13,48
4.0,15,4,14,48
4.0,15,4,15,48
4.0,15,5,0,45
4.0,15,5,1,46
4.0,15,5,2,46
4.0,15,5,3,46
4.0,15,5,4,46
4.0,15,5,5,46
4.0,15,5,6,47
4.0,15,5,7,47
4.0,15,5,8,47
4.0,15,5,9,47
4.0,15,5,10,48
4.0,15,5,11,48
4.0,15,5,12,48
4.0,15,5,13,48
4.0,15,5,14,48
4.0,15,5,15,49
4.0,15,6,0,46
4.0,15,6,1,46
4.0,15,6,2,46
4.0,15,6,3,46
4.0,15,6,4,47
4.0,15,6,5,47
4.0,15,6,6,47
4.0,15,6,7,47
4.0,15,6,8,47
4.0,15,6,9,48
4.0,15,6,10,48
4.0,15,6,11,48
4.0,15,6,12,48
4.0,15,6,13,48
4.0,15,6,14,49
4.0,15,6,15,49
4.0,15,7,0,46
4.0,15,7,1,46
4.0,15,7,2,46
4.0,15,7,3,47
4.0,15,7,4,47
4.0,15,7,5,47
4.0,15,7,6,47
4.0,15,7,7,47
4.0,15,7,8,48
4.0,15,7,9,48
4.0,15,7,10,48
4.0,15,7,11,48
4.0,15,7,12,49
4.0,15,7,13,49
4.0,15,7,14,49
4.0,15,7,15,49
4.0,15,8,0,46
4.0,15,8,1,46
4.0,15,8,2,47
4.0,15,8,3,47
4.0,15,8,4,47
4.0,15,8,5,47
4.0,15,8,6,47
4.0,15,8,7,48
4.0,15,8,8,48
4.0,15,8,9,48
4.0,15,8,10,48
4.0,15,8,11,49
4.0,15,8,12,49
4.0,15,8,13,49
4.0,15,8,14,49
4.0,15,8,15,49
4.0,15,9,0,46
4.0,15,9,1,47
4.0,15,9,2,47
4.0,15,9,3,47
4.0,15,9,4,47
4.0,15,9,5,48
4.0,15,9,6,48
4.0,15,9,7,48
4.0,15,9,8,48
4.0,15,9,9,48
4.0,15,9,10,49
4.0,15,9,11,49
4.0,15,9,12,49
4.0,15,9,13,49
4.0,15,9,14,49
4.0,15,9,15,50
4.0,15,10,0,47
4.0,15,10,1,47
4.0,15,10,2,47
4.0,15,10,3,47
4.0,15,10,4,48
4.0,15,10,5,48
4.0,15,10,6,48
4.0,15,10,7,48
4.0,15,10,8,48
4.0,15,10,9,49
4.0,15,10,10,49
4.0,15,10,11,49
4.0,15,10,12,49
4.0,15,10,13,50
4.0,15,10,14,50
4.0,15,10,15,50
4.0,15,11,0,47
4.0,15,11,1,47
4.0,15,11,2,47
4.0,15,11,3,48
4.0,15,11,4,48
4.0,15,11,5,48
4.0,15,11,6,48
4.0,15,11,7,48
4.0,15,11,8,49
4.0,15,11,9,49
4.0,15,11,10,49
4.0,15,11,11,49
4.0,15,11,12,50
4.0,15,11,13,50
4.0,15,11,14,50
4.0,15,11,15,50
4.0,15,12,0,47
4.0,15,12,1,47
4.0,15,12,2,48
4.0,15,12,3,48
4.0,15,12,4,48
4.0,15,12,5,48
4.0,15,12,6,49
4.0,15,12,7,49
4.0,15,12,8,49
4.0,15,12,9,49
4.0,15,12,10,49
4.0,15,12,11,50
4.0,15,12,12,50
4.0,15,12,13,50
4.0,15,12,14,50
4.0,15,12,15,51
4.0,15,13,0,47
4.0,15,13,1,48
4.0,15,13,2,48
4.0,15,13,3,48
4.0,15,13,4,48
4.0,15,13,5,49
4.0,15,13,6,49
4.0,15,13,7,49
4.0,15,13,8,49
4.0,15,13,9,49
4.0,15,13,10,50
4.0,15,13,11,50
4.0,15,13,12,50
4.0,15,13,13,50
4.0,15,13,14,51
4.0,15,13,15,51
4.0,15,14,0,48
4.0,15,14,1,48
4.0,15,14,2,48
4.0,15,14,3,48
4.0,15,14,4,49
4.0,15,14,5,49
4.0,15,14,6,49
4.0,15,14,7,49
4.0,15,14,8,49
4.0,15,14,9,50
4.0,15,14,10,50
4.0,15,14,11,50
4.0,15,14,12,50
4.0,15,14,13,51
4.0,15,14,14,51
4.0,15,14,15,51
4.0,15,15,0,48
4.0,15,15,1,48
4.0,15,15,2,48
4.0,15,15,3,49
4.0,15,15,4,49
4.0,15,15,5,49
4.0,15,15,6,49
4.0,15,15,7,50
4.0,15,15,8,50
4.0,15,15,9,50
4.0,15,15,10,50
4.0,15,15,11,50
4.0,15,15,12,51
4.0,15,15,13,51
4.0,15,15,14,51
4.0,15,15,15,51
4.5,0,0,0,40
4.5,0,0,1,40
4.5,0,0,2,41
4.5,0,0,3,41
4.5,0,0,4,41
4.5,0,0,5,41
4.5,0,0,6,41
4.5,0,0,7,41
4.5,0,0,8,42
4.5,0,0,9,42
4.5,0,0,10,42
4.5,0,0,11,42
4.5,0,0,12,42
4.5,0,0,13,43
4.5,0,0,14,43
4.5,0,0,15,43
4.5,0,1,0,40
4.5,0,1,1,41
4.5,0,1,2,41
4.5,0,1,3,41
4.5,0,1,4,41
4.5,0,1,5,41
4.5,0,1,6,42
4.5,0,1,7,42
4.5,0,1,8,42
4.5,0,1,9,42
4.5,0,1,10,42
4.5,0,1,11,43
4.5,0,1,12,43
4.5,0,1,13,43
4.5,0,1,14,43
4.5,0,1,15,43
4.5,0,2,0,41
4.5,0,2,1,41
4.5,0,2,2,41
4.5,0,2,3,41
4.5,0,2,4,41
4.5,0,2,5,42
4.5,0,2,6,42
4.5,0,2,7,42
4.5,0,2,8,42
4.5,0,2,9,42
4.5,0,2,10,43
4.5,0,2,11,43
4.5,0,2,12,43
4.5,0,2,13,43
4.5,0,2,14,43
4.5,0,2,15,44
4.5,0,3,0,41
4.5,0,3,1,41
4.5,0,3,2,41
4.5,0,3,3,41
4.5,0,3,4,42
4.5,0,3,5,42
4.5,0,3,6,42
4.5,0,3,7,42
4.5,0,3,8,42
4.5,0,3,9,43
4.5,0,3,10,43
4.5,0,3,11,43
4.5,0,3,12,43
4.5,0,3,13,43
4.5,0,3,14,44
4.5,0,3,15,44
4.5,0,4,0,41
4.5,0,4,1,41
4.5,0,4,2,41
4.5,0,4,3,42
4.5,0,4,4,42
4.5,0,4,5,42
4.5,0,4,6,42
4.5,0,4,7,42
4.5,0,4,8,43
4.5,0,4,9,43
4.5,0,4,10,43
4.5,0,4,11,43
4.5,0,4,12,43
4.5,0,4,13,44
4.5,0,4,14,44
4.5,0,4,15,44
4.5,0,5,0,41
4.5,0,5,1,42
4.5,0,5,2,42
4.5,0,5,3,42
4.5,0,5,4,42
4.5,0,5,5,42
4.5,0,5,6,43
4.5,0,5,7,43
4.5,0,5,8,43
4.5,0,5,9,43
4.5,0,5,10,43
4.5,0,5,11,44
4.5,0,5,12,44
4.5,0,5,13,44
4.5,0,5,14,44
4.5,0,5,15,44
4.5,0,6,0,42
4.5,0,6,1,42
4.5,0,6,2,42
4.5,0,6,3,42
4.5,0,6,4,42
4.5,0,6,5,43
4.5,0,6,6,43
4.5,0,6,7,43
4.5,0,6,8,43
4.5,0,6,9,43
4.5,0,6,10,44
4.5,0,6,11,44
4.5,0,6,12,44
4.5,0,6,13,44
4.5,0,6,14,44
4.5,0,6,15,45
4.5,0,7,0,42
4.5,0,7,1,42
4.5,0,7,2,42
4.5,0,7,3,42
4.5,0,7,4,43
4.5,0,7,5,43
4.5,0,7,6,43
4.5,0,7,7,43
4.5,0,7,8,43
4.5,0,7,9,44
4.5,0,7,10,44
4.5,0,7,11,44
4.5,0,7,12,44
4.5,0,7,13,44
4.5,0,7,14,45
4.5,0,7,15,45
4.5,0,8,0,42
4.5,0,8,1,42
4.5,0,8,2,42
4.5,0,8,3,43
4.5,0,8,4,43
4.5,0,8,5,43
4.5,0,8,6,43
4.5,0,8,7,43
4.5,0,8,8,44
4.5,0,8,9,44
4.5,0,8,10,44
4.5,0,8,11,44
4.5,0,8,12,44
4.5,0,8,13,45
4.5,0,8,14,45
4.5,0,8,15,45
4.5,0,9,0,42
4.5,0,9,1,42
4.5,0,9,2,43
4.5,0,9,3,43
4.5,0,9,4,43
4.5,0,9,5,43
4.5,0,9,6,44
4.5,0,9,7,44
4.5,0,9,8,44
4.5,0,9,9,44
4.5,0,9,10,44
4.5,0,9,11,45
4.5,0,9,12,45
4.5,0,9,13,45
4.5,0,9,14,45
4.5,0,9,15,45
4.5,0,10,0,42
4.5,0,10,1,43
4.5,0,10,2,43
4.5,0,10,3,43
4.5,0,10,4,43
4.5,0,10,5,44
4.5,0,10,6,44
4.5,0,10,7,44
4.5,0,10,8,44
4.5,0,10,9,44
4.5,0,10,10,45
4.5,0,10,11,45
4.5,0,10,12,45
4.5,0,10,13,45
4.5,0,10,14,45
4.5,0,10,15,46
4.5,0,11,0,43
4.5,0,11,1,43
4.5,0,11,2,43
4.5,0,11,3,43
4.5,0,11,4,44
4.5,0,11,5,44
4.5,0,11,6,44
4.5,0,11,7,44
4.5,0,11,8,44
4.5,0,11,9,45
4.5,0,11,10,45
4.5,0,11,11,45
4.5,0,11,12,45
4.5,0,11,13,45
4.5,0,11,14,46
4.5,0,11,15,46
4.5,0,12,0,43
4.5,0,12,1,43
4.5,0,12,2,43
4.5,0,12,3,44
4.5,0,12,4,44
4.5,0,12,5,44
4.5,0,12,6,44
4.5,0,12,7,44
4.5,0,12,8,45
4.5,0,12,9,45
4.5,0,12,10,45
4.5,0,12,11,45
4.5,0,12,12,45
4.5,0,12,13,46
4.5,0,12,14,46
4.5,0,12,15,46
4.5,0,13,0,43
4.5,0,13,1,43
4.5,0,13,2,44
4.5,0,13,3,44
4.5,0,13,4,44
4.5,0,13,5,44
4.5,0,13,6,44
4.5,0,13,7,45
4.5,0,13,8,45
4.5,0,13,9,45
4.5,0,13,10,45
4.5,0,13,11,45
4.5,0,13,12,46
4.5,0,13,13,46
4.5,0,13,14,46
4.5,0,13,15,46
4.5,0,14,0,43
4.5,0,14,1,44
4.5,0,14,2,44
4.5,0,14,3,44
4.5,0,14,4,44
4.5,0,14,5,44
4.5,0,14,6,45
4.5,0,14,7,45
4.5,0,14,8,45
4.5,0,14,9,45
4.5,0,14,10,46
4.5,0,14,11,46
4.5,0,14,12,46
4.5,0,14,13,46
4.5,0,14,14,46
4.5,0,14,15,47
4.5,0,15,0,44
4.5,0,15,1,44
4.5,0,15,2,44
4.5,0,15,3,44
4.5,0,15,4,44
4.5,0,15,5,45
4.5,0,15,6,45
4.5,0,15,7,45
4.5,0,15,8,45
4.5,0,15,9,46
4.5,0,15,10,46
4.5,0,15,11,46
4.5,0,15,12,46
4.5,0,15,13,46
4.5,0,15,14,47
4.5,0,15,15,47
4.5,1,0,0,41
4.5,1,0,1,41
4.5,1,0,2,41
4.5,1,0,3,41
4.5,1,0,4,42
4.5,1,0,5,42
4.5,1,0,6,42
4.5,1,0,7,42
4.5,1,0,8,42
4.5,1,0,9,43
4.5,1,0,10,43
4.5,1,0,11,43
4.5,1,0,12,43
4.5,1,0,13,43
4.5,1,0,14,44
4.5,1,0,15,44
4.5,1,1,0,41
4.5,1,1,1,41
4.5,1,1,2,41
4.5,1,1,3,42
4.5,1,1,4,42
4.5,1,1,5,42
4.5,1,1,6,42
4.5,1,1,7,42
4.5,1,1,8,43
4.5,1,1,9,43
4.5,1,1,10,43
4.5,1,1,11,43
4.5,1,1,12,43
4.5,1,1,13,44
4.5,1,1,14,44
4.5,1,1,15,44
4.5,1,2,0,41
4.5,1,2,1,42
4.5,1,2,2,42
4.5,1,2,3,42
4.5,1,2,4,42
4.5,1,2,5,42
4.5,1,2,6,43
4.5,1,2,7,43
4.5,1,2,8,43
4.5,1,2,9,43
4.5,1,2,10,43
4.5,1,2,11,43
4.5,1,2,12,44
4.5,1,2,13,44
4.5,1,2,14,44
4.5,1,2,15,44
4.5,1,3,0,42
4.5,1,3,1,42
4.5,1,3,2,42
4.5,1,3,3,42
4.5,1,3,4,42
4.5,1,3,5,43
4.5,1,3,6,43
4.5,1,3,7,43
4.5,1,3,8,43
4.5,1,3,9,43
4.5,1,3,10,44
4.5,1,3,11,44
4.5,1,3,12,44
4.5,1,3,13,44
4.5,1,3,14,44
4.5,1,3,15,45
4.5,1,4,0,42
4.5,1,4,1,42
4.5,1,4,2,42
4.5,1,4,3,42
4.5,1,4,4,43
4.5,1,4,5,43
4.5,1,4,6,43
4.5,1,4,7,43
4.5,1,4,8,43
4.5,1,4,9,44
4.5,1,4,10,44
4.5,1,4,11,44
4.5,1,4,12,44
4.5,1,4,13,44
4.5,1,4,14,45
4.5,1,4,15,45
4.5,1,5,0,42
4.5,1,5,1,42
4.5,1,5,2,42
4.5,1,5,3,43
4.5,1,5,4,43
4.5,1,5,5,43
4.5,1,5,6,43
4.5,1,5,7,43
4.5,1,5,8,44
4.5,1,5,9,44
4.5,1,5,10,44
4.5,1,5,11,44
4.5,1,5,12,44
4.5,1,5,13,45
4.5,1,5,14,45
4.5,1,5,15,45
4.5,1,6,0,42
4.5,1,6,1,42
4.5,1,6,2,43
4.5,1,6,3,43
4.5,1,6,4,43
4.5,1,6,5,43
4.5,1,6,6,44
4.5,1,6,7,44
4.5,1,6,8,44
4.5,1,6,9,44
4.5,1,6,10,44
4.5,1,6,11,45
4.5,1,6,12,45
4.5,1,6,13,45
4.5,1,6,14,45
4.5,1,6,15,45
4.5,1,7,0,43
4.5,1,7,1,43
4.5,1,7,2,43
4.5,1,7,3,43
4.5,1,7,4,43
4.5,1,7,5,44
4.5,1,7,6,44
4.5,1,7,7,44
4.5,1,7,8,44
4.5,1,7,9,44
4.5,1,7,10,45
4.5,1,7,11,45
4.5,1,7,12,45
4.5,1,7,13,45
4.5,1,7,14,45
4.5,1,7,15,46
4.5,1,8,0,43
4.5,1,8,1,43
4.5,1,8,2,43
4.5,1,8,3,43
4.5,1,8,4,44
4.5,1,8,5,44
4.5,1,8,6,44
4.5,1,8,7,44
4.5,1,8,8,44
4.5,1,8,9,45
4.5,1,8,10,45
4.5,1,8,11,45
4.5,1,8,12,45
4.5,1,8,13,45
4.5,1,8,14,46
4.5,1,8,15,46
4.5,1,9,0,43
4.5,1,9,1,43
4.5,1,9,2,43
4.5,1,9,3,44
4.5,1,9,4,44
4.5,1,9,5,44
4.5,1,9,6,44
4.5,1,9,7,44
4.5,1,9,8,45
4.5,1,9,9,45
4.5,1,9,10,45
4.5,1,9,11,45
4.5,1,9,12,45
4.5,1,9,13,46
4.5,1,9,14,46
4.5,1,9,15,46
4.5,1,10,0,43
4.5,1,10,1,43
4.5,1,10,2,44
4.5,1,10,3,44
4.5,1,10,4,44
4.5,1,10,5,44
4.5,1,10,6,44
4.5,1,10,7,45
4.5,1,10,8,45
4.5,1,10,9,45
4.5,1,10,10,45
4.5,1,10,11,46
4.5,1,10,12,46
4.5,1,10,13,46
4.5,1,10,14,46
4.5,1,10,15,46
4.5,1,11,0,43
4.5,1,11,1,44
4.5,1,11,2,44
4.5,1,11,3,44
4.5,1,11,4,44
4.5,1,11,5,45
4.5,1,11,6,45
4.5,1,11,7,45
4.5,1,11,8,45
4.5,1,11,9,45
4.5,1,11,10,46
4.5,1,11,11,46
4.5,1,11,12,46
4.5,1,11,13,46
4.5,1,11,14,46
4.5,1,11,15,47
4.5,1,12,0,44
4.5,1,12,1,44
4.5,1,12,2,44
4.5,1,12,3,44
4.5,1,12,4,45
4.5,1,12,5,45
4.5,1,12,6,45
4.5,1,12,7,45
4.5,1,12,8,45
4.5,1,12,9,46
4.5,1,12,10,46
4.5,1,12,11,46
4.5,1,12,12,46
4.5,1,12,13,46
4.5,1,12,14,47
4.5,1,12,15,47
4.5,1,13,0,44
4.5,1,13,1,44
4.5,1,13,2,44
4.5,1,13,3,45
4.5,1,13,4,45
4.5,1,13,5,45
4.5,1,13,6,45
4.5,1,13,7,45
4.5,1,13,8,46
4.5,1,13,9,46
4.5,1,13,10,46
4.5,1,13,11,46
4.5,1,13,12,46
4.5,1,13,13,47
4.5,1,13,14,47
4.5,1,13,15,47
4.5,1,14,0,44
4.5,1,14,1,44
4.5,1,14,2,45
4.5,1,14,3,45
4.5,1,14,4,45
4.5,1,14,5,45
4.5,1,14,6,45
4.5,1,14,7,46
4.5,1,14,8,46
4.5,1,14,9,46
4.5,1,14,10,46
4.5,1,14,11,46
4.5,1,14,12,47
4.5,1,14,13,47
4.5,1,14,14,47
4.5,1,14,15,47
4.5,1,15,0,44
4.5,1,15,1,45
4.5,1,15,2,45
4.5,1,15,3,45
4.5,1,15,4,45
4.5,1,15,5,45
4.5,1,15,6,46
4.5,1,15,7,46
4.5,1,15,8,46
4.5,1,15,9,46
4.5,1,15,10,47
4.5,1,15,11,47
4.5,1,15,12,47
4.5,1,15,13,47
4.5,1,15,14,47
4.5,1,15,15,48
4.5,2,0,0,41
4.5,2,0,1,42
4.5,2,0,2,42
4.5,2,0,3,42
4.5,2,0,4,42
4.5,2,0,5,43
4.5,2,0,6,43
4.5,2,0,7,43
4.5,2,0,8,43
4.5,2,0,9,43
4.5,2,0,10,44
4.5,2,0,11,44
4.5,2,0,12,44
4.5,2,0,13,44
4.5,2,0,14,44
4.5,2,0,15,44
4.5,2,1,0,42
4.5,2,1,1,42
4.5,2,1,2,42
4.5,2,1,3,42
4.5,2,1,4,43
4.5,2,1,5,43
4.5,2,1,6,43
4.5,2,1,7,43
4.5,2,1,8,43
4.5,2,1,9,44
4.5,2,1,10,44
4.5,2,1,11,44
4.5,2,1,12,44
4.5,2,1,13,44
4.5,2,1,14,45
4.5,2,1,15,45
4.5,2,2,0,42
4.5,2,2,1,42
4.5,2,2,2,42
4.5,2,2,3,43
4.5,2,2,4,43
4.5,2,2,5,43
4.5,2,2,6,43
4.5,2,2,7,43
4.5,2,2,8,44
4.5,2,2,9,44
4.5,2,2,10,44
4.5,2,2,11,44
4.5,2,2,12,44
4.5,2,2,13,45
4.5,2,2,14,45
4.5,2,2,15,45
4.5,2,3,0,42
4.5,2,3,1,42
4.5,2,3,2,43
4.5,2,3,3,43
4.5,2,3,4,43
4.5,2,3,5,43
4.5,2,3,6,43
4.5,2,3,7,44
4.5,2,3,8,44
4.5,2,3,9,44
4.5,2,3,10,44
4.5,2,3,11,44
4.5,2,3,12,45
4.5,2,3,13,45
4.5,2,3,14,45
4.5,2,3,15,45
4.5,2,4,0,42
4.5,2,4,1,43
4.5,2,4,2,43
4.5,2,4,3,43
4.5,2,4,4,43
4.5,2,4,5,44
4.5,2,4,6,44
4.5,2,4,7,44
4.5,2,4,8,44
4.5,2,4,9,44
4.5,2,4,10,45
4.5,2,4,11,45
4.5,2,4,12,45
4.5,2,4,13,45
4.5,2,4,14,45
4.5,2,4,15,46
4.5,2,5,0,43
4.5,2,5,1,43
4.5,2,5,2,43
4.5,2,5,3,43
4.5,2,5,4,44
4.5,2,5,5,44
4.5,2,5,6,44
4.5,2,5,7,44
4.5,2,5,8,44
4.5,2,5,9,45
4.5,2,5,10,45
4.5,2,5,11,45
4.5,2,5,12,45
4.5,2,5,13,45
4.5,2,5,14,46
4.5,2,5,15,46
4.5,2,6,0,43
4.5,2,6,1,43
4.5,2,6,2,43
4.5,2,6,3,44
4.5,2,6,4,44
4.5,2,6,5,44
4.5,2,6,6,44
4.5,2,6,7,44
4.5,2,6,8,45
4.5,2,6,9,45
4.5,2,6,10,45
4.5,2,6,11,45
4.5,2,6,12,45
4.5,2,6,13,46
4.5,2,6,14,46
4.5,2,6,15,46
4.5,2,7,0,43
4.5,2,7,1,43
4.5,2,7,2,44
4.5,2,7,3,44
4.5,2,7,4,44
4.5,2,7,5,44
4.5,2,7,6,44
4.5,2,7,7,45
4.5,2,7,8,45
4.5,2,7,9,45
4.5,2,7,10,45
4.5,2,7,11,46
4.5,2,7,12,46
4.5,2,7,13,46
4.5,2,7,14,46
4.5,2,7,15,46
4.5,2,8,0,43
4.5,2,8,1,44
4.5,2,8,2,44
4.5,2,8,3,44
4.5,2,8,4,44
4.5,2,8,5,45
4.5,2,8,6,45
4.5,2,8,7,45
4.5,2,8,8,45
4.5,2,8,9,45
4.5,2,8,10,46
4.5,2,8,11,46
4.5,2,8,12,46
4.5,2,8,13,46
4.5,2,8,14,46
4.5,2,8,15,47
4.5,2,9,0,44
4.5,2,9,1,44
4.5,2,9,2,44
4.5,2,9,3,44
4.5,2,9,4,45
4.5,2,9,5,45
4.5,2,9,6,45
4.5,2,9,7,45
4.5,2,9,8,45
4.5,2,9,9,46
4.5,2,9,10,46
4.5,2,9,11,46
4.5,2,9,12,46
4.5,2,9,13,46
4.5,2,9,14,47
4.5,2,9,15,47
4.5,2,10,0,44
4.5,2,10,1,44
4.5,2,10,2,44
4.5,2,10,3,45
4.5,2,10,4,45
4.5,2,10,5,45
4.5,2,10,6,45
4.5,2,10,7,45
4.5,2,10,8,46
4.5,2,10,9,46
4.5,2,10,10,46
4.5,2,10,11,46
4.5,2,10,12,46
4.5,2,10,13,47
4.5,2,10,14,47
4.5,2,10,15,47
4.5,2,11,0,44
4.5,2,11,1,44
4.5,2,11,2,45
4.5,2,11,3,45
4.5,2,11,4,45
4.5,2,11,5,45
4.5,2,11,6,45
4.5,2,11,7,46
4.5,2,11,8,46
4.5,2,11,9,46
4.5,2,11,10,46
4.5,2,11,11,47
4.5,2,11,12,47
4.5,2,11,13,47
4.5,2,11,14,47
4.5,2,11,15,47
4.5,2,12,0,44
4.5,2,12,1,45
4.5,2,12,2,45
4.5,2,12,3,45
4.5,2,12,4,45
4.5,2,12,5,46
4.5,2,12,6,46
4.5,2,12,7,46
4.5,2,12,8,46
4.5,2,12,9,46
4.5,2,12,10,47
4.5,2,12,11,47
4.5,2,12,12,47
4.5,2,12,13,47
4.5,2,12,14,47
4.5,2,12,15,48
4.5,2,13,0,45
4.5,2,13,1,45
4.5,2,13,2,45
4.5,2,13,3,45
4.5,2,13,4,46
4.5,2,13,5,46
4.5,2,13,6,46
4.5,2,13,7,46
4.5,2,13,8,46
4.5,2,13,9,47
4.5,2,13,10,47
4.5,2,13,11,47
4.5,2,13,12,47
4.5,2,13,13,47
4.5,2,13,14,48
4.5,2,13,15,48
4.5,2,14,0,45
4.5,2,14,1,45
4.5,2,14,2,45
4.5,2,14,3,46
4.5,2,14,4,46
4.5,2,14,5,46
4.5,2,14,6,46
4.5,2,14,7,46
4.5,2,14,8,47
4.5,2,14,9,47
4.5,2,14,10,47
4.5,2,14,11,47
4.5,2,14,12,47
4.5,2,14,13,48
4.5,2,14,14,48
4.5,2,14,15,48
4.5,2,15,0,45
4.5,2,15,1,45
4.5,2,15,2,46
4.5,2,15,3,46
4.5,2,15,4,46
4.5,2,15,5,46
4.5,2,15,6,46
4.5,2,15,7,47
4.5,2,15,8,47
4.5,2,15,9,47
4.5,2,15,10,47
4.5,2,15,11,48
4.5,2,15,12,48
4.5,2,15,13,48
4.5,2,15,14,48
4.5,2,15,15,48
4.5,3,0,0,42
4.5,3,0,1,42
4.5,3,0,2,43
4.5,3,0,3,43
4.5,3,0,4,43
4.5,3,0,5,43
4.5,3,0,6,43
4.5,3,0,7,44
4.5,3,0,8,44
4.5,3,0,9,44
4.5,3,0,10,44
4.5,3,0,11,44
4.5,3,0,12,45
4.5,3,0,13,45
4.5,3,0,14,45
4.5,3,0,15,45
4.5,3,1,0,42
4.5,3,1,1,43
4.5,3,1,2,43
4.5,3,1,3,43
4.5,3,1,4,43
4.5,3,1,5,43
4.5,3,1,6,44
4.5,3,1,7,44
4.5,3,1,8,44
4.5,3,1,9,44
4.5,3,1,10,44
4.5,3,1,11,45
4.5,3,1,12,45
4.5,3,1,13,45
4.5,3,1,14,45
4.5,3,1,15,45
4.5,3,2,0,43
4.5,3,2,1,43
4.5,3,2,2,43
4.5,3,2,3,43
4.5,3,2,4,44
4.5,3,2,5,44
4.5,3,2,6,44
4.5,3,2,7,44
4.5,3,2,8,44
4.5,3,2,9,45
4.5,3,2,10,45
4.5,3,2,11,45
4.5,3,2,12,45
4.5,3,2,13,45
4.5,3,2,14,46
4.5,3,2,15,46
4.5,3,3,0,43
4.5,3,3,1,43
4.5,3,3,2,43
4.5,3,3,3,44
4.5,3,3,4,44
4.5,3,3,5,44
4.5,3,3,6,44
4.5,3,3,7,44
4.5,3,3,8,45
4.5,3,3,9,45
4.5,3,3,10,45
4.5,3,3,11,45
4.5,3,3,12,45
4.5,3,3,13,46
4.5,3,3,14,46
4.5,3,3,15,46
4.5,3,4,0,43
4.5,3,4,1,43
4.5,3,4,2,44
4.5,3,4,3,44
4.5,3,4,4,44
4.5,3,4,5,44
4.5,3,4,6,44
4.5,3,4,7,45
4.5,3,4,8,45
4.5,3,4,9,45
4.5,3,4,10,45
4.5,3,4,11,45
4.5,3,4,12,46
4.5,3,4,13,46
4.5,3,4,14,46
4.5,3,4,15,46
4.5,3,5,0,43
4.5,3,5,1,44
4.5,3,5,2,44
4.5,3,5,3,44
4.5,3,5,4,44
4.5,3,5,5,45
4.5,3,5,6,45
4.5,3,5,7,45
4.5,3,5,8,45
4.5,3,5,9,45
4.5,3,5,10,46
4.5,3,5,11,46
4.5,3,5,12,46
4.5,3,5,13,46
4.5,3,5,14,46
4.5,3,5,15,47
4.5,3,6,0,44
4.5,3,6,1,44
4.5,3,6,2,44
4.5,3,6,3,44
4.5,3,6,4,45
4.5,3,6,5,45
4.5,3,6,6,45
4.5,3,6,7,45
4.5,3,6,8,45
4.5,3,6,9,46
4.5,3,6,10,46
4.5,3,6,11,46
4.5,3,6,12,46
4.5,3,6,13,46
4.5,3,6,14,47
4.5,3,6,15,47
4.5,3,7,0,44
4.5,3,7,1,44
4.5,3,7,2,44
4.5,3,7,3,45
4.5,3,7,4,45
4.5,3,7,5,45
4.5,3,7,6,45
4.5,3,7,7,45
4.5,3,7,8,46
4.5,3,7,9,46
4.5,3,7,10,46
4.5,3,7,11,46
4.5,3,7,12,46
4.5,3,7,13,47
4.5,3,7,14,47
4.5,3,7,15,47
4.5,3,8,0,44
4.5,3,8,1,44
4.5,3,8,2,45
4.5,3,8,3,45
4.5,3,8,4,45
4.5,3,8,5,45
4.5,3,8,6,45
4.5,3,8,7,46
4.5,3,8,8,46
4.5,3,8,9,46
4.5,3,8,10,46
4.5,3,8,11,47
4.5,3,8,12,47
4.5,3,8,13,47
4.5,3,8,14,47
4.5,3,8,15,47
4.5,3,9,0,44
4.5,3,9,1,45
4.5,3,9,2,45
4.5,3,9,3,45
4.5,3,9,4,45
4.5,3,9,5,46
4.5,3,9,6,46
4.5,3,9,7,46
4.5,3,9,8,46
4.5,3,9,9,46
4.5,3,9,10,47
4.5,3,9,11,47
4.5,3,9,12,47
4.5,3,9,13,47
4.5,3,9,14,47
4.5,3,9,15,48
4.5,3,10,0,45
4.5,3,10,1,45
4.5,3,10,2,45
4.5,3,10,3,45
4.5,3,10,4,46
4.5,3,10,5,46
4.5,3,10,6,46
4.5,3,10,7,46
4.5,3,10,8,46
4.5,3,10,9,47
4.5,3,10,10,47
4.5,3,10,11,47
4.5,3,10,12,47
4.5,3,10,13,47
4.5,3,10,14,48
4.5,3,10,15,48
4.5,3,11,0,45
4.5,3,11,1,45
4.5,3,11,2,45
4.5,3,11,3,46
4.5,3,11,4,46
4.5,3,11,5,46
4.5,3,11,6,46
4.5,3,11,7,46
4.5,3,11,8,47
4.5,3,11,9,47
4.5,3,11,10,47
4.5,3,11,11,47
4.5,3,11,12,48
4.5,3,11,13,48
4.5,3,11,14,48
4.5,3,11,15,48
4.5,3,12,0,45
4.5,3,12,1,45
4.5,3,12,2,46
4.5,3,12,3,46
4.5,3,12,4,46
4.5,3,12,5,46
4.5,3,12,6,46
4.5,3,12,7,47
4.5,3,12,8,47
4.5,3,12,9,47
4.5,3,12,10,47
4.5,3,12,11,48
4.5,3,12,12,48
4.5,3,12,13,48
4.5,3,12,14,48
4.5,3,12,15,48
4.5,3,13,0,45
4.5,3,13,1,46
4.5,3,13,2,46
4.5,3,13,3,46
4.5,3,13,4,46
4.5,3,13,5,47
4.5,3,13,6,47
4.5,3,13,7,47
4.5,3,13,8,47
4.5,3,13,9,47
4.5,3,13,10,48
4.5,3,13,11,48
4.5,3,13,12,48
4.5,3,13,13,48
4.5,3,13,14,48
4.5,3,13,15,49
4.5,3,14,0,46
4.5,3,14,1,46
4.5,3,14,2,46
4.5,3,14,3,46
4.5,3,14,4,47
4.5,3,14,5,47
4.5,3,14,6,47
4.5,3,14,7,47
4.5,3,14,8,47
4.5,3,14,9,48
4.5,3,14,10,48
4.5,3,14,11,48
4.5,3,14,12,48
4.5,3,14,13,48
4.5,3,14,14,49
4.5,3,14,15,49
4.5,3,15,0,46
4.5,3,15,1,46
4.5,3,15,2,46
4.5,3,15,3,47
4.5,3,15,4,47
4.5,3,15,5,47
4.5,3,15,6,47
4.5,3,15,7,47
4.5,3,15,8,48
4.5,3,15,9,48
4.5,3,15,10,48
4.5,3,15,11,48
4.5,3,15,12,49
4.5,3,15,13,49
4.5,3,15,14,49
4.5,3,15,15,49
4.5,4,0,0,43
4.5,4,0,1,43
4.5,4,0,2,43
4.5,4,0,3,44
4.5,4,0,4,44
4.5,4,0,5,44
4.5,4,0,6,44
4.5,4,0,7,44
4.5,4,0,8,45
4.5,4,0,9,45
4.5,4,0,10,45
4.5,4,0,11,45
4.5,4,0,12,45
4.5,4,0,13,46
4.5,4,0,14,46
4.5,4,0,15,46
4.5,4,1,0,43
4.5,4,1,1,43
4.5,4,1,2,44
4.5,4,1,3,44
4.5,4,1,4,44
4.5,4,1,5,44
4.5,4,1,6,44
4.5,4,1,7,45
4.5,4,1,8,45
4.5,4,1,9,45
4.5,4,1,10,45
4.5,4,1,11,45
4.5,4,1,12,46
4.5,4,1,13,46
4.5,4,1,14,46
4.5,4,1,15,46
4.5,4,2,0,43
4.5,4,2,1,44
4.5,4,2,2,44
4.5,4,2,3,44
4.5,4,2,4,44
4.5,4,2,5,44
4.5,4,2,6,45
4.5,4,2,7,45
4.5,4,2,8,45
4.5,4,2,9,45
4.5,4,2,10,45
4.5,4,2,11,46
4.5,4,2,12,46
4.5,4,2,13,46
4.5,4,2,14,46
4.5,4,2,15,47
4.5,4,3,0,44
4.5,4,3,1,44
4.5,4,3,2,44
4.5,4,3,3,44
4.5,4,3,4,45
4.5,4,3,5,45
4.5,4,3,6,45
4.5,4,3,7,45
4.5,4,3,8,45
4.5,4,3,9,46
4.5,4,3,10,46
4.5,4,3,11,46
4.5,4,3,12,46
4.5,4,3,13,46
4.5,4,3,14,47
4.5,4,3,15,47
4.5,4,4,0,44
4.5,4,4,1,44
4.5,4,4,2,44
4.5,4,4,3,45
4.5,4,4,4,45
4.5,4,4,5,45
4.5,4,4,6,45
4.5,4,4,7,45
4.5,4,4,8,46
4.5,4,4,9,46
4.5,4,4,10,46
4.5,4,4,11,46
4.5,4,4,12,46
4.5,4,4,13,47
4.5,4,4,14,47
4.5,4,4,15,47
4.5,4,5,0,44
4.5,4,5,1,44
4.5,4,5,2,45
4.5,4,5,3,45
4.5,4,5,4,45
4.5,4,5,5,45
4.5,4,5,6,45
4.5,4,5,7,46
4.5,4,5,8,46
4.5,4,5,9,46
4.5,4,5,10,46
4.5,4,5,11,47
4.5,4,5,12,47
4.5,4,5,13,47
4.5,4,5,14,47
4.5,4,5,15,47
4.5,4,6,0,44
4.5,4,6,1,45
4.5,4,6,2,45
4.5,4,6,3,45
4.5,4,6,4,45
4.5,4,6,5,45
4.5,4,6,6,46
4.5,4,6,7,46
4.5,4,6,8,46
4.5,4,6,9,46
4.5,4,6,10,47
4.5,4,6,11,47
4.5,4,6,12,47
4.5,4,6,13,47
4.5,4,6,14,47
4.5,4,6,15,48
4.5,4,7,0,45
4.5,4,7,1,45
4.5,4,7,2,45
4.5,4,7,3,45
4.5,4,7,4,46
4.5,4,7,5,46
4.5,4,7,6,46
4.5,4,7,7,46
4.5,4,7,8,46
4.5,4,7,9,47
4.5,4,7,10,47
4.5,4,7,11,47
4.5,4,7,12,47
4.5,4,7,13,47
4.5,4,7,14,48
4.5,4,7,15,48
4.5,4,8,0,45
4.5,4,8,1,45
4.5,4,8,2,45
4.5,4,8,3,46
4.5,4,8,4,46
4.5,4,8,5,46
4.5,4,8,6,46
4.5,4,8,7,46
4.5,4,8,8,47
4.5,4,8,9,47
4.5,4,8,10,47
4.5,4,8,11,47
4.5,4,8,12,48
4.5,4,8,13,48
4.5,4,8,14,48
4.5,4,8,15,48
4.5,4,9,0,45
4.5,4,9,1,45
4.5,4,9,2,46
4.5,4,9,3,46
4.5,4,9,4,46
4.5,4,9,5,46
4.5,4,9,6,46
4.5,4,9,7,47
4.5,4,9,8,47
4.5,4,9,9,47
4.5,4,9,10,47
4.5,4,9,11,48
4.5,4,9,12,48
4.5,4,9,13,48
4.5,4,9,14,48
4.5,4,9,15,48
4.5,4,10,0,45
4.5,4,10,1,46
4.5,4,10,2,46
4.5,4,10,3,46
4.5,4,10,4,46
4.5,4,10,5,47
4.5,4,10,6,47
4.5,4,10,7,47
4.5,4,10,8,47
4.5,4,10,9,47
4.5,4,10,10,48
4.5,4,10,11,48
4.5,4,10,12,48
4.5,4,10,13,48
4.5,4,10,14,48
4.5,4,10,15,49
4.5,4,11,0,46
4.5,4,11,1,46
4.5,4,11,2,46
4.5,4,11,3,46
4.5,4,11,4,47
4.5,4,11,5,47
4.5,4,11,6,47
4.5,4,11,7,47
4.5,4,11,8,47
4.5,4,11,9,48
4.5,4,11,10,48
4.5,4,11,11,48
4.5,4,11,12,48
4.5,4,11,13,49
4.5,4,11,14,49
4.5,4,11,15,49
4.5,4,12,0,46
4.5,4,12,1,46
4.5,4,12,2,46
4.5,4,12,3,47
4.5,4,12,4,47
4.5,4,12,5,47
4.5,4,12,6,47
4.5,4,12,7,47
4.5,4,12,8,48
4.5,4,12,9,48
4.5,4,12,10,48
4.5,4,12,11,48
4.5,4,12,12,49
4.5,4,12,13,49
4.5,4,12,14,49
4.5,4,12,15,49
4.5,4,13,0,46
4.5,4,13,1,46
4.5,4,13,2,47
4.5,4,13,3,47
4.5,4,13,4,47
4.5,4,13,5,47
4.5,4,13,6,47
4.5,4,13,7,48
4.5,4,13,8,48
4.5,4,13,9,48
4.5,4,13,10,48
4.5,4,13,11,49
4.5,4,13,12,49
4.5,4,13,13,49
4.5,4,13,14,49
4.5,4,13,15,49
4.5,4,14,0,46
4.5,4,14,1,47
4.5,4,14,2,47
4.5,4,14,3,47
4.5,4,14,4,47
4.5,4,14,5,48
4.5,4,14,6,48
4.5,4,14,7,48
4.5,4,14,8,48
4.5,4,14,9,48
4.5,4,14,10,49
4.5,4,14,11,49
4.5,4,14,12,49
4.5,4,14,13,49
4.5,4,14,14,49
4.5,4,14,15,50
4.5,4,15,0,47
4.5,4,15,1,47
4.5,4,15,2,47
4.5,4,15,3,47
4.5,4,15,4,48
4.5,4,15,5,48
4.5,4,15,6,48
4.5,4,15,7,48
4.5,4,15,8,48
4.5,4,15,9,49
4.5,4,15,10,49
4.5,4,15,11,49
4.5,4,15,12,49
4.5,4,15,13,50
4.5,4,15,14,50
4.5,4,15,15,50
4.5,5,0,0,44
4.5,5,0,1,44
4.5,5,0,2,44
4.5,5,0,3,44
4.5,5,0,4,44
4.5,5,0,5,45
4.5,5,0,6,45
4.5,5,0,7,45
4.5,5,0,8,45
4.5,5,0,9,45
4.5,5,0,10,46
4.5,5,0,11,46
4.5,5,0,12,46
4.5,5,0,13,46
4.5,5,0,14,46
4.5,5,0,15,47
4.5,5,1,0,44
4.5,5,1,1,44
4.5,5,1,2,44
4.5,5,1,3,44
4.5,5,1,4,45
4.5,5,1,5,45
4.5,5,1,6,45
4.5,5,1,7,45
4.5,5,1,8,46
4.5,5,1,9,46
4.5,5,1,10,46
4.5,5,1,11,46
4.5,5,1,12,46
4.5,5,1,13,47
4.5,5,1,14,47
4.5,5,1,15,47
4.5,5,2,0,44
4.5,5,2,1,44
4.5,5,2,2,45
4.5,5,2,3,45
4.5,5,2,4,45
4.5,5,2,5,45
4.5,5,2,6,45
4.5,5,2,7,46
4.5,5,2,8,46
4.5,5,2,9,46
4.5,5,2,10,46
4.5,5,2,11,46
4.5,5,2,12,47
4.5,5,2,13,47
4.5,5,2,14,47
4.5,5,2,15,47
4.5,5,3,0,44
4.5,5,3,1,45
4.5,5,3,2,45
4.5,5,3,3,45
4.5,5,3,4,45
4.5,5,3,5,45
4.5,5,3,6,46
4.5,5,3,7,46
4.5,5,3,8,46
4.5,5,3,9,46
4.5,5,3,10,46
4.5,5,3,11,47
4.5,5,3,12,47
4.5,5,3,13,47
4.5,5,3,14,47
4.5,5,3,15,48
4.5,5,4,0,45
4.5,5,4,1,45
4.5,5,4,2,45
4.5,5,4,3,45
4.5,5,4,4,45
4.5,5,4,5,46
4.5,5,4,6,46
4.5,5,4,7,46
4.5,5,4,8,46
4.5,5,4,9,47
4.5,5,4,10,47
4.5,5,4,11,47
4.5,5,4,12,47
4.5,5,4,13,47
4.5,5,4,14,48
4.5,5,4,15,48
4.5,5,5,0,45
4.5,5,5,1,45
4.5,5,5,2,45
4.5,5,5,3,46
4.5,5,5,4,46
4.5,5,5,5,46
4.5,5,5,6,46
4.5,5,5,7,46
4.5,5,5,8,47
4.5,5,5,9,47
4.5,5,5,10,47
4.5,5,5,11,47
4.5,5,5,12,47
4.5,5,5,13,48
4.5,5,5,14,48
4.5,5,5,15,48
4.5,5,6,0,45
4.5,5,6,1,45
4.5,5,6,2,46
4.5,5,6,3,46
4.5,5,6,4,46
4.5,5,6,5,46
4.5,5,6,6,46
4.5,5,6,7,47
4.5,5,6,8,47
4.5,5,6,9,47
4.5,5,6,10,47
4.5,5,6,11,48
4.5,5,6,12,48
4.5,5,6,13,48
4.5,5,6,14,48
4.5,5,6,15,48
4.5,5,7,0,45
4.5,5,7,1,46
4.5,5,7,2,46
4.5,5,7,3,46
4.5,5,7,4,46
4.5,5,7,5,46
4.5,5,7,6,47
4.5,5,7,7,47
4.5,5,7,8,47
4.5,5,7,9,47
4.5,5,7,10,48
4.5,5,7,11,48
4.5,5,7,12,48
4.5,5,7,13,48
4.5,5,7,14,48
4.5,5,7,15,49
4.5,5,8,0,46
4.5,5,8,1,46
4.5,5,8,2,46
4.5,5,8,3,46
4.5,5,8,4,47
4.5,5,8,5,47
4.5,5,8,6,47
4.5,5,8,7,47
4.5,5,8,8,47
4.5,5,8,9,48
4.5,5,8,10,48
4.5,5,8,11,48
4.5,5,8,12,48
4.5,5,8,13,48
4.5,5,8,14,49
4.5,5,8,15,49
4.5,5,9,0,46
4.5,5,9,1,46
4.5,5,9,2,46
4.5,5,9,3,47
4.5,5,9,4,47
4.5,5,9,5,47
4.5,5,9,6,47
4.5,5,9,7,47
4.5,5,9,8,48
4.5,5,9,9,48
4.5,5,9,10,48
4.5,5,9,11,48
4.5,5,9,12,49
4.5,5,9,13,49
4.5,5,9,14,49
4.5,5,9,15,49
4.5,5,10,0,46
4.5,5,10,1,46
4.5,5,10,2,47
4.5,5,10,3,47
4.5,5,10,4,47
4.5,5,10,5,47
4.5,5,10,6,47
4.5,5,10,7,48
4.5,5,10,8,48
4.5,5,10,9,48
4.5,5,10,10,48
4.5,5,10,11,49
4.5,5,10,12,49
4.5,5,10,13,49
4.5,5,10,14,49
4.5,5,10,15,49
4.5,5,11,0,46
4.5,5,11,1,47
4.5,5,11,2,47
4.5,5,11,3,47
4.5,5,11,4,47
4.5,5,11,5,48
4.5,5,11,6,48
4.5,5,11,7,48
4.5,5,11,8,48
4.5,5,11,9,48
4.5,5,11,10,49
4.5,5,11,11,49
4.5,5,11,12,49
4.5,5,11,13,49
4.5,5,11,14,50
4.5,5,11,15,50
4.5,5,12,0,47
4.5,5,12,1,47
4.5,5,12,2,47
4.5,5,12,3,47
4.5,5,12,4,48
4.5,5,12,5,48
4.5,5,12,6,48
4.5,5,12,7,48
4.5,5,12,8,48
4.5,5,12,9,49
4.5,5,12,10,49
4.5,5,12,11,49
4.5,5,12,12,49
4.5,5,12,13,50
4.5,5,12,14,50
4.5,5,12,15,50
4.5,5,13,0,47
4.5,5,13,1,47
4.5,5,13,2,47
4.5,5,13,3,48
4.5,5,13,4,48
4.5,5,13,5,48
4.5,5,13,6,48
4.5,5,13,7,48
4.5,5,13,8,49
4.5,5,13,9,49
4.5,5,13,10,49
4.5,5,13,11,49
4.5,5,13,12,50
4.5,5,13,13,50
4.5,5,13,14,50
4.5,5,13,15,50
4.5,5,14,0,47
4.5,5,14,1,47
4.5,5,14,2,48
4.5,5,14,3,48
4.5,5,14,4,48
4.5,5,14,5,48
4.5,5,14,6,49
4.5,5,14,7,49
4.5,5,14,8,49
4.5,5,14,9,49
4.5,5,14,10,49
4.5,5,14,11,50
4.5,5,14,12,50
4.5,5,14,13,50
4.5,5,14,14,50
4.5,5,14,15,51
4.5,5,15,0,47
4.5,5,15,1,48
4.5,5,15,2,48
4.5,5,15,3,48
4.5,5,15,4,48
4.5,5,15,5,49
4.5,5,15,6,49
4.5,5,15,7,49
4.5,5,15,8,49
4.5,5,15,9,49
4.5,5,15,10,50
4.5,5,15,11,50
4.5,5,15,12,50
4.5,5,15,13,50
4.5,5,15,14,51
4.5,5,15,15,51
4.5,6,0,0,44
4.5,6,0,1,44
4.5,6,0,2,45
4.5,6,0,3,45
4.5,6,0,4,45
4.5,6,0,5,45
4.5,6,0,6,46
4.5,6,0,7,46
4.5,6,0,8,46
4.5,6,0,9,46
4.5,6,0,10,46
4.5,6,0,11,47
4.5,6,0,12,47
4.5,6,0,13,47
4.5,6,0,14,47
4.5,6,0,15,47
4.5,6,1,0,45
4.5,6,1,1,45
4.5,6,1,2,45
4.5,6,1,3,45
4.5,6,1,4,45
4.5,6,1,5,46
4.5,6,1,6,46
4.5,6,1,7,46
4.5,6,1,8,46
4.5,6,1,9,46
4.5,6,1,10,47
4.5,6,1,11,47
4.5,6,1,12,47
4.5,6,1,13,47
4.5,6,1,14,48
4.5,6,1,15,48
4.5,6,2,0,45
4.5,6,2,1,45
4.5,6,2,2,45
4.5,6,2,3,45
4.5,6,2,4,46
4.5,6,2,5,46
4.5,6,2,6,46
4.5,6,2,7,46
4.5,6,2,8,47
4.5,6,2,9,47
4.5,6,2,10,47
4.5,6,2,11,47
4.5,6,2,12,47
4.5,6,2,13,48
4.5,6,2,14,48
4.5,6,2,15,48
4.5,6,3,0,45
4.5,6,3,1,45
4.5,6,3,2,45
4.5,6,3,3,46
4.5,6,3,4,46
4.5,6,3,5,46
4.5,6,3,6,46
4.5,6,3,7,47
4.5,6,3,8,47
4.5,6,3,9,47
4.5,6,3,10,47
4.5,6,3,11,47
4.5,6,3,12,48
4.5,6,3,13,48
4.5,6,3,14,48
4.5,6,3,15,48
4.5,6,4,0,45
4.5,6,4,1,46
4.5,6,4,2,46
4.5,6,4,3,46
4.5,6,4,4,46
4.5,6,4,5,46
4.5,6,4,6,47
4.5,6,4,7,47
4.5,6,4,8,47
4.5,6,4,9,47
4.5,6,4,10,48
4.5,6,4,11,48
4.5,6,4,12,48
4.5,6,4,13,48
4.5,6,4,14,48
4.5,6,4,15,49
4.5,6,5,0,46
4.5,6,5,1,46
4.5,6,5,2,46
4.5,6,5,3,46
4.5,6,5,4,46
4.5,6,5,5,47
4.5,6,5,6,47
4.5,6,5,7,47
4.5,6,5,8,47
4.5,6,5,9,48
4.5,6,5,10,48
4.5,6,5,11,48
4.5,6,5,12,48
4.5,6,5,13,48
4.5,6,5,14,49
4.5,6,5,15,49
4.5,6,6,0,46
4.5,6,6,1,46
4.5,6,6,2,46
4.5,6,6,3,47
4.5,6,6,4,47
4.5,6,6,5,47
4.5,6,6,6,47
4.5,6,6,7,47
4.5,6,6,8,48
4.5,6,6,9,48
4.5,6,6,10,48
4.5,6,6,11,48
4.5,6,6,12,48
4.5,6,6,13,49
4.5,6,6,14,49
4.5,6,6,15,49
4.5,6,7,0,46
4.5,6,7,1,46
4.5,6,7,2,47
4.5,6,7,3,47
4.5,6,7,4,47
4.5,6,7,5,47
4.5,6,7,6,47
4.5,6,7,7,48
4.5,6,7,8,48
4.5,6,7,9,48
4.5,6,7,10,48
4.5,6,7,11,49
4.5,6,7,12,49
4.5,6,7,13,49
4.5,6,7,14,49
4.5,6,7,15,49
4.5,6,8,0,46
4.5,6,8,1,47
4.5,6,8,2,47
4.5,6,8,3,47
4.5,6,8,4,47
4.5,6,8,5,47
4.5,6,8,6,48
4.5,6,8,7,48
4.5,6,8,8,48
4.5,6,8,9,48
4.5,6,8,10,49
4.5,6,8,11,49
4.5,6,8,12,49
4.5,6,8,13,49
4.5,6,8,14,49
4.5,6,8,15,50
4.5,6,9,0,47
4.5,6,9,1,47
4.5,6,9,2,47
4.5,6,9,3,47
4.5,6,9,4,48
4.5,6,9,5,48
4.5,6,9,6,48
4.5,6,9,7,48
4.5,6,9,8,48
4.5,6,9,9,49
4.5,6,9,10,49
4.5,6,9,11,49
4.5,6,9,12,49
4.5,6,9,13,50
4.5,6,9,14,50
4.5,6,9,15,50
4.5,6,10,0,47
4.5,6,10,1,47
4.5,6,10,2,47
4.5,6,10,3,48
4.5,6,10,4,48
4.5,6,10,5,48
4.5,6,10,6,48
4.5,6,10,7,48
4.5,6,10,8,49
4.5,6,10,9,49
4.5,6,10,10,49
4.5,6,10,11,49
4.5,6,10,12,50
4.5,6,10,13,50
4.5,6,10,14,50
4.5,6,10,15,50
4.5,6,11,0,47
4.5,6,11,1,47
4.5,6,11,2,48
4.5,6,11,3,48
4.5,6,11,4,48
4.5,6,11,5,48
4.5,6,11,6,49
4.5,6,11,7,49
4.5,6,11,8,49
4.5,6,11,9,49
4.5,6,11,10,49
4.5,6,11,11,50
4.5,6,11,12,50
4.5,6,11,13,50
4.5,6,11,14,50
4.5,6,11,15,51
4.5,6,12,0,47
4.5,6,12,1,48
4.5,6,12,2,48
4.5,6,12,3,48
4.5,6,12,4,48
4.5,6,12,5,49
4.5,6,12,6,49
4.5,6,12,7,49
4.5,6,12,8,49
4.5,6,12,9,49
4.5,6,12,10,50
4.5,6,12,11,50
4.5,6,12,12,50
4.5,6,12,13,50
4.5,6,12,14,51
4.5,6,12,15,51
4.5,6,13,0,48
4.5,6,13,1,48
4.5,6,13,2,48
4.5,6,13,3,48
4.5,6,13,4,49
4.5,6,13,5,49
4.5,6,13,6,49
4.5,6,13,7,49
4.5,6,13,8,49
4.5,6,13,9,50
4.5,6,13,10,50
4.5,6,13,11,50
4.5,6,13,12,50
4.5,6,13,13,51
4.5,6,13,14,51
4.5,6,13,15,51
4.5,6,14,0,48
4.5,6,14,1,48
4.5,6,14,2,48
4.5,6,14,3,49
4.5,6,14,4,49
4.5,6,14,5,49
4.5,6,14,6,49
4.5,6,14,7,50
4.5,6,14,8,50
4.5,6,14,9,50
4.5,6,14,10,50
4.5,6,14,11,50
4.5,6,14,12,51
4.5,6,14,13,51
4.5,6,14,14,51
4.5,6,14,15,51
4.5,6,15,0,48
4.5,6,15,1,48
4.5,6,15,2,49
4.5,6,15,3,49
4.5,6,15,4,49
4.5,6,15,5,49
4.5,6,15,6,50
4.5,6,15,7,50
4.5,6,15,8,50
4.5,6,15,9,50
4.5,6,15,10,50
4.5,6,15,11,51
4.5,6,15,12,51
4.5,6,15,13,51
4.5,6,15,14,51
4.5,6,15,15,52
4.5,7,0,0,45
4.5,7,0,1,45
4.5,7,0,2,45
4.5,7,0,3,46
4.5,7,0,4,46
4.5,7,0,5,46
4.5,7,0,6,46
4.5,7,0,7,46
4.5,7,0,8,47
4.5,7,0,9,47
4.5,7,0,10,47
4.5,7,0,11,47
4.5,7,0,12,48
4.5,7,0,13,48
4.5,7,0,14,48
4.5,7,0,15,48
4.5,7,1,0,45
4.5,7,1,1,45
4.5,7,1,2,46
4.5,7,1,3,46
4.5,7,1,4,46
4.5,7,1,5,46
4.5,7,1,6,47
4.5,7,1,7,47
4.5,7,1,8,47
4.5,7,1,9,47
4.5,7,1,10,47
4.5,7,1,11,48
4.5,7,1,12,48
4.5,7,1,13,48
4.5,7,1,14,48
4.5,7,1,15,48
4.5,7,2,0,45
4.5,7,2,1,46
4.5,7,2,2,46
4.5,7,2,3,46
4.5,7,2,4,46
4.5,7,2,5,47
4.5,7,2,6,47
4.5,7,2,7,47
4.5,7,2,8,47
4.5,7,2,9,47
4.5,7,2,10,48
4.5,7,2,11,48
4.5,7,2,12,48
4.5,7,2,13,48
4.5,7,2,14,49
4.5,7,2,15,49
4.5,7,3,0,46
4.5,7,3,1,46
4.5,7,3,2,46
4.5,7,3,3,46
4.5,7,3,4,47
4.5,7,3,5,47
4.5,7,3,6,47
4.5,7,3,7,47
4.5,7,3,8,48
4.5,7,3,9,48
4.5,7,3,10,48
4.5,7,3,11,48
4.5,7,3,12,48
4.5,7,3,13,49
4.5,7,3,14,49
4.5,7,3,15,49
4.5,7,4,0,46
4.5,7,4,1,46
4.5,7,4,2,46
4.5,7,4,3,47
4.5,7,4,4,47
4.5,7,4,5,47
4.5,7,4,6,47
4.5,7,4,7,48
4.5,7,4,8,48
4.5,7,4,9,48
4.5,7,4,10,48
4.5,7,4,11,48
4.5,7,4,12,49
4.5,7,4,13,49
4.5,7,4,14,49
4.5,7,4,15,49
4.5,7,5,0,46
4.5,7,5,1,47
4.5,7,5,2,47
4.5,7,5,3,47
4.5,7,5,4,47
4.5,7,5,5,47
4.5,7,5,6,48
4.5,7,5,7,48
4.5,7,5,8,48
4.5,7,5,9,48
4.5,7,5,10,49
4.5,7,5,11,49
4.5,7,5,12,49
4.5,7,5,13,49
4.5,7,5,14,49
4.5,7,5,15,50
4.5,7,6,0,47
4.5,7,6,1,47
4.5,7,6,2,47
4.5,7,6,3,47
4.5,7,6,4,47
4.5,7,6,5,48
4.5,7,6,6,48
4.5,7,6,7,48
4.5,7,6,8,48
4.5,7,6,9,49
4.5,7,6,10,49
4.5,7,6,11,49
4.5,7,6,12,49
4.5,7,6,13,49
4.5,7,6,14,50
4.5,7,6,15,50
4.5,7,7,0,47
4.5,7,7,1,47
4.5,7,7,2,47
4.5,7,7,3,48
4.5,7,7,4,48
4.5,7,7,5,48
4.5,7,7,6,48
4.5,7,7,7,48
4.5,7,7,8,49
4.5,7,7,9,49
4.5,7,7,10,49
4.5,7,7,11,49
4.5,7,7,12,50
4.5,7,7,13,50
4.5,7,7,14,50
4.5,7,7,15,50
4.5,7,8,0,47
4.5,7,8,1,47
4.5,7,8,2,48
4.5,7,8,3,48
4.5,7,8,4,48
4.5,7,8,5,48
4.5,7,8,6,48
4.5,7,8,7,49
4.5,7,8,8,49
4.5,7,8,9,49
4.5,7,8,10,49
4.5,7,8,11,50
4.5,7,8,12,50
4.5,7,8,13,50
4.5,7,8,14,50
4.5,7,8,15,50
4.5,7,9,0,47
4.5,7,9,1,48
4.5,7,9,2,48
4.5,7,9,3,48
4.5,7,9,4,48
4.5,7,9,5,48
4.5,7,9,6,49
4.5,7,9,7,49
4.5,7,9,8,49
4.5,7,9,9,49
4.5,7,9,10,50
4.5,7,9,11,50
4.5,7,9,12,50
4.5,7,9,13,50
4.5,7,9,14,51
4.5,7,9,15,51
4.5,7,10,0,48
4.5,7,10,1,48
4.5,7,10,2,48
4.5,7,10,3,48
4.5,7,10,4,49
4.5,7,10,5,49
4.5,7,10,6,49
4.5,7,10,7,49
4.5,7,10,8,49
4.5,7,10,9,50
4.5,7,10,10,50
4.5,7,10,11,50
4.5,7,10,12,50
4.5,7,10,13,51
4.5,7,10,14,51
4.5,7,10,15,51
4.5,7,11,0,48
4.5,7,11,1,48
4.5,7,11,2,48
4.5,7,11,3,49
4.5,7,11,4,49
4.5,7,11,5,49
4.5,7,11,6,49
4.5,7,11,7,49
4.5,7,11,8,50
4.5,7,11,9,50
4.5,7,11,10,50
4.5,7,11,11,50
4.5,7,11,12,51
4.5,7,11,13,51
4.5,7,11,14,51
4.5,7,11,15,51
4.5,7,12,0,48
4.5,7,12,1,48
4.5,7,12,2,49
4.5,7,12,3,49
4.5,7,12,4,49
4.5,7,12,5,49
4.5,7,12,6,50
4.5,7,12,7,50
4.5,7,12,8,50
4.5,7,12,9,50
4.5,7,12,10,50
4.5,7,12,11,51
4.5,7,12,12,51
4.5,7,12,13,51
4.5,7,12,14,51
4.5,7,12,15,52
4.5,7,13,0,48
4.5,7,13,1,49
4.5,7,13,2,49
4.5,7,13,3,49
4.5,7,13,4,49
4.5,7,13,5,50
4.5,7,13,6,50
4.5,7,13,7,50
4.5,7,13,8,50
4.5,7,13,9,50
4.5,7,13,10,51
4.5,7,13,11,51
4.5,7,13,12,51
4.5,7,13,13,51
4.5,7,13,14,52
4.5,7,13,15,52
4.5,7,14,0,49
4.5,7,14,1,49
4.5,7,14,2,49
4.5,7,14,3,49
4.5,7,14,4,50
4.5,7,14,5,50
4.5,7,14,6,50
4.5,7,14,7,50
4.5,7,14,8,51
4.5,7,14,9,51
4.5,7,14,10,51
4.5,7,14,11,51
4.5,7,14,12,51
4.5,7,14,13,52
4.5,7,14,14,52
4.5,7,14,15,52
4.5,7,15,0,49
4.5,7,15,1,49
4.5,7,15,2,49
4.5,7,15,3,50
4.5,7,15,4,50
4.5,7,15,5,50
4.5,7,15,6,50
4.5,7,15,7,51
4.5,7,15,8,51
4.5,7,15,9,51
4.5,7,15,10,51
4.5,7,15,11,51
4.5,7,15,12,52
4.5,7,15,13,52
4.5,7,15,14,52
4.5,7,15,15,52
4.5,8,0,0,46
4.5,8,0,1,46
4.5,8,0,2,46
4.5,8,0,3,46
4.5,8,0,4,47
4.5,8,0,5,47
4.5,8,0,6,47
4.5,8,0,7,47
4.5,8,0,8,47
4.5,8,0,9,48
4.5,8,0,10,48
4.5,8,0,11,48
4.5,8,0,12,48
4.5,8,0,13,48
4.5,8,0,14,49
4.5,8,0,15,49
4.5,8,1,0,46
4.5,8,1,1,46
4.5,8,1,2,46
4.5,8,1,3,47
4.5,8,1,4,47
4.5,8,1,5,47
4.5,8,1,6,47
4.5,8,1,7,47
4.5,8,1,8,48
4.5,8,1,9,48
4.5,8,1,10,48
4.5,8,1,11,48
4.5,8,1,12,49
4.5,8,1,13,49
4.5,8,1,14,49
4.5,8,1,15,49
4.5,8,2,0,46
4.5,8,2,1,46
4.5,8,2,2,47
4.5,8,2,3,47
4.5,8,2,4,47
4.5,8,2,5,47
4.5,8,2,6,48
4.5,8,2,7,48
4.5,8,2,8,48
4.5,8,2,9,48
4.5,8,2,10,48
4.5,8,2,11,49
4.5,8,2,12,49
4.5,8,2,13,49
4.5,8,2,14,49
4.5,8,2,15,49
4.5,8,3,0,46
4.5,8,3,1,47
4.5,8,3,2,47
4.5,8,3,3,47
4.5,8,3,4,47
4.5,8,3,5,48
4.5,8,3,6,48
4.5,8,3,7,48
4.5,8,3,8,48
4.5,8,3,9,48
4.5,8,3,10,49
4.5,8,3,11,49
4.5,8,3,12,49
4.5,8,3,13,49
4.5,8,3,14,50
4.5,8,3,15,50
4.5,8,4,0,47
4.5,8,4,1,47
4.5,8,4,2,47
4.5,8,4,3,47
4.5,8,4,4,48
4.5,8,4,5,48
4.5,8,4,6,48
4.5,8,4,7,48
4.5,8,4,8,49
4.5,8,4,9,49
4.5,8,4,10,49
4.5,8,4,11,49
4.5,8,4,12,49
4.5,8,4,13,50
4.5,8,4,14,50
4.5,8,4,15,50
4.5,8,5,0,47
4.5,8,5,1,47
4.5,8,5,2,47
4.5,8,5,3,48
4.5,8,5,4,48
4.5,8,5,5,48
4.5,8,5,6,48
4.5,8,5,7,49
4.5,8,5,8,49
4.5,8,5,9,49
4.5,8,5,10,49
4.5,8,5,11,49
4.5,8,5,12,50
4.5,8,5,13,50
4.5,8,5,14,50
4.5,8,5,15,50
4.5,8,6,0,47
4.5,8,6,1,47
4.5,8,6,2,48
4.5,8,6,3,48
4.5,8,6,4,48
4.5,8,6,5,48
4.5,8,6,6,49
4.5,8,6,7,49
4.5,8,6,8,49
4.5,8,6,9,49
4.5,8,6,10,50
4.5,8,6,11,50
4.5,8,6,12,50
4.5,8,6,13,50
4.5,8,6,14,50
4.5,8,6,15,51
4.5,8,7,0,48
4.5,8,7,1,48
4.5,8,7,2,48
4.5,8,7,3,48
4.5,8,7,4,48
4.5,8,7,5,49
4.5,8,7,6,49
4.5,8,7,7,49
4.5,8,7,8,49
4.5,8,7,9,50
4.5,8,7,10,50
4.5,8,7,11,50
4.5,8,7,12,50
4.5,8,7,13,50
4.5,8,7,14,51
4.5,8,7,15,51
4.5,8,8,0,48
4.5,8,8,1,48
4.5,8,8,2,48
4.5,8,8,3,49
4.5,8,8,4,49
4.5,8,8,5,49
4.5,8,8,6,49
4.5,8,8,7,49
4.5,8,8,8,50
4.5,8,8,9,50
4.5,8,8,10,50
4.5,8,8,11,50
4.5,8,8,12,51
4.5,8,8,13,51
4.5,8,8,14,51
4.5,8,8,15,51
4.5,8,9,0,48
4.5,8,9,1,48
4.5,8,9,2,49
4.5,8,9,3,49
4.5,8,9,4,49
4.5,8,9,5,49
4.5,8,9,6,49
4.5,8,9,7,50
4.5,8,9,8,50
4.5,8,9,9,50
4.5,8,9,10,50
4.5,8,9,11,51
4.5,8,9,12,51
4.5,8,9,13,51
4.5,8,9,14,51
4.5,8,9,15,52
4.5,8,10,0,48
4.5,8,10,1,49
4.5,8,10,2,49
4.5,8,10,3,49
4.5,8,10,4,49
4.5,8,10,5,50
4.5,8,10,6,50
4.5,8,10,7,50
4.5,8,10,8,50
4.5,8,10,9,50
4.5,8,10,10,51
4.5,8,10,11,51
4.5,8,10,12,51
4.5,8,10,13,51
4.5,8,10,14,52
4.5,8,10,15,52
4.5,8,11,0,49
4.5,8,11,1,49
4.5,8,11,2,49
4.5,8,11,3,49
4.5,8,11,4,50
4.5,8,11,5,50
4.5,8,11,6,50
4.5,8,11,7,50
4.5,8,11,8,50
4.5,8,11,9,51
4.5,8,11,10,51
4.5,8,11,11,51
4.5,8,11,12,51
4.5,8,11,13,52
4.5,8,11,14,52
4.5,8,11,15,52
4.5,8,12,0,49
4.5,8,12,1,49
4.5,8,12,2,49
4.5,8,12,3,50
4.5,8,12,4,50
4.5,8,12,5,50
4.5,8,12,6,50
4.5,8,12,7,51
4.5,8,12,8,51
4.5,8,12,9,51
4.5,8,12,10,51
4.5,8,12,11,51
4.5,8,12,12,52
4.5,8,12,13,52
4.5,8,12,14,52
4.5,8,12,15,52
4.5,8,13,0,49
4.5,8,13,1,49
4.5,8,13,2,50
4.5,8,13,3,50
4.5,8,13,4,50
4.5,8,13,5,50
4.5,8,13,6,51
4.5,8,13,7,51
4.5,8,13,8,51
4.5,8,13,9,51
4.5,8,13,10,51
4.5,8,13,11,52
4.5,8,13,12,52
4.5,8,13,13,52
4.5,8,13,14,52
4.5,8,13,15,53
4.5,8,14,0,49
4.5,8,14,1,50
4.5,8,14,2,50
4.5,8,14,3,50
4.5,8,14,4,50
4.5,8,14,5,51
4.5,8,14,6,51
4.5,8,14,7,51
4.5,8,14,8,51
4.5,8,14,9,52
4.5,8,14,10,52
4.5,8,14,11,52
4.5,8,14,12,52
4.5,8,14,13,52
4.5,8,14,14,53
4.5,8,14,15,53
4.5,8,15,0,50
4.5,8,15,1,50
4.5,8,15,2,50
4.5,8,15,3,50
4.5,8,15,4,51
4.5,8,15,5,51
4.5,8,15,6,51
4.5,8,15,7,51
4.5,8,15,8,52
4.5,8,15,9,52
4.5,8,15,10,52
4.5,8,15,11,52
4.5,8,15,12,52
4.5,8,15,13,53
4.5,8,15,14,53
4.5,8,15,15,53
4.5,9,0,0,46
4.5,9,0,1,47
4.5,9,0,2,47
4.5,9,0,3,47
4.5,9,0,4,47
4.5,9,0,5,47
4.5,9,0,6,48
4.5,9,0,7,48
4.5,9,0,8,48
4.5,9,0,9,48
4.5,9,0,10,49
4.5,9,0,11,49
4.5,9,0,12,49
4.5,9,0,13,49
4.5,9,0,14,49
4.5,9,0,15,50
4.5,9,1,0,47
4.5,9,1,1,47
4.5,9,1,2,47
4.5,9,1,3,47
4.5,9,1,4,48
4.5,9,1,5,48
4.5,9,1,6,48
4.5,9,1,7,48
4.5,9,1,8,48
4.5,9,1,9,49
4.5,9,1,10,49
4.5,9,1,11,49
4.5,9,1,12,49
4.5,9,1,13,50
4.5,9,1,14,50
4.5,9,1,15,50
4.5,9,2,0,47
4.5,9,2,1,47
4.5,9,2,2,47
4.5,9,2,3,48
4.5,9,2,4,48
4.5,9,2,5,48
4.5,9,2,6,48
4.5,9,2,7,48
4.5,9,2,8,49
4.5,9,2,9,49
4.5,9,2,10,49
4.5,9,2,11,49
4.5,9,2,12,50
4.5,9,2,13,50
4.5,9,2,14,50
4.5,9,2,15,50
4.5,9,3,0,47
4.5,9,3,1,47
4.5,9,3,2,48
4.5,9,3,3,48
4.5,9,3,4,48
4.5,9,3,5,48
4.5,9,3,6,49
4.5,9,3,7,49
4.5,9,3,8,49
4.5,9,3,9,49
4.5,9,3,10,49
4.5,9,3,11,50
4.5,9,3,12,50
4.5,9,3,13,50
4.5,9,3,14,50
4.5,9,3,15,51
4.5,9,4,0,47
4.5,9,4,1,48
4.5,9,4,2,48
4.5,9,4,3,48
4.5,9,4,4,48
4.5,9,4,5,49
4.5,9,4,6,49
4.5,9,4,7,49
4.5,9,4,8,49
4.5,9,4,9,49
4.5,9,4,10,50
4.5,9,4,11,50
4.5,9,4,12,50
4.5,9,4,13,50
4.5,9,4,14,51
4.5,9,4,15,51
4.5,9,5,0,48
4.5,9,5,1,48
4.5,9,5,2,48
4.5,9,5,3,48
4.5,9,5,4,49
4.5,9,5,5,49
4.5,9,5,6,49
4.5,9,5,7,49
4.5,9,5,8,50
4.5,9,5,9,50
4.5,9,5,10,50
4.5,9,5,11,50
4.5,9,5,12,50
4.5,9,5,13,51
4.5,9,5,14,51
4.5,9,5,15,51
4.5,9,6,0,48
4.5,9,6,1,48
4.5,9,6,2,48
4.5,9,6,3,49
4.5,9,6,4,49
4.5,9,6,5,49
4.5,9,6,6,49
4.5,9,6,7,50
4.5,9,6,8,50
4.5,9,6,9,50
4.5,9,6,10,50
4.5,9,6,11,51
4.5,9,6,12,51
4.5,9,6,13,51
4.5,9,6,14,51
4.5,9,6,15,51
4.5,9,7,0,48
4.5,9,7,1,48
4.5,9,7,2,49
4.5,9,7,3,49
4.5,9,7,4,49
4.5,9,7,5,49
4.5,9,7,6,50
4.5,9,7,7,50
4.5,9,7,8,50
4.5,9,7,9,50
4.5,9,7,10,51
4.5,9,7,11,51
4.5,9,7,12,51
4.5,9,7,13,51
4.5,9,7,14,51
4.5,9,7,15,52
4.5,9,8,0,49
4.5,9,8,1,49
4.5,9,8,2,49
4.5,9,8,3,49
4.5,9,8,4,49
4.5,9,8,5,50
4.5,9,8,6,50
4.5,9,8,7,50
4.5,9,8,8,50
4.5,9,8,9,51
4.5,9,8,10,51
4.5,9,8,11,51
4.5,9,8,12,51
4.5,9,8,13,52
4.5,9,8,14,52
4.5,9,8,15,52
4.5,9,9,0,49
4.5,9,9,1,49
4.5,9,9,2,49
4.5,9,9,3,50
4.5,9,9,4,50
4.5,9,9,5,50
4.5,9,9,6,50
4.5,9,9,7,50
4.5,9,9,8,51
4.5,9,9,9,51
4.5,9,9,10,51
4.5,9,9,11,51
4.5,9,9,12,52
4.5,9,9,13,52
4.5,9,9,14,52
4.5,9,9,15,52
4.5,9,10,0,49
4.5,9,10,1,49
4.5,9,10,2,50
4.5,9,10,3,50
4.5,9,10,4,50
4.5,9,10,5,50
4.5,9,10,6,50
4.5,9,10,7,51
4.5,9,10,8,51
4.5,9,10,9,51
4.5,9,10,10,51
4.5,9,10,11,52
4.5,9,10,12,52
4.5,9,10,13,52
4.5,9,10,14,52
4.5,9,10,15,53
4.5,9,11,0,49
4.5,9,11,1,50
4.5,9,11,2,50
4.5,9,11,3,50
4.5,9,11,4,50
4.5,9,11,5,51
4.5,9,11,6,51
4.5,9,11,7,51
4.5,9,11,8,51
4.5,9,11,9,51
4.5,9,11,10,52
4.5,9,11,11,52
4.5,9,11,12,52
4.5,9,11,13,52
4.5,9,11,14,53
4.5,9,11,15,53
4.5,9,12,0,50
4.5,9,12,1,50
4.5,9,12,2,50
4.5,9,12,3,50
4.5,9,12,4,51
4.5,9,12,5,51
4.5,9,12,6,51
4.5,9,12,7,51
4.5,9,12,8,52
4.5,9,12,9,52
4.5,9,12,10,52
4.5,9,12,11,52
4.5,9,12,12,52
4.5,9,12,13,53
4.5,9,12,14,53
4.5,9,12,15,53
4.5,9,13,0,50
4.5,9,13,1,50
4.5,9,13,2,50
4.5,9,13,3,51
4.5,9,13,4,51
4.5,9,13,5,51
4.5,9,13,6,51
4.5,9,13,7,52
4.5,9,13,8,52
4.5,9,13,9,52
4.5,9,13,10,52
4.5,9,13,11,52
4.5,9,13,12,53
4.5,9,13,13,53
4.5,9,13,14,53
4.5,9,13,15,53
4.5,9,14,0,50
4.5,9,14,1,50
4.5,9,14,2,51
4.5,9,14,3,51
4.5,9,14,4,51
4.5,9,14,5,51
4.5,9,14,6,52
4.5,9,14,7,52
4.5,9,14,8,52
4.5,9,14,9,52
4.5,9,14,10,53
4.5,9,14,11,53
4.5,9,14,12,53
4.5,9,14,13,53
4.5,9,14,14,53
4.5,9,14,15,54
4.5,9,15,0,50
4.5,9,15,1,51
4.5,9,15,2,51
4.5,9,15,3,51
4.5,9,15,4,51
4.5,9,15,5,52
4.5,9,15,6,52
4.5,9,15,7,52
4.5,9,15,8,52
4.5,9,15,9,53
4.5,9,15,10,53
4.5,9,15,11,53
4.5,9,15,12,53
4.5,9,15,13,54
4.5,9,15,14,54
4.5,9,15,15,54
4.5,10,0,0,47
4.5,10,0,1,47
4.5,10,0,2,47
4.5,10,0,3,48
4.5,10,0,4,48
4.5,10,0,5,48
4.5,10,0,6,48
4.5,10,0,7,49
4.5,10,0,8,49
4.5,10,0,9,49
4.5,10,0,10,49
4.5,10,0,11,49
4.5,10,0,12,50
4.5,10,0,13,50
4.5,10,0,14,50
4.5,10,0,15,50
4.5,10,1,0,47
4.5,10,1,1,48
4.5,10,1,2,48
4.5,10,1,3,48
4.5,10,1,4,48
4.5,10,1,5,48
4.5,10,1,6,49
4.5,10,1,7,49
4.5,10,1,8,49
4.5,10,1,9,49
4.5,10,1,10,50
4.5,10,1,11,50
4.5,10,1,12,50
4.5,10,1,13,50
4.5,10,1,14,50
4.5,10,1,15,51
4.5,10,2,0,48
4.5,10,2,1,48
4.5,10,2,2,48
4.5,10,2,3,48
4.5,10,2,4,49
4.5,10,2,5,49
4.5,10,2,6,49
4.5,10,2,7,49
4.5,10,2,8,49
4.5,10,2,9,50
4.5,10,2,10,50
4.5,10,2,11,50
4.5,10,2,12,50
4.5,10,2,13,51
4.5,10,2,14,51
4.5,10,2,15,51
4.5,10,3,0,48
4.5,10,3,1,48
4.5,10,3,2,48
4.5,10,3,3,49
4.5,10,3,4,49
4.5,10,3,5,49
4.5,10,3,6,49
4.5,10,3,7,49
4.5,10,3,8,50
4.5,10,3,9,50
4.5,10,3,10,50
4.5,10,3,11,50
4.5,10,3,12,51
4.5,10,3,13,51
4.5,10,3,14,51
4.5,10,3,15,51
4.5,10,4,0,48
4.5,10,4,1,48
4.5,10,4,2,49
4.5,10,4,3,49
4.5,10,4,4,49
4.5,10,4,5,49
4.5,10,4,6,50
4.5,10,4,7,50
4.5,10,4,8,50
4.5,10,4,9,50
4.5,10,4,10,50
4.5,10,4,11,51
4.5,10,4,12,51
4.5,10,4,13,51
4.5,10,4,14,51
4.5,10,4,15,52
4.5,10,5,0,48
4.5,10,5,1,49
4.5,10,5,2,49
4.5,10,5,3,49
4.5,10,5,4,49
4.5,10,5,5,50
4.5,10,5,6,50
4.5,10,5,7,50
4.5,10,5,8,50
4.5,10,5,9,51
4.5,10,5,10,51
4.5,10,5,11,51
4.5,10,5,12,51
4.5,10,5,13,51
4.5,10,5,14,52
4.5,10,5,15,52
4.5,10,6,0,49
4.5,10,6,1,49
4.5,10,6,2,49
4.5,10,6,3,49
4.5,10,6,4,50
4.5,10,6,5,50
4.5,10,6,6,50
4.5,10,6,7,50
4.5,10,6,8,51
4.5,10,6,9,51
4.5,10,6,10,51
4.5,10,6,11,51
4.5,10,6,12,52
4.5,10,6,13,52
4.5,10,6,14,52
4.5,10,6,15,52
4.5,10,7,0,49
4.5,10,7,1,49
4.5,10,7,2,49
4.5,10,7,3,50
4.5,10,7,4,50
4.5,10,7,5,50
4.5,10,7,6,50
4.5,10,7,7,51
4.5,10,7,8,51
4.5,10,7,9,51
4.5,10,7,10,51
4.5,10,7,11,52
4.5,10,7,12,52
4.5,10,7,13,52
4.5,10,7,14,52
4.5,10,7,15,52
4.5,10,8,0,49
4.5,10,8,1,49
4.5,10,8,2,50
4.5,10,8,3,50
4.5,10,8,4,50
4.5,10,8,5,50
4.5,10,8,6,51
4.5,10,8,7,51
4.5,10,8,8,51
4.5,10,8,9,51
4.5,10,8,10,52
4.5,10,8,11,52
4.5,10,8,12,52
4.5,10,8,13,52
4.5,10,8,14,53
4.5,10,8,15,53
4.5,10,9,0,50
4.5,10,9,1,50
4.5,10,9,2,50
4.5,10,9,3,50
4.5,10,9,4,50
4.5,10,9,5,51
4.5,10,9,6,51
4.5,10,9,7,51
4.5,10,9,8,51
4.5,10,9,9,52
4.5,10,9,10,52
4.5,10,9,11,52
4.5,10,9,12,52
4.5,10,9,13,53
4.5,10,9,14,53
4.5,10,9,15,53
4.5,10,10,0,50
4.5,10,10,1,50
4.5,10,10,2,50
4.5,10,10,3,51
4.5,10,10,4,51
4.5,10,10,5,51
4.5,10,10,6,51
4.5,10,10,7,51
4.5,10,10,8,52
4.5,10,10,9,52
4.5,10,10,10,52
4.5,10,10,11,52
4.5,10,10,12,53
4.5,10,10,13,53
4.5,10,10,14,53
4.5,10,10,15,53
4.5,10,11,0,50
4.5,10,11,1,50
4.5,10,11,2,51
4.5,10,11,3,51
4.5,10,11,4,51
4.5,10,11,5,51
4.5,10,11,6,52
4.5,10,11,7,52
4.5,10,11,8,52
4.5,10,11,9,52
4.5,10,11,10,52
4.5,10,11,11,53
4.5,10,11,12,53
4.5,10,11,13,53
4.5,10,11,14,53
4.5,10,11,15,54
4.5,10,12,0,50
4.5,10,12,1,51
4.5,10,12,2,51
4.5,10,12,3,51
4.5,10,12,4,51
4.5,10,12,5,52
4.5,10,12,6,52
4.5,10,12,7,52
4.5,10,12,8,52
4.5,10,12,9,53
4.5,10,12,10,53
4.5,10,12,11,53
4.5,10,12,12,53
4.5,10,12,13,53
4.5,10,12,14,54
4.5,10,12,15,54
4.5,10,13,0,51
4.5,10,13,1,51
4.5,10,13,2,51
4.5,10,13,3,51
4.5,10,13,4,52
4.5,10,13,5,52
4.5,10,13,6,52
4.5,10,13,7,52
4.5,10,13,8,53
4.5,10,13,9,53
4.5,10,13,10,53
4.5,10,13,11,53
4.5,10,13,12,54
4.5,10,13,13,54
4.5,10,13,14,54
4.5,10,13,15,54
4.5,10,14,0,51
4.5,10,14,1,51
4.5,10,14,2,51
4.5,10,14,3,52
4.5,10,14,4,52
4.5,10,14,5,52
4.5,10,14,6,52
4.5,10,14,7,53
4.5,10,14,8,53
4.5,10,14,9,53
4.5,10,14,10,53
4.5,10,14,11,54
4.5,10,14,12,54
4.5,10,14,13,54
4.5,10,14,14,54
4.5,10,14,15,54
4.5,10,15,0,51
4.5,10,15,1,51
4.5,10,15,2,52
4.5,10,15,3,52
4.5,10,15,4,52
4.5,10,15,5,52
4.5,10,15,6,53
4.5,10,15,7,53
4.5,10,15,8,53
4.5,10,15,9,53
4.5,10,15,10,54
4.5,10,15,11,54
4.5,10,15,12,54
4.5,10,15,13,54
4.5,10,15,14,55
4.5,10,15,15,55
4.5,11,0,0,48
4.5,11,0,1,48
4.5,11,0,2,48
4.5,11,0,3,48
4.5,11,0,4,49
4.5,11,0,5,49
4.5,11,0,6,49
4.5,11,0,7,49
4.5,11,0,8,50
4.5,11,0,9,50
4.5,11,0,10,50
4.5,11,0,11,50
4.5,11,0,12,50
4.5,11,0,13,51
4.5,11,0,14,51
4.5,11,0,15,51
4.5,11,1,0,48
4.5,11,1,1,48
4.5,11,1,2,48
4.5,11,1,3,49
4.5,11,1,4,49
4.5,11,1,5,49
4.5,11,1,6,49
4.5,11,1,7,50
4.5,11,1,8,50
4.5,11,1,9,50
4.5,11,1,10,50
4.5,11,1,11,51
4.5,11,1,12,51
4.5,11,1,13,51
4.5,11,1,14,51
4.5,11,1,15,51
4.5,11,2,0,48
4.5,11,2,1,49
4.5,11,2,2,49
4.5,11,2,3,49
4.5,11,2,4,49
4.5,11,2,5,49
4.5,11,2,6,50
4.5,11,2,7,50
4.5,11,2,8,50
4.5,11,2,9,50
4.5,11,2,10,51
4.5,11,2,11,51
4.5,11,2,12,51
4.5,11,2,13,51
4.5,11,2,14,52
4.5,11,2,15,52
4.5,11,3,0,49
4.5,11,3,1,49
4.5,11,3,2,49
4.5,11,3,3,49
4.5,11,3,4,50
4.5,11,3,5,50
4.5,11,3,6,50
4.5,11,3,7,50
4.5,11,3,8,50
4.5,11,3,9,51
4.5,11,3,10,51
4.5,11,3,11,51
4.5,11,3,12,51
4.5,11,3,13,52
4.5,11,3,14,52
4.5,11,3,15,52
4.5,11,4,0,49
4.5,11,4,1,49
4.5,11,4,2,49
4.5,11,4,3,50
4.5,11,4,4,50
4.5,11,4,5,50
4.5,11,4,6,50
4.5,11,4,7,51
4.5,11,4,8,51
4.5,11,4,9,51
4.5,11,4,10,51
4.5,11,4,11,51
4.5,11,4,12,52
4.5,11,4,13,52
4.5,11,4,14,52
4.5,11,4,15,52
4.5,11,5,0,49
4.5,11,5,1,49
4.5,11,5,2,50
4.5,11,5,3,50
4.5,11,5,4,50
4.5,11,5,5,50
4.5,11,5,6,51
4.5,11,5,7,51
4.5,11,5,8,51
4.5,11,5,9,51
4.5,11,5,10,51
4.5,11,5,11,52
4.5,11,5,12,52
4.5,11,5,13,52
4.5,11,5,14,52
4.5,11,5,15,53
4.5,11,6,0,49
4.5,11,6,1,50
4.5,11,6,2,50
4.5,11,6,3,50
4.5,11,6,4,50
4.5,11,6,5,51
4.5,11,6,6,51
4.5,11,6,7,51
4.5,11,6,8,51
4.5,11,6,9,52
4.5,11,6,10,52
4.5,11,6,11,52
4.5,11,6,12,52
4.5,11,6,13,52
4.5,11,6,14,53
4.5,11,6,15,53
4.5,11,7,0,50
4.5,11,7,1,50
4.5,11,7,2,50
4.5,11,7,3,50
4.5,11,7,4,51
4.5,11,7,5,51
4.5,11,7,6,51
4.5,11,7,7,51
4.5,11,7,8,52
4.5,11,7,9,52
4.5,11,7,10,52
4.5,11,7,11,52
4.5,11,7,12,53
4.5,11,7,13,53
4.5,11,7,14,53
4.5,11,7,15,53
4.5,11,8,0,50
4.5,11,8,1,50
4.5,11,8,2,50
4.5,11,8,3,51
4.5,11,8,4,51
4.5,11,8,5,51
4.5,11,8,6,51
4.5,11,8,7,52
4.5,11,8,8,52
4.5,11,8,9,52
4.5,11,8,10,52
4.5,11,8,11,53
4.5,11,8,12,53
4.5,11,8,13,53
4.5,11,8,14,53
4.5,11,8,15,54
4.5,11,9,0,50
4.5,11,9,1,50
4.5,11,9,2,51
4.5,11,9,3,51
4.5,11,9,4,51
4.5,11,9,5,51
4.5,11,9,6,52
4.5,11,9,7,52
4.5,11,9,8,52
4.5,11,9,9,52
4.5,11,9,10,53
4.5,11,9,11,53
4.5,11,9,12,53
4.5,11,9,13,53
4.5,11,9,14,54
4.5,11,9,15,54
4.5,11,10,0,51
4.5,11,10,1,51
4.5,11,10,2,51
4.5,11,10,3,51
4.5,11,10,4,52
4.5,11,10,5,52
4.5,11,10,6,52
4.5,11,10,7,52
4.5,11,10,8,52
4.5,11,10,9,53
4.5,11,10,10,53
4.5,11,10,11,53
4.5,11,10,12,53
4.5,11,10,13,54
4.5,11,10,14,54
4.5,11,10,15,54
4.5,11,11,0,51
4.5,11,11,1,51
4.5,11,11,2,51
4.5,11,11,3,52
4.5,11,11,4,52
4.5,11,11,5,52
4.5,11,11,6,52
4.5,11,11,7,53
4.5,11,11,8,53
4.5,11,11,9,53
4.5,11,11,10,53
4.5,11,11,11,53
4.5,11,11,12,54
4.5,11,11,13,54
4.5,11,11,14,54
4.5,11,11,15,54
4.5,11,12,0,51
4.5,11,12,1,51
4.5,11,12,2,52
4.5,11,12,3,52
4.5,11,12,4,52
4.5,11,12,5,52
4.5,11,12,6,53
4.5,11,12,7,53
4.5,11,12,8,53
4.5,11,12,9,53
4.5,11,12,10,54
4.5,11,12,11,54
4.5,11,12,12,54
4.5,11,12,13,54
4.5,11,12,14,54
4.5,11,12,15,55
4.5,11,13,0,51
4.5,11,13,1,52
4.5,11,13,2,52
4.5,11,13,3,52
4.5,11,13,4,52
4.5,11,13,5,53
4.5,11,13,6,53
4.5,11,13,7,53
4.5,11,13,8,53
4.5,11,13,9,54
4.5,11,13,10,54
4.5,11,13,11,54
4.5,11,13,12,54
4.5,11,13,13,55
4.5,11,13,14,55
4.5,11,13,15,55
4.5,11,14,0,52
4.5,11,14,1,52
4.5,11,14,2,52
4.5,11,14,3,52
4.5,11,14,4,53
4.5,11,14,5,53
4.5,11,14,6,53
4.5,11,14,7,53
4.5,11,14,8,54
4.5,11,14,9,54
4.5,11,14,10,54
4.5,11,14,11,54
4.5,11,14,12,55
4.5,11,14,13,55
4.5,11,14,14,55
4.5,11,14,15,55
4.5,11,15,0,52
4.5,11,15,1,52
4.5,11,15,2,52
4.5,11,15,3,53
4.5,11,15,4,53
4.5,11,15,5,53
4.5,11,15,6,53
4.5,11,15,7,54
4.5,11,15,8,54
4.5,11,15,9,54
4.5,11,15,10,54
4.5,11,15,11,55
4.5,11,15,12,55
4.5,11,15,13,55
4.5,11,15,14,55
4.5,11,15,15,56
4.5,12,0,0,48
4.5,12,0,1,49
4.5,12,0,2,49
4.5,12,0,3,49
4.5,12,0,4,49
4.5,12,0,5,50
4.5,12,0,6,50
4.5,12,0,7,50
4.5,12,0,8,50
4.5,12,0,9,50
4.5,12,0,10,51
4.5,12,0,11,51
4.5,12,0,12,51
4.5,12,0,13,51
4.5,12,0,14,52
4.5,12,0,15,52
4.5,12,1,0,49
4.5,12,1,1,49
4.5,12,1,2,49
4.5,12,1,3,49
4.5,12,1,4,50
4.5,12,1,5,50
4.5,12,1,6,50
4.5,12,1,7,50
4.5,12,1,8,51
4.5,12,1,9,51
4.5,12,1,10,51
4.5,12,1,11,51
4.5,12,1,12,51
4.5,12,1,13,52
4.5,12,1,14,52
4.5,12,1,15,52
4.5,12,2,0,49
4.5,12,2,1,49
4.5,12,2,2,49
4.5,12,2,3,50
4.5,12,2,4,50
4.5,12,2,5,50
4.5,12,2,6,50
4.5,12,2,7,51
4.5,12,2,8,51
4.5,12,2,9,51
4.5,12,2,10,51
4.5,12,2,11,52
4.5,12,2,12,52
4.5,12,2,13,52
4.5,12,2,14,52
4.5,12,2,15,52
4.5,12,3,0,49
4.5,12,3,1,49
4.5,12,3,2,50
4.5,12,3,3,50
4.5,12,3,4,50
4.5,12,3,5,50
4.5,12,3,6,51
4.5,12,3,7,51
4.5,12,3,8,51
4.5,12,3,9,51
4.5,12,3,10,52
4.5,12,3,11,52
4.5,12,3,12,52
4.5,12,3,13,52
4.5,12,3,14,53
4.5,12,3,15,53
4.5,12,4,0,50
4.5,12,4,1,50
4.5,12,4,2,50
4.5,12,4,3,50
4.5,12,4,4,51
4.5,12,4,5,51
4.5,12,4,6,51
4.5,12,4,7,51
4.5,12,4,8,51
4.5,12,4,9,52
4.5,12,4,10,52
4.5,12,4,11,52
4.5,12,4,12,52
4.5,12,4,13,53
4.5,12,4,14,53
4.5,12,4,15,53
4.5,12,5,0,50
4.5,12,5,1,50
4.5,12,5,2,50
4.5,12,5,3,51
4.5,12,5,4,51
4.5,12,5,5,51
4.5,12,5,6,51
4.5,12,5,7,52
4.5,12,5,8,52
4.5,12,5,9,52
4.5,12,5,10,52
4.5,12,5,11,52
4.5,12,5,12,53
4.5,12,5,13,53
4.5,12,5,14,53
4.5,12,5,15,53
4.5,12,6,0,50
4.5,12,6,1,50
4.5,12,6,2,51
4.5,12,6,3,51
4.5,12,6,4,51
4.5,12,6,5,51
4.5,12,6,6,52
4.5,12,6,7,52
4.5,12,6,8,52
4.5,12,6,9,52
4.5,12,6,10,53
4.5,12,6,11,53
4.5,12,6,12,53
4.5,12,6,13,53
4.5,12,6,14,53
4.5,12,6,15,54
4.5,12,7,0,50
4.5,12,7,1,51
4.5,12,7,2,51
4.5,12,7,3,51
4.5,12,7,4,51
4.5,12,7,5,52
4.5,12,7,6,52
4.5,12,7,7,52
4.5,12,7,8,52
4.5,12,7,9,53
4.5,12,7,10,53
4.5,12,7,11,53
4.5,12,7,12,53
4.5,12,7,13,54
4.5,12,7,14,54
4.5,12,7,15,54
4.5,12,8,0,51
4.5,12,8,1,51
4.5,12,8,2,51
4.5,12,8,3,51
4.5,12,8,4,52
4.5,12,8,5,52
4.5,12,8,6,52
4.5,12,8,7,52
4.5,12,8,8,53
4.5,12,8,9,53
4.5,12,8,10,53
4.5,12,8,11,53
4.5,12,8,12,54
4.5,12,8,13,54
4.5,12,8,14,54
4.5,12,8,15,54
4.5,12,9,0,51
4.5,12,9,1,51
4.5,12,9,2,51
4.5,12,9,3,52
4.5,12,9,4,52
4.5,12,9,5,52
4.5,12,9,6,52
4.5,12,9,7,53
4.5,12,9,8,53
4.5,12,9,9,53
4.5,12,9,10,53
4.5,12,9,11,54
4.5,12,9,12,54
4.5,12,9,13,54
4.5,12,9,14,54
4.5,12,9,15,55
4.5,12,10,0,51
4.5,12,10,1,51
4.5,12,10,2,52
4.5,12,10,3,52
4.5,12,10,4,52
4.5,12,10,5,52
4.5,12,10,6,53
4.5,12,10,7,53
4.5,12,10,8,53
4.5,12,10,9,53
4.5,12,10,10,54
4.5,12,10,11,54
4.5,12,10,12,54
4.5,12,10,13,54
4.5,12,10,14,55
4.5,12,10,15,55
4.5,12,11,0,52
4.5,12,11,1,52
4.5,12,11,2,52
4.5,12,11,3,52
4.5,12,11,4,53
4.5,12,11,5,53
4.5,12,11,6,53
4.5,12,11,7,53
4.5,12,11,8,54
4.5,12,11,9,54
4.5,12,11,10,54
4.5,12,11,11,54
4.5,12,11,12,54
4.5,12,11,13,55
4.5,12,11,14,55
4.5,12,11,15,55
4.5,12,12,0,52
4.5,12,12,1,52
4.5,12,12,2,52
4.5,12,12,3,53
4.5,12,12,4,53
4.5,12,12,5,53
4.5,12,12,6,53
4.5,12,12,7,54
4.5,12,12,8,54
4.5,12,12,9,54
4.5,12,12,10,54
4.5,12,12,11,55
4.5,12,12,12,55
4.5,12,12,13,55
4.5,12,12,14,55
4.5,12,12,15,56
4.5,12,13,0,52
4.5,12,13,1,52
4.5,12,13,2,53
4.5,12,13,3,53
4.5,12,13,4,53
4.5,12,13,5,53
4.5,12,13,6,54
4.5,12,13,7,54
4.5,12,13,8,54
4.5,12,13,9,54
4.5,12,13,10,55
4.5,12,13,11,55
4.5,12,13,12,55
4.5,12,13,13,55
4.5,12,13,14,56
4.5,12,13,15,56
4.5,12,14,0,52
4.5,12,14,1,53
4.5,12,14,2,53
4.5,12,14,3,53
4.5,12,14,4,53
4.5,12,14,5,54
4.5,12,14,6,54
4.5,12,14,7,54
4.5,12,14,8,54
4.5,12,14,9,55
4.5,12,14,10,55
4.5,12,14,11,55
4.5,12,14,12,55
4.5,12,14,13,56
4.5,12,14,14,56
4.5,12,14,15,56
4.5,12,15,0,53
4.5,12,15,1,53
4.5,12,15,2,53
4.5,12,15,3,53
4.5,12,15,4,54
4.5,12,15,5,54
4.5,12,15,6,54
4.5,12,15,7,54
4.5,12,15,8,55
4.5,12,15,9,55
4.5,12,15,10,55
4.5,12,15,11,55
4.5,12,15,12,56
4.5,12,15,13,56
4.5,12,15,14,56
4.5,12,15,15,56
4.5,13,0,0,49
4.5,13,0,1,49
4.5,13,0,2,50
4.5,13,0,3,50
4.5,13,0,4,50
4.5,13,0,5,50
4.5,13,0,6,51
4.5,13,0,7,51
4.5,13,0,8,51
4.5,13,0,9,51
4.5,13,0,10,51
4.5,13,0,11,52
4.5,13,0,12,52
4.5,13,0,13,52
4.5,13,0,14,52
4.5,13,0,15,53
4.5,13,1,0,49
4.5,13,1,1,50
4.5,13,1,2,50
4.5,13,1,3,50
4.5,13,1,4,50
4.5,13,1,5,51
4.5,13,1,6,51
4.5,13,1,7,51
4.5,13,1,8,51
4.5,13,1,9,52
4.5,13,1,10,52
4.5,13,1,11,52
4.5,13,1,12,52
4.5,13,1,13,52
4.5,13,1,14,53
4.5,13,1,15,53
4.5,13,2,0,50
4.5,13,2,1,50
4.5,13,2,2,50
4.5,13,2,3,50
4.5,13,2,4,51
4.5,13,2,5,51
4.5,13,2,6,51
4.5,13,2,7,51
4.5,13,2,8,52
4.5,13,2,9,52
4.5,13,2,10,52
4.5,13,2,11,52
4.5,13,2,12,53
4.5,13,2,13,53
4.5,13,2,14,53
4.5,13,2,15,53
4.5,13,3,0,50
4.5,13,3,1,50
4.5,13,3,2,50
4.5,13,3,3,51
4.5,13,3,4,51
4.5,13,3,5,51
4.5,13,3,6,51
4.5,13,3,7,52
4.5,13,3,8,52
4.5,13,3,9,52
4.5,13,3,10,52
4.5,13,3,11,53
4.5,13,3,12,53
4.5,13,3,13,53
4.5,13,3,14,53
4.5,13,3,15,54
4.5,13,4,0,50
4.5,13,4,1,50
4.5,13,4,2,51
4.5,13,4,3,51
4.5,13,4,4,51
4.5,13,4,5,51
4.5,13,4,6,52
4.5,13,4,7,52
4.5,13,4,8,52
4.5,13,4,9,52
4.5,13,4,10,53
4.5,13,4,11,53
4.5,13,4,12,53
4.5,13,4,13,53
4.5,13,4,14,54
4.5,13,4,15,54
4.5,13,5,0,51
4.5,13,5,1,51
4.5,13,5,2,51
4.5,13,5,3,51
4.5,13,5,4,52
4.5,13,5,5,52
4.5,13,5,6,52
4.5,13,5,7,52
4.5,13,5,8,53
4.5,13,5,9,53
4.5,13,5,10,53
4.5,13,5,11,53
4.5,13,5,12,53
4.5,13,5,13,54
4.5,13,5,14,54
4.5,13,5,15,54
4.5,13,6,0,51
4.5,13,6,1,51
4.5,13,6,2,51
4.5,13,6,3,52
4.5,13,6,4,52
4.5,13,6,5,52
4.5,13,6,6,52
4.5,13,6,7,53
4.5,13,6,8,53
4.5,13,6,9,53
4.5,13,6,10,53
4.5,13,6,11,54
4.5,13,6,12,54
4.5,13,6,13,54
4.5,13,6,14,54
4.5,13,6,15,54
4.5,13,7,0,51
4.5,13,7,1,51
4.5,13,7,2,52
4.5,13,7,3,52
4.5,13,7,4,52
4.5,13,7,5,52
4.5,13,7,6,53
4.5,13,7,7,53
4.5,13,7,8,53
4.5,13,7,9,53
4.5,13,7,10,54
4.5,13,7,11,54
4.5,13,7,12,54
4.5,13,7,13,54
4.5,13,7,14,55
4.5,13,7,15,55
4.5,13,8,0,51
4.5,13,8,1,52
4.5,13,8,2,52
4.5,13,8,3,52
4.5,13,8,4,52
4.5,13,8,5,53
4.5,13,8,6,53
4.5,13,8,7,53
4.5,13,8,8,53
4.5,13,8,9,54
4.5,13,8,10,54
4.5,13,8,11,54
4.5,13,8,12,54
4.5,13,8,13,55
4.5,13,8,14,55
4.5,13,8,15,55
4.5,13,9,0,52
4.5,13,9,1,52
4.5,13,9,2,52
4.5,13,9,3,52
4.5,13,9,4,53
4.5,13,9,5,53
4.5,13,9,6,53
4.5,13,9,7,53
4.5,13,9,8,54
4.5,13,9,9,54
4.5,13,9,10,54
4.5,13,9,11,54
4.5,13,9,12,55
4.5,13,9,13,55
4.5,13,9,14,55
4.5,13,9,15,55
4.5,13,10,0,52
4.5,13,10,1,52
4.5,13,10,2,52
4.5,13,10,3,53
4.5,13,10,4,53
4.5,13,10,5,53
4.5,13,10,6,53
4.5,13,10,7,54
4.5,13,10,8,54
4.5,13,10,9,54
4.5,13,10,10,54
4.5,13,10,11,55
4.5,13,10,12,55
4.5,13,10,13,55
4.5,13,10,14,55
4.5,13,10,15,56
4.5,13,11,0,52
4.5,13,11,1,53
4.5,13,11,2,53
4.5,13,11,3,53
4.5,13,11,4,53
4.5,13,11,5,54
4.5,13,11,6,54
4.5,13,11,7,54
4.5,13,11,8,54
4.5,13,11,9,55
4.5,13,11,10,55
4.5,13,11,11,55
4.5,13,11,12,55
4.5,13,11,13,56
4.5,13,11,14,56
4.5,13,11,15,56
4.5,13,12,0,53
4.5,13,12,1,53
4.5,13,12,2,53
4.5,13,12,3,53
4.5,13,12,4,54
4.5,13,12,5,54
4.5,13,12,6,54
4.5,13,12,7,54
4.5,13,12,8,55
4.5,13,12,9,55
4.5,13,12,10,55
4.5,13,12,11,55
4.5,13,12,12,56
4.5,13,12,13,56
4.5,13,12,14,56
4.5,13,12,15,56
4.5,13,13,0,53
4.5,13,13,1,53
4.5,13,13,2,53
4.5,13,13,3,54
4.5,13,13,4,54
4.5,13,13,5,54
4.5,13,13,6,54
4.5,13,13,7,55
4.5,13,13,8,55
4.5,13,13,9,55
4.5,13,13,10,55
4.5,13,13,11,56
4.5,13,13,12,56
4.5,13,13,13,56
4.5,13,13,14,56
4.5,13,13,15,57
4.5,13,14,0,53
4.5,13,14,1,53
4.5,13,14,2,54
4.5,13,14,3,54
4.5,13,14,4,54
4.5,13,14,5,54
4.5,13,14,6,55
4.5,13,14,7,55
4.5,13,14,8,55
4.5,13,14,9,55
4.5,13,14,10,56
4.5,13,14,11,56
4.5,13,14,12,56
4.5,13,14,13,56
4.5,13,14,14,57
4.5,13,14,15,57
4.5,13,15,0,53
4.5,13,15,1,54
4.5,13,15,2,54
4.5,13,15,3,54
4.5,13,15,4,54
4.5,13,15,5,55
4.5,13,15,6,55
4.5,13,15,7,55
4.5,13,15,8,55
4.5,13,15,9,56
4.5,13,15,10,56
4.5,13,15,11,56
4.5,13,15,12,56
4.5,13,15,13,57
4.5,13,15,14,57
4.5,13,15,15,57
4.5,14,0,0,50
4.5,14,0,1,50
4.5,14,0,2,50
4.5,14,0,3,50
4.5,14,0,4,51
4.5,14,0,5,51
4.5,14,0,6,51
4.5,14,0,7,51
4.5,14,0,8,52
4.5,14,0,9,52
4.5,14,0,10,52
4.5,14,0,11,52
4.5,14,0,12,53
4.5,14,0,13,53
4.5,14,0,14,53
4.5,14,0,15,53
4.5,14,1,0,50
4.5,14,1,1,50
4.5,14,1,2,51
4.5,14,1,3,51
4.5,14,1,4,51
4.5,14,1,5,51
4.5,14,1,6,52
4.5,14,1,7,52
4.5,14,1,8,52
4.5,14,1,9,52
4.5,14,1,10,52
4.5,14,1,11,53
4.5,14,1,12,53
4.5,14,1,13,53
4.5,14,1,14,53
4.5,14,1,15,54
4.5,14,2,0,50
4.5,14,2,1,51
4.5,14,2,2,51
4.5,14,2,3,51
4.5,14,2,4,51
4.5,14,2,5,52
4.5,14,2,6,52
4.5,14,2,7,52
4.5,14,2,8,52
4.5,14,2,9,53
4.5,14,2,10,53
4.5,14,2,11,53
4.5,14,2,12,53
4.5,14,2,13,53
4.5,14,2,14,54
4.5,14,2,15,54
4.5,14,3,0,51
4.5,14,3,1,51
4.5,14,3,2,51
4.5,14,3,3,51
4.5,14,3,4,52
4.5,14,3,5,52
4.5,14,3,6,52
4.5,14,3,7,52
4.5,14,3,8,53
4.5,14,3,9,53
4.5,14,3,10,53
4.5,14,3,11,53
4.5,14,3,12,54
4.5,14,3,13,54
4.5,14,3,14,54
4.5,14,3,15,54
4.5,14,4,0,51
4.5,14,4,1,51
4.5,14,4,2,51
4.5,14,4,3,52
4.5,14,4,4,52
4.5,14,4,5,52
4.5,14,4,6,52
4.5,14,4,7,53
4.5,14,4,8,53
4.5,14,4,9,53
4.5,14,4,10,53
4.5,14,4,11,54
4.5,14,4,12,54
4.5,14,4,13,54
4.5,14,4,14,54
4.5,14,4,15,55
4.5,14,5,0,51
4.5,14,5,1,51
4.5,14,5,2,52
4.5,14,5,3,52
4.5,14,5,4,52
4.5,14,5,5,52
4.5,14,5,6,53
4.5,14,5,7,53
4.5,14,5,8,53
4.5,14,5,9,53
4.5,14,5,10,54
4.5,14,5,11,54
4.5,14,5,12,54
4.5,14,5,13,54
4.5,14,5,14,55
4.5,14,5,15,55
4.5,14,6,0,52
4.5,14,6,1,52
4.5,14,6,2,52
4.5,14,6,3,52
4.5,14,6,4,53
4.5,14,6,5,53
4.5,14,6,6,53
4.5,14,6,7,53
4.5,14,6,8,54
4.5,14,6,9,54
4.5,14,6,10,54
4.5,14,6,11,54
4.5,14,6,12,55
4.5,14,6,13,55
4.5,14,6,14,55
4.5,14,6,15,55
4.5,14,7,0,52
4.5,14,7,1,52
4.5,14,7,2,52
4.5,14,7,3,53
4.5,14,7,4,53
4.5,14,7,5,53
4.5,14,7,6,53
4.5,14,7,7,54
4.5,14,7,8,54
4.5,14,7,9,54
4.5,14,7,10,54
4.5,14,7,11,55
4.5,14,7,12,55
4.5,14,7,13,55
4.5,14,7,14,55
4.5,14,7,15,56
4.5,14,8,0,52
4.5,14,8,1,52
4.5,14,8,2,53
4.5,14,8,3,53
4.5,14,8,4,53
4.5,14,8,5,53
4.5,14,8,6,54
4.5,14,8,7,54
4.5,14,8,8,54
4.5,14,8,9,54
4.5,14,8,10,55
4.5,14,8,11,55
4.5,14,8,12,55
4.5,14,8,13,55
4.5,14,8,14,56
4.5,14,8,15,56
4.5,14,9,0,52
4.5,14,9,1,53
4.5,14,9,2,53
4.5,14,9,3,53
4.5,14,9,4,53
4.5,14,9,5,54
4.5,14,9,6,54
4.5,14,9,7,54
4.5,14,9,8,54
4.5,14,9,9,55
4.5,14,9,10,55
4.5,14,9,11,55
4.5,14,9,12,55
4.5,14,9,13,56
4.5,14,9,14,56
4.5,14,9,15,56
4.5,14,10,0,53
4.5,14,10,1,53
4.5,14,10,2,53
4.5,14,10,3,53
4.5,14,10,4,54
4.5,14,10,5,54
4.5,14,10,6,54
4.5,14,10,7,54
4.5,14,10,8,55
4.5,14,10,9,55
4.5,14,10,10,55
4.5,14,10,11,55
4.5,14,10,12,56
4.5,14,10,13,56
4.5,14,10,14,56
4.5,14,10,15,56
4.5,14,11,0,53
4.5,14,11,1,53
4.5,14,11,2,54
4.5,14,11,3,54
4.5,14,11,4,54
4.5,14,11,5,54
4.5,14,11,6,55
4.5,14,11,7,55
4.5,14,11,8,55
4.5,14,11,9,55
4.5,14,11,10,56
4.5,14,11,11,56
4.5,14,11,12,56
4.5,14,11,13,56
4.5,14,11,14,57
4.5,14,11,15,57
4.5,14,12,0,53
4.5,14,12,1,54
4.5,14,12,2,54
4.5,14,12,3,54
4.5,14,12,4,54
4.5,14,12,5,55
4.5,14,12,6,55
4.5,14,12,7,55
4.5,14,12,8,55
4.5,14,12,9,56
4.5,14,12,10,56
4.5,14,12,11,56
4.5,14,12,12,56
4.5,14,12,13,57
4.5,14,12,14,57
4.5,14,12,15,57
4.5,14,13,0,54
4.5,14,13,1,54
4.5,14,13,2,54
4.5,14,13,3,54
4.5,14,13,4,55
4.5,14,13,5,55
4.5,14,13,6,55
4.5,14,13,7,55
4.5,14,13,8,56
4.5,14,13,9,56
4.5,14,13,10,56
4.5,14,13,11,56
4.5,14,13,12,57
4.5,14,13,13,57
4.5,14,13,14,57
4.5,14,13,15,57
4.5,14,14,0,54
4.5,14,14,1,54
4.5,14,14,2,54
4.5,14,14,3,55
4.5,14,14,4,55
4.5,14,14,5,55
4.5,14,14,6,55
4.5,14,14,7,56
4.5,14,14,8,56
4.5,14,14,9,56
4.5,14,14,10,56
4.5,14,14,11,57
4.5,14,14,12,57
4.5,14,14,13,57
4.5,14,14,14,57
4.5,14,14,15,58
4.5,14,15,0,54
4.5,14,15,1,54
4.5,14,15,2,55
4.5,14,15,3,55
4.5,14,15,4,55
4.5,14,15,5,55
4.5,14,15,6,56
4.5,14,15,7,56
4.5,14,15,8,56
4.5,14,15,9,56
4.5,14,15,10,57
4.5,14,15,11,57
4.5,14,15,12,57
4.5,14,15,13,57
4.5,14,15,14,58
4.5,14,15,15,58
4.5,15,0,0,50
4.5,15,0,1,51
4.5,15,0,2,51
4.5,15,0,3,51
4.5,15,0,4,51
4.5,15,0,5,52
4.5,15,0,6,52
4.5,15,0,7,52
4.5,15,0,8,52
4.5,15,0,9,53
4.5,15,0,10,53
4.5,15,0,11,53
4.5,15,0,12,53
4.5,15,0,13,54
4.5,15,0,14,54
4.5,15,0,15,54
4.5,15,1,0,51
4.5,15,1,1,51
4.5,15,1,2,51
4.5,15,1,3,51
4.5,15,1,4,52
4.5,15,1,5,52
4.5,15,1,6,52
4.5,15,1,7,52
4.5,15,1,8,53
4.5,15,1,9,53
4.5,15,1,10,53
4.5,15,1,11,53
4.5,15,1,12,54
4.5,15,1,13,54
4.5,15,1,14,54
4.5,15,1,15,54
4.5,15,2,0,51
4.5,15,2,1,51
4.5,15,2,2,52
4.5,15,2,3,52
4.5,15,2,4,52
4.5,15,2,5,52
4.5,15,2,6,53
4.5,15,2,7,53
4.5,15,2,8,53
4.5,15,2,9,53
4.5,15,2,10,54
4.5,15,2,11,54
4.5,15,2,12,54
4.5,15,2,13,54
4.5,15,2,14,54
4.5,15,2,15,55
4.5,15,3,0,51
4.5,15,3,1,52
4.5,15,3,2,52
4.5,15,3,3,52
4.5,15,3,4,52
4.5,15,3,5,53
4.5,15,3,6,53
4.5,15,3,7,53
4.5,15,3,8,53
4.5,15,3,9,54
4.5,15,3,10,54
4.5,15,3,11,54
4.5,15,3,12,54
4.5,15,3,13,55
4.5,15,3,14,55
4.5,15,3,15,55
4.5,15,4,0,52
4.5,15,4,1,52
4.5,15,4,2,52
4.5,15,4,3,52
4.5,15,4,4,53
4.5,15,4,5,53
4.5,15,4,6,53
4.5,15,4,7,53
4.5,15,4,8,54
4.5,15,4,9,54
4.5,15,4,10,54
4.5,15,4,11,54
4.5,15,4,12,55
4.5,15,4,13,55
4.5,15,4,14,55
4.5,15,4,15,55
4.5,15,5,0,52
4.5,15,5,1,52
4.5,15,5,2,52
4.5,15,5,3,53
4.5,15,5,4,53
4.5,15,5,5,53
4.5,15,5,6,53
4.5,15,5,7,54
4.5,15,5,8,54
4.5,15,5,9,54
4.5,15,5,10,54
4.5,15,5,11,55
4.5,15,5,12,55
4.5,15,5,13,55
4.5,15,5,14,55
4.5,15,5,15,56
4.5,15,6,0,52
4.5,15,6,1,53
4.5,15,6,2,53
4.5,15,6,3,53
4.5,15,6,4,53
4.5,15,6,5,54
4.5,15,6,6,54
4.5,15,6,7,54
4.5,15,6,8,54
4.5,15,6,9,55
4.5,15,6,10,55
4.5,15,6,11,55
4.5,15,6,12,55
4.5,15,6,13,56
4.5,15,6,14,56
4.5,15,6,15,56
4.5,15,7,0,53
4.5,15,7,1,53
4.5,15,7,2,53
4.5,15,7,3,53
4.5,15,7,4,54
4.5,15,7,5,54
4.5,15,7,6,54
4.5,15,7,7,54
4.5,15,7,8,55
4.5,15,7,9,55
4.5,15,7,10,55
4.5,15,7,11,55
4.5,15,7,12,56
4.5,15,7,13,56
4.5,15,7,14,56
4.5,15,7,15,56
4.5,15,8,0,53
4.5,15,8,1,53
4.5,15,8,2,53
4.5,15,8,3,54
4.5,15,8,4,54
4.5,15,8,5,54
4.5,15,8,6,54
4.5,15,8,7,55
4.5,15,8,8,55
4.5,15,8,9,55
4.5,15,8,10,55
4.5,15,8,11,56
4.5,15,8,12,56
4.5,15,8,13,56
4.5,15,8,14,56
4.5,15,8,15,57
4.5,15,9,0,53
4.5,15,9,1,53
4.5,15,9,2,54
4.5,15,9,3,54
4.5,15,9,4,54
4.5,15,9,5,54
4.5,15,9,6,55
4.5,15,9,7,55
4.5,15,9,8,55
4.5,15,9,9,55
4.5,15,9,10,56
4.5,15,9,11,56
4.5,15,9,12,56
4.5,15,9,13,56
4.5,15,9,14,57
4.5,15,9,15,57
4.5,15,10,0,53
4.5,15,10,1,54
4.5,15,10,2,54
4.5,15,10,3,54
4.5,15,10,4,54
4.5,15,10,5,55
4.5,15,10,6,55
4.5,15,10,7,55
4.5,15,10,8,55
4.5,15,10,9,56
4.5,15,10,10,56
4.5,15,10,11,56
4.5,15,10,12,57
4.5,15,10,13,57
4.5,15,10,14,57
4.5,15,10,15,57
4.5,15,11,0,54
4.5,15,11,1,54
4.5,15,11,2,54
4.5,15,11,3,55
4.5,15,11,4,55
4.5,15,11,5,55
4.5,15,11,6,55
4.5,15,11,7,56
4.5,15,11,8,56
4.5,15,11,9,56
4.5,15,11,10,56
4.5,15,11,11,57
4.5,15,11,12,57
4.5,15,11,13,57
4.5,15,11,14,57
4.5,15,11,15,58
4.5,15,12,0,54
4.5,15,12,1,54
4.5,15,12,2,55
4.5,15,12,3,55
4.5,15,12,4,55
4.5,15,12,5,55
4.5,15,12,6,56
4.5,15,12,7,56
4.5,15,12,8,56
4.5,15,12,9,56
4.5,15,12,10,57
4.5,15,12,11,57
4.5,15,12,12,57
4.5,15,12,13,57
4.5,15,12,14,58
4.5,15,12,15,58
4.5,15,13,0,54
4.5,15,13,1,55
4.5,15,13,2,55
4.5,15,13,3,55
4.5,15,13,4,55
4.5,15,13,5,56
4.5,15,13,6,56
4.5,15,13,7,56
4.5,15,13,8,56
4.5,15,13,9,57
4.5,15,13,10,57
4.5,15,13,11,57
4.5,15,13,12,57
4.5,15,13,13,58
4.5,15,13,14,58
4.5,15,13,15,58
4.5,15,14,0,55
4.5,15,14,1,55
4.5,15,14,2,55
4.5,15,14,3,55
4.5,15,14,4,56
4.5,15,14,5,56
4.5,15,14,6,56
4.5,15,14,7,56
4.5,15,14,8,57
4.5,15,14,9,57
4.5,15,14,10,57
4.5,15,14,11,57
4.5,15,14,12,58
4.5,15,14,13,58
4.5,15,14,14,58
4.5,15,14,15,58
4.5,15,15,0,55
4.5,15,15,1,55
4.5,15,15,2,55
4.5,15,15,3,56
4.5,15,15,4,56
4.5,15,15,5,56
4.5,15,15,6,56
4.5,15,15,7,57
4.5,15,15,8,57
4.5,15,15,9,57
4.5,15,15,10,58
4.5,15,15,11,58
4.5,15,15,12,58
4.5,15,15,13,58
4.5,15,15,14,59
4.5,15,15,15,59
5.0,0,0,0,45
5.0,0,0,1,45
5.0,0,0,2,46
5.0,0,0,3,46
5.0,0,0,4,46
5.0,0,0,5,46
5.0,0,0,6,47
5.0,0,0,7,47
5.0,0,0,8,47
5.0,0,0,9,47
5.0,0,0,10,47
5.0,0,0,11,48
5.0,0,0,12,48
5.0,0,0,13,48
5.0,0,0,14,48
5.0,0,0,15,48
5.0,0,1,0,46
5.0,0,1,1,46
5.0,0,1,2,46
5.0,0,1,3,46
5.0,0,1,4,46
5.0,0,1,5,47
5.0,0,1,6,47
5.0,0,1,7,47
5.0,0,1,8,47
5.0,0,1,9,47
5.0,0,1,10,48
5.0,0,1,11,48
5.0,0,1,12,48
5.0,0,1,13,48
5.0,0,1,14,49
5.0,0,1,15,49
5.0,0,2,0,46
5.0,0,2,1,46
5.0,0,2,2,46
5.0,0,2,3,46
5.0,0,2,4,47
5.0,0,2,5,47
5.0,0,2,6,47
5.0,0,2,7,47
5.0,0,2,8,48
5.0,0,2,9,48
5.0,0,2,10,48
5.0,0,2,11,48
5.0,0,2,12,48
5.0,0,2,13,49
5.0,0,2,14,49
5.0,0,2,15,49
5.0,0,3,0,46
5.0,0,3,1,46
5.0,0,3,2,47
5.0,0,3,3,47
5.0,0,3,4,47
5.0,0,3,5,47
5.0,0,3,6,47
5.0,0,3,7,48
5.0,0,3,8,48
5.0,0,3,9,48
5.0,0,3,10,48
5.0,0,3,11,48
5.0,0,3,12,49
5.0,0,3,13,49
5.0,0,3,14,49
5.0,0,3,15,49
5.0,0,4,0,46
5.0,0,4,1,47
5.0,0,4,2,47
5.0,0,4,3,47
5.0,0,4,4,47
5.0,0,4,5,47
5.0,0,4,6,48
5.0,0,4,7,48
5.0,0,4,8,48
5.0,0,4,9,48
5.0,0,4,10,49
5.0,0,4,11,49
5.0,0,4,12,49
5.0,0,4,13,49
5.0,0,4,14,49
5.0,0,4,15,50
5.0,0,5,0,47
5.0,0,5,1,47
5.0,0,5,2,47
5.0,0,5,3,47
5.0,0,5,4,48
5.0,0,5,5,48
5.0,0,5,6,48
5.0,0,5,7,48
5.0,0,5,8,48
5.0,0,5,9,49
5.0,0,5,10,49
5.0,0,5,11,49
5.0,0,5,12,49
5.0,0,5,13,50
5.0,0,5,14,50
5.0,0,5,15,50
5.0,0,6,0,47
5.0,0,6,1,47
5.0,0,6,2,47
5.0,0,6,3,48
5.0,0,6,4,48
5.0,0,6,5,48
5.0,0,6,6,48
5.0,0,6,7,48
5.0,0,6,8,49
5.0,0,6,9,49
5.0,0,6,10,49
5.0,0,6,11,49
5.0,0,6,12,50
5.0,0,6,13,50
5.0,0,6,14,50
5.0,0,6,15,50
5.0,0,7,0,47
5.0,0,7,1,47
5.0,0,7,2,48
5.0,0,7,3,48
5.0,0,7,4,48
5.0,0,7,5,48
5.0,0,7,6,49
5.0,0,7,7,49
5.0,0,7,8,49
5.0,0,7,9,49
5.0,0,7,10,49
5.0,0,7,11,50
5.0,0,7,12,50
5.0,0,7,13,50
5.0,0,7,14,50
5.0,0,7,15,51
5.0,0,8,0,47
5.0,0,8,1,48
5.0,0,8,2,48
5.0,0,8,3,48
5.0,0,8,4,48
5.0,0,8,5,49
5.0,0,8,6,49
5.0,0,8,7,49
5.0,0,8,8,49
5.0,0,8,9,49
5.0,0,8,10,50
5.0,0,8,11,50
5.0,0,8,12,50
5.0,0,8,13,50
5.0,0,8,14,51
5.0,0,8,15,51
5.0,0,9,0,48
5.0,0,9,1,48
5.0,0,9,2,48
5.0,0,9,3,48
5.0,0,9,4,49
5.0,0,9,5,49
5.0,0,9,6,49
5.0,0,9,7,49
5.0,0,9,8,50
5.0,0,9,9,50
5.0,0,9,10,50
5.0,0,9,11,50
5.0,0,9,12,50
5.0,0,9,13,51
5.0,0,9,14,51
5.0,0,9,15,51
5.0,0,10,0,48
5.0,0,10,1,48
5.0,0,10,2,48
5.0,0,10,3,49
5.0,0,10,4,49
5.0,0,10,5,49
5.0,0,10,6,49
5.0,0,10,7,50
5.0,0,10,8,50
5.0,0,10,9,50
5.0,0,10,10,50
5.0,0,10,11,50
5.0,0,10,12,51
5.0,0,10,13,51
5.0,0,10,14,51
5.0,0,10,15,51
5.0,0,11,0,48
5.0,0,11,1,48
5.0,0,11,2,49
5.0,0,11,3,49
5.0,0,11,4,49
5.0,0,11,5,49
5.0,0,11,6,50
5.0,0,11,7,50
5.0,0,11,8,50
5.0,0,11,9,50
5.0,0,11,10,50
5.0,0,11,11,51
5.0,0,11,12,51
5.0,0,11,13,51
5.0,0,11,14,51
5.0,0,11,15,52
5.0,0,12,0,48
5.0,0,12,1,49
5.0,0,12,2,49
5.0,0,12,3,49
5.0,0,12,4,49
5.0,0,12,5,50
5.0,0,12,6,50
5.0,0,12,7,50
5.0,0,12,8,50
5.0,0,12,9,51
5.0,0,12,10,51
5.0,0,12,11,51
5.0,0,12,12,51
5.0,0,12,13,51
5.0,0,12,14,52
5.0,0,12,15,52
5.0,0,13,0,49
5.0,0,13,1,49
5.0,0,13,2,49
5.0,0,13,3,49
5.0,0,13,4,50
5.0,0,13,5,50
5.0,0,13,6,50
5.0,0,13,7,50
5.0,0,13,8,51
5.0,0,13,9,51
5.0,0,13,10,51
5.0,0,13,11,51
5.0,0,13,12,51
5.0,0,13,13,52
5.0,0,13,14,52
5.0,0,13,15,52
5.0,0,14,0,49
5.0,0,14,1,49
5.0,0,14,2,49
5.0,0,14,3,50
5.0,0,14,4,50
5.0,0,14,5,50
5.0,0,14,6,50
5.0,0,14,7,51
5.0,0,14,8,51
5.0,0,14,9,51
5.0,0,14,10,51
5.0,0,14,11,52
5.0,0,14,12,52
5.0,0,14,13,52
5.0,0,14,14,52
5.0,0,14,15,52
5.0,0,15,0,49
5.0,0,15,1,49
5.0,0,15,2,50
5.0,0,15,3,50
5.0,0,15,4,50
5.0,0,15,5,50
5.0,0,15,6,51
5.0,0,15,7,51
5.0,0,15,8,51
5.0,0,15,9,51
5.0,0,15,10,52
5.0,0,15,11,52
5.0,0,15,12,52
5.0,0,15,13,52
5.0,0,15,14,52
5.0,0,15,15,53
5.0,1,0,0,46
5.0,1,0,1,46
5.0,1,0,2,46
5.0,1,0,3,47
5.0,1,0,4,47
5.0,1,0,5,47
5.0,1,0,6,47
5.0,1,0,7,48
5.0,1,0,8,48
5.0,1,0,9,48
5.0,1,0,10,48
5.0,1,0,11,48
5.0,1,0,12,49
5.0,1,0,13,49
5.0,1,0,14,49
5.0,1,0,15,49
5.0,1,1,0,46
5.0,1,1,1,47
5.0,1,1,2,47
5.0,1,1,3,47
5.0,1,1,4,47
5.0,1,1,5,47
5.0,1,1,6,48
5.0,1,1,7,48
5.0,1,1,8,48
5.0,1,1,9,48
5.0,1,1,10,49
5.0,1,1,11,49
5.0,1,1,12,49
5.0,1,1,13,49
5.0,1,1,14,49
5.0,1,1,15,50
5.0,1,2,0,47
5.0,1,2,1,47
5.0,1,2,2,47
5.0,1,2,3,47
5.0,1,2,4,47
5.0,1,2,5,48
5.0,1,2,6,48
5.0,1,2,7,48
5.0,1,2,8,48
5.0,1,2,9,49
5.0,1,2,10,49
5.0,1,2,11,49
5.0,1,2,12,49
5.0,1,2,13,49
5.0,1,2,14,50
5.0,1,2,15,50
5.0,1,3,0,47
5.0,1,3,1,47
5.0,1,3,2,47
5.0,1,3,3,48
5.0,1,3,4,48
5.0,1,3,5,48
5.0,1,3,6,48
5.0,1,3,7,48
5.0,1,3,8,49
5.0,1,3,9,49
5.0,1,3,10,49
5.0,1,3,11,49
5.0,1,3,12,50
5.0,1,3,13,50
5.0,1,3,14,50
5.0,1,3,15,50
5.0,1,4,0,47
5.0,1,4,1,47
5.0,1,4,2,48
5.0,1,4,3,48
5.0,1,4,4,48
5.0,1,4,5,48
5.0,1,4,6,48
5.0,1,4,7,49
5.0,1,4,8,49
5.0,1,4,9,49
5.0,1,4,10,49
5.0,1,4,11,50
5.0,1,4,12,50
5.0,1,4,13,50
5.0,1,4,14,50
5.0,1,4,15,50
5.0,1,5,0,47
5.0,1,5,1,48
5.0,1,5,2,48
5.0,1,5,3,48
5.0,1,5,4,48
5.0,1,5,5,49
5.0,1,5,6,49
5.0,1,5,7,49
5.0,1,5,8,49
5.0,1,5,9,49
5.0,1,5,10,50
5.0,1,5,11,50
5.0,1,5,12,50
5.0,1,5,13,50
5.0,1,5,14,51
5.0,1,5,15,51
5.0,1,6,0,48
5.0,1,6,1,48
5.0,1,6,2,48
5.0,1,6,3,48
5.0,1,6,4,49
5.0,1,6,5,49
5.0,1,6,6,49
5.0,1,6,7,49
5.0,1,6,8,50
5.0,1,6,9,50
5.0,1,6,10,50
5.0,1,6,11,50
5.0,1,6,12,50
5.0,1,6,13,51
5.0,1,6,14,51
5.0,1,6,15,51
5.0,1,7,0,48
5.0,1,7,1,48
5.0,1,7,2,48
5.0,1,7,3,49
5.0,1,7,4,49
5.0,1,7,5,49
5.0,1,7,6,49
5.0,1,7,7,50
5.0,1,7,8,50
5.0,1,7,9,50
5.0,1,7,10,50
5.0,1,7,11,50
5.0,1,7,12,51
5.0,1,7,13,51
5.0,1,7,14,51
5.0,1,7,15,51
5.0,1,8,0,48
5.0,1,8,1,48
5.0,1,8,2,49
5.0,1,8,3,49
5.0,1,8,4,49
5.0,1,8,5,49
5.0,1,8,6,50
5.0,1,8,7,50
5.0,1,8,8,50
5.0,1,8,9,50
5.0,1,8,10,51
5.0,1,8,11,51
5.0,1,8,12,51
5.0,1,8,13,51
5.0,1,8,14,51
5.0,1,8,15,52
5.0,1,9,0,48
5.0,1,9,1,49
5.0,1,9,2,49
5.0,1,9,3,49
5.0,1,9,4,49
5.0,1,9,5,50
5.0,1,9,6,50
5.0,1,9,7,50
5.0,1,9,8,50
5.0,1,9,9,51
5.0,1,9,10,51
5.0,1,9,11,51
5.0,1,9,12,51
5.0,1,9,13,51
5.0,1,9,14,52
5.0,1,9,15,52
5.0,1,10,0,49
5.0,1,10,1,49
5.0,1,10,2,49
5.0,1,10,3,49
5.0,1,10,4,50
5.0,1,10,5,50
5.0,1,10,6,50
5.0,1,10,7,50
5.0,1,10,8,51
5.0,1,10,9,51
5.0,1,10,10,51
5.0,1,10,11,51
5.0,1,10,12,52
5.0,1,10,13,52
5.0,1,10,14,52
5.0,1,10,15,52
5.0,1,11,0,49
5.0,1,11,1,49
5.0,1,11,2,49
5.0,1,11,3,50
5.0,1,11,4,50
5.0,1,11,5,50
5.0,1,11,6,50
5.0,1,11,7,51
5.0,1,11,8,51
5.0,1,11,9,51
5.0,1,11,10,51
5.0,1,11,11,52
5.0,1,11,12,52
5.0,1,11,13,52
5.0,1,11,14,52
5.0,1,11,15,53
5.0,1,12,0,49
5.0,1,12,1,50
5.0,1,12,2,50
5.0,1,12,3,50
5.0,1,12,4,50
5.0,1,12,5,50
5.0,1,12,6,51
5.0,1,12,7,51
5.0,1,12,8,51
5.0,1,12,9,51
5.0,1,12,10,52
5.0,1,12,11,52
5.0,1,12,12,52
5.0,1,12,13,52
5.0,1,12,14,53
5.0,1,12,15,53
5.0,1,13,0,50
5.0,1,13,1,50
5.0,1,13,2,50
5.0,1,13,3,50
5.0,1,13,4,50
5.0,1,13,5,51
5.0,1,13,6,51
5.0,1,13,7,51
5.0,1,13,8,51
5.0,1,13,9,52
5.0,1,13,10,52
5.0,1,13,11,52
5.0,1,13,12,52
5.0,1,13,13,53
5.0,1,13,14,53
5.0,1,13,15,53
5.0,1,14,0,50
5.0,1,14,1,50
5.0,1,14,2,50
5.0,1,14,3,51
5.0,1,14,4,51
5.0,1,14,5,51
5.0,1,14,6,51
5.0,1,14,7,51
5.0,1,14,8,52
5.0,1,14,9,52
5.0,1,14,10,52
5.0,1,14,11,52
5.0,1,14,12,53
5.0,1,14,13,53
5.0,1,14,14,53
5.0,1,14,15,53
5.0,1,15,0,50
5.0,1,15,1,50
5.0,1,15,2,51
5.0,1,15,3,51
5.0,1,15,4,51
5.0,1,15,5,51
5.0,1,15,6,52
5.0,1,15,7,52
5.0,1,15,8,52
5.0,1,15,9,52
5.0,1,15,10,52
5.0,1,15,11,53
5.0,1,15,12,53
5.0,1,15,13,53
5.0,1,15,14,53
5.0,1,15,15,54
5.0,2,0,0,47
5.0,2,0,1,47
5.0,2,0,2,47
5.0,2,0,3,47
5.0,2,0,4,48
5.0,2,0,5,48
5.0,2,0,6,48
5.0,2,0,7,48
5.0,2,0,8,49
5.0,2,0,9,49
5.0,2,0,10,49
5.0,2,0,11,49
5.0,2,0,12,49
5.0,2,0,13,50
5.0,2,0,14,50
5.0,2,0,15,50
5.0,2,1,0,47
5.0,2,1,1,47
5.0,2,1,2,48
5.0,2,1,3,48
5.0,2,1,4,48
5.0,2,1,5,48
5.0,2,1,6,48
5.0,2,1,7,49
5.0,2,1,8,49
5.0,2,1,9,49
5.0,2,1,10,49
5.0,2,1,11,50
5.0,2,1,12,50
5.0,2,1,13,50
5.0,2,1,14,50
5.0,2,1,15,50
5.0,2,2,0,47
5.0,2,2,1,48
5.0,2,2,2,48
5.0,2,2,3,48
5.0,2,2,4,48
5.0,2,2,5,49
5.0,2,2,6,49
5.0,2,2,7,49
5.0,2,2,8,49
5.0,2,2,9,49
5.0,2,2,10,50
5.0,2,2,11,50
5.0,2,2,12,50
5.0,2,2,13,50
5.0,2,2,14,51
5.0,2,2,15,51
5.0,2,3,0,48
5.0,2,3,1,48
5.0,2,3,2,48
5.0,2,3,3,48
5.0,2,3,4,49
5.0,2,3,5,49
5.0,2,3,6,49
5.0,2,3,7,49
5.0,2,3,8,49
5.0,2,3,9,50
5.0,2,3,10,50
5.0,2,3,11,50
5.0,2,3,12,50
5.0,2,3,13,51
5.0,2,3,14,51
5.0,2,3,15,51
5.0,2,4,0,48
5.0,2,4,1,48
5.0,2,4,2,48
5.0,2,4,3,49
5.0,2,4,4,49
5.0,2,4,5,49
5.0,2,4,6,49
5.0,2,4,7,50
5.0,2,4,8,50
5.0,2,4,9,50
5.0,2,4,10,50
5.0,2,4,11,50
5.0,2,4,12,51
5.0,2,4,13,51
5.0,2,4,14,51
5.0,2,4,15,51
5.0,2,5,0,48
5.0,2,5,1,48
5.0,2,5,2,49
5.0,2,5,3,49
5.0,2,5,4,49
5.0,2,5,5,49
5.0,2,5,6,50
5.0,2,5,7,50
5.0,2,5,8,50
5.0,2,5,9,50
5.0,2,5,10,51
5.0,2,5,11,51
5.0,2,5,12,51
5.0,2,5,13,51
5.0,2,5,14,51
5.0,2,5,15,52
5.0,2,6,0,48
5.0,2,6,1,49
5.0,2,6,2,49
5.0,2,6,3,49
5.0,2,6,4,49
5.0,2,6,5,50
5.0,2,6,6,50
5.0,2,6,7,50
5.0,2,6,8,50
5.0,2,6,9,51
5.0,2,6,10,51
5.0,2,6,11,51
5.0,2,6,12,51
5.0,2,6,13,51
5.0,2,6,14,52
5.0,2,6,15,52
5.0,2,7,0,49
5.0,2,7,1,49
5.0,2,7,2,49
5.0,2,7,3,49
5.0,2,7,4,50
5.0,2,7,5,50
5.0,2,7,6,50
5.0,2,7,7,50
5.0,2,7,8,51
5.0,2,7,9,51
5.0,2,7,10,51
5.0,2,7,11,51
5.0,2,7,12,52
5.0,2,7,13,52
5.0,2,7,14,52
5.0,2,7,15,52
5.0,2,8,0,49
5.0,2,8,1,49
5.0,2,8,2,49
5.0,2,8,3,50
5.0,2,8,4,50
5.0,2,8,5,50
5.0,2,8,6,50
5.0,2,8,7,51
5.0,2,8,8,51
5.0,2,8,9,51
5.0,2,8,10,51
5.0,2,8,11,52
5.0,2,8,12,52
5.0,2,8,13,52
5.0,2,8,14,52
5.0,2,8,15,53
5.0,2,9,0,49
5.0,2,9,1,50
5.0,2,9,2,50
5.0,2,9,3,50
5.0,2,9,4,50
5.0,2,9,5,50
5.0,2,9,6,51
5.0,2,9,7,51
5.0,2,9,8,51
5.0,2,9,9,51
5.0,2,9,10,52
5.0,2,9,11,52
5.0,2,9,12,52
5.0,2,9,13,52
5.0,2,9,14,53
5.0,2,9,15,53
5.0,2,10,0,50
5.0,2,10,1,50
5.0,2,10,2,50
5.0,2,10,3,50
5.0,2,10,4,51
5.0,2,10,5,51
5.0,2,10,6,51
5.0,2,10,7,51
5.0,2,10,8,51
5.0,2,10,9,52
5.0,2,10,10,52
5.0,2,10,11,52
5.0,2,10,12,52
5.0,2,10,13,53
5.0,2,10,14,53
5.0,2,10,15,53
5.0,2,11,0,50
5.0,2,11,1,50
5.0,2,11,2,50
5.0,2,11,3,51
5.0,2,11,4,51
5.0,2,11,5,51
5.0,2,11,6,51
5.0,2,11,7,52
5.0,2,11,8,52
5.0,2,11,9,52
5.0,2,11,10,52
5.0,2,11,11,52
5.0,2,11,12,53
5.0,2,11,13,53
5.0,2,11,14,53
5.0,2,11,15,53
5.0,2,12,0,50
5.0,2,12,1,50
5.0,2,12,2,51
5.0,2,12,3,51
5.0,2,12,4,51
5.0,2,12,5,51
5.0,2,12,6,52
5.0,2,12,7,52
5.0,2,12,8,52
5.0,2,12,9,52
5.0,2,12,10,53
5.0,2,12,11,53
5.0,2,12,12,53
5.0,2,12,13,53
5.0,2,12,14,53
5.0,2,12,15,54
5.0,2,13,0,50
5.0,2,13,1,51
5.0,2,13,2,51
5.0,2,13,3,51
5.0,2,13,4,51
5.0,2,13,5,52
5.0,2,13,6,52
5.0,2,13,7,52
5.0,2,13,8,52
5.0,2,13,9,53
5.0,2,13,10,53
5.0,2,13,11,53
5.0,2,13,12,53
5.0,2,13,13,53
5.0,2,13,14,54
5.0,2,13,15,54
5.0,2,14,0,51
5.0,2,14,1,51
5.0,2,14,2,51
5.0,2,14,3,51
5.0,2,14,4,52
5.0,2,14,5,52
5.0,2,14,6,52
5.0,2,14,7,52
5.0,2,14,8,53
5.0,2,14,9,53
5.0,2,14,10,53
5.0,2,14,11,53
5.0,2,14,12,54
5.0,2,14,13,54
5.0,2,14,14,54
5.0,2,14,15,54
5.0,2,15,0,51
5.0,2,15,1,51
5.0,2,15,2,51
5.0,2,15,3,52
5.0,2,15,4,52
5.0,2,15,5,52
5.0,2,15,6,52
5.0,2,15,7,53
5.0,2,15,8,53
5.0,2,15,9,53
5.0,2,15,10,53
5.0,2,15,11,54
5.0,2,15,12,54
5.0,2,15,13,54
5.0,2,15,14,54
5.0,2,15,15,55
5.0,3,0,0,48
5.0,3,0,1,48
5.0,3,0,2,48
5.0,3,0,3,48
5.0,3,0,4,48
5.0,3,0,5,49
5.0,3,0,6,49
5.0,3,0,7,49
5.0,3,0,8,49
5.0,3,0,9,50
5.0,3,0,10,50
5.0,3,0,11,50
5.0,3,0,12,50
5.0,3,0,13,51
5.0,3,0,14,51
5.0,3,0,15,51
5.0,3,1,0,48
5.0,3,1,1,48
5.0,3,1,2,48
5.0,3,1,3,49
5.0,3,1,4,49
5.0,3,1,5,49
5.0,3,1,6,49
5.0,3,1,7,49
5.0,3,1,8,50
5.0,3,1,9,50
5.0,3,1,10,50
5.0,3,1,11,50
5.0,3,1,12,51
5.0,3,1,13,51
5.0,3,1,14,51
5.0,3,1,15,51
5.0,3,2,0,48
5.0,3,2,1,48
5.0,3,2,2,49
5.0,3,2,3,49
5.0,3,2,4,49
5.0,3,2,5,49
5.0,3,2,6,50
5.0,3,2,7,50
5.0,3,2,8,50
5.0,3,2,9,50
5.0,3,2,10,50
5.0,3,2,11,51
5.0,3,2,12,51
5.0,3,2,13,51
5.0,3,2,14,51
5.0,3,2,15,52
5.0,3,3,0,48
5.0,3,3,1,49
5.0,3,3,2,49
5.0,3,3,3,49
5.0,3,3,4,49
5.0,3,3,5,50
5.0,3,3,6,50
5.0,3,3,7,50
5.0,3,3,8,50
5.0,3,3,9,51
5.0,3,3,10,51
5.0,3,3,11,51
5.0,3,3,12,51
5.0,3,3,13,51
5.0,3,3,14,52
5.0,3,3,15,52
5.0,3,4,0,49
5.0,3,4,1,49
5.0,3,4,2,49
5.0,3,4,3,49
5.0,3,4,4,50
5.0,3,4,5,50
5.0,3,4,6,50
5.0,3,4,7,50
5.0,3,4,8,51
5.0,3,4,9,51
5.0,3,4,10,51
5.0,3,4,11,51
5.0,3,4,12,52
5.0,3,4,13,52
5.0,3,4,14,52
5.0,3,4,15,52
5.0,3,5,0,49
5.0,3,5,1,49
5.0,3,5,2,49
5.0,3,5,3,50
5.0,3,5,4,50
5.0,3,5,5,50
5.0,3,5,6,50
5.0,3,5,7,51
5.0,3,5,8,51
5.0,3,5,9,51
5.0,3,5,10,51
5.0,3,5,11,52
5.0,3,5,12,52
5.0,3,5,13,52
5.0,3,5,14,52
5.0,3,5,15,52
5.0,3,6,0,49
5.0,3,6,1,50
5.0,3,6,2,50
5.0,3,6,3,50
5.0,3,6,4,50
5.0,3,6,5,50
5.0,3,6,6,51
5.0,3,6,7,51
5.0,3,6,8,51
5.0,3,6,9,51
5.0,3,6,10,52
5.0,3,6,11,52
5.0,3,6,12,52
5.0,3,6,13,52
5.0,3,6,14,53
5.0,3,6,15,53
5.0,3,7,0,50
5.0,3,7,1,50
5.0,3,7,2,50
5.0,3,7,3,50
5.0,3,7,4,51
5.0,3,7,5,51
5.0,3,7,6,51
5.0,3,7,7,51
5.0,3,7,8,51
5.0,3,7,9,52
5.0,3,7,10,52
5.0,3,7,11,52
5.0,3,7,12,52
5.0,3,7,13,53
5.0,3,7,14,53
5.0,3,7,15,53
5.0,3,8,0,50
5.0,3,8,1,50
5.0,3,8,2,50
5.0,3,8,3,51
5.0,3,8,4,51
5.0,3,8,5,51
5.0,3,8,6,51
5.0,3,8,7,52
5.0,3,8,8,52
5.0,3,8,9,52
5.0,3,8,10,52
5.0,3,8,11,52
5.0,3,8,12,53
5.0,3,8,13,53
5.0,3,8,14,53
5.0,3,8,15,53
5.0,3,9,0,50
5.0,3,9,1,50
5.0,3,9,2,51
5.0,3,9,3,51
5.0,3,9,4,51
5.0,3,9,5,51
5.0,3,9,6,52
5.0,3,9,7,52
5.0,3,9,8,52
5.0,3,9,9,52
5.0,3,9,10,53
5.0,3,9,11,53
5.0,3,9,12,53
5.0,3,9,13,53
5.0,3,9,14,53
5.0,3,9,15,54
5.0,3,10,0,50
5.0,3,10,1,51
5.0,3,10,2,51
5.0,3,10,3,51
5.0,3,10,4,51
5.0,3,10,5,52
5.0,3,10,6,52
5.0,3,10,7,52
5.0,3,10,8,52
5.0,3,10,9,53
5.0,3,10,10,53
5.0,3,10,11,53
5.0,3,10,12,53
5.0,3,10,13,54
5.0,3,10,14,54
5.0,3,10,15,54
5.0,3,11,0,51
5.0,3,11,1,51
5.0,3,11,2,51
5.0,3,11,3,51
5.0,3,11,4,52
5.0,3,11,5,52
5.0,3,11,6,52
5.0,3,11,7,52
5.0,3,11,8,53
5.0,3,11,9,53
5.0,3,11,10,53
5.0,3,11,11,53
5.0,3,11,12,54
5.0,3,11,13,54
5.0,3,11,14,54
5.0,3,11,15,54
5.0,3,12,0,51
5.0,3,12,1,51
5.0,3,12,2,51
5.0,3,12,3,52
5.0,3,12,4,52
5.0,3,12,5,52
5.0,3,12,6,52
5.0,3,12,7,53
5.0,3,12,8,53
5.0,3,12,9,53
5.0,3,12,10,53
5.0,3,12,11,54
5.0,3,12,12,54
5.0,3,12,13,54
5.0,3,12,14,54
5.0,3,12,15,55
5.0,3,13,0,51
5.0,3,13,1,51
5.0,3,13,2,52
5.0,3,13,3,52
5.0,3,13,4,52
5.0,3,13,5,52
5.0,3,13,6,53
5.0,3,13,7,53
5.0,3,13,8,53
5.0,3,13,9,53
5.0,3,13,10,54
5.0,3,13,11,54
5.0,3,13,12,54
5.0,3,13,13,54
5.0,3,13,14,55
5.0,3,13,15,55
5.0,3,14,0,51
5.0,3,14,1,52
5.0,3,14,2,52
5.0,3,14,3,52
5.0,3,14,4,52
5.0,3,14,5,53
5.0,3,14,6,53
5.0,3,14,7,53
5.0,3,14,8,53
5.0,3,14,9,54
5.0,3,14,10,54
5.0,3,14,11,54
5.0,3,14,12,54
5.0,3,14,13,55
5.0,3,14,14,55
5.0,3,14,15,55
5.0,3,15,0,52
5.0,3,15,1,52
5.0,3,15,2,52
5.0,3,15,3,52
5.0,3,15,4,53
5.0,3,15,5,53
5.0,3,15,6,53
5.0,3,15,7,53
5.0,3,15,8,54
5.0,3,15,9,54
5.0,3,15,10,54
5.0,3,15,11,54
5.0,3,15,12,55
5.0,3,15,13,55
5.0,3,15,14,55
5.0,3,15,15,55
5.0,4,0,0,48
5.0,4,0,1,49
5.0,4,0,2,49
5.0,4,0,3,49
5.0,4,0,4,49
5.0,4,0,5,50
5.0,4,0,6,50
5.0,4,0,7,50
5.0,4,0,8,50
5.0,4,0,9,50
5.0,4,0,10,51
5.0,4,0,11,51
5.0,4,0,12,51
5.0,4,0,13,51
5.0,4,0,14,52
5.0,4,0,15,52
5.0,4,1,0,49
5.0,4,1,1,49
5.0,4,1,2,49
5.0,4,1,3,49
5.0,4,1,4,50
5.0,4,1,5,50
5.0,4,1,6,50
5.0,4,1,7,50
5.0,4,1,8,51
5.0,4,1,9,51
5.0,4,1,10,51
5.0,4,1,11,51
5.0,4,1,12,51
5.0,4,1,13,52
5.0,4,1,14,52
5.0,4,1,15,52
5.0,4,2,0,49
5.0,4,2,1,49
5.0,4,2,2,49
5.0,4,2,3,50
5.0,4,2,4,50
5.0,4,2,5,50
5.0,4,2,6,50
5.0,4,2,7,51
5.0,4,2,8,51
5.0,4,2,9,51
5.0,4,2,10,51
5.0,4,2,11,52
5.0,4,2,12,52
5.0,4,2,13,52
5.0,4,2,14,52
5.0,4,2,15,52
5.0,4,3,0,49
5.0,4,3,1,49
5.0,4,3,2,50
5.0,4,3,3,50
5.0,4,3,4,50
5.0,4,3,5,50
5.0,4,3,6,51
5.0,4,3,7,51
5.0,4,3,8,51
5.0,4,3,9,51
5.0,4,3,10,52
5.0,4,3,11,52
5.0,4,3,12,52
5.0,4,3,13,52
5.0,4,3,14,53
5.0,4,3,15,53
5.0,4,4,0,49
5.0,4,4,1,50
5.0,4,4,2,50
5.0,4,4,3,50
5.0,4,4,4,50
5.0,4,4,5,51
5.0,4,4,6,51
5.0,4,4,7,51
5.0,4,4,8,51
5.0,4,4,9,52
5.0,4,4,10,52
5.0,4,4,11,52
5.0,4,4,12,52
5.0,4,4,13,53
5.0,4,4,14,53
5.0,4,4,15,53
5.0,4,5,0,50
5.0,4,5,1,50
5.0,4,5,2,50
5.0,4,5,3,51
5.0,4,5,4,51
5.0,4,5,5,51
5.0,4,5,6,51
5.0,4,5,7,51
5.0,4,5,8,52
5.0,4,5,9,52
5.0,4,5,10,52
5.0,4,5,11,52
5.0,4,5,12,53
5.0,4,5,13,53
5.0,4,5,14,53
5.0,4,5,15,53
5.0,4,6,0,50
5.0,4,6,1,50
5.0,4,6,2,51
5.0,4,6,3,51
5.0,4,6,4,51
5.0,4,6,5,51
5.0,4,6,6,52
5.0,4,6,7,52
5.0,4,6,8,52
5.0,4,6,9,52
5.0,4,6,10,52
5.0,4,6,11,53
5.0,4,6,12,53
5.0,4,6,13,53
5.0,4,6,14,53
5.0,4,6,15,54
5.0,4,7,0,50
5.0,4,7,1,51
5.0,4,7,2,51
5.0,4,7,3,51
5.0,4,7,4,51
5.0,4,7,5,52
5.0,4,7,6,52
5.0,4,7,7,52
5.0,4,7,8,52
5.0,4,7,9,53
5.0,4,7,10,53
5.0,4,7,11,53
5.0,4,7,12,53
5.0,4,7,13,53
5.0,4,7,14,54
5.0,4,7,15,54
5.0,4,8,0,51
5.0,4,8,1,51
5.0,4,8,2,51
5.0,4,8,3,51
5.0,4,8,4,52
5.0,4,8,5,52
5.0,4,8,6,52
5.0,4,8,7,52
5.0,4,8,8,53
5.0,4,8,9,53
5.0,4,8,10,53
5.0,4,8,11,53
5.0,4,8,12,54
5.0,4,8,13,54
5.0,4,8,14,54
5.0,4,8,15,54
5.0,4,9,0,51
5.0,4,9,1,51
5.0,4,9,2,51
5.0,4,9,3,52
5.0,4,9,4,52
5.0,4,9,5,52
5.0,4,9,6,52
5.0,4,9,7,53
5.0,4,9,8,53
5.0,4,9,9,53
5.0,4,9,10,53
5.0,4,9,11,54
5.0,4,9,12,54
5.0,4,9,13,54
5.0,4,9,14,54
5.0,4,9,15,55
5.0,4,10,0,51
5.0,4,10,1,51
5.0,4,10,2,52
5.0,4,10,3,52
5.0,4,10,4,52
5.0,4,10,5,52
5.0,4,10,6,53
5.0,4,10,7,53
5.0,4,10,8,53
5.0,4,10,9,53
5.0,4,10,10,54
5.0,4,10,11,54
5.0,4,10,12,54
5.0,4,10,13,54
5.0,4,10,14,55
5.0,4,10,15,55
5.0,4,11,0,51
5.0,4,11,1,52
5.0,4,11,2,52
5.0,4,11,3,52
5.0,4,11,4,52
5.0,4,11,5,53
5.0,4,11,6,53
5.0,4,11,7,53
5.0,4,11,8,53
5.0,4,11,9,54
5.0,4,11,10,54
5.0,4,11,11,54
5.0,4,11,12,54
5.0,4,11,13,55
5.0,4,11,14,55
5.0,4,11,15,55
5.0,4,12,0,52
5.0,4,12,1,52
5.0,4,12,2,52
5.0,4,12,3,53
5.0,4,12,4,53
5.0,4,12,5,53
5.0,4,12,6,53
5.0,4,12,7,54
5.0,4,12,8,54
5.0,4,12,9,54
5.0,4,12,10,54
5.0,4,12,11,54
5.0,4,12,12,55
5.0,4,12,13,55
5.0,4,12,14,55
5.0,4,12,15,55
5.0,4,13,0,52
5.0,4,13,1,52
5.0,4,13,2,53
5.0,4,13,3,53
5.0,4,13,4,53
5.0,4,13,5,53
5.0,4,13,6,54
5.0,4,13,7,54
5.0,4,13,8,54
5.0,4,13,9,54
5.0,4,13,10,55
5.0,4,13,11,55
5.0,4,13,12,55
5.0,4,13,13,55
5.0,4,13,14,56
5.0,4,13,15,56
5.0,4,14,0,52
5.0,4,14,1,53
5.0,4,14,2,53
5.0,4,14,3,53
5.0,4,14,4,53
5.0,4,14,5,54
5.0,4,14,6,54
5.0,4,14,7,54
5.0,4,14,8,54
5.0,4,14,9,55
5.0,4,14,10,55
5.0,4,14,11,55
5.0,4,14,12,55
5.0,4,14,13,56
5.0,4,14,14,56
5.0,4,14,15,56
5.0,4,15,0,53
5.0,4,15,1,53
5.0,4,15,2,53
5.0,4,15,3,53
5.0,4,15,4,54
5.0,4,15,5,54
5.0,4,15,6,54
5.0,4,15,7,54
5.0,4,15,8,55
5.0,4,15,9,55
5.0,4,15,10,55
5.0,4,15,11,55
5.0,4,15,12,56
5.0,4,15,13,56
5.0,4,15,14,56
5.0,4,15,15,56
5.0,5,0,0,49
5.0,5,0,1,49
5.0,5,0,2,50
5.0,5,0,3,50
5.0,5,0,4,50
5.0,5,0,5,50
5.0,5,0,6,51
5.0,5,0,7,51
5.0,5,0,8,51
5.0,5,0,9,51
5.0,5,0,10,51
5.0,5,0,11,52
5.0,5,0,12,52
5.0,5,0,13,52
5.0,5,0,14,52
5.0,5,0,15,53
5.0,5,1,0,49
5.0,5,1,1,50
5.0,5,1,2,50
5.0,5,1,3,50
5.0,5,1,4,50
5.0,5,1,5,51
5.0,5,1,6,51
5.0,5,1,7,51
5.0,5,1,8,51
5.0,5,1,9,52
5.0,5,1,10,52
5.0,5,1,11,52
5.0,5,1,12,52
5.0,5,1,13,52
5.0,5,1,14,53
5.0,5,1,15,53
5.0,5,2,0,50
5.0,5,2,1,50
5.0,5,2,2,50
5.0,5,2,3,50
5.0,5,2,4,51
5.0,5,2,5,51
5.0,5,2,6,51
5.0,5,2,7,51
5.0,5,2,8,52
5.0,5,2,9,52
5.0,5,2,10,52
5.0,5,2,11,52
5.0,5,2,12,53
5.0,5,2,13,53
5.0,5,2,14,53
5.0,5,2,15,53
5.0,5,3,0,50
5.0,5,3,1,50
5.0,5,3,2,50
5.0,5,3,3,51
5.0,5,3,4,51
5.0,5,3,5,51
5.0,5,3,6,51
5.0,5,3,7,52
5.0,5,3,8,52
5.0,5,3,9,52
5.0,5,3,10,52
5.0,5,3,11,53
5.0,5,3,12,53
5.0,5,3,13,53
5.0,5,3,14,53
5.0,5,3,15,54
5.0,5,4,0,50
5.0,5,4,1,51
5.0,5,4,2,51
5.0,5,4,3,51
5.0,5,4,4,51
5.0,5,4,5,52
5.0,5,4,6,52
5.0,5,4,7,52
5.0,5,4,8,52
5.0,5,4,9,52
5.0,5,4,10,53
5.0,5,4,11,53
5.0,5,4,12,53
5.0,5,4,13,53
5.0,5,4,14,54
5.0,5,4,15,54
5.0,5,5,0,51
5.0,5,5,1,51
5.0,5,5,2,51
5.0,5,5,3,51
5.0,5,5,4,52
5.0,5,5,5,52
5.0,5,5,6,52
5.0,5,5,7,52
5.0,5,5,8,53
5.0,5,5,9,53
5.0,5,5,10,53
5.0,5,5,11,53
5.0,5,5,12,54
5.0,5,5,13,54
5.0,5,5,14,54
5.0,5,5,15,54
5.0,5,6,0,51
5.0,5,6,1,51
5.0,5,6,2,51
5.0,5,6,3,52
5.0,5,6,4,52
5.0,5,6,5,52
5.0,5,6,6,52
5.0,5,6,7,53
5.0,5,6,8,53
5.0,5,6,9,53
5.0,5,6,10,53
5.0,5,6,11,54
5.0,5,6,12,54
5.0,5,6,13,54
5.0,5,6,14,54
5.0,5,6,15,55
5.0,5,7,0,51
5.0,5,7,1,51
5.0,5,7,2,52
5.0,5,7,3,52
5.0,5,7,4,52
5.0,5,7,5,52
5.0,5,7,6,53
5.0,5,7,7,53
5.0,5,7,8,53
5.0,5,7,9,53
5.0,5,7,10,54
5.0,5,7,11,54
5.0,5,7,12,54
5.0,5,7,13,54
5.0,5,7,14,55
5.0,5,7,15,55
5.0,5,8,0,51
5.0,5,8,1,52
5.0,5,8,2,52
5.0,5,8,3,52
5.0,5,8,4,52
5.0,5,8,5,53
5.0,5,8,6,53
5.0,5,8,7,53
5.0,5,8,8,53
5.0,5,8,9,54
5.0,5,8,10,54
5.0,5,8,11,54
5.0,5,8,12,54
5.0,5,8,13,55
5.0,5,8,14,55
5.0,5,8,15,55
5.0,5,9,0,52
5.0,5,9,1,52
5.0,5,9,2,52
5.0,5,9,3,52
5.0,5,9,4,53
5.0,5,9,5,53
5.0,5,9,6,53
5.0,5,9,7,53
5.0,5,9,8,54
5.0,5,9,9,54
5.0,5,9,10,54
5.0,5,9,11,54
5.0,5,9,12,55
5.0,5,9,13,55
5.0,5,9,14,55
5.0,5,9,15,55
5.0,5,10,0,52
5.0,5,10,1,52
5.0,5,10,2,53
5.0,5,10,3,53
5.0,5,10,4,53
5.0,5,10,5,53
5.0,5,10,6,54
5.0,5,10,7,54
5.0,5,10,8,54
5.0,5,10,9,54
5.0,5,10,10,55
5.0,5,10,11,55
5.0,5,10,12,55
5.0,5,10,13,55
5.0,5,10,14,56
5.0,5,10,15,56
5.0,5,11,0,52
5.0,5,11,1,53
5.0,5,11,2,53
5.0,5,11,3,53
5.0,5,11,4,53
5.0,5,11,5,54
5.0,5,11,6,54
5.0,5,11,7,54
5.0,5,11,8,54
5.0,5,11,9,55
5.0,5,11,10,55
5.0,5,11,11,55
5.0,5,11,12,55
5.0,5,11,13,56
5.0,5,11,14,56
5.0,5,11,15,56
5.0,5,12,0,53
5.0,5,12,1,53
5.0,5,12,2,53
5.0,5,12,3,53
5.0,5,12,4,54
5.0,5,12,5,54
5.0,5,12,6,54
5.0,5,12,7,54
5.0,5,12,8,55
5.0,5,12,9,55
5.0,5,12,10,55
5.0,5,12,11,55
5.0,5,12,12,56
5.0,5,12,13,56
5.0,5,12,14,56
5.0,5,12,15,56
5.0,5,13,0,53
5.0,5,13,1,53
5.0,5,13,2,53
5.0,5,13,3,54
5.0,5,13,4,54
5.0,5,13,5,54
5.0,5,13,6,54
5.0,5,13,7,55
5.0,5,13,8,55
5.0,5,13,9,55
5.0,5,13,10,55
5.0,5,13,11,56
5.0,5,13,12,56
5.0,5,13,13,56
5.0,5,13,14,56
5.0,5,13,15,57
5.0,5,14,0,53
5.0,5,14,1,53
5.0,5,14,2,54
5.0,5,14,3,54
5.0,5,14,4,54
5.0,5,14,5,54
5.0,5,14,6,55
5.0,5,14,7,55
5.0,5,14,8,55
5.0,5,14,9,55
5.0,5,14,10,56
5.0,5,14,11,56
5.0,5,14,12,56
5.0,5,14,13,56
5.0,5,14,14,57
5.0,5,14,15,57
5.0,5,15,0,53
5.0,5,15,1,54
5.0,5,15,2,54
5.0,5,15,3,54
5.0,5,15,4,54
5.0,5,15,5,55
5.0,5,15,6,55
5.0,5,15,7,55
5.0,5,15,8,55
5.0,5,15,9,56
5.0,5,15,10,56
5.0,5,15,11,56
5.0,5,15,12,56
5.0,5,15,13,57
5.0,5,15,14,57
5.0,5,15,15,57
5.0,6,0,0,50
5.0,6,0,1,50
5.0,6,0,2,50
5.0,6,0,3,51
5.0,6,0,4,51
5.0,6,0,5,51
5.0,6,0,6,51
5.0,6,0,7,52
5.0,6,0,8,52
5.0,6,0,9,52
5.0,6,0,10,52
5.0,6,0,11,53
5.0,6,0,12,53
5.0,6,0,13,53
5.0,6,0,14,53
5.0,6,0,15,53
5.0,6,1,0,50
5.0,6,1,1,50
5.0,6,1,2,51
5.0,6,1,3,51
5.0,6,1,4,51
5.0,6,1,5,51
5.0,6,1,6,52
5.0,6,1,7,52
5.0,6,1,8,52
5.0,6,1,9,52
5.0,6,1,10,53
5.0,6,1,11,53
5.0,6,1,12,53
5.0,6,1,13,53
5.0,6,1,14,54
5.0,6,1,15,54
5.0,6,2,0,50
5.0,6,2,1,51
5.0,6,2,2,51
5.0,6,2,3,51
5.0,6,2,4,51
5.0,6,2,5,52
5.0,6,2,6,52
5.0,6,2,7,52
5.0,6,2,8,52
5.0,6,2,9,53
5.0,6,2,10,53
5.0,6,2,11,53
5.0,6,2,12,53
5.0,6,2,13,54
5.0,6,2,14,54
5.0,6,2,15,54
5.0,6,3,0,51
5.0,6,3,1,51
5.0,6,3,2,51
5.0,6,3,3,52
5.0,6,3,4,52
5.0,6,3,5,52
5.0,6,3,6,52
5.0,6,3,7,53
5.0,6,3,8,53
5.0,6,3,9,53
5.0,6,3,10,53
5.0,6,3,11,53
5.0,6,3,12,54
5.0,6,3,13,54
5.0,6,3,14,54
5.0,6,3,15,54
5.0,6,4,0,51
5.0,6,4,1,51
5.0,6,4,2,52
5.0,6,4,3,52
5.0,6,4,4,52
5.0,6,4,5,52
5.0,6,4,6,53
5.0,6,4,7,53
5.0,6,4,8,53
5.0,6,4,9,53
5.0,6,4,10,54
5.0,6,4,11,54
5.0,6,4,12,54
5.0,6,4,13,54
5.0,6,4,14,55
5.0,6,4,15,55
5.0,6,5,0,51
5.0,6,5,1,52
5.0,6,5,2,52
5.0,6,5,3,52
5.0,6,5,4,52
5.0,6,5,5,53
5.0,6,5,6,53
5.0,6,5,7,53
5.0,6,5,8,53
5.0,6,5,9,54
5.0,6,5,10,54
5.0,6,5,11,54
5.0,6,5,12,54
5.0,6,5,13,55
5.0,6,5,14,55
5.0,6,5,15,55
5.0,6,6,0,52
5.0,6,6,1,52
5.0,6,6,2,52
5.0,6,6,3,52
5.0,6,6,4,53
5.0,6,6,5,53
5.0,6,6,6,53
5.0,6,6,7,53
5.0,6,6,8,54
5.0,6,6,9,54
5.0,6,6,10,54
5.0,6,6,11,54
5.0,6,6,12,55
5.0,6,6,13,55
5.0,6,6,14,55
5.0,6,6,15,55
5.0,6,7,0,52
5.0,6,7,1,52
5.0,6,7,2,52
5.0,6,7,3,53
5.0,6,7,4,53
5.0,6,7,5,53
5.0,6,7,6,53
5.0,6,7,7,54
5.0,6,7,8,54
5.0,6,7,9,54
5.0,6,7,10,54
5.0,6,7,11,55
5.0,6,7,12,55
5.0,6,7,13,55
5.0,6,7,14,55
5.0,6,7,15,56
5.0,6,8,0,52
5.0,6,8,1,53
5.0,6,8,2,53
5.0,6,8,3,53
5.0,6,8,4,53
5.0,6,8,5,54
5.0,6,8,6,54
5.0,6,8,7,54
5.0,6,8,8,54
5.0,6,8,9,55
5.0,6,8,10,55
5.0,6,8,11,55
5.0,6,8,12,55
5.0,6,8,13,56
5.0,6,8,14,56
5.0,6,8,15,56
5.0,6,9,0,53
5.0,6,9,1,53
5.0,6,9,2,53
5.0,6,9,3,53
5.0,6,9,4,54
5.0,6,9,5,54
5.0,6,9,6,54
5.0,6,9,7,54
5.0,6,9,8,55
5.0,6,9,9,55
5.0,6,9,10,55
5.0,6,9,11,55
5.0,6,9,12,56
5.0,6,9,13,56
5.0,6,9,14,56
5.0,6,9,15,56
5.0,6,10,0,53
5.0,6,10,1,53
5.0,6,10,2,53
5.0,6,10,3,54
5.0,6,10,4,54
5.0,6,10,5,54
5.0,6,10,6,54
5.0,6,10,7,55
5.0,6,10,8,55
5.0,6,10,9,55
5.0,6,10,10,55
5.0,6,10,11,56
5.0,6,10,12,56
5.0,6,10,13,56
5.0,6,10,14,56
5.0,6,10,15,57
5.0,6,11,0,53
5.0,6,11,1,53
5.0,6,11,2,54
5.0,6,11,3,54
5.0,6,11,4,54
5.0,6,11,5,54
5.0,6,11,6,55
5.0,6,11,7,55
5.0,6,11,8,55
5.0,6,11,9,55
5.0,6,11,10,56
5.0,6,11,11,56
5.0,6,11,12,56
5.0,6,11,13,56
5.0,6,11,14,57
5.0,6,11,15,57
5.0,6,12,0,53
5.0,6,12,1,54
5.0,6,12,2,54
5.0,6,12,3,54
5.0,6,12,4,54
5.0,6,12,5,55
5.0,6,12,6,55
5.0,6,12,7,55
5.0,6,12,8,55
5.0,6,12,9,56
5.0,6,12,10,56
5.0,6,12,11,56
5.0,6,12,12,56
5.0,6,12,13,57
5.0,6,12,14,57
5.0,6,12,15,57
5.0,6,13,0,54
5.0,6,13,1,54
5.0,6,13,2,54
5.0,6,13,3,54
5.0,6,13,4,55
5.0,6,13,5,55
5.0,6,13,6,55
5.0,6,13,7,56
5.0,6,13,8,56
5.0,6,13,9,56
5.0,6,13,10,56
5.0,6,13,11,57
5.0,6,13,12,57
5.0,6,13,13,57
5.0,6,13,14,57
5.0,6,13,15,58
5.0,6,14,0,54
5.0,6,14,1,54
5.0,6,14,2,54
5.0,6,14,3,55
5.0,6,14,4,55
5.0,6,14,5,55
5.0,6,14,6,56
5.0,6,14,7,56
5.0,6,14,8,56
5.0,6,14,9,56
5.0,6,14,10,57
5.0,6,14,11,57
5.0,6,14,12,57
5.0,6,14,13,57
5.0,6,14,14,58
5.0,6,14,15,58
5.0,6,15,0,54
5.0,6,15,1,55
5.0,6,15,2,55
5.0,6,15,3,55
5.0,6,15,4,55
5.0,6,15,5,56
5.0,6,15,6,56
5.0,6,15,7,56
5.0,6,15,8,56
5.0,6,15,9,57
5.0,6,15,10,57
5.0,6,15,11,57
5.0,6,15,12,57
5.0,6,15,13,58
5.0,6,15,14,58
5.0,6,15,15,58
5.0,7,0,0,51
5.0,7,0,1,51
5.0,7,0,2,51
5.0,7,0,3,51
5.0,7,0,4,52
5.0,7,0,5,52
5.0,7,0,6,52
5.0,7,0,7,52
5.0,7,0,8,53
5.0,7,0,9,53
5.0,7,0,10,53
5.0,7,0,11,53
5.0,7,0,12,54
5.0,7,0,13,54
5.0,7,0,14,54
5.0,7,0,15,54
5.0,7,1,0,51
5.0,7,1,1,51
5.0,7,1,2,51
5.0,7,1,3,52
5.0,7,1,4,52
5.0,7,1,5,52
5.0,7,1,6,52
5.0,7,1,7,53
5.0,7,1,8,53
5.0,7,1,9,53
5.0,7,1,10,53
5.0,7,1,11,54
5.0,7,1,12,54
5.0,7,1,13,54
5.0,7,1,14,54
5.0,7,1,15,55
5.0,7,2,0,51
5.0,7,2,1,52
5.0,7,2,2,52
5.0,7,2,3,52
5.0,7,2,4,52
5.0,7,2,5,53
5.0,7,2,6,53
5.0,7,2,7,53
5.0,7,2,8,53
5.0,7,2,9,54
5.0,7,2,10,54
5.0,7,2,11,54
5.0,7,2,12,54
5.0,7,2,13,54
5.0,7,2,14,55
5.0,7,2,15,55
5.0,7,3,0,52
5.0,7,3,1,52
5.0,7,3,2,52
5.0,7,3,3,52
5.0,7,3,4,53
5.0,7,3,5,53
5.0,7,3,6,53
5.0,7,3,7,53
5.0,7,3,8,54
5.0,7,3,9,54
5.0,7,3,10,54
5.0,7,3,11,54
5.0,7,3,12,55
5.0,7,3,13,55
5.0,7,3,14,55
5.0,7,3,15,55
5.0,7,4,0,52
5.0,7,4,1,52
5.0,7,4,2,52
5.0,7,4,3,53
5.0,7,4,4,53
5.0,7,4,5,53
5.0,7,4,6,53
5.0,7,4,7,54
5.0,7,4,8,54
5.0,7,4,9,54
5.0,7,4,10,54
5.0,7,4,11,55
5.0,7,4,12,55
5.0,7,4,13,55
5.0,7,4,14,55
5.0,7,4,15,56
5.0,7,5,0,52
5.0,7,5,1,52
5.0,7,5,2,53
5.0,7,5,3,53
5.0,7,5,4,53
5.0,7,5,5,53
5.0,7,5,6,54
5.0,7,5,7,54
5.0,7,5,8,54
5.0,7,5,9,54
5.0,7,5,10,55
5.0,7,5,11,55
5.0,7,5,12,55
5.0,7,5,13,55
5.0,7,5,14,56
5.0,7,5,15,56
5.0,7,6,0,52
5.0,7,6,1,53
5.0,7,6,2,53
5.0,7,6,3,53
5.0,7,6,4,54
5.0,7,6,5,54
5.0,7,6,6,54
5.0,7,6,7,54
5.0,7,6,8,55
5.0,7,6,9,55
5.0,7,6,10,55
5.0,7,6,11,55
5.0,7,6,12,56
5.0,7,6,13,56
5.0,7,6,14,56
5.0,7,6,15,56
5.0,7,7,0,53
5.0,7,7,1,53
5.0,7,7,2,53
5.0,7,7,3,54
5.0,7,7,4,54
5.0,7,7,5,54
5.0,7,7,6,54
5.0,7,7,7,55
5.0,7,7,8,55
5.0,7,7,9,55
5.0,7,7,10,55
5.0,7,7,11,56
5.0,7,7,12,56
5.0,7,7,13,56
5.0,7,7,14,56
5.0,7,7,15,57
5.0,7,8,0,53
5.0,7,8,1,53
5.0,7,8,2,54
5.0,7,8,3,54
5.0,7,8,4,54
5.0,7,8,5,54
5.0,7,8,6,55
5.0,7,8,7,55
5.0,7,8,8,55
5.0,7,8,9,55
5.0,7,8,10,56
5.0,7,8,11,56
5.0,7,8,12,56
5.0,7,8,13,56
5.0,7,8,14,57
5.0,7,8,15,57
5.0,7,9,0,53
5.0,7,9,1,54
5.0,7,9,2,54
5.0,7,9,3,54
5.0,7,9,4,54
5.0,7,9,5,55
5.0,7,9,6,55
5.0,7,9,7,55
5.0,7,9,8,55
5.0,7,9,9,56
5.0,7,9,10,56
5.0,7,9,11,56
5.0,7,9,12,56
5.0,7,9,13,57
5.0,7,9,14,57
5.0,7,9,15,57
5.0,7,10,0,54
5.0,7,10,1,54
5.0,7,10,2,54
5.0,7,10,3,54
5.0,7,10,4,55
5.0,7,10,5,55
5.0,7,10,6,55
5.0,7,10,7,55
5.0,7,10,8,56
5.0,7,10,9,56
5.0,7,10,10,56
5.0,7,10,11,56
5.0,7,10,12,57
5.0,7,10,13,57
5.0,7,10,14,57
5.0,7,10,15,57
5.0,7,11,0,54
5.0,7,11,1,54
5.0,7,11,2,54
5.0,7,11,3,55
5.0,7,11,4,55
5.0,7,11,5,55
5.0,7,11,6,56
5.0,7,11,7,56
5.0,7,11,8,56
5.0,7,11,9,56
5.0,7,11,10,57
5.0,7,11,11,57
5.0,7,11,12,57
5.0,7,11,13,57
5.0,7,11,14,58
5.0,7,11,15,58
5.0,7,12,0,54
5.0,7,12,1,55
5.0,7,12,2,55
5.0,7,12,3,55
5.0,7,12,4,55
5.0,7,12,5,56
5.0,7,12,6,56
5.0,7,12,7,56
5.0,7,12,8,56
5.0,7,12,9,57
5.0,7,12,10,57
5.0,7,12,11,57
5.0,7,12,12,57
5.0,7,12,13,58
5.0,7,12,14,58
5.0,7,12,15,58
5.0,7,13,0,55
5.0,7,13,1,55
5.0,7,13,2,55
5.0,7,13,3,55
5.0,7,13,4,56
5.0,7,13,5,56
5.0,7,13,6,56
5.0,7,13,7,56
5.0,7,13,8,57
5.0,7,13,9,57
5.0,7,13,10,57
5.0,7,13,11,57
5.0,7,13,12,58
5.0,7,13,13,58
5.0,7,13,14,58
5.0,7,13,15,58
5.0,7,14,0,55
5.0,7,14,1,55
5.0,7,14,2,55
5.0,7,14,3,56
5.0,7,14,4,56
5.0,7,14,5,56
5.0,7,14,6,56
5.0,7,14,7,57
5.0,7,14,8,57
5.0,7,14,9,57
5.0,7,14,10,57
5.0,7,14,11,58
5.0,7,14,12,58
5.0,7,14,13,58
5.0,7,14,14,58
5.0,7,14,15,59
5.0,7,15,0,55
5.0,7,15,1,55
5.0,7,15,2,56
5.0,7,15,3,56
5.0,7,15,4,56
5.0,7,15,5,56
5.0,7,15,6,57
5.0,7,15,7,57
5.0,7,15,8,57
5.0,7,15,9,57
5.0,7,15,10,58
5.0,7,15,11,58
5.0,7,15,12,58
5.0,7,15,13,59
5.0,7,15,14,59
5.0,7,15,15,59
5.0,8,0,0,51
5.0,8,0,1,52
5.0,8,0,2,52
5.0,8,0,3,52
5.0,8,0,4,52
5.0,8,0,5,53
5.0,8,0,6,53
5.0,8,0,7,53
5.0,8,0,8,53
5.0,8,0,9,54
5.0,8,0,10,54
5.0,8,0,11,54
5.0,8,0,12,54
5.0,8,0,13,55
5.0,8,0,14,55
5.0,8,0,15,55
5.0,8,1,0,52
5.0,8,1,1,52
5.0,8,1,2,52
5.0,8,1,3,53
5.0,8,1,4,53
5.0,8,1,5,53
5.0,8,1,6,53
5.0,8,1,7,54
5.0,8,1,8,54
5.0,8,1,9,54
5.0,8,1,10,54
5.0,8,1,11,54
5.0,8,1,12,55
5.0,8,1,13,55
5.0,8,1,14,55
5.0,8,1,15,55
5.0,8,2,0,52
5.0,8,2,1,52
5.0,8,2,2,53
5.0,8,2,3,53
5.0,8,2,4,53
5.0,8,2,5,53
5.0,8,2,6,54
5.0,8,2,7,54
5.0,8,2,8,54
5.0,8,2,9,54
5.0,8,2,10,55
5.0,8,2,11,55
5.0,8,2,12,55
5.0,8,2,13,55
5.0,8,2,14,56
5.0,8,2,15,56
5.0,8,3,0,52
5.0,8,3,1,53
5.0,8,3,2,53
5.0,8,3,3,53
5.0,8,3,4,53
5.0,8,3,5,54
5.0,8,3,6,54
5.0,8,3,7,54
5.0,8,3,8,54
5.0,8,3,9,55
5.0,8,3,10,55
5.0,8,3,11,55
5.0,8,3,12,55
5.0,8,3,13,56
5.0,8,3,14,56
5.0,8,3,15,56
5.0,8,4,0,53
5.0,8,4,1,53
5.0,8,4,2,53
5.0,8,4,3,53
5.0,8,4,4,54
5.0,8,4,5,54
5.0,8,4,6,54
5.0,8,4,7,54
5.0,8,4,8,55
5.0,8,4,9,55
5.0,8,4,10,55
5.0,8,4,11,55
5.0,8,4,12,56
5.0,8,4,13,56
5.0,8,4,14,56
5.0,8,4,15,56
5.0,8,5,0,53
5.0,8,5,1,53
5.0,8,5,2,53
5.0,8,5,3,54
5.0,8,5,4,54
5.0,8,5,5,54
5.0,8,5,6,55
5.0,8,5,7,55
5.0,8,5,8,55
5.0,8,5,9,55
5.0,8,5,10,56
5.0,8,5,11,56
5.0,8,5,12,56
5.0,8,5,13,56
5.0,8,5,14,57
5.0,8,5,15,57
5.0,8,6,0,53
5.0,8,6,1,54
5.0,8,6,2,54
5.0,8,6,3,54
5.0,8,6,4,54
5.0,8,6,5,55
5.0,8,6,6,55
5.0,8,6,7,55
5.0,8,6,8,55
5.0,8,6,9,56
5.0,8,6,10,56
5.0,8,6,11,56
5.0,8,6,12,56
5.0,8,6,13,57
5.0,8,6,14,57
5.0,8,6,15,57
5.0,8,7,0,54
5.0,8,7,1,54
5.0,8,7,2,54
5.0,8,7,3,54
5.0,8,7,4,55
5.0,8,7,5,55
5.0,8,7,6,55
5.0,8,7,7,55
5.0,8,7,8,56
5.0,8,7,9,56
5.0,8,7,10,56
5.0,8,7,11,56
5.0,8,7,12,57
5.0,8,7,13,57
5.0,8,7,14,57
5.0,8,7,15,57
5.0,8,8,0,54
5.0,8,8,1,54
5.0,8,8,2,54
5.0,8,8,3,55
5.0,8,8,4,55
5.0,8,8,5,55
5.0,8,8,6,55
5.0,8,8,7,56
5.0,8,8,8,56
5.0,8,8,9,56
5.0,8,8,10,56
5.0,8,8,11,57
5.0,8,8,12,57
5.0,8,8,13,57
5.0,8,8,14,57
5.0,8,8,15,58
5.0,8,9,0,54
5.0,8,9,1,54
5.0,8,9,2,55
5.0,8,9,3,55
5.0,8,9,4,55
5.0,8,9,5,56
5.0,8,9,6,56
5.0,8,9,7,56
5.0,8,9,8,56
5.0,8,9,9,57
5.0,8,9,10,57
5.0,8,9,11,57
5.0,8,9,12,57
5.0,8,9,13,58
5.0,8,9,14,58
5.0,8,9,15,58
5.0,8,10,0,54
5.0,8,10,1,55
5.0,8,10,2,55
5.0,8,10,3,55
5.0,8,10,4,56
5.0,8,10,5,56
5.0,8,10,6,56
5.0,8,10,7,56
5.0,8,10,8,57
5.0,8,10,9,57
5.0,8,10,10,57
5.0,8,10,11,57
5.0,8,10,12,58
5.0,8,10,13,58
5.0,8,10,14,58
5.0,8,10,15,58
5.0,8,11,0,55
5.0,8,11,1,55
5.0,8,11,2,55
5.0,8,11,3,56
5.0,8,11,4,56
5.0,8,11,5,56
5.0,8,11,6,56
5.0,8,11,7,57
5.0,8,11,8,57
5.0,8,11,9,57
5.0,8,11,10,57
5.0,8,11,11,58
5.0,8,11,12,58
5.0,8,11,13,58
5.0,8,11,14,58
5.0,8,11,15,59
5.0,8,12,0,55
5.0,8,12,1,55
5.0,8,12,2,56
5.0,8,12,3,56
5.0,8,12,4,56
5.0,8,12,5,56
5.0,8,12,6,57
5.0,8,12,7,57
5.0,8,12,8,57
5.0,8,12,9,57
5.0,8,12,10,58
5.0,8,12,11,58
5.0,8,12,12,58
5.0,8,12,13,58
5.0,8,12,14,59
5.0,8,12,15,59
5.0,8,13,0,55
5.0,8,13,1,56
5.0,8,13,2,56
5.0,8,13,3,56
5.0,8,13,4,56
5.0,8,13,5,57
5.0,8,13,6,57
5.0,8,13,7,57
5.0,8,13,8,58
5.0,8,13,9,58
5.0,8,13,10,58
5.0,8,13,11,58
5.0,8,13,12,59
5.0,8,13,13,59
5.0,8,13,14,59
5.0,8,13,15,59
5.0,8,14,0,56
5.0,8,14,1,56
5.0,8,14,2,56
5.0,8,14,3,56
5.0,8,14,4,57
5.0,8,14,5,57
5.0,8,14,6,57
5.0,8,14,7,58
5.0,8,14,8,58
5.0,8,14,9,58
5.0,8,14,10,58
5.0,8,14,11,59
5.0,8,14,12,59
5.0,8,14,13,59
5.0,8,14,14,59
5.0,8,14,15,60
5.0,8,15,0,56
5.0,8,15,1,56
5.0,8,15,2,56
5.0,8,15,3,57
5.0,8,15,4,57
5.0,8,15,5,57
5.0,8,15,6,58
5.0,8,15,7,58
5.0,8,15,8,58
5.0,8,15,9,58
5.0,8,15,10,59
5.0,8,15,11,59
5.0,8,15,12,59
5.0,8,15,13,59
5.0,8,15,14,60
5.0,8,15,15,60
5.0,9,0,0,52
5.0,9,0,1,52
5.0,9,0,2,53
5.0,9,0,3,53
5.0,9,0,4,53
5.0,9,0,5,53
5.0,9,0,6,54
5.0,9,0,7,54
5.0,9,0,8,54
5.0,9,0,9,54
5.0,9,0,10,55
5.0,9,0,11,55
5.0,9,0,12,55
5.0,9,0,13,55
5.0,9,0,14,56
5.0,9,0,15,56
5.0,9,1,0,53
5.0,9,1,1,53
5.0,9,1,2,53
5.0,9,1,3,53
5.0,9,1,4,54
5.0,9,1,5,54
5.0,9,1,6,54
5.0,9,1,7,54
5.0,9,1,8,55
5.0,9,1,9,55
5.0,9,1,10,55
5.0,9,1,11,55
5.0,9,1,12,56
5.0,9,1,13,56
5.0,9,1,14,56
5.0,9,1,15,56
5.0,9,2,0,53
5.0,9,2,1,53
5.0,9,2,2,53
5.0,9,2,3,54
5.0,9,2,4,54
5.0,9,2,5,54
5.0,9,2,6,54
5.0,9,2,7,55
5.0,9,2,8,55
5.0,9,2,9,55
5.0,9,2,10,55
5.0,9,2,11,56
5.0,9,2,12,56
5.0,9,2,13,56
5.0,9,2,14,56
5.0,9,2,15,57
5.0,9,3,0,53
5.0,9,3,1,53
5.0,9,3,2,54
5.0,9,3,3,54
5.0,9,3,4,54
5.0,9,3,5,54
5.0,9,3,6,55
5.0,9,3,7,55
5.0,9,3,8,55
5.0,9,3,9,55
5.0,9,3,10,56
5.0,9,3,11,56
5.0,9,3,12,56
5.0,9,3,13,56
5.0,9,3,14,57
5.0,9,3,15,57
5.0,9,4,0,53
5.0,9,4,1,54
5.0,9,4,2,54
5.0,9,4,3,54
5.0,9,4,4,55
5.0,9,4,5,55
5.0,9,4,6,55
5.0,9,4,7,55
5.0,9,4,8,56
5.0,9,4,9,56
5.0,9,4,10,56
5.0,9,4,11,56
5.0,9,4,12,57
5.0,9,4,13,57
5.0,9,4,14,57
5.0,9,4,15,57
5.0,9,5,0,54
5.0,9,5,1,54
5.0,9,5,2,54
5.0,9,5,3,55
5.0,9,5,4,55
5.0,9,5,5,55
5.0,9,5,6,55
5.0,9,5,7,56
5.0,9,5,8,56
5.0,9,5,9,56
5.0,9,5,10,56
5.0,9,5,11,57
5.0,9,5,12,57
5.0,9,5,13,57
5.0,9,5,14,57
5.0,9,5,15,58
5.0,9,6,0,54
5.0,9,6,1,54
5.0,9,6,2,55
5.0,9,6,3,55
5.0,9,6,4,55
5.0,9,6,5,55
5.0,9,6,6,56
5.0,9,6,7,56
5.0,9,6,8,56
5.0,9,6,9,56
5.0,9,6,10,57
5.0,9,6,11,57
5.0,9,6,12,57
5.0,9,6,13,57
5.0,9,6,14,58
5.0,9,6,15,58
5.0,9,7,0,54
5.0,9,7,1,55
5.0,9,7,2,55
5.0,9,7,3,55
5.0,9,7,4,55
5.0,9,7,5,56
5.0,9,7,6,56
5.0,9,7,7,56
5.0,9,7,8,56
5.0,9,7,9,57
5.0,9,7,10,57
5.0,9,7,11,57
5.0,9,7,12,58
5.0,9,7,13,58
5.0,9,7,14,58
5.0,9,7,15,58
5.0,9,8,0,55
5.0,9,8,1,55
5.0,9,8,2,55
5.0,9,8,3,55
5.0,9,8,4,56
5.0,9,8,5,56
5.0,9,8,6,56
5.0,9,8,7,57
5.0,9,8,8,57
5.0,9,8,9,57
5.0,9,8,10,57
5.0,9,8,11,58
5.0,9,8,12,58
5.0,9,8,13,58
5.0,9,8,14,58
5.0,9,8,15,59
5.0,9,9,0,55
5.0,9,9,1,55
5.0,9,9,2,56
5.0,9,9,3,56
5.0,9,9,4,56
5.0,9,9,5,56
5.0,9,9,6,57
5.0,9,9,7,57
5.0,9,9,8,57
5.0,9,9,9,57
5.0,9,9,10,58
5.0,9,9,11,58
5.0,9,9,12,58
5.0,9,9,13,58
5.0,9,9,14,59
5.0,9,9,15,59
5.0,9,10,0,55
5.0,9,10,1,56
5.0,9,10,2,56
5.0,9,10,3,56
5.0,9,10,4,56
5.0,9,10,5,57
5.0,9,10,6,57
5.0,9,10,7,57
5.0,9,10,8,57
5.0,9,10,9,58
5.0,9,10,10,58
5.0,9,10,11,58
5.0,9,10,12,58
5.0,9,10,13,59
5.0,9,10,14,59
5.0,9,10,15,59
5.0,9,11,0,56
5.0,9,11,1,56
5.0,9,11,2,56
5.0,9,11,3,56
5.0,9,11,4,57
5.0,9,11,5,57
5.0,9,11,6,57
5.0,9,11,7,57
5.0,9,11,8,58
5.0,9,11,9,58
5.0,9,11,10,58
5.0,9,11,11,59
5.0,9,11,12,59
5.0,9,11,13,59
5.0,9,11,14,59
5.0,9,11,15,60
5.0,9,12,0,56
5.0,9,12,1,56
5.0,9,12,2,56
5.0,9,12,3,57
5.0,9,12,4,57
5.0,9,12,5,57
5.0,9,12,6,58
5.0,9,12,7,58
5.0,9,12,8,58
5.0,9,12,9,58
5.0,9,12,10,59
5.0,9,12,11,59
5.0,9,12,12,59
5.0,9,12,13,59
5.0,9,12,14,60
5.0,9,12,15,60
5.0,9,13,0,56
5.0,9,13,1,56
5.0,9,13,2,57
5.0,9,13,3,57
5.0,9,13,4,57
5.0,9,13,5,58
5.0,9,13,6,58
5.0,9,13,7,58
5.0,9,13,8,58
5.0,9,13,9,59
5.0,9,13,10,59
5.0,9,13,11,59
5.0,9,13,12,59
5.0,9,13,13,60
5.0,9,13,14,60
5.0,9,13,15,60
5.0,9,14,0,56
5.0,9,14,1,57
5.0,9,14,2,57
5.0,9,14,3,57
5.0,9,14,4,58
5.0,9,14,5,58
5.0,9,14,6,58
5.0,9,14,7,58
5.0,9,14,8,59
5.0,9,14,9,59
5.0,9,14,10,59
5.0,9,14,11,59
5.0,9,14,12,60
5.0,9,14,13,60
5.0,9,14,14,60
5.0,9,14,15,61
5.0,9,15,0,57
5.0,9,15,1,57
5.0,9,15,2,57
5.0,9,15,3,58
5.0,9,15,4,58
5.0,9,15,5,58
5.0,9,15,6,58
5.0,9,15,7,59
5.0,9,15,8,59
5.0,9,15,9,59
5.0,9,15,10,60
5.0,9,15,11,60
5.0,9,15,12,60
5.0,9,15,13,60
5.0,9,15,14,61
5.0,9,15,15,61
5.0,10,0,0,53
5.0,10,0,1,53
5.0,10,0,2,54
5.0,10,0,3,54
5.0,10,0,4,54
5.0,10,0,5,54
5.0,10,0,6,55
5.0,10,0,7,55
5.0,10,0,8,55
5.0,10,0,9,55
5.0,10,0,10,56
5.0,10,0,11,56
5.0,10,0,12,56
5.0,10,0,13,56
5.0,10,0,14,57
5.0,10,0,15,57
5.0,10,1,0,53
5.0,10,1,1,54
5.0,10,1,2,54
5.0,10,1,3,54
5.0,10,1,4,54
5.0,10,1,5,55
5.0,10,1,6,55
5.0,10,1,7,55
5.0,10,1,8,55
5.0,10,1,9,56
5.0,10,1,10,56
5.0,10,1,11,56
5.0,10,1,12,56
5.0,10,1,13,57
5.0,10,1,14,57
5.0,10,1,15,57
5.0,10,2,0,54
5.0,10,2,1,54
5.0,10,2,2,54
5.0,10,2,3,54
5.0,10,2,4,55
5.0,10,2,5,55
5.0,10,2,6,55
5.0,10,2,7,55
5.0,10,2,8,56
5.0,10,2,9,56
5.0,10,2,10,56
5.0,10,2,11,56
5.0,10,2,12,57
5.0,10,2,13,57
5.0,10,2,14,57
5.0,10,2,15,57
5.0,10,3,0,54
5.0,10,3,1,54
5.0,10,3,2,54
5.0,10,3,3,55
5.0,10,3,4,55
5.0,10,3,5,55
5.0,10,3,6,56
5.0,10,3,7,56
5.0,10,3,8,56
5.0,10,3,9,56
5.0,10,3,10,57
5.0,10,3,11,57
5.0,10,3,12,57
5.0,10,3,13,57
5.0,10,3,14,58
5.0,10,3,15,58
5.0,10,4,0,54
5.0,10,4,1,55
5.0,10,4,2,55
5.0,10,4,3,55
5.0,10,4,4,55
5.0,10,4,5,56
5.0,10,4,6,56
5.0,10,4,7,56
5.0,10,4,8,56
5.0,10,4,9,57
5.0,10,4,10,57
5.0,10,4,11,57
5.0,10,4,12,57
5.0,10,4,13,58
5.0,10,4,14,58
5.0,10,4,15,58
5.0,10,5,0,55
5.0,10,5,1,55
5.0,10,5,2,55
5.0,10,5,3,55
5.0,10,5,4,56
5.0,10,5,5,56
5.0,10,5,6,56
5.0,10,5,7,56
5.0,10,5,8,57
5.0,10,5,9,57
5.0,10,5,10,57
5.0,10,5,11,57
5.0,10,5,12,58
5.0,10,5,13,58
5.0,10,5,14,58
5.0,10,5,15,58
5.0,10,6,0,55
5.0,10,6,1,55
5.0,10,6,2,55
5.0,10,6,3,56
5.0,10,6,4,56
5.0,10,6,5,56
5.0,10,6,6,56
5.0,10,6,7,57
5.0,10,6,8,57
5.0,10,6,9,57
5.0,10,6,10,58
5.0,10,6,11,58
5.0,10,6,12,58
5.0,10,6,13,58
5.0,10,6,14,59
5.0,10,6,15,59
5.0,10,7,0,55
5.0,10,7,1,55
5.0,10,7,2,56
5.0,10,7,3,56
5.0,10,7,4,56
5.0,10,7,5,57
5.0,10,7,6,57
5.0,10,7,7,57
5.0,10,7,8,57
5.0,10,7,9,58
5.0,10,7,10,58
5.0,10,7,11,58
5.0,10,7,12,58
5.0,10,7,13,59
5.0,10,7,14,59
5.0,10,7,15,59
5.0,10,8,0,56
5.0,10,8,1,56
5.0,10,8,2,56
5.0,10,8,3,56
5.0,10,8,4,57
5.0,10,8,5,57
5.0,10,8,6,57
5.0,10,8,7,57
5.0,10,8,8,58
5.0,10,8,9,58
5.0,10,8,10,58
5.0,10,8,11,58
5.0,10,8,12,59
5.0,10,8,13,59
5.0,10,8,14,59
5.0,10,8,15,59
5.0,10,9,0,56
5.0,10,9,1,56
5.0,10,9,2,56
5.0,10,9,3,57
5.0,10,9,4,57
5.0,10,9,5,57
5.0,10,9,6,57
5.0,10,9,7,58
5.0,10,9,8,58
5.0,10,9,9,58
5.0,10,9,10,59
5.0,10,9,11,59
5.0,10,9,12,59
5.0,10,9,13,59
5.0,10,9,14,60
5.0,10,9,15,60
5.0,10,10,0,56
5.0,10,10,1,56
5.0,10,10,2,57
5.0,10,10,3,57
5.0,10,10,4,57
5.0,10,10,5,57
5.0,10,10,6,58
5.0,10,10,7,58
5.0,10,10,8,58
5.0,10,10,9,59
5.0,10,10,10,59
5.0,10,10,11,59
5.0,10,10,12,59
5.0,10,10,13,60
5.0,10,10,14,60
5.0,10,10,15,60
5.0,10,11,0,56
5.0,10,11,1,57
5.0,10,11,2,57
5.0,10,11,3,57
5.0,10,11,4,58
5.0,10,11,5,58
5.0,10,11,6,58
5.0,10,11,7,58
5.0,10,11,8,59
5.0,10,11,9,59
5.0,10,11,10,59
5.0,10,11,11,59
5.0,10,11,12,60
5.0,10,11,13,60
5.0,10,11,14,60
5.0,10,11,15,60
5.0,10,12,0,57
5.0,10,12,1,57
5.0,10,12,2,57
5.0,10,12,3,58
5.0,10,12,4,58
5.0,10,12,5,58
5.0,10,12,6,58
5.0,10,12,7,59
5.0,10,12,8,59
5.0,10,12,9,59
5.0,10,12,10,59
5.0,10,12,11,60
5.0,10,12,12,60
5.0,10,12,13,60
5.0,10,12,14,61
5.0,10,12,15,61
5.0,10,13,0,57
5.0,10,13,1,57
5.0,10,13,2,58
5.0,10,13,3,58
5.0,10,13,4,58
5.0,10,13,5,58
5.0,10,13,6,59
5.0,10,13,7,59
5.0,10,13,8,59
5.0,10,13,9,60
5.0,10,13,10,60
5.0,10,13,11,60
5.0,10,13,12,60
5.0,10,13,13,61
5.0,10,13,14,61
5.0,10,13,15,61
5.0,10,14,0,57
5.0,10,14,1,58
5.0,10,14,2,58
5.0,10,14,3,58
5.0,10,14,4,58
5.0,10,14,5,59
5.0,10,14,6,59
5.0,10,14,7,59
5.0,10,14,8,60
5.0,10,14,9,60
5.0,10,14,10,60
5.0,10,14,11,60
5.0,10,14,12,61
5.0,10,14,13,61
5.0,10,14,14,61
5.0,10,14,15,61
5.0,10,15,0,58
5.0,10,15,1,58
5.0,10,15,2,58
5.0,10,15,3,58
5.0,10,15,4,59
5.0,10,15,5,59
5.0,10,15,6,59
5.0,10,15,7,60
5.0,10,15,8,60
5.0,10,15,9,60
5.0,10,15,10,60
5.0,10,15,11,61
5.0,10,15,12,61
5.0,10,15,13,61
5.0,10,15,14,61
5.0,10,15,15,62
5.0,11,0,0,54
5.0,11,0,1,54
5.0,11,0,2,54
5.0,11,0,3,55
5.0,11,0,4,55
5.0,11,0,5,55
5.0,11,0,6,55
5.0,11,0,7,56
5.0,11,0,8,56
5.0,11,0,9,56
5.0,11,0,10,56
5.0,11,0,11,57
5.0,11,0,12,57
5.0,11,0,13,57
5.0,11,0,14,57
5.0,11,0,15,58
5.0,11,1,0,54
5.0,11,1,1,54
5.0,11,1,2,55
5.0,11,1,3,55
5.0,11,1,4,55
5.0,11,1,5,55
5.0,11,1,6,56
5.0,11,1,7,56
5.0,11,1,8,56
5.0,11,1,9,56
5.0,11,1,10,57
5.0,11,1,11,57
5.0,11,1,12,57
5.0,11,1,13,57
5.0,11,1,14,58
5.0,11,1,15,58
5.0,11,2,0,54
5.0,11,2,1,55
5.0,11,2,2,55
5.0,11,2,3,55
5.0,11,2,4,55
5.0,11,2,5,56
5.0,11,2,6,56
5.0,11,2,7,56
5.0,11,2,8,57
5.0,11,2,9,57
5.0,11,2,10,57
5.0,11,2,11,57
5.0,11,2,12,58
5.0,11,2,13,58
5.0,11,2,14,58
5.0,11,2,15,58
5.0,11,3,0,55
5.0,11,3,1,55
5.0,11,3,2,55
5.0,11,3,3,56
5.0,11,3,4,56
5.0,11,3,5,56
5.0,11,3,6,56
5.0,11,3,7,57
5.0,11,3,8,57
5.0,11,3,9,57
5.0,11,3,10,57
5.0,11,3,11,58
5.0,11,3,12,58
5.0,11,3,13,58
5.0,11,3,14,58
5.0,11,3,15,59
5.0,11,4,0,55
5.0,11,4,1,55
5.0,11,4,2,56
5.0,11,4,3,56
5.0,11,4,4,56
5.0,11,4,5,56
5.0,11,4,6,57
5.0,11,4,7,57
5.0,11,4,8,57
5.0,11,4,9,57
5.0,11,4,10,58
5.0,11,4,11,58
5.0,11,4,12,58
5.0,11,4,13,58
5.0,11,4,14,59
5.0,11,4,15,59
5.0,11,5,0,55
5.0,11,5,1,56
5.0,11,5,2,56
5.0,11,5,3,56
5.0,11,5,4,56
5.0,11,5,5,57
5.0,11,5,6,57
5.0,11,5,7,57
5.0,11,5,8,58
5.0,11,5,9,58
5.0,11,5,10,58
5.0,11,5,11,58
5.0,11,5,12,59
5.0,11,5,13,59
5.0,11,5,14,59
5.0,11,5,15,59
5.0,11,6,0,56
5.0,11,6,1,56
5.0,11,6,2,56
5.0,11,6,3,57
5.0,11,6,4,57
5.0,11,6,5,57
5.0,11,6,6,57
5.0,11,6,7,58
5.0,11,6,8,58
5.0,11,6,9,58
5.0,11,6,10,58
5.0,11,6,11,59
5.0,11,6,12,59
5.0,11,6,13,59
5.0,11,6,14,59
5.0,11,6,15,60
5.0,11,7,0,56
5.0,11,7,1,56
5.0,11,7,2,57
5.0,11,7,3,57
5.0,11,7,4,57
5.0,11,7,5,57
5.0,11,7,6,58
5.0,11,7,7,58
5.0,11,7,8,58
5.0,11,7,9,58
5.0,11,7,10,59
5.0,11,7,11,59
5.0,11,7,12,59
5.0,11,7,13,59
5.0,11,7,14,60
5.0,11,7,15,60
5.0,11,8,0,56
5.0,11,8,1,57
5.0,11,8,2,57
5.0,11,8,3,57
5.0,11,8,4,57
5.0,11,8,5,58
5.0,11,8,6,58
5.0,11,8,7,58
5.0,11,8,8,59
5.0,11,8,9,59
5.0,11,8,10,59
5.0,11,8,11,59
5.0,11,8,12,60
5.0,11,8,13,60
5.0,11,8,14,60
5.0,11,8,15,60
5.0,11,9,0,57
5.0,11,9,1,57
5.0,11,9,2,57
5.0,11,9,3,57
5.0,11,9,4,58
5.0,11,9,5,58
5.0,11,9,6,58
5.0,11,9,7,59
5.0,11,9,8,59
5.0,11,9,9,59
5.0,11,9,10,59
5.0,11,9,11,60
5.0,11,9,12,60
5.0,11,9,13,60
5.0,11,9,14,60
5.0,11,9,15,61
5.0,11,10,0,57
5.0,11,10,1,57
5.0,11,10,2,57
5.0,11,10,3,58
5.0,11,10,4,58
5.0,11,10,5,58
5.0,11,10,6,59
5.0,11,10,7,59
5.0,11,10,8,59
5.0,11,10,9,59
5.0,11,10,10,60
5.0,11,10,11,60
5.0,11,10,12,60
5.0,11,10,13,60
5.0,11,10,14,61
5.0,11,10,15,61
5.0,11,11,0,57
5.0,11,11,1,58
5.0,11,11,2,58
5.0,11,11,3,58
5.0,11,11,4,58
5.0,11,11,5,59
5.0,11,11,6,59
5.0,11,11,7,59
5.0,11,11,8,59
5.0,11,11,9,60
5.0,11,11,10,60
5.0,11,11,11,60
5.0,11,11,12,61
5.0,11,11,13,61
5.0,11,11,14,61
5.0,11,11,15,61
5.0,11,12,0,58
5.0,11,12,1,58
5.0,11,12,2,58
5.0,11,12,3,58
5.0,11,12,4,59
5.0,11,12,5,59
5.0,11,12,6,59
5.0,11,12,7,60
5.0,11,12,8,60
5.0,11,12,9,60
5.0,11,12,10,60
5.0,11,12,11,61
5.0,11,12,12,61
5.0,11,12,13,61
5.0,11,12,14,61
5.0,11,12,15,62
5.0,11,13,0,58
5.0,11,13,1,58
5.0,11,13,2,58
5.0,11,13,3,59
5.0,11,13,4,59
5.0,11,13,5,59
5.0,11,13,6,60
5.0,11,13,7,60
5.0,11,13,8,60
5.0,11,13,9,60
5.0,11,13,10,61
5.0,11,13,11,61
5.0,11,13,12,61
5.0,11,13,13,61
5.0,11,13,14,62
5.0,11,13,15,62
5.0,11,14,0,58
5.0,11,14,1,58
5.0,11,14,2,59
5.0,11,14,3,59
5.0,11,14,4,59
5.0,11,14,5,60
5.0,11,14,6,60
5.0,11,14,7,60
5.0,11,14,8,60
5.0,11,14,9,61
5.0,11,14,10,61
5.0,11,14,11,61
5.0,11,14,12,62
5.0,11,14,13,62
5.0,11,14,14,62
5.0,11,14,15,62
5.0,11,15,0,58
5.0,11,15,1,59
5.0,11,15,2,59
5.0,11,15,3,59
5.0,11,15,4,60
5.0,11,15,5,60
5.0,11,15,6,60
5.0,11,15,7,60
5.0,11,15,8,61
5.0,11,15,9,61
5.0,11,15,10,61
5.0,11,15,11,62
5.0,11,15,12,62
5.0,11,15,13,62
5.0,11,15,14,62
5.0,11,15,15,63
5.0,12,0,0,55
5.0,12,0,1,55
5.0,12,0,2,55
5.0,12,0,3,55
5.0,12,0,4,56
5.0,12,0,5,56
5.0,12,0,6,56
5.0,12,0,7,56
5.0,12,0,8,57
5.0,12,0,9,57
5.0,12,0,10,57
5.0,12,0,11,57
5.0,12,0,12,58
5.0,12,0,13,58
5.0,12,0,14,58
5.0,12,0,15,58
5.0,12,1,0,55
5.0,12,1,1,55
5.0,12,1,2,55
5.0,12,1,3,56
5.0,12,1,4,56
5.0,12,1,5,56
5.0,12,1,6,56
5.0,12,1,7,57
5.0,12,1,8,57
5.0,12,1,9,57
5.0,12,1,10,58
5.0,12,1,11,58
5.0,12,1,12,58
5.0,12,1,13,58
5.0,12,1,14,59
5.0,12,1,15,59
5.0,12,2,0,55
5.0,12,2,1,55
5.0,12,2,2,56
5.0,12,2,3,56
5.0,12,2,4,56
5.0,12,2,5,57
5.0,12,2,6,57
5.0,12,2,7,57
5.0,12,2,8,57
5.0,12,2,9,58
5.0,12,2,10,58
5.0,12,2,11,58
5.0,12,2,12,58
5.0,12,2,13,59
5.0,12,2,14,59
5.0,12,2,15,59
5.0,12,3,0,56
5.0,12,3,1,56
5.0,12,3,2,56
5.0,12,3,3,56
5.0,12,3,4,57
5.0,12,3,5,57
5.0,12,3,6,57
5.0,12,3,7,57
5.0,12,3,8,58
5.0,12,3,9,58
5.0,12,3,10,58
5.0,12,3,11,58
5.0,12,3,12,59
5.0,12,3,13,59
5.0,12,3,14,59
5.0,12,3,15,59
5.0,12,4,0,56
5.0,12,4,1,56
5.0,12,4,2,56
5.0,12,4,3,57
5.0,12,4,4,57
5.0,12,4,5,57
5.0,12,4,6,57
5.0,12,4,7,58
5.0,12,4,8,58
5.0,12,4,9,58
5.0,12,4,10,59
5.0,12,4,11,59
5.0,12,4,12,59
5.0,12,4,13,59
5.0,12,4,14,60
5.0,12,4,15,60
5.0,12,5,0,56
5.0,12,5,1,56
5.0,12,5,2,57
5.0,12,5,3,57
5.0,12,5,4,57
5.0,12,5,5,58
5.0,12,5,6,58
5.0,12,5,7,58
5.0,12,5,8,58
5.0,12,5,9,59
5.0,12,5,10,59
5.0,12,5,11,59
5.0,12,5,12,59
5.0,12,5,13,60
5.0,12,5,14,60
5.0,12,5,15,60
5.0,12,6,0,56
5.0,12,6,1,57
5.0,12,6,2,57
5.0,12,6,3,57
5.0,12,6,4,58
5.0,12,6,5,58
5.0,12,6,6,58
5.0,12,6,7,58
5.0,12,6,8,59
5.0,12,6,9,59
5.0,12,6,10,59
5.0,12,6,11,59
5.0,12,6,12,60
5.0,12,6,13,60
5.0,12,6,14,60
5.0,12,6,15,61
5.0,12,7,0,57
5.0,12,7,1,57
5.0,12,7,2,57
5.0,12,7,3,58
5.0,12,7,4,58
5.0,12,7,5,58
5.0,12,7,6,58
5.0,12,7,7,59
5.0,12,7,8,59
5.0,12,7,9,59
5.0,12,7,10,60
5.0,12,7,11,60
5.0,12,7,12,60
5.0,12,7,13,60
5.0,12,7,14,61
5.0,12,7,15,61
5.0,12,8,0,57
5.0,12,8,1,57
5.0,12,8,2,58
5.0,12,8,3,58
5.0,12,8,4,58
5.0,12,8,5,59
5.0,12,8,6,59
5.0,12,8,7,59
5.0,12,8,8,59
5.0,12,8,9,60
5.0,12,8,10,60
5.0,12,8,11,60
5.0,12,8,12,60
5.0,12,8,13,61
5.0,12,8,14,61
5.0,12,8,15,61
5.0,12,9,0,57
5.0,12,9,1,58
5.0,12,9,2,58
5.0,12,9,3,58
5.0,12,9,4,59
5.0,12,9,5,59
5.0,12,9,6,59
5.0,12,9,7,59
5.0,12,9,8,60
5.0,12,9,9,60
5.0,12,9,10,60
5.0,12,9,11,60
5.0,12,9,12,61
5.0,12,9,13,61
5.0,12,9,14,61
5.0,12,9,15,62
5.0,12,10,0,58
5.0,12,10,1,58
5.0,12,10,2,58
5.0,12,10,3,59
5.0,12,10,4,59
5.0,12,10,5,59
5.0,12,10,6,59
5.0,12,10,7,60
5.0,12,10,8,60
5.0,12,10,9,60
5.0,12,10,10,61
5.0,12,10,11,61
5.0,12,10,12,61
5.0,12,10,13,61
5.0,12,10,14,62
5.0,12,10,15,62
5.0,12,11,0,58
5.0,12,11,1,58
5.0,12,11,2,59
5.0,12,11,3,59
5.0,12,11,4,59
5.0,12,11,5,59
5.0,12,11,6,60
5.0,12,11,7,60
5.0,12,11,8,60
5.0,12,11,9,61
5.0,12,11,10,61
5.0,12,11,11,61
5.0,12,11,12,61
5.0,12,11,13,62
5.0,12,11,14,62
5.0,12,11,15,62
5.0,12,12,0,58
5.0,12,12,1,59
5.0,12,12,2,59
5.0,12,12,3,59
5.0,12,12,4,60
5.0,12,12,5,60
5.0,12,12,6,60
5.0,12,12,7,60
5.0,12,12,8,61
5.0,12,12,9,61
5.0,12,12,10,61
5.0,12,12,11,61
5.0,12,12,12,62
5.0,12,12,13,62
5.0,12,12,14,62
5.0,12,12,15,63
5.0,12,13,0,59
5.0,12,13,1,59
5.0,12,13,2,59
5.0,12,13,3,60
5.0,12,13,4,60
5.0,12,13,5,60
5.0,12,13,6,60
5.0,12,13,7,61
5.0,12,13,8,61
5.0,12,13,9,61
5.0,12,13,10,62
5.0,12,13,11,62
5.0,12,13,12,62
5.0,12,13,13,62
5.0,12,13,14,63
5.0,12,13,15,63
5.0,12,14,0,59
5.0,12,14,1,59
5.0,12,14,2,60
5.0,12,14,3,60
5.0,12,14,4,60
5.0,12,14,5,60
5.0,12,14,6,61
5.0,12,14,7,61
5.0,12,14,8,61
5.0,12,14,9,62
5.0,12,14,10,62
5.0,12,14,11,62
5.0,12,14,12,62
5.0,12,14,13,63
5.0,12,14,14,63
5.0,12,14,15,63
5.0,12,15,0,59
5.0,12,15,1,60
5.0,12,15,2,60
5.0,12,15,3,60
5.0,12,15,4,60
5.0,12,15,5,61
5.0,12,15,6,61
5.0,12,15,7,61
5.0,12,15,8,62
5.0,12,15,9,62
5.0,12,15,10,62
5.0,12,15,11,62
5.0,12,15,12,63
5.0,12,15,13,63
5.0,12,15,14,63
5.0,12,15,15,64
5.0,13,0,0,55
5.0,13,0,1,56
5.0,13,0,2,56
5.0,13,0,3,56
5.0,13,0,4,56
5.0,13,0,5,57
5.0,13,0,6,57
5.0,13,0,7,57
5.0,13,0,8,57
5.0,13,0,9,58
5.0,13,0,10,58
5.0,13,0,11,58
5.0,13,0,12,59
5.0,13,0,13,59
5.0,13,0,14,59
5.0,13,0,15,59
5.0,13,1,0,56
5.0,13,1,1,56
5.0,13,1,2,56
5.0,13,1,3,56
5.0,13,1,4,57
5.0,13,1,5,57
5.0,13,1,6,57
5.0,13,1,7,58
5.0,13,1,8,58
5.0,13,1,9,58
5.0,13,1,10,58
5.0,13,1,11,59
5.0,13,1,12,59
5.0,13,1,13,59
5.0,13,1,14,59
5.0,13,1,15,60
5.0,13,2,0,56
5.0,13,2,1,56
5.0,13,2,2,57
5.0,13,2,3,57
5.0,13,2,4,57
5.0,13,2,5,57
5.0,13,2,6,58
5.0,13,2,7,58
5.0,13,2,8,58
5.0,13,2,9,58
5.0,13,2,10,59
5.0,13,2,11,59
5.0,13,2,12,59
5.0,13,2,13,59
5.0,13,2,14,60
5.0,13,2,15,60
5.0,13,3,0,56
5.0,13,3,1,57
5.0,13,3,2,57
5.0,13,3,3,57
5.0,13,3,4,57
5.0,13,3,5,58
5.0,13,3,6,58
5.0,13,3,7,58
5.0,13,3,8,58
5.0,13,3,9,59
5.0,13,3,10,59
5.0,13,3,11,59
5.0,13,3,12,60
5.0,13,3,13,60
5.0,13,3,14,60
5.0,13,3,15,60
5.0,13,4,0,57
5.0,13,4,1,57
5.0,13,4,2,57
5.0,13,4,3,57
5.0,13,4,4,58
5.0,13,4,5,58
5.0,13,4,6,58
5.0,13,4,7,59
5.0,13,4,8,59
5.0,13,4,9,59
5.0,13,4,10,59
5.0,13,4,11,60
5.0,13,4,12,60
5.0,13,4,13,60
5.0,13,4,14,60
5.0,13,4,15,61
5.0,13,5,0,57
5.0,13,5,1,57
5.0,13,5,2,58
5.0,13,5,3,58
5.0,13,5,4,58
5.0,13,5,5,58
5.0,13,5,6,59
5.0,13,5,7,59
5.0,13,5,8,59
5.0,13,5,9,59
5.0,13,5,10,60
5.0,13,5,11,60
5.0,13,5,12,60
5.0,13,5,13,61
5.0,13,5,14,61
5.0,13,5,15,61
5.0,13,6,0,57
5.0,13,6,1,58
5.0,13,6,2,58
5.0,13,6,3,58
5.0,13,6,4,58
5.0,13,6,5,59
5.0,13,6,6,59
5.0,13,6,7,59
5.0,13,6,8,60
5.0,13,6,9,60
5.0,13,6,10,60
5.0,13,6,11,60
5.0,13,6,12,61
5.0,13,6,13,61
5.0,13,6,14,61
5.0,13,6,15,61
5.0,13,7,0,58
5.0,13,7,1,58
5.0,13,7,2,58
5.0,13,7,3,58
5.0,13,7,4,59
5.0,13,7,5,59
5.0,13,7,6,59
5.0,13,7,7,60
5.0,13,7,8,60
5.0,13,7,9,60
5.0,13,7,10,60
5.0,13,7,11,61
5.0,13,7,12,61
5.0,13,7,13,61
5.0,13,7,14,61
5.0,13,7,15,62
5.0,13,8,0,58
5.0,13,8,1,58
5.0,13,8,2,59
5.0,13,8,3,59
5.0,13,8,4,59
5.0,13,8,5,59
5.0,13,8,6,60
5.0,13,8,7,60
5.0,13,8,8,60
5.0,13,8,9,60
5.0,13,8,10,61
5.0,13,8,11,61
5.0,13,8,12,61
5.0,13,8,13,62
5.0,13,8,14,62
5.0,13,8,15,62
5.0,13,9,0,58
5.0,13,9,1,59
5.0,13,9,2,59
5.0,13,9,3,59
5.0,13,9,4,59
5.0,13,9,5,60
5.0,13,9,6,60
5.0,13,9,7,60
5.0,13,9,8,61
5.0,13,9,9,61
5.0,13,9,10,61
5.0,13,9,11,61
5.0,13,9,12,62
5.0,13,9,13,62
5.0,13,9,14,62
5.0,13,9,15,62
5.0,13,10,0,59
5.0,13,10,1,59
5.0,13,10,2,59
5.0,13,10,3,59
5.0,13,10,4,60
5.0,13,10,5,60
5.0,13,10,6,60
5.0,13,10,7,61
5.0,13,10,8,61
5.0,13,10,9,61
5.0,13,10,10,61
5.0,13,10,11,62
5.0,13,10,12,62
5.0,13,10,13,62
5.0,13,10,14,63
5.0,13,10,15,63
5.0,13,11,0,59
5.0,13,11,1,59
5.0,13,11,2,59
5.0,13,11,3,60
5.0,13,11,4,60
5.0,13,11,5,60
5.0,13,11,6,61
5.0,13,11,7,61
5.0,13,11,8,61
5.0,13,11,9,61
5.0,13,11,10,62
5.0,13,11,11,62
5.0,13,11,12,62
5.0,13,11,13,63
5.0,13,11,14,63
5.0,13,11,15,63
5.0,13,12,0,59
5.0,13,12,1,60
5.0,13,12,2,60
5.0,13,12,3,60
5.0,13,12,4,60
5.0,13,12,5,61
5.0,13,12,6,61
5.0,13,12,7,61
5.0,13,12,8,62
5.0,13,12,9,62
5.0,13,12,10,62
5.0,13,12,11,62
5.0,13,12,12,63
5.0,13,12,13,63
5.0,13,12,14,63
5.0,13,12,15,63
5.0,13,13,0,60
5.0,13,13,1,60
5.0,13,13,2,60
5.0,13,13,3,60
5.0,13,13,4,61
5.0,13,13,5,61
5.0,13,13,6,61
5.0,13,13,7,62
5.0,13,13,8,62
5.0,13,13,9,62
5.0,13,13,10,62
5.0,13,13,11,63
5.0,13,13,12,63
5.0,13,13,13,63
5.0,13,13,14,64
5.0,13,13,15,64
5.0,13,14,0,60
5.0,13,14,1,60
5.0,13,14,2,60
5.0,13,14,3,61
5.0,13,14,4,61
5.0,13,14,5,61
5.0,13,14,6,62
5.0,13,14,7,62
5.0,13,14,8,62
5.0,13,14,9,62
5.0,13,14,10,63
5.0,13,14,11,63
5.0,13,14,12,63
5.0,13,14,13,64
5.0,13,14,14,64
5.0,13,14,15,64
5.0,13,15,0,60
5.0,13,15,1,60
5.0,13,15,2,61
5.0,13,15,3,61
5.0,13,15,4,61
5.0,13,15,5,62
5.0,13,15,6,62
5.0,13,15,7,62
5.0,13,15,8,62
5.0,13,15,9,63
5.0,13,15,10,63
5.0,13,15,11,63
5.0,13,15,12,64
5.0,13,15,13,64
5.0,13,15,14,64
5.0,13,15,15,64
5.0,14,0,0,56
5.0,14,0,1,56
5.0,14,0,2,57
5.0,14,0,3,57
5.0,14,0,4,57
5.0,14,0,5,57
5.0,14,0,6,58
5.0,14,0,7,58
5.0,14,0,8,58
5.0,14,0,9,59
5.0,14,0,10,59
5.0,14,0,11,59
5.0,14,0,12,59
5.0,14,0,13,60
5.0,14,0,14,60
5.0,14,0,15,60
5.0,14,1,0,56
5.0,14,1,1,57
5.0,14,1,2,57
5.0,14,1,3,57
5.0,14,1,4,58
5.0,14,1,5,58
5.0,14,1,6,58
5.0,14,1,7,58
5.0,14,1,8,59
5.0,14,1,9,59
5.0,14,1,10,59
5.0,14,1,11,59
5.0,14,1,12,60
5.0,14,1,13,60
5.0,14,1,14,60
5.0,14,1,15,60
5.0,14,2,0,57
5.0,14,2,1,57
5.0,14,2,2,57
5.0,14,2,3,58
5.0,14,2,4,58
5.0,14,2,5,58
5.0,14,2,6,58
5.0,14,2,7,59
5.0,14,2,8,59
5.0,14,2,9,59
5.0,14,2,10,60
5.0,14,2,11,60
5.0,14,2,12,60
5.0,14,2,13,60
5.0,14,2,14,61
5.0,14,2,15,61
5.0,14,3,0,57
5.0,14,3,1,57
5.0,14,3,2,58
5.0,14,3,3,58
5.0,14,3,4,58
5.0,14,3,5,58
5.0,14,3,6,59
5.0,14,3,7,59
5.0,14,3,8,59
5.0,14,3,9,60
5.0,14,3,10,60
5.0,14,3,11,60
5.0,14,3,12,60
5.0,14,3,13,61
5.0,14,3,14,61
5.0,14,3,15,61
5.0,14,4,0,57
5.0,14,4,1,58
5.0,14,4,2,58
5.0,14,4,3,58
5.0,14,4,4,59
5.0,14,4,5,59
5.0,14,4,6,59
5.0,14,4,7,59
5.0,14,4,8,60
5.0,14,4,9,60
5.0,14,4,10,60
5.0,14,4,11,60
5.0,14,4,12,61
5.0,14,4,13,61
5.0,14,4,14,61
5.0,14,4,15,62
5.0,14,5,0,58
5.0,14,5,1,58
5.0,14,5,2,58
5.0,14,5,3,59
5.0,14,5,4,59
5.0,14,5,5,59
5.0,14,5,6,59
5.0,14,5,7,60
5.0,14,5,8,60
5.0,14,5,9,60
5.0,14,5,10,61
5.0,14,5,11,61
5.0,14,5,12,61
5.0,14,5,13,61
5.0,14,5,14,62
5.0,14,5,15,62
5.0,14,6,0,58
5.0,14,6,1,58
5.0,14,6,2,59
5.0,14,6,3,59
5.0,14,6,4,59
5.0,14,6,5,60
5.0,14,6,6,60
5.0,14,6,7,60
5.0,14,6,8,60
5.0,14,6,9,61
5.0,14,6,10,61
5.0,14,6,11,61
5.0,14,6,12,61
5.0,14,6,13,62
5.0,14,6,14,62
5.0,14,6,15,62
5.0,14,7,0,58
5.0,14,7,1,59
5.0,14,7,2,59
5.0,14,7,3,59
5.0,14,7,4,60
5.0,14,7,5,60
5.0,14,7,6,60
5.0,14,7,7,60
5.0,14,7,8,61
5.0,14,7,9,61
5.0,14,7,10,61
5.0,14,7,11,62
5.0,14,7,12,62
5.0,14,7,13,62
5.0,14,7,14,62
5.0,14,7,15,63
5.0,14,8,0,59
5.0,14,8,1,59
5.0,14,8,2,59
5.0,14,8,3,60
5.0,14,8,4,60
5.0,14,8,5,60
5.0,14,8,6,60
5.0,14,8,7,61
5.0,14,8,8,61
5.0,14,8,9,61
5.0,14,8,10,62
5.0,14,8,11,62
5.0,14,8,12,62
5.0,14,8,13,62
5.0,14,8,14,63
5.0,14,8,15,63
5.0,14,9,0,59
5.0,14,9,1,59
5.0,14,9,2,60
5.0,14,9,3,60
5.0,14,9,4,60
5.0,14,9,5,61
5.0,14,9,6,61
5.0,14,9,7,61
5.0,14,9,8,61
5.0,14,9,9,62
5.0,14,9,10,62
5.0,14,9,11,62
5.0,14,9,12,62
5.0,14,9,13,63
5.0,14,9,14,63
5.0,14,9,15,63
5.0,14,10,0,59
5.0,14,10,1,60
5.0,14,10,2,60
5.0,14,10,3,60
5.0,14,10,4,61
5.0,14,10,5,61
5.0,14,10,6,61
5.0,14,10,7,61
5.0,14,10,8,62
5.0,14,10,9,62
5.0,14,10,10,62
5.0,14,10,11,63
5.0,14,10,12,63
5.0,14,10,13,63
5.0,14,10,14,63
5.0,14,10,15,64
5.0,14,11,0,60
5.0,14,11,1,60
5.0,14,11,2,60
5.0,14,11,3,61
5.0,14,11,4,61
5.0,14,11,5,61
5.0,14,11,6,61
5.0,14,11,7,62
5.0,14,11,8,62
5.0,14,11,9,62
5.0,14,11,10,63
5.0,14,11,11,63
5.0,14,11,12,63
5.0,14,11,13,63
5.0,14,11,14,64
5.0,14,11,15,64
5.0,14,12,0,60
5.0,14,12,1,60
5.0,14,12,2,61
5.0,14,12,3,61
5.0,14,12,4,61
5.0,14,12,5,62
5.0,14,12,6,62
5.0,14,12,7,62
5.0,14,12,8,62
5.0,14,12,9,63
5.0,14,12,10,63
5.0,14,12,11,63
5.0,14,12,12,64
5.0,14,12,13,64
5.0,14,12,14,64
5.0,14,12,15,64
5.0,14,13,0,60
5.0,14,13,1,61
5.0,14,13,2,61
5.0,14,13,3,61
5.0,14,13,4,62
5.0,14,13,5,62
5.0,14,13,6,62
5.0,14,13,7,62
5.0,14,13,8,63
5.0,14,13,9,63
5.0,14,13,10,63
5.0,14,13,11,64
5.0,14,13,12,64
5.0,14,13,13,64
5.0,14,13,14,64
5.0,14,13,15,65
5.0,14,14,0,61
5.0,14,14,1,61
5.0,14,14,2,61
5.0,14,14,3,62
5.0,14,14,4,62
5.0,14,14,5,62
5.0,14,14,6,62
5.0,14,14,7,63
5.0,14,14,8,63
5.0,14,14,9,63
5.0,14,14,10,64
5.0,14,14,11,64
5.0,14,14,12,64
5.0,14,14,13,64
5.0,14,14,14,65
5.0,14,14,15,65
5.0,14,15,0,61
5.0,14,15,1,61
5.0,14,15,2,62
5.0,14,15,3,62
5.0,14,15,4,62
5.0,14,15,5,62
5.0,14,15,6,63
5.0,14,15,7,63
5.0,14,15,8,63
5.0,14,15,9,64
5.0,14,15,10,64
5.0,14,15,11,64
5.0,14,15,12,65
5.0,14,15,13,65
5.0,14,15,14,65
5.0,14,15,15,65
5.0,15,0,0,57
5.0,15,0,1,57
5.0,15,0,2,57
5.0,15,0,3,58
5.0,15,0,4,58
5.0,15,0,5,58
5.0,15,0,6,59
5.0,15,0,7,59
5.0,15,0,8,59
5.0,15,0,9,59
5.0,15,0,10,60
5.0,15,0,11,60
5.0,15,0,12,60
5.0,15,0,13,60
5.0,15,0,14,61
5.0,15,0,15,61
5.0,15,1,0,57
5.0,15,1,1,57
5.0,15,1,2,58
5.0,15,1,3,58
5.0,15,1,4,58
5.0,15,1,5,59
5.0,15,1,6,59
5.0,15,1,7,59
5.0,15,1,8,59
5.0,15,1,9,60
5.0,15,1,10,60
5.0,15,1,11,60
5.0,15,1,12,61
5.0,15,1,13,61
5.0,15,1,14,61
5.0,15,1,15,61
5.0,15,2,0,58
5.0,15,2,1,58
5.0,15,2,2,58
5.0,15,2,3,58
5.0,15,2,4,59
5.0,15,2,5,59
5.0,15,2,6,59
5.0,15,2,7,60
5.0,15,2,8,60
5.0,15,2,9,60
5.0,15,2,10,60
5.0,15,2,11,61
5.0,15,2,12,61
5.0,15,2,13,61
5.0,15,2,14,61
5.0,15,2,15,62
5.0,15,3,0,58
5.0,15,3,1,58
5.0,15,3,2,58
5.0,15,3,3,59
5.0,15,3,4,59
5.0,15,3,5,59
5.0,15,3,6,60
5.0,15,3,7,60
5.0,15,3,8,60
5.0,15,3,9,60
5.0,15,3,10,61
5.0,15,3,11,61
5.0,15,3,12,61
5.0,15,3,13,61
5.0,15,3,14,62
5.0,15,3,15,62
5.0,15,4,0,58
5.0,15,4,1,59
5.0,15,4,2,59
5.0,15,4,3,59
5.0,15,4,4,59
5.0,15,4,5,60
5.0,15,4,6,60
5.0,15,4,7,60
5.0,15,4,8,60
5.0,15,4,9,61
5.0,15,4,10,61
5.0,15,4,11,61
5.0,15,4,12,62
5.0,15,4,13,62
5.0,15,4,14,62
5.0,15,4,15,62
5.0,15,5,0,59
5.0,15,5,1,59
5.0,15,5,2,59
5.0,15,5,3,59
5.0,15,5,4,60
5.0,15,5,5,60
5.0,15,5,6,60
5.0,15,5,7,61
5.0,15,5,8,61
5.0,15,5,9,61
5.0,15,5,10,61
5.0,15,5,11,62
5.0,15,5,12,62
5.0,15,5,13,62
5.0,15,5,14,62
5.0,15,5,15,63
5.0,15,6,0,59
5.0,15,6,1,59
5.0,15,6,2,59
5.0,15,6,3,60
5.0,15,6,4,60
5.0,15,6,5,60
5.0,15,6,6,61
5.0,15,6,7,61
5.0,15,6,8,61
5.0,15,6,9,61
5.0,15,6,10,62
5.0,15,6,11,62
5.0,15,6,12,62
5.0,15,6,13,63
5.0,15,6,14,63
5.0,15,6,15,63
5.0,15,7,0,59
5.0,15,7,1,60
5.0,15,7,2,60
5.0,15,7,3,60
5.0,15,7,4,60
5.0,15,7,5,61
5.0,15,7,6,61
5.0,15,7,7,61
5.0,15,7,8,62
5.0,15,7,9,62
5.0,15,7,10,62
5.0,15,7,11,62
5.0,15,7,12,63
5.0,15,7,13,63
5.0,15,7,14,63
5.0,15,7,15,63
5.0,15,8,0,60
5.0,15,8,1,60
5.0,15,8,2,60
5.0,15,8,3,60
5.0,15,8,4,61
5.0,15,8,5,61
5.0,15,8,6,61
5.0,15,8,7,62
5.0,15,8,8,62
5.0,15,8,9,62
5.0,15,8,10,62
5.0,15,8,11,63
5.0,15,8,12,63
5.0,15,8,13,63
5.0,15,8,14,64
5.0,15,8,15,64
5.0,15,9,0,60
5.0,15,9,1,60
5.0,15,9,2,60
5.0,15,9,3,61
5.0,15,9,4,61
5.0,15,9,5,61
5.0,15,9,6,62
5.0,15,9,7,62
5.0,15,9,8,62
5.0,15,9,9,62
5.0,15,9,10,63
5.0,15,9,11,63
5.0,15,9,12,63
5.0,15,9,13,64
5.0,15,9,14,64
5.0,15,9,15,64
5.0,15,10,0,60
5.0,15,10,1,61
5.0,15,10,2,61
5.0,15,10,3,61
5.0,15,10,4,61
5.0,15,10,5,62
5.0,15,10,6,62
5.0,15,10,7,62
5.0,15,10,8,63
5.0,15,10,9,63
5.0,15,10,10,63
5.0,15,10,11,63
5.0,15,10,12,64
5.0,15,10,13,64
5.0,15,10,14,64
5.0,15,10,15,65
5.0,15,11,0,61
5.0,15,11,1,61
5.0,15,11,2,61
5.0,15,11,3,61
5.0,15,11,4,62
5.0,15,11,5,62
5.0,15,11,6,62
5.0,15,11,7,63
5.0,15,11,8,63
5.0,15,11,9,63
5.0,15,11,10,63
5.0,15,11,11,64
5.0,15,11,12,64
5.0,15,11,13,64
5.0,15,11,14,65
5.0,15,11,15,65
5.0,15,12,0,61
5.0,15,12,1,61
5.0,15,12,2,61
5.0,15,12,3,62
5.0,15,12,4,62
5.0,15,12,5,62
5.0,15,12,6,63
5.0,15,12,7,63
5.0,15,12,8,63
5.0,15,12,9,64
5.0,15,12,10,64
5.0,15,12,11,64
5.0,15,12,12,64
5.0,15,12,13,65
5.0,15,12,14,65
5.0,15,12,15,65
5.0,15,13,0,61
5.0,15,13,1,61
5.0,15,13,2,62
5.0,15,13,3,62
5.0,15,13,4,62
5.0,15,13,5,63
5.0,15,13,6,63
5.0,15,13,7,63
5.0,15,13,8,64
5.0,15,13,9,64
5.0,15,13,10,64
5.0,15,13,11,64
5.0,15,13,12,65
5.0,15,13,13,65
5.0,15,13,14,65
5.0,15,13,15,66
5.0,15,14,0,62
5.0,15,14,1,62
5.0,15,14,2,62
5.0,15,14,3,62
5.0,15,14,4,63
5.0,15,14,5,63
5.0,15,14,6,63
5.0,15,14,7,64
5.0,15,14,8,64
5.0,15,14,9,64
5.0,15,14,10,64
5.0,15,14,11,65
5.0,15,14,12,65
5.0,15,14,13,65
5.0,15,14,14,66
5.0,15,14,15,66
5.0,15,15,0,62
5.0,15,15,1,62
5.0,15,15,2,62
5.0,15,15,3,63
5.0,15,15,4,63
5.0,15,15,5,63
5.0,15,15,6,64
5.0,15,15,7,64
5.0,15,15,8,64
5.0,15,15,9,65
5.0,15,15,10,65
5.0,15,15,11,65
5.0,15,15,12,65
5.0,15,15,13,66
5.0,15,15,14,66
5.0,15,15,15,66
5.5,0,0,0,50
5.5,0,0,1,51
5.5,0,0,2,51
5.5,0,0,3,51
5.5,0,0,4,51
5.5,0,0,5,52
5.5,0,0,6,52
5.5,0,0,7,52
5.5,0,0,8,52
5.5,0,0,9,53
5.5,0,0,10,53
5.5,0,0,11,53
5.5,0,0,12,53
5.5,0,0,13,53
5.5,0,0,14,54
5.5,0,0,15,54
5.5,0,1,0,51
5.5,0,1,1,51
5.5,0,1,2,51
5.5,0,1,3,51
5.5,0,1,4,52
5.5,0,1,5,52
5.5,0,1,6,52
5.5,0,1,7,52
5.5,0,1,8,53
5.5,0,1,9,53
5.5,0,1,10,53
5.5,0,1,11,53
5.5,0,1,12,54
5.5,0,1,13,54
5.5,0,1,14,54
5.5,0,1,15,54
5.5,0,2,0,51
5.5,0,2,1,51
5.5,0,2,2,51
5.5,0,2,3,52
5.5,0,2,4,52
5.5,0,2,5,52
5.5,0,2,6,52
5.5,0,2,7,53
5.5,0,2,8,53
5.5,0,2,9,53
5.5,0,2,10,53
5.5,0,2,11,54
5.5,0,2,12,54
5.5,0,2,13,54
5.5,0,2,14,54
5.5,0,2,15,55
5.5,0,3,0,51
5.5,0,3,1,52
5.5,0,3,2,52
5.5,0,3,3,52
5.5,0,3,4,52
5.5,0,3,5,53
5.5,0,3,6,53
5.5,0,3,7,53
5.5,0,3,8,53
5.5,0,3,9,53
5.5,0,3,10,54
5.5,0,3,11,54
5.5,0,3,12,54
5.5,0,3,13,54
5.5,0,3,14,55
5.5,0,3,15,55
5.5,0,4,0,52
5.5,0,4,1,52
5.5,0,4,2,52
5.5,0,4,3,52
5.5,0,4,4,53
5.5,0,4,5,53
5.5,0,4,6,53
5.5,0,4,7,53
5.5,0,4,8,54
5.5,0,4,9,54
5.5,0,4,10,54
5.5,0,4,11,54
5.5,0,4,12,55
5.5,0,4,13,55
5.5,0,4,14,55
5.5,0,4,15,55
5.5,0,5,0,52
5.5,0,5,1,52
5.5,0,5,2,52
5.5,0,5,3,53
5.5,0,5,4,53
5.5,0,5,5,53
5.5,0,5,6,53
5.5,0,5,7,54
5.5,0,5,8,54
5.5,0,5,9,54
5.5,0,5,10,54
5.5,0,5,11,55
5.5,0,5,12,55
5.5,0,5,13,55
5.5,0,5,14,55
5.5,0,5,15,56
5.5,0,6,0,52
5.5,0,6,1,52
5.5,0,6,2,53
5.5,0,6,3,53
5.5,0,6,4,53
5.5,0,6,5,53
5.5,0,6,6,54
5.5,0,6,7,54
5.5,0,6,8,54
5.5,0,6,9,54
5.5,0,6,10,55
5.5,0,6,11,55
5.5,0,6,12,55
5.5,0,6,13,55
5.5,0,6,14,56
5.5,0,6,15,56
5.5,0,7,0,52
5.5,0,7,1,53
5.5,0,7,2,53
5.5,0,7,3,53
5.5,0,7,4,53
5.5,0,7,5,54
5.5,0,7,6,54
5.5,0,7,7,54
5.5,0,7,8,54
5.5,0,7,9,55
5.5,0,7,10,55
5.5,0,7,11,55
5.5,0,7,12,55
5.5,0,7,13,56
5.5,0,7,14,56
5.5,0,7,15,56
5.5,0,8,0,53
5.5,0,8,1,53
5.5,0,8,2,53
5.5,0,8,3,54
5.5,0,8,4,54
5.5,0,8,5,54
5.5,0,8,6,54
5.5,0,8,7,55
5.5,0,8,8,55
5.5,0,8,9,55
5.5,0,8,10,55
5.5,0,8,11,56
5.5,0,8,12,56
5.5,0,8,13,56
5.5,0,8,14,56
5.5,0,8,15,57
5.5,0,9,0,53
5.5,0,9,1,53
5.5,0,9,2,54
5.5,0,9,3,54
5.5,0,9,4,54
5.5,0,9,5,54
5.5,0,9,6,55
5.5,0,9,7,55
5.5,0,9,8,55
5.5,0,9,9,55
5.5,0,9,10,56
5.5,0,9,11,56
5.5,0,9,12,56
5.5,0,9,13,56
5.5,0,9,14,57
5.5,0,9,15,57
5.5,0,10,0,53
5.5,0,10,1,54
5.5,0,10,2,54
5.5,0,10,3,54
5.5,0,10,4,54
5.5,0,10,5,55
5.5,0,10,6,55
5.5,0,10,7,55
5.5,0,10,8,55
5.5,0,10,9,56
5.5,0,10,10,56
5.5,0,10,11,56
5.5,0,10,12,56
5.5,0,10,13,57
5.5,0,10,14,57
5.5,0,10,15,57
5.5,0,11,0,54
5.5,0,11,1,54
5.5,0,11,2,54
5.5,0,11,3,54
5.5,0,11,4,55
5.5,0,11,5,55
5.5,0,11,6,55
5.5,0,11,7,55
5.5,0,11,8,56
5.5,0,11,9,56
5.5,0,11,10,56
5.5,0,11,11,56
5.5,0,11,12,57
5.5,0,11,13,57
5.5,0,11,14,57
5.5,0,11,15,57
5.5,0,12,0,54
5.5,0,12,1,54
5.5,0,12,2,54
5.5,0,12,3,55
5.5,0,12,4,55
5.5,0,12,5,55
5.5,0,12,6,55
5.5,0,12,7,56
5.5,0,12,8,56
5.5,0,12,9,56
5.5,0,12,10,57
5.5,0,12,11,57
5.5,0,12,12,57
5.5,0,12,13,57
5.5,0,12,14,58
5.5,0,12,15,58
5.5,0,13,0,54
5.5,0,13,1,54
5.5,0,13,2,55
5.5,0,13,3,55
5.5,0,13,4,55
5.5,0,13,5,56
5.5,0,13,6,56
5.5,0,13,7,56
5.5,0,13,8,56
5.5,0,13,9,57
5.5,0,13,10,57
5.5,0,13,11,57
5.5,0,13,12,57
5.5,0,13,13,58
5.5,0,13,14,58
5.5,0,13,15,58
5.5,0,14,0,54
5.5,0,14,1,55
5.5,0,14,2,55
5.5,0,14,3,55
5.5,0,14,4,56
5.5,0,14,5,56
5.5,0,14,6,56
5.5,0,14,7,56
5.5,0,14,8,57
5.5,0,14,9,57
5.5,0,14,10,57
5.5,0,14,11,57
5.5,0,14,12,58
5.5,0,14,13,58
5.5,0,14,14,58
5.5,0,14,15,58
5.5,0,15,0,55
5.5,0,15,1,55
5.5,0,15,2,55
5.5,0,15,3,56
5.5,0,15,4,56
5.5,0,15,5,56
5.5,0,15,6,56
5.5,0,15,7,57
5.5,0,15,8,57
5.5,0,15,9,57
5.5,0,15,10,57
5.5,0,15,11,58
5.5,0,15,12,58
5.5,0,15,13,58
5.5,0,15,14,58
5.5,0,15,15,59
5.5,1,0,0,51
5.5,1,0,1,51
5.5,1,0,2,52
5.5,1,0,3,52
5.5,1,0,4,52
5.5,1,0,5,52
5.5,1,0,6,53
5.5,1,0,7,53
5.5,1,0,8,53
5.5,1,0,9,53
5.5,1,0,10,54
5.5,1,0,11,54
5.5,1,0,12,54
5.5,1,0,13,54
5.5,1,0,14,55
5.5,1,0,15,55
5.5,1,1,0,52
5.5,1,1,1,52
5.5,1,1,2,52
5.5,1,1,3,52
5.5,1,1,4,53
5.5,1,1,5,53
5.5,1,1,6,53
5.5,1,1,7,53
5.5,1,1,8,54
5.5,1,1,9,54
5.5,1,1,10,54
5.5,1,1,11,54
5.5,1,1,12,54
5.5,1,1,13,55
5.5,1,1,14,55
5.5,1,1,15,55
5.5,1,2,0,52
5.5,1,2,1,52
5.5,1,2,2,52
5.5,1,2,3,53
5.5,1,2,4,53
5.5,1,2,5,53
5.5,1,2,6,53
5.5,1,2,7,54
5.5,1,2,8,54
5.5,1,2,9,54
5.5,1,2,10,54
5.5,1,2,11,55
5.5,1,2,12,55
5.5,1,2,13,55
5.5,1,2,14,55
5.5,1,2,15,56
5.5,1,3,0,52
5.5,1,3,1,52
5.5,1,3,2,53
5.5,1,3,3,53
5.5,1,3,4,53
5.5,1,3,5,53
5.5,1,3,6,54
5.5,1,3,7,54
5.5,1,3,8,54
5.5,1,3,9,54
5.5,1,3,10,55
5.5,1,3,11,55
5.5,1,3,12,55
5.5,1,3,13,55
5.5,1,3,14,56
5.5,1,3,15,56
5.5,1,4,0,52
5.5,1,4,1,53
5.5,1,4,2,53
5.5,1,4,3,53
5.5,1,4,4,53
5.5,1,4,5,54
5.5,1,4,6,54
5.5,1,4,7,54
5.5,1,4,8,54
5.5,1,4,9,55
5.5,1,4,10,55
5.5,1,4,11,55
5.5,1,4,12,55
5.5,1,4,13,56
5.5,1,4,14,56
5.5,1,4,15,56
5.5,1,5,0,53
5.5,1,5,1,53
5.5,1,5,2,53
5.5,1,5,3,54
5.5,1,5,4,54
5.5,1,5,5,54
5.5,1,5,6,54
5.5,1,5,7,55
5.5,1,5,8,55
5.5,1,5,9,55
5.5,1,5,10,55
5.5,1,5,11,56
5.5,1,5,12,56
5.5,1,5,13,56
5.5,1,5,14,56
5.5,1,5,15,57
5.5,1,6,0,53
5.5,1,6,1,53
5.5,1,6,2,54
5.5,1,6,3,54
5.5,1,6,4,54
5.5,1,6,5,54
5.5,1,6,6,55
5.5,1,6,7,55
5.5,1,6,8,55
5.5,1,6,9,55
5.5,1,6,10,56
5.5,1,6,11,56
5.5,1,6,12,56
5.5,1,6,13,56
5.5,1,6,14,57
5.5,1,6,15,57
5.5,1,7,0,53
5.5,1,7,1,54
5.5,1,7,2,54
5.5,1,7,3,54
5.5,1,7,4,54
5.5,1,7,5,55
5.5,1,7,6,55
5.5,1,7,7,55
5.5,1,7,8,55
5.5,1,7,9,56
5.5,1,7,10,56
5.5,1,7,11,56
5.5,1,7,12,56
5.5,1,7,13,57
5.5,1,7,14,57
5.5,1,7,15,57
5.5,1,8,0,54
5.5,1,8,1,54
5.5,1,8,2,54
5.5,1,8,3,54
5.5,1,8,4,55
5.5,1,8,5,55
5.5,1,8,6,55
5.5,1,8,7,55
5.5,1,8,8,56
5.5,1,8,9,56
5.5,1,8,10,56
5.5,1,8,11,56
5.5,1,8,12,57
5.5,1,8,13,57
5.5,1,8,14,57
5.5,1,8,15,57
5.5,1,9,0,54
5.5,1,9,1,54
5.5,1,9,2,54
5.5,1,9,3,55
5.5,1,9,4,55
5.5,1,9,5,55
5.5,1,9,6,56
5.5,1,9,7,56
5.5,1,9,8,56
5.5,1,9,9,56
5.5,1,9,10,57
5.5,1,9,11,57
5.5,1,9,12,57
5.5,1,9,13,57
5.5,1,9,14,58
5.5,1,9,15,58
5.5,1,10,0,54
5.5,1,10,1,55
5.5,1,10,2,55
5.5,1,10,3,55
5.5,1,10,4,55
5.5,1,10,5,56
5.5,1,10,6,56
5.5,1,10,7,56
5.5,1,10,8,56
5.5,1,10,9,57
5.5,1,10,10,57
5.5,1,10,11,57
5.5,1,10,12,57
5.5,1,10,13,58
5.5,1,10,14,58
5.5,1,10,15,58
5.5,1,11,0,55
5.5,1,11,1,55
5.5,1,11,2,55
5.5,1,11,3,55
5.5,1,11,4,56
5.5,1,11,5,56
5.5,1,11,6,56
5.5,1,11,7,56
5.5,1,11,8,57
5.5,1,11,9,57
5.5,1,11,10,57
5.5,1,11,11,57
5.5,1,11,12,58
5.5,1,11,13,58
5.5,1,11,14,58
5.5,1,11,15,58
5.5,1,12,0,55
5.5,1,12,1,55
5.5,1,12,2,55
5.5,1,12,3,56
5.5,1,12,4,56
5.5,1,12,5,56
5.5,1,12,6,56
5.5,1,12,7,57
5.5,1,12,8,57
5.5,1,12,9,57
5.5,1,12,10,57
5.5,1,12,11,58
5.5,1,12,12,58
5.5,1,12,13,58
5.5,1,12,14,58
5.5,1,12,15,59
5.5,1,13,0,55
5.5,1,13,1,55
5.5,1,13,2,56
5.5,1,13,3,56
5.5,1,13,4,56
5.5,1,13,5,56
5.5,1,13,6,57
5.5,1,13,7,57
5.5,1,13,8,57
5.5,1,13,9,58
5.5,1,13,10,58
5.5,1,13,11,58
5.5,1,13,12,58
5.5,1,13,13,59
5.5,1,13,14,59
5.5,1,13,15,59
5.5,1,14,0,55
5.5,1,14,1,56
5.5,1,14,2,56
5.5,1,14,3,56
5.5,1,14,4,56
5.5,1,14,5,57
5.5,1,14,6,57
5.5,1,14,7,57
5.5,1,14,8,58
5.5,1,14,9,58
5.5,1,14,10,58
5.5,1,14,11,58
5.5,1,14,12,59
5.5,1,14,13,59
5.5,1,14,14,59
5.5,1,14,15,59
5.5,1,15,0,56
5.5,1,15,1,56
5.5,1,15,2,56
5.5,1,15,3,57
5.5,1,15,4,57
5.5,1,15,5,57
5.5,1,15,6,57
5.5,1,15,7,58
5.5,1,15,8,58
5.5,1,15,9,58
5.5,1,15,10,58
5.5,1,15,11,59
5.5,1,15,12,59
5.5,1,15,13,59
5.5,1,15,14,59
5.5,1,15,15,60
5.5,2,0,0,52
5.5,2,0,1,52
5.5,2,0,2,53
5.5,2,0,3,53
5.5,2,0,4,53
5.5,2,0,5,53
5.5,2,0,6,54
5.5,2,0,7,54
5.5,2,0,8,54
5.5,2,0,9,54
5.5,2,0,10,55
5.5,2,0,11,55
5.5,2,0,12,55
5.5,2,0,13,55
5.5,2,0,14,56
5.5,2,0,15,56
5.5,2,1,0,52
5.5,2,1,1,53
5.5,2,1,2,53
5.5,2,1,3,53
5.5,2,1,4,53
5.5,2,1,5,54
5.5,2,1,6,54
5.5,2,1,7,54
5.5,2,1,8,54
5.5,2,1,9,55
5.5,2,1,10,55
5.5,2,1,11,55
5.5,2,1,12,55
5.5,2,1,13,56
5.5,2,1,14,56
5.5,2,1,15,56
5.5,2,2,0,53
5.5,2,2,1,53
5.5,2,2,2,53
5.5,2,2,3,53
5.5,2,2,4,54
5.5,2,2,5,54
5.5,2,2,6,54
5.5,2,2,7,54
5.5,2,2,8,55
5.5,2,2,9,55
5.5,2,2,10,55
5.5,2,2,11,55
5.5,2,2,12,56
5.5,2,2,13,56
5.5,2,2,14,56
5.5,2,2,15,56
5.5,2,3,0,53
5.5,2,3,1,53
5.5,2,3,2,54
5.5,2,3,3,54
5.5,2,3,4,54
5.5,2,3,5,54
5.5,2,3,6,55
5.5,2,3,7,55
5.5,2,3,8,55
5.5,2,3,9,55
5.5,2,3,10,56
5.5,2,3,11,56
5.5,2,3,12,56
5.5,2,3,13,56
5.5,2,3,14,57
5.5,2,3,15,57
5.5,2,4,0,53
5.5,2,4,1,54
5.5,2,4,2,54
5.5,2,4,3,54
5.5,2,4,4,54
5.5,2,4,5,55
5.5,2,4,6,55
5.5,2,4,7,55
5.5,2,4,8,55
5.5,2,4,9,56
5.5,2,4,10,56
5.5,2,4,11,56
5.5,2,4,12,56
5.5,2,4,13,57
5.5,2,4,14,57
5.5,2,4,15,57
5.5,2,5,0,54
5.5,2,5,1,54
5.5,2,5,2,54
5.5,2,5,3,54
5.5,2,5,4,55
5.5,2,5,5,55
5.5,2,5,6,55
5.5,2,5,7,55
5.5,2,5,8,56
5.5,2,5,9,56
5.5,2,5,10,56
5.5,2,5,11,56
5.5,2,5,12,57
5.5,2,5,13,57
5.5,2,5,14,57
5.5,2,5,15,57
5.5,2,6,0,54
5.5,2,6,1,54
5.5,2,6,2,54
5.5,2,6,3,55
5.5,2,6,4,55
5.5,2,6,5,55
5.5,2,6,6,56
5.5,2,6,7,56
5.5,2,6,8,56
5.5,2,6,9,56
5.5,2,6,10,57
5.5,2,6,11,57
5.5,2,6,12,57
5.5,2,6,13,57
5.5,2,6,14,58
5.5,2,6,15,58
5.5,2,7,0,54
5.5,2,7,1,55
5.5,2,7,2,55
5.5,2,7,3,55
5.5,2,7,4,55
5.5,2,7,5,56
5.5,2,7,6,56
5.5,2,7,7,56
5.5,2,7,8,56
5.5,2,7,9,57
5.5,2,7,10,57
5.5,2,7,11,57
5.5,2,7,12,57
5.5,2,7,13,58
5.5,2,7,14,58
5.5,2,7,15,58
5.5,2,8,0,55
5.5,2,8,1,55
5.5,2,8,2,55
5.5,2,8,3,55
5.5,2,8,4,56
5.5,2,8,5,56
5.5,2,8,6,56
5.5,2,8,7,56
5.5,2,8,8,57
5.5,2,8,9,57
5.5,2,8,10,57
5.5,2,8,11,57
5.5,2,8,12,58
5.5,2,8,13,58
5.5,2,8,14,58
5.5,2,8,15,58
5.5,2,9,0,55
5.5,2,9,1,55
5.5,2,9,2,55
5.5,2,9,3,56
5.5,2,9,4,56
5.5,2,9,5,56
5.5,2,9,6,56
5.5,2,9,7,57
5.5,2,9,8,57
5.5,2,9,9,57
5.5,2,9,10,58
5.5,2,9,11,58
5.5,2,9,12,58
5.5,2,9,13,58
5.5,2,9,14,59
5.5,2,9,15,59
5.5,2,10,0,55
5.5,2,10,1,55
5.5,2,10,2,56
5.5,2,10,3,56
5.5,2,10,4,56
5.5,2,10,5,56
5.5,2,10,6,57
5.5,2,10,7,57
5.5,2,10,8,57
5.5,2,10,9,58
5.5,2,10,10,58
5.5,2,10,11,58
5.5,2,10,12,58
5.5,2,10,13,59
5.5,2,10,14,59
5.5,2,10,15,59
5.5,2,11,0,55
5.5,2,11,1,56
5.5,2,11,2,56
5.5,2,11,3,56
5.5,2,11,4,57
5.5,2,11,5,57
5.5,2,11,6,57
5.5,2,11,7,57
5.5,2,11,8,58
5.5,2,11,9,58
5.5,2,11,10,58
5.5,2,11,11,58
5.5,2,11,12,59
5.5,2,11,13,59
5.5,2,11,14,59
5.5,2,11,15,59
5.5,2,12,0,56
5.5,2,12,1,56
5.5,2,12,2,56
5.5,2,12,3,57
5.5,2,12,4,57
5.5,2,12,5,57
5.5,2,12,6,57
5.5,2,12,7,58
5.5,2,12,8,58
5.5,2,12,9,58
5.5,2,12,10,58
5.5,2,12,11,59
5.5,2,12,12,59
5.5,2,12,13,59
5.5,2,12,14,59
5.5,2,12,15,60
5.5,2,13,0,56
5.5,2,13,1,56
5.5,2,13,2,57
5.5,2,13,3,57
5.5,2,13,4,57
5.5,2,13,5,57
5.5,2,13,6,58
5.5,2,13,7,58
5.5,2,13,8,58
5.5,2,13,9,58
5.5,2,13,10,59
5.5,2,13,11,59
5.5,2,13,12,59
5.5,2,13,13,60
5.5,2,13,14,60
5.5,2,13,15,60
5.5,2,14,0,56
5.5,2,14,1,57
5.5,2,14,2,57
5.5,2,14,3,57
5.5,2,14,4,57
5.5,2,14,5,58
5.5,2,14,6,58
5.5,2,14,7,58
5.5,2,14,8,59
5.5,2,14,9,59
5.5,2,14,10,59
5.5,2,14,11,59
5.5,2,14,12,60
5.5,2,14,13,60
5.5,2,14,14,60
5.5,2,14,15,60
5.5,2,15,0,57
5.5,2,15,1,57
5.5,2,15,2,57
5.5,2,15,3,57
5.5,2,15,4,58
5.5,2,15,5,58
5.5,2,15,6,58
5.5,2,15,7,59
5.5,2,15,8,59
5.5,2,15,9,59
5.5,2,15,10,59
5.5,2,15,11,60
5.5,2,15,12,60
5.5,2,15,13,60
5.5,2,15,14,60
5.5,2,15,15,61
5.5,3,0,0,53
5.5,3,0,1,53
5.5,3,0,2,53
5.5,3,0,3,54
5.5,3,0,4,54
5.5,3,0,5,54
5.5,3,0,6,54
5.5,3,0,7,55
5.5,3,0,8,55
5.5,3,0,9,55
5.5,3,0,10,55
5.5,3,0,11,56
5.5,3,0,12,56
5.5,3,0,13,56
5.5,3,0,14,56
5.5,3,0,15,57
5.5,3,1,0,53
5.5,3,1,1,54
5.5,3,1,2,54
5.5,3,1,3,54
5.5,3,1,4,54
5.5,3,1,5,55
5.5,3,1,6,55
5.5,3,1,7,55
5.5,3,1,8,55
5.5,3,1,9,56
5.5,3,1,10,56
5.5,3,1,11,56
5.5,3,1,12,56
5.5,3,1,13,57
5.5,3,1,14,57
5.5,3,1,15,57
5.5,3,2,0,54
5.5,3,2,1,54
5.5,3,2,2,54
5.5,3,2,3,54
5.5,3,2,4,55
5.5,3,2,5,55
5.5,3,2,6,55
5.5,3,2,7,55
5.5,3,2,8,56
5.5,3,2,9,56
5.5,3,2,10,56
5.5,3,2,11,56
5.5,3,2,12,57
5.5,3,2,13,57
5.5,3,2,14,57
5.5,3,2,15,57
5.5,3,3,0,54
5.5,3,3,1,54
5.5,3,3,2,54
5.5,3,3,3,55
5.5,3,3,4,55
5.5,3,3,5,55
5.5,3,3,6,55
5.5,3,3,7,56
5.5,3,3,8,56
5.5,3,3,9,56
5.5,3,3,10,56
5.5,3,3,11,57
5.5,3,3,12,57
5.5,3,3,13,57
5.5,3,3,14,58
5.5,3,3,15,58
5.5,3,4,0,54
5.5,3,4,1,54
5.5,3,4,2,55
5.5,3,4,3,55
5.5,3,4,4,55
5.5,3,4,5,56
5.5,3,4,6,56
5.5,3,4,7,56
5.5,3,4,8,56
5.5,3,4,9,57
5.5,3,4,10,57
5.5,3,4,11,57
5.5,3,4,12,57
5.5,3,4,13,58
5.5,3,4,14,58
5.5,3,4,15,58
5.5,3,5,0,55
5.5,3,5,1,55
5.5,3,5,2,55
5.5,3,5,3,55
5.5,3,5,4,56
5.5,3,5,5,56
5.5,3,5,6,56
5.5,3,5,7,56
5.5,3,5,8,57
5.5,3,5,9,57
5.5,3,5,10,57
5.5,3,5,11,57
5.5,3,5,12,58
5.5,3,5,13,58
5.5,3,5,14,58
5.5,3,5,15,58
5.5,3,6,0,55
5.5,3,6,1,55
5.5,3,6,2,55
5.5,3,6,3,56
5.5,3,6,4,56
5.5,3,6,5,56
5.5,3,6,6,56
5.5,3,6,7,57
5.5,3,6,8,57
5.5,3,6,9,57
5.5,3,6,10,57
5.5,3,6,11,58
5.5,3,6,12,58
5.5,3,6,13,58
5.5,3,6,14,59
5.5,3,6,15,59
5.5,3,7,0,55
5.5,3,7,1,55
5.5,3,7,2,56
5.5,3,7,3,56
5.5,3,7,4,56
5.5,3,7,5,56
5.5,3,7,6,57
5.5,3,7,7,57
5.5,3,7,8,57
5.5,3,7,9,58
5.5,3,7,10,58
5.5,3,7,11,58
5.5,3,7,12,58
5.5,3,7,13,59
5.5,3,7,14,59
5.5,3,7,15,59
5.5,3,8,0,55
5.5,3,8,1,56
5.5,3,8,2,56
5.5,3,8,3,56
5.5,3,8,4,57
5.5,3,8,5,57
5.5,3,8,6,57
5.5,3,8,7,57
5.5,3,8,8,58
5.5,3,8,9,58
5.5,3,8,10,58
5.5,3,8,11,58
5.5,3,8,12,59
5.5,3,8,13,59
5.5,3,8,14,59
5.5,3,8,15,59
5.5,3,9,0,56
5.5,3,9,1,56
5.5,3,9,2,56
5.5,3,9,3,57
5.5,3,9,4,57
5.5,3,9,5,57
5.5,3,9,6,57
5.5,3,9,7,58
5.5,3,9,8,58
5.5,3,9,9,58
5.5,3,9,10,58
5.5,3,9,11,59
5.5,3,9,12,59
5.5,3,9,13,59
5.5,3,9,14,59
5.5,3,9,15,60
5.5,3,10,0,56
5.5,3,10,1,56
5.5,3,10,2,57
5.5,3,10,3,57
5.5,3,10,4,57
5.5,3,10,5,57
5.5,3,10,6,58
5.5,3,10,7,58
5.5,3,10,8,58
5.5,3,10,9,59
5.5,3,10,10,59
5.5,3,10,11,59
5.5,3,10,12,59
5.5,3,10,13,60
5.5,3,10,14,60
5.5,3,10,15,60
5.5,3,11,0,56
5.5,3,11,1,57
5.5,3,11,2,57
5.5,3,11,3,57
5.5,3,11,4,57
5.5,3,11,5,58
5.5,3,11,6,58
5.5,3,11,7,58
5.5,3,11,8,59
5.5,3,11,9,59
5.5,3,11,10,59
5.5,3,11,11,59
5.5,3,11,12,60
5.5,3,11,13,60
5.5,3,11,14,60
5.5,3,11,15,60
5.5,3,12,0,57
5.5,3,12,1,57
5.5,3,12,2,57
5.5,3,12,3,58
5.5,3,12,4,58
5.5,3,12,5,58
5.5,3,12,6,58
5.5,3,12,7,59
5.5,3,12,8,59
5.5,3,12,9,59
5.5,3,12,10,59
5.5,3,12,11,60
5.5,3,12,12,60
5.5,3,12,13,60
5.5,3,12,14,60
5.5,3,12,15,61
5.5,3,13,0,57
5.5,3,13,1,57
5.5,3,13,2,58
5.5,3,13,3,58
5.5,3,13,4,58
5.5,3,13,5,58
5.5,3,13,6,59
5.5,3,13,7,59
5.5,3,13,8,59
5.5,3,13,9,59
5.5,3,13,10,60
5.5,3,13,11,60
5.5,3,13,12,60
5.5,3,13,13,61
5.5,3,13,14,61
5.5,3,13,15,61
5.5,3,14,0,57
5.5,3,14,1,58
5.5,3,14,2,58
5.5,3,14,3,58
5.5,3,14,4,58
5.5,3,14,5,59
5.5,3,14,6,59
5.5,3,14,7,59
5.5,3,14,8,59
5.5,3,14,9,60
5.5,3,14,10,60
5.5,3,14,11,60
5.5,3,14,12,61
5.5,3,14,13,61
5.5,3,14,14,61
5.5,3,14,15,61
5.5,3,15,0,58
5.5,3,15,1,58
5.5,3,15,2,58
5.5,3,15,3,58
5.5,3,15,4,59
5.5,3,15,5,59
5.5,3,15,6,59
5.5,3,15,7,60
5.5,3,15,8,60
5.5,3,15,9,60
5.5,3,15,10,60
5.5,3,15,11,61
5.5,3,15,12,61
5.5,3,15,13,61
5.5,3,15,14,61
5.5,3,15,15,62
5.5,4,0,0,54
5.5,4,0,1,54
5.5,4,0,2,54
5.5,4,0,3,55
5.5,4,0,4,55
5.5,4,0,5,55
5.5,4,0,6,55
5.5,4,0,7,56
5.5,4,0,8,56
5.5,4,0,9,56
5.5,4,0,10,56
5.5,4,0,11,57
5.5,4,0,12,57
5.5,4,0,13,57
5.5,4,0,14,57
5.5,4,0,15,58
5.5,4,1,0,54
5.5,4,1,1,54
5.5,4,1,2,55
5.5,4,1,3,55
5.5,4,1,4,55
5.5,4,1,5,55
5.5,4,1,6,56
5.5,4,1,7,56
5.5,4,1,8,56
5.5,4,1,9,56
5.5,4,1,10,57
5.5,4,1,11,57
5.5,4,1,12,57
5.5,4,1,13,58
5.5,4,1,14,58
5.5,4,1,15,58
5.5,4,2,0,54
5.5,4,2,1,55
5.5,4,2,2,55
5.5,4,2,3,55
5.5,4,2,4,56
5.5,4,2,5,56
5.5,4,2,6,56
5.5,4,2,7,56
5.5,4,2,8,57
5.5,4,2,9,57
5.5,4,2,10,57
5.5,4,2,11,57
5.5,4,2,12,58
5.5,4,2,13,58
5.5,4,2,14,58
5.5,4,2,15,58
5.5,4,3,0,55
5.5,4,3,1,55
5.5,4,3,2,55
5.5,4,3,3,56
5.5,4,3,4,56
5.5,4,3,5,56
5.5,4,3,6,56
5.5,4,3,7,57
5.5,4,3,8,57
5.5,4,3,9,57
5.5,4,3,10,57
5.5,4,3,11,58
5.5,4,3,12,58
5.5,4,3,13,58
5.5,4,3,14,58
5.5,4,3,15,59
5.5,4,4,0,55
5.5,4,4,1,55
5.5,4,4,2,56
5.5,4,4,3,56
5.5,4,4,4,56
5.5,4,4,5,56
5.5,4,4,6,57
5.5,4,4,7,57
5.5,4,4,8,57
5.5,4,4,9,57
5.5,4,4,10,58
5.5,4,4,11,58
5.5,4,4,12,58
5.5,4,4,13,59
5.5,4,4,14,59
5.5,4,4,15,59
5.5,4,5,0,55
5.5,4,5,1,56
5.5,4,5,2,56
5.5,4,5,3,56
5.5,4,5,4,56
5.5,4,5,5,57
5.5,4,5,6,57
5.5,4,5,7,57
5.5,4,5,8,58
5.5,4,5,9,58
5.5,4,5,10,58
5.5,4,5,11,58
5.5,4,5,12,59
5.5,4,5,13,59
5.5,4,5,14,59
5.5,4,5,15,59
5.5,4,6,0,56
5.5,4,6,1,56
5.5,4,6,2,56
5.5,4,6,3,57
5.5,4,6,4,57
5.5,4,6,5,57
5.5,4,6,6,57
5.5,4,6,7,58
5.5,4,6,8,58
5.5,4,6,9,58
5.5,4,6,10,58
5.5,4,6,11,59
5.5,4,6,12,59
5.5,4,6,13,59
5.5,4,6,14,59
5.5,4,6,15,60
5.5,4,7,0,56
5.5,4,7,1,56
5.5,4,7,2,57
5.5,4,7,3,57
5.5,4,7,4,57
5.5,4,7,5,57
5.5,4,7,6,58
5.5,4,7,7,58
5.5,4,7,8,58
5.5,4,7,9,58
5.5,4,7,10,59
5.5,4,7,11,59
5.5,4,7,12,59
5.5,4,7,13,60
5.5,4,7,14,60
5.5,4,7,15,60
5.5,4,8,0,56
5.5,4,8,1,57
5.5,4,8,2,57
5.5,4,8,3,57
5.5,4,8,4,57
5.5,4,8,5,58
5.5,4,8,6,58
5.5,4,8,7,58
5.5,4,8,8,59
5.5,4,8,9,59
5.5,4,8,10,59
5.5,4,8,11,59
5.5,4,8,12,60
5.5,4,8,13,60
5.5,4,8,14,60
5.5,4,8,15,60
5.5,4,9,0,57
5.5,4,9,1,57
5.5,4,9,2,57
5.5,4,9,3,58
5.5,4,9,4,58
5.5,4,9,5,58
5.5,4,9,6,58
5.5,4,9,7,59
5.5,4,9,8,59
5.5,4,9,9,59
5.5,4,9,10,59
5.5,4,9,11,60
5.5,4,9,12,60
5.5,4,9,13,60
5.5,4,9,14,60
5.5,4,9,15,61
5.5,4,10,0,57
5.5,4,10,1,57
5.5,4,10,2,58
5.5,4,10,3,58
5.5,4,10,4,58
5.5,4,10,5,58
5.5,4,10,6,59
5.5,4,10,7,59
5.5,4,10,8,59
5.5,4,10,9,59
5.5,4,10,10,60
5.5,4,10,11,60
5.5,4,10,12,60
5.5,4,10,13,61
5.5,4,10,14,61
5.5,4,10,15,61
5.5,4,11,0,57
5.5,4,11,1,58
5.5,4,11,2,58
5.5,4,11,3,58
5.5,4,11,4,58
5.5,4,11,5,59
5.5,4,11,6,59
5.5,4,11,7,59
5.5,4,11,8,60
5.5,4,11,9,60
5.5,4,11,10,60
5.5,4,11,11,60
5.5,4,11,12,61
5.5,4,11,13,61
5.5,4,11,14,61
5.5,4,11,15,61
5.5,4,12,0,58
5.5,4,12,1,58
5.5,4,12,2,58
5.5,4,12,3,58
5.5,4,12,4,59
5.5,4,12,5,59
5.5,4,12,6,59
5.5,4,12,7,60
5.5,4,12,8,60
5.5,4,12,9,60
5.5,4,12,10,60
5.5,4,12,11,61
5.5,4,12,12,61
5.5,4,12,13,61
5.5,4,12,14,61
5.5,4,12,15,62
5.5,4,13,0,58
5.5,4,13,1,58
5.5,4,13,2,58
5.5,4,13,3,59
5.5,4,13,4,59
5.5,4,13,5,59
5.5,4,13,6,60
5.5,4,13,7,60
5.5,4,13,8,60
5.5,4,13,9,60
5.5,4,13,10,61
5.5,4,13,11,61
5.5,4,13,12,61
5.5,4,13,13,62
5.5,4,13,14,62
5.5,4,13,15,62
5.5,4,14,0,58
5.5,4,14,1,58
5.5,4,14,2,59
5.5,4,14,3,59
5.5,4,14,4,59
5.5,4,14,5,60
5.5,4,14,6,60
5.5,4,14,7,60
5.5,4,14,8,60
5.5,4,14,9,61
5.5,4,14,10,61
5.5,4,14,11,61
5.5,4,14,12,62
5.5,4,14,13,62
5.5,4,14,14,62
5.5,4,14,15,62
5.5,4,15,0,59
5.5,4,15,1,59
5.5,4,15,2,59
5.5,4,15,3,59
5.5,4,15,4,60
5.5,4,15,5,60
5.5,4,15,6,60
5.5,4,15,7,60
5.5,4,15,8,61
5.5,4,15,9,61
5.5,4,15,10,61
5.5,4,15,11,62
5.5,4,15,12,62
5.5,4,15,13,62
5.5,4,15,14,62
5.5,4,15,15,63
5.5,5,0,0,55
5.5,5,0,1,55
5.5,5,0,2,55
5.5,5,0,3,55
5.5,5,0,4,56
5.5,5,0,5,56
5.5,5,0,6,56
5.5,5,0,7,57
5.5,5,0,8,57
5.5,5,0,9,57
5.5,5,0,10,57
5.5,5,0,11,58
5.5,5,0,12,58
5.5,5,0,13,58
5.5,5,0,14,58
5.5,5,0,15,59
5.5,5,1,0,55
5.5,5,1,1,55
5.5,5,1,2,56
5.5,5,1,3,56
5.5,5,1,4,56
5.5,5,1,5,56
5.5,5,1,6,57
5.5,5,1,7,57
5.5,5,1,8,57
5.5,5,1,9,57
5.5,5,1,10,58
5.5,5,1,11,58
5.5,5,1,12,58
5.5,5,1,13,58
5.5,5,1,14,59
5.5,5,1,15,59
5.5,5,2,0,55
5.5,5,2,1,56
5.5,5,2,2,56
5.5,5,2,3,56
5.5,5,2,4,56
5.5,5,2,5,57
5.5,5,2,6,57
5.5,5,2,7,57
5.5,5,2,8,57
5.5,5,2,9,58
5.5,5,2,10,58
5.5,5,2,11,58
5.5,5,2,12,59
5.5,5,2,13,59
5.5,5,2,14,59
5.5,5,2,15,59
5.5,5,3,0,56
5.5,5,3,1,56
5.5,5,3,2,56
5.5,5,3,3,56
5.5,5,3,4,57
5.5,5,3,5,57
5.5,5,3,6,57
5.5,5,3,7,58
5.5,5,3,8,58
5.5,5,3,9,58
5.5,5,3,10,58
5.5,5,3,11,59
5.5,5,3,12,59
5.5,5,3,13,59
5.5,5,3,14,59
5.5,5,3,15,60
5.5,5,4,0,56
5.5,5,4,1,56
5.5,5,4,2,57
5.5,5,4,3,57
5.5,5,4,4,57
5.5,5,4,5,57
5.5,5,4,6,58
5.5,5,4,7,58
5.5,5,4,8,58
5.5,5,4,9,58
5.5,5,4,10,59
5.5,5,4,11,59
5.5,5,4,12,59
5.5,5,4,13,59
5.5,5,4,14,60
5.5,5,4,15,60
5.5,5,5,0,56
5.5,5,5,1,57
5.5,5,5,2,57
5.5,5,5,3,57
5.5,5,5,4,57
5.5,5,5,5,58
5.5,5,5,6,58
5.5,5,5,7,58
5.5,5,5,8,58
5.5,5,5,9,59
5.5,5,5,10,59
5.5,5,5,11,59
5.5,5,5,12,60
5.5,5,5,13,60
5.5,5,5,14,60
5.5,5,5,15,60
5.5,5,6,0,57
5.5,5,6,1,57
5.5,5,6,2,57
5.5,5,6,3,57
5.5,5,6,4,58
5.5,5,6,5,58
5.5,5,6,6,58
5.5,5,6,7,59
5.5,5,6,8,59
5.5,5,6,9,59
5.5,5,6,10,59
5.5,5,6,11,60
5.5,5,6,12,60
5.5,5,6,13,60
5.5,5,6,14,60
5.5,5,6,15,61
5.5,5,7,0,57
5.5,5,7,1,57
5.5,5,7,2,57
5.5,5,7,3,58
5.5,5,7,4,58
5.5,5,7,5,58
5.5,5,7,6,59
5.5,5,7,7,59
5.5,5,7,8,59
5.5,5,7,9,59
5.5,5,7,10,60
5.5,5,7,11,60
5.5,5,7,12,60
5.5,5,7,13,60
5.5,5,7,14,61
5.5,5,7,15,61
5.5,5,8,0,57
5.5,5,8,1,58
5.5,5,8,2,58
5.5,5,8,3,58
5.5,5,8,4,58
5.5,5,8,5,59
5.5,5,8,6,59
5.5,5,8,7,59
5.5,5,8,8,59
5.5,5,8,9,60
5.5,5,8,10,60
5.5,5,8,11,60
5.5,5,8,12,61
5.5,5,8,13,61
5.5,5,8,14,61
5.5,5,8,15,61
5.5,5,9,0,58
5.5,5,9,1,58
5.5,5,9,2,58
5.5,5,9,3,58
5.5,5,9,4,59
5.5,5,9,5,59
5.5,5,9,6,59
5.5,5,9,7,60
5.5,5,9,8,60
5.5,5,9,9,60
5.5,5,9,10,60
5.5,5,9,11,61
5.5,5,9,12,61
5.5,5,9,13,61
5.5,5,9,14,61
5.5,5,9,15,62
5.5,5,10,0,58
5.5,5,10,1,58
5.5,5,10,2,58
5.5,5,10,3,59
5.5,5,10,4,59
5.5,5,10,5,59
5.5,5,10,6,60
5.5,5,10,7,60
5.5,5,10,8,60
5.5,5,10,9,60
5.5,5,10,10,61
5.5,5,10,11,61
5.5,5,10,12,61
5.5,5,10,13,61
5.5,5,10,14,62
5.5,5,10,15,62
5.5,5,11,0,58
5.5,5,11,1,58
5.5,5,11,2,59
5.5,5,11,3,59
5.5,5,11,4,59
5.5,5,11,5,60
5.5,5,11,6,60
5.5,5,11,7,60
5.5,5,11,8,60
5.5,5,11,9,61
5.5,5,11,10,61
5.5,5,11,11,61
5.5,5,11,12,62
5.5,5,11,13,62
5.5,5,11,14,62
5.5,5,11,15,62
5.5,5,12,0,59
5.5,5,12,1,59
5.5,5,12,2,59
5.5,5,12,3,59
5.5,5,12,4,60
5.5,5,12,5,60
5.5,5,12,6,60
5.5,5,12,7,61
5.5,5,12,8,61
5.5,5,12,9,61
5.5,5,12,10,61
5.5,5,12,11,62
5.5,5,12,12,62
5.5,5,12,13,62
5.5,5,12,14,62
5.5,5,12,15,63
5.5,5,13,0,59
5.5,5,13,1,59
5.5,5,13,2,59
5.5,5,13,3,60
5.5,5,13,4,60
5.5,5,13,5,60
5.5,5,13,6,61
5.5,5,13,7,61
5.5,5,13,8,61
5.5,5,13,9,61
5.5,5,13,10,62
5.5,5,13,11,62
5.5,5,13,12,62
5.5,5,13,13,62
5.5,5,13,14,63
5.5,5,13,15,63
5.5,5,14,0,59
5.5,5,14,1,59
5.5,5,14,2,60
5.5,5,14,3,60
5.5,5,14,4,60
5.5,5,14,5,61
5.5,5,14,6,61
5.5,5,14,7,61
5.5,5,14,8,61
5.5,5,14,9,62
5.5,5,14,10,62
5.5,5,14,11,62
5.5,5,14,12,63
5.5,5,14,13,63
5.5,5,14,14,63
5.5,5,14,15,63
5.5,5,15,0,59
5.5,5,15,1,60
5.5,5,15,2,60
5.5,5,15,3,60
5.5,5,15,4,61
5.5,5,15,5,61
5.5,5,15,6,61
5.5,5,15,7,61
5.5,5,15,8,62
5.5,5,15,9,62
5.5,5,15,10,62
5.5,5,15,11,63
5.5,5,15,12,63
5.5,5,15,13,63
5.5,5,15,14,63
5.5,5,15,15,64
5.5,6,0,0,56
5.5,6,0,1,56
5.5,6,0,2,56
5.5,6,0,3,56
5.5,6,0,4,57
5.5,6,0,5,57
5.5,6,0,6,57
5.5,6,0,7,57
5.5,6,0,8,58
5.5,6,0,9,58
5.5,6,0,10,58
5.5,6,0,11,58
5.5,6,0,12,59
5.5,6,0,13,59
5.5,6,0,14,59
5.5,6,0,15,59
5.5,6,1,0,56
5.5,6,1,1,56
5.5,6,1,2,56
5.5,6,1,3,57
5.5,6,1,4,57
5.5,6,1,5,57
5.5,6,1,6,57
5.5,6,1,7,58
5.5,6,1,8,58
5.5,6,1,9,58
5.5,6,1,10,59
5.5,6,1,11,59
5.5,6,1,12,59
5.5,6,1,13,59
5.5,6,1,14,60
5.5,6,1,15,60
5.5,6,2,0,56
5.5,6,2,1,56
5.5,6,2,2,57
5.5,6,2,3,57
5.5,6,2,4,57
5.5,6,2,5,58
5.5,6,2,6,58
5.5,6,2,7,58
5.5,6,2,8,58
5.5,6,2,9,59
5.5,6,2,10,59
5.5,6,2,11,59
5.5,6,2,12,59
5.5,6,2,13,60
5.5,6,2,14,60
5.5,6,2,15,60
5.5,6,3,0,57
5.5,6,3,1,57
5.5,6,3,2,57
5.5,6,3,3,57
5.5,6,3,4,58
5.5,6,3,5,58
5.5,6,3,6,58
5.5,6,3,7,58
5.5,6,3,8,59
5.5,6,3,9,59
5.5,6,3,10,59
5.5,6,3,11,60
5.5,6,3,12,60
5.5,6,3,13,60
5.5,6,3,14,60
5.5,6,3,15,61
5.5,6,4,0,57
5.5,6,4,1,57
5.5,6,4,2,57
5.5,6,4,3,58
5.5,6,4,4,58
5.5,6,4,5,58
5.5,6,4,6,59
5.5,6,4,7,59
5.5,6,4,8,59
5.5,6,4,9,59
5.5,6,4,10,60
5.5,6,4,11,60
5.5,6,4,12,60
5.5,6,4,13,60
5.5,6,4,14,61
5.5,6,4,15,61
5.5,6,5,0,57
5.5,6,5,1,57
5.5,6,5,2,58
5.5,6,5,3,58
5.5,6,5,4,58
5.5,6,5,5,59
5.5,6,5,6,59
5.5,6,5,7,59
5.5,6,5,8,59
5.5,6,5,9,60
5.5,6,5,10,60
5.5,6,5,11,60
5.5,6,5,12,60
5.5,6,5,13,61
5.5,6,5,14,61
5.5,6,5,15,61
5.5,6,6,0,58
5.5,6,6,1,58
5.5,6,6,2,58
5.5,6,6,3,58
5.5,6,6,4,59
5.5,6,6,5,59
5.5,6,6,6,59
5.5,6,6,7,59
5.5,6,6,8,60
5.5,6,6,9,60
5.5,6,6,10,60
5.5,6,6,11,61
5.5,6,6,12,61
5.5,6,6,13,61
5.5,6,6,14,61
5.5,6,6,15,62
5.5,6,7,0,58
5.5,6,7,1,58
5.5,6,7,2,58
5.5,6,7,3,59
5.5,6,7,4,59
5.5,6,7,5,59
5.5,6,7,6,60
5.5,6,7,7,60
5.5,6,7,8,60
5.5,6,7,9,60
5.5,6,7,10,61
5.5,6,7,11,61
5.5,6,7,12,61
5.5,6,7,13,61
5.5,6,7,14,62
5.5,6,7,15,62
5.5,6,8,0,58
5.5,6,8,1,58
5.5,6,8,2,59
5.5,6,8,3,59
5.5,6,8,4,59
5.5,6,8,5,60
5.5,6,8,6,60
5.5,6,8,7,60
5.5,6,8,8,60
5.5,6,8,9,61
5.5,6,8,10,61
5.5,6,8,11,61
5.5,6,8,12,62
5.5,6,8,13,62
5.5,6,8,14,62
5.5,6,8,15,62
5.5,6,9,0,58
5.5,6,9,1,59
5.5,6,9,2,59
5.5,6,9,3,59
5.5,6,9,4,60
5.5,6,9,5,60
5.5,6,9,6,60
5.5,6,9,7,60
5.5,6,9,8,61
5.5,6,9,9,61
5.5,6,9,10,61
5.5,6,9,11,62
5.5,6,9,12,62
5.5,6,9,13,62
5.5,6,9,14,62
5.5,6,9,15,63
5.5,6,10,0,59
5.5,6,10,1,59
5.5,6,10,2,59
5.5,6,10,3,60
5.5,6,10,4,60
5.5,6,10,5,60
5.5,6,10,6,61
5.5,6,10,7,61
5.5,6,10,8,61
5.5,6,10,9,61
5.5,6,10,10,62
5.5,6,10,11,62
5.5,6,10,12,62
5.5,6,10,13,62
5.5,6,10,14,63
5.5,6,10,15,63
5.5,6,11,0,59
5.5,6,11,1,59
5.5,6,11,2,60
5.5,6,11,3,60
5.5,6,11,4,60
5.5,6,11,5,61
5.5,6,11,6,61
5.5,6,11,7,61
5.5,6,11,8,61
5.5,6,11,9,62
5.5,6,11,10,62
5.5,6,11,11,62
5.5,6,11,12,63
5.5,6,11,13,63
5.5,6,11,14,63
5.5,6,11,15,63
5.5,6,12,0,59
5.5,6,12,1,60
5.5,6,12,2,60
5.5,6,12,3,60
5.5,6,12,4,61
5.5,6,12,5,61
5.5,6,12,6,61
5.5,6,12,7,61
5.5,6,12,8,62
5.5,6,12,9,62
5.5,6,12,10,62
5.5,6,12,11,63
5.5,6,12,12,63
5.5,6,12,13,63
5.5,6,12,14,63
5.5,6,12,15,64
5.5,6,13,0,60
5.5,6,13,1,60
5.5,6,13,2,60
5.5,6,13,3,61
5.5,6,13,4,61
5.5,6,13,5,61
5.5,6,13,6,61
5.5,6,13,7,62
5.5,6,13,8,62
5.5,6,13,9,62
5.5,6,13,10,63
5.5,6,13,11,63
5.5,6,13,12,63
5.5,6,13,13,63
5.5,6,13,14,64
5.5,6,13,15,64
5.5,6,14,0,60
5.5,6,14,1,60
5.5,6,14,2,61
5.5,6,14,3,61
5.5,6,14,4,61
5.5,6,14,5,62
5.5,6,14,6,62
5.5,6,14,7,62
5.5,6,14,8,62
5.5,6,14,9,63
5.5,6,14,10,63
5.5,6,14,11,63
5.5,6,14,12,64
5.5,6,14,13,64
5.5,6,14,14,64
5.5,6,14,15,64
5.5,6,15,0,60
5.5,6,15,1,61
5.5,6,15,2,61
5.5,6,15,3,61
5.5,6,15,4,62
5.5,6,15,5,62
5.5,6,15,6,62
5.5,6,15,7,62
5.5,6,15,8,63
5.5,6,15,9,63
5.5,6,15,10,63
5.5,6,15,11,64
5.5,6,15,12,64
5.5,6,15,13,64
5.5,6,15,14,64
5.5,6,15,15,65
5.5,7,0,0,56
5.5,7,0,1,57
5.5,7,0,2,57
5.5,7,0,3,57
5.5,7,0,4,57
5.5,7,0,5,58
5.5,7,0,6,58
5.5,7,0,7,58
5.5,7,0,8,59
5.5,7,0,9,59
5.5,7,0,10,59
5.5,7,0,11,59
5.5,7,0,12,60
5.5,7,0,13,60
5.5,7,0,14,60
5.5,7,0,15,60
5.5,7,1,0,57
5.5,7,1,1,57
5.5,7,1,2,57
5.5,7,1,3,58
5.5,7,1,4,58
5.5,7,1,5,58
5.5,7,1,6,58
5.5,7,1,7,59
5.5,7,1,8,59
5.5,7,1,9,59
5.5,7,1,10,59
5.5,7,1,11,60
5.5,7,1,12,60
5.5,7,1,13,60
5.5,7,1,14,61
5.5,7,1,15,61
5.5,7,2,0,57
5.5,7,2,1,57
5.5,7,2,2,58
5.5,7,2,3,58
5.5,7,2,4,58
5.5,7,2,5,58
5.5,7,2,6,59
5.5,7,2,7,59
5.5,7,2,8,59
5.5,7,2,9,60
5.5,7,2,10,60
5.5,7,2,11,60
5.5,7,2,12,60
5.5,7,2,13,61
5.5,7,2,14,61
5.5,7,2,15,61
5.5,7,3,0,57
5.5,7,3,1,58
5.5,7,3,2,58
5.5,7,3,3,58
5.5,7,3,4,59
5.5,7,3,5,59
5.5,7,3,6,59
5.5,7,3,7,59
5.5,7,3,8,60
5.5,7,3,9,60
5.5,7,3,10,60
5.5,7,3,11,60
5.5,7,3,12,61
5.5,7,3,13,61
5.5,7,3,14,61
5.5,7,3,15,62
5.5,7,4,0,58
5.5,7,4,1,58
5.5,7,4,2,58
5.5,7,4,3,59
5.5,7,4,4,59
5.5,7,4,5,59
5.5,7,4,6,59
5.5,7,4,7,60
5.5,7,4,8,60
5.5,7,4,9,60
5.5,7,4,10,61
5.5,7,4,11,61
5.5,7,4,12,61
5.5,7,4,13,61
5.5,7,4,14,62
5.5,7,4,15,62
5.5,7,5,0,58
5.5,7,5,1,58
5.5,7,5,2,59
5.5,7,5,3,59
5.5,7,5,4,59
5.5,7,5,5,59
5.5,7,5,6,60
5.5,7,5,7,60
5.5,7,5,8,60
5.5,7,5,9,61
5.5,7,5,10,61
5.5,7,5,11,61
5.5,7,5,12,61
5.5,7,5,13,62
5.5,7,5,14,62
5.5,7,5,15,62
5.5,7,6,0,58
5.5,7,6,1,59
5.5,7,6,2,59
5.5,7,6,3,59
5.5,7,6,4,60
5.5,7,6,5,60
5.5,7,6,6,60
5.5,7,6,7,60
5.5,7,6,8,61
5.5,7,6,9,61
5.5,7,6,10,61
5.5,7,6,11,61
5.5,7,6,12,62
5.5,7,6,13,62
5.5,7,6,14,62
5.5,7,6,15,63
5.5,7,7,0,59
5.5,7,7,1,59
5.5,7,7,2,59
5.5,7,7,3,60
5.5,7,7,4,60
5.5,7,7,5,60
5.5,7,7,6,60
5.5,7,7,7,61
5.5,7,7,8,61
5.5,7,7,9,61
5.5,7,7,10,62
5.5,7,7,11,62
5.5,7,7,12,62
5.5,7,7,13,62
5.5,7,7,14,63
5.5,7,7,15,63
5.5,7,8,0,59
5.5,7,8,1,59
5.5,7,8,2,60
5.5,7,8,3,60
5.5,7,8,4,60
5.5,7,8,5,61
5.5,7,8,6,61
5.5,7,8,7,61
5.5,7,8,8,61
5.5,7,8,9,62
5.5,7,8,10,62
5.5,7,8,11,62
5.5,7,8,12,62
5.5,7,8,13,63
5.5,7,8,14,63
5.5,7,8,15,63
5.5,7,9,0,59
5.5,7,9,1,60
5.5,7,9,2,60
5.5,7,9,3,60
5.5,7,9,4,61
5.5,7,9,5,61
5.5,7,9,6,61
5.5,7,9,7,61
5.5,7,9,8,62
5.5,7,9,9,62
5.5,7,9,10,62
5.5,7,9,11,63
5.5,7,9,12,63
5.5,7,9,13,63
5.5,7,9,14,63
5.5,7,9,15,64
5.5,7,10,0,60
5.5,7,10,1,60
5.5,7,10,2,60
5.5,7,10,3,61
5.5,7,10,4,61
5.5,7,10,5,61
5.5,7,10,6,61
5.5,7,10,7,62
5.5,7,10,8,62
5.5,7,10,9,62
5.5,7,10,10,63
5.5,7,10,11,63
5.5,7,10,12,63
5.5,7,10,13,63
5.5,7,10,14,64
5.5,7,10,15,64
5.5,7,11,0,60
5.5,7,11,1,60
5.5,7,11,2,61
5.5,7,11,3,61
5.5,7,11,4,61
5.5,7,11,5,62
5.5,7,11,6,62
5.5,7,11,7,62
5.5,7,11,8,62
5.5,7,11,9,63
5.5,7,11,10,63
5.5,7,11,11,63
5.5,7,11,12,63
5.5,7,11,13,64
5.5,7,11,14,64
5.5,7,11,15,64
5.5,7,12,0,60
5.5,7,12,1,61
5.5,7,12,2,61
5.5,7,12,3,61
5.5,7,12,4,62
5.5,7,12,5,62
5.5,7,12,6,62
5.5,7,12,7,62
5.5,7,12,8,63
5.5,7,12,9,63
5.5,7,12,10,63
5.5,7,12,11,64
5.5,7,12,12,64
5.5,7,12,13,64
5.5,7,12,14,64
5.5,7,12,15,65
5.5,7,13,0,61
5.5,7,13,1,61
5.5,7,13,2,61
5.5,7,13,3,62
5.5,7,13,4,62
5.5,7,13,5,62
5.5,7,13,6,62
5.5,7,13,7,63
5.5,7,13,8,63
5.5,7,13,9,63
5.5,7,13,10,64
5.5,7,13,11,64
5.5,7,13,12,64
5.5,7,13,13,64
5.5,7,13,14,65
5.5,7,13,15,65
5.5,7,14,0,61
5.5,7,14,1,61
5.5,7,14,2,62
5.5,7,14,3,62
5.5,7,14,4,62
5.5,7,14,5,62
5.5,7,14,6,63
5.5,7,14,7,63
5.5,7,14,8,63
5.5,7,14,9,64
5.5,7,14,10,64
5.5,7,14,11,64
5.5,7,14,12,65
5.5,7,14,13,65
5.5,7,14,14,65
5.5,7,14,15,65
5.5,7,15,0,61
5.5,7,15,1,62
5.5,7,15,2,62
5.5,7,15,3,62
5.5,7,15,4,63
5.5,7,15,5,63
5.5,7,15,6,63
5.5,7,15,7,63
5.5,7,15,8,64
5.5,7,15,9,64
5.5,7,15,10,64
5.5,7,15,11,65
5.5,7,15,12,65
5.5,7,15,13,65
5.5,7,15,14,65
5.5,7,15,15,66
5.5,8,0,0,57
5.5,8,0,1,58
5.5,8,0,2,58
5.5,8,0,3,58
5.5,8,0,4,58
5.5,8,0,5,59
5.5,8,0,6,59
5.5,8,0,7,59
5.5,8,0,8,59
5.5,8,0,9,60
5.5,8,0,10,60
5.5,8,0,11,60
5.5,8,0,12,61
5.5,8,0,13,61
5.5,8,0,14,61
5.5,8,0,15,61
5.5,8,1,0,58
5.5,8,1,1,58
5.5,8,1,2,58
5.5,8,1,3,58
5.5,8,1,4,59
5.5,8,1,5,59
5.5,8,1,6,59
5.5,8,1,7,60
5.5,8,1,8,60
5.5,8,1,9,60
5.5,8,1,10,60
5.5,8,1,11,61
5.5,8,1,12,61
5.5,8,1,13,61
5.5,8,1,14,61
5.5,8,1,15,62
5.5,8,2,0,58
5.5,8,2,1,58
5.5,8,2,2,59
5.5,8,2,3,59
5.5,8,2,4,59
5.5,8,2,5,59
5.5,8,2,6,60
5.5,8,2,7,60
5.5,8,2,8,60
5.5,8,2,9,60
5.5,8,2,10,61
5.5,8,2,11,61
5.5,8,2,12,61
5.5,8,2,13,62
5.5,8,2,14,62
5.5,8,2,15,62
5.5,8,3,0,58
5.5,8,3,1,59
5.5,8,3,2,59
5.5,8,3,3,59
5.5,8,3,4,59
5.5,8,3,5,60
5.5,8,3,6,60
5.5,8,3,7,60
5.5,8,3,8,61
5.5,8,3,9,61
5.5,8,3,10,61
5.5,8,3,11,61
5.5,8,3,12,62
5.5,8,3,13,62
5.5,8,3,14,62
5.5,8,3,15,62
5.5,8,4,0,59
5.5,8,4,1,59
5.5,8,4,2,59
5.5,8,4,3,59
5.5,8,4,4,60
5.5,8,4,5,60
5.5,8,4,6,60
5.5,8,4,7,61
5.5,8,4,8,61
5.5,8,4,9,61
5.5,8,4,10,61
5.5,8,4,11,62
5.5,8,4,12,62
5.5,8,4,13,62
5.5,8,4,14,63
5.5,8,4,15,63
5.5,8,5,0,59
5.5,8,5,1,59
5.5,8,5,2,60
5.5,8,5,3,60
5.5,8,5,4,60
5.5,8,5,5,60
5.5,8,5,6,61
5.5,8,5,7,61
5.5,8,5,8,61
5.5,8,5,9,62
5.5,8,5,10,62
5.5,8,5,11,62
5.5,8,5,12,62
5.5,8,5,13,63
5.5,8,5,14,63
5.5,8,5,15,63
5.5,8,6,0,59
5.5,8,6,1,60
5.5,8,6,2,60
5.5,8,6,3,60
5.5,8,6,4,60
5.5,8,6,5,61
5.5,8,6,6,61
5.5,8,6,7,61
5.5,8,6,8,62
5.5,8,6,9,62
5.5,8,6,10,62
5.5,8,6,11,62
5.5,8,6,12,63
5.5,8,6,13,63
5.5,8,6,14,63
5.5,8,6,15,64
5.5,8,7,0,60
5.5,8,7,1,60
5.5,8,7,2,60
5.5,8,7,3,61
5.5,8,7,4,61
5.5,8,7,5,61
5.5,8,7,6,61
5.5,8,7,7,62
5.5,8,7,8,62
5.5,8,7,9,62
5.5,8,7,10,63
5.5,8,7,11,63
5.5,8,7,12,63
5.5,8,7,13,63
5.5,8,7,14,64
5.5,8,7,15,64
5.5,8,8,0,60
5.5,8,8,1,60
5.5,8,8,2,61
5.5,8,8,3,61
5.5,8,8,4,61
5.5,8,8,5,61
5.5,8,8,6,62
5.5,8,8,7,62
5.5,8,8,8,62
5.5,8,8,9,63
5.5,8,8,10,63
5.5,8,8,11,63
5.5,8,8,12,63
5.5,8,8,13,64
5.5,8,8,14,64
5.5,8,8,15,64
5.5,8,9,0,60
5.5,8,9,1,61
5.5,8,9,2,61
5.5,8,9,3,61
5.5,8,9,4,61
5.5,8,9,5,62
5.5,8,9,6,62
5.5,8,9,7,62
5.5,8,9,8,63
5.5,8,9,9,63
5.5,8,9,10,63
5.5,8,9,11,63
5.5,8,9,12,64
5.5,8,9,13,64
5.5,8,9,14,64
5.5,8,9,15,65
5.5,8,10,0,61
5.5,8,10,1,61
5.5,8,10,2,61
5.5,8,10,3,62
5.5,8,10,4,62
5.5,8,10,5,62
5.5,8,10,6,62
5.5,8,10,7,63
5.5,8,10,8,63
5.5,8,10,9,63
5.5,8,10,10,64
5.5,8,10,11,64
5.5,8,10,12,64
5.5,8,10,13,64
5.5,8,10,14,65
5.5,8,10,15,65
5.5,8,11,0,61
5.5,8,11,1,61
5.5,8,11,2,62
5.5,8,11,3,62
5.5,8,11,4,62
5.5,8,11,5,62
5.5,8,11,6,63
5.5,8,11,7,63
5.5,8,11,8,63
5.5,8,11,9,64
5.5,8,11,10,64
5.5,8,11,11,64
5.5,8,11,12,64
5.5,8,11,13,65
5.5,8,11,14,65
5.5,8,11,15,65
5.5,8,12,0,61
5.5,8,12,1,62
5.5,8,12,2,62
5.5,8,12,3,62
5.5,8,12,4,62
5.5,8,12,5,63
5.5,8,12,6,63
5.5,8,12,7,63
5.5,8,12,8,64
5.5,8,12,9,64
5.5,8,12,10,64
5.5,8,12,11,65
5.5,8,12,12,65
5.5,8,12,13,65
5.5,8,12,14,65
5.5,8,12,15,66
5.5,8,13,0,62
5.5,8,13,1,62
5.5,8,13,2,62
5.5,8,13,3,63
5.5,8,13,4,63
5.5,8,13,5,63
5.5,8,13,6,63
5.5,8,13,7,64
5.5,8,13,8,64
5.5,8,13,9,64
5.5,8,13,10,65
5.5,8,13,11,65
5.5,8,13,12,65
5.5,8,13,13,65
5.5,8,13,14,66
5.5,8,13,15,66
5.5,8,14,0,62
5.5,8,14,1,62
5.5,8,14,2,63
5.5,8,14,3,63
5.5,8,14,4,63
5.5,8,14,5,63
5.5,8,14,6,64
5.5,8,14,7,64
5.5,8,14,8,64
5.5,8,14,9,65
5.5,8,14,10,65
5.5,8,14,11,65
5.5,8,14,12,65
5.5,8,14,13,66
5.5,8,14,14,66
5.5,8,14,15,66
5.5,8,15,0,62
5.5,8,15,1,63
5.5,8,15,2,63
5.5,8,15,3,63
5.5,8,15,4,63
5.5,8,15,5,64
5.5,8,15,6,64
5.5,8,15,7,64
5.5,8,15,8,65
5.5,8,15,9,65
5.5,8,15,10,65
5.5,8,15,11,66
5.5,8,15,12,66
5.5,8,15,13,66
5.5,8,15,14,66
5.5,8,15,15,67
5.5,9,0,0,58
5.5,9,0,1,58
5.5,9,0,2,59
5.5,9,0,3,59
5.5,9,0,4,59
5.5,9,0,5,60
5.5,9,0,6,60
5.5,9,0,7,60
5.5,9,0,8,60
5.5,9,0,9,61
5.5,9,0,10,61
5.5,9,0,11,61
5.5,9,0,12,61
5.5,9,0,13,62
5.5,9,0,14,62
5.5,9,0,15,62
5.5,9,1,0,58
5.5,9,1,1,59
5.5,9,1,2,59
5.5,9,1,3,59
5.5,9,1,4,60
5.5,9,1,5,60
5.5,9,1,6,60
5.5,9,1,7,60
5.5,9,1,8,61
5.5,9,1,9,61
5.5,9,1,10,61
5.5,9,1,11,62
5.5,9,1,12,62
5.5,9,1,13,62
5.5,9,1,14,62
5.5,9,1,15,63
5.5,9,2,0,59
5.5,9,2,1,59
5.5,9,2,2,59
5.5,9,2,3,60
5.5,9,2,4,60
5.5,9,2,5,60
5.5,9,2,6,61
5.5,9,2,7,61
5.5,9,2,8,61
5.5,9,2,9,61
5.5,9,2,10,62
5.5,9,2,11,62
5.5,9,2,12,62
5.5,9,2,13,62
5.5,9,2,14,63
5.5,9,2,15,63
5.5,9,3,0,59
5.5,9,3,1,59
5.5,9,3,2,60
5.5,9,3,3,60
5.5,9,3,4,60
5.5,9,3,5,61
5.5,9,3,6,61
5.5,9,3,7,61
5.5,9,3,8,61
5.5,9,3,9,62
5.5,9,3,10,62
5.5,9,3,11,62
5.5,9,3,12,63
5.5,9,3,13,63
5.5,9,3,14,63
5.5,9,3,15,63
5.5,9,4,0,60
5.5,9,4,1,60
5.5,9,4,2,60
5.5,9,4,3,60
5.5,9,4,4,61
5.5,9,4,5,61
5.5,9,4,6,61
5.5,9,4,7,62
5.5,9,4,8,62
5.5,9,4,9,62
5.5,9,4,10,62
5.5,9,4,11,63
5.5,9,4,12,63
5.5,9,4,13,63
5.5,9,4,14,63
5.5,9,4,15,64
5.5,9,5,0,60
5.5,9,5,1,60
5.5,9,5,2,60
5.5,9,5,3,61
5.5,9,5,4,61
5.5,9,5,5,61
5.5,9,5,6,62
5.5,9,5,7,62
5.5,9,5,8,62
5.5,9,5,9,62
5.5,9,5,10,63
5.5,9,5,11,63
5.5,9,5,12,63
5.5,9,5,13,64
5.5,9,5,14,64
5.5,9,5,15,64
5.5,9,6,0,60
5.5,9,6,1,60
5.5,9,6,2,61
5.5,9,6,3,61
5.5,9,6,4,61
5.5,9,6,5,62
5.5,9,6,6,62
5.5,9,6,7,62
5.5,9,6,8,63
5.5,9,6,9,63
5.5,9,6,10,63
5.5,9,6,11,63
5.5,9,6,12,64
5.5,9,6,13,64
5.5,9,6,14,64
5.5,9,6,15,64
5.5,9,7,0,61
5.5,9,7,1,61
5.5,9,7,2,61
5.5,9,7,3,61
5.5,9,7,4,62
5.5,9,7,5,62
5.5,9,7,6,62
5.5,9,7,7,63
5.5,9,7,8,63
5.5,9,7,9,63
5.5,9,7,10,63
5.5,9,7,11,64
5.5,9,7,12,64
5.5,9,7,13,64
5.5,9,7,14,65
5.5,9,7,15,65
5.5,9,8,0,61
5.5,9,8,1,61
5.5,9,8,2,61
5.5,9,8,3,62
5.5,9,8,4,62
5.5,9,8,5,62
5.5,9,8,6,63
5.5,9,8,7,63
5.5,9,8,8,63
5.5,9,8,9,64
5.5,9,8,10,64
5.5,9,8,11,64
5.5,9,8,12,64
5.5,9,8,13,65
5.5,9,8,14,65
5.5,9,8,15,65
5.5,9,9,0,61
5.5,9,9,1,62
5.5,9,9,2,62
5.5,9,9,3,62
5.5,9,9,4,62
5.5,9,9,5,63
5.5,9,9,6,63
5.5,9,9,7,63
5.5,9,9,8,64
5.5,9,9,9,64
5.5,9,9,10,64
5.5,9,9,11,64
5.5,9,9,12,65
5.5,9,9,13,65
5.5,9,9,14,65
5.5,9,9,15,66
5.5,9,10,0,62
5.5,9,10,1,62
5.5,9,10,2,62
5.5,9,10,3,62
5.5,9,10,4,63
5.5,9,10,5,63
5.5,9,10,6,63
5.5,9,10,7,64
5.5,9,10,8,64
5.5,9,10,9,64
5.5,9,10,10,65
5.5,9,10,11,65
5.5,9,10,12,65
5.5,9,10,13,65
5.5,9,10,14,66
5.5,9,10,15,66
5.5,9,11,0,62
5.5,9,11,1,62
5.5,9,11,2,62
5.5,9,11,3,63
5.5,9,11,4,63
5.5,9,11,5,63
5.5,9,11,6,64
5.5,9,11,7,64
5.5,9,11,8,64
5.5,9,11,9,65
5.5,9,11,10,65
5.5,9,11,11,65
5.5,9,11,12,65
5.5,9,11,13,66
5.5,9,11,14,66
5.5,9,11,15,66
5.5,9,12,0,62
5.5,9,12,1,63
5.5,9,12,2,63
5.5,9,12,3,63
5.5,9,12,4,63
5.5,9,12,5,64
5.5,9,12,6,64
5.5,9,12,7,64
5.5,9,12,8,65
5.5,9,12,9,65
5.5,9,12,10,65
5.5,9,12,11,65
5.5,9,12,12,66
5.5,9,12,13,66
5.5,9,12,14,66
5.5,9,12,15,67
5.5,9,13,0,63
5.5,9,13,1,63
5.5,9,13,2,63
5.5,9,13,3,63
5.5,9,13,4,64
5.5,9,13,5,64
5.5,9,13,6,64
5.5,9,13,7,65
5.5,9,13,8,65
5.5,9,13,9,65
5.5,9,13,10,66
5.5,9,13,11,66
5.5,9,13,12,66
5.5,9,13,13,66
5.5,9,13,14,67
5.5,9,13,15,67
5.5,9,14,0,63
5.5,9,14,1,63
5.5,9,14,2,63
5.5,9,14,3,64
5.5,9,14,4,64
5.5,9,14,5,64
5.5,9,14,6,65
5.5,9,14,7,65
5.5,9,14,8,65
5.5,9,14,9,66
5.5,9,14,10,66
5.5,9,14,11,66
5.5,9,14,12,66
5.5,9,14,13,67
5.5,9,14,14,67
5.5,9,14,15,67
5.5,9,15,0,63
5.5,9,15,1,63
5.5,9,15,2,64
5.5,9,15,3,64
5.5,9,15,4,64
5.5,9,15,5,65
5.5,9,15,6,65
5.5,9,15,7,65
5.5,9,15,8,66
5.5,9,15,9,66
5.5,9,15,10,66
5.5,9,15,11,67
5.5,9,15,12,67
5.5,9,15,13,67
5.5,9,15,14,67
5.5,9,15,15,68
5.5,10,0,0,59
5.5,10,0,1,59
5.5,10,0,2,60
5.5,10,0,3,60
5.5,10,0,4,60
5.5,10,0,5,60
5.5,10,0,6,61
5.5,10,0,7,61
5.5,10,0,8,61
5.5,10,0,9,62
5.5,10,0,10,62
5.5,10,0,11,62
5.5,10,0,12,62
5.5,10,0,13,63
5.5,10,0,14,63
5.5,10,0,15,63
5.5,10,1,0,59
5.5,10,1,1,60
5.5,10,1,2,60
5.5,10,1,3,60
5.5,10,1,4,60
5.5,10,1,5,61
5.5,10,1,6,61
5.5,10,1,7,61
5.5,10,1,8,62
5.5,10,1,9,62
5.5,10,1,10,62
5.5,10,1,11,62
5.5,10,1,12,63
5.5,10,1,13,63
5.5,10,1,14,63
5.5,10,1,15,64
5.5,10,2,0,60
5.5,10,2,1,60
5.5,10,2,2,60
5.5,10,2,3,61
5.5,10,2,4,61
5.5,10,2,5,61
5.5,10,2,6,61
5.5,10,2,7,62
5.5,10,2,8,62
5.5,10,2,9,62
5.5,10,2,10,63
5.5,10,2,11,63
5.5,10,2,12,63
5.5,10,2,13,63
5.5,10,2,14,64
5.5,10,2,15,64
5.5,10,3,0,60
5.5,10,3,1,60
5.5,10,3,2,61
5.5,10,3,3,61
5.5,10,3,4,61
5.5,10,3,5,62
5.5,10,3,6,62
5.5,10,3,7,62
5.5,10,3,8,62
5.5,10,3,9,63
5.5,10,3,10,63
5.5,10,3,11,63
5.5,10,3,12,63
5.5,10,3,13,64
5.5,10,3,14,64
5.5,10,3,15,64
5.5,10,4,0,60
5.5,10,4,1,61
5.5,10,4,2,61
5.5,10,4,3,61
5.5,10,4,4,62
5.5,10,4,5,62
5.5,10,4,6,62
5.5,10,4,7,62
5.5,10,4,8,63
5.5,10,4,9,63
5.5,10,4,10,63
5.5,10,4,11,64
5.5,10,4,12,64
5.5,10,4,13,64
5.5,10,4,14,64
5.5,10,4,15,65
5.5,10,5,0,61
5.5,10,5,1,61
5.5,10,5,2,61
5.5,10,5,3,62
5.5,10,5,4,62
5.5,10,5,5,62
5.5,10,5,6,63
5.5,10,5,7,63
5.5,10,5,8,63
5.5,10,5,9,63
5.5,10,5,10,64
5.5,10,5,11,64
5.5,10,5,12,64
5.5,10,5,13,65
5.5,10,5,14,65
5.5,10,5,15,65
5.5,10,6,0,61
5.5,10,6,1,61
5.5,10,6,2,62
5.5,10,6,3,62
5.5,10,6,4,62
5.5,10,6,5,63
5.5,10,6,6,63
5.5,10,6,7,63
5.5,10,6,8,63
5.5,10,6,9,64
5.5,10,6,10,64
5.5,10,6,11,64
5.5,10,6,12,65
5.5,10,6,13,65
5.5,10,6,14,65
5.5,10,6,15,65
5.5,10,7,0,61
5.5,10,7,1,62
5.5,10,7,2,62
5.5,10,7,3,62
5.5,10,7,4,63
5.5,10,7,5,63
5.5,10,7,6,63
5.5,10,7,7,64
5.5,10,7,8,64
5.5,10,7,9,64
5.5,10,7,10,64
5.5,10,7,11,65
5.5,10,7,12,65
5.5,10,7,13,65
5.5,10,7,14,66
5.5,10,7,15,66
5.5,10,8,0,62
5.5,10,8,1,62
5.5,10,8,2,62
5.5,10,8,3,63
5.5,10,8,4,63
5.5,10,8,5,63
5.5,10,8,6,64
5.5,10,8,7,64
5.5,10,8,8,64
5.5,10,8,9,64
5.5,10,8,10,65
5.5,10,8,11,65
5.5,10,8,12,65
5.5,10,8,13,66
5.5,10,8,14,66
5.5,10,8,15,66
5.5,10,9,0,62
5.5,10,9,1,62
5.5,10,9,2,63
5.5,10,9,3,63
5.5,10,9,4,63
5.5,10,9,5,64
5.5,10,9,6,64
5.5,10,9,7,64
5.5,10,9,8,65
5.5,10,9,9,65
5.5,10,9,10,65
5.5,10,9,11,65
5.5,10,9,12,66
5.5,10,9,13,66
5.5,10,9,14,66
5.5,10,9,15,67
5.5,10,10,0,62
5.5,10,10,1,63
5.5,10,10,2,63
5.5,10,10,3,63
5.5,10,10,4,64
5.5,10,10,5,64
5.5,10,10,6,64
5.5,10,10,7,65
5.5,10,10,8,65
5.5,10,10,9,65
5.5,10,10,10,65
5.5,10,10,11,66
5.5,10,10,12,66
5.5,10,10,13,66
5.5,10,10,14,67
5.5,10,10,15,67
5.5,10,11,0,63
5.5,10,11,1,63
5.5,10,11,2,63
5.5,10,11,3,64
5.5,10,11,4,64
5.5,10,11,5,64
5.5,10,11,6,65
5.5,10,11,7,65
5.5,10,11,8,65
5.5,10,11,9,66
5.5,10,11,10,66
5.5,10,11,11,66
5.5,10,11,12,66
5.5,10,11,13,67
5.5,10,11,14,67
5.5,10,11,15,67
5.5,10,12,0,63
5.5,10,12,1,63
5.5,10,12,2,64
5.5,10,12,3,64
5.5,10,12,4,64
5.5,10,12,5,65
5.5,10,12,6,65
5.5,10,12,7,65
5.5,10,12,8,66
5.5,10,12,9,66
5.5,10,12,10,66
5.5,10,12,11,66
5.5,10,12,12,67
5.5,10,12,13,67
5.5,10,12,14,67
5.5,10,12,15,68
5.5,10,13,0,63
5.5,10,13,1,64
5.5,10,13,2,64
5.5,10,13,3,64
5.5,10,13,4,65
5.5,10,13,5,65
5.5,10,13,6,65
5.5,10,13,7,66
5.5,10,13,8,66
5.5,10,13,9,66
5.5,10,13,10,67
5.5,10,13,11,67
5.5,10,13,12,67
5.5,10,13,13,67
5.5,10,13,14,68
5.5,10,13,15,68
5.5,10,14,0,64
5.5,10,14,1,64
5.5,10,14,2,64
5.5,10,14,3,65
5.5,10,14,4,65
5.5,10,14,5,65
5.5,10,14,6,66
5.5,10,14,7,66
5.5,10,14,8,66
5.5,10,14,9,67
5.5,10,14,10,67
5.5,10,14,11,67
5.5,10,14,12,67
5.5,10,14,13,68
5.5,10,14,14,68
5.5,10,14,15,68
5.5,10,15,0,64
5.5,10,15,1,64
5.5,10,15,2,65
5.5,10,15,3,65
5.5,10,15,4,65
5.5,10,15,5,66
5.5,10,15,6,66
5.5,10,15,7,66
5.5,10,15,8,67
5.5,10,15,9,67
5.5,10,15,10,67
5.5,10,15,11,68
5.5,10,15,12,68
5.5,10,15,13,68
5.5,10,15,14,68
5.5,10,15,15,69
5.5,11,0,0,60
5.5,11,0,1,60
5.5,11,0,2,60
5.5,11,0,3,61
5.5,11,0,4,61
5.5,11,0,5,61
5.5,11,0,6,62
5.5,11,0,7,62
5.5,11,0,8,62
5.5,11,0,9,62
5.5,11,0,10,63
5.5,11,0,11,63
5.5,11,0,12,63
5.5,11,0,13,64
5.5,11,0,14,64
5.5,11,0,15,64
5.5,11,1,0,60
5.5,11,1,1,60
5.5,11,1,2,61
5.5,11,1,3,61
5.5,11,1,4,61
5.5,11,1,5,62
5.5,11,1,6,62
5.5,11,1,7,62
5.5,11,1,8,63
5.5,11,1,9,63
5.5,11,1,10,63
5.5,11,1,11,63
5.5,11,1,12,64
5.5,11,1,13,64
5.5,11,1,14,64
5.5,11,1,15,65
5.5,11,2,0,61
5.5,11,2,1,61
5.5,11,2,2,61
5.5,11,2,3,61
5.5,11,2,4,62
5.5,11,2,5,62
5.5,11,2,6,62
5.5,11,2,7,63
5.5,11,2,8,63
5.5,11,2,9,63
5.5,11,2,10,63
5.5,11,2,11,64
5.5,11,2,12,64
5.5,11,2,13,64
5.5,11,2,14,65
5.5,11,2,15,65
5.5,11,3,0,61
5.5,11,3,1,61
5.5,11,3,2,62
5.5,11,3,3,62
5.5,11,3,4,62
5.5,11,3,5,62
5.5,11,3,6,63
5.5,11,3,7,63
5.5,11,3,8,63
5.5,11,3,9,64
5.5,11,3,10,64
5.5,11,3,11,64
5.5,11,3,12,64
5.5,11,3,13,65
5.5,11,3,14,65
5.5,11,3,15,65
5.5,11,4,0,61
5.5,11,4,1,62
5.5,11,4,2,62
5.5,11,4,3,62
5.5,11,4,4,62
5.5,11,4,5,63
5.5,11,4,6,63
5.5,11,4,7,63
5.5,11,4,8,64
5.5,11,4,9,64
5.5,11,4,10,64
5.5,11,4,11,65
5.5,11,4,12,65
5.5,11,4,13,65
5.5,11,4,14,65
5.5,11,4,15,66
5.5,11,5,0,62
5.5,11,5,1,62
5.5,11,5,2,62
5.5,11,5,3,63
5.5,11,5,4,63
5.5,11,5,5,63
5.5,11,5,6,63
5.5,11,5,7,64
5.5,11,5,8,64
5.5,11,5,9,64
5.5,11,5,10,65
5.5,11,5,11,65
5.5,11,5,12,65
5.5,11,5,13,65
5.5,11,5,14,66
5.5,11,5,15,66
5.5,11,6,0,62
5.5,11,6,1,62
5.5,11,6,2,63
5.5,11,6,3,63
5.5,11,6,4,63
5.5,11,6,5,63
5.5,11,6,6,64
5.5,11,6,7,64
5.5,11,6,8,64
5.5,11,6,9,65
5.5,11,6,10,65
5.5,11,6,11,65
5.5,11,6,12,66
5.5,11,6,13,66
5.5,11,6,14,66
5.5,11,6,15,66
5.5,11,7,0,62
5.5,11,7,1,63
5.5,11,7,2,63
5.5,11,7,3,63
5.5,11,7,4,64
5.5,11,7,5,64
5.5,11,7,6,64
5.5,11,7,7,64
5.5,11,7,8,65
5.5,11,7,9,65
5.5,11,7,10,65
5.5,11,7,11,66
5.5,11,7,12,66
5.5,11,7,13,66
5.5,11,7,14,66
5.5,11,7,15,67
5.5,11,8,0,63
5.5,11,8,1,63
5.5,11,8,2,63
5.5,11,8,3,64
5.5,11,8,4,64
5.5,11,8,5,64
5.5,11,8,6,65
5.5,11,8,7,65
5.5,11,8,8,65
5.5,11,8,9,65
5.5,11,8,10,66
5.5,11,8,11,66
5.5,11,8,12,66
5.5,11,8,13,67
5.5,11,8,14,67
5.5,11,8,15,67
5.5,11,9,0,63
5.5,11,9,1,63
5.5,11,9,2,64
5.5,11,9,3,64
5.5,11,9,4,64
5.5,11,9,5,65
5.5,11,9,6,65
5.5,11,9,7,65
5.5,11,9,8,65
5.5,11,9,9,66
5.5,11,9,10,66
5.5,11,9,11,66
5.5,11,9,12,67
5.5,11,9,13,67
5.5,11,9,14,67
5.5,11,9,15,68
5.5,11,10,0,63
5.5,11,10,1,64
5.5,11,10,2,64
5.5,11,10,3,64
5.5,11,10,4,65
5.5,11,10,5,65
5.5,11,10,6,65
5.5,11,10,7,66
5.5,11,10,8,66
5.5,11,10,9,66
5.5,11,10,10,66
5.5,11,10,11,67
5.5,11,10,12,67
5.5,11,10,13,67
5.5,11,10,14,68
5.5,11,10,15,68
5.5,11,11,0,64
5.5,11,11,1,64
5.5,11,11,2,64
5.5,11,11,3,65
5.5,11,11,4,65
5.5,11,11,5,65
5.5,11,11,6,66
5.5,11,11,7,66
5.5,11,11,8,66
5.5,11,11,9,66
5.5,11,11,10,67
5.5,11,11,11,67
5.5,11,11,12,67
5.5,11,11,13,68
5.5,11,11,14,68
5.5,11,11,15,68
5.5,11,12,0,64
5.5,11,12,1,64
5.5,11,12,2,65
5.5,11,12,3,65
5.5,11,12,4,65
5.5,11,12,5,66
5.5,11,12,6,66
5.5,11,12,7,66
5.5,11,12,8,67
5.5,11,12,9,67
5.5,11,12,10,67
5.5,11,12,11,67
5.5,11,12,12,68
5.5,11,12,13,68
5.5,11,12,14,68
5.5,11,12,15,69
5.5,11,13,0,64
5.5,11,13,1,65
5.5,11,13,2,65
5.5,11,13,3,65
5.5,11,13,4,66
5.5,11,13,5,66
5.5,11,13,6,66
5.5,11,13,7,67
5.5,11,13,8,67
5.5,11,13,9,67
5.5,11,13,10,67
5.5,11,13,11,68
5.5,11,13,12,68
5.5,11,13,13,68
5.5,11,13,14,69
5.5,11,13,15,69
5.5,11,14,0,65
5.5,11,14,1,65
5.5,11,14,2,65
5.5,11,14,3,66
5.5,11,14,4,66
5.5,11,14,5,66
5.5,11,14,6,67
5.5,11,14,7,67
5.5,11,14,8,67
5.5,11,14,9,68
5.5,11,14,10,68
5.5,11,14,11,68
5.5,11,14,12,68
5.5,11,14,13,69
5.5,11,14,14,69
5.5,11,14,15,69
5.5,11,15,0,65
5.5,11,15,1,65
5.5,11,15,2,66
5.5,11,15,3,66
5.5,11,15,4,66
5.5,11,15,5,67
5.5,11,15,6,67
5.5,11,15,7,67
5.5,11,15,8,68
5.5,11,15,9,68
5.5,11,15,10,68
5.5,11,15,11,69
5.5,11,15,12,69
5.5,11,15,13,69
5.5,11,15,14,69
5.5,11,15,15,70
5.5,12,0,0,61
5.5,12,0,1,61
5.5,12,0,2,61
5.5,12,0,3,62
5.5,12,0,4,62
5.5,12,0,5,62
5.5,12,0,6,62
5.5,12,0,7,63
5.5,12,0,8,63
5.5,12,0,9,63
5.5,12,0,10,64
5.5,12,0,11,64
5.5,12,0,12,64
5.5,12,0,13,64
5.5,12,0,14,65
5.5,12,0,15,65
5.5,12,1,0,61
5.5,12,1,1,61
5.5,12,1,2,62
5.5,12,1,3,62
5.5,12,1,4,62
5.5,12,1,5,63
5.5,12,1,6,63
5.5,12,1,7,63
5.5,12,1,8,63
5.5,12,1,9,64
5.5,12,1,10,64
5.5,12,1,11,64
5.5,12,1,12,65
5.5,12,1,13,65
5.5,12,1,14,65
5.5,12,1,15,65
5.5,12,2,0,61
5.5,12,2,1,62
5.5,12,2,2,62
5.5,12,2,3,62
5.5,12,2,4,63
5.5,12,2,5,63
5.5,12,2,6,63
5.5,12,2,7,64
5.5,12,2,8,64
5.5,12,2,9,64
5.5,12,2,10,64
5.5,12,2,11,65
5.5,12,2,12,65
5.5,12,2,13,65
5.5,12,2,14,66
5.5,12,2,15,66
5.5,12,3,0,62
5.5,12,3,1,62
5.5,12,3,2,62
5.5,12,3,3,63
5.5,12,3,4,63
5.5,12,3,5,63
5.5,12,3,6,64
5.5,12,3,7,64
5.5,12,3,8,64
5.5,12,3,9,64
5.5,12,3,10,65
5.5,12,3,11,65
5.5,12,3,12,65
5.5,12,3,13,66
5.5,12,3,14,66
5.5,12,3,15,66
5.5,12,4,0,62
5.5,12,4,1,62
5.5,12,4,2,63
5.5,12,4,3,63
5.5,12,4,4,63
5.5,12,4,5,64
5.5,12,4,6,64
5.5,12,4,7,64
5.5,12,4,8,65
5.5,12,4,9,65
5.5,12,4,10,65
5.5,12,4,11,65
5.5,12,4,12,66
5.5,12,4,13,66
5.5,12,4,14,66
5.5,12,4,15,67
5.5,12,5,0,63
5.5,12,5,1,63
5.5,12,5,2,63
5.5,12,5,3,63
5.5,12,5,4,64
5.5,12,5,5,64
5.5,12,5,6,64
5.5,12,5,7,65
5.5,12,5,8,65
5.5,12,5,9,65
5.5,12,5,10,66
5.5,12,5,11,66
5.5,12,5,12,66
5.5,12,5,13,66
5.5,12,5,14,67
5.5,12,5,15,67
5.5,12,6,0,63
5.5,12,6,1,63
5.5,12,6,2,63
5.5,12,6,3,64
5.5,12,6,4,64
5.5,12,6,5,64
5.5,12,6,6,65
5.5,12,6,7,65
5.5,12,6,8,65
5.5,12,6,9,66
5.5,12,6,10,66
5.5,12,6,11,66
5.5,12,6,12,66
5.5,12,6,13,67
5.5,12,6,14,67
5.5,12,6,15,67
5.5,12,7,0,63
5.5,12,7,1,64
5.5,12,7,2,64
5.5,12,7,3,64
5.5,12,7,4,64
5.5,12,7,5,65
5.5,12,7,6,65
5.5,12,7,7,65
5.5,12,7,8,66
5.5,12,7,9,66
5.5,12,7,10,66
5.5,12,7,11,67
5.5,12,7,12,67
5.5,12,7,13,67
5.5,12,7,14,67
5.5,12,7,15,68
5.5,12,8,0,64
5.5,12,8,1,64
5.5,12,8,2,64
5.5,12,8,3,65
5.5,12,8,4,65
5.5,12,8,5,65
5.5,12,8,6,65
5.5,12,8,7,66
5.5,12,8,8,66
5.5,12,8,9,66
5.5,12,8,10,67
5.5,12,8,11,67
5.5,12,8,12,67
5.5,12,8,13,68
5.5,12,8,14,68
5.5,12,8,15,68
5.5,12,9,0,64
5.5,12,9,1,64
5.5,12,9,2,65
5.5,12,9,3,65
5.5,12,9,4,65
5.5,12,9,5,65
5.5,12,9,6,66
5.5,12,9,7,66
5.5,12,9,8,66
5.5,12,9,9,67
5.5,12,9,10,67
5.5,12,9,11,67
5.5,12,9,12,68
5.5,12,9,13,68
5.5,12,9,14,68
5.5,12,9,15,69
5.5,12,10,0,64
5.5,12,10,1,65
5.5,12,10,2,65
5.5,12,10,3,65
5.5,12,10,4,66
5.5,12,10,5,66
5.5,12,10,6,66
5.5,12,10,7,66
5.5,12,10,8,67
5.5,12,10,9,67
5.5,12,10,10,67
5.5,12,10,11,68
5.5,12,10,12,68
5.5,12,10,13,68
5.5,12,10,14,69
5.5,12,10,15,69
5.5,12,11,0,65
5.5,12,11,1,65
5.5,12,11,2,65
5.5,12,11,3,66
5.5,12,11,4,66
5.5,12,11,5,66
5.5,12,11,6,67
5.5,12,11,7,67
5.5,12,11,8,67
5.5,12,11,9,67
5.5,12,11,10,68
5.5,12,11,11,68
5.5,12,11,12,68
5.5,12,11,13,69
5.5,12,11,14,69
5.5,12,11,15,69
5.5,12,12,0,65
5.5,12,12,1,65
5.5,12,12,2,66
5.5,12,12,3,66
5.5,12,12,4,66
5.5,12,12,5,67
5.5,12,12,6,67
5.5,12,12,7,67
5.5,12,12,8,67
5.5,12,12,9,68
5.5,12,12,10,68
5.5,12,12,11,68
5.5,12,12,12,69
5.5,12,12,13,69
5.5,12,12,14,69
5.5,12,12,15,70
5.5,12,13,0,65
5.5,12,13,1,66
5.5,12,13,2,66
5.5,12,13,3,66
5.5,12,13,4,67
5.5,12,13,5,67
5.5,12,13,6,67
5.5,12,13,7,68
5.5,12,13,8,68
5.5,12,13,9,68
5.5,12,13,10,68
5.5,12,13,11,69
5.5,12,13,12,69
5.5,12,13,13,69
5.5,12,13,14,70
5.5,12,13,15,70
5.5,12,14,0,66
5.5,12,14,1,66
5.5,12,14,2,66
5.5,12,14,3,67
5.5,12,14,4,67
5.5,12,14,5,67
5.5,12,14,6,68
5.5,12,14,7,68
5.5,12,14,8,68
5.5,12,14,9,69
5.5,12,14,10,69
5.5,12,14,11,69
5.5,12,14,12,69
5.5,12,14,13,70
5.5,12,14,14,70
5.5,12,14,15,70
5.5,12,15,0,66
5.5,12,15,1,66
5.5,12,15,2,67
5.5,12,15,3,67
5.5,12,15,4,67
5.5,12,15,5,68
5.5,12,15,6,68
5.5,12,15,7,68
5.5,12,15,8,69
5.5,12,15,9,69
5.5,12,15,10,69
5.5,12,15,11,69
5.5,12,15,12,70
5.5,12,15,13,70
5.5,12,15,14,70
5.5,12,15,15,71
5.5,13,0,0,62
5.5,13,0,1,62
5.5,13,0,2,62
5.5,13,0,3,62
5.5,13,0,4,63
5.5,13,0,5,63
5.5,13,0,6,63
5.5,13,0,7,64
5.5,13,0,8,64
5.5,13,0,9,64
5.5,13,0,10,65
5.5,13,0,11,65
5.5,13,0,12,65
5.5,13,0,13,65
5.5,13,0,14,66
5.5,13,0,15,66
5.5,13,1,0,62
5.5,13,1,1,62
5.5,13,1,2,63
5.5,13,1,3,63
5.5,13,1,4,63
5.5,13,1,5,63
5.5,13,1,6,64
5.5,13,1,7,64
5.5,13,1,8,64
5.5,13,1,9,65
5.5,13,1,10,65
5.5,13,1,11,65
5.5,13,1,12,65
5.5,13,1,13,66
5.5,13,1,14,66
5.5,13,1,15,66
5.5,13,2,0,62
5.5,13,2,1,63
5.5,13,2,2,63
5.5,13,2,3,63
5.5,13,2,4,64
5.5,13,2,5,64
5.5,13,2,6,64
5.5,13,2,7,64
5.5,13,2,8,65
5.5,13,2,9,65
5.5,13,2,10,65
5.5,13,2,11,66
5.5,13,2,12,66
5.5,13,2,13,66
5.5,13,2,14,66
5.5,13,2,15,67
5.5,13,3,0,63
5.5,13,3,1,63
5.5,13,3,2,63
5.5,13,3,3,64
5.5,13,3,4,64
5.5,13,3,5,64
5.5,13,3,6,64
5.5,13,3,7,65
5.5,13,3,8,65
5.5,13,3,9,65
5.5,13,3,10,66
5.5,13,3,11,66
5.5,13,3,12,66
5.5,13,3,13,67
5.5,13,3,14,67
5.5,13,3,15,67
5.5,13,4,0,63
5.5,13,4,1,63
5.5,13,4,2,64
5.5,13,4,3,64
5.5,13,4,4,64
5.5,13,4,5,65
5.5,13,4,6,65
5.5,13,4,7,65
5.5,13,4,8,65
5.5,13,4,9,66
5.5,13,4,10,66
5.5,13,4,11,66
5.5,13,4,12,67
5.5,13,4,13,67
5.5,13,4,14,67
5.5,13,4,15,68
5.5,13,5,0,63
5.5,13,5,1,64
5.5,13,5,2,64
5.5,13,5,3,64
5.5,13,5,4,65
5.5,13,5,5,65
5.5,13,5,6,65
5.5,13,5,7,66
5.5,13,5,8,66
5.5,13,5,9,66
5.5,13,5,10,66
5.5,13,5,11,67
5.5,13,5,12,67
5.5,13,5,13,67
5.5,13,5,14,68
5.5,13,5,15,68
5.5,13,6,0,64
5.5,13,6,1,64
5.5,13,6,2,64
5.5,13,6,3,65
5.5,13,6,4,65
5.5,13,6,5,65
5.5,13,6,6,66
5.5,13,6,7,66
5.5,13,6,8,66
5.5,13,6,9,67
5.5,13,6,10,67
5.5,13,6,11,67
5.5,13,6,12,67
5.5,13,6,13,68
5.5,13,6,14,68
5.5,13,6,15,68
5.5,13,7,0,64
5.5,13,7,1,64
5.5,13,7,2,65
5.5,13,7,3,65
5.5,13,7,4,65
5.5,13,7,5,66
5.5,13,7,6,66
5.5,13,7,7,66
5.5,13,7,8,67
5.5,13,7,9,67
5.5,13,7,10,67
5.5,13,7,11,68
5.5,13,7,12,68
5.5,13,7,13,68
5.5,13,7,14,68
5.5,13,7,15,69
5.5,13,8,0,64
5.5,13,8,1,65
5.5,13,8,2,65
5.5,13,8,3,65
5.5,13,8,4,66
5.5,13,8,5,66
5.5,13,8,6,66
5.5,13,8,7,67
5.5,13,8,8,67
5.5,13,8,9,67
5.5,13,8,10,68
5.5,13,8,11,68
5.5,13,8,12,68
5.5,13,8,13,68
5.5,13,8,14,69
5.5,13,8,15,69
5.5,13,9,0,65
5.5,13,9,1,65
5.5,13,9,2,65
5.5,13,9,3,66
5.5,13,9,4,66
5.5,13,9,5,66
5.5,13,9,6,67
5.5,13,9,7,67
5.5,13,9,8,67
5.5,13,9,9,68
5.5,13,9,10,68
5.5,13,9,11,68
5.5,13,9,12,69
5.5,13,9,13,69
5.5,13,9,14,69
5.5,13,9,15,69
5.5,13,10,0,65
5.5,13,10,1,66
5.5,13,10,2,66
5.5,13,10,3,66
5.5,13,10,4,66
5.5,13,10,5,67
5.5,13,10,6,67
5.5,13,10,7,67
5.5,13,10,8,68
5.5,13,10,9,68
5.5,13,10,10,68
5.5,13,10,11,69
5.5,13,10,12,69
5.5,13,10,13,69
5.5,13,10,14,70
5.5,13,10,15,70
5.5,13,11,0,66
5.5,13,11,1,66
5.5,13,11,2,66
5.5,13,11,3,67
5.5,13,11,4,67
5.5,13,11,5,67
5.5,13,11,6,67
5.5,13,11,7,68
5.5,13,11,8,68
5.5,13,11,9,68
5.5,13,11,10,69
5.5,13,11,11,69
5.5,13,11,12,69
5.5,13,11,13,70
5.5,13,11,14,70
5.5,13,11,15,70
5.5,13,12,0,66
5.5,13,12,1,66
5.5,13,12,2,67
5.5,13,12,3,67
5.5,13,12,4,67
5.5,13,12,5,67
5.5,13,12,6,68
5.5,13,12,7,68
5.5,13,12,8,68
5.5,13,12,9,69
5.5,13,12,10,69
5.5,13,12,11,69
5.5,13,12,12,70
5.5,13,12,13,70
5.5,13,12,14,70
5.5,13,12,15,71
5.5,13,13,0,66
5.5,13,13,1,67
5.5,13,13,2,67
5.5,13,13,3,67
5.5,13,13,4,68
5.5,13,13,5,68
5.5,13,13,6,68
5.5,13,13,7,68
5.5,13,13,8,69
5.5,13,13,9,69
5.5,13,13,10,69
5.5,13,13,11,70
5.5,13,13,12,70
5.5,13,13,13,70
5.5,13,13,14,71
5.5,13,13,15,71
5.5,13,14,0,67
5.5,13,14,1,67
5.5,13,14,2,67
5.5,13,14,3,68
5.5,13,14,4,68
5.5,13,14,5,68
5.5,13,14,6,69
5.5,13,14,7,69
5.5,13,14,8,69
5.5,13,14,9,69
5.5,13,14,10,70
5.5,13,14,11,70
5.5,13,14,12,70
5.5,13,14,13,71
5.5,13,14,14,71
5.5,13,14,15,71
5.5,13,15,0,67
5.5,13,15,1,67
5.5,13,15,2,68
5.5,13,15,3,68
5.5,13,15,4,68
5.5,13,15,5,69
5.5,13,15,6,69
5.5,13,15,7,69
5.5,13,15,8,70
5.5,13,15,9,70
5.5,13,15,10,70
5.5,13,15,11,70
5.5,13,15,12,71
5.5,13,15,13,71
5.5,13,15,14,71
5.5,13,15,15,72
5.5,14,0,0,62
5.5,14,0,1,63
5.5,14,0,2,63
5.5,14,0,3,63
5.5,14,0,4,64
5.5,14,0,5,64
5.5,14,0,6,64
5.5,14,0,7,65
5.5,14,0,8,65
5.5,14,0,9,65
5.5,14,0,10,65
5.5,14,0,11,66
5.5,14,0,12,66
5.5,14,0,13,66
5.5,14,0,14,67
5.5,14,0,15,67
5.5,14,1,0,63
5.5,14,1,1,63
5.5,14,1,2,63
5.5,14,1,3,64
5.5,14,1,4,64
5.5,14,1,5,64
5.5,14,1,6,65
5.5,14,1,7,65
5.5,14,1,8,65
5.5,14,1,9,66
5.5,14,1,10,66
5.5,14,1,11,66
5.5,14,1,12,66
5.5,14,1,13,67
5.5,14,1,14,67
5.5,14,1,15,67
5.5,14,2,0,63
5.5,14,2,1,63
5.5,14,2,2,64
5.5,14,2,3,64
5.5,14,2,4,64
5.5,14,2,5,65
5.5,14,2,6,65
5.5,14,2,7,65
5.5,14,2,8,66
5.5,14,2,9,66
5.5,14,2,10,66
5.5,14,2,11,67
5.5,14,2,12,67
5.5,14,2,13,67
5.5,14,2,14,67
5.5,14,2,15,68
5.5,14,3,0,64
5.5,14,3,1,64
5.5,14,3,2,64
5.5,14,3,3,64
5.5,14,3,4,65
5.5,14,3,5,65
5.5,14,3,6,65
5.5,14,3,7,66
5.5,14,3,8,66
5.5,14,3,9,66
5.5,14,3,10,67
5.5,14,3,11,67
5.5,14,3,12,67
5.5,14,3,13,68
5.5,14,3,14,68
5.5,14,3,15,68
5.5,14,4,0,64
5.5,14,4,1,64
5.5,14,4,2,65
5.5,14,4,3,65
5.5,14,4,4,65
5.5,14,4,5,65
5.5,14,4,6,66
5.5,14,4,7,66
5.5,14,4,8,66
5.5,14,4,9,67
5.5,14,4,10,67
5.5,14,4,11,67
5.5,14,4,12,68
5.5,14,4,13,68
5.5,14,4,14,68
5.5,14,4,15,68
5.5,14,5,0,64
5.5,14,5,1,65
5.5,14,5,2,65
5.5,14,5,3,65
5.5,14,5,4,66
5.5,14,5,5,66
5.5,14,5,6,66
5.5,14,5,7,66
5.5,14,5,8,67
5.5,14,5,9,67
5.5,14,5,10,67
5.5,14,5,11,68
5.5,14,5,12,68
5.5,14,5,13,68
5.5,14,5,14,69
5.5,14,5,15,69
5.5,14,6,0,65
5.5,14,6,1,65
5.5,14,6,2,65
5.5,14,6,3,66
5.5,14,6,4,66
5.5,14,6,5,66
5.5,14,6,6,67
5.5,14,6,7,67
5.5,14,6,8,67
5.5,14,6,9,67
5.5,14,6,10,68
5.5,14,6,11,68
5.5,14,6,12,68
5.5,14,6,13,69
5.5,14,6,14,69
5.5,14,6,15,69
5.5,14,7,0,65
5.5,14,7,1,65
5.5,14,7,2,66
5.5,14,7,3,66
5.5,14,7,4,66
5.5,14,7,5,67
5.5,14,7,6,67
5.5,14,7,7,67
5.5,14,7,8,68
5.5,14,7,9,68
5.5,14,7,10,68
5.5,14,7,11,68
5.5,14,7,12,69
5.5,14,7,13,69
5.5,14,7,14,69
5.5,14,7,15,70
5.5,14,8,0,65
5.5,14,8,1,66
5.5,14,8,2,66
5.5,14,8,3,66
5.5,14,8,4,67
5.5,14,8,5,67
5.5,14,8,6,67
5.5,14,8,7,68
5.5,14,8,8,68
5.5,14,8,9,68
5.5,14,8,10,69
5.5,14,8,11,69
5.5,14,8,12,69
5.5,14,8,13,69
5.5,14,8,14,70
5.5,14,8,15,70
5.5,14,9,0,66
5.5,14,9,1,66
5.5,14,9,2,66
5.5,14,9,3,67
5.5,14,9,4,67
5.5,14,9,5,67
5.5,14,9,6,68
5.5,14,9,7,68
5.5,14,9,8,68
5.5,14,9,9,69
5.5,14,9,10,69
5.5,14,9,11,69
5.5,14,9,12,70
5.5,14,9,13,70
5.5,14,9,14,70
5.5,14,9,15,70
5.5,14,10,0,66
5.5,14,10,1,66
5.5,14,10,2,67
5.5,14,10,3,67
5.5,14,10,4,67
5.5,14,10,5,68
5.5,14,10,6,68
5.5,14,10,7,68
5.5,14,10,8,69
5.5,14,10,9,69
5.5,14,10,10,69
5.5,14,10,11,70
5.5,14,10,12,70
5.5,14,10,13,70
5.5,14,10,14,71
5.5,14,10,15,71
5.5,14,11,0,66
5.5,14,11,1,67
5.5,14,11,2,67
5.5,14,11,3,67
5.5,14,11,4,68
5.5,14,11,5,68
5.5,14,11,6,68
5.5,14,11,7,69
5.5,14,11,8,69
5.5,14,11,9,69
5.5,14,11,10,70
5.5,14,11,11,70
5.5,14,11,12,70
5.5,14,11,13,71
5.5,14,11,14,71
5.5,14,11,15,71
5.5,14,12,0,67
5.5,14,12,1,67
5.5,14,12,2,67
5.5,14,12,3,68
5.5,14,12,4,68
5.5,14,12,5,68
5.5,14,12,6,69
5.5,14,12,7,69
5.5,14,12,8,69
5.5,14,12,9,70
5.5,14,12,10,70
5.5,14,12,11,70
5.5,14,12,12,71
5.5,14,12,13,71
5.5,14,12,14,71
5.5,14,12,15,72
5.5,14,13,0,67
5.5,14,13,1,67
5.5,14,13,2,68
5.5,14,13,3,68
5.5,14,13,4,68
5.5,14,13,5,69
5.5,14,13,6,69
5.5,14,13,7,69
5.5,14,13,8,70
5.5,14,13,9,70
5.5,14,13,10,70
5.5,14,13,11,71
5.5,14,13,12,71
5.5,14,13,13,71
5.5,14,13,14,72
5.5,14,13,15,72
5.5,14,14,0,68
5.5,14,14,1,68
5.5,14,14,2,68
5.5,14,14,3,69
5.5,14,14,4,69
5.5,14,14,5,69
5.5,14,14,6,69
5.5,14,14,7,70
5.5,14,14,8,70
5.5,14,14,9,70
5.5,14,14,10,71
5.5,14,14,11,71
5.5,14,14,12,71
5.5,14,14,13,72
5.5,14,14,14,72
5.5,14,14,15,72
5.5,14,15,0,68
5.5,14,15,1,68
5.5,14,15,2,69
5.5,14,15,3,69
5.5,14,15,4,69
5.5,14,15,5,70
5.5,14,15,6,70
5.5,14,15,7,70
5.5,14,15,8,70
5.5,14,15,9,71
5.5,14,15,10,71
5.5,14,15,11,71
5.5,14,15,12,72
5.5,14,15,13,72
5.5,14,15,14,72
5.5,14,15,15,73
5.5,15,0,0,63
5.5,15,0,1,64
5.5,15,0,2,64
5.5,15,0,3,64
5.5,15,0,4,65
5.5,15,0,5,65
5.5,15,0,6,65
5.5,15,0,7,65
5.5,15,0,8,66
5.5,15,0,9,66
5.5,15,0,10,66
5.5,15,0,11,67
5.5,15,0,12,67
5.5,15,0,13,67
5.5,15,0,14,68
5.5,15,0,15,68
5.5,15,1,0,64
5.5,15,1,1,64
5.5,15,1,2,64
5.5,15,1,3,65
5.5,15,1,4,65
5.5,15,1,5,65
5.5,15,1,6,66
5.5,15,1,7,66
5.5,15,1,8,66
5.5,15,1,9,66
5.5,15,1,10,67
5.5,15,1,11,67
5.5,15,1,12,67
5.5,15,1,13,68
5.5,15,1,14,68
5.5,15,1,15,68
5.5,15,2,0,64
5.5,15,2,1,64
5.5,15,2,2,65
5.5,15,2,3,65
5.5,15,2,4,65
5.5,15,2,5,66
5.5,15,2,6,66
5.5,15,2,7,66
5.5,15,2,8,67
5.5,15,2,9,67
5.5,15,2,10,67
5.5,15,2,11,67
5.5,15,2,12,68
5.5,15,2,13,68
5.5,15,2,14,68
5.5,15,2,15,69
5.5,15,3,0,64
5.5,15,3,1,65
5.5,15,3,2,65
5.5,15,3,3,65
5.5,15,3,4,66
5.5,15,3,5,66
5.5,15,3,6,66
5.5,15,3,7,67
5.5,15,3,8,67
5.5,15,3,9,67
5.5,15,3,10,68
5.5,15,3,11,68
5.5,15,3,12,68
5.5,15,3,13,68
5.5,15,3,14,69
5.5,15,3,15,69
5.5,15,4,0,65
5.5,15,4,1,65
5.5,15,4,2,65
5.5,15,4,3,66
5.5,15,4,4,66
5.5,15,4,5,66
5.5,15,4,6,67
5.5,15,4,7,67
5.5,15,4,8,67
5.5,15,4,9,68
5.5,15,4,10,68
5.5,15,4,11,68
5.5,15,4,12,69
5.5,15,4,13,69
5.5,15,4,14,69
5.5,15,4,15,69
5.5,15,5,0,65
5.5,15,5,1,65
5.5,15,5,2,66
5.5,15,5,3,66
5.5,15,5,4,66
5.5,15,5,5,67
5.5,15,5,6,67
5.5,15,5,7,67
5.5,15,5,8,68
5.5,15,5,9,68
5.5,15,5,10,68
5.5,15,5,11,69
5.5,15,5,12,69
5.5,15,5,13,69
5.5,15,5,14,70
5.5,15,5,15,70
5.5,15,6,0,66
5.5,15,6,1,66
5.5,15,6,2,66
5.5,15,6,3,67
5.5,15,6,4,67
5.5,15,6,5,67
5.5,15,6,6,67
5.5,15,6,7,68
5.5,15,6,8,68
5.5,15,6,9,68
5.5,15,6,10,69
5.5,15,6,11,69
5.5,15,6,12,69
5.5,15,6,13,70
5.5,15,6,14,70
5.5,15,6,15,70
5.5,15,7,0,66
5.5,15,7,1,66
5.5,15,7,2,67
5.5,15,7,3,67
5.5,15,7,4,67
5.5,15,7,5,68
5.5,15,7,6,68
5.5,15,7,7,68
5.5,15,7,8,68
5.5,15,7,9,69
5.5,15,7,10,69
5.5,15,7,11,69
5.5,15,7,12,70
5.5,15,7,13,70
5.5,15,7,14,70
5.5,15,7,15,71
5.5,15,8,0,66
5.5,15,8,1,67
5.5,15,8,2,67
5.5,15,8,3,67
5.5,15,8,4,68
5.5,15,8,5,68
5.5,15,8,6,68
5.5,15,8,7,69
5.5,15,8,8,69
5.5,15,8,9,69
5.5,15,8,10,69
5.5,15,8,11,70
5.5,15,8,12,70
5.5,15,8,13,70
5.5,15,8,14,71
5.5,15,8,15,71
5.5,15,9,0,67
5.5,15,9,1,67
5.5,15,9,2,67
5.5,15,9,3,68
5.5,15,9,4,68
5.5,15,9,5,68
5.5,15,9,6,69
5.5,15,9,7,69
5.5,15,9,8,69
5.5,15,9,9,70
5.5,15,9,10,70
5.5,15,9,11,70
5.5,15,9,12,70
5.5,15,9,13,71
5.5,15,9,14,71
5.5,15,9,15,71
5.5,15,10,0,67
5.5,15,10,1,67
5.5,15,10,2,68
5.5,15,10,3,68
5.5,15,10,4,68
5.5,15,10,5,69
5.5,15,10,6,69
5.5,15,10,7,69
5.5,15,10,8,70
5.5,15,10,9,70
5.5,15,10,10,70
5.5,15,10,11,71
5.5,15,10,12,71
5.5,15,10,13,71
5.5,15,10,14,71
5.5,15,10,15,72
5.5,15,11,0,67
5.5,15,11,1,68
5.5,15,11,2,68
5.5,15,11,3,68
5.5,15,11,4,69
5.5,15,11,5,69
5.5,15,11,6,69
5.5,15,11,7,70
5.5,15,11,8,70
5.5,15,11,9,70
5.5,15,11,10,71
5.5,15,11,11,71
5.5,15,11,12,71
5.5,15,11,13,72
5.5,15,11,14,72
5.5,15,11,15,72
5.5,15,12,0,68
5.5,15,12,1,68
5.5,15,12,2,68
5.5,15,12,3,69
5.5,15,12,4,69
5.5,15,12,5,69
5.5,15,12,6,70
5.5,15,12,7,70
5.5,15,12,8,70
5.5,15,12,9,71
5.5,15,12,10,71
5.5,15,12,11,71
5.5,15,12,12,72
5.5,15,12,13,72
5.5,15,12,14,72
5.5,15,12,15,73
5.5,15,13,0,68
5.5,15,13,1,68
5.5,15,13,2,69
5.5,15,13,3,69
5.5,15,13,4,69
5.5,15,13,5,70
5.5,15,13,6,70
5.5,15,13,7,70
5.5,15,13,8,71
5.5,15,13,9,71
5.5,15,13,10,71
5.5,15,13,11,72
5.5,15,13,12,72
5.5,15,13,13,72
5.5,15,13,14,73
5.5,15,13,15,73
5.5,15,14,0,68
5.5,15,14,1,69
5.5,15,14,2,69
5.5,15,14,3,69
5.5,15,14,4,70
5.5,15,14,5,70
5.5,15,14,6,70
5.5,15,14,7,71
5.5,15,14,8,71
5.5,15,14,9,71
5.5,15,14,10,72
5.5,15,14,11,72
5.5,15,14,12,72
5.5,15,14,13,73
5.5,15,14,14,73
5.5,15,14,15,73
5.5,15,15,0,69
5.5,15,15,1,69
5.5,15,15,2,69
5.5,15,15,3,70
5.5,15,15,4,70
5.5,15,15,5,70
5.5,15,15,6,71
5.5,15,15,7,71
5.5,15,15,8,71
5.5,15,15,9,72
5.5,15,15,10,72
5.5,15,15,11,72
5.5,15,15,12,73
5.5,15,15,13,73
5.5,15,15,14,73
5.5,15,15,15,74
6.0,0,0,0,55
6.0,0,0,1,56
6.0,0,0,2,56
6.0,0,0,3,56
6.0,0,0,4,57
6.0,0,0,5,57
6.0,0,0,6,57
6.0,0,0,7,57
6.0,0,0,8,58
6.0,0,0,9,58
6.0,0,0,10,58
6.0,0,0,11,58
6.0,0,0,12,59
6.0,0,0,13,59
6.0,0,0,14,59
6.0,0,0,15,59
6.0,0,1,0,56
6.0,0,1,1,56
6.0,0,1,2,56
6.0,0,1,3,57
6.0,0,1,4,57
6.0,0,1,5,57
6.0,0,1,6,57
6.0,0,1,7,58
6.0,0,1,8,58
6.0,0,1,9,58
6.0,0,1,10,58
6.0,0,1,11,59
6.0,0,1,12,59
6.0,0,1,13,59
6.0,0,1,14,60
6.0,0,1,15,60
6.0,0,2,0,56
6.0,0,2,1,56
6.0,0,2,2,57
6.0,0,2,3,57
6.0,0,2,4,57
6.0,0,2,5,58
6.0,0,2,6,58
6.0,0,2,7,58
6.0,0,2,8,58
6.0,0,2,9,59
6.0,0,2,10,59
6.0,0,2,11,59
6.0,0,2,12,59
6.0,0,2,13,60
6.0,0,2,14,60
6.0,0,2,15,60
6.0,0,3,0,56
6.0,0,3,1,57
6.0,0,3,2,57
6.0,0,3,3,57
6.0,0,3,4,58
6.0,0,3,5,58
6.0,0,3,6,58
6.0,0,3,7,58
6.0,0,3,8,59
6.0,0,3,9,59
6.0,0,3,10,59
6.0,0,3,11,59
6.0,0,3,12,60
6.0,0,3,13,60
6.0,0,3,14,60
6.0,0,3,15,61
6.0,0,4,0,57
6.0,0,4,1,57
6.0,0,4,2,57
6.0,0,4,3,58
6.0,0,4,4,58
6.0,0,4,5,58
6.0,0,4,6,58
6.0,0,4,7,59
6.0,0,4,8,59
6.0,0,4,9,59
6.0,0,4,10,60
6.0,0,4,11,60
6.0,0,4,12,60
6.0,0,4,13,60
6.0,0,4,14,61
6.0,0,4,15,61
6.0,0,5,0,57
6.0,0,5,1,57
6.0,0,5,2,58
6.0,0,5,3,58
6.0,0,5,4,58
6.0,0,5,5,59
6.0,0,5,6,59
6.0,0,5,7,59
6.0,0,5,8,59
6.0,0,5,9,60
6.0,0,5,10,60
6.0,0,5,11,60
6.0,0,5,12,60
6.0,0,5,13,61
6.0,0,5,14,61
6.0,0,5,15,61
6.0,0,6,0,57
6.0,0,6,1,58
6.0,0,6,2,58
6.0,0,6,3,58
6.0,0,6,4,59
6.0,0,6,5,59
6.0,0,6,6,59
6.0,0,6,7,59
6.0,0,6,8,60
6.0,0,6,9,60
6.0,0,6,10,60
6.0,0,6,11,61
6.0,0,6,12,61
6.0,0,6,13,61
6.0,0,6,14,61
6.0,0,6,15,62
6.0,0,7,0,58
6.0,0,7,1,58
6.0,0,7,2,58
6.0,0,7,3,59
6.0,0,7,4,59
6.0,0,7,5,59
6.0,0,7,6,59
6.0,0,7,7,60
6.0,0,7,8,60
6.0,0,7,9,60
6.0,0,7,10,61
6.0,0,7,11,61
6.0,0,7,12,61
6.0,0,7,13,61
6.0,0,7,14,62
6.0,0,7,15,62
6.0,0,8,0,58
6.0,0,8,1,58
6.0,0,8,2,59
6.0,0,8,3,59
6.0,0,8,4,59
6.0,0,8,5,60
6.0,0,8,6,60
6.0,0,8,7,60
6.0,0,8,8,60
6.0,0,8,9,61
6.0,0,8,10,61
6.0,0,8,11,61
6.0,0,8,12,61
6.0,0,8,13,62
6.0,0,8,14,62
6.0,0,8,15,62
6.0,0,9,0,58
6.0,0,9,1,59
6.0,0,9,2,59
6.0,0,9,3,59
6.0,0,9,4,60
6.0,0,9,5,60
6.0,0,9,6,60
6.0,0,9,7,60
6.0,0,9,8,61
6.0,0,9,9,61
6.0,0,9,10,61
6.0,0,9,11,62
6.0,0,9,12,62
6.0,0,9,13,62
6.0,0,9,14,62
6.0,0,9,15,63
6.0,0,10,0,59
6.0,0,10,1,59
6.0,0,10,2,59
6.0,0,10,3,60
6.0,0,10,4,60
6.0,0,10,5,60
6.0,0,10,6,60
6.0,0,10,7,61
6.0,0,10,8,61
6.0,0,10,9,61
6.0,0,10,10,62
6.0,0,10,11,62
6.0,0,10,12,62
6.0,0,10,13,62
6.0,0,10,14,63
6.0,0,10,15,63
6.0,0,11,0,59
6.0,0,11,1,59
6.0,0,11,2,60
6.0,0,11,3,60
6.0,0,11,4,60
6.0,0,11,5,61
6.0,0,11,6,61
6.0,0,11,7,61
6.0,0,11,8,61
6.0,0,11,9,62
6.0,0,11,10,62
6.0,0,11,11,62
6.0,0,11,12,62
6.0,0,11,13,63
6.0,0,11,14,63
6.0,0,11,15,63
6.0,0,12,0,59
6.0,0,12,1,60
6.0,0,12,2,60
6.0,0,12,3,60
6.0,0,12,4,61
6.0,0,12,5,61
6.0,0,12,6,61
6.0,0,12,7,61
6.0,0,12,8,62
6.0,0,12,9,62
6.0,0,12,10,62
6.0,0,12,11,63
6.0,0,12,12,63
6.0,0,12,13,63
6.0,0,12,14,63
6.0,0,12,15,64
6.0,0,13,0,60
6.0,0,13,1,60
6.0,0,13,2,60
6.0,0,13,3,61
6.0,0,13,4,61
6.0,0,13,5,61
6.0,0,13,6,61
6.0,0,13,7,62
6.0,0,13,8,62
6.0,0,13,9,62
6.0,0,13,10,63
6.0,0,13,11,63
6.0,0,13,12,63
6.0,0,13,13,63
6.0,0,13,14,64
6.0,0,13,15,64
6.0,0,14,0,60
6.0,0,14,1,60
6.0,0,14,2,61
6.0,0,14,3,61
6.0,0,14,4,61
6.0,0,14,5,61
6.0,0,14,6,62
6.0,0,14,7,62
6.0,0,14,8,62
6.0,0,14,9,63
6.0,0,14,10,63
6.0,0,14,11,63
6.0,0,14,12,63
6.0,0,14,13,64
6.0,0,14,14,64
6.0,0,14,15,64
6.0,0,15,0,60
6.0,0,15,1,61
6.0,0,15,2,61
6.0,0,15,3,61
6.0,0,15,4,61
6.0,0,15,5,62
6.0,0,15,6,62
6.0,0,15,7,62
6.0,0,15,8,63
6.0,0,15,9,63
6.0,0,15,10,63
6.0,0,15,11,64
6.0,0,15,12,64
6.0,0,15,13,64
6.0,0,15,14,64
6.0,0,15,15,65
6.0,1,0,0,56
6.0,1,0,1,57
6.0,1,0,2,57
6.0,1,0,3,57
6.0,1,0,4,58
6.0,1,0,5,58
6.0,1,0,6,58
6.0,1,0,7,58
6.0,1,0,8,59
6.0,1,0,9,59
6.0,1,0,10,59
6.0,1,0,11,59
6.0,1,0,12,60
6.0,1,0,13,60
6.0,1,0,14,60
6.0,1,0,15,60
6.0,1,1,0,57
6.0,1,1,1,57
6.0,1,1,2,57
6.0,1,1,3,58
6.0,1,1,4,58
6.0,1,1,5,58
6.0,1,1,6,58
6.0,1,1,7,59
6.0,1,1,8,59
6.0,1,1,9,59
6.0,1,1,10,59
6.0,1,1,11,60
6.0,1,1,12,60
6.0,1,1,13,60
6.0,1,1,14,61
6.0,1,1,15,61
6.0,1,2,0,57
6.0,1,2,1,57
6.0,1,2,2,58
6.0,1,2,3,58
6.0,1,2,4,58
6.0,1,2,5,58
6.0,1,2,6,59
6.0,1,2,7,59
6.0,1,2,8,59
6.0,1,2,9,60
6.0,1,2,10,60
6.0,1,2,11,60
6.0,1,2,12,60
6.0,1,2,13,61
6.0,1,2,14,61
6.0,1,2,15,61
6.0,1,3,0,57
6.0,1,3,1,58
6.0,1,3,2,58
6.0,1,3,3,58
6.0,1,3,4,59
6.0,1,3,5,59
6.0,1,3,6,59
6.0,1,3,7,59
6.0,1,3,8,60
6.0,1,3,9,60
6.0,1,3,10,60
6.0,1,3,11,60
6.0,1,3,12,61
6.0,1,3,13,61
6.0,1,3,14,61
6.0,1,3,15,62
6.0,1,4,0,58
6.0,1,4,1,58
6.0,1,4,2,58
6.0,1,4,3,59
6.0,1,4,4,59
6.0,1,4,5,59
6.0,1,4,6,59
6.0,1,4,7,60
6.0,1,4,8,60
6.0,1,4,9,60
6.0,1,4,10,61
6.0,1,4,11,61
6.0,1,4,12,61
6.0,1,4,13,61
6.0,1,4,14,62
6.0,1,4,15,62
6.0,1,5,0,58
6.0,1,5,1,58
6.0,1,5,2,59
6.0,1,5,3,59
6.0,1,5,4,59
6.0,1,5,5,60
6.0,1,5,6,60
6.0,1,5,7,60
6.0,1,5,8,60
6.0,1,5,9,61
6.0,1,5,10,61
6.0,1,5,11,61
6.0,1,5,12,61
6.0,1,5,13,62
6.0,1,5,14,62
6.0,1,5,15,62
6.0,1,6,0,58
6.0,1,6,1,59
6.0,1,6,2,59
6.0,1,6,3,59
6.0,1,6,4,60
6.0,1,6,5,60
6.0,1,6,6,60
6.0,1,6,7,60
6.0,1,6,8,61
6.0,1,6,9,61
6.0,1,6,10,61
6.0,1,6,11,62
6.0,1,6,12,62
6.0,1,6,13,62
6.0,1,6,14,62
6.0,1,6,15,63
6.0,1,7,0,59
6.0,1,7,1,59
6.0,1,7,2,59
6.0,1,7,3,60
6.0,1,7,4,60
6.0,1,7,5,60
6.0,1,7,6,60
6.0,1,7,7,61
6.0,1,7,8,61
6.0,1,7,9,61
6.0,1,7,10,62
6.0,1,7,11,62
6.0,1,7,12,62
6.0,1,7,13,62
6.0,1,7,14,63
6.0,1,7,15,63
6.0,1,8,0,59
6.0,1,8,1,59
6.0,1,8,2,60
6.0,1,8,3,60
6.0,1,8,4,60
6.0,1,8,5,61
6.0,1,8,6,61
6.0,1,8,7,61
6.0,1,8,8,61
6.0,1,8,9,62
6.0,1,8,10,62
6.0,1,8,11,62
6.0,1,8,12,63
6.0,1,8,13,63
6.0,1,8,14,63
6.0,1,8,15,63
6.0,1,9,0,59
6.0,1,9,1,60
6.0,1,9,2,60
6.0,1,9,3,60
6.0,1,9,4,61
6.0,1,9,5,61
6.0,1,9,6,61
6.0,1,9,7,61
6.0,1,9,8,62
6.0,1,9,9,62
6.0,1,9,10,62
6.0,1,9,11,63
6.0,1,9,12,63
6.0,1,9,13,63
6.0,1,9,14,63
6.0,1,9,15,64
6.0,1,10,0,60
6.0,1,10,1,60
6.0,1,10,2,60
6.0,1,10,3,61
6.0,1,10,4,61
6.0,1,10,5,61
6.0,1,10,6,61
6.0,1,10,7,62
6.0,1,10,8,62
6.0,1,10,9,62
6.0,1,10,10,63
6.0,1,10,11,63
6.0,1,10,12,63
6.0,1,10,13,63
6.0,1,10,14,64
6.0,1,10,15,64
6.0,1,11,0,60
6.0,1,11,1,60
6.0,1,11,2,61
6.0,1,11,3,61
6.0,1,11,4,61
6.0,1,11,5,62
6.0,1,11,6,62
6.0,1,11,7,62
6.0,1,11,8,62
6.0,1,11,9,63
6.0,1,11,10,63
6.0,1,11,11,63
6.0,1,11,12,64
6.0,1,11,13,64
6.0,1,11,14,64
6.0,1,11,15,64
6.0,1,12,0,60
6.0,1,12,1,61
6.0,1,12,2,61
6.0,1,12,3,61
6.0,1,12,4,62
6.0,1,12,5,62
6.0,1,12,6,62
6.0,1,12,7,62
6.0,1,12,8,63
6.0,1,12,9,63
6.0,1,12,10,63
6.0,1,12,11,64
6.0,1,12,12,64
6.0,1,12,13,64
6.0,1,12,14,64
6.0,1,12,15,65
6.0,1,13,0,61
6.0,1,13,1,61
6.0,1,13,2,61
6.0,1,13,3,62
6.0,1,13,4,62
6.0,1,13,5,62
6.0,1,13,6,62
6.0,1,13,7,63
6.0,1,13,8,63
6.0,1,13,9,63
6.0,1,13,10,64
6.0,1,13,11,64
6.0,1,13,12,64
6.0,1,13,13,64
6.0,1,13,14,65
6.0,1,13,15,65
6.0,1,14,0,61
6.0,1,14,1,61
6.0,1,14,2,62
6.0,1,14,3,62
6.0,1,14,4,62
6.0,1,14,5,63
6.0,1,14,6,63
6.0,1,14,7,63
6.0,1,14,8,63
6.0,1,14,9,64
6.0,1,14,10,64
6.0,1,14,11,64
6.0,1,14,12,65
6.0,1,14,13,65
6.0,1,14,14,65
6.0,1,14,15,65
6.0,1,15,0,61
6.0,1,15,1,62
6.0,1,15,2,62
6.0,1,15,3,62
6.0,1,15,4,63
6.0,1,15,5,63
6.0,1,15,6,63
6.0,1,15,7,63
6.0,1,15,8,64
6.0,1,15,9,64
6.0,1,15,10,64
6.0,1,15,11,65
6.0,1,15,12,65
6.0,1,15,13,65
6.0,1,15,14,65
6.0,1,15,15,66
6.0,2,0,0,57
6.0,2,0,1,58
6.0,2,0,2,58
6.0,2,0,3,58
6.0,2,0,4,58
6.0,2,0,5,59
6.0,2,0,6,59
6.0,2,0,7,59
6.0,2,0,8,60
6.0,2,0,9,60
6.0,2,0,10,60
6.0,2,0,11,60
6.0,2,0,12,61
6.0,2,0,13,61
6.0,2,0,14,61
6.0,2,0,15,61
6.0,2,1,0,58
6.0,2,1,1,58
6.0,2,1,2,58
6.0,2,1,3,59
6.0,2,1,4,59
6.0,2,1,5,59
6.0,2,1,6,59
6.0,2,1,7,60
6.0,2,1,8,60
6.0,2,1,9,60
6.0,2,1,10,60
6.0,2,1,11,61
6.0,2,1,12,61
6.0,2,1,13,61
6.0,2,1,14,62
6.0,2,1,15,62
6.0,2,2,0,58
6.0,2,2,1,58
6.0,2,2,2,59
6.0,2,2,3,59
6.0,2,2,4,59
6.0,2,2,5,59
6.0,2,2,6,60
6.0,2,2,7,60
6.0,2,2,8,60
6.0,2,2,9,61
6.0,2,2,10,61
6.0,2,2,11,61
6.0,2,2,12,61
6.0,2,2,13,62
6.0,2,2,14,62
6.0,2,2,15,62
6.0,2,3,0,58
6.0,2,3,1,59
6.0,2,3,2,59
6.0,2,3,3,59
6.0,2,3,4,60
6.0,2,3,5,60
6.0,2,3,6,60
6.0,2,3,7,60
6.0,2,3,8,61
6.0,2,3,9,61
6.0,2,3,10,61
6.0,2,3,11,61
6.0,2,3,12,62
6.0,2,3,13,62
6.0,2,3,14,62
6.0,2,3,15,63
6.0,2,4,0,59
6.0,2,4,1,59
6.0,2,4,2,59
6.0,2,4,3,60
6.0,2,4,4,60
6.0,2,4,5,60
6.0,2,4,6,60
6.0,2,4,7,61
6.0,2,4,8,61
6.0,2,4,9,61
6.0,2,4,10,62
6.0,2,4,11,62
6.0,2,4,12,62
6.0,2,4,13,62
6.0,2,4,14,63
6.0,2,4,15,63
6.0,2,5,0,59
6.0,2,5,1,59
6.0,2,5,2,60
6.0,2,5,3,60
6.0,2,5,4,60
6.0,2,5,5,61
6.0,2,5,6,61
6.0,2,5,7,61
6.0,2,5,8,61
6.0,2,5,9,62
6.0,2,5,10,62
6.0,2,5,11,62
6.0,2,5,12,62
6.0,2,5,13,63
6.0,2,5,14,63
6.0,2,5,15,63
6.0,2,6,0,59
6.0,2,6,1,60
6.0,2,6,2,60
6.0,2,6,3,60
6.0,2,6,4,61
6.0,2,6,5,61
6.0,2,6,6,61
6.0,2,6,7,61
6.0,2,6,8,62
6.0,2,6,9,62
6.0,2,6,10,62
6.0,2,6,11,63
6.0,2,6,12,63
6.0,2,6,13,63
6.0,2,6,14,63
6.0,2,6,15,64
6.0,2,7,0,60
6.0,2,7,1,60
6.0,2,7,2,60
6.0,2,7,3,61
6.0,2,7,4,61
6.0,2,7,5,61
6.0,2,7,6,62
6.0,2,7,7,62
6.0,2,7,8,62
6.0,2,7,9,62
6.0,2,7,10,63
6.0,2,7,11,63
6.0,2,7,12,63
6.0,2,7,13,63
6.0,2,7,14,64
6.0,2,7,15,64
6.0,2,8,0,60
6.0,2,8,1,60
6.0,2,8,2,61
6.0,2,8,3,61
6.0,2,8,4,61
6.0,2,8,5,62
6.0,2,8,6,62
6.0,2,8,7,62
6.0,2,8,8,62
6.0,2,8,9,63
6.0,2,8,10,63
6.0,2,8,11,63
6.0,2,8,12,64
6.0,2,8,13,64
6.0,2,8,14,64
6.0,2,8,15,64
6.0,2,9,0,60
6.0,2,9,1,61
6.0,2,9,2,61
6.0,2,9,3,61
6.0,2,9,4,62
6.0,2,9,5,62
6.0,2,9,6,62
6.0,2,9,7,62
6.0,2,9,8,63
6.0,2,9,9,63
6.0,2,9,10,63
6.0,2,9,11,64
6.0,2,9,12,64
6.0,2,9,13,64
6.0,2,9,14,64
6.0,2,9,15,65
6.0,2,10,0,61
6.0,2,10,1,61
6.0,2,10,2,61
6.0,2,10,3,62
6.0,2,10,4,62
6.0,2,10,5,62
6.0,2,10,6,63
6.0,2,10,7,63
6.0,2,10,8,63
6.0,2,10,9,63
6.0,2,10,10,64
6.0,2,10,11,64
6.0,2,10,12,64
6.0,2,10,13,65
6.0,2,10,14,65
6.0,2,10,15,65
6.0,2,11,0,61
6.0,2,11,1,61
6.0,2,11,2,62
6.0,2,11,3,62
6.0,2,11,4,62
6.0,2,11,5,63
6.0,2,11,6,63
6.0,2,11,7,63
6.0,2,11,8,63
6.0,2,11,9,64
6.0,2,11,10,64
6.0,2,11,11,64
6.0,2,11,12,65
6.0,2,11,13,65
6.0,2,11,14,65
6.0,2,11,15,65
6.0,2,12,0,61
6.0,2,12,1,62
6.0,2,12,2,62
6.0,2,12,3,62
6.0,2,12,4,63
6.0,2,12,5,63
6.0,2,12,6,63
6.0,2,12,7,63
6.0,2,12,8,64
6.0,2,12,9,64
6.0,2,12,10,64
6.0,2,12,11,65
6.0,2,12,12,65
6.0,2,12,13,65
6.0,2,12,14,66
6.0,2,12,15,66
6.0,2,13,0,62
6.0,2,13,1,62
6.0,2,13,2,62
6.0,2,13,3,63
6.0,2,13,4,63
6.0,2,13,5,63
6.0,2,13,6,64
6.0,2,13,7,64
6.0,2,13,8,64
6.0,2,13,9,64
6.0,2,13,10,65
6.0,2,13,11,65
6.0,2,13,12,65
6.0,2,13,13,66
6.0,2,13,14,66
6.0,2,13,15,66
6.0,2,14,0,62
6.0,2,14,1,62
6.0,2,14,2,63
6.0,2,14,3,63
6.0,2,14,4,63
6.0,2,14,5,64
6.0,2,14,6,64
6.0,2,14,7,64
6.0,2,14,8,64
6.0,2,14,9,65
6.0,2,14,10,65
6.0,2,14,11,65
6.0,2,14,12,66
6.0,2,14,13,66
6.0,2,14,14,66
6.0,2,14,15,66
6.0,2,15,0,62
6.0,2,15,1,63
6.0,2,15,2,63
6.0,2,15,3,63
6.0,2,15,4,64
6.0,2,15,5,64
6.0,2,15,6,64
6.0,2,15,7,64
6.0,2,15,8,65
6.0,2,15,9,65
6.0,2,15,10,65
6.0,2,15,11,66
6.0,2,15,12,66
6.0,2,15,13,66
6.0,2,15,14,67
6.0,2,15,15,67
6.0,3,0,0,58
6.0,3,0,1,59
6.0,3,0,2,59
6.0,3,0,3,59
6.0,3,0,4,59
6.0,3,0,5,60
6.0,3,0,6,60
6.0,3,0,7,60
6.0,3,0,8,61
6.0,3,0,9,61
6.0,3,0,10,61
6.0,3,0,11,61
6.0,3,0,12,62
6.0,3,0,13,62
6.0,3,0,14,62
6.0,3,0,15,62
6.0,3,1,0,59
6.0,3,1,1,59
6.0,3,1,2,59
6.0,3,1,3,60
6.0,3,1,4,60
6.0,3,1,5,60
6.0,3,1,6,60
6.0,3,1,7,61
6.0,3,1,8,61
6.0,3,1,9,61
6.0,3,1,10,61
6.0,3,1,11,62
6.0,3,1,12,62
6.0,3,1,13,62
6.0,3,1,14,63
6.0,3,1,15,63
6.0,3,2,0,59
6.0,3,2,1,59
6.0,3,2,2,60
6.0,3,2,3,60
6.0,3,2,4,60
6.0,3,2,5,60
6.0,3,2,6,61
6.0,3,2,7,61
6.0,3,2,8,61
6.0,3,2,9,62
6.0,3,2,10,62
6.0,3,2,11,62
6.0,3,2,12,62
6.0,3,2,13,63
6.0,3,2,14,63
6.0,3,2,15,63
6.0,3,3,0,59
6.0,3,3,1,60
6.0,3,3,2,60
6.0,3,3,3,60
6.0,3,3,4,61
6.0,3,3,5,61
6.0,3,3,6,61
6.0,3,3,7,61
6.0,3,3,8,62
6.0,3,3,9,62
6.0,3,3,10,62
6.0,3,3,11,63
6.0,3,3,12,63
6.0,3,3,13,63
6.0,3,3,14,63
6.0,3,3,15,64
6.0,3,4,0,60
6.0,3,4,1,60
6.0,3,4,2,60
6.0,3,4,3,61
6.0,3,4,4,61
6.0,3,4,5,61
6.0,3,4,6,61
6.0,3,4,7,62
6.0,3,4,8,62
6.0,3,4,9,62
6.0,3,4,10,63
6.0,3,4,11,63
6.0,3,4,12,63
6.0,3,4,13,63
6.0,3,4,14,64
6.0,3,4,15,64
6.0,3,5,0,60
6.0,3,5,1,60
6.0,3,5,2,61
6.0,3,5,3,61
6.0,3,5,4,61
6.0,3,5,5,62
6.0,3,5,6,62
6.0,3,5,7,62
6.0,3,5,8,62
6.0,3,5,9,63
6.0,3,5,10,63
6.0,3,5,11,63
6.0,3,5,12,64
6.0,3,5,13,64
6.0,3,5,14,64
6.0,3,5,15,64
6.0,3,6,0,60
6.0,3,6,1,61
6.0,3,6,2,61
6.0,3,6,3,61
6.0,3,6,4,62
6.0,3,6,5,62
6.0,3,6,6,62
6.0,3,6,7,62
6.0,3,6,8,63
6.0,3,6,9,63
6.0,3,6,10,63
6.0,3,6,11,64
6.0,3,6,12,64
6.0,3,6,13,64
6.0,3,6,14,64
6.0,3,6,15,65
6.0,3,7,0,61
6.0,3,7,1,61
6.0,3,7,2,61
6.0,3,7,3,62
6.0,3,7,4,62
6.0,3,7,5,62
6.0,3,7,6,63
6.0,3,7,7,63
6.0,3,7,8,63
6.0,3,7,9,63
6.0,3,7,10,64
6.0,3,7,11,64
6.0,3,7,12,64
6.0,3,7,13,65
6.0,3,7,14,65
6.0,3,7,15,65
6.0,3,8,0,61
6.0,3,8,1,61
6.0,3,8,2,62
6.0,3,8,3,62
6.0,3,8,4,62
6.0,3,8,5,63
6.0,3,8,6,63
6.0,3,8,7,63
6.0,3,8,8,63
6.0,3,8,9,64
6.0,3,8,10,64
6.0,3,8,11,64
6.0,3,8,12,65
6.0,3,8,13,65
6.0,3,8,14,65
6.0,3,8,15,65
6.0,3,9,0,61
6.0,3,9,1,62
6.0,3,9,2,62
6.0,3,9,3,62
6.0,3,9,4,63
6.0,3,9,5,63
6.0,3,9,6,63
6.0,3,9,7,64
6.0,3,9,8,64
6.0,3,9,9,64
6.0,3,9,10,64
6.0,3,9,11,65
6.0,3,9,12,65
6.0,3,9,13,65
6.0,3,9,14,66
6.0,3,9,15,66
6.0,3,10,0,62
6.0,3,10,1,62
6.0,3,10,2,62
6.0,3,10,3,63
6.0,3,10,4,63
6.0,3,10,5,63
6.0,3,10,6,64
6.0,3,10,7,64
6.0,3,10,8,64
6.0,3,10,9,64
6.0,3,10,10,65
6.0,3,10,11,65
6.0,3,10,12,65
6.0,3,10,13,66
6.0,3,10,14,66
6.0,3,10,15,66
6.0,3,11,0,62
6.0,3,11,1,62
6.0,3,11,2,63
6.0,3,11,3,63
6.0,3,11,4,63
6.0,3,11,5,64
6.0,3,11,6,64
6.0,3,11,7,64
6.0,3,11,8,64
6.0,3,11,9,65
6.0,3,11,10,65
6.0,3,11,11,65
6.0,3,11,12,66
6.0,3,11,13,66
6.0,3,11,14,66
6.0,3,11,15,67
6.0,3,12,0,62
6.0,3,12,1,63
6.0,3,12,2,63
6.0,3,12,3,63
6.0,3,12,4,64
6.0,3,12,5,64
6.0,3,12,6,64
6.0,3,12,7,65
6.0,3,12,8,65
6.0,3,12,9,65
6.0,3,12,10,65
6.0,3,12,11,66
6.0,3,12,12,66
6.0,3,12,13,66
6.0,3,12,14,67
6.0,3,12,15,67
6.0,3,13,0,63
6.0,3,13,1,63
6.0,3,13,2,63
6.0,3,13,3,64
6.0,3,13,4,64
6.0,3,13,5,64
6.0,3,13,6,65
6.0,3,13,7,65
6.0,3,13,8,65
6.0,3,13,9,65
6.0,3,13,10,66
6.0,3,13,11,66
6.0,3,13,12,66
6.0,3,13,13,67
6.0,3,13,14,67
6.0,3,13,15,67
6.0,3,14,0,63
6.0,3,14,1,63
6.0,3,14,2,64
6.0,3,14,3,64
6.0,3,14,4,64
6.0,3,14,5,65
6.0,3,14,6,65
6.0,3,14,7,65
6.0,3,14,8,66
6.0,3,14,9,66
6.0,3,14,10,66
6.0,3,14,11,66
6.0,3,14,12,67
6.0,3,14,13,67
6.0,3,14,14,67
6.0,3,14,15,68
6.0,3,15,0,63
6.0,3,15,1,64
6.0,3,15,2,64
6.0,3,15,3,64
6.0,3,15,4,65
6.0,3,15,5,65
6.0,3,15,6,65
6.0,3,15,7,66
6.0,3,15,8,66
6.0,3,15,9,66
6.0,3,15,10,66
6.0,3,15,11,67
6.0,3,15,12,67
6.0,3,15,13,67
6.0,3,15,14,68
6.0,3,15,15,68
6.0,4,0,0,59
6.0,4,0,1,60
6.0,4,0,2,60
6.0,4,0,3,60
6.0,4,0,4,60
6.0,4,0,5,61
6.0,4,0,6,61
6.0,4,0,7,61
6.0,4,0,8,62
6.0,4,0,9,62
6.0,4,0,10,62
6.0,4,0,11,62
6.0,4,0,12,63
6.0,4,0,13,63
6.0,4,0,14,63
6.0,4,0,15,64
6.0,4,1,0,60
6.0,4,1,1,60
6.0,4,1,2,60
6.0,4,1,3,60
6.0,4,1,4,61
6.0,4,1,5,61
6.0,4,1,6,61
6.0,4,1,7,62
6.0,4,1,8,62
6.0,4,1,9,62
6.0,4,1,10,62
6.0,4,1,11,63
6.0,4,1,12,63
6.0,4,1,13,63
6.0,4,1,14,64
6.0,4,1,15,64
6.0,4,2,0,60
6.0,4,2,1,60
6.0,4,2,2,61
6.0,4,2,3,61
6.0,4,2,4,61
6.0,4,2,5,61
6.0,4,2,6,62
6.0,4,2,7,62
6.0,4,2,8,62
6.0,4,2,9,63
6.0,4,2,10,63
6.0,4,2,11,63
6.0,4,2,12,63
6.0,4,2,13,64
6.0,4,2,14,64
6.0,4,2,15,64
6.0,4,3,0,60
6.0,4,3,1,61
6.0,4,3,2,61
6.0,4,3,3,61
6.0,4,3,4,62
6.0,4,3,5,62
6.0,4,3,6,62
6.0,4,3,7,62
6.0,4,3,8,63
6.0,4,3,9,63
6.0,4,3,10,63
6.0,4,3,11,64
6.0,4,3,12,64
6.0,4,3,13,64
6.0,4,3,14,64
6.0,4,3,15,65
6.0,4,4,0,61
6.0,4,4,1,61
6.0,4,4,2,61
6.0,4,4,3,62
6.0,4,4,4,62
6.0,4,4,5,62
6.0,4,4,6,62
6.0,4,4,7,63
6.0,4,4,8,63
6.0,4,4,9,63
6.0,4,4,10,64
6.0,4,4,11,64
6.0,4,4,12,64
6.0,4,4,13,64
6.0,4,4,14,65
6.0,4,4,15,65
6.0,4,5,0,61
6.0,4,5,1,61
6.0,4,5,2,62
6.0,4,5,3,62
6.0,4,5,4,62
6.0,4,5,5,63
6.0,4,5,6,63
6.0,4,5,7,63
6.0,4,5,8,63
6.0,4,5,9,64
6.0,4,5,10,64
6.0,4,5,11,64
6.0,4,5,12,65
6.0,4,5,13,65
6.0,4,5,14,65
6.0,4,5,15,65
6.0,4,6,0,61
6.0,4,6,1,62
6.0,4,6,2,62
6.0,4,6,3,62
6.0,4,6,4,63
6.0,4,6,5,63
6.0,4,6,6,63
6.0,4,6,7,63
6.0,4,6,8,64
6.0,4,6,9,64
6.0,4,6,10,64
6.0,4,6,11,65
6.0,4,6,12,65
6.0,4,6,13,65
6.0,4,6,14,65
6.0,4,6,15,66
6.0,4,7,0,62
6.0,4,7,1,62
6.0,4,7,2,62
6.0,4,7,3,63
6.0,4,7,4,63
6.0,4,7,5,63
6.0,4,7,6,64
6.0,4,7,7,64
6.0,4,7,8,64
6.0,4,7,9,64
6.0,4,7,10,65
6.0,4,7,11,65
6.0,4,7,12,65
6.0,4,7,13,66
6.0,4,7,14,66
6.0,4,7,15,66
6.0,4,8,0,62
6.0,4,8,1,62
6.0,4,8,2,63
6.0,4,8,3,63
6.0,4,8,4,63
6.0,4,8,5,64
6.0,4,8,6,64
6.0,4,8,7,64
6.0,4,8,8,64
6.0,4,8,9,65
6.0,4,8,10,65
6.0,4,8,11,65
6.0,4,8,12,66
6.0,4,8,13,66
6.0,4,8,14,66
6.0,4,8,15,67
6.0,4,9,0,62
6.0,4,9,1,63
6.0,4,9,2,63
6.0,4,9,3,63
6.0,4,9,4,64
6.0,4,9,5,64
6.0,4,9,6,64
6.0,4,9,7,65
6.0,4,9,8,65
6.0,4,9,9,65
6.0,4,9,10,65
6.0,4,9,11,66
6.0,4,9,12,66
6.0,4,9,13,66
6.0,4,9,14,67
6.0,4,9,15,67
6.0,4,10,0,63
6.0,4,10,1,63
6.0,4,10,2,63
6.0,4,10,3,64
6.0,4,10,4,64
6.0,4,10,5,64
6.0,4,10,6,65
6.0,4,10,7,65
6.0,4,10,8,65
6.0,4,10,9,65
6.0,4,10,10,66
6.0,4,10,11,66
6.0,4,10,12,66
6.0,4,10,13,67
6.0,4,10,14,67
6.0,4,10,15,67
6.0,4,11,0,63
6.0,4,11,1,63
6.0,4,11,2,64
6.0,4,11,3,64
6.0,4,11,4,64
6.0,4,11,5,65
6.0,4,11,6,65
6.0,4,11,7,65
6.0,4,11,8,66
6.0,4,11,9,66
6.0,4,11,10,66
6.0,4,11,11,66
6.0,4,11,12,67
6.0,4,11,13,67
6.0,4,11,14,67
6.0,4,11,15,68
6.0,4,12,0,63
6.0,4,12,1,64
6.0,4,12,2,64
6.0,4,12,3,64
6.0,4,12,4,65
6.0,4,12,5,65
6.0,4,12,6,65
6.0,4,12,7,66
6.0,4,12,8,66
6.0,4,12,9,66
6.0,4,12,10,66
6.0,4,12,11,67
6.0,4,12,12,67
6.0,4,12,13,67
6.0,4,12,14,68
6.0,4,12,15,68
6.0,4,13,0,64
6.0,4,13,1,64
6.0,4,13,2,64
6.0,4,13,3,65
6.0,4,13,4,65
6.0,4,13,5,65
6.0,4,13,6,66
6.0,4,13,7,66
6.0,4,13,8,66
6.0,4,13,9,67
6.0,4,13,10,67
6.0,4,13,11,67
6.0,4,13,12,67
6.0,4,13,13,68
6.0,4,13,14,68
6.0,4,13,15,68
6.0,4,14,0,64
6.0,4,14,1,64
6.0,4,14,2,65
6.0,4,14,3,65
6.0,4,14,4,65
6.0,4,14,5,66
6.0,4,14,6,66
6.0,4,14,7,66
6.0,4,14,8,67
6.0,4,14,9,67
6.0,4,14,10,67
6.0,4,14,11,68
6.0,4,14,12,68
6.0,4,14,13,68
6.0,4,14,14,68
6.0,4,14,15,69
6.0,4,15,0,64
6.0,4,15,1,65
6.0,4,15,2,65
6.0,4,15,3,65
6.0,4,15,4,66
6.0,4,15,5,66
6.0,4,15,6,66
6.0,4,15,7,67
6.0,4,15,8,67
6.0,4,15,9,67
6.0,4,15,10,68
6.0,4,15,11,68
6.0,4,15,12,68
6.0,4,15,13,68
6.0,4,15,14,69
6.0,4,15,15,69
6.0,5,0,0,60
6.0,5,0,1,61
6.0,5,0,2,61
6.0,5,0,3,61
6.0,5,0,4,61
6.0,5,0,5,62
6.0,5,0,6,62
6.0,5,0,7,62
6.0,5,0,8,63
6.0,5,0,9,63
6.0,5,0,10,63
6.0,5,0,11,63
6.0,5,0,12,64
6.0,5,0,13,64
6.0,5,0,14,64
6.0,5,0,15,65
6.0,5,1,0,61
6.0,5,1,1,61
6.0,5,1,2,61
6.0,5,1,3,61
6.0,5,1,4,62
6.0,5,1,5,62
6.0,5,1,6,62
6.0,5,1,7,63
6.0,5,1,8,63
6.0,5,1,9,63
6.0,5,1,10,63
6.0,5,1,11,64
6.0,5,1,12,64
6.0,5,1,13,64
6.0,5,1,14,65
6.0,5,1,15,65
6.0,5,2,0,61
6.0,5,2,1,61
6.0,5,2,2,62
6.0,5,2,3,62
6.0,5,2,4,62
6.0,5,2,5,62
6.0,5,2,6,63
6.0,5,2,7,63
6.0,5,2,8,63
6.0,5,2,9,64
6.0,5,2,10,64
6.0,5,2,11,64
6.0,5,2,12,64
6.0,5,2,13,65
6.0,5,2,14,65
6.0,5,2,15,65
6.0,5,3,0,61
6.0,5,3,1,62
6.0,5,3,2,62
6.0,5,3,3,62
6.0,5,3,4,62
6.0,5,3,5,63
6.0,5,3,6,63
6.0,5,3,7,63
6.0,5,3,8,64
6.0,5,3,9,64
6.0,5,3,10,64
6.0,5,3,11,65
6.0,5,3,12,65
6.0,5,3,13,65
6.0,5,3,14,65
6.0,5,3,15,66
6.0,5,4,0,62
6.0,5,4,1,62
6.0,5,4,2,62
6.0,5,4,3,63
6.0,5,4,4,63
6.0,5,4,5,63
6.0,5,4,6,63
6.0,5,4,7,64
6.0,5,4,8,64
6.0,5,4,9,64
6.0,5,4,10,65
6.0,5,4,11,65
6.0,5,4,12,65
6.0,5,4,13,65
6.0,5,4,14,66
6.0,5,4,15,66
6.0,5,5,0,62
6.0,5,5,1,62
6.0,5,5,2,63
6.0,5,5,3,63
6.0,5,5,4,63
6.0,5,5,5,64
6.0,5,5,6,64
6.0,5,5,7,64
6.0,5,5,8,64
6.0,5,5,9,65
6.0,5,5,10,65
6.0,5,5,11,65
6.0,5,5,12,66
6.0,5,5,13,66
6.0,5,5,14,66
6.0,5,5,15,66
6.0,5,6,0,62
6.0,5,6,1,63
6.0,5,6,2,63
6.0,5,6,3,63
6.0,5,6,4,64
6.0,5,6,5,64
6.0,5,6,6,64
6.0,5,6,7,64
6.0,5,6,8,65
6.0,5,6,9,65
6.0,5,6,10,65
6.0,5,6,11,66
6.0,5,6,12,66
6.0,5,6,13,66
6.0,5,6,14,67
6.0,5,6,15,67
6.0,5,7,0,63
6.0,5,7,1,63
6.0,5,7,2,63
6.0,5,7,3,64
6.0,5,7,4,64
6.0,5,7,5,64
6.0,5,7,6,65
6.0,5,7,7,65
6.0,5,7,8,65
6.0,5,7,9,65
6.0,5,7,10,66
6.0,5,7,11,66
6.0,5,7,12,66
6.0,5,7,13,67
6.0,5,7,14,67
6.0,5,7,15,67
6.0,5,8,0,63
6.0,5,8,1,63
6.0,5,8,2,64
6.0,5,8,3,64
6.0,5,8,4,64
6.0,5,8,5,65
6.0,5,8,6,65
6.0,5,8,7,65
6.0,5,8,8,66
6.0,5,8,9,66
6.0,5,8,10,66
6.0,5,8,11,66
6.0,5,8,12,67
6.0,5,8,13,67
6.0,5,8,14,67
6.0,5,8,15,68
6.0,5,9,0,63
6.0,5,9,1,64
6.0,5,9,2,64
6.0,5,9,3,64
6.0,5,9,4,65
6.0,5,9,5,65
6.0,5,9,6,65
6.0,5,9,7,66
6.0,5,9,8,66
6.0,5,9,9,66
6.0,5,9,10,66
6.0,5,9,11,67
6.0,5,9,12,67
6.0,5,9,13,67
6.0,5,9,14,68
6.0,5,9,15,68
6.0,5,10,0,64
6.0,5,10,1,64
6.0,5,10,2,64
6.0,5,10,3,65
6.0,5,10,4,65
6.0,5,10,5,65
6.0,5,10,6,66
6.0,5,10,7,66
6.0,5,10,8,66
6.0,5,10,9,67
6.0,5,10,10,67
6.0,5,10,11,67
6.0,5,10,12,67
6.0,5,10,13,68
6.0,5,10,14,68
6.0,5,10,15,68
6.0,5,11,0,64
6.0,5,11,1,64
6.0,5,11,2,65
6.0,5,11,3,65
6.0,5,11,4,65
6.0,5,11,5,66
6.0,5,11,6,66
6.0,5,11,7,66
6.0,5,11,8,67
6.0,5,11,9,67
6.0,5,11,10,67
6.0,5,11,11,68
6.0,5,11,12,68
6.0,5,11,13,68
6.0,5,11,14,68
6.0,5,11,15,69
6.0,5,12,0,64
6.0,5,12,1,65
6.0,5,12,2,65
6.0,5,12,3,65
6.0,5,12,4,66
6.0,5,12,5,66
6.0,5,12,6,66
6.0,5,12,7,67
6.0,5,12,8,67
6.0,5,12,9,67
6.0,5,12,10,68
6.0,5,12,11,68
6.0,5,12,12,68
6.0,5,12,13,68
6.0,5,12,14,69
6.0,5,12,15,69
6.0,5,13,0,65
6.0,5,13,1,65
6.0,5,13,2,65
6.0,5,13,3,66
6.0,5,13,4,66
6.0,5,13,5,66
6.0,5,13,6,67
6.0,5,13,7,67
6.0,5,13,8,67
6.0,5,13,9,68
6.0,5,13,10,68
6.0,5,13,11,68
6.0,5,13,12,69
6.0,5,13,13,69
6.0,5,13,14,69
6.0,5,13,15,69
6.0,5,14,0,65
6.0,5,14,1,65
6.0,5,14,2,66
6.0,5,14,3,66
6.0,5,14,4,66
6.0,5,14,5,67
6.0,5,14,6,67
6.0,5,14,7,67
6.0,5,14,8,68
6.0,5,14,9,68
6.0,5,14,10,68
6.0,5,14,11,69
6.0,5,14,12,69
6.0,5,14,13,69
6.0,5,14,14,69
6.0,5,14,15,70
6.0,5,15,0,65
6.0,5,15,1,66
6.0,5,15,2,66
6.0,5,15,3,66
6.0,5,15,4,67
6.0,5,15,5,67
6.0,5,15,6,67
6.0,5,15,7,68
6.0,5,15,8,68
6.0,5,15,9,68
6.0,5,15,10,69
6.0,5,15,11,69
6.0,5,15,12,69
6.0,5,15,13,70
6.0,5,15,14,70
6.0,5,15,15,70
6.0,6,0,0,61
6.0,6,0,1,61
6.0,6,0,2,62
6.0,6,0,3,62
6.0,6,0,4,62
6.0,6,0,5,63
6.0,6,0,6,63
6.0,6,0,7,63
6.0,6,0,8,64
6.0,6,0,9,64
6.0,6,0,10,64
6.0,6,0,11,64
6.0,6,0,12,65
6.0,6,0,13,65
6.0,6,0,14,65
6.0,6,0,15,66
6.0,6,1,0,62
6.0,6,1,1,62
6.0,6,1,2,62
6.0,6,1,3,62
6.0,6,1,4,63
6.0,6,1,5,63
6.0,6,1,6,63
6.0,6,1,7,64
6.0,6,1,8,64
6.0,6,1,9,64
6.0,6,1,10,64
6.0,6,1,11,65
6.0,6,1,12,65
6.0,6,1,13,65
6.0,6,1,14,66
6.0,6,1,15,66
6.0,6,2,0,62
6.0,6,2,1,62
6.0,6,2,2,63
6.0,6,2,3,63
6.0,6,2,4,63
6.0,6,2,5,63
6.0,6,2,6,64
6.0,6,2,7,64
6.0,6,2,8,64
6.0,6,2,9,65
6.0,6,2,10,65
6.0,6,2,11,65
6.0,6,2,12,65
6.0,6,2,13,66
6.0,6,2,14,66
6.0,6,2,15,66
6.0,6,3,0,62
6.0,6,3,1,63
6.0,6,3,2,63
6.0,6,3,3,63
6.0,6,3,4,63
6.0,6,3,5,64
6.0,6,3,6,64
6.0,6,3,7,64
6.0,6,3,8,65
6.0,6,3,9,65
6.0,6,3,10,65
6.0,6,3,11,66
6.0,6,3,12,66
6.0,6,3,13,66
6.0,6,3,14,66
6.0,6,3,15,67
6.0,6,4,0,63
6.0,6,4,1,63
6.0,6,4,2,63
6.0,6,4,3,64
6.0,6,4,4,64
6.0,6,4,5,64
6.0,6,4,6,64
6.0,6,4,7,65
6.0,6,4,8,65
6.0,6,4,9,65
6.0,6,4,10,66
6.0,6,4,11,66
6.0,6,4,12,66
6.0,6,4,13,67
6.0,6,4,14,67
6.0,6,4,15,67
6.0,6,5,0,63
6.0,6,5,1,63
6.0,6,5,2,64
6.0,6,5,3,64
6.0,6,5,4,64
6.0,6,5,5,65
6.0,6,5,6,65
6.0,6,5,7,65
6.0,6,5,8,65
6.0,6,5,9,66
6.0,6,5,10,66
6.0,6,5,11,66
6.0,6,5,12,67
6.0,6,5,13,67
6.0,6,5,14,67
6.0,6,5,15,67
6.0,6,6,0,63
6.0,6,6,1,64
6.0,6,6,2,64
6.0,6,6,3,64
6.0,6,6,4,65
6.0,6,6,5,65
6.0,6,6,6,65
6.0,6,6,7,66
6.0,6,6,8,66
6.0,6,6,9,66
6.0,6,6,10,66
6.0,6,6,11,67
6.0,6,6,12,67
6.0,6,6,13,67
6.0,6,6,14,68
6.0,6,6,15,68
6.0,6,7,0,64
6.0,6,7,1,64
6.0,6,7,2,64
6.0,6,7,3,65
6.0,6,7,4,65
6.0,6,7,5,65
6.0,6,7,6,66
6.0,6,7,7,66
6.0,6,7,8,66
6.0,6,7,9,66
6.0,6,7,10,67
6.0,6,7,11,67
6.0,6,7,12,67
6.0,6,7,13,68
6.0,6,7,14,68
6.0,6,7,15,68
6.0,6,8,0,64
6.0,6,8,1,64
6.0,6,8,2,65
6.0,6,8,3,65
6.0,6,8,4,65
6.0,6,8,5,66
6.0,6,8,6,66
6.0,6,8,7,66
6.0,6,8,8,67
6.0,6,8,9,67
6.0,6,8,10,67
6.0,6,8,11,67
6.0,6,8,12,68
6.0,6,8,13,68
6.0,6,8,14,68
6.0,6,8,15,69
6.0,6,9,0,64
6.0,6,9,1,65
6.0,6,9,2,65
6.0,6,9,3,65
6.0,6,9,4,66
6.0,6,9,5,66
6.0,6,9,6,66
6.0,6,9,7,67
6.0,6,9,8,67
6.0,6,9,9,67
6.0,6,9,10,68
6.0,6,9,11,68
6.0,6,9,12,68
6.0,6,9,13,68
6.0,6,9,14,69
6.0,6,9,15,69
6.0,6,10,0,65
6.0,6,10,1,65
6.0,6,10,2,65
6.0,6,10,3,66
6.0,6,10,4,66
6.0,6,10,5,66
6.0,6,10,6,67
6.0,6,10,7,67
6.0,6,10,8,67
6.0,6,10,9,68
6.0,6,10,10,68
6.0,6,10,11,68
6.0,6,10,12,69
6.0,6,10,13,69
6.0,6,10,14,69
6.0,6,10,15,69
6.0,6,11,0,65
6.0,6,11,1,65
6.0,6,11,2,66
6.0,6,11,3,66
6.0,6,11,4,66
6.0,6,11,5,67
6.0,6,11,6,67
6.0,6,11,7,67
6.0,6,11,8,68
6.0,6,11,9,68
6.0,6,11,10,68
6.0,6,11,11,69
6.0,6,11,12,69
6.0,6,11,13,69
6.0,6,11,14,69
6.0,6,11,15,70
6.0,6,12,0,65
6.0,6,12,1,66
6.0,6,12,2,66
6.0,6,12,3,66
6.0,6,12,4,67
6.0,6,12,5,67
6.0,6,12,6,67
6.0,6,12,7,68
6.0,6,12,8,68
6.0,6,12,9,68
6.0,6,12,10,69
6.0,6,12,11,69
6.0,6,12,12,69
6.0,6,12,13,70
6.0,6,12,14,70
6.0,6,12,15,70
6.0,6,13,0,66
6.0,6,13,1,66
6.0,6,13,2,66
6.0,6,13,3,67
6.0,6,13,4,67
6.0,6,13,5,67
6.0,6,13,6,68
6.0,6,13,7,68
6.0,6,13,8,68
6.0,6,13,9,69
6.0,6,13,10,69
6.0,6,13,11,69
6.0,6,13,12,70
6.0,6,13,13,70
6.0,6,13,14,70
6.0,6,13,15,71
6.0,6,14,0,66
6.0,6,14,1,66
6.0,6,14,2,67
6.0,6,14,3,67
6.0,6,14,4,67
6.0,6,14,5,68
6.0,6,14,6,68
6.0,6,14,7,68
6.0,6,14,8,69
6.0,6,14,9,69
6.0,6,14,10,69
6.0,6,14,11,70
6.0,6,14,12,70
6.0,6,14,13,70
6.0,6,14,14,71
6.0,6,14,15,71
6.0,6,15,0,66
6.0,6,15,1,67
6.0,6,15,2,67
6.0,6,15,3,67
6.0,6,15,4,68
6.0,6,15,5,68
6.0,6,15,6,68
6.0,6,15,7,69
6.0,6,15,8,69
6.0,6,15,9,69
6.0,6,15,10,70
6.0,6,15,11,70
6.0,6,15,12,70
6.0,6,15,13,71
6.0,6,15,14,71
6.0,6,15,15,71
6.0,7,0,0,62
6.0,7,0,1,62
6.0,7,0,2,63
6.0,7,0,3,63
6.0,7,0,4,63
6.0,7,0,5,64
6.0,7,0,6,64
6.0,7,0,7,64
6.0,7,0,8,65
6.0,7,0,9,65
6.0,7,0,10,65
6.0,7,0,11,65
6.0,7,0,12,66
6.0,7,0,13,66
6.0,7,0,14,66
6.0,7,0,15,67
6.0,7,1,0,62
6.0,7,1,1,63
6.0,7,1,2,63
6.0,7,1,3,63
6.0,7,1,4,64
6.0,7,1,5,64
6.0,7,1,6,64
6.0,7,1,7,65
6.0,7,1,8,65
6.0,7,1,9,65
6.0,7,1,10,65
6.0,7,1,11,66
6.0,7,1,12,66
6.0,7,1,13,66
6.0,7,1,14,67
6.0,7,1,15,67
6.0,7,2,0,63
6.0,7,2,1,63
6.0,7,2,2,63
6.0,7,2,3,64
6.0,7,2,4,64
6.0,7,2,5,64
6.0,7,2,6,65
6.0,7,2,7,65
6.0,7,2,8,65
6.0,7,2,9,66
6.0,7,2,10,66
6.0,7,2,11,66
6.0,7,2,12,66
6.0,7,2,13,67
6.0,7,2,14,67
6.0,7,2,15,67
6.0,7,3,0,63
6.0,7,3,1,64
6.0,7,3,2,64
6.0,7,3,3,64
6.0,7,3,4,64
6.0,7,3,5,65
6.0,7,3,6,65
6.0,7,3,7,65
6.0,7,3,8,66
6.0,7,3,9,66
6.0,7,3,10,66
6.0,7,3,11,67
6.0,7,3,12,67
6.0,7,3,13,67
6.0,7,3,14,67
6.0,7,3,15,68
6.0,7,4,0,64
6.0,7,4,1,64
6.0,7,4,2,64
6.0,7,4,3,65
6.0,7,4,4,65
6.0,7,4,5,65
6.0,7,4,6,65
6.0,7,4,7,66
6.0,7,4,8,66
6.0,7,4,9,66
6.0,7,4,10,67
6.0,7,4,11,67
6.0,7,4,12,67
6.0,7,4,13,68
6.0,7,4,14,68
6.0,7,4,15,68
6.0,7,5,0,64
6.0,7,5,1,64
6.0,7,5,2,65
6.0,7,5,3,65
6.0,7,5,4,65
6.0,7,5,5,66
6.0,7,5,6,66
6.0,7,5,7,66
6.0,7,5,8,66
6.0,7,5,9,67
6.0,7,5,10,67
6.0,7,5,11,67
6.0,7,5,12,68
6.0,7,5,13,68
6.0,7,5,14,68
6.0,7,5,15,69
6.0,7,6,0,64
6.0,7,6,1,65
6.0,7,6,2,65
6.0,7,6,3,65
6.0,7,6,4,66
6.0,7,6,5,66
6.0,7,6,6,66
6.0,7,6,7,67
6.0,7,6,8,67
6.0,7,6,9,67
6.0,7,6,10,67
6.0,7,6,11,68
6.0,7,6,12,68
6.0,7,6,13,68
6.0,7,6,14,69
6.0,7,6,15,69
6.0,7,7,0,65
6.0,7,7,1,65
6.0,7,7,2,65
6.0,7,7,3,66
6.0,7,7,4,66
6.0,7,7,5,66
6.0,7,7,6,67
6.0,7,7,7,67
6.0,7,7,8,67
6.0,7,7,9,68
6.0,7,7,10,68
6.0,7,7,11,68
6.0,7,7,12,68
6.0,7,7,13,69
6.0,7,7,14,69
6.0,7,7,15,69
6.0,7,8,0,65
6.0,7,8,1,65
6.0,7,8,2,66
6.0,7,8,3,66
6.0,7,8,4,66
6.0,7,8,5,67
6.0,7,8,6,67
6.0,7,8,7,67
6.0,7,8,8,68
6.0,7,8,9,68
6.0,7,8,10,68
6.0,7,8,11,69
6.0,7,8,12,69
6.0,7,8,13,69
6.0,7,8,14,69
6.0,7,8,15,70
6.0,7,9,0,65
6.0,7,9,1,66
6.0,7,9,2,66
6.0,7,9,3,66
6.0,7,9,4,67
6.0,7,9,5,67
6.0,7,9,6,67
6.0,7,9,7,68
6.0,7,9,8,68
6.0,7,9,9,68
6.0,7,9,10,69
6.0,7,9,11,69
6.0,7,9,12,69
6.0,7,9,13,69
6.0,7,9,14,70
6.0,7,9,15,70
6.0,7,10,0,66
6.0,7,10,1,66
6.0,7,10,2,66
6.0,7,10,3,67
6.0,7,10,4,67
6.0,7,10,5,67
6.0,7,10,6,68
6.0,7,10,7,68
6.0,7,10,8,68
6.0,7,10,9,69
6.0,7,10,10,69
6.0,7,10,11,69
6.0,7,10,12,70
6.0,7,10,13,70
6.0,7,10,14,70
6.0,7,10,15,70
6.0,7,11,0,66
6.0,7,11,1,66
6.0,7,11,2,67
6.0,7,11,3,67
6.0,7,11,4,67
6.0,7,11,5,68
6.0,7,11,6,68
6.0,7,11,7,68
6.0,7,11,8,69
6.0,7,11,9,69
6.0,7,11,10,69
6.0,7,11,11,70
6.0,7,11,12,70
6.0,7,11,13,70
6.0,7,11,14,71
6.0,7,11,15,71
6.0,7,12,0,66
6.0,7,12,1,67
6.0,7,12,2,67
6.0,7,12,3,67
6.0,7,12,4,68
6.0,7,12,5,68
6.0,7,12,6,68
6.0,7,12,7,69
6.0,7,12,8,69
6.0,7,12,9,69
6.0,7,12,10,70
6.0,7,12,11,70
6.0,7,12,12,70
6.0,7,12,13,71
6.0,7,12,14,71
6.0,7,12,15,71
6.0,7,13,0,67
6.0,7,13,1,67
6.0,7,13,2,67
6.0,7,13,3,68
6.0,7,13,4,68
6.0,7,13,5,68
6.0,7,13,6,69
6.0,7,13,7,69
6.0,7,13,8,69
6.0,7,13,9,70
6.0,7,13,10,70
6.0,7,13,11,70
6.0,7,13,12,71
6.0,7,13,13,71
6.0,7,13,14,71
6.0,7,13,15,72
6.0,7,14,0,67
6.0,7,14,1,68
6.0,7,14,2,68
6.0,7,14,3,68
6.0,7,14,4,68
6.0,7,14,5,69
6.0,7,14,6,69
6.0,7,14,7,69
6.0,7,14,8,70
6.0,7,14,9,70
6.0,7,14,10,70
6.0,7,14,11,71
6.0,7,14,12,71
6.0,7,14,13,71
6.0,7,14,14,72
6.0,7,14,15,72
6.0,7,15,0,68
6.0,7,15,1,68
6.0,7,15,2,68
6.0,7,15,3,69
6.0,7,15,4,69
6.0,7,15,5,69
6.0,7,15,6,70
6.0,7,15,7,70
6.0,7,15,8,70
6.0,7,15,9,70
6.0,7,15,10,71
6.0,7,15,11,71
6.0,7,15,12,71
6.0,7,15,13,72
6.0,7,15,14,72
6.0,7,15,15,72
6.0,8,0,0,63
6.0,8,0,1,63
6.0,8,0,2,64
6.0,8,0,3,64
6.0,8,0,4,64
6.0,8,0,5,65
6.0,8,0,6,65
6.0,8,0,7,65
6.0,8,0,8,66
6.0,8,0,9,66
6.0,8,0,10,66
6.0,8,0,11,66
6.0,8,0,12,67
6.0,8,0,13,67
6.0,8,0,14,67
6.0,8,0,15,68
6.0,8,1,0,63
6.0,8,1,1,64
6.0,8,1,2,64
6.0,8,1,3,64
6.0,8,1,4,65
6.0,8,1,5,65
6.0,8,1,6,65
6.0,8,1,7,66
6.0,8,1,8,66
6.0,8,1,9,66
6.0,8,1,10,66
6.0,8,1,11,67
6.0,8,1,12,67
6.0,8,1,13,67
6.0,8,1,14,68
6.0,8,1,15,68
6.0,8,2,0,64
6.0,8,2,1,64
6.0,8,2,2,64
6.0,8,2,3,65
6.0,8,2,4,65
6.0,8,2,5,65
6.0,8,2,6,66
6.0,8,2,7,66
6.0,8,2,8,66
6.0,8,2,9,67
6.0,8,2,10,67
6.0,8,2,11,67
6.0,8,2,12,67
6.0,8,2,13,68
6.0,8,2,14,68
6.0,8,2,15,68
6.0,8,3,0,64
6.0,8,3,1,65
6.0,8,3,2,65
6.0,8,3,3,65
6.0,8,3,4,65
6.0,8,3,5,66
6.0,8,3,6,66
6.0,8,3,7,66
6.0,8,3,8,67
6.0,8,3,9,67
6.0,8,3,10,67
6.0,8,3,11,68
6.0,8,3,12,68
6.0,8,3,13,68
6.0,8,3,14,68
6.0,8,3,15,69
6.0,8,4,0,65
6.0,8,4,1,65
6.0,8,4,2,65
6.0,8,4,3,66
6.0,8,4,4,66
6.0,8,4,5,66
6.0,8,4,6,66
6.0,8,4,7,67
6.0,8,4,8,67
6.0,8,4,9,67
6.0,8,4,10,68
6.0,8,4,11,68
6.0,8,4,12,68
6.0,8,4,13,69
6.0,8,4,14,69
6.0,8,4,15,69
6.0,8,5,0,65
6.0,8,5,1,65
6.0,8,5,2,66
6.0,8,5,3,66
6.0,8,5,4,66
6.0,8,5,5,67
6.0,8,5,6,67
6.0,8,5,7,67
6.0,8,5,8,67
6.0,8,5,9,68
6.0,8,5,10,68
6.0,8,5,11,68
6.0,8,5,12,69
6.0,8,5,13,69
6.0,8,5,14,69
6.0,8,5,15,70
6.0,8,6,0,65
6.0,8,6,1,66
6.0,8,6,2,66
6.0,8,6,3,66
6.0,8,6,4,67
6.0,8,6,5,67
6.0,8,6,6,67
6.0,8,6,7,68
6.0,8,6,8,68
6.0,8,6,9,68
6.0,8,6,10,68
6.0,8,6,11,69
6.0,8,6,12,69
6.0,8,6,13,69
6.0,8,6,14,70
6.0,8,6,15,70
6.0,8,7,0,66
6.0,8,7,1,66
6.0,8,7,2,66
6.0,8,7,3,67
6.0,8,7,4,67
6.0,8,7,5,67
6.0,8,7,6,68
6.0,8,7,7,68
6.0,8,7,8,68
6.0,8,7,9,69
6.0,8,7,10,69
6.0,8,7,11,69
6.0,8,7,12,69
6.0,8,7,13,70
6.0,8,7,14,70
6.0,8,7,15,70
6.0,8,8,0,66
6.0,8,8,1,66
6.0,8,8,2,67
6.0,8,8,3,67
6.0,8,8,4,67
6.0,8,8,5,68
6.0,8,8,6,68
6.0,8,8,7,68
6.0,8,8,8,69
6.0,8,8,9,69
6.0,8,8,10,69
6.0,8,8,11,70
6.0,8,8,12,70
6.0,8,8,13,70
6.0,8,8,14,70
6.0,8,8,15,71
6.0,8,9,0,66
6.0,8,9,1,67
6.0,8,9,2,67
6.0,8,9,3,67
6.0,8,9,4,68
6.0,8,9,5,68
6.0,8,9,6,68
6.0,8,9,7,69
6.0,8,9,8,69
6.0,8,9,9,69
6.0,8,9,10,70
6.0,8,9,11,70
6.0,8,9,12,70
6.0,8,9,13,71
6.0,8,9,14,71
6.0,8,9,15,71
6.0,8,10,0,67
6.0,8,10,1,67
6.0,8,10,2,67
6.0,8,10,3,68
6.0,8,10,4,68
6.0,8,10,5,68
6.0,8,10,6,69
6.0,8,10,7,69
6.0,8,10,8,69
6.0,8,10,9,70
6.0,8,10,10,70
6.0,8,10,11,70
6.0,8,10,12,71
6.0,8,10,13,71
6.0,8,10,14,71
6.0,8,10,15,72
6.0,8,11,0,67
6.0,8,11,1,67
6.0,8,11,2,68
6.0,8,11,3,68
6.0,8,11,4,68
6.0,8,11,5,69
6.0,8,11,6,69
6.0,8,11,7,69
6.0,8,11,8,70
6.0,8,11,9,70
6.0,8,11,10,70
6.0,8,11,11,71
6.0,8,11,12,71
6.0,8,11,13,71
6.0,8,11,14,72
6.0,8,11,15,72
6.0,8,12,0,67
6.0,8,12,1,68
6.0,8,12,2,68
6.0,8,12,3,68
6.0,8,12,4,69
6.0,8,12,5,69
6.0,8,12,6,69
6.0,8,12,7,70
6.0,8,12,8,70
6.0,8,12,9,70
6.0,8,12,10,71
6.0,8,12,11,71
6.0,8,12,12,71
6.0,8,12,13,72
6.0,8,12,14,72
6.0,8,12,15,72
6.0,8,13,0,68
6.0,8,13,1,68
6.0,8,13,2,69
6.0,8,13,3,69
6.0,8,13,4,69
6.0,8,13,5,70
6.0,8,13,6,70
6.0,8,13,7,70
6.0,8,13,8,70
6.0,8,13,9,71
6.0,8,13,10,71
6.0,8,13,11,71
6.0,8,13,12,72
6.0,8,13,13,72
6.0,8,13,14,72
6.0,8,13,15,73
6.0,8,14,0,68
6.0,8,14,1,69
6.0,8,14,2,69
6.0,8,14,3,69
6.0,8,14,4,70
6.0,8,14,5,70
6.0,8,14,6,70
6.0,8,14,7,71
6.0,8,14,8,71
6.0,8,14,9,71
6.0,8,14,10,71
6.0,8,14,11,72
6.0,8,14,12,72
6.0,8,14,13,72
6.0,8,14,14,73
6.0,8,14,15,73
6.0,8,15,0,69
6.0,8,15,1,69
6.0,8,15,2,69
6.0,8,15,3,70
6.0,8,15,4,70
6.0,8,15,5,70
6.0,8,15,6,71
6.0,8,15,7,71
6.0,8,15,8,71
6.0,8,15,9,72
6.0,8,15,10,72
6.0,8,15,11,72
6.0,8,15,12,73
6.0,8,15,13,73
6.0,8,15,14,73
6.0,8,15,15,73
6.0,9,0,0,64
6.0,9,0,1,64
6.0,9,0,2,65
6.0,9,0,3,65
6.0,9,0,4,65
6.0,9,0,5,66
6.0,9,0,6,66
6.0,9,0,7,66
6.0,9,0,8,66
6.0,9,0,9,67
6.0,9,0,10,67
6.0,9,0,11,67
6.0,9,0,12,68
6.0,9,0,13,68
6.0,9,0,14,68
6.0,9,0,15,69
6.0,9,1,0,64
6.0,9,1,1,65
6.0,9,1,2,65
6.0,9,1,3,65
6.0,9,1,4,66
6.0,9,1,5,66
6.0,9,1,6,66
6.0,9,1,7,67
6.0,9,1,8,67
6.0,9,1,9,67
6.0,9,1,10,67
6.0,9,1,11,68
6.0,9,1,12,68
6.0,9,1,13,68
6.0,9,1,14,69
6.0,9,1,15,69
6.0,9,2,0,65
6.0,9,2,1,65
6.0,9,2,2,65
6.0,9,2,3,66
6.0,9,2,4,66
6.0,9,2,5,66
6.0,9,2,6,67
6.0,9,2,7,67
6.0,9,2,8,67
6.0,9,2,9,68
6.0,9,2,10,68
6.0,9,2,11,68
6.0,9,2,12,69
6.0,9,2,13,69
6.0,9,2,14,69
6.0,9,2,15,69
6.0,9,3,0,65
6.0,9,3,1,65
6.0,9,3,2,66
6.0,9,3,3,66
6.0,9,3,4,66
6.0,9,3,5,67
6.0,9,3,6,67
6.0,9,3,7,67
6.0,9,3,8,68
6.0,9,3,9,68
6.0,9,3,10,68
6.0,9,3,11,69
6.0,9,3,12,69
6.0,9,3,13,69
6.0,9,3,14,70
6.0,9,3,15,70
6.0,9,4,0,66
6.0,9,4,1,66
6.0,9,4,2,66
6.0,9,4,3,67
6.0,9,4,4,67
6.0,9,4,5,67
6.0,9,4,6,67
6.0,9,4,7,68
6.0,9,4,8,68
6.0,9,4,9,68
6.0,9,4,10,69
6.0,9,4,11,69
6.0,9,4,12,69
6.0,9,4,13,70
6.0,9,4,14,70
6.0,9,4,15,70
6.0,9,5,0,66
6.0,9,5,1,66
6.0,9,5,2,67
6.0,9,5,3,67
6.0,9,5,4,67
6.0,9,5,5,68
6.0,9,5,6,68
6.0,9,5,7,68
6.0,9,5,8,68
6.0,9,5,9,69
6.0,9,5,10,69
6.0,9,5,11,69
6.0,9,5,12,70
6.0,9,5,13,70
6.0,9,5,14,70
6.0,9,5,15,71
6.0,9,6,0,66
6.0,9,6,1,67
6.0,9,6,2,67
6.0,9,6,3,67
6.0,9,6,4,68
6.0,9,6,5,68
6.0,9,6,6,68
6.0,9,6,7,69
6.0,9,6,8,69
6.0,9,6,9,69
6.0,9,6,10,69
6.0,9,6,11,70
6.0,9,6,12,70
6.0,9,6,13,70
6.0,9,6,14,71
6.0,9,6,15,71
6.0,9,7,0,67
6.0,9,7,1,67
6.0,9,7,2,67
6.0,9,7,3,68
6.0,9,7,4,68
6.0,9,7,5,68
6.0,9,7,6,69
6.0,9,7,7,69
6.0,9,7,8,69
6.0,9,7,9,70
6.0,9,7,10,70
6.0,9,7,11,70
6.0,9,7,12,71
6.0,9,7,13,71
6.0,9,7,14,71
6.0,9,7,15,71
6.0,9,8,0,67
6.0,9,8,1,67
6.0,9,8,2,68
6.0,9,8,3,68
6.0,9,8,4,68
6.0,9,8,5,69
6.0,9,8,6,69
6.0,9,8,7,69
6.0,9,8,8,70
6.0,9,8,9,70
6.0,9,8,10,70
6.0,9,8,11,71
6.0,9,8,12,71
6.0,9,8,13,71
6.0,9,8,14,72
6.0,9,8,15,72
6.0,9,9,0,67
6.0,9,9,1,68
6.0,9,9,2,68
6.0,9,9,3,68
6.0,9,9,4,69
6.0,9,9,5,69
6.0,9,9,6,69
6.0,9,9,7,70
6.0,9,9,8,70
6.0,9,9,9,70
6.0,9,9,10,71
6.0,9,9,11,71
6.0,9,9,12,71
6.0,9,9,13,72
6.0,9,9,14,72
6.0,9,9,15,72
6.0,9,10,0,68
6.0,9,10,1,68
6.0,9,10,2,68
6.0,9,10,3,69
6.0,9,10,4,69
6.0,9,10,5,69
6.0,9,10,6,70
6.0,9,10,7,70
6.0,9,10,8,70
6.0,9,10,9,71
6.0,9,10,10,71
6.0,9,10,11,71
6.0,9,10,12,72
6.0,9,10,13,72
6.0,9,10,14,72
6.0,9,10,15,73
6.0,9,11,0,68
6.0,9,11,1,68
6.0,9,11,2,69
6.0,9,11,3,69
6.0,9,11,4,69
6.0,9,11,5,70
6.0,9,11,6,70
6.0,9,11,7,70
6.0,9,11,8,71
6.0,9,11,9,71
6.0,9,11,10,71
6.0,9,11,11,72
6.0,9,11,12,72
6.0,9,11,13,72
6.0,9,11,14,73
6.0,9,11,15,73
6.0,9,12,0,69
6.0,9,12,1,69
6.0,9,12,2,69
6.0,9,12,3,70
6.0,9,12,4,70
6.0,9,12,5,70
6.0,9,12,6,71
6.0,9,12,7,71
6.0,9,12,8,71
6.0,9,12,9,71
6.0,9,12,10,72
6.0,9,12,11,72
6.0,9,12,12,72
6.0,9,12,13,73
6.0,9,12,14,73
6.0,9,12,15,73
6.0,9,13,0,69
6.0,9,13,1,69
6.0,9,13,2,70
6.0,9,13,3,70
6.0,9,13,4,70
6.0,9,13,5,71
6.0,9,13,6,71
6.0,9,13,7,71
6.0,9,13,8,72
6.0,9,13,9,72
6.0,9,13,10,72
6.0,9,13,11,73
6.0,9,13,12,73
6.0,9,13,13,73
6.0,9,13,14,73
6.0,9,13,15,74
6.0,9,14,0,69
6.0,9,14,1,70
6.0,9,14,2,70
6.0,9,14,3,70
6.0,9,14,4,71
6.0,9,14,5,71
6.0,9,14,6,71
6.0,9,14,7,72
6.0,9,14,8,72
6.0,9,14,9,72
6.0,9,14,10,73
6.0,9,14,11,73
6.0,9,14,12,73
6.0,9,14,13,74
6.0,9,14,14,74
6.0,9,14,15,74
6.0,9,15,0,70
6.0,9,15,1,70
6.0,9,15,2,70
6.0,9,15,3,71
6.0,9,15,4,71
6.0,9,15,5,71
6.0,9,15,6,72
6.0,9,15,7,72
6.0,9,15,8,72
6.0,9,15,9,73
6.0,9,15,10,73
6.0,9,15,11,73
6.0,9,15,12,74
6.0,9,15,13,74
6.0,9,15,14,74
6.0,9,15,15,75
6.0,10,0,0,65
6.0,10,0,1,65
6.0,10,0,2,66
6.0,10,0,3,66
6.0,10,0,4,66
6.0,10,0,5,67
6.0,10,0,6,67
6.0,10,0,7,67
6.0,10,0,8,67
6.0,10,0,9,68
6.0,10,0,10,68
6.0,10,0,11,68
6.0,10,0,12,69
6.0,10,0,13,69
6.0,10,0,14,69
6.0,10,0,15,70
6.0,10,1,0,65
6.0,10,1,1,66
6.0,10,1,2,66
6.0,10,1,3,66
6.0,10,1,4,67
6.0,10,1,5,67
6.0,10,1,6,67
6.0,10,1,7,68
6.0,10,1,8,68
6.0,10,1,9,68
6.0,10,1,10,68
6.0,10,1,11,69
6.0,10,1,12,69
6.0,10,1,13,69
6.0,10,1,14,70
6.0,10,1,15,70
6.0,10,2,0,66
6.0,10,2,1,66
6.0,10,2,2,66
6.0,10,2,3,67
6.0,10,2,4,67
6.0,10,2,5,67
6.0,10,2,6,68
6.0,10,2,7,68
6.0,10,2,8,68
6.0,10,2,9,69
6.0,10,2,10,69
6.0,10,2,11,69
6.0,10,2,12,70
6.0,10,2,13,70
6.0,10,2,14,70
6.0,10,2,15,70
6.0,10,3,0,66
6.0,10,3,1,66
6.0,10,3,2,67
6.0,10,3,3,67
6.0,10,3,4,67
6.0,10,3,5,68
6.0,10,3,6,68
6.0,10,3,7,68
6.0,10,3,8,69
6.0,10,3,9,69
6.0,10,3,10,69
6.0,10,3,11,70
6.0,10,3,12,70
6.0,10,3,13,70
6.0,10,3,14,71
6.0,10,3,15,71
6.0,10,4,0,67
6.0,10,4,1,67
6.0,10,4,2,67
6.0,10,4,3,67
6.0,10,4,4,68
6.0,10,4,5,68
6.0,10,4,6,68
6.0,10,4,7,69
6.0,10,4,8,69
6.0,10,4,9,69
6.0,10,4,10,70
6.0,10,4,11,70
6.0,10,4,12,70
6.0,10,4,13,71
6.0,10,4,14,71
6.0,10,4,15,71
6.0,10,5,0,67
6.0,10,5,1,67
6.0,10,5,2,68
6.0,10,5,3,68
6.0,10,5,4,68
6.0,10,5,5,69
6.0,10,5,6,69
6.0,10,5,7,69
6.0,10,5,8,69
6.0,10,5,9,70
6.0,10,5,10,70
6.0,10,5,11,70
6.0,10,5,12,71
6.0,10,5,13,71
6.0,10,5,14,71
6.0,10,5,15,72
6.0,10,6,0,67
6.0,10,6,1,68
6.0,10,6,2,68
6.0,10,6,3,68
6.0,10,6,4,69
6.0,10,6,5,69
6.0,10,6,6,69
6.0,10,6,7,70
6.0,10,6,8,70
6.0,10,6,9,70
6.0,10,6,10,71
6.0,10,6,11,71
6.0,10,6,12,71
6.0,10,6,13,71
6.0,10,6,14,72
6.0,10,6,15,72
6.0,10,7,0,68
6.0,10,7,1,68
6.0,10,7,2,68
6.0,10,7,3,69
6.0,10,7,4,69
6.0,10,7,5,69
6.0,10,7,6,70
6.0,10,7,7,70
6.0,10,7,8,70
6.0,10,7,9,71
6.0,10,7,10,71
6.0,10,7,11,71
6.0,10,7,12,72
6.0,10,7,13,72
6.0,10,7,14,72
6.0,10,7,15,72
6.0,10,8,0,68
6.0,10,8,1,68
6.0,10,8,2,69
6.0,10,8,3,69
6.0,10,8,4,69
6.0,10,8,5,70
6.0,10,8,6,70
6.0,10,8,7,70
6.0,10,8,8,71
6.0,10,8,9,71
6.0,10,8,10,71
6.0,10,8,11,72
6.0,10,8,12,72
6.0,10,8,13,72
6.0,10,8,14,73
6.0,10,8,15,73
6.0,10,9,0,68
6.0,10,9,1,69
6.0,10,9,2,69
6.0,10,9,3,69
6.0,10,9,4,70
6.0,10,9,5,70
6.0,10,9,6,70
6.0,10,9,7,71
6.0,10,9,8,71
6.0,10,9,9,71
6.0,10,9,10,72
6.0,10,9,11,72
6.0,10,9,12,72
6.0,10,9,13,73
6.0,10,9,14,73
6.0,10,9,15,73
6.0,10,10,0,69
6.0,10,10,1,69
6.0,10,10,2,69
6.0,10,10,3,70
6.0,10,10,4,70
6.0,10,10,5,70
6.0,10,10,6,71
6.0,10,10,7,71
6.0,10,10,8,71
6.0,10,10,9,72
6.0,10,10,10,72
6.0,10,10,11,72
6.0,10,10,12,73
6.0,10,10,13,73
6.0,10,10,14,73
6.0,10,10,15,74
6.0,10,11,0,69
6.0,10,11,1,69
6.0,10,11,2,70
6.0,10,11,3,70
6.0,10,11,4,71
6.0,10,11,5,71
6.0,10,11,6,71
6.0,10,11,7,72
6.0,10,11,8,72
6.0,10,11,9,72
6.0,10,11,10,72
6.0,10,11,11,73
6.0,10,11,12,73
6.0,10,11,13,73
6.0,10,11,14,74
6.0,10,11,15,74
6.0,10,12,0,70
6.0,10,12,1,70
6.0,10,12,2,70
6.0,10,12,3,71
6.0,10,12,4,71
6.0,10,12,5,71
6.0,10,12,6,72
6.0,10,12,7,72
6.0,10,12,8,72
6.0,10,12,9,73
6.0,10,12,10,73
6.0,10,12,11,73
6.0,10,12,12,74
6.0,10,12,13,74
6.0,10,12,14,74
6.0,10,12,15,74
6.0,10,13,0,70
6.0,10,13,1,70
6.0,10,13,2,71
6.0,10,13,3,71
6.0,10,13,4,71
6.0,10,13,5,72
6.0,10,13,6,72
6.0,10,13,7,72
6.0,10,13,8,73
6.0,10,13,9,73
6.0,10,13,10,73
6.0,10,13,11,74
6.0,10,13,12,74
6.0,10,13,13,74
6.0,10,13,14,75
6.0,10,13,15,75
6.0,10,14,0,70
6.0,10,14,1,71
6.0,10,14,2,71
6.0,10,14,3,71
6.0,10,14,4,72
6.0,10,14,5,72
6.0,10,14,6,72
6.0,10,14,7,73
6.0,10,14,8,73
6.0,10,14,9,73
6.0,10,14,10,74
6.0,10,14,11,74
6.0,10,14,12,74
6.0,10,14,13,75
6.0,10,14,14,75
6.0,10,14,15,75
6.0,10,15,0,71
6.0,10,15,1,71
6.0,10,15,2,71
6.0,10,15,3,72
6.0,10,15,4,72
6.0,10,15,5,72
6.0,10,15,6,73
6.0,10,15,7,73
6.0,10,15,8,73
6.0,10,15,9,74
6.0,10,15,10,74
6.0,10,15,11,74
6.0,10,15,12,75
6.0,10,15,13,75
6.0,10,15,14,75
6.0,10,15,15,76
6.0,11,0,0,66
6.0,11,0,1,66
6.0,11,0,2,67
6.0,11,0,3,67
6.0,11,0,4,67
6.0,11,0,5,68
6.0,11,0,6,68
6.0,11,0,7,68
6.0,11,0,8,68
6.0,11,0,9,69
6.0,11,0,10,69
6.0,11,0,11,69
6.0,11,0,12,70
6.0,11,0,13,70
6.0,11,0,14,70
6.0,11,0,15,71
6.0,11,1,0,66
6.0,11,1,1,67
6.0,11,1,2,67
6.0,11,1,3,67
6.0,11,1,4,68
6.0,11,1,5,68
6.0,11,1,6,68
6.0,11,1,7,69
6.0,11,1,8,69
6.0,11,1,9,69
6.0,11,1,10,69
6.0,11,1,11,70
6.0,11,1,12,70
6.0,11,1,13,70
6.0,11,1,14,71
6.0,11,1,15,71
6.0,11,2,0,67
6.0,11,2,1,67
6.0,11,2,2,67
6.0,11,2,3,68
6.0,11,2,4,68
6.0,11,2,5,68
6.0,11,2,6,69
6.0,11,2,7,69
6.0,11,2,8,69
6.0,11,2,9,70
6.0,11,2,10,70
6.0,11,2,11,70
6.0,11,2,12,71
6.0,11,2,13,71
6.0,11,2,14,71
6.0,11,2,15,71
6.0,11,3,0,67
6.0,11,3,1,67
6.0,11,3,2,68
6.0,11,3,3,68
6.0,11,3,4,68
6.0,11,3,5,69
6.0,11,3,6,69
6.0,11,3,7,69
6.0,11,3,8,70
6.0,11,3,9,70
6.0,11,3,10,70
6.0,11,3,11,71
6.0,11,3,12,71
6.0,11,3,13,71
6.0,11,3,14,72
6.0,11,3,15,72
6.0,11,4,0,67
6.0,11,4,1,68
6.0,11,4,2,68
6.0,11,4,3,68
6.0,11,4,4,69
6.0,11,4,5,69
6.0,11,4,6,69
6.0,11,4,7,70
6.0,11,4,8,70
6.0,11,4,9,70
6.0,11,4,10,71
6.0,11,4,11,71
6.0,11,4,12,71
6.0,11,4,13,72
6.0,11,4,14,72
6.0,11,4,15,72
6.0,11,5,0,68
6.0,11,5,1,68
6.0,11,5,2,69
6.0,11,5,3,69
6.0,11,5,4,69
6.0,11,5,5,70
6.0,11,5,6,70
6.0,11,5,7,70
6.0,11,5,8,71
6.0,11,5,9,71
6.0,11,5,10,71
6.0,11,5,11,71
6.0,11,5,12,72
6.0,11,5,13,72
6.0,11,5,14,72
6.0,11,5,15,73
6.0,11,6,0,68
6.0,11,6,1,69
6.0,11,6,2,69
6.0,11,6,3,69
6.0,11,6,4,70
6.0,11,6,5,70
6.0,11,6,6,70
6.0,11,6,7,71
6.0,11,6,8,71
6.0,11,6,9,71
6.0,11,6,10,72
6.0,11,6,11,72
6.0,11,6,12,72
6.0,11,6,13,73
6.0,11,6,14,73
6.0,11,6,15,73
6.0,11,7,0,69
6.0,11,7,1,69
6.0,11,7,2,69
6.0,11,7,3,70
6.0,11,7,4,70
6.0,11,7,5,70
6.0,11,7,6,71
6.0,11,7,7,71
6.0,11,7,8,71
6.0,11,7,9,72
6.0,11,7,10,72
6.0,11,7,11,72
6.0,11,7,12,73
6.0,11,7,13,73
6.0,11,7,14,73
6.0,11,7,15,74
6.0,11,8,0,69
6.0,11,8,1,69
6.0,11,8,2,70
6.0,11,8,3,70
6.0,11,8,4,70
6.0,11,8,5,71
6.0,11,8,6,71
6.0,11,8,7,71
6.0,11,8,8,72
6.0,11,8,9,72
6.0,11,8,10,72
6.0,11,8,11,73
6.0,11,8,12,73
6.0,11,8,13,73
6.0,11,8,14,74
6.0,11,8,15,74
6.0,11,9,0,69
6.0,11,9,1,70
6.0,11,9,2,70
6.0,11,9,3,70
6.0,11,9,4,71
6.0,11,9,5,71
6.0,11,9,6,71
6.0,11,9,7,72
6.0,11,9,8,72
6.0,11,9,9,72
6.0,11,9,10,73
6.0,11,9,11,73
6.0,11,9,12,73
6.0,11,9,13,74
6.0,11,9,14,74
6.0,11,9,15,74
6.0,11,10,0,70
6.0,11,10,1,70
6.0,11,10,2,70
6.0,11,10,3,71
6.0,11,10,4,71
6.0,11,10,5,71
6.0,11,10,6,72
6.0,11,10,7,72
6.0,11,10,8,72
6.0,11,10,9,73
6.0,11,10,10,73
6.0,11,10,11,73
6.0,11,10,12,74
6.0,11,10,13,74
6.0,11,10,14,74
6.0,11,10,15,75
6.0,11,11,0,70
6.0,11,11,1,71
6.0,11,11,2,71
6.0,11,11,3,71
6.0,11,11,4,72
6.0,11,11,5,72
6.0,11,11,6,72
6.0,11,11,7,73
6.0,11,11,8,73
6.0,11,11,9,73
6.0,11,11,10,74
6.0,11,11,11,74
6.0,11,11,12,74
6.0,11,11,13,75
6.0,11,11,14,75
6.0,11,11,15,75
6.0,11,12,0,71
6.0,11,12,1,71
6.0,11,12,2,71
6.0,11,12,3,72
6.0,11,12,4,72
6.0,11,12,5,72
6.0,11,12,6,73
6.0,11,12,7,73
6.0,11,12,8,73
6.0,11,12,9,74
6.0,11,12,10,74
6.0,11,12,11,74
6.0,11,12,12,75
6.0,11,12,13,75
6.0,11,12,14,75
6.0,11,12,15,76
6.0,11,13,0,71
6.0,11,13,1,71
6.0,11,13,2,72
6.0,11,13,3,72
6.0,11,13,4,72
6.0,11,13,5,73
6.0,11,13,6,73
6.0,11,13,7,73
6.0,11,13,8,74
6.0,11,13,9,74
6.0,11,13,10,74
6.0,11,13,11,75
6.0,11,13,12,75
6.0,11,13,13,75
6.0,11,13,14,76
6.0,11,13,15,76
6.0,11,14,0,71
6.0,11,14,1,72
6.0,11,14,2,72
6.0,11,14,3,72
6.0,11,14,4,73
6.0,11,14,5,73
6.0,11,14,6,73
6.0,11,14,7,74
6.0,11,14,8,74
6.0,11,14,9,74
6.0,11,14,10,75
6.0,11,14,11,75
6.0,11,14,12,75
6.0,11,14,13,76
6.0,11,14,14,76
6.0,11,14,15,76
6.0,11,15,0,72
6.0,11,15,1,72
6.0,11,15,2,72
6.0,11,15,3,73
6.0,11,15,4,73
6.0,11,15,5,73
6.0,11,15,6,74
6.0,11,15,7,74
6.0,11,15,8,74
6.0,11,15,9,75
6.0,11,15,10,75
6.0,11,15,11,75
6.0,11,15,12,76
6.0,11,15,13,76
6.0,11,15,14,76
6.0,11,15,15,77
6.0,12,0,0,67
6.0,12,0,1,67
6.0,12,0,2,68
6.0,12,0,3,68
6.0,12,0,4,68
6.0,12,0,5,68
6.0,12,0,6,69
6.0,12,0,7,69
6.0,12,0,8,69
6.0,12,0,9,70
6.0,12,0,10,70
6.0,12,0,11,70
6.0,12,0,12,71
6.0,12,0,13,71
6.0,12,0,14,71
6.0,12,0,15,72
6.0,12,1,0,67
6.0,12,1,1,68
6.0,12,1,2,68
6.0,12,1,3,68
6.0,12,1,4,69
6.0,12,1,5,69
6.0,12,1,6,69
6.0,12,1,7,70
6.0,12,1,8,70
6.0,12,1,9,70
6.0,12,1,10,70
6.0,12,1,11,71
6.0,12,1,12,71
6.0,12,1,13,71
6.0,12,1,14,72
6.0,12,1,15,72
6.0,12,2,0,68
6.0,12,2,1,68
6.0,12,2,2,68
6.0,12,2,3,69
6.0,12,2,4,69
6.0,12,2,5,69
6.0,12,2,6,70
6.0,12,2,7,70
6.0,12,2,8,70
6.0,12,2,9,71
6.0,12,2,10,71
6.0,12,2,11,71
6.0,12,2,12,72
6.0,12,2,13,72
6.0,12,2,14,72
6.0,12,2,15,72
6.0,12,3,0,68
6.0,12,3,1,68
6.0,12,3,2,69
6.0,12,3,3,69
6.0,12,3,4,69
6.0,12,3,5,70
6.0,12,3,6,70
6.0,12,3,7,70
6.0,12,3,8,71
6.0,12,3,9,71
6.0,12,3,10,71
6.0,12,3,11,72
6.0,12,3,12,72
6.0,12,3,13,72
6.0,12,3,14,73
6.0,12,3,15,73
6.0,12,4,0,68
6.0,12,4,1,69
6.0,12,4,2,69
6.0,12,4,3,69
6.0,12,4,4,70
6.0,12,4,5,70
6.0,12,4,6,70
6.0,12,4,7,71
6.0,12,4,8,71
6.0,12,4,9,71
6.0,12,4,10,72
6.0,12,4,11,72
6.0,12,4,12,72
6.0,12,4,13,73
6.0,12,4,14,73
6.0,12,4,15,73
6.0,12,5,0,69
6.0,12,5,1,69
6.0,12,5,2,70
6.0,12,5,3,70
6.0,12,5,4,70
6.0,12,5,5,71
6.0,12,5,6,71
6.0,12,5,7,71
6.0,12,5,8,72
6.0,12,5,9,72
6.0,12,5,10,72
6.0,12,5,11,72
6.0,12,5,12,73
6.0,12,5,13,73
6.0,12,5,14,73
6.0,12,5,15,74
6.0,12,6,0,69
6.0,12,6,1,70
6.0,12,6,2,70
6.0,12,6,3,70
6.0,12,6,4,71
6.0,12,6,5,71
6.0,12,6,6,71
6.0,12,6,7,72
6.0,12,6,8,72
6.0,12,6,9,72
6.0,12,6,10,73
6.0,12,6,11,73
6.0,12,6,12,73
6.0,12,6,13,74
6.0,12,6,14,74
6.0,12,6,15,74
6.0,12,7,0,70
6.0,12,7,1,70
6.0,12,7,2,70
6.0,12,7,3,71
6.0,12,7,4,71
6.0,12,7,5,71
6.0,12,7,6,72
6.0,12,7,7,72
6.0,12,7,8,72
6.0,12,7,9,73
6.0,12,7,10,73
6.0,12,7,11,73
6.0,12,7,12,74
6.0,12,7,13,74
6.0,12,7,14,74
6.0,12,7,15,75
6.0,12,8,0,70
6.0,12,8,1,70
6.0,12,8,2,71
6.0,12,8,3,71
6.0,12,8,4,71
6.0,12,8,5,72
6.0,12,8,6,72
6.0,12,8,7,72
6.0,12,8,8,73
6.0,12,8,9,73
6.0,12,8,10,73
6.0,12,8,11,74
6.0,12,8,12,74
6.0,12,8,13,74
6.0,12,8,14,75
6.0,12,8,15,75
6.0,12,9,0,70
6.0,12,9,1,71
6.0,12,9,2,71
6.0,12,9,3,71
6.0,12,9,4,72
6.0,12,9,5,72
6.0,12,9,6,72
6.0,12,9,7,73
6.0,12,9,8,73
6.0,12,9,9,73
6.0,12,9,10,74
6.0,12,9,11,74
6.0,12,9,12,74
6.0,12,9,13,75
6.0,12,9,14,75
6.0,12,9,15,75
6.0,12,10,0,71
6.0,12,10,1,71
6.0,12,10,2,71
6.0,12,10,3,72
6.0,12,10,4,72
6.0,12,10,5,73
6.0,12,10,6,73
6.0,12,10,7,73
6.0,12,10,8,74
6.0,12,10,9,74
6.0,12,10,10,74
6.0,12,10,11,75
6.0,12,10,12,75
6.0,12,10,13,75
6.0,12,10,14,76
6.0,12,10,15,76
6.0,12,11,0,71
6.0,12,11,1,72
6.0,12,11,2,72
6.0,12,11,3,72
6.0,12,11,4,73
6.0,12,11,5,73
6.0,12,11,6,73
6.0,12,11,7,74
6.0,12,11,8,74
6.0,12,11,9,74
6.0,12,11,10,75
6.0,12,11,11,75
6.0,12,11,12,75
6.0,12,11,13,76
6.0,12,11,14,76
6.0,12,11,15,76
6.0,12,12,0,72
6.0,12,12,1,72
6.0,12,12,2,72
6.0,12,12,3,73
6.0,12,12,4,73
6.0,12,12,5,73
6.0,12,12,6,74
6.0,12,12,7,74
6.0,12,12,8,74
6.0,12,12,9,75
6.0,12,12,10,75
6.0,12,12,11,75
6.0,12,12,12,76
6.0,12,12,13,76
6.0,12,12,14,76
6.0,12,12,15,77
6.0,12,13,0,72
6.0,12,13,1,72
6.0,12,13,2,73
6.0,12,13,3,73
6.0,12,13,4,73
6.0,12,13,5,74
6.0,12,13,6,74
6.0,12,13,7,74
6.0,12,13,8,75
6.0,12,13,9,75
6.0,12,13,10,75
6.0,12,13,11,76
6.0,12,13,12,76
6.0,12,13,13,76
6.0,12,13,14,77
6.0,12,13,15,77
6.0,12,14,0,72
6.0,12,14,1,73
6.0,12,14,2,73
6.0,12,14,3,73
6.0,12,14,4,74
6.0,12,14,5,74
6.0,12,14,6,74
6.0,12,14,7,75
6.0,12,14,8,75
6.0,12,14,9,75
6.0,12,14,10,76
6.0,12,14,11,76
6.0,12,14,12,76
6.0,12,14,13,77
6.0,12,14,14,77
6.0,12,14,15,77
6.0,12,15,0,73
6.0,12,15,1,73
6.0,12,15,2,73
6.0,12,15,3,74
6.0,12,15,4,74
6.0,12,15,5,74
6.0,12,15,6,75
6.0,12,15,7,75
6.0,12,15,8,76
6.0,12,15,9,76
6.0,12,15,10,76
6.0,12,15,11,77
6.0,12,15,12,77
6.0,12,15,13,77
6.0,12,15,14,78
6.0,12,15,15,78
6.0,13,0,0,68
6.0,13,0,1,68
6.0,13,0,2,68
6.0,13,0,3,69
6.0,13,0,4,69
6.0,13,0,5,69
6.0,13,0,6,70
6.0,13,0,7,70
6.0,13,0,8,70
6.0,13,0,9,71
6.0,13,0,10,71
6.0,13,0,11,71
6.0,13,0,12,72
6.0,13,0,13,72
6.0,13,0,14,72
6.0,13,0,15,73
6.0,13,1,0,68
6.0,13,1,1,69
6.0,13,1,2,69
6.0,13,1,3,69
6.0,13,1,4,70
6.0,13,1,5,70
6.0,13,1,6,70
6.0,13,1,7,71
6.0,13,1,8,71
6.0,13,1,9,71
6.0,13,1,10,71
6.0,13,1,11,72
6.0,13,1,12,72
6.0,13,1,13,72
6.0,13,1,14,73
6.0,13,1,15,73
6.0,13,2,0,69
6.0,13,2,1,69
6.0,13,2,2,69
6.0,13,2,3,70
6.0,13,2,4,70
6.0,13,2,5,70
6.0,13,2,6,71
6.0,13,2,7,71
6.0,13,2,8,71
6.0,13,2,9,72
6.0,13,2,10,72
6.0,13,2,11,72
6.0,13,2,12,73
6.0,13,2,13,73
6.0,13,2,14,73
6.0,13,2,15,74
6.0,13,3,0,69
6.0,13,3,1,69
6.0,13,3,2,70
6.0,13,3,3,70
6.0,13,3,4,70
6.0,13,3,5,71
6.0,13,3,6,71
6.0,13,3,7,71
6.0,13,3,8,72
6.0,13,3,9,72
6.0,13,3,10,72
6.0,13,3,11,73
6.0,13,3,12,73
6.0,13,3,13,73
6.0,13,3,14,74
6.0,13,3,15,74
6.0,13,4,0,69
6.0,13,4,1,70
6.0,13,4,2,70
6.0,13,4,3,70
6.0,13,4,4,71
6.0,13,4,5,71
6.0,13,4,6,71
6.0,13,4,7,72
6.0,13,4,8,72
6.0,13,4,9,72
6.0,13,4,10,73
6.0,13,4,11,73
6.0,13,4,12,73
6.0,13,4,13,74
6.0,13,4,14,74
6.0,13,4,15,74
6.0,13,5,0,70
6.0,13,5,1,70
6.0,13,5,2,71
6.0,13,5,3,71
6.0,13,5,4,71
6.0,13,5,5,72
6.0,13,5,6,72
6.0,13,5,7,72
6.0,13,5,8,73
6.0,13,5,9,73
6.0,13,5,10,73
6.0,13,5,11,74
6.0,13,5,12,74
6.0,13,5,13,74
6.0,13,5,14,74
6.0,13,5,15,75
6.0,13,6,0,70
6.0,13,6,1,71
6.0,13,6,2,71
6.0,13,6,3,71
6.0,13,6,4,72
6.0,13,6,5,72
6.0,13,6,6,72
6.0,13,6,7,73
6.0,13,6,8,73
6.0,13,6,9,73
6.0,13,6,10,74
6.0,13,6,11,74
6.0,13,6,12,74
6.0,13,6,13,75
6.0,13,6,14,75
6.0,13,6,15,75
6.0,13,7,0,71
6.0,13,7,1,71
6.0,13,7,2,71
6.0,13,7,3,72
6.0,13,7,4,72
6.0,13,7,5,72
6.0,13,7,6,73
6.0,13,7,7,73
6.0,13,7,8,73
6.0,13,7,9,74
6.0,13,7,10,74
6.0,13,7,11,74
6.0,13,7,12,75
6.0,13,7,13,75
6.0,13,7,14,75
6.0,13,7,15,76
6.0,13,8,0,71
6.0,13,8,1,71
6.0,13,8,2,72
6.0,13,8,3,72
6.0,13,8,4,72
6.0,13,8,5,73
6.0,13,8,6,73
6.0,13,8,7,73
6.0,13,8,8,74
6.0,13,8,9,74
6.0,13,8,10,74
6.0,13,8,11,75
6.0,13,8,12,75
6.0,13,8,13,75
6.0,13,8,14,76
6.0,13,8,15,76
6.0,13,9,0,71
6.0,13,9,1,72
6.0,13,9,2,72
6.0,13,9,3,72
6.0,13,9,4,73
6.0,13,9,5,73
6.0,13,9,6,73
6.0,13,9,7,74
6.0,13,9,8,74
6.0,13,9,9,75
6.0,13,9,10,75
6.0,13,9,11,75
6.0,13,9,12,76
6.0,13,9,13,76
6.0,13,9,14,76
6.0,13,9,15,77
6.0,13,10,0,72
6.0,13,10,1,72
6.0,13,10,2,73
6.0,13,10,3,73
6.0,13,10,4,73
6.0,13,10,5,74
6.0,13,10,6,74
6.0,13,10,7,74
6.0,13,10,8,75
6.0,13,10,9,75
6.0,13,10,10,75
6.0,13,10,11,76
6.0,13,10,12,76
6.0,13,10,13,76
6.0,13,10,14,77
6.0,13,10,15,77
6.0,13,11,0,72
6.0,13,11,1,73
6.0,13,11,2,73
6.0,13,11,3,73
6.0,13,11,4,74
6.0,13,11,5,74
6.0,13,11,6,74
6.0,13,11,7,75
6.0,13,11,8,75
6.0,13,11,9,75
6.0,13,11,10,76
6.0,13,11,11,76
6.0,13,11,12,76
6.0,13,11,13,77
6.0,13,11,14,77
6.0,13,11,15,77
6.0,13,12,0,73
6.0,13,12,1,73
6.0,13,12,2,73
6.0,13,12,3,74
6.0,13,12,4,74
6.0,13,12,5,74
6.0,13,12,6,75
6.0,13,12,7,75
6.0,13,12,8,75
6.0,13,12,9,76
6.0,13,12,10,76
6.0,13,12,11,76
6.0,13,12,12,77
6.0,13,12,13,77
6.0,13,12,14,77
6.0,13,12,15,78
6.0,13,13,0,73
6.0,13,13,1,73
6.0,13,13,2,74
6.0,13,13,3,74
6.0,13,13,4,74
6.0,13,13,5,75
6.0,13,13,6,75
6.0,13,13,7,75
6.0,13,13,8,76
6.0,13,13,9,76
6.0,13,13,10,76
6.0,13,13,11,77
6.0,13,13,12,77
6.0,13,13,13,77
6.0,13,13,14,78
6.0,13,13,15,78
6.0,13,14,0,73
6.0,13,14,1,74
6.0,13,14,2,74
6.0,13,14,3,74
6.0,13,14,4,75
6.0,13,14,5,75
6.0,13,14,6,75
6.0,13,14,7,76
6.0,13,14,8,76
6.0,13,14,9,77
6.0,13,14,10,77
6.0,13,14,11,77
6.0,13,14,12,78
6.0,13,14,13,78
6.0,13,14,14,78
6.0,13,14,15,79
6.0,13,15,0,74
6.0,13,15,1,74
6.0,13,15,2,74
6.0,13,15,3,75
6.0,13,15,4,75
6.0,13,15,5,76
6.0,13,15,6,76
6.0,13,15,7,76
6.0,13,15,8,77
6.0,13,15,9,77
6.0,13,15,10,77
6.0,13,15,11,78
6.0,13,15,12,78
6.0,13,15,13,78
6.0,13,15,14,79
6.0,13,15,15,79
6.0,14,0,0,69
6.0,14,0,1,69
6.0,14,0,2,69
6.0,14,0,3,70
6.0,14,0,4,70
6.0,14,0,5,70
6.0,14,0,6,71
6.0,14,0,7,71
6.0,14,0,8,71
6.0,14,0,9,72
6.0,14,0,10,72
6.0,14,0,11,72
6.0,14,0,12,73
6.0,14,0,13,73
6.0,14,0,14,73
6.0,14,0,15,74
6.0,14,1,0,69
6.0,14,1,1,70
6.0,14,1,2,70
6.0,14,1,3,70
6.0,14,1,4,71
6.0,14,1,5,71
6.0,14,1,6,71
6.0,14,1,7,72
6.0,14,1,8,72
6.0,14,1,9,72
6.0,14,1,10,72
6.0,14,1,11,73
6.0,14,1,12,73
6.0,14,1,13,73
6.0,14,1,14,74
6.0,14,1,15,74
6.0,14,2,0,70
6.0,14,2,1,70
6.0,14,2,2,70
6.0,14,2,3,71
6.0,14,2,4,71
6.0,14,2,5,71
6.0,14,2,6,72
6.0,14,2,7,72
6.0,14,2,8,72
6.0,14,2,9,73
6.0,14,2,10,73
6.0,14,2,11,73
6.0,14,2,12,74
6.0,14,2,13,74
6.0,14,2,14,74
6.0,14,2,15,75
6.0,14,3,0,70
6.0,14,3,1,70
6.0,14,3,2,71
6.0,14,3,3,71
6.0,14,3,4,71
6.0,14,3,5,72
6.0,14,3,6,72
6.0,14,3,7,72
6.0,14,3,8,73
6.0,14,3,9,73
6.0,14,3,10,73
6.0,14,3,11,74
6.0,14,3,12,74
6.0,14,3,13,74
6.0,14,3,14,75
6.0,14,3,15,75
6.0,14,4,0,70
6.0,14,4,1,71
6.0,14,4,2,71
6.0,14,4,3,71
6.0,14,4,4,72
6.0,14,4,5,72
6.0,14,4,6,72
6.0,14,4,7,73
6.0,14,4,8,73
6.0,14,4,9,73
6.0,14,4,10,74
6.0,14,4,11,74
6.0,14,4,12,74
6.0,14,4,13,75
6.0,14,4,14,75
6.0,14,4,15,75
6.0,14,5,0,71
6.0,14,5,1,71
6.0,14,5,2,71
6.0,14,5,3,72
6.0,14,5,4,72
6.0,14,5,5,73
6.0,14,5,6,73
6.0,14,5,7,73
6.0,14,5,8,74
6.0,14,5,9,74
6.0,14,5,10,74
6.0,14,5,11,75
6.0,14,5,12,75
6.0,14,5,13,75
6.0,14,5,14,76
6.0,14,5,15,76
6.0,14,6,0,71
6.0,14,6,1,72
6.0,14,6,2,72
6.0,14,6,3,72
6.0,14,6,4,73
6.0,14,6,5,73
6.0,14,6,6,73
6.0,14,6,7,74
6.0,14,6,8,74
6.0,14,6,9,74
6.0,14,6,10,75
6.0,14,6,11,75
6.0,14,6,12,75
6.0,14,6,13,76
6.0,14,6,14,76
6.0,14,6,15,76
6.0,14,7,0,72
6.0,14,7,1,72
6.0,14,7,2,72
6.0,14,7,3,73
6.0,14,7,4,73
6.0,14,7,5,73
6.0,14,7,6,74
6.0,14,7,7,74
6.0,14,7,8,74
6.0,14,7,9,75
6.0,14,7,10,75
6.0,14,7,11,75
6.0,14,7,12,76
6.0,14,7,13,76
6.0,14,7,14,76
6.0,14,7,15,77
6.0,14,8,0,72
6.0,14,8,1,72
6.0,14,8,2,73
6.0,14,8,3,73
6.0,14,8,4,73
6.0,14,8,5,74
6.0,14,8,6,74
6.0,14,8,7,74
6.0,14,8,8,75
6.0,14,8,9,75
6.0,14,8,10,75
6.0,14,8,11,76
6.0,14,8,12,76
6.0,14,8,13,76
6.0,14,8,14,77
6.0,14,8,15,77
6.0,14,9,0,72
6.0,14,9,1,73
6.0,14,9,2,73
6.0,14,9,3,73
6.0,14,9,4,74
6.0,14,9,5,74
6.0,14,9,6,75
6.0,14,9,7,75
6.0,14,9,8,75
6.0,14,9,9,76
6.0,14,9,10,76
6.0,14,9,11,76
6.0,14,9,12,77
6.0,14,9,13,77
6.0,14,9,14,77
6.0,14,9,15,78
6.0,14,10,0,73
6.0,14,10,1,73
6.0,14,10,2,74
6.0,14,10,3,74
6.0,14,10,4,74
6.0,14,10,5,75
6.0,14,10,6,75
6.0,14,10,7,75
6.0,14,10,8,76
6.0,14,10,9,76
6.0,14,10,10,76
6.0,14,10,11,77
6.0,14,10,12,77
6.0,14,10,13,77
6.0,14,10,14,78
6.0,14,10,15,78
6.0,14,11,0,73
6.0,14,11,1,74
6.0,14,11,2,74
6.0,14,11,3,74
6.0,14,11,4,75
6.0,14,11,5,75
6.0,14,11,6,75
6.0,14,11,7,76
6.0,14,11,8,76
6.0,14,11,9,76
6.0,14,11,10,77
6.0,14,11,11,77
6.0,14,11,12,77
6.0,14,11,13,78
6.0,14,11,14,78
6.0,14,11,15,78
6.0,14,12,0,74
6.0,14,12,1,74
6.0,14,12,2,74
6.0,14,12,3,75
6.0,14,12,4,75
6.0,14,12,5,75
6.0,14,12,6,76
6.0,14,12,7,76
6.0,14,12,8,76
6.0,14,12,9,77
6.0,14,12,10,77
6.0,14,12,11,77
6.0,14,12,12,78
6.0,14,12,13,78
6.0,14,12,14,79
6.0,14,12,15,79
6.0,14,13,0,74
6.0,14,13,1,74
6.0,14,13,2,75
6.0,14,13,3,75
6.0,14,13,4,75
6.0,14,13,5,76
6.0,14,13,6,76
6.0,14,13,7,76
6.0,14,13,8,77
6.0,14,13,9,77
6.0,14,13,10,78
6.0,14,13,11,78
6.0,14,13,12,78
6.0,14,13,13,79
6.0,14,13,14,79
6.0,14,13,15,79
6.0,14,14,0,74
6.0,14,14,1,75
6.0,14,14,2,75
6.0,14,14,3,75
6.0,14,14,4,76
6.0,14,14,5,76
6.0,14,14,6,77
6.0,14,14,7,77
6.0,14,14,8,77
6.0,14,14,9,78
6.0,14,14,10,78
6.0,14,14,11,78
6.0,14,14,12,79
6.0,14,14,13,79
6.0,14,14,14,79
6.0,14,14,15,80
6.0,14,15,0,75
6.0,14,15,1,75
6.0,14,15,2,75
6.0,14,15,3,76
6.0,14,15,4,76
6.0,14,15,5,77
6.0,14,15,6,77
6.0,14,15,7,77
6.0,14,15,8,78
6.0,14,15,9,78
6.0,14,15,10,78
6.0,14,15,11,79
6.0,14,15,12,79
6.0,14,15,13,79
6.0,14,15,14,80
6.0,14,15,15,80
6.0,15,0,0,70
6.0,15,0,1,70
6.0,15,0,2,70
6.0,15,0,3,71
6.0,15,0,4,71
6.0,15,0,5,71
6.0,15,0,6,72
6.0,15,0,7,72
6.0,15,0,8,72
6.0,15,0,9,73
6.0,15,0,10,73
6.0,15,0,11,73
6.0,15,0,12,74
6.0,15,0,13,74
6.0,15,0,14,74
6.0,15,0,15,75
6.0,15,1,0,70
6.0,15,1,1,70
6.0,15,1,2,71
6.0,15,1,3,71
6.0,15,1,4,71
6.0,15,1,5,72
6.0,15,1,6,72
6.0,15,1,7,73
6.0,15,1,8,73
6.0,15,1,9,73
6.0,15,1,10,73
6.0,15,1,11,74
6.0,15,1,12,74
6.0,15,1,13,74
6.0,15,1,14,75
6.0,15,1,15,75
6.0,15,2,0,71
6.0,15,2,1,71
6.0,15,2,2,71
6.0,15,2,3,72
6.0,15,2,4,72
6.0,15,2,5,72
6.0,15,2,6,73
6.0,15,2,7,73
6.0,15,2,8,73
6.0,15,2,9,74
6.0,15,2,10,74
6.0,15,2,11,74
6.0,15,2,12,75
6.0,15,2,13,75
6.0,15,2,14,75
6.0,15,2,15,76
6.0,15,3,0,71
6.0,15,3,1,71
6.0,15,3,2,72
6.0,15,3,3,72
6.0,15,3,4,72
6.0,15,3,5,73
6.0,15,3,6,73
6.0,15,3,7,73
6.0,15,3,8,74
6.0,15,3,9,74
6.0,15,3,10,74
6.0,15,3,11,75
6.0,15,3,12,75
6.0,15,3,13,75
6.0,15,3,14,76
6.0,15,3,15,76
6.0,15,4,0,71
6.0,15,4,1,72
6.0,15,4,2,72
6.0,15,4,3,72
6.0,15,4,4,73
6.0,15,4,5,73
6.0,15,4,6,73
6.0,15,4,7,74
6.0,15,4,8,74
6.0,15,4,9,74
6.0,15,4,10,75
6.0,15,4,11,75
6.0,15,4,12,75
6.0,15,4,13,76
6.0,15,4,14,76
6.0,15,4,15,76
6.0,15,5,0,72
6.0,15,5,1,72
6.0,15,5,2,72
6.0,15,5,3,73
6.0,15,5,4,73
6.0,15,5,5,74
6.0,15,5,6,74
6.0,15,5,7,74
6.0,15,5,8,75
6.0,15,5,9,75
6.0,15,5,10,75
6.0,15,5,11,76
6.0,15,5,12,76
6.0,15,5,13,76
6.0,15,5,14,77
6.0,15,5,15,77
6.0,15,6,0,72
6.0,15,6,1,73
6.0,15,6,2,73
6.0,15,6,3,73
6.0,15,6,4,74
6.0,15,6,5,74
6.0,15,6,6,74
6.0,15,6,7,75
6.0,15,6,8,75
6.0,15,6,9,75
6.0,15,6,10,76
6.0,15,6,11,76
6.0,15,6,12,76
6.0,15,6,13,77
6.0,15,6,14,77
6.0,15,6,15,77
6.0,15,7,0,73
6.0,15,7,1,73
6.0,15,7,2,73
6.0,15,7,3,74
6.0,15,7,4,74
6.0,15,7,5,74
6.0,15,7,6,75
6.0,15,7,7,75
6.0,15,7,8,75
6.0,15,7,9,76
6.0,15,7,10,76
6.0,15,7,11,76
6.0,15,7,12,77
6.0,15,7,13,77
6.0,15,7,14,77
6.0,15,7,15,78
6.0,15,8,0,73
6.0,15,8,1,73
6.0,15,8,2,74
6.0,15,8,3,74
6.0,15,8,4,74
6.0,15,8,5,75
6.0,15,8,6,75
6.0,15,8,7,75
6.0,15,8,8,76
6.0,15,8,9,76
6.0,15,8,10,77
6.0,15,8,11,77
6.0,15,8,12,77
6.0,15,8,13,78
6.0,15,8,14,78
6.0,15,8,15,78
6.0,15,9,0,73
6.0,15,9,1,74
6.0,15,9,2,74
6.0,15,9,3,74
6.0,15,9,4,75
6.0,15,9,5,75
6.0,15,9,6,76
6.0,15,9,7,76
6.0,15,9,8,76
6.0,15,9,9,77
6.0,15,9,10,77
6.0,15,9,11,77
6.0,15,9,12,78
6.0,15,9,13,78
6.0,15,9,14,78
6.0,15,9,15,79
6.0,15,10,0,74
6.0,15,10,1,74
6.0,15,10,2,75
6.0,15,10,3,75
6.0,15,10,4,75
6.0,15,10,5,76
6.0,15,10,6,76
6.0,15,10,7,76
6.0,15,10,8,77
6.0,15,10,9,77
6.0,15,10,10,77
6.0,15,10,11,78
6.0,15,10,12,78
6.0,15,10,13,78
6.0,15,10,14,79
6.0,15,10,15,79
6.0,15,11,0,74
6.0,15,11,1,75
6.0,15,11,2,75
6.0,15,11,3,75
6.0,15,11,4,76
6.0,15,11,5,76
6.0,15,11,6,76
6.0,15,11,7,77
6.0,15,11,8,77
6.0,15,11,9,77
6.0,15,11,10,78
6.0,15,11,11,78
6.0,15,11,12,78
6.0,15,11,13,79
6.0,15,11,14,79
6.0,15,11,15,80
6.0,15,12,0,75
6.0,15,12,1,75
6.0,15,12,2,75
6.0,15,12,3,76
6.0,15,12,4,76
6.0,15,12,5,76
6.0,15,12,6,77
6.0,15,12,7,77
6.0,15,12,8,77
6.0,15,12,9,78
6.0,15,12,10,78
6.0,15,12,11,79
6.0,15,12,12,79
6.0,15,12,13,79
6.0,15,12,14,80
6.0,15,12,15,80
6.0,15,13,0,75
6.0,15,13,1,75
6.0,15,13,2,76
6.0,15,13,3,76
6.0,15,13,4,76
6.0,15,13,5,77
6.0,15,13,6,77
6.0,15,13,7,78
6.0,15,13,8,78
6.0,15,13,9,78
6.0,15,13,10,79
6.0,15,13,11,79
6.0,15,13,12,79
6.0,15,13,13,80
6.0,15,13,14,80
6.0,15,13,15,80
6.0,15,14,0,75
6.0,15,14,1,76
6.0,15,14,2,76
6.0,15,14,3,76
6.0,15,14,4,77
6.0,15,14,5,77
6.0,15,14,6,78
6.0,15,14,7,78
6.0,15,14,8,78
6.0,15,14,9,79
6.0,15,14,10,79
6.0,15,14,11,79
6.0,15,14,12,80
6.0,15,14,13,80
6.0,15,14,14,80
6.0,15,14,15,81
6.0,15,15,0,76
6.0,15,15,1,76
6.0,15,15,2,77
6.0,15,15,3,77
6.0,15,15,4,77
6.0,15,15,5,78
6.0,15,15,6,78
6.0,15,15,7,78
6.0,15,15,8,79
6.0,15,15,9,79
6.0,15,15,10,79
6.0,15,15,11,80
6.0,15,15,12,80
6.0,15,15,13,80
6.0,15,15,14,81
6.0,15,15,15,81
6.5,0,0,0,61
6.5,0,0,1,61
6.5,0,0,2,61
6.5,0,0,3,61
6.5,0,0,4,62
6.5,0,0,5,62
6.5,0,0,6,62
6.5,0,0,7,63
6.5,0,0,8,63
6.5,0,0,9,63
6.5,0,0,10,64
6.5,0,0,11,64
6.5,0,0,12,64
6.5,0,0,13,64
6.5,0,0,14,65
6.5,0,0,15,65
6.5,0,1,0,61
6.5,0,1,1,61
6.5,0,1,2,62
6.5,0,1,3,62
6.5,0,1,4,62
6.5,0,1,5,62
6.5,0,1,6,63
6.5,0,1,7,63
6.5,0,1,8,63
6.5,0,1,9,64
6.5,0,1,10,64
6.5,0,1,11,64
6.5,0,1,12,64
6.5,0,1,13,65
6.5,0,1,14,65
6.5,0,1,15,65
6.5,0,2,0,61
6.5,0,2,1,62
6.5,0,2,2,62
6.5,0,2,3,62
6.5,0,2,4,63
6.5,0,2,5,63
6.5,0,2,6,63
6.5,0,2,7,63
6.5,0,2,8,64
6.5,0,2,9,64
6.5,0,2,10,64
6.5,0,2,11,65
6.5,0,2,12,65
6.5,0,2,13,65
6.5,0,2,14,65
6.5,0,2,15,66
6.5,0,3,0,62
6.5,0,3,1,62
6.5,0,3,2,62
6.5,0,3,3,63
6.5,0,3,4,63
6.5,0,3,5,63
6.5,0,3,6,63
6.5,0,3,7,64
6.5,0,3,8,64
6.5,0,3,9,64
6.5,0,3,10,65
6.5,0,3,11,65
6.5,0,3,12,65
6.5,0,3,13,66
6.5,0,3,14,66
6.5,0,3,15,66
6.5,0,4,0,62
6.5,0,4,1,62
6.5,0,4,2,63
6.5,0,4,3,63
6.5,0,4,4,63
6.5,0,4,5,64
6.5,0,4,6,64
6.5,0,4,7,64
6.5,0,4,8,64
6.5,0,4,9,65
6.5,0,4,10,65
6.5,0,4,11,65
6.5,0,4,12,66
6.5,0,4,13,66
6.5,0,4,14,66
6.5,0,4,15,66
6.5,0,5,0,62
6.5,0,5,1,63
6.5,0,5,2,63
6.5,0,5,3,63
6.5,0,5,4,64
6.5,0,5,5,64
6.5,0,5,6,64
6.5,0,5,7,65
6.5,0,5,8,65
6.5,0,5,9,65
6.5,0,5,10,65
6.5,0,5,11,66
6.5,0,5,12,66
6.5,0,5,13,66
6.5,0,5,14,67
6.5,0,5,15,67
6.5,0,6,0,63
6.5,0,6,1,63
6.5,0,6,2,63
6.5,0,6,3,64
6.5,0,6,4,64
6.5,0,6,5,64
6.5,0,6,6,65
6.5,0,6,7,65
6.5,0,6,8,65
6.5,0,6,9,65
6.5,0,6,10,66
6.5,0,6,11,66
6.5,0,6,12,66
6.5,0,6,13,67
6.5,0,6,14,67
6.5,0,6,15,67
6.5,0,7,0,63
6.5,0,7,1,63
6.5,0,7,2,64
6.5,0,7,3,64
6.5,0,7,4,64
6.5,0,7,5,65
6.5,0,7,6,65
6.5,0,7,7,65
6.5,0,7,8,66
6.5,0,7,9,66
6.5,0,7,10,66
6.5,0,7,11,66
6.5,0,7,12,67
6.5,0,7,13,67
6.5,0,7,14,67
6.5,0,7,15,68
6.5,0,8,0,63
6.5,0,8,1,64
6.5,0,8,2,64
6.5,0,8,3,64
6.5,0,8,4,65
6.5,0,8,5,65
6.5,0,8,6,65
6.5,0,8,7,66
6.5,0,8,8,66
6.5,0,8,9,66
6.5,0,8,10,67
6.5,0,8,11,67
6.5,0,8,12,67
6.5,0,8,13,67
6.5,0,8,14,68
6.5,0,8,15,68
6.5,0,9,0,64
6.5,0,9,1,64
6.5,0,9,2,64
6.5,0,9,3,65
6.5,0,9,4,65
6.5,0,9,5,65
6.5,0,9,6,66
6.5,0,9,7,66
6.5,0,9,8,66
6.5,0,9,9,67
6.5,0,9,10,67
6.5,0,9,11,67
6.5,0,9,12,67
6.5,0,9,13,68
6.5,0,9,14,68
6.5,0,9,15,68
6.5,0,10,0,64
6.5,0,10,1,64
6.5,0,10,2,65
6.5,0,10,3,65
6.5,0,10,4,65
6.5,0,10,5,66
6.5,0,10,6,66
6.5,0,10,7,66
6.5,0,10,8,67
6.5,0,10,9,67
6.5,0,10,10,67
6.5,0,10,11,68
6.5,0,10,12,68
6.5,0,10,13,68
6.5,0,10,14,68
6.5,0,10,15,69
6.5,0,11,0,65
6.5,0,11,1,65
6.5,0,11,2,65
6.5,0,11,3,65
6.5,0,11,4,66
6.5,0,11,5,66
6.5,0,11,6,66
6.5,0,11,7,67
6.5,0,11,8,67
6.5,0,11,9,67
6.5,0,11,10,68
6.5,0,11,11,68
6.5,0,11,12,68
6.5,0,11,13,69
6.5,0,11,14,69
6.5,0,11,15,69
6.5,0,12,0,65
6.5,0,12,1,65
6.5,0,12,2,65
6.5,0,12,3,66
6.5,0,12,4,66
6.5,0,12,5,66
6.5,0,12,6,67
6.5,0,12,7,67
6.5,0,12,8,67
6.5,0,12,9,68
6.5,0,12,10,68
6.5,0,12,11,68
6.5,0,12,12,69
6.5,0,12,13,69
6.5,0,12,14,69
6.5,0,12,15,69
6.5,0,13,0,65
6.5,0,13,1,66
6.5,0,13,2,66
6.5,0,13,3,66
6.5,0,13,4,66
6.5,0,13,5,67
6.5,0,13,6,67
6.5,0,13,7,67
6.5,0,13,8,68
6.5,0,13,9,68
6.5,0,13,10,68
6.5,0,13,11,69
6.5,0,13,12,69
6.5,0,13,13,69
6.5,0,13,14,70
6.5,0,13,15,70
6.5,0,14,0,66
6.5,0,14,1,66
6.5,0,14,2,66
6.5,0,14,3,67
6.5,0,14,4,67
6.5,0,14,5,67
6.5,0,14,6,67
6.5,0,14,7,68
6.5,0,14,8,68
6.5,0,14,9,68
6.5,0,14,10,69
6.5,0,14,11,69
6.5,0,14,12,69
6.5,0,14,13,70
6.5,0,14,14,70
6.5,0,14,15,70
6.5,0,15,0,66
6.5,0,15,1,66
6.5,0,15,2,67
6.5,0,15,3,67
6.5,0,15,4,67
6.5,0,15,5,67
6.5,0,15,6,68
6.5,0,15,7,68
6.5,0,15,8,68
6.5,0,15,9,69
6.5,0,15,10,69
6.5,0,15,11,69
6.5,0,15,12,70
6.5,0,15,13,70
6.5,0,15,14,70
6.5,0,15,15,71
6.5,1,0,0,62
6.5,1,0,1,62
6.5,1,0,2,62
6.5,1,0,3,63
6.5,1,0,4,63
6.5,1,0,5,63
6.5,1,0,6,63
6.5,1,0,7,64
6.5,1,0,8,64
6.5,1,0,9,64
6.5,1,0,10,65
6.5,1,0,11,65
6.5,1,0,12,65
6.5,1,0,13,65
6.5,1,0,14,66
6.5,1,0,15,66
6.5,1,1,0,62
6.5,1,1,1,62
6.5,1,1,2,63
6.5,1,1,3,63
6.5,1,1,4,63
6.5,1,1,5,64
6.5,1,1,6,64
6.5,1,1,7,64
6.5,1,1,8,64
6.5,1,1,9,65
6.5,1,1,10,65
6.5,1,1,11,65
6.5,1,1,12,66
6.5,1,1,13,66
6.5,1,1,14,66
6.5,1,1,15,66
6.5,1,2,0,62
6.5,1,2,1,63
6.5,1,2,2,63
6.5,1,2,3,63
6.5,1,2,4,64
6.5,1,2,5,64
6.5,1,2,6,64
6.5,1,2,7,64
6.5,1,2,8,65
6.5,1,2,9,65
6.5,1,2,10,65
6.5,1,2,11,66
6.5,1,2,12,66
6.5,1,2,13,66
6.5,1,2,14,67
6.5,1,2,15,67
6.5,1,3,0,63
6.5,1,3,1,63
6.5,1,3,2,63
6.5,1,3,3,64
6.5,1,3,4,64
6.5,1,3,5,64
6.5,1,3,6,65
6.5,1,3,7,65
6.5,1,3,8,65
6.5,1,3,9,65
6.5,1,3,10,66
6.5,1,3,11,66
6.5,1,3,12,66
6.5,1,3,13,67
6.5,1,3,14,67
6.5,1,3,15,67
6.5,1,4,0,63
6.5,1,4,1,63
6.5,1,4,2,64
6.5,1,4,3,64
6.5,1,4,4,64
6.5,1,4,5,65
6.5,1,4,6,65
6.5,1,4,7,65
6.5,1,4,8,66
6.5,1,4,9,66
6.5,1,4,10,66
6.5,1,4,11,66
6.5,1,4,12,67
6.5,1,4,13,67
6.5,1,4,14,67
6.5,1,4,15,68
6.5,1,5,0,63
6.5,1,5,1,64
6.5,1,5,2,64
6.5,1,5,3,64
6.5,1,5,4,65
6.5,1,5,5,65
6.5,1,5,6,65
6.5,1,5,7,66
6.5,1,5,8,66
6.5,1,5,9,66
6.5,1,5,10,67
6.5,1,5,11,67
6.5,1,5,12,67
6.5,1,5,13,67
6.5,1,5,14,68
6.5,1,5,15,68
6.5,1,6,0,64
6.5,1,6,1,64
6.5,1,6,2,64
6.5,1,6,3,65
6.5,1,6,4,65
6.5,1,6,5,65
6.5,1,6,6,66
6.5,1,6,7,66
6.5,1,6,8,66
6.5,1,6,9,67
6.5,1,6,10,67
6.5,1,6,11,67
6.5,1,6,12,68
6.5,1,6,13,68
6.5,1,6,14,68
6.5,1,6,15,68
6.5,1,7,0,64
6.5,1,7,1,65
6.5,1,7,2,65
6.5,1,7,3,65
6.5,1,7,4,65
6.5,1,7,5,66
6.5,1,7,6,66
6.5,1,7,7,66
6.5,1,7,8,67
6.5,1,7,9,67
6.5,1,7,10,67
6.5,1,7,11,68
6.5,1,7,12,68
6.5,1,7,13,68
6.5,1,7,14,68
6.5,1,7,15,69
6.5,1,8,0,65
6.5,1,8,1,65
6.5,1,8,2,65
6.5,1,8,3,65
6.5,1,8,4,66
6.5,1,8,5,66
6.5,1,8,6,66
6.5,1,8,7,67
6.5,1,8,8,67
6.5,1,8,9,67
6.5,1,8,10,68
6.5,1,8,11,68
6.5,1,8,12,68
6.5,1,8,13,69
6.5,1,8,14,69
6.5,1,8,15,69
6.5,1,9,0,65
6.5,1,9,1,65
6.5,1,9,2,66
6.5,1,9,3,66
6.5,1,9,4,66
6.5,1,9,5,66
6.5,1,9,6,67
6.5,1,9,7,67
6.5,1,9,8,67
6.5,1,9,9,68
6.5,1,9,10,68
6.5,1,9,11,68
6.5,1,9,12,69
6.5,1,9,13,69
6.5,1,9,14,69
6.5,1,9,15,70
6.5,1,10,0,65
6.5,1,10,1,66
6.5,1,10,2,66
6.5,1,10,3,66
6.5,1,10,4,67
6.5,1,10,5,67
6.5,1,10,6,67
6.5,1,10,7,67
6.5,1,10,8,68
6.5,1,10,9,68
6.5,1,10,10,68
6.5,1,10,11,69
6.5,1,10,12,69
6.5,1,10,13,69
6.5,1,10,14,70
6.5,1,10,15,70
6.5,1,11,0,66
6.5,1,11,1,66
6.5,1,11,2,66
6.5,1,11,3,67
6.5,1,11,4,67
6.5,1,11,5,67
6.5,1,11,6,68
6.5,1,11,7,68
6.5,1,11,8,68
6.5,1,11,9,68
6.5,1,11,10,69
6.5,1,11,11,69
6.5,1,11,12,69
6.5,1,11,13,70
6.5,1,11,14,70
6.5,1,11,15,70
6.5,1,12,0,66
6.5,1,12,1,66
6.5,1,12,2,67
6.5,1,12,3,67
6.5,1,12,4,67
6.5,1,12,5,68
6.5,1,12,6,68
6.5,1,12,7,68
6.5,1,12,8,69
6.5,1,12,9,69
6.5,1,12,10,69
6.5,1,12,11,69
6.5,1,12,12,70
6.5,1,12,13,70
6.5,1,12,14,70
6.5,1,12,15,71
6.5,1,13,0,66
6.5,1,13,1,67
6.5,1,13,2,67
6.5,1,13,3,67
6.5,1,13,4,68
6.5,1,13,5,68
6.5,1,13,6,68
6.5,1,13,7,69
6.5,1,13,8,69
6.5,1,13,9,69
6.5,1,13,10,70
6.5,1,13,11,70
6.5,1,13,12,70
6.5,1,13,13,70
6.5,1,13,14,71
6.5,1,13,15,71
6.5,1,14,0,67
6.5,1,14,1,67
6.5,1,14,2,67
6.5,1,14,3,68
6.5,1,14,4,68
6.5,1,14,5,68
6.5,1,14,6,69
6.5,1,14,7,69
6.5,1,14,8,69
6.5,1,14,9,70
6.5,1,14,10,70
6.5,1,14,11,70
6.5,1,14,12,70
6.5,1,14,13,71
6.5,1,14,14,71
6.5,1,14,15,71
6.5,1,15,0,67
6.5,1,15,1,67
6.5,1,15,2,68
6.5,1,15,3,68
6.5,1,15,4,68
6.5,1,15,5,69
6.5,1,15,6,69
6.5,1,15,7,69
6.5,1,15,8,70
6.5,1,15,9,70
6.5,1,15,10,70
6.5,1,15,11,71
6.5,1,15,12,71
6.5,1,15,13,71
6.5,1,15,14,71
6.5,1,15,15,72
6.5,2,0,0,63
6.5,2,0,1,63
6.5,2,0,2,63
6.5,2,0,3,64
6.5,2,0,4,64
6.5,2,0,5,64
6.5,2,0,6,64
6.5,2,0,7,65
6.5,2,0,8,65
6.5,2,0,9,65
6.5,2,0,10,66
6.5,2,0,11,66
6.5,2,0,12,66
6.5,2,0,13,67
6.5,2,0,14,67
6.5,2,0,15,67
6.5,2,1,0,63
6.5,2,1,1,63
6.5,2,1,2,64
6.5,2,1,3,64
6.5,2,1,4,64
6.5,2,1,5,65
6.5,2,1,6,65
6.5,2,1,7,65
6.5,2,1,8,65
6.5,2,1,9,66
6.5,2,1,10,66
6.5,2,1,11,66
6.5,2,1,12,67
6.5,2,1,13,67
6.5,2,1,14,67
6.5,2,1,15,68
6.5,2,2,0,63
6.5,2,2,1,64
6.5,2,2,2,64
6.5,2,2,3,64
6.5,2,2,4,65
6.5,2,2,5,65
6.5,2,2,6,65
6.5,2,2,7,66
6.5,2,2,8,66
6.5,2,2,9,66
6.5,2,2,10,66
6.5,2,2,11,67
6.5,2,2,12,67
6.5,2,2,13,67
6.5,2,2,14,68
6.5,2,2,15,68
6.5,2,3,0,64
6.5,2,3,1,64
6.5,2,3,2,64
6.5,2,3,3,65
6.5,2,3,4,65
6.5,2,3,5,65
6.5,2,3,6,66
6.5,2,3,7,66
6.5,2,3,8,66
6.5,2,3,9,67
6.5,2,3,10,67
6.5,2,3,11,67
6.5,2,3,12,67
6.5,2,3,13,68
6.5,2,3,14,68
6.5,2,3,15,68
6.5,2,4,0,64
6.5,2,4,1,64
6.5,2,4,2,65
6.5,2,4,3,65
6.5,2,4,4,65
6.5,2,4,5,66
6.5,2,4,6,66
6.5,2,4,7,66
6.5,2,4,8,67
6.5,2,4,9,67
6.5,2,4,10,67
6.5,2,4,11,68
6.5,2,4,12,68
6.5,2,4,13,68
6.5,2,4,14,68
6.5,2,4,15,69
6.5,2,5,0,65
6.5,2,5,1,65
6.5,2,5,2,65
6.5,2,5,3,65
6.5,2,5,4,66
6.5,2,5,5,66
6.5,2,5,6,66
6.5,2,5,7,67
6.5,2,5,8,67
6.5,2,5,9,67
6.5,2,5,10,68
6.5,2,5,11,68
6.5,2,5,12,68
6.5,2,5,13,69
6.5,2,5,14,69
6.5,2,5,15,69
6.5,2,6,0,65
6.5,2,6,1,65
6.5,2,6,2,66
6.5,2,6,3,66
6.5,2,6,4,66
6.5,2,6,5,66
6.5,2,6,6,67
6.5,2,6,7,67
6.5,2,6,8,67
6.5,2,6,9,68
6.5,2,6,10,68
6.5,2,6,11,68
6.5,2,6,12,69
6.5,2,6,13,69
6.5,2,6,14,69
6.5,2,6,15,70
6.5,2,7,0,65
6.5,2,7,1,66
6.5,2,7,2,66
6.5,2,7,3,66
6.5,2,7,4,67
6.5,2,7,5,67
6.5,2,7,6,67
6.5,2,7,7,67
6.5,2,7,8,68
6.5,2,7,9,68
6.5,2,7,10,68
6.5,2,7,11,69
6.5,2,7,12,69
6.5,2,7,13,69
6.5,2,7,14,70
6.5,2,7,15,70
6.5,2,8,0,66
6.5,2,8,1,66
6.5,2,8,2,66
6.5,2,8,3,67
6.5,2,8,4,67
6.5,2,8,5,67
6.5,2,8,6,68
6.5,2,8,7,68
6.5,2,8,8,68
6.5,2,8,9,68
6.5,2,8,10,69
6.5,2,8,11,69
6.5,2,8,12,69
6.5,2,8,13,70
6.5,2,8,14,70
6.5,2,8,15,70
6.5,2,9,0,66
6.5,2,9,1,66
6.5,2,9,2,67
6.5,2,9,3,67
6.5,2,9,4,67
6.5,2,9,5,68
6.5,2,9,6,68
6.5,2,9,7,68
6.5,2,9,8,69
6.5,2,9,9,69
6.5,2,9,10,69
6.5,2,9,11,69
6.5,2,9,12,70
6.5,2,9,13,70
6.5,2,9,14,70
6.5,2,9,15,71
6.5,2,10,0,66
6.5,2,10,1,67
6.5,2,10,2,67
6.5,2,10,3,67
6.5,2,10,4,68
6.5,2,10,5,68
6.5,2,10,6,68
6.5,2,10,7,69
6.5,2,10,8,69
6.5,2,10,9,69
6.5,2,10,10,70
6.5,2,10,11,70
6.5,2,10,12,70
6.5,2,10,13,70
6.5,2,10,14,71
6.5,2,10,15,71
6.5,2,11,0,67
6.5,2,11,1,67
6.5,2,11,2,67
6.5,2,11,3,68
6.5,2,11,4,68
6.5,2,11,5,68
6.5,2,11,6,69
6.5,2,11,7,69
6.5,2,11,8,69
6.5,2,11,9,70
6.5,2,11,10,70
6.5,2,11,11,70
6.5,2,11,12,71
6.5,2,11,13,71
6.5,2,11,14,71
6.5,2,11,15,71
6.5,2,12,0,67
6.5,2,12,1,67
6.5,2,12,2,68
6.5,2,12,3,68
6.5,2,12,4,68
6.5,2,12,5,69
6.5,2,12,6,69
6.5,2,12,7,69
6.5,2,12,8,70
6.5,2,12,9,70
6.5,2,12,10,70
6.5,2,12,11,71
6.5,2,12,12,71
6.5,2,12,13,71
6.5,2,12,14,72
6.5,2,12,15,72
6.5,2,13,0,67
6.5,2,13,1,68
6.5,2,13,2,68
6.5,2,13,3,68
6.5,2,13,4,69
6.5,2,13,5,69
6.5,2,13,6,69
6.5,2,13,7,70
6.5,2,13,8,70
6.5,2,13,9,70
6.5,2,13,10,71
6.5,2,13,11,71
6.5,2,13,12,71
6.5,2,13,13,72
6.5,2,13,14,72
6.5,2,13,15,72
6.5,2,14,0,68
6.5,2,14,1,68
6.5,2,14,2,68
6.5,2,14,3,69
6.5,2,14,4,69
6.5,2,14,5,69
6.5,2,14,6,70
6.5,2,14,7,70
6.5,2,14,8,70
6.5,2,14,9,71
6.5,2,14,10,71
6.5,2,14,11,71
6.5,2,14,12,72
6.5,2,14,13,72
6.5,2,14,14,72
6.5,2,14,15,73
6.5,2,15,0,68
6.5,2,15,1,68
6.5,2,15,2,69
6.5,2,15,3,69
6.5,2,15,4,69
6.5,2,15,5,70
6.5,2,15,6,70
6.5,2,15,7,70
6.5,2,15,8,71
6.5,2,15,9,71
6.5,2,15,10,71
6.5,2,15,11,72
6.5,2,15,12,72
6.5,2,15,13,72
6.5,2,15,14,73
6.5,2,15,15,73
6.5,3,0,0,64
6.5,3,0,1,64
6.5,3,0,2,64
6.5,3,0,3,65
6.5,3,0,4,65
6.5,3,0,5,65
6.5,3,0,6,66
6.5,3,0,7,66
6.5,3,0,8,66
6.5,3,0,9,66
6.5,3,0,10,67
6.5,3,0,11,67
6.5,3,0,12,67
6.5,3,0,13,68
6.5,3,0,14,68
6.5,3,0,15,68
6.5,3,1,0,64
6.5,3,1,1,64
6.5,3,1,2,65
6.5,3,1,3,65
6.5,3,1,4,65
6.5,3,1,5,66
6.5,3,1,6,66
6.5,3,1,7,66
6.5,3,1,8,67
6.5,3,1,9,67
6.5,3,1,10,67
6.5,3,1,11,67
6.5,3,1,12,68
6.5,3,1,13,68
6.5,3,1,14,68
6.5,3,1,15,69
6.5,3,2,0,64
6.5,3,2,1,65
6.5,3,2,2,65
6.5,3,2,3,65
6.5,3,2,4,66
6.5,3,2,5,66
6.5,3,2,6,66
6.5,3,2,7,67
6.5,3,2,8,67
6.5,3,2,9,67
6.5,3,2,10,68
6.5,3,2,11,68
6.5,3,2,12,68
6.5,3,2,13,68
6.5,3,2,14,69
6.5,3,2,15,69
6.5,3,3,0,65
6.5,3,3,1,65
6.5,3,3,2,65
6.5,3,3,3,66
6.5,3,3,4,66
6.5,3,3,5,66
6.5,3,3,6,67
6.5,3,3,7,67
6.5,3,3,8,67
6.5,3,3,9,68
6.5,3,3,10,68
6.5,3,3,11,68
6.5,3,3,12,69
6.5,3,3,13,69
6.5,3,3,14,69
6.5,3,3,15,69
6.5,3,4,0,65
6.5,3,4,1,66
6.5,3,4,2,66
6.5,3,4,3,66
6.5,3,4,4,66
6.5,3,4,5,67
6.5,3,4,6,67
6.5,3,4,7,67
6.5,3,4,8,68
6.5,3,4,9,68
6.5,3,4,10,68
6.5,3,4,11,69
6.5,3,4,12,69
6.5,3,4,13,69
6.5,3,4,14,70
6.5,3,4,15,70
6.5,3,5,0,66
6.5,3,5,1,66
6.5,3,5,2,66
6.5,3,5,3,67
6.5,3,5,4,67
6.5,3,5,5,67
6.5,3,5,6,68
6.5,3,5,7,68
6.5,3,5,8,68
6.5,3,5,9,68
6.5,3,5,10,69
6.5,3,5,11,69
6.5,3,5,12,69
6.5,3,5,13,70
6.5,3,5,14,70
6.5,3,5,15,70
6.5,3,6,0,66
6.5,3,6,1,66
6.5,3,6,2,67
6.5,3,6,3,67
6.5,3,6,4,67
6.5,3,6,5,68
6.5,3,6,6,68
6.5,3,6,7,68
6.5,3,6,8,69
6.5,3,6,9,69
6.5,3,6,10,69
6.5,3,6,11,69
6.5,3,6,12,70
6.5,3,6,13,70
6.5,3,6,14,70
6.5,3,6,15,71
6.5,3,7,0,66
6.5,3,7,1,67
6.5,3,7,2,67
6.5,3,7,3,67
6.5,3,7,4,68
6.5,3,7,5,68
6.5,3,7,6,68
6.5,3,7,7,69
6.5,3,7,8,69
6.5,3,7,9,69
6.5,3,7,10,70
6.5,3,7,11,70
6.5,3,7,12,70
6.5,3,7,13,70
6.5,3,7,14,71
6.5,3,7,15,71
6.5,3,8,0,67
6.5,3,8,1,67
6.5,3,8,2,67
6.5,3,8,3,68
6.5,3,8,4,68
6.5,3,8,5,68
6.5,3,8,6,69
6.5,3,8,7,69
6.5,3,8,8,69
6.5,3,8,9,70
6.5,3,8,10,70
6.5,3,8,11,70
6.5,3,8,12,71
6.5,3,8,13,71
6.5,3,8,14,71
6.5,3,8,15,71
6.5,3,9,0,67
6.5,3,9,1,67
6.5,3,9,2,68
6.5,3,9,3,68
6.5,3,9,4,68
6.5,3,9,5,69
6.5,3,9,6,69
6.5,3,9,7,69
6.5,3,9,8,70
6.5,3,9,9,70
6.5,3,9,10,70
6.5,3,9,11,71
6.5,3,9,12,71
6.5,3,9,13,71
6.5,3,9,14,72
6.5,3,9,15,72
6.5,3,10,0,67
6.5,3,10,1,68
6.5,3,10,2,68
6.5,3,10,3,68
6.5,3,10,4,69
6.5,3,10,5,69
6.5,3,10,6,69
6.5,3,10,7,70
6.5,3,10,8,70
6.5,3,10,9,70
6.5,3,10,10,71
6.5,3,10,11,71
6.5,3,10,12,71
6.5,3,10,13,72
6.5,3,10,14,72
6.5,3,10,15,72
6.5,3,11,0,68
6.5,3,11,1,68
6.5,3,11,2,68
6.5,3,11,3,69
6.5,3,11,4,69
6.5,3,11,5,69
6.5,3,11,6,70
6.5,3,11,7,70
6.5,3,11,8,70
6.5,3,11,9,71
6.5,3,11,10,71
6.5,3,11,11,71
6.5,3,11,12,72
6.5,3,11,13,72
6.5,3,11,14,72
6.5,3,11,15,73
6.5,3,12,0,68
6.5,3,12,1,69
6.5,3,12,2,69
6.5,3,12,3,69
6.5,3,12,4,70
6.5,3,12,5,70
6.5,3,12,6,70
6.5,3,12,7,70
6.5,3,12,8,71
6.5,3,12,9,71
6.5,3,12,10,71
6.5,3,12,11,72
6.5,3,12,12,72
6.5,3,12,13,72
6.5,3,12,14,73
6.5,3,12,15,73
6.5,3,13,0,69
6.5,3,13,1,69
6.5,3,13,2,69
6.5,3,13,3,70
6.5,3,13,4,70
6.5,3,13,5,70
6.5,3,13,6,71
6.5,3,13,7,71
6.5,3,13,8,71
6.5,3,13,9,72
6.5,3,13,10,72
6.5,3,13,11,72
6.5,3,13,12,72
6.5,3,13,13,73
6.5,3,13,14,73
6.5,3,13,15,73
6.5,3,14,0,69
6.5,3,14,1,69
6.5,3,14,2,70
6.5,3,14,3,70
6.5,3,14,4,70
6.5,3,14,5,71
6.5,3,14,6,71
6.5,3,14,7,71
6.5,3,14,8,72
6.5,3,14,9,72
6.5,3,14,10,72
6.5,3,14,11,73
6.5,3,14,12,73
6.5,3,14,13,73
6.5,3,14,14,74
6.5,3,14,15,74
6.5,3,15,0,69
6.5,3,15,1,70
6.5,3,15,2,70
6.5,3,15,3,70
6.5,3,15,4,71
6.5,3,15,5,71
6.5,3,15,6,71
6.5,3,15,7,72
6.5,3,15,8,72
6.5,3,15,9,72
6.5,3,15,10,73
6.5,3,15,11,73
6.5,3,15,12,73
6.5,3,15,13,74
6.5,3,15,14,74
6.5,3,15,15,74
6.5,4,0,0,65
6.5,4,0,1,65
6.5,4,0,2,65
6.5,4,0,3,66
6.5,4,0,4,66
6.5,4,0,5,66
6.5,4,0,6,67
6.5,4,0,7,67
6.5,4,0,8,67
6.5,4,0,9,68
6.5,4,0,10,68
6.5,4,0,11,68
6.5,4,0,12,68
6.5,4,0,13,69
6.5,4,0,14,69
6.5,4,0,15,69
6.5,4,1,0,65
6.5,4,1,1,65
6.5,4,1,2,66
6.5,4,1,3,66
6.5,4,1,4,66
6.5,4,1,5,67
6.5,4,1,6,67
6.5,4,1,7,67
6.5,4,1,8,68
6.5,4,1,9,68
6.5,4,1,10,68
6.5,4,1,11,69
6.5,4,1,12,69
6.5,4,1,13,69
6.5,4,1,14,69
6.5,4,1,15,70
6.5,4,2,0,66
6.5,4,2,1,66
6.5,4,2,2,66
6.5,4,2,3,66
6.5,4,2,4,67
6.5,4,2,5,67
6.5,4,2,6,67
6.5,4,2,7,68
6.5,4,2,8,68
6.5,4,2,9,68
6.5,4,2,10,69
6.5,4,2,11,69
6.5,4,2,12,69
6.5,4,2,13,70
6.5,4,2,14,70
6.5,4,2,15,70
6.5,4,3,0,66
6.5,4,3,1,66
6.5,4,3,2,67
6.5,4,3,3,67
6.5,4,3,4,67
6.5,4,3,5,68
6.5,4,3,6,68
6.5,4,3,7,68
6.5,4,3,8,68
6.5,4,3,9,69
6.5,4,3,10,69
6.5,4,3,11,69
6.5,4,3,12,70
6.5,4,3,13,70
6.5,4,3,14,70
6.5,4,3,15,71
6.5,4,4,0,66
6.5,4,4,1,67
6.5,4,4,2,67
6.5,4,4,3,67
6.5,4,4,4,68
6.5,4,4,5,68
6.5,4,4,6,68
6.5,4,4,7,69
6.5,4,4,8,69
6.5,4,4,9,69
6.5,4,4,10,69
6.5,4,4,11,70
6.5,4,4,12,70
6.5,4,4,13,70
6.5,4,4,14,71
6.5,4,4,15,71
6.5,4,5,0,67
6.5,4,5,1,67
6.5,4,5,2,67
6.5,4,5,3,68
6.5,4,5,4,68
6.5,4,5,5,68
6.5,4,5,6,69
6.5,4,5,7,69
6.5,4,5,8,69
6.5,4,5,9,70
6.5,4,5,10,70
6.5,4,5,11,70
6.5,4,5,12,71
6.5,4,5,13,71
6.5,4,5,14,71
6.5,4,5,15,71
6.5,4,6,0,67
6.5,4,6,1,67
6.5,4,6,2,68
6.5,4,6,3,68
6.5,4,6,4,68
6.5,4,6,5,69
6.5,4,6,6,69
6.5,4,6,7,69
6.5,4,6,8,70
6.5,4,6,9,70
6.5,4,6,10,70
6.5,4,6,11,71
6.5,4,6,12,71
6.5,4,6,13,71
6.5,4,6,14,72
6.5,4,6,15,72
6.5,4,7,0,67
6.5,4,7,1,68
6.5,4,7,2,68
6.5,4,7,3,68
6.5,4,7,4,69
6.5,4,7,5,69
6.5,4,7,6,69
6.5,4,7,7,70
6.5,4,7,8,70
6.5,4,7,9,70
6.5,4,7,10,71
6.5,4,7,11,71
6.5,4,7,12,71
6.5,4,7,13,72
6.5,4,7,14,72
6.5,4,7,15,72
6.5,4,8,0,68
6.5,4,8,1,68
6.5,4,8,2,68
6.5,4,8,3,69
6.5,4,8,4,69
6.5,4,8,5,69
6.5,4,8,6,70
6.5,4,8,7,70
6.5,4,8,8,70
6.5,4,8,9,71
6.5,4,8,10,71
6.5,4,8,11,71
6.5,4,8,12,72
6.5,4,8,13,72
6.5,4,8,14,72
6.5,4,8,15,73
6.5,4,9,0,68
6.5,4,9,1,69
6.5,4,9,2,69
6.5,4,9,3,69
6.5,4,9,4,70
6.5,4,9,5,70
6.5,4,9,6,70
6.5,4,9,7,70
6.5,4,9,8,71
6.5,4,9,9,71
6.5,4,9,10,71
6.5,4,9,11,72
6.5,4,9,12,72
6.5,4,9,13,72
6.5,4,9,14,73
6.5,4,9,15,73
6.5,4,10,0,69
6.5,4,10,1,69
6.5,4,10,2,69
6.5,4,10,3,70
6.5,4,10,4,70
6.5,4,10,5,70
6.5,4,10,6,71
6.5,4,10,7,71
6.5,4,10,8,71
6.5,4,10,9,72
6.5,4,10,10,72
6.5,4,10,11,72
6.5,4,10,12,72
6.5,4,10,13,73
6.5,4,10,14,73
6.5,4,10,15,73
6.5,4,11,0,69
6.5,4,11,1,69
6.5,4,11,2,70
6.5,4,11,3,70
6.5,4,11,4,70
6.5,4,11,5,71
6.5,4,11,6,71
6.5,4,11,7,71
6.5,4,11,8,72
6.5,4,11,9,72
6.5,4,11,10,72
6.5,4,11,11,73
6.5,4,11,12,73
6.5,4,11,13,73
6.5,4,11,14,74
6.5,4,11,15,74
6.5,4,12,0,69
6.5,4,12,1,70
6.5,4,12,2,70
6.5,4,12,3,70
6.5,4,12,4,71
6.5,4,12,5,71
6.5,4,12,6,71
6.5,4,12,7,72
6.5,4,12,8,72
6.5,4,12,9,72
6.5,4,12,10,73
6.5,4,12,11,73
6.5,4,12,12,73
6.5,4,12,13,74
6.5,4,12,14,74
6.5,4,12,15,74
6.5,4,13,0,70
6.5,4,13,1,70
6.5,4,13,2,70
6.5,4,13,3,71
6.5,4,13,4,71
6.5,4,13,5,71
6.5,4,13,6,72
6.5,4,13,7,72
6.5,4,13,8,72
6.5,4,13,9,73
6.5,4,13,10,73
6.5,4,13,11,73
6.5,4,13,12,74
6.5,4,13,13,74
6.5,4,13,14,74
6.5,4,13,15,75
6.5,4,14,0,70
6.5,4,14,1,70
6.5,4,14,2,71
6.5,4,14,3,71
6.5,4,14,4,71
6.5,4,14,5,72
6.5,4,14,6,72
6.5,4,14,7,72
6.5,4,14,8,73
6.5,4,14,9,73
6.5,4,14,10,73
6.5,4,14,11,74
6.5,4,14,12,74
6.5,4,14,13,74
6.5,4,14,14,75
6.5,4,14,15,75
6.5,4,15,0,70
6.5,4,15,1,71
6.5,4,15,2,71
6.5,4,15,3,71
6.5,4,15,4,72
6.5,4,15,5,72
6.5,4,15,6,72
6.5,4,15,7,73
6.5,4,15,8,73
6.5,4,15,9,73
6.5,4,15,10,74
6.5,4,15,11,74
6.5,4,15,12,74
6.5,4,15,13,75
6.5,4,15,14,75
6.5,4,15,15,75
6.5,5,0,0,66
6.5,5,0,1,66
6.5,5,0,2,66
6.5,5,0,3,67
6.5,5,0,4,67
6.5,5,0,5,67
6.5,5,0,6,68
6.5,5,0,7,68
6.5,5,0,8,68
6.5,5,0,9,69
6.5,5,0,10,69
6.5,5,0,11,69
6.5,5,0,12,70
6.5,5,0,13,70
6.5,5,0,14,70
6.5,5,0,15,70
6.5,5,1,0,66
6.5,5,1,1,66
6.5,5,1,2,67
6.5,5,1,3,67
6.5,5,1,4,67
6.5,5,1,5,68
6.5,5,1,6,68
6.5,5,1,7,68
6.5,5,1,8,69
6.5,5,1,9,69
6.5,5,1,10,69
6.5,5,1,11,70
6.5,5,1,12,70
6.5,5,1,13,70
6.5,5,1,14,71
6.5,5,1,15,71
6.5,5,2,0,67
6.5,5,2,1,67
6.5,5,2,2,67
6.5,5,2,3,68
6.5,5,2,4,68
6.5,5,2,5,68
6.5,5,2,6,68
6.5,5,2,7,69
6.5,5,2,8,69
6.5,5,2,9,69
6.5,5,2,10,70
6.5,5,2,11,70
6.5,5,2,12,70
6.5,5,2,13,71
6.5,5,2,14,71
6.5,5,2,15,71
6.5,5,3,0,67
6.5,5,3,1,67
6.5,5,3,2,68
6.5,5,3,3,68
6.5,5,3,4,68
6.5,5,3,5,69
6.5,5,3,6,69
6.5,5,3,7,69
6.5,5,3,8,70
6.5,5,3,9,70
6.5,5,3,10,70
6.5,5,3,11,70
6.5,5,3,12,71
6.5,5,3,13,71
6.5,5,3,14,71
6.5,5,3,15,72
6.5,5,4,0,67
6.5,5,4,1,68
6.5,5,4,2,68
6.5,5,4,3,68
6.5,5,4,4,69
6.5,5,4,5,69
6.5,5,4,6,69
6.5,5,4,7,70
6.5,5,4,8,70
6.5,5,4,9,70
6.5,5,4,10,71
6.5,5,4,11,71
6.5,5,4,12,71
6.5,5,4,13,72
6.5,5,4,14,72
6.5,5,4,15,72
6.5,5,5,0,68
6.5,5,5,1,68
6.5,5,5,2,68
6.5,5,5,3,69
6.5,5,5,4,69
6.5,5,5,5,69
6.5,5,5,6,70
6.5,5,5,7,70
6.5,5,5,8,70
6.5,5,5,9,71
6.5,5,5,10,71
6.5,5,5,11,71
6.5,5,5,12,72
6.5,5,5,13,72
6.5,5,5,14,72
6.5,5,5,15,73
6.5,5,6,0,68
6.5,5,6,1,68
6.5,5,6,2,69
6.5,5,6,3,69
6.5,5,6,4,69
6.5,5,6,5,70
6.5,5,6,6,70
6.5,5,6,7,70
6.5,5,6,8,71
6.5,5,6,9,71
6.5,5,6,10,71
6.5,5,6,11,72
6.5,5,6,12,72
6.5,5,6,13,72
6.5,5,6,14,73
6.5,5,6,15,73
6.5,5,7,0,68
6.5,5,7,1,69
6.5,5,7,2,69
6.5,5,7,3,70
6.5,5,7,4,70
6.5,5,7,5,70
6.5,5,7,6,70
6.5,5,7,7,71
6.5,5,7,8,71
6.5,5,7,9,71
6.5,5,7,10,72
6.5,5,7,11,72
6.5,5,7,12,72
6.5,5,7,13,73
6.5,5,7,14,73
6.5,5,7,15,73
6.5,5,8,0,69
6.5,5,8,1,69
6.5,5,8,2,70
6.5,5,8,3,70
6.5,5,8,4,70
6.5,5,8,5,71
6.5,5,8,6,71
6.5,5,8,7,71
6.5,5,8,8,72
6.5,5,8,9,72
6.5,5,8,10,72
6.5,5,8,11,73
6.5,5,8,12,73
6.5,5,8,13,73
6.5,5,8,14,73
6.5,5,8,15,74
6.5,5,9,0,69
6.5,5,9,1,70
6.5,5,9,2,70
6.5,5,9,3,70
6.5,5,9,4,71
6.5,5,9,5,71
6.5,5,9,6,71
6.5,5,9,7,72
6.5,5,9,8,72
6.5,5,9,9,72
6.5,5,9,10,73
6.5,5,9,11,73
6.5,5,9,12,73
6.5,5,9,13,74
6.5,5,9,14,74
6.5,5,9,15,74
6.5,5,10,0,70
6.5,5,10,1,70
6.5,5,10,2,70
6.5,5,10,3,71
6.5,5,10,4,71
6.5,5,10,5,71
6.5,5,10,6,72
6.5,5,10,7,72
6.5,5,10,8,72
6.5,5,10,9,73
6.5,5,10,10,73
6.5,5,10,11,73
6.5,5,10,12,74
6.5,5,10,13,74
6.5,5,10,14,74
6.5,5,10,15,75
6.5,5,11,0,70
6.5,5,11,1,70
6.5,5,11,2,71
6.5,5,11,3,71
6.5,5,11,4,71
6.5,5,11,5,72
6.5,5,11,6,72
6.5,5,11,7,72
6.5,5,11,8,73
6.5,5,11,9,73
6.5,5,11,10,73
6.5,5,11,11,74
6.5,5,11,12,74
6.5,5,11,13,74
6.5,5,11,14,75
6.5,5,11,15,75
6.5,5,12,0,70
6.5,5,12,1,71
6.5,5,12,2,71
6.5,5,12,3,71
6.5,5,12,4,72
6.5,5,12,5,72
6.5,5,12,6,72
6.5,5,12,7,73
6.5,5,12,8,73
6.5,5,12,9,73
6.5,5,12,10,74
6.5,5,12,11,74
6.5,5,12,12,74
6.5,5,12,13,75
6.5,5,12,14,75
6.5,5,12,15,75
6.5,5,13,0,71
6.5,5,13,1,71
6.5,5,13,2,71
6.5,5,13,3,72
6.5,5,13,4,72
6.5,5,13,5,72
6.5,5,13,6,73
6.5,5,13,7,73
6.5,5,13,8,74
6.5,5,13,9,74
6.5,5,13,10,74
6.5,5,13,11,75
6.5,5,13,12,75
6.5,5,13,13,75
6.5,5,13,14,75
6.5,5,13,15,76
6.5,5,14,0,71
6.5,5,14,1,71
6.5,5,14,2,72
6.5,5,14,3,72
6.5,5,14,4,73
6.5,5,14,5,73
6.5,5,14,6,73
6.5,5,14,7,74
6.5,5,14,8,74
6.5,5,14,9,74
6.5,5,14,10,75
6.5,5,14,11,75
6.5,5,14,12,75
6.5,5,14,13,76
6.5,5,14,14,76
6.5,5,14,15,76
6.5,5,15,0,72
6.5,5,15,1,72
6.5,5,15,2,72
6.5,5,15,3,73
6.5,5,15,4,73
6.5,5,15,5,73
6.5,5,15,6,74
6.5,5,15,7,74
6.5,5,15,8,74
6.5,5,15,9,75
6.5,5,15,10,75
6.5,5,15,11,75
6.5,5,15,12,76
6.5,5,15,13,76
6.5,5,15,14,76
6.5,5,15,15,77
6.5,6,0,0,67
6.5,6,0,1,67
6.5,6,0,2,67
6.5,6,0,3,68
6.5,6,0,4,68
6.5,6,0,5,68
6.5,6,0,6,69
6.5,6,0,7,69
6.5,6,0,8,69
6.5,6,0,9,70
6.5,6,0,10,70
6.5,6,0,11,70
6.5,6,0,12,71
6.5,6,0,13,71
6.5,6,0,14,71
6.5,6,0,15,72
6.5,6,1,0,67
6.5,6,1,1,68
6.5,6,1,2,68
6.5,6,1,3,68
6.5,6,1,4,69
6.5,6,1,5,69
6.5,6,1,6,69
6.5,6,1,7,69
6.5,6,1,8,70
6.5,6,1,9,70
6.5,6,1,10,70
6.5,6,1,11,71
6.5,6,1,12,71
6.5,6,1,13,71
6.5,6,1,14,72
6.5,6,1,15,72
6.5,6,2,0,68
6.5,6,2,1,68
6.5,6,2,2,68
6.5,6,2,3,69
6.5,6,2,4,69
6.5,6,2,5,69
6.5,6,2,6,70
6.5,6,2,7,70
6.5,6,2,8,70
6.5,6,2,9,71
6.5,6,2,10,71
6.5,6,2,11,71
6.5,6,2,12,71
6.5,6,2,13,72
6.5,6,2,14,72
6.5,6,2,15,72
6.5,6,3,0,68
6.5,6,3,1,68
6.5,6,3,2,69
6.5,6,3,3,69
6.5,6,3,4,69
6.5,6,3,5,70
6.5,6,3,6,70
6.5,6,3,7,70
6.5,6,3,8,71
6.5,6,3,9,71
6.5,6,3,10,71
6.5,6,3,11,72
6.5,6,3,12,72
6.5,6,3,13,72
6.5,6,3,14,73
6.5,6,3,15,73
6.5,6,4,0,68
6.5,6,4,1,69
6.5,6,4,2,69
6.5,6,4,3,69
6.5,6,4,4,70
6.5,6,4,5,70
6.5,6,4,6,70
6.5,6,4,7,71
6.5,6,4,8,71
6.5,6,4,9,71
6.5,6,4,10,72
6.5,6,4,11,72
6.5,6,4,12,72
6.5,6,4,13,73
6.5,6,4,14,73
6.5,6,4,15,73
6.5,6,5,0,69
6.5,6,5,1,69
6.5,6,5,2,69
6.5,6,5,3,70
6.5,6,5,4,70
6.5,6,5,5,70
6.5,6,5,6,71
6.5,6,5,7,71
6.5,6,5,8,71
6.5,6,5,9,72
6.5,6,5,10,72
6.5,6,5,11,72
6.5,6,5,12,73
6.5,6,5,13,73
6.5,6,5,14,73
6.5,6,5,15,74
6.5,6,6,0,69
6.5,6,6,1,70
6.5,6,6,2,70
6.5,6,6,3,70
6.5,6,6,4,71
6.5,6,6,5,71
6.5,6,6,6,71
6.5,6,6,7,72
6.5,6,6,8,72
6.5,6,6,9,72
6.5,6,6,10,73
6.5,6,6,11,73
6.5,6,6,12,73
6.5,6,6,13,73
6.5,6,6,14,74
6.5,6,6,15,74
6.5,6,7,0,70
6.5,6,7,1,70
6.5,6,7,2,70
6.5,6,7,3,71
6.5,6,7,4,71
6.5,6,7,5,71
6.5,6,7,6,72
6.5,6,7,7,72
6.5,6,7,8,72
6.5,6,7,9,73
6.5,6,7,10,73
6.5,6,7,11,73
6.5,6,7,12,74
6.5,6,7,13,74
6.5,6,7,14,74
6.5,6,7,15,75
6.5,6,8,0,70
6.5,6,8,1,70
6.5,6,8,2,71
6.5,6,8,3,71
6.5,6,8,4,71
6.5,6,8,5,72
6.5,6,8,6,72
6.5,6,8,7,72
6.5,6,8,8,73
6.5,6,8,9,73
6.5,6,8,10,73
6.5,6,8,11,74
6.5,6,8,12,74
6.5,6,8,13,74
6.5,6,8,14,75
6.5,6,8,15,75
6.5,6,9,0,70
6.5,6,9,1,71
6.5,6,9,2,71
6.5,6,9,3,71
6.5,6,9,4,72
6.5,6,9,5,72
6.5,6,9,6,72
6.5,6,9,7,73
6.5,6,9,8,73
6.5,6,9,9,73
6.5,6,9,10,74
6.5,6,9,11,74
6.5,6,9,12,74
6.5,6,9,13,75
6.5,6,9,14,75
6.5,6,9,15,75
6.5,6,10,0,71
6.5,6,10,1,71
6.5,6,10,2,71
6.5,6,10,3,72
6.5,6,10,4,72
6.5,6,10,5,72
6.5,6,10,6,73
6.5,6,10,7,73
6.5,6,10,8,73
6.5,6,10,9,74
6.5,6,10,10,74
6.5,6,10,11,74
6.5,6,10,12,75
6.5,6,10,13,75
6.5,6,10,14,75
6.5,6,10,15,76
6.5,6,11,0,71
6.5,6,11,1,71
6.5,6,11,2,72
6.5,6,11,3,72
6.5,6,11,4,73
6.5,6,11,5,73
6.5,6,11,6,73
6.5,6,11,7,74
6.5,6,11,8,74
6.5,6,11,9,74
6.5,6,11,10,75
6.5,6,11,11,75
6.5,6,11,12,75
6.5,6,11,13,76
6.5,6,11,14,76
6.5,6,11,15,76
6.5,6,12,0,71
6.5,6,12,1,72
6.5,6,12,2,72
6.5,6,12,3,73
6.5,6,12,4,73
6.5,6,12,5,73
6.5,6,12,6,74
6.5,6,12,7,74
6.5,6,12,8,74
6.5,6,12,9,75
6.5,6,12,10,75
6.5,6,12,11,75
6.5,6,12,12,76
6.5,6,12,13,76
6.5,6,12,14,76
6.5,6,12,15,77
6.5,6,13,0,72
6.5,6,13,1,72
6.5,6,13,2,73
6.5,6,13,3,73
6.5,6,13,4,73
6.5,6,13,5,74
6.5,6,13,6,74
6.5,6,13,7,74
6.5,6,13,8,75
6.5,6,13,9,75
6.5,6,13,10,75
6.5,6,13,11,76
6.5,6,13,12,76
6.5,6,13,13,76
6.5,6,13,14,77
6.5,6,13,15,77
6.5,6,14,0,72
6.5,6,14,1,73
6.5,6,14,2,73
6.5,6,14,3,73
6.5,6,14,4,74
6.5,6,14,5,74
6.5,6,14,6,74
6.5,6,14,7,75
6.5,6,14,8,75
6.5,6,14,9,75
6.5,6,14,10,76
6.5,6,14,11,76
6.5,6,14,12,76
6.5,6,14,13,77
6.5,6,14,14,77
6.5,6,14,15,77
6.5,6,15,0,73
6.5,6,15,1,73
6.5,6,15,2,73
6.5,6,15,3,74
6.5,6,15,4,74
6.5,6,15,5,74
6.5,6,15,6,75
6.5,6,15,7,75
6.5,6,15,8,75
6.5,6,15,9,76
6.5,6,15,10,76
6.5,6,15,11,76
6.5,6,15,12,77
6.5,6,15,13,77
6.5,6,15,14,77
6.5,6,15,15,78
6.5,7,0,0,68
6.5,7,0,1,68
6.5,7,0,2,68
6.5,7,0,3,69
6.5,7,0,4,69
6.5,7,0,5,69
6.5,7,0,6,70
6.5,7,0,7,70
6.5,7,0,8,70
6.5,7,0,9,71
6.5,7,0,10,71
6.5,7,0,11,71
6.5,7,0,12,72
6.5,7,0,13,72
6.5,7,0,14,72
6.5,7,0,15,73
6.5,7,1,0,68
6.5,7,1,1,69
6.5,7,1,2,69
6.5,7,1,3,69
6.5,7,1,4,70
6.5,7,1,5,70
6.5,7,1,6,70
6.5,7,1,7,71
6.5,7,1,8,71
6.5,7,1,9,71
6.5,7,1,10,72
6.5,7,1,11,72
6.5,7,1,12,72
6.5,7,1,13,72
6.5,7,1,14,73
6.5,7,1,15,73
6.5,7,2,0,69
6.5,7,2,1,69
6.5,7,2,2,69
6.5,7,2,3,70
6.5,7,2,4,70
6.5,7,2,5,70
6.5,7,2,6,71
6.5,7,2,7,71
6.5,7,2,8,71
6.5,7,2,9,72
6.5,7,2,10,72
6.5,7,2,11,72
6.5,7,2,12,73
6.5,7,2,13,73
6.5,7,2,14,73
6.5,7,2,15,74
6.5,7,3,0,69
6.5,7,3,1,69
6.5,7,3,2,70
6.5,7,3,3,70
6.5,7,3,4,70
6.5,7,3,5,71
6.5,7,3,6,71
6.5,7,3,7,71
6.5,7,3,8,72
6.5,7,3,9,72
6.5,7,3,10,72
6.5,7,3,11,73
6.5,7,3,12,73
6.5,7,3,13,73
6.5,7,3,14,74
6.5,7,3,15,74
6.5,7,4,0,69
6.5,7,4,1,70
6.5,7,4,2,70
6.5,7,4,3,70
6.5,7,4,4,71
6.5,7,4,5,71
6.5,7,4,6,71
6.5,7,4,7,72
6.5,7,4,8,72
6.5,7,4,9,72
6.5,7,4,10,73
6.5,7,4,11,73
6.5,7,4,12,73
6.5,7,4,13,74
6.5,7,4,14,74
6.5,7,4,15,74
6.5,7,5,0,70
6.5,7,5,1,70
6.5,7,5,2,71
6.5,7,5,3,71
6.5,7,5,4,71
6.5,7,5,5,72
6.5,7,5,6,72
6.5,7,5,7,72
6.5,7,5,8,73
6.5,7,5,9,73
6.5,7,5,10,73
6.5,7,5,11,74
6.5,7,5,12,74
6.5,7,5,13,74
6.5,7,5,14,75
6.5,7,5,15,75
6.5,7,6,0,70
6.5,7,6,1,71
6.5,7,6,2,71
6.5,7,6,3,71
6.5,7,6,4,72
6.5,7,6,5,72
6.5,7,6,6,72
6.5,7,6,7,73
6.5,7,6,8,73
6.5,7,6,9,73
6.5,7,6,10,74
6.5,7,6,11,74
6.5,7,6,12,74
6.5,7,6,13,75
6.5,7,6,14,75
6.5,7,6,15,75
6.5,7,7,0,71
6.5,7,7,1,71
6.5,7,7,2,71
6.5,7,7,3,72
6.5,7,7,4,72
6.5,7,7,5,72
6.5,7,7,6,73
6.5,7,7,7,73
6.5,7,7,8,73
6.5,7,7,9,74
6.5,7,7,10,74
6.5,7,7,11,74
6.5,7,7,12,75
6.5,7,7,13,75
6.5,7,7,14,75
6.5,7,7,15,76
6.5,7,8,0,71
6.5,7,8,1,71
6.5,7,8,2,72
6.5,7,8,3,72
6.5,7,8,4,72
6.5,7,8,5,73
6.5,7,8,6,73
6.5,7,8,7,73
6.5,7,8,8,74
6.5,7,8,9,74
6.5,7,8,10,74
6.5,7,8,11,75
6.5,7,8,12,75
6.5,7,8,13,75
6.5,7,8,14,76
6.5,7,8,15,76
6.5,7,9,0,71
6.5,7,9,1,72
6.5,7,9,2,72
6.5,7,9,3,72
6.5,7,9,4,73
6.5,7,9,5,73
6.5,7,9,6,74
6.5,7,9,7,74
6.5,7,9,8,74
6.5,7,9,9,75
6.5,7,9,10,75
6.5,7,9,11,75
6.5,7,9,12,76
6.5,7,9,13,76
6.5,7,9,14,76
6.5,7,9,15,77
6.5,7,10,0,72
6.5,7,10,1,72
6.5,7,10,2,73
6.5,7,10,3,73
6.5,7,10,4,73
6.5,7,10,5,74
6.5,7,10,6,74
6.5,7,10,7,74
6.5,7,10,8,75
6.5,7,10,9,75
6.5,7,10,10,75
6.5,7,10,11,76
6.5,7,10,12,76
6.5,7,10,13,76
6.5,7,10,14,77
6.5,7,10,15,77
6.5,7,11,0,72
6.5,7,11,1,73
6.5,7,11,2,73
6.5,7,11,3,73
6.5,7,11,4,74
6.5,7,11,5,74
6.5,7,11,6,74
6.5,7,11,7,75
6.5,7,11,8,75
6.5,7,11,9,75
6.5,7,11,10,76
6.5,7,11,11,76
6.5,7,11,12,76
6.5,7,11,13,77
6.5,7,11,14,77
6.5,7,11,15,77
6.5,7,12,0,73
6.5,7,12,1,73
6.5,7,12,2,73
6.5,7,12,3,74
6.5,7,12,4,74
6.5,7,12,5,74
6.5,7,12,6,75
6.5,7,12,7,75
6.5,7,12,8,75
6.5,7,12,9,76
6.5,7,12,10,76
6.5,7,12,11,76
6.5,7,12,12,77
6.5,7,12,13,77
6.5,7,12,14,77
6.5,7,12,15,78
6.5,7,13,0,73
6.5,7,13,1,73
6.5,7,13,2,74
6.5,7,13,3,74
6.5,7,13,4,74
6.5,7,13,5,75
6.5,7,13,6,75
6.5,7,13,7,75
6.5,7,13,8,76
6.5,7,13,9,76
6.5,7,13,10,77
6.5,7,13,11,77
6.5,7,13,12,77
6.5,7,13,13,78
6.5,7,13,14,78
6.5,7,13,15,78
6.5,7,14,0,73
6.5,7,14,1,74
6.5,7,14,2,74
6.5,7,14,3,74
6.5,7,14,4,75
6.5,7,14,5,75
6.5,7,14,6,76
6.5,7,14,7,76
6.5,7,14,8,76
6.5,7,14,9,77
6.5,7,14,10,77
6.5,7,14,11,77
6.5,7,14,12,78
6.5,7,14,13,78
6.5,7,14,14,78
6.5,7,14,15,79
6.5,7,15,0,74
6.5,7,15,1,74
6.5,7,15,2,74
6.5,7,15,3,75
6.5,7,15,4,75
6.5,7,15,5,76
6.5,7,15,6,76
6.5,7,15,7,76
6.5,7,15,8,77
6.5,7,15,9,77
6.5,7,15,10,77
6.5,7,15,11,78
6.5,7,15,12,78
6.5,7,15,13,78
6.5,7,15,14,79
6.5,7,15,15,79
6.5,8,0,0,69
6.5,8,0,1,69
6.5,8,0,2,70
6.5,8,0,3,70
6.5,8,0,4,70
6.5,8,0,5,71
6.5,8,0,6,71
6.5,8,0,7,71
6.5,8,0,8,72
6.5,8,0,9,72
6.5,8,0,10,72
6.5,8,0,11,73
6.5,8,0,12,73
6.5,8,0,13,73
6.5,8,0,14,73
6.5,8,0,15,74
6.5,8,1,0,69
6.5,8,1,1,70
6.5,8,1,2,70
6.5,8,1,3,70
6.5,8,1,4,71
6.5,8,1,5,71
6.5,8,1,6,71
6.5,8,1,7,72
6.5,8,1,8,72
6.5,8,1,9,72
6.5,8,1,10,73
6.5,8,1,11,73
6.5,8,1,12,73
6.5,8,1,13,74
6.5,8,1,14,74
6.5,8,1,15,74
6.5,8,2,0,70
6.5,8,2,1,70
6.5,8,2,2,70
6.5,8,2,3,71
6.5,8,2,4,71
6.5,8,2,5,71
6.5,8,2,6,72
6.5,8,2,7,72
6.5,8,2,8,72
6.5,8,2,9,73
6.5,8,2,10,73
6.5,8,2,11,73
6.5,8,2,12,74
6.5,8,2,13,74
6.5,8,2,14,74
6.5,8,2,15,75
6.5,8,3,0,70
6.5,8,3,1,70
6.5,8,3,2,71
6.5,8,3,3,71
6.5,8,3,4,71
6.5,8,3,5,72
6.5,8,3,6,72
6.5,8,3,7,72
6.5,8,3,8,73
6.5,8,3,9,73
6.5,8,3,10,73
6.5,8,3,11,74
6.5,8,3,12,74
6.5,8,3,13,74
6.5,8,3,14,75
6.5,8,3,15,75
6.5,8,4,0,71
6.5,8,4,1,71
6.5,8,4,2,71
6.5,8,4,3,72
6.5,8,4,4,72
6.5,8,4,5,72
6.5,8,4,6,73
6.5,8,4,7,73
6.5,8,4,8,73
6.5,8,4,9,74
6.5,8,4,10,74
6.5,8,4,11,74
6.5,8,4,12,75
6.5,8,4,13,75
6.5,8,4,14,75
6.5,8,4,15,76
6.5,8,5,0,71
6.5,8,5,1,71
6.5,8,5,2,72
6.5,8,5,3,72
6.5,8,5,4,72
6.5,8,5,5,73
6.5,8,5,6,73
6.5,8,5,7,73
6.5,8,5,8,74
6.5,8,5,9,74
6.5,8,5,10,74
6.5,8,5,11,75
6.5,8,5,12,75
6.5,8,5,13,75
6.5,8,5,14,76
6.5,8,5,15,76
6.5,8,6,0,71
6.5,8,6,1,72
6.5,8,6,2,72
6.5,8,6,3,72
6.5,8,6,4,73
6.5,8,6,5,73
6.5,8,6,6,73
6.5,8,6,7,74
6.5,8,6,8,74
6.5,8,6,9,74
6.5,8,6,10,75
6.5,8,6,11,75
6.5,8,6,12,75
6.5,8,6,13,76
6.5,8,6,14,76
6.5,8,6,15,76
6.5,8,7,0,72
6.5,8,7,1,72
6.5,8,7,2,72
6.5,8,7,3,73
6.5,8,7,4,73
6.5,8,7,5,73
6.5,8,7,6,74
6.5,8,7,7,74
6.5,8,7,8,75
6.5,8,7,9,75
6.5,8,7,10,75
6.5,8,7,11,76
6.5,8,7,12,76
6.5,8,7,13,76
6.5,8,7,14,77
6.5,8,7,15,77
6.5,8,8,0,72
6.5,8,8,1,72
6.5,8,8,2,73
6.5,8,8,3,73
6.5,8,8,4,74
6.5,8,8,5,74
6.5,8,8,6,74
6.5,8,8,7,75
6.5,8,8,8,75
6.5,8,8,9,75
6.5,8,8,10,76
6.5,8,8,11,76
6.5,8,8,12,76
6.5,8,8,13,77
6.5,8,8,14,77
6.5,8,8,15,77
6.5,8,9,0,73
6.5,8,9,1,73
6.5,8,9,2,73
6.5,8,9,3,74
6.5,8,9,4,74
6.5,8,9,5,74
6.5,8,9,6,75
6.5,8,9,7,75
6.5,8,9,8,75
6.5,8,9,9,76
6.5,8,9,10,76
6.5,8,9,11,76
6.5,8,9,12,77
6.5,8,9,13,77
6.5,8,9,14,77
6.5,8,9,15,78
6.5,8,10,0,73
6.5,8,10,1,73
6.5,8,10,2,74
6.5,8,10,3,74
6.5,8,10,4,74
6.5,8,10,5,75
6.5,8,10,6,75
6.5,8,10,7,75
6.5,8,10,8,76
6.5,8,10,9,76
6.5,8,10,10,76
6.5,8,10,11,77
6.5,8,10,12,77
6.5,8,10,13,77
6.5,8,10,14,78
6.5,8,10,15,78
6.5,8,11,0,73
6.5,8,11,1,74
6.5,8,11,2,74
6.5,8,11,3,74
6.5,8,11,4,75
6.5,8,11,5,75
6.5,8,11,6,75
6.5,8,11,7,76
6.5,8,11,8,76
6.5,8,11,9,77
6.5,8,11,10,77
6.5,8,11,11,77
6.5,8,11,12,78
6.5,8,11,13,78
6.5,8,11,14,78
6.5,8,11,15,79
6.5,8,12,0,74
6.5,8,12,1,74
6.5,8,12,2,74
6.5,8,12,3,75
6.5,8,12,4,75
6.5,8,12,5,76
6.5,8,12,6,76
6.5,8,12,7,76
6.5,8,12,8,77
6.5,8,12,9,77
6.5,8,12,10,77
6.5,8,12,11,78
6.5,8,12,12,78
6.5,8,12,13,78
6.5,8,12,14,79
6.5,8,12,15,79
6.5,8,13,0,74
6.5,8,13,1,74
6.5,8,13,2,75
6.5,8,13,3,75
6.5,8,13,4,76
6.5,8,13,5,76
6.5,8,13,6,76
6.5,8,13,7,77
6.5,8,13,8,77
6.5,8,13,9,77
6.5,8,13,10,78
6.5,8,13,11,78
6.5,8,13,12,78
6.5,8,13,13,79
6.5,8,13,14,79
6.5,8,13,15,79
6.5,8,14,0,74
6.5,8,14,1,75
6.5,8,14,2,75
6.5,8,14,3,76
6.5,8,14,4,76
6.5,8,14,5,76
6.5,8,14,6,77
6.5,8,14,7,77
6.5,8,14,8,77
6.5,8,14,9,78
6.5,8,14,10,78
6.5,8,14,11,78
6.5,8,14,12,79
6.5,8,14,13,79
6.5,8,14,14,79
6.5,8,14,15,80
6.5,8,15,0,75
6.5,8,15,1,75
6.5,8,15,2,76
6.5,8,15,3,76
6.5,8,15,4,76
6.5,8,15,5,77
6.5,8,15,6,77
6.5,8,15,7,77
6.5,8,15,8,78
6.5,8,15,9,78
6.5,8,15,10,78
6.5,8,15,11,79
6.5,8,15,12,79
6.5,8,15,13,80
6.5,8,15,14,80
6.5,8,15,15,80
6.5,9,0,0,70
6.5,9,0,1,70
6.5,9,0,2,71
6.5,9,0,3,71
6.5,9,0,4,71
6.5,9,0,5,72
6.5,9,0,6,72
6.5,9,0,7,72
6.5,9,0,8,73
6.5,9,0,9,73
6.5,9,0,10,73
6.5,9,0,11,74
6.5,9,0,12,74
6.5,9,0,13,74
6.5,9,0,14,75
6.5,9,0,15,75
6.5,9,1,0,70
6.5,9,1,1,71
6.5,9,1,2,71
6.5,9,1,3,71
6.5,9,1,4,72
6.5,9,1,5,72
6.5,9,1,6,72
6.5,9,1,7,73
6.5,9,1,8,73
6.5,9,1,9,73
6.5,9,1,10,74
6.5,9,1,11,74
6.5,9,1,12,74
6.5,9,1,13,75
6.5,9,1,14,75
6.5,9,1,15,75
6.5,9,2,0,71
6.5,9,2,1,71
6.5,9,2,2,71
6.5,9,2,3,72
6.5,9,2,4,72
6.5,9,2,5,72
6.5,9,2,6,73
6.5,9,2,7,73
6.5,9,2,8,73
6.5,9,2,9,74
6.5,9,2,10,74
6.5,9,2,11,74
6.5,9,2,12,75
6.5,9,2,13,75
6.5,9,2,14,75
6.5,9,2,15,76
6.5,9,3,0,71
6.5,9,3,1,72
6.5,9,3,2,72
6.5,9,3,3,72
6.5,9,3,4,73
6.5,9,3,5,73
6.5,9,3,6,73
6.5,9,3,7,74
6.5,9,3,8,74
6.5,9,3,9,74
6.5,9,3,10,75
6.5,9,3,11,75
6.5,9,3,12,75
6.5,9,3,13,76
6.5,9,3,14,76
6.5,9,3,15,76
6.5,9,4,0,72
6.5,9,4,1,72
6.5,9,4,2,72
6.5,9,4,3,73
6.5,9,4,4,73
6.5,9,4,5,73
6.5,9,4,6,74
6.5,9,4,7,74
6.5,9,4,8,74
6.5,9,4,9,75
6.5,9,4,10,75
6.5,9,4,11,75
6.5,9,4,12,76
6.5,9,4,13,76
6.5,9,4,14,76
6.5,9,4,15,77
6.5,9,5,0,72
6.5,9,5,1,72
6.5,9,5,2,73
6.5,9,5,3,73
6.5,9,5,4,73
6.5,9,5,5,74
6.5,9,5,6,74
6.5,9,5,7,74
6.5,9,5,8,75
6.5,9,5,9,75
6.5,9,5,10,75
6.5,9,5,11,76
6.5,9,5,12,76
6.5,9,5,13,76
6.5,9,5,14,77
6.5,9,5,15,77
6.5,9,6,0,72
6.5,9,6,1,73
6.5,9,6,2,73
6.5,9,6,3,73
6.5,9,6,4,74
6.5,9,6,5,74
6.5,9,6,6,75
6.5,9,6,7,75
6.5,9,6,8,75
6.5,9,6,9,76
6.5,9,6,10,76
6.5,9,6,11,76
6.5,9,6,12,77
6.5,9,6,13,77
6.5,9,6,14,77
6.5,9,6,15,78
6.5,9,7,0,73
6.5,9,7,1,73
6.5,9,7,2,74
6.5,9,7,3,74
6.5,9,7,4,74
6.5,9,7,5,75
6.5,9,7,6,75
6.5,9,7,7,75
6.5,9,7,8,76
6.5,9,7,9,76
6.5,9,7,10,76
6.5,9,7,11,77
6.5,9,7,12,77
6.5,9,7,13,77
6.5,9,7,14,78
6.5,9,7,15,78
6.5,9,8,0,73
6.5,9,8,1,74
6.5,9,8,2,74
6.5,9,8,3,74
6.5,9,8,4,75
6.5,9,8,5,75
6.5,9,8,6,75
6.5,9,8,7,76
6.5,9,8,8,76
6.5,9,8,9,76
6.5,9,8,10,77
6.5,9,8,11,77
6.5,9,8,12,77
6.5,9,8,13,78
6.5,9,8,14,78
6.5,9,8,15,78
6.5,9,9,0,74
6.5,9,9,1,74
6.5,9,9,2,74
6.5,9,9,3,75
6.5,9,9,4,75
6.5,9,9,5,75
6.5,9,9,6,76
6.5,9,9,7,76
6.5,9,9,8,76
6.5,9,9,9,77
6.5,9,9,10,77
6.5,9,9,11,78
6.5,9,9,12,78
6.5,9,9,13,78
6.5,9,9,14,79
6.5,9,9,15,79
6.5,9,10,0,74
6.5,9,10,1,74
6.5,9,10,2,75
6.5,9,10,3,75
6.5,9,10,4,75
6.5,9,10,5,76
6.5,9,10,6,76
6.5,9,10,7,77
6.5,9,10,8,77
6.5,9,10,9,77
6.5,9,10,10,78
6.5,9,10,11,78
6.5,9,10,12,78
6.5,9,10,13,79
6.5,9,10,14,79
6.5,9,10,15,79
6.5,9,11,0,74
6.5,9,11,1,75
6.5,9,11,2,75
6.5,9,11,3,76
6.5,9,11,4,76
6.5,9,11,5,76
6.5,9,11,6,77
6.5,9,11,7,77
6.5,9,11,8,77
6.5,9,11,9,78
6.5,9,11,10,78
6.5,9,11,11,78
6.5,9,11,12,79
6.5,9,11,13,79
6.5,9,11,14,79
6.5,9,11,15,80
6.5,9,12,0,75
6.5,9,12,1,75
6.5,9,12,2,76
6.5,9,12,3,76
6.5,9,12,4,76
6.5,9,12,5,77
6.5,9,12,6,77
6.5,9,12,7,77
6.5,9,12,8,78
6.5,9,12,9,78
6.5,9,12,10,78
6.5,9,12,11,79
6.5,9,12,12,79
6.5,9,12,13,79
6.5,9,12,14,80
6.5,9,12,15,80
6.5,9,13,0,75
6.5,9,13,1,76
6.5,9,13,2,76
6.5,9,13,3,76
6.5,9,13,4,77
6.5,9,13,5,77
6.5,9,13,6,77
6.5,9,13,7,78
6.5,9,13,8,78
6.5,9,13,9,78
6.5,9,13,10,79
6.5,9,13,11,79
6.5,9,13,12,80
6.5,9,13,13,80
6.5,9,13,14,80
6.5,9,13,15,81
6.5,9,14,0,76
6.5,9,14,1,76
6.5,9,14,2,76
6.5,9,14,3,77
6.5,9,14,4,77
6.5,9,14,5,77
6.5,9,14,6,78
6.5,9,14,7,78
6.5,9,14,8,79
6.5,9,14,9,79
6.5,9,14,10,79
6.5,9,14,11,80
6.5,9,14,12,80
6.5,9,14,13,80
6.5,9,14,14,81
6.5,9,14,15,81
6.5,9,15,0,76
6.5,9,15,1,76
6.5,9,15,2,77
6.5,9,15,3,77
6.5,9,15,4,77
6.5,9,15,5,78
6.5,9,15,6,78
6.5,9,15,7,79
6.5,9,15,8,79
6.5,9,15,9,79
6.5,9,15,10,80
6.5,9,15,11,80
6.5,9,15,12,80
6.5,9,15,13,81
6.5,9,15,14,81
6.5,9,15,15,81
6.5,10,0,0,71
6.5,10,0,1,71
6.5,10,0,2,72
6.5,10,0,3,72
6.5,10,0,4,72
6.5,10,0,5,73
6.5,10,0,6,73
6.5,10,0,7,73
6.5,10,0,8,74
6.5,10,0,9,74
6.5,10,0,10,74
6.5,10,0,11,75
6.5,10,0,12,75
6.5,10,0,13,75
6.5,10,0,14,76
6.5,10,0,15,76
6.5,10,1,0,71
6.5,10,1,1,72
6.5,10,1,2,72
6.5,10,1,3,72
6.5,10,1,4,73
6.5,10,1,5,73
6.5,10,1,6,73
6.5,10,1,7,74
6.5,10,1,8,74
6.5,10,1,9,74
6.5,10,1,10,75
6.5,10,1,11,75
6.5,10,1,12,75
6.5,10,1,13,76
6.5,10,1,14,76
6.5,10,1,15,76
6.5,10,2,0,72
6.5,10,2,1,72
6.5,10,2,2,72
6.5,10,2,3,73
6.5,10,2,4,73
6.5,10,2,5,74
6.5,10,2,6,74
6.5,10,2,7,74
6.5,10,2,8,75
6.5,10,2,9,75
6.5,10,2,10,75
6.5,10,2,11,76
6.5,10,2,12,76
6.5,10,2,13,76
6.5,10,2,14,77
6.5,10,2,15,77
6.5,10,3,0,72
6.5,10,3,1,73
6.5,10,3,2,73
6.5,10,3,3,73
6.5,10,3,4,74
6.5,10,3,5,74
6.5,10,3,6,74
6.5,10,3,7,75
6.5,10,3,8,75
6.5,10,3,9,75
6.5,10,3,10,76
6.5,10,3,11,76
6.5,10,3,12,76
6.5,10,3,13,77
6.5,10,3,14,77
6.5,10,3,15,77
6.5,10,4,0,73
6.5,10,4,1,73
6.5,10,4,2,73
6.5,10,4,3,74
6.5,10,4,4,74
6.5,10,4,5,74
6.5,10,4,6,75
6.5,10,4,7,75
6.5,10,4,8,75
6.5,10,4,9,76
6.5,10,4,10,76
6.5,10,4,11,76
6.5,10,4,12,77
6.5,10,4,13,77
6.5,10,4,14,77
6.5,10,4,15,78
6.5,10,5,0,73
6.5,10,5,1,73
6.5,10,5,2,74
6.5,10,5,3,74
6.5,10,5,4,74
6.5,10,5,5,75
6.5,10,5,6,75
6.5,10,5,7,76
6.5,10,5,8,76
6.5,10,5,9,76
6.5,10,5,10,77
6.5,10,5,11,77
6.5,10,5,12,77
6.5,10,5,13,78
6.5,10,5,14,78
6.5,10,5,15,78
6.5,10,6,0,73
6.5,10,6,1,74
6.5,10,6,2,74
6.5,10,6,3,75
6.5,10,6,4,75
6.5,10,6,5,75
6.5,10,6,6,76
6.5,10,6,7,76
6.5,10,6,8,76
6.5,10,6,9,77
6.5,10,6,10,77
6.5,10,6,11,77
6.5,10,6,12,78
6.5,10,6,13,78
6.5,10,6,14,78
6.5,10,6,15,79
6.5,10,7,0,74
6.5,10,7,1,74
6.5,10,7,2,75
6.5,10,7,3,75
6.5,10,7,4,75
6.5,10,7,5,76
6.5,10,7,6,76
6.5,10,7,7,76
6.5,10,7,8,77
6.5,10,7,9,77
6.5,10,7,10,77
6.5,10,7,11,78
6.5,10,7,12,78
6.5,10,7,13,78
6.5,10,7,14,79
6.5,10,7,15,79
6.5,10,8,0,74
6.5,10,8,1,75
6.5,10,8,2,75
6.5,10,8,3,75
6.5,10,8,4,76
6.5,10,8,5,76
6.5,10,8,6,76
6.5,10,8,7,77
6.5,10,8,8,77
6.5,10,8,9,78
6.5,10,8,10,78
6.5,10,8,11,78
6.5,10,8,12,79
6.5,10,8,13,79
6.5,10,8,14,79
6.5,10,8,15,80
6.5,10,9,0,75
6.5,10,9,1,75
6.5,10,9,2,75
6.5,10,9,3,76
6.5,10,9,4,76
6.5,10,9,5,77
6.5,10,9,6,77
6.5,10,9,7,77
6.5,10,9,8,78
6.5,10,9,9,78
6.5,10,9,10,78
6.5,10,9,11,79
6.5,10,9,12,79
6.5,10,9,13,79
6.5,10,9,14,80
6.5,10,9,15,80
6.5,10,10,0,75
6.5,10,10,1,75
6.5,10,10,2,76
6.5,10,10,3,76
6.5,10,10,4,77
6.5,10,10,5,77
6.5,10,10,6,77
6.5,10,10,7,78
6.5,10,10,8,78
6.5,10,10,9,78
6.5,10,10,10,79
6.5,10,10,11,79
6.5,10,10,12,79
6.5,10,10,13,80
6.5,10,10,14,80
6.5,10,10,15,80
6.5,10,11,0,76
6.5,10,11,1,76
6.5,10,11,2,76
6.5,10,11,3,77
6.5,10,11,4,77
6.5,10,11,5,77
6.5,10,11,6,78
6.5,10,11,7,78
6.5,10,11,8,78
6.5,10,11,9,79
6.5,10,11,10,79
6.5,10,11,11,80
6.5,10,11,12,80
6.5,10,11,13,80
6.5,10,11,14,81
6.5,10,11,15,81
6.5,10,12,0,76
6.5,10,12,1,76
6.5,10,12,2,77
6.5,10,12,3,77
6.5,10,12,4,77
6.5,10,12,5,78
6.5,10,12,6,78
6.5,10,12,7,79
6.5,10,12,8,79
6.5,10,12,9,79
6.5,10,12,10,80
6.5,10,12,11,80
6.5,10,12,12,80
6.5,10,12,13,81
6.5,10,12,14,81
6.5,10,12,15,81
6.5,10,13,0,76
6.5,10,13,1,77
6.5,10,13,2,77
6.5,10,13,3,77
6.5,10,13,4,78
6.5,10,13,5,78
6.5,10,13,6,79
6.5,10,13,7,79
6.5,10,13,8,79
6.5,10,13,9,80
6.5,10,13,10,80
6.5,10,13,11,80
6.5,10,13,12,81
6.5,10,13,13,81
6.5,10,13,14,81
6.5,10,13,15,82
6.5,10,14,0,77
6.5,10,14,1,77
6.5,10,14,2,77
6.5,10,14,3,78
6.5,10,14,4,78
6.5,10,14,5,79
6.5,10,14,6,79
6.5,10,14,7,79
6.5,10,14,8,80
6.5,10,14,9,80
6.5,10,14,10,80
6.5,10,14,11,81
6.5,10,14,12,81
6.5,10,14,13,82
6.5,10,14,14,82
6.5,10,14,15,82
6.5,10,15,0,77
6.5,10,15,1,78
6.5,10,15,2,78
6.5,10,15,3,78
6.5,10,15,4,79
6.5,10,15,5,79
6.5,10,15,6,79
6.5,10,15,7,80
6.5,10,15,8,80
6.5,10,15,9,80
6.5,10,15,10,81
6.5,10,15,11,81
6.5,10,15,12,82
6.5,10,15,13,82
6.5,10,15,14,82
6.5,10,15,15,83
6.5,11,0,0,72
6.5,11,0,1,72
6.5,11,0,2,73
6.5,11,0,3,73
6.5,11,0,4,73
6.5,11,0,5,74
6.5,11,0,6,74
6.5,11,0,7,74
6.5,11,0,8,75
6.5,11,0,9,75
6.5,11,0,10,75
6.5,11,0,11,76
6.5,11,0,12,76
6.5,11,0,13,76
6.5,11,0,14,77
6.5,11,0,15,77
6.5,11,1,0,72
6.5,11,1,1,73
6.5,11,1,2,73
6.5,11,1,3,73
6.5,11,1,4,74
6.5,11,1,5,74
6.5,11,1,6,75
6.5,11,1,7,75
6.5,11,1,8,75
6.5,11,1,9,76
6.5,11,1,10,76
6.5,11,1,11,76
6.5,11,1,12,77
6.5,11,1,13,77
6.5,11,1,14,77
6.5,11,1,15,78
6.5,11,2,0,73
6.5,11,2,1,73
6.5,11,2,2,74
6.5,11,2,3,74
6.5,11,2,4,74
6.5,11,2,5,75
6.5,11,2,6,75
6.5,11,2,7,75
6.5,11,2,8,76
6.5,11,2,9,76
6.5,11,2,10,76
6.5,11,2,11,77
6.5,11,2,12,77
6.5,11,2,13,77
6.5,11,2,14,78
6.5,11,2,15,78
6.5,11,3,0,73
6.5,11,3,1,74
6.5,11,3,2,74
6.5,11,3,3,74
6.5,11,3,4,75
6.5,11,3,5,75
6.5,11,3,6,75
6.5,11,3,7,76
6.5,11,3,8,76
6.5,11,3,9,76
6.5,11,3,10,77
6.5,11,3,11,77
6.5,11,3,12,77
6.5,11,3,13,78
6.5,11,3,14,78
6.5,11,3,15,79
6.5,11,4,0,74
6.5,11,4,1,74
6.5,11,4,2,74
6.5,11,4,3,75
6.5,11,4,4,75
6.5,11,4,5,75
6.5,11,4,6,76
6.5,11,4,7,76
6.5,11,4,8,77
6.5,11,4,9,77
6.5,11,4,10,77
6.5,11,4,11,78
6.5,11,4,12,78
6.5,11,4,13,78
6.5,11,4,14,79
6.5,11,4,15,79
6.5,11,5,0,74
6.5,11,5,1,74
6.5,11,5,2,75
6.5,11,5,3,75
6.5,11,5,4,76
6.5,11,5,5,76
6.5,11,5,6,76
6.5,11,5,7,77
6.5,11,5,8,77
6.5,11,5,9,77
6.5,11,5,10,78
6.5,11,5,11,78
6.5,11,5,12,78
6.5,11,5,13,79
6.5,11,5,14,79
6.5,11,5,15,79
6.5,11,6,0,75
6.5,11,6,1,75
6.5,11,6,2,75
6.5,11,6,3,76
6.5,11,6,4,76
6.5,11,6,5,76
6.5,11,6,6,77
6.5,11,6,7,77
6.5,11,6,8,77
6.5,11,6,9,78
6.5,11,6,10,78
6.5,11,6,11,78
6.5,11,6,12,79
6.5,11,6,13,79
6.5,11,6,14,80
6.5,11,6,15,80
6.5,11,7,0,75
6.5,11,7,1,75
6.5,11,7,2,76
6.5,11,7,3,76
6.5,11,7,4,76
6.5,11,7,5,77
6.5,11,7,6,77
6.5,11,7,7,78
6.5,11,7,8,78
6.5,11,7,9,78
6.5,11,7,10,79
6.5,11,7,11,79
6.5,11,7,12,79
6.5,11,7,13,80
6.5,11,7,14,80
6.5,11,7,15,80
6.5,11,8,0,75
6.5,11,8,1,76
6.5,11,8,2,76
6.5,11,8,3,76
6.5,11,8,4,77
6.5,11,8,5,77
6.5,11,8,6,78
6.5,11,8,7,78
6.5,11,8,8,78
6.5,11,8,9,79
6.5,11,8,10,79
6.5,11,8,11,79
6.5,11,8,12,80
6.5,11,8,13,80
6.5,11,8,14,80
6.5,11,8,15,81
6.5,11,9,0,76
6.5,11,9,1,76
6.5,11,9,2,77
6.5,11,9,3,77
6.5,11,9,4,77
6.5,11,9,5,78
6.5,11,9,6,78
6.5,11,9,7,78
6.5,11,9,8,79
6.5,11,9,9,79
6.5,11,9,10,79
6.5,11,9,11,80
6.5,11,9,12,80
6.5,11,9,13,81
6.5,11,9,14,81
6.5,11,9,15,81
6.5,11,10,0,76
6.5,11,10,1,77
6.5,11,10,2,77
6.5,11,10,3,77
6.5,11,10,4,78
6.5,11,10,5,78
6.5,11,10,6,78
6.5,11,10,7,79
6.5,11,10,8,79
6.5,11,10,9,80
6.5,11,10,10,80
6.5,11,10,11,80
6.5,11,10,12,81
6.5,11,10,13,81
6.5,11,10,14,81
6.5,11,10,15,82
6.5,11,11,0,77
6.5,11,11,1,77
6.5,11,11,2,77
6.5,11,11,3,78
6.5,11,11,4,78
6.5,11,11,5,78
6.5,11,11,6,79
6.5,11,11,7,79
6.5,11,11,8,80
6.5,11,11,9,80
6.5,11,11,10,80
6.5,11,11,11,81
6.5,11,11,12,81
6.5,11,11,13,81
6.5,11,11,14,82
6.5,11,11,15,82
6.5,11,12,0,77
6.5,11,12,1,77
6.5,11,12,2,78
6.5,11,12,3,78
6.5,11,12,4,79
6.5,11,12,5,79
6.5,11,12,6,79
6.5,11,12,7,80
6.5,11,12,8,80
6.5,11,12,9,80
6.5,11,12,10,81
6.5,11,12,11,81
6.5,11,12,12,81
6.5,11,12,13,82
6.5,11,12,14,82
6.5,11,12,15,83
6.5,11,13,0,77
6.5,11,13,1,78
6.5,11,13,2,78
6.5,11,13,3,79
6.5,11,13,4,79
6.5,11,13,5,79
6.5,11,13,6,80
6.5,11,13,7,80
6.5,11,13,8,80
6.5,11,13,9,81
6.5,11,13,10,81
6.5,11,13,11,82
6.5,11,13,12,82
6.5,11,13,13,82
6.5,11,13,14,83
6.5,11,13,15,83
6.5,11,14,0,78
6.5,11,14,1,78
6.5,11,14,2,79
6.5,11,14,3,79
6.5,11,14,4,79
6.5,11,14,5,80
6.5,11,14,6,80
6.5,11,14,7,80
6.5,11,14,8,81
6.5,11,14,9,81
6.5,11,14,10,82
6.5,11,14,11,82
6.5,11,14,12,82
6.5,11,14,13,83
6.5,11,14,14,83
6.5,11,14,15,83
6.5,11,15,0,78
6.5,11,15,1,79
6.5,11,15,2,79
6.5,11,15,3,79
6.5,11,15,4,80
6.5,11,15,5,80
6.5,11,15,6,81
6.5,11,15,7,81
6.5,11,15,8,81
6.5,11,15,9,82
6.5,11,15,10,82
6.5,11,15,11,82
6.5,11,15,12,83
6.5,11,15,13,83
6.5,11,15,14,83
6.5,11,15,15,84
6.5,12,0,0,73
6.5,12,0,1,73
6.5,12,0,2,74
6.5,12,0,3,74
6.5,12,0,4,74
6.5,12,0,5,75
6.5,12,0,6,75
6.5,12,0,7,75
6.5,12,0,8,76
6.5,12,0,9,76
6.5,12,0,10,77
6.5,12,0,11,77
6.5,12,0,12,77
6.5,12,0,13,78
6.5,12,0,14,78
6.5,12,0,15,78
6.5,12,1,0,73
6.5,12,1,1,74
6.5,12,1,2,74
6.5,12,1,3,75
6.5,12,1,4,75
6.5,12,1,5,75
6.5,12,1,6,76
6.5,12,1,7,76
6.5,12,1,8,76
6.5,12,1,9,77
6.5,12,1,10,77
6.5,12,1,11,77
6.5,12,1,12,78
6.5,12,1,13,78
6.5,12,1,14,78
6.5,12,1,15,79
6.5,12,2,0,74
6.5,12,2,1,74
6.5,12,2,2,75
6.5,12,2,3,75
6.5,12,2,4,75
6.5,12,2,5,76
6.5,12,2,6,76
6.5,12,2,7,76
6.5,12,2,8,77
6.5,12,2,9,77
6.5,12,2,10,77
6.5,12,2,11,78
6.5,12,2,12,78
6.5,12,2,13,78
6.5,12,2,14,79
6.5,12,2,15,79
6.5,12,3,0,74
6.5,12,3,1,75
6.5,12,3,2,75
6.5,12,3,3,75
6.5,12,3,4,76
6.5,12,3,5,76
6.5,12,3,6,76
6.5,12,3,7,77
6.5,12,3,8,77
6.5,12,3,9,78
6.5,12,3,10,78
6.5,12,3,11,78
6.5,12,3,12,79
6.5,12,3,13,79
6.5,12,3,14,79
6.5,12,3,15,80
6.5,12,4,0,75
6.5,12,4,1,75
6.5,12,4,2,75
6.5,12,4,3,76
6.5,12,4,4,76
6.5,12,4,5,77
6.5,12,4,6,77
6.5,12,4,7,77
6.5,12,4,8,78
6.5,12,4,9,78
6.5,12,4,10,78
6.5,12,4,11,79
6.5,12,4,12,79
6.5,12,4,13,79
6.5,12,4,14,80
6.5,12,4,15,80
6.5,12,5,0,75
6.5,12,5,1,76
6.5,12,5,2,76
6.5,12,5,3,76
6.5,12,5,4,77
6.5,12,5,5,77
6.5,12,5,6,77
6.5,12,5,7,78
6.5,12,5,8,78
6.5,12,5,9,78
6.5,12,5,10,79
6.5,12,5,11,79
6.5,12,5,12,80
6.5,12,5,13,80
6.5,12,5,14,80
6.5,12,5,15,81
6.5,12,6,0,76
6.5,12,6,1,76
6.5,12,6,2,76
6.5,12,6,3,77
6.5,12,6,4,77
6.5,12,6,5,77
6.5,12,6,6,78
6.5,12,6,7,78
6.5,12,6,8,79
6.5,12,6,9,79
6.5,12,6,10,79
6.5,12,6,11,80
6.5,12,6,12,80
6.5,12,6,13,80
6.5,12,6,14,81
6.5,12,6,15,81
6.5,12,7,0,76
6.5,12,7,1,76
6.5,12,7,2,77
6.5,12,7,3,77
6.5,12,7,4,78
6.5,12,7,5,78
6.5,12,7,6,78
6.5,12,7,7,79
6.5,12,7,8,79
6.5,12,7,9,79
6.5,12,7,10,80
6.5,12,7,11,80
6.5,12,7,12,80
6.5,12,7,13,81
6.5,12,7,14,81
6.5,12,7,15,81
6.5,12,8,0,76
6.5,12,8,1,77
6.5,12,8,2,77
6.5,12,8,3,78
6.5,12,8,4,78
6.5,12,8,5,78
6.5,12,8,6,79
6.5,12,8,7,79
6.5,12,8,8,79
6.5,12,8,9,80
6.5,12,8,10,80
6.5,12,8,11,81
6.5,12,8,12,81
6.5,12,8,13,81
6.5,12,8,14,82
6.5,12,8,15,82
6.5,12,9,0,77
6.5,12,9,1,77
6.5,12,9,2,78
6.5,12,9,3,78
6.5,12,9,4,78
6.5,12,9,5,79
6.5,12,9,6,79
6.5,12,9,7,80
6.5,12,9,8,80
6.5,12,9,9,80
6.5,12,9,10,81
6.5,12,9,11,81
6.5,12,9,12,81
6.5,12,9,13,82
6.5,12,9,14,82
6.5,12,9,15,82
6.5,12,10,0,77
6.5,12,10,1,78
6.5,12,10,2,78
6.5,12,10,3,78
6.5,12,10,4,79
6.5,12,10,5,79
6.5,12,10,6,80
6.5,12,10,7,80
6.5,12,10,8,80
6.5,12,10,9,81
6.5,12,10,10,81
6.5,12,10,11,81
6.5,12,10,12,82
6.5,12,10,13,82
6.5,12,10,14,82
6.5,12,10,15,83
6.5,12,11,0,78
6.5,12,11,1,78
6.5,12,11,2,78
6.5,12,11,3,79
6.5,12,11,4,79
6.5,12,11,5,80
6.5,12,11,6,80
6.5,12,11,7,80
6.5,12,11,8,81
6.5,12,11,9,81
6.5,12,11,10,81
6.5,12,11,11,82
6.5,12,11,12,82
6.5,12,11,13,83
6.5,12,11,14,83
6.5,12,11,15,83
6.5,12,12,0,78
6.5,12,12,1,79
6.5,12,12,2,79
6.5,12,12,3,79
6.5,12,12,4,80
6.5,12,12,5,80
6.5,12,12,6,80
6.5,12,12,7,81
6.5,12,12,8,81
6.5,12,12,9,82
6.5,12,12,10,82
6.5,12,12,11,82
6.5,12,12,12,83
6.5,12,12,13,83
6.5,12,12,14,83
6.5,12,12,15,84
6.5,12,13,0,79
6.5,12,13,1,79
6.5,12,13,2,79
6.5,12,13,3,80
6.5,12,13,4,80
6.5,12,13,5,80
6.5,12,13,6,81
6.5,12,13,7,81
6.5,12,13,8,82
6.5,12,13,9,82
6.5,12,13,10,82
6.5,12,13,11,83
6.5,12,13,12,83
6.5,12,13,13,83
6.5,12,13,14,84
6.5,12,13,15,84
6.5,12,14,0,79
6.5,12,14,1,79
6.5,12,14,2,80
6.5,12,14,3,80
6.5,12,14,4,81
6.5,12,14,5,81
6.5,12,14,6,81
6.5,12,14,7,82
6.5,12,14,8,82
6.5,12,14,9,82
6.5,12,14,10,83
6.5,12,14,11,83
6.5,12,14,12,84
6.5,12,14,13,84
6.5,12,14,14,84
6.5,12,14,15,85
6.5,12,15,0,79
6.5,12,15,1,80
6.5,12,15,2,80
6.5,12,15,3,81
6.5,12,15,4,81
6.5,12,15,5,81
6.5,12,15,6,82
6.5,12,15,7,82
6.5,12,15,8,82
6.5,12,15,9,83
6.5,12,15,10,83
6.5,12,15,11,84
6.5,12,15,12,84
6.5,12,15,13,84
6.5,12,15,14,85
6.5,12,15,15,85
6.5,13,0,0,74
6.5,13,0,1,74
6.5,13,0,2,75
6.5,13,0,3,75
6.5,13,0,4,75
6.5,13,0,5,76
6.5,13,0,6,76
6.5,13,0,7,77
6.5,13,0,8,77
6.5,13,0,9,77
6.5,13,0,10,78
6.5,13,0,11,78
6.5,13,0,12,78
6.5,13,0,13,79
6.5,13,0,14,79
6.5,13,0,15,79
6.5,13,1,0,74
6.5,13,1,1,75
6.5,13,1,2,75
6.5,13,1,3,76
6.5,13,1,4,76
6.5,13,1,5,76
6.5,13,1,6,77
6.5,13,1,7,77
6.5,13,1,8,77
6.5,13,1,9,78
6.5,13,1,10,78
6.5,13,1,11,78
6.5,13,1,12,79
6.5,13,1,13,79
6.5,13,1,14,79
6.5,13,1,15,80
6.5,13,2,0,75
6.5,13,2,1,75
6.5,13,2,2,76
6.5,13,2,3,76
6.5,13,2,4,76
6.5,13,2,5,77
6.5,13,2,6,77
6.5,13,2,7,77
6.5,13,2,8,78
6.5,13,2,9,78
6.5,13,2,10,79
6.5,13,2,11,79
6.5,13,2,12,79
6.5,13,2,13,80
6.5,13,2,14,80
6.5,13,2,15,80
6.5,13,3,0,75
6.5,13,3,1,76
6.5,13,3,2,76
6.5,13,3,3,76
6.5,13,3,4,77
6.5,13,3,5,77
6.5,13,3,6,78
6.5,13,3,7,78
6.5,13,3,8,78
6.5,13,3,9,79
6.5,13,3,10,79
6.5,13,3,11,79
6.5,13,3,12,80
6.5,13,3,13,80
6.5,13,3,14,80
6.5,13,3,15,81
6.5,13,4,0,76
6.5,13,4,1,76
6.5,13,4,2,77
6.5,13,4,3,77
6.5,13,4,4,77
6.5,13,4,5,78
6.5,13,4,6,78
6.5,13,4,7,78
6.5,13,4,8,79
6.5,13,4,9,79
6.5,13,4,10,79
6.5,13,4,11,80
6.5,13,4,12,80
6.5,13,4,13,81
6.5,13,4,14,81
6.5,13,4,15,81
6.5,13,5,0,76
6.5,13,5,1,77
6.5,13,5,2,77
6.5,13,5,3,77
6.5,13,5,4,78
6.5,13,5,5,78
6.5,13,5,6,78
6.5,13,5,7,79
6.5,13,5,8,79
6.5,13,5,9,80
6.5,13,5,10,80
6.5,13,5,11,80
6.5,13,5,12,81
6.5,13,5,13,81
6.5,13,5,14,81
6.5,13,5,15,82
6.5,13,6,0,77
6.5,13,6,1,77
6.5,13,6,2,77
6.5,13,6,3,78
6.5,13,6,4,78
6.5,13,6,5,79
6.5,13,6,6,79
6.5,13,6,7,79
6.5,13,6,8,80
6.5,13,6,9,80
6.5,13,6,10,80
6.5,13,6,11,81
6.5,13,6,12,81
6.5,13,6,13,81
6.5,13,6,14,82
6.5,13,6,15,82
6.5,13,7,0,77
6.5,13,7,1,78
6.5,13,7,2,78
6.5,13,7,3,78
6.5,13,7,4,79
6.5,13,7,5,79
6.5,13,7,6,79
6.5,13,7,7,80
6.5,13,7,8,80
6.5,13,7,9,80
6.5,13,7,10,81
6.5,13,7,11,81
6.5,13,7,12,82
6.5,13,7,13,82
6.5,13,7,14,82
6.5,13,7,15,83
6.5,13,8,0,78
6.5,13,8,1,78
6.5,13,8,2,78
6.5,13,8,3,79
6.5,13,8,4,79
6.5,13,8,5,79
6.5,13,8,6,80
6.5,13,8,7,80
6.5,13,8,8,81
6.5,13,8,9,81
6.5,13,8,10,81
6.5,13,8,11,82
6.5,13,8,12,82
6.5,13,8,13,82
6.5,13,8,14,83
6.5,13,8,15,83
6.5,13,9,0,78
6.5,13,9,1,78
6.5,13,9,2,79
6.5,13,9,3,79
6.5,13,9,4,80
6.5,13,9,5,80
6.5,13,9,6,80
6.5,13,9,7,81
6.5,13,9,8,81
6.5,13,9,9,81
6.5,13,9,10,82
6.5,13,9,11,82
6.5,13,9,12,82
6.5,13,9,13,83
6.5,13,9,14,83
6.5,13,9,15,84
6.5,13,10,0,78
6.5,13,10,1,79
6.5,13,10,2,79
6.5,13,10,3,80
6.5,13,10,4,80
6.5,13,10,5,80
6.5,13,10,6,81
6.5,13,10,7,81
6.5,13,10,8,81
6.5,13,10,9,82
6.5,13,10,10,82
6.5,13,10,11,83
6.5,13,10,12,83
6.5,13,10,13,83
6.5,13,10,14,84
6.5,13,10,15,84
6.5,13,11,0,79
6.5,13,11,1,79
6.5,13,11,2,80
6.5,13,11,3,80
6.5,13,11,4,80
6.5,13,11,5,81
6.5,13,11,6,81
6.5,13,11,7,82
6.5,13,11,8,82
6.5,13,11,9,82
6.5,13,11,10,83
6.5,13,11,11,83
6.5,13,11,12,83
6.5,13,11,13,84
6.5,13,11,14,84
6.5,13,11,15,84
6.5,13,12,0,79
6.5,13,12,1,80
6.5,13,12,2,80
6.5,13,12,3,80
6.5,13,12,4,81
6.5,13,12,5,81
6.5,13,12,6,82
6.5,13,12,7,82
6.5,13,12,8,82
6.5,13,12,9,83
6.5,13,12,10,83
6.5,13,12,11,83
6.5,13,12,12,84
6.5,13,12,13,84
6.5,13,12,14,85
6.5,13,12,15,85
6.5,13,13,0,80
6.5,13,13,1,80
6.5,13,13,2,80
6.5,13,13,3,81
6.5,13,13,4,81
6.5,13,13,5,82
6.5,13,13,6,82
6.5,13,13,7,82
6.5,13,13,8,83
6.5,13,13,9,83
6.5,13,13,10,84
6.5,13,13,11,84
6.5,13,13,12,84
6.5,13,13,13,85
6.5,13,13,14,85
6.5,13,13,15,85
6.5,13,14,0,80
6.5,13,14,1,80
6.5,13,14,2,81
6.5,13,14,3,81
6.5,13,14,4,82
6.5,13,14,5,82
6.5,13,14,6,82
6.5,13,14,7,83
6.5,13,14,8,83
6.5,13,14,9,84
6.5,13,14,10,84
6.5,13,14,11,84
6.5,13,14,12,85
6.5,13,14,13,85
6.5,13,14,14,85
6.5,13,14,15,86
6.5,13,15,0,81
6.5,13,15,1,81
6.5,13,15,2,81
6.5,13,15,3,82
6.5,13,15,4,82
6.5,13,15,5,82
6.5,13,15,6,83
6.5,13,15,7,83
6.5,13,15,8,84
6.5,13,15,9,84
6.5,13,15,10,84
6.5,13,15,11,85
6.5,13,15,12,85
6.5,13,15,13,86
6.5,13,15,14,86
6.5,13,15,15,86
6.5,14,0,0,75
6.5,14,0,1,75
6.5,14,0,2,76
6.5,14,0,3,76
6.5,14,0,4,77
6.5,14,0,5,77
6.5,14,0,6,77
6.5,14,0,7,78
6.5,14,0,8,78
6.5,14,0,9,78
6.5,14,0,10,79
6.5,14,0,11,79
6.5,14,0,12,79
6.5,14,0,13,80
6.5,14,0,14,80
6.5,14,0,15,80
6.5,14,1,0,76
6.5,14,1,1,76
6.5,14,1,2,76
6.5,14,1,3,77
6.5,14,1,4,77
6.5,14,1,5,77
6.5,14,1,6,78
6.5,14,1,7,78
6.5,14,1,8,78
6.5,14,1,9,79
6.5,14,1,10,79
6.5,14,1,11,80
6.5,14,1,12,80
6.5,14,1,13,80
6.5,14,1,14,81
6.5,14,1,15,81
6.5,14,2,0,76
6.5,14,2,1,76
6.5,14,2,2,77
6.5,14,2,3,77
6.5,14,2,4,77
6.5,14,2,5,78
6.5,14,2,6,78
6.5,14,2,7,79
6.5,14,2,8,79
6.5,14,2,9,79
6.5,14,2,10,80
6.5,14,2,11,80
6.5,14,2,12,80
6.5,14,2,13,81
6.5,14,2,14,81
6.5,14,2,15,81
6.5,14,3,0,76
6.5,14,3,1,77
6.5,14,3,2,77
6.5,14,3,3,78
6.5,14,3,4,78
6.5,14,3,5,78
6.5,14,3,6,79
6.5,14,3,7,79
6.5,14,3,8,79
6.5,14,3,9,80
6.5,14,3,10,80
6.5,14,3,11,80
6.5,14,3,12,81
6.5,14,3,13,81
6.5,14,3,14,82
6.5,14,3,15,82
6.5,14,4,0,77
6.5,14,4,1,77
6.5,14,4,2,78
6.5,14,4,3,78
6.5,14,4,4,78
6.5,14,4,5,79
6.5,14,4,6,79
6.5,14,4,7,79
6.5,14,4,8,80
6.5,14,4,9,80
6.5,14,4,10,81
6.5,14,4,11,81
6.5,14,4,12,81
6.5,14,4,13,82
6.5,14,4,14,82
6.5,14,4,15,82
6.5,14,5,0,77
6.5,14,5,1,78
6.5,14,5,2,78
6.5,14,5,3,78
6.5,14,5,4,79
6.5,14,5,5,79
6.5,14,5,6,80
6.5,14,5,7,80
6.5,14,5,8,80
6.5,14,5,9,81
6.5,14,5,10,81
6.5,14,5,11,81
6.5,14,5,12,82
6.5,14,5,13,82
6.5,14,5,14,82
6.5,14,5,15,83
6.5,14,6,0,78
6.5,14,6,1,78
6.5,14,6,2,79
6.5,14,6,3,79
6.5,14,6,4,79
6.5,14,6,5,80
6.5,14,6,6,80
6.5,14,6,7,80
6.5,14,6,8,81
6.5,14,6,9,81
6.5,14,6,10,82
6.5,14,6,11,82
6.5,14,6,12,82
6.5,14,6,13,83
6.5,14,6,14,83
6.5,14,6,15,83
6.5,14,7,0,78
6.5,14,7,1,79
6.5,14,7,2,79
6.5,14,7,3,79
6.5,14,7,4,80
6.5,14,7,5,80
6.5,14,7,6,80
6.5,14,7,7,81
6.5,14,7,8,81
6.5,14,7,9,82
6.5,14,7,10,82
6.5,14,7,11,82
6.5,14,7,12,83
6.5,14,7,13,83
6.5,14,7,14,83
6.5,14,7,15,84
6.5,14,8,0,79
6.5,14,8,1,79
6.5,14,8,2,79
6.5,14,8,3,80
6.5,14,8,4,80
6.5,14,8,5,81
6.5,14,8,6,81
6.5,14,8,7,81
6.5,14,8,8,82
6.5,14,8,9,82
6.5,14,8,10,82
6.5,14,8,11,83
6.5,14,8,12,83
6.5,14,8,13,84
6.5,14,8,14,84
6.5,14,8,15,84
6.5,14,9,0,79
6.5,14,9,1,79
6.5,14,9,2,80
6.5,14,9,3,80
6.5,14,9,4,81
6.5,14,9,5,81
6.5,14,9,6,81
6.5,14,9,7,82
6.5,14,9,8,82
6.5,14,9,9,83
6.5,14,9,10,83
6.5,14,9,11,83
6.5,14,9,12,84
6.5,14,9,13,84
6.5,14,9,14,84
6.5,14,9,15,85
6.5,14,10,0,80
6.5,14,10,1,80
6.5,14,10,2,80
6.5,14,10,3,81
6.5,14,10,4,81
6.5,14,10,5,81
6.5,14,10,6,82
6.5,14,10,7,82
6.5,14,10,8,83
6.5,14,10,9,83
6.5,14,10,10,83
6.5,14,10,11,84
6.5,14,10,12,84
6.5,14,10,13,84
6.5,14,10,14,85
6.5,14,10,15,85
6.5,14,11,0,80
6.5,14,11,1,80
6.5,14,11,2,81
6.5,14,11,3,81
6.5,14,11,4,81
6.5,14,11,5,82
6.5,14,11,6,82
6.5,14,11,7,83
6.5,14,11,8,83
6.5,14,11,9,83
6.5,14,11,10,84
6.5,14,11,11,84
6.5,14,11,12,85
6.5,14,11,13,85
6.5,14,11,14,85
6.5,14,11,15,86
6.5,14,12,0,80
6.5,14,12,1,81
6.5,14,12,2,81
6.5,14,12,3,82
6.5,14,12,4,82
6.5,14,12,5,82
6.5,14,12,6,83
6.5,14,12,7,83
6.5,14,12,8,83
6.5,14,12,9,84
6.5,14,12,10,84
6.5,14,12,11,85
6.5,14,12,12,85
6.5,14,12,13,85
6.5,14,12,14,86
6.5,14,12,15,86
6.5,14,13,0,81
6.5,14,13,1,81
6.5,14,13,2,82
6.5,14,13,3,82
6.5,14,13,4,82
6.5,14,13,5,83
6.5,14,13,6,83
6.5,14,13,7,84
6.5,14,13,8,84
6.5,14,13,9,84
6.5,14,13,10,85
6.5,14,13,11,85
6.5,14,13,12,85
6.5,14,13,13,86
6.5,14,13,14,86
6.5,14,13,15,87
6.5,14,14,0,81
6.5,14,14,1,82
6.5,14,14,2,82
6.5,14,14,3,82
6.5,14,14,4,83
6.5,14,14,5,83
6.5,14,14,6,84
6.5,14,14,7,84
6.5,14,14,8,84
6.5,14,14,9,85
6.5,14,14,10,85
6.5,14,14,11,85
6.5,14,14,12,86
6.5,14,14,13,86
6.5,14,14,14,87
6.5,14,14,15,87
6.5,14,15,0,82
6.5,14,15,1,82
6.5,14,15,2,82
6.5,14,15,3,83
6.5,14,15,4,83
6.5,14,15,5,84
6.5,14,15,6,84
6.5,14,15,7,84
6.5,14,15,8,85
6.5,14,15,9,85
6.5,14,15,10,86
6.5,14,15,11,86
6.5,14,15,12,86
6.5,14,15,13,87
6.5,14,15,14,87
6.5,14,15,15,87
6.5,15,0,0,76
6.5,15,0,1,76
6.5,15,0,2,77
6.5,15,0,3,77
6.5,15,0,4,78
6.5,15,0,5,78
6.5,15,0,6,78
6.5,15,0,7,79
6.5,15,0,8,79
6.5,15,0,9,79
6.5,15,0,10,80
6.5,15,0,11,80
6.5,15,0,12,80
6.5,15,0,13,81
6.5,15,0,14,81
6.5,15,0,15,82
6.5,15,1,0,77
6.5,15,1,1,77
6.5,15,1,2,77
6.5,15,1,3,78
6.5,15,1,4,78
6.5,15,1,5,78
6.5,15,1,6,79
6.5,15,1,7,79
6.5,15,1,8,80
6.5,15,1,9,80
6.5,15,1,10,80
6.5,15,1,11,81
6.5,15,1,12,81
6.5,15,1,13,81
6.5,15,1,14,82
6.5,15,1,15,82
6.5,15,2,0,77
6.5,15,2,1,77
6.5,15,2,2,78
6.5,15,2,3,78
6.5,15,2,4,79
6.5,15,2,5,79
6.5,15,2,6,79
6.5,15,2,7,80
6.5,15,2,8,80
6.5,15,2,9,80
6.5,15,2,10,81
6.5,15,2,11,81
6.5,15,2,12,81
6.5,15,2,13,82
6.5,15,2,14,82
6.5,15,2,15,83
6.5,15,3,0,77
6.5,15,3,1,78
6.5,15,3,2,78
6.5,15,3,3,79
6.5,15,3,4,79
6.5,15,3,5,79
6.5,15,3,6,80
6.5,15,3,7,80
6.5,15,3,8,80
6.5,15,3,9,81
6.5,15,3,10,81
6.5,15,3,11,82
6.5,15,3,12,82
6.5,15,3,13,82
6.5,15,3,14,83
6.5,15,3,15,83
6.5,15,4,0,78
6.5,15,4,1,78
6.5,15,4,2,79
6.5,15,4,3,79
6.5,15,4,4,79
6.5,15,4,5,80
6.5,15,4,6,80
6.5,15,4,7,81
6.5,15,4,8,81
6.5,15,4,9,81
6.5,15,4,10,82
6.5,15,4,11,82
6.5,15,4,12,82
6.5,15,4,13,83
6.5,15,4,14,83
6.5,15,4,15,84
6.5,15,5,0,78
6.5,15,5,1,79
6.5,15,5,2,79
6.5,15,5,3,80
6.5,15,5,4,80
6.5,15,5,5,80
6.5,15,5,6,81
6.5,15,5,7,81
6.5,15,5,8,81
6.5,15,5,9,82
6.5,15,5,10,82
6.5,15,5,11,83
6.5,15,5,12,83
6.5,15,5,13,83
6.5,15,5,14,84
6.5,15,5,15,84
6.5,15,6,0,79
6.5,15,6,1,79
6.5,15,6,2,80
6.5,15,6,3,80
6.5,15,6,4,80
6.5,15,6,5,81
6.5,15,6,6,81
6.5,15,6,7,82
6.5,15,6,8,82
6.5,15,6,9,82
6.5,15,6,10,83
6.5,15,6,11,83
6.5,15,6,12,83
6.5,15,6,13,84
6.5,15,6,14,84
6.5,15,6,15,84
6.5,15,7,0,79
6.5,15,7,1,80
6.5,15,7,2,80
6.5,15,7,3,80
6.5,15,7,4,81
6.5,15,7,5,81
6.5,15,7,6,82
6.5,15,7,7,82
6.5,15,7,8,82
6.5,15,7,9,83
6.5,15,7,10,83
6.5,15,7,11,83
6.5,15,7,12,84
6.5,15,7,13,84
6.5,15,7,14,85
6.5,15,7,15,85
6.5,15,8,0,80
6.5,15,8,1,80
6.5,15,8,2,81
6.5,15,8,3,81
6.5,15,8,4,81
6.5,15,8,5,82
6.5,15,8,6,82
6.5,15,8,7,82
6.5,15,8,8,83
6.5,15,8,9,83
6.5,15,8,10,84
6.5,15,8,11,84
6.5,15,8,12,84
6.5,15,8,13,85
6.5,15,8,14,85
6.5,15,8,15,85
6.5,15,9,0,80
6.5,15,9,1,81
6.5,15,9,2,81
6.5,15,9,3,81
6.5,15,9,4,82
6.5,15,9,5,82
6.5,15,9,6,83
6.5,15,9,7,83
6.5,15,9,8,83
6.5,15,9,9,84
6.5,15,9,10,84
6.5,15,9,11,84
6.5,15,9,12,85
6.5,15,9,13,85
6.5,15,9,14,86
6.5,15,9,15,86
6.5,15,10,0,81
6.5,15,10,1,81
6.5,15,10,2,81
6.5,15,10,3,82
6.5,15,10,4,82
6.5,15,10,5,83
6.5,15,10,6,83
6.5,15,10,7,83
6.5,15,10,8,84
6.5,15,10,9,84
6.5,15,10,10,84
6.5,15,10,11,85
6.5,15,10,12,85
6.5,15,10,13,86
6.5,15,10,14,86
6.5,15,10,15,86
6.5,15,11,0,81
6.5,15,11,1,81
6.5,15,11,2,82
6.5,15,11,3,82
6.5,15,11,4,83
6.5,15,11,5,83
6.5,15,11,6,83
6.5,15,11,7,84
6.5,15,11,8,84
6.5,15,11,9,85
6.5,15,11,10,85
6.5,15,11,11,85
6.5,15,11,12,86
6.5,15,11,13,86
6.5,15,11,14,86
6.5,15,11,15,87
6.5,15,12,0,81
6.5,15,12,1,82
6.5,15,12,2,82
6.5,15,12,3,83
6.5,15,12,4,83
6.5,15,12,5,83
6.5,15,12,6,84
6.5,15,12,7,84
6.5,15,12,8,85
6.5,15,12,9,85
6.5,15,12,10,85
6.5,15,12,11,86
6.5,15,12,12,86
6.5,15,12,13,87
6.5,15,12,14,87
6.5,15,12,15,87
6.5,15,13,0,82
6.5,15,13,1,82
6.5,15,13,2,83
6.5,15,13,3,83
6.5,15,13,4,83
6.5,15,13,5,84
6.5,15,13,6,84
6.5,15,13,7,85
6.5,15,13,8,85
6.5,15,13,9,85
6.5,15,13,10,86
6.5,15,13,11,86
6.5,15,13,12,87
6.5,15,13,13,87
6.5,15,13,14,87
6.5,15,13,15,88
6.5,15,14,0,82
6.5,15,14,1,83
6.5,15,14,2,83
6.5,15,14,3,84
6.5,15,14,4,84
6.5,15,14,5,84
6.5,15,14,6,85
6.5,15,14,7,85
6.5,15,14,8,86
6.5,15,14,9,86
6.5,15,14,10,86
6.5,15,14,11,87
6.5,15,14,12,87
6.5,15,14,13,87
6.5,15,14,14,88
6.5,15,14,15,88
6.5,15,15,0,83
6.5,15,15,1,83
6.5,15,15,2,84
6.5,15,15,3,84
6.5,15,15,4,84
6.5,15,15,5,85
6.5,15,15,6,85
6.5,15,15,7,86
6.5,15,15,8,86
6.5,15,15,9,86
6.5,15,15,10,87
6.5,15,15,11,87
6.5,15,15,12,88
6.5,15,15,13,88
6.5,15,15,14,88
6.5,15,15,15,89
7.0,0,0,0,66
7.0,0,0,1,66
7.0,0,0,2,66
7.0,0,0,3,67
7.0,0,0,4,67
7.0,0,0,5,67
7.0,0,0,6,68
7.0,0,0,7,68
7.0,0,0,8,68
7.0,0,0,9,69
7.0,0,0,10,69
7.0,0,0,11,69
7.0,0,0,12,69
7.0,0,0,13,70
7.0,0,0,14,70
7.0,0,0,15,70
7.0,0,1,0,66
7.0,0,1,1,66
7.0,0,1,2,67
7.0,0,1,3,67
7.0,0,1,4,67
7.0,0,1,5,68
7.0,0,1,6,68
7.0,0,1,7,68
7.0,0,1,8,69
7.0,0,1,9,69
7.0,0,1,10,69
7.0,0,1,11,70
7.0,0,1,12,70
7.0,0,1,13,70
7.0,0,1,14,71
7.0,0,1,15,71
7.0,0,2,0,66
7.0,0,2,1,67
7.0,0,2,2,67
7.0,0,2,3,67
7.0,0,2,4,68
7.0,0,2,5,68
7.0,0,2,6,68
7.0,0,2,7,69
7.0,0,2,8,69
7.0,0,2,9,69
7.0,0,2,10,70
7.0,0,2,11,70
7.0,0,2,12,70
7.0,0,2,13,71
7.0,0,2,14,71
7.0,0,2,15,71
7.0,0,3,0,67
7.0,0,3,1,67
7.0,0,3,2,68
7.0,0,3,3,68
7.0,0,3,4,68
7.0,0,3,5,69
7.0,0,3,6,69
7.0,0,3,7,69
7.0,0,3,8,69
7.0,0,3,9,70
7.0,0,3,10,70
7.0,0,3,11,70
7.0,0,3,12,71
7.0,0,3,13,71
7.0,0,3,14,71
7.0,0,3,15,72
7.0,0,4,0,67
7.0,0,4,1,68
7.0,0,4,2,68
7.0,0,4,3,68
7.0,0,4,4,69
7.0,0,4,5,69
7.0,0,4,6,69
7.0,0,4,7,70
7.0,0,4,8,70
7.0,0,4,9,70
7.0,0,4,10,71
7.0,0,4,11,71
7.0,0,4,12,71
7.0,0,4,13,71
7.0,0,4,14,72
7.0,0,4,15,72
7.0,0,5,0,68
7.0,0,5,1,68
7.0,0,5,2,68
7.0,0,5,3,69
7.0,0,5,4,69
7.0,0,5,5,69
7.0,0,5,6,70
7.0,0,5,7,70
7.0,0,5,8,70
7.0,0,5,9,71
7.0,0,5,10,71
7.0,0,5,11,71
7.0,0,5,12,72
7.0,0,5,13,72
7.0,0,5,14,72
7.0,0,5,15,73
7.0,0,6,0,68
7.0,0,6,1,68
7.0,0,6,2,69
7.0,0,6,3,69
7.0,0,6,4,69
7.0,0,6,5,70
7.0,0,6,6,70
7.0,0,6,7,70
7.0,0,6,8,71
7.0,0,6,9,71
7.0,0,6,10,71
7.0,0,6,11,72
7.0,0,6,12,72
7.0,0,6,13,72
7.0,0,6,14,73
7.0,0,6,15,73
7.0,0,7,0,68
7.0,0,7,1,69
7.0,0,7,2,69
7.0,0,7,3,69
7.0,0,7,4,70
7.0,0,7,5,70
7.0,0,7,6,70
7.0,0,7,7,71
7.0,0,7,8,71
7.0,0,7,9,71
7.0,0,7,10,72
7.0,0,7,11,72
7.0,0,7,12,72
7.0,0,7,13,73
7.0,0,7,14,73
7.0,0,7,15,73
7.0,0,8,0,69
7.0,0,8,1,69
7.0,0,8,2,69
7.0,0,8,3,70
7.0,0,8,4,70
7.0,0,8,5,70
7.0,0,8,6,71
7.0,0,8,7,71
7.0,0,8,8,71
7.0,0,8,9,72
7.0,0,8,10,72
7.0,0,8,11,72
7.0,0,8,12,73
7.0,0,8,13,73
7.0,0,8,14,73
7.0,0,8,15,74
7.0,0,9,0,69
7.0,0,9,1,70
7.0,0,9,2,70
7.0,0,9,3,70
7.0,0,9,4,71
7.0,0,9,5,71
7.0,0,9,6,71
7.0,0,9,7,72
7.0,0,9,8,72
7.0,0,9,9,72
7.0,0,9,10,73
7.0,0,9,11,73
7.0,0,9,12,73
7.0,0,9,13,74
7.0,0,9,14,74
7.0,0,9,15,74
7.0,0,10,0,70
7.0,0,10,1,70
7.0,0,10,2,70
7.0,0,10,3,71
7.0,0,10,4,71
7.0,0,10,5,71
7.0,0,10,6,72
7.0,0,10,7,72
7.0,0,10,8,72
7.0,0,10,9,73
7.0,0,10,10,73
7.0,0,10,11,73
7.0,0,10,12,74
7.0,0,10,13,74
7.0,0,10,14,74
7.0,0,10,15,75
7.0,0,11,0,70
7.0,0,11,1,70
7.0,0,11,2,71
7.0,0,11,3,71
7.0,0,11,4,71
7.0,0,11,5,72
7.0,0,11,6,72
7.0,0,11,7,72
7.0,0,11,8,73
7.0,0,11,9,73
7.0,0,11,10,73
7.0,0,11,11,74
7.0,0,11,12,74
7.0,0,11,13,74
7.0,0,11,14,75
7.0,0,11,15,75
7.0,0,12,0,70
7.0,0,12,1,71
7.0,0,12,2,71
7.0,0,12,3,71
7.0,0,12,4,72
7.0,0,12,5,72
7.0,0,12,6,72
7.0,0,12,7,73
7.0,0,12,8,73
7.0,0,12,9,73
7.0,0,12,10,74
7.0,0,12,11,74
7.0,0,12,12,74
7.0,0,12,13,75
7.0,0,12,14,75
7.0,0,12,15,75
7.0,0,13,0,71
7.0,0,13,1,71
7.0,0,13,2,71
7.0,0,13,3,72
7.0,0,13,4,72
7.0,0,13,5,72
7.0,0,13,6,73
7.0,0,13,7,73
7.0,0,13,8,73
7.0,0,13,9,74
7.0,0,13,10,74
7.0,0,13,11,74
7.0,0,13,12,75
7.0,0,13,13,75
7.0,0,13,14,75
7.0,0,13,15,76
7.0,0,14,0,71
7.0,0,14,1,71
7.0,0,14,2,72
7.0,0,14,3,72
7.0,0,14,4,72
7.0,0,14,5,73
7.0,0,14,6,73
7.0,0,14,7,73
7.0,0,14,8,74
7.0,0,14,9,74
7.0,0,14,10,74
7.0,0,14,11,75
7.0,0,14,12,75
7.0,0,14,13,75
7.0,0,14,14,76
7.0,0,14,15,76
7.0,0,15,0,71
7.0,0,15,1,72
7.0,0,15,2,72
7.0,0,15,3,72
7.0,0,15,4,73
7.0,0,15,5,73
7.0,0,15,6,74
7.0,0,15,7,74
7.0,0,15,8,74
7.0,0,15,9,75
7.0,0,15,10,75
7.0,0,15,11,75
7.0,0,15,12,76
7.0,0,15,13,76
7.0,0,15,14,76
7.0,0,15,15,77
7.0,1,0,0,67
7.0,1,0,1,67
7.0,1,0,2,67
7.0,1,0,3,68
7.0,1,0,4,68
7.0,1,0,5,68
7.0,1,0,6,69
7.0,1,0,7,69
7.0,1,0,8,69
7.0,1,0,9,70
7.0,1,0,10,70
7.0,1,0,11,70
7.0,1,0,12,71
7.0,1,0,13,71
7.0,1,0,14,71
7.0,1,0,15,72
7.0,1,1,0,67
7.0,1,1,1,68
7.0,1,1,2,68
7.0,1,1,3,68
7.0,1,1,4,69
7.0,1,1,5,69
7.0,1,1,6,69
7.0,1,1,7,70
7.0,1,1,8,70
7.0,1,1,9,70
7.0,1,1,10,70
7.0,1,1,11,71
7.0,1,1,12,71
7.0,1,1,13,71
7.0,1,1,14,72
7.0,1,1,15,72
7.0,1,2,0,68
7.0,1,2,1,68
7.0,1,2,2,68
7.0,1,2,3,69
7.0,1,2,4,69
7.0,1,2,5,69
7.0,1,2,6,70
7.0,1,2,7,70
7.0,1,2,8,70
7.0,1,2,9,71
7.0,1,2,10,71
7.0,1,2,11,71
7.0,1,2,12,72
7.0,1,2,13,72
7.0,1,2,14,72
7.0,1,2,15,72
7.0,1,3,0,68
7.0,1,3,1,68
7.0,1,3,2,69
7.0,1,3,3,69
7.0,1,3,4,69
7.0,1,3,5,70
7.0,1,3,6,70
7.0,1,3,7,70
7.0,1,3,8,71
7.0,1,3,9,71
7.0,1,3,10,71
7.0,1,3,11,72
7.0,1,3,12,72
7.0,1,3,13,72
7.0,1,3,14,73
7.0,1,3,15,73
7.0,1,4,0,68
7.0,1,4,1,69
7.0,1,4,2,69
7.0,1,4,3,69
7.0,1,4,4,70
7.0,1,4,5,70
7.0,1,4,6,70
7.0,1,4,7,71
7.0,1,4,8,71
7.0,1,4,9,71
7.0,1,4,10,72
7.0,1,4,11,72
7.0,1,4,12,72
7.0,1,4,13,73
7.0,1,4,14,73
7.0,1,4,15,73
7.0,1,5,0,69
7.0,1,5,1,69
7.0,1,5,2,69
7.0,1,5,3,70
7.0,1,5,4,70
7.0,1,5,5,71
7.0,1,5,6,71
7.0,1,5,7,71
7.0,1,5,8,71
7.0,1,5,9,72
7.0,1,5,10,72
7.0,1,5,11,72
7.0,1,5,12,73
7.0,1,5,13,73
7.0,1,5,14,73
7.0,1,5,15,74
7.0,1,6,0,69
7.0,1,6,1,70
7.0,1,6,2,70
7.0,1,6,3,70
7.0,1,6,4,71
7.0,1,6,5,71
7.0,1,6,6,71
7.0,1,6,7,72
7.0,1,6,8,72
7.0,1,6,9,72
7.0,1,6,10,73
7.0,1,6,11,73
7.0,1,6,12,73
7.0,1,6,13,74
7.0,1,6,14,74
7.0,1,6,15,74
7.0,1,7,0,70
7.0,1,7,1,70
7.0,1,7,2,70
7.0,1,7,3,71
7.0,1,7,4,71
7.0,1,7,5,71
7.0,1,7,6,72
7.0,1,7,7,72
7.0,1,7,8,72
7.0,1,7,9,73
7.0,1,7,10,73
7.0,1,7,11,73
7.0,1,7,12,74
7.0,1,7,13,74
7.0,1,7,14,74
7.0,1,7,15,75
7.0,1,8,0,70
7.0,1,8,1,70
7.0,1,8,2,71
7.0,1,8,3,71
7.0,1,8,4,71
7.0,1,8,5,72
7.0,1,8,6,72
7.0,1,8,7,72
7.0,1,8,8,73
7.0,1,8,9,73
7.0,1,8,10,73
7.0,1,8,11,74
7.0,1,8,12,74
7.0,1,8,13,74
7.0,1,8,14,75
7.0,1,8,15,75
7.0,1,9,0,70
7.0,1,9,1,71
7.0,1,9,2,71
7.0,1,9,3,71
7.0,1,9,4,72
7.0,1,9,5,72
7.0,1,9,6,72
7.0,1,9,7,73
7.0,1,9,8,73
7.0,1,9,9,73
7.0,1,9,10,74
7.0,1,9,11,74
7.0,1,9,12,74
7.0,1,9,13,75
7.0,1,9,14,75
7.0,1,9,15,75
7.0,1,10,0,71
7.0,1,10,1,71
7.0,1,10,2,71
7.0,1,10,3,72
7.0,1,10,4,72
7.0,1,10,5,72
7.0,1,10,6,73
7.0,1,10,7,73
7.0,1,10,8,74
7.0,1,10,9,74
7.0,1,10,10,74
7.0,1,10,11,75
7.0,1,10,12,75
7.0,1,10,13,75
7.0,1,10,14,75
7.0,1,10,15,76
7.0,1,11,0,71
7.0,1,11,1,71
7.0,1,11,2,72
7.0,1,11,3,72
7.0,1,11,4,73
7.0,1,11,5,73
7.0,1,11,6,73
7.0,1,11,7,74
7.0,1,11,8,74
7.0,1,11,9,74
7.0,1,11,10,75
7.0,1,11,11,75
7.0,1,11,12,75
7.0,1,11,13,76
7.0,1,11,14,76
7.0,1,11,15,76
7.0,1,12,0,72
7.0,1,12,1,72
7.0,1,12,2,72
7.0,1,12,3,73
7.0,1,12,4,73
7.0,1,12,5,73
7.0,1,12,6,74
7.0,1,12,7,74
7.0,1,12,8,74
7.0,1,12,9,75
7.0,1,12,10,75
7.0,1,12,11,75
7.0,1,12,12,76
7.0,1,12,13,76
7.0,1,12,14,76
7.0,1,12,15,77
7.0,1,13,0,72
7.0,1,13,1,72
7.0,1,13,2,73
7.0,1,13,3,73
7.0,1,13,4,73
7.0,1,13,5,74
7.0,1,13,6,74
7.0,1,13,7,74
7.0,1,13,8,75
7.0,1,13,9,75
7.0,1,13,10,75
7.0,1,13,11,76
7.0,1,13,12,76
7.0,1,13,13,76
7.0,1,13,14,77
7.0,1,13,15,77
7.0,1,14,0,72
7.0,1,14,1,73
7.0,1,14,2,73
7.0,1,14,3,73
7.0,1,14,4,74
7.0,1,14,5,74
7.0,1,14,6,74
7.0,1,14,7,75
7.0,1,14,8,75
7.0,1,14,9,75
7.0,1,14,10,76
7.0,1,14,11,76
7.0,1,14,12,76
7.0,1,14,13,77
7.0,1,14,14,77
7.0,1,14,15,77
7.0,1,15,0,73
7.0,1,15,1,73
7.0,1,15,2,73
7.0,1,15,3,74
7.0,1,15,4,74
7.0,1,15,5,74
7.0,1,15,6,75
7.0,1,15,7,75
7.0,1,15,8,75
7.0,1,15,9,76
7.0,1,15,10,76
7.0,1,15,11,76
7.0,1,15,12,77
7.0,1,15,13,77
7.0,1,15,14,78
7.0,1,15,15,78
7.0,2,0,0,68
7.0,2,0,1,68
7.0,2,0,2,69
7.0,2,0,3,69
7.0,2,0,4,69
7.0,2,0,5,70
7.0,2,0,6,70
7.0,2,0,7,70
7.0,2,0,8,71
7.0,2,0,9,71
7.0,2,0,10,71
7.0,2,0,11,72
7.0,2,0,12,72
7.0,2,0,13,72
7.0,2,0,14,72
7.0,2,0,15,73
7.0,2,1,0,68
7.0,2,1,1,69
7.0,2,1,2,69
7.0,2,1,3,69
7.0,2,1,4,70
7.0,2,1,5,70
7.0,2,1,6,70
7.0,2,1,7,71
7.0,2,1,8,71
7.0,2,1,9,71
7.0,2,1,10,72
7.0,2,1,11,72
7.0,2,1,12,72
7.0,2,1,13,73
7.0,2,1,14,73
7.0,2,1,15,73
7.0,2,2,0,69
7.0,2,2,1,69
7.0,2,2,2,69
7.0,2,2,3,70
7.0,2,2,4,70
7.0,2,2,5,70
7.0,2,2,6,71
7.0,2,2,7,71
7.0,2,2,8,71
7.0,2,2,9,72
7.0,2,2,10,72
7.0,2,2,11,72
7.0,2,2,12,73
7.0,2,2,13,73
7.0,2,2,14,73
7.0,2,2,15,74
7.0,2,3,0,69
7.0,2,3,1,70
7.0,2,3,2,70
7.0,2,3,3,70
7.0,2,3,4,71
7.0,2,3,5,71
7.0,2,3,6,71
7.0,2,3,7,72
7.0,2,3,8,72
7.0,2,3,9,72
7.0,2,3,10,73
7.0,2,3,11,73
7.0,2,3,12,73
7.0,2,3,13,73
7.0,2,3,14,74
7.0,2,3,15,74
7.0,2,4,0,70
7.0,2,4,1,70
7.0,2,4,2,70
7.0,2,4,3,71
7.0,2,4,4,71
7.0,2,4,5,71
7.0,2,4,6,72
7.0,2,4,7,72
7.0,2,4,8,72
7.0,2,4,9,73
7.0,2,4,10,73
7.0,2,4,11,73
7.0,2,4,12,74
7.0,2,4,13,74
7.0,2,4,14,74
7.0,2,4,15,75
7.0,2,5,0,70
7.0,2,5,1,70
7.0,2,5,2,71
7.0,2,5,3,71
7.0,2,5,4,71
7.0,2,5,5,72
7.0,2,5,6,72
7.0,2,5,7,72
7.0,2,5,8,73
7.0,2,5,9,73
7.0,2,5,10,73
7.0,2,5,11,74
7.0,2,5,12,74
7.0,2,5,13,74
7.0,2,5,14,75
7.0,2,5,15,75
7.0,2,6,0,70
7.0,2,6,1,71
7.0,2,6,2,71
7.0,2,6,3,71
7.0,2,6,4,72
7.0,2,6,5,72
7.0,2,6,6,72
7.0,2,6,7,73
7.0,2,6,8,73
7.0,2,6,9,73
7.0,2,6,10,74
7.0,2,6,11,74
7.0,2,6,12,74
7.0,2,6,13,75
7.0,2,6,14,75
7.0,2,6,15,75
7.0,2,7,0,71
7.0,2,7,1,71
7.0,2,7,2,71
7.0,2,7,3,72
7.0,2,7,4,72
7.0,2,7,5,73
7.0,2,7,6,73
7.0,2,7,7,73
7.0,2,7,8,74
7.0,2,7,9,74
7.0,2,7,10,74
7.0,2,7,11,75
7.0,2,7,12,75
7.0,2,7,13,75
7.0,2,7,14,76
7.0,2,7,15,76
7.0,2,8,0,71
7.0,2,8,1,72
7.0,2,8,2,72
7.0,2,8,3,72
7.0,2,8,4,73
7.0,2,8,5,73
7.0,2,8,6,73
7.0,2,8,7,74
7.0,2,8,8,74
7.0,2,8,9,74
7.0,2,8,10,75
7.0,2,8,11,75
7.0,2,8,12,75
7.0,2,8,13,76
7.0,2,8,14,76
7.0,2,8,15,76
7.0,2,9,0,72
7.0,2,9,1,72
7.0,2,9,2,72
7.0,2,9,3,73
7.0,2,9,4,73
7.0,2,9,5,73
7.0,2,9,6,74
7.0,2,9,7,74
7.0,2,9,8,74
7.0,2,9,9,75
7.0,2,9,10,75
7.0,2,9,11,75
7.0,2,9,12,76
7.0,2,9,13,76
7.0,2,9,14,76
7.0,2,9,15,77
7.0,2,10,0,72
7.0,2,10,1,72
7.0,2,10,2,73
7.0,2,10,3,73
7.0,2,10,4,73
7.0,2,10,5,74
7.0,2,10,6,74
7.0,2,10,7,74
7.0,2,10,8,75
7.0,2,10,9,75
7.0,2,10,10,75
7.0,2,10,11,76
7.0,2,10,12,76
7.0,2,10,13,76
7.0,2,10,14,77
7.0,2,10,15,77
7.0,2,11,0,72
7.0,2,11,1,73
7.0,2,11,2,73
7.0,2,11,3,73
7.0,2,11,4,74
7.0,2,11,5,74
7.0,2,11,6,74
7.0,2,11,7,75
7.0,2,11,8,75
7.0,2,11,9,75
7.0,2,11,10,76
7.0,2,11,11,76
7.0,2,11,12,77
7.0,2,11,13,77
7.0,2,11,14,77
7.0,2,11,15,78
7.0,2,12,0,73
7.0,2,12,1,73
7.0,2,12,2,73
7.0,2,12,3,74
7.0,2,12,4,74
7.0,2,12,5,75
7.0,2,12,6,75
7.0,2,12,7,75
7.0,2,12,8,76
7.0,2,12,9,76
7.0,2,12,10,76
7.0,2,12,11,77
7.0,2,12,12,77
7.0,2,12,13,77
7.0,2,12,14,78
7.0,2,12,15,78
7.0,2,13,0,73
7.0,2,13,1,73
7.0,2,13,2,74
7.0,2,13,3,74
7.0,2,13,4,75
7.0,2,13,5,75
7.0,2,13,6,75
7.0,2,13,7,76
7.0,2,13,8,76
7.0,2,13,9,76
7.0,2,13,10,77
7.0,2,13,11,77
7.0,2,13,12,77
7.0,2,13,13,78
7.0,2,13,14,78
7.0,2,13,15,78
7.0,2,14,0,73
7.0,2,14,1,74
7.0,2,14,2,74
7.0,2,14,3,75
7.0,2,14,4,75
7.0,2,14,5,75
7.0,2,14,6,76
7.0,2,14,7,76
7.0,2,14,8,76
7.0,2,14,9,77
7.0,2,14,10,77
7.0,2,14,11,77
7.0,2,14,12,78
7.0,2,14,13,78
7.0,2,14,14,78
7.0,2,14,15,79
7.0,2,15,0,74
7.0,2,15,1,74
7.0,2,15,2,75
7.0,2,15,3,75
7.0,2,15,4,75
7.0,2,15,5,76
7.0,2,15,6,76
7.0,2,15,7,76
7.0,2,15,8,77
7.0,2,15,9,77
7.0,2,15,10,77
7.0,2,15,11,78
7.0,2,15,12,78
7.0,2,15,13,78
7.0,2,15,14,79
7.0,2,15,15,79
7.0,3,0,0,69
7.0,3,0,1,69
7.0,3,0,2,70
7.0,3,0,3,70
7.0,3,0,4,70
7.0,3,0,5,71
7.0,3,0,6,71
7.0,3,0,7,71
7.0,3,0,8,72
7.0,3,0,9,72
7.0,3,0,10,72
7.0,3,0,11,73
7.0,3,0,12,73
7.0,3,0,13,73
7.0,3,0,14,74
7.0,3,0,15,74
7.0,3,1,0,69
7.0,3,1,1,70
7.0,3,1,2,70
7.0,3,1,3,71
7.0,3,1,4,71
7.0,3,1,5,71
7.0,3,1,6,72
7.0,3,1,7,72
7.0,3,1,8,72
7.0,3,1,9,73
7.0,3,1,10,73
7.0,3,1,11,73
7.0,3,1,12,73
7.0,3,1,13,74
7.0,3,1,14,74
7.0,3,1,15,74
7.0,3,2,0,70
7.0,3,2,1,70
7.0,3,2,2,71
7.0,3,2,3,71
7.0,3,2,4,71
7.0,3,2,5,72
7.0,3,2,6,72
7.0,3,2,7,72
7.0,3,2,8,73
7.0,3,2,9,73
7.0,3,2,10,73
7.0,3,2,11,74
7.0,3,2,12,74
7.0,3,2,13,74
7.0,3,2,14,75
7.0,3,2,15,75
7.0,3,3,0,70
7.0,3,3,1,71
7.0,3,3,2,71
7.0,3,3,3,71
7.0,3,3,4,72
7.0,3,3,5,72
7.0,3,3,6,72
7.0,3,3,7,73
7.0,3,3,8,73
7.0,3,3,9,73
7.0,3,3,10,74
7.0,3,3,11,74
7.0,3,3,12,74
7.0,3,3,13,75
7.0,3,3,14,75
7.0,3,3,15,75
7.0,3,4,0,71
7.0,3,4,1,71
7.0,3,4,2,71
7.0,3,4,3,72
7.0,3,4,4,72
7.0,3,4,5,72
7.0,3,4,6,73
7.0,3,4,7,73
7.0,3,4,8,73
7.0,3,4,9,74
7.0,3,4,10,74
7.0,3,4,11,74
7.0,3,4,12,75
7.0,3,4,13,75
7.0,3,4,14,75
7.0,3,4,15,76
7.0,3,5,0,71
7.0,3,5,1,71
7.0,3,5,2,72
7.0,3,5,3,72
7.0,3,5,4,73
7.0,3,5,5,73
7.0,3,5,6,73
7.0,3,5,7,74
7.0,3,5,8,74
7.0,3,5,9,74
7.0,3,5,10,75
7.0,3,5,11,75
7.0,3,5,12,75
7.0,3,5,13,76
7.0,3,5,14,76
7.0,3,5,15,76
7.0,3,6,0,72
7.0,3,6,1,72
7.0,3,6,2,72
7.0,3,6,3,73
7.0,3,6,4,73
7.0,3,6,5,73
7.0,3,6,6,74
7.0,3,6,7,74
7.0,3,6,8,74
7.0,3,6,9,75
7.0,3,6,10,75
7.0,3,6,11,75
7.0,3,6,12,76
7.0,3,6,13,76
7.0,3,6,14,76
7.0,3,6,15,77
7.0,3,7,0,72
7.0,3,7,1,72
7.0,3,7,2,73
7.0,3,7,3,73
7.0,3,7,4,73
7.0,3,7,5,74
7.0,3,7,6,74
7.0,3,7,7,74
7.0,3,7,8,75
7.0,3,7,9,75
7.0,3,7,10,75
7.0,3,7,11,76
7.0,3,7,12,76
7.0,3,7,13,76
7.0,3,7,14,77
7.0,3,7,15,77
7.0,3,8,0,72
7.0,3,8,1,73
7.0,3,8,2,73
7.0,3,8,3,73
7.0,3,8,4,74
7.0,3,8,5,74
7.0,3,8,6,74
7.0,3,8,7,75
7.0,3,8,8,75
7.0,3,8,9,75
7.0,3,8,10,76
7.0,3,8,11,76
7.0,3,8,12,77
7.0,3,8,13,77
7.0,3,8,14,77
7.0,3,8,15,78
7.0,3,9,0,73
7.0,3,9,1,73
7.0,3,9,2,73
7.0,3,9,3,74
7.0,3,9,4,74
7.0,3,9,5,75
7.0,3,9,6,75
7.0,3,9,7,75
7.0,3,9,8,76
7.0,3,9,9,76
7.0,3,9,10,76
7.0,3,9,11,77
7.0,3,9,12,77
7.0,3,9,13,77
7.0,3,9,14,78
7.0,3,9,15,78
7.0,3,10,0,73
7.0,3,10,1,74
7.0,3,10,2,74
7.0,3,10,3,74
7.0,3,10,4,75
7.0,3,10,5,75
7.0,3,10,6,75
7.0,3,10,7,76
7.0,3,10,8,76
7.0,3,10,9,76
7.0,3,10,10,77
7.0,3,10,11,77
7.0,3,10,12,77
7.0,3,10,13,78
7.0,3,10,14,78
7.0,3,10,15,78
7.0,3,11,0,74
7.0,3,11,1,74
7.0,3,11,2,74
7.0,3,11,3,75
7.0,3,11,4,75
7.0,3,11,5,75
7.0,3,11,6,76
7.0,3,11,7,76
7.0,3,11,8,76
7.0,3,11,9,77
7.0,3,11,10,77
7.0,3,11,11,77
7.0,3,11,12,78
7.0,3,11,13,78
7.0,3,11,14,78
7.0,3,11,15,79
7.0,3,12,0,74
7.0,3,12,1,74
7.0,3,12,2,75
7.0,3,12,3,75
7.0,3,12,4,75
7.0,3,12,5,76
7.0,3,12,6,76
7.0,3,12,7,76
7.0,3,12,8,77
7.0,3,12,9,77
7.0,3,12,10,77
7.0,3,12,11,78
7.0,3,12,12,78
7.0,3,12,13,79
7.0,3,12,14,79
7.0,3,12,15,79
7.0,3,13,0,74
7.0,3,13,1,75
7.0,3,13,2,75
7.0,3,13,3,75
7.0,3,13,4,76
7.0,3,13,5,76
7.0,3,13,6,76
7.0,3,13,7,77
7.0,3,13,8,77
7.0,3,13,9,78
7.0,3,13,10,78
7.0,3,13,11,78
7.0,3,13,12,79
7.0,3,13,13,79
7.0,3,13,14,79
7.0,3,13,15,80
7.0,3,14,0,75
7.0,3,14,1,75
7.0,3,14,2,75
7.0,3,14,3,76
7.0,3,14,4,76
7.0,3,14,5,77
7.0,3,14,6,77
7.0,3,14,7,77
7.0,3,14,8,78
7.0,3,14,9,78
7.0,3,14,10,78
7.0,3,14,11,79
7.0,3,14,12,79
7.0,3,14,13,79
7.0,3,14,14,80
7.0,3,14,15,80
7.0,3,15,0,75
7.0,3,15,1,75
7.0,3,15,2,76
7.0,3,15,3,76
7.0,3,15,4,77
7.0,3,15,5,77
7.0,3,15,6,77
7.0,3,15,7,78
7.0,3,15,8,78
7.0,3,15,9,78
7.0,3,15,10,79
7.0,3,15,11,79
7.0,3,15,12,79
7.0,3,15,13,80
7.0,3,15,14,80
7.0,3,15,15,80
7.0,4,0,0,70
7.0,4,0,1,71
7.0,4,0,2,71
7.0,4,0,3,71
7.0,4,0,4,72
7.0,4,0,5,72
7.0,4,0,6,72
7.0,4,0,7,73
7.0,4,0,8,73
7.0,4,0,9,73
7.0,4,0,10,74
7.0,4,0,11,74
7.0,4,0,12,74
7.0,4,0,13,75
7.0,4,0,14,75
7.0,4,0,15,75
7.0,4,1,0,71
7.0,4,1,1,71
7.0,4,1,2,71
7.0,4,1,3,72
7.0,4,1,4,72
7.0,4,1,5,72
7.0,4,1,6,73
7.0,4,1,7,73
7.0,4,1,8,73
7.0,4,1,9,74
7.0,4,1,10,74
7.0,4,1,11,74
7.0,4,1,12,75
7.0,4,1,13,75
7.0,4,1,14,75
7.0,4,1,15,76
7.0,4,2,0,71
7.0,4,2,1,71
7.0,4,2,2,72
7.0,4,2,3,72
7.0,4,2,4,72
7.0,4,2,5,73
7.0,4,2,6,73
7.0,4,2,7,73
7.0,4,2,8,74
7.0,4,2,9,74
7.0,4,2,10,74
7.0,4,2,11,75
7.0,4,2,12,75
7.0,4,2,13,75
7.0,4,2,14,76
7.0,4,2,15,76
7.0,4,3,0,71
7.0,4,3,1,72
7.0,4,3,2,72
7.0,4,3,3,73
7.0,4,3,4,73
7.0,4,3,5,73
7.0,4,3,6,74
7.0,4,3,7,74
7.0,4,3,8,74
7.0,4,3,9,75
7.0,4,3,10,75
7.0,4,3,11,75
7.0,4,3,12,76
7.0,4,3,13,76
7.0,4,3,14,76
7.0,4,3,15,77
7.0,4,4,0,72
7.0,4,4,1,72
7.0,4,4,2,73
7.0,4,4,3,73
7.0,4,4,4,73
7.0,4,4,5,74
7.0,4,4,6,74
7.0,4,4,7,74
7.0,4,4,8,75
7.0,4,4,9,75
7.0,4,4,10,75
7.0,4,4,11,76
7.0,4,4,12,76
7.0,4,4,13,76
7.0,4,4,14,77
7.0,4,4,15,77
7.0,4,5,0,72
7.0,4,5,1,73
7.0,4,5,2,73
7.0,4,5,3,73
7.0,4,5,4,74
7.0,4,5,5,74
7.0,4,5,6,74
7.0,4,5,7,75
7.0,4,5,8,75
7.0,4,5,9,75
7.0,4,5,10,76
7.0,4,5,11,76
7.0,4,5,12,76
7.0,4,5,13,77
7.0,4,5,14,77
7.0,4,5,15,77
7.0,4,6,0,73
7.0,4,6,1,73
7.0,4,6,2,73
7.0,4,6,3,74
7.0,4,6,4,74
7.0,4,6,5,74
7.0,4,6,6,75
7.0,4,6,7,75
7.0,4,6,8,76
7.0,4,6,9,76
7.0,4,6,10,76
7.0,4,6,11,77
7.0,4,6,12,77
7.0,4,6,13,77
7.0,4,6,14,78
7.0,4,6,15,78
7.0,4,7,0,73
7.0,4,7,1,73
7.0,4,7,2,74
7.0,4,7,3,74
7.0,4,7,4,75
7.0,4,7,5,75
7.0,4,7,6,75
7.0,4,7,7,76
7.0,4,7,8,76
7.0,4,7,9,76
7.0,4,7,10,77
7.0,4,7,11,77
7.0,4,7,12,77
7.0,4,7,13,78
7.0,4,7,14,78
7.0,4,7,15,78
7.0,4,8,0,74
7.0,4,8,1,74
7.0,4,8,2,74
7.0,4,8,3,75
7.0,4,8,4,75
7.0,4,8,5,75
7.0,4,8,6,76
7.0,4,8,7,76
7.0,4,8,8,76
7.0,4,8,9,77
7.0,4,8,10,77
7.0,4,8,11,77
7.0,4,8,12,78
7.0,4,8,13,78
7.0,4,8,14,78
7.0,4,8,15,79
7.0,4,9,0,74
7.0,4,9,1,74
7.0,4,9,2,75
7.0,4,9,3,75
7.0,4,9,4,75
7.0,4,9,5,76
7.0,4,9,6,76
7.0,4,9,7,76
7.0,4,9,8,77
7.0,4,9,9,77
7.0,4,9,10,77
7.0,4,9,11,78
7.0,4,9,12,78
7.0,4,9,13,79
7.0,4,9,14,79
7.0,4,9,15,79
7.0,4,10,0,74
7.0,4,10,1,75
7.0,4,10,2,75
7.0,4,10,3,75
7.0,4,10,4,76
7.0,4,10,5,76
7.0,4,10,6,76
7.0,4,10,7,77
7.0,4,10,8,77
7.0,4,10,9,78
7.0,4,10,10,78
7.0,4,10,11,78
7.0,4,10,12,79
7.0,4,10,13,79
7.0,4,10,14,79
7.0,4,10,15,80
7.0,4,11,0,75
7.0,4,11,1,75
7.0,4,11,2,75
7.0,4,11,3,76
7.0,4,11,4,76
7.0,4,11,5,77
7.0,4,11,6,77
7.0,4,11,7,77
7.0,4,11,8,78
7.0,4,11,9,78
7.0,4,11,10,78
7.0,4,11,11,79
7.0,4,11,12,79
7.0,4,11,13,79
7.0,4,11,14,80
7.0,4,11,15,80
7.0,4,12,0,75
7.0,4,12,1,75
7.0,4,12,2,76
7.0,4,12,3,76
7.0,4,12,4,77
7.0,4,12,5,77
7.0,4,12,6,77
7.0,4,12,7,78
7.0,4,12,8,78
7.0,4,12,9,78
7.0,4,12,10,79
7.0,4,12,11,79
7.0,4,12,12,79
7.0,4,12,13,80
7.0,4,12,14,80
7.0,4,12,15,80
7.0,4,13,0,76
7.0,4,13,1,76
7.0,4,13,2,76
7.0,4,13,3,77
7.0,4,13,4,77
7.0,4,13,5,77
7.0,4,13,6,78
7.0,4,13,7,78
7.0,4,13,8,78
7.0,4,13,9,79
7.0,4,13,10,79
7.0,4,13,11,80
7.0,4,13,12,80
7.0,4,13,13,80
7.0,4,13,14,81
7.0,4,13,15,81
7.0,4,14,0,76
7.0,4,14,1,76
7.0,4,14,2,77
7.0,4,14,3,77
7.0,4,14,4,77
7.0,4,14,5,78
7.0,4,14,6,78
7.0,4,14,7,78
7.0,4,14,8,79
7.0,4,14,9,79
7.0,4,14,10,80
7.0,4,14,11,80
7.0,4,14,12,80
7.0,4,14,13,81
7.0,4,14,14,81
7.0,4,14,15,81
7.0,4,15,0,76
7.0,4,15,1,77
7.0,4,15,2,77
7.0,4,15,3,77
7.0,4,15,4,78
7.0,4,15,5,78
7.0,4,15,6,79
7.0,4,15,7,79
7.0,4,15,8,79
7.0,4,15,9,80
7.0,4,15,10,80
7.0,4,15,11,80
7.0,4,15,12,81
7.0,4,15,13,81
7.0,4,15,14,81
7.0,4,15,15,82
7.0,5,0,0,71
7.0,5,0,1,72
7.0,5,0,2,72
7.0,5,0,3,72
7.0,5,0,4,73
7.0,5,0,5,73
7.0,5,0,6,73
7.0,5,0,7,74
7.0,5,0,8,74
7.0,5,0,9,74
7.0,5,0,10,75
7.0,5,0,11,75
7.0,5,0,12,75
7.0,5,0,13,76
7.0,5,0,14,76
7.0,5,0,15,76
7.0,5,1,0,72
7.0,5,1,1,72
7.0,5,1,2,72
7.0,5,1,3,73
7.0,5,1,4,73
7.0,5,1,5,73
7.0,5,1,6,74
7.0,5,1,7,74
7.0,5,1,8,75
7.0,5,1,9,75
7.0,5,1,10,75
7.0,5,1,11,76
7.0,5,1,12,76
7.0,5,1,13,76
7.0,5,1,14,77
7.0,5,1,15,77
7.0,5,2,0,72
7.0,5,2,1,73
7.0,5,2,2,73
7.0,5,2,3,73
7.0,5,2,4,74
7.0,5,2,5,74
7.0,5,2,6,74
7.0,5,2,7,75
7.0,5,2,8,75
7.0,5,2,9,75
7.0,5,2,10,76
7.0,5,2,11,76
7.0,5,2,12,76
7.0,5,2,13,77
7.0,5,2,14,77
7.0,5,2,15,77
7.0,5,3,0,73
7.0,5,3,1,73
7.0,5,3,2,73
7.0,5,3,3,74
7.0,5,3,4,74
7.0,5,3,5,74
7.0,5,3,6,75
7.0,5,3,7,75
7.0,5,3,8,75
7.0,5,3,9,76
7.0,5,3,10,76
7.0,5,3,11,76
7.0,5,3,12,77
7.0,5,3,13,77
7.0,5,3,14,77
7.0,5,3,15,78
7.0,5,4,0,73
7.0,5,4,1,73
7.0,5,4,2,74
7.0,5,4,3,74
7.0,5,4,4,74
7.0,5,4,5,75
7.0,5,4,6,75
7.0,5,4,7,76
7.0,5,4,8,76
7.0,5,4,9,76
7.0,5,4,10,77
7.0,5,4,11,77
7.0,5,4,12,77
7.0,5,4,13,78
7.0,5,4,14,78
7.0,5,4,15,78
7.0,5,5,0,73
7.0,5,5,1,74
7.0,5,5,2,74
7.0,5,5,3,75
7.0,5,5,4,75
7.0,5,5,5,75
7.0,5,5,6,76
7.0,5,5,7,76
7.0,5,5,8,76
7.0,5,5,9,77
7.0,5,5,10,77
7.0,5,5,11,77
7.0,5,5,12,78
7.0,5,5,13,78
7.0,5,5,14,78
7.0,5,5,15,79
7.0,5,6,0,74
7.0,5,6,1,74
7.0,5,6,2,75
7.0,5,6,3,75
7.0,5,6,4,75
7.0,5,6,5,76
7.0,5,6,6,76
7.0,5,6,7,76
7.0,5,6,8,77
7.0,5,6,9,77
7.0,5,6,10,77
7.0,5,6,11,78
7.0,5,6,12,78
7.0,5,6,13,78
7.0,5,6,14,79
7.0,5,6,15,79
7.0,5,7,0,74
7.0,5,7,1,75
7.0,5,7,2,75
7.0,5,7,3,75
7.0,5,7,4,76
7.0,5,7,5,76
7.0,5,7,6,76
7.0,5,7,7,77
7.0,5,7,8,77
7.0,5,7,9,78
7.0,5,7,10,78
7.0,5,7,11,78
7.0,5,7,12,79
7.0,5,7,13,79
7.0,5,7,14,79
7.0,5,7,15,80
7.0,5,8,0,75
7.0,5,8,1,75
7.0,5,8,2,75
7.0,5,8,3,76
7.0,5,8,4,76
7.0,5,8,5,77
7.0,5,8,6,77
7.0,5,8,7,77
7.0,5,8,8,78
7.0,5,8,9,78
7.0,5,8,10,78
7.0,5,8,11,79
7.0,5,8,12,79
7.0,5,8,13,79
7.0,5,8,14,80
7.0,5,8,15,80
7.0,5,9,0,75
7.0,5,9,1,75
7.0,5,9,2,76
7.0,5,9,3,76
7.0,5,9,4,77
7.0,5,9,5,77
7.0,5,9,6,77
7.0,5,9,7,78
7.0,5,9,8,78
7.0,5,9,9,78
7.0,5,9,10,79
7.0,5,9,11,79
7.0,5,9,12,79
7.0,5,9,13,80
7.0,5,9,14,80
7.0,5,9,15,80
7.0,5,10,0,76
7.0,5,10,1,76
7.0,5,10,2,76
7.0,5,10,3,77
7.0,5,10,4,77
7.0,5,10,5,77
7.0,5,10,6,78
7.0,5,10,7,78
7.0,5,10,8,78
7.0,5,10,9,79
7.0,5,10,10,79
7.0,5,10,11,80
7.0,5,10,12,80
7.0,5,10,13,80
7.0,5,10,14,81
7.0,5,10,15,81
7.0,5,11,0,76
7.0,5,11,1,76
7.0,5,11,2,77
7.0,5,11,3,77
7.0,5,11,4,77
7.0,5,11,5,78
7.0,5,11,6,78
7.0,5,11,7,79
7.0,5,11,8,79
7.0,5,11,9,79
7.0,5,11,10,80
7.0,5,11,11,80
7.0,5,11,12,80
7.0,5,11,13,81
7.0,5,11,14,81
7.0,5,11,15,81
7.0,5,12,0,76
7.0,5,12,1,77
7.0,5,12,2,77
7.0,5,12,3,77
7.0,5,12,4,78
7.0,5,12,5,78
7.0,5,12,6,79
7.0,5,12,7,79
7.0,5,12,8,79
7.0,5,12,9,80
7.0,5,12,10,80
7.0,5,12,11,80
7.0,5,12,12,81
7.0,5,12,13,81
7.0,5,12,14,81
7.0,5,12,15,82
7.0,5,13,0,77
7.0,5,13,1,77
7.0,5,13,2,77
7.0,5,13,3,78
7.0,5,13,4,78
7.0,5,13,5,79
7.0,5,13,6,79
7.0,5,13,7,79
7.0,5,13,8,80
7.0,5,13,9,80
7.0,5,13,10,80
7.0,5,13,11,81
7.0,5,13,12,81
7.0,5,13,13,82
7.0,5,13,14,82
7.0,5,13,15,82
7.0,5,14,0,77
7.0,5,14,1,78
7.0,5,14,2,78
7.0,5,14,3,78
7.0,5,14,4,79
7.0,5,14,5,79
7.0,5,14,6,79
7.0,5,14,7,80
7.0,5,14,8,80
7.0,5,14,9,80
7.0,5,14,10,81
7.0,5,14,11,81
7.0,5,14,12,82
7.0,5,14,13,82
7.0,5,14,14,82
7.0,5,14,15,83
7.0,5,15,0,78
7.0,5,15,1,78
7.0,5,15,2,78
7.0,5,15,3,79
7.0,5,15,4,79
7.0,5,15,5,79
7.0,5,15,6,80
7.0,5,15,7,80
7.0,5,15,8,81
7.0,5,15,9,81
7.0,5,15,10,81
7.0,5,15,11,82
7.0,5,15,12,82
7.0,5,15,13,82
7.0,5,15,14,83
7.0,5,15,15,83
7.0,6,0,0,72
7.0,6,0,1,73
7.0,6,0,2,73
7.0,6,0,3,73
7.0,6,0,4,74
7.0,6,0,5,74
7.0,6,0,6,75
7.0,6,0,7,75
7.0,6,0,8,75
7.0,6,0,9,76
7.0,6,0,10,76
7.0,6,0,11,76
7.0,6,0,12,77
7.0,6,0,13,77
7.0,6,0,14,77
7.0,6,0,15,78
7.0,6,1,0,73
7.0,6,1,1,73
7.0,6,1,2,74
7.0,6,1,3,74
7.0,6,1,4,74
7.0,6,1,5,75
7.0,6,1,6,75
7.0,6,1,7,75
7.0,6,1,8,76
7.0,6,1,9,76
7.0,6,1,10,76
7.0,6,1,11,77
7.0,6,1,12,77
7.0,6,1,13,77
7.0,6,1,14,78
7.0,6,1,15,78
7.0,6,2,0,73
7.0,6,2,1,74
7.0,6,2,2,74
7.0,6,2,3,74
7.0,6,2,4,75
7.0,6,2,5,75
7.0,6,2,6,75
7.0,6,2,7,76
7.0,6,2,8,76
7.0,6,2,9,76
7.0,6,2,10,77
7.0,6,2,11,77
7.0,6,2,12,78
7.0,6,2,13,78
7.0,6,2,14,78
7.0,6,2,15,79
7.0,6,3,0,74
7.0,6,3,1,74
7.0,6,3,2,74
7.0,6,3,3,75
7.0,6,3,4,75
7.0,6,3,5,76
7.0,6,3,6,76
7.0,6,3,7,76
7.0,6,3,8,77
7.0,6,3,9,77
7.0,6,3,10,77
7.0,6,3,11,78
7.0,6,3,12,78
7.0,6,3,13,78
7.0,6,3,14,79
7.0,6,3,15,79
7.0,6,4,0,74
7.0,6,4,1,75
7.0,6,4,2,75
7.0,6,4,3,75
7.0,6,4,4,76
7.0,6,4,5,76
7.0,6,4,6,76
7.0,6,4,7,77
7.0,6,4,8,77
7.0,6,4,9,77
7.0,6,4,10,78
7.0,6,4,11,78
7.0,6,4,12,78
7.0,6,4,13,79
7.0,6,4,14,79
7.0,6,4,15,79
7.0,6,5,0,75
7.0,6,5,1,75
7.0,6,5,2,75
7.0,6,5,3,76
7.0,6,5,4,76
7.0,6,5,5,76
7.0,6,5,6,77
7.0,6,5,7,77
7.0,6,5,8,77
7.0,6,5,9,78
7.0,6,5,10,78
7.0,6,5,11,79
7.0,6,5,12,79
7.0,6,5,13,79
7.0,6,5,14,80
7.0,6,5,15,80
7.0,6,6,0,75
7.0,6,6,1,75
7.0,6,6,2,76
7.0,6,6,3,76
7.0,6,6,4,76
7.0,6,6,5,77
7.0,6,6,6,77
7.0,6,6,7,78
7.0,6,6,8,78
7.0,6,6,9,78
7.0,6,6,10,79
7.0,6,6,11,79
7.0,6,6,12,79
7.0,6,6,13,80
7.0,6,6,14,80
7.0,6,6,15,80
7.0,6,7,0,75
7.0,6,7,1,76
7.0,6,7,2,76
7.0,6,7,3,77
7.0,6,7,4,77
7.0,6,7,5,77
7.0,6,7,6,78
7.0,6,7,7,78
7.0,6,7,8,78
7.0,6,7,9,79
7.0,6,7,10,79
7.0,6,7,11,79
7.0,6,7,12,80
7.0,6,7,13,80
7.0,6,7,14,80
7.0,6,7,15,81
7.0,6,8,0,76
7.0,6,8,1,76
7.0,6,8,2,77
7.0,6,8,3,77
7.0,6,8,4,77
7.0,6,8,5,78
7.0,6,8,6,78
7.0,6,8,7,78
7.0,6,8,8,79
7.0,6,8,9,79
7.0,6,8,10,80
7.0,6,8,11,80
7.0,6,8,12,80
7.0,6,8,13,81
7.0,6,8,14,81
7.0,6,8,15,81
7.0,6,9,0,76
7.0,6,9,1,77
7.0,6,9,2,77
7.0,6,9,3,77
7.0,6,9,4,78
7.0,6,9,5,78
7.0,6,9,6,79
7.0,6,9,7,79
7.0,6,9,8,79
7.0,6,9,9,80
7.0,6,9,10,80
7.0,6,9,11,80
7.0,6,9,12,81
7.0,6,9,13,81
7.0,6,9,14,81
7.0,6,9,15,82
7.0,6,10,0,77
7.0,6,10,1,77
7.0,6,10,2,77
7.0,6,10,3,78
7.0,6,10,4,78
7.0,6,10,5,79
7.0,6,10,6,79
7.0,6,10,7,79
7.0,6,10,8,80
7.0,6,10,9,80
7.0,6,10,10,80
7.0,6,10,11,81
7.0,6,10,12,81
7.0,6,10,13,81
7.0,6,10,14,82
7.0,6,10,15,82
7.0,6,11,0,77
7.0,6,11,1,77
7.0,6,11,2,78
7.0,6,11,3,78
7.0,6,11,4,79
7.0,6,11,5,79
7.0,6,11,6,79
7.0,6,11,7,80
7.0,6,11,8,80
7.0,6,11,9,80
7.0,6,11,10,81
7.0,6,11,11,81
7.0,6,11,12,82
7.0,6,11,13,82
7.0,6,11,14,82
7.0,6,11,15,83
7.0,6,12,0,78
7.0,6,12,1,78
7.0,6,12,2,78
7.0,6,12,3,79
7.0,6,12,4,79
7.0,6,12,5,79
7.0,6,12,6,80
7.0,6,12,7,80
7.0,6,12,8,81
7.0,6,12,9,81
7.0,6,12,10,81
7.0,6,12,11,82
7.0,6,12,12,82
7.0,6,12,13,82
7.0,6,12,14,83
7.0,6,12,15,83
7.0,6,13,0,78
7.0,6,13,1,78
7.0,6,13,2,79
7.0,6,13,3,79
7.0,6,13,4,79
7.0,6,13,5,80
7.0,6,13,6,80
7.0,6,13,7,81
7.0,6,13,8,81
7.0,6,13,9,81
7.0,6,13,10,82
7.0,6,13,11,82
7.0,6,13,12,82
7.0,6,13,13,83
7.0,6,13,14,83
7.0,6,13,15,84
7.0,6,14,0,78
7.0,6,14,1,79
7.0,6,14,2,79
7.0,6,14,3,79
7.0,6,14,4,80
7.0,6,14,5,80
7.0,6,14,6,81
7.0,6,14,7,81
7.0,6,14,8,81
7.0,6,14,9,82
7.0,6,14,10,82
7.0,6,14,11,82
7.0,6,14,12,83
7.0,6,14,13,83
7.0,6,14,14,84
7.0,6,14,15,84
7.0,6,15,0,79
7.0,6,15,1,79
7.0,6,15,2,80
7.0,6,15,3,80
7.0,6,15,4,80
7.0,6,15,5,81
7.0,6,15,6,81
7.0,6,15,7,81
7.0,6,15,8,82
7.0,6,15,9,82
7.0,6,15,10,83
7.0,6,15,11,83
7.0,6,15,12,83
7.0,6,15,13,84
7.0,6,15,14,84
7.0,6,15,15,84
7.0,7,0,0,74
7.0,7,0,1,74
7.0,7,0,2,74
7.0,7,0,3,75
7.0,7,0,4,75
7.0,7,0,5,75
7.0,7,0,6,76
7.0,7,0,7,76
7.0,7,0,8,76
7.0,7,0,9,77
7.0,7,0,10,77
7.0,7,0,11,77
7.0,7,0,12,78
7.0,7,0,13,78
7.0,7,0,14,78
7.0,7,0,15,79
7.0,7,1,0,74
7.0,7,1,1,74
7.0,7,1,2,75
7.0,7,1,3,75
7.0,7,1,4,75
7.0,7,1,5,76
7.0,7,1,6,76
7.0,7,1,7,77
7.0,7,1,8,77
7.0,7,1,9,77
7.0,7,1,10,78
7.0,7,1,11,78
7.0,7,1,12,78
7.0,7,1,13,79
7.0,7,1,14,79
7.0,7,1,15,79
7.0,7,2,0,74
7.0,7,2,1,75
7.0,7,2,2,75
7.0,7,2,3,76
7.0,7,2,4,76
7.0,7,2,5,76
7.0,7,2,6,77
7.0,7,2,7,77
7.0,7,2,8,77
7.0,7,2,9,78
7.0,7,2,10,78
7.0,7,2,11,78
7.0,7,2,12,79
7.0,7,2,13,79
7.0,7,2,14,79
7.0,7,2,15,80
7.0,7,3,0,75
7.0,7,3,1,75
7.0,7,3,2,76
7.0,7,3,3,76
7.0,7,3,4,76
7.0,7,3,5,77
7.0,7,3,6,77
7.0,7,3,7,77
7.0,7,3,8,78
7.0,7,3,9,78
7.0,7,3,10,78
7.0,7,3,11,79
7.0,7,3,12,79
7.0,7,3,13,80
7.0,7,3,14,80
7.0,7,3,15,80
7.0,7,4,0,75
7.0,7,4,1,76
7.0,7,4,2,76
7.0,7,4,3,76
7.0,7,4,4,77
7.0,7,4,5,77
7.0,7,4,6,78
7.0,7,4,7,78
7.0,7,4,8,78
7.0,7,4,9,79
7.0,7,4,10,79
7.0,7,4,11,79
7.0,7,4,12,80
7.0,7,4,13,80
7.0,7,4,14,80
7.0,7,4,15,81
7.0,7,5,0,76
7.0,7,5,1,76
7.0,7,5,2,76
7.0,7,5,3,77
7.0,7,5,4,77
7.0,7,5,5,78
7.0,7,5,6,78
7.0,7,5,7,78
7.0,7,5,8,79
7.0,7,5,9,79
7.0,7,5,10,79
7.0,7,5,11,80
7.0,7,5,12,80
7.0,7,5,13,80
7.0,7,5,14,81
7.0,7,5,15,81
7.0,7,6,0,76
7.0,7,6,1,77
7.0,7,6,2,77
7.0,7,6,3,77
7.0,7,6,4,78
7.0,7,6,5,78
7.0,7,6,6,78
7.0,7,6,7,79
7.0,7,6,8,79
7.0,7,6,9,79
7.0,7,6,10,80
7.0,7,6,11,80
7.0,7,6,12,81
7.0,7,6,13,81
7.0,7,6,14,81
7.0,7,6,15,82
7.0,7,7,0,77
7.0,7,7,1,77
7.0,7,7,2,77
7.0,7,7,3,78
7.0,7,7,4,78
7.0,7,7,5,78
7.0,7,7,6,79
7.0,7,7,7,79
7.0,7,7,8,80
7.0,7,7,9,80
7.0,7,7,10,80
7.0,7,7,11,81
7.0,7,7,12,81
7.0,7,7,13,81
7.0,7,7,14,82
7.0,7,7,15,82
7.0,7,8,0,77
7.0,7,8,1,77
7.0,7,8,2,78
7.0,7,8,3,78
7.0,7,8,4,79
7.0,7,8,5,79
7.0,7,8,6,79
7.0,7,8,7,80
7.0,7,8,8,80
7.0,7,8,9,80
7.0,7,8,10,81
7.0,7,8,11,81
7.0,7,8,12,81
7.0,7,8,13,82
7.0,7,8,14,82
7.0,7,8,15,83
7.0,7,9,0,77
7.0,7,9,1,78
7.0,7,9,2,78
7.0,7,9,3,79
7.0,7,9,4,79
7.0,7,9,5,79
7.0,7,9,6,80
7.0,7,9,7,80
7.0,7,9,8,80
7.0,7,9,9,81
7.0,7,9,10,81
7.0,7,9,11,82
7.0,7,9,12,82
7.0,7,9,13,82
7.0,7,9,14,83
7.0,7,9,15,83
7.0,7,10,0,78
7.0,7,10,1,78
7.0,7,10,2,79
7.0,7,10,3,79
7.0,7,10,4,79
7.0,7,10,5,80
7.0,7,10,6,80
7.0,7,10,7,81
7.0,7,10,8,81
7.0,7,10,9,81
7.0,7,10,10,82
7.0,7,10,11,82
7.0,7,10,12,82
7.0,7,10,13,83
7.0,7,10,14,83
7.0,7,10,15,83
7.0,7,11,0,78
7.0,7,11,1,79
7.0,7,11,2,79
7.0,7,11,3,79
7.0,7,11,4,80
7.0,7,11,5,80
7.0,7,11,6,81
7.0,7,11,7,81
7.0,7,11,8,81
7.0,7,11,9,82
7.0,7,11,10,82
7.0,7,11,11,82
7.0,7,11,12,83
7.0,7,11,13,83
7.0,7,11,14,84
7.0,7,11,15,84
7.0,7,12,0,79
7.0,7,12,1,79
7.0,7,12,2,80
7.0,7,12,3,80
7.0,7,12,4,80
7.0,7,12,5,81
7.0,7,12,6,81
7.0,7,12,7,81
7.0,7,12,8,82
7.0,7,12,9,82
7.0,7,12,10,83
7.0,7,12,11,83
7.0,7,12,12,83
7.0,7,12,13,84
7.0,7,12,14,84
7.0,7,12,15,84
7.0,7,13,0,79
7.0,7,13,1,80
7.0,7,13,2,80
7.0,7,13,3,80
7.0,7,13,4,81
7.0,7,13,5,81
7.0,7,13,6,81
7.0,7,13,7,82
7.0,7,13,8,82
7.0,7,13,9,83
7.0,7,13,10,83
7.0,7,13,11,83
7.0,7,13,12,84
7.0,7,13,13,84
7.0,7,13,14,84
7.0,7,13,15,85
7.0,7,14,0,80
7.0,7,14,1,80
7.0,7,14,2,80
7.0,7,14,3,81
7.0,7,14,4,81
7.0,7,14,5,81
7.0,7,14,6,82
7.0,7,14,7,82
7.0,7,14,8,83
7.0,7,14,9,83
7.0,7,14,10,83
7.0,7,14,11,84
7.0,7,14,12,84
7.0,7,14,13,85
7.0,7,14,14,85
7.0,7,14,15,85
7.0,7,15,0,80
7.0,7,15,1,80
7.0,7,15,2,81
7.0,7,15,3,81
7.0,7,15,4,82
7.0,7,15,5,82
7.0,7,15,6,82
7.0,7,15,7,83
7.0,7,15,8,83
7.0,7,15,9,83
7.0,7,15,10,84
7.0,7,15,11,84
7.0,7,15,12,85
7.0,7,15,13,85
7.0,7,15,14,85
7.0,7,15,15,86
7.0,8,0,0,75
7.0,8,0,1,75
7.0,8,0,2,75
7.0,8,0,3,76
7.0,8,0,4,76
7.0,8,0,5,76
7.0,8,0,6,77
7.0,8,0,7,77
7.0,8,0,8,78
7.0,8,0,9,78
7.0,8,0,10,78
7.0,8,0,11,79
7.0,8,0,12,79
7.0,8,0,13,79
7.0,8,0,14,80
7.0,8,0,15,80
7.0,8,1,0,75
7.0,8,1,1,75
7.0,8,1,2,76
7.0,8,1,3,76
7.0,8,1,4,77
7.0,8,1,5,77
7.0,8,1,6,77
7.0,8,1,7,78
7.0,8,1,8,78
7.0,8,1,9,78
7.0,8,1,10,79
7.0,8,1,11,79
7.0,8,1,12,79
7.0,8,1,13,80
7.0,8,1,14,80
7.0,8,1,15,81
7.0,8,2,0,76
7.0,8,2,1,76
7.0,8,2,2,76
7.0,8,2,3,77
7.0,8,2,4,77
7.0,8,2,5,77
7.0,8,2,6,78
7.0,8,2,7,78
7.0,8,2,8,79
7.0,8,2,9,79
7.0,8,2,10,79
7.0,8,2,11,80
7.0,8,2,12,80
7.0,8,2,13,80
7.0,8,2,14,81
7.0,8,2,15,81
7.0,8,3,0,76
7.0,8,3,1,76
7.0,8,3,2,77
7.0,8,3,3,77
7.0,8,3,4,78
7.0,8,3,5,78
7.0,8,3,6,78
7.0,8,3,7,79
7.0,8,3,8,79
7.0,8,3,9,79
7.0,8,3,10,80
7.0,8,3,11,80
7.0,8,3,12,80
7.0,8,3,13,81
7.0,8,3,14,81
7.0,8,3,15,81
7.0,8,4,0,76
7.0,8,4,1,77
7.0,8,4,2,77
7.0,8,4,3,78
7.0,8,4,4,78
7.0,8,4,5,78
7.0,8,4,6,79
7.0,8,4,7,79
7.0,8,4,8,79
7.0,8,4,9,80
7.0,8,4,10,80
7.0,8,4,11,81
7.0,8,4,12,81
7.0,8,4,13,81
7.0,8,4,14,82
7.0,8,4,15,82
7.0,8,5,0,77
7.0,8,5,1,77
7.0,8,5,2,78
7.0,8,5,3,78
7.0,8,5,4,78
7.0,8,5,5,79
7.0,8,5,6,79
7.0,8,5,7,80
7.0,8,5,8,80
7.0,8,5,9,80
7.0,8,5,10,81
7.0,8,5,11,81
7.0,8,5,12,81
7.0,8,5,13,82
7.0,8,5,14,82
7.0,8,5,15,82
7.0,8,6,0,77
7.0,8,6,1,78
7.0,8,6,2,78
7.0,8,6,3,78
7.0,8,6,4,79
7.0,8,6,5,79
7.0,8,6,6,80
7.0,8,6,7,80
7.0,8,6,8,80
7.0,8,6,9,81
7.0,8,6,10,81
7.0,8,6,11,81
7.0,8,6,12,82
7.0,8,6,13,82
7.0,8,6,14,83
7.0,8,6,15,83
7.0,8,7,0,78
7.0,8,7,1,78
7.0,8,7,2,79
7.0,8,7,3,79
7.0,8,7,4,79
7.0,8,7,5,80
7.0,8,7,6,80
7.0,8,7,7,80
7.0,8,7,8,81
7.0,8,7,9,81
7.0,8,7,10,82
7.0,8,7,11,82
7.0,8,7,12,82
7.0,8,7,13,83
7.0,8,7,14,83
7.0,8,7,15,83
7.0,8,8,0,78
7.0,8,8,1,79
7.0,8,8,2,79
7.0,8,8,3,79
7.0,8,8,4,80
7.0,8,8,5,80
7.0,8,8,6,81
7.0,8,8,7,81
7.0,8,8,8,81
7.0,8,8,9,82
7.0,8,8,10,82
7.0,8,8,11,82
7.0,8,8,12,83
7.0,8,8,13,83
7.0,8,8,14,83
7.0,8,8,15,84
7.0,8,9,0,79
7.0,8,9,1,79
7.0,8,9,2,79
7.0,8,9,3,80
7.0,8,9,4,80
7.0,8,9,5,81
7.0,8,9,6,81
7.0,8,9,7,81
7.0,8,9,8,82
7.0,8,9,9,82
7.0,8,9,10,82
7.0,8,9,11,83
7.0,8,9,12,83
7.0,8,9,13,84
7.0,8,9,14,84
7.0,8,9,15,84
7.0,8,10,0,79
7.0,8,10,1,79
7.0,8,10,2,80
7.0,8,10,3,80
7.0,8,10,4,81
7.0,8,10,5,81
7.0,8,10,6,81
7.0,8,10,7,82
7.0,8,10,8,82
7.0,8,10,9,83
7.0,8,10,10,83
7.0,8,10,11,83
7.0,8,10,12,84
7.0,8,10,13,84
7.0,8,10,14,84
7.0,8,10,15,85
7.0,8,11,0,80
7.0,8,11,1,80
7.0,8,11,2,80
7.0,8,11,3,81
7.0,8,11,4,81
7.0,8,11,5,81
7.0,8,11,6,82
7.0,8,11,7,82
7.0,8,11,8,83
7.0,8,11,9,83
7.0,8,11,10,83
7.0,8,11,11,84
7.0,8,11,12,84
7.0,8,11,13,84
7.0,8,11,14,85
7.0,8,11,15,85
7.0,8,12,0,80
7.0,8,12,1,80
7.0,8,12,2,81
7.0,8,12,3,81
7.0,8,12,4,81
7.0,8,12,5,82
7.0,8,12,6,82
7.0,8,12,7,83
7.0,8,12,8,83
7.0,8,12,9,83
7.0,8,12,10,84
7.0,8,12,11,84
7.0,8,12,12,85
7.0,8,12,13,85
7.0,8,12,14,85
7.0,8,12,15,86
7.0,8,13,0,80
7.0,8,13,1,81
7.0,8,13,2,81
7.0,8,13,3,82
7.0,8,13,4,82
7.0,8,13,5,82
7.0,8,13,6,83
7.0,8,13,7,83
7.0,8,13,8,83
7.0,8,13,9,84
7.0,8,13,10,84
7.0,8,13,11,85
7.0,8,13,12,85
7.0,8,13,13,85
7.0,8,13,14,86
7.0,8,13,15,86
7.0,8,14,0,81
7.0,8,14,1,81
7.0,8,14,2,82
7.0,8,14,3,82
7.0,8,14,4,82
7.0,8,14,5,83
7.0,8,14,6,83
7.0,8,14,7,84
7.0,8,14,8,84
7.0,8,14,9,84
7.0,8,14,10,85
7.0,8,14,11,85
7.0,8,14,12,85
7.0,8,14,13,86
7.0,8,14,14,86
7.0,8,14,15,87
7.0,8,15,0,81
7.0,8,15,1,82
7.0,8,15,2,82
7.0,8,15,3,82
7.0,8,15,4,83
7.0,8,15,5,83
7.0,8,15,6,84
7.0,8,15,7,84
7.0,8,15,8,84
7.0,8,15,9,85
7.0,8,15,10,85
7.0,8,15,11,85
7.0,8,15,12,86
7.0,8,15,13,86
7.0,8,15,14,87
7.0,8,15,15,87
7.0,9,0,0,76
7.0,9,0,1,76
7.0,9,0,2,77
7.0,9,0,3,77
7.0,9,0,4,77
7.0,9,0,5,78
7.0,9,0,6,78
7.0,9,0,7,78
7.0,9,0,8,79
7.0,9,0,9,79
7.0,9,0,10,79
7.0,9,0,11,80
7.0,9,0,12,80
7.0,9,0,13,81
7.0,9,0,14,81
7.0,9,0,15,81
7.0,9,1,0,76
7.0,9,1,1,77
7.0,9,1,2,77
7.0,9,1,3,77
7.0,9,1,4,78
7.0,9,1,5,78
7.0,9,1,6,78
7.0,9,1,7,79
7.0,9,1,8,79
7.0,9,1,9,80
7.0,9,1,10,80
7.0,9,1,11,80
7.0,9,1,12,81
7.0,9,1,13,81
7.0,9,1,14,81
7.0,9,1,15,82
7.0,9,2,0,77
7.0,9,2,1,77
7.0,9,2,2,77
7.0,9,2,3,78
7.0,9,2,4,78
7.0,9,2,5,79
7.0,9,2,6,79
7.0,9,2,7,79
7.0,9,2,8,80
7.0,9,2,9,80
7.0,9,2,10,80
7.0,9,2,11,81
7.0,9,2,12,81
7.0,9,2,13,81
7.0,9,2,14,82
7.0,9,2,15,82
7.0,9,3,0,77
7.0,9,3,1,78
7.0,9,3,2,78
7.0,9,3,3,78
7.0,9,3,4,79
7.0,9,3,5,79
7.0,9,3,6,79
7.0,9,3,7,80
7.0,9,3,8,80
7.0,9,3,9,81
7.0,9,3,10,81
7.0,9,3,11,81
7.0,9,3,12,82
7.0,9,3,13,82
7.0,9,3,14,82
7.0,9,3,15,83
7.0,9,4,0,78
7.0,9,4,1,78
7.0,9,4,2,78
7.0,9,4,3,79
7.0,9,4,4,79
7.0,9,4,5,80
7.0,9,4,6,80
7.0,9,4,7,80
7.0,9,4,8,81
7.0,9,4,9,81
7.0,9,4,10,81
7.0,9,4,11,82
7.0,9,4,12,82
7.0,9,4,13,82
7.0,9,4,14,83
7.0,9,4,15,83
7.0,9,5,0,78
7.0,9,5,1,78
7.0,9,5,2,79
7.0,9,5,3,79
7.0,9,5,4,80
7.0,9,5,5,80
7.0,9,5,6,80
7.0,9,5,7,81
7.0,9,5,8,81
7.0,9,5,9,81
7.0,9,5,10,82
7.0,9,5,11,82
7.0,9,5,12,83
7.0,9,5,13,83
7.0,9,5,14,83
7.0,9,5,15,84
7.0,9,6,0,79
7.0,9,6,1,79
7.0,9,6,2,79
7.0,9,6,3,80
7.0,9,6,4,80
7.0,9,6,5,80
7.0,9,6,6,81
7.0,9,6,7,81
7.0,9,6,8,82
7.0,9,6,9,82
7.0,9,6,10,82
7.0,9,6,11,83
7.0,9,6,12,83
7.0,9,6,13,83
7.0,9,6,14,84
7.0,9,6,15,84
7.0,9,7,0,79
7.0,9,7,1,79
7.0,9,7,2,80
7.0,9,7,3,80
7.0,9,7,4,80
7.0,9,7,5,81
7.0,9,7,6,81
7.0,9,7,7,82
7.0,9,7,8,82
7.0,9,7,9,82
7.0,9,7,10,83
7.0,9,7,11,83
7.0,9,7,12,83
7.0,9,7,13,84
7.0,9,7,14,84
7.0,9,7,15,85
7.0,9,8,0,79
7.0,9,8,1,80
7.0,9,8,2,80
7.0,9,8,3,81
7.0,9,8,4,81
7.0,9,8,5,81
7.0,9,8,6,82
7.0,9,8,7,82
7.0,9,8,8,82
7.0,9,8,9,83
7.0,9,8,10,83
7.0,9,8,11,84
7.0,9,8,12,84
7.0,9,8,13,84
7.0,9,8,14,85
7.0,9,8,15,85
7.0,9,9,0,80
7.0,9,9,1,80
7.0,9,9,2,81
7.0,9,9,3,81
7.0,9,9,4,81
7.0,9,9,5,82
7.0,9,9,6,82
7.0,9,9,7,83
7.0,9,9,8,83
7.0,9,9,9,83
7.0,9,9,10,84
7.0,9,9,11,84
7.0,9,9,12,84
7.0,9,9,13,85
7.0,9,9,14,85
7.0,9,9,15,86
7.0,9,10,0,80
7.0,9,10,1,81
7.0,9,10,2,81
7.0,9,10,3,81
7.0,9,10,4,82
7.0,9,10,5,82
7.0,9,10,6,83
7.0,9,10,7,83
7.0,9,10,8,83
7.0,9,10,9,84
7.0,9,10,10,84
7.0,9,10,11,85
7.0,9,10,12,85
7.0,9,10,13,85
7.0,9,10,14,86
7.0,9,10,15,86
7.0,9,11,0,81
7.0,9,11,1,81
7.0,9,11,2,81
7.0,9,11,3,82
7.0,9,11,4,82
7.0,9,11,5,83
7.0,9,11,6,83
7.0,9,11,7,83
7.0,9,11,8,84
7.0,9,11,9,84
7.0,9,11,10,85
7.0,9,11,11,85
7.0,9,11,12,85
7.0,9,11,13,86
7.0,9,11,14,86
7.0,9,11,15,86
7.0,9,12,0,81
7.0,9,12,1,82
7.0,9,12,2,82
7.0,9,12,3,82
7.0,9,12,4,83
7.0,9,12,5,83
7.0,9,12,6,83
7.0,9,12,7,84
7.0,9,12,8,84
7.0,9,12,9,85
7.0,9,12,10,85
7.0,9,12,11,85
7.0,9,12,12,86
7.0,9,12,13,86
7.0,9,12,14,87
7.0,9,12,15,87
7.0,9,13,0,82
7.0,9,13,1,82
7.0,9,13,2,82
7.0,9,13,3,83
7.0,9,13,4,83
7.0,9,13,5,84
7.0,9,13,6,84
7.0,9,13,7,84
7.0,9,13,8,85
7.0,9,13,9,85
7.0,9,13,10,85
7.0,9,13,11,86
7.0,9,13,12,86
7.0,9,13,13,87
7.0,9,13,14,87
7.0,9,13,15,87
7.0,9,14,0,82
7.0,9,14,1,82
7.0,9,14,2,83
7.0,9,14,3,83
7.0,9,14,4,84
7.0,9,14,5,84
7.0,9,14,6,84
7.0,9,14,7,85
7.0,9,14,8,85
7.0,9,14,9,86
7.0,9,14,10,86
7.0,9,14,11,86
7.0,9,14,12,87
7.0,9,14,13,87
7.0,9,14,14,87
7.0,9,14,15,88
7.0,9,15,0,82
7.0,9,15,1,83
7.0,9,15,2,83
7.0,9,15,3,84
7.0,9,15,4,84
7.0,9,15,5,84
7.0,9,15,6,85
7.0,9,15,7,85
7.0,9,15,8,86
7.0,9,15,9,86
7.0,9,15,10,86
7.0,9,15,11,87
7.0,9,15,12,87
7.0,9,15,13,88
7.0,9,15,14,88
7.0,9,15,15,88
7.0,10,0,0,77
7.0,10,0,1,77
7.0,10,0,2,78
7.0,10,0,3,78
7.0,10,0,4,78
7.0,10,0,5,79
7.0,10,0,6,79
7.0,10,0,7,80
7.0,10,0,8,80
7.0,10,0,9,80
7.0,10,0,10,81
7.0,10,0,11,81
7.0,10,0,12,81
7.0,10,0,13,82
7.0,10,0,14,82
7.0,10,0,15,82
7.0,10,1,0,77
7.0,10,1,1,78
7.0,10,1,2,78
7.0,10,1,3,79
7.0,10,1,4,79
7.0,10,1,5,79
7.0,10,1,6,80
7.0,10,1,7,80
7.0,10,1,8,80
7.0,10,1,9,81
7.0,10,1,10,81
7.0,10,1,11,81
7.0,10,1,12,82
7.0,10,1,13,82
7.0,10,1,14,83
7.0,10,1,15,83
7.0,10,2,0,78
7.0,10,2,1,78
7.0,10,2,2,79
7.0,10,2,3,79
7.0,10,2,4,79
7.0,10,2,5,80
7.0,10,2,6,80
7.0,10,2,7,80
7.0,10,2,8,81
7.0,10,2,9,81
7.0,10,2,10,82
7.0,10,2,11,82
7.0,10,2,12,82
7.0,10,2,13,83
7.0,10,2,14,83
7.0,10,2,15,83
7.0,10,3,0,78
7.0,10,3,1,79
7.0,10,3,2,79
7.0,10,3,3,79
7.0,10,3,4,80
7.0,10,3,5,80
7.0,10,3,6,81
7.0,10,3,7,81
7.0,10,3,8,81
7.0,10,3,9,82
7.0,10,3,10,82
7.0,10,3,11,82
7.0,10,3,12,83
7.0,10,3,13,83
7.0,10,3,14,84
7.0,10,3,15,84
7.0,10,4,0,79
7.0,10,4,1,79
7.0,10,4,2,80
7.0,10,4,3,80
7.0,10,4,4,80
7.0,10,4,5,81
7.0,10,4,6,81
7.0,10,4,7,81
7.0,10,4,8,82
7.0,10,4,9,82
7.0,10,4,10,83
7.0,10,4,11,83
7.0,10,4,12,83
7.0,10,4,13,84
7.0,10,4,14,84
7.0,10,4,15,84
7.0,10,5,0,79
7.0,10,5,1,80
7.0,10,5,2,80
7.0,10,5,3,80
7.0,10,5,4,81
7.0,10,5,5,81
7.0,10,5,6,82
7.0,10,5,7,82
7.0,10,5,8,82
7.0,10,5,9,83
7.0,10,5,10,83
7.0,10,5,11,83
7.0,10,5,12,84
7.0,10,5,13,84
7.0,10,5,14,85
7.0,10,5,15,85
7.0,10,6,0,80
7.0,10,6,1,80
7.0,10,6,2,80
7.0,10,6,3,81
7.0,10,6,4,81
7.0,10,6,5,82
7.0,10,6,6,82
7.0,10,6,7,82
7.0,10,6,8,83
7.0,10,6,9,83
7.0,10,6,10,84
7.0,10,6,11,84
7.0,10,6,12,84
7.0,10,6,13,85
7.0,10,6,14,85
7.0,10,6,15,85
7.0,10,7,0,80
7.0,10,7,1,81
7.0,10,7,2,81
7.0,10,7,3,81
7.0,10,7,4,82
7.0,10,7,5,82
7.0,10,7,6,82
7.0,10,7,7,83
7.0,10,7,8,83
7.0,10,7,9,84
7.0,10,7,10,84
7.0,10,7,11,84
7.0,10,7,12,85
7.0,10,7,13,85
7.0,10,7,14,85
7.0,10,7,15,86
7.0,10,8,0,81
7.0,10,8,1,81
7.0,10,8,2,81
7.0,10,8,3,82
7.0,10,8,4,82
7.0,10,8,5,83
7.0,10,8,6,83
7.0,10,8,7,83
7.0,10,8,8,84
7.0,10,8,9,84
7.0,10,8,10,84
7.0,10,8,11,85
7.0,10,8,12,85
7.0,10,8,13,86
7.0,10,8,14,86
7.0,10,8,15,86
7.0,10,9,0,81
7.0,10,9,1,81
7.0,10,9,2,82
7.0,10,9,3,82
7.0,10,9,4,83
7.0,10,9,5,83
7.0,10,9,6,83
7.0,10,9,7,84
7.0,10,9,8,84
7.0,10,9,9,85
7.0,10,9,10,85
7.0,10,9,11,85
7.0,10,9,12,86
7.0,10,9,13,86
7.0,10,9,14,86
7.0,10,9,15,87
7.0,10,10,0,81
7.0,10,10,1,82
7.0,10,10,2,82
7.0,10,10,3,83
7.0,10,10,4,83
7.0,10,10,5,83
7.0,10,10,6,84
7.0,10,10,7,84
7.0,10,10,8,85
7.0,10,10,9,85
7.0,10,10,10,85
7.0,10,10,11,86
7.0,10,10,12,86
7.0,10,10,13,87
7.0,10,10,14,87
7.0,10,10,15,87
7.0,10,11,0,82
7.0,10,11,1,82
7.0,10,11,2,83
7.0,10,11,3,83
7.0,10,11,4,83
7.0,10,11,5,84
7.0,10,11,6,84
7.0,10,11,7,85
7.0,10,11,8,85
7.0,10,11,9,85
7.0,10,11,10,86
7.0,10,11,11,86
7.0,10,11,12,87
7.0,10,11,13,87
7.0,10,11,14,87
7.0,10,11,15,88
7.0,10,12,0,82
7.0,10,12,1,83
7.0,10,12,2,83
7.0,10,12,3,84
7.0,10,12,4,84
7.0,10,12,5,84
7.0,10,12,6,85
7.0,10,12,7,85
7.0,10,12,8,86
7.0,10,12,9,86
7.0,10,12,10,86
7.0,10,12,11,87
7.0,10,12,12,87
7.0,10,12,13,87
7.0,10,12,14,88
7.0,10,12,15,88
7.0,10,13,0,83
7.0,10,13,1,83
7.0,10,13,2,84
7.0,10,13,3,84
7.0,10,13,4,84
7.0,10,13,5,85
7.0,10,13,6,85
7.0,10,13,7,86
7.0,10,13,8,86
7.0,10,13,9,86
7.0,10,13,10,87
7.0,10,13,11,87
7.0,10,13,12,88
7.0,10,13,13,88
7.0,10,13,14,88
7.0,10,13,15,89
7.0,10,14,0,83
7.0,10,14,1,84
7.0,10,14,2,84
7.0,10,14,3,84
7.0,10,14,4,85
7.0,10,14,5,85
7.0,10,14,6,86
7.0,10,14,7,86
7.0,10,14,8,86
7.0,10,14,9,87
7.0,10,14,10,87
7.0,10,14,11,88
7.0,10,14,12,88
7.0,10,14,13,88
7.0,10,14,14,89
7.0,10,14,15,89
7.0,10,15,0,84
7.0,10,15,1,84
7.0,10,15,2,84
7.0,10,15,3,85
7.0,10,15,4,85
7.0,10,15,5,86
7.0,10,15,6,86
7.0,10,15,7,86
7.0,10,15,8,87
7.0,10,15,9,87
7.0,10,15,10,88
7.0,10,15,11,88
7.0,10,15,12,88
7.0,10,15,13,89
7.0,10,15,14,89
7.0,10,15,15,90
7.0,11,0,0,78
7.0,11,0,1,78
7.0,11,0,2,79
7.0,11,0,3,79
7.0,11,0,4,80
7.0,11,0,5,80
7.0,11,0,6,80
7.0,11,0,7,81
7.0,11,0,8,81
7.0,11,0,9,81
7.0,11,0,10,82
7.0,11,0,11,82
7.0,11,0,12,83
7.0,11,0,13,83
7.0,11,0,14,83
7.0,11,0,15,84
7.0,11,1,0,79
7.0,11,1,1,79
7.0,11,1,2,79
7.0,11,1,3,80
7.0,11,1,4,80
7.0,11,1,5,80
7.0,11,1,6,81
7.0,11,1,7,81
7.0,11,1,8,82
7.0,11,1,9,82
7.0,11,1,10,82
7.0,11,1,11,83
7.0,11,1,12,83
7.0,11,1,13,83
7.0,11,1,14,84
7.0,11,1,15,84
7.0,11,2,0,79
7.0,11,2,1,79
7.0,11,2,2,80
7.0,11,2,3,80
7.0,11,2,4,81
7.0,11,2,5,81
7.0,11,2,6,81
7.0,11,2,7,82
7.0,11,2,8,82
7.0,11,2,9,82
7.0,11,2,10,83
7.0,11,2,11,83
7.0,11,2,12,84
7.0,11,2,13,84
7.0,11,2,14,84
7.0,11,2,15,85
7.0,11,3,0,79
7.0,11,3,1,80
7.0,11,3,2,80
7.0,11,3,3,81
7.0,11,3,4,81
7.0,11,3,5,81
7.0,11,3,6,82
7.0,11,3,7,82
7.0,11,3,8,83
7.0,11,3,9,83
7.0,11,3,10,83
7.0,11,3,11,84
7.0,11,3,12,84
7.0,11,3,13,84
7.0,11,3,14,85
7.0,11,3,15,85
7.0,11,4,0,80
7.0,11,4,1,80
7.0,11,4,2,81
7.0,11,4,3,81
7.0,11,4,4,81
7.0,11,4,5,82
7.0,11,4,6,82
7.0,11,4,7,83
7.0,11,4,8,83
7.0,11,4,9,83
7.0,11,4,10,84
7.0,11,4,11,84
7.0,11,4,12,85
7.0,11,4,13,85
7.0,11,4,14,85
7.0,11,4,15,86
7.0,11,5,0,80
7.0,11,5,1,81
7.0,11,5,2,81
7.0,11,5,3,82
7.0,11,5,4,82
7.0,11,5,5,82
7.0,11,5,6,83
7.0,11,5,7,83
7.0,11,5,8,83
7.0,11,5,9,84
7.0,11,5,10,84
7.0,11,5,11,85
7.0,11,5,12,85
7.0,11,5,13,85
7.0,11,5,14,86
7.0,11,5,15,86
7.0,11,6,0,81
7.0,11,6,1,81
7.0,11,6,2,82
7.0,11,6,3,82
7.0,11,6,4,82
7.0,11,6,5,83
7.0,11,6,6,83
7.0,11,6,7,84
7.0,11,6,8,84
7.0,11,6,9,84
7.0,11,6,10,85
7.0,11,6,11,85
7.0,11,6,12,85
7.0,11,6,13,86
7.0,11,6,14,86
7.0,11,6,15,87
7.0,11,7,0,81
7.0,11,7,1,82
7.0,11,7,2,82
7.0,11,7,3,82
7.0,11,7,4,83
7.0,11,7,5,83
7.0,11,7,6,84
7.0,11,7,7,84
7.0,11,7,8,84
7.0,11,7,9,85
7.0,11,7,10,85
7.0,11,7,11,86
7.0,11,7,12,86
7.0,11,7,13,86
7.0,11,7,14,87
7.0,11,7,15,87
7.0,11,8,0,82
7.0,11,8,1,82
7.0,11,8,2,83
7.0,11,8,3,83
7.0,11,8,4,83
7.0,11,8,5,84
7.0,11,8,6,84
7.0,11,8,7,85
7.0,11,8,8,85
7.0,11,8,9,85
7.0,11,8,10,86
7.0,11,8,11,86
7.0,11,8,12,86
7.0,11,8,13,87
7.0,11,8,14,87
7.0,11,8,15,88
7.0,11,9,0,82
7.0,11,9,1,83
7.0,11,9,2,83
7.0,11,9,3,83
7.0,11,9,4,84
7.0,11,9,5,84
7.0,11,9,6,85
7.0,11,9,7,85
7.0,11,9,8,85
7.0,11,9,9,86
7.0,11,9,10,86
7.0,11,9,11,87
7.0,11,9,12,87
7.0,11,9,13,87
7.0,11,9,14,88
7.0,11,9,15,88
7.0,11,10,0,83
7.0,11,10,1,83
7.0,11,10,2,83
7.0,11,10,3,84
7.0,11,10,4,84
7.0,11,10,5,85
7.0,11,10,6,85
7.0,11,10,7,85
7.0,11,10,8,86
7.0,11,10,9,86
7.0,11,10,10,87
7.0,11,10,11,87
7.0,11,10,12,87
7.0,11,10,13,88
7.0,11,10,14,88
7.0,11,10,15,89
7.0,11,11,0,83
7.0,11,11,1,83
7.0,11,11,2,84
7.0,11,11,3,84
7.0,11,11,4,85
7.0,11,11,5,85
7.0,11,11,6,86
7.0,11,11,7,86
7.0,11,11,8,86
7.0,11,11,9,87
7.0,11,11,10,87
7.0,11,11,11,87
7.0,11,11,12,88
7.0,11,11,13,88
7.0,11,11,14,89
7.0,11,11,15,89
7.0,11,12,0,84
7.0,11,12,1,84
7.0,11,12,2,84
7.0,11,12,3,85
7.0,11,12,4,85
7.0,11,12,5,86
7.0,11,12,6,86
7.0,11,12,7,86
7.0,11,12,8,87
7.0,11,12,9,87
7.0,11,12,10,88
7.0,11,12,11,88
7.0,11,12,12,88
7.0,11,12,13,89
7.0,11,12,14,89
7.0,11,12,15,89
7.0,11,13,0,84
7.0,11,13,1,84
7.0,11,13,2,85
7.0,11,13,3,85
7.0,11,13,4,86
7.0,11,13,5,86
7.0,11,13,6,86
7.0,11,13,7,87
7.0,11,13,8,87
7.0,11,13,9,88
7.0,11,13,10,88
7.0,11,13,11,88
7.0,11,13,12,89
7.0,11,13,13,89
7.0,11,13,14,90
7.0,11,13,15,90
7.0,11,14,0,84
7.0,11,14,1,85
7.0,11,14,2,85
7.0,11,14,3,86
7.0,11,14,4,86
7.0,11,14,5,86
7.0,11,14,6,87
7.0,11,14,7,87
7.0,11,14,8,88
7.0,11,14,9,88
7.0,11,14,10,88
7.0,11,14,11,89
7.0,11,14,12,89
7.0,11,14,13,90
7.0,11,14,14,90
7.0,11,14,15,90
7.0,11,15,0,85
7.0,11,15,1,85
7.0,11,15,2,86
7.0,11,15,3,86
7.0,11,15,4,87
7.0,11,15,5,87
7.0,11,15,6,87
7.0,11,15,7,88
7.0,11,15,8,88
7.0,11,15,9,89
7.0,11,15,10,89
7.0,11,15,11,89
7.0,11,15,12,90
7.0,11,15,13,90
7.0,11,15,14,91
7.0,11,15,15,91
7.0,12,0,0,79
7.0,12,0,1,80
7.0,12,0,2,80
7.0,12,0,3,80
7.0,12,0,4,81
7.0,12,0,5,81
7.0,12,0,6,81
7.0,12,0,7,82
7.0,12,0,8,82
7.0,12,0,9,83
7.0,12,0,10,83
7.0,12,0,11,83
7.0,12,0,12,84
7.0,12,0,13,84
7.0,12,0,14,84
7.0,12,0,15,85
7.0,12,1,0,80
7.0,12,1,1,80
7.0,12,1,2,80
7.0,12,1,3,81
7.0,12,1,4,81
7.0,12,1,5,82
7.0,12,1,6,82
7.0,12,1,7,82
7.0,12,1,8,83
7.0,12,1,9,83
7.0,12,1,10,83
7.0,12,1,11,84
7.0,12,1,12,84
7.0,12,1,13,85
7.0,12,1,14,85
7.0,12,1,15,85
7.0,12,2,0,80
7.0,12,2,1,81
7.0,12,2,2,81
7.0,12,2,3,81
7.0,12,2,4,82
7.0,12,2,5,82
7.0,12,2,6,82
7.0,12,2,7,83
7.0,12,2,8,83
7.0,12,2,9,84
7.0,12,2,10,84
7.0,12,2,11,84
7.0,12,2,12,85
7.0,12,2,13,85
7.0,12,2,14,85
7.0,12,2,15,86
7.0,12,3,0,81
7.0,12,3,1,81
7.0,12,3,2,81
7.0,12,3,3,82
7.0,12,3,4,82
7.0,12,3,5,83
7.0,12,3,6,83
7.0,12,3,7,83
7.0,12,3,8,84
7.0,12,3,9,84
7.0,12,3,10,84
7.0,12,3,11,85
7.0,12,3,12,85
7.0,12,3,13,86
7.0,12,3,14,86
7.0,12,3,15,86
7.0,12,4,0,81
7.0,12,4,1,81
7.0,12,4,2,82
7.0,12,4,3,82
7.0,12,4,4,83
7.0,12,4,5,83
7.0,12,4,6,83
7.0,12,4,7,84
7.0,12,4,8,84
7.0,12,4,9,85
7.0,12,4,10,85
7.0,12,4,11,85
7.0,12,4,12,86
7.0,12,4,13,86
7.0,12,4,14,86
7.0,12,4,15,87
7.0,12,5,0,82
7.0,12,5,1,82
7.0,12,5,2,82
7.0,12,5,3,83
7.0,12,5,4,83
7.0,12,5,5,84
7.0,12,5,6,84
7.0,12,5,7,84
7.0,12,5,8,85
7.0,12,5,9,85
7.0,12,5,10,85
7.0,12,5,11,86
7.0,12,5,12,86
7.0,12,5,13,87
7.0,12,5,14,87
7.0,12,5,15,87
7.0,12,6,0,82
7.0,12,6,1,82
7.0,12,6,2,83
7.0,12,6,3,83
7.0,12,6,4,84
7.0,12,6,5,84
7.0,12,6,6,84
7.0,12,6,7,85
7.0,12,6,8,85
7.0,12,6,9,86
7.0,12,6,10,86
7.0,12,6,11,86
7.0,12,6,12,87
7.0,12,6,13,87
7.0,12,6,14,87
7.0,12,6,15,88
7.0,12,7,0,82
7.0,12,7,1,83
7.0,12,7,2,83
7.0,12,7,3,84
7.0,12,7,4,84
7.0,12,7,5,84
7.0,12,7,6,85
7.0,12,7,7,85
7.0,12,7,8,86
7.0,12,7,9,86
7.0,12,7,10,86
7.0,12,7,11,87
7.0,12,7,12,87
7.0,12,7,13,88
7.0,12,7,14,88
7.0,12,7,15,88
7.0,12,8,0,83
7.0,12,8,1,83
7.0,12,8,2,84
7.0,12,8,3,84
7.0,12,8,4,85
7.0,12,8,5,85
7.0,12,8,6,85
7.0,12,8,7,86
7.0,12,8,8,86
7.0,12,8,9,87
7.0,12,8,10,87
7.0,12,8,11,87
7.0,12,8,12,88
7.0,12,8,13,88
7.0,12,8,14,88
7.0,12,8,15,89
7.0,12,9,0,83
7.0,12,9,1,84
7.0,12,9,2,84
7.0,12,9,3,85
7.0,12,9,4,85
7.0,12,9,5,85
7.0,12,9,6,86
7.0,12,9,7,86
7.0,12,9,8,87
7.0,12,9,9,87
7.0,12,9,10,87
7.0,12,9,11,88
7.0,12,9,12,88
7.0,12,9,13,89
7.0,12,9,14,89
7.0,12,9,15,89
7.0,12,10,0,84
7.0,12,10,1,84
7.0,12,10,2,85
7.0,12,10,3,85
7.0,12,10,4,85
7.0,12,10,5,86
7.0,12,10,6,86
7.0,12,10,7,87
7.0,12,10,8,87
7.0,12,10,9,87
7.0,12,10,10,88
7.0,12,10,11,88
7.0,12,10,12,89
7.0,12,10,13,89
7.0,12,10,14,89
7.0,12,10,15,90
7.0,12,11,0,84
7.0,12,11,1,85
7.0,12,11,2,85
7.0,12,11,3,86
7.0,12,11,4,86
7.0,12,11,5,86
7.0,12,11,6,87
7.0,12,11,7,87
7.0,12,11,8,88
7.0,12,11,9,88
7.0,12,11,10,88
7.0,12,11,11,89
7.0,12,11,12,89
7.0,12,11,13,90
7.0,12,11,14,90
7.0,12,11,15,90
7.0,12,12,0,85
7.0,12,12,1,85
7.0,12,12,2,86
7.0,12,12,3,86
7.0,12,12,4,86
7.0,12,12,5,87
7.0,12,12,6,87
7.0,12,12,7,88
7.0,12,12,8,88
7.0,12,12,9,88
7.0,12,12,10,89
7.0,12,12,11,89
7.0,12,12,12,90
7.0,12,12,13,90
7.0,12,12,14,90
7.0,12,12,15,91
7.0,12,13,0,85
7.0,12,13,1,86
7.0,12,13,2,86
7.0,12,13,3,86
7.0,12,13,4,87
7.0,12,13,5,87
7.0,12,13,6,88
7.0,12,13,7,88
7.0,12,13,8,88
7.0,12,13,9,89
7.0,12,13,10,89
7.0,12,13,11,90
7.0,12,13,12,90
7.0,12,13,13,90
7.0,12,13,14,91
7.0,12,13,15,91
7.0,12,14,0,86
7.0,12,14,1,86
7.0,12,14,2,86
7.0,12,14,3,87
7.0,12,14,4,87
7.0,12,14,5,88
7.0,12,14,6,88
7.0,12,14,7,89
7.0,12,14,8,89
7.0,12,14,9,89
7.0,12,14,10,90
7.0,12,14,11,90
7.0,12,14,12,91
7.0,12,14,13,91
7.0,12,14,14,91
7.0,12,14,15,92
7.0,12,15,0,86
7.0,12,15,1,86
7.0,12,15,2,87
7.0,12,15,3,87
7.0,12,15,4,88
7.0,12,15,5,88
7.0,12,15,6,89
7.0,12,15,7,89
7.0,12,15,8,89
7.0,12,15,9,90
7.0,12,15,10,90
7.0,12,15,11,91
7.0,12,15,12,91
7.0,12,15,13,91
7.0,12,15,14,92
7.0,12,15,15,92
7.0,13,0,0,80
7.0,13,0,1,81
7.0,13,0,2,81
7.0,13,0,3,81
7.0,13,0,4,82
7.0,13,0,5,82
7.0,13,0,6,83
7.0,13,0,7,83
7.0,13,0,8,83
7.0,13,0,9,84
7.0,13,0,10,84
7.0,13,0,11,85
7.0,13,0,12,85
7.0,13,0,13,85
7.0,13,0,14,86
7.0,13,0,15,86
7.0,13,1,0,81
7.0,13,1,1,81
7.0,13,1,2,82
7.0,13,1,3,82
7.0,13,1,4,82
7.0,13,1,5,83
7.0,13,1,6,83
7.0,13,1,7,84
7.0,13,1,8,84
7.0,13,1,9,84
7.0,13,1,10,85
7.0,13,1,11,85
7.0,13,1,12,85
7.0,13,1,13,86
7.0,13,1,14,86
7.0,13,1,15,87
7.0,13,2,0,81
7.0,13,2,1,82
7.0,13,2,2,82
7.0,13,2,3,82
7.0,13,2,4,83
7.0,13,2,5,83
7.0,13,2,6,84
7.0,13,2,7,84
7.0,13,2,8,84
7.0,13,2,9,85
7.0,13,2,10,85
7.0,13,2,11,86
7.0,13,2,12,86
7.0,13,2,13,86
7.0,13,2,14,87
7.0,13,2,15,87
7.0,13,3,0,82
7.0,13,3,1,82
7.0,13,3,2,83
7.0,13,3,3,83
7.0,13,3,4,83
7.0,13,3,5,84
7.0,13,3,6,84
7.0,13,3,7,85
7.0,13,3,8,85
7.0,13,3,9,85
7.0,13,3,10,86
7.0,13,3,11,86
7.0,13,3,12,86
7.0,13,3,13,87
7.0,13,3,14,87
7.0,13,3,15,88
7.0,13,4,0,82
7.0,13,4,1,83
7.0,13,4,2,83
7.0,13,4,3,83
7.0,13,4,4,84
7.0,13,4,5,84
7.0,13,4,6,85
7.0,13,4,7,85
7.0,13,4,8,85
7.0,13,4,9,86
7.0,13,4,10,86
7.0,13,4,11,87
7.0,13,4,12,87
7.0,13,4,13,87
7.0,13,4,14,88
7.0,13,4,15,88
7.0,13,5,0,83
7.0,13,5,1,83
7.0,13,5,2,83
7.0,13,5,3,84
7.0,13,5,4,84
7.0,13,5,5,85
7.0,13,5,6,85
7.0,13,5,7,85
7.0,13,5,8,86
7.0,13,5,9,86
7.0,13,5,10,87
7.0,13,5,11,87
7.0,13,5,12,87
7.0,13,5,13,88
7.0,13,5,14,88
7.0,13,5,15,89
7.0,13,6,0,83
7.0,13,6,1,84
7.0,13,6,2,84
7.0,13,6,3,84
7.0,13,6,4,85
7.0,13,6,5,85
7.0,13,6,6,86
7.0,13,6,7,86
7.0,13,6,8,86
7.0,13,6,9,87
7.0,13,6,10,87
7.0,13,6,11,88
7.0,13,6,12,88
7.0,13,6,13,88
7.0,13,6,14,89
7.0,13,6,15,89
7.0,13,7,0,84
7.0,13,7,1,84
7.0,13,7,2,84
7.0,13,7,3,85
7.0,13,7,4,85
7.0,13,7,5,86
7.0,13,7,6,86
7.0,13,7,7,86
7.0,13,7,8,87
7.0,13,7,9,87
7.0,13,7,10,88
7.0,13,7,11,88
7.0,13,7,12,88
7.0,13,7,13,89
7.0,13,7,14,89
7.0,13,7,15,90
7.0,13,8,0,84
7.0,13,8,1,85
7.0,13,8,2,85
7.0,13,8,3,85
7.0,13,8,4,86
7.0,13,8,5,86
7.0,13,8,6,87
7.0,13,8,7,87
7.0,13,8,8,87
7.0,13,8,9,88
7.0,13,8,10,88
7.0,13,8,11,89
7.0,13,8,12,89
7.0,13,8,13,89
7.0,13,8,14,90
7.0,13,8,15,90
7.0,13,9,0,85
7.0,13,9,1,85
7.0,13,9,2,85
7.0,13,9,3,86
7.0,13,9,4,86
7.0,13,9,5,87
7.0,13,9,6,87
7.0,13,9,7,87
7.0,13,9,8,88
7.0,13,9,9,88
7.0,13,9,10,89
7.0,13,9,11,89
7.0,13,9,12,89
7.0,13,9,13,90
7.0,13,9,14,90
7.0,13,9,15,91
7.0,13,10,0,85
7.0,13,10,1,85
7.0,13,10,2,86
7.0,13,10,3,86
7.0,13,10,4,87
7.0,13,10,5,87
7.0,13,10,6,87
7.0,13,10,7,88
7.0,13,10,8,88
7.0,13,10,9,89
7.0,13,10,10,89
7.0,13,10,11,90
7.0,13,10,12,90
7.0,13,10,13,90
7.0,13,10,14,91
7.0,13,10,15,91
7.0,13,11,0,85
7.0,13,11,1,86
7.0,13,11,2,86
7.0,13,11,3,87
7.0,13,11,4,87
7.0,13,11,5,88
7.0,13,11,6,88
7.0,13,11,7,88
7.0,13,11,8,89
7.0,13,11,9,89
7.0,13,11,10,90
7.0,13,11,11,90
7.0,13,11,12,90
7.0,13,11,13,91
7.0,13,11,14,91
7.0,13,11,15,92
7.0,13,12,0,86
7.0,13,12,1,86
7.0,13,12,2,87
7.0,13,12,3,87
7.0,13,12,4,88
7.0,13,12,5,88
7.0,13,12,6,88
7.0,13,12,7,89
7.0,13,12,8,89
7.0,13,12,9,90
7.0,13,12,10,90
7.0,13,12,11,90
7.0,13,12,12,91
7.0,13,12,13,91
7.0,13,12,14,92
7.0,13,12,15,92
7.0,13,13,0,86
7.0,13,13,1,87
7.0,13,13,2,87
7.0,13,13,3,88
7.0,13,13,4,88
7.0,13,13,5,88
7.0,13,13,6,89
7.0,13,13,7,89
7.0,13,13,8,90
7.0,13,13,9,90
7.0,13,13,10,91
7.0,13,13,11,91
7.0,13,13,12,91
7.0,13,13,13,92
7.0,13,13,14,92
7.0,13,13,15,93
7.0,13,14,0,87
7.0,13,14,1,87
7.0,13,14,2,88
7.0,13,14,3,88
7.0,13,14,4,89
7.0,13,14,5,89
7.0,13,14,6,89
7.0,13,14,7,90
7.0,13,14,8,90
7.0,13,14,9,91
7.0,13,14,10,91
7.0,13,14,11,91
7.0,13,14,12,92
7.0,13,14,13,92
7.0,13,14,14,93
7.0,13,14,15,93
7.0,13,15,0,87
7.0,13,15,1,88
7.0,13,15,2,88
7.0,13,15,3,89
7.0,13,15,4,89
7.0,13,15,5,89
7.0,13,15,6,90
7.0,13,15,7,90
7.0,13,15,8,91
7.0,13,15,9,91
7.0,13,15,10,91
7.0,13,15,11,92
7.0,13,15,12,92
7.0,13,15,13,93
7.0,13,15,14,93
7.0,13,15,15,94
7.0,14,0,0,81
7.0,14,0,1,82
7.0,14,0,2,82
7.0,14,0,3,83
7.0,14,0,4,83
7.0,14,0,5,83
7.0,14,0,6,84
7.0,14,0,7,84
7.0,14,0,8,85
7.0,14,0,9,85
7.0,14,0,10,85
7.0,14,0,11,86
7.0,14,0,12,86
7.0,14,0,13,86
7.0,14,0,14,87
7.0,14,0,15,87
7.0,14,1,0,82
7.0,14,1,1,82
7.0,14,1,2,83
7.0,14,1,3,83
7.0,14,1,4,84
7.0,14,1,5,84
7.0,14,1,6,84
7.0,14,1,7,85
7.0,14,1,8,85
7.0,14,1,9,85
7.0,14,1,10,86
7.0,14,1,11,86
7.0,14,1,12,87
7.0,14,1,13,87
7.0,14,1,14,87
7.0,14,1,15,88
7.0,14,2,0,82
7.0,14,2,1,83
7.0,14,2,2,83
7.0,14,2,3,84
7.0,14,2,4,84
7.0,14,2,5,84
7.0,14,2,6,85
7.0,14,2,7,85
7.0,14,2,8,86
7.0,14,2,9,86
7.0,14,2,10,86
7.0,14,2,11,87
7.0,14,2,12,87
7.0,14,2,13,88
7.0,14,2,14,88
7.0,14,2,15,88
7.0,14,3,0,83
7.0,14,3,1,83
7.0,14,3,2,84
7.0,14,3,3,84
7.0,14,3,4,84
7.0,14,3,5,85
7.0,14,3,6,85
7.0,14,3,7,86
7.0,14,3,8,86
7.0,14,3,9,86
7.0,14,3,10,87
7.0,14,3,11,87
7.0,14,3,12,88
7.0,14,3,13,88
7.0,14,3,14,88
7.0,14,3,15,89
7.0,14,4,0,83
7.0,14,4,1,84
7.0,14,4,2,84
7.0,14,4,3,85
7.0,14,4,4,85
7.0,14,4,5,85
7.0,14,4,6,86
7.0,14,4,7,86
7.0,14,4,8,87
7.0,14,4,9,87
7.0,14,4,10,87
7.0,14,4,11,88
7.0,14,4,12,88
7.0,14,4,13,89
7.0,14,4,14,89
7.0,14,4,15,89
7.0,14,5,0,84
7.0,14,5,1,84
7.0,14,5,2,85
7.0,14,5,3,85
7.0,14,5,4,85
7.0,14,5,5,86
7.0,14,5,6,86
7.0,14,5,7,87
7.0,14,5,8,87
7.0,14,5,9,87
7.0,14,5,10,88
7.0,14,5,11,88
7.0,14,5,12,89
7.0,14,5,13,89
7.0,14,5,14,89
7.0,14,5,15,90
7.0,14,6,0,84
7.0,14,6,1,85
7.0,14,6,2,85
7.0,14,6,3,86
7.0,14,6,4,86
7.0,14,6,5,86
7.0,14,6,6,87
7.0,14,6,7,87
7.0,14,6,8,88
7.0,14,6,9,88
7.0,14,6,10,88
7.0,14,6,11,89
7.0,14,6,12,89
7.0,14,6,13,90
7.0,14,6,14,90
7.0,14,6,15,90
7.0,14,7,0,85
7.0,14,7,1,85
7.0,14,7,2,86
7.0,14,7,3,86
7.0,14,7,4,86
7.0,14,7,5,87
7.0,14,7,6,87
7.0,14,7,7,88
7.0,14,7,8,88
7.0,14,7,9,88
7.0,14,7,10,89
7.0,14,7,11,89
7.0,14,7,12,90
7.0,14,7,13,90
7.0,14,7,14,90
7.0,14,7,15,91
7.0,14,8,0,85
7.0,14,8,1,86
7.0,14,8,2,86
7.0,14,8,3,87
7.0,14,8,4,87
7.0,14,8,5,87
7.0,14,8,6,88
7.0,14,8,7,88
7.0,14,8,8,89
7.0,14,8,9,89
7.0,14,8,10,89
7.0,14,8,11,90
7.0,14,8,12,90
7.0,14,8,13,91
7.0,14,8,14,91
7.0,14,8,15,91
7.0,14,9,0,86
7.0,14,9,1,86
7.0,14,9,2,87
7.0,14,9,3,87
7.0,14,9,4,87
7.0,14,9,5,88
7.0,14,9,6,88
7.0,14,9,7,89
7.0,14,9,8,89
7.0,14,9,9,89
7.0,14,9,10,90
7.0,14,9,11,90
7.0,14,9,12,91
7.0,14,9,13,91
7.0,14,9,14,91
7.0,14,9,15,92
7.0,14,10,0,86
7.0,14,10,1,87
7.0,14,10,2,87
7.0,14,10,3,87
7.0,14,10,4,88
7.0,14,10,5,88
7.0,14,10,6,89
7.0,14,10,7,89
7.0,14,10,8,90
7.0,14,10,9,90
7.0,14,10,10,90
7.0,14,10,11,91
7.0,14,10,12,91
7.0,14,10,13,92
7.0,14,10,14,92
7.0,14,10,15,92
7.0,14,11,0,87
7.0,14,11,1,87
7.0,14,11,2,88
7.0,14,11,3,88
7.0,14,11,4,88
7.0,14,11,5,89
7.0,14,11,6,89
7.0,14,11,7,90
7.0,14,11,8,90
7.0,14,11,9,90
7.0,14,11,10,91
7.0,14,11,11,91
7.0,14,11,12,92
7.0,14,11,13,92
7.0,14,11,14,92
7.0,14,11,15,93
7.0,14,12,0,87
7.0,14,12,1,88
7.0,14,12,2,88
7.0,14,12,3,88
7.0,14,12,4,89
7.0,14,12,5,89
7.0,14,12,6,90
7.0,14,12,7,90
7.0,14,12,8,91
7.0,14,12,9,91
7.0,14,12,10,91
7.0,14,12,11,92
7.0,14,12,12,92
7.0,14,12,13,93
7.0,14,12,14,93
7.0,14,12,15,93
7.0,14,13,0,88
7.0,14,13,1,88
7.0,14,13,2,88
7.0,14,13,3,89
7.0,14,13,4,89
7.0,14,13,5,90
7.0,14,13,6,90
7.0,14,13,7,91
7.0,14,13,8,91
7.0,14,13,9,91
7.0,14,13,10,92
7.0,14,13,11,92
7.0,14,13,12,93
7.0,14,13,13,93
7.0,14,13,14,93
7.0,14,13,15,94
7.0,14,14,0,88
7.0,14,14,1,88
7.0,14,14,2,89
7.0,14,14,3,89
7.0,14,14,4,90
7.0,14,14,5,90
7.0,14,14,6,91
7.0,14,14,7,91
7.0,14,14,8,91
7.0,14,14,9,92
7.0,14,14,10,92
7.0,14,14,11,93
7.0,14,14,12,93
7.0,14,14,13,94
7.0,14,14,14,94
7.0,14,14,15,94
7.0,14,15,0,89
7.0,14,15,1,89
7.0,14,15,2,89
7.0,14,15,3,90
7.0,14,15,4,90
7.0,14,15,5,91
7.0,14,15,6,91
7.0,14,15,7,92
7.0,14,15,8,92
7.0,14,15,9,92
7.0,14,15,10,93
7.0,14,15,11,93
7.0,14,15,12,94
7.0,14,15,13,94
7.0,14,15,14,94
7.0,14,15,15,95
7.0,15,0,0,83
7.0,15,0,1,83
7.0,15,0,2,83
7.0,15,0,3,84
7.0,15,0,4,84
7.0,15,0,5,85
7.0,15,0,6,85
7.0,15,0,7,85
7.0,15,0,8,86
7.0,15,0,9,86
7.0,15,0,10,87
7.0,15,0,11,87
7.0,15,0,12,87
7.0,15,0,13,88
7.0,15,0,14,88
7.0,15,0,15,88
7.0,15,1,0,83
7.0,15,1,1,83
7.0,15,1,2,84
7.0,15,1,3,84
7.0,15,1,4,85
7.0,15,1,5,85
7.0,15,1,6,85
7.0,15,1,7,86
7.0,15,1,8,86
7.0,15,1,9,87
7.0,15,1,10,87
7.0,15,1,11,87
7.0,15,1,12,88
7.0,15,1,13,88
7.0,15,1,14,89
7.0,15,1,15,89
7.0,15,2,0,84
7.0,15,2,1,84
7.0,15,2,2,84
7.0,15,2,3,85
7.0,15,2,4,85
7.0,15,2,5,86
7.0,15,2,6,86
7.0,15,2,7,86
7.0,15,2,8,87
7.0,15,2,9,87
7.0,15,2,10,88
7.0,15,2,11,88
7.0,15,2,12,88
7.0,15,2,13,89
7.0,15,2,14,89
7.0,15,2,15,89
7.0,15,3,0,84
7.0,15,3,1,84
7.0,15,3,2,85
7.0,15,3,3,85
7.0,15,3,4,86
7.0,15,3,5,86
7.0,15,3,6,86
7.0,15,3,7,87
7.0,15,3,8,87
7.0,15,3,9,88
7.0,15,3,10,88
7.0,15,3,11,88
7.0,15,3,12,89
7.0,15,3,13,89
7.0,15,3,14,90
7.0,15,3,15,90
7.0,15,4,0,85
7.0,15,4,1,85
7.0,15,4,2,85
7.0,15,4,3,86
7.0,15,4,4,86
7.0,15,4,5,87
7.0,15,4,6,87
7.0,15,4,7,87
7.0,15,4,8,88
7.0,15,4,9,88
7.0,15,4,10,89
7.0,15,4,11,89
7.0,15,4,12,89
7.0,15,4,13,90
7.0,15,4,14,90
7.0,15,4,15,91
7.0,15,5,0,85
7.0,15,5,1,85
7.0,15,5,2,86
7.0,15,5,3,86
7.0,15,5,4,87
7.0,15,5,5,87
7.0,15,5,6,87
7.0,15,5,7,88
7.0,15,5,8,88
7.0,15,5,9,89
7.0,15,5,10,89
7.0,15,5,11,89
7.0,15,5,12,90
7.0,15,5,13,90
7.0,15,5,14,91
7.0,15,5,15,91
7.0,15,6,0,85
7.0,15,6,1,86
7.0,15,6,2,86
7.0,15,6,3,87
7.0,15,6,4,87
7.0,15,6,5,88
7.0,15,6,6,88
7.0,15,6,7,88
7.0,15,6,8,89
7.0,15,6,9,89
7.0,15,6,10,90
7.0,15,6,11,90
7.0,15,6,12,90
7.0,15,6,13,91
7.0,15,6,14,91
7.0,15,6,15,92
7.0,15,7,0,86
7.0,15,7,1,86
7.0,15,7,2,87
7.0,15,7,3,87
7.0,15,7,4,88
7.0,15,7,5,88
7.0,15,7,6,88
7.0,15,7,7,89
7.0,15,7,8,89
7.0,15,7,9,90
7.0,15,7,10,90
7.0,15,7,11,91
7.0,15,7,12,91
7.0,15,7,13,91
7.0,15,7,14,92
7.0,15,7,15,92
7.0,15,8,0,86
7.0,15,8,1,87
7.0,15,8,2,87
7.0,15,8,3,88
7.0,15,8,4,88
7.0,15,8,5,89
7.0,15,8,6,89
7.0,15,8,7,89
7.0,15,8,8,90
7.0,15,8,9,90
7.0,15,8,10,91
7.0,15,8,11,91
7.0,15,8,12,91
7.0,15,8,13,92
7.0,15,8,14,92
7.0,15,8,15,93
7.0,15,9,0,87
7.0,15,9,1,87
7.0,15,9,2,88
7.0,15,9,3,88
7.0,15,9,4,89
7.0,15,9,5,89
7.0,15,9,6,89
7.0,15,9,7,90
7.0,15,9,8,90
7.0,15,9,9,91
7.0,15,9,10,91
7.0,15,9,11,92
7.0,15,9,12,92
7.0,15,9,13,92
7.0,15,9,14,93
7.0,15,9,15,93
7.0,15,10,0,87
7.0,15,10,1,88
7.0,15,10,2,88
7.0,15,10,3,89
7.0,15,10,4,89
7.0,15,10,5,90
7.0,15,10,6,90
7.0,15,10,7,90
7.0,15,10,8,91
7.0,15,10,9,91
7.0,15,10,10,92
7.0,15,10,11,92
7.0,15,10,12,92
7.0,15,10,13,93
7.0,15,10,14,93
7.0,15,10,15,94
7.0,15,11,0,88
7.0,15,11,1,88
7.0,15,11,2,89
7.0,15,11,3,89
7.0,15,11,4,90
7.0,15,11,5,90
7.0,15,11,6,90
7.0,15,11,7,91
7.0,15,11,8,91
7.0,15,11,9,92
7.0,15,11,10,92
7.0,15,11,11,93
7.0,15,11,12,93
7.0,15,11,13,93
7.0,15,11,14,94
7.0,15,11,15,94
7.0,15,12,0,88
7.0,15,12,1,89
7.0,15,12,2,89
7.0,15,12,3,90
7.0,15,12,4,90
7.0,15,12,5,90
7.0,15,12,6,91
7.0,15,12,7,91
7.0,15,12,8,92
7.0,15,12,9,92
7.0,15,12,10,93
7.0,15,12,11,93
7.0,15,12,12,93
7.0,15,12,13,94
7.0,15,12,14,94
7.0,15,12,15,95
7.0,15,13,0,89
7.0,15,13,1,89
7.0,15,13,2,90
7.0,15,13,3,90
7.0,15,13,4,91
7.0,15,13,5,91
7.0,15,13,6,91
7.0,15,13,7,92
7.0,15,13,8,92
7.0,15,13,9,93
7.0,15,13,10,93
7.0,15,13,11,93
7.0,15,13,12,94
7.0,15,13,13,94
7.0,15,13,14,95
7.0,15,13,15,95
7.0,15,14,0,89
7.0,15,14,1,90
7.0,15,14,2,90
7.0,15,14,3,91
7.0,15,14,4,91
7.0,15,14,5,91
7.0,15,14,6,92
7.0,15,14,7,92
7.0,15,14,8,93
7.0,15,14,9,93
7.0,15,14,10,94
7.0,15,14,11,94
7.0,15,14,12,94
7.0,15,14,13,95
7.0,15,14,14,95
7.0,15,14,15,96
7.0,15,15,0,90
7.0,15,15,1,90
7.0,15,15,2,91
7.0,15,15,3,91
7.0,15,15,4,91
7.0,15,15,5,92
7.0,15,15,6,92
7.0,15,15,7,93
7.0,15,15,8,93
7.0,15,15,9,94
7.0,15,15,10,94
7.0,15,15,11,94
7.0,15,15,12,95
7.0,15,15,13,95
7.0,15,15,14,96
7.0,15,15,15,96
7.5,0,0,0,71
7.5,0,0,1,71
7.5,0,0,2,72
7.5,0,0,3,72
7.5,0,0,4,72
7.5,0,0,5,73
7.5,0,0,6,73
7.5,0,0,7,73
7.5,0,0,8,74
7.5,0,0,9,74
7.5,0,0,10,74
7.5,0,0,11,75
7.5,0,0,12,75
7.5,0,0,13,75
7.5,0,0,14,76
7.5,0,0,15,76
7.5,0,1,0,71
7.5,0,1,1,72
7.5,0,1,2,72
7.5,0,1,3,72
7.5,0,1,4,73
7.5,0,1,5,73
7.5,0,1,6,73
7.5,0,1,7,74
7.5,0,1,8,74
7.5,0,1,9,74
7.5,0,1,10,75
7.5,0,1,11,75
7.5,0,1,12,75
7.5,0,1,13,76
7.5,0,1,14,76
7.5,0,1,15,76
7.5,0,2,0,72
7.5,0,2,1,72
7.5,0,2,2,72
7.5,0,2,3,73
7.5,0,2,4,73
7.5,0,2,5,73
7.5,0,2,6,74
7.5,0,2,7,74
7.5,0,2,8,74
7.5,0,2,9,75
7.5,0,2,10,75
7.5,0,2,11,75
7.5,0,2,12,76
7.5,0,2,13,76
7.5,0,2,14,76
7.5,0,2,15,77
7.5,0,3,0,72
7.5,0,3,1,72
7.5,0,3,2,73
7.5,0,3,3,73
7.5,0,3,4,74
7.5,0,3,5,74
7.5,0,3,6,74
7.5,0,3,7,75
7.5,0,3,8,75
7.5,0,3,9,75
7.5,0,3,10,76
7.5,0,3,11,76
7.5,0,3,12,76
7.5,0,3,13,77
7.5,0,3,14,77
7.5,0,3,15,77
7.5,0,4,0,73
7.5,0,4,1,73
7.5,0,4,2,73
7.5,0,4,3,74
7.5,0,4,4,74
7.5,0,4,5,74
7.5,0,4,6,75
7.5,0,4,7,75
7.5,0,4,8,75
7.5,0,4,9,76
7.5,0,4,10,76
7.5,0,4,11,76
7.5,0,4,12,77
7.5,0,4,13,77
7.5,0,4,14,77
7.5,0,4,15,78
7.5,0,5,0,73
7.5,0,5,1,73
7.5,0,5,2,74
7.5,0,5,3,74
7.5,0,5,4,74
7.5,0,5,5,75
7.5,0,5,6,75
7.5,0,5,7,75
7.5,0,5,8,76
7.5,0,5,9,76
7.5,0,5,10,76
7.5,0,5,11,77
7.5,0,5,12,77
7.5,0,5,13,77
7.5,0,5,14,78
7.5,0,5,15,78
7.5,0,6,0,73
7.5,0,6,1,74
7.5,0,6,2,74
7.5,0,6,3,74
7.5,0,6,4,75
7.5,0,6,5,75
7.5,0,6,6,75
7.5,0,6,7,76
7.5,0,6,8,76
7.5,0,6,9,77
7.5,0,6,10,77
7.5,0,6,11,77
7.5,0,6,12,78
7.5,0,6,13,78
7.5,0,6,14,78
7.5,0,6,15,79
7.5,0,7,0,74
7.5,0,7,1,74
7.5,0,7,2,74
7.5,0,7,3,75
7.5,0,7,4,75
7.5,0,7,5,76
7.5,0,7,6,76
7.5,0,7,7,76
7.5,0,7,8,77
7.5,0,7,9,77
7.5,0,7,10,77
7.5,0,7,11,78
7.5,0,7,12,78
7.5,0,7,13,78
7.5,0,7,14,79
7.5,0,7,15,79
7.5,0,8,0,74
7.5,0,8,1,75
7.5,0,8,2,75
7.5,0,8,3,75
7.5,0,8,4,76
7.5,0,8,5,76
7.5,0,8,6,76
7.5,0,8,7,77
7.5,0,8,8,77
7.5,0,8,9,77
7.5,0,8,10,78
7.5,0,8,11,78
7.5,0,8,12,78
7.5,0,8,13,79
7.5,0,8,14,79
7.5,0,8,15,79
7.5,0,9,0,75
7.5,0,9,1,75
7.5,0,9,2,75
7.5,0,9,3,76
7.5,0,9,4,76
7.5,0,9,5,76
7.5,0,9,6,77
7.5,0,9,7,77
7.5,0,9,8,77
7.5,0,9,9,78
7.5,0,9,10,78
7.5,0,9,11,79
7.5,0,9,12,79
7.5,0,9,13,79
7.5,0,9,14,80
7.5,0,9,15,80
7.5,0,10,0,75
7.5,0,10,1,75
7.5,0,10,2,76
7.5,0,10,3,76
7.5,0,10,4,76
7.5,0,10,5,77
7.5,0,10,6,77
7.5,0,10,7,78
7.5,0,10,8,78
7.5,0,10,9,78
7.5,0,10,10,79
7.5,0,10,11,79
7.5,0,10,12,79
7.5,0,10,13,80
7.5,0,10,14,80
7.5,0,10,15,80
7.5,0,11,0,75
7.5,0,11,1,76
7.5,0,11,2,76
7.5,0,11,3,77
7.5,0,11,4,77
7.5,0,11,5,77
7.5,0,11,6,78
7.5,0,11,7,78
7.5,0,11,8,78
7.5,0,11,9,79
7.5,0,11,10,79
7.5,0,11,11,79
7.5,0,11,12,80
7.5,0,11,13,80
7.5,0,11,14,80
7.5,0,11,15,81
7.5,0,12,0,76
7.5,0,12,1,76
7.5,0,12,2,77
7.5,0,12,3,77
7.5,0,12,4,77
7.5,0,12,5,78
7.5,0,12,6,78
7.5,0,12,7,78
7.5,0,12,8,79
7.5,0,12,9,79
7.5,0,12,10,79
7.5,0,12,11,80
7.5,0,12,12,80
7.5,0,12,13,81
7.5,0,12,14,81
7.5,0,12,15,81
7.5,0,13,0,76
7.5,0,13,1,77
7.5,0,13,2,77
7.5,0,13,3,77
7.5,0,13,4,78
7.5,0,13,5,78
7.5,0,13,6,78
7.5,0,13,7,79
7.5,0,13,8,79
7.5,0,13,9,80
7.5,0,13,10,80
7.5,0,13,11,80
7.5,0,13,12,81
7.5,0,13,13,81
7.5,0,13,14,81
7.5,0,13,15,82
7.5,0,14,0,77
7.5,0,14,1,77
7.5,0,14,2,77
7.5,0,14,3,78
7.5,0,14,4,78
7.5,0,14,5,78
7.5,0,14,6,79
7.5,0,14,7,79
7.5,0,14,8,80
7.5,0,14,9,80
7.5,0,14,10,80
7.5,0,14,11,81
7.5,0,14,12,81
7.5,0,14,13,81
7.5,0,14,14,82
7.5,0,14,15,82
7.5,0,15,0,77
7.5,0,15,1,77
7.5,0,15,2,78
7.5,0,15,3,78
7.5,0,15,4,79
7.5,0,15,5,79
7.5,0,15,6,79
7.5,0,15,7,80
7.5,0,15,8,80
7.5,0,15,9,80
7.5,0,15,10,81
7.5,0,15,11,81
7.5,0,15,12,81
7.5,0,15,13,82
7.5,0,15,14,82
7.5,0,15,15,82
7.5,1,0,0,72
7.5,1,0,1,72
7.5,1,0,2,73
7.5,1,0,3,73
7.5,1,0,4,73
7.5,1,0,5,74
7.5,1,0,6,74
7.5,1,0,7,74
7.5,1,0,8,75
7.5,1,0,9,75
7.5,1,0,10,76
7.5,1,0,11,76
7.5,1,0,12,76
7.5,1,0,13,77
7.5,1,0,14,77
7.5,1,0,15,77
7.5,1,1,0,72
7.5,1,1,1,73
7.5,1,1,2,73
7.5,1,1,3,74
7.5,1,1,4,74
7.5,1,1,5,74
7.5,1,1,6,75
7.5,1,1,7,75
7.5,1,1,8,75
7.5,1,1,9,76
7.5,1,1,10,76
7.5,1,1,11,76
7.5,1,1,12,77
7.5,1,1,13,77
7.5,1,1,14,77
7.5,1,1,15,78
7.5,1,2,0,73
7.5,1,2,1,73
7.5,1,2,2,74
7.5,1,2,3,74
7.5,1,2,4,74
7.5,1,2,5,75
7.5,1,2,6,75
7.5,1,2,7,75
7.5,1,2,8,76
7.5,1,2,9,76
7.5,1,2,10,76
7.5,1,2,11,77
7.5,1,2,12,77
7.5,1,2,13,77
7.5,1,2,14,78
7.5,1,2,15,78
7.5,1,3,0,73
7.5,1,3,1,74
7.5,1,3,2,74
7.5,1,3,3,74
7.5,1,3,4,75
7.5,1,3,5,75
7.5,1,3,6,75
7.5,1,3,7,76
7.5,1,3,8,76
7.5,1,3,9,77
7.5,1,3,10,77
7.5,1,3,11,77
7.5,1,3,12,78
7.5,1,3,13,78
7.5,1,3,14,78
7.5,1,3,15,79
7.5,1,4,0,74
7.5,1,4,1,74
7.5,1,4,2,74
7.5,1,4,3,75
7.5,1,4,4,75
7.5,1,4,5,76
7.5,1,4,6,76
7.5,1,4,7,76
7.5,1,4,8,77
7.5,1,4,9,77
7.5,1,4,10,77
7.5,1,4,11,78
7.5,1,4,12,78
7.5,1,4,13,78
7.5,1,4,14,79
7.5,1,4,15,79
7.5,1,5,0,74
7.5,1,5,1,75
7.5,1,5,2,75
7.5,1,5,3,75
7.5,1,5,4,76
7.5,1,5,5,76
7.5,1,5,6,76
7.5,1,5,7,77
7.5,1,5,8,77
7.5,1,5,9,77
7.5,1,5,10,78
7.5,1,5,11,78
7.5,1,5,12,78
7.5,1,5,13,79
7.5,1,5,14,79
7.5,1,5,15,79
7.5,1,6,0,75
7.5,1,6,1,75
7.5,1,6,2,75
7.5,1,6,3,76
7.5,1,6,4,76
7.5,1,6,5,76
7.5,1,6,6,77
7.5,1,6,7,77
7.5,1,6,8,77
7.5,1,6,9,78
7.5,1,6,10,78
7.5,1,6,11,79
7.5,1,6,12,79
7.5,1,6,13,79
7.5,1,6,14,80
7.5,1,6,15,80
7.5,1,7,0,75
7.5,1,7,1,75
7.5,1,7,2,76
7.5,1,7,3,76
7.5,1,7,4,76
7.5,1,7,5,77
7.5,1,7,6,77
7.5,1,7,7,78
7.5,1,7,8,78
7.5,1,7,9,78
7.5,1,7,10,79
7.5,1,7,11,79
7.5,1,7,12,79
7.5,1,7,13,80
7.5,1,7,14,80
7.5,1,7,15,80
7.5,1,8,0,75
7.5,1,8,1,76
7.5,1,8,2,76
7.5,1,8,3,77
7.5,1,8,4,77
7.5,1,8,5,77
7.5,1,8,6,78
7.5,1,8,7,78
7.5,1,8,8,78
7.5,1,8,9,79
7.5,1,8,10,79
7.5,1,8,11,79
7.5,1,8,12,80
7.5,1,8,13,80
7.5,1,8,14,80
7.5,1,8,15,81
7.5,1,9,0,76
7.5,1,9,1,76
7.5,1,9,2,77
7.5,1,9,3,77
7.5,1,9,4,77
7.5,1,9,5,78
7.5,1,9,6,78
7.5,1,9,7,78
7.5,1,9,8,79
7.5,1,9,9,79
7.5,1,9,10,80
7.5,1,9,11,80
7.5,1,9,12,80
7.5,1,9,13,81
7.5,1,9,14,81
7.5,1,9,15,81
7.5,1,10,0,76
7.5,1,10,1,77
7.5,1,10,2,77
7.5,1,10,3,77
7.5,1,10,4,78
7.5,1,10,5,78
7.5,1,10,6,78
7.5,1,10,7,79
7.5,1,10,8,79
7.5,1,10,9,80
7.5,1,10,10,80
7.5,1,10,11,80
7.5,1,10,12,81
7.5,1,10,13,81
7.5,1,10,14,81
7.5,1,10,15,82
7.5,1,11,0,77
7.5,1,11,1,77
7.5,1,11,2,77
7.5,1,11,3,78
7.5,1,11,4,78
7.5,1,11,5,79
7.5,1,11,6,79
7.5,1,11,7,79
7.5,1,11,8,80
7.5,1,11,9,80
7.5,1,11,10,80
7.5,1,11,11,81
7.5,1,11,12,81
7.5,1,11,13,81
7.5,1,11,14,82
7.5,1,11,15,82
7.5,1,12,0,77
7.5,1,12,1,77
7.5,1,12,2,78
7.5,1,12,3,78
7.5,1,12,4,79
7.5,1,12,5,79
7.5,1,12,6,79
7.5,1,12,7,80
7.5,1,12,8,80
7.5,1,12,9,80
7.5,1,12,10,81
7.5,1,12,11,81
7.5,1,12,12,82
7.5,1,12,13,82
7.5,1,12,14,82
7.5,1,12,15,83
7.5,1,13,0,78
7.5,1,13,1,78
7.5,1,13,2,78
7.5,1,13,3,79
7.5,1,13,4,79
7.5,1,13,5,79
7.5,1,13,6,80
7.5,1,13,7,80
7.5,1,13,8,81
7.5,1,13,9,81
7.5,1,13,10,81
7.5,1,13,11,82
7.5,1,13,12,82
7.5,1,13,13,82
7.5,1,13,14,83
7.5,1,13,15,83
7.5,1,14,0,78
7.5,1,14,1,78
7.5,1,14,2,79
7.5,1,14,3,79
7.5,1,14,4,79
7.5,1,14,5,80
7.5,1,14,6,80
7.5,1,14,7,81
7.5,1,14,8,81
7.5,1,14,9,81
7.5,1,14,10,82
7.5,1,14,11,82
7.5,1,14,12,82
7.5,1,14,13,83
7.5,1,14,14,83
7.5,1,14,15,83
7.5,1,15,0,78
7.5,1,15,1,79
7.5,1,15,2,79
7.5,1,15,3,79
7.5,1,15,4,80
7.5,1,15,5,80
7.5,1,15,6,81
7.5,1,15,7,81
7.5,1,15,8,81
7.5,1,15,9,82
7.5,1,15,10,82
7.5,1,15,11,82
7.5,1,15,12,83
7.5,1,15,13,83
7.5,1,15,14,84
7.5,1,15,15,84
7.5,2,0,0,73
7.5,2,0,1,74
7.5,2,0,2,74
7.5,2,0,3,74
7.5,2,0,4,75
7.5,2,0,5,75
7.5,2,0,6,75
7.5,2,0,7,76
7.5,2,0,8,76
7.5,2,0,9,76
7.5,2,0,10,77
7.5,2,0,11,77
7.5,2,0,12,77
7.5,2,0,13,78
7.5,2,0,14,78
7.5,2,0,15,78
7.5,2,1,0,74
7.5,2,1,1,74
7.5,2,1,2,74
7.5,2,1,3,75
7.5,2,1,4,75
7.5,2,1,5,75
7.5,2,1,6,76
7.5,2,1,7,76
7.5,2,1,8,77
7.5,2,1,9,77
7.5,2,1,10,77
7.5,2,1,11,78
7.5,2,1,12,78
7.5,2,1,13,78
7.5,2,1,14,79
7.5,2,1,15,79
7.5,2,2,0,74
7.5,2,2,1,74
7.5,2,2,2,75
7.5,2,2,3,75
7.5,2,2,4,76
7.5,2,2,5,76
7.5,2,2,6,76
7.5,2,2,7,77
7.5,2,2,8,77
7.5,2,2,9,77
7.5,2,2,10,78
7.5,2,2,11,78
7.5,2,2,12,78
7.5,2,2,13,79
7.5,2,2,14,79
7.5,2,2,15,79
7.5,2,3,0,75
7.5,2,3,1,75
7.5,2,3,2,75
7.5,2,3,3,76
7.5,2,3,4,76
7.5,2,3,5,76
7.5,2,3,6,77
7.5,2,3,7,77
7.5,2,3,8,77
7.5,2,3,9,78
7.5,2,3,10,78
7.5,2,3,11,79
7.5,2,3,12,79
7.5,2,3,13,79
7.5,2,3,14,80
7.5,2,3,15,80
7.5,2,4,0,75
7.5,2,4,1,75
7.5,2,4,2,76
7.5,2,4,3,76
7.5,2,4,4,76
7.5,2,4,5,77
7.5,2,4,6,77
7.5,2,4,7,78
7.5,2,4,8,78
7.5,2,4,9,78
7.5,2,4,10,79
7.5,2,4,11,79
7.5,2,4,12,79
7.5,2,4,13,80
7.5,2,4,14,80
7.5,2,4,15,80
7.5,2,5,0,75
7.5,2,5,1,76
7.5,2,5,2,76
7.5,2,5,3,77
7.5,2,5,4,77
7.5,2,5,5,77
7.5,2,5,6,78
7.5,2,5,7,78
7.5,2,5,8,78
7.5,2,5,9,79
7.5,2,5,10,79
7.5,2,5,11,79
7.5,2,5,12,80
7.5,2,5,13,80
7.5,2,5,14,80
7.5,2,5,15,81
7.5,2,6,0,76
7.5,2,6,1,76
7.5,2,6,2,77
7.5,2,6,3,77
7.5,2,6,4,77
7.5,2,6,5,78
7.5,2,6,6,78
7.5,2,6,7,78
7.5,2,6,8,79
7.5,2,6,9,79
7.5,2,6,10,80
7.5,2,6,11,80
7.5,2,6,12,80
7.5,2,6,13,81
7.5,2,6,14,81
7.5,2,6,15,81
7.5,2,7,0,76
7.5,2,7,1,77
7.5,2,7,2,77
7.5,2,7,3,77
7.5,2,7,4,78
7.5,2,7,5,78
7.5,2,7,6,79
7.5,2,7,7,79
7.5,2,7,8,79
7.5,2,7,9,80
7.5,2,7,10,80
7.5,2,7,11,80
7.5,2,7,12,81
7.5,2,7,13,81
7.5,2,7,14,81
7.5,2,7,15,82
7.5,2,8,0,77
7.5,2,8,1,77
7.5,2,8,2,77
7.5,2,8,3,78
7.5,2,8,4,78
7.5,2,8,5,79
7.5,2,8,6,79
7.5,2,8,7,79
7.5,2,8,8,80
7.5,2,8,9,80
7.5,2,8,10,80
7.5,2,8,11,81
7.5,2,8,12,81
7.5,2,8,13,81
7.5,2,8,14,82
7.5,2,8,15,82
7.5,2,9,0,77
7.5,2,9,1,78
7.5,2,9,2,78
7.5,2,9,3,78
7.5,2,9,4,79
7.5,2,9,5,79
7.5,2,9,6,79
7.5,2,9,7,80
7.5,2,9,8,80
7.5,2,9,9,80
7.5,2,9,10,81
7.5,2,9,11,81
7.5,2,9,12,82
7.5,2,9,13,82
7.5,2,9,14,82
7.5,2,9,15,83
7.5,2,10,0,78
7.5,2,10,1,78
7.5,2,10,2,78
7.5,2,10,3,79
7.5,2,10,4,79
7.5,2,10,5,79
7.5,2,10,6,80
7.5,2,10,7,80
7.5,2,10,8,81
7.5,2,10,9,81
7.5,2,10,10,81
7.5,2,10,11,82
7.5,2,10,12,82
7.5,2,10,13,82
7.5,2,10,14,83
7.5,2,10,15,83
7.5,2,11,0,78
7.5,2,11,1,78
7.5,2,11,2,79
7.5,2,11,3,79
7.5,2,11,4,79
7.5,2,11,5,80
7.5,2,11,6,80
7.5,2,11,7,81
7.5,2,11,8,81
7.5,2,11,9,81
7.5,2,11,10,82
7.5,2,11,11,82
7.5,2,11,12,82
7.5,2,11,13,83
7.5,2,11,14,83
7.5,2,11,15,84
7.5,2,12,0,78
7.5,2,12,1,79
7.5,2,12,2,79
7.5,2,12,3,80
7.5,2,12,4,80
7.5,2,12,5,80
7.5,2,12,6,81
7.5,2,12,7,81
7.5,2,12,8,81
7.5,2,12,9,82
7.5,2,12,10,82
7.5,2,12,11,83
7.5,2,12,12,83
7.5,2,12,13,83
7.5,2,12,14,84
7.5,2,12,15,84
7.5,2,13,0,79
7.5,2,13,1,79
7.5,2,13,2,80
7.5,2,13,3,80
7.5,2,13,4,80
7.5,2,13,5,81
7.5,2,13,6,81
7.5,2,13,7,81
7.5,2,13,8,82
7.5,2,13,9,82
7.5,2,13,10,83
7.5,2,13,11,83
7.5,2,13,12,83
7.5,2,13,13,84
7.5,2,13,14,84
7.5,2,13,15,84
7.5,2,14,0,79
7.5,2,14,1,80
7.5,2,14,2,80
7.5,2,14,3,80
7.5,2,14,4,81
7.5,2,14,5,81
7.5,2,14,6,82
7.5,2,14,7,82
7.5,2,14,8,82
7.5,2,14,9,83
7.5,2,14,10,83
7.5,2,14,11,83
7.5,2,14,12,84
7.5,2,14,13,84
7.5,2,14,14,85
7.5,2,14,15,85
7.5,2,15,0,80
7.5,2,15,1,80
7.5,2,15,2,80
7.5,2,15,3,81
7.5,2,15,4,81
7.5,2,15,5,82
7.5,2,15,6,82
7.5,2,15,7,82
7.5,2,15,8,83
7.5,2,15,9,83
7.5,2,15,10,83
7.5,2,15,11,84
7.5,2,15,12,84
7.5,2,15,13,85
7.5,2,15,14,85
7.5,2,15,15,85
7.5,3,0,0,74
7.5,3,0,1,75
7.5,3,0,2,75
7.5,3,0,3,76
7.5,3,0,4,76
7.5,3,0,5,76
7.5,3,0,6,77
7.5,3,0,7,77
7.5,3,0,8,77
7.5,3,0,9,78
7.5,3,0,10,78
7.5,3,0,11,78
7.5,3,0,12,79
7.5,3,0,13,79
7.5,3,0,14,79
7.5,3,0,15,80
7.5,3,1,0,75
7.5,3,1,1,75
7.5,3,1,2,76
7.5,3,1,3,76
7.5,3,1,4,76
7.5,3,1,5,77
7.5,3,1,6,77
7.5,3,1,7,77
7.5,3,1,8,78
7.5,3,1,9,78
7.5,3,1,10,79
7.5,3,1,11,79
7.5,3,1,12,79
7.5,3,1,13,80
7.5,3,1,14,80
7.5,3,1,15,80
7.5,3,2,0,75
7.5,3,2,1,76
7.5,3,2,2,76
7.5,3,2,3,76
7.5,3,2,4,77
7.5,3,2,5,77
7.5,3,2,6,78
7.5,3,2,7,78
7.5,3,2,8,78
7.5,3,2,9,79
7.5,3,2,10,79
7.5,3,2,11,79
7.5,3,2,12,80
7.5,3,2,13,80
7.5,3,2,14,80
7.5,3,2,15,81
7.5,3,3,0,76
7.5,3,3,1,76
7.5,3,3,2,77
7.5,3,3,3,77
7.5,3,3,4,77
7.5,3,3,5,78
7.5,3,3,6,78
7.5,3,3,7,78
7.5,3,3,8,79
7.5,3,3,9,79
7.5,3,3,10,79
7.5,3,3,11,80
7.5,3,3,12,80
7.5,3,3,13,81
7.5,3,3,14,81
7.5,3,3,15,81
7.5,3,4,0,76
7.5,3,4,1,77
7.5,3,4,2,77
7.5,3,4,3,77
7.5,3,4,4,78
7.5,3,4,5,78
7.5,3,4,6,78
7.5,3,4,7,79
7.5,3,4,8,79
7.5,3,4,9,80
7.5,3,4,10,80
7.5,3,4,11,80
7.5,3,4,12,81
7.5,3,4,13,81
7.5,3,4,14,81
7.5,3,4,15,82
7.5,3,5,0,77
7.5,3,5,1,77
7.5,3,5,2,77
7.5,3,5,3,78
7.5,3,5,4,78
7.5,3,5,5,79
7.5,3,5,6,79
7.5,3,5,7,79
7.5,3,5,8,80
7.5,3,5,9,80
7.5,3,5,10,80
7.5,3,5,11,81
7.5,3,5,12,81
7.5,3,5,13,81
7.5,3,5,14,82
7.5,3,5,15,82
7.5,3,6,0,77
7.5,3,6,1,77
7.5,3,6,2,78
7.5,3,6,3,78
7.5,3,6,4,79
7.5,3,6,5,79
7.5,3,6,6,79
7.5,3,6,7,80
7.5,3,6,8,80
7.5,3,6,9,80
7.5,3,6,10,81
7.5,3,6,11,81
7.5,3,6,12,82
7.5,3,6,13,82
7.5,3,6,14,82
7.5,3,6,15,83
7.5,3,7,0,78
7.5,3,7,1,78
7.5,3,7,2,78
7.5,3,7,3,79
7.5,3,7,4,79
7.5,3,7,5,79
7.5,3,7,6,80
7.5,3,7,7,80
7.5,3,7,8,81
7.5,3,7,9,81
7.5,3,7,10,81
7.5,3,7,11,82
7.5,3,7,12,82
7.5,3,7,13,82
7.5,3,7,14,83
7.5,3,7,15,83
7.5,3,8,0,78
7.5,3,8,1,78
7.5,3,8,2,79
7.5,3,8,3,79
7.5,3,8,4,79
7.5,3,8,5,80
7.5,3,8,6,80
7.5,3,8,7,81
7.5,3,8,8,81
7.5,3,8,9,81
7.5,3,8,10,82
7.5,3,8,11,82
7.5,3,8,12,82
7.5,3,8,13,83
7.5,3,8,14,83
7.5,3,8,15,84
7.5,3,9,0,78
7.5,3,9,1,79
7.5,3,9,2,79
7.5,3,9,3,80
7.5,3,9,4,80
7.5,3,9,5,80
7.5,3,9,6,81
7.5,3,9,7,81
7.5,3,9,8,81
7.5,3,9,9,82
7.5,3,9,10,82
7.5,3,9,11,83
7.5,3,9,12,83
7.5,3,9,13,83
7.5,3,9,14,84
7.5,3,9,15,84
7.5,3,10,0,79
7.5,3,10,1,79
7.5,3,10,2,80
7.5,3,10,3,80
7.5,3,10,4,80
7.5,3,10,5,81
7.5,3,10,6,81
7.5,3,10,7,82
7.5,3,10,8,82
7.5,3,10,9,82
7.5,3,10,10,83
7.5,3,10,11,83
7.5,3,10,12,83
7.5,3,10,13,84
7.5,3,10,14,84
7.5,3,10,15,84
7.5,3,11,0,79
7.5,3,11,1,80
7.5,3,11,2,80
7.5,3,11,3,80
7.5,3,11,4,81
7.5,3,11,5,81
7.5,3,11,6,82
7.5,3,11,7,82
7.5,3,11,8,82
7.5,3,11,9,83
7.5,3,11,10,83
7.5,3,11,11,83
7.5,3,11,12,84
7.5,3,11,13,84
7.5,3,11,14,85
7.5,3,11,15,85
7.5,3,12,0,80
7.5,3,12,1,80
7.5,3,12,2,80
7.5,3,12,3,81
7.5,3,12,4,81
7.5,3,12,5,82
7.5,3,12,6,82
7.5,3,12,7,82
7.5,3,12,8,83
7.5,3,12,9,83
7.5,3,12,10,84
7.5,3,12,11,84
7.5,3,12,12,84
7.5,3,12,13,85
7.5,3,12,14,85
7.5,3,12,15,85
7.5,3,13,0,80
7.5,3,13,1,80
7.5,3,13,2,81
7.5,3,13,3,81
7.5,3,13,4,82
7.5,3,13,5,82
7.5,3,13,6,82
7.5,3,13,7,83
7.5,3,13,8,83
7.5,3,13,9,84
7.5,3,13,10,84
7.5,3,13,11,84
7.5,3,13,12,85
7.5,3,13,13,85
7.5,3,13,14,85
7.5,3,13,15,86
7.5,3,14,0,81
7.5,3,14,1,81
7.5,3,14,2,81
7.5,3,14,3,82
7.5,3,14,4,82
7.5,3,14,5,82
7.5,3,14,6,83
7.5,3,14,7,83
7.5,3,14,8,84
7.5,3,14,9,84
7.5,3,14,10,84
7.5,3,14,11,85
7.5,3,14,12,85
7.5,3,14,13,86
7.5,3,14,14,86
7.5,3,14,15,86
7.5,3,15,0,81
7.5,3,15,1,81
7.5,3,15,2,82
7.5,3,15,3,82
7.5,3,15,4,83
7.5,3,15,5,83
7.5,3,15,6,83
7.5,3,15,7,84
7.5,3,15,8,84
7.5,3,15,9,84
7.5,3,15,10,85
7.5,3,15,11,85
7.5,3,15,12,86
7.5,3,15,13,86
7.5,3,15,14,86
7.5,3,15,15,87
7.5,4,0,0,76
7.5,4,0,1,76
7.5,4,0,2,76
7.5,4,0,3,77
7.5,4,0,4,77
7.5,4,0,5,77
7.5,4,0,6,78
7.5,4,0,7,78
7.5,4,0,8,79
7.5,4,0,9,79
7.5,4,0,10,79
7.5,4,0,11,80
7.5,4,0,12,80
7.5,4,0,13,80
7.5,4,0,14,81
7.5,4,0,15,81
7.5,4,1,0,76
7.5,4,1,1,76
7.5,4,1,2,77
7.5,4,1,3,77
7.5,4,1,4,78
7.5,4,1,5,78
7.5,4,1,6,78
7.5,4,1,7,79
7.5,4,1,8,79
7.5,4,1,9,79
7.5,4,1,10,80
7.5,4,1,11,80
7.5,4,1,12,80
7.5,4,1,13,81
7.5,4,1,14,81
7.5,4,1,15,82
7.5,4,2,0,77
7.5,4,2,1,77
7.5,4,2,2,77
7.5,4,2,3,78
7.5,4,2,4,78
7.5,4,2,5,78
7.5,4,2,6,79
7.5,4,2,7,79
7.5,4,2,8,80
7.5,4,2,9,80
7.5,4,2,10,80
7.5,4,2,11,81
7.5,4,2,12,81
7.5,4,2,13,81
7.5,4,2,14,82
7.5,4,2,15,82
7.5,4,3,0,77
7.5,4,3,1,77
7.5,4,3,2,78
7.5,4,3,3,78
7.5,4,3,4,79
7.5,4,3,5,79
7.5,4,3,6,79
7.5,4,3,7,80
7.5,4,3,8,80
7.5,4,3,9,80
7.5,4,3,10,81
7.5,4,3,11,81
7.5,4,3,12,81
7.5,4,3,13,82
7.5,4,3,14,82
7.5,4,3,15,83
7.5,4,4,0,77
7.5,4,4,1,78
7.5,4,4,2,78
7.5,4,4,3,79
7.5,4,4,4,79
7.5,4,4,5,79
7.5,4,4,6,80
7.5,4,4,7,80
7.5,4,4,8,80
7.5,4,4,9,81
7.5,4,4,10,81
7.5,4,4,11,82
7.5,4,4,12,82
7.5,4,4,13,82
7.5,4,4,14,83
7.5,4,4,15,83
7.5,4,5,0,78
7.5,4,5,1,78
7.5,4,5,2,79
7.5,4,5,3,79
7.5,4,5,4,79
7.5,4,5,5,80
7.5,4,5,6,80
7.5,4,5,7,81
7.5,4,5,8,81
7.5,4,5,9,81
7.5,4,5,10,82
7.5,4,5,11,82
7.5,4,5,12,82
7.5,4,5,13,83
7.5,4,5,14,83
7.5,4,5,15,83
7.5,4,6,0,78
7.5,4,6,1,79
7.5,4,6,2,79
7.5,4,6,3,80
7.5,4,6,4,80
7.5,4,6,5,80
7.5,4,6,6,81
7.5,4,6,7,81
7.5,4,6,8,81
7.5,4,6,9,82
7.5,4,6,10,82
7.5,4,6,11,83
7.5,4,6,12,83
7.5,4,6,13,83
7.5,4,6,14,84
7.5,4,6,15,84
7.5,4,7,0,79
7.5,4,7,1,79
7.5,4,7,2,80
7.5,4,7,3,80
7.5,4,7,4,80
7.5,4,7,5,81
7.5,4,7,6,81
7.5,4,7,7,81
7.5,4,7,8,82
7.5,4,7,9,82
7.5,4,7,10,83
7.5,4,7,11,83
7.5,4,7,12,83
7.5,4,7,13,84
7.5,4,7,14,84
7.5,4,7,15,84
7.5,4,8,0,79
7.5,4,8,1,80
7.5,4,8,2,80
7.5,4,8,3,80
7.5,4,8,4,81
7.5,4,8,5,81
7.5,4,8,6,82
7.5,4,8,7,82
7.5,4,8,8,82
7.5,4,8,9,83
7.5,4,8,10,83
7.5,4,8,11,83
7.5,4,8,12,84
7.5,4,8,13,84
7.5,4,8,14,85
7.5,4,8,15,85
7.5,4,9,0,80
7.5,4,9,1,80
7.5,4,9,2,80
7.5,4,9,3,81
7.5,4,9,4,81
7.5,4,9,5,82
7.5,4,9,6,82
7.5,4,9,7,82
7.5,4,9,8,83
7.5,4,9,9,83
7.5,4,9,10,84
7.5,4,9,11,84
7.5,4,9,12,84
7.5,4,9,13,85
7.5,4,9,14,85
7.5,4,9,15,85
7.5,4,10,0,80
7.5,4,10,1,81
7.5,4,10,2,81
7.5,4,10,3,81
7.5,4,10,4,82
7.5,4,10,5,82
7.5,4,10,6,82
7.5,4,10,7,83
7.5,4,10,8,83
7.5,4,10,9,84
7.5,4,10,10,84
7.5,4,10,11,84
7.5,4,10,12,85
7.5,4,10,13,85
7.5,4,10,14,85
7.5,4,10,15,86
7.5,4,11,0,81
7.5,4,11,1,81
7.5,4,11,2,81
7.5,4,11,3,82
7.5,4,11,4,82
7.5,4,11,5,83
7.5,4,11,6,83
7.5,4,11,7,83
7.5,4,11,8,84
7.5,4,11,9,84
7.5,4,11,10,84
7.5,4,11,11,85
7.5,4,11,12,85
7.5,4,11,13,86
7.5,4,11,14,86
7.5,4,11,15,86
7.5,4,12,0,81
7.5,4,12,1,81
7.5,4,12,2,82
7.5,4,12,3,82
7.5,4,12,4,83
7.5,4,12,5,83
7.5,4,12,6,83
7.5,4,12,7,84
7.5,4,12,8,84
7.5,4,12,9,84
7.5,4,12,10,85
7.5,4,12,11,85
7.5,4,12,12,86
7.5,4,12,13,86
7.5,4,12,14,86
7.5,4,12,15,87
7.5,4,13,0,81
7.5,4,13,1,82
7.5,4,13,2,82
7.5,4,13,3,83
7.5,4,13,4,83
7.5,4,13,5,83
7.5,4,13,6,84
7.5,4,13,7,84
7.5,4,13,8,85
7.5,4,13,9,85
7.5,4,13,10,85
7.5,4,13,11,86
7.5,4,13,12,86
7.5,4,13,13,86
7.5,4,13,14,87
7.5,4,13,15,87
7.5,4,14,0,82
7.5,4,14,1,82
7.5,4,14,2,83
7.5,4,14,3,83
7.5,4,14,4,83
7.5,4,14,5,84
7.5,4,14,6,84
7.5,4,14,7,85
7.5,4,14,8,85
7.5,4,14,9,85
7.5,4,14,10,86
7.5,4,14,11,86
7.5,4,14,12,87
7.5,4,14,13,87
7.5,4,14,14,87
7.5,4,14,15,88
7.5,4,15,0,82
7.5,4,15,1,83
7.5,4,15,2,83
7.5,4,15,3,83
7.5,4,15,4,84
7.5,4,15,5,84
7.5,4,15,6,85
7.5,4,15,7,85
7.5,4,15,8,85
7.5,4,15,9,86
7.5,4,15,10,86
7.5,4,15,11,87
7.5,4,15,12,87
7.5,4,15,13,87
7.5,4,15,14,88
7.5,4,15,15,88
7.5,5,0,0,77
7.5,5,0,1,77
7.5,5,0,2,78
7.5,5,0,3,78
7.5,5,0,4,78
7.5,5,0,5,79
7.5,5,0,6,79
7.5,5,0,7,79
7.5,5,0,8,80
7.5,5,0,9,80
7.5,5,0,10,81
7.5,5,0,11,81
7.5,5,0,12,81
7.5,5,0,13,82
7.5,5,0,14,82
7.5,5,0,15,82
7.5,5,1,0,77
7.5,5,1,1,78
7.5,5,1,2,78
7.5,5,1,3,78
7.5,5,1,4,79
7.5,5,1,5,79
7.5,5,1,6,80
7.5,5,1,7,80
7.5,5,1,8,80
7.5,5,1,9,81
7.5,5,1,10,81
7.5,5,1,11,81
7.5,5,1,12,82
7.5,5,1,13,82
7.5,5,1,14,82
7.5,5,1,15,83
7.5,5,2,0,78
7.5,5,2,1,78
7.5,5,2,2,79
7.5,5,2,3,79
7.5,5,2,4,79
7.5,5,2,5,80
7.5,5,2,6,80
7.5,5,2,7,80
7.5,5,2,8,81
7.5,5,2,9,81
7.5,5,2,10,82
7.5,5,2,11,82
7.5,5,2,12,82
7.5,5,2,13,83
7.5,5,2,14,83
7.5,5,2,15,83
7.5,5,3,0,78
7.5,5,3,1,79
7.5,5,3,2,79
7.5,5,3,3,79
7.5,5,3,4,80
7.5,5,3,5,80
7.5,5,3,6,81
7.5,5,3,7,81
7.5,5,3,8,81
7.5,5,3,9,82
7.5,5,3,10,82
7.5,5,3,11,82
7.5,5,3,12,83
7.5,5,3,13,83
7.5,5,3,14,83
7.5,5,3,15,84
7.5,5,4,0,79
7.5,5,4,1,79
7.5,5,4,2,79
7.5,5,4,3,80
7.5,5,4,4,80
7.5,5,4,5,81
7.5,5,4,6,81
7.5,5,4,7,81
7.5,5,4,8,82
7.5,5,4,9,82
7.5,5,4,10,82
7.5,5,4,11,83
7.5,5,4,12,83
7.5,5,4,13,84
7.5,5,4,14,84
7.5,5,4,15,84
7.5,5,5,0,79
7.5,5,5,1,80
7.5,5,5,2,80
7.5,5,5,3,80
7.5,5,5,4,81
7.5,5,5,5,81
7.5,5,5,6,81
7.5,5,5,7,82
7.5,5,5,8,82
7.5,5,5,9,83
7.5,5,5,10,83
7.5,5,5,11,83
7.5,5,5,12,84
7.5,5,5,13,84
7.5,5,5,14,84
7.5,5,5,15,85
7.5,5,6,0,80
7.5,5,6,1,80
7.5,5,6,2,80
7.5,5,6,3,81
7.5,5,6,4,81
7.5,5,6,5,82
7.5,5,6,6,82
7.5,5,6,7,82
7.5,5,6,8,83
7.5,5,6,9,83
7.5,5,6,10,83
7.5,5,6,11,84
7.5,5,6,12,84
7.5,5,6,13,85
7.5,5,6,14,85
7.5,5,6,15,85
7.5,5,7,0,80
7.5,5,7,1,80
7.5,5,7,2,81
7.5,5,7,3,81
7.5,5,7,4,82
7.5,5,7,5,82
7.5,5,7,6,82
7.5,5,7,7,83
7.5,5,7,8,83
7.5,5,7,9,84
7.5,5,7,10,84
7.5,5,7,11,84
7.5,5,7,12,85
7.5,5,7,13,85
7.5,5,7,14,85
7.5,5,7,15,86
7.5,5,8,0,81
7.5,5,8,1,81
7.5,5,8,2,81
7.5,5,8,3,82
7.5,5,8,4,82
7.5,5,8,5,82
7.5,5,8,6,83
7.5,5,8,7,83
7.5,5,8,8,84
7.5,5,8,9,84
7.5,5,8,10,84
7.5,5,8,11,85
7.5,5,8,12,85
7.5,5,8,13,86
7.5,5,8,14,86
7.5,5,8,15,86
7.5,5,9,0,81
7.5,5,9,1,81
7.5,5,9,2,82
7.5,5,9,3,82
7.5,5,9,4,83
7.5,5,9,5,83
7.5,5,9,6,83
7.5,5,9,7,84
7.5,5,9,8,84
7.5,5,9,9,84
7.5,5,9,10,85
7.5,5,9,11,85
7.5,5,9,12,86
7.5,5,9,13,86
7.5,5,9,14,86
7.5,5,9,15,87
7.5,5,10,0,81
7.5,5,10,1,82
7.5,5,10,2,82
7.5,5,10,3,83
7.5,5,10,4,83
7.5,5,10,5,83
7.5,5,10,6,84
7.5,5,10,7,84
7.5,5,10,8,85
7.5,5,10,9,85
7.5,5,10,10,85
7.5,5,10,11,86
7.5,5,10,12,86
7.5,5,10,13,86
7.5,5,10,14,87
7.5,5,10,15,87
7.5,5,11,0,82
7.5,5,11,1,82
7.5,5,11,2,83
7.5,5,11,3,83
7.5,5,11,4,83
7.5,5,11,5,84
7.5,5,11,6,84
7.5,5,11,7,85
7.5,5,11,8,85
7.5,5,11,9,85
7.5,5,11,10,86
7.5,5,11,11,86
7.5,5,11,12,87
7.5,5,11,13,87
7.5,5,11,14,87
7.5,5,11,15,88
7.5,5,12,0,82
7.5,5,12,1,83
7.5,5,12,2,83
7.5,5,12,3,83
7.5,5,12,4,84
7.5,5,12,5,84
7.5,5,12,6,85
7.5,5,12,7,85
7.5,5,12,8,85
7.5,5,12,9,86
7.5,5,12,10,86
7.5,5,12,11,87
7.5,5,12,12,87
7.5,5,12,13,87
7.5,5,12,14,88
7.5,5,12,15,88
7.5,5,13,0,83
7.5,5,13,1,83
7.5,5,13,2,84
7.5,5,13,3,84
7.5,5,13,4,84
7.5,5,13,5,85
7.5,5,13,6,85
7.5,5,13,7,86
7.5,5,13,8,86
7.5,5,13,9,86
7.5,5,13,10,87
7.5,5,13,11,87
7.5,5,13,12,87
7.5,5,13,13,88
7.5,5,13,14,88
7.5,5,13,15,89
7.5,5,14,0,83
7.5,5,14,1,84
7.5,5,14,2,84
7.5,5,14,3,84
7.5,5,14,4,85
7.5,5,14,5,85
7.5,5,14,6,86
7.5,5,14,7,86
7.5,5,14,8,86
7.5,5,14,9,87
7.5,5,14,10,87
7.5,5,14,11,88
7.5,5,14,12,88
7.5,5,14,13,88
7.5,5,14,14,89
7.5,5,14,15,89
7.5,5,15,0,84
7.5,5,15,1,84
7.5,5,15,2,84
7.5,5,15,3,85
7.5,5,15,4,85
7.5,5,15,5,86
7.5,5,15,6,86
7.5,5,15,7,86
7.5,5,15,8,87
7.5,5,15,9,87
7.5,5,15,10,88
7.5,5,15,11,88
7.5,5,15,12,88
7.5,5,15,13,89
7.5,5,15,14,89
7.5,5,15,15,90
7.5,6,0,0,78
7.5,6,0,1,78
7.5,6,0,2,79
7.5,6,0,3,79
7.5,6,0,4,80
7.5,6,0,5,80
7.5,6,0,6,80
7.5,6,0,7,81
7.5,6,0,8,81
7.5,6,0,9,81
7.5,6,0,10,82
7.5,6,0,11,82
7.5,6,0,12,83
7.5,6,0,13,83
7.5,6,0,14,83
7.5,6,0,15,84
7.5,6,1,0,79
7.5,6,1,1,79
7.5,6,1,2,79
7.5,6,1,3,80
7.5,6,1,4,80
7.5,6,1,5,80
7.5,6,1,6,81
7.5,6,1,7,81
7.5,6,1,8,82
7.5,6,1,9,82
7.5,6,1,10,82
7.5,6,1,11,83
7.5,6,1,12,83
7.5,6,1,13,83
7.5,6,1,14,84
7.5,6,1,15,84
7.5,6,2,0,79
7.5,6,2,1,79
7.5,6,2,2,80
7.5,6,2,3,80
7.5,6,2,4,81
7.5,6,2,5,81
7.5,6,2,6,81
7.5,6,2,7,82
7.5,6,2,8,82
7.5,6,2,9,82
7.5,6,2,10,83
7.5,6,2,11,83
7.5,6,2,12,84
7.5,6,2,13,84
7.5,6,2,14,84
7.5,6,2,15,85
7.5,6,3,0,79
7.5,6,3,1,80
7.5,6,3,2,80
7.5,6,3,3,81
7.5,6,3,4,81
7.5,6,3,5,81
7.5,6,3,6,82
7.5,6,3,7,82
7.5,6,3,8,83
7.5,6,3,9,83
7.5,6,3,10,83
7.5,6,3,11,84
7.5,6,3,12,84
7.5,6,3,13,84
7.5,6,3,14,85
7.5,6,3,15,85
7.5,6,4,0,80
7.5,6,4,1,80
7.5,6,4,2,81
7.5,6,4,3,81
7.5,6,4,4,82
7.5,6,4,5,82
7.5,6,4,6,82
7.5,6,4,7,83
7.5,6,4,8,83
7.5,6,4,9,83
7.5,6,4,10,84
7.5,6,4,11,84
7.5,6,4,12,85
7.5,6,4,13,85
7.5,6,4,14,85
7.5,6,4,15,86
7.5,6,5,0,80
7.5,6,5,1,81
7.5,6,5,2,81
7.5,6,5,3,82
7.5,6,5,4,82
7.5,6,5,5,82
7.5,6,5,6,83
7.5,6,5,7,83
7.5,6,5,8,84
7.5,6,5,9,84
7.5,6,5,10,84
7.5,6,5,11,85
7.5,6,5,12,85
7.5,6,5,13,85
7.5,6,5,14,86
7.5,6,5,15,86
7.5,6,6,0,81
7.5,6,6,1,81
7.5,6,6,2,82
7.5,6,6,3,82
7.5,6,6,4,82
7.5,6,6,5,83
7.5,6,6,6,83
7.5,6,6,7,84
7.5,6,6,8,84
7.5,6,6,9,84
7.5,6,6,10,85
7.5,6,6,11,85
7.5,6,6,12,86
7.5,6,6,13,86
7.5,6,6,14,86
7.5,6,6,15,87
7.5,6,7,0,81
7.5,6,7,1,82
7.5,6,7,2,82
7.5,6,7,3,83
7.5,6,7,4,83
7.5,6,7,5,83
7.5,6,7,6,84
7.5,6,7,7,84
7.5,6,7,8,84
7.5,6,7,9,85
7.5,6,7,10,85
7.5,6,7,11,86
7.5,6,7,12,86
7.5,6,7,13,86
7.5,6,7,14,87
7.5,6,7,15,87
7.5,6,8,0,82
7.5,6,8,1,82
7.5,6,8,2,83
7.5,6,8,3,83
7.5,6,8,4,83
7.5,6,8,5,84
7.5,6,8,6,84
7.5,6,8,7,85
7.5,6,8,8,85
7.5,6,8,9,85
7.5,6,8,10,86
7.5,6,8,11,86
7.5,6,8,12,86
7.5,6,8,13,87
7.5,6,8,14,87
7.5,6,8,15,88
7.5,6,9,0,82
7.5,6,9,1,83
7.5,6,9,2,83
7.5,6,9,3,83
7.5,6,9,4,84
7.5,6,9,5,84
7.5,6,9,6,85
7.5,6,9,7,85
7.5,6,9,8,85
7.5,6,9,9,86
7.5,6,9,10,86
7.5,6,9,11,87
7.5,6,9,12,87
7.5,6,9,13,87
7.5,6,9,14,88
7.5,6,9,15,88
7.5,6,10,0,83
7.5,6,10,1,83
7.5,6,10,2,83
7.5,6,10,3,84
7.5,6,10,4,84
7.5,6,10,5,85
7.5,6,10,6,85
7.5,6,10,7,85
7.5,6,10,8,86
7.5,6,10,9,86
7.5,6,10,10,87
7.5,6,10,11,87
7.5,6,10,12,87
7.5,6,10,13,88
7.5,6,10,14,88
7.5,6,10,15,89
7.5,6,11,0,83
7.5,6,11,1,84
7.5,6,11,2,84
7.5,6,11,3,84
7.5,6,11,4,85
7.5,6,11,5,85
7.5,6,11,6,86
7.5,6,11,7,86
7.5,6,11,8,86
7.5,6,11,9,87
7.5,6,11,10,87
7.5,6,11,11,88
7.5,6,11,12,88
7.5,6,11,13,88
7.5,6,11,14,89
7.5,6,11,15,89
7.5,6,12,0,84
7.5,6,12,1,84
7.5,6,12,2,84
7.5,6,12,3,85
7.5,6,12,4,85
7.5,6,12,5,86
7.5,6,12,6,86
7.5,6,12,7,86
7.5,6,12,8,87
7.5,6,12,9,87
7.5,6,12,10,88
7.5,6,12,11,88
7.5,6,12,12,88
7.5,6,12,13,89
7.5,6,12,14,89
7.5,6,12,15,90
7.5,6,13,0,84
7.5,6,13,1,84
7.5,6,13,2,85
7.5,6,13,3,85
7.5,6,13,4,86
7.5,6,13,5,86
7.5,6,13,6,86
7.5,6,13,7,87
7.5,6,13,8,87
7.5,6,13,9,88
7.5,6,13,10,88
7.5,6,13,11,88
7.5,6,13,12,89
7.5,6,13,13,89
7.5,6,13,14,90
7.5,6,13,15,90
7.5,6,14,0,84
7.5,6,14,1,85
7.5,6,14,2,85
7.5,6,14,3,86
7.5,6,14,4,86
7.5,6,14,5,86
7.5,6,14,6,87
7.5,6,14,7,87
7.5,6,14,8,88
7.5,6,14,9,88
7.5,6,14,10,89
7.5,6,14,11,89
7.5,6,14,12,89
7.5,6,14,13,90
7.5,6,14,14,90
7.5,6,14,15,90
7.5,6,15,0,85
7.5,6,15,1,85
7.5,6,15,2,86
7.5,6,15,3,86
7.5,6,15,4,87
7.5,6,15,5,87
7.5,6,15,6,87
7.5,6,15,7,88
7.5,6,15,8,88
7.5,6,15,9,89
7.5,6,15,10,89
7.5,6,15,11,89
7.5,6,15,12,90
7.5,6,15,13,90
7.5,6,15,14,91
7.5,6,15,15,91
7.5,7,0,0,79
7.5,7,0,1,80
7.5,7,0,2,80
7.5,7,0,3,80
7.5,7,0,4,81
7.5,7,0,5,81
7.5,7,0,6,82
7.5,7,0,7,82
7.5,7,0,8,82
7.5,7,0,9,83
7.5,7,0,10,83
7.5,7,0,11,83
7.5,7,0,12,84
7.5,7,0,13,84
7.5,7,0,14,85
7.5,7,0,15,85
7.5,7,1,0,80
7.5,7,1,1,80
7.5,7,1,2,81
7.5,7,1,3,81
7.5,7,1,4,81
7.5,7,1,5,82
7.5,7,1,6,82
7.5,7,1,7,82
7.5,7,1,8,83
7.5,7,1,9,83
7.5,7,1,10,84
7.5,7,1,11,84
7.5,7,1,12,84
7.5,7,1,13,85
7.5,7,1,14,85
7.5,7,1,15,85
7.5,7,2,0,80
7.5,7,2,1,81
7.5,7,2,2,81
7.5,7,2,3,81
7.5,7,2,4,82
7.5,7,2,5,82
7.5,7,2,6,83
7.5,7,2,7,83
7.5,7,2,8,83
7.5,7,2,9,84
7.5,7,2,10,84
7.5,7,2,11,84
7.5,7,2,12,85
7.5,7,2,13,85
7.5,7,2,14,86
7.5,7,2,15,86
7.5,7,3,0,81
7.5,7,3,1,81
7.5,7,3,2,82
7.5,7,3,3,82
7.5,7,3,4,82
7.5,7,3,5,83
7.5,7,3,6,83
7.5,7,3,7,83
7.5,7,3,8,84
7.5,7,3,9,84
7.5,7,3,10,85
7.5,7,3,11,85
7.5,7,3,12,85
7.5,7,3,13,86
7.5,7,3,14,86
7.5,7,3,15,86
7.5,7,4,0,81
7.5,7,4,1,82
7.5,7,4,2,82
7.5,7,4,3,82
7.5,7,4,4,83
7.5,7,4,5,83
7.5,7,4,6,84
7.5,7,4,7,84
7.5,7,4,8,84
7.5,7,4,9,85
7.5,7,4,10,85
7.5,7,4,11,85
7.5,7,4,12,86
7.5,7,4,13,86
7.5,7,4,14,87
7.5,7,4,15,87
7.5,7,5,0,82
7.5,7,5,1,82
7.5,7,5,2,82
7.5,7,5,3,83
7.5,7,5,4,83
7.5,7,5,5,84
7.5,7,5,6,84
7.5,7,5,7,84
7.5,7,5,8,85
7.5,7,5,9,85
7.5,7,5,10,86
7.5,7,5,11,86
7.5,7,5,12,86
7.5,7,5,13,87
7.5,7,5,14,87
7.5,7,5,15,87
7.5,7,6,0,82
7.5,7,6,1,83
7.5,7,6,2,83
7.5,7,6,3,83
7.5,7,6,4,84
7.5,7,6,5,84
7.5,7,6,6,85
7.5,7,6,7,85
7.5,7,6,8,85
7.5,7,6,9,86
7.5,7,6,10,86
7.5,7,6,11,86
7.5,7,6,12,87
7.5,7,6,13,87
7.5,7,6,14,88
7.5,7,6,15,88
7.5,7,7,0,83
7.5,7,7,1,83
7.5,7,7,2,83
7.5,7,7,3,84
7.5,7,7,4,84
7.5,7,7,5,85
7.5,7,7,6,85
7.5,7,7,7,85
7.5,7,7,8,86
7.5,7,7,9,86
7.5,7,7,10,87
7.5,7,7,11,87
7.5,7,7,12,87
7.5,7,7,13,88
7.5,7,7,14,88
7.5,7,7,15,88
7.5,7,8,0,83
7.5,7,8,1,83
7.5,7,8,2,84
7.5,7,8,3,84
7.5,7,8,4,85
7.5,7,8,5,85
7.5,7,8,6,85
7.5,7,8,7,86
7.5,7,8,8,86
7.5,7,8,9,87
7.5,7,8,10,87
7.5,7,8,11,87
7.5,7,8,12,88
7.5,7,8,13,88
7.5,7,8,14,89
7.5,7,8,15,89
7.5,7,9,0,83
7.5,7,9,1,84
7.5,7,9,2,84
7.5,7,9,3,85
7.5,7,9,4,85
7.5,7,9,5,86
7.5,7,9,6,86
7.5,7,9,7,86
7.5,7,9,8,87
7.5,7,9,9,87
7.5,7,9,10,88
7.5,7,9,11,88
7.5,7,9,12,88
7.5,7,9,13,89
7.5,7,9,14,89
7.5,7,9,15,89
7.5,7,10,0,84
7.5,7,10,1,84
7.5,7,10,2,85
7.5,7,10,3,85
7.5,7,10,4,86
7.5,7,10,5,86
7.5,7,10,6,86
7.5,7,10,7,87
7.5,7,10,8,87
7.5,7,10,9,88
7.5,7,10,10,88
7.5,7,10,11,88
7.5,7,10,12,89
7.5,7,10,13,89
7.5,7,10,14,90
7.5,7,10,15,90
7.5,7,11,0,84
7.5,7,11,1,85
7.5,7,11,2,85
7.5,7,11,3,86
7.5,7,11,4,86
7.5,7,11,5,86
7.5,7,11,6,87
7.5,7,11,7,87
7.5,7,11,8,88
7.5,7,11,9,88
7.5,7,11,10,88
7.5,7,11,11,89
7.5,7,11,12,89
7.5,7,11,13,90
7.5,7,11,14,90
7.5,7,11,15,90
7.5,7,12,0,85
7.5,7,12,1,85
7.5,7,12,2,86
7.5,7,12,3,86
7.5,7,12,4,87
7.5,7,12,5,87
7.5,7,12,6,87
7.5,7,12,7,88
7.5,7,12,8,88
7.5,7,12,9,89
7.5,7,12,10,89
7.5,7,12,11,89
7.5,7,12,12,90
7.5,7,12,13,90
7.5,7,12,14,91
7.5,7,12,15,91
7.5,7,13,0,85
7.5,7,13,1,86
7.5,7,13,2,86
7.5,7,13,3,87
7.5,7,13,4,87
7.5,7,13,5,87
7.5,7,13,6,88
7.5,7,13,7,88
7.5,7,13,8,89
7.5,7,13,9,89
7.5,7,13,10,89
7.5,7,13,11,90
7.5,7,13,12,90
7.5,7,13,13,91
7.5,7,13,14,91
7.5,7,13,15,91
7.5,7,14,0,86
7.5,7,14,1,86
7.5,7,14,2,87
7.5,7,14,3,87
7.5,7,14,4,87
7.5,7,14,5,88
7.5,7,14,6,88
7.5,7,14,7,89
7.5,7,14,8,89
7.5,7,14,9,89
7.5,7,14,10,90
7.5,7,14,11,90
7.5,7,14,12,91
7.5,7,14,13,91
7.5,7,14,14,91
7.5,7,14,15,92
7.5,7,15,0,86
7.5,7,15,1,87
7.5,7,15,2,87
7.5,7,15,3,87
7.5,7,15,4,88
7.5,7,15,5,88
7.5,7,15,6,89
7.5,7,15,7,89
7.5,7,15,8,90
7.5,7,15,9,90
7.5,7,15,10,90
7.5,7,15,11,91
7.5,7,15,12,91
7.5,7,15,13,92
7.5,7,15,14,92
7.5,7,15,15,92
7.5,8,0,0,80
7.5,8,0,1,81
7.5,8,0,2,81
7.5,8,0,3,82
7.5,8,0,4,82
7.5,8,0,5,82
7.5,8,0,6,83
7.5,8,0,7,83
7.5,8,0,8,84
7.5,8,0,9,84
7.5,8,0,10,84
7.5,8,0,11,85
7.5,8,0,12,85
7.5,8,0,13,85
7.5,8,0,14,86
7.5,8,0,15,86
7.5,8,1,0,81
7.5,8,1,1,81
7.5,8,1,2,82
7.5,8,1,3,82
7.5,8,1,4,83
7.5,8,1,5,83
7.5,8,1,6,83
7.5,8,1,7,84
7.5,8,1,8,84
7.5,8,1,9,84
7.5,8,1,10,85
7.5,8,1,11,85
7.5,8,1,12,86
7.5,8,1,13,86
7.5,8,1,14,86
7.5,8,1,15,87
7.5,8,2,0,81
7.5,8,2,1,82
7.5,8,2,2,82
7.5,8,2,3,83
7.5,8,2,4,83
7.5,8,2,5,83
7.5,8,2,6,84
7.5,8,2,7,84
7.5,8,2,8,85
7.5,8,2,9,85
7.5,8,2,10,85
7.5,8,2,11,86
7.5,8,2,12,86
7.5,8,2,13,87
7.5,8,2,14,87
7.5,8,2,15,87
7.5,8,3,0,82
7.5,8,3,1,82
7.5,8,3,2,83
7.5,8,3,3,83
7.5,8,3,4,84
7.5,8,3,5,84
7.5,8,3,6,84
7.5,8,3,7,85
7.5,8,3,8,85
7.5,8,3,9,86
7.5,8,3,10,86
7.5,8,3,11,86
7.5,8,3,12,87
7.5,8,3,13,87
7.5,8,3,14,87
7.5,8,3,15,88
7.5,8,4,0,82
7.5,8,4,1,83
7.5,8,4,2,83
7.5,8,4,3,84
7.5,8,4,4,84
7.5,8,4,5,84
7.5,8,4,6,85
7.5,8,4,7,85
7.5,8,4,8,86
7.5,8,4,9,86
7.5,8,4,10,86
7.5,8,4,11,87
7.5,8,4,12,87
7.5,8,4,13,88
7.5,8,4,14,88
7.5,8,4,15,88
7.5,8,5,0,83
7.5,8,5,1,83
7.5,8,5,2,84
7.5,8,5,3,84
7.5,8,5,4,85
7.5,8,5,5,85
7.5,8,5,6,85
7.5,8,5,7,86
7.5,8,5,8,86
7.5,8,5,9,86
7.5,8,5,10,87
7.5,8,5,11,87
7.5,8,5,12,88
7.5,8,5,13,88
7.5,8,5,14,88
7.5,8,5,15,89
7.5,8,6,0,83
7.5,8,6,1,84
7.5,8,6,2,84
7.5,8,6,3,85
7.5,8,6,4,85
7.5,8,6,5,85
7.5,8,6,6,86
7.5,8,6,7,86
7.5,8,6,8,87
7.5,8,6,9,87
7.5,8,6,10,87
7.5,8,6,11,88
7.5,8,6,12,88
7.5,8,6,13,89
7.5,8,6,14,89
7.5,8,6,15,89
7.5,8,7,0,84
7.5,8,7,1,84
7.5,8,7,2,85
7.5,8,7,3,85
7.5,8,7,4,85
7.5,8,7,5,86
7.5,8,7,6,86
7.5,8,7,7,87
7.5,8,7,8,87
7.5,8,7,9,87
7.5,8,7,10,88
7.5,8,7,11,88
7.5,8,7,12,89
7.5,8,7,13,89
7.5,8,7,14,89
7.5,8,7,15,90
7.5,8,8,0,84
7.5,8,8,1,85
7.5,8,8,2,85
7.5,8,8,3,86
7.5,8,8,4,86
7.5,8,8,5,86
7.5,8,8,6,87
7.5,8,8,7,87
7.5,8,8,8,88
7.5,8,8,9,88
7.5,8,8,10,88
7.5,8,8,11,89
7.5,8,8,12,89
7.5,8,8,13,90
7.5,8,8,14,90
7.5,8,8,15,90
7.5,8,9,0,85
7.5,8,9,1,85
7.5,8,9,2,86
7.5,8,9,3,86
7.5,8,9,4,86
7.5,8,9,5,87
7.5,8,9,6,87
7.5,8,9,7,88
7.5,8,9,8,88
7.5,8,9,9,88
7.5,8,9,10,89
7.5,8,9,11,89
7.5,8,9,12,90
7.5,8,9,13,90
7.5,8,9,14,90
7.5,8,9,15,91
7.5,8,10,0,85
7.5,8,10,1,86
7.5,8,10,2,86
7.5,8,10,3,86
7.5,8,10,4,87
7.5,8,10,5,87
7.5,8,10,6,88
7.5,8,10,7,88
7.5,8,10,8,89
7.5,8,10,9,89
7.5,8,10,10,89
7.5,8,10,11,90
7.5,8,10,12,90
7.5,8,10,13,91
7.5,8,10,14,91
7.5,8,10,15,91
7.5,8,11,0,86
7.5,8,11,1,86
7.5,8,11,2,87
7.5,8,11,3,87
7.5,8,11,4,87
7.5,8,11,5,88
7.5,8,11,6,88
7.5,8,11,7,89
7.5,8,11,8,89
7.5,8,11,9,89
7.5,8,11,10,90
7.5,8,11,11,90
7.5,8,11,12,91
7.5,8,11,13,91
7.5,8,11,14,91
7.5,8,11,15,92
7.5,8,12,0,86
7.5,8,12,1,87
7.5,8,12,2,87
7.5,8,12,3,87
7.5,8,12,4,88
7.5,8,12,5,88
7.5,8,12,6,89
7.5,8,12,7,89
7.5,8,12,8,89
7.5,8,12,9,90
7.5,8,12,10,90
7.5,8,12,11,91
7.5,8,12,12,91
7.5,8,12,13,92
7.5,8,12,14,92
7.5,8,12,15,92
7.5,8,13,0,87
7.5,8,13,1,87
7.5,8,13,2,87
7.5,8,13,3,88
7.5,8,13,4,88
7.5,8,13,5,89
7.5,8,13,6,89
7.5,8,13,7,90
7.5,8,13,8,90
7.5,8,13,9,90
7.5,8,13,10,91
7.5,8,13,11,91
7.5,8,13,12,92
7.5,8,13,13,92
7.5,8,13,14,92
7.5,8,13,15,93
7.5,8,14,0,87
7.5,8,14,1,87
7.5,8,14,2,88
7.5,8,14,3,88
7.5,8,14,4,89
7.5,8,14,5,89
7.5,8,14,6,90
7.5,8,14,7,90
7.5,8,14,8,90
7.5,8,14,9,91
7.5,8,14,10,91
7.5,8,14,11,92
7.5,8,14,12,92
7.5,8,14,13,92
7.5,8,14,14,93
7.5,8,14,15,93
7.5,8,15,0,88
7.5,8,15,1,88
7.5,8,15,2,88
7.5,8,15,3,89
7.5,8,15,4,89
7.5,8,15,5,90
7.5,8,15,6,90
7.5,8,15,7,90
7.5,8,15,8,91
7.5,8,15,9,91
7.5,8,15,10,92
7.5,8,15,11,92
7.5,8,15,12,93
7.5,8,15,13,93
7.5,8,15,14,93
7.5,8,15,15,94
7.5,9,0,0,82
7.5,9,0,1,82
7.5,9,0,2,83
7.5,9,0,3,83
7.5,9,0,4,83
7.5,9,0,5,84
7.5,9,0,6,84
7.5,9,0,7,84
7.5,9,0,8,85
7.5,9,0,9,85
7.5,9,0,10,86
7.5,9,0,11,86
7.5,9,0,12,86
7.5,9,0,13,87
7.5,9,0,14,87
7.5,9,0,15,88
7.5,9,1,0,82
7.5,9,1,1,83
7.5,9,1,2,83
7.5,9,1,3,83
7.5,9,1,4,84
7.5,9,1,5,84
7.5,9,1,6,85
7.5,9,1,7,85
7.5,9,1,8,85
7.5,9,1,9,86
7.5,9,1,10,86
7.5,9,1,11,87
7.5,9,1,12,87
7.5,9,1,13,87
7.5,9,1,14,88
7.5,9,1,15,88
7.5,9,2,0,83
7.5,9,2,1,83
7.5,9,2,2,83
7.5,9,2,3,84
7.5,9,2,4,84
7.5,9,2,5,85
7.5,9,2,6,85
7.5,9,2,7,85
7.5,9,2,8,86
7.5,9,2,9,86
7.5,9,2,10,87
7.5,9,2,11,87
7.5,9,2,12,87
7.5,9,2,13,88
7.5,9,2,14,88
7.5,9,2,15,89
7.5,9,3,0,83
7.5,9,3,1,84
7.5,9,3,2,84
7.5,9,3,3,84
7.5,9,3,4,85
7.5,9,3,5,85
7.5,9,3,6,86
7.5,9,3,7,86
7.5,9,3,8,86
7.5,9,3,9,87
7.5,9,3,10,87
7.5,9,3,11,88
7.5,9,3,12,88
7.5,9,3,13,88
7.5,9,3,14,89
7.5,9,3,15,89
7.5,9,4,0,84
7.5,9,4,1,84
7.5,9,4,2,84
7.5,9,4,3,85
7.5,9,4,4,85
7.5,9,4,5,86
7.5,9,4,6,86
7.5,9,4,7,86
7.5,9,4,8,87
7.5,9,4,9,87
7.5,9,4,10,88
7.5,9,4,11,88
7.5,9,4,12,88
7.5,9,4,13,89
7.5,9,4,14,89
7.5,9,4,15,90
7.5,9,5,0,84
7.5,9,5,1,85
7.5,9,5,2,85
7.5,9,5,3,85
7.5,9,5,4,86
7.5,9,5,5,86
7.5,9,5,6,87
7.5,9,5,7,87
7.5,9,5,8,87
7.5,9,5,9,88
7.5,9,5,10,88
7.5,9,5,11,89
7.5,9,5,12,89
7.5,9,5,13,89
7.5,9,5,14,90
7.5,9,5,15,90
7.5,9,6,0,85
7.5,9,6,1,85
7.5,9,6,2,85
7.5,9,6,3,86
7.5,9,6,4,86
7.5,9,6,5,87
7.5,9,6,6,87
7.5,9,6,7,87
7.5,9,6,8,88
7.5,9,6,9,88
7.5,9,6,10,89
7.5,9,6,11,89
7.5,9,6,12,89
7.5,9,6,13,90
7.5,9,6,14,90
7.5,9,6,15,91
7.5,9,7,0,85
7.5,9,7,1,86
7.5,9,7,2,86
7.5,9,7,3,86
7.5,9,7,4,87
7.5,9,7,5,87
7.5,9,7,6,88
7.5,9,7,7,88
7.5,9,7,8,88
7.5,9,7,9,89
7.5,9,7,10,89
7.5,9,7,11,90
7.5,9,7,12,90
7.5,9,7,13,90
7.5,9,7,14,91
7.5,9,7,15,91
7.5,9,8,0,86
7.5,9,8,1,86
7.5,9,8,2,86
7.5,9,8,3,87
7.5,9,8,4,87
7.5,9,8,5,88
7.5,9,8,6,88
7.5,9,8,7,88
7.5,9,8,8,89
7.5,9,8,9,89
7.5,9,8,10,90
7.5,9,8,11,90
7.5,9,8,12,90
7.5,9,8,13,91
7.5,9,8,14,91
7.5,9,8,15,92
7.5,9,9,0,86
7.5,9,9,1,86
7.5,9,9,2,87
7.5,9,9,3,87
7.5,9,9,4,88
7.5,9,9,5,88
7.5,9,9,6,89
7.5,9,9,7,89
7.5,9,9,8,89
7.5,9,9,9,90
7.5,9,9,10,90
7.5,9,9,11,91
7.5,9,9,12,91
7.5,9,9,13,91
7.5,9,9,14,92
7.5,9,9,15,92
7.5,9,10,0,87
7.5,9,10,1,87
7.5,9,10,2,87
7.5,9,10,3,88
7.5,9,10,4,88
7.5,9,10,5,89
7.5,9,10,6,89
7.5,9,10,7,89
7.5,9,10,8,90
7.5,9,10,9,90
7.5,9,10,10,91
7.5,9,10,11,91
7.5,9,10,12,91
7.5,9,10,13,92
7.5,9,10,14,92
7.5,9,10,15,93
7.5,9,11,0,87
7.5,9,11,1,87
7.5,9,11,2,88
7.5,9,11,3,88
7.5,9,11,4,89
7.5,9,11,5,89
7.5,9,11,6,90
7.5,9,11,7,90
7.5,9,11,8,90
7.5,9,11,9,91
7.5,9,11,10,91
7.5,9,11,11,92
7.5,9,11,12,92
7.5,9,11,13,92
7.5,9,11,14,93
7.5,9,11,15,93
7.5,9,12,0,87
7.5,9,12,1,88
7.5,9,12,2,88
7.5,9,12,3,89
7.5,9,12,4,89
7.5,9,12,5,90
7.5,9,12,6,90
7.5,9,12,7,90
7.5,9,12,8,91
7.5,9,12,9,91
7.5,9,12,10,92
7.5,9,12,11,92
7.5,9,12,12,92
7.5,9,12,13,93
7.5,9,12,14,93
7.5,9,12,15,94
7.5,9,13,0,88
7.5,9,13,1,88
7.5,9,13,2,89
7.5,9,13,3,89
7.5,9,13,4,90
7.5,9,13,5,90
7.5,9,13,6,90
7.5,9,13,7,91
7.5,9,13,8,91
7.5,9,13,9,92
7.5,9,13,10,92
7.5,9,13,11,93
7.5,9,13,12,93
7.5,9,13,13,93
7.5,9,13,14,94
7.5,9,13,15,94
7.5,9,14,0,88
7.5,9,14,1,89
7.5,9,14,2,89
7.5,9,14,3,90
7.5,9,14,4,90
7.5,9,14,5,91
7.5,9,14,6,91
7.5,9,14,7,91
7.5,9,14,8,92
7.5,9,14,9,92
7.5,9,14,10,93
7.5,9,14,11,93
7.5,9,14,12,93
7.5,9,14,13,94
7.5,9,14,14,94
7.5,9,14,15,95
7.5,9,15,0,89
7.5,9,15,1,89
7.5,9,15,2,90
7.5,9,15,3,90
7.5,9,15,4,91
7.5,9,15,5,91
7.5,9,15,6,91
7.5,9,15,7,92
7.5,9,15,8,92
7.5,9,15,9,93
7.5,9,15,10,93
7.5,9,15,11,94
7.5,9,15,12,94
7.5,9,15,13,94
7.5,9,15,14,95
7.5,9,15,15,95
7.5,10,0,0,83
7.5,10,0,1,83
7.5,10,0,2,84
7.5,10,0,3,84
7.5,10,0,4,85
7.5,10,0,5,85
7.5,10,0,6,85
7.5,10,0,7,86
7.5,10,0,8,86
7.5,10,0,9,87
7.5,10,0,10,87
7.5,10,0,11,87
7.5,10,0,12,88
7.5,10,0,13,88
7.5,10,0,14,88
7.5,10,0,15,89
7.5,10,1,0,83
7.5,10,1,1,84
7.5,10,1,2,84
7.5,10,1,3,85
7.5,10,1,4,85
7.5,10,1,5,85
7.5,10,1,6,86
7.5,10,1,7,86
7.5,10,1,8,87
7.5,10,1,9,87
7.5,10,1,10,87
7.5,10,1,11,88
7.5,10,1,12,88
7.5,10,1,13,89
7.5,10,1,14,89
7.5,10,1,15,89
7.5,10,2,0,84
7.5,10,2,1,84
7.5,10,2,2,85
7.5,10,2,3,85
7.5,10,2,4,86
7.5,10,2,5,86
7.5,10,2,6,86
7.5,10,2,7,87
7.5,10,2,8,87
7.5,10,2,9,88
7.5,10,2,10,88
7.5,10,2,11,88
7.5,10,2,12,89
7.5,10,2,13,89
7.5,10,2,14,90
7.5,10,2,15,90
7.5,10,3,0,84
7.5,10,3,1,85
7.5,10,3,2,85
7.5,10,3,3,86
7.5,10,3,4,86
7.5,10,3,5,86
7.5,10,3,6,87
7.5,10,3,7,87
7.5,10,3,8,88
7.5,10,3,9,88
7.5,10,3,10,88
7.5,10,3,11,89
7.5,10,3,12,89
7.5,10,3,13,90
7.5,10,3,14,90
7.5,10,3,15,90
7.5,10,4,0,85
7.5,10,4,1,85
7.5,10,4,2,86
7.5,10,4,3,86
7.5,10,4,4,87
7.5,10,4,5,87
7.5,10,4,6,87
7.5,10,4,7,88
7.5,10,4,8,88
7.5,10,4,9,89
7.5,10,4,10,89
7.5,10,4,11,89
7.5,10,4,12,90
7.5,10,4,13,90
7.5,10,4,14,91
7.5,10,4,15,91
7.5,10,5,0,85
7.5,10,5,1,86
7.5,10,5,2,86
7.5,10,5,3,87
7.5,10,5,4,87
7.5,10,5,5,87
7.5,10,5,6,88
7.5,10,5,7,88
7.5,10,5,8,89
7.5,10,5,9,89
7.5,10,5,10,89
7.5,10,5,11,90
7.5,10,5,12,90
7.5,10,5,13,91
7.5,10,5,14,91
7.5,10,5,15,91
7.5,10,6,0,86
7.5,10,6,1,86
7.5,10,6,2,87
7.5,10,6,3,87
7.5,10,6,4,88
7.5,10,6,5,88
7.5,10,6,6,88
7.5,10,6,7,89
7.5,10,6,8,89
7.5,10,6,9,90
7.5,10,6,10,90
7.5,10,6,11,90
7.5,10,6,12,91
7.5,10,6,13,91
7.5,10,6,14,92
7.5,10,6,15,92
7.5,10,7,0,86
7.5,10,7,1,87
7.5,10,7,2,87
7.5,10,7,3,88
7.5,10,7,4,88
7.5,10,7,5,88
7.5,10,7,6,89
7.5,10,7,7,89
7.5,10,7,8,90
7.5,10,7,9,90
7.5,10,7,10,91
7.5,10,7,11,91
7.5,10,7,12,91
7.5,10,7,13,92
7.5,10,7,14,92
7.5,10,7,15,93
7.5,10,8,0,87
7.5,10,8,1,87
7.5,10,8,2,88
7.5,10,8,3,88
7.5,10,8,4,89
7.5,10,8,5,89
7.5,10,8,6,89
7.5,10,8,7,90
7.5,10,8,8,90
7.5,10,8,9,91
7.5,10,8,10,91
7.5,10,8,11,91
7.5,10,8,12,92
7.5,10,8,13,92
7.5,10,8,14,93
7.5,10,8,15,93
7.5,10,9,0,87
7.5,10,9,1,88
7.5,10,9,2,88
7.5,10,9,3,89
7.5,10,9,4,89
7.5,10,9,5,89
7.5,10,9,6,90
7.5,10,9,7,90
7.5,10,9,8,91
7.5,10,9,9,91
7.5,10,9,10,92
7.5,10,9,11,92
7.5,10,9,12,92
7.5,10,9,13,93
7.5,10,9,14,93
7.5,10,9,15,94
7.5,10,10,0,88
7.5,10,10,1,88
7.5,10,10,2,89
7.5,10,10,3,89
7.5,10,10,4,90
7.5,10,10,5,90
7.5,10,10,6,90
7.5,10,10,7,91
7.5,10,10,8,91
7.5,10,10,9,92
7.5,10,10,10,92
7.5,10,10,11,92
7.5,10,10,12,93
7.5,10,10,13,93
7.5,10,10,14,94
7.5,10,10,15,94
7.5,10,11,0,88
7.5,10,11,1,89
7.5,10,11,2,89
7.5,10,11,3,90
7.5,10,11,4,90
7.5,10,11,5,90
7.5,10,11,6,91
7.5,10,11,7,91
7.5,10,11,8,92
7.5,10,11,9,92
7.5,10,11,10,93
7.5,10,11,11,93
7.5,10,11,12,93
7.5,10,11,13,94
7.5,10,11,14,94
7.5,10,11,15,95
7.5,10,12,0,89
7.5,10,12,1,89
7.5,10,12,2,90
7.5,10,12,3,90
7.5,10,12,4,90
7.5,10,12,5,91
7.5,10,12,6,91
7.5,10,12,7,92
7.5,10,12,8,92
7.5,10,12,9,93
7.5,10,12,10,93
7.5,10,12,11,93
7.5,10,12,12,94
7.5,10,12,13,94
7.5,10,12,14,95
7.5,10,12,15,95
7.5,10,13,0,89
7.5,10,13,1,90
7.5,10,13,2,90
7.5,10,13,3,91
7.5,10,13,4,91
7.5,10,13,5,91
7.5,10,13,6,92
7.5,10,13,7,92
7.5,10,13,8,93
7.5,10,13,9,93
7.5,10,13,10,93
7.5,10,13,11,94
7.5,10,13,12,94
7.5,10,13,13,95
7.5,10,13,14,95
7.5,10,13,15,96
7.5,10,14,0,90
7.5,10,14,1,90
7.5,10,14,2,91
7.5,10,14,3,91
7.5,10,14,4,91
7.5,10,14,5,92
7.5,10,14,6,92
7.5,10,14,7,93
7.5,10,14,8,93
7.5,10,14,9,94
7.5,10,14,10,94
7.5,10,14,11,94
7.5,10,14,12,95
7.5,10,14,13,95
7.5,10,14,14,96
7.5,10,14,15,96
7.5,10,15,0,90
7.5,10,15,1,91
7.5,10,15,2,91
7.5,10,15,3,91
7.5,10,15,4,92
7.5,10,15,5,92
7.5,10,15,6,93
7.5,10,15,7,93
7.5,10,15,8,94
7.5,10,15,9,94
7.5,10,15,10,94
7.5,10,15,11,95
7.5,10,15,12,95
7.5,10,15,13,96
7.5,10,15,14,96
7.5,10,15,15,97
7.5,11,0,0,84
7.5,11,0,1,85
7.5,11,0,2,85
7.5,11,0,3,85
7.5,11,0,4,86
7.5,11,0,5,86
7.5,11,0,6,87
7.5,11,0,7,87
7.5,11,0,8,87
7.5,11,0,9,88
7.5,11,0,10,88
7.5,11,0,11,89
7.5,11,0,12,89
7.5,11,0,13,89
7.5,11,0,14,90
7.5,11,0,15,90
7.5,11,1,0,85
7.5,11,1,1,85
7.5,11,1,2,85
7.5,11,1,3,86
7.5,11,1,4,86
7.5,11,1,5,87
7.5,11,1,6,87
7.5,11,1,7,87
7.5,11,1,8,88
7.5,11,1,9,88
7.5,11,1,10,89
7.5,11,1,11,89
7.5,11,1,12,89
7.5,11,1,13,90
7.5,11,1,14,90
7.5,11,1,15,91
7.5,11,2,0,85
7.5,11,2,1,86
7.5,11,2,2,86
7.5,11,2,3,86
7.5,11,2,4,87
7.5,11,2,5,87
7.5,11,2,6,88
7.5,11,2,7,88
7.5,11,2,8,88
7.5,11,2,9,89
7.5,11,2,10,89
7.5,11,2,11,90
7.5,11,2,12,90
7.5,11,2,13,90
7.5,11,2,14,91
7.5,11,2,15,91
7.5,11,3,0,86
7.5,11,3,1,86
7.5,11,3,2,86
7.5,11,3,3,87
7.5,11,3,4,87
7.5,11,3,5,88
7.5,11,3,6,88
7.5,11,3,7,89
7.5,11,3,8,89
7.5,11,3,9,89
7.5,11,3,10,90
7.5,11,3,11,90
7.5,11,3,12,91
7.5,11,3,13,91
7.5,11,3,14,91
7.5,11,3,15,92
7.5,11,4,0,86
7.5,11,4,1,87
7.5,11,4,2,87
7.5,11,4,3,87
7.5,11,4,4,88
7.5,11,4,5,88
7.5,11,4,6,89
7.5,11,4,7,89
7.5,11,4,8,89
7.5,11,4,9,90
7.5,11,4,10,90
7.5,11,4,11,91
7.5,11,4,12,91
7.5,11,4,13,91
7.5,11,4,14,92
7.5,11,4,15,92
7.5,11,5,0,87
7.5,11,5,1,87
7.5,11,5,2,87
7.5,11,5,3,88
7.5,11,5,4,88
7.5,11,5,5,89
7.5,11,5,6,89
7.5,11,5,7,90
7.5,11,5,8,90
7.5,11,5,9,90
7.5,11,5,10,91
7.5,11,5,11,91
7.5,11,5,12,92
7.5,11,5,13,92
7.5,11,5,14,92
7.5,11,5,15,93
7.5,11,6,0,87
7.5,11,6,1,88
7.5,11,6,2,88
7.5,11,6,3,88
7.5,11,6,4,89
7.5,11,6,5,89
7.5,11,6,6,90
7.5,11,6,7,90
7.5,11,6,8,90
7.5,11,6,9,91
7.5,11,6,10,91
7.5,11,6,11,92
7.5,11,6,12,92
7.5,11,6,13,93
7.5,11,6,14,93
7.5,11,6,15,93
7.5,11,7,0,88
7.5,11,7,1,88
7.5,11,7,2,88
7.5,11,7,3,89
7.5,11,7,4,89
7.5,11,7,5,90
7.5,11,7,6,90
7.5,11,7,7,91
7.5,11,7,8,91
7.5,11,7,9,91
7.5,11,7,10,92
7.5,11,7,11,92
7.5,11,7,12,93
7.5,11,7,13,93
7.5,11,7,14,93
7.5,11,7,15,94
7.5,11,8,0,88
7.5,11,8,1,89
7.5,11,8,2,89
7.5,11,8,3,89
7.5,11,8,4,90
7.5,11,8,5,90
7.5,11,8,6,91
7.5,11,8,7,91
7.5,11,8,8,92
7.5,11,8,9,92
7.5,11,8,10,92
7.5,11,8,11,93
7.5,11,8,12,93
7.5,11,8,13,94
7.5,11,8,14,94
7.5,11,8,15,94
7.5,11,9,0,89
7.5,11,9,1,89
7.5,11,9,2,89
7.5,11,9,3,90
7.5,11,9,4,90
7.5,11,9,5,91
7.5,11,9,6,91
7.5,11,9,7,92
7.5,11,9,8,92
7.5,11,9,9,92
7.5,11,9,10,93
7.5,11,9,11,93
7.5,11,9,12,94
7.5,11,9,13,94
7.5,11,9,14,95
7.5,11,9,15,95
7.5,11,10,0,89
7.5,11,10,1,90
7.5,11,10,2,90
7.5,11,10,3,90
7.5,11,10,4,91
7.5,11,10,5,91
7.5,11,10,6,92
7.5,11,10,7,92
7.5,11,10,8,93
7.5,11,10,9,93
7.5,11,10,10,93
7.5,11,10,11,94
7.5,11,10,12,94
7.5,11,10,13,95
7.5,11,10,14,95
7.5,11,10,15,95
7.5,11,11,0,90
7.5,11,11,1,90
7.5,11,11,2,90
7.5,11,11,3,91
7.5,11,11,4,91
7.5,11,11,5,92
7.5,11,11,6,92
7.5,11,11,7,93
7.5,11,11,8,93
7.5,11,11,9,93
7.5,11,11,10,94
7.5,11,11,11,94
7.5,11,11,12,95
7.5,11,11,13,95
7.5,11,11,14,96
7.5,11,11,15,96
7.5,11,12,0,90
7.5,11,12,1,90
7.5,11,12,2,91
7.5,11,12,3,91
7.5,11,12,4,92
7.5,11,12,5,92
7.5,11,12,6,93
7.5,11,12,7,93
7.5,11,12,8,94
7.5,11,12,9,94
7.5,11,12,10,94
7.5,11,12,11,95
7.5,11,12,12,95
7.5,11,12,13,96
7.5,11,12,14,96
7.5,11,12,15,96
7.5,11,13,0,91
7.5,11,13,1,91
7.5,11,13,2,91
7.5,11,13,3,92
7.5,11,13,4,92
7.5,11,13,5,93
7.5,11,13,6,93
7.5,11,13,7,94
7.5,11,13,8,94
7.5,11,13,9,94
7.5,11,13,10,95
7.5,11,13,11,95
7.5,11,13,12,96
7.5,11,13,13,96
7.5,11,13,14,97
7.5,11,13,15,97
7.5,11,14,0,91
7.5,11,14,1,91
7.5,11,14,2,92
7.5,11,14,3,92
7.5,11,14,4,93
7.5,11,14,5,93
7.5,11,14,6,94
7.5,11,14,7,94
7.5,11,14,8,94
7.5,11,14,9,95
7.5,11,14,10,95
7.5,11,14,11,96
7.5,11,14,12,96
7.5,11,14,13,97
7.5,11,14,14,97
7.5,11,14,15,97
7.5,11,15,0,91
7.5,11,15,1,92
7.5,11,15,2,92
7.5,11,15,3,93
7.5,11,15,4,93
7.5,11,15,5,94
7.5,11,15,6,94
7.5,11,15,7,95
7.5,11,15,8,95
7.5,11,15,9,95
7.5,11,15,10,96
7.5,11,15,11,96
7.5,11,15,12,97
7.5,11,15,13,97
7.5,11,15,14,98
7.5,11,15,15,98
7.5,12,0,0,85
7.5,12,0,1,86
7.5,12,0,2,86
7.5,12,0,3,87
7.5,12,0,4,87
7.5,12,0,5,87
7.5,12,0,6,88
7.5,12,0,7,88
7.5,12,0,8,89
7.5,12,0,9,89
7.5,12,0,10,89
7.5,12,0,11,90
7.5,12,0,12,90
7.5,12,0,13,91
7.5,12,0,14,91
7.5,12,0,15,91
7.5,12,1,0,86
7.5,12,1,1,86
7.5,12,1,2,87
7.5,12,1,3,87
7.5,12,1,4,88
7.5,12,1,5,88
7.5,12,1,6,88
7.5,12,1,7,89
7.5,12,1,8,89
7.5,12,1,9,90
7.5,12,1,10,90
7.5,12,1,11,90
7.5,12,1,12,91
7.5,12,1,13,91
7.5,12,1,14,92
7.5,12,1,15,92
7.5,12,2,0,86
7.5,12,2,1,87
7.5,12,2,2,87
7.5,12,2,3,88
7.5,12,2,4,88
7.5,12,2,5,88
7.5,12,2,6,89
7.5,12,2,7,89
7.5,12,2,8,90
7.5,12,2,9,90
7.5,12,2,10,91
7.5,12,2,11,91
7.5,12,2,12,91
7.5,12,2,13,92
7.5,12,2,14,92
7.5,12,2,15,93
7.5,12,3,0,87
7.5,12,3,1,87
7.5,12,3,2,88
7.5,12,3,3,88
7.5,12,3,4,89
7.5,12,3,5,89
7.5,12,3,6,89
7.5,12,3,7,90
7.5,12,3,8,90
7.5,12,3,9,91
7.5,12,3,10,91
7.5,12,3,11,91
7.5,12,3,12,92
7.5,12,3,13,92
7.5,12,3,14,93
7.5,12,3,15,93
7.5,12,4,0,87
7.5,12,4,1,88
7.5,12,4,2,88
7.5,12,4,3,89
7.5,12,4,4,89
7.5,12,4,5,89
7.5,12,4,6,90
7.5,12,4,7,90
7.5,12,4,8,91
7.5,12,4,9,91
7.5,12,4,10,92
7.5,12,4,11,92
7.5,12,4,12,92
7.5,12,4,13,93
7.5,12,4,14,93
7.5,12,4,15,94
7.5,12,5,0,88
7.5,12,5,1,88
7.5,12,5,2,89
7.5,12,5,3,89
7.5,12,5,4,90
7.5,12,5,5,90
7.5,12,5,6,90
7.5,12,5,7,91
7.5,12,5,8,91
7.5,12,5,9,92
7.5,12,5,10,92
7.5,12,5,11,93
7.5,12,5,12,93
7.5,12,5,13,93
7.5,12,5,14,94
7.5,12,5,15,94
7.5,12,6,0,88
7.5,12,6,1,89
7.5,12,6,2,89
7.5,12,6,3,90
7.5,12,6,4,90
7.5,12,6,5,91
7.5,12,6,6,91
7.5,12,6,7,91
7.5,12,6,8,92
7.5,12,6,9,92
7.5,12,6,10,93
7.5,12,6,11,93
7.5,12,6,12,93
7.5,12,6,13,94
7.5,12,6,14,94
7.5,12,6,15,95
7.5,12,7,0,89
7.5,12,7,1,89
7.5,12,7,2,90
7.5,12,7,3,90
7.5,12,7,4,91
7.5,12,7,5,91
7.5,12,7,6,91
7.5,12,7,7,92
7.5,12,7,8,92
7.5,12,7,9,93
7.5,12,7,10,93
7.5,12,7,11,94
7.5,12,7,12,94
7.5,12,7,13,94
7.5,12,7,14,95
7.5,12,7,15,95
7.5,12,8,0,89
7.5,12,8,1,90
7.5,12,8,2,90
7.5,12,8,3,91
7.5,12,8,4,91
7.5,12,8,5,92
7.5,12,8,6,92
7.5,12,8,7,92
7.5,12,8,8,93
7.5,12,8,9,93
7.5,12,8,10,94
7.5,12,8,11,94
7.5,12,8,12,95
7.5,12,8,13,95
7.5,12,8,14,95
7.5,12,8,15,96
7.5,12,9,0,90
7.5,12,9,1,90
7.5,12,9,2,91
7.5,12,9,3,91
7.5,12,9,4,92
7.5,12,9,5,92
7.5,12,9,6,92
7.5,12,9,7,93
7.5,12,9,8,93
7.5,12,9,9,94
7.5,12,9,10,94
7.5,12,9,11,95
7.5,12,9,12,95
7.5,12,9,13,95
7.5,12,9,14,96
7.5,12,9,15,96
7.5,12,10,0,90
7.5,12,10,1,91
7.5,12,10,2,91
7.5,12,10,3,92
7.5,12,10,4,92
7.5,12,10,5,93
7.5,12,10,6,93
7.5,12,10,7,93
7.5,12,10,8,94
7.5,12,10,9,94
7.5,12,10,10,95
7.5,12,10,11,95
7.5,12,10,12,96
7.5,12,10,13,96
7.5,12,10,14,96
7.5,12,10,15,97
7.5,12,11,0,91
7.5,12,11,1,91
7.5,12,11,2,92
7.5,12,11,3,92
7.5,12,11,4,93
7.5,12,11,5,93
7.5,12,11,6,93
7.5,12,11,7,94
7.5,12,11,8,94
7.5,12,11,9,95
7.5,12,11,10,95
7.5,12,11,11,96
7.5,12,11,12,96
7.5,12,11,13,96
7.5,12,11,14,97
7.5,12,11,15,97
7.5,12,12,0,91
7.5,12,12,1,92
7.5,12,12,2,92
7.5,12,12,3,93
7.5,12,12,4,93
7.5,12,12,5,94
7.5,12,12,6,94
7.5,12,12,7,94
7.5,12,12,8,95
7.5,12,12,9,95
7.5,12,12,10,96
7.5,12,12,11,96
7.5,12,12,12,97
7.5,12,12,13,97
7.5,12,12,14,97
7.5,12,12,15,98
7.5,12,13,0,92
7.5,12,13,1,92
7.5,12,13,2,93
7.5,12,13,3,93
7.5,12,13,4,94
7.5,12,13,5,94
7.5,12,13,6,94
7.5,12,13,7,95
7.5,12,13,8,95
7.5,12,13,9,96
7.5,12,13,10,96
7.5,12,13,11,97
7.5,12,13,12,97
7.5,12,13,13,98
7.5,12,13,14,98
7.5,12,13,15,98
7.5,12,14,0,92
7.5,12,14,1,93
7.5,12,14,2,93
7.5,12,14,3,94
7.5,12,14,4,94
7.5,12,14,5,95
7.5,12,14,6,95
7.5,12,14,7,95
7.5,12,14,8,96
7.5,12,14,9,96
7.5,12,14,10,97
7.5,12,14,11,97
7.5,12,14,12,98
7.5,12,14,13,98
7.5,12,14,14,98
7.5,12,14,15,99
7.5,12,15,0,93
7.5,12,15,1,93
7.5,12,15,2,94
7.5,12,15,3,94
7.5,12,15,4,95
7.5,12,15,5,95
7.5,12,15,6,95
7.5,12,15,7,96
7.5,12,15,8,96
7.5,12,15,9,97
7.5,12,15,10,97
7.5,12,15,11,98
7.5,12,15,12,98
7.5,12,15,13,99
7.5,12,15,14,99
7.5,12,15,15,99
7.5,13,0,0,87
7.5,13,0,1,87
7.5,13,0,2,87
7.5,13,0,3,88
7.5,13,0,4,88
7.5,13,0,5,89
7.5,13,0,6,89
7.5,13,0,7,89
7.5,13,0,8,90
7.5,13,0,9,90
7.5,13,0,10,91
7.5,13,0,11,91
7.5,13,0,12,92
7.5,13,0,13,92
7.5,13,0,14,92
7.5,13,0,15,93
7.5,13,1,0,87
7.5,13,1,1,87
7.5,13,1,2,88
7.5,13,1,3,88
7.5,13,1,4,89
7.5,13,1,5,89
7.5,13,1,6,90
7.5,13,1,7,90
7.5,13,1,8,90
7.5,13,1,9,91
7.5,13,1,10,91
7.5,13,1,11,92
7.5,13,1,12,92
7.5,13,1,13,92
7.5,13,1,14,93
7.5,13,1,15,93
7.5,13,2,0,88
7.5,13,2,1,88
7.5,13,2,2,88
7.5,13,2,3,89
7.5,13,2,4,89
7.5,13,2,5,90
7.5,13,2,6,90
7.5,13,2,7,91
7.5,13,2,8,91
7.5,13,2,9,91
7.5,13,2,10,92
7.5,13,2,11,92
7.5,13,2,12,93
7.5,13,2,13,93
7.5,13,2,14,93
7.5,13,2,15,94
7.5,13,3,0,88
7.5,13,3,1,89
7.5,13,3,2,89
7.5,13,3,3,89
7.5,13,3,4,90
7.5,13,3,5,90
7.5,13,3,6,91
7.5,13,3,7,91
7.5,13,3,8,92
7.5,13,3,9,92
7.5,13,3,10,92
7.5,13,3,11,93
7.5,13,3,12,93
7.5,13,3,13,94
7.5,13,3,14,94
7.5,13,3,15,94
7.5,13,4,0,89
7.5,13,4,1,89
7.5,13,4,2,89
7.5,13,4,3,90
7.5,13,4,4,90
7.5,13,4,5,91
7.5,13,4,6,91
7.5,13,4,7,92
7.5,13,4,8,92
7.5,13,4,9,92
7.5,13,4,10,93
7.5,13,4,11,93
7.5,13,4,12,94
7.5,13,4,13,94
7.5,13,4,14,95
7.5,13,4,15,95
7.5,13,5,0,89
7.5,13,5,1,90
7.5,13,5,2,90
7.5,13,5,3,90
7.5,13,5,4,91
7.5,13,5,5,91
7.5,13,5,6,92
7.5,13,5,7,92
7.5,13,5,8,93
7.5,13,5,9,93
7.5,13,5,10,93
7.5,13,5,11,94
7.5,13,5,12,94
7.5,13,5,13,95
7.5,13,5,14,95
7.5,13,5,15,95
7.5,13,6,0,90
7.5,13,6,1,90
7.5,13,6,2,91
7.5,13,6,3,91
7.5,13,6,4,91
7.5,13,6,5,92
7.5,13,6,6,92
7.5,13,6,7,93
7.5,13,6,8,93
7.5,13,6,9,94
7.5,13,6,10,94
7.5,13,6,11,94
7.5,13,6,12,95
7.5,13,6,13,95
7.5,13,6,14,96
7.5,13,6,15,96
7.5,13,7,0,90
7.5,13,7,1,91
7.5,13,7,2,91
7.5,13,7,3,91
7.5,13,7,4,92
7.5,13,7,5,92
7.5,13,7,6,93
7.5,13,7,7,93
7.5,13,7,8,94
7.5,13,7,9,94
7.5,13,7,10,94
7.5,13,7,11,95
7.5,13,7,12,95
7.5,13,7,13,96
7.5,13,7,14,96
7.5,13,7,15,97
7.5,13,8,0,91
7.5,13,8,1,91
7.5,13,8,2,92
7.5,13,8,3,92
7.5,13,8,4,92
7.5,13,8,5,93
7.5,13,8,6,93
7.5,13,8,7,94
7.5,13,8,8,94
7.5,13,8,9,95
7.5,13,8,10,95
7.5,13,8,11,95
7.5,13,8,12,96
7.5,13,8,13,96
7.5,13,8,14,97
7.5,13,8,15,97
7.5,13,9,0,91
7.5,13,9,1,92
7.5,13,9,2,92
7.5,13,9,3,92
7.5,13,9,4,93
7.5,13,9,5,93
7.5,13,9,6,94
7.5,13,9,7,94
7.5,13,9,8,95
7.5,13,9,9,95
7.5,13,9,10,96
7.5,13,9,11,96
7.5,13,9,12,96
7.5,13,9,13,97
7.5,13,9,14,97
7.5,13,9,15,98
7.5,13,10,0,92
7.5,13,10,1,92
7.5,13,10,2,93
7.5,13,10,3,93
7.5,13,10,4,93
7.5,13,10,5,94
7.5,13,10,6,94
7.5,13,10,7,95
7.5,13,10,8,95
7.5,13,10,9,96
7.5,13,10,10,96
7.5,13,10,11,96
7.5,13,10,12,97
7.5,13,10,13,97
7.5,13,10,14,98
7.5,13,10,15,98
7.5,13,11,0,92
7.5,13,11,1,93
7.5,13,11,2,93
7.5,13,11,3,93
7.5,13,11,4,94
7.5,13,11,5,94
7.5,13,11,6,95
7.5,13,11,7,95
7.5,13,11,8,96
7.5,13,11,9,96
7.5,13,11,10,97
7.5,13,11,11,97
7.5,13,11,12,97
7.5,13,11,13,98
7.5,13,11,14,98
7.5,13,11,15,99
7.5,13,12,0,93
7.5,13,12,1,93
7.5,13,12,2,94
7.5,13,12,3,94
7.5,13,12,4,94
7.5,13,12,5,95
7.5,13,12,6,95
7.5,13,12,7,96
7.5,13,12,8,96
7.5,13,12,9,97
7.5,13,12,10,97
7.5,13,12,11,98
7.5,13,12,12,98
7.5,13,12,13,98
7.5,13,12,14,99
7.5,13,12,15,99
7.5,13,13,0,93
7.5,13,13,1,94
7.5,13,13,2,94
7.5,13,13,3,94
7.5,13,13,4,95
7.5,13,13,5,95
7.5,13,13,6,96
7.5,13,13,7,96
7.5,13,13,8,97
7.5,13,13,9,97
7.5,13,13,10,98
7.5,13,13,11,98
7.5,13,13,12,98
7.5,13,13,13,99
7.5,13,13,14,99
7.5,13,13,15,100
7.5,13,14,0,94
7.5,13,14,1,94
7.5,13,14,2,95
7.5,13,14,3,95
7.5,13,14,4,95
7.5,13,14,5,96
7.5,13,14,6,96
7.5,13,14,7,97
7.5,13,14,8,97
7.5,13,14,9,98
7.5,13,14,10,98
7.5,13,14,11,99
7.5,13,14,12,99
7.5,13,14,13,99
7.5,13,14,14,100
7.5,13,14,15,100
7.5,13,15,0,94
7.5,13,15,1,95
7.5,13,15,2,95
7.5,13,15,3,95
7.5,13,15,4,96
7.5,13,15,5,96
7.5,13,15,6,97
7.5,13,15,7,97
7.5,13,15,8,98
7.5,13,15,9,98
7.5,13,15,10,99
7.5,13,15,11,99
7.5,13,15,12,99
7.5,13,15,13,100
7.5,13,15,14,100
7.5,13,15,15,101
7.5,14,0,0,88
7.5,14,0,1,88
7.5,14,0,2,89
7.5,14,0,3,89
7.5,14,0,4,89
7.5,14,0,5,90
7.5,14,0,6,90
7.5,14,0,7,91
7.5,14,0,8,91
7.5,14,0,9,92
7.5,14,0,10,92
7.5,14,0,11,92
7.5,14,0,12,93
7.5,14,0,13,93
7.5,14,0,14,94
7.5,14,0,15,94
7.5,14,1,0,88
7.5,14,1,1,89
7.5,14,1,2,89
7.5,14,1,3,90
7.5,14,1,4,90
7.5,14,1,5,90
7.5,14,1,6,91
7.5,14,1,7,91
7.5,14,1,8,92
7.5,14,1,9,92
7.5,14,1,10,93
7.5,14,1,11,93
7.5,14,1,12,93
7.5,14,1,13,94
7.5,14,1,14,94
7.5,14,1,15,95
7.5,14,2,0,89
7.5,14,2,1,89
7.5,14,2,2,90
7.5,14,2,3,90
7.5,14,2,4,91
7.5,14,2,5,91
7.5,14,2,6,91
7.5,14,2,7,92
7.5,14,2,8,92
7.5,14,2,9,93
7.5,14,2,10,93
7.5,14,2,11,93
7.5,14,2,12,94
7.5,14,2,13,94
7.5,14,2,14,95
7.5,14,2,15,95
7.5,14,3,0,89
7.5,14,3,1,90
7.5,14,3,2,90
7.5,14,3,3,91
7.5,14,3,4,91
7.5,14,3,5,91
7.5,14,3,6,92
7.5,14,3,7,92
7.5,14,3,8,93
7.5,14,3,9,93
7.5,14,3,10,94
7.5,14,3,11,94
7.5,14,3,12,94
7.5,14,3,13,95
7.5,14,3,14,95
7.5,14,3,15,96
7.5,14,4,0,90
7.5,14,4,1,90
7.5,14,4,2,91
7.5,14,4,3,91
7.5,14,4,4,92
7.5,14,4,5,92
7.5,14,4,6,92
7.5,14,4,7,93
7.5,14,4,8,93
7.5,14,4,9,94
7.5,14,4,10,94
7.5,14,4,11,95
7.5,14,4,12,95
7.5,14,4,13,95
7.5,14,4,14,96
7.5,14,4,15,96
7.5,14,5,0,90
7.5,14,5,1,91
7.5,14,5,2,91
7.5,14,5,3,92
7.5,14,5,4,92
7.5,14,5,5,93
7.5,14,5,6,93
7.5,14,5,7,93
7.5,14,5,8,94
7.5,14,5,9,94
7.5,14,5,10,95
7.5,14,5,11,95
7.5,14,5,12,96
7.5,14,5,13,96
7.5,14,5,14,96
7.5,14,5,15,97
7.5,14,6,0,91
7.5,14,6,1,91
7.5,14,6,2,92
7.5,14,6,3,92
7.5,14,6,4,93
7.5,14,6,5,93
7.5,14,6,6,94
7.5,14,6,7,94
7.5,14,6,8,94
7.5,14,6,9,95
7.5,14,6,10,95
7.5,14,6,11,96
7.5,14,6,12,96
7.5,14,6,13,97
7.5,14,6,14,97
7.5,14,6,15,97
7.5,14,7,0,91
7.5,14,7,1,92
7.5,14,7,2,92
7.5,14,7,3,93
7.5,14,7,4,93
7.5,14,7,5,94
7.5,14,7,6,94
7.5,14,7,7,94
7.5,14,7,8,95
7.5,14,7,9,95
7.5,14,7,10,96
7.5,14,7,11,96
7.5,14,7,12,97
7.5,14,7,13,97
7.5,14,7,14,97
7.5,14,7,15,98
7.5,14,8,0,92
7.5,14,8,1,92
7.5,14,8,2,93
7.5,14,8,3,93
7.5,14,8,4,94
7.5,14,8,5,94
7.5,14,8,6,95
7.5,14,8,7,95
7.5,14,8,8,95
7.5,14,8,9,96
7.5,14,8,10,96
7.5,14,8,11,97
7.5,14,8,12,97
7.5,14,8,13,98
7.5,14,8,14,98
7.5,14,8,15,98
7.5,14,9,0,92
7.5,14,9,1,93
7.5,14,9,2,93
7.5,14,9,3,94
7.5,14,9,4,94
7.5,14,9,5,95
7.5,14,9,6,95
7.5,14,9,7,96
7.5,14,9,8,96
7.5,14,9,9,96
7.5,14,9,10,97
7.5,14,9,11,97
7.5,14,9,12,98
7.5,14,9,13,98
7.5,14,9,14,99
7.5,14,9,15,99
7.5,14,10,0,93
7.5,14,10,1,93
7.5,14,10,2,94
7.5,14,10,3,94
7.5,14,10,4,95
7.5,14,10,5,95
7.5,14,10,6,96
7.5,14,10,7,96
7.5,14,10,8,97
7.5,14,10,9,97
7.5,14,10,10,97
7.5,14,10,11,98
7.5,14,10,12,98
7.5,14,10,13,99
7.5,14,10,14,99
7.5,14,10,15,100
7.5,14,11,0,93
7.5,14,11,1,94
7.5,14,11,2,94
7.5,14,11,3,95
7.5,14,11,4,95
7.5,14,11,5,96
7.5,14,11,6,96
7.5,14,11,7,97
7.5,14,11,8,97
7.5,14,11,9,97
7.5,14,11,10,98
7.5,14,11,11,98
7.5,14,11,12,99
7.5,14,11,13,99
7.5,14,11,14,100
7.5,14,11,15,100
7.5,14,12,0,94
7.5,14,12,1,94
7.5,14,12,2,95
7.5,14,12,3,95
7.5,14,12,4,96
7.5,14,12,5,96
7.5,14,12,6,97
7.5,14,12,7,97
7.5,14,12,8,98
7.5,14,12,9,98
7.5,14,12,10,98
7.5,14,12,11,99
7.5,14,12,12,99
7.5,14,12,13,100
7.5,14,12,14,100
7.5,14,12,15,101
7.5,14,13,0,94
7.5,14,13,1,95
7.5,14,13,2,95
7.5,14,13,3,96
7.5,14,13,4,96
7.5,14,13,5,97
7.5,14,13,6,97
7.5,14,13,7,98
7.5,14,13,8,98
7.5,14,13,9,98
7.5,14,13,10,99
7.5,14,13,11,99
7.5,14,13,12,100
7.5,14,13,13,100
7.5,14,13,14,101
7.5,14,13,15,101
7.5,14,14,0,95
7.5,14,14,1,95
7.5,14,14,2,96
7.5,14,14,3,96
7.5,14,14,4,97
7.5,14,14,5,97
7.5,14,14,6,98
7.5,14,14,7,98
7.5,14,14,8,99
7.5,14,14,9,99
7.5,14,14,10,99
7.5,14,14,11,100
7.5,14,14,12,100
7.5,14,14,13,101
7.5,14,14,14,101
7.5,14,14,15,102
7.5,14,15,0,95
7.5,14,15,1,96
7.5,14,15,2,96
7.5,14,15,3,97
7.5,14,15,4,97
7.5,14,15,5,98
7.5,14,15,6,98
7.5,14,15,7,99
7.5,14,15,8,99
7.5,14,15,9,100
7.5,14,15,10,100
7.5,14,15,11,100
7.5,14,15,12,101
7.5,14,15,13,101
7.5,14,15,14,102
7.5,14,15,15,102
7.5,15,0,0,89
7.5,15,0,1,89
7.5,15,0,2,90
7.5,15,0,3,90
7.5,15,0,4,91
7.5,15,0,5,91
7.5,15,0,6,92
7.5,15,0,7,92
7.5,15,0,8,92
7.5,15,0,9,93
7.5,15,0,10,93
7.5,15,0,11,94
7.5,15,0,12,94
7.5,15,0,13,94
7.5,15,0,14,95
7.5,15,0,15,95
7.5,15,1,0,89
7.5,15,1,1,90
7.5,15,1,2,90
7.5,15,1,3,91
7.5,15,1,4,91
7.5,15,1,5,92
7.5,15,1,6,92
7.5,15,1,7,93
7.5,15,1,8,93
7.5,15,1,9,93
7.5,15,1,10,94
7.5,15,1,11,94
7.5,15,1,12,95
7.5,15,1,13,95
7.5,15,1,14,95
7.5,15,1,15,96
7.5,15,2,0,90
7.5,15,2,1,90
7.5,15,2,2,91
7.5,15,2,3,91
7.5,15,2,4,92
7.5,15,2,5,92
7.5,15,2,6,93
7.5,15,2,7,93
7.5,15,2,8,94
7.5,15,2,9,94
7.5,15,2,10,94
7.5,15,2,11,95
7.5,15,2,12,95
7.5,15,2,13,96
7.5,15,2,14,96
7.5,15,2,15,96
7.5,15,3,0,91
7.5,15,3,1,91
7.5,15,3,2,91
7.5,15,3,3,92
7.5,15,3,4,92
7.5,15,3,5,93
7.5,15,3,6,93
7.5,15,3,7,94
7.5,15,3,8,94
7.5,15,3,9,94
7.5,15,3,10,95
7.5,15,3,11,95
7.5,15,3,12,96
7.5,15,3,13,96
7.5,15,3,14,97
7.5,15,3,15,97
7.5,15,4,0,91
7.5,15,4,1,92
7.5,15,4,2,92
7.5,15,4,3,92
7.5,15,4,4,93
7.5,15,4,5,93
7.5,15,4,6,94
7.5,15,4,7,94
7.5,15,4,8,95
7.5,15,4,9,95
7.5,15,4,10,95
7.5,15,4,11,96
7.5,15,4,12,96
7.5,15,4,13,97
7.5,15,4,14,97
7.5,15,4,15,98
7.5,15,5,0,92
7.5,15,5,1,92
7.5,15,5,2,93
7.5,15,5,3,93
7.5,15,5,4,93
7.5,15,5,5,94
7.5,15,5,6,94
7.5,15,5,7,95
7.5,15,5,8,95
7.5,15,5,9,96
7.5,15,5,10,96
7.5,15,5,11,96
7.5,15,5,12,97
7.5,15,5,13,97
7.5,15,5,14,98
7.5,15,5,15,98
7.5,15,6,0,92
7.5,15,6,1,93
7.5,15,6,2,93
7.5,15,6,3,93
7.5,15,6,4,94
7.5,15,6,5,94
7.5,15,6,6,95
7.5,15,6,7,95
7.5,15,6,8,96
7.5,15,6,9,96
7.5,15,6,10,97
7.5,15,6,11,97
7.5,15,6,12,97
7.5,15,6,13,98
7.5,15,6,14,98
7.5,15,6,15,99
7.5,15,7,0,93
7.5,15,7,1,93
7.5,15,7,2,94
7.5,15,7,3,94
7.5,15,7,4,94
7.5,15,7,5,95
7.5,15,7,6,95
7.5,15,7,7,96
7.5,15,7,8,96
7.5,15,7,9,97
7.5,15,7,10,97
7.5,15,7,11,98
7.5,15,7,12,98
7.5,15,7,13,98
7.5,15,7,14,99
7.5,15,7,15,99
7.5,15,8,0,93
7.5,15,8,1,94
7.5,15,8,2,94
7.5,15,8,3,95
7.5,15,8,4,95
7.5,15,8,5,95
7.5,15,8,6,96
7.5,15,8,7,96
7.5,15,8,8,97
7.5,15,8,9,97
7.5,15,8,10,98
7.5,15,8,11,98
7.5,15,8,12,99
7.5,15,8,13,99
7.5,15,8,14,99
7.5,15,8,15,100
7.5,15,9,0,94
7.5,15,9,1,94
7.5,15,9,2,95
7.5,15,9,3,95
7.5,15,9,4,96
7.5,15,9,5,96
7.5,15,9,6,96
7.5,15,9,7,97
7.5,15,9,8,97
7.5,15,9,9,98
7.5,15,9,10,98
7.5,15,9,11,99
7.5,15,9,12,99
7.5,15,9,13,99
7.5,15,9,14,100
7.5,15,9,15,100
7.5,15,10,0,94
7.5,15,10,1,95
7.5,15,10,2,95
7.5,15,10,3,96
7.5,15,10,4,96
7.5,15,10,5,96
7.5,15,10,6,97
7.5,15,10,7,97
7.5,15,10,8,98
7.5,15,10,9,98
7.5,15,10,10,99
7.5,15,10,11,99
7.5,15,10,12,100
7.5,15,10,13,100
7.5,15,10,14,100
7.5,15,10,15,101
7.5,15,11,0,95
7.5,15,11,1,95
7.5,15,11,2,96
7.5,15,11,3,96
7.5,15,11,4,97
7.5,15,11,5,97
7.5,15,11,6,97
7.5,15,11,7,98
7.5,15,11,8,98
7.5,15,11,9,99
7.5,15,11,10,99
7.5,15,11,11,100
7.5,15,11,12,100
7.5,15,11,13,101
7.5,15,11,14,101
7.5,15,11,15,101
7.5,15,12,0,95
7.5,15,12,1,96
7.5,15,12,2,96
7.5,15,12,3,97
7.5,15,12,4,97
7.5,15,12,5,98
7.5,15,12,6,98
7.5,15,12,7,98
7.5,15,12,8,99
7.5,15,12,9,99
7.5,15,12,10,100
7.5,15,12,11,100
7.5,15,12,12,101
7.5,15,12,13,101
7.5,15,12,14,102
7.5,15,12,15,102
7.5,15,13,0,96
7.5,15,13,1,96
7.5,15,13,2,97
7.5,15,13,3,97
7.5,15,13,4,98
7.5,15,13,5,98
7.5,15,13,6,98
7.5,15,13,7,99
7.5,15,13,8,99
7.5,15,13,9,100
7.5,15,13,10,100
7.5,15,13,11,101
7.5,15,13,12,101
7.5,15,13,13,102
7.5,15,13,14,102
7.5,15,13,15,103
7.5,15,14,0,96
7.5,15,14,1,97
7.5,15,14,2,97
7.5,15,14,3,98
7.5,15,14,4,98
7.5,15,14,5,99
7.5,15,14,6,99
7.5,15,14,7,99
7.5,15,14,8,100
7.5,15,14,9,100
7.5,15,14,10,101
7.5,15,14,11,101
7.5,15,14,12,102
7.5,15,14,13,102
7.5,15,14,14,103
7.5,15,14,15,103
7.5,15,15,0,97
7.5,15,15,1,97
7.5,15,15,2,98
7.5,15,15,3,98
7.5,15,15,4,99
7.5,15,15,5,99
7.5,15,15,6,100
7.5,15,15,7,100
7.5,15,15,8,100
7.5,15,15,9,101
7.5,15,15,10,101
7.5,15,15,11,102
7.5,15,15,12,102
7.5,15,15,13,103
7.5,15,15,14,103
7.5,15,15,15,104
8.0,0,0,0,76
8.0,0,0,1,76
8.0,0,0,2,77
8.0,0,0,3,77
8.0,0,0,4,77
8.0,0,0,5,78
8.0,0,0,6,78
8.0,0,0,7,79
8.0,0,0,8,79
8.0,0,0,9,79
8.0,0,0,10,80
8.0,0,0,11,80
8.0,0,0,12,80
8.0,0,0,13,81
8.0,0,0,14,81
8.0,0,0,15,81
8.0,0,1,0,76
8.0,0,1,1,77
8.0,0,1,2,77
8.0,0,1,3,78
8.0,0,1,4,78
8.0,0,1,5,78
8.0,0,1,6,79
8.0,0,1,7,79
8.0,0,1,8,79
8.0,0,1,9,80
8.0,0,1,10,80
8.0,0,1,11,80
8.0,0,1,12,81
8.0,0,1,13,81
8.0,0,1,14,82
8.0,0,1,15,82
8.0,0,2,0,77
8.0,0,2,1,77
8.0,0,2,2,78
8.0,0,2,3,78
8.0,0,2,4,78
8.0,0,2,5,79
8.0,0,2,6,79
8.0,0,2,7,79
8.0,0,2,8,80
8.0,0,2,9,80
8.0,0,2,10,81
8.0,0,2,11,81
8.0,0,2,12,81
8.0,0,2,13,82
8.0,0,2,14,82
8.0,0,2,15,82
8.0,0,3,0,77
8.0,0,3,1,78
8.0,0,3,2,78
8.0,0,3,3,78
8.0,0,3,4,79
8.0,0,3,5,79
8.0,0,3,6,80
8.0,0,3,7,80
8.0,0,3,8,80
8.0,0,3,9,81
8.0,0,3,10,81
8.0,0,3,11,81
8.0,0,3,12,82
8.0,0,3,13,82
8.0,0,3,14,82
8.0,0,3,15,83
8.0,0,4,0,78
8.0,0,4,1,78
8.0,0,4,2,79
8.0,0,4,3,79
8.0,0,4,4,79
8.0,0,4,5,80
8.0,0,4,6,80
8.0,0,4,7,80
8.0,0,4,8,81
8.0,0,4,9,81
8.0,0,4,10,82
8.0,0,4,11,82
8.0,0,4,12,82
8.0,0,4,13,83
8.0,0,4,14,83
8.0,0,4,15,83
8.0,0,5,0,78
8.0,0,5,1,79
8.0,0,5,2,79
8.0,0,5,3,79
8.0,0,5,4,80
8.0,0,5,5,80
8.0,0,5,6,80
8.0,0,5,7,81
8.0,0,5,8,81
8.0,0,5,9,82
8.0,0,5,10,82
8.0,0,5,11,82
8.0,0,5,12,83
8.0,0,5,13,83
8.0,0,5,14,83
8.0,0,5,15,84
8.0,0,6,0,79
8.0,0,6,1,79
8.0,0,6,2,79
8.0,0,6,3,80
8.0,0,6,4,80
8.0,0,6,5,81
8.0,0,6,6,81
8.0,0,6,7,81
8.0,0,6,8,82
8.0,0,6,9,82
8.0,0,6,10,82
8.0,0,6,11,83
8.0,0,6,12,83
8.0,0,6,13,84
8.0,0,6,14,84
8.0,0,6,15,84
8.0,0,7,0,79
8.0,0,7,1,79
8.0,0,7,2,80
8.0,0,7,3,80
8.0,0,7,4,81
8.0,0,7,5,81
8.0,0,7,6,81
8.0,0,7,7,82
8.0,0,7,8,82
8.0,0,7,9,83
8.0,0,7,10,83
8.0,0,7,11,83
8.0,0,7,12,84
8.0,0,7,13,84
8.0,0,7,14,84
8.0,0,7,15,85
8.0,0,8,0,80
8.0,0,8,1,80
8.0,0,8,2,80
8.0,0,8,3,81
8.0,0,8,4,81
8.0,0,8,5,81
8.0,0,8,6,82
8.0,0,8,7,82
8.0,0,8,8,83
8.0,0,8,9,83
8.0,0,8,10,83
8.0,0,8,11,84
8.0,0,8,12,84
8.0,0,8,13,84
8.0,0,8,14,85
8.0,0,8,15,85
8.0,0,9,0,80
8.0,0,9,1,80
8.0,0,9,2,81
8.0,0,9,3,81
8.0,0,9,4,82
8.0,0,9,5,82
8.0,0,9,6,82
8.0,0,9,7,83
8.0,0,9,8,83
8.0,0,9,9,83
8.0,0,9,10,84
8.0,0,9,11,84
8.0,0,9,12,85
8.0,0,9,13,85
8.0,0,9,14,85
8.0,0,9,15,86
8.0,0,10,0,80
8.0,0,10,1,81
8.0,0,10,2,81
8.0,0,10,3,82
8.0,0,10,4,82
8.0,0,10,5,82
8.0,0,10,6,83
8.0,0,10,7,83
8.0,0,10,8,84
8.0,0,10,9,84
8.0,0,10,10,84
8.0,0,10,11,85
8.0,0,10,12,85
8.0,0,10,13,85
8.0,0,10,14,86
8.0,0,10,15,86
8.0,0,11,0,81
8.0,0,11,1,81
8.0,0,11,2,82
8.0,0,11,3,82
8.0,0,11,4,82
8.0,0,11,5,83
8.0,0,11,6,83
8.0,0,11,7,84
8.0,0,11,8,84
8.0,0,11,9,84
8.0,0,11,10,85
8.0,0,11,11,85
8.0,0,11,12,85
8.0,0,11,13,86
8.0,0,11,14,86
8.0,0,11,15,87
8.0,0,12,0,81
8.0,0,12,1,82
8.0,0,12,2,82
8.0,0,12,3,82
8.0,0,12,4,83
8.0,0,12,5,83
8.0,0,12,6,84
8.0,0,12,7,84
8.0,0,12,8,84
8.0,0,12,9,85
8.0,0,12,10,85
8.0,0,12,11,86
8.0,0,12,12,86
8.0,0,12,13,86
8.0,0,12,14,87
8.0,0,12,15,87
8.0,0,13,0,82
8.0,0,13,1,82
8.0,0,13,2,83
8.0,0,13,3,83
8.0,0,13,4,83
8.0,0,13,5,84
8.0,0,13,6,84
8.0,0,13,7,84
8.0,0,13,8,85
8.0,0,13,9,85
8.0,0,13,10,86
8.0,0,13,11,86
8.0,0,13,12,86
8.0,0,13,13,87
8.0,0,13,14,87
8.0,0,13,15,88
8.0,0,14,0,82
8.0,0,14,1,83
8.0,0,14,2,83
8.0,0,14,3,83
8.0,0,14,4,84
8.0,0,14,5,84
8.0,0,14,6,85
8.0,0,14,7,85
8.0,0,14,8,85
8.0,0,14,9,86
8.0,0,14,10,86
8.0,0,14,11,86
8.0,0,14,12,87
8.0,0,14,13,87
8.0,0,14,14,88
8.0,0,14,15,88
8.0,0,15,0,83
8.0,0,15,1,83
8.0,0,15,2,83
8.0,0,15,3,84
8.0,0,15,4,84
8.0,0,15,5,85
8.0,0,15,6,85
8.0,0,15,7,85
8.0,0,15,8,86
8.0,0,15,9,86
8.0,0,15,10,87
8.0,0,15,11,87
8.0,0,15,12,87
8.0,0,15,13,88
8.0,0,15,14,88
8.0,0,15,15,88
8.0,1,0,0,77
8.0,1,0,1,78
8.0,1,0,2,78
8.0,1,0,3,78
8.0,1,0,4,79
8.0,1,0,5,79
8.0,1,0,6,79
8.0,1,0,7,80
8.0,1,0,8,80
8.0,1,0,9,81
8.0,1,0,10,81
8.0,1,0,11,81
8.0,1,0,12,82
8.0,1,0,13,82
8.0,1,0,14,82
8.0,1,0,15,83
8.0,1,1,0,78
8.0,1,1,1,78
8.0,1,1,2,78
8.0,1,1,3,79
8.0,1,1,4,79
8.0,1,1,5,80
8.0,1,1,6,80
8.0,1,1,7,80
8.0,1,1,8,81
8.0,1,1,9,81
8.0,1,1,10,81
8.0,1,1,11,82
8.0,1,1,12,82
8.0,1,1,13,83
8.0,1,1,14,83
8.0,1,1,15,83
8.0,1,2,0,78
8.0,1,2,1,79
8.0,1,2,2,79
8.0,1,2,3,79
8.0,1,2,4,80
8.0,1,2,5,80
8.0,1,2,6,80
8.0,1,2,7,81
8.0,1,2,8,81
8.0,1,2,9,82
8.0,1,2,10,82
8.0,1,2,11,82
8.0,1,2,12,83
8.0,1,2,13,83
8.0,1,2,14,83
8.0,1,2,15,84
8.0,1,3,0,79
8.0,1,3,1,79
8.0,1,3,2,79
8.0,1,3,3,80
8.0,1,3,4,80
8.0,1,3,5,81
8.0,1,3,6,81
8.0,1,3,7,81
8.0,1,3,8,82
8.0,1,3,9,82
8.0,1,3,10,82
8.0,1,3,11,83
8.0,1,3,12,83
8.0,1,3,13,84
8.0,1,3,14,84
8.0,1,3,15,84
8.0,1,4,0,79
8.0,1,4,1,79
8.0,1,4,2,80
8.0,1,4,3,80
8.0,1,4,4,81
8.0,1,4,5,81
8.0,1,4,6,81
8.0,1,4,7,82
8.0,1,4,8,82
8.0,1,4,9,83
8.0,1,4,10,83
8.0,1,4,11,83
8.0,1,4,12,84
8.0,1,4,13,84
8.0,1,4,14,84
8.0,1,4,15,85
8.0,1,5,0,80
8.0,1,5,1,80
8.0,1,5,2,80
8.0,1,5,3,81
8.0,1,5,4,81
8.0,1,5,5,81
8.0,1,5,6,82
8.0,1,5,7,82
8.0,1,5,8,83
8.0,1,5,9,83
8.0,1,5,10,83
8.0,1,5,11,84
8.0,1,5,12,84
8.0,1,5,13,84
8.0,1,5,14,85
8.0,1,5,15,85
8.0,1,6,0,80
8.0,1,6,1,80
8.0,1,6,2,81
8.0,1,6,3,81
8.0,1,6,4,82
8.0,1,6,5,82
8.0,1,6,6,82
8.0,1,6,7,83
8.0,1,6,8,83
8.0,1,6,9,83
8.0,1,6,10,84
8.0,1,6,11,84
8.0,1,6,12,85
8.0,1,6,13,85
8.0,1,6,14,85
8.0,1,6,15,86
8.0,1,7,0,80
8.0,1,7,1,81
8.0,1,7,2,81
8.0,1,7,3,82
8.0,1,7,4,82
8.0,1,7,5,82
8.0,1,7,6,83
8.0,1,7,7,83
8.0,1,7,8,84
8.0,1,7,9,84
8.0,1,7,10,84
8.0,1,7,11,85
8.0,1,7,12,85
8.0,1,7,13,85
8.0,1,7,14,86
8.0,1,7,15,86
8.0,1,8,0,81
8.0,1,8,1,81
8.0,1,8,2,82
8.0,1,8,3,82
8.0,1,8,4,82
8.0,1,8,5,83
8.0,1,8,6,83
8.0,1,8,7,84
8.0,1,8,8,84
8.0,1,8,9,84
8.0,1,8,10,85
8.0,1,8,11,85
8.0,1,8,12,86
8.0,1,8,13,86
8.0,1,8,14,86
8.0,1,8,15,87
8.0,1,9,0,81
8.0,1,9,1,82
8.0,1,9,2,82
8.0,1,9,3,83
8.0,1,9,4,83
8.0,1,9,5,83
8.0,1,9,6,84
8.0,1,9,7,84
8.0,1,9,8,84
8.0,1,9,9,85
8.0,1,9,10,85
8.0,1,9,11,86
8.0,1,9,12,86
8.0,1,9,13,86
8.0,1,9,14,87
8.0,1,9,15,87
8.0,1,10,0,82
8.0,1,10,1,82
8.0,1,10,2,83
8.0,1,10,3,83
8.0,1,10,4,83
8.0,1,10,5,84
8.0,1,10,6,84
8.0,1,10,7,85
8.0,1,10,8,85
8.0,1,10,9,85
8.0,1,10,10,86
8.0,1,10,11,86
8.0,1,10,12,86
8.0,1,10,13,87
8.0,1,10,14,87
8.0,1,10,15,88
8.0,1,11,0,82
8.0,1,11,1,83
8.0,1,11,2,83
8.0,1,11,3,83
8.0,1,11,4,84
8.0,1,11,5,84
8.0,1,11,6,85
8.0,1,11,7,85
8.0,1,11,8,85
8.0,1,11,9,86
8.0,1,11,10,86
8.0,1,11,11,87
8.0,1,11,12,87
8.0,1,11,13,87
8.0,1,11,14,88
8.0,1,11,15,88
8.0,1,12,0,83
8.0,1,12,1,83
8.0,1,12,2,83
8.0,1,12,3,84
8.0,1,12,4,84
8.0,1,12,5,85
8.0,1,12,6,85
8.0,1,12,7,85
8.0,1,12,8,86
8.0,1,12,9,86
8.0,1,12,10,87
8.0,1,12,11,87
8.0,1,12,12,87
8.0,1,12,13,88
8.0,1,12,14,88
8.0,1,12,15,89
8.0,1,13,0,83
8.0,1,13,1,84
8.0,1,13,2,84
8.0,1,13,3,84
8.0,1,13,4,85
8.0,1,13,5,85
8.0,1,13,6,86
8.0,1,13,7,86
8.0,1,13,8,86
8.0,1,13,9,87
8.0,1,13,10,87
8.0,1,13,11,87
8.0,1,13,12,88
8.0,1,13,13,88
8.0,1,13,14,89
8.0,1,13,15,89
8.0,1,14,0,84
8.0,1,14,1,84
8.0,1,14,2,84
8.0,1,14,3,85
8.0,1,14,4,85
8.0,1,14,5,86
8.0,1,14,6,86
8.0,1,14,7,86
8.0,1,14,8,87
8.0,1,14,9,87
8.0,1,14,10,88
8.0,1,14,11,88
8.0,1,14,12,88
8.0,1,14,13,89
8.0,1,14,14,89
8.0,1,14,15,89
8.0,1,15,0,84
8.0,1,15,1,84
8.0,1,15,2,85
8.0,1,15,3,85
8.0,1,15,4,86
8.0,1,15,5,86
8.0,1,15,6,86
8.0,1,15,7,87
8.0,1,15,8,87
8.0,1,15,9,88
8.0,1,15,10,88
8.0,1,15,11,88
8.0,1,15,12,89
8.0,1,15,13,89
8.0,1,15,14,90
8.0,1,15,15,90
8.0,2,0,0,79
8.0,2,0,1,79
8.0,2,0,2,79
8.0,2,0,3,80
8.0,2,0,4,80
8.0,2,0,5,80
8.0,2,0,6,81
8.0,2,0,7,81
8.0,2,0,8,82
8.0,2,0,9,82
8.0,2,0,10,82
8.0,2,0,11,83
8.0,2,0,12,83
8.0,2,0,13,83
8.0,2,0,14,84
8.0,2,0,15,84
8.0,2,1,0,79
8.0,2,1,1,79
8.0,2,1,2,80
8.0,2,1,3,80
8.0,2,1,4,81
8.0,2,1,5,81
8.0,2,1,6,81
8.0,2,1,7,82
8.0,2,1,8,82
8.0,2,1,9,82
8.0,2,1,10,83
8.0,2,1,11,83
8.0,2,1,12,84
8.0,2,1,13,84
8.0,2,1,14,84
8.0,2,1,15,85
8.0,2,2,0,79
8.0,2,2,1,80
8.0,2,2,2,80
8.0,2,2,3,81
8.0,2,2,4,81
8.0,2,2,5,81
8.0,2,2,6,82
8.0,2,2,7,82
8.0,2,2,8,83
8.0,2,2,9,83
8.0,2,2,10,83
8.0,2,2,11,84
8.0,2,2,12,84
8.0,2,2,13,84
8.0,2,2,14,85
8.0,2,2,15,85
8.0,2,3,0,80
8.0,2,3,1,80
8.0,2,3,2,81
8.0,2,3,3,81
8.0,2,3,4,82
8.0,2,3,5,82
8.0,2,3,6,82
8.0,2,3,7,83
8.0,2,3,8,83
8.0,2,3,9,83
8.0,2,3,10,84
8.0,2,3,11,84
8.0,2,3,12,85
8.0,2,3,13,85
8.0,2,3,14,85
8.0,2,3,15,86
8.0,2,4,0,80
8.0,2,4,1,81
8.0,2,4,2,81
8.0,2,4,3,82
8.0,2,4,4,82
8.0,2,4,5,82
8.0,2,4,6,83
8.0,2,4,7,83
8.0,2,4,8,84
8.0,2,4,9,84
8.0,2,4,10,84
8.0,2,4,11,85
8.0,2,4,12,85
8.0,2,4,13,85
8.0,2,4,14,86
8.0,2,4,15,86
8.0,2,5,0,81
8.0,2,5,1,81
8.0,2,5,2,82
8.0,2,5,3,82
8.0,2,5,4,82
8.0,2,5,5,83
8.0,2,5,6,83
8.0,2,5,7,84
8.0,2,5,8,84
8.0,2,5,9,84
8.0,2,5,10,85
8.0,2,5,11,85
8.0,2,5,12,86
8.0,2,5,13,86
8.0,2,5,14,86
8.0,2,5,15,87
8.0,2,6,0,81
8.0,2,6,1,82
8.0,2,6,2,82
8.0,2,6,3,83
8.0,2,6,4,83
8.0,2,6,5,83
8.0,2,6,6,84
8.0,2,6,7,84
8.0,2,6,8,84
8.0,2,6,9,85
8.0,2,6,10,85
8.0,2,6,11,86
8.0,2,6,12,86
8.0,2,6,13,86
8.0,2,6,14,87
8.0,2,6,15,87
8.0,2,7,0,82
8.0,2,7,1,82
8.0,2,7,2,83
8.0,2,7,3,83
8.0,2,7,4,83
8.0,2,7,5,84
8.0,2,7,6,84
8.0,2,7,7,85
8.0,2,7,8,85
8.0,2,7,9,85
8.0,2,7,10,86
8.0,2,7,11,86
8.0,2,7,12,86
8.0,2,7,13,87
8.0,2,7,14,87
8.0,2,7,15,88
8.0,2,8,0,82
8.0,2,8,1,83
8.0,2,8,2,83
8.0,2,8,3,83
8.0,2,8,4,84
8.0,2,8,5,84
8.0,2,8,6,85
8.0,2,8,7,85
8.0,2,8,8,85
8.0,2,8,9,86
8.0,2,8,10,86
8.0,2,8,11,87
8.0,2,8,12,87
8.0,2,8,13,87
8.0,2,8,14,88
8.0,2,8,15,88
8.0,2,9,0,83
8.0,2,9,1,83
8.0,2,9,2,84
8.0,2,9,3,84
8.0,2,9,4,84
8.0,2,9,5,85
8.0,2,9,6,85
8.0,2,9,7,86
8.0,2,9,8,86
8.0,2,9,9,86
8.0,2,9,10,87
8.0,2,9,11,87
8.0,2,9,12,87
8.0,2,9,13,88
8.0,2,9,14,88
8.0,2,9,15,89
8.0,2,10,0,83
8.0,2,10,1,84
8.0,2,10,2,84
8.0,2,10,3,84
8.0,2,10,4,85
8.0,2,10,5,85
8.0,2,10,6,86
8.0,2,10,7,86
8.0,2,10,8,86
8.0,2,10,9,87
8.0,2,10,10,87
8.0,2,10,11,88
8.0,2,10,12,88
8.0,2,10,13,88
8.0,2,10,14,89
8.0,2,10,15,89
8.0,2,11,0,84
8.0,2,11,1,84
8.0,2,11,2,84
8.0,2,11,3,85
8.0,2,11,4,85
8.0,2,11,5,86
8.0,2,11,6,86
8.0,2,11,7,86
8.0,2,11,8,87
8.0,2,11,9,87
8.0,2,11,10,88
8.0,2,11,11,88
8.0,2,11,12,88
8.0,2,11,13,89
8.0,2,11,14,89
8.0,2,11,15,90
8.0,2,12,0,84
8.0,2,12,1,84
8.0,2,12,2,85
8.0,2,12,3,85
8.0,2,12,4,86
8.0,2,12,5,86
8.0,2,12,6,86
8.0,2,12,7,87
8.0,2,12,8,87
8.0,2,12,9,88
8.0,2,12,10,88
8.0,2,12,11,88
8.0,2,12,12,89
8.0,2,12,13,89
8.0,2,12,14,90
8.0,2,12,15,90
8.0,2,13,0,84
8.0,2,13,1,85
8.0,2,13,2,85
8.0,2,13,3,86
8.0,2,13,4,86
8.0,2,13,5,87
8.0,2,13,6,87
8.0,2,13,7,87
8.0,2,13,8,88
8.0,2,13,9,88
8.0,2,13,10,89
8.0,2,13,11,89
8.0,2,13,12,89
8.0,2,13,13,90
8.0,2,13,14,90
8.0,2,13,15,91
8.0,2,14,0,85
8.0,2,14,1,85
8.0,2,14,2,86
8.0,2,14,3,86
8.0,2,14,4,87
8.0,2,14,5,87
8.0,2,14,6,87
8.0,2,14,7,88
8.0,2,14,8,88
8.0,2,14,9,89
8.0,2,14,10,89
8.0,2,14,11,89
8.0,2,14,12,90
8.0,2,14,13,90
8.0,2,14,14,91
8.0,2,14,15,91
8.0,2,15,0,85
8.0,2,15,1,86
8.0,2,15,2,86
8.0,2,15,3,87
8.0,2,15,4,87
8.0,2,15,5,87
8.0,2,15,6,88
8.0,2,15,7,88
8.0,2,15,8,89
8.0,2,15,9,89
8.0,2,15,10,89
8.0,2,15,11,90
8.0,2,15,12,90
8.0,2,15,13,91
8.0,2,15,14,91
8.0,2,15,15,91
8.0,3,0,0,80
8.0,3,0,1,80
8.0,3,0,2,81
8.0,3,0,3,81
8.0,3,0,4,81
8.0,3,0,5,82
8.0,3,0,6,82
8.0,3,0,7,83
8.0,3,0,8,83
8.0,3,0,9,83
8.0,3,0,10,84
8.0,3,0,11,84
8.0,3,0,12,84
8.0,3,0,13,85
8.0,3,0,14,85
8.0,3,0,15,86
8.0,3,1,0,80
8.0,3,1,1,81
8.0,3,1,2,81
8.0,3,1,3,81
8.0,3,1,4,82
8.0,3,1,5,82
8.0,3,1,6,83
8.0,3,1,7,83
8.0,3,1,8,83
8.0,3,1,9,84
8.0,3,1,10,84
8.0,3,1,11,85
8.0,3,1,12,85
8.0,3,1,13,85
8.0,3,1,14,86
8.0,3,1,15,86
8.0,3,2,0,81
8.0,3,2,1,81
8.0,3,2,2,82
8.0,3,2,3,82
8.0,3,2,4,82
8.0,3,2,5,83
8.0,3,2,6,83
8.0,3,2,7,84
8.0,3,2,8,84
8.0,3,2,9,84
8.0,3,2,10,85
8.0,3,2,11,85
8.0,3,2,12,85
8.0,3,2,13,86
8.0,3,2,14,86
8.0,3,2,15,87
8.0,3,3,0,81
8.0,3,3,1,82
8.0,3,3,2,82
8.0,3,3,3,82
8.0,3,3,4,83
8.0,3,3,5,83
8.0,3,3,6,84
8.0,3,3,7,84
8.0,3,3,8,84
8.0,3,3,9,85
8.0,3,3,10,85
8.0,3,3,11,86
8.0,3,3,12,86
8.0,3,3,13,86
8.0,3,3,14,87
8.0,3,3,15,87
8.0,3,4,0,82
8.0,3,4,1,82
8.0,3,4,2,83
8.0,3,4,3,83
8.0,3,4,4,83
8.0,3,4,5,84
8.0,3,4,6,84
8.0,3,4,7,85
8.0,3,4,8,85
8.0,3,4,9,85
8.0,3,4,10,86
8.0,3,4,11,86
8.0,3,4,12,86
8.0,3,4,13,87
8.0,3,4,14,87
8.0,3,4,15,88
8.0,3,5,0,82
8.0,3,5,1,83
8.0,3,5,2,83
8.0,3,5,3,83
8.0,3,5,4,84
8.0,3,5,5,84
8.0,3,5,6,85
8.0,3,5,7,85
8.0,3,5,8,85
8.0,3,5,9,86
8.0,3,5,10,86
8.0,3,5,11,87
8.0,3,5,12,87
8.0,3,5,13,87
8.0,3,5,14,88
8.0,3,5,15,88
8.0,3,6,0,83
8.0,3,6,1,83
8.0,3,6,2,83
8.0,3,6,3,84
8.0,3,6,4,84
8.0,3,6,5,85
8.0,3,6,6,85
8.0,3,6,7,85
8.0,3,6,8,86
8.0,3,6,9,86
8.0,3,6,10,87
8.0,3,6,11,87
8.0,3,6,12,87
8.0,3,6,13,88
8.0,3,6,14,88
8.0,3,6,15,89
8.0,3,7,0,83
8.0,3,7,1,84
8.0,3,7,2,84
8.0,3,7,3,84
8.0,3,7,4,85
8.0,3,7,5,85
8.0,3,7,6,86
8.0,3,7,7,86
8.0,3,7,8,86
8.0,3,7,9,87
8.0,3,7,10,87
8.0,3,7,11,88
8.0,3,7,12,88
8.0,3,7,13,88
8.0,3,7,14,89
8.0,3,7,15,89
8.0,3,8,0,84
8.0,3,8,1,84
8.0,3,8,2,84
8.0,3,8,3,85
8.0,3,8,4,85
8.0,3,8,5,86
8.0,3,8,6,86
8.0,3,8,7,86
8.0,3,8,8,87
8.0,3,8,9,87
8.0,3,8,10,88
8.0,3,8,11,88
8.0,3,8,12,88
8.0,3,8,13,89
8.0,3,8,14,89
8.0,3,8,15,90
8.0,3,9,0,84
8.0,3,9,1,84
8.0,3,9,2,85
8.0,3,9,3,85
8.0,3,9,4,86
8.0,3,9,5,86
8.0,3,9,6,87
8.0,3,9,7,87
8.0,3,9,8,87
8.0,3,9,9,88
8.0,3,9,10,88
8.0,3,9,11,89
8.0,3,9,12,89
8.0,3,9,13,89
8.0,3,9,14,90
8.0,3,9,15,90
8.0,3,10,0,85
8.0,3,10,1,85
8.0,3,10,2,85
8.0,3,10,3,86
8.0,3,10,4,86
8.0,3,10,5,87
8.0,3,10,6,87
8.0,3,10,7,87
8.0,3,10,8,88
8.0,3,10,9,88
8.0,3,10,10,89
8.0,3,10,11,89
8.0,3,10,12,89
8.0,3,10,13,90
8.0,3,10,14,90
8.0,3,10,15,91
8.0,3,11,0,85
8.0,3,11,1,85
8.0,3,11,2,86
8.0,3,11,3,86
8.0,3,11,4,87
8.0,3,11,5,87
8.0,3,11,6,87
8.0,3,11,7,88
8.0,3,11,8,88
8.0,3,11,9,89
8.0,3,11,10,89
8.0,3,11,11,89
8.0,3,11,12,90
8.0,3,11,13,90
8.0,3,11,14,91
8.0,3,11,15,91
8.0,3,12,0,85
8.0,3,12,1,86
8.0,3,12,2,86
8.0,3,12,3,87
8.0,3,12,4,87
8.0,3,12,5,88
8.0,3,12,6,88
8.0,3,12,7,88
8.0,3,12,8,89
8.0,3,12,9,89
8.0,3,12,10,90
8.0,3,12,11,90
8.0,3,12,12,90
8.0,3,12,13,91
8.0,3,12,14,91
8.0,3,12,15,92
8.0,3,13,0,86
8.0,3,13,1,86
8.0,3,13,2,87
8.0,3,13,3,87
8.0,3,13,4,88
8.0,3,13,5,88
8.0,3,13,6,88
8.0,3,13,7,89
8.0,3,13,8,89
8.0,3,13,9,90
8.0,3,13,10,90
8.0,3,13,11,90
8.0,3,13,12,91
8.0,3,13,13,91
8.0,3,13,14,92
8.0,3,13,15,92
8.0,3,14,0,86
8.0,3,14,1,87
8.0,3,14,2,87
8.0,3,14,3,88
8.0,3,14,4,88
8.0,3,14,5,88
8.0,3,14,6,89
8.0,3,14,7,89
8.0,3,14,8,90
8.0,3,14,9,90
8.0,3,14,10,90
8.0,3,14,11,91
8.0,3,14,12,91
8.0,3,14,13,92
8.0,3,14,14,92
8.0,3,14,15,92
8.0,3,15,0,87
8.0,3,15,1,87
8.0,3,15,2,88
8.0,3,15,3,88
8.0,3,15,4,88
8.0,3,15,5,89
8.0,3,15,6,89
8.0,3,15,7,90
8.0,3,15,8,90
8.0,3,15,9,91
8.0,3,15,10,91
8.0,3,15,11,91
8.0,3,15,12,92
8.0,3,15,13,92
8.0,3,15,14,93
8.0,3,15,15,93
8.0,4,0,0,81
8.0,4,0,1,82
8.0,4,0,2,82
8.0,4,0,3,82
8.0,4,0,4,83
8.0,4,0,5,83
8.0,4,0,6,83
8.0,4,0,7,84
8.0,4,0,8,84
8.0,4,0,9,85
8.0,4,0,10,85
8.0,4,0,11,85
8.0,4,0,12,86
8.0,4,0,13,86
8.0,4,0,14,87
8.0,4,0,15,87
8.0,4,1,0,82
8.0,4,1,1,82
8.0,4,1,2,82
8.0,4,1,3,83
8.0,4,1,4,83
8.0,4,1,5,84
8.0,4,1,6,84
8.0,4,1,7,84
8.0,4,1,8,85
8.0,4,1,9,85
8.0,4,1,10,86
8.0,4,1,11,86
8.0,4,1,12,86
8.0,4,1,13,87
8.0,4,1,14,87
8.0,4,1,15,87
8.0,4,2,0,82
8.0,4,2,1,82
8.0,4,2,2,83
8.0,4,2,3,83
8.0,4,2,4,84
8.0,4,2,5,84
8.0,4,2,6,84
8.0,4,2,7,85
8.0,4,2,8,85
8.0,4,2,9,86
8.0,4,2,10,86
8.0,4,2,11,86
8.0,4,2,12,87
8.0,4,2,13,87
8.0,4,2,14,88
8.0,4,2,15,88
8.0,4,3,0,83
8.0,4,3,1,83
8.0,4,3,2,83
8.0,4,3,3,84
8.0,4,3,4,84
8.0,4,3,5,85
8.0,4,3,6,85
8.0,4,3,7,85
8.0,4,3,8,86
8.0,4,3,9,86
8.0,4,3,10,87
8.0,4,3,11,87
8.0,4,3,12,87
8.0,4,3,13,88
8.0,4,3,14,88
8.0,4,3,15,88
8.0,4,4,0,83
8.0,4,4,1,83
8.0,4,4,2,84
8.0,4,4,3,84
8.0,4,4,4,85
8.0,4,4,5,85
8.0,4,4,6,85
8.0,4,4,7,86
8.0,4,4,8,86
8.0,4,4,9,87
8.0,4,4,10,87
8.0,4,4,11,87
8.0,4,4,12,88
8.0,4,4,13,88
8.0,4,4,14,89
8.0,4,4,15,89
8.0,4,5,0,84
8.0,4,5,1,84
8.0,4,5,2,84
8.0,4,5,3,85
8.0,4,5,4,85
8.0,4,5,5,86
8.0,4,5,6,86
8.0,4,5,7,86
8.0,4,5,8,87
8.0,4,5,9,87
8.0,4,5,10,88
8.0,4,5,11,88
8.0,4,5,12,88
8.0,4,5,13,89
8.0,4,5,14,89
8.0,4,5,15,90
8.0,4,6,0,84
8.0,4,6,1,84
8.0,4,6,2,85
8.0,4,6,3,85
8.0,4,6,4,86
8.0,4,6,5,86
8.0,4,6,6,86
8.0,4,6,7,87
8.0,4,6,8,87
8.0,4,6,9,88
8.0,4,6,10,88
8.0,4,6,11,88
8.0,4,6,12,89
8.0,4,6,13,89
8.0,4,6,14,90
8.0,4,6,15,90
8.0,4,7,0,84
8.0,4,7,1,85
8.0,4,7,2,85
8.0,4,7,3,86
8.0,4,7,4,86
8.0,4,7,5,87
8.0,4,7,6,87
8.0,4,7,7,87
8.0,4,7,8,88
8.0,4,7,9,88
8.0,4,7,10,89
8.0,4,7,11,89
8.0,4,7,12,89
8.0,4,7,13,90
8.0,4,7,14,90
8.0,4,7,15,91
8.0,4,8,0,85
8.0,4,8,1,85
8.0,4,8,2,86
8.0,4,8,3,86
8.0,4,8,4,87
8.0,4,8,5,87
8.0,4,8,6,87
8.0,4,8,7,88
8.0,4,8,8,88
8.0,4,8,9,89
8.0,4,8,10,89
8.0,4,8,11,89
8.0,4,8,12,90
8.0,4,8,13,90
8.0,4,8,14,91
8.0,4,8,15,91
8.0,4,9,0,85
8.0,4,9,1,86
8.0,4,9,2,86
8.0,4,9,3,87
8.0,4,9,4,87
8.0,4,9,5,88
8.0,4,9,6,88
8.0,4,9,7,88
8.0,4,9,8,89
8.0,4,9,9,89
8.0,4,9,10,90
8.0,4,9,11,90
8.0,4,9,12,90
8.0,4,9,13,91
8.0,4,9,14,91
8.0,4,9,15,92
8.0,4,10,0,86
8.0,4,10,1,86
8.0,4,10,2,87
8.0,4,10,3,87
8.0,4,10,4,88
8.0,4,10,5,88
8.0,4,10,6,88
8.0,4,10,7,89
8.0,4,10,8,89
8.0,4,10,9,90
8.0,4,10,10,90
8.0,4,10,11,90
8.0,4,10,12,91
8.0,4,10,13,91
8.0,4,10,14,92
8.0,4,10,15,92
8.0,4,11,0,86
8.0,4,11,1,87
8.0,4,11,2,87
8.0,4,11,3,88
8.0,4,11,4,88
8.0,4,11,5,88
8.0,4,11,6,89
8.0,4,11,7,89
8.0,4,11,8,90
8.0,4,11,9,90
8.0,4,11,10,91
8.0,4,11,11,91
8.0,4,11,12,91
8.0,4,11,13,92
8.0,4,11,14,92
8.0,4,11,15,93
8.0,4,12,0,87
8.0,4,12,1,87
8.0,4,12,2,88
8.0,4,12,3,88
8.0,4,12,4,89
8.0,4,12,5,89
8.0,4,12,6,89
8.0,4,12,7,90
8.0,4,12,8,90
8.0,4,12,9,91
8.0,4,12,10,91
8.0,4,12,11,91
8.0,4,12,12,92
8.0,4,12,13,92
8.0,4,12,14,93
8.0,4,12,15,93
8.0,4,13,0,87
8.0,4,13,1,88
8.0,4,13,2,88
8.0,4,13,3,89
8.0,4,13,4,89
8.0,4,13,5,89
8.0,4,13,6,90
8.0,4,13,7,90
8.0,4,13,8,91
8.0,4,13,9,91
8.0,4,13,10,91
8.0,4,13,11,92
8.0,4,13,12,92
8.0,4,13,13,93
8.0,4,13,14,93
8.0,4,13,15,94
8.0,4,14,0,88
8.0,4,14,1,88
8.0,4,14,2,89
8.0,4,14,3,89
8.0,4,14,4,89
8.0,4,14,5,90
8.0,4,14,6,90
8.0,4,14,7,91
8.0,4,14,8,91
8.0,4,14,9,92
8.0,4,14,10,92
8.0,4,14,11,92
8.0,4,14,12,93
8.0,4,14,13,93
8.0,4,14,14,94
8.0,4,14,15,94
8.0,4,15,0,88
8.0,4,15,1,89
8.0,4,15,2,89
8.0,4,15,3,89
8.0,4,15,4,90
8.0,4,15,5,90
8.0,4,15,6,91
8.0,4,15,7,91
8.0,4,15,8,92
8.0,4,15,9,92
8.0,4,15,10,92
8.0,4,15,11,93
8.0,4,15,12,93
8.0,4,15,13,94
8.0,4,15,14,94
8.0,4,15,15,94
8.0,5,0,0,82
8.0,5,0,1,83
8.0,5,0,2,83
8.0,5,0,3,84
8.0,5,0,4,84
8.0,5,0,5,84
8.0,5,0,6,85
8.0,5,0,7,85
8.0,5,0,8,86
8.0,5,0,9,86
8.0,5,0,10,86
8.0,5,0,11,87
8.0,5,0,12,87
8.0,5,0,13,88
8.0,5,0,14,88
8.0,5,0,15,88
8.0,5,1,0,83
8.0,5,1,1,83
8.0,5,1,2,84
8.0,5,1,3,84
8.0,5,1,4,85
8.0,5,1,5,85
8.0,5,1,6,85
8.0,5,1,7,86
8.0,5,1,8,86
8.0,5,1,9,87
8.0,5,1,10,87
8.0,5,1,11,87
8.0,5,1,12,88
8.0,5,1,13,88
8.0,5,1,14,88
8.0,5,1,15,89
8.0,5,2,0,83
8.0,5,2,1,84
8.0,5,2,2,84
8.0,5,2,3,85
8.0,5,2,4,85
8.0,5,2,5,85
8.0,5,2,6,86
8.0,5,2,7,86
8.0,5,2,8,87
8.0,5,2,9,87
8.0,5,2,10,87
8.0,5,2,11,88
8.0,5,2,12,88
8.0,5,2,13,89
8.0,5,2,14,89
8.0,5,2,15,89
8.0,5,3,0,84
8.0,5,3,1,84
8.0,5,3,2,85
8.0,5,3,3,85
8.0,5,3,4,86
8.0,5,3,5,86
8.0,5,3,6,86
8.0,5,3,7,87
8.0,5,3,8,87
8.0,5,3,9,88
8.0,5,3,10,88
8.0,5,3,11,88
8.0,5,3,12,89
8.0,5,3,13,89
8.0,5,3,14,90
8.0,5,3,15,90
8.0,5,4,0,84
8.0,5,4,1,85
8.0,5,4,2,85
8.0,5,4,3,86
8.0,5,4,4,86
8.0,5,4,5,86
8.0,5,4,6,87
8.0,5,4,7,87
8.0,5,4,8,88
8.0,5,4,9,88
8.0,5,4,10,88
8.0,5,4,11,89
8.0,5,4,12,89
8.0,5,4,13,90
8.0,5,4,14,90
8.0,5,4,15,90
8.0,5,5,0,85
8.0,5,5,1,85
8.0,5,5,2,86
8.0,5,5,3,86
8.0,5,5,4,87
8.0,5,5,5,87
8.0,5,5,6,87
8.0,5,5,7,88
8.0,5,5,8,88
8.0,5,5,9,89
8.0,5,5,10,89
8.0,5,5,11,89
8.0,5,5,12,90
8.0,5,5,13,90
8.0,5,5,14,91
8.0,5,5,15,91
8.0,5,6,0,85
8.0,5,6,1,86
8.0,5,6,2,86
8.0,5,6,3,87
8.0,5,6,4,87
8.0,5,6,5,87
8.0,5,6,6,88
8.0,5,6,7,88
8.0,5,6,8,89
8.0,5,6,9,89
8.0,5,6,10,89
8.0,5,6,11,90
8.0,5,6,12,90
8.0,5,6,13,91
8.0,5,6,14,91
8.0,5,6,15,91
8.0,5,7,0,86
8.0,5,7,1,86
8.0,5,7,2,87
8.0,5,7,3,87
8.0,5,7,4,88
8.0,5,7,5,88
8.0,5,7,6,88
8.0,5,7,7,89
8.0,5,7,8,89
8.0,5,7,9,90
8.0,5,7,10,90
8.0,5,7,11,90
8.0,5,7,12,91
8.0,5,7,13,91
8.0,5,7,14,92
8.0,5,7,15,92
8.0,5,8,0,86
8.0,5,8,1,87
8.0,5,8,2,87
8.0,5,8,3,88
8.0,5,8,4,88
8.0,5,8,5,88
8.0,5,8,6,89
8.0,5,8,7,89
8.0,5,8,8,90
8.0,5,8,9,90
8.0,5,8,10,90
8.0,5,8,11,91
8.0,5,8,12,91
8.0,5,8,13,92
8.0,5,8,14,92
8.0,5,8,15,92
8.0,5,9,0,87
8.0,5,9,1,87
8.0,5,9,2,88
8.0,5,9,3,88
8.0,5,9,4,88
8.0,5,9,5,89
8.0,5,9,6,89
8.0,5,9,7,90
8.0,5,9,8,90
8.0,5,9,9,91
8.0,5,9,10,91
8.0,5,9,11,91
8.0,5,9,12,92
8.0,5,9,13,92
8.0,5,9,14,93
8.0,5,9,15,93
8.0,5,10,0,87
8.0,5,10,1,88
8.0,5,10,2,88
8.0,5,10,3,89
8.0,5,10,4,89
8.0,5,10,5,89
8.0,5,10,6,90
8.0,5,10,7,90
8.0,5,10,8,91
8.0,5,10,9,91
8.0,5,10,10,91
8.0,5,10,11,92
8.0,5,10,12,92
8.0,5,10,13,93
8.0,5,10,14,93
8.0,5,10,15,93
8.0,5,11,0,88
8.0,5,11,1,88
8.0,5,11,2,89
8.0,5,11,3,89
8.0,5,11,4,89
8.0,5,11,5,90
8.0,5,11,6,90
8.0,5,11,7,91
8.0,5,11,8,91
8.0,5,11,9,92
8.0,5,11,10,92
8.0,5,11,11,92
8.0,5,11,12,93
8.0,5,11,13,93
8.0,5,11,14,94
8.0,5,11,15,94
8.0,5,12,0,88
8.0,5,12,1,89
8.0,5,12,2,89
8.0,5,12,3,90
8.0,5,12,4,90
8.0,5,12,5,90
8.0,5,12,6,91
8.0,5,12,7,91
8.0,5,12,8,92
8.0,5,12,9,92
8.0,5,12,10,92
8.0,5,12,11,93
8.0,5,12,12,93
8.0,5,12,13,94
8.0,5,12,14,94
8.0,5,12,15,95
8.0,5,13,0,89
8.0,5,13,1,89
8.0,5,13,2,90
8.0,5,13,3,90
8.0,5,13,4,90
8.0,5,13,5,91
8.0,5,13,6,91
8.0,5,13,7,92
8.0,5,13,8,92
8.0,5,13,9,93
8.0,5,13,10,93
8.0,5,13,11,93
8.0,5,13,12,94
8.0,5,13,13,94
8.0,5,13,14,95
8.0,5,13,15,95
8.0,5,14,0,89
8.0,5,14,1,90
8.0,5,14,2,90
8.0,5,14,3,90
8.0,5,14,4,91
8.0,5,14,5,91
8.0,5,14,6,92
8.0,5,14,7,92
8.0,5,14,8,93
8.0,5,14,9,93
8.0,5,14,10,93
8.0,5,14,11,94
8.0,5,14,12,94
8.0,5,14,13,95
8.0,5,14,14,95
8.0,5,14,15,95
8.0,5,15,0,90
8.0,5,15,1,90
8.0,5,15,2,90
8.0,5,15,3,91
8.0,5,15,4,91
8.0,5,15,5,92
8.0,5,15,6,92
8.0,5,15,7,93
8.0,5,15,8,93
8.0,5,15,9,93
8.0,5,15,10,94
8.0,5,15,11,94
8.0,5,15,12,95
8.0,5,15,13,95
8.0,5,15,14,96
8.0,5,15,15,96
8.0,6,0,0,84
8.0,6,0,1,84
8.0,6,0,2,85
8.0,6,0,3,85
8.0,6,0,4,85
8.0,6,0,5,86
8.0,6,0,6,86
8.0,6,0,7,87
8.0,6,0,8,87
8.0,6,0,9,87
8.0,6,0,10,88
8.0,6,0,11,88
8.0,6,0,12,89
8.0,6,0,13,89
8.0,6,0,14,89
8.0,6,0,15,90
8.0,6,1,0,84
8.0,6,1,1,85
8.0,6,1,2,85
8.0,6,1,3,85
8.0,6,1,4,86
8.0,6,1,5,86
8.0,6,1,6,87
8.0,6,1,7,87
8.0,6,1,8,87
8.0,6,1,9,88
8.0,6,1,10,88
8.0,6,1,11,89
8.0,6,1,12,89
8.0,6,1,13,89
8.0,6,1,14,90
8.0,6,1,15,90
8.0,6,2,0,85
8.0,6,2,1,85
8.0,6,2,2,86
8.0,6,2,3,86
8.0,6,2,4,86
8.0,6,2,5,87
8.0,6,2,6,87
8.0,6,2,7,88
8.0,6,2,8,88
8.0,6,2,9,88
8.0,6,2,10,89
8.0,6,2,11,89
8.0,6,2,12,90
8.0,6,2,13,90
8.0,6,2,14,90
8.0,6,2,15,91
8.0,6,3,0,85
8.0,6,3,1,86
8.0,6,3,2,86
8.0,6,3,3,86
8.0,6,3,4,87
8.0,6,3,5,87
8.0,6,3,6,88
8.0,6,3,7,88
8.0,6,3,8,89
8.0,6,3,9,89
8.0,6,3,10,89
8.0,6,3,11,90
8.0,6,3,12,90
8.0,6,3,13,91
8.0,6,3,14,91
8.0,6,3,15,91
8.0,6,4,0,86
8.0,6,4,1,86
8.0,6,4,2,87
8.0,6,4,3,87
8.0,6,4,4,87
8.0,6,4,5,88
8.0,6,4,6,88
8.0,6,4,7,89
8.0,6,4,8,89
8.0,6,4,9,89
8.0,6,4,10,90
8.0,6,4,11,90
8.0,6,4,12,91
8.0,6,4,13,91
8.0,6,4,14,91
8.0,6,4,15,92
8.0,6,5,0,86
8.0,6,5,1,87
8.0,6,5,2,87
8.0,6,5,3,87
8.0,6,5,4,88
8.0,6,5,5,88
8.0,6,5,6,89
8.0,6,5,7,89
8.0,6,5,8,90
8.0,6,5,9,90
8.0,6,5,10,90
8.0,6,5,11,91
8.0,6,5,12,91
8.0,6,5,13,92
8.0,6,5,14,92
8.0,6,5,15,92
8.0,6,6,0,87
8.0,6,6,1,87
8.0,6,6,2,88
8.0,6,6,3,88
8.0,6,6,4,88
8.0,6,6,5,89
8.0,6,6,6,89
8.0,6,6,7,90
8.0,6,6,8,90
8.0,6,6,9,90
8.0,6,6,10,91
8.0,6,6,11,91
8.0,6,6,12,92
8.0,6,6,13,92
8.0,6,6,14,92
8.0,6,6,15,93
8.0,6,7,0,87
8.0,6,7,1,88
8.0,6,7,2,88
8.0,6,7,3,88
8.0,6,7,4,89
8.0,6,7,5,89
8.0,6,7,6,90
8.0,6,7,7,90
8.0,6,7,8,91
8.0,6,7,9,91
8.0,6,7,10,91
8.0,6,7,11,92
8.0,6,7,12,92
8.0,6,7,13,93
8.0,6,7,14,93
8.0,6,7,15,93
8.0,6,8,0,88
8.0,6,8,1,88
8.0,6,8,2,89
8.0,6,8,3,89
8.0,6,8,4,89
8.0,6,8,5,90
8.0,6,8,6,90
8.0,6,8,7,91
8.0,6,8,8,91
8.0,6,8,9,91
8.0,6,8,10,92
8.0,6,8,11,92
8.0,6,8,12,93
8.0,6,8,13,93
8.0,6,8,14,94
8.0,6,8,15,94
8.0,6,9,0,88
8.0,6,9,1,89
8.0,6,9,2,89
8.0,6,9,3,89
8.0,6,9,4,90
8.0,6,9,5,90
8.0,6,9,6,91
8.0,6,9,7,91
8.0,6,9,8,92
8.0,6,9,9,92
8.0,6,9,10,92
8.0,6,9,11,93
8.0,6,9,12,93
8.0,6,9,13,94
8.0,6,9,14,94
8.0,6,9,15,94
8.0,6,10,0,89
8.0,6,10,1,89
8.0,6,10,2,90
8.0,6,10,3,90
8.0,6,10,4,90
8.0,6,10,5,91
8.0,6,10,6,91
8.0,6,10,7,92
8.0,6,10,8,92
8.0,6,10,9,92
8.0,6,10,10,93
8.0,6,10,11,93
8.0,6,10,12,94
8.0,6,10,13,94
8.0,6,10,14,95
8.0,6,10,15,95
8.0,6,11,0,89
8.0,6,11,1,90
8.0,6,11,2,90
8.0,6,11,3,90
8.0,6,11,4,91
8.0,6,11,5,91
8.0,6,11,6,92
8.0,6,11,7,92
8.0,6,11,8,93
8.0,6,11,9,93
8.0,6,11,10,93
8.0,6,11,11,94
8.0,6,11,12,94
8.0,6,11,13,95
8.0,6,11,14,95
8.0,6,11,15,95
8.0,6,12,0,90
8.0,6,12,1,90
8.0,6,12,2,90
8.0,6,12,3,91
8.0,6,12,4,91
8.0,6,12,5,92
8.0,6,12,6,92
8.0,6,12,7,93
8.0,6,12,8,93
8.0,6,12,9,93
8.0,6,12,10,94
8.0,6,12,11,94
8.0,6,12,12,95
8.0,6,12,13,95
8.0,6,12,14,96
8.0,6,12,15,96
8.0,6,13,0,90
8.0,6,13,1,91
8.0,6,13,2,91
8.0,6,13,3,91
8.0,6,13,4,92
8.0,6,13,5,92
8.0,6,13,6,93
8.0,6,13,7,93
8.0,6,13,8,94
8.0,6,13,9,94
8.0,6,13,10,94
8.0,6,13,11,95
8.0,6,13,12,95
8.0,6,13,13,96
8.0,6,13,14,96
8.0,6,13,15,96
8.0,6,14,0,91
8.0,6,14,1,91
8.0,6,14,2,91
8.0,6,14,3,92
8.0,6,14,4,92
8.0,6,14,5,93
8.0,6,14,6,93
8.0,6,14,7,94
8.0,6,14,8,94
8.0,6,14,9,94
8.0,6,14,10,95
8.0,6,14,11,95
8.0,6,14,12,96
8.0,6,14,13,96
8.0,6,14,14,97
8.0,6,14,15,97
8.0,6,15,0,91
8.0,6,15,1,91
8.0,6,15,2,92
8.0,6,15,3,92
8.0,6,15,4,93
8.0,6,15,5,93
8.0,6,15,6,94
8.0,6,15,7,94
8.0,6,15,8,95
8.0,6,15,9,95
8.0,6,15,10,95
8.0,6,15,11,96
8.0,6,15,12,96
8.0,6,15,13,97
8.0,6,15,14,97
8.0,6,15,15,98
8.0,7,0,0,85
8.0,7,0,1,85
8.0,7,0,2,86
8.0,7,0,3,86
8.0,7,0,4,87
8.0,7,0,5,87
8.0,7,0,6,87
8.0,7,0,7,88
8.0,7,0,8,88
8.0,7,0,9,89
8.0,7,0,10,89
8.0,7,0,11,89
8.0,7,0,12,90
8.0,7,0,13,90
8.0,7,0,14,91
8.0,7,0,15,91
8.0,7,1,0,86
8.0,7,1,1,86
8.0,7,1,2,86
8.0,7,1,3,87
8.0,7,1,4,87
8.0,7,1,5,88
8.0,7,1,6,88
8.0,7,1,7,88
8.0,7,1,8,89
8.0,7,1,9,89
8.0,7,1,10,90
8.0,7,1,11,90
8.0,7,1,12,90
8.0,7,1,13,91
8.0,7,1,14,91
8.0,7,1,15,92
8.0,7,2,0,86
8.0,7,2,1,86
8.0,7,2,2,87
8.0,7,2,3,87
8.0,7,2,4,88
8.0,7,2,5,88
8.0,7,2,6,89
8.0,7,2,7,89
8.0,7,2,8,89
8.0,7,2,9,90
8.0,7,2,10,90
8.0,7,2,11,91
8.0,7,2,12,91
8.0,7,2,13,91
8.0,7,2,14,92
8.0,7,2,15,92
8.0,7,3,0,87
8.0,7,3,1,87
8.0,7,3,2,87
8.0,7,3,3,88
8.0,7,3,4,88
8.0,7,3,5,89
8.0,7,3,6,89
8.0,7,3,7,89
8.0,7,3,8,90
8.0,7,3,9,90
8.0,7,3,10,91
8.0,7,3,11,91
8.0,7,3,12,92
8.0,7,3,13,92
8.0,7,3,14,92
8.0,7,3,15,93
8.0,7,4,0,87
8.0,7,4,1,87
8.0,7,4,2,88
8.0,7,4,3,88
8.0,7,4,4,89
8.0,7,4,5,89
8.0,7,4,6,90
8.0,7,4,7,90
8.0,7,4,8,90
8.0,7,4,9,91
8.0,7,4,10,91
8.0,7,4,11,92
8.0,7,4,12,92
8.0,7,4,13,92
8.0,7,4,14,93
8.0,7,4,15,93
8.0,7,5,0,88
8.0,7,5,1,88
8.0,7,5,2,88
8.0,7,5,3,89
8.0,7,5,4,89
8.0,7,5,5,90
8.0,7,5,6,90
8.0,7,5,7,91
8.0,7,5,8,91
8.0,7,5,9,91
8.0,7,5,10,92
8.0,7,5,11,92
8.0,7,5,12,93
8.0,7,5,13,93
8.0,7,5,14,93
8.0,7,5,15,94
8.0,7,6,0,88
8.0,7,6,1,88
8.0,7,6,2,89
8.0,7,6,3,89
8.0,7,6,4,90
8.0,7,6,5,90
8.0,7,6,6,91
8.0,7,6,7,91
8.0,7,6,8,91
8.0,7,6,9,92
8.0,7,6,10,92
8.0,7,6,11,93
8.0,7,6,12,93
8.0,7,6,13,94
8.0,7,6,14,94
8.0,7,6,15,94
8.0,7,7,0,89
8.0,7,7,1,89
8.0,7,7,2,89
8.0,7,7,3,90
8.0,7,7,4,90
8.0,7,7,5,91
8.0,7,7,6,91
8.0,7,7,7,92
8.0,7,7,8,92
8.0,7,7,9,92
8.0,7,7,10,93
8.0,7,7,11,93
8.0,7,7,12,94
8.0,7,7,13,94
8.0,7,7,14,94
8.0,7,7,15,95
8.0,7,8,0,89
8.0,7,8,1,89
8.0,7,8,2,90
8.0,7,8,3,90
8.0,7,8,4,91
8.0,7,8,5,91
8.0,7,8,6,92
8.0,7,8,7,92
8.0,7,8,8,92
8.0,7,8,9,93
8.0,7,8,10,93
8.0,7,8,11,94
8.0,7,8,12,94
8.0,7,8,13,95
8.0,7,8,14,95
8.0,7,8,15,95
8.0,7,9,0,90
8.0,7,9,1,90
8.0,7,9,2,90
8.0,7,9,3,91
8.0,7,9,4,91
8.0,7,9,5,92
8.0,7,9,6,92
8.0,7,9,7,93
8.0,7,9,8,93
8.0,7,9,9,93
8.0,7,9,10,94
8.0,7,9,11,94
8.0,7,9,12,95
8.0,7,9,13,95
8.0,7,9,14,96
8.0,7,9,15,96
8.0,7,10,0,90
8.0,7,10,1,90
8.0,7,10,2,91
8.0,7,10,3,91
8.0,7,10,4,92
8.0,7,10,5,92
8.0,7,10,6,93
8.0,7,10,7,93
8.0,7,10,8,93
8.0,7,10,9,94
8.0,7,10,10,94
8.0,7,10,11,95
8.0,7,10,12,95
8.0,7,10,13,96
8.0,7,10,14,96
8.0,7,10,15,96
8.0,7,11,0,90
8.0,7,11,1,91
8.0,7,11,2,91
8.0,7,11,3,92
8.0,7,11,4,92
8.0,7,11,5,93
8.0,7,11,6,93
8.0,7,11,7,94
8.0,7,11,8,94
8.0,7,11,9,94
8.0,7,11,10,95
8.0,7,11,11,95
8.0,7,11,12,96
8.0,7,11,13,96
8.0,7,11,14,97
8.0,7,11,15,97
8.0,7,12,0,91
8.0,7,12,1,91
8.0,7,12,2,92
8.0,7,12,3,92
8.0,7,12,4,93
8.0,7,12,5,93
8.0,7,12,6,94
8.0,7,12,7,94
8.0,7,12,8,94
8.0,7,12,9,95
8.0,7,12,10,95
8.0,7,12,11,96
8.0,7,12,12,96
8.0,7,12,13,97
8.0,7,12,14,97
8.0,7,12,15,97
8.0,7,13,0,91
8.0,7,13,1,92
8.0,7,13,2,92
8.0,7,13,3,93
8.0,7,13,4,93
8.0,7,13,5,94
8.0,7,13,6,94
8.0,7,13,7,95
8.0,7,13,8,95
8.0,7,13,9,95
8.0,7,13,10,96
8.0,7,13,11,96
8.0,7,13,12,97
8.0,7,13,13,97
8.0,7,13,14,98
8.0,7,13,15,98
8.0,7,14,0,92
8.0,7,14,1,92
8.0,7,14,2,93
8.0,7,14,3,93
8.0,7,14,4,94
8.0,7,14,5,94
8.0,7,14,6,95
8.0,7,14,7,95
8.0,7,14,8,95
8.0,7,14,9,96
8.0,7,14,10,96
8.0,7,14,11,97
8.0,7,14,12,97
8.0,7,14,13,98
8.0,7,14,14,98
8.0,7,14,15,98
8.0,7,15,0,92
8.0,7,15,1,93
8.0,7,15,2,93
8.0,7,15,3,94
8.0,7,15,4,94
8.0,7,15,5,95
8.0,7,15,6,95
8.0,7,15,7,96
8.0,7,15,8,96
8.0,7,15,9,96
8.0,7,15,10,97
8.0,7,15,11,97
8.0,7,15,12,98
8.0,7,15,13,98
8.0,7,15,14,99
8.0,7,15,15,99
8.0,8,0,0,86
8.0,8,0,1,87
8.0,8,0,2,87
8.0,8,0,3,88
8.0,8,0,4,88
8.0,8,0,5,88
8.0,8,0,6,89
8.0,8,0,7,89
8.0,8,0,8,90
8.0,8,0,9,90
8.0,8,0,10,90
8.0,8,0,11,91
8.0,8,0,12,91
8.0,8,0,13,92
8.0,8,0,14,92
8.0,8,0,15,92
8.0,8,1,0,87
8.0,8,1,1,87
8.0,8,1,2,88
8.0,8,1,3,88
8.0,8,1,4,89
8.0,8,1,5,89
8.0,8,1,6,89
8.0,8,1,7,90
8.0,8,1,8,90
8.0,8,1,9,91
8.0,8,1,10,91
8.0,8,1,11,91
8.0,8,1,12,92
8.0,8,1,13,92
8.0,8,1,14,93
8.0,8,1,15,93
8.0,8,2,0,87
8.0,8,2,1,88
8.0,8,2,2,88
8.0,8,2,3,89
8.0,8,2,4,89
8.0,8,2,5,89
8.0,8,2,6,90
8.0,8,2,7,90
8.0,8,2,8,91
8.0,8,2,9,91
8.0,8,2,10,92
8.0,8,2,11,92
8.0,8,2,12,92
8.0,8,2,13,93
8.0,8,2,14,93
8.0,8,2,15,94
8.0,8,3,0,88
8.0,8,3,1,88
8.0,8,3,2,89
8.0,8,3,3,89
8.0,8,3,4,90
8.0,8,3,5,90
8.0,8,3,6,90
8.0,8,3,7,91
8.0,8,3,8,91
8.0,8,3,9,92
8.0,8,3,10,92
8.0,8,3,11,92
8.0,8,3,12,93
8.0,8,3,13,93
8.0,8,3,14,94
8.0,8,3,15,94
8.0,8,4,0,88
8.0,8,4,1,89
8.0,8,4,2,89
8.0,8,4,3,90
8.0,8,4,4,90
8.0,8,4,5,91
8.0,8,4,6,91
8.0,8,4,7,91
8.0,8,4,8,92
8.0,8,4,9,92
8.0,8,4,10,93
8.0,8,4,11,93
8.0,8,4,12,93
8.0,8,4,13,94
8.0,8,4,14,94
8.0,8,4,15,95
8.0,8,5,0,89
8.0,8,5,1,89
8.0,8,5,2,90
8.0,8,5,3,90
8.0,8,5,4,91
8.0,8,5,5,91
8.0,8,5,6,91
8.0,8,5,7,92
8.0,8,5,8,92
8.0,8,5,9,93
8.0,8,5,10,93
8.0,8,5,11,94
8.0,8,5,12,94
8.0,8,5,13,94
8.0,8,5,14,95
8.0,8,5,15,95
8.0,8,6,0,89
8.0,8,6,1,90
8.0,8,6,2,90
8.0,8,6,3,91
8.0,8,6,4,91
8.0,8,6,5,92
8.0,8,6,6,92
8.0,8,6,7,92
8.0,8,6,8,93
8.0,8,6,9,93
8.0,8,6,10,94
8.0,8,6,11,94
8.0,8,6,12,95
8.0,8,6,13,95
8.0,8,6,14,95
8.0,8,6,15,96
8.0,8,7,0,90
8.0,8,7,1,90
8.0,8,7,2,91
8.0,8,7,3,91
8.0,8,7,4,92
8.0,8,7,5,92
8.0,8,7,6,93
8.0,8,7,7,93
8.0,8,7,8,93
8.0,8,7,9,94
8.0,8,7,10,94
8.0,8,7,11,95
8.0,8,7,12,95
8.0,8,7,13,95
8.0,8,7,14,96
8.0,8,7,15,96
8.0,8,8,0,90
8.0,8,8,1,91
8.0,8,8,2,91
8.0,8,8,3,92
8.0,8,8,4,92
8.0,8,8,5,93
8.0,8,8,6,93
8.0,8,8,7,93
8.0,8,8,8,94
8.0,8,8,9,94
8.0,8,8,10,95
8.0,8,8,11,95
8.0,8,8,12,96
8.0,8,8,13,96
8.0,8,8,14,96
8.0,8,8,15,97
8.0,8,9,0,91
8.0,8,9,1,91
8.0,8,9,2,92
8.0,8,9,3,92
8.0,8,9,4,93
8.0,8,9,5,93
8.0,8,9,6,94
8.0,8,9,7,94
8.0,8,9,8,94
8.0,8,9,9,95
8.0,8,9,10,95
8.0,8,9,11,96
8.0,8,9,12,96
8.0,8,9,13,97
8.0,8,9,14,97
8.0,8,9,15,97
8.0,8,10,0,91
8.0,8,10,1,92
8.0,8,10,2,92
8.0,8,10,3,93
8.0,8,10,4,93
8.0,8,10,5,94
8.0,8,10,6,94
8.0,8,10,7,94
8.0,8,10,8,95
8.0,8,10,9,95
8.0,8,10,10,96
8.0,8,10,11,96
8.0,8,10,12,97
8.0,8,10,13,97
8.0,8,10,14,97
8.0,8,10,15,98
8.0,8,11,0,92
8.0,8,11,1,92
8.0,8,11,2,93
8.0,8,11,3,93
8.0,8,11,4,94
8.0,8,11,5,94
8.0,8,11,6,95
8.0,8,11,7,95
8.0,8,11,8,95
8.0,8,11,9,96
8.0,8,11,10,96
8.0,8,11,11,97
8.0,8,11,12,97
8.0,8,11,13,98
8.0,8,11,14,98
8.0,8,11,15,98
8.0,8,12,0,92
8.0,8,12,1,93
8.0,8,12,2,93
8.0,8,12,3,94
8.0,8,12,4,94
8.0,8,12,5,95
8.0,8,12,6,95
8.0,8,12,7,95
8.0,8,12,8,96
8.0,8,12,9,96
8.0,8,12,10,97
8.0,8,12,11,97
8.0,8,12,12,98
8.0,8,12,13,98
8.0,8,12,14,99
8.0,8,12,15,99
8.0,8,13,0,93
8.0,8,13,1,93
8.0,8,13,2,94
8.0,8,13,3,94
8.0,8,13,4,95
8.0,8,13,5,95
8.0,8,13,6,96
8.0,8,13,7,96
8.0,8,13,8,96
8.0,8,13,9,97
8.0,8,13,10,97
8.0,8,13,11,98
8.0,8,13,12,98
8.0,8,13,13,99
8.0,8,13,14,99
8.0,8,13,15,99
8.0,8,14,0,93
8.0,8,14,1,94
8.0,8,14,2,94
8.0,8,14,3,95
8.0,8,14,4,95
8.0,8,14,5,96
8.0,8,14,6,96
8.0,8,14,7,97
8.0,8,14,8,97
8.0,8,14,9,97
8.0,8,14,10,98
8.0,8,14,11,98
8.0,8,14,12,99
8.0,8,14,13,99
8.0,8,14,14,100
8.0,8,14,15,100
8.0,8,15,0,94
8.0,8,15,1,94
8.0,8,15,2,95
8.0,8,15,3,95
8.0,8,15,4,96
8.0,8,15,5,96
8.0,8,15,6,97
8.0,8,15,7,97
8.0,8,15,8,97
8.0,8,15,9,98
8.0,8,15,10,98
8.0,8,15,11,99
8.0,8,15,12,99
8.0,8,15,13,100
8.0,8,15,14,100
8.0,8,15,15,101
8.0,9,0,0,88
8.0,9,0,1,88
8.0,9,0,2,88
8.0,9,0,3,89
8.0,9,0,4,89
8.0,9,0,5,90
8.0,9,0,6,90
8.0,9,0,7,91
8.0,9,0,8,91
8.0,9,0,9,91
8.0,9,0,10,92
8.0,9,0,11,92
8.0,9,0,12,93
8.0,9,0,13,93
8.0,9,0,14,93
8.0,9,0,15,94
8.0,9,1,0,88
8.0,9,1,1,89
8.0,9,1,2,89
8.0,9,1,3,89
8.0,9,1,4,90
8.0,9,1,5,90
8.0,9,1,6,91
8.0,9,1,7,91
8.0,9,1,8,92
8.0,9,1,9,92
8.0,9,1,10,92
8.0,9,1,11,93
8.0,9,1,12,93
8.0,9,1,13,94
8.0,9,1,14,94
8.0,9,1,15,94
8.0,9,2,0,89
8.0,9,2,1,89
8.0,9,2,2,90
8.0,9,2,3,90
8.0,9,2,4,90
8.0,9,2,5,91
8.0,9,2,6,91
8.0,9,2,7,92
8.0,9,2,8,92
8.0,9,2,9,93
8.0,9,2,10,93
8.0,9,2,11,93
8.0,9,2,12,94
8.0,9,2,13,94
8.0,9,2,14,95
8.0,9,2,15,95
8.0,9,3,0,89
8.0,9,3,1,90
8.0,9,3,2,90
8.0,9,3,3,90
8.0,9,3,4,91
8.0,9,3,5,91
8.0,9,3,6,92
8.0,9,3,7,92
8.0,9,3,8,93
8.0,9,3,9,93
8.0,9,3,10,93
8.0,9,3,11,94
8.0,9,3,12,94
8.0,9,3,13,95
8.0,9,3,14,95
8.0,9,3,15,96
8.0,9,4,0,90
8.0,9,4,1,90
8.0,9,4,2,91
8.0,9,4,3,91
8.0,9,4,4,91
8.0,9,4,5,92
8.0,9,4,6,92
8.0,9,4,7,93
8.0,9,4,8,93
8.0,9,4,9,94
8.0,9,4,10,94
8.0,9,4,11,94
8.0,9,4,12,95
8.0,9,4,13,95
8.0,9,4,14,96
8.0,9,4,15,96
8.0,9,5,0,90
8.0,9,5,1,91
8.0,9,5,2,91
8.0,9,5,3,92
8.0,9,5,4,92
8.0,9,5,5,92
8.0,9,5,6,93
8.0,9,5,7,93
8.0,9,5,8,94
8.0,9,5,9,94
8.0,9,5,10,95
8.0,9,5,11,95
8.0,9,5,12,95
8.0,9,5,13,96
8.0,9,5,14,96
8.0,9,5,15,97
8.0,9,6,0,91
8.0,9,6,1,91
8.0,9,6,2,92
8.0,9,6,3,92
8.0,9,6,4,92
8.0,9,6,5,93
8.0,9,6,6,93
8.0,9,6,7,94
8.0,9,6,8,94
8.0,9,6,9,95
8.0,9,6,10,95
8.0,9,6,11,96
8.0,9,6,12,96
8.0,9,6,13,96
8.0,9,6,14,97
8.0,9,6,15,97
8.0,9,7,0,91
8.0,9,7,1,92
8.0,9,7,2,92
8.0,9,7,3,93
8.0,9,7,4,93
8.0,9,7,5,93
8.0,9,7,6,94
8.0,9,7,7,94
8.0,9,7,8,95
8.0,9,7,9,95
8.0,9,7,10,96
8.0,9,7,11,96
8.0,9,7,12,96
8.0,9,7,13,97
8.0,9,7,14,97
8.0,9,7,15,98
8.0,9,8,0,92
8.0,9,8,1,92
8.0,9,8,2,93
8.0,9,8,3,93
8.0,9,8,4,94
8.0,9,8,5,94
8.0,9,8,6,94
8.0,9,8,7,95
8.0,9,8,8,95
8.0,9,8,9,96
8.0,9,8,10,96
8.0,9,8,11,97
8.0,9,8,12,97
8.0,9,8,13,97
8.0,9,8,14,98
8.0,9,8,15,98
8.0,9,9,0,92
8.0,9,9,1,93
8.0,9,9,2,93
8.0,9,9,3,94
8.0,9,9,4,94
8.0,9,9,5,94
8.0,9,9,6,95
8.0,9,9,7,95
8.0,9,9,8,96
8.0,9,9,9,96
8.0,9,9,10,97
8.0,9,9,11,97
8.0,9,9,12,98
8.0,9,9,13,98
8.0,9,9,14,98
8.0,9,9,15,99
8.0,9,10,0,93
8.0,9,10,1,93
8.0,9,10,2,94
8.0,9,10,3,94
8.0,9,10,4,95
8.0,9,10,5,95
8.0,9,10,6,95
8.0,9,10,7,96
8.0,9,10,8,96
8.0,9,10,9,97
8.0,9,10,10,97
8.0,9,10,11,98
8.0,9,10,12,98
8.0,9,10,13,99
8.0,9,10,14,99
8.0,9,10,15,99
8.0,9,11,0,93
8.0,9,11,1,94
8.0,9,11,2,94
8.0,9,11,3,95
8.0,9,11,4,95
8.0,9,11,5,96
8.0,9,11,6,96
8.0,9,11,7,96
8.0,9,11,8,97
8.0,9,11,9,97
8.0,9,11,10,98
8.0,9,11,11,98
8.0,9,11,12,99
8.0,9,11,13,99
8.0,9,11,14,99
8.0,9,11,15,100
8.0,9,12,0,94
8.0,9,12,1,94
8.0,9,12,2,95
8.0,9,12,3,95
8.0,9,12,4,96
8.0,9,12,5,96
8.0,9,12,6,96
8.0,9,12,7,97
8.0,9,12,8,97
8.0,9,12,9,98
8.0,9,12,10,98
8.0,9,12,11,99
8.0,9,12,12,99
8.0,9,12,13,100
8.0,9,12,14,100
8.0,9,12,15,100
8.0,9,13,0,94
8.0,9,13,1,95
8.0,9,13,2,95
8.0,9,13,3,96
8.0,9,13,4,96
8.0,9,13,5,97
8.0,9,13,6,97
8.0,9,13,7,97
8.0,9,13,8,98
8.0,9,13,9,98
8.0,9,13,10,99
8.0,9,13,11,99
8.0,9,13,12,100
8.0,9,13,13,100
8.0,9,13,14,101
8.0,9,13,15,101
8.0,9,14,0,95
8.0,9,14,1,95
8.0,9,14,2,96
8.0,9,14,3,96
8.0,9,14,4,97
8.0,9,14,5,97
8.0,9,14,6,97
8.0,9,14,7,98
8.0,9,14,8,98
8.0,9,14,9,99
8.0,9,14,10,99
8.0,9,14,11,100
8.0,9,14,12,100
8.0,9,14,13,101
8.0,9,14,14,101
8.0,9,14,15,101
8.0,9,15,0,95
8.0,9,15,1,96
8.0,9,15,2,96
8.0,9,15,3,97
8.0,9,15,4,97
8.0,9,15,5,98
8.0,9,15,6,98
8.0,9,15,7,98
8.0,9,15,8,99
8.0,9,15,9,99
8.0,9,15,10,100
8.0,9,15,11,100
8.0,9,15,12,101
8.0,9,15,13,101
8.0,9,15,14,102
8.0,9,15,15,102
8.0,10,0,0,89
8.0,10,0,1,89
8.0,10,0,2,90
8.0,10,0,3,90
8.0,10,0,4,91
8.0,10,0,5,91
8.0,10,0,6,91
8.0,10,0,7,92
8.0,10,0,8,92
8.0,10,0,9,93
8.0,10,0,10,93
8.0,10,0,11,94
8.0,10,0,12,94
8.0,10,0,13,94
8.0,10,0,14,95
8.0,10,0,15,95
8.0,10,1,0,89
8.0,10,1,1,90
8.0,10,1,2,90
8.0,10,1,3,91
8.0,10,1,4,91
8.0,10,1,5,92
8.0,10,1,6,92
8.0,10,1,7,92
8.0,10,1,8,93
8.0,10,1,9,93
8.0,10,1,10,94
8.0,10,1,11,94
8.0,10,1,12,95
8.0,10,1,13,95
8.0,10,1,14,95
8.0,10,1,15,96
8.0,10,2,0,90
8.0,10,2,1,90
8.0,10,2,2,91
8.0,10,2,3,91
8.0,10,2,4,92
8.0,10,2,5,92
8.0,10,2,6,93
8.0,10,2,7,93
8.0,10,2,8,93
8.0,10,2,9,94
8.0,10,2,10,94
8.0,10,2,11,95
8.0,10,2,12,95
8.0,10,2,13,96
8.0,10,2,14,96
8.0,10,2,15,96
8.0,10,3,0,90
8.0,10,3,1,91
8.0,10,3,2,91
8.0,10,3,3,92
8.0,10,3,4,92
8.0,10,3,5,93
8.0,10,3,6,93
8.0,10,3,7,94
8.0,10,3,8,94
8.0,10,3,9,94
8.0,10,3,10,95
8.0,10,3,11,95
8.0,10,3,12,96
8.0,10,3,13,96
8.0,10,3,14,97
8.0,10,3,15,97
8.0,10,4,0,91
8.0,10,4,1,91
8.0,10,4,2,92
8.0,10,4,3,92
8.0,10,4,4,93
8.0,10,4,5,93
8.0,10,4,6,94
8.0,10,4,7,94
8.0,10,4,8,95
8.0,10,4,9,95
8.0,10,4,10,95
8.0,10,4,11,96
8.0,10,4,12,96
8.0,10,4,13,97
8.0,10,4,14,97
8.0,10,4,15,98
8.0,10,5,0,92
8.0,10,5,1,92
8.0,10,5,2,92
8.0,10,5,3,93
8.0,10,5,4,93
8.0,10,5,5,94
8.0,10,5,6,94
8.0,10,5,7,95
8.0,10,5,8,95
8.0,10,5,9,96
8.0,10,5,10,96
8.0,10,5,11,96
8.0,10,5,12,97
8.0,10,5,13,97
8.0,10,5,14,98
8.0,10,5,15,98
8.0,10,6,0,92
8.0,10,6,1,93
8.0,10,6,2,93
8.0,10,6,3,93
8.0,10,6,4,94
8.0,10,6,5,94
8.0,10,6,6,95
8.0,10,6,7,95
8.0,10,6,8,96
8.0,10,6,9,96
8.0,10,6,10,96
8.0,10,6,11,97
8.0,10,6,12,97
8.0,10,6,13,98
8.0,10,6,14,98
8.0,10,6,15,99
8.0,10,7,0,93
8.0,10,7,1,93
8.0,10,7,2,93
8.0,10,7,3,94
8.0,10,7,4,94
8.0,10,7,5,95
8.0,10,7,6,95
8.0,10,7,7,96
8.0,10,7,8,96
8.0,10,7,9,97
8.0,10,7,10,97
8.0,10,7,11,97
8.0,10,7,12,98
8.0,10,7,13,98
8.0,10,7,14,99
8.0,10,7,15,99
8.0,10,8,0,93
8.0,10,8,1,94
8.0,10,8,2,94
8.0,10,8,3,94
8.0,10,8,4,95
8.0,10,8,5,95
8.0,10,8,6,96
8.0,10,8,7,96
8.0,10,8,8,97
8.0,10,8,9,97
8.0,10,8,10,98
8.0,10,8,11,98
8.0,10,8,12,98
8.0,10,8,13,99
8.0,10,8,14,99
8.0,10,8,15,100
8.0,10,9,0,94
8.0,10,9,1,94
8.0,10,9,2,95
8.0,10,9,3,95
8.0,10,9,4,95
8.0,10,9,5,96
8.0,10,9,6,96
8.0,10,9,7,97
8.0,10,9,8,97
8.0,10,9,9,98
8.0,10,9,10,98
8.0,10,9,11,99
8.0,10,9,12,99
8.0,10,9,13,99
8.0,10,9,14,100
8.0,10,9,15,100
8.0,10,10,0,94
8.0,10,10,1,95
8.0,10,10,2,95
8.0,10,10,3,96
8.0,10,10,4,96
8.0,10,10,5,96
8.0,10,10,6,97
8.0,10,10,7,97
8.0,10,10,8,98
8.0,10,10,9,98
8.0,10,10,10,99
8.0,10,10,11,99
8.0,10,10,12,100
8.0,10,10,13,100
8.0,10,10,14,100
8.0,10,10,15,101
8.0,10,11,0,95
8.0,10,11,1,95
8.0,10,11,2,96
8.0,10,11,3,96
8.0,10,11,4,96
8.0,10,11,5,97
8.0,10,11,6,97
8.0,10,11,7,98
8.0,10,11,8,98
8.0,10,11,9,99
8.0,10,11,10,99
8.0,10,11,11,100
8.0,10,11,12,100
8.0,10,11,13,101
8.0,10,11,14,101
8.0,10,11,15,101
8.0,10,12,0,95
8.0,10,12,1,96
8.0,10,12,2,96
8.0,10,12,3,97
8.0,10,12,4,97
8.0,10,12,5,97
8.0,10,12,6,98
8.0,10,12,7,98
8.0,10,12,8,99
8.0,10,12,9,99
8.0,10,12,10,100
8.0,10,12,11,100
8.0,10,12,12,101
8.0,10,12,13,101
8.0,10,12,14,101
8.0,10,12,15,102
8.0,10,13,0,96
8.0,10,13,1,96
8.0,10,13,2,97
8.0,10,13,3,97
8.0,10,13,4,98
8.0,10,13,5,98
8.0,10,13,6,98
8.0,10,13,7,99
8.0,10,13,8,99
8.0,10,13,9,100
8.0,10,13,10,100
8.0,10,13,11,101
8.0,10,13,12,101
8.0,10,13,13,102
8.0,10,13,14,102
8.0,10,13,15,102
8.0,10,14,0,96
8.0,10,14,1,97
8.0,10,14,2,97
8.0,10,14,3,98
8.0,10,14,4,98
8.0,10,14,5,98
8.0,10,14,6,99
8.0,10,14,7,99
8.0,10,14,8,100
8.0,10,14,9,100
8.0,10,14,10,101
8.0,10,14,11,101
8.0,10,14,12,102
8.0,10,14,13,102
8.0,10,14,14,103
8.0,10,14,15,103
8.0,10,15,0,97
8.0,10,15,1,97
8.0,10,15,2,98
8.0,10,15,3,98
8.0,10,15,4,99
8.0,10,15,5,99
8.0,10,15,6,99
8.0,10,15,7,100
8.0,10,15,8,100
8.0,10,15,9,101
8.0,10,15,10,101
8.0,10,15,11,102
8.0,10,15,12,102
8.0,10,15,13,103
8.0,10,15,14,103
8.0,10,15,15,104
8.0,11,0,0,90
8.0,11,0,1,91
8.0,11,0,2,91
8.0,11,0,3,92
8.0,11,0,4,92
8.0,11,0,5,92
8.0,11,0,6,93
8.0,11,0,7,93
8.0,11,0,8,94
8.0,11,0,9,94
8.0,11,0,10,95
8.0,11,0,11,95
8.0,11,0,12,95
8.0,11,0,13,96
8.0,11,0,14,96
8.0,11,0,15,97
8.0,11,1,0,91
8.0,11,1,1,91
8.0,11,1,2,92
8.0,11,1,3,92
8.0,11,1,4,93
8.0,11,1,5,93
8.0,11,1,6,93
8.0,11,1,7,94
8.0,11,1,8,94
8.0,11,1,9,95
8.0,11,1,10,95
8.0,11,1,11,96
8.0,11,1,12,96
8.0,11,1,13,96
8.0,11,1,14,97
8.0,11,1,15,97
8.0,11,2,0,91
8.0,11,2,1,92
8.0,11,2,2,92
8.0,11,2,3,93
8.0,11,2,4,93
8.0,11,2,5,93
8.0,11,2,6,94
8.0,11,2,7,94
8.0,11,2,8,95
8.0,11,2,9,95
8.0,11,2,10,96
8.0,11,2,11,96
8.0,11,2,12,97
8.0,11,2,13,97
8.0,11,2,14,97
8.0,11,2,15,98
8.0,11,3,0,92
8.0,11,3,1,92
8.0,11,3,2,93
8.0,11,3,3,93
8.0,11,3,4,94
8.0,11,3,5,94
8.0,11,3,6,94
8.0,11,3,7,95
8.0,11,3,8,95
8.0,11,3,9,96
8.0,11,3,10,96
8.0,11,3,11,97
8.0,11,3,12,97
8.0,11,3,13,98
8.0,11,3,14,98
8.0,11,3,15,98
8.0,11,4,0,92
8.0,11,4,1,93
8.0,11,4,2,93
8.0,11,4,3,94
8.0,11,4,4,94
8.0,11,4,5,95
8.0,11,4,6,95
8.0,11,4,7,95
8.0,11,4,8,96
8.0,11,4,9,96
8.0,11,4,10,97
8.0,11,4,11,97
8.0,11,4,12,98
8.0,11,4,13,98
8.0,11,4,14,99
8.0,11,4,15,99
8.0,11,5,0,93
8.0,11,5,1,93
8.0,11,5,2,94
8.0,11,5,3,94
8.0,11,5,4,95
8.0,11,5,5,95
8.0,11,5,6,96
8.0,11,5,7,96
8.0,11,5,8,96
8.0,11,5,9,97
8.0,11,5,10,97
8.0,11,5,11,98
8.0,11,5,12,98
8.0,11,5,13,99
8.0,11,5,14,99
8.0,11,5,15,100
8.0,11,6,0,93
8.0,11,6,1,94
8.0,11,6,2,94
8.0,11,6,3,95
8.0,11,6,4,95
8.0,11,6,5,96
8.0,11,6,6,96
8.0,11,6,7,97
8.0,11,6,8,97
8.0,11,6,9,97
8.0,11,6,10,98
8.0,11,6,11,98
8.0,11,6,12,99
8.0,11,6,13,99
8.0,11,6,14,100
8.0,11,6,15,100
8.0,11,7,0,94
8.0,11,7,1,94
8.0,11,7,2,95
8.0,11,7,3,95
8.0,11,7,4,96
8.0,11,7,5,96
8.0,11,7,6,97
8.0,11,7,7,97
8.0,11,7,8,98
8.0,11,7,9,98
8.0,11,7,10,98
8.0,11,7,11,99
8.0,11,7,12,99
8.0,11,7,13,100
8.0,11,7,14,100
8.0,11,7,15,101
8.0,11,8,0,94
8.0,11,8,1,95
8.0,11,8,2,95
8.0,11,8,3,96
8.0,11,8,4,96
8.0,11,8,5,97
8.0,11,8,6,97
8.0,11,8,7,98
8.0,11,8,8,98
8.0,11,8,9,99
8.0,11,8,10,99
8.0,11,8,11,99
8.0,11,8,12,100
8.0,11,8,13,100
8.0,11,8,14,101
8.0,11,8,15,101
8.0,11,9,0,95
8.0,11,9,1,95
8.0,11,9,2,96
8.0,11,9,3,96
8.0,11,9,4,97
8.0,11,9,5,97
8.0,11,9,6,98
8.0,11,9,7,98
8.0,11,9,8,99
8.0,11,9,9,99
8.0,11,9,10,100
8.0,11,9,11,100
8.0,11,9,12,100
8.0,11,9,13,101
8.0,11,9,14,101
8.0,11,9,15,102
8.0,11,10,0,95
8.0,11,10,1,96
8.0,11,10,2,96
8.0,11,10,3,97
8.0,11,10,4,97
8.0,11,10,5,98
8.0,11,10,6,98
8.0,11,10,7,99
8.0,11,10,8,99
8.0,11,10,9,100
8.0,11,10,10,100
8.0,11,10,11,101
8.0,11,10,12,101
8.0,11,10,13,101
8.0,11,10,14,102
8.0,11,10,15,102
8.0,11,11,0,96
8.0,11,11,1,96
8.0,11,11,2,97
8.0,11,11,3,97
8.0,11,11,4,98
8.0,11,11,5,98
8.0,11,11,6,99
8.0,11,11,7,99
8.0,11,11,8,100
8.0,11,11,9,100
8.0,11,11,10,101
8.0,11,11,11,101
8.0,11,11,12,102
8.0,11,11,13,102
8.0,11,11,14,102
8.0,11,11,15,103
8.0,11,12,0,97
8.0,11,12,1,97
8.0,11,12,2,97
8.0,11,12,3,98
8.0,11,12,4,98
8.0,11,12,5,99
8.0,11,12,6,99
8.0,11,12,7,100
8.0,11,12,8,100
8.0,11,12,9,101
8.0,11,12,10,101
8.0,11,12,11,102
8.0,11,12,12,102
8.0,11,12,13,103
8.0,11,12,14,103
8.0,11,12,15,103
8.0,11,13,0,97
8.0,11,13,1,98
8.0,11,13,2,98
8.0,11,13,3,98
8.0,11,13,4,99
8.0,11,13,5,99
8.0,11,13,6,100
8.0,11,13,7,100
8.0,11,13,8,101
8.0,11,13,9,101
8.0,11,13,10,102
8.0,11,13,11,102
8.0,11,13,12,103
8.0,11,13,13,103
8.0,11,13,14,104
8.0,11,13,15,104
8.0,11,14,0,98
8.0,11,14,1,98
8.0,11,14,2,98
8.0,11,14,3,99
8.0,11,14,4,99
8.0,11,14,5,100
8.0,11,14,6,100
8.0,11,14,7,101
8.0,11,14,8,101
8.0,11,14,9,102
8.0,11,14,10,102
8.0,11,14,11,103
8.0,11,14,12,103
8.0,11,14,13,104
8.0,11,14,14,104
8.0,11,14,15,104
8.0,11,15,0,98
8.0,11,15,1,99
8.0,11,15,2,99
8.0,11,15,3,99
8.0,11,15,4,100
8.0,11,15,5,100
8.0,11,15,6,101
8.0,11,15,7,101
8.0,11,15,8,102
8.0,11,15,9,102
8.0,11,15,10,103
8.0,11,15,11,103
8.0,11,15,12,104
8.0,11,15,13,104
8.0,11,15,14,105
8.0,11,15,15,105
8.0,12,0,0,91
8.0,12,0,1,92
8.0,12,0,2,92
8.0,12,0,3,93
8.0,12,0,4,93
8.0,12,0,5,94
8.0,12,0,6,94
8.0,12,0,7,95
8.0,12,0,8,95
8.0,12,0,9,95
8.0,12,0,10,96
8.0,12,0,11,96
8.0,12,0,12,97
8.0,12,0,13,97
8.0,12,0,14,98
8.0,12,0,15,98
8.0,12,1,0,92
8.0,12,1,1,92
8.0,12,1,2,93
8.0,12,1,3,93
8.0,12,1,4,94
8.0,12,1,5,94
8.0,12,1,6,95
8.0,12,1,7,95
8.0,12,1,8,96
8.0,12,1,9,96
8.0,12,1,10,96
8.0,12,1,11,97
8.0,12,1,12,97
8.0,12,1,13,98
8.0,12,1,14,98
8.0,12,1,15,99
8.0,12,2,0,93
8.0,12,2,1,93
8.0,12,2,2,93
8.0,12,2,3,94
8.0,12,2,4,94
8.0,12,2,5,95
8.0,12,2,6,95
8.0,12,2,7,96
8.0,12,2,8,96
8.0,12,2,9,97
8.0,12,2,10,97
8.0,12,2,11,97
8.0,12,2,12,98
8.0,12,2,13,98
8.0,12,2,14,99
8.0,12,2,15,99
8.0,12,3,0,93
8.0,12,3,1,94
8.0,12,3,2,94
8.0,12,3,3,94
8.0,12,3,4,95
8.0,12,3,5,95
8.0,12,3,6,96
8.0,12,3,7,96
8.0,12,3,8,97
8.0,12,3,9,97
8.0,12,3,10,98
8.0,12,3,11,98
8.0,12,3,12,98
8.0,12,3,13,99
8.0,12,3,14,99
8.0,12,3,15,100
8.0,12,4,0,94
8.0,12,4,1,94
8.0,12,4,2,95
8.0,12,4,3,95
8.0,12,4,4,96
8.0,12,4,5,96
8.0,12,4,6,96
8.0,12,4,7,97
8.0,12,4,8,97
8.0,12,4,9,98
8.0,12,4,10,98
8.0,12,4,11,99
8.0,12,4,12,99
8.0,12,4,13,99
8.0,12,4,14,100
8.0,12,4,15,100
8.0,12,5,0,94
8.0,12,5,1,95
8.0,12,5,2,95
8.0,12,5,3,96
8.0,12,5,4,96
8.0,12,5,5,97
8.0,12,5,6,97
8.0,12,5,7,97
8.0,12,5,8,98
8.0,12,5,9,98
8.0,12,5,10,99
8.0,12,5,11,99
8.0,12,5,12,100
8.0,12,5,13,100
8.0,12,5,14,101
8.0,12,5,15,101
8.0,12,6,0,95
8.0,12,6,1,95
8.0,12,6,2,96
8.0,12,6,3,96
8.0,12,6,4,97
8.0,12,6,5,97
8.0,12,6,6,98
8.0,12,6,7,98
8.0,12,6,8,98
8.0,12,6,9,99
8.0,12,6,10,99
8.0,12,6,11,100
8.0,12,6,12,100
8.0,12,6,13,101
8.0,12,6,14,101
8.0,12,6,15,102
8.0,12,7,0,95
8.0,12,7,1,96
8.0,12,7,2,96
8.0,12,7,3,97
8.0,12,7,4,97
8.0,12,7,5,98
8.0,12,7,6,98
8.0,12,7,7,99
8.0,12,7,8,99
8.0,12,7,9,99
8.0,12,7,10,100
8.0,12,7,11,100
8.0,12,7,12,101
8.0,12,7,13,101
8.0,12,7,14,102
8.0,12,7,15,102
8.0,12,8,0,96
8.0,12,8,1,96
8.0,12,8,2,97
8.0,12,8,3,97
8.0,12,8,4,98
8.0,12,8,5,98
8.0,12,8,6,99
8.0,12,8,7,99
8.0,12,8,8,100
8.0,12,8,9,100
8.0,12,8,10,100
8.0,12,8,11,101
8.0,12,8,12,101
8.0,12,8,13,102
8.0,12,8,14,102
8.0,12,8,15,103
8.0,12,9,0,96
8.0,12,9,1,97
8.0,12,9,2,97
8.0,12,9,3,98
8.0,12,9,4,98
8.0,12,9,5,99
8.0,12,9,6,99
8.0,12,9,7,100
8.0,12,9,8,100
8.0,12,9,9,101
8.0,12,9,10,101
8.0,12,9,11,101
8.0,12,9,12,102
8.0,12,9,13,102
8.0,12,9,14,103
8.0,12,9,15,103
8.0,12,10,0,97
8.0,12,10,1,97
8.0,12,10,2,98
8.0,12,10,3,98
8.0,12,10,4,99
8.0,12,10,5,99
8.0,12,10,6,100
8.0,12,10,7,100
8.0,12,10,8,101
8.0,12,10,9,101
8.0,12,10,10,102
8.0,12,10,11,102
8.0,12,10,12,102
8.0,12,10,13,103
8.0,12,10,14,103
8.0,12,10,15,104
8.0,12,11,0,97
8.0,12,11,1,98
8.0,12,11,2,98
8.0,12,11,3,99
8.0,12,11,4,99
8.0,12,11,5,100
8.0,12,11,6,100
8.0,12,11,7,101
8.0,12,11,8,101
8.0,12,11,9,102
8.0,12,11,10,102
8.0,12,11,11,103
8.0,12,11,12,103
8.0,12,11,13,103
8.0,12,11,14,104
8.0,12,11,15,104
8.0,12,12,0,98
8.0,12,12,1,98
8.0,12,12,2,99
8.0,12,12,3,99
8.0,12,12,4,100
8.0,12,12,5,100
8.0,12,12,6,101
8.0,12,12,7,101
8.0,12,12,8,102
8.0,12,12,9,102
8.0,12,12,10,103
8.0,12,12,11,103
8.0,12,12,12,104
8.0,12,12,13,104
8.0,12,12,14,104
8.0,12,12,15,105
8.0,12,13,0,98
8.0,12,13,1,99
8.0,12,13,2,99
8.0,12,13,3,100
8.0,12,13,4,100
8.0,12,13,5,101
8.0,12,13,6,101
8.0,12,13,7,102
8.0,12,13,8,102
8.0,12,13,9,103
8.0,12,13,10,103
8.0,12,13,11,104
8.0,12,13,12,104
8.0,12,13,13,105
8.0,12,13,14,105
8.0,12,13,15,105
8.0,12,14,0,99
8.0,12,14,1,99
8.0,12,14,2,100
8.0,12,14,3,100
8.0,12,14,4,101
8.0,12,14,5,101
8.0,12,14,6,102
8.0,12,14,7,102
8.0,12,14,8,103
8.0,12,14,9,103
8.0,12,14,10,104
8.0,12,14,11,104
8.0,12,14,12,105
8.0,12,14,13,105
8.0,12,14,14,106
8.0,12,14,15,106
8.0,12,15,0,99
8.0,12,15,1,100
8.0,12,15,2,100
8.0,12,15,3,101
8.0,12,15,4,101
8.0,12,15,5,102
8.0,12,15,6,102
8.0,12,15,7,103
8.0,12,15,8,103
8.0,12,15,9,104
8.0,12,15,10,104
8.0,12,15,11,105
8.0,12,15,12,105
8.0,12,15,13,106
8.0,12,15,14,106
8.0,12,15,15,107
8.0,13,0,0,93
8.0,13,0,1,93
8.0,13,0,2,94
8.0,13,0,3,94
8.0,13,0,4,95
8.0,13,0,5,95
8.0,13,0,6,95
8.0,13,0,7,96
8.0,13,0,8,96
8.0,13,0,9,97
8.0,13,0,10,97
8.0,13,0,11,98
8.0,13,0,12,98
8.0,13,0,13,99
8.0,13,0,14,99
8.0,13,0,15,99
8.0,13,1,0,93
8.0,13,1,1,94
8.0,13,1,2,94
8.0,13,1,3,95
8.0,13,1,4,95
8.0,13,1,5,96
8.0,13,1,6,96
8.0,13,1,7,97
8.0,13,1,8,97
8.0,13,1,9,97
8.0,13,1,10,98
8.0,13,1,11,98
8.0,13,1,12,99
8.0,13,1,13,99
8.0,13,1,14,100
8.0,13,1,15,100
8.0,13,2,0,94
8.0,13,2,1,94
8.0,13,2,2,95
8.0,13,2,3,95
8.0,13,2,4,96
8.0,13,2,5,96
8.0,13,2,6,97
8.0,13,2,7,97
8.0,13,2,8,98
8.0,13,2,9,98
8.0,13,2,10,98
8.0,13,2,11,99
8.0,13,2,12,99
8.0,13,2,13,100
8.0,13,2,14,100
8.0,13,2,15,101
8.0,13,3,0,94
8.0,13,3,1,95
8.0,13,3,2,95
8.0,13,3,3,96
8.0,13,3,4,96
8.0,13,3,5,97
8.0,13,3,6,97
8.0,13,3,7,98
8.0,13,3,8,98
8.0,13,3,9,99
8.0,13,3,10,99
8.0,13,3,11,99
8.0,13,3,12,100
8.0,13,3,13,100
8.0,13,3,14,101
8.0,13,3,15,101
8.0,13,4,0,95
8.0,13,4,1,95
8.0,13,4,2,96
8.0,13,4,3,96
8.0,13,4,4,97
8.0,13,4,5,97
8.0,13,4,6,98
8.0,13,4,7,98
8.0,13,4,8,99
8.0,13,4,9,99
8.0,13,4,10,100
8.0,13,4,11,100
8.0,13,4,12,100
8.0,13,4,13,101
8.0,13,4,14,101
8.0,13,4,15,102
8.0,13,5,0,96
8.0,13,5,1,96
8.0,13,5,2,96
8.0,13,5,3,97
8.0,13,5,4,97
8.0,13,5,5,98
8.0,13,5,6,98
8.0,13,5,7,99
8.0,13,5,8,99
8.0,13,5,9,100
8.0,13,5,10,100
8.0,13,5,11,101
8.0,13,5,12,101
8.0,13,5,13,101
8.0,13,5,14,102
8.0,13,5,15,102
8.0,13,6,0,96
8.0,13,6,1,97
8.0,13,6,2,97
8.0,13,6,3,98
8.0,13,6,4,98
8.0,13,6,5,98
8.0,13,6,6,99
8.0,13,6,7,99
8.0,13,6,8,100
8.0,13,6,9,100
8.0,13,6,10,101
8.0,13,6,11,101
8.0,13,6,12,102
8.0,13,6,13,102
8.0,13,6,14,103
8.0,13,6,15,103
8.0,13,7,0,97
8.0,13,7,1,97
8.0,13,7,2,98
8.0,13,7,3,98
8.0,13,7,4,99
8.0,13,7,5,99
8.0,13,7,6,99
8.0,13,7,7,100
8.0,13,7,8,100
8.0,13,7,9,101
8.0,13,7,10,101
8.0,13,7,11,102
8.0,13,7,12,102
8.0,13,7,13,103
8.0,13,7,14,103
8.0,13,7,15,104
8.0,13,8,0,97
8.0,13,8,1,98
8.0,13,8,2,98
8.0,13,8,3,99
8.0,13,8,4,99
8.0,13,8,5,100
8.0,13,8,6,100
8.0,13,8,7,100
8.0,13,8,8,101
8.0,13,8,9,101
8.0,13,8,10,102
8.0,13,8,11,102
8.0,13,8,12,103
8.0,13,8,13,103
8.0,13,8,14,104
8.0,13,8,15,104
8.0,13,9,0,98
8.0,13,9,1,98
8.0,13,9,2,99
8.0,13,9,3,99
8.0,13,9,4,100
8.0,13,9,5,100
8.0,13,9,6,101
8.0,13,9,7,101
8.0,13,9,8,101
8.0,13,9,9,102
8.0,13,9,10,102
8.0,13,9,11,103
8.0,13,9,12,103
8.0,13,9,13,104
8.0,13,9,14,104
8.0,13,9,15,105
8.0,13,10,0,98
8.0,13,10,1,99
8.0,13,10,2,99
8.0,13,10,3,100
8.0,13,10,4,100
8.0,13,10,5,101
8.0,13,10,6,101
8.0,13,10,7,102
8.0,13,10,8,102
8.0,13,10,9,103
8.0,13,10,10,103
8.0,13,10,11,103
8.0,13,10,12,104
8.0,13,10,13,104
8.0,13,10,14,105
8.0,13,10,15,105
8.0,13,11,0,99
8.0,13,11,1,99
8.0,13,11,2,100
8.0,13,11,3,100
8.0,13,11,4,101
8.0,13,11,5,101
8.0,13,11,6,102
8.0,13,11,7,102
8.0,13,11,8,103
8.0,13,11,9,103
8.0,13,11,10,104
8.0,13,11,11,104
8.0,13,11,12,104
8.0,13,11,13,105
8.0,13,11,14,105
8.0,13,11,15,106
8.0,13,12,0,99
8.0,13,12,1,100
8.0,13,12,2,100
8.0,13,12,3,101
8.0,13,12,4,101
8.0,13,12,5,102
8.0,13,12,6,102
8.0,13,12,7,103
8.0,13,12,8,103
8.0,13,12,9,104
8.0,13,12,10,104
8.0,13,12,11,105
8.0,13,12,12,105
8.0,13,12,13,105
8.0,13,12,14,106
8.0,13,12,15,106
8.0,13,13,0,100
8.0,13,13,1,100
8.0,13,13,2,101
8.0,13,13,3,101
8.0,13,13,4,102
8.0,13,13,5,102
8.0,13,13,6,103
8.0,13,13,7,103
8.0,13,13,8,104
8.0,13,13,9,104
8.0,13,13,10,105
8.0,13,13,11,105
8.0,13,13,12,106
8.0,13,13,13,106
8.0,13,13,14,106
8.0,13,13,15,107
8.0,13,14,0,100
8.0,13,14,1,101
8.0,13,14,2,101
8.0,13,14,3,102
8.0,13,14,4,102
8.0,13,14,5,103
8.0,13,14,6,103
8.0,13,14,7,104
8.0,13,14,8,104
8.0,13,14,9,105
8.0,13,14,10,105
8.0,13,14,11,106
8.0,13,14,12,106
8.0,13,14,13,107
8.0,13,14,14,107
8.0,13,14,15,107
8.0,13,15,0,101
8.0,13,15,1,101
8.0,13,15,2,102
8.0,13,15,3,102
8.0,13,15,4,103
8.0,13,15,5,103
8.0,13,15,6,104
8.0,13,15,7,104
8.0,13,15,8,105
8.0,13,15,9,105
8.0,13,15,10,106
8.0,13,15,11,106
8.0,13,15,12,107
8.0,13,15,13,107
8.0,13,15,14,108
8.0,13,15,15,108
8.0,14,0,0,94
8.0,14,0,1,95
8.0,14,0,2,95
8.0,14,0,3,95
8.0,14,0,4,96
8.0,14,0,5,96
8.0,14,0,6,97
8.0,14,0,7,97
8.0,14,0,8,98
8.0,14,0,9,98
8.0,14,0,10,99
8.0,14,0,11,99
8.0,14,0,12,99
8.0,14,0,13,100
8.0,14,0,14,100
8.0,14,0,15,101
8.0,14,1,0,95
8.0,14,1,1,95
8.0,14,1,2,96
8.0,14,1,3,96
8.0,14,1,4,96
8.0,14,1,5,97
8.0,14,1,6,97
8.0,14,1,7,98
8.0,14,1,8,98
8.0,14,1,9,99
8.0,14,1,10,99
8.0,14,1,11,100
8.0,14,1,12,100
8.0,14,1,13,101
8.0,14,1,14,101
8.0,14,1,15,101
8.0,14,2,0,95
8.0,14,2,1,96
8.0,14,2,2,96
8.0,14,2,3,97
8.0,14,2,4,97
8.0,14,2,5,98
8.0,14,2,6,98
8.0,14,2,7,98
8.0,14,2,8,99
8.0,14,2,9,99
8.0,14,2,10,100
8.0,14,2,11,100
8.0,14,2,12,101
8.0,14,2,13,101
8.0,14,2,14,102
8.0,14,2,15,102
8.0,14,3,0,96
8.0,14,3,1,96
8.0,14,3,2,97
8.0,14,3,3,97
8.0,14,3,4,98
8.0,14,3,5,98
8.0,14,3,6,99
8.0,14,3,7,99
8.0,14,3,8,99
8.0,14,3,9,100
8.0,14,3,10,100
8.0,14,3,11,101
8.0,14,3,12,101
8.0,14,3,13,102
8.0,14,3,14,102
8.0,14,3,15,103
8.0,14,4,0,96
8.0,14,4,1,97
8.0,14,4,2,97
8.0,14,4,3,98
8.0,14,4,4,98
8.0,14,4,5,99
8.0,14,4,6,99
8.0,14,4,7,100
8.0,14,4,8,100
8.0,14,4,9,101
8.0,14,4,10,101
8.0,14,4,11,101
8.0,14,4,12,102
8.0,14,4,13,102
8.0,14,4,14,103
8.0,14,4,15,103
8.0,14,5,0,97
8.0,14,5,1,97
8.0,14,5,2,98
8.0,14,5,3,98
8.0,14,5,4,99
8.0,14,5,5,99
8.0,14,5,6,100
8.0,14,5,7,100
8.0,14,5,8,101
8.0,14,5,9,101
8.0,14,5,10,102
8.0,14,5,11,102
8.0,14,5,12,102
8.0,14,5,13,103
8.0,14,5,14,103
8.0,14,5,15,104
8.0,14,6,0,97
8.0,14,6,1,98
8.0,14,6,2,98
8.0,14,6,3,99
8.0,14,6,4,99
8.0,14,6,5,100
8.0,14,6,6,100
8.0,14,6,7,101
8.0,14,6,8,101
8.0,14,6,9,102
8.0,14,6,10,102
8.0,14,6,11,103
8.0,14,6,12,103
8.0,14,6,13,103
8.0,14,6,14,104
8.0,14,6,15,104
8.0,14,7,0,98
8.0,14,7,1,98
8.0,14,7,2,99
8.0,14,7,3,99
8.0,14,7,4,100
8.0,14,7,5,100
8.0,14,7,6,101
8.0,14,7,7,101
8.0,14,7,8,102
8.0,14,7,9,102
8.0,14,7,10,103
8.0,14,7,11,103
8.0,14,7,12,104
8.0,14,7,13,104
8.0,14,7,14,105
8.0,14,7,15,105
8.0,14,8,0,99
8.0,14,8,1,99
8.0,14,8,2,99
8.0,14,8,3,100
8.0,14,8,4,100
8.0,14,8,5,101
8.0,14,8,6,101
8.0,14,8,7,102
8.0,14,8,8,102
8.0,14,8,9,103
8.0,14,8,10,103
8.0,14,8,11,104
8.0,14,8,12,104
8.0,14,8,13,105
8.0,14,8,14,105
8.0,14,8,15,106
8.0,14,9,0,99
8.0,14,9,1,100
8.0,14,9,2,100
8.0,14,9,3,101
8.0,14,9,4,101
8.0,14,9,5,101
8.0,14,9,6,102
8.0,14,9,7,102
8.0,14,9,8,103
8.0,14,9,9,103
8.0,14,9,10,104
8.0,14,9,11,104
8.0,14,9,12,105
8.0,14,9,13,105
8.0,14,9,14,106
8.0,14,9,15,106
8.0,14,10,0,100
8.0,14,10,1,100
8.0,14,10,2,101
8.0,14,10,3,101
8.0,14,10,4,102
8.0,14,10,5,102
8.0,14,10,6,103
8.0,14,10,7,103
8.0,14,10,8,103
8.0,14,10,9,104
8.0,14,10,10,104
8.0,14,10,11,105
8.0,14,10,12,105
8.0,14,10,13,106
8.0,14,10,14,106
8.0,14,10,15,107
8.0,14,11,0,100
8.0,14,11,1,101
8.0,14,11,2,101
8.0,14,11,3,102
8.0,14,11,4,102
8.0,14,11,5,103
8.0,14,11,6,103
8.0,14,11,7,104
8.0,14,11,8,104
8.0,14,11,9,104
8.0,14,11,10,105
8.0,14,11,11,105
8.0,14,11,12,106
8.0,14,11,13,106
8.0,14,11,14,107
8.0,14,11,15,107
8.0,14,12,0,101
8.0,14,12,1,101
8.0,14,12,2,102
8.0,14,12,3,102
8.0,14,12,4,103
8.0,14,12,5,103
8.0,14,12,6,104
8.0,14,12,7,104
8.0,14,12,8,105
8.0,14,12,9,105
8.0,14,12,10,106
8.0,14,12,11,106
8.0,14,12,12,106
8.0,14,12,13,107
8.0,14,12,14,107
8.0,14,12,15,108
8.0,14,13,0,101
8.0,14,13,1,102
8.0,14,13,2,102
8.0,14,13,3,103
8.0,14,13,4,103
8.0,14,13,5,104
8.0,14,13,6,104
8.0,14,13,7,105
8.0,14,13,8,105
8.0,14,13,9,106
8.0,14,13,10,106
8.0,14,13,11,107
8.0,14,13,12,107
8.0,14,13,13,107
8.0,14,13,14,108
8.0,14,13,15,108
8.0,14,14,0,102
8.0,14,14,1,102
8.0,14,14,2,103
8.0,14,14,3,103
8.0,14,14,4,104
8.0,14,14,5,104
8.0,14,14,6,105
8.0,14,14,7,105
8.0,14,14,8,106
8.0,14,14,9,106
8.0,14,14,10,107
8.0,14,14,11,107
8.0,14,14,12,108
8.0,14,14,13,108
8.0,14,14,14,109
8.0,14,14,15,109
8.0,14,15,0,102
8.0,14,15,1,103
8.0,14,15,2,103
8.0,14,15,3,104
8.0,14,15,4,104
8.0,14,15,5,105
8.0,14,15,6,105
8.0,14,15,7,106
8.0,14,15,8,106
8.0,14,15,9,107
8.0,14,15,10,107
8.0,14,15,11,108
8.0,14,15,12,108
8.0,14,15,13,109
8.0,14,15,14,109
8.0,14,15,15,110
8.0,15,0,0,95
8.0,15,0,1,96
8.0,15,0,2,96
8.0,15,0,3,97
8.0,15,0,4,97
8.0,15,0,5,98
8.0,15,0,6,98
8.0,15,0,7,99
8.0,15,0,8,99
8.0,15,0,9,100
8.0,15,0,10,100
8.0,15,0,11,100
8.0,15,0,12,101
8.0,15,0,13,101
8.0,15,0,14,102
8.0,15,0,15,102
8.0,15,1,0,96
8.0,15,1,1,96
8.0,15,1,2,97
8.0,15,1,3,97
8.0,15,1,4,98
8.0,15,1,5,98
8.0,15,1,6,99
8.0,15,1,7,99
8.0,15,1,8,100
8.0,15,1,9,100
8.0,15,1,10,101
8.0,15,1,11,101
8.0,15,1,12,101
8.0,15,1,13,102
8.0,15,1,14,102
8.0,15,1,15,103
8.0,15,2,0,97
8.0,15,2,1,97
8.0,15,2,2,97
8.0,15,2,3,98
8.0,15,2,4,98
8.0,15,2,5,99
8.0,15,2,6,99
8.0,15,2,7,100
8.0,15,2,8,100
8.0,15,2,9,101
8.0,15,2,10,101
8.0,15,2,11,102
8.0,15,2,12,102
8.0,15,2,13,103
8.0,15,2,14,103
8.0,15,2,15,103
8.0,15,3,0,97
8.0,15,3,1,98
8.0,15,3,2,98
8.0,15,3,3,99
8.0,15,3,4,99
8.0,15,3,5,99
8.0,15,3,6,100
8.0,15,3,7,100
8.0,15,3,8,101
8.0,15,3,9,101
8.0,15,3,10,102
8.0,15,3,11,102
8.0,15,3,12,103
8.0,15,3,13,103
8.0,15,3,14,104
8.0,15,3,15,104
8.0,15,4,0,98
8.0,15,4,1,98
8.0,15,4,2,99
8.0,15,4,3,99
8.0,15,4,4,100
8.0,15,4,5,100
8.0,15,4,6,100
8.0,15,4,7,101
8.0,15,4,8,101
8.0,15,4,9,102
8.0,15,4,10,102
8.0,15,4,11,103
8.0,15,4,12,103
8.0,15,4,13,104
8.0,15,4,14,104
8.0,15,4,15,105
8.0,15,5,0,98
8.0,15,5,1,99
8.0,15,5,2,99
8.0,15,5,3,100
8.0,15,5,4,100
8.0,15,5,5,101
8.0,15,5,6,101
8.0,15,5,7,102
8.0,15,5,8,102
8.0,15,5,9,102
8.0,15,5,10,103
8.0,15,5,11,103
8.0,15,5,12,104
8.0,15,5,13,104
8.0,15,5,14,105
8.0,15,5,15,105
8.0,15,6,0,99
8.0,15,6,1,99
8.0,15,6,2,100
8.0,15,6,3,100
8.0,15,6,4,101
8.0,15,6,5,101
8.0,15,6,6,102
8.0,15,6,7,102
8.0,15,6,8,103
8.0,15,6,9,103
8.0,15,6,10,104
8.0,15,6,11,104
8.0,15,6,12,104
8.0,15,6,13,105
8.0,15,6,14,105
8.0,15,6,15,106
8.0,15,7,0,99
8.0,15,7,1,100
8.0,15,7,2,100
8.0,15,7,3,101
8.0,15,7,4,101
8.0,15,7,5,102
8.0,15,7,6,102
8.0,15,7,7,103
8.0,15,7,8,103
8.0,15,7,9,104
8.0,15,7,10,104
8.0,15,7,11,105
8.0,15,7,12,105
8.0,15,7,13,106
8.0,15,7,14,106
8.0,15,7,15,106
8.0,15,8,0,100
8.0,15,8,1,100
8.0,15,8,2,101
8.0,15,8,3,101
8.0,15,8,4,102
8.0,15,8,5,102
8.0,15,8,6,103
8.0,15,8,7,103
8.0,15,8,8,104
8.0,15,8,9,104
8.0,15,8,10,105
8.0,15,8,11,105
8.0,15,8,12,106
8.0,15,8,13,106
8.0,15,8,14,107
8.0,15,8,15,107
8.0,15,9,0,100
8.0,15,9,1,101
8.0,15,9,2,101
8.0,15,9,3,102
8.0,15,9,4,102
8.0,15,9,5,103
8.0,15,9,6,103
8.0,15,9,7,104
8.0,15,9,8,104
8.0,15,9,9,105
8.0,15,9,10,105
8.0,15,9,11,106
8.0,15,9,12,106
8.0,15,9,13,107
8.0,15,9,14,107
8.0,15,9,15,108
8.0,15,10,0,101
8.0,15,10,1,101
8.0,15,10,2,102
8.0,15,10,3,102
8.0,15,10,4,103
8.0,15,10,5,103
8.0,15,10,6,104
8.0,15,10,7,104
8.0,15,10,8,105
8.0,15,10,9,105
8.0,15,10,10,106
8.0,15,10,11,106
8.0,15,10,12,107
8.0,15,10,13,107
8.0,15,10,14,108
8.0,15,10,15,108
8.0,15,11,0,102
8.0,15,11,1,102
8.0,15,11,2,103
8.0,15,11,3,103
8.0,15,11,4,104
8.0,15,11,5,104
8.0,15,11,6,104
8.0,15,11,7,105
8.0,15,11,8,105
8.0,15,11,9,106
8.0,15,11,10,106
8.0,15,11,11,107
8.0,15,11,12,107
8.0,15,11,13,108
8.0,15,11,14,108
8.0,15,11,15,109
8.0,15,12,0,102
8.0,15,12,1,103
8.0,15,12,2,103
8.0,15,12,3,104
8.0,15,12,4,104
8.0,15,12,5,105
8.0,15,12,6,105
8.0,15,12,7,106
8.0,15,12,8,106
8.0,15,12,9,106
8.0,15,12,10,107
8.0,15,12,11,107
8.0,15,12,12,108
8.0,15,12,13,108
8.0,15,12,14,109
8.0,15,12,15,109
8.0,15,13,0,103
8.0,15,13,1,103
8.0,15,13,2,104
8.0,15,13,3,104
8.0,15,13,4,105
8.0,15,13,5,105
8.0,15,13,6,106
8.0,15,13,7,106
8.0,15,13,8,107
8.0,15,13,9,107
8.0,15,13,10,108
8.0,15,13,11,108
8.0,15,13,12,109
8.0,15,13,13,109
8.0,15,13,14,109
8.0,15,13,15,110
8.0,15,14,0,103
8.0,15,14,1,104
8.0,15,14,2,104
8.0,15,14,3,105
8.0,15,14,4,105
8.0,15,14,5,106
8.0,15,14,6,106
8.0,15,14,7,107
8.0,15,14,8,107
8.0,15,14,9,108
8.0,15,14,10,108
8.0,15,14,11,109
8.0,15,14,12,109
8.0,15,14,13,110
8.0,15,14,14,110
8.0,15,14,15,110
8.0,15,15,0,104
8.0,15,15,1,104
8.0,15,15,2,105
8.0,15,15,3,105
8.0,15,15,4,106
8.0,15,15,5,106
8.0,15,15,6,107
8.0,15,15,7,107
8.0,15,15,8,108
8.0,15,15,9,108
8.0,15,15,10,109
8.0,15,15,11,109
8.0,15,15,12,110
8.0,15,15,13,110
8.0,15,15,14,111
8.0,15,15,15,111
8.5,0,0,0,81
8.5,0,0,1,81
8.5,0,0,2,82
8.5,0,0,3,82
8.5,0,0,4,83
8.5,0,0,5,83
8.5,0,0,6,83
8.5,0,0,7,84
8.5,0,0,8,84
8.5,0,0,9,85
8.5,0,0,10,85
8.5,0,0,11,85
8.5,0,0,12,86
8.5,0,0,13,86
8.5,0,0,14,86
8.5,0,0,15,87
8.5,0,1,0,82
8.5,0,1,1,82
8.5,0,1,2,82
8.5,0,1,3,83
8.5,0,1,4,83
8.5,0,1,5,84
8.5,0,1,6,84
8.5,0,1,7,84
8.5,0,1,8,85
8.5,0,1,9,85
8.5,0,1,10,85
8.5,0,1,11,86
8.5,0,1,12,86
8.5,0,1,13,87
8.5,0,1,14,87
8.5,0,1,15,87
8.5,0,2,0,82
8.5,0,2,1,82
8.5,0,2,2,83
8.5,0,2,3,83
8.5,0,2,4,84
8.5,0,2,5,84
8.5,0,2,6,84
8.5,0,2,7,85
8.5,0,2,8,85
8.5,0,2,9,86
8.5,0,2,10,86
8.5,0,2,11,86
8.5,0,2,12,87
8.5,0,2,13,87
8.5,0,2,14,88
8.5,0,2,15,88
8.5,0,3,0,83
8.5,0,3,1,83
8.5,0,3,2,83
8.5,0,3,3,84
8.5,0,3,4,84
8.5,0,3,5,85
8.5,0,3,6,85
8.5,0,3,7,85
8.5,0,3,8,86
8.5,0,3,9,86
8.5,0,3,10,86
8.5,0,3,11,87
8.5,0,3,12,87
8.5,0,3,13,88
8.5,0,3,14,88
8.5,0,3,15,88
8.5,0,4,0,83
8.5,0,4,1,83
8.5,0,4,2,84
8.5,0,4,3,84
8.5,0,4,4,85
8.5,0,4,5,85
8.5,0,4,6,85
8.5,0,4,7,86
8.5,0,4,8,86
8.5,0,4,9,87
8.5,0,4,10,87
8.5,0,4,11,87
8.5,0,4,12,88
8.5,0,4,13,88
8.5,0,4,14,89
8.5,0,4,15,89
8.5,0,5,0,83
8.5,0,5,1,84
8.5,0,5,2,84
8.5,0,5,3,85
8.5,0,5,4,85
8.5,0,5,5,86
8.5,0,5,6,86
8.5,0,5,7,86
8.5,0,5,8,87
8.5,0,5,9,87
8.5,0,5,10,87
8.5,0,5,11,88
8.5,0,5,12,88
8.5,0,5,13,89
8.5,0,5,14,89
8.5,0,5,15,89
8.5,0,6,0,84
8.5,0,6,1,84
8.5,0,6,2,85
8.5,0,6,3,85
8.5,0,6,4,86
8.5,0,6,5,86
8.5,0,6,6,86
8.5,0,6,7,87
8.5,0,6,8,87
8.5,0,6,9,88
8.5,0,6,10,88
8.5,0,6,11,88
8.5,0,6,12,89
8.5,0,6,13,89
8.5,0,6,14,90
8.5,0,6,15,90
8.5,0,7,0,84
8.5,0,7,1,85
8.5,0,7,2,85
8.5,0,7,3,86
8.5,0,7,4,86
8.5,0,7,5,86
8.5,0,7,6,87
8.5,0,7,7,87
8.5,0,7,8,88
8.5,0,7,9,88
8.5,0,7,10,88
8.5,0,7,11,89
8.5,0,7,12,89
8.5,0,7,13,90
8.5,0,7,14,90
8.5,0,7,15,90
8.5,0,8,0,85
8.5,0,8,1,85
8.5,0,8,2,86
8.5,0,8,3,86
8.5,0,8,4,87
8.5,0,8,5,87
8.5,0,8,6,87
8.5,0,8,7,88
8.5,0,8,8,88
8.5,0,8,9,89
8.5,0,8,10,89
8.5,0,8,11,89
8.5,0,8,12,90
8.5,0,8,13,90
8.5,0,8,14,91
8.5,0,8,15,91
8.5,0,9,0,85
8.5,0,9,1,86
8.5,0,9,2,86
8.5,0,9,3,87
8.5,0,9,4,87
8.5,0,9,5,87
8.5,0,9,6,88
8.5,0,9,7,88
8.5,0,9,8,89
8.5,0,9,9,89
8.5,0,9,10,89
8.5,0,9,11,90
8.5,0,9,12,90
8.5,0,9,13,91
8.5,0,9,14,91
8.5,0,9,15,91
8.5,0,10,0,86
8.5,0,10,1,86
8.5,0,10,2,87
8.5,0,10,3,87
8.5,0,10,4,88
8.5,0,10,5,88
8.5,0,10,6,88
8.5,0,10,7,89
8.5,0,10,8,89
8.5,0,10,9,90
8.5,0,10,10,90
8.5,0,10,11,90
8.5,0,10,12,91
8.5,0,10,13,91
8.5,0,10,14,92
8.5,0,10,15,92
8.5,0,11,0,86
8.5,0,11,1,87
8.5,0,11,2,87
8.5,0,11,3,88
8.5,0,11,4,88
8.5,0,11,5,88
8.5,0,11,6,89
8.5,0,11,7,89
8.5,0,11,8,90
8.5,0,11,9,90
8.5,0,11,10,90
8.5,0,11,11,91
8.5,0,11,12,91
8.5,0,11,13,92
8.5,0,11,14,92
8.5,0,11,15,92
8.5,0,12,0,87
8.5,0,12,1,87
8.5,0,12,2,88
8.5,0,12,3,88
8.5,0,12,4,88
8.5,0,12,5,89
8.5,0,12,6,89
8.5,0,12,7,90
8.5,0,12,8,90
8.5,0,12,9,91
8.5,0,12,10,91
8.5,0,12,11,91
8.5,0,12,12,92
8.5,0,12,13,92
8.5,0,12,14,93
8.5,0,12,15,93
8.5,0,13,0,87
8.5,0,13,1,88
8.5,0,13,2,88
8.5,0,13,3,88
8.5,0,13,4,89
8.5,0,13,5,89
8.5,0,13,6,90
8.5,0,13,7,90
8.5,0,13,8,91
8.5,0,13,9,91
8.5,0,13,10,91
8.5,0,13,11,92
8.5,0,13,12,92
8.5,0,13,13,93
8.5,0,13,14,93
8.5,0,13,15,93
8.5,0,14,0,88
8.5,0,14,1,88
8.5,0,14,2,89
8.5,0,14,3,89
8.5,0,14,4,89
8.5,0,14,5,90
8.5,0,14,6,90
8.5,0,14,7,91
8.5,0,14,8,91
8.5,0,14,9,91
8.5,0,14,10,92
8.5,0,14,11,92
8.5,0,14,12,93
8.5,0,14,13,93
8.5,0,14,14,94
8.5,0,14,15,94
8.5,0,15,0,88
8.5,0,15,1,89
8.5,0,15,2,89
8.5,0,15,3,89
8.5,0,15,4,90
8.5,0,15,5,90
8.5,0,15,6,91
8.5,0,15,7,91
8.5,0,15,8,92
8.5,0,15,9,92
8.5,0,15,10,92
8.5,0,15,11,93
8.5,0,15,12,93
8.5,0,15,13,94
8.5,0,15,14,94
8.5,0,15,15,94
8.5,1,0,0,82
8.5,1,0,1,83
8.5,1,0,2,83
8.5,1,0,3,84
8.5,1,0,4,84
8.5,1,0,5,84
8.5,1,0,6,85
8.5,1,0,7,85
8.5,1,0,8,86
8.5,1,0,9,86
8.5,1,0,10,86
8.5,1,0,11,87
8.5,1,0,12,87
8.5,1,0,13,88
8.5,1,0,14,88
8.5,1,0,15,88
8.5,1,1,0,83
8.5,1,1,1,83
8.5,1,1,2,84
8.5,1,1,3,84
8.5,1,1,4,85
8.5,1,1,5,85
8.5,1,1,6,85
8.5,1,1,7,86
8.5,1,1,8,86
8.5,1,1,9,87
8.5,1,1,10,87
8.5,1,1,11,87
8.5,1,1,12,88
8.5,1,1,13,88
8.5,1,1,14,88
8.5,1,1,15,89
8.5,1,2,0,83
8.5,1,2,1,84
8.5,1,2,2,84
8.5,1,2,3,85
8.5,1,2,4,85
8.5,1,2,5,85
8.5,1,2,6,86
8.5,1,2,7,86
8.5,1,2,8,87
8.5,1,2,9,87
8.5,1,2,10,87
8.5,1,2,11,88
8.5,1,2,12,88
8.5,1,2,13,89
8.5,1,2,14,89
8.5,1,2,15,89
8.5,1,3,0,84
8.5,1,3,1,84
8.5,1,3,2,85
8.5,1,3,3,85
8.5,1,3,4,86
8.5,1,3,5,86
8.5,1,3,6,86
8.5,1,3,7,87
8.5,1,3,8,87
8.5,1,3,9,88
8.5,1,3,10,88
8.5,1,3,11,88
8.5,1,3,12,89
8.5,1,3,13,89
8.5,1,3,14,90
8.5,1,3,15,90
8.5,1,4,0,84
8.5,1,4,1,85
8.5,1,4,2,85
8.5,1,4,3,86
8.5,1,4,4,86
8.5,1,4,5,86
8.5,1,4,6,87
8.5,1,4,7,87
8.5,1,4,8,88
8.5,1,4,9,88
8.5,1,4,10,88
8.5,1,4,11,89
8.5,1,4,12,89
8.5,1,4,13,90
8.5,1,4,14,90
8.5,1,4,15,90
8.5,1,5,0,85
8.5,1,5,1,85
8.5,1,5,2,86
8.5,1,5,3,86
8.5,1,5,4,87
8.5,1,5,5,87
8.5,1,5,6,87
8.5,1,5,7,88
8.5,1,5,8,88
8.5,1,5,9,89
8.5,1,5,10,89
8.5,1,5,11,89
8.5,1,5,12,90
8.5,1,5,13,90
8.5,1,5,14,91
8.5,1,5,15,91
8.5,1,6,0,85
8.5,1,6,1,86
8.5,1,6,2,86
8.5,1,6,3,87
8.5,1,6,4,87
8.5,1,6,5,87
8.5,1,6,6,88
8.5,1,6,7,88
8.5,1,6,8,89
8.5,1,6,9,89
8.5,1,6,10,89
8.5,1,6,11,90
8.5,1,6,12,90
8.5,1,6,13,91
8.5,1,6,14,91
8.5,1,6,15,91
8.5,1,7,0,86
8.5,1,7,1,86
8.5,1,7,2,87
8.5,1,7,3,87
8.5,1,7,4,88
8.5,1,7,5,88
8.5,1,7,6,88
8.5,1,7,7,89
8.5,1,7,8,89
8.5,1,7,9,90
8.5,1,7,10,90
8.5,1,7,11,90
8.5,1,7,12,91
8.5,1,7,13,91
8.5,1,7,14,92
8.5,1,7,15,92
8.5,1,8,0,86
8.5,1,8,1,87
8.5,1,8,2,87
8.5,1,8,3,88
8.5,1,8,4,88
8.5,1,8,5,88
8.5,1,8,6,89
8.5,1,8,7,89
8.5,1,8,8,90
8.5,1,8,9,90
8.5,1,8,10,90
8.5,1,8,11,91
8.5,1,8,12,91
8.5,1,8,13,92
8.5,1,8,14,92
8.5,1,8,15,93
8.5,1,9,0,87
8.5,1,9,1,87
8.5,1,9,2,88
8.5,1,9,3,88
8.5,1,9,4,89
8.5,1,9,5,89
8.5,1,9,6,89
8.5,1,9,7,90
8.5,1,9,8,90
8.5,1,9,9,91
8.5,1,9,10,91
8.5,1,9,11,91
8.5,1,9,12,92
8.5,1,9,13,92
8.5,1,9,14,93
8.5,1,9,15,93
8.5,1,10,0,87
8.5,1,10,1,88
8.5,1,10,2,88
8.5,1,10,3,89
8.5,1,10,4,89
8.5,1,10,5,89
8.5,1,10,6,90
8.5,1,10,7,90
8.5,1,10,8,91
8.5,1,10,9,91
8.5,1,10,10,91
8.5,1,10,11,92
8.5,1,10,12,92
8.5,1,10,13,93
8.5,1,10,14,93
8.5,1,10,15,94
8.5,1,11,0,88
8.5,1,11,1,88
8.5,1,11,2,89
8.5,1,11,3,89
8.5,1,11,4,89
8.5,1,11,5,90
8.5,1,11,6,90
8.5,1,11,7,91
8.5,1,11,8,91
8.5,1,11,9,92
8.5,1,11,10,92
8.5,1,11,11,92
8.5,1,11,12,93
8.5,1,11,13,93
8.5,1,11,14,94
8.5,1,11,15,94
8.5,1,12,0,88
8.5,1,12,1,89
8.5,1,12,2,89
8.5,1,12,3,90
8.5,1,12,4,90
8.5,1,12,5,90
8.5,1,12,6,91
8.5,1,12,7,91
8.5,1,12,8,92
8.5,1,12,9,92
8.5,1,12,10,92
8.5,1,12,11,93
8.5,1,12,12,93
8.5,1,12,13,94
8.5,1,12,14,94
8.5,1,12,15,95
8.5,1,13,0,89
8.5,1,13,1,89
8.5,1,13,2,90
8.5,1,13,3,90
8.5,1,13,4,90
8.5,1,13,5,91
8.5,1,13,6,91
8.5,1,13,7,92
8.5,1,13,8,92
8.5,1,13,9,93
8.5,1,13,10,93
8.5,1,13,11,93
8.5,1,13,12,94
8.5,1,13,13,94
8.5,1,13,14,95
8.5,1,13,15,95
8.5,1,14,0,89
8.5,1,14,1,90
8.5,1,14,2,90
8.5,1,14,3,90
8.5,1,14,4,91
8.5,1,14,5,91
8.5,1,14,6,92
8.5,1,14,7,92
8.5,1,14,8,93
8.5,1,14,9,93
8.5,1,14,10,93
8.5,1,14,11,94
8.5,1,14,12,94
8.5,1,14,13,95
8.5,1,14,14,95
8.5,1,14,15,96
8.5,1,15,0,90
8.5,1,15,1,90
8.5,1,15,2,90
8.5,1,15,3,91
8.5,1,15,4,91
8.5,1,15,5,92
8.5,1,15,6,92
8.5,1,15,7,93
8.5,1,15,8,93
8.5,1,15,9,94
8.5,1,15,10,94
8.5,1,15,11,94
8.5,1,15,12,95
8.5,1,15,13,95
8.5,1,15,14,96
8.5,1,15,15,96
8.5,2,0,0,84
8.5,2,0,1,84
8.5,2,0,2,85
8.5,2,0,3,85
8.5,2,0,4,85
8.5,2,0,5,86
8.5,2,0,6,86
8.5,2,0,7,87
8.5,2,0,8,87
8.5,2,0,9,87
8.5,2,0,10,88
8.5,2,0,11,88
8.5,2,0,12,89
8.5,2,0,13,89
8.5,2,0,14,89
8.5,2,0,15,90
8.5,2,1,0,84
8.5,2,1,1,85
8.5,2,1,2,85
8.5,2,1,3,86
8.5,2,1,4,86
8.5,2,1,5,86
8.5,2,1,6,87
8.5,2,1,7,87
8.5,2,1,8,88
8.5,2,1,9,88
8.5,2,1,10,88
8.5,2,1,11,89
8.5,2,1,12,89
8.5,2,1,13,90
8.5,2,1,14,90
8.5,2,1,15,90
8.5,2,2,0,85
8.5,2,2,1,85
8.5,2,2,2,86
8.5,2,2,3,86
8.5,2,2,4,86
8.5,2,2,5,87
8.5,2,2,6,87
8.5,2,2,7,88
8.5,2,2,8,88
8.5,2,2,9,89
8.5,2,2,10,89
8.5,2,2,11,89
8.5,2,2,12,90
8.5,2,2,13,90
8.5,2,2,14,90
8.5,2,2,15,91
8.5,2,3,0,85
8.5,2,3,1,86
8.5,2,3,2,86
8.5,2,3,3,87
8.5,2,3,4,87
8.5,2,3,5,87
8.5,2,3,6,88
8.5,2,3,7,88
8.5,2,3,8,89
8.5,2,3,9,89
8.5,2,3,10,89
8.5,2,3,11,90
8.5,2,3,12,90
8.5,2,3,13,91
8.5,2,3,14,91
8.5,2,3,15,91
8.5,2,4,0,86
8.5,2,4,1,86
8.5,2,4,2,87
8.5,2,4,3,87
8.5,2,4,4,88
8.5,2,4,5,88
8.5,2,4,6,88
8.5,2,4,7,89
8.5,2,4,8,89
8.5,2,4,9,90
8.5,2,4,10,90
8.5,2,4,11,90
8.5,2,4,12,91
8.5,2,4,13,91
8.5,2,4,14,92
8.5,2,4,15,92
8.5,2,5,0,86
8.5,2,5,1,87
8.5,2,5,2,87
8.5,2,5,3,88
8.5,2,5,4,88
8.5,2,5,5,88
8.5,2,5,6,89
8.5,2,5,7,89
8.5,2,5,8,90
8.5,2,5,9,90
8.5,2,5,10,90
8.5,2,5,11,91
8.5,2,5,12,91
8.5,2,5,13,92
8.5,2,5,14,92
8.5,2,5,15,92
8.5,2,6,0,87
8.5,2,6,1,87
8.5,2,6,2,88
8.5,2,6,3,88
8.5,2,6,4,89
8.5,2,6,5,89
8.5,2,6,6,89
8.5,2,6,7,90
8.5,2,6,8,90
8.5,2,6,9,91
8.5,2,6,10,91
8.5,2,6,11,91
8.5,2,6,12,92
8.5,2,6,13,92
8.5,2,6,14,93
8.5,2,6,15,93
8.5,2,7,0,87
8.5,2,7,1,88
8.5,2,7,2,88
8.5,2,7,3,89
8.5,2,7,4,89
8.5,2,7,5,89
8.5,2,7,6,90
8.5,2,7,7,90
8.5,2,7,8,91
8.5,2,7,9,91
8.5,2,7,10,92
8.5,2,7,11,92
8.5,2,7,12,92
8.5,2,7,13,93
8.5,2,7,14,93
8.5,2,7,15,94
8.5,2,8,0,88
8.5,2,8,1,88
8.5,2,8,2,89
8.5,2,8,3,89
8.5,2,8,4,90
8.5,2,8,5,90
8.5,2,8,6,90
8.5,2,8,7,91
8.5,2,8,8,91
8.5,2,8,9,92
8.5,2,8,10,92
8.5,2,8,11,92
8.5,2,8,12,93
8.5,2,8,13,93
8.5,2,8,14,94
8.5,2,8,15,94
8.5,2,9,0,88
8.5,2,9,1,89
8.5,2,9,2,89
8.5,2,9,3,90
8.5,2,9,4,90
8.5,2,9,5,90
8.5,2,9,6,91
8.5,2,9,7,91
8.5,2,9,8,92
8.5,2,9,9,92
8.5,2,9,10,93
8.5,2,9,11,93
8.5,2,9,12,93
8.5,2,9,13,94
8.5,2,9,14,94
8.5,2,9,15,95
8.5,2,10,0,89
8.5,2,10,1,89
8.5,2,10,2,90
8.5,2,10,3,90
8.5,2,10,4,90
8.5,2,10,5,91
8.5,2,10,6,91
8.5,2,10,7,92
8.5,2,10,8,92
8.5,2,10,9,93
8.5,2,10,10,93
8.5,2,10,11,93
8.5,2,10,12,94
8.5,2,10,13,94
8.5,2,10,14,95
8.5,2,10,15,95
8.5,2,11,0,89
8.5,2,11,1,90
8.5,2,11,2,90
8.5,2,11,3,91
8.5,2,11,4,91
8.5,2,11,5,91
8.5,2,11,6,92
8.5,2,11,7,92
8.5,2,11,8,93
8.5,2,11,9,93
8.5,2,11,10,94
8.5,2,11,11,94
8.5,2,11,12,94
8.5,2,11,13,95
8.5,2,11,14,95
8.5,2,11,15,96
8.5,2,12,0,90
8.5,2,12,1,90
8.5,2,12,2,91
8.5,2,12,3,91
8.5,2,12,4,91
8.5,2,12,5,92
8.5,2,12,6,92
8.5,2,12,7,93
8.5,2,12,8,93
8.5,2,12,9,94
8.5,2,12,10,94
8.5,2,12,11,94
8.5,2,12,12,95
8.5,2,12,13,95
8.5,2,12,14,96
8.5,2,12,15,96
8.5,2,13,0,90
8.5,2,13,1,91
8.5,2,13,2,91
8.5,2,13,3,92
8.5,2,13,4,92
8.5,2,13,5,92
8.5,2,13,6,93
8.5,2,13,7,93
8.5,2,13,8,94
8.5,2,13,9,94
8.5,2,13,10,95
8.5,2,13,11,95
8.5,2,13,12,95
8.5,2,13,13,96
8.5,2,13,14,96
8.5,2,13,15,97
8.5,2,14,0,91
8.5,2,14,1,91
8.5,2,14,2,92
8.5,2,14,3,92
8.5,2,14,4,92
8.5,2,14,5,93
8.5,2,14,6,93
8.5,2,14,7,94
8.5,2,14,8,94
8.5,2,14,9,95
8.5,2,14,10,95
8.5,2,14,11,95
8.5,2,14,12,96
8.5,2,14,13,96
8.5,2,14,14,97
8.5,2,14,15,97
8.5,2,15,0,91
8.5,2,15,1,92
8.5,2,15,2,92
8.5,2,15,3,92
8.5,2,15,4,93
8.5,2,15,5,93
8.5,2,15,6,94
8.5,2,15,7,94
8.5,2,15,8,95
8.5,2,15,9,95
8.5,2,15,10,96
8.5,2,15,11,96
8.5,2,15,12,96
8.5,2,15,13,97
8.5,2,15,14,97
8.5,2,15,15,98
8.5,3,0,0,85
8.5,3,0,1,86
8.5,3,0,2,86
8.5,3,0,3,86
8.5,3,0,4,87
8.5,3,0,5,87
8.5,3,0,6,88
8.5,3,0,7,88
8.5,3,0,8,88
8.5,3,0,9,89
8.5,3,0,10,89
8.5,3,0,11,90
8.5,3,0,12,90
8.5,3,0,13,90
8.5,3,0,14,91
8.5,3,0,15,91
8.5,3,1,0,86
8.5,3,1,1,86
8.5,3,1,2,87
8.5,3,1,3,87
8.5,3,1,4,87
8.5,3,1,5,88
8.5,3,1,6,88
8.5,3,1,7,89
8.5,3,1,8,89
8.5,3,1,9,89
8.5,3,1,10,90
8.5,3,1,11,90
8.5,3,1,12,91
8.5,3,1,13,91
8.5,3,1,14,91
8.5,3,1,15,92
8.5,3,2,0,86
8.5,3,2,1,87
8.5,3,2,2,87
8.5,3,2,3,87
8.5,3,2,4,88
8.5,3,2,5,88
8.5,3,2,6,89
8.5,3,2,7,89
8.5,3,2,8,90
8.5,3,2,9,90
8.5,3,2,10,90
8.5,3,2,11,91
8.5,3,2,12,91
8.5,3,2,13,92
8.5,3,2,14,92
8.5,3,2,15,92
8.5,3,3,0,87
8.5,3,3,1,87
8.5,3,3,2,88
8.5,3,3,3,88
8.5,3,3,4,88
8.5,3,3,5,89
8.5,3,3,6,89
8.5,3,3,7,90
8.5,3,3,8,90
8.5,3,3,9,91
8.5,3,3,10,91
8.5,3,3,11,91
8.5,3,3,12,92
8.5,3,3,13,92
8.5,3,3,14,93
8.5,3,3,15,93
8.5,3,4,0,87
8.5,3,4,1,88
8.5,3,4,2,88
8.5,3,4,3,89
8.5,3,4,4,89
8.5,3,4,5,89
8.5,3,4,6,90
8.5,3,4,7,90
8.5,3,4,8,91
8.5,3,4,9,91
8.5,3,4,10,91
8.5,3,4,11,92
8.5,3,4,12,92
8.5,3,4,13,93
8.5,3,4,14,93
8.5,3,4,15,93
8.5,3,5,0,88
8.5,3,5,1,88
8.5,3,5,2,89
8.5,3,5,3,89
8.5,3,5,4,89
8.5,3,5,5,90
8.5,3,5,6,90
8.5,3,5,7,91
8.5,3,5,8,91
8.5,3,5,9,92
8.5,3,5,10,92
8.5,3,5,11,92
8.5,3,5,12,93
8.5,3,5,13,93
8.5,3,5,14,94
8.5,3,5,15,94
8.5,3,6,0,88
8.5,3,6,1,89
8.5,3,6,2,89
8.5,3,6,3,90
8.5,3,6,4,90
8.5,3,6,5,90
8.5,3,6,6,91
8.5,3,6,7,91
8.5,3,6,8,92
8.5,3,6,9,92
8.5,3,6,10,92
8.5,3,6,11,93
8.5,3,6,12,93
8.5,3,6,13,94
8.5,3,6,14,94
8.5,3,6,15,95
8.5,3,7,0,89
8.5,3,7,1,89
8.5,3,7,2,90
8.5,3,7,3,90
8.5,3,7,4,90
8.5,3,7,5,91
8.5,3,7,6,91
8.5,3,7,7,92
8.5,3,7,8,92
8.5,3,7,9,93
8.5,3,7,10,93
8.5,3,7,11,93
8.5,3,7,12,94
8.5,3,7,13,94
8.5,3,7,14,95
8.5,3,7,15,95
8.5,3,8,0,89
8.5,3,8,1,90
8.5,3,8,2,90
8.5,3,8,3,91
8.5,3,8,4,91
8.5,3,8,5,91
8.5,3,8,6,92
8.5,3,8,7,92
8.5,3,8,8,93
8.5,3,8,9,93
8.5,3,8,10,94
8.5,3,8,11,94
8.5,3,8,12,94
8.5,3,8,13,95
8.5,3,8,14,95
8.5,3,8,15,96
8.5,3,9,0,90
8.5,3,9,1,90
8.5,3,9,2,91
8.5,3,9,3,91
8.5,3,9,4,91
8.5,3,9,5,92
8.5,3,9,6,92
8.5,3,9,7,93
8.5,3,9,8,93
8.5,3,9,9,94
8.5,3,9,10,94
8.5,3,9,11,94
8.5,3,9,12,95
8.5,3,9,13,95
8.5,3,9,14,96
8.5,3,9,15,96
8.5,3,10,0,90
8.5,3,10,1,91
8.5,3,10,2,91
8.5,3,10,3,92
8.5,3,10,4,92
8.5,3,10,5,92
8.5,3,10,6,93
8.5,3,10,7,93
8.5,3,10,8,94
8.5,3,10,9,94
8.5,3,10,10,95
8.5,3,10,11,95
8.5,3,10,12,95
8.5,3,10,13,96
8.5,3,10,14,96
8.5,3,10,15,97
8.5,3,11,0,91
8.5,3,11,1,91
8.5,3,11,2,92
8.5,3,11,3,92
8.5,3,11,4,92
8.5,3,11,5,93
8.5,3,11,6,93
8.5,3,11,7,94
8.5,3,11,8,94
8.5,3,11,9,95
8.5,3,11,10,95
8.5,3,11,11,95
8.5,3,11,12,96
8.5,3,11,13,96
8.5,3,11,14,97
8.5,3,11,15,97
8.5,3,12,0,91
8.5,3,12,1,92
8.5,3,12,2,92
8.5,3,12,3,93
8.5,3,12,4,93
8.5,3,12,5,93
8.5,3,12,6,94
8.5,3,12,7,94
8.5,3,12,8,95
8.5,3,12,9,95
8.5,3,12,10,96
8.5,3,12,11,96
8.5,3,12,12,96
8.5,3,12,13,97
8.5,3,12,14,97
8.5,3,12,15,98
8.5,3,13,0,92
8.5,3,13,1,92
8.5,3,13,2,93
8.5,3,13,3,93
8.5,3,13,4,93
8.5,3,13,5,94
8.5,3,13,6,94
8.5,3,13,7,95
8.5,3,13,8,95
8.5,3,13,9,96
8.5,3,13,10,96
8.5,3,13,11,97
8.5,3,13,12,97
8.5,3,13,13,97
8.5,3,13,14,98
8.5,3,13,15,98
8.5,3,14,0,92
8.5,3,14,1,93
8.5,3,14,2,93
8.5,3,14,3,93
8.5,3,14,4,94
8.5,3,14,5,94
8.5,3,14,6,95
8.5,3,14,7,95
8.5,3,14,8,96
8.5,3,14,9,96
8.5,3,14,10,97
8.5,3,14,11,97
8.5,3,14,12,97
8.5,3,14,13,98
8.5,3,14,14,98
8.5,3,14,15,99
8.5,3,15,0,93
8.5,3,15,1,93
8.5,3,15,2,94
8.5,3,15,3,94
8.5,3,15,4,94
8.5,3,15,5,95
8.5,3,15,6,95
8.5,3,15,7,96
8.5,3,15,8,96
8.5,3,15,9,97
8.5,3,15,10,97
8.5,3,15,11,98
8.5,3,15,12,98
8.5,3,15,13,98
8.5,3,15,14,99
8.5,3,15,15,99
8.5,4,0,0,87
8.5,4,0,1,87
8.5,4,0,2,87
8.5,4,0,3,88
8.5,4,0,4,88
8.5,4,0,5,89
8.5,4,0,6,89
8.5,4,0,7,90
8.5,4,0,8,90
8.5,4,0,9,90
8.5,4,0,10,91
8.5,4,0,11,91
8.5,4,0,12,92
8.5,4,0,13,92
8.5,4,0,14,92
8.5,4,0,15,93
8.5,4,1,0,87
8.5,4,1,1,88
8.5,4,1,2,88
8.5,4,1,3,88
8.5,4,1,4,89
8.5,4,1,5,89
8.5,4,1,6,90
8.5,4,1,7,90
8.5,4,1,8,90
8.5,4,1,9,91
8.5,4,1,10,91
8.5,4,1,11,92
8.5,4,1,12,92
8.5,4,1,13,93
8.5,4,1,14,93
8.5,4,1,15,93
8.5,4,2,0,88
8.5,4,2,1,88
8.5,4,2,2,88
8.5,4,2,3,89
8.5,4,2,4,89
8.5,4,2,5,90
8.5,4,2,6,90
8.5,4,2,7,91
8.5,4,2,8,91
8.5,4,2,9,91
8.5,4,2,10,92
8.5,4,2,11,92
8.5,4,2,12,93
8.5,4,2,13,93
8.5,4,2,14,93
8.5,4,2,15,94
8.5,4,3,0,88
8.5,4,3,1,89
8.5,4,3,2,89
8.5,4,3,3,89
8.5,4,3,4,90
8.5,4,3,5,90
8.5,4,3,6,91
8.5,4,3,7,91
8.5,4,3,8,92
8.5,4,3,9,92
8.5,4,3,10,92
8.5,4,3,11,93
8.5,4,3,12,93
8.5,4,3,13,94
8.5,4,3,14,94
8.5,4,3,15,94
8.5,4,4,0,89
8.5,4,4,1,89
8.5,4,4,2,90
8.5,4,4,3,90
8.5,4,4,4,90
8.5,4,4,5,91
8.5,4,4,6,91
8.5,4,4,7,92
8.5,4,4,8,92
8.5,4,4,9,93
8.5,4,4,10,93
8.5,4,4,11,93
8.5,4,4,12,94
8.5,4,4,13,94
8.5,4,4,14,95
8.5,4,4,15,95
8.5,4,5,0,89
8.5,4,5,1,90
8.5,4,5,2,90
8.5,4,5,3,90
8.5,4,5,4,91
8.5,4,5,5,91
8.5,4,5,6,92
8.5,4,5,7,92
8.5,4,5,8,93
8.5,4,5,9,93
8.5,4,5,10,93
8.5,4,5,11,94
8.5,4,5,12,94
8.5,4,5,13,95
8.5,4,5,14,95
8.5,4,5,15,96
8.5,4,6,0,90
8.5,4,6,1,90
8.5,4,6,2,91
8.5,4,6,3,91
8.5,4,6,4,91
8.5,4,6,5,92
8.5,4,6,6,92
8.5,4,6,7,93
8.5,4,6,8,93
8.5,4,6,9,94
8.5,4,6,10,94
8.5,4,6,11,94
8.5,4,6,12,95
8.5,4,6,13,95
8.5,4,6,14,96
8.5,4,6,15,96
8.5,4,7,0,90
8.5,4,7,1,91
8.5,4,7,2,91
8.5,4,7,3,92
8.5,4,7,4,92
8.5,4,7,5,92
8.5,4,7,6,93
8.5,4,7,7,93
8.5,4,7,8,94
8.5,4,7,9,94
8.5,4,7,10,95
8.5,4,7,11,95
8.5,4,7,12,95
8.5,4,7,13,96
8.5,4,7,14,96
8.5,4,7,15,97
8.5,4,8,0,91
8.5,4,8,1,91
8.5,4,8,2,92
8.5,4,8,3,92
8.5,4,8,4,92
8.5,4,8,5,93
8.5,4,8,6,93
8.5,4,8,7,94
8.5,4,8,8,94
8.5,4,8,9,95
8.5,4,8,10,95
8.5,4,8,11,95
8.5,4,8,12,96
8.5,4,8,13,96
8.5,4,8,14,97
8.5,4,8,15,97
8.5,4,9,0,91
8.5,4,9,1,92
8.5,4,9,2,92
8.5,4,9,3,93
8.5,4,9,4,93
8.5,4,9,5,93
8.5,4,9,6,94
8.5,4,9,7,94
8.5,4,9,8,95
8.5,4,9,9,95
8.5,4,9,10,96
8.5,4,9,11,96
8.5,4,9,12,96
8.5,4,9,13,97
8.5,4,9,14,97
8.5,4,9,15,98
8.5,4,10,0,92
8.5,4,10,1,92
8.5,4,10,2,93
8.5,4,10,3,93
8.5,4,10,4,93
8.5,4,10,5,94
8.5,4,10,6,94
8.5,4,10,7,95
8.5,4,10,8,95
8.5,4,10,9,96
8.5,4,10,10,96
8.5,4,10,11,97
8.5,4,10,12,97
8.5,4,10,13,97
8.5,4,10,14,98
8.5,4,10,15,98
8.5,4,11,0,92
8.5,4,11,1,93
8.5,4,11,2,93
8.5,4,11,3,94
8.5,4,11,4,94
8.5,4,11,5,94
8.5,4,11,6,95
8.5,4,11,7,95
8.5,4,11,8,96
8.5,4,11,9,96
8.5,4,11,10,97
8.5,4,11,11,97
8.5,4,11,12,97
8.5,4,11,13,98
8.5,4,11,14,98
8.5,4,11,15,99
8.5,4,12,0,93
8.5,4,12,1,93
8.5,4,12,2,94
8.5,4,12,3,94
8.5,4,12,4,94
8.5,4,12,5,95
8.5,4,12,6,95
8.5,4,12,7,96
8.5,4,12,8,96
8.5,4,12,9,97
8.5,4,12,10,97
8.5,4,12,11,98
8.5,4,12,12,98
8.5,4,12,13,98
8.5,4,12,14,99
8.5,4,12,15,99
8.5,4,13,0,93
8.5,4,13,1,94
8.5,4,13,2,94
8.5,4,13,3,95
8.5,4,13,4,95
8.5,4,13,5,95
8.5,4,13,6,96
8.5,4,13,7,96
8.5,4,13,8,97
8.5,4,13,9,97
8.5,4,13,10,98
8.5,4,13,11,98
8.5,4,13,12,99
8.5,4,13,13,99
8.5,4,13,14,99
8.5,4,13,15,100
8.5,4,14,0,94
8.5,4,14,1,94
8.5,4,14,2,95
8.5,4,14,3,95
8.5,4,14,4,95
8.5,4,14,5,96
8.5,4,14,6,96
8.5,4,14,7,97
8.5,4,14,8,97
8.5,4,14,9,98
8.5,4,14,10,98
8.5,4,14,11,99
8.5,4,14,12,99
8.5,4,14,13,99
8.5,4,14,14,100
8.5,4,14,15,100
8.5,4,15,0,94
8.5,4,15,1,95
8.5,4,15,2,95
8.5,4,15,3,96
8.5,4,15,4,96
8.5,4,15,5,96
8.5,4,15,6,97
8.5,4,15,7,97
8.5,4,15,8,98
8.5,4,15,9,98
8.5,4,15,10,99
8.5,4,15,11,99
8.5,4,15,12,100
8.5,4,15,13,100
8.5,4,15,14,100
8.5,4,15,15,101
8.5,5,0,0,88
8.5,5,0,1,88
8.5,5,0,2,89
8.5,5,0,3,89
8.5,5,0,4,90
8.5,5,0,5,90
8.5,5,0,6,91
8.5,5,0,7,91
8.5,5,0,8,91
8.5,5,0,9,92
8.5,5,0,10,92
8.5,5,0,11,93
8.5,5,0,12,93
8.5,5,0,13,93
8.5,5,0,14,94
8.5,5,0,15,94
8.5,5,1,0,88
8.5,5,1,1,89
8.5,5,1,2,89
8.5,5,1,3,90
8.5,5,1,4,90
8.5,5,1,5,91
8.5,5,1,6,91
8.5,5,1,7,91
8.5,5,1,8,92
8.5,5,1,9,92
8.5,5,1,10,93
8.5,5,1,11,93
8.5,5,1,12,94
8.5,5,1,13,94
8.5,5,1,14,94
8.5,5,1,15,95
8.5,5,2,0,89
8.5,5,2,1,89
8.5,5,2,2,90
8.5,5,2,3,90
8.5,5,2,4,91
8.5,5,2,5,91
8.5,5,2,6,92
8.5,5,2,7,92
8.5,5,2,8,92
8.5,5,2,9,93
8.5,5,2,10,93
8.5,5,2,11,94
8.5,5,2,12,94
8.5,5,2,13,95
8.5,5,2,14,95
8.5,5,2,15,95
8.5,5,3,0,90
8.5,5,3,1,90
8.5,5,3,2,90
8.5,5,3,3,91
8.5,5,3,4,91
8.5,5,3,5,92
8.5,5,3,6,92
8.5,5,3,7,93
8.5,5,3,8,93
8.5,5,3,9,93
8.5,5,3,10,94
8.5,5,3,11,94
8.5,5,3,12,95
8.5,5,3,13,95
8.5,5,3,14,96
8.5,5,3,15,96
8.5,5,4,0,90
8.5,5,4,1,91
8.5,5,4,2,91
8.5,5,4,3,91
8.5,5,4,4,92
8.5,5,4,5,92
8.5,5,4,6,93
8.5,5,4,7,93
8.5,5,4,8,94
8.5,5,4,9,94
8.5,5,4,10,94
8.5,5,4,11,95
8.5,5,4,12,95
8.5,5,4,13,96
8.5,5,4,14,96
8.5,5,4,15,97
8.5,5,5,0,91
8.5,5,5,1,91
8.5,5,5,2,91
8.5,5,5,3,92
8.5,5,5,4,92
8.5,5,5,5,93
8.5,5,5,6,93
8.5,5,5,7,94
8.5,5,5,8,94
8.5,5,5,9,95
8.5,5,5,10,95
8.5,5,5,11,95
8.5,5,5,12,96
8.5,5,5,13,96
8.5,5,5,14,97
8.5,5,5,15,97
8.5,5,6,0,91
8.5,5,6,1,92
8.5,5,6,2,92
8.5,5,6,3,92
8.5,5,6,4,93
8.5,5,6,5,93
8.5,5,6,6,94
8.5,5,6,7,94
8.5,5,6,8,95
8.5,5,6,9,95
8.5,5,6,10,95
8.5,5,6,11,96
8.5,5,6,12,96
8.5,5,6,13,97
8.5,5,6,14,97
8.5,5,6,15,98
8.5,5,7,0,92
8.5,5,7,1,92
8.5,5,7,2,93
8.5,5,7,3,93
8.5,5,7,4,93
8.5,5,7,5,94
8.5,5,7,6,94
8.5,5,7,7,95
8.5,5,7,8,95
8.5,5,7,9,96
8.5,5,7,10,96
8.5,5,7,11,96
8.5,5,7,12,97
8.5,5,7,13,97
8.5,5,7,14,98
8.5,5,7,15,98
8.5,5,8,0,92
8.5,5,8,1,93
8.5,5,8,2,93
8.5,5,8,3,93
8.5,5,8,4,94
8.5,5,8,5,94
8.5,5,8,6,95
8.5,5,8,7,95
8.5,5,8,8,96
8.5,5,8,9,96
8.5,5,8,10,97
8.5,5,8,11,97
8.5,5,8,12,97
8.5,5,8,13,98
8.5,5,8,14,98
8.5,5,8,15,99
8.5,5,9,0,93
8.5,5,9,1,93
8.5,5,9,2,94
8.5,5,9,3,94
8.5,5,9,4,94
8.5,5,9,5,95
8.5,5,9,6,95
8.5,5,9,7,96
8.5,5,9,8,96
8.5,5,9,9,97
8.5,5,9,10,97
8.5,5,9,11,98
8.5,5,9,12,98
8.5,5,9,13,98
8.5,5,9,14,99
8.5,5,9,15,99
8.5,5,10,0,93
8.5,5,10,1,94
8.5,5,10,2,94
8.5,5,10,3,95
8.5,5,10,4,95
8.5,5,10,5,95
8.5,5,10,6,96
8.5,5,10,7,96
8.5,5,10,8,97
8.5,5,10,9,97
8.5,5,10,10,98
8.5,5,10,11,98
8.5,5,10,12,98
8.5,5,10,13,99
8.5,5,10,14,99
8.5,5,10,15,100
8.5,5,11,0,94
8.5,5,11,1,94
8.5,5,11,2,95
8.5,5,11,3,95
8.5,5,11,4,95
8.5,5,11,5,96
8.5,5,11,6,96
8.5,5,11,7,97
8.5,5,11,8,97
8.5,5,11,9,98
8.5,5,11,10,98
8.5,5,11,11,99
8.5,5,11,12,99
8.5,5,11,13,99
8.5,5,11,14,100
8.5,5,11,15,100
8.5,5,12,0,94
8.5,5,12,1,95
8.5,5,12,2,95
8.5,5,12,3,96
8.5,5,12,4,96
8.5,5,12,5,96
8.5,5,12,6,97
8.5,5,12,7,97
8.5,5,12,8,98
8.5,5,12,9,98
8.5,5,12,10,99
8.5,5,12,11,99
8.5,5,12,12,100
8.5,5,12,13,100
8.5,5,12,14,100
8.5,5,12,15,101
8.5,5,13,0,95
8.5,5,13,1,95
8.5,5,13,2,96
8.5,5,13,3,96
8.5,5,13,4,96
8.5,5,13,5,97
8.5,5,13,6,97
8.5,5,13,7,98
8.5,5,13,8,98
8.5,5,13,9,99
8.5,5,13,10,99
8.5,5,13,11,100
8.5,5,13,12,100
8.5,5,13,13,101
8.5,5,13,14,101
8.5,5,13,15,101
8.5,5,14,0,95
8.5,5,14,1,96
8.5,5,14,2,96
8.5,5,14,3,97
8.5,5,14,4,97
8.5,5,14,5,97
8.5,5,14,6,98
8.5,5,14,7,98
8.5,5,14,8,99
8.5,5,14,9,99
8.5,5,14,10,100
8.5,5,14,11,100
8.5,5,14,12,101
8.5,5,14,13,101
8.5,5,14,14,101
8.5,5,14,15,102
8.5,5,15,0,96
8.5,5,15,1,96
8.5,5,15,2,97
8.5,5,15,3,97
8.5,5,15,4,97
8.5,5,15,5,98
8.5,5,15,6,98
8.5,5,15,7,99
8.5,5,15,8,99
8.5,5,15,9,100
8.5,5,15,10,100
8.5,5,15,11,101
8.5,5,15,12,101
8.5,5,15,13,102
8.5,5,15,14,102
8.5,5,15,15,102
8.5,6,0,0,89
8.5,6,0,1,90
8.5,6,0,2,90
8.5,6,0,3,91
8.5,6,0,4,91
8.5,6,0,5,92
8.5,6,0,6,92
8.5,6,0,7,92
8.5,6,0,8,93
8.5,6,0,9,93
8.5,6,0,10,94
8.5,6,0,11,94
8.5,6,0,12,94
8.5,6,0,13,95
8.5,6,0,14,95
8.5,6,0,15,96
8.5,6,1,0,90
8.5,6,1,1,90
8.5,6,1,2,91
8.5,6,1,3,91
8.5,6,1,4,92
8.5,6,1,5,92
8.5,6,1,6,93
8.5,6,1,7,93
8.5,6,1,8,93
8.5,6,1,9,94
8.5,6,1,10,94
8.5,6,1,11,95
8.5,6,1,12,95
8.5,6,1,13,95
8.5,6,1,14,96
8.5,6,1,15,96
8.5,6,2,0,90
8.5,6,2,1,91
8.5,6,2,2,91
8.5,6,2,3,92
8.5,6,2,4,92
8.5,6,2,5,93
8.5,6,2,6,93
8.5,6,2,7,93
8.5,6,2,8,94
8.5,6,2,9,94
8.5,6,2,10,95
8.5,6,2,11,95
8.5,6,2,12,96
8.5,6,2,13,96
8.5,6,2,14,96
8.5,6,2,15,97
8.5,6,3,0,91
8.5,6,3,1,91
8.5,6,3,2,92
8.5,6,3,3,92
8.5,6,3,4,93
8.5,6,3,5,93
8.5,6,3,6,94
8.5,6,3,7,94
8.5,6,3,8,94
8.5,6,3,9,95
8.5,6,3,10,95
8.5,6,3,11,96
8.5,6,3,12,96
8.5,6,3,13,97
8.5,6,3,14,97
8.5,6,3,15,97
8.5,6,4,0,91
8.5,6,4,1,92
8.5,6,4,2,92
8.5,6,4,3,93
8.5,6,4,4,93
8.5,6,4,5,94
8.5,6,4,6,94
8.5,6,4,7,95
8.5,6,4,8,95
8.5,6,4,9,95
8.5,6,4,10,96
8.5,6,4,11,96
8.5,6,4,12,97
8.5,6,4,13,97
8.5,6,4,14,98
8.5,6,4,15,98
8.5,6,5,0,92
8.5,6,5,1,92
8.5,6,5,2,93
8.5,6,5,3,93
8.5,6,5,4,94
8.5,6,5,5,94
8.5,6,5,6,95
8.5,6,5,7,95
8.5,6,5,8,96
8.5,6,5,9,96
8.5,6,5,10,96
8.5,6,5,11,97
8.5,6,5,12,97
8.5,6,5,13,98
8.5,6,5,14,98
8.5,6,5,15,99
8.5,6,6,0,93
8.5,6,6,1,93
8.5,6,6,2,93
8.5,6,6,3,94
8.5,6,6,4,94
8.5,6,6,5,95
8.5,6,6,6,95
8.5,6,6,7,96
8.5,6,6,8,96
8.5,6,6,9,97
8.5,6,6,10,97
8.5,6,6,11,97
8.5,6,6,12,98
8.5,6,6,13,98
8.5,6,6,14,99
8.5,6,6,15,99
8.5,6,7,0,93
8.5,6,7,1,94
8.5,6,7,2,94
8.5,6,7,3,94
8.5,6,7,4,95
8.5,6,7,5,95
8.5,6,7,6,96
8.5,6,7,7,96
8.5,6,7,8,97
8.5,6,7,9,97
8.5,6,7,10,98
8.5,6,7,11,98
8.5,6,7,12,98
8.5,6,7,13,99
8.5,6,7,14,99
8.5,6,7,15,100
8.5,6,8,0,94
8.5,6,8,1,94
8.5,6,8,2,94
8.5,6,8,3,95
8.5,6,8,4,95
8.5,6,8,5,96
8.5,6,8,6,96
8.5,6,8,7,97
8.5,6,8,8,97
8.5,6,8,9,98
8.5,6,8,10,98
8.5,6,8,11,99
8.5,6,8,12,99
8.5,6,8,13,99
8.5,6,8,14,100
8.5,6,8,15,100
8.5,6,9,0,94
8.5,6,9,1,95
8.5,6,9,2,95
8.5,6,9,3,95
8.5,6,9,4,96
8.5,6,9,5,96
8.5,6,9,6,97
8.5,6,9,7,97
8.5,6,9,8,98
8.5,6,9,9,98
8.5,6,9,10,99
8.5,6,9,11,99
8.5,6,9,12,100
8.5,6,9,13,100
8.5,6,9,14,100
8.5,6,9,15,101
8.5,6,10,0,95
8.5,6,10,1,95
8.5,6,10,2,96
8.5,6,10,3,96
8.5,6,10,4,96
8.5,6,10,5,97
8.5,6,10,6,97
8.5,6,10,7,98
8.5,6,10,8,98
8.5,6,10,9,99
8.5,6,10,10,99
8.5,6,10,11,100
8.5,6,10,12,100
8.5,6,10,13,100
8.5,6,10,14,101
8.5,6,10,15,101
8.5,6,11,0,95
8.5,6,11,1,96
8.5,6,11,2,96
8.5,6,11,3,97
8.5,6,11,4,97
8.5,6,11,5,97
8.5,6,11,6,98
8.5,6,11,7,98
8.5,6,11,8,99
8.5,6,11,9,99
8.5,6,11,10,100
8.5,6,11,11,100
8.5,6,11,12,101
8.5,6,11,13,101
8.5,6,11,14,101
8.5,6,11,15,102
8.5,6,12,0,96
8.5,6,12,1,96
8.5,6,12,2,97
8.5,6,12,3,97
8.5,6,12,4,97
8.5,6,12,5,98
8.5,6,12,6,98
8.5,6,12,7,99
8.5,6,12,8,99
8.5,6,12,9,100
8.5,6,12,10,100
8.5,6,12,11,101
8.5,6,12,12,101
8.5,6,12,13,102
8.5,6,12,14,102
8.5,6,12,15,102
8.5,6,13,0,96
8.5,6,13,1,97
8.5,6,13,2,97
8.5,6,13,3,98
8.5,6,13,4,98
8.5,6,13,5,98
8.5,6,13,6,99
8.5,6,13,7,99
8.5,6,13,8,100
8.5,6,13,9,100
8.5,6,13,10,101
8.5,6,13,11,101
8.5,6,13,12,102
8.5,6,13,13,102
8.5,6,13,14,103
8.5,6,13,15,103
8.5,6,14,0,97
8.5,6,14,1,97
8.5,6,14,2,98
8.5,6,14,3,98
8.5,6,14,4,99
8.5,6,14,5,99
8.5,6,14,6,99
8.5,6,14,7,100
8.5,6,14,8,100
8.5,6,14,9,101
8.5,6,14,10,101
8.5,6,14,11,102
8.5,6,14,12,102
8.5,6,14,13,103
8.5,6,14,14,103
8.5,6,14,15,104
8.5,6,15,0,97
8.5,6,15,1,98
8.5,6,15,2,98
8.5,6,15,3,99
8.5,6,15,4,99
8.5,6,15,5,99
8.5,6,15,6,100
8.5,6,15,7,100
8.5,6,15,8,101
8.5,6,15,9,101
8.5,6,15,10,102
8.5,6,15,11,102
8.5,6,15,12,103
8.5,6,15,13,103
8.5,6,15,14,104
8.5,6,15,15,104
8.5,7,0,0,91
8.5,7,0,1,91
8.5,7,0,2,92
8.5,7,0,3,92
8.5,7,0,4,93
8.5,7,0,5,93
8.5,7,0,6,93
8.5,7,0,7,94
8.5,7,0,8,94
8.5,7,0,9,95
8.5,7,0,10,95
8.5,7,0,11,96
8.5,7,0,12,96
8.5,7,0,13,96
8.5,7,0,14,97
8.5,7,0,15,97
8.5,7,1,0,91
8.5,7,1,1,92
8.5,7,1,2,92
8.5,7,1,3,93
8.5,7,1,4,93
8.5,7,1,5,93
8.5,7,1,6,94
8.5,7,1,7,94
8.5,7,1,8,95
8.5,7,1,9,95
8.5,7,1,10,96
8.5,7,1,11,96
8.5,7,1,12,97
8.5,7,1,13,97
8.5,7,1,14,97
8.5,7,1,15,98
8.5,7,2,0,92
8.5,7,2,1,92
8.5,7,2,2,93
8.5,7,2,3,93
8.5,7,2,4,94
8.5,7,2,5,94
8.5,7,2,6,94
8.5,7,2,7,95
8.5,7,2,8,95
8.5,7,2,9,96
8.5,7,2,10,96
8.5,7,2,11,97
8.5,7,2,12,97
8.5,7,2,13,98
8.5,7,2,14,98
8.5,7,2,15,98
8.5,7,3,0,92
8.5,7,3,1,93
8.5,7,3,2,93
8.5,7,3,3,94
8.5,7,3,4,94
8.5,7,3,5,95
8.5,7,3,6,95
8.5,7,3,7,95
8.5,7,3,8,96
8.5,7,3,9,96
8.5,7,3,10,97
8.5,7,3,11,97
8.5,7,3,12,98
8.5,7,3,13,98
8.5,7,3,14,99
8.5,7,3,15,99
8.5,7,4,0,93
8.5,7,4,1,93
8.5,7,4,2,94
8.5,7,4,3,94
8.5,7,4,4,95
8.5,7,4,5,95
8.5,7,4,6,96
8.5,7,4,7,96
8.5,7,4,8,96
8.5,7,4,9,97
8.5,7,4,10,97
8.5,7,4,11,98
8.5,7,4,12,98
8.5,7,4,13,99
8.5,7,4,14,99
8.5,7,4,15,100
8.5,7,5,0,93
8.5,7,5,1,94
8.5,7,5,2,94
8.5,7,5,3,95
8.5,7,5,4,95
8.5,7,5,5,96
8.5,7,5,6,96
8.5,7,5,7,97
8.5,7,5,8,97
8.5,7,5,9,97
8.5,7,5,10,98
8.5,7,5,11,98
8.5,7,5,12,99
8.5,7,5,13,99
8.5,7,5,14,100
8.5,7,5,15,100
8.5,7,6,0,94
8.5,7,6,1,94
8.5,7,6,2,95
8.5,7,6,3,95
8.5,7,6,4,96
8.5,7,6,5,96
8.5,7,6,6,97
8.5,7,6,7,97
8.5,7,6,8,98
8.5,7,6,9,98
8.5,7,6,10,98
8.5,7,6,11,99
8.5,7,6,12,99
8.5,7,6,13,100
8.5,7,6,14,100
8.5,7,6,15,101
8.5,7,7,0,94
8.5,7,7,1,95
8.5,7,7,2,95
8.5,7,7,3,96
8.5,7,7,4,96
8.5,7,7,5,97
8.5,7,7,6,97
8.5,7,7,7,98
8.5,7,7,8,98
8.5,7,7,9,99
8.5,7,7,10,99
8.5,7,7,11,99
8.5,7,7,12,100
8.5,7,7,13,100
8.5,7,7,14,101
8.5,7,7,15,101
8.5,7,8,0,95
8.5,7,8,1,95
8.5,7,8,2,96
8.5,7,8,3,96
8.5,7,8,4,97
8.5,7,8,5,97
8.5,7,8,6,98
8.5,7,8,7,98
8.5,7,8,8,99
8.5,7,8,9,99
8.5,7,8,10,100
8.5,7,8,11,100
8.5,7,8,12,100
8.5,7,8,13,101
8.5,7,8,14,101
8.5,7,8,15,102
8.5,7,9,0,96
8.5,7,9,1,96
8.5,7,9,2,96
8.5,7,9,3,97
8.5,7,9,4,97
8.5,7,9,5,98
8.5,7,9,6,98
8.5,7,9,7,99
8.5,7,9,8,99
8.5,7,9,9,100
8.5,7,9,10,100
8.5,7,9,11,101
8.5,7,9,12,101
8.5,7,9,13,101
8.5,7,9,14,102
8.5,7,9,15,102
8.5,7,10,0,96
8.5,7,10,1,97
8.5,7,10,2,97
8.5,7,10,3,97
8.5,7,10,4,98
8.5,7,10,5,98
8.5,7,10,6,99
8.5,7,10,7,99
8.5,7,10,8,100
8.5,7,10,9,100
8.5,7,10,10,101
8.5,7,10,11,101
8.5,7,10,12,102
8.5,7,10,13,102
8.5,7,10,14,102
8.5,7,10,15,103
8.5,7,11,0,97
8.5,7,11,1,97
8.5,7,11,2,98
8.5,7,11,3,98
8.5,7,11,4,98
8.5,7,11,5,99
8.5,7,11,6,99
8.5,7,11,7,100
8.5,7,11,8,100
8.5,7,11,9,101
8.5,7,11,10,101
8.5,7,11,11,102
8.5,7,11,12,102
8.5,7,11,13,103
8.5,7,11,14,103
8.5,7,11,15,103
8.5,7,12,0,97
8.5,7,12,1,98
8.5,7,12,2,98
8.5,7,12,3,99
8.5,7,12,4,99
8.5,7,12,5,99
8.5,7,12,6,100
8.5,7,12,7,100
8.5,7,12,8,101
8.5,7,12,9,101
8.5,7,12,10,102
8.5,7,12,11,102
8.5,7,12,12,103
8.5,7,12,13,103
8.5,7,12,14,104
8.5,7,12,15,104
8.5,7,13,0,98
8.5,7,13,1,98
8.5,7,13,2,99
8.5,7,13,3,99
8.5,7,13,4,100
8.5,7,13,5,100
8.5,7,13,6,100
8.5,7,13,7,101
8.5,7,13,8,101
8.5,7,13,9,102
8.5,7,13,10,102
8.5,7,13,11,103
8.5,7,13,12,103
8.5,7,13,13,104
8.5,7,13,14,104
8.5,7,13,15,105
8.5,7,14,0,98
8.5,7,14,1,99
8.5,7,14,2,99
8.5,7,14,3,100
8.5,7,14,4,100
8.5,7,14,5,101
8.5,7,14,6,101
8.5,7,14,7,101
8.5,7,14,8,102
8.5,7,14,9,102
8.5,7,14,10,103
8.5,7,14,11,103
8.5,7,14,12,104
8.5,7,14,13,104
8.5,7,14,14,105
8.5,7,14,15,105
8.5,7,15,0,99
8.5,7,15,1,99
8.5,7,15,2,100
8.5,7,15,3,100
8.5,7,15,4,101
8.5,7,15,5,101
8.5,7,15,6,102
8.5,7,15,7,102
8.5,7,15,8,102
8.5,7,15,9,103
8.5,7,15,10,103
8.5,7,15,11,104
8.5,7,15,12,104
8.5,7,15,13,105
8.5,7,15,14,105
8.5,7,15,15,106
8.5,8,0,0,92
8.5,8,0,1,93
8.5,8,0,2,93
8.5,8,0,3,93
8.5,8,0,4,94
8.5,8,0,5,94
8.5,8,0,6,95
8.5,8,0,7,95
8.5,8,0,8,96
8.5,8,0,9,96
8.5,8,0,10,97
8.5,8,0,11,97
8.5,8,0,12,97
8.5,8,0,13,98
8.5,8,0,14,98
8.5,8,0,15,99
8.5,8,1,0,93
8.5,8,1,1,93
8.5,8,1,2,94
8.5,8,1,3,94
8.5,8,1,4,94
8.5,8,1,5,95
8.5,8,1,6,95
8.5,8,1,7,96
8.5,8,1,8,96
8.5,8,1,9,97
8.5,8,1,10,97
8.5,8,1,11,98
8.5,8,1,12,98
8.5,8,1,13,98
8.5,8,1,14,99
8.5,8,1,15,99
8.5,8,2,0,93
8.5,8,2,1,94
8.5,8,2,2,94
8.5,8,2,3,95
8.5,8,2,4,95
8.5,8,2,5,95
8.5,8,2,6,96
8.5,8,2,7,96
8.5,8,2,8,97
8.5,8,2,9,97
8.5,8,2,10,98
8.5,8,2,11,98
8.5,8,2,12,99
8.5,8,2,13,99
8.5,8,2,14,99
8.5,8,2,15,100
8.5,8,3,0,94
8.5,8,3,1,94
8.5,8,3,2,95
8.5,8,3,3,95
8.5,8,3,4,96
8.5,8,3,5,96
8.5,8,3,6,97
8.5,8,3,7,97
8.5,8,3,8,97
8.5,8,3,9,98
8.5,8,3,10,98
8.5,8,3,11,99
8.5,8,3,12,99
8.5,8,3,13,100
8.5,8,3,14,100
8.5,8,3,15,100
8.5,8,4,0,94
8.5,8,4,1,95
8.5,8,4,2,95
8.5,8,4,3,96
8.5,8,4,4,96
8.5,8,4,5,97
8.5,8,4,6,97
8.5,8,4,7,98
8.5,8,4,8,98
8.5,8,4,9,98
8.5,8,4,10,99
8.5,8,4,11,99
8.5,8,4,12,100
8.5,8,4,13,100
8.5,8,4,14,101
8.5,8,4,15,101
8.5,8,5,0,95
8.5,8,5,1,95
8.5,8,5,2,96
8.5,8,5,3,96
8.5,8,5,4,97
8.5,8,5,5,97
8.5,8,5,6,98
8.5,8,5,7,98
8.5,8,5,8,99
8.5,8,5,9,99
8.5,8,5,10,99
8.5,8,5,11,100
8.5,8,5,12,100
8.5,8,5,13,101
8.5,8,5,14,101
8.5,8,5,15,102
8.5,8,6,0,95
8.5,8,6,1,96
8.5,8,6,2,96
8.5,8,6,3,97
8.5,8,6,4,97
8.5,8,6,5,98
8.5,8,6,6,98
8.5,8,6,7,99
8.5,8,6,8,99
8.5,8,6,9,100
8.5,8,6,10,100
8.5,8,6,11,100
8.5,8,6,12,101
8.5,8,6,13,101
8.5,8,6,14,102
8.5,8,6,15,102
8.5,8,7,0,96
8.5,8,7,1,96
8.5,8,7,2,97
8.5,8,7,3,97
8.5,8,7,4,98
8.5,8,7,5,98
8.5,8,7,6,99
8.5,8,7,7,99
8.5,8,7,8,100
8.5,8,7,9,100
8.5,8,7,10,101
8.5,8,7,11,101
8.5,8,7,12,101
8.5,8,7,13,102
8.5,8,7,14,102
8.5,8,7,15,103
8.5,8,8,0,96
8.5,8,8,1,97
8.5,8,8,2,97
8.5,8,8,3,98
8.5,8,8,4,98
8.5,8,8,5,99
8.5,8,8,6,99
8.5,8,8,7,100
8.5,8,8,8,100
8.5,8,8,9,101
8.5,8,8,10,101
8.5,8,8,11,102
8.5,8,8,12,102
8.5,8,8,13,102
8.5,8,8,14,103
8.5,8,8,15,103
8.5,8,9,0,97
8.5,8,9,1,97
8.5,8,9,2,98
8.5,8,9,3,98
8.5,8,9,4,99
8.5,8,9,5,99
8.5,8,9,6,100
8.5,8,9,7,100
8.5,8,9,8,101
8.5,8,9,9,101
8.5,8,9,10,102
8.5,8,9,11,102
8.5,8,9,12,103
8.5,8,9,13,103
8.5,8,9,14,103
8.5,8,9,15,104
8.5,8,10,0,98
8.5,8,10,1,98
8.5,8,10,2,98
8.5,8,10,3,99
8.5,8,10,4,99
8.5,8,10,5,100
8.5,8,10,6,100
8.5,8,10,7,101
8.5,8,10,8,101
8.5,8,10,9,102
8.5,8,10,10,102
8.5,8,10,11,103
8.5,8,10,12,103
8.5,8,10,13,104
8.5,8,10,14,104
8.5,8,10,15,104
8.5,8,11,0,98
8.5,8,11,1,99
8.5,8,11,2,99
8.5,8,11,3,99
8.5,8,11,4,100
8.5,8,11,5,100
8.5,8,11,6,101
8.5,8,11,7,101
8.5,8,11,8,102
8.5,8,11,9,102
8.5,8,11,10,103
8.5,8,11,11,103
8.5,8,11,12,104
8.5,8,11,13,104
8.5,8,11,14,105
8.5,8,11,15,105
8.5,8,12,0,99
8.5,8,12,1,99
8.5,8,12,2,100
8.5,8,12,3,100
8.5,8,12,4,101
8.5,8,12,5,101
8.5,8,12,6,101
8.5,8,12,7,102
8.5,8,12,8,102
8.5,8,12,9,103
8.5,8,12,10,103
8.5,8,12,11,104
8.5,8,12,12,104
8.5,8,12,13,105
8.5,8,12,14,105
8.5,8,12,15,106
8.5,8,13,0,99
8.5,8,13,1,100
8.5,8,13,2,100
8.5,8,13,3,101
8.5,8,13,4,101
8.5,8,13,5,102
8.5,8,13,6,102
8.5,8,13,7,102
8.5,8,13,8,103
8.5,8,13,9,103
8.5,8,13,10,104
8.5,8,13,11,104
8.5,8,13,12,105
8.5,8,13,13,105
8.5,8,13,14,106
8.5,8,13,15,106
8.5,8,14,0,100
8.5,8,14,1,100
8.5,8,14,2,101
8.5,8,14,3,101
8.5,8,14,4,102
8.5,8,14,5,102
8.5,8,14,6,103
8.5,8,14,7,103
8.5,8,14,8,103
8.5,8,14,9,104
8.5,8,14,10,104
8.5,8,14,11,105
8.5,8,14,12,105
8.5,8,14,13,106
8.5,8,14,14,106
8.5,8,14,15,107
8.5,8,15,0,100
8.5,8,15,1,101
8.5,8,15,2,101
8.5,8,15,3,102
8.5,8,15,4,102
8.5,8,15,5,103
8.5,8,15,6,103
8.5,8,15,7,104
8.5,8,15,8,104
8.5,8,15,9,104
8.5,8,15,10,105
8.5,8,15,11,105
8.5,8,15,12,106
8.5,8,15,13,106
8.5,8,15,14,107
8.5,8,15,15,107
8.5,9,0,0,93
8.5,9,0,1,94
8.5,9,0,2,94
8.5,9,0,3,95
8.5,9,0,4,95
8.5,9,0,5,96
8.5,9,0,6,96
8.5,9,0,7,97
8.5,9,0,8,97
8.5,9,0,9,98
8.5,9,0,10,98
8.5,9,0,11,98
8.5,9,0,12,99
8.5,9,0,13,99
8.5,9,0,14,100
8.5,9,0,15,100
8.5,9,1,0,94
8.5,9,1,1,95
8.5,9,1,2,95
8.5,9,1,3,95
8.5,9,1,4,96
8.5,9,1,5,96
8.5,9,1,6,97
8.5,9,1,7,97
8.5,9,1,8,98
8.5,9,1,9,98
8.5,9,1,10,99
8.5,9,1,11,99
8.5,9,1,12,99
8.5,9,1,13,100
8.5,9,1,14,100
8.5,9,1,15,101
8.5,9,2,0,95
8.5,9,2,1,95
8.5,9,2,2,96
8.5,9,2,3,96
8.5,9,2,4,96
8.5,9,2,5,97
8.5,9,2,6,97
8.5,9,2,7,98
8.5,9,2,8,98
8.5,9,2,9,99
8.5,9,2,10,99
8.5,9,2,11,100
8.5,9,2,12,100
8.5,9,2,13,100
8.5,9,2,14,101
8.5,9,2,15,101
8.5,9,3,0,95
8.5,9,3,1,96
8.5,9,3,2,96
8.5,9,3,3,97
8.5,9,3,4,97
8.5,9,3,5,97
8.5,9,3,6,98
8.5,9,3,7,98
8.5,9,3,8,99
8.5,9,3,9,99
8.5,9,3,10,100
8.5,9,3,11,100
8.5,9,3,12,101
8.5,9,3,13,101
8.5,9,3,14,102
8.5,9,3,15,102
8.5,9,4,0,96
8.5,9,4,1,96
8.5,9,4,2,97
8.5,9,4,3,97
8.5,9,4,4,98
8.5,9,4,5,98
8.5,9,4,6,99
8.5,9,4,7,99
8.5,9,4,8,99
8.5,9,4,9,100
8.5,9,4,10,100
8.5,9,4,11,101
8.5,9,4,12,101
8.5,9,4,13,102
8.5,9,4,14,102
8.5,9,4,15,103
8.5,9,5,0,96
8.5,9,5,1,97
8.5,9,5,2,97
8.5,9,5,3,98
8.5,9,5,4,98
8.5,9,5,5,99
8.5,9,5,6,99
8.5,9,5,7,100
8.5,9,5,8,100
8.5,9,5,9,100
8.5,9,5,10,101
8.5,9,5,11,101
8.5,9,5,12,102
8.5,9,5,13,102
8.5,9,5,14,103
8.5,9,5,15,103
8.5,9,6,0,97
8.5,9,6,1,97
8.5,9,6,2,98
8.5,9,6,3,98
8.5,9,6,4,99
8.5,9,6,5,99
8.5,9,6,6,100
8.5,9,6,7,100
8.5,9,6,8,101
8.5,9,6,9,101
8.5,9,6,10,101
8.5,9,6,11,102
8.5,9,6,12,102
8.5,9,6,13,103
8.5,9,6,14,103
8.5,9,6,15,104
8.5,9,7,0,97
8.5,9,7,1,98
8.5,9,7,2,98
8.5,9,7,3,99
8.5,9,7,4,99
8.5,9,7,5,100
8.5,9,7,6,100
8.5,9,7,7,101
8.5,9,7,8,101
8.5,9,7,9,102
8.5,9,7,10,102
8.5,9,7,11,103
8.5,9,7,12,103
8.5,9,7,13,103
8.5,9,7,14,104
8.5,9,7,15,104
8.5,9,8,0,98
8.5,9,8,1,98
8.5,9,8,2,99
8.5,9,8,3,99
8.5,9,8,4,100
8.5,9,8,5,100
8.5,9,8,6,101
8.5,9,8,7,101
8.5,9,8,8,102
8.5,9,8,9,102
8.5,9,8,10,103
8.5,9,8,11,103
8.5,9,8,12,104
8.5,9,8,13,104
8.5,9,8,14,104
8.5,9,8,15,105
8.5,9,9,0,98
8.5,9,9,1,99
8.5,9,9,2,99
8.5,9,9,3,100
8.5,9,9,4,100
8.5,9,9,5,101
8.5,9,9,6,101
8.5,9,9,7,102
8.5,9,9,8,102
8.5,9,9,9,103
8.5,9,9,10,103
8.5,9,9,11,104
8.5,9,9,12,104
8.5,9,9,13,105
8.5,9,9,14,105
8.5,9,9,15,105
8.5,9,10,0,99
8.5,9,10,1,99
8.5,9,10,2,100
8.5,9,10,3,100
8.5,9,10,4,101
8.5,9,10,5,101
8.5,9,10,6,102
8.5,9,10,7,102
8.5,9,10,8,103
8.5,9,10,9,103
8.5,9,10,10,104
8.5,9,10,11,104
8.5,9,10,12,105
8.5,9,10,13,105
8.5,9,10,14,106
8.5,9,10,15,106
8.5,9,11,0,100
8.5,9,11,1,100
8.5,9,11,2,101
8.5,9,11,3,101
8.5,9,11,4,101
8.5,9,11,5,102
8.5,9,11,6,102
8.5,9,11,7,103
8.5,9,11,8,103
8.5,9,11,9,104
8.5,9,11,10,104
8.5,9,11,11,105
8.5,9,11,12,105
8.5,9,11,13,106
8.5,9,11,14,106
8.5,9,11,15,107
8.5,9,12,0,100
8.5,9,12,1,101
8.5,9,12,2,101
8.5,9,12,3,102
8.5,9,12,4,102
8.5,9,12,5,102
8.5,9,12,6,103
8.5,9,12,7,103
8.5,9,12,8,104
8.5,9,12,9,104
8.5,9,12,10,105
8.5,9,12,11,105
8.5,9,12,12,106
8.5,9,12,13,106
8.5,9,12,14,107
8.5,9,12,15,107
8.5,9,13,0,101
8.5,9,13,1,101
8.5,9,13,2,102
8.5,9,13,3,102
8.5,9,13,4,103
8.5,9,13,5,103
8.5,9,13,6,104
8.5,9,13,7,104
8.5,9,13,8,104
8.5,9,13,9,105
8.5,9,13,10,105
8.5,9,13,11,106
8.5,9,13,12,106
8.5,9,13,13,107
8.5,9,13,14,107
8.5,9,13,15,108
8.5,9,14,0,101
8.5,9,14,1,102
8.5,9,14,2,102
8.5,9,14,3,103
8.5,9,14,4,103
8.5,9,14,5,104
8.5,9,14,6,104
8.5,9,14,7,105
8.5,9,14,8,105
8.5,9,14,9,106
8.5,9,14,10,106
8.5,9,14,11,106
8.5,9,14,12,107
8.5,9,14,13,107
8.5,9,14,14,108
8.5,9,14,15,108
8.5,9,15,0,102
8.5,9,15,1,102
8.5,9,15,2,103
8.5,9,15,3,103
8.5,9,15,4,104
8.5,9,15,5,104
8.5,9,15,6,105
8.5,9,15,7,105
8.5,9,15,8,106
8.5,9,15,9,106
8.5,9,15,10,107
8.5,9,15,11,107
8.5,9,15,12,107
8.5,9,15,13,108
8.5,9,15,14,108
8.5,9,15,15,109
8.5,10,0,0,95
8.5,10,0,1,95
8.5,10,0,2,96
8.5,10,0,3,96
8.5,10,0,4,97
8.5,10,0,5,97
8.5,10,0,6,98
8.5,10,0,7,98
8.5,10,0,8,99
8.5,10,0,9,99
8.5,10,0,10,99
8.5,10,0,11,100
8.5,10,0,12,100
8.5,10,0,13,101
8.5,10,0,14,101
8.5,10,0,15,102
8.5,10,1,0,95
8.5,10,1,1,96
8.5,10,1,2,96
8.5,10,1,3,97
8.5,10,1,4,97
8.5,10,1,5,98
8.5,10,1,6,98
8.5,10,1,7,99
8.5,10,1,8,99
8.5,10,1,9,100
8.5,10,1,10,100
8.5,10,1,11,100
8.5,10,1,12,101
8.5,10,1,13,101
8.5,10,1,14,102
8.5,10,1,15,102
8.5,10,2,0,96
8.5,10,2,1,96
8.5,10,2,2,97
8.5,10,2,3,97
8.5,10,2,4,98
8.5,10,2,5,98
8.5,10,2,6,99
8.5,10,2,7,99
8.5,10,2,8,100
8.5,10,2,9,100
8.5,10,2,10,101
8.5,10,2,11,101
8.5,10,2,12,102
8.5,10,2,13,102
8.5,10,2,14,102
8.5,10,2,15,103
8.5,10,3,0,97
8.5,10,3,1,97
8.5,10,3,2,98
8.5,10,3,3,98
8.5,10,3,4,98
8.5,10,3,5,99
8.5,10,3,6,99
8.5,10,3,7,100
8.5,10,3,8,100
8.5,10,3,9,101
8.5,10,3,10,101
8.5,10,3,11,102
8.5,10,3,12,102
8.5,10,3,13,103
8.5,10,3,14,103
8.5,10,3,15,103
8.5,10,4,0,97
8.5,10,4,1,98
8.5,10,4,2,98
8.5,10,4,3,99
8.5,10,4,4,99
8.5,10,4,5,100
8.5,10,4,6,100
8.5,10,4,7,100
8.5,10,4,8,101
8.5,10,4,9,101
8.5,10,4,10,102
8.5,10,4,11,102
8.5,10,4,12,103
8.5,10,4,13,103
8.5,10,4,14,104
8.5,10,4,15,104
8.5,10,5,0,98
8.5,10,5,1,98
8.5,10,5,2,99
8.5,10,5,3,99
8.5,10,5,4,100
8.5,10,5,5,100
8.5,10,5,6,101
8.5,10,5,7,101
8.5,10,5,8,101
8.5,10,5,9,102
8.5,10,5,10,102
8.5,10,5,11,103
8.5,10,5,12,103
8.5,10,5,13,104
8.5,10,5,14,104
8.5,10,5,15,105
8.5,10,6,0,98
8.5,10,6,1,99
8.5,10,6,2,99
8.5,10,6,3,100
8.5,10,6,4,100
8.5,10,6,5,101
8.5,10,6,6,101
8.5,10,6,7,102
8.5,10,6,8,102
8.5,10,6,9,103
8.5,10,6,10,103
8.5,10,6,11,103
8.5,10,6,12,104
8.5,10,6,13,104
8.5,10,6,14,105
8.5,10,6,15,105
8.5,10,7,0,99
8.5,10,7,1,99
8.5,10,7,2,100
8.5,10,7,3,100
8.5,10,7,4,101
8.5,10,7,5,101
8.5,10,7,6,102
8.5,10,7,7,102
8.5,10,7,8,103
8.5,10,7,9,103
8.5,10,7,10,104
8.5,10,7,11,104
8.5,10,7,12,104
8.5,10,7,13,105
8.5,10,7,14,105
8.5,10,7,15,106
8.5,10,8,0,99
8.5,10,8,1,100
8.5,10,8,2,100
8.5,10,8,3,101
8.5,10,8,4,101
8.5,10,8,5,102
8.5,10,8,6,102
8.5,10,8,7,103
8.5,10,8,8,103
8.5,10,8,9,104
8.5,10,8,10,104
8.5,10,8,11,105
8.5,10,8,12,105
8.5,10,8,13,106
8.5,10,8,14,106
8.5,10,8,15,106
8.5,10,9,0,100
8.5,10,9,1,100
8.5,10,9,2,101
8.5,10,9,3,101
8.5,10,9,4,102
8.5,10,9,5,102
8.5,10,9,6,103
8.5,10,9,7,103
8.5,10,9,8,104
8.5,10,9,9,104
8.5,10,9,10,105
8.5,10,9,11,105
8.5,10,9,12,106
8.5,10,9,13,106
8.5,10,9,14,107
8.5,10,9,15,107
8.5,10,10,0,100
8.5,10,10,1,101
8.5,10,10,2,101
8.5,10,10,3,102
8.5,10,10,4,102
8.5,10,10,5,103
8.5,10,10,6,103
8.5,10,10,7,104
8.5,10,10,8,104
8.5,10,10,9,105
8.5,10,10,10,105
8.5,10,10,11,106
8.5,10,10,12,106
8.5,10,10,13,107
8.5,10,10,14,107
8.5,10,10,15,108
8.5,10,11,0,101
8.5,10,11,1,101
8.5,10,11,2,102
8.5,10,11,3,102
8.5,10,11,4,103
8.5,10,11,5,103
8.5,10,11,6,104
8.5,10,11,7,104
8.5,10,11,8,105
8.5,10,11,9,105
8.5,10,11,10,106
8.5,10,11,11,106
8.5,10,11,12,107
8.5,10,11,13,107
8.5,10,11,14,108
8.5,10,11,15,108
8.5,10,12,0,102
8.5,10,12,1,102
8.5,10,12,2,103
8.5,10,12,3,103
8.5,10,12,4,104
8.5,10,12,5,104
8.5,10,12,6,104
8.5,10,12,7,105
8.5,10,12,8,105
8.5,10,12,9,106
8.5,10,12,10,106
8.5,10,12,11,107
8.5,10,12,12,107
8.5,10,12,13,108
8.5,10,12,14,108
8.5,10,12,15,109
8.5,10,13,0,102
8.5,10,13,1,103
8.5,10,13,2,103
8.5,10,13,3,104
8.5,10,13,4,104
8.5,10,13,5,105
8.5,10,13,6,105
8.5,10,13,7,106
8.5,10,13,8,106
8.5,10,13,9,107
8.5,10,13,10,107
8.5,10,13,11,107
8.5,10,13,12,108
8.5,10,13,13,108
8.5,10,13,14,109
8.5,10,13,15,109
8.5,10,14,0,103
8.5,10,14,1,103
8.5,10,14,2,104
8.5,10,14,3,104
8.5,10,14,4,105
8.5,10,14,5,105
8.5,10,14,6,106
8.5,10,14,7,106
8.5,10,14,8,107
8.5,10,14,9,107
8.5,10,14,10,108
8.5,10,14,11,108
8.5,10,14,12,109
8.5,10,14,13,109
8.5,10,14,14,109
8.5,10,14,15,110
8.5,10,15,0,103
8.5,10,15,1,104
8.5,10,15,2,104
8.5,10,15,3,105
8.5,10,15,4,105
8.5,10,15,5,106
8.5,10,15,6,106
8.5,10,15,7,107
8.5,10,15,8,107
8.5,10,15,9,108
8.5,10,15,10,108
8.5,10,15,11,109
8.5,10,15,12,109
8.5,10,15,13,110
8.5,10,15,14,110
8.5,10,15,15,110
8.5,11,0,0,96
8.5,11,0,1,97
8.5,11,0,2,97
8.5,11,0,3,98
8.5,11,0,4,98
8.5,11,0,5,99
8.5,11,0,6,99
8.5,11,0,7,100
8.5,11,0,8,100
8.5,11,0,9,100
8.5,11,0,10,101
8.5,11,0,11,101
8.5,11,0,12,102
8.5,11,0,13,102
8.5,11,0,14,103
8.5,11,0,15,103
8.5,11,1,0,97
8.5,11,1,1,97
8.5,11,1,2,98
8.5,11,1,3,98
8.5,11,1,4,99
8.5,11,1,5,99
8.5,11,1,6,100
8.5,11,1,7,100
8.5,11,1,8,101
8.5,11,1,9,101
8.5,11,1,10,101
8.5,11,1,11,102
8.5,11,1,12,102
8.5,11,1,13,103
8.5,11,1,14,103
8.5,11,1,15,104
8.5,11,2,0,97
8.5,11,2,1,98
8.5,11,2,2,98
8.5,11,2,3,99
8.5,11,2,4,99
8.5,11,2,5,100
8.5,11,2,6,100
8.5,11,2,7,101
8.5,11,2,8,101
8.5,11,2,9,102
8.5,11,2,10,102
8.5,11,2,11,103
8.5,11,2,12,103
8.5,11,2,13,103
8.5,11,2,14,104
8.5,11,2,15,104
8.5,11,3,0,98
8.5,11,3,1,98
8.5,11,3,2,99
8.5,11,3,3,99
8.5,11,3,4,100
8.5,11,3,5,100
8.5,11,3,6,101
8.5,11,3,7,101
8.5,11,3,8,102
8.5,11,3,9,102
8.5,11,3,10,103
8.5,11,3,11,103
8.5,11,3,12,104
8.5,11,3,13,104
8.5,11,3,14,105
8.5,11,3,15,105
8.5,11,4,0,99
8.5,11,4,1,99
8.5,11,4,2,100
8.5,11,4,3,100
8.5,11,4,4,100
8.5,11,4,5,101
8.5,11,4,6,101
8.5,11,4,7,102
8.5,11,4,8,102
8.5,11,4,9,103
8.5,11,4,10,103
8.5,11,4,11,104
8.5,11,4,12,104
8.5,11,4,13,105
8.5,11,4,14,105
8.5,11,4,15,106
8.5,11,5,0,99
8.5,11,5,1,100
8.5,11,5,2,100
8.5,11,5,3,101
8.5,11,5,4,101
8.5,11,5,5,102
8.5,11,5,6,102
8.5,11,5,7,102
8.5,11,5,8,103
8.5,11,5,9,103
8.5,11,5,10,104
8.5,11,5,11,104
8.5,11,5,12,105
8.5,11,5,13,105
8.5,11,5,14,106
8.5,11,5,15,106
8.5,11,6,0,100
8.5,11,6,1,100
8.5,11,6,2,101
8.5,11,6,3,101
8.5,11,6,4,102
8.5,11,6,5,102
8.5,11,6,6,103
8.5,11,6,7,103
8.5,11,6,8,104
8.5,11,6,9,104
8.5,11,6,10,104
8.5,11,6,11,105
8.5,11,6,12,105
8.5,11,6,13,106
8.5,11,6,14,106
8.5,11,6,15,107
8.5,11,7,0,100
8.5,11,7,1,101
8.5,11,7,2,101
8.5,11,7,3,102
8.5,11,7,4,102
8.5,11,7,5,103
8.5,11,7,6,103
8.5,11,7,7,104
8.5,11,7,8,104
8.5,11,7,9,105
8.5,11,7,10,105
8.5,11,7,11,106
8.5,11,7,12,106
8.5,11,7,13,106
8.5,11,7,14,107
8.5,11,7,15,107
8.5,11,8,0,101
8.5,11,8,1,101
8.5,11,8,2,102
8.5,11,8,3,102
8.5,11,8,4,103
8.5,11,8,5,103
8.5,11,8,6,104
8.5,11,8,7,104
8.5,11,8,8,105
8.5,11,8,9,105
8.5,11,8,10,106
8.5,11,8,11,106
8.5,11,8,12,107
8.5,11,8,13,107
8.5,11,8,14,108
8.5,11,8,15,108
8.5,11,9,0,101
8.5,11,9,1,102
8.5,11,9,2,102
8.5,11,9,3,103
8.5,11,9,4,103
8.5,11,9,5,104
8.5,11,9,6,104
8.5,11,9,7,105
8.5,11,9,8,105
8.5,11,9,9,106
8.5,11,9,10,106
8.5,11,9,11,107
8.5,11,9,12,107
8.5,11,9,13,108
8.5,11,9,14,108
8.5,11,9,15,109
8.5,11,10,0,102
8.5,11,10,1,102
8.5,11,10,2,103
8.5,11,10,3,103
8.5,11,10,4,104
8.5,11,10,5,104
8.5,11,10,6,105
8.5,11,10,7,105
8.5,11,10,8,106
8.5,11,10,9,106
8.5,11,10,10,107
8.5,11,10,11,107
8.5,11,10,12,108
8.5,11,10,13,108
8.5,11,10,14,109
8.5,11,10,15,109
8.5,11,11,0,102
8.5,11,11,1,103
8.5,11,11,2,103
8.5,11,11,3,104
8.5,11,11,4,104
8.5,11,11,5,105
8.5,11,11,6,105
8.5,11,11,7,106
8.5,11,11,8,106
8.5,11,11,9,107
8.5,11,11,10,107
8.5,11,11,11,108
8.5,11,11,12,108
8.5,11,11,13,109
8.5,11,11,14,109
8.5,11,11,15,110
8.5,11,12,0,103
8.5,11,12,1,104
8.5,11,12,2,104
8.5,11,12,3,105
8.5,11,12,4,105
8.5,11,12,5,106
8.5,11,12,6,106
8.5,11,12,7,107
8.5,11,12,8,107
8.5,11,12,9,107
8.5,11,12,10,108
8.5,11,12,11,108
8.5,11,12,12,109
8.5,11,12,13,109
8.5,11,12,14,110
8.5,11,12,15,110
8.5,11,13,0,104
8.5,11,13,1,104
8.5,11,13,2,105
8.5,11,13,3,105
8.5,11,13,4,106
8.5,11,13,5,106
8.5,11,13,6,107
8.5,11,13,7,107
8.5,11,13,8,108
8.5,11,13,9,108
8.5,11,13,10,109
8.5,11,13,11,109
8.5,11,13,12,110
8.5,11,13,13,110
8.5,11,13,14,110
8.5,11,13,15,111
8.5,11,14,0,104
8.5,11,14,1,105
8.5,11,14,2,105
8.5,11,14,3,106
8.5,11,14,4,106
8.5,11,14,5,107
8.5,11,14,6,107
8.5,11,14,7,108
8.5,11,14,8,108
8.5,11,14,9,109
8.5,11,14,10,109
8.5,11,14,11,110
8.5,11,14,12,110
8.5,11,14,13,111
8.5,11,14,14,111
8.5,11,14,15,112
8.5,11,15,0,105
8.5,11,15,1,105
8.5,11,15,2,106
8.5,11,15,3,106
8.5,11,15,4,107
8.5,11,15,5,107
8.5,11,15,6,108
8.5,11,15,7,108
8.5,11,15,8,109
8.5,11,15,9,109
8.5,11,15,10,110
8.5,11,15,11,110
8.5,11,15,12,111
8.5,11,15,13,111
8.5,11,15,14,112
8.5,11,15,15,112
8.5,12,0,0,98
8.5,12,0,1,98
8.5,12,0,2,99
8.5,12,0,3,99
8.5,12,0,4,100
8.5,12,0,5,100
8.5,12,0,6,100
8.5,12,0,7,101
8.5,12,0,8,101
8.5,12,0,9,102
8.5,12,0,10,102
8.5,12,0,11,103
8.5,12,0,12,103
8.5,12,0,13,104
8.5,12,0,14,104
8.5,12,0,15,105
8.5,12,1,0,98
8.5,12,1,1,99
8.5,12,1,2,99
8.5,12,1,3,100
8.5,12,1,4,100
8.5,12,1,5,101
8.5,12,1,6,101
8.5,12,1,7,102
8.5,12,1,8,102
8.5,12,1,9,102
8.5,12,1,10,103
8.5,12,1,11,103
8.5,12,1,12,104
8.5,12,1,13,104
8.5,12,1,14,105
8.5,12,1,15,105
8.5,12,2,0,99
8.5,12,2,1,99
8.5,12,2,2,100
8.5,12,2,3,100
8.5,12,2,4,101
8.5,12,2,5,101
8.5,12,2,6,102
8.5,12,2,7,102
8.5,12,2,8,103
8.5,12,2,9,103
8.5,12,2,10,104
8.5,12,2,11,104
8.5,12,2,12,104
8.5,12,2,13,105
8.5,12,2,14,105
8.5,12,2,15,106
8.5,12,3,0,99
8.5,12,3,1,100
8.5,12,3,2,100
8.5,12,3,3,101
8.5,12,3,4,101
8.5,12,3,5,102
8.5,12,3,6,102
8.5,12,3,7,103
8.5,12,3,8,103
8.5,12,3,9,104
8.5,12,3,10,104
8.5,12,3,11,105
8.5,12,3,12,105
8.5,12,3,13,106
8.5,12,3,14,106
8.5,12,3,15,106
8.5,12,4,0,100
8.5,12,4,1,100
8.5,12,4,2,101
8.5,12,4,3,101
8.5,12,4,4,102
8.5,12,4,5,102
8.5,12,4,6,103
8.5,12,4,7,103
8.5,12,4,8,104
8.5,12,4,9,104
8.5,12,4,10,105
8.5,12,4,11,105
8.5,12,4,12,106
8.5,12,4,13,106
8.5,12,4,14,107
8.5,12,4,15,107
8.5,12,5,0,101
8.5,12,5,1,101
8.5,12,5,2,102
8.5,12,5,3,102
8.5,12,5,4,103
8.5,12,5,5,103
8.5,12,5,6,103
8.5,12,5,7,104
8.5,12,5,8,104
8.5,12,5,9,105
8.5,12,5,10,105
8.5,12,5,11,106
8.5,12,5,12,106
8.5,12,5,13,107
8.5,12,5,14,107
8.5,12,5,15,108
8.5,12,6,0,101
8.5,12,6,1,102
8.5,12,6,2,102
8.5,12,6,3,103
8.5,12,6,4,103
8.5,12,6,5,104
8.5,12,6,6,104
8.5,12,6,7,105
8.5,12,6,8,105
8.5,12,6,9,106
8.5,12,6,10,106
8.5,12,6,11,106
8.5,12,6,12,107
8.5,12,6,13,107
8.5,12,6,14,108
8.5,12,6,15,108
8.5,12,7,0,102
8.5,12,7,1,102
8.5,12,7,2,103
8.5,12,7,3,103
8.5,12,7,4,104
8.5,12,7,5,104
8.5,12,7,6,105
8.5,12,7,7,105
8.5,12,7,8,106
8.5,12,7,9,106
8.5,12,7,10,107
8.5,12,7,11,107
8.5,12,7,12,108
8.5,12,7,13,108
8.5,12,7,14,108
8.5,12,7,15,109
8.5,12,8,0,102
8.5,12,8,1,103
8.5,12,8,2,103
8.5,12,8,3,104
8.5,12,8,4,104
8.5,12,8,5,105
8.5,12,8,6,105
8.5,12,8,7,106
8.5,12,8,8,106
8.5,12,8,9,107
8.5,12,8,10,107
8.5,12,8,11,108
8.5,12,8,12,108
8.5,12,8,13,109
8.5,12,8,14,109
8.5,12,8,15,110
8.5,12,9,0,103
8.5,12,9,1,103
8.5,12,9,2,104
8.5,12,9,3,104
8.5,12,9,4,105
8.5,12,9,5,105
8.5,12,9,6,106
8.5,12,9,7,106
8.5,12,9,8,107
8.5,12,9,9,107
8.5,12,9,10,108
8.5,12,9,11,108
8.5,12,9,12,109
8.5,12,9,13,109
8.5,12,9,14,110
8.5,12,9,15,110
8.5,12,10,0,103
8.5,12,10,1,104
8.5,12,10,2,104
8.5,12,10,3,105
8.5,12,10,4,105
8.5,12,10,5,106
8.5,12,10,6,106
8.5,12,10,7,107
8.5,12,10,8,107
8.5,12,10,9,108
8.5,12,10,10,108
8.5,12,10,11,109
8.5,12,10,12,109
8.5,12,10,13,110
8.5,12,10,14,110
8.5,12,10,15,111
8.5,12,11,0,104
8.5,12,11,1,104
8.5,12,11,2,105
8.5,12,11,3,105
8.5,12,11,4,106
8.5,12,11,5,106
8.5,12,11,6,107
8.5,12,11,7,107
8.5,12,11,8,108
8.5,12,11,9,108
8.5,12,11,10,109
8.5,12,11,11,109
8.5,12,11,12,110
8.5,12,11,13,110
8.5,12,11,14,111
8.5,12,11,15,111
8.5,12,12,0,104
8.5,12,12,1,105
8.5,12,12,2,106
8.5,12,12,3,106
8.5,12,12,4,107
8.5,12,12,5,107
8.5,12,12,6,108
8.5,12,12,7,108
8.5,12,12,8,109
8.5,12,12,9,109
8.5,12,12,10,110
8.5,12,12,11,110
8.5,12,12,12,111
8.5,12,12,13,111
8.5,12,12,14,111
8.5,12,12,15,112
8.5,12,13,0,105
8.5,12,13,1,106
8.5,12,13,2,106
8.5,12,13,3,107
8.5,12,13,4,107
8.5,12,13,5,108
8.5,12,13,6,108
8.5,12,13,7,109
8.5,12,13,8,109
8.5,12,13,9,110
8.5,12,13,10,110
8.5,12,13,11,111
8.5,12,13,12,111
8.5,12,13,13,112
8.5,12,13,14,112
8.5,12,13,15,113
8.5,12,14,0,106
8.5,12,14,1,106
8.5,12,14,2,107
8.5,12,14,3,107
8.5,12,14,4,108
8.5,12,14,5,108
8.5,12,14,6,109
8.5,12,14,7,109
8.5,12,14,8,110
8.5,12,14,9,110
8.5,12,14,10,111
8.5,12,14,11,111
8.5,12,14,12,112
8.5,12,14,13,112
8.5,12,14,14,113
8.5,12,14,15,113
8.5,12,15,0,106
8.5,12,15,1,107
8.5,12,15,2,107
8.5,12,15,3,108
8.5,12,15,4,108
8.5,12,15,5,109
8.5,12,15,6,109
8.5,12,15,7,110
8.5,12,15,8,110
8.5,12,15,9,111
8.5,12,15,10,111
8.5,12,15,11,112
8.5,12,15,12,112
8.5,12,15,13,113
8.5,12,15,14,113
8.5,12,15,15,114
8.5,13,0,0,99
8.5,13,0,1,100
8.5,13,0,2,100
8.5,13,0,3,100
8.5,13,0,4,101
8.5,13,0,5,101
8.5,13,0,6,102
8.5,13,0,7,102
8.5,13,0,8,103
8.5,13,0,9,103
8.5,13,0,10,104
8.5,13,0,11,104
8.5,13,0,12,105
8.5,13,0,13,105
8.5,13,0,14,106
8.5,13,0,15,106
8.5,13,1,0,100
8.5,13,1,1,100
8.5,13,1,2,101
8.5,13,1,3,101
8.5,13,1,4,102
8.5,13,1,5,102
8.5,13,1,6,103
8.5,13,1,7,103
8.5,13,1,8,103
8.5,13,1,9,104
8.5,13,1,10,104
8.5,13,1,11,105
8.5,13,1,12,105
8.5,13,1,13,106
8.5,13,1,14,106
8.5,13,1,15,107
8.5,13,2,0,100
8.5,13,2,1,101
8.5,13,2,2,101
8.5,13,2,3,102
8.5,13,2,4,102
8.5,13,2,5,103
8.5,13,2,6,103
8.5,13,2,7,104
8.5,13,2,8,104
8.5,13,2,9,105
8.5,13,2,10,105
8.5,13,2,11,106
8.5,13,2,12,106
8.5,13,2,13,106
8.5,13,2,14,107
8.5,13,2,15,107
8.5,13,3,0,101
8.5,13,3,1,101
8.5,13,3,2,102
8.5,13,3,3,102
8.5,13,3,4,103
8.5,13,3,5,103
8.5,13,3,6,104
8.5,13,3,7,104
8.5,13,3,8,105
8.5,13,3,9,105
8.5,13,3,10,106
8.5,13,3,11,106
8.5,13,3,12,107
8.5,13,3,13,107
8.5,13,3,14,108
8.5,13,3,15,108
8.5,13,4,0,101
8.5,13,4,1,102
8.5,13,4,2,102
8.5,13,4,3,103
8.5,13,4,4,103
8.5,13,4,5,104
8.5,13,4,6,104
8.5,13,4,7,105
8.5,13,4,8,105
8.5,13,4,9,106
8.5,13,4,10,106
8.5,13,4,11,107
8.5,13,4,12,107
8.5,13,4,13,108
8.5,13,4,14,108
8.5,13,4,15,109
8.5,13,5,0,102
8.5,13,5,1,102
8.5,13,5,2,103
8.5,13,5,3,103
8.5,13,5,4,104
8.5,13,5,5,104
8.5,13,5,6,105
8.5,13,5,7,105
8.5,13,5,8,106
8.5,13,5,9,106
8.5,13,5,10,107
8.5,13,5,11,107
8.5,13,5,12,108
8.5,13,5,13,108
8.5,13,5,14,109
8.5,13,5,15,109
8.5,13,6,0,103
8.5,13,6,1,103
8.5,13,6,2,104
8.5,13,6,3,104
8.5,13,6,4,105
8.5,13,6,5,105
8.5,13,6,6,106
8.5,13,6,7,106
8.5,13,6,8,107
8.5,13,6,9,107
8.5,13,6,10,107
8.5,13,6,11,108
8.5,13,6,12,108
8.5,13,6,13,109
8.5,13,6,14,109
8.5,13,6,15,110
8.5,13,7,0,103
8.5,13,7,1,104
8.5,13,7,2,104
8.5,13,7,3,105
8.5,13,7,4,105
8.5,13,7,5,106
8.5,13,7,6,106
8.5,13,7,7,107
8.5,13,7,8,107
8.5,13,7,9,108
8.5,13,7,10,108
8.5,13,7,11,109
8.5,13,7,12,109
8.5,13,7,13,110
8.5,13,7,14,110
8.5,13,7,15,110
8.5,13,8,0,104
8.5,13,8,1,104
8.5,13,8,2,105
8.5,13,8,3,105
8.5,13,8,4,106
8.5,13,8,5,106
8.5,13,8,6,107
8.5,13,8,7,107
8.5,13,8,8,108
8.5,13,8,9,108
8.5,13,8,10,109
8.5,13,8,11,109
8.5,13,8,12,110
8.5,13,8,13,110
8.5,13,8,14,111
8.5,13,8,15,111
8.5,13,9,0,104
8.5,13,9,1,105
8.5,13,9,2,105
8.5,13,9,3,106
8.5,13,9,4,106
8.5,13,9,5,107
8.5,13,9,6,107
8.5,13,9,7,108
8.5,13,9,8,108
8.5,13,9,9,109
8.5,13,9,10,109
8.5,13,9,11,110
8.5,13,9,12,110
8.5,13,9,13,111
8.5,13,9,14,111
8.5,13,9,15,112
8.5,13,10,0,105
8.5,13,10,1,105
8.5,13,10,2,106
8.5,13,10,3,106
8.5,13,10,4,107
8.5,13,10,5,107
8.5,13,10,6,108
8.5,13,10,7,108
8.5,13,10,8,109
8.5,13,10,9,109
8.5,13,10,10,110
8.5,13,10,11,110
8.5,13,10,12,111
8.5,13,10,13,111
8.5,13,10,14,112
8.5,13,10,15,112
8.5,13,11,0,105
8.5,13,11,1,106
8.5,13,11,2,106
8.5,13,11,3,107
8.5,13,11,4,107
8.5,13,11,5,108
8.5,13,11,6,108
8.5,13,11,7,109
8.5,13,11,8,109
8.5,13,11,9,110
8.5,13,11,10,110
8.5,13,11,11,111
8.5,13,11,12,111
8.5,13,11,13,112
8.5,13,11,14,112
8.5,13,11,15,113
8.5,13,12,0,106
8.5,13,12,1,106
8.5,13,12,2,107
8.5,13,12,3,108
8.5,13,12,4,108
8.5,13,12,5,109
8.5,13,12,6,109
8.5,13,12,7,110
8.5,13,12,8,110
8.5,13,12,9,111
8.5,13,12,10,111
8.5,13,12,11,112
8.5,13,12,12,112
8.5,13,12,13,113
8.5,13,12,14,113
8.5,13,12,15,114
8.5,13,13,0,107
8.5,13,13,1,107
8.5,13,13,2,108
8.5,13,13,3,108
8.5,13,13,4,109
8.5,13,13,5,109
8.5,13,13,6,110
8.5,13,13,7,110
8.5,13,13,8,111
8.5,13,13,9,111
8.5,13,13,10,112
8.5,13,13,11,112
8.5,13,13,12,113
8.5,13,13,13,113
8.5,13,13,14,114
8.5,13,13,15,114
8.5,13,14,0,107
8.5,13,14,1,108
8.5,13,14,2,108
8.5,13,14,3,109
8.5,13,14,4,109
8.5,13,14,5,110
8.5,13,14,6,110
8.5,13,14,7,111
8.5,13,14,8,111
8.5,13,14,9,112
8.5,13,14,10,112
8.5,13,14,11,113
8.5,13,14,12,113
8.5,13,14,13,114
8.5,13,14,14,114
8.5,13,14,15,115
8.5,13,15,0,108
8.5,13,15,1,108
8.5,13,15,2,109
8.5,13,15,3,109
8.5,13,15,4,110
8.5,13,15,5,110
8.5,13,15,6,111
8.5,13,15,7,111
8.5,13,15,8,112
8.5,13,15,9,112
8.5,13,15,10,113
8.5,13,15,11,113
8.5,13,15,12,114
8.5,13,15,13,114
8.5,13,15,14,115
8.5,13,15,15,115
8.5,14,0,0,100
8.5,14,0,1,101
8.5,14,0,2,101
8.5,14,0,3,102
8.5,14,0,4,102
8.5,14,0,5,103
8.5,14,0,6,103
8.5,14,0,7,104
8.5,14,0,8,104
8.5,14,0,9,105
8.5,14,0,10,105
8.5,14,0,11,106
8.5,14,0,12,106
8.5,14,0,13,107
8.5,14,0,14,107
8.5,14,0,15,108
8.5,14,1,0,101
8.5,14,1,1,102
8.5,14,1,2,102
8.5,14,1,3,102
8.5,14,1,4,103
8.5,14,1,5,103
8.5,14,1,6,104
8.5,14,1,7,104
8.5,14,1,8,105
8.5,14,1,9,105
8.5,14,1,10,106
8.5,14,1,11,106
8.5,14,1,12,107
8.5,14,1,13,107
8.5,14,1,14,108
8.5,14,1,15,108
8.5,14,2,0,102
8.5,14,2,1,102
8.5,14,2,2,103
8.5,14,2,3,103
8.5,14,2,4,104
8.5,14,2,5,104
8.5,14,2,6,105
8.5,14,2,7,105
8.5,14,2,8,106
8.5,14,2,9,106
8.5,14,2,10,107
8.5,14,2,11,107
8.5,14,2,12,107
8.5,14,2,13,108
8.5,14,2,14,108
8.5,14,2,15,109
8.5,14,3,0,102
8.5,14,3,1,103
8.5,14,3,2,103
8.5,14,3,3,104
8.5,14,3,4,104
8.5,14,3,5,105
8.5,14,3,6,105
8.5,14,3,7,106
8.5,14,3,8,106
8.5,14,3,9,107
8.5,14,3,10,107
8.5,14,3,11,108
8.5,14,3,12,108
8.5,14,3,13,109
8.5,14,3,14,109
8.5,14,3,15,110
8.5,14,4,0,103
8.5,14,4,1,103
8.5,14,4,2,104
8.5,14,4,3,104
8.5,14,4,4,105
8.5,14,4,5,105
8.5,14,4,6,106
8.5,14,4,7,106
8.5,14,4,8,107
8.5,14,4,9,107
8.5,14,4,10,108
8.5,14,4,11,108
8.5,14,4,12,109
8.5,14,4,13,109
8.5,14,4,14,110
8.5,14,4,15,110
8.5,14,5,0,103
8.5,14,5,1,104
8.5,14,5,2,104
8.5,14,5,3,105
8.5,14,5,4,105
8.5,14,5,5,106
8.5,14,5,6,106
8.5,14,5,7,107
8.5,14,5,8,107
8.5,14,5,9,108
8.5,14,5,10,108
8.5,14,5,11,109
8.5,14,5,12,109
8.5,14,5,13,110
8.5,14,5,14,110
8.5,14,5,15,111
8.5,14,6,0,104
8.5,14,6,1,104
8.5,14,6,2,105
8.5,14,6,3,106
8.5,14,6,4,106
8.5,14,6,5,107
8.5,14,6,6,107
8.5,14,6,7,108
8.5,14,6,8,108
8.5,14,6,9,109
8.5,14,6,10,109
8.5,14,6,11,109
8.5,14,6,12,110
8.5,14,6,13,110
8.5,14,6,14,111
8.5,14,6,15,111
8.5,14,7,0,105
8.5,14,7,1,105
8.5,14,7,2,106
8.5,14,7,3,106
8.5,14,7,4,107
8.5,14,7,5,107
8.5,14,7,6,108
8.5,14,7,7,108
8.5,14,7,8,109
8.5,14,7,9,109
8.5,14,7,10,110
8.5,14,7,11,110
8.5,14,7,12,111
8.5,14,7,13,111
8.5,14,7,14,112
8.5,14,7,15,112
8.5,14,8,0,105
8.5,14,8,1,106
8.5,14,8,2,106
8.5,14,8,3,107
8.5,14,8,4,107
8.5,14,8,5,108
8.5,14,8,6,108
8.5,14,8,7,109
8.5,14,8,8,109
8.5,14,8,9,110
8.5,14,8,10,110
8.5,14,8,11,111
8.5,14,8,12,111
8.5,14,8,13,112
8.5,14,8,14,112
8.5,14,8,15,113
8.5,14,9,0,106
8.5,14,9,1,106
8.5,14,9,2,107
8.5,14,9,3,107
8.5,14,9,4,108
8.5,14,9,5,108
8.5,14,9,6,109
8.5,14,9,7,109
8.5,14,9,8,110
8.5,14,9,9,110
8.5,14,9,10,111
8.5,14,9,11,111
8.5,14,9,12,112
8.5,14,9,13,112
8.5,14,9,14,113
8.5,14,9,15,113
8.5,14,10,0,106
8.5,14,10,1,107
8.5,14,10,2,107
8.5,14,10,3,108
8.5,14,10,4,108
8.5,14,10,5,109
8.5,14,10,6,109
8.5,14,10,7,110
8.5,14,10,8,110
8.5,14,10,9,111
8.5,14,10,10,111
8.5,14,10,11,112
8.5,14,10,12,112
8.5,14,10,13,113
8.5,14,10,14,113
8.5,14,10,15,114
8.5,14,11,0,107
8.5,14,11,1,107
8.5,14,11,2,108
8.5,14,11,3,108
8.5,14,11,4,109
8.5,14,11,5,109
8.5,14,11,6,110
8.5,14,11,7,111
8.5,14,11,8,111
8.5,14,11,9,112
8.5,14,11,10,112
8.5,14,11,11,113
8.5,14,11,12,113
8.5,14,11,13,114
8.5,14,11,14,114
8.5,14,11,15,115
8.5,14,12,0,107
8.5,14,12,1,108
8.5,14,12,2,109
8.5,14,12,3,109
8.5,14,12,4,110
8.5,14,12,5,110
8.5,14,12,6,111
8.5,14,12,7,111
8.5,14,12,8,112
8.5,14,12,9,112
8.5,14,12,10,113
8.5,14,12,11,113
8.5,14,12,12,114
8.5,14,12,13,114
8.5,14,12,14,115
8.5,14,12,15,115
8.5,14,13,0,108
8.5,14,13,1,109
8.5,14,13,2,109
8.5,14,13,3,110
8.5,14,13,4,110
8.5,14,13,5,111
8.5,14,13,6,111
8.5,14,13,7,112
8.5,14,13,8,112
8.5,14,13,9,113
8.5,14,13,10,113
8.5,14,13,11,114
8.5,14,13,12,114
8.5,14,13,13,115
8.5,14,13,14,115
8.5,14,13,15,116
8.5,14,14,0,109
8.5,14,14,1,109
8.5,14,14,2,110
8.5,14,14,3,110
8.5,14,14,4,111
8.5,14,14,5,111
8.5,14,14,6,112
8.5,14,14,7,112
8.5,14,14,8,113
8.5,14,14,9,113
8.5,14,14,10,114
8.5,14,14,11,114
8.5,14,14,12,115
8.5,14,14,13,115
8.5,14,14,14,116
8.5,14,14,15,116
8.5,14,15,0,109
8.5,14,15,1,110
8.5,14,15,2,110
8.5,14,15,3,111
8.5,14,15,4,111
8.5,14,15,5,112
8.5,14,15,6,112
8.5,14,15,7,113
8.5,14,15,8,113
8.5,14,15,9,114
8.5,14,15,10,114
8.5,14,15,11,115
8.5,14,15,12,115
8.5,14,15,13,116
8.5,14,15,14,116
8.5,14,15,15,117
8.5,15,0,0,102
8.5,15,0,1,102
8.5,15,0,2,103
8.5,15,0,3,103
8.5,15,0,4,104
8.5,15,0,5,104
8.5,15,0,6,105
8.5,15,0,7,105
8.5,15,0,8,106
8.5,15,0,9,106
8.5,15,0,10,107
8.5,15,0,11,107
8.5,15,0,12,108
8.5,15,0,13,108
8.5,15,0,14,109
8.5,15,0,15,109
8.5,15,1,0,102
8.5,15,1,1,103
8.5,15,1,2,103
8.5,15,1,3,104
8.5,15,1,4,104
8.5,15,1,5,105
8.5,15,1,6,105
8.5,15,1,7,106
8.5,15,1,8,106
8.5,15,1,9,107
8.5,15,1,10,107
8.5,15,1,11,108
8.5,15,1,12,108
8.5,15,1,13,109
8.5,15,1,14,109
8.5,15,1,15,110
8.5,15,2,0,103
8.5,15,2,1,104
8.5,15,2,2,104
8.5,15,2,3,105
8.5,15,2,4,105
8.5,15,2,5,106
8.5,15,2,6,106
8.5,15,2,7,107
8.5,15,2,8,107
8.5,15,2,9,107
8.5,15,2,10,108
8.5,15,2,11,108
8.5,15,2,12,109
8.5,15,2,13,109
8.5,15,2,14,110
8.5,15,2,15,110
8.5,15,3,0,104
8.5,15,3,1,104
8.5,15,3,2,105
8.5,15,3,3,105
8.5,15,3,4,106
8.5,15,3,5,106
8.5,15,3,6,107
8.5,15,3,7,107
8.5,15,3,8,108
8.5,15,3,9,108
8.5,15,3,10,109
8.5,15,3,11,109
8.5,15,3,12,110
8.5,15,3,13,110
8.5,15,3,14,111
8.5,15,3,15,111
8.5,15,4,0,104
8.5,15,4,1,105
8.5,15,4,2,105
8.5,15,4,3,106
8.5,15,4,4,106
8.5,15,4,5,107
8.5,15,4,6,107
8.5,15,4,7,108
8.5,15,4,8,108
8.5,15,4,9,109
8.5,15,4,10,109
8.5,15,4,11,110
8.5,15,4,12,110
8.5,15,4,13,111
8.5,15,4,14,111
8.5,15,4,15,112
8.5,15,5,0,105
8.5,15,5,1,105
8.5,15,5,2,106
8.5,15,5,3,106
8.5,15,5,4,107
8.5,15,5,5,107
8.5,15,5,6,108
8.5,15,5,7,108
8.5,15,5,8,109
8.5,15,5,9,109
8.5,15,5,10,110
8.5,15,5,11,110
8.5,15,5,12,111
8.5,15,5,13,111
8.5,15,5,14,112
8.5,15,5,15,112
8.5,15,6,0,105
8.5,15,6,1,106
8.5,15,6,2,106
8.5,15,6,3,107
8.5,15,6,4,107
8.5,15,6,5,108
8.5,15,6,6,108
8.5,15,6,7,109
8.5,15,6,8,109
8.5,15,6,9,110
8.5,15,6,10,110
8.5,15,6,11,111
8.5,15,6,12,111
8.5,15,6,13,112
8.5,15,6,14,112
8.5,15,6,15,113
8.5,15,7,0,106
8.5,15,7,1,107
8.5,15,7,2,107
8.5,15,7,3,108
8.5,15,7,4,108
8.5,15,7,5,109
8.5,15,7,6,109
8.5,15,7,7,110
8.5,15,7,8,110
8.5,15,7,9,111
8.5,15,7,10,111
8.5,15,7,11,112
8.5,15,7,12,112
8.5,15,7,13,113
8.5,15,7,14,113
8.5,15,7,15,114
8.5,15,8,0,107
8.5,15,8,1,107
8.5,15,8,2,108
8.5,15,8,3,108
8.5,15,8,4,109
8.5,15,8,5,109
8.5,15,8,6,110
8.5,15,8,7,110
8.5,15,8,8,111
8.5,15,8,9,111
8.5,15,8,10,112
8.5,15,8,11,112
8.5,15,8,12,113
8.5,15,8,13,113
8.5,15,8,14,114
8.5,15,8,15,114
8.5,15,9,0,107
8.5,15,9,1,108
8.5,15,9,2,108
8.5,15,9,3,109
8.5,15,9,4,109
8.5,15,9,5,110
8.5,15,9,6,110
8.5,15,9,7,111
8.5,15,9,8,111
8.5,15,9,9,112
8.5,15,9,10,112
8.5,15,9,11,113
8.5,15,9,12,113
8.5,15,9,13,114
8.5,15,9,14,114
8.5,15,9,15,115
8.5,15,10,0,108
8.5,15,10,1,108
8.5,15,10,2,109
8.5,15,10,3,109
8.5,15,10,4,110
8.5,15,10,5,110
8.5,15,10,6,111
8.5,15,10,7,111
8.5,15,10,8,112
8.5,15,10,9,112
8.5,15,10,10,113
8.5,15,10,11,113
8.5,15,10,12,114
8.5,15,10,13,114
8.5,15,10,14,115
8.5,15,10,15,115
8.5,15,11,0,108
8.5,15,11,1,109
8.5,15,11,2,109
8.5,15,11,3,110
8.5,15,11,4,110
8.5,15,11,5,111
8.5,15,11,6,112
8.5,15,11,7,112
8.5,15,11,8,113
8.5,15,11,9,113
8.5,15,11,10,114
8.5,15,11,11,114
8.5,15,11,12,115
8.5,15,11,13,115
8.5,15,11,14,116
8.5,15,11,15,116
8.5,15,12,0,109
8.5,15,12,1,109
8.5,15,12,2,110
8.5,15,12,3,111
8.5,15,12,4,111
8.5,15,12,5,112
8.5,15,12,6,112
8.5,15,12,7,113
8.5,15,12,8,113
8.5,15,12,9,114
8.5,15,12,10,114
8.5,15,12,11,115
8.5,15,12,12,115
8.5,15,12,13,116
8.5,15,12,14,116
8.5,15,12,15,117
8.5,15,13,0,110
8.5,15,13,1,110
8.5,15,13,2,111
8.5,15,13,3,111
8.5,15,13,4,112
8.5,15,13,5,112
8.5,15,13,6,113
8.5,15,13,7,113
8.5,15,13,8,114
8.5,15,13,9,114
8.5,15,13,10,115
8.5,15,13,11,115
8.5,15,13,12,116
8.5,15,13,13,116
8.5,15,13,14,117
8.5,15,13,15,117
8.5,15,14,0,110
8.5,15,14,1,111
8.5,15,14,2,111
8.5,15,14,3,112
8.5,15,14,4,112
8.5,15,14,5,113
8.5,15,14,6,113
8.5,15,14,7,114
8.5,15,14,8,114
8.5,15,14,9,115
8.5,15,14,10,115
8.5,15,14,11,116
8.5,15,14,12,116
8.5,15,14,13,117
8.5,15,14,14,117
8.5,15,14,15,118
8.5,15,15,0,111
8.5,15,15,1,111
8.5,15,15,2,112
8.5,15,15,3,112
8.5,15,15,4,113
8.5,15,15,5,113
8.5,15,15,6,114
8.5,15,15,7,114
8.5,15,15,8,115
8.5,15,15,9,115
8.5,15,15,10,116
8.5,15,15,11,116
8.5,15,15,12,117
8.5,15,15,13,118
8.5,15,15,14,118
8.5,15,15,15,119
9.0,0,0,0,86
9.0,0,0,1,87
9.0,0,0,2,87
9.0,0,0,3,87
9.0,0,0,4,88
9.0,0,0,5,88
9.0,0,0,6,89
9.0,0,0,7,89
9.0,0,0,8,90
9.0,0,0,9,90
9.0,0,0,10,90
9.0,0,0,11,91
9.0,0,0,12,91
9.0,0,0,13,92
9.0,0,0,14,92
9.0,0,0,15,92
9.0,0,1,0,87
9.0,0,1,1,87
9.0,0,1,2,88
9.0,0,1,3,88
9.0,0,1,4,88
9.0,0,1,5,89
9.0,0,1,6,89
9.0,0,1,7,90
9.0,0,1,8,90
9.0,0,1,9,90
9.0,0,1,10,91
9.0,0,1,11,91
9.0,0,1,12,92
9.0,0,1,13,92
9.0,0,1,14,92
9.0,0,1,15,93
9.0,0,2,0,87
9.0,0,2,1,88
9.0,0,2,2,88
9.0,0,2,3,88
9.0,0,2,4,89
9.0,0,2,5,89
9.0,0,2,6,90
9.0,0,2,7,90
9.0,0,2,8,91
9.0,0,2,9,91
9.0,0,2,10,91
9.0,0,2,11,92
9.0,0,2,12,92
9.0,0,2,13,93
9.0,0,2,14,93
9.0,0,2,15,93
9.0,0,3,0,88
9.0,0,3,1,88
9.0,0,3,2,89
9.0,0,3,3,89
9.0,0,3,4,89
9.0,0,3,5,90
9.0,0,3,6,90
9.0,0,3,7,91
9.0,0,3,8,91
9.0,0,3,9,92
9.0,0,3,10,92
9.0,0,3,11,92
9.0,0,3,12,93
9.0,0,3,13,93
9.0,0,3,14,94
9.0,0,3,15,94
9.0,0,4,0,88
9.0,0,4,1,89
9.0,0,4,2,89
9.0,0,4,3,90
9.0,0,4,4,90
9.0,0,4,5,90
9.0,0,4,6,91
9.0,0,4,7,91
9.0,0,4,8,92
9.0,0,4,9,92
9.0,0,4,10,92
9.0,0,4,11,93
9.0,0,4,12,93
9.0,0,4,13,94
9.0,0,4,14,94
9.0,0,4,15,95
9.0,0,5,0,89
9.0,0,5,1,89
9.0,0,5,2,90
9.0,0,5,3,90
9.0,0,5,4,90
9.0,0,5,5,91
9.0,0,5,6,91
9.0,0,5,7,92
9.0,0,5,8,92
9.0,0,5,9,93
9.0,0,5,10,93
9.0,0,5,11,93
9.0,0,5,12,94
9.0,0,5,13,94
9.0,0,5,14,95
9.0,0,5,15,95
9.0,0,6,0,89
9.0,0,6,1,90
9.0,0,6,2,90
9.0,0,6,3,91
9.0,0,6,4,91
9.0,0,6,5,91
9.0,0,6,6,92
9.0,0,6,7,92
9.0,0,6,8,93
9.0,0,6,9,93
9.0,0,6,10,94
9.0,0,6,11,94
9.0,0,6,12,94
9.0,0,6,13,95
9.0,0,6,14,95
9.0,0,6,15,96
9.0,0,7,0,90
9.0,0,7,1,90
9.0,0,7,2,91
9.0,0,7,3,91
9.0,0,7,4,92
9.0,0,7,5,92
9.0,0,7,6,92
9.0,0,7,7,93
9.0,0,7,8,93
9.0,0,7,9,94
9.0,0,7,10,94
9.0,0,7,11,94
9.0,0,7,12,95
9.0,0,7,13,95
9.0,0,7,14,96
9.0,0,7,15,96
9.0,0,8,0,90
9.0,0,8,1,91
9.0,0,8,2,91
9.0,0,8,3,92
9.0,0,8,4,92
9.0,0,8,5,92
9.0,0,8,6,93
9.0,0,8,7,93
9.0,0,8,8,94
9.0,0,8,9,94
9.0,0,8,10,95
9.0,0,8,11,95
9.0,0,8,12,95
9.0,0,8,13,96
9.0,0,8,14,96
9.0,0,8,15,97
9.0,0,9,0,91
9.0,0,9,1,91
9.0,0,9,2,92
9.0,0,9,3,92
9.0,0,9,4,93
9.0,0,9,5,93
9.0,0,9,6,93
9.0,0,9,7,94
9.0,0,9,8,94
9.0,0,9,9,95
9.0,0,9,10,95
9.0,0,9,11,96
9.0,0,9,12,96
9.0,0,9,13,96
9.0,0,9,14,97
9.0,0,9,15,97
9.0,0,10,0,91
9.0,0,10,1,92
9.0,0,10,2,92
9.0,0,10,3,93
9.0,0,10,4,93
9.0,0,10,5,93
9.0,0,10,6,94
9.0,0,10,7,94
9.0,0,10,8,95
9.0,0,10,9,95
9.0,0,10,10,96
9.0,0,10,11,96
9.0,0,10,12,96
9.0,0,10,13,97
9.0,0,10,14,97
9.0,0,10,15,98
9.0,0,11,0,92
9.0,0,11,1,92
9.0,0,11,2,93
9.0,0,11,3,93
9.0,0,11,4,94
9.0,0,11,5,94
9.0,0,11,6,94
9.0,0,11,7,95
9.0,0,11,8,95
9.0,0,11,9,96
9.0,0,11,10,96
9.0,0,11,11,97
9.0,0,11,12,97
9.0,0,11,13,97
9.0,0,11,14,98
9.0,0,11,15,98
9.0,0,12,0,92
9.0,0,12,1,93
9.0,0,12,2,93
9.0,0,12,3,94
9.0,0,12,4,94
9.0,0,12,5,94
9.0,0,12,6,95
9.0,0,12,7,95
9.0,0,12,8,96
9.0,0,12,9,96
9.0,0,12,10,97
9.0,0,12,11,97
9.0,0,12,12,98
9.0,0,12,13,98
9.0,0,12,14,98
9.0,0,12,15,99
9.0,0,13,0,93
9.0,0,13,1,93
9.0,0,13,2,94
9.0,0,13,3,94
9.0,0,13,4,95
9.0,0,13,5,95
9.0,0,13,6,95
9.0,0,13,7,96
9.0,0,13,8,96
9.0,0,13,9,97
9.0,0,13,10,97
9.0,0,13,11,98
9.0,0,13,12,98
9.0,0,13,13,98
9.0,0,13,14,99
9.0,0,13,15,99
9.0,0,14,0,93
9.0,0,14,1,94
9.0,0,14,2,94
9.0,0,14,3,95
9.0,0,14,4,95
9.0,0,14,5,95
9.0,0,14,6,96
9.0,0,14,7,96
9.0,0,14,8,97
9.0,0,14,9,97
9.0,0,14,10,98
9.0,0,14,11,98
9.0,0,14,12,99
9.0,0,14,13,99
9.0,0,14,14,99
9.0,0,14,15,100
9.0,0,15,0,94
9.0,0,15,1,94
9.0,0,15,2,95
9.0,0,15,3,95
9.0,0,15,4,96
9.0,0,15,5,96
9.0,0,15,6,96
9.0,0,15,7,97
9.0,0,15,8,97
9.0,0,15,9,98
9.0,0,15,10,98
9.0,0,15,11,99
9.0,0,15,12,99
9.0,0,15,13,99
9.0,0,15,14,100
9.0,0,15,15,100
9.0,1,0,0,88
9.0,1,0,1,88
9.0,1,0,2,88
9.0,1,0,3,89
9.0,1,0,4,89
9.0,1,0,5,90
9.0,1,0,6,90
9.0,1,0,7,91
9.0,1,0,8,91
9.0,1,0,9,91
9.0,1,0,10,92
9.0,1,0,11,92
9.0,1,0,12,93
9.0,1,0,13,93
9.0,1,0,14,93
9.0,1,0,15,94
9.0,1,1,0,88
9.0,1,1,1,89
9.0,1,1,2,89
9.0,1,1,3,89
9.0,1,1,4,90
9.0,1,1,5,90
9.0,1,1,6,91
9.0,1,1,7,91
9.0,1,1,8,92
9.0,1,1,9,92
9.0,1,1,10,92
9.0,1,1,11,93
9.0,1,1,12,93
9.0,1,1,13,94
9.0,1,1,14,94
9.0,1,1,15,94
9.0,1,2,0,89
9.0,1,2,1,89
9.0,1,2,2,90
9.0,1,2,3,90
9.0,1,2,4,90
9.0,1,2,5,91
9.0,1,2,6,91
9.0,1,2,7,92
9.0,1,2,8,92
9.0,1,2,9,93
9.0,1,2,10,93
9.0,1,2,11,93
9.0,1,2,12,94
9.0,1,2,13,94
9.0,1,2,14,95
9.0,1,2,15,95
9.0,1,3,0,89
9.0,1,3,1,90
9.0,1,3,2,90
9.0,1,3,3,91
9.0,1,3,4,91
9.0,1,3,5,91
9.0,1,3,6,92
9.0,1,3,7,92
9.0,1,3,8,93
9.0,1,3,9,93
9.0,1,3,10,94
9.0,1,3,11,94
9.0,1,3,12,94
9.0,1,3,13,95
9.0,1,3,14,95
9.0,1,3,15,96
9.0,1,4,0,90
9.0,1,4,1,90
9.0,1,4,2,91
9.0,1,4,3,91
9.0,1,4,4,91
9.0,1,4,5,92
9.0,1,4,6,92
9.0,1,4,7,93
9.0,1,4,8,93
9.0,1,4,9,94
9.0,1,4,10,94
9.0,1,4,11,94
9.0,1,4,12,95
9.0,1,4,13,95
9.0,1,4,14,96
9.0,1,4,15,96
9.0,1,5,0,90
9.0,1,5,1,91
9.0,1,5,2,91
9.0,1,5,3,92
9.0,1,5,4,92
9.0,1,5,5,92
9.0,1,5,6,93
9.0,1,5,7,93
9.0,1,5,8,94
9.0,1,5,9,94
9.0,1,5,10,95
9.0,1,5,11,95
9.0,1,5,12,95
9.0,1,5,13,96
9.0,1,5,14,96
9.0,1,5,15,97
9.0,1,6,0,91
9.0,1,6,1,91
9.0,1,6,2,92
9.0,1,6,3,92
9.0,1,6,4,93
9.0,1,6,5,93
9.0,1,6,6,93
9.0,1,6,7,94
9.0,1,6,8,94
9.0,1,6,9,95
9.0,1,6,10,95
9.0,1,6,11,96
9.0,1,6,12,96
9.0,1,6,13,96
9.0,1,6,14,97
9.0,1,6,15,97
9.0,1,7,0,91
9.0,1,7,1,92
9.0,1,7,2,92
9.0,1,7,3,93
9.0,1,7,4,93
9.0,1,7,5,94
9.0,1,7,6,94
9.0,1,7,7,94
9.0,1,7,8,95
9.0,1,7,9,95
9.0,1,7,10,96
9.0,1,7,11,96
9.0,1,7,12,97
9.0,1,7,13,97
9.0,1,7,14,97
9.0,1,7,15,98
9.0,1,8,0,92
9.0,1,8,1,92
9.0,1,8,2,93
9.0,1,8,3,93
9.0,1,8,4,94
9.0,1,8,5,94
9.0,1,8,6,94
9.0,1,8,7,95
9.0,1,8,8,95
9.0,1,8,9,96
9.0,1,8,10,96
9.0,1,8,11,97
9.0,1,8,12,97
9.0,1,8,13,97
9.0,1,8,14,98
9.0,1,8,15,98
9.0,1,9,0,92
9.0,1,9,1,93
9.0,1,9,2,93
9.0,1,9,3,94
9.0,1,9,4,94
9.0,1,9,5,95
9.0,1,9,6,95
9.0,1,9,7,95
9.0,1,9,8,96
9.0,1,9,9,96
9.0,1,9,10,97
9.0,1,9,11,97
9.0,1,9,12,98
9.0,1,9,13,98
9.0,1,9,14,98
9.0,1,9,15,99
9.0,1,10,0,93
9.0,1,10,1,93
9.0,1,10,2,94
9.0,1,10,3,94
9.0,1,10,4,95
9.0,1,10,5,95
9.0,1,10,6,96
9.0,1,10,7,96
9.0,1,10,8,96
9.0,1,10,9,97
9.0,1,10,10,97
9.0,1,10,11,98
9.0,1,10,12,98
9.0,1,10,13,99
9.0,1,10,14,99
9.0,1,10,15,99
9.0,1,11,0,93
9.0,1,11,1,94
9.0,1,11,2,94
9.0,1,11,3,95
9.0,1,11,4,95
9.0,1,11,5,96
9.0,1,11,6,96
9.0,1,11,7,96
9.0,1,11,8,97
9.0,1,11,9,97
9.0,1,11,10,98
9.0,1,11,11,98
9.0,1,11,12,99
9.0,1,11,13,99
9.0,1,11,14,100
9.0,1,11,15,100
9.0,1,12,0,94
9.0,1,12,1,94
9.0,1,12,2,95
9.0,1,12,3,95
9.0,1,12,4,96
9.0,1,12,5,96
9.0,1,12,6,97
9.0,1,12,7,97
9.0,1,12,8,97
9.0,1,12,9,98
9.0,1,12,10,98
9.0,1,12,11,99
9.0,1,12,12,99
9.0,1,12,13,100
9.0,1,12,14,100
9.0,1,12,15,100
9.0,1,13,0,94
9.0,1,13,1,95
9.0,1,13,2,95
9.0,1,13,3,96
9.0,1,13,4,96
9.0,1,13,5,97
9.0,1,13,6,97
9.0,1,13,7,97
9.0,1,13,8,98
9.0,1,13,9,98
9.0,1,13,10,99
9.0,1,13,11,99
9.0,1,13,12,100
9.0,1,13,13,100
9.0,1,13,14,101
9.0,1,13,15,101
9.0,1,14,0,95
9.0,1,14,1,95
9.0,1,14,2,96
9.0,1,14,3,96
9.0,1,14,4,97
9.0,1,14,5,97
9.0,1,14,6,98
9.0,1,14,7,98
9.0,1,14,8,98
9.0,1,14,9,99
9.0,1,14,10,99
9.0,1,14,11,100
9.0,1,14,12,100
9.0,1,14,13,101
9.0,1,14,14,101
9.0,1,14,15,102
9.0,1,15,0,95
9.0,1,15,1,96
9.0,1,15,2,96
9.0,1,15,3,97
9.0,1,15,4,97
9.0,1,15,5,98
9.0,1,15,6,98
9.0,1,15,7,99
9.0,1,15,8,99
9.0,1,15,9,99
9.0,1,15,10,100
9.0,1,15,11,100
9.0,1,15,12,101
9.0,1,15,13,101
9.0,1,15,14,102
9.0,1,15,15,102
9.0,2,0,0,89
9.0,2,0,1,90
9.0,2,0,2,90
9.0,2,0,3,90
9.0,2,0,4,91
9.0,2,0,5,91
9.0,2,0,6,92
9.0,2,0,7,92
9.0,2,0,8,93
9.0,2,0,9,93
9.0,2,0,10,93
9.0,2,0,11,94
9.0,2,0,12,94
9.0,2,0,13,95
9.0,2,0,14,95
9.0,2,0,15,95
9.0,2,1,0,90
9.0,2,1,1,90
9.0,2,1,2,91
9.0,2,1,3,91
9.0,2,1,4,91
9.0,2,1,5,92
9.0,2,1,6,92
9.0,2,1,7,93
9.0,2,1,8,93
9.0,2,1,9,94
9.0,2,1,10,94
9.0,2,1,11,94
9.0,2,1,12,95
9.0,2,1,13,95
9.0,2,1,14,96
9.0,2,1,15,96
9.0,2,2,0,90
9.0,2,2,1,91
9.0,2,2,2,91
9.0,2,2,3,92
9.0,2,2,4,92
9.0,2,2,5,92
9.0,2,2,6,93
9.0,2,2,7,93
9.0,2,2,8,94
9.0,2,2,9,94
9.0,2,2,10,95
9.0,2,2,11,95
9.0,2,2,12,95
9.0,2,2,13,96
9.0,2,2,14,96
9.0,2,2,15,97
9.0,2,3,0,91
9.0,2,3,1,91
9.0,2,3,2,92
9.0,2,3,3,92
9.0,2,3,4,92
9.0,2,3,5,93
9.0,2,3,6,93
9.0,2,3,7,94
9.0,2,3,8,94
9.0,2,3,9,95
9.0,2,3,10,95
9.0,2,3,11,96
9.0,2,3,12,96
9.0,2,3,13,96
9.0,2,3,14,97
9.0,2,3,15,97
9.0,2,4,0,91
9.0,2,4,1,92
9.0,2,4,2,92
9.0,2,4,3,93
9.0,2,4,4,93
9.0,2,4,5,93
9.0,2,4,6,94
9.0,2,4,7,94
9.0,2,4,8,95
9.0,2,4,9,95
9.0,2,4,10,96
9.0,2,4,11,96
9.0,2,4,12,96
9.0,2,4,13,97
9.0,2,4,14,97
9.0,2,4,15,98
9.0,2,5,0,92
9.0,2,5,1,92
9.0,2,5,2,93
9.0,2,5,3,93
9.0,2,5,4,94
9.0,2,5,5,94
9.0,2,5,6,94
9.0,2,5,7,95
9.0,2,5,8,95
9.0,2,5,9,96
9.0,2,5,10,96
9.0,2,5,11,97
9.0,2,5,12,97
9.0,2,5,13,97
9.0,2,5,14,98
9.0,2,5,15,98
9.0,2,6,0,92
9.0,2,6,1,93
9.0,2,6,2,93
9.0,2,6,3,94
9.0,2,6,4,94
9.0,2,6,5,95
9.0,2,6,6,95
9.0,2,6,7,95
9.0,2,6,8,96
9.0,2,6,9,96
9.0,2,6,10,97
9.0,2,6,11,97
9.0,2,6,12,98
9.0,2,6,13,98
9.0,2,6,14,98
9.0,2,6,15,99
9.0,2,7,0,93
9.0,2,7,1,93
9.0,2,7,2,94
9.0,2,7,3,94
9.0,2,7,4,95
9.0,2,7,5,95
9.0,2,7,6,96
9.0,2,7,7,96
9.0,2,7,8,96
9.0,2,7,9,97
9.0,2,7,10,97
9.0,2,7,11,98
9.0,2,7,12,98
9.0,2,7,13,99
9.0,2,7,14,99
9.0,2,7,15,99
9.0,2,8,0,93
9.0,2,8,1,94
9.0,2,8,2,94
9.0,2,8,3,95
9.0,2,8,4,95
9.0,2,8,5,96
9.0,2,8,6,96
9.0,2,8,7,96
9.0,2,8,8,97
9.0,2,8,9,97
9.0,2,8,10,98
9.0,2,8,11,98
9.0,2,8,12,99
9.0,2,8,13,99
9.0,2,8,14,100
9.0,2,8,15,100
9.0,2,9,0,94
9.0,2,9,1,94
9.0,2,9,2,95
9.0,2,9,3,95
9.0,2,9,4,96
9.0,2,9,5,96
9.0,2,9,6,97
9.0,2,9,7,97
9.0,2,9,8,97
9.0,2,9,9,98
9.0,2,9,10,98
9.0,2,9,11,99
9.0,2,9,12,99
9.0,2,9,13,100
9.0,2,9,14,100
9.0,2,9,15,101
9.0,2,10,0,94
9.0,2,10,1,95
9.0,2,10,2,95
9.0,2,10,3,96
9.0,2,10,4,96
9.0,2,10,5,97
9.0,2,10,6,97
9.0,2,10,7,98
9.0,2,10,8,98
9.0,2,10,9,98
9.0,2,10,10,99
9.0,2,10,11,99
9.0,2,10,12,100
9.0,2,10,13,100
9.0,2,10,14,101
9.0,2,10,15,101
9.0,2,11,0,95
9.0,2,11,1,95
9.0,2,11,2,96
9.0,2,11,3,96
9.0,2,11,4,97
9.0,2,11,5,97
9.0,2,11,6,98
9.0,2,11,7,98
9.0,2,11,8,99
9.0,2,11,9,99
9.0,2,11,10,99
9.0,2,11,11,100
9.0,2,11,12,100
9.0,2,11,13,101
9.0,2,11,14,101
9.0,2,11,15,102
9.0,2,12,0,95
9.0,2,12,1,96
9.0,2,12,2,96
9.0,2,12,3,97
9.0,2,12,4,97
9.0,2,12,5,98
9.0,2,12,6,98
9.0,2,12,7,99
9.0,2,12,8,99
9.0,2,12,9,100
9.0,2,12,10,100
9.0,2,12,11,100
9.0,2,12,12,101
9.0,2,12,13,101
9.0,2,12,14,102
9.0,2,12,15,102
9.0,2,13,0,96
9.0,2,13,1,96
9.0,2,13,2,97
9.0,2,13,3,97
9.0,2,13,4,98
9.0,2,13,5,98
9.0,2,13,6,99
9.0,2,13,7,99
9.0,2,13,8,100
9.0,2,13,9,100
9.0,2,13,10,100
9.0,2,13,11,101
9.0,2,13,12,101
9.0,2,13,13,102
9.0,2,13,14,102
9.0,2,13,15,103
9.0,2,14,0,96
9.0,2,14,1,97
9.0,2,14,2,97
9.0,2,14,3,98
9.0,2,14,4,98
9.0,2,14,5,99
9.0,2,14,6,99
9.0,2,14,7,100
9.0,2,14,8,100
9.0,2,14,9,101
9.0,2,14,10,101
9.0,2,14,11,101
9.0,2,14,12,102
9.0,2,14,13,102
9.0,2,14,14,103
9.0,2,14,15,103
9.0,2,15,0,97
9.0,2,15,1,97
9.0,2,15,2,98
9.0,2,15,3,98
9.0,2,15,4,99
9.0,2,15,5,99
9.0,2,15,6,100
9.0,2,15,7,100
9.0,2,15,8,101
9.0,2,15,9,101
9.0,2,15,10,102
9.0,2,15,11,102
9.0,2,15,12,102
9.0,2,15,13,103
9.0,2,15,14,103
9.0,2,15,15,104
9.0,3,0,0,91
9.0,3,0,1,91
9.0,3,0,2,91
9.0,3,0,3,92
9.0,3,0,4,92
9.0,3,0,5,93
9.0,3,0,6,93
9.0,3,0,7,94
9.0,3,0,8,94
9.0,3,0,9,95
9.0,3,0,10,95
9.0,3,0,11,95
9.0,3,0,12,96
9.0,3,0,13,96
9.0,3,0,14,97
9.0,3,0,15,97
9.0,3,1,0,91
9.0,3,1,1,92
9.0,3,1,2,92
9.0,3,1,3,92
9.0,3,1,4,93
9.0,3,1,5,93
9.0,3,1,6,94
9.0,3,1,7,94
9.0,3,1,8,95
9.0,3,1,9,95
9.0,3,1,10,96
9.0,3,1,11,96
9.0,3,1,12,96
9.0,3,1,13,97
9.0,3,1,14,97
9.0,3,1,15,98
9.0,3,2,0,92
9.0,3,2,1,92
9.0,3,2,2,93
9.0,3,2,3,93
9.0,3,2,4,93
9.0,3,2,5,94
9.0,3,2,6,94
9.0,3,2,7,95
9.0,3,2,8,95
9.0,3,2,9,96
9.0,3,2,10,96
9.0,3,2,11,97
9.0,3,2,12,97
9.0,3,2,13,97
9.0,3,2,14,98
9.0,3,2,15,98
9.0,3,3,0,92
9.0,3,3,1,93
9.0,3,3,2,93
9.0,3,3,3,94
9.0,3,3,4,94
9.0,3,3,5,94
9.0,3,3,6,95
9.0,3,3,7,95
9.0,3,3,8,96
9.0,3,3,9,96
9.0,3,3,10,97
9.0,3,3,11,97
9.0,3,3,12,98
9.0,3,3,13,98
9.0,3,3,14,98
9.0,3,3,15,99
9.0,3,4,0,93
9.0,3,4,1,93
9.0,3,4,2,94
9.0,3,4,3,94
9.0,3,4,4,95
9.0,3,4,5,95
9.0,3,4,6,95
9.0,3,4,7,96
9.0,3,4,8,96
9.0,3,4,9,97
9.0,3,4,10,97
9.0,3,4,11,98
9.0,3,4,12,98
9.0,3,4,13,99
9.0,3,4,14,99
9.0,3,4,15,99
9.0,3,5,0,93
9.0,3,5,1,94
9.0,3,5,2,94
9.0,3,5,3,95
9.0,3,5,4,95
9.0,3,5,5,96
9.0,3,5,6,96
9.0,3,5,7,96
9.0,3,5,8,97
9.0,3,5,9,97
9.0,3,5,10,98
9.0,3,5,11,98
9.0,3,5,12,99
9.0,3,5,13,99
9.0,3,5,14,100
9.0,3,5,15,100
9.0,3,6,0,94
9.0,3,6,1,94
9.0,3,6,2,95
9.0,3,6,3,95
9.0,3,6,4,96
9.0,3,6,5,96
9.0,3,6,6,97
9.0,3,6,7,97
9.0,3,6,8,97
9.0,3,6,9,98
9.0,3,6,10,98
9.0,3,6,11,99
9.0,3,6,12,99
9.0,3,6,13,100
9.0,3,6,14,100
9.0,3,6,15,101
9.0,3,7,0,94
9.0,3,7,1,95
9.0,3,7,2,95
9.0,3,7,3,96
9.0,3,7,4,96
9.0,3,7,5,97
9.0,3,7,6,97
9.0,3,7,7,98
9.0,3,7,8,98
9.0,3,7,9,98
9.0,3,7,10,99
9.0,3,7,11,99
9.0,3,7,12,100
9.0,3,7,13,100
9.0,3,7,14,101
9.0,3,7,15,101
9.0,3,8,0,95
9.0,3,8,1,95
9.0,3,8,2,96
9.0,3,8,3,96
9.0,3,8,4,97
9.0,3,8,5,97
9.0,3,8,6,98
9.0,3,8,7,98
9.0,3,8,8,99
9.0,3,8,9,99
9.0,3,8,10,99
9.0,3,8,11,100
9.0,3,8,12,100
9.0,3,8,13,101
9.0,3,8,14,101
9.0,3,8,15,102
9.0,3,9,0,95
9.0,3,9,1,96
9.0,3,9,2,96
9.0,3,9,3,97
9.0,3,9,4,97
9.0,3,9,5,98
9.0,3,9,6,98
9.0,3,9,7,99
9.0,3,9,8,99
9.0,3,9,9,100
9.0,3,9,10,100
9.0,3,9,11,100
9.0,3,9,12,101
9.0,3,9,13,101
9.0,3,9,14,102
9.0,3,9,15,102
9.0,3,10,0,96
9.0,3,10,1,96
9.0,3,10,2,97
9.0,3,10,3,97
9.0,3,10,4,98
9.0,3,10,5,98
9.0,3,10,6,99
9.0,3,10,7,99
9.0,3,10,8,100
9.0,3,10,9,100
9.0,3,10,10,101
9.0,3,10,11,101
9.0,3,10,12,101
9.0,3,10,13,102
9.0,3,10,14,102
9.0,3,10,15,103
9.0,3,11,0,96
9.0,3,11,1,97
9.0,3,11,2,97
9.0,3,11,3,98
9.0,3,11,4,98
9.0,3,11,5,99
9.0,3,11,6,99
9.0,3,11,7,100
9.0,3,11,8,100
9.0,3,11,9,101
9.0,3,11,10,101
9.0,3,11,11,102
9.0,3,11,12,102
9.0,3,11,13,102
9.0,3,11,14,103
9.0,3,11,15,103
9.0,3,12,0,97
9.0,3,12,1,97
9.0,3,12,2,98
9.0,3,12,3,98
9.0,3,12,4,99
9.0,3,12,5,99
9.0,3,12,6,100
9.0,3,12,7,100
9.0,3,12,8,101
9.0,3,12,9,101
9.0,3,12,10,102
9.0,3,12,11,102
9.0,3,12,12,103
9.0,3,12,13,103
9.0,3,12,14,103
9.0,3,12,15,104
9.0,3,13,0,97
9.0,3,13,1,98
9.0,3,13,2,98
9.0,3,13,3,99
9.0,3,13,4,99
9.0,3,13,5,100
9.0,3,13,6,100
9.0,3,13,7,101
9.0,3,13,8,101
9.0,3,13,9,102
9.0,3,13,10,102
9.0,3,13,11,103
9.0,3,13,12,103
9.0,3,13,13,104
9.0,3,13,14,104
9.0,3,13,15,104
9.0,3,14,0,98
9.0,3,14,1,98
9.0,3,14,2,99
9.0,3,14,3,99
9.0,3,14,4,100
9.0,3,14,5,100
9.0,3,14,6,101
9.0,3,14,7,101
9.0,3,14,8,102
9.0,3,14,9,102
9.0,3,14,10,103
9.0,3,14,11,103
9.0,3,14,12,104
9.0,3,14,13,104
9.0,3,14,14,104
9.0,3,14,15,105
9.0,3,15,0,98
9.0,3,15,1,99
9.0,3,15,2,99
9.0,3,15,3,100
9.0,3,15,4,100
9.0,3,15,5,101
9.0,3,15,6,101
9.0,3,15,7,102
9.0,3,15,8,102
9.0,3,15,9,103
9.0,3,15,10,103
9.0,3,15,11,104
9.0,3,15,12,104
9.0,3,15,13,105
9.0,3,15,14,105
9.0,3,15,15,105
9.0,4,0,0,92
9.0,4,0,1,92
9.0,4,0,2,93
9.0,4,0,3,93
9.0,4,0,4,94
9.0,4,0,5,94
9.0,4,0,6,95
9.0,4,0,7,95
9.0,4,0,8,96
9.0,4,0,9,96
9.0,4,0,10,96
9.0,4,0,11,97
9.0,4,0,12,97
9.0,4,0,13,98
9.0,4,0,14,98
9.0,4,0,15,99
9.0,4,1,0,93
9.0,4,1,1,93
9.0,4,1,2,94
9.0,4,1,3,94
9.0,4,1,4,94
9.0,4,1,5,95
9.0,4,1,6,95
9.0,4,1,7,96
9.0,4,1,8,96
9.0,4,1,9,97
9.0,4,1,10,97
9.0,4,1,11,97
9.0,4,1,12,98
9.0,4,1,13,98
9.0,4,1,14,99
9.0,4,1,15,99
9.0,4,2,0,93
9.0,4,2,1,94
9.0,4,2,2,94
9.0,4,2,3,95
9.0,4,2,4,95
9.0,4,2,5,95
9.0,4,2,6,96
9.0,4,2,7,96
9.0,4,2,8,97
9.0,4,2,9,97
9.0,4,2,10,98
9.0,4,2,11,98
9.0,4,2,12,99
9.0,4,2,13,99
9.0,4,2,14,99
9.0,4,2,15,100
9.0,4,3,0,94
9.0,4,3,1,94
9.0,4,3,2,95
9.0,4,3,3,95
9.0,4,3,4,96
9.0,4,3,5,96
9.0,4,3,6,96
9.0,4,3,7,97
9.0,4,3,8,97
9.0,4,3,9,98
9.0,4,3,10,98
9.0,4,3,11,99
9.0,4,3,12,99
9.0,4,3,13,100
9.0,4,3,14,100
9.0,4,3,15,100
9.0,4,4,0,94
9.0,4,4,1,95
9.0,4,4,2,95
9.0,4,4,3,96
9.0,4,4,4,96
9.0,4,4,5,97
9.0,4,4,6,97
9.0,4,4,7,97
9.0,4,4,8,98
9.0,4,4,9,98
9.0,4,4,10,99
9.0,4,4,11,99
9.0,4,4,12,100
9.0,4,4,13,100
9.0,4,4,14,101
9.0,4,4,15,101
9.0,4,5,0,95
9.0,4,5,1,95
9.0,4,5,2,96
9.0,4,5,3,96
9.0,4,5,4,97
9.0,4,5,5,97
9.0,4,5,6,98
9.0,4,5,7,98
9.0,4,5,8,98
9.0,4,5,9,99
9.0,4,5,10,99
9.0,4,5,11,100
9.0,4,5,12,100
9.0,4,5,13,101
9.0,4,5,14,101
9.0,4,5,15,102
9.0,4,6,0,95
9.0,4,6,1,96
9.0,4,6,2,96
9.0,4,6,3,97
9.0,4,6,4,97
9.0,4,6,5,98
9.0,4,6,6,98
9.0,4,6,7,99
9.0,4,6,8,99
9.0,4,6,9,99
9.0,4,6,10,100
9.0,4,6,11,100
9.0,4,6,12,101
9.0,4,6,13,101
9.0,4,6,14,102
9.0,4,6,15,102
9.0,4,7,0,96
9.0,4,7,1,96
9.0,4,7,2,97
9.0,4,7,3,97
9.0,4,7,4,98
9.0,4,7,5,98
9.0,4,7,6,99
9.0,4,7,7,99
9.0,4,7,8,100
9.0,4,7,9,100
9.0,4,7,10,100
9.0,4,7,11,101
9.0,4,7,12,101
9.0,4,7,13,102
9.0,4,7,14,102
9.0,4,7,15,103
9.0,4,8,0,96
9.0,4,8,1,97
9.0,4,8,2,97
9.0,4,8,3,98
9.0,4,8,4,98
9.0,4,8,5,99
9.0,4,8,6,99
9.0,4,8,7,100
9.0,4,8,8,100
9.0,4,8,9,101
9.0,4,8,10,101
9.0,4,8,11,101
9.0,4,8,12,102
9.0,4,8,13,102
9.0,4,8,14,103
9.0,4,8,15,103
9.0,4,9,0,97
9.0,4,9,1,97
9.0,4,9,2,98
9.0,4,9,3,98
9.0,4,9,4,99
9.0,4,9,5,99
9.0,4,9,6,100
9.0,4,9,7,100
9.0,4,9,8,101
9.0,4,9,9,101
9.0,4,9,10,102
9.0,4,9,11,102
9.0,4,9,12,103
9.0,4,9,13,103
9.0,4,9,14,103
9.0,4,9,15,104
9.0,4,10,0,97
9.0,4,10,1,98
9.0,4,10,2,98
9.0,4,10,3,99
9.0,4,10,4,99
9.0,4,10,5,100
9.0,4,10,6,100
9.0,4,10,7,101
9.0,4,10,8,101
9.0,4,10,9,102
9.0,4,10,10,102
9.0,4,10,11,103
9.0,4,10,12,103
9.0,4,10,13,104
9.0,4,10,14,104
9.0,4,10,15,104
9.0,4,11,0,98
9.0,4,11,1,98
9.0,4,11,2,99
9.0,4,11,3,99
9.0,4,11,4,100
9.0,4,11,5,100
9.0,4,11,6,101
9.0,4,11,7,101
9.0,4,11,8,102
9.0,4,11,9,102
9.0,4,11,10,103
9.0,4,11,11,103
9.0,4,11,12,104
9.0,4,11,13,104
9.0,4,11,14,105
9.0,4,11,15,105
9.0,4,12,0,99
9.0,4,12,1,99
9.0,4,12,2,99
9.0,4,12,3,100
9.0,4,12,4,100
9.0,4,12,5,101
9.0,4,12,6,101
9.0,4,12,7,102
9.0,4,12,8,102
9.0,4,12,9,103
9.0,4,12,10,103
9.0,4,12,11,104
9.0,4,12,12,104
9.0,4,12,13,105
9.0,4,12,14,105
9.0,4,12,15,106
9.0,4,13,0,99
9.0,4,13,1,100
9.0,4,13,2,100
9.0,4,13,3,100
9.0,4,13,4,101
9.0,4,13,5,101
9.0,4,13,6,102
9.0,4,13,7,102
9.0,4,13,8,103
9.0,4,13,9,103
9.0,4,13,10,104
9.0,4,13,11,104
9.0,4,13,12,105
9.0,4,13,13,105
9.0,4,13,14,106
9.0,4,13,15,106
9.0,4,14,0,100
9.0,4,14,1,100
9.0,4,14,2,101
9.0,4,14,3,101
9.0,4,14,4,101
9.0,4,14,5,102
9.0,4,14,6,102
9.0,4,14,7,103
9.0,4,14,8,103
9.0,4,14,9,104
9.0,4,14,10,104
9.0,4,14,11,105
9.0,4,14,12,105
9.0,4,14,13,106
9.0,4,14,14,106
9.0,4,14,15,107
9.0,4,15,0,100
9.0,4,15,1,101
9.0,4,15,2,101
9.0,4,15,3,102
9.0,4,15,4,102
9.0,4,15,5,102
9.0,4,15,6,103
9.0,4,15,7,103
9.0,4,15,8,104
9.0,4,15,9,104
9.0,4,15,10,105
9.0,4,15,11,105
9.0,4,15,12,106
9.0,4,15,13,106
9.0,4,15,14,107
9.0,4,15,15,107
9.0,5,0,0,94
9.0,5,0,1,94
9.0,5,0,2,94
9.0,5,0,3,95
9.0,5,0,4,95
9.0,5,0,5,96
9.0,5,0,6,96
9.0,5,0,7,97
9.0,5,0,8,97
9.0,5,0,9,98
9.0,5,0,10,98
9.0,5,0,11,98
9.0,5,0,12,99
9.0,5,0,13,99
9.0,5,0,14,100
9.0,5,0,15,100
9.0,5,1,0,94
9.0,5,1,1,95
9.0,5,1,2,95
9.0,5,1,3,95
9.0,5,1,4,96
9.0,5,1,5,96
9.0,5,1,6,97
9.0,5,1,7,97
9.0,5,1,8,98
9.0,5,1,9,98
9.0,5,1,10,99
9.0,5,1,11,99
9.0,5,1,12,99
9.0,5,1,13,100
9.0,5,1,14,100
9.0,5,1,15,101
9.0,5,2,0,95
9.0,5,2,1,95
9.0,5,2,2,96
9.0,5,2,3,96
9.0,5,2,4,96
9.0,5,2,5,97
9.0,5,2,6,97
9.0,5,2,7,98
9.0,5,2,8,98
9.0,5,2,9,99
9.0,5,2,10,99
9.0,5,2,11,100
9.0,5,2,12,100
9.0,5,2,13,101
9.0,5,2,14,101
9.0,5,2,15,101
9.0,5,3,0,95
9.0,5,3,1,96
9.0,5,3,2,96
9.0,5,3,3,97
9.0,5,3,4,97
9.0,5,3,5,98
9.0,5,3,6,98
9.0,5,3,7,98
9.0,5,3,8,99
9.0,5,3,9,99
9.0,5,3,10,100
9.0,5,3,11,100
9.0,5,3,12,101
9.0,5,3,13,101
9.0,5,3,14,102
9.0,5,3,15,102
9.0,5,4,0,96
9.0,5,4,1,96
9.0,5,4,2,97
9.0,5,4,3,97
9.0,5,4,4,98
9.0,5,4,5,98
9.0,5,4,6,99
9.0,5,4,7,99
9.0,5,4,8,99
9.0,5,4,9,100
9.0,5,4,10,100
9.0,5,4,11,101
9.0,5,4,12,101
9.0,5,4,13,102
9.0,5,4,14,102
9.0,5,4,15,103
9.0,5,5,0,96
9.0,5,5,1,97
9.0,5,5,2,97
9.0,5,5,3,98
9.0,5,5,4,98
9.0,5,5,5,99
9.0,5,5,6,99
9.0,5,5,7,100
9.0,5,5,8,100
9.0,5,5,9,100
9.0,5,5,10,101
9.0,5,5,11,101
9.0,5,5,12,102
9.0,5,5,13,102
9.0,5,5,14,103
9.0,5,5,15,103
9.0,5,6,0,97
9.0,5,6,1,97
9.0,5,6,2,98
9.0,5,6,3,98
9.0,5,6,4,99
9.0,5,6,5,99
9.0,5,6,6,100
9.0,5,6,7,100
9.0,5,6,8,101
9.0,5,6,9,101
9.0,5,6,10,102
9.0,5,6,11,102
9.0,5,6,12,102
9.0,5,6,13,103
9.0,5,6,14,103
9.0,5,6,15,104
9.0,5,7,0,97
9.0,5,7,1,98
9.0,5,7,2,98
9.0,5,7,3,99
9.0,5,7,4,99
9.0,5,7,5,100
9.0,5,7,6,100
9.0,5,7,7,101
9.0,5,7,8,101
9.0,5,7,9,102
9.0,5,7,10,102
9.0,5,7,11,103
9.0,5,7,12,103
9.0,5,7,13,103
9.0,5,7,14,104
9.0,5,7,15,104
9.0,5,8,0,98
9.0,5,8,1,98
9.0,5,8,2,99
9.0,5,8,3,99
9.0,5,8,4,100
9.0,5,8,5,100
9.0,5,8,6,101
9.0,5,8,7,101
9.0,5,8,8,102
9.0,5,8,9,102
9.0,5,8,10,103
9.0,5,8,11,103
9.0,5,8,12,104
9.0,5,8,13,104
9.0,5,8,14,104
9.0,5,8,15,105
9.0,5,9,0,98
9.0,5,9,1,99
9.0,5,9,2,99
9.0,5,9,3,100
9.0,5,9,4,100
9.0,5,9,5,101
9.0,5,9,6,101
9.0,5,9,7,102
9.0,5,9,8,102
9.0,5,9,9,103
9.0,5,9,10,103
9.0,5,9,11,104
9.0,5,9,12,104
9.0,5,9,13,105
9.0,5,9,14,105
9.0,5,9,15,106
9.0,5,10,0,99
9.0,5,10,1,100
9.0,5,10,2,100
9.0,5,10,3,100
9.0,5,10,4,101
9.0,5,10,5,101
9.0,5,10,6,102
9.0,5,10,7,102
9.0,5,10,8,103
9.0,5,10,9,103
9.0,5,10,10,104
9.0,5,10,11,104
9.0,5,10,12,105
9.0,5,10,13,105
9.0,5,10,14,106
9.0,5,10,15,106
9.0,5,11,0,100
9.0,5,11,1,100
9.0,5,11,2,101
9.0,5,11,3,101
9.0,5,11,4,101
9.0,5,11,5,102
9.0,5,11,6,102
9.0,5,11,7,103
9.0,5,11,8,103
9.0,5,11,9,104
9.0,5,11,10,104
9.0,5,11,11,105
9.0,5,11,12,105
9.0,5,11,13,106
9.0,5,11,14,106
9.0,5,11,15,107
9.0,5,12,0,100
9.0,5,12,1,101
9.0,5,12,2,101
9.0,5,12,3,102
9.0,5,12,4,102
9.0,5,12,5,103
9.0,5,12,6,103
9.0,5,12,7,103
9.0,5,12,8,104
9.0,5,12,9,104
9.0,5,12,10,105
9.0,5,12,11,105
9.0,5,12,12,106
9.0,5,12,13,106
9.0,5,12,14,107
9.0,5,12,15,107
9.0,5,13,0,101
9.0,5,13,1,101
9.0,5,13,2,102
9.0,5,13,3,102
9.0,5,13,4,103
9.0,5,13,5,103
9.0,5,13,6,104
9.0,5,13,7,104
9.0,5,13,8,105
9.0,5,13,9,105
9.0,5,13,10,105
9.0,5,13,11,106
9.0,5,13,12,106
9.0,5,13,13,107
9.0,5,13,14,107
9.0,5,13,15,108
9.0,5,14,0,101
9.0,5,14,1,102
9.0,5,14,2,102
9.0,5,14,3,103
9.0,5,14,4,103
9.0,5,14,5,104
9.0,5,14,6,104
9.0,5,14,7,105
9.0,5,14,8,105
9.0,5,14,9,106
9.0,5,14,10,106
9.0,5,14,11,106
9.0,5,14,12,107
9.0,5,14,13,107
9.0,5,14,14,108
9.0,5,14,15,108
9.0,5,15,0,102
9.0,5,15,1,102
9.0,5,15,2,103
9.0,5,15,3,103
9.0,5,15,4,104
9.0,5,15,5,104
9.0,5,15,6,105
9.0,5,15,7,105
9.0,5,15,8,106
9.0,5,15,9,106
9.0,5,15,10,107
9.0,5,15,11,107
9.0,5,15,12,108
9.0,5,15,13,108
9.0,5,15,14,108
9.0,5,15,15,109
9.0,6,0,0,95
9.0,6,0,1,95
9.0,6,0,2,96
9.0,6,0,3,96
9.0,6,0,4,97
9.0,6,0,5,97
9.0,6,0,6,98
9.0,6,0,7,98
9.0,6,0,8,99
9.0,6,0,9,99
9.0,6,0,10,100
9.0,6,0,11,100
9.0,6,0,12,100
9.0,6,0,13,101
9.0,6,0,14,101
9.0,6,0,15,102
9.0,6,1,0,96
9.0,6,1,1,96
9.0,6,1,2,96
9.0,6,1,3,97
9.0,6,1,4,97
9.0,6,1,5,98
9.0,6,1,6,98
9.0,6,1,7,99
9.0,6,1,8,99
9.0,6,1,9,100
9.0,6,1,10,100
9.0,6,1,11,101
9.0,6,1,12,101
9.0,6,1,13,101
9.0,6,1,14,102
9.0,6,1,15,102
9.0,6,2,0,96
9.0,6,2,1,97
9.0,6,2,2,97
9.0,6,2,3,98
9.0,6,2,4,98
9.0,6,2,5,98
9.0,6,2,6,99
9.0,6,2,7,99
9.0,6,2,8,100
9.0,6,2,9,100
9.0,6,2,10,101
9.0,6,2,11,101
9.0,6,2,12,102
9.0,6,2,13,102
9.0,6,2,14,103
9.0,6,2,15,103
9.0,6,3,0,97
9.0,6,3,1,97
9.0,6,3,2,98
9.0,6,3,3,98
9.0,6,3,4,99
9.0,6,3,5,99
9.0,6,3,6,100
9.0,6,3,7,100
9.0,6,3,8,100
9.0,6,3,9,101
9.0,6,3,10,101
9.0,6,3,11,102
9.0,6,3,12,102
9.0,6,3,13,103
9.0,6,3,14,103
9.0,6,3,15,104
9.0,6,4,0,97
9.0,6,4,1,98
9.0,6,4,2,98
9.0,6,4,3,99
9.0,6,4,4,99
9.0,6,4,5,100
9.0,6,4,6,100
9.0,6,4,7,101
9.0,6,4,8,101
9.0,6,4,9,101
9.0,6,4,10,102
9.0,6,4,11,102
9.0,6,4,12,103
9.0,6,4,13,103
9.0,6,4,14,104
9.0,6,4,15,104
9.0,6,5,0,98
9.0,6,5,1,98
9.0,6,5,2,99
9.0,6,5,3,99
9.0,6,5,4,100
9.0,6,5,5,100
9.0,6,5,6,101
9.0,6,5,7,101
9.0,6,5,8,102
9.0,6,5,9,102
9.0,6,5,10,103
9.0,6,5,11,103
9.0,6,5,12,103
9.0,6,5,13,104
9.0,6,5,14,104
9.0,6,5,15,105
9.0,6,6,0,98
9.0,6,6,1,99
9.0,6,6,2,99
9.0,6,6,3,100
9.0,6,6,4,100
9.0,6,6,5,101
9.0,6,6,6,101
9.0,6,6,7,102
9.0,6,6,8,102
9.0,6,6,9,103
9.0,6,6,10,103
9.0,6,6,11,104
9.0,6,6,12,104
9.0,6,6,13,104
9.0,6,6,14,105
9.0,6,6,15,105
9.0,6,7,0,99
9.0,6,7,1,99
9.0,6,7,2,100
9.0,6,7,3,100
9.0,6,7,4,101
9.0,6,7,5,101
9.0,6,7,6,102
9.0,6,7,7,102
9.0,6,7,8,103
9.0,6,7,9,103
9.0,6,7,10,104
9.0,6,7,11,104
9.0,6,7,12,105
9.0,6,7,13,105
9.0,6,7,14,106
9.0,6,7,15,106
9.0,6,8,0,99
9.0,6,8,1,100
9.0,6,8,2,100
9.0,6,8,3,101
9.0,6,8,4,101
9.0,6,8,5,102
9.0,6,8,6,102
9.0,6,8,7,103
9.0,6,8,8,103
9.0,6,8,9,104
9.0,6,8,10,104
9.0,6,8,11,105
9.0,6,8,12,105
9.0,6,8,13,106
9.0,6,8,14,106
9.0,6,8,15,107
9.0,6,9,0,100
9.0,6,9,1,101
9.0,6,9,2,101
9.0,6,9,3,101
9.0,6,9,4,102
9.0,6,9,5,102
9.0,6,9,6,103
9.0,6,9,7,103
9.0,6,9,8,104
9.0,6,9,9,104
9.0,6,9,10,105
9.0,6,9,11,105
9.0,6,9,12,106
9.0,6,9,13,106
9.0,6,9,14,107
9.0,6,9,15,107
9.0,6,10,0,101
9.0,6,10,1,101
9.0,6,10,2,102
9.0,6,10,3,102
9.0,6,10,4,103
9.0,6,10,5,103
9.0,6,10,6,104
9.0,6,10,7,104
9.0,6,10,8,104
9.0,6,10,9,105
9.0,6,10,10,105
9.0,6,10,11,106
9.0,6,10,12,106
9.0,6,10,13,107
9.0,6,10,14,107
9.0,6,10,15,108
9.0,6,11,0,101
9.0,6,11,1,102
9.0,6,11,2,102
9.0,6,11,3,103
9.0,6,11,4,103
9.0,6,11,5,104
9.0,6,11,6,104
9.0,6,11,7,105
9.0,6,11,8,105
9.0,6,11,9,106
9.0,6,11,10,106
9.0,6,11,11,106
9.0,6,11,12,107
9.0,6,11,13,107
9.0,6,11,14,108
9.0,6,11,15,108
9.0,6,12,0,102
9.0,6,12,1,102
9.0,6,12,2,103
9.0,6,12,3,103
9.0,6,12,4,104
9.0,6,12,5,104
9.0,6,12,6,105
9.0,6,12,7,105
9.0,6,12,8,106
9.0,6,12,9,106
9.0,6,12,10,107
9.0,6,12,11,107
9.0,6,12,12,107
9.0,6,12,13,108
9.0,6,12,14,108
9.0,6,12,15,109
9.0,6,13,0,102
9.0,6,13,1,103
9.0,6,13,2,103
9.0,6,13,3,104
9.0,6,13,4,104
9.0,6,13,5,105
9.0,6,13,6,105
9.0,6,13,7,106
9.0,6,13,8,106
9.0,6,13,9,107
9.0,6,13,10,107
9.0,6,13,11,108
9.0,6,13,12,108
9.0,6,13,13,109
9.0,6,13,14,109
9.0,6,13,15,109
9.0,6,14,0,103
9.0,6,14,1,103
9.0,6,14,2,104
9.0,6,14,3,104
9.0,6,14,4,105
9.0,6,14,5,105
9.0,6,14,6,106
9.0,6,14,7,106
9.0,6,14,8,107
9.0,6,14,9,107
9.0,6,14,10,108
9.0,6,14,11,108
9.0,6,14,12,109
9.0,6,14,13,109
9.0,6,14,14,110
9.0,6,14,15,110
9.0,6,15,0,103
9.0,6,15,1,104
9.0,6,15,2,104
9.0,6,15,3,105
9.0,6,15,4,105
9.0,6,15,5,106
9.0,6,15,6,106
9.0,6,15,7,107
9.0,6,15,8,107
9.0,6,15,9,108
9.0,6,15,10,108
9.0,6,15,11,109
9.0,6,15,12,109
9.0,6,15,13,110
9.0,6,15,14,110
9.0,6,15,15,111
9.0,7,0,0,96
9.0,7,0,1,97
9.0,7,0,2,97
9.0,7,0,3,98
9.0,7,0,4,98
9.0,7,0,5,99
9.0,7,0,6,99
9.0,7,0,7,100
9.0,7,0,8,100
9.0,7,0,9,101
9.0,7,0,10,101
9.0,7,0,11,102
9.0,7,0,12,102
9.0,7,0,13,102
9.0,7,0,14,103
9.0,7,0,15,103
9.0,7,1,0,97
9.0,7,1,1,98
9.0,7,1,2,98
9.0,7,1,3,98
9.0,7,1,4,99
9.0,7,1,5,99
9.0,7,1,6,100
9.0,7,1,7,100
9.0,7,1,8,101
9.0,7,1,9,101
9.0,7,1,10,102
9.0,7,1,11,102
9.0,7,1,12,103
9.0,7,1,13,103
9.0,7,1,14,104
9.0,7,1,15,104
9.0,7,2,0,98
9.0,7,2,1,98
9.0,7,2,2,99
9.0,7,2,3,99
9.0,7,2,4,100
9.0,7,2,5,100
9.0,7,2,6,100
9.0,7,2,7,101
9.0,7,2,8,101
9.0,7,2,9,102
9.0,7,2,10,102
9.0,7,2,11,103
9.0,7,2,12,103
9.0,7,2,13,104
9.0,7,2,14,104
9.0,7,2,15,105
9.0,7,3,0,98
9.0,7,3,1,99
9.0,7,3,2,99
9.0,7,3,3,100
9.0,7,3,4,100
9.0,7,3,5,101
9.0,7,3,6,101
9.0,7,3,7,102
9.0,7,3,8,102
9.0,7,3,9,102
9.0,7,3,10,103
9.0,7,3,11,103
9.0,7,3,12,104
9.0,7,3,13,104
9.0,7,3,14,105
9.0,7,3,15,105
9.0,7,4,0,99
9.0,7,4,1,99
9.0,7,4,2,100
9.0,7,4,3,100
9.0,7,4,4,101
9.0,7,4,5,101
9.0,7,4,6,102
9.0,7,4,7,102
9.0,7,4,8,103
9.0,7,4,9,103
9.0,7,4,10,104
9.0,7,4,11,104
9.0,7,4,12,104
9.0,7,4,13,105
9.0,7,4,14,105
9.0,7,4,15,106
9.0,7,5,0,99
9.0,7,5,1,100
9.0,7,5,2,100
9.0,7,5,3,101
9.0,7,5,4,101
9.0,7,5,5,102
9.0,7,5,6,102
9.0,7,5,7,103
9.0,7,5,8,103
9.0,7,5,9,104
9.0,7,5,10,104
9.0,7,5,11,105
9.0,7,5,12,105
9.0,7,5,13,106
9.0,7,5,14,106
9.0,7,5,15,106
9.0,7,6,0,100
9.0,7,6,1,100
9.0,7,6,2,101
9.0,7,6,3,101
9.0,7,6,4,102
9.0,7,6,5,102
9.0,7,6,6,103
9.0,7,6,7,103
9.0,7,6,8,104
9.0,7,6,9,104
9.0,7,6,10,105
9.0,7,6,11,105
9.0,7,6,12,106
9.0,7,6,13,106
9.0,7,6,14,107
9.0,7,6,15,107
9.0,7,7,0,100
9.0,7,7,1,101
9.0,7,7,2,101
9.0,7,7,3,102
9.0,7,7,4,102
9.0,7,7,5,103
9.0,7,7,6,103
9.0,7,7,7,104
9.0,7,7,8,104
9.0,7,7,9,105
9.0,7,7,10,105
9.0,7,7,11,106
9.0,7,7,12,106
9.0,7,7,13,107
9.0,7,7,14,107
9.0,7,7,15,108
9.0,7,8,0,101
9.0,7,8,1,102
9.0,7,8,2,102
9.0,7,8,3,103
9.0,7,8,4,103
9.0,7,8,5,103
9.0,7,8,6,104
9.0,7,8,7,104
9.0,7,8,8,105
9.0,7,8,9,105
9.0,7,8,10,106
9.0,7,8,11,106
9.0,7,8,12,107
9.0,7,8,13,107
9.0,7,8,14,108
9.0,7,8,15,108
9.0,7,9,0,102
9.0,7,9,1,102
9.0,7,9,2,103
9.0,7,9,3,103
9.0,7,9,4,104
9.0,7,9,5,104
9.0,7,9,6,105
9.0,7,9,7,105
9.0,7,9,8,106
9.0,7,9,9,106
9.0,7,9,10,106
9.0,7,9,11,107
9.0,7,9,12,107
9.0,7,9,13,108
9.0,7,9,14,108
9.0,7,9,15,109
9.0,7,10,0,102
9.0,7,10,1,103
9.0,7,10,2,103
9.0,7,10,3,104
9.0,7,10,4,104
9.0,7,10,5,105
9.0,7,10,6,105
9.0,7,10,7,106
9.0,7,10,8,106
9.0,7,10,9,107
9.0,7,10,10,107
9.0,7,10,11,108
9.0,7,10,12,108
9.0,7,10,13,108
9.0,7,10,14,109
9.0,7,10,15,109
9.0,7,11,0,103
9.0,7,11,1,103
9.0,7,11,2,104
9.0,7,11,3,104
9.0,7,11,4,105
9.0,7,11,5,105
9.0,7,11,6,106
9.0,7,11,7,106
9.0,7,11,8,107
9.0,7,11,9,107
9.0,7,11,10,108
9.0,7,11,11,108
9.0,7,11,12,109
9.0,7,11,13,109
9.0,7,11,14,110
9.0,7,11,15,110
9.0,7,12,0,103
9.0,7,12,1,104
9.0,7,12,2,104
9.0,7,12,3,105
9.0,7,12,4,105
9.0,7,12,5,106
9.0,7,12,6,106
9.0,7,12,7,107
9.0,7,12,8,107
9.0,7,12,9,108
9.0,7,12,10,108
9.0,7,12,11,109
9.0,7,12,12,109
9.0,7,12,13,110
9.0,7,12,14,110
9.0,7,12,15,111
9.0,7,13,0,104
9.0,7,13,1,104
9.0,7,13,2,105
9.0,7,13,3,105
9.0,7,13,4,106
9.0,7,13,5,106
9.0,7,13,6,107
9.0,7,13,7,107
9.0,7,13,8,108
9.0,7,13,9,108
9.0,7,13,10,109
9.0,7,13,11,109
9.0,7,13,12,110
9.0,7,13,13,110
9.0,7,13,14,111
9.0,7,13,15,111
9.0,7,14,0,104
9.0,7,14,1,105
9.0,7,14,2,105
9.0,7,14,3,106
9.0,7,14,4,106
9.0,7,14,5,107
9.0,7,14,6,107
9.0,7,14,7,108
9.0,7,14,8,108
9.0,7,14,9,109
9.0,7,14,10,109
9.0,7,14,11,110
9.0,7,14,12,110
9.0,7,14,13,111
9.0,7,14,14,111
9.0,7,14,15,112
9.0,7,15,0,105
9.0,7,15,1,105
9.0,7,15,2,106
9.0,7,15,3,106
9.0,7,15,4,107
9.0,7,15,5,107
9.0,7,15,6,108
9.0,7,15,7,108
9.0,7,15,8,109
9.0,7,15,9,109
9.0,7,15,10,110
9.0,7,15,11,110
9.0,7,15,12,111
9.0,7,15,13,111
9.0,7,15,14,112
9.0,7,15,15,112
9.0,8,0,0,98
9.0,8,0,1,98
9.0,8,0,2,99
9.0,8,0,3,99
9.0,8,0,4,100
9.0,8,0,5,100
9.0,8,0,6,101
9.0,8,0,7,101
9.0,8,0,8,102
9.0,8,0,9,102
9.0,8,0,10,103
9.0,8,0,11,103
9.0,8,0,12,104
9.0,8,0,13,104
9.0,8,0,14,104
9.0,8,0,15,105
9.0,8,1,0,99
9.0,8,1,1,99
9.0,8,1,2,99
9.0,8,1,3,100
9.0,8,1,4,100
9.0,8,1,5,101
9.0,8,1,6,101
9.0,8,1,7,102
9.0,8,1,8,102
9.0,8,1,9,103
9.0,8,1,10,103
9.0,8,1,11,104
9.0,8,1,12,104
9.0,8,1,13,105
9.0,8,1,14,105
9.0,8,1,15,106
9.0,8,2,0,99
9.0,8,2,1,100
9.0,8,2,2,100
9.0,8,2,3,101
9.0,8,2,4,101
9.0,8,2,5,102
9.0,8,2,6,102
9.0,8,2,7,102
9.0,8,2,8,103
9.0,8,2,9,103
9.0,8,2,10,104
9.0,8,2,11,104
9.0,8,2,12,105
9.0,8,2,13,105
9.0,8,2,14,106
9.0,8,2,15,106
9.0,8,3,0,100
9.0,8,3,1,100
9.0,8,3,2,101
9.0,8,3,3,101
9.0,8,3,4,102
9.0,8,3,5,102
9.0,8,3,6,103
9.0,8,3,7,103
9.0,8,3,8,104
9.0,8,3,9,104
9.0,8,3,10,104
9.0,8,3,11,105
9.0,8,3,12,105
9.0,8,3,13,106
9.0,8,3,14,106
9.0,8,3,15,107
9.0,8,4,0,100
9.0,8,4,1,101
9.0,8,4,2,101
9.0,8,4,3,102
9.0,8,4,4,102
9.0,8,4,5,103
9.0,8,4,6,103
9.0,8,4,7,104
9.0,8,4,8,104
9.0,8,4,9,105
9.0,8,4,10,105
9.0,8,4,11,106
9.0,8,4,12,106
9.0,8,4,13,106
9.0,8,4,14,107
9.0,8,4,15,107
9.0,8,5,0,101
9.0,8,5,1,101
9.0,8,5,2,102
9.0,8,5,3,102
9.0,8,5,4,103
9.0,8,5,5,103
9.0,8,5,6,104
9.0,8,5,7,104
9.0,8,5,8,105
9.0,8,5,9,105
9.0,8,5,10,106
9.0,8,5,11,106
9.0,8,5,12,107
9.0,8,5,13,107
9.0,8,5,14,108
9.0,8,5,15,108
9.0,8,6,0,101
9.0,8,6,1,102
9.0,8,6,2,102
9.0,8,6,3,103
9.0,8,6,4,103
9.0,8,6,5,104
9.0,8,6,6,104
9.0,8,6,7,105
9.0,8,6,8,105
9.0,8,6,9,106
9.0,8,6,10,106
9.0,8,6,11,107
9.0,8,6,12,107
9.0,8,6,13,108
9.0,8,6,14,108
9.0,8,6,15,109
9.0,8,7,0,102
9.0,8,7,1,102
9.0,8,7,2,103
9.0,8,7,3,103
9.0,8,7,4,104
9.0,8,7,5,104
9.0,8,7,6,105
9.0,8,7,7,105
9.0,8,7,8,106
9.0,8,7,9,106
9.0,8,7,10,107
9.0,8,7,11,107
9.0,8,7,12,108
9.0,8,7,13,108
9.0,8,7,14,109
9.0,8,7,15,109
9.0,8,8,0,103
9.0,8,8,1,103
9.0,8,8,2,104
9.0,8,8,3,104
9.0,8,8,4,105
9.0,8,8,5,105
9.0,8,8,6,106
9.0,8,8,7,106
9.0,8,8,8,107
9.0,8,8,9,107
9.0,8,8,10,107
9.0,8,8,11,108
9.0,8,8,12,108
9.0,8,8,13,109
9.0,8,8,14,109
9.0,8,8,15,110
9.0,8,9,0,103
9.0,8,9,1,104
9.0,8,9,2,104
9.0,8,9,3,105
9.0,8,9,4,105
9.0,8,9,5,106
9.0,8,9,6,106
9.0,8,9,7,107
9.0,8,9,8,107
9.0,8,9,9,108
9.0,8,9,10,108
9.0,8,9,11,109
9.0,8,9,12,109
9.0,8,9,13,110
9.0,8,9,14,110
9.0,8,9,15,110
9.0,8,10,0,104
9.0,8,10,1,104
9.0,8,10,2,105
9.0,8,10,3,105
9.0,8,10,4,106
9.0,8,10,5,106
9.0,8,10,6,107
9.0,8,10,7,107
9.0,8,10,8,108
9.0,8,10,9,108
9.0,8,10,10,109
9.0,8,10,11,109
9.0,8,10,12,110
9.0,8,10,13,110
9.0,8,10,14,111
9.0,8,10,15,111
9.0,8,11,0,104
9.0,8,11,1,105
9.0,8,11,2,105
9.0,8,11,3,106
9.0,8,11,4,106
9.0,8,11,5,107
9.0,8,11,6,107
9.0,8,11,7,108
9.0,8,11,8,108
9.0,8,11,9,109
9.0,8,11,10,109
9.0,8,11,11,110
9.0,8,11,12,110
9.0,8,11,13,111
9.0,8,11,14,111
9.0,8,11,15,112
9.0,8,12,0,105
9.0,8,12,1,105
9.0,8,12,2,106
9.0,8,12,3,106
9.0,8,12,4,107
9.0,8,12,5,107
9.0,8,12,6,108
9.0,8,12,7,108
9.0,8,12,8,109
9.0,8,12,9,109
9.0,8,12,10,110
9.0,8,12,11,110
9.0,8,12,12,111
9.0,8,12,13,111
9.0,8,12,14,112
9.0,8,12,15,112
9.0,8,13,0,105
9.0,8,13,1,106
9.0,8,13,2,106
9.0,8,13,3,107
9.0,8,13,4,107
9.0,8,13,5,108
9.0,8,13,6,108
9.0,8,13,7,109
9.0,8,13,8,109
9.0,8,13,9,110
9.0,8,13,10,110
9.0,8,13,11,111
9.0,8,13,12,111
9.0,8,13,13,112
9.0,8,13,14,112
9.0,8,13,15,113
9.0,8,14,0,106
9.0,8,14,1,106
9.0,8,14,2,107
9.0,8,14,3,107
9.0,8,14,4,108
9.0,8,14,5,108
9.0,8,14,6,109
9.0,8,14,7,109
9.0,8,14,8,110
9.0,8,14,9,110
9.0,8,14,10,111
9.0,8,14,11,111
9.0,8,14,12,112
9.0,8,14,13,112
9.0,8,14,14,113
9.0,8,14,15,113
9.0,8,15,0,106
9.0,8,15,1,107
9.0,8,15,2,107
9.0,8,15,3,108
9.0,8,15,4,109
9.0,8,15,5,109
9.0,8,15,6,110
9.0,8,15,7,110
9.0,8,15,8,111
9.0,8,15,9,111
9.0,8,15,10,112
9.0,8,15,11,112
9.0,8,15,12,113
9.0,8,15,13,113
9.0,8,15,14,114
9.0,8,15,15,114
9.0,9,0,0,99
9.0,9,0,1,100
9.0,9,0,2,100
9.0,9,0,3,101
9.0,9,0,4,101
9.0,9,0,5,102
9.0,9,0,6,102
9.0,9,0,7,103
9.0,9,0,8,103
9.0,9,0,9,104
9.0,9,0,10,104
9.0,9,0,11,105
9.0,9,0,12,105
9.0,9,0,13,106
9.0,9,0,14,106
9.0,9,0,15,106
9.0,9,1,0,100
9.0,9,1,1,100
9.0,9,1,2,101
9.0,9,1,3,101
9.0,9,1,4,102
9.0,9,1,5,102
9.0,9,1,6,103
9.0,9,1,7,103
9.0,9,1,8,104
9.0,9,1,9,104
9.0,9,1,10,105
9.0,9,1,11,105
9.0,9,1,12,106
9.0,9,1,13,106
9.0,9,1,14,107
9.0,9,1,15,107
9.0,9,2,0,101
9.0,9,2,1,101
9.0,9,2,2,102
9.0,9,2,3,102
9.0,9,2,4,103
9.0,9,2,5,103
9.0,9,2,6,104
9.0,9,2,7,104
9.0,9,2,8,104
9.0,9,2,9,105
9.0,9,2,10,105
9.0,9,2,11,106
9.0,9,2,12,106
9.0,9,2,13,107
9.0,9,2,14,107
9.0,9,2,15,108
9.0,9,3,0,101
9.0,9,3,1,102
9.0,9,3,2,102
9.0,9,3,3,103
9.0,9,3,4,103
9.0,9,3,5,104
9.0,9,3,6,104
9.0,9,3,7,105
9.0,9,3,8,105
9.0,9,3,9,106
9.0,9,3,10,106
9.0,9,3,11,107
9.0,9,3,12,107
9.0,9,3,13,107
9.0,9,3,14,108
9.0,9,3,15,108
9.0,9,4,0,102
9.0,9,4,1,102
9.0,9,4,2,103
9.0,9,4,3,103
9.0,9,4,4,104
9.0,9,4,5,104
9.0,9,4,6,105
9.0,9,4,7,105
9.0,9,4,8,106
9.0,9,4,9,106
9.0,9,4,10,107
9.0,9,4,11,107
9.0,9,4,12,108
9.0,9,4,13,108
9.0,9,4,14,109
9.0,9,4,15,109
9.0,9,5,0,102
9.0,9,5,1,103
9.0,9,5,2,103
9.0,9,5,3,104
9.0,9,5,4,104
9.0,9,5,5,105
9.0,9,5,6,105
9.0,9,5,7,106
9.0,9,5,8,106
9.0,9,5,9,107
9.0,9,5,10,107
9.0,9,5,11,108
9.0,9,5,12,108
9.0,9,5,13,109
9.0,9,5,14,109
9.0,9,5,15,110
9.0,9,6,0,103
9.0,9,6,1,103
9.0,9,6,2,104
9.0,9,6,3,104
9.0,9,6,4,105
9.0,9,6,5,105
9.0,9,6,6,106
9.0,9,6,7,106
9.0,9,6,8,107
9.0,9,6,9,107
9.0,9,6,10,108
9.0,9,6,11,108
9.0,9,6,12,109
9.0,9,6,13,109
9.0,9,6,14,110
9.0,9,6,15,110
9.0,9,7,0,104
9.0,9,7,1,104
9.0,9,7,2,105
9.0,9,7,3,105
9.0,9,7,4,106
9.0,9,7,5,106
9.0,9,7,6,107
9.0,9,7,7,107
9.0,9,7,8,108
9.0,9,7,9,108
9.0,9,7,10,108
9.0,9,7,11,109
9.0,9,7,12,109
9.0,9,7,13,110
9.0,9,7,14,110
9.0,9,7,15,111
9.0,9,8,0,104
9.0,9,8,1,105
9.0,9,8,2,105
9.0,9,8,3,106
9.0,9,8,4,106
9.0,9,8,5,107
9.0,9,8,6,107
9.0,9,8,7,108
9.0,9,8,8,108
9.0,9,8,9,109
9.0,9,8,10,109
9.0,9,8,11,110
9.0,9,8,12,110
9.0,9,8,13,111
9.0,9,8,14,111
9.0,9,8,15,112
9.0,9,9,0,105
9.0,9,9,1,105
9.0,9,9,2,106
9.0,9,9,3,106
9.0,9,9,4,107
9.0,9,9,5,107
9.0,9,9,6,108
9.0,9,9,7,108
9.0,9,9,8,109
9.0,9,9,9,109
9.0,9,9,10,110
9.0,9,9,11,110
9.0,9,9,12,111
9.0,9,9,13,111
9.0,9,9,14,112
9.0,9,9,15,112
9.0,9,10,0,105
9.0,9,10,1,106
9.0,9,10,2,106
9.0,9,10,3,107
9.0,9,10,4,107
9.0,9,10,5,108
9.0,9,10,6,108
9.0,9,10,7,109
9.0,9,10,8,109
9.0,9,10,9,110
9.0,9,10,10,110
9.0,9,10,11,111
9.0,9,10,12,111
9.0,9,10,13,112
9.0,9,10,14,112
9.0,9,10,15,113
9.0,9,11,0,106
9.0,9,11,1,106
9.0,9,11,2,107
9.0,9,11,3,107
9.0,9,11,4,108
9.0,9,11,5,108
9.0,9,11,6,109
9.0,9,11,7,109
9.0,9,11,8,110
9.0,9,11,9,110
9.0,9,11,10,111
9.0,9,11,11,111
9.0,9,11,12,112
9.0,9,11,13,112
9.0,9,11,14,113
9.0,9,11,15,113
9.0,9,12,0,106
9.0,9,12,1,107
9.0,9,12,2,107
9.0,9,12,3,108
9.0,9,12,4,108
9.0,9,12,5,109
9.0,9,12,6,109
9.0,9,12,7,110
9.0,9,12,8,110
9.0,9,12,9,111
9.0,9,12,10,111
9.0,9,12,11,112
9.0,9,12,12,112
9.0,9,12,13,113
9.0,9,12,14,113
9.0,9,12,15,114
9.0,9,13,0,107
9.0,9,13,1,107
9.0,9,13,2,108
9.0,9,13,3,108
9.0,9,13,4,109
9.0,9,13,5,110
9.0,9,13,6,110
9.0,9,13,7,111
9.0,9,13,8,111
9.0,9,13,9,112
9.0,9,13,10,112
9.0,9,13,11,113
9.0,9,13,12,113
9.0,9,13,13,114
9.0,9,13,14,114
9.0,9,13,15,115
9.0,9,14,0,107
9.0,9,14,1,108
9.0,9,14,2,109
9.0,9,14,3,109
9.0,9,14,4,110
9.0,9,14,5,110
9.0,9,14,6,111
9.0,9,14,7,111
9.0,9,14,8,112
9.0,9,14,9,112
9.0,9,14,10,113
9.0,9,14,11,113
9.0,9,14,12,114
9.0,9,14,13,114
9.0,9,14,14,115
9.0,9,14,15,115
9.0,9,15,0,108
9.0,9,15,1,109
9.0,9,15,2,109
9.0,9,15,3,110
9.0,9,15,4,110
9.0,9,15,5,111
9.0,9,15,6,111
9.0,9,15,7,112
9.0,9,15,8,112
9.0,9,15,9,113
9.0,9,15,10,113
9.0,9,15,11,114
9.0,9,15,12,114
9.0,9,15,13,115
9.0,9,15,14,115
9.0,9,15,15,116
9.0,10,0,0,101
9.0,10,0,1,101
9.0,10,0,2,102
9.0,10,0,3,102
9.0,10,0,4,103
9.0,10,0,5,103
9.0,10,0,6,104
9.0,10,0,7,104
9.0,10,0,8,105
9.0,10,0,9,105
9.0,10,0,10,106
9.0,10,0,11,106
9.0,10,0,12,107
9.0,10,0,13,107
9.0,10,0,14,108
9.0,10,0,15,108
9.0,10,1,0,101
9.0,10,1,1,102
9.0,10,1,2,102
9.0,10,1,3,103
9.0,10,1,4,103
9.0,10,1,5,104
9.0,10,1,6,104
9.0,10,1,7,105
9.0,10,1,8,105
9.0,10,1,9,106
9.0,10,1,10,106
9.0,10,1,11,107
9.0,10,1,12,107
9.0,10,1,13,108
9.0,10,1,14,108
9.0,10,1,15,109
9.0,10,2,0,102
9.0,10,2,1,103
9.0,10,2,2,103
9.0,10,2,3,104
9.0,10,2,4,104
9.0,10,2,5,105
9.0,10,2,6,105
9.0,10,2,7,106
9.0,10,2,8,106
9.0,10,2,9,107
9.0,10,2,10,107
9.0,10,2,11,107
9.0,10,2,12,108
9.0,10,2,13,108
9.0,10,2,14,109
9.0,10,2,15,109
9.0,10,3,0,103
9.0,10,3,1,103
9.0,10,3,2,104
9.0,10,3,3,104
9.0,10,3,4,105
9.0,10,3,5,105
9.0,10,3,6,106
9.0,10,3,7,106
9.0,10,3,8,107
9.0,10,3,9,107
9.0,10,3,10,108
9.0,10,3,11,108
9.0,10,3,12,109
9.0,10,3,13,109
9.0,10,3,14,110
9.0,10,3,15,110
9.0,10,4,0,103
9.0,10,4,1,104
9.0,10,4,2,104
9.0,10,4,3,105
9.0,10,4,4,105
9.0,10,4,5,106
9.0,10,4,6,106
9.0,10,4,7,107
9.0,10,4,8,107
9.0,10,4,9,108
9.0,10,4,10,108
9.0,10,4,11,109
9.0,10,4,12,109
9.0,10,4,13,110
9.0,10,4,14,110
9.0,10,4,15,111
9.0,10,5,0,104
9.0,10,5,1,104
9.0,10,5,2,105
9.0,10,5,3,105
9.0,10,5,4,106
9.0,10,5,5,106
9.0,10,5,6,107
9.0,10,5,7,107
9.0,10,5,8,108
9.0,10,5,9,108
9.0,10,5,10,109
9.0,10,5,11,109
9.0,10,5,12,110
9.0,10,5,13,110
9.0,10,5,14,111
9.0,10,5,15,111
9.0,10,6,0,104
9.0,10,6,1,105
9.0,10,6,2,105
9.0,10,6,3,106
9.0,10,6,4,106
9.0,10,6,5,107
9.0,10,6,6,108
9.0,10,6,7,108
9.0,10,6,8,108
9.0,10,6,9,109
9.0,10,6,10,109
9.0,10,6,11,110
9.0,10,6,12,110
9.0,10,6,13,111
9.0,10,6,14,111
9.0,10,6,15,112
9.0,10,7,0,105
9.0,10,7,1,106
9.0,10,7,2,106
9.0,10,7,3,107
9.0,10,7,4,107
9.0,10,7,5,108
9.0,10,7,6,108
9.0,10,7,7,109
9.0,10,7,8,109
9.0,10,7,9,110
9.0,10,7,10,110
9.0,10,7,11,111
9.0,10,7,12,111
9.0,10,7,13,112
9.0,10,7,14,112
9.0,10,7,15,113
9.0,10,8,0,106
9.0,10,8,1,106
9.0,10,8,2,107
9.0,10,8,3,107
9.0,10,8,4,108
9.0,10,8,5,108
9.0,10,8,6,109
9.0,10,8,7,109
9.0,10,8,8,110
9.0,10,8,9,110
9.0,10,8,10,111
9.0,10,8,11,111
9.0,10,8,12,112
9.0,10,8,13,112
9.0,10,8,14,113
9.0,10,8,15,113
9.0,10,9,0,106
9.0,10,9,1,107
9.0,10,9,2,107
9.0,10,9,3,108
9.0,10,9,4,108
9.0,10,9,5,109
9.0,10,9,6,109
9.0,10,9,7,110
9.0,10,9,8,110
9.0,10,9,9,111
9.0,10,9,10,111
9.0,10,9,11,112
9.0,10,9,12,112
9.0,10,9,13,113
9.0,10,9,14,113
9.0,10,9,15,114
9.0,10,10,0,107
9.0,10,10,1,107
9.0,10,10,2,108
9.0,10,10,3,108
9.0,10,10,4,109
9.0,10,10,5,109
9.0,10,10,6,110
9.0,10,10,7,110
9.0,10,10,8,111
9.0,10,10,9,111
9.0,10,10,10,112
9.0,10,10,11,112
9.0,10,10,12,113
9.0,10,10,13,113
9.0,10,10,14,114
9.0,10,10,15,114
9.0,10,11,0,107
9.0,10,11,1,108
9.0,10,11,2,108
9.0,10,11,3,109
9.0,10,11,4,109
9.0,10,11,5,110
9.0,10,11,6,110
9.0,10,11,7,111
9.0,10,11,8,112
9.0,10,11,9,112
9.0,10,11,10,113
9.0,10,11,11,113
9.0,10,11,12,114
9.0,10,11,13,114
9.0,10,11,14,115
9.0,10,11,15,115
9.0,10,12,0,108
9.0,10,12,1,108
9.0,10,12,2,109
9.0,10,12,3,110
9.0,10,12,4,110
9.0,10,12,5,111
9.0,10,12,6,111
9.0,10,12,7,112
9.0,10,12,8,112
9.0,10,12,9,113
9.0,10,12,10,113
9.0,10,12,11,114
9.0,10,12,12,114
9.0,10,12,13,115
9.0,10,12,14,115
9.0,10,12,15,116
9.0,10,13,0,109
9.0,10,13,1,109
9.0,10,13,2,110
9.0,10,13,3,110
9.0,10,13,4,111
9.0,10,13,5,111
9.0,10,13,6,112
9.0,10,13,7,112
9.0,10,13,8,113
9.0,10,13,9,113
9.0,10,13,10,114
9.0,10,13,11,114
9.0,10,13,12,115
9.0,10,13,13,115
9.0,10,13,14,116
9.0,10,13,15,116
9.0,10,14,0,109
9.0,10,14,1,110
9.0,10,14,2,110
9.0,10,14,3,111
9.0,10,14,4,111
9.0,10,14,5,112
9.0,10,14,6,112
9.0,10,14,7,113
9.0,10,14,8,113
9.0,10,14,9,114
9.0,10,14,10,114
9.0,10,14,11,115
9.0,10,14,12,115
9.0,10,14,13,116
9.0,10,14,14,116
9.0,10,14,15,117
9.0,10,15,0,110
9.0,10,15,1,110
9.0,10,15,2,111
9.0,10,15,3,111
9.0,10,15,4,112
9.0,10,15,5,112
9.0,10,15,6,113
9.0,10,15,7,113
9.0,10,15,8,114
9.0,10,15,9,114
9.0,10,15,10,115
9.0,10,15,11,115
9.0,10,15,12,116
9.0,10,15,13,116
9.0,10,15,14,117
9.0,10,15,15,117
9.0,11,0,0,102
9.0,11,0,1,103
9.0,11,0,2,103
9.0,11,0,3,104
9.0,11,0,4,104
9.0,11,0,5,105
9.0,11,0,6,105
9.0,11,0,7,106
9.0,11,0,8,106
9.0,11,0,9,107
9.0,11,0,10,107
9.0,11,0,11,108
9.0,11,0,12,108
9.0,11,0,13,109
9.0,11,0,14,109
9.0,11,0,15,110
9.0,11,1,0,103
9.0,11,1,1,103
9.0,11,1,2,104
9.0,11,1,3,104
9.0,11,1,4,105
9.0,11,1,5,105
9.0,11,1,6,106
9.0,11,1,7,106
9.0,11,1,8,107
9.0,11,1,9,107
9.0,11,1,10,108
9.0,11,1,11,108
9.0,11,1,12,109
9.0,11,1,13,109
9.0,11,1,14,110
9.0,11,1,15,110
9.0,11,2,0,104
9.0,11,2,1,104
9.0,11,2,2,105
9.0,11,2,3,105
9.0,11,2,4,106
9.0,11,2,5,106
9.0,11,2,6,107
9.0,11,2,7,107
9.0,11,2,8,108
9.0,11,2,9,108
9.0,11,2,10,109
9.0,11,2,11,109
9.0,11,2,12,110
9.0,11,2,13,110
9.0,11,2,14,110
9.0,11,2,15,111
9.0,11,3,0,104
9.0,11,3,1,105
9.0,11,3,2,105
9.0,11,3,3,106
9.0,11,3,4,106
9.0,11,3,5,107
9.0,11,3,6,107
9.0,11,3,7,108
9.0,11,3,8,108
9.0,11,3,9,109
9.0,11,3,10,109
9.0,11,3,11,110
9.0,11,3,12,110
9.0,11,3,13,111
9.0,11,3,14,111
9.0,11,3,15,112
9.0,11,4,0,105
9.0,11,4,1,105
9.0,11,4,2,106
9.0,11,4,3,106
9.0,11,4,4,107
9.0,11,4,5,107
9.0,11,4,6,108
9.0,11,4,7,108
9.0,11,4,8,109
9.0,11,4,9,109
9.0,11,4,10,110
9.0,11,4,11,110
9.0,11,4,12,111
9.0,11,4,13,111
9.0,11,4,14,112
9.0,11,4,15,112
9.0,11,5,0,105
9.0,11,5,1,106
9.0,11,5,2,106
9.0,11,5,3,107
9.0,11,5,4,107
9.0,11,5,5,108
9.0,11,5,6,108
9.0,11,5,7,109
9.0,11,5,8,109
9.0,11,5,9,110
9.0,11,5,10,110
9.0,11,5,11,111
9.0,11,5,12,111
9.0,11,5,13,112
9.0,11,5,14,112
9.0,11,5,15,113
9.0,11,6,0,106
9.0,11,6,1,107
9.0,11,6,2,107
9.0,11,6,3,108
9.0,11,6,4,108
9.0,11,6,5,109
9.0,11,6,6,109
9.0,11,6,7,110
9.0,11,6,8,110
9.0,11,6,9,111
9.0,11,6,10,111
9.0,11,6,11,112
9.0,11,6,12,112
9.0,11,6,13,113
9.0,11,6,14,113
9.0,11,6,15,114
9.0,11,7,0,107
9.0,11,7,1,107
9.0,11,7,2,108
9.0,11,7,3,108
9.0,11,7,4,109
9.0,11,7,5,109
9.0,11,7,6,110
9.0,11,7,7,110
9.0,11,7,8,111
9.0,11,7,9,111
9.0,11,7,10,112
9.0,11,7,11,112
9.0,11,7,12,113
9.0,11,7,13,113
9.0,11,7,14,114
9.0,11,7,15,114
9.0,11,8,0,107
9.0,11,8,1,108
9.0,11,8,2,108
9.0,11,8,3,109
9.0,11,8,4,109
9.0,11,8,5,110
9.0,11,8,6,110
9.0,11,8,7,111
9.0,11,8,8,111
9.0,11,8,9,112
9.0,11,8,10,112
9.0,11,8,11,113
9.0,11,8,12,113
9.0,11,8,13,114
9.0,11,8,14,114
9.0,11,8,15,115
9.0,11,9,0,108
9.0,11,9,1,108
9.0,11,9,2,109
9.0,11,9,3,109
9.0,11,9,4,110
9.0,11,9,5,110
9.0,11,9,6,111
9.0,11,9,7,111
9.0,11,9,8,112
9.0,11,9,9,112
9.0,11,9,10,113
9.0,11,9,11,113
9.0,11,9,12,114
9.0,11,9,13,114
9.0,11,9,14,115
9.0,11,9,15,115
9.0,11,10,0,108
9.0,11,10,1,109
9.0,11,10,2,109
9.0,11,10,3,110
9.0,11,10,4,110
9.0,11,10,5,111
9.0,11,10,6,112
9.0,11,10,7,112
9.0,11,10,8,113
9.0,11,10,9,113
9.0,11,10,10,114
9.0,11,10,11,114
9.0,11,10,12,115
9.0,11,10,13,115
9.0,11,10,14,116
9.0,11,10,15,116
9.0,11,11,0,109
9.0,11,11,1,109
9.0,11,11,2,110
9.0,11,11,3,111
9.0,11,11,4,111
9.0,11,11,5,112
9.0,11,11,6,112
9.0,11,11,7,113
9.0,11,11,8,113
9.0,11,11,9,114
9.0,11,11,10,114
9.0,11,11,11,115
9.0,11,11,12,115
9.0,11,11,13,116
9.0,11,11,14,116
9.0,11,11,15,117
9.0,11,12,0,110
9.0,11,12,1,110
9.0,11,12,2,111
9.0,11,12,3,111
9.0,11,12,4,112
9.0,11,12,5,112
9.0,11,12,6,113
9.0,11,12,7,113
9.0,11,12,8,114
9.0,11,12,9,114
9.0,11,12,10,115
9.0,11,12,11,115
9.0,11,12,12,116
9.0,11,12,13,116
9.0,11,12,14,117
9.0,11,12,15,117
9.0,11,13,0,110
9.0,11,13,1,111
9.0,11,13,2,111
9.0,11,13,3,112
9.0,11,13,4,112
9.0,11,13,5,113
9.0,11,13,6,113
9.0,11,13,7,114
9.0,11,13,8,114
9.0,11,13,9,115
9.0,11,13,10,115
9.0,11,13,11,116
9.0,11,13,12,116
9.0,11,13,13,117
9.0,11,13,14,117
9.0,11,13,15,118
9.0,11,14,0,111
9.0,11,14,1,111
9.0,11,14,2,112
9.0,11,14,3,112
9.0,11,14,4,113
9.0,11,14,5,113
9.0,11,14,6,114
9.0,11,14,7,114
9.0,11,14,8,115
9.0,11,14,9,115
9.0,11,14,10,116
9.0,11,14,11,117
9.0,11,14,12,117
9.0,11,14,13,118
9.0,11,14,14,118
9.0,11,14,15,119
9.0,11,15,0,111
9.0,11,15,1,112
9.0,11,15,2,112
9.0,11,15,3,113
9.0,11,15,4,113
9.0,11,15,5,114
9.0,11,15,6,114
9.0,11,15,7,115
9.0,11,15,8,116
9.0,11,15,9,116
9.0,11,15,10,117
9.0,11,15,11,117
9.0,11,15,12,118
9.0,11,15,13,118
9.0,11,15,14,119
9.0,11,15,15,119
9.0,12,0,0,104
9.0,12,0,1,104
9.0,12,0,2,105
9.0,12,0,3,105
9.0,12,0,4,106
9.0,12,0,5,106
9.0,12,0,6,107
9.0,12,0,7,107
9.0,12,0,8,108
9.0,12,0,9,108
9.0,12,0,10,109
9.0,12,0,11,109
9.0,12,0,12,110
9.0,12,0,13,110
9.0,12,0,14,111
9.0,12,0,15,111
9.0,12,1,0,104
9.0,12,1,1,105
9.0,12,1,2,105
9.0,12,1,3,106
9.0,12,1,4,106
9.0,12,1,5,107
9.0,12,1,6,107
9.0,12,1,7,108
9.0,12,1,8,108
9.0,12,1,9,109
9.0,12,1,10,109
9.0,12,1,11,110
9.0,12,1,12,110
9.0,12,1,13,111
9.0,12,1,14,111
9.0,12,1,15,112
9.0,12,2,0,105
9.0,12,2,1,106
9.0,12,2,2,106
9.0,12,2,3,107
9.0,12,2,4,107
9.0,12,2,5,108
9.0,12,2,6,108
9.0,12,2,7,109
9.0,12,2,8,109
9.0,12,2,9,110
9.0,12,2,10,110
9.0,12,2,11,111
9.0,12,2,12,111
9.0,12,2,13,112
9.0,12,2,14,112
9.0,12,2,15,113
9.0,12,3,0,106
9.0,12,3,1,106
9.0,12,3,2,107
9.0,12,3,3,107
9.0,12,3,4,108
9.0,12,3,5,108
9.0,12,3,6,109
9.0,12,3,7,109
9.0,12,3,8,110
9.0,12,3,9,110
9.0,12,3,10,111
9.0,12,3,11,111
9.0,12,3,12,112
9.0,12,3,13,112
9.0,12,3,14,113
9.0,12,3,15,113
9.0,12,4,0,106
9.0,12,4,1,107
9.0,12,4,2,107
9.0,12,4,3,108
9.0,12,4,4,108
9.0,12,4,5,109
9.0,12,4,6,109
9.0,12,4,7,110
9.0,12,4,8,110
9.0,12,4,9,111
9.0,12,4,10,111
9.0,12,4,11,112
9.0,12,4,12,112
9.0,12,4,13,113
9.0,12,4,14,113
9.0,12,4,15,114
9.0,12,5,0,107
9.0,12,5,1,107
9.0,12,5,2,108
9.0,12,5,3,108
9.0,12,5,4,109
9.0,12,5,5,109
9.0,12,5,6,110
9.0,12,5,7,111
9.0,12,5,8,111
9.0,12,5,9,112
9.0,12,5,10,112
9.0,12,5,11,113
9.0,12,5,12,113
9.0,12,5,13,114
9.0,12,5,14,114
9.0,12,5,15,115
9.0,12,6,0,108
9.0,12,6,1,108
9.0,12,6,2,109
9.0,12,6,3,109
9.0,12,6,4,110
9.0,12,6,5,110
9.0,12,6,6,111
9.0,12,6,7,111
9.0,12,6,8,112
9.0,12,6,9,112
9.0,12,6,10,113
9.0,12,6,11,113
9.0,12,6,12,114
9.0,12,6,13,114
9.0,12,6,14,115
9.0,12,6,15,115
9.0,12,7,0,108
9.0,12,7,1,109
9.0,12,7,2,109
9.0,12,7,3,110
9.0,12,7,4,110
9.0,12,7,5,111
9.0,12,7,6,111
9.0,12,7,7,112
9.0,12,7,8,112
9.0,12,7,9,113
9.0,12,7,10,113
9.0,12,7,11,114
9.0,12,7,12,114
9.0,12,7,13,115
9.0,12,7,14,115
9.0,12,7,15,116
9.0,12,8,0,109
9.0,12,8,1,109
9.0,12,8,2,110
9.0,12,8,3,110
9.0,12,8,4,111
9.0,12,8,5,111
9.0,12,8,6,112
9.0,12,8,7,112
9.0,12,8,8,113
9.0,12,8,9,113
9.0,12,8,10,114
9.0,12,8,11,114
9.0,12,8,12,115
9.0,12,8,13,115
9.0,12,8,14,116
9.0,12,8,15,116
9.0,12,9,0,109
9.0,12,9,1,110
9.0,12,9,2,110
9.0,12,9,3,111
9.0,12,9,4,111
9.0,12,9,5,112
9.0,12,9,6,112
9.0,12,9,7,113
9.0,12,9,8,114
9.0,12,9,9,114
9.0,12,9,10,115
9.0,12,9,11,115
9.0,12,9,12,116
9.0,12,9,13,116
9.0,12,9,14,117
9.0,12,9,15,117
9.0,12,10,0,110
9.0,12,10,1,110
9.0,12,10,2,111
9.0,12,10,3,112
9.0,12,10,4,112
9.0,12,10,5,113
9.0,12,10,6,113
9.0,12,10,7,114
9.0,12,10,8,114
9.0,12,10,9,115
9.0,12,10,10,115
9.0,12,10,11,116
9.0,12,10,12,116
9.0,12,10,13,117
9.0,12,10,14,117
9.0,12,10,15,118
9.0,12,11,0,110
9.0,12,11,1,111
9.0,12,11,2,112
9.0,12,11,3,112
9.0,12,11,4,113
9.0,12,11,5,113
9.0,12,11,6,114
9.0,12,11,7,114
9.0,12,11,8,115
9.0,12,11,9,115
9.0,12,11,10,116
9.0,12,11,11,116
9.0,12,11,12,117
9.0,12,11,13,117
9.0,12,11,14,118
9.0,12,11,15,118
9.0,12,12,0,111
9.0,12,12,1,112
9.0,12,12,2,112
9.0,12,12,3,113
9.0,12,12,4,113
9.0,12,12,5,114
9.0,12,12,6,114
9.0,12,12,7,115
9.0,12,12,8,115
9.0,12,12,9,116
9.0,12,12,10,116
9.0,12,12,11,117
9.0,12,12,12,117
9.0,12,12,13,118
9.0,12,12,14,118
9.0,12,12,15,119
9.0,12,13,0,112
9.0,12,13,1,112
9.0,12,13,2,113
9.0,12,13,3,113
9.0,12,13,4,114
9.0,12,13,5,114
9.0,12,13,6,115
9.0,12,13,7,115
9.0,12,13,8,116
9.0,12,13,9,117
9.0,12,13,10,117
9.0,12,13,11,118
9.0,12,13,12,118
9.0,12,13,13,119
9.0,12,13,14,119
9.0,12,13,15,120
9.0,12,14,0,112
9.0,12,14,1,113
9.0,12,14,2,113
9.0,12,14,3,114
9.0,12,14,4,114
9.0,12,14,5,115
9.0,12,14,6,116
9.0,12,14,7,116
9.0,12,14,8,117
9.0,12,14,9,117
9.0,12,14,10,118
9.0,12,14,11,118
9.0,12,14,12,119
9.0,12,14,13,119
9.0,12,14,14,120
9.0,12,14,15,120
9.0,12,15,0,113
9.0,12,15,1,113
9.0,12,15,2,114
9.0,12,15,3,114
9.0,12,15,4,115
9.0,12,15,5,116
9.0,12,15,6,116
9.0,12,15,7,117
9.0,12,15,8,117
9.0,12,15,9,118
9.0,12,15,10,118
9.0,12,15,11,119
9.0,12,15,12,119
9.0,12,15,13,120
9.0,12,15,14,120
9.0,12,15,15,121
9.0,13,0,0,105
9.0,13,0,1,106
9.0,13,0,2,106
9.0,13,0,3,107
9.0,13,0,4,107
9.0,13,0,5,108
9.0,13,0,6,108
9.0,13,0,7,109
9.0,13,0,8,109
9.0,13,0,9,110
9.0,13,0,10,110
9.0,13,0,11,111
9.0,13,0,12,111
9.0,13,0,13,112
9.0,13,0,14,112
9.0,13,0,15,113
9.0,13,1,0,106
9.0,13,1,1,106
9.0,13,1,2,107
9.0,13,1,3,107
9.0,13,1,4,108
9.0,13,1,5,108
9.0,13,1,6,109
9.0,13,1,7,109
9.0,13,1,8,110
9.0,13,1,9,110
9.0,13,1,10,111
9.0,13,1,11,111
9.0,13,1,12,112
9.0,13,1,13,112
9.0,13,1,14,113
9.0,13,1,15,113
9.0,13,2,0,107
9.0,13,2,1,107
9.0,13,2,2,108
9.0,13,2,3,108
9.0,13,2,4,109
9.0,13,2,5,109
9.0,13,2,6,110
9.0,13,2,7,110
9.0,13,2,8,111
9.0,13,2,9,111
9.0,13,2,10,112
9.0,13,2,11,112
9.0,13,2,12,113
9.0,13,2,13,113
9.0,13,2,14,114
9.0,13,2,15,114
9.0,13,3,0,107
9.0,13,3,1,108
9.0,13,3,2,108
9.0,13,3,3,109
9.0,13,3,4,109
9.0,13,3,5,110
9.0,13,3,6,110
9.0,13,3,7,111
9.0,13,3,8,111
9.0,13,3,9,112
9.0,13,3,10,112
9.0,13,3,11,113
9.0,13,3,12,113
9.0,13,3,13,114
9.0,13,3,14,114
9.0,13,3,15,115
9.0,13,4,0,108
9.0,13,4,1,108
9.0,13,4,2,109
9.0,13,4,3,109
9.0,13,4,4,110
9.0,13,4,5,110
9.0,13,4,6,111
9.0,13,4,7,111
9.0,13,4,8,112
9.0,13,4,9,112
9.0,13,4,10,113
9.0,13,4,11,113
9.0,13,4,12,114
9.0,13,4,13,114
9.0,13,4,14,115
9.0,13,4,15,115
9.0,13,5,0,108
9.0,13,5,1,109
9.0,13,5,2,109
9.0,13,5,3,110
9.0,13,5,4,111
9.0,13,5,5,111
9.0,13,5,6,112
9.0,13,5,7,112
9.0,13,5,8,113
9.0,13,5,9,113
9.0,13,5,10,114
9.0,13,5,11,114
9.0,13,5,12,115
9.0,13,5,13,115
9.0,13,5,14,116
9.0,13,5,15,116
9.0,13,6,0,109
9.0,13,6,1,110
9.0,13,6,2,110
9.0,13,6,3,111
9.0,13,6,4,111
9.0,13,6,5,112
9.0,13,6,6,112
9.0,13,6,7,113
9.0,13,6,8,113
9.0,13,6,9,114
9.0,13,6,10,114
9.0,13,6,11,115
9.0,13,6,12,115
9.0,13,6,13,116
9.0,13,6,14,116
9.0,13,6,15,117
9.0,13,7,0,110
9.0,13,7,1,110
9.0,13,7,2,111
9.0,13,7,3,111
9.0,13,7,4,112
9.0,13,7,5,112
9.0,13,7,6,113
9.0,13,7,7,113
9.0,13,7,8,114
9.0,13,7,9,114
9.0,13,7,10,115
9.0,13,7,11,115
9.0,13,7,12,116
9.0,13,7,13,116
9.0,13,7,14,117
9.0,13,7,15,117
9.0,13,8,0,110
9.0,13,8,1,111
9.0,13,8,2,111
9.0,13,8,3,112
9.0,13,8,4,112
9.0,13,8,5,113
9.0,13,8,6,113
9.0,13,8,7,114
9.0,13,8,8,115
9.0,13,8,9,115
9.0,13,8,10,116
9.0,13,8,11,116
9.0,13,8,12,117
9.0,13,8,13,117
9.0,13,8,14,118
9.0,13,8,15,118
9.0,13,9,0,111
9.0,13,9,1,111
9.0,13,9,2,112
9.0,13,9,3,112
9.0,13,9,4,113
9.0,13,9,5,114
9.0,13,9,6,114
9.0,13,9,7,115
9.0,13,9,8,115
9.0,13,9,9,116
9.0,13,9,10,116
9.0,13,9,11,117
9.0,13,9,12,117
9.0,13,9,13,118
9.0,13,9,14,118
9.0,13,9,15,119
9.0,13,10,0,111
9.0,13,10,1,112
9.0,13,10,2,113
9.0,13,10,3,113
9.0,13,10,4,114
9.0,13,10,5,114
9.0,13,10,6,115
9.0,13,10,7,115
9.0,13,10,8,116
9.0,13,10,9,116
9.0,13,10,10,117
9.0,13,10,11,117
9.0,13,10,12,118
9.0,13,10,13,118
9.0,13,10,14,119
9.0,13,10,15,119
9.0,13,11,0,112
9.0,13,11,1,113
9.0,13,11,2,113
9.0,13,11,3,114
9.0,13,11,4,114
9.0,13,11,5,115
9.0,13,11,6,115
9.0,13,11,7,116
9.0,13,11,8,116
9.0,13,11,9,117
9.0,13,11,10,117
9.0,13,11,11,118
9.0,13,11,12,118
9.0,13,11,13,119
9.0,13,11,14,120
9.0,13,11,15,120
9.0,13,12,0,113
9.0,13,12,1,113
9.0,13,12,2,114
9.0,13,12,3,114
9.0,13,12,4,115
9.0,13,12,5,115
9.0,13,12,6,116
9.0,13,12,7,116
9.0,13,12,8,117
9.0,13,12,9,118
9.0,13,12,10,118
9.0,13,12,11,119
9.0,13,12,12,119
9.0,13,12,13,120
9.0,13,12,14,120
9.0,13,12,15,121
9.0,13,13,0,113
9.0,13,13,1,114
9.0,13,13,2,114
9.0,13,13,3,115
9.0,13,13,4,115
9.0,13,13,5,116
9.0,13,13,6,117
9.0,13,13,7,117
9.0,13,13,8,118
9.0,13,13,9,118
9.0,13,13,10,119
9.0,13,13,11,119
9.0,13,13,12,120
9.0,13,13,13,120
9.0,13,13,14,121
9.0,13,13,15,121
9.0,13,14,0,114
9.0,13,14,1,114
9.0,13,14,2,115
9.0,13,14,3,116
9.0,13,14,4,116
9.0,13,14,5,117
9.0,13,14,6,117
9.0,13,14,7,118
9.0,13,14,8,118
9.0,13,14,9,119
9.0,13,14,10,119
9.0,13,14,11,120
9.0,13,14,12,120
9.0,13,14,13,121
9.0,13,14,14,121
9.0,13,14,15,122
9.0,13,15,0,114
9.0,13,15,1,115
9.0,13,15,2,116
9.0,13,15,3,116
9.0,13,15,4,117
9.0,13,15,5,117
9.0,13,15,6,118
9.0,13,15,7,118
9.0,13,15,8,119
9.0,13,15,9,119
9.0,13,15,10,120
9.0,13,15,11,120
9.0,13,15,12,121
9.0,13,15,13,122
9.0,13,15,14,122
9.0,13,15,15,123
9.0,14,0,0,107
9.0,14,0,1,107
9.0,14,0,2,108
9.0,14,0,3,108
9.0,14,0,4,109
9.0,14,0,5,109
9.0,14,0,6,110
9.0,14,0,7,110
9.0,14,0,8,111
9.0,14,0,9,111
9.0,14,0,10,112
9.0,14,0,11,112
9.0,14,0,12,113
9.0,14,0,13,113
9.0,14,0,14,114
9.0,14,0,15,114
9.0,14,1,0,107
9.0,14,1,1,108
9.0,14,1,2,108
9.0,14,1,3,109
9.0,14,1,4,109
9.0,14,1,5,110
9.0,14,1,6,111
9.0,14,1,7,111
9.0,14,1,8,112
9.0,14,1,9,112
9.0,14,1,10,113
9.0,14,1,11,113
9.0,14,1,12,114
9.0,14,1,13,114
9.0,14,1,14,115
9.0,14,1,15,115
9.0,14,2,0,108
9.0,14,2,1,109
9.0,14,2,2,109
9.0,14,2,3,110
9.0,14,2,4,110
9.0,14,2,5,111
9.0,14,2,6,111
9.0,14,2,7,112
9.0,14,2,8,112
9.0,14,2,9,113
9.0,14,2,10,113
9.0,14,2,11,114
9.0,14,2,12,114
9.0,14,2,13,115
9.0,14,2,14,115
9.0,14,2,15,116
9.0,14,3,0,109
9.0,14,3,1,109
9.0,14,3,2,110
9.0,14,3,3,110
9.0,14,3,4,111
9.0,14,3,5,111
9.0,14,3,6,112
9.0,14,3,7,112
9.0,14,3,8,113
9.0,14,3,9,113
9.0,14,3,10,114
9.0,14,3,11,114
9.0,14,3,12,115
9.0,14,3,13,115
9.0,14,3,14,116
9.0,14,3,15,116
9.0,14,4,0,109
9.0,14,4,1,110
9.0,14,4,2,110
9.0,14,4,3,111
9.0,14,4,4,111
9.0,14,4,5,112
9.0,14,4,6,112
9.0,14,4,7,113
9.0,14,4,8,114
9.0,14,4,9,114
9.0,14,4,10,115
9.0,14,4,11,115
9.0,14,4,12,116
9.0,14,4,13,116
9.0,14,4,14,117
9.0,14,4,15,117
9.0,14,5,0,110
9.0,14,5,1,110
9.0,14,5,2,111
9.0,14,5,3,112
9.0,14,5,4,112
9.0,14,5,5,113
9.0,14,5,6,113
9.0,14,5,7,114
9.0,14,5,8,114
9.0,14,5,9,115
9.0,14,5,10,115
9.0,14,5,11,116
9.0,14,5,12,116
9.0,14,5,13,117
9.0,14,5,14,117
9.0,14,5,15,118
9.0,14,6,0,111
9.0,14,6,1,111
9.0,14,6,2,112
9.0,14,6,3,112
9.0,14,6,4,113
9.0,14,6,5,113
9.0,14,6,6,114
9.0,14,6,7,114
9.0,14,6,8,115
9.0,14,6,9,115
9.0,14,6,10,116
9.0,14,6,11,116
9.0,14,6,12,117
9.0,14,6,13,117
9.0,14,6,14,118
9.0,14,6,15,118
9.0,14,7,0,111
9.0,14,7,1,112
9.0,14,7,2,112
9.0,14,7,3,113
9.0,14,7,4,113
9.0,14,7,5,114
9.0,14,7,6,114
9.0,14,7,7,115
9.0,14,7,8,115
9.0,14,7,9,116
9.0,14,7,10,117
9.0,14,7,11,117
9.0,14,7,12,118
9.0,14,7,13,118
9.0,14,7,14,119
9.0,14,7,15,119
9.0,14,8,0,112
9.0,14,8,1,112
9.0,14,8,2,113
9.0,14,8,3,113
9.0,14,8,4,114
9.0,14,8,5,115
9.0,14,8,6,115
9.0,14,8,7,116
9.0,14,8,8,116
9.0,14,8,9,117
9.0,14,8,10,117
9.0,14,8,11,118
9.0,14,8,12,118
9.0,14,8,13,119
9.0,14,8,14,119
9.0,14,8,15,120
9.0,14,9,0,112
9.0,14,9,1,113
9.0,14,9,2,114
9.0,14,9,3,114
9.0,14,9,4,115
9.0,14,9,5,115
9.0,14,9,6,116
9.0,14,9,7,116
9.0,14,9,8,117
9.0,14,9,9,117
9.0,14,9,10,118
9.0,14,9,11,118
9.0,14,9,12,119
9.0,14,9,13,119
9.0,14,9,14,120
9.0,14,9,15,120
9.0,14,10,0,113
9.0,14,10,1,114
9.0,14,10,2,114
9.0,14,10,3,115
9.0,14,10,4,115
9.0,14,10,5,116
9.0,14,10,6,116
9.0,14,10,7,117
9.0,14,10,8,117
9.0,14,10,9,118
9.0,14,10,10,118
9.0,14,10,11,119
9.0,14,10,12,120
9.0,14,10,13,120
9.0,14,10,14,121
9.0,14,10,15,121
9.0,14,11,0,114
9.0,14,11,1,114
9.0,14,11,2,115
9.0,14,11,3,115
9.0,14,11,4,116
9.0,14,11,5,116
9.0,14,11,6,117
9.0,14,11,7,117
9.0,14,11,8,118
9.0,14,11,9,119
9.0,14,11,10,119
9.0,14,11,11,120
9.0,14,11,12,120
9.0,14,11,13,121
9.0,14,11,14,121
9.0,14,11,15,122
9.0,14,12,0,114
9.0,14,12,1,115
9.0,14,12,2,115
9.0,14,12,3,116
9.0,14,12,4,116
9.0,14,12,5,117
9.0,14,12,6,118
9.0,14,12,7,118
9.0,14,12,8,119
9.0,14,12,9,119
9.0,14,12,10,120
9.0,14,12,11,120
9.0,14,12,12,121
9.0,14,12,13,121
9.0,14,12,14,122
9.0,14,12,15,122
9.0,14,13,0,115
9.0,14,13,1,115
9.0,14,13,2,116
9.0,14,13,3,117
9.0,14,13,4,117
9.0,14,13,5,118
9.0,14,13,6,118
9.0,14,13,7,119
9.0,14,13,8,119
9.0,14,13,9,120
9.0,14,13,10,120
9.0,14,13,11,121
9.0,14,13,12,121
9.0,14,13,13,122
9.0,14,13,14,122
9.0,14,13,15,123
9.0,14,14,0,115
9.0,14,14,1,116
9.0,14,14,2,117
9.0,14,14,3,117
9.0,14,14,4,118
9.0,14,14,5,118
9.0,14,14,6,119
9.0,14,14,7,119
9.0,14,14,8,120
9.0,14,14,9,120
9.0,14,14,10,121
9.0,14,14,11,122
9.0,14,14,12,122
9.0,14,14,13,123
9.0,14,14,14,123
9.0,14,14,15,124
9.0,14,15,0,116
9.0,14,15,1,117
9.0,14,15,2,117
9.0,14,15,3,118
9.0,14,15,4,118
9.0,14,15,5,119
9.0,14,15,6,119
9.0,14,15,7,120
9.0,14,15,8,121
9.0,14,15,9,121
9.0,14,15,10,122
9.0,14,15,11,122
9.0,14,15,12,123
9.0,14,15,13,123
9.0,14,15,14,124
9.0,14,15,15,124
9.0,15,0,0,108
9.0,15,0,1,109
9.0,15,0,2,109
9.0,15,0,3,110
9.0,15,0,4,110
9.0,15,0,5,111
9.0,15,0,6,111
9.0,15,0,7,112
9.0,15,0,8,112
9.0,15,0,9,113
9.0,15,0,10,113
9.0,15,0,11,114
9.0,15,0,12,114
9.0,15,0,13,115
9.0,15,0,14,115
9.0,15,0,15,116
9.0,15,1,0,109
9.0,15,1,1,109
9.0,15,1,2,110
9.0,15,1,3,110
9.0,15,1,4,111
9.0,15,1,5,112
9.0,15,1,6,112
9.0,15,1,7,113
9.0,15,1,8,113
9.0,15,1,9,114
9.0,15,1,10,114
9.0,15,1,11,115
9.0,15,1,12,115
9.0,15,1,13,116
9.0,15,1,14,116
9.0,15,1,15,117
9.0,15,2,0,110
9.0,15,2,1,110
9.0,15,2,2,111
9.0,15,2,3,111
9.0,15,2,4,112
9.0,15,2,5,112
9.0,15,2,6,113
9.0,15,2,7,113
9.0,15,2,8,114
9.0,15,2,9,114
9.0,15,2,10,115
9.0,15,2,11,115
9.0,15,2,12,116
9.0,15,2,13,116
9.0,15,2,14,117
9.0,15,2,15,117
9.0,15,3,0,110
9.0,15,3,1,111
9.0,15,3,2,111
9.0,15,3,3,112
9.0,15,3,4,112
9.0,15,3,5,113
9.0,15,3,6,113
9.0,15,3,7,114
9.0,15,3,8,114
9.0,15,3,9,115
9.0,15,3,10,115
9.0,15,3,11,116
9.0,15,3,12,116
9.0,15,3,13,117
9.0,15,3,14,118
9.0,15,3,15,118
9.0,15,4,0,111
9.0,15,4,1,111
9.0,15,4,2,112
9.0,15,4,3,112
9.0,15,4,4,113
9.0,15,4,5,113
9.0,15,4,6,114
9.0,15,4,7,115
9.0,15,4,8,115
9.0,15,4,9,116
9.0,15,4,10,116
9.0,15,4,11,117
9.0,15,4,12,117
9.0,15,4,13,118
9.0,15,4,14,118
9.0,15,4,15,119
9.0,15,5,0,111
9.0,15,5,1,112
9.0,15,5,2,113
9.0,15,5,3,113
9.0,15,5,4,114
9.0,15,5,5,114
9.0,15,5,6,115
9.0,15,5,7,115
9.0,15,5,8,116
9.0,15,5,9,116
9.0,15,5,10,117
9.0,15,5,11,117
9.0,15,5,12,118
9.0,15,5,13,118
9.0,15,5,14,119
9.0,15,5,15,119
9.0,15,6,0,112
9.0,15,6,1,113
9.0,15,6,2,113
9.0,15,6,3,114
9.0,15,6,4,114
9.0,15,6,5,115
9.0,15,6,6,115
9.0,15,6,7,116
9.0,15,6,8,116
9.0,15,6,9,117
9.0,15,6,10,117
9.0,15,6,11,118
9.0,15,6,12,119
9.0,15,6,13,119
9.0,15,6,14,120
9.0,15,6,15,120
9.0,15,7,0,113
9.0,15,7,1,113
9.0,15,7,2,114
9.0,15,7,3,114
9.0,15,7,4,115
9.0,15,7,5,115
9.0,15,7,6,116
9.0,15,7,7,117
9.0,15,7,8,117
9.0,15,7,9,118
9.0,15,7,10,118
9.0,15,7,11,119
9.0,15,7,12,119
9.0,15,7,13,120
9.0,15,7,14,120
9.0,15,7,15,121
9.0,15,8,0,113
9.0,15,8,1,114
9.0,15,8,2,114
9.0,15,8,3,115
9.0,15,8,4,116
9.0,15,8,5,116
9.0,15,8,6,117
9.0,15,8,7,117
9.0,15,8,8,118
9.0,15,8,9,118
9.0,15,8,10,119
9.0,15,8,11,119
9.0,15,8,12,120
9.0,15,8,13,120
9.0,15,8,14,121
9.0,15,8,15,121
9.0,15,9,0,114
9.0,15,9,1,115
9.0,15,9,2,115
9.0,15,9,3,116
9.0,15,9,4,116
9.0,15,9,5,117
9.0,15,9,6,117
9.0,15,9,7,118
9.0,15,9,8,118
9.0,15,9,9,119
9.0,15,9,10,119
9.0,15,9,11,120
9.0,15,9,12,120
9.0,15,9,13,121
9.0,15,9,14,122
9.0,15,9,15,122
9.0,15,10,0,115
9.0,15,10,1,115
9.0,15,10,2,116
9.0,15,10,3,116
9.0,15,10,4,117
9.0,15,10,5,117
9.0,15,10,6,118
9.0,15,10,7,118
9.0,15,10,8,119
9.0,15,10,9,120
9.0,15,10,10,120
9.0,15,10,11,121
9.0,15,10,12,121
9.0,15,10,13,122
9.0,15,10,14,122
9.0,15,10,15,123
9.0,15,11,0,115
9.0,15,11,1,116
9.0,15,11,2,116
9.0,15,11,3,117
9.0,15,11,4,117
9.0,15,11,5,118
9.0,15,11,6,119
9.0,15,11,7,119
9.0,15,11,8,120
9.0,15,11,9,120
9.0,15,11,10,121
9.0,15,11,11,121
9.0,15,11,12,122
9.0,15,11,13,122
9.0,15,11,14,123
9.0,15,11,15,123
9.0,15,12,0,116
9.0,15,12,1,116
9.0,15,12,2,117
9.0,15,12,3,117
9.0,15,12,4,118
9.0,15,12,5,119
9.0,15,12,6,119
9.0,15,12,7,120
9.0,15,12,8,120
9.0,15,12,9,121
9.0,15,12,10,121
9.0,15,12,11,122
9.0,15,12,12,122
9.0,15,12,13,123
9.0,15,12,14,124
9.0,15,12,15,124
9.0,15,13,0,116
9.0,15,13,1,117
9.0,15,13,2,118
9.0,15,13,3,118
9.0,15,13,4,119
9.0,15,13,5,119
9.0,15,13,6,120
9.0,15,13,7,120
9.0,15,13,8,121
9.0,15,13,9,121
9.0,15,13,10,122
9.0,15,13,11,123
9.0,15,13,12,123
9.0,15,13,13,124
9.0,15,13,14,124
9.0,15,13,15,125
9.0,15,14,0,117
9.0,15,14,1,118
9.0,15,14,2,118
9.0,15,14,3,119
9.0,15,14,4,119
9.0,15,14,5,120
9.0,15,14,6,120
9.0,15,14,7,121
9.0,15,14,8,122
9.0,15,14,9,122
9.0,15,14,10,123
9.0,15,14,11,123
9.0,15,14,12,124
9.0,15,14,13,124
9.0,15,14,14,125
9.0,15,14,15,125
9.0,15,15,0,118
9.0,15,15,1,118
9.0,15,15,2,119
9.0,15,15,3,119
9.0,15,15,4,120
9.0,15,15,5,120
9.0,15,15,6,121
9.0,15,15,7,122
9.0,15,15,8,122
9.0,15,15,9,123
9.0,15,15,10,123
9.0,15,15,11,124
9.0,15,15,12,124
9.0,15,15,13,125
9.0,15,15,14,125
9.0,15,15,15,126
9.5,0,0,0,91
9.5,0,0,1,92
9.5,0,0,2,92
9.5,0,0,3,93
9.5,0,0,4,93
9.5,0,0,5,94
9.5,0,0,6,94
9.5,0,0,7,94
9.5,0,0,8,95
9.5,0,0,9,95
9.5,0,0,10,96
9.5,0,0,11,96
9.5,0,0,12,97
9.5,0,0,13,97
9.5,0,0,14,97
9.5,0,0,15,98
9.5,0,1,0,92
9.5,0,1,1,92
9.5,0,1,2,93
9.5,0,1,3,93
9.5,0,1,4,94
9.5,0,1,5,94
9.5,0,1,6,95
9.5,0,1,7,95
9.5,0,1,8,95
9.5,0,1,9,96
9.5,0,1,10,96
9.5,0,1,11,97
9.5,0,1,12,97
9.5,0,1,13,98
9.5,0,1,14,98
9.5,0,1,15,98
9.5,0,2,0,92
9.5,0,2,1,93
9.5,0,2,2,93
9.5,0,2,3,94
9.5,0,2,4,94
9.5,0,2,5,95
9.5,0,2,6,95
9.5,0,2,7,96
9.5,0,2,8,96
9.5,0,2,9,96
9.5,0,2,10,97
9.5,0,2,11,97
9.5,0,2,12,98
9.5,0,2,13,98
9.5,0,2,14,99
9.5,0,2,15,99
9.5,0,3,0,93
9.5,0,3,1,93
9.5,0,3,2,94
9.5,0,3,3,94
9.5,0,3,4,95
9.5,0,3,5,95
9.5,0,3,6,96
9.5,0,3,7,96
9.5,0,3,8,97
9.5,0,3,9,97
9.5,0,3,10,97
9.5,0,3,11,98
9.5,0,3,12,98
9.5,0,3,13,99
9.5,0,3,14,99
9.5,0,3,15,100
9.5,0,4,0,93
9.5,0,4,1,94
9.5,0,4,2,94
9.5,0,4,3,95
9.5,0,4,4,95
9.5,0,4,5,96
9.5,0,4,6,96
9.5,0,4,7,97
9.5,0,4,8,97
9.5,0,4,9,98
9.5,0,4,10,98
9.5,0,4,11,98
9.5,0,4,12,99
9.5,0,4,13,99
9.5,0,4,14,100
9.5,0,4,15,100
9.5,0,5,0,94
9.5,0,5,1,94
9.5,0,5,2,95
9.5,0,5,3,95
9.5,0,5,4,96
9.5,0,5,5,96
9.5,0,5,6,97
9.5,0,5,7,97
9.5,0,5,8,98
9.5,0,5,9,98
9.5,0,5,10,99
9.5,0,5,11,99
9.5,0,5,12,99
9.5,0,5,13,100
9.5,0,5,14,100
9.5,0,5,15,101
9.5,0,6,0,95
9.5,0,6,1,95
9.5,0,6,2,95
9.5,0,6,3,96
9.5,0,6,4,96
9.5,0,6,5,97
9.5,0,6,6,97
9.5,0,6,7,98
9.5,0,6,8,98
9.5,0,6,9,99
9.5,0,6,10,99
9.5,0,6,11,100
9.5,0,6,12,100
9.5,0,6,13,100
9.5,0,6,14,101
9.5,0,6,15,101
9.5,0,7,0,95
9.5,0,7,1,96
9.5,0,7,2,96
9.5,0,7,3,96
9.5,0,7,4,97
9.5,0,7,5,97
9.5,0,7,6,98
9.5,0,7,7,98
9.5,0,7,8,99
9.5,0,7,9,99
9.5,0,7,10,100
9.5,0,7,11,100
9.5,0,7,12,101
9.5,0,7,13,101
9.5,0,7,14,101
9.5,0,7,15,102
9.5,0,8,0,96
9.5,0,8,1,96
9.5,0,8,2,97
9.5,0,8,3,97
9.5,0,8,4,97
9.5,0,8,5,98
9.5,0,8,6,98
9.5,0,8,7,99
9.5,0,8,8,99
9.5,0,8,9,100
9.5,0,8,10,100
9.5,0,8,11,101
9.5,0,8,12,101
9.5,0,8,13,102
9.5,0,8,14,102
9.5,0,8,15,102
9.5,0,9,0,96
9.5,0,9,1,97
9.5,0,9,2,97
9.5,0,9,3,98
9.5,0,9,4,98
9.5,0,9,5,98
9.5,0,9,6,99
9.5,0,9,7,99
9.5,0,9,8,100
9.5,0,9,9,100
9.5,0,9,10,101
9.5,0,9,11,101
9.5,0,9,12,102
9.5,0,9,13,102
9.5,0,9,14,103
9.5,0,9,15,103
9.5,0,10,0,97
9.5,0,10,1,97
9.5,0,10,2,98
9.5,0,10,3,98
9.5,0,10,4,99
9.5,0,10,5,99
9.5,0,10,6,99
9.5,0,10,7,100
9.5,0,10,8,100
9.5,0,10,9,101
9.5,0,10,10,101
9.5,0,10,11,102
9.5,0,10,12,102
9.5,0,10,13,103
9.5,0,10,14,103
9.5,0,10,15,104
9.5,0,11,0,97
9.5,0,11,1,98
9.5,0,11,2,98
9.5,0,11,3,99
9.5,0,11,4,99
9.5,0,11,5,100
9.5,0,11,6,100
9.5,0,11,7,100
9.5,0,11,8,101
9.5,0,11,9,101
9.5,0,11,10,102
9.5,0,11,11,102
9.5,0,11,12,103
9.5,0,11,13,103
9.5,0,11,14,104
9.5,0,11,15,104
9.5,0,12,0,98
9.5,0,12,1,98
9.5,0,12,2,99
9.5,0,12,3,99
9.5,0,12,4,100
9.5,0,12,5,100
9.5,0,12,6,101
9.5,0,12,7,101
9.5,0,12,8,101
9.5,0,12,9,102
9.5,0,12,10,102
9.5,0,12,11,103
9.5,0,12,12,103
9.5,0,12,13,104
9.5,0,12,14,104
9.5,0,12,15,105
9.5,0,13,0,98
9.5,0,13,1,99
9.5,0,13,2,99
9.5,0,13,3,100
9.5,0,13,4,100
9.5,0,13,5,101
9.5,0,13,6,101
9.5,0,13,7,102
9.5,0,13,8,102
9.5,0,13,9,102
9.5,0,13,10,103
9.5,0,13,11,103
9.5,0,13,12,104
9.5,0,13,13,104
9.5,0,13,14,105
9.5,0,13,15,105
9.5,0,14,0,99
9.5,0,14,1,99
9.5,0,14,2,100
9.5,0,14,3,100
9.5,0,14,4,101
9.5,0,14,5,101
9.5,0,14,6,102
9.5,0,14,7,102
9.5,0,14,8,103
9.5,0,14,9,103
9.5,0,14,10,103
9.5,0,14,11,104
9.5,0,14,12,104
9.5,0,14,13,105
9.5,0,14,14,105
9.5,0,14,15,106
9.5,0,15,0,99
9.5,0,15,1,100
9.5,0,15,2,100
9.5,0,15,3,101
9.5,0,15,4,101
9.5,0,15,5,102
9.5,0,15,6,102
9.5,0,15,7,103
9.5,0,15,8,103
9.5,0,15,9,104
9.5,0,15,10,104
9.5,0,15,11,104
9.5,0,15,12,105
9.5,0,15,13,105
9.5,0,15,14,106
9.5,0,15,15,106
9.5,1,0,0,93
9.5,1,0,1,93
9.5,1,0,2,94
9.5,1,0,3,94
9.5,1,0,4,95
9.5,1,0,5,95
9.5,1,0,6,96
9.5,1,0,7,96
9.5,1,0,8,96
9.5,1,0,9,97
9.5,1,0,10,97
9.5,1,0,11,98
9.5,1,0,12,98
9.5,1,0,13,99
9.5,1,0,14,99
9.5,1,0,15,99
9.5,1,1,0,93
9.5,1,1,1,94
9.5,1,1,2,94
9.5,1,1,3,95
9.5,1,1,4,95
9.5,1,1,5,96
9.5,1,1,6,96
9.5,1,1,7,97
9.5,1,1,8,97
9.5,1,1,9,97
9.5,1,1,10,98
9.5,1,1,11,98
9.5,1,1,12,99
9.5,1,1,13,99
9.5,1,1,14,100
9.5,1,1,15,100
9.5,1,2,0,94
9.5,1,2,1,94
9.5,1,2,2,95
9.5,1,2,3,95
9.5,1,2,4,96
9.5,1,2,5,96
9.5,1,2,6,97
9.5,1,2,7,97
9.5,1,2,8,98
9.5,1,2,9,98
9.5,1,2,10,98
9.5,1,2,11,99
9.5,1,2,12,99
9.5,1,2,13,100
9.5,1,2,14,100
9.5,1,2,15,101
9.5,1,3,0,95
9.5,1,3,1,95
9.5,1,3,2,95
9.5,1,3,3,96
9.5,1,3,4,96
9.5,1,3,5,97
9.5,1,3,6,97
9.5,1,3,7,98
9.5,1,3,8,98
9.5,1,3,9,99
9.5,1,3,10,99
9.5,1,3,11,100
9.5,1,3,12,100
9.5,1,3,13,100
9.5,1,3,14,101
9.5,1,3,15,101
9.5,1,4,0,95
9.5,1,4,1,96
9.5,1,4,2,96
9.5,1,4,3,96
9.5,1,4,4,97
9.5,1,4,5,97
9.5,1,4,6,98
9.5,1,4,7,98
9.5,1,4,8,99
9.5,1,4,9,99
9.5,1,4,10,100
9.5,1,4,11,100
9.5,1,4,12,101
9.5,1,4,13,101
9.5,1,4,14,101
9.5,1,4,15,102
9.5,1,5,0,96
9.5,1,5,1,96
9.5,1,5,2,97
9.5,1,5,3,97
9.5,1,5,4,97
9.5,1,5,5,98
9.5,1,5,6,98
9.5,1,5,7,99
9.5,1,5,8,99
9.5,1,5,9,100
9.5,1,5,10,100
9.5,1,5,11,101
9.5,1,5,12,101
9.5,1,5,13,102
9.5,1,5,14,102
9.5,1,5,15,102
9.5,1,6,0,96
9.5,1,6,1,97
9.5,1,6,2,97
9.5,1,6,3,98
9.5,1,6,4,98
9.5,1,6,5,98
9.5,1,6,6,99
9.5,1,6,7,99
9.5,1,6,8,100
9.5,1,6,9,100
9.5,1,6,10,101
9.5,1,6,11,101
9.5,1,6,12,102
9.5,1,6,13,102
9.5,1,6,14,103
9.5,1,6,15,103
9.5,1,7,0,97
9.5,1,7,1,97
9.5,1,7,2,98
9.5,1,7,3,98
9.5,1,7,4,99
9.5,1,7,5,99
9.5,1,7,6,100
9.5,1,7,7,100
9.5,1,7,8,100
9.5,1,7,9,101
9.5,1,7,10,101
9.5,1,7,11,102
9.5,1,7,12,102
9.5,1,7,13,103
9.5,1,7,14,103
9.5,1,7,15,104
9.5,1,8,0,97
9.5,1,8,1,98
9.5,1,8,2,98
9.5,1,8,3,99
9.5,1,8,4,99
9.5,1,8,5,100
9.5,1,8,6,100
9.5,1,8,7,101
9.5,1,8,8,101
9.5,1,8,9,101
9.5,1,8,10,102
9.5,1,8,11,102
9.5,1,8,12,103
9.5,1,8,13,103
9.5,1,8,14,104
9.5,1,8,15,104
9.5,1,9,0,98
9.5,1,9,1,98
9.5,1,9,2,99
9.5,1,9,3,99
9.5,1,9,4,100
9.5,1,9,5,100
9.5,1,9,6,101
9.5,1,9,7,101
9.5,1,9,8,102
9.5,1,9,9,102
9.5,1,9,10,102
9.5,1,9,11,103
9.5,1,9,12,103
9.5,1,9,13,104
9.5,1,9,14,104
9.5,1,9,15,105
9.5,1,10,0,98
9.5,1,10,1,99
9.5,1,10,2,99
9.5,1,10,3,100
9.5,1,10,4,100
9.5,1,10,5,101
9.5,1,10,6,101
9.5,1,10,7,102
9.5,1,10,8,102
9.5,1,10,9,103
9.5,1,10,10,103
9.5,1,10,11,103
9.5,1,10,12,104
9.5,1,10,13,104
9.5,1,10,14,105
9.5,1,10,15,105
9.5,1,11,0,99
9.5,1,11,1,99
9.5,1,11,2,100
9.5,1,11,3,100
9.5,1,11,4,101
9.5,1,11,5,101
9.5,1,11,6,102
9.5,1,11,7,102
9.5,1,11,8,103
9.5,1,11,9,103
9.5,1,11,10,104
9.5,1,11,11,104
9.5,1,11,12,105
9.5,1,11,13,105
9.5,1,11,14,105
9.5,1,11,15,106
9.5,1,12,0,99
9.5,1,12,1,100
9.5,1,12,2,100
9.5,1,12,3,101
9.5,1,12,4,101
9.5,1,12,5,102
9.5,1,12,6,102
9.5,1,12,7,103
9.5,1,12,8,103
9.5,1,12,9,104
9.5,1,12,10,104
9.5,1,12,11,105
9.5,1,12,12,105
9.5,1,12,13,106
9.5,1,12,14,106
9.5,1,12,15,106
9.5,1,13,0,100
9.5,1,13,1,100
9.5,1,13,2,101
9.5,1,13,3,101
9.5,1,13,4,102
9.5,1,13,5,102
9.5,1,13,6,103
9.5,1,13,7,103
9.5,1,13,8,104
9.5,1,13,9,104
9.5,1,13,10,105
9.5,1,13,11,105
9.5,1,13,12,106
9.5,1,13,13,106
9.5,1,13,14,107
9.5,1,13,15,107
9.5,1,14,0,100
9.5,1,14,1,101
9.5,1,14,2,101
9.5,1,14,3,102
9.5,1,14,4,102
9.5,1,14,5,103
9.5,1,14,6,103
9.5,1,14,7,104
9.5,1,14,8,104
9.5,1,14,9,105
9.5,1,14,10,105
9.5,1,14,11,106
9.5,1,14,12,106
9.5,1,14,13,107
9.5,1,14,14,107
9.5,1,14,15,108
9.5,1,15,0,101
9.5,1,15,1,101
9.5,1,15,2,102
9.5,1,15,3,102
9.5,1,15,4,103
9.5,1,15,5,103
9.5,1,15,6,104
9.5,1,15,7,104
9.5,1,15,8,105
9.5,1,15,9,105
9.5,1,15,10,106
9.5,1,15,11,106
9.5,1,15,12,107
9.5,1,15,13,107
9.5,1,15,14,108
9.5,1,15,15,108
9.5,2,0,0,94
9.5,2,0,1,95
9.5,2,0,2,95
9.5,2,0,3,96
9.5,2,0,4,96
9.5,2,0,5,97
9.5,2,0,6,97
9.5,2,0,7,98
9.5,2,0,8,98
9.5,2,0,9,98
9.5,2,0,10,99
9.5,2,0,11,99
9.5,2,0,12,100
9.5,2,0,13,100
9.5,2,0,14,101
9.5,2,0,15,101
9.5,2,1,0,95
9.5,2,1,1,95
9.5,2,1,2,96
9.5,2,1,3,96
9.5,2,1,4,97
9.5,2,1,5,97
9.5,2,1,6,98
9.5,2,1,7,98
9.5,2,1,8,99
9.5,2,1,9,99
9.5,2,1,10,100
9.5,2,1,11,100
9.5,2,1,12,100
9.5,2,1,13,101
9.5,2,1,14,101
9.5,2,1,15,102
9.5,2,2,0,96
9.5,2,2,1,96
9.5,2,2,2,96
9.5,2,2,3,97
9.5,2,2,4,97
9.5,2,2,5,98
9.5,2,2,6,98
9.5,2,2,7,99
9.5,2,2,8,99
9.5,2,2,9,100
9.5,2,2,10,100
9.5,2,2,11,101
9.5,2,2,12,101
9.5,2,2,13,101
9.5,2,2,14,102
9.5,2,2,15,102
9.5,2,3,0,96
9.5,2,3,1,97
9.5,2,3,2,97
9.5,2,3,3,98
9.5,2,3,4,98
9.5,2,3,5,98
9.5,2,3,6,99
9.5,2,3,7,99
9.5,2,3,8,100
9.5,2,3,9,100
9.5,2,3,10,101
9.5,2,3,11,101
9.5,2,3,12,102
9.5,2,3,13,102
9.5,2,3,14,103
9.5,2,3,15,103
9.5,2,4,0,97
9.5,2,4,1,97
9.5,2,4,2,98
9.5,2,4,3,98
9.5,2,4,4,99
9.5,2,4,5,99
9.5,2,4,6,99
9.5,2,4,7,100
9.5,2,4,8,100
9.5,2,4,9,101
9.5,2,4,10,101
9.5,2,4,11,102
9.5,2,4,12,102
9.5,2,4,13,103
9.5,2,4,14,103
9.5,2,4,15,104
9.5,2,5,0,97
9.5,2,5,1,98
9.5,2,5,2,98
9.5,2,5,3,99
9.5,2,5,4,99
9.5,2,5,5,100
9.5,2,5,6,100
9.5,2,5,7,101
9.5,2,5,8,101
9.5,2,5,9,101
9.5,2,5,10,102
9.5,2,5,11,102
9.5,2,5,12,103
9.5,2,5,13,103
9.5,2,5,14,104
9.5,2,5,15,104
9.5,2,6,0,98
9.5,2,6,1,98
9.5,2,6,2,99
9.5,2,6,3,99
9.5,2,6,4,100
9.5,2,6,5,100
9.5,2,6,6,101
9.5,2,6,7,101
9.5,2,6,8,102
9.5,2,6,9,102
9.5,2,6,10,102
9.5,2,6,11,103
9.5,2,6,12,103
9.5,2,6,13,104
9.5,2,6,14,104
9.5,2,6,15,105
9.5,2,7,0,98
9.5,2,7,1,99
9.5,2,7,2,99
9.5,2,7,3,100
9.5,2,7,4,100
9.5,2,7,5,101
9.5,2,7,6,101
9.5,2,7,7,102
9.5,2,7,8,102
9.5,2,7,9,103
9.5,2,7,10,103
9.5,2,7,11,104
9.5,2,7,12,104
9.5,2,7,13,104
9.5,2,7,14,105
9.5,2,7,15,105
9.5,2,8,0,99
9.5,2,8,1,99
9.5,2,8,2,100
9.5,2,8,3,100
9.5,2,8,4,101
9.5,2,8,5,101
9.5,2,8,6,102
9.5,2,8,7,102
9.5,2,8,8,103
9.5,2,8,9,103
9.5,2,8,10,104
9.5,2,8,11,104
9.5,2,8,12,105
9.5,2,8,13,105
9.5,2,8,14,105
9.5,2,8,15,106
9.5,2,9,0,99
9.5,2,9,1,100
9.5,2,9,2,100
9.5,2,9,3,101
9.5,2,9,4,101
9.5,2,9,5,102
9.5,2,9,6,102
9.5,2,9,7,103
9.5,2,9,8,103
9.5,2,9,9,104
9.5,2,9,10,104
9.5,2,9,11,105
9.5,2,9,12,105
9.5,2,9,13,106
9.5,2,9,14,106
9.5,2,9,15,107
9.5,2,10,0,100
9.5,2,10,1,100
9.5,2,10,2,101
9.5,2,10,3,101
9.5,2,10,4,102
9.5,2,10,5,102
9.5,2,10,6,103
9.5,2,10,7,103
9.5,2,10,8,104
9.5,2,10,9,104
9.5,2,10,10,105
9.5,2,10,11,105
9.5,2,10,12,106
9.5,2,10,13,106
9.5,2,10,14,107
9.5,2,10,15,107
9.5,2,11,0,100
9.5,2,11,1,101
9.5,2,11,2,101
9.5,2,11,3,102
9.5,2,11,4,102
9.5,2,11,5,103
9.5,2,11,6,103
9.5,2,11,7,104
9.5,2,11,8,104
9.5,2,11,9,105
9.5,2,11,10,105
9.5,2,11,11,106
9.5,2,11,12,106
9.5,2,11,13,107
9.5,2,11,14,107
9.5,2,11,15,108
9.5,2,12,0,101
9.5,2,12,1,102
9.5,2,12,2,102
9.5,2,12,3,103
9.5,2,12,4,103
9.5,2,12,5,103
9.5,2,12,6,104
9.5,2,12,7,104
9.5,2,12,8,105
9.5,2,12,9,105
9.5,2,12,10,106
9.5,2,12,11,106
9.5,2,12,12,107
9.5,2,12,13,107
9.5,2,12,14,108
9.5,2,12,15,108
9.5,2,13,0,102
9.5,2,13,1,102
9.5,2,13,2,103
9.5,2,13,3,103
9.5,2,13,4,104
9.5,2,13,5,104
9.5,2,13,6,105
9.5,2,13,7,105
9.5,2,13,8,105
9.5,2,13,9,106
9.5,2,13,10,106
9.5,2,13,11,107
9.5,2,13,12,107
9.5,2,13,13,108
9.5,2,13,14,108
9.5,2,13,15,109
9.5,2,14,0,102
9.5,2,14,1,103
9.5,2,14,2,103
9.5,2,14,3,104
9.5,2,14,4,104
9.5,2,14,5,105
9.5,2,14,6,105
9.5,2,14,7,106
9.5,2,14,8,106
9.5,2,14,9,107
9.5,2,14,10,107
9.5,2,14,11,107
9.5,2,14,12,108
9.5,2,14,13,108
9.5,2,14,14,109
9.5,2,14,15,109
9.5,2,15,0,103
9.5,2,15,1,103
9.5,2,15,2,104
9.5,2,15,3,104
9.5,2,15,4,105
9.5,2,15,5,105
9.5,2,15,6,106
9.5,2,15,7,106
9.5,2,15,8,107
9.5,2,15,9,107
9.5,2,15,10,108
9.5,2,15,11,108
9.5,2,15,12,109
9.5,2,15,13,109
9.5,2,15,14,109
9.5,2,15,15,110
9.5,3,0,0,96
9.5,3,0,1,96
9.5,3,0,2,97
9.5,3,0,3,97
9.5,3,0,4,98
9.5,3,0,5,98
9.5,3,0,6,99
9.5,3,0,7,99
9.5,3,0,8,100
9.5,3,0,9,100
9.5,3,0,10,101
9.5,3,0,11,101
9.5,3,0,12,101
9.5,3,0,13,102
9.5,3,0,14,102
9.5,3,0,15,103
9.5,3,1,0,97
9.5,3,1,1,97
9.5,3,1,2,97
9.5,3,1,3,98
9.5,3,1,4,98
9.5,3,1,5,99
9.5,3,1,6,99
9.5,3,1,7,100
9.5,3,1,8,100
9.5,3,1,9,101
9.5,3,1,10,101
9.5,3,1,11,102
9.5,3,1,12,102
9.5,3,1,13,103
9.5,3,1,14,103
9.5,3,1,15,103
9.5,3,2,0,97
9.5,3,2,1,98
9.5,3,2,2,98
9.5,3,2,3,99
9.5,3,2,4,99
9.5,3,2,5,99
9.5,3,2,6,100
9.5,3,2,7,100
9.5,3,2,8,101
9.5,3,2,9,101
9.5,3,2,10,102
9.5,3,2,11,102
9.5,3,2,12,103
9.5,3,2,13,103
9.5,3,2,14,104
9.5,3,2,15,104
9.5,3,3,0,98
9.5,3,3,1,98
9.5,3,3,2,99
9.5,3,3,3,99
9.5,3,3,4,100
9.5,3,3,5,100
9.5,3,3,6,101
9.5,3,3,7,101
9.5,3,3,8,101
9.5,3,3,9,102
9.5,3,3,10,102
9.5,3,3,11,103
9.5,3,3,12,103
9.5,3,3,13,104
9.5,3,3,14,104
9.5,3,3,15,105
9.5,3,4,0,98
9.5,3,4,1,99
9.5,3,4,2,99
9.5,3,4,3,100
9.5,3,4,4,100
9.5,3,4,5,101
9.5,3,4,6,101
9.5,3,4,7,102
9.5,3,4,8,102
9.5,3,4,9,103
9.5,3,4,10,103
9.5,3,4,11,103
9.5,3,4,12,104
9.5,3,4,13,104
9.5,3,4,14,105
9.5,3,4,15,105
9.5,3,5,0,99
9.5,3,5,1,99
9.5,3,5,2,100
9.5,3,5,3,100
9.5,3,5,4,101
9.5,3,5,5,101
9.5,3,5,6,102
9.5,3,5,7,102
9.5,3,5,8,103
9.5,3,5,9,103
9.5,3,5,10,104
9.5,3,5,11,104
9.5,3,5,12,104
9.5,3,5,13,105
9.5,3,5,14,105
9.5,3,5,15,106
9.5,3,6,0,99
9.5,3,6,1,100
9.5,3,6,2,100
9.5,3,6,3,101
9.5,3,6,4,101
9.5,3,6,5,102
9.5,3,6,6,102
9.5,3,6,7,103
9.5,3,6,8,103
9.5,3,6,9,104
9.5,3,6,10,104
9.5,3,6,11,105
9.5,3,6,12,105
9.5,3,6,13,106
9.5,3,6,14,106
9.5,3,6,15,106
9.5,3,7,0,100
9.5,3,7,1,100
9.5,3,7,2,101
9.5,3,7,3,101
9.5,3,7,4,102
9.5,3,7,5,102
9.5,3,7,6,103
9.5,3,7,7,103
9.5,3,7,8,104
9.5,3,7,9,104
9.5,3,7,10,105
9.5,3,7,11,105
9.5,3,7,12,106
9.5,3,7,13,106
9.5,3,7,14,107
9.5,3,7,15,107
9.5,3,8,0,100
9.5,3,8,1,101
9.5,3,8,2,101
9.5,3,8,3,102
9.5,3,8,4,102
9.5,3,8,5,103
9.5,3,8,6,103
9.5,3,8,7,104
9.5,3,8,8,104
9.5,3,8,9,105
9.5,3,8,10,105
9.5,3,8,11,106
9.5,3,8,12,106
9.5,3,8,13,107
9.5,3,8,14,107
9.5,3,8,15,108
9.5,3,9,0,101
9.5,3,9,1,102
9.5,3,9,2,102
9.5,3,9,3,103
9.5,3,9,4,103
9.5,3,9,5,104
9.5,3,9,6,104
9.5,3,9,7,104
9.5,3,9,8,105
9.5,3,9,9,105
9.5,3,9,10,106
9.5,3,9,11,106
9.5,3,9,12,107
9.5,3,9,13,107
9.5,3,9,14,108
9.5,3,9,15,108
9.5,3,10,0,102
9.5,3,10,1,102
9.5,3,10,2,103
9.5,3,10,3,103
9.5,3,10,4,104
9.5,3,10,5,104
9.5,3,10,6,105
9.5,3,10,7,105
9.5,3,10,8,106
9.5,3,10,9,106
9.5,3,10,10,106
9.5,3,10,11,107
9.5,3,10,12,107
9.5,3,10,13,108
9.5,3,10,14,108
9.5,3,10,15,109
9.5,3,11,0,102
9.5,3,11,1,103
9.5,3,11,2,103
9.5,3,11,3,104
9.5,3,11,4,104
9.5,3,11,5,105
9.5,3,11,6,105
9.5,3,11,7,106
9.5,3,11,8,106
9.5,3,11,9,107
9.5,3,11,10,107
9.5,3,11,11,108
9.5,3,11,12,108
9.5,3,11,13,108
9.5,3,11,14,109
9.5,3,11,15,109
9.5,3,12,0,103
9.5,3,12,1,103
9.5,3,12,2,104
9.5,3,12,3,104
9.5,3,12,4,105
9.5,3,12,5,105
9.5,3,12,6,106
9.5,3,12,7,106
9.5,3,12,8,107
9.5,3,12,9,107
9.5,3,12,10,108
9.5,3,12,11,108
9.5,3,12,12,109
9.5,3,12,13,109
9.5,3,12,14,110
9.5,3,12,15,110
9.5,3,13,0,103
9.5,3,13,1,104
9.5,3,13,2,104
9.5,3,13,3,105
9.5,3,13,4,105
9.5,3,13,5,106
9.5,3,13,6,106
9.5,3,13,7,107
9.5,3,13,8,107
9.5,3,13,9,108
9.5,3,13,10,108
9.5,3,13,11,109
9.5,3,13,12,109
9.5,3,13,13,110
9.5,3,13,14,110
9.5,3,13,15,111
9.5,3,14,0,104
9.5,3,14,1,104
9.5,3,14,2,105
9.5,3,14,3,105
9.5,3,14,4,106
9.5,3,14,5,106
9.5,3,14,6,107
9.5,3,14,7,107
9.5,3,14,8,108
9.5,3,14,9,108
9.5,3,14,10,109
9.5,3,14,11,109
9.5,3,14,12,110
9.5,3,14,13,110
9.5,3,14,14,111
9.5,3,14,15,111
9.5,3,15,0,104
9.5,3,15,1,105
9.5,3,15,2,105
9.5,3,15,3,106
9.5,3,15,4,106
9.5,3,15,5,107
9.5,3,15,6,107
9.5,3,15,7,108
9.5,3,15,8,108
9.5,3,15,9,109
9.5,3,15,10,109
9.5,3,15,11,110
9.5,3,15,12,110
9.5,3,15,13,111
9.5,3,15,14,111
9.5,3,15,15,112
9.5,4,0,0,98
9.5,4,0,1,98
9.5,4,0,2,98
9.5,4,0,3,99
9.5,4,0,4,99
9.5,4,0,5,100
9.5,4,0,6,100
9.5,4,0,7,101
9.5,4,0,8,101
9.5,4,0,9,102
9.5,4,0,10,102
9.5,4,0,11,103
9.5,4,0,12,103
9.5,4,0,13,104
9.5,4,0,14,104
9.5,4,0,15,104
9.5,4,1,0,98
9.5,4,1,1,99
9.5,4,1,2,99
9.5,4,1,3,100
9.5,4,1,4,100
9.5,4,1,5,100
9.5,4,1,6,101
9.5,4,1,7,101
9.5,4,1,8,102
9.5,4,1,9,102
9.5,4,1,10,103
9.5,4,1,11,103
9.5,4,1,12,104
9.5,4,1,13,104
9.5,4,1,14,105
9.5,4,1,15,105
9.5,4,2,0,99
9.5,4,2,1,99
9.5,4,2,2,100
9.5,4,2,3,100
9.5,4,2,4,101
9.5,4,2,5,101
9.5,4,2,6,102
9.5,4,2,7,102
9.5,4,2,8,103
9.5,4,2,9,103
9.5,4,2,10,103
9.5,4,2,11,104
9.5,4,2,12,104
9.5,4,2,13,105
9.5,4,2,14,105
9.5,4,2,15,106
9.5,4,3,0,99
9.5,4,3,1,100
9.5,4,3,2,100
9.5,4,3,3,101
9.5,4,3,4,101
9.5,4,3,5,102
9.5,4,3,6,102
9.5,4,3,7,103
9.5,4,3,8,103
9.5,4,3,9,104
9.5,4,3,10,104
9.5,4,3,11,105
9.5,4,3,12,105
9.5,4,3,13,105
9.5,4,3,14,106
9.5,4,3,15,106
9.5,4,4,0,100
9.5,4,4,1,100
9.5,4,4,2,101
9.5,4,4,3,101
9.5,4,4,4,102
9.5,4,4,5,102
9.5,4,4,6,103
9.5,4,4,7,103
9.5,4,4,8,104
9.5,4,4,9,104
9.5,4,4,10,105
9.5,4,4,11,105
9.5,4,4,12,106
9.5,4,4,13,106
9.5,4,4,14,107
9.5,4,4,15,107
9.5,4,5,0,100
9.5,4,5,1,101
9.5,4,5,2,101
9.5,4,5,3,102
9.5,4,5,4,102
9.5,4,5,5,103
9.5,4,5,6,103
9.5,4,5,7,104
9.5,4,5,8,104
9.5,4,5,9,105
9.5,4,5,10,105
9.5,4,5,11,106
9.5,4,5,12,106
9.5,4,5,13,107
9.5,4,5,14,107
9.5,4,5,15,108
9.5,4,6,0,101
9.5,4,6,1,101
9.5,4,6,2,102
9.5,4,6,3,102
9.5,4,6,4,103
9.5,4,6,5,103
9.5,4,6,6,104
9.5,4,6,7,104
9.5,4,6,8,105
9.5,4,6,9,105
9.5,4,6,10,106
9.5,4,6,11,106
9.5,4,6,12,107
9.5,4,6,13,107
9.5,4,6,14,108
9.5,4,6,15,108
9.5,4,7,0,102
9.5,4,7,1,102
9.5,4,7,2,103
9.5,4,7,3,103
9.5,4,7,4,104
9.5,4,7,5,104
9.5,4,7,6,105
9.5,4,7,7,105
9.5,4,7,8,105
9.5,4,7,9,106
9.5,4,7,10,106
9.5,4,7,11,107
9.5,4,7,12,107
9.5,4,7,13,108
9.5,4,7,14,108
9.5,4,7,15,109
9.5,4,8,0,102
9.5,4,8,1,103
9.5,4,8,2,103
9.5,4,8,3,104
9.5,4,8,4,104
9.5,4,8,5,105
9.5,4,8,6,105
9.5,4,8,7,106
9.5,4,8,8,106
9.5,4,8,9,107
9.5,4,8,10,107
9.5,4,8,11,108
9.5,4,8,12,108
9.5,4,8,13,108
9.5,4,8,14,109
9.5,4,8,15,109
9.5,4,9,0,103
9.5,4,9,1,103
9.5,4,9,2,104
9.5,4,9,3,104
9.5,4,9,4,105
9.5,4,9,5,105
9.5,4,9,6,106
9.5,4,9,7,106
9.5,4,9,8,107
9.5,4,9,9,107
9.5,4,9,10,108
9.5,4,9,11,108
9.5,4,9,12,109
9.5,4,9,13,109
9.5,4,9,14,110
9.5,4,9,15,110
9.5,4,10,0,103
9.5,4,10,1,104
9.5,4,10,2,104
9.5,4,10,3,105
9.5,4,10,4,105
9.5,4,10,5,106
9.5,4,10,6,106
9.5,4,10,7,107
9.5,4,10,8,107
9.5,4,10,9,108
9.5,4,10,10,108
9.5,4,10,11,109
9.5,4,10,12,109
9.5,4,10,13,110
9.5,4,10,14,110
9.5,4,10,15,111
9.5,4,11,0,104
9.5,4,11,1,104
9.5,4,11,2,105
9.5,4,11,3,105
9.5,4,11,4,106
9.5,4,11,5,106
9.5,4,11,6,107
9.5,4,11,7,107
9.5,4,11,8,108
9.5,4,11,9,108
9.5,4,11,10,109
9.5,4,11,11,109
9.5,4,11,12,110
9.5,4,11,13,110
9.5,4,11,14,111
9.5,4,11,15,111
9.5,4,12,0,104
9.5,4,12,1,105
9.5,4,12,2,105
9.5,4,12,3,106
9.5,4,12,4,106
9.5,4,12,5,107
9.5,4,12,6,107
9.5,4,12,7,108
9.5,4,12,8,108
9.5,4,12,9,109
9.5,4,12,10,109
9.5,4,12,11,110
9.5,4,12,12,110
9.5,4,12,13,111
9.5,4,12,14,111
9.5,4,12,15,112
9.5,4,13,0,105
9.5,4,13,1,105
9.5,4,13,2,106
9.5,4,13,3,106
9.5,4,13,4,107
9.5,4,13,5,107
9.5,4,13,6,108
9.5,4,13,7,108
9.5,4,13,8,109
9.5,4,13,9,109
9.5,4,13,10,110
9.5,4,13,11,110
9.5,4,13,12,111
9.5,4,13,13,111
9.5,4,13,14,112
9.5,4,13,15,112
9.5,4,14,0,105
9.5,4,14,1,106
9.5,4,14,2,106
9.5,4,14,3,107
9.5,4,14,4,108
9.5,4,14,5,108
9.5,4,14,6,109
9.5,4,14,7,109
9.5,4,14,8,110
9.5,4,14,9,110
9.5,4,14,10,111
9.5,4,14,11,111
9.5,4,14,12,112
9.5,4,14,13,112
9.5,4,14,14,112
9.5,4,14,15,113
9.5,4,15,0,106
9.5,4,15,1,107
9.5,4,15,2,107
9.5,4,15,3,108
9.5,4,15,4,108
9.5,4,15,5,109
9.5,4,15,6,109
9.5,4,15,7,110
9.5,4,15,8,110
9.5,4,15,9,111
9.5,4,15,10,111
9.5,4,15,11,112
9.5,4,15,12,112
9.5,4,15,13,113
9.5,4,15,14,113
9.5,4,15,15,114
9.5,5,0,0,99
9.5,5,0,1,100
9.5,5,0,2,100
9.5,5,0,3,101
9.5,5,0,4,101
9.5,5,0,5,101
9.5,5,0,6,102
9.5,5,0,7,102
9.5,5,0,8,103
9.5,5,0,9,103
9.5,5,0,10,104
9.5,5,0,11,104
9.5,5,0,12,105
9.5,5,0,13,105
9.5,5,0,14,106
9.5,5,0,15,106
9.5,5,1,0,100
9.5,5,1,1,100
9.5,5,1,2,101
9.5,5,1,3,101
9.5,5,1,4,102
9.5,5,1,5,102
9.5,5,1,6,103
9.5,5,1,7,103
9.5,5,1,8,104
9.5,5,1,9,104
9.5,5,1,10,104
9.5,5,1,11,105
9.5,5,1,12,105
9.5,5,1,13,106
9.5,5,1,14,106
9.5,5,1,15,107
9.5,5,2,0,100
9.5,5,2,1,101
9.5,5,2,2,101
9.5,5,2,3,102
9.5,5,2,4,102
9.5,5,2,5,103
9.5,5,2,6,103
9.5,5,2,7,104
9.5,5,2,8,104
9.5,5,2,9,105
9.5,5,2,10,105
9.5,5,2,11,106
9.5,5,2,12,106
9.5,5,2,13,106
9.5,5,2,14,107
9.5,5,2,15,107
9.5,5,3,0,101
9.5,5,3,1,101
9.5,5,3,2,102
9.5,5,3,3,102
9.5,5,3,4,103
9.5,5,3,5,103
9.5,5,3,6,104
9.5,5,3,7,104
9.5,5,3,8,105
9.5,5,3,9,105
9.5,5,3,10,106
9.5,5,3,11,106
9.5,5,3,12,107
9.5,5,3,13,107
9.5,5,3,14,108
9.5,5,3,15,108
9.5,5,4,0,101
9.5,5,4,1,102
9.5,5,4,2,102
9.5,5,4,3,103
9.5,5,4,4,103
9.5,5,4,5,104
9.5,5,4,6,104
9.5,5,4,7,105
9.5,5,4,8,105
9.5,5,4,9,106
9.5,5,4,10,106
9.5,5,4,11,107
9.5,5,4,12,107
9.5,5,4,13,108
9.5,5,4,14,108
9.5,5,4,15,109
9.5,5,5,0,102
9.5,5,5,1,103
9.5,5,5,2,103
9.5,5,5,3,104
9.5,5,5,4,104
9.5,5,5,5,105
9.5,5,5,6,105
9.5,5,5,7,105
9.5,5,5,8,106
9.5,5,5,9,106
9.5,5,5,10,107
9.5,5,5,11,107
9.5,5,5,12,108
9.5,5,5,13,108
9.5,5,5,14,109
9.5,5,5,15,109
9.5,5,6,0,103
9.5,5,6,1,103
9.5,5,6,2,104
9.5,5,6,3,104
9.5,5,6,4,105
9.5,5,6,5,105
9.5,5,6,6,106
9.5,5,6,7,106
9.5,5,6,8,107
9.5,5,6,9,107
9.5,5,6,10,108
9.5,5,6,11,108
9.5,5,6,12,108
9.5,5,6,13,109
9.5,5,6,14,109
9.5,5,6,15,110
9.5,5,7,0,103
9.5,5,7,1,104
9.5,5,7,2,104
9.5,5,7,3,105
9.5,5,7,4,105
9.5,5,7,5,106
9.5,5,7,6,106
9.5,5,7,7,107
9.5,5,7,8,107
9.5,5,7,9,108
9.5,5,7,10,108
9.5,5,7,11,109
9.5,5,7,12,109
9.5,5,7,13,110
9.5,5,7,14,110
9.5,5,7,15,111
9.5,5,8,0,104
9.5,5,8,1,104
9.5,5,8,2,105
9.5,5,8,3,105
9.5,5,8,4,106
9.5,5,8,5,106
9.5,5,8,6,107
9.5,5,8,7,107
9.5,5,8,8,108
9.5,5,8,9,108
9.5,5,8,10,109
9.5,5,8,11,109
9.5,5,8,12,110
9.5,5,8,13,110
9.5,5,8,14,111
9.5,5,8,15,111
9.5,5,9,0,104
9.5,5,9,1,105
9.5,5,9,2,105
9.5,5,9,3,106
9.5,5,9,4,106
9.5,5,9,5,107
9.5,5,9,6,107
9.5,5,9,7,108
9.5,5,9,8,108
9.5,5,9,9,109
9.5,5,9,10,109
9.5,5,9,11,110
9.5,5,9,12,110
9.5,5,9,13,111
9.5,5,9,14,111
9.5,5,9,15,112
9.5,5,10,0,105
9.5,5,10,1,105
9.5,5,10,2,106
9.5,5,10,3,106
9.5,5,10,4,107
9.5,5,10,5,107
9.5,5,10,6,108
9.5,5,10,7,108
9.5,5,10,8,109
9.5,5,10,9,109
9.5,5,10,10,110
9.5,5,10,11,110
9.5,5,10,12,111
9.5,5,10,13,111
9.5,5,10,14,112
9.5,5,10,15,112
9.5,5,11,0,105
9.5,5,11,1,106
9.5,5,11,2,106
9.5,5,11,3,107
9.5,5,11,4,108
9.5,5,11,5,108
9.5,5,11,6,109
9.5,5,11,7,109
9.5,5,11,8,110
9.5,5,11,9,110
9.5,5,11,10,111
9.5,5,11,11,111
9.5,5,11,12,112
9.5,5,11,13,112
9.5,5,11,14,112
9.5,5,11,15,113
9.5,5,12,0,106
9.5,5,12,1,107
9.5,5,12,2,107
9.5,5,12,3,108
9.5,5,12,4,108
9.5,5,12,5,109
9.5,5,12,6,109
9.5,5,12,7,110
9.5,5,12,8,110
9.5,5,12,9,111
9.5,5,12,10,111
9.5,5,12,11,112
9.5,5,12,12,112
9.5,5,12,13,113
9.5,5,12,14,113
9.5,5,12,15,114
9.5,5,13,0,107
9.5,5,13,1,107
9.5,5,13,2,108
9.5,5,13,3,108
9.5,5,13,4,109
9.5,5,13,5,109
9.5,5,13,6,110
9.5,5,13,7,110
9.5,5,13,8,111
9.5,5,13,9,111
9.5,5,13,10,112
9.5,5,13,11,112
9.5,5,13,12,113
9.5,5,13,13,113
9.5,5,13,14,114
9.5,5,13,15,114
9.5,5,14,0,107
9.5,5,14,1,108
9.5,5,14,2,108
9.5,5,14,3,109
9.5,5,14,4,109
9.5,5,14,5,110
9.5,5,14,6,110
9.5,5,14,7,111
9.5,5,14,8,111
9.5,5,14,9,112
9.5,5,14,10,112
9.5,5,14,11,113
9.5,5,14,12,113
9.5,5,14,13,114
9.5,5,14,14,114
9.5,5,14,15,115
9.5,5,15,0,108
9.5,5,15,1,108
9.5,5,15,2,109
9.5,5,15,3,109
9.5,5,15,4,110
9.5,5,15,5,110
9.5,5,15,6,111
9.5,5,15,7,111
9.5,5,15,8,112
9.5,5,15,9,112
9.5,5,15,10,113
9.5,5,15,11,113
9.5,5,15,12,114
9.5,5,15,13,114
9.5,5,15,14,115
9.5,5,15,15,115
9.5,6,0,0,101
9.5,6,0,1,101
9.5,6,0,2,102
9.5,6,0,3,102
9.5,6,0,4,103
9.5,6,0,5,103
9.5,6,0,6,104
9.5,6,0,7,104
9.5,6,0,8,105
9.5,6,0,9,105
9.5,6,0,10,105
9.5,6,0,11,106
9.5,6,0,12,106
9.5,6,0,13,107
9.5,6,0,14,107
9.5,6,0,15,108
9.5,6,1,0,101
9.5,6,1,1,102
9.5,6,1,2,102
9.5,6,1,3,103
9.5,6,1,4,103
9.5,6,1,5,104
9.5,6,1,6,104
9.5,6,1,7,105
9.5,6,1,8,105
9.5,6,1,9,106
9.5,6,1,10,106
9.5,6,1,11,107
9.5,6,1,12,107
9.5,6,1,13,108
9.5,6,1,14,108
9.5,6,1,15,108
9.5,6,2,0,102
9.5,6,2,1,102
9.5,6,2,2,103
9.5,6,2,3,103
9.5,6,2,4,104
9.5,6,2,5,104
9.5,6,2,6,105
9.5,6,2,7,105
9.5,6,2,8,106
9.5,6,2,9,106
9.5,6,2,10,107
9.5,6,2,11,107
9.5,6,2,12,108
9.5,6,2,13,108
9.5,6,2,14,109
9.5,6,2,15,109
9.5,6,3,0,102
9.5,6,3,1,103
9.5,6,3,2,103
9.5,6,3,3,104
9.5,6,3,4,104
9.5,6,3,5,105
9.5,6,3,6,105
9.5,6,3,7,106
9.5,6,3,8,106
9.5,6,3,9,107
9.5,6,3,10,107
9.5,6,3,11,108
9.5,6,3,12,108
9.5,6,3,13,109
9.5,6,3,14,109
9.5,6,3,15,110
9.5,6,4,0,103
9.5,6,4,1,104
9.5,6,4,2,104
9.5,6,4,3,105
9.5,6,4,4,105
9.5,6,4,5,106
9.5,6,4,6,106
9.5,6,4,7,107
9.5,6,4,8,107
9.5,6,4,9,108
9.5,6,4,10,108
9.5,6,4,11,108
9.5,6,4,12,109
9.5,6,4,13,109
9.5,6,4,14,110
9.5,6,4,15,110
9.5,6,5,0,104
9.5,6,5,1,104
9.5,6,5,2,105
9.5,6,5,3,105
9.5,6,5,4,106
9.5,6,5,5,106
9.5,6,5,6,107
9.5,6,5,7,107
9.5,6,5,8,108
9.5,6,5,9,108
9.5,6,5,10,109
9.5,6,5,11,109
9.5,6,5,12,110
9.5,6,5,13,110
9.5,6,5,14,111
9.5,6,5,15,111
9.5,6,6,0,104
9.5,6,6,1,105
9.5,6,6,2,105
9.5,6,6,3,106
9.5,6,6,4,106
9.5,6,6,5,107
9.5,6,6,6,107
9.5,6,6,7,108
9.5,6,6,8,108
9.5,6,6,9,109
9.5,6,6,10,109
9.5,6,6,11,110
9.5,6,6,12,110
9.5,6,6,13,111
9.5,6,6,14,111
9.5,6,6,15,112
9.5,6,7,0,105
9.5,6,7,1,105
9.5,6,7,2,106
9.5,6,7,3,106
9.5,6,7,4,107
9.5,6,7,5,107
9.5,6,7,6,108
9.5,6,7,7,108
9.5,6,7,8,109
9.5,6,7,9,109
9.5,6,7,10,110
9.5,6,7,11,110
9.5,6,7,12,111
9.5,6,7,13,111
9.5,6,7,14,112
9.5,6,7,15,112
9.5,6,8,0,105
9.5,6,8,1,106
9.5,6,8,2,106
9.5,6,8,3,107
9.5,6,8,4,107
9.5,6,8,5,108
9.5,6,8,6,108
9.5,6,8,7,109
9.5,6,8,8,109
9.5,6,8,9,110
9.5,6,8,10,110
9.5,6,8,11,111
9.5,6,8,12,111
9.5,6,8,13,112
9.5,6,8,14,112
9.5,6,8,15,113
9.5,6,9,0,106
9.5,6,9,1,106
9.5,6,9,2,107
9.5,6,9,3,108
9.5,6,9,4,108
9.5,6,9,5,109
9.5,6,9,6,109
9.5,6,9,7,110
9.5,6,9,8,110
9.5,6,9,9,111
9.5,6,9,10,111
9.5,6,9,11,112
9.5,6,9,12,112
9.5,6,9,13,113
9.5,6,9,14,113
9.5,6,9,15,114
9.5,6,10,0,107
9.5,6,10,1,107
9.5,6,10,2,108
9.5,6,10,3,108
9.5,6,10,4,109
9.5,6,10,5,109
9.5,6,10,6,110
9.5,6,10,7,110
9.5,6,10,8,111
9.5,6,10,9,111
9.5,6,10,10,112
9.5,6,10,11,112
9.5,6,10,12,113
9.5,6,10,13,113
9.5,6,10,14,114
9.5,6,10,15,114
9.5,6,11,0,107
9.5,6,11,1,108
9.5,6,11,2,108
9.5,6,11,3,109
9.5,6,11,4,109
9.5,6,11,5,110
9.5,6,11,6,110
9.5,6,11,7,111
9.5,6,11,8,111
9.5,6,11,9,112
9.5,6,11,10,112
9.5,6,11,11,113
9.5,6,11,12,113
9.5,6,11,13,114
9.5,6,11,14,114
9.5,6,11,15,115
9.5,6,12,0,108
9.5,6,12,1,108
9.5,6,12,2,109
9.5,6,12,3,109
9.5,6,12,4,110
9.5,6,12,5,110
9.5,6,12,6,111
9.5,6,12,7,111
9.5,6,12,8,112
9.5,6,12,9,112
9.5,6,12,10,113
9.5,6,12,11,113
9.5,6,12,12,114
9.5,6,12,13,114
9.5,6,12,14,115
9.5,6,12,15,115
9.5,6,13,0,108
9.5,6,13,1,109
9.5,6,13,2,109
9.5,6,13,3,110
9.5,6,13,4,110
9.5,6,13,5,111
9.5,6,13,6,111
9.5,6,13,7,112
9.5,6,13,8,112
9.5,6,13,9,113
9.5,6,13,10,113
9.5,6,13,11,114
9.5,6,13,12,114
9.5,6,13,13,115
9.5,6,13,14,115
9.5,6,13,15,116
9.5,6,14,0,109
9.5,6,14,1,109
9.5,6,14,2,110
9.5,6,14,3,110
9.5,6,14,4,111
9.5,6,14,5,111
9.5,6,14,6,112
9.5,6,14,7,113
9.5,6,14,8,113
9.5,6,14,9,114
9.5,6,14,10,114
9.5,6,14,11,115
9.5,6,14,12,115
9.5,6,14,13,116
9.5,6,14,14,116
9.5,6,14,15,117
9.5,6,15,0,109
9.5,6,15,1,110
9.5,6,15,2,110
9.5,6,15,3,111
9.5,6,15,4,112
9.5,6,15,5,112
9.5,6,15,6,113
9.5,6,15,7,113
9.5,6,15,8,114
9.5,6,15,9,114
9.5,6,15,10,115
9.5,6,15,11,115
9.5,6,15,12,116
9.5,6,15,13,116
9.5,6,15,14,117
9.5,6,15,15,117
9.5,7,0,0,102
9.5,7,0,1,103
9.5,7,0,2,103
9.5,7,0,3,104
9.5,7,0,4,104
9.5,7,0,5,105
9.5,7,0,6,105
9.5,7,0,7,106
9.5,7,0,8,106
9.5,7,0,9,107
9.5,7,0,10,107
9.5,7,0,11,108
9.5,7,0,12,108
9.5,7,0,13,109
9.5,7,0,14,109
9.5,7,0,15,109
9.5,7,1,0,103
9.5,7,1,1,103
9.5,7,1,2,104
9.5,7,1,3,104
9.5,7,1,4,105
9.5,7,1,5,105
9.5,7,1,6,106
9.5,7,1,7,106
9.5,7,1,8,107
9.5,7,1,9,107
9.5,7,1,10,108
9.5,7,1,11,108
9.5,7,1,12,109
9.5,7,1,13,109
9.5,7,1,14,110
9.5,7,1,15,110
9.5,7,2,0,103
9.5,7,2,1,104
9.5,7,2,2,104
9.5,7,2,3,105
9.5,7,2,4,105
9.5,7,2,5,106
9.5,7,2,6,106
9.5,7,2,7,107
9.5,7,2,8,107
9.5,7,2,9,108
9.5,7,2,10,108
9.5,7,2,11,109
9.5,7,2,12,109
9.5,7,2,13,110
9.5,7,2,14,110
9.5,7,2,15,111
9.5,7,3,0,104
9.5,7,3,1,105
9.5,7,3,2,105
9.5,7,3,3,106
9.5,7,3,4,106
9.5,7,3,5,107
9.5,7,3,6,107
9.5,7,3,7,108
9.5,7,3,8,108
9.5,7,3,9,109
9.5,7,3,10,109
9.5,7,3,11,110
9.5,7,3,12,110
9.5,7,3,13,110
9.5,7,3,14,111
9.5,7,3,15,111
9.5,7,4,0,105
9.5,7,4,1,105
9.5,7,4,2,106
9.5,7,4,3,106
9.5,7,4,4,107
9.5,7,4,5,107
9.5,7,4,6,108
9.5,7,4,7,108
9.5,7,4,8,109
9.5,7,4,9,109
9.5,7,4,10,110
9.5,7,4,11,110
9.5,7,4,12,111
9.5,7,4,13,111
9.5,7,4,14,112
9.5,7,4,15,112
9.5,7,5,0,105
9.5,7,5,1,106
9.5,7,5,2,106
9.5,7,5,3,107
9.5,7,5,4,107
9.5,7,5,5,108
9.5,7,5,6,108
9.5,7,5,7,109
9.5,7,5,8,109
9.5,7,5,9,110
9.5,7,5,10,110
9.5,7,5,11,111
9.5,7,5,12,111
9.5,7,5,13,112
9.5,7,5,14,112
9.5,7,5,15,113
9.5,7,6,0,106
9.5,7,6,1,106
9.5,7,6,2,107
9.5,7,6,3,107
9.5,7,6,4,108
9.5,7,6,5,108
9.5,7,6,6,109
9.5,7,6,7,109
9.5,7,6,8,110
9.5,7,6,9,110
9.5,7,6,10,111
9.5,7,6,11,111
9.5,7,6,12,112
9.5,7,6,13,112
9.5,7,6,14,113
9.5,7,6,15,113
9.5,7,7,0,106
9.5,7,7,1,107
9.5,7,7,2,107
9.5,7,7,3,108
9.5,7,7,4,108
9.5,7,7,5,109
9.5,7,7,6,110
9.5,7,7,7,110
9.5,7,7,8,111
9.5,7,7,9,111
9.5,7,7,10,112
9.5,7,7,11,112
9.5,7,7,12,113
9.5,7,7,13,113
9.5,7,7,14,114
9.5,7,7,15,114
9.5,7,8,0,107
9.5,7,8,1,108
9.5,7,8,2,108
9.5,7,8,3,109
9.5,7,8,4,109
9.5,7,8,5,110
9.5,7,8,6,110
9.5,7,8,7,111
9.5,7,8,8,111
9.5,7,8,9,112
9.5,7,8,10,112
9.5,7,8,11,113
9.5,7,8,12,113
9.5,7,8,13,114
9.5,7,8,14,114
9.5,7,8,15,115
9.5,7,9,0,108
9.5,7,9,1,108
9.5,7,9,2,109
9.5,7,9,3,109
9.5,7,9,4,110
9.5,7,9,5,110
9.5,7,9,6,111
9.5,7,9,7,111
9.5,7,9,8,112
9.5,7,9,9,112
9.5,7,9,10,113
9.5,7,9,11,113
9.5,7,9,12,114
9.5,7,9,13,114
9.5,7,9,14,115
9.5,7,9,15,115
9.5,7,10,0,108
9.5,7,10,1,109
9.5,7,10,2,109
9.5,7,10,3,110
9.5,7,10,4,110
9.5,7,10,5,111
9.5,7,10,6,111
9.5,7,10,7,112
9.5,7,10,8,112
9.5,7,10,9,113
9.5,7,10,10,113
9.5,7,10,11,114
9.5,7,10,12,114
9.5,7,10,13,115
9.5,7,10,14,115
9.5,7,10,15,116
9.5,7,11,0,109
9.5,7,11,1,109
9.5,7,11,2,110
9.5,7,11,3,110
9.5,7,11,4,111
9.5,7,11,5,111
9.5,7,11,6,112
9.5,7,11,7,112
9.5,7,11,8,113
9.5,7,11,9,113
9.5,7,11,10,114
9.5,7,11,11,115
9.5,7,11,12,115
9.5,7,11,13,116
9.5,7,11,14,116
9.5,7,11,15,117
9.5,7,12,0,109
9.5,7,12,1,110
9.5,7,12,2,110
9.5,7,12,3,111
9.5,7,12,4,111
9.5,7,12,5,112
9.5,7,12,6,113
9.5,7,12,7,113
9.5,7,12,8,114
9.5,7,12,9,114
9.5,7,12,10,115
9.5,7,12,11,115
9.5,7,12,12,116
9.5,7,12,13,116
9.5,7,12,14,117
9.5,7,12,15,117
9.5,7,13,0,110
9.5,7,13,1,110
9.5,7,13,2,111
9.5,7,13,3,112
9.5,7,13,4,112
9.5,7,13,5,113
9.5,7,13,6,113
9.5,7,13,7,114
9.5,7,13,8,114
9.5,7,13,9,115
9.5,7,13,10,115
9.5,7,13,11,116
9.5,7,13,12,116
9.5,7,13,13,117
9.5,7,13,14,117
9.5,7,13,15,118
9.5,7,14,0,110
9.5,7,14,1,111
9.5,7,14,2,112
9.5,7,14,3,112
9.5,7,14,4,113
9.5,7,14,5,113
9.5,7,14,6,114
9.5,7,14,7,114
9.5,7,14,8,115
9.5,7,14,9,115
9.5,7,14,10,116
9.5,7,14,11,116
9.5,7,14,12,117
9.5,7,14,13,117
9.5,7,14,14,118
9.5,7,14,15,118
9.5,7,15,0,111
9.5,7,15,1,112
9.5,7,15,2,112
9.5,7,15,3,113
9.5,7,15,4,113
9.5,7,15,5,114
9.5,7,15,6,114
9.5,7,15,7,115
9.5,7,15,8,115
9.5,7,15,9,116
9.5,7,15,10,116
9.5,7,15,11,117
9.5,7,15,12,117
9.5,7,15,13,118
9.5,7,15,14,118
9.5,7,15,15,119
9.5,8,0,0,104
9.5,8,0,1,104
9.5,8,0,2,105
9.5,8,0,3,105
9.5,8,0,4,106
9.5,8,0,5,106
9.5,8,0,6,107
9.5,8,0,7,107
9.5,8,0,8,108
9.5,8,0,9,108
9.5,8,0,10,109
9.5,8,0,11,109
9.5,8,0,12,110
9.5,8,0,13,110
9.5,8,0,14,111
9.5,8,0,15,111
9.5,8,1,0,104
9.5,8,1,1,105
9.5,8,1,2,105
9.5,8,1,3,106
9.5,8,1,4,106
9.5,8,1,5,107
9.5,8,1,6,107
9.5,8,1,7,108
9.5,8,1,8,108
9.5,8,1,9,109
9.5,8,1,10,109
9.5,8,1,11,110
9.5,8,1,12,110
9.5,8,1,13,111
9.5,8,1,14,111
9.5,8,1,15,112
9.5,8,2,0,105
9.5,8,2,1,105
9.5,8,2,2,106
9.5,8,2,3,107
9.5,8,2,4,107
9.5,8,2,5,108
9.5,8,2,6,108
9.5,8,2,7,109
9.5,8,2,8,109
9.5,8,2,9,110
9.5,8,2,10,110
9.5,8,2,11,111
9.5,8,2,12,111
9.5,8,2,13,112
9.5,8,2,14,112
9.5,8,2,15,112
9.5,8,3,0,106
9.5,8,3,1,106
9.5,8,3,2,107
9.5,8,3,3,107
9.5,8,3,4,108
9.5,8,3,5,108
9.5,8,3,6,109
9.5,8,3,7,109
9.5,8,3,8,110
9.5,8,3,9,110
9.5,8,3,10,111
9.5,8,3,11,111
9.5,8,3,12,112
9.5,8,3,13,112
9.5,8,3,14,113
9.5,8,3,15,113
9.5,8,4,0,106
9.5,8,4,1,107
9.5,8,4,2,107
9.5,8,4,3,108
9.5,8,4,4,108
9.5,8,4,5,109
9.5,8,4,6,109
9.5,8,4,7,110
9.5,8,4,8,110
9.5,8,4,9,111
9.5,8,4,10,111
9.5,8,4,11,112
9.5,8,4,12,112
9.5,8,4,13,113
9.5,8,4,14,113
9.5,8,4,15,114
9.5,8,5,0,107
9.5,8,5,1,107
9.5,8,5,2,108
9.5,8,5,3,108
9.5,8,5,4,109
9.5,8,5,5,109
9.5,8,5,6,110
9.5,8,5,7,110
9.5,8,5,8,111
9.5,8,5,9,111
9.5,8,5,10,112
9.5,8,5,11,112
9.5,8,5,12,113
9.5,8,5,13,113
9.5,8,5,14,114
9.5,8,5,15,114
9.5,8,6,0,107
9.5,8,6,1,108
9.5,8,6,2,108
9.5,8,6,3,109
9.5,8,6,4,110
9.5,8,6,5,110
9.5,8,6,6,111
9.5,8,6,7,111
9.5,8,6,8,112
9.5,8,6,9,112
9.5,8,6,10,113
9.5,8,6,11,113
9.5,8,6,12,114
9.5,8,6,13,114
9.5,8,6,14,115
9.5,8,6,15,115
9.5,8,7,0,108
9.5,8,7,1,109
9.5,8,7,2,109
9.5,8,7,3,110
9.5,8,7,4,110
9.5,8,7,5,111
9.5,8,7,6,111
9.5,8,7,7,112
9.5,8,7,8,112
9.5,8,7,9,113
9.5,8,7,10,113
9.5,8,7,11,114
9.5,8,7,12,114
9.5,8,7,13,115
9.5,8,7,14,115
9.5,8,7,15,116
9.5,8,8,0,109
9.5,8,8,1,109
9.5,8,8,2,110
9.5,8,8,3,110
9.5,8,8,4,111
9.5,8,8,5,111
9.5,8,8,6,112
9.5,8,8,7,112
9.5,8,8,8,113
9.5,8,8,9,113
9.5,8,8,10,114
9.5,8,8,11,114
9.5,8,8,12,115
9.5,8,8,13,115
9.5,8,8,14,116
9.5,8,8,15,116
9.5,8,9,0,109
9.5,8,9,1,110
9.5,8,9,2,110
9.5,8,9,3,111
9.5,8,9,4,111
9.5,8,9,5,112
9.5,8,9,6,112
9.5,8,9,7,113
9.5,8,9,8,113
9.5,8,9,9,114
9.5,8,9,10,114
9.5,8,9,11,115
9.5,8,9,12,116
9.5,8,9,13,116
9.5,8,9,14,117
9.5,8,9,15,117
9.5,8,10,0,110
9.5,8,10,1,110
9.5,8,10,2,111
9.5,8,10,3,111
9.5,8,10,4,112
9.5,8,10,5,113
9.5,8,10,6,113
9.5,8,10,7,114
9.5,8,10,8,114
9.5,8,10,9,115
9.5,8,10,10,115
9.5,8,10,11,116
9.5,8,10,12,116
9.5,8,10,13,117
9.5,8,10,14,117
9.5,8,10,15,118
9.5,8,11,0,110
9.5,8,11,1,111
9.5,8,11,2,112
9.5,8,11,3,112
9.5,8,11,4,113
9.5,8,11,5,113
9.5,8,11,6,114
9.5,8,11,7,114
9.5,8,11,8,115
9.5,8,11,9,115
9.5,8,11,10,116
9.5,8,11,11,116
9.5,8,11,12,117
9.5,8,11,13,117
9.5,8,11,14,118
9.5,8,11,15,118
9.5,8,12,0,111
9.5,8,12,1,112
9.5,8,12,2,112
9.5,8,12,3,113
9.5,8,12,4,113
9.5,8,12,5,114
9.5,8,12,6,114
9.5,8,12,7,115
9.5,8,12,8,115
9.5,8,12,9,116
9.5,8,12,10,116
9.5,8,12,11,117
9.5,8,12,12,117
9.5,8,12,13,118
9.5,8,12,14,118
9.5,8,12,15,119
9.5,8,13,0,112
9.5,8,13,1,112
9.5,8,13,2,113
9.5,8,13,3,113
9.5,8,13,4,114
9.5,8,13,5,114
9.5,8,13,6,115
9.5,8,13,7,115
9.5,8,13,8,116
9.5,8,13,9,116
9.5,8,13,10,117
9.5,8,13,11,117
9.5,8,13,12,118
9.5,8,13,13,119
9.5,8,13,14,119
9.5,8,13,15,120
9.5,8,14,0,112
9.5,8,14,1,113
9.5,8,14,2,113
9.5,8,14,3,114
9.5,8,14,4,114
9.5,8,14,5,115
9.5,8,14,6,115
9.5,8,14,7,116
9.5,8,14,8,117
9.5,8,14,9,117
9.5,8,14,10,118
9.5,8,14,11,118
9.5,8,14,12,119
9.5,8,14,13,119
9.5,8,14,14,120
9.5,8,14,15,120
9.5,8,15,0,113
9.5,8,15,1,113
9.5,8,15,2,114
9.5,8,15,3,114
9.5,8,15,4,115
9.5,8,15,5,116
9.5,8,15,6,116
9.5,8,15,7,117
9.5,8,15,8,117
9.5,8,15,9,118
9.5,8,15,10,118
9.5,8,15,11,119
9.5,8,15,12,119
9.5,8,15,13,120
9.5,8,15,14,120
9.5,8,15,15,121
9.5,9,0,0,105
9.5,9,0,1,106
9.5,9,0,2,106
9.5,9,0,3,107
9.5,9,0,4,107
9.5,9,0,5,108
9.5,9,0,6,108
9.5,9,0,7,109
9.5,9,0,8,109
9.5,9,0,9,110
9.5,9,0,10,110
9.5,9,0,11,111
9.5,9,0,12,111
9.5,9,0,13,112
9.5,9,0,14,112
9.5,9,0,15,113
9.5,9,1,0,106
9.5,9,1,1,106
9.5,9,1,2,107
9.5,9,1,3,107
9.5,9,1,4,108
9.5,9,1,5,109
9.5,9,1,6,109
9.5,9,1,7,110
9.5,9,1,8,110
9.5,9,1,9,111
9.5,9,1,10,111
9.5,9,1,11,112
9.5,9,1,12,112
9.5,9,1,13,113
9.5,9,1,14,113
9.5,9,1,15,113
9.5,9,2,0,107
9.5,9,2,1,107
9.5,9,2,2,108
9.5,9,2,3,108
9.5,9,2,4,109
9.5,9,2,5,109
9.5,9,2,6,110
9.5,9,2,7,110
9.5,9,2,8,111
9.5,9,2,9,111
9.5,9,2,10,112
9.5,9,2,11,112
9.5,9,2,12,113
9.5,9,2,13,113
9.5,9,2,14,114
9.5,9,2,15,114
9.5,9,3,0,107
9.5,9,3,1,108
9.5,9,3,2,108
9.5,9,3,3,109
9.5,9,3,4,109
9.5,9,3,5,110
9.5,9,3,6,110
9.5,9,3,7,111
9.5,9,3,8,111
9.5,9,3,9,112
9.5,9,3,10,112
9.5,9,3,11,113
9.5,9,3,12,113
9.5,9,3,13,114
9.5,9,3,14,114
9.5,9,3,15,115
9.5,9,4,0,108
9.5,9,4,1,108
9.5,9,4,2,109
9.5,9,4,3,109
9.5,9,4,4,110
9.5,9,4,5,110
9.5,9,4,6,111
9.5,9,4,7,111
9.5,9,4,8,112
9.5,9,4,9,112
9.5,9,4,10,113
9.5,9,4,11,113
9.5,9,4,12,114
9.5,9,4,13,115
9.5,9,4,14,115
9.5,9,4,15,115
9.5,9,5,0,108
9.5,9,5,1,109
9.5,9,5,2,109
9.5,9,5,3,110
9.5,9,5,4,111
9.5,9,5,5,111
9.5,9,5,6,112
9.5,9,5,7,112
9.5,9,5,8,113
9.5,9,5,9,113
9.5,9,5,10,114
9.5,9,5,11,114
9.5,9,5,12,115
9.5,9,5,13,115
9.5,9,5,14,116
9.5,9,5,15,116
9.5,9,6,0,109
9.5,9,6,1,110
9.5,9,6,2,110
9.5,9,6,3,111
9.5,9,6,4,111
9.5,9,6,5,112
9.5,9,6,6,112
9.5,9,6,7,113
9.5,9,6,8,113
9.5,9,6,9,114
9.5,9,6,10,114
9.5,9,6,11,115
9.5,9,6,12,115
9.5,9,6,13,116
9.5,9,6,14,116
9.5,9,6,15,117
9.5,9,7,0,110
9.5,9,7,1,110
9.5,9,7,2,111
9.5,9,7,3,111
9.5,9,7,4,112
9.5,9,7,5,112
9.5,9,7,6,113
9.5,9,7,7,113
9.5,9,7,8,114
9.5,9,7,9,114
9.5,9,7,10,115
9.5,9,7,11,115
9.5,9,7,12,116
9.5,9,7,13,116
9.5,9,7,14,117
9.5,9,7,15,117
9.5,9,8,0,110
9.5,9,8,1,111
9.5,9,8,2,111
9.5,9,8,3,112
9.5,9,8,4,112
9.5,9,8,5,113
9.5,9,8,6,113
9.5,9,8,7,114
9.5,9,8,8,115
9.5,9,8,9,115
9.5,9,8,10,116
9.5,9,8,11,116
9.5,9,8,12,117
9.5,9,8,13,117
9.5,9,8,14,118
9.5,9,8,15,118
9.5,9,9,0,111
9.5,9,9,1,111
9.5,9,9,2,112
9.5,9,9,3,113
9.5,9,9,4,113
9.5,9,9,5,114
9.5,9,9,6,114
9.5,9,9,7,115
9.5,9,9,8,115
9.5,9,9,9,116
9.5,9,9,10,116
9.5,9,9,11,117
9.5,9,9,12,117
9.5,9,9,13,118
9.5,9,9,14,118
9.5,9,9,15,119
9.5,9,10,0,111
9.5,9,10,1,112
9.5,9,10,2,113
9.5,9,10,3,113
9.5,9,10,4,114
9.5,9,10,5,114
9.5,9,10,6,115
9.5,9,10,7,115
9.5,9,10,8,116
9.5,9,10,9,116
9.5,9,10,10,117
9.5,9,10,11,117
9.5,9,10,12,118
9.5,9,10,13,118
9.5,9,10,14,119
9.5,9,10,15,119
9.5,9,11,0,112
9.5,9,11,1,113
9.5,9,11,2,113
9.5,9,11,3,114
9.5,9,11,4,114
9.5,9,11,5,115
9.5,9,11,6,115
9.5,9,11,7,116
9.5,9,11,8,116
9.5,9,11,9,117
9.5,9,11,10,117
9.5,9,11,11,118
9.5,9,11,12,119
9.5,9,11,13,119
9.5,9,11,14,120
9.5,9,11,15,120
9.5,9,12,0,113
9.5,9,12,1,113
9.5,9,12,2,114
9.5,9,12,3,114
9.5,9,12,4,115
9.5,9,12,5,115
9.5,9,12,6,116
9.5,9,12,7,116
9.5,9,12,8,117
9.5,9,12,9,118
9.5,9,12,10,118
9.5,9,12,11,119
9.5,9,12,12,119
9.5,9,12,13,120
9.5,9,12,14,120
9.5,9,12,15,121
9.5,9,13,0,113
9.5,9,13,1,114
9.5,9,13,2,114
9.5,9,13,3,115
9.5,9,13,4,115
9.5,9,13,5,116
9.5,9,13,6,117
9.5,9,13,7,117
9.5,9,13,8,118
9.5,9,13,9,118
9.5,9,13,10,119
9.5,9,13,11,119
9.5,9,13,12,120
9.5,9,13,13,120
9.5,9,13,14,121
9.5,9,13,15,121
9.5,9,14,0,114
9.5,9,14,1,114
9.5,9,14,2,115
9.5,9,14,3,116
9.5,9,14,4,116
9.5,9,14,5,117
9.5,9,14,6,117
9.5,9,14,7,118
9.5,9,14,8,118
9.5,9,14,9,119
9.5,9,14,10,119
9.5,9,14,11,120
9.5,9,14,12,120
9.5,9,14,13,121
9.5,9,14,14,121
9.5,9,14,15,122
9.5,9,15,0,114
9.5,9,15,1,115
9.5,9,15,2,116
9.5,9,15,3,116
9.5,9,15,4,117
9.5,9,15,5,117
9.5,9,15,6,118
9.5,9,15,7,118
9.5,9,15,8,119
9.5,9,15,9,119
9.5,9,15,10,120
9.5,9,15,11,120
9.5,9,15,12,121
9.5,9,15,13,122
9.5,9,15,14,122
9.5,9,15,15,123
9.5,10,0,0,107
9.5,10,0,1,107
9.5,10,0,2,108
9.5,10,0,3,108
9.5,10,0,4,109
9.5,10,0,5,109
9.5,10,0,6,110
9.5,10,0,7,110
9.5,10,0,8,111
9.5,10,0,9,111
9.5,10,0,10,112
9.5,10,0,11,112
9.5,10,0,12,113
9.5,10,0,13,113
9.5,10,0,14,114
9.5,10,0,15,114
9.5,10,1,0,107
9.5,10,1,1,108
9.5,10,1,2,109
9.5,10,1,3,109
9.5,10,1,4,110
9.5,10,1,5,110
9.5,10,1,6,111
9.5,10,1,7,111
9.5,10,1,8,112
9.5,10,1,9,112
9.5,10,1,10,113
9.5,10,1,11,113
9.5,10,1,12,114
9.5,10,1,13,114
9.5,10,1,14,115
9.5,10,1,15,115
9.5,10,2,0,108
9.5,10,2,1,109
9.5,10,2,2,109
9.5,10,2,3,110
9.5,10,2,4,110
9.5,10,2,5,111
9.5,10,2,6,111
9.5,10,2,7,112
9.5,10,2,8,112
9.5,10,2,9,113
9.5,10,2,10,113
9.5,10,2,11,114
9.5,10,2,12,114
9.5,10,2,13,115
9.5,10,2,14,115
9.5,10,2,15,116
9.5,10,3,0,109
9.5,10,3,1,109
9.5,10,3,2,110
9.5,10,3,3,110
9.5,10,3,4,111
9.5,10,3,5,111
9.5,10,3,6,112
9.5,10,3,7,112
9.5,10,3,8,113
9.5,10,3,9,113
9.5,10,3,10,114
9.5,10,3,11,115
9.5,10,3,12,115
9.5,10,3,13,116
9.5,10,3,14,116
9.5,10,3,15,117
9.5,10,4,0,109
9.5,10,4,1,110
9.5,10,4,2,110
9.5,10,4,3,111
9.5,10,4,4,112
9.5,10,4,5,112
9.5,10,4,6,113
9.5,10,4,7,113
9.5,10,4,8,114
9.5,10,4,9,114
9.5,10,4,10,115
9.5,10,4,11,115
9.5,10,4,12,116
9.5,10,4,13,116
9.5,10,4,14,117
9.5,10,4,15,117
9.5,10,5,0,110
9.5,10,5,1,111
9.5,10,5,2,111
9.5,10,5,3,112
9.5,10,5,4,112
9.5,10,5,5,113
9.5,10,5,6,113
9.5,10,5,7,114
9.5,10,5,8,114
9.5,10,5,9,115
9.5,10,5,10,115
9.5,10,5,11,116
9.5,10,5,12,116
9.5,10,5,13,117
9.5,10,5,14,117
9.5,10,5,15,118
9.5,10,6,0,111
9.5,10,6,1,111
9.5,10,6,2,112
9.5,10,6,3,112
9.5,10,6,4,113
9.5,10,6,5,113
9.5,10,6,6,114
9.5,10,6,7,114
9.5,10,6,8,115
9.5,10,6,9,115
9.5,10,6,10,116
9.5,10,6,11,116
9.5,10,6,12,117
9.5,10,6,13,118
9.5,10,6,14,118
9.5,10,6,15,119
9.5,10,7,0,111
9.5,10,7,1,112
9.5,10,7,2,112
9.5,10,7,3,113
9.5,10,7,4,113
9.5,10,7,5,114
9.5,10,7,6,115
9.5,10,7,7,115
9.5,10,7,8,116
9.5,10,7,9,116
9.5,10,7,10,117
9.5,10,7,11,117
9.5,10,7,12,118
9.5,10,7,13,118
9.5,10,7,14,119
9.5,10,7,15,119
9.5,10,8,0,112
9.5,10,8,1,112
9.5,10,8,2,113
9.5,10,8,3,114
9.5,10,8,4,114
9.5,10,8,5,115
9.5,10,8,6,115
9.5,10,8,7,116
9.5,10,8,8,116
9.5,10,8,9,117
9.5,10,8,10,117
9.5,10,8,11,118
9.5,10,8,12,118
9.5,10,8,13,119
9.5,10,8,14,119
9.5,10,8,15,120
9.5,10,9,0,113
9.5,10,9,1,113
9.5,10,9,2,114
9.5,10,9,3,114
9.5,10,9,4,115
9.5,10,9,5,115
9.5,10,9,6,116
9.5,10,9,7,116
9.5,10,9,8,117
9.5,10,9,9,117
9.5,10,9,10,118
9.5,10,9,11,118
9.5,10,9,12,119
9.5,10,9,13,120
9.5,10,9,14,120
9.5,10,9,15,121
9.5,10,10,0,113
9.5,10,10,1,114
9.5,10,10,2,114
9.5,10,10,3,115
9.5,10,10,4,115
9.5,10,10,5,116
9.5,10,10,6,116
9.5,10,10,7,117
9.5,10,10,8,117
9.5,10,10,9,118
9.5,10,10,10,119
9.5,10,10,11,119
9.5,10,10,12,120
9.5,10,10,13,120
9.5,10,10,14,121
9.5,10,10,15,121
9.5,10,11,0,114
9.5,10,11,1,114
9.5,10,11,2,115
9.5,10,11,3,115
9.5,10,11,4,116
9.5,10,11,5,117
9.5,10,11,6,117
9.5,10,11,7,118
9.5,10,11,8,118
9.5,10,11,9,119
9.5,10,11,10,119
9.5,10,11,11,120
9.5,10,11,12,120
9.5,10,11,13,121
9.5,10,11,14,121
9.5,10,11,15,122
9.5,10,12,0,114
9.5,10,12,1,115
9.5,10,12,2,115
9.5,10,12,3,116
9.5,10,12,4,117
9.5,10,12,5,117
9.5,10,12,6,118
9.5,10,12,7,118
9.5,10,12,8,119
9.5,10,12,9,119
9.5,10,12,10,120
9.5,10,12,11,120
9.5,10,12,12,121
9.5,10,12,13,121
9.5,10,12,14,122
9.5,10,12,15,122
9.5,10,13,0,115
9.5,10,13,1,116
9.5,10,13,2,116
9.5,10,13,3,117
9.5,10,13,4,117
9.5,10,13,5,118
9.5,10,13,6,118
9.5,10,13,7,119
9.5,10,13,8,119
9.5,10,13,9,120
9.5,10,13,10,120
9.5,10,13,11,121
9.5,10,13,12,122
9.5,10,13,13,122
9.5,10,13,14,123
9.5,10,13,15,123
9.5,10,14,0,116
9.5,10,14,1,116
9.5,10,14,2,117
9.5,10,14,3,117
9.5,10,14,4,118
9.5,10,14,5,118
9.5,10,14,6,119
9.5,10,14,7,119
9.5,10,14,8,120
9.5,10,14,9,121
9.5,10,14,10,121
9.5,10,14,11,122
9.5,10,14,12,122
9.5,10,14,13,123
9.5,10,14,14,123
9.5,10,14,15,124
9.5,10,15,0,116
9.5,10,15,1,117
9.5,10,15,2,117
9.5,10,15,3,118
9.5,10,15,4,118
9.5,10,15,5,119
9.5,10,15,6,120
9.5,10,15,7,120
9.5,10,15,8,121
9.5,10,15,9,121
9.5,10,15,10,122
9.5,10,15,11,122
9.5,10,15,12,123
9.5,10,15,13,123
9.5,10,15,14,124
9.5,10,15,15,124
9.5,11,0,0,108
9.5,11,0,1,109
9.5,11,0,2,109
9.5,11,0,3,110
9.5,11,0,4,111
9.5,11,0,5,111
9.5,11,0,6,112
9.5,11,0,7,112
9.5,11,0,8,113
9.5,11,0,9,113
9.5,11,0,10,114
9.5,11,0,11,114
9.5,11,0,12,115
9.5,11,0,13,115
9.5,11,0,14,116
9.5,11,0,15,116
9.5,11,1,0,109
9.5,11,1,1,110
9.5,11,1,2,110
9.5,11,1,3,111
9.5,11,1,4,111
9.5,11,1,5,112
9.5,11,1,6,112
9.5,11,1,7,113
9.5,11,1,8,113
9.5,11,1,9,114
9.5,11,1,10,114
9.5,11,1,11,115
9.5,11,1,12,115
9.5,11,1,13,116
9.5,11,1,14,116
9.5,11,1,15,117
9.5,11,2,0,110
9.5,11,2,1,110
9.5,11,2,2,111
9.5,11,2,3,111
9.5,11,2,4,112
9.5,11,2,5,112
9.5,11,2,6,113
9.5,11,2,7,113
9.5,11,2,8,114
9.5,11,2,9,114
9.5,11,2,10,115
9.5,11,2,11,115
9.5,11,2,12,116
9.5,11,2,13,117
9.5,11,2,14,117
9.5,11,2,15,118
9.5,11,3,0,110
9.5,11,3,1,111
9.5,11,3,2,111
9.5,11,3,3,112
9.5,11,3,4,113
9.5,11,3,5,113
9.5,11,3,6,114
9.5,11,3,7,114
9.5,11,3,8,115
9.5,11,3,9,115
9.5,11,3,10,116
9.5,11,3,11,116
9.5,11,3,12,117
9.5,11,3,13,117
9.5,11,3,14,118
9.5,11,3,15,118
9.5,11,4,0,111
9.5,11,4,1,112
9.5,11,4,2,112
9.5,11,4,3,113
9.5,11,4,4,113
9.5,11,4,5,114
9.5,11,4,6,114
9.5,11,4,7,115
9.5,11,4,8,115
9.5,11,4,9,116
9.5,11,4,10,116
9.5,11,4,11,117
9.5,11,4,12,117
9.5,11,4,13,118
9.5,11,4,14,118
9.5,11,4,15,119
9.5,11,5,0,112
9.5,11,5,1,112
9.5,11,5,2,113
9.5,11,5,3,113
9.5,11,5,4,114
9.5,11,5,5,114
9.5,11,5,6,115
9.5,11,5,7,115
9.5,11,5,8,116
9.5,11,5,9,116
9.5,11,5,10,117
9.5,11,5,11,118
9.5,11,5,12,118
9.5,11,5,13,119
9.5,11,5,14,119
9.5,11,5,15,120
9.5,11,6,0,112
9.5,11,6,1,113
9.5,11,6,2,113
9.5,11,6,3,114
9.5,11,6,4,114
9.5,11,6,5,115
9.5,11,6,6,116
9.5,11,6,7,116
9.5,11,6,8,117
9.5,11,6,9,117
9.5,11,6,10,118
9.5,11,6,11,118
9.5,11,6,12,119
9.5,11,6,13,119
9.5,11,6,14,120
9.5,11,6,15,120
9.5,11,7,0,113
9.5,11,7,1,113
9.5,11,7,2,114
9.5,11,7,3,115
9.5,11,7,4,115
9.5,11,7,5,116
9.5,11,7,6,116
9.5,11,7,7,117
9.5,11,7,8,117
9.5,11,7,9,118
9.5,11,7,10,118
9.5,11,7,11,119
9.5,11,7,12,119
9.5,11,7,13,120
9.5,11,7,14,120
9.5,11,7,15,121
9.5,11,8,0,114
9.5,11,8,1,114
9.5,11,8,2,115
9.5,11,8,3,115
9.5,11,8,4,116
9.5,11,8,5,116
9.5,11,8,6,117
9.5,11,8,7,117
9.5,11,8,8,118
9.5,11,8,9,118
9.5,11,8,10,119
9.5,11,8,11,120
9.5,11,8,12,120
9.5,11,8,13,121
9.5,11,8,14,121
9.5,11,8,15,122
9.5,11,9,0,114
9.5,11,9,1,115
9.5,11,9,2,115
9.5,11,9,3,116
9.5,11,9,4,116
9.5,11,9,5,117
9.5,11,9,6,117
9.5,11,9,7,118
9.5,11,9,8,119
9.5,11,9,9,119
9.5,11,9,10,120
9.5,11,9,11,120
9.5,11,9,12,121
9.5,11,9,13,121
9.5,11,9,14,122
9.5,11,9,15,122
9.5,11,10,0,115
9.5,11,10,1,115
9.5,11,10,2,116
9.5,11,10,3,116
9.5,11,10,4,117
9.5,11,10,5,118
9.5,11,10,6,118
9.5,11,10,7,119
9.5,11,10,8,119
9.5,11,10,9,120
9.5,11,10,10,120
9.5,11,10,11,121
9.5,11,10,12,121
9.5,11,10,13,122
9.5,11,10,14,122
9.5,11,10,15,123
9.5,11,11,0,115
9.5,11,11,1,116
9.5,11,11,2,117
9.5,11,11,3,117
9.5,11,11,4,118
9.5,11,11,5,118
9.5,11,11,6,119
9.5,11,11,7,119
9.5,11,11,8,120
9.5,11,11,9,120
9.5,11,11,10,121
9.5,11,11,11,121
9.5,11,11,12,122
9.5,11,11,13,123
9.5,11,11,14,123
9.5,11,11,15,124
9.5,11,12,0,116
9.5,11,12,1,117
9.5,11,12,2,117
9.5,11,12,3,118
9.5,11,12,4,118
9.5,11,12,5,119
9.5,11,12,6,119
9.5,11,12,7,120
9.5,11,12,8,120
9.5,11,12,9,121
9.5,11,12,10,122
9.5,11,12,11,122
9.5,11,12,12,123
9.5,11,12,13,123
9.5,11,12,14,124
9.5,11,12,15,124
9.5,11,13,0,117
9.5,11,13,1,117
9.5,11,13,2,118
9.5,11,13,3,118
9.5,11,13,4,119
9.5,11,13,5,119
9.5,11,13,6,120
9.5,11,13,7,121
9.5,11,13,8,121
9.5,11,13,9,122
9.5,11,13,10,122
9.5,11,13,11,123
9.5,11,13,12,123
9.5,11,13,13,124
9.5,11,13,14,124
9.5,11,13,15,125
9.5,11,14,0,117
9.5,11,14,1,118
9.5,11,14,2,118
9.5,11,14,3,119
9.5,11,14,4,120
9.5,11,14,5,120
9.5,11,14,6,121
9.5,11,14,7,121
9.5,11,14,8,122
9.5,11,14,9,122
9.5,11,14,10,123
9.5,11,14,11,123
9.5,11,14,12,124
9.5,11,14,13,125
9.5,11,14,14,125
9.5,11,14,15,126
9.5,11,15,0,118
9.5,11,15,1,118
9.5,11,15,2,119
9.5,11,15,3,120
9.5,11,15,4,120
9.5,11,15,5,121
9.5,11,15,6,121
9.5,11,15,7,122
9.5,11,15,8,122
9.5,11,15,9,123
9.5,11,15,10,123
9.5,11,15,11,124
9.5,11,15,12,125
9.5,11,15,13,125
9.5,11,15,14,126
9.5,11,15,15,126
9.5,12,0,0,110
9.5,12,0,1,110
9.5,12,0,2,111
9.5,12,0,3,112
9.5,12,0,4,112
9.5,12,0,5,113
9.5,12,0,6,113
9.5,12,0,7,114
9.5,12,0,8,114
9.5,12,0,9,115
9.5,12,0,10,115
9.5,12,0,11,116
9.5,12,0,12,116
9.5,12,0,13,117
9.5,12,0,14,117
9.5,12,0,15,118
9.5,12,1,0,111
9.5,12,1,1,111
9.5,12,1,2,112
9.5,12,1,3,112
9.5,12,1,4,113
9.5,12,1,5,113
9.5,12,1,6,114
9.5,12,1,7,114
9.5,12,1,8,115
9.5,12,1,9,115
9.5,12,1,10,116
9.5,12,1,11,116
9.5,12,1,12,117
9.5,12,1,13,117
9.5,12,1,14,118
9.5,12,1,15,119
9.5,12,2,0,111
9.5,12,2,1,112
9.5,12,2,2,112
9.5,12,2,3,113
9.5,12,2,4,113
9.5,12,2,5,114
9.5,12,2,6,115
9.5,12,2,7,115
9.5,12,2,8,116
9.5,12,2,9,116
9.5,12,2,10,117
9.5,12,2,11,117
9.5,12,2,12,118
9.5,12,2,13,118
9.5,12,2,14,119
9.5,12,2,15,119
9.5,12,3,0,112
9.5,12,3,1,112
9.5,12,3,2,113
9.5,12,3,3,114
9.5,12,3,4,114
9.5,12,3,5,115
9.5,12,3,6,115
9.5,12,3,7,116
9.5,12,3,8,116
9.5,12,3,9,117
9.5,12,3,10,117
9.5,12,3,11,118
9.5,12,3,12,118
9.5,12,3,13,119
9.5,12,3,14,119
9.5,12,3,15,120
9.5,12,4,0,113
9.5,12,4,1,113
9.5,12,4,2,114
9.5,12,4,3,114
9.5,12,4,4,115
9.5,12,4,5,115
9.5,12,4,6,116
9.5,12,4,7,116
9.5,12,4,8,117
9.5,12,4,9,117
9.5,12,4,10,118
9.5,12,4,11,119
9.5,12,4,12,119
9.5,12,4,13,120
9.5,12,4,14,120
9.5,12,4,15,121
9.5,12,5,0,113
9.5,12,5,1,114
9.5,12,5,2,114
9.5,12,5,3,115
9.5,12,5,4,115
9.5,12,5,5,116
9.5,12,5,6,117
9.5,12,5,7,117
9.5,12,5,8,118
9.5,12,5,9,118
9.5,12,5,10,119
9.5,12,5,11,119
9.5,12,5,12,120
9.5,12,5,13,120
9.5,12,5,14,121
9.5,12,5,15,121
9.5,12,6,0,114
9.5,12,6,1,114
9.5,12,6,2,115
9.5,12,6,3,116
9.5,12,6,4,116
9.5,12,6,5,117
9.5,12,6,6,117
9.5,12,6,7,118
9.5,12,6,8,118
9.5,12,6,9,119
9.5,12,6,10,119
9.5,12,6,11,120
9.5,12,6,12,120
9.5,12,6,13,121
9.5,12,6,14,121
9.5,12,6,15,122
9.5,12,7,0,115
9.5,12,7,1,115
9.5,12,7,2,116
9.5,12,7,3,116
9.5,12,7,4,117
9.5,12,7,5,117
9.5,12,7,6,118
9.5,12,7,7,118
9.5,12,7,8,119
9.5,12,7,9,119
9.5,12,7,10,120
9.5,12,7,11,121
9.5,12,7,12,121
9.5,12,7,13,122
9.5,12,7,14,122
9.5,12,7,15,123
9.5,12,8,0,115
9.5,12,8,1,116
9.5,12,8,2,116
9.5,12,8,3,117
9.5,12,8,4,117
9.5,12,8,5,118
9.5,12,8,6,119
9.5,12,8,7,119
9.5,12,8,8,120
9.5,12,8,9,120
9.5,12,8,10,121
9.5,12,8,11,121
9.5,12,8,12,122
9.5,12,8,13,122
9.5,12,8,14,123
9.5,12,8,15,123
9.5,12,9,0,116
9.5,12,9,1,116
9.5,12,9,2,117
9.5,12,9,3,117
9.5,12,9,4,118
9.5,12,9,5,119
9.5,12,9,6,119
9.5,12,9,7,120
9.5,12,9,8,120
9.5,12,9,9,121
9.5,12,9,10,121
9.5,12,9,11,122
9.5,12,9,12,122
9.5,12,9,13,123
9.5,12,9,14,124
9.5,12,9,15,124
9.5,12,10,0,116
9.5,12,10,1,117
9.5,12,10,2,118
9.5,12,10,3,118
9.5,12,10,4,119
9.5,12,10,5,119
9.5,12,10,6,120
9.5,12,10,7,120
9.5,12,10,8,121
9.5,12,10,9,121
9.5,12,10,10,122
9.5,12,10,11,123
9.5,12,10,12,123
9.5,12,10,13,124
9.5,12,10,14,124
9.5,12,10,15,125
9.5,12,11,0,117
9.5,12,11,1,118
9.5,12,11,2,118
9.5,12,11,3,119
9.5,12,11,4,119
9.5,12,11,5,120
9.5,12,11,6,120
9.5,12,11,7,121
9.5,12,11,8,122
9.5,12,11,9,122
9.5,12,11,10,123
9.5,12,11,11,123
9.5,12,11,12,124
9.5,12,11,13,124
9.5,12,11,14,125
9.5,12,11,15,125
9.5,12,12,0,118
9.5,12,12,1,118
9.5,12,12,2,119
9.5,12,12,3,119
9.5,12,12,4,120
9.5,12,12,5,121
9.5,12,12,6,121
9.5,12,12,7,122
9.5,12,12,8,122
9.5,12,12,9,123
9.5,12,12,10,123
9.5,12,12,11,124
9.5,12,12,12,124
9.5,12,12,13,125
9.5,12,12,14,126
9.5,12,12,15,126
9.5,12,13,0,118
9.5,12,13,1,119
9.5,12,13,2,119
9.5,12,13,3,120
9.5,12,13,4,121
9.5,12,13,5,121
9.5,12,13,6,122
9.5,12,13,7,122
9.5,12,13,8,123
9.5,12,13,9,123
9.5,12,13,10,124
9.5,12,13,11,125
9.5,12,13,12,125
9.5,12,13,13,126
9.5,12,13,14,126
9.5,12,13,15,127
9.5,12,14,0,119
9.5,12,14,1,119
9.5,12,14,2,120
9.5,12,14,3,121
9.5,12,14,4,121
9.5,12,14,5,122
9.5,12,14,6,122
9.5,12,14,7,123
9.5,12,14,8,124
9.5,12,14,9,124
9.5,12,14,10,125
9.5,12,14,11,125
9.5,12,14,12,126
9.5,12,14,13,126
9.5,12,14,14,127
9.5,12,14,15,127
9.5,12,15,0,120
9.5,12,15,1,120
9.5,12,15,2,121
9.5,12,15,3,121
9.5,12,15,4,122
9.5,12,15,5,122
9.5,12,15,6,123
9.5,12,15,7,124
9.5,12,15,8,124
9.5,12,15,9,125
9.5,12,15,10,125
9.5,12,15,11,126
9.5,12,15,12,126
9.5,12,15,13,127
9.5,12,15,14,127
9.5,12,15,15,128
9.5,13,0,0,112
9.5,13,0,1,112
9.5,13,0,2,113
9.5,13,0,3,113
9.5,13,0,4,114
9.5,13,0,5,114
9.5,13,0,6,115
9.5,13,0,7,115
9.5,13,0,8,116
9.5,13,0,9,116
9.5,13,0,10,117
9.5,13,0,11,117
9.5,13,0,12,118
9.5,13,0,13,118
9.5,13,0,14,119
9.5,13,0,15,119
9.5,13,1,0,112
9.5,13,1,1,113
9.5,13,1,2,113
9.5,13,1,3,114
9.5,13,1,4,114
9.5,13,1,5,115
9.5,13,1,6,115
9.5,13,1,7,116
9.5,13,1,8,117
9.5,13,1,9,117
9.5,13,1,10,118
9.5,13,1,11,118
9.5,13,1,12,119
9.5,13,1,13,119
9.5,13,1,14,120
9.5,13,1,15,120
9.5,13,2,0,113
9.5,13,2,1,113
9.5,13,2,2,114
9.5,13,2,3,115
9.5,13,2,4,115
9.5,13,2,5,116
9.5,13,2,6,116
9.5,13,2,7,117
9.5,13,2,8,117
9.5,13,2,9,118
9.5,13,2,10,118
9.5,13,2,11,119
9.5,13,2,12,119
9.5,13,2,13,120
9.5,13,2,14,120
9.5,13,2,15,121
9.5,13,3,0,114
9.5,13,3,1,114
9.5,13,3,2,115
9.5,13,3,3,115
9.5,13,3,4,116
9.5,13,3,5,116
9.5,13,3,6,117
9.5,13,3,7,117
9.5,13,3,8,118
9.5,13,3,9,118
9.5,13,3,10,119
9.5,13,3,11,120
9.5,13,3,12,120
9.5,13,3,13,121
9.5,13,3,14,121
9.5,13,3,15,122
9.5,13,4,0,114
9.5,13,4,1,115
9.5,13,4,2,115
9.5,13,4,3,116
9.5,13,4,4,116
9.5,13,4,5,117
9.5,13,4,6,118
9.5,13,4,7,118
9.5,13,4,8,119
9.5,13,4,9,119
9.5,13,4,10,120
9.5,13,4,11,120
9.5,13,4,12,121
9.5,13,4,13,121
9.5,13,4,14,122
9.5,13,4,15,122
9.5,13,5,0,115
9.5,13,5,1,115
9.5,13,5,2,116
9.5,13,5,3,117
9.5,13,5,4,117
9.5,13,5,5,118
9.5,13,5,6,118
9.5,13,5,7,119
9.5,13,5,8,119
9.5,13,5,9,120
9.5,13,5,10,120
9.5,13,5,11,121
9.5,13,5,12,121
9.5,13,5,13,122
9.5,13,5,14,122
9.5,13,5,15,123
9.5,13,6,0,115
9.5,13,6,1,116
9.5,13,6,2,117
9.5,13,6,3,117
9.5,13,6,4,118
9.5,13,6,5,118
9.5,13,6,6,119
9.5,13,6,7,119
9.5,13,6,8,120
9.5,13,6,9,120
9.5,13,6,10,121
9.5,13,6,11,122
9.5,13,6,12,122
9.5,13,6,13,123
9.5,13,6,14,123
9.5,13,6,15,124
9.5,13,7,0,116
9.5,13,7,1,117
9.5,13,7,2,117
9.5,13,7,3,118
9.5,13,7,4,118
9.5,13,7,5,119
9.5,13,7,6,120
9.5,13,7,7,120
9.5,13,7,8,121
9.5,13,7,9,121
9.5,13,7,10,122
9.5,13,7,11,122
9.5,13,7,12,123
9.5,13,7,13,123
9.5,13,7,14,124
9.5,13,7,15,124
9.5,13,8,0,117
9.5,13,8,1,117
9.5,13,8,2,118
9.5,13,8,3,118
9.5,13,8,4,119
9.5,13,8,5,120
9.5,13,8,6,120
9.5,13,8,7,121
9.5,13,8,8,121
9.5,13,8,9,122
9.5,13,8,10,122
9.5,13,8,11,123
9.5,13,8,12,123
9.5,13,8,13,124
9.5,13,8,14,125
9.5,13,8,15,125
9.5,13,9,0,117
9.5,13,9,1,118
9.5,13,9,2,119
9.5,13,9,3,119
9.5,13,9,4,120
9.5,13,9,5,120
9.5,13,9,6,121
9.5,13,9,7,121
9.5,13,9,8,122
9.5,13,9,9,123
9.5,13,9,10,123
9.5,13,9,11,124
9.5,13,9,12,124
9.5,13,9,13,125
9.5,13,9,14,125
9.5,13,9,15,126
9.5,13,10,0,118
9.5,13,10,1,119
9.5,13,10,2,119
9.5,13,10,3,120
9.5,13,10,4,120
9.5,13,10,5,121
9.5,13,10,6,122
9.5,13,10,7,122
9.5,13,10,8,123
9.5,13,10,9,123
9.5,13,10,10,124
9.5,13,10,11,124
9.5,13,10,12,125
9.5,13,10,13,125
9.5,13,10,14,126
9.5,13,10,15,126
9.5,13,11,0,119
9.5,13,11,1,119
9.5,13,11,2,120
9.5,13,11,3,120
9.5,13,11,4,121
9.5,13,11,5,122
9.5,13,11,6,122
9.5,13,11,7,123
9.5,13,11,8,123
9.5,13,11,9,124
9.5,13,11,10,124
9.5,13,11,11,125
9.5,13,11,12,126
9.5,13,11,13,126
9.5,13,11,14,127
9.5,13,11,15,127
9.5,13,12,0,119
9.5,13,12,1,120
9.5,13,12,2,121
9.5,13,12,3,121
9.5,13,12,4,122
9.5,13,12,5,122
9.5,13,12,6,123
9.5,13,12,7,123
9.5,13,12,8,124
9.5,13,12,9,125
9.5,13,12,10,125
9.5,13,12,11,126
9.5,13,12,12,126
9.5,13,12,13,127
9.5,13,12,14,127
9.5,13,12,15,128
9.5,13,13,0,120
9.5,13,13,1,121
9.5,13,13,2,121
9.5,13,13,3,122
9.5,13,13,4,122
9.5,13,13,5,123
9.5,13,13,6,123
9.5,13,13,7,124
9.5,13,13,8,125
9.5,13,13,9,125
9.5,13,13,10,126
9.5,13,13,11,126
9.5,13,13,12,127
9.5,13,13,13,127
9.5,13,13,14,128
9.5,13,13,15,129
9.5,13,14,0,121
9.5,13,14,1,121
9.5,13,14,2,122
9.5,13,14,3,122
9.5,13,14,4,123
9.5,13,14,5,124
9.5,13,14,6,124
9.5,13,14,7,125
9.5,13,14,8,125
9.5,13,14,9,126
9.5,13,14,10,126
9.5,13,14,11,127
9.5,13,14,12,128
9.5,13,14,13,128
9.5,13,14,14,129
9.5,13,14,15,129
9.5,13,15,0,121
9.5,13,15,1,122
9.5,13,15,2,122
9.5,13,15,3,123
9.5,13,15,4,124
9.5,13,15,5,124
9.5,13,15,6,125
9.5,13,15,7,125
9.5,13,15,8,126
9.5,13,15,9,126
9.5,13,15,10,127
9.5,13,15,11,128
9.5,13,15,12,128
9.5,13,15,13,129
9.5,13,15,14,129
9.5,13,15,15,130
9.5,14,0,0,113
9.5,14,0,1,114
9.5,14,0,2,114
9.5,14,0,3,115
9.5,14,0,4,115
9.5,14,0,5,116
9.5,14,0,6,116
9.5,14,0,7,117
9.5,14,0,8,117
9.5,14,0,9,118
9.5,14,0,10,119
9.5,14,0,11,119
9.5,14,0,12,120
9.5,14,0,13,120
9.5,14,0,14,121
9.5,14,0,15,121
9.5,14,1,0,114
9.5,14,1,1,114
9.5,14,1,2,115
9.5,14,1,3,115
9.5,14,1,4,116
9.5,14,1,5,117
9.5,14,1,6,117
9.5,14,1,7,118
9.5,14,1,8,118
9.5,14,1,9,119
9.5,14,1,10,119
9.5,14,1,11,120
9.5,14,1,12,120
9.5,14,1,13,121
9.5,14,1,14,121
9.5,14,1,15,122
9.5,14,2,0,114
9.5,14,2,1,115
9.5,14,2,2,116
9.5,14,2,3,116
9.5,14,2,4,117
9.5,14,2,5,117
9.5,14,2,6,118
9.5,14,2,7,118
9.5,14,2,8,119
9.5,14,2,9,119
9.5,14,2,10,120
9.5,14,2,11,120
9.5,14,2,12,121
9.5,14,2,13,122
9.5,14,2,14,122
9.5,14,2,15,123
9.5,14,3,0,115
9.5,14,3,1,116
9.5,14,3,2,116
9.5,14,3,3,117
9.5,14,3,4,117
9.5,14,3,5,118
9.5,14,3,6,118
9.5,14,3,7,119
9.5,14,3,8,120
9.5,14,3,9,120
9.5,14,3,10,121
9.5,14,3,11,121
9.5,14,3,12,122
9.5,14,3,13,122
9.5,14,3,14,123
9.5,14,3,15,123
9.5,14,4,0,116
9.5,14,4,1,116
9.5,14,4,2,117
9.5,14,4,3,117
9.5,14,4,4,118
9.5,14,4,5,119
9.5,14,4,6,119
9.5,14,4,7,120
9.5,14,4,8,120
9.5,14,4,9,121
9.5,14,4,10,121
9.5,14,4,11,122
9.5,14,4,12,122
9.5,14,4,13,123
9.5,14,4,14,123
9.5,14,4,15,124
9.5,14,5,0,116
9.5,14,5,1,117
9.5,14,5,2,118
9.5,14,5,3,118
9.5,14,5,4,119
9.5,14,5,5,119
9.5,14,5,6,120
9.5,14,5,7,120
9.5,14,5,8,121
9.5,14,5,9,121
9.5,14,5,10,122
9.5,14,5,11,123
9.5,14,5,12,123
9.5,14,5,13,124
9.5,14,5,14,124
9.5,14,5,15,125
9.5,14,6,0,117
9.5,14,6,1,118
9.5,14,6,2,118
9.5,14,6,3,119
9.5,14,6,4,119
9.5,14,6,5,120
9.5,14,6,6,121
9.5,14,6,7,121
9.5,14,6,8,122
9.5,14,6,9,122
9.5,14,6,10,123
9.5,14,6,11,123
9.5,14,6,12,124
9.5,14,6,13,124
9.5,14,6,14,125
9.5,14,6,15,125
9.5,14,7,0,118
9.5,14,7,1,118
9.5,14,7,2,119
9.5,14,7,3,119
9.5,14,7,4,120
9.5,14,7,5,121
9.5,14,7,6,121
9.5,14,7,7,122
9.5,14,7,8,122
9.5,14,7,9,123
9.5,14,7,10,123
9.5,14,7,11,124
9.5,14,7,12,125
9.5,14,7,13,125
9.5,14,7,14,126
9.5,14,7,15,126
9.5,14,8,0,118
9.5,14,8,1,119
9.5,14,8,2,120
9.5,14,8,3,120
9.5,14,8,4,121
9.5,14,8,5,121
9.5,14,8,6,122
9.5,14,8,7,122
9.5,14,8,8,123
9.5,14,8,9,124
9.5,14,8,10,124
9.5,14,8,11,125
9.5,14,8,12,125
9.5,14,8,13,126
9.5,14,8,14,126
9.5,14,8,15,127
9.5,14,9,0,119
9.5,14,9,1,120
9.5,14,9,2,120
9.5,14,9,3,121
9.5,14,9,4,121
9.5,14,9,5,122
9.5,14,9,6,123
9.5,14,9,7,123
9.5,14,9,8,124
9.5,14,9,9,124
9.5,14,9,10,125
9.5,14,9,11,125
9.5,14,9,12,126
9.5,14,9,13,126
9.5,14,9,14,127
9.5,14,9,15,128
9.5,14,10,0,120
9.5,14,10,1,120
9.5,14,10,2,121
9.5,14,10,3,121
9.5,14,10,4,122
9.5,14,10,5,123
9.5,14,10,6,123
9.5,14,10,7,124
9.5,14,10,8,124
9.5,14,10,9,125
9.5,14,10,10,125
9.5,14,10,11,126
9.5,14,10,12,127
9.5,14,10,13,127
9.5,14,10,14,128
9.5,14,10,15,128
9.5,14,11,0,120
9.5,14,11,1,121
9.5,14,11,2,122
9.5,14,11,3,122
9.5,14,11,4,123
9.5,14,11,5,123
9.5,14,11,6,124
9.5,14,11,7,124
9.5,14,11,8,125
9.5,14,11,9,126
9.5,14,11,10,126
9.5,14,11,11,127
9.5,14,11,12,127
9.5,14,11,13,128
9.5,14,11,14,128
9.5,14,11,15,129
9.5,14,12,0,121
9.5,14,12,1,122
9.5,14,12,2,122
9.5,14,12,3,123
9.5,14,12,4,123
9.5,14,12,5,124
9.5,14,12,6,125
9.5,14,12,7,125
9.5,14,12,8,126
9.5,14,12,9,126
9.5,14,12,10,127
9.5,14,12,11,127
9.5,14,12,12,128
9.5,14,12,13,129
9.5,14,12,14,129
9.5,14,12,15,130
9.5,14,13,0,122
9.5,14,13,1,122
9.5,14,13,2,123
9.5,14,13,3,123
9.5,14,13,4,124
9.5,14,13,5,125
9.5,14,13,6,125
9.5,14,13,7,126
9.5,14,13,8,126
9.5,14,13,9,127
9.5,14,13,10,127
9.5,14,13,11,128
9.5,14,13,12,129
9.5,14,13,13,129
9.5,14,13,14,130
9.5,14,13,15,130
9.5,14,14,0,122
9.5,14,14,1,123
9.5,14,14,2,123
9.5,14,14,3,124
9.5,14,14,4,125
9.5,14,14,5,125
9.5,14,14,6,126
9.5,14,14,7,126
9.5,14,14,8,127
9.5,14,14,9,128
9.5,14,14,10,128
9.5,14,14,11,129
9.5,14,14,12,129
9.5,14,14,13,130
9.5,14,14,14,130
9.5,14,14,15,131
9.5,14,15,0,123
9.5,14,15,1,124
9.5,14,15,2,124
9.5,14,15,3,125
9.5,14,15,4,125
9.5,14,15,5,126
9.5,14,15,6,126
9.5,14,15,7,127
9.5,14,15,8,128
9.5,14,15,9,128
9.5,14,15,10,129
9.5,14,15,11,129
9.5,14,15,12,130
9.5,14,15,13,131
9.5,14,15,14,131
9.5,14,15,15,132
9.5,15,0,0,115
9.5,15,0,1,115
9.5,15,0,2,116
9.5,15,0,3,116
9.5,15,0,4,117
9.5,15,0,5,117
9.5,15,0,6,118
9.5,15,0,7,119
9.5,15,0,8,119
9.5,15,0,9,120
9.5,15,0,10,120
9.5,15,0,11,121
9.5,15,0,12,121
9.5,15,0,13,122
9.5,15,0,14,122
9.5,15,0,15,123
9.5,15,1,0,115
9.5,15,1,1,116
9.5,15,1,2,116
9.5,15,1,3,117
9.5,15,1,4,118
9.5,15,1,5,118
9.5,15,1,6,119
9.5,15,1,7,119
9.5,15,1,8,120
9.5,15,1,9,120
9.5,15,1,10,121
9.5,15,1,11,121
9.5,15,1,12,122
9.5,15,1,13,122
9.5,15,1,14,123
9.5,15,1,15,124
9.5,15,2,0,116
9.5,15,2,1,117
9.5,15,2,2,117
9.5,15,2,3,118
9.5,15,2,4,118
9.5,15,2,5,119
9.5,15,2,6,119
9.5,15,2,7,120
9.5,15,2,8,120
9.5,15,2,9,121
9.5,15,2,10,122
9.5,15,2,11,122
9.5,15,2,12,123
9.5,15,2,13,123
9.5,15,2,14,124
9.5,15,2,15,124
9.5,15,3,0,117
9.5,15,3,1,117
9.5,15,3,2,118
9.5,15,3,3,118
9.5,15,3,4,119
9.5,15,3,5,120
9.5,15,3,6,120
9.5,15,3,7,121
9.5,15,3,8,121
9.5,15,3,9,122
9.5,15,3,10,122
9.5,15,3,11,123
9.5,15,3,12,123
9.5,15,3,13,124
9.5,15,3,14,124
9.5,15,3,15,125
9.5,15,4,0,117
9.5,15,4,1,118
9.5,15,4,2,119
9.5,15,4,3,119
9.5,15,4,4,120
9.5,15,4,5,120
9.5,15,4,6,121
9.5,15,4,7,121
9.5,15,4,8,122
9.5,15,4,9,122
9.5,15,4,10,123
9.5,15,4,11,124
9.5,15,4,12,124
9.5,15,4,13,125
9.5,15,4,14,125
9.5,15,4,15,126
9.5,15,5,0,118
9.5,15,5,1,119
9.5,15,5,2,119
9.5,15,5,3,120
9.5,15,5,4,120
9.5,15,5,5,121
9.5,15,5,6,121
9.5,15,5,7,122
9.5,15,5,8,123
9.5,15,5,9,123
9.5,15,5,10,124
9.5,15,5,11,124
9.5,15,5,12,125
9.5,15,5,13,125
9.5,15,5,14,126
9.5,15,5,15,126
9.5,15,6,0,119
9.5,15,6,1,119
9.5,15,6,2,120
9.5,15,6,3,120
9.5,15,6,4,121
9.5,15,6,5,122
9.5,15,6,6,122
9.5,15,6,7,123
9.5,15,6,8,123
9.5,15,6,9,124
9.5,15,6,10,124
9.5,15,6,11,125
9.5,15,6,12,126
9.5,15,6,13,126
9.5,15,6,14,127
9.5,15,6,15,127
9.5,15,7,0,119
9.5,15,7,1,120
9.5,15,7,2,121
9.5,15,7,3,121
9.5,15,7,4,122
9.5,15,7,5,122
9.5,15,7,6,123
9.5,15,7,7,123
9.5,15,7,8,124
9.5,15,7,9,125
9.5,15,7,10,125
9.5,15,7,11,126
9.5,15,7,12,126
9.5,15,7,13,127
9.5,15,7,14,127
9.5,15,7,15,128
9.5,15,8,0,120
9.5,15,8,1,121
9.5,15,8,2,121
9.5,15,8,3,122
9.5,15,8,4,122
9.5,15,8,5,123
9.5,15,8,6,124
9.5,15,8,7,124
9.5,15,8,8,125
9.5,15,8,9,125
9.5,15,8,10,126
9.5,15,8,11,126
9.5,15,8,12,127
9.5,15,8,13,127
9.5,15,8,14,128
9.5,15,8,15,129
9.5,15,9,0,121
9.5,15,9,1,121
9.5,15,9,2,122
9.5,15,9,3,122
9.5,15,9,4,123
9.5,15,9,5,124
9.5,15,9,6,124
9.5,15,9,7,125
9.5,15,9,8,125
9.5,15,9,9,126
9.5,15,9,10,127
9.5,15,9,11,127
9.5,15,9,12,128
9.5,15,9,13,128
9.5,15,9,14,129
9.5,15,9,15,129
9.5,15,10,0,121
9.5,15,10,1,122
9.5,15,10,2,123
9.5,15,10,3,123
9.5,15,10,4,124
9.5,15,10,5,124
9.5,15,10,6,125
9.5,15,10,7,125
9.5,15,10,8,126
9.5,15,10,9,127
9.5,15,10,10,127
9.5,15,10,11,128
9.5,15,10,12,128
9.5,15,10,13,129
9.5,15,10,14,129
9.5,15,10,15,130
9.5,15,11,0,122
9.5,15,11,1,123
9.5,15,11,2,123
9.5,15,11,3,124
9.5,15,11,4,124
9.5,15,11,5,125
9.5,15,11,6,126
9.5,15,11,7,126
9.5,15,11,8,127
9.5,15,11,9,127
9.5,15,11,10,128
9.5,15,11,11,128
9.5,15,11,12,129
9.5,15,11,13,130
9.5,15,11,14,130
9.5,15,11,15,131
9.5,15,12,0,123
9.5,15,12,1,123
9.5,15,12,2,124
9.5,15,12,3,124
9.5,15,12,4,125
9.5,15,12,5,126
9.5,15,12,6,126
9.5,15,12,7,127
9.5,15,12,8,127
9.5,15,12,9,128
9.5,15,12,10,129
9.5,15,12,11,129
9.5,15,12,12,130
9.5,15,12,13,130
9.5,15,12,14,131
9.5,15,12,15,131
9.5,15,13,0,123
9.5,15,13,1,124
9.5,15,13,2,125
9.5,15,13,3,125
9.5,15,13,4,126
9.5,15,13,5,126
9.5,15,13,6,127
9.5,15,13,7,127
9.5,15,13,8,128
9.5,15,13,9,129
9.5,15,13,10,129
9.5,15,13,11,130
9.5,15,13,12,130
9.5,15,13,13,131
9.5,15,13,14,132
9.5,15,13,15,132
9.5,15,14,0,124
9.5,15,14,1,125
9.5,15,14,2,125
9.5,15,14,3,126
9.5,15,14,4,126
9.5,15,14,5,127
9.5,15,14,6,128
9.5,15,14,7,128
9.5,15,14,8,129
9.5,15,14,9,129
9.5,15,14,10,130
9.5,15,14,11,130
9.5,15,14,12,131
9.5,15,14,13,132
9.5,15,14,14,132
9.5,15,14,15,133
9.5,15,15,0,125
9.5,15,15,1,125
9.5,15,15,2,126
9.5,15,15,3,126
9.5,15,15,4,127
9.5,15,15,5,128
9.5,15,15,6,128
9.5,15,15,7,129
9.5,15,15,8,129
9.5,15,15,9,130
9.5,15,15,10,131
9.5,15,15,11,131
9.5,15,15,12,132
9.5,15,15,13,132
9.5,15,15,14,133
9.5,15,15,15,133
10.0,0,0,0,96
10.0,0,0,1,97
10.0,0,0,2,97
10.0,0,0,3,98
10.0,0,0,4,98
10.0,0,0,5,99
10.0,0,0,6,99
10.0,0,0,7,100
10.0,0,0,8,100
10.0,0,0,9,101
10.0,0,0,10,101
10.0,0,0,11,101
10.0,0,0,12,102
10.0,0,0,13,102
10.0,0,0,14,103
10.0,0,0,15,103
10.0,0,1,0,97
10.0,0,1,1,97
10.0,0,1,2,98
10.0,0,1,3,98
10.0,0,1,4,99
10.0,0,1,5,99
10.0,0,1,6,100
10.0,0,1,7,100
10.0,0,1,8,101
10.0,0,1,9,101
10.0,0,1,10,102
10.0,0,1,11,102
10.0,0,1,12,103
10.0,0,1,13,103
10.0,0,1,14,103
10.0,0,1,15,104
10.0,0,2,0,98
10.0,0,2,1,98
10.0,0,2,2,99
10.0,0,2,3,99
10.0,0,2,4,99
10.0,0,2,5,100
10.0,0,2,6,100
10.0,0,2,7,101
10.0,0,2,8,101
10.0,0,2,9,102
10.0,0,2,10,102
10.0,0,2,11,103
10.0,0,2,12,103
10.0,0,2,13,104
10.0,0,2,14,104
10.0,0,2,15,105
10.0,0,3,0,98
10.0,0,3,1,99
10.0,0,3,2,99
10.0,0,3,3,100
10.0,0,3,4,100
10.0,0,3,5,101
10.0,0,3,6,101
10.0,0,3,7,101
10.0,0,3,8,102
10.0,0,3,9,102
10.0,0,3,10,103
10.0,0,3,11,103
10.0,0,3,12,104
10.0,0,3,13,104
10.0,0,3,14,105
10.0,0,3,15,105
10.0,0,4,0,99
10.0,0,4,1,99
10.0,0,4,2,100
10.0,0,4,3,100
10.0,0,4,4,101
10.0,0,4,5,101
10.0,0,4,6,102
10.0,0,4,7,102
10.0,0,4,8,103
10.0,0,4,9,103
10.0,0,4,10,103
10.0,0,4,11,104
10.0,0,4,12,104
10.0,0,4,13,105
10.0,0,4,14,105
10.0,0,4,15,106
10.0,0,5,0,99
10.0,0,5,1,100
10.0,0,5,2,100
10.0,0,5,3,101
10.0,0,5,4,101
10.0,0,5,5,102
10.0,0,5,6,102
10.0,0,5,7,103
10.0,0,5,8,103
10.0,0,5,9,104
10.0,0,5,10,104
10.0,0,5,11,105
10.0,0,5,12,105
10.0,0,5,13,105
10.0,0,5,14,106
10.0,0,5,15,106
10.0,0,6,0,100
10.0,0,6,1,100
10.0,0,6,2,101
10.0,0,6,3,101
10.0,0,6,4,102
10.0,0,6,5,102
10.0,0,6,6,103
10.0,0,6,7,103
10.0,0,6,8,104
10.0,0,6,9,104
10.0,0,6,10,105
10.0,0,6,11,105
10.0,0,6,12,106
10.0,0,6,13,106
10.0,0,6,14,107
10.0,0,6,15,107
10.0,0,7,0,100
10.0,0,7,1,101
10.0,0,7,2,101
10.0,0,7,3,102
10.0,0,7,4,102
10.0,0,7,5,103
10.0,0,7,6,103
10.0,0,7,7,104
10.0,0,7,8,104
10.0,0,7,9,105
10.0,0,7,10,105
10.0,0,7,11,106
10.0,0,7,12,106
10.0,0,7,13,107
10.0,0,7,14,107
10.0,0,7,15,108
10.0,0,8,0,101
10.0,0,8,1,101
10.0,0,8,2,102
10.0,0,8,3,102
10.0,0,8,4,103
10.0,0,8,5,103
10.0,0,8,6,104
10.0,0,8,7,104
10.0,0,8,8,105
10.0,0,8,9,105
10.0,0,8,10,106
10.0,0,8,11,106
10.0,0,8,12,107
10.0,0,8,13,107
10.0,0,8,14,108
10.0,0,8,15,108
10.0,0,9,0,102
10.0,0,9,1,102
10.0,0,9,2,103
10.0,0,9,3,103
10.0,0,9,4,104
10.0,0,9,5,104
10.0,0,9,6,104
10.0,0,9,7,105
10.0,0,9,8,105
10.0,0,9,9,106
10.0,0,9,10,106
10.0,0,9,11,107
10.0,0,9,12,107
10.0,0,9,13,108
10.0,0,9,14,108
10.0,0,9,15,109
10.0,0,10,0,102
10.0,0,10,1,103
10.0,0,10,2,103
10.0,0,10,3,104
10.0,0,10,4,104
10.0,0,10,5,105
10.0,0,10,6,105
10.0,0,10,7,106
10.0,0,10,8,106
10.0,0,10,9,107
10.0,0,10,10,107
10.0,0,10,11,107
10.0,0,10,12,108
10.0,0,10,13,108
10.0,0,10,14,109
10.0,0,10,15,109
10.0,0,11,0,103
10.0,0,11,1,103
10.0,0,11,2,104
10.0,0,11,3,104
10.0,0,11,4,105
10.0,0,11,5,105
10.0,0,11,6,106
10.0,0,11,7,106
10.0,0,11,8,107
10.0,0,11,9,107
10.0,0,11,10,108
10.0,0,11,11,108
10.0,0,11,12,109
10.0,0,11,13,109
10.0,0,11,14,109
10.0,0,11,15,110
10.0,0,12,0,103
10.0,0,12,1,104
10.0,0,12,2,104
10.0,0,12,3,105
10.0,0,12,4,105
10.0,0,12,5,106
10.0,0,12,6,106
10.0,0,12,7,107
10.0,0,12,8,107
10.0,0,12,9,108
10.0,0,12,10,108
10.0,0,12,11,109
10.0,0,12,12,109
10.0,0,12,13,110
10.0,0,12,14,110
10.0,0,12,15,111
10.0,0,13,0,104
10.0,0,13,1,104
10.0,0,13,2,105
10.0,0,13,3,105
10.0,0,13,4,106
10.0,0,13,5,106
10.0,0,13,6,107
10.0,0,13,7,107
10.0,0,13,8,108
10.0,0,13,9,108
10.0,0,13,10,109
10.0,0,13,11,109
10.0,0,13,12,110
10.0,0,13,13,110
10.0,0,13,14,111
10.0,0,13,15,111
10.0,0,14,0,104
10.0,0,14,1,105
10.0,0,14,2,105
10.0,0,14,3,106
10.0,0,14,4,106
10.0,0,14,5,107
10.0,0,14,6,107
10.0,0,14,7,108
10.0,0,14,8,108
10.0,0,14,9,109
10.0,0,14,10,109
10.0,0,14,11,110
10.0,0,14,12,110
10.0,0,14,13,111
10.0,0,14,14,111
10.0,0,14,15,112
10.0,0,15,0,105
10.0,0,15,1,105
10.0,0,15,2,106
10.0,0,15,3,106
10.0,0,15,4,107
10.0,0,15,5,107
10.0,0,15,6,108
10.0,0,15,7,108
10.0,0,15,8,109
10.0,0,15,9,109
10.0,0,15,10,110
10.0,0,15,11,110
10.0,0,15,12,111
10.0,0,15,13,111
10.0,0,15,14,112
10.0,0,15,15,112
10.0,1,0,0,98
10.0,1,0,1,99
10.0,1,0,2,99
10.0,1,0,3,99
10.0,1,0,4,100
10.0,1,0,5,100
10.0,1,0,6,101
10.0,1,0,7,101
10.0,1,0,8,102
10.0,1,0,9,102
10.0,1,0,10,103
10.0,1,0,11,103
10.0,1,0,12,104
10.0,1,0,13,104
10.0,1,0,14,105
10.0,1,0,15,105
10.0,1,1,0,99
10.0,1,1,1,99
10.0,1,1,2,100
10.0,1,1,3,100
10.0,1,1,4,101
10.0,1,1,5,101
10.0,1,1,6,102
10.0,1,1,7,102
10.0,1,1,8,102
10.0,1,1,9,103
10.0,1,1,10,103
10.0,1,1,11,104
10.0,1,1,12,104
10.0,1,1,13,105
10.0,1,1,14,105
10.0,1,1,15,106
10.0,1,2,0,99
10.0,1,2,1,100
10.0,1,2,2,100
10.0,1,2,3,101
10.0,1,2,4,101
10.0,1,2,5,102
10.0,1,2,6,102
10.0,1,2,7,103
10.0,1,2,8,103
10.0,1,2,9,104
10.0,1,2,10,104
10.0,1,2,11,104
10.0,1,2,12,105
10.0,1,2,13,105
10.0,1,2,14,106
10.0,1,2,15,106
10.0,1,3,0,100
10.0,1,3,1,100
10.0,1,3,2,101
10.0,1,3,3,101
10.0,1,3,4,102
10.0,1,3,5,102
10.0,1,3,6,103
10.0,1,3,7,103
10.0,1,3,8,104
10.0,1,3,9,104
10.0,1,3,10,105
10.0,1,3,11,105
10.0,1,3,12,106
10.0,1,3,13,106
10.0,1,3,14,106
10.0,1,3,15,107
10.0,1,4,0,100
10.0,1,4,1,101
10.0,1,4,2,101
10.0,1,4,3,102
10.0,1,4,4,102
10.0,1,4,5,103
10.0,1,4,6,103
10.0,1,4,7,104
10.0,1,4,8,104
10.0,1,4,9,105
10.0,1,4,10,105
10.0,1,4,11,106
10.0,1,4,12,106
10.0,1,4,13,107
10.0,1,4,14,107
10.0,1,4,15,108
10.0,1,5,0,101
10.0,1,5,1,101
10.0,1,5,2,102
10.0,1,5,3,102
10.0,1,5,4,103
10.0,1,5,5,103
10.0,1,5,6,104
10.0,1,5,7,104
10.0,1,5,8,105
10.0,1,5,9,105
10.0,1,5,10,106
10.0,1,5,11,106
10.0,1,5,12,107
10.0,1,5,13,107
10.0,1,5,14,108
10.0,1,5,15,108
10.0,1,6,0,102
10.0,1,6,1,102
10.0,1,6,2,103
10.0,1,6,3,103
10.0,1,6,4,104
10.0,1,6,5,104
10.0,1,6,6,105
10.0,1,6,7,105
10.0,1,6,8,105
10.0,1,6,9,106
10.0,1,6,10,106
10.0,1,6,11,107
10.0,1,6,12,107
10.0,1,6,13,108
10.0,1,6,14,108
10.0,1,6,15,109
10.0,1,7,0,102
10.0,1,7,1,103
10.0,1,7,2,103
10.0,1,7,3,104
10.0,1,7,4,104
10.0,1,7,5,105
10.0,1,7,6,105
10.0,1,7,7,106
10.0,1,7,8,106
10.0,1,7,9,107
10.0,1,7,10,107
10.0,1,7,11,108
10.0,1,7,12,108
10.0,1,7,13,108
10.0,1,7,14,109
10.0,1,7,15,109
10.0,1,8,0,103
10.0,1,8,1,103
10.0,1,8,2,104
10.0,1,8,3,104
10.0,1,8,4,105
10.0,1,8,5,105
10.0,1,8,6,106
10.0,1,8,7,106
10.0,1,8,8,107
10.0,1,8,9,107
10.0,1,8,10,108
10.0,1,8,11,108
10.0,1,8,12,109
10.0,1,8,13,109
10.0,1,8,14,110
10.0,1,8,15,110
10.0,1,9,0,103
10.0,1,9,1,104
10.0,1,9,2,104
10.0,1,9,3,105
10.0,1,9,4,105
10.0,1,9,5,106
10.0,1,9,6,106
10.0,1,9,7,107
10.0,1,9,8,107
10.0,1,9,9,108
10.0,1,9,10,108
10.0,1,9,11,109
10.0,1,9,12,109
10.0,1,9,13,110
10.0,1,9,14,110
10.0,1,9,15,111
10.0,1,10,0,104
10.0,1,10,1,104
10.0,1,10,2,105
10.0,1,10,3,105
10.0,1,10,4,106
10.0,1,10,5,106
10.0,1,10,6,107
10.0,1,10,7,107
10.0,1,10,8,108
10.0,1,10,9,108
10.0,1,10,10,109
10.0,1,10,11,109
10.0,1,10,12,110
10.0,1,10,13,110
10.0,1,10,14,111
10.0,1,10,15,111
10.0,1,11,0,104
10.0,1,11,1,105
10.0,1,11,2,105
10.0,1,11,3,106
10.0,1,11,4,106
10.0,1,11,5,107
10.0,1,11,6,107
10.0,1,11,7,108
10.0,1,11,8,108
10.0,1,11,9,109
10.0,1,11,10,109
10.0,1,11,11,110
10.0,1,11,12,110
10.0,1,11,13,111
10.0,1,11,14,111
10.0,1,11,15,112
10.0,1,12,0,105
10.0,1,12,1,105
10.0,1,12,2,106
10.0,1,12,3,106
10.0,1,12,4,107
10.0,1,12,5,107
10.0,1,12,6,108
10.0,1,12,7,108
10.0,1,12,8,109
10.0,1,12,9,109
10.0,1,12,10,110
10.0,1,12,11,110
10.0,1,12,12,111
10.0,1,12,13,111
10.0,1,12,14,112
10.0,1,12,15,112
10.0,1,13,0,105
10.0,1,13,1,106
10.0,1,13,2,107
10.0,1,13,3,107
10.0,1,13,4,108
10.0,1,13,5,108
10.0,1,13,6,109
10.0,1,13,7,109
10.0,1,13,8,110
10.0,1,13,9,110
10.0,1,13,10,111
10.0,1,13,11,111
10.0,1,13,12,112
10.0,1,13,13,112
10.0,1,13,14,113
10.0,1,13,15,113
10.0,1,14,0,106
10.0,1,14,1,107
10.0,1,14,2,107
10.0,1,14,3,108
10.0,1,14,4,108
10.0,1,14,5,109
10.0,1,14,6,109
10.0,1,14,7,110
10.0,1,14,8,110
10.0,1,14,9,111
10.0,1,14,10,111
10.0,1,14,11,112
10.0,1,14,12,112
10.0,1,14,13,113
10.0,1,14,14,113
10.0,1,14,15,114
10.0,1,15,0,107
10.0,1,15,1,107
10.0,1,15,2,108
10.0,1,15,3,108
10.0,1,15,4,109
10.0,1,15,5,109
10.0,1,15,6,110
10.0,1,15,7,110
10.0,1,15,8,111
10.0,1,15,9,111
10.0,1,15,10,112
10.0,1,15,11,112
10.0,1,15,12,113
10.0,1,15,13,113
10.0,1,15,14,114
10.0,1,15,15,114
10.0,2,0,0,100
10.0,2,0,1,100
10.0,2,0,2,101
10.0,2,0,3,101
10.0,2,0,4,102
10.0,2,0,5,102
10.0,2,0,6,103
10.0,2,0,7,103
10.0,2,0,8,104
10.0,2,0,9,104
10.0,2,0,10,104
10.0,2,0,11,105
10.0,2,0,12,105
10.0,2,0,13,106
10.0,2,0,14,106
10.0,2,0,15,107
10.0,2,1,0,100
10.0,2,1,1,101
10.0,2,1,2,101
10.0,2,1,3,102
10.0,2,1,4,102
10.0,2,1,5,103
10.0,2,1,6,103
10.0,2,1,7,104
10.0,2,1,8,104
10.0,2,1,9,105
10.0,2,1,10,105
10.0,2,1,11,106
10.0,2,1,12,106
10.0,2,1,13,107
10.0,2,1,14,107
10.0,2,1,15,107
10.0,2,2,0,101
10.0,2,2,1,101
10.0,2,2,2,102
10.0,2,2,3,102
10.0,2,2,4,103
10.0,2,2,5,103
10.0,2,2,6,104
10.0,2,2,7,104
10.0,2,2,8,105
10.0,2,2,9,105
10.0,2,2,10,106
10.0,2,2,11,106
10.0,2,2,12,107
10.0,2,2,13,107
10.0,2,2,14,108
10.0,2,2,15,108
10.0,2,3,0,101
10.0,2,3,1,102
10.0,2,3,2,102
10.0,2,3,3,103
10.0,2,3,4,103
10.0,2,3,5,104
10.0,2,3,6,104
10.0,2,3,7,105
10.0,2,3,8,105
10.0,2,3,9,106
10.0,2,3,10,106
10.0,2,3,11,107
10.0,2,3,12,107
10.0,2,3,13,108
10.0,2,3,14,108
10.0,2,3,15,109
10.0,2,4,0,102
10.0,2,4,1,103
10.0,2,4,2,103
10.0,2,4,3,104
10.0,2,4,4,104
10.0,2,4,5,105
10.0,2,4,6,105
10.0,2,4,7,106
10.0,2,4,8,106
10.0,2,4,9,107
10.0,2,4,10,107
10.0,2,4,11,107
10.0,2,4,12,108
10.0,2,4,13,108
10.0,2,4,14,109
10.0,2,4,15,109
10.0,2,5,0,103
10.0,2,5,1,103
10.0,2,5,2,104
10.0,2,5,3,104
10.0,2,5,4,105
10.0,2,5,5,105
10.0,2,5,6,106
10.0,2,5,7,106
10.0,2,5,8,107
10.0,2,5,9,107
10.0,2,5,10,108
10.0,2,5,11,108
10.0,2,5,12,109
10.0,2,5,13,109
10.0,2,5,14,110
10.0,2,5,15,110
10.0,2,6,0,103
10.0,2,6,1,104
10.0,2,6,2,104
10.0,2,6,3,105
10.0,2,6,4,105
10.0,2,6,5,106
10.0,2,6,6,106
10.0,2,6,7,107
10.0,2,6,8,107
10.0,2,6,9,108
10.0,2,6,10,108
10.0,2,6,11,109
10.0,2,6,12,109
10.0,2,6,13,110
10.0,2,6,14,110
10.0,2,6,15,111
10.0,2,7,0,104
10.0,2,7,1,104
10.0,2,7,2,105
10.0,2,7,3,105
10.0,2,7,4,106
10.0,2,7,5,106
10.0,2,7,6,107
10.0,2,7,7,107
10.0,2,7,8,108
10.0,2,7,9,108
10.0,2,7,10,109
10.0,2,7,11,109
10.0,2,7,12,110
10.0,2,7,13,110
10.0,2,7,14,111
10.0,2,7,15,111
10.0,2,8,0,104
10.0,2,8,1,105
10.0,2,8,2,105
10.0,2,8,3,106
10.0,2,8,4,106
10.0,2,8,5,107
10.0,2,8,6,107
10.0,2,8,7,108
10.0,2,8,8,108
10.0,2,8,9,109
10.0,2,8,10,109
10.0,2,8,11,110
10.0,2,8,12,110
10.0,2,8,13,111
10.0,2,8,14,111
10.0,2,8,15,112
10.0,2,9,0,105
10.0,2,9,1,105
10.0,2,9,2,106
10.0,2,9,3,107
10.0,2,9,4,107
10.0,2,9,5,108
10.0,2,9,6,108
10.0,2,9,7,109
10.0,2,9,8,109
10.0,2,9,9,110
10.0,2,9,10,110
10.0,2,9,11,111
10.0,2,9,12,111
10.0,2,9,13,112
10.0,2,9,14,112
10.0,2,9,15,112
10.0,2,10,0,106
10.0,2,10,1,106
10.0,2,10,2,107
10.0,2,10,3,107
10.0,2,10,4,108
10.0,2,10,5,108
10.0,2,10,6,109
10.0,2,10,7,109
10.0,2,10,8,110
10.0,2,10,9,110
10.0,2,10,10,111
10.0,2,10,11,111
10.0,2,10,12,112
10.0,2,10,13,112
10.0,2,10,14,113
10.0,2,10,15,113
10.0,2,11,0,106
10.0,2,11,1,107
10.0,2,11,2,107
10.0,2,11,3,108
10.0,2,11,4,108
10.0,2,11,5,109
10.0,2,11,6,109
10.0,2,11,7,110
10.0,2,11,8,110
10.0,2,11,9,111
10.0,2,11,10,111
10.0,2,11,11,112
10.0,2,11,12,112
10.0,2,11,13,113
10.0,2,11,14,113
10.0,2,11,15,114
10.0,2,12,0,107
10.0,2,12,1,107
10.0,2,12,2,108
10.0,2,12,3,108
10.0,2,12,4,109
10.0,2,12,5,109
10.0,2,12,6,110
10.0,2,12,7,110
10.0,2,12,8,111
10.0,2,12,9,111
10.0,2,12,10,112
10.0,2,12,11,112
10.0,2,12,12,113
10.0,2,12,13,113
10.0,2,12,14,114
10.0,2,12,15,114
10.0,2,13,0,107
10.0,2,13,1,108
10.0,2,13,2,108
10.0,2,13,3,109
10.0,2,13,4,109
10.0,2,13,5,110
10.0,2,13,6,110
10.0,2,13,7,111
10.0,2,13,8,111
10.0,2,13,9,112
10.0,2,13,10,112
10.0,2,13,11,113
10.0,2,13,12,113
10.0,2,13,13,114
10.0,2,13,14,114
10.0,2,13,15,115
10.0,2,14,0,108
10.0,2,14,1,108
10.0,2,14,2,109
10.0,2,14,3,109
10.0,2,14,4,110
10.0,2,14,5,110
10.0,2,14,6,111
10.0,2,14,7,111
10.0,2,14,8,112
10.0,2,14,9,112
10.0,2,14,10,113
10.0,2,14,11,114
10.0,2,14,12,114
10.0,2,14,13,115
10.0,2,14,14,115
10.0,2,14,15,116
10.0,2,15,0,108
10.0,2,15,1,109
10.0,2,15,2,109
10.0,2,15,3,110
10.0,2,15,4,110
10.0,2,15,5,111
10.0,2,15,6,112
10.0,2,15,7,112
10.0,2,15,8,113
10.0,2,15,9,113
10.0,2,15,10,114
10.0,2,15,11,114
10.0,2,15,12,115
10.0,2,15,13,115
10.0,2,15,14,116
10.0,2,15,15,116
10.0,3,0,0,101
10.0,3,0,1,102
10.0,3,0,2,102
10.0,3,0,3,103
10.0,3,0,4,103
10.0,3,0,5,104
10.0,3,0,6,104
10.0,3,0,7,105
10.0,3,0,8,105
10.0,3,0,9,106
10.0,3,0,10,106
10.0,3,0,11,107
10.0,3,0,12,107
10.0,3,0,13,108
10.0,3,0,14,108
10.0,3,0,15,109
10.0,3,1,0,102
10.0,3,1,1,102
10.0,3,1,2,103
10.0,3,1,3,103
10.0,3,1,4,104
10.0,3,1,5,104
10.0,3,1,6,105
10.0,3,1,7,105
10.0,3,1,8,106
10.0,3,1,9,106
10.0,3,1,10,107
10.0,3,1,11,107
10.0,3,1,12,108
10.0,3,1,13,108
10.0,3,1,14,109
10.0,3,1,15,109
10.0,3,2,0,103
10.0,3,2,1,103
10.0,3,2,2,104
10.0,3,2,3,104
10.0,3,2,4,105
10.0,3,2,5,105
10.0,3,2,6,106
10.0,3,2,7,106
10.0,3,2,8,107
10.0,3,2,9,107
10.0,3,2,10,107
10.0,3,2,11,108
10.0,3,2,12,108
10.0,3,2,13,109
10.0,3,2,14,109
10.0,3,2,15,110
10.0,3,3,0,103
10.0,3,3,1,104
10.0,3,3,2,104
10.0,3,3,3,105
10.0,3,3,4,105
10.0,3,3,5,106
10.0,3,3,6,106
10.0,3,3,7,107
10.0,3,3,8,107
10.0,3,3,9,108
10.0,3,3,10,108
10.0,3,3,11,109
10.0,3,3,12,109
10.0,3,3,13,110
10.0,3,3,14,110
10.0,3,3,15,111
10.0,3,4,0,104
10.0,3,4,1,104
10.0,3,4,2,105
10.0,3,4,3,105
10.0,3,4,4,106
10.0,3,4,5,106
10.0,3,4,6,107
10.0,3,4,7,107
10.0,3,4,8,108
10.0,3,4,9,108
10.0,3,4,10,109
10.0,3,4,11,109
10.0,3,4,12,110
10.0,3,4,13,110
10.0,3,4,14,111
10.0,3,4,15,111
10.0,3,5,0,104
10.0,3,5,1,105
10.0,3,5,2,105
10.0,3,5,3,106
10.0,3,5,4,106
10.0,3,5,5,107
10.0,3,5,6,107
10.0,3,5,7,108
10.0,3,5,8,108
10.0,3,5,9,109
10.0,3,5,10,109
10.0,3,5,11,110
10.0,3,5,12,110
10.0,3,5,13,111
10.0,3,5,14,111
10.0,3,5,15,112
10.0,3,6,0,105
10.0,3,6,1,105
10.0,3,6,2,106
10.0,3,6,3,106
10.0,3,6,4,107
10.0,3,6,5,108
10.0,3,6,6,108
10.0,3,6,7,109
10.0,3,6,8,109
10.0,3,6,9,110
10.0,3,6,10,110
10.0,3,6,11,110
10.0,3,6,12,111
10.0,3,6,13,111
10.0,3,6,14,112
10.0,3,6,15,112
10.0,3,7,0,106
10.0,3,7,1,106
10.0,3,7,2,107
10.0,3,7,3,107
10.0,3,7,4,108
10.0,3,7,5,108
10.0,3,7,6,109
10.0,3,7,7,109
10.0,3,7,8,110
10.0,3,7,9,110
10.0,3,7,10,111
10.0,3,7,11,111
10.0,3,7,12,112
10.0,3,7,13,112
10.0,3,7,14,113
10.0,3,7,15,113
10.0,3,8,0,106
10.0,3,8,1,107
10.0,3,8,2,107
10.0,3,8,3,108
10.0,3,8,4,108
10.0,3,8,5,109
10.0,3,8,6,109
10.0,3,8,7,110
10.0,3,8,8,110
10.0,3,8,9,111
10.0,3,8,10,111
10.0,3,8,11,112
10.0,3,8,12,112
10.0,3,8,13,113
10.0,3,8,14,113
10.0,3,8,15,114
10.0,3,9,0,107
10.0,3,9,1,107
10.0,3,9,2,108
10.0,3,9,3,108
10.0,3,9,4,109
10.0,3,9,5,109
10.0,3,9,6,110
10.0,3,9,7,110
10.0,3,9,8,111
10.0,3,9,9,111
10.0,3,9,10,112
10.0,3,9,11,112
10.0,3,9,12,113
10.0,3,9,13,113
10.0,3,9,14,114
10.0,3,9,15,114
10.0,3,10,0,107
10.0,3,10,1,108
10.0,3,10,2,108
10.0,3,10,3,109
10.0,3,10,4,109
10.0,3,10,5,110
10.0,3,10,6,110
10.0,3,10,7,111
10.0,3,10,8,111
10.0,3,10,9,112
10.0,3,10,10,112
10.0,3,10,11,113
10.0,3,10,12,113
10.0,3,10,13,114
10.0,3,10,14,114
10.0,3,10,15,115
10.0,3,11,0,108
10.0,3,11,1,108
10.0,3,11,2,109
10.0,3,11,3,109
10.0,3,11,4,110
10.0,3,11,5,110
10.0,3,11,6,111
10.0,3,11,7,112
10.0,3,11,8,112
10.0,3,11,9,113
10.0,3,11,10,113
10.0,3,11,11,114
10.0,3,11,12,114
10.0,3,11,13,115
10.0,3,11,14,115
10.0,3,11,15,116
10.0,3,12,0,108
10.0,3,12,1,109
10.0,3,12,2,110
10.0,3,12,3,110
10.0,3,12,4,111
10.0,3,12,5,111
10.0,3,12,6,112
10.0,3,12,7,112
10.0,3,12,8,113
10.0,3,12,9,113
10.0,3,12,10,114
10.0,3,12,11,114
10.0,3,12,12,115
10.0,3,12,13,115
10.0,3,12,14,116
10.0,3,12,15,116
10.0,3,13,0,109
10.0,3,13,1,110
10.0,3,13,2,110
10.0,3,13,3,111
10.0,3,13,4,111
10.0,3,13,5,112
10.0,3,13,6,112
10.0,3,13,7,113
10.0,3,13,8,113
10.0,3,13,9,114
10.0,3,13,10,114
10.0,3,13,11,115
10.0,3,13,12,115
10.0,3,13,13,116
10.0,3,13,14,116
10.0,3,13,15,117
10.0,3,14,0,110
10.0,3,14,1,110
10.0,3,14,2,111
10.0,3,14,3,111
10.0,3,14,4,112
10.0,3,14,5,112
10.0,3,14,6,113
10.0,3,14,7,113
10.0,3,14,8,114
10.0,3,14,9,114
10.0,3,14,10,115
10.0,3,14,11,115
10.0,3,14,12,116
10.0,3,14,13,116
10.0,3,14,14,117
10.0,3,14,15,117
10.0,3,15,0,110
10.0,3,15,1,111
10.0,3,15,2,111
10.0,3,15,3,112
10.0,3,15,4,112
10.0,3,15,5,113
10.0,3,15,6,113
10.0,3,15,7,114
10.0,3,15,8,114
10.0,3,15,9,115
10.0,3,15,10,115
10.0,3,15,11,116
10.0,3,15,12,116
10.0,3,15,13,117
10.0,3,15,14,118
10.0,3,15,15,118
10.0,4,0,0,103
10.0,4,0,1,103
10.0,4,0,2,104
10.0,4,0,3,104
10.0,4,0,4,105
10.0,4,0,5,105
10.0,4,0,6,106
10.0,4,0,7,106
10.0,4,0,8,107
10.0,4,0,9,107
10.0,4,0,10,108
10.0,4,0,11,108
10.0,4,0,12,109
10.0,4,0,13,109
10.0,4,0,14,110
10.0,4,0,15,110
10.0,4,1,0,104
10.0,4,1,1,104
10.0,4,1,2,105
10.0,4,1,3,105
10.0,4,1,4,106
10.0,4,1,5,106
10.0,4,1,6,107
10.0,4,1,7,107
10.0,4,1,8,108
10.0,4,1,9,108
10.0,4,1,10,109
10.0,4,1,11,109
10.0,4,1,12,110
10.0,4,1,13,110
10.0,4,1,14,111
10.0,4,1,15,111
10.0,4,2,0,104
10.0,4,2,1,105
10.0,4,2,2,105
10.0,4,2,3,106
10.0,4,2,4,106
10.0,4,2,5,107
10.0,4,2,6,107
10.0,4,2,7,108
10.0,4,2,8,108
10.0,4,2,9,109
10.0,4,2,10,109
10.0,4,2,11,110
10.0,4,2,12,110
10.0,4,2,13,111
10.0,4,2,14,111
10.0,4,2,15,112
10.0,4,3,0,105
10.0,4,3,1,105
10.0,4,3,2,106
10.0,4,3,3,106
10.0,4,3,4,107
10.0,4,3,5,107
10.0,4,3,6,108
10.0,4,3,7,108
10.0,4,3,8,109
10.0,4,3,9,109
10.0,4,3,10,110
10.0,4,3,11,110
10.0,4,3,12,111
10.0,4,3,13,111
10.0,4,3,14,112
10.0,4,3,15,112
10.0,4,4,0,105
10.0,4,4,1,106
10.0,4,4,2,106
10.0,4,4,3,107
10.0,4,4,4,107
10.0,4,4,5,108
10.0,4,4,6,109
10.0,4,4,7,109
10.0,4,4,8,110
10.0,4,4,9,110
10.0,4,4,10,111
10.0,4,4,11,111
10.0,4,4,12,111
10.0,4,4,13,112
10.0,4,4,14,112
10.0,4,4,15,113
10.0,4,5,0,106
10.0,4,5,1,107
10.0,4,5,2,107
10.0,4,5,3,108
10.0,4,5,4,108
10.0,4,5,5,109
10.0,4,5,6,109
10.0,4,5,7,110
10.0,4,5,8,110
10.0,4,5,9,111
10.0,4,5,10,111
10.0,4,5,11,112
10.0,4,5,12,112
10.0,4,5,13,113
10.0,4,5,14,113
10.0,4,5,15,114
10.0,4,6,0,107
10.0,4,6,1,107
10.0,4,6,2,108
10.0,4,6,3,108
10.0,4,6,4,109
10.0,4,6,5,109
10.0,4,6,6,110
10.0,4,6,7,110
10.0,4,6,8,111
10.0,4,6,9,111
10.0,4,6,10,112
10.0,4,6,11,112
10.0,4,6,12,113
10.0,4,6,13,113
10.0,4,6,14,114
10.0,4,6,15,114
10.0,4,7,0,107
10.0,4,7,1,108
10.0,4,7,2,108
10.0,4,7,3,109
10.0,4,7,4,109
10.0,4,7,5,110
10.0,4,7,6,110
10.0,4,7,7,111
10.0,4,7,8,111
10.0,4,7,9,112
10.0,4,7,10,112
10.0,4,7,11,113
10.0,4,7,12,113
10.0,4,7,13,114
10.0,4,7,14,114
10.0,4,7,15,115
10.0,4,8,0,108
10.0,4,8,1,108
10.0,4,8,2,109
10.0,4,8,3,109
10.0,4,8,4,110
10.0,4,8,5,110
10.0,4,8,6,111
10.0,4,8,7,112
10.0,4,8,8,112
10.0,4,8,9,113
10.0,4,8,10,113
10.0,4,8,11,114
10.0,4,8,12,114
10.0,4,8,13,115
10.0,4,8,14,115
10.0,4,8,15,116
10.0,4,9,0,108
10.0,4,9,1,109
10.0,4,9,2,110
10.0,4,9,3,110
10.0,4,9,4,111
10.0,4,9,5,111
10.0,4,9,6,112
10.0,4,9,7,112
10.0,4,9,8,113
10.0,4,9,9,113
10.0,4,9,10,114
10.0,4,9,11,114
10.0,4,9,12,115
10.0,4,9,13,115
10.0,4,9,14,116
10.0,4,9,15,116
10.0,4,10,0,109
10.0,4,10,1,110
10.0,4,10,2,110
10.0,4,10,3,111
10.0,4,10,4,111
10.0,4,10,5,112
10.0,4,10,6,112
10.0,4,10,7,113
10.0,4,10,8,113
10.0,4,10,9,114
10.0,4,10,10,114
10.0,4,10,11,115
10.0,4,10,12,115
10.0,4,10,13,116
10.0,4,10,14,116
10.0,4,10,15,117
10.0,4,11,0,110
10.0,4,11,1,110
10.0,4,11,2,111
10.0,4,11,3,111
10.0,4,11,4,112
10.0,4,11,5,112
10.0,4,11,6,113
10.0,4,11,7,113
10.0,4,11,8,114
10.0,4,11,9,114
10.0,4,11,10,115
10.0,4,11,11,115
10.0,4,11,12,116
10.0,4,11,13,116
10.0,4,11,14,117
10.0,4,11,15,117
10.0,4,12,0,110
10.0,4,12,1,111
10.0,4,12,2,111
10.0,4,12,3,112
10.0,4,12,4,112
10.0,4,12,5,113
10.0,4,12,6,113
10.0,4,12,7,114
10.0,4,12,8,114
10.0,4,12,9,115
10.0,4,12,10,116
10.0,4,12,11,116
10.0,4,12,12,117
10.0,4,12,13,117
10.0,4,12,14,118
10.0,4,12,15,118
10.0,4,13,0,111
10.0,4,13,1,111
10.0,4,13,2,112
10.0,4,13,3,112
10.0,4,13,4,113
10.0,4,13,5,113
10.0,4,13,6,114
10.0,4,13,7,115
10.0,4,13,8,115
10.0,4,13,9,116
10.0,4,13,10,116
10.0,4,13,11,117
10.0,4,13,12,117
10.0,4,13,13,118
10.0,4,13,14,118
10.0,4,13,15,119
10.0,4,14,0,111
10.0,4,14,1,112
10.0,4,14,2,112
10.0,4,14,3,113
10.0,4,14,4,114
10.0,4,14,5,114
10.0,4,14,6,115
10.0,4,14,7,115
10.0,4,14,8,116
10.0,4,14,9,116
10.0,4,14,10,117
10.0,4,14,11,117
10.0,4,14,12,118
10.0,4,14,13,118
10.0,4,14,14,119
10.0,4,14,15,119
10.0,4,15,0,112
10.0,4,15,1,112
10.0,4,15,2,113
10.0,4,15,3,114
10.0,4,15,4,114
10.0,4,15,5,115
10.0,4,15,6,115
10.0,4,15,7,116
10.0,4,15,8,116
10.0,4,15,9,117
10.0,4,15,10,117
10.0,4,15,11,118
10.0,4,15,12,118
10.0,4,15,13,119
10.0,4,15,14,119
10.0,4,15,15,120
10.0,5,0,0,105
10.0,5,0,1,105
10.0,5,0,2,106
10.0,5,0,3,106
10.0,5,0,4,107
10.0,5,0,5,107
10.0,5,0,6,108
10.0,5,0,7,108
10.0,5,0,8,109
10.0,5,0,9,109
10.0,5,0,10,110
10.0,5,0,11,110
10.0,5,0,12,111
10.0,5,0,13,111
10.0,5,0,14,112
10.0,5,0,15,112
10.0,5,1,0,105
10.0,5,1,1,106
10.0,5,1,2,106
10.0,5,1,3,107
10.0,5,1,4,107
10.0,5,1,5,108
10.0,5,1,6,108
10.0,5,1,7,109
10.0,5,1,8,109
10.0,5,1,9,110
10.0,5,1,10,110
10.0,5,1,11,111
10.0,5,1,12,111
10.0,5,1,13,112
10.0,5,1,14,112
10.0,5,1,15,113
10.0,5,2,0,106
10.0,5,2,1,106
10.0,5,2,2,107
10.0,5,2,3,107
10.0,5,2,4,108
10.0,5,2,5,108
10.0,5,2,6,109
10.0,5,2,7,109
10.0,5,2,8,110
10.0,5,2,9,110
10.0,5,2,10,111
10.0,5,2,11,111
10.0,5,2,12,112
10.0,5,2,13,112
10.0,5,2,14,113
10.0,5,2,15,113
10.0,5,3,0,106
10.0,5,3,1,107
10.0,5,3,2,108
10.0,5,3,3,108
10.0,5,3,4,109
10.0,5,3,5,109
10.0,5,3,6,110
10.0,5,3,7,110
10.0,5,3,8,111
10.0,5,3,9,111
10.0,5,3,10,112
10.0,5,3,11,112
10.0,5,3,12,113
10.0,5,3,13,113
10.0,5,3,14,114
10.0,5,3,15,114
10.0,5,4,0,107
10.0,5,4,1,108
10.0,5,4,2,108
10.0,5,4,3,109
10.0,5,4,4,109
10.0,5,4,5,110
10.0,5,4,6,110
10.0,5,4,7,111
10.0,5,4,8,111
10.0,5,4,9,112
10.0,5,4,10,112
10.0,5,4,11,113
10.0,5,4,12,113
10.0,5,4,13,114
10.0,5,4,14,114
10.0,5,4,15,115
10.0,5,5,0,108
10.0,5,5,1,108
10.0,5,5,2,109
10.0,5,5,3,109
10.0,5,5,4,110
10.0,5,5,5,110
10.0,5,5,6,111
10.0,5,5,7,111
10.0,5,5,8,112
10.0,5,5,9,112
10.0,5,5,10,113
10.0,5,5,11,113
10.0,5,5,12,114
10.0,5,5,13,114
10.0,5,5,14,115
10.0,5,5,15,115
10.0,5,6,0,108
10.0,5,6,1,109
10.0,5,6,2,109
10.0,5,6,3,110
10.0,5,6,4,110
10.0,5,6,5,111
10.0,5,6,6,112
10.0,5,6,7,112
10.0,5,6,8,113
10.0,5,6,9,113
10.0,5,6,10,114
10.0,5,6,11,114
10.0,5,6,12,115
10.0,5,6,13,115
10.0,5,6,14,116
10.0,5,6,15,116
10.0,5,7,0,109
10.0,5,7,1,109
10.0,5,7,2,110
10.0,5,7,3,111
10.0,5,7,4,111
10.0,5,7,5,112
10.0,5,7,6,112
10.0,5,7,7,113
10.0,5,7,8,113
10.0,5,7,9,114
10.0,5,7,10,114
10.0,5,7,11,115
10.0,5,7,12,115
10.0,5,7,13,116
10.0,5,7,14,116
10.0,5,7,15,117
10.0,5,8,0,110
10.0,5,8,1,110
10.0,5,8,2,111
10.0,5,8,3,111
10.0,5,8,4,112
10.0,5,8,5,112
10.0,5,8,6,113
10.0,5,8,7,113
10.0,5,8,8,114
10.0,5,8,9,114
10.0,5,8,10,115
10.0,5,8,11,115
10.0,5,8,12,116
10.0,5,8,13,116
10.0,5,8,14,117
10.0,5,8,15,117
10.0,5,9,0,110
10.0,5,9,1,111
10.0,5,9,2,111
10.0,5,9,3,112
10.0,5,9,4,112
10.0,5,9,5,113
10.0,5,9,6,113
10.0,5,9,7,114
10.0,5,9,8,114
10.0,5,9,9,115
10.0,5,9,10,115
10.0,5,9,11,116
10.0,5,9,12,116
10.0,5,9,13,117
10.0,5,9,14,118
10.0,5,9,15,118
10.0,5,10,0,111
10.0,5,10,1,111
10.0,5,10,2,112
10.0,5,10,3,112
10.0,5,10,4,113
10.0,5,10,5,113
10.0,5,10,6,114
10.0,5,10,7,115
10.0,5,10,8,115
10.0,5,10,9,116
10.0,5,10,10,116
10.0,5,10,11,117
10.0,5,10,12,117
10.0,5,10,13,118
10.0,5,10,14,118
10.0,5,10,15,119
10.0,5,11,0,111
10.0,5,11,1,112
10.0,5,11,2,112
10.0,5,11,3,113
10.0,5,11,4,114
10.0,5,11,5,114
10.0,5,11,6,115
10.0,5,11,7,115
10.0,5,11,8,116
10.0,5,11,9,116
10.0,5,11,10,117
10.0,5,11,11,117
10.0,5,11,12,118
10.0,5,11,13,118
10.0,5,11,14,119
10.0,5,11,15,119
10.0,5,12,0,112
10.0,5,12,1,113
10.0,5,12,2,113
10.0,5,12,3,114
10.0,5,12,4,114
10.0,5,12,5,115
10.0,5,12,6,115
10.0,5,12,7,116
10.0,5,12,8,116
10.0,5,12,9,117
10.0,5,12,10,117
10.0,5,12,11,118
10.0,5,12,12,118
10.0,5,12,13,119
10.0,5,12,14,119
10.0,5,12,15,120
10.0,5,13,0,113
10.0,5,13,1,113
10.0,5,13,2,114
10.0,5,13,3,114
10.0,5,13,4,115
10.0,5,13,5,115
10.0,5,13,6,116
10.0,5,13,7,116
10.0,5,13,8,117
10.0,5,13,9,117
10.0,5,13,10,118
10.0,5,13,11,118
10.0,5,13,12,119
10.0,5,13,13,120
10.0,5,13,14,120
10.0,5,13,15,121
10.0,5,14,0,113
10.0,5,14,1,114
10.0,5,14,2,114
10.0,5,14,3,115
10.0,5,14,4,115
10.0,5,14,5,116
10.0,5,14,6,116
10.0,5,14,7,117
10.0,5,14,8,118
10.0,5,14,9,118
10.0,5,14,10,119
10.0,5,14,11,119
10.0,5,14,12,120
10.0,5,14,13,120
10.0,5,14,14,121
10.0,5,14,15,121
10.0,5,15,0,114
10.0,5,15,1,114
10.0,5,15,2,115
10.0,5,15,3,115
10.0,5,15,4,116
10.0,5,15,5,116
10.0,5,15,6,117
10.0,5,15,7,118
10.0,5,15,8,118
10.0,5,15,9,119
10.0,5,15,10,119
10.0,5,15,11,120
10.0,5,15,12,120
10.0,5,15,13,121
10.0,5,15,14,121
10.0,5,15,15,122
10.0,6,0,0,106
10.0,6,0,1,107
10.0,6,0,2,107
10.0,6,0,3,108
10.0,6,0,4,108
10.0,6,0,5,109
10.0,6,0,6,109
10.0,6,0,7,110
10.0,6,0,8,110
10.0,6,0,9,111
10.0,6,0,10,111
10.0,6,0,11,112
10.0,6,0,12,112
10.0,6,0,13,113
10.0,6,0,14,113
10.0,6,0,15,114
10.0,6,1,0,107
10.0,6,1,1,107
10.0,6,1,2,108
10.0,6,1,3,108
10.0,6,1,4,109
10.0,6,1,5,110
10.0,6,1,6,110
10.0,6,1,7,111
10.0,6,1,8,111
10.0,6,1,9,112
10.0,6,1,10,112
10.0,6,1,11,113
10.0,6,1,12,113
10.0,6,1,13,114
10.0,6,1,14,114
10.0,6,1,15,115
10.0,6,2,0,108
10.0,6,2,1,108
10.0,6,2,2,109
10.0,6,2,3,109
10.0,6,2,4,110
10.0,6,2,5,110
10.0,6,2,6,111
10.0,6,2,7,111
10.0,6,2,8,112
10.0,6,2,9,112
10.0,6,2,10,113
10.0,6,2,11,113
10.0,6,2,12,114
10.0,6,2,13,114
10.0,6,2,14,115
10.0,6,2,15,115
10.0,6,3,0,108
10.0,6,3,1,109
10.0,6,3,2,109
10.0,6,3,3,110
10.0,6,3,4,110
10.0,6,3,5,111
10.0,6,3,6,111
10.0,6,3,7,112
10.0,6,3,8,112
10.0,6,3,9,113
10.0,6,3,10,113
10.0,6,3,11,114
10.0,6,3,12,114
10.0,6,3,13,115
10.0,6,3,14,115
10.0,6,3,15,116
10.0,6,4,0,109
10.0,6,4,1,109
10.0,6,4,2,110
10.0,6,4,3,110
10.0,6,4,4,111
10.0,6,4,5,111
10.0,6,4,6,112
10.0,6,4,7,112
10.0,6,4,8,113
10.0,6,4,9,114
10.0,6,4,10,114
10.0,6,4,11,115
10.0,6,4,12,115
10.0,6,4,13,116
10.0,6,4,14,116
10.0,6,4,15,117
10.0,6,5,0,109
10.0,6,5,1,110
10.0,6,5,2,111
10.0,6,5,3,111
10.0,6,5,4,112
10.0,6,5,5,112
10.0,6,5,6,113
10.0,6,5,7,113
10.0,6,5,8,114
10.0,6,5,9,114
10.0,6,5,10,115
10.0,6,5,11,115
10.0,6,5,12,116
10.0,6,5,13,116
10.0,6,5,14,117
10.0,6,5,15,117
10.0,6,6,0,110
10.0,6,6,1,111
10.0,6,6,2,111
10.0,6,6,3,112
10.0,6,6,4,112
10.0,6,6,5,113
10.0,6,6,6,113
10.0,6,6,7,114
10.0,6,6,8,114
10.0,6,6,9,115
10.0,6,6,10,115
10.0,6,6,11,116
10.0,6,6,12,116
10.0,6,6,13,117
10.0,6,6,14,117
10.0,6,6,15,118
10.0,6,7,0,111
10.0,6,7,1,111
10.0,6,7,2,112
10.0,6,7,3,112
10.0,6,7,4,113
10.0,6,7,5,113
10.0,6,7,6,114
10.0,6,7,7,114
10.0,6,7,8,115
10.0,6,7,9,115
10.0,6,7,10,116
10.0,6,7,11,117
10.0,6,7,12,117
10.0,6,7,13,118
10.0,6,7,14,118
10.0,6,7,15,119
10.0,6,8,0,111
10.0,6,8,1,112
10.0,6,8,2,112
10.0,6,8,3,113
10.0,6,8,4,113
10.0,6,8,5,114
10.0,6,8,6,115
10.0,6,8,7,115
10.0,6,8,8,116
10.0,6,8,9,116
10.0,6,8,10,117
10.0,6,8,11,117
10.0,6,8,12,118
10.0,6,8,13,118
10.0,6,8,14,119
10.0,6,8,15,119
10.0,6,9,0,112
10.0,6,9,1,112
10.0,6,9,2,113
10.0,6,9,3,114
10.0,6,9,4,114
10.0,6,9,5,115
10.0,6,9,6,115
10.0,6,9,7,116
10.0,6,9,8,116
10.0,6,9,9,117
10.0,6,9,10,117
10.0,6,9,11,118
10.0,6,9,12,118
10.0,6,9,13,119
10.0,6,9,14,119
10.0,6,9,15,120
10.0,6,10,0,113
10.0,6,10,1,113
10.0,6,10,2,114
10.0,6,10,3,114
10.0,6,10,4,115
10.0,6,10,5,115
10.0,6,10,6,116
10.0,6,10,7,116
10.0,6,10,8,117
10.0,6,10,9,117
10.0,6,10,10,118
10.0,6,10,11,118
10.0,6,10,12,119
10.0,6,10,13,119
10.0,6,10,14,120
10.0,6,10,15,121
10.0,6,11,0,113
10.0,6,11,1,114
10.0,6,11,2,114
10.0,6,11,3,115
10.0,6,11,4,115
10.0,6,11,5,116
10.0,6,11,6,116
10.0,6,11,7,117
10.0,6,11,8,117
10.0,6,11,9,118
10.0,6,11,10,119
10.0,6,11,11,119
10.0,6,11,12,120
10.0,6,11,13,120
10.0,6,11,14,121
10.0,6,11,15,121
10.0,6,12,0,114
10.0,6,12,1,114
10.0,6,12,2,115
10.0,6,12,3,115
10.0,6,12,4,116
10.0,6,12,5,116
10.0,6,12,6,117
10.0,6,12,7,118
10.0,6,12,8,118
10.0,6,12,9,119
10.0,6,12,10,119
10.0,6,12,11,120
10.0,6,12,12,120
10.0,6,12,13,121
10.0,6,12,14,121
10.0,6,12,15,122
10.0,6,13,0,114
10.0,6,13,1,115
10.0,6,13,2,115
10.0,6,13,3,116
10.0,6,13,4,117
10.0,6,13,5,117
10.0,6,13,6,118
10.0,6,13,7,118
10.0,6,13,8,119
10.0,6,13,9,119
10.0,6,13,10,120
10.0,6,13,11,120
10.0,6,13,12,121
10.0,6,13,13,121
10.0,6,13,14,122
10.0,6,13,15,122
10.0,6,14,0,115
10.0,6,14,1,115
10.0,6,14,2,116
10.0,6,14,3,117
10.0,6,14,4,117
10.0,6,14,5,118
10.0,6,14,6,118
10.0,6,14,7,119
10.0,6,14,8,119
10.0,6,14,9,120
10.0,6,14,10,120
10.0,6,14,11,121
10.0,6,14,12,122
10.0,6,14,13,122
10.0,6,14,14,123
10.0,6,14,15,123
10.0,6,15,0,116
10.0,6,15,1,116
10.0,6,15,2,117
10.0,6,15,3,117
10.0,6,15,4,118
10.0,6,15,5,118
10.0,6,15,6,119
10.0,6,15,7,119
10.0,6,15,8,120
10.0,6,15,9,121
10.0,6,15,10,121
10.0,6,15,11,122
10.0,6,15,12,122
10.0,6,15,13,123
10.0,6,15,14,123
10.0,6,15,15,124
10.0,7,0,0,108
10.0,7,0,1,108
10.0,7,0,2,109
10.0,7,0,3,109
10.0,7,0,4,110
10.0,7,0,5,111
10.0,7,0,6,111
10.0,7,0,7,112
10.0,7,0,8,112
10.0,7,0,9,113
10.0,7,0,10,113
10.0,7,0,11,114
10.0,7,0,12,114
10.0,7,0,13,115
10.0,7,0,14,115
10.0,7,0,15,116
10.0,7,1,0,109
10.0,7,1,1,109
10.0,7,1,2,110
10.0,7,1,3,110
10.0,7,1,4,111
10.0,7,1,5,111
10.0,7,1,6,112
10.0,7,1,7,112
10.0,7,1,8,113
10.0,7,1,9,113
10.0,7,1,10,114
10.0,7,1,11,114
10.0,7,1,12,115
10.0,7,1,13,115
10.0,7,1,14,116
10.0,7,1,15,116
10.0,7,2,0,109
10.0,7,2,1,110
10.0,7,2,2,110
10.0,7,2,3,111
10.0,7,2,4,111
10.0,7,2,5,112
10.0,7,2,6,112
10.0,7,2,7,113
10.0,7,2,8,113
10.0,7,2,9,114
10.0,7,2,10,114
10.0,7,2,11,115
10.0,7,2,12,115
10.0,7,2,13,116
10.0,7,2,14,116
10.0,7,2,15,117
10.0,7,3,0,110
10.0,7,3,1,110
10.0,7,3,2,111
10.0,7,3,3,111
10.0,7,3,4,112
10.0,7,3,5,113
10.0,7,3,6,113
10.0,7,3,7,114
10.0,7,3,8,114
10.0,7,3,9,115
10.0,7,3,10,115
10.0,7,3,11,116
10.0,7,3,12,116
10.0,7,3,13,117
10.0,7,3,14,117
10.0,7,3,15,118
10.0,7,4,0,110
10.0,7,4,1,111
10.0,7,4,2,112
10.0,7,4,3,112
10.0,7,4,4,113
10.0,7,4,5,113
10.0,7,4,6,114
10.0,7,4,7,114
10.0,7,4,8,115
10.0,7,4,9,115
10.0,7,4,10,116
10.0,7,4,11,116
10.0,7,4,12,117
10.0,7,4,13,117
10.0,7,4,14,118
10.0,7,4,15,118
10.0,7,5,0,111
10.0,7,5,1,112
10.0,7,5,2,112
10.0,7,5,3,113
10.0,7,5,4,113
10.0,7,5,5,114
10.0,7,5,6,114
10.0,7,5,7,115
10.0,7,5,8,115
10.0,7,5,9,116
10.0,7,5,10,116
10.0,7,5,11,117
10.0,7,5,12,118
10.0,7,5,13,118
10.0,7,5,14,119
10.0,7,5,15,119
10.0,7,6,0,112
10.0,7,6,1,112
10.0,7,6,2,113
10.0,7,6,3,113
10.0,7,6,4,114
10.0,7,6,5,114
10.0,7,6,6,115
10.0,7,6,7,116
10.0,7,6,8,116
10.0,7,6,9,117
10.0,7,6,10,117
10.0,7,6,11,118
10.0,7,6,12,118
10.0,7,6,13,119
10.0,7,6,14,119
10.0,7,6,15,120
10.0,7,7,0,112
10.0,7,7,1,113
10.0,7,7,2,113
10.0,7,7,3,114
10.0,7,7,4,115
10.0,7,7,5,115
10.0,7,7,6,116
10.0,7,7,7,116
10.0,7,7,8,117
10.0,7,7,9,117
10.0,7,7,10,118
10.0,7,7,11,118
10.0,7,7,12,119
10.0,7,7,13,119
10.0,7,7,14,120
10.0,7,7,15,120
10.0,7,8,0,113
10.0,7,8,1,114
10.0,7,8,2,114
10.0,7,8,3,115
10.0,7,8,4,115
10.0,7,8,5,116
10.0,7,8,6,116
10.0,7,8,7,117
10.0,7,8,8,117
10.0,7,8,9,118
10.0,7,8,10,118
10.0,7,8,11,119
10.0,7,8,12,119
10.0,7,8,13,120
10.0,7,8,14,121
10.0,7,8,15,121
10.0,7,9,0,114
10.0,7,9,1,114
10.0,7,9,2,115
10.0,7,9,3,115
10.0,7,9,4,116
10.0,7,9,5,116
10.0,7,9,6,117
10.0,7,9,7,117
10.0,7,9,8,118
10.0,7,9,9,119
10.0,7,9,10,119
10.0,7,9,11,120
10.0,7,9,12,120
10.0,7,9,13,121
10.0,7,9,14,121
10.0,7,9,15,122
10.0,7,10,0,114
10.0,7,10,1,115
10.0,7,10,2,115
10.0,7,10,3,116
10.0,7,10,4,116
10.0,7,10,5,117
10.0,7,10,6,118
10.0,7,10,7,118
10.0,7,10,8,119
10.0,7,10,9,119
10.0,7,10,10,120
10.0,7,10,11,120
10.0,7,10,12,121
10.0,7,10,13,121
10.0,7,10,14,122
10.0,7,10,15,122
10.0,7,11,0,115
10.0,7,11,1,115
10.0,7,11,2,116
10.0,7,11,3,117
10.0,7,11,4,117
10.0,7,11,5,118
10.0,7,11,6,118
10.0,7,11,7,119
10.0,7,11,8,119
10.0,7,11,9,120
10.0,7,11,10,120
10.0,7,11,11,121
10.0,7,11,12,121
10.0,7,11,13,122
10.0,7,11,14,123
10.0,7,11,15,123
10.0,7,12,0,115
10.0,7,12,1,116
10.0,7,12,2,117
10.0,7,12,3,117
10.0,7,12,4,118
10.0,7,12,5,118
10.0,7,12,6,119
10.0,7,12,7,119
10.0,7,12,8,120
10.0,7,12,9,120
10.0,7,12,10,121
10.0,7,12,11,122
10.0,7,12,12,122
10.0,7,12,13,123
10.0,7,12,14,123
10.0,7,12,15,124
10.0,7,13,0,116
10.0,7,13,1,117
10.0,7,13,2,117
10.0,7,13,3,118
10.0,7,13,4,118
10.0,7,13,5,119
10.0,7,13,6,119
10.0,7,13,7,120
10.0,7,13,8,121
10.0,7,13,9,121
10.0,7,13,10,122
10.0,7,13,11,122
10.0,7,13,12,123
10.0,7,13,13,123
10.0,7,13,14,124
10.0,7,13,15,124
10.0,7,14,0,117
10.0,7,14,1,117
10.0,7,14,2,118
10.0,7,14,3,118
10.0,7,14,4,119
10.0,7,14,5,120
10.0,7,14,6,120
10.0,7,14,7,121
10.0,7,14,8,121
10.0,7,14,9,122
10.0,7,14,10,122
10.0,7,14,11,123
10.0,7,14,12,123
10.0,7,14,13,124
10.0,7,14,14,124
10.0,7,14,15,125
10.0,7,15,0,117
10.0,7,15,1,118
10.0,7,15,2,118
10.0,7,15,3,119
10.0,7,15,4,120
10.0,7,15,5,120
10.0,7,15,6,121
10.0,7,15,7,121
10.0,7,15,8,122
10.0,7,15,9,122
10.0,7,15,10,123
10.0,7,15,11,123
10.0,7,15,12,124
10.0,7,15,13,125
10.0,7,15,14,125
10.0,7,15,15,126
10.0,8,0,0,110
10.0,8,0,1,110
10.0,8,0,2,111
10.0,8,0,3,111
10.0,8,0,4,112
10.0,8,0,5,112
10.0,8,0,6,113
10.0,8,0,7,113
10.0,8,0,8,114
10.0,8,0,9,114
10.0,8,0,10,115
10.0,8,0,11,115
10.0,8,0,12,116
10.0,8,0,13,116
10.0,8,0,14,117
10.0,8,0,15,117
10.0,8,1,0,110
10.0,8,1,1,111
10.0,8,1,2,111
10.0,8,1,3,112
10.0,8,1,4,112
10.0,8,1,5,113
10.0,8,1,6,113
10.0,8,1,7,114
10.0,8,1,8,114
10.0,8,1,9,115
10.0,8,1,10,116
10.0,8,1,11,116
10.0,8,1,12,117
10.0,8,1,13,117
10.0,8,1,14,118
10.0,8,1,15,118
10.0,8,2,0,111
10.0,8,2,1,111
10.0,8,2,2,112
10.0,8,2,3,112
10.0,8,2,4,113
10.0,8,2,5,114
10.0,8,2,6,114
10.0,8,2,7,115
10.0,8,2,8,115
10.0,8,2,9,116
10.0,8,2,10,116
10.0,8,2,11,117
10.0,8,2,12,117
10.0,8,2,13,118
10.0,8,2,14,118
10.0,8,2,15,119
10.0,8,3,0,112
10.0,8,3,1,112
10.0,8,3,2,113
10.0,8,3,3,113
10.0,8,3,4,114
10.0,8,3,5,114
10.0,8,3,6,115
10.0,8,3,7,115
10.0,8,3,8,116
10.0,8,3,9,116
10.0,8,3,10,117
10.0,8,3,11,117
10.0,8,3,12,118
10.0,8,3,13,118
10.0,8,3,14,119
10.0,8,3,15,119
10.0,8,4,0,112
10.0,8,4,1,113
10.0,8,4,2,113
10.0,8,4,3,114
10.0,8,4,4,114
10.0,8,4,5,115
10.0,8,4,6,115
10.0,8,4,7,116
10.0,8,4,8,116
10.0,8,4,9,117
10.0,8,4,10,118
10.0,8,4,11,118
10.0,8,4,12,119
10.0,8,4,13,119
10.0,8,4,14,120
10.0,8,4,15,120
10.0,8,5,0,113
10.0,8,5,1,113
10.0,8,5,2,114
10.0,8,5,3,114
10.0,8,5,4,115
10.0,8,5,5,116
10.0,8,5,6,116
10.0,8,5,7,117
10.0,8,5,8,117
10.0,8,5,9,118
10.0,8,5,10,118
10.0,8,5,11,119
10.0,8,5,12,119
10.0,8,5,13,120
10.0,8,5,14,120
10.0,8,5,15,121
10.0,8,6,0,113
10.0,8,6,1,114
10.0,8,6,2,115
10.0,8,6,3,115
10.0,8,6,4,116
10.0,8,6,5,116
10.0,8,6,6,117
10.0,8,6,7,117
10.0,8,6,8,118
10.0,8,6,9,118
10.0,8,6,10,119
10.0,8,6,11,119
10.0,8,6,12,120
10.0,8,6,13,120
10.0,8,6,14,121
10.0,8,6,15,122
10.0,8,7,0,114
10.0,8,7,1,115
10.0,8,7,2,115
10.0,8,7,3,116
10.0,8,7,4,116
10.0,8,7,5,117
10.0,8,7,6,117
10.0,8,7,7,118
10.0,8,7,8,118
10.0,8,7,9,119
10.0,8,7,10,120
10.0,8,7,11,120
10.0,8,7,12,121
10.0,8,7,13,121
10.0,8,7,14,122
10.0,8,7,15,122
10.0,8,8,0,115
10.0,8,8,1,115
10.0,8,8,2,116
10.0,8,8,3,116
10.0,8,8,4,117
10.0,8,8,5,118
10.0,8,8,6,118
10.0,8,8,7,119
10.0,8,8,8,119
10.0,8,8,9,120
10.0,8,8,10,120
10.0,8,8,11,121
10.0,8,8,12,121
10.0,8,8,13,122
10.0,8,8,14,122
10.0,8,8,15,123
10.0,8,9,0,115
10.0,8,9,1,116
10.0,8,9,2,116
10.0,8,9,3,117
10.0,8,9,4,118
10.0,8,9,5,118
10.0,8,9,6,119
10.0,8,9,7,119
10.0,8,9,8,120
10.0,8,9,9,120
10.0,8,9,10,121
10.0,8,9,11,121
10.0,8,9,12,122
10.0,8,9,13,123
10.0,8,9,14,123
10.0,8,9,15,124
10.0,8,10,0,116
10.0,8,10,1,117
10.0,8,10,2,117
10.0,8,10,3,118
10.0,8,10,4,118
10.0,8,10,5,119
10.0,8,10,6,119
10.0,8,10,7,120
10.0,8,10,8,120
10.0,8,10,9,121
10.0,8,10,10,122
10.0,8,10,11,122
10.0,8,10,12,123
10.0,8,10,13,123
10.0,8,10,14,124
10.0,8,10,15,124
10.0,8,11,0,117
10.0,8,11,1,117
10.0,8,11,2,118
10.0,8,11,3,118
10.0,8,11,4,119
10.0,8,11,5,119
10.0,8,11,6,120
10.0,8,11,7,121
10.0,8,11,8,121
10.0,8,11,9,122
10.0,8,11,10,122
10.0,8,11,11,123
10.0,8,11,12,123
10.0,8,11,13,124
10.0,8,11,14,124
10.0,8,11,15,125
10.0,8,12,0,117
10.0,8,12,1,118
10.0,8,12,2,118
10.0,8,12,3,119
10.0,8,12,4,120
10.0,8,12,5,120
10.0,8,12,6,121
10.0,8,12,7,121
10.0,8,12,8,122
10.0,8,12,9,122
10.0,8,12,10,123
10.0,8,12,11,123
10.0,8,12,12,124
10.0,8,12,13,125
10.0,8,12,14,125
10.0,8,12,15,126
10.0,8,13,0,118
10.0,8,13,1,118
10.0,8,13,2,119
10.0,8,13,3,120
10.0,8,13,4,120
10.0,8,13,5,121
10.0,8,13,6,121
10.0,8,13,7,122
10.0,8,13,8,122
10.0,8,13,9,123
10.0,8,13,10,124
10.0,8,13,11,124
10.0,8,13,12,125
10.0,8,13,13,125
10.0,8,13,14,126
10.0,8,13,15,126
10.0,8,14,0,118
10.0,8,14,1,119
10.0,8,14,2,120
10.0,8,14,3,120
10.0,8,14,4,121
10.0,8,14,5,121
10.0,8,14,6,122
10.0,8,14,7,122
10.0,8,14,8,123
10.0,8,14,9,124
10.0,8,14,10,124
10.0,8,14,11,125
10.0,8,14,12,125
10.0,8,14,13,126
10.0,8,14,14,126
10.0,8,14,15,127
10.0,8,15,0,119
10.0,8,15,1,120
10.0,8,15,2,120
10.0,8,15,3,121
10.0,8,15,4,121
10.0,8,15,5,122
10.0,8,15,6,123
10.0,8,15,7,123
10.0,8,15,8,124
10.0,8,15,9,124
10.0,8,15,10,125
10.0,8,15,11,125
10.0,8,15,12,126
10.0,8,15,13,126
10.0,8,15,14,127
10.0,8,15,15,128
10.0,9,0,0,111
10.0,9,0,1,112
10.0,9,0,2,112
10.0,9,0,3,113
10.0,9,0,4,113
10.0,9,0,5,114
10.0,9,0,6,114
10.0,9,0,7,115
10.0,9,0,8,115
10.0,9,0,9,116
10.0,9,0,10,117
10.0,9,0,11,117
10.0,9,0,12,118
10.0,9,0,13,118
10.0,9,0,14,119
10.0,9,0,15,119
10.0,9,1,0,112
10.0,9,1,1,112
10.0,9,1,2,113
10.0,9,1,3,113
10.0,9,1,4,114
10.0,9,1,5,115
10.0,9,1,6,115
10.0,9,1,7,116
10.0,9,1,8,116
10.0,9,1,9,117
10.0,9,1,10,117
10.0,9,1,11,118
10.0,9,1,12,118
10.0,9,1,13,119
10.0,9,1,14,119
10.0,9,1,15,120
10.0,9,2,0,113
10.0,9,2,1,113
10.0,9,2,2,114
10.0,9,2,3,114
10.0,9,2,4,115
10.0,9,2,5,115
10.0,9,2,6,116
10.0,9,2,7,116
10.0,9,2,8,117
10.0,9,2,9,117
10.0,9,2,10,118
10.0,9,2,11,118
10.0,9,2,12,119
10.0,9,2,13,120
10.0,9,2,14,120
10.0,9,2,15,121
10.0,9,3,0,113
10.0,9,3,1,114
10.0,9,3,2,114
10.0,9,3,3,115
10.0,9,3,4,115
10.0,9,3,5,116
10.0,9,3,6,116
10.0,9,3,7,117
10.0,9,3,8,118
10.0,9,3,9,118
10.0,9,3,10,119
10.0,9,3,11,119
10.0,9,3,12,120
10.0,9,3,13,120
10.0,9,3,14,121
10.0,9,3,15,121
10.0,9,4,0,114
10.0,9,4,1,114
10.0,9,4,2,115
10.0,9,4,3,116
10.0,9,4,4,116
10.0,9,4,5,117
10.0,9,4,6,117
10.0,9,4,7,118
10.0,9,4,8,118
10.0,9,4,9,119
10.0,9,4,10,119
10.0,9,4,11,120
10.0,9,4,12,120
10.0,9,4,13,121
10.0,9,4,14,121
10.0,9,4,15,122
10.0,9,5,0,115
10.0,9,5,1,115
10.0,9,5,2,116
10.0,9,5,3,116
10.0,9,5,4,117
10.0,9,5,5,117
10.0,9,5,6,118
10.0,9,5,7,118
10.0,9,5,8,119
10.0,9,5,9,119
10.0,9,5,10,120
10.0,9,5,11,121
10.0,9,5,12,121
10.0,9,5,13,122
10.0,9,5,14,122
10.0,9,5,15,123
10.0,9,6,0,115
10.0,9,6,1,116
10.0,9,6,2,116
10.0,9,6,3,117
10.0,9,6,4,117
10.0,9,6,5,118
10.0,9,6,6,119
10.0,9,6,7,119
10.0,9,6,8,120
10.0,9,6,9,120
10.0,9,6,10,121
10.0,9,6,11,121
10.0,9,6,12,122
10.0,9,6,13,122
10.0,9,6,14,123
10.0,9,6,15,123
10.0,9,7,0,116
10.0,9,7,1,116
10.0,9,7,2,117
10.0,9,7,3,117
10.0,9,7,4,118
10.0,9,7,5,119
10.0,9,7,6,119
10.0,9,7,7,120
10.0,9,7,8,120
10.0,9,7,9,121
10.0,9,7,10,121
10.0,9,7,11,122
10.0,9,7,12,122
10.0,9,7,13,123
10.0,9,7,14,124
10.0,9,7,15,124
10.0,9,8,0,116
10.0,9,8,1,117
10.0,9,8,2,118
10.0,9,8,3,118
10.0,9,8,4,119
10.0,9,8,5,119
10.0,9,8,6,120
10.0,9,8,7,120
10.0,9,8,8,121
10.0,9,8,9,121
10.0,9,8,10,122
10.0,9,8,11,123
10.0,9,8,12,123
10.0,9,8,13,124
10.0,9,8,14,124
10.0,9,8,15,125
10.0,9,9,0,117
10.0,9,9,1,118
10.0,9,9,2,118
10.0,9,9,3,119
10.0,9,9,4,119
10.0,9,9,5,120
10.0,9,9,6,120
10.0,9,9,7,121
10.0,9,9,8,122
10.0,9,9,9,122
10.0,9,9,10,123
10.0,9,9,11,123
10.0,9,9,12,124
10.0,9,9,13,124
10.0,9,9,14,125
10.0,9,9,15,125
10.0,9,10,0,118
10.0,9,10,1,118
10.0,9,10,2,119
10.0,9,10,3,119
10.0,9,10,4,120
10.0,9,10,5,121
10.0,9,10,6,121
10.0,9,10,7,122
10.0,9,10,8,122
10.0,9,10,9,123
10.0,9,10,10,123
10.0,9,10,11,124
10.0,9,10,12,124
10.0,9,10,13,125
10.0,9,10,14,126
10.0,9,10,15,126
10.0,9,11,0,118
10.0,9,11,1,119
10.0,9,11,2,120
10.0,9,11,3,120
10.0,9,11,4,121
10.0,9,11,5,121
10.0,9,11,6,122
10.0,9,11,7,122
10.0,9,11,8,123
10.0,9,11,9,123
10.0,9,11,10,124
10.0,9,11,11,125
10.0,9,11,12,125
10.0,9,11,13,126
10.0,9,11,14,126
10.0,9,11,15,127
10.0,9,12,0,119
10.0,9,12,1,120
10.0,9,12,2,120
10.0,9,12,3,121
10.0,9,12,4,121
10.0,9,12,5,122
10.0,9,12,6,122
10.0,9,12,7,123
10.0,9,12,8,124
10.0,9,12,9,124
10.0,9,12,10,125
10.0,9,12,11,125
10.0,9,12,12,126
10.0,9,12,13,126
10.0,9,12,14,127
10.0,9,12,15,127
10.0,9,13,0,120
10.0,9,13,1,120
10.0,9,13,2,121
10.0,9,13,3,121
10.0,9,13,4,122
10.0,9,13,5,123
10.0,9,13,6,123
10.0,9,13,7,124
10.0,9,13,8,124
10.0,9,13,9,125
10.0,9,13,10,125
10.0,9,13,11,126
10.0,9,13,12,126
10.0,9,13,13,127
10.0,9,13,14,128
10.0,9,13,15,128
10.0,9,14,0,120
10.0,9,14,1,121
10.0,9,14,2,121
10.0,9,14,3,122
10.0,9,14,4,123
10.0,9,14,5,123
10.0,9,14,6,124
10.0,9,14,7,124
10.0,9,14,8,125
10.0,9,14,9,125
10.0,9,14,10,126
10.0,9,14,11,127
10.0,9,14,12,127
10.0,9,14,13,128
10.0,9,14,14,128
10.0,9,14,15,129
10.0,9,15,0,121
10.0,9,15,1,121
10.0,9,15,2,122
10.0,9,15,3,123
10.0,9,15,4,123
10.0,9,15,5,124
10.0,9,15,6,124
10.0,9,15,7,125
10.0,9,15,8,126
10.0,9,15,9,126
10.0,9,15,10,127
10.0,9,15,11,127
10.0,9,15,12,128
10.0,9,15,13,128
10.0,9,15,14,129
10.0,9,15,15,129
10.0,10,0,0,113
10.0,10,0,1,113
10.0,10,0,2,114
10.0,10,0,3,114
10.0,10,0,4,115
10.0,10,0,5,116
10.0,10,0,6,116
10.0,10,0,7,117
10.0,10,0,8,117
10.0,10,0,9,118
10.0,10,0,10,118
10.0,10,0,11,119
10.0,10,0,12,119
10.0,10,0,13,120
10.0,10,0,14,120
10.0,10,0,15,121
10.0,10,1,0,114
10.0,10,1,1,114
10.0,10,1,2,115
10.0,10,1,3,115
10.0,10,1,4,116
10.0,10,1,5,116
10.0,10,1,6,117
10.0,10,1,7,117
10.0,10,1,8,118
10.0,10,1,9,118
10.0,10,1,10,119
10.0,10,1,11,120
10.0,10,1,12,120
10.0,10,1,13,121
10.0,10,1,14,121
10.0,10,1,15,122
10.0,10,2,0,114
10.0,10,2,1,115
10.0,10,2,2,115
10.0,10,2,3,116
10.0,10,2,4,116
10.0,10,2,5,117
10.0,10,2,6,118
10.0,10,2,7,118
10.0,10,2,8,119
10.0,10,2,9,119
10.0,10,2,10,120
10.0,10,2,11,120
10.0,10,2,12,121
10.0,10,2,13,121
10.0,10,2,14,122
10.0,10,2,15,122
10.0,10,3,0,115
10.0,10,3,1,115
10.0,10,3,2,116
10.0,10,3,3,117
10.0,10,3,4,117
10.0,10,3,5,118
10.0,10,3,6,118
10.0,10,3,7,119
10.0,10,3,8,119
10.0,10,3,9,120
10.0,10,3,10,120
10.0,10,3,11,121
10.0,10,3,12,121
10.0,10,3,13,122
10.0,10,3,14,123
10.0,10,3,15,123
10.0,10,4,0,116
10.0,10,4,1,116
10.0,10,4,2,117
10.0,10,4,3,117
10.0,10,4,4,118
10.0,10,4,5,118
10.0,10,4,6,119
10.0,10,4,7,119
10.0,10,4,8,120
10.0,10,4,9,121
10.0,10,4,10,121
10.0,10,4,11,122
10.0,10,4,12,122
10.0,10,4,13,123
10.0,10,4,14,123
10.0,10,4,15,124
10.0,10,5,0,116
10.0,10,5,1,117
10.0,10,5,2,117
10.0,10,5,3,118
10.0,10,5,4,118
10.0,10,5,5,119
10.0,10,5,6,120
10.0,10,5,7,120
10.0,10,5,8,121
10.0,10,5,9,121
10.0,10,5,10,122
10.0,10,5,11,122
10.0,10,5,12,123
10.0,10,5,13,123
10.0,10,5,14,124
10.0,10,5,15,124
10.0,10,6,0,117
10.0,10,6,1,117
10.0,10,6,2,118
10.0,10,6,3,119
10.0,10,6,4,119
10.0,10,6,5,120
10.0,10,6,6,120
10.0,10,6,7,121
10.0,10,6,8,121
10.0,10,6,9,122
10.0,10,6,10,122
10.0,10,6,11,123
10.0,10,6,12,124
10.0,10,6,13,124
10.0,10,6,14,125
10.0,10,6,15,125
10.0,10,7,0,118
10.0,10,7,1,118
10.0,10,7,2,119
10.0,10,7,3,119
10.0,10,7,4,120
10.0,10,7,5,120
10.0,10,7,6,121
10.0,10,7,7,121
10.0,10,7,8,122
10.0,10,7,9,123
10.0,10,7,10,123
10.0,10,7,11,124
10.0,10,7,12,124
10.0,10,7,13,125
10.0,10,7,14,125
10.0,10,7,15,126
10.0,10,8,0,118
10.0,10,8,1,119
10.0,10,8,2,119
10.0,10,8,3,120
10.0,10,8,4,120
10.0,10,8,5,121
10.0,10,8,6,122
10.0,10,8,7,122
10.0,10,8,8,123
10.0,10,8,9,123
10.0,10,8,10,124
10.0,10,8,11,124
10.0,10,8,12,125
10.0,10,8,13,126
10.0,10,8,14,126
10.0,10,8,15,127
10.0,10,9,0,119
10.0,10,9,1,119
10.0,10,9,2,120
10.0,10,9,3,121
10.0,10,9,4,121
10.0,10,9,5,122
10.0,10,9,6,122
10.0,10,9,7,123
10.0,10,9,8,123
10.0,10,9,9,124
10.0,10,9,10,125
10.0,10,9,11,125
10.0,10,9,12,126
10.0,10,9,13,126
10.0,10,9,14,127
10.0,10,9,15,127
10.0,10,10,0,119
10.0,10,10,1,120
10.0,10,10,2,121
10.0,10,10,3,121
10.0,10,10,4,122
10.0,10,10,5,122
10.0,10,10,6,123
10.0,10,10,7,124
10.0,10,10,8,124
10.0,10,10,9,125
10.0,10,10,10,125
10.0,10,10,11,126
10.0,10,10,12,126
10.0,10,10,13,127
10.0,10,10,14,127
10.0,10,10,15,128
10.0,10,11,0,120
10.0,10,11,1,121
10.0,10,11,2,121
10.0,10,11,3,122
10.0,10,11,4,122
10.0,10,11,5,123
10.0,10,11,6,124
10.0,10,11,7,124
10.0,10,11,8,125
10.0,10,11,9,125
10.0,10,11,10,126
10.0,10,11,11,126
10.0,10,11,12,127
10.0,10,11,13,128
10.0,10,11,14,128
10.0,10,11,15,129
10.0,10,12,0,121
10.0,10,12,1,121
10.0,10,12,2,122
10.0,10,12,3,123
10.0,10,12,4,123
10.0,10,12,5,124
10.0,10,12,6,124
10.0,10,12,7,125
10.0,10,12,8,125
10.0,10,12,9,126
10.0,10,12,10,127
10.0,10,12,11,127
10.0,10,12,12,128
10.0,10,12,13,128
10.0,10,12,14,129
10.0,10,12,15,129
10.0,10,13,0,121
10.0,10,13,1,122
10.0,10,13,2,123
10.0,10,13,3,123
10.0,10,13,4,124
10.0,10,13,5,124
10.0,10,13,6,125
10.0,10,13,7,125
10.0,10,13,8,126
10.0,10,13,9,127
10.0,10,13,10,127
10.0,10,13,11,128
10.0,10,13,12,128
10.0,10,13,13,129
10.0,10,13,14,129
10.0,10,13,15,130
10.0,10,14,0,122
10.0,10,14,1,123
10.0,10,14,2,123
10.0,10,14,3,124
10.0,10,14,4,124
10.0,10,14,5,125
10.0,10,14,6,126
10.0,10,14,7,126
10.0,10,14,8,127
10.0,10,14,9,127
10.0,10,14,10,128
10.0,10,14,11,128
10.0,10,14,12,129
10.0,10,14,13,130
10.0,10,14,14,130
10.0,10,14,15,131
10.0,10,15,0,123
10.0,10,15,1,123
10.0,10,15,2,124
10.0,10,15,3,124
10.0,10,15,4,125
10.0,10,15,5,126
10.0,10,15,6,126
10.0,10,15,7,127
10.0,10,15,8,127
10.0,10,15,9,128
10.0,10,15,10,129
10.0,10,15,11,129
10.0,10,15,12,130
10.0,10,15,13,130
10.0,10,15,14,131
10.0,10,15,15,131
10.0,11,0,0,114
10.0,11,0,1,115
10.0,11,0,2,116
10.0,11,0,3,116
10.0,11,0,4,117
10.0,11,0,5,117
10.0,11,0,6,118
10.0,11,0,7,118
10.0,11,0,8,119
10.0,11,0,9,119
10.0,11,0,10,120
10.0,11,0,11,121
10.0,11,0,12,121
10.0,11,0,13,122
10.0,11,0,14,122
10.0,11,0,15,123
10.0,11,1,0,115
10.0,11,1,1,116
10.0,11,1,2,116
10.0,11,1,3,117
10.0,11,1,4,117
10.0,11,1,5,118
10.0,11,1,6,119
10.0,11,1,7,119
10.0,11,1,8,120
10.0,11,1,9,120
10.0,11,1,10,121
10.0,11,1,11,121
10.0,11,1,12,122
10.0,11,1,13,122
10.0,11,1,14,123
10.0,11,1,15,123
10.0,11,2,0,116
10.0,11,2,1,116
10.0,11,2,2,117
10.0,11,2,3,118
10.0,11,2,4,118
10.0,11,2,5,119
10.0,11,2,6,119
10.0,11,2,7,120
10.0,11,2,8,120
10.0,11,2,9,121
10.0,11,2,10,121
10.0,11,2,11,122
10.0,11,2,12,123
10.0,11,2,13,123
10.0,11,2,14,124
10.0,11,2,15,124
10.0,11,3,0,117
10.0,11,3,1,117
10.0,11,3,2,118
10.0,11,3,3,118
10.0,11,3,4,119
10.0,11,3,5,119
10.0,11,3,6,120
10.0,11,3,7,120
10.0,11,3,8,121
10.0,11,3,9,122
10.0,11,3,10,122
10.0,11,3,11,123
10.0,11,3,12,123
10.0,11,3,13,124
10.0,11,3,14,124
10.0,11,3,15,125
10.0,11,4,0,117
10.0,11,4,1,118
10.0,11,4,2,118
10.0,11,4,3,119
10.0,11,4,4,119
10.0,11,4,5,120
10.0,11,4,6,121
10.0,11,4,7,121
10.0,11,4,8,122
10.0,11,4,9,122
10.0,11,4,10,123
10.0,11,4,11,123
10.0,11,4,12,124
10.0,11,4,13,124
10.0,11,4,14,125
10.0,11,4,15,126
10.0,11,5,0,118
10.0,11,5,1,118
10.0,11,5,2,119
10.0,11,5,3,120
10.0,11,5,4,120
10.0,11,5,5,121
10.0,11,5,6,121
10.0,11,5,7,122
10.0,11,5,8,122
10.0,11,5,9,123
10.0,11,5,10,124
10.0,11,5,11,124
10.0,11,5,12,125
10.0,11,5,13,125
10.0,11,5,14,126
10.0,11,5,15,126
10.0,11,6,0,119
10.0,11,6,1,119
10.0,11,6,2,120
10.0,11,6,3,120
10.0,11,6,4,121
10.0,11,6,5,121
10.0,11,6,6,122
10.0,11,6,7,123
10.0,11,6,8,123
10.0,11,6,9,124
10.0,11,6,10,124
10.0,11,6,11,125
10.0,11,6,12,125
10.0,11,6,13,126
10.0,11,6,14,126
10.0,11,6,15,127
10.0,11,7,0,119
10.0,11,7,1,120
10.0,11,7,2,120
10.0,11,7,3,121
10.0,11,7,4,122
10.0,11,7,5,122
10.0,11,7,6,123
10.0,11,7,7,123
10.0,11,7,8,124
10.0,11,7,9,124
10.0,11,7,10,125
10.0,11,7,11,126
10.0,11,7,12,126
10.0,11,7,13,127
10.0,11,7,14,127
10.0,11,7,15,128
10.0,11,8,0,120
10.0,11,8,1,120
10.0,11,8,2,121
10.0,11,8,3,122
10.0,11,8,4,122
10.0,11,8,5,123
10.0,11,8,6,123
10.0,11,8,7,124
10.0,11,8,8,125
10.0,11,8,9,125
10.0,11,8,10,126
10.0,11,8,11,126
10.0,11,8,12,127
10.0,11,8,13,127
10.0,11,8,14,128
10.0,11,8,15,128
10.0,11,9,0,121
10.0,11,9,1,121
10.0,11,9,2,122
10.0,11,9,3,122
10.0,11,9,4,123
10.0,11,9,5,123
10.0,11,9,6,124
10.0,11,9,7,125
10.0,11,9,8,125
10.0,11,9,9,126
10.0,11,9,10,126
10.0,11,9,11,127
10.0,11,9,12,127
10.0,11,9,13,128
10.0,11,9,14,129
10.0,11,9,15,129
10.0,11,10,0,121
10.0,11,10,1,122
10.0,11,10,2,122
10.0,11,10,3,123
10.0,11,10,4,124
10.0,11,10,5,124
10.0,11,10,6,125
10.0,11,10,7,125
10.0,11,10,8,126
10.0,11,10,9,126
10.0,11,10,10,127
10.0,11,10,11,128
10.0,11,10,12,128
10.0,11,10,13,129
10.0,11,10,14,129
10.0,11,10,15,130
10.0,11,11,0,122
10.0,11,11,1,122
10.0,11,11,2,123
10.0,11,11,3,124
10.0,11,11,4,124
10.0,11,11,5,125
10.0,11,11,6,125
10.0,11,11,7,126
10.0,11,11,8,127
10.0,11,11,9,127
10.0,11,11,10,128
10.0,11,11,11,128
10.0,11,11,12,129
10.0,11,11,13,129
10.0,11,11,14,130
10.0,11,11,15,131
10.0,11,12,0,123
10.0,11,12,1,123
10.0,11,12,2,124
10.0,11,12,3,124
10.0,11,12,4,125
10.0,11,12,5,125
10.0,11,12,6,126
10.0,11,12,7,127
10.0,11,12,8,127
10.0,11,12,9,128
10.0,11,12,10,128
10.0,11,12,11,129
10.0,11,12,12,130
10.0,11,12,13,130
10.0,11,12,14,131
10.0,11,12,15,131
10.0,11,13,0,123
10.0,11,13,1,124
10.0,11,13,2,124
10.0,11,13,3,125
10.0,11,13,4,126
10.0,11,13,5,126
10.0,11,13,6,127
10.0,11,13,7,127
10.0,11,13,8,128
10.0,11,13,9,128
10.0,11,13,10,129
10.0,11,13,11,130
10.0,11,13,12,130
10.0,11,13,13,131
10.0,11,13,14,131
10.0,11,13,15,132
10.0,11,14,0,124
10.0,11,14,1,124
10.0,11,14,2,125
10.0,11,14,3,126
10.0,11,14,4,126
10.0,11,14,5,127
10.0,11,14,6,127
10.0,11,14,7,128
10.0,11,14,8,129
10.0,11,14,9,129
10.0,11,14,10,130
10.0,11,14,11,130
10.0,11,14,12,131
10.0,11,14,13,131
10.0,11,14,14,132
10.0,11,14,15,133
10.0,11,15,0,124
10.0,11,15,1,125
10.0,11,15,2,126
10.0,11,15,3,126
10.0,11,15,4,127
10.0,11,15,5,127
10.0,11,15,6,128
10.0,11,15,7,129
10.0,11,15,8,129
10.0,11,15,9,130
10.0,11,15,10,130
10.0,11,15,11,131
10.0,11,15,12,132
10.0,11,15,13,132
10.0,11,15,14,133
10.0,11,15,15,133
10.0,12,0,0,116
10.0,12,0,1,117
10.0,12,0,2,117
10.0,12,0,3,118
10.0,12,0,4,118
10.0,12,0,5,119
10.0,12,0,6,119
10.0,12,0,7,120
10.0,12,0,8,121
10.0,12,0,9,121
10.0,12,0,10,122
10.0,12,0,11,122
10.0,12,0,12,123
10.0,12,0,13,123
10.0,12,0,14,124
10.0,12,0,15,124
10.0,12,1,0,117
10.0,12,1,1,117
10.0,12,1,2,118
10.0,12,1,3,119
10.0,12,1,4,119
10.0,12,1,5,120
10.0,12,1,6,120
10.0,12,1,7,121
10.0,12,1,8,121
10.0,12,1,9,122
10.0,12,1,10,122
10.0,12,1,11,123
10.0,12,1,12,124
10.0,12,1,13,124
10.0,12,1,14,125
10.0,12,1,15,125
10.0,12,2,0,118
10.0,12,2,1,118
10.0,12,2,2,119
10.0,12,2,3,119
10.0,12,2,4,120
10.0,12,2,5,120
10.0,12,2,6,121
10.0,12,2,7,121
10.0,12,2,8,122
10.0,12,2,9,123
10.0,12,2,10,123
10.0,12,2,11,124
10.0,12,2,12,124
10.0,12,2,13,125
10.0,12,2,14,125
10.0,12,2,15,126
10.0,12,3,0,118
10.0,12,3,1,119
10.0,12,3,2,119
10.0,12,3,3,120
10.0,12,3,4,121
10.0,12,3,5,121
10.0,12,3,6,122
10.0,12,3,7,122
10.0,12,3,8,123
10.0,12,3,9,123
10.0,12,3,10,124
10.0,12,3,11,124
10.0,12,3,12,125
10.0,12,3,13,126
10.0,12,3,14,126
10.0,12,3,15,127
10.0,12,4,0,119
10.0,12,4,1,119
10.0,12,4,2,120
10.0,12,4,3,121
10.0,12,4,4,121
10.0,12,4,5,122
10.0,12,4,6,122
10.0,12,4,7,123
10.0,12,4,8,123
10.0,12,4,9,124
10.0,12,4,10,125
10.0,12,4,11,125
10.0,12,4,12,126
10.0,12,4,13,126
10.0,12,4,14,127
10.0,12,4,15,127
10.0,12,5,0,120
10.0,12,5,1,120
10.0,12,5,2,121
10.0,12,5,3,121
10.0,12,5,4,122
10.0,12,5,5,122
10.0,12,5,6,123
10.0,12,5,7,124
10.0,12,5,8,124
10.0,12,5,9,125
10.0,12,5,10,125
10.0,12,5,11,126
10.0,12,5,12,126
10.0,12,5,13,127
10.0,12,5,14,128
10.0,12,5,15,128
10.0,12,6,0,120
10.0,12,6,1,121
10.0,12,6,2,121
10.0,12,6,3,122
10.0,12,6,4,123
10.0,12,6,5,123
10.0,12,6,6,124
10.0,12,6,7,124
10.0,12,6,8,125
10.0,12,6,9,125
10.0,12,6,10,126
10.0,12,6,11,127
10.0,12,6,12,127
10.0,12,6,13,128
10.0,12,6,14,128
10.0,12,6,15,129
10.0,12,7,0,121
10.0,12,7,1,122
10.0,12,7,2,122
10.0,12,7,3,123
10.0,12,7,4,123
10.0,12,7,5,124
10.0,12,7,6,124
10.0,12,7,7,125
10.0,12,7,8,126
10.0,12,7,9,126
10.0,12,7,10,127
10.0,12,7,11,127
10.0,12,7,12,128
10.0,12,7,13,128
10.0,12,7,14,129
10.0,12,7,15,130
10.0,12,8,0,122
10.0,12,8,1,122
10.0,12,8,2,123
10.0,12,8,3,123
10.0,12,8,4,124
10.0,12,8,5,125
10.0,12,8,6,125
10.0,12,8,7,126
10.0,12,8,8,126
10.0,12,8,9,127
10.0,12,8,10,127
10.0,12,8,11,128
10.0,12,8,12,129
10.0,12,8,13,129
10.0,12,8,14,130
10.0,12,8,15,130
10.0,12,9,0,122
10.0,12,9,1,123
10.0,12,9,2,123
10.0,12,9,3,124
10.0,12,9,4,125
10.0,12,9,5,125
10.0,12,9,6,126
10.0,12,9,7,126
10.0,12,9,8,127
10.0,12,9,9,128
10.0,12,9,10,128
10.0,12,9,11,129
10.0,12,9,12,129
10.0,12,9,13,130
10.0,12,9,14,130
10.0,12,9,15,131
10.0,12,10,0,123
10.0,12,10,1,124
10.0,12,10,2,124
10.0,12,10,3,125
10.0,12,10,4,125
10.0,12,10,5,126
10.0,12,10,6,127
10.0,12,10,7,127
10.0,12,10,8,128
10.0,12,10,9,128
10.0,12,10,10,129
10.0,12,10,11,129
10.0,12,10,12,130
10.0,12,10,13,131
10.0,12,10,14,131
10.0,12,10,15,132
10.0,12,11,0,124
10.0,12,11,1,124
10.0,12,11,2,125
10.0,12,11,3,125
10.0,12,11,4,126
10.0,12,11,5,127
10.0,12,11,6,127
10.0,12,11,7,128
10.0,12,11,8,128
10.0,12,11,9,129
10.0,12,11,10,130
10.0,12,11,11,130
10.0,12,11,12,131
10.0,12,11,13,131
10.0,12,11,14,132
10.0,12,11,15,132
10.0,12,12,0,124
10.0,12,12,1,125
10.0,12,12,2,125
10.0,12,12,3,126
10.0,12,12,4,127
10.0,12,12,5,127
10.0,12,12,6,128
10.0,12,12,7,128
10.0,12,12,8,129
10.0,12,12,9,130
10.0,12,12,10,130
10.0,12,12,11,131
10.0,12,12,12,131
10.0,12,12,13,132
10.0,12,12,14,133
10.0,12,12,15,133
10.0,12,13,0,125
10.0,12,13,1,126
10.0,12,13,2,126
10.0,12,13,3,127
10.0,12,13,4,127
10.0,12,13,5,128
10.0,12,13,6,129
10.0,12,13,7,129
10.0,12,13,8,130
10.0,12,13,9,130
10.0,12,13,10,131
10.0,12,13,11,132
10.0,12,13,12,132
10.0,12,13,13,133
10.0,12,13,14,133
10.0,12,13,15,134
10.0,12,14,0,126
10.0,12,14,1,126
10.0,12,14,2,127
10.0,12,14,3,127
10.0,12,14,4,128
10.0,12,14,5,129
10.0,12,14,6,129
10.0,12,14,7,130
10.0,12,14,8,130
10.0,12,14,9,131
10.0,12,14,10,132
10.0,12,14,11,132
10.0,12,14,12,133
10.0,12,14,13,133
10.0,12,14,14,134
10.0,12,14,15,135
10.0,12,15,0,126
10.0,12,15,1,127
10.0,12,15,2,127
10.0,12,15,3,128
10.0,12,15,4,129
10.0,12,15,5,129
10.0,12,15,6,130
10.0,12,15,7,130
10.0,12,15,8,131
10.0,12,15,9,132
10.0,12,15,10,132
10.0,12,15,11,133
10.0,12,15,12,133
10.0,12,15,13,134
10.0,12,15,14,135
10.0,12,15,15,135
10.0,13,0,0,118
10.0,13,0,1,118
10.0,13,0,2,119
10.0,13,0,3,119
10.0,13,0,4,120
10.0,13,0,5,121
10.0,13,0,6,121
10.0,13,0,7,122
10.0,13,0,8,122
10.0,13,0,9,123
10.0,13,0,10,123
10.0,13,0,11,124
10.0,13,0,12,125
10.0,13,0,13,125
10.0,13,0,14,126
10.0,13,0,15,126
10.0,13,1,0,118
10.0,13,1,1,119
10.0,13,1,2,120
10.0,13,1,3,120
10.0,13,1,4,121
10.0,13,1,5,121
10.0,13,1,6,122
10.0,13,1,7,122
10.0,13,1,8,123
10.0,13,1,9,124
10.0,13,1,10,124
10.0,13,1,11,125
10.0,13,1,12,125
10.0,13,1,13,126
10.0,13,1,14,126
10.0,13,1,15,127
10.0,13,2,0,119
10.0,13,2,1,120
10.0,13,2,2,120
10.0,13,2,3,121
10.0,13,2,4,121
10.0,13,2,5,122
10.0,13,2,6,123
10.0,13,2,7,123
10.0,13,2,8,124
10.0,13,2,9,124
10.0,13,2,10,125
10.0,13,2,11,125
10.0,13,2,12,126
10.0,13,2,13,127
10.0,13,2,14,127
10.0,13,2,15,128
10.0,13,3,0,120
10.0,13,3,1,120
10.0,13,3,2,121
10.0,13,3,3,122
10.0,13,3,4,122
10.0,13,3,5,123
10.0,13,3,6,123
10.0,13,3,7,124
10.0,13,3,8,125
10.0,13,3,9,125
10.0,13,3,10,126
10.0,13,3,11,126
10.0,13,3,12,127
10.0,13,3,13,127
10.0,13,3,14,128
10.0,13,3,15,128
10.0,13,4,0,121
10.0,13,4,1,121
10.0,13,4,2,122
10.0,13,4,3,122
10.0,13,4,4,123
10.0,13,4,5,124
10.0,13,4,6,124
10.0,13,4,7,125
10.0,13,4,8,125
10.0,13,4,9,126
10.0,13,4,10,126
10.0,13,4,11,127
10.0,13,4,12,127
10.0,13,4,13,128
10.0,13,4,14,129
10.0,13,4,15,129
10.0,13,5,0,121
10.0,13,5,1,122
10.0,13,5,2,122
10.0,13,5,3,123
10.0,13,5,4,124
10.0,13,5,5,124
10.0,13,5,6,125
10.0,13,5,7,125
10.0,13,5,8,126
10.0,13,5,9,127
10.0,13,5,10,127
10.0,13,5,11,128
10.0,13,5,12,128
10.0,13,5,13,129
10.0,13,5,14,129
10.0,13,5,15,130
10.0,13,6,0,122
10.0,13,6,1,123
10.0,13,6,2,123
10.0,13,6,3,124
10.0,13,6,4,124
10.0,13,6,5,125
10.0,13,6,6,126
10.0,13,6,7,126
10.0,13,6,8,127
10.0,13,6,9,127
10.0,13,6,10,128
10.0,13,6,11,128
10.0,13,6,12,129
10.0,13,6,13,130
10.0,13,6,14,130
10.0,13,6,15,131
10.0,13,7,0,123
10.0,13,7,1,123
10.0,13,7,2,124
10.0,13,7,3,124
10.0,13,7,4,125
10.0,13,7,5,126
10.0,13,7,6,126
10.0,13,7,7,127
10.0,13,7,8,127
10.0,13,7,9,128
10.0,13,7,10,129
10.0,13,7,11,129
10.0,13,7,12,130
10.0,13,7,13,130
10.0,13,7,14,131
10.0,13,7,15,131
10.0,13,8,0,123
10.0,13,8,1,124
10.0,13,8,2,125
10.0,13,8,3,125
10.0,13,8,4,126
10.0,13,8,5,126
10.0,13,8,6,127
10.0,13,8,7,128
10.0,13,8,8,128
10.0,13,8,9,129
10.0,13,8,10,129
10.0,13,8,11,130
10.0,13,8,12,130
10.0,13,8,13,131
10.0,13,8,14,132
10.0,13,8,15,132
10.0,13,9,0,124
10.0,13,9,1,125
10.0,13,9,2,125
10.0,13,9,3,126
10.0,13,9,4,126
10.0,13,9,5,127
10.0,13,9,6,128
10.0,13,9,7,128
10.0,13,9,8,129
10.0,13,9,9,129
10.0,13,9,10,130
10.0,13,9,11,131
10.0,13,9,12,131
10.0,13,9,13,132
10.0,13,9,14,132
10.0,13,9,15,133
10.0,13,10,0,125
10.0,13,10,1,125
10.0,13,10,2,126
10.0,13,10,3,127
10.0,13,10,4,127
10.0,13,10,5,128
10.0,13,10,6,128
10.0,13,10,7,129
10.0,13,10,8,129
10.0,13,10,9,130
10.0,13,10,10,131
10.0,13,10,11,131
10.0,13,10,12,132
10.0,13,10,13,132
10.0,13,10,14,133
10.0,13,10,15,134
10.0,13,11,0,125
10.0,13,11,1,126
10.0,13,11,2,127
10.0,13,11,3,127
10.0,13,11,4,128
10.0,13,11,5,128
10.0,13,11,6,129
10.0,13,11,7,130
10.0,13,11,8,130
10.0,13,11,9,131
10.0,13,11,10,131
10.0,13,11,11,132
10.0,13,11,12,133
10.0,13,11,13,133
10.0,13,11,14,134
10.0,13,11,15,134
10.0,13,12,0,126
10.0,13,12,1,127
10.0,13,12,2,127
10.0,13,12,3,128
10.0,13,12,4,128
10.0,13,12,5,129
10.0,13,12,6,130
10.0,13,12,7,130
10.0,13,12,8,131
10.0,13,12,9,131
10.0,13,12,10,132
10.0,13,12,11,133
10.0,13,12,12,133
10.0,13,12,13,134
10.0,13,12,14,134
10.0,13,12,15,135
10.0,13,13,0,127
10.0,13,13,1,127
10.0,13,13,2,128
10.0,13,13,3,129
10.0,13,13,4,129
10.0,13,13,5,130
10.0,13,13,6,130
10.0,13,13,7,131
10.0,13,13,8,132
10.0,13,13,9,132
10.0,13,13,10,133
10.0,13,13,11,133
10.0,13,13,12,134
10.0,13,13,13,135
10.0,13,13,14,135
10.0,13,13,15,136
10.0,13,14,0,127
10.0,13,14,1,128
10.0,13,14,2,129
10.0,13,14,3,129
10.0,13,14,4,130
10.0,13,14,5,130
10.0,13,14,6,131
10.0,13,14,7,132
10.0,13,14,8,132
10.0,13,14,9,133
10.0,13,14,10,133
10.0,13,14,11,134
10.0,13,14,12,135
10.0,13,14,13,135
10.0,13,14,14,136
10.0,13,14,15,136
10.0,13,15,0,128
10.0,13,15,1,129
10.0,13,15,2,129
10.0,13,15,3,130
10.0,13,15,4,130
10.0,13,15,5,131
10.0,13,15,6,132
10.0,13,15,7,132
10.0,13,15,8,133
10.0,13,15,9,134
10.0,13,15,10,134
10.0,13,15,11,135
10.0,13,15,12,135
10.0,13,15,13,136
10.0,13,15,14,137
10.0,13,15,15,137
10.0,14,0,0,119
10.0,14,0,1,120
10.0,14,0,2,121
10.0,14,0,3,121
10.0,14,0,4,122
10.0,14,0,5,122
10.0,14,0,6,123
10.0,14,0,7,123
10.0,14,0,8,124
10.0,14,0,9,125
10.0,14,0,10,125
10.0,14,0,11,126
10.0,14,0,12,126
10.0,14,0,13,127
10.0,14,0,14,127
10.0,14,0,15,128
10.0,14,1,0,120
10.0,14,1,1,121
10.0,14,1,2,121
10.0,14,1,3,122
10.0,14,1,4,122
10.0,14,1,5,123
10.0,14,1,6,124
10.0,14,1,7,124
10.0,14,1,8,125
10.0,14,1,9,125
10.0,14,1,10,126
10.0,14,1,11,126
10.0,14,1,12,127
10.0,14,1,13,128
10.0,14,1,14,128
10.0,14,1,15,129
10.0,14,2,0,121
10.0,14,2,1,121
10.0,14,2,2,122
10.0,14,2,3,123
10.0,14,2,4,123
10.0,14,2,5,124
10.0,14,2,6,124
10.0,14,2,7,125
10.0,14,2,8,126
10.0,14,2,9,126
10.0,14,2,10,127
10.0,14,2,11,127
10.0,14,2,12,128
10.0,14,2,13,128
10.0,14,2,14,129
10.0,14,2,15,129
10.0,14,3,0,122
10.0,14,3,1,122
10.0,14,3,2,123
10.0,14,3,3,123
10.0,14,3,4,124
10.0,14,3,5,125
10.0,14,3,6,125
10.0,14,3,7,126
10.0,14,3,8,126
10.0,14,3,9,127
10.0,14,3,10,127
10.0,14,3,11,128
10.0,14,3,12,129
10.0,14,3,13,129
10.0,14,3,14,130
10.0,14,3,15,130
10.0,14,4,0,122
10.0,14,4,1,123
10.0,14,4,2,123
10.0,14,4,3,124
10.0,14,4,4,125
10.0,14,4,5,125
10.0,14,4,6,126
10.0,14,4,7,126
10.0,14,4,8,127
10.0,14,4,9,128
10.0,14,4,10,128
10.0,14,4,11,129
10.0,14,4,12,129
10.0,14,4,13,130
10.0,14,4,14,130
10.0,14,4,15,131
10.0,14,5,0,123
10.0,14,5,1,124
10.0,14,5,2,124
10.0,14,5,3,125
10.0,14,5,4,125
10.0,14,5,5,126
10.0,14,5,6,127
10.0,14,5,7,127
10.0,14,5,8,128
10.0,14,5,9,128
10.0,14,5,10,129
10.0,14,5,11,129
10.0,14,5,12,130
10.0,14,5,13,131
10.0,14,5,14,131
10.0,14,5,15,132
10.0,14,6,0,124
10.0,14,6,1,124
10.0,14,6,2,125
10.0,14,6,3,125
10.0,14,6,4,126
10.0,14,6,5,127
10.0,14,6,6,127
10.0,14,6,7,128
10.0,14,6,8,128
10.0,14,6,9,129
10.0,14,6,10,130
10.0,14,6,11,130
10.0,14,6,12,131
10.0,14,6,13,131
10.0,14,6,14,132
10.0,14,6,15,132
10.0,14,7,0,124
10.0,14,7,1,125
10.0,14,7,2,126
10.0,14,7,3,126
10.0,14,7,4,127
10.0,14,7,5,127
10.0,14,7,6,128
10.0,14,7,7,129
10.0,14,7,8,129
10.0,14,7,9,130
10.0,14,7,10,130
10.0,14,7,11,131
10.0,14,7,12,131
10.0,14,7,13,132
10.0,14,7,14,133
10.0,14,7,15,133
10.0,14,8,0,125
10.0,14,8,1,126
10.0,14,8,2,126
10.0,14,8,3,127
10.0,14,8,4,127
10.0,14,8,5,128
10.0,14,8,6,129
10.0,14,8,7,129
10.0,14,8,8,130
10.0,14,8,9,130
10.0,14,8,10,131
10.0,14,8,11,132
10.0,14,8,12,132
10.0,14,8,13,133
10.0,14,8,14,133
10.0,14,8,15,134
10.0,14,9,0,126
10.0,14,9,1,126
10.0,14,9,2,127
10.0,14,9,3,128
10.0,14,9,4,128
10.0,14,9,5,129
10.0,14,9,6,129
10.0,14,9,7,130
10.0,14,9,8,131
10.0,14,9,9,131
10.0,14,9,10,132
10.0,14,9,11,132
10.0,14,9,12,133
10.0,14,9,13,134
10.0,14,9,14,134
10.0,14,9,15,135
10.0,14,10,0,126
10.0,14,10,1,127
10.0,14,10,2,128
10.0,14,10,3,128
10.0,14,10,4,129
10.0,14,10,5,129
10.0,14,10,6,130
10.0,14,10,7,131
10.0,14,10,8,131
10.0,14,10,9,132
10.0,14,10,10,132
10.0,14,10,11,133
10.0,14,10,12,134
10.0,14,10,13,134
10.0,14,10,14,135
10.0,14,10,15,135
10.0,14,11,0,127
10.0,14,11,1,128
10.0,14,11,2,128
10.0,14,11,3,129
10.0,14,11,4,130
10.0,14,11,5,130
10.0,14,11,6,131
10.0,14,11,7,131
10.0,14,11,8,132
10.0,14,11,9,133
10.0,14,11,10,133
10.0,14,11,11,134
10.0,14,11,12,134
10.0,14,11,13,135
10.0,14,11,14,136
10.0,14,11,15,136
10.0,14,12,0,128
10.0,14,12,1,128
10.0,14,12,2,129
10.0,14,12,3,130
10.0,14,12,4,130
10.0,14,12,5,131
10.0,14,12,6,131
10.0,14,12,7,132
10.0,14,12,8,133
10.0,14,12,9,133
10.0,14,12,10,134
10.0,14,12,11,135
10.0,14,12,12,135
10.0,14,12,13,136
10.0,14,12,14,136
10.0,14,12,15,137
10.0,14,13,0,128
10.0,14,13,1,129
10.0,14,13,2,130
10.0,14,13,3,130
10.0,14,13,4,131
10.0,14,13,5,132
10.0,14,13,6,132
10.0,14,13,7,133
10.0,14,13,8,133
10.0,14,13,9,134
10.0,14,13,10,135
10.0,14,13,11,135
10.0,14,13,12,136
10.0,14,13,13,136
10.0,14,13,14,137
10.0,14,13,15,138
10.0,14,14,0,129
10.0,14,14,1,130
10.0,14,14,2,130
10.0,14,14,3,131
10.0,14,14,4,132
10.0,14,14,5,132
10.0,14,14,6,133
10.0,14,14,7,133
10.0,14,14,8,134
10.0,14,14,9,135
10.0,14,14,10,135
10.0,14,14,11,136
10.0,14,14,12,137
10.0,14,14,13,137
10.0,14,14,14,138
10.0,14,14,15,138
10.0,14,15,0,130
10.0,14,15,1,130
10.0,14,15,2,131
10.0,14,15,3,132
10.0,14,15,4,132
10.0,14,15,5,133
10.0,14,15,6,134
10.0,14,15,7,134
10.0,14,15,8,135
10.0,14,15,9,135
10.0,14,15,10,136
10.0,14,15,11,137
10.0,14,15,12,137
10.0,14,15,13,138
10.0,14,15,14,138
10.0,14,15,15,139
10.0,15,0,0,121
10.0,15,0,1,122
10.0,15,0,2,122
10.0,15,0,3,123
10.0,15,0,4,123
10.0,15,0,5,124
10.0,15,0,6,125
10.0,15,0,7,125
10.0,15,0,8,126
10.0,15,0,9,126
10.0,15,0,10,127
10.0,15,0,11,127
10.0,15,0,12,128
10.0,15,0,13,129
10.0,15,0,14,129
10.0,15,0,15,130
10.0,15,1,0,122
10.0,15,1,1,122
10.0,15,1,2,123
10.0,15,1,3,124
10.0,15,1,4,124
10.0,15,1,5,125
10.0,15,1,6,125
10.0,15,1,7,126
10.0,15,1,8,126
10.0,15,1,9,127
10.0,15,1,10,128
10.0,15,1,11,128
10.0,15,1,12,129
10.0,15,1,13,129
10.0,15,1,14,130
10.0,15,1,15,130
10.0,15,2,0,122
10.0,15,2,1,123
10.0,15,2,2,124
10.0,15,2,3,124
10.0,15,2,4,125
10.0,15,2,5,125
10.0,15,2,6,126
10.0,15,2,7,127
10.0,15,2,8,127
10.0,15,2,9,128
10.0,15,2,10,128
10.0,15,2,11,129
10.0,15,2,12,130
10.0,15,2,13,130
10.0,15,2,14,131
10.0,15,2,15,131
10.0,15,3,0,123
10.0,15,3,1,124
10.0,15,3,2,124
10.0,15,3,3,125
10.0,15,3,4,126
10.0,15,3,5,126
10.0,15,3,6,127
10.0,15,3,7,127
10.0,15,3,8,128
10.0,15,3,9,129
10.0,15,3,10,129
10.0,15,3,11,130
10.0,15,3,12,130
10.0,15,3,13,131
10.0,15,3,14,131
10.0,15,3,15,132
10.0,15,4,0,124
10.0,15,4,1,125
10.0,15,4,2,125
10.0,15,4,3,126
10.0,15,4,4,126
10.0,15,4,5,127
10.0,15,4,6,128
10.0,15,4,7,128
10.0,15,4,8,129
10.0,15,4,9,129
10.0,15,4,10,130
10.0,15,4,11,130
10.0,15,4,12,131
10.0,15,4,13,132
10.0,15,4,14,132
10.0,15,4,15,133
10.0,15,5,0,125
10.0,15,5,1,125
10.0,15,5,2,126
10.0,15,5,3,126
10.0,15,5,4,127
10.0,15,5,5,128
10.0,15,5,6,128
10.0,15,5,7,129
10.0,15,5,8,129
10.0,15,5,9,130
10.0,15,5,10,131
10.0,15,5,11,131
10.0,15,5,12,132
10.0,15,5,13,132
10.0,15,5,14,133
10.0,15,5,15,134
10.0,15,6,0,125
10.0,15,6,1,126
10.0,15,6,2,127
10.0,15,6,3,127
10.0,15,6,4,128
10.0,15,6,5,128
10.0,15,6,6,129
10.0,15,6,7,130
10.0,15,6,8,130
10.0,15,6,9,131
10.0,15,6,10,131
10.0,15,6,11,132
10.0,15,6,12,133
10.0,15,6,13,133
10.0,15,6,14,134
10.0,15,6,15,134
10.0,15,7,0,126
10.0,15,7,1,127
10.0,15,7,2,127
10.0,15,7,3,128
10.0,15,7,4,129
10.0,15,7,5,129
10.0,15,7,6,130
10.0,15,7,7,130
10.0,15,7,8,131
10.0,15,7,9,132
10.0,15,7,10,132
10.0,15,7,11,133
10.0,15,7,12,133
10.0,15,7,13,134
10.0,15,7,14,134
10.0,15,7,15,135
10.0,15,8,0,127
10.0,15,8,1,127
10.0,15,8,2,128
10.0,15,8,3,129
10.0,15,8,4,129
10.0,15,8,5,130
10.0,15,8,6,130
10.0,15,8,7,131
10.0,15,8,8,132
10.0,15,8,9,132
10.0,15,8,10,133
10.0,15,8,11,133
10.0,15,8,12,134
10.0,15,8,13,135
10.0,15,8,14,135
10.0,15,8,15,136
10.0,15,9,0,127
10.0,15,9,1,128
10.0,15,9,2,129
10.0,15,9,3,129
10.0,15,9,4,130
10.0,15,9,5,131
10.0,15,9,6,131
10.0,15,9,7,132
10.0,15,9,8,132
10.0,15,9,9,133
10.0,15,9,10,134
10.0,15,9,11,134
10.0,15,9,12,135
10.0,15,9,13,135
10.0,15,9,14,136
10.0,15,9,15,137
10.0,15,10,0,128
10.0,15,10,1,129
10.0,15,10,2,129
10.0,15,10,3,130
10.0,15,10,4,131
10.0,15,10,5,131
10.0,15,10,6,132
10.0,15,10,7,132
10.0,15,10,8,133
10.0,15,10,9,134
10.0,15,10,10,134
10.0,15,10,11,135
10.0,15,10,12,136
10.0,15,10,13,136
10.0,15,10,14,137
10.0,15,10,15,137
10.0,15,11,0,129
10.0,15,11,1,129
10.0,15,11,2,130
10.0,15,11,3,131
10.0,15,11,4,131
10.0,15,11,5,132
10.0,15,11,6,133
10.0,15,11,7,133
10.0,15,11,8,134
10.0,15,11,9,134
10.0,15,11,10,135
10.0,15,11,11,136
10.0,15,11,12,136
10.0,15,11,13,137
10.0,15,11,14,137
10.0,15,11,15,138
10.0,15,12,0,130
10.0,15,12,1,130
10.0,15,12,2,131
10.0,15,12,3,131
10.0,15,12,4,132
10.0,15,12,5,133
10.0,15,12,6,133
10.0,15,12,7,134
10.0,15,12,8,135
10.0,15,12,9,135
10.0,15,12,10,136
10.0,15,12,11,136
10.0,15,12,12,137
10.0,15,12,13,138
10.0,15,12,14,138
10.0,15,12,15,139
10.0,15,13,0,130
10.0,15,13,1,131
10.0,15,13,2,131
10.0,15,13,3,132
10.0,15,13,4,133
10.0,15,13,5,133
10.0,15,13,6,134
10.0,15,13,7,135
10.0,15,13,8,135
10.0,15,13,9,136
10.0,15,13,10,136
10.0,15,13,11,137
10.0,15,13,12,138
10.0,15,13,13,138
10.0,15,13,14,139
10.0,15,13,15,139
10.0,15,14,0,131
10.0,15,14,1,132
10.0,15,14,2,132
10.0,15,14,3,133
10.0,15,14,4,133
10.0,15,14,5,134
10.0,15,14,6,135
10.0,15,14,7,135
10.0,15,14,8,136
10.0,15,14,9,137
10.0,15,14,10,137
10.0,15,14,11,138
10.0,15,14,12,138
10.0,15,14,13,139
10.0,15,14,14,140
10.0,15,14,15,140
10.0,15,15,0,132
10.0,15,15,1,132
10.0,15,15,2,133
10.0,15,15,3,133
10.0,15,15,4,134
10.0,15,15,5,135
10.0,15,15,6,135
10.0,15,15,7,136
10.0,15,15,8,137
10.0,15,15,9,137
10.0,15,15,10,138
10.0,15,15,11,139
10.0,15,15,12,139
10.0,15,15,13,140
10.0,15,15,14,140
10.0,15,15,15,141
10.5,0,0,0,101
10.5,0,0,1,102
10.5,0,0,2,102
10.5,0,0,3,103
10.5,0,0,4,103
10.5,0,0,5,104
10.5,0,0,6,104
10.5,0,0,7,105
10.5,0,0,8,105
10.5,0,0,9,106
10.5,0,0,10,106
10.5,0,0,11,107
10.5,0,0,12,107
10.5,0,0,13,108
10.5,0,0,14,108
10.5,0,0,15,108
10.5,0,1,0,102
10.5,0,1,1,102
10.5,0,1,2,103
10.5,0,1,3,103
10.5,0,1,4,104
10.5,0,1,5,104
10.5,0,1,6,105
10.5,0,1,7,105
10.5,0,1,8,106
10.5,0,1,9,106
10.5,0,1,10,107
10.5,0,1,11,107
10.5,0,1,12,108
10.5,0,1,13,108
10.5,0,1,14,109
10.5,0,1,15,109
10.5,0,2,0,102
10.5,0,2,1,103
10.5,0,2,2,103
10.5,0,2,3,104
10.5,0,2,4,104
10.5,0,2,5,105
10.5,0,2,6,105
10.5,0,2,7,106
10.5,0,2,8,106
10.5,0,2,9,107
10.5,0,2,10,107
10.5,0,2,11,108
10.5,0,2,12,108
10.5,0,2,13,109
10.5,0,2,14,109
10.5,0,2,15,110
10.5,0,3,0,103
10.5,0,3,1,104
10.5,0,3,2,104
10.5,0,3,3,105
10.5,0,3,4,105
10.5,0,3,5,106
10.5,0,3,6,106
10.5,0,3,7,107
10.5,0,3,8,107
10.5,0,3,9,108
10.5,0,3,10,108
10.5,0,3,11,109
10.5,0,3,12,109
10.5,0,3,13,109
10.5,0,3,14,110
10.5,0,3,15,110
10.5,0,4,0,104
10.5,0,4,1,104
10.5,0,4,2,105
10.5,0,4,3,105
10.5,0,4,4,106
10.5,0,4,5,106
10.5,0,4,6,107
10.5,0,4,7,107
10.5,0,4,8,108
10.5,0,4,9,108
10.5,0,4,10,109
10.5,0,4,11,109
10.5,0,4,12,110
10.5,0,4,13,110
10.5,0,4,14,111
10.5,0,4,15,111
10.5,0,5,0,104
10.5,0,5,1,105
10.5,0,5,2,105
10.5,0,5,3,106
10.5,0,5,4,106
10.5,0,5,5,107
10.5,0,5,6,107
10.5,0,5,7,108
10.5,0,5,8,108
10.5,0,5,9,109
10.5,0,5,10,109
10.5,0,5,11,110
10.5,0,5,12,110
10.5,0,5,13,111
10.5,0,5,14,111
10.5,0,5,15,112
10.5,0,6,0,105
10.5,0,6,1,105
10.5,0,6,2,106
10.5,0,6,3,106
10.5,0,6,4,107
10.5,0,6,5,107
10.5,0,6,6,108
10.5,0,6,7,108
10.5,0,6,8,109
10.5,0,6,9,109
10.5,0,6,10,110
10.5,0,6,11,110
10.5,0,6,12,111
10.5,0,6,13,111
10.5,0,6,14,112
10.5,0,6,15,112
10.5,0,7,0,105
10.5,0,7,1,106
10.5,0,7,2,106
10.5,0,7,3,107
10.5,0,7,4,108
10.5,0,7,5,108
10.5,0,7,6,109
10.5,0,7,7,109
10.5,0,7,8,110
10.5,0,7,9,110
10.5,0,7,10,111
10.5,0,7,11,111
10.5,0,7,12,112
10.5,0,7,13,112
10.5,0,7,14,112
10.5,0,7,15,113
10.5,0,8,0,106
10.5,0,8,1,107
10.5,0,8,2,107
10.5,0,8,3,108
10.5,0,8,4,108
10.5,0,8,5,109
10.5,0,8,6,109
10.5,0,8,7,110
10.5,0,8,8,110
10.5,0,8,9,111
10.5,0,8,10,111
10.5,0,8,11,112
10.5,0,8,12,112
10.5,0,8,13,113
10.5,0,8,14,113
10.5,0,8,15,114
10.5,0,9,0,107
10.5,0,9,1,107
10.5,0,9,2,108
10.5,0,9,3,108
10.5,0,9,4,109
10.5,0,9,5,109
10.5,0,9,6,110
10.5,0,9,7,110
10.5,0,9,8,111
10.5,0,9,9,111
10.5,0,9,10,112
10.5,0,9,11,112
10.5,0,9,12,113
10.5,0,9,13,113
10.5,0,9,14,114
10.5,0,9,15,114
10.5,0,10,0,107
10.5,0,10,1,108
10.5,0,10,2,108
10.5,0,10,3,109
10.5,0,10,4,109
10.5,0,10,5,110
10.5,0,10,6,110
10.5,0,10,7,111
10.5,0,10,8,111
10.5,0,10,9,112
10.5,0,10,10,112
10.5,0,10,11,113
10.5,0,10,12,113
10.5,0,10,13,114
10.5,0,10,14,114
10.5,0,10,15,115
10.5,0,11,0,108
10.5,0,11,1,108
10.5,0,11,2,109
10.5,0,11,3,109
10.5,0,11,4,110
10.5,0,11,5,110
10.5,0,11,6,111
10.5,0,11,7,111
10.5,0,11,8,112
10.5,0,11,9,112
10.5,0,11,10,113
10.5,0,11,11,113
10.5,0,11,12,114
10.5,0,11,13,114
10.5,0,11,14,115
10.5,0,11,15,115
10.5,0,12,0,108
10.5,0,12,1,109
10.5,0,12,2,109
10.5,0,12,3,110
10.5,0,12,4,110
10.5,0,12,5,111
10.5,0,12,6,112
10.5,0,12,7,112
10.5,0,12,8,113
10.5,0,12,9,113
10.5,0,12,10,114
10.5,0,12,11,114
10.5,0,12,12,115
10.5,0,12,13,115
10.5,0,12,14,116
10.5,0,12,15,116
10.5,0,13,0,109
10.5,0,13,1,109
10.5,0,13,2,110
10.5,0,13,3,111
10.5,0,13,4,111
10.5,0,13,5,112
10.5,0,13,6,112
10.5,0,13,7,113
10.5,0,13,8,113
10.5,0,13,9,114
10.5,0,13,10,114
10.5,0,13,11,115
10.5,0,13,12,115
10.5,0,13,13,116
10.5,0,13,14,116
10.5,0,13,15,117
10.5,0,14,0,109
10.5,0,14,1,110
10.5,0,14,2,111
10.5,0,14,3,111
10.5,0,14,4,112
10.5,0,14,5,112
10.5,0,14,6,113
10.5,0,14,7,113
10.5,0,14,8,114
10.5,0,14,9,114
10.5,0,14,10,115
10.5,0,14,11,115
10.5,0,14,12,116
10.5,0,14,13,116
10.5,0,14,14,117
10.5,0,14,15,117
10.5,0,15,0,110
10.5,0,15,1,111
10.5,0,15,2,111
10.5,0,15,3,112
10.5,0,15,4,112
10.5,0,15,5,113
10.5,0,15,6,113
10.5,0,15,7,114
10.5,0,15,8,114
10.5,0,15,9,115
10.5,0,15,10,115
10.5,0,15,11,116
10.5,0,15,12,116
10.5,0,15,13,117
10.5,0,15,14,117
10.5,0,15,15,118
10.5,1,0,0,103
10.5,1,0,1,103
10.5,1,0,2,104
10.5,1,0,3,104
10.5,1,0,4,105
10.5,1,0,5,105
10.5,1,0,6,106
10.5,1,0,7,106
10.5,1,0,8,107
10.5,1,0,9,107
10.5,1,0,10,108
10.5,1,0,11,108
10.5,1,0,12,109
10.5,1,0,13,109
10.5,1,0,14,110
10.5,1,0,15,110
10.5,1,1,0,104
10.5,1,1,1,104
10.5,1,1,2,105
10.5,1,1,3,105
10.5,1,1,4,106
10.5,1,1,5,106
10.5,1,1,6,107
10.5,1,1,7,107
10.5,1,1,8,108
10.5,1,1,9,108
10.5,1,1,10,109
10.5,1,1,11,109
10.5,1,1,12,110
10.5,1,1,13,110
10.5,1,1,14,111
10.5,1,1,15,111
10.5,1,2,0,104
10.5,1,2,1,105
10.5,1,2,2,105
10.5,1,2,3,106
10.5,1,2,4,106
10.5,1,2,5,107
10.5,1,2,6,107
10.5,1,2,7,108
10.5,1,2,8,108
10.5,1,2,9,109
10.5,1,2,10,109
10.5,1,2,11,110
10.5,1,2,12,110
10.5,1,2,13,111
10.5,1,2,14,111
10.5,1,2,15,112
10.5,1,3,0,105
10.5,1,3,1,105
10.5,1,3,2,106
10.5,1,3,3,106
10.5,1,3,4,107
10.5,1,3,5,107
10.5,1,3,6,108
10.5,1,3,7,108
10.5,1,3,8,109
10.5,1,3,9,109
10.5,1,3,10,110
10.5,1,3,11,110
10.5,1,3,12,111
10.5,1,3,13,111
10.5,1,3,14,112
10.5,1,3,15,112
10.5,1,4,0,105
10.5,1,4,1,106
10.5,1,4,2,106
10.5,1,4,3,107
10.5,1,4,4,107
10.5,1,4,5,108
10.5,1,4,6,109
10.5,1,4,7,109
10.5,1,4,8,110
10.5,1,4,9,110
10.5,1,4,10,111
10.5,1,4,11,111
10.5,1,4,12,111
10.5,1,4,13,112
10.5,1,4,14,112
10.5,1,4,15,113
10.5,1,5,0,106
10.5,1,5,1,107
10.5,1,5,2,107
10.5,1,5,3,108
10.5,1,5,4,108
10.5,1,5,5,109
10.5,1,5,6,109
10.5,1,5,7,110
10.5,1,5,8,110
10.5,1,5,9,111
10.5,1,5,10,111
10.5,1,5,11,112
10.5,1,5,12,112
10.5,1,5,13,113
10.5,1,5,14,113
10.5,1,5,15,114
10.5,1,6,0,107
10.5,1,6,1,107
10.5,1,6,2,108
10.5,1,6,3,108
10.5,1,6,4,109
10.5,1,6,5,109
10.5,1,6,6,110
10.5,1,6,7,110
10.5,1,6,8,111
10.5,1,6,9,111
10.5,1,6,10,112
10.5,1,6,11,112
10.5,1,6,12,113
10.5,1,6,13,113
10.5,1,6,14,114
10.5,1,6,15,114
10.5,1,7,0,107
10.5,1,7,1,108
10.5,1,7,2,108
10.5,1,7,3,109
10.5,1,7,4,109
10.5,1,7,5,110
10.5,1,7,6,110
10.5,1,7,7,111
10.5,1,7,8,111
10.5,1,7,9,112
10.5,1,7,10,112
10.5,1,7,11,113
10.5,1,7,12,113
10.5,1,7,13,114
10.5,1,7,14,114
10.5,1,7,15,115
10.5,1,8,0,108
10.5,1,8,1,108
10.5,1,8,2,109
10.5,1,8,3,109
10.5,1,8,4,110
10.5,1,8,5,110
10.5,1,8,6,111
10.5,1,8,7,111
10.5,1,8,8,112
10.5,1,8,9,113
10.5,1,8,10,113
10.5,1,8,11,114
10.5,1,8,12,114
10.5,1,8,13,115
10.5,1,8,14,115
10.5,1,8,15,116
10.5,1,9,0,108
10.5,1,9,1,109
10.5,1,9,2,109
10.5,1,9,3,110
10.5,1,9,4,111
10.5,1,9,5,111
10.5,1,9,6,112
10.5,1,9,7,112
10.5,1,9,8,113
10.5,1,9,9,113
10.5,1,9,10,114
10.5,1,9,11,114
10.5,1,9,12,115
10.5,1,9,13,115
10.5,1,9,14,116
10.5,1,9,15,116
10.5,1,10,0,109
10.5,1,10,1,110
10.5,1,10,2,110
10.5,1,10,3,111
10.5,1,10,4,111
10.5,1,10,5,112
10.5,1,10,6,112
10.5,1,10,7,113
10.5,1,10,8,113
10.5,1,10,9,114
10.5,1,10,10,114
10.5,1,10,11,115
10.5,1,10,12,115
10.5,1,10,13,116
10.5,1,10,14,116
10.5,1,10,15,117
10.5,1,11,0,110
10.5,1,11,1,110
10.5,1,11,2,111
10.5,1,11,3,111
10.5,1,11,4,112
10.5,1,11,5,112
10.5,1,11,6,113
10.5,1,11,7,113
10.5,1,11,8,114
10.5,1,11,9,114
10.5,1,11,10,115
10.5,1,11,11,115
10.5,1,11,12,116
10.5,1,11,13,116
10.5,1,11,14,117
10.5,1,11,15,117
10.5,1,12,0,110
10.5,1,12,1,111
10.5,1,12,2,111
10.5,1,12,3,112
10.5,1,12,4,112
10.5,1,12,5,113
10.5,1,12,6,113
10.5,1,12,7,114
10.5,1,12,8,114
10.5,1,12,9,115
10.5,1,12,10,115
10.5,1,12,11,116
10.5,1,12,12,117
10.5,1,12,13,117
10.5,1,12,14,118
10.5,1,12,15,118
10.5,1,13,0,111
10.5,1,13,1,111
10.5,1,13,2,112
10.5,1,13,3,112
10.5,1,13,4,113
10.5,1,13,5,113
10.5,1,13,6,114
10.5,1,13,7,115
10.5,1,13,8,115
10.5,1,13,9,116
10.5,1,13,10,116
10.5,1,13,11,117
10.5,1,13,12,117
10.5,1,13,13,118
10.5,1,13,14,118
10.5,1,13,15,119
10.5,1,14,0,111
10.5,1,14,1,112
10.5,1,14,2,112
10.5,1,14,3,113
10.5,1,14,4,114
10.5,1,14,5,114
10.5,1,14,6,115
10.5,1,14,7,115
10.5,1,14,8,116
10.5,1,14,9,116
10.5,1,14,10,117
10.5,1,14,11,117
10.5,1,14,12,118
10.5,1,14,13,118
10.5,1,14,14,119
10.5,1,14,15,119
10.5,1,15,0,112
10.5,1,15,1,112
10.5,1,15,2,113
10.5,1,15,3,114
10.5,1,15,4,114
10.5,1,15,5,115
10.5,1,15,6,115
10.5,1,15,7,116
10.5,1,15,8,116
10.5,1,15,9,117
10.5,1,15,10,117
10.5,1,15,11,118
10.5,1,15,12,118
10.5,1,15,13,119
10.5,1,15,14,119
10.5,1,15,15,120
10.5,2,0,0,105
10.5,2,0,1,105
10.5,2,0,2,106
10.5,2,0,3,106
10.5,2,0,4,107
10.5,2,0,5,107
10.5,2,0,6,108
10.5,2,0,7,108
10.5,2,0,8,109
10.5,2,0,9,109
10.5,2,0,10,110
10.5,2,0,11,110
10.5,2,0,12,111
10.5,2,0,13,111
10.5,2,0,14,112
10.5,2,0,15,112
10.5,2,1,0,105
10.5,2,1,1,106
10.5,2,1,2,106
10.5,2,1,3,107
10.5,2,1,4,107
10.5,2,1,5,108
10.5,2,1,6,108
10.5,2,1,7,109
10.5,2,1,8,109
10.5,2,1,9,110
10.5,2,1,10,110
10.5,2,1,11,111
10.5,2,1,12,111
10.5,2,1,13,112
10.5,2,1,14,112
10.5,2,1,15,113
10.5,2,2,0,106
10.5,2,2,1,106
10.5,2,2,2,107
10.5,2,2,3,108
10.5,2,2,4,108
10.5,2,2,5,109
10.5,2,2,6,109
10.5,2,2,7,110
10.5,2,2,8,110
10.5,2,2,9,111
10.5,2,2,10,111
10.5,2,2,11,112
10.5,2,2,12,112
10.5,2,2,13,113
10.5,2,2,14,113
10.5,2,2,15,114
10.5,2,3,0,107
10.5,2,3,1,107
10.5,2,3,2,108
10.5,2,3,3,108
10.5,2,3,4,109
10.5,2,3,5,109
10.5,2,3,6,110
10.5,2,3,7,110
10.5,2,3,8,111
10.5,2,3,9,111
10.5,2,3,10,112
10.5,2,3,11,112
10.5,2,3,12,113
10.5,2,3,13,113
10.5,2,3,14,114
10.5,2,3,15,114
10.5,2,4,0,107
10.5,2,4,1,108
10.5,2,4,2,108
10.5,2,4,3,109
10.5,2,4,4,109
10.5,2,4,5,110
10.5,2,4,6,110
10.5,2,4,7,111
10.5,2,4,8,111
10.5,2,4,9,112
10.5,2,4,10,112
10.5,2,4,11,113
10.5,2,4,12,113
10.5,2,4,13,114
10.5,2,4,14,114
10.5,2,4,15,115
10.5,2,5,0,108
10.5,2,5,1,108
10.5,2,5,2,109
10.5,2,5,3,109
10.5,2,5,4,110
10.5,2,5,5,110
10.5,2,5,6,111
10.5,2,5,7,111
10.5,2,5,8,112
10.5,2,5,9,112
10.5,2,5,10,113
10.5,2,5,11,114
10.5,2,5,12,114
10.5,2,5,13,115
10.5,2,5,14,115
10.5,2,5,15,116
10.5,2,6,0,108
10.5,2,6,1,109
10.5,2,6,2,109
10.5,2,6,3,110
10.5,2,6,4,111
10.5,2,6,5,111
10.5,2,6,6,112
10.5,2,6,7,112
10.5,2,6,8,113
10.5,2,6,9,113
10.5,2,6,10,114
10.5,2,6,11,114
10.5,2,6,12,115
10.5,2,6,13,115
10.5,2,6,14,116
10.5,2,6,15,116
10.5,2,7,0,109
10.5,2,7,1,110
10.5,2,7,2,110
10.5,2,7,3,111
10.5,2,7,4,111
10.5,2,7,5,112
10.5,2,7,6,112
10.5,2,7,7,113
10.5,2,7,8,113
10.5,2,7,9,114
10.5,2,7,10,114
10.5,2,7,11,115
10.5,2,7,12,115
10.5,2,7,13,116
10.5,2,7,14,116
10.5,2,7,15,117
10.5,2,8,0,110
10.5,2,8,1,110
10.5,2,8,2,111
10.5,2,8,3,111
10.5,2,8,4,112
10.5,2,8,5,112
10.5,2,8,6,113
10.5,2,8,7,113
10.5,2,8,8,114
10.5,2,8,9,114
10.5,2,8,10,115
10.5,2,8,11,115
10.5,2,8,12,116
10.5,2,8,13,116
10.5,2,8,14,117
10.5,2,8,15,117
10.5,2,9,0,110
10.5,2,9,1,111
10.5,2,9,2,111
10.5,2,9,3,112
10.5,2,9,4,112
10.5,2,9,5,113
10.5,2,9,6,113
10.5,2,9,7,114
10.5,2,9,8,115
10.5,2,9,9,115
10.5,2,9,10,116
10.5,2,9,11,116
10.5,2,9,12,117
10.5,2,9,13,117
10.5,2,9,14,118
10.5,2,9,15,118
10.5,2,10,0,111
10.5,2,10,1,111
10.5,2,10,2,112
10.5,2,10,3,112
10.5,2,10,4,113
10.5,2,10,5,114
10.5,2,10,6,114
10.5,2,10,7,115
10.5,2,10,8,115
10.5,2,10,9,116
10.5,2,10,10,116
10.5,2,10,11,117
10.5,2,10,12,117
10.5,2,10,13,118
10.5,2,10,14,118
10.5,2,10,15,119
10.5,2,11,0,111
10.5,2,11,1,112
10.5,2,11,2,113
10.5,2,11,3,113
10.5,2,11,4,114
10.5,2,11,5,114
10.5,2,11,6,115
10.5,2,11,7,115
10.5,2,11,8,116
10.5,2,11,9,116
10.5,2,11,10,117
10.5,2,11,11,117
10.5,2,11,12,118
10.5,2,11,13,118
10.5,2,11,14,119
10.5,2,11,15,119
10.5,2,12,0,112
10.5,2,12,1,113
10.5,2,12,2,113
10.5,2,12,3,114
10.5,2,12,4,114
10.5,2,12,5,115
10.5,2,12,6,115
10.5,2,12,7,116
10.5,2,12,8,116
10.5,2,12,9,117
10.5,2,12,10,117
10.5,2,12,11,118
10.5,2,12,12,118
10.5,2,12,13,119
10.5,2,12,14,120
10.5,2,12,15,120
10.5,2,13,0,113
10.5,2,13,1,113
10.5,2,13,2,114
10.5,2,13,3,114
10.5,2,13,4,115
10.5,2,13,5,115
10.5,2,13,6,116
10.5,2,13,7,116
10.5,2,13,8,117
10.5,2,13,9,118
10.5,2,13,10,118
10.5,2,13,11,119
10.5,2,13,12,119
10.5,2,13,13,120
10.5,2,13,14,120
10.5,2,13,15,121
10.5,2,14,0,113
10.5,2,14,1,114
10.5,2,14,2,114
10.5,2,14,3,115
10.5,2,14,4,115
10.5,2,14,5,116
10.5,2,14,6,117
10.5,2,14,7,117
10.5,2,14,8,118
10.5,2,14,9,118
10.5,2,14,10,119
10.5,2,14,11,119
10.5,2,14,12,120
10.5,2,14,13,120
10.5,2,14,14,121
10.5,2,14,15,121
10.5,2,15,0,114
10.5,2,15,1,114
10.5,2,15,2,115
10.5,2,15,3,115
10.5,2,15,4,116
10.5,2,15,5,117
10.5,2,15,6,117
10.5,2,15,7,118
10.5,2,15,8,118
10.5,2,15,9,119
10.5,2,15,10,119
10.5,2,15,11,120
10.5,2,15,12,120
10.5,2,15,13,121
10.5,2,15,14,121
10.5,2,15,15,122
10.5,3,0,0,106
10.5,3,0,1,107
10.5,3,0,2,107
10.5,3,0,3,108
10.5,3,0,4,108
10.5,3,0,5,109
10.5,3,0,6,110
10.5,3,0,7,110
10.5,3,0,8,111
10.5,3,0,9,111
10.5,3,0,10,112
10.5,3,0,11,112
10.5,3,0,12,113
10.5,3,0,13,113
10.5,3,0,14,114
10.5,3,0,15,114
10.5,3,1,0,107
10.5,3,1,1,108
10.5,3,1,2,108
10.5,3,1,3,109
10.5,3,1,4,109
10.5,3,1,5,110
10.5,3,1,6,110
10.5,3,1,7,111
10.5,3,1,8,111
10.5,3,1,9,112
10.5,3,1,10,112
10.5,3,1,11,113
10.5,3,1,12,113
10.5,3,1,13,114
10.5,3,1,14,114
10.5,3,1,15,115
10.5,3,2,0,108
10.5,3,2,1,108
10.5,3,2,2,109
10.5,3,2,3,109
10.5,3,2,4,110
10.5,3,2,5,110
10.5,3,2,6,111
10.5,3,2,7,111
10.5,3,2,8,112
10.5,3,2,9,112
10.5,3,2,10,113
10.5,3,2,11,113
10.5,3,2,12,114
10.5,3,2,13,114
10.5,3,2,14,115
10.5,3,2,15,115
10.5,3,3,0,108
10.5,3,3,1,109
10.5,3,3,2,109
10.5,3,3,3,110
10.5,3,3,4,110
10.5,3,3,5,111
10.5,3,3,6,111
10.5,3,3,7,112
10.5,3,3,8,113
10.5,3,3,9,113
10.5,3,3,10,114
10.5,3,3,11,114
10.5,3,3,12,115
10.5,3,3,13,115
10.5,3,3,14,116
10.5,3,3,15,116
10.5,3,4,0,109
10.5,3,4,1,110
10.5,3,4,2,110
10.5,3,4,3,111
10.5,3,4,4,111
10.5,3,4,5,112
10.5,3,4,6,112
10.5,3,4,7,113
10.5,3,4,8,113
10.5,3,4,9,114
10.5,3,4,10,114
10.5,3,4,11,115
10.5,3,4,12,115
10.5,3,4,13,116
10.5,3,4,14,116
10.5,3,4,15,117
10.5,3,5,0,110
10.5,3,5,1,110
10.5,3,5,2,111
10.5,3,5,3,111
10.5,3,5,4,112
10.5,3,5,5,112
10.5,3,5,6,113
10.5,3,5,7,113
10.5,3,5,8,114
10.5,3,5,9,114
10.5,3,5,10,115
10.5,3,5,11,115
10.5,3,5,12,116
10.5,3,5,13,116
10.5,3,5,14,117
10.5,3,5,15,117
10.5,3,6,0,110
10.5,3,6,1,111
10.5,3,6,2,111
10.5,3,6,3,112
10.5,3,6,4,112
10.5,3,6,5,113
10.5,3,6,6,113
10.5,3,6,7,114
10.5,3,6,8,114
10.5,3,6,9,115
10.5,3,6,10,116
10.5,3,6,11,116
10.5,3,6,12,117
10.5,3,6,13,117
10.5,3,6,14,118
10.5,3,6,15,118
10.5,3,7,0,111
10.5,3,7,1,111
10.5,3,7,2,112
10.5,3,7,3,112
10.5,3,7,4,113
10.5,3,7,5,114
10.5,3,7,6,114
10.5,3,7,7,115
10.5,3,7,8,115
10.5,3,7,9,116
10.5,3,7,10,116
10.5,3,7,11,117
10.5,3,7,12,117
10.5,3,7,13,118
10.5,3,7,14,118
10.5,3,7,15,119
10.5,3,8,0,111
10.5,3,8,1,112
10.5,3,8,2,113
10.5,3,8,3,113
10.5,3,8,4,114
10.5,3,8,5,114
10.5,3,8,6,115
10.5,3,8,7,115
10.5,3,8,8,116
10.5,3,8,9,116
10.5,3,8,10,117
10.5,3,8,11,117
10.5,3,8,12,118
10.5,3,8,13,118
10.5,3,8,14,119
10.5,3,8,15,119
10.5,3,9,0,112
10.5,3,9,1,113
10.5,3,9,2,113
10.5,3,9,3,114
10.5,3,9,4,114
10.5,3,9,5,115
10.5,3,9,6,115
10.5,3,9,7,116
10.5,3,9,8,116
10.5,3,9,9,117
10.5,3,9,10,117
10.5,3,9,11,118
10.5,3,9,12,119
10.5,3,9,13,119
10.5,3,9,14,120
10.5,3,9,15,120
10.5,3,10,0,113
10.5,3,10,1,113
10.5,3,10,2,114
10.5,3,10,3,114
10.5,3,10,4,115
10.5,3,10,5,115
10.5,3,10,6,116
10.5,3,10,7,116
10.5,3,10,8,117
10.5,3,10,9,118
10.5,3,10,10,118
10.5,3,10,11,119
10.5,3,10,12,119
10.5,3,10,13,120
10.5,3,10,14,120
10.5,3,10,15,121
10.5,3,11,0,113
10.5,3,11,1,114
10.5,3,11,2,114
10.5,3,11,3,115
10.5,3,11,4,115
10.5,3,11,5,116
10.5,3,11,6,117
10.5,3,11,7,117
10.5,3,11,8,118
10.5,3,11,9,118
10.5,3,11,10,119
10.5,3,11,11,119
10.5,3,11,12,120
10.5,3,11,13,120
10.5,3,11,14,121
10.5,3,11,15,121
10.5,3,12,0,114
10.5,3,12,1,114
10.5,3,12,2,115
10.5,3,12,3,116
10.5,3,12,4,116
10.5,3,12,5,117
10.5,3,12,6,117
10.5,3,12,7,118
10.5,3,12,8,118
10.5,3,12,9,119
10.5,3,12,10,119
10.5,3,12,11,120
10.5,3,12,12,120
10.5,3,12,13,121
10.5,3,12,14,121
10.5,3,12,15,122
10.5,3,13,0,114
10.5,3,13,1,115
10.5,3,13,2,116
10.5,3,13,3,116
10.5,3,13,4,117
10.5,3,13,5,117
10.5,3,13,6,118
10.5,3,13,7,118
10.5,3,13,8,119
10.5,3,13,9,119
10.5,3,13,10,120
10.5,3,13,11,121
10.5,3,13,12,121
10.5,3,13,13,122
10.5,3,13,14,122
10.5,3,13,15,123
10.5,3,14,0,115
10.5,3,14,1,116
10.5,3,14,2,116
10.5,3,14,3,117
10.5,3,14,4,117
10.5,3,14,5,118
10.5,3,14,6,118
10.5,3,14,7,119
10.5,3,14,8,120
10.5,3,14,9,120
10.5,3,14,10,121
10.5,3,14,11,121
10.5,3,14,12,122
10.5,3,14,13,122
10.5,3,14,14,123
10.5,3,14,15,123
10.5,3,15,0,116
10.5,3,15,1,116
10.5,3,15,2,117
10.5,3,15,3,117
10.5,3,15,4,118
10.5,3,15,5,118
10.5,3,15,6,119
10.5,3,15,7,120
10.5,3,15,8,120
10.5,3,15,9,121
10.5,3,15,10,121
10.5,3,15,11,122
10.5,3,15,12,122
10.5,3,15,13,123
10.5,3,15,14,123
10.5,3,15,15,124
10.5,4,0,0,108
10.5,4,0,1,109
10.5,4,0,2,109
10.5,4,0,3,110
10.5,4,0,4,110
10.5,4,0,5,111
10.5,4,0,6,111
10.5,4,0,7,112
10.5,4,0,8,112
10.5,4,0,9,113
10.5,4,0,10,113
10.5,4,0,11,114
10.5,4,0,12,114
10.5,4,0,13,115
10.5,4,0,14,115
10.5,4,0,15,116
10.5,4,1,0,109
10.5,4,1,1,109
10.5,4,1,2,110
10.5,4,1,3,110
10.5,4,1,4,111
10.5,4,1,5,111
10.5,4,1,6,112
10.5,4,1,7,112
10.5,4,1,8,113
10.5,4,1,9,114
10.5,4,1,10,114
10.5,4,1,11,115
10.5,4,1,12,115
10.5,4,1,13,116
10.5,4,1,14,116
10.5,4,1,15,117
10.5,4,2,0,109
10.5,4,2,1,110
10.5,4,2,2,111
10.5,4,2,3,111
10.5,4,2,4,112
10.5,4,2,5,112
10.5,4,2,6,113
10.5,4,2,7,113
10.5,4,2,8,114
10.5,4,2,9,114
10.5,4,2,10,115
10.5,4,2,11,115
10.5,4,2,12,116
10.5,4,2,13,116
10.5,4,2,14,117
10.5,4,2,15,117
10.5,4,3,0,110
10.5,4,3,1,111
10.5,4,3,2,111
10.5,4,3,3,112
10.5,4,3,4,112
10.5,4,3,5,113
10.5,4,3,6,113
10.5,4,3,7,114
10.5,4,3,8,114
10.5,4,3,9,115
10.5,4,3,10,115
10.5,4,3,11,116
10.5,4,3,12,116
10.5,4,3,13,117
10.5,4,3,14,117
10.5,4,3,15,118
10.5,4,4,0,111
10.5,4,4,1,111
10.5,4,4,2,112
10.5,4,4,3,112
10.5,4,4,4,113
10.5,4,4,5,113
10.5,4,4,6,114
10.5,4,4,7,114
10.5,4,4,8,115
10.5,4,4,9,116
10.5,4,4,10,116
10.5,4,4,11,117
10.5,4,4,12,117
10.5,4,4,13,118
10.5,4,4,14,118
10.5,4,4,15,119
10.5,4,5,0,111
10.5,4,5,1,112
10.5,4,5,2,112
10.5,4,5,3,113
10.5,4,5,4,114
10.5,4,5,5,114
10.5,4,5,6,115
10.5,4,5,7,115
10.5,4,5,8,116
10.5,4,5,9,116
10.5,4,5,10,117
10.5,4,5,11,117
10.5,4,5,12,118
10.5,4,5,13,118
10.5,4,5,14,119
10.5,4,5,15,119
10.5,4,6,0,112
10.5,4,6,1,113
10.5,4,6,2,113
10.5,4,6,3,114
10.5,4,6,4,114
10.5,4,6,5,115
10.5,4,6,6,115
10.5,4,6,7,116
10.5,4,6,8,116
10.5,4,6,9,117
10.5,4,6,10,117
10.5,4,6,11,118
10.5,4,6,12,118
10.5,4,6,13,119
10.5,4,6,14,119
10.5,4,6,15,120
10.5,4,7,0,113
10.5,4,7,1,113
10.5,4,7,2,114
10.5,4,7,3,114
10.5,4,7,4,115
10.5,4,7,5,115
10.5,4,7,6,116
10.5,4,7,7,116
10.5,4,7,8,117
10.5,4,7,9,118
10.5,4,7,10,118
10.5,4,7,11,119
10.5,4,7,12,119
10.5,4,7,13,120
10.5,4,7,14,120
10.5,4,7,15,121
10.5,4,8,0,113
10.5,4,8,1,114
10.5,4,8,2,114
10.5,4,8,3,115
10.5,4,8,4,115
10.5,4,8,5,116
10.5,4,8,6,117
10.5,4,8,7,117
10.5,4,8,8,118
10.5,4,8,9,118
10.5,4,8,10,119
10.5,4,8,11,119
10.5,4,8,12,120
10.5,4,8,13,120
10.5,4,8,14,121
10.5,4,8,15,121
10.5,4,9,0,114
10.5,4,9,1,114
10.5,4,9,2,115
10.5,4,9,3,116
10.5,4,9,4,116
10.5,4,9,5,117
10.5,4,9,6,117
10.5,4,9,7,118
10.5,4,9,8,118
10.5,4,9,9,119
10.5,4,9,10,119
10.5,4,9,11,120
10.5,4,9,12,120
10.5,4,9,13,121
10.5,4,9,14,121
10.5,4,9,15,122
10.5,4,10,0,115
10.5,4,10,1,115
10.5,4,10,2,116
10.5,4,10,3,116
10.5,4,10,4,117
10.5,4,10,5,117
10.5,4,10,6,118
10.5,4,10,7,118
10.5,4,10,8,119
10.5,4,10,9,119
10.5,4,10,10,120
10.5,4,10,11,121
10.5,4,10,12,121
10.5,4,10,13,122
10.5,4,10,14,122
10.5,4,10,15,123
10.5,4,11,0,115
10.5,4,11,1,116
10.5,4,11,2,116
10.5,4,11,3,117
10.5,4,11,4,117
10.5,4,11,5,118
10.5,4,11,6,118
10.5,4,11,7,119
10.5,4,11,8,120
10.5,4,11,9,120
10.5,4,11,10,121
10.5,4,11,11,121
10.5,4,11,12,122
10.5,4,11,13,122
10.5,4,11,14,123
10.5,4,11,15,123
10.5,4,12,0,116
10.5,4,12,1,116
10.5,4,12,2,117
10.5,4,12,3,117
10.5,4,12,4,118
10.5,4,12,5,119
10.5,4,12,6,119
10.5,4,12,7,120
10.5,4,12,8,120
10.5,4,12,9,121
10.5,4,12,10,121
10.5,4,12,11,122
10.5,4,12,12,122
10.5,4,12,13,123
10.5,4,12,14,123
10.5,4,12,15,124
10.5,4,13,0,116
10.5,4,13,1,117
10.5,4,13,2,117
10.5,4,13,3,118
10.5,4,13,4,119
10.5,4,13,5,119
10.5,4,13,6,120
10.5,4,13,7,120
10.5,4,13,8,121
10.5,4,13,9,121
10.5,4,13,10,122
10.5,4,13,11,122
10.5,4,13,12,123
10.5,4,13,13,124
10.5,4,13,14,124
10.5,4,13,15,125
10.5,4,14,0,117
10.5,4,14,1,118
10.5,4,14,2,118
10.5,4,14,3,119
10.5,4,14,4,119
10.5,4,14,5,120
10.5,4,14,6,120
10.5,4,14,7,121
10.5,4,14,8,121
10.5,4,14,9,122
10.5,4,14,10,123
10.5,4,14,11,123
10.5,4,14,12,124
10.5,4,14,13,124
10.5,4,14,14,125
10.5,4,14,15,125
10.5,4,15,0,118
10.5,4,15,1,118
10.5,4,15,2,119
10.5,4,15,3,119
10.5,4,15,4,120
10.5,4,15,5,120
10.5,4,15,6,121
10.5,4,15,7,122
10.5,4,15,8,122
10.5,4,15,9,123
10.5,4,15,10,123
10.5,4,15,11,124
10.5,4,15,12,124
10.5,4,15,13,125
10.5,4,15,14,125
10.5,4,15,15,126
10.5,5,0,0,110
10.5,5,0,1,110
10.5,5,0,2,111
10.5,5,0,3,111
10.5,5,0,4,112
10.5,5,0,5,113
10.5,5,0,6,113
10.5,5,0,7,114
10.5,5,0,8,114
10.5,5,0,9,115
10.5,5,0,10,115
10.5,5,0,11,116
10.5,5,0,12,116
10.5,5,0,13,117
10.5,5,0,14,117
10.5,5,0,15,118
10.5,5,1,0,111
10.5,5,1,1,111
10.5,5,1,2,112
10.5,5,1,3,112
10.5,5,1,4,113
10.5,5,1,5,113
10.5,5,1,6,114
10.5,5,1,7,114
10.5,5,1,8,115
10.5,5,1,9,115
10.5,5,1,10,116
10.5,5,1,11,116
10.5,5,1,12,117
10.5,5,1,13,117
10.5,5,1,14,118
10.5,5,1,15,118
10.5,5,2,0,111
10.5,5,2,1,112
10.5,5,2,2,112
10.5,5,2,3,113
10.5,5,2,4,113
10.5,5,2,5,114
10.5,5,2,6,114
10.5,5,2,7,115
10.5,5,2,8,115
10.5,5,2,9,116
10.5,5,2,10,117
10.5,5,2,11,117
10.5,5,2,12,118
10.5,5,2,13,118
10.5,5,2,14,119
10.5,5,2,15,119
10.5,5,3,0,112
10.5,5,3,1,112
10.5,5,3,2,113
10.5,5,3,3,113
10.5,5,3,4,114
10.5,5,3,5,115
10.5,5,3,6,115
10.5,5,3,7,116
10.5,5,3,8,116
10.5,5,3,9,117
10.5,5,3,10,117
10.5,5,3,11,118
10.5,5,3,12,118
10.5,5,3,13,119
10.5,5,3,14,119
10.5,5,3,15,120
10.5,5,4,0,112
10.5,5,4,1,113
10.5,5,4,2,114
10.5,5,4,3,114
10.5,5,4,4,115
10.5,5,4,5,115
10.5,5,4,6,116
10.5,5,4,7,116
10.5,5,4,8,117
10.5,5,4,9,117
10.5,5,4,10,118
10.5,5,4,11,118
10.5,5,4,12,119
10.5,5,4,13,119
10.5,5,4,14,120
10.5,5,4,15,121
10.5,5,5,0,113
10.5,5,5,1,114
10.5,5,5,2,114
10.5,5,5,3,115
10.5,5,5,4,115
10.5,5,5,5,116
10.5,5,5,6,116
10.5,5,5,7,117
10.5,5,5,8,118
10.5,5,5,9,118
10.5,5,5,10,119
10.5,5,5,11,119
10.5,5,5,12,120
10.5,5,5,13,120
10.5,5,5,14,121
10.5,5,5,15,121
10.5,5,6,0,114
10.5,5,6,1,114
10.5,5,6,2,115
10.5,5,6,3,115
10.5,5,6,4,116
10.5,5,6,5,117
10.5,5,6,6,117
10.5,5,6,7,118
10.5,5,6,8,118
10.5,5,6,9,119
10.5,5,6,10,119
10.5,5,6,11,120
10.5,5,6,12,120
10.5,5,6,13,121
10.5,5,6,14,121
10.5,5,6,15,122
10.5,5,7,0,114
10.5,5,7,1,115
10.5,5,7,2,116
10.5,5,7,3,116
10.5,5,7,4,117
10.5,5,7,5,117
10.5,5,7,6,118
10.5,5,7,7,118
10.5,5,7,8,119
10.5,5,7,9,119
10.5,5,7,10,120
10.5,5,7,11,120
10.5,5,7,12,121
10.5,5,7,13,122
10.5,5,7,14,122
10.5,5,7,15,123
10.5,5,8,0,115
10.5,5,8,1,116
10.5,5,8,2,116
10.5,5,8,3,117
10.5,5,8,4,117
10.5,5,8,5,118
10.5,5,8,6,118
10.5,5,8,7,119
10.5,5,8,8,120
10.5,5,8,9,120
10.5,5,8,10,121
10.5,5,8,11,121
10.5,5,8,12,122
10.5,5,8,13,122
10.5,5,8,14,123
10.5,5,8,15,123
10.5,5,9,0,116
10.5,5,9,1,116
10.5,5,9,2,117
10.5,5,9,3,117
10.5,5,9,4,118
10.5,5,9,5,119
10.5,5,9,6,119
10.5,5,9,7,120
10.5,5,9,8,120
10.5,5,9,9,121
10.5,5,9,10,121
10.5,5,9,11,122
10.5,5,9,12,122
10.5,5,9,13,123
10.5,5,9,14,123
10.5,5,9,15,124
10.5,5,10,0,116
10.5,5,10,1,117
10.5,5,10,2,117
10.5,5,10,3,118
10.5,5,10,4,119
10.5,5,10,5,119
10.5,5,10,6,120
10.5,5,10,7,120
10.5,5,10,8,121
10.5,5,10,9,121
10.5,5,10,10,122
10.5,5,10,11,122
10.5,5,10,12,123
10.5,5,10,13,124
10.5,5,10,14,124
10.5,5,10,15,125
10.5,5,11,0,117
10.5,5,11,1,118
10.5,5,11,2,118
10.5,5,11,3,119
10.5,5,11,4,119
10.5,5,11,5,120
10.5,5,11,6,120
10.5,5,11,7,121
10.5,5,11,8,121
10.5,5,11,9,122
10.5,5,11,10,123
10.5,5,11,11,123
10.5,5,11,12,124
10.5,5,11,13,124
10.5,5,11,14,125
10.5,5,11,15,125
10.5,5,12,0,118
10.5,5,12,1,118
10.5,5,12,2,119
10.5,5,12,3,119
10.5,5,12,4,120
10.5,5,12,5,120
10.5,5,12,6,121
10.5,5,12,7,122
10.5,5,12,8,122
10.5,5,12,9,123
10.5,5,12,10,123
10.5,5,12,11,124
10.5,5,12,12,124
10.5,5,12,13,125
10.5,5,12,14,125
10.5,5,12,15,126
10.5,5,13,0,118
10.5,5,13,1,119
10.5,5,13,2,119
10.5,5,13,3,120
10.5,5,13,4,121
10.5,5,13,5,121
10.5,5,13,6,122
10.5,5,13,7,122
10.5,5,13,8,123
10.5,5,13,9,123
10.5,5,13,10,124
10.5,5,13,11,124
10.5,5,13,12,125
10.5,5,13,13,126
10.5,5,13,14,126
10.5,5,13,15,127
10.5,5,14,0,119
10.5,5,14,1,119
10.5,5,14,2,120
10.5,5,14,3,121
10.5,5,14,4,121
10.5,5,14,5,122
10.5,5,14,6,122
10.5,5,14,7,123
10.5,5,14,8,123
10.5,5,14,9,124
10.5,5,14,10,125
10.5,5,14,11,125
10.5,5,14,12,126
10.5,5,14,13,126
10.5,5,14,14,127
10.5,5,14,15,127
10.5,5,15,0,119
10.5,5,15,1,120
10.5,5,15,2,121
10.5,5,15,3,121
10.5,5,15,4,122
10.5,5,15,5,122
10.5,5,15,6,123
10.5,5,15,7,123
10.5,5,15,8,124
10.5,5,15,9,125
10.5,5,15,10,125
10.5,5,15,11,126
10.5,5,15,12,126
10.5,5,15,13,127
10.5,5,15,14,127
10.5,5,15,15,128
10.5,6,0,0,112
10.5,6,0,1,112
10.5,6,0,2,113
10.5,6,0,3,113
10.5,6,0,4,114
10.5,6,0,5,114
10.5,6,0,6,115
10.5,6,0,7,115
10.5,6,0,8,116
10.5,6,0,9,116
10.5,6,0,10,117
10.5,6,0,11,117
10.5,6,0,12,118
10.5,6,0,13,119
10.5,6,0,14,119
10.5,6,0,15,120
10.5,6,1,0,112
10.5,6,1,1,113
10.5,6,1,2,113
10.5,6,1,3,114
10.5,6,1,4,114
10.5,6,1,5,115
10.5,6,1,6,116
10.5,6,1,7,116
10.5,6,1,8,117
10.5,6,1,9,117
10.5,6,1,10,118
10.5,6,1,11,118
10.5,6,1,12,119
10.5,6,1,13,119
10.5,6,1,14,120
10.5,6,1,15,120
10.5,6,2,0,113
10.5,6,2,1,113
10.5,6,2,2,114
10.5,6,2,3,115
10.5,6,2,4,115
10.5,6,2,5,116
10.5,6,2,6,116
10.5,6,2,7,117
10.5,6,2,8,117
10.5,6,2,9,118
10.5,6,2,10,118
10.5,6,2,11,119
10.5,6,2,12,119
10.5,6,2,13,120
10.5,6,2,14,120
10.5,6,2,15,121
10.5,6,3,0,114
10.5,6,3,1,114
10.5,6,3,2,115
10.5,6,3,3,115
10.5,6,3,4,116
10.5,6,3,5,116
10.5,6,3,6,117
10.5,6,3,7,117
10.5,6,3,8,118
10.5,6,3,9,119
10.5,6,3,10,119
10.5,6,3,11,120
10.5,6,3,12,120
10.5,6,3,13,121
10.5,6,3,14,121
10.5,6,3,15,122
10.5,6,4,0,114
10.5,6,4,1,115
10.5,6,4,2,115
10.5,6,4,3,116
10.5,6,4,4,116
10.5,6,4,5,117
10.5,6,4,6,118
10.5,6,4,7,118
10.5,6,4,8,119
10.5,6,4,9,119
10.5,6,4,10,120
10.5,6,4,11,120
10.5,6,4,12,121
10.5,6,4,13,121
10.5,6,4,14,122
10.5,6,4,15,122
10.5,6,5,0,115
10.5,6,5,1,115
10.5,6,5,2,116
10.5,6,5,3,117
10.5,6,5,4,117
10.5,6,5,5,118
10.5,6,5,6,118
10.5,6,5,7,119
10.5,6,5,8,119
10.5,6,5,9,120
10.5,6,5,10,120
10.5,6,5,11,121
10.5,6,5,12,122
10.5,6,5,13,122
10.5,6,5,14,123
10.5,6,5,15,123
10.5,6,6,0,116
10.5,6,6,1,116
10.5,6,6,2,117
10.5,6,6,3,117
10.5,6,6,4,118
10.5,6,6,5,118
10.5,6,6,6,119
10.5,6,6,7,119
10.5,6,6,8,120
10.5,6,6,9,121
10.5,6,6,10,121
10.5,6,6,11,122
10.5,6,6,12,122
10.5,6,6,13,123
10.5,6,6,14,123
10.5,6,6,15,124
10.5,6,7,0,116
10.5,6,7,1,117
10.5,6,7,2,117
10.5,6,7,3,118
10.5,6,7,4,118
10.5,6,7,5,119
10.5,6,7,6,120
10.5,6,7,7,120
10.5,6,7,8,121
10.5,6,7,9,121
10.5,6,7,10,122
10.5,6,7,11,122
10.5,6,7,12,123
10.5,6,7,13,123
10.5,6,7,14,124
10.5,6,7,15,125
10.5,6,8,0,117
10.5,6,8,1,117
10.5,6,8,2,118
10.5,6,8,3,119
10.5,6,8,4,119
10.5,6,8,5,120
10.5,6,8,6,120
10.5,6,8,7,121
10.5,6,8,8,121
10.5,6,8,9,122
10.5,6,8,10,122
10.5,6,8,11,123
10.5,6,8,12,124
10.5,6,8,13,124
10.5,6,8,14,125
10.5,6,8,15,125
10.5,6,9,0,118
10.5,6,9,1,118
10.5,6,9,2,119
10.5,6,9,3,119
10.5,6,9,4,120
10.5,6,9,5,120
10.5,6,9,6,121
10.5,6,9,7,121
10.5,6,9,8,122
10.5,6,9,9,123
10.5,6,9,10,123
10.5,6,9,11,124
10.5,6,9,12,124
10.5,6,9,13,125
10.5,6,9,14,125
10.5,6,9,15,126
10.5,6,10,0,118
10.5,6,10,1,119
10.5,6,10,2,119
10.5,6,10,3,120
10.5,6,10,4,120
10.5,6,10,5,121
10.5,6,10,6,122
10.5,6,10,7,122
10.5,6,10,8,123
10.5,6,10,9,123
10.5,6,10,10,124
10.5,6,10,11,124
10.5,6,10,12,125
10.5,6,10,13,125
10.5,6,10,14,126
10.5,6,10,15,127
10.5,6,11,0,119
10.5,6,11,1,119
10.5,6,11,2,120
10.5,6,11,3,121
10.5,6,11,4,121
10.5,6,11,5,122
10.5,6,11,6,122
10.5,6,11,7,123
10.5,6,11,8,123
10.5,6,11,9,124
10.5,6,11,10,125
10.5,6,11,11,125
10.5,6,11,12,126
10.5,6,11,13,126
10.5,6,11,14,127
10.5,6,11,15,127
10.5,6,12,0,119
10.5,6,12,1,120
10.5,6,12,2,121
10.5,6,12,3,121
10.5,6,12,4,122
10.5,6,12,5,122
10.5,6,12,6,123
10.5,6,12,7,123
10.5,6,12,8,124
10.5,6,12,9,125
10.5,6,12,10,125
10.5,6,12,11,126
10.5,6,12,12,126
10.5,6,12,13,127
10.5,6,12,14,127
10.5,6,12,15,128
10.5,6,13,0,120
10.5,6,13,1,121
10.5,6,13,2,121
10.5,6,13,3,122
10.5,6,13,4,122
10.5,6,13,5,123
10.5,6,13,6,124
10.5,6,13,7,124
10.5,6,13,8,125
10.5,6,13,9,125
10.5,6,13,10,126
10.5,6,13,11,126
10.5,6,13,12,127
10.5,6,13,13,128
10.5,6,13,14,128
10.5,6,13,15,129
10.5,6,14,0,121
10.5,6,14,1,121
10.5,6,14,2,122
10.5,6,14,3,122
10.5,6,14,4,123
10.5,6,14,5,124
10.5,6,14,6,124
10.5,6,14,7,125
10.5,6,14,8,125
10.5,6,14,9,126
10.5,6,14,10,126
10.5,6,14,11,127
10.5,6,14,12,128
10.5,6,14,13,128
10.5,6,14,14,129
10.5,6,14,15,129
10.5,6,15,0,121
10.5,6,15,1,122
10.5,6,15,2,122
10.5,6,15,3,123
10.5,6,15,4,124
10.5,6,15,5,124
10.5,6,15,6,125
10.5,6,15,7,125
10.5,6,15,8,126
10.5,6,15,9,127
10.5,6,15,10,127
10.5,6,15,11,128
10.5,6,15,12,128
10.5,6,15,13,129
10.5,6,15,14,129
10.5,6,15,15,130
10.5,7,0,0,113
10.5,7,0,1,114
10.5,7,0,2,114
10.5,7,0,3,115
10.5,7,0,4,116
10.5,7,0,5,116
10.5,7,0,6,117
10.5,7,0,7,117
10.5,7,0,8,118
10.5,7,0,9,118
10.5,7,0,10,119
10.5,7,0,11,119
10.5,7,0,12,120
10.5,7,0,13,120
10.5,7,0,14,121
10.5,7,0,15,121
10.5,7,1,0,114
10.5,7,1,1,115
10.5,7,1,2,115
10.5,7,1,3,116
10.5,7,1,4,116
10.5,7,1,5,117
10.5,7,1,6,117
10.5,7,1,7,118
10.5,7,1,8,118
10.5,7,1,9,119
10.5,7,1,10,119
10.5,7,1,11,120
10.5,7,1,12,121
10.5,7,1,13,121
10.5,7,1,14,122
10.5,7,1,15,122
10.5,7,2,0,115
10.5,7,2,1,115
10.5,7,2,2,116
10.5,7,2,3,116
10.5,7,2,4,117
10.5,7,2,5,117
10.5,7,2,6,118
10.5,7,2,7,119
10.5,7,2,8,119
10.5,7,2,9,120
10.5,7,2,10,120
10.5,7,2,11,121
10.5,7,2,12,121
10.5,7,2,13,122
10.5,7,2,14,122
10.5,7,2,15,123
10.5,7,3,0,115
10.5,7,3,1,116
10.5,7,3,2,116
10.5,7,3,3,117
10.5,7,3,4,118
10.5,7,3,5,118
10.5,7,3,6,119
10.5,7,3,7,119
10.5,7,3,8,120
10.5,7,3,9,120
10.5,7,3,10,121
10.5,7,3,11,121
10.5,7,3,12,122
10.5,7,3,13,123
10.5,7,3,14,123
10.5,7,3,15,124
10.5,7,4,0,116
10.5,7,4,1,117
10.5,7,4,2,117
10.5,7,4,3,118
10.5,7,4,4,118
10.5,7,4,5,119
10.5,7,4,6,119
10.5,7,4,7,120
10.5,7,4,8,121
10.5,7,4,9,121
10.5,7,4,10,122
10.5,7,4,11,122
10.5,7,4,12,123
10.5,7,4,13,123
10.5,7,4,14,124
10.5,7,4,15,124
10.5,7,5,0,117
10.5,7,5,1,117
10.5,7,5,2,118
10.5,7,5,3,118
10.5,7,5,4,119
10.5,7,5,5,120
10.5,7,5,6,120
10.5,7,5,7,121
10.5,7,5,8,121
10.5,7,5,9,122
10.5,7,5,10,122
10.5,7,5,11,123
10.5,7,5,12,123
10.5,7,5,13,124
10.5,7,5,14,124
10.5,7,5,15,125
10.5,7,6,0,117
10.5,7,6,1,118
10.5,7,6,2,119
10.5,7,6,3,119
10.5,7,6,4,120
10.5,7,6,5,120
10.5,7,6,6,121
10.5,7,6,7,121
10.5,7,6,8,122
10.5,7,6,9,122
10.5,7,6,10,123
10.5,7,6,11,124
10.5,7,6,12,124
10.5,7,6,13,125
10.5,7,6,14,125
10.5,7,6,15,126
10.5,7,7,0,118
10.5,7,7,1,119
10.5,7,7,2,119
10.5,7,7,3,120
10.5,7,7,4,120
10.5,7,7,5,121
10.5,7,7,6,121
10.5,7,7,7,122
10.5,7,7,8,123
10.5,7,7,9,123
10.5,7,7,10,124
10.5,7,7,11,124
10.5,7,7,12,125
10.5,7,7,13,125
10.5,7,7,14,126
10.5,7,7,15,126
10.5,7,8,0,119
10.5,7,8,1,119
10.5,7,8,2,120
10.5,7,8,3,120
10.5,7,8,4,121
10.5,7,8,5,122
10.5,7,8,6,122
10.5,7,8,7,123
10.5,7,8,8,123
10.5,7,8,9,124
10.5,7,8,10,124
10.5,7,8,11,125
10.5,7,8,12,125
10.5,7,8,13,126
10.5,7,8,14,127
10.5,7,8,15,127
10.5,7,9,0,119
10.5,7,9,1,120
10.5,7,9,2,120
10.5,7,9,3,121
10.5,7,9,4,122
10.5,7,9,5,122
10.5,7,9,6,123
10.5,7,9,7,123
10.5,7,9,8,124
10.5,7,9,9,125
10.5,7,9,10,125
10.5,7,9,11,126
10.5,7,9,12,126
10.5,7,9,13,127
10.5,7,9,14,127
10.5,7,9,15,128
10.5,7,10,0,120
10.5,7,10,1,121
10.5,7,10,2,121
10.5,7,10,3,122
10.5,7,10,4,122
10.5,7,10,5,123
10.5,7,10,6,123
10.5,7,10,7,124
10.5,7,10,8,125
10.5,7,10,9,125
10.5,7,10,10,126
10.5,7,10,11,126
10.5,7,10,12,127
10.5,7,10,13,127
10.5,7,10,14,128
10.5,7,10,15,129
10.5,7,11,0,121
10.5,7,11,1,121
10.5,7,11,2,122
10.5,7,11,3,122
10.5,7,11,4,123
10.5,7,11,5,124
10.5,7,11,6,124
10.5,7,11,7,125
10.5,7,11,8,125
10.5,7,11,9,126
10.5,7,11,10,126
10.5,7,11,11,127
10.5,7,11,12,128
10.5,7,11,13,128
10.5,7,11,14,129
10.5,7,11,15,129
10.5,7,12,0,121
10.5,7,12,1,122
10.5,7,12,2,122
10.5,7,12,3,123
10.5,7,12,4,124
10.5,7,12,5,124
10.5,7,12,6,125
10.5,7,12,7,125
10.5,7,12,8,126
10.5,7,12,9,127
10.5,7,12,10,127
10.5,7,12,11,128
10.5,7,12,12,128
10.5,7,12,13,129
10.5,7,12,14,129
10.5,7,12,15,130
10.5,7,13,0,122
10.5,7,13,1,123
10.5,7,13,2,123
10.5,7,13,3,124
10.5,7,13,4,124
10.5,7,13,5,125
10.5,7,13,6,125
10.5,7,13,7,126
10.5,7,13,8,127
10.5,7,13,9,127
10.5,7,13,10,128
10.5,7,13,11,128
10.5,7,13,12,129
10.5,7,13,13,129
10.5,7,13,14,130
10.5,7,13,15,131
10.5,7,14,0,123
10.5,7,14,1,123
10.5,7,14,2,124
10.5,7,14,3,124
10.5,7,14,4,125
10.5,7,14,5,126
10.5,7,14,6,126
10.5,7,14,7,127
10.5,7,14,8,127
10.5,7,14,9,128
10.5,7,14,10,128
10.5,7,14,11,129
10.5,7,14,12,130
10.5,7,14,13,130
10.5,7,14,14,131
10.5,7,14,15,131
10.5,7,15,0,123
10.5,7,15,1,124
10.5,7,15,2,124
10.5,7,15,3,125
10.5,7,15,4,126
10.5,7,15,5,126
10.5,7,15,6,127
10.5,7,15,7,127
10.5,7,15,8,128
10.5,7,15,9,129
10.5,7,15,10,129
10.5,7,15,11,130
10.5,7,15,12,130
10.5,7,15,13,131
10.5,7,15,14,131
10.5,7,15,15,132
10.5,8,0,0,115
10.5,8,0,1,116
10.5,8,0,2,116
10.5,8,0,3,117
10.5,8,0,4,117
10.5,8,0,5,118
10.5,8,0,6,118
10.5,8,0,7,119
10.5,8,0,8,119
10.5,8,0,9,120
10.5,8,0,10,121
10.5,8,0,11,121
10.5,8,0,12,122
10.5,8,0,13,122
10.5,8,0,14,123
10.5,8,0,15,123
10.5,8,1,0,116
10.5,8,1,1,116
10.5,8,1,2,117
10.5,8,1,3,117
10.5,8,1,4,118
10.5,8,1,5,119
10.5,8,1,6,119
10.5,8,1,7,120
10.5,8,1,8,120
10.5,8,1,9,121
10.5,8,1,10,121
10.5,8,1,11,122
10.5,8,1,12,122
10.5,8,1,13,123
10.5,8,1,14,123
10.5,8,1,15,124
10.5,8,2,0,116
10.5,8,2,1,117
10.5,8,2,2,118
10.5,8,2,3,118
10.5,8,2,4,119
10.5,8,2,5,119
10.5,8,2,6,120
10.5,8,2,7,120
10.5,8,2,8,121
10.5,8,2,9,121
10.5,8,2,10,122
10.5,8,2,11,123
10.5,8,2,12,123
10.5,8,2,13,124
10.5,8,2,14,124
10.5,8,2,15,125
10.5,8,3,0,117
10.5,8,3,1,118
10.5,8,3,2,118
10.5,8,3,3,119
10.5,8,3,4,119
10.5,8,3,5,120
10.5,8,3,6,121
10.5,8,3,7,121
10.5,8,3,8,122
10.5,8,3,9,122
10.5,8,3,10,123
10.5,8,3,11,123
10.5,8,3,12,124
10.5,8,3,13,124
10.5,8,3,14,125
10.5,8,3,15,125
10.5,8,4,0,118
10.5,8,4,1,118
10.5,8,4,2,119
10.5,8,4,3,120
10.5,8,4,4,120
10.5,8,4,5,121
10.5,8,4,6,121
10.5,8,4,7,122
10.5,8,4,8,122
10.5,8,4,9,123
10.5,8,4,10,123
10.5,8,4,11,124
10.5,8,4,12,125
10.5,8,4,13,125
10.5,8,4,14,126
10.5,8,4,15,126
10.5,8,5,0,118
10.5,8,5,1,119
10.5,8,5,2,120
10.5,8,5,3,120
10.5,8,5,4,121
10.5,8,5,5,121
10.5,8,5,6,122
10.5,8,5,7,122
10.5,8,5,8,123
10.5,8,5,9,124
10.5,8,5,10,124
10.5,8,5,11,125
10.5,8,5,12,125
10.5,8,5,13,126
10.5,8,5,14,126
10.5,8,5,15,127
10.5,8,6,0,119
10.5,8,6,1,120
10.5,8,6,2,120
10.5,8,6,3,121
10.5,8,6,4,121
10.5,8,6,5,122
10.5,8,6,6,123
10.5,8,6,7,123
10.5,8,6,8,124
10.5,8,6,9,124
10.5,8,6,10,125
10.5,8,6,11,125
10.5,8,6,12,126
10.5,8,6,13,127
10.5,8,6,14,127
10.5,8,6,15,128
10.5,8,7,0,120
10.5,8,7,1,120
10.5,8,7,2,121
10.5,8,7,3,122
10.5,8,7,4,122
10.5,8,7,5,123
10.5,8,7,6,123
10.5,8,7,7,124
10.5,8,7,8,124
10.5,8,7,9,125
10.5,8,7,10,126
10.5,8,7,11,126
10.5,8,7,12,127
10.5,8,7,13,127
10.5,8,7,14,128
10.5,8,7,15,128
10.5,8,8,0,120
10.5,8,8,1,121
10.5,8,8,2,122
10.5,8,8,3,122
10.5,8,8,4,123
10.5,8,8,5,123
10.5,8,8,6,124
10.5,8,8,7,125
10.5,8,8,8,125
10.5,8,8,9,126
10.5,8,8,10,126
10.5,8,8,11,127
10.5,8,8,12,127
10.5,8,8,13,128
10.5,8,8,14,129
10.5,8,8,15,129
10.5,8,9,0,121
10.5,8,9,1,122
10.5,8,9,2,122
10.5,8,9,3,123
10.5,8,9,4,124
10.5,8,9,5,124
10.5,8,9,6,125
10.5,8,9,7,125
10.5,8,9,8,126
10.5,8,9,9,126
10.5,8,9,10,127
10.5,8,9,11,128
10.5,8,9,12,128
10.5,8,9,13,129
10.5,8,9,14,129
10.5,8,9,15,130
10.5,8,10,0,122
10.5,8,10,1,122
10.5,8,10,2,123
10.5,8,10,3,124
10.5,8,10,4,124
10.5,8,10,5,125
10.5,8,10,6,125
10.5,8,10,7,126
10.5,8,10,8,127
10.5,8,10,9,127
10.5,8,10,10,128
10.5,8,10,11,128
10.5,8,10,12,129
10.5,8,10,13,129
10.5,8,10,14,130
10.5,8,10,15,130
10.5,8,11,0,122
10.5,8,11,1,123
10.5,8,11,2,124
10.5,8,11,3,124
10.5,8,11,4,125
10.5,8,11,5,125
10.5,8,11,6,126
10.5,8,11,7,127
10.5,8,11,8,127
10.5,8,11,9,128
10.5,8,11,10,128
10.5,8,11,11,129
10.5,8,11,12,129
10.5,8,11,13,130
10.5,8,11,14,131
10.5,8,11,15,131
10.5,8,12,0,123
10.5,8,12,1,124
10.5,8,12,2,124
10.5,8,12,3,125
10.5,8,12,4,126
10.5,8,12,5,126
10.5,8,12,6,127
10.5,8,12,7,127
10.5,8,12,8,128
10.5,8,12,9,128
10.5,8,12,10,129
10.5,8,12,11,130
10.5,8,12,12,130
10.5,8,12,13,131
10.5,8,12,14,131
10.5,8,12,15,132
10.5,8,13,0,124
10.5,8,13,1,124
10.5,8,13,2,125
10.5,8,13,3,126
10.5,8,13,4,126
10.5,8,13,5,127
10.5,8,13,6,127
10.5,8,13,7,128
10.5,8,13,8,129
10.5,8,13,9,129
10.5,8,13,10,130
10.5,8,13,11,130
10.5,8,13,12,131
10.5,8,13,13,131
10.5,8,13,14,132
10.5,8,13,15,133
10.5,8,14,0,124
10.5,8,14,1,125
10.5,8,14,2,126
10.5,8,14,3,126
10.5,8,14,4,127
10.5,8,14,5,127
10.5,8,14,6,128
10.5,8,14,7,129
10.5,8,14,8,129
10.5,8,14,9,130
10.5,8,14,10,130
10.5,8,14,11,131
10.5,8,14,12,132
10.5,8,14,13,132
10.5,8,14,14,133
10.5,8,14,15,133
10.5,8,15,0,125
10.5,8,15,1,126
10.5,8,15,2,126
10.5,8,15,3,127
10.5,8,15,4,127
10.5,8,15,5,128
10.5,8,15,6,129
10.5,8,15,7,129
10.5,8,15,8,130
10.5,8,15,9,130
10.5,8,15,10,131
10.5,8,15,11,132
10.5,8,15,12,132
10.5,8,15,13,133
10.5,8,15,14,133
10.5,8,15,15,134
10.5,9,0,0,117
10.5,9,0,1,117
10.5,9,0,2,118
10.5,9,0,3,118
10.5,9,0,4,119
10.5,9,0,5,120
10.5,9,0,6,120
10.5,9,0,7,121
10.5,9,0,8,121
10.5,9,0,9,122
10.5,9,0,10,122
10.5,9,0,11,123
10.5,9,0,12,123
10.5,9,0,13,124
10.5,9,0,14,125
10.5,9,0,15,125
10.5,9,1,0,117
10.5,9,1,1,118
10.5,9,1,2,119
10.5,9,1,3,119
10.5,9,1,4,120
10.5,9,1,5,120
10.5,9,1,6,121
10.5,9,1,7,121
10.5,9,1,8,122
10.5,9,1,9,123
10.5,9,1,10,123
10.5,9,1,11,124
10.5,9,1,12,124
10.5,9,1,13,125
10.5,9,1,14,125
10.5,9,1,15,126
10.5,9,2,0,118
10.5,9,2,1,119
10.5,9,2,2,119
10.5,9,2,3,120
10.5,9,2,4,120
10.5,9,2,5,121
10.5,9,2,6,122
10.5,9,2,7,122
10.5,9,2,8,123
10.5,9,2,9,123
10.5,9,2,10,124
10.5,9,2,11,124
10.5,9,2,12,125
10.5,9,2,13,126
10.5,9,2,14,126
10.5,9,2,15,127
10.5,9,3,0,119
10.5,9,3,1,119
10.5,9,3,2,120
10.5,9,3,3,121
10.5,9,3,4,121
10.5,9,3,5,122
10.5,9,3,6,122
10.5,9,3,7,123
10.5,9,3,8,123
10.5,9,3,9,124
10.5,9,3,10,125
10.5,9,3,11,125
10.5,9,3,12,126
10.5,9,3,13,126
10.5,9,3,14,127
10.5,9,3,15,127
10.5,9,4,0,120
10.5,9,4,1,120
10.5,9,4,2,121
10.5,9,4,3,121
10.5,9,4,4,122
10.5,9,4,5,122
10.5,9,4,6,123
10.5,9,4,7,124
10.5,9,4,8,124
10.5,9,4,9,125
10.5,9,4,10,125
10.5,9,4,11,126
10.5,9,4,12,126
10.5,9,4,13,127
10.5,9,4,14,128
10.5,9,4,15,128
10.5,9,5,0,120
10.5,9,5,1,121
10.5,9,5,2,121
10.5,9,5,3,122
10.5,9,5,4,123
10.5,9,5,5,123
10.5,9,5,6,124
10.5,9,5,7,124
10.5,9,5,8,125
10.5,9,5,9,125
10.5,9,5,10,126
10.5,9,5,11,127
10.5,9,5,12,127
10.5,9,5,13,128
10.5,9,5,14,128
10.5,9,5,15,129
10.5,9,6,0,121
10.5,9,6,1,122
10.5,9,6,2,122
10.5,9,6,3,123
10.5,9,6,4,123
10.5,9,6,5,124
10.5,9,6,6,124
10.5,9,6,7,125
10.5,9,6,8,126
10.5,9,6,9,126
10.5,9,6,10,127
10.5,9,6,11,127
10.5,9,6,12,128
10.5,9,6,13,128
10.5,9,6,14,129
10.5,9,6,15,130
10.5,9,7,0,122
10.5,9,7,1,122
10.5,9,7,2,123
10.5,9,7,3,123
10.5,9,7,4,124
10.5,9,7,5,125
10.5,9,7,6,125
10.5,9,7,7,126
10.5,9,7,8,126
10.5,9,7,9,127
10.5,9,7,10,127
10.5,9,7,11,128
10.5,9,7,12,129
10.5,9,7,13,129
10.5,9,7,14,130
10.5,9,7,15,130
10.5,9,8,0,122
10.5,9,8,1,123
10.5,9,8,2,123
10.5,9,8,3,124
10.5,9,8,4,125
10.5,9,8,5,125
10.5,9,8,6,126
10.5,9,8,7,126
10.5,9,8,8,127
10.5,9,8,9,128
10.5,9,8,10,128
10.5,9,8,11,129
10.5,9,8,12,129
10.5,9,8,13,130
10.5,9,8,14,130
10.5,9,8,15,131
10.5,9,9,0,123
10.5,9,9,1,124
10.5,9,9,2,124
10.5,9,9,3,125
10.5,9,9,4,125
10.5,9,9,5,126
10.5,9,9,6,127
10.5,9,9,7,127
10.5,9,9,8,128
10.5,9,9,9,128
10.5,9,9,10,129
10.5,9,9,11,129
10.5,9,9,12,130
10.5,9,9,13,131
10.5,9,9,14,131
10.5,9,9,15,132
10.5,9,10,0,124
10.5,9,10,1,124
10.5,9,10,2,125
10.5,9,10,3,125
10.5,9,10,4,126
10.5,9,10,5,127
10.5,9,10,6,127
10.5,9,10,7,128
10.5,9,10,8,128
10.5,9,10,9,129
10.5,9,10,10,130
10.5,9,10,11,130
10.5,9,10,12,131
10.5,9,10,13,131
10.5,9,10,14,132
10.5,9,10,15,132
10.5,9,11,0,124
10.5,9,11,1,125
10.5,9,11,2,126
10.5,9,11,3,126
10.5,9,11,4,127
10.5,9,11,5,127
10.5,9,11,6,128
10.5,9,11,7,129
10.5,9,11,8,129
10.5,9,11,9,130
10.5,9,11,10,130
10.5,9,11,11,131
10.5,9,11,12,131
10.5,9,11,13,132
10.5,9,11,14,133
10.5,9,11,15,133
10.5,9,12,0,125
10.5,9,12,1,126
10.5,9,12,2,126
10.5,9,12,3,127
10.5,9,12,4,127
10.5,9,12,5,128
10.5,9,12,6,129
10.5,9,12,7,129
10.5,9,12,8,130
10.5,9,12,9,130
10.5,9,12,10,131
10.5,9,12,11,132
10.5,9,12,12,132
10.5,9,12,13,133
10.5,9,12,14,133
10.5,9,12,15,134
10.5,9,13,0,126
10.5,9,13,1,126
10.5,9,13,2,127
10.5,9,13,3,127
10.5,9,13,4,128
10.5,9,13,5,129
10.5,9,13,6,129
10.5,9,13,7,130
10.5,9,13,8,130
10.5,9,13,9,131
10.5,9,13,10,132
10.5,9,13,11,132
10.5,9,13,12,133
10.5,9,13,13,133
10.5,9,13,14,134
10.5,9,13,15,135
10.5,9,14,0,126
10.5,9,14,1,127
10.5,9,14,2,128
10.5,9,14,3,128
10.5,9,14,4,129
10.5,9,14,5,129
10.5,9,14,6,130
10.5,9,14,7,131
10.5,9,14,8,131
10.5,9,14,9,132
10.5,9,14,10,132
10.5,9,14,11,133
10.5,9,14,12,134
10.5,9,14,13,134
10.5,9,14,14,135
10.5,9,14,15,135
10.5,9,15,0,127
10.5,9,15,1,128
10.5,9,15,2,128
10.5,9,15,3,129
10.5,9,15,4,129
10.5,9,15,5,130
10.5,9,15,6,131
10.5,9,15,7,131
10.5,9,15,8,132
10.5,9,15,9,132
10.5,9,15,10,133
10.5,9,15,11,134
10.5,9,15,12,134
10.5,9,15,13,135
10.5,9,15,14,135
10.5,9,15,15,136
10.5,10,0,0,118
10.5,10,0,1,119
10.5,10,0,2,120
10.5,10,0,3,120
10.5,10,0,4,121
10.5,10,0,5,121
10.5,10,0,6,122
10.5,10,0,7,123
10.5,10,0,8,123
10.5,10,0,9,124
10.5,10,0,10,124
10.5,10,0,11,125
10.5,10,0,12,125
10.5,10,0,13,126
10.5,10,0,14,126
10.5,10,0,15,127
10.5,10,1,0,119
10.5,10,1,1,120
10.5,10,1,2,120
10.5,10,1,3,121
10.5,10,1,4,122
10.5,10,1,5,122
10.5,10,1,6,123
10.5,10,1,7,123
10.5,10,1,8,124
10.5,10,1,9,124
10.5,10,1,10,125
10.5,10,1,11,125
10.5,10,1,12,126
10.5,10,1,13,127
10.5,10,1,14,127
10.5,10,1,15,128
10.5,10,2,0,120
10.5,10,2,1,121
10.5,10,2,2,121
10.5,10,2,3,122
10.5,10,2,4,122
10.5,10,2,5,123
10.5,10,2,6,123
10.5,10,2,7,124
10.5,10,2,8,125
10.5,10,2,9,125
10.5,10,2,10,126
10.5,10,2,11,126
10.5,10,2,12,127
10.5,10,2,13,127
10.5,10,2,14,128
10.5,10,2,15,128
10.5,10,3,0,121
10.5,10,3,1,121
10.5,10,3,2,122
10.5,10,3,3,122
10.5,10,3,4,123
10.5,10,3,5,124
10.5,10,3,6,124
10.5,10,3,7,125
10.5,10,3,8,125
10.5,10,3,9,126
10.5,10,3,10,126
10.5,10,3,11,127
10.5,10,3,12,128
10.5,10,3,13,128
10.5,10,3,14,129
10.5,10,3,15,129
10.5,10,4,0,121
10.5,10,4,1,122
10.5,10,4,2,123
10.5,10,4,3,123
10.5,10,4,4,124
10.5,10,4,5,124
10.5,10,4,6,125
10.5,10,4,7,125
10.5,10,4,8,126
10.5,10,4,9,127
10.5,10,4,10,127
10.5,10,4,11,128
10.5,10,4,12,128
10.5,10,4,13,129
10.5,10,4,14,129
10.5,10,4,15,130
10.5,10,5,0,122
10.5,10,5,1,123
10.5,10,5,2,123
10.5,10,5,3,124
10.5,10,5,4,124
10.5,10,5,5,125
10.5,10,5,6,126
10.5,10,5,7,126
10.5,10,5,8,127
10.5,10,5,9,127
10.5,10,5,10,128
10.5,10,5,11,128
10.5,10,5,12,129
10.5,10,5,13,130
10.5,10,5,14,130
10.5,10,5,15,131
10.5,10,6,0,123
10.5,10,6,1,123
10.5,10,6,2,124
10.5,10,6,3,125
10.5,10,6,4,125
10.5,10,6,5,126
10.5,10,6,6,126
10.5,10,6,7,127
10.5,10,6,8,127
10.5,10,6,9,128
10.5,10,6,10,129
10.5,10,6,11,129
10.5,10,6,12,130
10.5,10,6,13,130
10.5,10,6,14,131
10.5,10,6,15,131
10.5,10,7,0,123
10.5,10,7,1,124
10.5,10,7,2,125
10.5,10,7,3,125
10.5,10,7,4,126
10.5,10,7,5,126
10.5,10,7,6,127
10.5,10,7,7,128
10.5,10,7,8,128
10.5,10,7,9,129
10.5,10,7,10,129
10.5,10,7,11,130
10.5,10,7,12,130
10.5,10,7,13,131
10.5,10,7,14,132
10.5,10,7,15,132
10.5,10,8,0,124
10.5,10,8,1,125
10.5,10,8,2,125
10.5,10,8,3,126
10.5,10,8,4,127
10.5,10,8,5,127
10.5,10,8,6,128
10.5,10,8,7,128
10.5,10,8,8,129
10.5,10,8,9,129
10.5,10,8,10,130
10.5,10,8,11,131
10.5,10,8,12,131
10.5,10,8,13,132
10.5,10,8,14,132
10.5,10,8,15,133
10.5,10,9,0,125
10.5,10,9,1,125
10.5,10,9,2,126
10.5,10,9,3,127
10.5,10,9,4,127
10.5,10,9,5,128
10.5,10,9,6,128
10.5,10,9,7,129
10.5,10,9,8,130
10.5,10,9,9,130
10.5,10,9,10,131
10.5,10,9,11,131
10.5,10,9,12,132
10.5,10,9,13,133
10.5,10,9,14,133
10.5,10,9,15,134
10.5,10,10,0,125
10.5,10,10,1,126
10.5,10,10,2,127
10.5,10,10,3,127
10.5,10,10,4,128
10.5,10,10,5,129
10.5,10,10,6,129
10.5,10,10,7,130
10.5,10,10,8,130
10.5,10,10,9,131
10.5,10,10,10,131
10.5,10,10,11,132
10.5,10,10,12,133
10.5,10,10,13,133
10.5,10,10,14,134
10.5,10,10,15,134
10.5,10,11,0,126
10.5,10,11,1,127
10.5,10,11,2,127
10.5,10,11,3,128
10.5,10,11,4,129
10.5,10,11,5,129
10.5,10,11,6,130
10.5,10,11,7,130
10.5,10,11,8,131
10.5,10,11,9,132
10.5,10,11,10,132
10.5,10,11,11,133
10.5,10,11,12,133
10.5,10,11,13,134
10.5,10,11,14,135
10.5,10,11,15,135
10.5,10,12,0,127
10.5,10,12,1,127
10.5,10,12,2,128
10.5,10,12,3,129
10.5,10,12,4,129
10.5,10,12,5,130
10.5,10,12,6,130
10.5,10,12,7,131
10.5,10,12,8,132
10.5,10,12,9,132
10.5,10,12,10,133
10.5,10,12,11,133
10.5,10,12,12,134
10.5,10,12,13,135
10.5,10,12,14,135
10.5,10,12,15,136
10.5,10,13,0,127
10.5,10,13,1,128
10.5,10,13,2,129
10.5,10,13,3,129
10.5,10,13,4,130
10.5,10,13,5,131
10.5,10,13,6,131
10.5,10,13,7,132
10.5,10,13,8,132
10.5,10,13,9,133
10.5,10,13,10,134
10.5,10,13,11,134
10.5,10,13,12,135
10.5,10,13,13,135
10.5,10,13,14,136
10.5,10,13,15,137
10.5,10,14,0,128
10.5,10,14,1,129
10.5,10,14,2,129
10.5,10,14,3,130
10.5,10,14,4,131
10.5,10,14,5,131
10.5,10,14,6,132
10.5,10,14,7,132
10.5,10,14,8,133
10.5,10,14,9,134
10.5,10,14,10,134
10.5,10,14,11,135
10.5,10,14,12,135
10.5,10,14,13,136
10.5,10,14,14,137
10.5,10,14,15,137
10.5,10,15,0,129
10.5,10,15,1,129
10.5,10,15,2,130
10.5,10,15,3,131
10.5,10,15,4,131
10.5,10,15,5,132
10.5,10,15,6,133
10.5,10,15,7,133
10.5,10,15,8,134
10.5,10,15,9,134
10.5,10,15,10,135
10.5,10,15,11,136
10.5,10,15,12,136
10.5,10,15,13,137
10.5,10,15,14,137
10.5,10,15,15,138
10.5,11,0,0,120
10.5,11,0,1,121
10.5,11,0,2,121
10.5,11,0,3,122
10.5,11,0,4,123
10.5,11,0,5,123
10.5,11,0,6,124
10.5,11,0,7,124
10.5,11,0,8,125
10.5,11,0,9,125
10.5,11,0,10,126
10.5,11,0,11,127
10.5,11,0,12,127
10.5,11,0,13,128
10.5,11,0,14,128
10.5,11,0,15,129
10.5,11,1,0,121
10.5,11,1,1,122
10.5,11,1,2,122
10.5,11,1,3,123
10.5,11,1,4,123
10.5,11,1,5,124
10.5,11,1,6,124
10.5,11,1,7,125
10.5,11,1,8,126
10.5,11,1,9,126
10.5,11,1,10,127
10.5,11,1,11,127
10.5,11,1,12,128
10.5,11,1,13,128
10.5,11,1,14,129
10.5,11,1,15,130
10.5,11,2,0,122
10.5,11,2,1,122
10.5,11,2,2,123
10.5,11,2,3,123
10.5,11,2,4,124
10.5,11,2,5,125
10.5,11,2,6,125
10.5,11,2,7,126
10.5,11,2,8,126
10.5,11,2,9,127
10.5,11,2,10,128
10.5,11,2,11,128
10.5,11,2,12,129
10.5,11,2,13,129
10.5,11,2,14,130
10.5,11,2,15,130
10.5,11,3,0,122
10.5,11,3,1,123
10.5,11,3,2,124
10.5,11,3,3,124
10.5,11,3,4,125
10.5,11,3,5,125
10.5,11,3,6,126
10.5,11,3,7,127
10.5,11,3,8,127
10.5,11,3,9,128
10.5,11,3,10,128
10.5,11,3,11,129
10.5,11,3,12,129
10.5,11,3,13,130
10.5,11,3,14,131
10.5,11,3,15,131
10.5,11,4,0,123
10.5,11,4,1,124
10.5,11,4,2,124
10.5,11,4,3,125
10.5,11,4,4,125
10.5,11,4,5,126
10.5,11,4,6,127
10.5,11,4,7,127
10.5,11,4,8,128
10.5,11,4,9,128
10.5,11,4,10,129
10.5,11,4,11,130
10.5,11,4,12,130
10.5,11,4,13,131
10.5,11,4,14,131
10.5,11,4,15,132
10.5,11,5,0,124
10.5,11,5,1,124
10.5,11,5,2,125
10.5,11,5,3,126
10.5,11,5,4,126
10.5,11,5,5,127
10.5,11,5,6,127
10.5,11,5,7,128
10.5,11,5,8,129
10.5,11,5,9,129
10.5,11,5,10,130
10.5,11,5,11,130
10.5,11,5,12,131
10.5,11,5,13,131
10.5,11,5,14,132
10.5,11,5,15,133
10.5,11,6,0,125
10.5,11,6,1,125
10.5,11,6,2,126
10.5,11,6,3,126
10.5,11,6,4,127
10.5,11,6,5,128
10.5,11,6,6,128
10.5,11,6,7,129
10.5,11,6,8,129
10.5,11,6,9,130
10.5,11,6,10,130
10.5,11,6,11,131
10.5,11,6,12,132
10.5,11,6,13,132
10.5,11,6,14,133
10.5,11,6,15,133
10.5,11,7,0,125
10.5,11,7,1,126
10.5,11,7,2,126
10.5,11,7,3,127
10.5,11,7,4,128
10.5,11,7,5,128
10.5,11,7,6,129
10.5,11,7,7,129
10.5,11,7,8,130
10.5,11,7,9,131
10.5,11,7,10,131
10.5,11,7,11,132
10.5,11,7,12,132
10.5,11,7,13,133
10.5,11,7,14,134
10.5,11,7,15,134
10.5,11,8,0,126
10.5,11,8,1,127
10.5,11,8,2,127
10.5,11,8,3,128
10.5,11,8,4,128
10.5,11,8,5,129
10.5,11,8,6,130
10.5,11,8,7,130
10.5,11,8,8,131
10.5,11,8,9,131
10.5,11,8,10,132
10.5,11,8,11,133
10.5,11,8,12,133
10.5,11,8,13,134
10.5,11,8,14,134
10.5,11,8,15,135
10.5,11,9,0,127
10.5,11,9,1,127
10.5,11,9,2,128
10.5,11,9,3,128
10.5,11,9,4,129
10.5,11,9,5,130
10.5,11,9,6,130
10.5,11,9,7,131
10.5,11,9,8,131
10.5,11,9,9,132
10.5,11,9,10,133
10.5,11,9,11,133
10.5,11,9,12,134
10.5,11,9,13,134
10.5,11,9,14,135
10.5,11,9,15,136
10.5,11,10,0,127
10.5,11,10,1,128
10.5,11,10,2,129
10.5,11,10,3,129
10.5,11,10,4,130
10.5,11,10,5,130
10.5,11,10,6,131
10.5,11,10,7,132
10.5,11,10,8,132
10.5,11,10,9,133
10.5,11,10,10,133
10.5,11,10,11,134
10.5,11,10,12,135
10.5,11,10,13,135
10.5,11,10,14,136
10.5,11,10,15,136
10.5,11,11,0,128
10.5,11,11,1,129
10.5,11,11,2,129
10.5,11,11,3,130
10.5,11,11,4,130
10.5,11,11,5,131
10.5,11,11,6,132
10.5,11,11,7,132
10.5,11,11,8,133
10.5,11,11,9,134
10.5,11,11,10,134
10.5,11,11,11,135
10.5,11,11,12,135
10.5,11,11,13,136
10.5,11,11,14,136
10.5,11,11,15,137
10.5,11,12,0,129
10.5,11,12,1,129
10.5,11,12,2,130
10.5,11,12,3,131
10.5,11,12,4,131
10.5,11,12,5,132
10.5,11,12,6,132
10.5,11,12,7,133
10.5,11,12,8,134
10.5,11,12,9,134
10.5,11,12,10,135
10.5,11,12,11,135
10.5,11,12,12,136
10.5,11,12,13,137
10.5,11,12,14,137
10.5,11,12,15,138
10.5,11,13,0,129
10.5,11,13,1,130
10.5,11,13,2,131
10.5,11,13,3,131
10.5,11,13,4,132
10.5,11,13,5,132
10.5,11,13,6,133
10.5,11,13,7,134
10.5,11,13,8,134
10.5,11,13,9,135
10.5,11,13,10,136
10.5,11,13,11,136
10.5,11,13,12,137
10.5,11,13,13,137
10.5,11,13,14,138
10.5,11,13,15,139
10.5,11,14,0,130
10.5,11,14,1,131
10.5,11,14,2,131
10.5,11,14,3,132
10.5,11,14,4,133
10.5,11,14,5,133
10.5,11,14,6,134
10.5,11,14,7,134
10.5,11,14,8,135
10.5,11,14,9,136
10.5,11,14,10,136
10.5,11,14,11,137
10.5,11,14,12,137
10.5,11,14,13,138
10.5,11,14,14,139
10.5,11,14,15,139
10.5,11,15,0,131
10.5,11,15,1,131
10.5,11,15,2,132
10.5,11,15,3,133
10.5,11,15,4,133
10.5,11,15,5,134
10.5,11,15,6,134
10.5,11,15,7,135
10.5,11,15,8,136
10.5,11,15,9,136
10.5,11,15,10,137
10.5,11,15,11,138
10.5,11,15,12,138
10.5,11,15,13,139
10.5,11,15,14,139
10.5,11,15,15,140
10.5,12,0,0,122
10.5,12,0,1,123
10.5,12,0,2,123
10.5,12,0,3,124
10.5,12,0,4,124
10.5,12,0,5,125
10.5,12,0,6,125
10.5,12,0,7,126
10.5,12,0,8,127
10.5,12,0,9,127
10.5,12,0,10,128
10.5,12,0,11,128
10.5,12,0,12,129
10.5,12,0,13,130
10.5,12,0,14,130
10.5,12,0,15,131
10.5,12,1,0,123
10.5,12,1,1,123
10.5,12,1,2,124
10.5,12,1,3,124
10.5,12,1,4,125
10.5,12,1,5,126
10.5,12,1,6,126
10.5,12,1,7,127
10.5,12,1,8,127
10.5,12,1,9,128
10.5,12,1,10,129
10.5,12,1,11,129
10.5,12,1,12,130
10.5,12,1,13,130
10.5,12,1,14,131
10.5,12,1,15,131
10.5,12,2,0,123
10.5,12,2,1,124
10.5,12,2,2,125
10.5,12,2,3,125
10.5,12,2,4,126
10.5,12,2,5,126
10.5,12,2,6,127
10.5,12,2,7,128
10.5,12,2,8,128
10.5,12,2,9,129
10.5,12,2,10,129
10.5,12,2,11,130
10.5,12,2,12,130
10.5,12,2,13,131
10.5,12,2,14,132
10.5,12,2,15,132
10.5,12,3,0,124
10.5,12,3,1,125
10.5,12,3,2,125
10.5,12,3,3,126
10.5,12,3,4,127
10.5,12,3,5,127
10.5,12,3,6,128
10.5,12,3,7,128
10.5,12,3,8,129
10.5,12,3,9,130
10.5,12,3,10,130
10.5,12,3,11,131
10.5,12,3,12,131
10.5,12,3,13,132
10.5,12,3,14,132
10.5,12,3,15,133
10.5,12,4,0,125
10.5,12,4,1,125
10.5,12,4,2,126
10.5,12,4,3,127
10.5,12,4,4,127
10.5,12,4,5,128
10.5,12,4,6,128
10.5,12,4,7,129
10.5,12,4,8,130
10.5,12,4,9,130
10.5,12,4,10,131
10.5,12,4,11,131
10.5,12,4,12,132
10.5,12,4,13,133
10.5,12,4,14,133
10.5,12,4,15,134
10.5,12,5,0,126
10.5,12,5,1,126
10.5,12,5,2,127
10.5,12,5,3,127
10.5,12,5,4,128
10.5,12,5,5,129
10.5,12,5,6,129
10.5,12,5,7,130
10.5,12,5,8,130
10.5,12,5,9,131
10.5,12,5,10,132
10.5,12,5,11,132
10.5,12,5,12,133
10.5,12,5,13,133
10.5,12,5,14,134
10.5,12,5,15,135
10.5,12,6,0,126
10.5,12,6,1,127
10.5,12,6,2,128
10.5,12,6,3,128
10.5,12,6,4,129
10.5,12,6,5,129
10.5,12,6,6,130
10.5,12,6,7,131
10.5,12,6,8,131
10.5,12,6,9,132
10.5,12,6,10,132
10.5,12,6,11,133
10.5,12,6,12,134
10.5,12,6,13,134
10.5,12,6,14,135
10.5,12,6,15,135
10.5,12,7,0,127
10.5,12,7,1,128
10.5,12,7,2,128
10.5,12,7,3,129
10.5,12,7,4,129
10.5,12,7,5,130
10.5,12,7,6,131
10.5,12,7,7,131
10.5,12,7,8,132
10.5,12,7,9,133
10.5,12,7,10,133
10.5,12,7,11,134
10.5,12,7,12,134
10.5,12,7,13,135
10.5,12,7,14,135
10.5,12,7,15,136
10.5,12,8,0,128
10.5,12,8,1,128
10.5,12,8,2,129
10.5,12,8,3,130
10.5,12,8,4,130
10.5,12,8,5,131
10.5,12,8,6,131
10.5,12,8,7,132
10.5,12,8,8,133
10.5,12,8,9,133
10.5,12,8,10,134
10.5,12,8,11,134
10.5,12,8,12,135
10.5,12,8,13,136
10.5,12,8,14,136
10.5,12,8,15,137
10.5,12,9,0,128
10.5,12,9,1,129
10.5,12,9,2,130
10.5,12,9,3,130
10.5,12,9,4,131
10.5,12,9,5,132
10.5,12,9,6,132
10.5,12,9,7,133
10.5,12,9,8,133
10.5,12,9,9,134
10.5,12,9,10,135
10.5,12,9,11,135
10.5,12,9,12,136
10.5,12,9,13,136
10.5,12,9,14,137
10.5,12,9,15,138
10.5,12,10,0,129
10.5,12,10,1,130
10.5,12,10,2,130
10.5,12,10,3,131
10.5,12,10,4,132
10.5,12,10,5,132
10.5,12,10,6,133
10.5,12,10,7,133
10.5,12,10,8,134
10.5,12,10,9,135
10.5,12,10,10,135
10.5,12,10,11,136
10.5,12,10,12,137
10.5,12,10,13,137
10.5,12,10,14,138
10.5,12,10,15,138
10.5,12,11,0,130
10.5,12,11,1,130
10.5,12,11,2,131
10.5,12,11,3,132
10.5,12,11,4,132
10.5,12,11,5,133
10.5,12,11,6,134
10.5,12,11,7,134
10.5,12,11,8,135
10.5,12,11,9,135
10.5,12,11,10,136
10.5,12,11,11,137
10.5,12,11,12,137
10.5,12,11,13,138
10.5,12,11,14,138
10.5,12,11,15,139
10.5,12,12,0,130
10.5,12,12,1,131
10.5,12,12,2,132
10.5,12,12,3,132
10.5,12,12,4,133
10.5,12,12,5,134
10.5,12,12,6,134
10.5,12,12,7,135
10.5,12,12,8,136
10.5,12,12,9,136
10.5,12,12,10,137
10.5,12,12,11,137
10.5,12,12,12,138
10.5,12,12,13,139
10.5,12,12,14,139
10.5,12,12,15,140
10.5,12,13,0,131
10.5,12,13,1,132
10.5,12,13,2,132
10.5,12,13,3,133
10.5,12,13,4,134
10.5,12,13,5,134
10.5,12,13,6,135
10.5,12,13,7,136
10.5,12,13,8,136
10.5,12,13,9,137
10.5,12,13,10,137
10.5,12,13,11,138
10.5,12,13,12,139
10.5,12,13,13,139
10.5,12,13,14,140
10.5,12,13,15,141
10.5,12,14,0,132
10.5,12,14,1,133
10.5,12,14,2,133
10.5,12,14,3,134
10.5,12,14,4,134
10.5,12,14,5,135
10.5,12,14,6,136
10.5,12,14,7,136
10.5,12,14,8,137
10.5,12,14,9,138
10.5,12,14,10,138
10.5,12,14,11,139
10.5,12,14,12,139
10.5,12,14,13,140
10.5,12,14,14,141
10.5,12,14,15,141
10.5,12,15,0,133
10.5,12,15,1,133
10.5,12,15,2,134
10.5,12,15,3,134
10.5,12,15,4,135
10.5,12,15,5,136
10.5,12,15,6,136
10.5,12,15,7,137
10.5,12,15,8,138
10.5,12,15,9,138
10.5,12,15,10,139
10.5,12,15,11,140
10.5,12,15,12,140
10.5,12,15,13,141
10.5,12,15,14,141
10.5,12,15,15,142
10.5,13,0,0,124
10.5,13,0,1,124
10.5,13,0,2,125
10.5,13,0,3,125
10.5,13,0,4,126
10.5,13,0,5,127
10.5,13,0,6,127
10.5,13,0,7,128
10.5,13,0,8,128
10.5,13,0,9,129
10.5,13,0,10,130
10.5,13,0,11,130
10.5,13,0,12,131
10.5,13,0,13,131
10.5,13,0,14,132
10.5,13,0,15,132
10.5,13,1,0,124
10.5,13,1,1,125
10.5,13,1,2,126
10.5,13,1,3,126
10.5,13,1,4,127
10.5,13,1,5,127
10.5,13,1,6,128
10.5,13,1,7,129
10.5,13,1,8,129
10.5,13,1,9,130
10.5,13,1,10,130
10.5,13,1,11,131
10.5,13,1,12,132
10.5,13,1,13,132
10.5,13,1,14,133
10.5,13,1,15,133
10.5,13,2,0,125
10.5,13,2,1,126
10.5,13,2,2,126
10.5,13,2,3,127
10.5,13,2,4,128
10.5,13,2,5,128
10.5,13,2,6,129
10.5,13,2,7,129
10.5,13,2,8,130
10.5,13,2,9,131
10.5,13,2,10,131
10.5,13,2,11,132
10.5,13,2,12,132
10.5,13,2,13,133
10.5,13,2,14,133
10.5,13,2,15,134
10.5,13,3,0,126
10.5,13,3,1,127
10.5,13,3,2,127
10.5,13,3,3,128
10.5,13,3,4,128
10.5,13,3,5,129
10.5,13,3,6,130
10.5,13,3,7,130
10.5,13,3,8,131
10.5,13,3,9,131
10.5,13,3,10,132
10.5,13,3,11,133
10.5,13,3,12,133
10.5,13,3,13,134
10.5,13,3,14,134
10.5,13,3,15,135
10.5,13,4,0,127
10.5,13,4,1,127
10.5,13,4,2,128
10.5,13,4,3,128
10.5,13,4,4,129
10.5,13,4,5,130
10.5,13,4,6,130
10.5,13,4,7,131
10.5,13,4,8,132
10.5,13,4,9,132
10.5,13,4,10,133
10.5,13,4,11,133
10.5,13,4,12,134
10.5,13,4,13,134
10.5,13,4,14,135
10.5,13,4,15,136
10.5,13,5,0,127
10.5,13,5,1,128
10.5,13,5,2,129
10.5,13,5,3,129
10.5,13,5,4,130
10.5,13,5,5,130
10.5,13,5,6,131
10.5,13,5,7,132
10.5,13,5,8,132
10.5,13,5,9,133
10.5,13,5,10,133
10.5,13,5,11,134
10.5,13,5,12,135
10.5,13,5,13,135
10.5,13,5,14,136
10.5,13,5,15,136
10.5,13,6,0,128
10.5,13,6,1,129
10.5,13,6,2,129
10.5,13,6,3,130
10.5,13,6,4,131
10.5,13,6,5,131
10.5,13,6,6,132
10.5,13,6,7,132
10.5,13,6,8,133
10.5,13,6,9,134
10.5,13,6,10,134
10.5,13,6,11,135
10.5,13,6,12,135
10.5,13,6,13,136
10.5,13,6,14,137
10.5,13,6,15,137
10.5,13,7,0,129
10.5,13,7,1,129
10.5,13,7,2,130
10.5,13,7,3,131
10.5,13,7,4,131
10.5,13,7,5,132
10.5,13,7,6,133
10.5,13,7,7,133
10.5,13,7,8,134
10.5,13,7,9,134
10.5,13,7,10,135
10.5,13,7,11,136
10.5,13,7,12,136
10.5,13,7,13,137
10.5,13,7,14,137
10.5,13,7,15,138
10.5,13,8,0,130
10.5,13,8,1,130
10.5,13,8,2,131
10.5,13,8,3,131
10.5,13,8,4,132
10.5,13,8,5,133
10.5,13,8,6,133
10.5,13,8,7,134
10.5,13,8,8,135
10.5,13,8,9,135
10.5,13,8,10,136
10.5,13,8,11,136
10.5,13,8,12,137
10.5,13,8,13,138
10.5,13,8,14,138
10.5,13,8,15,139
10.5,13,9,0,130
10.5,13,9,1,131
10.5,13,9,2,131
10.5,13,9,3,132
10.5,13,9,4,133
10.5,13,9,5,133
10.5,13,9,6,134
10.5,13,9,7,135
10.5,13,9,8,135
10.5,13,9,9,136
10.5,13,9,10,136
10.5,13,9,11,137
10.5,13,9,12,138
10.5,13,9,13,138
10.5,13,9,14,139
10.5,13,9,15,140
10.5,13,10,0,131
10.5,13,10,1,132
10.5,13,10,2,132
10.5,13,10,3,133
10.5,13,10,4,133
10.5,13,10,5,134
10.5,13,10,6,135
10.5,13,10,7,135
10.5,13,10,8,136
10.5,13,10,9,137
10.5,13,10,10,137
10.5,13,10,11,138
10.5,13,10,12,138
10.5,13,10,13,139
10.5,13,10,14,140
10.5,13,10,15,140
10.5,13,11,0,132
10.5,13,11,1,132
10.5,13,11,2,133
10.5,13,11,3,134
10.5,13,11,4,134
10.5,13,11,5,135
10.5,13,11,6,135
10.5,13,11,7,136
10.5,13,11,8,137
10.5,13,11,9,137
10.5,13,11,10,138
10.5,13,11,11,139
10.5,13,11,12,139
10.5,13,11,13,140
10.5,13,11,14,140
10.5,13,11,15,141
10.5,13,12,0,132
10.5,13,12,1,133
10.5,13,12,2,134
10.5,13,12,3,134
10.5,13,12,4,135
10.5,13,12,5,136
10.5,13,12,6,136
10.5,13,12,7,137
10.5,13,12,8,137
10.5,13,12,9,138
10.5,13,12,10,139
10.5,13,12,11,139
10.5,13,12,12,140
10.5,13,12,13,141
10.5,13,12,14,141
10.5,13,12,15,142
10.5,13,13,0,133
10.5,13,13,1,134
10.5,13,13,2,134
10.5,13,13,3,135
10.5,13,13,4,136
10.5,13,13,5,136
10.5,13,13,6,137
10.5,13,13,7,138
10.5,13,13,8,138
10.5,13,13,9,139
10.5,13,13,10,139
10.5,13,13,11,140
10.5,13,13,12,141
10.5,13,13,13,141
10.5,13,13,14,142
10.5,13,13,15,143
10.5,13,14,0,134
10.5,13,14,1,134
10.5,13,14,2,135
10.5,13,14,3,136
10.5,13,14,4,136
10.5,13,14,5,137
10.5,13,14,6,138
10.5,13,14,7,138
10.5,13,14,8,139
10.5,13,14,9,140
10.5,13,14,10,140
10.5,13,14,11,141
10.5,13,14,12,141
10.5,13,14,13,142
10.5,13,14,14,143
10.5,13,14,15,143
10.5,13,15,0,134
10.5,13,15,1,135
10.5,13,15,2,136
10.5,13,15,3,136
10.5,13,15,4,137
10.5,13,15,5,138
10.5,13,15,6,138
10.5,13,15,7,139
10.5,13,15,8,140
10.5,13,15,9,140
10.5,13,15,10,141
10.5,13,15,11,142
10.5,13,15,12,142
10.5,13,15,13,143
10.5,13,15,14,143
10.5,13,15,15,144
10.5,14,0,0,125
10.5,14,0,1,126
10.5,14,0,2,127
10.5,14,0,3,127
10.5,14,0,4,128
10.5,14,0,5,128
10.5,14,0,6,129
10.5,14,0,7,130
10.5,14,0,8,130
10.5,14,0,9,131
10.5,14,0,10,131
10.5,14,0,11,132
10.5,14,0,12,133
10.5,14,0,13,133
10.5,14,0,14,134
10.5,14,0,15,134
10.5,14,1,0,126
10.5,14,1,1,127
10.5,14,1,2,127
10.5,14,1,3,128
10.5,14,1,4,129
10.5,14,1,5,129
10.5,14,1,6,130
10.5,14,1,7,130
10.5,14,1,8,131
10.5,14,1,9,132
10.5,14,1,10,132
10.5,14,1,11,133
10.5,14,1,12,133
10.5,14,1,13,134
10.5,14,1,14,135
10.5,14,1,15,135
10.5,14,2,0,127
10.5,14,2,1,128
10.5,14,2,2,128
10.5,14,2,3,129
10.5,14,2,4,129
10.5,14,2,5,130
10.5,14,2,6,131
10.5,14,2,7,131
10.5,14,2,8,132
10.5,14,2,9,132
10.5,14,2,10,133
10.5,14,2,11,134
10.5,14,2,12,134
10.5,14,2,13,135
10.5,14,2,14,135
10.5,14,2,15,136
10.5,14,3,0,128
10.5,14,3,1,128
10.5,14,3,2,129
10.5,14,3,3,130
10.5,14,3,4,130
10.5,14,3,5,131
10.5,14,3,6,131
10.5,14,3,7,132
10.5,14,3,8,133
10.5,14,3,9,133
10.5,14,3,10,134
10.5,14,3,11,134
10.5,14,3,12,135
10.5,14,3,13,136
10.5,14,3,14,136
10.5,14,3,15,137
10.5,14,4,0,128
10.5,14,4,1,129
10.5,14,4,2,130
10.5,14,4,3,130
10.5,14,4,4,131
10.5,14,4,5,132
10.5,14,4,6,132
10.5,14,4,7,133
10.5,14,4,8,133
10.5,14,4,9,134
10.5,14,4,10,135
10.5,14,4,11,135
10.5,14,4,12,136
10.5,14,4,13,136
10.5,14,4,14,137
10.5,14,4,15,138
10.5,14,5,0,129
10.5,14,5,1,130
10.5,14,5,2,130
10.5,14,5,3,131
10.5,14,5,4,132
10.5,14,5,5,132
10.5,14,5,6,133
10.5,14,5,7,134
10.5,14,5,8,134
10.5,14,5,9,135
10.5,14,5,10,135
10.5,14,5,11,136
10.5,14,5,12,137
10.5,14,5,13,137
10.5,14,5,14,138
10.5,14,5,15,138
10.5,14,6,0,130
10.5,14,6,1,130
10.5,14,6,2,131
10.5,14,6,3,132
10.5,14,6,4,132
10.5,14,6,5,133
10.5,14,6,6,134
10.5,14,6,7,134
10.5,14,6,8,135
10.5,14,6,9,135
10.5,14,6,10,136
10.5,14,6,11,137
10.5,14,6,12,137
10.5,14,6,13,138
10.5,14,6,14,139
10.5,14,6,15,139
10.5,14,7,0,131
10.5,14,7,1,131
10.5,14,7,2,132
10.5,14,7,3,133
10.5,14,7,4,133
10.5,14,7,5,134
10.5,14,7,6,134
10.5,14,7,7,135
10.5,14,7,8,136
10.5,14,7,9,136
10.5,14,7,10,137
10.5,14,7,11,137
10.5,14,7,12,138
10.5,14,7,13,139
10.5,14,7,14,139
10.5,14,7,15,140
10.5,14,8,0,131
10.5,14,8,1,132
10.5,14,8,2,133
10.5,14,8,3,133
10.5,14,8,4,134
10.5,14,8,5,135
10.5,14,8,6,135
10.5,14,8,7,136
10.5,14,8,8,136
10.5,14,8,9,137
10.5,14,8,10,138
10.5,14,8,11,138
10.5,14,8,12,139
10.5,14,8,13,139
10.5,14,8,14,140
10.5,14,8,15,141
10.5,14,9,0,132
10.5,14,9,1,133
10.5,14,9,2,133
10.5,14,9,3,134
10.5,14,9,4,135
10.5,14,9,5,135
10.5,14,9,6,136
10.5,14,9,7,137
10.5,14,9,8,137
10.5,14,9,9,138
10.5,14,9,10,138
10.5,14,9,11,139
10.5,14,9,12,140
10.5,14,9,13,140
10.5,14,9,14,141
10.5,14,9,15,141
10.5,14,10,0,133
10.5,14,10,1,133
10.5,14,10,2,134
10.5,14,10,3,135
10.5,14,10,4,135
10.5,14,10,5,136
10.5,14,10,6,137
10.5,14,10,7,137
10.5,14,10,8,138
10.5,14,10,9,139
10.5,14,10,10,139
10.5,14,10,11,140
10.5,14,10,12,140
10.5,14,10,13,141
10.5,14,10,14,142
10.5,14,10,15,142
10.5,14,11,0,133
10.5,14,11,1,134
10.5,14,11,2,135
10.5,14,11,3,135
10.5,14,11,4,136
10.5,14,11,5,137
10.5,14,11,6,137
10.5,14,11,7,138
10.5,14,11,8,139
10.5,14,11,9,139
10.5,14,11,10,140
10.5,14,11,11,141
10.5,14,11,12,141
10.5,14,11,13,142
10.5,14,11,14,142
10.5,14,11,15,143
10.5,14,12,0,134
10.5,14,12,1,135
10.5,14,12,2,135
10.5,14,12,3,136
10.5,14,12,4,137
10.5,14,12,5,137
10.5,14,12,6,138
10.5,14,12,7,139
10.5,14,12,8,139
10.5,14,12,9,140
10.5,14,12,10,141
10.5,14,12,11,141
10.5,14,12,12,142
10.5,14,12,13,143
10.5,14,12,14,143
10.5,14,12,15,144
10.5,14,13,0,135
10.5,14,13,1,136
10.5,14,13,2,136
10.5,14,13,3,137
10.5,14,13,4,138
10.5,14,13,5,138
10.5,14,13,6,139
10.5,14,13,7,139
10.5,14,13,8,140
10.5,14,13,9,141
10.5,14,13,10,141
10.5,14,13,11,142
10.5,14,13,12,143
10.5,14,13,13,143
10.5,14,13,14,144
10.5,14,13,15,145
10.5,14,14,0,136
10.5,14,14,1,136
10.5,14,14,2,137
10.5,14,14,3,138
10.5,14,14,4,138
10.5,14,14,5,139
10.5,14,14,6,140
10.5,14,14,7,140
10.5,14,14,8,141
10.5,14,14,9,141
10.5,14,14,10,142
10.5,14,14,11,143
10.5,14,14,12,143
10.5,14,14,13,144
10.5,14,14,14,145
10.5,14,14,15,145
10.5,14,15,0,136
10.5,14,15,1,137
10.5,14,15,2,138
10.5,14,15,3,138
10.5,14,15,4,139
10.5,14,15,5,140
10.5,14,15,6,140
10.5,14,15,7,141
10.5,14,15,8,142
10.5,14,15,9,142
10.5,14,15,10,143
10.5,14,15,11,143
10.5,14,15,12,144
10.5,14,15,13,145
10.5,14,15,14,145
10.5,14,15,15,146
10.5,15,0,0,127
10.5,15,0,1,128
10.5,15,0,2,128
10.5,15,0,3,129
10.5,15,0,4,130
10.5,15,0,5,130
10.5,15,0,6,131
10.5,15,0,7,131
10.5,15,0,8,132
10.5,15,0,9,133
10.5,15,0,10,133
10.5,15,0,11,134
10.5,15,0,12,134
10.5,15,0,13,135
10.5,15,0,14,136
10.5,15,0,15,136
10.5,15,1,0,128
10.5,15,1,1,129
10.5,15,1,2,129
10.5,15,1,3,130
10.5,15,1,4,130
10.5,15,1,5,131
10.5,15,1,6,132
10.5,15,1,7,132
10.5,15,1,8,133
10.5,15,1,9,133
10.5,15,1,10,134
10.5,15,1,11,135
10.5,15,1,12,135
10.5,15,1,13,136
10.5,15,1,14,136
10.5,15,1,15,137
10.5,15,2,0,129
10.5,15,2,1,129
10.5,15,2,2,130
10.5,15,2,3,131
10.5,15,2,4,131
10.5,15,2,5,132
10.5,15,2,6,132
10.5,15,2,7,133
10.5,15,2,8,134
10.5,15,2,9,134
10.5,15,2,10,135
10.5,15,2,11,135
10.5,15,2,12,136
10.5,15,2,13,137
10.5,15,2,14,137
10.5,15,2,15,138
10.5,15,3,0,129
10.5,15,3,1,130
10.5,15,3,2,131
10.5,15,3,3,131
10.5,15,3,4,132
10.5,15,3,5,133
10.5,15,3,6,133
10.5,15,3,7,134
10.5,15,3,8,134
10.5,15,3,9,135
10.5,15,3,10,136
10.5,15,3,11,136
10.5,15,3,12,137
10.5,15,3,13,137
10.5,15,3,14,138
10.5,15,3,15,139
10.5,15,4,0,130
10.5,15,4,1,131
10.5,15,4,2,131
10.5,15,4,3,132
10.5,15,4,4,133
10.5,15,4,5,133
10.5,15,4,6,134
10.5,15,4,7,135
10.5,15,4,8,135
10.5,15,4,9,136
10.5,15,4,10,136
10.5,15,4,11,137
10.5,15,4,12,138
10.5,15,4,13,138
10.5,15,4,14,139
10.5,15,4,15,139
10.5,15,5,0,131
10.5,15,5,1,132
10.5,15,5,2,132
10.5,15,5,3,133
10.5,15,5,4,133
10.5,15,5,5,134
10.5,15,5,6,135
10.5,15,5,7,135
10.5,15,5,8,136
10.5,15,5,9,137
10.5,15,5,10,137
10.5,15,5,11,138
10.5,15,5,12,138
10.5,15,5,13,139
10.5,15,5,14,140
10.5,15,5,15,140
10.5,15,6,0,132
10.5,15,6,1,132
10.5,15,6,2,133
10.5,15,6,3,134
10.5,15,6,4,134
10.5,15,6,5,135
10.5,15,6,6,135
10.5,15,6,7,136
10.5,15,6,8,137
10.5,15,6,9,137
10.5,15,6,10,138
10.5,15,6,11,139
10.5,15,6,12,139
10.5,15,6,13,140
10.5,15,6,14,140
10.5,15,6,15,141
10.5,15,7,0,132
10.5,15,7,1,133
10.5,15,7,2,134
10.5,15,7,3,134
10.5,15,7,4,135
10.5,15,7,5,136
10.5,15,7,6,136
10.5,15,7,7,137
10.5,15,7,8,137
10.5,15,7,9,138
10.5,15,7,10,139
10.5,15,7,11,139
10.5,15,7,12,140
10.5,15,7,13,141
10.5,15,7,14,141
10.5,15,7,15,142
10.5,15,8,0,133
10.5,15,8,1,134
10.5,15,8,2,134
10.5,15,8,3,135
10.5,15,8,4,136
10.5,15,8,5,136
10.5,15,8,6,137
10.5,15,8,7,138
10.5,15,8,8,138
10.5,15,8,9,139
10.5,15,8,10,140
10.5,15,8,11,140
10.5,15,8,12,141
10.5,15,8,13,141
10.5,15,8,14,142
10.5,15,8,15,143
10.5,15,9,0,134
10.5,15,9,1,135
10.5,15,9,2,135
10.5,15,9,3,136
10.5,15,9,4,136
10.5,15,9,5,137
10.5,15,9,6,138
10.5,15,9,7,138
10.5,15,9,8,139
10.5,15,9,9,140
10.5,15,9,10,140
10.5,15,9,11,141
10.5,15,9,12,142
10.5,15,9,13,142
10.5,15,9,14,143
10.5,15,9,15,143
10.5,15,10,0,135
10.5,15,10,1,135
10.5,15,10,2,136
10.5,15,10,3,137
10.5,15,10,4,137
10.5,15,10,5,138
10.5,15,10,6,138
10.5,15,10,7,139
10.5,15,10,8,140
10.5,15,10,9,140
10.5,15,10,10,141
10.5,15,10,11,142
10.5,15,10,12,142
10.5,15,10,13,143
10.5,15,10,14,144
10.5,15,10,15,144
10.5,15,11,0,135
10.5,15,11,1,136
10.5,15,11,2,137
10.5,15,11,3,137
10.5,15,11,4,138
10.5,15,11,5,139
10.5,15,11,6,139
10.5,15,11,7,140
10.5,15,11,8,141
10.5,15,11,9,141
10.5,15,11,10,142
10.5,15,11,11,142
10.5,15,11,12,143
10.5,15,11,13,144
10.5,15,11,14,144
10.5,15,11,15,145
10.5,15,12,0,136
10.5,15,12,1,137
10.5,15,12,2,137
10.5,15,12,3,138
10.5,15,12,4,139
10.5,15,12,5,139
10.5,15,12,6,140
10.5,15,12,7,141
10.5,15,12,8,141
10.5,15,12,9,142
10.5,15,12,10,143
10.5,15,12,11,143
10.5,15,12,12,144
10.5,15,12,13,144
10.5,15,12,14,145
10.5,15,12,15,146
10.5,15,13,0,137
10.5,15,13,1,137
10.5,15,13,2,138
10.5,15,13,3,139
10.5,15,13,4,139
10.5,15,13,5,140
10.5,15,13,6,141
10.5,15,13,7,141
10.5,15,13,8,142
10.5,15,13,9,143
10.5,15,13,10,143
10.5,15,13,11,144
10.5,15,13,12,145
10.5,15,13,13,145
10.5,15,13,14,146
10.5,15,13,15,146
10.5,15,14,0,137
10.5,15,14,1,138
10.5,15,14,2,139
10.5,15,14,3,139
10.5,15,14,4,140
10.5,15,14,5,141
10.5,15,14,6,141
10.5,15,14,7,142
10.5,15,14,8,143
10.5,15,14,9,143
10.5,15,14,10,144
10.5,15,14,11,145
10.5,15,14,12,145
10.5,15,14,13,146
10.5,15,14,14,147
10.5,15,14,15,147
10.5,15,15,0,138
10.5,15,15,1,139
10.5,15,15,2,140
10.5,15,15,3,140
10.5,15,15,4,141
10.5,15,15,5,142
10.5,15,15,6,142
10.5,15,15,7,143
10.5,15,15,8,144
10.5,15,15,9,144
10.5,15,15,10,145
10.5,15,15,11,145
10.5,15,15,12,146
10.5,15,15,13,147
10.5,15,15,14,147
10.5,15,15,15,148
11.0,0,0,0,106
11.0,0,0,1,107
11.0,0,0,2,107
11.0,0,0,3,108
11.0,0,0,4,108
11.0,0,0,5,109
11.0,0,0,6,109
11.0,0,0,7,110
11.0,0,0,8,110
11.0,0,0,9,111
11.0,0,0,10,111
11.0,0,0,11,112
11.0,0,0,12,112
11.0,0,0,13,113
11.0,0,0,14,113
11.0,0,0,15,114
11.0,0,1,0,107
11.0,0,1,1,107
11.0,0,1,2,108
11.0,0,1,3,108
11.0,0,1,4,109
11.0,0,1,5,109
11.0,0,1,6,110
11.0,0,1,7,110
11.0,0,1,8,111
11.0,0,1,9,111
11.0,0,1,10,112
11.0,0,1,11,112
11.0,0,1,12,113
11.0,0,1,13,113
11.0,0,1,14,114
11.0,0,1,15,114
11.0,0,2,0,107
11.0,0,2,1,108
11.0,0,2,2,108
11.0,0,2,3,109
11.0,0,2,4,109
11.0,0,2,5,110
11.0,0,2,6,110
11.0,0,2,7,111
11.0,0,2,8,112
11.0,0,2,9,112
11.0,0,2,10,113
11.0,0,2,11,113
11.0,0,2,12,114
11.0,0,2,13,114
11.0,0,2,14,115
11.0,0,2,15,115
11.0,0,3,0,108
11.0,0,3,1,109
11.0,0,3,2,109
11.0,0,3,3,110
11.0,0,3,4,110
11.0,0,3,5,111
11.0,0,3,6,111
11.0,0,3,7,112
11.0,0,3,8,112
11.0,0,3,9,113
11.0,0,3,10,113
11.0,0,3,11,114
11.0,0,3,12,114
11.0,0,3,13,115
11.0,0,3,14,115
11.0,0,3,15,116
11.0,0,4,0,109
11.0,0,4,1,109
11.0,0,4,2,110
11.0,0,4,3,110
11.0,0,4,4,111
11.0,0,4,5,111
11.0,0,4,6,112
11.0,0,4,7,112
11.0,0,4,8,113
11.0,0,4,9,113
11.0,0,4,10,114
11.0,0,4,11,114
11.0,0,4,12,115
11.0,0,4,13,115
11.0,0,4,14,116
11.0,0,4,15,116
11.0,0,5,0,109
11.0,0,5,1,110
11.0,0,5,2,110
11.0,0,5,3,111
11.0,0,5,4,111
11.0,0,5,5,112
11.0,0,5,6,112
11.0,0,5,7,113
11.0,0,5,8,113
11.0,0,5,9,114
11.0,0,5,10,115
11.0,0,5,11,115
11.0,0,5,12,116
11.0,0,5,13,116
11.0,0,5,14,117
11.0,0,5,15,117
11.0,0,6,0,110
11.0,0,6,1,110
11.0,0,6,2,111
11.0,0,6,3,111
11.0,0,6,4,112
11.0,0,6,5,113
11.0,0,6,6,113
11.0,0,6,7,114
11.0,0,6,8,114
11.0,0,6,9,115
11.0,0,6,10,115
11.0,0,6,11,116
11.0,0,6,12,116
11.0,0,6,13,117
11.0,0,6,14,117
11.0,0,6,15,118
11.0,0,7,0,110
11.0,0,7,1,111
11.0,0,7,2,112
11.0,0,7,3,112
11.0,0,7,4,113
11.0,0,7,5,113
11.0,0,7,6,114
11.0,0,7,7,114
11.0,0,7,8,115
11.0,0,7,9,115
11.0,0,7,10,116
11.0,0,7,11,116
11.0,0,7,12,117
11.0,0,7,13,117
11.0,0,7,14,118
11.0,0,7,15,118
11.0,0,8,0,111
11.0,0,8,1,112
11.0,0,8,2,112
11.0,0,8,3,113
11.0,0,8,4,113
11.0,0,8,5,114
11.0,0,8,6,114
11.0,0,8,7,115
11.0,0,8,8,115
11.0,0,8,9,116
11.0,0,8,10,116
11.0,0,8,11,117
11.0,0,8,12,117
11.0,0,8,13,118
11.0,0,8,14,119
11.0,0,8,15,119
11.0,0,9,0,112
11.0,0,9,1,112
11.0,0,9,2,113
11.0,0,9,3,113
11.0,0,9,4,114
11.0,0,9,5,114
11.0,0,9,6,115
11.0,0,9,7,116
11.0,0,9,8,116
11.0,0,9,9,117
11.0,0,9,10,117
11.0,0,9,11,118
11.0,0,9,12,118
11.0,0,9,13,119
11.0,0,9,14,119
11.0,0,9,15,120
11.0,0,10,0,112
11.0,0,10,1,113
11.0,0,10,2,113
11.0,0,10,3,114
11.0,0,10,4,115
11.0,0,10,5,115
11.0,0,10,6,116
11.0,0,10,7,116
11.0,0,10,8,117
11.0,0,10,9,117
11.0,0,10,10,118
11.0,0,10,11,118
11.0,0,10,12,119
11.0,0,10,13,119
11.0,0,10,14,120
11.0,0,10,15,120
11.0,0,11,0,113
11.0,0,11,1,113
11.0,0,11,2,114
11.0,0,11,3,115
11.0,0,11,4,115
11.0,0,11,5,116
11.0,0,11,6,116
11.0,0,11,7,117
11.0,0,11,8,117
11.0,0,11,9,118
11.0,0,11,10,118
11.0,0,11,11,119
11.0,0,11,12,119
11.0,0,11,13,120
11.0,0,11,14,120
11.0,0,11,15,121
11.0,0,12,0,114
11.0,0,12,1,114
11.0,0,12,2,115
11.0,0,12,3,115
11.0,0,12,4,116
11.0,0,12,5,116
11.0,0,12,6,117
11.0,0,12,7,117
11.0,0,12,8,118
11.0,0,12,9,118
11.0,0,12,10,119
11.0,0,12,11,120
11.0,0,12,12,120
11.0,0,12,13,121
11.0,0,12,14,121
11.0,0,12,15,122
11.0,0,13,0,114
11.0,0,13,1,115
11.0,0,13,2,115
11.0,0,13,3,116
11.0,0,13,4,116
11.0,0,13,5,117
11.0,0,13,6,117
11.0,0,13,7,118
11.0,0,13,8,119
11.0,0,13,9,119
11.0,0,13,10,120
11.0,0,13,11,120
11.0,0,13,12,121
11.0,0,13,13,121
11.0,0,13,14,122
11.0,0,13,15,122
11.0,0,14,0,115
11.0,0,14,1,115
11.0,0,14,2,116
11.0,0,14,3,116
11.0,0,14,4,117
11.0,0,14,5,118
11.0,0,14,6,118
11.0,0,14,7,119
11.0,0,14,8,119
11.0,0,14,9,120
11.0,0,14,10,120
11.0,0,14,11,121
11.0,0,14,12,121
11.0,0,14,13,122
11.0,0,14,14,122
11.0,0,14,15,123
11.0,0,15,0,115
11.0,0,15,1,116
11.0,0,15,2,116
11.0,0,15,3,117
11.0,0,15,4,118
11.0,0,15,5,118
11.0,0,15,6,119
11.0,0,15,7,119
11.0,0,15,8,120
11.0,0,15,9,120
11.0,0,15,10,121
11.0,0,15,11,121
11.0,0,15,12,122
11.0,0,15,13,122
11.0,0,15,14,123
11.0,0,15,15,124
11.0,1,0,0,108
11.0,1,0,1,108
11.0,1,0,2,109
11.0,1,0,3,109
11.0,1,0,4,110
11.0,1,0,5,111
11.0,1,0,6,111
11.0,1,0,7,112
11.0,1,0,8,112
11.0,1,0,9,113
11.0,1,0,10,113
11.0,1,0,11,114
11.0,1,0,12,114
11.0,1,0,13,115
11.0,1,0,14,115
11.0,1,0,15,116
11.0,1,1,0,109
11.0,1,1,1,109
11.0,1,1,2,110
11.0,1,1,3,110
11.0,1,1,4,111
11.0,1,1,5,111
11.0,1,1,6,112
11.0,1,1,7,112
11.0,1,1,8,113
11.0,1,1,9,113
11.0,1,1,10,114
11.0,1,1,11,114
11.0,1,1,12,115
11.0,1,1,13,115
11.0,1,1,14,116
11.0,1,1,15,116
11.0,1,2,0,109
11.0,1,2,1,110
11.0,1,2,2,110
11.0,1,2,3,111
11.0,1,2,4,111
11.0,1,2,5,112
11.0,1,2,6,112
11.0,1,2,7,113
11.0,1,2,8,113
11.0,1,2,9,114
11.0,1,2,10,114
11.0,1,2,11,115
11.0,1,2,12,115
11.0,1,2,13,116
11.0,1,2,14,116
11.0,1,2,15,117
11.0,1,3,0,110
11.0,1,3,1,110
11.0,1,3,2,111
11.0,1,3,3,111
11.0,1,3,4,112
11.0,1,3,5,113
11.0,1,3,6,113
11.0,1,3,7,114
11.0,1,3,8,114
11.0,1,3,9,115
11.0,1,3,10,115
11.0,1,3,11,116
11.0,1,3,12,116
11.0,1,3,13,117
11.0,1,3,14,117
11.0,1,3,15,118
11.0,1,4,0,110
11.0,1,4,1,111
11.0,1,4,2,112
11.0,1,4,3,112
11.0,1,4,4,113
11.0,1,4,5,113
11.0,1,4,6,114
11.0,1,4,7,114
11.0,1,4,8,115
11.0,1,4,9,115
11.0,1,4,10,116
11.0,1,4,11,116
11.0,1,4,12,117
11.0,1,4,13,117
11.0,1,4,14,118
11.0,1,4,15,118
11.0,1,5,0,111
11.0,1,5,1,112
11.0,1,5,2,112
11.0,1,5,3,113
11.0,1,5,4,113
11.0,1,5,5,114
11.0,1,5,6,114
11.0,1,5,7,115
11.0,1,5,8,115
11.0,1,5,9,116
11.0,1,5,10,116
11.0,1,5,11,117
11.0,1,5,12,117
11.0,1,5,13,118
11.0,1,5,14,119
11.0,1,5,15,119
11.0,1,6,0,112
11.0,1,6,1,112
11.0,1,6,2,113
11.0,1,6,3,113
11.0,1,6,4,114
11.0,1,6,5,114
11.0,1,6,6,115
11.0,1,6,7,116
11.0,1,6,8,116
11.0,1,6,9,117
11.0,1,6,10,117
11.0,1,6,11,118
11.0,1,6,12,118
11.0,1,6,13,119
11.0,1,6,14,119
11.0,1,6,15,120
11.0,1,7,0,112
11.0,1,7,1,113
11.0,1,7,2,113
11.0,1,7,3,114
11.0,1,7,4,115
11.0,1,7,5,115
11.0,1,7,6,116
11.0,1,7,7,116
11.0,1,7,8,117
11.0,1,7,9,117
11.0,1,7,10,118
11.0,1,7,11,118
11.0,1,7,12,119
11.0,1,7,13,119
11.0,1,7,14,120
11.0,1,7,15,120
11.0,1,8,0,113
11.0,1,8,1,114
11.0,1,8,2,114
11.0,1,8,3,115
11.0,1,8,4,115
11.0,1,8,5,116
11.0,1,8,6,116
11.0,1,8,7,117
11.0,1,8,8,117
11.0,1,8,9,118
11.0,1,8,10,118
11.0,1,8,11,119
11.0,1,8,12,119
11.0,1,8,13,120
11.0,1,8,14,121
11.0,1,8,15,121
11.0,1,9,0,114
11.0,1,9,1,114
11.0,1,9,2,115
11.0,1,9,3,115
11.0,1,9,4,116
11.0,1,9,5,116
11.0,1,9,6,117
11.0,1,9,7,117
11.0,1,9,8,118
11.0,1,9,9,119
11.0,1,9,10,119
11.0,1,9,11,120
11.0,1,9,12,120
11.0,1,9,13,121
11.0,1,9,14,121
11.0,1,9,15,122
11.0,1,10,0,114
11.0,1,10,1,115
11.0,1,10,2,115
11.0,1,10,3,116
11.0,1,10,4,116
11.0,1,10,5,117
11.0,1,10,6,118
11.0,1,10,7,118
11.0,1,10,8,119
11.0,1,10,9,119
11.0,1,10,10,120
11.0,1,10,11,120
11.0,1,10,12,121
11.0,1,10,13,121
11.0,1,10,14,122
11.0,1,10,15,122
11.0,1,11,0,115
11.0,1,11,1,115
11.0,1,11,2,116
11.0,1,11,3,117
11.0,1,11,4,117
11.0,1,11,5,118
11.0,1,11,6,118
11.0,1,11,7,119
11.0,1,11,8,119
11.0,1,11,9,120
11.0,1,11,10,120
11.0,1,11,11,121
11.0,1,11,12,121
11.0,1,11,13,122
11.0,1,11,14,123
11.0,1,11,15,123
11.0,1,12,0,115
11.0,1,12,1,116
11.0,1,12,2,117
11.0,1,12,3,117
11.0,1,12,4,118
11.0,1,12,5,118
11.0,1,12,6,119
11.0,1,12,7,119
11.0,1,12,8,120
11.0,1,12,9,120
11.0,1,12,10,121
11.0,1,12,11,122
11.0,1,12,12,122
11.0,1,12,13,123
11.0,1,12,14,123
11.0,1,12,15,124
11.0,1,13,0,116
11.0,1,13,1,117
11.0,1,13,2,117
11.0,1,13,3,118
11.0,1,13,4,118
11.0,1,13,5,119
11.0,1,13,6,119
11.0,1,13,7,120
11.0,1,13,8,121
11.0,1,13,9,121
11.0,1,13,10,122
11.0,1,13,11,122
11.0,1,13,12,123
11.0,1,13,13,123
11.0,1,13,14,124
11.0,1,13,15,124
11.0,1,14,0,117
11.0,1,14,1,117
11.0,1,14,2,118
11.0,1,14,3,118
11.0,1,14,4,119
11.0,1,14,5,120
11.0,1,14,6,120
11.0,1,14,7,121
11.0,1,14,8,121
11.0,1,14,9,122
11.0,1,14,10,122
11.0,1,14,11,123
11.0,1,14,12,123
11.0,1,14,13,124
11.0,1,14,14,124
11.0,1,14,15,125
11.0,1,15,0,117
11.0,1,15,1,118
11.0,1,15,2,118
11.0,1,15,3,119
11.0,1,15,4,120
11.0,1,15,5,120
11.0,1,15,6,121
11.0,1,15,7,121
11.0,1,15,8,122
11.0,1,15,9,122
11.0,1,15,10,123
11.0,1,15,11,123
11.0,1,15,12,124
11.0,1,15,13,125
11.0,1,15,14,125
11.0,1,15,15,126
11.0,2,0,0,110
11.0,2,0,1,110
11.0,2,0,2,111
11.0,2,0,3,111
11.0,2,0,4,112
11.0,2,0,5,112
11.0,2,0,6,113
11.0,2,0,7,113
11.0,2,0,8,114
11.0,2,0,9,114
11.0,2,0,10,115
11.0,2,0,11,115
11.0,2,0,12,116
11.0,2,0,13,117
11.0,2,0,14,117
11.0,2,0,15,118
11.0,2,1,0,110
11.0,2,1,1,111
11.0,2,1,2,111
11.0,2,1,3,112
11.0,2,1,4,113
11.0,2,1,5,113
11.0,2,1,6,114
11.0,2,1,7,114
11.0,2,1,8,115
11.0,2,1,9,115
11.0,2,1,10,116
11.0,2,1,11,116
11.0,2,1,12,117
11.0,2,1,13,117
11.0,2,1,14,118
11.0,2,1,15,118
11.0,2,2,0,111
11.0,2,2,1,112
11.0,2,2,2,112
11.0,2,2,3,113
11.0,2,2,4,113
11.0,2,2,5,114
11.0,2,2,6,114
11.0,2,2,7,115
11.0,2,2,8,115
11.0,2,2,9,116
11.0,2,2,10,116
11.0,2,2,11,117
11.0,2,2,12,117
11.0,2,2,13,118
11.0,2,2,14,118
11.0,2,2,15,119
11.0,2,3,0,112
11.0,2,3,1,112
11.0,2,3,2,113
11.0,2,3,3,113
11.0,2,3,4,114
11.0,2,3,5,114
11.0,2,3,6,115
11.0,2,3,7,115
11.0,2,3,8,116
11.0,2,3,9,117
11.0,2,3,10,117
11.0,2,3,11,118
11.0,2,3,12,118
11.0,2,3,13,119
11.0,2,3,14,119
11.0,2,3,15,120
11.0,2,4,0,112
11.0,2,4,1,113
11.0,2,4,2,113
11.0,2,4,3,114
11.0,2,4,4,115
11.0,2,4,5,115
11.0,2,4,6,116
11.0,2,4,7,116
11.0,2,4,8,117
11.0,2,4,9,117
11.0,2,4,10,118
11.0,2,4,11,118
11.0,2,4,12,119
11.0,2,4,13,119
11.0,2,4,14,120
11.0,2,4,15,120
11.0,2,5,0,113
11.0,2,5,1,114
11.0,2,5,2,114
11.0,2,5,3,115
11.0,2,5,4,115
11.0,2,5,5,116
11.0,2,5,6,116
11.0,2,5,7,117
11.0,2,5,8,117
11.0,2,5,9,118
11.0,2,5,10,118
11.0,2,5,11,119
11.0,2,5,12,119
11.0,2,5,13,120
11.0,2,5,14,121
11.0,2,5,15,121
11.0,2,6,0,114
11.0,2,6,1,114
11.0,2,6,2,115
11.0,2,6,3,115
11.0,2,6,4,116
11.0,2,6,5,116
11.0,2,6,6,117
11.0,2,6,7,117
11.0,2,6,8,118
11.0,2,6,9,119
11.0,2,6,10,119
11.0,2,6,11,120
11.0,2,6,12,120
11.0,2,6,13,121
11.0,2,6,14,121
11.0,2,6,15,122
11.0,2,7,0,114
11.0,2,7,1,115
11.0,2,7,2,115
11.0,2,7,3,116
11.0,2,7,4,116
11.0,2,7,5,117
11.0,2,7,6,118
11.0,2,7,7,118
11.0,2,7,8,119
11.0,2,7,9,119
11.0,2,7,10,120
11.0,2,7,11,120
11.0,2,7,12,121
11.0,2,7,13,121
11.0,2,7,14,122
11.0,2,7,15,122
11.0,2,8,0,115
11.0,2,8,1,115
11.0,2,8,2,116
11.0,2,8,3,117
11.0,2,8,4,117
11.0,2,8,5,118
11.0,2,8,6,118
11.0,2,8,7,119
11.0,2,8,8,119
11.0,2,8,9,120
11.0,2,8,10,120
11.0,2,8,11,121
11.0,2,8,12,121
11.0,2,8,13,122
11.0,2,8,14,123
11.0,2,8,15,123
11.0,2,9,0,116
11.0,2,9,1,116
11.0,2,9,2,117
11.0,2,9,3,117
11.0,2,9,4,118
11.0,2,9,5,118
11.0,2,9,6,119
11.0,2,9,7,119
11.0,2,9,8,120
11.0,2,9,9,121
11.0,2,9,10,121
11.0,2,9,11,122
11.0,2,9,12,122
11.0,2,9,13,123
11.0,2,9,14,123
11.0,2,9,15,124
11.0,2,10,0,116
11.0,2,10,1,117
11.0,2,10,2,117
11.0,2,10,3,118
11.0,2,10,4,118
11.0,2,10,5,119
11.0,2,10,6,120
11.0,2,10,7,120
11.0,2,10,8,121
11.0,2,10,9,121
11.0,2,10,10,122
11.0,2,10,11,122
11.0,2,10,12,123
11.0,2,10,13,123
11.0,2,10,14,124
11.0,2,10,15,124
11.0,2,11,0,117
11.0,2,11,1,117
11.0,2,11,2,118
11.0,2,11,3,118
11.0,2,11,4,119
11.0,2,11,5,120
11.0,2,11,6,120
11.0,2,11,7,121
11.0,2,11,8,121
11.0,2,11,9,122
11.0,2,11,10,122
11.0,2,11,11,123
11.0,2,11,12,123
11.0,2,11,13,124
11.0,2,11,14,125
11.0,2,11,15,125
11.0,2,12,0,117
11.0,2,12,1,118
11.0,2,12,2,119
11.0,2,12,3,119
11.0,2,12,4,120
11.0,2,12,5,120
11.0,2,12,6,121
11.0,2,12,7,121
11.0,2,12,8,122
11.0,2,12,9,122
11.0,2,12,10,123
11.0,2,12,11,124
11.0,2,12,12,124
11.0,2,12,13,125
11.0,2,12,14,125
11.0,2,12,15,126
11.0,2,13,0,118
11.0,2,13,1,119
11.0,2,13,2,119
11.0,2,13,3,120
11.0,2,13,4,120
11.0,2,13,5,121
11.0,2,13,6,121
11.0,2,13,7,122
11.0,2,13,8,123
11.0,2,13,9,123
11.0,2,13,10,124
11.0,2,13,11,124
11.0,2,13,12,125
11.0,2,13,13,125
11.0,2,13,14,126
11.0,2,13,15,126
11.0,2,14,0,119
11.0,2,14,1,119
11.0,2,14,2,120
11.0,2,14,3,120
11.0,2,14,4,121
11.0,2,14,5,122
11.0,2,14,6,122
11.0,2,14,7,123
11.0,2,14,8,123
11.0,2,14,9,124
11.0,2,14,10,124
11.0,2,14,11,125
11.0,2,14,12,125
11.0,2,14,13,126
11.0,2,14,14,127
11.0,2,14,15,127
11.0,2,15,0,119
11.0,2,15,1,120
11.0,2,15,2,120
11.0,2,15,3,121
11.0,2,15,4,122
11.0,2,15,5,122
11.0,2,15,6,123
11.0,2,15,7,123
11.0,2,15,8,124
11.0,2,15,9,124
11.0,2,15,10,125
11.0,2,15,11,126
11.0,2,15,12,126
11.0,2,15,13,127
11.0,2,15,14,127
11.0,2,15,15,128
11.0,3,0,0,112
11.0,3,0,1,112
11.0,3,0,2,113
11.0,3,0,3,113
11.0,3,0,4,114
11.0,3,0,5,114
11.0,3,0,6,115
11.0,3,0,7,115
11.0,3,0,8,116
11.0,3,0,9,116
11.0,3,0,10,117
11.0,3,0,11,117
11.0,3,0,12,118
11.0,3,0,13,118
11.0,3,0,14,119
11.0,3,0,15,119
11.0,3,1,0,112
11.0,3,1,1,113
11.0,3,1,2,113
11.0,3,1,3,114
11.0,3,1,4,114
11.0,3,1,5,115
11.0,3,1,6,115
11.0,3,1,7,116
11.0,3,1,8,117
11.0,3,1,9,117
11.0,3,1,10,118
11.0,3,1,11,118
11.0,3,1,12,119
11.0,3,1,13,119
11.0,3,1,14,120
11.0,3,1,15,120
11.0,3,2,0,113
11.0,3,2,1,113
11.0,3,2,2,114
11.0,3,2,3,115
11.0,3,2,4,115
11.0,3,2,5,116
11.0,3,2,6,116
11.0,3,2,7,117
11.0,3,2,8,117
11.0,3,2,9,118
11.0,3,2,10,118
11.0,3,2,11,119
11.0,3,2,12,119
11.0,3,2,13,120
11.0,3,2,14,120
11.0,3,2,15,121
11.0,3,3,0,114
11.0,3,3,1,114
11.0,3,3,2,115
11.0,3,3,3,115
11.0,3,3,4,116
11.0,3,3,5,116
11.0,3,3,6,117
11.0,3,3,7,117
11.0,3,3,8,118
11.0,3,3,9,118
11.0,3,3,10,119
11.0,3,3,11,120
11.0,3,3,12,120
11.0,3,3,13,121
11.0,3,3,14,121
11.0,3,3,15,122
11.0,3,4,0,114
11.0,3,4,1,115
11.0,3,4,2,115
11.0,3,4,3,116
11.0,3,4,4,116
11.0,3,4,5,117
11.0,3,4,6,117
11.0,3,4,7,118
11.0,3,4,8,119
11.0,3,4,9,119
11.0,3,4,10,120
11.0,3,4,11,120
11.0,3,4,12,121
11.0,3,4,13,121
11.0,3,4,14,122
11.0,3,4,15,122
11.0,3,5,0,115
11.0,3,5,1,115
11.0,3,5,2,116
11.0,3,5,3,117
11.0,3,5,4,117
11.0,3,5,5,118
11.0,3,5,6,118
11.0,3,5,7,119
11.0,3,5,8,119
11.0,3,5,9,120
11.0,3,5,10,120
11.0,3,5,11,121
11.0,3,5,12,121
11.0,3,5,13,122
11.0,3,5,14,122
11.0,3,5,15,123
11.0,3,6,0,115
11.0,3,6,1,116
11.0,3,6,2,117
11.0,3,6,3,117
11.0,3,6,4,118
11.0,3,6,5,118
11.0,3,6,6,119
11.0,3,6,7,119
11.0,3,6,8,120
11.0,3,6,9,120
11.0,3,6,10,121
11.0,3,6,11,122
11.0,3,6,12,122
11.0,3,6,13,123
11.0,3,6,14,123
11.0,3,6,15,124
11.0,3,7,0,116
11.0,3,7,1,117
11.0,3,7,2,117
11.0,3,7,3,118
11.0,3,7,4,118
11.0,3,7,5,119
11.0,3,7,6,120
11.0,3,7,7,120
11.0,3,7,8,121
11.0,3,7,9,121
11.0,3,7,10,122
11.0,3,7,11,122
11.0,3,7,12,123
11.0,3,7,13,123
11.0,3,7,14,124
11.0,3,7,15,124
11.0,3,8,0,117
11.0,3,8,1,117
11.0,3,8,2,118
11.0,3,8,3,118
11.0,3,8,4,119
11.0,3,8,5,120
11.0,3,8,6,120
11.0,3,8,7,121
11.0,3,8,8,121
11.0,3,8,9,122
11.0,3,8,10,122
11.0,3,8,11,123
11.0,3,8,12,123
11.0,3,8,13,124
11.0,3,8,14,125
11.0,3,8,15,125
11.0,3,9,0,117
11.0,3,9,1,118
11.0,3,9,2,119
11.0,3,9,3,119
11.0,3,9,4,120
11.0,3,9,5,120
11.0,3,9,6,121
11.0,3,9,7,121
11.0,3,9,8,122
11.0,3,9,9,123
11.0,3,9,10,123
11.0,3,9,11,124
11.0,3,9,12,124
11.0,3,9,13,125
11.0,3,9,14,125
11.0,3,9,15,126
11.0,3,10,0,118
11.0,3,10,1,119
11.0,3,10,2,119
11.0,3,10,3,120
11.0,3,10,4,120
11.0,3,10,5,121
11.0,3,10,6,122
11.0,3,10,7,122
11.0,3,10,8,123
11.0,3,10,9,123
11.0,3,10,10,124
11.0,3,10,11,124
11.0,3,10,12,125
11.0,3,10,13,125
11.0,3,10,14,126
11.0,3,10,15,126
11.0,3,11,0,119
11.0,3,11,1,119
11.0,3,11,2,120
11.0,3,11,3,120
11.0,3,11,4,121
11.0,3,11,5,122
11.0,3,11,6,122
11.0,3,11,7,123
11.0,3,11,8,123
11.0,3,11,9,124
11.0,3,11,10,124
11.0,3,11,11,125
11.0,3,11,12,126
11.0,3,11,13,126
11.0,3,11,14,127
11.0,3,11,15,127
11.0,3,12,0,119
11.0,3,12,1,120
11.0,3,12,2,121
11.0,3,12,3,121
11.0,3,12,4,122
11.0,3,12,5,122
11.0,3,12,6,123
11.0,3,12,7,123
11.0,3,12,8,124
11.0,3,12,9,125
11.0,3,12,10,125
11.0,3,12,11,126
11.0,3,12,12,126
11.0,3,12,13,127
11.0,3,12,14,127
11.0,3,12,15,128
11.0,3,13,0,120
11.0,3,13,1,121
11.0,3,13,2,121
11.0,3,13,3,122
11.0,3,13,4,122
11.0,3,13,5,123
11.0,3,13,6,123
11.0,3,13,7,124
11.0,3,13,8,125
11.0,3,13,9,125
11.0,3,13,10,126
11.0,3,13,11,126
11.0,3,13,12,127
11.0,3,13,13,127
11.0,3,13,14,128
11.0,3,13,15,129
11.0,3,14,0,121
11.0,3,14,1,121
11.0,3,14,2,122
11.0,3,14,3,122
11.0,3,14,4,123
11.0,3,14,5,124
11.0,3,14,6,124
11.0,3,14,7,125
11.0,3,14,8,125
11.0,3,14,9,126
11.0,3,14,10,126
11.0,3,14,11,127
11.0,3,14,12,128
11.0,3,14,13,128
11.0,3,14,14,129
11.0,3,14,15,129
11.0,3,15,0,121
11.0,3,15,1,122
11.0,3,15,2,122
11.0,3,15,3,123
11.0,3,15,4,124
11.0,3,15,5,124
11.0,3,15,6,125
11.0,3,15,7,125
11.0,3,15,8,126
11.0,3,15,9,126
11.0,3,15,10,127
11.0,3,15,11,128
11.0,3,15,12,128
11.0,3,15,13,129
11.0,3,15,14,129
11.0,3,15,15,130
11.0,4,0,0,113
11.0,4,0,1,114
11.0,4,0,2,114
11.0,4,0,3,115
11.0,4,0,4,116
11.0,4,0,5,116
11.0,4,0,6,117
11.0,4,0,7,117
11.0,4,0,8,118
11.0,4,0,9,118
11.0,4,0,10,119
11.0,4,0,11,119
11.0,4,0,12,120
11.0,4,0,13,120
11.0,4,0,14,121
11.0,4,0,15,121
11.0,4,1,0,114
11.0,4,1,1,115
11.0,4,1,2,115
11.0,4,1,3,116
11.0,4,1,4,116
11.0,4,1,5,117
11.0,4,1,6,117
11.0,4,1,7,118
11.0,4,1,8,118
11.0,4,1,9,119
11.0,4,1,10,119
11.0,4,1,11,120
11.0,4,1,12,121
11.0,4,1,13,121
11.0,4,1,14,122
11.0,4,1,15,122
11.0,4,2,0,115
11.0,4,2,1,115
11.0,4,2,2,116
11.0,4,2,3,116
11.0,4,2,4,117
11.0,4,2,5,117
11.0,4,2,6,118
11.0,4,2,7,119
11.0,4,2,8,119
11.0,4,2,9,120
11.0,4,2,10,120
11.0,4,2,11,121
11.0,4,2,12,121
11.0,4,2,13,122
11.0,4,2,14,122
11.0,4,2,15,123
11.0,4,3,0,115
11.0,4,3,1,116
11.0,4,3,2,116
11.0,4,3,3,117
11.0,4,3,4,118
11.0,4,3,5,118
11.0,4,3,6,119
11.0,4,3,7,119
11.0,4,3,8,120
11.0,4,3,9,120
11.0,4,3,10,121
11.0,4,3,11,121
11.0,4,3,12,122
11.0,4,3,13,123
11.0,4,3,14,123
11.0,4,3,15,124
11.0,4,4,0,116
11.0,4,4,1,117
11.0,4,4,2,117
11.0,4,4,3,118
11.0,4,4,4,118
11.0,4,4,5,119
11.0,4,4,6,119
11.0,4,4,7,120
11.0,4,4,8,121
11.0,4,4,9,121
11.0,4,4,10,122
11.0,4,4,11,122
11.0,4,4,12,123
11.0,4,4,13,123
11.0,4,4,14,124
11.0,4,4,15,124
11.0,4,5,0,117
11.0,4,5,1,117
11.0,4,5,2,118
11.0,4,5,3,118
11.0,4,5,4,119
11.0,4,5,5,120
11.0,4,5,6,120
11.0,4,5,7,121
11.0,4,5,8,121
11.0,4,5,9,122
11.0,4,5,10,122
11.0,4,5,11,123
11.0,4,5,12,123
11.0,4,5,13,124
11.0,4,5,14,124
11.0,4,5,15,125
11.0,4,6,0,117
11.0,4,6,1,118
11.0,4,6,2,119
11.0,4,6,3,119
11.0,4,6,4,120
11.0,4,6,5,120
11.0,4,6,6,121
11.0,4,6,7,121
11.0,4,6,8,122
11.0,4,6,9,122
11.0,4,6,10,123
11.0,4,6,11,124
11.0,4,6,12,124
11.0,4,6,13,125
11.0,4,6,14,125
11.0,4,6,15,126
11.0,4,7,0,118
11.0,4,7,1,119
11.0,4,7,2,119
11.0,4,7,3,120
11.0,4,7,4,120
11.0,4,7,5,121
11.0,4,7,6,121
11.0,4,7,7,122
11.0,4,7,8,123
11.0,4,7,9,123
11.0,4,7,10,124
11.0,4,7,11,124
11.0,4,7,12,125
11.0,4,7,13,125
11.0,4,7,14,126
11.0,4,7,15,126
11.0,4,8,0,119
11.0,4,8,1,119
11.0,4,8,2,120
11.0,4,8,3,120
11.0,4,8,4,121
11.0,4,8,5,122
11.0,4,8,6,122
11.0,4,8,7,123
11.0,4,8,8,123
11.0,4,8,9,124
11.0,4,8,10,124
11.0,4,8,11,125
11.0,4,8,12,125
11.0,4,8,13,126
11.0,4,8,14,127
11.0,4,8,15,127
11.0,4,9,0,119
11.0,4,9,1,120
11.0,4,9,2,120
11.0,4,9,3,121
11.0,4,9,4,122
11.0,4,9,5,122
11.0,4,9,6,123
11.0,4,9,7,123
11.0,4,9,8,124
11.0,4,9,9,125
11.0,4,9,10,125
11.0,4,9,11,126
11.0,4,9,12,126
11.0,4,9,13,127
11.0,4,9,14,127
11.0,4,9,15,128
11.0,4,10,0,120
11.0,4,10,1,121
11.0,4,10,2,121
11.0,4,10,3,122
11.0,4,10,4,122
11.0,4,10,5,123
11.0,4,10,6,123
11.0,4,10,7,124
11.0,4,10,8,125
11.0,4,10,9,125
11.0,4,10,10,126
11.0,4,10,11,126
11.0,4,10,12,127
11.0,4,10,13,127
11.0,4,10,14,128
11.0,4,10,15,129
11.0,4,11,0,121
11.0,4,11,1,121
11.0,4,11,2,122
11.0,4,11,3,122
11.0,4,11,4,123
11.0,4,11,5,124
11.0,4,11,6,124
11.0,4,11,7,125
11.0,4,11,8,125
11.0,4,11,9,126
11.0,4,11,10,126
11.0,4,11,11,127
11.0,4,11,12,128
11.0,4,11,13,128
11.0,4,11,14,129
11.0,4,11,15,129
11.0,4,12,0,121
11.0,4,12,1,122
11.0,4,12,2,122
11.0,4,12,3,123
11.0,4,12,4,124
11.0,4,12,5,124
11.0,4,12,6,125
11.0,4,12,7,125
11.0,4,12,8,126
11.0,4,12,9,127
11.0,4,12,10,127
11.0,4,12,11,128
11.0,4,12,12,128
11.0,4,12,13,129
11.0,4,12,14,129
11.0,4,12,15,130
11.0,4,13,0,122
11.0,4,13,1,123
11.0,4,13,2,123
11.0,4,13,3,124
11.0,4,13,4,124
11.0,4,13,5,125
11.0,4,13,6,125
11.0,4,13,7,126
11.0,4,13,8,127
11.0,4,13,9,127
11.0,4,13,10,128
11.0,4,13,11,128
11.0,4,13,12,129
11.0,4,13,13,129
11.0,4,13,14,130
11.0,4,13,15,131
11.0,4,14,0,123
11.0,4,14,1,123
11.0,4,14,2,124
11.0,4,14,3,124
11.0,4,14,4,125
11.0,4,14,5,126
11.0,4,14,6,126
11.0,4,14,7,127
11.0,4,14,8,127
11.0,4,14,9,128
11.0,4,14,10,128
11.0,4,14,11,129
11.0,4,14,12,130
11.0,4,14,13,130
11.0,4,14,14,131
11.0,4,14,15,131
11.0,4,15,0,123
11.0,4,15,1,124
11.0,4,15,2,124
11.0,4,15,3,125
11.0,4,15,4,126
11.0,4,15,5,126
11.0,4,15,6,127
11.0,4,15,7,127
11.0,4,15,8,128
11.0,4,15,9,129
11.0,4,15,10,129
11.0,4,15,11,130
11.0,4,15,12,130
11.0,4,15,13,131
11.0,4,15,14,131
11.0,4,15,15,132
11.0,5,0,0,115
11.0,5,0,1,116
11.0,5,0,2,116
11.0,5,0,3,117
11.0,5,0,4,117
11.0,5,0,5,118
11.0,5,0,6,118
11.0,5,0,7,119
11.0,5,0,8,120
11.0,5,0,9,120
11.0,5,0,10,121
11.0,5,0,11,121
11.0,5,0,12,122
11.0,5,0,13,122
11.0,5,0,14,123
11.0,5,0,15,123
11.0,5,1,0,116
11.0,5,1,1,116
11.0,5,1,2,117
11.0,5,1,3,118
11.0,5,1,4,118
11.0,5,1,5,119
11.0,5,1,6,119
11.0,5,1,7,120
11.0,5,1,8,120
11.0,5,1,9,121
11.0,5,1,10,121
11.0,5,1,11,122
11.0,5,1,12,122
11.0,5,1,13,123
11.0,5,1,14,124
11.0,5,1,15,124
11.0,5,2,0,117
11.0,5,2,1,117
11.0,5,2,2,118
11.0,5,2,3,118
11.0,5,2,4,119
11.0,5,2,5,119
11.0,5,2,6,120
11.0,5,2,7,120
11.0,5,2,8,121
11.0,5,2,9,122
11.0,5,2,10,122
11.0,5,2,11,123
11.0,5,2,12,123
11.0,5,2,13,124
11.0,5,2,14,124
11.0,5,2,15,125
11.0,5,3,0,117
11.0,5,3,1,118
11.0,5,3,2,118
11.0,5,3,3,119
11.0,5,3,4,119
11.0,5,3,5,120
11.0,5,3,6,121
11.0,5,3,7,121
11.0,5,3,8,122
11.0,5,3,9,122
11.0,5,3,10,123
11.0,5,3,11,123
11.0,5,3,12,124
11.0,5,3,13,124
11.0,5,3,14,125
11.0,5,3,15,126
11.0,5,4,0,118
11.0,5,4,1,118
11.0,5,4,2,119
11.0,5,4,3,120
11.0,5,4,4,120
11.0,5,4,5,121
11.0,5,4,6,121
11.0,5,4,7,122
11.0,5,4,8,122
11.0,5,4,9,123
11.0,5,4,10,124
11.0,5,4,11,124
11.0,5,4,12,125
11.0,5,4,13,125
11.0,5,4,14,126
11.0,5,4,15,126
11.0,5,5,0,119
11.0,5,5,1,119
11.0,5,5,2,120
11.0,5,5,3,120
11.0,5,5,4,121
11.0,5,5,5,121
11.0,5,5,6,122
11.0,5,5,7,123
11.0,5,5,8,123
11.0,5,5,9,124
11.0,5,5,10,124
11.0,5,5,11,125
11.0,5,5,12,125
11.0,5,5,13,126
11.0,5,5,14,126
11.0,5,5,15,127
11.0,5,6,0,119
11.0,5,6,1,120
11.0,5,6,2,120
11.0,5,6,3,121
11.0,5,6,4,122
11.0,5,6,5,122
11.0,5,6,6,123
11.0,5,6,7,123
11.0,5,6,8,124
11.0,5,6,9,124
11.0,5,6,10,125
11.0,5,6,11,126
11.0,5,6,12,126
11.0,5,6,13,127
11.0,5,6,14,127
11.0,5,6,15,128
11.0,5,7,0,120
11.0,5,7,1,120
11.0,5,7,2,121
11.0,5,7,3,122
11.0,5,7,4,122
11.0,5,7,5,123
11.0,5,7,6,123
11.0,5,7,7,124
11.0,5,7,8,125
11.0,5,7,9,125
11.0,5,7,10,126
11.0,5,7,11,126
11.0,5,7,12,127
11.0,5,7,13,127
11.0,5,7,14,128
11.0,5,7,15,128
11.0,5,8,0,121
11.0,5,8,1,121
11.0,5,8,2,122
11.0,5,8,3,122
11.0,5,8,4,123
11.0,5,8,5,123
11.0,5,8,6,124
11.0,5,8,7,125
11.0,5,8,8,125
11.0,5,8,9,126
11.0,5,8,10,126
11.0,5,8,11,127
11.0,5,8,12,127
11.0,5,8,13,128
11.0,5,8,14,129
11.0,5,8,15,129
11.0,5,9,0,121
11.0,5,9,1,122
11.0,5,9,2,122
11.0,5,9,3,123
11.0,5,9,4,124
11.0,5,9,5,124
11.0,5,9,6,125
11.0,5,9,7,125
11.0,5,9,8,126
11.0,5,9,9,126
11.0,5,9,10,127
11.0,5,9,11,128
11.0,5,9,12,128
11.0,5,9,13,129
11.0,5,9,14,129
11.0,5,9,15,130
11.0,5,10,0,122
11.0,5,10,1,122
11.0,5,10,2,123
11.0,5,10,3,124
11.0,5,10,4,124
11.0,5,10,5,125
11.0,5,10,6,125
11.0,5,10,7,126
11.0,5,10,8,127
11.0,5,10,9,127
11.0,5,10,10,128
11.0,5,10,11,128
11.0,5,10,12,129
11.0,5,10,13,129
11.0,5,10,14,130
11.0,5,10,15,131
11.0,5,11,0,123
11.0,5,11,1,123
11.0,5,11,2,124
11.0,5,11,3,124
11.0,5,11,4,125
11.0,5,11,5,126
11.0,5,11,6,126
11.0,5,11,7,127
11.0,5,11,8,127
11.0,5,11,9,128
11.0,5,11,10,128
11.0,5,11,11,129
11.0,5,11,12,130
11.0,5,11,13,130
11.0,5,11,14,131
11.0,5,11,15,131
11.0,5,12,0,123
11.0,5,12,1,124
11.0,5,12,2,124
11.0,5,12,3,125
11.0,5,12,4,126
11.0,5,12,5,126
11.0,5,12,6,127
11.0,5,12,7,127
11.0,5,12,8,128
11.0,5,12,9,129
11.0,5,12,10,129
11.0,5,12,11,130
11.0,5,12,12,130
11.0,5,12,13,131
11.0,5,12,14,131
11.0,5,12,15,132
11.0,5,13,0,124
11.0,5,13,1,124
11.0,5,13,2,125
11.0,5,13,3,126
11.0,5,13,4,126
11.0,5,13,5,127
11.0,5,13,6,127
11.0,5,13,7,128
11.0,5,13,8,129
11.0,5,13,9,129
11.0,5,13,10,130
11.0,5,13,11,130
11.0,5,13,12,131
11.0,5,13,13,132
11.0,5,13,14,132
11.0,5,13,15,133
11.0,5,14,0,124
11.0,5,14,1,125
11.0,5,14,2,126
11.0,5,14,3,126
11.0,5,14,4,127
11.0,5,14,5,128
11.0,5,14,6,128
11.0,5,14,7,129
11.0,5,14,8,129
11.0,5,14,9,130
11.0,5,14,10,130
11.0,5,14,11,131
11.0,5,14,12,132
11.0,5,14,13,132
11.0,5,14,14,133
11.0,5,14,15,133
11.0,5,15,0,125
11.0,5,15,1,126
11.0,5,15,2,126
11.0,5,15,3,127
11.0,5,15,4,128
11.0,5,15,5,128
11.0,5,15,6,129
11.0,5,15,7,129
11.0,5,15,8,130
11.0,5,15,9,131
11.0,5,15,10,131
11.0,5,15,11,132
11.0,5,15,12,132
11.0,5,15,13,133
11.0,5,15,14,133
11.0,5,15,15,134
11.0,6,0,0,117
11.0,6,0,1,118
11.0,6,0,2,118
11.0,6,0,3,119
11.0,6,0,4,119
11.0,6,0,5,120
11.0,6,0,6,120
11.0,6,0,7,121
11.0,6,0,8,121
11.0,6,0,9,122
11.0,6,0,10,123
11.0,6,0,11,123
11.0,6,0,12,124
11.0,6,0,13,124
11.0,6,0,14,125
11.0,6,0,15,125
11.0,6,1,0,118
11.0,6,1,1,118
11.0,6,1,2,119
11.0,6,1,3,119
11.0,6,1,4,120
11.0,6,1,5,120
11.0,6,1,6,121
11.0,6,1,7,122
11.0,6,1,8,122
11.0,6,1,9,123
11.0,6,1,10,123
11.0,6,1,11,124
11.0,6,1,12,124
11.0,6,1,13,125
11.0,6,1,14,125
11.0,6,1,15,126
11.0,6,2,0,118
11.0,6,2,1,119
11.0,6,2,2,119
11.0,6,2,3,120
11.0,6,2,4,121
11.0,6,2,5,121
11.0,6,2,6,122
11.0,6,2,7,122
11.0,6,2,8,123
11.0,6,2,9,123
11.0,6,2,10,124
11.0,6,2,11,125
11.0,6,2,12,125
11.0,6,2,13,126
11.0,6,2,14,126
11.0,6,2,15,127
11.0,6,3,0,119
11.0,6,3,1,120
11.0,6,3,2,120
11.0,6,3,3,121
11.0,6,3,4,121
11.0,6,3,5,122
11.0,6,3,6,122
11.0,6,3,7,123
11.0,6,3,8,124
11.0,6,3,9,124
11.0,6,3,10,125
11.0,6,3,11,125
11.0,6,3,12,126
11.0,6,3,13,126
11.0,6,3,14,127
11.0,6,3,15,128
11.0,6,4,0,120
11.0,6,4,1,120
11.0,6,4,2,121
11.0,6,4,3,121
11.0,6,4,4,122
11.0,6,4,5,123
11.0,6,4,6,123
11.0,6,4,7,124
11.0,6,4,8,124
11.0,6,4,9,125
11.0,6,4,10,125
11.0,6,4,11,126
11.0,6,4,12,127
11.0,6,4,13,127
11.0,6,4,14,128
11.0,6,4,15,128
11.0,6,5,0,120
11.0,6,5,1,121
11.0,6,5,2,122
11.0,6,5,3,122
11.0,6,5,4,123
11.0,6,5,5,123
11.0,6,5,6,124
11.0,6,5,7,124
11.0,6,5,8,125
11.0,6,5,9,126
11.0,6,5,10,126
11.0,6,5,11,127
11.0,6,5,12,127
11.0,6,5,13,128
11.0,6,5,14,128
11.0,6,5,15,129
11.0,6,6,0,121
11.0,6,6,1,122
11.0,6,6,2,122
11.0,6,6,3,123
11.0,6,6,4,123
11.0,6,6,5,124
11.0,6,6,6,125
11.0,6,6,7,125
11.0,6,6,8,126
11.0,6,6,9,126
11.0,6,6,10,127
11.0,6,6,11,127
11.0,6,6,12,128
11.0,6,6,13,129
11.0,6,6,14,129
11.0,6,6,15,130
11.0,6,7,0,122
11.0,6,7,1,122
11.0,6,7,2,123
11.0,6,7,3,124
11.0,6,7,4,124
11.0,6,7,5,125
11.0,6,7,6,125
11.0,6,7,7,126
11.0,6,7,8,126
11.0,6,7,9,127
11.0,6,7,10,128
11.0,6,7,11,128
11.0,6,7,12,129
11.0,6,7,13,129
11.0,6,7,14,130
11.0,6,7,15,130
11.0,6,8,0,122
11.0,6,8,1,123
11.0,6,8,2,124
11.0,6,8,3,124
11.0,6,8,4,125
11.0,6,8,5,125
11.0,6,8,6,126
11.0,6,8,7,127
11.0,6,8,8,127
11.0,6,8,9,128
11.0,6,8,10,128
11.0,6,8,11,129
11.0,6,8,12,129
11.0,6,8,13,130
11.0,6,8,14,131
11.0,6,8,15,131
11.0,6,9,0,123
11.0,6,9,1,124
11.0,6,9,2,124
11.0,6,9,3,125
11.0,6,9,4,126
11.0,6,9,5,126
11.0,6,9,6,127
11.0,6,9,7,127
11.0,6,9,8,128
11.0,6,9,9,128
11.0,6,9,10,129
11.0,6,9,11,130
11.0,6,9,12,130
11.0,6,9,13,131
11.0,6,9,14,131
11.0,6,9,15,132
11.0,6,10,0,124
11.0,6,10,1,124
11.0,6,10,2,125
11.0,6,10,3,126
11.0,6,10,4,126
11.0,6,10,5,127
11.0,6,10,6,127
11.0,6,10,7,128
11.0,6,10,8,129
11.0,6,10,9,129
11.0,6,10,10,130
11.0,6,10,11,130
11.0,6,10,12,131
11.0,6,10,13,131
11.0,6,10,14,132
11.0,6,10,15,133
11.0,6,11,0,124
11.0,6,11,1,125
11.0,6,11,2,126
11.0,6,11,3,126
11.0,6,11,4,127
11.0,6,11,5,127
11.0,6,11,6,128
11.0,6,11,7,129
11.0,6,11,8,129
11.0,6,11,9,130
11.0,6,11,10,130
11.0,6,11,11,131
11.0,6,11,12,132
11.0,6,11,13,132
11.0,6,11,14,133
11.0,6,11,15,133
11.0,6,12,0,125
11.0,6,12,1,126
11.0,6,12,2,126
11.0,6,12,3,127
11.0,6,12,4,128
11.0,6,12,5,128
11.0,6,12,6,129
11.0,6,12,7,129
11.0,6,12,8,130
11.0,6,12,9,131
11.0,6,12,10,131
11.0,6,12,11,132
11.0,6,12,12,132
11.0,6,12,13,133
11.0,6,12,14,133
11.0,6,12,15,134
11.0,6,13,0,126
11.0,6,13,1,126
11.0,6,13,2,127
11.0,6,13,3,128
11.0,6,13,4,128
11.0,6,13,5,129
11.0,6,13,6,129
11.0,6,13,7,130
11.0,6,13,8,131
11.0,6,13,9,131
11.0,6,13,10,132
11.0,6,13,11,132
11.0,6,13,12,133
11.0,6,13,13,134
11.0,6,13,14,134
11.0,6,13,15,135
11.0,6,14,0,126
11.0,6,14,1,127
11.0,6,14,2,128
11.0,6,14,3,128
11.0,6,14,4,129
11.0,6,14,5,130
11.0,6,14,6,130
11.0,6,14,7,131
11.0,6,14,8,131
11.0,6,14,9,132
11.0,6,14,10,133
11.0,6,14,11,133
11.0,6,14,12,134
11.0,6,14,13,134
11.0,6,14,14,135
11.0,6,14,15,135
11.0,6,15,0,127
11.0,6,15,1,128
11.0,6,15,2,128
11.0,6,15,3,129
11.0,6,15,4,130
11.0,6,15,5,130
11.0,6,15,6,131
11.0,6,15,7,131
11.0,6,15,8,132
11.0,6,15,9,133
11.0,6,15,10,133
11.0,6,15,11,134
11.0,6,15,12,134
11.0,6,15,13,135
11.0,6,15,14,136
11.0,6,15,15,136
11.0,7,0,0,119
11.0,7,0,1,119
11.0,7,0,2,120
11.0,7,0,3,120
11.0,7,0,4,121
11.0,7,0,5,122
11.0,7,0,6,122
11.0,7,0,7,123
11.0,7,0,8,123
11.0,7,0,9,124
11.0,7,0,10,124
11.0,7,0,11,125
11.0,7,0,12,126
11.0,7,0,13,126
11.0,7,0,14,127
11.0,7,0,15,127
11.0,7,1,0,119
11.0,7,1,1,120
11.0,7,1,2,121
11.0,7,1,3,121
11.0,7,1,4,122
11.0,7,1,5,122
11.0,7,1,6,123
11.0,7,1,7,123
11.0,7,1,8,124
11.0,7,1,9,125
11.0,7,1,10,125
11.0,7,1,11,126
11.0,7,1,12,126
11.0,7,1,13,127
11.0,7,1,14,127
11.0,7,1,15,128
11.0,7,2,0,120
11.0,7,2,1,121
11.0,7,2,2,121
11.0,7,2,3,122
11.0,7,2,4,123
11.0,7,2,5,123
11.0,7,2,6,124
11.0,7,2,7,124
11.0,7,2,8,125
11.0,7,2,9,125
11.0,7,2,10,126
11.0,7,2,11,127
11.0,7,2,12,127
11.0,7,2,13,128
11.0,7,2,14,128
11.0,7,2,15,129
11.0,7,3,0,121
11.0,7,3,1,121
11.0,7,3,2,122
11.0,7,3,3,123
11.0,7,3,4,123
11.0,7,3,5,124
11.0,7,3,6,124
11.0,7,3,7,125
11.0,7,3,8,126
11.0,7,3,9,126
11.0,7,3,10,127
11.0,7,3,11,127
11.0,7,3,12,128
11.0,7,3,13,128
11.0,7,3,14,129
11.0,7,3,15,129
11.0,7,4,0,122
11.0,7,4,1,122
11.0,7,4,2,123
11.0,7,4,3,123
11.0,7,4,4,124
11.0,7,4,5,125
11.0,7,4,6,125
11.0,7,4,7,126
11.0,7,4,8,126
11.0,7,4,9,127
11.0,7,4,10,127
11.0,7,4,11,128
11.0,7,4,12,129
11.0,7,4,13,129
11.0,7,4,14,130
11.0,7,4,15,130
11.0,7,5,0,122
11.0,7,5,1,123
11.0,7,5,2,123
11.0,7,5,3,124
11.0,7,5,4,125
11.0,7,5,5,125
11.0,7,5,6,126
11.0,7,5,7,126
11.0,7,5,8,127
11.0,7,5,9,128
11.0,7,5,10,128
11.0,7,5,11,129
11.0,7,5,12,129
11.0,7,5,13,130
11.0,7,5,14,130
11.0,7,5,15,131
11.0,7,6,0,123
11.0,7,6,1,124
11.0,7,6,2,124
11.0,7,6,3,125
11.0,7,6,4,125
11.0,7,6,5,126
11.0,7,6,6,127
11.0,7,6,7,127
11.0,7,6,8,128
11.0,7,6,9,128
11.0,7,6,10,129
11.0,7,6,11,129
11.0,7,6,12,130
11.0,7,6,13,131
11.0,7,6,14,131
11.0,7,6,15,132
11.0,7,7,0,124
11.0,7,7,1,124
11.0,7,7,2,125
11.0,7,7,3,125
11.0,7,7,4,126
11.0,7,7,5,127
11.0,7,7,6,127
11.0,7,7,7,128
11.0,7,7,8,128
11.0,7,7,9,129
11.0,7,7,10,130
11.0,7,7,11,130
11.0,7,7,12,131
11.0,7,7,13,131
11.0,7,7,14,132
11.0,7,7,15,132
11.0,7,8,0,124
11.0,7,8,1,125
11.0,7,8,2,126
11.0,7,8,3,126
11.0,7,8,4,127
11.0,7,8,5,127
11.0,7,8,6,128
11.0,7,8,7,129
11.0,7,8,8,129
11.0,7,8,9,130
11.0,7,8,10,130
11.0,7,8,11,131
11.0,7,8,12,131
11.0,7,8,13,132
11.0,7,8,14,133
11.0,7,8,15,133
11.0,7,9,0,125
11.0,7,9,1,126
11.0,7,9,2,126
11.0,7,9,3,127
11.0,7,9,4,127
11.0,7,9,5,128
11.0,7,9,6,129
11.0,7,9,7,129
11.0,7,9,8,130
11.0,7,9,9,130
11.0,7,9,10,131
11.0,7,9,11,132
11.0,7,9,12,132
11.0,7,9,13,133
11.0,7,9,14,133
11.0,7,9,15,134
11.0,7,10,0,126
11.0,7,10,1,126
11.0,7,10,2,127
11.0,7,10,3,128
11.0,7,10,4,128
11.0,7,10,5,129
11.0,7,10,6,129
11.0,7,10,7,130
11.0,7,10,8,131
11.0,7,10,9,131
11.0,7,10,10,132
11.0,7,10,11,132
11.0,7,10,12,133
11.0,7,10,13,134
11.0,7,10,14,134
11.0,7,10,15,135
11.0,7,11,0,126
11.0,7,11,1,127
11.0,7,11,2,128
11.0,7,11,3,128
11.0,7,11,4,129
11.0,7,11,5,129
11.0,7,11,6,130
11.0,7,11,7,131
11.0,7,11,8,131
11.0,7,11,9,132
11.0,7,11,10,132
11.0,7,11,11,133
11.0,7,11,12,134
11.0,7,11,13,134
11.0,7,11,14,135
11.0,7,11,15,135
11.0,7,12,0,127
11.0,7,12,1,128
11.0,7,12,2,128
11.0,7,12,3,129
11.0,7,12,4,130
11.0,7,12,5,130
11.0,7,12,6,131
11.0,7,12,7,131
11.0,7,12,8,132
11.0,7,12,9,133
11.0,7,12,10,133
11.0,7,12,11,134
11.0,7,12,12,134
11.0,7,12,13,135
11.0,7,12,14,136
11.0,7,12,15,136
11.0,7,13,0,128
11.0,7,13,1,128
11.0,7,13,2,129
11.0,7,13,3,130
11.0,7,13,4,130
11.0,7,13,5,131
11.0,7,13,6,131
11.0,7,13,7,132
11.0,7,13,8,133
11.0,7,13,9,133
11.0,7,13,10,134
11.0,7,13,11,134
11.0,7,13,12,135
11.0,7,13,13,136
11.0,7,13,14,136
11.0,7,13,15,137
11.0,7,14,0,128
11.0,7,14,1,129
11.0,7,14,2,130
11.0,7,14,3,130
11.0,7,14,4,131
11.0,7,14,5,132
11.0,7,14,6,132
11.0,7,14,7,133
11.0,7,14,8,133
11.0,7,14,9,134
11.0,7,14,10,135
11.0,7,14,11,135
11.0,7,14,12,136
11.0,7,14,13,136
11.0,7,14,14,137
11.0,7,14,15,138
11.0,7,15,0,129
11.0,7,15,1,130
11.0,7,15,2,130
11.0,7,15,3,131
11.0,7,15,4,132
11.0,7,15,5,132
11.0,7,15,6,133
11.0,7,15,7,133
11.0,7,15,8,134
11.0,7,15,9,135
11.0,7,15,10,135
11.0,7,15,11,136
11.0,7,15,12,136
11.0,7,15,13,137
11.0,7,15,14,138
11.0,7,15,15,138
11.0,8,0,0,121
11.0,8,0,1,121
11.0,8,0,2,122
11.0,8,0,3,122
11.0,8,0,4,123
11.0,8,0,5,123
11.0,8,0,6,124
11.0,8,0,7,125
11.0,8,0,8,125
11.0,8,0,9,126
11.0,8,0,10,126
11.0,8,0,11,127
11.0,8,0,12,127
11.0,8,0,13,128
11.0,8,0,14,129
11.0,8,0,15,129
11.0,8,1,0,121
11.0,8,1,1,122
11.0,8,1,2,122
11.0,8,1,3,123
11.0,8,1,4,124
11.0,8,1,5,124
11.0,8,1,6,125
11.0,8,1,7,125
11.0,8,1,8,126
11.0,8,1,9,127
11.0,8,1,10,127
11.0,8,1,11,128
11.0,8,1,12,128
11.0,8,1,13,129
11.0,8,1,14,129
11.0,8,1,15,130
11.0,8,2,0,122
11.0,8,2,1,123
11.0,8,2,2,123
11.0,8,2,3,124
11.0,8,2,4,124
11.0,8,2,5,125
11.0,8,2,6,126
11.0,8,2,7,126
11.0,8,2,8,127
11.0,8,2,9,127
11.0,8,2,10,128
11.0,8,2,11,128
11.0,8,2,12,129
11.0,8,2,13,130
11.0,8,2,14,130
11.0,8,2,15,131
11.0,8,3,0,123
11.0,8,3,1,123
11.0,8,3,2,124
11.0,8,3,3,125
11.0,8,3,4,125
11.0,8,3,5,126
11.0,8,3,6,126
11.0,8,3,7,127
11.0,8,3,8,127
11.0,8,3,9,128
11.0,8,3,10,129
11.0,8,3,11,129
11.0,8,3,12,130
11.0,8,3,13,130
11.0,8,3,14,131
11.0,8,3,15,131
11.0,8,4,0,123
11.0,8,4,1,124
11.0,8,4,2,125
11.0,8,4,3,125
11.0,8,4,4,126
11.0,8,4,5,126
11.0,8,4,6,127
11.0,8,4,7,128
11.0,8,4,8,128
11.0,8,4,9,129
11.0,8,4,10,129
11.0,8,4,11,130
11.0,8,4,12,131
11.0,8,4,13,131
11.0,8,4,14,132
11.0,8,4,15,132
11.0,8,5,0,124
11.0,8,5,1,125
11.0,8,5,2,125
11.0,8,5,3,126
11.0,8,5,4,127
11.0,8,5,5,127
11.0,8,5,6,128
11.0,8,5,7,128
11.0,8,5,8,129
11.0,8,5,9,130
11.0,8,5,10,130
11.0,8,5,11,131
11.0,8,5,12,131
11.0,8,5,13,132
11.0,8,5,14,132
11.0,8,5,15,133
11.0,8,6,0,125
11.0,8,6,1,125
11.0,8,6,2,126
11.0,8,6,3,127
11.0,8,6,4,127
11.0,8,6,5,128
11.0,8,6,6,128
11.0,8,6,7,129
11.0,8,6,8,130
11.0,8,6,9,130
11.0,8,6,10,131
11.0,8,6,11,131
11.0,8,6,12,132
11.0,8,6,13,133
11.0,8,6,14,133
11.0,8,6,15,134
11.0,8,7,0,126
11.0,8,7,1,126
11.0,8,7,2,127
11.0,8,7,3,127
11.0,8,7,4,128
11.0,8,7,5,129
11.0,8,7,6,129
11.0,8,7,7,130
11.0,8,7,8,130
11.0,8,7,9,131
11.0,8,7,10,132
11.0,8,7,11,132
11.0,8,7,12,133
11.0,8,7,13,133
11.0,8,7,14,134
11.0,8,7,15,134
11.0,8,8,0,126
11.0,8,8,1,127
11.0,8,8,2,127
11.0,8,8,3,128
11.0,8,8,4,129
11.0,8,8,5,129
11.0,8,8,6,130
11.0,8,8,7,131
11.0,8,8,8,131
11.0,8,8,9,132
11.0,8,8,10,132
11.0,8,8,11,133
11.0,8,8,12,133
11.0,8,8,13,134
11.0,8,8,14,135
11.0,8,8,15,135
11.0,8,9,0,127
11.0,8,9,1,128
11.0,8,9,2,128
11.0,8,9,3,129
11.0,8,9,4,129
11.0,8,9,5,130
11.0,8,9,6,131
11.0,8,9,7,131
11.0,8,9,8,132
11.0,8,9,9,132
11.0,8,9,10,133
11.0,8,9,11,134
11.0,8,9,12,134
11.0,8,9,13,135
11.0,8,9,14,135
11.0,8,9,15,136
11.0,8,10,0,128
11.0,8,10,1,128
11.0,8,10,2,129
11.0,8,10,3,129
11.0,8,10,4,130
11.0,8,10,5,131
11.0,8,10,6,131
11.0,8,10,7,132
11.0,8,10,8,133
11.0,8,10,9,133
11.0,8,10,10,134
11.0,8,10,11,134
11.0,8,10,12,135
11.0,8,10,13,136
11.0,8,10,14,136
11.0,8,10,15,137
11.0,8,11,0,128
11.0,8,11,1,129
11.0,8,11,2,130
11.0,8,11,3,130
11.0,8,11,4,131
11.0,8,11,5,131
11.0,8,11,6,132
11.0,8,11,7,133
11.0,8,11,8,133
11.0,8,11,9,134
11.0,8,11,10,134
11.0,8,11,11,135
11.0,8,11,12,136
11.0,8,11,13,136
11.0,8,11,14,137
11.0,8,11,15,137
11.0,8,12,0,129
11.0,8,12,1,130
11.0,8,12,2,130
11.0,8,12,3,131
11.0,8,12,4,132
11.0,8,12,5,132
11.0,8,12,6,133
11.0,8,12,7,133
11.0,8,12,8,134
11.0,8,12,9,135
11.0,8,12,10,135
11.0,8,12,11,136
11.0,8,12,12,136
11.0,8,12,13,137
11.0,8,12,14,138
11.0,8,12,15,138
11.0,8,13,0,130
11.0,8,13,1,130
11.0,8,13,2,131
11.0,8,13,3,132
11.0,8,13,4,132
11.0,8,13,5,133
11.0,8,13,6,133
11.0,8,13,7,134
11.0,8,13,8,135
11.0,8,13,9,135
11.0,8,13,10,136
11.0,8,13,11,137
11.0,8,13,12,137
11.0,8,13,13,138
11.0,8,13,14,138
11.0,8,13,15,139
11.0,8,14,0,130
11.0,8,14,1,131
11.0,8,14,2,132
11.0,8,14,3,132
11.0,8,14,4,133
11.0,8,14,5,134
11.0,8,14,6,134
11.0,8,14,7,135
11.0,8,14,8,135
11.0,8,14,9,136
11.0,8,14,10,137
11.0,8,14,11,137
11.0,8,14,12,138
11.0,8,14,13,138
11.0,8,14,14,139
11.0,8,14,15,140
11.0,8,15,0,131
11.0,8,15,1,132
11.0,8,15,2,132
11.0,8,15,3,133
11.0,8,15,4,134
11.0,8,15,5,134
11.0,8,15,6,135
11.0,8,15,7,135
11.0,8,15,8,136
11.0,8,15,9,137
11.0,8,15,10,137
11.0,8,15,11,138
11.0,8,15,12,139
11.0,8,15,13,139
11.0,8,15,14,140
11.0,8,15,15,140
11.0,9,0,0,122
11.0,9,0,1,123
11.0,9,0,2,124
11.0,9,0,3,124
11.0,9,0,4,125
11.0,9,0,5,125
11.0,9,0,6,126
11.0,9,0,7,126
11.0,9,0,8,127
11.0,9,0,9,128
11.0,9,0,10,128
11.0,9,0,11,129
11.0,9,0,12,129
11.0,9,0,13,130
11.0,9,0,14,131
11.0,9,0,15,131
11.0,9,1,0,123
11.0,9,1,1,124
11.0,9,1,2,124
11.0,9,1,3,125
11.0,9,1,4,125
11.0,9,1,5,126
11.0,9,1,6,127
11.0,9,1,7,127
11.0,9,1,8,128
11.0,9,1,9,128
11.0,9,1,10,129
11.0,9,1,11,130
11.0,9,1,12,130
11.0,9,1,13,131
11.0,9,1,14,131
11.0,9,1,15,132
11.0,9,2,0,124
11.0,9,2,1,124
11.0,9,2,2,125
11.0,9,2,3,126
11.0,9,2,4,126
11.0,9,2,5,127
11.0,9,2,6,127
11.0,9,2,7,128
11.0,9,2,8,129
11.0,9,2,9,129
11.0,9,2,10,130
11.0,9,2,11,130
11.0,9,2,12,131
11.0,9,2,13,132
11.0,9,2,14,132
11.0,9,2,15,133
11.0,9,3,0,125
11.0,9,3,1,125
11.0,9,3,2,126
11.0,9,3,3,126
11.0,9,3,4,127
11.0,9,3,5,128
11.0,9,3,6,128
11.0,9,3,7,129
11.0,9,3,8,129
11.0,9,3,9,130
11.0,9,3,10,131
11.0,9,3,11,131
11.0,9,3,12,132
11.0,9,3,13,132
11.0,9,3,14,133
11.0,9,3,15,133
11.0,9,4,0,125
11.0,9,4,1,126
11.0,9,4,2,126
11.0,9,4,3,127
11.0,9,4,4,128
11.0,9,4,5,128
11.0,9,4,6,129
11.0,9,4,7,130
11.0,9,4,8,130
11.0,9,4,9,131
11.0,9,4,10,131
11.0,9,4,11,132
11.0,9,4,12,132
11.0,9,4,13,133
11.0,9,4,14,134
11.0,9,4,15,134
11.0,9,5,0,126
11.0,9,5,1,127
11.0,9,5,2,127
11.0,9,5,3,128
11.0,9,5,4,128
11.0,9,5,5,129
11.0,9,5,6,130
11.0,9,5,7,130
11.0,9,5,8,131
11.0,9,5,9,131
11.0,9,5,10,132
11.0,9,5,11,133
11.0,9,5,12,133
11.0,9,5,13,134
11.0,9,5,14,134
11.0,9,5,15,135
11.0,9,6,0,127
11.0,9,6,1,127
11.0,9,6,2,128
11.0,9,6,3,129
11.0,9,6,4,129
11.0,9,6,5,130
11.0,9,6,6,130
11.0,9,6,7,131
11.0,9,6,8,132
11.0,9,6,9,132
11.0,9,6,10,133
11.0,9,6,11,133
11.0,9,6,12,134
11.0,9,6,13,135
11.0,9,6,14,135
11.0,9,6,15,136
11.0,9,7,0,127
11.0,9,7,1,128
11.0,9,7,2,129
11.0,9,7,3,129
11.0,9,7,4,130
11.0,9,7,5,131
11.0,9,7,6,131
11.0,9,7,7,132
11.0,9,7,8,132
11.0,9,7,9,133
11.0,9,7,10,134
11.0,9,7,11,134
11.0,9,7,12,135
11.0,9,7,13,135
11.0,9,7,14,136
11.0,9,7,15,137
11.0,9,8,0,128
11.0,9,8,1,129
11.0,9,8,2,129
11.0,9,8,3,130
11.0,9,8,4,131
11.0,9,8,5,131
11.0,9,8,6,132
11.0,9,8,7,132
11.0,9,8,8,133
11.0,9,8,9,134
11.0,9,8,10,134
11.0,9,8,11,135
11.0,9,8,12,135
11.0,9,8,13,136
11.0,9,8,14,137
11.0,9,8,15,137
11.0,9,9,0,129
11.0,9,9,1,129
11.0,9,9,2,130
11.0,9,9,3,131
11.0,9,9,4,131
11.0,9,9,5,132
11.0,9,9,6,133
11.0,9,9,7,133
11.0,9,9,8,134
11.0,9,9,9,134
11.0,9,9,10,135
11.0,9,9,11,136
11.0,9,9,12,136
11.0,9,9,13,137
11.0,9,9,14,137
11.0,9,9,15,138
11.0,9,10,0,130
11.0,9,10,1,130
11.0,9,10,2,131
11.0,9,10,3,131
11.0,9,10,4,132
11.0,9,10,5,133
11.0,9,10,6,133
11.0,9,10,7,134
11.0,9,10,8,135
11.0,9,10,9,135
11.0,9,10,10,136
11.0,9,10,11,136
11.0,9,10,12,137
11.0,9,10,13,138
11.0,9,10,14,138
11.0,9,10,15,139
11.0,9,11,0,130
11.0,9,11,1,131
11.0,9,11,2,132
11.0,9,11,3,132
11.0,9,11,4,133
11.0,9,11,5,133
11.0,9,11,6,134
11.0,9,11,7,135
11.0,9,11,8,135
11.0,9,11,9,136
11.0,9,11,10,136
11.0,9,11,11,137
11.0,9,11,12,138
11.0,9,11,13,138
11.0,9,11,14,139
11.0,9,11,15,140
11.0,9,12,0,131
11.0,9,12,1,132
11.0,9,12,2,132
11.0,9,12,3,133
11.0,9,12,4,133
11.0,9,12,5,134
11.0,9,12,6,135
11.0,9,12,7,135
11.0,9,12,8,136
11.0,9,12,9,137
11.0,9,12,10,137
11.0,9,12,11,138
11.0,9,12,12,138
11.0,9,12,13,139
11.0,9,12,14,140
11.0,9,12,15,140
11.0,9,13,0,132
11.0,9,13,1,132
11.0,9,13,2,133
11.0,9,13,3,134
11.0,9,13,4,134
11.0,9,13,5,135
11.0,9,13,6,135
11.0,9,13,7,136
11.0,9,13,8,137
11.0,9,13,9,137
11.0,9,13,10,138
11.0,9,13,11,139
11.0,9,13,12,139
11.0,9,13,13,140
11.0,9,13,14,140
11.0,9,13,15,141
11.0,9,14,0,132
11.0,9,14,1,133
11.0,9,14,2,134
11.0,9,14,3,134
11.0,9,14,4,135
11.0,9,14,5,136
11.0,9,14,6,136
11.0,9,14,7,137
11.0,9,14,8,137
11.0,9,14,9,138
11.0,9,14,10,139
11.0,9,14,11,139
11.0,9,14,12,140
11.0,9,14,13,141
11.0,9,14,14,141
11.0,9,14,15,142
11.0,9,15,0,133
11.0,9,15,1,134
11.0,9,15,2,134
11.0,9,15,3,135
11.0,9,15,4,136
11.0,9,15,5,136
11.0,9,15,6,137
11.0,9,15,7,137
11.0,9,15,8,138
11.0,9,15,9,139
11.0,9,15,10,139
11.0,9,15,11,140
11.0,9,15,12,141
11.0,9,15,13,141
11.0,9,15,14,142
11.0,9,15,15,142
11.0,10,0,0,124
11.0,10,0,1,125
11.0,10,0,2,125
11.0,10,0,3,126
11.0,10,0,4,127
11.0,10,0,5,127
11.0,10,0,6,128
11.0,10,0,7,128
11.0,10,0,8,129
11.0,10,0,9,130
11.0,10,0,10,130
11.0,10,0,11,131
11.0,10,0,12,131
11.0,10,0,13,132
11.0,10,0,14,132
11.0,10,0,15,133
11.0,10,1,0,125
11.0,10,1,1,126
11.0,10,1,2,126
11.0,10,1,3,127
11.0,10,1,4,127
11.0,10,1,5,128
11.0,10,1,6,129
11.0,10,1,7,129
11.0,10,1,8,130
11.0,10,1,9,130
11.0,10,1,10,131
11.0,10,1,11,131
11.0,10,1,12,132
11.0,10,1,13,133
11.0,10,1,14,133
11.0,10,1,15,134
11.0,10,2,0,126
11.0,10,2,1,126
11.0,10,2,2,127
11.0,10,2,3,127
11.0,10,2,4,128
11.0,10,2,5,129
11.0,10,2,6,129
11.0,10,2,7,130
11.0,10,2,8,131
11.0,10,2,9,131
11.0,10,2,10,132
11.0,10,2,11,132
11.0,10,2,12,133
11.0,10,2,13,133
11.0,10,2,14,134
11.0,10,2,15,135
11.0,10,3,0,126
11.0,10,3,1,127
11.0,10,3,2,128
11.0,10,3,3,128
11.0,10,3,4,129
11.0,10,3,5,129
11.0,10,3,6,130
11.0,10,3,7,131
11.0,10,3,8,131
11.0,10,3,9,132
11.0,10,3,10,132
11.0,10,3,11,133
11.0,10,3,12,134
11.0,10,3,13,134
11.0,10,3,14,135
11.0,10,3,15,135
11.0,10,4,0,127
11.0,10,4,1,128
11.0,10,4,2,128
11.0,10,4,3,129
11.0,10,4,4,130
11.0,10,4,5,130
11.0,10,4,6,131
11.0,10,4,7,131
11.0,10,4,8,132
11.0,10,4,9,133
11.0,10,4,10,133
11.0,10,4,11,134
11.0,10,4,12,134
11.0,10,4,13,135
11.0,10,4,14,136
11.0,10,4,15,136
11.0,10,5,0,128
11.0,10,5,1,128
11.0,10,5,2,129
11.0,10,5,3,130
11.0,10,5,4,130
11.0,10,5,5,131
11.0,10,5,6,132
11.0,10,5,7,132
11.0,10,5,8,133
11.0,10,5,9,133
11.0,10,5,10,134
11.0,10,5,11,135
11.0,10,5,12,135
11.0,10,5,13,136
11.0,10,5,14,136
11.0,10,5,15,137
11.0,10,6,0,129
11.0,10,6,1,129
11.0,10,6,2,130
11.0,10,6,3,130
11.0,10,6,4,131
11.0,10,6,5,132
11.0,10,6,6,132
11.0,10,6,7,133
11.0,10,6,8,134
11.0,10,6,9,134
11.0,10,6,10,135
11.0,10,6,11,135
11.0,10,6,12,136
11.0,10,6,13,137
11.0,10,6,14,137
11.0,10,6,15,138
11.0,10,7,0,129
11.0,10,7,1,130
11.0,10,7,2,131
11.0,10,7,3,131
11.0,10,7,4,132
11.0,10,7,5,132
11.0,10,7,6,133
11.0,10,7,7,134
11.0,10,7,8,134
11.0,10,7,9,135
11.0,10,7,10,136
11.0,10,7,11,136
11.0,10,7,12,137
11.0,10,7,13,137
11.0,10,7,14,138
11.0,10,7,15,139
11.0,10,8,0,130
11.0,10,8,1,131
11.0,10,8,2,131
11.0,10,8,3,132
11.0,10,8,4,133
11.0,10,8,5,133
11.0,10,8,6,134
11.0,10,8,7,134
11.0,10,8,8,135
11.0,10,8,9,136
11.0,10,8,10,136
11.0,10,8,11,137
11.0,10,8,12,137
11.0,10,8,13,138
11.0,10,8,14,139
11.0,10,8,15,139
11.0,10,9,0,131
11.0,10,9,1,131
11.0,10,9,2,132
11.0,10,9,3,133
11.0,10,9,4,133
11.0,10,9,5,134
11.0,10,9,6,135
11.0,10,9,7,135
11.0,10,9,8,136
11.0,10,9,9,136
11.0,10,9,10,137
11.0,10,9,11,138
11.0,10,9,12,138
11.0,10,9,13,139
11.0,10,9,14,139
11.0,10,9,15,140
11.0,10,10,0,131
11.0,10,10,1,132
11.0,10,10,2,133
11.0,10,10,3,133
11.0,10,10,4,134
11.0,10,10,5,135
11.0,10,10,6,135
11.0,10,10,7,136
11.0,10,10,8,137
11.0,10,10,9,137
11.0,10,10,10,138
11.0,10,10,11,138
11.0,10,10,12,139
11.0,10,10,13,140
11.0,10,10,14,140
11.0,10,10,15,141
11.0,10,11,0,132
11.0,10,11,1,133
11.0,10,11,2,133
11.0,10,11,3,134
11.0,10,11,4,135
11.0,10,11,5,135
11.0,10,11,6,136
11.0,10,11,7,137
11.0,10,11,8,137
11.0,10,11,9,138
11.0,10,11,10,139
11.0,10,11,11,139
11.0,10,11,12,140
11.0,10,11,13,140
11.0,10,11,14,141
11.0,10,11,15,142
11.0,10,12,0,133
11.0,10,12,1,134
11.0,10,12,2,134
11.0,10,12,3,135
11.0,10,12,4,135
11.0,10,12,5,136
11.0,10,12,6,137
11.0,10,12,7,137
11.0,10,12,8,138
11.0,10,12,9,139
11.0,10,12,10,139
11.0,10,12,11,140
11.0,10,12,12,140
11.0,10,12,13,141
11.0,10,12,14,142
11.0,10,12,15,142
11.0,10,13,0,134
11.0,10,13,1,134
11.0,10,13,2,135
11.0,10,13,3,136
11.0,10,13,4,136
11.0,10,13,5,137
11.0,10,13,6,137
11.0,10,13,7,138
11.0,10,13,8,139
11.0,10,13,9,139
11.0,10,13,10,140
11.0,10,13,11,141
11.0,10,13,12,141
11.0,10,13,13,142
11.0,10,13,14,142
11.0,10,13,15,143
11.0,10,14,0,134
11.0,10,14,1,135
11.0,10,14,2,136
11.0,10,14,3,136
11.0,10,14,4,137
11.0,10,14,5,138
11.0,10,14,6,138
11.0,10,14,7,139
11.0,10,14,8,139
11.0,10,14,9,140
11.0,10,14,10,141
11.0,10,14,11,141
11.0,10,14,12,142
11.0,10,14,13,143
11.0,10,14,14,143
11.0,10,14,15,144
11.0,10,15,0,135
11.0,10,15,1,136
11.0,10,15,2,136
11.0,10,15,3,137
11.0,10,15,4,138
11.0,10,15,5,138
11.0,10,15,6,139
11.0,10,15,7,140
11.0,10,15,8,140
11.0,10,15,9,141
11.0,10,15,10,141
11.0,10,15,11,142
11.0,10,15,12,143
11.0,10,15,13,143
11.0,10,15,14,144
11.0,10,15,15,145
11.0,11,0,0,126
11.0,11,0,1,127
11.0,11,0,2,127
11.0,11,0,3,128
11.0,11,0,4,128
11.0,11,0,5,129
11.0,11,0,6,130
11.0,11,0,7,130
11.0,11,0,8,131
11.0,11,0,9,131
11.0,11,0,10,132
11.0,11,0,11,133
11.0,11,0,12,133
11.0,11,0,13,134
11.0,11,0,14,134
11.0,11,0,15,135
11.0,11,1,0,127
11.0,11,1,1,127
11.0,11,1,2,128
11.0,11,1,3,129
11.0,11,1,4,129
11.0,11,1,5,130
11.0,11,1,6,130
11.0,11,1,7,131
11.0,11,1,8,132
11.0,11,1,9,132
11.0,11,1,10,133
11.0,11,1,11,133
11.0,11,1,12,134
11.0,11,1,13,135
11.0,11,1,14,135
11.0,11,1,15,136
11.0,11,2,0,127
11.0,11,2,1,128
11.0,11,2,2,129
11.0,11,2,3,129
11.0,11,2,4,130
11.0,11,2,5,131
11.0,11,2,6,131
11.0,11,2,7,132
11.0,11,2,8,132
11.0,11,2,9,133
11.0,11,2,10,134
11.0,11,2,11,134
11.0,11,2,12,135
11.0,11,2,13,135
11.0,11,2,14,136
11.0,11,2,15,137
11.0,11,3,0,128
11.0,11,3,1,129
11.0,11,3,2,129
11.0,11,3,3,130
11.0,11,3,4,131
11.0,11,3,5,131
11.0,11,3,6,132
11.0,11,3,7,133
11.0,11,3,8,133
11.0,11,3,9,134
11.0,11,3,10,134
11.0,11,3,11,135
11.0,11,3,12,136
11.0,11,3,13,136
11.0,11,3,14,137
11.0,11,3,15,137
11.0,11,4,0,129
11.0,11,4,1,130
11.0,11,4,2,130
11.0,11,4,3,131
11.0,11,4,4,131
11.0,11,4,5,132
11.0,11,4,6,133
11.0,11,4,7,133
11.0,11,4,8,134
11.0,11,4,9,135
11.0,11,4,10,135
11.0,11,4,11,136
11.0,11,4,12,136
11.0,11,4,13,137
11.0,11,4,14,138
11.0,11,4,15,138
11.0,11,5,0,130
11.0,11,5,1,130
11.0,11,5,2,131
11.0,11,5,3,132
11.0,11,5,4,132
11.0,11,5,5,133
11.0,11,5,6,133
11.0,11,5,7,134
11.0,11,5,8,135
11.0,11,5,9,135
11.0,11,5,10,136
11.0,11,5,11,137
11.0,11,5,12,137
11.0,11,5,13,138
11.0,11,5,14,138
11.0,11,5,15,139
11.0,11,6,0,130
11.0,11,6,1,131
11.0,11,6,2,132
11.0,11,6,3,132
11.0,11,6,4,133
11.0,11,6,5,134
11.0,11,6,6,134
11.0,11,6,7,135
11.0,11,6,8,135
11.0,11,6,9,136
11.0,11,6,10,137
11.0,11,6,11,137
11.0,11,6,12,138
11.0,11,6,13,139
11.0,11,6,14,139
11.0,11,6,15,140
11.0,11,7,0,131
11.0,11,7,1,132
11.0,11,7,2,132
11.0,11,7,3,133
11.0,11,7,4,134
11.0,11,7,5,134
11.0,11,7,6,135
11.0,11,7,7,136
11.0,11,7,8,136
11.0,11,7,9,137
11.0,11,7,10,137
11.0,11,7,11,138
11.0,11,7,12,139
11.0,11,7,13,139
11.0,11,7,14,140
11.0,11,7,15,141
11.0,11,8,0,132
11.0,11,8,1,133
11.0,11,8,2,133
11.0,11,8,3,134
11.0,11,8,4,134
11.0,11,8,5,135
11.0,11,8,6,136
11.0,11,8,7,136
11.0,11,8,8,137
11.0,11,8,9,138
11.0,11,8,10,138
11.0,11,8,11,139
11.0,11,8,12,139
11.0,11,8,13,140
11.0,11,8,14,141
11.0,11,8,15,141
11.0,11,9,0,133
11.0,11,9,1,133
11.0,11,9,2,134
11.0,11,9,3,135
11.0,11,9,4,135
11.0,11,9,5,136
11.0,11,9,6,137
11.0,11,9,7,137
11.0,11,9,8,138
11.0,11,9,9,138
11.0,11,9,10,139
11.0,11,9,11,140
11.0,11,9,12,140
11.0,11,9,13,141
11.0,11,9,14,141
11.0,11,9,15,142
11.0,11,10,0,133
11.0,11,10,1,134
11.0,11,10,2,135
11.0,11,10,3,135
11.0,11,10,4,136
11.0,11,10,5,137
11.0,11,10,6,137
11.0,11,10,7,138
11.0,11,10,8,139
11.0,11,10,9,139
11.0,11,10,10,140
11.0,11,10,11,140
11.0,11,10,12,141
11.0,11,10,13,142
11.0,11,10,14,142
11.0,11,10,15,143
11.0,11,11,0,134
11.0,11,11,1,135
11.0,11,11,2,135
11.0,11,11,3,136
11.0,11,11,4,137
11.0,11,11,5,137
11.0,11,11,6,138
11.0,11,11,7,139
11.0,11,11,8,139
11.0,11,11,9,140
11.0,11,11,10,141
11.0,11,11,11,141
11.0,11,11,12,142
11.0,11,11,13,142
11.0,11,11,14,143
11.0,11,11,15,144
11.0,11,12,0,135
11.0,11,12,1,135
11.0,11,12,2,136
11.0,11,12,3,137
11.0,11,12,4,137
11.0,11,12,5,138
11.0,11,12,6,139
11.0,11,12,7,139
11.0,11,12,8,140
11.0,11,12,9,141
11.0,11,12,10,141
11.0,11,12,11,142
11.0,11,12,12,143
11.0,11,12,13,143
11.0,11,12,14,144
11.0,11,12,15,144
11.0,11,13,0,136
11.0,11,13,1,136
11.0,11,13,2,137
11.0,11,13,3,137
11.0,11,13,4,138
11.0,11,13,5,139
11.0,11,13,6,139
11.0,11,13,7,140
11.0,11,13,8,141
11.0,11,13,9,141
11.0,11,13,10,142
11.0,11,13,11,143
11.0,11,13,12,143
11.0,11,13,13,144
11.0,11,13,14,145
11.0,11,13,15,145
11.0,11,14,0,136
11.0,11,14,1,137
11.0,11,14,2,138
11.0,11,14,3,138
11.0,11,14,4,139
11.0,11,14,5,140
11.0,11,14,6,140
11.0,11,14,7,141
11.0,11,14,8,141
11.0,11,14,9,142
11.0,11,14,10,143
11.0,11,14,11,143
11.0,11,14,12,144
11.0,11,14,13,145
11.0,11,14,14,145
11.0,11,14,15,146
11.0,11,15,0,137
11.0,11,15,1,138
11.0,11,15,2,138
11.0,11,15,3,139
11.0,11,15,4,140
11.0,11,15,5,140
11.0,11,15,6,141
11.0,11,15,7,142
11.0,11,15,8,142
11.0,11,15,9,143
11.0,11,15,10,143
11.0,11,15,11,144
11.0,11,15,12,145
11.0,11,15,13,145
11.0,11,15,14,146
11.0,11,15,15,147
11.0,12,0,0,128
11.0,12,0,1,128
11.0,12,0,2,129
11.0,12,0,3,130
11.0,12,0,4,130
11.0,12,0,5,131
11.0,12,0,6,131
11.0,12,0,7,132
11.0,12,0,8,133
11.0,12,0,9,133
11.0,12,0,10,134
11.0,12,0,11,135
11.0,12,0,12,135
11.0,12,0,13,136
11.0,12,0,14,136
11.0,12,0,15,137
11.0,12,1,0,129
11.0,12,1,1,129
11.0,12,1,2,130
11.0,12,1,3,130
11.0,12,1,4,131
11.0,12,1,5,132
11.0,12,1,6,132
11.0,12,1,7,133
11.0,12,1,8,134
11.0,12,1,9,134
11.0,12,1,10,135
11.0,12,1,11,135
11.0,12,1,12,136
11.0,12,1,13,137
11.0,12,1,14,137
11.0,12,1,15,138
11.0,12,2,0,129
11.0,12,2,1,130
11.0,12,2,2,131
11.0,12,2,3,131
11.0,12,2,4,132
11.0,12,2,5,132
11.0,12,2,6,133
11.0,12,2,7,134
11.0,12,2,8,134
11.0,12,2,9,135
11.0,12,2,10,136
11.0,12,2,11,136
11.0,12,2,12,137
11.0,12,2,13,137
11.0,12,2,14,138
11.0,12,2,15,139
11.0,12,3,0,130
11.0,12,3,1,131
11.0,12,3,2,131
11.0,12,3,3,132
11.0,12,3,4,133
11.0,12,3,5,133
11.0,12,3,6,134
11.0,12,3,7,134
11.0,12,3,8,135
11.0,12,3,9,136
11.0,12,3,10,136
11.0,12,3,11,137
11.0,12,3,12,138
11.0,12,3,13,138
11.0,12,3,14,139
11.0,12,3,15,139
11.0,12,4,0,131
11.0,12,4,1,131
11.0,12,4,2,132
11.0,12,4,3,133
11.0,12,4,4,133
11.0,12,4,5,134
11.0,12,4,6,135
11.0,12,4,7,135
11.0,12,4,8,136
11.0,12,4,9,136
11.0,12,4,10,137
11.0,12,4,11,138
11.0,12,4,12,138
11.0,12,4,13,139
11.0,12,4,14,140
11.0,12,4,15,140
11.0,12,5,0,132
11.0,12,5,1,132
11.0,12,5,2,133
11.0,12,5,3,134
11.0,12,5,4,134
11.0,12,5,5,135
11.0,12,5,6,135
11.0,12,5,7,136
11.0,12,5,8,137
11.0,12,5,9,137
11.0,12,5,10,138
11.0,12,5,11,139
11.0,12,5,12,139
11.0,12,5,13,140
11.0,12,5,14,140
11.0,12,5,15,141
11.0,12,6,0,132
11.0,12,6,1,133
11.0,12,6,2,134
11.0,12,6,3,134
11.0,12,6,4,135
11.0,12,6,5,136
11.0,12,6,6,136
11.0,12,6,7,137
11.0,12,6,8,137
11.0,12,6,9,138
11.0,12,6,10,139
11.0,12,6,11,139
11.0,12,6,12,140
11.0,12,6,13,141
11.0,12,6,14,141
11.0,12,6,15,142
11.0,12,7,0,133
11.0,12,7,1,134
11.0,12,7,2,134
11.0,12,7,3,135
11.0,12,7,4,136
11.0,12,7,5,136
11.0,12,7,6,137
11.0,12,7,7,138
11.0,12,7,8,138
11.0,12,7,9,139
11.0,12,7,10,139
11.0,12,7,11,140
11.0,12,7,12,141
11.0,12,7,13,141
11.0,12,7,14,142
11.0,12,7,15,143
11.0,12,8,0,134
11.0,12,8,1,134
11.0,12,8,2,135
11.0,12,8,3,136
11.0,12,8,4,136
11.0,12,8,5,137
11.0,12,8,6,138
11.0,12,8,7,138
11.0,12,8,8,139
11.0,12,8,9,140
11.0,12,8,10,140
11.0,12,8,11,141
11.0,12,8,12,141
11.0,12,8,13,142
11.0,12,8,14,143
11.0,12,8,15,143
11.0,12,9,0,135
11.0,12,9,1,135
11.0,12,9,2,136
11.0,12,9,3,137
11.0,12,9,4,137
11.0,12,9,5,138
11.0,12,9,6,138
11.0,12,9,7,139
11.0,12,9,8,140
11.0,12,9,9,140
11.0,12,9,10,141
11.0,12,9,11,142
11.0,12,9,12,142
11.0,12,9,13,143
11.0,12,9,14,144
11.0,12,9,15,144
11.0,12,10,0,135
11.0,12,10,1,136
11.0,12,10,2,137
11.0,12,10,3,137
11.0,12,10,4,138
11.0,12,10,5,139
11.0,12,10,6,139
11.0,12,10,7,140
11.0,12,10,8,140
11.0,12,10,9,141
11.0,12,10,10,142
11.0,12,10,11,142
11.0,12,10,12,143
11.0,12,10,13,144
11.0,12,10,14,144
11.0,12,10,15,145
11.0,12,11,0,136
11.0,12,11,1,137
11.0,12,11,2,137
11.0,12,11,3,138
11.0,12,11,4,139
11.0,12,11,5,139
11.0,12,11,6,140
11.0,12,11,7,141
11.0,12,11,8,141
11.0,12,11,9,142
11.0,12,11,10,143
11.0,12,11,11,143
11.0,12,11,12,144
11.0,12,11,13,144
11.0,12,11,14,145
11.0,12,11,15,146
11.0,12,12,0,137
11.0,12,12,1,137
11.0,12,12,2,138
11.0,12,12,3,139
11.0,12,12,4,139
11.0,12,12,5,140
11.0,12,12,6,141
11.0,12,12,7,141
11.0,12,12,8,142
11.0,12,12,9,143
11.0,12,12,10,143
11.0,12,12,11,144
11.0,12,12,12,145
11.0,12,12,13,145
11.0,12,12,14,146
11.0,12,12,15,146
11.0,12,13,0,137
11.0,12,13,1,138
11.0,12,13,2,139
11.0,12,13,3,139
11.0,12,13,4,140
11.0,12,13,5,141
11.0,12,13,6,141
11.0,12,13,7,142
11.0,12,13,8,143
11.0,12,13,9,143
11.0,12,13,10,144
11.0,12,13,11,145
11.0,12,13,12,145
11.0,12,13,13,146
11.0,12,13,14,147
11.0,12,13,15,147
11.0,12,14,0,138
11.0,12,14,1,139
11.0,12,14,2,140
11.0,12,14,3,140
11.0,12,14,4,141
11.0,12,14,5,142
11.0,12,14,6,142
11.0,12,14,7,143
11.0,12,14,8,143
11.0,12,14,9,144
11.0,12,14,10,145
11.0,12,14,11,145
11.0,12,14,12,146
11.0,12,14,13,147
11.0,12,14,14,147
11.0,12,14,15,148
11.0,12,15,0,139
11.0,12,15,1,140
11.0,12,15,2,140
11.0,12,15,3,141
11.0,12,15,4,142
11.0,12,15,5,142
11.0,12,15,6,143
11.0,12,15,7,144
11.0,12,15,8,144
11.0,12,15,9,145
11.0,12,15,10,146
11.0,12,15,11,146
11.0,12,15,12,147
11.0,12,15,13,147
11.0,12,15,14,148
11.0,12,15,15,149
11.0,13,0,0,130
11.0,13,0,1,130
11.0,13,0,2,131
11.0,13,0,3,131
11.0,13,0,4,132
11.0,13,0,5,133
11.0,13,0,6,133
11.0,13,0,7,134
11.0,13,0,8,135
11.0,13,0,9,135
11.0,13,0,10,136
11.0,13,0,11,136
11.0,13,0,12,137
11.0,13,0,13,138
11.0,13,0,14,138
11.0,13,0,15,139
11.0,13,1,0,130
11.0,13,1,1,131
11.0,13,1,2,132
11.0,13,1,3,132
11.0,13,1,4,133
11.0,13,1,5,134
11.0,13,1,6,134
11.0,13,1,7,135
11.0,13,1,8,135
11.0,13,1,9,136
11.0,13,1,10,137
11.0,13,1,11,137
11.0,13,1,12,138
11.0,13,1,13,138
11.0,13,1,14,139
11.0,13,1,15,140
11.0,13,2,0,131
11.0,13,2,1,132
11.0,13,2,2,132
11.0,13,2,3,133
11.0,13,2,4,134
11.0,13,2,5,134
11.0,13,2,6,135
11.0,13,2,7,136
11.0,13,2,8,136
11.0,13,2,9,137
11.0,13,2,10,137
11.0,13,2,11,138
11.0,13,2,12,139
11.0,13,2,13,139
11.0,13,2,14,140
11.0,13,2,15,140
11.0,13,3,0,132
11.0,13,3,1,133
11.0,13,3,2,133
11.0,13,3,3,134
11.0,13,3,4,134
11.0,13,3,5,135
11.0,13,3,6,136
11.0,13,3,7,136
11.0,13,3,8,137
11.0,13,3,9,138
11.0,13,3,10,138
11.0,13,3,11,139
11.0,13,3,12,139
11.0,13,3,13,140
11.0,13,3,14,141
11.0,13,3,15,141
11.0,13,4,0,133
11.0,13,4,1,133
11.0,13,4,2,134
11.0,13,4,3,135
11.0,13,4,4,135
11.0,13,4,5,136
11.0,13,4,6,137
11.0,13,4,7,137
11.0,13,4,8,138
11.0,13,4,9,138
11.0,13,4,10,139
11.0,13,4,11,140
11.0,13,4,12,140
11.0,13,4,13,141
11.0,13,4,14,142
11.0,13,4,15,142
11.0,13,5,0,133
11.0,13,5,1,134
11.0,13,5,2,135
11.0,13,5,3,135
11.0,13,5,4,136
11.0,13,5,5,137
11.0,13,5,6,137
11.0,13,5,7,138
11.0,13,5,8,139
11.0,13,5,9,139
11.0,13,5,10,140
11.0,13,5,11,140
11.0,13,5,12,141
11.0,13,5,13,142
11.0,13,5,14,142
11.0,13,5,15,143
11.0,13,6,0,134
11.0,13,6,1,135
11.0,13,6,2,136
11.0,13,6,3,136
11.0,13,6,4,137
11.0,13,6,5,137
11.0,13,6,6,138
11.0,13,6,7,139
11.0,13,6,8,139
11.0,13,6,9,140
11.0,13,6,10,141
11.0,13,6,11,141
11.0,13,6,12,142
11.0,13,6,13,143
11.0,13,6,14,143
11.0,13,6,15,144
11.0,13,7,0,135
11.0,13,7,1,136
11.0,13,7,2,136
11.0,13,7,3,137
11.0,13,7,4,138
11.0,13,7,5,138
11.0,13,7,6,139
11.0,13,7,7,140
11.0,13,7,8,140
11.0,13,7,9,141
11.0,13,7,10,141
11.0,13,7,11,142
11.0,13,7,12,143
11.0,13,7,13,143
11.0,13,7,14,144
11.0,13,7,15,145
11.0,13,8,0,136
11.0,13,8,1,136
11.0,13,8,2,137
11.0,13,8,3,138
11.0,13,8,4,138
11.0,13,8,5,139
11.0,13,8,6,140
11.0,13,8,7,140
11.0,13,8,8,141
11.0,13,8,9,142
11.0,13,8,10,142
11.0,13,8,11,143
11.0,13,8,12,143
11.0,13,8,13,144
11.0,13,8,14,145
11.0,13,8,15,145
11.0,13,9,0,136
11.0,13,9,1,137
11.0,13,9,2,138
11.0,13,9,3,138
11.0,13,9,4,139
11.0,13,9,5,140
11.0,13,9,6,140
11.0,13,9,7,141
11.0,13,9,8,142
11.0,13,9,9,142
11.0,13,9,10,143
11.0,13,9,11,144
11.0,13,9,12,144
11.0,13,9,13,145
11.0,13,9,14,146
11.0,13,9,15,146
11.0,13,10,0,137
11.0,13,10,1,138
11.0,13,10,2,139
11.0,13,10,3,139
11.0,13,10,4,140
11.0,13,10,5,141
11.0,13,10,6,141
11.0,13,10,7,142
11.0,13,10,8,142
11.0,13,10,9,143
11.0,13,10,10,144
11.0,13,10,11,144
11.0,13,10,12,145
11.0,13,10,13,146
11.0,13,10,14,146
11.0,13,10,15,147
11.0,13,11,0,138
11.0,13,11,1,139
11.0,13,11,2,139
11.0,13,11,3,140
11.0,13,11,4,141
11.0,13,11,5,141
11.0,13,11,6,142
11.0,13,11,7,143
11.0,13,11,8,143
11.0,13,11,9,144
11.0,13,11,10,145
11.0,13,11,11,145
11.0,13,11,12,146
11.0,13,11,13,146
11.0,13,11,14,147
11.0,13,11,15,148
11.0,13,12,0,139
11.0,13,12,1,139
11.0,13,12,2,140
11.0,13,12,3,141
11.0,13,12,4,141
11.0,13,12,5,142
11.0,13,12,6,143
11.0,13,12,7,143
11.0,13,12,8,144
11.0,13,12,9,145
11.0,13,12,10,145
11.0,13,12,11,146
11.0,13,12,12,147
11.0,13,12,13,147
11.0,13,12,14,148
11.0,13,12,15,149
11.0,13,13,0,139
11.0,13,13,1,140
11.0,13,13,2,141
11.0,13,13,3,141
11.0,13,13,4,142
11.0,13,13,5,143
11.0,13,13,6,143
11.0,13,13,7,144
11.0,13,13,8,145
11.0,13,13,9,145
11.0,13,13,10,146
11.0,13,13,11,147
11.0,13,13,12,147
11.0,13,13,13,148
11.0,13,13,14,149
11.0,13,13,15,149
11.0,13,14,0,140
11.0,13,14,1,141
11.0,13,14,2,141
11.0,13,14,3,142
11.0,13,14,4,143
11.0,13,14,5,144
11.0,13,14,6,144
11.0,13,14,7,145
11.0,13,14,8,146
11.0,13,14,9,146
11.0,13,14,10,147
11.0,13,14,11,148
11.0,13,14,12,148
11.0,13,14,13,149
11.0,13,14,14,149
11.0,13,14,15,150
11.0,13,15,0,141
11.0,13,15,1,142
11.0,13,15,2,142
11.0,13,15,3,143
11.0,13,15,4,144
11.0,13,15,5,144
11.0,13,15,6,145
11.0,13,15,7,146
11.0,13,15,8,146
11.0,13,15,9,147
11.0,13,15,10,148
11.0,13,15,11,148
11.0,13,15,12,149
11.0,13,15,13,150
11.0,13,15,14,150
11.0,13,15,15,151
11.0,14,0,0,131
11.0,14,0,1,132
11.0,14,0,2,133
11.0,14,0,3,133
11.0,14,0,4,134
11.0,14,0,5,135
11.0,14,0,6,135
11.0,14,0,7,136
11.0,14,0,8,136
11.0,14,0,9,137
11.0,14,0,10,138
11.0,14,0,11,138
11.0,14,0,12,139
11.0,14,0,13,140
11.0,14,0,14,140
11.0,14,0,15,141
11.0,14,1,0,132
11.0,14,1,1,133
11.0,14,1,2,133
11.0,14,1,3,134
11.0,14,1,4,135
11.0,14,1,5,135
11.0,14,1,6,136
11.0,14,1,7,137
11.0,14,1,8,137
11.0,14,1,9,138
11.0,14,1,10,139
11.0,14,1,11,139
11.0,14,1,12,140
11.0,14,1,13,140
11.0,14,1,14,141
11.0,14,1,15,142
11.0,14,2,0,133
11.0,14,2,1,134
11.0,14,2,2,134
11.0,14,2,3,135
11.0,14,2,4,136
11.0,14,2,5,136
11.0,14,2,6,137
11.0,14,2,7,137
11.0,14,2,8,138
11.0,14,2,9,139
11.0,14,2,10,139
11.0,14,2,11,140
11.0,14,2,12,141
11.0,14,2,13,141
11.0,14,2,14,142
11.0,14,2,15,142
11.0,14,3,0,134
11.0,14,3,1,134
11.0,14,3,2,135
11.0,14,3,3,136
11.0,14,3,4,136
11.0,14,3,5,137
11.0,14,3,6,138
11.0,14,3,7,138
11.0,14,3,8,139
11.0,14,3,9,140
11.0,14,3,10,140
11.0,14,3,11,141
11.0,14,3,12,141
11.0,14,3,13,142
11.0,14,3,14,143
11.0,14,3,15,143
11.0,14,4,0,135
11.0,14,4,1,135
11.0,14,4,2,136
11.0,14,4,3,136
11.0,14,4,4,137
11.0,14,4,5,138
11.0,14,4,6,138
11.0,14,4,7,139
11.0,14,4,8,140
11.0,14,4,9,140
11.0,14,4,10,141
11.0,14,4,11,142
11.0,14,4,12,142
11.0,14,4,13,143
11.0,14,4,14,143
11.0,14,4,15,144
11.0,14,5,0,135
11.0,14,5,1,136
11.0,14,5,2,137
11.0,14,5,3,137
11.0,14,5,4,138
11.0,14,5,5,139
11.0,14,5,6,139
11.0,14,5,7,140
11.0,14,5,8,141
11.0,14,5,9,141
11.0,14,5,10,142
11.0,14,5,11,142
11.0,14,5,12,143
11.0,14,5,13,144
11.0,14,5,14,144
11.0,14,5,15,145
11.0,14,6,0,136
11.0,14,6,1,137
11.0,14,6,2,137
11.0,14,6,3,138
11.0,14,6,4,139
11.0,14,6,5,139
11.0,14,6,6,140
11.0,14,6,7,141
11.0,14,6,8,141
11.0,14,6,9,142
11.0,14,6,10,143
11.0,14,6,11,143
11.0,14,6,12,144
11.0,14,6,13,145
11.0,14,6,14,145
11.0,14,6,15,146
11.0,14,7,0,137
11.0,14,7,1,138
11.0,14,7,2,138
11.0,14,7,3,139
11.0,14,7,4,139
11.0,14,7,5,140
11.0,14,7,6,141
11.0,14,7,7,141
11.0,14,7,8,142
11.0,14,7,9,143
11.0,14,7,10,143
11.0,14,7,11,144
11.0,14,7,12,145
11.0,14,7,13,145
11.0,14,7,14,146
11.0,14,7,15,147
11.0,14,8,0,138
11.0,14,8,1,138
11.0,14,8,2,139
11.0,14,8,3,140
11.0,14,8,4,140
11.0,14,8,5,141
11.0,14,8,6,142
11.0,14,8,7,142
11.0,14,8,8,143
11.0,14,8,9,144
11.0,14,8,10,144
11.0,14,8,11,145
11.0,14,8,12,145
11.0,14,8,13,146
11.0,14,8,14,147
11.0,14,8,15,147
11.0,14,9,0,138
11.0,14,9,1,139
11.0,14,9,2,140
11.0,14,9,3,140
11.0,14,9,4,141
11.0,14,9,5,142
11.0,14,9,6,142
11.0,14,9,7,143
11.0,14,9,8,144
11.0,14,9,9,144
11.0,14,9,10,145
11.0,14,9,11,146
11.0,14,9,12,146
11.0,14,9,13,147
11.0,14,9,14,148
11.0,14,9,15,148
11.0,14,10,0,139
11.0,14,10,1,140
11.0,14,10,2,140
11.0,14,10,3,141
11.0,14,10,4,142
11.0,14,10,5,142
11.0,14,10,6,143
11.0,14,10,7,144
11.0,14,10,8,144
11.0,14,10,9,145
11.0,14,10,10,146
11.0,14,10,11,146
11.0,14,10,12,147
11.0,14,10,13,148
11.0,14,10,14,148
11.0,14,10,15,149
11.0,14,11,0,140
11.0,14,11,1,141
11.0,14,11,2,141
11.0,14,11,3,142
11.0,14,11,4,143
11.0,14,11,5,143
11.0,14,11,6,144
11.0,14,11,7,145
11.0,14,11,8,145
11.0,14,11,9,146
11.0,14,11,10,147
11.0,14,11,11,147
11.0,14,11,12,148
11.0,14,11,13,149
11.0,14,11,14,149
11.0,14,11,15,150
11.0,14,12,0,141
11.0,14,12,1,141
11.0,14,12,2,142
11.0,14,12,3,143
11.0,14,12,4,143
11.0,14,12,5,144
11.0,14,12,6,145
11.0,14,12,7,145
11.0,14,12,8,146
11.0,14,12,9,147
11.0,14,12,10,147
11.0,14,12,11,148
11.0,14,12,12,149
11.0,14,12,13,149
11.0,14,12,14,150
11.0,14,12,15,151
11.0,14,13,0,141
11.0,14,13,1,142
11.0,14,13,2,143
11.0,14,13,3,143
11.0,14,13,4,144
11.0,14,13,5,145
11.0,14,13,6,145
11.0,14,13,7,146
11.0,14,13,8,147
11.0,14,13,9,147
11.0,14,13,10,148
11.0,14,13,11,149
11.0,14,13,12,149
11.0,14,13,13,150
11.0,14,13,14,151
11.0,14,13,15,151
11.0,14,14,0,142
11.0,14,14,1,143
11.0,14,14,2,143
11.0,14,14,3,144
11.0,14,14,4,145
11.0,14,14,5,146
11.0,14,14,6,146
11.0,14,14,7,147
11.0,14,14,8,148
11.0,14,14,9,148
11.0,14,14,10,149
11.0,14,14,11,150
11.0,14,14,12,150
11.0,14,14,13,151
11.0,14,14,14,152
11.0,14,14,15,152
11.0,14,15,0,143
11.0,14,15,1,144
11.0,14,15,2,144
11.0,14,15,3,145
11.0,14,15,4,146
11.0,14,15,5,146
11.0,14,15,6,147
11.0,14,15,7,148
11.0,14,15,8,148
11.0,14,15,9,149
11.0,14,15,10,150
11.0,14,15,11,150
11.0,14,15,12,151
11.0,14,15,13,152
11.0,14,15,14,152
11.0,14,15,15,153
11.0,15,0,0,133
11.0,15,0,1,134
11.0,15,0,2,134
11.0,15,0,3,135
11.0,15,0,4,136
11.0,15,0,5,136
11.0,15,0,6,137
11.0,15,0,7,138
11.0,15,0,8,138
11.0,15,0,9,139
11.0,15,0,10,140
11.0,15,0,11,140
11.0,15,0,12,141
11.0,15,0,13,141
11.0,15,0,14,142
11.0,15,0,15,143
11.0,15,1,0,134
11.0,15,1,1,135
11.0,15,1,2,135
11.0,15,1,3,136
11.0,15,1,4,137
11.0,15,1,5,137
11.0,15,1,6,138
11.0,15,1,7,139
11.0,15,1,8,139
11.0,15,1,9,140
11.0,15,1,10,140
11.0,15,1,11,141
11.0,15,1,12,142
11.0,15,1,13,142
11.0,15,1,14,143
11.0,15,1,15,144
11.0,15,2,0,135
11.0,15,2,1,135
11.0,15,2,2,136
11.0,15,2,3,137
11.0,15,2,4,137
11.0,15,2,5,138
11.0,15,2,6,139
11.0,15,2,7,139
11.0,15,2,8,140
11.0,15,2,9,141
11.0,15,2,10,141
11.0,15,2,11,142
11.0,15,2,12,143
11.0,15,2,13,143
11.0,15,2,14,144
11.0,15,2,15,144
11.0,15,3,0,136
11.0,15,3,1,136
11.0,15,3,2,137
11.0,15,3,3,138
11.0,15,3,4,138
11.0,15,3,5,139
11.0,15,3,6,140
11.0,15,3,7,140
11.0,15,3,8,141
11.0,15,3,9,141
11.0,15,3,10,142
11.0,15,3,11,143
11.0,15,3,12,143
11.0,15,3,13,144
11.0,15,3,14,145
11.0,15,3,15,145
11.0,15,4,0,136
11.0,15,4,1,137
11.0,15,4,2,138
11.0,15,4,3,138
11.0,15,4,4,139
11.0,15,4,5,140
11.0,15,4,6,140
11.0,15,4,7,141
11.0,15,4,8,142
11.0,15,4,9,142
11.0,15,4,10,143
11.0,15,4,11,144
11.0,15,4,12,144
11.0,15,4,13,145
11.0,15,4,14,145
11.0,15,4,15,146
11.0,15,5,0,137
11.0,15,5,1,138
11.0,15,5,2,138
11.0,15,5,3,139
11.0,15,5,4,140
11.0,15,5,5,140
11.0,15,5,6,141
11.0,15,5,7,142
11.0,15,5,8,142
11.0,15,5,9,143
11.0,15,5,10,144
11.0,15,5,11,144
11.0,15,5,12,145
11.0,15,5,13,146
11.0,15,5,14,146
11.0,15,5,15,147
11.0,15,6,0,138
11.0,15,6,1,139
11.0,15,6,2,139
11.0,15,6,3,140
11.0,15,6,4,141
11.0,15,6,5,141
11.0,15,6,6,142
11.0,15,6,7,143
11.0,15,6,8,143
11.0,15,6,9,144
11.0,15,6,10,145
11.0,15,6,11,145
11.0,15,6,12,146
11.0,15,6,13,146
11.0,15,6,14,147
11.0,15,6,15,148
11.0,15,7,0,139
11.0,15,7,1,139
11.0,15,7,2,140
11.0,15,7,3,141
11.0,15,7,4,141
11.0,15,7,5,142
11.0,15,7,6,143
11.0,15,7,7,143
11.0,15,7,8,144
11.0,15,7,9,145
11.0,15,7,10,145
11.0,15,7,11,146
11.0,15,7,12,147
11.0,15,7,13,147
11.0,15,7,14,148
11.0,15,7,15,149
11.0,15,8,0,139
11.0,15,8,1,140
11.0,15,8,2,141
11.0,15,8,3,142
11.0,15,8,4,142
11.0,15,8,5,143
11.0,15,8,6,144
11.0,15,8,7,144
11.0,15,8,8,145
11.0,15,8,9,146
11.0,15,8,10,146
11.0,15,8,11,147
11.0,15,8,12,147
11.0,15,8,13,148
11.0,15,8,14,149
11.0,15,8,15,149
11.0,15,9,0,140
11.0,15,9,1,141
11.0,15,9,2,142
11.0,15,9,3,142
11.0,15,9,4,143
11.0,15,9,5,144
11.0,15,9,6,144
11.0,15,9,7,145
11.0,15,9,8,146
11.0,15,9,9,146
11.0,15,9,10,147
11.0,15,9,11,148
11.0,15,9,12,148
11.0,15,9,13,149
11.0,15,9,14,150
11.0,15,9,15,150
11.0,15,10,0,141
11.0,15,10,1,142
11.0,15,10,2,142
11.0,15,10,3,143
11.0,15,10,4,144
11.0,15,10,5,144
11.0,15,10,6,145
11.0,15,10,7,146
11.0,15,10,8,146
11.0,15,10,9,147
11.0,15,10,10,148
11.0,15,10,11,148
11.0,15,10,12,149
11.0,15,10,13,150
11.0,15,10,14,150
11.0,15,10,15,151
11.0,15,11,0,142
11.0,15,11,1,142
11.0,15,11,2,143
11.0,15,11,3,144
11.0,15,11,4,145
11.0,15,11,5,145
11.0,15,11,6,146
11.0,15,11,7,147
11.0,15,11,8,147
11.0,15,11,9,148
11.0,15,11,10,149
11.0,15,11,11,149
11.0,15,11,12,150
11.0,15,11,13,151
11.0,15,11,14,151
11.0,15,11,15,152
11.0,15,12,0,143
11.0,15,12,1,143
11.0,15,12,2,144
11.0,15,12,3,145
11.0,15,12,4,145
11.0,15,12,5,146
11.0,15,12,6,147
11.0,15,12,7,147
11.0,15,12,8,148
11.0,15,12,9,149
11.0,15,12,10,149
11.0,15,12,11,150
11.0,15,12,12,151
11.0,15,12,13,151
11.0,15,12,14,152
11.0,15,12,15,153
11.0,15,13,0,143
11.0,15,13,1,144
11.0,15,13,2,145
11.0,15,13,3,145
11.0,15,13,4,146
11.0,15,13,5,147
11.0,15,13,6,147
11.0,15,13,7,148
11.0,15,13,8,149
11.0,15,13,9,149
11.0,15,13,10,150
11.0,15,13,11,151
11.0,15,13,12,151
11.0,15,13,13,152
11.0,15,13,14,153
11.0,15,13,15,153
11.0,15,14,0,144
11.0,15,14,1,145
11.0,15,14,2,145
11.0,15,14,3,146
11.0,15,14,4,147
11.0,15,14,5,148
11.0,15,14,6,148
11.0,15,14,7,149
11.0,15,14,8,150
11.0,15,14,9,150
11.0,15,14,10,151
11.0,15,14,11,152
11.0,15,14,12,152
11.0,15,14,13,153
11.0,15,14,14,154
11.0,15,14,15,154
11.0,15,15,0,145
11.0,15,15,1,145
11.0,15,15,2,146
11.0,15,15,3,147
11.0,15,15,4,148
11.0,15,15,5,148
11.0,15,15,6,149
11.0,15,15,7,150
11.0,15,15,8,150
11.0,15,15,9,151
11.0,15,15,10,152
11.0,15,15,11,152
11.0,15,15,12,153
11.0,15,15,13,154
11.0,15,15,14,154
11.0,15,15,15,155
11.5,0,0,0,111
11.5,0,0,1,111
11.5,0,0,2,112
11.5,0,0,3,113
11.5,0,0,4,113
11.5,0,0,5,114
11.5,0,0,6,114
11.5,0,0,7,115
11.5,0,0,8,115
11.5,0,0,9,116
11.5,0,0,10,116
11.5,0,0,11,117
11.5,0,0,12,117
11.5,0,0,13,118
11.5,0,0,14,118
11.5,0,0,15,119
11.5,0,1,0,112
11.5,0,1,1,112
11.5,0,1,2,113
11.5,0,1,3,113
11.5,0,1,4,114
11.5,0,1,5,114
11.5,0,1,6,115
11.5,0,1,7,115
11.5,0,1,8,116
11.5,0,1,9,116
11.5,0,1,10,117
11.5,0,1,11,117
11.5,0,1,12,118
11.5,0,1,13,119
11.5,0,1,14,119
11.5,0,1,15,120
11.5,0,2,0,112
11.5,0,2,1,113
11.5,0,2,2,113
11.5,0,2,3,114
11.5,0,2,4,114
11.5,0,2,5,115
11.5,0,2,6,116
11.5,0,2,7,116
11.5,0,2,8,117
11.5,0,2,9,117
11.5,0,2,10,118
11.5,0,2,11,118
11.5,0,2,12,119
11.5,0,2,13,119
11.5,0,2,14,120
11.5,0,2,15,120
11.5,0,3,0,113
11.5,0,3,1,113
11.5,0,3,2,114
11.5,0,3,3,115
11.5,0,3,4,115
11.5,0,3,5,116
11.5,0,3,6,116
11.5,0,3,7,117
11.5,0,3,8,117
11.5,0,3,9,118
11.5,0,3,10,118
11.5,0,3,11,119
11.5,0,3,12,119
11.5,0,3,13,120
11.5,0,3,14,120
11.5,0,3,15,121
11.5,0,4,0,114
11.5,0,4,1,114
11.5,0,4,2,115
11.5,0,4,3,115
11.5,0,4,4,116
11.5,0,4,5,116
11.5,0,4,6,117
11.5,0,4,7,117
11.5,0,4,8,118
11.5,0,4,9,119
11.5,0,4,10,119
11.5,0,4,11,120
11.5,0,4,12,120
11.5,0,4,13,121
11.5,0,4,14,121
11.5,0,4,15,122
11.5,0,5,0,114
11.5,0,5,1,115
11.5,0,5,2,115
11.5,0,5,3,116
11.5,0,5,4,116
11.5,0,5,5,117
11.5,0,5,6,118
11.5,0,5,7,118
11.5,0,5,8,119
11.5,0,5,9,119
11.5,0,5,10,120
11.5,0,5,11,120
11.5,0,5,12,121
11.5,0,5,13,121
11.5,0,5,14,122
11.5,0,5,15,122
11.5,0,6,0,115
11.5,0,6,1,115
11.5,0,6,2,116
11.5,0,6,3,117
11.5,0,6,4,117
11.5,0,6,5,118
11.5,0,6,6,118
11.5,0,6,7,119
11.5,0,6,8,119
11.5,0,6,9,120
11.5,0,6,10,120
11.5,0,6,11,121
11.5,0,6,12,121
11.5,0,6,13,122
11.5,0,6,14,123
11.5,0,6,15,123
11.5,0,7,0,116
11.5,0,7,1,116
11.5,0,7,2,117
11.5,0,7,3,117
11.5,0,7,4,118
11.5,0,7,5,118
11.5,0,7,6,119
11.5,0,7,7,119
11.5,0,7,8,120
11.5,0,7,9,121
11.5,0,7,10,121
11.5,0,7,11,122
11.5,0,7,12,122
11.5,0,7,13,123
11.5,0,7,14,123
11.5,0,7,15,124
11.5,0,8,0,116
11.5,0,8,1,117
11.5,0,8,2,117
11.5,0,8,3,118
11.5,0,8,4,118
11.5,0,8,5,119
11.5,0,8,6,120
11.5,0,8,7,120
11.5,0,8,8,121
11.5,0,8,9,121
11.5,0,8,10,122
11.5,0,8,11,122
11.5,0,8,12,123
11.5,0,8,13,123
11.5,0,8,14,124
11.5,0,8,15,124
11.5,0,9,0,117
11.5,0,9,1,117
11.5,0,9,2,118
11.5,0,9,3,119
11.5,0,9,4,119
11.5,0,9,5,120
11.5,0,9,6,120
11.5,0,9,7,121
11.5,0,9,8,121
11.5,0,9,9,122
11.5,0,9,10,122
11.5,0,9,11,123
11.5,0,9,12,124
11.5,0,9,13,124
11.5,0,9,14,125
11.5,0,9,15,125
11.5,0,10,0,117
11.5,0,10,1,118
11.5,0,10,2,119
11.5,0,10,3,119
11.5,0,10,4,120
11.5,0,10,5,120
11.5,0,10,6,121
11.5,0,10,7,121
11.5,0,10,8,122
11.5,0,10,9,123
11.5,0,10,10,123
11.5,0,10,11,124
11.5,0,10,12,124
11.5,0,10,13,125
11.5,0,10,14,125
11.5,0,10,15,126
11.5,0,11,0,118
11.5,0,11,1,119
11.5,0,11,2,119
11.5,0,11,3,120
11.5,0,11,4,120
11.5,0,11,5,121
11.5,0,11,6,122
11.5,0,11,7,122
11.5,0,11,8,123
11.5,0,11,9,123
11.5,0,11,10,124
11.5,0,11,11,124
11.5,0,11,12,125
11.5,0,11,13,125
11.5,0,11,14,126
11.5,0,11,15,127
11.5,0,12,0,119
11.5,0,12,1,119
11.5,0,12,2,120
11.5,0,12,3,120
11.5,0,12,4,121
11.5,0,12,5,122
11.5,0,12,6,122
11.5,0,12,7,123
11.5,0,12,8,123
11.5,0,12,9,124
11.5,0,12,10,124
11.5,0,12,11,125
11.5,0,12,12,126
11.5,0,12,13,126
11.5,0,12,14,127
11.5,0,12,15,127
11.5,0,13,0,119
11.5,0,13,1,120
11.5,0,13,2,121
11.5,0,13,3,121
11.5,0,13,4,122
11.5,0,13,5,122
11.5,0,13,6,123
11.5,0,13,7,123
11.5,0,13,8,124
11.5,0,13,9,125
11.5,0,13,10,125
11.5,0,13,11,126
11.5,0,13,12,126
11.5,0,13,13,127
11.5,0,13,14,127
11.5,0,13,15,128
11.5,0,14,0,120
11.5,0,14,1,121
11.5,0,14,2,121
11.5,0,14,3,122
11.5,0,14,4,122
11.5,0,14,5,123
11.5,0,14,6,123
11.5,0,14,7,124
11.5,0,14,8,125
11.5,0,14,9,125
11.5,0,14,10,126
11.5,0,14,11,126
11.5,0,14,12,127
11.5,0,14,13,127
11.5,0,14,14,128
11.5,0,14,15,129
11.5,0,15,0,121
11.5,0,15,1,121
11.5,0,15,2,122
11.5,0,15,3,122
11.5,0,15,4,123
11.5,0,15,5,124
11.5,0,15,6,124
11.5,0,15,7,125
11.5,0,15,8,125
11.5,0,15,9,126
11.5,0,15,10,126
11.5,0,15,11,127
11.5,0,15,12,128
11.5,0,15,13,128
11.5,0,15,14,129
11.5,0,15,15,129
11.5,1,0,0,113
11.5,1,0,1,113
11.5,1,0,2,114
11.5,1,0,3,114
11.5,1,0,4,115
11.5,1,0,5,116
11.5,1,0,6,116
11.5,1,0,7,117
11.5,1,0,8,117
11.5,1,0,9,118
11.5,1,0,10,118
11.5,1,0,11,119
11.5,1,0,12,119
11.5,1,0,13,120
11.5,1,0,14,120
11.5,1,0,15,121
11.5,1,1,0,113
11.5,1,1,1,114
11.5,1,1,2,115
11.5,1,1,3,115
11.5,1,1,4,116
11.5,1,1,5,116
11.5,1,1,6,117
11.5,1,1,7,117
11.5,1,1,8,118
11.5,1,1,9,118
11.5,1,1,10,119
11.5,1,1,11,119
11.5,1,1,12,120
11.5,1,1,13,121
11.5,1,1,14,121
11.5,1,1,15,122
11.5,1,2,0,114
11.5,1,2,1,115
11.5,1,2,2,115
11.5,1,2,3,116
11.5,1,2,4,116
11.5,1,2,5,117
11.5,1,2,6,118
11.5,1,2,7,118
11.5,1,2,8,119
11.5,1,2,9,119
11.5,1,2,10,120
11.5,1,2,11,120
11.5,1,2,12,121
11.5,1,2,13,121
11.5,1,2,14,122
11.5,1,2,15,122
11.5,1,3,0,115
11.5,1,3,1,115
11.5,1,3,2,116
11.5,1,3,3,117
11.5,1,3,4,117
11.5,1,3,5,118
11.5,1,3,6,118
11.5,1,3,7,119
11.5,1,3,8,119
11.5,1,3,9,120
11.5,1,3,10,120
11.5,1,3,11,121
11.5,1,3,12,121
11.5,1,3,13,122
11.5,1,3,14,123
11.5,1,3,15,123
11.5,1,4,0,116
11.5,1,4,1,116
11.5,1,4,2,117
11.5,1,4,3,117
11.5,1,4,4,118
11.5,1,4,5,118
11.5,1,4,6,119
11.5,1,4,7,119
11.5,1,4,8,120
11.5,1,4,9,121
11.5,1,4,10,121
11.5,1,4,11,122
11.5,1,4,12,122
11.5,1,4,13,123
11.5,1,4,14,123
11.5,1,4,15,124
11.5,1,5,0,116
11.5,1,5,1,117
11.5,1,5,2,117
11.5,1,5,3,118
11.5,1,5,4,118
11.5,1,5,5,119
11.5,1,5,6,120
11.5,1,5,7,120
11.5,1,5,8,121
11.5,1,5,9,121
11.5,1,5,10,122
11.5,1,5,11,122
11.5,1,5,12,123
11.5,1,5,13,123
11.5,1,5,14,124
11.5,1,5,15,124
11.5,1,6,0,117
11.5,1,6,1,117
11.5,1,6,2,118
11.5,1,6,3,119
11.5,1,6,4,119
11.5,1,6,5,120
11.5,1,6,6,120
11.5,1,6,7,121
11.5,1,6,8,121
11.5,1,6,9,122
11.5,1,6,10,122
11.5,1,6,11,123
11.5,1,6,12,124
11.5,1,6,13,124
11.5,1,6,14,125
11.5,1,6,15,125
11.5,1,7,0,118
11.5,1,7,1,118
11.5,1,7,2,119
11.5,1,7,3,119
11.5,1,7,4,120
11.5,1,7,5,120
11.5,1,7,6,121
11.5,1,7,7,121
11.5,1,7,8,122
11.5,1,7,9,123
11.5,1,7,10,123
11.5,1,7,11,124
11.5,1,7,12,124
11.5,1,7,13,125
11.5,1,7,14,125
11.5,1,7,15,126
11.5,1,8,0,118
11.5,1,8,1,119
11.5,1,8,2,119
11.5,1,8,3,120
11.5,1,8,4,120
11.5,1,8,5,121
11.5,1,8,6,122
11.5,1,8,7,122
11.5,1,8,8,123
11.5,1,8,9,123
11.5,1,8,10,124
11.5,1,8,11,124
11.5,1,8,12,125
11.5,1,8,13,125
11.5,1,8,14,126
11.5,1,8,15,127
11.5,1,9,0,119
11.5,1,9,1,119
11.5,1,9,2,120
11.5,1,9,3,121
11.5,1,9,4,121
11.5,1,9,5,122
11.5,1,9,6,122
11.5,1,9,7,123
11.5,1,9,8,123
11.5,1,9,9,124
11.5,1,9,10,125
11.5,1,9,11,125
11.5,1,9,12,126
11.5,1,9,13,126
11.5,1,9,14,127
11.5,1,9,15,127
11.5,1,10,0,119
11.5,1,10,1,120
11.5,1,10,2,121
11.5,1,10,3,121
11.5,1,10,4,122
11.5,1,10,5,122
11.5,1,10,6,123
11.5,1,10,7,123
11.5,1,10,8,124
11.5,1,10,9,125
11.5,1,10,10,125
11.5,1,10,11,126
11.5,1,10,12,126
11.5,1,10,13,127
11.5,1,10,14,127
11.5,1,10,15,128
11.5,1,11,0,120
11.5,1,11,1,121
11.5,1,11,2,121
11.5,1,11,3,122
11.5,1,11,4,122
11.5,1,11,5,123
11.5,1,11,6,124
11.5,1,11,7,124
11.5,1,11,8,125
11.5,1,11,9,125
11.5,1,11,10,126
11.5,1,11,11,126
11.5,1,11,12,127
11.5,1,11,13,128
11.5,1,11,14,128
11.5,1,11,15,129
11.5,1,12,0,121
11.5,1,12,1,121
11.5,1,12,2,122
11.5,1,12,3,123
11.5,1,12,4,123
11.5,1,12,5,124
11.5,1,12,6,124
11.5,1,12,7,125
11.5,1,12,8,125
11.5,1,12,9,126
11.5,1,12,10,127
11.5,1,12,11,127
11.5,1,12,12,128
11.5,1,12,13,128
11.5,1,12,14,129
11.5,1,12,15,129
11.5,1,13,0,121
11.5,1,13,1,122
11.5,1,13,2,123
11.5,1,13,3,123
11.5,1,13,4,124
11.5,1,13,5,124
11.5,1,13,6,125
11.5,1,13,7,125
11.5,1,13,8,126
11.5,1,13,9,127
11.5,1,13,10,127
11.5,1,13,11,128
11.5,1,13,12,128
11.5,1,13,13,129
11.5,1,13,14,129
11.5,1,13,15,130
11.5,1,14,0,122
11.5,1,14,1,123
11.5,1,14,2,123
11.5,1,14,3,124
11.5,1,14,4,124
11.5,1,14,5,125
11.5,1,14,6,126
11.5,1,14,7,126
11.5,1,14,8,127
11.5,1,14,9,127
11.5,1,14,10,128
11.5,1,14,11,128
11.5,1,14,12,129
11.5,1,14,13,130
11.5,1,14,14,130
11.5,1,14,15,131
11.5,1,15,0,123
11.5,1,15,1,123
11.5,1,15,2,124
11.5,1,15,3,124
11.5,1,15,4,125
11.5,1,15,5,126
11.5,1,15,6,126
11.5,1,15,7,127
11.5,1,15,8,127
11.5,1,15,9,128
11.5,1,15,10,129
11.5,1,15,11,129
11.5,1,15,12,130
11.5,1,15,13,130
11.5,1,15,14,131
11.5,1,15,15,131
11.5,2,0,0,115
11.5,2,0,1,115
11.5,2,0,2,116
11.5,2,0,3,116
11.5,2,0,4,117
11.5,2,0,5,117
11.5,2,0,6,118
11.5,2,0,7,119
11.5,2,0,8,119
11.5,2,0,9,120
11.5,2,0,10,120
11.5,2,0,11,121
11.5,2,0,12,121
11.5,2,0,13,122
11.5,2,0,14,122
11.5,2,0,15,123
11.5,2,1,0,115
11.5,2,1,1,116
11.5,2,1,2,117
11.5,2,1,3,117
11.5,2,1,4,118
11.5,2,1,5,118
11.5,2,1,6,119
11.5,2,1,7,119
11.5,2,1,8,120
11.5,2,1,9,120
11.5,2,1,10,121
11.5,2,1,11,121
11.5,2,1,12,122
11.5,2,1,13,123
11.5,2,1,14,123
11.5,2,1,15,124
11.5,2,2,0,116
11.5,2,2,1,117
11.5,2,2,2,117
11.5,2,2,3,118
11.5,2,2,4,118
11.5,2,2,5,119
11.5,2,2,6,119
11.5,2,2,7,120
11.5,2,2,8,121
11.5,2,2,9,121
11.5,2,2,10,122
11.5,2,2,11,122
11.5,2,2,12,123
11.5,2,2,13,123
11.5,2,2,14,124
11.5,2,2,15,124
11.5,2,3,0,117
11.5,2,3,1,117
11.5,2,3,2,118
11.5,2,3,3,118
11.5,2,3,4,119
11.5,2,3,5,120
11.5,2,3,6,120
11.5,2,3,7,121
11.5,2,3,8,121
11.5,2,3,9,122
11.5,2,3,10,122
11.5,2,3,11,123
11.5,2,3,12,123
11.5,2,3,13,124
11.5,2,3,14,125
11.5,2,3,15,125
11.5,2,4,0,117
11.5,2,4,1,118
11.5,2,4,2,119
11.5,2,4,3,119
11.5,2,4,4,120
11.5,2,4,5,120
11.5,2,4,6,121
11.5,2,4,7,121
11.5,2,4,8,122
11.5,2,4,9,123
11.5,2,4,10,123
11.5,2,4,11,124
11.5,2,4,12,124
11.5,2,4,13,125
11.5,2,4,14,125
11.5,2,4,15,126
11.5,2,5,0,118
11.5,2,5,1,119
11.5,2,5,2,119
11.5,2,5,3,120
11.5,2,5,4,120
11.5,2,5,5,121
11.5,2,5,6,122
11.5,2,5,7,122
11.5,2,5,8,123
11.5,2,5,9,123
11.5,2,5,10,124
11.5,2,5,11,124
11.5,2,5,12,125
11.5,2,5,13,125
11.5,2,5,14,126
11.5,2,5,15,127
11.5,2,6,0,119
11.5,2,6,1,119
11.5,2,6,2,120
11.5,2,6,3,121
11.5,2,6,4,121
11.5,2,6,5,122
11.5,2,6,6,122
11.5,2,6,7,123
11.5,2,6,8,123
11.5,2,6,9,124
11.5,2,6,10,125
11.5,2,6,11,125
11.5,2,6,12,126
11.5,2,6,13,126
11.5,2,6,14,127
11.5,2,6,15,127
11.5,2,7,0,119
11.5,2,7,1,120
11.5,2,7,2,121
11.5,2,7,3,121
11.5,2,7,4,122
11.5,2,7,5,122
11.5,2,7,6,123
11.5,2,7,7,124
11.5,2,7,8,124
11.5,2,7,9,125
11.5,2,7,10,125
11.5,2,7,11,126
11.5,2,7,12,126
11.5,2,7,13,127
11.5,2,7,14,127
11.5,2,7,15,128
11.5,2,8,0,120
11.5,2,8,1,121
11.5,2,8,2,121
11.5,2,8,3,122
11.5,2,8,4,122
11.5,2,8,5,123
11.5,2,8,6,124
11.5,2,8,7,124
11.5,2,8,8,125
11.5,2,8,9,125
11.5,2,8,10,126
11.5,2,8,11,126
11.5,2,8,12,127
11.5,2,8,13,128
11.5,2,8,14,128
11.5,2,8,15,129
11.5,2,9,0,121
11.5,2,9,1,121
11.5,2,9,2,122
11.5,2,9,3,123
11.5,2,9,4,123
11.5,2,9,5,124
11.5,2,9,6,124
11.5,2,9,7,125
11.5,2,9,8,125
11.5,2,9,9,126
11.5,2,9,10,127
11.5,2,9,11,127
11.5,2,9,12,128
11.5,2,9,13,128
11.5,2,9,14,129
11.5,2,9,15,129
11.5,2,10,0,121
11.5,2,10,1,122
11.5,2,10,2,123
11.5,2,10,3,123
11.5,2,10,4,124
11.5,2,10,5,124
11.5,2,10,6,125
11.5,2,10,7,126
11.5,2,10,8,126
11.5,2,10,9,127
11.5,2,10,10,127
11.5,2,10,11,128
11.5,2,10,12,128
11.5,2,10,13,129
11.5,2,10,14,130
11.5,2,10,15,130
11.5,2,11,0,122
11.5,2,11,1,123
11.5,2,11,2,123
11.5,2,11,3,124
11.5,2,11,4,124
11.5,2,11,5,125
11.5,2,11,6,126
11.5,2,11,7,126
11.5,2,11,8,127
11.5,2,11,9,127
11.5,2,11,10,128
11.5,2,11,11,129
11.5,2,11,12,129
11.5,2,11,13,130
11.5,2,11,14,130
11.5,2,11,15,131
11.5,2,12,0,123
11.5,2,12,1,123
11.5,2,12,2,124
11.5,2,12,3,125
11.5,2,12,4,125
11.5,2,12,5,126
11.5,2,12,6,126
11.5,2,12,7,127
11.5,2,12,8,127
11.5,2,12,9,128
11.5,2,12,10,129
11.5,2,12,11,129
11.5,2,12,12,130
11.5,2,12,13,130
11.5,2,12,14,131
11.5,2,12,15,132
11.5,2,13,0,123
11.5,2,13,1,124
11.5,2,13,2,125
11.5,2,13,3,125
11.5,2,13,4,126
11.5,2,13,5,126
11.5,2,13,6,127
11.5,2,13,7,128
11.5,2,13,8,128
11.5,2,13,9,129
11.5,2,13,10,129
11.5,2,13,11,130
11.5,2,13,12,130
11.5,2,13,13,131
11.5,2,13,14,132
11.5,2,13,15,132
11.5,2,14,0,124
11.5,2,14,1,125
11.5,2,14,2,125
11.5,2,14,3,126
11.5,2,14,4,126
11.5,2,14,5,127
11.5,2,14,6,128
11.5,2,14,7,128
11.5,2,14,8,129
11.5,2,14,9,129
11.5,2,14,10,130
11.5,2,14,11,131
11.5,2,14,12,131
11.5,2,14,13,132
11.5,2,14,14,132
11.5,2,14,15,133
11.5,2,15,0,125
11.5,2,15,1,125
11.5,2,15,2,126
11.5,2,15,3,127
11.5,2,15,4,127
11.5,2,15,5,128
11.5,2,15,6,128
11.5,2,15,7,129
11.5,2,15,8,130
11.5,2,15,9,130
11.5,2,15,10,131
11.5,2,15,11,131
11.5,2,15,12,132
11.5,2,15,13,132
11.5,2,15,14,133
11.5,2,15,15,134
11.5,3,0,0,117
11.5,3,0,1,117
11.5,3,0,2,118
11.5,3,0,3,118
11.5,3,0,4,119
11.5,3,0,5,119
11.5,3,0,6,120
11.5,3,0,7,121
11.5,3,0,8,121
11.5,3,0,9,122
11.5,3,0,10,122
11.5,3,0,11,123
11.5,3,0,12,123
11.5,3,0,13,124
11.5,3,0,14,124
11.5,3,0,15,125
11.5,3,1,0,117
11.5,3,1,1,118
11.5,3,1,2,118
11.5,3,1,3,119
11.5,3,1,4,120
11.5,3,1,5,120
11.5,3,1,6,121
11.5,3,1,7,121
11.5,3,1,8,122
11.5,3,1,9,122
11.5,3,1,10,123
11.5,3,1,11,123
11.5,3,1,12,124
11.5,3,1,13,125
11.5,3,1,14,125
11.5,3,1,15,126
11.5,3,2,0,118
11.5,3,2,1,119
11.5,3,2,2,119
11.5,3,2,3,120
11.5,3,2,4,120
11.5,3,2,5,121
11.5,3,2,6,121
11.5,3,2,7,122
11.5,3,2,8,123
11.5,3,2,9,123
11.5,3,2,10,124
11.5,3,2,11,124
11.5,3,2,12,125
11.5,3,2,13,125
11.5,3,2,14,126
11.5,3,2,15,126
11.5,3,3,0,119
11.5,3,3,1,119
11.5,3,3,2,120
11.5,3,3,3,120
11.5,3,3,4,121
11.5,3,3,5,122
11.5,3,3,6,122
11.5,3,3,7,123
11.5,3,3,8,123
11.5,3,3,9,124
11.5,3,3,10,124
11.5,3,3,11,125
11.5,3,3,12,126
11.5,3,3,13,126
11.5,3,3,14,127
11.5,3,3,15,127
11.5,3,4,0,119
11.5,3,4,1,120
11.5,3,4,2,121
11.5,3,4,3,121
11.5,3,4,4,122
11.5,3,4,5,122
11.5,3,4,6,123
11.5,3,4,7,123
11.5,3,4,8,124
11.5,3,4,9,125
11.5,3,4,10,125
11.5,3,4,11,126
11.5,3,4,12,126
11.5,3,4,13,127
11.5,3,4,14,127
11.5,3,4,15,128
11.5,3,5,0,120
11.5,3,5,1,121
11.5,3,5,2,121
11.5,3,5,3,122
11.5,3,5,4,122
11.5,3,5,5,123
11.5,3,5,6,124
11.5,3,5,7,124
11.5,3,5,8,125
11.5,3,5,9,125
11.5,3,5,10,126
11.5,3,5,11,126
11.5,3,5,12,127
11.5,3,5,13,128
11.5,3,5,14,128
11.5,3,5,15,129
11.5,3,6,0,121
11.5,3,6,1,121
11.5,3,6,2,122
11.5,3,6,3,123
11.5,3,6,4,123
11.5,3,6,5,124
11.5,3,6,6,124
11.5,3,6,7,125
11.5,3,6,8,125
11.5,3,6,9,126
11.5,3,6,10,127
11.5,3,6,11,127
11.5,3,6,12,128
11.5,3,6,13,128
11.5,3,6,14,129
11.5,3,6,15,129
11.5,3,7,0,121
11.5,3,7,1,122
11.5,3,7,2,123
11.5,3,7,3,123
11.5,3,7,4,124
11.5,3,7,5,124
11.5,3,7,6,125
11.5,3,7,7,126
11.5,3,7,8,126
11.5,3,7,9,127
11.5,3,7,10,127
11.5,3,7,11,128
11.5,3,7,12,128
11.5,3,7,13,129
11.5,3,7,14,130
11.5,3,7,15,130
11.5,3,8,0,122
11.5,3,8,1,123
11.5,3,8,2,123
11.5,3,8,3,124
11.5,3,8,4,124
11.5,3,8,5,125
11.5,3,8,6,126
11.5,3,8,7,126
11.5,3,8,8,127
11.5,3,8,9,127
11.5,3,8,10,128
11.5,3,8,11,129
11.5,3,8,12,129
11.5,3,8,13,130
11.5,3,8,14,130
11.5,3,8,15,131
11.5,3,9,0,123
11.5,3,9,1,123
11.5,3,9,2,124
11.5,3,9,3,125
11.5,3,9,4,125
11.5,3,9,5,126
11.5,3,9,6,126
11.5,3,9,7,127
11.5,3,9,8,128
11.5,3,9,9,128
11.5,3,9,10,129
11.5,3,9,11,129
11.5,3,9,12,130
11.5,3,9,13,130
11.5,3,9,14,131
11.5,3,9,15,132
11.5,3,10,0,123
11.5,3,10,1,124
11.5,3,10,2,125
11.5,3,10,3,125
11.5,3,10,4,126
11.5,3,10,5,126
11.5,3,10,6,127
11.5,3,10,7,128
11.5,3,10,8,128
11.5,3,10,9,129
11.5,3,10,10,129
11.5,3,10,11,130
11.5,3,10,12,131
11.5,3,10,13,131
11.5,3,10,14,132
11.5,3,10,15,132
11.5,3,11,0,124
11.5,3,11,1,125
11.5,3,11,2,125
11.5,3,11,3,126
11.5,3,11,4,127
11.5,3,11,5,127
11.5,3,11,6,128
11.5,3,11,7,128
11.5,3,11,8,129
11.5,3,11,9,129
11.5,3,11,10,130
11.5,3,11,11,131
11.5,3,11,12,131
11.5,3,11,13,132
11.5,3,11,14,132
11.5,3,11,15,133
11.5,3,12,0,125
11.5,3,12,1,125
11.5,3,12,2,126
11.5,3,12,3,127
11.5,3,12,4,127
11.5,3,12,5,128
11.5,3,12,6,128
11.5,3,12,7,129
11.5,3,12,8,130
11.5,3,12,9,130
11.5,3,12,10,131
11.5,3,12,11,131
11.5,3,12,12,132
11.5,3,12,13,133
11.5,3,12,14,133
11.5,3,12,15,134
11.5,3,13,0,125
11.5,3,13,1,126
11.5,3,13,2,127
11.5,3,13,3,127
11.5,3,13,4,128
11.5,3,13,5,128
11.5,3,13,6,129
11.5,3,13,7,130
11.5,3,13,8,130
11.5,3,13,9,131
11.5,3,13,10,131
11.5,3,13,11,132
11.5,3,13,12,133
11.5,3,13,13,133
11.5,3,13,14,134
11.5,3,13,15,134
11.5,3,14,0,126
11.5,3,14,1,127
11.5,3,14,2,127
11.5,3,14,3,128
11.5,3,14,4,129
11.5,3,14,5,129
11.5,3,14,6,130
11.5,3,14,7,130
11.5,3,14,8,131
11.5,3,14,9,132
11.5,3,14,10,132
11.5,3,14,11,133
11.5,3,14,12,133
11.5,3,14,13,134
11.5,3,14,14,134
11.5,3,14,15,135
11.5,3,15,0,127
11.5,3,15,1,127
11.5,3,15,2,128
11.5,3,15,3,129
11.5,3,15,4,129
11.5,3,15,5,130
11.5,3,15,6,130
11.5,3,15,7,131
11.5,3,15,8,132
11.5,3,15,9,132
11.5,3,15,10,133
11.5,3,15,11,133
11.5,3,15,12,134
11.5,3,15,13,135
11.5,3,15,14,135
11.5,3,15,15,136
11.5,4,0,0,118
11.5,4,0,1,119
11.5,4,0,2,120
11.5,4,0,3,120
11.5,4,0,4,121
11.5,4,0,5,121
11.5,4,0,6,122
11.5,4,0,7,122
11.5,4,0,8,123
11.5,4,0,9,124
11.5,4,0,10,124
11.5,4,0,11,125
11.5,4,0,12,125
11.5,4,0,13,126
11.5,4,0,14,126
11.5,4,0,15,127
11.5,4,1,0,119
11.5,4,1,1,120
11.5,4,1,2,120
11.5,4,1,3,121
11.5,4,1,4,122
11.5,4,1,5,122
11.5,4,1,6,123
11.5,4,1,7,123
11.5,4,1,8,124
11.5,4,1,9,124
11.5,4,1,10,125
11.5,4,1,11,125
11.5,4,1,12,126
11.5,4,1,13,127
11.5,4,1,14,127
11.5,4,1,15,128
11.5,4,2,0,120
11.5,4,2,1,120
11.5,4,2,2,121
11.5,4,2,3,122
11.5,4,2,4,122
11.5,4,2,5,123
11.5,4,2,6,123
11.5,4,2,7,124
11.5,4,2,8,125
11.5,4,2,9,125
11.5,4,2,10,126
11.5,4,2,11,126
11.5,4,2,12,127
11.5,4,2,13,127
11.5,4,2,14,128
11.5,4,2,15,128
11.5,4,3,0,121
11.5,4,3,1,121
11.5,4,3,2,122
11.5,4,3,3,122
11.5,4,3,4,123
11.5,4,3,5,124
11.5,4,3,6,124
11.5,4,3,7,125
11.5,4,3,8,125
11.5,4,3,9,126
11.5,4,3,10,126
11.5,4,3,11,127
11.5,4,3,12,128
11.5,4,3,13,128
11.5,4,3,14,129
11.5,4,3,15,129
11.5,4,4,0,121
11.5,4,4,1,122
11.5,4,4,2,123
11.5,4,4,3,123
11.5,4,4,4,124
11.5,4,4,5,124
11.5,4,4,6,125
11.5,4,4,7,125
11.5,4,4,8,126
11.5,4,4,9,127
11.5,4,4,10,127
11.5,4,4,11,128
11.5,4,4,12,128
11.5,4,4,13,129
11.5,4,4,14,129
11.5,4,4,15,130
11.5,4,5,0,122
11.5,4,5,1,123
11.5,4,5,2,123
11.5,4,5,3,124
11.5,4,5,4,124
11.5,4,5,5,125
11.5,4,5,6,126
11.5,4,5,7,126
11.5,4,5,8,127
11.5,4,5,9,127
11.5,4,5,10,128
11.5,4,5,11,128
11.5,4,5,12,129
11.5,4,5,13,130
11.5,4,5,14,130
11.5,4,5,15,131
11.5,4,6,0,123
11.5,4,6,1,123
11.5,4,6,2,124
11.5,4,6,3,125
11.5,4,6,4,125
11.5,4,6,5,126
11.5,4,6,6,126
11.5,4,6,7,127
11.5,4,6,8,127
11.5,4,6,9,128
11.5,4,6,10,129
11.5,4,6,11,129
11.5,4,6,12,130
11.5,4,6,13,130
11.5,4,6,14,131
11.5,4,6,15,131
11.5,4,7,0,123
11.5,4,7,1,124
11.5,4,7,2,125
11.5,4,7,3,125
11.5,4,7,4,126
11.5,4,7,5,126
11.5,4,7,6,127
11.5,4,7,7,128
11.5,4,7,8,128
11.5,4,7,9,129
11.5,4,7,10,129
11.5,4,7,11,130
11.5,4,7,12,130
11.5,4,7,13,131
11.5,4,7,14,132
11.5,4,7,15,132
11.5,4,8,0,124
11.5,4,8,1,125
11.5,4,8,2,125
11.5,4,8,3,126
11.5,4,8,4,127
11.5,4,8,5,127
11.5,4,8,6,128
11.5,4,8,7,128
11.5,4,8,8,129
11.5,4,8,9,129
11.5,4,8,10,130
11.5,4,8,11,131
11.5,4,8,12,131
11.5,4,8,13,132
11.5,4,8,14,132
11.5,4,8,15,133
11.5,4,9,0,125
11.5,4,9,1,125
11.5,4,9,2,126
11.5,4,9,3,127
11.5,4,9,4,127
11.5,4,9,5,128
11.5,4,9,6,128
11.5,4,9,7,129
11.5,4,9,8,130
11.5,4,9,9,130
11.5,4,9,10,131
11.5,4,9,11,131
11.5,4,9,12,132
11.5,4,9,13,133
11.5,4,9,14,133
11.5,4,9,15,134
11.5,4,10,0,125
11.5,4,10,1,126
11.5,4,10,2,127
11.5,4,10,3,127
11.5,4,10,4,128
11.5,4,10,5,128
11.5,4,10,6,129
11.5,4,10,7,130
11.5,4,10,8,130
11.5,4,10,9,131
11.5,4,10,10,131
11.5,4,10,11,132
11.5,4,10,12,133
11.5,4,10,13,133
11.5,4,10,14,134
11.5,4,10,15,134
11.5,4,11,0,126
11.5,4,11,1,127
11.5,4,11,2,127
11.5,4,11,3,128
11.5,4,11,4,129
11.5,4,11,5,129
11.5,4,11,6,130
11.5,4,11,7,130
11.5,4,11,8,131
11.5,4,11,9,132
11.5,4,11,10,132
11.5,4,11,11,133
11.5,4,11,12,133
11.5,4,11,13,134
11.5,4,11,14,135
11.5,4,11,15,135
11.5,4,12,0,127
11.5,4,12,1,127
11.5,4,12,2,128
11.5,4,12,3,129
11.5,4,12,4,129
11.5,4,12,5,130
11.5,4,12,6,130
11.5,4,12,7,131
11.5,4,12,8,132
11.5,4,12,9,132
11.5,4,12,10,133
11.5,4,12,11,133
11.5,4,12,12,134
11.5,4,12,13,135
11.5,4,12,14,135
11.5,4,12,15,136
11.5,4,13,0,127
11.5,4,13,1,128
11.5,4,13,2,129
11.5,4,13,3,129
11.5,4,13,4,130
11.5,4,13,5,131
11.5,4,13,6,131
11.5,4,13,7,132
11.5,4,13,8,132
11.5,4,13,9,133
11.5,4,13,10,134
11.5,4,13,11,134
11.5,4,13,12,135
11.5,4,13,13,135
11.5,4,13,14,136
11.5,4,13,15,137
11.5,4,14,0,128
11.5,4,14,1,129
11.5,4,14,2,129
11.5,4,14,3,130
11.5,4,14,4,131
11.5,4,14,5,131
11.5,4,14,6,132
11.5,4,14,7,132
11.5,4,14,8,133
11.5,4,14,9,134
11.5,4,14,10,134
11.5,4,14,11,135
11.5,4,14,12,135
11.5,4,14,13,136
11.5,4,14,14,137
11.5,4,14,15,137
11.5,4,15,0,129
11.5,4,15,1,129
11.5,4,15,2,130
11.5,4,15,3,131
11.5,4,15,4,131
11.5,4,15,5,132
11.5,4,15,6,133
11.5,4,15,7,133
11.5,4,15,8,134
11.5,4,15,9,134
11.5,4,15,10,135
11.5,4,15,11,136
11.5,4,15,12,136
11.5,4,15,13,137
11.5,4,15,14,137
11.5,4,15,15,138
11.5,5,0,0,120
11.5,5,0,1,121
11.5,5,0,2,122
11.5,5,0,3,122
11.5,5,0,4,123
11.5,5,0,5,123
11.5,5,0,6,124
11.5,5,0,7,124
11.5,5,0,8,125
11.5,5,0,9,126
11.5,5,0,10,126
11.5,5,0,11,127
11.5,5,0,12,127
11.5,5,0,13,128
11.5,5,0,14,128
11.5,5,0,15,129
11.5,5,1,0,121
11.5,5,1,1,122
11.5,5,1,2,122
11.5,5,1,3,123
11.5,5,1,4,123
11.5,5,1,5,124
11.5,5,1,6,125
11.5,5,1,7,125
11.5,5,1,8,126
11.5,5,1,9,126
11.5,5,1,10,127
11.5,5,1,11,127
11.5,5,1,12,128
11.5,5,1,13,129
11.5,5,1,14,129
11.5,5,1,15,130
11.5,5,2,0,122
11.5,5,2,1,122
11.5,5,2,2,123
11.5,5,2,3,124
11.5,5,2,4,124
11.5,5,2,5,125
11.5,5,2,6,125
11.5,5,2,7,126
11.5,5,2,8,127
11.5,5,2,9,127
11.5,5,2,10,128
11.5,5,2,11,128
11.5,5,2,12,129
11.5,5,2,13,129
11.5,5,2,14,130
11.5,5,2,15,131
11.5,5,3,0,123
11.5,5,3,1,123
11.5,5,3,2,124
11.5,5,3,3,124
11.5,5,3,4,125
11.5,5,3,5,126
11.5,5,3,6,126
11.5,5,3,7,127
11.5,5,3,8,127
11.5,5,3,9,128
11.5,5,3,10,128
11.5,5,3,11,129
11.5,5,3,12,130
11.5,5,3,13,130
11.5,5,3,14,131
11.5,5,3,15,131
11.5,5,4,0,123
11.5,5,4,1,124
11.5,5,4,2,124
11.5,5,4,3,125
11.5,5,4,4,126
11.5,5,4,5,126
11.5,5,4,6,127
11.5,5,4,7,127
11.5,5,4,8,128
11.5,5,4,9,129
11.5,5,4,10,129
11.5,5,4,11,130
11.5,5,4,12,130
11.5,5,4,13,131
11.5,5,4,14,131
11.5,5,4,15,132
11.5,5,5,0,124
11.5,5,5,1,125
11.5,5,5,2,125
11.5,5,5,3,126
11.5,5,5,4,126
11.5,5,5,5,127
11.5,5,5,6,128
11.5,5,5,7,128
11.5,5,5,8,129
11.5,5,5,9,129
11.5,5,5,10,130
11.5,5,5,11,131
11.5,5,5,12,131
11.5,5,5,13,132
11.5,5,5,14,132
11.5,5,5,15,133
11.5,5,6,0,125
11.5,5,6,1,125
11.5,5,6,2,126
11.5,5,6,3,126
11.5,5,6,4,127
11.5,5,6,5,128
11.5,5,6,6,128
11.5,5,6,7,129
11.5,5,6,8,129
11.5,5,6,9,130
11.5,5,6,10,131
11.5,5,6,11,131
11.5,5,6,12,132
11.5,5,6,13,132
11.5,5,6,14,133
11.5,5,6,15,134
11.5,5,7,0,125
11.5,5,7,1,126
11.5,5,7,2,127
11.5,5,7,3,127
11.5,5,7,4,128
11.5,5,7,5,128
11.5,5,7,6,129
11.5,5,7,7,130
11.5,5,7,8,130
11.5,5,7,9,131
11.5,5,7,10,131
11.5,5,7,11,132
11.5,5,7,12,133
11.5,5,7,13,133
11.5,5,7,14,134
11.5,5,7,15,134
11.5,5,8,0,126
11.5,5,8,1,127
11.5,5,8,2,127
11.5,5,8,3,128
11.5,5,8,4,129
11.5,5,8,5,129
11.5,5,8,6,130
11.5,5,8,7,130
11.5,5,8,8,131
11.5,5,8,9,132
11.5,5,8,10,132
11.5,5,8,11,133
11.5,5,8,12,133
11.5,5,8,13,134
11.5,5,8,14,134
11.5,5,8,15,135
11.5,5,9,0,127
11.5,5,9,1,127
11.5,5,9,2,128
11.5,5,9,3,129
11.5,5,9,4,129
11.5,5,9,5,130
11.5,5,9,6,130
11.5,5,9,7,131
11.5,5,9,8,132
11.5,5,9,9,132
11.5,5,9,10,133
11.5,5,9,11,133
11.5,5,9,12,134
11.5,5,9,13,135
11.5,5,9,14,135
11.5,5,9,15,136
11.5,5,10,0,127
11.5,5,10,1,128
11.5,5,10,2,129
11.5,5,10,3,129
11.5,5,10,4,130
11.5,5,10,5,131
11.5,5,10,6,131
11.5,5,10,7,132
11.5,5,10,8,132
11.5,5,10,9,133
11.5,5,10,10,134
11.5,5,10,11,134
11.5,5,10,12,135
11.5,5,10,13,135
11.5,5,10,14,136
11.5,5,10,15,137
11.5,5,11,0,128
11.5,5,11,1,129
11.5,5,11,2,129
11.5,5,11,3,130
11.5,5,11,4,131
11.5,5,11,5,131
11.5,5,11,6,132
11.5,5,11,7,132
11.5,5,11,8,133
11.5,5,11,9,134
11.5,5,11,10,134
11.5,5,11,11,135
11.5,5,11,12,135
11.5,5,11,13,136
11.5,5,11,14,137
11.5,5,11,15,137
11.5,5,12,0,129
11.5,5,12,1,129
11.5,5,12,2,130
11.5,5,12,3,131
11.5,5,12,4,131
11.5,5,12,5,132
11.5,5,12,6,133
11.5,5,12,7,133
11.5,5,12,8,134
11.5,5,12,9,134
11.5,5,12,10,135
11.5,5,12,11,136
11.5,5,12,12,136
11.5,5,12,13,137
11.5,5,12,14,137
11.5,5,12,15,138
11.5,5,13,0,129
11.5,5,13,1,130
11.5,5,13,2,131
11.5,5,13,3,131
11.5,5,13,4,132
11.5,5,13,5,133
11.5,5,13,6,133
11.5,5,13,7,134
11.5,5,13,8,134
11.5,5,13,9,135
11.5,5,13,10,136
11.5,5,13,11,136
11.5,5,13,12,137
11.5,5,13,13,138
11.5,5,13,14,138
11.5,5,13,15,139
11.5,5,14,0,130
11.5,5,14,1,131
11.5,5,14,2,131
11.5,5,14,3,132
11.5,5,14,4,133
11.5,5,14,5,133
11.5,5,14,6,134
11.5,5,14,7,135
11.5,5,14,8,135
11.5,5,14,9,136
11.5,5,14,10,136
11.5,5,14,11,137
11.5,5,14,12,138
11.5,5,14,13,138
11.5,5,14,14,139
11.5,5,14,15,139
11.5,5,15,0,131
11.5,5,15,1,131
11.5,5,15,2,132
11.5,5,15,3,133
11.5,5,15,4,133
11.5,5,15,5,134
11.5,5,15,6,135
11.5,5,15,7,135
11.5,5,15,8,136
11.5,5,15,9,137
11.5,5,15,10,137
11.5,5,15,11,138
11.5,5,15,12,138
11.5,5,15,13,139
11.5,5,15,14,140
11.5,5,15,15,140
11.5,6,0,0,122
11.5,6,0,1,123
11.5,6,0,2,123
11.5,6,0,3,124
11.5,6,0,4,125
11.5,6,0,5,125
11.5,6,0,6,126
11.5,6,0,7,126
11.5,6,0,8,127
11.5,6,0,9,128
11.5,6,0,10,128
11.5,6,0,11,129
11.5,6,0,12,129
11.5,6,0,13,130
11.5,6,0,14,130
11.5,6,0,15,131
11.5,6,1,0,123
11.5,6,1,1,124
11.5,6,1,2,124
11.5,6,1,3,125
11.5,6,1,4,125
11.5,6,1,5,126
11.5,6,1,6,127
11.5,6,1,7,127
11.5,6,1,8,128
11.5,6,1,9,128
11.5,6,1,10,129
11.5,6,1,11,129
11.5,6,1,12,130
11.5,6,1,13,131
11.5,6,1,14,131
11.5,6,1,15,132
11.5,6,2,0,124
11.5,6,2,1,124
11.5,6,2,2,125
11.5,6,2,3,126
11.5,6,2,4,126
11.5,6,2,5,127
11.5,6,2,6,127
11.5,6,2,7,128
11.5,6,2,8,129
11.5,6,2,9,129
11.5,6,2,10,130
11.5,6,2,11,130
11.5,6,2,12,131
11.5,6,2,13,131
11.5,6,2,14,132
11.5,6,2,15,133
11.5,6,3,0,124
11.5,6,3,1,125
11.5,6,3,2,126
11.5,6,3,3,126
11.5,6,3,4,127
11.5,6,3,5,127
11.5,6,3,6,128
11.5,6,3,7,129
11.5,6,3,8,129
11.5,6,3,9,130
11.5,6,3,10,130
11.5,6,3,11,131
11.5,6,3,12,132
11.5,6,3,13,132
11.5,6,3,14,133
11.5,6,3,15,133
11.5,6,4,0,125
11.5,6,4,1,126
11.5,6,4,2,126
11.5,6,4,3,127
11.5,6,4,4,128
11.5,6,4,5,128
11.5,6,4,6,129
11.5,6,4,7,129
11.5,6,4,8,130
11.5,6,4,9,131
11.5,6,4,10,131
11.5,6,4,11,132
11.5,6,4,12,132
11.5,6,4,13,133
11.5,6,4,14,134
11.5,6,4,15,134
11.5,6,5,0,126
11.5,6,5,1,127
11.5,6,5,2,127
11.5,6,5,3,128
11.5,6,5,4,128
11.5,6,5,5,129
11.5,6,5,6,130
11.5,6,5,7,130
11.5,6,5,8,131
11.5,6,5,9,131
11.5,6,5,10,132
11.5,6,5,11,133
11.5,6,5,12,133
11.5,6,5,13,134
11.5,6,5,14,134
11.5,6,5,15,135
11.5,6,6,0,127
11.5,6,6,1,127
11.5,6,6,2,128
11.5,6,6,3,128
11.5,6,6,4,129
11.5,6,6,5,130
11.5,6,6,6,130
11.5,6,6,7,131
11.5,6,6,8,132
11.5,6,6,9,132
11.5,6,6,10,133
11.5,6,6,11,133
11.5,6,6,12,134
11.5,6,6,13,134
11.5,6,6,14,135
11.5,6,6,15,136
11.5,6,7,0,127
11.5,6,7,1,128
11.5,6,7,2,129
11.5,6,7,3,129
11.5,6,7,4,130
11.5,6,7,5,130
11.5,6,7,6,131
11.5,6,7,7,132
11.5,6,7,8,132
11.5,6,7,9,133
11.5,6,7,10,133
11.5,6,7,11,134
11.5,6,7,12,135
11.5,6,7,13,135
11.5,6,7,14,136
11.5,6,7,15,136
11.5,6,8,0,128
11.5,6,8,1,129
11.5,6,8,2,129
11.5,6,8,3,130
11.5,6,8,4,131
11.5,6,8,5,131
11.5,6,8,6,132
11.5,6,8,7,132
11.5,6,8,8,133
11.5,6,8,9,134
11.5,6,8,10,134
11.5,6,8,11,135
11.5,6,8,12,135
11.5,6,8,13,136
11.5,6,8,14,137
11.5,6,8,15,137
11.5,6,9,0,129
11.5,6,9,1,129
11.5,6,9,2,130
11.5,6,9,3,131
11.5,6,9,4,131
11.5,6,9,5,132
11.5,6,9,6,132
11.5,6,9,7,133
11.5,6,9,8,134
11.5,6,9,9,134
11.5,6,9,10,135
11.5,6,9,11,136
11.5,6,9,12,136
11.5,6,9,13,137
11.5,6,9,14,137
11.5,6,9,15,138
11.5,6,10,0,129
11.5,6,10,1,130
11.5,6,10,2,131
11.5,6,10,3,131
11.5,6,10,4,132
11.5,6,10,5,133
11.5,6,10,6,133
11.5,6,10,7,134
11.5,6,10,8,134
11.5,6,10,9,135
11.5,6,10,10,136
11.5,6,10,11,136
11.5,6,10,12,137
11.5,6,10,13,137
11.5,6,10,14,138
11.5,6,10,15,139
11.5,6,11,0,130
11.5,6,11,1,131
11.5,6,11,2,131
11.5,6,11,3,132
11.5,6,11,4,133
11.5,6,11,5,133
11.5,6,11,6,134
11.5,6,11,7,135
11.5,6,11,8,135
11.5,6,11,9,136
11.5,6,11,10,136
11.5,6,11,11,137
11.5,6,11,12,138
11.5,6,11,13,138
11.5,6,11,14,139
11.5,6,11,15,139
11.5,6,12,0,131
11.5,6,12,1,131
11.5,6,12,2,132
11.5,6,12,3,133
11.5,6,12,4,133
11.5,6,12,5,134
11.5,6,12,6,135
11.5,6,12,7,135
11.5,6,12,8,136
11.5,6,12,9,137
11.5,6,12,10,137
11.5,6,12,11,138
11.5,6,12,12,138
11.5,6,12,13,139
11.5,6,12,14,140
11.5,6,12,15,140
11.5,6,13,0,132
11.5,6,13,1,132
11.5,6,13,2,133
11.5,6,13,3,133
11.5,6,13,4,134
11.5,6,13,5,135
11.5,6,13,6,135
11.5,6,13,7,136
11.5,6,13,8,137
11.5,6,13,9,137
11.5,6,13,10,138
11.5,6,13,11,138
11.5,6,13,12,139
11.5,6,13,13,140
11.5,6,13,14,140
11.5,6,13,15,141
11.5,6,14,0,132
11.5,6,14,1,133
11.5,6,14,2,134
11.5,6,14,3,134
11.5,6,14,4,135
11.5,6,14,5,135
11.5,6,14,6,136
11.5,6,14,7,137
11.5,6,14,8,137
11.5,6,14,9,138
11.5,6,14,10,139
11.5,6,14,11,139
11.5,6,14,12,140
11.5,6,14,13,140
11.5,6,14,14,141
11.5,6,14,15,142
11.5,6,15,0,133
11.5,6,15,1,134
11.5,6,15,2,134
11.5,6,15,3,135
11.5,6,15,4,135
11.5,6,15,5,136
11.5,6,15,6,137
11.5,6,15,7,137
11.5,6,15,8,138
11.5,6,15,9,139
11.5,6,15,10,139
11.5,6,15,11,140
11.5,6,15,12,141
11.5,6,15,13,141
11.5,6,15,14,142
11.5,6,15,15,142
11.5,7,0,0,124
11.5,7,0,1,125
11.5,7,0,2,125
11.5,7,0,3,126
11.5,7,0,4,127
11.5,7,0,5,127
11.5,7,0,6,128
11.5,7,0,7,128
11.5,7,0,8,129
11.5,7,0,9,130
11.5,7,0,10,130
11.5,7,0,11,131
11.5,7,0,12,131
11.5,7,0,13,132
11.5,7,0,14,132
11.5,7,0,15,133
11.5,7,1,0,125
11.5,7,1,1,126
11.5,7,1,2,126
11.5,7,1,3,127
11.5,7,1,4,127
11.5,7,1,5,128
11.5,7,1,6,129
11.5,7,1,7,129
11.5,7,1,8,130
11.5,7,1,9,130
11.5,7,1,10,131
11.5,7,1,11,131
11.5,7,1,12,132
11.5,7,1,13,133
11.5,7,1,14,133
11.5,7,1,15,134
11.5,7,2,0,126
11.5,7,2,1,126
11.5,7,2,2,127
11.5,7,2,3,127
11.5,7,2,4,128
11.5,7,2,5,129
11.5,7,2,6,129
11.5,7,2,7,130
11.5,7,2,8,130
11.5,7,2,9,131
11.5,7,2,10,132
11.5,7,2,11,132
11.5,7,2,12,133
11.5,7,2,13,133
11.5,7,2,14,134
11.5,7,2,15,135
11.5,7,3,0,126
11.5,7,3,1,127
11.5,7,3,2,128
11.5,7,3,3,128
11.5,7,3,4,129
11.5,7,3,5,129
11.5,7,3,6,130
11.5,7,3,7,131
11.5,7,3,8,131
11.5,7,3,9,132
11.5,7,3,10,132
11.5,7,3,11,133
11.5,7,3,12,134
11.5,7,3,13,134
11.5,7,3,14,135
11.5,7,3,15,135
11.5,7,4,0,127
11.5,7,4,1,128
11.5,7,4,2,128
11.5,7,4,3,129
11.5,7,4,4,130
11.5,7,4,5,130
11.5,7,4,6,131
11.5,7,4,7,131
11.5,7,4,8,132
11.5,7,4,9,133
11.5,7,4,10,133
11.5,7,4,11,134
11.5,7,4,12,134
11.5,7,4,13,135
11.5,7,4,14,136
11.5,7,4,15,136
11.5,7,5,0,128
11.5,7,5,1,128
11.5,7,5,2,129
11.5,7,5,3,130
11.5,7,5,4,130
11.5,7,5,5,131
11.5,7,5,6,132
11.5,7,5,7,132
11.5,7,5,8,133
11.5,7,5,9,133
11.5,7,5,10,134
11.5,7,5,11,135
11.5,7,5,12,135
11.5,7,5,13,136
11.5,7,5,14,136
11.5,7,5,15,137
11.5,7,6,0,129
11.5,7,6,1,129
11.5,7,6,2,130
11.5,7,6,3,130
11.5,7,6,4,131
11.5,7,6,5,132
11.5,7,6,6,132
11.5,7,6,7,133
11.5,7,6,8,134
11.5,7,6,9,134
11.5,7,6,10,135
11.5,7,6,11,135
11.5,7,6,12,136
11.5,7,6,13,137
11.5,7,6,14,137
11.5,7,6,15,138
11.5,7,7,0,129
11.5,7,7,1,130
11.5,7,7,2,131
11.5,7,7,3,131
11.5,7,7,4,132
11.5,7,7,5,132
11.5,7,7,6,133
11.5,7,7,7,134
11.5,7,7,8,134
11.5,7,7,9,135
11.5,7,7,10,136
11.5,7,7,11,136
11.5,7,7,12,137
11.5,7,7,13,137
11.5,7,7,14,138
11.5,7,7,15,139
11.5,7,8,0,130
11.5,7,8,1,131
11.5,7,8,2,131
11.5,7,8,3,132
11.5,7,8,4,133
11.5,7,8,5,133
11.5,7,8,6,134
11.5,7,8,7,134
11.5,7,8,8,135
11.5,7,8,9,136
11.5,7,8,10,136
11.5,7,8,11,137
11.5,7,8,12,137
11.5,7,8,13,138
11.5,7,8,14,139
11.5,7,8,15,139
11.5,7,9,0,131
11.5,7,9,1,131
11.5,7,9,2,132
11.5,7,9,3,133
11.5,7,9,4,133
11.5,7,9,5,134
11.5,7,9,6,135
11.5,7,9,7,135
11.5,7,9,8,136
11.5,7,9,9,136
11.5,7,9,10,137
11.5,7,9,11,138
11.5,7,9,12,138
11.5,7,9,13,139
11.5,7,9,14,139
11.5,7,9,15,140
11.5,7,10,0,131
11.5,7,10,1,132
11.5,7,10,2,133
11.5,7,10,3,133
11.5,7,10,4,134
11.5,7,10,5,135
11.5,7,10,6,135
11.5,7,10,7,136
11.5,7,10,8,137
11.5,7,10,9,137
11.5,7,10,10,138
11.5,7,10,11,138
11.5,7,10,12,139
11.5,7,10,13,140
11.5,7,10,14,140
11.5,7,10,15,141
11.5,7,11,0,132
11.5,7,11,1,133
11.5,7,11,2,133
11.5,7,11,3,134
11.5,7,11,4,135
11.5,7,11,5,135
11.5,7,11,6,136
11.5,7,11,7,137
11.5,7,11,8,137
11.5,7,11,9,138
11.5,7,11,10,139
11.5,7,11,11,139
11.5,7,11,12,140
11.5,7,11,13,140
11.5,7,11,14,141
11.5,7,11,15,142
11.5,7,12,0,133
11.5,7,12,1,134
11.5,7,12,2,134
11.5,7,12,3,135
11.5,7,12,4,135
11.5,7,12,5,136
11.5,7,12,6,137
11.5,7,12,7,137
11.5,7,12,8,138
11.5,7,12,9,139
11.5,7,12,10,139
11.5,7,12,11,140
11.5,7,12,12,140
11.5,7,12,13,141
11.5,7,12,14,142
11.5,7,12,15,142
11.5,7,13,0,134
11.5,7,13,1,134
11.5,7,13,2,135
11.5,7,13,3,136
11.5,7,13,4,136
11.5,7,13,5,137
11.5,7,13,6,137
11.5,7,13,7,138
11.5,7,13,8,139
11.5,7,13,9,139
11.5,7,13,10,140
11.5,7,13,11,141
11.5,7,13,12,141
11.5,7,13,13,142
11.5,7,13,14,142
11.5,7,13,15,143
11.5,7,14,0,134
11.5,7,14,1,135
11.5,7,14,2,136
11.5,7,14,3,136
11.5,7,14,4,137
11.5,7,14,5,138
11.5,7,14,6,138
11.5,7,14,7,139
11.5,7,14,8,139
11.5,7,14,9,140
11.5,7,14,10,141
11.5,7,14,11,141
11.5,7,14,12,142
11.5,7,14,13,143
11.5,7,14,14,143
11.5,7,14,15,144
11.5,7,15,0,135
11.5,7,15,1,136
11.5,7,15,2,136
11.5,7,15,3,137
11.5,7,15,4,138
11.5,7,15,5,138
11.5,7,15,6,139
11.5,7,15,7,140
11.5,7,15,8,140
11.5,7,15,9,141
11.5,7,15,10,141
11.5,7,15,11,142
11.5,7,15,12,143
11.5,7,15,13,143
11.5,7,15,14,144
11.5,7,15,15,145
11.5,8,0,0,126
11.5,8,0,1,127
11.5,8,0,2,127
11.5,8,0,3,128
11.5,8,0,4,128
11.5,8,0,5,129
11.5,8,0,6,130
11.5,8,0,7,130
11.5,8,0,8,131
11.5,8,0,9,132
11.5,8,0,10,132
11.5,8,0,11,133
11.5,8,0,12,133
11.5,8,0,13,134
11.5,8,0,14,134
11.5,8,0,15,135
11.5,8,1,0,127
11.5,8,1,1,127
11.5,8,1,2,128
11.5,8,1,3,129
11.5,8,1,4,129
11.5,8,1,5,130
11.5,8,1,6,130
11.5,8,1,7,131
11.5,8,1,8,132
11.5,8,1,9,132
11.5,8,1,10,133
11.5,8,1,11,133
11.5,8,1,12,134
11.5,8,1,13,135
11.5,8,1,14,135
11.5,8,1,15,136
11.5,8,2,0,128
11.5,8,2,1,128
11.5,8,2,2,129
11.5,8,2,3,129
11.5,8,2,4,130
11.5,8,2,5,131
11.5,8,2,6,131
11.5,8,2,7,132
11.5,8,2,8,132
11.5,8,2,9,133
11.5,8,2,10,134
11.5,8,2,11,134
11.5,8,2,12,135
11.5,8,2,13,135
11.5,8,2,14,136
11.5,8,2,15,137
11.5,8,3,0,128
11.5,8,3,1,129
11.5,8,3,2,130
11.5,8,3,3,130
11.5,8,3,4,131
11.5,8,3,5,131
11.5,8,3,6,132
11.5,8,3,7,133
11.5,8,3,8,133
11.5,8,3,9,134
11.5,8,3,10,134
11.5,8,3,11,135
11.5,8,3,12,136
11.5,8,3,13,136
11.5,8,3,14,137
11.5,8,3,15,137
11.5,8,4,0,129
11.5,8,4,1,130
11.5,8,4,2,130
11.5,8,4,3,131
11.5,8,4,4,132
11.5,8,4,5,132
11.5,8,4,6,133
11.5,8,4,7,133
11.5,8,4,8,134
11.5,8,4,9,135
11.5,8,4,10,135
11.5,8,4,11,136
11.5,8,4,12,136
11.5,8,4,13,137
11.5,8,4,14,138
11.5,8,4,15,138
11.5,8,5,0,130
11.5,8,5,1,130
11.5,8,5,2,131
11.5,8,5,3,132
11.5,8,5,4,132
11.5,8,5,5,133
11.5,8,5,6,134
11.5,8,5,7,134
11.5,8,5,8,135
11.5,8,5,9,135
11.5,8,5,10,136
11.5,8,5,11,137
11.5,8,5,12,137
11.5,8,5,13,138
11.5,8,5,14,138
11.5,8,5,15,139
11.5,8,6,0,131
11.5,8,6,1,131
11.5,8,6,2,132
11.5,8,6,3,132
11.5,8,6,4,133
11.5,8,6,5,134
11.5,8,6,6,134
11.5,8,6,7,135
11.5,8,6,8,136
11.5,8,6,9,136
11.5,8,6,10,137
11.5,8,6,11,137
11.5,8,6,12,138
11.5,8,6,13,139
11.5,8,6,14,139
11.5,8,6,15,140
11.5,8,7,0,131
11.5,8,7,1,132
11.5,8,7,2,133
11.5,8,7,3,133
11.5,8,7,4,134
11.5,8,7,5,134
11.5,8,7,6,135
11.5,8,7,7,136
11.5,8,7,8,136
11.5,8,7,9,137
11.5,8,7,10,138
11.5,8,7,11,138
11.5,8,7,12,139
11.5,8,7,13,139
11.5,8,7,14,140
11.5,8,7,15,141
11.5,8,8,0,132
11.5,8,8,1,133
11.5,8,8,2,133
11.5,8,8,3,134
11.5,8,8,4,135
11.5,8,8,5,135
11.5,8,8,6,136
11.5,8,8,7,136
11.5,8,8,8,137
11.5,8,8,9,138
11.5,8,8,10,138
11.5,8,8,11,139
11.5,8,8,12,140
11.5,8,8,13,140
11.5,8,8,14,141
11.5,8,8,15,141
11.5,8,9,0,133
11.5,8,9,1,133
11.5,8,9,2,134
11.5,8,9,3,135
11.5,8,9,4,135
11.5,8,9,5,136
11.5,8,9,6,137
11.5,8,9,7,137
11.5,8,9,8,138
11.5,8,9,9,138
11.5,8,9,10,139
11.5,8,9,11,140
11.5,8,9,12,140
11.5,8,9,13,141
11.5,8,9,14,142
11.5,8,9,15,142
11.5,8,10,0,133
11.5,8,10,1,134
11.5,8,10,2,135
11.5,8,10,3,135
11.5,8,10,4,136
11.5,8,10,5,137
11.5,8,10,6,137
11.5,8,10,7,138
11.5,8,10,8,139
11.5,8,10,9,139
11.5,8,10,10,140
11.5,8,10,11,140
11.5,8,10,12,141
11.5,8,10,13,142
11.5,8,10,14,142
11.5,8,10,15,143
11.5,8,11,0,134
11.5,8,11,1,135
11.5,8,11,2,135
11.5,8,11,3,136
11.5,8,11,4,137
11.5,8,11,5,137
11.5,8,11,6,138
11.5,8,11,7,139
11.5,8,11,8,139
11.5,8,11,9,140
11.5,8,11,10,141
11.5,8,11,11,141
11.5,8,11,12,142
11.5,8,11,13,142
11.5,8,11,14,143
11.5,8,11,15,144
11.5,8,12,0,135
11.5,8,12,1,136
11.5,8,12,2,136
11.5,8,12,3,137
11.5,8,12,4,138
11.5,8,12,5,138
11.5,8,12,6,139
11.5,8,12,7,139
11.5,8,12,8,140
11.5,8,12,9,141
11.5,8,12,10,141
11.5,8,12,11,142
11.5,8,12,12,143
11.5,8,12,13,143
11.5,8,12,14,144
11.5,8,12,15,144
11.5,8,13,0,136
11.5,8,13,1,136
11.5,8,13,2,137
11.5,8,13,3,138
11.5,8,13,4,138
11.5,8,13,5,139
11.5,8,13,6,140
11.5,8,13,7,140
11.5,8,13,8,141
11.5,8,13,9,141
11.5,8,13,10,142
11.5,8,13,11,143
11.5,8,13,12,143
11.5,8,13,13,144
11.5,8,13,14,145
11.5,8,13,15,145
11.5,8,14,0,136
11.5,8,14,1,137
11.5,8,14,2,138
11.5,8,14,3,138
11.5,8,14,4,139
11.5,8,14,5,140
11.5,8,14,6,140
11.5,8,14,7,141
11.5,8,14,8,142
11.5,8,14,9,142
11.5,8,14,10,143
11.5,8,14,11,143
11.5,8,14,12,144
11.5,8,14,13,145
11.5,8,14,14,145
11.5,8,14,15,146
11.5,8,15,0,137
11.5,8,15,1,138
11.5,8,15,2,138
11.5,8,15,3,139
11.5,8,15,4,140
11.5,8,15,5,140
11.5,8,15,6,141
11.5,8,15,7,142
11.5,8,15,8,142
11.5,8,15,9,143
11.5,8,15,10,144
11.5,8,15,11,144
11.5,8,15,12,145
11.5,8,15,13,145
11.5,8,15,14,146
11.5,8,15,15,147
11.5,9,0,0,128
11.5,9,0,1,129
11.5,9,0,2,129
11.5,9,0,3,130
11.5,9,0,4,130
11.5,9,0,5,131
11.5,9,0,6,132
11.5,9,0,7,132
11.5,9,0,8,133
11.5,9,0,9,133
11.5,9,0,10,134
11.5,9,0,11,135
11.5,9,0,12,135
11.5,9,0,13,136
11.5,9,0,14,136
11.5,9,0,15,137
11.5,9,1,0,129
11.5,9,1,1,129
11.5,9,1,2,130
11.5,9,1,3,131
11.5,9,1,4,131
11.5,9,1,5,132
11.5,9,1,6,132
11.5,9,1,7,133
11.5,9,1,8,134
11.5,9,1,9,134
11.5,9,1,10,135
11.5,9,1,11,135
11.5,9,1,12,136
11.5,9,1,13,137
11.5,9,1,14,137
11.5,9,1,15,138
11.5,9,2,0,129
11.5,9,2,1,130
11.5,9,2,2,131
11.5,9,2,3,131
11.5,9,2,4,132
11.5,9,2,5,133
11.5,9,2,6,133
11.5,9,2,7,134
11.5,9,2,8,134
11.5,9,2,9,135
11.5,9,2,10,136
11.5,9,2,11,136
11.5,9,2,12,137
11.5,9,2,13,137
11.5,9,2,14,138
11.5,9,2,15,139
11.5,9,3,0,130
11.5,9,3,1,131
11.5,9,3,2,132
11.5,9,3,3,132
11.5,9,3,4,133
11.5,9,3,5,133
11.5,9,3,6,134
11.5,9,3,7,135
11.5,9,3,8,135
11.5,9,3,9,136
11.5,9,3,10,136
11.5,9,3,11,137
11.5,9,3,12,138
11.5,9,3,13,138
11.5,9,3,14,139
11.5,9,3,15,140
11.5,9,4,0,131
11.5,9,4,1,132
11.5,9,4,2,132
11.5,9,4,3,133
11.5,9,4,4,134
11.5,9,4,5,134
11.5,9,4,6,135
11.5,9,4,7,135
11.5,9,4,8,136
11.5,9,4,9,137
11.5,9,4,10,137
11.5,9,4,11,138
11.5,9,4,12,139
11.5,9,4,13,139
11.5,9,4,14,140
11.5,9,4,15,140
11.5,9,5,0,132
11.5,9,5,1,132
11.5,9,5,2,133
11.5,9,5,3,134
11.5,9,5,4,134
11.5,9,5,5,135
11.5,9,5,6,136
11.5,9,5,7,136
11.5,9,5,8,137
11.5,9,5,9,137
11.5,9,5,10,138
11.5,9,5,11,139
11.5,9,5,12,139
11.5,9,5,13,140
11.5,9,5,14,141
11.5,9,5,15,141
11.5,9,6,0,132
11.5,9,6,1,133
11.5,9,6,2,134
11.5,9,6,3,134
11.5,9,6,4,135
11.5,9,6,5,136
11.5,9,6,6,136
11.5,9,6,7,137
11.5,9,6,8,138
11.5,9,6,9,138
11.5,9,6,10,139
11.5,9,6,11,139
11.5,9,6,12,140
11.5,9,6,13,141
11.5,9,6,14,141
11.5,9,6,15,142
11.5,9,7,0,133
11.5,9,7,1,134
11.5,9,7,2,135
11.5,9,7,3,135
11.5,9,7,4,136
11.5,9,7,5,136
11.5,9,7,6,137
11.5,9,7,7,138
11.5,9,7,8,138
11.5,9,7,9,139
11.5,9,7,10,140
11.5,9,7,11,140
11.5,9,7,12,141
11.5,9,7,13,142
11.5,9,7,14,142
11.5,9,7,15,143
11.5,9,8,0,134
11.5,9,8,1,135
11.5,9,8,2,135
11.5,9,8,3,136
11.5,9,8,4,137
11.5,9,8,5,137
11.5,9,8,6,138
11.5,9,8,7,139
11.5,9,8,8,139
11.5,9,8,9,140
11.5,9,8,10,140
11.5,9,8,11,141
11.5,9,8,12,142
11.5,9,8,13,142
11.5,9,8,14,143
11.5,9,8,15,144
11.5,9,9,0,135
11.5,9,9,1,135
11.5,9,9,2,136
11.5,9,9,3,137
11.5,9,9,4,137
11.5,9,9,5,138
11.5,9,9,6,139
11.5,9,9,7,139
11.5,9,9,8,140
11.5,9,9,9,141
11.5,9,9,10,141
11.5,9,9,11,142
11.5,9,9,12,142
11.5,9,9,13,143
11.5,9,9,14,144
11.5,9,9,15,144
11.5,9,10,0,135
11.5,9,10,1,136
11.5,9,10,2,137
11.5,9,10,3,137
11.5,9,10,4,138
11.5,9,10,5,139
11.5,9,10,6,139
11.5,9,10,7,140
11.5,9,10,8,141
11.5,9,10,9,141
11.5,9,10,10,142
11.5,9,10,11,143
11.5,9,10,12,143
11.5,9,10,13,144
11.5,9,10,14,144
11.5,9,10,15,145
11.5,9,11,0,136
11.5,9,11,1,137
11.5,9,11,2,138
11.5,9,11,3,138
11.5,9,11,4,139
11.5,9,11,5,139
11.5,9,11,6,140
11.5,9,11,7,141
11.5,9,11,8,141
11.5,9,11,9,142
11.5,9,11,10,143
11.5,9,11,11,143
11.5,9,11,12,144
11.5,9,11,13,145
11.5,9,11,14,145
11.5,9,11,15,146
11.5,9,12,0,137
11.5,9,12,1,138
11.5,9,12,2,138
11.5,9,12,3,139
11.5,9,12,4,140
11.5,9,12,5,140
11.5,9,12,6,141
11.5,9,12,7,142
11.5,9,12,8,142
11.5,9,12,9,143
11.5,9,12,10,143
11.5,9,12,11,144
11.5,9,12,12,145
11.5,9,12,13,145
11.5,9,12,14,146
11.5,9,12,15,147
11.5,9,13,0,138
11.5,9,13,1,138
11.5,9,13,2,139
11.5,9,13,3,140
11.5,9,13,4,140
11.5,9,13,5,141
11.5,9,13,6,142
11.5,9,13,7,142
11.5,9,13,8,143
11.5,9,13,9,144
11.5,9,13,10,144
11.5,9,13,11,145
11.5,9,13,12,146
11.5,9,13,13,146
11.5,9,13,14,147
11.5,9,13,15,147
11.5,9,14,0,138
11.5,9,14,1,139
11.5,9,14,2,140
11.5,9,14,3,140
11.5,9,14,4,141
11.5,9,14,5,142
11.5,9,14,6,142
11.5,9,14,7,143
11.5,9,14,8,144
11.5,9,14,9,144
11.5,9,14,10,145
11.5,9,14,11,146
11.5,9,14,12,146
11.5,9,14,13,147
11.5,9,14,14,148
11.5,9,14,15,148
11.5,9,15,0,139
11.5,9,15,1,140
11.5,9,15,2,140
11.5,9,15,3,141
11.5,9,15,4,142
11.5,9,15,5,142
11.5,9,15,6,143
11.5,9,15,7,144
11.5,9,15,8,144
11.5,9,15,9,145
11.5,9,15,10,146
11.5,9,15,11,146
11.5,9,15,12,147
11.5,9,15,13,148
11.5,9,15,14,148
11.5,9,15,15,149
11.5,10,0,0,130
11.5,10,0,1,130
11.5,10,0,2,131
11.5,10,0,3,132
11.5,10,0,4,132
11.5,10,0,5,133
11.5,10,0,6,134
11.5,10,0,7,134
11.5,10,0,8,135
11.5,10,0,9,135
11.5,10,0,10,136
11.5,10,0,11,137
11.5,10,0,12,137
11.5,10,0,13,138
11.5,10,0,14,138
11.5,10,0,15,139
11.5,10,1,0,131
11.5,10,1,1,131
11.5,10,1,2,132
11.5,10,1,3,133
11.5,10,1,4,133
11.5,10,1,5,134
11.5,10,1,6,134
11.5,10,1,7,135
11.5,10,1,8,136
11.5,10,1,9,136
11.5,10,1,10,137
11.5,10,1,11,137
11.5,10,1,12,138
11.5,10,1,13,139
11.5,10,1,14,139
11.5,10,1,15,140
11.5,10,2,0,131
11.5,10,2,1,132
11.5,10,2,2,133
11.5,10,2,3,133
11.5,10,2,4,134
11.5,10,2,5,135
11.5,10,2,6,135
11.5,10,2,7,136
11.5,10,2,8,136
11.5,10,2,9,137
11.5,10,2,10,138
11.5,10,2,11,138
11.5,10,2,12,139
11.5,10,2,13,140
11.5,10,2,14,140
11.5,10,2,15,141
11.5,10,3,0,132
11.5,10,3,1,133
11.5,10,3,2,133
11.5,10,3,3,134
11.5,10,3,4,135
11.5,10,3,5,135
11.5,10,3,6,136
11.5,10,3,7,137
11.5,10,3,8,137
11.5,10,3,9,138
11.5,10,3,10,139
11.5,10,3,11,139
11.5,10,3,12,140
11.5,10,3,13,140
11.5,10,3,14,141
11.5,10,3,15,142
11.5,10,4,0,133
11.5,10,4,1,134
11.5,10,4,2,134
11.5,10,4,3,135
11.5,10,4,4,136
11.5,10,4,5,136
11.5,10,4,6,137
11.5,10,4,7,137
11.5,10,4,8,138
11.5,10,4,9,139
11.5,10,4,10,139
11.5,10,4,11,140
11.5,10,4,12,141
11.5,10,4,13,141
11.5,10,4,14,142
11.5,10,4,15,142
11.5,10,5,0,134
11.5,10,5,1,134
11.5,10,5,2,135
11.5,10,5,3,136
11.5,10,5,4,136
11.5,10,5,5,137
11.5,10,5,6,138
11.5,10,5,7,138
11.5,10,5,8,139
11.5,10,5,9,139
11.5,10,5,10,140
11.5,10,5,11,141
11.5,10,5,12,141
11.5,10,5,13,142
11.5,10,5,14,143
11.5,10,5,15,143
11.5,10,6,0,134
11.5,10,6,1,135
11.5,10,6,2,136
11.5,10,6,3,136
11.5,10,6,4,137
11.5,10,6,5,138
11.5,10,6,6,138
11.5,10,6,7,139
11.5,10,6,8,140
11.5,10,6,9,140
11.5,10,6,10,141
11.5,10,6,11,142
11.5,10,6,12,142
11.5,10,6,13,143
11.5,10,6,14,143
11.5,10,6,15,144
11.5,10,7,0,135
11.5,10,7,1,136
11.5,10,7,2,137
11.5,10,7,3,137
11.5,10,7,4,138
11.5,10,7,5,138
11.5,10,7,6,139
11.5,10,7,7,140
11.5,10,7,8,140
11.5,10,7,9,141
11.5,10,7,10,142
11.5,10,7,11,142
11.5,10,7,12,143
11.5,10,7,13,144
11.5,10,7,14,144
11.5,10,7,15,145
11.5,10,8,0,136
11.5,10,8,1,137
11.5,10,8,2,137
11.5,10,8,3,138
11.5,10,8,4,139
11.5,10,8,5,139
11.5,10,8,6,140
11.5,10,8,7,141
11.5,10,8,8,141
11.5,10,8,9,142
11.5,10,8,10,142
11.5,10,8,11,143
11.5,10,8,12,144
11.5,10,8,13,144
11.5,10,8,14,145
11.5,10,8,15,146
11.5,10,9,0,137
11.5,10,9,1,137
11.5,10,9,2,138
11.5,10,9,3,139
11.5,10,9,4,139
11.5,10,9,5,140
11.5,10,9,6,141
11.5,10,9,7,141
11.5,10,9,8,142
11.5,10,9,9,143
11.5,10,9,10,143
11.5,10,9,11,144
11.5,10,9,12,145
11.5,10,9,13,145
11.5,10,9,14,146
11.5,10,9,15,146
11.5,10,10,0,137
11.5,10,10,1,138
11.5,10,10,2,139
11.5,10,10,3,139
11.5,10,10,4,140
11.5,10,10,5,141
11.5,10,10,6,141
11.5,10,10,7,142
11.5,10,10,8,143
11.5,10,10,9,143
11.5,10,10,10,144
11.5,10,10,11,145
11.5,10,10,12,145
11.5,10,10,13,146
11.5,10,10,14,147
11.5,10,10,15,147
11.5,10,11,0,138
11.5,10,11,1,139
11.5,10,11,2,140
11.5,10,11,3,140
11.5,10,11,4,141
11.5,10,11,5,142
11.5,10,11,6,142
11.5,10,11,7,143
11.5,10,11,8,144
11.5,10,11,9,144
11.5,10,11,10,145
11.5,10,11,11,145
11.5,10,11,12,146
11.5,10,11,13,147
11.5,10,11,14,147
11.5,10,11,15,148
11.5,10,12,0,139
11.5,10,12,1,140
11.5,10,12,2,140
11.5,10,12,3,141
11.5,10,12,4,142
11.5,10,12,5,142
11.5,10,12,6,143
11.5,10,12,7,144
11.5,10,12,8,144
11.5,10,12,9,145
11.5,10,12,10,146
11.5,10,12,11,146
11.5,10,12,12,147
11.5,10,12,13,148
11.5,10,12,14,148
11.5,10,12,15,149
11.5,10,13,0,140
11.5,10,13,1,140
11.5,10,13,2,141
11.5,10,13,3,142
11.5,10,13,4,142
11.5,10,13,5,143
11.5,10,13,6,144
11.5,10,13,7,144
11.5,10,13,8,145
11.5,10,13,9,146
11.5,10,13,10,146
11.5,10,13,11,147
11.5,10,13,12,148
11.5,10,13,13,148
11.5,10,13,14,149
11.5,10,13,15,150
11.5,10,14,0,140
11.5,10,14,1,141
11.5,10,14,2,142
11.5,10,14,3,142
11.5,10,14,4,143
11.5,10,14,5,144
11.5,10,14,6,144
11.5,10,14,7,145
11.5,10,14,8,146
11.5,10,14,9,146
11.5,10,14,10,147
11.5,10,14,11,148
11.5,10,14,12,148
11.5,10,14,13,149
11.5,10,14,14,150
11.5,10,14,15,150
11.5,10,15,0,141
11.5,10,15,1,142
11.5,10,15,2,142
11.5,10,15,3,143
11.5,10,15,4,144
11.5,10,15,5,145
11.5,10,15,6,145
11.5,10,15,7,146
11.5,10,15,8,147
11.5,10,15,9,147
11.5,10,15,10,148
11.5,10,15,11,149
11.5,10,15,12,149
11.5,10,15,13,150
11.5,10,15,14,151
11.5,10,15,15,151
11.5,11,0,0,132
11.5,11,0,1,132
11.5,11,0,2,133
11.5,11,0,3,134
11.5,11,0,4,134
11.5,11,0,5,135
11.5,11,0,6,136
11.5,11,0,7,136
11.5,11,0,8,137
11.5,11,0,9,137
11.5,11,0,10,138
11.5,11,0,11,139
11.5,11,0,12,139
11.5,11,0,13,140
11.5,11,0,14,140
11.5,11,0,15,141
11.5,11,1,0,132
11.5,11,1,1,133
11.5,11,1,2,134
11.5,11,1,3,134
11.5,11,1,4,135
11.5,11,1,5,136
11.5,11,1,6,136
11.5,11,1,7,137
11.5,11,1,8,138
11.5,11,1,9,138
11.5,11,1,10,139
11.5,11,1,11,139
11.5,11,1,12,140
11.5,11,1,13,141
11.5,11,1,14,141
11.5,11,1,15,142
11.5,11,2,0,133
11.5,11,2,1,134
11.5,11,2,2,135
11.5,11,2,3,135
11.5,11,2,4,136
11.5,11,2,5,137
11.5,11,2,6,137
11.5,11,2,7,138
11.5,11,2,8,138
11.5,11,2,9,139
11.5,11,2,10,140
11.5,11,2,11,140
11.5,11,2,12,141
11.5,11,2,13,142
11.5,11,2,14,142
11.5,11,2,15,143
11.5,11,3,0,134
11.5,11,3,1,135
11.5,11,3,2,135
11.5,11,3,3,136
11.5,11,3,4,137
11.5,11,3,5,137
11.5,11,3,6,138
11.5,11,3,7,139
11.5,11,3,8,139
11.5,11,3,9,140
11.5,11,3,10,141
11.5,11,3,11,141
11.5,11,3,12,142
11.5,11,3,13,142
11.5,11,3,14,143
11.5,11,3,15,144
11.5,11,4,0,135
11.5,11,4,1,136
11.5,11,4,2,136
11.5,11,4,3,137
11.5,11,4,4,137
11.5,11,4,5,138
11.5,11,4,6,139
11.5,11,4,7,139
11.5,11,4,8,140
11.5,11,4,9,141
11.5,11,4,10,141
11.5,11,4,11,142
11.5,11,4,12,143
11.5,11,4,13,143
11.5,11,4,14,144
11.5,11,4,15,144
11.5,11,5,0,136
11.5,11,5,1,136
11.5,11,5,2,137
11.5,11,5,3,138
11.5,11,5,4,138
11.5,11,5,5,139
11.5,11,5,6,140
11.5,11,5,7,140
11.5,11,5,8,141
11.5,11,5,9,142
11.5,11,5,10,142
11.5,11,5,11,143
11.5,11,5,12,143
11.5,11,5,13,144
11.5,11,5,14,145
11.5,11,5,15,145
11.5,11,6,0,136
11.5,11,6,1,137
11.5,11,6,2,138
11.5,11,6,3,138
11.5,11,6,4,139
11.5,11,6,5,140
11.5,11,6,6,140
11.5,11,6,7,141
11.5,11,6,8,142
11.5,11,6,9,142
11.5,11,6,10,143
11.5,11,6,11,144
11.5,11,6,12,144
11.5,11,6,13,145
11.5,11,6,14,145
11.5,11,6,15,146
11.5,11,7,0,137
11.5,11,7,1,138
11.5,11,7,2,139
11.5,11,7,3,139
11.5,11,7,4,140
11.5,11,7,5,141
11.5,11,7,6,141
11.5,11,7,7,142
11.5,11,7,8,142
11.5,11,7,9,143
11.5,11,7,10,144
11.5,11,7,11,144
11.5,11,7,12,145
11.5,11,7,13,146
11.5,11,7,14,146
11.5,11,7,15,147
11.5,11,8,0,138
11.5,11,8,1,139
11.5,11,8,2,139
11.5,11,8,3,140
11.5,11,8,4,141
11.5,11,8,5,141
11.5,11,8,6,142
11.5,11,8,7,143
11.5,11,8,8,143
11.5,11,8,9,144
11.5,11,8,10,145
11.5,11,8,11,145
11.5,11,8,12,146
11.5,11,8,13,146
11.5,11,8,14,147
11.5,11,8,15,148
11.5,11,9,0,139
11.5,11,9,1,139
11.5,11,9,2,140
11.5,11,9,3,141
11.5,11,9,4,141
11.5,11,9,5,142
11.5,11,9,6,143
11.5,11,9,7,143
11.5,11,9,8,144
11.5,11,9,9,145
11.5,11,9,10,145
11.5,11,9,11,146
11.5,11,9,12,147
11.5,11,9,13,147
11.5,11,9,14,148
11.5,11,9,15,149
11.5,11,10,0,139
11.5,11,10,1,140
11.5,11,10,2,141
11.5,11,10,3,141
11.5,11,10,4,142
11.5,11,10,5,143
11.5,11,10,6,144
11.5,11,10,7,144
11.5,11,10,8,145
11.5,11,10,9,145
11.5,11,10,10,146
11.5,11,10,11,147
11.5,11,10,12,147
11.5,11,10,13,148
11.5,11,10,14,149
11.5,11,10,15,149
11.5,11,11,0,140
11.5,11,11,1,141
11.5,11,11,2,142
11.5,11,11,3,142
11.5,11,11,4,143
11.5,11,11,5,144
11.5,11,11,6,144
11.5,11,11,7,145
11.5,11,11,8,146
11.5,11,11,9,146
11.5,11,11,10,147
11.5,11,11,11,148
11.5,11,11,12,148
11.5,11,11,13,149
11.5,11,11,14,150
11.5,11,11,15,150
11.5,11,12,0,141
11.5,11,12,1,142
11.5,11,12,2,142
11.5,11,12,3,143
11.5,11,12,4,144
11.5,11,12,5,144
11.5,11,12,6,145
11.5,11,12,7,146
11.5,11,12,8,146
11.5,11,12,9,147
11.5,11,12,10,148
11.5,11,12,11,148
11.5,11,12,12,149
11.5,11,12,13,150
11.5,11,12,14,150
11.5,11,12,15,151
11.5,11,13,0,142
11.5,11,13,1,142
11.5,11,13,2,143
11.5,11,13,3,144
11.5,11,13,4,144
11.5,11,13,5,145
11.5,11,13,6,146
11.5,11,13,7,146
11.5,11,13,8,147
11.5,11,13,9,148
11.5,11,13,10,148
11.5,11,13,11,149
11.5,11,13,12,150
11.5,11,13,13,150
11.5,11,13,14,151
11.5,11,13,15,152
11.5,11,14,0,142
11.5,11,14,1,143
11.5,11,14,2,144
11.5,11,14,3,145
11.5,11,14,4,145
11.5,11,14,5,146
11.5,11,14,6,147
11.5,11,14,7,147
11.5,11,14,8,148
11.5,11,14,9,149
11.5,11,14,10,149
11.5,11,14,11,150
11.5,11,14,12,151
11.5,11,14,13,151
11.5,11,14,14,152
11.5,11,14,15,153
11.5,11,15,0,143
11.5,11,15,1,144
11.5,11,15,2,145
11.5,11,15,3,145
11.5,11,15,4,146
11.5,11,15,5,147
11.5,11,15,6,147
11.5,11,15,7,148
11.5,11,15,8,149
11.5,11,15,9,149
11.5,11,15,10,150
11.5,11,15,11,151
11.5,11,15,12,151
11.5,11,15,13,152
11.5,11,15,14,153
11.5,11,15,15,153
11.5,12,0,0,134
11.5,12,0,1,134
11.5,12,0,2,135
11.5,12,0,3,136
11.5,12,0,4,136
11.5,12,0,5,137
11.5,12,0,6,137
11.5,12,0,7,138
11.5,12,0,8,139
11.5,12,0,9,139
11.5,12,0,10,140
11.5,12,0,11,141
11.5,12,0,12,141
11.5,12,0,13,142
11.5,12,0,14,143
11.5,12,0,15,143
11.5,12,1,0,134
11.5,12,1,1,135
11.5,12,1,2,136
11.5,12,1,3,136
11.5,12,1,4,137
11.5,12,1,5,138
11.5,12,1,6,138
11.5,12,1,7,139
11.5,12,1,8,140
11.5,12,1,9,140
11.5,12,1,10,141
11.5,12,1,11,141
11.5,12,1,12,142
11.5,12,1,13,143
11.5,12,1,14,143
11.5,12,1,15,144
11.5,12,2,0,135
11.5,12,2,1,136
11.5,12,2,2,137
11.5,12,2,3,137
11.5,12,2,4,138
11.5,12,2,5,138
11.5,12,2,6,139
11.5,12,2,7,140
11.5,12,2,8,140
11.5,12,2,9,141
11.5,12,2,10,142
11.5,12,2,11,142
11.5,12,2,12,143
11.5,12,2,13,144
11.5,12,2,14,144
11.5,12,2,15,145
11.5,12,3,0,136
11.5,12,3,1,137
11.5,12,3,2,137
11.5,12,3,3,138
11.5,12,3,4,139
11.5,12,3,5,139
11.5,12,3,6,140
11.5,12,3,7,141
11.5,12,3,8,141
11.5,12,3,9,142
11.5,12,3,10,143
11.5,12,3,11,143
11.5,12,3,12,144
11.5,12,3,13,144
11.5,12,3,14,145
11.5,12,3,15,146
11.5,12,4,0,137
11.5,12,4,1,137
11.5,12,4,2,138
11.5,12,4,3,139
11.5,12,4,4,139
11.5,12,4,5,140
11.5,12,4,6,141
11.5,12,4,7,141
11.5,12,4,8,142
11.5,12,4,9,143
11.5,12,4,10,143
11.5,12,4,11,144
11.5,12,4,12,145
11.5,12,4,13,145
11.5,12,4,14,146
11.5,12,4,15,147
11.5,12,5,0,138
11.5,12,5,1,138
11.5,12,5,2,139
11.5,12,5,3,140
11.5,12,5,4,140
11.5,12,5,5,141
11.5,12,5,6,142
11.5,12,5,7,142
11.5,12,5,8,143
11.5,12,5,9,144
11.5,12,5,10,144
11.5,12,5,11,145
11.5,12,5,12,145
11.5,12,5,13,146
11.5,12,5,14,147
11.5,12,5,15,147
11.5,12,6,0,138
11.5,12,6,1,139
11.5,12,6,2,140
11.5,12,6,3,140
11.5,12,6,4,141
11.5,12,6,5,142
11.5,12,6,6,142
11.5,12,6,7,143
11.5,12,6,8,144
11.5,12,6,9,144
11.5,12,6,10,145
11.5,12,6,11,146
11.5,12,6,12,146
11.5,12,6,13,147
11.5,12,6,14,148
11.5,12,6,15,148
11.5,12,7,0,139
11.5,12,7,1,140
11.5,12,7,2,140
11.5,12,7,3,141
11.5,12,7,4,142
11.5,12,7,5,143
11.5,12,7,6,143
11.5,12,7,7,144
11.5,12,7,8,145
11.5,12,7,9,145
11.5,12,7,10,146
11.5,12,7,11,146
11.5,12,7,12,147
11.5,12,7,13,148
11.5,12,7,14,148
11.5,12,7,15,149
11.5,12,8,0,140
11.5,12,8,1,141
11.5,12,8,2,141
11.5,12,8,3,142
11.5,12,8,4,143
11.5,12,8,5,143
11.5,12,8,6,144
11.5,12,8,7,145
11.5,12,8,8,145
11.5,12,8,9,146
11.5,12,8,10,147
11.5,12,8,11,147
11.5,12,8,12,148
11.5,12,8,13,149
11.5,12,8,14,149
11.5,12,8,15,150
11.5,12,9,0,141
11.5,12,9,1,141
11.5,12,9,2,142
11.5,12,9,3,143
11.5,12,9,4,143
11.5,12,9,5,144
11.5,12,9,6,145
11.5,12,9,7,145
11.5,12,9,8,146
11.5,12,9,9,147
11.5,12,9,10,147
11.5,12,9,11,148
11.5,12,9,12,149
11.5,12,9,13,149
11.5,12,9,14,150
11.5,12,9,15,151
11.5,12,10,0,141
11.5,12,10,1,142
11.5,12,10,2,143
11.5,12,10,3,144
11.5,12,10,4,144
11.5,12,10,5,145
11.5,12,10,6,146
11.5,12,10,7,146
11.5,12,10,8,147
11.5,12,10,9,148
11.5,12,10,10,148
11.5,12,10,11,149
11.5,12,10,12,150
11.5,12,10,13,150
11.5,12,10,14,151
11.5,12,10,15,152
11.5,12,11,0,142
11.5,12,11,1,143
11.5,12,11,2,144
11.5,12,11,3,144
11.5,12,11,4,145
11.5,12,11,5,146
11.5,12,11,6,146
11.5,12,11,7,147
11.5,12,11,8,148
11.5,12,11,9,148
11.5,12,11,10,149
11.5,12,11,11,150
11.5,12,11,12,150
11.5,12,11,13,151
11.5,12,11,14,152
11.5,12,11,15,152
11.5,12,12,0,143
11.5,12,12,1,144
11.5,12,12,2,144
11.5,12,12,3,145
11.5,12,12,4,146
11.5,12,12,5,146
11.5,12,12,6,147
11.5,12,12,7,148
11.5,12,12,8,148
11.5,12,12,9,149
11.5,12,12,10,150
11.5,12,12,11,150
11.5,12,12,12,151
11.5,12,12,13,152
11.5,12,12,14,152
11.5,12,12,15,153
11.5,12,13,0,144
11.5,12,13,1,144
11.5,12,13,2,145
11.5,12,13,3,146
11.5,12,13,4,147
11.5,12,13,5,147
11.5,12,13,6,148
11.5,12,13,7,149
11.5,12,13,8,149
11.5,12,13,9,150
11.5,12,13,10,151
11.5,12,13,11,151
11.5,12,13,12,152
11.5,12,13,13,153
11.5,12,13,14,153
11.5,12,13,15,154
11.5,12,14,0,144
11.5,12,14,1,145
11.5,12,14,2,146
11.5,12,14,3,147
11.5,12,14,4,147
11.5,12,14,5,148
11.5,12,14,6,149
11.5,12,14,7,149
11.5,12,14,8,150
11.5,12,14,9,151
11.5,12,14,10,151
11.5,12,14,11,152
11.5,12,14,12,153
11.5,12,14,13,153
11.5,12,14,14,154
11.5,12,14,15,155
11.5,12,15,0,145
11.5,12,15,1,146
11.5,12,15,2,147
11.5,12,15,3,147
11.5,12,15,4,148
11.5,12,15,5,149
11.5,12,15,6,149
11.5,12,15,7,150
11.5,12,15,8,151
11.5,12,15,9,152
11.5,12,15,10,152
11.5,12,15,11,153
11.5,12,15,12,154
11.5,12,15,13,154
11.5,12,15,14,155
11.5,12,15,15,156
11.5,13,0,0,135
11.5,13,0,1,136
11.5,13,0,2,137
11.5,13,0,3,137
11.5,13,0,4,138
11.5,13,0,5,139
11.5,13,0,6,139
11.5,13,0,7,140
11.5,13,0,8,141
11.5,13,0,9,141
11.5,13,0,10,142
11.5,13,0,11,143
11.5,13,0,12,143
11.5,13,0,13,144
11.5,13,0,14,145
11.5,13,0,15,145
11.5,13,1,0,136
11.5,13,1,1,137
11.5,13,1,2,138
11.5,13,1,3,138
11.5,13,1,4,139
11.5,13,1,5,140
11.5,13,1,6,140
11.5,13,1,7,141
11.5,13,1,8,142
11.5,13,1,9,142
11.5,13,1,10,143
11.5,13,1,11,143
11.5,13,1,12,144
11.5,13,1,13,145
11.5,13,1,14,145
11.5,13,1,15,146
11.5,13,2,0,137
11.5,13,2,1,138
11.5,13,2,2,138
11.5,13,2,3,139
11.5,13,2,4,140
11.5,13,2,5,140
11.5,13,2,6,141
11.5,13,2,7,142
11.5,13,2,8,142
11.5,13,2,9,143
11.5,13,2,10,144
11.5,13,2,11,144
11.5,13,2,12,145
11.5,13,2,13,146
11.5,13,2,14,146
11.5,13,2,15,147
11.5,13,3,0,138
11.5,13,3,1,139
11.5,13,3,2,139
11.5,13,3,3,140
11.5,13,3,4,141
11.5,13,3,5,141
11.5,13,3,6,142
11.5,13,3,7,143
11.5,13,3,8,143
11.5,13,3,9,144
11.5,13,3,10,145
11.5,13,3,11,145
11.5,13,3,12,146
11.5,13,3,13,146
11.5,13,3,14,147
11.5,13,3,15,148
11.5,13,4,0,139
11.5,13,4,1,139
11.5,13,4,2,140
11.5,13,4,3,141
11.5,13,4,4,141
11.5,13,4,5,142
11.5,13,4,6,143
11.5,13,4,7,143
11.5,13,4,8,144
11.5,13,4,9,145
11.5,13,4,10,145
11.5,13,4,11,146
11.5,13,4,12,147
11.5,13,4,13,147
11.5,13,4,14,148
11.5,13,4,15,149
11.5,13,5,0,140
11.5,13,5,1,140
11.5,13,5,2,141
11.5,13,5,3,142
11.5,13,5,4,142
11.5,13,5,5,143
11.5,13,5,6,144
11.5,13,5,7,144
11.5,13,5,8,145
11.5,13,5,9,146
11.5,13,5,10,146
11.5,13,5,11,147
11.5,13,5,12,148
11.5,13,5,13,148
11.5,13,5,14,149
11.5,13,5,15,149
11.5,13,6,0,140
11.5,13,6,1,141
11.5,13,6,2,142
11.5,13,6,3,142
11.5,13,6,4,143
11.5,13,6,5,144
11.5,13,6,6,144
11.5,13,6,7,145
11.5,13,6,8,146
11.5,13,6,9,146
11.5,13,6,10,147
11.5,13,6,11,148
11.5,13,6,12,148
11.5,13,6,13,149
11.5,13,6,14,150
11.5,13,6,15,150
11.5,13,7,0,141
11.5,13,7,1,142
11.5,13,7,2,142
11.5,13,7,3,143
11.5,13,7,4,144
11.5,13,7,5,145
11.5,13,7,6,145
11.5,13,7,7,146
11.5,13,7,8,147
11.5,13,7,9,147
11.5,13,7,10,148
11.5,13,7,11,149
11.5,13,7,12,149
11.5,13,7,13,150
11.5,13,7,14,151
11.5,13,7,15,151
11.5,13,8,0,142
11.5,13,8,1,143
11.5,13,8,2,143
11.5,13,8,3,144
11.5,13,8,4,145
11.5,13,8,5,145
11.5,13,8,6,146
11.5,13,8,7,147
11.5,13,8,8,147
11.5,13,8,9,148
11.5,13,8,10,149
11.5,13,8,11,149
11.5,13,8,12,150
11.5,13,8,13,151
11.5,13,8,14,151
11.5,13,8,15,152
11.5,13,9,0,143
11.5,13,9,1,143
11.5,13,9,2,144
11.5,13,9,3,145
11.5,13,9,4,145
11.5,13,9,5,146
11.5,13,9,6,147
11.5,13,9,7,147
11.5,13,9,8,148
11.5,13,9,9,149
11.5,13,9,10,150
11.5,13,9,11,150
11.5,13,9,12,151
11.5,13,9,13,152
11.5,13,9,14,152
11.5,13,9,15,153
11.5,13,10,0,143
11.5,13,10,1,144
11.5,13,10,2,145
11.5,13,10,3,146
11.5,13,10,4,146
11.5,13,10,5,147
11.5,13,10,6,148
11.5,13,10,7,148
11.5,13,10,8,149
11.5,13,10,9,150
11.5,13,10,10,150
11.5,13,10,11,151
11.5,13,10,12,152
11.5,13,10,13,152
11.5,13,10,14,153
11.5,13,10,15,154
11.5,13,11,0,144
11.5,13,11,1,145
11.5,13,11,2,146
11.5,13,11,3,146
11.5,13,11,4,147
11.5,13,11,5,148
11.5,13,11,6,148
11.5,13,11,7,149
11.5,13,11,8,150
11.5,13,11,9,150
11.5,13,11,10,151
11.5,13,11,11,152
11.5,13,11,12,152
11.5,13,11,13,153
11.5,13,11,14,154
11.5,13,11,15,154
11.5,13,12,0,145
11.5,13,12,1,146
11.5,13,12,2,146
11.5,13,12,3,147
11.5,13,12,4,148
11.5,13,12,5,149
11.5,13,12,6,149
11.5,13,12,7,150
11.5,13,12,8,151
11.5,13,12,9,151
11.5,13,12,10,152
11.5,13,12,11,153
11.5,13,12,12,153
11.5,13,12,13,154
11.5,13,12,14,155
11.5,13,12,15,155
11.5,13,13,0,146
11.5,13,13,1,146
11.5,13,13,2,147
11.5,13,13,3,148
11.5,13,13,4,149
11.5,13,13,5,149
11.5,13,13,6,150
11.5,13,13,7,151
11.5,13,13,8,151
11.5,13,13,9,152
11.5,13,13,10,153
11.5,13,13,11,153
11.5,13,13,12,154
11.5,13,13,13,155
11.5,13,13,14,155
11.5,13,13,15,156
11.5,13,14,0,147
11.5,13,14,1,147
11.5,13,14,2,148
11.5,13,14,3,149
11.5,13,14,4,149
11.5,13,14,5,150
11.5,13,14,6,151
11.5,13,14,7,151
11.5,13,14,8,152
11.5,13,14,9,153
11.5,13,14,10,154
11.5,13,14,11,154
11.5,13,14,12,155
11.5,13,14,13,156
11.5,13,14,14,156
11.5,13,14,15,157
11.5,13,15,0,147
11.5,13,15,1,148
11.5,13,15,2,149
11.5,13,15,3,149
11.5,13,15,4,150
11.5,13,15,5,151
11.5,13,15,6,152
11.5,13,15,7,152
11.5,13,15,8,153
11.5,13,15,9,154
11.5,13,15,10,154
11.5,13,15,11,155
11.5,13,15,12,156
11.5,13,15,13,156
11.5,13,15,14,157
11.5,13,15,15,158
11.5,14,0,0,137
11.5,14,0,1,138
11.5,14,0,2,139
11.5,14,0,3,139
11.5,14,0,4,140
11.5,14,0,5,141
11.5,14,0,6,141
11.5,14,0,7,142
11.5,14,0,8,143
11.5,14,0,9,143
11.5,14,0,10,144
11.5,14,0,11,145
11.5,14,0,12,145
11.5,14,0,13,146
11.5,14,0,14,147
11.5,14,0,15,147
11.5,14,1,0,138
11.5,14,1,1,139
11.5,14,1,2,140
11.5,14,1,3,140
11.5,14,1,4,141
11.5,14,1,5,142
11.5,14,1,6,142
11.5,14,1,7,143
11.5,14,1,8,144
11.5,14,1,9,144
11.5,14,1,10,145
11.5,14,1,11,145
11.5,14,1,12,146
11.5,14,1,13,147
11.5,14,1,14,147
11.5,14,1,15,148
11.5,14,2,0,139
11.5,14,2,1,140
11.5,14,2,2,140
11.5,14,2,3,141
11.5,14,2,4,142
11.5,14,2,5,142
11.5,14,2,6,143
11.5,14,2,7,144
11.5,14,2,8,144
11.5,14,2,9,145
11.5,14,2,10,146
11.5,14,2,11,146
11.5,14,2,12,147
11.5,14,2,13,148
11.5,14,2,14,148
11.5,14,2,15,149
11.5,14,3,0,140
11.5,14,3,1,141
11.5,14,3,2,141
11.5,14,3,3,142
11.5,14,3,4,143
11.5,14,3,5,143
11.5,14,3,6,144
11.5,14,3,7,145
11.5,14,3,8,145
11.5,14,3,9,146
11.5,14,3,10,147
11.5,14,3,11,147
11.5,14,3,12,148
11.5,14,3,13,149
11.5,14,3,14,149
11.5,14,3,15,150
11.5,14,4,0,141
11.5,14,4,1,141
11.5,14,4,2,142
11.5,14,4,3,143
11.5,14,4,4,143
11.5,14,4,5,144
11.5,14,4,6,145
11.5,14,4,7,145
11.5,14,4,8,146
11.5,14,4,9,147
11.5,14,4,10,147
11.5,14,4,11,148
11.5,14,4,12,149
11.5,14,4,13,149
11.5,14,4,14,150
11.5,14,4,15,151
11.5,14,5,0,141
11.5,14,5,1,142
11.5,14,5,2,143
11.5,14,5,3,144
11.5,14,5,4,144
11.5,14,5,5,145
11.5,14,5,6,146
11.5,14,5,7,146
11.5,14,5,8,147
11.5,14,5,9,148
11.5,14,5,10,148
11.5,14,5,11,149
11.5,14,5,12,150
11.5,14,5,13,150
11.5,14,5,14,151
11.5,14,5,15,152
11.5,14,6,0,142
11.5,14,6,1,143
11.5,14,6,2,144
11.5,14,6,3,144
11.5,14,6,4,145
11.5,14,6,5,146
11.5,14,6,6,146
11.5,14,6,7,147
11.5,14,6,8,148
11.5,14,6,9,148
11.5,14,6,10,149
11.5,14,6,11,150
11.5,14,6,12,150
11.5,14,6,13,151
11.5,14,6,14,152
11.5,14,6,15,152
11.5,14,7,0,143
11.5,14,7,1,144
11.5,14,7,2,144
11.5,14,7,3,145
11.5,14,7,4,146
11.5,14,7,5,147
11.5,14,7,6,147
11.5,14,7,7,148
11.5,14,7,8,149
11.5,14,7,9,149
11.5,14,7,10,150
11.5,14,7,11,151
11.5,14,7,12,151
11.5,14,7,13,152
11.5,14,7,14,153
11.5,14,7,15,153
11.5,14,8,0,144
11.5,14,8,1,145
11.5,14,8,2,145
11.5,14,8,3,146
11.5,14,8,4,147
11.5,14,8,5,147
11.5,14,8,6,148
11.5,14,8,7,149
11.5,14,8,8,149
11.5,14,8,9,150
11.5,14,8,10,151
11.5,14,8,11,151
11.5,14,8,12,152
11.5,14,8,13,153
11.5,14,8,14,153
11.5,14,8,15,154
11.5,14,9,0,145
11.5,14,9,1,145
11.5,14,9,2,146
11.5,14,9,3,147
11.5,14,9,4,147
11.5,14,9,5,148
11.5,14,9,6,149
11.5,14,9,7,150
11.5,14,9,8,150
11.5,14,9,9,151
11.5,14,9,10,152
11.5,14,9,11,152
11.5,14,9,12,153
11.5,14,9,13,154
11.5,14,9,14,154
11.5,14,9,15,155
11.5,14,10,0,145
11.5,14,10,1,146
11.5,14,10,2,147
11.5,14,10,3,148
11.5,14,10,4,148
11.5,14,10,5,149
11.5,14,10,6,150
11.5,14,10,7,150
11.5,14,10,8,151
11.5,14,10,9,152
11.5,14,10,10,152
11.5,14,10,11,153
11.5,14,10,12,154
11.5,14,10,13,154
11.5,14,10,14,155
11.5,14,10,15,156
11.5,14,11,0,146
11.5,14,11,1,147
11.5,14,11,2,148
11.5,14,11,3,148
11.5,14,11,4,149
11.5,14,11,5,150
11.5,14,11,6,150
11.5,14,11,7,151
11.5,14,11,8,152
11.5,14,11,9,153
11.5,14,11,10,153
11.5,14,11,11,154
11.5,14,11,12,155
11.5,14,11,13,155
11.5,14,11,14,156
11.5,14,11,15,157
11.5,14,12,0,147
11.5,14,12,1,148
11.5,14,12,2,148
11.5,14,12,3,149
11.5,14,12,4,150
11.5,14,12,5,151
11.5,14,12,6,151
11.5,14,12,7,152
11.5,14,12,8,153
11.5,14,12,9,153
11.5,14,12,10,154
11.5,14,12,11,155
11.5,14,12,12,155
11.5,14,12,13,156
11.5,14,12,14,157
11.5,14,12,15,157
11.5,14,13,0,148
11.5,14,13,1,149
11.5,14,13,2,149
11.5,14,13,3,150
11.5,14,13,4,151
11.5,14,13,5,151
11.5,14,13,6,152
11.5,14,13,7,153
11.5,14,13,8,153
11.5,14,13,9,154
11.5,14,13,10,155
11.5,14,13,11,156
11.5,14,13,12,156
11.5,14,13,13,157
11.5,14,13,14,158
11.5,14,13,15,158
11.5,14,14,0,149
11.5,14,14,1,149
11.5,14,14,2,150
11.5,14,14,3,151
11.5,14,14,4,151
11.5,14,14,5,152
11.5,14,14,6,153
11.5,14,14,7,154
11.5,14,14,8,154
11.5,14,14,9,155
11.5,14,14,10,156
11.5,14,14,11,156
11.5,14,14,12,157
11.5,14,14,13,158
11.5,14,14,14,158
11.5,14,14,15,159
11.5,14,15,0,149
11.5,14,15,1,150
11.5,14,15,2,151
11.5,14,15,3,151
11.5,14,15,4,152
11.5,14,15,5,153
11.5,14,15,6,154
11.5,14,15,7,154
11.5,14,15,8,155
11.5,14,15,9,156
11.5,14,15,10,156
11.5,14,15,11,157
11.5,14,15,12,158
11.5,14,15,13,159
11.5,14,15,14,159
11.5,14,15,15,160
11.5,15,0,0,139
11.5,15,0,1,140
11.5,15,0,2,141
11.5,15,0,3,141
11.5,15,0,4,142
11.5,15,0,5,143
11.5,15,0,6,143
11.5,15,0,7,144
11.5,15,0,8,145
11.5,15,0,9,145
11.5,15,0,10,146
11.5,15,0,11,147
11.5,15,0,12,147
11.5,15,0,13,148
11.5,15,0,14,149
11.5,15,0,15,149
11.5,15,1,0,140
11.5,15,1,1,141
11.5,15,1,2,141
11.5,15,1,3,142
11.5,15,1,4,143
11.5,15,1,5,144
11.5,15,1,6,144
11.5,15,1,7,145
11.5,15,1,8,146
11.5,15,1,9,146
11.5,15,1,10,147
11.5,15,1,11,147
11.5,15,1,12,148
11.5,15,1,13,149
11.5,15,1,14,149
11.5,15,1,15,150
11.5,15,2,0,141
11.5,15,2,1,142
11.5,15,2,2,142
11.5,15,2,3,143
11.5,15,2,4,144
11.5,15,2,5,144
11.5,15,2,6,145
11.5,15,2,7,146
11.5,15,2,8,146
11.5,15,2,9,147
11.5,15,2,10,148
11.5,15,2,11,148
11.5,15,2,12,149
11.5,15,2,13,150
11.5,15,2,14,150
11.5,15,2,15,151
11.5,15,3,0,142
11.5,15,3,1,142
11.5,15,3,2,143
11.5,15,3,3,144
11.5,15,3,4,145
11.5,15,3,5,145
11.5,15,3,6,146
11.5,15,3,7,147
11.5,15,3,8,147
11.5,15,3,9,148
11.5,15,3,10,149
11.5,15,3,11,149
11.5,15,3,12,150
11.5,15,3,13,151
11.5,15,3,14,151
11.5,15,3,15,152
11.5,15,4,0,143
11.5,15,4,1,143
11.5,15,4,2,144
11.5,15,4,3,145
11.5,15,4,4,145
11.5,15,4,5,146
11.5,15,4,6,147
11.5,15,4,7,147
11.5,15,4,8,148
11.5,15,4,9,149
11.5,15,4,10,149
11.5,15,4,11,150
11.5,15,4,12,151
11.5,15,4,13,151
11.5,15,4,14,152
11.5,15,4,15,153
11.5,15,5,0,143
11.5,15,5,1,144
11.5,15,5,2,145
11.5,15,5,3,146
11.5,15,5,4,146
11.5,15,5,5,147
11.5,15,5,6,148
11.5,15,5,7,148
11.5,15,5,8,149
11.5,15,5,9,150
11.5,15,5,10,150
11.5,15,5,11,151
11.5,15,5,12,152
11.5,15,5,13,152
11.5,15,5,14,153
11.5,15,5,15,154
11.5,15,6,0,144
11.5,15,6,1,145
11.5,15,6,2,146
11.5,15,6,3,146
11.5,15,6,4,147
11.5,15,6,5,148
11.5,15,6,6,148
11.5,15,6,7,149
11.5,15,6,8,150
11.5,15,6,9,150
11.5,15,6,10,151
11.5,15,6,11,152
11.5,15,6,12,152
11.5,15,6,13,153
11.5,15,6,14,154
11.5,15,6,15,154
11.5,15,7,0,145
11.5,15,7,1,146
11.5,15,7,2,146
11.5,15,7,3,147
11.5,15,7,4,148
11.5,15,7,5,149
11.5,15,7,6,149
11.5,15,7,7,150
11.5,15,7,8,151
11.5,15,7,9,151
11.5,15,7,10,152
11.5,15,7,11,153
11.5,15,7,12,153
11.5,15,7,13,154
11.5,15,7,14,155
11.5,15,7,15,155
11.5,15,8,0,146
11.5,15,8,1,147
11.5,15,8,2,147
11.5,15,8,3,148
11.5,15,8,4,149
11.5,15,8,5,149
11.5,15,8,6,150
11.5,15,8,7,151
11.5,15,8,8,151
11.5,15,8,9,152
11.5,15,8,10,153
11.5,15,8,11,154
11.5,15,8,12,154
11.5,15,8,13,155
11.5,15,8,14,156
11.5,15,8,15,156
11.5,15,9,0,147
11.5,15,9,1,147
11.5,15,9,2,148
11.5,15,9,3,149
11.5,15,9,4,149
11.5,15,9,5,150
11.5,15,9,6,151
11.5,15,9,7,152
11.5,15,9,8,152
11.5,15,9,9,153
11.5,15,9,10,154
11.5,15,9,11,154
11.5,15,9,12,155
11.5,15,9,13,156
11.5,15,9,14,156
11.5,15,9,15,157
11.5,15,10,0,147
11.5,15,10,1,148
11.5,15,10,2,149
11.5,15,10,3,150
11.5,15,10,4,150
11.5,15,10,5,151
11.5,15,10,6,152
11.5,15,10,7,152
11.5,15,10,8,153
11.5,15,10,9,154
11.5,15,10,10,155
11.5,15,10,11,155
11.5,15,10,12,156
11.5,15,10,13,157
11.5,15,10,14,157
11.5,15,10,15,158
11.5,15,11,0,148
11.5,15,11,1,149
11.5,15,11,2,150
11.5,15,11,3,150
11.5,15,11,4,151
11.5,15,11,5,152
11.5,15,11,6,153
11.5,15,11,7,153
11.5,15,11,8,154
11.5,15,11,9,155
11.5,15,11,10,155
11.5,15,11,11,156
11.5,15,11,12,157
11.5,15,11,13,157
11.5,15,11,14,158
11.5,15,11,15,159
11.5,15,12,0,149
11.5,15,12,1,150
11.5,15,12,2,150
11.5,15,12,3,151
11.5,15,12,4,152
11.5,15,12,5,153
11.5,15,12,6,153
11.5,15,12,7,154
11.5,15,12,8,155
11.5,15,12,9,155
11.5,15,12,10,156
11.5,15,12,11,157
11.5,15,12,12,158
11.5,15,12,13,158
11.5,15,12,14,159
11.5,15,12,15,160
11.5,15,13,0,150
11.5,15,13,1,151
11.5,15,13,2,151
11.5,15,13,3,152
11.5,15,13,4,153
11.5,15,13,5,153
11.5,15,13,6,154
11.5,15,13,7,155
11.5,15,13,8,156
11.5,15,13,9,156
11.5,15,13,10,157
11.5,15,13,11,158
11.5,15,13,12,158
11.5,15,13,13,159
11.5,15,13,14,160
11.5,15,13,15,160
11.5,15,14,0,151
11.5,15,14,1,151
11.5,15,14,2,152
11.5,15,14,3,153
11.5,15,14,4,154
11.5,15,14,5,154
11.5,15,14,6,155
11.5,15,14,7,156
11.5,15,14,8,156
11.5,15,14,9,157
11.5,15,14,10,158
11.5,15,14,11,159
11.5,15,14,12,159
11.5,15,14,13,160
11.5,15,14,14,161
11.5,15,14,15,161
11.5,15,15,0,151
11.5,15,15,1,152
11.5,15,15,2,153
11.5,15,15,3,154
11.5,15,15,4,154
11.5,15,15,5,155
11.5,15,15,6,156
11.5,15,15,7,156
11.5,15,15,8,157
11.5,15,15,9,158
11.5,15,15,10,159
11.5,15,15,11,159
11.5,15,15,12,160
11.5,15,15,13,161
11.5,15,15,14,161
11.5,15,15,15,162
12.0,0,0,0,116
12.0,0,0,1,116
12.0,0,0,2,117
12.0,0,0,3,117
12.0,0,0,4,118
12.0,0,0,5,119
12.0,0,0,6,119
12.0,0,0,7,120
12.0,0,0,8,120
12.0,0,0,9,121
12.0,0,0,10,121
12.0,0,0,11,122
12.0,0,0,12,122
12.0,0,0,13,123
12.0,0,0,14,123
12.0,0,0,15,124
12.0,0,1,0,116
12.0,0,1,1,117
12.0,0,1,2,118
12.0,0,1,3,118
12.0,0,1,4,119
12.0,0,1,5,119
12.0,0,1,6,120
12.0,0,1,7,120
12.0,0,1,8,121
12.0,0,1,9,122
12.0,0,1,10,122
12.0,0,1,11,123
12.0,0,1,12,123
12.0,0,1,13,124
12.0,0,1,14,124
12.0,0,1,15,125
12.0,0,2,0,117
12.0,0,2,1,118
12.0,0,2,2,118
12.0,0,2,3,119
12.0,0,2,4,119
12.0,0,2,5,120
12.0,0,2,6,121
12.0,0,2,7,121
12.0,0,2,8,122
12.0,0,2,9,122
12.0,0,2,10,123
12.0,0,2,11,123
12.0,0,2,12,124
12.0,0,2,13,124
12.0,0,2,14,125
12.0,0,2,15,126
12.0,0,3,0,118
12.0,0,3,1,118
12.0,0,3,2,119
12.0,0,3,3,120
12.0,0,3,4,120
12.0,0,3,5,121
12.0,0,3,6,121
12.0,0,3,7,122
12.0,0,3,8,122
12.0,0,3,9,123
12.0,0,3,10,124
12.0,0,3,11,124
12.0,0,3,12,125
12.0,0,3,13,125
12.0,0,3,14,126
12.0,0,3,15,126
12.0,0,4,0,119
12.0,0,4,1,119
12.0,0,4,2,120
12.0,0,4,3,120
12.0,0,4,4,121
12.0,0,4,5,121
12.0,0,4,6,122
12.0,0,4,7,123
12.0,0,4,8,123
12.0,0,4,9,124
12.0,0,4,10,124
12.0,0,4,11,125
12.0,0,4,12,125
12.0,0,4,13,126
12.0,0,4,14,126
12.0,0,4,15,127
12.0,0,5,0,119
12.0,0,5,1,120
12.0,0,5,2,120
12.0,0,5,3,121
12.0,0,5,4,122
12.0,0,5,5,122
12.0,0,5,6,123
12.0,0,5,7,123
12.0,0,5,8,124
12.0,0,5,9,124
12.0,0,5,10,125
12.0,0,5,11,126
12.0,0,5,12,126
12.0,0,5,13,127
12.0,0,5,14,127
12.0,0,5,15,128
12.0,0,6,0,120
12.0,0,6,1,120
12.0,0,6,2,121
12.0,0,6,3,122
12.0,0,6,4,122
12.0,0,6,5,123
12.0,0,6,6,123
12.0,0,6,7,124
12.0,0,6,8,125
12.0,0,6,9,125
12.0,0,6,10,126
12.0,0,6,11,126
12.0,0,6,12,127
12.0,0,6,13,127
12.0,0,6,14,128
12.0,0,6,15,128
12.0,0,7,0,121
12.0,0,7,1,121
12.0,0,7,2,122
12.0,0,7,3,122
12.0,0,7,4,123
12.0,0,7,5,124
12.0,0,7,6,124
12.0,0,7,7,125
12.0,0,7,8,125
12.0,0,7,9,126
12.0,0,7,10,126
12.0,0,7,11,127
12.0,0,7,12,127
12.0,0,7,13,128
12.0,0,7,14,129
12.0,0,7,15,129
12.0,0,8,0,121
12.0,0,8,1,122
12.0,0,8,2,122
12.0,0,8,3,123
12.0,0,8,4,124
12.0,0,8,5,124
12.0,0,8,6,125
12.0,0,8,7,125
12.0,0,8,8,126
12.0,0,8,9,127
12.0,0,8,10,127
12.0,0,8,11,128
12.0,0,8,12,128
12.0,0,8,13,129
12.0,0,8,14,129
12.0,0,8,15,130
12.0,0,9,0,122
12.0,0,9,1,123
12.0,0,9,2,123
12.0,0,9,3,124
12.0,0,9,4,124
12.0,0,9,5,125
12.0,0,9,6,125
12.0,0,9,7,126
12.0,0,9,8,127
12.0,0,9,9,127
12.0,0,9,10,128
12.0,0,9,11,128
12.0,0,9,12,129
12.0,0,9,13,129
12.0,0,9,14,130
12.0,0,9,15,131
12.0,0,10,0,123
12.0,0,10,1,123
12.0,0,10,2,124
12.0,0,10,3,124
12.0,0,10,4,125
12.0,0,10,5,126
12.0,0,10,6,126
12.0,0,10,7,127
12.0,0,10,8,127
12.0,0,10,9,128
12.0,0,10,10,128
12.0,0,10,11,129
12.0,0,10,12,130
12.0,0,10,13,130
12.0,0,10,14,131
12.0,0,10,15,131
12.0,0,11,0,123
12.0,0,11,1,124
12.0,0,11,2,124
12.0,0,11,3,125
12.0,0,11,4,126
12.0,0,11,5,126
12.0,0,11,6,127
12.0,0,11,7,127
12.0,0,11,8,128
12.0,0,11,9,129
12.0,0,11,10,129
12.0,0,11,11,130
12.0,0,11,12,130
12.0,0,11,13,131
12.0,0,11,14,131
12.0,0,11,15,132
12.0,0,12,0,124
12.0,0,12,1,125
12.0,0,12,2,125
12.0,0,12,3,126
12.0,0,12,4,126
12.0,0,12,5,127
12.0,0,12,6,127
12.0,0,12,7,128
12.0,0,12,8,129
12.0,0,12,9,129
12.0,0,12,10,130
12.0,0,12,11,130
12.0,0,12,12,131
12.0,0,12,13,132
12.0,0,12,14,132
12.0,0,12,15,133
12.0,0,13,0,125
12.0,0,13,1,125
12.0,0,13,2,126
12.0,0,13,3,126
12.0,0,13,4,127
12.0,0,13,5,128
12.0,0,13,6,128
12.0,0,13,7,129
12.0,0,13,8,129
12.0,0,13,9,130
12.0,0,13,10,131
12.0,0,13,11,131
12.0,0,13,12,132
12.0,0,13,13,132
12.0,0,13,14,133
12.0,0,13,15,133
12.0,0,14,0,125
12.0,0,14,1,126
12.0,0,14,2,126
12.0,0,14,3,127
12.0,0,14,4,128
12.0,0,14,5,128
12.0,0,14,6,129
12.0,0,14,7,129
12.0,0,14,8,130
12.0,0,14,9,131
12.0,0,14,10,131
12.0,0,14,11,132
12.0,0,14,12,132
12.0,0,14,13,133
12.0,0,14,14,134
12.0,0,14,15,134
12.0,0,15,0,126
12.0,0,15,1,126
12.0,0,15,2,127
12.0,0,15,3,128
12.0,0,15,4,128
12.0,0,15,5,129
12.0,0,15,6,130
12.0,0,15,7,130
12.0,0,15,8,131
12.0,0,15,9,131
12.0,0,15,10,132
12.0,0,15,11,132
12.0,0,15,12,133
12.0,0,15,13,134
12.0,0,15,14,134
12.0,0,15,15,135
12.0,1,0,0,118
12.0,1,0,1,118
12.0,1,0,2,119
12.0,1,0,3,119
12.0,1,0,4,120
12.0,1,0,5,121
12.0,1,0,6,121
12.0,1,0,7,122
12.0,1,0,8,122
12.0,1,0,9,123
12.0,1,0,10,123
12.0,1,0,11,124
12.0,1,0,12,125
12.0,1,0,13,125
12.0,1,0,14,126
12.0,1,0,15,126
12.0,1,1,0,118
12.0,1,1,1,119
12.0,1,1,2,120
12.0,1,1,3,120
12.0,1,1,4,121
12.0,1,1,5,121
12.0,1,1,6,122
12.0,1,1,7,122
12.0,1,1,8,123
12.0,1,1,9,124
12.0,1,1,10,124
12.0,1,1,11,125
12.0,1,1,12,125
12.0,1,1,13,126
12.0,1,1,14,126
12.0,1,1,15,127
12.0,1,2,0,119
12.0,1,2,1,120
12.0,1,2,2,120
12.0,1,2,3,121
12.0,1,2,4,121
12.0,1,2,5,122
12.0,1,2,6,123
12.0,1,2,7,123
12.0,1,2,8,124
12.0,1,2,9,124
12.0,1,2,10,125
12.0,1,2,11,125
12.0,1,2,12,126
12.0,1,2,13,127
12.0,1,2,14,127
12.0,1,2,15,128
12.0,1,3,0,120
12.0,1,3,1,120
12.0,1,3,2,121
12.0,1,3,3,122
12.0,1,3,4,122
12.0,1,3,5,123
12.0,1,3,6,123
12.0,1,3,7,124
12.0,1,3,8,124
12.0,1,3,9,125
12.0,1,3,10,126
12.0,1,3,11,126
12.0,1,3,12,127
12.0,1,3,13,127
12.0,1,3,14,128
12.0,1,3,15,128
12.0,1,4,0,121
12.0,1,4,1,121
12.0,1,4,2,122
12.0,1,4,3,122
12.0,1,4,4,123
12.0,1,4,5,123
12.0,1,4,6,124
12.0,1,4,7,125
12.0,1,4,8,125
12.0,1,4,9,126
12.0,1,4,10,126
12.0,1,4,11,127
12.0,1,4,12,127
12.0,1,4,13,128
12.0,1,4,14,129
12.0,1,4,15,129
12.0,1,5,0,121
12.0,1,5,1,122
12.0,1,5,2,122
12.0,1,5,3,123
12.0,1,5,4,124
12.0,1,5,5,124
12.0,1,5,6,125
12.0,1,5,7,125
12.0,1,5,8,126
12.0,1,5,9,127
12.0,1,5,10,127
12.0,1,5,11,128
12.0,1,5,12,128
12.0,1,5,13,129
12.0,1,5,14,129
12.0,1,5,15,130
12.0,1,6,0,122
12.0,1,6,1,123
12.0,1,6,2,123
12.0,1,6,3,124
12.0,1,6,4,124
12.0,1,6,5,125
12.0,1,6,6,125
12.0,1,6,7,126
12.0,1,6,8,127
12.0,1,6,9,127
12.0,1,6,10,128
12.0,1,6,11,128
12.0,1,6,12,129
12.0,1,6,13,130
12.0,1,6,14,130
12.0,1,6,15,131
12.0,1,7,0,123
12.0,1,7,1,123
12.0,1,7,2,124
12.0,1,7,3,124
12.0,1,7,4,125
12.0,1,7,5,126
12.0,1,7,6,126
12.0,1,7,7,127
12.0,1,7,8,127
12.0,1,7,9,128
12.0,1,7,10,129
12.0,1,7,11,129
12.0,1,7,12,130
12.0,1,7,13,130
12.0,1,7,14,131
12.0,1,7,15,131
12.0,1,8,0,123
12.0,1,8,1,124
12.0,1,8,2,125
12.0,1,8,3,125
12.0,1,8,4,126
12.0,1,8,5,126
12.0,1,8,6,127
12.0,1,8,7,127
12.0,1,8,8,128
12.0,1,8,9,129
12.0,1,8,10,129
12.0,1,8,11,130
12.0,1,8,12,130
12.0,1,8,13,131
12.0,1,8,14,132
12.0,1,8,15,132
12.0,1,9,0,124
12.0,1,9,1,125
12.0,1,9,2,125
12.0,1,9,3,126
12.0,1,9,4,126
12.0,1,9,5,127
12.0,1,9,6,128
12.0,1,9,7,128
12.0,1,9,8,129
12.0,1,9,9,129
12.0,1,9,10,130
12.0,1,9,11,131
12.0,1,9,12,131
12.0,1,9,13,132
12.0,1,9,14,132
12.0,1,9,15,133
12.0,1,10,0,125
12.0,1,10,1,125
12.0,1,10,2,126
12.0,1,10,3,126
12.0,1,10,4,127
12.0,1,10,5,128
12.0,1,10,6,128
12.0,1,10,7,129
12.0,1,10,8,129
12.0,1,10,9,130
12.0,1,10,10,131
12.0,1,10,11,131
12.0,1,10,12,132
12.0,1,10,13,132
12.0,1,10,14,133
12.0,1,10,15,134
12.0,1,11,0,125
12.0,1,11,1,126
12.0,1,11,2,127
12.0,1,11,3,127
12.0,1,11,4,128
12.0,1,11,5,128
12.0,1,11,6,129
12.0,1,11,7,130
12.0,1,11,8,130
12.0,1,11,9,131
12.0,1,11,10,131
12.0,1,11,11,132
12.0,1,11,12,133
12.0,1,11,13,133
12.0,1,11,14,134
12.0,1,11,15,134
12.0,1,12,0,126
12.0,1,12,1,127
12.0,1,12,2,127
12.0,1,12,3,128
12.0,1,12,4,128
12.0,1,12,5,129
12.0,1,12,6,130
12.0,1,12,7,130
12.0,1,12,8,131
12.0,1,12,9,131
12.0,1,12,10,132
12.0,1,12,11,133
12.0,1,12,12,133
12.0,1,12,13,134
12.0,1,12,14,134
12.0,1,12,15,135
12.0,1,13,0,127
12.0,1,13,1,127
12.0,1,13,2,128
12.0,1,13,3,129
12.0,1,13,4,129
12.0,1,13,5,130
12.0,1,13,6,130
12.0,1,13,7,131
12.0,1,13,8,132
12.0,1,13,9,132
12.0,1,13,10,133
12.0,1,13,11,133
12.0,1,13,12,134
12.0,1,13,13,135
12.0,1,13,14,135
12.0,1,13,15,136
12.0,1,14,0,127
12.0,1,14,1,128
12.0,1,14,2,129
12.0,1,14,3,129
12.0,1,14,4,130
12.0,1,14,5,130
12.0,1,14,6,131
12.0,1,14,7,132
12.0,1,14,8,132
12.0,1,14,9,133
12.0,1,14,10,133
12.0,1,14,11,134
12.0,1,14,12,135
12.0,1,14,13,135
12.0,1,14,14,136
12.0,1,14,15,136
12.0,1,15,0,128
12.0,1,15,1,129
12.0,1,15,2,129
12.0,1,15,3,130
12.0,1,15,4,130
12.0,1,15,5,131
12.0,1,15,6,132
12.0,1,15,7,132
12.0,1,15,8,133
12.0,1,15,9,134
12.0,1,15,10,134
12.0,1,15,11,135
12.0,1,15,12,135
12.0,1,15,13,136
12.0,1,15,14,137
12.0,1,15,15,137
12.0,2,0,0,120
12.0,2,0,1,120
12.0,2,0,2,121
12.0,2,0,3,121
12.0,2,0,4,122
12.0,2,0,5,123
12.0,2,0,6,123
12.0,2,0,7,124
12.0,2,0,8,124
12.0,2,0,9,125
12.0,2,0,10,125
12.0,2,0,11,126
12.0,2,0,12,127
12.0,2,0,13,127
12.0,2,0,14,128
12.0,2,0,15,128
12.0,2,1,0,120
12.0,2,1,1,121
12.0,2,1,2,122
12.0,2,1,3,122
12.0,2,1,4,123
12.0,2,1,5,123
12.0,2,1,6,124
12.0,2,1,7,125
12.0,2,1,8,125
12.0,2,1,9,126
12.0,2,1,10,126
12.0,2,1,11,127
12.0,2,1,12,127
12.0,2,1,13,128
12.0,2,1,14,128
12.0,2,1,15,129
12.0,2,2,0,121
12.0,2,2,1,122
12.0,2,2,2,122
12.0,2,2,3,123
12.0,2,2,4,124
12.0,2,2,5,124
12.0,2,2,6,125
12.0,2,2,7,125
12.0,2,2,8,126
12.0,2,2,9,126
12.0,2,2,10,127
12.0,2,2,11,128
12.0,2,2,12,128
12.0,2,2,13,129
12.0,2,2,14,129
12.0,2,2,15,130
12.0,2,3,0,122
12.0,2,3,1,122
12.0,2,3,2,123
12.0,2,3,3,124
12.0,2,3,4,124
12.0,2,3,5,125
12.0,2,3,6,125
12.0,2,3,7,126
12.0,2,3,8,127
12.0,2,3,9,127
12.0,2,3,10,128
12.0,2,3,11,128
12.0,2,3,12,129
12.0,2,3,13,129
12.0,2,3,14,130
12.0,2,3,15,131
12.0,2,4,0,123
12.0,2,4,1,123
12.0,2,4,2,124
12.0,2,4,3,124
12.0,2,4,4,125
12.0,2,4,5,126
12.0,2,4,6,126
12.0,2,4,7,127
12.0,2,4,8,127
12.0,2,4,9,128
12.0,2,4,10,128
12.0,2,4,11,129
12.0,2,4,12,130
12.0,2,4,13,130
12.0,2,4,14,131
12.0,2,4,15,131
12.0,2,5,0,123
12.0,2,5,1,124
12.0,2,5,2,124
12.0,2,5,3,125
12.0,2,5,4,126
12.0,2,5,5,126
12.0,2,5,6,127
12.0,2,5,7,127
12.0,2,5,8,128
12.0,2,5,9,129
12.0,2,5,10,129
12.0,2,5,11,130
12.0,2,5,12,130
12.0,2,5,13,131
12.0,2,5,14,132
12.0,2,5,15,132
12.0,2,6,0,124
12.0,2,6,1,125
12.0,2,6,2,125
12.0,2,6,3,126
12.0,2,6,4,126
12.0,2,6,5,127
12.0,2,6,6,128
12.0,2,6,7,128
12.0,2,6,8,129
12.0,2,6,9,129
12.0,2,6,10,130
12.0,2,6,11,131
12.0,2,6,12,131
12.0,2,6,13,132
12.0,2,6,14,132
12.0,2,6,15,133
12.0,2,7,0,125
12.0,2,7,1,125
12.0,2,7,2,126
12.0,2,7,3,127
12.0,2,7,4,127
12.0,2,7,5,128
12.0,2,7,6,128
12.0,2,7,7,129
12.0,2,7,8,129
12.0,2,7,9,130
12.0,2,7,10,131
12.0,2,7,11,131
12.0,2,7,12,132
12.0,2,7,13,132
12.0,2,7,14,133
12.0,2,7,15,134
12.0,2,8,0,125
12.0,2,8,1,126
12.0,2,8,2,127
12.0,2,8,3,127
12.0,2,8,4,128
12.0,2,8,5,128
12.0,2,8,6,129
12.0,2,8,7,130
12.0,2,8,8,130
12.0,2,8,9,131
12.0,2,8,10,131
12.0,2,8,11,132
12.0,2,8,12,133
12.0,2,8,13,133
12.0,2,8,14,134
12.0,2,8,15,134
12.0,2,9,0,126
12.0,2,9,1,127
12.0,2,9,2,127
12.0,2,9,3,128
12.0,2,9,4,129
12.0,2,9,5,129
12.0,2,9,6,130
12.0,2,9,7,130
12.0,2,9,8,131
12.0,2,9,9,132
12.0,2,9,10,132
12.0,2,9,11,133
12.0,2,9,12,133
12.0,2,9,13,134
12.0,2,9,14,134
12.0,2,9,15,135
12.0,2,10,0,127
12.0,2,10,1,127
12.0,2,10,2,128
12.0,2,10,3,129
12.0,2,10,4,129
12.0,2,10,5,130
12.0,2,10,6,130
12.0,2,10,7,131
12.0,2,10,8,132
12.0,2,10,9,132
12.0,2,10,10,133
12.0,2,10,11,133
12.0,2,10,12,134
12.0,2,10,13,135
12.0,2,10,14,135
12.0,2,10,15,136
12.0,2,11,0,127
12.0,2,11,1,128
12.0,2,11,2,129
12.0,2,11,3,129
12.0,2,11,4,130
12.0,2,11,5,131
12.0,2,11,6,131
12.0,2,11,7,132
12.0,2,11,8,132
12.0,2,11,9,133
12.0,2,11,10,134
12.0,2,11,11,134
12.0,2,11,12,135
12.0,2,11,13,135
12.0,2,11,14,136
12.0,2,11,15,137
12.0,2,12,0,128
12.0,2,12,1,129
12.0,2,12,2,129
12.0,2,12,3,130
12.0,2,12,4,131
12.0,2,12,5,131
12.0,2,12,6,132
12.0,2,12,7,132
12.0,2,12,8,133
12.0,2,12,9,134
12.0,2,12,10,134
12.0,2,12,11,135
12.0,2,12,12,135
12.0,2,12,13,136
12.0,2,12,14,137
12.0,2,12,15,137
12.0,2,13,0,129
12.0,2,13,1,129
12.0,2,13,2,130
12.0,2,13,3,131
12.0,2,13,4,131
12.0,2,13,5,132
12.0,2,13,6,133
12.0,2,13,7,133
12.0,2,13,8,134
12.0,2,13,9,134
12.0,2,13,10,135
12.0,2,13,11,136
12.0,2,13,12,136
12.0,2,13,13,137
12.0,2,13,14,137
12.0,2,13,15,138
12.0,2,14,0,129
12.0,2,14,1,130
12.0,2,14,2,131
12.0,2,14,3,131
12.0,2,14,4,132
12.0,2,14,5,133
12.0,2,14,6,133
12.0,2,14,7,134
12.0,2,14,8,134
12.0,2,14,9,135
12.0,2,14,10,136
12.0,2,14,11,136
12.0,2,14,12,137
12.0,2,14,13,137
12.0,2,14,14,138
12.0,2,14,15,139
12.0,2,15,0,130
12.0,2,15,1,131
12.0,2,15,2,131
12.0,2,15,3,132
12.0,2,15,4,133
12.0,2,15,5,133
12.0,2,15,6,134
12.0,2,15,7,135
12.0,2,15,8,135
12.0,2,15,9,136
12.0,2,15,10,136
12.0,2,15,11,137
12.0,2,15,12,138
12.0,2,15,13,138
12.0,2,15,14,139
12.0,2,15,15,139
12.0,3,0,0,122
12.0,3,0,1,122
12.0,3,0,2,123
12.0,3,0,3,123
12.0,3,0,4,124
12.0,3,0,5,125
12.0,3,0,6,125
12.0,3,0,7,126
12.0,3,0,8,126
12.0,3,0,9,127
12.0,3,0,10,128
12.0,3,0,11,128
12.0,3,0,12,129
12.0,3,0,13,129
12.0,3,0,14,130
12.0,3,0,15,130
12.0,3,1,0,122
12.0,3,1,1,123
12.0,3,1,2,124
12.0,3,1,3,124
12.0,3,1,4,125
12.0,3,1,5,125
12.0,3,1,6,126
12.0,3,1,7,127
12.0,3,1,8,127
12.0,3,1,9,128
12.0,3,1,10,128
12.0,3,1,11,129
12.0,3,1,12,129
12.0,3,1,13,130
12.0,3,1,14,131
12.0,3,1,15,131
12.0,3,2,0,123
12.0,3,2,1,124
12.0,3,2,2,124
12.0,3,2,3,125
12.0,3,2,4,126
12.0,3,2,5,126
12.0,3,2,6,127
12.0,3,2,7,127
12.0,3,2,8,128
12.0,3,2,9,128
12.0,3,2,10,129
12.0,3,2,11,130
12.0,3,2,12,130
12.0,3,2,13,131
12.0,3,2,14,131
12.0,3,2,15,132
12.0,3,3,0,124
12.0,3,3,1,124
12.0,3,3,2,125
12.0,3,3,3,126
12.0,3,3,4,126
12.0,3,3,5,127
12.0,3,3,6,127
12.0,3,3,7,128
12.0,3,3,8,129
12.0,3,3,9,129
12.0,3,3,10,130
12.0,3,3,11,130
12.0,3,3,12,131
12.0,3,3,13,132
12.0,3,3,14,132
12.0,3,3,15,133
12.0,3,4,0,125
12.0,3,4,1,125
12.0,3,4,2,126
12.0,3,4,3,126
12.0,3,4,4,127
12.0,3,4,5,128
12.0,3,4,6,128
12.0,3,4,7,129
12.0,3,4,8,129
12.0,3,4,9,130
12.0,3,4,10,131
12.0,3,4,11,131
12.0,3,4,12,132
12.0,3,4,13,132
12.0,3,4,14,133
12.0,3,4,15,133
12.0,3,5,0,125
12.0,3,5,1,126
12.0,3,5,2,127
12.0,3,5,3,127
12.0,3,5,4,128
12.0,3,5,5,128
12.0,3,5,6,129
12.0,3,5,7,130
12.0,3,5,8,130
12.0,3,5,9,131
12.0,3,5,10,131
12.0,3,5,11,132
12.0,3,5,12,133
12.0,3,5,13,133
12.0,3,5,14,134
12.0,3,5,15,134
12.0,3,6,0,126
12.0,3,6,1,127
12.0,3,6,2,127
12.0,3,6,3,128
12.0,3,6,4,128
12.0,3,6,5,129
12.0,3,6,6,130
12.0,3,6,7,130
12.0,3,6,8,131
12.0,3,6,9,131
12.0,3,6,10,132
12.0,3,6,11,133
12.0,3,6,12,133
12.0,3,6,13,134
12.0,3,6,14,134
12.0,3,6,15,135
12.0,3,7,0,127
12.0,3,7,1,127
12.0,3,7,2,128
12.0,3,7,3,129
12.0,3,7,4,129
12.0,3,7,5,130
12.0,3,7,6,130
12.0,3,7,7,131
12.0,3,7,8,132
12.0,3,7,9,132
12.0,3,7,10,133
12.0,3,7,11,133
12.0,3,7,12,134
12.0,3,7,13,135
12.0,3,7,14,135
12.0,3,7,15,136
12.0,3,8,0,127
12.0,3,8,1,128
12.0,3,8,2,129
12.0,3,8,3,129
12.0,3,8,4,130
12.0,3,8,5,131
12.0,3,8,6,131
12.0,3,8,7,132
12.0,3,8,8,132
12.0,3,8,9,133
12.0,3,8,10,134
12.0,3,8,11,134
12.0,3,8,12,135
12.0,3,8,13,135
12.0,3,8,14,136
12.0,3,8,15,137
12.0,3,9,0,128
12.0,3,9,1,129
12.0,3,9,2,129
12.0,3,9,3,130
12.0,3,9,4,131
12.0,3,9,5,131
12.0,3,9,6,132
12.0,3,9,7,132
12.0,3,9,8,133
12.0,3,9,9,134
12.0,3,9,10,134
12.0,3,9,11,135
12.0,3,9,12,135
12.0,3,9,13,136
12.0,3,9,14,137
12.0,3,9,15,137
12.0,3,10,0,129
12.0,3,10,1,129
12.0,3,10,2,130
12.0,3,10,3,131
12.0,3,10,4,131
12.0,3,10,5,132
12.0,3,10,6,133
12.0,3,10,7,133
12.0,3,10,8,134
12.0,3,10,9,134
12.0,3,10,10,135
12.0,3,10,11,136
12.0,3,10,12,136
12.0,3,10,13,137
12.0,3,10,14,137
12.0,3,10,15,138
12.0,3,11,0,130
12.0,3,11,1,130
12.0,3,11,2,131
12.0,3,11,3,131
12.0,3,11,4,132
12.0,3,11,5,133
12.0,3,11,6,133
12.0,3,11,7,134
12.0,3,11,8,135
12.0,3,11,9,135
12.0,3,11,10,136
12.0,3,11,11,136
12.0,3,11,12,137
12.0,3,11,13,138
12.0,3,11,14,138
12.0,3,11,15,139
12.0,3,12,0,130
12.0,3,12,1,131
12.0,3,12,2,131
12.0,3,12,3,132
12.0,3,12,4,133
12.0,3,12,5,133
12.0,3,12,6,134
12.0,3,12,7,135
12.0,3,12,8,135
12.0,3,12,9,136
12.0,3,12,10,136
12.0,3,12,11,137
12.0,3,12,12,138
12.0,3,12,13,138
12.0,3,12,14,139
12.0,3,12,15,140
12.0,3,13,0,131
12.0,3,13,1,132
12.0,3,13,2,132
12.0,3,13,3,133
12.0,3,13,4,133
12.0,3,13,5,134
12.0,3,13,6,135
12.0,3,13,7,135
12.0,3,13,8,136
12.0,3,13,9,137
12.0,3,13,10,137
12.0,3,13,11,138
12.0,3,13,12,138
12.0,3,13,13,139
12.0,3,13,14,140
12.0,3,13,15,140
12.0,3,14,0,132
12.0,3,14,1,132
12.0,3,14,2,133
12.0,3,14,3,134
12.0,3,14,4,134
12.0,3,14,5,135
12.0,3,14,6,135
12.0,3,14,7,136
12.0,3,14,8,137
12.0,3,14,9,137
12.0,3,14,10,138
12.0,3,14,11,139
12.0,3,14,12,139
12.0,3,14,13,140
12.0,3,14,14,140
12.0,3,14,15,141
12.0,3,15,0,132
12.0,3,15,1,133
12.0,3,15,2,134
12.0,3,15,3,134
12.0,3,15,4,135
12.0,3,15,5,135
12.0,3,15,6,136
12.0,3,15,7,137
12.0,3,15,8,137
12.0,3,15,9,138
12.0,3,15,10,139
12.0,3,15,11,139
12.0,3,15,12,140
12.0,3,15,13,140
12.0,3,15,14,141
12.0,3,15,15,142
12.0,4,0,0,124
12.0,4,0,1,124
12.0,4,0,2,125
12.0,4,0,3,125
12.0,4,0,4,126
12.0,4,0,5,127
12.0,4,0,6,127
12.0,4,0,7,128
12.0,4,0,8,128
12.0,4,0,9,129
12.0,4,0,10,130
12.0,4,0,11,130
12.0,4,0,12,131
12.0,4,0,13,131
12.0,4,0,14,132
12.0,4,0,15,132
12.0,4,1,0,124
12.0,4,1,1,125
12.0,4,1,2,126
12.0,4,1,3,126
12.0,4,1,4,127
12.0,4,1,5,127
12.0,4,1,6,128
12.0,4,1,7,129
12.0,4,1,8,129
12.0,4,1,9,130
12.0,4,1,10,130
12.0,4,1,11,131
12.0,4,1,12,132
12.0,4,1,13,132
12.0,4,1,14,133
12.0,4,1,15,133
12.0,4,2,0,125
12.0,4,2,1,126
12.0,4,2,2,126
12.0,4,2,3,127
12.0,4,2,4,128
12.0,4,2,5,128
12.0,4,2,6,129
12.0,4,2,7,129
12.0,4,2,8,130
12.0,4,2,9,131
12.0,4,2,10,131
12.0,4,2,11,132
12.0,4,2,12,132
12.0,4,2,13,133
12.0,4,2,14,133
12.0,4,2,15,134
12.0,4,3,0,126
12.0,4,3,1,126
12.0,4,3,2,127
12.0,4,3,3,128
12.0,4,3,4,128
12.0,4,3,5,129
12.0,4,3,6,130
12.0,4,3,7,130
12.0,4,3,8,131
12.0,4,3,9,131
12.0,4,3,10,132
12.0,4,3,11,133
12.0,4,3,12,133
12.0,4,3,13,134
12.0,4,3,14,134
12.0,4,3,15,135
12.0,4,4,0,127
12.0,4,4,1,127
12.0,4,4,2,128
12.0,4,4,3,128
12.0,4,4,4,129
12.0,4,4,5,130
12.0,4,4,6,130
12.0,4,4,7,131
12.0,4,4,8,132
12.0,4,4,9,132
12.0,4,4,10,133
12.0,4,4,11,133
12.0,4,4,12,134
12.0,4,4,13,134
12.0,4,4,14,135
12.0,4,4,15,136
12.0,4,5,0,127
12.0,4,5,1,128
12.0,4,5,2,129
12.0,4,5,3,129
12.0,4,5,4,130
12.0,4,5,5,130
12.0,4,5,6,131
12.0,4,5,7,132
12.0,4,5,8,132
12.0,4,5,9,133
12.0,4,5,10,133
12.0,4,5,11,134
12.0,4,5,12,135
12.0,4,5,13,135
12.0,4,5,14,136
12.0,4,5,15,136
12.0,4,6,0,128
12.0,4,6,1,129
12.0,4,6,2,129
12.0,4,6,3,130
12.0,4,6,4,131
12.0,4,6,5,131
12.0,4,6,6,132
12.0,4,6,7,132
12.0,4,6,8,133
12.0,4,6,9,134
12.0,4,6,10,134
12.0,4,6,11,135
12.0,4,6,12,135
12.0,4,6,13,136
12.0,4,6,14,137
12.0,4,6,15,137
12.0,4,7,0,129
12.0,4,7,1,129
12.0,4,7,2,130
12.0,4,7,3,131
12.0,4,7,4,131
12.0,4,7,5,132
12.0,4,7,6,133
12.0,4,7,7,133
12.0,4,7,8,134
12.0,4,7,9,134
12.0,4,7,10,135
12.0,4,7,11,136
12.0,4,7,12,136
12.0,4,7,13,137
12.0,4,7,14,137
12.0,4,7,15,138
12.0,4,8,0,130
12.0,4,8,1,130
12.0,4,8,2,131
12.0,4,8,3,131
12.0,4,8,4,132
12.0,4,8,5,133
12.0,4,8,6,133
12.0,4,8,7,134
12.0,4,8,8,135
12.0,4,8,9,135
12.0,4,8,10,136
12.0,4,8,11,136
12.0,4,8,12,137
12.0,4,8,13,138
12.0,4,8,14,138
12.0,4,8,15,139
12.0,4,9,0,130
12.0,4,9,1,131
12.0,4,9,2,131
12.0,4,9,3,132
12.0,4,9,4,133
12.0,4,9,5,133
12.0,4,9,6,134
12.0,4,9,7,135
12.0,4,9,8,135
12.0,4,9,9,136
12.0,4,9,10,136
12.0,4,9,11,137
12.0,4,9,12,138
12.0,4,9,13,138
12.0,4,9,14,139
12.0,4,9,15,139
12.0,4,10,0,131
12.0,4,10,1,132
12.0,4,10,2,132
12.0,4,10,3,133
12.0,4,10,4,133
12.0,4,10,5,134
12.0,4,10,6,135
12.0,4,10,7,135
12.0,4,10,8,136
12.0,4,10,9,137
12.0,4,10,10,137
12.0,4,10,11,138
12.0,4,10,12,138
12.0,4,10,13,139
12.0,4,10,14,140
12.0,4,10,15,140
12.0,4,11,0,132
12.0,4,11,1,132
12.0,4,11,2,133
12.0,4,11,3,134
12.0,4,11,4,134
12.0,4,11,5,135
12.0,4,11,6,135
12.0,4,11,7,136
12.0,4,11,8,137
12.0,4,11,9,137
12.0,4,11,10,138
12.0,4,11,11,139
12.0,4,11,12,139
12.0,4,11,13,140
12.0,4,11,14,140
12.0,4,11,15,141
12.0,4,12,0,132
12.0,4,12,1,133
12.0,4,12,2,134
12.0,4,12,3,134
12.0,4,12,4,135
12.0,4,12,5,136
12.0,4,12,6,136
12.0,4,12,7,137
12.0,4,12,8,137
12.0,4,12,9,138
12.0,4,12,10,139
12.0,4,12,11,139
12.0,4,12,12,140
12.0,4,12,13,141
12.0,4,12,14,141
12.0,4,12,15,142
12.0,4,13,0,133
12.0,4,13,1,134
12.0,4,13,2,134
12.0,4,13,3,135
12.0,4,13,4,136
12.0,4,13,5,136
12.0,4,13,6,137
12.0,4,13,7,138
12.0,4,13,8,138
12.0,4,13,9,139
12.0,4,13,10,139
12.0,4,13,11,140
12.0,4,13,12,141
12.0,4,13,13,141
12.0,4,13,14,142
12.0,4,13,15,143
12.0,4,14,0,134
12.0,4,14,1,134
12.0,4,14,2,135
12.0,4,14,3,136
12.0,4,14,4,136
12.0,4,14,5,137
12.0,4,14,6,138
12.0,4,14,7,138
12.0,4,14,8,139
12.0,4,14,9,140
12.0,4,14,10,140
12.0,4,14,11,141
12.0,4,14,12,141
12.0,4,14,13,142
12.0,4,14,14,143
12.0,4,14,15,143
12.0,4,15,0,134
12.0,4,15,1,135
12.0,4,15,2,136
12.0,4,15,3,136
12.0,4,15,4,137
12.0,4,15,5,138
12.0,4,15,6,138
12.0,4,15,7,139
12.0,4,15,8,140
12.0,4,15,9,140
12.0,4,15,10,141
12.0,4,15,11,141
12.0,4,15,12,142
12.0,4,15,13,143
12.0,4,15,14,143
12.0,4,15,15,144
12.0,5,0,0,126
12.0,5,0,1,126
12.0,5,0,2,127
12.0,5,0,3,127
12.0,5,0,4,128
12.0,5,0,5,129
12.0,5,0,6,129
12.0,5,0,7,130
12.0,5,0,8,130
12.0,5,0,9,131
12.0,5,0,10,132
12.0,5,0,11,132
12.0,5,0,12,133
12.0,5,0,13,133
12.0,5,0,14,134
12.0,5,0,15,135
12.0,5,1,0,126
12.0,5,1,1,127
12.0,5,1,2,128
12.0,5,1,3,128
12.0,5,1,4,129
12.0,5,1,5,129
12.0,5,1,6,130
12.0,5,1,7,131
12.0,5,1,8,131
12.0,5,1,9,132
12.0,5,1,10,132
12.0,5,1,11,133
12.0,5,1,12,134
12.0,5,1,13,134
12.0,5,1,14,135
12.0,5,1,15,135
12.0,5,2,0,127
12.0,5,2,1,128
12.0,5,2,2,128
12.0,5,2,3,129
12.0,5,2,4,130
12.0,5,2,5,130
12.0,5,2,6,131
12.0,5,2,7,131
12.0,5,2,8,132
12.0,5,2,9,133
12.0,5,2,10,133
12.0,5,2,11,134
12.0,5,2,12,134
12.0,5,2,13,135
12.0,5,2,14,136
12.0,5,2,15,136
12.0,5,3,0,128
12.0,5,3,1,129
12.0,5,3,2,129
12.0,5,3,3,130
12.0,5,3,4,130
12.0,5,3,5,131
12.0,5,3,6,132
12.0,5,3,7,132
12.0,5,3,8,133
12.0,5,3,9,133
12.0,5,3,10,134
12.0,5,3,11,135
12.0,5,3,12,135
12.0,5,3,13,136
12.0,5,3,14,136
12.0,5,3,15,137
12.0,5,4,0,129
12.0,5,4,1,129
12.0,5,4,2,130
12.0,5,4,3,131
12.0,5,4,4,131
12.0,5,4,5,132
12.0,5,4,6,132
12.0,5,4,7,133
12.0,5,4,8,134
12.0,5,4,9,134
12.0,5,4,10,135
12.0,5,4,11,135
12.0,5,4,12,136
12.0,5,4,13,137
12.0,5,4,14,137
12.0,5,4,15,138
12.0,5,5,0,129
12.0,5,5,1,130
12.0,5,5,2,131
12.0,5,5,3,131
12.0,5,5,4,132
12.0,5,5,5,133
12.0,5,5,6,133
12.0,5,5,7,134
12.0,5,5,8,134
12.0,5,5,9,135
12.0,5,5,10,136
12.0,5,5,11,136
12.0,5,5,12,137
12.0,5,5,13,137
12.0,5,5,14,138
12.0,5,5,15,139
12.0,5,6,0,130
12.0,5,6,1,131
12.0,5,6,2,131
12.0,5,6,3,132
12.0,5,6,4,133
12.0,5,6,5,133
12.0,5,6,6,134
12.0,5,6,7,135
12.0,5,6,8,135
12.0,5,6,9,136
12.0,5,6,10,136
12.0,5,6,11,137
12.0,5,6,12,138
12.0,5,6,13,138
12.0,5,6,14,139
12.0,5,6,15,139
12.0,5,7,0,131
12.0,5,7,1,131
12.0,5,7,2,132
12.0,5,7,3,133
12.0,5,7,4,133
12.0,5,7,5,134
12.0,5,7,6,135
12.0,5,7,7,135
12.0,5,7,8,136
12.0,5,7,9,137
12.0,5,7,10,137
12.0,5,7,11,138
12.0,5,7,12,138
12.0,5,7,13,139
12.0,5,7,14,140
12.0,5,7,15,140
12.0,5,8,0,132
12.0,5,8,1,132
12.0,5,8,2,133
12.0,5,8,3,133
12.0,5,8,4,134
12.0,5,8,5,135
12.0,5,8,6,135
12.0,5,8,7,136
12.0,5,8,8,137
12.0,5,8,9,137
12.0,5,8,10,138
12.0,5,8,11,139
12.0,5,8,12,139
12.0,5,8,13,140
12.0,5,8,14,140
12.0,5,8,15,141
12.0,5,9,0,132
12.0,5,9,1,133
12.0,5,9,2,134
12.0,5,9,3,134
12.0,5,9,4,135
12.0,5,9,5,136
12.0,5,9,6,136
12.0,5,9,7,137
12.0,5,9,8,137
12.0,5,9,9,138
12.0,5,9,10,139
12.0,5,9,11,139
12.0,5,9,12,140
12.0,5,9,13,140
12.0,5,9,14,141
12.0,5,9,15,142
12.0,5,10,0,133
12.0,5,10,1,134
12.0,5,10,2,134
12.0,5,10,3,135
12.0,5,10,4,136
12.0,5,10,5,136
12.0,5,10,6,137
12.0,5,10,7,138
12.0,5,10,8,138
12.0,5,10,9,139
12.0,5,10,10,139
12.0,5,10,11,140
12.0,5,10,12,141
12.0,5,10,13,141
12.0,5,10,14,142
12.0,5,10,15,142
12.0,5,11,0,134
12.0,5,11,1,134
12.0,5,11,2,135
12.0,5,11,3,136
12.0,5,11,4,136
12.0,5,11,5,137
12.0,5,11,6,138
12.0,5,11,7,138
12.0,5,11,8,139
12.0,5,11,9,140
12.0,5,11,10,140
12.0,5,11,11,141
12.0,5,11,12,141
12.0,5,11,13,142
12.0,5,11,14,143
12.0,5,11,15,143
12.0,5,12,0,134
12.0,5,12,1,135
12.0,5,12,2,136
12.0,5,12,3,136
12.0,5,12,4,137
12.0,5,12,5,138
12.0,5,12,6,138
12.0,5,12,7,139
12.0,5,12,8,140
12.0,5,12,9,140
12.0,5,12,10,141
12.0,5,12,11,142
12.0,5,12,12,142
12.0,5,12,13,143
12.0,5,12,14,143
12.0,5,12,15,144
12.0,5,13,0,135
12.0,5,13,1,136
12.0,5,13,2,136
12.0,5,13,3,137
12.0,5,13,4,138
12.0,5,13,5,138
12.0,5,13,6,139
12.0,5,13,7,140
12.0,5,13,8,140
12.0,5,13,9,141
12.0,5,13,10,142
12.0,5,13,11,142
12.0,5,13,12,143
12.0,5,13,13,144
12.0,5,13,14,144
12.0,5,13,15,145
12.0,5,14,0,136
12.0,5,14,1,137
12.0,5,14,2,137
12.0,5,14,3,138
12.0,5,14,4,138
12.0,5,14,5,139
12.0,5,14,6,140
12.0,5,14,7,140
12.0,5,14,8,141
12.0,5,14,9,142
12.0,5,14,10,142
12.0,5,14,11,143
12.0,5,14,12,144
12.0,5,14,13,144
12.0,5,14,14,145
12.0,5,14,15,146
12.0,5,15,0,137
12.0,5,15,1,137
12.0,5,15,2,138
12.0,5,15,3,139
12.0,5,15,4,139
12.0,5,15,5,140
12.0,5,15,6,141
12.0,5,15,7,141
12.0,5,15,8,142
12.0,5,15,9,142
12.0,5,15,10,143
12.0,5,15,11,144
12.0,5,15,12,144
12.0,5,15,13,145
12.0,5,15,14,146
12.0,5,15,15,146
12.0,6,0,0,128
12.0,6,0,1,128
12.0,6,0,2,129
12.0,6,0,3,129
12.0,6,0,4,130
12.0,6,0,5,131
12.0,6,0,6,131
12.0,6,0,7,132
12.0,6,0,8,133
12.0,6,0,9,133
12.0,6,0,10,134
12.0,6,0,11,134
12.0,6,0,12,135
12.0,6,0,13,136
12.0,6,0,14,136
12.0,6,0,15,137
12.0,6,1,0,128
12.0,6,1,1,129
12.0,6,1,2,130
12.0,6,1,3,130
12.0,6,1,4,131
12.0,6,1,5,131
12.0,6,1,6,132
12.0,6,1,7,133
12.0,6,1,8,133
12.0,6,1,9,134
12.0,6,1,10,135
12.0,6,1,11,135
12.0,6,1,12,136
12.0,6,1,13,136
12.0,6,1,14,137
12.0,6,1,15,138
12.0,6,2,0,129
12.0,6,2,1,130
12.0,6,2,2,130
12.0,6,2,3,131
12.0,6,2,4,132
12.0,6,2,5,132
12.0,6,2,6,133
12.0,6,2,7,134
12.0,6,2,8,134
12.0,6,2,9,135
12.0,6,2,10,135
12.0,6,2,11,136
12.0,6,2,12,137
12.0,6,2,13,137
12.0,6,2,14,138
12.0,6,2,15,138
12.0,6,3,0,130
12.0,6,3,1,131
12.0,6,3,2,131
12.0,6,3,3,132
12.0,6,3,4,132
12.0,6,3,5,133
12.0,6,3,6,134
12.0,6,3,7,134
12.0,6,3,8,135
12.0,6,3,9,136
12.0,6,3,10,136
12.0,6,3,11,137
12.0,6,3,12,137
12.0,6,3,13,138
12.0,6,3,14,139
12.0,6,3,15,139
12.0,6,4,0,131
12.0,6,4,1,131
12.0,6,4,2,132
12.0,6,4,3,133
12.0,6,4,4,133
12.0,6,4,5,134
12.0,6,4,6,134
12.0,6,4,7,135
12.0,6,4,8,136
12.0,6,4,9,136
12.0,6,4,10,137
12.0,6,4,11,138
12.0,6,4,12,138
12.0,6,4,13,139
12.0,6,4,14,139
12.0,6,4,15,140
12.0,6,5,0,131
12.0,6,5,1,132
12.0,6,5,2,133
12.0,6,5,3,133
12.0,6,5,4,134
12.0,6,5,5,135
12.0,6,5,6,135
12.0,6,5,7,136
12.0,6,5,8,136
12.0,6,5,9,137
12.0,6,5,10,138
12.0,6,5,11,138
12.0,6,5,12,139
12.0,6,5,13,140
12.0,6,5,14,140
12.0,6,5,15,141
12.0,6,6,0,132
12.0,6,6,1,133
12.0,6,6,2,133
12.0,6,6,3,134
12.0,6,6,4,135
12.0,6,6,5,135
12.0,6,6,6,136
12.0,6,6,7,137
12.0,6,6,8,137
12.0,6,6,9,138
12.0,6,6,10,138
12.0,6,6,11,139
12.0,6,6,12,140
12.0,6,6,13,140
12.0,6,6,14,141
12.0,6,6,15,142
12.0,6,7,0,133
12.0,6,7,1,134
12.0,6,7,2,134
12.0,6,7,3,135
12.0,6,7,4,135
12.0,6,7,5,136
12.0,6,7,6,137
12.0,6,7,7,137
12.0,6,7,8,138
12.0,6,7,9,139
12.0,6,7,10,139
12.0,6,7,11,140
12.0,6,7,12,141
12.0,6,7,13,141
12.0,6,7,14,142
12.0,6,7,15,142
12.0,6,8,0,134
12.0,6,8,1,134
12.0,6,8,2,135
12.0,6,8,3,136
12.0,6,8,4,136
12.0,6,8,5,137
12.0,6,8,6,138
12.0,6,8,7,138
12.0,6,8,8,139
12.0,6,8,9,139
12.0,6,8,10,140
12.0,6,8,11,141
12.0,6,8,12,141
12.0,6,8,13,142
12.0,6,8,14,143
12.0,6,8,15,143
12.0,6,9,0,134
12.0,6,9,1,135
12.0,6,9,2,136
12.0,6,9,3,136
12.0,6,9,4,137
12.0,6,9,5,138
12.0,6,9,6,138
12.0,6,9,7,139
12.0,6,9,8,140
12.0,6,9,9,140
12.0,6,9,10,141
12.0,6,9,11,141
12.0,6,9,12,142
12.0,6,9,13,143
12.0,6,9,14,143
12.0,6,9,15,144
12.0,6,10,0,135
12.0,6,10,1,136
12.0,6,10,2,136
12.0,6,10,3,137
12.0,6,10,4,138
12.0,6,10,5,138
12.0,6,10,6,139
12.0,6,10,7,140
12.0,6,10,8,140
12.0,6,10,9,141
12.0,6,10,10,142
12.0,6,10,11,142
12.0,6,10,12,143
12.0,6,10,13,143
12.0,6,10,14,144
12.0,6,10,15,145
12.0,6,11,0,136
12.0,6,11,1,136
12.0,6,11,2,137
12.0,6,11,3,138
12.0,6,11,4,138
12.0,6,11,5,139
12.0,6,11,6,140
12.0,6,11,7,140
12.0,6,11,8,141
12.0,6,11,9,142
12.0,6,11,10,142
12.0,6,11,11,143
12.0,6,11,12,144
12.0,6,11,13,144
12.0,6,11,14,145
12.0,6,11,15,146
12.0,6,12,0,137
12.0,6,12,1,137
12.0,6,12,2,138
12.0,6,12,3,139
12.0,6,12,4,139
12.0,6,12,5,140
12.0,6,12,6,141
12.0,6,12,7,141
12.0,6,12,8,142
12.0,6,12,9,142
12.0,6,12,10,143
12.0,6,12,11,144
12.0,6,12,12,144
12.0,6,12,13,145
12.0,6,12,14,146
12.0,6,12,15,146
12.0,6,13,0,137
12.0,6,13,1,138
12.0,6,13,2,139
12.0,6,13,3,139
12.0,6,13,4,140
12.0,6,13,5,141
12.0,6,13,6,141
12.0,6,13,7,142
12.0,6,13,8,143
12.0,6,13,9,143
12.0,6,13,10,144
12.0,6,13,11,145
12.0,6,13,12,145
12.0,6,13,13,146
12.0,6,13,14,146
12.0,6,13,15,147
12.0,6,14,0,138
12.0,6,14,1,139
12.0,6,14,2,139
12.0,6,14,3,140
12.0,6,14,4,141
12.0,6,14,5,141
12.0,6,14,6,142
12.0,6,14,7,143
12.0,6,14,8,143
12.0,6,14,9,144
12.0,6,14,10,145
12.0,6,14,11,145
12.0,6,14,12,146
12.0,6,14,13,147
12.0,6,14,14,147
12.0,6,14,15,148
12.0,6,15,0,139
12.0,6,15,1,139
12.0,6,15,2,140
12.0,6,15,3,141
12.0,6,15,4,141
12.0,6,15,5,142
12.0,6,15,6,143
12.0,6,15,7,143
12.0,6,15,8,144
12.0,6,15,9,145
12.0,6,15,10,145
12.0,6,15,11,146
12.0,6,15,12,147
12.0,6,15,13,147
12.0,6,15,14,148
12.0,6,15,15,149
12.0,7,0,0,130
12.0,7,0,1,130
12.0,7,0,2,131
12.0,7,0,3,131
12.0,7,0,4,132
12.0,7,0,5,133
12.0,7,0,6,133
12.0,7,0,7,134
12.0,7,0,8,135
12.0,7,0,9,135
12.0,7,0,10,136
12.0,7,0,11,136
12.0,7,0,12,137
12.0,7,0,13,138
12.0,7,0,14,138
12.0,7,0,15,139
12.0,7,1,0,130
12.0,7,1,1,131
12.0,7,1,2,132
12.0,7,1,3,132
12.0,7,1,4,133
12.0,7,1,5,134
12.0,7,1,6,134
12.0,7,1,7,135
12.0,7,1,8,135
12.0,7,1,9,136
12.0,7,1,10,137
12.0,7,1,11,137
12.0,7,1,12,138
12.0,7,1,13,138
12.0,7,1,14,139
12.0,7,1,15,140
12.0,7,2,0,131
12.0,7,2,1,132
12.0,7,2,2,132
12.0,7,2,3,133
12.0,7,2,4,134
12.0,7,2,5,134
12.0,7,2,6,135
12.0,7,2,7,136
12.0,7,2,8,136
12.0,7,2,9,137
12.0,7,2,10,137
12.0,7,2,11,138
12.0,7,2,12,139
12.0,7,2,13,139
12.0,7,2,14,140
12.0,7,2,15,140
12.0,7,3,0,132
12.0,7,3,1,133
12.0,7,3,2,133
12.0,7,3,3,134
12.0,7,3,4,134
12.0,7,3,5,135
12.0,7,3,6,136
12.0,7,3,7,136
12.0,7,3,8,137
12.0,7,3,9,138
12.0,7,3,10,138
12.0,7,3,11,139
12.0,7,3,12,139
12.0,7,3,13,140
12.0,7,3,14,141
12.0,7,3,15,141
12.0,7,4,0,133
12.0,7,4,1,133
12.0,7,4,2,134
12.0,7,4,3,135
12.0,7,4,4,135
12.0,7,4,5,136
12.0,7,4,6,137
12.0,7,4,7,137
12.0,7,4,8,138
12.0,7,4,9,138
12.0,7,4,10,139
12.0,7,4,11,140
12.0,7,4,12,140
12.0,7,4,13,141
12.0,7,4,14,142
12.0,7,4,15,142
12.0,7,5,0,133
12.0,7,5,1,134
12.0,7,5,2,135
12.0,7,5,3,135
12.0,7,5,4,136
12.0,7,5,5,137
12.0,7,5,6,137
12.0,7,5,7,138
12.0,7,5,8,139
12.0,7,5,9,139
12.0,7,5,10,140
12.0,7,5,11,140
12.0,7,5,12,141
12.0,7,5,13,142
12.0,7,5,14,142
12.0,7,5,15,143
12.0,7,6,0,134
12.0,7,6,1,135
12.0,7,6,2,136
12.0,7,6,3,136
12.0,7,6,4,137
12.0,7,6,5,137
12.0,7,6,6,138
12.0,7,6,7,139
12.0,7,6,8,139
12.0,7,6,9,140
12.0,7,6,10,141
12.0,7,6,11,141
12.0,7,6,12,142
12.0,7,6,13,143
12.0,7,6,14,143
12.0,7,6,15,144
12.0,7,7,0,135
12.0,7,7,1,136
12.0,7,7,2,136
12.0,7,7,3,137
12.0,7,7,4,138
12.0,7,7,5,138
12.0,7,7,6,139
12.0,7,7,7,140
12.0,7,7,8,140
12.0,7,7,9,141
12.0,7,7,10,141
12.0,7,7,11,142
12.0,7,7,12,143
12.0,7,7,13,143
12.0,7,7,14,144
12.0,7,7,15,145
12.0,7,8,0,136
12.0,7,8,1,136
12.0,7,8,2,137
12.0,7,8,3,138
12.0,7,8,4,138
12.0,7,8,5,139
12.0,7,8,6,140
12.0,7,8,7,140
12.0,7,8,8,141
12.0,7,8,9,142
12.0,7,8,10,142
12.0,7,8,11,143
12.0,7,8,12,143
12.0,7,8,13,144
12.0,7,8,14,145
12.0,7,8,15,145
12.0,7,9,0,136
12.0,7,9,1,137
12.0,7,9,2,138
12.0,7,9,3,138
12.0,7,9,4,139
12.0,7,9,5,140
12.0,7,9,6,140
12.0,7,9,7,141
12.0,7,9,8,142
12.0,7,9,9,142
12.0,7,9,10,143
12.0,7,9,11,144
12.0,7,9,12,144
12.0,7,9,13,145
12.0,7,9,14,146
12.0,7,9,15,146
12.0,7,10,0,137
12.0,7,10,1,138
12.0,7,10,2,139
12.0,7,10,3,139
12.0,7,10,4,140
12.0,7,10,5,141
12.0,7,10,6,141
12.0,7,10,7,142
12.0,7,10,8,142
12.0,7,10,9,143
12.0,7,10,10,144
12.0,7,10,11,144
12.0,7,10,12,145
12.0,7,10,13,146
12.0,7,10,14,146
12.0,7,10,15,147
12.0,7,11,0,138
12.0,7,11,1,139
12.0,7,11,2,139
12.0,7,11,3,140
12.0,7,11,4,141
12.0,7,11,5,141
12.0,7,11,6,142
12.0,7,11,7,143
12.0,7,11,8,143
12.0,7,11,9,144
12.0,7,11,10,145
12.0,7,11,11,145
12.0,7,11,12,146
12.0,7,11,13,146
12.0,7,11,14,147
12.0,7,11,15,148
12.0,7,12,0,139
12.0,7,12,1,139
12.0,7,12,2,140
12.0,7,12,3,141
12.0,7,12,4,141
12.0,7,12,5,142
12.0,7,12,6,143
12.0,7,12,7,143
12.0,7,12,8,144
12.0,7,12,9,145
12.0,7,12,10,145
12.0,7,12,11,146
12.0,7,12,12,147
12.0,7,12,13,147
12.0,7,12,14,148
12.0,7,12,15,149
12.0,7,13,0,139
12.0,7,13,1,140
12.0,7,13,2,141
12.0,7,13,3,141
12.0,7,13,4,142
12.0,7,13,5,143
12.0,7,13,6,143
12.0,7,13,7,144
12.0,7,13,8,145
12.0,7,13,9,145
12.0,7,13,10,146
12.0,7,13,11,147
12.0,7,13,12,147
12.0,7,13,13,148
12.0,7,13,14,149
12.0,7,13,15,149
12.0,7,14,0,140
12.0,7,14,1,141
12.0,7,14,2,141
12.0,7,14,3,142
12.0,7,14,4,143
12.0,7,14,5,144
12.0,7,14,6,144
12.0,7,14,7,145
12.0,7,14,8,146
12.0,7,14,9,146
12.0,7,14,10,147
12.0,7,14,11,147
12.0,7,14,12,148
12.0,7,14,13,149
12.0,7,14,14,149
12.0,7,14,15,150
12.0,7,15,0,141
12.0,7,15,1,142
12.0,7,15,2,142
12.0,7,15,3,143
12.0,7,15,4,144
12.0,7,15,5,144
12.0,7,15,6,145
12.0,7,15,7,146
12.0,7,15,8,146
12.0,7,15,9,147
12.0,7,15,10,148
12.0,7,15,11,148
12.0,7,15,12,149
12.0,7,15,13,150
12.0,7,15,14,150
12.0,7,15,15,151
12.0,8,0,0,132
12.0,8,0,1,132
12.0,8,0,2,133
12.0,8,0,3,133
12.0,8,0,4,134
12.0,8,0,5,135
12.0,8,0,6,135
12.0,8,0,7,136
12.0,8,0,8,137
12.0,8,0,9,137
12.0,8,0,10,138
12.0,8,0,11,138
12.0,8,0,12,139
12.0,8,0,13,140
12.0,8,0,14,140
12.0,8,0,15,141
12.0,8,1,0,132
12.0,8,1,1,133
12.0,8,1,2,134
12.0,8,1,3,134
12.0,8,1,4,135
12.0,8,1,5,136
12.0,8,1,6,136
12.0,8,1,7,137
12.0,8,1,8,137
12.0,8,1,9,138
12.0,8,1,10,139
12.0,8,1,11,139
12.0,8,1,12,140
12.0,8,1,13,141
12.0,8,1,14,141
12.0,8,1,15,142
12.0,8,2,0,133
12.0,8,2,1,134
12.0,8,2,2,134
12.0,8,2,3,135
12.0,8,2,4,136
12.0,8,2,5,136
12.0,8,2,6,137
12.0,8,2,7,138
12.0,8,2,8,138
12.0,8,2,9,139
12.0,8,2,10,140
12.0,8,2,11,140
12.0,8,2,12,141
12.0,8,2,13,141
12.0,8,2,14,142
12.0,8,2,15,143
12.0,8,3,0,134
12.0,8,3,1,135
12.0,8,3,2,135
12.0,8,3,3,136
12.0,8,3,4,137
12.0,8,3,5,137
12.0,8,3,6,138
12.0,8,3,7,138
12.0,8,3,8,139
12.0,8,3,9,140
12.0,8,3,10,140
12.0,8,3,11,141
12.0,8,3,12,142
12.0,8,3,13,142
12.0,8,3,14,143
12.0,8,3,15,143
12.0,8,4,0,135
12.0,8,4,1,135
12.0,8,4,2,136
12.0,8,4,3,137
12.0,8,4,4,137
12.0,8,4,5,138
12.0,8,4,6,139
12.0,8,4,7,139
12.0,8,4,8,140
12.0,8,4,9,141
12.0,8,4,10,141
12.0,8,4,11,142
12.0,8,4,12,142
12.0,8,4,13,143
12.0,8,4,14,144
12.0,8,4,15,144
12.0,8,5,0,135
12.0,8,5,1,136
12.0,8,5,2,137
12.0,8,5,3,137
12.0,8,5,4,138
12.0,8,5,5,139
12.0,8,5,6,139
12.0,8,5,7,140
12.0,8,5,8,141
12.0,8,5,9,141
12.0,8,5,10,142
12.0,8,5,11,143
12.0,8,5,12,143
12.0,8,5,13,144
12.0,8,5,14,144
12.0,8,5,15,145
12.0,8,6,0,136
12.0,8,6,1,137
12.0,8,6,2,138
12.0,8,6,3,138
12.0,8,6,4,139
12.0,8,6,5,140
12.0,8,6,6,140
12.0,8,6,7,141
12.0,8,6,8,141
12.0,8,6,9,142
12.0,8,6,10,143
12.0,8,6,11,143
12.0,8,6,12,144
12.0,8,6,13,145
12.0,8,6,14,145
12.0,8,6,15,146
12.0,8,7,0,137
12.0,8,7,1,138
12.0,8,7,2,138
12.0,8,7,3,139
12.0,8,7,4,140
12.0,8,7,5,140
12.0,8,7,6,141
12.0,8,7,7,142
12.0,8,7,8,142
12.0,8,7,9,143
12.0,8,7,10,144
12.0,8,7,11,144
12.0,8,7,12,145
12.0,8,7,13,145
12.0,8,7,14,146
12.0,8,7,15,147
12.0,8,8,0,138
12.0,8,8,1,138
12.0,8,8,2,139
12.0,8,8,3,140
12.0,8,8,4,140
12.0,8,8,5,141
12.0,8,8,6,142
12.0,8,8,7,142
12.0,8,8,8,143
12.0,8,8,9,144
12.0,8,8,10,144
12.0,8,8,11,145
12.0,8,8,12,146
12.0,8,8,13,146
12.0,8,8,14,147
12.0,8,8,15,148
12.0,8,9,0,139
12.0,8,9,1,139
12.0,8,9,2,140
12.0,8,9,3,141
12.0,8,9,4,141
12.0,8,9,5,142
12.0,8,9,6,143
12.0,8,9,7,143
12.0,8,9,8,144
12.0,8,9,9,145
12.0,8,9,10,145
12.0,8,9,11,146
12.0,8,9,12,146
12.0,8,9,13,147
12.0,8,9,14,148
12.0,8,9,15,148
12.0,8,10,0,139
12.0,8,10,1,140
12.0,8,10,2,141
12.0,8,10,3,141
12.0,8,10,4,142
12.0,8,10,5,143
12.0,8,10,6,143
12.0,8,10,7,144
12.0,8,10,8,145
12.0,8,10,9,145
12.0,8,10,10,146
12.0,8,10,11,147
12.0,8,10,12,147
12.0,8,10,13,148
12.0,8,10,14,149
12.0,8,10,15,149
12.0,8,11,0,140
12.0,8,11,1,141
12.0,8,11,2,141
12.0,8,11,3,142
12.0,8,11,4,143
12.0,8,11,5,143
12.0,8,11,6,144
12.0,8,11,7,145
12.0,8,11,8,145
12.0,8,11,9,146
12.0,8,11,10,147
12.0,8,11,11,147
12.0,8,11,12,148
12.0,8,11,13,149
12.0,8,11,14,149
12.0,8,11,15,150
12.0,8,12,0,141
12.0,8,12,1,141
12.0,8,12,2,142
12.0,8,12,3,143
12.0,8,12,4,144
12.0,8,12,5,144
12.0,8,12,6,145
12.0,8,12,7,146
12.0,8,12,8,146
12.0,8,12,9,147
12.0,8,12,10,148
12.0,8,12,11,148
12.0,8,12,12,149
12.0,8,12,13,149
12.0,8,12,14,150
12.0,8,12,15,151
12.0,8,13,0,142
12.0,8,13,1,142
12.0,8,13,2,143
12.0,8,13,3,144
12.0,8,13,4,144
12.0,8,13,5,145
12.0,8,13,6,146
12.0,8,13,7,146
12.0,8,13,8,147
12.0,8,13,9,148
12.0,8,13,10,148
12.0,8,13,11,149
12.0,8,13,12,150
12.0,8,13,13,150
12.0,8,13,14,151
12.0,8,13,15,152
12.0,8,14,0,142
12.0,8,14,1,143
12.0,8,14,2,144
12.0,8,14,3,144
12.0,8,14,4,145
12.0,8,14,5,146
12.0,8,14,6,146
12.0,8,14,7,147
12.0,8,14,8,148
12.0,8,14,9,148
12.0,8,14,10,149
12.0,8,14,11,150
12.0,8,14,12,150
12.0,8,14,13,151
12.0,8,14,14,152
12.0,8,14,15,152
12.0,8,15,0,143
12.0,8,15,1,144
12.0,8,15,2,144
12.0,8,15,3,145
12.0,8,15,4,146
12.0,8,15,5,146
12.0,8,15,6,147
12.0,8,15,7,148
12.0,8,15,8,148
12.0,8,15,9,149
12.0,8,15,10,150
12.0,8,15,11,151
12.0,8,15,12,151
12.0,8,15,13,152
12.0,8,15,14,153
12.0,8,15,15,153
12.0,9,0,0,134
12.0,9,0,1,134
12.0,9,0,2,135
12.0,9,0,3,135
12.0,9,0,4,136
12.0,9,0,5,137
12.0,9,0,6,137
12.0,9,0,7,138
12.0,9,0,8,139
12.0,9,0,9,139
12.0,9,0,10,140
12.0,9,0,11,141
12.0,9,0,12,141
12.0,9,0,13,142
12.0,9,0,14,142
12.0,9,0,15,143
12.0,9,1,0,134
12.0,9,1,1,135
12.0,9,1,2,136
12.0,9,1,3,136
12.0,9,1,4,137
12.0,9,1,5,138
12.0,9,1,6,138
12.0,9,1,7,139
12.0,9,1,8,140
12.0,9,1,9,140
12.0,9,1,10,141
12.0,9,1,11,141
12.0,9,1,12,142
12.0,9,1,13,143
12.0,9,1,14,143
12.0,9,1,15,144
12.0,9,2,0,135
12.0,9,2,1,136
12.0,9,2,2,136
12.0,9,2,3,137
12.0,9,2,4,138
12.0,9,2,5,138
12.0,9,2,6,139
12.0,9,2,7,140
12.0,9,2,8,140
12.0,9,2,9,141
12.0,9,2,10,142
12.0,9,2,11,142
12.0,9,2,12,143
12.0,9,2,13,143
12.0,9,2,14,144
12.0,9,2,15,145
12.0,9,3,0,136
12.0,9,3,1,137
12.0,9,3,2,137
12.0,9,3,3,138
12.0,9,3,4,139
12.0,9,3,5,139
12.0,9,3,6,140
12.0,9,3,7,141
12.0,9,3,8,141
12.0,9,3,9,142
12.0,9,3,10,142
12.0,9,3,11,143
12.0,9,3,12,144
12.0,9,3,13,144
12.0,9,3,14,145
12.0,9,3,15,146
12.0,9,4,0,137
12.0,9,4,1,137
12.0,9,4,2,138
12.0,9,4,3,139
12.0,9,4,4,139
12.0,9,4,5,140
12.0,9,4,6,141
12.0,9,4,7,141
12.0,9,4,8,142
12.0,9,4,9,143
12.0,9,4,10,143
12.0,9,4,11,144
12.0,9,4,12,145
12.0,9,4,13,145
12.0,9,4,14,146
12.0,9,4,15,146
12.0,9,5,0,137
12.0,9,5,1,138
12.0,9,5,2,139
12.0,9,5,3,140
12.0,9,5,4,140
12.0,9,5,5,141
12.0,9,5,6,141
12.0,9,5,7,142
12.0,9,5,8,143
12.0,9,5,9,143
12.0,9,5,10,144
12.0,9,5,11,145
12.0,9,5,12,145
12.0,9,5,13,146
12.0,9,5,14,147
12.0,9,5,15,147
12.0,9,6,0,138
12.0,9,6,1,139
12.0,9,6,2,140
12.0,9,6,3,140
12.0,9,6,4,141
12.0,9,6,5,142
12.0,9,6,6,142
12.0,9,6,7,143
12.0,9,6,8,144
12.0,9,6,9,144
12.0,9,6,10,145
12.0,9,6,11,146
12.0,9,6,12,146
12.0,9,6,13,147
12.0,9,6,14,147
12.0,9,6,15,148
12.0,9,7,0,139
12.0,9,7,1,140
12.0,9,7,2,140
12.0,9,7,3,141
12.0,9,7,4,142
12.0,9,7,5,142
12.0,9,7,6,143
12.0,9,7,7,144
12.0,9,7,8,144
12.0,9,7,9,145
12.0,9,7,10,146
12.0,9,7,11,146
12.0,9,7,12,147
12.0,9,7,13,148
12.0,9,7,14,148
12.0,9,7,15,149
12.0,9,8,0,140
12.0,9,8,1,141
12.0,9,8,2,141
12.0,9,8,3,142
12.0,9,8,4,143
12.0,9,8,5,143
12.0,9,8,6,144
12.0,9,8,7,145
12.0,9,8,8,145
12.0,9,8,9,146
12.0,9,8,10,147
12.0,9,8,11,147
12.0,9,8,12,148
12.0,9,8,13,148
12.0,9,8,14,149
12.0,9,8,15,150
12.0,9,9,0,141
12.0,9,9,1,141
12.0,9,9,2,142
12.0,9,9,3,143
12.0,9,9,4,143
12.0,9,9,5,144
12.0,9,9,6,145
12.0,9,9,7,145
12.0,9,9,8,146
12.0,9,9,9,147
12.0,9,9,10,147
12.0,9,9,11,148
12.0,9,9,12,149
12.0,9,9,13,149
12.0,9,9,14,150
12.0,9,9,15,151
12.0,9,10,0,141
12.0,9,10,1,142
12.0,9,10,2,143
12.0,9,10,3,143
12.0,9,10,4,144
12.0,9,10,5,145
12.0,9,10,6,145
12.0,9,10,7,146
12.0,9,10,8,147
12.0,9,10,9,147
12.0,9,10,10,148
12.0,9,10,11,149
12.0,9,10,12,149
12.0,9,10,13,150
12.0,9,10,14,151
12.0,9,10,15,151
12.0,9,11,0,142
12.0,9,11,1,143
12.0,9,11,2,144
12.0,9,11,3,144
12.0,9,11,4,145
12.0,9,11,5,146
12.0,9,11,6,146
12.0,9,11,7,147
12.0,9,11,8,148
12.0,9,11,9,148
12.0,9,11,10,149
12.0,9,11,11,150
12.0,9,11,12,150
12.0,9,11,13,151
12.0,9,11,14,152
12.0,9,11,15,152
12.0,9,12,0,143
12.0,9,12,1,144
12.0,9,12,2,144
12.0,9,12,3,145
12.0,9,12,4,146
12.0,9,12,5,146
12.0,9,12,6,147
12.0,9,12,7,148
12.0,9,12,8,148
12.0,9,12,9,149
12.0,9,12,10,150
12.0,9,12,11,150
12.0,9,12,12,151
12.0,9,12,13,152
12.0,9,12,14,152
12.0,9,12,15,153
12.0,9,13,0,144
12.0,9,13,1,144
12.0,9,13,2,145
12.0,9,13,3,146
12.0,9,13,4,146
12.0,9,13,5,147
12.0,9,13,6,148
12.0,9,13,7,148
12.0,9,13,8,149
12.0,9,13,9,150
12.0,9,13,10,151
12.0,9,13,11,151
12.0,9,13,12,152
12.0,9,13,13,153
12.0,9,13,14,153
12.0,9,13,15,154
12.0,9,14,0,144
12.0,9,14,1,145
12.0,9,14,2,146
12.0,9,14,3,146
12.0,9,14,4,147
12.0,9,14,5,148
12.0,9,14,6,149
12.0,9,14,7,149
12.0,9,14,8,150
12.0,9,14,9,151
12.0,9,14,10,151
12.0,9,14,11,152
12.0,9,14,12,153
12.0,9,14,13,153
12.0,9,14,14,154
12.0,9,14,15,155
12.0,9,15,0,145
12.0,9,15,1,146
12.0,9,15,2,147
12.0,9,15,3,147
12.0,9,15,4,148
12.0,9,15,5,149
12.0,9,15,6,149
12.0,9,15,7,150
12.0,9,15,8,151
12.0,9,15,9,151
12.0,9,15,10,152
12.0,9,15,11,153
12.0,9,15,12,153
12.0,9,15,13,154
12.0,9,15,14,155
12.0,9,15,15,155
12.0,10,0,0,135
12.0,10,0,1,136
12.0,10,0,2,137
12.0,10,0,3,137
12.0,10,0,4,138
12.0,10,0,5,139
12.0,10,0,6,139
12.0,10,0,7,140
12.0,10,0,8,141
12.0,10,0,9,141
12.0,10,0,10,142
12.0,10,0,11,143
12.0,10,0,12,143
12.0,10,0,13,144
12.0,10,0,14,145
12.0,10,0,15,145
12.0,10,1,0,136
12.0,10,1,1,137
12.0,10,1,2,138
12.0,10,1,3,138
12.0,10,1,4,139
12.0,10,1,5,140
12.0,10,1,6,140
12.0,10,1,7,141
12.0,10,1,8,142
12.0,10,1,9,142
12.0,10,1,10,143
12.0,10,1,11,143
12.0,10,1,12,144
12.0,10,1,13,145
12.0,10,1,14,145
12.0,10,1,15,146
12.0,10,2,0,137
12.0,10,2,1,138
12.0,10,2,2,138
12.0,10,2,3,139
12.0,10,2,4,140
12.0,10,2,5,140
12.0,10,2,6,141
12.0,10,2,7,142
12.0,10,2,8,142
12.0,10,2,9,143
12.0,10,2,10,144
12.0,10,2,11,144
12.0,10,2,12,145
12.0,10,2,13,146
12.0,10,2,14,146
12.0,10,2,15,147
12.0,10,3,0,138
12.0,10,3,1,139
12.0,10,3,2,139
12.0,10,3,3,140
12.0,10,3,4,141
12.0,10,3,5,141
12.0,10,3,6,142
12.0,10,3,7,143
12.0,10,3,8,143
12.0,10,3,9,144
12.0,10,3,10,145
12.0,10,3,11,145
12.0,10,3,12,146
12.0,10,3,13,146
12.0,10,3,14,147
12.0,10,3,15,148
12.0,10,4,0,139
12.0,10,4,1,139
12.0,10,4,2,140
12.0,10,4,3,141
12.0,10,4,4,141
12.0,10,4,5,142
12.0,10,4,6,143
12.0,10,4,7,143
12.0,10,4,8,144
12.0,10,4,9,145
12.0,10,4,10,145
12.0,10,4,11,146
12.0,10,4,12,147
12.0,10,4,13,147
12.0,10,4,14,148
12.0,10,4,15,149
12.0,10,5,0,140
12.0,10,5,1,140
12.0,10,5,2,141
12.0,10,5,3,142
12.0,10,5,4,142
12.0,10,5,5,143
12.0,10,5,6,144
12.0,10,5,7,144
12.0,10,5,8,145
12.0,10,5,9,146
12.0,10,5,10,146
12.0,10,5,11,147
12.0,10,5,12,148
12.0,10,5,13,148
12.0,10,5,14,149
12.0,10,5,15,149
12.0,10,6,0,140
12.0,10,6,1,141
12.0,10,6,2,142
12.0,10,6,3,142
12.0,10,6,4,143
12.0,10,6,5,144
12.0,10,6,6,144
12.0,10,6,7,145
12.0,10,6,8,146
12.0,10,6,9,146
12.0,10,6,10,147
12.0,10,6,11,148
12.0,10,6,12,148
12.0,10,6,13,149
12.0,10,6,14,150
12.0,10,6,15,150
12.0,10,7,0,141
12.0,10,7,1,142
12.0,10,7,2,142
12.0,10,7,3,143
12.0,10,7,4,144
12.0,10,7,5,145
12.0,10,7,6,145
12.0,10,7,7,146
12.0,10,7,8,147
12.0,10,7,9,147
12.0,10,7,10,148
12.0,10,7,11,149
12.0,10,7,12,149
12.0,10,7,13,150
12.0,10,7,14,151
12.0,10,7,15,151
12.0,10,8,0,142
12.0,10,8,1,143
12.0,10,8,2,143
12.0,10,8,3,144
12.0,10,8,4,145
12.0,10,8,5,145
12.0,10,8,6,146
12.0,10,8,7,147
12.0,10,8,8,147
12.0,10,8,9,148
12.0,10,8,10,149
12.0,10,8,11,149
12.0,10,8,12,150
12.0,10,8,13,151
12.0,10,8,14,151
12.0,10,8,15,152
12.0,10,9,0,143
12.0,10,9,1,143
12.0,10,9,2,144
12.0,10,9,3,145
12.0,10,9,4,145
12.0,10,9,5,146
12.0,10,9,6,147
12.0,10,9,7,147
12.0,10,9,8,148
12.0,10,9,9,149
12.0,10,9,10,150
12.0,10,9,11,150
12.0,10,9,12,151
12.0,10,9,13,152
12.0,10,9,14,152
12.0,10,9,15,153
12.0,10,10,0,143
12.0,10,10,1,144
12.0,10,10,2,145
12.0,10,10,3,146
12.0,10,10,4,146
12.0,10,10,5,147
12.0,10,10,6,148
12.0,10,10,7,148
12.0,10,10,8,149
12.0,10,10,9,150
12.0,10,10,10,150
12.0,10,10,11,151
12.0,10,10,12,152
12.0,10,10,13,152
12.0,10,10,14,153
12.0,10,10,15,154
12.0,10,11,0,144
12.0,10,11,1,145
12.0,10,11,2,146
12.0,10,11,3,146
12.0,10,11,4,147
12.0,10,11,5,148
12.0,10,11,6,148
12.0,10,11,7,149
12.0,10,11,8,150
12.0,10,11,9,150
12.0,10,11,10,151
12.0,10,11,11,152
12.0,10,11,12,152
12.0,10,11,13,153
12.0,10,11,14,154
12.0,10,11,15,154
12.0,10,12,0,145
12.0,10,12,1,146
12.0,10,12,2,146
12.0,10,12,3,147
12.0,10,12,4,148
12.0,10,12,5,149
12.0,10,12,6,149
12.0,10,12,7,150
12.0,10,12,8,151
12.0,10,12,9,151
12.0,10,12,10,152
12.0,10,12,11,153
12.0,10,12,12,153
12.0,10,12,13,154
12.0,10,12,14,155
12.0,10,12,15,155
12.0,10,13,0,146
12.0,10,13,1,146
12.0,10,13,2,147
12.0,10,13,3,148
12.0,10,13,4,149
12.0,10,13,5,149
12.0,10,13,6,150
12.0,10,13,7,151
12.0,10,13,8,151
12.0,10,13,9,152
12.0,10,13,10,153
12.0,10,13,11,153
12.0,10,13,12,154
12.0,10,13,13,155
12.0,10,13,14,155
12.0,10,13,15,156
12.0,10,14,0,147
12.0,10,14,1,147
12.0,10,14,2,148
12.0,10,14,3,149
12.0,10,14,4,149
12.0,10,14,5,150
12.0,10,14,6,151
12.0,10,14,7,151
12.0,10,14,8,152
12.0,10,14,9,153
12.0,10,14,10,154
12.0,10,14,11,154
12.0,10,14,12,155
12.0,10,14,13,156
12.0,10,14,14,156
12.0,10,14,15,157
12.0,10,15,0,147
12.0,10,15,1,148
12.0,10,15,2,149
12.0,10,15,3,149
12.0,10,15,4,150
12.0,10,15,5,151
12.0,10,15,6,152
12.0,10,15,7,152
12.0,10,15,8,153
12.0,10,15,9,154
12.0,10,15,10,154
12.0,10,15,11,155
12.0,10,15,12,156
12.0,10,15,13,156
12.0,10,15,14,157
12.0,10,15,15,158
12.0,11,0,0,137
12.0,11,0,1,138
12.0,11,0,2,139
12.0,11,0,3,139
12.0,11,0,4,140
12.0,11,0,5,141
12.0,11,0,6,141
12.0,11,0,7,142
12.0,11,0,8,143
12.0,11,0,9,143
12.0,11,0,10,144
12.0,11,0,11,145
12.0,11,0,12,145
12.0,11,0,13,146
12.0,11,0,14,147
12.0,11,0,15,147
12.0,11,1,0,138
12.0,11,1,1,139
12.0,11,1,2,140
12.0,11,1,3,140
12.0,11,1,4,141
12.0,11,1,5,142
12.0,11,1,6,142
12.0,11,1,7,143
12.0,11,1,8,144
12.0,11,1,9,144
12.0,11,1,10,145
12.0,11,1,11,146
12.0,11,1,12,146
12.0,11,1,13,147
12.0,11,1,14,147
12.0,11,1,15,148
12.0,11,2,0,139
12.0,11,2,1,140
12.0,11,2,2,140
12.0,11,2,3,141
12.0,11,2,4,142
12.0,11,2,5,142
12.0,11,2,6,143
12.0,11,2,7,144
12.0,11,2,8,144
12.0,11,2,9,145
12.0,11,2,10,146
12.0,11,2,11,146
12.0,11,2,12,147
12.0,11,2,13,148
12.0,11,2,14,148
12.0,11,2,15,149
12.0,11,3,0,140
12.0,11,3,1,141
12.0,11,3,2,141
12.0,11,3,3,142
12.0,11,3,4,143
12.0,11,3,5,143
12.0,11,3,6,144
12.0,11,3,7,145
12.0,11,3,8,145
12.0,11,3,9,146
12.0,11,3,10,147
12.0,11,3,11,147
12.0,11,3,12,148
12.0,11,3,13,149
12.0,11,3,14,149
12.0,11,3,15,150
12.0,11,4,0,141
12.0,11,4,1,141
12.0,11,4,2,142
12.0,11,4,3,143
12.0,11,4,4,143
12.0,11,4,5,144
12.0,11,4,6,145
12.0,11,4,7,146
12.0,11,4,8,146
12.0,11,4,9,147
12.0,11,4,10,147
12.0,11,4,11,148
12.0,11,4,12,149
12.0,11,4,13,149
12.0,11,4,14,150
12.0,11,4,15,151
12.0,11,5,0,142
12.0,11,5,1,142
12.0,11,5,2,143
12.0,11,5,3,144
12.0,11,5,4,144
12.0,11,5,5,145
12.0,11,5,6,146
12.0,11,5,7,146
12.0,11,5,8,147
12.0,11,5,9,148
12.0,11,5,10,148
12.0,11,5,11,149
12.0,11,5,12,150
12.0,11,5,13,150
12.0,11,5,14,151
12.0,11,5,15,152
12.0,11,6,0,142
12.0,11,6,1,143
12.0,11,6,2,144
12.0,11,6,3,144
12.0,11,6,4,145
12.0,11,6,5,146
12.0,11,6,6,146
12.0,11,6,7,147
12.0,11,6,8,148
12.0,11,6,9,149
12.0,11,6,10,149
12.0,11,6,11,150
12.0,11,6,12,151
12.0,11,6,13,151
12.0,11,6,14,152
12.0,11,6,15,152
12.0,11,7,0,143
12.0,11,7,1,144
12.0,11,7,2,145
12.0,11,7,3,145
12.0,11,7,4,146
12.0,11,7,5,147
12.0,11,7,6,147
12.0,11,7,7,148
12.0,11,7,8,149
12.0,11,7,9,149
12.0,11,7,10,150
12.0,11,7,11,151
12.0,11,7,12,151
12.0,11,7,13,152
12.0,11,7,14,153
12.0,11,7,15,153
12.0,11,8,0,144
12.0,11,8,1,145
12.0,11,8,2,145
12.0,11,8,3,146
12.0,11,8,4,147
12.0,11,8,5,147
12.0,11,8,6,148
12.0,11,8,7,149
12.0,11,8,8,150
12.0,11,8,9,150
12.0,11,8,10,151
12.0,11,8,11,152
12.0,11,8,12,152
12.0,11,8,13,153
12.0,11,8,14,154
12.0,11,8,15,154
12.0,11,9,0,145
12.0,11,9,1,145
12.0,11,9,2,146
12.0,11,9,3,147
12.0,11,9,4,148
12.0,11,9,5,148
12.0,11,9,6,149
12.0,11,9,7,150
12.0,11,9,8,150
12.0,11,9,9,151
12.0,11,9,10,152
12.0,11,9,11,152
12.0,11,9,12,153
12.0,11,9,13,154
12.0,11,9,14,154
12.0,11,9,15,155
12.0,11,10,0,146
12.0,11,10,1,146
12.0,11,10,2,147
12.0,11,10,3,148
12.0,11,10,4,148
12.0,11,10,5,149
12.0,11,10,6,150
12.0,11,10,7,150
12.0,11,10,8,151
12.0,11,10,9,152
12.0,11,10,10,153
12.0,11,10,11,153
12.0,11,10,12,154
12.0,11,10,13,155
12.0,11,10,14,155
12.0,11,10,15,156
12.0,11,11,0,146
12.0,11,11,1,147
12.0,11,11,2,148
12.0,11,11,3,148
12.0,11,11,4,149
12.0,11,11,5,150
12.0,11,11,6,151
12.0,11,11,7,151
12.0,11,11,8,152
12.0,11,11,9,153
12.0,11,11,10,153
12.0,11,11,11,154
12.0,11,11,12,155
12.0,11,11,13,155
12.0,11,11,14,156
12.0,11,11,15,157
12.0,11,12,0,147
12.0,11,12,1,148
12.0,11,12,2,149
12.0,11,12,3,149
12.0,11,12,4,150
12.0,11,12,5,151
12.0,11,12,6,151
12.0,11,12,7,152
12.0,11,12,8,153
12.0,11,12,9,153
12.0,11,12,10,154
12.0,11,12,11,155
12.0,11,12,12,156
12.0,11,12,13,156
12.0,11,12,14,157
12.0,11,12,15,158
12.0,11,13,0,148
12.0,11,13,1,149
12.0,11,13,2,149
12.0,11,13,3,150
12.0,11,13,4,151
12.0,11,13,5,151
12.0,11,13,6,152
12.0,11,13,7,153
12.0,11,13,8,154
12.0,11,13,9,154
12.0,11,13,10,155
12.0,11,13,11,156
12.0,11,13,12,156
12.0,11,13,13,157
12.0,11,13,14,158
12.0,11,13,15,158
12.0,11,14,0,149
12.0,11,14,1,149
12.0,11,14,2,150
12.0,11,14,3,151
12.0,11,14,4,152
12.0,11,14,5,152
12.0,11,14,6,153
12.0,11,14,7,154
12.0,11,14,8,154
12.0,11,14,9,155
12.0,11,14,10,156
12.0,11,14,11,156
12.0,11,14,12,157
12.0,11,14,13,158
12.0,11,14,14,159
12.0,11,14,15,159
12.0,11,15,0,149
12.0,11,15,1,150
12.0,11,15,2,151
12.0,11,15,3,152
12.0,11,15,4,152
12.0,11,15,5,153
12.0,11,15,6,154
12.0,11,15,7,154
12.0,11,15,8,155
12.0,11,15,9,156
12.0,11,15,10,157
12.0,11,15,11,157
12.0,11,15,12,158
12.0,11,15,13,159
12.0,11,15,14,159
12.0,11,15,15,160
12.0,12,0,0,139
12.0,12,0,1,140
12.0,12,0,2,141
12.0,12,0,3,141
12.0,12,0,4,142
12.0,12,0,5,143
12.0,12,0,6,143
12.0,12,0,7,144
12.0,12,0,8,145
12.0,12,0,9,145
12.0,12,0,10,146
12.0,12,0,11,147
12.0,12,0,12,147
12.0,12,0,13,148
12.0,12,0,14,149
12.0,12,0,15,149
12.0,12,1,0,140
12.0,12,1,1,141
12.0,12,1,2,142
12.0,12,1,3,142
12.0,12,1,4,143
12.0,12,1,5,144
12.0,12,1,6,144
12.0,12,1,7,145
12.0,12,1,8,146
12.0,12,1,9,146
12.0,12,1,10,147
12.0,12,1,11,148
12.0,12,1,12,148
12.0,12,1,13,149
12.0,12,1,14,150
12.0,12,1,15,150
12.0,12,2,0,141
12.0,12,2,1,142
12.0,12,2,2,142
12.0,12,2,3,143
12.0,12,2,4,144
12.0,12,2,5,145
12.0,12,2,6,145
12.0,12,2,7,146
12.0,12,2,8,147
12.0,12,2,9,147
12.0,12,2,10,148
12.0,12,2,11,149
12.0,12,2,12,149
12.0,12,2,13,150
12.0,12,2,14,151
12.0,12,2,15,151
12.0,12,3,0,142
12.0,12,3,1,143
12.0,12,3,2,143
12.0,12,3,3,144
12.0,12,3,4,145
12.0,12,3,5,145
12.0,12,3,6,146
12.0,12,3,7,147
12.0,12,3,8,147
12.0,12,3,9,148
12.0,12,3,10,149
12.0,12,3,11,149
12.0,12,3,12,150
12.0,12,3,13,151
12.0,12,3,14,151
12.0,12,3,15,152
12.0,12,4,0,143
12.0,12,4,1,143
12.0,12,4,2,144
12.0,12,4,3,145
12.0,12,4,4,146
12.0,12,4,5,146
12.0,12,4,6,147
12.0,12,4,7,148
12.0,12,4,8,148
12.0,12,4,9,149
12.0,12,4,10,150
12.0,12,4,11,150
12.0,12,4,12,151
12.0,12,4,13,152
12.0,12,4,14,152
12.0,12,4,15,153
12.0,12,5,0,144
12.0,12,5,1,144
12.0,12,5,2,145
12.0,12,5,3,146
12.0,12,5,4,146
12.0,12,5,5,147
12.0,12,5,6,148
12.0,12,5,7,148
12.0,12,5,8,149
12.0,12,5,9,150
12.0,12,5,10,150
12.0,12,5,11,151
12.0,12,5,12,152
12.0,12,5,13,152
12.0,12,5,14,153
12.0,12,5,15,154
12.0,12,6,0,144
12.0,12,6,1,145
12.0,12,6,2,146
12.0,12,6,3,147
12.0,12,6,4,147
12.0,12,6,5,148
12.0,12,6,6,149
12.0,12,6,7,149
12.0,12,6,8,150
12.0,12,6,9,151
12.0,12,6,10,151
12.0,12,6,11,152
12.0,12,6,12,153
12.0,12,6,13,153
12.0,12,6,14,154
12.0,12,6,15,155
12.0,12,7,0,145
12.0,12,7,1,146
12.0,12,7,2,147
12.0,12,7,3,147
12.0,12,7,4,148
12.0,12,7,5,149
12.0,12,7,6,149
12.0,12,7,7,150
12.0,12,7,8,151
12.0,12,7,9,151
12.0,12,7,10,152
12.0,12,7,11,153
12.0,12,7,12,154
12.0,12,7,13,154
12.0,12,7,14,155
12.0,12,7,15,156
12.0,12,8,0,146
12.0,12,8,1,147
12.0,12,8,2,147
12.0,12,8,3,148
12.0,12,8,4,149
12.0,12,8,5,150
12.0,12,8,6,150
12.0,12,8,7,151
12.0,12,8,8,152
12.0,12,8,9,152
12.0,12,8,10,153
12.0,12,8,11,154
12.0,12,8,12,154
12.0,12,8,13,155
12.0,12,8,14,156
12.0,12,8,15,156
12.0,12,9,0,147
12.0,12,9,1,148
12.0,12,9,2,148
12.0,12,9,3,149
12.0,12,9,4,150
12.0,12,9,5,150
12.0,12,9,6,151
12.0,12,9,7,152
12.0,12,9,8,152
12.0,12,9,9,153
12.0,12,9,10,154
12.0,12,9,11,155
12.0,12,9,12,155
12.0,12,9,13,156
12.0,12,9,14,157
12.0,12,9,15,157
12.0,12,10,0,148
12.0,12,10,1,148
12.0,12,10,2,149
12.0,12,10,3,150
12.0,12,10,4,150
12.0,12,10,5,151
12.0,12,10,6,152
12.0,12,10,7,153
12.0,12,10,8,153
12.0,12,10,9,154
12.0,12,10,10,155
12.0,12,10,11,155
12.0,12,10,12,156
12.0,12,10,13,157
12.0,12,10,14,157
12.0,12,10,15,158
12.0,12,11,0,148
12.0,12,11,1,149
12.0,12,11,2,150
12.0,12,11,3,151
12.0,12,11,4,151
12.0,12,11,5,152
12.0,12,11,6,153
12.0,12,11,7,153
12.0,12,11,8,154
12.0,12,11,9,155
12.0,12,11,10,156
12.0,12,11,11,156
12.0,12,11,12,157
12.0,12,11,13,158
12.0,12,11,14,158
12.0,12,11,15,159
12.0,12,12,0,149
12.0,12,12,1,150
12.0,12,12,2,151
12.0,12,12,3,151
12.0,12,12,4,152
12.0,12,12,5,153
12.0,12,12,6,154
12.0,12,12,7,154
12.0,12,12,8,155
12.0,12,12,9,156
12.0,12,12,10,156
12.0,12,12,11,157
12.0,12,12,12,158
12.0,12,12,13,158
12.0,12,12,14,159
12.0,12,12,15,160
12.0,12,13,0,150
12.0,12,13,1,151
12.0,12,13,2,151
12.0,12,13,3,152
12.0,12,13,4,153
12.0,12,13,5,154
12.0,12,13,6,154
12.0,12,13,7,155
12.0,12,13,8,156
12.0,12,13,9,156
12.0,12,13,10,157
12.0,12,13,11,158
12.0,12,13,12,159
12.0,12,13,13,159
12.0,12,13,14,160
12.0,12,13,15,161
12.0,12,14,0,151
12.0,12,14,1,152
12.0,12,14,2,152
12.0,12,14,3,153
12.0,12,14,4,154
12.0,12,14,5,154
12.0,12,14,6,155
12.0,12,14,7,156
12.0,12,14,8,157
12.0,12,14,9,157
12.0,12,14,10,158
12.0,12,14,11,159
12.0,12,14,12,159
12.0,12,14,13,160
12.0,12,14,14,161
12.0,12,14,15,162
12.0,12,15,0,152
12.0,12,15,1,152
12.0,12,15,2,153
12.0,12,15,3,154
12.0,12,15,4,154
12.0,12,15,5,155
12.0,12,15,6,156
12.0,12,15,7,157
12.0,12,15,8,157
12.0,12,15,9,158
12.0,12,15,10,159
12.0,12,15,11,160
12.0,12,15,12,160
12.0,12,15,13,161
12.0,12,15,14,162
12.0,12,15,15,162
12.0,13,0,0,141
12.0,13,0,1,142
12.0,13,0,2,143
12.0,13,0,3,143
12.0,13,0,4,144
12.0,13,0,5,145
12.0,13,0,6,146
12.0,13,0,7,146
12.0,13,0,8,147
12.0,13,0,9,148
12.0,13,0,10,148
12.0,13,0,11,149
12.0,13,0,12,150
12.0,13,0,13,150
12.0,13,0,14,151
12.0,13,0,15,151
12.0,13,1,0,142
12.0,13,1,1,143
12.0,13,1,2,144
12.0,13,1,3,144
12.0,13,1,4,145
12.0,13,1,5,146
12.0,13,1,6,146
12.0,13,1,7,147
12.0,13,1,8,148
12.0,13,1,9,148
12.0,13,1,10,149
12.0,13,1,11,150
12.0,13,1,12,150
12.0,13,1,13,151
12.0,13,1,14,152
12.0,13,1,15,152
12.0,13,2,0,143
12.0,13,2,1,144
12.0,13,2,2,144
12.0,13,2,3,145
12.0,13,2,4,146
12.0,13,2,5,147
12.0,13,2,6,147
12.0,13,2,7,148
12.0,13,2,8,149
12.0,13,2,9,149
12.0,13,2,10,150
12.0,13,2,11,151
12.0,13,2,12,151
12.0,13,2,13,152
12.0,13,2,14,153
12.0,13,2,15,153
12.0,13,3,0,144
12.0,13,3,1,145
12.0,13,3,2,145
12.0,13,3,3,146
12.0,13,3,4,147
12.0,13,3,5,147
12.0,13,3,6,148
12.0,13,3,7,149
12.0,13,3,8,149
12.0,13,3,9,150
12.0,13,3,10,151
12.0,13,3,11,152
12.0,13,3,12,152
12.0,13,3,13,153
12.0,13,3,14,154
12.0,13,3,15,154
12.0,13,4,0,145
12.0,13,4,1,145
12.0,13,4,2,146
12.0,13,4,3,147
12.0,13,4,4,148
12.0,13,4,5,148
12.0,13,4,6,149
12.0,13,4,7,150
12.0,13,4,8,150
12.0,13,4,9,151
12.0,13,4,10,152
12.0,13,4,11,152
12.0,13,4,12,153
12.0,13,4,13,154
12.0,13,4,14,154
12.0,13,4,15,155
12.0,13,5,0,146
12.0,13,5,1,146
12.0,13,5,2,147
12.0,13,5,3,148
12.0,13,5,4,148
12.0,13,5,5,149
12.0,13,5,6,150
12.0,13,5,7,151
12.0,13,5,8,151
12.0,13,5,9,152
12.0,13,5,10,153
12.0,13,5,11,153
12.0,13,5,12,154
12.0,13,5,13,155
12.0,13,5,14,155
12.0,13,5,15,156
12.0,13,6,0,146
12.0,13,6,1,147
12.0,13,6,2,148
12.0,13,6,3,149
12.0,13,6,4,149
12.0,13,6,5,150
12.0,13,6,6,151
12.0,13,6,7,151
12.0,13,6,8,152
12.0,13,6,9,153
12.0,13,6,10,153
12.0,13,6,11,154
12.0,13,6,12,155
12.0,13,6,13,156
12.0,13,6,14,156
12.0,13,6,15,157
12.0,13,7,0,147
12.0,13,7,1,148
12.0,13,7,2,149
12.0,13,7,3,149
12.0,13,7,4,150
12.0,13,7,5,151
12.0,13,7,6,152
12.0,13,7,7,152
12.0,13,7,8,153
12.0,13,7,9,154
12.0,13,7,10,154
12.0,13,7,11,155
12.0,13,7,12,156
12.0,13,7,13,156
12.0,13,7,14,157
12.0,13,7,15,158
12.0,13,8,0,148
12.0,13,8,1,149
12.0,13,8,2,150
12.0,13,8,3,150
12.0,13,8,4,151
12.0,13,8,5,152
12.0,13,8,6,152
12.0,13,8,7,153
12.0,13,8,8,154
12.0,13,8,9,154
12.0,13,8,10,155
12.0,13,8,11,156
12.0,13,8,12,157
12.0,13,8,13,157
12.0,13,8,14,158
12.0,13,8,15,159
12.0,13,9,0,149
12.0,13,9,1,150
12.0,13,9,2,150
12.0,13,9,3,151
12.0,13,9,4,152
12.0,13,9,5,153
12.0,13,9,6,153
12.0,13,9,7,154
12.0,13,9,8,155
12.0,13,9,9,155
12.0,13,9,10,156
12.0,13,9,11,157
12.0,13,9,12,157
12.0,13,9,13,158
12.0,13,9,14,159
12.0,13,9,15,159
12.0,13,10,0,150
12.0,13,10,1,150
12.0,13,10,2,151
12.0,13,10,3,152
12.0,13,10,4,153
12.0,13,10,5,153
12.0,13,10,6,154
12.0,13,10,7,155
12.0,13,10,8,155
12.0,13,10,9,156
12.0,13,10,10,157
12.0,13,10,11,158
12.0,13,10,12,158
12.0,13,10,13,159
12.0,13,10,14,160
12.0,13,10,15,160
12.0,13,11,0,151
12.0,13,11,1,151
12.0,13,11,2,152
12.0,13,11,3,153
12.0,13,11,4,153
12.0,13,11,5,154
12.0,13,11,6,155
12.0,13,11,7,156
12.0,13,11,8,156
12.0,13,11,9,157
12.0,13,11,10,158
12.0,13,11,11,158
12.0,13,11,12,159
12.0,13,11,13,160
12.0,13,11,14,161
12.0,13,11,15,161
12.0,13,12,0,151
12.0,13,12,1,152
12.0,13,12,2,153
12.0,13,12,3,154
12.0,13,12,4,154
12.0,13,12,5,155
12.0,13,12,6,156
12.0,13,12,7,156
12.0,13,12,8,157
12.0,13,12,9,158
12.0,13,12,10,159
12.0,13,12,11,159
12.0,13,12,12,160
12.0,13,12,13,161
12.0,13,12,14,161
12.0,13,12,15,162
12.0,13,13,0,152
12.0,13,13,1,153
12.0,13,13,2,154
12.0,13,13,3,154
12.0,13,13,4,155
12.0,13,13,5,156
12.0,13,13,6,157
12.0,13,13,7,157
12.0,13,13,8,158
12.0,13,13,9,159
12.0,13,13,10,159
12.0,13,13,11,160
12.0,13,13,12,161
12.0,13,13,13,162
12.0,13,13,14,162
12.0,13,13,15,163
12.0,13,14,0,153
12.0,13,14,1,154
12.0,13,14,2,154
12.0,13,14,3,155
12.0,13,14,4,156
12.0,13,14,5,157
12.0,13,14,6,157
12.0,13,14,7,158
12.0,13,14,8,159
12.0,13,14,9,160
12.0,13,14,10,160
12.0,13,14,11,161
12.0,13,14,12,162
12.0,13,14,13,162
12.0,13,14,14,163
12.0,13,14,15,164
12.0,13,15,0,154
12.0,13,15,1,154
12.0,13,15,2,155
12.0,13,15,3,156
12.0,13,15,4,157
12.0,13,15,5,157
12.0,13,15,6,158
12.0,13,15,7,159
12.0,13,15,8,160
12.0,13,15,9,160
12.0,13,15,10,161
12.0,13,15,11,162
12.0,13,15,12,162
12.0,13,15,13,163
12.0,13,15,14,164
12.0,13,15,15,165
12.0,14,0,0,143
12.0,14,0,1,144
12.0,14,0,2,145
12.0,14,0,3,145
12.0,14,0,4,146
12.0,14,0,5,147
12.0,14,0,6,148
12.0,14,0,7,148
12.0,14,0,8,149
12.0,14,0,9,150
12.0,14,0,10,150
12.0,14,0,11,151
12.0,14,0,12,152
12.0,14,0,13,152
12.0,14,0,14,153
12.0,14,0,15,154
12.0,14,1,0,144
12.0,14,1,1,145
12.0,14,1,2,146
12.0,14,1,3,146
12.0,14,1,4,147
12.0,14,1,5,148
12.0,14,1,6,148
12.0,14,1,7,149
12.0,14,1,8,150
12.0,14,1,9,150
12.0,14,1,10,151
12.0,14,1,11,152
12.0,14,1,12,153
12.0,14,1,13,153
12.0,14,1,14,154
12.0,14,1,15,155
12.0,14,2,0,145
12.0,14,2,1,146
12.0,14,2,2,147
12.0,14,2,3,147
12.0,14,2,4,148
12.0,14,2,5,149
12.0,14,2,6,149
12.0,14,2,7,150
12.0,14,2,8,151
12.0,14,2,9,151
12.0,14,2,10,152
12.0,14,2,11,153
12.0,14,2,12,153
12.0,14,2,13,154
12.0,14,2,14,155
12.0,14,2,15,155
12.0,14,3,0,146
12.0,14,3,1,147
12.0,14,3,2,147
12.0,14,3,3,148
12.0,14,3,4,149
12.0,14,3,5,149
12.0,14,3,6,150
12.0,14,3,7,151
12.0,14,3,8,152
12.0,14,3,9,152
12.0,14,3,10,153
12.0,14,3,11,154
12.0,14,3,12,154
12.0,14,3,13,155
12.0,14,3,14,156
12.0,14,3,15,156
12.0,14,4,0,147
12.0,14,4,1,148
12.0,14,4,2,148
12.0,14,4,3,149
12.0,14,4,4,150
12.0,14,4,5,150
12.0,14,4,6,151
12.0,14,4,7,152
12.0,14,4,8,152
12.0,14,4,9,153
12.0,14,4,10,154
12.0,14,4,11,155
12.0,14,4,12,155
12.0,14,4,13,156
12.0,14,4,14,157
12.0,14,4,15,157
12.0,14,5,0,148
12.0,14,5,1,148
12.0,14,5,2,149
12.0,14,5,3,150
12.0,14,5,4,151
12.0,14,5,5,151
12.0,14,5,6,152
12.0,14,5,7,153
12.0,14,5,8,153
12.0,14,5,9,154
12.0,14,5,10,155
12.0,14,5,11,155
12.0,14,5,12,156
12.0,14,5,13,157
12.0,14,5,14,157
12.0,14,5,15,158
12.0,14,6,0,148
12.0,14,6,1,149
12.0,14,6,2,150
12.0,14,6,3,151
12.0,14,6,4,151
12.0,14,6,5,152
12.0,14,6,6,153
12.0,14,6,7,153
12.0,14,6,8,154
12.0,14,6,9,155
12.0,14,6,10,156
12.0,14,6,11,156
12.0,14,6,12,157
12.0,14,6,13,158
12.0,14,6,14,158
12.0,14,6,15,159
12.0,14,7,0,149
12.0,14,7,1,150
12.0,14,7,2,151
12.0,14,7,3,151
12.0,14,7,4,152
12.0,14,7,5,153
12.0,14,7,6,154
12.0,14,7,7,154
12.0,14,7,8,155
12.0,14,7,9,156
12.0,14,7,10,156
12.0,14,7,11,157
12.0,14,7,12,158
12.0,14,7,13,159
12.0,14,7,14,159
12.0,14,7,15,160
12.0,14,8,0,150
12.0,14,8,1,151
12.0,14,8,2,152
12.0,14,8,3,152
12.0,14,8,4,153
12.0,14,8,5,154
12.0,14,8,6,155
12.0,14,8,7,155
12.0,14,8,8,156
12.0,14,8,9,157
12.0,14,8,10,157
12.0,14,8,11,158
12.0,14,8,12,159
12.0,14,8,13,159
12.0,14,8,14,160
12.0,14,8,15,161
12.0,14,9,0,151
12.0,14,9,1,152
12.0,14,9,2,152
12.0,14,9,3,153
12.0,14,9,4,154
12.0,14,9,5,155
12.0,14,9,6,155
12.0,14,9,7,156
12.0,14,9,8,157
12.0,14,9,9,158
12.0,14,9,10,158
12.0,14,9,11,159
12.0,14,9,12,160
12.0,14,9,13,160
12.0,14,9,14,161
12.0,14,9,15,162
12.0,14,10,0,152
12.0,14,10,1,153
12.0,14,10,2,153
12.0,14,10,3,154
12.0,14,10,4,155
12.0,14,10,5,155
12.0,14,10,6,156
12.0,14,10,7,157
12.0,14,10,8,158
12.0,14,10,9,158
12.0,14,10,10,159
12.0,14,10,11,160
12.0,14,10,12,160
12.0,14,10,13,161
12.0,14,10,14,162
12.0,14,10,15,163
12.0,14,11,0,153
12.0,14,11,1,153
12.0,14,11,2,154
12.0,14,11,3,155
12.0,14,11,4,156
12.0,14,11,5,156
12.0,14,11,6,157
12.0,14,11,7,158
12.0,14,11,8,158
12.0,14,11,9,159
12.0,14,11,10,160
12.0,14,11,11,161
12.0,14,11,12,161
12.0,14,11,13,162
12.0,14,11,14,163
12.0,14,11,15,163
12.0,14,12,0,153
12.0,14,12,1,154
12.0,14,12,2,155
12.0,14,12,3,156
12.0,14,12,4,156
12.0,14,12,5,157
12.0,14,12,6,158
12.0,14,12,7,159
12.0,14,12,8,159
12.0,14,12,9,160
12.0,14,12,10,161
12.0,14,12,11,161
12.0,14,12,12,162
12.0,14,12,13,163
12.0,14,12,14,164
12.0,14,12,15,164
12.0,14,13,0,154
12.0,14,13,1,155
12.0,14,13,2,156
12.0,14,13,3,156
12.0,14,13,4,157
12.0,14,13,5,158
12.0,14,13,6,159
12.0,14,13,7,159
12.0,14,13,8,160
12.0,14,13,9,161
12.0,14,13,10,162
12.0,14,13,11,162
12.0,14,13,12,163
12.0,14,13,13,164
12.0,14,13,14,164
12.0,14,13,15,165
12.0,14,14,0,155
12.0,14,14,1,156
12.0,14,14,2,157
12.0,14,14,3,157
12.0,14,14,4,158
12.0,14,14,5,159
12.0,14,14,6,160
12.0,14,14,7,160
12.0,14,14,8,161
12.0,14,14,9,162
12.0,14,14,10,162
12.0,14,14,11,163
12.0,14,14,12,164
12.0,14,14,13,165
12.0,14,14,14,165
12.0,14,14,15,166
12.0,14,15,0,156
12.0,14,15,1,157
12.0,14,15,2,157
12.0,14,15,3,158
12.0,14,15,4,159
12.0,14,15,5,160
12.0,14,15,6,160
12.0,14,15,7,161
12.0,14,15,8,162
12.0,14,15,9,163
12.0,14,15,10,163
12.0,14,15,11,164
12.0,14,15,12,165
12.0,14,15,13,165
12.0,14,15,14,166
12.0,14,15,15,167
12.0,15,0,0,145
12.0,15,0,1,146
12.0,15,0,2,147
12.0,15,0,3,147
12.0,15,0,4,148
12.0,15,0,5,149
12.0,15,0,6,150
12.0,15,0,7,150
12.0,15,0,8,151
12.0,15,0,9,152
12.0,15,0,10,152
12.0,15,0,11,153
12.0,15,0,12,154
12.0,15,0,13,154
12.0,15,0,14,155
12.0,15,0,15,156
12.0,15,1,0,146
12.0,15,1,1,147
12.0,15,1,2,148
12.0,15,1,3,148
12.0,15,1,4,149
12.0,15,1,5,150
12.0,15,1,6,150
12.0,15,1,7,151
12.0,15,1,8,152
12.0,15,1,9,153
12.0,15,1,10,153
12.0,15,1,11,154
12.0,15,1,12,155
12.0,15,1,13,155
12.0,15,1,14,156
12.0,15,1,15,157
12.0,15,2,0,147
12.0,15,2,1,148
12.0,15,2,2,149
12.0,15,2,3,149
12.0,15,2,4,150
12.0,15,2,5,151
12.0,15,2,6,151
12.0,15,2,7,152
12.0,15,2,8,153
12.0,15,2,9,153
12.0,15,2,10,154
12.0,15,2,11,155
12.0,15,2,12,156
12.0,15,2,13,156
12.0,15,2,14,157
12.0,15,2,15,158
12.0,15,3,0,148
12.0,15,3,1,149
12.0,15,3,2,149
12.0,15,3,3,150
12.0,15,3,4,151
12.0,15,3,5,152
12.0,15,3,6,152
12.0,15,3,7,153
12.0,15,3,8,154
12.0,15,3,9,154
12.0,15,3,10,155
12.0,15,3,11,156
12.0,15,3,12,156
12.0,15,3,13,157
12.0,15,3,14,158
12.0,15,3,15,158
12.0,15,4,0,149
12.0,15,4,1,150
12.0,15,4,2,150
12.0,15,4,3,151
12.0,15,4,4,152
12.0,15,4,5,152
12.0,15,4,6,153
12.0,15,4,7,154
12.0,15,4,8,155
12.0,15,4,9,155
12.0,15,4,10,156
12.0,15,4,11,157
12.0,15,4,12,157
12.0,15,4,13,158
12.0,15,4,14,159
12.0,15,4,15,159
12.0,15,5,0,150
12.0,15,5,1,150
12.0,15,5,2,151
12.0,15,5,3,152
12.0,15,5,4,153
12.0,15,5,5,153
12.0,15,5,6,154
12.0,15,5,7,155
12.0,15,5,8,155
12.0,15,5,9,156
12.0,15,5,10,157
12.0,15,5,11,158
12.0,15,5,12,158
12.0,15,5,13,159
12.0,15,5,14,160
12.0,15,5,15,160
12.0,15,6,0,151
12.0,15,6,1,151
12.0,15,6,2,152
12.0,15,6,3,153
12.0,15,6,4,153
12.0,15,6,5,154
12.0,15,6,6,155
12.0,15,6,7,156
12.0,15,6,8,156
12.0,15,6,9,157
12.0,15,6,10,158
12.0,15,6,11,158
12.0,15,6,12,159
12.0,15,6,13,160
12.0,15,6,14,161
12.0,15,6,15,161
12.0,15,7,0,151
12.0,15,7,1,152
12.0,15,7,2,153
12.0,15,7,3,154
12.0,15,7,4,154
12.0,15,7,5,155
12.0,15,7,6,156
12.0,15,7,7,156
12.0,15,7,8,157
12.0,15,7,9,158
12.0,15,7,10,159
12.0,15,7,11,159
12.0,15,7,12,160
12.0,15,7,13,161
12.0,15,7,14,161
12.0,15,7,15,162
12.0,15,8,0,152
12.0,15,8,1,153
12.0,15,8,2,154
12.0,15,8,3,154
12.0,15,8,4,155
12.0,15,8,5,156
12.0,15,8,6,157
12.0,15,8,7,157
12.0,15,8,8,158
12.0,15,8,9,159
12.0,15,8,10,160
12.0,15,8,11,160
12.0,15,8,12,161
12.0,15,8,13,162
12.0,15,8,14,162
12.0,15,8,15,163
12.0,15,9,0,153
12.0,15,9,1,154
12.0,15,9,2,155
12.0,15,9,3,155
12.0,15,9,4,156
12.0,15,9,5,157
12.0,15,9,6,157
12.0,15,9,7,158
12.0,15,9,8,159
12.0,15,9,9,160
12.0,15,9,10,160
12.0,15,9,11,161
12.0,15,9,12,162
12.0,15,9,13,163
12.0,15,9,14,163
12.0,15,9,15,164
12.0,15,10,0,154
12.0,15,10,1,155
12.0,15,10,2,155
12.0,15,10,3,156
12.0,15,10,4,157
12.0,15,10,5,158
12.0,15,10,6,158
12.0,15,10,7,159
12.0,15,10,8,160
12.0,15,10,9,161
12.0,15,10,10,161
12.0,15,10,11,162
12.0,15,10,12,163
12.0,15,10,13,163
12.0,15,10,14,164
12.0,15,10,15,165
12.0,15,11,0,155
12.0,15,11,1,155
12.0,15,11,2,156
12.0,15,11,3,157
12.0,15,11,4,158
12.0,15,11,5,158
12.0,15,11,6,159
12.0,15,11,7,160
12.0,15,11,8,161
12.0,15,11,9,161
12.0,15,11,10,162
12.0,15,11,11,163
12.0,15,11,12,164
12.0,15,11,13,164
12.0,15,11,14,165
12.0,15,11,15,166
12.0,15,12,0,156
12.0,15,12,1,156
12.0,15,12,2,157
12.0,15,12,3,158
12.0,15,12,4,159
12.0,15,12,5,159
12.0,15,12,6,160
12.0,15,12,7,161
12.0,15,12,8,162
12.0,15,12,9,162
12.0,15,12,10,163
12.0,15,12,11,164
12.0,15,12,12,164
12.0,15,12,13,165
12.0,15,12,14,166
12.0,15,12,15,167
12.0,15,13,0,156
12.0,15,13,1,157
12.0,15,13,2,158
12.0,15,13,3,159
12.0,15,13,4,159
12.0,15,13,5,160
12.0,15,13,6,161
12.0,15,13,7,162
12.0,15,13,8,162
12.0,15,13,9,163
12.0,15,13,10,164
12.0,15,13,11,165
12.0,15,13,12,165
12.0,15,13,13,166
12.0,15,13,14,167
12.0,15,13,15,167
12.0,15,14,0,157
12.0,15,14,1,158
12.0,15,14,2,159
12.0,15,14,3,159
12.0,15,14,4,160
12.0,15,14,5,161
12.0,15,14,6,162
12.0,15,14,7,162
12.0,15,14,8,163
12.0,15,14,9,164
12.0,15,14,10,165
12.0,15,14,11,165
12.0,15,14,12,166
12.0,15,14,13,167
12.0,15,14,14,168
12.0,15,14,15,168
12.0,15,15,0,158
12.0,15,15,1,159
12.0,15,15,2,160
12.0,15,15,3,160
12.0,15,15,4,161
12.0,15,15,5,162
12.0,15,15,6,163
12.0,15,15,7,163
12.0,15,15,8,164
12.0,15,15,9,165
12.0,15,15,10,166
12.0,15,15,11,166
12.0,15,15,12,167
12.0,15,15,13,168
12.0,15,15,14,168
12.0,15,15,15,169
12.5,0,0,0,121
12.5,0,0,1,121
12.5,0,0,2,122
12.5,0,0,3,122
12.5,0,0,4,123
12.5,0,0,5,124
12.5,0,0,6,124
12.5,0,0,7,125
12.5,0,0,8,125
12.5,0,0,9,126
12.5,0,0,10,126
12.5,0,0,11,127
12.5,0,0,12,128
12.5,0,0,13,128
12.5,0,0,14,129
12.5,0,0,15,129
12.5,0,1,0,121
12.5,0,1,1,122
12.5,0,1,2,123
12.5,0,1,3,123
12.5,0,1,4,124
12.5,0,1,5,124
12.5,0,1,6,125
12.5,0,1,7,125
12.5,0,1,8,126
12.5,0,1,9,127
12.5,0,1,10,127
12.5,0,1,11,128
12.5,0,1,12,128
12.5,0,1,13,129
12.5,0,1,14,129
12.5,0,1,15,130
12.5,0,2,0,122
12.5,0,2,1,123
12.5,0,2,2,123
12.5,0,2,3,124
12.5,0,2,4,124
12.5,0,2,5,125
12.5,0,2,6,126
12.5,0,2,7,126
12.5,0,2,8,127
12.5,0,2,9,127
12.5,0,2,10,128
12.5,0,2,11,129
12.5,0,2,12,129
12.5,0,2,13,130
12.5,0,2,14,130
12.5,0,2,15,131
12.5,0,3,0,123
12.5,0,3,1,123
12.5,0,3,2,124
12.5,0,3,3,125
12.5,0,3,4,125
12.5,0,3,5,126
12.5,0,3,6,126
12.5,0,3,7,127
12.5,0,3,8,128
12.5,0,3,9,128
12.5,0,3,10,129
12.5,0,3,11,129
12.5,0,3,12,130
12.5,0,3,13,130
12.5,0,3,14,131
12.5,0,3,15,132
12.5,0,4,0,123
12.5,0,4,1,124
12.5,0,4,2,125
12.5,0,4,3,125
12.5,0,4,4,126
12.5,0,4,5,127
12.5,0,4,6,127
12.5,0,4,7,128
12.5,0,4,8,128
12.5,0,4,9,129
12.5,0,4,10,129
12.5,0,4,11,130
12.5,0,4,12,131
12.5,0,4,13,131
12.5,0,4,14,132
12.5,0,4,15,132
12.5,0,5,0,124
12.5,0,5,1,125
12.5,0,5,2,125
12.5,0,5,3,126
12.5,0,5,4,127
12.5,0,5,5,127
12.5,0,5,6,128
12.5,0,5,7,128
12.5,0,5,8,129
12.5,0,5,9,130
12.5,0,5,10,130
12.5,0,5,11,131
12.5,0,5,12,131
12.5,0,5,13,132
12.5,0,5,14,132
12.5,0,5,15,133
12.5,0,6,0,125
12.5,0,6,1,126
12.5,0,6,2,126
12.5,0,6,3,127
12.5,0,6,4,127
12.5,0,6,5,128
12.5,0,6,6,129
12.5,0,6,7,129
12.5,0,6,8,130
12.5,0,6,9,130
12.5,0,6,10,131
12.5,0,6,11,132
12.5,0,6,12,132
12.5,0,6,13,133
12.5,0,6,14,133
12.5,0,6,15,134
12.5,0,7,0,126
12.5,0,7,1,126
12.5,0,7,2,127
12.5,0,7,3,127
12.5,0,7,4,128
12.5,0,7,5,129
12.5,0,7,6,129
12.5,0,7,7,130
12.5,0,7,8,130
12.5,0,7,9,131
12.5,0,7,10,132
12.5,0,7,11,132
12.5,0,7,12,133
12.5,0,7,13,133
12.5,0,7,14,134
12.5,0,7,15,135
12.5,0,8,0,126
12.5,0,8,1,127
12.5,0,8,2,128
12.5,0,8,3,128
12.5,0,8,4,129
12.5,0,8,5,129
12.5,0,8,6,130
12.5,0,8,7,131
12.5,0,8,8,131
12.5,0,8,9,132
12.5,0,8,10,132
12.5,0,8,11,133
12.5,0,8,12,134
12.5,0,8,13,134
12.5,0,8,14,135
12.5,0,8,15,135
12.5,0,9,0,127
12.5,0,9,1,128
12.5,0,9,2,128
12.5,0,9,3,129
12.5,0,9,4,129
12.5,0,9,5,130
12.5,0,9,6,131
12.5,0,9,7,131
12.5,0,9,8,132
12.5,0,9,9,133
12.5,0,9,10,133
12.5,0,9,11,134
12.5,0,9,12,134
12.5,0,9,13,135
12.5,0,9,14,135
12.5,0,9,15,136
12.5,0,10,0,128
12.5,0,10,1,128
12.5,0,10,2,129
12.5,0,10,3,130
12.5,0,10,4,130
12.5,0,10,5,131
12.5,0,10,6,131
12.5,0,10,7,132
12.5,0,10,8,133
12.5,0,10,9,133
12.5,0,10,10,134
12.5,0,10,11,134
12.5,0,10,12,135
12.5,0,10,13,136
12.5,0,10,14,136
12.5,0,10,15,137
12.5,0,11,0,128
12.5,0,11,1,129
12.5,0,11,2,130
12.5,0,11,3,130
12.5,0,11,4,131
12.5,0,11,5,132
12.5,0,11,6,132
12.5,0,11,7,133
12.5,0,11,8,133
12.5,0,11,9,134
12.5,0,11,10,135
12.5,0,11,11,135
12.5,0,11,12,136
12.5,0,11,13,136
12.5,0,11,14,137
12.5,0,11,15,138
12.5,0,12,0,129
12.5,0,12,1,130
12.5,0,12,2,130
12.5,0,12,3,131
12.5,0,12,4,132
12.5,0,12,5,132
12.5,0,12,6,133
12.5,0,12,7,133
12.5,0,12,8,134
12.5,0,12,9,135
12.5,0,12,10,135
12.5,0,12,11,136
12.5,0,12,12,136
12.5,0,12,13,137
12.5,0,12,14,138
12.5,0,12,15,138
12.5,0,13,0,130
12.5,0,13,1,130
12.5,0,13,2,131
12.5,0,13,3,132
12.5,0,13,4,132
12.5,0,13,5,133
12.5,0,13,6,134
12.5,0,13,7,134
12.5,0,13,8,135
12.5,0,13,9,135
12.5,0,13,10,136
12.5,0,13,11,137
12.5,0,13,12,137
12.5,0,13,13,138
12.5,0,13,14,138
12.5,0,13,15,139
12.5,0,14,0,130
12.5,0,14,1,131
12.5,0,14,2,132
12.5,0,14,3,132
12.5,0,14,4,133
12.5,0,14,5,134
12.5,0,14,6,134
12.5,0,14,7,135
12.5,0,14,8,135
12.5,0,14,9,136
12.5,0,14,10,137
12.5,0,14,11,137
12.5,0,14,12,138
12.5,0,14,13,139
12.5,0,14,14,139
12.5,0,14,15,140
12.5,0,15,0,131
12.5,0,15,1,132
12.5,0,15,2,132
12.5,0,15,3,133
12.5,0,15,4,134
12.5,0,15,5,134
12.5,0,15,6,135
12.5,0,15,7,136
12.5,0,15,8,136
12.5,0,15,9,137
12.5,0,15,10,137
12.5,0,15,11,138
12.5,0,15,12,139
12.5,0,15,13,139
12.5,0,15,14,140
12.5,0,15,15,140
12.5,1,0,0,123
12.5,1,0,1,123
12.5,1,0,2,124
12.5,1,0,3,124
12.5,1,0,4,125
12.5,1,0,5,126
12.5,1,0,6,126
12.5,1,0,7,127
12.5,1,0,8,127
12.5,1,0,9,128
12.5,1,0,10,129
12.5,1,0,11,129
12.5,1,0,12,130
12.5,1,0,13,130
12.5,1,0,14,131
12.5,1,0,15,131
12.5,1,1,0,123
12.5,1,1,1,124
12.5,1,1,2,125
12.5,1,1,3,125
12.5,1,1,4,126
12.5,1,1,5,126
12.5,1,1,6,127
12.5,1,1,7,128
12.5,1,1,8,128
12.5,1,1,9,129
12.5,1,1,10,129
12.5,1,1,11,130
12.5,1,1,12,130
12.5,1,1,13,131
12.5,1,1,14,132
12.5,1,1,15,132
12.5,1,2,0,124
12.5,1,2,1,125
12.5,1,2,2,125
12.5,1,2,3,126
12.5,1,2,4,127
12.5,1,2,5,127
12.5,1,2,6,128
12.5,1,2,7,128
12.5,1,2,8,129
12.5,1,2,9,130
12.5,1,2,10,130
12.5,1,2,11,131
12.5,1,2,12,131
12.5,1,2,13,132
12.5,1,2,14,132
12.5,1,2,15,133
12.5,1,3,0,125
12.5,1,3,1,125
12.5,1,3,2,126
12.5,1,3,3,127
12.5,1,3,4,127
12.5,1,3,5,128
12.5,1,3,6,129
12.5,1,3,7,129
12.5,1,3,8,130
12.5,1,3,9,130
12.5,1,3,10,131
12.5,1,3,11,131
12.5,1,3,12,132
12.5,1,3,13,133
12.5,1,3,14,133
12.5,1,3,15,134
12.5,1,4,0,126
12.5,1,4,1,126
12.5,1,4,2,127
12.5,1,4,3,127
12.5,1,4,4,128
12.5,1,4,5,129
12.5,1,4,6,129
12.5,1,4,7,130
12.5,1,4,8,130
12.5,1,4,9,131
12.5,1,4,10,132
12.5,1,4,11,132
12.5,1,4,12,133
12.5,1,4,13,133
12.5,1,4,14,134
12.5,1,4,15,135
12.5,1,5,0,126
12.5,1,5,1,127
12.5,1,5,2,128
12.5,1,5,3,128
12.5,1,5,4,129
12.5,1,5,5,129
12.5,1,5,6,130
12.5,1,5,7,131
12.5,1,5,8,131
12.5,1,5,9,132
12.5,1,5,10,132
12.5,1,5,11,133
12.5,1,5,12,134
12.5,1,5,13,134
12.5,1,5,14,135
12.5,1,5,15,135
12.5,1,6,0,127
12.5,1,6,1,128
12.5,1,6,2,128
12.5,1,6,3,129
12.5,1,6,4,130
12.5,1,6,5,130
12.5,1,6,6,131
12.5,1,6,7,131
12.5,1,6,8,132
12.5,1,6,9,133
12.5,1,6,10,133
12.5,1,6,11,134
12.5,1,6,12,134
12.5,1,6,13,135
12.5,1,6,14,136
12.5,1,6,15,136
12.5,1,7,0,128
12.5,1,7,1,128
12.5,1,7,2,129
12.5,1,7,3,130
12.5,1,7,4,130
12.5,1,7,5,131
12.5,1,7,6,131
12.5,1,7,7,132
12.5,1,7,8,133
12.5,1,7,9,133
12.5,1,7,10,134
12.5,1,7,11,134
12.5,1,7,12,135
12.5,1,7,13,136
12.5,1,7,14,136
12.5,1,7,15,137
12.5,1,8,0,128
12.5,1,8,1,129
12.5,1,8,2,130
12.5,1,8,3,130
12.5,1,8,4,131
12.5,1,8,5,132
12.5,1,8,6,132
12.5,1,8,7,133
12.5,1,8,8,133
12.5,1,8,9,134
12.5,1,8,10,135
12.5,1,8,11,135
12.5,1,8,12,136
12.5,1,8,13,136
12.5,1,8,14,137
12.5,1,8,15,138
12.5,1,9,0,129
12.5,1,9,1,130
12.5,1,9,2,130
12.5,1,9,3,131
12.5,1,9,4,132
12.5,1,9,5,132
12.5,1,9,6,133
12.5,1,9,7,134
12.5,1,9,8,134
12.5,1,9,9,135
12.5,1,9,10,135
12.5,1,9,11,136
12.5,1,9,12,137
12.5,1,9,13,137
12.5,1,9,14,138
12.5,1,9,15,138
12.5,1,10,0,130
12.5,1,10,1,131
12.5,1,10,2,131
12.5,1,10,3,132
12.5,1,10,4,132
12.5,1,10,5,133
12.5,1,10,6,134
12.5,1,10,7,134
12.5,1,10,8,135
12.5,1,10,9,136
12.5,1,10,10,136
12.5,1,10,11,137
12.5,1,10,12,137
12.5,1,10,13,138
12.5,1,10,14,139
12.5,1,10,15,139
12.5,1,11,0,131
12.5,1,11,1,131
12.5,1,11,2,132
12.5,1,11,3,132
12.5,1,11,4,133
12.5,1,11,5,134
12.5,1,11,6,134
12.5,1,11,7,135
12.5,1,11,8,136
12.5,1,11,9,136
12.5,1,11,10,137
12.5,1,11,11,137
12.5,1,11,12,138
12.5,1,11,13,139
12.5,1,11,14,139
12.5,1,11,15,140
12.5,1,12,0,131
12.5,1,12,1,132
12.5,1,12,2,133
12.5,1,12,3,133
12.5,1,12,4,134
12.5,1,12,5,134
12.5,1,12,6,135
12.5,1,12,7,136
12.5,1,12,8,136
12.5,1,12,9,137
12.5,1,12,10,138
12.5,1,12,11,138
12.5,1,12,12,139
12.5,1,12,13,139
12.5,1,12,14,140
12.5,1,12,15,141
12.5,1,13,0,132
12.5,1,13,1,133
12.5,1,13,2,133
12.5,1,13,3,134
12.5,1,13,4,135
12.5,1,13,5,135
12.5,1,13,6,136
12.5,1,13,7,136
12.5,1,13,8,137
12.5,1,13,9,138
12.5,1,13,10,138
12.5,1,13,11,139
12.5,1,13,12,140
12.5,1,13,13,140
12.5,1,13,14,141
12.5,1,13,15,141
12.5,1,14,0,133
12.5,1,14,1,133
12.5,1,14,2,134
12.5,1,14,3,135
12.5,1,14,4,135
12.5,1,14,5,136
12.5,1,14,6,137
12.5,1,14,7,137
12.5,1,14,8,138
12.5,1,14,9,138
12.5,1,14,10,139
12.5,1,14,11,140
12.5,1,14,12,140
12.5,1,14,13,141
12.5,1,14,14,141
12.5,1,14,15,142
12.5,1,15,0,133
12.5,1,15,1,134
12.5,1,15,2,135
12.5,1,15,3,135
12.5,1,15,4,136
12.5,1,15,5,137
12.5,1,15,6,137
12.5,1,15,7,138
12.5,1,15,8,138
12.5,1,15,9,139
12.5,1,15,10,140
12.5,1,15,11,140
12.5,1,15,12,141
12.5,1,15,13,142
12.5,1,15,14,142
12.5,1,15,15,143
12.5,2,0,0,125
12.5,2,0,1,125
12.5,2,0,2,126
12.5,2,0,3,127
12.5,2,0,4,127
12.5,2,0,5,128
12.5,2,0,6,128
12.5,2,0,7,129
12.5,2,0,8,130
12.5,2,0,9,130
12.5,2,0,10,131
12.5,2,0,11,131
12.5,2,0,12,132
12.5,2,0,13,132
12.5,2,0,14,133
12.5,2,0,15,134
12.5,2,1,0,125
12.5,2,1,1,126
12.5,2,1,2,127
12.5,2,1,3,127
12.5,2,1,4,128
12.5,2,1,5,129
12.5,2,1,6,129
12.5,2,1,7,130
12.5,2,1,8,130
12.5,2,1,9,131
12.5,2,1,10,132
12.5,2,1,11,132
12.5,2,1,12,133
12.5,2,1,13,133
12.5,2,1,14,134
12.5,2,1,15,134
12.5,2,2,0,126
12.5,2,2,1,127
12.5,2,2,2,127
12.5,2,2,3,128
12.5,2,2,4,129
12.5,2,2,5,129
12.5,2,2,6,130
12.5,2,2,7,130
12.5,2,2,8,131
12.5,2,2,9,132
12.5,2,2,10,132
12.5,2,2,11,133
12.5,2,2,12,133
12.5,2,2,13,134
12.5,2,2,14,135
12.5,2,2,15,135
12.5,2,3,0,127
12.5,2,3,1,128
12.5,2,3,2,128
12.5,2,3,3,129
12.5,2,3,4,129
12.5,2,3,5,130
12.5,2,3,6,131
12.5,2,3,7,131
12.5,2,3,8,132
12.5,2,3,9,132
12.5,2,3,10,133
12.5,2,3,11,134
12.5,2,3,12,134
12.5,2,3,13,135
12.5,2,3,14,135
12.5,2,3,15,136
12.5,2,4,0,128
12.5,2,4,1,128
12.5,2,4,2,129
12.5,2,4,3,130
12.5,2,4,4,130
12.5,2,4,5,131
12.5,2,4,6,131
12.5,2,4,7,132
12.5,2,4,8,133
12.5,2,4,9,133
12.5,2,4,10,134
12.5,2,4,11,134
12.5,2,4,12,135
12.5,2,4,13,136
12.5,2,4,14,136
12.5,2,4,15,137
12.5,2,5,0,128
12.5,2,5,1,129
12.5,2,5,2,130
12.5,2,5,3,130
12.5,2,5,4,131
12.5,2,5,5,132
12.5,2,5,6,132
12.5,2,5,7,133
12.5,2,5,8,133
12.5,2,5,9,134
12.5,2,5,10,135
12.5,2,5,11,135
12.5,2,5,12,136
12.5,2,5,13,136
12.5,2,5,14,137
12.5,2,5,15,138
12.5,2,6,0,129
12.5,2,6,1,130
12.5,2,6,2,130
12.5,2,6,3,131
12.5,2,6,4,132
12.5,2,6,5,132
12.5,2,6,6,133
12.5,2,6,7,134
12.5,2,6,8,134
12.5,2,6,9,135
12.5,2,6,10,135
12.5,2,6,11,136
12.5,2,6,12,137
12.5,2,6,13,137
12.5,2,6,14,138
12.5,2,6,15,138
12.5,2,7,0,130
12.5,2,7,1,131
12.5,2,7,2,131
12.5,2,7,3,132
12.5,2,7,4,132
12.5,2,7,5,133
12.5,2,7,6,134
12.5,2,7,7,134
12.5,2,7,8,135
12.5,2,7,9,136
12.5,2,7,10,136
12.5,2,7,11,137
12.5,2,7,12,137
12.5,2,7,13,138
12.5,2,7,14,139
12.5,2,7,15,139
12.5,2,8,0,131
12.5,2,8,1,131
12.5,2,8,2,132
12.5,2,8,3,133
12.5,2,8,4,133
12.5,2,8,5,134
12.5,2,8,6,134
12.5,2,8,7,135
12.5,2,8,8,136
12.5,2,8,9,136
12.5,2,8,10,137
12.5,2,8,11,138
12.5,2,8,12,138
12.5,2,8,13,139
12.5,2,8,14,139
12.5,2,8,15,140
12.5,2,9,0,131
12.5,2,9,1,132
12.5,2,9,2,133
12.5,2,9,3,133
12.5,2,9,4,134
12.5,2,9,5,135
12.5,2,9,6,135
12.5,2,9,7,136
12.5,2,9,8,136
12.5,2,9,9,137
12.5,2,9,10,138
12.5,2,9,11,138
12.5,2,9,12,139
12.5,2,9,13,139
12.5,2,9,14,140
12.5,2,9,15,141
12.5,2,10,0,132
12.5,2,10,1,133
12.5,2,10,2,133
12.5,2,10,3,134
12.5,2,10,4,135
12.5,2,10,5,135
12.5,2,10,6,136
12.5,2,10,7,137
12.5,2,10,8,137
12.5,2,10,9,138
12.5,2,10,10,138
12.5,2,10,11,139
12.5,2,10,12,140
12.5,2,10,13,140
12.5,2,10,14,141
12.5,2,10,15,141
12.5,2,11,0,133
12.5,2,11,1,133
12.5,2,11,2,134
12.5,2,11,3,135
12.5,2,11,4,135
12.5,2,11,5,136
12.5,2,11,6,137
12.5,2,11,7,137
12.5,2,11,8,138
12.5,2,11,9,139
12.5,2,11,10,139
12.5,2,11,11,140
12.5,2,11,12,140
12.5,2,11,13,141
12.5,2,11,14,142
12.5,2,11,15,142
12.5,2,12,0,133
12.5,2,12,1,134
12.5,2,12,2,135
12.5,2,12,3,135
12.5,2,12,4,136
12.5,2,12,5,137
12.5,2,12,6,137
12.5,2,12,7,138
12.5,2,12,8,139
12.5,2,12,9,139
12.5,2,12,10,140
12.5,2,12,11,141
12.5,2,12,12,141
12.5,2,12,13,142
12.5,2,12,14,142
12.5,2,12,15,143
12.5,2,13,0,134
12.5,2,13,1,135
12.5,2,13,2,135
12.5,2,13,3,136
12.5,2,13,4,137
12.5,2,13,5,137
12.5,2,13,6,138
12.5,2,13,7,139
12.5,2,13,8,139
12.5,2,13,9,140
12.5,2,13,10,141
12.5,2,13,11,141
12.5,2,13,12,142
12.5,2,13,13,142
12.5,2,13,14,143
12.5,2,13,15,144
12.5,2,14,0,135
12.5,2,14,1,136
12.5,2,14,2,136
12.5,2,14,3,137
12.5,2,14,4,137
12.5,2,14,5,138
12.5,2,14,6,139
12.5,2,14,7,139
12.5,2,14,8,140
12.5,2,14,9,141
12.5,2,14,10,141
12.5,2,14,11,142
12.5,2,14,12,143
12.5,2,14,13,143
12.5,2,14,14,144
12.5,2,14,15,144
12.5,2,15,0,136
12.5,2,15,1,136
12.5,2,15,2,137
12.5,2,15,3,138
12.5,2,15,4,138
12.5,2,15,5,139
12.5,2,15,6,140
12.5,2,15,7,140
12.5,2,15,8,141
12.5,2,15,9,141
12.5,2,15,10,142
12.5,2,15,11,143
12.5,2,15,12,143
12.5,2,15,13,144
12.5,2,15,14,145
12.5,2,15,15,145
12.5,3,0,0,127
12.5,3,0,1,127
12.5,3,0,2,128
12.5,3,0,3,129
12.5,3,0,4,129
12.5,3,0,5,130
12.5,3,0,6,130
12.5,3,0,7,131
12.5,3,0,8,132
12.5,3,0,9,132
12.5,3,0,10,133
12.5,3,0,11,133
12.5,3,0,12,134
12.5,3,0,13,135
12.5,3,0,14,135
12.5,3,0,15,136
12.5,3,1,0,128
12.5,3,1,1,128
12.5,3,1,2,129
12.5,3,1,3,129
12.5,3,1,4,130
12.5,3,1,5,131
12.5,3,1,6,131
12.5,3,1,7,132
12.5,3,1,8,132
12.5,3,1,9,133
12.5,3,1,10,134
12.5,3,1,11,134
12.5,3,1,12,135
12.5,3,1,13,135
12.5,3,1,14,136
12.5,3,1,15,137
12.5,3,2,0,128
12.5,3,2,1,129
12.5,3,2,2,130
12.5,3,2,3,130
12.5,3,2,4,131
12.5,3,2,5,131
12.5,3,2,6,132
12.5,3,2,7,133
12.5,3,2,8,133
12.5,3,2,9,134
12.5,3,2,10,134
12.5,3,2,11,135
12.5,3,2,12,136
12.5,3,2,13,136
12.5,3,2,14,137
12.5,3,2,15,137
12.5,3,3,0,129
12.5,3,3,1,130
12.5,3,3,2,130
12.5,3,3,3,131
12.5,3,3,4,132
12.5,3,3,5,132
12.5,3,3,6,133
12.5,3,3,7,133
12.5,3,3,8,134
12.5,3,3,9,135
12.5,3,3,10,135
12.5,3,3,11,136
12.5,3,3,12,136
12.5,3,3,13,137
12.5,3,3,14,138
12.5,3,3,15,138
12.5,3,4,0,130
12.5,3,4,1,130
12.5,3,4,2,131
12.5,3,4,3,132
12.5,3,4,4,132
12.5,3,4,5,133
12.5,3,4,6,134
12.5,3,4,7,134
12.5,3,4,8,135
12.5,3,4,9,135
12.5,3,4,10,136
12.5,3,4,11,137
12.5,3,4,12,137
12.5,3,4,13,138
12.5,3,4,14,138
12.5,3,4,15,139
12.5,3,5,0,131
12.5,3,5,1,131
12.5,3,5,2,132
12.5,3,5,3,132
12.5,3,5,4,133
12.5,3,5,5,134
12.5,3,5,6,134
12.5,3,5,7,135
12.5,3,5,8,136
12.5,3,5,9,136
12.5,3,5,10,137
12.5,3,5,11,137
12.5,3,5,12,138
12.5,3,5,13,139
12.5,3,5,14,139
12.5,3,5,15,140
12.5,3,6,0,131
12.5,3,6,1,132
12.5,3,6,2,133
12.5,3,6,3,133
12.5,3,6,4,134
12.5,3,6,5,134
12.5,3,6,6,135
12.5,3,6,7,136
12.5,3,6,8,136
12.5,3,6,9,137
12.5,3,6,10,138
12.5,3,6,11,138
12.5,3,6,12,139
12.5,3,6,13,139
12.5,3,6,14,140
12.5,3,6,15,141
12.5,3,7,0,132
12.5,3,7,1,133
12.5,3,7,2,133
12.5,3,7,3,134
12.5,3,7,4,135
12.5,3,7,5,135
12.5,3,7,6,136
12.5,3,7,7,137
12.5,3,7,8,137
12.5,3,7,9,138
12.5,3,7,10,138
12.5,3,7,11,139
12.5,3,7,12,140
12.5,3,7,13,140
12.5,3,7,14,141
12.5,3,7,15,141
12.5,3,8,0,133
12.5,3,8,1,133
12.5,3,8,2,134
12.5,3,8,3,135
12.5,3,8,4,135
12.5,3,8,5,136
12.5,3,8,6,137
12.5,3,8,7,137
12.5,3,8,8,138
12.5,3,8,9,139
12.5,3,8,10,139
12.5,3,8,11,140
12.5,3,8,12,140
12.5,3,8,13,141
12.5,3,8,14,142
12.5,3,8,15,142
12.5,3,9,0,133
12.5,3,9,1,134
12.5,3,9,2,135
12.5,3,9,3,135
12.5,3,9,4,136
12.5,3,9,5,137
12.5,3,9,6,137
12.5,3,9,7,138
12.5,3,9,8,139
12.5,3,9,9,139
12.5,3,9,10,140
12.5,3,9,11,141
12.5,3,9,12,141
12.5,3,9,13,142
12.5,3,9,14,142
12.5,3,9,15,143
12.5,3,10,0,134
12.5,3,10,1,135
12.5,3,10,2,136
12.5,3,10,3,136
12.5,3,10,4,137
12.5,3,10,5,137
12.5,3,10,6,138
12.5,3,10,7,139
12.5,3,10,8,139
12.5,3,10,9,140
12.5,3,10,10,141
12.5,3,10,11,141
12.5,3,10,12,142
12.5,3,10,13,143
12.5,3,10,14,143
12.5,3,10,15,144
12.5,3,11,0,135
12.5,3,11,1,136
12.5,3,11,2,136
12.5,3,11,3,137
12.5,3,11,4,138
12.5,3,11,5,138
12.5,3,11,6,139
12.5,3,11,7,140
12.5,3,11,8,140
12.5,3,11,9,141
12.5,3,11,10,141
12.5,3,11,11,142
12.5,3,11,12,143
12.5,3,11,13,143
12.5,3,11,14,144
12.5,3,11,15,145
12.5,3,12,0,136
12.5,3,12,1,136
12.5,3,12,2,137
12.5,3,12,3,138
12.5,3,12,4,138
12.5,3,12,5,139
12.5,3,12,6,140
12.5,3,12,7,140
12.5,3,12,8,141
12.5,3,12,9,142
12.5,3,12,10,142
12.5,3,12,11,143
12.5,3,12,12,143
12.5,3,12,13,144
12.5,3,12,14,145
12.5,3,12,15,145
12.5,3,13,0,136
12.5,3,13,1,137
12.5,3,13,2,138
12.5,3,13,3,138
12.5,3,13,4,139
12.5,3,13,5,140
12.5,3,13,6,140
12.5,3,13,7,141
12.5,3,13,8,142
12.5,3,13,9,142
12.5,3,13,10,143
12.5,3,13,11,144
12.5,3,13,12,144
12.5,3,13,13,145
12.5,3,13,14,145
12.5,3,13,15,146
12.5,3,14,0,137
12.5,3,14,1,138
12.5,3,14,2,138
12.5,3,14,3,139
12.5,3,14,4,140
12.5,3,14,5,140
12.5,3,14,6,141
12.5,3,14,7,142
12.5,3,14,8,142
12.5,3,14,9,143
12.5,3,14,10,144
12.5,3,14,11,144
12.5,3,14,12,145
12.5,3,14,13,146
12.5,3,14,14,146
12.5,3,14,15,147
12.5,3,15,0,138
12.5,3,15,1,138
12.5,3,15,2,139
12.5,3,15,3,140
12.5,3,15,4,140
12.5,3,15,5,141
12.5,3,15,6,142
12.5,3,15,7,142
12.5,3,15,8,143
12.5,3,15,9,144
12.5,3,15,10,144
12.5,3,15,11,145
12.5,3,15,12,146
12.5,3,15,13,146
12.5,3,15,14,147
12.5,3,15,15,148
12.5,4,0,0,129
12.5,4,0,1,129
12.5,4,0,2,130
12.5,4,0,3,131
12.5,4,0,4,131
12.5,4,0,5,132
12.5,4,0,6,133
12.5,4,0,7,133
12.5,4,0,8,134
12.5,4,0,9,134
12.5,4,0,10,135
12.5,4,0,11,136
12.5,4,0,12,136
12.5,4,0,13,137
12.5,4,0,14,137
12.5,4,0,15,138
12.5,4,1,0,130
12.5,4,1,1,130
12.5,4,1,2,131
12.5,4,1,3,132
12.5,4,1,4,132
12.5,4,1,5,133
12.5,4,1,6,133
12.5,4,1,7,134
12.5,4,1,8,135
12.5,4,1,9,135
12.5,4,1,10,136
12.5,4,1,11,136
12.5,4,1,12,137
12.5,4,1,13,138
12.5,4,1,14,138
12.5,4,1,15,139
12.5,4,2,0,130
12.5,4,2,1,131
12.5,4,2,2,132
12.5,4,2,3,132
12.5,4,2,4,133
12.5,4,2,5,134
12.5,4,2,6,134
12.5,4,2,7,135
12.5,4,2,8,135
12.5,4,2,9,136
12.5,4,2,10,137
12.5,4,2,11,137
12.5,4,2,12,138
12.5,4,2,13,138
12.5,4,2,14,139
12.5,4,2,15,140
12.5,4,3,0,131
12.5,4,3,1,132
12.5,4,3,2,132
12.5,4,3,3,133
12.5,4,3,4,134
12.5,4,3,5,134
12.5,4,3,6,135
12.5,4,3,7,136
12.5,4,3,8,136
12.5,4,3,9,137
12.5,4,3,10,137
12.5,4,3,11,138
12.5,4,3,12,139
12.5,4,3,13,139
12.5,4,3,14,140
12.5,4,3,15,140
12.5,4,4,0,132
12.5,4,4,1,133
12.5,4,4,2,133
12.5,4,4,3,134
12.5,4,4,4,134
12.5,4,4,5,135
12.5,4,4,6,136
12.5,4,4,7,136
12.5,4,4,8,137
12.5,4,4,9,138
12.5,4,4,10,138
12.5,4,4,11,139
12.5,4,4,12,139
12.5,4,4,13,140
12.5,4,4,14,141
12.5,4,4,15,141
12.5,4,5,0,133
12.5,4,5,1,133
12.5,4,5,2,134
12.5,4,5,3,135
12.5,4,5,4,135
12.5,4,5,5,136
12.5,4,5,6,137
12.5,4,5,7,137
12.5,4,5,8,138
12.5,4,5,9,138
12.5,4,5,10,139
12.5,4,5,11,140
12.5,4,5,12,140
12.5,4,5,13,141
12.5,4,5,14,142
12.5,4,5,15,142
12.5,4,6,0,133
12.5,4,6,1,134
12.5,4,6,2,135
12.5,4,6,3,135
12.5,4,6,4,136
12.5,4,6,5,137
12.5,4,6,6,137
12.5,4,6,7,138
12.5,4,6,8,139
12.5,4,6,9,139
12.5,4,6,10,140
12.5,4,6,11,140
12.5,4,6,12,141
12.5,4,6,13,142
12.5,4,6,14,142
12.5,4,6,15,143
12.5,4,7,0,134
12.5,4,7,1,135
12.5,4,7,2,135
12.5,4,7,3,136
12.5,4,7,4,137
12.5,4,7,5,137
12.5,4,7,6,138
12.5,4,7,7,139
12.5,4,7,8,139
12.5,4,7,9,140
12.5,4,7,10,141
12.5,4,7,11,141
12.5,4,7,12,142
12.5,4,7,13,142
12.5,4,7,14,143
12.5,4,7,15,144
12.5,4,8,0,135
12.5,4,8,1,136
12.5,4,8,2,136
12.5,4,8,3,137
12.5,4,8,4,138
12.5,4,8,5,138
12.5,4,8,6,139
12.5,4,8,7,139
12.5,4,8,8,140
12.5,4,8,9,141
12.5,4,8,10,141
12.5,4,8,11,142
12.5,4,8,12,143
12.5,4,8,13,143
12.5,4,8,14,144
12.5,4,8,15,145
12.5,4,9,0,136
12.5,4,9,1,136
12.5,4,9,2,137
12.5,4,9,3,138
12.5,4,9,4,138
12.5,4,9,5,139
12.5,4,9,6,140
12.5,4,9,7,140
12.5,4,9,8,141
12.5,4,9,9,142
12.5,4,9,10,142
12.5,4,9,11,143
12.5,4,9,12,143
12.5,4,9,13,144
12.5,4,9,14,145
12.5,4,9,15,145
12.5,4,10,0,136
12.5,4,10,1,137
12.5,4,10,2,138
12.5,4,10,3,138
12.5,4,10,4,139
12.5,4,10,5,140
12.5,4,10,6,140
12.5,4,10,7,141
12.5,4,10,8,142
12.5,4,10,9,142
12.5,4,10,10,143
12.5,4,10,11,144
12.5,4,10,12,144
12.5,4,10,13,145
12.5,4,10,14,145
12.5,4,10,15,146
12.5,4,11,0,137
12.5,4,11,1,138
12.5,4,11,2,138
12.5,4,11,3,139
12.5,4,11,4,140
12.5,4,11,5,140
12.5,4,11,6,141
12.5,4,11,7,142
12.5,4,11,8,142
12.5,4,11,9,143
12.5,4,11,10,144
12.5,4,11,11,144
12.5,4,11,12,145
12.5,4,11,13,146
12.5,4,11,14,146
12.5,4,11,15,147
12.5,4,12,0,138
12.5,4,12,1,139
12.5,4,12,2,139
12.5,4,12,3,140
12.5,4,12,4,141
12.5,4,12,5,141
12.5,4,12,6,142
12.5,4,12,7,143
12.5,4,12,8,143
12.5,4,12,9,144
12.5,4,12,10,144
12.5,4,12,11,145
12.5,4,12,12,146
12.5,4,12,13,146
12.5,4,12,14,147
12.5,4,12,15,148
12.5,4,13,0,139
12.5,4,13,1,139
12.5,4,13,2,140
12.5,4,13,3,141
12.5,4,13,4,141
12.5,4,13,5,142
12.5,4,13,6,143
12.5,4,13,7,143
12.5,4,13,8,144
12.5,4,13,9,145
12.5,4,13,10,145
12.5,4,13,11,146
12.5,4,13,12,147
12.5,4,13,13,147
12.5,4,13,14,148
12.5,4,13,15,148
12.5,4,14,0,139
12.5,4,14,1,140
12.5,4,14,2,141
12.5,4,14,3,141
12.5,4,14,4,142
12.5,4,14,5,143
12.5,4,14,6,143
12.5,4,14,7,144
12.5,4,14,8,145
12.5,4,14,9,145
12.5,4,14,10,146
12.5,4,14,11,147
12.5,4,14,12,147
12.5,4,14,13,148
12.5,4,14,14,149
12.5,4,14,15,149
12.5,4,15,0,140
12.5,4,15,1,141
12.5,4,15,2,141
12.5,4,15,3,142
12.5,4,15,4,143
12.5,4,15,5,143
12.5,4,15,6,144
12.5,4,15,7,145
12.5,4,15,8,145
12.5,4,15,9,146
12.5,4,15,10,147
12.5,4,15,11,147
12.5,4,15,12,148
12.5,4,15,13,149
12.5,4,15,14,149
12.5,4,15,15,150
12.5,5,0,0,131
12.5,5,0,1,132
12.5,5,0,2,132
12.5,5,0,3,133
12.5,5,0,4,133
12.5,5,0,5,134
12.5,5,0,6,135
12.5,5,0,7,135
12.5,5,0,8,136
12.5,5,0,9,137
12.5,5,0,10,137
12.5,5,0,11,138
12.5,5,0,12,138
12.5,5,0,13,139
12.5,5,0,14,140
12.5,5,0,15,140
12.5,5,1,0,132
12.5,5,1,1,132
12.5,5,1,2,133
12.5,5,1,3,134
12.5,5,1,4,134
12.5,5,1,5,135
12.5,5,1,6,135
12.5,5,1,7,136
12.5,5,1,8,137
12.5,5,1,9,137
12.5,5,1,10,138
12.5,5,1,11,139
12.5,5,1,12,139
12.5,5,1,13,140
12.5,5,1,14,140
12.5,5,1,15,141
12.5,5,2,0,132
12.5,5,2,1,133
12.5,5,2,2,134
12.5,5,2,3,134
12.5,5,2,4,135
12.5,5,2,5,136
12.5,5,2,6,136
12.5,5,2,7,137
12.5,5,2,8,138
12.5,5,2,9,138
12.5,5,2,10,139
12.5,5,2,11,139
12.5,5,2,12,140
12.5,5,2,13,141
12.5,5,2,14,141
12.5,5,2,15,142
12.5,5,3,0,133
12.5,5,3,1,134
12.5,5,3,2,135
12.5,5,3,3,135
12.5,5,3,4,136
12.5,5,3,5,136
12.5,5,3,6,137
12.5,5,3,7,138
12.5,5,3,8,138
12.5,5,3,9,139
12.5,5,3,10,140
12.5,5,3,11,140
12.5,5,3,12,141
12.5,5,3,13,141
12.5,5,3,14,142
12.5,5,3,15,143
12.5,5,4,0,134
12.5,5,4,1,135
12.5,5,4,2,135
12.5,5,4,3,136
12.5,5,4,4,137
12.5,5,4,5,137
12.5,5,4,6,138
12.5,5,4,7,139
12.5,5,4,8,139
12.5,5,4,9,140
12.5,5,4,10,140
12.5,5,4,11,141
12.5,5,4,12,142
12.5,5,4,13,142
12.5,5,4,14,143
12.5,5,4,15,144
12.5,5,5,0,135
12.5,5,5,1,135
12.5,5,5,2,136
12.5,5,5,3,137
12.5,5,5,4,137
12.5,5,5,5,138
12.5,5,5,6,139
12.5,5,5,7,139
12.5,5,5,8,140
12.5,5,5,9,141
12.5,5,5,10,141
12.5,5,5,11,142
12.5,5,5,12,143
12.5,5,5,13,143
12.5,5,5,14,144
12.5,5,5,15,144
12.5,5,6,0,136
12.5,5,6,1,136
12.5,5,6,2,137
12.5,5,6,3,138
12.5,5,6,4,138
12.5,5,6,5,139
12.5,5,6,6,139
12.5,5,6,7,140
12.5,5,6,8,141
12.5,5,6,9,141
12.5,5,6,10,142
12.5,5,6,11,143
12.5,5,6,12,143
12.5,5,6,13,144
12.5,5,6,14,145
12.5,5,6,15,145
12.5,5,7,0,136
12.5,5,7,1,137
12.5,5,7,2,138
12.5,5,7,3,138
12.5,5,7,4,139
12.5,5,7,5,140
12.5,5,7,6,140
12.5,5,7,7,141
12.5,5,7,8,142
12.5,5,7,9,142
12.5,5,7,10,143
12.5,5,7,11,143
12.5,5,7,12,144
12.5,5,7,13,145
12.5,5,7,14,145
12.5,5,7,15,146
12.5,5,8,0,137
12.5,5,8,1,138
12.5,5,8,2,138
12.5,5,8,3,139
12.5,5,8,4,140
12.5,5,8,5,140
12.5,5,8,6,141
12.5,5,8,7,142
12.5,5,8,8,142
12.5,5,8,9,143
12.5,5,8,10,144
12.5,5,8,11,144
12.5,5,8,12,145
12.5,5,8,13,146
12.5,5,8,14,146
12.5,5,8,15,147
12.5,5,9,0,138
12.5,5,9,1,138
12.5,5,9,2,139
12.5,5,9,3,140
12.5,5,9,4,141
12.5,5,9,5,141
12.5,5,9,6,142
12.5,5,9,7,142
12.5,5,9,8,143
12.5,5,9,9,144
12.5,5,9,10,144
12.5,5,9,11,145
12.5,5,9,12,146
12.5,5,9,13,146
12.5,5,9,14,147
12.5,5,9,15,148
12.5,5,10,0,139
12.5,5,10,1,139
12.5,5,10,2,140
12.5,5,10,3,141
12.5,5,10,4,141
12.5,5,10,5,142
12.5,5,10,6,143
12.5,5,10,7,143
12.5,5,10,8,144
12.5,5,10,9,145
12.5,5,10,10,145
12.5,5,10,11,146
12.5,5,10,12,147
12.5,5,10,13,147
12.5,5,10,14,148
12.5,5,10,15,148
12.5,5,11,0,139
12.5,5,11,1,140
12.5,5,11,2,141
12.5,5,11,3,141
12.5,5,11,4,142
12.5,5,11,5,143
12.5,5,11,6,143
12.5,5,11,7,144
12.5,5,11,8,145
12.5,5,11,9,145
12.5,5,11,10,146
12.5,5,11,11,147
12.5,5,11,12,147
12.5,5,11,13,148
12.5,5,11,14,149
12.5,5,11,15,149
12.5,5,12,0,140
12.5,5,12,1,141
12.5,5,12,2,141
12.5,5,12,3,142
12.5,5,12,4,143
12.5,5,12,5,143
12.5,5,12,6,144
12.5,5,12,7,145
12.5,5,12,8,145
12.5,5,12,9,146
12.5,5,12,10,147
12.5,5,12,11,147
12.5,5,12,12,148
12.5,5,12,13,149
12.5,5,12,14,149
12.5,5,12,15,150
12.5,5,13,0,141
12.5,5,13,1,141
12.5,5,13,2,142
12.5,5,13,3,143
12.5,5,13,4,144
12.5,5,13,5,144
12.5,5,13,6,145
12.5,5,13,7,146
12.5,5,13,8,146
12.5,5,13,9,147
12.5,5,13,10,148
12.5,5,13,11,148
12.5,5,13,12,149
12.5,5,13,13,150
12.5,5,13,14,150
12.5,5,13,15,151
12.5,5,14,0,142
12.5,5,14,1,142
12.5,5,14,2,143
12.5,5,14,3,144
12.5,5,14,4,144
12.5,5,14,5,145
12.5,5,14,6,146
12.5,5,14,7,146
12.5,5,14,8,147
12.5,5,14,9,148
12.5,5,14,10,148
12.5,5,14,11,149
12.5,5,14,12,150
12.5,5,14,13,150
12.5,5,14,14,151
12.5,5,14,15,152
12.5,5,15,0,142
12.5,5,15,1,143
12.5,5,15,2,144
12.5,5,15,3,144
12.5,5,15,4,145
12.5,5,15,5,146
12.5,5,15,6,146
12.5,5,15,7,147
12.5,5,15,8,148
12.5,5,15,9,148
12.5,5,15,10,149
12.5,5,15,11,150
12.5,5,15,12,150
12.5,5,15,13,151
12.5,5,15,14,152
12.5,5,15,15,152
12.5,6,0,0,133
12.5,6,0,1,134
12.5,6,0,2,134
12.5,6,0,3,135
12.5,6,0,4,136
12.5,6,0,5,136
12.5,6,0,6,137
12.5,6,0,7,137
12.5,6,0,8,138
12.5,6,0,9,139
12.5,6,0,10,139
12.5,6,0,11,140
12.5,6,0,12,141
12.5,6,0,13,141
12.5,6,0,14,142
12.5,6,0,15,142
12.5,6,1,0,134
12.5,6,1,1,134
12.5,6,1,2,135
12.5,6,1,3,136
12.5,6,1,4,136
12.5,6,1,5,137
12.5,6,1,6,138
12.5,6,1,7,138
12.5,6,1,8,139
12.5,6,1,9,140
12.5,6,1,10,140
12.5,6,1,11,141
12.5,6,1,12,141
12.5,6,1,13,142
12.5,6,1,14,143
12.5,6,1,15,143
12.5,6,2,0,135
12.5,6,2,1,135
12.5,6,2,2,136
12.5,6,2,3,136
12.5,6,2,4,137
12.5,6,2,5,138
12.5,6,2,6,138
12.5,6,2,7,139
12.5,6,2,8,140
12.5,6,2,9,140
12.5,6,2,10,141
12.5,6,2,11,142
12.5,6,2,12,142
12.5,6,2,13,143
12.5,6,2,14,143
12.5,6,2,15,144
12.5,6,3,0,135
12.5,6,3,1,136
12.5,6,3,2,137
12.5,6,3,3,137
12.5,6,3,4,138
12.5,6,3,5,139
12.5,6,3,6,139
12.5,6,3,7,140
12.5,6,3,8,141
12.5,6,3,9,141
12.5,6,3,10,142
12.5,6,3,11,142
12.5,6,3,12,143
12.5,6,3,13,144
12.5,6,3,14,144
12.5,6,3,15,145
12.5,6,4,0,136
12.5,6,4,1,137
12.5,6,4,2,137
12.5,6,4,3,138
12.5,6,4,4,139
12.5,6,4,5,139
12.5,6,4,6,140
12.5,6,4,7,141
12.5,6,4,8,141
12.5,6,4,9,142
12.5,6,4,10,143
12.5,6,4,11,143
12.5,6,4,12,144
12.5,6,4,13,145
12.5,6,4,14,145
12.5,6,4,15,146
12.5,6,5,0,137
12.5,6,5,1,138
12.5,6,5,2,138
12.5,6,5,3,139
12.5,6,5,4,140
12.5,6,5,5,140
12.5,6,5,6,141
12.5,6,5,7,142
12.5,6,5,8,142
12.5,6,5,9,143
12.5,6,5,10,143
12.5,6,5,11,144
12.5,6,5,12,145
12.5,6,5,13,145
12.5,6,5,14,146
12.5,6,5,15,147
12.5,6,6,0,138
12.5,6,6,1,138
12.5,6,6,2,139
12.5,6,6,3,140
12.5,6,6,4,140
12.5,6,6,5,141
12.5,6,6,6,142
12.5,6,6,7,142
12.5,6,6,8,143
12.5,6,6,9,144
12.5,6,6,10,144
12.5,6,6,11,145
12.5,6,6,12,146
12.5,6,6,13,146
12.5,6,6,14,147
12.5,6,6,15,147
12.5,6,7,0,138
12.5,6,7,1,139
12.5,6,7,2,140
12.5,6,7,3,140
12.5,6,7,4,141
12.5,6,7,5,142
12.5,6,7,6,142
12.5,6,7,7,143
12.5,6,7,8,144
12.5,6,7,9,144
12.5,6,7,10,145
12.5,6,7,11,146
12.5,6,7,12,146
12.5,6,7,13,147
12.5,6,7,14,148
12.5,6,7,15,148
12.5,6,8,0,139
12.5,6,8,1,140
12.5,6,8,2,141
12.5,6,8,3,141
12.5,6,8,4,142
12.5,6,8,5,143
12.5,6,8,6,143
12.5,6,8,7,144
12.5,6,8,8,145
12.5,6,8,9,145
12.5,6,8,10,146
12.5,6,8,11,147
12.5,6,8,12,147
12.5,6,8,13,148
12.5,6,8,14,148
12.5,6,8,15,149
12.5,6,9,0,140
12.5,6,9,1,141
12.5,6,9,2,141
12.5,6,9,3,142
12.5,6,9,4,143
12.5,6,9,5,143
12.5,6,9,6,144
12.5,6,9,7,145
12.5,6,9,8,145
12.5,6,9,9,146
12.5,6,9,10,147
12.5,6,9,11,147
12.5,6,9,12,148
12.5,6,9,13,149
12.5,6,9,14,149
12.5,6,9,15,150
12.5,6,10,0,141
12.5,6,10,1,141
12.5,6,10,2,142
12.5,6,10,3,143
12.5,6,10,4,143
12.5,6,10,5,144
12.5,6,10,6,145
12.5,6,10,7,146
12.5,6,10,8,146
12.5,6,10,9,147
12.5,6,10,10,148
12.5,6,10,11,148
12.5,6,10,12,149
12.5,6,10,13,149
12.5,6,10,14,150
12.5,6,10,15,151
12.5,6,11,0,141
12.5,6,11,1,142
12.5,6,11,2,143
12.5,6,11,3,144
12.5,6,11,4,144
12.5,6,11,5,145
12.5,6,11,6,146
12.5,6,11,7,146
12.5,6,11,8,147
12.5,6,11,9,148
12.5,6,11,10,148
12.5,6,11,11,149
12.5,6,11,12,150
12.5,6,11,13,150
12.5,6,11,14,151
12.5,6,11,15,152
12.5,6,12,0,142
12.5,6,12,1,143
12.5,6,12,2,144
12.5,6,12,3,144
12.5,6,12,4,145
12.5,6,12,5,146
12.5,6,12,6,146
12.5,6,12,7,147
12.5,6,12,8,148
12.5,6,12,9,148
12.5,6,12,10,149
12.5,6,12,11,150
12.5,6,12,12,150
12.5,6,12,13,151
12.5,6,12,14,152
12.5,6,12,15,152
12.5,6,13,0,143
12.5,6,13,1,144
12.5,6,13,2,144
12.5,6,13,3,145
12.5,6,13,4,146
12.5,6,13,5,146
12.5,6,13,6,147
12.5,6,13,7,148
12.5,6,13,8,149
12.5,6,13,9,149
12.5,6,13,10,150
12.5,6,13,11,151
12.5,6,13,12,151
12.5,6,13,13,152
12.5,6,13,14,153
12.5,6,13,15,153
12.5,6,14,0,144
12.5,6,14,1,144
12.5,6,14,2,145
12.5,6,14,3,146
12.5,6,14,4,147
12.5,6,14,5,147
12.5,6,14,6,148
12.5,6,14,7,149
12.5,6,14,8,149
12.5,6,14,9,150
12.5,6,14,10,151
12.5,6,14,11,151
12.5,6,14,12,152
12.5,6,14,13,153
12.5,6,14,14,153
12.5,6,14,15,154
12.5,6,15,0,144
12.5,6,15,1,145
12.5,6,15,2,146
12.5,6,15,3,147
12.5,6,15,4,147
12.5,6,15,5,148
12.5,6,15,6,149
12.5,6,15,7,149
12.5,6,15,8,150
12.5,6,15,9,151
12.5,6,15,10,151
12.5,6,15,11,152
12.5,6,15,12,153
12.5,6,15,13,153
12.5,6,15,14,154
12.5,6,15,15,155
12.5,7,0,0,135
12.5,7,0,1,136
12.5,7,0,2,136
12.5,7,0,3,137
12.5,7,0,4,138
12.5,7,0,5,138
12.5,7,0,6,139
12.5,7,0,7,140
12.5,7,0,8,140
12.5,7,0,9,141
12.5,7,0,10,141
12.5,7,0,11,142
12.5,7,0,12,143
12.5,7,0,13,143
12.5,7,0,14,144
12.5,7,0,15,145
12.5,7,1,0,136
12.5,7,1,1,136
12.5,7,1,2,137
12.5,7,1,3,138
12.5,7,1,4,138
12.5,7,1,5,139
12.5,7,1,6,140
12.5,7,1,7,140
12.5,7,1,8,141
12.5,7,1,9,142
12.5,7,1,10,142
12.5,7,1,11,143
12.5,7,1,12,144
12.5,7,1,13,144
12.5,7,1,14,145
12.5,7,1,15,145
12.5,7,2,0,137
12.5,7,2,1,137
12.5,7,2,2,138
12.5,7,2,3,139
12.5,7,2,4,139
12.5,7,2,5,140
12.5,7,2,6,141
12.5,7,2,7,141
12.5,7,2,8,142
12.5,7,2,9,143
12.5,7,2,10,143
12.5,7,2,11,144
12.5,7,2,12,144
12.5,7,2,13,145
12.5,7,2,14,146
12.5,7,2,15,146
12.5,7,3,0,137
12.5,7,3,1,138
12.5,7,3,2,139
12.5,7,3,3,139
12.5,7,3,4,140
12.5,7,3,5,141
12.5,7,3,6,141
12.5,7,3,7,142
12.5,7,3,8,143
12.5,7,3,9,143
12.5,7,3,10,144
12.5,7,3,11,145
12.5,7,3,12,145
12.5,7,3,13,146
12.5,7,3,14,147
12.5,7,3,15,147
12.5,7,4,0,138
12.5,7,4,1,139
12.5,7,4,2,140
12.5,7,4,3,140
12.5,7,4,4,141
12.5,7,4,5,142
12.5,7,4,6,142
12.5,7,4,7,143
12.5,7,4,8,144
12.5,7,4,9,144
12.5,7,4,10,145
12.5,7,4,11,145
12.5,7,4,12,146
12.5,7,4,13,147
12.5,7,4,14,147
12.5,7,4,15,148
12.5,7,5,0,139
12.5,7,5,1,140
12.5,7,5,2,140
12.5,7,5,3,141
12.5,7,5,4,142
12.5,7,5,5,142
12.5,7,5,6,143
12.5,7,5,7,144
12.5,7,5,8,144
12.5,7,5,9,145
12.5,7,5,10,146
12.5,7,5,11,146
12.5,7,5,12,147
12.5,7,5,13,148
12.5,7,5,14,148
12.5,7,5,15,149
12.5,7,6,0,140
12.5,7,6,1,140
12.5,7,6,2,141
12.5,7,6,3,142
12.5,7,6,4,143
12.5,7,6,5,143
12.5,7,6,6,144
12.5,7,6,7,145
12.5,7,6,8,145
12.5,7,6,9,146
12.5,7,6,10,147
12.5,7,6,11,147
12.5,7,6,12,148
12.5,7,6,13,148
12.5,7,6,14,149
12.5,7,6,15,150
12.5,7,7,0,141
12.5,7,7,1,141
12.5,7,7,2,142
12.5,7,7,3,143
12.5,7,7,4,143
12.5,7,7,5,144
12.5,7,7,6,145
12.5,7,7,7,145
12.5,7,7,8,146
12.5,7,7,9,147
12.5,7,7,10,147
12.5,7,7,11,148
12.5,7,7,12,149
12.5,7,7,13,149
12.5,7,7,14,150
12.5,7,7,15,151
12.5,7,8,0,141
12.5,7,8,1,142
12.5,7,8,2,143
12.5,7,8,3,143
12.5,7,8,4,144
12.5,7,8,5,145
12.5,7,8,6,145
12.5,7,8,7,146
12.5,7,8,8,147
12.5,7,8,9,147
12.5,7,8,10,148
12.5,7,8,11,149
12.5,7,8,12,149
12.5,7,8,13,150
12.5,7,8,14,151
12.5,7,8,15,151
12.5,7,9,0,142
12.5,7,9,1,143
12.5,7,9,2,144
12.5,7,9,3,144
12.5,7,9,4,145
12.5,7,9,5,146
12.5,7,9,6,146
12.5,7,9,7,147
12.5,7,9,8,148
12.5,7,9,9,148
12.5,7,9,10,149
12.5,7,9,11,150
12.5,7,9,12,150
12.5,7,9,13,151
12.5,7,9,14,152
12.5,7,9,15,152
12.5,7,10,0,143
12.5,7,10,1,144
12.5,7,10,2,144
12.5,7,10,3,145
12.5,7,10,4,146
12.5,7,10,5,146
12.5,7,10,6,147
12.5,7,10,7,148
12.5,7,10,8,148
12.5,7,10,9,149
12.5,7,10,10,150
12.5,7,10,11,150
12.5,7,10,12,151
12.5,7,10,13,152
12.5,7,10,14,152
12.5,7,10,15,153
12.5,7,11,0,144
12.5,7,11,1,144
12.5,7,11,2,145
12.5,7,11,3,146
12.5,7,11,4,146
12.5,7,11,5,147
12.5,7,11,6,148
12.5,7,11,7,149
12.5,7,11,8,149
12.5,7,11,9,150
12.5,7,11,10,151
12.5,7,11,11,151
12.5,7,11,12,152
12.5,7,11,13,153
12.5,7,11,14,153
12.5,7,11,15,154
12.5,7,12,0,144
12.5,7,12,1,145
12.5,7,12,2,146
12.5,7,12,3,147
12.5,7,12,4,147
12.5,7,12,5,148
12.5,7,12,6,149
12.5,7,12,7,149
12.5,7,12,8,150
12.5,7,12,9,151
12.5,7,12,10,151
12.5,7,12,11,152
12.5,7,12,12,153
12.5,7,12,13,153
12.5,7,12,14,154
12.5,7,12,15,155
12.5,7,13,0,145
12.5,7,13,1,146
12.5,7,13,2,147
12.5,7,13,3,147
12.5,7,13,4,148
12.5,7,13,5,149
12.5,7,13,6,149
12.5,7,13,7,150
12.5,7,13,8,151
12.5,7,13,9,151
12.5,7,13,10,152
12.5,7,13,11,153
12.5,7,13,12,154
12.5,7,13,13,154
12.5,7,13,14,155
12.5,7,13,15,156
12.5,7,14,0,146
12.5,7,14,1,147
12.5,7,14,2,147
12.5,7,14,3,148
12.5,7,14,4,149
12.5,7,14,5,150
12.5,7,14,6,150
12.5,7,14,7,151
12.5,7,14,8,152
12.5,7,14,9,152
12.5,7,14,10,153
12.5,7,14,11,154
12.5,7,14,12,154
12.5,7,14,13,155
12.5,7,14,14,156
12.5,7,14,15,156
12.5,7,15,0,147
12.5,7,15,1,147
12.5,7,15,2,148
12.5,7,15,3,149
12.5,7,15,4,150
12.5,7,15,5,150
12.5,7,15,6,151
12.5,7,15,7,152
12.5,7,15,8,152
12.5,7,15,9,153
12.5,7,15,10,154
12.5,7,15,11,154
12.5,7,15,12,155
12.5,7,15,13,156
12.5,7,15,14,156
12.5,7,15,15,157
12.5,8,0,0,137
12.5,8,0,1,138
12.5,8,0,2,138
12.5,8,0,3,139
12.5,8,0,4,140
12.5,8,0,5,140
12.5,8,0,6,141
12.5,8,0,7,142
12.5,8,0,8,142
12.5,8,0,9,143
12.5,8,0,10,144
12.5,8,0,11,144
12.5,8,0,12,145
12.5,8,0,13,146
12.5,8,0,14,146
12.5,8,0,15,147
12.5,8,1,0,138
12.5,8,1,1,139
12.5,8,1,2,139
12.5,8,1,3,140
12.5,8,1,4,141
12.5,8,1,5,141
12.5,8,1,6,142
12.5,8,1,7,143
12.5,8,1,8,143
12.5,8,1,9,144
12.5,8,1,10,144
12.5,8,1,11,145
12.5,8,1,12,146
12.5,8,1,13,146
12.5,8,1,14,147
12.5,8,1,15,148
12.5,8,2,0,139
12.5,8,2,1,139
12.5,8,2,2,140
12.5,8,2,3,141
12.5,8,2,4,141
12.5,8,2,5,142
12.5,8,2,6,143
12.5,8,2,7,143
12.5,8,2,8,144
12.5,8,2,9,145
12.5,8,2,10,145
12.5,8,2,11,146
12.5,8,2,12,147
12.5,8,2,13,147
12.5,8,2,14,148
12.5,8,2,15,149
12.5,8,3,0,139
12.5,8,3,1,140
12.5,8,3,2,141
12.5,8,3,3,142
12.5,8,3,4,142
12.5,8,3,5,143
12.5,8,3,6,144
12.5,8,3,7,144
12.5,8,3,8,145
12.5,8,3,9,146
12.5,8,3,10,146
12.5,8,3,11,147
12.5,8,3,12,148
12.5,8,3,13,148
12.5,8,3,14,149
12.5,8,3,15,149
12.5,8,4,0,140
12.5,8,4,1,141
12.5,8,4,2,142
12.5,8,4,3,142
12.5,8,4,4,143
12.5,8,4,5,144
12.5,8,4,6,144
12.5,8,4,7,145
12.5,8,4,8,146
12.5,8,4,9,146
12.5,8,4,10,147
12.5,8,4,11,148
12.5,8,4,12,148
12.5,8,4,13,149
12.5,8,4,14,150
12.5,8,4,15,150
12.5,8,5,0,141
12.5,8,5,1,142
12.5,8,5,2,142
12.5,8,5,3,143
12.5,8,5,4,144
12.5,8,5,5,145
12.5,8,5,6,145
12.5,8,5,7,146
12.5,8,5,8,147
12.5,8,5,9,147
12.5,8,5,10,148
12.5,8,5,11,149
12.5,8,5,12,149
12.5,8,5,13,150
12.5,8,5,14,151
12.5,8,5,15,151
12.5,8,6,0,142
12.5,8,6,1,143
12.5,8,6,2,143
12.5,8,6,3,144
12.5,8,6,4,145
12.5,8,6,5,145
12.5,8,6,6,146
12.5,8,6,7,147
12.5,8,6,8,147
12.5,8,6,9,148
12.5,8,6,10,149
12.5,8,6,11,149
12.5,8,6,12,150
12.5,8,6,13,151
12.5,8,6,14,151
12.5,8,6,15,152
12.5,8,7,0,143
12.5,8,7,1,143
12.5,8,7,2,144
12.5,8,7,3,145
12.5,8,7,4,145
12.5,8,7,5,146
12.5,8,7,6,147
12.5,8,7,7,148
12.5,8,7,8,148
12.5,8,7,9,149
12.5,8,7,10,150
12.5,8,7,11,150
12.5,8,7,12,151
12.5,8,7,13,152
12.5,8,7,14,152
12.5,8,7,15,153
12.5,8,8,0,144
12.5,8,8,1,144
12.5,8,8,2,145
12.5,8,8,3,146
12.5,8,8,4,146
12.5,8,8,5,147
12.5,8,8,6,148
12.5,8,8,7,148
12.5,8,8,8,149
12.5,8,8,9,150
12.5,8,8,10,150
12.5,8,8,11,151
12.5,8,8,12,152
12.5,8,8,13,152
12.5,8,8,14,153
12.5,8,8,15,154
12.5,8,9,0,144
12.5,8,9,1,145
12.5,8,9,2,146
12.5,8,9,3,146
12.5,8,9,4,147
12.5,8,9,5,148
12.5,8,9,6,148
12.5,8,9,7,149
12.5,8,9,8,150
12.5,8,9,9,151
12.5,8,9,10,151
12.5,8,9,11,152
12.5,8,9,12,153
12.5,8,9,13,153
12.5,8,9,14,154
12.5,8,9,15,155
12.5,8,10,0,145
12.5,8,10,1,146
12.5,8,10,2,147
12.5,8,10,3,147
12.5,8,10,4,148
12.5,8,10,5,149
12.5,8,10,6,149
12.5,8,10,7,150
12.5,8,10,8,151
12.5,8,10,9,151
12.5,8,10,10,152
12.5,8,10,11,153
12.5,8,10,12,153
12.5,8,10,13,154
12.5,8,10,14,155
12.5,8,10,15,155
12.5,8,11,0,146
12.5,8,11,1,147
12.5,8,11,2,147
12.5,8,11,3,148
12.5,8,11,4,149
12.5,8,11,5,149
12.5,8,11,6,150
12.5,8,11,7,151
12.5,8,11,8,151
12.5,8,11,9,152
12.5,8,11,10,153
12.5,8,11,11,154
12.5,8,11,12,154
12.5,8,11,13,155
12.5,8,11,14,156
12.5,8,11,15,156
12.5,8,12,0,147
12.5,8,12,1,147
12.5,8,12,2,148
12.5,8,12,3,149
12.5,8,12,4,150
12.5,8,12,5,150
12.5,8,12,6,151
12.5,8,12,7,152
12.5,8,12,8,152
12.5,8,12,9,153
12.5,8,12,10,154
12.5,8,12,11,154
12.5,8,12,12,155
12.5,8,12,13,156
12.5,8,12,14,156
12.5,8,12,15,157
12.5,8,13,0,147
12.5,8,13,1,148
12.5,8,13,2,149
12.5,8,13,3,150
12.5,8,13,4,150
12.5,8,13,5,151
12.5,8,13,6,152
12.5,8,13,7,152
12.5,8,13,8,153
12.5,8,13,9,154
12.5,8,13,10,154
12.5,8,13,11,155
12.5,8,13,12,156
12.5,8,13,13,157
12.5,8,13,14,157
12.5,8,13,15,158
12.5,8,14,0,148
12.5,8,14,1,149
12.5,8,14,2,150
12.5,8,14,3,150
12.5,8,14,4,151
12.5,8,14,5,152
12.5,8,14,6,152
12.5,8,14,7,153
12.5,8,14,8,154
12.5,8,14,9,155
12.5,8,14,10,155
12.5,8,14,11,156
12.5,8,14,12,157
12.5,8,14,13,157
12.5,8,14,14,158
12.5,8,14,15,159
12.5,8,15,0,149
12.5,8,15,1,150
12.5,8,15,2,150
12.5,8,15,3,151
12.5,8,15,4,152
12.5,8,15,5,153
12.5,8,15,6,153
12.5,8,15,7,154
12.5,8,15,8,155
12.5,8,15,9,155
12.5,8,15,10,156
12.5,8,15,11,157
12.5,8,15,12,157
12.5,8,15,13,158
12.5,8,15,14,159
12.5,8,15,15,160
12.5,9,0,0,139
12.5,9,0,1,140
12.5,9,0,2,140
12.5,9,0,3,141
12.5,9,0,4,142
12.5,9,0,5,142
12.5,9,0,6,143
12.5,9,0,7,144
12.5,9,0,8,144
12.5,9,0,9,145
12.5,9,0,10,146
12.5,9,0,11,146
12.5,9,0,12,147
12.5,9,0,13,148
12.5,9,0,14,148
12.5,9,0,15,149
12.5,9,1,0,140
12.5,9,1,1,141
12.5,9,1,2,141
12.5,9,1,3,142
12.5,9,1,4,143
12.5,9,1,5,143
12.5,9,1,6,144
12.5,9,1,7,145
12.5,9,1,8,145
12.5,9,1,9,146
12.5,9,1,10,147
12.5,9,1,11,147
12.5,9,1,12,148
12.5,9,1,13,149
12.5,9,1,14,149
12.5,9,1,15,150
12.5,9,2,0,141
12.5,9,2,1,141
12.5,9,2,2,142
12.5,9,2,3,143
12.5,9,2,4,144
12.5,9,2,5,144
12.5,9,2,6,145
12.5,9,2,7,146
12.5,9,2,8,146
12.5,9,2,9,147
12.5,9,2,10,148
12.5,9,2,11,148
12.5,9,2,12,149
12.5,9,2,13,149
12.5,9,2,14,150
12.5,9,2,15,151
12.5,9,3,0,142
12.5,9,3,1,142
12.5,9,3,2,143
12.5,9,3,3,144
12.5,9,3,4,144
12.5,9,3,5,145
12.5,9,3,6,146
12.5,9,3,7,146
12.5,9,3,8,147
12.5,9,3,9,148
12.5,9,3,10,148
12.5,9,3,11,149
12.5,9,3,12,150
12.5,9,3,13,150
12.5,9,3,14,151
12.5,9,3,15,152
12.5,9,4,0,142
12.5,9,4,1,143
12.5,9,4,2,144
12.5,9,4,3,144
12.5,9,4,4,145
12.5,9,4,5,146
12.5,9,4,6,147
12.5,9,4,7,147
12.5,9,4,8,148
12.5,9,4,9,149
12.5,9,4,10,149
12.5,9,4,11,150
12.5,9,4,12,151
12.5,9,4,13,151
12.5,9,4,14,152
12.5,9,4,15,153
12.5,9,5,0,143
12.5,9,5,1,144
12.5,9,5,2,145
12.5,9,5,3,145
12.5,9,5,4,146
12.5,9,5,5,147
12.5,9,5,6,147
12.5,9,5,7,148
12.5,9,5,8,149
12.5,9,5,9,149
12.5,9,5,10,150
12.5,9,5,11,151
12.5,9,5,12,151
12.5,9,5,13,152
12.5,9,5,14,153
12.5,9,5,15,153
12.5,9,6,0,144
12.5,9,6,1,145
12.5,9,6,2,145
12.5,9,6,3,146
12.5,9,6,4,147
12.5,9,6,5,148
12.5,9,6,6,148
12.5,9,6,7,149
12.5,9,6,8,150
12.5,9,6,9,150
12.5,9,6,10,151
12.5,9,6,11,152
12.5,9,6,12,152
12.5,9,6,13,153
12.5,9,6,14,154
12.5,9,6,15,154
12.5,9,7,0,145
12.5,9,7,1,146
12.5,9,7,2,146
12.5,9,7,3,147
12.5,9,7,4,148
12.5,9,7,5,148
12.5,9,7,6,149
12.5,9,7,7,150
12.5,9,7,8,150
12.5,9,7,9,151
12.5,9,7,10,152
12.5,9,7,11,152
12.5,9,7,12,153
12.5,9,7,13,154
12.5,9,7,14,155
12.5,9,7,15,155
12.5,9,8,0,146
12.5,9,8,1,146
12.5,9,8,2,147
12.5,9,8,3,148
12.5,9,8,4,148
12.5,9,8,5,149
12.5,9,8,6,150
12.5,9,8,7,151
12.5,9,8,8,151
12.5,9,8,9,152
12.5,9,8,10,153
12.5,9,8,11,153
12.5,9,8,12,154
12.5,9,8,13,155
12.5,9,8,14,155
12.5,9,8,15,156
12.5,9,9,0,146
12.5,9,9,1,147
12.5,9,9,2,148
12.5,9,9,3,149
12.5,9,9,4,149
12.5,9,9,5,150
12.5,9,9,6,151
12.5,9,9,7,151
12.5,9,9,8,152
12.5,9,9,9,153
12.5,9,9,10,153
12.5,9,9,11,154
12.5,9,9,12,155
12.5,9,9,13,156
12.5,9,9,14,156
12.5,9,9,15,157
12.5,9,10,0,147
12.5,9,10,1,148
12.5,9,10,2,149
12.5,9,10,3,149
12.5,9,10,4,150
12.5,9,10,5,151
12.5,9,10,6,152
12.5,9,10,7,152
12.5,9,10,8,153
12.5,9,10,9,154
12.5,9,10,10,154
12.5,9,10,11,155
12.5,9,10,12,156
12.5,9,10,13,156
12.5,9,10,14,157
12.5,9,10,15,158
12.5,9,11,0,148
12.5,9,11,1,149
12.5,9,11,2,150
12.5,9,11,3,150
12.5,9,11,4,151
12.5,9,11,5,152
12.5,9,11,6,152
12.5,9,11,7,153
12.5,9,11,8,154
12.5,9,11,9,154
12.5,9,11,10,155
12.5,9,11,11,156
12.5,9,11,12,157
12.5,9,11,13,157
12.5,9,11,14,158
12.5,9,11,15,159
12.5,9,12,0,149
12.5,9,12,1,150
12.5,9,12,2,150
12.5,9,12,3,151
12.5,9,12,4,152
12.5,9,12,5,152
12.5,9,12,6,153
12.5,9,12,7,154
12.5,9,12,8,155
12.5,9,12,9,155
12.5,9,12,10,156
12.5,9,12,11,157
12.5,9,12,12,157
12.5,9,12,13,158
12.5,9,12,14,159
12.5,9,12,15,159
12.5,9,13,0,150
12.5,9,13,1,150
12.5,9,13,2,151
12.5,9,13,3,152
12.5,9,13,4,153
12.5,9,13,5,153
12.5,9,13,6,154
12.5,9,13,7,155
12.5,9,13,8,155
12.5,9,13,9,156
12.5,9,13,10,157
12.5,9,13,11,158
12.5,9,13,12,158
12.5,9,13,13,159
12.5,9,13,14,160
12.5,9,13,15,160
12.5,9,14,0,150
12.5,9,14,1,151
12.5,9,14,2,152
12.5,9,14,3,153
12.5,9,14,4,153
12.5,9,14,5,154
12.5,9,14,6,155
12.5,9,14,7,155
12.5,9,14,8,156
12.5,9,14,9,157
12.5,9,14,10,158
12.5,9,14,11,158
12.5,9,14,12,159
12.5,9,14,13,160
12.5,9,14,14,160
12.5,9,14,15,161
12.5,9,15,0,151
12.5,9,15,1,152
12.5,9,15,2,153
12.5,9,15,3,153
12.5,9,15,4,154
12.5,9,15,5,155
12.5,9,15,6,156
12.5,9,15,7,156
12.5,9,15,8,157
12.5,9,15,9,158
12.5,9,15,10,158
12.5,9,15,11,159
12.5,9,15,12,160
12.5,9,15,13,161
12.5,9,15,14,161
12.5,9,15,15,162
12.5,10,0,0,141
12.5,10,0,1,142
12.5,10,0,2,143
12.5,10,0,3,143
12.5,10,0,4,144
12.5,10,0,5,145
12.5,10,0,6,145
12.5,10,0,7,146
12.5,10,0,8,147
12.5,10,0,9,147
12.5,10,0,10,148
12.5,10,0,11,149
12.5,10,0,12,149
12.5,10,0,13,150
12.5,10,0,14,151
12.5,10,0,15,151
12.5,10,1,0,142
12.5,10,1,1,143
12.5,10,1,2,143
12.5,10,1,3,144
12.5,10,1,4,145
12.5,10,1,5,145
12.5,10,1,6,146
12.5,10,1,7,147
12.5,10,1,8,147
12.5,10,1,9,148
12.5,10,1,10,149
12.5,10,1,11,149
12.5,10,1,12,150
12.5,10,1,13,151
12.5,10,1,14,151
12.5,10,1,15,152
12.5,10,2,0,143
12.5,10,2,1,144
12.5,10,2,2,144
12.5,10,2,3,145
12.5,10,2,4,146
12.5,10,2,5,146
12.5,10,2,6,147
12.5,10,2,7,148
12.5,10,2,8,148
12.5,10,2,9,149
12.5,10,2,10,150
12.5,10,2,11,150
12.5,10,2,12,151
12.5,10,2,13,152
12.5,10,2,14,152
12.5,10,2,15,153
12.5,10,3,0,144
12.5,10,3,1,144
12.5,10,3,2,145
12.5,10,3,3,146
12.5,10,3,4,146
12.5,10,3,5,147
12.5,10,3,6,148
12.5,10,3,7,149
12.5,10,3,8,149
12.5,10,3,9,150
12.5,10,3,10,151
12.5,10,3,11,151
12.5,10,3,12,152
12.5,10,3,13,153
12.5,10,3,14,153
12.5,10,3,15,154
12.5,10,4,0,145
12.5,10,4,1,145
12.5,10,4,2,146
12.5,10,4,3,147
12.5,10,4,4,147
12.5,10,4,5,148
12.5,10,4,6,149
12.5,10,4,7,149
12.5,10,4,8,150
12.5,10,4,9,151
12.5,10,4,10,151
12.5,10,4,11,152
12.5,10,4,12,153
12.5,10,4,13,153
12.5,10,4,14,154
12.5,10,4,15,155
12.5,10,5,0,145
12.5,10,5,1,146
12.5,10,5,2,147
12.5,10,5,3,147
12.5,10,5,4,148
12.5,10,5,5,149
12.5,10,5,6,150
12.5,10,5,7,150
12.5,10,5,8,151
12.5,10,5,9,152
12.5,10,5,10,152
12.5,10,5,11,153
12.5,10,5,12,154
12.5,10,5,13,154
12.5,10,5,14,155
12.5,10,5,15,156
12.5,10,6,0,146
12.5,10,6,1,147
12.5,10,6,2,148
12.5,10,6,3,148
12.5,10,6,4,149
12.5,10,6,5,150
12.5,10,6,6,150
12.5,10,6,7,151
12.5,10,6,8,152
12.5,10,6,9,153
12.5,10,6,10,153
12.5,10,6,11,154
12.5,10,6,12,155
12.5,10,6,13,155
12.5,10,6,14,156
12.5,10,6,15,157
12.5,10,7,0,147
12.5,10,7,1,148
12.5,10,7,2,148
12.5,10,7,3,149
12.5,10,7,4,150
12.5,10,7,5,151
12.5,10,7,6,151
12.5,10,7,7,152
12.5,10,7,8,153
12.5,10,7,9,153
12.5,10,7,10,154
12.5,10,7,11,155
12.5,10,7,12,155
12.5,10,7,13,156
12.5,10,7,14,157
12.5,10,7,15,157
12.5,10,8,0,148
12.5,10,8,1,149
12.5,10,8,2,149
12.5,10,8,3,150
12.5,10,8,4,151
12.5,10,8,5,151
12.5,10,8,6,152
12.5,10,8,7,153
12.5,10,8,8,154
12.5,10,8,9,154
12.5,10,8,10,155
12.5,10,8,11,156
12.5,10,8,12,156
12.5,10,8,13,157
12.5,10,8,14,158
12.5,10,8,15,158
12.5,10,9,0,149
12.5,10,9,1,149
12.5,10,9,2,150
12.5,10,9,3,151
12.5,10,9,4,152
12.5,10,9,5,152
12.5,10,9,6,153
12.5,10,9,7,154
12.5,10,9,8,154
12.5,10,9,9,155
12.5,10,9,10,156
12.5,10,9,11,156
12.5,10,9,12,157
12.5,10,9,13,158
12.5,10,9,14,159
12.5,10,9,15,159
12.5,10,10,0,149
12.5,10,10,1,150
12.5,10,10,2,151
12.5,10,10,3,152
12.5,10,10,4,152
12.5,10,10,5,153
12.5,10,10,6,154
12.5,10,10,7,154
12.5,10,10,8,155
12.5,10,10,9,156
12.5,10,10,10,157
12.5,10,10,11,157
12.5,10,10,12,158
12.5,10,10,13,159
12.5,10,10,14,159
12.5,10,10,15,160
12.5,10,11,0,150
12.5,10,11,1,151
12.5,10,11,2,152
12.5,10,11,3,152
12.5,10,11,4,153
12.5,10,11,5,154
12.5,10,11,6,155
12.5,10,11,7,155
12.5,10,11,8,156
12.5,10,11,9,157
12.5,10,11,10,157
12.5,10,11,11,158
12.5,10,11,12,159
12.5,10,11,13,160
12.5,10,11,14,160
12.5,10,11,15,161
12.5,10,12,0,151
12.5,10,12,1,152
12.5,10,12,2,153
12.5,10,12,3,153
12.5,10,12,4,154
12.5,10,12,5,155
12.5,10,12,6,155
12.5,10,12,7,156
12.5,10,12,8,157
12.5,10,12,9,158
12.5,10,12,10,158
12.5,10,12,11,159
12.5,10,12,12,160
12.5,10,12,13,160
12.5,10,12,14,161
12.5,10,12,15,162
12.5,10,13,0,152
12.5,10,13,1,153
12.5,10,13,2,153
12.5,10,13,3,154
12.5,10,13,4,155
12.5,10,13,5,156
12.5,10,13,6,156
12.5,10,13,7,157
12.5,10,13,8,158
12.5,10,13,9,158
12.5,10,13,10,159
12.5,10,13,11,160
12.5,10,13,12,161
12.5,10,13,13,161
12.5,10,13,14,162
12.5,10,13,15,163
12.5,10,14,0,153
12.5,10,14,1,153
12.5,10,14,2,154
12.5,10,14,3,155
12.5,10,14,4,156
12.5,10,14,5,156
12.5,10,14,6,157
12.5,10,14,7,158
12.5,10,14,8,159
12.5,10,14,9,159
12.5,10,14,10,160
12.5,10,14,11,161
12.5,10,14,12,161
12.5,10,14,13,162
12.5,10,14,14,163
12.5,10,14,15,163
12.5,10,15,0,153
12.5,10,15,1,154
12.5,10,15,2,155
12.5,10,15,3,156
12.5,10,15,4,156
12.5,10,15,5,157
12.5,10,15,6,158
12.5,10,15,7,159
12.5,10,15,8,159
12.5,10,15,9,160
12.5,10,15,10,161
12.5,10,15,11,161
12.5,10,15,12,162
12.5,10,15,13,163
12.5,10,15,14,164
12.5,10,15,15,164
12.5,11,0,0,143
12.5,11,0,1,144
12.5,11,0,2,145
12.5,11,0,3,145
12.5,11,0,4,146
12.5,11,0,5,147
12.5,11,0,6,147
12.5,11,0,7,148
12.5,11,0,8,149
12.5,11,0,9,149
12.5,11,0,10,150
12.5,11,0,11,151
12.5,11,0,12,151
12.5,11,0,13,152
12.5,11,0,14,153
12.5,11,0,15,153
12.5,11,1,0,144
12.5,11,1,1,145
12.5,11,1,2,145
12.5,11,1,3,146
12.5,11,1,4,147
12.5,11,1,5,148
12.5,11,1,6,148
12.5,11,1,7,149
12.5,11,1,8,150
12.5,11,1,9,150
12.5,11,1,10,151
12.5,11,1,11,152
12.5,11,1,12,152
12.5,11,1,13,153
12.5,11,1,14,154
12.5,11,1,15,154
12.5,11,2,0,145
12.5,11,2,1,146
12.5,11,2,2,146
12.5,11,2,3,147
12.5,11,2,4,148
12.5,11,2,5,148
12.5,11,2,6,149
12.5,11,2,7,150
12.5,11,2,8,151
12.5,11,2,9,151
12.5,11,2,10,152
12.5,11,2,11,153
12.5,11,2,12,153
12.5,11,2,13,154
12.5,11,2,14,155
12.5,11,2,15,155
12.5,11,3,0,146
12.5,11,3,1,146
12.5,11,3,2,147
12.5,11,3,3,148
12.5,11,3,4,149
12.5,11,3,5,149
12.5,11,3,6,150
12.5,11,3,7,151
12.5,11,3,8,151
12.5,11,3,9,152
12.5,11,3,10,153
12.5,11,3,11,153
12.5,11,3,12,154
12.5,11,3,13,155
12.5,11,3,14,155
12.5,11,3,15,156
12.5,11,4,0,147
12.5,11,4,1,147
12.5,11,4,2,148
12.5,11,4,3,149
12.5,11,4,4,149
12.5,11,4,5,150
12.5,11,4,6,151
12.5,11,4,7,152
12.5,11,4,8,152
12.5,11,4,9,153
12.5,11,4,10,154
12.5,11,4,11,154
12.5,11,4,12,155
12.5,11,4,13,156
12.5,11,4,14,156
12.5,11,4,15,157
12.5,11,5,0,147
12.5,11,5,1,148
12.5,11,5,2,149
12.5,11,5,3,150
12.5,11,5,4,150
12.5,11,5,5,151
12.5,11,5,6,152
12.5,11,5,7,152
12.5,11,5,8,153
12.5,11,5,9,154
12.5,11,5,10,155
12.5,11,5,11,155
12.5,11,5,12,156
12.5,11,5,13,157
12.5,11,5,14,157
12.5,11,5,15,158
12.5,11,6,0,148
12.5,11,6,1,149
12.5,11,6,2,150
12.5,11,6,3,150
12.5,11,6,4,151
12.5,11,6,5,152
12.5,11,6,6,153
12.5,11,6,7,153
12.5,11,6,8,154
12.5,11,6,9,155
12.5,11,6,10,155
12.5,11,6,11,156
12.5,11,6,12,157
12.5,11,6,13,157
12.5,11,6,14,158
12.5,11,6,15,159
12.5,11,7,0,149
12.5,11,7,1,150
12.5,11,7,2,151
12.5,11,7,3,151
12.5,11,7,4,152
12.5,11,7,5,153
12.5,11,7,6,153
12.5,11,7,7,154
12.5,11,7,8,155
12.5,11,7,9,156
12.5,11,7,10,156
12.5,11,7,11,157
12.5,11,7,12,158
12.5,11,7,13,158
12.5,11,7,14,159
12.5,11,7,15,160
12.5,11,8,0,150
12.5,11,8,1,151
12.5,11,8,2,151
12.5,11,8,3,152
12.5,11,8,4,153
12.5,11,8,5,154
12.5,11,8,6,154
12.5,11,8,7,155
12.5,11,8,8,156
12.5,11,8,9,156
12.5,11,8,10,157
12.5,11,8,11,158
12.5,11,8,12,159
12.5,11,8,13,159
12.5,11,8,14,160
12.5,11,8,15,161
12.5,11,9,0,151
12.5,11,9,1,152
12.5,11,9,2,152
12.5,11,9,3,153
12.5,11,9,4,154
12.5,11,9,5,154
12.5,11,9,6,155
12.5,11,9,7,156
12.5,11,9,8,157
12.5,11,9,9,157
12.5,11,9,10,158
12.5,11,9,11,159
12.5,11,9,12,159
12.5,11,9,13,160
12.5,11,9,14,161
12.5,11,9,15,162
12.5,11,10,0,152
12.5,11,10,1,152
12.5,11,10,2,153
12.5,11,10,3,154
12.5,11,10,4,155
12.5,11,10,5,155
12.5,11,10,6,156
12.5,11,10,7,157
12.5,11,10,8,157
12.5,11,10,9,158
12.5,11,10,10,159
12.5,11,10,11,160
12.5,11,10,12,160
12.5,11,10,13,161
12.5,11,10,14,162
12.5,11,10,15,162
12.5,11,11,0,152
12.5,11,11,1,153
12.5,11,11,2,154
12.5,11,11,3,155
12.5,11,11,4,155
12.5,11,11,5,156
12.5,11,11,6,157
12.5,11,11,7,158
12.5,11,11,8,158
12.5,11,11,9,159
12.5,11,11,10,160
12.5,11,11,11,160
12.5,11,11,12,161
12.5,11,11,13,162
12.5,11,11,14,163
12.5,11,11,15,163
12.5,11,12,0,153
12.5,11,12,1,154
12.5,11,12,2,155
12.5,11,12,3,155
12.5,11,12,4,156
12.5,11,12,5,157
12.5,11,12,6,158
12.5,11,12,7,158
12.5,11,12,8,159
12.5,11,12,9,160
12.5,11,12,10,161
12.5,11,12,11,161
12.5,11,12,12,162
12.5,11,12,13,163
12.5,11,12,14,163
12.5,11,12,15,164
12.5,11,13,0,154
12.5,11,13,1,155
12.5,11,13,2,156
12.5,11,13,3,156
12.5,11,13,4,157
12.5,11,13,5,158
12.5,11,13,6,159
12.5,11,13,7,159
12.5,11,13,8,160
12.5,11,13,9,161
12.5,11,13,10,161
12.5,11,13,11,162
12.5,11,13,12,163
12.5,11,13,13,164
12.5,11,13,14,164
12.5,11,13,15,165
12.5,11,14,0,155
12.5,11,14,1,156
12.5,11,14,2,156
12.5,11,14,3,157
12.5,11,14,4,158
12.5,11,14,5,159
12.5,11,14,6,159
12.5,11,14,7,160
12.5,11,14,8,161
12.5,11,14,9,162
12.5,11,14,10,162
12.5,11,14,11,163
12.5,11,14,12,164
12.5,11,14,13,164
12.5,11,14,14,165
12.5,11,14,15,166
12.5,11,15,0,156
12.5,11,15,1,156
12.5,11,15,2,157
12.5,11,15,3,158
12.5,11,15,4,159
12.5,11,15,5,159
12.5,11,15,6,160
12.5,11,15,7,161
12.5,11,15,8,162
12.5,11,15,9,162
12.5,11,15,10,163
12.5,11,15,11,164
12.5,11,15,12,165
12.5,11,15,13,165
12.5,11,15,14,166
12.5,11,15,15,167
12.5,12,0,0,145
12.5,12,0,1,146
12.5,12,0,2,147
12.5,12,0,3,147
12.5,12,0,4,148
12.5,12,0,5,149
12.5,12,0,6,149
12.5,12,0,7,150
12.5,12,0,8,151
12.5,12,0,9,152
12.5,12,0,10,152
12.5,12,0,11,153
12.5,12,0,12,154
12.5,12,0,13,154
12.5,12,0,14,155
12.5,12,0,15,156
12.5,12,1,0,146
12.5,12,1,1,147
12.5,12,1,2,148
12.5,12,1,3,148
12.5,12,1,4,149
12.5,12,1,5,150
12.5,12,1,6,150
12.5,12,1,7,151
12.5,12,1,8,152
12.5,12,1,9,152
12.5,12,1,10,153
12.5,12,1,11,154
12.5,12,1,12,155
12.5,12,1,13,155
12.5,12,1,14,156
12.5,12,1,15,157
12.5,12,2,0,147
12.5,12,2,1,148
12.5,12,2,2,148
12.5,12,2,3,149
12.5,12,2,4,150
12.5,12,2,5,151
12.5,12,2,6,151
12.5,12,2,7,152
12.5,12,2,8,153
12.5,12,2,9,153
12.5,12,2,10,154
12.5,12,2,11,155
12.5,12,2,12,155
12.5,12,2,13,156
12.5,12,2,14,157
12.5,12,2,15,157
12.5,12,3,0,148
12.5,12,3,1,149
12.5,12,3,2,149
12.5,12,3,3,150
12.5,12,3,4,151
12.5,12,3,5,151
12.5,12,3,6,152
12.5,12,3,7,153
12.5,12,3,8,154
12.5,12,3,9,154
12.5,12,3,10,155
12.5,12,3,11,156
12.5,12,3,12,156
12.5,12,3,13,157
12.5,12,3,14,158
12.5,12,3,15,158
12.5,12,4,0,149
12.5,12,4,1,149
12.5,12,4,2,150
12.5,12,4,3,151
12.5,12,4,4,152
12.5,12,4,5,152
12.5,12,4,6,153
12.5,12,4,7,154
12.5,12,4,8,154
12.5,12,4,9,155
12.5,12,4,10,156
12.5,12,4,11,157
12.5,12,4,12,157
12.5,12,4,13,158
12.5,12,4,14,159
12.5,12,4,15,159
12.5,12,5,0,150
12.5,12,5,1,150
12.5,12,5,2,151
12.5,12,5,3,152
12.5,12,5,4,152
12.5,12,5,5,153
12.5,12,5,6,154
12.5,12,5,7,155
12.5,12,5,8,155
12.5,12,5,9,156
12.5,12,5,10,157
12.5,12,5,11,157
12.5,12,5,12,158
12.5,12,5,13,159
12.5,12,5,14,160
12.5,12,5,15,160
12.5,12,6,0,150
12.5,12,6,1,151
12.5,12,6,2,152
12.5,12,6,3,153
12.5,12,6,4,153
12.5,12,6,5,154
12.5,12,6,6,155
12.5,12,6,7,156
12.5,12,6,8,156
12.5,12,6,9,157
12.5,12,6,10,158
12.5,12,6,11,158
12.5,12,6,12,159
12.5,12,6,13,160
12.5,12,6,14,160
12.5,12,6,15,161
12.5,12,7,0,151
12.5,12,7,1,152
12.5,12,7,2,153
12.5,12,7,3,153
12.5,12,7,4,154
12.5,12,7,5,155
12.5,12,7,6,156
12.5,12,7,7,156
12.5,12,7,8,157
12.5,12,7,9,158
12.5,12,7,10,159
12.5,12,7,11,159
12.5,12,7,12,160
12.5,12,7,13,161
12.5,12,7,14,161
12.5,12,7,15,162
12.5,12,8,0,152
12.5,12,8,1,153
12.5,12,8,2,154
12.5,12,8,3,154
12.5,12,8,4,155
12.5,12,8,5,156
12.5,12,8,6,157
12.5,12,8,7,157
12.5,12,8,8,158
12.5,12,8,9,159
12.5,12,8,10,159
12.5,12,8,11,160
12.5,12,8,12,161
12.5,12,8,13,162
12.5,12,8,14,162
12.5,12,8,15,163
12.5,12,9,0,153
12.5,12,9,1,154
12.5,12,9,2,154
12.5,12,9,3,155
12.5,12,9,4,156
12.5,12,9,5,157
12.5,12,9,6,157
12.5,12,9,7,158
12.5,12,9,8,159
12.5,12,9,9,160
12.5,12,9,10,160
12.5,12,9,11,161
12.5,12,9,12,162
12.5,12,9,13,162
12.5,12,9,14,163
12.5,12,9,15,164
12.5,12,10,0,154
12.5,12,10,1,155
12.5,12,10,2,155
12.5,12,10,3,156
12.5,12,10,4,157
12.5,12,10,5,158
12.5,12,10,6,158
12.5,12,10,7,159
12.5,12,10,8,160
12.5,12,10,9,160
12.5,12,10,10,161
12.5,12,10,11,162
12.5,12,10,12,163
12.5,12,10,13,163
12.5,12,10,14,164
12.5,12,10,15,165
12.5,12,11,0,155
12.5,12,11,1,155
12.5,12,11,2,156
12.5,12,11,3,157
12.5,12,11,4,158
12.5,12,11,5,158
12.5,12,11,6,159
12.5,12,11,7,160
12.5,12,11,8,161
12.5,12,11,9,161
12.5,12,11,10,162
12.5,12,11,11,163
12.5,12,11,12,163
12.5,12,11,13,164
12.5,12,11,14,165
12.5,12,11,15,166
12.5,12,12,0,155
12.5,12,12,1,156
12.5,12,12,2,157
12.5,12,12,3,158
12.5,12,12,4,158
12.5,12,12,5,159
12.5,12,12,6,160
12.5,12,12,7,161
12.5,12,12,8,161
12.5,12,12,9,162
12.5,12,12,10,163
12.5,12,12,11,164
12.5,12,12,12,164
12.5,12,12,13,165
12.5,12,12,14,166
12.5,12,12,15,166
12.5,12,13,0,156
12.5,12,13,1,157
12.5,12,13,2,158
12.5,12,13,3,159
12.5,12,13,4,159
12.5,12,13,5,160
12.5,12,13,6,161
12.5,12,13,7,162
12.5,12,13,8,162
12.5,12,13,9,163
12.5,12,13,10,164
12.5,12,13,11,164
12.5,12,13,12,165
12.5,12,13,13,166
12.5,12,13,14,167
12.5,12,13,15,167
12.5,12,14,0,157
12.5,12,14,1,158
12.5,12,14,2,159
12.5,12,14,3,159
12.5,12,14,4,160
12.5,12,14,5,161
12.5,12,14,6,162
12.5,12,14,7,162
12.5,12,14,8,163
12.5,12,14,9,164
12.5,12,14,10,165
12.5,12,14,11,165
12.5,12,14,12,166
12.5,12,14,13,167
12.5,12,14,14,168
12.5,12,14,15,168
12.5,12,15,0,158
12.5,12,15,1,159
12.5,12,15,2,159
12.5,12,15,3,160
12.5,12,15,4,161
12.5,12,15,5,162
12.5,12,15,6,162
12.5,12,15,7,163
12.5,12,15,8,164
12.5,12,15,9,165
12.5,12,15,10,165
12.5,12,15,11,166
12.5,12,15,12,167
12.5,12,15,13,168
12.5,12,15,14,168
12.5,12,15,15,169
12.5,13,0,0,147
12.5,13,0,1,148
12.5,13,0,2,149
12.5,13,0,3,149
12.5,13,0,4,150
12.5,13,0,5,151
12.5,13,0,6,152
12.5,13,0,7,152
12.5,13,0,8,153
12.5,13,0,9,154
12.5,13,0,10,154
12.5,13,0,11,155
12.5,13,0,12,156
12.5,13,0,13,156
12.5,13,0,14,157
12.5,13,0,15,158
12.5,13,1,0,148
12.5,13,1,1,149
12.5,13,1,2,150
12.5,13,1,3,150
12.5,13,1,4,151
12.5,13,1,5,152
12.5,13,1,6,152
12.5,13,1,7,153
12.5,13,1,8,154
12.5,13,1,9,155
12.5,13,1,10,155
12.5,13,1,11,156
12.5,13,1,12,157
12.5,13,1,13,157
12.5,13,1,14,158
12.5,13,1,15,159
12.5,13,2,0,149
12.5,13,2,1,150
12.5,13,2,2,151
12.5,13,2,3,151
12.5,13,2,4,152
12.5,13,2,5,153
12.5,13,2,6,153
12.5,13,2,7,154
12.5,13,2,8,155
12.5,13,2,9,156
12.5,13,2,10,156
12.5,13,2,11,157
12.5,13,2,12,158
12.5,13,2,13,158
12.5,13,2,14,159
12.5,13,2,15,160
12.5,13,3,0,150
12.5,13,3,1,151
12.5,13,3,2,151
12.5,13,3,3,152
12.5,13,3,4,153
12.5,13,3,5,154
12.5,13,3,6,154
12.5,13,3,7,155
12.5,13,3,8,156
12.5,13,3,9,156
12.5,13,3,10,157
12.5,13,3,11,158
12.5,13,3,12,159
12.5,13,3,13,159
12.5,13,3,14,160
12.5,13,3,15,161
12.5,13,4,0,151
12.5,13,4,1,152
12.5,13,4,2,152
12.5,13,4,3,153
12.5,13,4,4,154
12.5,13,4,5,154
12.5,13,4,6,155
12.5,13,4,7,156
12.5,13,4,8,157
12.5,13,4,9,157
12.5,13,4,10,158
12.5,13,4,11,159
12.5,13,4,12,159
12.5,13,4,13,160
12.5,13,4,14,161
12.5,13,4,15,162
12.5,13,5,0,152
12.5,13,5,1,152
12.5,13,5,2,153
12.5,13,5,3,154
12.5,13,5,4,155
12.5,13,5,5,155
12.5,13,5,6,156
12.5,13,5,7,157
12.5,13,5,8,158
12.5,13,5,9,158
12.5,13,5,10,159
12.5,13,5,11,160
12.5,13,5,12,160
12.5,13,5,13,161
12.5,13,5,14,162
12.5,13,5,15,162
12.5,13,6,0,153
12.5,13,6,1,153
12.5,13,6,2,154
12.5,13,6,3,155
12.5,13,6,4,156
12.5,13,6,5,156
12.5,13,6,6,157
12.5,13,6,7,158
12.5,13,6,8,158
12.5,13,6,9,159
12.5,13,6,10,160
12.5,13,6,11,161
12.5,13,6,12,161
12.5,13,6,13,162
12.5,13,6,14,163
12.5,13,6,15,163
12.5,13,7,0,153
12.5,13,7,1,154
12.5,13,7,2,155
12.5,13,7,3,156
12.5,13,7,4,156
12.5,13,7,5,157
12.5,13,7,6,158
12.5,13,7,7,159
12.5,13,7,8,159
12.5,13,7,9,160
12.5,13,7,10,161
12.5,13,7,11,161
12.5,13,7,12,162
12.5,13,7,13,163
12.5,13,7,14,164
12.5,13,7,15,164
12.5,13,8,0,154
12.5,13,8,1,155
12.5,13,8,2,156
12.5,13,8,3,157
12.5,13,8,4,157
12.5,13,8,5,158
12.5,13,8,6,159
12.5,13,8,7,159
12.5,13,8,8,160
12.5,13,8,9,161
12.5,13,8,10,162
12.5,13,8,11,162
12.5,13,8,12,163
12.5,13,8,13,164
12.5,13,8,14,165
12.5,13,8,15,165
12.5,13,9,0,155
12.5,13,9,1,156
12.5,13,9,2,157
12.5,13,9,3,157
12.5,13,9,4,158
12.5,13,9,5,159
12.5,13,9,6,160
12.5,13,9,7,160
12.5,13,9,8,161
12.5,13,9,9,162
12.5,13,9,10,163
12.5,13,9,11,163
12.5,13,9,12,164
12.5,13,9,13,165
12.5,13,9,14,165
12.5,13,9,15,166
12.5,13,10,0,156
12.5,13,10,1,157
12.5,13,10,2,157
12.5,13,10,3,158
12.5,13,10,4,159
12.5,13,10,5,160
12.5,13,10,6,160
12.5,13,10,7,161
12.5,13,10,8,162
12.5,13,10,9,163
12.5,13,10,10,163
12.5,13,10,11,164
12.5,13,10,12,165
12.5,13,10,13,166
12.5,13,10,14,166
12.5,13,10,15,167
12.5,13,11,0,157
12.5,13,11,1,158
12.5,13,11,2,158
12.5,13,11,3,159
12.5,13,11,4,160
12.5,13,11,5,161
12.5,13,11,6,161
12.5,13,11,7,162
12.5,13,11,8,163
12.5,13,11,9,164
12.5,13,11,10,164
12.5,13,11,11,165
12.5,13,11,12,166
12.5,13,11,13,167
12.5,13,11,14,167
12.5,13,11,15,168
12.5,13,12,0,158
12.5,13,12,1,158
12.5,13,12,2,159
12.5,13,12,3,160
12.5,13,12,4,161
12.5,13,12,5,161
12.5,13,12,6,162
12.5,13,12,7,163
12.5,13,12,8,164
12.5,13,12,9,164
12.5,13,12,10,165
12.5,13,12,11,166
12.5,13,12,12,167
12.5,13,12,13,167
12.5,13,12,14,168
12.5,13,12,15,169
12.5,13,13,0,158
12.5,13,13,1,159
12.5,13,13,2,160
12.5,13,13,3,161
12.5,13,13,4,162
12.5,13,13,5,162
12.5,13,13,6,163
12.5,13,13,7,164
12.5,13,13,8,165
12.5,13,13,9,165
12.5,13,13,10,166
12.5,13,13,11,167
12.5,13,13,12,168
12.5,13,13,13,168
12.5,13,13,14,169
12.5,13,13,15,170
12.5,13,14,0,159
12.5,13,14,1,160
12.5,13,14,2,161
12.5,13,14,3,162
12.5,13,14,4,162
12.5,13,14,5,163
12.5,13,14,6,164
12.5,13,14,7,165
12.5,13,14,8,165
12.5,13,14,9,166
12.5,13,14,10,167
12.5,13,14,11,168
12.5,13,14,12,168
12.5,13,14,13,169
12.5,13,14,14,170
12.5,13,14,15,171
12.5,13,15,0,160
12.5,13,15,1,161
12.5,13,15,2,162
12.5,13,15,3,162
12.5,13,15,4,163
12.5,13,15,5,164
12.5,13,15,6,165
12.5,13,15,7,166
12.5,13,15,8,166
12.5,13,15,9,167
12.5,13,15,10,168
12.5,13,15,11,169
12.5,13,15,12,169
12.5,13,15,13,170
12.5,13,15,14,171
12.5,13,15,15,172
12.5,14,0,0,149
12.5,14,0,1,150
12.5,14,0,2,151
12.5,14,0,3,152
12.5,14,0,4,152
12.5,14,0,5,153
12.5,14,0,6,154
12.5,14,0,7,154
12.5,14,0,8,155
12.5,14,0,9,156
12.5,14,0,10,157
12.5,14,0,11,157
12.5,14,0,12,158
12.5,14,0,13,159
12.5,14,0,14,159
12.5,14,0,15,160
12.5,14,1,0,150
12.5,14,1,1,151
12.5,14,1,2,152
12.5,14,1,3,152
12.5,14,1,4,153
12.5,14,1,5,154
12.5,14,1,6,155
12.5,14,1,7,155
12.5,14,1,8,156
12.5,14,1,9,157
12.5,14,1,10,157
12.5,14,1,11,158
12.5,14,1,12,159
12.5,14,1,13,160
12.5,14,1,14,160
12.5,14,1,15,161
12.5,14,2,0,151
12.5,14,2,1,152
12.5,14,2,2,153
12.5,14,2,3,153
12.5,14,2,4,154
12.5,14,2,5,155
12.5,14,2,6,156
12.5,14,2,7,156
12.5,14,2,8,157
12.5,14,2,9,158
12.5,14,2,10,158
12.5,14,2,11,159
12.5,14,2,12,160
12.5,14,2,13,161
12.5,14,2,14,161
12.5,14,2,15,162
12.5,14,3,0,152
12.5,14,3,1,153
12.5,14,3,2,154
12.5,14,3,3,154
12.5,14,3,4,155
12.5,14,3,5,156
12.5,14,3,6,156
12.5,14,3,7,157
12.5,14,3,8,158
12.5,14,3,9,159
12.5,14,3,10,159
12.5,14,3,11,160
12.5,14,3,12,161
12.5,14,3,13,161
12.5,14,3,14,162
12.5,14,3,15,163
12.5,14,4,0,153
12.5,14,4,1,154
12.5,14,4,2,154
12.5,14,4,3,155
12.5,14,4,4,156
12.5,14,4,5,157
12.5,14,4,6,157
12.5,14,4,7,158
12.5,14,4,8,159
12.5,14,4,9,160
12.5,14,4,10,160
12.5,14,4,11,161
12.5,14,4,12,162
12.5,14,4,13,162
12.5,14,4,14,163
12.5,14,4,15,164
12.5,14,5,0,154
12.5,14,5,1,155
12.5,14,5,2,155
12.5,14,5,3,156
12.5,14,5,4,157
12.5,14,5,5,158
12.5,14,5,6,158
12.5,14,5,7,159
12.5,14,5,8,160
12.5,14,5,9,160
12.5,14,5,10,161
12.5,14,5,11,162
12.5,14,5,12,163
12.5,14,5,13,163
12.5,14,5,14,164
12.5,14,5,15,165
12.5,14,6,0,155
12.5,14,6,1,155
12.5,14,6,2,156
12.5,14,6,3,157
12.5,14,6,4,158
12.5,14,6,5,158
12.5,14,6,6,159
12.5,14,6,7,160
12.5,14,6,8,161
12.5,14,6,9,161
12.5,14,6,10,162
12.5,14,6,11,163
12.5,14,6,12,164
12.5,14,6,13,164
12.5,14,6,14,165
12.5,14,6,15,166
12.5,14,7,0,156
12.5,14,7,1,156
12.5,14,7,2,157
12.5,14,7,3,158
12.5,14,7,4,159
12.5,14,7,5,159
12.5,14,7,6,160
12.5,14,7,7,161
12.5,14,7,8,162
12.5,14,7,9,162
12.5,14,7,10,163
12.5,14,7,11,164
12.5,14,7,12,164
12.5,14,7,13,165
12.5,14,7,14,166
12.5,14,7,15,167
12.5,14,8,0,156
12.5,14,8,1,157
12.5,14,8,2,158
12.5,14,8,3,159
12.5,14,8,4,159
12.5,14,8,5,160
12.5,14,8,6,161
12.5,14,8,7,162
12.5,14,8,8,162
12.5,14,8,9,163
12.5,14,8,10,164
12.5,14,8,11,165
12.5,14,8,12,165
12.5,14,8,13,166
12.5,14,8,14,167
12.5,14,8,15,168
12.5,14,9,0,157
12.5,14,9,1,158
12.5,14,9,2,159
12.5,14,9,3,160
12.5,14,9,4,160
12.5,14,9,5,161
12.5,14,9,6,162
12.5,14,9,7,163
12.5,14,9,8,163
12.5,14,9,9,164
12.5,14,9,10,165
12.5,14,9,11,166
12.5,14,9,12,166
12.5,14,9,13,167
12.5,14,9,14,168
12.5,14,9,15,168
12.5,14,10,0,158
12.5,14,10,1,159
12.5,14,10,2,160
12.5,14,10,3,160
12.5,14,10,4,161
12.5,14,10,5,162
12.5,14,10,6,163
12.5,14,10,7,163
12.5,14,10,8,164
12.5,14,10,9,165
12.5,14,10,10,166
12.5,14,10,11,166
12.5,14,10,12,167
12.5,14,10,13,168
12.5,14,10,14,169
12.5,14,10,15,169
12.5,14,11,0,159
12.5,14,11,1,160
12.5,14,11,2,161
12.5,14,11,3,161
12.5,14,11,4,162
12.5,14,11,5,163
12.5,14,11,6,164
12.5,14,11,7,164
12.5,14,11,8,165
12.5,14,11,9,166
12.5,14,11,10,167
12.5,14,11,11,167
12.5,14,11,12,168
12.5,14,11,13,169
12.5,14,11,14,170
12.5,14,11,15,170
12.5,14,12,0,160
12.5,14,12,1,161
12.5,14,12,2,161
12.5,14,12,3,162
12.5,14,12,4,163
12.5,14,12,5,164
12.5,14,12,6,164
12.5,14,12,7,165
12.5,14,12,8,166
12.5,14,12,9,167
12.5,14,12,10,167
12.5,14,12,11,168
12.5,14,12,12,169
12.5,14,12,13,170
12.5,14,12,14,170
12.5,14,12,15,171
12.5,14,13,0,161
12.5,14,13,1,161
12.5,14,13,2,162
12.5,14,13,3,163
12.5,14,13,4,164
12.5,14,13,5,165
12.5,14,13,6,165
12.5,14,13,7,166
12.5,14,13,8,167
12.5,14,13,9,168
12.5,14,13,10,168
12.5,14,13,11,169
12.5,14,13,12,170
12.5,14,13,13,171
12.5,14,13,14,171
12.5,14,13,15,172
12.5,14,14,0,161
12.5,14,14,1,162
12.5,14,14,2,163
12.5,14,14,3,164
12.5,14,14,4,165
12.5,14,14,5,165
12.5,14,14,6,166
12.5,14,14,7,167
12.5,14,14,8,168
12.5,14,14,9,168
12.5,14,14,10,169
12.5,14,14,11,170
12.5,14,14,12,171
12.5,14,14,13,172
12.5,14,14,14,172
12.5,14,14,15,173
12.5,14,15,0,162
12.5,14,15,1,163
12.5,14,15,2,164
12.5,14,15,3,165
12.5,14,15,4,165
12.5,14,15,5,166
12.5,14,15,6,167
12.5,14,15,7,168
12.5,14,15,8,169
12.5,14,15,9,169
12.5,14,15,10,170
12.5,14,15,11,171
12.5,14,15,12,172
12.5,14,15,13,172
12.5,14,15,14,173
12.5,14,15,15,174
12.5,15,0,0,151
12.5,15,0,1,152
12.5,15,0,2,153
12.5,15,0,3,154
12.5,15,0,4,154
12.5,15,0,5,155
12.5,15,0,6,156
12.5,15,0,7,157
12.5,15,0,8,157
12.5,15,0,9,158
12.5,15,0,10,159
12.5,15,0,11,159
12.5,15,0,12,160
12.5,15,0,13,161
12.5,15,0,14,161
12.5,15,0,15,162
12.5,15,1,0,152
12.5,15,1,1,153
12.5,15,1,2,154
12.5,15,1,3,155
12.5,15,1,4,155
12.5,15,1,5,156
12.5,15,1,6,157
12.5,15,1,7,157
12.5,15,1,8,158
12.5,15,1,9,159
12.5,15,1,10,160
12.5,15,1,11,160
12.5,15,1,12,161
12.5,15,1,13,162
12.5,15,1,14,162
12.5,15,1,15,163
12.5,15,2,0,153
12.5,15,2,1,154
12.5,15,2,2,155
12.5,15,2,3,155
12.5,15,2,4,156
12.5,15,2,5,157
12.5,15,2,6,158
12.5,15,2,7,158
12.5,15,2,8,159
12.5,15,2,9,160
12.5,15,2,10,161
12.5,15,2,11,161
12.5,15,2,12,162
12.5,15,2,13,163
12.5,15,2,14,163
12.5,15,2,15,164
12.5,15,3,0,154
12.5,15,3,1,155
12.5,15,3,2,156
12.5,15,3,3,156
12.5,15,3,4,157
12.5,15,3,5,158
12.5,15,3,6,159
12.5,15,3,7,159
12.5,15,3,8,160
12.5,15,3,9,161
12.5,15,3,10,162
12.5,15,3,11,162
12.5,15,3,12,163
12.5,15,3,13,164
12.5,15,3,14,164
12.5,15,3,15,165
12.5,15,4,0,155
12.5,15,4,1,156
12.5,15,4,2,157
12.5,15,4,3,157
12.5,15,4,4,158
12.5,15,4,5,159
12.5,15,4,6,160
12.5,15,4,7,160
12.5,15,4,8,161
12.5,15,4,9,162
12.5,15,4,10,162
12.5,15,4,11,163
12.5,15,4,12,164
12.5,15,4,13,165
12.5,15,4,14,165
12.5,15,4,15,166
12.5,15,5,0,156
12.5,15,5,1,157
12.5,15,5,2,157
12.5,15,5,3,158
12.5,15,5,4,159
12.5,15,5,5,160
12.5,15,5,6,160
12.5,15,5,7,161
12.5,15,5,8,162
12.5,15,5,9,163
12.5,15,5,10,163
12.5,15,5,11,164
12.5,15,5,12,165
12.5,15,5,13,166
12.5,15,5,14,166
12.5,15,5,15,167
12.5,15,6,0,157
12.5,15,6,1,158
12.5,15,6,2,158
12.5,15,6,3,159
12.5,15,6,4,160
12.5,15,6,5,161
12.5,15,6,6,161
12.5,15,6,7,162
12.5,15,6,8,163
12.5,15,6,9,164
12.5,15,6,10,164
12.5,15,6,11,165
12.5,15,6,12,166
12.5,15,6,13,167
12.5,15,6,14,167
12.5,15,6,15,168
12.5,15,7,0,158
12.5,15,7,1,158
12.5,15,7,2,159
12.5,15,7,3,160
12.5,15,7,4,161
12.5,15,7,5,162
12.5,15,7,6,162
12.5,15,7,7,163
12.5,15,7,8,164
12.5,15,7,9,165
12.5,15,7,10,165
12.5,15,7,11,166
12.5,15,7,12,167
12.5,15,7,13,167
12.5,15,7,14,168
12.5,15,7,15,169
12.5,15,8,0,159
12.5,15,8,1,159
12.5,15,8,2,160
12.5,15,8,3,161
12.5,15,8,4,162
12.5,15,8,5,162
12.5,15,8,6,163
12.5,15,8,7,164
12.5,15,8,8,165
12.5,15,8,9,165
12.5,15,8,10,166
12.5,15,8,11,167
12.5,15,8,12,168
12.5,15,8,13,168
12.5,15,8,14,169
12.5,15,8,15,170
12.5,15,9,0,159
12.5,15,9,1,160
12.5,15,9,2,161
12.5,15,9,3,162
12.5,15,9,4,163
12.5,15,9,5,163
12.5,15,9,6,164
12.5,15,9,7,165
12.5,15,9,8,166
12.5,15,9,9,166
12.5,15,9,10,167
12.5,15,9,11,168
12.5,15,9,12,169
12.5,15,9,13,169
12.5,15,9,14,170
12.5,15,9,15,171
12.5,15,10,0,160
12.5,15,10,1,161
12.5,15,10,2,162
12.5,15,10,3,163
12.5,15,10,4,163
12.5,15,10,5,164
12.5,15,10,6,165
12.5,15,10,7,166
12.5,15,10,8,166
12.5,15,10,9,167
12.5,15,10,10,168
12.5,15,10,11,169
12.5,15,10,12,169
12.5,15,10,13,170
12.5,15,10,14,171
12.5,15,10,15,172
12.5,15,11,0,161
12.5,15,11,1,162
12.5,15,11,2,163
12.5,15,11,3,164
12.5,15,11,4,164
12.5,15,11,5,165
12.5,15,11,6,166
12.5,15,11,7,167
12.5,15,11,8,167
12.5,15,11,9,168
12.5,15,11,10,169
12.5,15,11,11,170
12.5,15,11,12,170
12.5,15,11,13,171
12.5,15,11,14,172
12.5,15,11,15,173
12.5,15,12,0,162
12.5,15,12,1,163
12.5,15,12,2,164
12.5,15,12,3,164
12.5,15,12,4,165
12.5,15,12,5,166
12.5,15,12,6,167
12.5,15,12,7,167
12.5,15,12,8,168
12.5,15,12,9,169
12.5,15,12,10,170
12.5,15,12,11,171
12.5,15,12,12,171
12.5,15,12,13,172
12.5,15,12,14,173
12.5,15,12,15,174
12.5,15,13,0,163
12.5,15,13,1,164
12.5,15,13,2,164
12.5,15,13,3,165
12.5,15,13,4,166
12.5,15,13,5,167
12.5,15,13,6,168
12.5,15,13,7,168
12.5,15,13,8,169
12.5,15,13,9,170
12.5,15,13,10,171
12.5,15,13,11,171
12.5,15,13,12,172
12.5,15,13,13,173
12.5,15,13,14,174
12.5,15,13,15,174
12.5,15,14,0,164
12.5,15,14,1,165
12.5,15,14,2,165
12.5,15,14,3,166
12.5,15,14,4,167
12.5,15,14,5,168
12.5,15,14,6,168
12.5,15,14,7,169
12.5,15,14,8,170
12.5,15,14,9,171
12.5,15,14,10,172
12.5,15,14,11,172
12.5,15,14,12,173
12.5,15,14,13,174
12.5,15,14,14,175
12.5,15,14,15,175
12.5,15,15,0,165
12.5,15,15,1,165
12.5,15,15,2,166
12.5,15,15,3,167
12.5,15,15,4,168
12.5,15,15,5,169
12.5,15,15,6,169
12.5,15,15,7,170
12.5,15,15,8,171
12.5,15,15,9,172
12.5,15,15,10,172
12.5,15,15,11,173
12.5,15,15,12,174
12.5,15,15,13,175
12.5,15,15,14,176
12.5,15,15,15,176
13.0,0,0,0,125
13.0,0,0,1,126
13.0,0,0,2,127
13.0,0,0,3,127
13.0,0,0,4,128
13.0,0,0,5,129
13.0,0,0,6,129
13.0,0,0,7,130
13.0,0,0,8,130
13.0,0,0,9,131
13.0,0,0,10,131
13.0,0,0,11,132
13.0,0,0,12,133
13.0,0,0,13,133
13.0,0,0,14,134
13.0,0,0,15,134
13.0,0,1,0,126
13.0,0,1,1,127
13.0,0,1,2,127
13.0,0,1,3,128
13.0,0,1,4,129
13.0,0,1,5,129
13.0,0,1,6,130
13.0,0,1,7,130
13.0,0,1,8,131
13.0,0,1,9,132
13.0,0,1,10,132
13.0,0,1,11,133
13.0,0,1,12,133
13.0,0,1,13,134
13.0,0,1,14,135
13.0,0,1,15,135
13.0,0,2,0,127
13.0,0,2,1,128
13.0,0,2,2,128
13.0,0,2,3,129
13.0,0,2,4,129
13.0,0,2,5,130
13.0,0,2,6,131
13.0,0,2,7,131
13.0,0,2,8,132
13.0,0,2,9,132
13.0,0,2,10,133
13.0,0,2,11,134
13.0,0,2,12,134
13.0,0,2,13,135
13.0,0,2,14,135
13.0,0,2,15,136
13.0,0,3,0,128
13.0,0,3,1,128
13.0,0,3,2,129
13.0,0,3,3,130
13.0,0,3,4,130
13.0,0,3,5,131
13.0,0,3,6,131
13.0,0,3,7,132
13.0,0,3,8,133
13.0,0,3,9,133
13.0,0,3,10,134
13.0,0,3,11,134
13.0,0,3,12,135
13.0,0,3,13,136
13.0,0,3,14,136
13.0,0,3,15,137
13.0,0,4,0,128
13.0,0,4,1,129
13.0,0,4,2,130
13.0,0,4,3,130
13.0,0,4,4,131
13.0,0,4,5,132
13.0,0,4,6,132
13.0,0,4,7,133
13.0,0,4,8,133
13.0,0,4,9,134
13.0,0,4,10,135
13.0,0,4,11,135
13.0,0,4,12,136
13.0,0,4,13,136
13.0,0,4,14,137
13.0,0,4,15,138
13.0,0,5,0,129
13.0,0,5,1,130
13.0,0,5,2,130
13.0,0,5,3,131
13.0,0,5,4,132
13.0,0,5,5,132
13.0,0,5,6,133
13.0,0,5,7,134
13.0,0,5,8,134
13.0,0,5,9,135
13.0,0,5,10,135
13.0,0,5,11,136
13.0,0,5,12,137
13.0,0,5,13,137
13.0,0,5,14,138
13.0,0,5,15,138
13.0,0,6,0,130
13.0,0,6,1,131
13.0,0,6,2,131
13.0,0,6,3,132
13.0,0,6,4,132
13.0,0,6,5,133
13.0,0,6,6,134
13.0,0,6,7,134
13.0,0,6,8,135
13.0,0,6,9,136
13.0,0,6,10,136
13.0,0,6,11,137
13.0,0,6,12,137
13.0,0,6,13,138
13.0,0,6,14,139
13.0,0,6,15,139
13.0,0,7,0,131
13.0,0,7,1,131
13.0,0,7,2,132
13.0,0,7,3,133
13.0,0,7,4,133
13.0,0,7,5,134
13.0,0,7,6,134
13.0,0,7,7,135
13.0,0,7,8,136
13.0,0,7,9,136
13.0,0,7,10,137
13.0,0,7,11,138
13.0,0,7,12,138
13.0,0,7,13,139
13.0,0,7,14,139
13.0,0,7,15,140
13.0,0,8,0,131
13.0,0,8,1,132
13.0,0,8,2,133
13.0,0,8,3,133
13.0,0,8,4,134
13.0,0,8,5,135
13.0,0,8,6,135
13.0,0,8,7,136
13.0,0,8,8,136
13.0,0,8,9,137
13.0,0,8,10,138
13.0,0,8,11,138
13.0,0,8,12,139
13.0,0,8,13,140
13.0,0,8,14,140
13.0,0,8,15,141
13.0,0,9,0,132
13.0,0,9,1,133
13.0,0,9,2,133
13.0,0,9,3,134
13.0,0,9,4,135
13.0,0,9,5,135
13.0,0,9,6,136
13.0,0,9,7,137
13.0,0,9,8,137
13.0,0,9,9,138
13.0,0,9,10,138
13.0,0,9,11,139
13.0,0,9,12,140
13.0,0,9,13,140
13.0,0,9,14,141
13.0,0,9,15,142
13.0,0,10,0,133
13.0,0,10,1,133
13.0,0,10,2,134
13.0,0,10,3,135
13.0,0,10,4,135
13.0,0,10,5,136
13.0,0,10,6,137
13.0,0,10,7,137
13.0,0,10,8,138
13.0,0,10,9,139
13.0,0,10,10,139
13.0,0,10,11,140
13.0,0,10,12,140
13.0,0,10,13,141
13.0,0,10,14,142
13.0,0,10,15,142
13.0,0,11,0,134
13.0,0,11,1,134
13.0,0,11,2,135
13.0,0,11,3,135
13.0,0,11,4,136
13.0,0,11,5,137
13.0,0,11,6,137
13.0,0,11,7,138
13.0,0,11,8,139
13.0,0,11,9,139
13.0,0,11,10,140
13.0,0,11,11,141
13.0,0,11,12,141
13.0,0,11,13,142
13.0,0,11,14,142
13.0,0,11,15,143
13.0,0,12,0,134
13.0,0,12,1,135
13.0,0,12,2,136
13.0,0,12,3,136
13.0,0,12,4,137
13.0,0,12,5,138
13.0,0,12,6,138
13.0,0,12,7,139
13.0,0,12,8,139
13.0,0,12,9,140
13.0,0,12,10,141
13.0,0,12,11,141
13.0,0,12,12,142
13.0,0,12,13,143
13.0,0,12,14,143
13.0,0,12,15,144
13.0,0,13,0,135
13.0,0,13,1,136
13.0,0,13,2,136
13.0,0,13,3,137
13.0,0,13,4,138
13.0,0,13,5,138
13.0,0,13,6,139
13.0,0,13,7,140
13.0,0,13,8,140
13.0,0,13,9,141
13.0,0,13,10,141
13.0,0,13,11,142
13.0,0,13,12,143
13.0,0,13,13,143
13.0,0,13,14,144
13.0,0,13,15,145
13.0,0,14,0,136
13.0,0,14,1,136
13.0,0,14,2,137
13.0,0,14,3,138
13.0,0,14,4,138
13.0,0,14,5,139
13.0,0,14,6,140
13.0,0,14,7,140
13.0,0,14,8,141
13.0,0,14,9,142
13.0,0,14,10,142
13.0,0,14,11,143
13.0,0,14,12,143
13.0,0,14,13,144
13.0,0,14,14,145
13.0,0,14,15,145
13.0,0,15,0,136
13.0,0,15,1,137
13.0,0,15,2,138
13.0,0,15,3,138
13.0,0,15,4,139
13.0,0,15,5,140
13.0,0,15,6,140
13.0,0,15,7,141
13.0,0,15,8,142
13.0,0,15,9,142
13.0,0,15,10,143
13.0,0,15,11,144
13.0,0,15,12,144
13.0,0,15,13,145
13.0,0,15,14,145
13.0,0,15,15,146
13.0,1,0,0,128
13.0,1,0,1,128
13.0,1,0,2,129
13.0,1,0,3,129
13.0,1,0,4,130
13.0,1,0,5,131
13.0,1,0,6,131
13.0,1,0,7,132
13.0,1,0,8,133
13.0,1,0,9,133
13.0,1,0,10,134
13.0,1,0,11,134
13.0,1,0,12,135
13.0,1,0,13,136
13.0,1,0,14,136
13.0,1,0,15,137
13.0,1,1,0,128
13.0,1,1,1,129
13.0,1,1,2,130
13.0,1,1,3,130
13.0,1,1,4,131
13.0,1,1,5,131
13.0,1,1,6,132
13.0,1,1,7,133
13.0,1,1,8,133
13.0,1,1,9,134
13.0,1,1,10,135
13.0,1,1,11,135
13.0,1,1,12,136
13.0,1,1,13,136
13.0,1,1,14,137
13.0,1,1,15,138
13.0,1,2,0,129
13.0,1,2,1,130
13.0,1,2,2,130
13.0,1,2,3,131
13.0,1,2,4,132
13.0,1,2,5,132
13.0,1,2,6,133
13.0,1,2,7,133
13.0,1,2,8,134
13.0,1,2,9,135
13.0,1,2,10,135
13.0,1,2,11,136
13.0,1,2,12,137
13.0,1,2,13,137
13.0,1,2,14,138
13.0,1,2,15,138
13.0,1,3,0,130
13.0,1,3,1,131
13.0,1,3,2,131
13.0,1,3,3,132
13.0,1,3,4,132
13.0,1,3,5,133
13.0,1,3,6,134
13.0,1,3,7,134
13.0,1,3,8,135
13.0,1,3,9,136
13.0,1,3,10,136
13.0,1,3,11,137
13.0,1,3,12,137
13.0,1,3,13,138
13.0,1,3,14,139
13.0,1,3,15,139
13.0,1,4,0,131
13.0,1,4,1,131
13.0,1,4,2,132
13.0,1,4,3,133
13.0,1,4,4,133
13.0,1,4,5,134
13.0,1,4,6,134
13.0,1,4,7,135
13.0,1,4,8,136
13.0,1,4,9,136
13.0,1,4,10,137
13.0,1,4,11,138
13.0,1,4,12,138
13.0,1,4,13,139
13.0,1,4,14,139
13.0,1,4,15,140
13.0,1,5,0,131
13.0,1,5,1,132
13.0,1,5,2,133
13.0,1,5,3,133
13.0,1,5,4,134
13.0,1,5,5,135
13.0,1,5,6,135
13.0,1,5,7,136
13.0,1,5,8,136
13.0,1,5,9,137
13.0,1,5,10,138
13.0,1,5,11,138
13.0,1,5,12,139
13.0,1,5,13,140
13.0,1,5,14,140
13.0,1,5,15,141
13.0,1,6,0,132
13.0,1,6,1,133
13.0,1,6,2,133
13.0,1,6,3,134
13.0,1,6,4,135
13.0,1,6,5,135
13.0,1,6,6,136
13.0,1,6,7,137
13.0,1,6,8,137
13.0,1,6,9,138
13.0,1,6,10,138
13.0,1,6,11,139
13.0,1,6,12,140
13.0,1,6,13,140
13.0,1,6,14,141
13.0,1,6,15,142
13.0,1,7,0,133
13.0,1,7,1,134
13.0,1,7,2,134
13.0,1,7,3,135
13.0,1,7,4,135
13.0,1,7,5,136
13.0,1,7,6,137
13.0,1,7,7,137
13.0,1,7,8,138
13.0,1,7,9,139
13.0,1,7,10,139
13.0,1,7,11,140
13.0,1,7,12,141
13.0,1,7,13,141
13.0,1,7,14,142
13.0,1,7,15,142
13.0,1,8,0,134
13.0,1,8,1,134
13.0,1,8,2,135
13.0,1,8,3,136
13.0,1,8,4,136
13.0,1,8,5,137
13.0,1,8,6,138
13.0,1,8,7,138
13.0,1,8,8,139
13.0,1,8,9,139
13.0,1,8,10,140
13.0,1,8,11,141
13.0,1,8,12,141
13.0,1,8,13,142
13.0,1,8,14,143
13.0,1,8,15,143
13.0,1,9,0,134
13.0,1,9,1,135
13.0,1,9,2,136
13.0,1,9,3,136
13.0,1,9,4,137
13.0,1,9,5,138
13.0,1,9,6,138
13.0,1,9,7,139
13.0,1,9,8,140
13.0,1,9,9,140
13.0,1,9,10,141
13.0,1,9,11,141
13.0,1,9,12,142
13.0,1,9,13,143
13.0,1,9,14,143
13.0,1,9,15,144
13.0,1,10,0,135
13.0,1,10,1,136
13.0,1,10,2,136
13.0,1,10,3,137
13.0,1,10,4,138
13.0,1,10,5,138
13.0,1,10,6,139
13.0,1,10,7,140
13.0,1,10,8,140
13.0,1,10,9,141
13.0,1,10,10,142
13.0,1,10,11,142
13.0,1,10,12,143
13.0,1,10,13,143
13.0,1,10,14,144
13.0,1,10,15,145
13.0,1,11,0,136
13.0,1,11,1,136
13.0,1,11,2,137
13.0,1,11,3,138
13.0,1,11,4,138
13.0,1,11,5,139
13.0,1,11,6,140
13.0,1,11,7,140
13.0,1,11,8,141
13.0,1,11,9,142
13.0,1,11,10,142
13.0,1,11,11,143
13.0,1,11,12,144
13.0,1,11,13,144
13.0,1,11,14,145
13.0,1,11,15,145
13.0,1,12,0,137
13.0,1,12,1,137
13.0,1,12,2,138
13.0,1,12,3,139
13.0,1,12,4,139
13.0,1,12,5,140
13.0,1,12,6,141
13.0,1,12,7,141
13.0,1,12,8,142
13.0,1,12,9,142
13.0,1,12,10,143
13.0,1,12,11,144
13.0,1,12,12,144
13.0,1,12,13,145
13.0,1,12,14,146
13.0,1,12,15,146
13.0,1,13,0,137
13.0,1,13,1,138
13.0,1,13,2,139
13.0,1,13,3,139
13.0,1,13,4,140
13.0,1,13,5,141
13.0,1,13,6,141
13.0,1,13,7,142
13.0,1,13,8,143
13.0,1,13,9,143
13.0,1,13,10,144
13.0,1,13,11,144
13.0,1,13,12,145
13.0,1,13,13,146
13.0,1,13,14,146
13.0,1,13,15,147
13.0,1,14,0,138
13.0,1,14,1,139
13.0,1,14,2,139
13.0,1,14,3,140
13.0,1,14,4,141
13.0,1,14,5,141
13.0,1,14,6,142
13.0,1,14,7,143
13.0,1,14,8,143
13.0,1,14,9,144
13.0,1,14,10,145
13.0,1,14,11,145
13.0,1,14,12,146
13.0,1,14,13,147
13.0,1,14,14,147
13.0,1,14,15,148
13.0,1,15,0,139
13.0,1,15,1,139
13.0,1,15,2,140
13.0,1,15,3,141
13.0,1,15,4,141
13.0,1,15,5,142
13.0,1,15,6,143
13.0,1,15,7,143
13.0,1,15,8,144
13.0,1,15,9,145
13.0,1,15,10,145
13.0,1,15,11,146
13.0,1,15,12,147
13.0,1,15,13,147
13.0,1,15,14,148
13.0,1,15,15,149
13.0,2,0,0,130
13.0,2,0,1,130
13.0,2,0,2,131
13.0,2,0,3,132
13.0,2,0,4,132
13.0,2,0,5,133
13.0,2,0,6,134
13.0,2,0,7,134
13.0,2,0,8,135
13.0,2,0,9,135
13.0,2,0,10,136
13.0,2,0,11,137
13.0,2,0,12,137
13.0,2,0,13,138
13.0,2,0,14,138
13.0,2,0,15,139
13.0,2,1,0,131
13.0,2,1,1,131
13.0,2,1,2,132
13.0,2,1,3,132
13.0,2,1,4,133
13.0,2,1,5,134
13.0,2,1,6,134
13.0,2,1,7,135
13.0,2,1,8,136
13.0,2,1,9,136
13.0,2,1,10,137
13.0,2,1,11,137
13.0,2,1,12,138
13.0,2,1,13,139
13.0,2,1,14,139
13.0,2,1,15,140
13.0,2,2,0,131
13.0,2,2,1,132
13.0,2,2,2,133
13.0,2,2,3,133
13.0,2,2,4,134
13.0,2,2,5,134
13.0,2,2,6,135
13.0,2,2,7,136
13.0,2,2,8,136
13.0,2,2,9,137
13.0,2,2,10,138
13.0,2,2,11,138
13.0,2,2,12,139
13.0,2,2,13,139
13.0,2,2,14,140
13.0,2,2,15,141
13.0,2,3,0,132
13.0,2,3,1,133
13.0,2,3,2,133
13.0,2,3,3,134
13.0,2,3,4,135
13.0,2,3,5,135
13.0,2,3,6,136
13.0,2,3,7,137
13.0,2,3,8,137
13.0,2,3,9,138
13.0,2,3,10,138
13.0,2,3,11,139
13.0,2,3,12,140
13.0,2,3,13,140
13.0,2,3,14,141
13.0,2,3,15,141
13.0,2,4,0,133
13.0,2,4,1,133
13.0,2,4,2,134
13.0,2,4,3,135
13.0,2,4,4,135
13.0,2,4,5,136
13.0,2,4,6,137
13.0,2,4,7,137
13.0,2,4,8,138
13.0,2,4,9,139
13.0,2,4,10,139
13.0,2,4,11,140
13.0,2,4,12,140
13.0,2,4,13,141
13.0,2,4,14,142
13.0,2,4,15,142
13.0,2,5,0,134
13.0,2,5,1,134
13.0,2,5,2,135
13.0,2,5,3,136
13.0,2,5,4,136
13.0,2,5,5,137
13.0,2,5,6,137
13.0,2,5,7,138
13.0,2,5,8,139
13.0,2,5,9,139
13.0,2,5,10,140
13.0,2,5,11,141
13.0,2,5,12,141
13.0,2,5,13,142
13.0,2,5,14,142
13.0,2,5,15,143
13.0,2,6,0,134
13.0,2,6,1,135
13.0,2,6,2,136
13.0,2,6,3,136
13.0,2,6,4,137
13.0,2,6,5,138
13.0,2,6,6,138
13.0,2,6,7,139
13.0,2,6,8,140
13.0,2,6,9,140
13.0,2,6,10,141
13.0,2,6,11,141
13.0,2,6,12,142
13.0,2,6,13,143
13.0,2,6,14,143
13.0,2,6,15,144
13.0,2,7,0,135
13.0,2,7,1,136
13.0,2,7,2,136
13.0,2,7,3,137
13.0,2,7,4,138
13.0,2,7,5,138
13.0,2,7,6,139
13.0,2,7,7,140
13.0,2,7,8,140
13.0,2,7,9,141
13.0,2,7,10,142
13.0,2,7,11,142
13.0,2,7,12,143
13.0,2,7,13,143
13.0,2,7,14,144
13.0,2,7,15,145
13.0,2,8,0,136
13.0,2,8,1,137
13.0,2,8,2,137
13.0,2,8,3,138
13.0,2,8,4,139
13.0,2,8,5,139
13.0,2,8,6,140
13.0,2,8,7,140
13.0,2,8,8,141
13.0,2,8,9,142
13.0,2,8,10,142
13.0,2,8,11,143
13.0,2,8,12,144
13.0,2,8,13,144
13.0,2,8,14,145
13.0,2,8,15,146
13.0,2,9,0,137
13.0,2,9,1,137
13.0,2,9,2,138
13.0,2,9,3,139
13.0,2,9,4,139
13.0,2,9,5,140
13.0,2,9,6,141
13.0,2,9,7,141
13.0,2,9,8,142
13.0,2,9,9,143
13.0,2,9,10,143
13.0,2,9,11,144
13.0,2,9,12,144
13.0,2,9,13,145
13.0,2,9,14,146
13.0,2,9,15,146
13.0,2,10,0,137
13.0,2,10,1,138
13.0,2,10,2,139
13.0,2,10,3,139
13.0,2,10,4,140
13.0,2,10,5,141
13.0,2,10,6,141
13.0,2,10,7,142
13.0,2,10,8,143
13.0,2,10,9,143
13.0,2,10,10,144
13.0,2,10,11,145
13.0,2,10,12,145
13.0,2,10,13,146
13.0,2,10,14,147
13.0,2,10,15,147
13.0,2,11,0,138
13.0,2,11,1,139
13.0,2,11,2,139
13.0,2,11,3,140
13.0,2,11,4,141
13.0,2,11,5,141
13.0,2,11,6,142
13.0,2,11,7,143
13.0,2,11,8,143
13.0,2,11,9,144
13.0,2,11,10,145
13.0,2,11,11,145
13.0,2,11,12,146
13.0,2,11,13,147
13.0,2,11,14,147
13.0,2,11,15,148
13.0,2,12,0,139
13.0,2,12,1,140
13.0,2,12,2,140
13.0,2,12,3,141
13.0,2,12,4,142
13.0,2,12,5,142
13.0,2,12,6,143
13.0,2,12,7,144
13.0,2,12,8,144
13.0,2,12,9,145
13.0,2,12,10,145
13.0,2,12,11,146
13.0,2,12,12,147
13.0,2,12,13,147
13.0,2,12,14,148
13.0,2,12,15,149
13.0,2,13,0,140
13.0,2,13,1,140
13.0,2,13,2,141
13.0,2,13,3,142
13.0,2,13,4,142
13.0,2,13,5,143
13.0,2,13,6,144
13.0,2,13,7,144
13.0,2,13,8,145
13.0,2,13,9,146
13.0,2,13,10,146
13.0,2,13,11,147
13.0,2,13,12,148
13.0,2,13,13,148
13.0,2,13,14,149
13.0,2,13,15,149
13.0,2,14,0,140
13.0,2,14,1,141
13.0,2,14,2,142
13.0,2,14,3,142
13.0,2,14,4,143
13.0,2,14,5,144
13.0,2,14,6,144
13.0,2,14,7,145
13.0,2,14,8,146
13.0,2,14,9,146
13.0,2,14,10,147
13.0,2,14,11,148
13.0,2,14,12,148
13.0,2,14,13,149
13.0,2,14,14,150
13.0,2,14,15,150
13.0,2,15,0,141
13.0,2,15,1,142
13.0,2,15,2,142
13.0,2,15,3,143
13.0,2,15,4,144
13.0,2,15,5,144
13.0,2,15,6,145
13.0,2,15,7,146
13.0,2,15,8,146
13.0,2,15,9,147
13.0,2,15,10,148
13.0,2,15,11,148
13.0,2,15,12,149
13.0,2,15,13,150
13.0,2,15,14,150
13.0,2,15,15,151
13.0,3,0,0,132
13.0,3,0,1,133
13.0,3,0,2,133
13.0,3,0,3,134
13.0,3,0,4,134
13.0,3,0,5,135
13.0,3,0,6,136
13.0,3,0,7,136
13.0,3,0,8,137
13.0,3,0,9,138
13.0,3,0,10,138
13.0,3,0,11,139
13.0,3,0,12,139
13.0,3,0,13,140
13.0,3,0,14,141
13.0,3,0,15,141
13.0,3,1,0,133
13.0,3,1,1,133
13.0,3,1,2,134
13.0,3,1,3,135
13.0,3,1,4,135
13.0,3,1,5,136
13.0,3,1,6,137
13.0,3,1,7,137
13.0,3,1,8,138
13.0,3,1,9,138
13.0,3,1,10,139
13.0,3,1,11,140
13.0,3,1,12,140
13.0,3,1,13,141
13.0,3,1,14,141
13.0,3,1,15,142
13.0,3,2,0,133
13.0,3,2,1,134
13.0,3,2,2,135
13.0,3,2,3,135
13.0,3,2,4,136
13.0,3,2,5,137
13.0,3,2,6,137
13.0,3,2,7,138
13.0,3,2,8,139
13.0,3,2,9,139
13.0,3,2,10,140
13.0,3,2,11,140
13.0,3,2,12,141
13.0,3,2,13,142
13.0,3,2,14,142
13.0,3,2,15,143
13.0,3,3,0,134
13.0,3,3,1,135
13.0,3,3,2,136
13.0,3,3,3,136
13.0,3,3,4,137
13.0,3,3,5,137
13.0,3,3,6,138
13.0,3,3,7,139
13.0,3,3,8,139
13.0,3,3,9,140
13.0,3,3,10,141
13.0,3,3,11,141
13.0,3,3,12,142
13.0,3,3,13,143
13.0,3,3,14,143
13.0,3,3,15,144
13.0,3,4,0,135
13.0,3,4,1,136
13.0,3,4,2,136
13.0,3,4,3,137
13.0,3,4,4,138
13.0,3,4,5,138
13.0,3,4,6,139
13.0,3,4,7,140
13.0,3,4,8,140
13.0,3,4,9,141
13.0,3,4,10,141
13.0,3,4,11,142
13.0,3,4,12,143
13.0,3,4,13,143
13.0,3,4,14,144
13.0,3,4,15,145
13.0,3,5,0,136
13.0,3,5,1,136
13.0,3,5,2,137
13.0,3,5,3,138
13.0,3,5,4,138
13.0,3,5,5,139
13.0,3,5,6,140
13.0,3,5,7,140
13.0,3,5,8,141
13.0,3,5,9,142
13.0,3,5,10,142
13.0,3,5,11,143
13.0,3,5,12,144
13.0,3,5,13,144
13.0,3,5,14,145
13.0,3,5,15,145
13.0,3,6,0,137
13.0,3,6,1,137
13.0,3,6,2,138
13.0,3,6,3,139
13.0,3,6,4,139
13.0,3,6,5,140
13.0,3,6,6,141
13.0,3,6,7,141
13.0,3,6,8,142
13.0,3,6,9,142
13.0,3,6,10,143
13.0,3,6,11,144
13.0,3,6,12,144
13.0,3,6,13,145
13.0,3,6,14,146
13.0,3,6,15,146
13.0,3,7,0,137
13.0,3,7,1,138
13.0,3,7,2,139
13.0,3,7,3,139
13.0,3,7,4,140
13.0,3,7,5,141
13.0,3,7,6,141
13.0,3,7,7,142
13.0,3,7,8,143
13.0,3,7,9,143
13.0,3,7,10,144
13.0,3,7,11,145
13.0,3,7,12,145
13.0,3,7,13,146
13.0,3,7,14,146
13.0,3,7,15,147
13.0,3,8,0,138
13.0,3,8,1,139
13.0,3,8,2,139
13.0,3,8,3,140
13.0,3,8,4,141
13.0,3,8,5,141
13.0,3,8,6,142
13.0,3,8,7,143
13.0,3,8,8,143
13.0,3,8,9,144
13.0,3,8,10,145
13.0,3,8,11,145
13.0,3,8,12,146
13.0,3,8,13,147
13.0,3,8,14,147
13.0,3,8,15,148
13.0,3,9,0,139
13.0,3,9,1,140
13.0,3,9,2,140
13.0,3,9,3,141
13.0,3,9,4,142
13.0,3,9,5,142
13.0,3,9,6,143
13.0,3,9,7,144
13.0,3,9,8,144
13.0,3,9,9,145
13.0,3,9,10,146
13.0,3,9,11,146
13.0,3,9,12,147
13.0,3,9,13,147
13.0,3,9,14,148
13.0,3,9,15,149
13.0,3,10,0,140
13.0,3,10,1,140
13.0,3,10,2,141
13.0,3,10,3,142
13.0,3,10,4,142
13.0,3,10,5,143
13.0,3,10,6,144
13.0,3,10,7,144
13.0,3,10,8,145
13.0,3,10,9,146
13.0,3,10,10,146
13.0,3,10,11,147
13.0,3,10,12,148
13.0,3,10,13,148
13.0,3,10,14,149
13.0,3,10,15,150
13.0,3,11,0,140
13.0,3,11,1,141
13.0,3,11,2,142
13.0,3,11,3,142
13.0,3,11,4,143
13.0,3,11,5,144
13.0,3,11,6,144
13.0,3,11,7,145
13.0,3,11,8,146
13.0,3,11,9,146
13.0,3,11,10,147
13.0,3,11,11,148
13.0,3,11,12,148
13.0,3,11,13,149
13.0,3,11,14,150
13.0,3,11,15,150
13.0,3,12,0,141
13.0,3,12,1,142
13.0,3,12,2,142
13.0,3,12,3,143
13.0,3,12,4,144
13.0,3,12,5,145
13.0,3,12,6,145
13.0,3,12,7,146
13.0,3,12,8,147
13.0,3,12,9,147
13.0,3,12,10,148
13.0,3,12,11,149
13.0,3,12,12,149
13.0,3,12,13,150
13.0,3,12,14,151
13.0,3,12,15,151
13.0,3,13,0,142
13.0,3,13,1,143
13.0,3,13,2,143
13.0,3,13,3,144
13.0,3,13,4,145
13.0,3,13,5,145
13.0,3,13,6,146
13.0,3,13,7,147
13.0,3,13,8,147
13.0,3,13,9,148
13.0,3,13,10,149
13.0,3,13,11,149
13.0,3,13,12,150
13.0,3,13,13,151
13.0,3,13,14,151
13.0,3,13,15,152
13.0,3,14,0,143
13.0,3,14,1,143
13.0,3,14,2,144
13.0,3,14,3,145
13.0,3,14,4,145
13.0,3,14,5,146
13.0,3,14,6,147
13.0,3,14,7,147
13.0,3,14,8,148
13.0,3,14,9,149
13.0,3,14,10,149
13.0,3,14,11,150
13.0,3,14,12,151
13.0,3,14,13,151
13.0,3,14,14,152
13.0,3,14,15,153
13.0,3,15,0,143
13.0,3,15,1,144
13.0,3,15,2,145
13.0,3,15,3,145
13.0,3,15,4,146
13.0,3,15,5,147
13.0,3,15,6,147
13.0,3,15,7,148
13.0,3,15,8,149
13.0,3,15,9,150
13.0,3,15,10,150
13.0,3,15,11,151
13.0,3,15,12,152
13.0,3,15,13,152
13.0,3,15,14,153
13.0,3,15,15,154
13.0,4,0,0,134
13.0,4,0,1,135
13.0,4,0,2,135
13.0,4,0,3,136
13.0,4,0,4,137
13.0,4,0,5,137
13.0,4,0,6,138
13.0,4,0,7,139
13.0,4,0,8,139
13.0,4,0,9,140
13.0,4,0,10,140
13.0,4,0,11,141
13.0,4,0,12,142
13.0,4,0,13,142
13.0,4,0,14,143
13.0,4,0,15,144
13.0,4,1,0,135
13.0,4,1,1,135
13.0,4,1,2,136
13.0,4,1,3,137
13.0,4,1,4,137
13.0,4,1,5,138
13.0,4,1,6,139
13.0,4,1,7,139
13.0,4,1,8,140
13.0,4,1,9,141
13.0,4,1,10,141
13.0,4,1,11,142
13.0,4,1,12,143
13.0,4,1,13,143
13.0,4,1,14,144
13.0,4,1,15,144
13.0,4,2,0,136
13.0,4,2,1,136
13.0,4,2,2,137
13.0,4,2,3,138
13.0,4,2,4,138
13.0,4,2,5,139
13.0,4,2,6,140
13.0,4,2,7,140
13.0,4,2,8,141
13.0,4,2,9,141
13.0,4,2,10,142
13.0,4,2,11,143
13.0,4,2,12,143
13.0,4,2,13,144
13.0,4,2,14,145
13.0,4,2,15,145
13.0,4,3,0,136
13.0,4,3,1,137
13.0,4,3,2,138
13.0,4,3,3,138
13.0,4,3,4,139
13.0,4,3,5,140
13.0,4,3,6,140
13.0,4,3,7,141
13.0,4,3,8,142
13.0,4,3,9,142
13.0,4,3,10,143
13.0,4,3,11,144
13.0,4,3,12,144
13.0,4,3,13,145
13.0,4,3,14,145
13.0,4,3,15,146
13.0,4,4,0,137
13.0,4,4,1,138
13.0,4,4,2,139
13.0,4,4,3,139
13.0,4,4,4,140
13.0,4,4,5,141
13.0,4,4,6,141
13.0,4,4,7,142
13.0,4,4,8,142
13.0,4,4,9,143
13.0,4,4,10,144
13.0,4,4,11,144
13.0,4,4,12,145
13.0,4,4,13,146
13.0,4,4,14,146
13.0,4,4,15,147
13.0,4,5,0,138
13.0,4,5,1,139
13.0,4,5,2,139
13.0,4,5,3,140
13.0,4,5,4,141
13.0,4,5,5,141
13.0,4,5,6,142
13.0,4,5,7,143
13.0,4,5,8,143
13.0,4,5,9,144
13.0,4,5,10,145
13.0,4,5,11,145
13.0,4,5,12,146
13.0,4,5,13,147
13.0,4,5,14,147
13.0,4,5,15,148
13.0,4,6,0,139
13.0,4,6,1,139
13.0,4,6,2,140
13.0,4,6,3,141
13.0,4,6,4,141
13.0,4,6,5,142
13.0,4,6,6,143
13.0,4,6,7,143
13.0,4,6,8,144
13.0,4,6,9,145
13.0,4,6,10,145
13.0,4,6,11,146
13.0,4,6,12,147
13.0,4,6,13,147
13.0,4,6,14,148
13.0,4,6,15,149
13.0,4,7,0,140
13.0,4,7,1,140
13.0,4,7,2,141
13.0,4,7,3,142
13.0,4,7,4,142
13.0,4,7,5,143
13.0,4,7,6,144
13.0,4,7,7,144
13.0,4,7,8,145
13.0,4,7,9,146
13.0,4,7,10,146
13.0,4,7,11,147
13.0,4,7,12,148
13.0,4,7,13,148
13.0,4,7,14,149
13.0,4,7,15,149
13.0,4,8,0,140
13.0,4,8,1,141
13.0,4,8,2,142
13.0,4,8,3,142
13.0,4,8,4,143
13.0,4,8,5,144
13.0,4,8,6,144
13.0,4,8,7,145
13.0,4,8,8,146
13.0,4,8,9,146
13.0,4,8,10,147
13.0,4,8,11,148
13.0,4,8,12,148
13.0,4,8,13,149
13.0,4,8,14,150
13.0,4,8,15,150
13.0,4,9,0,141
13.0,4,9,1,142
13.0,4,9,2,142
13.0,4,9,3,143
13.0,4,9,4,144
13.0,4,9,5,145
13.0,4,9,6,145
13.0,4,9,7,146
13.0,4,9,8,147
13.0,4,9,9,147
13.0,4,9,10,148
13.0,4,9,11,149
13.0,4,9,12,149
13.0,4,9,13,150
13.0,4,9,14,151
13.0,4,9,15,151
13.0,4,10,0,142
13.0,4,10,1,143
13.0,4,10,2,143
13.0,4,10,3,144
13.0,4,10,4,145
13.0,4,10,5,145
13.0,4,10,6,146
13.0,4,10,7,147
13.0,4,10,8,147
13.0,4,10,9,148
13.0,4,10,10,149
13.0,4,10,11,149
13.0,4,10,12,150
13.0,4,10,13,151
13.0,4,10,14,151
13.0,4,10,15,152
13.0,4,11,0,143
13.0,4,11,1,143
13.0,4,11,2,144
13.0,4,11,3,145
13.0,4,11,4,145
13.0,4,11,5,146
13.0,4,11,6,147
13.0,4,11,7,147
13.0,4,11,8,148
13.0,4,11,9,149
13.0,4,11,10,149
13.0,4,11,11,150
13.0,4,11,12,151
13.0,4,11,13,151
13.0,4,11,14,152
13.0,4,11,15,153
13.0,4,12,0,143
13.0,4,12,1,144
13.0,4,12,2,145
13.0,4,12,3,145
13.0,4,12,4,146
13.0,4,12,5,147
13.0,4,12,6,148
13.0,4,12,7,148
13.0,4,12,8,149
13.0,4,12,9,150
13.0,4,12,10,150
13.0,4,12,11,151
13.0,4,12,12,152
13.0,4,12,13,152
13.0,4,12,14,153
13.0,4,12,15,154
13.0,4,13,0,144
13.0,4,13,1,145
13.0,4,13,2,146
13.0,4,13,3,146
13.0,4,13,4,147
13.0,4,13,5,148
13.0,4,13,6,148
13.0,4,13,7,149
13.0,4,13,8,150
13.0,4,13,9,150
13.0,4,13,10,151
13.0,4,13,11,152
13.0,4,13,12,152
13.0,4,13,13,153
13.0,4,13,14,154
13.0,4,13,15,154
13.0,4,14,0,145
13.0,4,14,1,146
13.0,4,14,2,146
13.0,4,14,3,147
13.0,4,14,4,148
13.0,4,14,5,148
13.0,4,14,6,149
13.0,4,14,7,150
13.0,4,14,8,150
13.0,4,14,9,151
13.0,4,14,10,152
13.0,4,14,11,153
13.0,4,14,12,153
13.0,4,14,13,154
13.0,4,14,14,155
13.0,4,14,15,155
13.0,4,15,0,146
13.0,4,15,1,146
13.0,4,15,2,147
13.0,4,15,3,148
13.0,4,15,4,148
13.0,4,15,5,149
13.0,4,15,6,150
13.0,4,15,7,151
13.0,4,15,8,151
13.0,4,15,9,152
13.0,4,15,10,153
13.0,4,15,11,153
13.0,4,15,12,154
13.0,4,15,13,155
13.0,4,15,14,155
13.0,4,15,15,156
13.0,5,0,0,136
13.0,5,0,1,137
13.0,5,0,2,137
13.0,5,0,3,138
13.0,5,0,4,139
13.0,5,0,5,139
13.0,5,0,6,140
13.0,5,0,7,141
13.0,5,0,8,141
13.0,5,0,9,142
13.0,5,0,10,143
13.0,5,0,11,143
13.0,5,0,12,144
13.0,5,0,13,145
13.0,5,0,14,145
13.0,5,0,15,146
13.0,5,1,0,137
13.0,5,1,1,138
13.0,5,1,2,138
13.0,5,1,3,139
13.0,5,1,4,140
13.0,5,1,5,140
13.0,5,1,6,141
13.0,5,1,7,142
13.0,5,1,8,142
13.0,5,1,9,143
13.0,5,1,10,144
13.0,5,1,11,144
13.0,5,1,12,145
13.0,5,1,13,145
13.0,5,1,14,146
13.0,5,1,15,147
13.0,5,2,0,138
13.0,5,2,1,138
13.0,5,2,2,139
13.0,5,2,3,140
13.0,5,2,4,140
13.0,5,2,5,141
13.0,5,2,6,142
13.0,5,2,7,142
13.0,5,2,8,143
13.0,5,2,9,144
13.0,5,2,10,144
13.0,5,2,11,145
13.0,5,2,12,146
13.0,5,2,13,146
13.0,5,2,14,147
13.0,5,2,15,148
13.0,5,3,0,139
13.0,5,3,1,139
13.0,5,3,2,140
13.0,5,3,3,141
13.0,5,3,4,141
13.0,5,3,5,142
13.0,5,3,6,143
13.0,5,3,7,143
13.0,5,3,8,144
13.0,5,3,9,145
13.0,5,3,10,145
13.0,5,3,11,146
13.0,5,3,12,147
13.0,5,3,13,147
13.0,5,3,14,148
13.0,5,3,15,148
13.0,5,4,0,139
13.0,5,4,1,140
13.0,5,4,2,141
13.0,5,4,3,141
13.0,5,4,4,142
13.0,5,4,5,143
13.0,5,4,6,143
13.0,5,4,7,144
13.0,5,4,8,145
13.0,5,4,9,145
13.0,5,4,10,146
13.0,5,4,11,147
13.0,5,4,12,147
13.0,5,4,13,148
13.0,5,4,14,149
13.0,5,4,15,149
13.0,5,5,0,140
13.0,5,5,1,141
13.0,5,5,2,142
13.0,5,5,3,142
13.0,5,5,4,143
13.0,5,5,5,144
13.0,5,5,6,144
13.0,5,5,7,145
13.0,5,5,8,146
13.0,5,5,9,146
13.0,5,5,10,147
13.0,5,5,11,148
13.0,5,5,12,148
13.0,5,5,13,149
13.0,5,5,14,150
13.0,5,5,15,150
13.0,5,6,0,141
13.0,5,6,1,142
13.0,5,6,2,142
13.0,5,6,3,143
13.0,5,6,4,144
13.0,5,6,5,144
13.0,5,6,6,145
13.0,5,6,7,146
13.0,5,6,8,146
13.0,5,6,9,147
13.0,5,6,10,148
13.0,5,6,11,148
13.0,5,6,12,149
13.0,5,6,13,150
13.0,5,6,14,150
13.0,5,6,15,151
13.0,5,7,0,142
13.0,5,7,1,142
13.0,5,7,2,143
13.0,5,7,3,144
13.0,5,7,4,145
13.0,5,7,5,145
13.0,5,7,6,146
13.0,5,7,7,147
13.0,5,7,8,147
13.0,5,7,9,148
13.0,5,7,10,149
13.0,5,7,11,149
13.0,5,7,12,150
13.0,5,7,13,151
13.0,5,7,14,151
13.0,5,7,15,152
13.0,5,8,0,143
13.0,5,8,1,143
13.0,5,8,2,144
13.0,5,8,3,145
13.0,5,8,4,145
13.0,5,8,5,146
13.0,5,8,6,147
13.0,5,8,7,147
13.0,5,8,8,148
13.0,5,8,9,149
13.0,5,8,10,149
13.0,5,8,11,150
13.0,5,8,12,151
13.0,5,8,13,151
13.0,5,8,14,152
13.0,5,8,15,153
13.0,5,9,0,143
13.0,5,9,1,144
13.0,5,9,2,145
13.0,5,9,3,145
13.0,5,9,4,146
13.0,5,9,5,147
13.0,5,9,6,148
13.0,5,9,7,148
13.0,5,9,8,149
13.0,5,9,9,150
13.0,5,9,10,150
13.0,5,9,11,151
13.0,5,9,12,152
13.0,5,9,13,152
13.0,5,9,14,153
13.0,5,9,15,154
13.0,5,10,0,144
13.0,5,10,1,145
13.0,5,10,2,146
13.0,5,10,3,146
13.0,5,10,4,147
13.0,5,10,5,148
13.0,5,10,6,148
13.0,5,10,7,149
13.0,5,10,8,150
13.0,5,10,9,150
13.0,5,10,10,151
13.0,5,10,11,152
13.0,5,10,12,152
13.0,5,10,13,153
13.0,5,10,14,154
13.0,5,10,15,154
13.0,5,11,0,145
13.0,5,11,1,146
13.0,5,11,2,146
13.0,5,11,3,147
13.0,5,11,4,148
13.0,5,11,5,148
13.0,5,11,6,149
13.0,5,11,7,150
13.0,5,11,8,150
13.0,5,11,9,151
13.0,5,11,10,152
13.0,5,11,11,153
13.0,5,11,12,153
13.0,5,11,13,154
13.0,5,11,14,155
13.0,5,11,15,155
13.0,5,12,0,146
13.0,5,12,1,146
13.0,5,12,2,147
13.0,5,12,3,148
13.0,5,12,4,149
13.0,5,12,5,149
13.0,5,12,6,150
13.0,5,12,7,151
13.0,5,12,8,151
13.0,5,12,9,152
13.0,5,12,10,153
13.0,5,12,11,153
13.0,5,12,12,154
13.0,5,12,13,155
13.0,5,12,14,155
13.0,5,12,15,156
13.0,5,13,0,146
13.0,5,13,1,147
13.0,5,13,2,148
13.0,5,13,3,149
13.0,5,13,4,149
13.0,5,13,5,150
13.0,5,13,6,151
13.0,5,13,7,151
13.0,5,13,8,152
13.0,5,13,9,153
13.0,5,13,10,153
13.0,5,13,11,154
13.0,5,13,12,155
13.0,5,13,13,156
13.0,5,13,14,156
13.0,5,13,15,157
13.0,5,14,0,147
13.0,5,14,1,148
13.0,5,14,2,149
13.0,5,14,3,149
13.0,5,14,4,150
13.0,5,14,5,151
13.0,5,14,6,151
13.0,5,14,7,152
13.0,5,14,8,153
13.0,5,14,9,154
13.0,5,14,10,154
13.0,5,14,11,155
13.0,5,14,12,156
13.0,5,14,13,156
13.0,5,14,14,157
13.0,5,14,15,158
13.0,5,15,0,148
13.0,5,15,1,149
13.0,5,15,2,149
13.0,5,15,3,150
13.0,5,15,4,151
13.0,5,15,5,152
13.0,5,15,6,152
13.0,5,15,7,153
13.0,5,15,8,154
13.0,5,15,9,154
13.0,5,15,10,155
13.0,5,15,11,156
13.0,5,15,12,156
13.0,5,15,13,157
13.0,5,15,14,158
13.0,5,15,15,159
13.0,6,0,0,138
13.0,6,0,1,139
13.0,6,0,2,140
13.0,6,0,3,140
13.0,6,0,4,141
13.0,6,0,5,142
13.0,6,0,6,142
13.0,6,0,7,143
13.0,6,0,8,144
13.0,6,0,9,144
13.0,6,0,10,145
13.0,6,0,11,146
13.0,6,0,12,146
13.0,6,0,13,147
13.0,6,0,14,147
13.0,6,0,15,148
13.0,6,1,0,139
13.0,6,1,1,140
13.0,6,1,2,140
13.0,6,1,3,141
13.0,6,1,4,142
13.0,6,1,5,142
13.0,6,1,6,143
13.0,6,1,7,144
13.0,6,1,8,144
13.0,6,1,9,145
13.0,6,1,10,146
13.0,6,1,11,146
13.0,6,1,12,147
13.0,6,1,13,148
13.0,6,1,14,148
13.0,6,1,15,149
13.0,6,2,0,140
13.0,6,2,1,141
13.0,6,2,2,141
13.0,6,2,3,142
13.0,6,2,4,143
13.0,6,2,5,143
13.0,6,2,6,144
13.0,6,2,7,145
13.0,6,2,8,145
13.0,6,2,9,146
13.0,6,2,10,147
13.0,6,2,11,147
13.0,6,2,12,148
13.0,6,2,13,149
13.0,6,2,14,149
13.0,6,2,15,150
13.0,6,3,0,141
13.0,6,3,1,141
13.0,6,3,2,142
13.0,6,3,3,143
13.0,6,3,4,143
13.0,6,3,5,144
13.0,6,3,6,145
13.0,6,3,7,146
13.0,6,3,8,146
13.0,6,3,9,147
13.0,6,3,10,148
13.0,6,3,11,148
13.0,6,3,12,149
13.0,6,3,13,149
13.0,6,3,14,150
13.0,6,3,15,151
13.0,6,4,0,142
13.0,6,4,1,142
13.0,6,4,2,143
13.0,6,4,3,144
13.0,6,4,4,144
13.0,6,4,5,145
13.0,6,4,6,146
13.0,6,4,7,146
13.0,6,4,8,147
13.0,6,4,9,148
13.0,6,4,10,148
13.0,6,4,11,149
13.0,6,4,12,150
13.0,6,4,13,150
13.0,6,4,14,151
13.0,6,4,15,152
13.0,6,5,0,142
13.0,6,5,1,143
13.0,6,5,2,144
13.0,6,5,3,144
13.0,6,5,4,145
13.0,6,5,5,146
13.0,6,5,6,147
13.0,6,5,7,147
13.0,6,5,8,148
13.0,6,5,9,149
13.0,6,5,10,149
13.0,6,5,11,150
13.0,6,5,12,151
13.0,6,5,13,151
13.0,6,5,14,152
13.0,6,5,15,153
13.0,6,6,0,143
13.0,6,6,1,144
13.0,6,6,2,145
13.0,6,6,3,145
13.0,6,6,4,146
13.0,6,6,5,147
13.0,6,6,6,147
13.0,6,6,7,148
13.0,6,6,8,149
13.0,6,6,9,149
13.0,6,6,10,150
13.0,6,6,11,151
13.0,6,6,12,151
13.0,6,6,13,152
13.0,6,6,14,153
13.0,6,6,15,153
13.0,6,7,0,144
13.0,6,7,1,145
13.0,6,7,2,145
13.0,6,7,3,146
13.0,6,7,4,147
13.0,6,7,5,147
13.0,6,7,6,148
13.0,6,7,7,149
13.0,6,7,8,150
13.0,6,7,9,150
13.0,6,7,10,151
13.0,6,7,11,152
13.0,6,7,12,152
13.0,6,7,13,153
13.0,6,7,14,154
13.0,6,7,15,154
13.0,6,8,0,145
13.0,6,8,1,146
13.0,6,8,2,146
13.0,6,8,3,147
13.0,6,8,4,148
13.0,6,8,5,148
13.0,6,8,6,149
13.0,6,8,7,150
13.0,6,8,8,150
13.0,6,8,9,151
13.0,6,8,10,152
13.0,6,8,11,152
13.0,6,8,12,153
13.0,6,8,13,154
13.0,6,8,14,154
13.0,6,8,15,155
13.0,6,9,0,146
13.0,6,9,1,146
13.0,6,9,2,147
13.0,6,9,3,148
13.0,6,9,4,148
13.0,6,9,5,149
13.0,6,9,6,150
13.0,6,9,7,151
13.0,6,9,8,151
13.0,6,9,9,152
13.0,6,9,10,153
13.0,6,9,11,153
13.0,6,9,12,154
13.0,6,9,13,155
13.0,6,9,14,155
13.0,6,9,15,156
13.0,6,10,0,146
13.0,6,10,1,147
13.0,6,10,2,148
13.0,6,10,3,149
13.0,6,10,4,149
13.0,6,10,5,150
13.0,6,10,6,151
13.0,6,10,7,151
13.0,6,10,8,152
13.0,6,10,9,153
13.0,6,10,10,153
13.0,6,10,11,154
13.0,6,10,12,155
13.0,6,10,13,155
13.0,6,10,14,156
13.0,6,10,15,157
13.0,6,11,0,147
13.0,6,11,1,148
13.0,6,11,2,149
13.0,6,11,3,149
13.0,6,11,4,150
13.0,6,11,5,151
13.0,6,11,6,151
13.0,6,11,7,152
13.0,6,11,8,153
13.0,6,11,9,154
13.0,6,11,10,154
13.0,6,11,11,155
13.0,6,11,12,156
13.0,6,11,13,156
13.0,6,11,14,157
13.0,6,11,15,158
13.0,6,12,0,148
13.0,6,12,1,149
13.0,6,12,2,149
13.0,6,12,3,150
13.0,6,12,4,151
13.0,6,12,5,152
13.0,6,12,6,152
13.0,6,12,7,153
13.0,6,12,8,154
13.0,6,12,9,154
13.0,6,12,10,155
13.0,6,12,11,156
13.0,6,12,12,156
13.0,6,12,13,157
13.0,6,12,14,158
13.0,6,12,15,158
13.0,6,13,0,149
13.0,6,13,1,149
13.0,6,13,2,150
13.0,6,13,3,151
13.0,6,13,4,152
13.0,6,13,5,152
13.0,6,13,6,153
13.0,6,13,7,154
13.0,6,13,8,154
13.0,6,13,9,155
13.0,6,13,10,156
13.0,6,13,11,157
13.0,6,13,12,157
13.0,6,13,13,158
13.0,6,13,14,159
13.0,6,13,15,159
13.0,6,14,0,150
13.0,6,14,1,150
13.0,6,14,2,151
13.0,6,14,3,152
13.0,6,14,4,152
13.0,6,14,5,153
13.0,6,14,6,154
13.0,6,14,7,155
13.0,6,14,8,155
13.0,6,14,9,156
13.0,6,14,10,157
13.0,6,14,11,157
13.0,6,14,12,158
13.0,6,14,13,159
13.0,6,14,14,159
13.0,6,14,15,160
13.0,6,15,0,150
13.0,6,15,1,151
13.0,6,15,2,152
13.0,6,15,3,152
13.0,6,15,4,153
13.0,6,15,5,154
13.0,6,15,6,155
13.0,6,15,7,155
13.0,6,15,8,156
13.0,6,15,9,157
13.0,6,15,10,158
13.0,6,15,11,158
13.0,6,15,12,159
13.0,6,15,13,160
13.0,6,15,14,160
13.0,6,15,15,161
13.0,7,0,0,140
13.0,7,0,1,141
13.0,7,0,2,142
13.0,7,0,3,142
13.0,7,0,4,143
13.0,7,0,5,144
13.0,7,0,6,144
13.0,7,0,7,145
13.0,7,0,8,146
13.0,7,0,9,146
13.0,7,0,10,147
13.0,7,0,11,148
13.0,7,0,12,148
13.0,7,0,13,149
13.0,7,0,14,150
13.0,7,0,15,150
13.0,7,1,0,141
13.0,7,1,1,142
13.0,7,1,2,143
13.0,7,1,3,143
13.0,7,1,4,144
13.0,7,1,5,145
13.0,7,1,6,145
13.0,7,1,7,146
13.0,7,1,8,147
13.0,7,1,9,147
13.0,7,1,10,148
13.0,7,1,11,149
13.0,7,1,12,149
13.0,7,1,13,150
13.0,7,1,14,151
13.0,7,1,15,151
13.0,7,2,0,142
13.0,7,2,1,143
13.0,7,2,2,143
13.0,7,2,3,144
13.0,7,2,4,145
13.0,7,2,5,146
13.0,7,2,6,146
13.0,7,2,7,147
13.0,7,2,8,148
13.0,7,2,9,148
13.0,7,2,10,149
13.0,7,2,11,150
13.0,7,2,12,150
13.0,7,2,13,151
13.0,7,2,14,152
13.0,7,2,15,152
13.0,7,3,0,143
13.0,7,3,1,144
13.0,7,3,2,144
13.0,7,3,3,145
13.0,7,3,4,146
13.0,7,3,5,146
13.0,7,3,6,147
13.0,7,3,7,148
13.0,7,3,8,148
13.0,7,3,9,149
13.0,7,3,10,150
13.0,7,3,11,150
13.0,7,3,12,151
13.0,7,3,13,152
13.0,7,3,14,152
13.0,7,3,15,153
13.0,7,4,0,144
13.0,7,4,1,144
13.0,7,4,2,145
13.0,7,4,3,146
13.0,7,4,4,147
13.0,7,4,5,147
13.0,7,4,6,148
13.0,7,4,7,149
13.0,7,4,8,149
13.0,7,4,9,150
13.0,7,4,10,151
13.0,7,4,11,151
13.0,7,4,12,152
13.0,7,4,13,153
13.0,7,4,14,153
13.0,7,4,15,154
13.0,7,5,0,145
13.0,7,5,1,145
13.0,7,5,2,146
13.0,7,5,3,147
13.0,7,5,4,147
13.0,7,5,5,148
13.0,7,5,6,149
13.0,7,5,7,149
13.0,7,5,8,150
13.0,7,5,9,151
13.0,7,5,10,152
13.0,7,5,11,152
13.0,7,5,12,153
13.0,7,5,13,154
13.0,7,5,14,154
13.0,7,5,15,155
13.0,7,6,0,145
13.0,7,6,1,146
13.0,7,6,2,147
13.0,7,6,3,148
13.0,7,6,4,148
13.0,7,6,5,149
13.0,7,6,6,150
13.0,7,6,7,150
13.0,7,6,8,151
13.0,7,6,9,152
13.0,7,6,10,152
13.0,7,6,11,153
13.0,7,6,12,154
13.0,7,6,13,154
13.0,7,6,14,155
13.0,7,6,15,156
13.0,7,7,0,146
13.0,7,7,1,147
13.0,7,7,2,148
13.0,7,7,3,148
13.0,7,7,4,149
13.0,7,7,5,150
13.0,7,7,6,150
13.0,7,7,7,151
13.0,7,7,8,152
13.0,7,7,9,153
13.0,7,7,10,153
13.0,7,7,11,154
13.0,7,7,12,155
13.0,7,7,13,155
13.0,7,7,14,156
13.0,7,7,15,157
13.0,7,8,0,147
13.0,7,8,1,148
13.0,7,8,2,148
13.0,7,8,3,149
13.0,7,8,4,150
13.0,7,8,5,151
13.0,7,8,6,151
13.0,7,8,7,152
13.0,7,8,8,153
13.0,7,8,9,153
13.0,7,8,10,154
13.0,7,8,11,155
13.0,7,8,12,155
13.0,7,8,13,156
13.0,7,8,14,157
13.0,7,8,15,158
13.0,7,9,0,148
13.0,7,9,1,149
13.0,7,9,2,149
13.0,7,9,3,150
13.0,7,9,4,151
13.0,7,9,5,151
13.0,7,9,6,152
13.0,7,9,7,153
13.0,7,9,8,154
13.0,7,9,9,154
13.0,7,9,10,155
13.0,7,9,11,156
13.0,7,9,12,156
13.0,7,9,13,157
13.0,7,9,14,158
13.0,7,9,15,158
13.0,7,10,0,149
13.0,7,10,1,149
13.0,7,10,2,150
13.0,7,10,3,151
13.0,7,10,4,152
13.0,7,10,5,152
13.0,7,10,6,153
13.0,7,10,7,154
13.0,7,10,8,154
13.0,7,10,9,155
13.0,7,10,10,156
13.0,7,10,11,156
13.0,7,10,12,157
13.0,7,10,13,158
13.0,7,10,14,159
13.0,7,10,15,159
13.0,7,11,0,149
13.0,7,11,1,150
13.0,7,11,2,151
13.0,7,11,3,152
13.0,7,11,4,152
13.0,7,11,5,153
13.0,7,11,6,154
13.0,7,11,7,155
13.0,7,11,8,155
13.0,7,11,9,156
13.0,7,11,10,157
13.0,7,11,11,157
13.0,7,11,12,158
13.0,7,11,13,159
13.0,7,11,14,159
13.0,7,11,15,160
13.0,7,12,0,150
13.0,7,12,1,151
13.0,7,12,2,152
13.0,7,12,3,152
13.0,7,12,4,153
13.0,7,12,5,154
13.0,7,12,6,155
13.0,7,12,7,155
13.0,7,12,8,156
13.0,7,12,9,157
13.0,7,12,10,157
13.0,7,12,11,158
13.0,7,12,12,159
13.0,7,12,13,160
13.0,7,12,14,160
13.0,7,12,15,161
13.0,7,13,0,151
13.0,7,13,1,152
13.0,7,13,2,153
13.0,7,13,3,153
13.0,7,13,4,154
13.0,7,13,5,155
13.0,7,13,6,155
13.0,7,13,7,156
13.0,7,13,8,157
13.0,7,13,9,158
13.0,7,13,10,158
13.0,7,13,11,159
13.0,7,13,12,160
13.0,7,13,13,160
13.0,7,13,14,161
13.0,7,13,15,162
13.0,7,14,0,152
13.0,7,14,1,153
13.0,7,14,2,153
13.0,7,14,3,154
13.0,7,14,4,155
13.0,7,14,5,156
13.0,7,14,6,156
13.0,7,14,7,157
13.0,7,14,8,158
13.0,7,14,9,158
13.0,7,14,10,159
13.0,7,14,11,160
13.0,7,14,12,161
13.0,7,14,13,161
13.0,7,14,14,162
13.0,7,14,15,163
13.0,7,15,0,153
13.0,7,15,1,153
13.0,7,15,2,154
13.0,7,15,3,155
13.0,7,15,4,156
13.0,7,15,5,156
13.0,7,15,6,157
13.0,7,15,7,158
13.0,7,15,8,158
13.0,7,15,9,159
13.0,7,15,10,160
13.0,7,15,11,161
13.0,7,15,12,161
13.0,7,15,13,162
13.0,7,15,14,163
13.0,7,15,15,163
13.0,8,0,0,143
13.0,8,0,1,143
13.0,8,0,2,144
13.0,8,0,3,145
13.0,8,0,4,145
13.0,8,0,5,146
13.0,8,0,6,147
13.0,8,0,7,147
13.0,8,0,8,148
13.0,8,0,9,149
13.0,8,0,10,149
13.0,8,0,11,150
13.0,8,0,12,151
13.0,8,0,13,151
13.0,8,0,14,152
13.0,8,0,15,153
13.0,8,1,0,143
13.0,8,1,1,144
13.0,8,1,2,145
13.0,8,1,3,145
13.0,8,1,4,146
13.0,8,1,5,147
13.0,8,1,6,148
13.0,8,1,7,148
13.0,8,1,8,149
13.0,8,1,9,150
13.0,8,1,10,150
13.0,8,1,11,151
13.0,8,1,12,152
13.0,8,1,13,152
13.0,8,1,14,153
13.0,8,1,15,154
13.0,8,2,0,144
13.0,8,2,1,145
13.0,8,2,2,146
13.0,8,2,3,146
13.0,8,2,4,147
13.0,8,2,5,148
13.0,8,2,6,148
13.0,8,2,7,149
13.0,8,2,8,150
13.0,8,2,9,150
13.0,8,2,10,151
13.0,8,2,11,152
13.0,8,2,12,153
13.0,8,2,13,153
13.0,8,2,14,154
13.0,8,2,15,155
13.0,8,3,0,145
13.0,8,3,1,146
13.0,8,3,2,147
13.0,8,3,3,147
13.0,8,3,4,148
13.0,8,3,5,149
13.0,8,3,6,149
13.0,8,3,7,150
13.0,8,3,8,151
13.0,8,3,9,151
13.0,8,3,10,152
13.0,8,3,11,153
13.0,8,3,12,153
13.0,8,3,13,154
13.0,8,3,14,155
13.0,8,3,15,155
13.0,8,4,0,146
13.0,8,4,1,147
13.0,8,4,2,147
13.0,8,4,3,148
13.0,8,4,4,149
13.0,8,4,5,149
13.0,8,4,6,150
13.0,8,4,7,151
13.0,8,4,8,152
13.0,8,4,9,152
13.0,8,4,10,153
13.0,8,4,11,154
13.0,8,4,12,154
13.0,8,4,13,155
13.0,8,4,14,156
13.0,8,4,15,156
13.0,8,5,0,147
13.0,8,5,1,147
13.0,8,5,2,148
13.0,8,5,3,149
13.0,8,5,4,150
13.0,8,5,5,150
13.0,8,5,6,151
13.0,8,5,7,152
13.0,8,5,8,152
13.0,8,5,9,153
13.0,8,5,10,154
13.0,8,5,11,155
13.0,8,5,12,155
13.0,8,5,13,156
13.0,8,5,14,157
13.0,8,5,15,157
13.0,8,6,0,148
13.0,8,6,1,148
13.0,8,6,2,149
13.0,8,6,3,150
13.0,8,6,4,150
13.0,8,6,5,151
13.0,8,6,6,152
13.0,8,6,7,153
13.0,8,6,8,153
13.0,8,6,9,154
13.0,8,6,10,155
13.0,8,6,11,155
13.0,8,6,12,156
13.0,8,6,13,157
13.0,8,6,14,157
13.0,8,6,15,158
13.0,8,7,0,148
13.0,8,7,1,149
13.0,8,7,2,150
13.0,8,7,3,151
13.0,8,7,4,151
13.0,8,7,5,152
13.0,8,7,6,153
13.0,8,7,7,153
13.0,8,7,8,154
13.0,8,7,9,155
13.0,8,7,10,156
13.0,8,7,11,156
13.0,8,7,12,157
13.0,8,7,13,158
13.0,8,7,14,158
13.0,8,7,15,159
13.0,8,8,0,149
13.0,8,8,1,150
13.0,8,8,2,151
13.0,8,8,3,151
13.0,8,8,4,152
13.0,8,8,5,153
13.0,8,8,6,154
13.0,8,8,7,154
13.0,8,8,8,155
13.0,8,8,9,156
13.0,8,8,10,156
13.0,8,8,11,157
13.0,8,8,12,158
13.0,8,8,13,159
13.0,8,8,14,159
13.0,8,8,15,160
13.0,8,9,0,150
13.0,8,9,1,151
13.0,8,9,2,152
13.0,8,9,3,152
13.0,8,9,4,153
13.0,8,9,5,154
13.0,8,9,6,154
13.0,8,9,7,155
13.0,8,9,8,156
13.0,8,9,9,157
13.0,8,9,10,157
13.0,8,9,11,158
13.0,8,9,12,159
13.0,8,9,13,159
13.0,8,9,14,160
13.0,8,9,15,161
13.0,8,10,0,151
13.0,8,10,1,152
13.0,8,10,2,152
13.0,8,10,3,153
13.0,8,10,4,154
13.0,8,10,5,155
13.0,8,10,6,155
13.0,8,10,7,156
13.0,8,10,8,157
13.0,8,10,9,157
13.0,8,10,10,158
13.0,8,10,11,159
13.0,8,10,12,160
13.0,8,10,13,160
13.0,8,10,14,161
13.0,8,10,15,162
13.0,8,11,0,152
13.0,8,11,1,152
13.0,8,11,2,153
13.0,8,11,3,154
13.0,8,11,4,155
13.0,8,11,5,155
13.0,8,11,6,156
13.0,8,11,7,157
13.0,8,11,8,158
13.0,8,11,9,158
13.0,8,11,10,159
13.0,8,11,11,160
13.0,8,11,12,160
13.0,8,11,13,161
13.0,8,11,14,162
13.0,8,11,15,163
13.0,8,12,0,153
13.0,8,12,1,153
13.0,8,12,2,154
13.0,8,12,3,155
13.0,8,12,4,155
13.0,8,12,5,156
13.0,8,12,6,157
13.0,8,12,7,158
13.0,8,12,8,158
13.0,8,12,9,159
13.0,8,12,10,160
13.0,8,12,11,161
13.0,8,12,12,161
13.0,8,12,13,162
13.0,8,12,14,163
13.0,8,12,15,163
13.0,8,13,0,153
13.0,8,13,1,154
13.0,8,13,2,155
13.0,8,13,3,156
13.0,8,13,4,156
13.0,8,13,5,157
13.0,8,13,6,158
13.0,8,13,7,159
13.0,8,13,8,159
13.0,8,13,9,160
13.0,8,13,10,161
13.0,8,13,11,161
13.0,8,13,12,162
13.0,8,13,13,163
13.0,8,13,14,164
13.0,8,13,15,164
13.0,8,14,0,154
13.0,8,14,1,155
13.0,8,14,2,156
13.0,8,14,3,156
13.0,8,14,4,157
13.0,8,14,5,158
13.0,8,14,6,159
13.0,8,14,7,159
13.0,8,14,8,160
13.0,8,14,9,161
13.0,8,14,10,162
13.0,8,14,11,162
13.0,8,14,12,163
13.0,8,14,13,164
13.0,8,14,14,164
13.0,8,14,15,165
13.0,8,15,0,155
13.0,8,15,1,156
13.0,8,15,2,156
13.0,8,15,3,157
13.0,8,15,4,158
13.0,8,15,5,159
13.0,8,15,6,159
13.0,8,15,7,160
13.0,8,15,8,161
13.0,8,15,9,162
13.0,8,15,10,162
13.0,8,15,11,163
13.0,8,15,12,164
13.0,8,15,13,165
13.0,8,15,14,165
13.0,8,15,15,166
13.0,9,0,0,145
13.0,9,0,1,145
13.0,9,0,2,146
13.0,9,0,3,147
13.0,9,0,4,147
13.0,9,0,5,148
13.0,9,0,6,149
13.0,9,0,7,150
13.0,9,0,8,150
13.0,9,0,9,151
13.0,9,0,10,152
13.0,9,0,11,152
13.0,9,0,12,153
13.0,9,0,13,154
13.0,9,0,14,154
13.0,9,0,15,155
13.0,9,1,0,146
13.0,9,1,1,146
13.0,9,1,2,147
13.0,9,1,3,148
13.0,9,1,4,148
13.0,9,1,5,149
13.0,9,1,6,150
13.0,9,1,7,150
13.0,9,1,8,151
13.0,9,1,9,152
13.0,9,1,10,153
13.0,9,1,11,153
13.0,9,1,12,154
13.0,9,1,13,155
13.0,9,1,14,155
13.0,9,1,15,156
13.0,9,2,0,146
13.0,9,2,1,147
13.0,9,2,2,148
13.0,9,2,3,149
13.0,9,2,4,149
13.0,9,2,5,150
13.0,9,2,6,151
13.0,9,2,7,151
13.0,9,2,8,152
13.0,9,2,9,153
13.0,9,2,10,153
13.0,9,2,11,154
13.0,9,2,12,155
13.0,9,2,13,155
13.0,9,2,14,156
13.0,9,2,15,157
13.0,9,3,0,147
13.0,9,3,1,148
13.0,9,3,2,149
13.0,9,3,3,149
13.0,9,3,4,150
13.0,9,3,5,151
13.0,9,3,6,152
13.0,9,3,7,152
13.0,9,3,8,153
13.0,9,3,9,154
13.0,9,3,10,154
13.0,9,3,11,155
13.0,9,3,12,156
13.0,9,3,13,156
13.0,9,3,14,157
13.0,9,3,15,158
13.0,9,4,0,148
13.0,9,4,1,149
13.0,9,4,2,150
13.0,9,4,3,150
13.0,9,4,4,151
13.0,9,4,5,152
13.0,9,4,6,152
13.0,9,4,7,153
13.0,9,4,8,154
13.0,9,4,9,155
13.0,9,4,10,155
13.0,9,4,11,156
13.0,9,4,12,157
13.0,9,4,13,157
13.0,9,4,14,158
13.0,9,4,15,159
13.0,9,5,0,149
13.0,9,5,1,150
13.0,9,5,2,150
13.0,9,5,3,151
13.0,9,5,4,152
13.0,9,5,5,153
13.0,9,5,6,153
13.0,9,5,7,154
13.0,9,5,8,155
13.0,9,5,9,155
13.0,9,5,10,156
13.0,9,5,11,157
13.0,9,5,12,158
13.0,9,5,13,158
13.0,9,5,14,159
13.0,9,5,15,160
13.0,9,6,0,150
13.0,9,6,1,151
13.0,9,6,2,151
13.0,9,6,3,152
13.0,9,6,4,153
13.0,9,6,5,153
13.0,9,6,6,154
13.0,9,6,7,155
13.0,9,6,8,156
13.0,9,6,9,156
13.0,9,6,10,157
13.0,9,6,11,158
13.0,9,6,12,158
13.0,9,6,13,159
13.0,9,6,14,160
13.0,9,6,15,160
13.0,9,7,0,151
13.0,9,7,1,151
13.0,9,7,2,152
13.0,9,7,3,153
13.0,9,7,4,154
13.0,9,7,5,154
13.0,9,7,6,155
13.0,9,7,7,156
13.0,9,7,8,156
13.0,9,7,9,157
13.0,9,7,10,158
13.0,9,7,11,159
13.0,9,7,12,159
13.0,9,7,13,160
13.0,9,7,14,161
13.0,9,7,15,161
13.0,9,8,0,152
13.0,9,8,1,152
13.0,9,8,2,153
13.0,9,8,3,154
13.0,9,8,4,154
13.0,9,8,5,155
13.0,9,8,6,156
13.0,9,8,7,157
13.0,9,8,8,157
13.0,9,8,9,158
13.0,9,8,10,159
13.0,9,8,11,159
13.0,9,8,12,160
13.0,9,8,13,161
13.0,9,8,14,162
13.0,9,8,15,162
13.0,9,9,0,152
13.0,9,9,1,153
13.0,9,9,2,154
13.0,9,9,3,155
13.0,9,9,4,155
13.0,9,9,5,156
13.0,9,9,6,157
13.0,9,9,7,157
13.0,9,9,8,158
13.0,9,9,9,159
13.0,9,9,10,160
13.0,9,9,11,160
13.0,9,9,12,161
13.0,9,9,13,162
13.0,9,9,14,162
13.0,9,9,15,163
13.0,9,10,0,153
13.0,9,10,1,154
13.0,9,10,2,155
13.0,9,10,3,155
13.0,9,10,4,156
13.0,9,10,5,157
13.0,9,10,6,158
13.0,9,10,7,158
13.0,9,10,8,159
13.0,9,10,9,160
13.0,9,10,10,161
13.0,9,10,11,161
13.0,9,10,12,162
13.0,9,10,13,163
13.0,9,10,14,163
13.0,9,10,15,164
13.0,9,11,0,154
13.0,9,11,1,155
13.0,9,11,2,155
13.0,9,11,3,156
13.0,9,11,4,157
13.0,9,11,5,158
13.0,9,11,6,158
13.0,9,11,7,159
13.0,9,11,8,160
13.0,9,11,9,161
13.0,9,11,10,161
13.0,9,11,11,162
13.0,9,11,12,163
13.0,9,11,13,164
13.0,9,11,14,164
13.0,9,11,15,165
13.0,9,12,0,155
13.0,9,12,1,156
13.0,9,12,2,156
13.0,9,12,3,157
13.0,9,12,4,158
13.0,9,12,5,159
13.0,9,12,6,159
13.0,9,12,7,160
13.0,9,12,8,161
13.0,9,12,9,162
13.0,9,12,10,162
13.0,9,12,11,163
13.0,9,12,12,164
13.0,9,12,13,164
13.0,9,12,14,165
13.0,9,12,15,166
13.0,9,13,0,156
13.0,9,13,1,156
13.0,9,13,2,157
13.0,9,13,3,158
13.0,9,13,4,159
13.0,9,13,5,159
13.0,9,13,6,160
13.0,9,13,7,161
13.0,9,13,8,162
13.0,9,13,9,162
13.0,9,13,10,163
13.0,9,13,11,164
13.0,9,13,12,165
13.0,9,13,13,165
13.0,9,13,14,166
13.0,9,13,15,167
13.0,9,14,0,156
13.0,9,14,1,157
13.0,9,14,2,158
13.0,9,14,3,159
13.0,9,14,4,159
13.0,9,14,5,160
13.0,9,14,6,161
13.0,9,14,7,162
13.0,9,14,8,162
13.0,9,14,9,163
13.0,9,14,10,164
13.0,9,14,11,165
13.0,9,14,12,165
13.0,9,14,13,166
13.0,9,14,14,167
13.0,9,14,15,168
13.0,9,15,0,157
13.0,9,15,1,158
13.0,9,15,2,159
13.0,9,15,3,160
13.0,9,15,4,160
13.0,9,15,5,161
13.0,9,15,6,162
13.0,9,15,7,163
13.0,9,15,8,163
13.0,9,15,9,164
13.0,9,15,10,165
13.0,9,15,11,166
13.0,9,15,12,166
13.0,9,15,13,167
13.0,9,15,14,168
13.0,9,15,15,168
13.0,10,0,0,147
13.0,10,0,1,148
13.0,10,0,2,148
13.0,10,0,3,149
13.0,10,0,4,150
13.0,10,0,5,150
13.0,10,0,6,151
13.0,10,0,7,152
13.0,10,0,8,152
13.0,10,0,9,153
13.0,10,0,10,154
13.0,10,0,11,155
13.0,10,0,12,155
13.0,10,0,13,156
13.0,10,0,14,157
13.0,10,0,15,157
13.0,10,1,0,148
13.0,10,1,1,148
13.0,10,1,2,149
13.0,10,1,3,150
13.0,10,1,4,151
13.0,10,1,5,151
13.0,10,1,6,152
13.0,10,1,7,153
13.0,10,1,8,153
13.0,10,1,9,154
13.0,10,1,10,155
13.0,10,1,11,155
13.0,10,1,12,156
13.0,10,1,13,157
13.0,10,1,14,158
13.0,10,1,15,158
13.0,10,2,0,149
13.0,10,2,1,149
13.0,10,2,2,150
13.0,10,2,3,151
13.0,10,2,4,151
13.0,10,2,5,152
13.0,10,2,6,153
13.0,10,2,7,154
13.0,10,2,8,154
13.0,10,2,9,155
13.0,10,2,10,156
13.0,10,2,11,156
13.0,10,2,12,157
13.0,10,2,13,158
13.0,10,2,14,158
13.0,10,2,15,159
13.0,10,3,0,149
13.0,10,3,1,150
13.0,10,3,2,151
13.0,10,3,3,152
13.0,10,3,4,152
13.0,10,3,5,153
13.0,10,3,6,154
13.0,10,3,7,155
13.0,10,3,8,155
13.0,10,3,9,156
13.0,10,3,10,157
13.0,10,3,11,157
13.0,10,3,12,158
13.0,10,3,13,159
13.0,10,3,14,159
13.0,10,3,15,160
13.0,10,4,0,150
13.0,10,4,1,151
13.0,10,4,2,152
13.0,10,4,3,153
13.0,10,4,4,153
13.0,10,4,5,154
13.0,10,4,6,155
13.0,10,4,7,155
13.0,10,4,8,156
13.0,10,4,9,157
13.0,10,4,10,158
13.0,10,4,11,158
13.0,10,4,12,159
13.0,10,4,13,160
13.0,10,4,14,160
13.0,10,4,15,161
13.0,10,5,0,151
13.0,10,5,1,152
13.0,10,5,2,153
13.0,10,5,3,153
13.0,10,5,4,154
13.0,10,5,5,155
13.0,10,5,6,156
13.0,10,5,7,156
13.0,10,5,8,157
13.0,10,5,9,158
13.0,10,5,10,158
13.0,10,5,11,159
13.0,10,5,12,160
13.0,10,5,13,161
13.0,10,5,14,161
13.0,10,5,15,162
13.0,10,6,0,152
13.0,10,6,1,153
13.0,10,6,2,154
13.0,10,6,3,154
13.0,10,6,4,155
13.0,10,6,5,156
13.0,10,6,6,156
13.0,10,6,7,157
13.0,10,6,8,158
13.0,10,6,9,159
13.0,10,6,10,159
13.0,10,6,11,160
13.0,10,6,12,161
13.0,10,6,13,161
13.0,10,6,14,162
13.0,10,6,15,163
13.0,10,7,0,153
13.0,10,7,1,154
13.0,10,7,2,154
13.0,10,7,3,155
13.0,10,7,4,156
13.0,10,7,5,157
13.0,10,7,6,157
13.0,10,7,7,158
13.0,10,7,8,159
13.0,10,7,9,160
13.0,10,7,10,160
13.0,10,7,11,161
13.0,10,7,12,162
13.0,10,7,13,162
13.0,10,7,14,163
13.0,10,7,15,164
13.0,10,8,0,154
13.0,10,8,1,154
13.0,10,8,2,155
13.0,10,8,3,156
13.0,10,8,4,157
13.0,10,8,5,157
13.0,10,8,6,158
13.0,10,8,7,159
13.0,10,8,8,160
13.0,10,8,9,160
13.0,10,8,10,161
13.0,10,8,11,162
13.0,10,8,12,163
13.0,10,8,13,163
13.0,10,8,14,164
13.0,10,8,15,165
13.0,10,9,0,155
13.0,10,9,1,155
13.0,10,9,2,156
13.0,10,9,3,157
13.0,10,9,4,158
13.0,10,9,5,158
13.0,10,9,6,159
13.0,10,9,7,160
13.0,10,9,8,161
13.0,10,9,9,161
13.0,10,9,10,162
13.0,10,9,11,163
13.0,10,9,12,163
13.0,10,9,13,164
13.0,10,9,14,165
13.0,10,9,15,166
13.0,10,10,0,155
13.0,10,10,1,156
13.0,10,10,2,157
13.0,10,10,3,158
13.0,10,10,4,158
13.0,10,10,5,159
13.0,10,10,6,160
13.0,10,10,7,161
13.0,10,10,8,161
13.0,10,10,9,162
13.0,10,10,10,163
13.0,10,10,11,164
13.0,10,10,12,164
13.0,10,10,13,165
13.0,10,10,14,166
13.0,10,10,15,166
13.0,10,11,0,156
13.0,10,11,1,157
13.0,10,11,2,158
13.0,10,11,3,159
13.0,10,11,4,159
13.0,10,11,5,160
13.0,10,11,6,161
13.0,10,11,7,162
13.0,10,11,8,162
13.0,10,11,9,163
13.0,10,11,10,164
13.0,10,11,11,164
13.0,10,11,12,165
13.0,10,11,13,166
13.0,10,11,14,167
13.0,10,11,15,167
13.0,10,12,0,157
13.0,10,12,1,158
13.0,10,12,2,159
13.0,10,12,3,159
13.0,10,12,4,160
13.0,10,12,5,161
13.0,10,12,6,162
13.0,10,12,7,162
13.0,10,12,8,163
13.0,10,12,9,164
13.0,10,12,10,165
13.0,10,12,11,165
13.0,10,12,12,166
13.0,10,12,13,167
13.0,10,12,14,168
13.0,10,12,15,168
13.0,10,13,0,158
13.0,10,13,1,159
13.0,10,13,2,159
13.0,10,13,3,160
13.0,10,13,4,161
13.0,10,13,5,162
13.0,10,13,6,163
13.0,10,13,7,163
13.0,10,13,8,164
13.0,10,13,9,165
13.0,10,13,10,166
13.0,10,13,11,166
13.0,10,13,12,167
13.0,10,13,13,168
13.0,10,13,14,168
13.0,10,13,15,169
13.0,10,14,0,159
13.0,10,14,1,160
13.0,10,14,2,160
13.0,10,14,3,161
13.0,10,14,4,162
13.0,10,14,5,163
13.0,10,14,6,163
13.0,10,14,7,164
13.0,10,14,8,165
13.0,10,14,9,166
13.0,10,14,10,166
13.0,10,14,11,167
13.0,10,14,12,168
13.0,10,14,13,169
13.0,10,14,14,169
13.0,10,14,15,170
13.0,10,15,0,160
13.0,10,15,1,160
13.0,10,15,2,161
13.0,10,15,3,162
13.0,10,15,4,163
13.0,10,15,5,163
13.0,10,15,6,164
13.0,10,15,7,165
13.0,10,15,8,166
13.0,10,15,9,166
13.0,10,15,10,167
13.0,10,15,11,168
13.0,10,15,12,169
13.0,10,15,13,169
13.0,10,15,14,170
13.0,10,15,15,171
13.0,11,0,0,149
13.0,11,0,1,150
13.0,11,0,2,150
13.0,11,0,3,151
13.0,11,0,4,152
13.0,11,0,5,153
13.0,11,0,6,153
13.0,11,0,7,154
13.0,11,0,8,155
13.0,11,0,9,155
13.0,11,0,10,156
13.0,11,0,11,157
13.0,11,0,12,157
13.0,11,0,13,158
13.0,11,0,14,159
13.0,11,0,15,160
13.0,11,1,0,150
13.0,11,1,1,151
13.0,11,1,2,151
13.0,11,1,3,152
13.0,11,1,4,153
13.0,11,1,5,153
13.0,11,1,6,154
13.0,11,1,7,155
13.0,11,1,8,156
13.0,11,1,9,156
13.0,11,1,10,157
13.0,11,1,11,158
13.0,11,1,12,158
13.0,11,1,13,159
13.0,11,1,14,160
13.0,11,1,15,161
13.0,11,2,0,151
13.0,11,2,1,151
13.0,11,2,2,152
13.0,11,2,3,153
13.0,11,2,4,154
13.0,11,2,5,154
13.0,11,2,6,155
13.0,11,2,7,156
13.0,11,2,8,157
13.0,11,2,9,157
13.0,11,2,10,158
13.0,11,2,11,159
13.0,11,2,12,159
13.0,11,2,13,160
13.0,11,2,14,161
13.0,11,2,15,161
13.0,11,3,0,152
13.0,11,3,1,152
13.0,11,3,2,153
13.0,11,3,3,154
13.0,11,3,4,155
13.0,11,3,5,155
13.0,11,3,6,156
13.0,11,3,7,157
13.0,11,3,8,157
13.0,11,3,9,158
13.0,11,3,10,159
13.0,11,3,11,160
13.0,11,3,12,160
13.0,11,3,13,161
13.0,11,3,14,162
13.0,11,3,15,162
13.0,11,4,0,152
13.0,11,4,1,153
13.0,11,4,2,154
13.0,11,4,3,155
13.0,11,4,4,155
13.0,11,4,5,156
13.0,11,4,6,157
13.0,11,4,7,158
13.0,11,4,8,158
13.0,11,4,9,159
13.0,11,4,10,160
13.0,11,4,11,161
13.0,11,4,12,161
13.0,11,4,13,162
13.0,11,4,14,163
13.0,11,4,15,163
13.0,11,5,0,153
13.0,11,5,1,154
13.0,11,5,2,155
13.0,11,5,3,156
13.0,11,5,4,156
13.0,11,5,5,157
13.0,11,5,6,158
13.0,11,5,7,159
13.0,11,5,8,159
13.0,11,5,9,160
13.0,11,5,10,161
13.0,11,5,11,161
13.0,11,5,12,162
13.0,11,5,13,163
13.0,11,5,14,164
13.0,11,5,15,164
13.0,11,6,0,154
13.0,11,6,1,155
13.0,11,6,2,156
13.0,11,6,3,157
13.0,11,6,4,157
13.0,11,6,5,158
13.0,11,6,6,159
13.0,11,6,7,159
13.0,11,6,8,160
13.0,11,6,9,161
13.0,11,6,10,162
13.0,11,6,11,162
13.0,11,6,12,163
13.0,11,6,13,164
13.0,11,6,14,165
13.0,11,6,15,165
13.0,11,7,0,155
13.0,11,7,1,156
13.0,11,7,2,157
13.0,11,7,3,157
13.0,11,7,4,158
13.0,11,7,5,159
13.0,11,7,6,160
13.0,11,7,7,160
13.0,11,7,8,161
13.0,11,7,9,162
13.0,11,7,10,163
13.0,11,7,11,163
13.0,11,7,12,164
13.0,11,7,13,165
13.0,11,7,14,165
13.0,11,7,15,166
13.0,11,8,0,156
13.0,11,8,1,157
13.0,11,8,2,158
13.0,11,8,3,158
13.0,11,8,4,159
13.0,11,8,5,160
13.0,11,8,6,161
13.0,11,8,7,161
13.0,11,8,8,162
13.0,11,8,9,163
13.0,11,8,10,163
13.0,11,8,11,164
13.0,11,8,12,165
13.0,11,8,13,166
13.0,11,8,14,166
13.0,11,8,15,167
13.0,11,9,0,157
13.0,11,9,1,158
13.0,11,9,2,158
13.0,11,9,3,159
13.0,11,9,4,160
13.0,11,9,5,161
13.0,11,9,6,161
13.0,11,9,7,162
13.0,11,9,8,163
13.0,11,9,9,164
13.0,11,9,10,164
13.0,11,9,11,165
13.0,11,9,12,166
13.0,11,9,13,167
13.0,11,9,14,167
13.0,11,9,15,168
13.0,11,10,0,158
13.0,11,10,1,158
13.0,11,10,2,159
13.0,11,10,3,160
13.0,11,10,4,161
13.0,11,10,5,162
13.0,11,10,6,162
13.0,11,10,7,163
13.0,11,10,8,164
13.0,11,10,9,165
13.0,11,10,10,165
13.0,11,10,11,166
13.0,11,10,12,167
13.0,11,10,13,167
13.0,11,10,14,168
13.0,11,10,15,169
13.0,11,11,0,159
13.0,11,11,1,159
13.0,11,11,2,160
13.0,11,11,3,161
13.0,11,11,4,162
13.0,11,11,5,162
13.0,11,11,6,163
13.0,11,11,7,164
13.0,11,11,8,165
13.0,11,11,9,165
13.0,11,11,10,166
13.0,11,11,11,167
13.0,11,11,12,168
13.0,11,11,13,168
13.0,11,11,14,169
13.0,11,11,15,170
13.0,11,12,0,159
13.0,11,12,1,160
13.0,11,12,2,161
13.0,11,12,3,162
13.0,11,12,4,162
13.0,11,12,5,163
13.0,11,12,6,164
13.0,11,12,7,165
13.0,11,12,8,166
13.0,11,12,9,166
13.0,11,12,10,167
13.0,11,12,11,168
13.0,11,12,12,169
13.0,11,12,13,169
13.0,11,12,14,170
13.0,11,12,15,171
13.0,11,13,0,160
13.0,11,13,1,161
13.0,11,13,2,162
13.0,11,13,3,163
13.0,11,13,4,163
13.0,11,13,5,164
13.0,11,13,6,165
13.0,11,13,7,166
13.0,11,13,8,166
13.0,11,13,9,167
13.0,11,13,10,168
13.0,11,13,11,169
13.0,11,13,12,169
13.0,11,13,13,170
13.0,11,13,14,171
13.0,11,13,15,172
13.0,11,14,0,161
13.0,11,14,1,162
13.0,11,14,2,163
13.0,11,14,3,163
13.0,11,14,4,164
13.0,11,14,5,165
13.0,11,14,6,166
13.0,11,14,7,167
13.0,11,14,8,167
13.0,11,14,9,168
13.0,11,14,10,169
13.0,11,14,11,170
13.0,11,14,12,170
13.0,11,14,13,171
13.0,11,14,14,172
13.0,11,14,15,173
13.0,11,15,0,162
13.0,11,15,1,163
13.0,11,15,2,163
13.0,11,15,3,164
13.0,11,15,4,165
13.0,11,15,5,166
13.0,11,15,6,167
13.0,11,15,7,167
13.0,11,15,8,168
13.0,11,15,9,169
13.0,11,15,10,170
13.0,11,15,11,170
13.0,11,15,12,171
13.0,11,15,13,172
13.0,11,15,14,173
13.0,11,15,15,173
13.0,12,0,0,151
13.0,12,0,1,152
13.0,12,0,2,153
13.0,12,0,3,153
13.0,12,0,4,154
13.0,12,0,5,155
13.0,12,0,6,155
13.0,12,0,7,156
13.0,12,0,8,157
13.0,12,0,9,158
13.0,12,0,10,158
13.0,12,0,11,159
13.0,12,0,12,160
13.0,12,0,13,160
13.0,12,0,14,161
13.0,12,0,15,162
13.0,12,1,0,152
13.0,12,1,1,153
13.0,12,1,2,153
13.0,12,1,3,154
13.0,12,1,4,155
13.0,12,1,5,156
13.0,12,1,6,156
13.0,12,1,7,157
13.0,12,1,8,158
13.0,12,1,9,159
13.0,12,1,10,159
13.0,12,1,11,160
13.0,12,1,12,161
13.0,12,1,13,161
13.0,12,1,14,162
13.0,12,1,15,163
13.0,12,2,0,153
13.0,12,2,1,154
13.0,12,2,2,154
13.0,12,2,3,155
13.0,12,2,4,156
13.0,12,2,5,157
13.0,12,2,6,157
13.0,12,2,7,158
13.0,12,2,8,159
13.0,12,2,9,160
13.0,12,2,10,160
13.0,12,2,11,161
13.0,12,2,12,162
13.0,12,2,13,162
13.0,12,2,14,163
13.0,12,2,15,164
13.0,12,3,0,154
13.0,12,3,1,155
13.0,12,3,2,155
13.0,12,3,3,156
13.0,12,3,4,157
13.0,12,3,5,158
13.0,12,3,6,158
13.0,12,3,7,159
13.0,12,3,8,160
13.0,12,3,9,160
13.0,12,3,10,161
13.0,12,3,11,162
13.0,12,3,12,163
13.0,12,3,13,163
13.0,12,3,14,164
13.0,12,3,15,165
13.0,12,4,0,155
13.0,12,4,1,155
13.0,12,4,2,156
13.0,12,4,3,157
13.0,12,4,4,158
13.0,12,4,5,158
13.0,12,4,6,159
13.0,12,4,7,160
13.0,12,4,8,161
13.0,12,4,9,161
13.0,12,4,10,162
13.0,12,4,11,163
13.0,12,4,12,164
13.0,12,4,13,164
13.0,12,4,14,165
13.0,12,4,15,166
13.0,12,5,0,156
13.0,12,5,1,156
13.0,12,5,2,157
13.0,12,5,3,158
13.0,12,5,4,159
13.0,12,5,5,159
13.0,12,5,6,160
13.0,12,5,7,161
13.0,12,5,8,162
13.0,12,5,9,162
13.0,12,5,10,163
13.0,12,5,11,164
13.0,12,5,12,164
13.0,12,5,13,165
13.0,12,5,14,166
13.0,12,5,15,167
13.0,12,6,0,156
13.0,12,6,1,157
13.0,12,6,2,158
13.0,12,6,3,159
13.0,12,6,4,160
13.0,12,6,5,160
13.0,12,6,6,161
13.0,12,6,7,162
13.0,12,6,8,162
13.0,12,6,9,163
13.0,12,6,10,164
13.0,12,6,11,165
13.0,12,6,12,165
13.0,12,6,13,166
13.0,12,6,14,167
13.0,12,6,15,168
13.0,12,7,0,157
13.0,12,7,1,158
13.0,12,7,2,159
13.0,12,7,3,160
13.0,12,7,4,160
13.0,12,7,5,161
13.0,12,7,6,162
13.0,12,7,7,163
13.0,12,7,8,163
13.0,12,7,9,164
13.0,12,7,10,165
13.0,12,7,11,166
13.0,12,7,12,166
13.0,12,7,13,167
13.0,12,7,14,168
13.0,12,7,15,169
13.0,12,8,0,158
13.0,12,8,1,159
13.0,12,8,2,160
13.0,12,8,3,161
13.0,12,8,4,161
13.0,12,8,5,162
13.0,12,8,6,163
13.0,12,8,7,164
13.0,12,8,8,164
13.0,12,8,9,165
13.0,12,8,10,166
13.0,12,8,11,167
13.0,12,8,12,167
13.0,12,8,13,168
13.0,12,8,14,169
13.0,12,8,15,169
13.0,12,9,0,159
13.0,12,9,1,160
13.0,12,9,2,161
13.0,12,9,3,161
13.0,12,9,4,162
13.0,12,9,5,163
13.0,12,9,6,164
13.0,12,9,7,164
13.0,12,9,8,165
13.0,12,9,9,166
13.0,12,9,10,167
13.0,12,9,11,167
13.0,12,9,12,168
13.0,12,9,13,169
13.0,12,9,14,170
13.0,12,9,15,170
13.0,12,10,0,160
13.0,12,10,1,161
13.0,12,10,2,162
13.0,12,10,3,162
13.0,12,10,4,163
13.0,12,10,5,164
13.0,12,10,6,165
13.0,12,10,7,165
13.0,12,10,8,166
13.0,12,10,9,167
13.0,12,10,10,168
13.0,12,10,11,168
13.0,12,10,12,169
13.0,12,10,13,170
13.0,12,10,14,171
13.0,12,10,15,171
13.0,12,11,0,161
13.0,12,11,1,162
13.0,12,11,2,162
13.0,12,11,3,163
13.0,12,11,4,164
13.0,12,11,5,165
13.0,12,11,6,165
13.0,12,11,7,166
13.0,12,11,8,167
13.0,12,11,9,168
13.0,12,11,10,169
13.0,12,11,11,169
13.0,12,11,12,170
13.0,12,11,13,171
13.0,12,11,14,172
13.0,12,11,15,172
13.0,12,12,0,162
13.0,12,12,1,162
13.0,12,12,2,163
13.0,12,12,3,164
13.0,12,12,4,165
13.0,12,12,5,166
13.0,12,12,6,166
13.0,12,12,7,167
13.0,12,12,8,168
13.0,12,12,9,169
13.0,12,12,10,169
13.0,12,12,11,170
13.0,12,12,12,171
13.0,12,12,13,172
13.0,12,12,14,172
13.0,12,12,15,173
13.0,12,13,0,163
13.0,12,13,1,163
13.0,12,13,2,164
13.0,12,13,3,165
13.0,12,13,4,166
13.0,12,13,5,166
13.0,12,13,6,167
13.0,12,13,7,168
13.0,12,13,8,169
13.0,12,13,9,170
13.0,12,13,10,170
13.0,12,13,11,171
13.0,12,13,12,172
13.0,12,13,13,173
13.0,12,13,14,173
13.0,12,13,15,174
13.0,12,14,0,163
13.0,12,14,1,164
13.0,12,14,2,165
13.0,12,14,3,166
13.0,12,14,4,167
13.0,12,14,5,167
13.0,12,14,6,168
13.0,12,14,7,169
13.0,12,14,8,170
13.0,12,14,9,170
13.0,12,14,10,171
13.0,12,14,11,172
13.0,12,14,12,173
13.0,12,14,13,173
13.0,12,14,14,174
13.0,12,14,15,175
13.0,12,15,0,164
13.0,12,15,1,165
13.0,12,15,2,166
13.0,12,15,3,167
13.0,12,15,4,167
13.0,12,15,5,168
13.0,12,15,6,169
13.0,12,15,7,170
13.0,12,15,8,171
13.0,12,15,9,171
13.0,12,15,10,172
13.0,12,15,11,173
13.0,12,15,12,174
13.0,12,15,13,174
13.0,12,15,14,175
13.0,12,15,15,176
13.0,13,0,0,153
13.0,13,0,1,154
13.0,13,0,2,155
13.0,13,0,3,155
13.0,13,0,4,156
13.0,13,0,5,157
13.0,13,0,6,158
13.0,13,0,7,158
13.0,13,0,8,159
13.0,13,0,9,160
13.0,13,0,10,161
13.0,13,0,11,161
13.0,13,0,12,162
13.0,13,0,13,163
13.0,13,0,14,163
13.0,13,0,15,164
13.0,13,1,0,154
13.0,13,1,1,155
13.0,13,1,2,156
13.0,13,1,3,156
13.0,13,1,4,157
13.0,13,1,5,158
13.0,13,1,6,159
13.0,13,1,7,159
13.0,13,1,8,160
13.0,13,1,9,161
13.0,13,1,10,162
13.0,13,1,11,162
13.0,13,1,12,163
13.0,13,1,13,164
13.0,13,1,14,164
13.0,13,1,15,165
13.0,13,2,0,155
13.0,13,2,1,156
13.0,13,2,2,157
13.0,13,2,3,157
13.0,13,2,4,158
13.0,13,2,5,159
13.0,13,2,6,160
13.0,13,2,7,160
13.0,13,2,8,161
13.0,13,2,9,162
13.0,13,2,10,162
13.0,13,2,11,163
13.0,13,2,12,164
13.0,13,2,13,165
13.0,13,2,14,165
13.0,13,2,15,166
13.0,13,3,0,156
13.0,13,3,1,157
13.0,13,3,2,157
13.0,13,3,3,158
13.0,13,3,4,159
13.0,13,3,5,160
13.0,13,3,6,160
13.0,13,3,7,161
13.0,13,3,8,162
13.0,13,3,9,163
13.0,13,3,10,163
13.0,13,3,11,164
13.0,13,3,12,165
13.0,13,3,13,166
13.0,13,3,14,166
13.0,13,3,15,167
13.0,13,4,0,157
13.0,13,4,1,158
13.0,13,4,2,158
13.0,13,4,3,159
13.0,13,4,4,160
13.0,13,4,5,161
13.0,13,4,6,161
13.0,13,4,7,162
13.0,13,4,8,163
13.0,13,4,9,164
13.0,13,4,10,164
13.0,13,4,11,165
13.0,13,4,12,166
13.0,13,4,13,167
13.0,13,4,14,167
13.0,13,4,15,168
13.0,13,5,0,158
13.0,13,5,1,159
13.0,13,5,2,159
13.0,13,5,3,160
13.0,13,5,4,161
13.0,13,5,5,162
13.0,13,5,6,162
13.0,13,5,7,163
13.0,13,5,8,164
13.0,13,5,9,165
13.0,13,5,10,165
13.0,13,5,11,166
13.0,13,5,12,167
13.0,13,5,13,168
13.0,13,5,14,168
13.0,13,5,15,169
13.0,13,6,0,159
13.0,13,6,1,159
13.0,13,6,2,160
13.0,13,6,3,161
13.0,13,6,4,162
13.0,13,6,5,163
13.0,13,6,6,163
13.0,13,6,7,164
13.0,13,6,8,165
13.0,13,6,9,166
13.0,13,6,10,166
13.0,13,6,11,167
13.0,13,6,12,168
13.0,13,6,13,169
13.0,13,6,14,169
13.0,13,6,15,170
13.0,13,7,0,160
13.0,13,7,1,160
13.0,13,7,2,161
13.0,13,7,3,162
13.0,13,7,4,163
13.0,13,7,5,163
13.0,13,7,6,164
13.0,13,7,7,165
13.0,13,7,8,166
13.0,13,7,9,166
13.0,13,7,10,167
13.0,13,7,11,168
13.0,13,7,12,169
13.0,13,7,13,169
13.0,13,7,14,170
13.0,13,7,15,171
13.0,13,8,0,160
13.0,13,8,1,161
13.0,13,8,2,162
13.0,13,8,3,163
13.0,13,8,4,164
13.0,13,8,5,164
13.0,13,8,6,165
13.0,13,8,7,166
13.0,13,8,8,167
13.0,13,8,9,167
13.0,13,8,10,168
13.0,13,8,11,169
13.0,13,8,12,170
13.0,13,8,13,170
13.0,13,8,14,171
13.0,13,8,15,172
13.0,13,9,0,161
13.0,13,9,1,162
13.0,13,9,2,163
13.0,13,9,3,164
13.0,13,9,4,164
13.0,13,9,5,165
13.0,13,9,6,166
13.0,13,9,7,167
13.0,13,9,8,168
13.0,13,9,9,168
13.0,13,9,10,169
13.0,13,9,11,170
13.0,13,9,12,171
13.0,13,9,13,171
13.0,13,9,14,172
13.0,13,9,15,173
13.0,13,10,0,162
13.0,13,10,1,163
13.0,13,10,2,164
13.0,13,10,3,165
13.0,13,10,4,165
13.0,13,10,5,166
13.0,13,10,6,167
13.0,13,10,7,168
13.0,13,10,8,168
13.0,13,10,9,169
13.0,13,10,10,170
13.0,13,10,11,171
13.0,13,10,12,172
13.0,13,10,13,172
13.0,13,10,14,173
13.0,13,10,15,174
13.0,13,11,0,163
13.0,13,11,1,164
13.0,13,11,2,165
13.0,13,11,3,165
13.0,13,11,4,166
13.0,13,11,5,167
13.0,13,11,6,168
13.0,13,11,7,169
13.0,13,11,8,169
13.0,13,11,9,170
13.0,13,11,10,171
13.0,13,11,11,172
13.0,13,11,12,172
13.0,13,11,13,173
13.0,13,11,14,174
13.0,13,11,15,175
13.0,13,12,0,164
13.0,13,12,1,165
13.0,13,12,2,166
13.0,13,12,3,166
13.0,13,12,4,167
13.0,13,12,5,168
13.0,13,12,6,169
13.0,13,12,7,169
13.0,13,12,8,170
13.0,13,12,9,171
13.0,13,12,10,172
13.0,13,12,11,173
13.0,13,12,12,173
13.0,13,12,13,174
13.0,13,12,14,175
13.0,13,12,15,176
13.0,13,13,0,165
13.0,13,13,1,166
13.0,13,13,2,166
13.0,13,13,3,167
13.0,13,13,4,168
13.0,13,13,5,169
13.0,13,13,6,170
13.0,13,13,7,170
13.0,13,13,8,171
13.0,13,13,9,172
13.0,13,13,10,173
13.0,13,13,11,173
13.0,13,13,12,174
13.0,13,13,13,175
13.0,13,13,14,176
13.0,13,13,15,177
13.0,13,14,0,166
13.0,13,14,1,166
13.0,13,14,2,167
13.0,13,14,3,168
13.0,13,14,4,169
13.0,13,14,5,170
13.0,13,14,6,170
13.0,13,14,7,171
13.0,13,14,8,172
13.0,13,14,9,173
13.0,13,14,10,174
13.0,13,14,11,174
13.0,13,14,12,175
13.0,13,14,13,176
13.0,13,14,14,177
13.0,13,14,15,177
13.0,13,15,0,167
13.0,13,15,1,167
13.0,13,15,2,168
13.0,13,15,3,169
13.0,13,15,4,170
13.0,13,15,5,171
13.0,13,15,6,171
13.0,13,15,7,172
13.0,13,15,8,173
13.0,13,15,9,174
13.0,13,15,10,175
13.0,13,15,11,175
13.0,13,15,12,176
13.0,13,15,13,177
13.0,13,15,14,178
13.0,13,15,15,178
13.0,14,0,0,155
13.0,14,0,1,156
13.0,14,0,2,157
13.0,14,0,3,158
13.0,14,0,4,158
13.0,14,0,5,159
13.0,14,0,6,160
13.0,14,0,7,161
13.0,14,0,8,161
13.0,14,0,9,162
13.0,14,0,10,163
13.0,14,0,11,164
13.0,14,0,12,164
13.0,14,0,13,165
13.0,14,0,14,166
13.0,14,0,15,166
13.0,14,1,0,156
13.0,14,1,1,157
13.0,14,1,2,158
13.0,14,1,3,159
13.0,14,1,4,159
13.0,14,1,5,160
13.0,14,1,6,161
13.0,14,1,7,162
13.0,14,1,8,162
13.0,14,1,9,163
13.0,14,1,10,164
13.0,14,1,11,165
13.0,14,1,12,165
13.0,14,1,13,166
13.0,14,1,14,167
13.0,14,1,15,167
13.0,14,2,0,157
13.0,14,2,1,158
13.0,14,2,2,159
13.0,14,2,3,160
13.0,14,2,4,160
13.0,14,2,5,161
13.0,14,2,6,162
13.0,14,2,7,163
13.0,14,2,8,163
13.0,14,2,9,164
13.0,14,2,10,165
13.0,14,2,11,165
13.0,14,2,12,166
13.0,14,2,13,167
13.0,14,2,14,168
13.0,14,2,15,168
13.0,14,3,0,158
13.0,14,3,1,159
13.0,14,3,2,160
13.0,14,3,3,160
13.0,14,3,4,161
13.0,14,3,5,162
13.0,14,3,6,163
13.0,14,3,7,163
13.0,14,3,8,164
13.0,14,3,9,165
13.0,14,3,10,166
13.0,14,3,11,166
13.0,14,3,12,167
13.0,14,3,13,168
13.0,14,3,14,169
13.0,14,3,15,169
13.0,14,4,0,159
13.0,14,4,1,160
13.0,14,4,2,161
13.0,14,4,3,161
13.0,14,4,4,162
13.0,14,4,5,163
13.0,14,4,6,164
13.0,14,4,7,164
13.0,14,4,8,165
13.0,14,4,9,166
13.0,14,4,10,167
13.0,14,4,11,167
13.0,14,4,12,168
13.0,14,4,13,169
13.0,14,4,14,170
13.0,14,4,15,170
13.0,14,5,0,160
13.0,14,5,1,161
13.0,14,5,2,162
13.0,14,5,3,162
13.0,14,5,4,163
13.0,14,5,5,164
13.0,14,5,6,165
13.0,14,5,7,165
13.0,14,5,8,166
13.0,14,5,9,167
13.0,14,5,10,168
13.0,14,5,11,168
13.0,14,5,12,169
13.0,14,5,13,170
13.0,14,5,14,171
13.0,14,5,15,171
13.0,14,6,0,161
13.0,14,6,1,162
13.0,14,6,2,162
13.0,14,6,3,163
13.0,14,6,4,164
13.0,14,6,5,165
13.0,14,6,6,166
13.0,14,6,7,166
13.0,14,6,8,167
13.0,14,6,9,168
13.0,14,6,10,169
13.0,14,6,11,169
13.0,14,6,12,170
13.0,14,6,13,171
13.0,14,6,14,172
13.0,14,6,15,172
13.0,14,7,0,162
13.0,14,7,1,163
13.0,14,7,2,163
13.0,14,7,3,164
13.0,14,7,4,165
13.0,14,7,5,166
13.0,14,7,6,166
13.0,14,7,7,167
13.0,14,7,8,168
13.0,14,7,9,169
13.0,14,7,10,170
13.0,14,7,11,170
13.0,14,7,12,171
13.0,14,7,13,172
13.0,14,7,14,173
13.0,14,7,15,173
13.0,14,8,0,163
13.0,14,8,1,163
13.0,14,8,2,164
13.0,14,8,3,165
13.0,14,8,4,166
13.0,14,8,5,167
13.0,14,8,6,167
13.0,14,8,7,168
13.0,14,8,8,169
13.0,14,8,9,170
13.0,14,8,10,170
13.0,14,8,11,171
13.0,14,8,12,172
13.0,14,8,13,173
13.0,14,8,14,174
13.0,14,8,15,174
13.0,14,9,0,164
13.0,14,9,1,164
13.0,14,9,2,165
13.0,14,9,3,166
13.0,14,9,4,167
13.0,14,9,5,168
13.0,14,9,6,168
13.0,14,9,7,169
13.0,14,9,8,170
13.0,14,9,9,171
13.0,14,9,10,171
13.0,14,9,11,172
13.0,14,9,12,173
13.0,14,9,13,174
13.0,14,9,14,174
13.0,14,9,15,175
13.0,14,10,0,164
13.0,14,10,1,165
13.0,14,10,2,166
13.0,14,10,3,167
13.0,14,10,4,168
13.0,14,10,5,168
13.0,14,10,6,169
13.0,14,10,7,170
13.0,14,10,8,171
13.0,14,10,9,172
13.0,14,10,10,172
13.0,14,10,11,173
13.0,14,10,12,174
13.0,14,10,13,175
13.0,14,10,14,175
13.0,14,10,15,176
13.0,14,11,0,165
13.0,14,11,1,166
13.0,14,11,2,167
13.0,14,11,3,168
13.0,14,11,4,169
13.0,14,11,5,169
13.0,14,11,6,170
13.0,14,11,7,171
13.0,14,11,8,172
13.0,14,11,9,173
13.0,14,11,10,173
13.0,14,11,11,174
13.0,14,11,12,175
13.0,14,11,13,176
13.0,14,11,14,176
13.0,14,11,15,177
13.0,14,12,0,166
13.0,14,12,1,167
13.0,14,12,2,168
13.0,14,12,3,169
13.0,14,12,4,169
13.0,14,12,5,170
13.0,14,12,6,171
13.0,14,12,7,172
13.0,14,12,8,173
13.0,14,12,9,173
13.0,14,12,10,174
13.0,14,12,11,175
13.0,14,12,12,176
13.0,14,12,13,177
13.0,14,12,14,177
13.0,14,12,15,178
13.0,14,13,0,167
13.0,14,13,1,168
13.0,14,13,2,169
13.0,14,13,3,170
13.0,14,13,4,170
13.0,14,13,5,171
13.0,14,13,6,172
13.0,14,13,7,173
13.0,14,13,8,174
13.0,14,13,9,174
13.0,14,13,10,175
13.0,14,13,11,176
13.0,14,13,12,177
13.0,14,13,13,177
13.0,14,13,14,178
13.0,14,13,15,179
13.0,14,14,0,168
13.0,14,14,1,169
13.0,14,14,2,170
13.0,14,14,3,170
13.0,14,14,4,171
13.0,14,14,5,172
13.0,14,14,6,173
13.0,14,14,7,174
13.0,14,14,8,174
13.0,14,14,9,175
13.0,14,14,10,176
13.0,14,14,11,177
13.0,14,14,12,178
13.0,14,14,13,178
13.0,14,14,14,179
13.0,14,14,15,180
13.0,14,15,0,169
13.0,14,15,1,170
13.0,14,15,2,170
13.0,14,15,3,171
13.0,14,15,4,172
13.0,14,15,5,173
13.0,14,15,6,174
13.0,14,15,7,175
13.0,14,15,8,175
13.0,14,15,9,176
13.0,14,15,10,177
13.0,14,15,11,178
13.0,14,15,12,179
13.0,14,15,13,179
13.0,14,15,14,180
13.0,14,15,15,181
13.0,15,0,0,157
13.0,15,0,1,158
13.0,15,0,2,159
13.0,15,0,3,160
13.0,15,0,4,161
13.0,15,0,5,161
13.0,15,0,6,162
13.0,15,0,7,163
13.0,15,0,8,164
13.0,15,0,9,164
13.0,15,0,10,165
13.0,15,0,11,166
13.0,15,0,12,167
13.0,15,0,13,167
13.0,15,0,14,168
13.0,15,0,15,169
13.0,15,1,0,158
13.0,15,1,1,159
13.0,15,1,2,160
13.0,15,1,3,161
13.0,15,1,4,162
13.0,15,1,5,162
13.0,15,1,6,163
13.0,15,1,7,164
13.0,15,1,8,165
13.0,15,1,9,165
13.0,15,1,10,166
13.0,15,1,11,167
13.0,15,1,12,168
13.0,15,1,13,168
13.0,15,1,14,169
13.0,15,1,15,170
13.0,15,2,0,159
13.0,15,2,1,160
13.0,15,2,2,161
13.0,15,2,3,162
13.0,15,2,4,162
13.0,15,2,5,163
13.0,15,2,6,164
13.0,15,2,7,165
13.0,15,2,8,166
13.0,15,2,9,166
13.0,15,2,10,167
13.0,15,2,11,168
13.0,15,2,12,169
13.0,15,2,13,169
13.0,15,2,14,170
13.0,15,2,15,171
13.0,15,3,0,160
13.0,15,3,1,161
13.0,15,3,2,162
13.0,15,3,3,163
13.0,15,3,4,163
13.0,15,3,5,164
13.0,15,3,6,165
13.0,15,3,7,166
13.0,15,3,8,166
13.0,15,3,9,167
13.0,15,3,10,168
13.0,15,3,11,169
13.0,15,3,12,170
13.0,15,3,13,170
13.0,15,3,14,171
13.0,15,3,15,172
13.0,15,4,0,161
13.0,15,4,1,162
13.0,15,4,2,163
13.0,15,4,3,164
13.0,15,4,4,164
13.0,15,4,5,165
13.0,15,4,6,166
13.0,15,4,7,167
13.0,15,4,8,167
13.0,15,4,9,168
13.0,15,4,10,169
13.0,15,4,11,170
13.0,15,4,12,170
13.0,15,4,13,171
13.0,15,4,14,172
13.0,15,4,15,173
13.0,15,5,0,162
13.0,15,5,1,163
13.0,15,5,2,164
13.0,15,5,3,165
13.0,15,5,4,165
13.0,15,5,5,166
13.0,15,5,6,167
13.0,15,5,7,168
13.0,15,5,8,168
13.0,15,5,9,169
13.0,15,5,10,170
13.0,15,5,11,171
13.0,15,5,12,171
13.0,15,5,13,172
13.0,15,5,14,173
13.0,15,5,15,174
13.0,15,6,0,163
13.0,15,6,1,164
13.0,15,6,2,165
13.0,15,6,3,165
13.0,15,6,4,166
13.0,15,6,5,167
13.0,15,6,6,168
13.0,15,6,7,169
13.0,15,6,8,169
13.0,15,6,9,170
13.0,15,6,10,171
13.0,15,6,11,172
13.0,15,6,12,172
13.0,15,6,13,173
13.0,15,6,14,174
13.0,15,6,15,175
13.0,15,7,0,164
13.0,15,7,1,165
13.0,15,7,2,166
13.0,15,7,3,166
13.0,15,7,4,167
13.0,15,7,5,168
13.0,15,7,6,169
13.0,15,7,7,170
13.0,15,7,8,170
13.0,15,7,9,171
13.0,15,7,10,172
13.0,15,7,11,173
13.0,15,7,12,173
13.0,15,7,13,174
13.0,15,7,14,175
13.0,15,7,15,176
13.0,15,8,0,165
13.0,15,8,1,166
13.0,15,8,2,167
13.0,15,8,3,167
13.0,15,8,4,168
13.0,15,8,5,169
13.0,15,8,6,170
13.0,15,8,7,170
13.0,15,8,8,171
13.0,15,8,9,172
13.0,15,8,10,173
13.0,15,8,11,174
13.0,15,8,12,174
13.0,15,8,13,175
13.0,15,8,14,176
13.0,15,8,15,177
13.0,15,9,0,166
13.0,15,9,1,167
13.0,15,9,2,167
13.0,15,9,3,168
13.0,15,9,4,169
13.0,15,9,5,170
13.0,15,9,6,171
13.0,15,9,7,171
13.0,15,9,8,172
13.0,15,9,9,173
13.0,15,9,10,174
13.0,15,9,11,175
13.0,15,9,12,175
13.0,15,9,13,176
13.0,15,9,14,177
13.0,15,9,15,178
13.0,15,10,0,167
13.0,15,10,1,168
13.0,15,10,2,168
13.0,15,10,3,169
13.0,15,10,4,170
13.0,15,10,5,171
13.0,15,10,6,172
13.0,15,10,7,172
13.0,15,10,8,173
13.0,15,10,9,174
13.0,15,10,10,175
13.0,15,10,11,176
13.0,15,10,12,176
13.0,15,10,13,177
13.0,15,10,14,178
13.0,15,10,15,179
13.0,15,11,0,168
13.0,15,11,1,168
13.0,15,11,2,169
13.0,15,11,3,170
13.0,15,11,4,171
13.0,15,11,5,172
13.0,15,11,6,172
13.0,15,11,7,173
13.0,15,11,8,174
13.0,15,11,9,175
13.0,15,11,10,176
13.0,15,11,11,176
13.0,15,11,12,177
13.0,15,11,13,178
13.0,15,11,14,179
13.0,15,11,15,180
13.0,15,12,0,169
13.0,15,12,1,169
13.0,15,12,2,170
13.0,15,12,3,171
13.0,15,12,4,172
13.0,15,12,5,173
13.0,15,12,6,173
13.0,15,12,7,174
13.0,15,12,8,175
13.0,15,12,9,176
13.0,15,12,10,177
13.0,15,12,11,177
13.0,15,12,12,178
13.0,15,12,13,179
13.0,15,12,14,180
13.0,15,12,15,181
13.0,15,13,0,169
13.0,15,13,1,170
13.0,15,13,2,171
13.0,15,13,3,172
13.0,15,13,4,173
13.0,15,13,5,174
13.0,15,13,6,174
13.0,15,13,7,175
13.0,15,13,8,176
13.0,15,13,9,177
13.0,15,13,10,178
13.0,15,13,11,178
13.0,15,13,12,179
13.0,15,13,13,180
13.0,15,13,14,181
13.0,15,13,15,181
13.0,15,14,0,170
13.0,15,14,1,171
13.0,15,14,2,172
13.0,15,14,3,173
13.0,15,14,4,174
13.0,15,14,5,174
13.0,15,14,6,175
13.0,15,14,7,176
13.0,15,14,8,177
13.0,15,14,9,178
13.0,15,14,10,178
13.0,15,14,11,179
13.0,15,14,12,180
13.0,15,14,13,181
13.0,15,14,14,182
13.0,15,14,15,182
13.0,15,15,0,171
13.0,15,15,1,172
13.0,15,15,2,173
13.0,15,15,3,174
13.0,15,15,4,174
13.0,15,15,5,175
13.0,15,15,6,176
13.0,15,15,7,177
13.0,15,15,8,178
13.0,15,15,9,179
13.0,15,15,10,179
13.0,15,15,11,180
13.0,15,15,12,181
13.0,15,15,13,182
13.0,15,15,14,183
13.0,15,15,15,183
13.5,0,0,0,130
13.5,0,0,1,131
13.5,0,0,2,132
13.5,0,0,3,132
13.5,0,0,4,133
13.5,0,0,5,133
13.5,0,0,6,134
13.5,0,0,7,135
13.5,0,0,8,135
13.5,0,0,9,136
13.5,0,0,10,137
13.5,0,0,11,137
13.5,0,0,12,138
13.5,0,0,13,138
13.5,0,0,14,139
13.5,0,0,15,140
13.5,0,1,0,131
13.5,0,1,1,132
13.5,0,1,2,132
13.5,0,1,3,133
13.5,0,1,4,134
13.5,0,1,5,134
13.5,0,1,6,135
13.5,0,1,7,136
13.5,0,1,8,136
13.5,0,1,9,137
13.5,0,1,10,137
13.5,0,1,11,138
13.5,0,1,12,139
13.5,0,1,13,139
13.5,0,1,14,140
13.5,0,1,15,140
13.5,0,2,0,132
13.5,0,2,1,133
13.5,0,2,2,133
13.5,0,2,3,134
13.5,0,2,4,134
13.5,0,2,5,135
13.5,0,2,6,136
13.5,0,2,7,136
13.5,0,2,8,137
13.5,0,2,9,138
13.5,0,2,10,138
13.5,0,2,11,139
13.5,0,2,12,139
13.5,0,2,13,140
13.5,0,2,14,141
13.5,0,2,15,141
13.5,0,3,0,133
13.5,0,3,1,133
13.5,0,3,2,134
13.5,0,3,3,135
13.5,0,3,4,135
13.5,0,3,5,136
13.5,0,3,6,137
13.5,0,3,7,137
13.5,0,3,8,138
13.5,0,3,9,138
13.5,0,3,10,139
13.5,0,3,11,140
13.5,0,3,12,140
13.5,0,3,13,141
13.5,0,3,14,141
13.5,0,3,15,142
13.5,0,4,0,133
13.5,0,4,1,134
13.5,0,4,2,135
13.5,0,4,3,135
13.5,0,4,4,136
13.5,0,4,5,137
13.5,0,4,6,137
13.5,0,4,7,138
13.5,0,4,8,139
13.5,0,4,9,139
13.5,0,4,10,140
13.5,0,4,11,140
13.5,0,4,12,141
13.5,0,4,13,142
13.5,0,4,14,142
13.5,0,4,15,143
13.5,0,5,0,134
13.5,0,5,1,135
13.5,0,5,2,135
13.5,0,5,3,136
13.5,0,5,4,137
13.5,0,5,5,137
13.5,0,5,6,138
13.5,0,5,7,139
13.5,0,5,8,139
13.5,0,5,9,140
13.5,0,5,10,141
13.5,0,5,11,141
13.5,0,5,12,142
13.5,0,5,13,143
13.5,0,5,14,143
13.5,0,5,15,144
13.5,0,6,0,135
13.5,0,6,1,136
13.5,0,6,2,136
13.5,0,6,3,137
13.5,0,6,4,138
13.5,0,6,5,138
13.5,0,6,6,139
13.5,0,6,7,140
13.5,0,6,8,140
13.5,0,6,9,141
13.5,0,6,10,141
13.5,0,6,11,142
13.5,0,6,12,143
13.5,0,6,13,143
13.5,0,6,14,144
13.5,0,6,15,145
13.5,0,7,0,136
13.5,0,7,1,136
13.5,0,7,2,137
13.5,0,7,3,138
13.5,0,7,4,138
13.5,0,7,5,139
13.5,0,7,6,140
13.5,0,7,7,140
13.5,0,7,8,141
13.5,0,7,9,142
13.5,0,7,10,142
13.5,0,7,11,143
13.5,0,7,12,143
13.5,0,7,13,144
13.5,0,7,14,145
13.5,0,7,15,145
13.5,0,8,0,136
13.5,0,8,1,137
13.5,0,8,2,138
13.5,0,8,3,138
13.5,0,8,4,139
13.5,0,8,5,140
13.5,0,8,6,140
13.5,0,8,7,141
13.5,0,8,8,142
13.5,0,8,9,142
13.5,0,8,10,143
13.5,0,8,11,144
13.5,0,8,12,144
13.5,0,8,13,145
13.5,0,8,14,146
13.5,0,8,15,146
13.5,0,9,0,137
13.5,0,9,1,138
13.5,0,9,2,139
13.5,0,9,3,139
13.5,0,9,4,140
13.5,0,9,5,141
13.5,0,9,6,141
13.5,0,9,7,142
13.5,0,9,8,143
13.5,0,9,9,143
13.5,0,9,10,144
13.5,0,9,11,144
13.5,0,9,12,145
13.5,0,9,13,146
13.5,0,9,14,146
13.5,0,9,15,147
13.5,0,10,0,138
13.5,0,10,1,139
13.5,0,10,2,139
13.5,0,10,3,140
13.5,0,10,4,141
13.5,0,10,5,141
13.5,0,10,6,142
13.5,0,10,7,143
13.5,0,10,8,143
13.5,0,10,9,144
13.5,0,10,10,145
13.5,0,10,11,145
13.5,0,10,12,146
13.5,0,10,13,147
13.5,0,10,14,147
13.5,0,10,15,148
13.5,0,11,0,139
13.5,0,11,1,139
13.5,0,11,2,140
13.5,0,11,3,141
13.5,0,11,4,141
13.5,0,11,5,142
13.5,0,11,6,143
13.5,0,11,7,143
13.5,0,11,8,144
13.5,0,11,9,145
13.5,0,11,10,145
13.5,0,11,11,146
13.5,0,11,12,147
13.5,0,11,13,147
13.5,0,11,14,148
13.5,0,11,15,149
13.5,0,12,0,139
13.5,0,12,1,140
13.5,0,12,2,141
13.5,0,12,3,141
13.5,0,12,4,142
13.5,0,12,5,143
13.5,0,12,6,143
13.5,0,12,7,144
13.5,0,12,8,145
13.5,0,12,9,145
13.5,0,12,10,146
13.5,0,12,11,147
13.5,0,12,12,147
13.5,0,12,13,148
13.5,0,12,14,149
13.5,0,12,15,149
13.5,0,13,0,140
13.5,0,13,1,141
13.5,0,13,2,142
13.5,0,13,3,142
13.5,0,13,4,143
13.5,0,13,5,144
13.5,0,13,6,144
13.5,0,13,7,145
13.5,0,13,8,146
13.5,0,13,9,146
13.5,0,13,10,147
13.5,0,13,11,148
13.5,0,13,12,148
13.5,0,13,13,149
13.5,0,13,14,150
13.5,0,13,15,150
13.5,0,14,0,141
13.5,0,14,1,142
13.5,0,14,2,142
13.5,0,14,3,143
13.5,0,14,4,144
13.5,0,14,5,144
13.5,0,14,6,145
13.5,0,14,7,146
13.5,0,14,8,146
13.5,0,14,9,147
13.5,0,14,10,148
13.5,0,14,11,148
13.5,0,14,12,149
13.5,0,14,13,150
13.5,0,14,14,150
13.5,0,14,15,151
13.5,0,15,0,142
13.5,0,15,1,142
13.5,0,15,2,143
13.5,0,15,3,144
13.5,0,15,4,144
13.5,0,15,5,145
13.5,0,15,6,146
13.5,0,15,7,146
13.5,0,15,8,147
13.5,0,15,9,148
13.5,0,15,10,148
13.5,0,15,11,149
13.5,0,15,12,150
13.5,0,15,13,150
13.5,0,15,14,151
13.5,0,15,15,152
13.5,1,0,0,133
13.5,1,0,1,133
13.5,1,0,2,134
13.5,1,0,3,134
13.5,1,0,4,135
13.5,1,0,5,136
13.5,1,0,6,136
13.5,1,0,7,137
13.5,1,0,8,138
13.5,1,0,9,138
13.5,1,0,10,139
13.5,1,0,11,140
13.5,1,0,12,140
13.5,1,0,13,141
13.5,1,0,14,141
13.5,1,0,15,142
13.5,1,1,0,133
13.5,1,1,1,134
13.5,1,1,2,135
13.5,1,1,3,135
13.5,1,1,4,136
13.5,1,1,5,137
13.5,1,1,6,137
13.5,1,1,7,138
13.5,1,1,8,138
13.5,1,1,9,139
13.5,1,1,10,140
13.5,1,1,11,140
13.5,1,1,12,141
13.5,1,1,13,142
13.5,1,1,14,142
13.5,1,1,15,143
13.5,1,2,0,134
13.5,1,2,1,135
13.5,1,2,2,135
13.5,1,2,3,136
13.5,1,2,4,137
13.5,1,2,5,137
13.5,1,2,6,138
13.5,1,2,7,139
13.5,1,2,8,139
13.5,1,2,9,140
13.5,1,2,10,141
13.5,1,2,11,141
13.5,1,2,12,142
13.5,1,2,13,142
13.5,1,2,14,143
13.5,1,2,15,144
13.5,1,3,0,135
13.5,1,3,1,136
13.5,1,3,2,136
13.5,1,3,3,137
13.5,1,3,4,138
13.5,1,3,5,138
13.5,1,3,6,139
13.5,1,3,7,139
13.5,1,3,8,140
13.5,1,3,9,141
13.5,1,3,10,141
13.5,1,3,11,142
13.5,1,3,12,143
13.5,1,3,13,143
13.5,1,3,14,144
13.5,1,3,15,145
13.5,1,4,0,136
13.5,1,4,1,136
13.5,1,4,2,137
13.5,1,4,3,138
13.5,1,4,4,138
13.5,1,4,5,139
13.5,1,4,6,140
13.5,1,4,7,140
13.5,1,4,8,141
13.5,1,4,9,142
13.5,1,4,10,142
13.5,1,4,11,143
13.5,1,4,12,143
13.5,1,4,13,144
13.5,1,4,14,145
13.5,1,4,15,145
13.5,1,5,0,136
13.5,1,5,1,137
13.5,1,5,2,138
13.5,1,5,3,138
13.5,1,5,4,139
13.5,1,5,5,140
13.5,1,5,6,140
13.5,1,5,7,141
13.5,1,5,8,142
13.5,1,5,9,142
13.5,1,5,10,143
13.5,1,5,11,144
13.5,1,5,12,144
13.5,1,5,13,145
13.5,1,5,14,146
13.5,1,5,15,146
13.5,1,6,0,137
13.5,1,6,1,138
13.5,1,6,2,139
13.5,1,6,3,139
13.5,1,6,4,140
13.5,1,6,5,141
13.5,1,6,6,141
13.5,1,6,7,142
13.5,1,6,8,143
13.5,1,6,9,143
13.5,1,6,10,144
13.5,1,6,11,144
13.5,1,6,12,145
13.5,1,6,13,146
13.5,1,6,14,146
13.5,1,6,15,147
13.5,1,7,0,138
13.5,1,7,1,139
13.5,1,7,2,139
13.5,1,7,3,140
13.5,1,7,4,141
13.5,1,7,5,141
13.5,1,7,6,142
13.5,1,7,7,143
13.5,1,7,8,143
13.5,1,7,9,144
13.5,1,7,10,145
13.5,1,7,11,145
13.5,1,7,12,146
13.5,1,7,13,147
13.5,1,7,14,147
13.5,1,7,15,148
13.5,1,8,0,139
13.5,1,8,1,139
13.5,1,8,2,140
13.5,1,8,3,141
13.5,1,8,4,141
13.5,1,8,5,142
13.5,1,8,6,143
13.5,1,8,7,143
13.5,1,8,8,144
13.5,1,8,9,145
13.5,1,8,10,145
13.5,1,8,11,146
13.5,1,8,12,147
13.5,1,8,13,147
13.5,1,8,14,148
13.5,1,8,15,149
13.5,1,9,0,140
13.5,1,9,1,140
13.5,1,9,2,141
13.5,1,9,3,142
13.5,1,9,4,142
13.5,1,9,5,143
13.5,1,9,6,144
13.5,1,9,7,144
13.5,1,9,8,145
13.5,1,9,9,146
13.5,1,9,10,146
13.5,1,9,11,147
13.5,1,9,12,148
13.5,1,9,13,148
13.5,1,9,14,149
13.5,1,9,15,149
13.5,1,10,0,140
13.5,1,10,1,141
13.5,1,10,2,142
13.5,1,10,3,142
13.5,1,10,4,143
13.5,1,10,5,144
13.5,1,10,6,144
13.5,1,10,7,145
13.5,1,10,8,146
13.5,1,10,9,146
13.5,1,10,10,147
13.5,1,10,11,148
13.5,1,10,12,148
13.5,1,10,13,149
13.5,1,10,14,150
13.5,1,10,15,150
13.5,1,11,0,141
13.5,1,11,1,142
13.5,1,11,2,142
13.5,1,11,3,143
13.5,1,11,4,144
13.5,1,11,5,144
13.5,1,11,6,145
13.5,1,11,7,146
13.5,1,11,8,147
13.5,1,11,9,147
13.5,1,11,10,148
13.5,1,11,11,148
13.5,1,11,12,149
13.5,1,11,13,150
13.5,1,11,14,150
13.5,1,11,15,151
13.5,1,12,0,142
13.5,1,12,1,143
13.5,1,12,2,143
13.5,1,12,3,144
13.5,1,12,4,145
13.5,1,12,5,145
13.5,1,12,6,146
13.5,1,12,7,147
13.5,1,12,8,147
13.5,1,12,9,148
13.5,1,12,10,149
13.5,1,12,11,149
13.5,1,12,12,150
13.5,1,12,13,151
13.5,1,12,14,151
13.5,1,12,15,152
13.5,1,13,0,143
13.5,1,13,1,143
13.5,1,13,2,144
13.5,1,13,3,145
13.5,1,13,4,145
13.5,1,13,5,146
13.5,1,13,6,147
13.5,1,13,7,147
13.5,1,13,8,148
13.5,1,13,9,149
13.5,1,13,10,149
13.5,1,13,11,150
13.5,1,13,12,151
13.5,1,13,13,151
13.5,1,13,14,152
13.5,1,13,15,153
13.5,1,14,0,143
13.5,1,14,1,144
13.5,1,14,2,145
13.5,1,14,3,145
13.5,1,14,4,146
13.5,1,14,5,147
13.5,1,14,6,147
13.5,1,14,7,148
13.5,1,14,8,149
13.5,1,14,9,150
13.5,1,14,10,150
13.5,1,14,11,151
13.5,1,14,12,152
13.5,1,14,13,152
13.5,1,14,14,153
13.5,1,14,15,154
13.5,1,15,0,144
13.5,1,15,1,145
13.5,1,15,2,145
13.5,1,15,3,146
13.5,1,15,4,147
13.5,1,15,5,148
13.5,1,15,6,148
13.5,1,15,7,149
13.5,1,15,8,150
13.5,1,15,9,150
13.5,1,15,10,151
13.5,1,15,11,152
13.5,1,15,12,152
13.5,1,15,13,153
13.5,1,15,14,154
13.5,1,15,15,154
13.5,2,0,0,135
13.5,2,0,1,135
13.5,2,0,2,136
13.5,2,0,3,137
13.5,2,0,4,137
13.5,2,0,5,138
13.5,2,0,6,139
13.5,2,0,7,139
13.5,2,0,8,140
13.5,2,0,9,141
13.5,2,0,10,141
13.5,2,0,11,142
13.5,2,0,12,142
13.5,2,0,13,143
13.5,2,0,14,144
13.5,2,0,15,144
13.5,2,1,0,136
13.5,2,1,1,136
13.5,2,1,2,137
13.5,2,1,3,138
13.5,2,1,4,138
13.5,2,1,5,139
13.5,2,1,6,139
13.5,2,1,7,140
13.5,2,1,8,141
13.5,2,1,9,141
13.5,2,1,10,142
13.5,2,1,11,143
13.5,2,1,12,143
13.5,2,1,13,144
13.5,2,1,14,145
13.5,2,1,15,145
13.5,2,2,0,136
13.5,2,2,1,137
13.5,2,2,2,138
13.5,2,2,3,138
13.5,2,2,4,139
13.5,2,2,5,140
13.5,2,2,6,140
13.5,2,2,7,141
13.5,2,2,8,142
13.5,2,2,9,142
13.5,2,2,10,143
13.5,2,2,11,144
13.5,2,2,12,144
13.5,2,2,13,145
13.5,2,2,14,145
13.5,2,2,15,146
13.5,2,3,0,137
13.5,2,3,1,138
13.5,2,3,2,138
13.5,2,3,3,139
13.5,2,3,4,140
13.5,2,3,5,140
13.5,2,3,6,141
13.5,2,3,7,142
13.5,2,3,8,142
13.5,2,3,9,143
13.5,2,3,10,144
13.5,2,3,11,144
13.5,2,3,12,145
13.5,2,3,13,146
13.5,2,3,14,146
13.5,2,3,15,147
13.5,2,4,0,138
13.5,2,4,1,139
13.5,2,4,2,139
13.5,2,4,3,140
13.5,2,4,4,141
13.5,2,4,5,141
13.5,2,4,6,142
13.5,2,4,7,143
13.5,2,4,8,143
13.5,2,4,9,144
13.5,2,4,10,145
13.5,2,4,11,145
13.5,2,4,12,146
13.5,2,4,13,147
13.5,2,4,14,147
13.5,2,4,15,148
13.5,2,5,0,139
13.5,2,5,1,139
13.5,2,5,2,140
13.5,2,5,3,141
13.5,2,5,4,141
13.5,2,5,5,142
13.5,2,5,6,143
13.5,2,5,7,143
13.5,2,5,8,144
13.5,2,5,9,145
13.5,2,5,10,145
13.5,2,5,11,146
13.5,2,5,12,147
13.5,2,5,13,147
13.5,2,5,14,148
13.5,2,5,15,149
13.5,2,6,0,140
13.5,2,6,1,140
13.5,2,6,2,141
13.5,2,6,3,142
13.5,2,6,4,142
13.5,2,6,5,143
13.5,2,6,6,144
13.5,2,6,7,144
13.5,2,6,8,145
13.5,2,6,9,146
13.5,2,6,10,146
13.5,2,6,11,147
13.5,2,6,12,148
13.5,2,6,13,148
13.5,2,6,14,149
13.5,2,6,15,149
13.5,2,7,0,140
13.5,2,7,1,141
13.5,2,7,2,142
13.5,2,7,3,142
13.5,2,7,4,143
13.5,2,7,5,144
13.5,2,7,6,144
13.5,2,7,7,145
13.5,2,7,8,146
13.5,2,7,9,146
13.5,2,7,10,147
13.5,2,7,11,148
13.5,2,7,12,148
13.5,2,7,13,149
13.5,2,7,14,150
13.5,2,7,15,150
13.5,2,8,0,141
13.5,2,8,1,142
13.5,2,8,2,142
13.5,2,8,3,143
13.5,2,8,4,144
13.5,2,8,5,145
13.5,2,8,6,145
13.5,2,8,7,146
13.5,2,8,8,147
13.5,2,8,9,147
13.5,2,8,10,148
13.5,2,8,11,149
13.5,2,8,12,149
13.5,2,8,13,150
13.5,2,8,14,151
13.5,2,8,15,151
13.5,2,9,0,142
13.5,2,9,1,143
13.5,2,9,2,143
13.5,2,9,3,144
13.5,2,9,4,145
13.5,2,9,5,145
13.5,2,9,6,146
13.5,2,9,7,147
13.5,2,9,8,147
13.5,2,9,9,148
13.5,2,9,10,149
13.5,2,9,11,149
13.5,2,9,12,150
13.5,2,9,13,151
13.5,2,9,14,151
13.5,2,9,15,152
13.5,2,10,0,143
13.5,2,10,1,143
13.5,2,10,2,144
13.5,2,10,3,145
13.5,2,10,4,145
13.5,2,10,5,146
13.5,2,10,6,147
13.5,2,10,7,147
13.5,2,10,8,148
13.5,2,10,9,149
13.5,2,10,10,149
13.5,2,10,11,150
13.5,2,10,12,151
13.5,2,10,13,151
13.5,2,10,14,152
13.5,2,10,15,153
13.5,2,11,0,143
13.5,2,11,1,144
13.5,2,11,2,145
13.5,2,11,3,146
13.5,2,11,4,146
13.5,2,11,5,147
13.5,2,11,6,148
13.5,2,11,7,148
13.5,2,11,8,149
13.5,2,11,9,150
13.5,2,11,10,150
13.5,2,11,11,151
13.5,2,11,12,152
13.5,2,11,13,152
13.5,2,11,14,153
13.5,2,11,15,154
13.5,2,12,0,144
13.5,2,12,1,145
13.5,2,12,2,146
13.5,2,12,3,146
13.5,2,12,4,147
13.5,2,12,5,148
13.5,2,12,6,148
13.5,2,12,7,149
13.5,2,12,8,150
13.5,2,12,9,150
13.5,2,12,10,151
13.5,2,12,11,152
13.5,2,12,12,152
13.5,2,12,13,153
13.5,2,12,14,154
13.5,2,12,15,154
13.5,2,13,0,145
13.5,2,13,1,146
13.5,2,13,2,146
13.5,2,13,3,147
13.5,2,13,4,148
13.5,2,13,5,148
13.5,2,13,6,149
13.5,2,13,7,150
13.5,2,13,8,151
13.5,2,13,9,151
13.5,2,13,10,152
13.5,2,13,11,153
13.5,2,13,12,153
13.5,2,13,13,154
13.5,2,13,14,155
13.5,2,13,15,155
13.5,2,14,0,146
13.5,2,14,1,146
13.5,2,14,2,147
13.5,2,14,3,148
13.5,2,14,4,149
13.5,2,14,5,149
13.5,2,14,6,150
13.5,2,14,7,151
13.5,2,14,8,151
13.5,2,14,9,152
13.5,2,14,10,153
13.5,2,14,11,153
13.5,2,14,12,154
13.5,2,14,13,155
13.5,2,14,14,155
13.5,2,14,15,156
13.5,2,15,0,146
13.5,2,15,1,147
13.5,2,15,2,148
13.5,2,15,3,149
13.5,2,15,4,149
13.5,2,15,5,150
13.5,2,15,6,151
13.5,2,15,7,151
13.5,2,15,8,152
13.5,2,15,9,153
13.5,2,15,10,153
13.5,2,15,11,154
13.5,2,15,12,155
13.5,2,15,13,156
13.5,2,15,14,156
13.5,2,15,15,157
13.5,3,0,0,137
13.5,3,0,1,138
13.5,3,0,2,138
13.5,3,0,3,139
13.5,3,0,4,140
13.5,3,0,5,140
13.5,3,0,6,141
13.5,3,0,7,142
13.5,3,0,8,142
13.5,3,0,9,143
13.5,3,0,10,144
13.5,3,0,11,144
13.5,3,0,12,145
13.5,3,0,13,145
13.5,3,0,14,146
13.5,3,0,15,147
13.5,3,1,0,138
13.5,3,1,1,138
13.5,3,1,2,139
13.5,3,1,3,140
13.5,3,1,4,140
13.5,3,1,5,141
13.5,3,1,6,142
13.5,3,1,7,142
13.5,3,1,8,143
13.5,3,1,9,144
13.5,3,1,10,144
13.5,3,1,11,145
13.5,3,1,12,146
13.5,3,1,13,146
13.5,3,1,14,147
13.5,3,1,15,148
13.5,3,2,0,139
13.5,3,2,1,139
13.5,3,2,2,140
13.5,3,2,3,141
13.5,3,2,4,141
13.5,3,2,5,142
13.5,3,2,6,143
13.5,3,2,7,143
13.5,3,2,8,144
13.5,3,2,9,145
13.5,3,2,10,145
13.5,3,2,11,146
13.5,3,2,12,147
13.5,3,2,13,147
13.5,3,2,14,148
13.5,3,2,15,148
13.5,3,3,0,139
13.5,3,3,1,140
13.5,3,3,2,141
13.5,3,3,3,141
13.5,3,3,4,142
13.5,3,3,5,143
13.5,3,3,6,143
13.5,3,3,7,144
13.5,3,3,8,145
13.5,3,3,9,145
13.5,3,3,10,146
13.5,3,3,11,147
13.5,3,3,12,147
13.5,3,3,13,148
13.5,3,3,14,149
13.5,3,3,15,149
13.5,3,4,0,140
13.5,3,4,1,141
13.5,3,4,2,142
13.5,3,4,3,142
13.5,3,4,4,143
13.5,3,4,5,144
13.5,3,4,6,144
13.5,3,4,7,145
13.5,3,4,8,146
13.5,3,4,9,146
13.5,3,4,10,147
13.5,3,4,11,148
13.5,3,4,12,148
13.5,3,4,13,149
13.5,3,4,14,150
13.5,3,4,15,150
13.5,3,5,0,141
13.5,3,5,1,142
13.5,3,5,2,142
13.5,3,5,3,143
13.5,3,5,4,144
13.5,3,5,5,144
13.5,3,5,6,145
13.5,3,5,7,146
13.5,3,5,8,146
13.5,3,5,9,147
13.5,3,5,10,148
13.5,3,5,11,148
13.5,3,5,12,149
13.5,3,5,13,150
13.5,3,5,14,150
13.5,3,5,15,151
13.5,3,6,0,142
13.5,3,6,1,143
13.5,3,6,2,143
13.5,3,6,3,144
13.5,3,6,4,145
13.5,3,6,5,145
13.5,3,6,6,146
13.5,3,6,7,147
13.5,3,6,8,147
13.5,3,6,9,148
13.5,3,6,10,149
13.5,3,6,11,149
13.5,3,6,12,150
13.5,3,6,13,151
13.5,3,6,14,151
13.5,3,6,15,152
13.5,3,7,0,143
13.5,3,7,1,143
13.5,3,7,2,144
13.5,3,7,3,145
13.5,3,7,4,145
13.5,3,7,5,146
13.5,3,7,6,147
13.5,3,7,7,147
13.5,3,7,8,148
13.5,3,7,9,149
13.5,3,7,10,149
13.5,3,7,11,150
13.5,3,7,12,151
13.5,3,7,13,151
13.5,3,7,14,152
13.5,3,7,15,153
13.5,3,8,0,143
13.5,3,8,1,144
13.5,3,8,2,145
13.5,3,8,3,146
13.5,3,8,4,146
13.5,3,8,5,147
13.5,3,8,6,148
13.5,3,8,7,148
13.5,3,8,8,149
13.5,3,8,9,150
13.5,3,8,10,150
13.5,3,8,11,151
13.5,3,8,12,152
13.5,3,8,13,152
13.5,3,8,14,153
13.5,3,8,15,154
13.5,3,9,0,144
13.5,3,9,1,145
13.5,3,9,2,146
13.5,3,9,3,146
13.5,3,9,4,147
13.5,3,9,5,148
13.5,3,9,6,148
13.5,3,9,7,149
13.5,3,9,8,150
13.5,3,9,9,150
13.5,3,9,10,151
13.5,3,9,11,152
13.5,3,9,12,152
13.5,3,9,13,153
13.5,3,9,14,154
13.5,3,9,15,154
13.5,3,10,0,145
13.5,3,10,1,146
13.5,3,10,2,146
13.5,3,10,3,147
13.5,3,10,4,148
13.5,3,10,5,149
13.5,3,10,6,149
13.5,3,10,7,150
13.5,3,10,8,151
13.5,3,10,9,151
13.5,3,10,10,152
13.5,3,10,11,153
13.5,3,10,12,153
13.5,3,10,13,154
13.5,3,10,14,155
13.5,3,10,15,155
13.5,3,11,0,146
13.5,3,11,1,146
13.5,3,11,2,147
13.5,3,11,3,148
13.5,3,11,4,149
13.5,3,11,5,149
13.5,3,11,6,150
13.5,3,11,7,151
13.5,3,11,8,151
13.5,3,11,9,152
13.5,3,11,10,153
13.5,3,11,11,153
13.5,3,11,12,154
13.5,3,11,13,155
13.5,3,11,14,155
13.5,3,11,15,156
13.5,3,12,0,147
13.5,3,12,1,147
13.5,3,12,2,148
13.5,3,12,3,149
13.5,3,12,4,149
13.5,3,12,5,150
13.5,3,12,6,151
13.5,3,12,7,152
13.5,3,12,8,152
13.5,3,12,9,153
13.5,3,12,10,154
13.5,3,12,11,154
13.5,3,12,12,155
13.5,3,12,13,156
13.5,3,12,14,156
13.5,3,12,15,157
13.5,3,13,0,147
13.5,3,13,1,148
13.5,3,13,2,149
13.5,3,13,3,149
13.5,3,13,4,150
13.5,3,13,5,151
13.5,3,13,6,152
13.5,3,13,7,152
13.5,3,13,8,153
13.5,3,13,9,154
13.5,3,13,10,154
13.5,3,13,11,155
13.5,3,13,12,156
13.5,3,13,13,156
13.5,3,13,14,157
13.5,3,13,15,158
13.5,3,14,0,148
13.5,3,14,1,149
13.5,3,14,2,150
13.5,3,14,3,150
13.5,3,14,4,151
13.5,3,14,5,152
13.5,3,14,6,152
13.5,3,14,7,153
13.5,3,14,8,154
13.5,3,14,9,155
13.5,3,14,10,155
13.5,3,14,11,156
13.5,3,14,12,157
13.5,3,14,13,157
13.5,3,14,14,158
13.5,3,14,15,159
13.5,3,15,0,149
13.5,3,15,1,150
13.5,3,15,2,150
13.5,3,15,3,151
13.5,3,15,4,152
13.5,3,15,5,152
13.5,3,15,6,153
13.5,3,15,7,154
13.5,3,15,8,155
13.5,3,15,9,155
13.5,3,15,10,156
13.5,3,15,11,157
13.5,3,15,12,157
13.5,3,15,13,158
13.5,3,15,14,159
13.5,3,15,15,159
13.5,4,0,0,139
13.5,4,0,1,140
13.5,4,0,2,141
13.5,4,0,3,141
13.5,4,0,4,142
13.5,4,0,5,143
13.5,4,0,6,143
13.5,4,0,7,144
13.5,4,0,8,145
13.5,4,0,9,145
13.5,4,0,10,146
13.5,4,0,11,147
13.5,4,0,12,147
13.5,4,0,13,148
13.5,4,0,14,148
13.5,4,0,15,149
13.5,4,1,0,140
13.5,4,1,1,141
13.5,4,1,2,141
13.5,4,1,3,142
13.5,4,1,4,143
13.5,4,1,5,143
13.5,4,1,6,144
13.5,4,1,7,145
13.5,4,1,8,145
13.5,4,1,9,146
13.5,4,1,10,147
13.5,4,1,11,147
13.5,4,1,12,148
13.5,4,1,13,149
13.5,4,1,14,149
13.5,4,1,15,150
13.5,4,2,0,141
13.5,4,2,1,142
13.5,4,2,2,142
13.5,4,2,3,143
13.5,4,2,4,144
13.5,4,2,5,144
13.5,4,2,6,145
13.5,4,2,7,146
13.5,4,2,8,146
13.5,4,2,9,147
13.5,4,2,10,148
13.5,4,2,11,148
13.5,4,2,12,149
13.5,4,2,13,150
13.5,4,2,14,150
13.5,4,2,15,151
13.5,4,3,0,142
13.5,4,3,1,142
13.5,4,3,2,143
13.5,4,3,3,144
13.5,4,3,4,144
13.5,4,3,5,145
13.5,4,3,6,146
13.5,4,3,7,146
13.5,4,3,8,147
13.5,4,3,9,148
13.5,4,3,10,148
13.5,4,3,11,149
13.5,4,3,12,150
13.5,4,3,13,150
13.5,4,3,14,151
13.5,4,3,15,152
13.5,4,4,0,142
13.5,4,4,1,143
13.5,4,4,2,144
13.5,4,4,3,145
13.5,4,4,4,145
13.5,4,4,5,146
13.5,4,4,6,147
13.5,4,4,7,147
13.5,4,4,8,148
13.5,4,4,9,149
13.5,4,4,10,149
13.5,4,4,11,150
13.5,4,4,12,151
13.5,4,4,13,151
13.5,4,4,14,152
13.5,4,4,15,153
13.5,4,5,0,143
13.5,4,5,1,144
13.5,4,5,2,145
13.5,4,5,3,145
13.5,4,5,4,146
13.5,4,5,5,147
13.5,4,5,6,147
13.5,4,5,7,148
13.5,4,5,8,149
13.5,4,5,9,150
13.5,4,5,10,150
13.5,4,5,11,151
13.5,4,5,12,152
13.5,4,5,13,152
13.5,4,5,14,153
13.5,4,5,15,154
13.5,4,6,0,144
13.5,4,6,1,145
13.5,4,6,2,146
13.5,4,6,3,146
13.5,4,6,4,147
13.5,4,6,5,148
13.5,4,6,6,148
13.5,4,6,7,149
13.5,4,6,8,150
13.5,4,6,9,150
13.5,4,6,10,151
13.5,4,6,11,152
13.5,4,6,12,152
13.5,4,6,13,153
13.5,4,6,14,154
13.5,4,6,15,154
13.5,4,7,0,145
13.5,4,7,1,146
13.5,4,7,2,146
13.5,4,7,3,147
13.5,4,7,4,148
13.5,4,7,5,148
13.5,4,7,6,149
13.5,4,7,7,150
13.5,4,7,8,151
13.5,4,7,9,151
13.5,4,7,10,152
13.5,4,7,11,153
13.5,4,7,12,153
13.5,4,7,13,154
13.5,4,7,14,155
13.5,4,7,15,155
13.5,4,8,0,146
13.5,4,8,1,146
13.5,4,8,2,147
13.5,4,8,3,148
13.5,4,8,4,149
13.5,4,8,5,149
13.5,4,8,6,150
13.5,4,8,7,151
13.5,4,8,8,151
13.5,4,8,9,152
13.5,4,8,10,153
13.5,4,8,11,153
13.5,4,8,12,154
13.5,4,8,13,155
13.5,4,8,14,155
13.5,4,8,15,156
13.5,4,9,0,147
13.5,4,9,1,147
13.5,4,9,2,148
13.5,4,9,3,149
13.5,4,9,4,149
13.5,4,9,5,150
13.5,4,9,6,151
13.5,4,9,7,152
13.5,4,9,8,152
13.5,4,9,9,153
13.5,4,9,10,154
13.5,4,9,11,154
13.5,4,9,12,155
13.5,4,9,13,156
13.5,4,9,14,156
13.5,4,9,15,157
13.5,4,10,0,147
13.5,4,10,1,148
13.5,4,10,2,149
13.5,4,10,3,149
13.5,4,10,4,150
13.5,4,10,5,151
13.5,4,10,6,152
13.5,4,10,7,152
13.5,4,10,8,153
13.5,4,10,9,154
13.5,4,10,10,154
13.5,4,10,11,155
13.5,4,10,12,156
13.5,4,10,13,156
13.5,4,10,14,157
13.5,4,10,15,158
13.5,4,11,0,148
13.5,4,11,1,149
13.5,4,11,2,150
13.5,4,11,3,150
13.5,4,11,4,151
13.5,4,11,5,152
13.5,4,11,6,152
13.5,4,11,7,153
13.5,4,11,8,154
13.5,4,11,9,155
13.5,4,11,10,155
13.5,4,11,11,156
13.5,4,11,12,157
13.5,4,11,13,157
13.5,4,11,14,158
13.5,4,11,15,159
13.5,4,12,0,149
13.5,4,12,1,150
13.5,4,12,2,150
13.5,4,12,3,151
13.5,4,12,4,152
13.5,4,12,5,153
13.5,4,12,6,153
13.5,4,12,7,154
13.5,4,12,8,155
13.5,4,12,9,155
13.5,4,12,10,156
13.5,4,12,11,157
13.5,4,12,12,157
13.5,4,12,13,158
13.5,4,12,14,159
13.5,4,12,15,160
13.5,4,13,0,150
13.5,4,13,1,150
13.5,4,13,2,151
13.5,4,13,3,152
13.5,4,13,4,153
13.5,4,13,5,153
13.5,4,13,6,154
13.5,4,13,7,155
13.5,4,13,8,155
13.5,4,13,9,156
13.5,4,13,10,157
13.5,4,13,11,158
13.5,4,13,12,158
13.5,4,13,13,159
13.5,4,13,14,160
13.5,4,13,15,160
13.5,4,14,0,150
13.5,4,14,1,151
13.5,4,14,2,152
13.5,4,14,3,153
13.5,4,14,4,153
13.5,4,14,5,154
13.5,4,14,6,155
13.5,4,14,7,156
13.5,4,14,8,156
13.5,4,14,9,157
13.5,4,14,10,158
13.5,4,14,11,158
13.5,4,14,12,159
13.5,4,14,13,160
13.5,4,14,14,161
13.5,4,14,15,161
13.5,4,15,0,151
13.5,4,15,1,152
13.5,4,15,2,153
13.5,4,15,3,153
13.5,4,15,4,154
13.5,4,15,5,155
13.5,4,15,6,156
13.5,4,15,7,156
13.5,4,15,8,157
13.5,4,15,9,158
13.5,4,15,10,159
13.5,4,15,11,159
13.5,4,15,12,160
13.5,4,15,13,161
13.5,4,15,14,161
13.5,4,15,15,162
13.5,5,0,0,141
13.5,5,0,1,142
13.5,5,0,2,143
13.5,5,0,3,143
13.5,5,0,4,144
13.5,5,0,5,145
13.5,5,0,6,145
13.5,5,0,7,146
13.5,5,0,8,147
13.5,5,0,9,148
13.5,5,0,10,148
13.5,5,0,11,149
13.5,5,0,12,149
13.5,5,0,13,150
13.5,5,0,14,151
13.5,5,0,15,151
13.5,5,1,0,142
13.5,5,1,1,143
13.5,5,1,2,144
13.5,5,1,3,144
13.5,5,1,4,145
13.5,5,1,5,146
13.5,5,1,6,146
13.5,5,1,7,147
13.5,5,1,8,148
13.5,5,1,9,148
13.5,5,1,10,149
13.5,5,1,11,150
13.5,5,1,12,150
13.5,5,1,13,151
13.5,5,1,14,152
13.5,5,1,15,152
13.5,5,2,0,143
13.5,5,2,1,144
13.5,5,2,2,144
13.5,5,2,3,145
13.5,5,2,4,146
13.5,5,2,5,147
13.5,5,2,6,147
13.5,5,2,7,148
13.5,5,2,8,149
13.5,5,2,9,149
13.5,5,2,10,150
13.5,5,2,11,151
13.5,5,2,12,151
13.5,5,2,13,152
13.5,5,2,14,153
13.5,5,2,15,153
13.5,5,3,0,144
13.5,5,3,1,145
13.5,5,3,2,145
13.5,5,3,3,146
13.5,5,3,4,147
13.5,5,3,5,147
13.5,5,3,6,148
13.5,5,3,7,149
13.5,5,3,8,149
13.5,5,3,9,150
13.5,5,3,10,151
13.5,5,3,11,152
13.5,5,3,12,152
13.5,5,3,13,153
13.5,5,3,14,154
13.5,5,3,15,154
13.5,5,4,0,145
13.5,5,4,1,145
13.5,5,4,2,146
13.5,5,4,3,147
13.5,5,4,4,148
13.5,5,4,5,148
13.5,5,4,6,149
13.5,5,4,7,150
13.5,5,4,8,150
13.5,5,4,9,151
13.5,5,4,10,152
13.5,5,4,11,152
13.5,5,4,12,153
13.5,5,4,13,154
13.5,5,4,14,154
13.5,5,4,15,155
13.5,5,5,0,146
13.5,5,5,1,146
13.5,5,5,2,147
13.5,5,5,3,148
13.5,5,5,4,148
13.5,5,5,5,149
13.5,5,5,6,150
13.5,5,5,7,151
13.5,5,5,8,151
13.5,5,5,9,152
13.5,5,5,10,153
13.5,5,5,11,153
13.5,5,5,12,154
13.5,5,5,13,155
13.5,5,5,14,155
13.5,5,5,15,156
13.5,5,6,0,146
13.5,5,6,1,147
13.5,5,6,2,148
13.5,5,6,3,149
13.5,5,6,4,149
13.5,5,6,5,150
13.5,5,6,6,151
13.5,5,6,7,151
13.5,5,6,8,152
13.5,5,6,9,153
13.5,5,6,10,153
13.5,5,6,11,154
13.5,5,6,12,155
13.5,5,6,13,156
13.5,5,6,14,156
13.5,5,6,15,157
13.5,5,7,0,147
13.5,5,7,1,148
13.5,5,7,2,149
13.5,5,7,3,149
13.5,5,7,4,150
13.5,5,7,5,151
13.5,5,7,6,152
13.5,5,7,7,152
13.5,5,7,8,153
13.5,5,7,9,154
13.5,5,7,10,154
13.5,5,7,11,155
13.5,5,7,12,156
13.5,5,7,13,156
13.5,5,7,14,157
13.5,5,7,15,158
13.5,5,8,0,148
13.5,5,8,1,149
13.5,5,8,2,150
13.5,5,8,3,150
13.5,5,8,4,151
13.5,5,8,5,152
13.5,5,8,6,152
13.5,5,8,7,153
13.5,5,8,8,154
13.5,5,8,9,154
13.5,5,8,10,155
13.5,5,8,11,156
13.5,5,8,12,157
13.5,5,8,13,157
13.5,5,8,14,158
13.5,5,8,15,159
13.5,5,9,0,149
13.5,5,9,1,150
13.5,5,9,2,150
13.5,5,9,3,151
13.5,5,9,4,152
13.5,5,9,5,152
13.5,5,9,6,153
13.5,5,9,7,154
13.5,5,9,8,155
13.5,5,9,9,155
13.5,5,9,10,156
13.5,5,9,11,157
13.5,5,9,12,157
13.5,5,9,13,158
13.5,5,9,14,159
13.5,5,9,15,159
13.5,5,10,0,150
13.5,5,10,1,150
13.5,5,10,2,151
13.5,5,10,3,152
13.5,5,10,4,153
13.5,5,10,5,153
13.5,5,10,6,154
13.5,5,10,7,155
13.5,5,10,8,155
13.5,5,10,9,156
13.5,5,10,10,157
13.5,5,10,11,158
13.5,5,10,12,158
13.5,5,10,13,159
13.5,5,10,14,160
13.5,5,10,15,160
13.5,5,11,0,150
13.5,5,11,1,151
13.5,5,11,2,152
13.5,5,11,3,153
13.5,5,11,4,153
13.5,5,11,5,154
13.5,5,11,6,155
13.5,5,11,7,156
13.5,5,11,8,156
13.5,5,11,9,157
13.5,5,11,10,158
13.5,5,11,11,158
13.5,5,11,12,159
13.5,5,11,13,160
13.5,5,11,14,161
13.5,5,11,15,161
13.5,5,12,0,151
13.5,5,12,1,152
13.5,5,12,2,153
13.5,5,12,3,154
13.5,5,12,4,154
13.5,5,12,5,155
13.5,5,12,6,156
13.5,5,12,7,156
13.5,5,12,8,157
13.5,5,12,9,158
13.5,5,12,10,159
13.5,5,12,11,159
13.5,5,12,12,160
13.5,5,12,13,161
13.5,5,12,14,161
13.5,5,12,15,162
13.5,5,13,0,152
13.5,5,13,1,153
13.5,5,13,2,154
13.5,5,13,3,154
13.5,5,13,4,155
13.5,5,13,5,156
13.5,5,13,6,157
13.5,5,13,7,157
13.5,5,13,8,158
13.5,5,13,9,159
13.5,5,13,10,159
13.5,5,13,11,160
13.5,5,13,12,161
13.5,5,13,13,162
13.5,5,13,14,162
13.5,5,13,15,163
13.5,5,14,0,153
13.5,5,14,1,154
13.5,5,14,2,154
13.5,5,14,3,155
13.5,5,14,4,156
13.5,5,14,5,157
13.5,5,14,6,157
13.5,5,14,7,158
13.5,5,14,8,159
13.5,5,14,9,160
13.5,5,14,10,160
13.5,5,14,11,161
13.5,5,14,12,162
13.5,5,14,13,162
13.5,5,14,14,163
13.5,5,14,15,164
13.5,5,15,0,154
13.5,5,15,1,154
13.5,5,15,2,155
13.5,5,15,3,156
13.5,5,15,4,157
13.5,5,15,5,157
13.5,5,15,6,158
13.5,5,15,7,159
13.5,5,15,8,160
13.5,5,15,9,160
13.5,5,15,10,161
13.5,5,15,11,162
13.5,5,15,12,162
13.5,5,15,13,163
13.5,5,15,14,164
13.5,5,15,15,165
13.5,6,0,0,144
13.5,6,0,1,144
13.5,6,0,2,145
13.5,6,0,3,146
13.5,6,0,4,146
13.5,6,0,5,147
13.5,6,0,6,148
13.5,6,0,7,148
13.5,6,0,8,149
13.5,6,0,9,150
13.5,6,0,10,150
13.5,6,0,11,151
13.5,6,0,12,152
13.5,6,0,13,153
13.5,6,0,14,153
13.5,6,0,15,154
13.5,6,1,0,144
13.5,6,1,1,145
13.5,6,1,2,146
13.5,6,1,3,147
13.5,6,1,4,147
13.5,6,1,5,148
13.5,6,1,6,149
13.5,6,1,7,149
13.5,6,1,8,150
13.5,6,1,9,151
13.5,6,1,10,151
13.5,6,1,11,152
13.5,6,1,12,153
13.5,6,1,13,153
13.5,6,1,14,154
13.5,6,1,15,155
13.5,6,2,0,145
13.5,6,2,1,146
13.5,6,2,2,147
13.5,6,2,3,147
13.5,6,2,4,148
13.5,6,2,5,149
13.5,6,2,6,150
13.5,6,2,7,150
13.5,6,2,8,151
13.5,6,2,9,152
13.5,6,2,10,152
13.5,6,2,11,153
13.5,6,2,12,154
13.5,6,2,13,154
13.5,6,2,14,155
13.5,6,2,15,156
13.5,6,3,0,146
13.5,6,3,1,147
13.5,6,3,2,148
13.5,6,3,3,148
13.5,6,3,4,149
13.5,6,3,5,150
13.5,6,3,6,150
13.5,6,3,7,151
13.5,6,3,8,152
13.5,6,3,9,153
13.5,6,3,10,153
13.5,6,3,11,154
13.5,6,3,12,155
13.5,6,3,13,155
13.5,6,3,14,156
13.5,6,3,15,157
13.5,6,4,0,147
13.5,6,4,1,148
13.5,6,4,2,148
13.5,6,4,3,149
13.5,6,4,4,150
13.5,6,4,5,151
13.5,6,4,6,151
13.5,6,4,7,152
13.5,6,4,8,153
13.5,6,4,9,153
13.5,6,4,10,154
13.5,6,4,11,155
13.5,6,4,12,155
13.5,6,4,13,156
13.5,6,4,14,157
13.5,6,4,15,158
13.5,6,5,0,148
13.5,6,5,1,149
13.5,6,5,2,149
13.5,6,5,3,150
13.5,6,5,4,151
13.5,6,5,5,151
13.5,6,5,6,152
13.5,6,5,7,153
13.5,6,5,8,154
13.5,6,5,9,154
13.5,6,5,10,155
13.5,6,5,11,156
13.5,6,5,12,156
13.5,6,5,13,157
13.5,6,5,14,158
13.5,6,5,15,158
13.5,6,6,0,149
13.5,6,6,1,149
13.5,6,6,2,150
13.5,6,6,3,151
13.5,6,6,4,152
13.5,6,6,5,152
13.5,6,6,6,153
13.5,6,6,7,154
13.5,6,6,8,154
13.5,6,6,9,155
13.5,6,6,10,156
13.5,6,6,11,157
13.5,6,6,12,157
13.5,6,6,13,158
13.5,6,6,14,159
13.5,6,6,15,159
13.5,6,7,0,150
13.5,6,7,1,150
13.5,6,7,2,151
13.5,6,7,3,152
13.5,6,7,4,152
13.5,6,7,5,153
13.5,6,7,6,154
13.5,6,7,7,155
13.5,6,7,8,155
13.5,6,7,9,156
13.5,6,7,10,157
13.5,6,7,11,157
13.5,6,7,12,158
13.5,6,7,13,159
13.5,6,7,14,160
13.5,6,7,15,160
13.5,6,8,0,150
13.5,6,8,1,151
13.5,6,8,2,152
13.5,6,8,3,153
13.5,6,8,4,153
13.5,6,8,5,154
13.5,6,8,6,155
13.5,6,8,7,155
13.5,6,8,8,156
13.5,6,8,9,157
13.5,6,8,10,158
13.5,6,8,11,158
13.5,6,8,12,159
13.5,6,8,13,160
13.5,6,8,14,160
13.5,6,8,15,161
13.5,6,9,0,151
13.5,6,9,1,152
13.5,6,9,2,153
13.5,6,9,3,153
13.5,6,9,4,154
13.5,6,9,5,155
13.5,6,9,6,156
13.5,6,9,7,156
13.5,6,9,8,157
13.5,6,9,9,158
13.5,6,9,10,158
13.5,6,9,11,159
13.5,6,9,12,160
13.5,6,9,13,161
13.5,6,9,14,161
13.5,6,9,15,162
13.5,6,10,0,152
13.5,6,10,1,153
13.5,6,10,2,154
13.5,6,10,3,154
13.5,6,10,4,155
13.5,6,10,5,156
13.5,6,10,6,156
13.5,6,10,7,157
13.5,6,10,8,158
13.5,6,10,9,159
13.5,6,10,10,159
13.5,6,10,11,160
13.5,6,10,12,161
13.5,6,10,13,161
13.5,6,10,14,162
13.5,6,10,15,163
13.5,6,11,0,153
13.5,6,11,1,154
13.5,6,11,2,154
13.5,6,11,3,155
13.5,6,11,4,156
13.5,6,11,5,157
13.5,6,11,6,157
13.5,6,11,7,158
13.5,6,11,8,159
13.5,6,11,9,159
13.5,6,11,10,160
13.5,6,11,11,161
13.5,6,11,12,162
13.5,6,11,13,162
13.5,6,11,14,163
13.5,6,11,15,164
13.5,6,12,0,154
13.5,6,12,1,154
13.5,6,12,2,155
13.5,6,12,3,156
13.5,6,12,4,157
13.5,6,12,5,157
13.5,6,12,6,158
13.5,6,12,7,159
13.5,6,12,8,160
13.5,6,12,9,160
13.5,6,12,10,161
13.5,6,12,11,162
13.5,6,12,12,162
13.5,6,12,13,163
13.5,6,12,14,164
13.5,6,12,15,165
13.5,6,13,0,154
13.5,6,13,1,155
13.5,6,13,2,156
13.5,6,13,3,157
13.5,6,13,4,157
13.5,6,13,5,158
13.5,6,13,6,159
13.5,6,13,7,160
13.5,6,13,8,160
13.5,6,13,9,161
13.5,6,13,10,162
13.5,6,13,11,163
13.5,6,13,12,163
13.5,6,13,13,164
13.5,6,13,14,165
13.5,6,13,15,165
13.5,6,14,0,155
13.5,6,14,1,156
13.5,6,14,2,157
13.5,6,14,3,158
13.5,6,14,4,158
13.5,6,14,5,159
13.5,6,14,6,160
13.5,6,14,7,161
13.5,6,14,8,161
13.5,6,14,9,162
13.5,6,14,10,163
13.5,6,14,11,163
13.5,6,14,12,164
13.5,6,14,13,165
13.5,6,14,14,166
13.5,6,14,15,166
13.5,6,15,0,156
13.5,6,15,1,157
13.5,6,15,2,158
13.5,6,15,3,158
13.5,6,15,4,159
13.5,6,15,5,160
13.5,6,15,6,161
13.5,6,15,7,161
13.5,6,15,8,162
13.5,6,15,9,163
13.5,6,15,10,164
13.5,6,15,11,164
13.5,6,15,12,165
13.5,6,15,13,166
13.5,6,15,14,166
13.5,6,15,15,167
13.5,7,0,0,146
13.5,7,0,1,147
13.5,7,0,2,147
13.5,7,0,3,148
13.5,7,0,4,149
13.5,7,0,5,149
13.5,7,0,6,150
13.5,7,0,7,151
13.5,7,0,8,151
13.5,7,0,9,152
13.5,7,0,10,153
13.5,7,0,11,154
13.5,7,0,12,154
13.5,7,0,13,155
13.5,7,0,14,156
13.5,7,0,15,156
13.5,7,1,0,147
13.5,7,1,1,147
13.5,7,1,2,148
13.5,7,1,3,149
13.5,7,1,4,150
13.5,7,1,5,150
13.5,7,1,6,151
13.5,7,1,7,152
13.5,7,1,8,152
13.5,7,1,9,153
13.5,7,1,10,154
13.5,7,1,11,154
13.5,7,1,12,155
13.5,7,1,13,156
13.5,7,1,14,156
13.5,7,1,15,157
13.5,7,2,0,148
13.5,7,2,1,148
13.5,7,2,2,149
13.5,7,2,3,150
13.5,7,2,4,150
13.5,7,2,5,151
13.5,7,2,6,152
13.5,7,2,7,153
13.5,7,2,8,153
13.5,7,2,9,154
13.5,7,2,10,155
13.5,7,2,11,155
13.5,7,2,12,156
13.5,7,2,13,157
13.5,7,2,14,157
13.5,7,2,15,158
13.5,7,3,0,148
13.5,7,3,1,149
13.5,7,3,2,150
13.5,7,3,3,151
13.5,7,3,4,151
13.5,7,3,5,152
13.5,7,3,6,153
13.5,7,3,7,153
13.5,7,3,8,154
13.5,7,3,9,155
13.5,7,3,10,156
13.5,7,3,11,156
13.5,7,3,12,157
13.5,7,3,13,158
13.5,7,3,14,158
13.5,7,3,15,159
13.5,7,4,0,149
13.5,7,4,1,150
13.5,7,4,2,151
13.5,7,4,3,151
13.5,7,4,4,152
13.5,7,4,5,153
13.5,7,4,6,154
13.5,7,4,7,154
13.5,7,4,8,155
13.5,7,4,9,156
13.5,7,4,10,156
13.5,7,4,11,157
13.5,7,4,12,158
13.5,7,4,13,159
13.5,7,4,14,159
13.5,7,4,15,160
13.5,7,5,0,150
13.5,7,5,1,151
13.5,7,5,2,152
13.5,7,5,3,152
13.5,7,5,4,153
13.5,7,5,5,154
13.5,7,5,6,155
13.5,7,5,7,155
13.5,7,5,8,156
13.5,7,5,9,157
13.5,7,5,10,157
13.5,7,5,11,158
13.5,7,5,12,159
13.5,7,5,13,159
13.5,7,5,14,160
13.5,7,5,15,161
13.5,7,6,0,151
13.5,7,6,1,152
13.5,7,6,2,152
13.5,7,6,3,153
13.5,7,6,4,154
13.5,7,6,5,155
13.5,7,6,6,155
13.5,7,6,7,156
13.5,7,6,8,157
13.5,7,6,9,158
13.5,7,6,10,158
13.5,7,6,11,159
13.5,7,6,12,160
13.5,7,6,13,160
13.5,7,6,14,161
13.5,7,6,15,162
13.5,7,7,0,152
13.5,7,7,1,153
13.5,7,7,2,153
13.5,7,7,3,154
13.5,7,7,4,155
13.5,7,7,5,156
13.5,7,7,6,156
13.5,7,7,7,157
13.5,7,7,8,158
13.5,7,7,9,158
13.5,7,7,10,159
13.5,7,7,11,160
13.5,7,7,12,161
13.5,7,7,13,161
13.5,7,7,14,162
13.5,7,7,15,163
13.5,7,8,0,153
13.5,7,8,1,153
13.5,7,8,2,154
13.5,7,8,3,155
13.5,7,8,4,156
13.5,7,8,5,156
13.5,7,8,6,157
13.5,7,8,7,158
13.5,7,8,8,159
13.5,7,8,9,159
13.5,7,8,10,160
13.5,7,8,11,161
13.5,7,8,12,161
13.5,7,8,13,162
13.5,7,8,14,163
13.5,7,8,15,164
13.5,7,9,0,154
13.5,7,9,1,154
13.5,7,9,2,155
13.5,7,9,3,156
13.5,7,9,4,157
13.5,7,9,5,157
13.5,7,9,6,158
13.5,7,9,7,159
13.5,7,9,8,159
13.5,7,9,9,160
13.5,7,9,10,161
13.5,7,9,11,162
13.5,7,9,12,162
13.5,7,9,13,163
13.5,7,9,14,164
13.5,7,9,15,164
13.5,7,10,0,154
13.5,7,10,1,155
13.5,7,10,2,156
13.5,7,10,3,157
13.5,7,10,4,157
13.5,7,10,5,158
13.5,7,10,6,159
13.5,7,10,7,160
13.5,7,10,8,160
13.5,7,10,9,161
13.5,7,10,10,162
13.5,7,10,11,163
13.5,7,10,12,163
13.5,7,10,13,164
13.5,7,10,14,165
13.5,7,10,15,165
13.5,7,11,0,155
13.5,7,11,1,156
13.5,7,11,2,157
13.5,7,11,3,157
13.5,7,11,4,158
13.5,7,11,5,159
13.5,7,11,6,160
13.5,7,11,7,160
13.5,7,11,8,161
13.5,7,11,9,162
13.5,7,11,10,163
13.5,7,11,11,163
13.5,7,11,12,164
13.5,7,11,13,165
13.5,7,11,14,166
13.5,7,11,15,166
13.5,7,12,0,156
13.5,7,12,1,157
13.5,7,12,2,158
13.5,7,12,3,158
13.5,7,12,4,159
13.5,7,12,5,160
13.5,7,12,6,161
13.5,7,12,7,161
13.5,7,12,8,162
13.5,7,12,9,163
13.5,7,12,10,164
13.5,7,12,11,164
13.5,7,12,12,165
13.5,7,12,13,166
13.5,7,12,14,166
13.5,7,12,15,167
13.5,7,13,0,157
13.5,7,13,1,158
13.5,7,13,2,158
13.5,7,13,3,159
13.5,7,13,4,160
13.5,7,13,5,161
13.5,7,13,6,161
13.5,7,13,7,162
13.5,7,13,8,163
13.5,7,13,9,164
13.5,7,13,10,164
13.5,7,13,11,165
13.5,7,13,12,166
13.5,7,13,13,167
13.5,7,13,14,167
13.5,7,13,15,168
13.5,7,14,0,158
13.5,7,14,1,158
13.5,7,14,2,159
13.5,7,14,3,160
13.5,7,14,4,161
13.5,7,14,5,162
13.5,7,14,6,162
13.5,7,14,7,163
13.5,7,14,8,164
13.5,7,14,9,165
13.5,7,14,10,165
13.5,7,14,11,166
13.5,7,14,12,167
13.5,7,14,13,167
13.5,7,14,14,168
13.5,7,14,15,169
13.5,7,15,0,158
13.5,7,15,1,159
13.5,7,15,2,160
13.5,7,15,3,161
13.5,7,15,4,162
13.5,7,15,5,162
13.5,7,15,6,163
13.5,7,15,7,164
13.5,7,15,8,165
13.5,7,15,9,165
13.5,7,15,10,166
13.5,7,15,11,167
13.5,7,15,12,168
13.5,7,15,13,168
13.5,7,15,14,169
13.5,7,15,15,170
13.5,8,0,0,148
13.5,8,0,1,149
13.5,8,0,2,149
13.5,8,0,3,150
13.5,8,0,4,151
13.5,8,0,5,152
13.5,8,0,6,152
13.5,8,0,7,153
13.5,8,0,8,154
13.5,8,0,9,154
13.5,8,0,10,155
13.5,8,0,11,156
13.5,8,0,12,157
13.5,8,0,13,157
13.5,8,0,14,158
13.5,8,0,15,159
13.5,8,1,0,149
13.5,8,1,1,150
13.5,8,1,2,150
13.5,8,1,3,151
13.5,8,1,4,152
13.5,8,1,5,153
13.5,8,1,6,153
13.5,8,1,7,154
13.5,8,1,8,155
13.5,8,1,9,155
13.5,8,1,10,156
13.5,8,1,11,157
13.5,8,1,12,157
13.5,8,1,13,158
13.5,8,1,14,159
13.5,8,1,15,160
13.5,8,2,0,150
13.5,8,2,1,151
13.5,8,2,2,151
13.5,8,2,3,152
13.5,8,2,4,153
13.5,8,2,5,153
13.5,8,2,6,154
13.5,8,2,7,155
13.5,8,2,8,156
13.5,8,2,9,156
13.5,8,2,10,157
13.5,8,2,11,158
13.5,8,2,12,158
13.5,8,2,13,159
13.5,8,2,14,160
13.5,8,2,15,160
13.5,8,3,0,151
13.5,8,3,1,151
13.5,8,3,2,152
13.5,8,3,3,153
13.5,8,3,4,154
13.5,8,3,5,154
13.5,8,3,6,155
13.5,8,3,7,156
13.5,8,3,8,157
13.5,8,3,9,157
13.5,8,3,10,158
13.5,8,3,11,159
13.5,8,3,12,159
13.5,8,3,13,160
13.5,8,3,14,161
13.5,8,3,15,161
13.5,8,4,0,152
13.5,8,4,1,152
13.5,8,4,2,153
13.5,8,4,3,154
13.5,8,4,4,155
13.5,8,4,5,155
13.5,8,4,6,156
13.5,8,4,7,157
13.5,8,4,8,157
13.5,8,4,9,158
13.5,8,4,10,159
13.5,8,4,11,160
13.5,8,4,12,160
13.5,8,4,13,161
13.5,8,4,14,162
13.5,8,4,15,162
13.5,8,5,0,152
13.5,8,5,1,153
13.5,8,5,2,154
13.5,8,5,3,155
13.5,8,5,4,155
13.5,8,5,5,156
13.5,8,5,6,157
13.5,8,5,7,158
13.5,8,5,8,158
13.5,8,5,9,159
13.5,8,5,10,160
13.5,8,5,11,160
13.5,8,5,12,161
13.5,8,5,13,162
13.5,8,5,14,163
13.5,8,5,15,163
13.5,8,6,0,153
13.5,8,6,1,154
13.5,8,6,2,155
13.5,8,6,3,156
13.5,8,6,4,156
13.5,8,6,5,157
13.5,8,6,6,158
13.5,8,6,7,158
13.5,8,6,8,159
13.5,8,6,9,160
13.5,8,6,10,161
13.5,8,6,11,161
13.5,8,6,12,162
13.5,8,6,13,163
13.5,8,6,14,164
13.5,8,6,15,164
13.5,8,7,0,154
13.5,8,7,1,155
13.5,8,7,2,156
13.5,8,7,3,156
13.5,8,7,4,157
13.5,8,7,5,158
13.5,8,7,6,159
13.5,8,7,7,159
13.5,8,7,8,160
13.5,8,7,9,161
13.5,8,7,10,162
13.5,8,7,11,162
13.5,8,7,12,163
13.5,8,7,13,164
13.5,8,7,14,164
13.5,8,7,15,165
13.5,8,8,0,155
13.5,8,8,1,156
13.5,8,8,2,157
13.5,8,8,3,157
13.5,8,8,4,158
13.5,8,8,5,159
13.5,8,8,6,160
13.5,8,8,7,160
13.5,8,8,8,161
13.5,8,8,9,162
13.5,8,8,10,162
13.5,8,8,11,163
13.5,8,8,12,164
13.5,8,8,13,165
13.5,8,8,14,165
13.5,8,8,15,166
13.5,8,9,0,156
13.5,8,9,1,157
13.5,8,9,2,157
13.5,8,9,3,158
13.5,8,9,4,159
13.5,8,9,5,160
13.5,8,9,6,160
13.5,8,9,7,161
13.5,8,9,8,162
13.5,8,9,9,163
13.5,8,9,10,163
13.5,8,9,11,164
13.5,8,9,12,165
13.5,8,9,13,166
13.5,8,9,14,166
13.5,8,9,15,167
13.5,8,10,0,157
13.5,8,10,1,157
13.5,8,10,2,158
13.5,8,10,3,159
13.5,8,10,4,160
13.5,8,10,5,161
13.5,8,10,6,161
13.5,8,10,7,162
13.5,8,10,8,163
13.5,8,10,9,164
13.5,8,10,10,164
13.5,8,10,11,165
13.5,8,10,12,166
13.5,8,10,13,166
13.5,8,10,14,167
13.5,8,10,15,168
13.5,8,11,0,158
13.5,8,11,1,158
13.5,8,11,2,159
13.5,8,11,3,160
13.5,8,11,4,161
13.5,8,11,5,161
13.5,8,11,6,162
13.5,8,11,7,163
13.5,8,11,8,164
13.5,8,11,9,164
13.5,8,11,10,165
13.5,8,11,11,166
13.5,8,11,12,167
13.5,8,11,13,167
13.5,8,11,14,168
13.5,8,11,15,169
13.5,8,12,0,158
13.5,8,12,1,159
13.5,8,12,2,160
13.5,8,12,3,161
13.5,8,12,4,161
13.5,8,12,5,162
13.5,8,12,6,163
13.5,8,12,7,164
13.5,8,12,8,165
13.5,8,12,9,165
13.5,8,12,10,166
13.5,8,12,11,167
13.5,8,12,12,167
13.5,8,12,13,168
13.5,8,12,14,169
13.5,8,12,15,170
13.5,8,13,0,159
13.5,8,13,1,160
13.5,8,13,2,161
13.5,8,13,3,162
13.5,8,13,4,162
13.5,8,13,5,163
13.5,8,13,6,164
13.5,8,13,7,165
13.5,8,13,8,165
13.5,8,13,9,166
13.5,8,13,10,167
13.5,8,13,11,168
13.5,8,13,12,168
13.5,8,13,13,169
13.5,8,13,14,170
13.5,8,13,15,171
13.5,8,14,0,160
13.5,8,14,1,161
13.5,8,14,2,162
13.5,8,14,3,162
13.5,8,14,4,163
13.5,8,14,5,164
13.5,8,14,6,165
13.5,8,14,7,165
13.5,8,14,8,166
13.5,8,14,9,167
13.5,8,14,10,168
13.5,8,14,11,169
13.5,8,14,12,169
13.5,8,14,13,170
13.5,8,14,14,171
13.5,8,14,15,171
13.5,8,15,0,161
13.5,8,15,1,162
13.5,8,15,2,162
13.5,8,15,3,163
13.5,8,15,4,164
13.5,8,15,5,165
13.5,8,15,6,166
13.5,8,15,7,166
13.5,8,15,8,167
13.5,8,15,9,168
13.5,8,15,10,169
13.5,8,15,11,169
13.5,8,15,12,170
13.5,8,15,13,171
13.5,8,15,14,172
13.5,8,15,15,172
13.5,9,0,0,150
13.5,9,0,1,151
13.5,9,0,2,152
13.5,9,0,3,152
13.5,9,0,4,153
13.5,9,0,5,154
13.5,9,0,6,155
13.5,9,0,7,155
13.5,9,0,8,156
13.5,9,0,9,157
13.5,9,0,10,157
13.5,9,0,11,158
13.5,9,0,12,159
13.5,9,0,13,160
13.5,9,0,14,160
13.5,9,0,15,161
13.5,9,1,0,151
13.5,9,1,1,152
13.5,9,1,2,153
13.5,9,1,3,153
13.5,9,1,4,154
13.5,9,1,5,155
13.5,9,1,6,156
13.5,9,1,7,156
13.5,9,1,8,157
13.5,9,1,9,158
13.5,9,1,10,158
13.5,9,1,11,159
13.5,9,1,12,160
13.5,9,1,13,161
13.5,9,1,14,161
13.5,9,1,15,162
13.5,9,2,0,152
13.5,9,2,1,153
13.5,9,2,2,154
13.5,9,2,3,154
13.5,9,2,4,155
13.5,9,2,5,156
13.5,9,2,6,156
13.5,9,2,7,157
13.5,9,2,8,158
13.5,9,2,9,159
13.5,9,2,10,159
13.5,9,2,11,160
13.5,9,2,12,161
13.5,9,2,13,161
13.5,9,2,14,162
13.5,9,2,15,163
13.5,9,3,0,153
13.5,9,3,1,154
13.5,9,3,2,154
13.5,9,3,3,155
13.5,9,3,4,156
13.5,9,3,5,157
13.5,9,3,6,157
13.5,9,3,7,158
13.5,9,3,8,159
13.5,9,3,9,160
13.5,9,3,10,160
13.5,9,3,11,161
13.5,9,3,12,162
13.5,9,3,13,162
13.5,9,3,14,163
13.5,9,3,15,164
13.5,9,4,0,154
13.5,9,4,1,155
13.5,9,4,2,155
13.5,9,4,3,156
13.5,9,4,4,157
13.5,9,4,5,158
13.5,9,4,6,158
13.5,9,4,7,159
13.5,9,4,8,160
13.5,9,4,9,161
13.5,9,4,10,161
13.5,9,4,11,162
13.5,9,4,12,163
13.5,9,4,13,163
13.5,9,4,14,164
13.5,9,4,15,165
13.5,9,5,0,155
13.5,9,5,1,155
13.5,9,5,2,156
13.5,9,5,3,157
13.5,9,5,4,158
13.5,9,5,5,158
13.5,9,5,6,159
13.5,9,5,7,160
13.5,9,5,8,161
13.5,9,5,9,161
13.5,9,5,10,162
13.5,9,5,11,163
13.5,9,5,12,164
13.5,9,5,13,164
13.5,9,5,14,165
13.5,9,5,15,166
13.5,9,6,0,156
13.5,9,6,1,156
13.5,9,6,2,157
13.5,9,6,3,158
13.5,9,6,4,159
13.5,9,6,5,159
13.5,9,6,6,160
13.5,9,6,7,161
13.5,9,6,8,162
13.5,9,6,9,162
13.5,9,6,10,163
13.5,9,6,11,164
13.5,9,6,12,165
13.5,9,6,13,165
13.5,9,6,14,166
13.5,9,6,15,167
13.5,9,7,0,156
13.5,9,7,1,157
13.5,9,7,2,158
13.5,9,7,3,159
13.5,9,7,4,160
13.5,9,7,5,160
13.5,9,7,6,161
13.5,9,7,7,162
13.5,9,7,8,163
13.5,9,7,9,163
13.5,9,7,10,164
13.5,9,7,11,165
13.5,9,7,12,165
13.5,9,7,13,166
13.5,9,7,14,167
13.5,9,7,15,168
13.5,9,8,0,157
13.5,9,8,1,158
13.5,9,8,2,159
13.5,9,8,3,160
13.5,9,8,4,160
13.5,9,8,5,161
13.5,9,8,6,162
13.5,9,8,7,163
13.5,9,8,8,163
13.5,9,8,9,164
13.5,9,8,10,165
13.5,9,8,11,166
13.5,9,8,12,166
13.5,9,8,13,167
13.5,9,8,14,168
13.5,9,8,15,169
13.5,9,9,0,158
13.5,9,9,1,159
13.5,9,9,2,160
13.5,9,9,3,161
13.5,9,9,4,161
13.5,9,9,5,162
13.5,9,9,6,163
13.5,9,9,7,164
13.5,9,9,8,164
13.5,9,9,9,165
13.5,9,9,10,166
13.5,9,9,11,167
13.5,9,9,12,167
13.5,9,9,13,168
13.5,9,9,14,169
13.5,9,9,15,169
13.5,9,10,0,159
13.5,9,10,1,160
13.5,9,10,2,161
13.5,9,10,3,161
13.5,9,10,4,162
13.5,9,10,5,163
13.5,9,10,6,164
13.5,9,10,7,164
13.5,9,10,8,165
13.5,9,10,9,166
13.5,9,10,10,167
13.5,9,10,11,167
13.5,9,10,12,168
13.5,9,10,13,169
13.5,9,10,14,170
13.5,9,10,15,170
13.5,9,11,0,160
13.5,9,11,1,161
13.5,9,11,2,161
13.5,9,11,3,162
13.5,9,11,4,163
13.5,9,11,5,164
13.5,9,11,6,165
13.5,9,11,7,165
13.5,9,11,8,166
13.5,9,11,9,167
13.5,9,11,10,168
13.5,9,11,11,168
13.5,9,11,12,169
13.5,9,11,13,170
13.5,9,11,14,171
13.5,9,11,15,171
13.5,9,12,0,161
13.5,9,12,1,162
13.5,9,12,2,162
13.5,9,12,3,163
13.5,9,12,4,164
13.5,9,12,5,165
13.5,9,12,6,165
13.5,9,12,7,166
13.5,9,12,8,167
13.5,9,12,9,168
13.5,9,12,10,169
13.5,9,12,11,169
13.5,9,12,12,170
13.5,9,12,13,171
13.5,9,12,14,171
13.5,9,12,15,172
13.5,9,13,0,162
13.5,9,13,1,162
13.5,9,13,2,163
13.5,9,13,3,164
13.5,9,13,4,165
13.5,9,13,5,166
13.5,9,13,6,166
13.5,9,13,7,167
13.5,9,13,8,168
13.5,9,13,9,169
13.5,9,13,10,169
13.5,9,13,11,170
13.5,9,13,12,171
13.5,9,13,13,172
13.5,9,13,14,172
13.5,9,13,15,173
13.5,9,14,0,162
13.5,9,14,1,163
13.5,9,14,2,164
13.5,9,14,3,165
13.5,9,14,4,166
13.5,9,14,5,166
13.5,9,14,6,167
13.5,9,14,7,168
13.5,9,14,8,169
13.5,9,14,9,170
13.5,9,14,10,170
13.5,9,14,11,171
13.5,9,14,12,172
13.5,9,14,13,173
13.5,9,14,14,173
13.5,9,14,15,174
13.5,9,15,0,163
13.5,9,15,1,164
13.5,9,15,2,165
13.5,9,15,3,166
13.5,9,15,4,166
13.5,9,15,5,167
13.5,9,15,6,168
13.5,9,15,7,169
13.5,9,15,8,170
13.5,9,15,9,170
13.5,9,15,10,171
13.5,9,15,11,172
13.5,9,15,12,173
13.5,9,15,13,173
13.5,9,15,14,174
13.5,9,15,15,175
13.5,10,0,0,152
13.5,10,0,1,153
13.5,10,0,2,154
13.5,10,0,3,155
13.5,10,0,4,155
13.5,10,0,5,156
13.5,10,0,6,157
13.5,10,0,7,158
13.5,10,0,8,158
13.5,10,0,9,159
13.5,10,0,10,160
13.5,10,0,11,161
13.5,10,0,12,161
13.5,10,0,13,162
13.5,10,0,14,163
13.5,10,0,15,163
13.5,10,1,0,153
13.5,10,1,1,154
13.5,10,1,2,155
13.5,10,1,3,156
13.5,10,1,4,156
13.5,10,1,5,157
13.5,10,1,6,158
13.5,10,1,7,159
13.5,10,1,8,159
13.5,10,1,9,160
13.5,10,1,10,161
13.5,10,1,11,161
13.5,10,1,12,162
13.5,10,1,13,163
13.5,10,1,14,164
13.5,10,1,15,164
13.5,10,2,0,154
13.5,10,2,1,155
13.5,10,2,2,156
13.5,10,2,3,157
13.5,10,2,4,157
13.5,10,2,5,158
13.5,10,2,6,159
13.5,10,2,7,160
13.5,10,2,8,160
13.5,10,2,9,161
13.5,10,2,10,162
13.5,10,2,11,162
13.5,10,2,12,163
13.5,10,2,13,164
13.5,10,2,14,165
13.5,10,2,15,165
13.5,10,3,0,155
13.5,10,3,1,156
13.5,10,3,2,157
13.5,10,3,3,157
13.5,10,3,4,158
13.5,10,3,5,159
13.5,10,3,6,160
13.5,10,3,7,160
13.5,10,3,8,161
13.5,10,3,9,162
13.5,10,3,10,163
13.5,10,3,11,163
13.5,10,3,12,164
13.5,10,3,13,165
13.5,10,3,14,166
13.5,10,3,15,166
13.5,10,4,0,156
13.5,10,4,1,157
13.5,10,4,2,158
13.5,10,4,3,158
13.5,10,4,4,159
13.5,10,4,5,160
13.5,10,4,6,161
13.5,10,4,7,161
13.5,10,4,8,162
13.5,10,4,9,163
13.5,10,4,10,164
13.5,10,4,11,164
13.5,10,4,12,165
13.5,10,4,13,166
13.5,10,4,14,167
13.5,10,4,15,167
13.5,10,5,0,157
13.5,10,5,1,158
13.5,10,5,2,159
13.5,10,5,3,159
13.5,10,5,4,160
13.5,10,5,5,161
13.5,10,5,6,162
13.5,10,5,7,162
13.5,10,5,8,163
13.5,10,5,9,164
13.5,10,5,10,165
13.5,10,5,11,165
13.5,10,5,12,166
13.5,10,5,13,167
13.5,10,5,14,167
13.5,10,5,15,168
13.5,10,6,0,158
13.5,10,6,1,159
13.5,10,6,2,159
13.5,10,6,3,160
13.5,10,6,4,161
13.5,10,6,5,162
13.5,10,6,6,162
13.5,10,6,7,163
13.5,10,6,8,164
13.5,10,6,9,165
13.5,10,6,10,165
13.5,10,6,11,166
13.5,10,6,12,167
13.5,10,6,13,168
13.5,10,6,14,168
13.5,10,6,15,169
13.5,10,7,0,159
13.5,10,7,1,160
13.5,10,7,2,160
13.5,10,7,3,161
13.5,10,7,4,162
13.5,10,7,5,163
13.5,10,7,6,163
13.5,10,7,7,164
13.5,10,7,8,165
13.5,10,7,9,166
13.5,10,7,10,166
13.5,10,7,11,167
13.5,10,7,12,168
13.5,10,7,13,169
13.5,10,7,14,169
13.5,10,7,15,170
13.5,10,8,0,160
13.5,10,8,1,160
13.5,10,8,2,161
13.5,10,8,3,162
13.5,10,8,4,163
13.5,10,8,5,164
13.5,10,8,6,164
13.5,10,8,7,165
13.5,10,8,8,166
13.5,10,8,9,167
13.5,10,8,10,167
13.5,10,8,11,168
13.5,10,8,12,169
13.5,10,8,13,170
13.5,10,8,14,170
13.5,10,8,15,171
13.5,10,9,0,161
13.5,10,9,1,161
13.5,10,9,2,162
13.5,10,9,3,163
13.5,10,9,4,164
13.5,10,9,5,164
13.5,10,9,6,165
13.5,10,9,7,166
13.5,10,9,8,167
13.5,10,9,9,168
13.5,10,9,10,168
13.5,10,9,11,169
13.5,10,9,12,170
13.5,10,9,13,171
13.5,10,9,14,171
13.5,10,9,15,172
13.5,10,10,0,161
13.5,10,10,1,162
13.5,10,10,2,163
13.5,10,10,3,164
13.5,10,10,4,165
13.5,10,10,5,165
13.5,10,10,6,166
13.5,10,10,7,167
13.5,10,10,8,168
13.5,10,10,9,168
13.5,10,10,10,169
13.5,10,10,11,170
13.5,10,10,12,171
13.5,10,10,13,171
13.5,10,10,14,172
13.5,10,10,15,173
13.5,10,11,0,162
13.5,10,11,1,163
13.5,10,11,2,164
13.5,10,11,3,165
13.5,10,11,4,165
13.5,10,11,5,166
13.5,10,11,6,167
13.5,10,11,7,168
13.5,10,11,8,169
13.5,10,11,9,169
13.5,10,11,10,170
13.5,10,11,11,171
13.5,10,11,12,172
13.5,10,11,13,172
13.5,10,11,14,173
13.5,10,11,15,174
13.5,10,12,0,163
13.5,10,12,1,164
13.5,10,12,2,165
13.5,10,12,3,166
13.5,10,12,4,166
13.5,10,12,5,167
13.5,10,12,6,168
13.5,10,12,7,169
13.5,10,12,8,169
13.5,10,12,9,170
13.5,10,12,10,171
13.5,10,12,11,172
13.5,10,12,12,173
13.5,10,12,13,173
13.5,10,12,14,174
13.5,10,12,15,175
13.5,10,13,0,164
13.5,10,13,1,165
13.5,10,13,2,166
13.5,10,13,3,166
13.5,10,13,4,167
13.5,10,13,5,168
13.5,10,13,6,169
13.5,10,13,7,170
13.5,10,13,8,170
13.5,10,13,9,171
13.5,10,13,10,172
13.5,10,13,11,173
13.5,10,13,12,173
13.5,10,13,13,174
13.5,10,13,14,175
13.5,10,13,15,176
13.5,10,14,0,165
13.5,10,14,1,166
13.5,10,14,2,166
13.5,10,14,3,167
13.5,10,14,4,168
13.5,10,14,5,169
13.5,10,14,6,170
13.5,10,14,7,170
13.5,10,14,8,171
13.5,10,14,9,172
13.5,10,14,10,173
13.5,10,14,11,174
13.5,10,14,12,174
13.5,10,14,13,175
13.5,10,14,14,176
13.5,10,14,15,177
13.5,10,15,0,166
13.5,10,15,1,167
13.5,10,15,2,167
13.5,10,15,3,168
13.5,10,15,4,169
13.5,10,15,5,170
13.5,10,15,6,171
13.5,10,15,7,171
13.5,10,15,8,172
13.5,10,15,9,173
13.5,10,15,10,174
13.5,10,15,11,174
13.5,10,15,12,175
13.5,10,15,13,176
13.5,10,15,14,177
13.5,10,15,15,178
13.5,11,0,0,155
13.5,11,0,1,155
13.5,11,0,2,156
13.5,11,0,3,157
13.5,11,0,4,158
13.5,11,0,5,158
13.5,11,0,6,159
13.5,11,0,7,160
13.5,11,0,8,161
13.5,11,0,9,161
13.5,11,0,10,162
13.5,11,0,11,163
13.5,11,0,12,164
13.5,11,0,13,164
13.5,11,0,14,165
13.5,11,0,15,166
13.5,11,1,0,156
13.5,11,1,1,156
13.5,11,1,2,157
13.5,11,1,3,158
13.5,11,1,4,159
13.5,11,1,5,159
13.5,11,1,6,160
13.5,11,1,7,161
13.5,11,1,8,162
13.5,11,1,9,162
13.5,11,1,10,163
13.5,11,1,11,164
13.5,11,1,12,165
13.5,11,1,13,165
13.5,11,1,14,166
13.5,11,1,15,167
13.5,11,2,0,157
13.5,11,2,1,157
13.5,11,2,2,158
13.5,11,2,3,159
13.5,11,2,4,160
13.5,11,2,5,160
13.5,11,2,6,161
13.5,11,2,7,162
13.5,11,2,8,163
13.5,11,2,9,163
13.5,11,2,10,164
13.5,11,2,11,165
13.5,11,2,12,166
13.5,11,2,13,166
13.5,11,2,14,167
13.5,11,2,15,168
13.5,11,3,0,157
13.5,11,3,1,158
13.5,11,3,2,159
13.5,11,3,3,160
13.5,11,3,4,161
13.5,11,3,5,161
13.5,11,3,6,162
13.5,11,3,7,163
13.5,11,3,8,164
13.5,11,3,9,164
13.5,11,3,10,165
13.5,11,3,11,166
13.5,11,3,12,166
13.5,11,3,13,167
13.5,11,3,14,168
13.5,11,3,15,169
13.5,11,4,0,158
13.5,11,4,1,159
13.5,11,4,2,160
13.5,11,4,3,161
13.5,11,4,4,161
13.5,11,4,5,162
13.5,11,4,6,163
13.5,11,4,7,164
13.5,11,4,8,164
13.5,11,4,9,165
13.5,11,4,10,166
13.5,11,4,11,167
13.5,11,4,12,167
13.5,11,4,13,168
13.5,11,4,14,169
13.5,11,4,15,170
13.5,11,5,0,159
13.5,11,5,1,160
13.5,11,5,2,161
13.5,11,5,3,162
13.5,11,5,4,162
13.5,11,5,5,163
13.5,11,5,6,164
13.5,11,5,7,165
13.5,11,5,8,165
13.5,11,5,9,166
13.5,11,5,10,167
13.5,11,5,11,168
13.5,11,5,12,168
13.5,11,5,13,169
13.5,11,5,14,170
13.5,11,5,15,171
13.5,11,6,0,160
13.5,11,6,1,161
13.5,11,6,2,162
13.5,11,6,3,163
13.5,11,6,4,163
13.5,11,6,5,164
13.5,11,6,6,165
13.5,11,6,7,166
13.5,11,6,8,166
13.5,11,6,9,167
13.5,11,6,10,168
13.5,11,6,11,169
13.5,11,6,12,169
13.5,11,6,13,170
13.5,11,6,14,171
13.5,11,6,15,172
13.5,11,7,0,161
13.5,11,7,1,162
13.5,11,7,2,163
13.5,11,7,3,163
13.5,11,7,4,164
13.5,11,7,5,165
13.5,11,7,6,166
13.5,11,7,7,167
13.5,11,7,8,167
13.5,11,7,9,168
13.5,11,7,10,169
13.5,11,7,11,170
13.5,11,7,12,170
13.5,11,7,13,171
13.5,11,7,14,172
13.5,11,7,15,173
13.5,11,8,0,162
13.5,11,8,1,163
13.5,11,8,2,164
13.5,11,8,3,164
13.5,11,8,4,165
13.5,11,8,5,166
13.5,11,8,6,167
13.5,11,8,7,167
13.5,11,8,8,168
13.5,11,8,9,169
13.5,11,8,10,170
13.5,11,8,11,171
13.5,11,8,12,171
13.5,11,8,13,172
13.5,11,8,14,173
13.5,11,8,15,174
13.5,11,9,0,163
13.5,11,9,1,164
13.5,11,9,2,164
13.5,11,9,3,165
13.5,11,9,4,166
13.5,11,9,5,167
13.5,11,9,6,168
13.5,11,9,7,168
13.5,11,9,8,169
13.5,11,9,9,170
13.5,11,9,10,171
13.5,11,9,11,171
13.5,11,9,12,172
13.5,11,9,13,173
13.5,11,9,14,174
13.5,11,9,15,174
13.5,11,10,0,164
13.5,11,10,1,165
13.5,11,10,2,165
13.5,11,10,3,166
13.5,11,10,4,167
13.5,11,10,5,168
13.5,11,10,6,169
13.5,11,10,7,169
13.5,11,10,8,170
13.5,11,10,9,171
13.5,11,10,10,172
13.5,11,10,11,172
13.5,11,10,12,173
13.5,11,10,13,174
13.5,11,10,14,175
13.5,11,10,15,175
13.5,11,11,0,165
13.5,11,11,1,165
13.5,11,11,2,166
13.5,11,11,3,167
13.5,11,11,4,168
13.5,11,11,5,169
13.5,11,11,6,169
13.5,11,11,7,170
13.5,11,11,8,171
13.5,11,11,9,172
13.5,11,11,10,173
13.5,11,11,11,173
13.5,11,11,12,174
13.5,11,11,13,175
13.5,11,11,14,176
13.5,11,11,15,176
13.5,11,12,0,166
13.5,11,12,1,166
13.5,11,12,2,167
13.5,11,12,3,168
13.5,11,12,4,169
13.5,11,12,5,170
13.5,11,12,6,170
13.5,11,12,7,171
13.5,11,12,8,172
13.5,11,12,9,173
13.5,11,12,10,173
13.5,11,12,11,174
13.5,11,12,12,175
13.5,11,12,13,176
13.5,11,12,14,177
13.5,11,12,15,177
13.5,11,13,0,166
13.5,11,13,1,167
13.5,11,13,2,168
13.5,11,13,3,169
13.5,11,13,4,170
13.5,11,13,5,170
13.5,11,13,6,171
13.5,11,13,7,172
13.5,11,13,8,173
13.5,11,13,9,174
13.5,11,13,10,174
13.5,11,13,11,175
13.5,11,13,12,176
13.5,11,13,13,177
13.5,11,13,14,177
13.5,11,13,15,178
13.5,11,14,0,167
13.5,11,14,1,168
13.5,11,14,2,169
13.5,11,14,3,170
13.5,11,14,4,171
13.5,11,14,5,171
13.5,11,14,6,172
13.5,11,14,7,173
13.5,11,14,8,174
13.5,11,14,9,175
13.5,11,14,10,175
13.5,11,14,11,176
13.5,11,14,12,177
13.5,11,14,13,178
13.5,11,14,14,178
13.5,11,14,15,179
13.5,11,15,0,168
13.5,11,15,1,169
13.5,11,15,2,170
13.5,11,15,3,171
13.5,11,15,4,171
13.5,11,15,5,172
13.5,11,15,6,173
13.5,11,15,7,174
13.5,11,15,8,175
13.5,11,15,9,175
13.5,11,15,10,176
13.5,11,15,11,177
13.5,11,15,12,178
13.5,11,15,13,179
13.5,11,15,14,179
13.5,11,15,15,180
13.5,12,0,0,157
13.5,12,0,1,158
13.5,12,0,2,158
13.5,12,0,3,159
13.5,12,0,4,160
13.5,12,0,5,161
13.5,12,0,6,161
13.5,12,0,7,162
13.5,12,0,8,163
13.5,12,0,9,164
13.5,12,0,10,164
13.5,12,0,11,165
13.5,12,0,12,166
13.5,12,0,13,167
13.5,12,0,14,167
13.5,12,0,15,168
13.5,12,1,0,158
13.5,12,1,1,159
13.5,12,1,2,159
13.5,12,1,3,160
13.5,12,1,4,161
13.5,12,1,5,162
13.5,12,1,6,162
13.5,12,1,7,163
13.5,12,1,8,164
13.5,12,1,9,165
13.5,12,1,10,165
13.5,12,1,11,166
13.5,12,1,12,167
13.5,12,1,13,168
13.5,12,1,14,168
13.5,12,1,15,169
13.5,12,2,0,159
13.5,12,2,1,160
13.5,12,2,2,160
13.5,12,2,3,161
13.5,12,2,4,162
13.5,12,2,5,163
13.5,12,2,6,163
13.5,12,2,7,164
13.5,12,2,8,165
13.5,12,2,9,166
13.5,12,2,10,166
13.5,12,2,11,167
13.5,12,2,12,168
13.5,12,2,13,169
13.5,12,2,14,169
13.5,12,2,15,170
13.5,12,3,0,160
13.5,12,3,1,161
13.5,12,3,2,161
13.5,12,3,3,162
13.5,12,3,4,163
13.5,12,3,5,164
13.5,12,3,6,164
13.5,12,3,7,165
13.5,12,3,8,166
13.5,12,3,9,167
13.5,12,3,10,167
13.5,12,3,11,168
13.5,12,3,12,169
13.5,12,3,13,170
13.5,12,3,14,170
13.5,12,3,15,171
13.5,12,4,0,161
13.5,12,4,1,161
13.5,12,4,2,162
13.5,12,4,3,163
13.5,12,4,4,164
13.5,12,4,5,165
13.5,12,4,6,165
13.5,12,4,7,166
13.5,12,4,8,167
13.5,12,4,9,168
13.5,12,4,10,168
13.5,12,4,11,169
13.5,12,4,12,170
13.5,12,4,13,171
13.5,12,4,14,171
13.5,12,4,15,172
13.5,12,5,0,162
13.5,12,5,1,162
13.5,12,5,2,163
13.5,12,5,3,164
13.5,12,5,4,165
13.5,12,5,5,165
13.5,12,5,6,166
13.5,12,5,7,167
13.5,12,5,8,168
13.5,12,5,9,169
13.5,12,5,10,169
13.5,12,5,11,170
13.5,12,5,12,171
13.5,12,5,13,172
13.5,12,5,14,172
13.5,12,5,15,173
13.5,12,6,0,162
13.5,12,6,1,163
13.5,12,6,2,164
13.5,12,6,3,165
13.5,12,6,4,166
13.5,12,6,5,166
13.5,12,6,6,167
13.5,12,6,7,168
13.5,12,6,8,169
13.5,12,6,9,170
13.5,12,6,10,170
13.5,12,6,11,171
13.5,12,6,12,172
13.5,12,6,13,173
13.5,12,6,14,173
13.5,12,6,15,174
13.5,12,7,0,163
13.5,12,7,1,164
13.5,12,7,2,165
13.5,12,7,3,166
13.5,12,7,4,167
13.5,12,7,5,167
13.5,12,7,6,168
13.5,12,7,7,169
13.5,12,7,8,170
13.5,12,7,9,170
13.5,12,7,10,171
13.5,12,7,11,172
13.5,12,7,12,173
13.5,12,7,13,174
13.5,12,7,14,174
13.5,12,7,15,175
13.5,12,8,0,164
13.5,12,8,1,165
13.5,12,8,2,166
13.5,12,8,3,167
13.5,12,8,4,168
13.5,12,8,5,168
13.5,12,8,6,169
13.5,12,8,7,170
13.5,12,8,8,171
13.5,12,8,9,171
13.5,12,8,10,172
13.5,12,8,11,173
13.5,12,8,12,174
13.5,12,8,13,174
13.5,12,8,14,175
13.5,12,8,15,176
13.5,12,9,0,165
13.5,12,9,1,166
13.5,12,9,2,167
13.5,12,9,3,168
13.5,12,9,4,168
13.5,12,9,5,169
13.5,12,9,6,170
13.5,12,9,7,171
13.5,12,9,8,172
13.5,12,9,9,172
13.5,12,9,10,173
13.5,12,9,11,174
13.5,12,9,12,175
13.5,12,9,13,175
13.5,12,9,14,176
13.5,12,9,15,177
13.5,12,10,0,166
13.5,12,10,1,167
13.5,12,10,2,168
13.5,12,10,3,169
13.5,12,10,4,169
13.5,12,10,5,170
13.5,12,10,6,171
13.5,12,10,7,172
13.5,12,10,8,173
13.5,12,10,9,173
13.5,12,10,10,174
13.5,12,10,11,175
13.5,12,10,12,176
13.5,12,10,13,176
13.5,12,10,14,177
13.5,12,10,15,178
13.5,12,11,0,167
13.5,12,11,1,168
13.5,12,11,2,169
13.5,12,11,3,169
13.5,12,11,4,170
13.5,12,11,5,171
13.5,12,11,6,172
13.5,12,11,7,173
13.5,12,11,8,173
13.5,12,11,9,174
13.5,12,11,10,175
13.5,12,11,11,176
13.5,12,11,12,177
13.5,12,11,13,177
13.5,12,11,14,178
13.5,12,11,15,179
13.5,12,12,0,168
13.5,12,12,1,169
13.5,12,12,2,170
13.5,12,12,3,170
13.5,12,12,4,171
13.5,12,12,5,172
13.5,12,12,6,173
13.5,12,12,7,174
13.5,12,12,8,174
13.5,12,12,9,175
13.5,12,12,10,176
13.5,12,12,11,177
13.5,12,12,12,178
13.5,12,12,13,178
13.5,12,12,14,179
13.5,12,12,15,180
13.5,12,13,0,169
13.5,12,13,1,170
13.5,12,13,2,170
13.5,12,13,3,171
13.5,12,13,4,172
13.5,12,13,5,173
13.5,12,13,6,174
13.5,12,13,7,174
13.5,12,13,8,175
13.5,12,13,9,176
13.5,12,13,10,177
13.5,12,13,11,178
13.5,12,13,12,178
13.5,12,13,13,179
13.5,12,13,14,180
13.5,12,13,15,181
13.5,12,14,0,170
13.5,12,14,1,170
13.5,12,14,2,171
13.5,12,14,3,172
13.5,12,14,4,173
13.5,12,14,5,174
13.5,12,14,6,175
13.5,12,14,7,175
13.5,12,14,8,176
13.5,12,14,9,177
13.5,12,14,10,178
13.5,12,14,11,179
13.5,12,14,12,179
13.5,12,14,13,180
13.5,12,14,14,181
13.5,12,14,15,182
13.5,12,15,0,171
13.5,12,15,1,171
13.5,12,15,2,172
13.5,12,15,3,173
13.5,12,15,4,174
13.5,12,15,5,175
13.5,12,15,6,175
13.5,12,15,7,176
13.5,12,15,8,177
13.5,12,15,9,178
13.5,12,15,10,179
13.5,12,15,11,180
13.5,12,15,12,180
13.5,12,15,13,181
13.5,12,15,14,182
13.5,12,15,15,183
13.5,13,0,0,159
13.5,13,0,1,160
13.5,13,0,2,161
13.5,13,0,3,161
13.5,13,0,4,162
13.5,13,0,5,163
13.5,13,0,6,164
13.5,13,0,7,165
13.5,13,0,8,165
13.5,13,0,9,166
13.5,13,0,10,167
13.5,13,0,11,168
13.5,13,0,12,168
13.5,13,0,13,169
13.5,13,0,14,170
13.5,13,0,15,170
13.5,13,1,0,160
13.5,13,1,1,161
13.5,13,1,2,162
13.5,13,1,3,162
13.5,13,1,4,163
13.5,13,1,5,164
13.5,13,1,6,165
13.5,13,1,7,165
13.5,13,1,8,166
13.5,13,1,9,167
13.5,13,1,10,168
13.5,13,1,11,169
13.5,13,1,12,169
13.5,13,1,13,170
13.5,13,1,14,171
13.5,13,1,15,171
13.5,13,2,0,161
13.5,13,2,1,162
13.5,13,2,2,163
13.5,13,2,3,163
13.5,13,2,4,164
13.5,13,2,5,165
13.5,13,2,6,166
13.5,13,2,7,166
13.5,13,2,8,167
13.5,13,2,9,168
13.5,13,2,10,169
13.5,13,2,11,170
13.5,13,2,12,170
13.5,13,2,13,171
13.5,13,2,14,172
13.5,13,2,15,172
13.5,13,3,0,162
13.5,13,3,1,163
13.5,13,3,2,164
13.5,13,3,3,164
13.5,13,3,4,165
13.5,13,3,5,166
13.5,13,3,6,167
13.5,13,3,7,167
13.5,13,3,8,168
13.5,13,3,9,169
13.5,13,3,10,170
13.5,13,3,11,171
13.5,13,3,12,171
13.5,13,3,13,172
13.5,13,3,14,173
13.5,13,3,15,174
13.5,13,4,0,163
13.5,13,4,1,164
13.5,13,4,2,165
13.5,13,4,3,165
13.5,13,4,4,166
13.5,13,4,5,167
13.5,13,4,6,168
13.5,13,4,7,168
13.5,13,4,8,169
13.5,13,4,9,170
13.5,13,4,10,171
13.5,13,4,11,172
13.5,13,4,12,172
13.5,13,4,13,173
13.5,13,4,14,174
13.5,13,4,15,175
13.5,13,5,0,164
13.5,13,5,1,165
13.5,13,5,2,165
13.5,13,5,3,166
13.5,13,5,4,167
13.5,13,5,5,168
13.5,13,5,6,169
13.5,13,5,7,169
13.5,13,5,8,170
13.5,13,5,9,171
13.5,13,5,10,172
13.5,13,5,11,172
13.5,13,5,12,173
13.5,13,5,13,174
13.5,13,5,14,175
13.5,13,5,15,176
13.5,13,6,0,165
13.5,13,6,1,166
13.5,13,6,2,166
13.5,13,6,3,167
13.5,13,6,4,168
13.5,13,6,5,169
13.5,13,6,6,170
13.5,13,6,7,170
13.5,13,6,8,171
13.5,13,6,9,172
13.5,13,6,10,173
13.5,13,6,11,173
13.5,13,6,12,174
13.5,13,6,13,175
13.5,13,6,14,176
13.5,13,6,15,177
13.5,13,7,0,166
13.5,13,7,1,167
13.5,13,7,2,167
13.5,13,7,3,168
13.5,13,7,4,169
13.5,13,7,5,170
13.5,13,7,6,171
13.5,13,7,7,171
13.5,13,7,8,172
13.5,13,7,9,173
13.5,13,7,10,174
13.5,13,7,11,174
13.5,13,7,12,175
13.5,13,7,13,176
13.5,13,7,14,177
13.5,13,7,15,178
13.5,13,8,0,167
13.5,13,8,1,167
13.5,13,8,2,168
13.5,13,8,3,169
13.5,13,8,4,170
13.5,13,8,5,171
13.5,13,8,6,171
13.5,13,8,7,172
13.5,13,8,8,173
13.5,13,8,9,174
13.5,13,8,10,175
13.5,13,8,11,175
13.5,13,8,12,176
13.5,13,8,13,177
13.5,13,8,14,178
13.5,13,8,15,179
13.5,13,9,0,168
13.5,13,9,1,168
13.5,13,9,2,169
13.5,13,9,3,170
13.5,13,9,4,171
13.5,13,9,5,172
13.5,13,9,6,172
13.5,13,9,7,173
13.5,13,9,8,174
13.5,13,9,9,175
13.5,13,9,10,176
13.5,13,9,11,176
13.5,13,9,12,177
13.5,13,9,13,178
13.5,13,9,14,179
13.5,13,9,15,179
13.5,13,10,0,168
13.5,13,10,1,169
13.5,13,10,2,170
13.5,13,10,3,171
13.5,13,10,4,172
13.5,13,10,5,173
13.5,13,10,6,173
13.5,13,10,7,174
13.5,13,10,8,175
13.5,13,10,9,176
13.5,13,10,10,177
13.5,13,10,11,177
13.5,13,10,12,178
13.5,13,10,13,179
13.5,13,10,14,180
13.5,13,10,15,180
13.5,13,11,0,169
13.5,13,11,1,170
13.5,13,11,2,171
13.5,13,11,3,172
13.5,13,11,4,173
13.5,13,11,5,173
13.5,13,11,6,174
13.5,13,11,7,175
13.5,13,11,8,176
13.5,13,11,9,177
13.5,13,11,10,177
13.5,13,11,11,178
13.5,13,11,12,179
13.5,13,11,13,180
13.5,13,11,14,181
13.5,13,11,15,181
13.5,13,12,0,170
13.5,13,12,1,171
13.5,13,12,2,172
13.5,13,12,3,173
13.5,13,12,4,174
13.5,13,12,5,174
13.5,13,12,6,175
13.5,13,12,7,176
13.5,13,12,8,177
13.5,13,12,9,178
13.5,13,12,10,178
13.5,13,12,11,179
13.5,13,12,12,180
13.5,13,12,13,181
13.5,13,12,14,182
13.5,13,12,15,182
13.5,13,13,0,171
13.5,13,13,1,172
13.5,13,13,2,173
13.5,13,13,3,174
13.5,13,13,4,174
13.5,13,13,5,175
13.5,13,13,6,176
13.5,13,13,7,177
13.5,13,13,8,178
13.5,13,13,9,179
13.5,13,13,10,179
13.5,13,13,11,180
13.5,13,13,12,181
13.5,13,13,13,182
13.5,13,13,14,183
13.5,13,13,15,183
13.5,13,14,0,172
13.5,13,14,1,173
13.5,13,14,2,174
13.5,13,14,3,175
13.5,13,14,4,175
13.5,13,14,5,176
13.5,13,14,6,177
13.5,13,14,7,178
13.5,13,14,8,179
13.5,13,14,9,180
13.5,13,14,10,180
13.5,13,14,11,181
13.5,13,14,12,182
13.5,13,14,13,183
13.5,13,14,14,184
13.5,13,14,15,184
13.5,13,15,0,173
13.5,13,15,1,174
13.5,13,15,2,175
13.5,13,15,3,175
13.5,13,15,4,176
13.5,13,15,5,177
13.5,13,15,6,178
13.5,13,15,7,179
13.5,13,15,8,180
13.5,13,15,9,180
13.5,13,15,10,181
13.5,13,15,11,182
13.5,13,15,12,183
13.5,13,15,13,184
13.5,13,15,14,184
13.5,13,15,15,185
13.5,14,0,0,161
13.5,14,0,1,162
13.5,14,0,2,163
13.5,14,0,3,164
13.5,14,0,4,164
13.5,14,0,5,165
13.5,14,0,6,166
13.5,14,0,7,167
13.5,14,0,8,168
13.5,14,0,9,168
13.5,14,0,10,169
13.5,14,0,11,170
13.5,14,0,12,171
13.5,14,0,13,171
13.5,14,0,14,172
13.5,14,0,15,173
13.5,14,1,0,162
13.5,14,1,1,163
13.5,14,1,2,164
13.5,14,1,3,165
13.5,14,1,4,165
13.5,14,1,5,166
13.5,14,1,6,167
13.5,14,1,7,168
13.5,14,1,8,169
13.5,14,1,9,169
13.5,14,1,10,170
13.5,14,1,11,171
13.5,14,1,12,172
13.5,14,1,13,172
13.5,14,1,14,173
13.5,14,1,15,174
13.5,14,2,0,163
13.5,14,2,1,164
13.5,14,2,2,165
13.5,14,2,3,166
13.5,14,2,4,166
13.5,14,2,5,167
13.5,14,2,6,168
13.5,14,2,7,169
13.5,14,2,8,170
13.5,14,2,9,170
13.5,14,2,10,171
13.5,14,2,11,172
13.5,14,2,12,173
13.5,14,2,13,173
13.5,14,2,14,174
13.5,14,2,15,175
13.5,14,3,0,164
13.5,14,3,1,165
13.5,14,3,2,166
13.5,14,3,3,167
13.5,14,3,4,167
13.5,14,3,5,168
13.5,14,3,6,169
13.5,14,3,7,170
13.5,14,3,8,171
13.5,14,3,9,171
13.5,14,3,10,172
13.5,14,3,11,173
13.5,14,3,12,174
13.5,14,3,13,174
13.5,14,3,14,175
13.5,14,3,15,176
13.5,14,4,0,165
13.5,14,4,1,166
13.5,14,4,2,167
13.5,14,4,3,168
13.5,14,4,4,168
13.5,14,4,5,169
13.5,14,4,6,170
13.5,14,4,7,171
13.5,14,4,8,172
13.5,14,4,9,172
13.5,14,4,10,173
13.5,14,4,11,174
13.5,14,4,12,175
13.5,14,4,13,175
13.5,14,4,14,176
13.5,14,4,15,177
13.5,14,5,0,166
13.5,14,5,1,167
13.5,14,5,2,168
13.5,14,5,3,169
13.5,14,5,4,169
13.5,14,5,5,170
13.5,14,5,6,171
13.5,14,5,7,172
13.5,14,5,8,173
13.5,14,5,9,173
13.5,14,5,10,174
13.5,14,5,11,175
13.5,14,5,12,176
13.5,14,5,13,176
13.5,14,5,14,177
13.5,14,5,15,178
13.5,14,6,0,167
13.5,14,6,1,168
13.5,14,6,2,169
13.5,14,6,3,170
13.5,14,6,4,170
13.5,14,6,5,171
13.5,14,6,6,172
13.5,14,6,7,173
13.5,14,6,8,174
13.5,14,6,9,174
13.5,14,6,10,175
13.5,14,6,11,176
13.5,14,6,12,177
13.5,14,6,13,177
13.5,14,6,14,178
13.5,14,6,15,179
13.5,14,7,0,168
13.5,14,7,1,169
13.5,14,7,2,170
13.5,14,7,3,170
13.5,14,7,4,171
13.5,14,7,5,172
13.5,14,7,6,173
13.5,14,7,7,174
13.5,14,7,8,175
13.5,14,7,9,175
13.5,14,7,10,176
13.5,14,7,11,177
13.5,14,7,12,178
13.5,14,7,13,178
13.5,14,7,14,179
13.5,14,7,15,180
13.5,14,8,0,169
13.5,14,8,1,170
13.5,14,8,2,171
13.5,14,8,3,171
13.5,14,8,4,172
13.5,14,8,5,173
13.5,14,8,6,174
13.5,14,8,7,175
13.5,14,8,8,175
13.5,14,8,9,176
13.5,14,8,10,177
13.5,14,8,11,178
13.5,14,8,12,179
13.5,14,8,13,179
13.5,14,8,14,180
13.5,14,8,15,181
13.5,14,9,0,170
13.5,14,9,1,171
13.5,14,9,2,172
13.5,14,9,3,172
13.5,14,9,4,173
13.5,14,9,5,174
13.5,14,9,6,175
13.5,14,9,7,176
13.5,14,9,8,176
13.5,14,9,9,177
13.5,14,9,10,178
13.5,14,9,11,179
13.5,14,9,12,180
13.5,14,9,13,180
13.5,14,9,14,181
13.5,14,9,15,182
13.5,14,10,0,171
13.5,14,10,1,172
13.5,14,10,2,172
13.5,14,10,3,173
13.5,14,10,4,174
13.5,14,10,5,175
13.5,14,10,6,176
13.5,14,10,7,177
13.5,14,10,8,177
13.5,14,10,9,178
13.5,14,10,10,179
13.5,14,10,11,180
13.5,14,10,12,181
13.5,14,10,13,181
13.5,14,10,14,182
13.5,14,10,15,183
13.5,14,11,0,172
13.5,14,11,1,173
13.5,14,11,2,173
13.5,14,11,3,174
13.5,14,11,4,175
13.5,14,11,5,176
13.5,14,11,6,177
13.5,14,11,7,178
13.5,14,11,8,178
13.5,14,11,9,179
13.5,14,11,10,180
13.5,14,11,11,181
13.5,14,11,12,182
13.5,14,11,13,182
13.5,14,11,14,183
13.5,14,11,15,184
13.5,14,12,0,173
13.5,14,12,1,173
13.5,14,12,2,174
13.5,14,12,3,175
13.5,14,12,4,176
13.5,14,12,5,177
13.5,14,12,6,178
13.5,14,12,7,178
13.5,14,12,8,179
13.5,14,12,9,180
13.5,14,12,10,181
13.5,14,12,11,182
13.5,14,12,12,183
13.5,14,12,13,183
13.5,14,12,14,184
13.5,14,12,15,185
13.5,14,13,0,174
13.5,14,13,1,174
13.5,14,13,2,175
13.5,14,13,3,176
13.5,14,13,4,177
13.5,14,13,5,178
13.5,14,13,6,179
13.5,14,13,7,179
13.5,14,13,8,180
13.5,14,13,9,181
13.5,14,13,10,182
13.5,14,13,11,183
13.5,14,13,12,184
13.5,14,13,13,184
13.5,14,13,14,185
13.5,14,13,15,186
13.5,14,14,0,174
13.5,14,14,1,175
13.5,14,14,2,176
13.5,14,14,3,177
13.5,14,14,4,178
13.5,14,14,5,179
13.5,14,14,6,180
13.5,14,14,7,180
13.5,14,14,8,181
13.5,14,14,9,182
13.5,14,14,10,183
13.5,14,14,11,184
13.5,14,14,12,184
13.5,14,14,13,185
13.5,14,14,14,186
13.5,14,14,15,187
13.5,14,15,0,175
13.5,14,15,1,176
13.5,14,15,2,177
13.5,14,15,3,178
13.5,14,15,4,179
13.5,14,15,5,180
13.5,14,15,6,180
13.5,14,15,7,181
13.5,14,15,8,182
13.5,14,15,9,183
13.5,14,15,10,184
13.5,14,15,11,185
13.5,14,15,12,185
13.5,14,15,13,186
13.5,14,15,14,187
13.5,14,15,15,188
13.5,15,0,0,164
13.5,15,0,1,164
13.5,15,0,2,165
13.5,15,0,3,166
13.5,15,0,4,167
13.5,15,0,5,168
13.5,15,0,6,168
13.5,15,0,7,169
13.5,15,0,8,170
13.5,15,0,9,171
13.5,15,0,10,171
13.5,15,0,11,172
13.5,15,0,12,173
13.5,15,0,13,174
13.5,15,0,14,174
13.5,15,0,15,175
13.5,15,1,0,165
13.5,15,1,1,165
13.5,15,1,2,166
13.5,15,1,3,167
13.5,15,1,4,168
13.5,15,1,5,169
13.5,15,1,6,169
13.5,15,1,7,170
13.5,15,1,8,171
13.5,15,1,9,172
13.5,15,1,10,172
13.5,15,1,11,173
13.5,15,1,12,174
13.5,15,1,13,175
13.5,15,1,14,175
13.5,15,1,15,176
13.5,15,2,0,166
13.5,15,2,1,166
13.5,15,2,2,167
13.5,15,2,3,168
13.5,15,2,4,169
13.5,15,2,5,170
13.5,15,2,6,170
13.5,15,2,7,171
13.5,15,2,8,172
13.5,15,2,9,173
13.5,15,2,10,173
13.5,15,2,11,174
13.5,15,2,12,175
13.5,15,2,13,176
13.5,15,2,14,177
13.5,15,2,15,177
13.5,15,3,0,166
13.5,15,3,1,167
13.5,15,3,2,168
13.5,15,3,3,169
13.5,15,3,4,170
13.5,15,3,5,171
13.5,15,3,6,171
13.5,15,3,7,172
13.5,15,3,8,173
13.5,15,3,9,174
13.5,15,3,10,174
13.5,15,3,11,175
13.5,15,3,12,176
13.5,15,3,13,177
13.5,15,3,14,178
13.5,15,3,15,178
13.5,15,4,0,167
13.5,15,4,1,168
13.5,15,4,2,169
13.5,15,4,3,170
13.5,15,4,4,171
13.5,15,4,5,172
13.5,15,4,6,172
13.5,15,4,7,173
13.5,15,4,8,174
13.5,15,4,9,175
13.5,15,4,10,175
13.5,15,4,11,176
13.5,15,4,12,177
13.5,15,4,13,178
13.5,15,4,14,179
13.5,15,4,15,179
13.5,15,5,0,168
13.5,15,5,1,169
13.5,15,5,2,170
13.5,15,5,3,171
13.5,15,5,4,172
13.5,15,5,5,173
13.5,15,5,6,173
13.5,15,5,7,174
13.5,15,5,8,175
13.5,15,5,9,176
13.5,15,5,10,177
13.5,15,5,11,177
13.5,15,5,12,178
13.5,15,5,13,179
13.5,15,5,14,180
13.5,15,5,15,180
13.5,15,6,0,169
13.5,15,6,1,170
13.5,15,6,2,171
13.5,15,6,3,172
13.5,15,6,4,173
13.5,15,6,5,173
13.5,15,6,6,174
13.5,15,6,7,175
13.5,15,6,8,176
13.5,15,6,9,177
13.5,15,6,10,178
13.5,15,6,11,178
13.5,15,6,12,179
13.5,15,6,13,180
13.5,15,6,14,181
13.5,15,6,15,181
13.5,15,7,0,170
13.5,15,7,1,171
13.5,15,7,2,172
13.5,15,7,3,173
13.5,15,7,4,174
13.5,15,7,5,174
13.5,15,7,6,175
13.5,15,7,7,176
13.5,15,7,8,177
13.5,15,7,9,178
13.5,15,7,10,179
13.5,15,7,11,179
13.5,15,7,12,180
13.5,15,7,13,181
13.5,15,7,14,182
13.5,15,7,15,182
13.5,15,8,0,171
13.5,15,8,1,172
13.5,15,8,2,173
13.5,15,8,3,174
13.5,15,8,4,175
13.5,15,8,5,175
13.5,15,8,6,176
13.5,15,8,7,177
13.5,15,8,8,178
13.5,15,8,9,179
13.5,15,8,10,179
13.5,15,8,11,180
13.5,15,8,12,181
13.5,15,8,13,182
13.5,15,8,14,183
13.5,15,8,15,183
13.5,15,9,0,172
13.5,15,9,1,173
13.5,15,9,2,174
13.5,15,9,3,175
13.5,15,9,4,176
13.5,15,9,5,176
13.5,15,9,6,177
13.5,15,9,7,178
13.5,15,9,8,179
13.5,15,9,9,180
13.5,15,9,10,180
13.5,15,9,11,181
13.5,15,9,12,182
13.5,15,9,13,183
13.5,15,9,14,184
13.5,15,9,15,184
13.5,15,10,0,173
13.5,15,10,1,174
13.5,15,10,2,175
13.5,15,10,3,176
13.5,15,10,4,177
13.5,15,10,5,177
13.5,15,10,6,178
13.5,15,10,7,179
13.5,15,10,8,180
13.5,15,10,9,181
13.5,15,10,10,181
13.5,15,10,11,182
13.5,15,10,12,183
13.5,15,10,13,184
13.5,15,10,14,185
13.5,15,10,15,185
13.5,15,11,0,174
13.5,15,11,1,175
13.5,15,11,2,176
13.5,15,11,3,177
13.5,15,11,4,177
13.5,15,11,5,178
13.5,15,11,6,179
13.5,15,11,7,180
13.5,15,11,8,181
13.5,15,11,9,182
13.5,15,11,10,182
13.5,15,11,11,183
13.5,15,11,12,184
13.5,15,11,13,185
13.5,15,11,14,186
13.5,15,11,15,186
13.5,15,12,0,175
13.5,15,12,1,176
13.5,15,12,2,177
13.5,15,12,3,178
13.5,15,12,4,178
13.5,15,12,5,179
13.5,15,12,6,180
13.5,15,12,7,181
13.5,15,12,8,182
13.5,15,12,9,183
13.5,15,12,10,183
13.5,15,12,11,184
13.5,15,12,12,185
13.5,15,12,13,186
13.5,15,12,14,187
13.5,15,12,15,187
13.5,15,13,0,176
13.5,15,13,1,177
13.5,15,13,2,178
13.5,15,13,3,179
13.5,15,13,4,179
13.5,15,13,5,180
13.5,15,13,6,181
13.5,15,13,7,182
13.5,15,13,8,183
13.5,15,13,9,184
13.5,15,13,10,184
13.5,15,13,11,185
13.5,15,13,12,186
13.5,15,13,13,187
13.5,15,13,14,188
13.5,15,13,15,188
13.5,15,14,0,177
13.5,15,14,1,178
13.5,15,14,2,179
13.5,15,14,3,179
13.5,15,14,4,180
13.5,15,14,5,181
13.5,15,14,6,182
13.5,15,14,7,183
13.5,15,14,8,184
13.5,15,14,9,185
13.5,15,14,10,185
13.5,15,14,11,186
13.5,15,14,12,187
13.5,15,14,13,188
13.5,15,14,14,189
13.5,15,14,15,189
13.5,15,15,0,178
13.5,15,15,1,179
13.5,15,15,2,179
13.5,15,15,3,180
13.5,15,15,4,181
13.5,15,15,5,182
13.5,15,15,6,183
13.5,15,15,7,184
13.5,15,15,8,185
13.5,15,15,9,185
13.5,15,15,10,186
13.5,15,15,11,187
13.5,15,15,12,188
13.5,15,15,13,189
13.5,15,15,14,190
13.5,15,15,15,190
14.0,0,0,0,135
14.0,0,0,1,136
14.0,0,0,2,136
14.0,0,0,3,137
14.0,0,0,4,138
14.0,0,0,5,138
14.0,0,0,6,139
14.0,0,0,7,140
14.0,0,0,8,140
14.0,0,0,9,141
14.0,0,0,10,142
14.0,0,0,11,142
14.0,0,0,12,143
14.0,0,0,13,144
14.0,0,0,14,144
14.0,0,0,15,145
14.0,0,1,0,136
14.0,0,1,1,137
14.0,0,1,2,137
14.0,0,1,3,138
14.0,0,1,4,139
14.0,0,1,5,139
14.0,0,1,6,140
14.0,0,1,7,141
14.0,0,1,8,141
14.0,0,1,9,142
14.0,0,1,10,142
14.0,0,1,11,143
14.0,0,1,12,144
14.0,0,1,13,144
14.0,0,1,14,145
14.0,0,1,15,146
14.0,0,2,0,137
14.0,0,2,1,137
14.0,0,2,2,138
14.0,0,2,3,139
14.0,0,2,4,139
14.0,0,2,5,140
14.0,0,2,6,141
14.0,0,2,7,141
14.0,0,2,8,142
14.0,0,2,9,143
14.0,0,2,10,143
14.0,0,2,11,144
14.0,0,2,12,145
14.0,0,2,13,145
14.0,0,2,14,146
14.0,0,2,15,147
14.0,0,3,0,138
14.0,0,3,1,138
14.0,0,3,2,139
14.0,0,3,3,140
14.0,0,3,4,140
14.0,0,3,5,141
14.0,0,3,6,142
14.0,0,3,7,142
14.0,0,3,8,143
14.0,0,3,9,144
14.0,0,3,10,144
14.0,0,3,11,145
14.0,0,3,12,145
14.0,0,3,13,146
14.0,0,3,14,147
14.0,0,3,15,147
14.0,0,4,0,138
14.0,0,4,1,139
14.0,0,4,2,140
14.0,0,4,3,140
14.0,0,4,4,141
14.0,0,4,5,142
14.0,0,4,6,142
14.0,0,4,7,143
14.0,0,4,8,144
14.0,0,4,9,144
14.0,0,4,10,145
14.0,0,4,11,146
14.0,0,4,12,146
14.0,0,4,13,147
14.0,0,4,14,148
14.0,0,4,15,148
14.0,0,5,0,139
14.0,0,5,1,140
14.0,0,5,2,141
14.0,0,5,3,141
14.0,0,5,4,142
14.0,0,5,5,143
14.0,0,5,6,143
14.0,0,5,7,144
14.0,0,5,8,145
14.0,0,5,9,145
14.0,0,5,10,146
14.0,0,5,11,147
14.0,0,5,12,147
14.0,0,5,13,148
14.0,0,5,14,148
14.0,0,5,15,149
14.0,0,6,0,140
14.0,0,6,1,141
14.0,0,6,2,141
14.0,0,6,3,142
14.0,0,6,4,143
14.0,0,6,5,143
14.0,0,6,6,144
14.0,0,6,7,145
14.0,0,6,8,145
14.0,0,6,9,146
14.0,0,6,10,147
14.0,0,6,11,147
14.0,0,6,12,148
14.0,0,6,13,149
14.0,0,6,14,149
14.0,0,6,15,150
14.0,0,7,0,141
14.0,0,7,1,141
14.0,0,7,2,142
14.0,0,7,3,143
14.0,0,7,4,143
14.0,0,7,5,144
14.0,0,7,6,145
14.0,0,7,7,146
14.0,0,7,8,146
14.0,0,7,9,147
14.0,0,7,10,148
14.0,0,7,11,148
14.0,0,7,12,149
14.0,0,7,13,149
14.0,0,7,14,150
14.0,0,7,15,151
14.0,0,8,0,142
14.0,0,8,1,142
14.0,0,8,2,143
14.0,0,8,3,144
14.0,0,8,4,144
14.0,0,8,5,145
14.0,0,8,6,146
14.0,0,8,7,146
14.0,0,8,8,147
14.0,0,8,9,148
14.0,0,8,10,148
14.0,0,8,11,149
14.0,0,8,12,150
14.0,0,8,13,150
14.0,0,8,14,151
14.0,0,8,15,152
14.0,0,9,0,142
14.0,0,9,1,143
14.0,0,9,2,144
14.0,0,9,3,144
14.0,0,9,4,145
14.0,0,9,5,146
14.0,0,9,6,146
14.0,0,9,7,147
14.0,0,9,8,148
14.0,0,9,9,148
14.0,0,9,10,149
14.0,0,9,11,150
14.0,0,9,12,150
14.0,0,9,13,151
14.0,0,9,14,152
14.0,0,9,15,152
14.0,0,10,0,143
14.0,0,10,1,144
14.0,0,10,2,144
14.0,0,10,3,145
14.0,0,10,4,146
14.0,0,10,5,147
14.0,0,10,6,147
14.0,0,10,7,148
14.0,0,10,8,149
14.0,0,10,9,149
14.0,0,10,10,150
14.0,0,10,11,151
14.0,0,10,12,151
14.0,0,10,13,152
14.0,0,10,14,153
14.0,0,10,15,153
14.0,0,11,0,144
14.0,0,11,1,145
14.0,0,11,2,145
14.0,0,11,3,146
14.0,0,11,4,147
14.0,0,11,5,147
14.0,0,11,6,148
14.0,0,11,7,149
14.0,0,11,8,149
14.0,0,11,9,150
14.0,0,11,10,151
14.0,0,11,11,151
14.0,0,11,12,152
14.0,0,11,13,153
14.0,0,11,14,153
14.0,0,11,15,154
14.0,0,12,0,145
14.0,0,12,1,145
14.0,0,12,2,146
14.0,0,12,3,147
14.0,0,12,4,147
14.0,0,12,5,148
14.0,0,12,6,149
14.0,0,12,7,150
14.0,0,12,8,150
14.0,0,12,9,151
14.0,0,12,10,152
14.0,0,12,11,152
14.0,0,12,12,153
14.0,0,12,13,154
14.0,0,12,14,154
14.0,0,12,15,155
14.0,0,13,0,145
14.0,0,13,1,146
14.0,0,13,2,147
14.0,0,13,3,148
14.0,0,13,4,148
14.0,0,13,5,149
14.0,0,13,6,150
14.0,0,13,7,150
14.0,0,13,8,151
14.0,0,13,9,152
14.0,0,13,10,152
14.0,0,13,11,153
14.0,0,13,12,154
14.0,0,13,13,154
14.0,0,13,14,155
14.0,0,13,15,156
14.0,0,14,0,146
14.0,0,14,1,147
14.0,0,14,2,148
14.0,0,14,3,148
14.0,0,14,4,149
14.0,0,14,5,150
14.0,0,14,6,150
14.0,0,14,7,151
14.0,0,14,8,152
14.0,0,14,9,152
14.0,0,14,10,153
14.0,0,14,11,154
14.0,0,14,12,155
14.0,0,14,13,155
14.0,0,14,14,156
14.0,0,14,15,157
14.0,0,15,0,147
14.0,0,15,1,148
14.0,0,15,2,148
14.0,0,15,3,149
14.0,0,15,4,150
14.0,0,15,5,150
14.0,0,15,6,151
14.0,0,15,7,152
14.0,0,15,8,153
14.0,0,15,9,153
14.0,0,15,10,154
14.0,0,15,11,155
14.0,0,15,12,155
14.0,0,15,13,156
14.0,0,15,14,157
14.0,0,15,15,157
14.0,1,0,0,137
14.0,1,0,1,138
14.0,1,0,2,139
14.0,1,0,3,139
14.0,1,0,4,140
14.0,1,0,5,141
14.0,1,0,6,141
14.0,1,0,7,142
14.0,1,0,8,143
14.0,1,0,9,143
14.0,1,0,10,144
14.0,1,0,11,145
14.0,1,0,12,145
14.0,1,0,13,146
14.0,1,0,14,147
14.0,1,0,15,147
14.0,1,1,0,138
14.0,1,1,1,139
14.0,1,1,2,140
14.0,1,1,3,140
14.0,1,1,4,141
14.0,1,1,5,142
14.0,1,1,6,142
14.0,1,1,7,143
14.0,1,1,8,144
14.0,1,1,9,144
14.0,1,1,10,145
14.0,1,1,11,146
14.0,1,1,12,146
14.0,1,1,13,147
14.0,1,1,14,147
14.0,1,1,15,148
14.0,1,2,0,139
14.0,1,2,1,140
14.0,1,2,2,140
14.0,1,2,3,141
14.0,1,2,4,142
14.0,1,2,5,142
14.0,1,2,6,143
14.0,1,2,7,144
14.0,1,2,8,144
14.0,1,2,9,145
14.0,1,2,10,146
14.0,1,2,11,146
14.0,1,2,12,147
14.0,1,2,13,148
14.0,1,2,14,148
14.0,1,2,15,149
14.0,1,3,0,140
14.0,1,3,1,141
14.0,1,3,2,141
14.0,1,3,3,142
14.0,1,3,4,143
14.0,1,3,5,143
14.0,1,3,6,144
14.0,1,3,7,145
14.0,1,3,8,145
14.0,1,3,9,146
14.0,1,3,10,147
14.0,1,3,11,147
14.0,1,3,12,148
14.0,1,3,13,149
14.0,1,3,14,149
14.0,1,3,15,150
14.0,1,4,0,141
14.0,1,4,1,141
14.0,1,4,2,142
14.0,1,4,3,143
14.0,1,4,4,143
14.0,1,4,5,144
14.0,1,4,6,145
14.0,1,4,7,145
14.0,1,4,8,146
14.0,1,4,9,147
14.0,1,4,10,147
14.0,1,4,11,148
14.0,1,4,12,149
14.0,1,4,13,149
14.0,1,4,14,150
14.0,1,4,15,151
14.0,1,5,0,142
14.0,1,5,1,142
14.0,1,5,2,143
14.0,1,5,3,144
14.0,1,5,4,144
14.0,1,5,5,145
14.0,1,5,6,146
14.0,1,5,7,146
14.0,1,5,8,147
14.0,1,5,9,148
14.0,1,5,10,148
14.0,1,5,11,149
14.0,1,5,12,150
14.0,1,5,13,150
14.0,1,5,14,151
14.0,1,5,15,152
14.0,1,6,0,142
14.0,1,6,1,143
14.0,1,6,2,144
14.0,1,6,3,144
14.0,1,6,4,145
14.0,1,6,5,146
14.0,1,6,6,146
14.0,1,6,7,147
14.0,1,6,8,148
14.0,1,6,9,149
14.0,1,6,10,149
14.0,1,6,11,150
14.0,1,6,12,151
14.0,1,6,13,151
14.0,1,6,14,152
14.0,1,6,15,152
14.0,1,7,0,143
14.0,1,7,1,144
14.0,1,7,2,145
14.0,1,7,3,145
14.0,1,7,4,146
14.0,1,7,5,147
14.0,1,7,6,147
14.0,1,7,7,148
14.0,1,7,8,149
14.0,1,7,9,149
14.0,1,7,10,150
14.0,1,7,11,151
14.0,1,7,12,151
14.0,1,7,13,152
14.0,1,7,14,153
14.0,1,7,15,153
14.0,1,8,0,144
14.0,1,8,1,145
14.0,1,8,2,145
14.0,1,8,3,146
14.0,1,8,4,147
14.0,1,8,5,147
14.0,1,8,6,148
14.0,1,8,7,149
14.0,1,8,8,149
14.0,1,8,9,150
14.0,1,8,10,151
14.0,1,8,11,152
14.0,1,8,12,152
14.0,1,8,13,153
14.0,1,8,14,154
14.0,1,8,15,154
14.0,1,9,0,145
14.0,1,9,1,145
14.0,1,9,2,146
14.0,1,9,3,147
14.0,1,9,4,148
14.0,1,9,5,148
14.0,1,9,6,149
14.0,1,9,7,150
14.0,1,9,8,150
14.0,1,9,9,151
14.0,1,9,10,152
14.0,1,9,11,152
14.0,1,9,12,153
14.0,1,9,13,154
14.0,1,9,14,154
14.0,1,9,15,155
14.0,1,10,0,146
14.0,1,10,1,146
14.0,1,10,2,147
14.0,1,10,3,148
14.0,1,10,4,148
14.0,1,10,5,149
14.0,1,10,6,150
14.0,1,10,7,150
14.0,1,10,8,151
14.0,1,10,9,152
14.0,1,10,10,153
14.0,1,10,11,153
14.0,1,10,12,154
14.0,1,10,13,155
14.0,1,10,14,155
14.0,1,10,15,156
14.0,1,11,0,146
14.0,1,11,1,147
14.0,1,11,2,148
14.0,1,11,3,148
14.0,1,11,4,149
14.0,1,11,5,150
14.0,1,11,6,151
14.0,1,11,7,151
14.0,1,11,8,152
14.0,1,11,9,153
14.0,1,11,10,153
14.0,1,11,11,154
14.0,1,11,12,155
14.0,1,11,13,155
14.0,1,11,14,156
14.0,1,11,15,157
14.0,1,12,0,147
14.0,1,12,1,148
14.0,1,12,2,149
14.0,1,12,3,149
14.0,1,12,4,150
14.0,1,12,5,151
14.0,1,12,6,151
14.0,1,12,7,152
14.0,1,12,8,153
14.0,1,12,9,153
14.0,1,12,10,154
14.0,1,12,11,155
14.0,1,12,12,156
14.0,1,12,13,156
14.0,1,12,14,157
14.0,1,12,15,158
14.0,1,13,0,148
14.0,1,13,1,149
14.0,1,13,2,149
14.0,1,13,3,150
14.0,1,13,4,151
14.0,1,13,5,151
14.0,1,13,6,152
14.0,1,13,7,153
14.0,1,13,8,154
14.0,1,13,9,154
14.0,1,13,10,155
14.0,1,13,11,156
14.0,1,13,12,156
14.0,1,13,13,157
14.0,1,13,14,158
14.0,1,13,15,158
14.0,1,14,0,149
14.0,1,14,1,149
14.0,1,14,2,150
14.0,1,14,3,151
14.0,1,14,4,152
14.0,1,14,5,152
14.0,1,14,6,153
14.0,1,14,7,154
14.0,1,14,8,154
14.0,1,14,9,155
14.0,1,14,10,156
14.0,1,14,11,156
14.0,1,14,12,157
14.0,1,14,13,158
14.0,1,14,14,159
14.0,1,14,15,159
14.0,1,15,0,149
14.0,1,15,1,150
14.0,1,15,2,151
14.0,1,15,3,152
14.0,1,15,4,152
14.0,1,15,5,153
14.0,1,15,6,154
14.0,1,15,7,154
14.0,1,15,8,155
14.0,1,15,9,156
14.0,1,15,10,157
14.0,1,15,11,157
14.0,1,15,12,158
14.0,1,15,13,159
14.0,1,15,14,159
14.0,1,15,15,160
14.0,2,0,0,140
14.0,2,0,1,140
14.0,2,0,2,141
14.0,2,0,3,142
14.0,2,0,4,142
14.0,2,0,5,143
14.0,2,0,6,144
14.0,2,0,7,144
14.0,2,0,8,145
14.0,2,0,9,146
14.0,2,0,10,146
14.0,2,0,11,147
14.0,2,0,12,148
14.0,2,0,13,148
14.0,2,0,14,149
14.0,2,0,15,150
14.0,2,1,0,141
14.0,2,1,1,141
14.0,2,1,2,142
14.0,2,1,3,143
14.0,2,1,4,143
14.0,2,1,5,144
14.0,2,1,6,145
14.0,2,1,7,145
14.0,2,1,8,146
14.0,2,1,9,147
14.0,2,1,10,147
14.0,2,1,11,148
14.0,2,1,12,149
14.0,2,1,13,149
14.0,2,1,14,150
14.0,2,1,15,151
14.0,2,2,0,141
14.0,2,2,1,142
14.0,2,2,2,143
14.0,2,2,3,143
14.0,2,2,4,144
14.0,2,2,5,145
14.0,2,2,6,146
14.0,2,2,7,146
14.0,2,2,8,147
14.0,2,2,9,148
14.0,2,2,10,148
14.0,2,2,11,149
14.0,2,2,12,150
14.0,2,2,13,150
14.0,2,2,14,151
14.0,2,2,15,151
14.0,2,3,0,142
14.0,2,3,1,143
14.0,2,3,2,144
14.0,2,3,3,144
14.0,2,3,4,145
14.0,2,3,5,146
14.0,2,3,6,146
14.0,2,3,7,147
14.0,2,3,8,148
14.0,2,3,9,148
14.0,2,3,10,149
14.0,2,3,11,150
14.0,2,3,12,150
14.0,2,3,13,151
14.0,2,3,14,152
14.0,2,3,15,152
14.0,2,4,0,143
14.0,2,4,1,144
14.0,2,4,2,144
14.0,2,4,3,145
14.0,2,4,4,146
14.0,2,4,5,147
14.0,2,4,6,147
14.0,2,4,7,148
14.0,2,4,8,149
14.0,2,4,9,149
14.0,2,4,10,150
14.0,2,4,11,151
14.0,2,4,12,151
14.0,2,4,13,152
14.0,2,4,14,153
14.0,2,4,15,153
14.0,2,5,0,144
14.0,2,5,1,145
14.0,2,5,2,145
14.0,2,5,3,146
14.0,2,5,4,147
14.0,2,5,5,147
14.0,2,5,6,148
14.0,2,5,7,149
14.0,2,5,8,149
14.0,2,5,9,150
14.0,2,5,10,151
14.0,2,5,11,151
14.0,2,5,12,152
14.0,2,5,13,153
14.0,2,5,14,153
14.0,2,5,15,154
14.0,2,6,0,145
14.0,2,6,1,145
14.0,2,6,2,146
14.0,2,6,3,147
14.0,2,6,4,148
14.0,2,6,5,148
14.0,2,6,6,149
14.0,2,6,7,150
14.0,2,6,8,150
14.0,2,6,9,151
14.0,2,6,10,152
14.0,2,6,11,152
14.0,2,6,12,153
14.0,2,6,13,154
14.0,2,6,14,154
14.0,2,6,15,155
14.0,2,7,0,146
14.0,2,7,1,146
14.0,2,7,2,147
14.0,2,7,3,148
14.0,2,7,4,148
14.0,2,7,5,149
14.0,2,7,6,150
14.0,2,7,7,150
14.0,2,7,8,151
14.0,2,7,9,152
14.0,2,7,10,153
14.0,2,7,11,153
14.0,2,7,12,154
14.0,2,7,13,155
14.0,2,7,14,155
14.0,2,7,15,156
14.0,2,8,0,146
14.0,2,8,1,147
14.0,2,8,2,148
14.0,2,8,3,148
14.0,2,8,4,149
14.0,2,8,5,150
14.0,2,8,6,151
14.0,2,8,7,151
14.0,2,8,8,152
14.0,2,8,9,153
14.0,2,8,10,153
14.0,2,8,11,154
14.0,2,8,12,155
14.0,2,8,13,155
14.0,2,8,14,156
14.0,2,8,15,157
14.0,2,9,0,147
14.0,2,9,1,148
14.0,2,9,2,149
14.0,2,9,3,149
14.0,2,9,4,150
14.0,2,9,5,151
14.0,2,9,6,151
14.0,2,9,7,152
14.0,2,9,8,153
14.0,2,9,9,154
14.0,2,9,10,154
14.0,2,9,11,155
14.0,2,9,12,156
14.0,2,9,13,156
14.0,2,9,14,157
14.0,2,9,15,158
14.0,2,10,0,148
14.0,2,10,1,149
14.0,2,10,2,149
14.0,2,10,3,150
14.0,2,10,4,151
14.0,2,10,5,152
14.0,2,10,6,152
14.0,2,10,7,153
14.0,2,10,8,154
14.0,2,10,9,154
14.0,2,10,10,155
14.0,2,10,11,156
14.0,2,10,12,156
14.0,2,10,13,157
14.0,2,10,14,158
14.0,2,10,15,158
14.0,2,11,0,149
14.0,2,11,1,149
14.0,2,11,2,150
14.0,2,11,3,151
14.0,2,11,4,152
14.0,2,11,5,152
14.0,2,11,6,153
14.0,2,11,7,154
14.0,2,11,8,154
14.0,2,11,9,155
14.0,2,11,10,156
14.0,2,11,11,157
14.0,2,11,12,157
14.0,2,11,13,158
14.0,2,11,14,159
14.0,2,11,15,159
14.0,2,12,0,150
14.0,2,12,1,150
14.0,2,12,2,151
14.0,2,12,3,152
14.0,2,12,4,152
14.0,2,12,5,153
14.0,2,12,6,154
14.0,2,12,7,155
14.0,2,12,8,155
14.0,2,12,9,156
14.0,2,12,10,157
14.0,2,12,11,157
14.0,2,12,12,158
14.0,2,12,13,159
14.0,2,12,14,159
14.0,2,12,15,160
14.0,2,13,0,150
14.0,2,13,1,151
14.0,2,13,2,152
14.0,2,13,3,153
14.0,2,13,4,153
14.0,2,13,5,154
14.0,2,13,6,155
14.0,2,13,7,155
14.0,2,13,8,156
14.0,2,13,9,157
14.0,2,13,10,158
14.0,2,13,11,158
14.0,2,13,12,159
14.0,2,13,13,160
14.0,2,13,14,160
14.0,2,13,15,161
14.0,2,14,0,151
14.0,2,14,1,152
14.0,2,14,2,153
14.0,2,14,3,153
14.0,2,14,4,154
14.0,2,14,5,155
14.0,2,14,6,155
14.0,2,14,7,156
14.0,2,14,8,157
14.0,2,14,9,158
14.0,2,14,10,158
14.0,2,14,11,159
14.0,2,14,12,160
14.0,2,14,13,160
14.0,2,14,14,161
14.0,2,14,15,162
14.0,2,15,0,152
14.0,2,15,1,153
14.0,2,15,2,153
14.0,2,15,3,154
14.0,2,15,4,155
14.0,2,15,5,156
14.0,2,15,6,156
14.0,2,15,7,157
14.0,2,15,8,158
14.0,2,15,9,158
14.0,2,15,10,159
14.0,2,15,11,160
14.0,2,15,12,161
14.0,2,15,13,161
14.0,2,15,14,162
14.0,2,15,15,163
14.0,3,0,0,142
14.0,3,0,1,143
14.0,3,0,2,143
14.0,3,0,3,144
14.0,3,0,4,145
14.0,3,0,5,145
14.0,3,0,6,146
14.0,3,0,7,147
14.0,3,0,8,148
14.0,3,0,9,148
14.0,3,0,10,149
14.0,3,0,11,150
14.0,3,0,12,150
14.0,3,0,13,151
14.0,3,0,14,152
14.0,3,0,15,152
14.0,3,1,0,143
14.0,3,1,1,144
14.0,3,1,2,144
14.0,3,1,3,145
14.0,3,1,4,146
14.0,3,1,5,146
14.0,3,1,6,147
14.0,3,1,7,148
14.0,3,1,8,148
14.0,3,1,9,149
14.0,3,1,10,150
14.0,3,1,11,150
14.0,3,1,12,151
14.0,3,1,13,152
14.0,3,1,14,152
14.0,3,1,15,153
14.0,3,2,0,144
14.0,3,2,1,144
14.0,3,2,2,145
14.0,3,2,3,146
14.0,3,2,4,147
14.0,3,2,5,147
14.0,3,2,6,148
14.0,3,2,7,149
14.0,3,2,8,149
14.0,3,2,9,150
14.0,3,2,10,151
14.0,3,2,11,151
14.0,3,2,12,152
14.0,3,2,13,153
14.0,3,2,14,153
14.0,3,2,15,154
14.0,3,3,0,145
14.0,3,3,1,145
14.0,3,3,2,146
14.0,3,3,3,147
14.0,3,3,4,147
14.0,3,3,5,148
14.0,3,3,6,149
14.0,3,3,7,149
14.0,3,3,8,150
14.0,3,3,9,151
14.0,3,3,10,152
14.0,3,3,11,152
14.0,3,3,12,153
14.0,3,3,13,154
14.0,3,3,14,154
14.0,3,3,15,155
14.0,3,4,0,145
14.0,3,4,1,146
14.0,3,4,2,147
14.0,3,4,3,148
14.0,3,4,4,148
14.0,3,4,5,149
14.0,3,4,6,150
14.0,3,4,7,150
14.0,3,4,8,151
14.0,3,4,9,152
14.0,3,4,10,152
14.0,3,4,11,153
14.0,3,4,12,154
14.0,3,4,13,154
14.0,3,4,14,155
14.0,3,4,15,156
14.0,3,5,0,146
14.0,3,5,1,147
14.0,3,5,2,148
14.0,3,5,3,148
14.0,3,5,4,149
14.0,3,5,5,150
14.0,3,5,6,151
14.0,3,5,7,151
14.0,3,5,8,152
14.0,3,5,9,153
14.0,3,5,10,153
14.0,3,5,11,154
14.0,3,5,12,155
14.0,3,5,13,155
14.0,3,5,14,156
14.0,3,5,15,157
14.0,3,6,0,147
14.0,3,6,1,148
14.0,3,6,2,149
14.0,3,6,3,149
14.0,3,6,4,150
14.0,3,6,5,151
14.0,3,6,6,151
14.0,3,6,7,152
14.0,3,6,8,153
14.0,3,6,9,153
14.0,3,6,10,154
14.0,3,6,11,155
14.0,3,6,12,156
14.0,3,6,13,156
14.0,3,6,14,157
14.0,3,6,15,158
14.0,3,7,0,148
14.0,3,7,1,149
14.0,3,7,2,149
14.0,3,7,3,150
14.0,3,7,4,151
14.0,3,7,5,152
14.0,3,7,6,152
14.0,3,7,7,153
14.0,3,7,8,154
14.0,3,7,9,154
14.0,3,7,10,155
14.0,3,7,11,156
14.0,3,7,12,156
14.0,3,7,13,157
14.0,3,7,14,158
14.0,3,7,15,158
14.0,3,8,0,149
14.0,3,8,1,149
14.0,3,8,2,150
14.0,3,8,3,151
14.0,3,8,4,152
14.0,3,8,5,152
14.0,3,8,6,153
14.0,3,8,7,154
14.0,3,8,8,154
14.0,3,8,9,155
14.0,3,8,10,156
14.0,3,8,11,157
14.0,3,8,12,157
14.0,3,8,13,158
14.0,3,8,14,159
14.0,3,8,15,159
14.0,3,9,0,150
14.0,3,9,1,150
14.0,3,9,2,151
14.0,3,9,3,152
14.0,3,9,4,152
14.0,3,9,5,153
14.0,3,9,6,154
14.0,3,9,7,155
14.0,3,9,8,155
14.0,3,9,9,156
14.0,3,9,10,157
14.0,3,9,11,157
14.0,3,9,12,158
14.0,3,9,13,159
14.0,3,9,14,160
14.0,3,9,15,160
14.0,3,10,0,150
14.0,3,10,1,151
14.0,3,10,2,152
14.0,3,10,3,153
14.0,3,10,4,153
14.0,3,10,5,154
14.0,3,10,6,155
14.0,3,10,7,155
14.0,3,10,8,156
14.0,3,10,9,157
14.0,3,10,10,158
14.0,3,10,11,158
14.0,3,10,12,159
14.0,3,10,13,160
14.0,3,10,14,160
14.0,3,10,15,161
14.0,3,11,0,151
14.0,3,11,1,152
14.0,3,11,2,153
14.0,3,11,3,153
14.0,3,11,4,154
14.0,3,11,5,155
14.0,3,11,6,156
14.0,3,11,7,156
14.0,3,11,8,157
14.0,3,11,9,158
14.0,3,11,10,158
14.0,3,11,11,159
14.0,3,11,12,160
14.0,3,11,13,161
14.0,3,11,14,161
14.0,3,11,15,162
14.0,3,12,0,152
14.0,3,12,1,153
14.0,3,12,2,153
14.0,3,12,3,154
14.0,3,12,4,155
14.0,3,12,5,156
14.0,3,12,6,156
14.0,3,12,7,157
14.0,3,12,8,158
14.0,3,12,9,159
14.0,3,12,10,159
14.0,3,12,11,160
14.0,3,12,12,161
14.0,3,12,13,161
14.0,3,12,14,162
14.0,3,12,15,163
14.0,3,13,0,153
14.0,3,13,1,154
14.0,3,13,2,154
14.0,3,13,3,155
14.0,3,13,4,156
14.0,3,13,5,157
14.0,3,13,6,157
14.0,3,13,7,158
14.0,3,13,8,159
14.0,3,13,9,159
14.0,3,13,10,160
14.0,3,13,11,161
14.0,3,13,12,162
14.0,3,13,13,162
14.0,3,13,14,163
14.0,3,13,15,164
14.0,3,14,0,154
14.0,3,14,1,154
14.0,3,14,2,155
14.0,3,14,3,156
14.0,3,14,4,157
14.0,3,14,5,157
14.0,3,14,6,158
14.0,3,14,7,159
14.0,3,14,8,160
14.0,3,14,9,160
14.0,3,14,10,161
14.0,3,14,11,162
14.0,3,14,12,162
14.0,3,14,13,163
14.0,3,14,14,164
14.0,3,14,15,165
14.0,3,15,0,154
14.0,3,15,1,155
14.0,3,15,2,156
14.0,3,15,3,157
14.0,3,15,4,157
14.0,3,15,5,158
14.0,3,15,6,159
14.0,3,15,7,160
14.0,3,15,8,160
14.0,3,15,9,161
14.0,3,15,10,162
14.0,3,15,11,163
14.0,3,15,12,163
14.0,3,15,13,164
14.0,3,15,14,165
14.0,3,15,15,165
14.0,4,0,0,144
14.0,4,0,1,145
14.0,4,0,2,146
14.0,4,0,3,146
14.0,4,0,4,147
14.0,4,0,5,148
14.0,4,0,6,149
14.0,4,0,7,149
14.0,4,0,8,150
14.0,4,0,9,151
14.0,4,0,10,151
14.0,4,0,11,152
14.0,4,0,12,153
14.0,4,0,13,153
14.0,4,0,14,154
14.0,4,0,15,155
14.0,4,1,0,145
14.0,4,1,1,146
14.0,4,1,2,147
14.0,4,1,3,147
14.0,4,1,4,148
14.0,4,1,5,149
14.0,4,1,6,149
14.0,4,1,7,150
14.0,4,1,8,151
14.0,4,1,9,151
14.0,4,1,10,152
14.0,4,1,11,153
14.0,4,1,12,154
14.0,4,1,13,154
14.0,4,1,14,155
14.0,4,1,15,156
14.0,4,2,0,146
14.0,4,2,1,147
14.0,4,2,2,147
14.0,4,2,3,148
14.0,4,2,4,149
14.0,4,2,5,150
14.0,4,2,6,150
14.0,4,2,7,151
14.0,4,2,8,152
14.0,4,2,9,152
14.0,4,2,10,153
14.0,4,2,11,154
14.0,4,2,12,154
14.0,4,2,13,155
14.0,4,2,14,156
14.0,4,2,15,156
14.0,4,3,0,147
14.0,4,3,1,148
14.0,4,3,2,148
14.0,4,3,3,149
14.0,4,3,4,150
14.0,4,3,5,150
14.0,4,3,6,151
14.0,4,3,7,152
14.0,4,3,8,153
14.0,4,3,9,153
14.0,4,3,10,154
14.0,4,3,11,155
14.0,4,3,12,155
14.0,4,3,13,156
14.0,4,3,14,157
14.0,4,3,15,157
14.0,4,4,0,148
14.0,4,4,1,149
14.0,4,4,2,149
14.0,4,4,3,150
14.0,4,4,4,151
14.0,4,4,5,151
14.0,4,4,6,152
14.0,4,4,7,153
14.0,4,4,8,153
14.0,4,4,9,154
14.0,4,4,10,155
14.0,4,4,11,156
14.0,4,4,12,156
14.0,4,4,13,157
14.0,4,4,14,158
14.0,4,4,15,158
14.0,4,5,0,149
14.0,4,5,1,149
14.0,4,5,2,150
14.0,4,5,3,151
14.0,4,5,4,152
14.0,4,5,5,152
14.0,4,5,6,153
14.0,4,5,7,154
14.0,4,5,8,154
14.0,4,5,9,155
14.0,4,5,10,156
14.0,4,5,11,156
14.0,4,5,12,157
14.0,4,5,13,158
14.0,4,5,14,159
14.0,4,5,15,159
14.0,4,6,0,149
14.0,4,6,1,150
14.0,4,6,2,151
14.0,4,6,3,152
14.0,4,6,4,152
14.0,4,6,5,153
14.0,4,6,6,154
14.0,4,6,7,155
14.0,4,6,8,155
14.0,4,6,9,156
14.0,4,6,10,157
14.0,4,6,11,157
14.0,4,6,12,158
14.0,4,6,13,159
14.0,4,6,14,159
14.0,4,6,15,160
14.0,4,7,0,150
14.0,4,7,1,151
14.0,4,7,2,152
14.0,4,7,3,153
14.0,4,7,4,153
14.0,4,7,5,154
14.0,4,7,6,155
14.0,4,7,7,155
14.0,4,7,8,156
14.0,4,7,9,157
14.0,4,7,10,158
14.0,4,7,11,158
14.0,4,7,12,159
14.0,4,7,13,160
14.0,4,7,14,160
14.0,4,7,15,161
14.0,4,8,0,151
14.0,4,8,1,152
14.0,4,8,2,153
14.0,4,8,3,153
14.0,4,8,4,154
14.0,4,8,5,155
14.0,4,8,6,156
14.0,4,8,7,156
14.0,4,8,8,157
14.0,4,8,9,158
14.0,4,8,10,158
14.0,4,8,11,159
14.0,4,8,12,160
14.0,4,8,13,161
14.0,4,8,14,161
14.0,4,8,15,162
14.0,4,9,0,152
14.0,4,9,1,153
14.0,4,9,2,153
14.0,4,9,3,154
14.0,4,9,4,155
14.0,4,9,5,156
14.0,4,9,6,156
14.0,4,9,7,157
14.0,4,9,8,158
14.0,4,9,9,159
14.0,4,9,10,159
14.0,4,9,11,160
14.0,4,9,12,161
14.0,4,9,13,161
14.0,4,9,14,162
14.0,4,9,15,163
14.0,4,10,0,153
14.0,4,10,1,154
14.0,4,10,2,154
14.0,4,10,3,155
14.0,4,10,4,156
14.0,4,10,5,157
14.0,4,10,6,157
14.0,4,10,7,158
14.0,4,10,8,159
14.0,4,10,9,159
14.0,4,10,10,160
14.0,4,10,11,161
14.0,4,10,12,162
14.0,4,10,13,162
14.0,4,10,14,163
14.0,4,10,15,164
14.0,4,11,0,154
14.0,4,11,1,154
14.0,4,11,2,155
14.0,4,11,3,156
14.0,4,11,4,157
14.0,4,11,5,157
14.0,4,11,6,158
14.0,4,11,7,159
14.0,4,11,8,160
14.0,4,11,9,160
14.0,4,11,10,161
14.0,4,11,11,162
14.0,4,11,12,162
14.0,4,11,13,163
14.0,4,11,14,164
14.0,4,11,15,165
14.0,4,12,0,154
14.0,4,12,1,155
14.0,4,12,2,156
14.0,4,12,3,157
14.0,4,12,4,157
14.0,4,12,5,158
14.0,4,12,6,159
14.0,4,12,7,160
14.0,4,12,8,160
14.0,4,12,9,161
14.0,4,12,10,162
14.0,4,12,11,163
14.0,4,12,12,163
14.0,4,12,13,164
14.0,4,12,14,165
14.0,4,12,15,165
14.0,4,13,0,155
14.0,4,13,1,156
14.0,4,13,2,157
14.0,4,13,3,158
14.0,4,13,4,158
14.0,4,13,5,159
14.0,4,13,6,160
14.0,4,13,7,161
14.0,4,13,8,161
14.0,4,13,9,162
14.0,4,13,10,163
14.0,4,13,11,163
14.0,4,13,12,164
14.0,4,13,13,165
14.0,4,13,14,166
14.0,4,13,15,166
14.0,4,14,0,156
14.0,4,14,1,157
14.0,4,14,2,158
14.0,4,14,3,158
14.0,4,14,4,159
14.0,4,14,5,160
14.0,4,14,6,161
14.0,4,14,7,161
14.0,4,14,8,162
14.0,4,14,9,163
14.0,4,14,10,164
14.0,4,14,11,164
14.0,4,14,12,165
14.0,4,14,13,166
14.0,4,14,14,166
14.0,4,14,15,167
14.0,4,15,0,157
14.0,4,15,1,158
14.0,4,15,2,158
14.0,4,15,3,159
14.0,4,15,4,160
14.0,4,15,5,161
14.0,4,15,6,161
14.0,4,15,7,162
14.0,4,15,8,163
14.0,4,15,9,164
14.0,4,15,10,164
14.0,4,15,11,165
14.0,4,15,12,166
14.0,4,15,13,167
14.0,4,15,14,167
14.0,4,15,15,168
14.0,5,0,0,147
14.0,5,0,1,147
14.0,5,0,2,148
14.0,5,0,3,149
14.0,5,0,4,149
14.0,5,0,5,150
14.0,5,0,6,151
14.0,5,0,7,152
14.0,5,0,8,152
14.0,5,0,9,153
14.0,5,0,10,154
14.0,5,0,11,154
14.0,5,0,12,155
14.0,5,0,13,156
14.0,5,0,14,156
14.0,5,0,15,157
14.0,5,1,0,148
14.0,5,1,1,148
14.0,5,1,2,149
14.0,5,1,3,150
14.0,5,1,4,150
14.0,5,1,5,151
14.0,5,1,6,152
14.0,5,1,7,153
14.0,5,1,8,153
14.0,5,1,9,154
14.0,5,1,10,155
14.0,5,1,11,155
14.0,5,1,12,156
14.0,5,1,13,157
14.0,5,1,14,157
14.0,5,1,15,158
14.0,5,2,0,148
14.0,5,2,1,149
14.0,5,2,2,150
14.0,5,2,3,151
14.0,5,2,4,151
14.0,5,2,5,152
14.0,5,2,6,153
14.0,5,2,7,153
14.0,5,2,8,154
14.0,5,2,9,155
14.0,5,2,10,156
14.0,5,2,11,156
14.0,5,2,12,157
14.0,5,2,13,158
14.0,5,2,14,158
14.0,5,2,15,159
14.0,5,3,0,149
14.0,5,3,1,150
14.0,5,3,2,151
14.0,5,3,3,151
14.0,5,3,4,152
14.0,5,3,5,153
14.0,5,3,6,154
14.0,5,3,7,154
14.0,5,3,8,155
14.0,5,3,9,156
14.0,5,3,10,156
14.0,5,3,11,157
14.0,5,3,12,158
14.0,5,3,13,159
14.0,5,3,14,159
14.0,5,3,15,160
14.0,5,4,0,150
14.0,5,4,1,151
14.0,5,4,2,152
14.0,5,4,3,152
14.0,5,4,4,153
14.0,5,4,5,154
14.0,5,4,6,155
14.0,5,4,7,155
14.0,5,4,8,156
14.0,5,4,9,157
14.0,5,4,10,157
14.0,5,4,11,158
14.0,5,4,12,159
14.0,5,4,13,159
14.0,5,4,14,160
14.0,5,4,15,161
14.0,5,5,0,151
14.0,5,5,1,152
14.0,5,5,2,152
14.0,5,5,3,153
14.0,5,5,4,154
14.0,5,5,5,155
14.0,5,5,6,155
14.0,5,5,7,156
14.0,5,5,8,157
14.0,5,5,9,158
14.0,5,5,10,158
14.0,5,5,11,159
14.0,5,5,12,160
14.0,5,5,13,160
14.0,5,5,14,161
14.0,5,5,15,162
14.0,5,6,0,152
14.0,5,6,1,153
14.0,5,6,2,153
14.0,5,6,3,154
14.0,5,6,4,155
14.0,5,6,5,156
14.0,5,6,6,156
14.0,5,6,7,157
14.0,5,6,8,158
14.0,5,6,9,158
14.0,5,6,10,159
14.0,5,6,11,160
14.0,5,6,12,161
14.0,5,6,13,161
14.0,5,6,14,162
14.0,5,6,15,163
14.0,5,7,0,153
14.0,5,7,1,153
14.0,5,7,2,154
14.0,5,7,3,155
14.0,5,7,4,156
14.0,5,7,5,156
14.0,5,7,6,157
14.0,5,7,7,158
14.0,5,7,8,159
14.0,5,7,9,159
14.0,5,7,10,160
14.0,5,7,11,161
14.0,5,7,12,161
14.0,5,7,13,162
14.0,5,7,14,163
14.0,5,7,15,164
14.0,5,8,0,154
14.0,5,8,1,154
14.0,5,8,2,155
14.0,5,8,3,156
14.0,5,8,4,157
14.0,5,8,5,157
14.0,5,8,6,158
14.0,5,8,7,159
14.0,5,8,8,159
14.0,5,8,9,160
14.0,5,8,10,161
14.0,5,8,11,162
14.0,5,8,12,162
14.0,5,8,13,163
14.0,5,8,14,164
14.0,5,8,15,165
14.0,5,9,0,154
14.0,5,9,1,155
14.0,5,9,2,156
14.0,5,9,3,157
14.0,5,9,4,157
14.0,5,9,5,158
14.0,5,9,6,159
14.0,5,9,7,160
14.0,5,9,8,160
14.0,5,9,9,161
14.0,5,9,10,162
14.0,5,9,11,163
14.0,5,9,12,163
14.0,5,9,13,164
14.0,5,9,14,165
14.0,5,9,15,165
14.0,5,10,0,155
14.0,5,10,1,156
14.0,5,10,2,157
14.0,5,10,3,158
14.0,5,10,4,158
14.0,5,10,5,159
14.0,5,10,6,160
14.0,5,10,7,161
14.0,5,10,8,161
14.0,5,10,9,162
14.0,5,10,10,163
14.0,5,10,11,163
14.0,5,10,12,164
14.0,5,10,13,165
14.0,5,10,14,166
14.0,5,10,15,166
14.0,5,11,0,156
14.0,5,11,1,157
14.0,5,11,2,158
14.0,5,11,3,158
14.0,5,11,4,159
14.0,5,11,5,160
14.0,5,11,6,161
14.0,5,11,7,161
14.0,5,11,8,162
14.0,5,11,9,163
14.0,5,11,10,164
14.0,5,11,11,164
14.0,5,11,12,165
14.0,5,11,13,166
14.0,5,11,14,166
14.0,5,11,15,167
14.0,5,12,0,157
14.0,5,12,1,158
14.0,5,12,2,158
14.0,5,12,3,159
14.0,5,12,4,160
14.0,5,12,5,161
14.0,5,12,6,161
14.0,5,12,7,162
14.0,5,12,8,163
14.0,5,12,9,164
14.0,5,12,10,164
14.0,5,12,11,165
14.0,5,12,12,166
14.0,5,12,13,167
14.0,5,12,14,167
14.0,5,12,15,168
14.0,5,13,0,158
14.0,5,13,1,159
14.0,5,13,2,159
14.0,5,13,3,160
14.0,5,13,4,161
14.0,5,13,5,162
14.0,5,13,6,162
14.0,5,13,7,163
14.0,5,13,8,164
14.0,5,13,9,165
14.0,5,13,10,165
14.0,5,13,11,166
14.0,5,13,12,167
14.0,5,13,13,168
14.0,5,13,14,168
14.0,5,13,15,169
14.0,5,14,0,159
14.0,5,14,1,159
14.0,5,14,2,160
14.0,5,14,3,161
14.0,5,14,4,162
14.0,5,14,5,162
14.0,5,14,6,163
14.0,5,14,7,164
14.0,5,14,8,165
14.0,5,14,9,165
14.0,5,14,10,166
14.0,5,14,11,167
14.0,5,14,12,168
14.0,5,14,13,168
14.0,5,14,14,169
14.0,5,14,15,170
14.0,5,15,0,159
14.0,5,15,1,160
14.0,5,15,2,161
14.0,5,15,3,162
14.0,5,15,4,162
14.0,5,15,5,163
14.0,5,15,6,164
14.0,5,15,7,165
14.0,5,15,8,166
14.0,5,15,9,166
14.0,5,15,10,167
14.0,5,15,11,168
14.0,5,15,12,169
14.0,5,15,13,169
14.0,5,15,14,170
14.0,5,15,15,171
14.0,6,0,0,149
14.0,6,0,1,150
14.0,6,0,2,150
14.0,6,0,3,151
14.0,6,0,4,152
14.0,6,0,5,153
14.0,6,0,6,153
14.0,6,0,7,154
14.0,6,0,8,155
14.0,6,0,9,155
14.0,6,0,10,156
14.0,6,0,11,157
14.0,6,0,12,157
14.0,6,0,13,158
14.0,6,0,14,159
14.0,6,0,15,160
14.0,6,1,0,150
14.0,6,1,1,151
14.0,6,1,2,151
14.0,6,1,3,152
14.0,6,1,4,153
14.0,6,1,5,153
14.0,6,1,6,154
14.0,6,1,7,155
14.0,6,1,8,156
14.0,6,1,9,156
14.0,6,1,10,157
14.0,6,1,11,158
14.0,6,1,12,158
14.0,6,1,13,159
14.0,6,1,14,160
14.0,6,1,15,161
14.0,6,2,0,151
14.0,6,2,1,151
14.0,6,2,2,152
14.0,6,2,3,153
14.0,6,2,4,154
14.0,6,2,5,154
14.0,6,2,6,155
14.0,6,2,7,156
14.0,6,2,8,157
14.0,6,2,9,157
14.0,6,2,10,158
14.0,6,2,11,159
14.0,6,2,12,159
14.0,6,2,13,160
14.0,6,2,14,161
14.0,6,2,15,161
14.0,6,3,0,152
14.0,6,3,1,152
14.0,6,3,2,153
14.0,6,3,3,154
14.0,6,3,4,155
14.0,6,3,5,155
14.0,6,3,6,156
14.0,6,3,7,157
14.0,6,3,8,157
14.0,6,3,9,158
14.0,6,3,10,159
14.0,6,3,11,160
14.0,6,3,12,160
14.0,6,3,13,161
14.0,6,3,14,162
14.0,6,3,15,162
14.0,6,4,0,152
14.0,6,4,1,153
14.0,6,4,2,154
14.0,6,4,3,155
14.0,6,4,4,155
14.0,6,4,5,156
14.0,6,4,6,157
14.0,6,4,7,158
14.0,6,4,8,158
14.0,6,4,9,159
14.0,6,4,10,160
14.0,6,4,11,161
14.0,6,4,12,161
14.0,6,4,13,162
14.0,6,4,14,163
14.0,6,4,15,163
14.0,6,5,0,153
14.0,6,5,1,154
14.0,6,5,2,155
14.0,6,5,3,156
14.0,6,5,4,156
14.0,6,5,5,157
14.0,6,5,6,158
14.0,6,5,7,159
14.0,6,5,8,159
14.0,6,5,9,160
14.0,6,5,10,161
14.0,6,5,11,161
14.0,6,5,12,162
14.0,6,5,13,163
14.0,6,5,14,164
14.0,6,5,15,164
14.0,6,6,0,154
14.0,6,6,1,155
14.0,6,6,2,156
14.0,6,6,3,156
14.0,6,6,4,157
14.0,6,6,5,158
14.0,6,6,6,159
14.0,6,6,7,159
14.0,6,6,8,160
14.0,6,6,9,161
14.0,6,6,10,162
14.0,6,6,11,162
14.0,6,6,12,163
14.0,6,6,13,164
14.0,6,6,14,165
14.0,6,6,15,165
14.0,6,7,0,155
14.0,6,7,1,156
14.0,6,7,2,157
14.0,6,7,3,157
14.0,6,7,4,158
14.0,6,7,5,159
14.0,6,7,6,160
14.0,6,7,7,160
14.0,6,7,8,161
14.0,6,7,9,162
14.0,6,7,10,163
14.0,6,7,11,163
14.0,6,7,12,164
14.0,6,7,13,165
14.0,6,7,14,165
14.0,6,7,15,166
14.0,6,8,0,156
14.0,6,8,1,157
14.0,6,8,2,157
14.0,6,8,3,158
14.0,6,8,4,159
14.0,6,8,5,160
14.0,6,8,6,161
14.0,6,8,7,161
14.0,6,8,8,162
14.0,6,8,9,163
14.0,6,8,10,163
14.0,6,8,11,164
14.0,6,8,12,165
14.0,6,8,13,166
14.0,6,8,14,166
14.0,6,8,15,167
14.0,6,9,0,157
14.0,6,9,1,158
14.0,6,9,2,158
14.0,6,9,3,159
14.0,6,9,4,160
14.0,6,9,5,161
14.0,6,9,6,161
14.0,6,9,7,162
14.0,6,9,8,163
14.0,6,9,9,164
14.0,6,9,10,164
14.0,6,9,11,165
14.0,6,9,12,166
14.0,6,9,13,167
14.0,6,9,14,167
14.0,6,9,15,168
14.0,6,10,0,158
14.0,6,10,1,158
14.0,6,10,2,159
14.0,6,10,3,160
14.0,6,10,4,161
14.0,6,10,5,162
14.0,6,10,6,162
14.0,6,10,7,163
14.0,6,10,8,164
14.0,6,10,9,165
14.0,6,10,10,165
14.0,6,10,11,166
14.0,6,10,12,167
14.0,6,10,13,167
14.0,6,10,14,168
14.0,6,10,15,169
14.0,6,11,0,159
14.0,6,11,1,159
14.0,6,11,2,160
14.0,6,11,3,161
14.0,6,11,4,162
14.0,6,11,5,162
14.0,6,11,6,163
14.0,6,11,7,164
14.0,6,11,8,165
14.0,6,11,9,165
14.0,6,11,10,166
14.0,6,11,11,167
14.0,6,11,12,168
14.0,6,11,13,168
14.0,6,11,14,169
14.0,6,11,15,170
14.0,6,12,0,159
14.0,6,12,1,160
14.0,6,12,2,161
14.0,6,12,3,162
14.0,6,12,4,162
14.0,6,12,5,163
14.0,6,12,6,164
14.0,6,12,7,165
14.0,6,12,8,166
14.0,6,12,9,166
14.0,6,12,10,167
14.0,6,12,11,168
14.0,6,12,12,169
14.0,6,12,13,169
14.0,6,12,14,170
14.0,6,12,15,171
14.0,6,13,0,160
14.0,6,13,1,161
14.0,6,13,2,162
14.0,6,13,3,163
14.0,6,13,4,163
14.0,6,13,5,164
14.0,6,13,6,165
14.0,6,13,7,166
14.0,6,13,8,166
14.0,6,13,9,167
14.0,6,13,10,168
14.0,6,13,11,169
14.0,6,13,12,169
14.0,6,13,13,170
14.0,6,13,14,171
14.0,6,13,15,172
14.0,6,14,0,161
14.0,6,14,1,162
14.0,6,14,2,163
14.0,6,14,3,163
14.0,6,14,4,164
14.0,6,14,5,165
14.0,6,14,6,166
14.0,6,14,7,166
14.0,6,14,8,167
14.0,6,14,9,168
14.0,6,14,10,169
14.0,6,14,11,170
14.0,6,14,12,170
14.0,6,14,13,171
14.0,6,14,14,172
14.0,6,14,15,173
14.0,6,15,0,162
14.0,6,15,1,163
14.0,6,15,2,163
14.0,6,15,3,164
14.0,6,15,4,165
14.0,6,15,5,166
14.0,6,15,6,167
14.0,6,15,7,167
14.0,6,15,8,168
14.0,6,15,9,169
14.0,6,15,10,170
14.0,6,15,11,170
14.0,6,15,12,171
14.0,6,15,13,172
14.0,6,15,14,173
14.0,6,15,15,173
14.0,7,0,0,151
14.0,7,0,1,152
14.0,7,0,2,153
14.0,7,0,3,153
14.0,7,0,4,154
14.0,7,0,5,155
14.0,7,0,6,156
14.0,7,0,7,156
14.0,7,0,8,157
14.0,7,0,9,158
14.0,7,0,10,158
14.0,7,0,11,159
14.0,7,0,12,160
14.0,7,0,13,161
14.0,7,0,14,161
14.0,7,0,15,162
14.0,7,1,0,152
14.0,7,1,1,153
14.0,7,1,2,154
14.0,7,1,3,154
14.0,7,1,4,155
14.0,7,1,5,156
14.0,7,1,6,157
14.0,7,1,7,157
14.0,7,1,8,158
14.0,7,1,9,159
14.0,7,1,10,159
14.0,7,1,11,160
14.0,7,1,12,161
14.0,7,1,13,162
14.0,7,1,14,162
14.0,7,1,15,163
14.0,7,2,0,153
14.0,7,2,1,154
14.0,7,2,2,155
14.0,7,2,3,155
14.0,7,2,4,156
14.0,7,2,5,157
14.0,7,2,6,158
14.0,7,2,7,158
14.0,7,2,8,159
14.0,7,2,9,160
14.0,7,2,10,160
14.0,7,2,11,161
14.0,7,2,12,162
14.0,7,2,13,163
14.0,7,2,14,163
14.0,7,2,15,164
14.0,7,3,0,154
14.0,7,3,1,155
14.0,7,3,2,155
14.0,7,3,3,156
14.0,7,3,4,157
14.0,7,3,5,158
14.0,7,3,6,158
14.0,7,3,7,159
14.0,7,3,8,160
14.0,7,3,9,161
14.0,7,3,10,161
14.0,7,3,11,162
14.0,7,3,12,163
14.0,7,3,13,163
14.0,7,3,14,164
14.0,7,3,15,165
14.0,7,4,0,155
14.0,7,4,1,156
14.0,7,4,2,156
14.0,7,4,3,157
14.0,7,4,4,158
14.0,7,4,5,159
14.0,7,4,6,159
14.0,7,4,7,160
14.0,7,4,8,161
14.0,7,4,9,162
14.0,7,4,10,162
14.0,7,4,11,163
14.0,7,4,12,164
14.0,7,4,13,164
14.0,7,4,14,165
14.0,7,4,15,166
14.0,7,5,0,156
14.0,7,5,1,156
14.0,7,5,2,157
14.0,7,5,3,158
14.0,7,5,4,159
14.0,7,5,5,160
14.0,7,5,6,160
14.0,7,5,7,161
14.0,7,5,8,162
14.0,7,5,9,162
14.0,7,5,10,163
14.0,7,5,11,164
14.0,7,5,12,165
14.0,7,5,13,165
14.0,7,5,14,166
14.0,7,5,15,167
14.0,7,6,0,157
14.0,7,6,1,157
14.0,7,6,2,158
14.0,7,6,3,159
14.0,7,6,4,160
14.0,7,6,5,160
14.0,7,6,6,161
14.0,7,6,7,162
14.0,7,6,8,163
14.0,7,6,9,163
14.0,7,6,10,164
14.0,7,6,11,165
14.0,7,6,12,166
14.0,7,6,13,166
14.0,7,6,14,167
14.0,7,6,15,168
14.0,7,7,0,158
14.0,7,7,1,158
14.0,7,7,2,159
14.0,7,7,3,160
14.0,7,7,4,161
14.0,7,7,5,161
14.0,7,7,6,162
14.0,7,7,7,163
14.0,7,7,8,164
14.0,7,7,9,164
14.0,7,7,10,165
14.0,7,7,11,166
14.0,7,7,12,167
14.0,7,7,13,167
14.0,7,7,14,168
14.0,7,7,15,169
14.0,7,8,0,158
14.0,7,8,1,159
14.0,7,8,2,160
14.0,7,8,3,161
14.0,7,8,4,161
14.0,7,8,5,162
14.0,7,8,6,163
14.0,7,8,7,164
14.0,7,8,8,164
14.0,7,8,9,165
14.0,7,8,10,166
14.0,7,8,11,167
14.0,7,8,12,167
14.0,7,8,13,168
14.0,7,8,14,169
14.0,7,8,15,170
14.0,7,9,0,159
14.0,7,9,1,160
14.0,7,9,2,161
14.0,7,9,3,162
14.0,7,9,4,162
14.0,7,9,5,163
14.0,7,9,6,164
14.0,7,9,7,165
14.0,7,9,8,165
14.0,7,9,9,166
14.0,7,9,10,167
14.0,7,9,11,168
14.0,7,9,12,168
14.0,7,9,13,169
14.0,7,9,14,170
14.0,7,9,15,171
14.0,7,10,0,160
14.0,7,10,1,161
14.0,7,10,2,162
14.0,7,10,3,162
14.0,7,10,4,163
14.0,7,10,5,164
14.0,7,10,6,165
14.0,7,10,7,166
14.0,7,10,8,166
14.0,7,10,9,167
14.0,7,10,10,168
14.0,7,10,11,169
14.0,7,10,12,169
14.0,7,10,13,170
14.0,7,10,14,171
14.0,7,10,15,172
14.0,7,11,0,161
14.0,7,11,1,162
14.0,7,11,2,163
14.0,7,11,3,163
14.0,7,11,4,164
14.0,7,11,5,165
14.0,7,11,6,166
14.0,7,11,7,166
14.0,7,11,8,167
14.0,7,11,9,168
14.0,7,11,10,169
14.0,7,11,11,169
14.0,7,11,12,170
14.0,7,11,13,171
14.0,7,11,14,172
14.0,7,11,15,172
14.0,7,12,0,162
14.0,7,12,1,163
14.0,7,12,2,163
14.0,7,12,3,164
14.0,7,12,4,165
14.0,7,12,5,166
14.0,7,12,6,167
14.0,7,12,7,167
14.0,7,12,8,168
14.0,7,12,9,169
14.0,7,12,10,170
14.0,7,12,11,170
14.0,7,12,12,171
14.0,7,12,13,172
14.0,7,12,14,173
14.0,7,12,15,173
14.0,7,13,0,163
14.0,7,13,1,163
14.0,7,13,2,164
14.0,7,13,3,165
14.0,7,13,4,166
14.0,7,13,5,167
14.0,7,13,6,167
14.0,7,13,7,168
14.0,7,13,8,169
14.0,7,13,9,170
14.0,7,13,10,170
14.0,7,13,11,171
14.0,7,13,12,172
14.0,7,13,13,173
14.0,7,13,14,174
14.0,7,13,15,174
14.0,7,14,0,164
14.0,7,14,1,164
14.0,7,14,2,165
14.0,7,14,3,166
14.0,7,14,4,167
14.0,7,14,5,168
14.0,7,14,6,168
14.0,7,14,7,169
14.0,7,14,8,170
14.0,7,14,9,171
14.0,7,14,10,171
14.0,7,14,11,172
14.0,7,14,12,173
14.0,7,14,13,174
14.0,7,14,14,174
14.0,7,14,15,175
14.0,7,15,0,164
14.0,7,15,1,165
14.0,7,15,2,166
14.0,7,15,3,167
14.0,7,15,4,168
14.0,7,15,5,168
14.0,7,15,6,169
14.0,7,15,7,170
14.0,7,15,8,171
14.0,7,15,9,171
14.0,7,15,10,172
14.0,7,15,11,173
14.0,7,15,12,174
14.0,7,15,13,175
14.0,7,15,14,175
14.0,7,15,15,176
14.0,8,0,0,154
14.0,8,0,1,154
14.0,8,0,2,155
14.0,8,0,3,156
14.0,8,0,4,157
14.0,8,0,5,157
14.0,8,0,6,158
14.0,8,0,7,159
14.0,8,0,8,159
14.0,8,0,9,160
14.0,8,0,10,161
14.0,8,0,11,162
14.0,8,0,12,162
14.0,8,0,13,163
14.0,8,0,14,164
14.0,8,0,15,164
14.0,8,1,0,154
14.0,8,1,1,155
14.0,8,1,2,156
14.0,8,1,3,157
14.0,8,1,4,157
14.0,8,1,5,158
14.0,8,1,6,159
14.0,8,1,7,160
14.0,8,1,8,160
14.0,8,1,9,161
14.0,8,1,10,162
14.0,8,1,11,163
14.0,8,1,12,163
14.0,8,1,13,164
14.0,8,1,14,165
14.0,8,1,15,165
14.0,8,2,0,155
14.0,8,2,1,156
14.0,8,2,2,157
14.0,8,2,3,158
14.0,8,2,4,158
14.0,8,2,5,159
14.0,8,2,6,160
14.0,8,2,7,161
14.0,8,2,8,161
14.0,8,2,9,162
14.0,8,2,10,163
14.0,8,2,11,164
14.0,8,2,12,164
14.0,8,2,13,165
14.0,8,2,14,166
14.0,8,2,15,166
14.0,8,3,0,156
14.0,8,3,1,157
14.0,8,3,2,158
14.0,8,3,3,159
14.0,8,3,4,159
14.0,8,3,5,160
14.0,8,3,6,161
14.0,8,3,7,162
14.0,8,3,8,162
14.0,8,3,9,163
14.0,8,3,10,164
14.0,8,3,11,165
14.0,8,3,12,165
14.0,8,3,13,166
14.0,8,3,14,167
14.0,8,3,15,167
14.0,8,4,0,157
14.0,8,4,1,158
14.0,8,4,2,159
14.0,8,4,3,160
14.0,8,4,4,160
14.0,8,4,5,161
14.0,8,4,6,162
14.0,8,4,7,163
14.0,8,4,8,163
14.0,8,4,9,164
14.0,8,4,10,165
14.0,8,4,11,165
14.0,8,4,12,166
14.0,8,4,13,167
14.0,8,4,14,168
14.0,8,4,15,168
14.0,8,5,0,158
14.0,8,5,1,159
14.0,8,5,2,160
14.0,8,5,3,160
14.0,8,5,4,161
14.0,8,5,5,162
14.0,8,5,6,163
14.0,8,5,7,163
14.0,8,5,8,164
14.0,8,5,9,165
14.0,8,5,10,166
14.0,8,5,11,166
14.0,8,5,12,167
14.0,8,5,13,168
14.0,8,5,14,169
14.0,8,5,15,169
14.0,8,6,0,159
14.0,8,6,1,160
14.0,8,6,2,161
14.0,8,6,3,161
14.0,8,6,4,162
14.0,8,6,5,163
14.0,8,6,6,164
14.0,8,6,7,164
14.0,8,6,8,165
14.0,8,6,9,166
14.0,8,6,10,167
14.0,8,6,11,167
14.0,8,6,12,168
14.0,8,6,13,169
14.0,8,6,14,170
14.0,8,6,15,170
14.0,8,7,0,160
14.0,8,7,1,161
14.0,8,7,2,161
14.0,8,7,3,162
14.0,8,7,4,163
14.0,8,7,5,164
14.0,8,7,6,165
14.0,8,7,7,165
14.0,8,7,8,166
14.0,8,7,9,167
14.0,8,7,10,168
14.0,8,7,11,168
14.0,8,7,12,169
14.0,8,7,13,170
14.0,8,7,14,171
14.0,8,7,15,171
14.0,8,8,0,161
14.0,8,8,1,162
14.0,8,8,2,162
14.0,8,8,3,163
14.0,8,8,4,164
14.0,8,8,5,165
14.0,8,8,6,165
14.0,8,8,7,166
14.0,8,8,8,167
14.0,8,8,9,168
14.0,8,8,10,169
14.0,8,8,11,169
14.0,8,8,12,170
14.0,8,8,13,171
14.0,8,8,14,171
14.0,8,8,15,172
14.0,8,9,0,162
14.0,8,9,1,162
14.0,8,9,2,163
14.0,8,9,3,164
14.0,8,9,4,165
14.0,8,9,5,166
14.0,8,9,6,166
14.0,8,9,7,167
14.0,8,9,8,168
14.0,8,9,9,169
14.0,8,9,10,169
14.0,8,9,11,170
14.0,8,9,12,171
14.0,8,9,13,172
14.0,8,9,14,172
14.0,8,9,15,173
14.0,8,10,0,163
14.0,8,10,1,163
14.0,8,10,2,164
14.0,8,10,3,165
14.0,8,10,4,166
14.0,8,10,5,166
14.0,8,10,6,167
14.0,8,10,7,168
14.0,8,10,8,169
14.0,8,10,9,170
14.0,8,10,10,170
14.0,8,10,11,171
14.0,8,10,12,172
14.0,8,10,13,173
14.0,8,10,14,173
14.0,8,10,15,174
14.0,8,11,0,163
14.0,8,11,1,164
14.0,8,11,2,165
14.0,8,11,3,166
14.0,8,11,4,167
14.0,8,11,5,167
14.0,8,11,6,168
14.0,8,11,7,169
14.0,8,11,8,170
14.0,8,11,9,170
14.0,8,11,10,171
14.0,8,11,11,172
14.0,8,11,12,173
14.0,8,11,13,174
14.0,8,11,14,174
14.0,8,11,15,175
14.0,8,12,0,164
14.0,8,12,1,165
14.0,8,12,2,166
14.0,8,12,3,167
14.0,8,12,4,167
14.0,8,12,5,168
14.0,8,12,6,169
14.0,8,12,7,170
14.0,8,12,8,171
14.0,8,12,9,171
14.0,8,12,10,172
14.0,8,12,11,173
14.0,8,12,12,174
14.0,8,12,13,174
14.0,8,12,14,175
14.0,8,12,15,176
14.0,8,13,0,165
14.0,8,13,1,166
14.0,8,13,2,167
14.0,8,13,3,168
14.0,8,13,4,168
14.0,8,13,5,169
14.0,8,13,6,170
14.0,8,13,7,171
14.0,8,13,8,172
14.0,8,13,9,172
14.0,8,13,10,173
14.0,8,13,11,174
14.0,8,13,12,175
14.0,8,13,13,175
14.0,8,13,14,176
14.0,8,13,15,177
14.0,8,14,0,166
14.0,8,14,1,167
14.0,8,14,2,168
14.0,8,14,3,168
14.0,8,14,4,169
14.0,8,14,5,170
14.0,8,14,6,171
14.0,8,14,7,172
14.0,8,14,8,172
14.0,8,14,9,173
14.0,8,14,10,174
14.0,8,14,11,175
14.0,8,14,12,176
14.0,8,14,13,176
14.0,8,14,14,177
14.0,8,14,15,178
14.0,8,15,0,167
14.0,8,15,1,168
14.0,8,15,2,169
14.0,8,15,3,169
14.0,8,15,4,170
14.0,8,15,5,171
14.0,8,15,6,172
14.0,8,15,7,173
14.0,8,15,8,173
14.0,8,15,9,174
14.0,8,15,10,175
14.0,8,15,11,176
14.0,8,15,12,176
14.0,8,15,13,177
14.0,8,15,14,178
14.0,8,15,15,179
14.0,9,0,0,156
14.0,9,0,1,157
14.0,9,0,2,157
14.0,9,0,3,158
14.0,9,0,4,159
14.0,9,0,5,160
14.0,9,0,6,160
14.0,9,0,7,161
14.0,9,0,8,162
14.0,9,0,9,163
14.0,9,0,10,163
14.0,9,0,11,164
14.0,9,0,12,165
14.0,9,0,13,165
14.0,9,0,14,166
14.0,9,0,15,167
14.0,9,1,0,157
14.0,9,1,1,158
14.0,9,1,2,158
14.0,9,1,3,159
14.0,9,1,4,160
14.0,9,1,5,161
14.0,9,1,6,161
14.0,9,1,7,162
14.0,9,1,8,163
14.0,9,1,9,164
14.0,9,1,10,164
14.0,9,1,11,165
14.0,9,1,12,166
14.0,9,1,13,166
14.0,9,1,14,167
14.0,9,1,15,168
14.0,9,2,0,158
14.0,9,2,1,158
14.0,9,2,2,159
14.0,9,2,3,160
14.0,9,2,4,161
14.0,9,2,5,162
14.0,9,2,6,162
14.0,9,2,7,163
14.0,9,2,8,164
14.0,9,2,9,165
14.0,9,2,10,165
14.0,9,2,11,166
14.0,9,2,12,167
14.0,9,2,13,167
14.0,9,2,14,168
14.0,9,2,15,169
14.0,9,3,0,159
14.0,9,3,1,159
14.0,9,3,2,160
14.0,9,3,3,161
14.0,9,3,4,162
14.0,9,3,5,162
14.0,9,3,6,163
14.0,9,3,7,164
14.0,9,3,8,165
14.0,9,3,9,166
14.0,9,3,10,166
14.0,9,3,11,167
14.0,9,3,12,168
14.0,9,3,13,168
14.0,9,3,14,169
14.0,9,3,15,170
14.0,9,4,0,160
14.0,9,4,1,160
14.0,9,4,2,161
14.0,9,4,3,162
14.0,9,4,4,163
14.0,9,4,5,163
14.0,9,4,6,164
14.0,9,4,7,165
14.0,9,4,8,166
14.0,9,4,9,166
14.0,9,4,10,167
14.0,9,4,11,168
14.0,9,4,12,169
14.0,9,4,13,169
14.0,9,4,14,170
14.0,9,4,15,171
14.0,9,5,0,160
14.0,9,5,1,161
14.0,9,5,2,162
14.0,9,5,3,163
14.0,9,5,4,164
14.0,9,5,5,164
14.0,9,5,6,165
14.0,9,5,7,166
14.0,9,5,8,167
14.0,9,5,9,167
14.0,9,5,10,168
14.0,9,5,11,169
14.0,9,5,12,170
14.0,9,5,13,170
14.0,9,5,14,171
14.0,9,5,15,172
14.0,9,6,0,161
14.0,9,6,1,162
14.0,9,6,2,163
14.0,9,6,3,164
14.0,9,6,4,165
14.0,9,6,5,165
14.0,9,6,6,166
14.0,9,6,7,167
14.0,9,6,8,168
14.0,9,6,9,168
14.0,9,6,10,169
14.0,9,6,11,170
14.0,9,6,12,171
14.0,9,6,13,171
14.0,9,6,14,172
14.0,9,6,15,173
14.0,9,7,0,162
14.0,9,7,1,163
14.0,9,7,2,164
14.0,9,7,3,165
14.0,9,7,4,165
14.0,9,7,5,166
14.0,9,7,6,167
14.0,9,7,7,168
14.0,9,7,8,169
14.0,9,7,9,169
14.0,9,7,10,170
14.0,9,7,11,171
14.0,9,7,12,172
14.0,9,7,13,172
14.0,9,7,14,173
14.0,9,7,15,174
14.0,9,8,0,163
14.0,9,8,1,164
14.0,9,8,2,165
14.0,9,8,3,166
14.0,9,8,4,166
14.0,9,8,5,167
14.0,9,8,6,168
14.0,9,8,7,169
14.0,9,8,8,169
14.0,9,8,9,170
14.0,9,8,10,171
14.0,9,8,11,172
14.0,9,8,12,173
14.0,9,8,13,173
14.0,9,8,14,174
14.0,9,8,15,175
14.0,9,9,0,164
14.0,9,9,1,165
14.0,9,9,2,166
14.0,9,9,3,166
14.0,9,9,4,167
14.0,9,9,5,168
14.0,9,9,6,169
14.0,9,9,7,170
14.0,9,9,8,170
14.0,9,9,9,171
14.0,9,9,10,172
14.0,9,9,11,173
14.0,9,9,12,174
14.0,9,9,13,174
14.0,9,9,14,175
14.0,9,9,15,176
14.0,9,10,0,165
14.0,9,10,1,166
14.0,9,10,2,167
14.0,9,10,3,167
14.0,9,10,4,168
14.0,9,10,5,169
14.0,9,10,6,170
14.0,9,10,7,171
14.0,9,10,8,171
14.0,9,10,9,172
14.0,9,10,10,173
14.0,9,10,11,174
14.0,9,10,12,174
14.0,9,10,13,175
14.0,9,10,14,176
14.0,9,10,15,177
14.0,9,11,0,166
14.0,9,11,1,167
14.0,9,11,2,167
14.0,9,11,3,168
14.0,9,11,4,169
14.0,9,11,5,170
14.0,9,11,6,171
14.0,9,11,7,171
14.0,9,11,8,172
14.0,9,11,9,173
14.0,9,11,10,174
14.0,9,11,11,175
14.0,9,11,12,175
14.0,9,11,13,176
14.0,9,11,14,177
14.0,9,11,15,178
14.0,9,12,0,167
14.0,9,12,1,168
14.0,9,12,2,168
14.0,9,12,3,169
14.0,9,12,4,170
14.0,9,12,5,171
14.0,9,12,6,172
14.0,9,12,7,172
14.0,9,12,8,173
14.0,9,12,9,174
14.0,9,12,10,175
14.0,9,12,11,176
14.0,9,12,12,176
14.0,9,12,13,177
14.0,9,12,14,178
14.0,9,12,15,179
14.0,9,13,0,168
14.0,9,13,1,168
14.0,9,13,2,169
14.0,9,13,3,170
14.0,9,13,4,171
14.0,9,13,5,172
14.0,9,13,6,173
14.0,9,13,7,173
14.0,9,13,8,174
14.0,9,13,9,175
14.0,9,13,10,176
14.0,9,13,11,176
14.0,9,13,12,177
14.0,9,13,13,178
14.0,9,13,14,179
14.0,9,13,15,180
14.0,9,14,0,169
14.0,9,14,1,169
14.0,9,14,2,170
14.0,9,14,3,171
14.0,9,14,4,172
14.0,9,14,5,173
14.0,9,14,6,173
14.0,9,14,7,174
14.0,9,14,8,175
14.0,9,14,9,176
14.0,9,14,10,177
14.0,9,14,11,177
14.0,9,14,12,178
14.0,9,14,13,179
14.0,9,14,14,180
14.0,9,14,15,181
14.0,9,15,0,169
14.0,9,15,1,170
14.0,9,15,2,171
14.0,9,15,3,172
14.0,9,15,4,173
14.0,9,15,5,173
14.0,9,15,6,174
14.0,9,15,7,175
14.0,9,15,8,176
14.0,9,15,9,177
14.0,9,15,10,178
14.0,9,15,11,178
14.0,9,15,12,179
14.0,9,15,13,180
14.0,9,15,14,181
14.0,9,15,15,181
14.0,10,0,0,158
14.0,10,0,1,159
14.0,10,0,2,160
14.0,10,0,3,160
14.0,10,0,4,161
14.0,10,0,5,162
14.0,10,0,6,163
14.0,10,0,7,163
14.0,10,0,8,164
14.0,10,0,9,165
14.0,10,0,10,166
14.0,10,0,11,166
14.0,10,0,12,167
14.0,10,0,13,168
14.0,10,0,14,169
14.0,10,0,15,169
14.0,10,1,0,159
14.0,10,1,1,160
14.0,10,1,2,161
14.0,10,1,3,161
14.0,10,1,4,162
14.0,10,1,5,163
14.0,10,1,6,164
14.0,10,1,7,164
14.0,10,1,8,165
14.0,10,1,9,166
14.0,10,1,10,167
14.0,10,1,11,167
14.0,10,1,12,168
14.0,10,1,13,169
14.0,10,1,14,170
14.0,10,1,15,170
14.0,10,2,0,160
14.0,10,2,1,161
14.0,10,2,2,162
14.0,10,2,3,162
14.0,10,2,4,163
14.0,10,2,5,164
14.0,10,2,6,165
14.0,10,2,7,165
14.0,10,2,8,166
14.0,10,2,9,167
14.0,10,2,10,168
14.0,10,2,11,168
14.0,10,2,12,169
14.0,10,2,13,170
14.0,10,2,14,171
14.0,10,2,15,171
14.0,10,3,0,161
14.0,10,3,1,162
14.0,10,3,2,163
14.0,10,3,3,163
14.0,10,3,4,164
14.0,10,3,5,165
14.0,10,3,6,166
14.0,10,3,7,166
14.0,10,3,8,167
14.0,10,3,9,168
14.0,10,3,10,169
14.0,10,3,11,169
14.0,10,3,12,170
14.0,10,3,13,171
14.0,10,3,14,172
14.0,10,3,15,172
14.0,10,4,0,162
14.0,10,4,1,163
14.0,10,4,2,163
14.0,10,4,3,164
14.0,10,4,4,165
14.0,10,4,5,166
14.0,10,4,6,167
14.0,10,4,7,167
14.0,10,4,8,168
14.0,10,4,9,169
14.0,10,4,10,170
14.0,10,4,11,170
14.0,10,4,12,171
14.0,10,4,13,172
14.0,10,4,14,173
14.0,10,4,15,173
14.0,10,5,0,163
14.0,10,5,1,164
14.0,10,5,2,164
14.0,10,5,3,165
14.0,10,5,4,166
14.0,10,5,5,167
14.0,10,5,6,168
14.0,10,5,7,168
14.0,10,5,8,169
14.0,10,5,9,170
14.0,10,5,10,171
14.0,10,5,11,171
14.0,10,5,12,172
14.0,10,5,13,173
14.0,10,5,14,174
14.0,10,5,15,174
14.0,10,6,0,164
14.0,10,6,1,165
14.0,10,6,2,165
14.0,10,6,3,166
14.0,10,6,4,167
14.0,10,6,5,168
14.0,10,6,6,169
14.0,10,6,7,169
14.0,10,6,8,170
14.0,10,6,9,171
14.0,10,6,10,172
14.0,10,6,11,172
14.0,10,6,12,173
14.0,10,6,13,174
14.0,10,6,14,175
14.0,10,6,15,175
14.0,10,7,0,165
14.0,10,7,1,165
14.0,10,7,2,166
14.0,10,7,3,167
14.0,10,7,4,168
14.0,10,7,5,169
14.0,10,7,6,169
14.0,10,7,7,170
14.0,10,7,8,171
14.0,10,7,9,172
14.0,10,7,10,173
14.0,10,7,11,173
14.0,10,7,12,174
14.0,10,7,13,175
14.0,10,7,14,176
14.0,10,7,15,176
14.0,10,8,0,166
14.0,10,8,1,166
14.0,10,8,2,167
14.0,10,8,3,168
14.0,10,8,4,169
14.0,10,8,5,170
14.0,10,8,6,170
14.0,10,8,7,171
14.0,10,8,8,172
14.0,10,8,9,173
14.0,10,8,10,174
14.0,10,8,11,174
14.0,10,8,12,175
14.0,10,8,13,176
14.0,10,8,14,177
14.0,10,8,15,177
14.0,10,9,0,167
14.0,10,9,1,167
14.0,10,9,2,168
14.0,10,9,3,169
14.0,10,9,4,170
14.0,10,9,5,171
14.0,10,9,6,171
14.0,10,9,7,172
14.0,10,9,8,173
14.0,10,9,9,174
14.0,10,9,10,175
14.0,10,9,11,175
14.0,10,9,12,176
14.0,10,9,13,177
14.0,10,9,14,178
14.0,10,9,15,178
14.0,10,10,0,167
14.0,10,10,1,168
14.0,10,10,2,169
14.0,10,10,3,170
14.0,10,10,4,171
14.0,10,10,5,171
14.0,10,10,6,172
14.0,10,10,7,173
14.0,10,10,8,174
14.0,10,10,9,175
14.0,10,10,10,175
14.0,10,10,11,176
14.0,10,10,12,177
14.0,10,10,13,178
14.0,10,10,14,179
14.0,10,10,15,179
14.0,10,11,0,168
14.0,10,11,1,169
14.0,10,11,2,170
14.0,10,11,3,171
14.0,10,11,4,172
14.0,10,11,5,172
14.0,10,11,6,173
14.0,10,11,7,174
14.0,10,11,8,175
14.0,10,11,9,176
14.0,10,11,10,176
14.0,10,11,11,177
14.0,10,11,12,178
14.0,10,11,13,179
14.0,10,11,14,180
14.0,10,11,15,180
14.0,10,12,0,169
14.0,10,12,1,170
14.0,10,12,2,171
14.0,10,12,3,172
14.0,10,12,4,173
14.0,10,12,5,173
14.0,10,12,6,174
14.0,10,12,7,175
14.0,10,12,8,176
14.0,10,12,9,177
14.0,10,12,10,177
14.0,10,12,11,178
14.0,10,12,12,179
14.0,10,12,13,180
14.0,10,12,14,180
14.0,10,12,15,181
14.0,10,13,0,170
14.0,10,13,1,171
14.0,10,13,2,172
14.0,10,13,3,173
14.0,10,13,4,173
14.0,10,13,5,174
14.0,10,13,6,175
14.0,10,13,7,176
14.0,10,13,8,177
14.0,10,13,9,177
14.0,10,13,10,178
14.0,10,13,11,179
14.0,10,13,12,180
14.0,10,13,13,181
14.0,10,13,14,181
14.0,10,13,15,182
14.0,10,14,0,171
14.0,10,14,1,172
14.0,10,14,2,173
14.0,10,14,3,173
14.0,10,14,4,174
14.0,10,14,5,175
14.0,10,14,6,176
14.0,10,14,7,177
14.0,10,14,8,178
14.0,10,14,9,178
14.0,10,14,10,179
14.0,10,14,11,180
14.0,10,14,12,181
14.0,10,14,13,182
14.0,10,14,14,182
14.0,10,14,15,183
14.0,10,15,0,172
14.0,10,15,1,173
14.0,10,15,2,174
14.0,10,15,3,174
14.0,10,15,4,175
14.0,10,15,5,176
14.0,10,15,6,177
14.0,10,15,7,178
14.0,10,15,8,178
14.0,10,15,9,179
14.0,10,15,10,180
14.0,10,15,11,181
14.0,10,15,12,182
14.0,10,15,13,183
14.0,10,15,14,183
14.0,10,15,15,184
14.0,11,0,0,160
14.0,11,0,1,161
14.0,11,0,2,162
14.0,11,0,3,163
14.0,11,0,4,164
14.0,11,0,5,164
14.0,11,0,6,165
14.0,11,0,7,166
14.0,11,0,8,167
14.0,11,0,9,167
14.0,11,0,10,168
14.0,11,0,11,169
14.0,11,0,12,170
14.0,11,0,13,170
14.0,11,0,14,171
14.0,11,0,15,172
14.0,11,1,0,161
14.0,11,1,1,162
14.0,11,1,2,163
14.0,11,1,3,164
14.0,11,1,4,165
14.0,11,1,5,165
14.0,11,1,6,166
14.0,11,1,7,167
14.0,11,1,8,168
14.0,11,1,9,168
14.0,11,1,10,169
14.0,11,1,11,170
14.0,11,1,12,171
14.0,11,1,13,171
14.0,11,1,14,172
14.0,11,1,15,173
14.0,11,2,0,162
14.0,11,2,1,163
14.0,11,2,2,164
14.0,11,2,3,165
14.0,11,2,4,166
14.0,11,2,5,166
14.0,11,2,6,167
14.0,11,2,7,168
14.0,11,2,8,169
14.0,11,2,9,169
14.0,11,2,10,170
14.0,11,2,11,171
14.0,11,2,12,172
14.0,11,2,13,172
14.0,11,2,14,173
14.0,11,2,15,174
14.0,11,3,0,163
14.0,11,3,1,164
14.0,11,3,2,165
14.0,11,3,3,166
14.0,11,3,4,166
14.0,11,3,5,167
14.0,11,3,6,168
14.0,11,3,7,169
14.0,11,3,8,170
14.0,11,3,9,170
14.0,11,3,10,171
14.0,11,3,11,172
14.0,11,3,12,173
14.0,11,3,13,173
14.0,11,3,14,174
14.0,11,3,15,175
14.0,11,4,0,164
14.0,11,4,1,165
14.0,11,4,2,166
14.0,11,4,3,167
14.0,11,4,4,167
14.0,11,4,5,168
14.0,11,4,6,169
14.0,11,4,7,170
14.0,11,4,8,171
14.0,11,4,9,171
14.0,11,4,10,172
14.0,11,4,11,173
14.0,11,4,12,174
14.0,11,4,13,174
14.0,11,4,14,175
14.0,11,4,15,176
14.0,11,5,0,165
14.0,11,5,1,166
14.0,11,5,2,167
14.0,11,5,3,168
14.0,11,5,4,168
14.0,11,5,5,169
14.0,11,5,6,170
14.0,11,5,7,171
14.0,11,5,8,172
14.0,11,5,9,172
14.0,11,5,10,173
14.0,11,5,11,174
14.0,11,5,12,175
14.0,11,5,13,175
14.0,11,5,14,176
14.0,11,5,15,177
14.0,11,6,0,166
14.0,11,6,1,167
14.0,11,6,2,168
14.0,11,6,3,169
14.0,11,6,4,169
14.0,11,6,5,170
14.0,11,6,6,171
14.0,11,6,7,172
14.0,11,6,8,173
14.0,11,6,9,173
14.0,11,6,10,174
14.0,11,6,11,175
14.0,11,6,12,176
14.0,11,6,13,176
14.0,11,6,14,177
14.0,11,6,15,178
14.0,11,7,0,167
14.0,11,7,1,168
14.0,11,7,2,169
14.0,11,7,3,170
14.0,11,7,4,170
14.0,11,7,5,171
14.0,11,7,6,172
14.0,11,7,7,173
14.0,11,7,8,174
14.0,11,7,9,174
14.0,11,7,10,175
14.0,11,7,11,176
14.0,11,7,12,177
14.0,11,7,13,177
14.0,11,7,14,178
14.0,11,7,15,179
14.0,11,8,0,168
14.0,11,8,1,169
14.0,11,8,2,170
14.0,11,8,3,170
14.0,11,8,4,171
14.0,11,8,5,172
14.0,11,8,6,173
14.0,11,8,7,174
14.0,11,8,8,174
14.0,11,8,9,175
14.0,11,8,10,176
14.0,11,8,11,177
14.0,11,8,12,178
14.0,11,8,13,178
14.0,11,8,14,179
14.0,11,8,15,180
14.0,11,9,0,169
14.0,11,9,1,170
14.0,11,9,2,171
14.0,11,9,3,171
14.0,11,9,4,172
14.0,11,9,5,173
14.0,11,9,6,174
14.0,11,9,7,175
14.0,11,9,8,175
14.0,11,9,9,176
14.0,11,9,10,177
14.0,11,9,11,178
14.0,11,9,12,179
14.0,11,9,13,179
14.0,11,9,14,180
14.0,11,9,15,181
14.0,11,10,0,170
14.0,11,10,1,171
14.0,11,10,2,172
14.0,11,10,3,172
14.0,11,10,4,173
14.0,11,10,5,174
14.0,11,10,6,175
14.0,11,10,7,176
14.0,11,10,8,176
14.0,11,10,9,177
14.0,11,10,10,178
14.0,11,10,11,179
14.0,11,10,12,180
14.0,11,10,13,180
14.0,11,10,14,181
14.0,11,10,15,182
14.0,11,11,0,171
14.0,11,11,1,172
14.0,11,11,2,172
14.0,11,11,3,173
14.0,11,11,4,174
14.0,11,11,5,175
14.0,11,11,6,176
14.0,11,11,7,177
14.0,11,11,8,177
14.0,11,11,9,178
14.0,11,11,10,179
14.0,11,11,11,180
14.0,11,11,12,181
14.0,11,11,13,181
14.0,11,11,14,182
14.0,11,11,15,183
14.0,11,12,0,172
14.0,11,12,1,173
14.0,11,12,2,173
14.0,11,12,3,174
14.0,11,12,4,175
14.0,11,12,5,176
14.0,11,12,6,177
14.0,11,12,7,177
14.0,11,12,8,178
14.0,11,12,9,179
14.0,11,12,10,180
14.0,11,12,11,181
14.0,11,12,12,182
14.0,11,12,13,182
14.0,11,12,14,183
14.0,11,12,15,184
14.0,11,13,0,173
14.0,11,13,1,173
14.0,11,13,2,174
14.0,11,13,3,175
14.0,11,13,4,176
14.0,11,13,5,177
14.0,11,13,6,178
14.0,11,13,7,178
14.0,11,13,8,179
14.0,11,13,9,180
14.0,11,13,10,181
14.0,11,13,11,182
14.0,11,13,12,182
14.0,11,13,13,183
14.0,11,13,14,184
14.0,11,13,15,185
14.0,11,14,0,173
14.0,11,14,1,174
14.0,11,14,2,175
14.0,11,14,3,176
14.0,11,14,4,177
14.0,11,14,5,178
14.0,11,14,6,179
14.0,11,14,7,179
14.0,11,14,8,180
14.0,11,14,9,181
14.0,11,14,10,182
14.0,11,14,11,183
14.0,11,14,12,183
14.0,11,14,13,184
14.0,11,14,14,185
14.0,11,14,15,186
14.0,11,15,0,174
14.0,11,15,1,175
14.0,11,15,2,176
14.0,11,15,3,177
14.0,11,15,4,178
14.0,11,15,5,179
14.0,11,15,6,179
14.0,11,15,7,180
14.0,11,15,8,181
14.0,11,15,9,182
14.0,11,15,10,183
14.0,11,15,11,184
14.0,11,15,12,184
14.0,11,15,13,185
14.0,11,15,14,186
14.0,11,15,15,187
14.0,12,0,0,163
14.0,12,0,1,164
14.0,12,0,2,164
14.0,12,0,3,165
14.0,12,0,4,166
14.0,12,0,5,167
14.0,12,0,6,167
14.0,12,0,7,168
14.0,12,0,8,169
14.0,12,0,9,170
14.0,12,0,10,171
14.0,12,0,11,171
14.0,12,0,12,172
14.0,12,0,13,173
14.0,12,0,14,174
14.0,12,0,15,174
14.0,12,1,0,164
14.0,12,1,1,165
14.0,12,1,2,165
14.0,12,1,3,166
14.0,12,1,4,167
14.0,12,1,5,168
14.0,12,1,6,168
14.0,12,1,7,169
14.0,12,1,8,170
14.0,12,1,9,171
14.0,12,1,10,172
14.0,12,1,11,172
14.0,12,1,12,173
14.0,12,1,13,174
14.0,12,1,14,175
14.0,12,1,15,175
14.0,12,2,0,165
14.0,12,2,1,165
14.0,12,2,2,166
14.0,12,2,3,167
14.0,12,2,4,168
14.0,12,2,5,169
14.0,12,2,6,169
14.0,12,2,7,170
14.0,12,2,8,171
14.0,12,2,9,172
14.0,12,2,10,173
14.0,12,2,11,173
14.0,12,2,12,174
14.0,12,2,13,175
14.0,12,2,14,176
14.0,12,2,15,176
14.0,12,3,0,166
14.0,12,3,1,166
14.0,12,3,2,167
14.0,12,3,3,168
14.0,12,3,4,169
14.0,12,3,5,170
14.0,12,3,6,170
14.0,12,3,7,171
14.0,12,3,8,172
14.0,12,3,9,173
14.0,12,3,10,174
14.0,12,3,11,174
14.0,12,3,12,175
14.0,12,3,13,176
14.0,12,3,14,177
14.0,12,3,15,177
14.0,12,4,0,167
14.0,12,4,1,167
14.0,12,4,2,168
14.0,12,4,3,169
14.0,12,4,4,170
14.0,12,4,5,171
14.0,12,4,6,171
14.0,12,4,7,172
14.0,12,4,8,173
14.0,12,4,9,174
14.0,12,4,10,175
14.0,12,4,11,175
14.0,12,4,12,176
14.0,12,4,13,177
14.0,12,4,14,178
14.0,12,4,15,178
14.0,12,5,0,168
14.0,12,5,1,168
14.0,12,5,2,169
14.0,12,5,3,170
14.0,12,5,4,171
14.0,12,5,5,172
14.0,12,5,6,172
14.0,12,5,7,173
14.0,12,5,8,174
14.0,12,5,9,175
14.0,12,5,10,176
14.0,12,5,11,176
14.0,12,5,12,177
14.0,12,5,13,178
14.0,12,5,14,179
14.0,12,5,15,180
14.0,12,6,0,169
14.0,12,6,1,169
14.0,12,6,2,170
14.0,12,6,3,171
14.0,12,6,4,172
14.0,12,6,5,173
14.0,12,6,6,173
14.0,12,6,7,174
14.0,12,6,8,175
14.0,12,6,9,176
14.0,12,6,10,177
14.0,12,6,11,177
14.0,12,6,12,178
14.0,12,6,13,179
14.0,12,6,14,180
14.0,12,6,15,181
14.0,12,7,0,169
14.0,12,7,1,170
14.0,12,7,2,171
14.0,12,7,3,172
14.0,12,7,4,173
14.0,12,7,5,174
14.0,12,7,6,174
14.0,12,7,7,175
14.0,12,7,8,176
14.0,12,7,9,177
14.0,12,7,10,178
14.0,12,7,11,178
14.0,12,7,12,179
14.0,12,7,13,180
14.0,12,7,14,181
14.0,12,7,15,182
14.0,12,8,0,170
14.0,12,8,1,171
14.0,12,8,2,172
14.0,12,8,3,173
14.0,12,8,4,174
14.0,12,8,5,175
14.0,12,8,6,175
14.0,12,8,7,176
14.0,12,8,8,177
14.0,12,8,9,178
14.0,12,8,10,179
14.0,12,8,11,179
14.0,12,8,12,180
14.0,12,8,13,181
14.0,12,8,14,182
14.0,12,8,15,183
14.0,12,9,0,171
14.0,12,9,1,172
14.0,12,9,2,173
14.0,12,9,3,174
14.0,12,9,4,175
14.0,12,9,5,176
14.0,12,9,6,176
14.0,12,9,7,177
14.0,12,9,8,178
14.0,12,9,9,179
14.0,12,9,10,180
14.0,12,9,11,180
14.0,12,9,12,181
14.0,12,9,13,182
14.0,12,9,14,183
14.0,12,9,15,184
14.0,12,10,0,172
14.0,12,10,1,173
14.0,12,10,2,174
14.0,12,10,3,175
14.0,12,10,4,176
14.0,12,10,5,176
14.0,12,10,6,177
14.0,12,10,7,178
14.0,12,10,8,179
14.0,12,10,9,180
14.0,12,10,10,181
14.0,12,10,11,181
14.0,12,10,12,182
14.0,12,10,13,183
14.0,12,10,14,184
14.0,12,10,15,185
14.0,12,11,0,173
14.0,12,11,1,174
14.0,12,11,2,175
14.0,12,11,3,176
14.0,12,11,4,177
14.0,12,11,5,177
14.0,12,11,6,178
14.0,12,11,7,179
14.0,12,11,8,180
14.0,12,11,9,181
14.0,12,11,10,182
14.0,12,11,11,182
14.0,12,11,12,183
14.0,12,11,13,184
14.0,12,11,14,185
14.0,12,11,15,186
14.0,12,12,0,174
14.0,12,12,1,175
14.0,12,12,2,176
14.0,12,12,3,177
14.0,12,12,4,178
14.0,12,12,5,178
14.0,12,12,6,179
14.0,12,12,7,180
14.0,12,12,8,181
14.0,12,12,9,182
14.0,12,12,10,182
14.0,12,12,11,183
14.0,12,12,12,184
14.0,12,12,13,185
14.0,12,12,14,186
14.0,12,12,15,187
14.0,12,13,0,175
14.0,12,13,1,176
14.0,12,13,2,177
14.0,12,13,3,178
14.0,12,13,4,178
14.0,12,13,5,179
14.0,12,13,6,180
14.0,12,13,7,181
14.0,12,13,8,182
14.0,12,13,9,183
14.0,12,13,10,183
14.0,12,13,11,184
14.0,12,13,12,185
14.0,12,13,13,186
14.0,12,13,14,187
14.0,12,13,15,188
14.0,12,14,0,176
14.0,12,14,1,177
14.0,12,14,2,178
14.0,12,14,3,179
14.0,12,14,4,179
14.0,12,14,5,180
14.0,12,14,6,181
14.0,12,14,7,182
14.0,12,14,8,183
14.0,12,14,9,184
14.0,12,14,10,184
14.0,12,14,11,185
14.0,12,14,12,186
14.0,12,14,13,187
14.0,12,14,14,188
14.0,12,14,15,188
14.0,12,15,0,177
14.0,12,15,1,178
14.0,12,15,2,179
14.0,12,15,3,179
14.0,12,15,4,180
14.0,12,15,5,181
14.0,12,15,6,182
14.0,12,15,7,183
14.0,12,15,8,184
14.0,12,15,9,185
14.0,12,15,10,185
14.0,12,15,11,186
14.0,12,15,12,187
14.0,12,15,13,188
14.0,12,15,14,189
14.0,12,15,15,189
14.0,13,0,0,165
14.0,13,0,1,166
14.0,13,0,2,167
14.0,13,0,3,167
14.0,13,0,4,168
14.0,13,0,5,169
14.0,13,0,6,170
14.0,13,0,7,171
14.0,13,0,8,171
14.0,13,0,9,172
14.0,13,0,10,173
14.0,13,0,11,174
14.0,13,0,12,174
14.0,13,0,13,175
14.0,13,0,14,176
14.0,13,0,15,177
14.0,13,1,0,166
14.0,13,1,1,167
14.0,13,1,2,168
14.0,13,1,3,168
14.0,13,1,4,169
14.0,13,1,5,170
14.0,13,1,6,171
14.0,13,1,7,172
14.0,13,1,8,172
14.0,13,1,9,173
14.0,13,1,10,174
14.0,13,1,11,175
14.0,13,1,12,176
14.0,13,1,13,176
14.0,13,1,14,177
14.0,13,1,15,178
14.0,13,2,0,167
14.0,13,2,1,168
14.0,13,2,2,169
14.0,13,2,3,169
14.0,13,2,4,170
14.0,13,2,5,171
14.0,13,2,6,172
14.0,13,2,7,173
14.0,13,2,8,173
14.0,13,2,9,174
14.0,13,2,10,175
14.0,13,2,11,176
14.0,13,2,12,177
14.0,13,2,13,177
14.0,13,2,14,178
14.0,13,2,15,179
14.0,13,3,0,168
14.0,13,3,1,169
14.0,13,3,2,170
14.0,13,3,3,170
14.0,13,3,4,171
14.0,13,3,5,172
14.0,13,3,6,173
14.0,13,3,7,174
14.0,13,3,8,174
14.0,13,3,9,175
14.0,13,3,10,176
14.0,13,3,11,177
14.0,13,3,12,178
14.0,13,3,13,178
14.0,13,3,14,179
14.0,13,3,15,180
14.0,13,4,0,169
14.0,13,4,1,170
14.0,13,4,2,171
14.0,13,4,3,171
14.0,13,4,4,172
14.0,13,4,5,173
14.0,13,4,6,174
14.0,13,4,7,175
14.0,13,4,8,175
14.0,13,4,9,176
14.0,13,4,10,177
14.0,13,4,11,178
14.0,13,4,12,179
14.0,13,4,13,179
14.0,13,4,14,180
14.0,13,4,15,181
14.0,13,5,0,170
14.0,13,5,1,171
14.0,13,5,2,172
14.0,13,5,3,172
14.0,13,5,4,173
14.0,13,5,5,174
14.0,13,5,6,175
14.0,13,5,7,176
14.0,13,5,8,176
14.0,13,5,9,177
14.0,13,5,10,178
14.0,13,5,11,179
14.0,13,5,12,180
14.0,13,5,13,180
14.0,13,5,14,181
14.0,13,5,15,182
14.0,13,6,0,171
14.0,13,6,1,172
14.0,13,6,2,173
14.0,13,6,3,173
14.0,13,6,4,174
14.0,13,6,5,175
14.0,13,6,6,176
14.0,13,6,7,177
14.0,13,6,8,177
14.0,13,6,9,178
14.0,13,6,10,179
14.0,13,6,11,180
14.0,13,6,12,181
14.0,13,6,13,181
14.0,13,6,14,182
14.0,13,6,15,183
14.0,13,7,0,172
14.0,13,7,1,173
14.0,13,7,2,174
14.0,13,7,3,174
14.0,13,7,4,175
14.0,13,7,5,176
14.0,13,7,6,177
14.0,13,7,7,178
14.0,13,7,8,178
14.0,13,7,9,179
14.0,13,7,10,180
14.0,13,7,11,181
14.0,13,7,12,182
14.0,13,7,13,183
14.0,13,7,14,183
14.0,13,7,15,184
14.0,13,8,0,173
14.0,13,8,1,174
14.0,13,8,2,175
14.0,13,8,3,175
14.0,13,8,4,176
14.0,13,8,5,177
14.0,13,8,6,178
14.0,13,8,7,179
14.0,13,8,8,179
14.0,13,8,9,180
14.0,13,8,10,181
14.0,13,8,11,182
14.0,13,8,12,183
14.0,13,8,13,184
14.0,13,8,14,184
14.0,13,8,15,185
14.0,13,9,0,174
14.0,13,9,1,175
14.0,13,9,2,175
14.0,13,9,3,176
14.0,13,9,4,177
14.0,13,9,5,178
14.0,13,9,6,179
14.0,13,9,7,180
14.0,13,9,8,180
14.0,13,9,9,181
14.0,13,9,10,182
14.0,13,9,11,183
14.0,13,9,12,184
14.0,13,9,13,185
14.0,13,9,14,185
14.0,13,9,15,186
14.0,13,10,0,175
14.0,13,10,1,176
14.0,13,10,2,176
14.0,13,10,3,177
14.0,13,10,4,178
14.0,13,10,5,179
14.0,13,10,6,180
14.0,13,10,7,181
14.0,13,10,8,181
14.0,13,10,9,182
14.0,13,10,10,183
14.0,13,10,11,184
14.0,13,10,12,185
14.0,13,10,13,186
14.0,13,10,14,186
14.0,13,10,15,187
14.0,13,11,0,176
14.0,13,11,1,177
14.0,13,11,2,177
14.0,13,11,3,178
14.0,13,11,4,179
14.0,13,11,5,180
14.0,13,11,6,181
14.0,13,11,7,182
14.0,13,11,8,182
14.0,13,11,9,183
14.0,13,11,10,184
14.0,13,11,11,185
14.0,13,11,12,186
14.0,13,11,13,187
14.0,13,11,14,187
14.0,13,11,15,188
14.0,13,12,0,177
14.0,13,12,1,177
14.0,13,12,2,178
14.0,13,12,3,179
14.0,13,12,4,180
14.0,13,12,5,181
14.0,13,12,6,182
14.0,13,12,7,183
14.0,13,12,8,183
14.0,13,12,9,184
14.0,13,12,10,185
14.0,13,12,11,186
14.0,13,12,12,187
14.0,13,12,13,188
14.0,13,12,14,188
14.0,13,12,15,189
14.0,13,13,0,178
14.0,13,13,1,178
14.0,13,13,2,179
14.0,13,13,3,180
14.0,13,13,4,181
14.0,13,13,5,182
14.0,13,13,6,183
14.0,13,13,7,184
14.0,13,13,8,184
14.0,13,13,9,185
14.0,13,13,10,186
14.0,13,13,11,187
14.0,13,13,12,188
14.0,13,13,13,189
14.0,13,13,14,189
14.0,13,13,15,190
14.0,13,14,0,178
14.0,13,14,1,179
14.0,13,14,2,180
14.0,13,14,3,181
14.0,13,14,4,182
14.0,13,14,5,183
14.0,13,14,6,184
14.0,13,14,7,184
14.0,13,14,8,185
14.0,13,14,9,186
14.0,13,14,10,187
14.0,13,14,11,188
14.0,13,14,12,189
14.0,13,14,13,190
14.0,13,14,14,190
14.0,13,14,15,191
14.0,13,15,0,179
14.0,13,15,1,180
14.0,13,15,2,181
14.0,13,15,3,182
14.0,13,15,4,183
14.0,13,15,5,184
14.0,13,15,6,185
14.0,13,15,7,185
14.0,13,15,8,186
14.0,13,15,9,187
14.0,13,15,10,188
14.0,13,15,11,189
14.0,13,15,12,190
14.0,13,15,13,190
14.0,13,15,14,191
14.0,13,15,15,192
14.0,14,0,0,167
14.0,14,0,1,168
14.0,14,0,2,169
14.0,14,0,3,170
14.0,14,0,4,171
14.0,14,0,5,171
14.0,14,0,6,172
14.0,14,0,7,173
14.0,14,0,8,174
14.0,14,0,9,175
14.0,14,0,10,175
14.0,14,0,11,176
14.0,14,0,12,177
14.0,14,0,13,178
14.0,14,0,14,178
14.0,14,0,15,179
14.0,14,1,0,168
14.0,14,1,1,169
14.0,14,1,2,170
14.0,14,1,3,171
14.0,14,1,4,172
14.0,14,1,5,172
14.0,14,1,6,173
14.0,14,1,7,174
14.0,14,1,8,175
14.0,14,1,9,176
14.0,14,1,10,176
14.0,14,1,11,177
14.0,14,1,12,178
14.0,14,1,13,179
14.0,14,1,14,180
14.0,14,1,15,180
14.0,14,2,0,169
14.0,14,2,1,170
14.0,14,2,2,171
14.0,14,2,3,172
14.0,14,2,4,173
14.0,14,2,5,173
14.0,14,2,6,174
14.0,14,2,7,175
14.0,14,2,8,176
14.0,14,2,9,177
14.0,14,2,10,177
14.0,14,2,11,178
14.0,14,2,12,179
14.0,14,2,13,180
14.0,14,2,14,181
14.0,14,2,15,181
14.0,14,3,0,170
14.0,14,3,1,171
14.0,14,3,2,172
14.0,14,3,3,173
14.0,14,3,4,174
14.0,14,3,5,174
14.0,14,3,6,175
14.0,14,3,7,176
14.0,14,3,8,177
14.0,14,3,9,178
14.0,14,3,10,179
14.0,14,3,11,179
14.0,14,3,12,180
14.0,14,3,13,181
14.0,14,3,14,182
14.0,14,3,15,182
14.0,14,4,0,171
14.0,14,4,1,172
14.0,14,4,2,173
14.0,14,4,3,174
14.0,14,4,4,175
14.0,14,4,5,175
14.0,14,4,6,176
14.0,14,4,7,177
14.0,14,4,8,178
14.0,14,4,9,179
14.0,14,4,10,180
14.0,14,4,11,180
14.0,14,4,12,181
14.0,14,4,13,182
14.0,14,4,14,183
14.0,14,4,15,184
14.0,14,5,0,172
14.0,14,5,1,173
14.0,14,5,2,174
14.0,14,5,3,175
14.0,14,5,4,176
14.0,14,5,5,176
14.0,14,5,6,177
14.0,14,5,7,178
14.0,14,5,8,179
14.0,14,5,9,180
14.0,14,5,10,181
14.0,14,5,11,181
14.0,14,5,12,182
14.0,14,5,13,183
14.0,14,5,14,184
14.0,14,5,15,185
14.0,14,6,0,173
14.0,14,6,1,174
14.0,14,6,2,175
14.0,14,6,3,176
14.0,14,6,4,177
14.0,14,6,5,177
14.0,14,6,6,178
14.0,14,6,7,179
14.0,14,6,8,180
14.0,14,6,9,181
14.0,14,6,10,182
14.0,14,6,11,182
14.0,14,6,12,183
14.0,14,6,13,184
14.0,14,6,14,185
14.0,14,6,15,186
14.0,14,7,0,174
14.0,14,7,1,175
14.0,14,7,2,176
14.0,14,7,3,177
14.0,14,7,4,178
14.0,14,7,5,178
14.0,14,7,6,179
14.0,14,7,7,180
14.0,14,7,8,181
14.0,14,7,9,182
14.0,14,7,10,183
14.0,14,7,11,183
14.0,14,7,12,184
14.0,14,7,13,185
14.0,14,7,14,186
14.0,14,7,15,187
14.0,14,8,0,175
14.0,14,8,1,176
14.0,14,8,2,177
14.0,14,8,3,178
14.0,14,8,4,179
14.0,14,8,5,179
14.0,14,8,6,180
14.0,14,8,7,181
14.0,14,8,8,182
14.0,14,8,9,183
14.0,14,8,10,184
14.0,14,8,11,184
14.0,14,8,12,185
14.0,14,8,13,186
14.0,14,8,14,187
14.0,14,8,15,188
14.0,14,9,0,176
14.0,14,9,1,177
14.0,14,9,2,178
14.0,14,9,3,179
14.0,14,9,4,180
14.0,14,9,5,180
14.0,14,9,6,181
14.0,14,9,7,182
14.0,14,9,8,183
14.0,14,9,9,184
14.0,14,9,10,185
14.0,14,9,11,185
14.0,14,9,12,186
14.0,14,9,13,187
14.0,14,9,14,188
14.0,14,9,15,189
14.0,14,10,0,177
14.0,14,10,1,178
14.0,14,10,2,179
14.0,14,10,3,180
14.0,14,10,4,181
14.0,14,10,5,181
14.0,14,10,6,182
14.0,14,10,7,183
14.0,14,10,8,184
14.0,14,10,9,185
14.0,14,10,10,186
14.0,14,10,11,186
14.0,14,10,12,187
14.0,14,10,13,188
14.0,14,10,14,189
14.0,14,10,15,190
14.0,14,11,0,178
14.0,14,11,1,179
14.0,14,11,2,180
14.0,14,11,3,181
14.0,14,11,4,182
14.0,14,11,5,182
14.0,14,11,6,183
14.0,14,11,7,184
14.0,14,11,8,185
14.0,14,11,9,186
14.0,14,11,10,187
14.0,14,11,11,187
14.0,14,11,12,188
14.0,14,11,13,189
14.0,14,11,14,190
14.0,14,11,15,191
14.0,14,12,0,179
14.0,14,12,1,180
14.0,14,12,2,181
14.0,14,12,3,182
14.0,14,12,4,183
14.0,14,12,5,183
14.0,14,12,6,184
14.0,14,12,7,185
14.0,14,12,8,186
14.0,14,12,9,187
14.0,14,12,10,188
14.0,14,12,11,188
14.0,14,12,12,189
14.0,14,12,13,190
14.0,14,12,14,191
14.0,14,12,15,192
14.0,14,13,0,180
14.0,14,13,1,181
14.0,14,13,2,182
14.0,14,13,3,183
14.0,14,13,4,183
14.0,14,13,5,184
14.0,14,13,6,185
14.0,14,13,7,186
14.0,14,13,8,187
14.0,14,13,9,188
14.0,14,13,10,189
14.0,14,13,11,189
14.0,14,13,12,190
14.0,14,13,13,191
14.0,14,13,14,192
14.0,14,13,15,193
14.0,14,14,0,181
14.0,14,14,1,182
14.0,14,14,2,183
14.0,14,14,3,184
14.0,14,14,4,184
14.0,14,14,5,185
14.0,14,14,6,186
14.0,14,14,7,187
14.0,14,14,8,188
14.0,14,14,9,189
14.0,14,14,10,190
14.0,14,14,11,190
14.0,14,14,12,191
14.0,14,14,13,192
14.0,14,14,14,193
14.0,14,14,15,194
14.0,14,15,0,182
14.0,14,15,1,183
14.0,14,15,2,184
14.0,14,15,3,185
14.0,14,15,4,185
14.0,14,15,5,186
14.0,14,15,6,187
14.0,14,15,7,188
14.0,14,15,8,189
14.0,14,15,9,190
14.0,14,15,10,191
14.0,14,15,11,191
14.0,14,15,12,192
14.0,14,15,13,193
14.0,14,15,14,194
14.0,14,15,15,195
14.0,15,0,0,170
14.0,15,0,1,170
14.0,15,0,2,171
14.0,15,0,3,172
14.0,15,0,4,173
14.0,15,0,5,174
14.0,15,0,6,175
14.0,15,0,7,175
14.0,15,0,8,176
14.0,15,0,9,177
14.0,15,0,10,178
14.0,15,0,11,179
14.0,15,0,12,179
14.0,15,0,13,180
14.0,15,0,14,181
14.0,15,0,15,182
14.0,15,1,0,171
14.0,15,1,1,171
14.0,15,1,2,172
14.0,15,1,3,173
14.0,15,1,4,174
14.0,15,1,5,175
14.0,15,1,6,176
14.0,15,1,7,176
14.0,15,1,8,177
14.0,15,1,9,178
14.0,15,1,10,179
14.0,15,1,11,180
14.0,15,1,12,180
14.0,15,1,13,181
14.0,15,1,14,182
14.0,15,1,15,183
14.0,15,2,0,172
14.0,15,2,1,173
14.0,15,2,2,173
14.0,15,2,3,174
14.0,15,2,4,175
14.0,15,2,5,176
14.0,15,2,6,177
14.0,15,2,7,177
14.0,15,2,8,178
14.0,15,2,9,179
14.0,15,2,10,180
14.0,15,2,11,181
14.0,15,2,12,182
14.0,15,2,13,182
14.0,15,2,14,183
14.0,15,2,15,184
14.0,15,3,0,173
14.0,15,3,1,174
14.0,15,3,2,174
14.0,15,3,3,175
14.0,15,3,4,176
14.0,15,3,5,177
14.0,15,3,6,178
14.0,15,3,7,179
14.0,15,3,8,179
14.0,15,3,9,180
14.0,15,3,10,181
14.0,15,3,11,182
14.0,15,3,12,183
14.0,15,3,13,183
14.0,15,3,14,184
14.0,15,3,15,185
14.0,15,4,0,174
14.0,15,4,1,175
14.0,15,4,2,175
14.0,15,4,3,176
14.0,15,4,4,177
14.0,15,4,5,178
14.0,15,4,6,179
14.0,15,4,7,180
14.0,15,4,8,180
14.0,15,4,9,181
14.0,15,4,10,182
14.0,15,4,11,183
14.0,15,4,12,184
14.0,15,4,13,184
14.0,15,4,14,185
14.0,15,4,15,186
14.0,15,5,0,175
14.0,15,5,1,176
14.0,15,5,2,176
14.0,15,5,3,177
14.0,15,5,4,178
14.0,15,5,5,179
14.0,15,5,6,180
14.0,15,5,7,181
14.0,15,5,8,181
14.0,15,5,9,182
14.0,15,5,10,183
14.0,15,5,11,184
14.0,15,5,12,185
14.0,15,5,13,186
14.0,15,5,14,186
14.0,15,5,15,187
14.0,15,6,0,176
14.0,15,6,1,177
14.0,15,6,2,177
14.0,15,6,3,178
14.0,15,6,4,179
14.0,15,6,5,180
14.0,15,6,6,181
14.0,15,6,7,182
14.0,15,6,8,182
14.0,15,6,9,183
14.0,15,6,10,184
14.0,15,6,11,185
14.0,15,6,12,186
14.0,15,6,13,187
14.0,15,6,14,187
14.0,15,6,15,188
14.0,15,7,0,177
14.0,15,7,1,178
14.0,15,7,2,178
14.0,15,7,3,179
14.0,15,7,4,180
14.0,15,7,5,181
14.0,15,7,6,182
14.0,15,7,7,183
14.0,15,7,8,183
14.0,15,7,9,184
14.0,15,7,10,185
14.0,15,7,11,186
14.0,15,7,12,187
14.0,15,7,13,188
14.0,15,7,14,188
14.0,15,7,15,189
14.0,15,8,0,178
14.0,15,8,1,179
14.0,15,8,2,179
14.0,15,8,3,180
14.0,15,8,4,181
14.0,15,8,5,182
14.0,15,8,6,183
14.0,15,8,7,184
14.0,15,8,8,184
14.0,15,8,9,185
14.0,15,8,10,186
14.0,15,8,11,187
14.0,15,8,12,188
14.0,15,8,13,189
14.0,15,8,14,189
14.0,15,8,15,190
14.0,15,9,0,179
14.0,15,9,1,179
14.0,15,9,2,180
14.0,15,9,3,181
14.0,15,9,4,182
14.0,15,9,5,183
14.0,15,9,6,184
14.0,15,9,7,185
14.0,15,9,8,186
14.0,15,9,9,186
14.0,15,9,10,187
14.0,15,9,11,188
14.0,15,9,12,189
14.0,15,9,13,190
14.0,15,9,14,191
14.0,15,9,15,191
14.0,15,10,0,180
14.0,15,10,1,180
14.0,15,10,2,181
14.0,15,10,3,182
14.0,15,10,4,183
14.0,15,10,5,184
14.0,15,10,6,185
14.0,15,10,7,186
14.0,15,10,8,187
14.0,15,10,9,187
14.0,15,10,10,188
14.0,15,10,11,189
14.0,15,10,12,190
14.0,15,10,13,191
14.0,15,10,14,192
14.0,15,10,15,192
14.0,15,11,0,181
14.0,15,11,1,181
14.0,15,11,2,182
14.0,15,11,3,183
14.0,15,11,4,184
14.0,15,11,5,185
14.0,15,11,6,186
14.0,15,11,7,187
14.0,15,11,8,188
14.0,15,11,9,188
14.0,15,11,10,189
14.0,15,11,11,190
14.0,15,11,12,191
14.0,15,11,13,192
14.0,15,11,14,193
14.0,15,11,15,193
14.0,15,12,0,182
14.0,15,12,1,182
14.0,15,12,2,183
14.0,15,12,3,184
14.0,15,12,4,185
14.0,15,12,5,186
14.0,15,12,6,187
14.0,15,12,7,188
14.0,15,12,8,189
14.0,15,12,9,189
14.0,15,12,10,190
14.0,15,12,11,191
14.0,15,12,12,192
14.0,15,12,13,193
14.0,15,12,14,194
14.0,15,12,15,194
14.0,15,13,0,182
14.0,15,13,1,183
14.0,15,13,2,184
14.0,15,13,3,185
14.0,15,13,4,186
14.0,15,13,5,187
14.0,15,13,6,188
14.0,15,13,7,189
14.0,15,13,8,190
14.0,15,13,9,190
14.0,15,13,10,191
14.0,15,13,11,192
14.0,15,13,12,193
14.0,15,13,13,194
14.0,15,13,14,195
14.0,15,13,15,195
14.0,15,14,0,183
14.0,15,14,1,184
14.0,15,14,2,185
14.0,15,14,3,186
14.0,15,14,4,187
14.0,15,14,5,188
14.0,15,14,6,189
14.0,15,14,7,190
14.0,15,14,8,190
14.0,15,14,9,191
14.0,15,14,10,192
14.0,15,14,11,193
14.0,15,14,12,194
14.0,15,14,13,195
14.0,15,14,14,196
14.0,15,14,15,196
14.0,15,15,0,184
14.0,15,15,1,185
14.0,15,15,2,186
14.0,15,15,3,187
14.0,15,15,4,188
14.0,15,15,5,189
14.0,15,15,6,190
14.0,15,15,7,191
14.0,15,15,8,191
14.0,15,15,9,192
14.0,15,15,10,193
14.0,15,15,11,194
14.0,15,15,12,195
14.0,15,15,13,196
14.0,15,15,14,197
14.0,15,15,15,197
14.5,0,0,0,140
14.5,0,0,1,141
14.5,0,0,2,141
14.5,0,0,3,142
14.5,0,0,4,143
14.5,0,0,5,143
14.5,0,0,6,144
14.5,0,0,7,145
14.5,0,0,8,145
14.5,0,0,9,146
14.5,0,0,10,147
14.5,0,0,11,147
14.5,0,0,12,148
14.5,0,0,13,149
14.5,0,0,14,149
14.5,0,0,15,150
14.5,0,1,0,141
14.5,0,1,1,142
14.5,0,1,2,142
14.5,0,1,3,143
14.5,0,1,4,144
14.5,0,1,5,144
14.5,0,1,6,145
14.5,0,1,7,146
14.5,0,1,8,146
14.5,0,1,9,147
14.5,0,1,10,148
14.5,0,1,11,148
14.5,0,1,12,149
14.5,0,1,13,150
14.5,0,1,14,150
14.5,0,1,15,151
14.5,0,2,0,142
14.5,0,2,1,142
14.5,0,2,2,143
14.5,0,2,3,144
14.5,0,2,4,144
14.5,0,2,5,145
14.5,0,2,6,146
14.5,0,2,7,146
14.5,0,2,8,147
14.5,0,2,9,148
14.5,0,2,10,148
14.5,0,2,11,149
14.5,0,2,12,150
14.5,0,2,13,150
14.5,0,2,14,151
14.5,0,2,15,152
14.5,0,3,0,142
14.5,0,3,1,143
14.5,0,3,2,144
14.5,0,3,3,145
14.5,0,3,4,145
14.5,0,3,5,146
14.5,0,3,6,147
14.5,0,3,7,147
14.5,0,3,8,148
14.5,0,3,9,149
14.5,0,3,10,149
14.5,0,3,11,150
14.5,0,3,12,151
14.5,0,3,13,151
14.5,0,3,14,152
14.5,0,3,15,153
14.5,0,4,0,143
14.5,0,4,1,144
14.5,0,4,2,145
14.5,0,4,3,145
14.5,0,4,4,146
14.5,0,4,5,147
14.5,0,4,6,147
14.5,0,4,7,148
14.5,0,4,8,149
14.5,0,4,9,150
14.5,0,4,10,150
14.5,0,4,11,151
14.5,0,4,12,152
14.5,0,4,13,152
14.5,0,4,14,153
14.5,0,4,15,154
14.5,0,5,0,144
14.5,0,5,1,145
14.5,0,5,2,146
14.5,0,5,3,146
14.5,0,5,4,147
14.5,0,5,5,148
14.5,0,5,6,148
14.5,0,5,7,149
14.5,0,5,8,150
14.5,0,5,9,150
14.5,0,5,10,151
14.5,0,5,11,152
14.5,0,5,12,152
14.5,0,5,13,153
14.5,0,5,14,154
14.5,0,5,15,154
14.5,0,6,0,145
14.5,0,6,1,146
14.5,0,6,2,146
14.5,0,6,3,147
14.5,0,6,4,148
14.5,0,6,5,148
14.5,0,6,6,149
14.5,0,6,7,150
14.5,0,6,8,151
14.5,0,6,9,151
14.5,0,6,10,152
14.5,0,6,11,153
14.5,0,6,12,153
14.5,0,6,13,154
14.5,0,6,14,155
14.5,0,6,15,155
14.5,0,7,0,146
14.5,0,7,1,147
14.5,0,7,2,147
14.5,0,7,3,148
14.5,0,7,4,149
14.5,0,7,5,149
14.5,0,7,6,150
14.5,0,7,7,151
14.5,0,7,8,151
14.5,0,7,9,152
14.5,0,7,10,153
14.5,0,7,11,153
14.5,0,7,12,154
14.5,0,7,13,155
14.5,0,7,14,156
14.5,0,7,15,156
14.5,0,8,0,147
14.5,0,8,1,147
14.5,0,8,2,148
14.5,0,8,3,149
14.5,0,8,4,149
14.5,0,8,5,150
14.5,0,8,6,151
14.5,0,8,7,152
14.5,0,8,8,152
14.5,0,8,9,153
14.5,0,8,10,154
14.5,0,8,11,154
14.5,0,8,12,155
14.5,0,8,13,156
14.5,0,8,14,156
14.5,0,8,15,157
14.5,0,9,0,147
14.5,0,9,1,148
14.5,0,9,2,149
14.5,0,9,3,150
14.5,0,9,4,150
14.5,0,9,5,151
14.5,0,9,6,152
14.5,0,9,7,152
14.5,0,9,8,153
14.5,0,9,9,154
14.5,0,9,10,154
14.5,0,9,11,155
14.5,0,9,12,156
14.5,0,9,13,157
14.5,0,9,14,157
14.5,0,9,15,158
14.5,0,10,0,148
14.5,0,10,1,149
14.5,0,10,2,150
14.5,0,10,3,150
14.5,0,10,4,151
14.5,0,10,5,152
14.5,0,10,6,153
14.5,0,10,7,153
14.5,0,10,8,154
14.5,0,10,9,155
14.5,0,10,10,155
14.5,0,10,11,156
14.5,0,10,12,157
14.5,0,10,13,157
14.5,0,10,14,158
14.5,0,10,15,159
14.5,0,11,0,149
14.5,0,11,1,150
14.5,0,11,2,150
14.5,0,11,3,151
14.5,0,11,4,152
14.5,0,11,5,153
14.5,0,11,6,153
14.5,0,11,7,154
14.5,0,11,8,155
14.5,0,11,9,155
14.5,0,11,10,156
14.5,0,11,11,157
14.5,0,11,12,158
14.5,0,11,13,158
14.5,0,11,14,159
14.5,0,11,15,160
14.5,0,12,0,150
14.5,0,12,1,151
14.5,0,12,2,151
14.5,0,12,3,152
14.5,0,12,4,153
14.5,0,12,5,153
14.5,0,12,6,154
14.5,0,12,7,155
14.5,0,12,8,156
14.5,0,12,9,156
14.5,0,12,10,157
14.5,0,12,11,158
14.5,0,12,12,158
14.5,0,12,13,159
14.5,0,12,14,160
14.5,0,12,15,160
14.5,0,13,0,151
14.5,0,13,1,151
14.5,0,13,2,152
14.5,0,13,3,153
14.5,0,13,4,154
14.5,0,13,5,154
14.5,0,13,6,155
14.5,0,13,7,156
14.5,0,13,8,156
14.5,0,13,9,157
14.5,0,13,10,158
14.5,0,13,11,159
14.5,0,13,12,159
14.5,0,13,13,160
14.5,0,13,14,161
14.5,0,13,15,161
14.5,0,14,0,151
14.5,0,14,1,152
14.5,0,14,2,153
14.5,0,14,3,154
14.5,0,14,4,154
14.5,0,14,5,155
14.5,0,14,6,156
14.5,0,14,7,156
14.5,0,14,8,157
14.5,0,14,9,158
14.5,0,14,10,159
14.5,0,14,11,159
14.5,0,14,12,160
14.5,0,14,13,161
14.5,0,14,14,161
14.5,0,14,15,162
14.5,0,15,0,152
14.5,0,15,1,153
14.5,0,15,2,154
14.5,0,15,3,154
14.5,0,15,4,155
14.5,0,15,5,156
14.5,0,15,6,157
14.5,0,15,7,157
14.5,0,15,8,158
14.5,0,15,9,159
14.5,0,15,10,159
14.5,0,15,11,160
14.5,0,15,12,161
14.5,0,15,13,162
14.5,0,15,14,162
14.5,0,15,15,163
14.5,1,0,0,142
14.5,1,0,1,143
14.5,1,0,2,144
14.5,1,0,3,144
14.5,1,0,4,145
14.5,1,0,5,146
14.5,1,0,6,147
14.5,1,0,7,147
14.5,1,0,8,148
14.5,1,0,9,149
14.5,1,0,10,149
14.5,1,0,11,150
14.5,1,0,12,151
14.5,1,0,13,151
14.5,1,0,14,152
14.5,1,0,15,153
14.5,1,1,0,143
14.5,1,1,1,144
14.5,1,1,2,145
14.5,1,1,3,145
14.5,1,1,4,146
14.5,1,1,5,147
14.5,1,1,6,147
14.5,1,1,7,148
14.5,1,1,8,149
14.5,1,1,9,149
14.5,1,1,10,150
14.5,1,1,11,151
14.5,1,1,12,151
14.5,1,1,13,152
14.5,1,1,14,153
14.5,1,1,15,153
14.5,1,2,0,144
14.5,1,2,1,145
14.5,1,2,2,145
14.5,1,2,3,146
14.5,1,2,4,147
14.5,1,2,5,148
14.5,1,2,6,148
14.5,1,2,7,149
14.5,1,2,8,150
14.5,1,2,9,150
14.5,1,2,10,151
14.5,1,2,11,152
14.5,1,2,12,152
14.5,1,2,13,153
14.5,1,2,14,154
14.5,1,2,15,154
14.5,1,3,0,145
14.5,1,3,1,146
14.5,1,3,2,146
14.5,1,3,3,147
14.5,1,3,4,148
14.5,1,3,5,148
14.5,1,3,6,149
14.5,1,3,7,150
14.5,1,3,8,151
14.5,1,3,9,151
14.5,1,3,10,152
14.5,1,3,11,153
14.5,1,3,12,153
14.5,1,3,13,154
14.5,1,3,14,155
14.5,1,3,15,155
14.5,1,4,0,146
14.5,1,4,1,146
14.5,1,4,2,147
14.5,1,4,3,148
14.5,1,4,4,149
14.5,1,4,5,149
14.5,1,4,6,150
14.5,1,4,7,151
14.5,1,4,8,151
14.5,1,4,9,152
14.5,1,4,10,153
14.5,1,4,11,153
14.5,1,4,12,154
14.5,1,4,13,155
14.5,1,4,14,155
14.5,1,4,15,156
14.5,1,5,0,147
14.5,1,5,1,147
14.5,1,5,2,148
14.5,1,5,3,149
14.5,1,5,4,149
14.5,1,5,5,150
14.5,1,5,6,151
14.5,1,5,7,152
14.5,1,5,8,152
14.5,1,5,9,153
14.5,1,5,10,154
14.5,1,5,11,154
14.5,1,5,12,155
14.5,1,5,13,156
14.5,1,5,14,156
14.5,1,5,15,157
14.5,1,6,0,147
14.5,1,6,1,148
14.5,1,6,2,149
14.5,1,6,3,150
14.5,1,6,4,150
14.5,1,6,5,151
14.5,1,6,6,152
14.5,1,6,7,152
14.5,1,6,8,153
14.5,1,6,9,154
14.5,1,6,10,155
14.5,1,6,11,155
14.5,1,6,12,156
14.5,1,6,13,157
14.5,1,6,14,157
14.5,1,6,15,158
14.5,1,7,0,148
14.5,1,7,1,149
14.5,1,7,2,150
14.5,1,7,3,150
14.5,1,7,4,151
14.5,1,7,5,152
14.5,1,7,6,153
14.5,1,7,7,153
14.5,1,7,8,154
14.5,1,7,9,155
14.5,1,7,10,155
14.5,1,7,11,156
14.5,1,7,12,157
14.5,1,7,13,157
14.5,1,7,14,158
14.5,1,7,15,159
14.5,1,8,0,149
14.5,1,8,1,150
14.5,1,8,2,151
14.5,1,8,3,151
14.5,1,8,4,152
14.5,1,8,5,153
14.5,1,8,6,153
14.5,1,8,7,154
14.5,1,8,8,155
14.5,1,8,9,156
14.5,1,8,10,156
14.5,1,8,11,157
14.5,1,8,12,158
14.5,1,8,13,158
14.5,1,8,14,159
14.5,1,8,15,160
14.5,1,9,0,150
14.5,1,9,1,151
14.5,1,9,2,151
14.5,1,9,3,152
14.5,1,9,4,153
14.5,1,9,5,154
14.5,1,9,6,154
14.5,1,9,7,155
14.5,1,9,8,156
14.5,1,9,9,156
14.5,1,9,10,157
14.5,1,9,11,158
14.5,1,9,12,159
14.5,1,9,13,159
14.5,1,9,14,160
14.5,1,9,15,161
14.5,1,10,0,151
14.5,1,10,1,151
14.5,1,10,2,152
14.5,1,10,3,153
14.5,1,10,4,154
14.5,1,10,5,154
14.5,1,10,6,155
14.5,1,10,7,156
14.5,1,10,8,157
14.5,1,10,9,157
14.5,1,10,10,158
14.5,1,10,11,159
14.5,1,10,12,159
14.5,1,10,13,160
14.5,1,10,14,161
14.5,1,10,15,161
14.5,1,11,0,152
14.5,1,11,1,152
14.5,1,11,2,153
14.5,1,11,3,154
14.5,1,11,4,154
14.5,1,11,5,155
14.5,1,11,6,156
14.5,1,11,7,157
14.5,1,11,8,157
14.5,1,11,9,158
14.5,1,11,10,159
14.5,1,11,11,160
14.5,1,11,12,160
14.5,1,11,13,161
14.5,1,11,14,162
14.5,1,11,15,162
14.5,1,12,0,152
14.5,1,12,1,153
14.5,1,12,2,154
14.5,1,12,3,155
14.5,1,12,4,155
14.5,1,12,5,156
14.5,1,12,6,157
14.5,1,12,7,157
14.5,1,12,8,158
14.5,1,12,9,159
14.5,1,12,10,160
14.5,1,12,11,160
14.5,1,12,12,161
14.5,1,12,13,162
14.5,1,12,14,162
14.5,1,12,15,163
14.5,1,13,0,153
14.5,1,13,1,154
14.5,1,13,2,155
14.5,1,13,3,155
14.5,1,13,4,156
14.5,1,13,5,157
14.5,1,13,6,158
14.5,1,13,7,158
14.5,1,13,8,159
14.5,1,13,9,160
14.5,1,13,10,160
14.5,1,13,11,161
14.5,1,13,12,162
14.5,1,13,13,163
14.5,1,13,14,163
14.5,1,13,15,164
14.5,1,14,0,154
14.5,1,14,1,155
14.5,1,14,2,155
14.5,1,14,3,156
14.5,1,14,4,157
14.5,1,14,5,158
14.5,1,14,6,158
14.5,1,14,7,159
14.5,1,14,8,160
14.5,1,14,9,161
14.5,1,14,10,161
14.5,1,14,11,162
14.5,1,14,12,163
14.5,1,14,13,163
14.5,1,14,14,164
14.5,1,14,15,165
14.5,1,15,0,155
14.5,1,15,1,155
14.5,1,15,2,156
14.5,1,15,3,157
14.5,1,15,4,158
14.5,1,15,5,158
14.5,1,15,6,159
14.5,1,15,7,160
14.5,1,15,8,161
14.5,1,15,9,161
14.5,1,15,10,162
14.5,1,15,11,163
14.5,1,15,12,164
14.5,1,15,13,164
14.5,1,15,14,165
14.5,1,15,15,166
14.5,2,0,0,145
14.5,2,0,1,145
14.5,2,0,2,146
14.5,2,0,3,147
14.5,2,0,4,148
14.5,2,0,5,148
14.5,2,0,6,149
14.5,2,0,7,150
14.5,2,0,8,150
14.5,2,0,9,151
14.5,2,0,10,152
14.5,2,0,11,152
14.5,2,0,12,153
14.5,2,0,13,154
14.5,2,0,14,154
14.5,2,0,15,155
14.5,2,1,0,146
14.5,2,1,1,146
14.5,2,1,2,147
14.5,2,1,3,148
14.5,2,1,4,148
14.5,2,1,5,149
14.5,2,1,6,150
14.5,2,1,7,151
14.5,2,1,8,151
14.5,2,1,9,152
14.5,2,1,10,153
14.5,2,1,11,153
14.5,2,1,12,154
14.5,2,1,13,155
14.5,2,1,14,155
14.5,2,1,15,156
14.5,2,2,0,146
14.5,2,2,1,147
14.5,2,2,2,148
14.5,2,2,3,149
14.5,2,2,4,149
14.5,2,2,5,150
14.5,2,2,6,151
14.5,2,2,7,151
14.5,2,2,8,152
14.5,2,2,9,153
14.5,2,2,10,154
14.5,2,2,11,154
14.5,2,2,12,155
14.5,2,2,13,156
14.5,2,2,14,156
14.5,2,2,15,157
14.5,2,3,0,147
14.5,2,3,1,148
14.5,2,3,2,149
14.5,2,3,3,150
14.5,2,3,4,150
14.5,2,3,5,151
14.5,2,3,6,152
14.5,2,3,7,152
14.5,2,3,8,153
14.5,2,3,9,154
14.5,2,3,10,154
14.5,2,3,11,155
14.5,2,3,12,156
14.5,2,3,13,156
14.5,2,3,14,157
14.5,2,3,15,158
14.5,2,4,0,148
14.5,2,4,1,149
14.5,2,4,2,150
14.5,2,4,3,150
14.5,2,4,4,151
14.5,2,4,5,152
14.5,2,4,6,153
14.5,2,4,7,153
14.5,2,4,8,154
14.5,2,4,9,155
14.5,2,4,10,155
14.5,2,4,11,156
14.5,2,4,12,157
14.5,2,4,13,157
14.5,2,4,14,158
14.5,2,4,15,159
14.5,2,5,0,149
14.5,2,5,1,150
14.5,2,5,2,151
14.5,2,5,3,151
14.5,2,5,4,152
14.5,2,5,5,153
14.5,2,5,6,153
14.5,2,5,7,154
14.5,2,5,8,155
14.5,2,5,9,156
14.5,2,5,10,156
14.5,2,5,11,157
14.5,2,5,12,158
14.5,2,5,13,158
14.5,2,5,14,159
14.5,2,5,15,160
14.5,2,6,0,150
14.5,2,6,1,151
14.5,2,6,2,151
14.5,2,6,3,152
14.5,2,6,4,153
14.5,2,6,5,154
14.5,2,6,6,154
14.5,2,6,7,155
14.5,2,6,8,156
14.5,2,6,9,156
14.5,2,6,10,157
14.5,2,6,11,158
14.5,2,6,12,159
14.5,2,6,13,159
14.5,2,6,14,160
14.5,2,6,15,161
14.5,2,7,0,151
14.5,2,7,1,151
14.5,2,7,2,152
14.5,2,7,3,153
14.5,2,7,4,154
14.5,2,7,5,154
14.5,2,7,6,155
14.5,2,7,7,156
14.5,2,7,8,157
14.5,2,7,9,157
14.5,2,7,10,158
14.5,2,7,11,159
14.5,2,7,12,159
14.5,2,7,13,160
14.5,2,7,14,161
14.5,2,7,15,161
14.5,2,8,0,152
14.5,2,8,1,152
14.5,2,8,2,153
14.5,2,8,3,154
14.5,2,8,4,155
14.5,2,8,5,155
14.5,2,8,6,156
14.5,2,8,7,157
14.5,2,8,8,157
14.5,2,8,9,158
14.5,2,8,10,159
14.5,2,8,11,160
14.5,2,8,12,160
14.5,2,8,13,161
14.5,2,8,14,162
14.5,2,8,15,162
14.5,2,9,0,152
14.5,2,9,1,153
14.5,2,9,2,154
14.5,2,9,3,155
14.5,2,9,4,155
14.5,2,9,5,156
14.5,2,9,6,157
14.5,2,9,7,158
14.5,2,9,8,158
14.5,2,9,9,159
14.5,2,9,10,160
14.5,2,9,11,160
14.5,2,9,12,161
14.5,2,9,13,162
14.5,2,9,14,163
14.5,2,9,15,163
14.5,2,10,0,153
14.5,2,10,1,154
14.5,2,10,2,155
14.5,2,10,3,155
14.5,2,10,4,156
14.5,2,10,5,157
14.5,2,10,6,158
14.5,2,10,7,158
14.5,2,10,8,159
14.5,2,10,9,160
14.5,2,10,10,161
14.5,2,10,11,161
14.5,2,10,12,162
14.5,2,10,13,163
14.5,2,10,14,163
14.5,2,10,15,164
14.5,2,11,0,154
14.5,2,11,1,155
14.5,2,11,2,156
14.5,2,11,3,156
14.5,2,11,4,157
14.5,2,11,5,158
14.5,2,11,6,159
14.5,2,11,7,159
14.5,2,11,8,160
14.5,2,11,9,161
14.5,2,11,10,161
14.5,2,11,11,162
14.5,2,11,12,163
14.5,2,11,13,164
14.5,2,11,14,164
14.5,2,11,15,165
14.5,2,12,0,155
14.5,2,12,1,156
14.5,2,12,2,156
14.5,2,12,3,157
14.5,2,12,4,158
14.5,2,12,5,159
14.5,2,12,6,159
14.5,2,12,7,160
14.5,2,12,8,161
14.5,2,12,9,162
14.5,2,12,10,162
14.5,2,12,11,163
14.5,2,12,12,164
14.5,2,12,13,164
14.5,2,12,14,165
14.5,2,12,15,166
14.5,2,13,0,156
14.5,2,13,1,156
14.5,2,13,2,157
14.5,2,13,3,158
14.5,2,13,4,159
14.5,2,13,5,159
14.5,2,13,6,160
14.5,2,13,7,161
14.5,2,13,8,162
14.5,2,13,9,162
14.5,2,13,10,163
14.5,2,13,11,164
14.5,2,13,12,165
14.5,2,13,13,165
14.5,2,13,14,166
14.5,2,13,15,167
14.5,2,14,0,157
14.5,2,14,1,157
14.5,2,14,2,158
14.5,2,14,3,159
14.5,2,14,4,160
14.5,2,14,5,160
14.5,2,14,6,161
14.5,2,14,7,162
14.5,2,14,8,163
14.5,2,14,9,163
14.5,2,14,10,164
14.5,2,14,11,165
14.5,2,14,12,165
14.5,2,14,13,166
14.5,2,14,14,167
14.5,2,14,15,168
14.5,2,15,0,157
14.5,2,15,1,158
14.5,2,15,2,159
14.5,2,15,3,160
14.5,2,15,4,160
14.5,2,15,5,161
14.5,2,15,6,162
14.5,2,15,7,163
14.5,2,15,8,163
14.5,2,15,9,164
14.5,2,15,10,165
14.5,2,15,11,166
14.5,2,15,12,166
14.5,2,15,13,167
14.5,2,15,14,168
14.5,2,15,15,169
14.5,3,0,0,147
14.5,3,0,1,148
14.5,3,0,2,149
14.5,3,0,3,149
14.5,3,0,4,150
14.5,3,0,5,151
14.5,3,0,6,151
14.5,3,0,7,152
14.5,3,0,8,153
14.5,3,0,9,153
14.5,3,0,10,154
14.5,3,0,11,155
14.5,3,0,12,156
14.5,3,0,13,156
14.5,3,0,14,157
14.5,3,0,15,158
14.5,3,1,0,148
14.5,3,1,1,149
14.5,3,1,2,149
14.5,3,1,3,150
14.5,3,1,4,151
14.5,3,1,5,152
14.5,3,1,6,152
14.5,3,1,7,153
14.5,3,1,8,154
14.5,3,1,9,154
14.5,3,1,10,155
14.5,3,1,11,156
14.5,3,1,12,157
14.5,3,1,13,157
14.5,3,1,14,158
14.5,3,1,15,159
14.5,3,2,0,149
14.5,3,2,1,150
14.5,3,2,2,150
14.5,3,2,3,151
14.5,3,2,4,152
14.5,3,2,5,153
14.5,3,2,6,153
14.5,3,2,7,154
14.5,3,2,8,155
14.5,3,2,9,155
14.5,3,2,10,156
14.5,3,2,11,157
14.5,3,2,12,157
14.5,3,2,13,158
14.5,3,2,14,159
14.5,3,2,15,160
14.5,3,3,0,150
14.5,3,3,1,151
14.5,3,3,2,151
14.5,3,3,3,152
14.5,3,3,4,153
14.5,3,3,5,153
14.5,3,3,6,154
14.5,3,3,7,155
14.5,3,3,8,156
14.5,3,3,9,156
14.5,3,3,10,157
14.5,3,3,11,158
14.5,3,3,12,158
14.5,3,3,13,159
14.5,3,3,14,160
14.5,3,3,15,160
14.5,3,4,0,151
14.5,3,4,1,151
14.5,3,4,2,152
14.5,3,4,3,153
14.5,3,4,4,154
14.5,3,4,5,154
14.5,3,4,6,155
14.5,3,4,7,156
14.5,3,4,8,156
14.5,3,4,9,157
14.5,3,4,10,158
14.5,3,4,11,159
14.5,3,4,12,159
14.5,3,4,13,160
14.5,3,4,14,161
14.5,3,4,15,161
14.5,3,5,0,152
14.5,3,5,1,152
14.5,3,5,2,153
14.5,3,5,3,154
14.5,3,5,4,154
14.5,3,5,5,155
14.5,3,5,6,156
14.5,3,5,7,157
14.5,3,5,8,157
14.5,3,5,9,158
14.5,3,5,10,159
14.5,3,5,11,159
14.5,3,5,12,160
14.5,3,5,13,161
14.5,3,5,14,162
14.5,3,5,15,162
14.5,3,6,0,152
14.5,3,6,1,153
14.5,3,6,2,154
14.5,3,6,3,155
14.5,3,6,4,155
14.5,3,6,5,156
14.5,3,6,6,157
14.5,3,6,7,158
14.5,3,6,8,158
14.5,3,6,9,159
14.5,3,6,10,160
14.5,3,6,11,160
14.5,3,6,12,161
14.5,3,6,13,162
14.5,3,6,14,163
14.5,3,6,15,163
14.5,3,7,0,153
14.5,3,7,1,154
14.5,3,7,2,155
14.5,3,7,3,155
14.5,3,7,4,156
14.5,3,7,5,157
14.5,3,7,6,158
14.5,3,7,7,158
14.5,3,7,8,159
14.5,3,7,9,160
14.5,3,7,10,161
14.5,3,7,11,161
14.5,3,7,12,162
14.5,3,7,13,163
14.5,3,7,14,163
14.5,3,7,15,164
14.5,3,8,0,154
14.5,3,8,1,155
14.5,3,8,2,156
14.5,3,8,3,156
14.5,3,8,4,157
14.5,3,8,5,158
14.5,3,8,6,159
14.5,3,8,7,159
14.5,3,8,8,160
14.5,3,8,9,161
14.5,3,8,10,161
14.5,3,8,11,162
14.5,3,8,12,163
14.5,3,8,13,164
14.5,3,8,14,164
14.5,3,8,15,165
14.5,3,9,0,155
14.5,3,9,1,156
14.5,3,9,2,156
14.5,3,9,3,157
14.5,3,9,4,158
14.5,3,9,5,159
14.5,3,9,6,159
14.5,3,9,7,160
14.5,3,9,8,161
14.5,3,9,9,162
14.5,3,9,10,162
14.5,3,9,11,163
14.5,3,9,12,164
14.5,3,9,13,165
14.5,3,9,14,165
14.5,3,9,15,166
14.5,3,10,0,156
14.5,3,10,1,157
14.5,3,10,2,157
14.5,3,10,3,158
14.5,3,10,4,159
14.5,3,10,5,160
14.5,3,10,6,160
14.5,3,10,7,161
14.5,3,10,8,162
14.5,3,10,9,163
14.5,3,10,10,163
14.5,3,10,11,164
14.5,3,10,12,165
14.5,3,10,13,165
14.5,3,10,14,166
14.5,3,10,15,167
14.5,3,11,0,157
14.5,3,11,1,157
14.5,3,11,2,158
14.5,3,11,3,159
14.5,3,11,4,160
14.5,3,11,5,160
14.5,3,11,6,161
14.5,3,11,7,162
14.5,3,11,8,163
14.5,3,11,9,163
14.5,3,11,10,164
14.5,3,11,11,165
14.5,3,11,12,166
14.5,3,11,13,166
14.5,3,11,14,167
14.5,3,11,15,168
14.5,3,12,0,157
14.5,3,12,1,158
14.5,3,12,2,159
14.5,3,12,3,160
14.5,3,12,4,161
14.5,3,12,5,161
14.5,3,12,6,162
14.5,3,12,7,163
14.5,3,12,8,164
14.5,3,12,9,164
14.5,3,12,10,165
14.5,3,12,11,166
14.5,3,12,12,166
14.5,3,12,13,167
14.5,3,12,14,168
14.5,3,12,15,169
14.5,3,13,0,158
14.5,3,13,1,159
14.5,3,13,2,160
14.5,3,13,3,161
14.5,3,13,4,161
14.5,3,13,5,162
14.5,3,13,6,163
14.5,3,13,7,164
14.5,3,13,8,164
14.5,3,13,9,165
14.5,3,13,10,166
14.5,3,13,11,167
14.5,3,13,12,167
14.5,3,13,13,168
14.5,3,13,14,169
14.5,3,13,15,170
14.5,3,14,0,159
14.5,3,14,1,160
14.5,3,14,2,161
14.5,3,14,3,161
14.5,3,14,4,162
14.5,3,14,5,163
14.5,3,14,6,164
14.5,3,14,7,164
14.5,3,14,8,165
14.5,3,14,9,166
14.5,3,14,10,167
14.5,3,14,11,167
14.5,3,14,12,168
14.5,3,14,13,169
14.5,3,14,14,170
14.5,3,14,15,170
14.5,3,15,0,160
14.5,3,15,1,161
14.5,3,15,2,161
14.5,3,15,3,162
14.5,3,15,4,163
14.5,3,15,5,164
14.5,3,15,6,165
14.5,3,15,7,165
14.5,3,15,8,166
14.5,3,15,9,167
14.5,3,15,10,168
14.5,3,15,11,168
14.5,3,15,12,169
14.5,3,15,13,170
14.5,3,15,14,171
14.5,3,15,15,171
14.5,4,0,0,150
14.5,4,0,1,150
14.5,4,0,2,151
14.5,4,0,3,152
14.5,4,0,4,152
14.5,4,0,5,153
14.5,4,0,6,154
14.5,4,0,7,155
14.5,4,0,8,155
14.5,4,0,9,156
14.5,4,0,10,157
14.5,4,0,11,157
14.5,4,0,12,158
14.5,4,0,13,159
14.5,4,0,14,159
14.5,4,0,15,160
14.5,4,1,0,150
14.5,4,1,1,151
14.5,4,1,2,152
14.5,4,1,3,153
14.5,4,1,4,153
14.5,4,1,5,154
14.5,4,1,6,155
14.5,4,1,7,155
14.5,4,1,8,156
14.5,4,1,9,157
14.5,4,1,10,158
14.5,4,1,11,158
14.5,4,1,12,159
14.5,4,1,13,160
14.5,4,1,14,160
14.5,4,1,15,161
14.5,4,2,0,151
14.5,4,2,1,152
14.5,4,2,2,153
14.5,4,2,3,154
14.5,4,2,4,154
14.5,4,2,5,155
14.5,4,2,6,156
14.5,4,2,7,156
14.5,4,2,8,157
14.5,4,2,9,158
14.5,4,2,10,159
14.5,4,2,11,159
14.5,4,2,12,160
14.5,4,2,13,161
14.5,4,2,14,161
14.5,4,2,15,162
14.5,4,3,0,152
14.5,4,3,1,153
14.5,4,3,2,154
14.5,4,3,3,154
14.5,4,3,4,155
14.5,4,3,5,156
14.5,4,3,6,157
14.5,4,3,7,157
14.5,4,3,8,158
14.5,4,3,9,159
14.5,4,3,10,160
14.5,4,3,11,160
14.5,4,3,12,161
14.5,4,3,13,162
14.5,4,3,14,162
14.5,4,3,15,163
14.5,4,4,0,153
14.5,4,4,1,154
14.5,4,4,2,155
14.5,4,4,3,155
14.5,4,4,4,156
14.5,4,4,5,157
14.5,4,4,6,158
14.5,4,4,7,158
14.5,4,4,8,159
14.5,4,4,9,160
14.5,4,4,10,160
14.5,4,4,11,161
14.5,4,4,12,162
14.5,4,4,13,163
14.5,4,4,14,163
14.5,4,4,15,164
14.5,4,5,0,154
14.5,4,5,1,155
14.5,4,5,2,155
14.5,4,5,3,156
14.5,4,5,4,157
14.5,4,5,5,158
14.5,4,5,6,158
14.5,4,5,7,159
14.5,4,5,8,160
14.5,4,5,9,161
14.5,4,5,10,161
14.5,4,5,11,162
14.5,4,5,12,163
14.5,4,5,13,164
14.5,4,5,14,164
14.5,4,5,15,165
14.5,4,6,0,155
14.5,4,6,1,156
14.5,4,6,2,156
14.5,4,6,3,157
14.5,4,6,4,158
14.5,4,6,5,159
14.5,4,6,6,159
14.5,4,6,7,160
14.5,4,6,8,161
14.5,4,6,9,162
14.5,4,6,10,162
14.5,4,6,11,163
14.5,4,6,12,164
14.5,4,6,13,164
14.5,4,6,14,165
14.5,4,6,15,166
14.5,4,7,0,156
14.5,4,7,1,156
14.5,4,7,2,157
14.5,4,7,3,158
14.5,4,7,4,159
14.5,4,7,5,159
14.5,4,7,6,160
14.5,4,7,7,161
14.5,4,7,8,162
14.5,4,7,9,162
14.5,4,7,10,163
14.5,4,7,11,164
14.5,4,7,12,165
14.5,4,7,13,165
14.5,4,7,14,166
14.5,4,7,15,167
14.5,4,8,0,157
14.5,4,8,1,157
14.5,4,8,2,158
14.5,4,8,3,159
14.5,4,8,4,160
14.5,4,8,5,160
14.5,4,8,6,161
14.5,4,8,7,162
14.5,4,8,8,163
14.5,4,8,9,163
14.5,4,8,10,164
14.5,4,8,11,165
14.5,4,8,12,166
14.5,4,8,13,166
14.5,4,8,14,167
14.5,4,8,15,168
14.5,4,9,0,157
14.5,4,9,1,158
14.5,4,9,2,159
14.5,4,9,3,160
14.5,4,9,4,160
14.5,4,9,5,161
14.5,4,9,6,162
14.5,4,9,7,163
14.5,4,9,8,164
14.5,4,9,9,164
14.5,4,9,10,165
14.5,4,9,11,166
14.5,4,9,12,166
14.5,4,9,13,167
14.5,4,9,14,168
14.5,4,9,15,169
14.5,4,10,0,158
14.5,4,10,1,159
14.5,4,10,2,160
14.5,4,10,3,161
14.5,4,10,4,161
14.5,4,10,5,162
14.5,4,10,6,163
14.5,4,10,7,164
14.5,4,10,8,164
14.5,4,10,9,165
14.5,4,10,10,166
14.5,4,10,11,167
14.5,4,10,12,167
14.5,4,10,13,168
14.5,4,10,14,169
14.5,4,10,15,170
14.5,4,11,0,159
14.5,4,11,1,160
14.5,4,11,2,161
14.5,4,11,3,161
14.5,4,11,4,162
14.5,4,11,5,163
14.5,4,11,6,164
14.5,4,11,7,165
14.5,4,11,8,165
14.5,4,11,9,166
14.5,4,11,10,167
14.5,4,11,11,168
14.5,4,11,12,168
14.5,4,11,13,169
14.5,4,11,14,170
14.5,4,11,15,170
14.5,4,12,0,160
14.5,4,12,1,161
14.5,4,12,2,162
14.5,4,12,3,162
14.5,4,12,4,163
14.5,4,12,5,164
14.5,4,12,6,165
14.5,4,12,7,165
14.5,4,12,8,166
14.5,4,12,9,167
14.5,4,12,10,168
14.5,4,12,11,168
14.5,4,12,12,169
14.5,4,12,13,170
14.5,4,12,14,171
14.5,4,12,15,171
14.5,4,13,0,161
14.5,4,13,1,162
14.5,4,13,2,162
14.5,4,13,3,163
14.5,4,13,4,164
14.5,4,13,5,165
14.5,4,13,6,166
14.5,4,13,7,166
14.5,4,13,8,167
14.5,4,13,9,168
14.5,4,13,10,169
14.5,4,13,11,169
14.5,4,13,12,170
14.5,4,13,13,171
14.5,4,13,14,172
14.5,4,13,15,172
14.5,4,14,0,162
14.5,4,14,1,162
14.5,4,14,2,163
14.5,4,14,3,164
14.5,4,14,4,165
14.5,4,14,5,166
14.5,4,14,6,166
14.5,4,14,7,167
14.5,4,14,8,168
14.5,4,14,9,169
14.5,4,14,10,169
14.5,4,14,11,170
14.5,4,14,12,171
14.5,4,14,13,172
14.5,4,14,14,172
14.5,4,14,15,173
14.5,4,15,0,162
14.5,4,15,1,163
14.5,4,15,2,164
14.5,4,15,3,165
14.5,4,15,4,166
14.5,4,15,5,166
14.5,4,15,6,167
14.5,4,15,7,168
14.5,4,15,8,169
14.5,4,15,9,170
14.5,4,15,10,170
14.5,4,15,11,171
14.5,4,15,12,172
14.5,4,15,13,173
14.5,4,15,14,173
14.5,4,15,15,174
14.5,5,0,0,152
14.5,5,0,1,153
14.5,5,0,2,153
14.5,5,0,3,154
14.5,5,0,4,155
14.5,5,0,5,156
14.5,5,0,6,156
14.5,5,0,7,157
14.5,5,0,8,158
14.5,5,0,9,158
14.5,5,0,10,159
14.5,5,0,11,160
14.5,5,0,12,161
14.5,5,0,13,161
14.5,5,0,14,162
14.5,5,0,15,163
14.5,5,1,0,153
14.5,5,1,1,154
14.5,5,1,2,154
14.5,5,1,3,155
14.5,5,1,4,156
14.5,5,1,5,157
14.5,5,1,6,157
14.5,5,1,7,158
14.5,5,1,8,159
14.5,5,1,9,159
14.5,5,1,10,160
14.5,5,1,11,161
14.5,5,1,12,162
14.5,5,1,13,162
14.5,5,1,14,163
14.5,5,1,15,164
14.5,5,2,0,154
14.5,5,2,1,154
14.5,5,2,2,155
14.5,5,2,3,156
14.5,5,2,4,157
14.5,5,2,5,157
14.5,5,2,6,158
14.5,5,2,7,159
14.5,5,2,8,160
14.5,5,2,9,160
14.5,5,2,10,161
14.5,5,2,11,162
14.5,5,2,12,163
14.5,5,2,13,163
14.5,5,2,14,164
14.5,5,2,15,165
14.5,5,3,0,155
14.5,5,3,1,155
14.5,5,3,2,156
14.5,5,3,3,157
14.5,5,3,4,158
14.5,5,3,5,158
14.5,5,3,6,159
14.5,5,3,7,160
14.5,5,3,8,161
14.5,5,3,9,161
14.5,5,3,10,162
14.5,5,3,11,163
14.5,5,3,12,163
14.5,5,3,13,164
14.5,5,3,14,165
14.5,5,3,15,166
14.5,5,4,0,156
14.5,5,4,1,156
14.5,5,4,2,157
14.5,5,4,3,158
14.5,5,4,4,159
14.5,5,4,5,159
14.5,5,4,6,160
14.5,5,4,7,161
14.5,5,4,8,162
14.5,5,4,9,162
14.5,5,4,10,163
14.5,5,4,11,164
14.5,5,4,12,164
14.5,5,4,13,165
14.5,5,4,14,166
14.5,5,4,15,167
14.5,5,5,0,156
14.5,5,5,1,157
14.5,5,5,2,158
14.5,5,5,3,159
14.5,5,5,4,159
14.5,5,5,5,160
14.5,5,5,6,161
14.5,5,5,7,162
14.5,5,5,8,162
14.5,5,5,9,163
14.5,5,5,10,164
14.5,5,5,11,165
14.5,5,5,12,165
14.5,5,5,13,166
14.5,5,5,14,167
14.5,5,5,15,168
14.5,5,6,0,157
14.5,5,6,1,158
14.5,5,6,2,159
14.5,5,6,3,160
14.5,5,6,4,160
14.5,5,6,5,161
14.5,5,6,6,162
14.5,5,6,7,163
14.5,5,6,8,163
14.5,5,6,9,164
14.5,5,6,10,165
14.5,5,6,11,166
14.5,5,6,12,166
14.5,5,6,13,167
14.5,5,6,14,168
14.5,5,6,15,169
14.5,5,7,0,158
14.5,5,7,1,159
14.5,5,7,2,160
14.5,5,7,3,160
14.5,5,7,4,161
14.5,5,7,5,162
14.5,5,7,6,163
14.5,5,7,7,164
14.5,5,7,8,164
14.5,5,7,9,165
14.5,5,7,10,166
14.5,5,7,11,167
14.5,5,7,12,167
14.5,5,7,13,168
14.5,5,7,14,169
14.5,5,7,15,169
14.5,5,8,0,159
14.5,5,8,1,160
14.5,5,8,2,161
14.5,5,8,3,161
14.5,5,8,4,162
14.5,5,8,5,163
14.5,5,8,6,164
14.5,5,8,7,164
14.5,5,8,8,165
14.5,5,8,9,166
14.5,5,8,10,167
14.5,5,8,11,167
14.5,5,8,12,168
14.5,5,8,13,169
14.5,5,8,14,170
14.5,5,8,15,170
14.5,5,9,0,160
14.5,5,9,1,161
14.5,5,9,2,162
14.5,5,9,3,162
14.5,5,9,4,163
14.5,5,9,5,164
14.5,5,9,6,165
14.5,5,9,7,165
14.5,5,9,8,166
14.5,5,9,9,167
14.5,5,9,10,168
14.5,5,9,11,168
14.5,5,9,12,169
14.5,5,9,13,170
14.5,5,9,14,171
14.5,5,9,15,171
14.5,5,10,0,161
14.5,5,10,1,162
14.5,5,10,2,162
14.5,5,10,3,163
14.5,5,10,4,164
14.5,5,10,5,165
14.5,5,10,6,165
14.5,5,10,7,166
14.5,5,10,8,167
14.5,5,10,9,168
14.5,5,10,10,169
14.5,5,10,11,169
14.5,5,10,12,170
14.5,5,10,13,171
14.5,5,10,14,172
14.5,5,10,15,172
14.5,5,11,0,162
14.5,5,11,1,162
14.5,5,11,2,163
14.5,5,11,3,164
14.5,5,11,4,165
14.5,5,11,5,166
14.5,5,11,6,166
14.5,5,11,7,167
14.5,5,11,8,168
14.5,5,11,9,169
14.5,5,11,10,169
14.5,5,11,11,170
14.5,5,11,12,171
14.5,5,11,13,172
14.5,5,11,14,172
14.5,5,11,15,173
14.5,5,12,0,163
14.5,5,12,1,163
14.5,5,12,2,164
14.5,5,12,3,165
14.5,5,12,4,166
14.5,5,12,5,166
14.5,5,12,6,167
14.5,5,12,7,168
14.5,5,12,8,169
14.5,5,12,9,170
14.5,5,12,10,170
14.5,5,12,11,171
14.5,5,12,12,172
14.5,5,12,13,173
14.5,5,12,14,173
14.5,5,12,15,174
14.5,5,13,0,163
14.5,5,13,1,164
14.5,5,13,2,165
14.5,5,13,3,166
14.5,5,13,4,167
14.5,5,13,5,167
14.5,5,13,6,168
14.5,5,13,7,169
14.5,5,13,8,170
14.5,5,13,9,170
14.5,5,13,10,171
14.5,5,13,11,172
14.5,5,13,12,173
14.5,5,13,13,174
14.5,5,13,14,174
14.5,5,13,15,175
14.5,5,14,0,164
14.5,5,14,1,165
14.5,5,14,2,166
14.5,5,14,3,167
14.5,5,14,4,167
14.5,5,14,5,168
14.5,5,14,6,169
14.5,5,14,7,170
14.5,5,14,8,171
14.5,5,14,9,171
14.5,5,14,10,172
14.5,5,14,11,173
14.5,5,14,12,174
14.5,5,14,13,174
14.5,5,14,14,175
14.5,5,14,15,176
14.5,5,15,0,165
14.5,5,15,1,166
14.5,5,15,2,167
14.5,5,15,3,168
14.5,5,15,4,168
14.5,5,15,5,169
14.5,5,15,6,170
14.5,5,15,7,171
14.5,5,15,8,171
14.5,5,15,9,172
14.5,5,15,10,173
14.5,5,15,11,174
14.5,5,15,12,175
14.5,5,15,13,175
14.5,5,15,14,176
14.5,5,15,15,177
14.5,6,0,0,154
14.5,6,0,1,155
14.5,6,0,2,156
14.5,6,0,3,157
14.5,6,0,4,157
14.5,6,0,5,158
14.5,6,0,6,159
14.5,6,0,7,159
14.5,6,0,8,160
14.5,6,0,9,161
14.5,6,0,10,162
14.5,6,0,11,162
14.5,6,0,12,163
14.5,6,0,13,164
14.5,6,0,14,165
14.5,6,0,15,165
14.5,6,1,0,155
14.5,6,1,1,156
14.5,6,1,2,157
14.5,6,1,3,157
14.5,6,1,4,158
14.5,6,1,5,159
14.5,6,1,6,160
14.5,6,1,7,160
14.5,6,1,8,161
14.5,6,1,9,162
14.5,6,1,10,163
14.5,6,1,11,163
14.5,6,1,12,164
14.5,6,1,13,165
14.5,6,1,14,166
14.5,6,1,15,166
14.5,6,2,0,156
14.5,6,2,1,157
14.5,6,2,2,158
14.5,6,2,3,158
14.5,6,2,4,159
14.5,6,2,5,160
14.5,6,2,6,161
14.5,6,2,7,161
14.5,6,2,8,162
14.5,6,2,9,163
14.5,6,2,10,164
14.5,6,2,11,164
14.5,6,2,12,165
14.5,6,2,13,166
14.5,6,2,14,167
14.5,6,2,15,167
14.5,6,3,0,157
14.5,6,3,1,158
14.5,6,3,2,159
14.5,6,3,3,159
14.5,6,3,4,160
14.5,6,3,5,161
14.5,6,3,6,162
14.5,6,3,7,162
14.5,6,3,8,163
14.5,6,3,9,164
14.5,6,3,10,165
14.5,6,3,11,165
14.5,6,3,12,166
14.5,6,3,13,167
14.5,6,3,14,168
14.5,6,3,15,168
14.5,6,4,0,158
14.5,6,4,1,159
14.5,6,4,2,159
14.5,6,4,3,160
14.5,6,4,4,161
14.5,6,4,5,162
14.5,6,4,6,163
14.5,6,4,7,163
14.5,6,4,8,164
14.5,6,4,9,165
14.5,6,4,10,166
14.5,6,4,11,166
14.5,6,4,12,167
14.5,6,4,13,168
14.5,6,4,14,168
14.5,6,4,15,169
14.5,6,5,0,159
14.5,6,5,1,160
14.5,6,5,2,160
14.5,6,5,3,161
14.5,6,5,4,162
14.5,6,5,5,163
14.5,6,5,6,163
14.5,6,5,7,164
14.5,6,5,8,165
14.5,6,5,9,166
14.5,6,5,10,166
14.5,6,5,11,167
14.5,6,5,12,168
14.5,6,5,13,169
14.5,6,5,14,169
14.5,6,5,15,170
14.5,6,6,0,160
14.5,6,6,1,161
14.5,6,6,2,161
14.5,6,6,3,162
14.5,6,6,4,163
14.5,6,6,5,164
14.5,6,6,6,164
14.5,6,6,7,165
14.5,6,6,8,166
14.5,6,6,9,167
14.5,6,6,10,167
14.5,6,6,11,168
14.5,6,6,12,169
14.5,6,6,13,170
14.5,6,6,14,170
14.5,6,6,15,171
14.5,6,7,0,161
14.5,6,7,1,161
14.5,6,7,2,162
14.5,6,7,3,163
14.5,6,7,4,164
14.5,6,7,5,165
14.5,6,7,6,165
14.5,6,7,7,166
14.5,6,7,8,167
14.5,6,7,9,168
14.5,6,7,10,168
14.5,6,7,11,169
14.5,6,7,12,170
14.5,6,7,13,171
14.5,6,7,14,171
14.5,6,7,15,172
14.5,6,8,0,162
14.5,6,8,1,162
14.5,6,8,2,163
14.5,6,8,3,164
14.5,6,8,4,165
14.5,6,8,5,165
14.5,6,8,6,166
14.5,6,8,7,167
14.5,6,8,8,168
14.5,6,8,9,169
14.5,6,8,10,169
14.5,6,8,11,170
14.5,6,8,12,171
14.5,6,8,13,172
14.5,6,8,14,172
14.5,6,8,15,173
14.5,6,9,0,162
14.5,6,9,1,163
14.5,6,9,2,164
14.5,6,9,3,165
14.5,6,9,4,166
14.5,6,9,5,166
14.5,6,9,6,167
14.5,6,9,7,168
14.5,6,9,8,169
14.5,6,9,9,169
14.5,6,9,10,170
14.5,6,9,11,171
14.5,6,9,12,172
14.5,6,9,13,173
14.5,6,9,14,173
14.5,6,9,15,174
14.5,6,10,0,163
14.5,6,10,1,164
14.5,6,10,2,165
14.5,6,10,3,166
14.5,6,10,4,167
14.5,6,10,5,167
14.5,6,10,6,168
14.5,6,10,7,169
14.5,6,10,8,170
14.5,6,10,9,170
14.5,6,10,10,171
14.5,6,10,11,172
14.5,6,10,12,173
14.5,6,10,13,173
14.5,6,10,14,174
14.5,6,10,15,175
14.5,6,11,0,164
14.5,6,11,1,165
14.5,6,11,2,166
14.5,6,11,3,167
14.5,6,11,4,167
14.5,6,11,5,168
14.5,6,11,6,169
14.5,6,11,7,170
14.5,6,11,8,171
14.5,6,11,9,171
14.5,6,11,10,172
14.5,6,11,11,173
14.5,6,11,12,174
14.5,6,11,13,174
14.5,6,11,14,175
14.5,6,11,15,176
14.5,6,12,0,165
14.5,6,12,1,166
14.5,6,12,2,167
14.5,6,12,3,167
14.5,6,12,4,168
14.5,6,12,5,169
14.5,6,12,6,170
14.5,6,12,7,171
14.5,6,12,8,171
14.5,6,12,9,172
14.5,6,12,10,173
14.5,6,12,11,174
14.5,6,12,12,175
14.5,6,12,13,175
14.5,6,12,14,176
14.5,6,12,15,177
14.5,6,13,0,166
14.5,6,13,1,167
14.5,6,13,2,168
14.5,6,13,3,168
14.5,6,13,4,169
14.5,6,13,5,170
14.5,6,13,6,171
14.5,6,13,7,172
14.5,6,13,8,172
14.5,6,13,9,173
14.5,6,13,10,174
14.5,6,13,11,175
14.5,6,13,12,175
14.5,6,13,13,176
14.5,6,13,14,177
14.5,6,13,15,178
14.5,6,14,0,167
14.5,6,14,1,168
14.5,6,14,2,168
14.5,6,14,3,169
14.5,6,14,4,170
14.5,6,14,5,171
14.5,6,14,6,172
14.5,6,14,7,172
14.5,6,14,8,173
14.5,6,14,9,174
14.5,6,14,10,175
14.5,6,14,11,176
14.5,6,14,12,176
14.5,6,14,13,177
14.5,6,14,14,178
14.5,6,14,15,179
14.5,6,15,0,168
14.5,6,15,1,168
14.5,6,15,2,169
14.5,6,15,3,170
14.5,6,15,4,171
14.5,6,15,5,172
14.5,6,15,6,173
14.5,6,15,7,173
14.5,6,15,8,174
14.5,6,15,9,175
14.5,6,15,10,176
14.5,6,15,11,177
14.5,6,15,12,177
14.5,6,15,13,178
14.5,6,15,14,179
14.5,6,15,15,180
14.5,7,0,0,157
14.5,7,0,1,157
14.5,7,0,2,158
14.5,7,0,3,159
14.5,7,0,4,160
14.5,7,0,5,160
14.5,7,0,6,161
14.5,7,0,7,162
14.5,7,0,8,163
14.5,7,0,9,163
14.5,7,0,10,164
14.5,7,0,11,165
14.5,7,0,12,166
14.5,7,0,13,166
14.5,7,0,14,167
14.5,7,0,15,168
14.5,7,1,0,158
14.5,7,1,1,158
14.5,7,1,2,159
14.5,7,1,3,160
14.5,7,1,4,161
14.5,7,1,5,161
14.5,7,1,6,162
14.5,7,1,7,163
14.5,7,1,8,164
14.5,7,1,9,164
14.5,7,1,10,165
14.5,7,1,11,166
14.5,7,1,12,167
14.5,7,1,13,167
14.5,7,1,14,168
14.5,7,1,15,169
14.5,7,2,0,159
14.5,7,2,1,159
14.5,7,2,2,160
14.5,7,2,3,161
14.5,7,2,4,162
14.5,7,2,5,162
14.5,7,2,6,163
14.5,7,2,7,164
14.5,7,2,8,165
14.5,7,2,9,165
14.5,7,2,10,166
14.5,7,2,11,167
14.5,7,2,12,168
14.5,7,2,13,168
14.5,7,2,14,169
14.5,7,2,15,170
14.5,7,3,0,159
14.5,7,3,1,160
14.5,7,3,2,161
14.5,7,3,3,162
14.5,7,3,4,163
14.5,7,3,5,163
14.5,7,3,6,164
14.5,7,3,7,165
14.5,7,3,8,166
14.5,7,3,9,166
14.5,7,3,10,167
14.5,7,3,11,168
14.5,7,3,12,169
14.5,7,3,13,169
14.5,7,3,14,170
14.5,7,3,15,171
14.5,7,4,0,160
14.5,7,4,1,161
14.5,7,4,2,162
14.5,7,4,3,163
14.5,7,4,4,164
14.5,7,4,5,164
14.5,7,4,6,165
14.5,7,4,7,166
14.5,7,4,8,167
14.5,7,4,9,167
14.5,7,4,10,168
14.5,7,4,11,169
14.5,7,4,12,170
14.5,7,4,13,170
14.5,7,4,14,171
14.5,7,4,15,172
14.5,7,5,0,161
14.5,7,5,1,162
14.5,7,5,2,163
14.5,7,5,3,164
14.5,7,5,4,164
14.5,7,5,5,165
14.5,7,5,6,166
14.5,7,5,7,167
14.5,7,5,8,168
14.5,7,5,9,168
14.5,7,5,10,169
14.5,7,5,11,170
14.5,7,5,12,171
14.5,7,5,13,171
14.5,7,5,14,172
14.5,7,5,15,173
14.5,7,6,0,162
14.5,7,6,1,163
14.5,7,6,2,164
14.5,7,6,3,165
14.5,7,6,4,165
14.5,7,6,5,166
14.5,7,6,6,167
14.5,7,6,7,168
14.5,7,6,8,168
14.5,7,6,9,169
14.5,7,6,10,170
14.5,7,6,11,171
14.5,7,6,12,172
14.5,7,6,13,172
14.5,7,6,14,173
14.5,7,6,15,174
14.5,7,7,0,163
14.5,7,7,1,164
14.5,7,7,2,165
14.5,7,7,3,166
14.5,7,7,4,166
14.5,7,7,5,167
14.5,7,7,6,168
14.5,7,7,7,169
14.5,7,7,8,169
14.5,7,7,9,170
14.5,7,7,10,171
14.5,7,7,11,172
14.5,7,7,12,172
14.5,7,7,13,173
14.5,7,7,14,174
14.5,7,7,15,175
14.5,7,8,0,164
14.5,7,8,1,165
14.5,7,8,2,166
14.5,7,8,3,166
14.5,7,8,4,167
14.5,7,8,5,168
14.5,7,8,6,169
14.5,7,8,7,170
14.5,7,8,8,170
14.5,7,8,9,171
14.5,7,8,10,172
14.5,7,8,11,173
14.5,7,8,12,173
14.5,7,8,13,174
14.5,7,8,14,175
14.5,7,8,15,176
14.5,7,9,0,165
14.5,7,9,1,166
14.5,7,9,2,167
14.5,7,9,3,167
14.5,7,9,4,168
14.5,7,9,5,169
14.5,7,9,6,170
14.5,7,9,7,171
14.5,7,9,8,171
14.5,7,9,9,172
14.5,7,9,10,173
14.5,7,9,11,174
14.5,7,9,12,174
14.5,7,9,13,175
14.5,7,9,14,176
14.5,7,9,15,177
14.5,7,10,0,166
14.5,7,10,1,167
14.5,7,10,2,167
14.5,7,10,3,168
14.5,7,10,4,169
14.5,7,10,5,170
14.5,7,10,6,171
14.5,7,10,7,171
14.5,7,10,8,172
14.5,7,10,9,173
14.5,7,10,10,174
14.5,7,10,11,175
14.5,7,10,12,175
14.5,7,10,13,176
14.5,7,10,14,177
14.5,7,10,15,178
14.5,7,11,0,167
14.5,7,11,1,168
14.5,7,11,2,168
14.5,7,11,3,169
14.5,7,11,4,170
14.5,7,11,5,171
14.5,7,11,6,172
14.5,7,11,7,172
14.5,7,11,8,173
14.5,7,11,9,174
14.5,7,11,10,175
14.5,7,11,11,176
14.5,7,11,12,176
14.5,7,11,13,177
14.5,7,11,14,178
14.5,7,11,15,179
14.5,7,12,0,168
14.5,7,12,1,168
14.5,7,12,2,169
14.5,7,12,3,170
14.5,7,12,4,171
14.5,7,12,5,172
14.5,7,12,6,172
14.5,7,12,7,173
14.5,7,12,8,174
14.5,7,12,9,175
14.5,7,12,10,176
14.5,7,12,11,176
14.5,7,12,12,177
14.5,7,12,13,178
14.5,7,12,14,179
14.5,7,12,15,180
14.5,7,13,0,169
14.5,7,13,1,169
14.5,7,13,2,170
14.5,7,13,3,171
14.5,7,13,4,172
14.5,7,13,5,173
14.5,7,13,6,173
14.5,7,13,7,174
14.5,7,13,8,175
14.5,7,13,9,176
14.5,7,13,10,177
14.5,7,13,11,177
14.5,7,13,12,178
14.5,7,13,13,179
14.5,7,13,14,180
14.5,7,13,15,181
14.5,7,14,0,169
14.5,7,14,1,170
14.5,7,14,2,171
14.5,7,14,3,172
14.5,7,14,4,173
14.5,7,14,5,173
14.5,7,14,6,174
14.5,7,14,7,175
14.5,7,14,8,176
14.5,7,14,9,177
14.5,7,14,10,178
14.5,7,14,11,178
14.5,7,14,12,179
14.5,7,14,13,180
14.5,7,14,14,181
14.5,7,14,15,181
14.5,7,15,0,170
14.5,7,15,1,171
14.5,7,15,2,172
14.5,7,15,3,173
14.5,7,15,4,174
14.5,7,15,5,174
14.5,7,15,6,175
14.5,7,15,7,176
14.5,7,15,8,177
14.5,7,15,9,178
14.5,7,15,10,178
14.5,7,15,11,179
14.5,7,15,12,180
14.5,7,15,13,181
14.5,7,15,14,182
14.5,7,15,15,182
14.5,8,0,0,159
14.5,8,0,1,160
14.5,8,0,2,161
14.5,8,0,3,161
14.5,8,0,4,162
14.5,8,0,5,163
14.5,8,0,6,164
14.5,8,0,7,164
14.5,8,0,8,165
14.5,8,0,9,166
14.5,8,0,10,167
14.5,8,0,11,167
14.5,8,0,12,168
14.5,8,0,13,169
14.5,8,0,14,170
14.5,8,0,15,170
14.5,8,1,0,160
14.5,8,1,1,161
14.5,8,1,2,162
14.5,8,1,3,162
14.5,8,1,4,163
14.5,8,1,5,164
14.5,8,1,6,165
14.5,8,1,7,165
14.5,8,1,8,166
14.5,8,1,9,167
14.5,8,1,10,168
14.5,8,1,11,168
14.5,8,1,12,169
14.5,8,1,13,170
14.5,8,1,14,171
14.5,8,1,15,171
14.5,8,2,0,161
14.5,8,2,1,162
14.5,8,2,2,163
14.5,8,2,3,163
14.5,8,2,4,164
14.5,8,2,5,165
14.5,8,2,6,166
14.5,8,2,7,166
14.5,8,2,8,167
14.5,8,2,9,168
14.5,8,2,10,169
14.5,8,2,11,169
14.5,8,2,12,170
14.5,8,2,13,171
14.5,8,2,14,172
14.5,8,2,15,172
14.5,8,3,0,162
14.5,8,3,1,163
14.5,8,3,2,163
14.5,8,3,3,164
14.5,8,3,4,165
14.5,8,3,5,166
14.5,8,3,6,167
14.5,8,3,7,167
14.5,8,3,8,168
14.5,8,3,9,169
14.5,8,3,10,170
14.5,8,3,11,170
14.5,8,3,12,171
14.5,8,3,13,172
14.5,8,3,14,173
14.5,8,3,15,173
14.5,8,4,0,163
14.5,8,4,1,164
14.5,8,4,2,164
14.5,8,4,3,165
14.5,8,4,4,166
14.5,8,4,5,167
14.5,8,4,6,168
14.5,8,4,7,168
14.5,8,4,8,169
14.5,8,4,9,170
14.5,8,4,10,171
14.5,8,4,11,171
14.5,8,4,12,172
14.5,8,4,13,173
14.5,8,4,14,174
14.5,8,4,15,174
14.5,8,5,0,164
14.5,8,5,1,165
14.5,8,5,2,165
14.5,8,5,3,166
14.5,8,5,4,167
14.5,8,5,5,168
14.5,8,5,6,169
14.5,8,5,7,169
14.5,8,5,8,170
14.5,8,5,9,171
14.5,8,5,10,172
14.5,8,5,11,172
14.5,8,5,12,173
14.5,8,5,13,174
14.5,8,5,14,175
14.5,8,5,15,175
14.5,8,6,0,165
14.5,8,6,1,166
14.5,8,6,2,166
14.5,8,6,3,167
14.5,8,6,4,168
14.5,8,6,5,169
14.5,8,6,6,169
14.5,8,6,7,170
14.5,8,6,8,171
14.5,8,6,9,172
14.5,8,6,10,173
14.5,8,6,11,173
14.5,8,6,12,174
14.5,8,6,13,175
14.5,8,6,14,176
14.5,8,6,15,176
14.5,8,7,0,166
14.5,8,7,1,166
14.5,8,7,2,167
14.5,8,7,3,168
14.5,8,7,4,169
14.5,8,7,5,170
14.5,8,7,6,170
14.5,8,7,7,171
14.5,8,7,8,172
14.5,8,7,9,173
14.5,8,7,10,174
14.5,8,7,11,174
14.5,8,7,12,175
14.5,8,7,13,176
14.5,8,7,14,177
14.5,8,7,15,177
14.5,8,8,0,167
14.5,8,8,1,167
14.5,8,8,2,168
14.5,8,8,3,169
14.5,8,8,4,170
14.5,8,8,5,171
14.5,8,8,6,171
14.5,8,8,7,172
14.5,8,8,8,173
14.5,8,8,9,174
14.5,8,8,10,175
14.5,8,8,11,175
14.5,8,8,12,176
14.5,8,8,13,177
14.5,8,8,14,178
14.5,8,8,15,178
14.5,8,9,0,167
14.5,8,9,1,168
14.5,8,9,2,169
14.5,8,9,3,170
14.5,8,9,4,171
14.5,8,9,5,172
14.5,8,9,6,172
14.5,8,9,7,173
14.5,8,9,8,174
14.5,8,9,9,175
14.5,8,9,10,175
14.5,8,9,11,176
14.5,8,9,12,177
14.5,8,9,13,178
14.5,8,9,14,179
14.5,8,9,15,179
14.5,8,10,0,168
14.5,8,10,1,169
14.5,8,10,2,170
14.5,8,10,3,171
14.5,8,10,4,172
14.5,8,10,5,172
14.5,8,10,6,173
14.5,8,10,7,174
14.5,8,10,8,175
14.5,8,10,9,176
14.5,8,10,10,176
14.5,8,10,11,177
14.5,8,10,12,178
14.5,8,10,13,179
14.5,8,10,14,180
14.5,8,10,15,180
14.5,8,11,0,169
14.5,8,11,1,170
14.5,8,11,2,171
14.5,8,11,3,172
14.5,8,11,4,173
14.5,8,11,5,173
14.5,8,11,6,174
14.5,8,11,7,175
14.5,8,11,8,176
14.5,8,11,9,177
14.5,8,11,10,177
14.5,8,11,11,178
14.5,8,11,12,179
14.5,8,11,13,180
14.5,8,11,14,181
14.5,8,11,15,181
14.5,8,12,0,170
14.5,8,12,1,171
14.5,8,12,2,172
14.5,8,12,3,173
14.5,8,12,4,173
14.5,8,12,5,174
14.5,8,12,6,175
14.5,8,12,7,176
14.5,8,12,8,177
14.5,8,12,9,178
14.5,8,12,10,178
14.5,8,12,11,179
14.5,8,12,12,180
14.5,8,12,13,181
14.5,8,12,14,182
14.5,8,12,15,182
14.5,8,13,0,171
14.5,8,13,1,172
14.5,8,13,2,173
14.5,8,13,3,174
14.5,8,13,4,174
14.5,8,13,5,175
14.5,8,13,6,176
14.5,8,13,7,177
14.5,8,13,8,178
14.5,8,13,9,178
14.5,8,13,10,179
14.5,8,13,11,180
14.5,8,13,12,181
14.5,8,13,13,182
14.5,8,13,14,182
14.5,8,13,15,183
14.5,8,14,0,172
14.5,8,14,1,173
14.5,8,14,2,174
14.5,8,14,3,174
14.5,8,14,4,175
14.5,8,14,5,176
14.5,8,14,6,177
14.5,8,14,7,178
14.5,8,14,8,179
14.5,8,14,9,179
14.5,8,14,10,180
14.5,8,14,11,181
14.5,8,14,12,182
14.5,8,14,13,183
14.5,8,14,14,183
14.5,8,14,15,184
14.5,8,15,0,173
14.5,8,15,1,174
14.5,8,15,2,175
14.5,8,15,3,175
14.5,8,15,4,176
14.5,8,15,5,177
14.5,8,15,6,178
14.5,8,15,7,179
14.5,8,15,8,180
14.5,8,15,9,180
14.5,8,15,10,181
14.5,8,15,11,182
14.5,8,15,12,183
14.5,8,15,13,184
14.5,8,15,14,184
14.5,8,15,15,185
14.5,9,0,0,161
14.5,9,0,1,162
14.5,9,0,2,163
14.5,9,0,3,164
14.5,9,0,4,165
14.5,9,0,5,165
14.5,9,0,6,166
14.5,9,0,7,167
14.5,9,0,8,168
14.5,9,0,9,168
14.5,9,0,10,169
14.5,9,0,11,170
14.5,9,0,12,171
14.5,9,0,13,171
14.5,9,0,14,172
14.5,9,0,15,173
14.5,9,1,0,162
14.5,9,1,1,163
14.5,9,1,2,164
14.5,9,1,3,165
14.5,9,1,4,166
14.5,9,1,5,166
14.5,9,1,6,167
14.5,9,1,7,168
14.5,9,1,8,169
14.5,9,1,9,169
14.5,9,1,10,170
14.5,9,1,11,171
14.5,9,1,12,172
14.5,9,1,13,172
14.5,9,1,14,173
14.5,9,1,15,174
14.5,9,2,0,163
14.5,9,2,1,164
14.5,9,2,2,165
14.5,9,2,3,166
14.5,9,2,4,167
14.5,9,2,5,167
14.5,9,2,6,168
14.5,9,2,7,169
14.5,9,2,8,170
14.5,9,2,9,170
14.5,9,2,10,171
14.5,9,2,11,172
14.5,9,2,12,173
14.5,9,2,13,173
14.5,9,2,14,174
14.5,9,2,15,175
14.5,9,3,0,164
14.5,9,3,1,165
14.5,9,3,2,166
14.5,9,3,3,167
14.5,9,3,4,168
14.5,9,3,5,168
14.5,9,3,6,169
14.5,9,3,7,170
14.5,9,3,8,171
14.5,9,3,9,171
14.5,9,3,10,172
14.5,9,3,11,173
14.5,9,3,12,174
14.5,9,3,13,174
14.5,9,3,14,175
14.5,9,3,15,176
14.5,9,4,0,165
14.5,9,4,1,166
14.5,9,4,2,167
14.5,9,4,3,168
14.5,9,4,4,168
14.5,9,4,5,169
14.5,9,4,6,170
14.5,9,4,7,171
14.5,9,4,8,172
14.5,9,4,9,172
14.5,9,4,10,173
14.5,9,4,11,174
14.5,9,4,12,175
14.5,9,4,13,176
14.5,9,4,14,176
14.5,9,4,15,177
14.5,9,5,0,166
14.5,9,5,1,167
14.5,9,5,2,168
14.5,9,5,3,169
14.5,9,5,4,169
14.5,9,5,5,170
14.5,9,5,6,171
14.5,9,5,7,172
14.5,9,5,8,173
14.5,9,5,9,173
14.5,9,5,10,174
14.5,9,5,11,175
14.5,9,5,12,176
14.5,9,5,13,177
14.5,9,5,14,177
14.5,9,5,15,178
14.5,9,6,0,167
14.5,9,6,1,168
14.5,9,6,2,169
14.5,9,6,3,170
14.5,9,6,4,170
14.5,9,6,5,171
14.5,9,6,6,172
14.5,9,6,7,173
14.5,9,6,8,174
14.5,9,6,9,174
14.5,9,6,10,175
14.5,9,6,11,176
14.5,9,6,12,177
14.5,9,6,13,178
14.5,9,6,14,178
14.5,9,6,15,179
14.5,9,7,0,168
14.5,9,7,1,169
14.5,9,7,2,170
14.5,9,7,3,171
14.5,9,7,4,171
14.5,9,7,5,172
14.5,9,7,6,173
14.5,9,7,7,174
14.5,9,7,8,175
14.5,9,7,9,175
14.5,9,7,10,176
14.5,9,7,11,177
14.5,9,7,12,178
14.5,9,7,13,179
14.5,9,7,14,179
14.5,9,7,15,180
14.5,9,8,0,169
14.5,9,8,1,170
14.5,9,8,2,171
14.5,9,8,3,172
14.5,9,8,4,172
14.5,9,8,5,173
14.5,9,8,6,174
14.5,9,8,7,175
14.5,9,8,8,176
14.5,9,8,9,176
14.5,9,8,10,177
14.5,9,8,11,178
14.5,9,8,12,179
14.5,9,8,13,180
14.5,9,8,14,180
14.5,9,8,15,181
14.5,9,9,0,170
14.5,9,9,1,171
14.5,9,9,2,172
14.5,9,9,3,172
14.5,9,9,4,173
14.5,9,9,5,174
14.5,9,9,6,175
14.5,9,9,7,176
14.5,9,9,8,177
14.5,9,9,9,177
14.5,9,9,10,178
14.5,9,9,11,179
14.5,9,9,12,180
14.5,9,9,13,180
14.5,9,9,14,181
14.5,9,9,15,182
14.5,9,10,0,171
14.5,9,10,1,172
14.5,9,10,2,173
14.5,9,10,3,173
14.5,9,10,4,174
14.5,9,10,5,175
14.5,9,10,6,176
14.5,9,10,7,177
14.5,9,10,8,177
14.5,9,10,9,178
14.5,9,10,10,179
14.5,9,10,11,180
14.5,9,10,12,181
14.5,9,10,13,181
14.5,9,10,14,182
14.5,9,10,15,183
14.5,9,11,0,172
14.5,9,11,1,173
14.5,9,11,2,173
14.5,9,11,3,174
14.5,9,11,4,175
14.5,9,11,5,176
14.5,9,11,6,177
14.5,9,11,7,178
14.5,9,11,8,178
14.5,9,11,9,179
14.5,9,11,10,180
14.5,9,11,11,181
14.5,9,11,12,182
14.5,9,11,13,182
14.5,9,11,14,183
14.5,9,11,15,184
14.5,9,12,0,173
14.5,9,12,1,174
14.5,9,12,2,174
14.5,9,12,3,175
14.5,9,12,4,176
14.5,9,12,5,177
14.5,9,12,6,178
14.5,9,12,7,179
14.5,9,12,8,179
14.5,9,12,9,180
14.5,9,12,10,181
14.5,9,12,11,182
14.5,9,12,12,183
14.5,9,12,13,183
14.5,9,12,14,184
14.5,9,12,15,185
14.5,9,13,0,174
14.5,9,13,1,174
14.5,9,13,2,175
14.5,9,13,3,176
14.5,9,13,4,177
14.5,9,13,5,178
14.5,9,13,6,179
14.5,9,13,7,180
14.5,9,13,8,180
14.5,9,13,9,181
14.5,9,13,10,182
14.5,9,13,11,183
14.5,9,13,12,184
14.5,9,13,13,184
14.5,9,13,14,185
14.5,9,13,15,186
14.5,9,14,0,175
14.5,9,14,1,175
14.5,9,14,2,176
14.5,9,14,3,177
14.5,9,14,4,178
14.5,9,14,5,179
14.5,9,14,6,180
14.5,9,14,7,180
14.5,9,14,8,181
14.5,9,14,9,182
14.5,9,14,10,183
14.5,9,14,11,184
14.5,9,14,12,185
14.5,9,14,13,185
14.5,9,14,14,186
14.5,9,14,15,187
14.5,9,15,0,175
14.5,9,15,1,176
14.5,9,15,2,177
14.5,9,15,3,178
14.5,9,15,4,179
14.5,9,15,5,180
14.5,9,15,6,181
14.5,9,15,7,181
14.5,9,15,8,182
14.5,9,15,9,183
14.5,9,15,10,184
14.5,9,15,11,185
14.5,9,15,12,185
14.5,9,15,13,186
14.5,9,15,14,187
14.5,9,15,15,188
14.5,10,0,0,164
14.5,10,0,1,165
14.5,10,0,2,165
14.5,10,0,3,166
14.5,10,0,4,167
14.5,10,0,5,168
14.5,10,0,6,169
14.5,10,0,7,169
14.5,10,0,8,170
14.5,10,0,9,171
14.5,10,0,10,172
14.5,10,0,11,172
14.5,10,0,12,173
14.5,10,0,13,174
14.5,10,0,14,175
14.5,10,0,15,175
14.5,10,1,0,165
14.5,10,1,1,166
14.5,10,1,2,166
14.5,10,1,3,167
14.5,10,1,4,168
14.5,10,1,5,169
14.5,10,1,6,170
14.5,10,1,7,170
14.5,10,1,8,171
14.5,10,1,9,172
14.5,10,1,10,173
14.5,10,1,11,173
14.5,10,1,12,174
14.5,10,1,13,175
14.5,10,1,14,176
14.5,10,1,15,177
14.5,10,2,0,166
14.5,10,2,1,167
14.5,10,2,2,167
14.5,10,2,3,168
14.5,10,2,4,169
14.5,10,2,5,170
14.5,10,2,6,171
14.5,10,2,7,171
14.5,10,2,8,172
14.5,10,2,9,173
14.5,10,2,10,174
14.5,10,2,11,174
14.5,10,2,12,175
14.5,10,2,13,176
14.5,10,2,14,177
14.5,10,2,15,178
14.5,10,3,0,167
14.5,10,3,1,168
14.5,10,3,2,168
14.5,10,3,3,169
14.5,10,3,4,170
14.5,10,3,5,171
14.5,10,3,6,172
14.5,10,3,7,172
14.5,10,3,8,173
14.5,10,3,9,174
14.5,10,3,10,175
14.5,10,3,11,176
14.5,10,3,12,176
14.5,10,3,13,177
14.5,10,3,14,178
14.5,10,3,15,179
14.5,10,4,0,168
14.5,10,4,1,169
14.5,10,4,2,169
14.5,10,4,3,170
14.5,10,4,4,171
14.5,10,4,5,172
14.5,10,4,6,173
14.5,10,4,7,173
14.5,10,4,8,174
14.5,10,4,9,175
14.5,10,4,10,176
14.5,10,4,11,177
14.5,10,4,12,177
14.5,10,4,13,178
14.5,10,4,14,179
14.5,10,4,15,180
14.5,10,5,0,169
14.5,10,5,1,169
14.5,10,5,2,170
14.5,10,5,3,171
14.5,10,5,4,172
14.5,10,5,5,173
14.5,10,5,6,174
14.5,10,5,7,174
14.5,10,5,8,175
14.5,10,5,9,176
14.5,10,5,10,177
14.5,10,5,11,178
14.5,10,5,12,178
14.5,10,5,13,179
14.5,10,5,14,180
14.5,10,5,15,181
14.5,10,6,0,170
14.5,10,6,1,170
14.5,10,6,2,171
14.5,10,6,3,172
14.5,10,6,4,173
14.5,10,6,5,174
14.5,10,6,6,175
14.5,10,6,7,175
14.5,10,6,8,176
14.5,10,6,9,177
14.5,10,6,10,178
14.5,10,6,11,179
14.5,10,6,12,179
14.5,10,6,13,180
14.5,10,6,14,181
14.5,10,6,15,182
14.5,10,7,0,171
14.5,10,7,1,171
14.5,10,7,2,172
14.5,10,7,3,173
14.5,10,7,4,174
14.5,10,7,5,175
14.5,10,7,6,176
14.5,10,7,7,176
14.5,10,7,8,177
14.5,10,7,9,178
14.5,10,7,10,179
14.5,10,7,11,180
14.5,10,7,12,180
14.5,10,7,13,181
14.5,10,7,14,182
14.5,10,7,15,183
14.5,10,8,0,172
14.5,10,8,1,172
14.5,10,8,2,173
14.5,10,8,3,174
14.5,10,8,4,175
14.5,10,8,5,176
14.5,10,8,6,177
14.5,10,8,7,177
14.5,10,8,8,178
14.5,10,8,9,179
14.5,10,8,10,180
14.5,10,8,11,181
14.5,10,8,12,181
14.5,10,8,13,182
14.5,10,8,14,183
14.5,10,8,15,184
14.5,10,9,0,172
14.5,10,9,1,173
14.5,10,9,2,174
14.5,10,9,3,175
14.5,10,9,4,176
14.5,10,9,5,177
14.5,10,9,6,177
14.5,10,9,7,178
14.5,10,9,8,179
14.5,10,9,9,180
14.5,10,9,10,181
14.5,10,9,11,182
14.5,10,9,12,182
14.5,10,9,13,183
14.5,10,9,14,184
14.5,10,9,15,185
14.5,10,10,0,173
14.5,10,10,1,174
14.5,10,10,2,175
14.5,10,10,3,176
14.5,10,10,4,177
14.5,10,10,5,178
14.5,10,10,6,178
14.5,10,10,7,179
14.5,10,10,8,180
14.5,10,10,9,181
14.5,10,10,10,182
14.5,10,10,11,183
14.5,10,10,12,183
14.5,10,10,13,184
14.5,10,10,14,185
14.5,10,10,15,186
14.5,10,11,0,174
14.5,10,11,1,175
14.5,10,11,2,176
14.5,10,11,3,177
14.5,10,11,4,178
14.5,10,11,5,179
14.5,10,11,6,179
14.5,10,11,7,180
14.5,10,11,8,181
14.5,10,11,9,182
14.5,10,11,10,183
14.5,10,11,11,184
14.5,10,11,12,184
14.5,10,11,13,185
14.5,10,11,14,186
14.5,10,11,15,187
14.5,10,12,0,175
14.5,10,12,1,176
14.5,10,12,2,177
14.5,10,12,3,178
14.5,10,12,4,179
14.5,10,12,5,180
14.5,10,12,6,180
14.5,10,12,7,181
14.5,10,12,8,182
14.5,10,12,9,183
14.5,10,12,10,184
14.5,10,12,11,185
14.5,10,12,12,185
14.5,10,12,13,186
14.5,10,12,14,187
14.5,10,12,15,188
14.5,10,13,0,176
14.5,10,13,1,177
14.5,10,13,2,178
14.5,10,13,3,179
14.5,10,13,4,180
14.5,10,13,5,180
14.5,10,13,6,181
14.5,10,13,7,182
14.5,10,13,8,183
14.5,10,13,9,184
14.5,10,13,10,185
14.5,10,13,11,185
14.5,10,13,12,186
14.5,10,13,13,187
14.5,10,13,14,188
14.5,10,13,15,189
14.5,10,14,0,177
14.5,10,14,1,178
14.5,10,14,2,179
14.5,10,14,3,180
14.5,10,14,4,181
14.5,10,14,5,181
14.5,10,14,6,182
14.5,10,14,7,183
14.5,10,14,8,184
14.5,10,14,9,185
14.5,10,14,10,186
14.5,10,14,11,186
14.5,10,14,12,187
14.5,10,14,13,188
14.5,10,14,14,189
14.5,10,14,15,190
14.5,10,15,0,178
14.5,10,15,1,179
14.5,10,15,2,180
14.5,10,15,3,181
14.5,10,15,4,181
14.5,10,15,5,182
14.5,10,15,6,183
14.5,10,15,7,184
14.5,10,15,8,185
14.5,10,15,9,186
14.5,10,15,10,187
14.5,10,15,11,187
14.5,10,15,12,188
14.5,10,15,13,189
14.5,10,15,14,190
14.5,10,15,15,191
14.5,11,0,0,166
14.5,11,0,1,167
14.5,11,0,2,168
14.5,11,0,3,169
14.5,11,0,4,169
14.5,11,0,5,170
14.5,11,0,6,171
14.5,11,0,7,172
14.5,11,0,8,173
14.5,11,0,9,173
14.5,11,0,10,174
14.5,11,0,11,175
14.5,11,0,12,176
14.5,11,0,13,176
14.5,11,0,14,177
14.5,11,0,15,178
14.5,11,1,0,167
14.5,11,1,1,168
14.5,11,1,2,169
14.5,11,1,3,170
14.5,11,1,4,170
14.5,11,1,5,171
14.5,11,1,6,172
14.5,11,1,7,173
14.5,11,1,8,174
14.5,11,1,9,174
14.5,11,1,10,175
14.5,11,1,11,176
14.5,11,1,12,177
14.5,11,1,13,178
14.5,11,1,14,178
14.5,11,1,15,179
14.5,11,2,0,168
14.5,11,2,1,169
14.5,11,2,2,170
14.5,11,2,3,171
14.5,11,2,4,171
14.5,11,2,5,172
14.5,11,2,6,173
14.5,11,2,7,174
14.5,11,2,8,175
14.5,11,2,9,175
14.5,11,2,10,176
14.5,11,2,11,177
14.5,11,2,12,178
14.5,11,2,13,179
14.5,11,2,14,179
14.5,11,2,15,180
14.5,11,3,0,169
14.5,11,3,1,170
14.5,11,3,2,171
14.5,11,3,3,172
14.5,11,3,4,172
14.5,11,3,5,173
14.5,11,3,6,174
14.5,11,3,7,175
14.5,11,3,8,176
14.5,11,3,9,176
14.5,11,3,10,177
14.5,11,3,11,178
14.5,11,3,12,179
14.5,11,3,13,180
14.5,11,3,14,180
14.5,11,3,15,181
14.5,11,4,0,170
14.5,11,4,1,171
14.5,11,4,2,172
14.5,11,4,3,173
14.5,11,4,4,173
14.5,11,4,5,174
14.5,11,4,6,175
14.5,11,4,7,176
14.5,11,4,8,177
14.5,11,4,9,178
14.5,11,4,10,178
14.5,11,4,11,179
14.5,11,4,12,180
14.5,11,4,13,181
14.5,11,4,14,181
14.5,11,4,15,182
14.5,11,5,0,171
14.5,11,5,1,172
14.5,11,5,2,173
14.5,11,5,3,174
14.5,11,5,4,174
14.5,11,5,5,175
14.5,11,5,6,176
14.5,11,5,7,177
14.5,11,5,8,178
14.5,11,5,9,179
14.5,11,5,10,179
14.5,11,5,11,180
14.5,11,5,12,181
14.5,11,5,13,182
14.5,11,5,14,183
14.5,11,5,15,183
14.5,11,6,0,172
14.5,11,6,1,173
14.5,11,6,2,174
14.5,11,6,3,175
14.5,11,6,4,175
14.5,11,6,5,176
14.5,11,6,6,177
14.5,11,6,7,178
14.5,11,6,8,179
14.5,11,6,9,180
14.5,11,6,10,180
14.5,11,6,11,181
14.5,11,6,12,182
14.5,11,6,13,183
14.5,11,6,14,184
14.5,11,6,15,184
14.5,11,7,0,173
14.5,11,7,1,174
14.5,11,7,2,175
14.5,11,7,3,176
14.5,11,7,4,176
14.5,11,7,5,177
14.5,11,7,6,178
14.5,11,7,7,179
14.5,11,7,8,180
14.5,11,7,9,181
14.5,11,7,10,181
14.5,11,7,11,182
14.5,11,7,12,183
14.5,11,7,13,184
14.5,11,7,14,185
14.5,11,7,15,185
14.5,11,8,0,174
14.5,11,8,1,175
14.5,11,8,2,176
14.5,11,8,3,177
14.5,11,8,4,177
14.5,11,8,5,178
14.5,11,8,6,179
14.5,11,8,7,180
14.5,11,8,8,181
14.5,11,8,9,182
14.5,11,8,10,182
14.5,11,8,11,183
14.5,11,8,12,184
14.5,11,8,13,185
14.5,11,8,14,186
14.5,11,8,15,186
14.5,11,9,0,175
14.5,11,9,1,176
14.5,11,9,2,177
14.5,11,9,3,178
14.5,11,9,4,178
14.5,11,9,5,179
14.5,11,9,6,180
14.5,11,9,7,181
14.5,11,9,8,182
14.5,11,9,9,183
14.5,11,9,10,183
14.5,11,9,11,184
14.5,11,9,12,185
14.5,11,9,13,186
14.5,11,9,14,187
14.5,11,9,15,187
14.5,11,10,0,176
14.5,11,10,1,177
14.5,11,10,2,178
14.5,11,10,3,179
14.5,11,10,4,179
14.5,11,10,5,180
14.5,11,10,6,181
14.5,11,10,7,182
14.5,11,10,8,183
14.5,11,10,9,184
14.5,11,10,10,184
14.5,11,10,11,185
14.5,11,10,12,186
14.5,11,10,13,187
14.5,11,10,14,188
14.5,11,10,15,188
14.5,11,11,0,177
14.5,11,11,1,178
14.5,11,11,2,179
14.5,11,11,3,179
14.5,11,11,4,180
14.5,11,11,5,181
14.5,11,11,6,182
14.5,11,11,7,183
14.5,11,11,8,184
14.5,11,11,9,185
14.5,11,11,10,185
14.5,11,11,11,186
14.5,11,11,12,187
14.5,11,11,13,188
14.5,11,11,14,189
14.5,11,11,15,189
14.5,11,12,0,178
14.5,11,12,1,179
14.5,11,12,2,180
14.5,11,12,3,180
14.5,11,12,4,181
14.5,11,12,5,182
14.5,11,12,6,183
14.5,11,12,7,184
14.5,11,12,8,185
14.5,11,12,9,186
14.5,11,12,10,186
14.5,11,12,11,187
14.5,11,12,12,188
14.5,11,12,13,189
14.5,11,12,14,190
14.5,11,12,15,190
14.5,11,13,0,179
14.5,11,13,1,180
14.5,11,13,2,180
14.5,11,13,3,181
14.5,11,13,4,182
14.5,11,13,5,183
14.5,11,13,6,184
14.5,11,13,7,185
14.5,11,13,8,186
14.5,11,13,9,186
14.5,11,13,10,187
14.5,11,13,11,188
14.5,11,13,12,189
14.5,11,13,13,190
14.5,11,13,14,191
14.5,11,13,15,191
14.5,11,14,0,180
14.5,11,14,1,181
14.5,11,14,2,181
14.5,11,14,3,182
14.5,11,14,4,183
14.5,11,14,5,184
14.5,11,14,6,185
14.5,11,14,7,186
14.5,11,14,8,187
14.5,11,14,9,187
14.5,11,14,10,188
14.5,11,14,11,189
14.5,11,14,12,190
14.5,11,14,13,191
14.5,11,14,14,192
14.5,11,14,15,192
14.5,11,15,0,181
14.5,11,15,1,181
14.5,11,15,2,182
14.5,11,15,3,183
14.5,11,15,4,184
14.5,11,15,5,185
14.5,11,15,6,186
14.5,11,15,7,187
14.5,11,15,8,188
14.5,11,15,9,188
14.5,11,15,10,189
14.5,11,15,11,190
14.5,11,15,12,191
14.5,11,15,13,192
14.5,11,15,14,193
14.5,11,15,15,193
14.5,12,0,0,169
14.5,12,0,1,169
14.5,12,0,2,170
14.5,12,0,3,171
14.5,12,0,4,172
14.5,12,0,5,173
14.5,12,0,6,173
14.5,12,0,7,174
14.5,12,0,8,175
14.5,12,0,9,176
14.5,12,0,10,177
14.5,12,0,11,177
14.5,12,0,12,178
14.5,12,0,13,179
14.5,12,0,14,180
14.5,12,0,15,181
14.5,12,1,0,170
14.5,12,1,1,170
14.5,12,1,2,171
14.5,12,1,3,172
14.5,12,1,4,173
14.5,12,1,5,174
14.5,12,1,6,174
14.5,12,1,7,175
14.5,12,1,8,176
14.5,12,1,9,177
14.5,12,1,10,178
14.5,12,1,11,179
14.5,12,1,12,179
14.5,12,1,13,180
14.5,12,1,14,181
14.5,12,1,15,182
14.5,12,2,0,171
14.5,12,2,1,171
14.5,12,2,2,172
14.5,12,2,3,173
14.5,12,2,4,174
14.5,12,2,5,175
14.5,12,2,6,176
14.5,12,2,7,176
14.5,12,2,8,177
14.5,12,2,9,178
14.5,12,2,10,179
14.5,12,2,11,180
14.5,12,2,12,180
14.5,12,2,13,181
14.5,12,2,14,182
14.5,12,2,15,183
14.5,12,3,0,172
14.5,12,3,1,172
14.5,12,3,2,173
14.5,12,3,3,174
14.5,12,3,4,175
14.5,12,3,5,176
14.5,12,3,6,177
14.5,12,3,7,177
14.5,12,3,8,178
14.5,12,3,9,179
14.5,12,3,10,180
14.5,12,3,11,181
14.5,12,3,12,181
14.5,12,3,13,182
14.5,12,3,14,183
14.5,12,3,15,184
14.5,12,4,0,173
14.5,12,4,1,173
14.5,12,4,2,174
14.5,12,4,3,175
14.5,12,4,4,176
14.5,12,4,5,177
14.5,12,4,6,178
14.5,12,4,7,178
14.5,12,4,8,179
14.5,12,4,9,180
14.5,12,4,10,181
14.5,12,4,11,182
14.5,12,4,12,182
14.5,12,4,13,183
14.5,12,4,14,184
14.5,12,4,15,185
14.5,12,5,0,174
14.5,12,5,1,174
14.5,12,5,2,175
14.5,12,5,3,176
14.5,12,5,4,177
14.5,12,5,5,178
14.5,12,5,6,179
14.5,12,5,7,179
14.5,12,5,8,180
14.5,12,5,9,181
14.5,12,5,10,182
14.5,12,5,11,183
14.5,12,5,12,184
14.5,12,5,13,184
14.5,12,5,14,185
14.5,12,5,15,186
14.5,12,6,0,175
14.5,12,6,1,175
14.5,12,6,2,176
14.5,12,6,3,177
14.5,12,6,4,178
14.5,12,6,5,179
14.5,12,6,6,180
14.5,12,6,7,180
14.5,12,6,8,181
14.5,12,6,9,182
14.5,12,6,10,183
14.5,12,6,11,184
14.5,12,6,12,185
14.5,12,6,13,185
14.5,12,6,14,186
14.5,12,6,15,187
14.5,12,7,0,176
14.5,12,7,1,176
14.5,12,7,2,177
14.5,12,7,3,178
14.5,12,7,4,179
14.5,12,7,5,180
14.5,12,7,6,181
14.5,12,7,7,181
14.5,12,7,8,182
14.5,12,7,9,183
14.5,12,7,10,184
14.5,12,7,11,185
14.5,12,7,12,186
14.5,12,7,13,186
14.5,12,7,14,187
14.5,12,7,15,188
14.5,12,8,0,177
14.5,12,8,1,177
14.5,12,8,2,178
14.5,12,8,3,179
14.5,12,8,4,180
14.5,12,8,5,181
14.5,12,8,6,182
14.5,12,8,7,182
14.5,12,8,8,183
14.5,12,8,9,184
14.5,12,8,10,185
14.5,12,8,11,186
14.5,12,8,12,187
14.5,12,8,13,187
14.5,12,8,14,188
14.5,12,8,15,189
14.5,12,9,0,177
14.5,12,9,1,178
14.5,12,9,2,179
14.5,12,9,3,180
14.5,12,9,4,181
14.5,12,9,5,182
14.5,12,9,6,183
14.5,12,9,7,183
14.5,12,9,8,184
14.5,12,9,9,185
14.5,12,9,10,186
14.5,12,9,11,187
14.5,12,9,12,188
14.5,12,9,13,188
14.5,12,9,14,189
14.5,12,9,15,190
14.5,12,10,0,178
14.5,12,10,1,179
14.5,12,10,2,180
14.5,12,10,3,181
14.5,12,10,4,182
14.5,12,10,5,183
14.5,12,10,6,184
14.5,12,10,7,184
14.5,12,10,8,185
14.5,12,10,9,186
14.5,12,10,10,187
14.5,12,10,11,188
14.5,12,10,12,189
14.5,12,10,13,190
14.5,12,10,14,190
14.5,12,10,15,191
14.5,12,11,0,179
14.5,12,11,1,180
14.5,12,11,2,181
14.5,12,11,3,182
14.5,12,11,4,183
14.5,12,11,5,184
14.5,12,11,6,185
14.5,12,11,7,185
14.5,12,11,8,186
14.5,12,11,9,187
14.5,12,11,10,188
14.5,12,11,11,189
14.5,12,11,12,190
14.5,12,11,13,191
14.5,12,11,14,191
14.5,12,11,15,192
14.5,12,12,0,180
14.5,12,12,1,181
14.5,12,12,2,182
14.5,12,12,3,183
14.5,12,12,4,184
14.5,12,12,5,185
14.5,12,12,6,186
14.5,12,12,7,186
14.5,12,12,8,187
14.5,12,12,9,188
14.5,12,12,10,189
14.5,12,12,11,190
14.5,12,12,12,191
14.5,12,12,13,192
14.5,12,12,14,192
14.5,12,12,15,193
14.5,12,13,0,181
14.5,12,13,1,182
14.5,12,13,2,183
14.5,12,13,3,184
14.5,12,13,4,185
14.5,12,13,5,186
14.5,12,13,6,187
14.5,12,13,7,187
14.5,12,13,8,188
14.5,12,13,9,189
14.5,12,13,10,190
14.5,12,13,11,191
14.5,12,13,12,192
14.5,12,13,13,193
14.5,12,13,14,193
14.5,12,13,15,194
14.5,12,14,0,182
14.5,12,14,1,183
14.5,12,14,2,184
14.5,12,14,3,185
14.5,12,14,4,186
14.5,12,14,5,187
14.5,12,14,6,188
14.5,12,14,7,188
14.5,12,14,8,189
14.5,12,14,9,190
14.5,12,14,10,191
14.5,12,14,11,192
14.5,12,14,12,193
14.5,12,14,13,194
14.5,12,14,14,194
14.5,12,14,15,195
14.5,12,15,0,183
14.5,12,15,1,184
14.5,12,15,2,185
14.5,12,15,3,186
14.5,12,15,4,187
14.5,12,15,5,188
14.5,12,15,6,189
14.5,12,15,7,189
14.5,12,15,8,190
14.5,12,15,9,191
14.5,12,15,10,192
14.5,12,15,11,193
14.5,12,15,12,194
14.5,12,15,13,195
14.5,12,15,14,195
14.5,12,15,15,196
14.5,13,0,0,171
14.5,13,0,1,172
14.5,13,0,2,173
14.5,13,0,3,173
14.5,13,0,4,174
14.5,13,0,5,175
14.5,13,0,6,176
14.5,13,0,7,177
14.5,13,0,8,178
14.5,13,0,9,178
14.5,13,0,10,179
14.5,13,0,11,180
14.5,13,0,12,181
14.5,13,0,13,182
14.5,13,0,14,182
14.5,13,0,15,183
14.5,13,1,0,172
14.5,13,1,1,173
14.5,13,1,2,174
14.5,13,1,3,174
14.5,13,1,4,175
14.5,13,1,5,176
14.5,13,1,6,177
14.5,13,1,7,178
14.5,13,1,8,179
14.5,13,1,9,179
14.5,13,1,10,180
14.5,13,1,11,181
14.5,13,1,12,182
14.5,13,1,13,183
14.5,13,1,14,183
14.5,13,1,15,184
14.5,13,2,0,173
14.5,13,2,1,174
14.5,13,2,2,175
14.5,13,2,3,176
14.5,13,2,4,176
14.5,13,2,5,177
14.5,13,2,6,178
14.5,13,2,7,179
14.5,13,2,8,180
14.5,13,2,9,180
14.5,13,2,10,181
14.5,13,2,11,182
14.5,13,2,12,183
14.5,13,2,13,184
14.5,13,2,14,185
14.5,13,2,15,185
14.5,13,3,0,174
14.5,13,3,1,175
14.5,13,3,2,176
14.5,13,3,3,177
14.5,13,3,4,177
14.5,13,3,5,178
14.5,13,3,6,179
14.5,13,3,7,180
14.5,13,3,8,181
14.5,13,3,9,182
14.5,13,3,10,182
14.5,13,3,11,183
14.5,13,3,12,184
14.5,13,3,13,185
14.5,13,3,14,186
14.5,13,3,15,186
14.5,13,4,0,175
14.5,13,4,1,176
14.5,13,4,2,177
14.5,13,4,3,178
14.5,13,4,4,178
14.5,13,4,5,179
14.5,13,4,6,180
14.5,13,4,7,181
14.5,13,4,8,182
14.5,13,4,9,183
14.5,13,4,10,183
14.5,13,4,11,184
14.5,13,4,12,185
14.5,13,4,13,186
14.5,13,4,14,187
14.5,13,4,15,187
14.5,13,5,0,176
14.5,13,5,1,177
14.5,13,5,2,178
14.5,13,5,3,179
14.5,13,5,4,179
14.5,13,5,5,180
14.5,13,5,6,181
14.5,13,5,7,182
14.5,13,5,8,183
14.5,13,5,9,184
14.5,13,5,10,184
14.5,13,5,11,185
14.5,13,5,12,186
14.5,13,5,13,187
14.5,13,5,14,188
14.5,13,5,15,189
14.5,13,6,0,177
14.5,13,6,1,178
14.5,13,6,2,179
14.5,13,6,3,180
14.5,13,6,4,180
14.5,13,6,5,181
14.5,13,6,6,182
14.5,13,6,7,183
14.5,13,6,8,184
14.5,13,6,9,185
14.5,13,6,10,186
14.5,13,6,11,186
14.5,13,6,12,187
14.5,13,6,13,188
14.5,13,6,14,189
14.5,13,6,15,190
14.5,13,7,0,178
14.5,13,7,1,179
14.5,13,7,2,180
14.5,13,7,3,181
14.5,13,7,4,181
14.5,13,7,5,182
14.5,13,7,6,183
14.5,13,7,7,184
14.5,13,7,8,185
14.5,13,7,9,186
14.5,13,7,10,187
14.5,13,7,11,187
14.5,13,7,12,188
14.5,13,7,13,189
14.5,13,7,14,190
14.5,13,7,15,191
14.5,13,8,0,179
14.5,13,8,1,180
14.5,13,8,2,181
14.5,13,8,3,182
14.5,13,8,4,182
14.5,13,8,5,183
14.5,13,8,6,184
14.5,13,8,7,185
14.5,13,8,8,186
14.5,13,8,9,187
14.5,13,8,10,188
14.5,13,8,11,188
14.5,13,8,12,189
14.5,13,8,13,190
14.5,13,8,14,191
14.5,13,8,15,192
14.5,13,9,0,180
14.5,13,9,1,181
14.5,13,9,2,182
14.5,13,9,3,183
14.5,13,9,4,183
14.5,13,9,5,184
14.5,13,9,6,185
14.5,13,9,7,186
14.5,13,9,8,187
14.5,13,9,9,188
14.5,13,9,10,189
14.5,13,9,11,189
14.5,13,9,12,190
14.5,13,9,13,191
14.5,13,9,14,192
14.5,13,9,15,193
14.5,13,10,0,181
14.5,13,10,1,182
14.5,13,10,2,183
14.5,13,10,3,184
14.5,13,10,4,184
14.5,13,10,5,185
14.5,13,10,6,186
14.5,13,10,7,187
14.5,13,10,8,188
14.5,13,10,9,189
14.5,13,10,10,190
14.5,13,10,11,191
14.5,13,10,12,191
14.5,13,10,13,192
14.5,13,10,14,193
14.5,13,10,15,194
14.5,13,11,0,182
14.5,13,11,1,183
14.5,13,11,2,184
14.5,13,11,3,185
14.5,13,11,4,185
14.5,13,11,5,186
14.5,13,11,6,187
14.5,13,11,7,188
14.5,13,11,8,189
14.5,13,11,9,190
14.5,13,11,10,191
14.5,13,11,11,192
14.5,13,11,12,192
14.5,13,11,13,193
14.5,13,11,14,194
14.5,13,11,15,195
14.5,13,12,0,183
14.5,13,12,1,184
14.5,13,12,2,185
14.5,13,12,3,186
14.5,13,12,4,186
14.5,13,12,5,187
14.5,13,12,6,188
14.5,13,12,7,189
14.5,13,12,8,190
14.5,13,12,9,191
14.5,13,12,10,192
14.5,13,12,11,193
14.5,13,12,12,193
14.5,13,12,13,194
14.5,13,12,14,195
14.5,13,12,15,196
14.5,13,13,0,184
14.5,13,13,1,185
14.5,13,13,2,186
14.5,13,13,3,187
14.5,13,13,4,187
14.5,13,13,5,188
14.5,13,13,6,189
14.5,13,13,7,190
14.5,13,13,8,191
14.5,13,13,9,192
14.5,13,13,10,193
14.5,13,13,11,194
14.5,13,13,12,194
14.5,13,13,13,195
14.5,13,13,14,196
14.5,13,13,15,197
14.5,13,14,0,185
14.5,13,14,1,186
14.5,13,14,2,187
14.5,13,14,3,188
14.5,13,14,4,188
14.5,13,14,5,189
14.5,13,14,6,190
14.5,13,14,7,191
14.5,13,14,8,192
14.5,13,14,9,193
14.5,13,14,10,194
14.5,13,14,11,195
14.5,13,14,12,195
14.5,13,14,13,196
14.5,13,14,14,197
14.5,13,14,15,198
14.5,13,15,0,186
14.5,13,15,1,187
14.5,13,15,2,188
14.5,13,15,3,189
14.5,13,15,4,189
14.5,13,15,5,190
14.5,13,15,6,191
14.5,13,15,7,192
14.5,13,15,8,193
14.5,13,15,9,194
14.5,13,15,10,195
14.5,13,15,11,196
14.5,13,15,12,196
14.5,13,15,13,197
14.5,13,15,14,198
14.5,13,15,15,199
14.5,14,0,0,173
14.5,14,0,1,174
14.5,14,0,2,175
14.5,14,0,3,176
14.5,14,0,4,177
14.5,14,0,5,178
14.5,14,0,6,178
14.5,14,0,7,179
14.5,14,0,8,180
14.5,14,0,9,181
14.5,14,0,10,182
14.5,14,0,11,182
14.5,14,0,12,183
14.5,14,0,13,184
14.5,14,0,14,185
14.5,14,0,15,186
14.5,14,1,0,174
14.5,14,1,1,175
14.5,14,1,2,176
14.5,14,1,3,177
14.5,14,1,4,178
14.5,14,1,5,179
14.5,14,1,6,179
14.5,14,1,7,180
14.5,14,1,8,181
14.5,14,1,9,182
14.5,14,1,10,183
14.5,14,1,11,184
14.5,14,1,12,184
14.5,14,1,13,185
14.5,14,1,14,186
14.5,14,1,15,187
14.5,14,2,0,175
14.5,14,2,1,176
14.5,14,2,2,177
14.5,14,2,3,178
14.5,14,2,4,179
14.5,14,2,5,180
14.5,14,2,6,180
14.5,14,2,7,181
14.5,14,2,8,182
14.5,14,2,9,183
14.5,14,2,10,184
14.5,14,2,11,185
14.5,14,2,12,185
14.5,14,2,13,186
14.5,14,2,14,187
14.5,14,2,15,188
14.5,14,3,0,176
14.5,14,3,1,177
14.5,14,3,2,178
14.5,14,3,3,179
14.5,14,3,4,180
14.5,14,3,5,181
14.5,14,3,6,182
14.5,14,3,7,182
14.5,14,3,8,183
14.5,14,3,9,184
14.5,14,3,10,185
14.5,14,3,11,186
14.5,14,3,12,187
14.5,14,3,13,187
14.5,14,3,14,188
14.5,14,3,15,189
14.5,14,4,0,177
14.5,14,4,1,178
14.5,14,4,2,179
14.5,14,4,3,180
14.5,14,4,4,181
14.5,14,4,5,182
14.5,14,4,6,183
14.5,14,4,7,183
14.5,14,4,8,184
14.5,14,4,9,185
14.5,14,4,10,186
14.5,14,4,11,187
14.5,14,4,12,188
14.5,14,4,13,188
14.5,14,4,14,189
14.5,14,4,15,190
14.5,14,5,0,178
14.5,14,5,1,179
14.5,14,5,2,180
14.5,14,5,3,181
14.5,14,5,4,182
14.5,14,5,5,183
14.5,14,5,6,184
14.5,14,5,7,185
14.5,14,5,8,185
14.5,14,5,9,186
14.5,14,5,10,187
14.5,14,5,11,188
14.5,14,5,12,189
14.5,14,5,13,190
14.5,14,5,14,190
14.5,14,5,15,191
14.5,14,6,0,179
14.5,14,6,1,180
14.5,14,6,2,181
14.5,14,6,3,182
14.5,14,6,4,183
14.5,14,6,5,184
14.5,14,6,6,185
14.5,14,6,7,186
14.5,14,6,8,186
14.5,14,6,9,187
14.5,14,6,10,188
14.5,14,6,11,189
14.5,14,6,12,190
14.5,14,6,13,191
14.5,14,6,14,191
14.5,14,6,15,192
14.5,14,7,0,180
14.5,14,7,1,181
14.5,14,7,2,182
14.5,14,7,3,183
14.5,14,7,4,184
14.5,14,7,5,185
14.5,14,7,6,186
14.5,14,7,7,187
14.5,14,7,8,187
14.5,14,7,9,188
14.5,14,7,10,189
14.5,14,7,11,190
14.5,14,7,12,191
14.5,14,7,13,192
14.5,14,7,14,193
14.5,14,7,15,193
14.5,14,8,0,181
14.5,14,8,1,182
14.5,14,8,2,183
14.5,14,8,3,184
14.5,14,8,4,185
14.5,14,8,5,186
14.5,14,8,6,187
14.5,14,8,7,188
14.5,14,8,8,189
14.5,14,8,9,189
14.5,14,8,10,190
14.5,14,8,11,191
14.5,14,8,12,192
14.5,14,8,13,193
14.5,14,8,14,194
14.5,14,8,15,194
14.5,14,9,0,182
14.5,14,9,1,183
14.5,14,9,2,184
14.5,14,9,3,185
14.5,14,9,4,186
14.5,14,9,5,187
14.5,14,9,6,188
14.5,14,9,7,189
14.5,14,9,8,190
14.5,14,9,9,190
14.5,14,9,10,191
14.5,14,9,11,192
14.5,14,9,12,193
14.5,14,9,13,194
14.5,14,9,14,195
14.5,14,9,15,195
14.5,14,10,0,183
14.5,14,10,1,184
14.5,14,10,2,185
14.5,14,10,3,186
14.5,14,10,4,187
14.5,14,10,5,188
14.5,14,10,6,189
14.5,14,10,7,190
14.5,14,10,8,191
14.5,14,10,9,191
14.5,14,10,10,192
14.5,14,10,11,193
14.5,14,10,12,194
14.5,14,10,13,195
14.5,14,10,14,196
14.5,14,10,15,197
14.5,14,11,0,184
14.5,14,11,1,185
14.5,14,11,2,186
14.5,14,11,3,187
14.5,14,11,4,188
14.5,14,11,5,189
14.5,14,11,6,190
14.5,14,11,7,191
14.5,14,11,8,192
14.5,14,11,9,192
14.5,14,11,10,193
14.5,14,11,11,194
14.5,14,11,12,195
14.5,14,11,13,196
14.5,14,11,14,197
14.5,14,11,15,198
14.5,14,12,0,185
14.5,14,12,1,186
14.5,14,12,2,187
14.5,14,12,3,188
14.5,14,12,4,189
14.5,14,12,5,190
14.5,14,12,6,191
14.5,14,12,7,192
14.5,14,12,8,193
14.5,14,12,9,193
14.5,14,12,10,194
14.5,14,12,11,195
14.5,14,12,12,196
14.5,14,12,13,197
14.5,14,12,14,198
14.5,14,12,15,199
14.5,14,13,0,186
14.5,14,13,1,187
14.5,14,13,2,188
14.5,14,13,3,189
14.5,14,13,4,190
14.5,14,13,5,191
14.5,14,13,6,192
14.5,14,13,7,193
14.5,14,13,8,194
14.5,14,13,9,195
14.5,14,13,10,195
14.5,14,13,11,196
14.5,14,13,12,197
14.5,14,13,13,198
14.5,14,13,14,199
14.5,14,13,15,200
14.5,14,14,0,187
14.5,14,14,1,188
14.5,14,14,2,189
14.5,14,14,3,190
14.5,14,14,4,191
14.5,14,14,5,192
14.5,14,14,6,193
14.5,14,14,7,194
14.5,14,14,8,195
14.5,14,14,9,196
14.5,14,14,10,196
14.5,14,14,11,197
14.5,14,14,12,198
14.5,14,14,13,199
14.5,14,14,14,200
14.5,14,14,15,201
14.5,14,15,0,188
14.5,14,15,1,189
14.5,14,15,2,190
14.5,14,15,3,191
14.5,14,15,4,192
14.5,14,15,5,193
14.5,14,15,6,194
14.5,14,15,7,195
14.5,14,15,8,196
14.5,14,15,9,197
14.5,14,15,10,197
14.5,14,15,11,198
14.5,14,15,12,199
14.5,14,15,13,200
14.5,14,15,14,201
14.5,14,15,15,202
14.5,15,0,0,176
14.5,15,0,1,177
14.5,15,0,2,177
14.5,15,0,3,178
14.5,15,0,4,179
14.5,15,0,5,180
14.5,15,0,6,181
14.5,15,0,7,182
14.5,15,0,8,182
14.5,15,0,9,183
14.5,15,0,10,184
14.5,15,0,11,185
14.5,15,0,12,186
14.5,15,0,13,187
14.5,15,0,14,187
14.5,15,0,15,188
14.5,15,1,0,177
14.5,15,1,1,178
14.5,15,1,2,178
14.5,15,1,3,179
14.5,15,1,4,180
14.5,15,1,5,181
14.5,15,1,6,182
14.5,15,1,7,183
14.5,15,1,8,184
14.5,15,1,9,184
14.5,15,1,10,185
14.5,15,1,11,186
14.5,15,1,12,187
14.5,15,1,13,188
14.5,15,1,14,189
14.5,15,1,15,189
14.5,15,2,0,178
14.5,15,2,1,179
14.5,15,2,2,180
14.5,15,2,3,180
14.5,15,2,4,181
14.5,15,2,5,182
14.5,15,2,6,183
14.5,15,2,7,184
14.5,15,2,8,185
14.5,15,2,9,186
14.5,15,2,10,186
14.5,15,2,11,187
14.5,15,2,12,188
14.5,15,2,13,189
14.5,15,2,14,190
14.5,15,2,15,190
14.5,15,3,0,179
14.5,15,3,1,180
14.5,15,3,2,181
14.5,15,3,3,181
14.5,15,3,4,182
14.5,15,3,5,183
14.5,15,3,6,184
14.5,15,3,7,185
14.5,15,3,8,186
14.5,15,3,9,187
14.5,15,3,10,187
14.5,15,3,11,188
14.5,15,3,12,189
14.5,15,3,13,190
14.5,15,3,14,191
14.5,15,3,15,192
14.5,15,4,0,180
14.5,15,4,1,181
14.5,15,4,2,182
14.5,15,4,3,183
14.5,15,4,4,183
14.5,15,4,5,184
14.5,15,4,6,185
14.5,15,4,7,186
14.5,15,4,8,187
14.5,15,4,9,188
14.5,15,4,10,189
14.5,15,4,11,189
14.5,15,4,12,190
14.5,15,4,13,191
14.5,15,4,14,192
14.5,15,4,15,193
14.5,15,5,0,181
14.5,15,5,1,182
14.5,15,5,2,183
14.5,15,5,3,184
14.5,15,5,4,184
14.5,15,5,5,185
14.5,15,5,6,186
14.5,15,5,7,187
14.5,15,5,8,188
14.5,15,5,9,189
14.5,15,5,10,190
14.5,15,5,11,190
14.5,15,5,12,191
14.5,15,5,13,192
14.5,15,5,14,193
14.5,15,5,15,194
14.5,15,6,0,182
14.5,15,6,1,183
14.5,15,6,2,184
14.5,15,6,3,185
14.5,15,6,4,185
14.5,15,6,5,186
14.5,15,6,6,187
14.5,15,6,7,188
14.5,15,6,8,189
14.5,15,6,9,190
14.5,15,6,10,191
14.5,15,6,11,192
14.5,15,6,12,192
14.5,15,6,13,193
14.5,15,6,14,194
14.5,15,6,15,195
14.5,15,7,0,183
14.5,15,7,1,184
14.5,15,7,2,185
14.5,15,7,3,186
14.5,15,7,4,187
14.5,15,7,5,187
14.5,15,7,6,188
14.5,15,7,7,189
14.5,15,7,8,190
14.5,15,7,9,191
14.5,15,7,10,192
14.5,15,7,11,193
14.5,15,7,12,193
14.5,15,7,13,194
14.5,15,7,14,195
14.5,15,7,15,196
14.5,15,8,0,184
14.5,15,8,1,185
14.5,15,8,2,186
14.5,15,8,3,187
14.5,15,8,4,188
14.5,15,8,5,188
14.5,15,8,6,189
14.5,15,8,7,190
14.5,15,8,8,191
14.5,15,8,9,192
14.5,15,8,10,193
14.5,15,8,11,194
14.5,15,8,12,195
14.5,15,8,13,195
14.5,15,8,14,196
14.5,15,8,15,197
14.5,15,9,0,185
14.5,15,9,1,186
14.5,15,9,2,187
14.5,15,9,3,188
14.5,15,9,4,189
14.5,15,9,5,189
14.5,15,9,6,190
14.5,15,9,7,191
14.5,15,9,8,192
14.5,15,9,9,193
14.5,15,9,10,194
14.5,15,9,11,195
14.5,15,9,12,196
14.5,15,9,13,196
14.5,15,9,14,197
14.5,15,9,15,198
14.5,15,10,0,186
14.5,15,10,1,187
14.5,15,10,2,188
14.5,15,10,3,189
14.5,15,10,4,190
14.5,15,10,5,191
14.5,15,10,6,191
14.5,15,10,7,192
14.5,15,10,8,193
14.5,15,10,9,194
14.5,15,10,10,195
14.5,15,10,11,196
14.5,15,10,12,197
14.5,15,10,13,198
14.5,15,10,14,198
14.5,15,10,15,199
14.5,15,11,0,187
14.5,15,11,1,188
14.5,15,11,2,189
14.5,15,11,3,190
14.5,15,11,4,191
14.5,15,11,5,192
14.5,15,11,6,192
14.5,15,11,7,193
14.5,15,11,8,194
14.5,15,11,9,195
14.5,15,11,10,196
14.5,15,11,11,197
14.5,15,11,12,198
14.5,15,11,13,199
14.5,15,11,14,199
14.5,15,11,15,200
14.5,15,12,0,188
14.5,15,12,1,189
14.5,15,12,2,190
14.5,15,12,3,191
14.5,15,12,4,192
14.5,15,12,5,193
14.5,15,12,6,193
14.5,15,12,7,194
14.5,15,12,8,195
14.5,15,12,9,196
14.5,15,12,10,197
14.5,15,12,11,198
14.5,15,12,12,199
14.5,15,12,13,200
14.5,15,12,14,201
14.5,15,12,15,201
14.5,15,13,0,189
14.5,15,13,1,190
14.5,15,13,2,191
14.5,15,13,3,192
14.5,15,13,4,193
14.5,15,13,5,194
14.5,15,13,6,194
14.5,15,13,7,195
14.5,15,13,8,196
14.5,15,13,9,197
14.5,15,13,10,198
14.5,15,13,11,199
14.5,15,13,12,200
14.5,15,13,13,201
14.5,15,13,14,202
14.5,15,13,15,202
14.5,15,14,0,190
14.5,15,14,1,191
14.5,15,14,2,192
14.5,15,14,3,193
14.5,15,14,4,194
14.5,15,14,5,195
14.5,15,14,6,195
14.5,15,14,7,196
14.5,15,14,8,197
14.5,15,14,9,198
14.5,15,14,10,199
14.5,15,14,11,200
14.5,15,14,12,201
14.5,15,14,13,202
14.5,15,14,14,203
14.5,15,14,15,204
14.5,15,15,0,191
14.5,15,15,1,192
14.5,15,15,2,193
14.5,15,15,3,194
14.5,15,15,4,195
14.5,15,15,5,196
14.5,15,15,6,197
14.5,15,15,7,197
14.5,15,15,8,198
14.5,15,15,9,199
14.5,15,15,10,200
14.5,15,15,11,201
14.5,15,15,12,202
14.5,15,15,13,203
14.5,15,15,14,204
14.5,15,15,15,205
15.0,0,0,0,145
15.0,0,0,1,146
15.0,0,0,2,146
15.0,0,0,3,147
15.0,0,0,4,148
15.0,0,0,5,148
15.0,0,0,6,149
15.0,0,0,7,150
15.0,0,0,8,150
15.0,0,0,9,151
15.0,0,0,10,152
15.0,0,0,11,152
15.0,0,0,12,153
15.0,0,0,13,154
15.0,0,0,14,154
15.0,0,0,15,155
15.0,0,1,0,146
15.0,0,1,1,146
15.0,0,1,2,147
15.0,0,1,3,148
15.0,0,1,4,149
15.0,0,1,5,149
15.0,0,1,6,150
15.0,0,1,7,151
15.0,0,1,8,151
15.0,0,1,9,152
15.0,0,1,10,153
15.0,0,1,11,153
15.0,0,1,12,154
15.0,0,1,13,155
15.0,0,1,14,155
15.0,0,1,15,156
15.0,0,2,0,147
15.0,0,2,1,147
15.0,0,2,2,148
15.0,0,2,3,149
15.0,0,2,4,149
15.0,0,2,5,150
15.0,0,2,6,151
15.0,0,2,7,152
15.0,0,2,8,152
15.0,0,2,9,153
15.0,0,2,10,154
15.0,0,2,11,154
15.0,0,2,12,155
15.0,0,2,13,156
15.0,0,2,14,156
15.0,0,2,15,157
15.0,0,3,0,147
15.0,0,3,1,148
15.0,0,3,2,149
15.0,0,3,3,150
15.0,0,3,4,150
15.0,0,3,5,151
15.0,0,3,6,152
15.0,0,3,7,152
15.0,0,3,8,153
15.0,0,3,9,154
15.0,0,3,10,155
15.0,0,3,11,155
15.0,0,3,12,156
15.0,0,3,13,157
15.0,0,3,14,157
15.0,0,3,15,158
15.0,0,4,0,148
15.0,0,4,1,149
15.0,0,4,2,150
15.0,0,4,3,150
15.0,0,4,4,151
15.0,0,4,5,152
15.0,0,4,6,153
15.0,0,4,7,153
15.0,0,4,8,154
15.0,0,4,9,155
15.0,0,4,10,155
15.0,0,4,11,156
15.0,0,4,12,157
15.0,0,4,13,157
15.0,0,4,14,158
15.0,0,4,15,159
15.0,0,5,0,149
15.0,0,5,1,150
15.0,0,5,2,151
15.0,0,5,3,151
15.0,0,5,4,152
15.0,0,5,5,153
15.0,0,5,6,153
15.0,0,5,7,154
15.0,0,5,8,155
15.0,0,5,9,156
15.0,0,5,10,156
15.0,0,5,11,157
15.0,0,5,12,158
15.0,0,5,13,158
15.0,0,5,14,159
15.0,0,5,15,160
15.0,0,6,0,150
15.0,0,6,1,151
15.0,0,6,2,151
15.0,0,6,3,152
15.0,0,6,4,153
15.0,0,6,5,154
15.0,0,6,6,154
15.0,0,6,7,155
15.0,0,6,8,156
15.0,0,6,9,156
15.0,0,6,10,157
15.0,0,6,11,158
15.0,0,6,12,159
15.0,0,6,13,159
15.0,0,6,14,160
15.0,0,6,15,161
15.0,0,7,0,151
15.0,0,7,1,152
15.0,0,7,2,152
15.0,0,7,3,153
15.0,0,7,4,154
15.0,0,7,5,154
15.0,0,7,6,155
15.0,0,7,7,156
15.0,0,7,8,157
15.0,0,7,9,157
15.0,0,7,10,158
15.0,0,7,11,159
15.0,0,7,12,159
15.0,0,7,13,160
15.0,0,7,14,161
15.0,0,7,15,162
15.0,0,8,0,152
15.0,0,8,1,152
15.0,0,8,2,153
15.0,0,8,3,154
15.0,0,8,4,155
15.0,0,8,5,155
15.0,0,8,6,156
15.0,0,8,7,157
15.0,0,8,8,158
15.0,0,8,9,158
15.0,0,8,10,159
15.0,0,8,11,160
15.0,0,8,12,160
15.0,0,8,13,161
15.0,0,8,14,162
15.0,0,8,15,162
15.0,0,9,0,152
15.0,0,9,1,153
15.0,0,9,2,154
15.0,0,9,3,155
15.0,0,9,4,155
15.0,0,9,5,156
15.0,0,9,6,157
15.0,0,9,7,158
15.0,0,9,8,158
15.0,0,9,9,159
15.0,0,9,10,160
15.0,0,9,11,161
15.0,0,9,12,161
15.0,0,9,13,162
15.0,0,9,14,163
15.0,0,9,15,163
15.0,0,10,0,153
15.0,0,10,1,154
15.0,0,10,2,155
15.0,0,10,3,156
15.0,0,10,4,156
15.0,0,10,5,157
15.0,0,10,6,158
15.0,0,10,7,159
15.0,0,10,8,159
15.0,0,10,9,160
15.0,0,10,10,161
15.0,0,10,11,161
15.0,0,10,12,162
15.0,0,10,13,163
15.0,0,10,14,164
15.0,0,10,15,164
15.0,0,11,0,154
15.0,0,11,1,155
15.0,0,11,2,156
15.0,0,11,3,156
15.0,0,11,4,157
15.0,0,11,5,158
15.0,0,11,6,159
15.0,0,11,7,159
15.0,0,11,8,160
15.0,0,11,9,161
15.0,0,11,10,162
15.0,0,11,11,162
15.0,0,11,12,163
15.0,0,11,13,164
15.0,0,11,14,164
15.0,0,11,15,165
15.0,0,12,0,155
15.0,0,12,1,156
15.0,0,12,2,156
15.0,0,12,3,157
15.0,0,12,4,158
15.0,0,12,5,159
15.0,0,12,6,159
15.0,0,12,7,160
15.0,0,12,8,161
15.0,0,12,9,162
15.0,0,12,10,162
15.0,0,12,11,163
15.0,0,12,12,164
15.0,0,12,13,165
15.0,0,12,14,165
15.0,0,12,15,166
15.0,0,13,0,156
15.0,0,13,1,157
15.0,0,13,2,157
15.0,0,13,3,158
15.0,0,13,4,159
15.0,0,13,5,160
15.0,0,13,6,160
15.0,0,13,7,161
15.0,0,13,8,162
15.0,0,13,9,163
15.0,0,13,10,163
15.0,0,13,11,164
15.0,0,13,12,165
15.0,0,13,13,165
15.0,0,13,14,166
15.0,0,13,15,167
15.0,0,14,0,157
15.0,0,14,1,157
15.0,0,14,2,158
15.0,0,14,3,159
15.0,0,14,4,160
15.0,0,14,5,160
15.0,0,14,6,161
15.0,0,14,7,162
15.0,0,14,8,163
15.0,0,14,9,163
15.0,0,14,10,164
15.0,0,14,11,165
15.0,0,14,12,166
15.0,0,14,13,166
15.0,0,14,14,167
15.0,0,14,15,168
15.0,0,15,0,157
15.0,0,15,1,158
15.0,0,15,2,159
15.0,0,15,3,160
15.0,0,15,4,160
15.0,0,15,5,161
15.0,0,15,6,162
15.0,0,15,7,163
15.0,0,15,8,163
15.0,0,15,9,164
15.0,0,15,10,165
15.0,0,15,11,166
15.0,0,15,12,166
15.0,0,15,13,167
15.0,0,15,14,168
15.0,0,15,15,169
15.0,1,0,0,147
15.0,1,0,1,148
15.0,1,0,2,149
15.0,1,0,3,149
15.0,1,0,4,150
15.0,1,0,5,151
15.0,1,0,6,152
15.0,1,0,7,152
15.0,1,0,8,153
15.0,1,0,9,154
15.0,1,0,10,154
15.0,1,0,11,155
15.0,1,0,12,156
15.0,1,0,13,156
15.0,1,0,14,157
15.0,1,0,15,158
15.0,1,1,0,148
15.0,1,1,1,149
15.0,1,1,2,150
15.0,1,1,3,150
15.0,1,1,4,151
15.0,1,1,5,152
15.0,1,1,6,152
15.0,1,1,7,153
15.0,1,1,8,154
15.0,1,1,9,155
15.0,1,1,10,155
15.0,1,1,11,156
15.0,1,1,12,157
15.0,1,1,13,157
15.0,1,1,14,158
15.0,1,1,15,159
15.0,1,2,0,149
15.0,1,2,1,150
15.0,1,2,2,151
15.0,1,2,3,151
15.0,1,2,4,152
15.0,1,2,5,153
15.0,1,2,6,153
15.0,1,2,7,154
15.0,1,2,8,155
15.0,1,2,9,156
15.0,1,2,10,156
15.0,1,2,11,157
15.0,1,2,12,158
15.0,1,2,13,158
15.0,1,2,14,159
15.0,1,2,15,160
15.0,1,3,0,150
15.0,1,3,1,151
15.0,1,3,2,151
15.0,1,3,3,152
15.0,1,3,4,153
15.0,1,3,5,154
15.0,1,3,6,154
15.0,1,3,7,155
15.0,1,3,8,156
15.0,1,3,9,156
15.0,1,3,10,157
15.0,1,3,11,158
15.0,1,3,12,159
15.0,1,3,13,159
15.0,1,3,14,160
15.0,1,3,15,161
15.0,1,4,0,151
15.0,1,4,1,152
15.0,1,4,2,152
15.0,1,4,3,153
15.0,1,4,4,154
15.0,1,4,5,154
15.0,1,4,6,155
15.0,1,4,7,156
15.0,1,4,8,157
15.0,1,4,9,157
15.0,1,4,10,158
15.0,1,4,11,159
15.0,1,4,12,159
15.0,1,4,13,160
15.0,1,4,14,161
15.0,1,4,15,162
15.0,1,5,0,152
15.0,1,5,1,152
15.0,1,5,2,153
15.0,1,5,3,154
15.0,1,5,4,155
15.0,1,5,5,155
15.0,1,5,6,156
15.0,1,5,7,157
15.0,1,5,8,158
15.0,1,5,9,158
15.0,1,5,10,159
15.0,1,5,11,160
15.0,1,5,12,160
15.0,1,5,13,161
15.0,1,5,14,162
15.0,1,5,15,162
15.0,1,6,0,153
15.0,1,6,1,153
15.0,1,6,2,154
15.0,1,6,3,155
15.0,1,6,4,156
15.0,1,6,5,156
15.0,1,6,6,157
15.0,1,6,7,158
15.0,1,6,8,158
15.0,1,6,9,159
15.0,1,6,10,160
15.0,1,6,11,161
15.0,1,6,12,161
15.0,1,6,13,162
15.0,1,6,14,163
15.0,1,6,15,163
15.0,1,7,0,153
15.0,1,7,1,154
15.0,1,7,2,155
15.0,1,7,3,156
15.0,1,7,4,156
15.0,1,7,5,157
15.0,1,7,6,158
15.0,1,7,7,159
15.0,1,7,8,159
15.0,1,7,9,160
15.0,1,7,10,161
15.0,1,7,11,161
15.0,1,7,12,162
15.0,1,7,13,163
15.0,1,7,14,164
15.0,1,7,15,164
15.0,1,8,0,154
15.0,1,8,1,155
15.0,1,8,2,156
15.0,1,8,3,157
15.0,1,8,4,157
15.0,1,8,5,158
15.0,1,8,6,159
15.0,1,8,7,159
15.0,1,8,8,160
15.0,1,8,9,161
15.0,1,8,10,162
15.0,1,8,11,162
15.0,1,8,12,163
15.0,1,8,13,164
15.0,1,8,14,165
15.0,1,8,15,165
15.0,1,9,0,155
15.0,1,9,1,156
15.0,1,9,2,157
15.0,1,9,3,157
15.0,1,9,4,158
15.0,1,9,5,159
15.0,1,9,6,160
15.0,1,9,7,160
15.0,1,9,8,161
15.0,1,9,9,162
15.0,1,9,10,163
15.0,1,9,11,163
15.0,1,9,12,164
15.0,1,9,13,165
15.0,1,9,14,165
15.0,1,9,15,166
15.0,1,10,0,156
15.0,1,10,1,157
15.0,1,10,2,157
15.0,1,10,3,158
15.0,1,10,4,159
15.0,1,10,5,160
15.0,1,10,6,160
15.0,1,10,7,161
15.0,1,10,8,162
15.0,1,10,9,163
15.0,1,10,10,163
15.0,1,10,11,164
15.0,1,10,12,165
15.0,1,10,13,166
15.0,1,10,14,166
15.0,1,10,15,167
15.0,1,11,0,157
15.0,1,11,1,158
15.0,1,11,2,158
15.0,1,11,3,159
15.0,1,11,4,160
15.0,1,11,5,161
15.0,1,11,6,161
15.0,1,11,7,162
15.0,1,11,8,163
15.0,1,11,9,164
15.0,1,11,10,164
15.0,1,11,11,165
15.0,1,11,12,166
15.0,1,11,13,166
15.0,1,11,14,167
15.0,1,11,15,168
15.0,1,12,0,158
15.0,1,12,1,158
15.0,1,12,2,159
15.0,1,12,3,160
15.0,1,12,4,161
15.0,1,12,5,161
15.0,1,12,6,162
15.0,1,12,7,163
15.0,1,12,8,164
15.0,1,12,9,164
15.0,1,12,10,165
15.0,1,12,11,166
15.0,1,12,12,167
15.0,1,12,13,167
15.0,1,12,14,168
15.0,1,12,15,169
15.0,1,13,0,158
15.0,1,13,1,159
15.0,1,13,2,160
15.0,1,13,3,161
15.0,1,13,4,162
15.0,1,13,5,162
15.0,1,13,6,163
15.0,1,13,7,164
15.0,1,13,8,165
15.0,1,13,9,165
15.0,1,13,10,166
15.0,1,13,11,167
15.0,1,13,12,168
15.0,1,13,13,168
15.0,1,13,14,169
15.0,1,13,15,170
15.0,1,14,0,159
15.0,1,14,1,160
15.0,1,14,2,161
15.0,1,14,3,162
15.0,1,14,4,162
15.0,1,14,5,163
15.0,1,14,6,164
15.0,1,14,7,165
15.0,1,14,8,165
15.0,1,14,9,166
15.0,1,14,10,167
15.0,1,14,11,168
15.0,1,14,12,168
15.0,1,14,13,169
15.0,1,14,14,170
15.0,1,14,15,171
15.0,1,15,0,160
15.0,1,15,1,161
15.0,1,15,2,162
15.0,1,15,3,162
15.0,1,15,4,163
15.0,1,15,5,164
15.0,1,15,6,165
15.0,1,15,7,166
15.0,1,15,8,166
15.0,1,15,9,167
15.0,1,15,10,168
15.0,1,15,11,169
15.0,1,15,12,169
15.0,1,15,13,170
15.0,1,15,14,171
15.0,1,15,15,171
15.0,2,0,0,150
15.0,2,0,1,150
15.0,2,0,2,151
15.0,2,0,3,152
15.0,2,0,4,153
15.0,2,0,5,153
15.0,2,0,6,154
15.0,2,0,7,155
15.0,2,0,8,156
15.0,2,0,9,156
15.0,2,0,10,157
15.0,2,0,11,158
15.0,2,0,12,158
15.0,2,0,13,159
15.0,2,0,14,160
15.0,2,0,15,160
15.0,2,1,0,151
15.0,2,1,1,151
15.0,2,1,2,152
15.0,2,1,3,153
15.0,2,1,4,154
15.0,2,1,5,154
15.0,2,1,6,155
15.0,2,1,7,156
15.0,2,1,8,156
15.0,2,1,9,157
15.0,2,1,10,158
15.0,2,1,11,159
15.0,2,1,12,159
15.0,2,1,13,160
15.0,2,1,14,161
15.0,2,1,15,161
15.0,2,2,0,152
15.0,2,2,1,152
15.0,2,2,2,153
15.0,2,2,3,154
15.0,2,2,4,155
15.0,2,2,5,155
15.0,2,2,6,156
15.0,2,2,7,157
15.0,2,2,8,157
15.0,2,2,9,158
15.0,2,2,10,159
15.0,2,2,11,160
15.0,2,2,12,160
15.0,2,2,13,161
15.0,2,2,14,162
15.0,2,2,15,162
15.0,2,3,0,152
15.0,2,3,1,153
15.0,2,3,2,154
15.0,2,3,3,155
15.0,2,3,4,155
15.0,2,3,5,156
15.0,2,3,6,157
15.0,2,3,7,158
15.0,2,3,8,158
15.0,2,3,9,159
15.0,2,3,10,160
15.0,2,3,11,160
15.0,2,3,12,161
15.0,2,3,13,162
15.0,2,3,14,163
15.0,2,3,15,163
15.0,2,4,0,153
15.0,2,4,1,154
15.0,2,4,2,155
15.0,2,4,3,156
15.0,2,4,4,156
15.0,2,4,5,157
15.0,2,4,6,158
15.0,2,4,7,159
15.0,2,4,8,159
15.0,2,4,9,160
15.0,2,4,10,161
15.0,2,4,11,161
15.0,2,4,12,162
15.0,2,4,13,163
15.0,2,4,14,164
15.0,2,4,15,164
15.0,2,5,0,154
15.0,2,5,1,155
15.0,2,5,2,156
15.0,2,5,3,156
15.0,2,5,4,157
15.0,2,5,5,158
15.0,2,5,6,159
15.0,2,5,7,159
15.0,2,5,8,160
15.0,2,5,9,161
15.0,2,5,10,162
15.0,2,5,11,162
15.0,2,5,12,163
15.0,2,5,13,164
15.0,2,5,14,164
15.0,2,5,15,165
15.0,2,6,0,155
15.0,2,6,1,156
15.0,2,6,2,157
15.0,2,6,3,157
15.0,2,6,4,158
15.0,2,6,5,159
15.0,2,6,6,160
15.0,2,6,7,160
15.0,2,6,8,161
15.0,2,6,9,162
15.0,2,6,10,163
15.0,2,6,11,163
15.0,2,6,12,164
15.0,2,6,13,165
15.0,2,6,14,165
15.0,2,6,15,166
15.0,2,7,0,156
15.0,2,7,1,157
15.0,2,7,2,157
15.0,2,7,3,158
15.0,2,7,4,159
15.0,2,7,5,160
15.0,2,7,6,160
15.0,2,7,7,161
15.0,2,7,8,162
15.0,2,7,9,163
15.0,2,7,10,163
15.0,2,7,11,164
15.0,2,7,12,165
15.0,2,7,13,166
15.0,2,7,14,166
15.0,2,7,15,167
15.0,2,8,0,157
15.0,2,8,1,158
15.0,2,8,2,158
15.0,2,8,3,159
15.0,2,8,4,160
15.0,2,8,5,161
15.0,2,8,6,161
15.0,2,8,7,162
15.0,2,8,8,163
15.0,2,8,9,164
15.0,2,8,10,164
15.0,2,8,11,165
15.0,2,8,12,166
15.0,2,8,13,167
15.0,2,8,14,167
15.0,2,8,15,168
15.0,2,9,0,158
15.0,2,9,1,158
15.0,2,9,2,159
15.0,2,9,3,160
15.0,2,9,4,161
15.0,2,9,5,162
15.0,2,9,6,162
15.0,2,9,7,163
15.0,2,9,8,164
15.0,2,9,9,165
15.0,2,9,10,165
15.0,2,9,11,166
15.0,2,9,12,167
15.0,2,9,13,167
15.0,2,9,14,168
15.0,2,9,15,169
15.0,2,10,0,159
15.0,2,10,1,159
15.0,2,10,2,160
15.0,2,10,3,161
15.0,2,10,4,162
15.0,2,10,5,162
15.0,2,10,6,163
15.0,2,10,7,164
15.0,2,10,8,165
15.0,2,10,9,165
15.0,2,10,10,166
15.0,2,10,11,167
15.0,2,10,12,168
15.0,2,10,13,168
15.0,2,10,14,169
15.0,2,10,15,170
15.0,2,11,0,159
15.0,2,11,1,160
15.0,2,11,2,161
15.0,2,11,3,162
15.0,2,11,4,163
15.0,2,11,5,163
15.0,2,11,6,164
15.0,2,11,7,165
15.0,2,11,8,166
15.0,2,11,9,166
15.0,2,11,10,167
15.0,2,11,11,168
15.0,2,11,12,169
15.0,2,11,13,169
15.0,2,11,14,170
15.0,2,11,15,171
15.0,2,12,0,160
15.0,2,12,1,161
15.0,2,12,2,162
15.0,2,12,3,163
15.0,2,12,4,163
15.0,2,12,5,164
15.0,2,12,6,165
15.0,2,12,7,166
15.0,2,12,8,166
15.0,2,12,9,167
15.0,2,12,10,168
15.0,2,12,11,169
15.0,2,12,12,169
15.0,2,12,13,170
15.0,2,12,14,171
15.0,2,12,15,172
15.0,2,13,0,161
15.0,2,13,1,162
15.0,2,13,2,163
15.0,2,13,3,163
15.0,2,13,4,164
15.0,2,13,5,165
15.0,2,13,6,166
15.0,2,13,7,167
15.0,2,13,8,167
15.0,2,13,9,168
15.0,2,13,10,169
15.0,2,13,11,170
15.0,2,13,12,170
15.0,2,13,13,171
15.0,2,13,14,172
15.0,2,13,15,173
15.0,2,14,0,162
15.0,2,14,1,163
15.0,2,14,2,164
15.0,2,14,3,164
15.0,2,14,4,165
15.0,2,14,5,166
15.0,2,14,6,167
15.0,2,14,7,167
15.0,2,14,8,168
15.0,2,14,9,169
15.0,2,14,10,170
15.0,2,14,11,170
15.0,2,14,12,171
15.0,2,14,13,172
15.0,2,14,14,173
15.0,2,14,15,173
15.0,2,15,0,163
15.0,2,15,1,164
15.0,2,15,2,164
15.0,2,15,3,165
15.0,2,15,4,166
15.0,2,15,5,167
15.0,2,15,6,167
15.0,2,15,7,168
15.0,2,15,8,169
15.0,2,15,9,170
15.0,2,15,10,171
15.0,2,15,11,171
15.0,2,15,12,172
15.0,2,15,13,173
15.0,2,15,14,174
15.0,2,15,15,174
15.0,3,0,0,152
15.0,3,0,1,153
15.0,3,0,2,154
15.0,3,0,3,154
15.0,3,0,4,155
15.0,3,0,5,156
15.0,3,0,6,157
15.0,3,0,7,157
15.0,3,0,8,158
15.0,3,0,9,159
15.0,3,0,10,160
15.0,3,0,11,160
15.0,3,0,12,161
15.0,3,0,13,162
15.0,3,0,14,162
15.0,3,0,15,163
15.0,3,1,0,153
15.0,3,1,1,154
15.0,3,1,2,155
15.0,3,1,3,155
15.0,3,1,4,156
15.0,3,1,5,157
15.0,3,1,6,158
15.0,3,1,7,158
15.0,3,1,8,159
15.0,3,1,9,160
15.0,3,1,10,160
15.0,3,1,11,161
15.0,3,1,12,162
15.0,3,1,13,163
15.0,3,1,14,163
15.0,3,1,15,164
15.0,3,2,0,154
15.0,3,2,1,155
15.0,3,2,2,156
15.0,3,2,3,156
15.0,3,2,4,157
15.0,3,2,5,158
15.0,3,2,6,159
15.0,3,2,7,159
15.0,3,2,8,160
15.0,3,2,9,161
15.0,3,2,10,161
15.0,3,2,11,162
15.0,3,2,12,163
15.0,3,2,13,164
15.0,3,2,14,164
15.0,3,2,15,165
15.0,3,3,0,155
15.0,3,3,1,156
15.0,3,3,2,156
15.0,3,3,3,157
15.0,3,3,4,158
15.0,3,3,5,159
15.0,3,3,6,159
15.0,3,3,7,160
15.0,3,3,8,161
15.0,3,3,9,162
15.0,3,3,10,162
15.0,3,3,11,163
15.0,3,3,12,164
15.0,3,3,13,165
15.0,3,3,14,165
15.0,3,3,15,166
15.0,3,4,0,156
15.0,3,4,1,157
15.0,3,4,2,157
15.0,3,4,3,158
15.0,3,4,4,159
15.0,3,4,5,160
15.0,3,4,6,160
15.0,3,4,7,161
15.0,3,4,8,162
15.0,3,4,9,163
15.0,3,4,10,163
15.0,3,4,11,164
15.0,3,4,12,165
15.0,3,4,13,166
15.0,3,4,14,166
15.0,3,4,15,167
15.0,3,5,0,157
15.0,3,5,1,158
15.0,3,5,2,158
15.0,3,5,3,159
15.0,3,5,4,160
15.0,3,5,5,161
15.0,3,5,6,161
15.0,3,5,7,162
15.0,3,5,8,163
15.0,3,5,9,164
15.0,3,5,10,164
15.0,3,5,11,165
15.0,3,5,12,166
15.0,3,5,13,166
15.0,3,5,14,167
15.0,3,5,15,168
15.0,3,6,0,158
15.0,3,6,1,158
15.0,3,6,2,159
15.0,3,6,3,160
15.0,3,6,4,161
15.0,3,6,5,161
15.0,3,6,6,162
15.0,3,6,7,163
15.0,3,6,8,164
15.0,3,6,9,164
15.0,3,6,10,165
15.0,3,6,11,166
15.0,3,6,12,167
15.0,3,6,13,167
15.0,3,6,14,168
15.0,3,6,15,169
15.0,3,7,0,159
15.0,3,7,1,159
15.0,3,7,2,160
15.0,3,7,3,161
15.0,3,7,4,162
15.0,3,7,5,162
15.0,3,7,6,163
15.0,3,7,7,164
15.0,3,7,8,165
15.0,3,7,9,165
15.0,3,7,10,166
15.0,3,7,11,167
15.0,3,7,12,168
15.0,3,7,13,168
15.0,3,7,14,169
15.0,3,7,15,170
15.0,3,8,0,159
15.0,3,8,1,160
15.0,3,8,2,161
15.0,3,8,3,162
15.0,3,8,4,163
15.0,3,8,5,163
15.0,3,8,6,164
15.0,3,8,7,165
15.0,3,8,8,166
15.0,3,8,9,166
15.0,3,8,10,167
15.0,3,8,11,168
15.0,3,8,12,169
15.0,3,8,13,169
15.0,3,8,14,170
15.0,3,8,15,171
15.0,3,9,0,160
15.0,3,9,1,161
15.0,3,9,2,162
15.0,3,9,3,163
15.0,3,9,4,163
15.0,3,9,5,164
15.0,3,9,6,165
15.0,3,9,7,166
15.0,3,9,8,166
15.0,3,9,9,167
15.0,3,9,10,168
15.0,3,9,11,169
15.0,3,9,12,169
15.0,3,9,13,170
15.0,3,9,14,171
15.0,3,9,15,172
15.0,3,10,0,161
15.0,3,10,1,162
15.0,3,10,2,163
15.0,3,10,3,164
15.0,3,10,4,164
15.0,3,10,5,165
15.0,3,10,6,166
15.0,3,10,7,167
15.0,3,10,8,167
15.0,3,10,9,168
15.0,3,10,10,169
15.0,3,10,11,170
15.0,3,10,12,170
15.0,3,10,13,171
15.0,3,10,14,172
15.0,3,10,15,173
15.0,3,11,0,162
15.0,3,11,1,163
15.0,3,11,2,164
15.0,3,11,3,164
15.0,3,11,4,165
15.0,3,11,5,166
15.0,3,11,6,167
15.0,3,11,7,168
15.0,3,11,8,168
15.0,3,11,9,169
15.0,3,11,10,170
15.0,3,11,11,171
15.0,3,11,12,171
15.0,3,11,13,172
15.0,3,11,14,173
15.0,3,11,15,174
15.0,3,12,0,163
15.0,3,12,1,164
15.0,3,12,2,164
15.0,3,12,3,165
15.0,3,12,4,166
15.0,3,12,5,167
15.0,3,12,6,168
15.0,3,12,7,168
15.0,3,12,8,169
15.0,3,12,9,170
15.0,3,12,10,171
15.0,3,12,11,171
15.0,3,12,12,172
15.0,3,12,13,173
15.0,3,12,14,174
15.0,3,12,15,174
15.0,3,13,0,164
15.0,3,13,1,165
15.0,3,13,2,165
15.0,3,13,3,166
15.0,3,13,4,167
15.0,3,13,5,168
15.0,3,13,6,168
15.0,3,13,7,169
15.0,3,13,8,170
15.0,3,13,9,171
15.0,3,13,10,172
15.0,3,13,11,172
15.0,3,13,12,173
15.0,3,13,13,174
15.0,3,13,14,175
15.0,3,13,15,175
15.0,3,14,0,165
15.0,3,14,1,165
15.0,3,14,2,166
15.0,3,14,3,167
15.0,3,14,4,168
15.0,3,14,5,169
15.0,3,14,6,169
15.0,3,14,7,170
15.0,3,14,8,171
15.0,3,14,9,172
15.0,3,14,10,172
15.0,3,14,11,173
15.0,3,14,12,174
15.0,3,14,13,175
15.0,3,14,14,176
15.0,3,14,15,176
15.0,3,15,0,165
15.0,3,15,1,166
15.0,3,15,2,167
15.0,3,15,3,168
15.0,3,15,4,169
15.0,3,15,5,169
15.0,3,15,6,170
15.0,3,15,7,171
15.0,3,15,8,172
15.0,3,15,9,173
15.0,3,15,10,173
15.0,3,15,11,174
15.0,3,15,12,175
15.0,3,15,13,176
15.0,3,15,14,176
15.0,3,15,15,177
15.0,4,0,0,155
15.0,4,0,1,155
15.0,4,0,2,156
15.0,4,0,3,157
15.0,4,0,4,158
15.0,4,0,5,158
15.0,4,0,6,159
15.0,4,0,7,160
15.0,4,0,8,161
15.0,4,0,9,161
15.0,4,0,10,162
15.0,4,0,11,163
15.0,4,0,12,164
15.0,4,0,13,164
15.0,4,0,14,165
15.0,4,0,15,166
15.0,4,1,0,156
15.0,4,1,1,156
15.0,4,1,2,157
15.0,4,1,3,158
15.0,4,1,4,159
15.0,4,1,5,159
15.0,4,1,6,160
15.0,4,1,7,161
15.0,4,1,8,162
15.0,4,1,9,162
15.0,4,1,10,163
15.0,4,1,11,164
15.0,4,1,12,165
15.0,4,1,13,165
15.0,4,1,14,166
15.0,4,1,15,167
15.0,4,2,0,157
15.0,4,2,1,157
15.0,4,2,2,158
15.0,4,2,3,159
15.0,4,2,4,160
15.0,4,2,5,160
15.0,4,2,6,161
15.0,4,2,7,162
15.0,4,2,8,163
15.0,4,2,9,163
15.0,4,2,10,164
15.0,4,2,11,165
15.0,4,2,12,166
15.0,4,2,13,166
15.0,4,2,14,167
15.0,4,2,15,168
15.0,4,3,0,157
15.0,4,3,1,158
15.0,4,3,2,159
15.0,4,3,3,160
15.0,4,3,4,161
15.0,4,3,5,161
15.0,4,3,6,162
15.0,4,3,7,163
15.0,4,3,8,164
15.0,4,3,9,164
15.0,4,3,10,165
15.0,4,3,11,166
15.0,4,3,12,166
15.0,4,3,13,167
15.0,4,3,14,168
15.0,4,3,15,169
15.0,4,4,0,158
15.0,4,4,1,159
15.0,4,4,2,160
15.0,4,4,3,161
15.0,4,4,4,161
15.0,4,4,5,162
15.0,4,4,6,163
15.0,4,4,7,164
15.0,4,4,8,164
15.0,4,4,9,165
15.0,4,4,10,166
15.0,4,4,11,167
15.0,4,4,12,167
15.0,4,4,13,168
15.0,4,4,14,169
15.0,4,4,15,170
15.0,4,5,0,159
15.0,4,5,1,160
15.0,4,5,2,161
15.0,4,5,3,162
15.0,4,5,4,162
15.0,4,5,5,163
15.0,4,5,6,164
15.0,4,5,7,165
15.0,4,5,8,165
15.0,4,5,9,166
15.0,4,5,10,167
15.0,4,5,11,168
15.0,4,5,12,168
15.0,4,5,13,169
15.0,4,5,14,170
15.0,4,5,15,171
15.0,4,6,0,160
15.0,4,6,1,161
15.0,4,6,2,162
15.0,4,6,3,163
15.0,4,6,4,163
15.0,4,6,5,164
15.0,4,6,6,165
15.0,4,6,7,166
15.0,4,6,8,166
15.0,4,6,9,167
15.0,4,6,10,168
15.0,4,6,11,169
15.0,4,6,12,169
15.0,4,6,13,170
15.0,4,6,14,171
15.0,4,6,15,172
15.0,4,7,0,161
15.0,4,7,1,162
15.0,4,7,2,163
15.0,4,7,3,163
15.0,4,7,4,164
15.0,4,7,5,165
15.0,4,7,6,166
15.0,4,7,7,167
15.0,4,7,8,167
15.0,4,7,9,168
15.0,4,7,10,169
15.0,4,7,11,170
15.0,4,7,12,170
15.0,4,7,13,171
15.0,4,7,14,172
15.0,4,7,15,173
15.0,4,8,0,162
15.0,4,8,1,163
15.0,4,8,2,164
15.0,4,8,3,164
15.0,4,8,4,165
15.0,4,8,5,166
15.0,4,8,6,167
15.0,4,8,7,167
15.0,4,8,8,168
15.0,4,8,9,169
15.0,4,8,10,170
15.0,4,8,11,171
15.0,4,8,12,171
15.0,4,8,13,172
15.0,4,8,14,173
15.0,4,8,15,174
15.0,4,9,0,163
15.0,4,9,1,164
15.0,4,9,2,164
15.0,4,9,3,165
15.0,4,9,4,166
15.0,4,9,5,167
15.0,4,9,6,168
15.0,4,9,7,168
15.0,4,9,8,169
15.0,4,9,9,170
15.0,4,9,10,171
15.0,4,9,11,171
15.0,4,9,12,172
15.0,4,9,13,173
15.0,4,9,14,174
15.0,4,9,15,174
15.0,4,10,0,164
15.0,4,10,1,165
15.0,4,10,2,165
15.0,4,10,3,166
15.0,4,10,4,167
15.0,4,10,5,168
15.0,4,10,6,169
15.0,4,10,7,169
15.0,4,10,8,170
15.0,4,10,9,171
15.0,4,10,10,172
15.0,4,10,11,172
15.0,4,10,12,173
15.0,4,10,13,174
15.0,4,10,14,175
15.0,4,10,15,175
15.0,4,11,0,165
15.0,4,11,1,165
15.0,4,11,2,166
15.0,4,11,3,167
15.0,4,11,4,168
15.0,4,11,5,169
15.0,4,11,6,169
15.0,4,11,7,170
15.0,4,11,8,171
15.0,4,11,9,172
15.0,4,11,10,173
15.0,4,11,11,173
15.0,4,11,12,174
15.0,4,11,13,175
15.0,4,11,14,176
15.0,4,11,15,176
15.0,4,12,0,166
15.0,4,12,1,166
15.0,4,12,2,167
15.0,4,12,3,168
15.0,4,12,4,169
15.0,4,12,5,170
15.0,4,12,6,170
15.0,4,12,7,171
15.0,4,12,8,172
15.0,4,12,9,173
15.0,4,12,10,173
15.0,4,12,11,174
15.0,4,12,12,175
15.0,4,12,13,176
15.0,4,12,14,177
15.0,4,12,15,177
15.0,4,13,0,166
15.0,4,13,1,167
15.0,4,13,2,168
15.0,4,13,3,169
15.0,4,13,4,170
15.0,4,13,5,170
15.0,4,13,6,171
15.0,4,13,7,172
15.0,4,13,8,173
15.0,4,13,9,174
15.0,4,13,10,174
15.0,4,13,11,175
15.0,4,13,12,176
15.0,4,13,13,177
15.0,4,13,14,177
15.0,4,13,15,178
15.0,4,14,0,167
15.0,4,14,1,168
15.0,4,14,2,169
15.0,4,14,3,170
15.0,4,14,4,171
15.0,4,14,5,171
15.0,4,14,6,172
15.0,4,14,7,173
15.0,4,14,8,174
15.0,4,14,9,174
15.0,4,14,10,175
15.0,4,14,11,176
15.0,4,14,12,177
15.0,4,14,13,178
15.0,4,14,14,178
15.0,4,14,15,179
15.0,4,15,0,168
15.0,4,15,1,169
15.0,4,15,2,170
15.0,4,15,3,171
15.0,4,15,4,171
15.0,4,15,5,172
15.0,4,15,6,173
15.0,4,15,7,174
15.0,4,15,8,175
15.0,4,15,9,175
15.0,4,15,10,176
15.0,4,15,11,177
15.0,4,15,12,178
15.0,4,15,13,179
15.0,4,15,14,179
15.0,4,15,15,180
15.0,5,0,0,157
15.0,5,0,1,158
15.0,5,0,2,159
15.0,5,0,3,159
15.0,5,0,4,160
15.0,5,0,5,161
15.0,5,0,6,162
15.0,5,0,7,162
15.0,5,0,8,163
15.0,5,0,9,164
15.0,5,0,10,165
15.0,5,0,11,165
15.0,5,0,12,166
15.0,5,0,13,167
15.0,5,0,14,168
15.0,5,0,15,168
15.0,5,1,0,158
15.0,5,1,1,159
15.0,5,1,2,160
15.0,5,1,3,160
15.0,5,1,4,161
15.0,5,1,5,162
15.0,5,1,6,163
15.0,5,1,7,163
15.0,5,1,8,164
15.0,5,1,9,165
15.0,5,1,10,166
15.0,5,1,11,166
15.0,5,1,12,167
15.0,5,1,13,168
15.0,5,1,14,169
15.0,5,1,15,169
15.0,5,2,0,159
15.0,5,2,1,160
15.0,5,2,2,161
15.0,5,2,3,161
15.0,5,2,4,162
15.0,5,2,5,163
15.0,5,2,6,164
15.0,5,2,7,164
15.0,5,2,8,165
15.0,5,2,9,166
15.0,5,2,10,167
15.0,5,2,11,167
15.0,5,2,12,168
15.0,5,2,13,169
15.0,5,2,14,170
15.0,5,2,15,170
15.0,5,3,0,160
15.0,5,3,1,161
15.0,5,3,2,162
15.0,5,3,3,162
15.0,5,3,4,163
15.0,5,3,5,164
15.0,5,3,6,165
15.0,5,3,7,165
15.0,5,3,8,166
15.0,5,3,9,167
15.0,5,3,10,168
15.0,5,3,11,168
15.0,5,3,12,169
15.0,5,3,13,170
15.0,5,3,14,171
15.0,5,3,15,171
15.0,5,4,0,161
15.0,5,4,1,162
15.0,5,4,2,162
15.0,5,4,3,163
15.0,5,4,4,164
15.0,5,4,5,165
15.0,5,4,6,166
15.0,5,4,7,166
15.0,5,4,8,167
15.0,5,4,9,168
15.0,5,4,10,169
15.0,5,4,11,169
15.0,5,4,12,170
15.0,5,4,13,171
15.0,5,4,14,172
15.0,5,4,15,172
15.0,5,5,0,162
15.0,5,5,1,163
15.0,5,5,2,163
15.0,5,5,3,164
15.0,5,5,4,165
15.0,5,5,5,166
15.0,5,5,6,167
15.0,5,5,7,167
15.0,5,5,8,168
15.0,5,5,9,169
15.0,5,5,10,170
15.0,5,5,11,170
15.0,5,5,12,171
15.0,5,5,13,172
15.0,5,5,14,173
15.0,5,5,15,173
15.0,5,6,0,163
15.0,5,6,1,164
15.0,5,6,2,164
15.0,5,6,3,165
15.0,5,6,4,166
15.0,5,6,5,167
15.0,5,6,6,167
15.0,5,6,7,168
15.0,5,6,8,169
15.0,5,6,9,170
15.0,5,6,10,171
15.0,5,6,11,171
15.0,5,6,12,172
15.0,5,6,13,173
15.0,5,6,14,174
15.0,5,6,15,174
15.0,5,7,0,164
15.0,5,7,1,164
15.0,5,7,2,165
15.0,5,7,3,166
15.0,5,7,4,167
15.0,5,7,5,168
15.0,5,7,6,168
15.0,5,7,7,169
15.0,5,7,8,170
15.0,5,7,9,171
15.0,5,7,10,172
15.0,5,7,11,172
15.0,5,7,12,173
15.0,5,7,13,174
15.0,5,7,14,175
15.0,5,7,15,175
15.0,5,8,0,165
15.0,5,8,1,165
15.0,5,8,2,166
15.0,5,8,3,167
15.0,5,8,4,168
15.0,5,8,5,169
15.0,5,8,6,169
15.0,5,8,7,170
15.0,5,8,8,171
15.0,5,8,9,172
15.0,5,8,10,172
15.0,5,8,11,173
15.0,5,8,12,174
15.0,5,8,13,175
15.0,5,8,14,176
15.0,5,8,15,176
15.0,5,9,0,165
15.0,5,9,1,166
15.0,5,9,2,167
15.0,5,9,3,168
15.0,5,9,4,169
15.0,5,9,5,169
15.0,5,9,6,170
15.0,5,9,7,171
15.0,5,9,8,172
15.0,5,9,9,173
15.0,5,9,10,173
15.0,5,9,11,174
15.0,5,9,12,175
15.0,5,9,13,176
15.0,5,9,14,176
15.0,5,9,15,177
15.0,5,10,0,166
15.0,5,10,1,167
15.0,5,10,2,168
15.0,5,10,3,169
15.0,5,10,4,170
15.0,5,10,5,170
15.0,5,10,6,171
15.0,5,10,7,172
15.0,5,10,8,173
15.0,5,10,9,174
15.0,5,10,10,174
15.0,5,10,11,175
15.0,5,10,12,176
15.0,5,10,13,177
15.0,5,10,14,177
15.0,5,10,15,178
15.0,5,11,0,167
15.0,5,11,1,168
15.0,5,11,2,169
15.0,5,11,3,170
15.0,5,11,4,171
15.0,5,11,5,171
15.0,5,11,6,172
15.0,5,11,7,173
15.0,5,11,8,174
15.0,5,11,9,175
15.0,5,11,10,175
15.0,5,11,11,176
15.0,5,11,12,177
15.0,5,11,13,178
15.0,5,11,14,178
15.0,5,11,15,179
15.0,5,12,0,168
15.0,5,12,1,169
15.0,5,12,2,170
15.0,5,12,3,171
15.0,5,12,4,171
15.0,5,12,5,172
15.0,5,12,6,173
15.0,5,12,7,174
15.0,5,12,8,175
15.0,5,12,9,175
15.0,5,12,10,176
15.0,5,12,11,177
15.0,5,12,12,178
15.0,5,12,13,179
15.0,5,12,14,179
15.0,5,12,15,180
15.0,5,13,0,169
15.0,5,13,1,170
15.0,5,13,2,171
15.0,5,13,3,172
15.0,5,13,4,172
15.0,5,13,5,173
15.0,5,13,6,174
15.0,5,13,7,175
15.0,5,13,8,176
15.0,5,13,9,176
15.0,5,13,10,177
15.0,5,13,11,178
15.0,5,13,12,179
15.0,5,13,13,180
15.0,5,13,14,180
15.0,5,13,15,181
15.0,5,14,0,170
15.0,5,14,1,171
15.0,5,14,2,172
15.0,5,14,3,172
15.0,5,14,4,173
15.0,5,14,5,174
15.0,5,14,6,175
15.0,5,14,7,176
15.0,5,14,8,176
15.0,5,14,9,177
15.0,5,14,10,178
15.0,5,14,11,179
15.0,5,14,12,180
15.0,5,14,13,180
15.0,5,14,14,181
15.0,5,14,15,182
15.0,5,15,0,171
15.0,5,15,1,172
15.0,5,15,2,172
15.0,5,15,3,173
15.0,5,15,4,174
15.0,5,15,5,175
15.0,5,15,6,176
15.0,5,15,7,177
15.0,5,15,8,177
15.0,5,15,9,178
15.0,5,15,10,179
15.0,5,15,11,180
15.0,5,15,12,181
15.0,5,15,13,181
15.0,5,15,14,182
15.0,5,15,15,183
15.0,6,0,0,160
15.0,6,0,1,160
15.0,6,0,2,161
15.0,6,0,3,162
15.0,6,0,4,163
15.0,6,0,5,163
15.0,6,0,6,164
15.0,6,0,7,165
15.0,6,0,8,166
15.0,6,0,9,167
15.0,6,0,10,167
15.0,6,0,11,168
15.0,6,0,12,169
15.0,6,0,13,169
15.0,6,0,14,170
15.0,6,0,15,171
15.0,6,1,0,161
15.0,6,1,1,161
15.0,6,1,2,162
15.0,6,1,3,163
15.0,6,1,4,164
15.0,6,1,5,164
15.0,6,1,6,165
15.0,6,1,7,166
15.0,6,1,8,167
15.0,6,1,9,168
15.0,6,1,10,168
15.0,6,1,11,169
15.0,6,1,12,170
15.0,6,1,13,171
15.0,6,1,14,171
15.0,6,1,15,172
15.0,6,2,0,162
15.0,6,2,1,162
15.0,6,2,2,163
15.0,6,2,3,164
15.0,6,2,4,165
15.0,6,2,5,165
15.0,6,2,6,166
15.0,6,2,7,167
15.0,6,2,8,168
15.0,6,2,9,169
15.0,6,2,10,169
15.0,6,2,11,170
15.0,6,2,12,171
15.0,6,2,13,172
15.0,6,2,14,172
15.0,6,2,15,173
15.0,6,3,0,162
15.0,6,3,1,163
15.0,6,3,2,164
15.0,6,3,3,165
15.0,6,3,4,166
15.0,6,3,5,166
15.0,6,3,6,167
15.0,6,3,7,168
15.0,6,3,8,169
15.0,6,3,9,170
15.0,6,3,10,170
15.0,6,3,11,171
15.0,6,3,12,172
15.0,6,3,13,173
15.0,6,3,14,173
15.0,6,3,15,174
15.0,6,4,0,163
15.0,6,4,1,164
15.0,6,4,2,165
15.0,6,4,3,166
15.0,6,4,4,167
15.0,6,4,5,167
15.0,6,4,6,168
15.0,6,4,7,169
15.0,6,4,8,170
15.0,6,4,9,170
15.0,6,4,10,171
15.0,6,4,11,172
15.0,6,4,12,173
15.0,6,4,13,174
15.0,6,4,14,174
15.0,6,4,15,175
15.0,6,5,0,164
15.0,6,5,1,165
15.0,6,5,2,166
15.0,6,5,3,167
15.0,6,5,4,168
15.0,6,5,5,168
15.0,6,5,6,169
15.0,6,5,7,170
15.0,6,5,8,171
15.0,6,5,9,171
15.0,6,5,10,172
15.0,6,5,11,173
15.0,6,5,12,174
15.0,6,5,13,175
15.0,6,5,14,175
15.0,6,5,15,176
15.0,6,6,0,165
15.0,6,6,1,166
15.0,6,6,2,167
15.0,6,6,3,168
15.0,6,6,4,169
15.0,6,6,5,169
15.0,6,6,6,170
15.0,6,6,7,171
15.0,6,6,8,172
15.0,6,6,9,172
15.0,6,6,10,173
15.0,6,6,11,174
15.0,6,6,12,175
15.0,6,6,13,176
15.0,6,6,14,176
15.0,6,6,15,177
15.0,6,7,0,166
15.0,6,7,1,167
15.0,6,7,2,168
15.0,6,7,3,169
15.0,6,7,4,169
15.0,6,7,5,170
15.0,6,7,6,171
15.0,6,7,7,172
15.0,6,7,8,173
15.0,6,7,9,173
15.0,6,7,10,174
15.0,6,7,11,175
15.0,6,7,12,176
15.0,6,7,13,177
15.0,6,7,14,177
15.0,6,7,15,178
15.0,6,8,0,167
15.0,6,8,1,168
15.0,6,8,2,169
15.0,6,8,3,170
15.0,6,8,4,170
15.0,6,8,5,171
15.0,6,8,6,172
15.0,6,8,7,173
15.0,6,8,8,174
15.0,6,8,9,174
15.0,6,8,10,175
15.0,6,8,11,176
15.0,6,8,12,177
15.0,6,8,13,178
15.0,6,8,14,178
15.0,6,8,15,179
15.0,6,9,0,168
15.0,6,9,1,169
15.0,6,9,2,170
15.0,6,9,3,171
15.0,6,9,4,171
15.0,6,9,5,172
15.0,6,9,6,173
15.0,6,9,7,174
15.0,6,9,8,175
15.0,6,9,9,175
15.0,6,9,10,176
15.0,6,9,11,177
15.0,6,9,12,178
15.0,6,9,13,178
15.0,6,9,14,179
15.0,6,9,15,180
15.0,6,10,0,169
15.0,6,10,1,170
15.0,6,10,2,171
15.0,6,10,3,171
15.0,6,10,4,172
15.0,6,10,5,173
15.0,6,10,6,174
15.0,6,10,7,175
15.0,6,10,8,175
15.0,6,10,9,176
15.0,6,10,10,177
15.0,6,10,11,178
15.0,6,10,12,179
15.0,6,10,13,179
15.0,6,10,14,180
15.0,6,10,15,181
15.0,6,11,0,170
15.0,6,11,1,171
15.0,6,11,2,172
15.0,6,11,3,172
15.0,6,11,4,173
15.0,6,11,5,174
15.0,6,11,6,175
15.0,6,11,7,176
15.0,6,11,8,176
15.0,6,11,9,177
15.0,6,11,10,178
15.0,6,11,11,179
15.0,6,11,12,180
15.0,6,11,13,180
15.0,6,11,14,181
15.0,6,11,15,182
15.0,6,12,0,171
15.0,6,12,1,172
15.0,6,12,2,172
15.0,6,12,3,173
15.0,6,12,4,174
15.0,6,12,5,175
15.0,6,12,6,176
15.0,6,12,7,177
15.0,6,12,8,177
15.0,6,12,9,178
15.0,6,12,10,179
15.0,6,12,11,180
15.0,6,12,12,181
15.0,6,12,13,181
15.0,6,12,14,182
15.0,6,12,15,183
15.0,6,13,0,172
15.0,6,13,1,173
15.0,6,13,2,173
15.0,6,13,3,174
15.0,6,13,4,175
15.0,6,13,5,176
15.0,6,13,6,177
15.0,6,13,7,177
15.0,6,13,8,178
15.0,6,13,9,179
15.0,6,13,10,180
15.0,6,13,11,181
15.0,6,13,12,182
15.0,6,13,13,182
15.0,6,13,14,183
15.0,6,13,15,184
15.0,6,14,0,173
15.0,6,14,1,173
15.0,6,14,2,174
15.0,6,14,3,175
15.0,6,14,4,176
15.0,6,14,5,177
15.0,6,14,6,178
15.0,6,14,7,178
15.0,6,14,8,179
15.0,6,14,9,180
15.0,6,14,10,181
15.0,6,14,11,182
15.0,6,14,12,182
15.0,6,14,13,183
15.0,6,14,14,184
15.0,6,14,15,185
15.0,6,15,0,173
15.0,6,15,1,174
15.0,6,15,2,175
15.0,6,15,3,176
15.0,6,15,4,177
15.0,6,15,5,178
15.0,6,15,6,179
15.0,6,15,7,179
15.0,6,15,8,180
15.0,6,15,9,181
15.0,6,15,10,182
15.0,6,15,11,183
15.0,6,15,12,183
15.0,6,15,13,184
15.0,6,15,14,185
15.0,6,15,15,186
15.0,7,0,0,162
15.0,7,0,1,163
15.0,7,0,2,164
15.0,7,0,3,164
15.0,7,0,4,165
15.0,7,0,5,166
15.0,7,0,6,167
15.0,7,0,7,168
15.0,7,0,8,168
15.0,7,0,9,169
15.0,7,0,10,170
15.0,7,0,11,171
15.0,7,0,12,171
15.0,7,0,13,172
15.0,7,0,14,173
15.0,7,0,15,174
15.0,7,1,0,163
15.0,7,1,1,164
15.0,7,1,2,165
15.0,7,1,3,165
15.0,7,1,4,166
15.0,7,1,5,167
15.0,7,1,6,168
15.0,7,1,7,169
15.0,7,1,8,169
15.0,7,1,9,170
15.0,7,1,10,171
15.0,7,1,11,172
15.0,7,1,12,172
15.0,7,1,13,173
15.0,7,1,14,174
15.0,7,1,15,175
15.0,7,2,0,164
15.0,7,2,1,165
15.0,7,2,2,166
15.0,7,2,3,166
15.0,7,2,4,167
15.0,7,2,5,168
15.0,7,2,6,169
15.0,7,2,7,170
15.0,7,2,8,170
15.0,7,2,9,171
15.0,7,2,10,172
15.0,7,2,11,173
15.0,7,2,12,173
15.0,7,2,13,174
15.0,7,2,14,175
15.0,7,2,15,176
15.0,7,3,0,165
15.0,7,3,1,166
15.0,7,3,2,167
15.0,7,3,3,167
15.0,7,3,4,168
15.0,7,3,5,169
15.0,7,3,6,170
15.0,7,3,7,171
15.0,7,3,8,171
15.0,7,3,9,172
15.0,7,3,10,173
15.0,7,3,11,174
15.0,7,3,12,174
15.0,7,3,13,175
15.0,7,3,14,176
15.0,7,3,15,177
15.0,7,4,0,166
15.0,7,4,1,167
15.0,7,4,2,168
15.0,7,4,3,168
15.0,7,4,4,169
15.0,7,4,5,170
15.0,7,4,6,171
15.0,7,4,7,172
15.0,7,4,8,172
15.0,7,4,9,173
15.0,7,4,10,174
15.0,7,4,11,175
15.0,7,4,12,175
15.0,7,4,13,176
15.0,7,4,14,177
15.0,7,4,15,178
15.0,7,5,0,167
15.0,7,5,1,168
15.0,7,5,2,169
15.0,7,5,3,169
15.0,7,5,4,170
15.0,7,5,5,171
15.0,7,5,6,172
15.0,7,5,7,173
15.0,7,5,8,173
15.0,7,5,9,174
15.0,7,5,10,175
15.0,7,5,11,176
15.0,7,5,12,176
15.0,7,5,13,177
15.0,7,5,14,178
15.0,7,5,15,179
15.0,7,6,0,168
15.0,7,6,1,169
15.0,7,6,2,169
15.0,7,6,3,170
15.0,7,6,4,171
15.0,7,6,5,172
15.0,7,6,6,173
15.0,7,6,7,174
15.0,7,6,8,174
15.0,7,6,9,175
15.0,7,6,10,176
15.0,7,6,11,177
15.0,7,6,12,177
15.0,7,6,13,178
15.0,7,6,14,179
15.0,7,6,15,180
15.0,7,7,0,169
15.0,7,7,1,170
15.0,7,7,2,170
15.0,7,7,3,171
15.0,7,7,4,172
15.0,7,7,5,173
15.0,7,7,6,174
15.0,7,7,7,174
15.0,7,7,8,175
15.0,7,7,9,176
15.0,7,7,10,177
15.0,7,7,11,178
15.0,7,7,12,178
15.0,7,7,13,179
15.0,7,7,14,180
15.0,7,7,15,181
15.0,7,8,0,170
15.0,7,8,1,171
15.0,7,8,2,171
15.0,7,8,3,172
15.0,7,8,4,173
15.0,7,8,5,174
15.0,7,8,6,175
15.0,7,8,7,175
15.0,7,8,8,176
15.0,7,8,9,177
15.0,7,8,10,178
15.0,7,8,11,179
15.0,7,8,12,179
15.0,7,8,13,180
15.0,7,8,14,181
15.0,7,8,15,182
15.0,7,9,0,171
15.0,7,9,1,171
15.0,7,9,2,172
15.0,7,9,3,173
15.0,7,9,4,174
15.0,7,9,5,175
15.0,7,9,6,176
15.0,7,9,7,176
15.0,7,9,8,177
15.0,7,9,9,178
15.0,7,9,10,179
15.0,7,9,11,180
15.0,7,9,12,180
15.0,7,9,13,181
15.0,7,9,14,182
15.0,7,9,15,183
15.0,7,10,0,172
15.0,7,10,1,172
15.0,7,10,2,173
15.0,7,10,3,174
15.0,7,10,4,175
15.0,7,10,5,176
15.0,7,10,6,177
15.0,7,10,7,177
15.0,7,10,8,178
15.0,7,10,9,179
15.0,7,10,10,180
15.0,7,10,11,181
15.0,7,10,12,181
15.0,7,10,13,182
15.0,7,10,14,183
15.0,7,10,15,184
15.0,7,11,0,173
15.0,7,11,1,173
15.0,7,11,2,174
15.0,7,11,3,175
15.0,7,11,4,176
15.0,7,11,5,177
15.0,7,11,6,178
15.0,7,11,7,178
15.0,7,11,8,179
15.0,7,11,9,180
15.0,7,11,10,181
15.0,7,11,11,182
15.0,7,11,12,182
15.0,7,11,13,183
15.0,7,11,14,184
15.0,7,11,15,185
15.0,7,12,0,173
15.0,7,12,1,174
15.0,7,12,2,175
15.0,7,12,3,176
15.0,7,12,4,177
15.0,7,12,5,178
15.0,7,12,6,178
15.0,7,12,7,179
15.0,7,12,8,180
15.0,7,12,9,181
15.0,7,12,10,182
15.0,7,12,11,183
15.0,7,12,12,183
15.0,7,12,13,184
15.0,7,12,14,185
15.0,7,12,15,186
15.0,7,13,0,174
15.0,7,13,1,175
15.0,7,13,2,176
15.0,7,13,3,177
15.0,7,13,4,178
15.0,7,13,5,179
15.0,7,13,6,179
15.0,7,13,7,180
15.0,7,13,8,181
15.0,7,13,9,182
15.0,7,13,10,183
15.0,7,13,11,184
15.0,7,13,12,184
15.0,7,13,13,185
15.0,7,13,14,186
15.0,7,13,15,187
15.0,7,14,0,175
15.0,7,14,1,176
15.0,7,14,2,177
15.0,7,14,3,178
15.0,7,14,4,179
15.0,7,14,5,179
15.0,7,14,6,180
15.0,7,14,7,181
15.0,7,14,8,182
15.0,7,14,9,183
15.0,7,14,10,184
15.0,7,14,11,184
15.0,7,14,12,185
15.0,7,14,13,186
15.0,7,14,14,187
15.0,7,14,15,188
15.0,7,15,0,176
15.0,7,15,1,177
15.0,7,15,2,178
15.0,7,15,3,179
15.0,7,15,4,180
15.0,7,15,5,180
15.0,7,15,6,181
15.0,7,15,7,182
15.0,7,15,8,183
15.0,7,15,9,184
15.0,7,15,10,185
15.0,7,15,11,185
15.0,7,15,12,186
15.0,7,15,13,187
15.0,7,15,14,188
15.0,7,15,15,189
15.0,8,0,0,165
15.0,8,0,1,165
15.0,8,0,2,166
15.0,8,0,3,167
15.0,8,0,4,168
15.0,8,0,5,169
15.0,8,0,6,169
15.0,8,0,7,170
15.0,8,0,8,171
15.0,8,0,9,172
15.0,8,0,10,172
15.0,8,0,11,173
15.0,8,0,12,174
15.0,8,0,13,175
15.0,8,0,14,175
15.0,8,0,15,176
15.0,8,1,0,166
15.0,8,1,1,166
15.0,8,1,2,167
15.0,8,1,3,168
15.0,8,1,4,169
15.0,8,1,5,170
15.0,8,1,6,170
15.0,8,1,7,171
15.0,8,1,8,172
15.0,8,1,9,173
15.0,8,1,10,173
15.0,8,1,11,174
15.0,8,1,12,175
15.0,8,1,13,176
15.0,8,1,14,177
15.0,8,1,15,177
15.0,8,2,0,167
15.0,8,2,1,167
15.0,8,2,2,168
15.0,8,2,3,169
15.0,8,2,4,170
15.0,8,2,5,171
15.0,8,2,6,171
15.0,8,2,7,172
15.0,8,2,8,173
15.0,8,2,9,174
15.0,8,2,10,174
15.0,8,2,11,175
15.0,8,2,12,176
15.0,8,2,13,177
15.0,8,2,14,178
15.0,8,2,15,178
15.0,8,3,0,167
15.0,8,3,1,168
15.0,8,3,2,169
15.0,8,3,3,170
15.0,8,3,4,171
15.0,8,3,5,172
15.0,8,3,6,172
15.0,8,3,7,173
15.0,8,3,8,174
15.0,8,3,9,175
15.0,8,3,10,176
15.0,8,3,11,176
15.0,8,3,12,177
15.0,8,3,13,178
15.0,8,3,14,179
15.0,8,3,15,179
15.0,8,4,0,168
15.0,8,4,1,169
15.0,8,4,2,170
15.0,8,4,3,171
15.0,8,4,4,172
15.0,8,4,5,173
15.0,8,4,6,173
15.0,8,4,7,174
15.0,8,4,8,175
15.0,8,4,9,176
15.0,8,4,10,177
15.0,8,4,11,177
15.0,8,4,12,178
15.0,8,4,13,179
15.0,8,4,14,180
15.0,8,4,15,180
15.0,8,5,0,169
15.0,8,5,1,170
15.0,8,5,2,171
15.0,8,5,3,172
15.0,8,5,4,173
15.0,8,5,5,174
15.0,8,5,6,174
15.0,8,5,7,175
15.0,8,5,8,176
15.0,8,5,9,177
15.0,8,5,10,178
15.0,8,5,11,178
15.0,8,5,12,179
15.0,8,5,13,180
15.0,8,5,14,181
15.0,8,5,15,181
15.0,8,6,0,170
15.0,8,6,1,171
15.0,8,6,2,172
15.0,8,6,3,173
15.0,8,6,4,174
15.0,8,6,5,175
15.0,8,6,6,175
15.0,8,6,7,176
15.0,8,6,8,177
15.0,8,6,9,178
15.0,8,6,10,179
15.0,8,6,11,179
15.0,8,6,12,180
15.0,8,6,13,181
15.0,8,6,14,182
15.0,8,6,15,183
15.0,8,7,0,171
15.0,8,7,1,172
15.0,8,7,2,173
15.0,8,7,3,174
15.0,8,7,4,175
15.0,8,7,5,176
15.0,8,7,6,176
15.0,8,7,7,177
15.0,8,7,8,178
15.0,8,7,9,179
15.0,8,7,10,180
15.0,8,7,11,180
15.0,8,7,12,181
15.0,8,7,13,182
15.0,8,7,14,183
15.0,8,7,15,184
15.0,8,8,0,172
15.0,8,8,1,173
15.0,8,8,2,174
15.0,8,8,3,175
15.0,8,8,4,176
15.0,8,8,5,176
15.0,8,8,6,177
15.0,8,8,7,178
15.0,8,8,8,179
15.0,8,8,9,180
15.0,8,8,10,181
15.0,8,8,11,181
15.0,8,8,12,182
15.0,8,8,13,183
15.0,8,8,14,184
15.0,8,8,15,185
15.0,8,9,0,173
15.0,8,9,1,174
15.0,8,9,2,175
15.0,8,9,3,176
15.0,8,9,4,177
15.0,8,9,5,177
15.0,8,9,6,178
15.0,8,9,7,179
15.0,8,9,8,180
15.0,8,9,9,181
15.0,8,9,10,182
15.0,8,9,11,182
15.0,8,9,12,183
15.0,8,9,13,184
15.0,8,9,14,185
15.0,8,9,15,186
15.0,8,10,0,174
15.0,8,10,1,175
15.0,8,10,2,176
15.0,8,10,3,177
15.0,8,10,4,178
15.0,8,10,5,178
15.0,8,10,6,179
15.0,8,10,7,180
15.0,8,10,8,181
15.0,8,10,9,182
15.0,8,10,10,183
15.0,8,10,11,183
15.0,8,10,12,184
15.0,8,10,13,185
15.0,8,10,14,186
15.0,8,10,15,187
15.0,8,11,0,175
15.0,8,11,1,176
15.0,8,11,2,177
15.0,8,11,3,178
15.0,8,11,4,179
15.0,8,11,5,179
15.0,8,11,6,180
15.0,8,11,7,181
15.0,8,11,8,182
15.0,8,11,9,183
15.0,8,11,10,184
15.0,8,11,11,184
15.0,8,11,12,185
15.0,8,11,13,186
15.0,8,11,14,187
15.0,8,11,15,188
15.0,8,12,0,176
15.0,8,12,1,177
15.0,8,12,2,178
15.0,8,12,3,179
15.0,8,12,4,179
15.0,8,12,5,180
15.0,8,12,6,181
15.0,8,12,7,182
15.0,8,12,8,183
15.0,8,12,9,184
15.0,8,12,10,185
15.0,8,12,11,185
15.0,8,12,12,186
15.0,8,12,13,187
15.0,8,12,14,188
15.0,8,12,15,189
15.0,8,13,0,177
15.0,8,13,1,178
15.0,8,13,2,179
15.0,8,13,3,180
15.0,8,13,4,180
15.0,8,13,5,181
15.0,8,13,6,182
15.0,8,13,7,183
15.0,8,13,8,184
15.0,8,13,9,185
15.0,8,13,10,185
15.0,8,13,11,186
15.0,8,13,12,187
15.0,8,13,13,188
15.0,8,13,14,189
15.0,8,13,15,190
15.0,8,14,0,178
15.0,8,14,1,179
15.0,8,14,2,180
15.0,8,14,3,181
15.0,8,14,4,181
15.0,8,14,5,182
15.0,8,14,6,183
15.0,8,14,7,184
15.0,8,14,8,185
15.0,8,14,9,186
15.0,8,14,10,186
15.0,8,14,11,187
15.0,8,14,12,188
15.0,8,14,13,189
15.0,8,14,14,190
15.0,8,14,15,191
15.0,8,15,0,179
15.0,8,15,1,180
15.0,8,15,2,181
15.0,8,15,3,181
15.0,8,15,4,182
15.0,8,15,5,183
15.0,8,15,6,184
15.0,8,15,7,185
15.0,8,15,8,186
15.0,8,15,9,187
15.0,8,15,10,187
15.0,8,15,11,188
15.0,8,15,12,189
15.0,8,15,13,190
15.0,8,15,14,191
15.0,8,15,15,192
15.0,9,0,0,167
15.0,9,0,1,168
15.0,9,0,2,169
15.0,9,0,3,169
15.0,9,0,4,170
15.0,9,0,5,171
15.0,9,0,6,172
15.0,9,0,7,173
15.0,9,0,8,173
15.0,9,0,9,174
15.0,9,0,10,175
15.0,9,0,11,176
15.0,9,0,12,177
15.0,9,0,13,177
15.0,9,0,14,178
15.0,9,0,15,179
15.0,9,1,0,168
15.0,9,1,1,169
15.0,9,1,2,170
15.0,9,1,3,170
15.0,9,1,4,171
15.0,9,1,5,172
15.0,9,1,6,173
15.0,9,1,7,174
15.0,9,1,8,174
15.0,9,1,9,175
15.0,9,1,10,176
15.0,9,1,11,177
15.0,9,1,12,178
15.0,9,1,13,178
15.0,9,1,14,179
15.0,9,1,15,180
15.0,9,2,0,169
15.0,9,2,1,170
15.0,9,2,2,171
15.0,9,2,3,171
15.0,9,2,4,172
15.0,9,2,5,173
15.0,9,2,6,174
15.0,9,2,7,175
15.0,9,2,8,176
15.0,9,2,9,176
15.0,9,2,10,177
15.0,9,2,11,178
15.0,9,2,12,179
15.0,9,2,13,179
15.0,9,2,14,180
15.0,9,2,15,181
15.0,9,3,0,170
15.0,9,3,1,171
15.0,9,3,2,172
15.0,9,3,3,172
15.0,9,3,4,173
15.0,9,3,5,174
15.0,9,3,6,175
15.0,9,3,7,176
15.0,9,3,8,177
15.0,9,3,9,177
15.0,9,3,10,178
15.0,9,3,11,179
15.0,9,3,12,180
15.0,9,3,13,181
15.0,9,3,14,181
15.0,9,3,15,182
15.0,9,4,0,171
15.0,9,4,1,172
15.0,9,4,2,173
15.0,9,4,3,173
15.0,9,4,4,174
15.0,9,4,5,175
15.0,9,4,6,176
15.0,9,4,7,177
15.0,9,4,8,178
15.0,9,4,9,178
15.0,9,4,10,179
15.0,9,4,11,180
15.0,9,4,12,181
15.0,9,4,13,182
15.0,9,4,14,182
15.0,9,4,15,183
15.0,9,5,0,172
15.0,9,5,1,173
15.0,9,5,2,174
15.0,9,5,3,174
15.0,9,5,4,175
15.0,9,5,5,176
15.0,9,5,6,177
15.0,9,5,7,178
15.0,9,5,8,179
15.0,9,5,9,179
15.0,9,5,10,180
15.0,9,5,11,181
15.0,9,5,12,182
15.0,9,5,13,183
15.0,9,5,14,183
15.0,9,5,15,184
15.0,9,6,0,173
15.0,9,6,1,174
15.0,9,6,2,175
15.0,9,6,3,175
15.0,9,6,4,176
15.0,9,6,5,177
15.0,9,6,6,178
15.0,9,6,7,179
15.0,9,6,8,180
15.0,9,6,9,180
15.0,9,6,10,181
15.0,9,6,11,182
15.0,9,6,12,183
15.0,9,6,13,184
15.0,9,6,14,184
15.0,9,6,15,185
15.0,9,7,0,174
15.0,9,7,1,175
15.0,9,7,2,176
15.0,9,7,3,176
15.0,9,7,4,177
15.0,9,7,5,178
15.0,9,7,6,179
15.0,9,7,7,180
15.0,9,7,8,181
15.0,9,7,9,181
15.0,9,7,10,182
15.0,9,7,11,183
15.0,9,7,12,184
15.0,9,7,13,185
15.0,9,7,14,185
15.0,9,7,15,186
15.0,9,8,0,175
15.0,9,8,1,176
15.0,9,8,2,177
15.0,9,8,3,177
15.0,9,8,4,178
15.0,9,8,5,179
15.0,9,8,6,180
15.0,9,8,7,181
15.0,9,8,8,182
15.0,9,8,9,182
15.0,9,8,10,183
15.0,9,8,11,184
15.0,9,8,12,185
15.0,9,8,13,186
15.0,9,8,14,187
15.0,9,8,15,187
15.0,9,9,0,176
15.0,9,9,1,177
15.0,9,9,2,178
15.0,9,9,3,178
15.0,9,9,4,179
15.0,9,9,5,180
15.0,9,9,6,181
15.0,9,9,7,182
15.0,9,9,8,183
15.0,9,9,9,183
15.0,9,9,10,184
15.0,9,9,11,185
15.0,9,9,12,186
15.0,9,9,13,187
15.0,9,9,14,188
15.0,9,9,15,188
15.0,9,10,0,177
15.0,9,10,1,178
15.0,9,10,2,179
15.0,9,10,3,179
15.0,9,10,4,180
15.0,9,10,5,181
15.0,9,10,6,182
15.0,9,10,7,183
15.0,9,10,8,184
15.0,9,10,9,184
15.0,9,10,10,185
15.0,9,10,11,186
15.0,9,10,12,187
15.0,9,10,13,188
15.0,9,10,14,189
15.0,9,10,15,189
15.0,9,11,0,178
15.0,9,11,1,179
15.0,9,11,2,179
15.0,9,11,3,180
15.0,9,11,4,181
15.0,9,11,5,182
15.0,9,11,6,183
15.0,9,11,7,184
15.0,9,11,8,185
15.0,9,11,9,185
15.0,9,11,10,186
15.0,9,11,11,187
15.0,9,11,12,188
15.0,9,11,13,189
15.0,9,11,14,190
15.0,9,11,15,190
15.0,9,12,0,179
15.0,9,12,1,180
15.0,9,12,2,180
15.0,9,12,3,181
15.0,9,12,4,182
15.0,9,12,5,183
15.0,9,12,6,184
15.0,9,12,7,185
15.0,9,12,8,186
15.0,9,12,9,186
15.0,9,12,10,187
15.0,9,12,11,188
15.0,9,12,12,189
15.0,9,12,13,190
15.0,9,12,14,191
15.0,9,12,15,191
15.0,9,13,0,180
15.0,9,13,1,181
15.0,9,13,2,181
15.0,9,13,3,182
15.0,9,13,4,183
15.0,9,13,5,184
15.0,9,13,6,185
15.0,9,13,7,186
15.0,9,13,8,187
15.0,9,13,9,187
15.0,9,13,10,188
15.0,9,13,11,189
15.0,9,13,12,190
15.0,9,13,13,191
15.0,9,13,14,192
15.0,9,13,15,192
15.0,9,14,0,181
15.0,9,14,1,181
15.0,9,14,2,182
15.0,9,14,3,183
15.0,9,14,4,184
15.0,9,14,5,185
15.0,9,14,6,186
15.0,9,14,7,187
15.0,9,14,8,188
15.0,9,14,9,188
15.0,9,14,10,189
15.0,9,14,11,190
15.0,9,14,12,191
15.0,9,14,13,192
15.0,9,14,14,193
15.0,9,14,15,193
15.0,9,15,0,181
15.0,9,15,1,182
15.0,9,15,2,183
15.0,9,15,3,184
15.0,9,15,4,185
15.0,9,15,5,186
15.0,9,15,6,187
15.0,9,15,7,188
15.0,9,15,8,188
15.0,9,15,9,189
15.0,9,15,10,190
15.0,9,15,11,191
15.0,9,15,12,192
15.0,9,15,13,193
15.0,9,15,14,194
15.0,9,15,15,194
15.0,10,0,0,169
15.0,10,0,1,170
15.0,10,0,2,171
15.0,10,0,3,172
15.0,10,0,4,173
15.0,10,0,5,174
15.0,10,0,6,174
15.0,10,0,7,175
15.0,10,0,8,176
15.0,10,0,9,177
15.0,10,0,10,178
15.0,10,0,11,178
15.0,10,0,12,179
15.0,10,0,13,180
15.0,10,0,14,181
15.0,10,0,15,182
15.0,10,1,0,170
15.0,10,1,1,171
15.0,10,1,2,172
15.0,10,1,3,173
15.0,10,1,4,174
15.0,10,1,5,175
15.0,10,1,6,175
15.0,10,1,7,176
15.0,10,1,8,177
15.0,10,1,9,178
15.0,10,1,10,179
15.0,10,1,11,179
15.0,10,1,12,180
15.0,10,1,13,181
15.0,10,1,14,182
15.0,10,1,15,183
15.0,10,2,0,171
15.0,10,2,1,172
15.0,10,2,2,173
15.0,10,2,3,174
15.0,10,2,4,175
15.0,10,2,5,176
15.0,10,2,6,176
15.0,10,2,7,177
15.0,10,2,8,178
15.0,10,2,9,179
15.0,10,2,10,180
15.0,10,2,11,181
15.0,10,2,12,181
15.0,10,2,13,182
15.0,10,2,14,183
15.0,10,2,15,184
15.0,10,3,0,172
15.0,10,3,1,173
15.0,10,3,2,174
15.0,10,3,3,175
15.0,10,3,4,176
15.0,10,3,5,177
15.0,10,3,6,178
15.0,10,3,7,178
15.0,10,3,8,179
15.0,10,3,9,180
15.0,10,3,10,181
15.0,10,3,11,182
15.0,10,3,12,182
15.0,10,3,13,183
15.0,10,3,14,184
15.0,10,3,15,185
15.0,10,4,0,174
15.0,10,4,1,174
15.0,10,4,2,175
15.0,10,4,3,176
15.0,10,4,4,177
15.0,10,4,5,178
15.0,10,4,6,179
15.0,10,4,7,179
15.0,10,4,8,180
15.0,10,4,9,181
15.0,10,4,10,182
15.0,10,4,11,183
15.0,10,4,12,183
15.0,10,4,13,184
15.0,10,4,14,185
15.0,10,4,15,186
15.0,10,5,0,174
15.0,10,5,1,175
15.0,10,5,2,176
15.0,10,5,3,177
15.0,10,5,4,178
15.0,10,5,5,179
15.0,10,5,6,180
15.0,10,5,7,180
15.0,10,5,8,181
15.0,10,5,9,182
15.0,10,5,10,183
15.0,10,5,11,184
15.0,10,5,12,185
15.0,10,5,13,185
15.0,10,5,14,186
15.0,10,5,15,187
15.0,10,6,0,175
15.0,10,6,1,176
15.0,10,6,2,177
15.0,10,6,3,178
15.0,10,6,4,179
15.0,10,6,5,180
15.0,10,6,6,181
15.0,10,6,7,181
15.0,10,6,8,182
15.0,10,6,9,183
15.0,10,6,10,184
15.0,10,6,11,185
15.0,10,6,12,186
15.0,10,6,13,186
15.0,10,6,14,187
15.0,10,6,15,188
15.0,10,7,0,176
15.0,10,7,1,177
15.0,10,7,2,178
15.0,10,7,3,179
15.0,10,7,4,180
15.0,10,7,5,181
15.0,10,7,6,182
15.0,10,7,7,182
15.0,10,7,8,183
15.0,10,7,9,184
15.0,10,7,10,185
15.0,10,7,11,186
15.0,10,7,12,187
15.0,10,7,13,187
15.0,10,7,14,188
15.0,10,7,15,189
15.0,10,8,0,177
15.0,10,8,1,178
15.0,10,8,2,179
15.0,10,8,3,180
15.0,10,8,4,181
15.0,10,8,5,182
15.0,10,8,6,183
15.0,10,8,7,183
15.0,10,8,8,184
15.0,10,8,9,185
15.0,10,8,10,186
15.0,10,8,11,187
15.0,10,8,12,188
15.0,10,8,13,188
15.0,10,8,14,189
15.0,10,8,15,190
15.0,10,9,0,178
15.0,10,9,1,179
15.0,10,9,2,180
15.0,10,9,3,181
15.0,10,9,4,182
15.0,10,9,5,183
15.0,10,9,6,184
15.0,10,9,7,184
15.0,10,9,8,185
15.0,10,9,9,186
15.0,10,9,10,187
15.0,10,9,11,188
15.0,10,9,12,189
15.0,10,9,13,189
15.0,10,9,14,190
15.0,10,9,15,191
15.0,10,10,0,179
15.0,10,10,1,180
15.0,10,10,2,181
15.0,10,10,3,182
15.0,10,10,4,183
15.0,10,10,5,184
15.0,10,10,6,185
15.0,10,10,7,185
15.0,10,10,8,186
15.0,10,10,9,187
15.0,10,10,10,188
15.0,10,10,11,189
15.0,10,10,12,190
15.0,10,10,13,191
15.0,10,10,14,191
15.0,10,10,15,192
15.0,10,11,0,180
15.0,10,11,1,181
15.0,10,11,2,182
15.0,10,11,3,183
15.0,10,11,4,184
15.0,10,11,5,185
15.0,10,11,6,186
15.0,10,11,7,186
15.0,10,11,8,187
15.0,10,11,9,188
15.0,10,11,10,189
15.0,10,11,11,190
15.0,10,11,12,191
15.0,10,11,13,192
15.0,10,11,14,192
15.0,10,11,15,193
15.0,10,12,0,181
15.0,10,12,1,182
15.0,10,12,2,183
15.0,10,12,3,184
15.0,10,12,4,185
15.0,10,12,5,186
15.0,10,12,6,187
15.0,10,12,7,187
15.0,10,12,8,188
15.0,10,12,9,189
15.0,10,12,10,190
15.0,10,12,11,191
15.0,10,12,12,192
15.0,10,12,13,193
15.0,10,12,14,193
15.0,10,12,15,194
15.0,10,13,0,182
15.0,10,13,1,183
15.0,10,13,2,184
15.0,10,13,3,185
15.0,10,13,4,186
15.0,10,13,5,187
15.0,10,13,6,188
15.0,10,13,7,188
15.0,10,13,8,189
15.0,10,13,9,190
15.0,10,13,10,191
15.0,10,13,11,192
15.0,10,13,12,193
15.0,10,13,13,194
15.0,10,13,14,194
15.0,10,13,15,195
15.0,10,14,0,183
15.0,10,14,1,184
15.0,10,14,2,185
15.0,10,14,3,186
15.0,10,14,4,187
15.0,10,14,5,188
15.0,10,14,6,189
15.0,10,14,7,189
15.0,10,14,8,190
15.0,10,14,9,191
15.0,10,14,10,192
15.0,10,14,11,193
15.0,10,14,12,194
15.0,10,14,13,195
15.0,10,14,14,195
15.0,10,14,15,196
15.0,10,15,0,184
15.0,10,15,1,185
15.0,10,15,2,186
15.0,10,15,3,187
15.0,10,15,4,188
15.0,10,15,5,189
15.0,10,15,6,190
15.0,10,15,7,190
15.0,10,15,8,191
15.0,10,15,9,192
15.0,10,15,10,193
15.0,10,15,11,194
15.0,10,15,12,195
15.0,10,15,13,196
15.0,10,15,14,196
15.0,10,15,15,197
15.0,11,0,0,172
15.0,11,0,1,173
15.0,11,0,2,174
15.0,11,0,3,174
15.0,11,0,4,175
15.0,11,0,5,176
15.0,11,0,6,177
15.0,11,0,7,178
15.0,11,0,8,179
15.0,11,0,9,179
15.0,11,0,10,180
15.0,11,0,11,181
15.0,11,0,12,182
15.0,11,0,13,183
15.0,11,0,14,183
15.0,11,0,15,184
15.0,11,1,0,173
15.0,11,1,1,174
15.0,11,1,2,175
15.0,11,1,3,175
15.0,11,1,4,176
15.0,11,1,5,177
15.0,11,1,6,178
15.0,11,1,7,179
15.0,11,1,8,180
15.0,11,1,9,180
15.0,11,1,10,181
15.0,11,1,11,182
15.0,11,1,12,183
15.0,11,1,13,184
15.0,11,1,14,184
15.0,11,1,15,185
15.0,11,2,0,174
15.0,11,2,1,175
15.0,11,2,2,176
15.0,11,2,3,177
15.0,11,2,4,177
15.0,11,2,5,178
15.0,11,2,6,179
15.0,11,2,7,180
15.0,11,2,8,181
15.0,11,2,9,182
15.0,11,2,10,182
15.0,11,2,11,183
15.0,11,2,12,184
15.0,11,2,13,185
15.0,11,2,14,186
15.0,11,2,15,186
15.0,11,3,0,175
15.0,11,3,1,176
15.0,11,3,2,177
15.0,11,3,3,178
15.0,11,3,4,178
15.0,11,3,5,179
15.0,11,3,6,180
15.0,11,3,7,181
15.0,11,3,8,182
15.0,11,3,9,183
15.0,11,3,10,183
15.0,11,3,11,184
15.0,11,3,12,185
15.0,11,3,13,186
15.0,11,3,14,187
15.0,11,3,15,187
15.0,11,4,0,176
15.0,11,4,1,177
15.0,11,4,2,178
15.0,11,4,3,179
15.0,11,4,4,179
15.0,11,4,5,180
15.0,11,4,6,181
15.0,11,4,7,182
15.0,11,4,8,183
15.0,11,4,9,184
15.0,11,4,10,184
15.0,11,4,11,185
15.0,11,4,12,186
15.0,11,4,13,187
15.0,11,4,14,188
15.0,11,4,15,189
15.0,11,5,0,177
15.0,11,5,1,178
15.0,11,5,2,179
15.0,11,5,3,180
15.0,11,5,4,180
15.0,11,5,5,181
15.0,11,5,6,182
15.0,11,5,7,183
15.0,11,5,8,184
15.0,11,5,9,185
15.0,11,5,10,186
15.0,11,5,11,186
15.0,11,5,12,187
15.0,11,5,13,188
15.0,11,5,14,189
15.0,11,5,15,190
15.0,11,6,0,178
15.0,11,6,1,179
15.0,11,6,2,180
15.0,11,6,3,181
15.0,11,6,4,182
15.0,11,6,5,182
15.0,11,6,6,183
15.0,11,6,7,184
15.0,11,6,8,185
15.0,11,6,9,186
15.0,11,6,10,187
15.0,11,6,11,187
15.0,11,6,12,188
15.0,11,6,13,189
15.0,11,6,14,190
15.0,11,6,15,191
15.0,11,7,0,179
15.0,11,7,1,180
15.0,11,7,2,181
15.0,11,7,3,182
15.0,11,7,4,183
15.0,11,7,5,183
15.0,11,7,6,184
15.0,11,7,7,185
15.0,11,7,8,186
15.0,11,7,9,187
15.0,11,7,10,188
15.0,11,7,11,188
15.0,11,7,12,189
15.0,11,7,13,190
15.0,11,7,14,191
15.0,11,7,15,192
15.0,11,8,0,180
15.0,11,8,1,181
15.0,11,8,2,182
15.0,11,8,3,183
15.0,11,8,4,184
15.0,11,8,5,184
15.0,11,8,6,185
15.0,11,8,7,186
15.0,11,8,8,187
15.0,11,8,9,188
15.0,11,8,10,189
15.0,11,8,11,190
15.0,11,8,12,190
15.0,11,8,13,191
15.0,11,8,14,192
15.0,11,8,15,193
15.0,11,9,0,181
15.0,11,9,1,182
15.0,11,9,2,183
15.0,11,9,3,184
15.0,11,9,4,185
15.0,11,9,5,185
15.0,11,9,6,186
15.0,11,9,7,187
15.0,11,9,8,188
15.0,11,9,9,189
15.0,11,9,10,190
15.0,11,9,11,191
15.0,11,9,12,191
15.0,11,9,13,192
15.0,11,9,14,193
15.0,11,9,15,194
15.0,11,10,0,182
15.0,11,10,1,183
15.0,11,10,2,184
15.0,11,10,3,185
15.0,11,10,4,186
15.0,11,10,5,186
15.0,11,10,6,187
15.0,11,10,7,188
15.0,11,10,8,189
15.0,11,10,9,190
15.0,11,10,10,191
15.0,11,10,11,192
15.0,11,10,12,192
15.0,11,10,13,193
15.0,11,10,14,194
15.0,11,10,15,195
15.0,11,11,0,183
15.0,11,11,1,184
15.0,11,11,2,185
15.0,11,11,3,186
15.0,11,11,4,187
15.0,11,11,5,187
15.0,11,11,6,188
15.0,11,11,7,189
15.0,11,11,8,190
15.0,11,11,9,191
15.0,11,11,10,192
15.0,11,11,11,193
15.0,11,11,12,193
15.0,11,11,13,194
15.0,11,11,14,195
15.0,11,11,15,196
15.0,11,12,0,184
15.0,11,12,1,185
15.0,11,12,2,186
15.0,11,12,3,187
15.0,11,12,4,188
15.0,11,12,5,188
15.0,11,12,6,189
15.0,11,12,7,190
15.0,11,12,8,191
15.0,11,12,9,192
15.0,11,12,10,193
15.0,11,12,11,194
15.0,11,12,12,195
15.0,11,12,13,195
15.0,11,12,14,196
15.0,11,12,15,197
15.0,11,13,0,185
15.0,11,13,1,186
15.0,11,13,2,187
15.0,11,13,3,188
15.0,11,13,4,189
15.0,11,13,5,189
15.0,11,13,6,190
15.0,11,13,7,191
15.0,11,13,8,192
15.0,11,13,9,193
15.0,11,13,10,194
15.0,11,13,11,195
15.0,11,13,12,196
15.0,11,13,13,196
15.0,11,13,14,197
15.0,11,13,15,198
15.0,11,14,0,186
15.0,11,14,1,187
15.0,11,14,2,188
15.0,11,14,3,189
15.0,11,14,4,190
15.0,11,14,5,190
15.0,11,14,6,191
15.0,11,14,7,192
15.0,11,14,8,193
15.0,11,14,9,194
15.0,11,14,10,195
15.0,11,14,11,196
15.0,11,14,12,197
15.0,11,14,13,197
15.0,11,14,14,198
15.0,11,14,15,199
15.0,11,15,0,187
15.0,11,15,1,188
15.0,11,15,2,189
15.0,11,15,3,190
15.0,11,15,4,190
15.0,11,15,5,191
15.0,11,15,6,192
15.0,11,15,7,193
15.0,11,15,8,194
15.0,11,15,9,195
15.0,11,15,10,196
15.0,11,15,11,197
15.0,11,15,12,198
15.0,11,15,13,198
15.0,11,15,14,199
15.0,11,15,15,200
15.0,12,0,0,174
15.0,12,0,1,175
15.0,12,0,2,176
15.0,12,0,3,177
15.0,12,0,4,178
15.0,12,0,5,179
15.0,12,0,6,179
15.0,12,0,7,180
15.0,12,0,8,181
15.0,12,0,9,182
15.0,12,0,10,183
15.0,12,0,11,184
15.0,12,0,12,184
15.0,12,0,13,185
15.0,12,0,14,186
15.0,12,0,15,187
15.0,12,1,0,175
15.0,12,1,1,176
15.0,12,1,2,177
15.0,12,1,3,178
15.0,12,1,4,179
15.0,12,1,5,180
15.0,12,1,6,181
15.0,12,1,7,181
15.0,12,1,8,182
15.0,12,1,9,183
15.0,12,1,10,184
15.0,12,1,11,185
15.0,12,1,12,185
15.0,12,1,13,186
15.0,12,1,14,187
15.0,12,1,15,188
15.0,12,2,0,176
15.0,12,2,1,177
15.0,12,2,2,178
15.0,12,2,3,179
15.0,12,2,4,180
15.0,12,2,5,181
15.0,12,2,6,182
15.0,12,2,7,182
15.0,12,2,8,183
15.0,12,2,9,184
15.0,12,2,10,185
15.0,12,2,11,186
15.0,12,2,12,187
15.0,12,2,13,187
15.0,12,2,14,188
15.0,12,2,15,189
15.0,12,3,0,178
15.0,12,3,1,178
15.0,12,3,2,179
15.0,12,3,3,180
15.0,12,3,4,181
15.0,12,3,5,182
15.0,12,3,6,183
15.0,12,3,7,184
15.0,12,3,8,184
15.0,12,3,9,185
15.0,12,3,10,186
15.0,12,3,11,187
15.0,12,3,12,188
15.0,12,3,13,189
15.0,12,3,14,189
15.0,12,3,15,190
15.0,12,4,0,179
15.0,12,4,1,179
15.0,12,4,2,180
15.0,12,4,3,181
15.0,12,4,4,182
15.0,12,4,5,183
15.0,12,4,6,184
15.0,12,4,7,185
15.0,12,4,8,185
15.0,12,4,9,186
15.0,12,4,10,187
15.0,12,4,11,188
15.0,12,4,12,189
15.0,12,4,13,190
15.0,12,4,14,190
15.0,12,4,15,191
15.0,12,5,0,180
15.0,12,5,1,180
15.0,12,5,2,181
15.0,12,5,3,182
15.0,12,5,4,183
15.0,12,5,5,184
15.0,12,5,6,185
15.0,12,5,7,186
15.0,12,5,8,186
15.0,12,5,9,187
15.0,12,5,10,188
15.0,12,5,11,189
15.0,12,5,12,190
15.0,12,5,13,191
15.0,12,5,14,192
15.0,12,5,15,192
15.0,12,6,0,181
15.0,12,6,1,181
15.0,12,6,2,182
15.0,12,6,3,183
15.0,12,6,4,184
15.0,12,6,5,185
15.0,12,6,6,186
15.0,12,6,7,187
15.0,12,6,8,188
15.0,12,6,9,188
15.0,12,6,10,189
15.0,12,6,11,190
15.0,12,6,12,191
15.0,12,6,13,192
15.0,12,6,14,193
15.0,12,6,15,193
15.0,12,7,0,182
15.0,12,7,1,182
15.0,12,7,2,183
15.0,12,7,3,184
15.0,12,7,4,185
15.0,12,7,5,186
15.0,12,7,6,187
15.0,12,7,7,188
15.0,12,7,8,189
15.0,12,7,9,189
15.0,12,7,10,190
15.0,12,7,11,191
15.0,12,7,12,192
15.0,12,7,13,193
15.0,12,7,14,194
15.0,12,7,15,195
15.0,12,8,0,183
15.0,12,8,1,184
15.0,12,8,2,184
15.0,12,8,3,185
15.0,12,8,4,186
15.0,12,8,5,187
15.0,12,8,6,188
15.0,12,8,7,189
15.0,12,8,8,190
15.0,12,8,9,191
15.0,12,8,10,191
15.0,12,8,11,192
15.0,12,8,12,193
15.0,12,8,13,194
15.0,12,8,14,195
15.0,12,8,15,196
15.0,12,9,0,184
15.0,12,9,1,185
15.0,12,9,2,185
15.0,12,9,3,186
15.0,12,9,4,187
15.0,12,9,5,188
15.0,12,9,6,189
15.0,12,9,7,190
15.0,12,9,8,191
15.0,12,9,9,192
15.0,12,9,10,192
15.0,12,9,11,193
15.0,12,9,12,194
15.0,12,9,13,195
15.0,12,9,14,196
15.0,12,9,15,197
15.0,12,10,0,185
15.0,12,10,1,186
15.0,12,10,2,186
15.0,12,10,3,187
15.0,12,10,4,188
15.0,12,10,5,189
15.0,12,10,6,190
15.0,12,10,7,191
15.0,12,10,8,192
15.0,12,10,9,193
15.0,12,10,10,193
15.0,12,10,11,194
15.0,12,10,12,195
15.0,12,10,13,196
15.0,12,10,14,197
15.0,12,10,15,198
15.0,12,11,0,186
15.0,12,11,1,187
15.0,12,11,2,187
15.0,12,11,3,188
15.0,12,11,4,189
15.0,12,11,5,190
15.0,12,11,6,191
15.0,12,11,7,192
15.0,12,11,8,193
15.0,12,11,9,194
15.0,12,11,10,195
15.0,12,11,11,195
15.0,12,11,12,196
15.0,12,11,13,197
15.0,12,11,14,198
15.0,12,11,15,199
15.0,12,12,0,187
15.0,12,12,1,188
15.0,12,12,2,188
15.0,12,12,3,189
15.0,12,12,4,190
15.0,12,12,5,191
15.0,12,12,6,192
15.0,12,12,7,193
15.0,12,12,8,194
15.0,12,12,9,195
15.0,12,12,10,196
15.0,12,12,11,196
15.0,12,12,12,197
15.0,12,12,13,198
15.0,12,12,14,199
15.0,12,12,15,200
15.0,12,13,0,188
15.0,12,13,1,188
15.0,12,13,2,189
15.0,12,13,3,190
15.0,12,13,4,191
15.0,12,13,5,192
15.0,12,13,6,193
15.0,12,13,7,194
15.0,12,13,8,195
15.0,12,13,9,196
15.0,12,13,10,197
15.0,12,13,11,197
15.0,12,13,12,198
15.0,12,13,13,199
15.0,12,13,14,200
15.0,12,13,15,201
15.0,12,14,0,189
15.0,12,14,1,189
15.0,12,14,2,190
15.0,12,14,3,191
15.0,12,14,4,192
15.0,12,14,5,193
15.0,12,14,6,194
15.0,12,14,7,195
15.0,12,14,8,196
15.0,12,14,9,197
15.0,12,14,10,198
15.0,12,14,11,198
15.0,12,14,12,199
15.0,12,14,13,200
15.0,12,14,14,201
15.0,12,14,15,202
15.0,12,15,0,190
15.0,12,15,1,190
15.0,12,15,2,191
15.0,12,15,3,192
15.0,12,15,4,193
15.0,12,15,5,194
15.0,12,15,6,195
15.0,12,15,7,196
15.0,12,15,8,197
15.0,12,15,9,198
15.0,12,15,10,199
15.0,12,15,11,200
15.0,12,15,12,200
15.0,12,15,13,201
15.0,12,15,14,202
15.0,12,15,15,203
15.0,13,0,0,177
15.0,13,0,1,178
15.0,13,0,2,179
15.0,13,0,3,179
15.0,13,0,4,180
15.0,13,0,5,181
15.0,13,0,6,182
15.0,13,0,7,183
15.0,13,0,8,184
15.0,13,0,9,185
15.0,13,0,10,185
15.0,13,0,11,186
15.0,13,0,12,187
15.0,13,0,13,188
15.0,13,0,14,189
15.0,13,0,15,189
15.0,13,1,0,178
15.0,13,1,1,179
15.0,13,1,2,180
15.0,13,1,3,181
15.0,13,1,4,181
15.0,13,1,5,182
15.0,13,1,6,183
15.0,13,1,7,184
15.0,13,1,8,185
15.0,13,1,9,186
15.0,13,1,10,186
15.0,13,1,11,187
15.0,13,1,12,188
15.0,13,1,13,189
15.0,13,1,14,190
15.0,13,1,15,191
15.0,13,2,0,179
15.0,13,2,1,180
15.0,13,2,2,181
15.0,13,2,3,182
15.0,13,2,4,182
15.0,13,2,5,183
15.0,13,2,6,184
15.0,13,2,7,185
15.0,13,2,8,186
15.0,13,2,9,187
15.0,13,2,10,188
15.0,13,2,11,188
15.0,13,2,12,189
15.0,13,2,13,190
15.0,13,2,14,191
15.0,13,2,15,192
15.0,13,3,0,180
15.0,13,3,1,181
15.0,13,3,2,182
15.0,13,3,3,183
15.0,13,3,4,184
15.0,13,3,5,184
15.0,13,3,6,185
15.0,13,3,7,186
15.0,13,3,8,187
15.0,13,3,9,188
15.0,13,3,10,189
15.0,13,3,11,190
15.0,13,3,12,190
15.0,13,3,13,191
15.0,13,3,14,192
15.0,13,3,15,193
15.0,13,4,0,181
15.0,13,4,1,182
15.0,13,4,2,183
15.0,13,4,3,184
15.0,13,4,4,185
15.0,13,4,5,185
15.0,13,4,6,186
15.0,13,4,7,187
15.0,13,4,8,188
15.0,13,4,9,189
15.0,13,4,10,190
15.0,13,4,11,191
15.0,13,4,12,191
15.0,13,4,13,192
15.0,13,4,14,193
15.0,13,4,15,194
15.0,13,5,0,182
15.0,13,5,1,183
15.0,13,5,2,184
15.0,13,5,3,185
15.0,13,5,4,186
15.0,13,5,5,187
15.0,13,5,6,187
15.0,13,5,7,188
15.0,13,5,8,189
15.0,13,5,9,190
15.0,13,5,10,191
15.0,13,5,11,192
15.0,13,5,12,193
15.0,13,5,13,193
15.0,13,5,14,194
15.0,13,5,15,195
15.0,13,6,0,183
15.0,13,6,1,184
15.0,13,6,2,185
15.0,13,6,3,186
15.0,13,6,4,187
15.0,13,6,5,188
15.0,13,6,6,188
15.0,13,6,7,189
15.0,13,6,8,190
15.0,13,6,9,191
15.0,13,6,10,192
15.0,13,6,11,193
15.0,13,6,12,194
15.0,13,6,13,194
15.0,13,6,14,195
15.0,13,6,15,196
15.0,13,7,0,184
15.0,13,7,1,185
15.0,13,7,2,186
15.0,13,7,3,187
15.0,13,7,4,188
15.0,13,7,5,189
15.0,13,7,6,190
15.0,13,7,7,190
15.0,13,7,8,191
15.0,13,7,9,192
15.0,13,7,10,193
15.0,13,7,11,194
15.0,13,7,12,195
15.0,13,7,13,196
15.0,13,7,14,196
15.0,13,7,15,197
15.0,13,8,0,185
15.0,13,8,1,186
15.0,13,8,2,187
15.0,13,8,3,188
15.0,13,8,4,189
15.0,13,8,5,190
15.0,13,8,6,191
15.0,13,8,7,191
15.0,13,8,8,192
15.0,13,8,9,193
15.0,13,8,10,194
15.0,13,8,11,195
15.0,13,8,12,196
15.0,13,8,13,197
15.0,13,8,14,198
15.0,13,8,15,198
15.0,13,9,0,186
15.0,13,9,1,187
15.0,13,9,2,188
15.0,13,9,3,189
15.0,13,9,4,190
15.0,13,9,5,191
15.0,13,9,6,192
15.0,13,9,7,193
15.0,13,9,8,193
15.0,13,9,9,194
15.0,13,9,10,195
15.0,13,9,11,196
15.0,13,9,12,197
15.0,13,9,13,198
15.0,13,9,14,199
15.0,13,9,15,199
15.0,13,10,0,187
15.0,13,10,1,188
15.0,13,10,2,189
15.0,13,10,3,190
15.0,13,10,4,191
15.0,13,10,5,192
15.0,13,10,6,193
15.0,13,10,7,194
15.0,13,10,8,194
15.0,13,10,9,195
15.0,13,10,10,196
15.0,13,10,11,197
15.0,13,10,12,198
15.0,13,10,13,199
15.0,13,10,14,200
15.0,13,10,15,201
15.0,13,11,0,188
15.0,13,11,1,189
15.0,13,11,2,190
15.0,13,11,3,191
15.0,13,11,4,192
15.0,13,11,5,193
15.0,13,11,6,194
15.0,13,11,7,195
15.0,13,11,8,195
15.0,13,11,9,196
15.0,13,11,10,197
15.0,13,11,11,198
15.0,13,11,12,199
15.0,13,11,13,200
15.0,13,11,14,201
15.0,13,11,15,202
15.0,13,12,0,189
15.0,13,12,1,190
15.0,13,12,2,191
15.0,13,12,3,192
15.0,13,12,4,193
15.0,13,12,5,194
15.0,13,12,6,195
15.0,13,12,7,196
15.0,13,12,8,197
15.0,13,12,9,197
15.0,13,12,10,198
15.0,13,12,11,199
15.0,13,12,12,200
15.0,13,12,13,201
15.0,13,12,14,202
15.0,13,12,15,203
15.0,13,13,0,190
15.0,13,13,1,191
15.0,13,13,2,192
15.0,13,13,3,193
15.0,13,13,4,194
15.0,13,13,5,195
15.0,13,13,6,196
15.0,13,13,7,197
15.0,13,13,8,198
15.0,13,13,9,198
15.0,13,13,10,199
15.0,13,13,11,200
15.0,13,13,12,201
15.0,13,13,13,202
15.0,13,13,14,203
15.0,13,13,15,204
15.0,13,14,0,191
15.0,13,14,1,192
15.0,13,14,2,193
15.0,13,14,3,194
15.0,13,14,4,195
15.0,13,14,5,196
15.0,13,14,6,197
15.0,13,14,7,198
15.0,13,14,8,199
15.0,13,14,9,199
15.0,13,14,10,200
15.0,13,14,11,201
15.0,13,14,12,202
15.0,13,14,13,203
15.0,13,14,14,204
15.0,13,14,15,205
15.0,13,15,0,192
15.0,13,15,1,193
15.0,13,15,2,194
15.0,13,15,3,195
15.0,13,15,4,196
15.0,13,15,5,197
15.0,13,15,6,198
15.0,13,15,7,199
15.0,13,15,8,200
15.0,13,15,9,201
15.0,13,15,10,201
15.0,13,15,11,202
15.0,13,15,12,203
15.0,13,15,13,204
15.0,13,15,14,205
15.0,13,15,15,206
15.0,14,0,0,179
15.0,14,0,1,180
15.0,14,0,2,181
15.0,14,0,3,182
15.0,14,0,4,183
15.0,14,0,5,184
15.0,14,0,6,185
15.0,14,0,7,185
15.0,14,0,8,186
15.0,14,0,9,187
15.0,14,0,10,188
15.0,14,0,11,189
15.0,14,0,12,190
15.0,14,0,13,190
15.0,14,0,14,191
15.0,14,0,15,192
15.0,14,1,0,180
15.0,14,1,1,181
15.0,14,1,2,182
15.0,14,1,3,183
15.0,14,1,4,184
15.0,14,1,5,185
15.0,14,1,6,186
15.0,14,1,7,186
15.0,14,1,8,187
15.0,14,1,9,188
15.0,14,1,10,189
15.0,14,1,11,190
15.0,14,1,12,191
15.0,14,1,13,192
15.0,14,1,14,192
15.0,14,1,15,193
15.0,14,2,0,181
15.0,14,2,1,182
15.0,14,2,2,183
15.0,14,2,3,184
15.0,14,2,4,185
15.0,14,2,5,186
15.0,14,2,6,187
15.0,14,2,7,188
15.0,14,2,8,188
15.0,14,2,9,189
15.0,14,2,10,190
15.0,14,2,11,191
15.0,14,2,12,192
15.0,14,2,13,193
15.0,14,2,14,194
15.0,14,2,15,194
15.0,14,3,0,183
15.0,14,3,1,183
15.0,14,3,2,184
15.0,14,3,3,185
15.0,14,3,4,186
15.0,14,3,5,187
15.0,14,3,6,188
15.0,14,3,7,189
15.0,14,3,8,190
15.0,14,3,9,190
15.0,14,3,10,191
15.0,14,3,11,192
15.0,14,3,12,193
15.0,14,3,13,194
15.0,14,3,14,195
15.0,14,3,15,196
15.0,14,4,0,184
15.0,14,4,1,184
15.0,14,4,2,185
15.0,14,4,3,186
15.0,14,4,4,187
15.0,14,4,5,188
15.0,14,4,6,189
15.0,14,4,7,190
15.0,14,4,8,191
15.0,14,4,9,192
15.0,14,4,10,192
15.0,14,4,11,193
15.0,14,4,12,194
15.0,14,4,13,195
15.0,14,4,14,196
15.0,14,4,15,197
15.0,14,5,0,185
15.0,14,5,1,186
15.0,14,5,2,186
15.0,14,5,3,187
15.0,14,5,4,188
15.0,14,5,5,189
15.0,14,5,6,190
15.0,14,5,7,191
15.0,14,5,8,192
15.0,14,5,9,193
15.0,14,5,10,194
15.0,14,5,11,194
15.0,14,5,12,195
15.0,14,5,13,196
15.0,14,5,14,197
15.0,14,5,15,198
15.0,14,6,0,186
15.0,14,6,1,187
15.0,14,6,2,188
15.0,14,6,3,188
15.0,14,6,4,189
15.0,14,6,5,190
15.0,14,6,6,191
15.0,14,6,7,192
15.0,14,6,8,193
15.0,14,6,9,194
15.0,14,6,10,195
15.0,14,6,11,195
15.0,14,6,12,196
15.0,14,6,13,197
15.0,14,6,14,198
15.0,14,6,15,199
15.0,14,7,0,187
15.0,14,7,1,188
15.0,14,7,2,189
15.0,14,7,3,189
15.0,14,7,4,190
15.0,14,7,5,191
15.0,14,7,6,192
15.0,14,7,7,193
15.0,14,7,8,194
15.0,14,7,9,195
15.0,14,7,10,196
15.0,14,7,11,197
15.0,14,7,12,197
15.0,14,7,13,198
15.0,14,7,14,199
15.0,14,7,15,200
15.0,14,8,0,188
15.0,14,8,1,189
15.0,14,8,2,190
15.0,14,8,3,191
15.0,14,8,4,191
15.0,14,8,5,192
15.0,14,8,6,193
15.0,14,8,7,194
15.0,14,8,8,195
15.0,14,8,9,196
15.0,14,8,10,197
15.0,14,8,11,198
15.0,14,8,12,199
15.0,14,8,13,199
15.0,14,8,14,200
15.0,14,8,15,201
15.0,14,9,0,189
15.0,14,9,1,190
15.0,14,9,2,191
15.0,14,9,3,192
15.0,14,9,4,192
15.0,14,9,5,193
15.0,14,9,6,194
15.0,14,9,7,195
15.0,14,9,8,196
15.0,14,9,9,197
15.0,14,9,10,198
15.0,14,9,11,199
15.0,14,9,12,200
15.0,14,9,13,201
15.0,14,9,14,201
15.0,14,9,15,202
15.0,14,10,0,190
15.0,14,10,1,191
15.0,14,10,2,192
15.0,14,10,3,193
15.0,14,10,4,194
15.0,14,10,5,194
15.0,14,10,6,195
15.0,14,10,7,196
15.0,14,10,8,197
15.0,14,10,9,198
15.0,14,10,10,199
15.0,14,10,11,200
15.0,14,10,12,201
15.0,14,10,13,202
15.0,14,10,14,202
15.0,14,10,15,203
15.0,14,11,0,191
15.0,14,11,1,192
15.0,14,11,2,193
15.0,14,11,3,194
15.0,14,11,4,195
15.0,14,11,5,195
15.0,14,11,6,196
15.0,14,11,7,197
15.0,14,11,8,198
15.0,14,11,9,199
15.0,14,11,10,200
15.0,14,11,11,201
15.0,14,11,12,202
15.0,14,11,13,203
15.0,14,11,14,204
15.0,14,11,15,204
15.0,14,12,0,192
15.0,14,12,1,193
15.0,14,12,2,194
15.0,14,12,3,195
15.0,14,12,4,196
15.0,14,12,5,197
15.0,14,12,6,197
15.0,14,12,7,198
15.0,14,12,8,199
15.0,14,12,9,200
15.0,14,12,10,201
15.0,14,12,11,202
15.0,14,12,12,203
15.0,14,12,13,204
15.0,14,12,14,205
15.0,14,12,15,206
15.0,14,13,0,193
15.0,14,13,1,194
15.0,14,13,2,195
15.0,14,13,3,196
15.0,14,13,4,197
15.0,14,13,5,198
15.0,14,13,6,198
15.0,14,13,7,199
15.0,14,13,8,200
15.0,14,13,9,201
15.0,14,13,10,202
15.0,14,13,11,203
15.0,14,13,12,204
15.0,14,13,13,205
15.0,14,13,14,206
15.0,14,13,15,207
15.0,14,14,0,194
15.0,14,14,1,195
15.0,14,14,2,196
15.0,14,14,3,197
15.0,14,14,4,198
15.0,14,14,5,199
15.0,14,14,6,200
15.0,14,14,7,200
15.0,14,14,8,201
15.0,14,14,9,202
15.0,14,14,10,203
15.0,14,14,11,204
15.0,14,14,12,205
15.0,14,14,13,206
15.0,14,14,14,207
15.0,14,14,15,208
15.0,14,15,0,195
15.0,14,15,1,196
15.0,14,15,2,197
15.0,14,15,3,198
15.0,14,15,4,199
15.0,14,15,5,200
15.0,14,15,6,201
15.0,14,15,7,201
15.0,14,15,8,202
15.0,14,15,9,203
15.0,14,15,10,204
15.0,14,15,11,205
15.0,14,15,12,206
15.0,14,15,13,207
15.0,14,15,14,208
15.0,14,15,15,209
15.0,15,0,0,182
15.0,15,0,1,183
15.0,15,0,2,184
15.0,15,0,3,184
15.0,15,0,4,185
15.0,15,0,5,186
15.0,15,0,6,187
15.0,15,0,7,188
15.0,15,0,8,189
15.0,15,0,9,190
15.0,15,0,10,190
15.0,15,0,11,191
15.0,15,0,12,192
15.0,15,0,13,193
15.0,15,0,14,194
15.0,15,0,15,195
15.0,15,1,0,183
15.0,15,1,1,184
15.0,15,1,2,185
15.0,15,1,3,186
15.0,15,1,4,186
15.0,15,1,5,187
15.0,15,1,6,188
15.0,15,1,7,189
15.0,15,1,8,190
15.0,15,1,9,191
15.0,15,1,10,192
15.0,15,1,11,192
15.0,15,1,12,193
15.0,15,1,13,194
15.0,15,1,14,195
15.0,15,1,15,196
15.0,15,2,0,184
15.0,15,2,1,185
15.0,15,2,2,186
15.0,15,2,3,187
15.0,15,2,4,188
15.0,15,2,5,188
15.0,15,2,6,189
15.0,15,2,7,190
15.0,15,2,8,191
15.0,15,2,9,192
15.0,15,2,10,193
15.0,15,2,11,194
15.0,15,2,12,195
15.0,15,2,13,195
15.0,15,2,14,196
15.0,15,2,15,197
15.0,15,3,0,185
15.0,15,3,1,186
15.0,15,3,2,187
15.0,15,3,3,188
15.0,15,3,4,189
15.0,15,3,5,190
15.0,15,3,6,190
15.0,15,3,7,191
15.0,15,3,8,192
15.0,15,3,9,193
15.0,15,3,10,194
15.0,15,3,11,195
15.0,15,3,12,196
15.0,15,3,13,197
15.0,15,3,14,197
15.0,15,3,15,198
15.0,15,4,0,186
15.0,15,4,1,187
15.0,15,4,2,188
15.0,15,4,3,189
15.0,15,4,4,190
15.0,15,4,5,191
15.0,15,4,6,192
15.0,15,4,7,192
15.0,15,4,8,193
15.0,15,4,9,194
15.0,15,4,10,195
15.0,15,4,11,196
15.0,15,4,12,197
15.0,15,4,13,198
15.0,15,4,14,199
15.0,15,4,15,199
15.0,15,5,0,187
15.0,15,5,1,188
15.0,15,5,2,189
15.0,15,5,3,190
15.0,15,5,4,191
15.0,15,5,5,192
15.0,15,5,6,193
15.0,15,5,7,194
15.0,15,5,8,194
15.0,15,5,9,195
15.0,15,5,10,196
15.0,15,5,11,197
15.0,15,5,12,198
15.0,15,5,13,199
15.0,15,5,14,200
15.0,15,5,15,201
15.0,15,6,0,188
15.0,15,6,1,189
15.0,15,6,2,190
15.0,15,6,3,191
15.0,15,6,4,192
15.0,15,6,5,193
15.0,15,6,6,194
15.0,15,6,7,195
15.0,15,6,8,196
15.0,15,6,9,196
15.0,15,6,10,197
15.0,15,6,11,198
15.0,15,6,12,199
15.0,15,6,13,200
15.0,15,6,14,201
15.0,15,6,15,202
15.0,15,7,0,189
15.0,15,7,1,190
15.0,15,7,2,191
15.0,15,7,3,192
15.0,15,7,4,193
15.0,15,7,5,194
15.0,15,7,6,195
15.0,15,7,7,196
15.0,15,7,8,197
15.0,15,7,9,197
15.0,15,7,10,198
15.0,15,7,11,199
15.0,15,7,12,200
15.0,15,7,13,201
15.0,15,7,14,202
15.0,15,7,15,203
15.0,15,8,0,190
15.0,15,8,1,191
15.0,15,8,2,192
15.0,15,8,3,193
15.0,15,8,4,194
15.0,15,8,5,195
15.0,15,8,6,196
15.0,15,8,7,197
15.0,15,8,8,198
15.0,15,8,9,199
15.0,15,8,10,199
15.0,15,8,11,200
15.0,15,8,12,201
15.0,15,8,13,202
15.0,15,8,14,203
15.0,15,8,15,204
15.0,15,9,0,191
15.0,15,9,1,192
15.0,15,9,2,193
15.0,15,9,3,194
15.0,15,9,4,195
15.0,15,9,5,196
15.0,15,9,6,197
15.0,15,9,7,198
15.0,15,9,8,199
15.0,15,9,9,200
15.0,15,9,10,201
15.0,15,9,11,201
15.0,15,9,12,202
15.0,15,9,13,203
15.0,15,9,14,204
15.0,15,9,15,205
15.0,15,10,0,192
15.0,15,10,1,193
15.0,15,10,2,194
15.0,15,10,3,195
15.0,15,10,4,196
15.0,15,10,5,197
15.0,15,10,6,198
15.0,15,10,7,199
15.0,15,10,8,200
15.0,15,10,9,201
15.0,15,10,10,202
15.0,15,10,11,203
15.0,15,10,12,203
15.0,15,10,13,204
15.0,15,10,14,205
15.0,15,10,15,206
15.0,15,11,0,193
15.0,15,11,1,194
15.0,15,11,2,195
15.0,15,11,3,196
15.0,15,11,4,197
15.0,15,11,5,198
15.0,15,11,6,199
15.0,15,11,7,200
15.0,15,11,8,201
15.0,15,11,9,202
15.0,15,11,10,203
15.0,15,11,11,204
15.0,15,11,12,205
15.0,15,11,13,205
15.0,15,11,14,206
15.0,15,11,15,207
15.0,15,12,0,195
15.0,15,12,1,195
15.0,15,12,2,196
15.0,15,12,3,197
15.0,15,12,4,198
15.0,15,12,5,199
15.0,15,12,6,200
15.0,15,12,7,201
15.0,15,12,8,202
15.0,15,12,9,203
15.0,15,12,10,204
15.0,15,12,11,205
15.0,15,12,12,206
15.0,15,12,13,207
15.0,15,12,14,207
15.0,15,12,15,208
15.0,15,13,0,196
15.0,15,13,1,196
15.0,15,13,2,197
15.0,15,13,3,198
15.0,15,13,4,199
15.0,15,13,5,200
15.0,15,13,6,201
15.0,15,13,7,202
15.0,15,13,8,203
15.0,15,13,9,204
15.0,15,13,10,205
15.0,15,13,11,206
15.0,15,13,12,207
15.0,15,13,13,208
15.0,15,13,14,209
15.0,15,13,15,209
15.0,15,14,0,197
15.0,15,14,1,198
15.0,15,14,2,198
15.0,15,14,3,199
15.0,15,14,4,200
15.0,15,14,5,201
15.0,15,14,6,202
15.0,15,14,7,203
15.0,15,14,8,204
15.0,15,14,9,205
15.0,15,14,10,206
15.0,15,14,11,207
15.0,15,14,12,208
15.0,15,14,13,209
15.0,15,14,14,210
15.0,15,14,15,211
15.0,15,15,0,198
15.0,15,15,1,199
15.0,15,15,2,199
15.0,15,15,3,200
15.0,15,15,4,201
15.0,15,15,5,202
15.0,15,15,6,203
15.0,15,15,7,204
15.0,15,15,8,205
15.0,15,15,9,206
15.0,15,15,10,207
15.0,15,15,11,208
15.0,15,15,12,209
15.0,15,15,13,210
15.0,15,15,14,211
15.0,15,15,15,212
15.5,0,0,0,150
15.5,0,0,1,150
15.5,0,0,2,151
15.5,0,0,3,152
15.5,0,0,4,153
15.5,0,0,5,153
15.5,0,0,6,154
15.5,0,0,7,155
15.5,0,0,8,155
15.5,0,0,9,156
15.5,0,0,10,157
15.5,0,0,11,158
15.5,0,0,12,158
15.5,0,0,13,159
15.5,0,0,14,160
15.5,0,0,15,160
15.5,0,1,0,151
15.5,0,1,1,151
15.5,0,1,2,152
15.5,0,1,3,153
15.5,0,1,4,154
15.5,0,1,5,154
15.5,0,1,6,155
15.5,0,1,7,156
15.5,0,1,8,156
15.5,0,1,9,157
15.5,0,1,10,158
15.5,0,1,11,159
15.5,0,1,12,159
15.5,0,1,13,160
15.5,0,1,14,161
15.5,0,1,15,161
15.5,0,2,0,151
15.5,0,2,1,152
15.5,0,2,2,153
15.5,0,2,3,154
15.5,0,2,4,154
15.5,0,2,5,155
15.5,0,2,6,156
15.5,0,2,7,157
15.5,0,2,8,157
15.5,0,2,9,158
15.5,0,2,10,159
15.5,0,2,11,159
15.5,0,2,12,160
15.5,0,2,13,161
15.5,0,2,14,162
15.5,0,2,15,162
15.5,0,3,0,152
15.5,0,3,1,153
15.5,0,3,2,154
15.5,0,3,3,155
15.5,0,3,4,155
15.5,0,3,5,156
15.5,0,3,6,157
15.5,0,3,7,158
15.5,0,3,8,158
15.5,0,3,9,159
15.5,0,3,10,160
15.5,0,3,11,160
15.5,0,3,12,161
15.5,0,3,13,162
15.5,0,3,14,163
15.5,0,3,15,163
15.5,0,4,0,153
15.5,0,4,1,154
15.5,0,4,2,155
15.5,0,4,3,155
15.5,0,4,4,156
15.5,0,4,5,157
15.5,0,4,6,158
15.5,0,4,7,158
15.5,0,4,8,159
15.5,0,4,9,160
15.5,0,4,10,161
15.5,0,4,11,161
15.5,0,4,12,162
15.5,0,4,13,163
15.5,0,4,14,163
15.5,0,4,15,164
15.5,0,5,0,154
15.5,0,5,1,155
15.5,0,5,2,156
15.5,0,5,3,156
15.5,0,5,4,157
15.5,0,5,5,158
15.5,0,5,6,159
15.5,0,5,7,159
15.5,0,5,8,160
15.5,0,5,9,161
15.5,0,5,10,162
15.5,0,5,11,162
15.5,0,5,12,163
15.5,0,5,13,164
15.5,0,5,14,164
15.5,0,5,15,165
15.5,0,6,0,155
15.5,0,6,1,156
15.5,0,6,2,157
15.5,0,6,3,157
15.5,0,6,4,158
15.5,0,6,5,159
15.5,0,6,6,160
15.5,0,6,7,160
15.5,0,6,8,161
15.5,0,6,9,162
15.5,0,6,10,162
15.5,0,6,11,163
15.5,0,6,12,164
15.5,0,6,13,165
15.5,0,6,14,165
15.5,0,6,15,166
15.5,0,7,0,156
15.5,0,7,1,157
15.5,0,7,2,157
15.5,0,7,3,158
15.5,0,7,4,159
15.5,0,7,5,160
15.5,0,7,6,160
15.5,0,7,7,161
15.5,0,7,8,162
15.5,0,7,9,163
15.5,0,7,10,163
15.5,0,7,11,164
15.5,0,7,12,165
15.5,0,7,13,166
15.5,0,7,14,166
15.5,0,7,15,167
15.5,0,8,0,157
15.5,0,8,1,158
15.5,0,8,2,158
15.5,0,8,3,159
15.5,0,8,4,160
15.5,0,8,5,161
15.5,0,8,6,161
15.5,0,8,7,162
15.5,0,8,8,163
15.5,0,8,9,164
15.5,0,8,10,164
15.5,0,8,11,165
15.5,0,8,12,166
15.5,0,8,13,166
15.5,0,8,14,167
15.5,0,8,15,168
15.5,0,9,0,158
15.5,0,9,1,158
15.5,0,9,2,159
15.5,0,9,3,160
15.5,0,9,4,161
15.5,0,9,5,161
15.5,0,9,6,162
15.5,0,9,7,163
15.5,0,9,8,164
15.5,0,9,9,164
15.5,0,9,10,165
15.5,0,9,11,166
15.5,0,9,12,167
15.5,0,9,13,167
15.5,0,9,14,168
15.5,0,9,15,169
15.5,0,10,0,158
15.5,0,10,1,159
15.5,0,10,2,160
15.5,0,10,3,161
15.5,0,10,4,162
15.5,0,10,5,162
15.5,0,10,6,163
15.5,0,10,7,164
15.5,0,10,8,165
15.5,0,10,9,165
15.5,0,10,10,166
15.5,0,10,11,167
15.5,0,10,12,168
15.5,0,10,13,168
15.5,0,10,14,169
15.5,0,10,15,170
15.5,0,11,0,159
15.5,0,11,1,160
15.5,0,11,2,161
15.5,0,11,3,162
15.5,0,11,4,162
15.5,0,11,5,163
15.5,0,11,6,164
15.5,0,11,7,165
15.5,0,11,8,165
15.5,0,11,9,166
15.5,0,11,10,167
15.5,0,11,11,168
15.5,0,11,12,168
15.5,0,11,13,169
15.5,0,11,14,170
15.5,0,11,15,171
15.5,0,12,0,160
15.5,0,12,1,161
15.5,0,12,2,162
15.5,0,12,3,162
15.5,0,12,4,163
15.5,0,12,5,164
15.5,0,12,6,165
15.5,0,12,7,166
15.5,0,12,8,166
15.5,0,12,9,167
15.5,0,12,10,168
15.5,0,12,11,169
15.5,0,12,12,169
15.5,0,12,13,170
15.5,0,12,14,171
15.5,0,12,15,172
15.5,0,13,0,161
15.5,0,13,1,162
15.5,0,13,2,163
15.5,0,13,3,163
15.5,0,13,4,164
15.5,0,13,5,165
15.5,0,13,6,166
15.5,0,13,7,166
15.5,0,13,8,167
15.5,0,13,9,168
15.5,0,13,10,169
15.5,0,13,11,169
15.5,0,13,12,170
15.5,0,13,13,171
15.5,0,13,14,172
15.5,0,13,15,172
15.5,0,14,0,162
15.5,0,14,1,163
15.5,0,14,2,163
15.5,0,14,3,164
15.5,0,14,4,165
15.5,0,14,5,166
15.5,0,14,6,167
15.5,0,14,7,167
15.5,0,14,8,168
15.5,0,14,9,169
15.5,0,14,10,170
15.5,0,14,11,170
15.5,0,14,12,171
15.5,0,14,13,172
15.5,0,14,14,173
15.5,0,14,15,173
15.5,0,15,0,163
15.5,0,15,1,163
15.5,0,15,2,164
15.5,0,15,3,165
15.5,0,15,4,166
15.5,0,15,5,167
15.5,0,15,6,167
15.5,0,15,7,168
15.5,0,15,8,169
15.5,0,15,9,170
15.5,0,15,10,170
15.5,0,15,11,171
15.5,0,15,12,172
15.5,0,15,13,173
15.5,0,15,14,174
15.5,0,15,15,174
15.5,1,0,0,152
15.5,1,0,1,153
15.5,1,0,2,154
15.5,1,0,3,154
15.5,1,0,4,155
15.5,1,0,5,156
15.5,1,0,6,157
15.5,1,0,7,157
15.5,1,0,8,158
15.5,1,0,9,159
15.5,1,0,10,160
15.5,1,0,11,160
15.5,1,0,12,161
15.5,1,0,13,162
15.5,1,0,14,162
15.5,1,0,15,163
15.5,1,1,0,153
15.5,1,1,1,154
15.5,1,1,2,155
15.5,1,1,3,155
15.5,1,1,4,156
15.5,1,1,5,157
15.5,1,1,6,158
15.5,1,1,7,158
15.5,1,1,8,159
15.5,1,1,9,160
15.5,1,1,10,160
15.5,1,1,11,161
15.5,1,1,12,162
15.5,1,1,13,163
15.5,1,1,14,163
15.5,1,1,15,164
15.5,1,2,0,154
15.5,1,2,1,155
15.5,1,2,2,156
15.5,1,2,3,156
15.5,1,2,4,157
15.5,1,2,5,158
15.5,1,2,6,159
15.5,1,2,7,159
15.5,1,2,8,160
15.5,1,2,9,161
15.5,1,2,10,161
15.5,1,2,11,162
15.5,1,2,12,163
15.5,1,2,13,164
15.5,1,2,14,164
15.5,1,2,15,165
15.5,1,3,0,155
15.5,1,3,1,156
15.5,1,3,2,156
15.5,1,3,3,157
15.5,1,3,4,158
15.5,1,3,5,159
15.5,1,3,6,159
15.5,1,3,7,160
15.5,1,3,8,161
15.5,1,3,9,162
15.5,1,3,10,162
15.5,1,3,11,163
15.5,1,3,12,164
15.5,1,3,13,165
15.5,1,3,14,165
15.5,1,3,15,166
15.5,1,4,0,156
15.5,1,4,1,157
15.5,1,4,2,157
15.5,1,4,3,158
15.5,1,4,4,159
15.5,1,4,5,160
15.5,1,4,6,160
15.5,1,4,7,161
15.5,1,4,8,162
15.5,1,4,9,163
15.5,1,4,10,163
15.5,1,4,11,164
15.5,1,4,12,165
15.5,1,4,13,166
15.5,1,4,14,166
15.5,1,4,15,167
15.5,1,5,0,157
15.5,1,5,1,158
15.5,1,5,2,158
15.5,1,5,3,159
15.5,1,5,4,160
15.5,1,5,5,161
15.5,1,5,6,161
15.5,1,5,7,162
15.5,1,5,8,163
15.5,1,5,9,164
15.5,1,5,10,164
15.5,1,5,11,165
15.5,1,5,12,166
15.5,1,5,13,166
15.5,1,5,14,167
15.5,1,5,15,168
15.5,1,6,0,158
15.5,1,6,1,158
15.5,1,6,2,159
15.5,1,6,3,160
15.5,1,6,4,161
15.5,1,6,5,161
15.5,1,6,6,162
15.5,1,6,7,163
15.5,1,6,8,164
15.5,1,6,9,164
15.5,1,6,10,165
15.5,1,6,11,166
15.5,1,6,12,167
15.5,1,6,13,167
15.5,1,6,14,168
15.5,1,6,15,169
15.5,1,7,0,159
15.5,1,7,1,159
15.5,1,7,2,160
15.5,1,7,3,161
15.5,1,7,4,162
15.5,1,7,5,162
15.5,1,7,6,163
15.5,1,7,7,164
15.5,1,7,8,165
15.5,1,7,9,165
15.5,1,7,10,166
15.5,1,7,11,167
15.5,1,7,12,168
15.5,1,7,13,168
15.5,1,7,14,169
15.5,1,7,15,170
15.5,1,8,0,159
15.5,1,8,1,160
15.5,1,8,2,161
15.5,1,8,3,162
15.5,1,8,4,163
15.5,1,8,5,163
15.5,1,8,6,164
15.5,1,8,7,165
15.5,1,8,8,166
15.5,1,8,9,166
15.5,1,8,10,167
15.5,1,8,11,168
15.5,1,8,12,169
15.5,1,8,13,169
15.5,1,8,14,170
15.5,1,8,15,171
15.5,1,9,0,160
15.5,1,9,1,161
15.5,1,9,2,162
15.5,1,9,3,163
15.5,1,9,4,163
15.5,1,9,5,164
15.5,1,9,6,165
15.5,1,9,7,166
15.5,1,9,8,166
15.5,1,9,9,167
15.5,1,9,10,168
15.5,1,9,11,169
15.5,1,9,12,169
15.5,1,9,13,170
15.5,1,9,14,171
15.5,1,9,15,172
15.5,1,10,0,161
15.5,1,10,1,162
15.5,1,10,2,163
15.5,1,10,3,164
15.5,1,10,4,164
15.5,1,10,5,165
15.5,1,10,6,166
15.5,1,10,7,167
15.5,1,10,8,167
15.5,1,10,9,168
15.5,1,10,10,169
15.5,1,10,11,170
15.5,1,10,12,170
15.5,1,10,13,171
15.5,1,10,14,172
15.5,1,10,15,173
15.5,1,11,0,162
15.5,1,11,1,163
15.5,1,11,2,164
15.5,1,11,3,164
15.5,1,11,4,165
15.5,1,11,5,166
15.5,1,11,6,167
15.5,1,11,7,167
15.5,1,11,8,168
15.5,1,11,9,169
15.5,1,11,10,170
15.5,1,11,11,171
15.5,1,11,12,171
15.5,1,11,13,172
15.5,1,11,14,173
15.5,1,11,15,174
15.5,1,12,0,163
15.5,1,12,1,164
15.5,1,12,2,164
15.5,1,12,3,165
15.5,1,12,4,166
15.5,1,12,5,167
15.5,1,12,6,168
15.5,1,12,7,168
15.5,1,12,8,169
15.5,1,12,9,170
15.5,1,12,10,171
15.5,1,12,11,171
15.5,1,12,12,172
15.5,1,12,13,173
15.5,1,12,14,174
15.5,1,12,15,174
15.5,1,13,0,164
15.5,1,13,1,165
15.5,1,13,2,165
15.5,1,13,3,166
15.5,1,13,4,167
15.5,1,13,5,168
15.5,1,13,6,168
15.5,1,13,7,169
15.5,1,13,8,170
15.5,1,13,9,171
15.5,1,13,10,172
15.5,1,13,11,172
15.5,1,13,12,173
15.5,1,13,13,174
15.5,1,13,14,175
15.5,1,13,15,175
15.5,1,14,0,165
15.5,1,14,1,165
15.5,1,14,2,166
15.5,1,14,3,167
15.5,1,14,4,168
15.5,1,14,5,169
15.5,1,14,6,169
15.5,1,14,7,170
15.5,1,14,8,171
15.5,1,14,9,172
15.5,1,14,10,172
15.5,1,14,11,173
15.5,1,14,12,174
15.5,1,14,13,175
15.5,1,14,14,176
15.5,1,14,15,176
15.5,1,15,0,165
15.5,1,15,1,166
15.5,1,15,2,167
15.5,1,15,3,168
15.5,1,15,4,169
15.5,1,15,5,169
15.5,1,15,6,170
15.5,1,15,7,171
15.5,1,15,8,172
15.5,1,15,9,173
15.5,1,15,10,173
15.5,1,15,11,174
15.5,1,15,12,175
15.5,1,15,13,176
15.5,1,15,14,176
15.5,1,15,15,177
15.5,2,0,0,155
15.5,2,0,1,156
15.5,2,0,2,156
15.5,2,0,3,157
15.5,2,0,4,158
15.5,2,0,5,159
15.5,2,0,6,159
15.5,2,0,7,160
15.5,2,0,8,161
15.5,2,0,9,161
15.5,2,0,10,162
15.5,2,0,11,163
15.5,2,0,12,164
15.5,2,0,13,164
15.5,2,0,14,165
15.5,2,0,15,166
15.5,2,1,0,156
15.5,2,1,1,156
15.5,2,1,2,157
15.5,2,1,3,158
15.5,2,1,4,159
15.5,2,1,5,159
15.5,2,1,6,160
15.5,2,1,7,161
15.5,2,1,8,162
15.5,2,1,9,162
15.5,2,1,10,163
15.5,2,1,11,164
15.5,2,1,12,165
15.5,2,1,13,165
15.5,2,1,14,166
15.5,2,1,15,167
15.5,2,2,0,157
15.5,2,2,1,157
15.5,2,2,2,158
15.5,2,2,3,159
15.5,2,2,4,160
15.5,2,2,5,160
15.5,2,2,6,161
15.5,2,2,7,162
15.5,2,2,8,163
15.5,2,2,9,163
15.5,2,2,10,164
15.5,2,2,11,165
15.5,2,2,12,166
15.5,2,2,13,166
15.5,2,2,14,167
15.5,2,2,15,168
15.5,2,3,0,158
15.5,2,3,1,158
15.5,2,3,2,159
15.5,2,3,3,160
15.5,2,3,4,161
15.5,2,3,5,161
15.5,2,3,6,162
15.5,2,3,7,163
15.5,2,3,8,164
15.5,2,3,9,164
15.5,2,3,10,165
15.5,2,3,11,166
15.5,2,3,12,167
15.5,2,3,13,167
15.5,2,3,14,168
15.5,2,3,15,169
15.5,2,4,0,158
15.5,2,4,1,159
15.5,2,4,2,160
15.5,2,4,3,161
15.5,2,4,4,162
15.5,2,4,5,162
15.5,2,4,6,163
15.5,2,4,7,164
15.5,2,4,8,165
15.5,2,4,9,165
15.5,2,4,10,166
15.5,2,4,11,167
15.5,2,4,12,168
15.5,2,4,13,168
15.5,2,4,14,169
15.5,2,4,15,170
15.5,2,5,0,159
15.5,2,5,1,160
15.5,2,5,2,161
15.5,2,5,3,162
15.5,2,5,4,162
15.5,2,5,5,163
15.5,2,5,6,164
15.5,2,5,7,165
15.5,2,5,8,166
15.5,2,5,9,166
15.5,2,5,10,167
15.5,2,5,11,168
15.5,2,5,12,169
15.5,2,5,13,169
15.5,2,5,14,170
15.5,2,5,15,171
15.5,2,6,0,160
15.5,2,6,1,161
15.5,2,6,2,162
15.5,2,6,3,163
15.5,2,6,4,163
15.5,2,6,5,164
15.5,2,6,6,165
15.5,2,6,7,166
15.5,2,6,8,166
15.5,2,6,9,167
15.5,2,6,10,168
15.5,2,6,11,169
15.5,2,6,12,169
15.5,2,6,13,170
15.5,2,6,14,171
15.5,2,6,15,172
15.5,2,7,0,161
15.5,2,7,1,162
15.5,2,7,2,163
15.5,2,7,3,164
15.5,2,7,4,164
15.5,2,7,5,165
15.5,2,7,6,166
15.5,2,7,7,167
15.5,2,7,8,167
15.5,2,7,9,168
15.5,2,7,10,169
15.5,2,7,11,170
15.5,2,7,12,170
15.5,2,7,13,171
15.5,2,7,14,172
15.5,2,7,15,173
15.5,2,8,0,162
15.5,2,8,1,163
15.5,2,8,2,164
15.5,2,8,3,164
15.5,2,8,4,165
15.5,2,8,5,166
15.5,2,8,6,167
15.5,2,8,7,168
15.5,2,8,8,168
15.5,2,8,9,169
15.5,2,8,10,170
15.5,2,8,11,171
15.5,2,8,12,171
15.5,2,8,13,172
15.5,2,8,14,173
15.5,2,8,15,174
15.5,2,9,0,163
15.5,2,9,1,164
15.5,2,9,2,165
15.5,2,9,3,165
15.5,2,9,4,166
15.5,2,9,5,167
15.5,2,9,6,168
15.5,2,9,7,168
15.5,2,9,8,169
15.5,2,9,9,170
15.5,2,9,10,171
15.5,2,9,11,172
15.5,2,9,12,172
15.5,2,9,13,173
15.5,2,9,14,174
15.5,2,9,15,175
15.5,2,10,0,164
15.5,2,10,1,165
15.5,2,10,2,165
15.5,2,10,3,166
15.5,2,10,4,167
15.5,2,10,5,168
15.5,2,10,6,169
15.5,2,10,7,169
15.5,2,10,8,170
15.5,2,10,9,171
15.5,2,10,10,172
15.5,2,10,11,172
15.5,2,10,12,173
15.5,2,10,13,174
15.5,2,10,14,175
15.5,2,10,15,176
15.5,2,11,0,165
15.5,2,11,1,166
15.5,2,11,2,166
15.5,2,11,3,167
15.5,2,11,4,168
15.5,2,11,5,169
15.5,2,11,6,170
15.5,2,11,7,170
15.5,2,11,8,171
15.5,2,11,9,172
15.5,2,11,10,173
15.5,2,11,11,173
15.5,2,11,12,174
15.5,2,11,13,175
15.5,2,11,14,176
15.5,2,11,15,176
15.5,2,12,0,166
15.5,2,12,1,166
15.5,2,12,2,167
15.5,2,12,3,168
15.5,2,12,4,169
15.5,2,12,5,170
15.5,2,12,6,170
15.5,2,12,7,171
15.5,2,12,8,172
15.5,2,12,9,173
15.5,2,12,10,174
15.5,2,12,11,174
15.5,2,12,12,175
15.5,2,12,13,176
15.5,2,12,14,177
15.5,2,12,15,177
15.5,2,13,0,166
15.5,2,13,1,167
15.5,2,13,2,168
15.5,2,13,3,169
15.5,2,13,4,170
15.5,2,13,5,171
15.5,2,13,6,171
15.5,2,13,7,172
15.5,2,13,8,173
15.5,2,13,9,174
15.5,2,13,10,174
15.5,2,13,11,175
15.5,2,13,12,176
15.5,2,13,13,177
15.5,2,13,14,178
15.5,2,13,15,178
15.5,2,14,0,167
15.5,2,14,1,168
15.5,2,14,2,169
15.5,2,14,3,170
15.5,2,14,4,171
15.5,2,14,5,171
15.5,2,14,6,172
15.5,2,14,7,173
15.5,2,14,8,174
15.5,2,14,9,175
15.5,2,14,10,175
15.5,2,14,11,176
15.5,2,14,12,177
15.5,2,14,13,178
15.5,2,14,14,178
15.5,2,14,15,179
15.5,2,15,0,168
15.5,2,15,1,169
15.5,2,15,2,170
15.5,2,15,3,171
15.5,2,15,4,171
15.5,2,15,5,172
15.5,2,15,6,173
15.5,2,15,7,174
15.5,2,15,8,175
15.5,2,15,9,175
15.5,2,15,10,176
15.5,2,15,11,177
15.5,2,15,12,178
15.5,2,15,13,179
15.5,2,15,14,179
15.5,2,15,15,180
15.5,3,0,0,157
15.5,3,0,1,158
15.5,3,0,2,159
15.5,3,0,3,160
15.5,3,0,4,160
15.5,3,0,5,161
15.5,3,0,6,162
15.5,3,0,7,163
15.5,3,0,8,163
15.5,3,0,9,164
15.5,3,0,10,165
15.5,3,0,11,166
15.5,3,0,12,166
15.5,3,0,13,167
15.5,3,0,14,168
15.5,3,0,15,169
15.5,3,1,0,158
15.5,3,1,1,159
15.5,3,1,2,160
15.5,3,1,3,161
15.5,3,1,4,161
15.5,3,1,5,162
15.5,3,1,6,163
15.5,3,1,7,164
15.5,3,1,8,164
15.5,3,1,9,165
15.5,3,1,10,166
15.5,3,1,11,167
15.5,3,1,12,167
15.5,3,1,13,168
15.5,3,1,14,169
15.5,3,1,15,170
15.5,3,2,0,159
15.5,3,2,1,160
15.5,3,2,2,161
15.5,3,2,3,162
15.5,3,2,4,162
15.5,3,2,5,163
15.5,3,2,6,164
15.5,3,2,7,165
15.5,3,2,8,165
15.5,3,2,9,166
15.5,3,2,10,167
15.5,3,2,11,168
15.5,3,2,12,168
15.5,3,2,13,169
15.5,3,2,14,170
15.5,3,2,15,171
15.5,3,3,0,160
15.5,3,3,1,161
15.5,3,3,2,162
15.5,3,3,3,162
15.5,3,3,4,163
15.5,3,3,5,164
15.5,3,3,6,165
15.5,3,3,7,166
15.5,3,3,8,166
15.5,3,3,9,167
15.5,3,3,10,168
15.5,3,3,11,169
15.5,3,3,12,169
15.5,3,3,13,170
15.5,3,3,14,171
15.5,3,3,15,172
15.5,3,4,0,161
15.5,3,4,1,162
15.5,3,4,2,163
15.5,3,4,3,163
15.5,3,4,4,164
15.5,3,4,5,165
15.5,3,4,6,166
15.5,3,4,7,167
15.5,3,4,8,167
15.5,3,4,9,168
15.5,3,4,10,169
15.5,3,4,11,170
15.5,3,4,12,170
15.5,3,4,13,171
15.5,3,4,14,172
15.5,3,4,15,173
15.5,3,5,0,162
15.5,3,5,1,163
15.5,3,5,2,164
15.5,3,5,3,164
15.5,3,5,4,165
15.5,3,5,5,166
15.5,3,5,6,167
15.5,3,5,7,167
15.5,3,5,8,168
15.5,3,5,9,169
15.5,3,5,10,170
15.5,3,5,11,171
15.5,3,5,12,171
15.5,3,5,13,172
15.5,3,5,14,173
15.5,3,5,15,174
15.5,3,6,0,163
15.5,3,6,1,164
15.5,3,6,2,164
15.5,3,6,3,165
15.5,3,6,4,166
15.5,3,6,5,167
15.5,3,6,6,168
15.5,3,6,7,168
15.5,3,6,8,169
15.5,3,6,9,170
15.5,3,6,10,171
15.5,3,6,11,171
15.5,3,6,12,172
15.5,3,6,13,173
15.5,3,6,14,174
15.5,3,6,15,175
15.5,3,7,0,164
15.5,3,7,1,165
15.5,3,7,2,165
15.5,3,7,3,166
15.5,3,7,4,167
15.5,3,7,5,168
15.5,3,7,6,169
15.5,3,7,7,169
15.5,3,7,8,170
15.5,3,7,9,171
15.5,3,7,10,172
15.5,3,7,11,172
15.5,3,7,12,173
15.5,3,7,13,174
15.5,3,7,14,175
15.5,3,7,15,175
15.5,3,8,0,165
15.5,3,8,1,166
15.5,3,8,2,166
15.5,3,8,3,167
15.5,3,8,4,168
15.5,3,8,5,169
15.5,3,8,6,170
15.5,3,8,7,170
15.5,3,8,8,171
15.5,3,8,9,172
15.5,3,8,10,173
15.5,3,8,11,173
15.5,3,8,12,174
15.5,3,8,13,175
15.5,3,8,14,176
15.5,3,8,15,176
15.5,3,9,0,166
15.5,3,9,1,166
15.5,3,9,2,167
15.5,3,9,3,168
15.5,3,9,4,169
15.5,3,9,5,170
15.5,3,9,6,170
15.5,3,9,7,171
15.5,3,9,8,172
15.5,3,9,9,173
15.5,3,9,10,174
15.5,3,9,11,174
15.5,3,9,12,175
15.5,3,9,13,176
15.5,3,9,14,177
15.5,3,9,15,177
15.5,3,10,0,167
15.5,3,10,1,167
15.5,3,10,2,168
15.5,3,10,3,169
15.5,3,10,4,170
15.5,3,10,5,171
15.5,3,10,6,171
15.5,3,10,7,172
15.5,3,10,8,173
15.5,3,10,9,174
15.5,3,10,10,175
15.5,3,10,11,175
15.5,3,10,12,176
15.5,3,10,13,177
15.5,3,10,14,178
15.5,3,10,15,178
15.5,3,11,0,167
15.5,3,11,1,168
15.5,3,11,2,169
15.5,3,11,3,170
15.5,3,11,4,171
15.5,3,11,5,171
15.5,3,11,6,172
15.5,3,11,7,173
15.5,3,11,8,174
15.5,3,11,9,175
15.5,3,11,10,175
15.5,3,11,11,176
15.5,3,11,12,177
15.5,3,11,13,178
15.5,3,11,14,179
15.5,3,11,15,179
15.5,3,12,0,168
15.5,3,12,1,169
15.5,3,12,2,170
15.5,3,12,3,171
15.5,3,12,4,172
15.5,3,12,5,172
15.5,3,12,6,173
15.5,3,12,7,174
15.5,3,12,8,175
15.5,3,12,9,176
15.5,3,12,10,176
15.5,3,12,11,177
15.5,3,12,12,178
15.5,3,12,13,179
15.5,3,12,14,180
15.5,3,12,15,180
15.5,3,13,0,169
15.5,3,13,1,170
15.5,3,13,2,171
15.5,3,13,3,172
15.5,3,13,4,173
15.5,3,13,5,173
15.5,3,13,6,174
15.5,3,13,7,175
15.5,3,13,8,176
15.5,3,13,9,177
15.5,3,13,10,177
15.5,3,13,11,178
15.5,3,13,12,179
15.5,3,13,13,180
15.5,3,13,14,180
15.5,3,13,15,181
15.5,3,14,0,170
15.5,3,14,1,171
15.5,3,14,2,172
15.5,3,14,3,173
15.5,3,14,4,173
15.5,3,14,5,174
15.5,3,14,6,175
15.5,3,14,7,176
15.5,3,14,8,177
15.5,3,14,9,177
15.5,3,14,10,178
15.5,3,14,11,179
15.5,3,14,12,180
15.5,3,14,13,181
15.5,3,14,14,181
15.5,3,14,15,182
15.5,3,15,0,171
15.5,3,15,1,172
15.5,3,15,2,173
15.5,3,15,3,173
15.5,3,15,4,174
15.5,3,15,5,175
15.5,3,15,6,176
15.5,3,15,7,177
15.5,3,15,8,178
15.5,3,15,9,178
15.5,3,15,10,179
15.5,3,15,11,180
15.5,3,15,12,181
15.5,3,15,13,182
15.5,3,15,14,182
15.5,3,15,15,183
15.5,4,0,0,160
15.5,4,0,1,161
15.5,4,0,2,161
15.5,4,0,3,162
15.5,4,0,4,163
15.5,4,0,5,164
15.5,4,0,6,164
15.5,4,0,7,165
15.5,4,0,8,166
15.5,4,0,9,167
15.5,4,0,10,168
15.5,4,0,11,168
15.5,4,0,12,169
15.5,4,0,13,170
15.5,4,0,14,170
15.5,4,0,15,171
15.5,4,1,0,161
15.5,4,1,1,162
15.5,4,1,2,162
15.5,4,1,3,163
15.5,4,1,4,164
15.5,4,1,5,165
15.5,4,1,6,165
15.5,4,1,7,166
15.5,4,1,8,167
15.5,4,1,9,168
15.5,4,1,10,169
15.5,4,1,11,169
15.5,4,1,12,170
15.5,4,1,13,171
15.5,4,1,14,172
15.5,4,1,15,172
15.5,4,2,0,162
15.5,4,2,1,163
15.5,4,2,2,163
15.5,4,2,3,164
15.5,4,2,4,165
15.5,4,2,5,166
15.5,4,2,6,166
15.5,4,2,7,167
15.5,4,2,8,168
15.5,4,2,9,169
15.5,4,2,10,170
15.5,4,2,11,170
15.5,4,2,12,171
15.5,4,2,13,172
15.5,4,2,14,173
15.5,4,2,15,173
15.5,4,3,0,163
15.5,4,3,1,164
15.5,4,3,2,164
15.5,4,3,3,165
15.5,4,3,4,166
15.5,4,3,5,167
15.5,4,3,6,167
15.5,4,3,7,168
15.5,4,3,8,169
15.5,4,3,9,170
15.5,4,3,10,171
15.5,4,3,11,171
15.5,4,3,12,172
15.5,4,3,13,173
15.5,4,3,14,174
15.5,4,3,15,174
15.5,4,4,0,164
15.5,4,4,1,164
15.5,4,4,2,165
15.5,4,4,3,166
15.5,4,4,4,167
15.5,4,4,5,168
15.5,4,4,6,168
15.5,4,4,7,169
15.5,4,4,8,170
15.5,4,4,9,171
15.5,4,4,10,172
15.5,4,4,11,172
15.5,4,4,12,173
15.5,4,4,13,174
15.5,4,4,14,175
15.5,4,4,15,175
15.5,4,5,0,165
15.5,4,5,1,165
15.5,4,5,2,166
15.5,4,5,3,167
15.5,4,5,4,168
15.5,4,5,5,169
15.5,4,5,6,169
15.5,4,5,7,170
15.5,4,5,8,171
15.5,4,5,9,172
15.5,4,5,10,173
15.5,4,5,11,173
15.5,4,5,12,174
15.5,4,5,13,175
15.5,4,5,14,176
15.5,4,5,15,176
15.5,4,6,0,166
15.5,4,6,1,166
15.5,4,6,2,167
15.5,4,6,3,168
15.5,4,6,4,169
15.5,4,6,5,170
15.5,4,6,6,170
15.5,4,6,7,171
15.5,4,6,8,172
15.5,4,6,9,173
15.5,4,6,10,173
15.5,4,6,11,174
15.5,4,6,12,175
15.5,4,6,13,176
15.5,4,6,14,177
15.5,4,6,15,177
15.5,4,7,0,166
15.5,4,7,1,167
15.5,4,7,2,168
15.5,4,7,3,169
15.5,4,7,4,170
15.5,4,7,5,171
15.5,4,7,6,171
15.5,4,7,7,172
15.5,4,7,8,173
15.5,4,7,9,174
15.5,4,7,10,174
15.5,4,7,11,175
15.5,4,7,12,176
15.5,4,7,13,177
15.5,4,7,14,178
15.5,4,7,15,178
15.5,4,8,0,167
15.5,4,8,1,168
15.5,4,8,2,169
15.5,4,8,3,170
15.5,4,8,4,171
15.5,4,8,5,171
15.5,4,8,6,172
15.5,4,8,7,173
15.5,4,8,8,174
15.5,4,8,9,175
15.5,4,8,10,175
15.5,4,8,11,176
15.5,4,8,12,177
15.5,4,8,13,178
15.5,4,8,14,179
15.5,4,8,15,179
15.5,4,9,0,168
15.5,4,9,1,169
15.5,4,9,2,170
15.5,4,9,3,171
15.5,4,9,4,172
15.5,4,9,5,172
15.5,4,9,6,173
15.5,4,9,7,174
15.5,4,9,8,175
15.5,4,9,9,176
15.5,4,9,10,176
15.5,4,9,11,177
15.5,4,9,12,178
15.5,4,9,13,179
15.5,4,9,14,180
15.5,4,9,15,180
15.5,4,10,0,169
15.5,4,10,1,170
15.5,4,10,2,171
15.5,4,10,3,172
15.5,4,10,4,173
15.5,4,10,5,173
15.5,4,10,6,174
15.5,4,10,7,175
15.5,4,10,8,176
15.5,4,10,9,177
15.5,4,10,10,177
15.5,4,10,11,178
15.5,4,10,12,179
15.5,4,10,13,180
15.5,4,10,14,181
15.5,4,10,15,181
15.5,4,11,0,170
15.5,4,11,1,171
15.5,4,11,2,172
15.5,4,11,3,173
15.5,4,11,4,173
15.5,4,11,5,174
15.5,4,11,6,175
15.5,4,11,7,176
15.5,4,11,8,177
15.5,4,11,9,178
15.5,4,11,10,178
15.5,4,11,11,179
15.5,4,11,12,180
15.5,4,11,13,181
15.5,4,11,14,181
15.5,4,11,15,182
15.5,4,12,0,171
15.5,4,12,1,172
15.5,4,12,2,173
15.5,4,12,3,174
15.5,4,12,4,174
15.5,4,12,5,175
15.5,4,12,6,176
15.5,4,12,7,177
15.5,4,12,8,178
15.5,4,12,9,178
15.5,4,12,10,179
15.5,4,12,11,180
15.5,4,12,12,181
15.5,4,12,13,182
15.5,4,12,14,182
15.5,4,12,15,183
15.5,4,13,0,172
15.5,4,13,1,173
15.5,4,13,2,174
15.5,4,13,3,174
15.5,4,13,4,175
15.5,4,13,5,176
15.5,4,13,6,177
15.5,4,13,7,178
15.5,4,13,8,179
15.5,4,13,9,179
15.5,4,13,10,180
15.5,4,13,11,181
15.5,4,13,12,182
15.5,4,13,13,183
15.5,4,13,14,183
15.5,4,13,15,184
15.5,4,14,0,173
15.5,4,14,1,174
15.5,4,14,2,175
15.5,4,14,3,175
15.5,4,14,4,176
15.5,4,14,5,177
15.5,4,14,6,178
15.5,4,14,7,179
15.5,4,14,8,180
15.5,4,14,9,180
15.5,4,14,10,181
15.5,4,14,11,182
15.5,4,14,12,183
15.5,4,14,13,184
15.5,4,14,14,184
15.5,4,14,15,185
15.5,4,15,0,174
15.5,4,15,1,175
15.5,4,15,2,175
15.5,4,15,3,176
15.5,4,15,4,177
15.5,4,15,5,178
15.5,4,15,6,179
15.5,4,15,7,180
15.5,4,15,8,180
15.5,4,15,9,181
15.5,4,15,10,182
15.5,4,15,11,183
15.5,4,15,12,184
15.5,4,15,13,185
15.5,4,15,14,185
15.5,4,15,15,186
15.5,5,0,0,162
15.5,5,0,1,163
15.5,5,0,2,164
15.5,5,0,3,165
15.5,5,0,4,166
15.5,5,0,5,166
15.5,5,0,6,167
15.5,5,0,7,168
15.5,5,0,8,169
15.5,5,0,9,169
15.5,5,0,10,170
15.5,5,0,11,171
15.5,5,0,12,172
15.5,5,0,13,172
15.5,5,0,14,173
15.5,5,0,15,174
15.5,5,1,0,163
15.5,5,1,1,164
15.5,5,1,2,165
15.5,5,1,3,166
15.5,5,1,4,167
15.5,5,1,5,167
15.5,5,1,6,168
15.5,5,1,7,169
15.5,5,1,8,170
15.5,5,1,9,170
15.5,5,1,10,171
15.5,5,1,11,172
15.5,5,1,12,173
15.5,5,1,13,173
15.5,5,1,14,174
15.5,5,1,15,175
15.5,5,2,0,164
15.5,5,2,1,165
15.5,5,2,2,166
15.5,5,2,3,167
15.5,5,2,4,168
15.5,5,2,5,168
15.5,5,2,6,169
15.5,5,2,7,170
15.5,5,2,8,171
15.5,5,2,9,171
15.5,5,2,10,172
15.5,5,2,11,173
15.5,5,2,12,174
15.5,5,2,13,175
15.5,5,2,14,175
15.5,5,2,15,176
15.5,5,3,0,165
15.5,5,3,1,166
15.5,5,3,2,167
15.5,5,3,3,168
15.5,5,3,4,169
15.5,5,3,5,169
15.5,5,3,6,170
15.5,5,3,7,171
15.5,5,3,8,172
15.5,5,3,9,172
15.5,5,3,10,173
15.5,5,3,11,174
15.5,5,3,12,175
15.5,5,3,13,176
15.5,5,3,14,176
15.5,5,3,15,177
15.5,5,4,0,166
15.5,5,4,1,167
15.5,5,4,2,168
15.5,5,4,3,169
15.5,5,4,4,170
15.5,5,4,5,170
15.5,5,4,6,171
15.5,5,4,7,172
15.5,5,4,8,173
15.5,5,4,9,173
15.5,5,4,10,174
15.5,5,4,11,175
15.5,5,4,12,176
15.5,5,4,13,177
15.5,5,4,14,177
15.5,5,4,15,178
15.5,5,5,0,167
15.5,5,5,1,168
15.5,5,5,2,169
15.5,5,5,3,170
15.5,5,5,4,170
15.5,5,5,5,171
15.5,5,5,6,172
15.5,5,5,7,173
15.5,5,5,8,174
15.5,5,5,9,174
15.5,5,5,10,175
15.5,5,5,11,176
15.5,5,5,12,177
15.5,5,5,13,178
15.5,5,5,14,178
15.5,5,5,15,179
15.5,5,6,0,168
15.5,5,6,1,169
15.5,5,6,2,170
15.5,5,6,3,171
15.5,5,6,4,171
15.5,5,6,5,172
15.5,5,6,6,173
15.5,5,6,7,174
15.5,5,6,8,175
15.5,5,6,9,175
15.5,5,6,10,176
15.5,5,6,11,177
15.5,5,6,12,178
15.5,5,6,13,179
15.5,5,6,14,179
15.5,5,6,15,180
15.5,5,7,0,169
15.5,5,7,1,170
15.5,5,7,2,171
15.5,5,7,3,172
15.5,5,7,4,172
15.5,5,7,5,173
15.5,5,7,6,174
15.5,5,7,7,175
15.5,5,7,8,176
15.5,5,7,9,176
15.5,5,7,10,177
15.5,5,7,11,178
15.5,5,7,12,179
15.5,5,7,13,180
15.5,5,7,14,180
15.5,5,7,15,181
15.5,5,8,0,170
15.5,5,8,1,171
15.5,5,8,2,172
15.5,5,8,3,173
15.5,5,8,4,173
15.5,5,8,5,174
15.5,5,8,6,175
15.5,5,8,7,176
15.5,5,8,8,177
15.5,5,8,9,177
15.5,5,8,10,178
15.5,5,8,11,179
15.5,5,8,12,180
15.5,5,8,13,181
15.5,5,8,14,181
15.5,5,8,15,182
15.5,5,9,0,171
15.5,5,9,1,172
15.5,5,9,2,173
15.5,5,9,3,173
15.5,5,9,4,174
15.5,5,9,5,175
15.5,5,9,6,176
15.5,5,9,7,177
15.5,5,9,8,178
15.5,5,9,9,178
15.5,5,9,10,179
15.5,5,9,11,180
15.5,5,9,12,181
15.5,5,9,13,182
15.5,5,9,14,182
15.5,5,9,15,183
15.5,5,10,0,172
15.5,5,10,1,173
15.5,5,10,2,174
15.5,5,10,3,174
15.5,5,10,4,175
15.5,5,10,5,176
15.5,5,10,6,177
15.5,5,10,7,178
15.5,5,10,8,179
15.5,5,10,9,179
15.5,5,10,10,180
15.5,5,10,11,181
15.5,5,10,12,182
15.5,5,10,13,183
15.5,5,10,14,183
15.5,5,10,15,184
15.5,5,11,0,173
15.5,5,11,1,174
15.5,5,11,2,175
15.5,5,11,3,175
15.5,5,11,4,176
15.5,5,11,5,177
15.5,5,11,6,178
15.5,5,11,7,179
15.5,5,11,8,180
15.5,5,11,9,180
15.5,5,11,10,181
15.5,5,11,11,182
15.5,5,11,12,183
15.5,5,11,13,184
15.5,5,11,14,184
15.5,5,11,15,185
15.5,5,12,0,174
15.5,5,12,1,175
15.5,5,12,2,175
15.5,5,12,3,176
15.5,5,12,4,177
15.5,5,12,5,178
15.5,5,12,6,179
15.5,5,12,7,180
15.5,5,12,8,180
15.5,5,12,9,181
15.5,5,12,10,182
15.5,5,12,11,183
15.5,5,12,12,184
15.5,5,12,13,185
15.5,5,12,14,185
15.5,5,12,15,186
15.5,5,13,0,175
15.5,5,13,1,176
15.5,5,13,2,176
15.5,5,13,3,177
15.5,5,13,4,178
15.5,5,13,5,179
15.5,5,13,6,180
15.5,5,13,7,181
15.5,5,13,8,181
15.5,5,13,9,182
15.5,5,13,10,183
15.5,5,13,11,184
15.5,5,13,12,185
15.5,5,13,13,186
15.5,5,13,14,186
15.5,5,13,15,187
15.5,5,14,0,176
15.5,5,14,1,176
15.5,5,14,2,177
15.5,5,14,3,178
15.5,5,14,4,179
15.5,5,14,5,180
15.5,5,14,6,181
15.5,5,14,7,182
15.5,5,14,8,182
15.5,5,14,9,183
15.5,5,14,10,184
15.5,5,14,11,185
15.5,5,14,12,186
15.5,5,14,13,186
15.5,5,14,14,187
15.5,5,14,15,188
15.5,5,15,0,176
15.5,5,15,1,177
15.5,5,15,2,178
15.5,5,15,3,179
15.5,5,15,4,180
15.5,5,15,5,181
15.5,5,15,6,182
15.5,5,15,7,182
15.5,5,15,8,183
15.5,5,15,9,184
15.5,5,15,10,185
15.5,5,15,11,186
15.5,5,15,12,187
15.5,5,15,13,187
15.5,5,15,14,188
15.5,5,15,15,189
15.5,6,0,0,165
15.5,6,0,1,166
15.5,6,0,2,167
15.5,6,0,3,167
15.5,6,0,4,168
15.5,6,0,5,169
15.5,6,0,6,170
15.5,6,0,7,171
15.5,6,0,8,171
15.5,6,0,9,172
15.5,6,0,10,173
15.5,6,0,11,174
15.5,6,0,12,174
15.5,6,0,13,175
15.5,6,0,14,176
15.5,6,0,15,177
15.5,6,1,0,166
15.5,6,1,1,167
15.5,6,1,2,168
15.5,6,1,3,168
15.5,6,1,4,169
15.5,6,1,5,170
15.5,6,1,6,171
15.5,6,1,7,172
15.5,6,1,8,172
15.5,6,1,9,173
15.5,6,1,10,174
15.5,6,1,11,175
15.5,6,1,12,175
15.5,6,1,13,176
15.5,6,1,14,177
15.5,6,1,15,178
15.5,6,2,0,167
15.5,6,2,1,168
15.5,6,2,2,169
15.5,6,2,3,169
15.5,6,2,4,170
15.5,6,2,5,171
15.5,6,2,6,172
15.5,6,2,7,173
15.5,6,2,8,173
15.5,6,2,9,174
15.5,6,2,10,175
15.5,6,2,11,176
15.5,6,2,12,176
15.5,6,2,13,177
15.5,6,2,14,178
15.5,6,2,15,179
15.5,6,3,0,168
15.5,6,3,1,169
15.5,6,3,2,170
15.5,6,3,3,170
15.5,6,3,4,171
15.5,6,3,5,172
15.5,6,3,6,173
15.5,6,3,7,174
15.5,6,3,8,174
15.5,6,3,9,175
15.5,6,3,10,176
15.5,6,3,11,177
15.5,6,3,12,178
15.5,6,3,13,178
15.5,6,3,14,179
15.5,6,3,15,180
15.5,6,4,0,169
15.5,6,4,1,170
15.5,6,4,2,171
15.5,6,4,3,171
15.5,6,4,4,172
15.5,6,4,5,173
15.5,6,4,6,174
15.5,6,4,7,175
15.5,6,4,8,175
15.5,6,4,9,176
15.5,6,4,10,177
15.5,6,4,11,178
15.5,6,4,12,179
15.5,6,4,13,179
15.5,6,4,14,180
15.5,6,4,15,181
15.5,6,5,0,170
15.5,6,5,1,171
15.5,6,5,2,172
15.5,6,5,3,172
15.5,6,5,4,173
15.5,6,5,5,174
15.5,6,5,6,175
15.5,6,5,7,176
15.5,6,5,8,176
15.5,6,5,9,177
15.5,6,5,10,178
15.5,6,5,11,179
15.5,6,5,12,180
15.5,6,5,13,180
15.5,6,5,14,181
15.5,6,5,15,182
15.5,6,6,0,171
15.5,6,6,1,172
15.5,6,6,2,172
15.5,6,6,3,173
15.5,6,6,4,174
15.5,6,6,5,175
15.5,6,6,6,176
15.5,6,6,7,177
15.5,6,6,8,177
15.5,6,6,9,178
15.5,6,6,10,179
15.5,6,6,11,180
15.5,6,6,12,181
15.5,6,6,13,181
15.5,6,6,14,182
15.5,6,6,15,183
15.5,6,7,0,172
15.5,6,7,1,173
15.5,6,7,2,173
15.5,6,7,3,174
15.5,6,7,4,175
15.5,6,7,5,176
15.5,6,7,6,177
15.5,6,7,7,178
15.5,6,7,8,178
15.5,6,7,9,179
15.5,6,7,10,180
15.5,6,7,11,181
15.5,6,7,12,182
15.5,6,7,13,182
15.5,6,7,14,183
15.5,6,7,15,184
15.5,6,8,0,173
15.5,6,8,1,174
15.5,6,8,2,174
15.5,6,8,3,175
15.5,6,8,4,176
15.5,6,8,5,177
15.5,6,8,6,178
15.5,6,8,7,179
15.5,6,8,8,179
15.5,6,8,9,180
15.5,6,8,10,181
15.5,6,8,11,182
15.5,6,8,12,183
15.5,6,8,13,183
15.5,6,8,14,184
15.5,6,8,15,185
15.5,6,9,0,174
15.5,6,9,1,175
15.5,6,9,2,175
15.5,6,9,3,176
15.5,6,9,4,177
15.5,6,9,5,178
15.5,6,9,6,179
15.5,6,9,7,180
15.5,6,9,8,180
15.5,6,9,9,181
15.5,6,9,10,182
15.5,6,9,11,183
15.5,6,9,12,184
15.5,6,9,13,184
15.5,6,9,14,185
15.5,6,9,15,186
15.5,6,10,0,175
15.5,6,10,1,175
15.5,6,10,2,176
15.5,6,10,3,177
15.5,6,10,4,178
15.5,6,10,5,179
15.5,6,10,6,180
15.5,6,10,7,181
15.5,6,10,8,181
15.5,6,10,9,182
15.5,6,10,10,183
15.5,6,10,11,184
15.5,6,10,12,185
15.5,6,10,13,185
15.5,6,10,14,186
15.5,6,10,15,187
15.5,6,11,0,176
15.5,6,11,1,176
15.5,6,11,2,177
15.5,6,11,3,178
15.5,6,11,4,179
15.5,6,11,5,180
15.5,6,11,6,181
15.5,6,11,7,181
15.5,6,11,8,182
15.5,6,11,9,183
15.5,6,11,10,184
15.5,6,11,11,185
15.5,6,11,12,186
15.5,6,11,13,186
15.5,6,11,14,187
15.5,6,11,15,188
15.5,6,12,0,176
15.5,6,12,1,177
15.5,6,12,2,178
15.5,6,12,3,179
15.5,6,12,4,180
15.5,6,12,5,181
15.5,6,12,6,182
15.5,6,12,7,182
15.5,6,12,8,183
15.5,6,12,9,184
15.5,6,12,10,185
15.5,6,12,11,186
15.5,6,12,12,187
15.5,6,12,13,187
15.5,6,12,14,188
15.5,6,12,15,189
15.5,6,13,0,177
15.5,6,13,1,178
15.5,6,13,2,179
15.5,6,13,3,180
15.5,6,13,4,181
15.5,6,13,5,182
15.5,6,13,6,183
15.5,6,13,7,183
15.5,6,13,8,184
15.5,6,13,9,185
15.5,6,13,10,186
15.5,6,13,11,187
15.5,6,13,12,188
15.5,6,13,13,188
15.5,6,13,14,189
15.5,6,13,15,190
15.5,6,14,0,178
15.5,6,14,1,179
15.5,6,14,2,180
15.5,6,14,3,181
15.5,6,14,4,182
15.5,6,14,5,183
15.5,6,14,6,184
15.5,6,14,7,184
15.5,6,14,8,185
15.5,6,14,9,186
15.5,6,14,10,187
15.5,6,14,11,188
15.5,6,14,12,189
15.5,6,14,13,189
15.5,6,14,14,190
15.5,6,14,15,191
15.5,6,15,0,179
15.5,6,15,1,180
15.5,6,15,2,181
15.5,6,15,3,182
15.5,6,15,4,183
15.5,6,15,5,184
15.5,6,15,6,184
15.5,6,15,7,185
15.5,6,15,8,186
15.5,6,15,9,187
15.5,6,15,10,188
15.5,6,15,11,189
15.5,6,15,12,190
15.5,6,15,13,190
15.5,6,15,14,191
15.5,6,15,15,192
15.5,7,0,0,167
15.5,7,0,1,168
15.5,7,0,2,169
15.5,7,0,3,170
15.5,7,0,4,171
15.5,7,0,5,172
15.5,7,0,6,172
15.5,7,0,7,173
15.5,7,0,8,174
15.5,7,0,9,175
15.5,7,0,10,176
15.5,7,0,11,176
15.5,7,0,12,177
15.5,7,0,13,178
15.5,7,0,14,179
15.5,7,0,15,179
15.5,7,1,0,168
15.5,7,1,1,169
15.5,7,1,2,170
15.5,7,1,3,171
15.5,7,1,4,172
15.5,7,1,5,173
15.5,7,1,6,173
15.5,7,1,7,174
15.5,7,1,8,175
15.5,7,1,9,176
15.5,7,1,10,177
15.5,7,1,11,177
15.5,7,1,12,178
15.5,7,1,13,179
15.5,7,1,14,180
15.5,7,1,15,180
15.5,7,2,0,169
15.5,7,2,1,170
15.5,7,2,2,171
15.5,7,2,3,172
15.5,7,2,4,173
15.5,7,2,5,174
15.5,7,2,6,174
15.5,7,2,7,175
15.5,7,2,8,176
15.5,7,2,9,177
15.5,7,2,10,178
15.5,7,2,11,178
15.5,7,2,12,179
15.5,7,2,13,180
15.5,7,2,14,181
15.5,7,2,15,182
15.5,7,3,0,170
15.5,7,3,1,171
15.5,7,3,2,172
15.5,7,3,3,173
15.5,7,3,4,174
15.5,7,3,5,175
15.5,7,3,6,175
15.5,7,3,7,176
15.5,7,3,8,177
15.5,7,3,9,178
15.5,7,3,10,179
15.5,7,3,11,179
15.5,7,3,12,180
15.5,7,3,13,181
15.5,7,3,14,182
15.5,7,3,15,183
15.5,7,4,0,171
15.5,7,4,1,172
15.5,7,4,2,173
15.5,7,4,3,174
15.5,7,4,4,175
15.5,7,4,5,176
15.5,7,4,6,176
15.5,7,4,7,177
15.5,7,4,8,178
15.5,7,4,9,179
15.5,7,4,10,180
15.5,7,4,11,181
15.5,7,4,12,181
15.5,7,4,13,182
15.5,7,4,14,183
15.5,7,4,15,184
15.5,7,5,0,172
15.5,7,5,1,173
15.5,7,5,2,174
15.5,7,5,3,175
15.5,7,5,4,176
15.5,7,5,5,177
15.5,7,5,6,177
15.5,7,5,7,178
15.5,7,5,8,179
15.5,7,5,9,180
15.5,7,5,10,181
15.5,7,5,11,182
15.5,7,5,12,182
15.5,7,5,13,183
15.5,7,5,14,184
15.5,7,5,15,185
15.5,7,6,0,173
15.5,7,6,1,174
15.5,7,6,2,175
15.5,7,6,3,176
15.5,7,6,4,177
15.5,7,6,5,178
15.5,7,6,6,178
15.5,7,6,7,179
15.5,7,6,8,180
15.5,7,6,9,181
15.5,7,6,10,182
15.5,7,6,11,183
15.5,7,6,12,183
15.5,7,6,13,184
15.5,7,6,14,185
15.5,7,6,15,186
15.5,7,7,0,174
15.5,7,7,1,175
15.5,7,7,2,176
15.5,7,7,3,177
15.5,7,7,4,178
15.5,7,7,5,179
15.5,7,7,6,179
15.5,7,7,7,180
15.5,7,7,8,181
15.5,7,7,9,182
15.5,7,7,10,183
15.5,7,7,11,184
15.5,7,7,12,184
15.5,7,7,13,185
15.5,7,7,14,186
15.5,7,7,15,187
15.5,7,8,0,175
15.5,7,8,1,176
15.5,7,8,2,177
15.5,7,8,3,178
15.5,7,8,4,179
15.5,7,8,5,180
15.5,7,8,6,180
15.5,7,8,7,181
15.5,7,8,8,182
15.5,7,8,9,183
15.5,7,8,10,184
15.5,7,8,11,185
15.5,7,8,12,185
15.5,7,8,13,186
15.5,7,8,14,187
15.5,7,8,15,188
15.5,7,9,0,176
15.5,7,9,1,177
15.5,7,9,2,178
15.5,7,9,3,179
15.5,7,9,4,180
15.5,7,9,5,181
15.5,7,9,6,181
15.5,7,9,7,182
15.5,7,9,8,183
15.5,7,9,9,184
15.5,7,9,10,185
15.5,7,9,11,186
15.5,7,9,12,186
15.5,7,9,13,187
15.5,7,9,14,188
15.5,7,9,15,189
15.5,7,10,0,177
15.5,7,10,1,178
15.5,7,10,2,179
15.5,7,10,3,180
15.5,7,10,4,181
15.5,7,10,5,182
15.5,7,10,6,182
15.5,7,10,7,183
15.5,7,10,8,184
15.5,7,10,9,185
15.5,7,10,10,186
15.5,7,10,11,187
15.5,7,10,12,187
15.5,7,10,13,188
15.5,7,10,14,189
15.5,7,10,15,190
15.5,7,11,0,178
15.5,7,11,1,179
15.5,7,11,2,180
15.5,7,11,3,181
15.5,7,11,4,182
15.5,7,11,5,183
15.5,7,11,6,183
15.5,7,11,7,184
15.5,7,11,8,185
15.5,7,11,9,186
15.5,7,11,10,187
15.5,7,11,11,188
15.5,7,11,12,188
15.5,7,11,13,189
15.5,7,11,14,190
15.5,7,11,15,191
15.5,7,12,0,179
15.5,7,12,1,180
15.5,7,12,2,181
15.5,7,12,3,182
15.5,7,12,4,183
15.5,7,12,5,184
15.5,7,12,6,184
15.5,7,12,7,185
15.5,7,12,8,186
15.5,7,12,9,187
15.5,7,12,10,188
15.5,7,12,11,189
15.5,7,12,12,189
15.5,7,12,13,190
15.5,7,12,14,191
15.5,7,12,15,192
15.5,7,13,0,180
15.5,7,13,1,181
15.5,7,13,2,182
15.5,7,13,3,183
15.5,7,13,4,184
15.5,7,13,5,185
15.5,7,13,6,185
15.5,7,13,7,186
15.5,7,13,8,187
15.5,7,13,9,188
15.5,7,13,10,189
15.5,7,13,11,190
15.5,7,13,12,190
15.5,7,13,13,191
15.5,7,13,14,192
15.5,7,13,15,193
15.5,7,14,0,181
15.5,7,14,1,182
15.5,7,14,2,183
15.5,7,14,3,184
15.5,7,14,4,185
15.5,7,14,5,185
15.5,7,14,6,186
15.5,7,14,7,187
15.5,7,14,8,188
15.5,7,14,9,189
15.5,7,14,10,190
15.5,7,14,11,191
15.5,7,14,12,191
15.5,7,14,13,192
15.5,7,14,14,193
15.5,7,14,15,194
15.5,7,15,0,182
15.5,7,15,1,183
15.5,7,15,2,184
15.5,7,15,3,185
15.5,7,15,4,186
15.5,7,15,5,186
15.5,7,15,6,187
15.5,7,15,7,188
15.5,7,15,8,189
15.5,7,15,9,190
15.5,7,15,10,191
15.5,7,15,11,192
15.5,7,15,12,192
15.5,7,15,13,193
15.5,7,15,14,194
15.5,7,15,15,195
15.5,8,0,0,170
15.5,8,0,1,171
15.5,8,0,2,172
15.5,8,0,3,173
15.5,8,0,4,173
15.5,8,0,5,174
15.5,8,0,6,175
15.5,8,0,7,176
15.5,8,0,8,177
15.5,8,0,9,177
15.5,8,0,10,178
15.5,8,0,11,179
15.5,8,0,12,180
15.5,8,0,13,181
15.5,8,0,14,181
15.5,8,0,15,182
15.5,8,1,0,171
15.5,8,1,1,172
15.5,8,1,2,173
15.5,8,1,3,174
15.5,8,1,4,174
15.5,8,1,5,175
15.5,8,1,6,176
15.5,8,1,7,177
15.5,8,1,8,178
15.5,8,1,9,178
15.5,8,1,10,179
15.5,8,1,11,180
15.5,8,1,12,181
15.5,8,1,13,182
15.5,8,1,14,182
15.5,8,1,15,183
15.5,8,2,0,172
15.5,8,2,1,173
15.5,8,2,2,174
15.5,8,2,3,175
15.5,8,2,4,175
15.5,8,2,5,176
15.5,8,2,6,177
15.5,8,2,7,178
15.5,8,2,8,179
15.5,8,2,9,180
15.5,8,2,10,180
15.5,8,2,11,181
15.5,8,2,12,182
15.5,8,2,13,183
15.5,8,2,14,184
15.5,8,2,15,184
15.5,8,3,0,173
15.5,8,3,1,174
15.5,8,3,2,175
15.5,8,3,3,176
15.5,8,3,4,176
15.5,8,3,5,177
15.5,8,3,6,178
15.5,8,3,7,179
15.5,8,3,8,180
15.5,8,3,9,181
15.5,8,3,10,181
15.5,8,3,11,182
15.5,8,3,12,183
15.5,8,3,13,184
15.5,8,3,14,185
15.5,8,3,15,185
15.5,8,4,0,174
15.5,8,4,1,175
15.5,8,4,2,176
15.5,8,4,3,177
15.5,8,4,4,177
15.5,8,4,5,178
15.5,8,4,6,179
15.5,8,4,7,180
15.5,8,4,8,181
15.5,8,4,9,182
15.5,8,4,10,182
15.5,8,4,11,183
15.5,8,4,12,184
15.5,8,4,13,185
15.5,8,4,14,186
15.5,8,4,15,186
15.5,8,5,0,175
15.5,8,5,1,176
15.5,8,5,2,177
15.5,8,5,3,178
15.5,8,5,4,178
15.5,8,5,5,179
15.5,8,5,6,180
15.5,8,5,7,181
15.5,8,5,8,182
15.5,8,5,9,183
15.5,8,5,10,183
15.5,8,5,11,184
15.5,8,5,12,185
15.5,8,5,13,186
15.5,8,5,14,187
15.5,8,5,15,188
15.5,8,6,0,176
15.5,8,6,1,177
15.5,8,6,2,178
15.5,8,6,3,179
15.5,8,6,4,180
15.5,8,6,5,180
15.5,8,6,6,181
15.5,8,6,7,182
15.5,8,6,8,183
15.5,8,6,9,184
15.5,8,6,10,185
15.5,8,6,11,185
15.5,8,6,12,186
15.5,8,6,13,187
15.5,8,6,14,188
15.5,8,6,15,189
15.5,8,7,0,177
15.5,8,7,1,178
15.5,8,7,2,179
15.5,8,7,3,180
15.5,8,7,4,181
15.5,8,7,5,181
15.5,8,7,6,182
15.5,8,7,7,183
15.5,8,7,8,184
15.5,8,7,9,185
15.5,8,7,10,186
15.5,8,7,11,186
15.5,8,7,12,187
15.5,8,7,13,188
15.5,8,7,14,189
15.5,8,7,15,190
15.5,8,8,0,178
15.5,8,8,1,179
15.5,8,8,2,180
15.5,8,8,3,181
15.5,8,8,4,182
15.5,8,8,5,182
15.5,8,8,6,183
15.5,8,8,7,184
15.5,8,8,8,185
15.5,8,8,9,186
15.5,8,8,10,187
15.5,8,8,11,187
15.5,8,8,12,188
15.5,8,8,13,189
15.5,8,8,14,190
15.5,8,8,15,191
15.5,8,9,0,179
15.5,8,9,1,180
15.5,8,9,2,181
15.5,8,9,3,182
15.5,8,9,4,183
15.5,8,9,5,183
15.5,8,9,6,184
15.5,8,9,7,185
15.5,8,9,8,186
15.5,8,9,9,187
15.5,8,9,10,188
15.5,8,9,11,188
15.5,8,9,12,189
15.5,8,9,13,190
15.5,8,9,14,191
15.5,8,9,15,192
15.5,8,10,0,180
15.5,8,10,1,181
15.5,8,10,2,182
15.5,8,10,3,183
15.5,8,10,4,184
15.5,8,10,5,184
15.5,8,10,6,185
15.5,8,10,7,186
15.5,8,10,8,187
15.5,8,10,9,188
15.5,8,10,10,189
15.5,8,10,11,189
15.5,8,10,12,190
15.5,8,10,13,191
15.5,8,10,14,192
15.5,8,10,15,193
15.5,8,11,0,181
15.5,8,11,1,182
15.5,8,11,2,183
15.5,8,11,3,184
15.5,8,11,4,184
15.5,8,11,5,185
15.5,8,11,6,186
15.5,8,11,7,187
15.5,8,11,8,188
15.5,8,11,9,189
15.5,8,11,10,190
15.5,8,11,11,191
15.5,8,11,12,191
15.5,8,11,13,192
15.5,8,11,14,193
15.5,8,11,15,194
15.5,8,12,0,182
15.5,8,12,1,183
15.5,8,12,2,184
15.5,8,12,3,185
15.5,8,12,4,185
15.5,8,12,5,186
15.5,8,12,6,187
15.5,8,12,7,188
15.5,8,12,8,189
15.5,8,12,9,190
15.5,8,12,10,191
15.5,8,12,11,192
15.5,8,12,12,192
15.5,8,12,13,193
15.5,8,12,14,194
15.5,8,12,15,195
15.5,8,13,0,183
15.5,8,13,1,184
15.5,8,13,2,185
15.5,8,13,3,186
15.5,8,13,4,186
15.5,8,13,5,187
15.5,8,13,6,188
15.5,8,13,7,189
15.5,8,13,8,190
15.5,8,13,9,191
15.5,8,13,10,192
15.5,8,13,11,193
15.5,8,13,12,193
15.5,8,13,13,194
15.5,8,13,14,195
15.5,8,13,15,196
15.5,8,14,0,184
15.5,8,14,1,185
15.5,8,14,2,186
15.5,8,14,3,187
15.5,8,14,4,187
15.5,8,14,5,188
15.5,8,14,6,189
15.5,8,14,7,190
15.5,8,14,8,191
15.5,8,14,9,192
15.5,8,14,10,193
15.5,8,14,11,194
15.5,8,14,12,194
15.5,8,14,13,195
15.5,8,14,14,196
15.5,8,14,15,197
15.5,8,15,0,185
15.5,8,15,1,186
15.5,8,15,2,187
15.5,8,15,3,188
15.5,8,15,4,188
15.5,8,15,5,189
15.5,8,15,6,190
15.5,8,15,7,191
15.5,8,15,8,192
15.5,8,15,9,193
15.5,8,15,10,194
15.5,8,15,11,195
15.5,8,15,12,195
15.5,8,15,13,196
15.5,8,15,14,197
15.5,8,15,15,198
15.5,9,0,0,173
15.5,9,0,1,173
15.5,9,0,2,174
15.5,9,0,3,175
15.5,9,0,4,176
15.5,9,0,5,177
15.5,9,0,6,178
15.5,9,0,7,178
15.5,9,0,8,179
15.5,9,0,9,180
15.5,9,0,10,181
15.5,9,0,11,182
15.5,9,0,12,182
15.5,9,0,13,183
15.5,9,0,14,184
15.5,9,0,15,185
15.5,9,1,0,174
15.5,9,1,1,174
15.5,9,1,2,175
15.5,9,1,3,176
15.5,9,1,4,177
15.5,9,1,5,178
15.5,9,1,6,179
15.5,9,1,7,179
15.5,9,1,8,180
15.5,9,1,9,181
15.5,9,1,10,182
15.5,9,1,11,183
15.5,9,1,12,184
15.5,9,1,13,184
15.5,9,1,14,185
15.5,9,1,15,186
15.5,9,2,0,175
15.5,9,2,1,176
15.5,9,2,2,176
15.5,9,2,3,177
15.5,9,2,4,178
15.5,9,2,5,179
15.5,9,2,6,180
15.5,9,2,7,181
15.5,9,2,8,181
15.5,9,2,9,182
15.5,9,2,10,183
15.5,9,2,11,184
15.5,9,2,12,185
15.5,9,2,13,185
15.5,9,2,14,186
15.5,9,2,15,187
15.5,9,3,0,176
15.5,9,3,1,177
15.5,9,3,2,177
15.5,9,3,3,178
15.5,9,3,4,179
15.5,9,3,5,180
15.5,9,3,6,181
15.5,9,3,7,182
15.5,9,3,8,182
15.5,9,3,9,183
15.5,9,3,10,184
15.5,9,3,11,185
15.5,9,3,12,186
15.5,9,3,13,187
15.5,9,3,14,187
15.5,9,3,15,188
15.5,9,4,0,177
15.5,9,4,1,178
15.5,9,4,2,178
15.5,9,4,3,179
15.5,9,4,4,180
15.5,9,4,5,181
15.5,9,4,6,182
15.5,9,4,7,183
15.5,9,4,8,184
15.5,9,4,9,184
15.5,9,4,10,185
15.5,9,4,11,186
15.5,9,4,12,187
15.5,9,4,13,188
15.5,9,4,14,188
15.5,9,4,15,189
15.5,9,5,0,178
15.5,9,5,1,179
15.5,9,5,2,179
15.5,9,5,3,180
15.5,9,5,4,181
15.5,9,5,5,182
15.5,9,5,6,183
15.5,9,5,7,184
15.5,9,5,8,185
15.5,9,5,9,185
15.5,9,5,10,186
15.5,9,5,11,187
15.5,9,5,12,188
15.5,9,5,13,189
15.5,9,5,14,190
15.5,9,5,15,190
15.5,9,6,0,179
15.5,9,6,1,180
15.5,9,6,2,180
15.5,9,6,3,181
15.5,9,6,4,182
15.5,9,6,5,183
15.5,9,6,6,184
15.5,9,6,7,185
15.5,9,6,8,186
15.5,9,6,9,186
15.5,9,6,10,187
15.5,9,6,11,188
15.5,9,6,12,189
15.5,9,6,13,190
15.5,9,6,14,191
15.5,9,6,15,191
15.5,9,7,0,180
15.5,9,7,1,181
15.5,9,7,2,181
15.5,9,7,3,182
15.5,9,7,4,183
15.5,9,7,5,184
15.5,9,7,6,185
15.5,9,7,7,186
15.5,9,7,8,187
15.5,9,7,9,188
15.5,9,7,10,188
15.5,9,7,11,189
15.5,9,7,12,190
15.5,9,7,13,191
15.5,9,7,14,192
15.5,9,7,15,193
15.5,9,8,0,181
15.5,9,8,1,182
15.5,9,8,2,182
15.5,9,8,3,183
15.5,9,8,4,184
15.5,9,8,5,185
15.5,9,8,6,186
15.5,9,8,7,187
15.5,9,8,8,188
15.5,9,8,9,189
15.5,9,8,10,189
15.5,9,8,11,190
15.5,9,8,12,191
15.5,9,8,13,192
15.5,9,8,14,193
15.5,9,8,15,194
15.5,9,9,0,182
15.5,9,9,1,183
15.5,9,9,2,183
15.5,9,9,3,184
15.5,9,9,4,185
15.5,9,9,5,186
15.5,9,9,6,187
15.5,9,9,7,188
15.5,9,9,8,189
15.5,9,9,9,190
15.5,9,9,10,190
15.5,9,9,11,191
15.5,9,9,12,192
15.5,9,9,13,193
15.5,9,9,14,194
15.5,9,9,15,195
15.5,9,10,0,183
15.5,9,10,1,184
15.5,9,10,2,184
15.5,9,10,3,185
15.5,9,10,4,186
15.5,9,10,5,187
15.5,9,10,6,188
15.5,9,10,7,189
15.5,9,10,8,190
15.5,9,10,9,191
15.5,9,10,10,191
15.5,9,10,11,192
15.5,9,10,12,193
15.5,9,10,13,194
15.5,9,10,14,195
15.5,9,10,15,196
15.5,9,11,0,184
15.5,9,11,1,185
15.5,9,11,2,185
15.5,9,11,3,186
15.5,9,11,4,187
15.5,9,11,5,188
15.5,9,11,6,189
15.5,9,11,7,190
15.5,9,11,8,191
15.5,9,11,9,192
15.5,9,11,10,193
15.5,9,11,11,193
15.5,9,11,12,194
15.5,9,11,13,195
15.5,9,11,14,196
15.5,9,11,15,197
15.5,9,12,0,185
15.5,9,12,1,186
15.5,9,12,2,186
15.5,9,12,3,187
15.5,9,12,4,188
15.5,9,12,5,189
15.5,9,12,6,190
15.5,9,12,7,191
15.5,9,12,8,192
15.5,9,12,9,193
15.5,9,12,10,194
15.5,9,12,11,194
15.5,9,12,12,195
15.5,9,12,13,196
15.5,9,12,14,197
15.5,9,12,15,198
15.5,9,13,0,186
15.5,9,13,1,187
15.5,9,13,2,187
15.5,9,13,3,188
15.5,9,13,4,189
15.5,9,13,5,190
15.5,9,13,6,191
15.5,9,13,7,192
15.5,9,13,8,193
15.5,9,13,9,194
15.5,9,13,10,195
15.5,9,13,11,195
15.5,9,13,12,196
15.5,9,13,13,197
15.5,9,13,14,198
15.5,9,13,15,199
15.5,9,14,0,187
15.5,9,14,1,188
15.5,9,14,2,188
15.5,9,14,3,189
15.5,9,14,4,190
15.5,9,14,5,191
15.5,9,14,6,192
15.5,9,14,7,193
15.5,9,14,8,194
15.5,9,14,9,195
15.5,9,14,10,196
15.5,9,14,11,196
15.5,9,14,12,197
15.5,9,14,13,198
15.5,9,14,14,199
15.5,9,14,15,200
15.5,9,15,0,188
15.5,9,15,1,188
15.5,9,15,2,189
15.5,9,15,3,190
15.5,9,15,4,191
15.5,9,15,5,192
15.5,9,15,6,193
15.5,9,15,7,194
15.5,9,15,8,195
15.5,9,15,9,196
15.5,9,15,10,197
15.5,9,15,11,197
15.5,9,15,12,198
15.5,9,15,13,199
15.5,9,15,14,200
15.5,9,15,15,201
15.5,10,0,0,175
15.5,10,0,1,176
15.5,10,0,2,177
15.5,10,0,3,178
15.5,10,0,4,179
15.5,10,0,5,179
15.5,10,0,6,180
15.5,10,0,7,181
15.5,10,0,8,182
15.5,10,0,9,183
15.5,10,0,10,184
15.5,10,0,11,184
15.5,10,0,12,185
15.5,10,0,13,186
15.5,10,0,14,187
15.5,10,0,15,188
15.5,10,1,0,176
15.5,10,1,1,177
15.5,10,1,2,178
15.5,10,1,3,179
15.5,10,1,4,180
15.5,10,1,5,180
15.5,10,1,6,181
15.5,10,1,7,182
15.5,10,1,8,183
15.5,10,1,9,184
15.5,10,1,10,185
15.5,10,1,11,185
15.5,10,1,12,186
15.5,10,1,13,187
15.5,10,1,14,188
15.5,10,1,15,189
15.5,10,2,0,177
15.5,10,2,1,178
15.5,10,2,2,179
15.5,10,2,3,180
15.5,10,2,4,181
15.5,10,2,5,182
15.5,10,2,6,182
15.5,10,2,7,183
15.5,10,2,8,184
15.5,10,2,9,185
15.5,10,2,10,186
15.5,10,2,11,187
15.5,10,2,12,187
15.5,10,2,13,188
15.5,10,2,14,189
15.5,10,2,15,190
15.5,10,3,0,178
15.5,10,3,1,179
15.5,10,3,2,180
15.5,10,3,3,181
15.5,10,3,4,182
15.5,10,3,5,183
15.5,10,3,6,183
15.5,10,3,7,184
15.5,10,3,8,185
15.5,10,3,9,186
15.5,10,3,10,187
15.5,10,3,11,188
15.5,10,3,12,188
15.5,10,3,13,189
15.5,10,3,14,190
15.5,10,3,15,191
15.5,10,4,0,179
15.5,10,4,1,180
15.5,10,4,2,181
15.5,10,4,3,182
15.5,10,4,4,183
15.5,10,4,5,184
15.5,10,4,6,185
15.5,10,4,7,185
15.5,10,4,8,186
15.5,10,4,9,187
15.5,10,4,10,188
15.5,10,4,11,189
15.5,10,4,12,190
15.5,10,4,13,190
15.5,10,4,14,191
15.5,10,4,15,192
15.5,10,5,0,180
15.5,10,5,1,181
15.5,10,5,2,182
15.5,10,5,3,183
15.5,10,5,4,184
15.5,10,5,5,185
15.5,10,5,6,186
15.5,10,5,7,186
15.5,10,5,8,187
15.5,10,5,9,188
15.5,10,5,10,189
15.5,10,5,11,190
15.5,10,5,12,191
15.5,10,5,13,192
15.5,10,5,14,192
15.5,10,5,15,193
15.5,10,6,0,181
15.5,10,6,1,182
15.5,10,6,2,183
15.5,10,6,3,184
15.5,10,6,4,185
15.5,10,6,5,186
15.5,10,6,6,187
15.5,10,6,7,187
15.5,10,6,8,188
15.5,10,6,9,189
15.5,10,6,10,190
15.5,10,6,11,191
15.5,10,6,12,192
15.5,10,6,13,193
15.5,10,6,14,193
15.5,10,6,15,194
15.5,10,7,0,182
15.5,10,7,1,183
15.5,10,7,2,184
15.5,10,7,3,185
15.5,10,7,4,186
15.5,10,7,5,187
15.5,10,7,6,188
15.5,10,7,7,189
15.5,10,7,8,189
15.5,10,7,9,190
15.5,10,7,10,191
15.5,10,7,11,192
15.5,10,7,12,193
15.5,10,7,13,194
15.5,10,7,14,195
15.5,10,7,15,195
15.5,10,8,0,183
15.5,10,8,1,184
15.5,10,8,2,185
15.5,10,8,3,186
15.5,10,8,4,187
15.5,10,8,5,188
15.5,10,8,6,189
15.5,10,8,7,190
15.5,10,8,8,190
15.5,10,8,9,191
15.5,10,8,10,192
15.5,10,8,11,193
15.5,10,8,12,194
15.5,10,8,13,195
15.5,10,8,14,196
15.5,10,8,15,196
15.5,10,9,0,184
15.5,10,9,1,185
15.5,10,9,2,186
15.5,10,9,3,187
15.5,10,9,4,188
15.5,10,9,5,189
15.5,10,9,6,190
15.5,10,9,7,191
15.5,10,9,8,192
15.5,10,9,9,192
15.5,10,9,10,193
15.5,10,9,11,194
15.5,10,9,12,195
15.5,10,9,13,196
15.5,10,9,14,197
15.5,10,9,15,198
15.5,10,10,0,185
15.5,10,10,1,186
15.5,10,10,2,187
15.5,10,10,3,188
15.5,10,10,4,189
15.5,10,10,5,190
15.5,10,10,6,191
15.5,10,10,7,192
15.5,10,10,8,193
15.5,10,10,9,193
15.5,10,10,10,194
15.5,10,10,11,195
15.5,10,10,12,196
15.5,10,10,13,197
15.5,10,10,14,198
15.5,10,10,15,199
15.5,10,11,0,186
15.5,10,11,1,187
15.5,10,11,2,188
15.5,10,11,3,189
15.5,10,11,4,190
15.5,10,11,5,191
15.5,10,11,6,192
15.5,10,11,7,193
15.5,10,11,8,194
15.5,10,11,9,194
15.5,10,11,10,195
15.5,10,11,11,196
15.5,10,11,12,197
15.5,10,11,13,198
15.5,10,11,14,199
15.5,10,11,15,200
15.5,10,12,0,187
15.5,10,12,1,188
15.5,10,12,2,189
15.5,10,12,3,190
15.5,10,12,4,191
15.5,10,12,5,192
15.5,10,12,6,193
15.5,10,12,7,194
15.5,10,12,8,195
15.5,10,12,9,195
15.5,10,12,10,196
15.5,10,12,11,197
15.5,10,12,12,198
15.5,10,12,13,199
15.5,10,12,14,200
15.5,10,12,15,201
15.5,10,13,0,188
15.5,10,13,1,189
15.5,10,13,2,190
15.5,10,13,3,191
15.5,10,13,4,192
15.5,10,13,5,193
15.5,10,13,6,194
15.5,10,13,7,195
15.5,10,13,8,196
15.5,10,13,9,197
15.5,10,13,10,197
15.5,10,13,11,198
15.5,10,13,12,199
15.5,10,13,13,200
15.5,10,13,14,201
15.5,10,13,15,202
15.5,10,14,0,189
15.5,10,14,1,190
15.5,10,14,2,191
15.5,10,14,3,192
15.5,10,14,4,193
15.5,10,14,5,194
15.5,10,14,6,195
15.5,10,14,7,196
15.5,10,14,8,197
15.5,10,14,9,198
15.5,10,14,10,198
15.5,10,14,11,199
15.5,10,14,12,200
15.5,10,14,13,201
15.5,10,14,14,202
15.5,10,14,15,203
15.5,10,15,0,190
15.5,10,15,1,191
15.5,10,15,2,192
15.5,10,15,3,193
15.5,10,15,4,194
15.5,10,15,5,195
15.5,10,15,6,196
15.5,10,15,7,197
15.5,10,15,8,198
15.5,10,15,9,199
15.5,10,15,10,199
15.5,10,15,11,200
15.5,10,15,12,201
15.5,10,15,13,202
15.5,10,15,14,203
15.5,10,15,15,204
15.5,11,0,0,178
15.5,11,0,1,179
15.5,11,0,2,179
15.5,11,0,3,180
15.5,11,0,4,181
15.5,11,0,5,182
15.5,11,0,6,183
15.5,11,0,7,184
15.5,11,0,8,185
15.5,11,0,9,185
15.5,11,0,10,186
15.5,11,0,11,187
15.5,11,0,12,188
15.5,11,0,13,189
15.5,11,0,14,189
15.5,11,0,15,190
15.5,11,1,0,179
15.5,11,1,1,180
15.5,11,1,2,180
15.5,11,1,3,181
15.5,11,1,4,182
15.5,11,1,5,183
15.5,11,1,6,184
15.5,11,1,7,185
15.5,11,1,8,186
15.5,11,1,9,186
15.5,11,1,10,187
15.5,11,1,11,188
15.5,11,1,12,189
15.5,11,1,13,190
15.5,11,1,14,191
15.5,11,1,15,191
15.5,11,2,0,180
15.5,11,2,1,181
15.5,11,2,2,182
15.5,11,2,3,182
15.5,11,2,4,183
15.5,11,2,5,184
15.5,11,2,6,185
15.5,11,2,7,186
15.5,11,2,8,187
15.5,11,2,9,188
15.5,11,2,10,188
15.5,11,2,11,189
15.5,11,2,12,190
15.5,11,2,13,191
15.5,11,2,14,192
15.5,11,2,15,193
15.5,11,3,0,181
15.5,11,3,1,182
15.5,11,3,2,183
15.5,11,3,3,184
15.5,11,3,4,184
15.5,11,3,5,185
15.5,11,3,6,186
15.5,11,3,7,187
15.5,11,3,8,188
15.5,11,3,9,189
15.5,11,3,10,190
15.5,11,3,11,190
15.5,11,3,12,191
15.5,11,3,13,192
15.5,11,3,14,193
15.5,11,3,15,194
15.5,11,4,0,182
15.5,11,4,1,183
15.5,11,4,2,184
15.5,11,4,3,185
15.5,11,4,4,185
15.5,11,4,5,186
15.5,11,4,6,187
15.5,11,4,7,188
15.5,11,4,8,189
15.5,11,4,9,190
15.5,11,4,10,191
15.5,11,4,11,191
15.5,11,4,12,192
15.5,11,4,13,193
15.5,11,4,14,194
15.5,11,4,15,195
15.5,11,5,0,183
15.5,11,5,1,184
15.5,11,5,2,185
15.5,11,5,3,186
15.5,11,5,4,187
15.5,11,5,5,187
15.5,11,5,6,188
15.5,11,5,7,189
15.5,11,5,8,190
15.5,11,5,9,191
15.5,11,5,10,192
15.5,11,5,11,193
15.5,11,5,12,193
15.5,11,5,13,194
15.5,11,5,14,195
15.5,11,5,15,196
15.5,11,6,0,184
15.5,11,6,1,185
15.5,11,6,2,186
15.5,11,6,3,187
15.5,11,6,4,188
15.5,11,6,5,188
15.5,11,6,6,189
15.5,11,6,7,190
15.5,11,6,8,191
15.5,11,6,9,192
15.5,11,6,10,193
15.5,11,6,11,194
15.5,11,6,12,195
15.5,11,6,13,195
15.5,11,6,14,196
15.5,11,6,15,197
15.5,11,7,0,185
15.5,11,7,1,186
15.5,11,7,2,187
15.5,11,7,3,188
15.5,11,7,4,189
15.5,11,7,5,190
15.5,11,7,6,190
15.5,11,7,7,191
15.5,11,7,8,192
15.5,11,7,9,193
15.5,11,7,10,194
15.5,11,7,11,195
15.5,11,7,12,196
15.5,11,7,13,196
15.5,11,7,14,197
15.5,11,7,15,198
15.5,11,8,0,186
15.5,11,8,1,187
15.5,11,8,2,188
15.5,11,8,3,189
15.5,11,8,4,190
15.5,11,8,5,191
15.5,11,8,6,191
15.5,11,8,7,192
15.5,11,8,8,193
15.5,11,8,9,194
15.5,11,8,10,195
15.5,11,8,11,196
15.5,11,8,12,197
15.5,11,8,13,198
15.5,11,8,14,198
15.5,11,8,15,199
15.5,11,9,0,187
15.5,11,9,1,188
15.5,11,9,2,189
15.5,11,9,3,190
15.5,11,9,4,191
15.5,11,9,5,192
15.5,11,9,6,193
15.5,11,9,7,193
15.5,11,9,8,194
15.5,11,9,9,195
15.5,11,9,10,196
15.5,11,9,11,197
15.5,11,9,12,198
15.5,11,9,13,199
15.5,11,9,14,200
15.5,11,9,15,200
15.5,11,10,0,188
15.5,11,10,1,189
15.5,11,10,2,190
15.5,11,10,3,191
15.5,11,10,4,192
15.5,11,10,5,193
15.5,11,10,6,194
15.5,11,10,7,194
15.5,11,10,8,195
15.5,11,10,9,196
15.5,11,10,10,197
15.5,11,10,11,198
15.5,11,10,12,199
15.5,11,10,13,200
15.5,11,10,14,201
15.5,11,10,15,201
15.5,11,11,0,189
15.5,11,11,1,190
15.5,11,11,2,191
15.5,11,11,3,192
15.5,11,11,4,193
15.5,11,11,5,194
15.5,11,11,6,195
15.5,11,11,7,195
15.5,11,11,8,196
15.5,11,11,9,197
15.5,11,11,10,198
15.5,11,11,11,199
15.5,11,11,12,200
15.5,11,11,13,201
15.5,11,11,14,202
15.5,11,11,15,203
15.5,11,12,0,190
15.5,11,12,1,191
15.5,11,12,2,192
15.5,11,12,3,193
15.5,11,12,4,194
15.5,11,12,5,195
15.5,11,12,6,196
15.5,11,12,7,197
15.5,11,12,8,197
15.5,11,12,9,198
15.5,11,12,10,199
15.5,11,12,11,200
15.5,11,12,12,201
15.5,11,12,13,202
15.5,11,12,14,203
15.5,11,12,15,204
15.5,11,13,0,191
15.5,11,13,1,192
15.5,11,13,2,193
15.5,11,13,3,194
15.5,11,13,4,195
15.5,11,13,5,196
15.5,11,13,6,197
15.5,11,13,7,198
15.5,11,13,8,198
15.5,11,13,9,199
15.5,11,13,10,200
15.5,11,13,11,201
15.5,11,13,12,202
15.5,11,13,13,203
15.5,11,13,14,204
15.5,11,13,15,205
15.5,11,14,0,192
15.5,11,14,1,193
15.5,11,14,2,194
15.5,11,14,3,195
15.5,11,14,4,196
15.5,11,14,5,197
15.5,11,14,6,198
15.5,11,14,7,199
15.5,11,14,8,200
15.5,11,14,9,200
15.5,11,14,10,201
15.5,11,14,11,202
15.5,11,14,12,203
15.5,11,14,13,204
15.5,11,14,14,205
15.5,11,14,15,206
15.5,11,15,0,193
15.5,11,15,1,194
15.5,11,15,2,195
15.5,11,15,3,196
15.5,11,15,4,197
15.5,11,15,5,198
15.5,11,15,6,199
15.5,11,15,7,200
15.5,11,15,8,201
15.5,11,15,9,201
15.5,11,15,10,202
15.5,11,15,11,203
15.5,11,15,12,204
15.5,11,15,13,205
15.5,11,15,14,206
15.5,11,15,15,207
15.5,12,0,0,180
15.5,12,0,1,181
15.5,12,0,2,182
15.5,12,0,3,183
15.5,12,0,4,184
15.5,12,0,5,185
15.5,12,0,6,185
15.5,12,0,7,186
15.5,12,0,8,187
15.5,12,0,9,188
15.5,12,0,10,189
15.5,12,0,11,190
15.5,12,0,12,191
15.5,12,0,13,191
15.5,12,0,14,192
15.5,12,0,15,193
15.5,12,1,0,181
15.5,12,1,1,182
15.5,12,1,2,183
15.5,12,1,3,184
15.5,12,1,4,185
15.5,12,1,5,186
15.5,12,1,6,187
15.5,12,1,7,187
15.5,12,1,8,188
15.5,12,1,9,189
15.5,12,1,10,190
15.5,12,1,11,191
15.5,12,1,12,192
15.5,12,1,13,193
15.5,12,1,14,193
15.5,12,1,15,194
15.5,12,2,0,182
15.5,12,2,1,183
15.5,12,2,2,184
15.5,12,2,3,185
15.5,12,2,4,186
15.5,12,2,5,187
15.5,12,2,6,188
15.5,12,2,7,189
15.5,12,2,8,189
15.5,12,2,9,190
15.5,12,2,10,191
15.5,12,2,11,192
15.5,12,2,12,193
15.5,12,2,13,194
15.5,12,2,14,195
15.5,12,2,15,195
15.5,12,3,0,183
15.5,12,3,1,184
15.5,12,3,2,185
15.5,12,3,3,186
15.5,12,3,4,187
15.5,12,3,5,188
15.5,12,3,6,189
15.5,12,3,7,190
15.5,12,3,8,191
15.5,12,3,9,191
15.5,12,3,10,192
15.5,12,3,11,193
15.5,12,3,12,194
15.5,12,3,13,195
15.5,12,3,14,196
15.5,12,3,15,197
15.5,12,4,0,185
15.5,12,4,1,185
15.5,12,4,2,186
15.5,12,4,3,187
15.5,12,4,4,188
15.5,12,4,5,189
15.5,12,4,6,190
15.5,12,4,7,191
15.5,12,4,8,192
15.5,12,4,9,192
15.5,12,4,10,193
15.5,12,4,11,194
15.5,12,4,12,195
15.5,12,4,13,196
15.5,12,4,14,197
15.5,12,4,15,198
15.5,12,5,0,186
15.5,12,5,1,186
15.5,12,5,2,187
15.5,12,5,3,188
15.5,12,5,4,189
15.5,12,5,5,190
15.5,12,5,6,191
15.5,12,5,7,192
15.5,12,5,8,193
15.5,12,5,9,194
15.5,12,5,10,194
15.5,12,5,11,195
15.5,12,5,12,196
15.5,12,5,13,197
15.5,12,5,14,198
15.5,12,5,15,199
15.5,12,6,0,187
15.5,12,6,1,188
15.5,12,6,2,188
15.5,12,6,3,189
15.5,12,6,4,190
15.5,12,6,5,191
15.5,12,6,6,192
15.5,12,6,7,193
15.5,12,6,8,194
15.5,12,6,9,195
15.5,12,6,10,196
15.5,12,6,11,196
15.5,12,6,12,197
15.5,12,6,13,198
15.5,12,6,14,199
15.5,12,6,15,200
15.5,12,7,0,188
15.5,12,7,1,189
15.5,12,7,2,190
15.5,12,7,3,190
15.5,12,7,4,191
15.5,12,7,5,192
15.5,12,7,6,193
15.5,12,7,7,194
15.5,12,7,8,195
15.5,12,7,9,196
15.5,12,7,10,197
15.5,12,7,11,198
15.5,12,7,12,198
15.5,12,7,13,199
15.5,12,7,14,200
15.5,12,7,15,201
15.5,12,8,0,189
15.5,12,8,1,190
15.5,12,8,2,191
15.5,12,8,3,191
15.5,12,8,4,192
15.5,12,8,5,193
15.5,12,8,6,194
15.5,12,8,7,195
15.5,12,8,8,196
15.5,12,8,9,197
15.5,12,8,10,198
15.5,12,8,11,199
15.5,12,8,12,200
15.5,12,8,13,200
15.5,12,8,14,201
15.5,12,8,15,202
15.5,12,9,0,190
15.5,12,9,1,191
15.5,12,9,2,192
15.5,12,9,3,193
15.5,12,9,4,193
15.5,12,9,5,194
15.5,12,9,6,195
15.5,12,9,7,196
15.5,12,9,8,197
15.5,12,9,9,198
15.5,12,9,10,199
15.5,12,9,11,200
15.5,12,9,12,201
15.5,12,9,13,202
15.5,12,9,14,202
15.5,12,9,15,203
15.5,12,10,0,191
15.5,12,10,1,192
15.5,12,10,2,193
15.5,12,10,3,194
15.5,12,10,4,194
15.5,12,10,5,195
15.5,12,10,6,196
15.5,12,10,7,197
15.5,12,10,8,198
15.5,12,10,9,199
15.5,12,10,10,200
15.5,12,10,11,201
15.5,12,10,12,202
15.5,12,10,13,203
15.5,12,10,14,203
15.5,12,10,15,204
15.5,12,11,0,192
15.5,12,11,1,193
15.5,12,11,2,194
15.5,12,11,3,195
15.5,12,11,4,196
15.5,12,11,5,196
15.5,12,11,6,197
15.5,12,11,7,198
15.5,12,11,8,199
15.5,12,11,9,200
15.5,12,11,10,201
15.5,12,11,11,202
15.5,12,11,12,203
15.5,12,11,13,204
15.5,12,11,14,205
15.5,12,11,15,205
15.5,12,12,0,193
15.5,12,12,1,194
15.5,12,12,2,195
15.5,12,12,3,196
15.5,12,12,4,197
15.5,12,12,5,198
15.5,12,12,6,198
15.5,12,12,7,199
15.5,12,12,8,200
15.5,12,12,9,201
15.5,12,12,10,202
15.5,12,12,11,203
15.5,12,12,12,204
15.5,12,12,13,205
15.5,12,12,14,206
15.5,12,12,15,207
15.5,12,13,0,194
15.5,12,13,1,195
15.5,12,13,2,196
15.5,12,13,3,197
15.5,12,13,4,198
15.5,12,13,5,199
15.5,12,13,6,199
15.5,12,13,7,200
15.5,12,13,8,201
15.5,12,13,9,202
15.5,12,13,10,203
15.5,12,13,11,204
15.5,12,13,12,205
15.5,12,13,13,206
15.5,12,13,14,207
15.5,12,13,15,208
15.5,12,14,0,195
15.5,12,14,1,196
15.5,12,14,2,197
15.5,12,14,3,198
15.5,12,14,4,199
15.5,12,14,5,200
15.5,12,14,6,201
15.5,12,14,7,201
15.5,12,14,8,202
15.5,12,14,9,203
15.5,12,14,10,204
15.5,12,14,11,205
15.5,12,14,12,206
15.5,12,14,13,207
15.5,12,14,14,208
15.5,12,14,15,209
15.5,12,15,0,196
15.5,12,15,1,197
15.5,12,15,2,198
15.5,12,15,3,199
15.5,12,15,4,200
15.5,12,15,5,201
15.5,12,15,6,202
15.5,12,15,7,202
15.5,12,15,8,203
15.5,12,15,9,204
15.5,12,15,10,205
15.5,12,15,11,206
15.5,12,15,12,207
15.5,12,15,13,208
15.5,12,15,14,209
15.5,12,15,15,210
15.5,13,0,0,183
15.5,13,0,1,184
15.5,13,0,2,185
15.5,13,0,3,185
15.5,13,0,4,186
15.5,13,0,5,187
15.5,13,0,6,188
15.5,13,0,7,189
15.5,13,0,8,190
15.5,13,0,9,191
15.5,13,0,10,192
15.5,13,0,11,192
15.5,13,0,12,193
15.5,13,0,13,194
15.5,13,0,14,195
15.5,13,0,15,196
15.5,13,1,0,184
15.5,13,1,1,185
15.5,13,1,2,186
15.5,13,1,3,187
15.5,13,1,4,187
15.5,13,1,5,188
15.5,13,1,6,189
15.5,13,1,7,190
15.5,13,1,8,191
15.5,13,1,9,192
15.5,13,1,10,193
15.5,13,1,11,194
15.5,13,1,12,194
15.5,13,1,13,195
15.5,13,1,14,196
15.5,13,1,15,197
15.5,13,2,0,185
15.5,13,2,1,186
15.5,13,2,2,187
15.5,13,2,3,188
15.5,13,2,4,189
15.5,13,2,5,189
15.5,13,2,6,190
15.5,13,2,7,191
15.5,13,2,8,192
15.5,13,2,9,193
15.5,13,2,10,194
15.5,13,2,11,195
15.5,13,2,12,196
15.5,13,2,13,196
15.5,13,2,14,197
15.5,13,2,15,198
15.5,13,3,0,186
15.5,13,3,1,187
15.5,13,3,2,188
15.5,13,3,3,189
15.5,13,3,4,190
15.5,13,3,5,191
15.5,13,3,6,191
15.5,13,3,7,192
15.5,13,3,8,193
15.5,13,3,9,194
15.5,13,3,10,195
15.5,13,3,11,196
15.5,13,3,12,197
15.5,13,3,13,198
15.5,13,3,14,198
15.5,13,3,15,199
15.5,13,4,0,187
15.5,13,4,1,188
15.5,13,4,2,189
15.5,13,4,3,190
15.5,13,4,4,191
15.5,13,4,5,192
15.5,13,4,6,193
15.5,13,4,7,193
15.5,13,4,8,194
15.5,13,4,9,195
15.5,13,4,10,196
15.5,13,4,11,197
15.5,13,4,12,198
15.5,13,4,13,199
15.5,13,4,14,200
15.5,13,4,15,200
15.5,13,5,0,188
15.5,13,5,1,189
15.5,13,5,2,190
15.5,13,5,3,191
15.5,13,5,4,192
15.5,13,5,5,193
15.5,13,5,6,194
15.5,13,5,7,195
15.5,13,5,8,195
15.5,13,5,9,196
15.5,13,5,10,197
15.5,13,5,11,198
15.5,13,5,12,199
15.5,13,5,13,200
15.5,13,5,14,201
15.5,13,5,15,202
15.5,13,6,0,189
15.5,13,6,1,190
15.5,13,6,2,191
15.5,13,6,3,192
15.5,13,6,4,193
15.5,13,6,5,194
15.5,13,6,6,195
15.5,13,6,7,196
15.5,13,6,8,197
15.5,13,6,9,197
15.5,13,6,10,198
15.5,13,6,11,199
15.5,13,6,12,200
15.5,13,6,13,201
15.5,13,6,14,202
15.5,13,6,15,203
15.5,13,7,0,190
15.5,13,7,1,191
15.5,13,7,2,192
15.5,13,7,3,193
15.5,13,7,4,194
15.5,13,7,5,195
15.5,13,7,6,196
15.5,13,7,7,197
15.5,13,7,8,198
15.5,13,7,9,199
15.5,13,7,10,199
15.5,13,7,11,200
15.5,13,7,12,201
15.5,13,7,13,202
15.5,13,7,14,203
15.5,13,7,15,204
15.5,13,8,0,191
15.5,13,8,1,192
15.5,13,8,2,193
15.5,13,8,3,194
15.5,13,8,4,195
15.5,13,8,5,196
15.5,13,8,6,197
15.5,13,8,7,198
15.5,13,8,8,199
15.5,13,8,9,200
15.5,13,8,10,201
15.5,13,8,11,201
15.5,13,8,12,202
15.5,13,8,13,203
15.5,13,8,14,204
15.5,13,8,15,205
15.5,13,9,0,192
15.5,13,9,1,193
15.5,13,9,2,194
15.5,13,9,3,195
15.5,13,9,4,196
15.5,13,9,5,197
15.5,13,9,6,198
15.5,13,9,7,199
15.5,13,9,8,200
15.5,13,9,9,201
15.5,13,9,10,202
15.5,13,9,11,203
15.5,13,9,12,203
15.5,13,9,13,204
15.5,13,9,14,205
15.5,13,9,15,206
15.5,13,10,0,193
15.5,13,10,1,194
15.5,13,10,2,195
15.5,13,10,3,196
15.5,13,10,4,197
15.5,13,10,5,198
15.5,13,10,6,199
15.5,13,10,7,200
15.5,13,10,8,201
15.5,13,10,9,202
15.5,13,10,10,203
15.5,13,10,11,204
15.5,13,10,12,205
15.5,13,10,13,205
15.5,13,10,14,206
15.5,13,10,15,207
15.5,13,11,0,195
15.5,13,11,1,195
15.5,13,11,2,196
15.5,13,11,3,197
15.5,13,11,4,198
15.5,13,11,5,199
15.5,13,11,6,200
15.5,13,11,7,201
15.5,13,11,8,202
15.5,13,11,9,203
15.5,13,11,10,204
15.5,13,11,11,205
15.5,13,11,12,206
15.5,13,11,13,207
15.5,13,11,14,207
15.5,13,11,15,208
15.5,13,12,0,196
15.5,13,12,1,197
15.5,13,12,2,197
15.5,13,12,3,198
15.5,13,12,4,199
15.5,13,12,5,200
15.5,13,12,6,201
15.5,13,12,7,202
15.5,13,12,8,203
15.5,13,12,9,204
15.5,13,12,10,205
15.5,13,12,11,206
15.5,13,12,12,207
15.5,13,12,13,208
15.5,13,12,14,209
15.5,13,12,15,209
15.5,13,13,0,197
15.5,13,13,1,198
15.5,13,13,2,199
15.5,13,13,3,199
15.5,13,13,4,200
15.5,13,13,5,201
15.5,13,13,6,202
15.5,13,13,7,203
15.5,13,13,8,204
15.5,13,13,9,205
15.5,13,13,10,206
15.5,13,13,11,207
15.5,13,13,12,208
15.5,13,13,13,209
15.5,13,13,14,210
15.5,13,13,15,211
15.5,13,14,0,198
15.5,13,14,1,199
15.5,13,14,2,200
15.5,13,14,3,200
15.5,13,14,4,201
15.5,13,14,5,202
15.5,13,14,6,203
15.5,13,14,7,204
15.5,13,14,8,205
15.5,13,14,9,206
15.5,13,14,10,207
15.5,13,14,11,208
15.5,13,14,12,209
15.5,13,14,13,210
15.5,13,14,14,211
15.5,13,14,15,212
15.5,13,15,0,199
15.5,13,15,1,200
15.5,13,15,2,201
15.5,13,15,3,202
15.5,13,15,4,202
15.5,13,15,5,203
15.5,13,15,6,204
15.5,13,15,7,205
15.5,13,15,8,206
15.5,13,15,9,207
15.5,13,15,10,208
15.5,13,15,11,209
15.5,13,15,12,210
15.5,13,15,13,211
15.5,13,15,14,212
15.5,13,15,15,213
15.5,14,0,0,185
15.5,14,0,1,186
15.5,14,0,2,187
15.5,14,0,3,188
15.5,14,0,4,189
15.5,14,0,5,190
15.5,14,0,6,191
15.5,14,0,7,192
15.5,14,0,8,192
15.5,14,0,9,193
15.5,14,0,10,194
15.5,14,0,11,195
15.5,14,0,12,196
15.5,14,0,13,197
15.5,14,0,14,198
15.5,14,0,15,198
15.5,14,1,0,186
15.5,14,1,1,187
15.5,14,1,2,188
15.5,14,1,3,189
15.5,14,1,4,190
15.5,14,1,5,191
15.5,14,1,6,192
15.5,14,1,7,193
15.5,14,1,8,194
15.5,14,1,9,194
15.5,14,1,10,195
15.5,14,1,11,196
15.5,14,1,12,197
15.5,14,1,13,198
15.5,14,1,14,199
15.5,14,1,15,200
15.5,14,2,0,188
15.5,14,2,1,188
15.5,14,2,2,189
15.5,14,2,3,190
15.5,14,2,4,191
15.5,14,2,5,192
15.5,14,2,6,193
15.5,14,2,7,194
15.5,14,2,8,195
15.5,14,2,9,196
15.5,14,2,10,197
15.5,14,2,11,197
15.5,14,2,12,198
15.5,14,2,13,199
15.5,14,2,14,200
15.5,14,2,15,201
15.5,14,3,0,189
15.5,14,3,1,190
15.5,14,3,2,190
15.5,14,3,3,191
15.5,14,3,4,192
15.5,14,3,5,193
15.5,14,3,6,194
15.5,14,3,7,195
15.5,14,3,8,196
15.5,14,3,9,197
15.5,14,3,10,198
15.5,14,3,11,199
15.5,14,3,12,199
15.5,14,3,13,200
15.5,14,3,14,201
15.5,14,3,15,202
15.5,14,4,0,190
15.5,14,4,1,191
15.5,14,4,2,192
15.5,14,4,3,192
15.5,14,4,4,193
15.5,14,4,5,194
15.5,14,4,6,195
15.5,14,4,7,196
15.5,14,4,8,197
15.5,14,4,9,198
15.5,14,4,10,199
15.5,14,4,11,200
15.5,14,4,12,201
15.5,14,4,13,201
15.5,14,4,14,202
15.5,14,4,15,203
15.5,14,5,0,191
15.5,14,5,1,192
15.5,14,5,2,193
15.5,14,5,3,194
15.5,14,5,4,195
15.5,14,5,5,195
15.5,14,5,6,196
15.5,14,5,7,197
15.5,14,5,8,198
15.5,14,5,9,199
15.5,14,5,10,200
15.5,14,5,11,201
15.5,14,5,12,202
15.5,14,5,13,203
15.5,14,5,14,204
15.5,14,5,15,204
15.5,14,6,0,192
15.5,14,6,1,193
15.5,14,6,2,194
15.5,14,6,3,195
15.5,14,6,4,196
15.5,14,6,5,197
15.5,14,6,6,197
15.5,14,6,7,198
15.5,14,6,8,199
15.5,14,6,9,200
15.5,14,6,10,201
15.5,14,6,11,202
15.5,14,6,12,203
15.5,14,6,13,204
15.5,14,6,14,205
15.5,14,6,15,206
15.5,14,7,0,193
15.5,14,7,1,194
15.5,14,7,2,195
15.5,14,7,3,196
15.5,14,7,4,197
15.5,14,7,5,198
15.5,14,7,6,199
15.5,14,7,7,200
15.5,14,7,8,200
15.5,14,7,9,201
15.5,14,7,10,202
15.5,14,7,11,203
15.5,14,7,12,204
15.5,14,7,13,205
15.5,14,7,14,206
15.5,14,7,15,207
15.5,14,8,0,194
15.5,14,8,1,195
15.5,14,8,2,196
15.5,14,8,3,197
15.5,14,8,4,198
15.5,14,8,5,199
15.5,14,8,6,200
15.5,14,8,7,201
15.5,14,8,8,202
15.5,14,8,9,202
15.5,14,8,10,203
15.5,14,8,11,204
15.5,14,8,12,205
15.5,14,8,13,206
15.5,14,8,14,207
15.5,14,8,15,208
15.5,14,9,0,195
15.5,14,9,1,196
15.5,14,9,2,197
15.5,14,9,3,198
15.5,14,9,4,199
15.5,14,9,5,200
15.5,14,9,6,201
15.5,14,9,7,202
15.5,14,9,8,203
15.5,14,9,9,204
15.5,14,9,10,204
15.5,14,9,11,205
15.5,14,9,12,206
15.5,14,9,13,207
15.5,14,9,14,208
15.5,14,9,15,209
15.5,14,10,0,196
15.5,14,10,1,197
15.5,14,10,2,198
15.5,14,10,3,199
15.5,14,10,4,200
15.5,14,10,5,201
15.5,14,10,6,202
15.5,14,10,7,203
15.5,14,10,8,204
15.5,14,10,9,205
15.5,14,10,10,206
15.5,14,10,11,207
15.5,14,10,12,207
15.5,14,10,13,208
15.5,14,10,14,209
15.5,14,10,15,210
15.5,14,11,0,197
15.5,14,11,1,198
15.5,14,11,2,199
15.5,14,11,3,200
15.5,14,11,4,201
15.5,14,11,5,202
15.5,14,11,6,203
15.5,14,11,7,204
15.5,14,11,8,205
15.5,14,11,9,206
15.5,14,11,10,207
15.5,14,11,11,208
15.5,14,11,12,209
15.5,14,11,13,209
15.5,14,11,14,210
15.5,14,11,15,211
15.5,14,12,0,198
15.5,14,12,1,199
15.5,14,12,2,200
15.5,14,12,3,201
15.5,14,12,4,202
15.5,14,12,5,203
15.5,14,12,6,204
15.5,14,12,7,205
15.5,14,12,8,206
15.5,14,12,9,207
15.5,14,12,10,208
15.5,14,12,11,209
15.5,14,12,12,210
15.5,14,12,13,211
15.5,14,12,14,211
15.5,14,12,15,212
15.5,14,13,0,199
15.5,14,13,1,200
15.5,14,13,2,201
15.5,14,13,3,202
15.5,14,13,4,203
15.5,14,13,5,204
15.5,14,13,6,205
15.5,14,13,7,206
15.5,14,13,8,207
15.5,14,13,9,208
15.5,14,13,10,209
15.5,14,13,11,210
15.5,14,13,12,211
15.5,14,13,13,212
15.5,14,13,14,213
15.5,14,13,15,214
15.5,14,14,0,200
15.5,14,14,1,201
15.5,14,14,2,202
15.5,14,14,3,203
15.5,14,14,4,204
15.5,14,14,5,205
15.5,14,14,6,206
15.5,14,14,7,207
15.5,14,14,8,208
15.5,14,14,9,209
15.5,14,14,10,210
15.5,14,14,11,211
15.5,14,14,12,212
15.5,14,14,13,213
15.5,14,14,14,214
15.5,14,14,15,215
15.5,14,15,0,201
15.5,14,15,1,202
15.5,14,15,2,203
15.5,14,15,3,204
15.5,14,15,4,205
15.5,14,15,5,206
15.5,14,15,6,207
15.5,14,15,7,208
15.5,14,15,8,209
15.5,14,15,9,210
15.5,14,15,10,211
15.5,14,15,11,212
15.5,14,15,12,213
15.5,14,15,13,214
15.5,14,15,14,215
15.5,14,15,15,216
15.5,15,0,0,188
15.5,15,0,1,189
15.5,15,0,2,190
15.5,15,0,3,191
15.5,15,0,4,191
15.5,15,0,5,192
15.5,15,0,6,193
15.5,15,0,7,194
15.5,15,0,8,195
15.5,15,0,9,196
15.5,15,0,10,197
15.5,15,0,11,198
15.5,15,0,12,199
15.5,15,0,13,199
15.5,15,0,14,200
15.5,15,0,15,201
15.5,15,1,0,189
15.5,15,1,1,190
15.5,15,1,2,191
15.5,15,1,3,192
15.5,15,1,4,193
15.5,15,1,5,194
15.5,15,1,6,194
15.5,15,1,7,195
15.5,15,1,8,196
15.5,15,1,9,197
15.5,15,1,10,198
15.5,15,1,11,199
15.5,15,1,12,200
15.5,15,1,13,201
15.5,15,1,14,202
15.5,15,1,15,202
15.5,15,2,0,190
15.5,15,2,1,191
15.5,15,2,2,192
15.5,15,2,3,193
15.5,15,2,4,194
15.5,15,2,5,195
15.5,15,2,6,196
15.5,15,2,7,197
15.5,15,2,8,197
15.5,15,2,9,198
15.5,15,2,10,199
15.5,15,2,11,200
15.5,15,2,12,201
15.5,15,2,13,202
15.5,15,2,14,203
15.5,15,2,15,204
15.5,15,3,0,191
15.5,15,3,1,192
15.5,15,3,2,193
15.5,15,3,3,194
15.5,15,3,4,195
15.5,15,3,5,196
15.5,15,3,6,197
15.5,15,3,7,198
15.5,15,3,8,199
15.5,15,3,9,199
15.5,15,3,10,200
15.5,15,3,11,201
15.5,15,3,12,202
15.5,15,3,13,203
15.5,15,3,14,204
15.5,15,3,15,205
15.5,15,4,0,192
15.5,15,4,1,193
15.5,15,4,2,194
15.5,15,4,3,195
15.5,15,4,4,196
15.5,15,4,5,197
15.5,15,4,6,198
15.5,15,4,7,199
15.5,15,4,8,200
15.5,15,4,9,201
15.5,15,4,10,202
15.5,15,4,11,202
15.5,15,4,12,203
15.5,15,4,13,204
15.5,15,4,14,205
15.5,15,4,15,206
15.5,15,5,0,193
15.5,15,5,1,194
15.5,15,5,2,195
15.5,15,5,3,196
15.5,15,5,4,197
15.5,15,5,5,198
15.5,15,5,6,199
15.5,15,5,7,200
15.5,15,5,8,201
15.5,15,5,9,202
15.5,15,5,10,203
15.5,15,5,11,204
15.5,15,5,12,205
15.5,15,5,13,205
15.5,15,5,14,206
15.5,15,5,15,207
15.5,15,6,0,195
15.5,15,6,1,195
15.5,15,6,2,196
15.5,15,6,3,197
15.5,15,6,4,198
15.5,15,6,5,199
15.5,15,6,6,200
15.5,15,6,7,201
15.5,15,6,8,202
15.5,15,6,9,203
15.5,15,6,10,204
15.5,15,6,11,205
15.5,15,6,12,206
15.5,15,6,13,207
15.5,15,6,14,207
15.5,15,6,15,208
15.5,15,7,0,196
15.5,15,7,1,197
15.5,15,7,2,198
15.5,15,7,3,198
15.5,15,7,4,199
15.5,15,7,5,200
15.5,15,7,6,201
15.5,15,7,7,202
15.5,15,7,8,203
15.5,15,7,9,204
15.5,15,7,10,205
15.5,15,7,11,206
15.5,15,7,12,207
15.5,15,7,13,208
15.5,15,7,14,209
15.5,15,7,15,210
15.5,15,8,0,197
15.5,15,8,1,198
15.5,15,8,2,199
15.5,15,8,3,200
15.5,15,8,4,201
15.5,15,8,5,201
15.5,15,8,6,202
15.5,15,8,7,203
15.5,15,8,8,204
15.5,15,8,9,205
15.5,15,8,10,206
15.5,15,8,11,207
15.5,15,8,12,208
15.5,15,8,13,209
15.5,15,8,14,210
15.5,15,8,15,211
15.5,15,9,0,198
15.5,15,9,1,199
15.5,15,9,2,200
15.5,15,9,3,201
15.5,15,9,4,202
15.5,15,9,5,203
15.5,15,9,6,204
15.5,15,9,7,204
15.5,15,9,8,205
15.5,15,9,9,206
15.5,15,9,10,207
15.5,15,9,11,208
15.5,15,9,12,209
15.5,15,9,13,210
15.5,15,9,14,211
15.5,15,9,15,212
15.5,15,10,0,199
15.5,15,10,1,200
15.5,15,10,2,201
15.5,15,10,3,202
15.5,15,10,4,203
15.5,15,10,5,204
15.5,15,10,6,205
15.5,15,10,7,206
15.5,15,10,8,207
15.5,15,10,9,207
15.5,15,10,10,208
15.5,15,10,11,209
15.5,15,10,12,210
15.5,15,10,13,211
15.5,15,10,14,212
15.5,15,10,15,213
15.5,15,11,0,200
15.5,15,11,1,201
15.5,15,11,2,202
15.5,15,11,3,203
15.5,15,11,4,204
15.5,15,11,5,205
15.5,15,11,6,206
15.5,15,11,7,207
15.5,15,11,8,208
15.5,15,11,9,209
15.5,15,11,10,210
15.5,15,11,11,210
15.5,15,11,12,211
15.5,15,11,13,212
15.5,15,11,14,213
15.5,15,11,15,214
15.5,15,12,0,201
15.5,15,12,1,202
15.5,15,12,2,203
15.5,15,12,3,204
15.5,15,12,4,205
15.5,15,12,5,206
15.5,15,12,6,207
15.5,15,12,7,208
15.5,15,12,8,209
15.5,15,12,9,210
15.5,15,12,10,211
15.5,15,12,11,212
15.5,15,12,12,213
15.5,15,12,13,213
15.5,15,12,14,214
15.5,15,12,15,215
15.5,15,13,0,202
15.5,15,13,1,203
15.5,15,13,2,204
15.5,15,13,3,205
15.5,15,13,4,206
15.5,15,13,5,207
15.5,15,13,6,208
15.5,15,13,7,209
15.5,15,13,8,210
15.5,15,13,9,211
15.5,15,13,10,212
15.5,15,13,11,213
15.5,15,13,12,214
15.5,15,13,13,215
15.5,15,13,14,216
15.5,15,13,15,216
15.5,15,14,0,203
15.5,15,14,1,204
15.5,15,14,2,205
15.5,15,14,3,206
15.5,15,14,4,207
15.5,15,14,5,208
15.5,15,14,6,209
15.5,15,14,7,210
15.5,15,14,8,211
15.5,15,14,9,212
15.5,15,14,10,213
15.5,15,14,11,214
15.5,15,14,12,215
15.5,15,14,13,216
15.5,15,14,14,217
15.5,15,14,15,218
15.5,15,15,0,204
15.5,15,15,1,205
15.5,15,15,2,206
15.5,15,15,3,207
15.5,15,15,4,208
15.5,15,15,5,209
15.5,15,15,6,210
15.5,15,15,7,211
15.5,15,15,8,212
15.5,15,15,9,213
15.5,15,15,10,214
15.5,15,15,11,215
15.5,15,15,12,216
15.5,15,15,13,217
15.5,15,15,14,218
15.5,15,15,15,219
16.0,0,0,0,155
16.0,0,0,1,155
16.0,0,0,2,156
16.0,0,0,3,157
16.0,0,0,4,158
16.0,0,0,5,158
16.0,0,0,6,159
16.0,0,0,7,160
16.0,0,0,8,160
16.0,0,0,9,161
16.0,0,0,10,162
16.0,0,0,11,163
16.0,0,0,12,163
16.0,0,0,13,164
16.0,0,0,14,165
16.0,0,0,15,166
16.0,0,1,0,155
16.0,0,1,1,156
16.0,0,1,2,157
16.0,0,1,3,158
16.0,0,1,4,158
16.0,0,1,5,159
16.0,0,1,6,160
16.0,0,1,7,161
16.0,0,1,8,161
16.0,0,1,9,162
16.0,0,1,10,163
16.0,0,1,11,164
16.0,0,1,12,164
16.0,0,1,13,165
16.0,0,1,14,166
16.0,0,1,15,167
16.0,0,2,0,156
16.0,0,2,1,157
16.0,0,2,2,158
16.0,0,2,3,159
16.0,0,2,4,159
16.0,0,2,5,160
16.0,0,2,6,161
16.0,0,2,7,162
16.0,0,2,8,162
16.0,0,2,9,163
16.0,0,2,10,164
16.0,0,2,11,165
16.0,0,2,12,165
16.0,0,2,13,166
16.0,0,2,14,167
16.0,0,2,15,168
16.0,0,3,0,157
16.0,0,3,1,158
16.0,0,3,2,159
16.0,0,3,3,160
16.0,0,3,4,160
16.0,0,3,5,161
16.0,0,3,6,162
16.0,0,3,7,163
16.0,0,3,8,163
16.0,0,3,9,164
16.0,0,3,10,165
16.0,0,3,11,166
16.0,0,3,12,166
16.0,0,3,13,167
16.0,0,3,14,168
16.0,0,3,15,168
16.0,0,4,0,158
16.0,0,4,1,159
16.0,0,4,2,160
16.0,0,4,3,161
16.0,0,4,4,161
16.0,0,4,5,162
16.0,0,4,6,163
16.0,0,4,7,164
16.0,0,4,8,164
16.0,0,4,9,165
16.0,0,4,10,166
16.0,0,4,11,167
16.0,0,4,12,167
16.0,0,4,13,168
16.0,0,4,14,169
16.0,0,4,15,169
16.0,0,5,0,159
16.0,0,5,1,160
16.0,0,5,2,161
16.0,0,5,3,161
16.0,0,5,4,162
16.0,0,5,5,163
16.0,0,5,6,164
16.0,0,5,7,164
16.0,0,5,8,165
16.0,0,5,9,166
16.0,0,5,10,167
16.0,0,5,11,167
16.0,0,5,12,168
16.0,0,5,13,169
16.0,0,5,14,170
16.0,0,5,15,170
16.0,0,6,0,160
16.0,0,6,1,161
16.0,0,6,2,162
16.0,0,6,3,162
16.0,0,6,4,163
16.0,0,6,5,164
16.0,0,6,6,165
16.0,0,6,7,165
16.0,0,6,8,166
16.0,0,6,9,167
16.0,0,6,10,168
16.0,0,6,11,168
16.0,0,6,12,169
16.0,0,6,13,170
16.0,0,6,14,171
16.0,0,6,15,171
16.0,0,7,0,161
16.0,0,7,1,162
16.0,0,7,2,162
16.0,0,7,3,163
16.0,0,7,4,164
16.0,0,7,5,165
16.0,0,7,6,166
16.0,0,7,7,166
16.0,0,7,8,167
16.0,0,7,9,168
16.0,0,7,10,169
16.0,0,7,11,169
16.0,0,7,12,170
16.0,0,7,13,171
16.0,0,7,14,172
16.0,0,7,15,172
16.0,0,8,0,162
16.0,0,8,1,163
16.0,0,8,2,163
16.0,0,8,3,164
16.0,0,8,4,165
16.0,0,8,5,166
16.0,0,8,6,167
16.0,0,8,7,167
16.0,0,8,8,168
16.0,0,8,9,169
16.0,0,8,10,170
16.0,0,8,11,170
16.0,0,8,12,171
16.0,0,8,13,172
16.0,0,8,14,173
16.0,0,8,15,173
16.0,0,9,0,163
16.0,0,9,1,163
16.0,0,9,2,164
16.0,0,9,3,165
16.0,0,9,4,166
16.0,0,9,5,167
16.0,0,9,6,167
16.0,0,9,7,168
16.0,0,9,8,169
16.0,0,9,9,170
16.0,0,9,10,171
16.0,0,9,11,171
16.0,0,9,12,172
16.0,0,9,13,173
16.0,0,9,14,174
16.0,0,9,15,174
16.0,0,10,0,164
16.0,0,10,1,164
16.0,0,10,2,165
16.0,0,10,3,166
16.0,0,10,4,167
16.0,0,10,5,168
16.0,0,10,6,168
16.0,0,10,7,169
16.0,0,10,8,170
16.0,0,10,9,171
16.0,0,10,10,171
16.0,0,10,11,172
16.0,0,10,12,173
16.0,0,10,13,174
16.0,0,10,14,174
16.0,0,10,15,175
16.0,0,11,0,164
16.0,0,11,1,165
16.0,0,11,2,166
16.0,0,11,3,167
16.0,0,11,4,168
16.0,0,11,5,168
16.0,0,11,6,169
16.0,0,11,7,170
16.0,0,11,8,171
16.0,0,11,9,172
16.0,0,11,10,172
16.0,0,11,11,173
16.0,0,11,12,174
16.0,0,11,13,175
16.0,0,11,14,175
16.0,0,11,15,176
16.0,0,12,0,165
16.0,0,12,1,166
16.0,0,12,2,167
16.0,0,12,3,168
16.0,0,12,4,169
16.0,0,12,5,169
16.0,0,12,6,170
16.0,0,12,7,171
16.0,0,12,8,172
16.0,0,12,9,172
16.0,0,12,10,173
16.0,0,12,11,174
16.0,0,12,12,175
16.0,0,12,13,176
16.0,0,12,14,176
16.0,0,12,15,177
16.0,0,13,0,166
16.0,0,13,1,167
16.0,0,13,2,168
16.0,0,13,3,169
16.0,0,13,4,169
16.0,0,13,5,170
16.0,0,13,6,171
16.0,0,13,7,172
16.0,0,13,8,173
16.0,0,13,9,173
16.0,0,13,10,174
16.0,0,13,11,175
16.0,0,13,12,176
16.0,0,13,13,177
16.0,0,13,14,177
16.0,0,13,15,178
16.0,0,14,0,167
16.0,0,14,1,168
16.0,0,14,2,169
16.0,0,14,3,170
16.0,0,14,4,170
16.0,0,14,5,171
16.0,0,14,6,172
16.0,0,14,7,173
16.0,0,14,8,174
16.0,0,14,9,174
16.0,0,14,10,175
16.0,0,14,11,176
16.0,0,14,12,177
16.0,0,14,13,177
16.0,0,14,14,178
16.0,0,14,15,179
16.0,0,15,0,168
16.0,0,15,1,169
16.0,0,15,2,170
16.0,0,15,3,170
16.0,0,15,4,171
16.0,0,15,5,172
16.0,0,15,6,173
16.0,0,15,7,174
16.0,0,15,8,174
16.0,0,15,9,175
16.0,0,15,10,176
16.0,0,15,11,177
16.0,0,15,12,178
16.0,0,15,13,178
16.0,0,15,14,179
16.0,0,15,15,180
16.0,1,0,0,157
16.0,1,0,1,158
16.0,1,0,2,159
16.0,1,0,3,159
16.0,1,0,4,160
16.0,1,0,5,161
16.0,1,0,6,162
16.0,1,0,7,162
16.0,1,0,8,163
16.0,1,0,9,164
16.0,1,0,10,165
16.0,1,0,11,165
16.0,1,0,12,166
16.0,1,0,13,167
16.0,1,0,14,168
16.0,1,0,15,168
16.0,1,1,0,158
16.0,1,1,1,159
16.0,1,1,2,160
16.0,1,1,3,160
16.0,1,1,4,161
16.0,1,1,5,162
16.0,1,1,6,163
16.0,1,1,7,163
16.0,1,1,8,164
16.0,1,1,9,165
16.0,1,1,10,166
16.0,1,1,11,166
16.0,1,1,12,167
16.0,1,1,13,168
16.0,1,1,14,169
16.0,1,1,15,169
16.0,1,2,0,159
16.0,1,2,1,160
16.0,1,2,2,161
16.0,1,2,3,161
16.0,1,2,4,162
16.0,1,2,5,163
16.0,1,2,6,164
16.0,1,2,7,164
16.0,1,2,8,165
16.0,1,2,9,166
16.0,1,2,10,167
16.0,1,2,11,167
16.0,1,2,12,168
16.0,1,2,13,169
16.0,1,2,14,170
16.0,1,2,15,170
16.0,1,3,0,160
16.0,1,3,1,161
16.0,1,3,2,162
16.0,1,3,3,162
16.0,1,3,4,163
16.0,1,3,5,164
16.0,1,3,6,165
16.0,1,3,7,165
16.0,1,3,8,166
16.0,1,3,9,167
16.0,1,3,10,168
16.0,1,3,11,168
16.0,1,3,12,169
16.0,1,3,13,170
16.0,1,3,14,171
16.0,1,3,15,171
16.0,1,4,0,161
16.0,1,4,1,162
16.0,1,4,2,162
16.0,1,4,3,163
16.0,1,4,4,164
16.0,1,4,5,165
16.0,1,4,6,166
16.0,1,4,7,166
16.0,1,4,8,167
16.0,1,4,9,168
16.0,1,4,10,169
16.0,1,4,11,169
16.0,1,4,12,170
16.0,1,4,13,171
16.0,1,4,14,172
16.0,1,4,15,172
16.0,1,5,0,162
16.0,1,5,1,163
16.0,1,5,2,163
16.0,1,5,3,164
16.0,1,5,4,165
16.0,1,5,5,166
16.0,1,5,6,167
16.0,1,5,7,167
16.0,1,5,8,168
16.0,1,5,9,169
16.0,1,5,10,170
16.0,1,5,11,170
16.0,1,5,12,171
16.0,1,5,13,172
16.0,1,5,14,173
16.0,1,5,15,173
16.0,1,6,0,163
16.0,1,6,1,164
16.0,1,6,2,164
16.0,1,6,3,165
16.0,1,6,4,166
16.0,1,6,5,167
16.0,1,6,6,167
16.0,1,6,7,168
16.0,1,6,8,169
16.0,1,6,9,170
16.0,1,6,10,171
16.0,1,6,11,171
16.0,1,6,12,172
16.0,1,6,13,173
16.0,1,6,14,174
16.0,1,6,15,174
16.0,1,7,0,164
16.0,1,7,1,164
16.0,1,7,2,165
16.0,1,7,3,166
16.0,1,7,4,167
16.0,1,7,5,168
16.0,1,7,6,168
16.0,1,7,7,169
16.0,1,7,8,170
16.0,1,7,9,171
16.0,1,7,10,172
16.0,1,7,11,172
16.0,1,7,12,173
16.0,1,7,13,174
16.0,1,7,14,175
16.0,1,7,15,175
16.0,1,8,0,165
16.0,1,8,1,165
16.0,1,8,2,166
16.0,1,8,3,167
16.0,1,8,4,168
16.0,1,8,5,169
16.0,1,8,6,169
16.0,1,8,7,170
16.0,1,8,8,171
16.0,1,8,9,172
16.0,1,8,10,172
16.0,1,8,11,173
16.0,1,8,12,174
16.0,1,8,13,175
16.0,1,8,14,176
16.0,1,8,15,176
16.0,1,9,0,165
16.0,1,9,1,166
16.0,1,9,2,167
16.0,1,9,3,168
16.0,1,9,4,169
16.0,1,9,5,169
16.0,1,9,6,170
16.0,1,9,7,171
16.0,1,9,8,172
16.0,1,9,9,173
16.0,1,9,10,173
16.0,1,9,11,174
16.0,1,9,12,175
16.0,1,9,13,176
16.0,1,9,14,176
16.0,1,9,15,177
16.0,1,10,0,166
16.0,1,10,1,167
16.0,1,10,2,168
16.0,1,10,3,169
16.0,1,10,4,170
16.0,1,10,5,170
16.0,1,10,6,171
16.0,1,10,7,172
16.0,1,10,8,173
16.0,1,10,9,174
16.0,1,10,10,174
16.0,1,10,11,175
16.0,1,10,12,176
16.0,1,10,13,177
16.0,1,10,14,177
16.0,1,10,15,178
16.0,1,11,0,167
16.0,1,11,1,168
16.0,1,11,2,169
16.0,1,11,3,170
16.0,1,11,4,171
16.0,1,11,5,171
16.0,1,11,6,172
16.0,1,11,7,173
16.0,1,11,8,174
16.0,1,11,9,174
16.0,1,11,10,175
16.0,1,11,11,176
16.0,1,11,12,177
16.0,1,11,13,178
16.0,1,11,14,178
16.0,1,11,15,179
16.0,1,12,0,168
16.0,1,12,1,169
16.0,1,12,2,170
16.0,1,12,3,171
16.0,1,12,4,171
16.0,1,12,5,172
16.0,1,12,6,173
16.0,1,12,7,174
16.0,1,12,8,175
16.0,1,12,9,175
16.0,1,12,10,176
16.0,1,12,11,177
16.0,1,12,12,178
16.0,1,12,13,179
16.0,1,12,14,179
16.0,1,12,15,180
16.0,1,13,0,169
16.0,1,13,1,170
16.0,1,13,2,171
16.0,1,13,3,172
16.0,1,13,4,172
16.0,1,13,5,173
16.0,1,13,6,174
16.0,1,13,7,175
16.0,1,13,8,176
16.0,1,13,9,176
16.0,1,13,10,177
16.0,1,13,11,178
16.0,1,13,12,179
16.0,1,13,13,180
16.0,1,13,14,180
16.0,1,13,15,181
16.0,1,14,0,170
16.0,1,14,1,171
16.0,1,14,2,172
16.0,1,14,3,172
16.0,1,14,4,173
16.0,1,14,5,174
16.0,1,14,6,175
16.0,1,14,7,176
16.0,1,14,8,176
16.0,1,14,9,177
16.0,1,14,10,178
16.0,1,14,11,179
16.0,1,14,12,180
16.0,1,14,13,180
16.0,1,14,14,181
16.0,1,14,15,182
16.0,1,15,0,171
16.0,1,15,1,172
16.0,1,15,2,172
16.0,1,15,3,173
16.0,1,15,4,174
16.0,1,15,5,175
16.0,1,15,6,176
16.0,1,15,7,177
16.0,1,15,8,177
16.0,1,15,9,178
16.0,1,15,10,179
16.0,1,15,11,180
16.0,1,15,12,181
16.0,1,15,13,181
16.0,1,15,14,182
16.0,1,15,15,183
16.0,2,0,0,160
16.0,2,0,1,161
16.0,2,0,2,161
16.0,2,0,3,162
16.0,2,0,4,163
16.0,2,0,5,164
16.0,2,0,6,164
16.0,2,0,7,165
16.0,2,0,8,166
16.0,2,0,9,167
16.0,2,0,10,167
16.0,2,0,11,168
16.0,2,0,12,169
16.0,2,0,13,170
16.0,2,0,14,170
16.0,2,0,15,171
16.0,2,1,0,161
16.0,2,1,1,162
16.0,2,1,2,162
16.0,2,1,3,163
16.0,2,1,4,164
16.0,2,1,5,165
16.0,2,1,6,165
16.0,2,1,7,166
16.0,2,1,8,167
16.0,2,1,9,168
16.0,2,1,10,168
16.0,2,1,11,169
16.0,2,1,12,170
16.0,2,1,13,171
16.0,2,1,14,171
16.0,2,1,15,172
16.0,2,2,0,162
16.0,2,2,1,162
16.0,2,2,2,163
16.0,2,2,3,164
16.0,2,2,4,165
16.0,2,2,5,166
16.0,2,2,6,166
16.0,2,2,7,167
16.0,2,2,8,168
16.0,2,2,9,169
16.0,2,2,10,169
16.0,2,2,11,170
16.0,2,2,12,171
16.0,2,2,13,172
16.0,2,2,14,172
16.0,2,2,15,173
16.0,2,3,0,163
16.0,2,3,1,163
16.0,2,3,2,164
16.0,2,3,3,165
16.0,2,3,4,166
16.0,2,3,5,167
16.0,2,3,6,167
16.0,2,3,7,168
16.0,2,3,8,169
16.0,2,3,9,170
16.0,2,3,10,170
16.0,2,3,11,171
16.0,2,3,12,172
16.0,2,3,13,173
16.0,2,3,14,173
16.0,2,3,15,174
16.0,2,4,0,164
16.0,2,4,1,164
16.0,2,4,2,165
16.0,2,4,3,166
16.0,2,4,4,167
16.0,2,4,5,168
16.0,2,4,6,168
16.0,2,4,7,169
16.0,2,4,8,170
16.0,2,4,9,171
16.0,2,4,10,171
16.0,2,4,11,172
16.0,2,4,12,173
16.0,2,4,13,174
16.0,2,4,14,174
16.0,2,4,15,175
16.0,2,5,0,165
16.0,2,5,1,165
16.0,2,5,2,166
16.0,2,5,3,167
16.0,2,5,4,168
16.0,2,5,5,169
16.0,2,5,6,169
16.0,2,5,7,170
16.0,2,5,8,171
16.0,2,5,9,172
16.0,2,5,10,172
16.0,2,5,11,173
16.0,2,5,12,174
16.0,2,5,13,175
16.0,2,5,14,175
16.0,2,5,15,176
16.0,2,6,0,165
16.0,2,6,1,166
16.0,2,6,2,167
16.0,2,6,3,168
16.0,2,6,4,169
16.0,2,6,5,169
16.0,2,6,6,170
16.0,2,6,7,171
16.0,2,6,8,172
16.0,2,6,9,173
16.0,2,6,10,173
16.0,2,6,11,174
16.0,2,6,12,175
16.0,2,6,13,176
16.0,2,6,14,176
16.0,2,6,15,177
16.0,2,7,0,166
16.0,2,7,1,167
16.0,2,7,2,168
16.0,2,7,3,169
16.0,2,7,4,170
16.0,2,7,5,170
16.0,2,7,6,171
16.0,2,7,7,172
16.0,2,7,8,173
16.0,2,7,9,174
16.0,2,7,10,174
16.0,2,7,11,175
16.0,2,7,12,176
16.0,2,7,13,177
16.0,2,7,14,177
16.0,2,7,15,178
16.0,2,8,0,167
16.0,2,8,1,168
16.0,2,8,2,169
16.0,2,8,3,170
16.0,2,8,4,171
16.0,2,8,5,171
16.0,2,8,6,172
16.0,2,8,7,173
16.0,2,8,8,174
16.0,2,8,9,175
16.0,2,8,10,175
16.0,2,8,11,176
16.0,2,8,12,177
16.0,2,8,13,178
16.0,2,8,14,178
16.0,2,8,15,179
16.0,2,9,0,168
16.0,2,9,1,169
16.0,2,9,2,170
16.0,2,9,3,171
16.0,2,9,4,172
16.0,2,9,5,172
16.0,2,9,6,173
16.0,2,9,7,174
16.0,2,9,8,175
16.0,2,9,9,176
16.0,2,9,10,176
16.0,2,9,11,177
16.0,2,9,12,178
16.0,2,9,13,179
16.0,2,9,14,179
16.0,2,9,15,180
16.0,2,10,0,169
16.0,2,10,1,170
16.0,2,10,2,171
16.0,2,10,3,172
16.0,2,10,4,172
16.0,2,10,5,173
16.0,2,10,6,174
16.0,2,10,7,175
16.0,2,10,8,176
16.0,2,10,9,176
16.0,2,10,10,177
16.0,2,10,11,178
16.0,2,10,12,179
16.0,2,10,13,180
16.0,2,10,14,180
16.0,2,10,15,181
16.0,2,11,0,170
16.0,2,11,1,171
16.0,2,11,2,172
16.0,2,11,3,173
16.0,2,11,4,173
16.0,2,11,5,174
16.0,2,11,6,175
16.0,2,11,7,176
16.0,2,11,8,177
16.0,2,11,9,177
16.0,2,11,10,178
16.0,2,11,11,179
16.0,2,11,12,180
16.0,2,11,13,181
16.0,2,11,14,181
16.0,2,11,15,182
16.0,2,12,0,171
16.0,2,12,1,172
16.0,2,12,2,173
16.0,2,12,3,173
16.0,2,12,4,174
16.0,2,12,5,175
16.0,2,12,6,176
16.0,2,12,7,177
16.0,2,12,8,178
16.0,2,12,9,178
16.0,2,12,10,179
16.0,2,12,11,180
16.0,2,12,12,181
16.0,2,12,13,182
16.0,2,12,14,182
16.0,2,12,15,183
16.0,2,13,0,172
16.0,2,13,1,173
16.0,2,13,2,174
16.0,2,13,3,174
16.0,2,13,4,175
16.0,2,13,5,176
16.0,2,13,6,177
16.0,2,13,7,178
16.0,2,13,8,178
16.0,2,13,9,179
16.0,2,13,10,180
16.0,2,13,11,181
16.0,2,13,12,182
16.0,2,13,13,183
16.0,2,13,14,183
16.0,2,13,15,184
16.0,2,14,0,173
16.0,2,14,1,174
16.0,2,14,2,174
16.0,2,14,3,175
16.0,2,14,4,176
16.0,2,14,5,177
16.0,2,14,6,178
16.0,2,14,7,179
16.0,2,14,8,179
16.0,2,14,9,180
16.0,2,14,10,181
16.0,2,14,11,182
16.0,2,14,12,183
16.0,2,14,13,183
16.0,2,14,14,184
16.0,2,14,15,185
16.0,2,15,0,174
16.0,2,15,1,174
16.0,2,15,2,175
16.0,2,15,3,176
16.0,2,15,4,177
16.0,2,15,5,178
16.0,2,15,6,179
16.0,2,15,7,180
16.0,2,15,8,180
16.0,2,15,9,181
16.0,2,15,10,182
16.0,2,15,11,183
16.0,2,15,12,184
16.0,2,15,13,184
16.0,2,15,14,185
16.0,2,15,15,186
16.0,3,0,0,162
16.0,3,0,1,163
16.0,3,0,2,164
16.0,3,0,3,165
16.0,3,0,4,166
16.0,3,0,5,166
16.0,3,0,6,167
16.0,3,0,7,168
16.0,3,0,8,169
16.0,3,0,9,169
16.0,3,0,10,170
16.0,3,0,11,171
16.0,3,0,12,172
16.0,3,0,13,172
16.0,3,0,14,173
16.0,3,0,15,174
16.0,3,1,0,163
16.0,3,1,1,164
16.0,3,1,2,165
16.0,3,1,3,166
16.0,3,1,4,167
16.0,3,1,5,167
16.0,3,1,6,168
16.0,3,1,7,169
16.0,3,1,8,170
16.0,3,1,9,170
16.0,3,1,10,171
16.0,3,1,11,172
16.0,3,1,12,173
16.0,3,1,13,173
16.0,3,1,14,174
16.0,3,1,15,175
16.0,3,2,0,164
16.0,3,2,1,165
16.0,3,2,2,166
16.0,3,2,3,167
16.0,3,2,4,168
16.0,3,2,5,168
16.0,3,2,6,169
16.0,3,2,7,170
16.0,3,2,8,171
16.0,3,2,9,171
16.0,3,2,10,172
16.0,3,2,11,173
16.0,3,2,12,174
16.0,3,2,13,175
16.0,3,2,14,175
16.0,3,2,15,176
16.0,3,3,0,165
16.0,3,3,1,166
16.0,3,3,2,167
16.0,3,3,3,168
16.0,3,3,4,169
16.0,3,3,5,169
16.0,3,3,6,170
16.0,3,3,7,171
16.0,3,3,8,172
16.0,3,3,9,172
16.0,3,3,10,173
16.0,3,3,11,174
16.0,3,3,12,175
16.0,3,3,13,176
16.0,3,3,14,176
16.0,3,3,15,177
16.0,3,4,0,166
16.0,3,4,1,167
16.0,3,4,2,168
16.0,3,4,3,169
16.0,3,4,4,170
16.0,3,4,5,170
16.0,3,4,6,171
16.0,3,4,7,172
16.0,3,4,8,173
16.0,3,4,9,173
16.0,3,4,10,174
16.0,3,4,11,175
16.0,3,4,12,176
16.0,3,4,13,177
16.0,3,4,14,177
16.0,3,4,15,178
16.0,3,5,0,167
16.0,3,5,1,168
16.0,3,5,2,169
16.0,3,5,3,170
16.0,3,5,4,170
16.0,3,5,5,171
16.0,3,5,6,172
16.0,3,5,7,173
16.0,3,5,8,174
16.0,3,5,9,174
16.0,3,5,10,175
16.0,3,5,11,176
16.0,3,5,12,177
16.0,3,5,13,178
16.0,3,5,14,178
16.0,3,5,15,179
16.0,3,6,0,168
16.0,3,6,1,169
16.0,3,6,2,170
16.0,3,6,3,171
16.0,3,6,4,171
16.0,3,6,5,172
16.0,3,6,6,173
16.0,3,6,7,174
16.0,3,6,8,175
16.0,3,6,9,175
16.0,3,6,10,176
16.0,3,6,11,177
16.0,3,6,12,178
16.0,3,6,13,179
16.0,3,6,14,179
16.0,3,6,15,180
16.0,3,7,0,169
16.0,3,7,1,170
16.0,3,7,2,171
16.0,3,7,3,172
16.0,3,7,4,172
16.0,3,7,5,173
16.0,3,7,6,174
16.0,3,7,7,175
16.0,3,7,8,176
16.0,3,7,9,176
16.0,3,7,10,177
16.0,3,7,11,178
16.0,3,7,12,179
16.0,3,7,13,180
16.0,3,7,14,180
16.0,3,7,15,181
16.0,3,8,0,170
16.0,3,8,1,171
16.0,3,8,2,172
16.0,3,8,3,173
16.0,3,8,4,173
16.0,3,8,5,174
16.0,3,8,6,175
16.0,3,8,7,176
16.0,3,8,8,177
16.0,3,8,9,177
16.0,3,8,10,178
16.0,3,8,11,179
16.0,3,8,12,180
16.0,3,8,13,181
16.0,3,8,14,181
16.0,3,8,15,182
16.0,3,9,0,171
16.0,3,9,1,172
16.0,3,9,2,173
16.0,3,9,3,173
16.0,3,9,4,174
16.0,3,9,5,175
16.0,3,9,6,176
16.0,3,9,7,177
16.0,3,9,8,178
16.0,3,9,9,178
16.0,3,9,10,179
16.0,3,9,11,180
16.0,3,9,12,181
16.0,3,9,13,182
16.0,3,9,14,182
16.0,3,9,15,183
16.0,3,10,0,172
16.0,3,10,1,173
16.0,3,10,2,174
16.0,3,10,3,174
16.0,3,10,4,175
16.0,3,10,5,176
16.0,3,10,6,177
16.0,3,10,7,178
16.0,3,10,8,179
16.0,3,10,9,179
16.0,3,10,10,180
16.0,3,10,11,181
16.0,3,10,12,182
16.0,3,10,13,183
16.0,3,10,14,183
16.0,3,10,15,184
16.0,3,11,0,173
16.0,3,11,1,174
16.0,3,11,2,175
16.0,3,11,3,175
16.0,3,11,4,176
16.0,3,11,5,177
16.0,3,11,6,178
16.0,3,11,7,179
16.0,3,11,8,180
16.0,3,11,9,180
16.0,3,11,10,181
16.0,3,11,11,182
16.0,3,11,12,183
16.0,3,11,13,184
16.0,3,11,14,184
16.0,3,11,15,185
16.0,3,12,0,174
16.0,3,12,1,175
16.0,3,12,2,175
16.0,3,12,3,176
16.0,3,12,4,177
16.0,3,12,5,178
16.0,3,12,6,179
16.0,3,12,7,180
16.0,3,12,8,180
16.0,3,12,9,181
16.0,3,12,10,182
16.0,3,12,11,183
16.0,3,12,12,184
16.0,3,12,13,185
16.0,3,12,14,185
16.0,3,12,15,186
16.0,3,13,0,175
16.0,3,13,1,176
16.0,3,13,2,176
16.0,3,13,3,177
16.0,3,13,4,178
16.0,3,13,5,179
16.0,3,13,6,180
16.0,3,13,7,181
16.0,3,13,8,181
16.0,3,13,9,182
16.0,3,13,10,183
16.0,3,13,11,184
16.0,3,13,12,185
16.0,3,13,13,186
16.0,3,13,14,186
16.0,3,13,15,187
16.0,3,14,0,176
16.0,3,14,1,176
16.0,3,14,2,177
16.0,3,14,3,178
16.0,3,14,4,179
16.0,3,14,5,180
16.0,3,14,6,181
16.0,3,14,7,182
16.0,3,14,8,182
16.0,3,14,9,183
16.0,3,14,10,184
16.0,3,14,11,185
16.0,3,14,12,186
16.0,3,14,13,186
16.0,3,14,14,187
16.0,3,14,15,188
16.0,3,15,0,176
16.0,3,15,1,177
16.0,3,15,2,178
16.0,3,15,3,179
16.0,3,15,4,180
16.0,3,15,5,181
16.0,3,15,6,182
16.0,3,15,7,182
16.0,3,15,8,183
16.0,3,15,9,184
16.0,3,15,10,185
16.0,3,15,11,186
16.0,3,15,12,187
16.0,3,15,13,187
16.0,3,15,14,188
16.0,3,15,15,189
16.0,4,0,0,165
16.0,4,0,1,166
16.0,4,0,2,167
16.0,4,0,3,167
16.0,4,0,4,168
16.0,4,0,5,169
16.0,4,0,6,170
16.0,4,0,7,171
16.0,4,0,8,171
16.0,4,0,9,172
16.0,4,0,10,173
16.0,4,0,11,174
16.0,4,0,12,174
16.0,4,0,13,175
16.0,4,0,14,176
16.0,4,0,15,177
16.0,4,1,0,166
16.0,4,1,1,167
16.0,4,1,2,168
16.0,4,1,3,168
16.0,4,1,4,169
16.0,4,1,5,170
16.0,4,1,6,171
16.0,4,1,7,172
16.0,4,1,8,172
16.0,4,1,9,173
16.0,4,1,10,174
16.0,4,1,11,175
16.0,4,1,12,176
16.0,4,1,13,176
16.0,4,1,14,177
16.0,4,1,15,178
16.0,4,2,0,167
16.0,4,2,1,168
16.0,4,2,2,169
16.0,4,2,3,169
16.0,4,2,4,170
16.0,4,2,5,171
16.0,4,2,6,172
16.0,4,2,7,173
16.0,4,2,8,173
16.0,4,2,9,174
16.0,4,2,10,175
16.0,4,2,11,176
16.0,4,2,12,177
16.0,4,2,13,177
16.0,4,2,14,178
16.0,4,2,15,179
16.0,4,3,0,168
16.0,4,3,1,169
16.0,4,3,2,170
16.0,4,3,3,170
16.0,4,3,4,171
16.0,4,3,5,172
16.0,4,3,6,173
16.0,4,3,7,174
16.0,4,3,8,174
16.0,4,3,9,175
16.0,4,3,10,176
16.0,4,3,11,177
16.0,4,3,12,178
16.0,4,3,13,178
16.0,4,3,14,179
16.0,4,3,15,180
16.0,4,4,0,169
16.0,4,4,1,170
16.0,4,4,2,171
16.0,4,4,3,171
16.0,4,4,4,172
16.0,4,4,5,173
16.0,4,4,6,174
16.0,4,4,7,175
16.0,4,4,8,175
16.0,4,4,9,176
16.0,4,4,10,177
16.0,4,4,11,178
16.0,4,4,12,179
16.0,4,4,13,179
16.0,4,4,14,180
16.0,4,4,15,181
16.0,4,5,0,170
16.0,4,5,1,171
16.0,4,5,2,172
16.0,4,5,3,172
16.0,4,5,4,173
16.0,4,5,5,174
16.0,4,5,6,175
16.0,4,5,7,176
16.0,4,5,8,176
16.0,4,5,9,177
16.0,4,5,10,178
16.0,4,5,11,179
16.0,4,5,12,180
16.0,4,5,13,180
16.0,4,5,14,181
16.0,4,5,15,182
16.0,4,6,0,171
16.0,4,6,1,172
16.0,4,6,2,173
16.0,4,6,3,173
16.0,4,6,4,174
16.0,4,6,5,175
16.0,4,6,6,176
16.0,4,6,7,177
16.0,4,6,8,177
16.0,4,6,9,178
16.0,4,6,10,179
16.0,4,6,11,180
16.0,4,6,12,181
16.0,4,6,13,181
16.0,4,6,14,182
16.0,4,6,15,183
16.0,4,7,0,172
16.0,4,7,1,173
16.0,4,7,2,174
16.0,4,7,3,174
16.0,4,7,4,175
16.0,4,7,5,176
16.0,4,7,6,177
16.0,4,7,7,178
16.0,4,7,8,178
16.0,4,7,9,179
16.0,4,7,10,180
16.0,4,7,11,181
16.0,4,7,12,182
16.0,4,7,13,183
16.0,4,7,14,183
16.0,4,7,15,184
16.0,4,8,0,173
16.0,4,8,1,174
16.0,4,8,2,174
16.0,4,8,3,175
16.0,4,8,4,176
16.0,4,8,5,177
16.0,4,8,6,178
16.0,4,8,7,179
16.0,4,8,8,179
16.0,4,8,9,180
16.0,4,8,10,181
16.0,4,8,11,182
16.0,4,8,12,183
16.0,4,8,13,184
16.0,4,8,14,184
16.0,4,8,15,185
16.0,4,9,0,174
16.0,4,9,1,175
16.0,4,9,2,175
16.0,4,9,3,176
16.0,4,9,4,177
16.0,4,9,5,178
16.0,4,9,6,179
16.0,4,9,7,180
16.0,4,9,8,180
16.0,4,9,9,181
16.0,4,9,10,182
16.0,4,9,11,183
16.0,4,9,12,184
16.0,4,9,13,185
16.0,4,9,14,185
16.0,4,9,15,186
16.0,4,10,0,175
16.0,4,10,1,176
16.0,4,10,2,176
16.0,4,10,3,177
16.0,4,10,4,178
16.0,4,10,5,179
16.0,4,10,6,180
16.0,4,10,7,181
16.0,4,10,8,181
16.0,4,10,9,182
16.0,4,10,10,183
16.0,4,10,11,184
16.0,4,10,12,185
16.0,4,10,13,186
16.0,4,10,14,186
16.0,4,10,15,187
16.0,4,11,0,176
16.0,4,11,1,177
16.0,4,11,2,177
16.0,4,11,3,178
16.0,4,11,4,179
16.0,4,11,5,180
16.0,4,11,6,181
16.0,4,11,7,182
16.0,4,11,8,182
16.0,4,11,9,183
16.0,4,11,10,184
16.0,4,11,11,185
16.0,4,11,12,186
16.0,4,11,13,187
16.0,4,11,14,187
16.0,4,11,15,188
16.0,4,12,0,177
16.0,4,12,1,177
16.0,4,12,2,178
16.0,4,12,3,179
16.0,4,12,4,180
16.0,4,12,5,181
16.0,4,12,6,182
16.0,4,12,7,183
16.0,4,12,8,183
16.0,4,12,9,184
16.0,4,12,10,185
16.0,4,12,11,186
16.0,4,12,12,187
16.0,4,12,13,188
16.0,4,12,14,188
16.0,4,12,15,189
16.0,4,13,0,178
16.0,4,13,1,178
16.0,4,13,2,179
16.0,4,13,3,180
16.0,4,13,4,181
16.0,4,13,5,182
16.0,4,13,6,183
16.0,4,13,7,184
16.0,4,13,8,184
16.0,4,13,9,185
16.0,4,13,10,186
16.0,4,13,11,187
16.0,4,13,12,188
16.0,4,13,13,189
16.0,4,13,14,189
16.0,4,13,15,190
16.0,4,14,0,178
16.0,4,14,1,179
16.0,4,14,2,180
16.0,4,14,3,181
16.0,4,14,4,182
16.0,4,14,5,183
16.0,4,14,6,184
16.0,4,14,7,184
16.0,4,14,8,185
16.0,4,14,9,186
16.0,4,14,10,187
16.0,4,14,11,188
16.0,4,14,12,189
16.0,4,14,13,189
16.0,4,14,14,190
16.0,4,14,15,191
16.0,4,15,0,179
16.0,4,15,1,180
16.0,4,15,2,181
16.0,4,15,3,182
16.0,4,15,4,183
16.0,4,15,5,184
16.0,4,15,6,185
16.0,4,15,7,185
16.0,4,15,8,186
16.0,4,15,9,187
16.0,4,15,10,188
16.0,4,15,11,189
16.0,4,15,12,190
16.0,4,15,13,190
16.0,4,15,14,191
16.0,4,15,15,192
16.0,5,0,0,168
16.0,5,0,1,168
16.0,5,0,2,169
16.0,5,0,3,170
16.0,5,0,4,171
16.0,5,0,5,172
16.0,5,0,6,173
16.0,5,0,7,173
16.0,5,0,8,174
16.0,5,0,9,175
16.0,5,0,10,176
16.0,5,0,11,176
16.0,5,0,12,177
16.0,5,0,13,178
16.0,5,0,14,179
16.0,5,0,15,180
16.0,5,1,0,169
16.0,5,1,1,169
16.0,5,1,2,170
16.0,5,1,3,171
16.0,5,1,4,172
16.0,5,1,5,173
16.0,5,1,6,174
16.0,5,1,7,174
16.0,5,1,8,175
16.0,5,1,9,176
16.0,5,1,10,177
16.0,5,1,11,178
16.0,5,1,12,178
16.0,5,1,13,179
16.0,5,1,14,180
16.0,5,1,15,181
16.0,5,2,0,170
16.0,5,2,1,170
16.0,5,2,2,171
16.0,5,2,3,172
16.0,5,2,4,173
16.0,5,2,5,174
16.0,5,2,6,175
16.0,5,2,7,175
16.0,5,2,8,176
16.0,5,2,9,177
16.0,5,2,10,178
16.0,5,2,11,179
16.0,5,2,12,179
16.0,5,2,13,180
16.0,5,2,14,181
16.0,5,2,15,182
16.0,5,3,0,171
16.0,5,3,1,171
16.0,5,3,2,172
16.0,5,3,3,173
16.0,5,3,4,174
16.0,5,3,5,175
16.0,5,3,6,176
16.0,5,3,7,176
16.0,5,3,8,177
16.0,5,3,9,178
16.0,5,3,10,179
16.0,5,3,11,180
16.0,5,3,12,180
16.0,5,3,13,181
16.0,5,3,14,182
16.0,5,3,15,183
16.0,5,4,0,172
16.0,5,4,1,172
16.0,5,4,2,173
16.0,5,4,3,174
16.0,5,4,4,175
16.0,5,4,5,176
16.0,5,4,6,177
16.0,5,4,7,177
16.0,5,4,8,178
16.0,5,4,9,179
16.0,5,4,10,180
16.0,5,4,11,181
16.0,5,4,12,181
16.0,5,4,13,182
16.0,5,4,14,183
16.0,5,4,15,184
16.0,5,5,0,173
16.0,5,5,1,173
16.0,5,5,2,174
16.0,5,5,3,175
16.0,5,5,4,176
16.0,5,5,5,177
16.0,5,5,6,178
16.0,5,5,7,178
16.0,5,5,8,179
16.0,5,5,9,180
16.0,5,5,10,181
16.0,5,5,11,182
16.0,5,5,12,183
16.0,5,5,13,183
16.0,5,5,14,184
16.0,5,5,15,185
16.0,5,6,0,174
16.0,5,6,1,174
16.0,5,6,2,175
16.0,5,6,3,176
16.0,5,6,4,177
16.0,5,6,5,178
16.0,5,6,6,179
16.0,5,6,7,179
16.0,5,6,8,180
16.0,5,6,9,181
16.0,5,6,10,182
16.0,5,6,11,183
16.0,5,6,12,184
16.0,5,6,13,184
16.0,5,6,14,185
16.0,5,6,15,186
16.0,5,7,0,175
16.0,5,7,1,175
16.0,5,7,2,176
16.0,5,7,3,177
16.0,5,7,4,178
16.0,5,7,5,179
16.0,5,7,6,180
16.0,5,7,7,180
16.0,5,7,8,181
16.0,5,7,9,182
16.0,5,7,10,183
16.0,5,7,11,184
16.0,5,7,12,185
16.0,5,7,13,185
16.0,5,7,14,186
16.0,5,7,15,187
16.0,5,8,0,176
16.0,5,8,1,176
16.0,5,8,2,177
16.0,5,8,3,178
16.0,5,8,4,179
16.0,5,8,5,180
16.0,5,8,6,181
16.0,5,8,7,182
16.0,5,8,8,182
16.0,5,8,9,183
16.0,5,8,10,184
16.0,5,8,11,185
16.0,5,8,12,186
16.0,5,8,13,186
16.0,5,8,14,187
16.0,5,8,15,188
16.0,5,9,0,177
16.0,5,9,1,177
16.0,5,9,2,178
16.0,5,9,3,179
16.0,5,9,4,180
16.0,5,9,5,181
16.0,5,9,6,182
16.0,5,9,7,182
16.0,5,9,8,183
16.0,5,9,9,184
16.0,5,9,10,185
16.0,5,9,11,186
16.0,5,9,12,187
16.0,5,9,13,187
16.0,5,9,14,188
16.0,5,9,15,189
16.0,5,10,0,177
16.0,5,10,1,178
16.0,5,10,2,179
16.0,5,10,3,180
16.0,5,10,4,181
16.0,5,10,5,182
16.0,5,10,6,183
16.0,5,10,7,183
16.0,5,10,8,184
16.0,5,10,9,185
16.0,5,10,10,186
16.0,5,10,11,187
16.0,5,10,12,188
16.0,5,10,13,188
16.0,5,10,14,189
16.0,5,10,15,190
16.0,5,11,0,178
16.0,5,11,1,179
16.0,5,11,2,180
16.0,5,11,3,181
16.0,5,11,4,182
16.0,5,11,5,183
16.0,5,11,6,184
16.0,5,11,7,184
16.0,5,11,8,185
16.0,5,11,9,186
16.0,5,11,10,187
16.0,5,11,11,188
16.0,5,11,12,189
16.0,5,11,13,189
16.0,5,11,14,190
16.0,5,11,15,191
16.0,5,12,0,179
16.0,5,12,1,180
16.0,5,12,2,181
16.0,5,12,3,182
16.0,5,12,4,183
16.0,5,12,5,184
16.0,5,12,6,185
16.0,5,12,7,185
16.0,5,12,8,186
16.0,5,12,9,187
16.0,5,12,10,188
16.0,5,12,11,189
16.0,5,12,12,190
16.0,5,12,13,191
16.0,5,12,14,191
16.0,5,12,15,192
16.0,5,13,0,180
16.0,5,13,1,181
16.0,5,13,2,182
16.0,5,13,3,183
16.0,5,13,4,184
16.0,5,13,5,185
16.0,5,13,6,186
16.0,5,13,7,186
16.0,5,13,8,187
16.0,5,13,9,188
16.0,5,13,10,189
16.0,5,13,11,190
16.0,5,13,12,191
16.0,5,13,13,192
16.0,5,13,14,192
16.0,5,13,15,193
16.0,5,14,0,181
16.0,5,14,1,182
16.0,5,14,2,183
16.0,5,14,3,184
16.0,5,14,4,185
16.0,5,14,5,186
16.0,5,14,6,187
16.0,5,14,7,187
16.0,5,14,8,188
16.0,5,14,9,189
16.0,5,14,10,190
16.0,5,14,11,191
16.0,5,14,12,192
16.0,5,14,13,193
16.0,5,14,14,193
16.0,5,14,15,194
16.0,5,15,0,182
16.0,5,15,1,183
16.0,5,15,2,184
16.0,5,15,3,185
16.0,5,15,4,186
16.0,5,15,5,187
16.0,5,15,6,188
16.0,5,15,7,188
16.0,5,15,8,189
16.0,5,15,9,190
16.0,5,15,10,191
16.0,5,15,11,192
16.0,5,15,12,193
16.0,5,15,13,193
16.0,5,15,14,194
16.0,5,15,15,195
16.0,6,0,0,170
16.0,6,0,1,171
16.0,6,0,2,172
16.0,6,0,3,173
16.0,6,0,4,174
16.0,6,0,5,174
16.0,6,0,6,175
16.0,6,0,7,176
16.0,6,0,8,177
16.0,6,0,9,178
16.0,6,0,10,178
16.0,6,0,11,179
16.0,6,0,12,180
16.0,6,0,13,181
16.0,6,0,14,182
16.0,6,0,15,182
16.0,6,1,0,171
16.0,6,1,1,172
16.0,6,1,2,173
16.0,6,1,3,174
16.0,6,1,4,175
16.0,6,1,5,175
16.0,6,1,6,176
16.0,6,1,7,177
16.0,6,1,8,178
16.0,6,1,9,179
16.0,6,1,10,180
16.0,6,1,11,180
16.0,6,1,12,181
16.0,6,1,13,182
16.0,6,1,14,183
16.0,6,1,15,183
16.0,6,2,0,172
16.0,6,2,1,173
16.0,6,2,2,174
16.0,6,2,3,175
16.0,6,2,4,176
16.0,6,2,5,177
16.0,6,2,6,177
16.0,6,2,7,178
16.0,6,2,8,179
16.0,6,2,9,180
16.0,6,2,10,181
16.0,6,2,11,181
16.0,6,2,12,182
16.0,6,2,13,183
16.0,6,2,14,184
16.0,6,2,15,185
16.0,6,3,0,173
16.0,6,3,1,174
16.0,6,3,2,175
16.0,6,3,3,176
16.0,6,3,4,177
16.0,6,3,5,178
16.0,6,3,6,178
16.0,6,3,7,179
16.0,6,3,8,180
16.0,6,3,9,181
16.0,6,3,10,182
16.0,6,3,11,182
16.0,6,3,12,183
16.0,6,3,13,184
16.0,6,3,14,185
16.0,6,3,15,186
16.0,6,4,0,174
16.0,6,4,1,175
16.0,6,4,2,176
16.0,6,4,3,177
16.0,6,4,4,178
16.0,6,4,5,179
16.0,6,4,6,179
16.0,6,4,7,180
16.0,6,4,8,181
16.0,6,4,9,182
16.0,6,4,10,183
16.0,6,4,11,184
16.0,6,4,12,184
16.0,6,4,13,185
16.0,6,4,14,186
16.0,6,4,15,187
16.0,6,5,0,175
16.0,6,5,1,176
16.0,6,5,2,177
16.0,6,5,3,178
16.0,6,5,4,179
16.0,6,5,5,180
16.0,6,5,6,180
16.0,6,5,7,181
16.0,6,5,8,182
16.0,6,5,9,183
16.0,6,5,10,184
16.0,6,5,11,185
16.0,6,5,12,185
16.0,6,5,13,186
16.0,6,5,14,187
16.0,6,5,15,188
16.0,6,6,0,176
16.0,6,6,1,177
16.0,6,6,2,178
16.0,6,6,3,179
16.0,6,6,4,180
16.0,6,6,5,181
16.0,6,6,6,181
16.0,6,6,7,182
16.0,6,6,8,183
16.0,6,6,9,184
16.0,6,6,10,185
16.0,6,6,11,186
16.0,6,6,12,186
16.0,6,6,13,187
16.0,6,6,14,188
16.0,6,6,15,189
16.0,6,7,0,177
16.0,6,7,1,178
16.0,6,7,2,179
16.0,6,7,3,180
16.0,6,7,4,181
16.0,6,7,5,182
16.0,6,7,6,182
16.0,6,7,7,183
16.0,6,7,8,184
16.0,6,7,9,185
16.0,6,7,10,186
16.0,6,7,11,187
16.0,6,7,12,187
16.0,6,7,13,188
16.0,6,7,14,189
16.0,6,7,15,190
16.0,6,8,0,178
16.0,6,8,1,179
16.0,6,8,2,180
16.0,6,8,3,181
16.0,6,8,4,182
16.0,6,8,5,183
16.0,6,8,6,183
16.0,6,8,7,184
16.0,6,8,8,185
16.0,6,8,9,186
16.0,6,8,10,187
16.0,6,8,11,188
16.0,6,8,12,189
16.0,6,8,13,189
16.0,6,8,14,190
16.0,6,8,15,191
16.0,6,9,0,179
16.0,6,9,1,180
16.0,6,9,2,181
16.0,6,9,3,182
16.0,6,9,4,183
16.0,6,9,5,184
16.0,6,9,6,185
16.0,6,9,7,185
16.0,6,9,8,186
16.0,6,9,9,187
16.0,6,9,10,188
16.0,6,9,11,189
16.0,6,9,12,190
16.0,6,9,13,190
16.0,6,9,14,191
16.0,6,9,15,192
16.0,6,10,0,180
16.0,6,10,1,181
16.0,6,10,2,182
16.0,6,10,3,183
16.0,6,10,4,184
16.0,6,10,5,185
16.0,6,10,6,186
16.0,6,10,7,186
16.0,6,10,8,187
16.0,6,10,9,188
16.0,6,10,10,189
16.0,6,10,11,190
16.0,6,10,12,191
16.0,6,10,13,191
16.0,6,10,14,192
16.0,6,10,15,193
16.0,6,11,0,181
16.0,6,11,1,182
16.0,6,11,2,183
16.0,6,11,3,184
16.0,6,11,4,185
16.0,6,11,5,186
16.0,6,11,6,187
16.0,6,11,7,187
16.0,6,11,8,188
16.0,6,11,9,189
16.0,6,11,10,190
16.0,6,11,11,191
16.0,6,11,12,192
16.0,6,11,13,192
16.0,6,11,14,193
16.0,6,11,15,194
16.0,6,12,0,182
16.0,6,12,1,183
16.0,6,12,2,184
16.0,6,12,3,185
16.0,6,12,4,186
16.0,6,12,5,187
16.0,6,12,6,187
16.0,6,12,7,188
16.0,6,12,8,189
16.0,6,12,9,190
16.0,6,12,10,191
16.0,6,12,11,192
16.0,6,12,12,193
16.0,6,12,13,193
16.0,6,12,14,194
16.0,6,12,15,195
16.0,6,13,0,183
16.0,6,13,1,184
16.0,6,13,2,185
16.0,6,13,3,186
16.0,6,13,4,187
16.0,6,13,5,188
16.0,6,13,6,188
16.0,6,13,7,189
16.0,6,13,8,190
16.0,6,13,9,191
16.0,6,13,10,192
16.0,6,13,11,193
16.0,6,13,12,194
16.0,6,13,13,195
16.0,6,13,14,195
16.0,6,13,15,196
16.0,6,14,0,184
16.0,6,14,1,185
16.0,6,14,2,186
16.0,6,14,3,187
16.0,6,14,4,188
16.0,6,14,5,189
16.0,6,14,6,189
16.0,6,14,7,190
16.0,6,14,8,191
16.0,6,14,9,192
16.0,6,14,10,193
16.0,6,14,11,194
16.0,6,14,12,195
16.0,6,14,13,196
16.0,6,14,14,196
16.0,6,14,15,197
16.0,6,15,0,185
16.0,6,15,1,186
16.0,6,15,2,187
16.0,6,15,3,188
16.0,6,15,4,189
16.0,6,15,5,190
16.0,6,15,6,190
16.0,6,15,7,191
16.0,6,15,8,192
16.0,6,15,9,193
16.0,6,15,10,194
16.0,6,15,11,195
16.0,6,15,12,196
16.0,6,15,13,197
16.0,6,15,14,197
16.0,6,15,15,198
16.0,7,0,0,173
16.0,7,0,1,174
16.0,7,0,2,175
16.0,7,0,3,175
16.0,7,0,4,176
16.0,7,0,5,177
16.0,7,0,6,178
16.0,7,0,7,179
16.0,7,0,8,180
16.0,7,0,9,180
16.0,7,0,10,181
16.0,7,0,11,182
16.0,7,0,12,183
16.0,7,0,13,184
16.0,7,0,14,184
16.0,7,0,15,185
16.0,7,1,0,174
16.0,7,1,1,175
16.0,7,1,2,176
16.0,7,1,3,176
16.0,7,1,4,177
16.0,7,1,5,178
16.0,7,1,6,179
16.0,7,1,7,180
16.0,7,1,8,181
16.0,7,1,9,181
16.0,7,1,10,182
16.0,7,1,11,183
16.0,7,1,12,184
16.0,7,1,13,185
16.0,7,1,14,186
16.0,7,1,15,186
16.0,7,2,0,175
16.0,7,2,1,176
16.0,7,2,2,177
16.0,7,2,3,178
16.0,7,2,4,178
16.0,7,2,5,179
16.0,7,2,6,180
16.0,7,2,7,181
16.0,7,2,8,182
16.0,7,2,9,183
16.0,7,2,10,183
16.0,7,2,11,184
16.0,7,2,12,185
16.0,7,2,13,186
16.0,7,2,14,187
16.0,7,2,15,187
16.0,7,3,0,176
16.0,7,3,1,177
16.0,7,3,2,178
16.0,7,3,3,179
16.0,7,3,4,179
16.0,7,3,5,180
16.0,7,3,6,181
16.0,7,3,7,182
16.0,7,3,8,183
16.0,7,3,9,184
16.0,7,3,10,184
16.0,7,3,11,185
16.0,7,3,12,186
16.0,7,3,13,187
16.0,7,3,14,188
16.0,7,3,15,189
16.0,7,4,0,177
16.0,7,4,1,178
16.0,7,4,2,179
16.0,7,4,3,180
16.0,7,4,4,180
16.0,7,4,5,181
16.0,7,4,6,182
16.0,7,4,7,183
16.0,7,4,8,184
16.0,7,4,9,185
16.0,7,4,10,186
16.0,7,4,11,186
16.0,7,4,12,187
16.0,7,4,13,188
16.0,7,4,14,189
16.0,7,4,15,190
16.0,7,5,0,178
16.0,7,5,1,179
16.0,7,5,2,180
16.0,7,5,3,181
16.0,7,5,4,182
16.0,7,5,5,182
16.0,7,5,6,183
16.0,7,5,7,184
16.0,7,5,8,185
16.0,7,5,9,186
16.0,7,5,10,187
16.0,7,5,11,187
16.0,7,5,12,188
16.0,7,5,13,189
16.0,7,5,14,190
16.0,7,5,15,191
16.0,7,6,0,179
16.0,7,6,1,180
16.0,7,6,2,181
16.0,7,6,3,182
16.0,7,6,4,183
16.0,7,6,5,183
16.0,7,6,6,184
16.0,7,6,7,185
16.0,7,6,8,186
16.0,7,6,9,187
16.0,7,6,10,188
16.0,7,6,11,188
16.0,7,6,12,189
16.0,7,6,13,190
16.0,7,6,14,191
16.0,7,6,15,192
16.0,7,7,0,180
16.0,7,7,1,181
16.0,7,7,2,182
16.0,7,7,3,183
16.0,7,7,4,184
16.0,7,7,5,184
16.0,7,7,6,185
16.0,7,7,7,186
16.0,7,7,8,187
16.0,7,7,9,188
16.0,7,7,10,189
16.0,7,7,11,190
16.0,7,7,12,190
16.0,7,7,13,191
16.0,7,7,14,192
16.0,7,7,15,193
16.0,7,8,0,181
16.0,7,8,1,182
16.0,7,8,2,183
16.0,7,8,3,184
16.0,7,8,4,185
16.0,7,8,5,185
16.0,7,8,6,186
16.0,7,8,7,187
16.0,7,8,8,188
16.0,7,8,9,189
16.0,7,8,10,190
16.0,7,8,11,191
16.0,7,8,12,191
16.0,7,8,13,192
16.0,7,8,14,193
16.0,7,8,15,194
16.0,7,9,0,182
16.0,7,9,1,183
16.0,7,9,2,184
16.0,7,9,3,185
16.0,7,9,4,186
16.0,7,9,5,186
16.0,7,9,6,187
16.0,7,9,7,188
16.0,7,9,8,189
16.0,7,9,9,190
16.0,7,9,10,191
16.0,7,9,11,192
16.0,7,9,12,192
16.0,7,9,13,193
16.0,7,9,14,194
16.0,7,9,15,195
16.0,7,10,0,183
16.0,7,10,1,184
16.0,7,10,2,185
16.0,7,10,3,186
16.0,7,10,4,187
16.0,7,10,5,187
16.0,7,10,6,188
16.0,7,10,7,189
16.0,7,10,8,190
16.0,7,10,9,191
16.0,7,10,10,192
16.0,7,10,11,193
16.0,7,10,12,194
16.0,7,10,13,194
16.0,7,10,14,195
16.0,7,10,15,196
16.0,7,11,0,184
16.0,7,11,1,185
16.0,7,11,2,186
16.0,7,11,3,187
16.0,7,11,4,188
16.0,7,11,5,188
16.0,7,11,6,189
16.0,7,11,7,190
16.0,7,11,8,191
16.0,7,11,9,192
16.0,7,11,10,193
16.0,7,11,11,194
16.0,7,11,12,195
16.0,7,11,13,195
16.0,7,11,14,196
16.0,7,11,15,197
16.0,7,12,0,185
16.0,7,12,1,186
16.0,7,12,2,187
16.0,7,12,3,188
16.0,7,12,4,189
16.0,7,12,5,190
16.0,7,12,6,190
16.0,7,12,7,191
16.0,7,12,8,192
16.0,7,12,9,193
16.0,7,12,10,194
16.0,7,12,11,195
16.0,7,12,12,196
16.0,7,12,13,196
16.0,7,12,14,197
16.0,7,12,15,198
16.0,7,13,0,186
16.0,7,13,1,187
16.0,7,13,2,188
16.0,7,13,3,189
16.0,7,13,4,190
16.0,7,13,5,190
16.0,7,13,6,191
16.0,7,13,7,192
16.0,7,13,8,193
16.0,7,13,9,194
16.0,7,13,10,195
16.0,7,13,11,196
16.0,7,13,12,197
16.0,7,13,13,198
16.0,7,13,14,198
16.0,7,13,15,199
16.0,7,14,0,187
16.0,7,14,1,188
16.0,7,14,2,189
16.0,7,14,3,190
16.0,7,14,4,191
16.0,7,14,5,191
16.0,7,14,6,192
16.0,7,14,7,193
16.0,7,14,8,194
16.0,7,14,9,195
16.0,7,14,10,196
16.0,7,14,11,197
16.0,7,14,12,198
16.0,7,14,13,199
16.0,7,14,14,199
16.0,7,14,15,200
16.0,7,15,0,188
16.0,7,15,1,189
16.0,7,15,2,190
16.0,7,15,3,191
16.0,7,15,4,192
16.0,7,15,5,192
16.0,7,15,6,193
16.0,7,15,7,194
16.0,7,15,8,195
16.0,7,15,9,196
16.0,7,15,10,197
16.0,7,15,11,198
16.0,7,15,12,199
16.0,7,15,13,200
16.0,7,15,14,200
16.0,7,15,15,201
16.0,8,0,0,176
16.0,8,0,1,176
16.0,8,0,2,177
16.0,8,0,3,178
16.0,8,0,4,179
16.0,8,0,5,180
16.0,8,0,6,181
16.0,8,0,7,181
16.0,8,0,8,182
16.0,8,0,9,183
16.0,8,0,10,184
16.0,8,0,11,185
16.0,8,0,12,186
16.0,8,0,13,186
16.0,8,0,14,187
16.0,8,0,15,188
16.0,8,1,0,177
16.0,8,1,1,177
16.0,8,1,2,178
16.0,8,1,3,179
16.0,8,1,4,180
16.0,8,1,5,181
16.0,8,1,6,182
16.0,8,1,7,183
16.0,8,1,8,183
16.0,8,1,9,184
16.0,8,1,10,185
16.0,8,1,11,186
16.0,8,1,12,187
16.0,8,1,13,188
16.0,8,1,14,188
16.0,8,1,15,189
16.0,8,2,0,178
16.0,8,2,1,179
16.0,8,2,2,179
16.0,8,2,3,180
16.0,8,2,4,181
16.0,8,2,5,182
16.0,8,2,6,183
16.0,8,2,7,184
16.0,8,2,8,184
16.0,8,2,9,185
16.0,8,2,10,186
16.0,8,2,11,187
16.0,8,2,12,188
16.0,8,2,13,189
16.0,8,2,14,189
16.0,8,2,15,190
16.0,8,3,0,179
16.0,8,3,1,180
16.0,8,3,2,180
16.0,8,3,3,181
16.0,8,3,4,182
16.0,8,3,5,183
16.0,8,3,6,184
16.0,8,3,7,185
16.0,8,3,8,186
16.0,8,3,9,186
16.0,8,3,10,187
16.0,8,3,11,188
16.0,8,3,12,189
16.0,8,3,13,190
16.0,8,3,14,191
16.0,8,3,15,191
16.0,8,4,0,180
16.0,8,4,1,181
16.0,8,4,2,181
16.0,8,4,3,182
16.0,8,4,4,183
16.0,8,4,5,184
16.0,8,4,6,185
16.0,8,4,7,186
16.0,8,4,8,187
16.0,8,4,9,187
16.0,8,4,10,188
16.0,8,4,11,189
16.0,8,4,12,190
16.0,8,4,13,191
16.0,8,4,14,192
16.0,8,4,15,193
16.0,8,5,0,181
16.0,8,5,1,182
16.0,8,5,2,183
16.0,8,5,3,183
16.0,8,5,4,184
16.0,8,5,5,185
16.0,8,5,6,186
16.0,8,5,7,187
16.0,8,5,8,188
16.0,8,5,9,189
16.0,8,5,10,189
16.0,8,5,11,190
16.0,8,5,12,191
16.0,8,5,13,192
16.0,8,5,14,193
16.0,8,5,15,194
16.0,8,6,0,182
16.0,8,6,1,183
16.0,8,6,2,184
16.0,8,6,3,184
16.0,8,6,4,185
16.0,8,6,5,186
16.0,8,6,6,187
16.0,8,6,7,188
16.0,8,6,8,189
16.0,8,6,9,190
16.0,8,6,10,191
16.0,8,6,11,191
16.0,8,6,12,192
16.0,8,6,13,193
16.0,8,6,14,194
16.0,8,6,15,195
16.0,8,7,0,183
16.0,8,7,1,184
16.0,8,7,2,185
16.0,8,7,3,185
16.0,8,7,4,186
16.0,8,7,5,187
16.0,8,7,6,188
16.0,8,7,7,189
16.0,8,7,8,190
16.0,8,7,9,191
16.0,8,7,10,192
16.0,8,7,11,192
16.0,8,7,12,193
16.0,8,7,13,194
16.0,8,7,14,195
16.0,8,7,15,196
16.0,8,8,0,184
16.0,8,8,1,185
16.0,8,8,2,186
16.0,8,8,3,187
16.0,8,8,4,187
16.0,8,8,5,188
16.0,8,8,6,189
16.0,8,8,7,190
16.0,8,8,8,191
16.0,8,8,9,192
16.0,8,8,10,193
16.0,8,8,11,193
16.0,8,8,12,194
16.0,8,8,13,195
16.0,8,8,14,196
16.0,8,8,15,197
16.0,8,9,0,185
16.0,8,9,1,186
16.0,8,9,2,187
16.0,8,9,3,188
16.0,8,9,4,188
16.0,8,9,5,189
16.0,8,9,6,190
16.0,8,9,7,191
16.0,8,9,8,192
16.0,8,9,9,193
16.0,8,9,10,194
16.0,8,9,11,195
16.0,8,9,12,195
16.0,8,9,13,196
16.0,8,9,14,197
16.0,8,9,15,198
16.0,8,10,0,186
16.0,8,10,1,187
16.0,8,10,2,188
16.0,8,10,3,189
16.0,8,10,4,189
16.0,8,10,5,190
16.0,8,10,6,191
16.0,8,10,7,192
16.0,8,10,8,193
16.0,8,10,9,194
16.0,8,10,10,195
16.0,8,10,11,196
16.0,8,10,12,196
16.0,8,10,13,197
16.0,8,10,14,198
16.0,8,10,15,199
16.0,8,11,0,187
16.0,8,11,1,188
16.0,8,11,2,189
16.0,8,11,3,190
16.0,8,11,4,190
16.0,8,11,5,191
16.0,8,11,6,192
16.0,8,11,7,193
16.0,8,11,8,194
16.0,8,11,9,195
16.0,8,11,10,196
16.0,8,11,11,197
16.0,8,11,12,198
16.0,8,11,13,198
16.0,8,11,14,199
16.0,8,11,15,200
16.0,8,12,0,188
16.0,8,12,1,189
16.0,8,12,2,190
16.0,8,12,3,191
16.0,8,12,4,191
16.0,8,12,5,192
16.0,8,12,6,193
16.0,8,12,7,194
16.0,8,12,8,195
16.0,8,12,9,196
16.0,8,12,10,197
16.0,8,12,11,198
16.0,8,12,12,199
16.0,8,12,13,199
16.0,8,12,14,200
16.0,8,12,15,201
16.0,8,13,0,189
16.0,8,13,1,190
16.0,8,13,2,191
16.0,8,13,3,192
16.0,8,13,4,192
16.0,8,13,5,193
16.0,8,13,6,194
16.0,8,13,7,195
16.0,8,13,8,196
16.0,8,13,9,197
16.0,8,13,10,198
16.0,8,13,11,199
16.0,8,13,12,200
16.0,8,13,13,201
16.0,8,13,14,201
16.0,8,13,15,202
16.0,8,14,0,190
16.0,8,14,1,191
16.0,8,14,2,192
16.0,8,14,3,193
16.0,8,14,4,193
16.0,8,14,5,194
16.0,8,14,6,195
16.0,8,14,7,196
16.0,8,14,8,197
16.0,8,14,9,198
16.0,8,14,10,199
16.0,8,14,11,200
16.0,8,14,12,201
16.0,8,14,13,202
16.0,8,14,14,202
16.0,8,14,15,203
16.0,8,15,0,191
16.0,8,15,1,192
16.0,8,15,2,193
16.0,8,15,3,194
16.0,8,15,4,194
16.0,8,15,5,195
16.0,8,15,6,196
16.0,8,15,7,197
16.0,8,15,8,198
16.0,8,15,9,199
16.0,8,15,10,200
16.0,8,15,11,201
16.0,8,15,12,202
16.0,8,15,13,203
16.0,8,15,14,203
16.0,8,15,15,204
16.0,9,0,0,178
16.0,9,0,1,179
16.0,9,0,2,180
16.0,9,0,3,181
16.0,9,0,4,182
16.0,9,0,5,182
16.0,9,0,6,183
16.0,9,0,7,184
16.0,9,0,8,185
16.0,9,0,9,186
16.0,9,0,10,187
16.0,9,0,11,188
16.0,9,0,12,188
16.0,9,0,13,189
16.0,9,0,14,190
16.0,9,0,15,191
16.0,9,1,0,179
16.0,9,1,1,180
16.0,9,1,2,181
16.0,9,1,3,182
16.0,9,1,4,183
16.0,9,1,5,184
16.0,9,1,6,184
16.0,9,1,7,185
16.0,9,1,8,186
16.0,9,1,9,187
16.0,9,1,10,188
16.0,9,1,11,189
16.0,9,1,12,190
16.0,9,1,13,190
16.0,9,1,14,191
16.0,9,1,15,192
16.0,9,2,0,180
16.0,9,2,1,181
16.0,9,2,2,182
16.0,9,2,3,183
16.0,9,2,4,184
16.0,9,2,5,185
16.0,9,2,6,186
16.0,9,2,7,186
16.0,9,2,8,187
16.0,9,2,9,188
16.0,9,2,10,189
16.0,9,2,11,190
16.0,9,2,12,191
16.0,9,2,13,191
16.0,9,2,14,192
16.0,9,2,15,193
16.0,9,3,0,181
16.0,9,3,1,182
16.0,9,3,2,183
16.0,9,3,3,184
16.0,9,3,4,185
16.0,9,3,5,186
16.0,9,3,6,187
16.0,9,3,7,187
16.0,9,3,8,188
16.0,9,3,9,189
16.0,9,3,10,190
16.0,9,3,11,191
16.0,9,3,12,192
16.0,9,3,13,193
16.0,9,3,14,193
16.0,9,3,15,194
16.0,9,4,0,182
16.0,9,4,1,183
16.0,9,4,2,184
16.0,9,4,3,185
16.0,9,4,4,186
16.0,9,4,5,187
16.0,9,4,6,188
16.0,9,4,7,189
16.0,9,4,8,189
16.0,9,4,9,190
16.0,9,4,10,191
16.0,9,4,11,192
16.0,9,4,12,193
16.0,9,4,13,194
16.0,9,4,14,195
16.0,9,4,15,195
16.0,9,5,0,183
16.0,9,5,1,184
16.0,9,5,2,185
16.0,9,5,3,186
16.0,9,5,4,187
16.0,9,5,5,188
16.0,9,5,6,189
16.0,9,5,7,190
16.0,9,5,8,191
16.0,9,5,9,191
16.0,9,5,10,192
16.0,9,5,11,193
16.0,9,5,12,194
16.0,9,5,13,195
16.0,9,5,14,196
16.0,9,5,15,197
16.0,9,6,0,184
16.0,9,6,1,185
16.0,9,6,2,186
16.0,9,6,3,187
16.0,9,6,4,188
16.0,9,6,5,189
16.0,9,6,6,190
16.0,9,6,7,191
16.0,9,6,8,192
16.0,9,6,9,192
16.0,9,6,10,193
16.0,9,6,11,194
16.0,9,6,12,195
16.0,9,6,13,196
16.0,9,6,14,197
16.0,9,6,15,198
16.0,9,7,0,186
16.0,9,7,1,186
16.0,9,7,2,187
16.0,9,7,3,188
16.0,9,7,4,189
16.0,9,7,5,190
16.0,9,7,6,191
16.0,9,7,7,192
16.0,9,7,8,193
16.0,9,7,9,194
16.0,9,7,10,194
16.0,9,7,11,195
16.0,9,7,12,196
16.0,9,7,13,197
16.0,9,7,14,198
16.0,9,7,15,199
16.0,9,8,0,187
16.0,9,8,1,187
16.0,9,8,2,188
16.0,9,8,3,189
16.0,9,8,4,190
16.0,9,8,5,191
16.0,9,8,6,192
16.0,9,8,7,193
16.0,9,8,8,194
16.0,9,8,9,195
16.0,9,8,10,196
16.0,9,8,11,196
16.0,9,8,12,197
16.0,9,8,13,198
16.0,9,8,14,199
16.0,9,8,15,200
16.0,9,9,0,188
16.0,9,9,1,189
16.0,9,9,2,189
16.0,9,9,3,190
16.0,9,9,4,191
16.0,9,9,5,192
16.0,9,9,6,193
16.0,9,9,7,194
16.0,9,9,8,195
16.0,9,9,9,196
16.0,9,9,10,197
16.0,9,9,11,197
16.0,9,9,12,198
16.0,9,9,13,199
16.0,9,9,14,200
16.0,9,9,15,201
16.0,9,10,0,189
16.0,9,10,1,190
16.0,9,10,2,190
16.0,9,10,3,191
16.0,9,10,4,192
16.0,9,10,5,193
16.0,9,10,6,194
16.0,9,10,7,195
16.0,9,10,8,196
16.0,9,10,9,197
16.0,9,10,10,198
16.0,9,10,11,199
16.0,9,10,12,199
16.0,9,10,13,200
16.0,9,10,14,201
16.0,9,10,15,202
16.0,9,11,0,190
16.0,9,11,1,191
16.0,9,11,2,191
16.0,9,11,3,192
16.0,9,11,4,193
16.0,9,11,5,194
16.0,9,11,6,195
16.0,9,11,7,196
16.0,9,11,8,197
16.0,9,11,9,198
16.0,9,11,10,199
16.0,9,11,11,200
16.0,9,11,12,200
16.0,9,11,13,201
16.0,9,11,14,202
16.0,9,11,15,203
16.0,9,12,0,191
16.0,9,12,1,192
16.0,9,12,2,192
16.0,9,12,3,193
16.0,9,12,4,194
16.0,9,12,5,195
16.0,9,12,6,196
16.0,9,12,7,197
16.0,9,12,8,198
16.0,9,12,9,199
16.0,9,12,10,200
16.0,9,12,11,201
16.0,9,12,12,202
16.0,9,12,13,202
16.0,9,12,14,203
16.0,9,12,15,204
16.0,9,13,0,192
16.0,9,13,1,193
16.0,9,13,2,194
16.0,9,13,3,194
16.0,9,13,4,195
16.0,9,13,5,196
16.0,9,13,6,197
16.0,9,13,7,198
16.0,9,13,8,199
16.0,9,13,9,200
16.0,9,13,10,201
16.0,9,13,11,202
16.0,9,13,12,203
16.0,9,13,13,204
16.0,9,13,14,204
16.0,9,13,15,205
16.0,9,14,0,193
16.0,9,14,1,194
16.0,9,14,2,195
16.0,9,14,3,195
16.0,9,14,4,196
16.0,9,14,5,197
16.0,9,14,6,198
16.0,9,14,7,199
16.0,9,14,8,200
16.0,9,14,9,201
16.0,9,14,10,202
16.0,9,14,11,203
16.0,9,14,12,204
16.0,9,14,13,205
16.0,9,14,14,205
16.0,9,14,15,206
16.0,9,15,0,194
16.0,9,15,1,195
16.0,9,15,2,196
16.0,9,15,3,196
16.0,9,15,4,197
16.0,9,15,5,198
16.0,9,15,6,199
16.0,9,15,7,200
16.0,9,15,8,201
16.0,9,15,9,202
16.0,9,15,10,203
16.0,9,15,11,204
16.0,9,15,12,205
16.0,9,15,13,206
16.0,9,15,14,207
16.0,9,15,15,207
16.0,10,0,0,181
16.0,10,0,1,182
16.0,10,0,2,183
16.0,10,0,3,183
16.0,10,0,4,184
16.0,10,0,5,185
16.0,10,0,6,186
16.0,10,0,7,187
16.0,10,0,8,188
16.0,10,0,9,189
16.0,10,0,10,189
16.0,10,0,11,190
16.0,10,0,12,191
16.0,10,0,13,192
16.0,10,0,14,193
16.0,10,0,15,194
16.0,10,1,0,182
16.0,10,1,1,183
16.0,10,1,2,184
16.0,10,1,3,185
16.0,10,1,4,185
16.0,10,1,5,186
16.0,10,1,6,187
16.0,10,1,7,188
16.0,10,1,8,189
16.0,10,1,9,190
16.0,10,1,10,191
16.0,10,1,11,191
16.0,10,1,12,192
16.0,10,1,13,193
16.0,10,1,14,194
16.0,10,1,15,195
16.0,10,2,0,183
16.0,10,2,1,184
16.0,10,2,2,185
16.0,10,2,3,186
16.0,10,2,4,187
16.0,10,2,5,187
16.0,10,2,6,188
16.0,10,2,7,189
16.0,10,2,8,190
16.0,10,2,9,191
16.0,10,2,10,192
16.0,10,2,11,193
16.0,10,2,12,193
16.0,10,2,13,194
16.0,10,2,14,195
16.0,10,2,15,196
16.0,10,3,0,184
16.0,10,3,1,185
16.0,10,3,2,186
16.0,10,3,3,187
16.0,10,3,4,188
16.0,10,3,5,188
16.0,10,3,6,189
16.0,10,3,7,190
16.0,10,3,8,191
16.0,10,3,9,192
16.0,10,3,10,193
16.0,10,3,11,194
16.0,10,3,12,195
16.0,10,3,13,195
16.0,10,3,14,196
16.0,10,3,15,197
16.0,10,4,0,185
16.0,10,4,1,186
16.0,10,4,2,187
16.0,10,4,3,188
16.0,10,4,4,189
16.0,10,4,5,190
16.0,10,4,6,190
16.0,10,4,7,191
16.0,10,4,8,192
16.0,10,4,9,193
16.0,10,4,10,194
16.0,10,4,11,195
16.0,10,4,12,196
16.0,10,4,13,197
16.0,10,4,14,197
16.0,10,4,15,198
16.0,10,5,0,186
16.0,10,5,1,187
16.0,10,5,2,188
16.0,10,5,3,189
16.0,10,5,4,190
16.0,10,5,5,191
16.0,10,5,6,192
16.0,10,5,7,192
16.0,10,5,8,193
16.0,10,5,9,194
16.0,10,5,10,195
16.0,10,5,11,196
16.0,10,5,12,197
16.0,10,5,13,198
16.0,10,5,14,199
16.0,10,5,15,199
16.0,10,6,0,187
16.0,10,6,1,188
16.0,10,6,2,189
16.0,10,6,3,190
16.0,10,6,4,191
16.0,10,6,5,192
16.0,10,6,6,193
16.0,10,6,7,194
16.0,10,6,8,194
16.0,10,6,9,195
16.0,10,6,10,196
16.0,10,6,11,197
16.0,10,6,12,198
16.0,10,6,13,199
16.0,10,6,14,200
16.0,10,6,15,201
16.0,10,7,0,188
16.0,10,7,1,189
16.0,10,7,2,190
16.0,10,7,3,191
16.0,10,7,4,192
16.0,10,7,5,193
16.0,10,7,6,194
16.0,10,7,7,195
16.0,10,7,8,196
16.0,10,7,9,196
16.0,10,7,10,197
16.0,10,7,11,198
16.0,10,7,12,199
16.0,10,7,13,200
16.0,10,7,14,201
16.0,10,7,15,202
16.0,10,8,0,189
16.0,10,8,1,190
16.0,10,8,2,191
16.0,10,8,3,192
16.0,10,8,4,193
16.0,10,8,5,194
16.0,10,8,6,195
16.0,10,8,7,196
16.0,10,8,8,197
16.0,10,8,9,198
16.0,10,8,10,198
16.0,10,8,11,199
16.0,10,8,12,200
16.0,10,8,13,201
16.0,10,8,14,202
16.0,10,8,15,203
16.0,10,9,0,190
16.0,10,9,1,191
16.0,10,9,2,192
16.0,10,9,3,193
16.0,10,9,4,194
16.0,10,9,5,195
16.0,10,9,6,196
16.0,10,9,7,197
16.0,10,9,8,198
16.0,10,9,9,199
16.0,10,9,10,199
16.0,10,9,11,200
16.0,10,9,12,201
16.0,10,9,13,202
16.0,10,9,14,203
16.0,10,9,15,204
16.0,10,10,0,191
16.0,10,10,1,192
16.0,10,10,2,193
16.0,10,10,3,194
16.0,10,10,4,195
16.0,10,10,5,196
16.0,10,10,6,197
16.0,10,10,7,198
16.0,10,10,8,199
16.0,10,10,9,200
16.0,10,10,10,201
16.0,10,10,11,201
16.0,10,10,12,202
16.0,10,10,13,203
16.0,10,10,14,204
16.0,10,10,15,205
16.0,10,11,0,192
16.0,10,11,1,193
16.0,10,11,2,194
16.0,10,11,3,195
16.0,10,11,4,196
16.0,10,11,5,197
16.0,10,11,6,198
16.0,10,11,7,199
16.0,10,11,8,200
16.0,10,11,9,201
16.0,10,11,10,202
16.0,10,11,11,203
16.0,10,11,12,203
16.0,10,11,13,204
16.0,10,11,14,205
16.0,10,11,15,206
16.0,10,12,0,193
16.0,10,12,1,194
16.0,10,12,2,195
16.0,10,12,3,196
16.0,10,12,4,197
16.0,10,12,5,198
16.0,10,12,6,199
16.0,10,12,7,200
16.0,10,12,8,201
16.0,10,12,9,202
16.0,10,12,10,203
16.0,10,12,11,204
16.0,10,12,12,205
16.0,10,12,13,205
16.0,10,12,14,206
16.0,10,12,15,207
16.0,10,13,0,194
16.0,10,13,1,195
16.0,10,13,2,196
16.0,10,13,3,197
16.0,10,13,4,198
16.0,10,13,5,199
16.0,10,13,6,200
16.0,10,13,7,201
16.0,10,13,8,202
16.0,10,13,9,203
16.0,10,13,10,204
16.0,10,13,11,205
16.0,10,13,12,206
16.0,10,13,13,207
16.0,10,13,14,207
16.0,10,13,15,208
16.0,10,14,0,195
16.0,10,14,1,196
16.0,10,14,2,197
16.0,10,14,3,198
16.0,10,14,4,199
16.0,10,14,5,200
16.0,10,14,6,201
16.0,10,14,7,202
16.0,10,14,8,203
16.0,10,14,9,204
16.0,10,14,10,205
16.0,10,14,11,206
16.0,10,14,12,207
16.0,10,14,13,208
16.0,10,14,14,208
16.0,10,14,15,209
16.0,10,15,0,196
16.0,10,15,1,197
16.0,10,15,2,198
16.0,10,15,3,199
16.0,10,15,4,200
16.0,10,15,5,201
16.0,10,15,6,202
16.0,10,15,7,203
16.0,10,15,8,204
16.0,10,15,9,205
16.0,10,15,10,206
16.0,10,15,11,207
16.0,10,15,12,208
16.0,10,15,13,209
16.0,10,15,14,210
16.0,10,15,15,210
16.0,11,0,0,183
16.0,11,0,1,184
16.0,11,0,2,185
16.0,11,0,3,186
16.0,11,0,4,187
16.0,11,0,5,188
16.0,11,0,6,189
16.0,11,0,7,190
16.0,11,0,8,190
16.0,11,0,9,191
16.0,11,0,10,192
16.0,11,0,11,193
16.0,11,0,12,194
16.0,11,0,13,195
16.0,11,0,14,196
16.0,11,0,15,196
16.0,11,1,0,185
16.0,11,1,1,185
16.0,11,1,2,186
16.0,11,1,3,187
16.0,11,1,4,188
16.0,11,1,5,189
16.0,11,1,6,190
16.0,11,1,7,191
16.0,11,1,8,192
16.0,11,1,9,193
16.0,11,1,10,193
16.0,11,1,11,194
16.0,11,1,12,195
16.0,11,1,13,196
16.0,11,1,14,197
16.0,11,1,15,198
16.0,11,2,0,186
16.0,11,2,1,187
16.0,11,2,2,187
16.0,11,2,3,188
16.0,11,2,4,189
16.0,11,2,5,190
16.0,11,2,6,191
16.0,11,2,7,192
16.0,11,2,8,193
16.0,11,2,9,194
16.0,11,2,10,195
16.0,11,2,11,195
16.0,11,2,12,196
16.0,11,2,13,197
16.0,11,2,14,198
16.0,11,2,15,199
16.0,11,3,0,187
16.0,11,3,1,188
16.0,11,3,2,189
16.0,11,3,3,189
16.0,11,3,4,190
16.0,11,3,5,191
16.0,11,3,6,192
16.0,11,3,7,193
16.0,11,3,8,194
16.0,11,3,9,195
16.0,11,3,10,196
16.0,11,3,11,197
16.0,11,3,12,197
16.0,11,3,13,198
16.0,11,3,14,199
16.0,11,3,15,200
16.0,11,4,0,188
16.0,11,4,1,189
16.0,11,4,2,190
16.0,11,4,3,191
16.0,11,4,4,191
16.0,11,4,5,192
16.0,11,4,6,193
16.0,11,4,7,194
16.0,11,4,8,195
16.0,11,4,9,196
16.0,11,4,10,197
16.0,11,4,11,198
16.0,11,4,12,199
16.0,11,4,13,199
16.0,11,4,14,200
16.0,11,4,15,201
16.0,11,5,0,189
16.0,11,5,1,190
16.0,11,5,2,191
16.0,11,5,3,192
16.0,11,5,4,193
16.0,11,5,5,193
16.0,11,5,6,194
16.0,11,5,7,195
16.0,11,5,8,196
16.0,11,5,9,197
16.0,11,5,10,198
16.0,11,5,11,199
16.0,11,5,12,200
16.0,11,5,13,201
16.0,11,5,14,201
16.0,11,5,15,202
16.0,11,6,0,190
16.0,11,6,1,191
16.0,11,6,2,192
16.0,11,6,3,193
16.0,11,6,4,194
16.0,11,6,5,195
16.0,11,6,6,195
16.0,11,6,7,196
16.0,11,6,8,197
16.0,11,6,9,198
16.0,11,6,10,199
16.0,11,6,11,200
16.0,11,6,12,201
16.0,11,6,13,202
16.0,11,6,14,203
16.0,11,6,15,203
16.0,11,7,0,191
16.0,11,7,1,192
16.0,11,7,2,193
16.0,11,7,3,194
16.0,11,7,4,195
16.0,11,7,5,196
16.0,11,7,6,197
16.0,11,7,7,197
16.0,11,7,8,198
16.0,11,7,9,199
16.0,11,7,10,200
16.0,11,7,11,201
16.0,11,7,12,202
16.0,11,7,13,203
16.0,11,7,14,204
16.0,11,7,15,205
16.0,11,8,0,192
16.0,11,8,1,193
16.0,11,8,2,194
16.0,11,8,3,195
16.0,11,8,4,196
16.0,11,8,5,197
16.0,11,8,6,198
16.0,11,8,7,199
16.0,11,8,8,199
16.0,11,8,9,200
16.0,11,8,10,201
16.0,11,8,11,202
16.0,11,8,12,203
16.0,11,8,13,204
16.0,11,8,14,205
16.0,11,8,15,206
16.0,11,9,0,193
16.0,11,9,1,194
16.0,11,9,2,195
16.0,11,9,3,196
16.0,11,9,4,197
16.0,11,9,5,198
16.0,11,9,6,199
16.0,11,9,7,200
16.0,11,9,8,201
16.0,11,9,9,201
16.0,11,9,10,202
16.0,11,9,11,203
16.0,11,9,12,204
16.0,11,9,13,205
16.0,11,9,14,206
16.0,11,9,15,207
16.0,11,10,0,194
16.0,11,10,1,195
16.0,11,10,2,196
16.0,11,10,3,197
16.0,11,10,4,198
16.0,11,10,5,199
16.0,11,10,6,200
16.0,11,10,7,201
16.0,11,10,8,202
16.0,11,10,9,203
16.0,11,10,10,203
16.0,11,10,11,204
16.0,11,10,12,205
16.0,11,10,13,206
16.0,11,10,14,207
16.0,11,10,15,208
16.0,11,11,0,195
16.0,11,11,1,196
16.0,11,11,2,197
16.0,11,11,3,198
16.0,11,11,4,199
16.0,11,11,5,200
16.0,11,11,6,201
16.0,11,11,7,202
16.0,11,11,8,203
16.0,11,11,9,204
16.0,11,11,10,205
16.0,11,11,11,205
16.0,11,11,12,206
16.0,11,11,13,207
16.0,11,11,14,208
16.0,11,11,15,209
16.0,11,12,0,196
16.0,11,12,1,197
16.0,11,12,2,198
16.0,11,12,3,199
16.0,11,12,4,200
16.0,11,12,5,201
16.0,11,12,6,202
16.0,11,12,7,203
16.0,11,12,8,204
16.0,11,12,9,205
16.0,11,12,10,206
16.0,11,12,11,207
16.0,11,12,12,208
16.0,11,12,13,208
16.0,11,12,14,209
16.0,11,12,15,210
16.0,11,13,0,197
16.0,11,13,1,198
16.0,11,13,2,199
16.0,11,13,3,200
16.0,11,13,4,201
16.0,11,13,5,202
16.0,11,13,6,203
16.0,11,13,7,204
16.0,11,13,8,205
16.0,11,13,9,206
16.0,11,13,10,207
16.0,11,13,11,208
16.0,11,13,12,209
16.0,11,13,13,210
16.0,11,13,14,210
16.0,11,13,15,211
16.0,11,14,0,198
16.0,11,14,1,199
16.0,11,14,2,200
16.0,11,14,3,201
16.0,11,14,4,202
16.0,11,14,5,203
16.0,11,14,6,204
16.0,11,14,7,205
16.0,11,14,8,206
16.0,11,14,9,207
16.0,11,14,10,208
16.0,11,14,11,209
16.0,11,14,12,210
16.0,11,14,13,211
16.0,11,14,14,212
16.0,11,14,15,212
16.0,11,15,0,199
16.0,11,15,1,200
16.0,11,15,2,201
16.0,11,15,3,202
16.0,11,15,4,203
16.0,11,15,5,204
16.0,11,15,6,205
16.0,11,15,7,206
16.0,11,15,8,207
16.0,11,15,9,208
16.0,11,15,10,209
16.0,11,15,11,210
16.0,11,15,12,211
16.0,11,15,13,212
16.0,11,15,14,213
16.0,11,15,15,214
16.0,12,0,0,186
16.0,12,0,1,187
16.0,12,0,2,188
16.0,12,0,3,189
16.0,12,0,4,190
16.0,12,0,5,191
16.0,12,0,6,191
16.0,12,0,7,192
16.0,12,0,8,193
16.0,12,0,9,194
16.0,12,0,10,195
16.0,12,0,11,196
16.0,12,0,12,197
16.0,12,0,13,198
16.0,12,0,14,198
16.0,12,0,15,199
16.0,12,1,0,187
16.0,12,1,1,188
16.0,12,1,2,189
16.0,12,1,3,190
16.0,12,1,4,191
16.0,12,1,5,192
16.0,12,1,6,193
16.0,12,1,7,193
16.0,12,1,8,194
16.0,12,1,9,195
16.0,12,1,10,196
16.0,12,1,11,197
16.0,12,1,12,198
16.0,12,1,13,199
16.0,12,1,14,200
16.0,12,1,15,200
16.0,12,2,0,188
16.0,12,2,1,189
16.0,12,2,2,190
16.0,12,2,3,191
16.0,12,2,4,192
16.0,12,2,5,193
16.0,12,2,6,194
16.0,12,2,7,195
16.0,12,2,8,196
16.0,12,2,9,196
16.0,12,2,10,197
16.0,12,2,11,198
16.0,12,2,12,199
16.0,12,2,13,200
16.0,12,2,14,201
16.0,12,2,15,202
16.0,12,3,0,189
16.0,12,3,1,190
16.0,12,3,2,191
16.0,12,3,3,192
16.0,12,3,4,193
16.0,12,3,5,194
16.0,12,3,6,195
16.0,12,3,7,196
16.0,12,3,8,197
16.0,12,3,9,198
16.0,12,3,10,198
16.0,12,3,11,199
16.0,12,3,12,200
16.0,12,3,13,201
16.0,12,3,14,202
16.0,12,3,15,203
16.0,12,4,0,190
16.0,12,4,1,191
16.0,12,4,2,192
16.0,12,4,3,193
16.0,12,4,4,194
16.0,12,4,5,195
16.0,12,4,6,196
16.0,12,4,7,197
16.0,12,4,8,198
16.0,12,4,9,199
16.0,12,4,10,200
16.0,12,4,11,201
16.0,12,4,12,201
16.0,12,4,13,202
16.0,12,4,14,203
16.0,12,4,15,204
16.0,12,5,0,192
16.0,12,5,1,193
16.0,12,5,2,193
16.0,12,5,3,194
16.0,12,5,4,195
16.0,12,5,5,196
16.0,12,5,6,197
16.0,12,5,7,198
16.0,12,5,8,199
16.0,12,5,9,200
16.0,12,5,10,201
16.0,12,5,11,202
16.0,12,5,12,203
16.0,12,5,13,203
16.0,12,5,14,204
16.0,12,5,15,205
16.0,12,6,0,193
16.0,12,6,1,194
16.0,12,6,2,195
16.0,12,6,3,195
16.0,12,6,4,196
16.0,12,6,5,197
16.0,12,6,6,198
16.0,12,6,7,199
16.0,12,6,8,200
16.0,12,6,9,201
16.0,12,6,10,202
16.0,12,6,11,203
16.0,12,6,12,204
16.0,12,6,13,205
16.0,12,6,14,205
16.0,12,6,15,206
16.0,12,7,0,194
16.0,12,7,1,195
16.0,12,7,2,196
16.0,12,7,3,197
16.0,12,7,4,198
16.0,12,7,5,198
16.0,12,7,6,199
16.0,12,7,7,200
16.0,12,7,8,201
16.0,12,7,9,202
16.0,12,7,10,203
16.0,12,7,11,204
16.0,12,7,12,205
16.0,12,7,13,206
16.0,12,7,14,207
16.0,12,7,15,208
16.0,12,8,0,195
16.0,12,8,1,196
16.0,12,8,2,197
16.0,12,8,3,198
16.0,12,8,4,199
16.0,12,8,5,200
16.0,12,8,6,200
16.0,12,8,7,201
16.0,12,8,8,202
16.0,12,8,9,203
16.0,12,8,10,204
16.0,12,8,11,205
16.0,12,8,12,206
16.0,12,8,13,207
16.0,12,8,14,208
16.0,12,8,15,209
16.0,12,9,0,196
16.0,12,9,1,197
16.0,12,9,2,198
16.0,12,9,3,199
16.0,12,9,4,200
16.0,12,9,5,201
16.0,12,9,6,202
16.0,12,9,7,203
16.0,12,9,8,203
16.0,12,9,9,204
16.0,12,9,10,205
16.0,12,9,11,206
16.0,12,9,12,207
16.0,12,9,13,208
16.0,12,9,14,209
16.0,12,9,15,210
16.0,12,10,0,197
16.0,12,10,1,198
16.0,12,10,2,199
16.0,12,10,3,200
16.0,12,10,4,201
16.0,12,10,5,202
16.0,12,10,6,203
16.0,12,10,7,204
16.0,12,10,8,205
16.0,12,10,9,205
16.0,12,10,10,206
16.0,12,10,11,207
16.0,12,10,12,208
16.0,12,10,13,209
16.0,12,10,14,210
16.0,12,10,15,211
16.0,12,11,0,198
16.0,12,11,1,199
16.0,12,11,2,200
16.0,12,11,3,201
16.0,12,11,4,202
16.0,12,11,5,203
16.0,12,11,6,204
16.0,12,11,7,205
16.0,12,11,8,206
16.0,12,11,9,207
16.0,12,11,10,208
16.0,12,11,11,208
16.0,12,11,12,209
16.0,12,11,13,210
16.0,12,11,14,211
16.0,12,11,15,212
16.0,12,12,0,199
16.0,12,12,1,200
16.0,12,12,2,201
16.0,12,12,3,202
16.0,12,12,4,203
16.0,12,12,5,204
16.0,12,12,6,205
16.0,12,12,7,206
16.0,12,12,8,207
16.0,12,12,9,208
16.0,12,12,10,209
16.0,12,12,11,210
16.0,12,12,12,210
16.0,12,12,13,211
16.0,12,12,14,212
16.0,12,12,15,213
16.0,12,13,0,200
16.0,12,13,1,201
16.0,12,13,2,202
16.0,12,13,3,203
16.0,12,13,4,204
16.0,12,13,5,205
16.0,12,13,6,206
16.0,12,13,7,207
16.0,12,13,8,208
16.0,12,13,9,209
16.0,12,13,10,210
16.0,12,13,11,211
16.0,12,13,12,212
16.0,12,13,13,213
16.0,12,13,14,213
16.0,12,13,15,214
16.0,12,14,0,201
16.0,12,14,1,202
16.0,12,14,2,203
16.0,12,14,3,204
16.0,12,14,4,205
16.0,12,14,5,206
16.0,12,14,6,207
16.0,12,14,7,208
16.0,12,14,8,209
16.0,12,14,9,210
16.0,12,14,10,211
16.0,12,14,11,212
16.0,12,14,12,213
16.0,12,14,13,214
16.0,12,14,14,215
16.0,12,14,15,215
16.0,12,15,0,202
16.0,12,15,1,203
16.0,12,15,2,204
16.0,12,15,3,205
16.0,12,15,4,206
16.0,12,15,5,207
16.0,12,15,6,208
16.0,12,15,7,209
16.0,12,15,8,210
16.0,12,15,9,211
16.0,12,15,10,212
16.0,12,15,11,213
16.0,12,15,12,214
16.0,12,15,13,215
16.0,12,15,14,216
16.0,12,15,15,217
16.0,13,0,0,189
16.0,13,0,1,190
16.0,13,0,2,191
16.0,13,0,3,191
16.0,13,0,4,192
16.0,13,0,5,193
16.0,13,0,6,194
16.0,13,0,7,195
16.0,13,0,8,196
16.0,13,0,9,197
16.0,13,0,10,198
16.0,13,0,11,199
16.0,13,0,12,199
16.0,13,0,13,200
16.0,13,0,14,201
16.0,13,0,15,202
16.0,13,1,0,190
16.0,13,1,1,191
16.0,13,1,2,192
16.0,13,1,3,193
16.0,13,1,4,193
16.0,13,1,5,194
16.0,13,1,6,195
16.0,13,1,7,196
16.0,13,1,8,197
16.0,13,1,9,198
16.0,13,1,10,199
16.0,13,1,11,200
16.0,13,1,12,201
16.0,13,1,13,202
16.0,13,1,14,202
16.0,13,1,15,203
16.0,13,2,0,191
16.0,13,2,1,192
16.0,13,2,2,193
16.0,13,2,3,194
16.0,13,2,4,195
16.0,13,2,5,196
16.0,13,2,6,196
16.0,13,2,7,197
16.0,13,2,8,198
16.0,13,2,9,199
16.0,13,2,10,200
16.0,13,2,11,201
16.0,13,2,12,202
16.0,13,2,13,203
16.0,13,2,14,204
16.0,13,2,15,205
16.0,13,3,0,192
16.0,13,3,1,193
16.0,13,3,2,194
16.0,13,3,3,195
16.0,13,3,4,196
16.0,13,3,5,197
16.0,13,3,6,198
16.0,13,3,7,199
16.0,13,3,8,199
16.0,13,3,9,200
16.0,13,3,10,201
16.0,13,3,11,202
16.0,13,3,12,203
16.0,13,3,13,204
16.0,13,3,14,205
16.0,13,3,15,206
16.0,13,4,0,193
16.0,13,4,1,194
16.0,13,4,2,195
16.0,13,4,3,196
16.0,13,4,4,197
16.0,13,4,5,198
16.0,13,4,6,199
16.0,13,4,7,200
16.0,13,4,8,201
16.0,13,4,9,202
16.0,13,4,10,202
16.0,13,4,11,203
16.0,13,4,12,204
16.0,13,4,13,205
16.0,13,4,14,206
16.0,13,4,15,207
16.0,13,5,0,194
16.0,13,5,1,195
16.0,13,5,2,196
16.0,13,5,3,197
16.0,13,5,4,198
16.0,13,5,5,199
16.0,13,5,6,200
16.0,13,5,7,201
16.0,13,5,8,202
16.0,13,5,9,203
16.0,13,5,10,204
16.0,13,5,11,205
16.0,13,5,12,205
16.0,13,5,13,206
16.0,13,5,14,207
16.0,13,5,15,208
16.0,13,6,0,195
16.0,13,6,1,196
16.0,13,6,2,197
16.0,13,6,3,198
16.0,13,6,4,199
16.0,13,6,5,200
16.0,13,6,6,201
16.0,13,6,7,202
16.0,13,6,8,203
16.0,13,6,9,204
16.0,13,6,10,205
16.0,13,6,11,206
16.0,13,6,12,207
16.0,13,6,13,207
16.0,13,6,14,208
16.0,13,6,15,209
16.0,13,7,0,196
16.0,13,7,1,197
16.0,13,7,2,198
16.0,13,7,3,199
16.0,13,7,4,200
16.0,13,7,5,201
16.0,13,7,6,202
16.0,13,7,7,203
16.0,13,7,8,204
16.0,13,7,9,205
16.0,13,7,10,206
16.0,13,7,11,207
16.0,13,7,12,208
16.0,13,7,13,209
16.0,13,7,14,210
16.0,13,7,15,210
16.0,13,8,0,198
16.0,13,8,1,199
16.0,13,8,2,199
16.0,13,8,3,200
16.0,13,8,4,201
16.0,13,8,5,202
16.0,13,8,6,203
16.0,13,8,7,204
16.0,13,8,8,205
16.0,13,8,9,206
16.0,13,8,10,207
16.0,13,8,11,208
16.0,13,8,12,209
16.0,13,8,13,210
16.0,13,8,14,211
16.0,13,8,15,212
16.0,13,9,0,199
16.0,13,9,1,200
16.0,13,9,2,201
16.0,13,9,3,202
16.0,13,9,4,203
16.0,13,9,5,203
16.0,13,9,6,204
16.0,13,9,7,205
16.0,13,9,8,206
16.0,13,9,9,207
16.0,13,9,10,208
16.0,13,9,11,209
16.0,13,9,12,210
16.0,13,9,13,211
16.0,13,9,14,212
16.0,13,9,15,213
16.0,13,10,0,200
16.0,13,10,1,201
16.0,13,10,2,202
16.0,13,10,3,203
16.0,13,10,4,204
16.0,13,10,5,205
16.0,13,10,6,206
16.0,13,10,7,206
16.0,13,10,8,207
16.0,13,10,9,208
16.0,13,10,10,209
16.0,13,10,11,210
16.0,13,10,12,211
16.0,13,10,13,212
16.0,13,10,14,213
16.0,13,10,15,214
16.0,13,11,0,201
16.0,13,11,1,202
16.0,13,11,2,203
16.0,13,11,3,204
16.0,13,11,4,205
16.0,13,11,5,206
16.0,13,11,6,207
16.0,13,11,7,208
16.0,13,11,8,209
16.0,13,11,9,209
16.0,13,11,10,210
16.0,13,11,11,211
16.0,13,11,12,212
16.0,13,11,13,213
16.0,13,11,14,214
16.0,13,11,15,215
16.0,13,12,0,202
16.0,13,12,1,203
16.0,13,12,2,204
16.0,13,12,3,205
16.0,13,12,4,206
16.0,13,12,5,207
16.0,13,12,6,208
16.0,13,12,7,209
16.0,13,12,8,210
16.0,13,12,9,211
16.0,13,12,10,212
16.0,13,12,11,213
16.0,13,12,12,213
16.0,13,12,13,214
16.0,13,12,14,215
16.0,13,12,15,216
16.0,13,13,0,203
16.0,13,13,1,204
16.0,13,13,2,205
16.0,13,13,3,206
16.0,13,13,4,207
16.0,13,13,5,208
16.0,13,13,6,209
16.0,13,13,7,210
16.0,13,13,8,211
16.0,13,13,9,212
16.0,13,13,10,213
16.0,13,13,11,214
16.0,13,13,12,215
16.0,13,13,13,216
16.0,13,13,14,216
16.0,13,13,15,217
16.0,13,14,0,204
16.0,13,14,1,205
16.0,13,14,2,206
16.0,13,14,3,207
16.0,13,14,4,208
16.0,13,14,5,209
16.0,13,14,6,210
16.0,13,14,7,211
16.0,13,14,8,212
16.0,13,14,9,213
16.0,13,14,10,214
16.0,13,14,11,215
16.0,13,14,12,216
16.0,13,14,13,217
16.0,13,14,14,218
16.0,13,14,15,219
16.0,13,15,0,205
16.0,13,15,1,206
16.0,13,15,2,207
16.0,13,15,3,208
16.0,13,15,4,209
16.0,13,15,5,210
16.0,13,15,6,211
16.0,13,15,7,212
16.0,13,15,8,213
16.0,13,15,9,214
16.0,13,15,10,215
16.0,13,15,11,216
16.0,13,15,12,217
16.0,13,15,13,218
16.0,13,15,14,219
16.0,13,15,15,220
16.0,14,0,0,191
16.0,14,0,1,192
16.0,14,0,2,193
16.0,14,0,3,194
16.0,14,0,4,195
16.0,14,0,5,196
16.0,14,0,6,197
16.0,14,0,7,198
16.0,14,0,8,199
16.0,14,0,9,200
16.0,14,0,10,200
16.0,14,0,11,201
16.0,14,0,12,202
16.0,14,0,13,203
16.0,14,0,14,204
16.0,14,0,15,205
16.0,14,1,0,192
16.0,14,1,1,193
16.0,14,1,2,194
16.0,14,1,3,195
16.0,14,1,4,196
16.0,14,1,5,197
16.0,14,1,6,198
16.0,14,1,7,199
16.0,14,1,8,200
16.0,14,1,9,201
16.0,14,1,10,202
16.0,14,1,11,203
16.0,14,1,12,203
16.0,14,1,13,204
16.0,14,1,14,205
16.0,14,1,15,206
16.0,14,2,0,194
16.0,14,2,1,195
16.0,14,2,2,195
16.0,14,2,3,196
16.0,14,2,4,197
16.0,14,2,5,198
16.0,14,2,6,199
16.0,14,2,7,200
16.0,14,2,8,201
16.0,14,2,9,202
16.0,14,2,10,203
16.0,14,2,11,204
16.0,14,2,12,205
16.0,14,2,13,206
16.0,14,2,14,206
16.0,14,2,15,207
16.0,14,3,0,195
16.0,14,3,1,196
16.0,14,3,2,197
16.0,14,3,3,198
16.0,14,3,4,199
16.0,14,3,5,199
16.0,14,3,6,200
16.0,14,3,7,201
16.0,14,3,8,202
16.0,14,3,9,203
16.0,14,3,10,204
16.0,14,3,11,205
16.0,14,3,12,206
16.0,14,3,13,207
16.0,14,3,14,208
16.0,14,3,15,209
16.0,14,4,0,196
16.0,14,4,1,197
16.0,14,4,2,198
16.0,14,4,3,199
16.0,14,4,4,200
16.0,14,4,5,201
16.0,14,4,6,202
16.0,14,4,7,202
16.0,14,4,8,203
16.0,14,4,9,204
16.0,14,4,10,205
16.0,14,4,11,206
16.0,14,4,12,207
16.0,14,4,13,208
16.0,14,4,14,209
16.0,14,4,15,210
16.0,14,5,0,197
16.0,14,5,1,198
16.0,14,5,2,199
16.0,14,5,3,200
16.0,14,5,4,201
16.0,14,5,5,202
16.0,14,5,6,203
16.0,14,5,7,204
16.0,14,5,8,205
16.0,14,5,9,206
16.0,14,5,10,206
16.0,14,5,11,207
16.0,14,5,12,208
16.0,14,5,13,209
16.0,14,5,14,210
16.0,14,5,15,211
16.0,14,6,0,198
16.0,14,6,1,199
16.0,14,6,2,200
16.0,14,6,3,201
16.0,14,6,4,202
16.0,14,6,5,203
16.0,14,6,6,204
16.0,14,6,7,205
16.0,14,6,8,206
16.0,14,6,9,207
16.0,14,6,10,208
16.0,14,6,11,209
16.0,14,6,12,209
16.0,14,6,13,210
16.0,14,6,14,211
16.0,14,6,15,212
16.0,14,7,0,199
16.0,14,7,1,200
16.0,14,7,2,201
16.0,14,7,3,202
16.0,14,7,4,203
16.0,14,7,5,204
16.0,14,7,6,205
16.0,14,7,7,206
16.0,14,7,8,207
16.0,14,7,9,208
16.0,14,7,10,209
16.0,14,7,11,210
16.0,14,7,12,211
16.0,14,7,13,212
16.0,14,7,14,212
16.0,14,7,15,213
16.0,14,8,0,200
16.0,14,8,1,201
16.0,14,8,2,202
16.0,14,8,3,203
16.0,14,8,4,204
16.0,14,8,5,205
16.0,14,8,6,206
16.0,14,8,7,207
16.0,14,8,8,208
16.0,14,8,9,209
16.0,14,8,10,210
16.0,14,8,11,211
16.0,14,8,12,212
16.0,14,8,13,213
16.0,14,8,14,214
16.0,14,8,15,215
16.0,14,9,0,201
16.0,14,9,1,202
16.0,14,9,2,203
16.0,14,9,3,204
16.0,14,9,4,205
16.0,14,9,5,206
16.0,14,9,6,207
16.0,14,9,7,208
16.0,14,9,8,209
16.0,14,9,9,210
16.0,14,9,10,211
16.0,14,9,11,212
16.0,14,9,12,213
16.0,14,9,13,214
16.0,14,9,14,215
16.0,14,9,15,216
16.0,14,10,0,203
16.0,14,10,1,204
16.0,14,10,2,204
16.0,14,10,3,205
16.0,14,10,4,206
16.0,14,10,5,207
16.0,14,10,6,208
16.0,14,10,7,209
16.0,14,10,8,210
16.0,14,10,9,211
16.0,14,10,10,212
16.0,14,10,11,213
16.0,14,10,12,214
16.0,14,10,13,215
16.0,14,10,14,216
16.0,14,10,15,217
16.0,14,11,0,204
16.0,14,11,1,205
16.0,14,11,2,206
16.0,14,11,3,207
16.0,14,11,4,208
16.0,14,11,5,209
16.0,14,11,6,210
16.0,14,11,7,210
16.0,14,11,8,211
16.0,14,11,9,212
16.0,14,11,10,213
16.0,14,11,11,214
16.0,14,11,12,215
16.0,14,11,13,216
16.0,14,11,14,217
16.0,14,11,15,218
16.0,14,12,0,205
16.0,14,12,1,206
16.0,14,12,2,207
16.0,14,12,3,208
16.0,14,12,4,209
16.0,14,12,5,210
16.0,14,12,6,211
16.0,14,12,7,212
16.0,14,12,8,213
16.0,14,12,9,214
16.0,14,12,10,215
16.0,14,12,11,215
16.0,14,12,12,216
16.0,14,12,13,217
16.0,14,12,14,218
16.0,14,12,15,219
16.0,14,13,0,206
16.0,14,13,1,207
16.0,14,13,2,208
16.0,14,13,3,209
16.0,14,13,4,210
16.0,14,13,5,211
16.0,14,13,6,212
16.0,14,13,7,213
16.0,14,13,8,214
16.0,14,13,9,215
16.0,14,13,10,216
16.0,14,13,11,217
16.0,14,13,12,218
16.0,14,13,13,219
16.0,14,13,14,219
16.0,14,13,15,220
16.0,14,14,0,207
16.0,14,14,1,208
16.0,14,14,2,209
16.0,14,14,3,210
16.0,14,14,4,211
16.0,14,14,5,212
16.0,14,14,6,213
16.0,14,14,7,214
16.0,14,14,8,215
16.0,14,14,9,216
16.0,14,14,10,217
16.0,14,14,11,218
16.0,14,14,12,219
16.0,14,14,13,220
16.0,14,14,14,221
16.0,14,14,15,222
16.0,14,15,0,208
16.0,14,15,1,209
16.0,14,15,2,210
16.0,14,15,3,211
16.0,14,15,4,212
16.0,14,15,5,213
16.0,14,15,6,214
16.0,14,15,7,215
16.0,14,15,8,216
16.0,14,15,9,217
16.0,14,15,10,218
16.0,14,15,11,219
16.0,14,15,12,220
16.0,14,15,13,221
16.0,14,15,14,222
16.0,14,15,15,223
16.0,15,0,0,194
16.0,15,0,1,195
16.0,15,0,2,196
16.0,15,0,3,197
16.0,15,0,4,198
16.0,15,0,5,199
16.0,15,0,6,200
16.0,15,0,7,200
16.0,15,0,8,201
16.0,15,0,9,202
16.0,15,0,10,203
16.0,15,0,11,204
16.0,15,0,12,205
16.0,15,0,13,206
16.0,15,0,14,207
16.0,15,0,15,208
16.0,15,1,0,195
16.0,15,1,1,196
16.0,15,1,2,197
16.0,15,1,3,198
16.0,15,1,4,199
16.0,15,1,5,200
16.0,15,1,6,201
16.0,15,1,7,202
16.0,15,1,8,203
16.0,15,1,9,204
16.0,15,1,10,204
16.0,15,1,11,205
16.0,15,1,12,206
16.0,15,1,13,207
16.0,15,1,14,208
16.0,15,1,15,209
16.0,15,2,0,196
16.0,15,2,1,197
16.0,15,2,2,198
16.0,15,2,3,199
16.0,15,2,4,200
16.0,15,2,5,201
16.0,15,2,6,202
16.0,15,2,7,203
16.0,15,2,8,204
16.0,15,2,9,205
16.0,15,2,10,206
16.0,15,2,11,207
16.0,15,2,12,207
16.0,15,2,13,208
16.0,15,2,14,209
16.0,15,2,15,210
16.0,15,3,0,197
16.0,15,3,1,198
16.0,15,3,2,199
16.0,15,3,3,200
16.0,15,3,4,201
16.0,15,3,5,202
16.0,15,3,6,203
16.0,15,3,7,204
16.0,15,3,8,205
16.0,15,3,9,206
16.0,15,3,10,207
16.0,15,3,11,208
16.0,15,3,12,209
16.0,15,3,13,210
16.0,15,3,14,211
16.0,15,3,15,211
16.0,15,4,0,199
16.0,15,4,1,200
16.0,15,4,2,200
16.0,15,4,3,201
16.0,15,4,4,202
16.0,15,4,5,203
16.0,15,4,6,204
16.0,15,4,7,205
16.0,15,4,8,206
16.0,15,4,9,207
16.0,15,4,10,208
16.0,15,4,11,209
16.0,15,4,12,210
16.0,15,4,13,211
16.0,15,4,14,212
16.0,15,4,15,213
16.0,15,5,0,200
16.0,15,5,1,201
16.0,15,5,2,202
16.0,15,5,3,203
16.0,15,5,4,204
16.0,15,5,5,205
16.0,15,5,6,205
16.0,15,5,7,206
16.0,15,5,8,207
16.0,15,5,9,208
16.0,15,5,10,209
16.0,15,5,11,210
16.0,15,5,12,211
16.0,15,5,13,212
16.0,15,5,14,213
16.0,15,5,15,214
16.0,15,6,0,201
16.0,15,6,1,202
16.0,15,6,2,203
16.0,15,6,3,204
16.0,15,6,4,205
16.0,15,6,5,206
16.0,15,6,6,207
16.0,15,6,7,208
16.0,15,6,8,209
16.0,15,6,9,210
16.0,15,6,10,210
16.0,15,6,11,211
16.0,15,6,12,212
16.0,15,6,13,213
16.0,15,6,14,214
16.0,15,6,15,215
16.0,15,7,0,202
16.0,15,7,1,203
16.0,15,7,2,204
16.0,15,7,3,205
16.0,15,7,4,206
16.0,15,7,5,207
16.0,15,7,6,208
16.0,15,7,7,209
16.0,15,7,8,210
16.0,15,7,9,211
16.0,15,7,10,212
16.0,15,7,11,213
16.0,15,7,12,214
16.0,15,7,13,214
16.0,15,7,14,215
16.0,15,7,15,216
16.0,15,8,0,203
16.0,15,8,1,204
16.0,15,8,2,205
16.0,15,8,3,206
16.0,15,8,4,207
16.0,15,8,5,208
16.0,15,8,6,209
16.0,15,8,7,210
16.0,15,8,8,211
16.0,15,8,9,212
16.0,15,8,10,213
16.0,15,8,11,214
16.0,15,8,12,215
16.0,15,8,13,216
16.0,15,8,14,217
16.0,15,8,15,218
16.0,15,9,0,204
16.0,15,9,1,205
16.0,15,9,2,206
16.0,15,9,3,207
16.0,15,9,4,208
16.0,15,9,5,209
16.0,15,9,6,210
16.0,15,9,7,211
16.0,15,9,8,212
16.0,15,9,9,213
16.0,15,9,10,214
16.0,15,9,11,215
16.0,15,9,12,216
16.0,15,9,13,217
16.0,15,9,14,218
16.0,15,9,15,219
16.0,15,10,0,205
16.0,15,10,1,206
16.0,15,10,2,207
16.0,15,10,3,208
16.0,15,10,4,209
16.0,15,10,5,210
16.0,15,10,6,211
16.0,15,10,7,212
16.0,15,10,8,213
16.0,15,10,9,214
16.0,15,10,10,215
16.0,15,10,11,216
16.0,15,10,12,217
16.0,15,10,13,218
16.0,15,10,14,219
16.0,15,10,15,220
16.0,15,11,0,206
16.0,15,11,1,207
16.0,15,11,2,208
16.0,15,11,3,209
16.0,15,11,4,210
16.0,15,11,5,211
16.0,15,11,6,212
16.0,15,11,7,213
16.0,15,11,8,214
16.0,15,11,9,215
16.0,15,11,10,216
16.0,15,11,11,217
16.0,15,11,12,218
16.0,15,11,13,219
16.0,15,11,14,220
16.0,15,11,15,221
16.0,15,12,0,207
16.0,15,12,1,209
16.0,15,12,2,210
16.0,15,12,3,211
16.0,15,12,4,212
16.0,15,12,5,213
16.0,15,12,6,214
16.0,15,12,7,215
16.0,15,12,8,215
16.0,15,12,9,216
16.0,15,12,10,217
16.0,15,12,11,218
16.0,15,12,12,219
16.0,15,12,13,220
16.0,15,12,14,221
16.0,15,12,15,222
16.0,15,13,0,209
16.0,15,13,1,210
16.0,15,13,2,211
16.0,15,13,3,212
16.0,15,13,4,213
16.0,15,13,5,214
16.0,15,13,6,215
16.0,15,13,7,216
16.0,15,13,8,217
16.0,15,13,9,218
16.0,15,13,10,219
16.0,15,13,11,220
16.0,15,13,12,221
16.0,15,13,13,222
16.0,15,13,14,222
16.0,15,13,15,223
16.0,15,14,0,210
16.0,15,14,1,211
16.0,15,14,2,212
16.0,15,14,3,213
16.0,15,14,4,214
16.0,15,14,5,215
16.0,15,14,6,216
16.0,15,14,7,217
16.0,15,14,8,218
16.0,15,14,9,219
16.0,15,14,10,220
16.0,15,14,11,221
16.0,15,14,12,222
16.0,15,14,13,223
16.0,15,14,14,224
16.0,15,14,15,225
16.0,15,15,0,211
16.0,15,15,1,212
16.0,15,15,2,213
16.0,15,15,3,214
16.0,15,15,4,215
16.0,15,15,5,216
16.0,15,15,6,217
16.0,15,15,7,218
16.0,15,15,8,219
16.0,15,15,9,220
16.0,15,15,10,221
16.0,15,15,11,222
16.0,15,15,12,223
16.0,15,15,13,224
16.0,15,15,14,225
16.0,15,15,15,226
16.5,0,0,0,159
16.5,0,0,1,160
16.5,0,0,2,161
16.5,0,0,3,162
16.5,0,0,4,162
16.5,0,0,5,163
16.5,0,0,6,164
16.5,0,0,7,165
16.5,0,0,8,165
16.5,0,0,9,166
16.5,0,0,10,167
16.5,0,0,11,168
16.5,0,0,12,168
16.5,0,0,13,169
16.5,0,0,14,170
16.5,0,0,15,171
16.5,0,1,0,160
16.5,0,1,1,161
16.5,0,1,2,162
16.5,0,1,3,163
16.5,0,1,4,163
16.5,0,1,5,164
16.5,0,1,6,165
16.5,0,1,7,166
16.5,0,1,8,166
16.5,0,1,9,167
16.5,0,1,10,168
16.5,0,1,11,169
16.5,0,1,12,170
16.5,0,1,13,170
16.5,0,1,14,171
16.5,0,1,15,172
16.5,0,2,0,161
16.5,0,2,1,162
16.5,0,2,2,163
16.5,0,2,3,164
16.5,0,2,4,164
16.5,0,2,5,165
16.5,0,2,6,166
16.5,0,2,7,167
16.5,0,2,8,167
16.5,0,2,9,168
16.5,0,2,10,169
16.5,0,2,11,170
16.5,0,2,12,171
16.5,0,2,13,171
16.5,0,2,14,172
16.5,0,2,15,173
16.5,0,3,0,162
16.5,0,3,1,163
16.5,0,3,2,164
16.5,0,3,3,165
16.5,0,3,4,165
16.5,0,3,5,166
16.5,0,3,6,167
16.5,0,3,7,168
16.5,0,3,8,168
16.5,0,3,9,169
16.5,0,3,10,170
16.5,0,3,11,171
16.5,0,3,12,172
16.5,0,3,13,172
16.5,0,3,14,173
16.5,0,3,15,174
16.5,0,4,0,163
16.5,0,4,1,164
16.5,0,4,2,165
16.5,0,4,3,166
16.5,0,4,4,166
16.5,0,4,5,167
16.5,0,4,6,168
16.5,0,4,7,169
16.5,0,4,8,169
16.5,0,4,9,170
16.5,0,4,10,171
16.5,0,4,11,172
16.5,0,4,12,173
16.5,0,4,13,173
16.5,0,4,14,174
16.5,0,4,15,175
16.5,0,5,0,164
16.5,0,5,1,165
16.5,0,5,2,166
16.5,0,5,3,166
16.5,0,5,4,167
16.5,0,5,5,168
16.5,0,5,6,169
16.5,0,5,7,170
16.5,0,5,8,170
16.5,0,5,9,171
16.5,0,5,10,172
16.5,0,5,11,173
16.5,0,5,12,174
16.5,0,5,13,174
16.5,0,5,14,175
16.5,0,5,15,176
16.5,0,6,0,165
16.5,0,6,1,166
16.5,0,6,2,167
16.5,0,6,3,167
16.5,0,6,4,168
16.5,0,6,5,169
16.5,0,6,6,170
16.5,0,6,7,171
16.5,0,6,8,171
16.5,0,6,9,172
16.5,0,6,10,173
16.5,0,6,11,174
16.5,0,6,12,174
16.5,0,6,13,175
16.5,0,6,14,176
16.5,0,6,15,177
16.5,0,7,0,166
16.5,0,7,1,167
16.5,0,7,2,168
16.5,0,7,3,168
16.5,0,7,4,169
16.5,0,7,5,170
16.5,0,7,6,171
16.5,0,7,7,172
16.5,0,7,8,172
16.5,0,7,9,173
16.5,0,7,10,174
16.5,0,7,11,175
16.5,0,7,12,175
16.5,0,7,13,176
16.5,0,7,14,177
16.5,0,7,15,178
16.5,0,8,0,167
16.5,0,8,1,168
16.5,0,8,2,169
16.5,0,8,3,169
16.5,0,8,4,170
16.5,0,8,5,171
16.5,0,8,6,172
16.5,0,8,7,173
16.5,0,8,8,173
16.5,0,8,9,174
16.5,0,8,10,175
16.5,0,8,11,176
16.5,0,8,12,176
16.5,0,8,13,177
16.5,0,8,14,178
16.5,0,8,15,179
16.5,0,9,0,168
16.5,0,9,1,169
16.5,0,9,2,169
16.5,0,9,3,170
16.5,0,9,4,171
16.5,0,9,5,172
16.5,0,9,6,173
16.5,0,9,7,173
16.5,0,9,8,174
16.5,0,9,9,175
16.5,0,9,10,176
16.5,0,9,11,177
16.5,0,9,12,177
16.5,0,9,13,178
16.5,0,9,14,179
16.5,0,9,15,180
16.5,0,10,0,169
16.5,0,10,1,170
16.5,0,10,2,170
16.5,0,10,3,171
16.5,0,10,4,172
16.5,0,10,5,173
16.5,0,10,6,174
16.5,0,10,7,174
16.5,0,10,8,175
16.5,0,10,9,176
16.5,0,10,10,177
16.5,0,10,11,178
16.5,0,10,12,178
16.5,0,10,13,179
16.5,0,10,14,180
16.5,0,10,15,181
16.5,0,11,0,170
16.5,0,11,1,170
16.5,0,11,2,171
16.5,0,11,3,172
16.5,0,11,4,173
16.5,0,11,5,174
16.5,0,11,6,175
16.5,0,11,7,175
16.5,0,11,8,176
16.5,0,11,9,177
16.5,0,11,10,178
16.5,0,11,11,179
16.5,0,11,12,179
16.5,0,11,13,180
16.5,0,11,14,181
16.5,0,11,15,182
16.5,0,12,0,171
16.5,0,12,1,171
16.5,0,12,2,172
16.5,0,12,3,173
16.5,0,12,4,174
16.5,0,12,5,175
16.5,0,12,6,175
16.5,0,12,7,176
16.5,0,12,8,177
16.5,0,12,9,178
16.5,0,12,10,179
16.5,0,12,11,179
16.5,0,12,12,180
16.5,0,12,13,181
16.5,0,12,14,182
16.5,0,12,15,183
16.5,0,13,0,171
16.5,0,13,1,172
16.5,0,13,2,173
16.5,0,13,3,174
16.5,0,13,4,175
16.5,0,13,5,176
16.5,0,13,6,176
16.5,0,13,7,177
16.5,0,13,8,178
16.5,0,13,9,179
16.5,0,13,10,180
16.5,0,13,11,180
16.5,0,13,12,181
16.5,0,13,13,182
16.5,0,13,14,183
16.5,0,13,15,184
16.5,0,14,0,172
16.5,0,14,1,173
16.5,0,14,2,174
16.5,0,14,3,175
16.5,0,14,4,176
16.5,0,14,5,176
16.5,0,14,6,177
16.5,0,14,7,178
16.5,0,14,8,179
16.5,0,14,9,180
16.5,0,14,10,181
16.5,0,14,11,181
16.5,0,14,12,182
16.5,0,14,13,183
16.5,0,14,14,184
16.5,0,14,15,185
16.5,0,15,0,173
16.5,0,15,1,174
16.5,0,15,2,175
16.5,0,15,3,176
16.5,0,15,4,177
16.5,0,15,5,177
16.5,0,15,6,178
16.5,0,15,7,179
16.5,0,15,8,180
16.5,0,15,9,181
16.5,0,15,10,182
16.5,0,15,11,182
16.5,0,15,12,183
16.5,0,15,13,184
16.5,0,15,14,185
16.5,0,15,15,186
16.5,1,0,0,162
16.5,1,0,1,163
16.5,1,0,2,164
16.5,1,0,3,164
16.5,1,0,4,165
16.5,1,0,5,166
16.5,1,0,6,167
16.5,1,0,7,168
16.5,1,0,8,168
16.5,1,0,9,169
16.5,1,0,10,170
16.5,1,0,11,171
16.5,1,0,12,171
16.5,1,0,13,172
16.5,1,0,14,173
16.5,1,0,15,174
16.5,1,1,0,163
16.5,1,1,1,164
16.5,1,1,2,165
16.5,1,1,3,165
16.5,1,1,4,166
16.5,1,1,5,167
16.5,1,1,6,168
16.5,1,1,7,169
16.5,1,1,8,169
16.5,1,1,9,170
16.5,1,1,10,171
16.5,1,1,11,172
16.5,1,1,12,172
16.5,1,1,13,173
16.5,1,1,14,174
16.5,1,1,15,175
16.5,1,2,0,164
16.5,1,2,1,165
16.5,1,2,2,166
16.5,1,2,3,166
16.5,1,2,4,167
16.5,1,2,5,168
16.5,1,2,6,169
16.5,1,2,7,170
16.5,1,2,8,170
16.5,1,2,9,171
16.5,1,2,10,172
16.5,1,2,11,173
16.5,1,2,12,173
16.5,1,2,13,174
16.5,1,2,14,175
16.5,1,2,15,176
16.5,1,3,0,165
16.5,1,3,1,166
16.5,1,3,2,167
16.5,1,3,3,167
16.5,1,3,4,168
16.5,1,3,5,169
16.5,1,3,6,170
16.5,1,3,7,171
16.5,1,3,8,171
16.5,1,3,9,172
16.5,1,3,10,173
16.5,1,3,11,174
16.5,1,3,12,174
16.5,1,3,13,175
16.5,1,3,14,176
16.5,1,3,15,177
16.5,1,4,0,166
16.5,1,4,1,167
16.5,1,4,2,168
16.5,1,4,3,168
16.5,1,4,4,169
16.5,1,4,5,170
16.5,1,4,6,171
16.5,1,4,7,172
16.5,1,4,8,172
16.5,1,4,9,173
16.5,1,4,10,174
16.5,1,4,11,175
16.5,1,4,12,175
16.5,1,4,13,176
16.5,1,4,14,177
16.5,1,4,15,178
16.5,1,5,0,167
16.5,1,5,1,168
16.5,1,5,2,169
16.5,1,5,3,169
16.5,1,5,4,170
16.5,1,5,5,171
16.5,1,5,6,172
16.5,1,5,7,173
16.5,1,5,8,173
16.5,1,5,9,174
16.5,1,5,10,175
16.5,1,5,11,176
16.5,1,5,12,176
16.5,1,5,13,177
16.5,1,5,14,178
16.5,1,5,15,179
16.5,1,6,0,168
16.5,1,6,1,169
16.5,1,6,2,169
16.5,1,6,3,170
16.5,1,6,4,171
16.5,1,6,5,172
16.5,1,6,6,173
16.5,1,6,7,174
16.5,1,6,8,174
16.5,1,6,9,175
16.5,1,6,10,176
16.5,1,6,11,177
16.5,1,6,12,177
16.5,1,6,13,178
16.5,1,6,14,179
16.5,1,6,15,180
16.5,1,7,0,169
16.5,1,7,1,170
16.5,1,7,2,170
16.5,1,7,3,171
16.5,1,7,4,172
16.5,1,7,5,173
16.5,1,7,6,174
16.5,1,7,7,174
16.5,1,7,8,175
16.5,1,7,9,176
16.5,1,7,10,177
16.5,1,7,11,178
16.5,1,7,12,178
16.5,1,7,13,179
16.5,1,7,14,180
16.5,1,7,15,181
16.5,1,8,0,170
16.5,1,8,1,171
16.5,1,8,2,171
16.5,1,8,3,172
16.5,1,8,4,173
16.5,1,8,5,174
16.5,1,8,6,175
16.5,1,8,7,175
16.5,1,8,8,176
16.5,1,8,9,177
16.5,1,8,10,178
16.5,1,8,11,179
16.5,1,8,12,179
16.5,1,8,13,180
16.5,1,8,14,181
16.5,1,8,15,182
16.5,1,9,0,171
16.5,1,9,1,171
16.5,1,9,2,172
16.5,1,9,3,173
16.5,1,9,4,174
16.5,1,9,5,175
16.5,1,9,6,176
16.5,1,9,7,176
16.5,1,9,8,177
16.5,1,9,9,178
16.5,1,9,10,179
16.5,1,9,11,180
16.5,1,9,12,180
16.5,1,9,13,181
16.5,1,9,14,182
16.5,1,9,15,183
16.5,1,10,0,172
16.5,1,10,1,172
16.5,1,10,2,173
16.5,1,10,3,174
16.5,1,10,4,175
16.5,1,10,5,176
16.5,1,10,6,177
16.5,1,10,7,177
16.5,1,10,8,178
16.5,1,10,9,179
16.5,1,10,10,180
16.5,1,10,11,181
16.5,1,10,12,181
16.5,1,10,13,182
16.5,1,10,14,183
16.5,1,10,15,184
16.5,1,11,0,172
16.5,1,11,1,173
16.5,1,11,2,174
16.5,1,11,3,175
16.5,1,11,4,176
16.5,1,11,5,177
16.5,1,11,6,178
16.5,1,11,7,178
16.5,1,11,8,179
16.5,1,11,9,180
16.5,1,11,10,181
16.5,1,11,11,182
16.5,1,11,12,182
16.5,1,11,13,183
16.5,1,11,14,184
16.5,1,11,15,185
16.5,1,12,0,173
16.5,1,12,1,174
16.5,1,12,2,175
16.5,1,12,3,176
16.5,1,12,4,177
16.5,1,12,5,178
16.5,1,12,6,178
16.5,1,12,7,179
16.5,1,12,8,180
16.5,1,12,9,181
16.5,1,12,10,182
16.5,1,12,11,183
16.5,1,12,12,183
16.5,1,12,13,184
16.5,1,12,14,185
16.5,1,12,15,186
16.5,1,13,0,174
16.5,1,13,1,175
16.5,1,13,2,176
16.5,1,13,3,177
16.5,1,13,4,178
16.5,1,13,5,179
16.5,1,13,6,179
16.5,1,13,7,180
16.5,1,13,8,181
16.5,1,13,9,182
16.5,1,13,10,183
16.5,1,13,11,184
16.5,1,13,12,184
16.5,1,13,13,185
16.5,1,13,14,186
16.5,1,13,15,187
16.5,1,14,0,175
16.5,1,14,1,176
16.5,1,14,2,177
16.5,1,14,3,178
16.5,1,14,4,179
16.5,1,14,5,179
16.5,1,14,6,180
16.5,1,14,7,181
16.5,1,14,8,182
16.5,1,14,9,183
16.5,1,14,10,184
16.5,1,14,11,184
16.5,1,14,12,185
16.5,1,14,13,186
16.5,1,14,14,187
16.5,1,14,15,188
16.5,1,15,0,176
16.5,1,15,1,177
16.5,1,15,2,178
16.5,1,15,3,179
16.5,1,15,4,180
16.5,1,15,5,180
16.5,1,15,6,181
16.5,1,15,7,182
16.5,1,15,8,183
16.5,1,15,9,184
16.5,1,15,10,185
16.5,1,15,11,185
16.5,1,15,12,186
16.5,1,15,13,187
16.5,1,15,14,188
16.5,1,15,15,189
16.5,2,0,0,165
16.5,2,0,1,166
16.5,2,0,2,166
16.5,2,0,3,167
16.5,2,0,4,168
16.5,2,0,5,169
16.5,2,0,6,170
16.5,2,0,7,170
16.5,2,0,8,171
16.5,2,0,9,172
16.5,2,0,10,173
16.5,2,0,11,173
16.5,2,0,12,174
16.5,2,0,13,175
16.5,2,0,14,176
16.5,2,0,15,177
16.5,2,1,0,166
16.5,2,1,1,167
16.5,2,1,2,167
16.5,2,1,3,168
16.5,2,1,4,169
16.5,2,1,5,170
16.5,2,1,6,171
16.5,2,1,7,171
16.5,2,1,8,172
16.5,2,1,9,173
16.5,2,1,10,174
16.5,2,1,11,174
16.5,2,1,12,175
16.5,2,1,13,176
16.5,2,1,14,177
16.5,2,1,15,178
16.5,2,2,0,167
16.5,2,2,1,168
16.5,2,2,2,168
16.5,2,2,3,169
16.5,2,2,4,170
16.5,2,2,5,171
16.5,2,2,6,172
16.5,2,2,7,172
16.5,2,2,8,173
16.5,2,2,9,174
16.5,2,2,10,175
16.5,2,2,11,176
16.5,2,2,12,176
16.5,2,2,13,177
16.5,2,2,14,178
16.5,2,2,15,179
16.5,2,3,0,168
16.5,2,3,1,169
16.5,2,3,2,169
16.5,2,3,3,170
16.5,2,3,4,171
16.5,2,3,5,172
16.5,2,3,6,173
16.5,2,3,7,173
16.5,2,3,8,174
16.5,2,3,9,175
16.5,2,3,10,176
16.5,2,3,11,177
16.5,2,3,12,177
16.5,2,3,13,178
16.5,2,3,14,179
16.5,2,3,15,180
16.5,2,4,0,169
16.5,2,4,1,170
16.5,2,4,2,170
16.5,2,4,3,171
16.5,2,4,4,172
16.5,2,4,5,173
16.5,2,4,6,174
16.5,2,4,7,174
16.5,2,4,8,175
16.5,2,4,9,176
16.5,2,4,10,177
16.5,2,4,11,178
16.5,2,4,12,178
16.5,2,4,13,179
16.5,2,4,14,180
16.5,2,4,15,181
16.5,2,5,0,170
16.5,2,5,1,171
16.5,2,5,2,171
16.5,2,5,3,172
16.5,2,5,4,173
16.5,2,5,5,174
16.5,2,5,6,175
16.5,2,5,7,175
16.5,2,5,8,176
16.5,2,5,9,177
16.5,2,5,10,178
16.5,2,5,11,179
16.5,2,5,12,179
16.5,2,5,13,180
16.5,2,5,14,181
16.5,2,5,15,182
16.5,2,6,0,171
16.5,2,6,1,171
16.5,2,6,2,172
16.5,2,6,3,173
16.5,2,6,4,174
16.5,2,6,5,175
16.5,2,6,6,176
16.5,2,6,7,176
16.5,2,6,8,177
16.5,2,6,9,178
16.5,2,6,10,179
16.5,2,6,11,180
16.5,2,6,12,180
16.5,2,6,13,181
16.5,2,6,14,182
16.5,2,6,15,183
16.5,2,7,0,172
16.5,2,7,1,172
16.5,2,7,2,173
16.5,2,7,3,174
16.5,2,7,4,175
16.5,2,7,5,176
16.5,2,7,6,177
16.5,2,7,7,177
16.5,2,7,8,178
16.5,2,7,9,179
16.5,2,7,10,180
16.5,2,7,11,181
16.5,2,7,12,181
16.5,2,7,13,182
16.5,2,7,14,183
16.5,2,7,15,184
16.5,2,8,0,173
16.5,2,8,1,173
16.5,2,8,2,174
16.5,2,8,3,175
16.5,2,8,4,176
16.5,2,8,5,177
16.5,2,8,6,178
16.5,2,8,7,178
16.5,2,8,8,179
16.5,2,8,9,180
16.5,2,8,10,181
16.5,2,8,11,182
16.5,2,8,12,182
16.5,2,8,13,183
16.5,2,8,14,184
16.5,2,8,15,185
16.5,2,9,0,173
16.5,2,9,1,174
16.5,2,9,2,175
16.5,2,9,3,176
16.5,2,9,4,177
16.5,2,9,5,178
16.5,2,9,6,179
16.5,2,9,7,179
16.5,2,9,8,180
16.5,2,9,9,181
16.5,2,9,10,182
16.5,2,9,11,183
16.5,2,9,12,183
16.5,2,9,13,184
16.5,2,9,14,185
16.5,2,9,15,186
16.5,2,10,0,174
16.5,2,10,1,175
16.5,2,10,2,176
16.5,2,10,3,177
16.5,2,10,4,178
16.5,2,10,5,179
16.5,2,10,6,180
16.5,2,10,7,180
16.5,2,10,8,181
16.5,2,10,9,182
16.5,2,10,10,183
16.5,2,10,11,184
16.5,2,10,12,184
16.5,2,10,13,185
16.5,2,10,14,186
16.5,2,10,15,187
16.5,2,11,0,175
16.5,2,11,1,176
16.5,2,11,2,177
16.5,2,11,3,178
16.5,2,11,4,179
16.5,2,11,5,180
16.5,2,11,6,180
16.5,2,11,7,181
16.5,2,11,8,182
16.5,2,11,9,183
16.5,2,11,10,184
16.5,2,11,11,185
16.5,2,11,12,185
16.5,2,11,13,186
16.5,2,11,14,187
16.5,2,11,15,188
16.5,2,12,0,176
16.5,2,12,1,177
16.5,2,12,2,178
16.5,2,12,3,179
16.5,2,12,4,180
16.5,2,12,5,181
16.5,2,12,6,181
16.5,2,12,7,182
16.5,2,12,8,183
16.5,2,12,9,184
16.5,2,12,10,185
16.5,2,12,11,186
16.5,2,12,12,186
16.5,2,12,13,187
16.5,2,12,14,188
16.5,2,12,15,189
16.5,2,13,0,177
16.5,2,13,1,178
16.5,2,13,2,179
16.5,2,13,3,180
16.5,2,13,4,181
16.5,2,13,5,182
16.5,2,13,6,182
16.5,2,13,7,183
16.5,2,13,8,184
16.5,2,13,9,185
16.5,2,13,10,186
16.5,2,13,11,187
16.5,2,13,12,187
16.5,2,13,13,188
16.5,2,13,14,189
16.5,2,13,15,190
16.5,2,14,0,178
16.5,2,14,1,179
16.5,2,14,2,180
16.5,2,14,3,181
16.5,2,14,4,182
16.5,2,14,5,182
16.5,2,14,6,183
16.5,2,14,7,184
16.5,2,14,8,185
16.5,2,14,9,186
16.5,2,14,10,187
16.5,2,14,11,188
16.5,2,14,12,188
16.5,2,14,13,189
16.5,2,14,14,190
16.5,2,14,15,191
16.5,2,15,0,179
16.5,2,15,1,180
16.5,2,15,2,181
16.5,2,15,3,182
16.5,2,15,4,183
16.5,2,15,5,183
16.5,2,15,6,184
16.5,2,15,7,185
16.5,2,15,8,186
16.5,2,15,9,187
16.5,2,15,10,188
16.5,2,15,11,189
16.5,2,15,12,189
16.5,2,15,13,190
16.5,2,15,14,191
16.5,2,15,15,192
16.5,3,0,0,167
16.5,3,0,1,168
16.5,3,0,2,169
16.5,3,0,3,170
16.5,3,0,4,171
16.5,3,0,5,172
16.5,3,0,6,172
16.5,3,0,7,173
16.5,3,0,8,174
16.5,3,0,9,175
16.5,3,0,10,176
16.5,3,0,11,176
16.5,3,0,12,177
16.5,3,0,13,178
16.5,3,0,14,179
16.5,3,0,15,179
16.5,3,1,0,168
16.5,3,1,1,169
16.5,3,1,2,170
16.5,3,1,3,171
16.5,3,1,4,172
16.5,3,1,5,173
16.5,3,1,6,173
16.5,3,1,7,174
16.5,3,1,8,175
16.5,3,1,9,176
16.5,3,1,10,177
16.5,3,1,11,177
16.5,3,1,12,178
16.5,3,1,13,179
16.5,3,1,14,180
16.5,3,1,15,180
16.5,3,2,0,169
16.5,3,2,1,170
16.5,3,2,2,171
16.5,3,2,3,172
16.5,3,2,4,173
16.5,3,2,5,174
16.5,3,2,6,174
16.5,3,2,7,175
16.5,3,2,8,176
16.5,3,2,9,177
16.5,3,2,10,178
16.5,3,2,11,178
16.5,3,2,12,179
16.5,3,2,13,180
16.5,3,2,14,181
16.5,3,2,15,182
16.5,3,3,0,170
16.5,3,3,1,171
16.5,3,3,2,172
16.5,3,3,3,173
16.5,3,3,4,174
16.5,3,3,5,175
16.5,3,3,6,175
16.5,3,3,7,176
16.5,3,3,8,177
16.5,3,3,9,178
16.5,3,3,10,179
16.5,3,3,11,179
16.5,3,3,12,180
16.5,3,3,13,181
16.5,3,3,14,182
16.5,3,3,15,183
16.5,3,4,0,171
16.5,3,4,1,172
16.5,3,4,2,173
16.5,3,4,3,174
16.5,3,4,4,175
16.5,3,4,5,176
16.5,3,4,6,176
16.5,3,4,7,177
16.5,3,4,8,178
16.5,3,4,9,179
16.5,3,4,10,180
16.5,3,4,11,181
16.5,3,4,12,181
16.5,3,4,13,182
16.5,3,4,14,183
16.5,3,4,15,184
16.5,3,5,0,172
16.5,3,5,1,173
16.5,3,5,2,174
16.5,3,5,3,175
16.5,3,5,4,176
16.5,3,5,5,177
16.5,3,5,6,177
16.5,3,5,7,178
16.5,3,5,8,179
16.5,3,5,9,180
16.5,3,5,10,181
16.5,3,5,11,182
16.5,3,5,12,182
16.5,3,5,13,183
16.5,3,5,14,184
16.5,3,5,15,185
16.5,3,6,0,173
16.5,3,6,1,174
16.5,3,6,2,175
16.5,3,6,3,176
16.5,3,6,4,177
16.5,3,6,5,178
16.5,3,6,6,178
16.5,3,6,7,179
16.5,3,6,8,180
16.5,3,6,9,181
16.5,3,6,10,182
16.5,3,6,11,183
16.5,3,6,12,183
16.5,3,6,13,184
16.5,3,6,14,185
16.5,3,6,15,186
16.5,3,7,0,174
16.5,3,7,1,175
16.5,3,7,2,176
16.5,3,7,3,177
16.5,3,7,4,178
16.5,3,7,5,179
16.5,3,7,6,179
16.5,3,7,7,180
16.5,3,7,8,181
16.5,3,7,9,182
16.5,3,7,10,183
16.5,3,7,11,184
16.5,3,7,12,184
16.5,3,7,13,185
16.5,3,7,14,186
16.5,3,7,15,187
16.5,3,8,0,175
16.5,3,8,1,176
16.5,3,8,2,177
16.5,3,8,3,178
16.5,3,8,4,179
16.5,3,8,5,180
16.5,3,8,6,180
16.5,3,8,7,181
16.5,3,8,8,182
16.5,3,8,9,183
16.5,3,8,10,184
16.5,3,8,11,185
16.5,3,8,12,185
16.5,3,8,13,186
16.5,3,8,14,187
16.5,3,8,15,188
16.5,3,9,0,176
16.5,3,9,1,177
16.5,3,9,2,178
16.5,3,9,3,179
16.5,3,9,4,180
16.5,3,9,5,181
16.5,3,9,6,181
16.5,3,9,7,182
16.5,3,9,8,183
16.5,3,9,9,184
16.5,3,9,10,185
16.5,3,9,11,186
16.5,3,9,12,186
16.5,3,9,13,187
16.5,3,9,14,188
16.5,3,9,15,189
16.5,3,10,0,177
16.5,3,10,1,178
16.5,3,10,2,179
16.5,3,10,3,180
16.5,3,10,4,181
16.5,3,10,5,182
16.5,3,10,6,182
16.5,3,10,7,183
16.5,3,10,8,184
16.5,3,10,9,185
16.5,3,10,10,186
16.5,3,10,11,187
16.5,3,10,12,187
16.5,3,10,13,188
16.5,3,10,14,189
16.5,3,10,15,190
16.5,3,11,0,178
16.5,3,11,1,179
16.5,3,11,2,180
16.5,3,11,3,181
16.5,3,11,4,182
16.5,3,11,5,183
16.5,3,11,6,183
16.5,3,11,7,184
16.5,3,11,8,185
16.5,3,11,9,186
16.5,3,11,10,187
16.5,3,11,11,188
16.5,3,11,12,188
16.5,3,11,13,189
16.5,3,11,14,190
16.5,3,11,15,191
16.5,3,12,0,179
16.5,3,12,1,180
16.5,3,12,2,181
16.5,3,12,3,182
16.5,3,12,4,183
16.5,3,12,5,184
16.5,3,12,6,184
16.5,3,12,7,185
16.5,3,12,8,186
16.5,3,12,9,187
16.5,3,12,10,188
16.5,3,12,11,189
16.5,3,12,12,189
16.5,3,12,13,190
16.5,3,12,14,191
16.5,3,12,15,192
16.5,3,13,0,180
16.5,3,13,1,181
16.5,3,13,2,182
16.5,3,13,3,183
16.5,3,13,4,184
16.5,3,13,5,185
16.5,3,13,6,185
16.5,3,13,7,186
16.5,3,13,8,187
16.5,3,13,9,188
16.5,3,13,10,189
16.5,3,13,11,190
16.5,3,13,12,190
16.5,3,13,13,191
16.5,3,13,14,192
16.5,3,13,15,193
16.5,3,14,0,181
16.5,3,14,1,182
16.5,3,14,2,183
16.5,3,14,3,184
16.5,3,14,4,185
16.5,3,14,5,185
16.5,3,14,6,186
16.5,3,14,7,187
16.5,3,14,8,188
16.5,3,14,9,189
16.5,3,14,10,190
16.5,3,14,11,191
16.5,3,14,12,191
16.5,3,14,13,192
16.5,3,14,14,193
16.5,3,14,15,194
16.5,3,15,0,182
16.5,3,15,1,183
16.5,3,15,2,184
16.5,3,15,3,185
16.5,3,15,4,186
16.5,3,15,5,186
16.5,3,15,6,187
16.5,3,15,7,188
16.5,3,15,8,189
16.5,3,15,9,190
16.5,3,15,10,191
16.5,3,15,11,192
16.5,3,15,12,192
16.5,3,15,13,193
16.5,3,15,14,194
16.5,3,15,15,195
16.5,4,0,0,170
16.5,4,0,1,171
16.5,4,0,2,172
16.5,4,0,3,173
16.5,4,0,4,174
16.5,4,0,5,174
16.5,4,0,6,175
16.5,4,0,7,176
16.5,4,0,8,177
16.5,4,0,9,178
16.5,4,0,10,178
16.5,4,0,11,179
16.5,4,0,12,180
16.5,4,0,13,181
16.5,4,0,14,182
16.5,4,0,15,182
16.5,4,1,0,171
16.5,4,1,1,172
16.5,4,1,2,173
16.5,4,1,3,174
16.5,4,1,4,175
16.5,4,1,5,175
16.5,4,1,6,176
16.5,4,1,7,177
16.5,4,1,8,178
16.5,4,1,9,179
16.5,4,1,10,179
16.5,4,1,11,180
16.5,4,1,12,181
16.5,4,1,13,182
16.5,4,1,14,183
16.5,4,1,15,183
16.5,4,2,0,172
16.5,4,2,1,173
16.5,4,2,2,174
16.5,4,2,3,175
16.5,4,2,4,176
16.5,4,2,5,176
16.5,4,2,6,177
16.5,4,2,7,178
16.5,4,2,8,179
16.5,4,2,9,180
16.5,4,2,10,180
16.5,4,2,11,181
16.5,4,2,12,182
16.5,4,2,13,183
16.5,4,2,14,184
16.5,4,2,15,184
16.5,4,3,0,173
16.5,4,3,1,174
16.5,4,3,2,175
16.5,4,3,3,176
16.5,4,3,4,177
16.5,4,3,5,177
16.5,4,3,6,178
16.5,4,3,7,179
16.5,4,3,8,180
16.5,4,3,9,181
16.5,4,3,10,182
16.5,4,3,11,182
16.5,4,3,12,183
16.5,4,3,13,184
16.5,4,3,14,185
16.5,4,3,15,186
16.5,4,4,0,174
16.5,4,4,1,175
16.5,4,4,2,176
16.5,4,4,3,177
16.5,4,4,4,178
16.5,4,4,5,178
16.5,4,4,6,179
16.5,4,4,7,180
16.5,4,4,8,181
16.5,4,4,9,182
16.5,4,4,10,183
16.5,4,4,11,183
16.5,4,4,12,184
16.5,4,4,13,185
16.5,4,4,14,186
16.5,4,4,15,187
16.5,4,5,0,175
16.5,4,5,1,176
16.5,4,5,2,177
16.5,4,5,3,178
16.5,4,5,4,179
16.5,4,5,5,180
16.5,4,5,6,180
16.5,4,5,7,181
16.5,4,5,8,182
16.5,4,5,9,183
16.5,4,5,10,184
16.5,4,5,11,184
16.5,4,5,12,185
16.5,4,5,13,186
16.5,4,5,14,187
16.5,4,5,15,188
16.5,4,6,0,176
16.5,4,6,1,177
16.5,4,6,2,178
16.5,4,6,3,179
16.5,4,6,4,180
16.5,4,6,5,181
16.5,4,6,6,181
16.5,4,6,7,182
16.5,4,6,8,183
16.5,4,6,9,184
16.5,4,6,10,185
16.5,4,6,11,186
16.5,4,6,12,186
16.5,4,6,13,187
16.5,4,6,14,188
16.5,4,6,15,189
16.5,4,7,0,177
16.5,4,7,1,178
16.5,4,7,2,179
16.5,4,7,3,180
16.5,4,7,4,181
16.5,4,7,5,182
16.5,4,7,6,182
16.5,4,7,7,183
16.5,4,7,8,184
16.5,4,7,9,185
16.5,4,7,10,186
16.5,4,7,11,187
16.5,4,7,12,187
16.5,4,7,13,188
16.5,4,7,14,189
16.5,4,7,15,190
16.5,4,8,0,178
16.5,4,8,1,179
16.5,4,8,2,180
16.5,4,8,3,181
16.5,4,8,4,182
16.5,4,8,5,183
16.5,4,8,6,183
16.5,4,8,7,184
16.5,4,8,8,185
16.5,4,8,9,186
16.5,4,8,10,187
16.5,4,8,11,188
16.5,4,8,12,188
16.5,4,8,13,189
16.5,4,8,14,190
16.5,4,8,15,191
16.5,4,9,0,179
16.5,4,9,1,180
16.5,4,9,2,181
16.5,4,9,3,182
16.5,4,9,4,183
16.5,4,9,5,184
16.5,4,9,6,184
16.5,4,9,7,185
16.5,4,9,8,186
16.5,4,9,9,187
16.5,4,9,10,188
16.5,4,9,11,189
16.5,4,9,12,189
16.5,4,9,13,190
16.5,4,9,14,191
16.5,4,9,15,192
16.5,4,10,0,180
16.5,4,10,1,181
16.5,4,10,2,182
16.5,4,10,3,183
16.5,4,10,4,184
16.5,4,10,5,185
16.5,4,10,6,185
16.5,4,10,7,186
16.5,4,10,8,187
16.5,4,10,9,188
16.5,4,10,10,189
16.5,4,10,11,190
16.5,4,10,12,191
16.5,4,10,13,191
16.5,4,10,14,192
16.5,4,10,15,193
16.5,4,11,0,181
16.5,4,11,1,182
16.5,4,11,2,183
16.5,4,11,3,184
16.5,4,11,4,185
16.5,4,11,5,186
16.5,4,11,6,186
16.5,4,11,7,187
16.5,4,11,8,188
16.5,4,11,9,189
16.5,4,11,10,190
16.5,4,11,11,191
16.5,4,11,12,192
16.5,4,11,13,192
16.5,4,11,14,193
16.5,4,11,15,194
16.5,4,12,0,182
16.5,4,12,1,183
16.5,4,12,2,184
16.5,4,12,3,185
16.5,4,12,4,186
16.5,4,12,5,187
16.5,4,12,6,187
16.5,4,12,7,188
16.5,4,12,8,189
16.5,4,12,9,190
16.5,4,12,10,191
16.5,4,12,11,192
16.5,4,12,12,193
16.5,4,12,13,193
16.5,4,12,14,194
16.5,4,12,15,195
16.5,4,13,0,183
16.5,4,13,1,184
16.5,4,13,2,185
16.5,4,13,3,186
16.5,4,13,4,187
16.5,4,13,5,188
16.5,4,13,6,188
16.5,4,13,7,189
16.5,4,13,8,190
16.5,4,13,9,191
16.5,4,13,10,192
16.5,4,13,11,193
16.5,4,13,12,194
16.5,4,13,13,194
16.5,4,13,14,195
16.5,4,13,15,196
16.5,4,14,0,184
16.5,4,14,1,185
16.5,4,14,2,186
16.5,4,14,3,187
16.5,4,14,4,188
16.5,4,14,5,188
16.5,4,14,6,189
16.5,4,14,7,190
16.5,4,14,8,191
16.5,4,14,9,192
16.5,4,14,10,193
16.5,4,14,11,194
16.5,4,14,12,195
16.5,4,14,13,195
16.5,4,14,14,196
16.5,4,14,15,197
16.5,4,15,0,185
16.5,4,15,1,186
16.5,4,15,2,187
16.5,4,15,3,188
16.5,4,15,4,189
16.5,4,15,5,189
16.5,4,15,6,190
16.5,4,15,7,191
16.5,4,15,8,192
16.5,4,15,9,193
16.5,4,15,10,194
16.5,4,15,11,195
16.5,4,15,12,196
16.5,4,15,13,196
16.5,4,15,14,197
16.5,4,15,15,198
16.5,5,0,0,173
16.5,5,0,1,174
16.5,5,0,2,175
16.5,5,0,3,175
16.5,5,0,4,176
16.5,5,0,5,177
16.5,5,0,6,178
16.5,5,0,7,179
16.5,5,0,8,180
16.5,5,0,9,180
16.5,5,0,10,181
16.5,5,0,11,182
16.5,5,0,12,183
16.5,5,0,13,184
16.5,5,0,14,184
16.5,5,0,15,185
16.5,5,1,0,174
16.5,5,1,1,175
16.5,5,1,2,176
16.5,5,1,3,176
16.5,5,1,4,177
16.5,5,1,5,178
16.5,5,1,6,179
16.5,5,1,7,180
16.5,5,1,8,181
16.5,5,1,9,181
16.5,5,1,10,182
16.5,5,1,11,183
16.5,5,1,12,184
16.5,5,1,13,185
16.5,5,1,14,186
16.5,5,1,15,186
16.5,5,2,0,175
16.5,5,2,1,176
16.5,5,2,2,177
16.5,5,2,3,178
16.5,5,2,4,178
16.5,5,2,5,179
16.5,5,2,6,180
16.5,5,2,7,181
16.5,5,2,8,182
16.5,5,2,9,183
16.5,5,2,10,183
16.5,5,2,11,184
16.5,5,2,12,185
16.5,5,2,13,186
16.5,5,2,14,187
16.5,5,2,15,187
16.5,5,3,0,176
16.5,5,3,1,177
16.5,5,3,2,178
16.5,5,3,3,179
16.5,5,3,4,179
16.5,5,3,5,180
16.5,5,3,6,181
16.5,5,3,7,182
16.5,5,3,8,183
16.5,5,3,9,184
16.5,5,3,10,184
16.5,5,3,11,185
16.5,5,3,12,186
16.5,5,3,13,187
16.5,5,3,14,188
16.5,5,3,15,189
16.5,5,4,0,177
16.5,5,4,1,178
16.5,5,4,2,179
16.5,5,4,3,180
16.5,5,4,4,180
16.5,5,4,5,181
16.5,5,4,6,182
16.5,5,4,7,183
16.5,5,4,8,184
16.5,5,4,9,185
16.5,5,4,10,186
16.5,5,4,11,186
16.5,5,4,12,187
16.5,5,4,13,188
16.5,5,4,14,189
16.5,5,4,15,190
16.5,5,5,0,178
16.5,5,5,1,179
16.5,5,5,2,180
16.5,5,5,3,181
16.5,5,5,4,182
16.5,5,5,5,182
16.5,5,5,6,183
16.5,5,5,7,184
16.5,5,5,8,185
16.5,5,5,9,186
16.5,5,5,10,187
16.5,5,5,11,187
16.5,5,5,12,188
16.5,5,5,13,189
16.5,5,5,14,190
16.5,5,5,15,191
16.5,5,6,0,179
16.5,5,6,1,180
16.5,5,6,2,181
16.5,5,6,3,182
16.5,5,6,4,183
16.5,5,6,5,183
16.5,5,6,6,184
16.5,5,6,7,185
16.5,5,6,8,186
16.5,5,6,9,187
16.5,5,6,10,188
16.5,5,6,11,188
16.5,5,6,12,189
16.5,5,6,13,190
16.5,5,6,14,191
16.5,5,6,15,192
16.5,5,7,0,180
16.5,5,7,1,181
16.5,5,7,2,182
16.5,5,7,3,183
16.5,5,7,4,184
16.5,5,7,5,184
16.5,5,7,6,185
16.5,5,7,7,186
16.5,5,7,8,187
16.5,5,7,9,188
16.5,5,7,10,189
16.5,5,7,11,190
16.5,5,7,12,190
16.5,5,7,13,191
16.5,5,7,14,192
16.5,5,7,15,193
16.5,5,8,0,181
16.5,5,8,1,182
16.5,5,8,2,183
16.5,5,8,3,184
16.5,5,8,4,185
16.5,5,8,5,185
16.5,5,8,6,186
16.5,5,8,7,187
16.5,5,8,8,188
16.5,5,8,9,189
16.5,5,8,10,190
16.5,5,8,11,191
16.5,5,8,12,191
16.5,5,8,13,192
16.5,5,8,14,193
16.5,5,8,15,194
16.5,5,9,0,182
16.5,5,9,1,183
16.5,5,9,2,184
16.5,5,9,3,185
16.5,5,9,4,186
16.5,5,9,5,186
16.5,5,9,6,187
16.5,5,9,7,188
16.5,5,9,8,189
16.5,5,9,9,190
16.5,5,9,10,191
16.5,5,9,11,192
16.5,5,9,12,192
16.5,5,9,13,193
16.5,5,9,14,194
16.5,5,9,15,195
16.5,5,10,0,183
16.5,5,10,1,184
16.5,5,10,2,185
16.5,5,10,3,186
16.5,5,10,4,187
16.5,5,10,5,187
16.5,5,10,6,188
16.5,5,10,7,189
16.5,5,10,8,190
16.5,5,10,9,191
16.5,5,10,10,192
16.5,5,10,11,193
16.5,5,10,12,194
16.5,5,10,13,194
16.5,5,10,14,195
16.5,5,10,15,196
16.5,5,11,0,184
16.5,5,11,1,185
16.5,5,11,2,186
16.5,5,11,3,187
16.5,5,11,4,188
16.5,5,11,5,188
16.5,5,11,6,189
16.5,5,11,7,190
16.5,5,11,8,191
16.5,5,11,9,192
16.5,5,11,10,193
16.5,5,11,11,194
16.5,5,11,12,195
16.5,5,11,13,195
16.5,5,11,14,196
16.5,5,11,15,197
16.5,5,12,0,185
16.5,5,12,1,186
16.5,5,12,2,187
16.5,5,12,3,188
16.5,5,12,4,189
16.5,5,12,5,189
16.5,5,12,6,190
16.5,5,12,7,191
16.5,5,12,8,192
16.5,5,12,9,193
16.5,5,12,10,194
16.5,5,12,11,195
16.5,5,12,12,196
16.5,5,12,13,196
16.5,5,12,14,197
16.5,5,12,15,198
16.5,5,13,0,186
16.5,5,13,1,187
16.5,5,13,2,188
16.5,5,13,3,189
16.5,5,13,4,190
16.5,5,13,5,190
16.5,5,13,6,191
16.5,5,13,7,192
16.5,5,13,8,193
16.5,5,13,9,194
16.5,5,13,10,195
16.5,5,13,11,196
16.5,5,13,12,197
16.5,5,13,13,198
16.5,5,13,14,198
16.5,5,13,15,199
16.5,5,14,0,187
16.5,5,14,1,188
16.5,5,14,2,189
16.5,5,14,3,190
16.5,5,14,4,191
16.5,5,14,5,191
16.5,5,14,6,192
16.5,5,14,7,193
16.5,5,14,8,194
16.5,5,14,9,195
16.5,5,14,10,196
16.5,5,14,11,197
16.5,5,14,12,198
16.5,5,14,13,199
16.5,5,14,14,199
16.5,5,14,15,200
16.5,5,15,0,188
16.5,5,15,1,189
16.5,5,15,2,190
16.5,5,15,3,191
16.5,5,15,4,192
16.5,5,15,5,192
16.5,5,15,6,193
16.5,5,15,7,194
16.5,5,15,8,195
16.5,5,15,9,196
16.5,5,15,10,197
16.5,5,15,11,198
16.5,5,15,12,199
16.5,5,15,13,200
16.5,5,15,14,200
16.5,5,15,15,201
16.5,6,0,0,176
16.5,6,0,1,176
16.5,6,0,2,177
16.5,6,0,3,178
16.5,6,0,4,179
16.5,6,0,5,180
16.5,6,0,6,181
16.5,6,0,7,182
16.5,6,0,8,182
16.5,6,0,9,183
16.5,6,0,10,184
16.5,6,0,11,185
16.5,6,0,12,186
16.5,6,0,13,186
16.5,6,0,14,187
16.5,6,0,15,188
16.5,6,1,0,177
16.5,6,1,1,178
16.5,6,1,2,178
16.5,6,1,3,179
16.5,6,1,4,180
16.5,6,1,5,181
16.5,6,1,6,182
16.5,6,1,7,183
16.5,6,1,8,183
16.5,6,1,9,184
16.5,6,1,10,185
16.5,6,1,11,186
16.5,6,1,12,187
16.5,6,1,13,188
16.5,6,1,14,188
16.5,6,1,15,189
16.5,6,2,0,178
16.5,6,2,1,179
16.5,6,2,2,179
16.5,6,2,3,180
16.5,6,2,4,181
16.5,6,2,5,182
16.5,6,2,6,183
16.5,6,2,7,184
16.5,6,2,8,185
16.5,6,2,9,185
16.5,6,2,10,186
16.5,6,2,11,187
16.5,6,2,12,188
16.5,6,2,13,189
16.5,6,2,14,190
16.5,6,2,15,190
16.5,6,3,0,179
16.5,6,3,1,180
16.5,6,3,2,181
16.5,6,3,3,181
16.5,6,3,4,182
16.5,6,3,5,183
16.5,6,3,6,184
16.5,6,3,7,185
16.5,6,3,8,186
16.5,6,3,9,186
16.5,6,3,10,187
16.5,6,3,11,188
16.5,6,3,12,189
16.5,6,3,13,190
16.5,6,3,14,191
16.5,6,3,15,191
16.5,6,4,0,180
16.5,6,4,1,181
16.5,6,4,2,182
16.5,6,4,3,182
16.5,6,4,4,183
16.5,6,4,5,184
16.5,6,4,6,185
16.5,6,4,7,186
16.5,6,4,8,187
16.5,6,4,9,188
16.5,6,4,10,188
16.5,6,4,11,189
16.5,6,4,12,190
16.5,6,4,13,191
16.5,6,4,14,192
16.5,6,4,15,193
16.5,6,5,0,181
16.5,6,5,1,182
16.5,6,5,2,183
16.5,6,5,3,183
16.5,6,5,4,184
16.5,6,5,5,185
16.5,6,5,6,186
16.5,6,5,7,187
16.5,6,5,8,188
16.5,6,5,9,189
16.5,6,5,10,190
16.5,6,5,11,190
16.5,6,5,12,191
16.5,6,5,13,192
16.5,6,5,14,193
16.5,6,5,15,194
16.5,6,6,0,182
16.5,6,6,1,183
16.5,6,6,2,184
16.5,6,6,3,185
16.5,6,6,4,185
16.5,6,6,5,186
16.5,6,6,6,187
16.5,6,6,7,188
16.5,6,6,8,189
16.5,6,6,9,190
16.5,6,6,10,191
16.5,6,6,11,191
16.5,6,6,12,192
16.5,6,6,13,193
16.5,6,6,14,194
16.5,6,6,15,195
16.5,6,7,0,183
16.5,6,7,1,184
16.5,6,7,2,185
16.5,6,7,3,186
16.5,6,7,4,186
16.5,6,7,5,187
16.5,6,7,6,188
16.5,6,7,7,189
16.5,6,7,8,190
16.5,6,7,9,191
16.5,6,7,10,192
16.5,6,7,11,193
16.5,6,7,12,193
16.5,6,7,13,194
16.5,6,7,14,195
16.5,6,7,15,196
16.5,6,8,0,184
16.5,6,8,1,185
16.5,6,8,2,186
16.5,6,8,3,187
16.5,6,8,4,187
16.5,6,8,5,188
16.5,6,8,6,189
16.5,6,8,7,190
16.5,6,8,8,191
16.5,6,8,9,192
16.5,6,8,10,193
16.5,6,8,11,194
16.5,6,8,12,194
16.5,6,8,13,195
16.5,6,8,14,196
16.5,6,8,15,197
16.5,6,9,0,185
16.5,6,9,1,186
16.5,6,9,2,187
16.5,6,9,3,188
16.5,6,9,4,189
16.5,6,9,5,189
16.5,6,9,6,190
16.5,6,9,7,191
16.5,6,9,8,192
16.5,6,9,9,193
16.5,6,9,10,194
16.5,6,9,11,195
16.5,6,9,12,196
16.5,6,9,13,196
16.5,6,9,14,197
16.5,6,9,15,198
16.5,6,10,0,186
16.5,6,10,1,187
16.5,6,10,2,188
16.5,6,10,3,189
16.5,6,10,4,190
16.5,6,10,5,190
16.5,6,10,6,191
16.5,6,10,7,192
16.5,6,10,8,193
16.5,6,10,9,194
16.5,6,10,10,195
16.5,6,10,11,196
16.5,6,10,12,197
16.5,6,10,13,197
16.5,6,10,14,198
16.5,6,10,15,199
16.5,6,11,0,187
16.5,6,11,1,188
16.5,6,11,2,189
16.5,6,11,3,190
16.5,6,11,4,191
16.5,6,11,5,191
16.5,6,11,6,192
16.5,6,11,7,193
16.5,6,11,8,194
16.5,6,11,9,195
16.5,6,11,10,196
16.5,6,11,11,197
16.5,6,11,12,198
16.5,6,11,13,198
16.5,6,11,14,199
16.5,6,11,15,200
16.5,6,12,0,188
16.5,6,12,1,189
16.5,6,12,2,190
16.5,6,12,3,191
16.5,6,12,4,192
16.5,6,12,5,192
16.5,6,12,6,193
16.5,6,12,7,194
16.5,6,12,8,195
16.5,6,12,9,196
16.5,6,12,10,197
16.5,6,12,11,198
16.5,6,12,12,199
16.5,6,12,13,200
16.5,6,12,14,200
16.5,6,12,15,201
16.5,6,13,0,189
16.5,6,13,1,190
16.5,6,13,2,191
16.5,6,13,3,192
16.5,6,13,4,193
16.5,6,13,5,193
16.5,6,13,6,194
16.5,6,13,7,195
16.5,6,13,8,196
16.5,6,13,9,197
16.5,6,13,10,198
16.5,6,13,11,199
16.5,6,13,12,200
16.5,6,13,13,201
16.5,6,13,14,201
16.5,6,13,15,202
16.5,6,14,0,190
16.5,6,14,1,191
16.5,6,14,2,192
16.5,6,14,3,193
16.5,6,14,4,194
16.5,6,14,5,194
16.5,6,14,6,195
16.5,6,14,7,196
16.5,6,14,8,197
16.5,6,14,9,198
16.5,6,14,10,199
16.5,6,14,11,200
16.5,6,14,12,201
16.5,6,14,13,202
16.5,6,14,14,203
16.5,6,14,15,203
16.5,6,15,0,191
16.5,6,15,1,192
16.5,6,15,2,193
16.5,6,15,3,194
16.5,6,15,4,195
16.5,6,15,5,195
16.5,6,15,6,196
16.5,6,15,7,197
16.5,6,15,8,198
16.5,6,15,9,199
16.5,6,15,10,200
16.5,6,15,11,201
16.5,6,15,12,202
16.5,6,15,13,203
16.5,6,15,14,204
16.5,6,15,15,204
16.5,7,0,0,178
16.5,7,0,1,179
16.5,7,0,2,180
16.5,7,0,3,181
16.5,7,0,4,182
16.5,7,0,5,183
16.5,7,0,6,183
16.5,7,0,7,184
16.5,7,0,8,185
16.5,7,0,9,186
16.5,7,0,10,187
16.5,7,0,11,188
16.5,7,0,12,189
16.5,7,0,13,189
16.5,7,0,14,190
16.5,7,0,15,191
16.5,7,1,0,179
16.5,7,1,1,180
16.5,7,1,2,181
16.5,7,1,3,182
16.5,7,1,4,183
16.5,7,1,5,184
16.5,7,1,6,185
16.5,7,1,7,185
16.5,7,1,8,186
16.5,7,1,9,187
16.5,7,1,10,188
16.5,7,1,11,189
16.5,7,1,12,190
16.5,7,1,13,191
16.5,7,1,14,191
16.5,7,1,15,192
16.5,7,2,0,180
16.5,7,2,1,181
16.5,7,2,2,182
16.5,7,2,3,183
16.5,7,2,4,184
16.5,7,2,5,185
16.5,7,2,6,186
16.5,7,2,7,187
16.5,7,2,8,187
16.5,7,2,9,188
16.5,7,2,10,189
16.5,7,2,11,190
16.5,7,2,12,191
16.5,7,2,13,192
16.5,7,2,14,192
16.5,7,2,15,193
16.5,7,3,0,182
16.5,7,3,1,182
16.5,7,3,2,183
16.5,7,3,3,184
16.5,7,3,4,185
16.5,7,3,5,186
16.5,7,3,6,187
16.5,7,3,7,188
16.5,7,3,8,189
16.5,7,3,9,189
16.5,7,3,10,190
16.5,7,3,11,191
16.5,7,3,12,192
16.5,7,3,13,193
16.5,7,3,14,194
16.5,7,3,15,194
16.5,7,4,0,183
16.5,7,4,1,183
16.5,7,4,2,184
16.5,7,4,3,185
16.5,7,4,4,186
16.5,7,4,5,187
16.5,7,4,6,188
16.5,7,4,7,189
16.5,7,4,8,190
16.5,7,4,9,190
16.5,7,4,10,191
16.5,7,4,11,192
16.5,7,4,12,193
16.5,7,4,13,194
16.5,7,4,14,195
16.5,7,4,15,196
16.5,7,5,0,184
16.5,7,5,1,185
16.5,7,5,2,185
16.5,7,5,3,186
16.5,7,5,4,187
16.5,7,5,5,188
16.5,7,5,6,189
16.5,7,5,7,190
16.5,7,5,8,191
16.5,7,5,9,192
16.5,7,5,10,192
16.5,7,5,11,193
16.5,7,5,12,194
16.5,7,5,13,195
16.5,7,5,14,196
16.5,7,5,15,197
16.5,7,6,0,185
16.5,7,6,1,186
16.5,7,6,2,186
16.5,7,6,3,187
16.5,7,6,4,188
16.5,7,6,5,189
16.5,7,6,6,190
16.5,7,6,7,191
16.5,7,6,8,192
16.5,7,6,9,193
16.5,7,6,10,194
16.5,7,6,11,194
16.5,7,6,12,195
16.5,7,6,13,196
16.5,7,6,14,197
16.5,7,6,15,198
16.5,7,7,0,186
16.5,7,7,1,187
16.5,7,7,2,188
16.5,7,7,3,188
16.5,7,7,4,189
16.5,7,7,5,190
16.5,7,7,6,191
16.5,7,7,7,192
16.5,7,7,8,193
16.5,7,7,9,194
16.5,7,7,10,195
16.5,7,7,11,195
16.5,7,7,12,196
16.5,7,7,13,197
16.5,7,7,14,198
16.5,7,7,15,199
16.5,7,8,0,187
16.5,7,8,1,188
16.5,7,8,2,189
16.5,7,8,3,189
16.5,7,8,4,190
16.5,7,8,5,191
16.5,7,8,6,192
16.5,7,8,7,193
16.5,7,8,8,194
16.5,7,8,9,195
16.5,7,8,10,196
16.5,7,8,11,197
16.5,7,8,12,197
16.5,7,8,13,198
16.5,7,8,14,199
16.5,7,8,15,200
16.5,7,9,0,188
16.5,7,9,1,189
16.5,7,9,2,190
16.5,7,9,3,191
16.5,7,9,4,191
16.5,7,9,5,192
16.5,7,9,6,193
16.5,7,9,7,194
16.5,7,9,8,195
16.5,7,9,9,196
16.5,7,9,10,197
16.5,7,9,11,198
16.5,7,9,12,199
16.5,7,9,13,199
16.5,7,9,14,200
16.5,7,9,15,201
16.5,7,10,0,189
16.5,7,10,1,190
16.5,7,10,2,191
16.5,7,10,3,192
16.5,7,10,4,192
16.5,7,10,5,193
16.5,7,10,6,194
16.5,7,10,7,195
16.5,7,10,8,196
16.5,7,10,9,197
16.5,7,10,10,198
16.5,7,10,11,199
16.5,7,10,12,200
16.5,7,10,13,200
16.5,7,10,14,201
16.5,7,10,15,202
16.5,7,11,0,190
16.5,7,11,1,191
16.5,7,11,2,192
16.5,7,11,3,193
16.5,7,11,4,193
16.5,7,11,5,194
16.5,7,11,6,195
16.5,7,11,7,196
16.5,7,11,8,197
16.5,7,11,9,198
16.5,7,11,10,199
16.5,7,11,11,200
16.5,7,11,12,201
16.5,7,11,13,202
16.5,7,11,14,202
16.5,7,11,15,203
16.5,7,12,0,191
16.5,7,12,1,192
16.5,7,12,2,193
16.5,7,12,3,194
16.5,7,12,4,195
16.5,7,12,5,195
16.5,7,12,6,196
16.5,7,12,7,197
16.5,7,12,8,198
16.5,7,12,9,199
16.5,7,12,10,200
16.5,7,12,11,201
16.5,7,12,12,202
16.5,7,12,13,203
16.5,7,12,14,204
16.5,7,12,15,204
16.5,7,13,0,192
16.5,7,13,1,193
16.5,7,13,2,194
16.5,7,13,3,195
16.5,7,13,4,196
16.5,7,13,5,196
16.5,7,13,6,197
16.5,7,13,7,198
16.5,7,13,8,199
16.5,7,13,9,200
16.5,7,13,10,201
16.5,7,13,11,202
16.5,7,13,12,203
16.5,7,13,13,204
16.5,7,13,14,205
16.5,7,13,15,205
16.5,7,14,0,193
16.5,7,14,1,194
16.5,7,14,2,195
16.5,7,14,3,196
16.5,7,14,4,197
16.5,7,14,5,197
16.5,7,14,6,198
16.5,7,14,7,199
16.5,7,14,8,200
16.5,7,14,9,201
16.5,7,14,10,202
16.5,7,14,11,203
16.5,7,14,12,204
16.5,7,14,13,205
16.5,7,14,14,206
16.5,7,14,15,207
16.5,7,15,0,194
16.5,7,15,1,195
16.5,7,15,2,196
16.5,7,15,3,197
16.5,7,15,4,198
16.5,7,15,5,199
16.5,7,15,6,199
16.5,7,15,7,200
16.5,7,15,8,201
16.5,7,15,9,202
16.5,7,15,10,203
16.5,7,15,11,204
16.5,7,15,12,205
16.5,7,15,13,206
16.5,7,15,14,207
16.5,7,15,15,208
16.5,8,0,0,181
16.5,8,0,1,182
16.5,8,0,2,183
16.5,8,0,3,184
16.5,8,0,4,185
16.5,8,0,5,185
16.5,8,0,6,186
16.5,8,0,7,187
16.5,8,0,8,188
16.5,8,0,9,189
16.5,8,0,10,190
16.5,8,0,11,191
16.5,8,0,12,191
16.5,8,0,13,192
16.5,8,0,14,193
16.5,8,0,15,194
16.5,8,1,0,182
16.5,8,1,1,183
16.5,8,1,2,184
16.5,8,1,3,185
16.5,8,1,4,186
16.5,8,1,5,187
16.5,8,1,6,187
16.5,8,1,7,188
16.5,8,1,8,189
16.5,8,1,9,190
16.5,8,1,10,191
16.5,8,1,11,192
16.5,8,1,12,193
16.5,8,1,13,193
16.5,8,1,14,194
16.5,8,1,15,195
16.5,8,2,0,183
16.5,8,2,1,184
16.5,8,2,2,185
16.5,8,2,3,186
16.5,8,2,4,187
16.5,8,2,5,188
16.5,8,2,6,189
16.5,8,2,7,189
16.5,8,2,8,190
16.5,8,2,9,191
16.5,8,2,10,192
16.5,8,2,11,193
16.5,8,2,12,194
16.5,8,2,13,195
16.5,8,2,14,195
16.5,8,2,15,196
16.5,8,3,0,184
16.5,8,3,1,185
16.5,8,3,2,186
16.5,8,3,3,187
16.5,8,3,4,188
16.5,8,3,5,189
16.5,8,3,6,190
16.5,8,3,7,191
16.5,8,3,8,191
16.5,8,3,9,192
16.5,8,3,10,193
16.5,8,3,11,194
16.5,8,3,12,195
16.5,8,3,13,196
16.5,8,3,14,197
16.5,8,3,15,197
16.5,8,4,0,185
16.5,8,4,1,186
16.5,8,4,2,187
16.5,8,4,3,188
16.5,8,4,4,189
16.5,8,4,5,190
16.5,8,4,6,191
16.5,8,4,7,192
16.5,8,4,8,192
16.5,8,4,9,193
16.5,8,4,10,194
16.5,8,4,11,195
16.5,8,4,12,196
16.5,8,4,13,197
16.5,8,4,14,198
16.5,8,4,15,199
16.5,8,5,0,186
16.5,8,5,1,187
16.5,8,5,2,188
16.5,8,5,3,189
16.5,8,5,4,190
16.5,8,5,5,191
16.5,8,5,6,192
16.5,8,5,7,193
16.5,8,5,8,194
16.5,8,5,9,194
16.5,8,5,10,195
16.5,8,5,11,196
16.5,8,5,12,197
16.5,8,5,13,198
16.5,8,5,14,199
16.5,8,5,15,200
16.5,8,6,0,187
16.5,8,6,1,188
16.5,8,6,2,189
16.5,8,6,3,190
16.5,8,6,4,191
16.5,8,6,5,192
16.5,8,6,6,193
16.5,8,6,7,194
16.5,8,6,8,195
16.5,8,6,9,196
16.5,8,6,10,196
16.5,8,6,11,197
16.5,8,6,12,198
16.5,8,6,13,199
16.5,8,6,14,200
16.5,8,6,15,201
16.5,8,7,0,189
16.5,8,7,1,189
16.5,8,7,2,190
16.5,8,7,3,191
16.5,8,7,4,192
16.5,8,7,5,193
16.5,8,7,6,194
16.5,8,7,7,195
16.5,8,7,8,196
16.5,8,7,9,197
16.5,8,7,10,198
16.5,8,7,11,198
16.5,8,7,12,199
16.5,8,7,13,200
16.5,8,7,14,201
16.5,8,7,15,202
16.5,8,8,0,190
16.5,8,8,1,190
16.5,8,8,2,191
16.5,8,8,3,192
16.5,8,8,4,193
16.5,8,8,5,194
16.5,8,8,6,195
16.5,8,8,7,196
16.5,8,8,8,197
16.5,8,8,9,198
16.5,8,8,10,199
16.5,8,8,11,200
16.5,8,8,12,200
16.5,8,8,13,201
16.5,8,8,14,202
16.5,8,8,15,203
16.5,8,9,0,191
16.5,8,9,1,192
16.5,8,9,2,192
16.5,8,9,3,193
16.5,8,9,4,194
16.5,8,9,5,195
16.5,8,9,6,196
16.5,8,9,7,197
16.5,8,9,8,198
16.5,8,9,9,199
16.5,8,9,10,200
16.5,8,9,11,201
16.5,8,9,12,202
16.5,8,9,13,202
16.5,8,9,14,203
16.5,8,9,15,204
16.5,8,10,0,192
16.5,8,10,1,193
16.5,8,10,2,194
16.5,8,10,3,194
16.5,8,10,4,195
16.5,8,10,5,196
16.5,8,10,6,197
16.5,8,10,7,198
16.5,8,10,8,199
16.5,8,10,9,200
16.5,8,10,10,201
16.5,8,10,11,202
16.5,8,10,12,203
16.5,8,10,13,204
16.5,8,10,14,204
16.5,8,10,15,205
16.5,8,11,0,193
16.5,8,11,1,194
16.5,8,11,2,195
16.5,8,11,3,195
16.5,8,11,4,196
16.5,8,11,5,197
16.5,8,11,6,198
16.5,8,11,7,199
16.5,8,11,8,200
16.5,8,11,9,201
16.5,8,11,10,202
16.5,8,11,11,203
16.5,8,11,12,204
16.5,8,11,13,205
16.5,8,11,14,206
16.5,8,11,15,206
16.5,8,12,0,194
16.5,8,12,1,195
16.5,8,12,2,196
16.5,8,12,3,197
16.5,8,12,4,197
16.5,8,12,5,198
16.5,8,12,6,199
16.5,8,12,7,200
16.5,8,12,8,201
16.5,8,12,9,202
16.5,8,12,10,203
16.5,8,12,11,204
16.5,8,12,12,205
16.5,8,12,13,206
16.5,8,12,14,207
16.5,8,12,15,207
16.5,8,13,0,195
16.5,8,13,1,196
16.5,8,13,2,197
16.5,8,13,3,198
16.5,8,13,4,199
16.5,8,13,5,199
16.5,8,13,6,200
16.5,8,13,7,201
16.5,8,13,8,202
16.5,8,13,9,203
16.5,8,13,10,204
16.5,8,13,11,205
16.5,8,13,12,206
16.5,8,13,13,207
16.5,8,13,14,208
16.5,8,13,15,209
16.5,8,14,0,196
16.5,8,14,1,197
16.5,8,14,2,198
16.5,8,14,3,199
16.5,8,14,4,200
16.5,8,14,5,200
16.5,8,14,6,201
16.5,8,14,7,202
16.5,8,14,8,203
16.5,8,14,9,204
16.5,8,14,10,205
16.5,8,14,11,206
16.5,8,14,12,207
16.5,8,14,13,208
16.5,8,14,14,209
16.5,8,14,15,210
16.5,8,15,0,197
16.5,8,15,1,198
16.5,8,15,2,199
16.5,8,15,3,200
16.5,8,15,4,201
16.5,8,15,5,202
16.5,8,15,6,202
16.5,8,15,7,203
16.5,8,15,8,204
16.5,8,15,9,205
16.5,8,15,10,206
16.5,8,15,11,207
16.5,8,15,12,208
16.5,8,15,13,209
16.5,8,15,14,210
16.5,8,15,15,211
16.5,9,0,0,184
16.5,9,0,1,185
16.5,9,0,2,186
16.5,9,0,3,186
16.5,9,0,4,187
16.5,9,0,5,188
16.5,9,0,6,189
16.5,9,0,7,190
16.5,9,0,8,191
16.5,9,0,9,192
16.5,9,0,10,193
16.5,9,0,11,193
16.5,9,0,12,194
16.5,9,0,13,195
16.5,9,0,14,196
16.5,9,0,15,197
16.5,9,1,0,185
16.5,9,1,1,186
16.5,9,1,2,187
16.5,9,1,3,188
16.5,9,1,4,188
16.5,9,1,5,189
16.5,9,1,6,190
16.5,9,1,7,191
16.5,9,1,8,192
16.5,9,1,9,193
16.5,9,1,10,194
16.5,9,1,11,195
16.5,9,1,12,195
16.5,9,1,13,196
16.5,9,1,14,197
16.5,9,1,15,198
16.5,9,2,0,186
16.5,9,2,1,187
16.5,9,2,2,188
16.5,9,2,3,189
16.5,9,2,4,190
16.5,9,2,5,190
16.5,9,2,6,191
16.5,9,2,7,192
16.5,9,2,8,193
16.5,9,2,9,194
16.5,9,2,10,195
16.5,9,2,11,196
16.5,9,2,12,197
16.5,9,2,13,197
16.5,9,2,14,198
16.5,9,2,15,199
16.5,9,3,0,187
16.5,9,3,1,188
16.5,9,3,2,189
16.5,9,3,3,190
16.5,9,3,4,191
16.5,9,3,5,192
16.5,9,3,6,192
16.5,9,3,7,193
16.5,9,3,8,194
16.5,9,3,9,195
16.5,9,3,10,196
16.5,9,3,11,197
16.5,9,3,12,198
16.5,9,3,13,199
16.5,9,3,14,199
16.5,9,3,15,200
16.5,9,4,0,188
16.5,9,4,1,189
16.5,9,4,2,190
16.5,9,4,3,191
16.5,9,4,4,192
16.5,9,4,5,193
16.5,9,4,6,194
16.5,9,4,7,194
16.5,9,4,8,195
16.5,9,4,9,196
16.5,9,4,10,197
16.5,9,4,11,198
16.5,9,4,12,199
16.5,9,4,13,200
16.5,9,4,14,201
16.5,9,4,15,202
16.5,9,5,0,189
16.5,9,5,1,190
16.5,9,5,2,191
16.5,9,5,3,192
16.5,9,5,4,193
16.5,9,5,5,194
16.5,9,5,6,195
16.5,9,5,7,196
16.5,9,5,8,196
16.5,9,5,9,197
16.5,9,5,10,198
16.5,9,5,11,199
16.5,9,5,12,200
16.5,9,5,13,201
16.5,9,5,14,202
16.5,9,5,15,203
16.5,9,6,0,190
16.5,9,6,1,191
16.5,9,6,2,192
16.5,9,6,3,193
16.5,9,6,4,194
16.5,9,6,5,195
16.5,9,6,6,196
16.5,9,6,7,197
16.5,9,6,8,198
16.5,9,6,9,199
16.5,9,6,10,199
16.5,9,6,11,200
16.5,9,6,12,201
16.5,9,6,13,202
16.5,9,6,14,203
16.5,9,6,15,204
16.5,9,7,0,191
16.5,9,7,1,192
16.5,9,7,2,193
16.5,9,7,3,194
16.5,9,7,4,195
16.5,9,7,5,196
16.5,9,7,6,197
16.5,9,7,7,198
16.5,9,7,8,199
16.5,9,7,9,200
16.5,9,7,10,201
16.5,9,7,11,201
16.5,9,7,12,202
16.5,9,7,13,203
16.5,9,7,14,204
16.5,9,7,15,205
16.5,9,8,0,192
16.5,9,8,1,193
16.5,9,8,2,194
16.5,9,8,3,195
16.5,9,8,4,196
16.5,9,8,5,197
16.5,9,8,6,198
16.5,9,8,7,199
16.5,9,8,8,200
16.5,9,8,9,201
16.5,9,8,10,202
16.5,9,8,11,203
16.5,9,8,12,203
16.5,9,8,13,204
16.5,9,8,14,205
16.5,9,8,15,206
16.5,9,9,0,193
16.5,9,9,1,194
16.5,9,9,2,195
16.5,9,9,3,196
16.5,9,9,4,197
16.5,9,9,5,198
16.5,9,9,6,199
16.5,9,9,7,200
16.5,9,9,8,201
16.5,9,9,9,202
16.5,9,9,10,203
16.5,9,9,11,204
16.5,9,9,12,205
16.5,9,9,13,205
16.5,9,9,14,206
16.5,9,9,15,207
16.5,9,10,0,195
16.5,9,10,1,195
16.5,9,10,2,196
16.5,9,10,3,197
16.5,9,10,4,198
16.5,9,10,5,199
16.5,9,10,6,200
16.5,9,10,7,201
16.5,9,10,8,202
16.5,9,10,9,203
16.5,9,10,10,204
16.5,9,10,11,205
16.5,9,10,12,206
16.5,9,10,13,207
16.5,9,10,14,207
16.5,9,10,15,208
16.5,9,11,0,196
16.5,9,11,1,197
16.5,9,11,2,197
16.5,9,11,3,198
16.5,9,11,4,199
16.5,9,11,5,200
16.5,9,11,6,201
16.5,9,11,7,202
16.5,9,11,8,203
16.5,9,11,9,204
16.5,9,11,10,205
16.5,9,11,11,206
16.5,9,11,12,207
16.5,9,11,13,208
16.5,9,11,14,209
16.5,9,11,15,209
16.5,9,12,0,197
16.5,9,12,1,198
16.5,9,12,2,199
16.5,9,12,3,199
16.5,9,12,4,200
16.5,9,12,5,201
16.5,9,12,6,202
16.5,9,12,7,203
16.5,9,12,8,204
16.5,9,12,9,205
16.5,9,12,10,206
16.5,9,12,11,207
16.5,9,12,12,208
16.5,9,12,13,209
16.5,9,12,14,210
16.5,9,12,15,211
16.5,9,13,0,198
16.5,9,13,1,199
16.5,9,13,2,200
16.5,9,13,3,201
16.5,9,13,4,201
16.5,9,13,5,202
16.5,9,13,6,203
16.5,9,13,7,204
16.5,9,13,8,205
16.5,9,13,9,206
16.5,9,13,10,207
16.5,9,13,11,208
16.5,9,13,12,209
16.5,9,13,13,210
16.5,9,13,14,211
16.5,9,13,15,212
16.5,9,14,0,199
16.5,9,14,1,200
16.5,9,14,2,201
16.5,9,14,3,202
16.5,9,14,4,203
16.5,9,14,5,203
16.5,9,14,6,204
16.5,9,14,7,205
16.5,9,14,8,206
16.5,9,14,9,207
16.5,9,14,10,208
16.5,9,14,11,209
16.5,9,14,12,210
16.5,9,14,13,211
16.5,9,14,14,212
16.5,9,14,15,213
16.5,9,15,0,200
16.5,9,15,1,201
16.5,9,15,2,202
16.5,9,15,3,203
16.5,9,15,4,204
16.5,9,15,5,205
16.5,9,15,6,205
16.5,9,15,7,206
16.5,9,15,8,207
16.5,9,15,9,208
16.5,9,15,10,209
16.5,9,15,11,210
16.5,9,15,12,211
16.5,9,15,13,212
16.5,9,15,14,213
16.5,9,15,15,214
16.5,10,0,0,186
16.5,10,0,1,187
16.5,10,0,2,188
16.5,10,0,3,189
16.5,10,0,4,190
16.5,10,0,5,191
16.5,10,0,6,192
16.5,10,0,7,193
16.5,10,0,8,194
16.5,10,0,9,195
16.5,10,0,10,195
16.5,10,0,11,196
16.5,10,0,12,197
16.5,10,0,13,198
16.5,10,0,14,199
16.5,10,0,15,200
16.5,10,1,0,188
16.5,10,1,1,188
16.5,10,1,2,189
16.5,10,1,3,190
16.5,10,1,4,191
16.5,10,1,5,192
16.5,10,1,6,193
16.5,10,1,7,194
16.5,10,1,8,195
16.5,10,1,9,196
16.5,10,1,10,197
16.5,10,1,11,197
16.5,10,1,12,198
16.5,10,1,13,199
16.5,10,1,14,200
16.5,10,1,15,201
16.5,10,2,0,189
16.5,10,2,1,190
16.5,10,2,2,191
16.5,10,2,3,191
16.5,10,2,4,192
16.5,10,2,5,193
16.5,10,2,6,194
16.5,10,2,7,195
16.5,10,2,8,196
16.5,10,2,9,197
16.5,10,2,10,198
16.5,10,2,11,199
16.5,10,2,12,199
16.5,10,2,13,200
16.5,10,2,14,201
16.5,10,2,15,202
16.5,10,3,0,190
16.5,10,3,1,191
16.5,10,3,2,192
16.5,10,3,3,193
16.5,10,3,4,193
16.5,10,3,5,194
16.5,10,3,6,195
16.5,10,3,7,196
16.5,10,3,8,197
16.5,10,3,9,198
16.5,10,3,10,199
16.5,10,3,11,200
16.5,10,3,12,201
16.5,10,3,13,202
16.5,10,3,14,202
16.5,10,3,15,203
16.5,10,4,0,191
16.5,10,4,1,192
16.5,10,4,2,193
16.5,10,4,3,194
16.5,10,4,4,195
16.5,10,4,5,196
16.5,10,4,6,196
16.5,10,4,7,197
16.5,10,4,8,198
16.5,10,4,9,199
16.5,10,4,10,200
16.5,10,4,11,201
16.5,10,4,12,202
16.5,10,4,13,203
16.5,10,4,14,204
16.5,10,4,15,204
16.5,10,5,0,192
16.5,10,5,1,193
16.5,10,5,2,194
16.5,10,5,3,195
16.5,10,5,4,196
16.5,10,5,5,197
16.5,10,5,6,198
16.5,10,5,7,198
16.5,10,5,8,199
16.5,10,5,9,200
16.5,10,5,10,201
16.5,10,5,11,202
16.5,10,5,12,203
16.5,10,5,13,204
16.5,10,5,14,205
16.5,10,5,15,206
16.5,10,6,0,193
16.5,10,6,1,194
16.5,10,6,2,195
16.5,10,6,3,196
16.5,10,6,4,197
16.5,10,6,5,198
16.5,10,6,6,199
16.5,10,6,7,200
16.5,10,6,8,201
16.5,10,6,9,201
16.5,10,6,10,202
16.5,10,6,11,203
16.5,10,6,12,204
16.5,10,6,13,205
16.5,10,6,14,206
16.5,10,6,15,207
16.5,10,7,0,194
16.5,10,7,1,195
16.5,10,7,2,196
16.5,10,7,3,197
16.5,10,7,4,198
16.5,10,7,5,199
16.5,10,7,6,200
16.5,10,7,7,201
16.5,10,7,8,202
16.5,10,7,9,203
16.5,10,7,10,203
16.5,10,7,11,204
16.5,10,7,12,205
16.5,10,7,13,206
16.5,10,7,14,207
16.5,10,7,15,208
16.5,10,8,0,195
16.5,10,8,1,196
16.5,10,8,2,197
16.5,10,8,3,198
16.5,10,8,4,199
16.5,10,8,5,200
16.5,10,8,6,201
16.5,10,8,7,202
16.5,10,8,8,203
16.5,10,8,9,204
16.5,10,8,10,205
16.5,10,8,11,206
16.5,10,8,12,206
16.5,10,8,13,207
16.5,10,8,14,208
16.5,10,8,15,209
16.5,10,9,0,196
16.5,10,9,1,197
16.5,10,9,2,198
16.5,10,9,3,199
16.5,10,9,4,200
16.5,10,9,5,201
16.5,10,9,6,202
16.5,10,9,7,203
16.5,10,9,8,204
16.5,10,9,9,205
16.5,10,9,10,206
16.5,10,9,11,207
16.5,10,9,12,208
16.5,10,9,13,208
16.5,10,9,14,209
16.5,10,9,15,210
16.5,10,10,0,197
16.5,10,10,1,198
16.5,10,10,2,199
16.5,10,10,3,200
16.5,10,10,4,201
16.5,10,10,5,202
16.5,10,10,6,203
16.5,10,10,7,204
16.5,10,10,8,205
16.5,10,10,9,206
16.5,10,10,10,207
16.5,10,10,11,208
16.5,10,10,12,209
16.5,10,10,13,210
16.5,10,10,14,211
16.5,10,10,15,211
16.5,10,11,0,198
16.5,10,11,1,199
16.5,10,11,2,200
16.5,10,11,3,201
16.5,10,11,4,202
16.5,10,11,5,203
16.5,10,11,6,204
16.5,10,11,7,205
16.5,10,11,8,206
16.5,10,11,9,207
16.5,10,11,10,208
16.5,10,11,11,209
16.5,10,11,12,210
16.5,10,11,13,211
16.5,10,11,14,212
16.5,10,11,15,213
16.5,10,12,0,199
16.5,10,12,1,200
16.5,10,12,2,201
16.5,10,12,3,202
16.5,10,12,4,203
16.5,10,12,5,204
16.5,10,12,6,205
16.5,10,12,7,206
16.5,10,12,8,207
16.5,10,12,9,208
16.5,10,12,10,209
16.5,10,12,11,210
16.5,10,12,12,211
16.5,10,12,13,212
16.5,10,12,14,213
16.5,10,12,15,214
16.5,10,13,0,201
16.5,10,13,1,202
16.5,10,13,2,203
16.5,10,13,3,203
16.5,10,13,4,204
16.5,10,13,5,205
16.5,10,13,6,206
16.5,10,13,7,207
16.5,10,13,8,208
16.5,10,13,9,209
16.5,10,13,10,210
16.5,10,13,11,211
16.5,10,13,12,212
16.5,10,13,13,213
16.5,10,13,14,214
16.5,10,13,15,215
16.5,10,14,0,202
16.5,10,14,1,203
16.5,10,14,2,204
16.5,10,14,3,205
16.5,10,14,4,206
16.5,10,14,5,206
16.5,10,14,6,207
16.5,10,14,7,208
16.5,10,14,8,209
16.5,10,14,9,210
16.5,10,14,10,211
16.5,10,14,11,212
16.5,10,14,12,213
16.5,10,14,13,214
16.5,10,14,14,215
16.5,10,14,15,216
16.5,10,15,0,203
16.5,10,15,1,204
16.5,10,15,2,205
16.5,10,15,3,206
16.5,10,15,4,207
16.5,10,15,5,208
16.5,10,15,6,209
16.5,10,15,7,209
16.5,10,15,8,210
16.5,10,15,9,211
16.5,10,15,10,212
16.5,10,15,11,213
16.5,10,15,12,214
16.5,10,15,13,215
16.5,10,15,14,216
16.5,10,15,15,217
16.5,11,0,0,189
16.5,11,0,1,190
16.5,11,0,2,191
16.5,11,0,3,192
16.5,11,0,4,193
16.5,11,0,5,194
16.5,11,0,6,195
16.5,11,0,7,196
16.5,11,0,8,196
16.5,11,0,9,197
16.5,11,0,10,198
16.5,11,0,11,199
16.5,11,0,12,200
16.5,11,0,13,201
16.5,11,0,14,202
16.5,11,0,15,203
16.5,11,1,0,190
16.5,11,1,1,191
16.5,11,1,2,192
16.5,11,1,3,193
16.5,11,1,4,194
16.5,11,1,5,195
16.5,11,1,6,196
16.5,11,1,7,197
16.5,11,1,8,198
16.5,11,1,9,199
16.5,11,1,10,199
16.5,11,1,11,200
16.5,11,1,12,201
16.5,11,1,13,202
16.5,11,1,14,203
16.5,11,1,15,204
16.5,11,2,0,191
16.5,11,2,1,192
16.5,11,2,2,193
16.5,11,2,3,194
16.5,11,2,4,195
16.5,11,2,5,196
16.5,11,2,6,197
16.5,11,2,7,198
16.5,11,2,8,199
16.5,11,2,9,200
16.5,11,2,10,201
16.5,11,2,11,202
16.5,11,2,12,202
16.5,11,2,13,203
16.5,11,2,14,204
16.5,11,2,15,205
16.5,11,3,0,193
16.5,11,3,1,193
16.5,11,3,2,194
16.5,11,3,3,195
16.5,11,3,4,196
16.5,11,3,5,197
16.5,11,3,6,198
16.5,11,3,7,199
16.5,11,3,8,200
16.5,11,3,9,201
16.5,11,3,10,202
16.5,11,3,11,203
16.5,11,3,12,204
16.5,11,3,13,204
16.5,11,3,14,205
16.5,11,3,15,206
16.5,11,4,0,194
16.5,11,4,1,195
16.5,11,4,2,196
16.5,11,4,3,197
16.5,11,4,4,197
16.5,11,4,5,198
16.5,11,4,6,199
16.5,11,4,7,200
16.5,11,4,8,201
16.5,11,4,9,202
16.5,11,4,10,203
16.5,11,4,11,204
16.5,11,4,12,205
16.5,11,4,13,206
16.5,11,4,14,207
16.5,11,4,15,207
16.5,11,5,0,195
16.5,11,5,1,196
16.5,11,5,2,197
16.5,11,5,3,198
16.5,11,5,4,199
16.5,11,5,5,200
16.5,11,5,6,200
16.5,11,5,7,201
16.5,11,5,8,202
16.5,11,5,9,203
16.5,11,5,10,204
16.5,11,5,11,205
16.5,11,5,12,206
16.5,11,5,13,207
16.5,11,5,14,208
16.5,11,5,15,209
16.5,11,6,0,196
16.5,11,6,1,197
16.5,11,6,2,198
16.5,11,6,3,199
16.5,11,6,4,200
16.5,11,6,5,201
16.5,11,6,6,202
16.5,11,6,7,203
16.5,11,6,8,203
16.5,11,6,9,204
16.5,11,6,10,205
16.5,11,6,11,206
16.5,11,6,12,207
16.5,11,6,13,208
16.5,11,6,14,209
16.5,11,6,15,210
16.5,11,7,0,197
16.5,11,7,1,198
16.5,11,7,2,199
16.5,11,7,3,200
16.5,11,7,4,201
16.5,11,7,5,202
16.5,11,7,6,203
16.5,11,7,7,204
16.5,11,7,8,205
16.5,11,7,9,206
16.5,11,7,10,206
16.5,11,7,11,207
16.5,11,7,12,208
16.5,11,7,13,209
16.5,11,7,14,210
16.5,11,7,15,211
16.5,11,8,0,198
16.5,11,8,1,199
16.5,11,8,2,200
16.5,11,8,3,201
16.5,11,8,4,202
16.5,11,8,5,203
16.5,11,8,6,204
16.5,11,8,7,205
16.5,11,8,8,206
16.5,11,8,9,207
16.5,11,8,10,208
16.5,11,8,11,209
16.5,11,8,12,209
16.5,11,8,13,210
16.5,11,8,14,211
16.5,11,8,15,212
16.5,11,9,0,199
16.5,11,9,1,200
16.5,11,9,2,201
16.5,11,9,3,202
16.5,11,9,4,203
16.5,11,9,5,204
16.5,11,9,6,205
16.5,11,9,7,206
16.5,11,9,8,207
16.5,11,9,9,208
16.5,11,9,10,209
16.5,11,9,11,210
16.5,11,9,12,211
16.5,11,9,13,212
16.5,11,9,14,212
16.5,11,9,15,213
16.5,11,10,0,200
16.5,11,10,1,201
16.5,11,10,2,202
16.5,11,10,3,203
16.5,11,10,4,204
16.5,11,10,5,205
16.5,11,10,6,206
16.5,11,10,7,207
16.5,11,10,8,208
16.5,11,10,9,209
16.5,11,10,10,210
16.5,11,10,11,211
16.5,11,10,12,212
16.5,11,10,13,213
16.5,11,10,14,214
16.5,11,10,15,215
16.5,11,11,0,201
16.5,11,11,1,202
16.5,11,11,2,203
16.5,11,11,3,204
16.5,11,11,4,205
16.5,11,11,5,206
16.5,11,11,6,207
16.5,11,11,7,208
16.5,11,11,8,209
16.5,11,11,9,210
16.5,11,11,10,211
16.5,11,11,11,212
16.5,11,11,12,213
16.5,11,11,13,214
16.5,11,11,14,215
16.5,11,11,15,216
16.5,11,12,0,202
16.5,11,12,1,203
16.5,11,12,2,204
16.5,11,12,3,205
16.5,11,12,4,206
16.5,11,12,5,207
16.5,11,12,6,208
16.5,11,12,7,209
16.5,11,12,8,210
16.5,11,12,9,211
16.5,11,12,10,212
16.5,11,12,11,213
16.5,11,12,12,214
16.5,11,12,13,215
16.5,11,12,14,216
16.5,11,12,15,217
16.5,11,13,0,203
16.5,11,13,1,204
16.5,11,13,2,205
16.5,11,13,3,206
16.5,11,13,4,207
16.5,11,13,5,208
16.5,11,13,6,209
16.5,11,13,7,210
16.5,11,13,8,211
16.5,11,13,9,212
16.5,11,13,10,213
16.5,11,13,11,214
16.5,11,13,12,215
16.5,11,13,13,216
16.5,11,13,14,217
16.5,11,13,15,218
16.5,11,14,0,205
16.5,11,14,1,206
16.5,11,14,2,207
16.5,11,14,3,208
16.5,11,14,4,209
16.5,11,14,5,209
16.5,11,14,6,210
16.5,11,14,7,211
16.5,11,14,8,212
16.5,11,14,9,213
16.5,11,14,10,214
16.5,11,14,11,215
16.5,11,14,12,216
16.5,11,14,13,217
16.5,11,14,14,218
16.5,11,14,15,219
16.5,11,15,0,206
16.5,11,15,1,207
16.5,11,15,2,208
16.5,11,15,3,209
16.5,11,15,4,210
16.5,11,15,5,211
16.5,11,15,6,212
16.5,11,15,7,213
16.5,11,15,8,214
16.5,11,15,9,214
16.5,11,15,10,215
16.5,11,15,11,216
16.5,11,15,12,217
16.5,11,15,13,218
16.5,11,15,14,219
16.5,11,15,15,220
16.5,12,0,0,192
16.5,12,0,1,193
16.5,12,0,2,194
16.5,12,0,3,195
16.5,12,0,4,196
16.5,12,0,5,197
16.5,12,0,6,197
16.5,12,0,7,198
16.5,12,0,8,199
16.5,12,0,9,200
16.5,12,0,10,201
16.5,12,0,11,202
16.5,12,0,12,203
16.5,12,0,13,204
16.5,12,0,14,205
16.5,12,0,15,206
16.5,12,1,0,193
16.5,12,1,1,194
16.5,12,1,2,195
16.5,12,1,3,196
16.5,12,1,4,197
16.5,12,1,5,198
16.5,12,1,6,199
16.5,12,1,7,200
16.5,12,1,8,200
16.5,12,1,9,201
16.5,12,1,10,202
16.5,12,1,11,203
16.5,12,1,12,204
16.5,12,1,13,205
16.5,12,1,14,206
16.5,12,1,15,207
16.5,12,2,0,194
16.5,12,2,1,195
16.5,12,2,2,196
16.5,12,2,3,197
16.5,12,2,4,198
16.5,12,2,5,199
16.5,12,2,6,200
16.5,12,2,7,201
16.5,12,2,8,202
16.5,12,2,9,203
16.5,12,2,10,203
16.5,12,2,11,204
16.5,12,2,12,205
16.5,12,2,13,206
16.5,12,2,14,207
16.5,12,2,15,208
16.5,12,3,0,195
16.5,12,3,1,196
16.5,12,3,2,197
16.5,12,3,3,198
16.5,12,3,4,199
16.5,12,3,5,200
16.5,12,3,6,201
16.5,12,3,7,202
16.5,12,3,8,203
16.5,12,3,9,204
16.5,12,3,10,205
16.5,12,3,11,206
16.5,12,3,12,207
16.5,12,3,13,207
16.5,12,3,14,208
16.5,12,3,15,209
16.5,12,4,0,196
16.5,12,4,1,197
16.5,12,4,2,198
16.5,12,4,3,199
16.5,12,4,4,200
16.5,12,4,5,201
16.5,12,4,6,202
16.5,12,4,7,203
16.5,12,4,8,204
16.5,12,4,9,205
16.5,12,4,10,206
16.5,12,4,11,207
16.5,12,4,12,208
16.5,12,4,13,209
16.5,12,4,14,210
16.5,12,4,15,210
16.5,12,5,0,198
16.5,12,5,1,199
16.5,12,5,2,200
16.5,12,5,3,200
16.5,12,5,4,201
16.5,12,5,5,202
16.5,12,5,6,203
16.5,12,5,7,204
16.5,12,5,8,205
16.5,12,5,9,206
16.5,12,5,10,207
16.5,12,5,11,208
16.5,12,5,12,209
16.5,12,5,13,210
16.5,12,5,14,211
16.5,12,5,15,212
16.5,12,6,0,199
16.5,12,6,1,200
16.5,12,6,2,201
16.5,12,6,3,202
16.5,12,6,4,203
16.5,12,6,5,204
16.5,12,6,6,204
16.5,12,6,7,205
16.5,12,6,8,206
16.5,12,6,9,207
16.5,12,6,10,208
16.5,12,6,11,209
16.5,12,6,12,210
16.5,12,6,13,211
16.5,12,6,14,212
16.5,12,6,15,213
16.5,12,7,0,200
16.5,12,7,1,201
16.5,12,7,2,202
16.5,12,7,3,203
16.5,12,7,4,204
16.5,12,7,5,205
16.5,12,7,6,206
16.5,12,7,7,207
16.5,12,7,8,208
16.5,12,7,9,208
16.5,12,7,10,209
16.5,12,7,11,210
16.5,12,7,12,211
16.5,12,7,13,212
16.5,12,7,14,213
16.5,12,7,15,214
16.5,12,8,0,201
16.5,12,8,1,202
16.5,12,8,2,203
16.5,12,8,3,204
16.5,12,8,4,205
16.5,12,8,5,206
16.5,12,8,6,207
16.5,12,8,7,208
16.5,12,8,8,209
16.5,12,8,9,210
16.5,12,8,10,211
16.5,12,8,11,211
16.5,12,8,12,212
16.5,12,8,13,213
16.5,12,8,14,214
16.5,12,8,15,215
16.5,12,9,0,202
16.5,12,9,1,203
16.5,12,9,2,204
16.5,12,9,3,205
16.5,12,9,4,206
16.5,12,9,5,207
16.5,12,9,6,208
16.5,12,9,7,209
16.5,12,9,8,210
16.5,12,9,9,211
16.5,12,9,10,212
16.5,12,9,11,213
16.5,12,9,12,214
16.5,12,9,13,215
16.5,12,9,14,215
16.5,12,9,15,216
16.5,12,10,0,203
16.5,12,10,1,204
16.5,12,10,2,205
16.5,12,10,3,206
16.5,12,10,4,207
16.5,12,10,5,208
16.5,12,10,6,209
16.5,12,10,7,210
16.5,12,10,8,211
16.5,12,10,9,212
16.5,12,10,10,213
16.5,12,10,11,214
16.5,12,10,12,215
16.5,12,10,13,216
16.5,12,10,14,217
16.5,12,10,15,218
16.5,12,11,0,204
16.5,12,11,1,205
16.5,12,11,2,206
16.5,12,11,3,207
16.5,12,11,4,208
16.5,12,11,5,209
16.5,12,11,6,210
16.5,12,11,7,211
16.5,12,11,8,212
16.5,12,11,9,213
16.5,12,11,10,214
16.5,12,11,11,215
16.5,12,11,12,216
16.5,12,11,13,217
16.5,12,11,14,218
16.5,12,11,15,219
16.5,12,12,0,205
16.5,12,12,1,206
16.5,12,12,2,207
16.5,12,12,3,208
16.5,12,12,4,209
16.5,12,12,5,210
16.5,12,12,6,211
16.5,12,12,7,212
16.5,12,12,8,213
16.5,12,12,9,214
16.5,12,12,10,215
16.5,12,12,11,216
16.5,12,12,12,217
16.5,12,12,13,218
16.5,12,12,14,219
16.5,12,12,15,220
16.5,12,13,0,206
16.5,12,13,1,207
16.5,12,13,2,208
16.5,12,13,3,209
16.5,12,13,4,210
16.5,12,13,5,211
16.5,12,13,6,212
16.5,12,13,7,213
16.5,12,13,8,214
16.5,12,13,9,215
16.5,12,13,10,216
16.5,12,13,11,217
16.5,12,13,12,218
16.5,12,13,13,219
16.5,12,13,14,220
16.5,12,13,15,221
16.5,12,14,0,207
16.5,12,14,1,208
16.5,12,14,2,209
16.5,12,14,3,210
16.5,12,14,4,211
16.5,12,14,5,212
16.5,12,14,6,213
16.5,12,14,7,214
16.5,12,14,8,215
16.5,12,14,9,216
16.5,12,14,10,217
16.5,12,14,11,218
16.5,12,14,12,219
16.5,12,14,13,220
16.5,12,14,14,221
16.5,12,14,15,222
16.5,12,15,0,209
16.5,12,15,1,210
16.5,12,15,2,211
16.5,12,15,3,212
16.5,12,15,4,213
16.5,12,15,5,214
16.5,12,15,6,215
16.5,12,15,7,216
16.5,12,15,8,217
16.5,12,15,9,218
16.5,12,15,10,219
16.5,12,15,11,220
16.5,12,15,12,220
16.5,12,15,13,221
16.5,12,15,14,222
16.5,12,15,15,223
16.5,13,0,0,195
16.5,13,0,1,196
16.5,13,0,2,196
16.5,13,0,3,197
16.5,13,0,4,198
16.5,13,0,5,199
16.5,13,0,6,200
16.5,13,0,7,201
16.5,13,0,8,202
16.5,13,0,9,203
16.5,13,0,10,204
16.5,13,0,11,205
16.5,13,0,12,206
16.5,13,0,13,207
16.5,13,0,14,208
16.5,13,0,15,208
16.5,13,1,0,196
16.5,13,1,1,197
16.5,13,1,2,198
16.5,13,1,3,199
16.5,13,1,4,200
16.5,13,1,5,200
16.5,13,1,6,201
16.5,13,1,7,202
16.5,13,1,8,203
16.5,13,1,9,204
16.5,13,1,10,205
16.5,13,1,11,206
16.5,13,1,12,207
16.5,13,1,13,208
16.5,13,1,14,209
16.5,13,1,15,210
16.5,13,2,0,197
16.5,13,2,1,198
16.5,13,2,2,199
16.5,13,2,3,200
16.5,13,2,4,201
16.5,13,2,5,202
16.5,13,2,6,203
16.5,13,2,7,204
16.5,13,2,8,205
16.5,13,2,9,205
16.5,13,2,10,206
16.5,13,2,11,207
16.5,13,2,12,208
16.5,13,2,13,209
16.5,13,2,14,210
16.5,13,2,15,211
16.5,13,3,0,198
16.5,13,3,1,199
16.5,13,3,2,200
16.5,13,3,3,201
16.5,13,3,4,202
16.5,13,3,5,203
16.5,13,3,6,204
16.5,13,3,7,205
16.5,13,3,8,206
16.5,13,3,9,207
16.5,13,3,10,208
16.5,13,3,11,208
16.5,13,3,12,209
16.5,13,3,13,210
16.5,13,3,14,211
16.5,13,3,15,212
16.5,13,4,0,199
16.5,13,4,1,200
16.5,13,4,2,201
16.5,13,4,3,202
16.5,13,4,4,203
16.5,13,4,5,204
16.5,13,4,6,205
16.5,13,4,7,206
16.5,13,4,8,207
16.5,13,4,9,208
16.5,13,4,10,209
16.5,13,4,11,210
16.5,13,4,12,211
16.5,13,4,13,212
16.5,13,4,14,212
16.5,13,4,15,213
16.5,13,5,0,200
16.5,13,5,1,201
16.5,13,5,2,202
16.5,13,5,3,203
16.5,13,5,4,204
16.5,13,5,5,205
16.5,13,5,6,206
16.5,13,5,7,207
16.5,13,5,8,208
16.5,13,5,9,209
16.5,13,5,10,210
16.5,13,5,11,211
16.5,13,5,12,212
16.5,13,5,13,213
16.5,13,5,14,214
16.5,13,5,15,215
16.5,13,6,0,201
16.5,13,6,1,202
16.5,13,6,2,203
16.5,13,6,3,204
16.5,13,6,4,205
16.5,13,6,5,206
16.5,13,6,6,207
16.5,13,6,7,208
16.5,13,6,8,209
16.5,13,6,9,210
16.5,13,6,10,211
16.5,13,6,11,212
16.5,13,6,12,213
16.5,13,6,13,214
16.5,13,6,14,215
16.5,13,6,15,216
16.5,13,7,0,203
16.5,13,7,1,204
16.5,13,7,2,205
16.5,13,7,3,206
16.5,13,7,4,207
16.5,13,7,5,208
16.5,13,7,6,209
16.5,13,7,7,209
16.5,13,7,8,210
16.5,13,7,9,211
16.5,13,7,10,212
16.5,13,7,11,213
16.5,13,7,12,214
16.5,13,7,13,215
16.5,13,7,14,216
16.5,13,7,15,217
16.5,13,8,0,204
16.5,13,8,1,205
16.5,13,8,2,206
16.5,13,8,3,207
16.5,13,8,4,208
16.5,13,8,5,209
16.5,13,8,6,210
16.5,13,8,7,211
16.5,13,8,8,212
16.5,13,8,9,213
16.5,13,8,10,214
16.5,13,8,11,214
16.5,13,8,12,215
16.5,13,8,13,216
16.5,13,8,14,217
16.5,13,8,15,218
16.5,13,9,0,205
16.5,13,9,1,206
16.5,13,9,2,207
16.5,13,9,3,208
16.5,13,9,4,209
16.5,13,9,5,210
16.5,13,9,6,211
16.5,13,9,7,212
16.5,13,9,8,213
16.5,13,9,9,214
16.5,13,9,10,215
16.5,13,9,11,216
16.5,13,9,12,217
16.5,13,9,13,218
16.5,13,9,14,219
16.5,13,9,15,219
16.5,13,10,0,206
16.5,13,10,1,207
16.5,13,10,2,208
16.5,13,10,3,209
16.5,13,10,4,210
16.5,13,10,5,211
16.5,13,10,6,212
16.5,13,10,7,213
16.5,13,10,8,214
16.5,13,10,9,215
16.5,13,10,10,216
16.5,13,10,11,217
16.5,13,10,12,218
16.5,13,10,13,219
16.5,13,10,14,220
16.5,13,10,15,221
16.5,13,11,0,207
16.5,13,11,1,208
16.5,13,11,2,209
16.5,13,11,3,210
16.5,13,11,4,211
16.5,13,11,5,212
16.5,13,11,6,213
16.5,13,11,7,214
16.5,13,11,8,215
16.5,13,11,9,216
16.5,13,11,10,217
16.5,13,11,11,218
16.5,13,11,12,219
16.5,13,11,13,220
16.5,13,11,14,221
16.5,13,11,15,222
16.5,13,12,0,208
16.5,13,12,1,209
16.5,13,12,2,210
16.5,13,12,3,211
16.5,13,12,4,212
16.5,13,12,5,213
16.5,13,12,6,214
16.5,13,12,7,215
16.5,13,12,8,216
16.5,13,12,9,217
16.5,13,12,10,218
16.5,13,12,11,219
16.5,13,12,12,220
16.5,13,12,13,221
16.5,13,12,14,222
16.5,13,12,15,223
16.5,13,13,0,209
16.5,13,13,1,210
16.5,13,13,2,211
16.5,13,13,3,212
16.5,13,13,4,213
16.5,13,13,5,214
16.5,13,13,6,215
16.5,13,13,7,216
16.5,13,13,8,217
16.5,13,13,9,218
16.5,13,13,10,219
16.5,13,13,11,220
16.5,13,13,12,221
16.5,13,13,13,222
16.5,13,13,14,223
16.5,13,13,15,224
16.5,13,14,0,210
16.5,13,14,1,211
16.5,13,14,2,212
16.5,13,14,3,213
16.5,13,14,4,214
16.5,13,14,5,215
16.5,13,14,6,216
16.5,13,14,7,217
16.5,13,14,8,218
16.5,13,14,9,219
16.5,13,14,10,220
16.5,13,14,11,221
16.5,13,14,12,222
16.5,13,14,13,223
16.5,13,14,14,224
16.5,13,14,15,225
16.5,13,15,0,211
16.5,13,15,1,213
16.5,13,15,2,214
16.5,13,15,3,215
16.5,13,15,4,216
16.5,13,15,5,217
16.5,13,15,6,218
16.5,13,15,7,219
16.5,13,15,8,220
16.5,13,15,9,221
16.5,13,15,10,222
16.5,13,15,11,223
16.5,13,15,12,224
16.5,13,15,13,225
16.5,13,15,14,226
16.5,13,15,15,227
16.5,14,0,0,197
16.5,14,0,1,198
16.5,14,0,2,199
16.5,14,0,3,200
16.5,14,0,4,201
16.5,14,0,5,202
16.5,14,0,6,203
16.5,14,0,7,204
16.5,14,0,8,205
16.5,14,0,9,206
16.5,14,0,10,207
16.5,14,0,11,208
16.5,14,0,12,209
16.5,14,0,13,210
16.5,14,0,14,210
16.5,14,0,15,211
16.5,14,1,0,198
16.5,14,1,1,199
16.5,14,1,2,200
16.5,14,1,3,201
16.5,14,1,4,202
16.5,14,1,5,203
16.5,14,1,6,204
16.5,14,1,7,205
16.5,14,1,8,206
16.5,14,1,9,207
16.5,14,1,10,208
16.5,14,1,11,209
16.5,14,1,12,210
16.5,14,1,13,211
16.5,14,1,14,212
16.5,14,1,15,213
16.5,14,2,0,200
16.5,14,2,1,201
16.5,14,2,2,202
16.5,14,2,3,203
16.5,14,2,4,204
16.5,14,2,5,204
16.5,14,2,6,205
16.5,14,2,7,206
16.5,14,2,8,207
16.5,14,2,9,208
16.5,14,2,10,209
16.5,14,2,11,210
16.5,14,2,12,211
16.5,14,2,13,212
16.5,14,2,14,213
16.5,14,2,15,214
16.5,14,3,0,201
16.5,14,3,1,202
16.5,14,3,2,203
16.5,14,3,3,204
16.5,14,3,4,205
16.5,14,3,5,206
16.5,14,3,6,207
16.5,14,3,7,208
16.5,14,3,8,209
16.5,14,3,9,210
16.5,14,3,10,210
16.5,14,3,11,211
16.5,14,3,12,212
16.5,14,3,13,213
16.5,14,3,14,214
16.5,14,3,15,215
16.5,14,4,0,202
16.5,14,4,1,203
16.5,14,4,2,204
16.5,14,4,3,205
16.5,14,4,4,206
16.5,14,4,5,207
16.5,14,4,6,208
16.5,14,4,7,209
16.5,14,4,8,210
16.5,14,4,9,211
16.5,14,4,10,212
16.5,14,4,11,213
16.5,14,4,12,214
16.5,14,4,13,215
16.5,14,4,14,215
16.5,14,4,15,216
16.5,14,5,0,203
16.5,14,5,1,204
16.5,14,5,2,205
16.5,14,5,3,206
16.5,14,5,4,207
16.5,14,5,5,208
16.5,14,5,6,209
16.5,14,5,7,210
16.5,14,5,8,211
16.5,14,5,9,212
16.5,14,5,10,213
16.5,14,5,11,214
16.5,14,5,12,215
16.5,14,5,13,216
16.5,14,5,14,217
16.5,14,5,15,218
16.5,14,6,0,204
16.5,14,6,1,205
16.5,14,6,2,206
16.5,14,6,3,207
16.5,14,6,4,208
16.5,14,6,5,209
16.5,14,6,6,210
16.5,14,6,7,211
16.5,14,6,8,212
16.5,14,6,9,213
16.5,14,6,10,214
16.5,14,6,11,215
16.5,14,6,12,216
16.5,14,6,13,217
16.5,14,6,14,218
16.5,14,6,15,219
16.5,14,7,0,205
16.5,14,7,1,206
16.5,14,7,2,207
16.5,14,7,3,208
16.5,14,7,4,209
16.5,14,7,5,210
16.5,14,7,6,211
16.5,14,7,7,212
16.5,14,7,8,213
16.5,14,7,9,214
16.5,14,7,10,215
16.5,14,7,11,216
16.5,14,7,12,217
16.5,14,7,13,218
16.5,14,7,14,219
16.5,14,7,15,220
16.5,14,8,0,207
16.5,14,8,1,208
16.5,14,8,2,209
16.5,14,8,3,210
16.5,14,8,4,211
16.5,14,8,5,212
16.5,14,8,6,213
16.5,14,8,7,214
16.5,14,8,8,215
16.5,14,8,9,216
16.5,14,8,10,217
16.5,14,8,11,217
16.5,14,8,12,218
16.5,14,8,13,219
16.5,14,8,14,220
16.5,14,8,15,221
16.5,14,9,0,208
16.5,14,9,1,209
16.5,14,9,2,210
16.5,14,9,3,211
16.5,14,9,4,212
16.5,14,9,5,213
16.5,14,9,6,214
16.5,14,9,7,215
16.5,14,9,8,216
16.5,14,9,9,217
16.5,14,9,10,218
16.5,14,9,11,219
16.5,14,9,12,220
16.5,14,9,13,221
16.5,14,9,14,222
16.5,14,9,15,223
16.5,14,10,0,209
16.5,14,10,1,210
16.5,14,10,2,211
16.5,14,10,3,212
16.5,14,10,4,213
16.5,14,10,5,214
16.5,14,10,6,215
16.5,14,10,7,216
16.5,14,10,8,217
16.5,14,10,9,218
16.5,14,10,10,219
16.5,14,10,11,220
16.5,14,10,12,221
16.5,14,10,13,222
16.5,14,10,14,223
16.5,14,10,15,224
16.5,14,11,0,210
16.5,14,11,1,211
16.5,14,11,2,212
16.5,14,11,3,213
16.5,14,11,4,214
16.5,14,11,5,215
16.5,14,11,6,216
16.5,14,11,7,217
16.5,14,11,8,218
16.5,14,11,9,219
16.5,14,11,10,220
16.5,14,11,11,221
16.5,14,11,12,222
16.5,14,11,13,223
16.5,14,11,14,224
16.5,14,11,15,225
16.5,14,12,0,211
16.5,14,12,1,212
16.5,14,12,2,213
16.5,14,12,3,214
16.5,14,12,4,215
16.5,14,12,5,216
16.5,14,12,6,217
16.5,14,12,7,218
16.5,14,12,8,219
16.5,14,12,9,220
16.5,14,12,10,221
16.5,14,12,11,222
16.5,14,12,12,223
16.5,14,12,13,224
16.5,14,12,14,225
16.5,14,12,15,226
16.5,14,13,0,212
16.5,14,13,1,213
16.5,14,13,2,214
16.5,14,13,3,215
16.5,14,13,4,216
16.5,14,13,5,217
16.5,14,13,6,218
16.5,14,13,7,219
16.5,14,13,8,220
16.5,14,13,9,221
16.5,14,13,10,222
16.5,14,13,11,223
16.5,14,13,12,224
16.5,14,13,13,225
16.5,14,13,14,226
16.5,14,13,15,227
16.5,14,14,0,213
16.5,14,14,1,214
16.5,14,14,2,215
16.5,14,14,3,216
16.5,14,14,4,217
16.5,14,14,5,218
16.5,14,14,6,220
16.5,14,14,7,221
16.5,14,14,8,222
16.5,14,14,9,223
16.5,14,14,10,224
16.5,14,14,11,225
16.5,14,14,12,226
16.5,14,14,13,227
16.5,14,14,14,228
16.5,14,14,15,228
16.5,14,15,0,214
16.5,14,15,1,215
16.5,14,15,2,217
16.5,14,15,3,218
16.5,14,15,4,219
16.5,14,15,5,220
16.5,14,15,6,221
16.5,14,15,7,222
16.5,14,15,8,223
16.5,14,15,9,224
16.5,14,15,10,225
16.5,14,15,11,226
16.5,14,15,12,227
16.5,14,15,13,228
16.5,14,15,14,229
16.5,14,15,15,230
16.5,15,0,0,200
16.5,15,0,1,201
16.5,15,0,2,202
16.5,15,0,3,203
16.5,15,0,4,204
16.5,15,0,5,205
16.5,15,0,6,206
16.5,15,0,7,207
16.5,15,0,8,208
16.5,15,0,9,209
16.5,15,0,10,210
16.5,15,0,11,211
16.5,15,0,12,211
16.5,15,0,13,212
16.5,15,0,14,213
16.5,15,0,15,214
16.5,15,1,0,201
16.5,15,1,1,202
16.5,15,1,2,203
16.5,15,1,3,204
16.5,15,1,4,205
16.5,15,1,5,206
16.5,15,1,6,207
16.5,15,1,7,208
16.5,15,1,8,209
16.5,15,1,9,210
16.5,15,1,10,211
16.5,15,1,11,212
16.5,15,1,12,213
16.5,15,1,13,214
16.5,15,1,14,215
16.5,15,1,15,216
16.5,15,2,0,202
16.5,15,2,1,203
16.5,15,2,2,204
16.5,15,2,3,205
16.5,15,2,4,206
16.5,15,2,5,207
16.5,15,2,6,208
16.5,15,2,7,209
16.5,15,2,8,210
16.5,15,2,9,211
16.5,15,2,10,212
16.5,15,2,11,213
16.5,15,2,12,214
16.5,15,2,13,215
16.5,15,2,14,216
16.5,15,2,15,217
16.5,15,3,0,204
16.5,15,3,1,205
16.5,15,3,2,206
16.5,15,3,3,207
16.5,15,3,4,208
16.5,15,3,5,209
16.5,15,3,6,209
16.5,15,3,7,210
16.5,15,3,8,211
16.5,15,3,9,212
16.5,15,3,10,213
16.5,15,3,11,214
16.5,15,3,12,215
16.5,15,3,13,216
16.5,15,3,14,217
16.5,15,3,15,218
16.5,15,4,0,205
16.5,15,4,1,206
16.5,15,4,2,207
16.5,15,4,3,208
16.5,15,4,4,209
16.5,15,4,5,210
16.5,15,4,6,211
16.5,15,4,7,212
16.5,15,4,8,213
16.5,15,4,9,214
16.5,15,4,10,215
16.5,15,4,11,216
16.5,15,4,12,217
16.5,15,4,13,217
16.5,15,4,14,218
16.5,15,4,15,219
16.5,15,5,0,206
16.5,15,5,1,207
16.5,15,5,2,208
16.5,15,5,3,209
16.5,15,5,4,210
16.5,15,5,5,211
16.5,15,5,6,212
16.5,15,5,7,213
16.5,15,5,8,214
16.5,15,5,9,215
16.5,15,5,10,216
16.5,15,5,11,217
16.5,15,5,12,218
16.5,15,5,13,219
16.5,15,5,14,220
16.5,15,5,15,221
16.5,15,6,0,207
16.5,15,6,1,208
16.5,15,6,2,209
16.5,15,6,3,210
16.5,15,6,4,211
16.5,15,6,5,212
16.5,15,6,6,213
16.5,15,6,7,214
16.5,15,6,8,215
16.5,15,6,9,216
16.5,15,6,10,217
16.5,15,6,11,218
16.5,15,6,12,219
16.5,15,6,13,220
16.5,15,6,14,221
16.5,15,6,15,222
16.5,15,7,0,208
16.5,15,7,1,209
16.5,15,7,2,210
16.5,15,7,3,211
16.5,15,7,4,212
16.5,15,7,5,213
16.5,15,7,6,214
16.5,15,7,7,215
16.5,15,7,8,216
16.5,15,7,9,217
16.5,15,7,10,218
16.5,15,7,11,219
16.5,15,7,12,220
16.5,15,7,13,221
16.5,15,7,14,222
16.5,15,7,15,223
16.5,15,8,0,209
16.5,15,8,1,210
16.5,15,8,2,211
16.5,15,8,3,212
16.5,15,8,4,214
16.5,15,8,5,215
16.5,15,8,6,216
16.5,15,8,7,217
16.5,15,8,8,218
16.5,15,8,9,218
16.5,15,8,10,219
16.5,15,8,11,220
16.5,15,8,12,221
16.5,15,8,13,222
16.5,15,8,14,223
16.5,15,8,15,224
16.5,15,9,0,211
16.5,15,9,1,212
16.5,15,9,2,213
16.5,15,9,3,214
16.5,15,9,4,215
16.5,15,9,5,216
16.5,15,9,6,217
16.5,15,9,7,218
16.5,15,9,8,219
16.5,15,9,9,220
16.5,15,9,10,221
16.5,15,9,11,222
16.5,15,9,12,223
16.5,15,9,13,224
16.5,15,9,14,225
16.5,15,9,15,226
16.5,15,10,0,212
16.5,15,10,1,213
16.5,15,10,2,214
16.5,15,10,3,215
16.5,15,10,4,216
16.5,15,10,5,217
16.5,15,10,6,218
16.5,15,10,7,219
16.5,15,10,8,220
16.5,15,10,9,221
16.5,15,10,10,222
16.5,15,10,11,223
16.5,15,10,12,224
16.5,15,10,13,225
16.5,15,10,14,226
16.5,15,10,15,227
16.5,15,11,0,213
16.5,15,11,1,214
16.5,15,11,2,215
16.5,15,11,3,216
16.5,15,11,4,217
16.5,15,11,5,218
16.5,15,11,6,219
16.5,15,11,7,220
16.5,15,11,8,221
16.5,15,11,9,222
16.5,15,11,10,223
16.5,15,11,11,224
16.5,15,11,12,225
16.5,15,11,13,226
16.5,15,11,14,227
16.5,15,11,15,228
16.5,15,12,0,214
16.5,15,12,1,215
16.5,15,12,2,216
16.5,15,12,3,217
16.5,15,12,4,218
16.5,15,12,5,219
16.5,15,12,6,220
16.5,15,12,7,221
16.5,15,12,8,222
16.5,15,12,9,223
16.5,15,12,10,224
16.5,15,12,11,225
16.5,15,12,12,226
16.5,15,12,13,227
16.5,15,12,14,228
16.5,15,12,15,229
16.5,15,13,0,215
16.5,15,13,1,216
16.5,15,13,2,217
16.5,15,13,3,218
16.5,15,13,4,219
16.5,15,13,5,220
16.5,15,13,6,221
16.5,15,13,7,222
16.5,15,13,8,223
16.5,15,13,9,224
16.5,15,13,10,225
16.5,15,13,11,226
16.5,15,13,12,227
16.5,15,13,13,228
16.5,15,13,14,229
16.5,15,13,15,230
16.5,15,14,0,216
16.5,15,14,1,217
16.5,15,14,2,218
16.5,15,14,3,219
16.5,15,14,4,220
16.5,15,14,5,221
16.5,15,14,6,223
16.5,15,14,7,224
16.5,15,14,8,225
16.5,15,14,9,226
16.5,15,14,10,227
16.5,15,14,11,228
16.5,15,14,12,229
16.5,15,14,13,230
16.5,15,14,14,231
16.5,15,14,15,232
16.5,15,15,0,217
16.5,15,15,1,218
16.5,15,15,2,219
16.5,15,15,3,221
16.5,15,15,4,222
16.5,15,15,5,223
16.5,15,15,6,224
16.5,15,15,7,225
16.5,15,15,8,226
16.5,15,15,9,227
16.5,15,15,10,228
16.5,15,15,11,229
16.5,15,15,12,230
16.5,15,15,13,231
16.5,15,15,14,232
16.5,15,15,15,233
17.0,0,0,0,164
17.0,0,0,1,165
17.0,0,0,2,166
17.0,0,0,3,167
17.0,0,0,4,167
17.0,0,0,5,168
17.0,0,0,6,169
17.0,0,0,7,170
17.0,0,0,8,171
17.0,0,0,9,171
17.0,0,0,10,172
17.0,0,0,11,173
17.0,0,0,12,174
17.0,0,0,13,174
17.0,0,0,14,175
17.0,0,0,15,176
17.0,0,1,0,165
17.0,0,1,1,166
17.0,0,1,2,167
17.0,0,1,3,168
17.0,0,1,4,168
17.0,0,1,5,169
17.0,0,1,6,170
17.0,0,1,7,171
17.0,0,1,8,172
17.0,0,1,9,172
17.0,0,1,10,173
17.0,0,1,11,174
17.0,0,1,12,175
17.0,0,1,13,175
17.0,0,1,14,176
17.0,0,1,15,177
17.0,0,2,0,166
17.0,0,2,1,167
17.0,0,2,2,168
17.0,0,2,3,169
17.0,0,2,4,169
17.0,0,2,5,170
17.0,0,2,6,171
17.0,0,2,7,172
17.0,0,2,8,173
17.0,0,2,9,173
17.0,0,2,10,174
17.0,0,2,11,175
17.0,0,2,12,176
17.0,0,2,13,176
17.0,0,2,14,177
17.0,0,2,15,178
17.0,0,3,0,167
17.0,0,3,1,168
17.0,0,3,2,169
17.0,0,3,3,170
17.0,0,3,4,170
17.0,0,3,5,171
17.0,0,3,6,172
17.0,0,3,7,173
17.0,0,3,8,174
17.0,0,3,9,174
17.0,0,3,10,175
17.0,0,3,11,176
17.0,0,3,12,177
17.0,0,3,13,178
17.0,0,3,14,178
17.0,0,3,15,179
17.0,0,4,0,168
17.0,0,4,1,169
17.0,0,4,2,170
17.0,0,4,3,171
17.0,0,4,4,171
17.0,0,4,5,172
17.0,0,4,6,173
17.0,0,4,7,174
17.0,0,4,8,175
17.0,0,4,9,175
17.0,0,4,10,176
17.0,0,4,11,177
17.0,0,4,12,178
17.0,0,4,13,179
17.0,0,4,14,179
17.0,0,4,15,180
17.0,0,5,0,169
17.0,0,5,1,170
17.0,0,5,2,171
17.0,0,5,3,172
17.0,0,5,4,172
17.0,0,5,5,173
17.0,0,5,6,174
17.0,0,5,7,175
17.0,0,5,8,176
17.0,0,5,9,176
17.0,0,5,10,177
17.0,0,5,11,178
17.0,0,5,12,179
17.0,0,5,13,180
17.0,0,5,14,180
17.0,0,5,15,181
17.0,0,6,0,170
17.0,0,6,1,171
17.0,0,6,2,172
17.0,0,6,3,173
17.0,0,6,4,173
17.0,0,6,5,174
17.0,0,6,6,175
17.0,0,6,7,176
17.0,0,6,8,177
17.0,0,6,9,177
17.0,0,6,10,178
17.0,0,6,11,179
17.0,0,6,12,180
17.0,0,6,13,181
17.0,0,6,14,181
17.0,0,6,15,182
17.0,0,7,0,171
17.0,0,7,1,172
17.0,0,7,2,173
17.0,0,7,3,173
17.0,0,7,4,174
17.0,0,7,5,175
17.0,0,7,6,176
17.0,0,7,7,177
17.0,0,7,8,178
17.0,0,7,9,178
17.0,0,7,10,179
17.0,0,7,11,180
17.0,0,7,12,181
17.0,0,7,13,182
17.0,0,7,14,182
17.0,0,7,15,183
17.0,0,8,0,172
17.0,0,8,1,173
17.0,0,8,2,174
17.0,0,8,3,174
17.0,0,8,4,175
17.0,0,8,5,176
17.0,0,8,6,177
17.0,0,8,7,178
17.0,0,8,8,179
17.0,0,8,9,179
17.0,0,8,10,180
17.0,0,8,11,181
17.0,0,8,12,182
17.0,0,8,13,183
17.0,0,8,14,183
17.0,0,8,15,184
17.0,0,9,0,173
17.0,0,9,1,174
17.0,0,9,2,175
17.0,0,9,3,175
17.0,0,9,4,176
17.0,0,9,5,177
17.0,0,9,6,178
17.0,0,9,7,179
17.0,0,9,8,180
17.0,0,9,9,180
17.0,0,9,10,181
17.0,0,9,11,182
17.0,0,9,12,183
17.0,0,9,13,184
17.0,0,9,14,184
17.0,0,9,15,185
17.0,0,10,0,174
17.0,0,10,1,175
17.0,0,10,2,176
17.0,0,10,3,176
17.0,0,10,4,177
17.0,0,10,5,178
17.0,0,10,6,179
17.0,0,10,7,180
17.0,0,10,8,181
17.0,0,10,9,181
17.0,0,10,10,182
17.0,0,10,11,183
17.0,0,10,12,184
17.0,0,10,13,185
17.0,0,10,14,185
17.0,0,10,15,186
17.0,0,11,0,175
17.0,0,11,1,176
17.0,0,11,2,176
17.0,0,11,3,177
17.0,0,11,4,178
17.0,0,11,5,179
17.0,0,11,6,180
17.0,0,11,7,181
17.0,0,11,8,182
17.0,0,11,9,182
17.0,0,11,10,183
17.0,0,11,11,184
17.0,0,11,12,185
17.0,0,11,13,186
17.0,0,11,14,186
17.0,0,11,15,187
17.0,0,12,0,176
17.0,0,12,1,177
17.0,0,12,2,177
17.0,0,12,3,178
17.0,0,12,4,179
17.0,0,12,5,180
17.0,0,12,6,181
17.0,0,12,7,182
17.0,0,12,8,182
17.0,0,12,9,183
17.0,0,12,10,184
17.0,0,12,11,185
17.0,0,12,12,186
17.0,0,12,13,187
17.0,0,12,14,187
17.0,0,12,15,188
17.0,0,13,0,177
17.0,0,13,1,177
17.0,0,13,2,178
17.0,0,13,3,179
17.0,0,13,4,180
17.0,0,13,5,181
17.0,0,13,6,182
17.0,0,13,7,183
17.0,0,13,8,183
17.0,0,13,9,184
17.0,0,13,10,185
17.0,0,13,11,186
17.0,0,13,12,187
17.0,0,13,13,188
17.0,0,13,14,188
17.0,0,13,15,189
17.0,0,14,0,178
17.0,0,14,1,178
17.0,0,14,2,179
17.0,0,14,3,180
17.0,0,14,4,181
17.0,0,14,5,182
17.0,0,14,6,183
17.0,0,14,7,184
17.0,0,14,8,184
17.0,0,14,9,185
17.0,0,14,10,186
17.0,0,14,11,187
17.0,0,14,12,188
17.0,0,14,13,189
17.0,0,14,14,189
17.0,0,14,15,190
17.0,0,15,0,178
17.0,0,15,1,179
17.0,0,15,2,180
17.0,0,15,3,181
17.0,0,15,4,182
17.0,0,15,5,183
17.0,0,15,6,184
17.0,0,15,7,184
17.0,0,15,8,185
17.0,0,15,9,186
17.0,0,15,10,187
17.0,0,15,11,188
17.0,0,15,12,189
17.0,0,15,13,190
17.0,0,15,14,190
17.0,0,15,15,191
17.0,1,0,0,167
17.0,1,0,1,168
17.0,1,0,2,169
17.0,1,0,3,169
17.0,1,0,4,170
17.0,1,0,5,171
17.0,1,0,6,172
17.0,1,0,7,173
17.0,1,0,8,173
17.0,1,0,9,174
17.0,1,0,10,175
17.0,1,0,11,176
17.0,1,0,12,177
17.0,1,0,13,177
17.0,1,0,14,178
17.0,1,0,15,179
17.0,1,1,0,168
17.0,1,1,1,169
17.0,1,1,2,170
17.0,1,1,3,170
17.0,1,1,4,171
17.0,1,1,5,172
17.0,1,1,6,173
17.0,1,1,7,174
17.0,1,1,8,174
17.0,1,1,9,175
17.0,1,1,10,176
17.0,1,1,11,177
17.0,1,1,12,178
17.0,1,1,13,178
17.0,1,1,14,179
17.0,1,1,15,180
17.0,1,2,0,169
17.0,1,2,1,170
17.0,1,2,2,171
17.0,1,2,3,171
17.0,1,2,4,172
17.0,1,2,5,173
17.0,1,2,6,174
17.0,1,2,7,175
17.0,1,2,8,176
17.0,1,2,9,176
17.0,1,2,10,177
17.0,1,2,11,178
17.0,1,2,12,179
17.0,1,2,13,179
17.0,1,2,14,180
17.0,1,2,15,181
17.0,1,3,0,170
17.0,1,3,1,171
17.0,1,3,2,172
17.0,1,3,3,172
17.0,1,3,4,173
17.0,1,3,5,174
17.0,1,3,6,175
17.0,1,3,7,176
17.0,1,3,8,177
17.0,1,3,9,177
17.0,1,3,10,178
17.0,1,3,11,179
17.0,1,3,12,180
17.0,1,3,13,181
17.0,1,3,14,181
17.0,1,3,15,182
17.0,1,4,0,171
17.0,1,4,1,172
17.0,1,4,2,173
17.0,1,4,3,173
17.0,1,4,4,174
17.0,1,4,5,175
17.0,1,4,6,176
17.0,1,4,7,177
17.0,1,4,8,178
17.0,1,4,9,178
17.0,1,4,10,179
17.0,1,4,11,180
17.0,1,4,12,181
17.0,1,4,13,182
17.0,1,4,14,182
17.0,1,4,15,183
17.0,1,5,0,172
17.0,1,5,1,173
17.0,1,5,2,174
17.0,1,5,3,174
17.0,1,5,4,175
17.0,1,5,5,176
17.0,1,5,6,177
17.0,1,5,7,178
17.0,1,5,8,179
17.0,1,5,9,179
17.0,1,5,10,180
17.0,1,5,11,181
17.0,1,5,12,182
17.0,1,5,13,183
17.0,1,5,14,183
17.0,1,5,15,184
17.0,1,6,0,173
17.0,1,6,1,174
17.0,1,6,2,175
17.0,1,6,3,175
17.0,1,6,4,176
17.0,1,6,5,177
17.0,1,6,6,178
17.0,1,6,7,179
17.0,1,6,8,180
17.0,1,6,9,180
17.0,1,6,10,181
17.0,1,6,11,182
17.0,1,6,12,183
17.0,1,6,13,184
17.0,1,6,14,184
17.0,1,6,15,185
17.0,1,7,0,174
17.0,1,7,1,175
17.0,1,7,2,176
17.0,1,7,3,176
17.0,1,7,4,177
17.0,1,7,5,178
17.0,1,7,6,179
17.0,1,7,7,180
17.0,1,7,8,181
17.0,1,7,9,181
17.0,1,7,10,182
17.0,1,7,11,183
17.0,1,7,12,184
17.0,1,7,13,185
17.0,1,7,14,185
17.0,1,7,15,186
17.0,1,8,0,175
17.0,1,8,1,176
17.0,1,8,2,177
17.0,1,8,3,177
17.0,1,8,4,178
17.0,1,8,5,179
17.0,1,8,6,180
17.0,1,8,7,181
17.0,1,8,8,182
17.0,1,8,9,182
17.0,1,8,10,183
17.0,1,8,11,184
17.0,1,8,12,185
17.0,1,8,13,186
17.0,1,8,14,187
17.0,1,8,15,187
17.0,1,9,0,176
17.0,1,9,1,177
17.0,1,9,2,178
17.0,1,9,3,178
17.0,1,9,4,179
17.0,1,9,5,180
17.0,1,9,6,181
17.0,1,9,7,182
17.0,1,9,8,183
17.0,1,9,9,183
17.0,1,9,10,184
17.0,1,9,11,185
17.0,1,9,12,186
17.0,1,9,13,187
17.0,1,9,14,188
17.0,1,9,15,188
17.0,1,10,0,177
17.0,1,10,1,178
17.0,1,10,2,179
17.0,1,10,3,179
17.0,1,10,4,180
17.0,1,10,5,181
17.0,1,10,6,182
17.0,1,10,7,183
17.0,1,10,8,184
17.0,1,10,9,184
17.0,1,10,10,185
17.0,1,10,11,186
17.0,1,10,12,187
17.0,1,10,13,188
17.0,1,10,14,189
17.0,1,10,15,189
17.0,1,11,0,178
17.0,1,11,1,179
17.0,1,11,2,179
17.0,1,11,3,180
17.0,1,11,4,181
17.0,1,11,5,182
17.0,1,11,6,183
17.0,1,11,7,184
17.0,1,11,8,185
17.0,1,11,9,185
17.0,1,11,10,186
17.0,1,11,11,187
17.0,1,11,12,188
17.0,1,11,13,189
17.0,1,11,14,190
17.0,1,11,15,190
17.0,1,12,0,179
17.0,1,12,1,180
17.0,1,12,2,180
17.0,1,12,3,181
17.0,1,12,4,182
17.0,1,12,5,183
17.0,1,12,6,184
17.0,1,12,7,185
17.0,1,12,8,186
17.0,1,12,9,186
17.0,1,12,10,187
17.0,1,12,11,188
17.0,1,12,12,189
17.0,1,12,13,190
17.0,1,12,14,191
17.0,1,12,15,191
17.0,1,13,0,180
17.0,1,13,1,181
17.0,1,13,2,181
17.0,1,13,3,182
17.0,1,13,4,183
17.0,1,13,5,184
17.0,1,13,6,185
17.0,1,13,7,186
17.0,1,13,8,187
17.0,1,13,9,187
17.0,1,13,10,188
17.0,1,13,11,189
17.0,1,13,12,190
17.0,1,13,13,191
17.0,1,13,14,192
17.0,1,13,15,192
17.0,1,14,0,181
17.0,1,14,1,181
17.0,1,14,2,182
17.0,1,14,3,183
17.0,1,14,4,184
17.0,1,14,5,185
17.0,1,14,6,186
17.0,1,14,7,187
17.0,1,14,8,188
17.0,1,14,9,188
17.0,1,14,10,189
17.0,1,14,11,190
17.0,1,14,12,191
17.0,1,14,13,192
17.0,1,14,14,193
17.0,1,14,15,193
17.0,1,15,0,181
17.0,1,15,1,182
17.0,1,15,2,183
17.0,1,15,3,184
17.0,1,15,4,185
17.0,1,15,5,186
17.0,1,15,6,187
17.0,1,15,7,188
17.0,1,15,8,188
17.0,1,15,9,189
17.0,1,15,10,190
17.0,1,15,11,191
17.0,1,15,12,192
17.0,1,15,13,193
17.0,1,15,14,194
17.0,1,15,15,194
17.0,2,0,0,170
17.0,2,0,1,171
17.0,2,0,2,171
17.0,2,0,3,172
17.0,2,0,4,173
17.0,2,0,5,174
17.0,2,0,6,175
17.0,2,0,7,176
17.0,2,0,8,176
17.0,2,0,9,177
17.0,2,0,10,178
17.0,2,0,11,179
17.0,2,0,12,180
17.0,2,0,13,180
17.0,2,0,14,181
17.0,2,0,15,182
17.0,2,1,0,171
17.0,2,1,1,172
17.0,2,1,2,172
17.0,2,1,3,173
17.0,2,1,4,174
17.0,2,1,5,175
17.0,2,1,6,176
17.0,2,1,7,177
17.0,2,1,8,177
17.0,2,1,9,178
17.0,2,1,10,179
17.0,2,1,11,180
17.0,2,1,12,181
17.0,2,1,13,181
17.0,2,1,14,182
17.0,2,1,15,183
17.0,2,2,0,172
17.0,2,2,1,173
17.0,2,2,2,173
17.0,2,2,3,174
17.0,2,2,4,175
17.0,2,2,5,176
17.0,2,2,6,177
17.0,2,2,7,178
17.0,2,2,8,178
17.0,2,2,9,179
17.0,2,2,10,180
17.0,2,2,11,181
17.0,2,2,12,182
17.0,2,2,13,182
17.0,2,2,14,183
17.0,2,2,15,184
17.0,2,3,0,173
17.0,2,3,1,174
17.0,2,3,2,175
17.0,2,3,3,175
17.0,2,3,4,176
17.0,2,3,5,177
17.0,2,3,6,178
17.0,2,3,7,179
17.0,2,3,8,179
17.0,2,3,9,180
17.0,2,3,10,181
17.0,2,3,11,182
17.0,2,3,12,183
17.0,2,3,13,184
17.0,2,3,14,184
17.0,2,3,15,185
17.0,2,4,0,174
17.0,2,4,1,175
17.0,2,4,2,176
17.0,2,4,3,176
17.0,2,4,4,177
17.0,2,4,5,178
17.0,2,4,6,179
17.0,2,4,7,180
17.0,2,4,8,181
17.0,2,4,9,181
17.0,2,4,10,182
17.0,2,4,11,183
17.0,2,4,12,184
17.0,2,4,13,185
17.0,2,4,14,185
17.0,2,4,15,186
17.0,2,5,0,175
17.0,2,5,1,176
17.0,2,5,2,177
17.0,2,5,3,177
17.0,2,5,4,178
17.0,2,5,5,179
17.0,2,5,6,180
17.0,2,5,7,181
17.0,2,5,8,182
17.0,2,5,9,182
17.0,2,5,10,183
17.0,2,5,11,184
17.0,2,5,12,185
17.0,2,5,13,186
17.0,2,5,14,186
17.0,2,5,15,187
17.0,2,6,0,176
17.0,2,6,1,177
17.0,2,6,2,178
17.0,2,6,3,178
17.0,2,6,4,179
17.0,2,6,5,180
17.0,2,6,6,181
17.0,2,6,7,182
17.0,2,6,8,183
17.0,2,6,9,183
17.0,2,6,10,184
17.0,2,6,11,185
17.0,2,6,12,186
17.0,2,6,13,187
17.0,2,6,14,188
17.0,2,6,15,188
17.0,2,7,0,177
17.0,2,7,1,178
17.0,2,7,2,179
17.0,2,7,3,179
17.0,2,7,4,180
17.0,2,7,5,181
17.0,2,7,6,182
17.0,2,7,7,183
17.0,2,7,8,184
17.0,2,7,9,184
17.0,2,7,10,185
17.0,2,7,11,186
17.0,2,7,12,187
17.0,2,7,13,188
17.0,2,7,14,189
17.0,2,7,15,189
17.0,2,8,0,178
17.0,2,8,1,179
17.0,2,8,2,180
17.0,2,8,3,180
17.0,2,8,4,181
17.0,2,8,5,182
17.0,2,8,6,183
17.0,2,8,7,184
17.0,2,8,8,185
17.0,2,8,9,185
17.0,2,8,10,186
17.0,2,8,11,187
17.0,2,8,12,188
17.0,2,8,13,189
17.0,2,8,14,190
17.0,2,8,15,190
17.0,2,9,0,179
17.0,2,9,1,180
17.0,2,9,2,181
17.0,2,9,3,181
17.0,2,9,4,182
17.0,2,9,5,183
17.0,2,9,6,184
17.0,2,9,7,185
17.0,2,9,8,186
17.0,2,9,9,187
17.0,2,9,10,187
17.0,2,9,11,188
17.0,2,9,12,189
17.0,2,9,13,190
17.0,2,9,14,191
17.0,2,9,15,191
17.0,2,10,0,180
17.0,2,10,1,181
17.0,2,10,2,181
17.0,2,10,3,182
17.0,2,10,4,183
17.0,2,10,5,184
17.0,2,10,6,185
17.0,2,10,7,186
17.0,2,10,8,187
17.0,2,10,9,188
17.0,2,10,10,188
17.0,2,10,11,189
17.0,2,10,12,190
17.0,2,10,13,191
17.0,2,10,14,192
17.0,2,10,15,193
17.0,2,11,0,181
17.0,2,11,1,182
17.0,2,11,2,182
17.0,2,11,3,183
17.0,2,11,4,184
17.0,2,11,5,185
17.0,2,11,6,186
17.0,2,11,7,187
17.0,2,11,8,188
17.0,2,11,9,189
17.0,2,11,10,189
17.0,2,11,11,190
17.0,2,11,12,191
17.0,2,11,13,192
17.0,2,11,14,193
17.0,2,11,15,194
17.0,2,12,0,182
17.0,2,12,1,183
17.0,2,12,2,183
17.0,2,12,3,184
17.0,2,12,4,185
17.0,2,12,5,186
17.0,2,12,6,187
17.0,2,12,7,188
17.0,2,12,8,189
17.0,2,12,9,190
17.0,2,12,10,190
17.0,2,12,11,191
17.0,2,12,12,192
17.0,2,12,13,193
17.0,2,12,14,194
17.0,2,12,15,195
17.0,2,13,0,183
17.0,2,13,1,184
17.0,2,13,2,184
17.0,2,13,3,185
17.0,2,13,4,186
17.0,2,13,5,187
17.0,2,13,6,188
17.0,2,13,7,189
17.0,2,13,8,190
17.0,2,13,9,191
17.0,2,13,10,191
17.0,2,13,11,192
17.0,2,13,12,193
17.0,2,13,13,194
17.0,2,13,14,195
17.0,2,13,15,196
17.0,2,14,0,184
17.0,2,14,1,184
17.0,2,14,2,185
17.0,2,14,3,186
17.0,2,14,4,187
17.0,2,14,5,188
17.0,2,14,6,189
17.0,2,14,7,190
17.0,2,14,8,191
17.0,2,14,9,192
17.0,2,14,10,192
17.0,2,14,11,193
17.0,2,14,12,194
17.0,2,14,13,195
17.0,2,14,14,196
17.0,2,14,15,197
17.0,2,15,0,185
17.0,2,15,1,185
17.0,2,15,2,186
17.0,2,15,3,187
17.0,2,15,4,188
17.0,2,15,5,189
17.0,2,15,6,190
17.0,2,15,7,191
17.0,2,15,8,192
17.0,2,15,9,193
17.0,2,15,10,193
17.0,2,15,11,194
17.0,2,15,12,195
17.0,2,15,13,196
17.0,2,15,14,197
17.0,2,15,15,198
17.0,3,0,0,173
17.0,3,0,1,173
17.0,3,0,2,174
17.0,3,0,3,175
17.0,3,0,4,176
17.0,3,0,5,177
17.0,3,0,6,178
17.0,3,0,7,178
17.0,3,0,8,179
17.0,3,0,9,180
17.0,3,0,10,181
17.0,3,0,11,182
17.0,3,0,12,182
17.0,3,0,13,183
17.0,3,0,14,184
17.0,3,0,15,185
17.0,3,1,0,174
17.0,3,1,1,174
17.0,3,1,2,175
17.0,3,1,3,176
17.0,3,1,4,177
17.0,3,1,5,178
17.0,3,1,6,179
17.0,3,1,7,179
17.0,3,1,8,180
17.0,3,1,9,181
17.0,3,1,10,182
17.0,3,1,11,183
17.0,3,1,12,184
17.0,3,1,13,184
17.0,3,1,14,185
17.0,3,1,15,186
17.0,3,2,0,175
17.0,3,2,1,175
17.0,3,2,2,176
17.0,3,2,3,177
17.0,3,2,4,178
17.0,3,2,5,179
17.0,3,2,6,180
17.0,3,2,7,181
17.0,3,2,8,181
17.0,3,2,9,182
17.0,3,2,10,183
17.0,3,2,11,184
17.0,3,2,12,185
17.0,3,2,13,185
17.0,3,2,14,186
17.0,3,2,15,187
17.0,3,3,0,176
17.0,3,3,1,177
17.0,3,3,2,177
17.0,3,3,3,178
17.0,3,3,4,179
17.0,3,3,5,180
17.0,3,3,6,181
17.0,3,3,7,182
17.0,3,3,8,182
17.0,3,3,9,183
17.0,3,3,10,184
17.0,3,3,11,185
17.0,3,3,12,186
17.0,3,3,13,187
17.0,3,3,14,187
17.0,3,3,15,188
17.0,3,4,0,177
17.0,3,4,1,178
17.0,3,4,2,178
17.0,3,4,3,179
17.0,3,4,4,180
17.0,3,4,5,181
17.0,3,4,6,182
17.0,3,4,7,183
17.0,3,4,8,184
17.0,3,4,9,184
17.0,3,4,10,185
17.0,3,4,11,186
17.0,3,4,12,187
17.0,3,4,13,188
17.0,3,4,14,188
17.0,3,4,15,189
17.0,3,5,0,178
17.0,3,5,1,179
17.0,3,5,2,179
17.0,3,5,3,180
17.0,3,5,4,181
17.0,3,5,5,182
17.0,3,5,6,183
17.0,3,5,7,184
17.0,3,5,8,185
17.0,3,5,9,185
17.0,3,5,10,186
17.0,3,5,11,187
17.0,3,5,12,188
17.0,3,5,13,189
17.0,3,5,14,190
17.0,3,5,15,190
17.0,3,6,0,179
17.0,3,6,1,180
17.0,3,6,2,180
17.0,3,6,3,181
17.0,3,6,4,182
17.0,3,6,5,183
17.0,3,6,6,184
17.0,3,6,7,185
17.0,3,6,8,186
17.0,3,6,9,186
17.0,3,6,10,187
17.0,3,6,11,188
17.0,3,6,12,189
17.0,3,6,13,190
17.0,3,6,14,191
17.0,3,6,15,191
17.0,3,7,0,180
17.0,3,7,1,181
17.0,3,7,2,181
17.0,3,7,3,182
17.0,3,7,4,183
17.0,3,7,5,184
17.0,3,7,6,185
17.0,3,7,7,186
17.0,3,7,8,187
17.0,3,7,9,187
17.0,3,7,10,188
17.0,3,7,11,189
17.0,3,7,12,190
17.0,3,7,13,191
17.0,3,7,14,192
17.0,3,7,15,193
17.0,3,8,0,181
17.0,3,8,1,182
17.0,3,8,2,182
17.0,3,8,3,183
17.0,3,8,4,184
17.0,3,8,5,185
17.0,3,8,6,186
17.0,3,8,7,187
17.0,3,8,8,188
17.0,3,8,9,189
17.0,3,8,10,189
17.0,3,8,11,190
17.0,3,8,12,191
17.0,3,8,13,192
17.0,3,8,14,193
17.0,3,8,15,194
17.0,3,9,0,182
17.0,3,9,1,183
17.0,3,9,2,183
17.0,3,9,3,184
17.0,3,9,4,185
17.0,3,9,5,186
17.0,3,9,6,187
17.0,3,9,7,188
17.0,3,9,8,189
17.0,3,9,9,190
17.0,3,9,10,190
17.0,3,9,11,191
17.0,3,9,12,192
17.0,3,9,13,193
17.0,3,9,14,194
17.0,3,9,15,195
17.0,3,10,0,183
17.0,3,10,1,184
17.0,3,10,2,184
17.0,3,10,3,185
17.0,3,10,4,186
17.0,3,10,5,187
17.0,3,10,6,188
17.0,3,10,7,189
17.0,3,10,8,190
17.0,3,10,9,191
17.0,3,10,10,191
17.0,3,10,11,192
17.0,3,10,12,193
17.0,3,10,13,194
17.0,3,10,14,195
17.0,3,10,15,196
17.0,3,11,0,184
17.0,3,11,1,185
17.0,3,11,2,185
17.0,3,11,3,186
17.0,3,11,4,187
17.0,3,11,5,188
17.0,3,11,6,189
17.0,3,11,7,190
17.0,3,11,8,191
17.0,3,11,9,192
17.0,3,11,10,192
17.0,3,11,11,193
17.0,3,11,12,194
17.0,3,11,13,195
17.0,3,11,14,196
17.0,3,11,15,197
17.0,3,12,0,185
17.0,3,12,1,186
17.0,3,12,2,186
17.0,3,12,3,187
17.0,3,12,4,188
17.0,3,12,5,189
17.0,3,12,6,190
17.0,3,12,7,191
17.0,3,12,8,192
17.0,3,12,9,193
17.0,3,12,10,194
17.0,3,12,11,194
17.0,3,12,12,195
17.0,3,12,13,196
17.0,3,12,14,197
17.0,3,12,15,198
17.0,3,13,0,186
17.0,3,13,1,187
17.0,3,13,2,187
17.0,3,13,3,188
17.0,3,13,4,189
17.0,3,13,5,190
17.0,3,13,6,191
17.0,3,13,7,192
17.0,3,13,8,193
17.0,3,13,9,194
17.0,3,13,10,195
17.0,3,13,11,195
17.0,3,13,12,196
17.0,3,13,13,197
17.0,3,13,14,198
17.0,3,13,15,199
17.0,3,14,0,187
17.0,3,14,1,188
17.0,3,14,2,188
17.0,3,14,3,189
17.0,3,14,4,190
17.0,3,14,5,191
17.0,3,14,6,192
17.0,3,14,7,193
17.0,3,14,8,194
17.0,3,14,9,195
17.0,3,14,10,196
17.0,3,14,11,196
17.0,3,14,12,197
17.0,3,14,13,198
17.0,3,14,14,199
17.0,3,14,15,200
17.0,3,15,0,188
17.0,3,15,1,188
17.0,3,15,2,189
17.0,3,15,3,190
17.0,3,15,4,191
17.0,3,15,5,192
17.0,3,15,6,193
17.0,3,15,7,194
17.0,3,15,8,195
17.0,3,15,9,196
17.0,3,15,10,197
17.0,3,15,11,197
17.0,3,15,12,198
17.0,3,15,13,199
17.0,3,15,14,200
17.0,3,15,15,201
17.0,4,0,0,175
17.0,4,0,1,176
17.0,4,0,2,177
17.0,4,0,3,178
17.0,4,0,4,179
17.0,4,0,5,180
17.0,4,0,6,180
17.0,4,0,7,181
17.0,4,0,8,182
17.0,4,0,9,183
17.0,4,0,10,184
17.0,4,0,11,185
17.0,4,0,12,185
17.0,4,0,13,186
17.0,4,0,14,187
17.0,4,0,15,188
17.0,4,1,0,176
17.0,4,1,1,177
17.0,4,1,2,178
17.0,4,1,3,179
17.0,4,1,4,180
17.0,4,1,5,181
17.0,4,1,6,182
17.0,4,1,7,182
17.0,4,1,8,183
17.0,4,1,9,184
17.0,4,1,10,185
17.0,4,1,11,186
17.0,4,1,12,187
17.0,4,1,13,187
17.0,4,1,14,188
17.0,4,1,15,189
17.0,4,2,0,177
17.0,4,2,1,178
17.0,4,2,2,179
17.0,4,2,3,180
17.0,4,2,4,181
17.0,4,2,5,182
17.0,4,2,6,183
17.0,4,2,7,183
17.0,4,2,8,184
17.0,4,2,9,185
17.0,4,2,10,186
17.0,4,2,11,187
17.0,4,2,12,188
17.0,4,2,13,188
17.0,4,2,14,189
17.0,4,2,15,190
17.0,4,3,0,179
17.0,4,3,1,179
17.0,4,3,2,180
17.0,4,3,3,181
17.0,4,3,4,182
17.0,4,3,5,183
17.0,4,3,6,184
17.0,4,3,7,185
17.0,4,3,8,185
17.0,4,3,9,186
17.0,4,3,10,187
17.0,4,3,11,188
17.0,4,3,12,189
17.0,4,3,13,190
17.0,4,3,14,190
17.0,4,3,15,191
17.0,4,4,0,180
17.0,4,4,1,180
17.0,4,4,2,181
17.0,4,4,3,182
17.0,4,4,4,183
17.0,4,4,5,184
17.0,4,4,6,185
17.0,4,4,7,186
17.0,4,4,8,186
17.0,4,4,9,187
17.0,4,4,10,188
17.0,4,4,11,189
17.0,4,4,12,190
17.0,4,4,13,191
17.0,4,4,14,192
17.0,4,4,15,192
17.0,4,5,0,181
17.0,4,5,1,181
17.0,4,5,2,182
17.0,4,5,3,183
17.0,4,5,4,184
17.0,4,5,5,185
17.0,4,5,6,186
17.0,4,5,7,187
17.0,4,5,8,188
17.0,4,5,9,188
17.0,4,5,10,189
17.0,4,5,11,190
17.0,4,5,12,191
17.0,4,5,13,192
17.0,4,5,14,193
17.0,4,5,15,193
17.0,4,6,0,182
17.0,4,6,1,182
17.0,4,6,2,183
17.0,4,6,3,184
17.0,4,6,4,185
17.0,4,6,5,186
17.0,4,6,6,187
17.0,4,6,7,188
17.0,4,6,8,189
17.0,4,6,9,189
17.0,4,6,10,190
17.0,4,6,11,191
17.0,4,6,12,192
17.0,4,6,13,193
17.0,4,6,14,194
17.0,4,6,15,195
17.0,4,7,0,183
17.0,4,7,1,184
17.0,4,7,2,184
17.0,4,7,3,185
17.0,4,7,4,186
17.0,4,7,5,187
17.0,4,7,6,188
17.0,4,7,7,189
17.0,4,7,8,190
17.0,4,7,9,191
17.0,4,7,10,191
17.0,4,7,11,192
17.0,4,7,12,193
17.0,4,7,13,194
17.0,4,7,14,195
17.0,4,7,15,196
17.0,4,8,0,184
17.0,4,8,1,185
17.0,4,8,2,185
17.0,4,8,3,186
17.0,4,8,4,187
17.0,4,8,5,188
17.0,4,8,6,189
17.0,4,8,7,190
17.0,4,8,8,191
17.0,4,8,9,192
17.0,4,8,10,192
17.0,4,8,11,193
17.0,4,8,12,194
17.0,4,8,13,195
17.0,4,8,14,196
17.0,4,8,15,197
17.0,4,9,0,185
17.0,4,9,1,186
17.0,4,9,2,186
17.0,4,9,3,187
17.0,4,9,4,188
17.0,4,9,5,189
17.0,4,9,6,190
17.0,4,9,7,191
17.0,4,9,8,192
17.0,4,9,9,193
17.0,4,9,10,194
17.0,4,9,11,194
17.0,4,9,12,195
17.0,4,9,13,196
17.0,4,9,14,197
17.0,4,9,15,198
17.0,4,10,0,186
17.0,4,10,1,187
17.0,4,10,2,187
17.0,4,10,3,188
17.0,4,10,4,189
17.0,4,10,5,190
17.0,4,10,6,191
17.0,4,10,7,192
17.0,4,10,8,193
17.0,4,10,9,194
17.0,4,10,10,195
17.0,4,10,11,195
17.0,4,10,12,196
17.0,4,10,13,197
17.0,4,10,14,198
17.0,4,10,15,199
17.0,4,11,0,187
17.0,4,11,1,188
17.0,4,11,2,188
17.0,4,11,3,189
17.0,4,11,4,190
17.0,4,11,5,191
17.0,4,11,6,192
17.0,4,11,7,193
17.0,4,11,8,194
17.0,4,11,9,195
17.0,4,11,10,196
17.0,4,11,11,196
17.0,4,11,12,197
17.0,4,11,13,198
17.0,4,11,14,199
17.0,4,11,15,200
17.0,4,12,0,188
17.0,4,12,1,189
17.0,4,12,2,189
17.0,4,12,3,190
17.0,4,12,4,191
17.0,4,12,5,192
17.0,4,12,6,193
17.0,4,12,7,194
17.0,4,12,8,195
17.0,4,12,9,196
17.0,4,12,10,197
17.0,4,12,11,198
17.0,4,12,12,198
17.0,4,12,13,199
17.0,4,12,14,200
17.0,4,12,15,201
17.0,4,13,0,189
17.0,4,13,1,190
17.0,4,13,2,190
17.0,4,13,3,191
17.0,4,13,4,192
17.0,4,13,5,193
17.0,4,13,6,194
17.0,4,13,7,195
17.0,4,13,8,196
17.0,4,13,9,197
17.0,4,13,10,198
17.0,4,13,11,199
17.0,4,13,12,199
17.0,4,13,13,200
17.0,4,13,14,201
17.0,4,13,15,202
17.0,4,14,0,190
17.0,4,14,1,191
17.0,4,14,2,191
17.0,4,14,3,192
17.0,4,14,4,193
17.0,4,14,5,194
17.0,4,14,6,195
17.0,4,14,7,196
17.0,4,14,8,197
17.0,4,14,9,198
17.0,4,14,10,199
17.0,4,14,11,200
17.0,4,14,12,200
17.0,4,14,13,201
17.0,4,14,14,202
17.0,4,14,15,203
17.0,4,15,0,191
17.0,4,15,1,192
17.0,4,15,2,192
17.0,4,15,3,193
17.0,4,15,4,194
17.0,4,15,5,195
17.0,4,15,6,196
17.0,4,15,7,197
17.0,4,15,8,198
17.0,4,15,9,199
17.0,4,15,10,200
17.0,4,15,11,201
17.0,4,15,12,202
17.0,4,15,13,202
17.0,4,15,14,203
17.0,4,15,15,204
17.0,5,0,0,178
17.0,5,0,1,179
17.0,5,0,2,180
17.0,5,0,3,181
17.0,5,0,4,182
17.0,5,0,5,182
17.0,5,0,6,183
17.0,5,0,7,184
17.0,5,0,8,185
17.0,5,0,9,186
17.0,5,0,10,187
17.0,5,0,11,188
17.0,5,0,12,188
17.0,5,0,13,189
17.0,5,0,14,190
17.0,5,0,15,191
17.0,5,1,0,179
17.0,5,1,1,180
17.0,5,1,2,181
17.0,5,1,3,182
17.0,5,1,4,183
17.0,5,1,5,184
17.0,5,1,6,184
17.0,5,1,7,185
17.0,5,1,8,186
17.0,5,1,9,187
17.0,5,1,10,188
17.0,5,1,11,189
17.0,5,1,12,189
17.0,5,1,13,190
17.0,5,1,14,191
17.0,5,1,15,192
17.0,5,2,0,180
17.0,5,2,1,181
17.0,5,2,2,182
17.0,5,2,3,183
17.0,5,2,4,184
17.0,5,2,5,185
17.0,5,2,6,186
17.0,5,2,7,186
17.0,5,2,8,187
17.0,5,2,9,188
17.0,5,2,10,189
17.0,5,2,11,190
17.0,5,2,12,191
17.0,5,2,13,191
17.0,5,2,14,192
17.0,5,2,15,193
17.0,5,3,0,181
17.0,5,3,1,182
17.0,5,3,2,183
17.0,5,3,3,184
17.0,5,3,4,185
17.0,5,3,5,186
17.0,5,3,6,187
17.0,5,3,7,187
17.0,5,3,8,188
17.0,5,3,9,189
17.0,5,3,10,190
17.0,5,3,11,191
17.0,5,3,12,192
17.0,5,3,13,193
17.0,5,3,14,193
17.0,5,3,15,194
17.0,5,4,0,182
17.0,5,4,1,183
17.0,5,4,2,184
17.0,5,4,3,185
17.0,5,4,4,186
17.0,5,4,5,187
17.0,5,4,6,188
17.0,5,4,7,189
17.0,5,4,8,189
17.0,5,4,9,190
17.0,5,4,10,191
17.0,5,4,11,192
17.0,5,4,12,193
17.0,5,4,13,194
17.0,5,4,14,195
17.0,5,4,15,195
17.0,5,5,0,183
17.0,5,5,1,184
17.0,5,5,2,185
17.0,5,5,3,186
17.0,5,5,4,187
17.0,5,5,5,188
17.0,5,5,6,189
17.0,5,5,7,190
17.0,5,5,8,191
17.0,5,5,9,191
17.0,5,5,10,192
17.0,5,5,11,193
17.0,5,5,12,194
17.0,5,5,13,195
17.0,5,5,14,196
17.0,5,5,15,197
17.0,5,6,0,184
17.0,5,6,1,185
17.0,5,6,2,186
17.0,5,6,3,187
17.0,5,6,4,188
17.0,5,6,5,189
17.0,5,6,6,190
17.0,5,6,7,191
17.0,5,6,8,192
17.0,5,6,9,192
17.0,5,6,10,193
17.0,5,6,11,194
17.0,5,6,12,195
17.0,5,6,13,196
17.0,5,6,14,197
17.0,5,6,15,198
17.0,5,7,0,186
17.0,5,7,1,186
17.0,5,7,2,187
17.0,5,7,3,188
17.0,5,7,4,189
17.0,5,7,5,190
17.0,5,7,6,191
17.0,5,7,7,192
17.0,5,7,8,193
17.0,5,7,9,194
17.0,5,7,10,194
17.0,5,7,11,195
17.0,5,7,12,196
17.0,5,7,13,197
17.0,5,7,14,198
17.0,5,7,15,199
17.0,5,8,0,187
17.0,5,8,1,187
17.0,5,8,2,188
17.0,5,8,3,189
17.0,5,8,4,190
17.0,5,8,5,191
17.0,5,8,6,192
17.0,5,8,7,193
17.0,5,8,8,194
17.0,5,8,9,195
17.0,5,8,10,196
17.0,5,8,11,196
17.0,5,8,12,197
17.0,5,8,13,198
17.0,5,8,14,199
17.0,5,8,15,200
17.0,5,9,0,188
17.0,5,9,1,189
17.0,5,9,2,189
17.0,5,9,3,190
17.0,5,9,4,191
17.0,5,9,5,192
17.0,5,9,6,193
17.0,5,9,7,194
17.0,5,9,8,195
17.0,5,9,9,196
17.0,5,9,10,197
17.0,5,9,11,197
17.0,5,9,12,198
17.0,5,9,13,199
17.0,5,9,14,200
17.0,5,9,15,201
17.0,5,10,0,189
17.0,5,10,1,190
17.0,5,10,2,190
17.0,5,10,3,191
17.0,5,10,4,192
17.0,5,10,5,193
17.0,5,10,6,194
17.0,5,10,7,195
17.0,5,10,8,196
17.0,5,10,9,197
17.0,5,10,10,198
17.0,5,10,11,199
17.0,5,10,12,199
17.0,5,10,13,200
17.0,5,10,14,201
17.0,5,10,15,202
17.0,5,11,0,190
17.0,5,11,1,191
17.0,5,11,2,191
17.0,5,11,3,192
17.0,5,11,4,193
17.0,5,11,5,194
17.0,5,11,6,195
17.0,5,11,7,196
17.0,5,11,8,197
17.0,5,11,9,198
17.0,5,11,10,199
17.0,5,11,11,200
17.0,5,11,12,200
17.0,5,11,13,201
17.0,5,11,14,202
17.0,5,11,15,203
17.0,5,12,0,191
17.0,5,12,1,192
17.0,5,12,2,192
17.0,5,12,3,193
17.0,5,12,4,194
17.0,5,12,5,195
17.0,5,12,6,196
17.0,5,12,7,197
17.0,5,12,8,198
17.0,5,12,9,199
17.0,5,12,10,200
17.0,5,12,11,201
17.0,5,12,12,202
17.0,5,12,13,202
17.0,5,12,14,203
17.0,5,12,15,204
17.0,5,13,0,192
17.0,5,13,1,193
17.0,5,13,2,194
17.0,5,13,3,194
17.0,5,13,4,195
17.0,5,13,5,196
17.0,5,13,6,197
17.0,5,13,7,198
17.0,5,13,8,199
17.0,5,13,9,200
17.0,5,13,10,201
17.0,5,13,11,202
17.0,5,13,12,203
17.0,5,13,13,204
17.0,5,13,14,204
17.0,5,13,15,205
17.0,5,14,0,193
17.0,5,14,1,194
17.0,5,14,2,195
17.0,5,14,3,195
17.0,5,14,4,196
17.0,5,14,5,197
17.0,5,14,6,198
17.0,5,14,7,199
17.0,5,14,8,200
17.0,5,14,9,201
17.0,5,14,10,202
17.0,5,14,11,203
17.0,5,14,12,204
17.0,5,14,13,205
17.0,5,14,14,205
17.0,5,14,15,206
17.0,5,15,0,194
17.0,5,15,1,195
17.0,5,15,2,196
17.0,5,15,3,196
17.0,5,15,4,197
17.0,5,15,5,198
17.0,5,15,6,199
17.0,5,15,7,200
17.0,5,15,8,201
17.0,5,15,9,202
17.0,5,15,10,203
17.0,5,15,11,204
17.0,5,15,12,205
17.0,5,15,13,206
17.0,5,15,14,207
17.0,5,15,15,207
17.0,6,0,0,181
17.0,6,0,1,182
17.0,6,0,2,183
17.0,6,0,3,184
17.0,6,0,4,184
17.0,6,0,5,185
17.0,6,0,6,186
17.0,6,0,7,187
17.0,6,0,8,188
17.0,6,0,9,189
17.0,6,0,10,190
17.0,6,0,11,190
17.0,6,0,12,191
17.0,6,0,13,192
17.0,6,0,14,193
17.0,6,0,15,194
17.0,6,1,0,182
17.0,6,1,1,183
17.0,6,1,2,184
17.0,6,1,3,185
17.0,6,1,4,186
17.0,6,1,5,186
17.0,6,1,6,187
17.0,6,1,7,188
17.0,6,1,8,189
17.0,6,1,9,190
17.0,6,1,10,191
17.0,6,1,11,192
17.0,6,1,12,192
17.0,6,1,13,193
17.0,6,1,14,194
17.0,6,1,15,195
17.0,6,2,0,183
17.0,6,2,1,184
17.0,6,2,2,185
17.0,6,2,3,186
17.0,6,2,4,187
17.0,6,2,5,188
17.0,6,2,6,188
17.0,6,2,7,189
17.0,6,2,8,190
17.0,6,2,9,191
17.0,6,2,10,192
17.0,6,2,11,193
17.0,6,2,12,194
17.0,6,2,13,194
17.0,6,2,14,195
17.0,6,2,15,196
17.0,6,3,0,184
17.0,6,3,1,185
17.0,6,3,2,186
17.0,6,3,3,187
17.0,6,3,4,188
17.0,6,3,5,189
17.0,6,3,6,190
17.0,6,3,7,190
17.0,6,3,8,191
17.0,6,3,9,192
17.0,6,3,10,193
17.0,6,3,11,194
17.0,6,3,12,195
17.0,6,3,13,196
17.0,6,3,14,196
17.0,6,3,15,197
17.0,6,4,0,185
17.0,6,4,1,186
17.0,6,4,2,187
17.0,6,4,3,188
17.0,6,4,4,189
17.0,6,4,5,190
17.0,6,4,6,191
17.0,6,4,7,192
17.0,6,4,8,192
17.0,6,4,9,193
17.0,6,4,10,194
17.0,6,4,11,195
17.0,6,4,12,196
17.0,6,4,13,197
17.0,6,4,14,198
17.0,6,4,15,198
17.0,6,5,0,186
17.0,6,5,1,187
17.0,6,5,2,188
17.0,6,5,3,189
17.0,6,5,4,190
17.0,6,5,5,191
17.0,6,5,6,192
17.0,6,5,7,193
17.0,6,5,8,194
17.0,6,5,9,194
17.0,6,5,10,195
17.0,6,5,11,196
17.0,6,5,12,197
17.0,6,5,13,198
17.0,6,5,14,199
17.0,6,5,15,200
17.0,6,6,0,187
17.0,6,6,1,188
17.0,6,6,2,189
17.0,6,6,3,190
17.0,6,6,4,191
17.0,6,6,5,192
17.0,6,6,6,193
17.0,6,6,7,194
17.0,6,6,8,195
17.0,6,6,9,195
17.0,6,6,10,196
17.0,6,6,11,197
17.0,6,6,12,198
17.0,6,6,13,199
17.0,6,6,14,200
17.0,6,6,15,201
17.0,6,7,0,188
17.0,6,7,1,189
17.0,6,7,2,190
17.0,6,7,3,191
17.0,6,7,4,192
17.0,6,7,5,193
17.0,6,7,6,194
17.0,6,7,7,195
17.0,6,7,8,196
17.0,6,7,9,197
17.0,6,7,10,197
17.0,6,7,11,198
17.0,6,7,12,199
17.0,6,7,13,200
17.0,6,7,14,201
17.0,6,7,15,202
17.0,6,8,0,189
17.0,6,8,1,190
17.0,6,8,2,191
17.0,6,8,3,192
17.0,6,8,4,193
17.0,6,8,5,194
17.0,6,8,6,195
17.0,6,8,7,196
17.0,6,8,8,197
17.0,6,8,9,198
17.0,6,8,10,199
17.0,6,8,11,199
17.0,6,8,12,200
17.0,6,8,13,201
17.0,6,8,14,202
17.0,6,8,15,203
17.0,6,9,0,191
17.0,6,9,1,191
17.0,6,9,2,192
17.0,6,9,3,193
17.0,6,9,4,194
17.0,6,9,5,195
17.0,6,9,6,196
17.0,6,9,7,197
17.0,6,9,8,198
17.0,6,9,9,199
17.0,6,9,10,200
17.0,6,9,11,201
17.0,6,9,12,201
17.0,6,9,13,202
17.0,6,9,14,203
17.0,6,9,15,204
17.0,6,10,0,192
17.0,6,10,1,192
17.0,6,10,2,193
17.0,6,10,3,194
17.0,6,10,4,195
17.0,6,10,5,196
17.0,6,10,6,197
17.0,6,10,7,198
17.0,6,10,8,199
17.0,6,10,9,200
17.0,6,10,10,201
17.0,6,10,11,202
17.0,6,10,12,203
17.0,6,10,13,203
17.0,6,10,14,204
17.0,6,10,15,205
17.0,6,11,0,193
17.0,6,11,1,194
17.0,6,11,2,194
17.0,6,11,3,195
17.0,6,11,4,196
17.0,6,11,5,197
17.0,6,11,6,198
17.0,6,11,7,199
17.0,6,11,8,200
17.0,6,11,9,201
17.0,6,11,10,202
17.0,6,11,11,203
17.0,6,11,12,204
17.0,6,11,13,205
17.0,6,11,14,205
17.0,6,11,15,206
17.0,6,12,0,194
17.0,6,12,1,195
17.0,6,12,2,196
17.0,6,12,3,196
17.0,6,12,4,197
17.0,6,12,5,198
17.0,6,12,6,199
17.0,6,12,7,200
17.0,6,12,8,201
17.0,6,12,9,202
17.0,6,12,10,203
17.0,6,12,11,204
17.0,6,12,12,205
17.0,6,12,13,206
17.0,6,12,14,207
17.0,6,12,15,207
17.0,6,13,0,195
17.0,6,13,1,196
17.0,6,13,2,197
17.0,6,13,3,197
17.0,6,13,4,198
17.0,6,13,5,199
17.0,6,13,6,200
17.0,6,13,7,201
17.0,6,13,8,202
17.0,6,13,9,203
17.0,6,13,10,204
17.0,6,13,11,205
17.0,6,13,12,206
17.0,6,13,13,207
17.0,6,13,14,208
17.0,6,13,15,208
17.0,6,14,0,196
17.0,6,14,1,197
17.0,6,14,2,198
17.0,6,14,3,199
17.0,6,14,4,199
17.0,6,14,5,200
17.0,6,14,6,201
17.0,6,14,7,202
17.0,6,14,8,203
17.0,6,14,9,204
17.0,6,14,10,205
17.0,6,14,11,206
17.0,6,14,12,207
17.0,6,14,13,208
17.0,6,14,14,209
17.0,6,14,15,210
17.0,6,15,0,197
17.0,6,15,1,198
17.0,6,15,2,199
17.0,6,15,3,200
17.0,6,15,4,200
17.0,6,15,5,201
17.0,6,15,6,202
17.0,6,15,7,203
17.0,6,15,8,204
17.0,6,15,9,205
17.0,6,15,10,206
17.0,6,15,11,207
17.0,6,15,12,208
17.0,6,15,13,209
17.0,6,15,14,210
17.0,6,15,15,211
17.0,7,0,0,184
17.0,7,0,1,185
17.0,7,0,2,186
17.0,7,0,3,186
17.0,7,0,4,187
17.0,7,0,5,188
17.0,7,0,6,189
17.0,7,0,7,190
17.0,7,0,8,191
17.0,7,0,9,192
17.0,7,0,10,193
17.0,7,0,11,193
17.0,7,0,12,194
17.0,7,0,13,195
17.0,7,0,14,196
17.0,7,0,15,197
17.0,7,1,0,185
17.0,7,1,1,186
17.0,7,1,2,187
17.0,7,1,3,188
17.0,7,1,4,188
17.0,7,1,5,189
17.0,7,1,6,190
17.0,7,1,7,191
17.0,7,1,8,192
17.0,7,1,9,193
17.0,7,1,10,194
17.0,7,1,11,195
17.0,7,1,12,195
17.0,7,1,13,196
17.0,7,1,14,197
17.0,7,1,15,198
17.0,7,2,0,186
17.0,7,2,1,187
17.0,7,2,2,188
17.0,7,2,3,189
17.0,7,2,4,190
17.0,7,2,5,190
17.0,7,2,6,191
17.0,7,2,7,192
17.0,7,2,8,193
17.0,7,2,9,194
17.0,7,2,10,195
17.0,7,2,11,196
17.0,7,2,12,197
17.0,7,2,13,197
17.0,7,2,14,198
17.0,7,2,15,199
17.0,7,3,0,187
17.0,7,3,1,188
17.0,7,3,2,189
17.0,7,3,3,190
17.0,7,3,4,191
17.0,7,3,5,192
17.0,7,3,6,192
17.0,7,3,7,193
17.0,7,3,8,194
17.0,7,3,9,195
17.0,7,3,10,196
17.0,7,3,11,197
17.0,7,3,12,198
17.0,7,3,13,199
17.0,7,3,14,199
17.0,7,3,15,200
17.0,7,4,0,188
17.0,7,4,1,189
17.0,7,4,2,190
17.0,7,4,3,191
17.0,7,4,4,192
17.0,7,4,5,193
17.0,7,4,6,194
17.0,7,4,7,194
17.0,7,4,8,195
17.0,7,4,9,196
17.0,7,4,10,197
17.0,7,4,11,198
17.0,7,4,12,199
17.0,7,4,13,200
17.0,7,4,14,201
17.0,7,4,15,202
17.0,7,5,0,189
17.0,7,5,1,190
17.0,7,5,2,191
17.0,7,5,3,192
17.0,7,5,4,193
17.0,7,5,5,194
17.0,7,5,6,195
17.0,7,5,7,196
17.0,7,5,8,196
17.0,7,5,9,197
17.0,7,5,10,198
17.0,7,5,11,199
17.0,7,5,12,200
17.0,7,5,13,201
17.0,7,5,14,202
17.0,7,5,15,203
17.0,7,6,0,190
17.0,7,6,1,191
17.0,7,6,2,192
17.0,7,6,3,193
17.0,7,6,4,194
17.0,7,6,5,195
17.0,7,6,6,196
17.0,7,6,7,197
17.0,7,6,8,198
17.0,7,6,9,199
17.0,7,6,10,199
17.0,7,6,11,200
17.0,7,6,12,201
17.0,7,6,13,202
17.0,7,6,14,203
17.0,7,6,15,204
17.0,7,7,0,191
17.0,7,7,1,192
17.0,7,7,2,193
17.0,7,7,3,194
17.0,7,7,4,195
17.0,7,7,5,196
17.0,7,7,6,197
17.0,7,7,7,198
17.0,7,7,8,199
17.0,7,7,9,200
17.0,7,7,10,201
17.0,7,7,11,201
17.0,7,7,12,202
17.0,7,7,13,203
17.0,7,7,14,204
17.0,7,7,15,205
17.0,7,8,0,192
17.0,7,8,1,193
17.0,7,8,2,194
17.0,7,8,3,195
17.0,7,8,4,196
17.0,7,8,5,197
17.0,7,8,6,198
17.0,7,8,7,199
17.0,7,8,8,200
17.0,7,8,9,201
17.0,7,8,10,202
17.0,7,8,11,203
17.0,7,8,12,203
17.0,7,8,13,204
17.0,7,8,14,205
17.0,7,8,15,206
17.0,7,9,0,193
17.0,7,9,1,194
17.0,7,9,2,195
17.0,7,9,3,196
17.0,7,9,4,197
17.0,7,9,5,198
17.0,7,9,6,199
17.0,7,9,7,200
17.0,7,9,8,201
17.0,7,9,9,202
17.0,7,9,10,203
17.0,7,9,11,204
17.0,7,9,12,205
17.0,7,9,13,205
17.0,7,9,14,206
17.0,7,9,15,207
17.0,7,10,0,195
17.0,7,10,1,195
17.0,7,10,2,196
17.0,7,10,3,197
17.0,7,10,4,198
17.0,7,10,5,199
17.0,7,10,6,200
17.0,7,10,7,201
17.0,7,10,8,202
17.0,7,10,9,203
17.0,7,10,10,204
17.0,7,10,11,205
17.0,7,10,12,206
17.0,7,10,13,207
17.0,7,10,14,207
17.0,7,10,15,208
17.0,7,11,0,196
17.0,7,11,1,197
17.0,7,11,2,197
17.0,7,11,3,198
17.0,7,11,4,199
17.0,7,11,5,200
17.0,7,11,6,201
17.0,7,11,7,202
17.0,7,11,8,203
17.0,7,11,9,204
17.0,7,11,10,205
17.0,7,11,11,206
17.0,7,11,12,207
17.0,7,11,13,208
17.0,7,11,14,209
17.0,7,11,15,209
17.0,7,12,0,197
17.0,7,12,1,198
17.0,7,12,2,199
17.0,7,12,3,199
17.0,7,12,4,200
17.0,7,12,5,201
17.0,7,12,6,202
17.0,7,12,7,203
17.0,7,12,8,204
17.0,7,12,9,205
17.0,7,12,10,206
17.0,7,12,11,207
17.0,7,12,12,208
17.0,7,12,13,209
17.0,7,12,14,210
17.0,7,12,15,211
17.0,7,13,0,198
17.0,7,13,1,199
17.0,7,13,2,200
17.0,7,13,3,201
17.0,7,13,4,201
17.0,7,13,5,202
17.0,7,13,6,203
17.0,7,13,7,204
17.0,7,13,8,205
17.0,7,13,9,206
17.0,7,13,10,207
17.0,7,13,11,208
17.0,7,13,12,209
17.0,7,13,13,210
17.0,7,13,14,211
17.0,7,13,15,212
17.0,7,14,0,199
17.0,7,14,1,200
17.0,7,14,2,201
17.0,7,14,3,202
17.0,7,14,4,203
17.0,7,14,5,203
17.0,7,14,6,204
17.0,7,14,7,205
17.0,7,14,8,206
17.0,7,14,9,207
17.0,7,14,10,208
17.0,7,14,11,209
17.0,7,14,12,210
17.0,7,14,13,211
17.0,7,14,14,212
17.0,7,14,15,213
17.0,7,15,0,200
17.0,7,15,1,201
17.0,7,15,2,202
17.0,7,15,3,203
17.0,7,15,4,204
17.0,7,15,5,205
17.0,7,15,6,205
17.0,7,15,7,206
17.0,7,15,8,207
17.0,7,15,9,208
17.0,7,15,10,209
17.0,7,15,11,210
17.0,7,15,12,211
17.0,7,15,13,212
17.0,7,15,14,213
17.0,7,15,15,214
17.0,8,0,0,187
17.0,8,0,1,187
17.0,8,0,2,188
17.0,8,0,3,189
17.0,8,0,4,190
17.0,8,0,5,191
17.0,8,0,6,192
17.0,8,0,7,193
17.0,8,0,8,194
17.0,8,0,9,195
17.0,8,0,10,195
17.0,8,0,11,196
17.0,8,0,12,197
17.0,8,0,13,198
17.0,8,0,14,199
17.0,8,0,15,200
17.0,8,1,0,188
17.0,8,1,1,189
17.0,8,1,2,189
17.0,8,1,3,190
17.0,8,1,4,191
17.0,8,1,5,192
17.0,8,1,6,193
17.0,8,1,7,194
17.0,8,1,8,195
17.0,8,1,9,196
17.0,8,1,10,197
17.0,8,1,11,198
17.0,8,1,12,198
17.0,8,1,13,199
17.0,8,1,14,200
17.0,8,1,15,201
17.0,8,2,0,189
17.0,8,2,1,190
17.0,8,2,2,191
17.0,8,2,3,192
17.0,8,2,4,192
17.0,8,2,5,193
17.0,8,2,6,194
17.0,8,2,7,195
17.0,8,2,8,196
17.0,8,2,9,197
17.0,8,2,10,198
17.0,8,2,11,199
17.0,8,2,12,200
17.0,8,2,13,200
17.0,8,2,14,201
17.0,8,2,15,202
17.0,8,3,0,190
17.0,8,3,1,191
17.0,8,3,2,192
17.0,8,3,3,193
17.0,8,3,4,194
17.0,8,3,5,194
17.0,8,3,6,195
17.0,8,3,7,196
17.0,8,3,8,197
17.0,8,3,9,198
17.0,8,3,10,199
17.0,8,3,11,200
17.0,8,3,12,201
17.0,8,3,13,202
17.0,8,3,14,203
17.0,8,3,15,203
17.0,8,4,0,191
17.0,8,4,1,192
17.0,8,4,2,193
17.0,8,4,3,194
17.0,8,4,4,195
17.0,8,4,5,196
17.0,8,4,6,197
17.0,8,4,7,197
17.0,8,4,8,198
17.0,8,4,9,199
17.0,8,4,10,200
17.0,8,4,11,201
17.0,8,4,12,202
17.0,8,4,13,203
17.0,8,4,14,204
17.0,8,4,15,205
17.0,8,5,0,192
17.0,8,5,1,193
17.0,8,5,2,194
17.0,8,5,3,195
17.0,8,5,4,196
17.0,8,5,5,197
17.0,8,5,6,198
17.0,8,5,7,199
17.0,8,5,8,199
17.0,8,5,9,200
17.0,8,5,10,201
17.0,8,5,11,202
17.0,8,5,12,203
17.0,8,5,13,204
17.0,8,5,14,205
17.0,8,5,15,206
17.0,8,6,0,193
17.0,8,6,1,194
17.0,8,6,2,195
17.0,8,6,3,196
17.0,8,6,4,197
17.0,8,6,5,198
17.0,8,6,6,199
17.0,8,6,7,200
17.0,8,6,8,201
17.0,8,6,9,202
17.0,8,6,10,202
17.0,8,6,11,203
17.0,8,6,12,204
17.0,8,6,13,205
17.0,8,6,14,206
17.0,8,6,15,207
17.0,8,7,0,194
17.0,8,7,1,195
17.0,8,7,2,196
17.0,8,7,3,197
17.0,8,7,4,198
17.0,8,7,5,199
17.0,8,7,6,200
17.0,8,7,7,201
17.0,8,7,8,202
17.0,8,7,9,203
17.0,8,7,10,204
17.0,8,7,11,204
17.0,8,7,12,205
17.0,8,7,13,206
17.0,8,7,14,207
17.0,8,7,15,208
17.0,8,8,0,195
17.0,8,8,1,196
17.0,8,8,2,197
17.0,8,8,3,198
17.0,8,8,4,199
17.0,8,8,5,200
17.0,8,8,6,201
17.0,8,8,7,202
17.0,8,8,8,203
17.0,8,8,9,204
17.0,8,8,10,205
17.0,8,8,11,206
17.0,8,8,12,207
17.0,8,8,13,207
17.0,8,8,14,208
17.0,8,8,15,209
17.0,8,9,0,196
17.0,8,9,1,197
17.0,8,9,2,198
17.0,8,9,3,199
17.0,8,9,4,200
17.0,8,9,5,201
17.0,8,9,6,202
17.0,8,9,7,203
17.0,8,9,8,204
17.0,8,9,9,205
17.0,8,9,10,206
17.0,8,9,11,207
17.0,8,9,12,208
17.0,8,9,13,209
17.0,8,9,14,209
17.0,8,9,15,210
17.0,8,10,0,197
17.0,8,10,1,198
17.0,8,10,2,199
17.0,8,10,3,200
17.0,8,10,4,201
17.0,8,10,5,202
17.0,8,10,6,203
17.0,8,10,7,204
17.0,8,10,8,205
17.0,8,10,9,206
17.0,8,10,10,207
17.0,8,10,11,208
17.0,8,10,12,209
17.0,8,10,13,210
17.0,8,10,14,211
17.0,8,10,15,212
17.0,8,11,0,199
17.0,8,11,1,200
17.0,8,11,2,200
17.0,8,11,3,201
17.0,8,11,4,202
17.0,8,11,5,203
17.0,8,11,6,204
17.0,8,11,7,205
17.0,8,11,8,206
17.0,8,11,9,207
17.0,8,11,10,208
17.0,8,11,11,209
17.0,8,11,12,210
17.0,8,11,13,211
17.0,8,11,14,212
17.0,8,11,15,213
17.0,8,12,0,200
17.0,8,12,1,201
17.0,8,12,2,202
17.0,8,12,3,203
17.0,8,12,4,203
17.0,8,12,5,204
17.0,8,12,6,205
17.0,8,12,7,206
17.0,8,12,8,207
17.0,8,12,9,208
17.0,8,12,10,209
17.0,8,12,11,210
17.0,8,12,12,211
17.0,8,12,13,212
17.0,8,12,14,213
17.0,8,12,15,214
17.0,8,13,0,201
17.0,8,13,1,202
17.0,8,13,2,203
17.0,8,13,3,204
17.0,8,13,4,205
17.0,8,13,5,206
17.0,8,13,6,206
17.0,8,13,7,207
17.0,8,13,8,208
17.0,8,13,9,209
17.0,8,13,10,210
17.0,8,13,11,211
17.0,8,13,12,212
17.0,8,13,13,213
17.0,8,13,14,214
17.0,8,13,15,215
17.0,8,14,0,202
17.0,8,14,1,203
17.0,8,14,2,204
17.0,8,14,3,205
17.0,8,14,4,206
17.0,8,14,5,207
17.0,8,14,6,208
17.0,8,14,7,209
17.0,8,14,8,209
17.0,8,14,9,210
17.0,8,14,10,211
17.0,8,14,11,212
17.0,8,14,12,213
17.0,8,14,13,214
17.0,8,14,14,215
17.0,8,14,15,216
17.0,8,15,0,203
17.0,8,15,1,204
17.0,8,15,2,205
17.0,8,15,3,206
17.0,8,15,4,207
17.0,8,15,5,208
17.0,8,15,6,209
17.0,8,15,7,210
17.0,8,15,8,211
17.0,8,15,9,211
17.0,8,15,10,212
17.0,8,15,11,213
17.0,8,15,12,214
17.0,8,15,13,215
17.0,8,15,14,216
17.0,8,15,15,217
17.0,9,0,0,189
17.0,9,0,1,190
17.0,9,0,2,191
17.0,9,0,3,192
17.0,9,0,4,193
17.0,9,0,5,194
17.0,9,0,6,195
17.0,9,0,7,196
17.0,9,0,8,197
17.0,9,0,9,198
17.0,9,0,10,198
17.0,9,0,11,199
17.0,9,0,12,200
17.0,9,0,13,201
17.0,9,0,14,202
17.0,9,0,15,203
17.0,9,1,0,190
17.0,9,1,1,191
17.0,9,1,2,192
17.0,9,1,3,193
17.0,9,1,4,194
17.0,9,1,5,195
17.0,9,1,6,196
17.0,9,1,7,197
17.0,9,1,8,198
17.0,9,1,9,199
17.0,9,1,10,200
17.0,9,1,11,200
17.0,9,1,12,201
17.0,9,1,13,202
17.0,9,1,14,203
17.0,9,1,15,204
17.0,9,2,0,192
17.0,9,2,1,193
17.0,9,2,2,193
17.0,9,2,3,194
17.0,9,2,4,195
17.0,9,2,5,196
17.0,9,2,6,197
17.0,9,2,7,198
17.0,9,2,8,199
17.0,9,2,9,200
17.0,9,2,10,201
17.0,9,2,11,202
17.0,9,2,12,203
17.0,9,2,13,203
17.0,9,2,14,204
17.0,9,2,15,205
17.0,9,3,0,193
17.0,9,3,1,194
17.0,9,3,2,195
17.0,9,3,3,196
17.0,9,3,4,196
17.0,9,3,5,197
17.0,9,3,6,198
17.0,9,3,7,199
17.0,9,3,8,200
17.0,9,3,9,201
17.0,9,3,10,202
17.0,9,3,11,203
17.0,9,3,12,204
17.0,9,3,13,205
17.0,9,3,14,206
17.0,9,3,15,206
17.0,9,4,0,194
17.0,9,4,1,195
17.0,9,4,2,196
17.0,9,4,3,197
17.0,9,4,4,198
17.0,9,4,5,199
17.0,9,4,6,199
17.0,9,4,7,200
17.0,9,4,8,201
17.0,9,4,9,202
17.0,9,4,10,203
17.0,9,4,11,204
17.0,9,4,12,205
17.0,9,4,13,206
17.0,9,4,14,207
17.0,9,4,15,208
17.0,9,5,0,195
17.0,9,5,1,196
17.0,9,5,2,197
17.0,9,5,3,198
17.0,9,5,4,199
17.0,9,5,5,200
17.0,9,5,6,201
17.0,9,5,7,202
17.0,9,5,8,202
17.0,9,5,9,203
17.0,9,5,10,204
17.0,9,5,11,205
17.0,9,5,12,206
17.0,9,5,13,207
17.0,9,5,14,208
17.0,9,5,15,209
17.0,9,6,0,196
17.0,9,6,1,197
17.0,9,6,2,198
17.0,9,6,3,199
17.0,9,6,4,200
17.0,9,6,5,201
17.0,9,6,6,202
17.0,9,6,7,203
17.0,9,6,8,204
17.0,9,6,9,205
17.0,9,6,10,205
17.0,9,6,11,206
17.0,9,6,12,207
17.0,9,6,13,208
17.0,9,6,14,209
17.0,9,6,15,210
17.0,9,7,0,197
17.0,9,7,1,198
17.0,9,7,2,199
17.0,9,7,3,200
17.0,9,7,4,201
17.0,9,7,5,202
17.0,9,7,6,203
17.0,9,7,7,204
17.0,9,7,8,205
17.0,9,7,9,206
17.0,9,7,10,207
17.0,9,7,11,208
17.0,9,7,12,208
17.0,9,7,13,209
17.0,9,7,14,210
17.0,9,7,15,211
17.0,9,8,0,198
17.0,9,8,1,199
17.0,9,8,2,200
17.0,9,8,3,201
17.0,9,8,4,202
17.0,9,8,5,203
17.0,9,8,6,204
17.0,9,8,7,205
17.0,9,8,8,206
17.0,9,8,9,207
17.0,9,8,10,208
17.0,9,8,11,209
17.0,9,8,12,210
17.0,9,8,13,211
17.0,9,8,14,211
17.0,9,8,15,212
17.0,9,9,0,199
17.0,9,9,1,200
17.0,9,9,2,201
17.0,9,9,3,202
17.0,9,9,4,203
17.0,9,9,5,204
17.0,9,9,6,205
17.0,9,9,7,206
17.0,9,9,8,207
17.0,9,9,9,208
17.0,9,9,10,209
17.0,9,9,11,210
17.0,9,9,12,211
17.0,9,9,13,212
17.0,9,9,14,213
17.0,9,9,15,214
17.0,9,10,0,200
17.0,9,10,1,201
17.0,9,10,2,202
17.0,9,10,3,203
17.0,9,10,4,204
17.0,9,10,5,205
17.0,9,10,6,206
17.0,9,10,7,207
17.0,9,10,8,208
17.0,9,10,9,209
17.0,9,10,10,210
17.0,9,10,11,211
17.0,9,10,12,212
17.0,9,10,13,213
17.0,9,10,14,214
17.0,9,10,15,215
17.0,9,11,0,201
17.0,9,11,1,202
17.0,9,11,2,203
17.0,9,11,3,204
17.0,9,11,4,205
17.0,9,11,5,206
17.0,9,11,6,207
17.0,9,11,7,208
17.0,9,11,8,209
17.0,9,11,9,210
17.0,9,11,10,211
17.0,9,11,11,212
17.0,9,11,12,213
17.0,9,11,13,214
17.0,9,11,14,215
17.0,9,11,15,216
17.0,9,12,0,203
17.0,9,12,1,204
17.0,9,12,2,205
17.0,9,12,3,206
17.0,9,12,4,207
17.0,9,12,5,207
17.0,9,12,6,208
17.0,9,12,7,209
17.0,9,12,8,210
17.0,9,12,9,211
17.0,9,12,10,212
17.0,9,12,11,213
17.0,9,12,12,214
17.0,9,12,13,215
17.0,9,12,14,216
17.0,9,12,15,217
17.0,9,13,0,204
17.0,9,13,1,205
17.0,9,13,2,206
17.0,9,13,3,207
17.0,9,13,4,208
17.0,9,13,5,209
17.0,9,13,6,210
17.0,9,13,7,211
17.0,9,13,8,211
17.0,9,13,9,212
17.0,9,13,10,213
17.0,9,13,11,214
17.0,9,13,12,215
17.0,9,13,13,216
17.0,9,13,14,217
17.0,9,13,15,218
17.0,9,14,0,205
17.0,9,14,1,206
17.0,9,14,2,207
17.0,9,14,3,208
17.0,9,14,4,209
17.0,9,14,5,210
17.0,9,14,6,211
17.0,9,14,7,212
17.0,9,14,8,213
17.0,9,14,9,214
17.0,9,14,10,215
17.0,9,14,11,215
17.0,9,14,12,216
17.0,9,14,13,217
17.0,9,14,14,218
17.0,9,14,15,219
17.0,9,15,0,206
17.0,9,15,1,207
17.0,9,15,2,208
17.0,9,15,3,209
17.0,9,15,4,210
17.0,9,15,5,211
17.0,9,15,6,212
17.0,9,15,7,213
17.0,9,15,8,214
17.0,9,15,9,215
17.0,9,15,10,216
17.0,9,15,11,217
17.0,9,15,12,218
17.0,9,15,13,219
17.0,9,15,14,219
17.0,9,15,15,220
17.0,10,0,0,192
17.0,10,0,1,193
17.0,10,0,2,194
17.0,10,0,3,195
17.0,10,0,4,196
17.0,10,0,5,197
17.0,10,0,6,198
17.0,10,0,7,199
17.0,10,0,8,200
17.0,10,0,9,200
17.0,10,0,10,201
17.0,10,0,11,202
17.0,10,0,12,203
17.0,10,0,13,204
17.0,10,0,14,205
17.0,10,0,15,206
17.0,10,1,0,193
17.0,10,1,1,194
17.0,10,1,2,195
17.0,10,1,3,196
17.0,10,1,4,197
17.0,10,1,5,198
17.0,10,1,6,199
17.0,10,1,7,200
17.0,10,1,8,201
17.0,10,1,9,202
17.0,10,1,10,203
17.0,10,1,11,203
17.0,10,1,12,204
17.0,10,1,13,205
17.0,10,1,14,206
17.0,10,1,15,207
17.0,10,2,0,194
17.0,10,2,1,195
17.0,10,2,2,196
17.0,10,2,3,197
17.0,10,2,4,198
17.0,10,2,5,199
17.0,10,2,6,200
17.0,10,2,7,201
17.0,10,2,8,202
17.0,10,2,9,203
17.0,10,2,10,204
17.0,10,2,11,205
17.0,10,2,12,206
17.0,10,2,13,206
17.0,10,2,14,207
17.0,10,2,15,208
17.0,10,3,0,196
17.0,10,3,1,197
17.0,10,3,2,197
17.0,10,3,3,198
17.0,10,3,4,199
17.0,10,3,5,200
17.0,10,3,6,201
17.0,10,3,7,202
17.0,10,3,8,203
17.0,10,3,9,204
17.0,10,3,10,205
17.0,10,3,11,206
17.0,10,3,12,207
17.0,10,3,13,208
17.0,10,3,14,209
17.0,10,3,15,209
17.0,10,4,0,197
17.0,10,4,1,198
17.0,10,4,2,199
17.0,10,4,3,200
17.0,10,4,4,201
17.0,10,4,5,201
17.0,10,4,6,202
17.0,10,4,7,203
17.0,10,4,8,204
17.0,10,4,9,205
17.0,10,4,10,206
17.0,10,4,11,207
17.0,10,4,12,208
17.0,10,4,13,209
17.0,10,4,14,210
17.0,10,4,15,211
17.0,10,5,0,198
17.0,10,5,1,199
17.0,10,5,2,200
17.0,10,5,3,201
17.0,10,5,4,202
17.0,10,5,5,203
17.0,10,5,6,204
17.0,10,5,7,205
17.0,10,5,8,205
17.0,10,5,9,206
17.0,10,5,10,207
17.0,10,5,11,208
17.0,10,5,12,209
17.0,10,5,13,210
17.0,10,5,14,211
17.0,10,5,15,212
17.0,10,6,0,199
17.0,10,6,1,200
17.0,10,6,2,201
17.0,10,6,3,202
17.0,10,6,4,203
17.0,10,6,5,204
17.0,10,6,6,205
17.0,10,6,7,206
17.0,10,6,8,207
17.0,10,6,9,208
17.0,10,6,10,208
17.0,10,6,11,209
17.0,10,6,12,210
17.0,10,6,13,211
17.0,10,6,14,212
17.0,10,6,15,213
17.0,10,7,0,200
17.0,10,7,1,201
17.0,10,7,2,202
17.0,10,7,3,203
17.0,10,7,4,204
17.0,10,7,5,205
17.0,10,7,6,206
17.0,10,7,7,207
17.0,10,7,8,208
17.0,10,7,9,209
17.0,10,7,10,210
17.0,10,7,11,211
17.0,10,7,12,212
17.0,10,7,13,212
17.0,10,7,14,213
17.0,10,7,15,214
17.0,10,8,0,201
17.0,10,8,1,202
17.0,10,8,2,203
17.0,10,8,3,204
17.0,10,8,4,205
17.0,10,8,5,206
17.0,10,8,6,207
17.0,10,8,7,208
17.0,10,8,8,209
17.0,10,8,9,210
17.0,10,8,10,211
17.0,10,8,11,212
17.0,10,8,12,213
17.0,10,8,13,214
17.0,10,8,14,215
17.0,10,8,15,215
17.0,10,9,0,202
17.0,10,9,1,203
17.0,10,9,2,204
17.0,10,9,3,205
17.0,10,9,4,206
17.0,10,9,5,207
17.0,10,9,6,208
17.0,10,9,7,209
17.0,10,9,8,210
17.0,10,9,9,211
17.0,10,9,10,212
17.0,10,9,11,213
17.0,10,9,12,214
17.0,10,9,13,215
17.0,10,9,14,216
17.0,10,9,15,217
17.0,10,10,0,203
17.0,10,10,1,204
17.0,10,10,2,205
17.0,10,10,3,206
17.0,10,10,4,207
17.0,10,10,5,208
17.0,10,10,6,209
17.0,10,10,7,210
17.0,10,10,8,211
17.0,10,10,9,212
17.0,10,10,10,213
17.0,10,10,11,214
17.0,10,10,12,215
17.0,10,10,13,216
17.0,10,10,14,217
17.0,10,10,15,218
17.0,10,11,0,204
17.0,10,11,1,205
17.0,10,11,2,206
17.0,10,11,3,207
17.0,10,11,4,208
17.0,10,11,5,209
17.0,10,11,6,210
17.0,10,11,7,211
17.0,10,11,8,212
17.0,10,11,9,213
17.0,10,11,10,214
17.0,10,11,11,215
17.0,10,11,12,216
17.0,10,11,13,217
17.0,10,11,14,218
17.0,10,11,15,219
17.0,10,12,0,206
17.0,10,12,1,207
17.0,10,12,2,208
17.0,10,12,3,209
17.0,10,12,4,210
17.0,10,12,5,211
17.0,10,12,6,212
17.0,10,12,7,213
17.0,10,12,8,213
17.0,10,12,9,214
17.0,10,12,10,215
17.0,10,12,11,216
17.0,10,12,12,217
17.0,10,12,13,218
17.0,10,12,14,219
17.0,10,12,15,220
17.0,10,13,0,207
17.0,10,13,1,208
17.0,10,13,2,209
17.0,10,13,3,210
17.0,10,13,4,211
17.0,10,13,5,212
17.0,10,13,6,213
17.0,10,13,7,214
17.0,10,13,8,215
17.0,10,13,9,216
17.0,10,13,10,217
17.0,10,13,11,218
17.0,10,13,12,218
17.0,10,13,13,219
17.0,10,13,14,220
17.0,10,13,15,221
17.0,10,14,0,208
17.0,10,14,1,209
17.0,10,14,2,210
17.0,10,14,3,211
17.0,10,14,4,212
17.0,10,14,5,213
17.0,10,14,6,214
17.0,10,14,7,215
17.0,10,14,8,216
17.0,10,14,9,217
17.0,10,14,10,218
17.0,10,14,11,219
17.0,10,14,12,220
17.0,10,14,13,221
17.0,10,14,14,222
17.0,10,14,15,222
17.0,10,15,0,209
17.0,10,15,1,210
17.0,10,15,2,211
17.0,10,15,3,212
17.0,10,15,4,213
17.0,10,15,5,214
17.0,10,15,6,215
17.0,10,15,7,216
17.0,10,15,8,217
17.0,10,15,9,218
17.0,10,15,10,219
17.0,10,15,11,220
17.0,10,15,12,221
17.0,10,15,13,222
17.0,10,15,14,223
17.0,10,15,15,224
17.0,11,0,0,195
17.0,11,0,1,196
17.0,11,0,2,197
17.0,11,0,3,198
17.0,11,0,4,199
17.0,11,0,5,200
17.0,11,0,6,201
17.0,11,0,7,201
17.0,11,0,8,202
17.0,11,0,9,203
17.0,11,0,10,204
17.0,11,0,11,205
17.0,11,0,12,206
17.0,11,0,13,207
17.0,11,0,14,208
17.0,11,0,15,209
17.0,11,1,0,196
17.0,11,1,1,197
17.0,11,1,2,198
17.0,11,1,3,199
17.0,11,1,4,200
17.0,11,1,5,201
17.0,11,1,6,202
17.0,11,1,7,203
17.0,11,1,8,204
17.0,11,1,9,205
17.0,11,1,10,205
17.0,11,1,11,206
17.0,11,1,12,207
17.0,11,1,13,208
17.0,11,1,14,209
17.0,11,1,15,210
17.0,11,2,0,197
17.0,11,2,1,198
17.0,11,2,2,199
17.0,11,2,3,200
17.0,11,2,4,201
17.0,11,2,5,202
17.0,11,2,6,203
17.0,11,2,7,204
17.0,11,2,8,205
17.0,11,2,9,206
17.0,11,2,10,207
17.0,11,2,11,208
17.0,11,2,12,209
17.0,11,2,13,209
17.0,11,2,14,210
17.0,11,2,15,211
17.0,11,3,0,198
17.0,11,3,1,199
17.0,11,3,2,200
17.0,11,3,3,201
17.0,11,3,4,202
17.0,11,3,5,203
17.0,11,3,6,204
17.0,11,3,7,205
17.0,11,3,8,206
17.0,11,3,9,207
17.0,11,3,10,208
17.0,11,3,11,209
17.0,11,3,12,210
17.0,11,3,13,211
17.0,11,3,14,212
17.0,11,3,15,213
17.0,11,4,0,200
17.0,11,4,1,201
17.0,11,4,2,201
17.0,11,4,3,202
17.0,11,4,4,203
17.0,11,4,5,204
17.0,11,4,6,205
17.0,11,4,7,206
17.0,11,4,8,207
17.0,11,4,9,208
17.0,11,4,10,209
17.0,11,4,11,210
17.0,11,4,12,211
17.0,11,4,13,212
17.0,11,4,14,213
17.0,11,4,15,214
17.0,11,5,0,201
17.0,11,5,1,202
17.0,11,5,2,203
17.0,11,5,3,204
17.0,11,5,4,205
17.0,11,5,5,206
17.0,11,5,6,207
17.0,11,5,7,207
17.0,11,5,8,208
17.0,11,5,9,209
17.0,11,5,10,210
17.0,11,5,11,211
17.0,11,5,12,212
17.0,11,5,13,213
17.0,11,5,14,214
17.0,11,5,15,215
17.0,11,6,0,202
17.0,11,6,1,203
17.0,11,6,2,204
17.0,11,6,3,205
17.0,11,6,4,206
17.0,11,6,5,207
17.0,11,6,6,208
17.0,11,6,7,209
17.0,11,6,8,210
17.0,11,6,9,211
17.0,11,6,10,212
17.0,11,6,11,212
17.0,11,6,12,213
17.0,11,6,13,214
17.0,11,6,14,215
17.0,11,6,15,216
17.0,11,7,0,203
17.0,11,7,1,204
17.0,11,7,2,205
17.0,11,7,3,206
17.0,11,7,4,207
17.0,11,7,5,208
17.0,11,7,6,209
17.0,11,7,7,210
17.0,11,7,8,211
17.0,11,7,9,212
17.0,11,7,10,213
17.0,11,7,11,214
17.0,11,7,12,215
17.0,11,7,13,216
17.0,11,7,14,216
17.0,11,7,15,217
17.0,11,8,0,204
17.0,11,8,1,205
17.0,11,8,2,206
17.0,11,8,3,207
17.0,11,8,4,208
17.0,11,8,5,209
17.0,11,8,6,210
17.0,11,8,7,211
17.0,11,8,8,212
17.0,11,8,9,213
17.0,11,8,10,214
17.0,11,8,11,215
17.0,11,8,12,216
17.0,11,8,13,217
17.0,11,8,14,218
17.0,11,8,15,219
17.0,11,9,0,205
17.0,11,9,1,206
17.0,11,9,2,207
17.0,11,9,3,208
17.0,11,9,4,209
17.0,11,9,5,210
17.0,11,9,6,211
17.0,11,9,7,212
17.0,11,9,8,213
17.0,11,9,9,214
17.0,11,9,10,215
17.0,11,9,11,216
17.0,11,9,12,217
17.0,11,9,13,218
17.0,11,9,14,219
17.0,11,9,15,220
17.0,11,10,0,206
17.0,11,10,1,207
17.0,11,10,2,208
17.0,11,10,3,209
17.0,11,10,4,210
17.0,11,10,5,211
17.0,11,10,6,212
17.0,11,10,7,213
17.0,11,10,8,214
17.0,11,10,9,215
17.0,11,10,10,216
17.0,11,10,11,217
17.0,11,10,12,218
17.0,11,10,13,219
17.0,11,10,14,220
17.0,11,10,15,221
17.0,11,11,0,207
17.0,11,11,1,208
17.0,11,11,2,209
17.0,11,11,3,210
17.0,11,11,4,211
17.0,11,11,5,212
17.0,11,11,6,213
17.0,11,11,7,214
17.0,11,11,8,215
17.0,11,11,9,216
17.0,11,11,10,217
17.0,11,11,11,218
17.0,11,11,12,219
17.0,11,11,13,220
17.0,11,11,14,221
17.0,11,11,15,222
17.0,11,12,0,209
17.0,11,12,1,210
17.0,11,12,2,211
17.0,11,12,3,212
17.0,11,12,4,213
17.0,11,12,5,214
17.0,11,12,6,215
17.0,11,12,7,216
17.0,11,12,8,217
17.0,11,12,9,218
17.0,11,12,10,219
17.0,11,12,11,220
17.0,11,12,12,220
17.0,11,12,13,221
17.0,11,12,14,222
17.0,11,12,15,223
17.0,11,13,0,210
17.0,11,13,1,211
17.0,11,13,2,212
17.0,11,13,3,213
17.0,11,13,4,214
17.0,11,13,5,215
17.0,11,13,6,216
17.0,11,13,7,217
17.0,11,13,8,218
17.0,11,13,9,219
17.0,11,13,10,220
17.0,11,13,11,221
17.0,11,13,12,222
17.0,11,13,13,223
17.0,11,13,14,224
17.0,11,13,15,225
17.0,11,14,0,211
17.0,11,14,1,212
17.0,11,14,2,213
17.0,11,14,3,214
17.0,11,14,4,215
17.0,11,14,5,216
17.0,11,14,6,217
17.0,11,14,7,218
17.0,11,14,8,219
17.0,11,14,9,220
17.0,11,14,10,221
17.0,11,14,11,222
17.0,11,14,12,223
17.0,11,14,13,224
17.0,11,14,14,225
17.0,11,14,15,226
17.0,11,15,0,212
17.0,11,15,1,213
17.0,11,15,2,214
17.0,11,15,3,215
17.0,11,15,4,216
17.0,11,15,5,217
17.0,11,15,6,218
17.0,11,15,7,219
17.0,11,15,8,220
17.0,11,15,9,221
17.0,11,15,10,222
17.0,11,15,11,223
17.0,11,15,12,224
17.0,11,15,13,225
17.0,11,15,14,226
17.0,11,15,15,227
17.0,12,0,0,198
17.0,12,0,1,199
17.0,12,0,2,200
17.0,12,0,3,201
17.0,12,0,4,202
17.0,12,0,5,202
17.0,12,0,6,203
17.0,12,0,7,204
17.0,12,0,8,205
17.0,12,0,9,206
17.0,12,0,10,207
17.0,12,0,11,208
17.0,12,0,12,209
17.0,12,0,13,210
17.0,12,0,14,211
17.0,12,0,15,212
17.0,12,1,0,199
17.0,12,1,1,200
17.0,12,1,2,201
17.0,12,1,3,202
17.0,12,1,4,203
17.0,12,1,5,204
17.0,12,1,6,205
17.0,12,1,7,206
17.0,12,1,8,207
17.0,12,1,9,207
17.0,12,1,10,208
17.0,12,1,11,209
17.0,12,1,12,210
17.0,12,1,13,211
17.0,12,1,14,212
17.0,12,1,15,213
17.0,12,2,0,200
17.0,12,2,1,201
17.0,12,2,2,202
17.0,12,2,3,203
17.0,12,2,4,204
17.0,12,2,5,205
17.0,12,2,6,206
17.0,12,2,7,207
17.0,12,2,8,208
17.0,12,2,9,209
17.0,12,2,10,210
17.0,12,2,11,211
17.0,12,2,12,212
17.0,12,2,13,212
17.0,12,2,14,213
17.0,12,2,15,214
17.0,12,3,0,201
17.0,12,3,1,202
17.0,12,3,2,203
17.0,12,3,3,204
17.0,12,3,4,205
17.0,12,3,5,206
17.0,12,3,6,207
17.0,12,3,7,208
17.0,12,3,8,209
17.0,12,3,9,210
17.0,12,3,10,211
17.0,12,3,11,212
17.0,12,3,12,213
17.0,12,3,13,214
17.0,12,3,14,215
17.0,12,3,15,216
17.0,12,4,0,202
17.0,12,4,1,203
17.0,12,4,2,204
17.0,12,4,3,205
17.0,12,4,4,206
17.0,12,4,5,207
17.0,12,4,6,208
17.0,12,4,7,209
17.0,12,4,8,210
17.0,12,4,9,211
17.0,12,4,10,212
17.0,12,4,11,213
17.0,12,4,12,214
17.0,12,4,13,215
17.0,12,4,14,216
17.0,12,4,15,217
17.0,12,5,0,204
17.0,12,5,1,205
17.0,12,5,2,206
17.0,12,5,3,207
17.0,12,5,4,208
17.0,12,5,5,209
17.0,12,5,6,209
17.0,12,5,7,210
17.0,12,5,8,211
17.0,12,5,9,212
17.0,12,5,10,213
17.0,12,5,11,214
17.0,12,5,12,215
17.0,12,5,13,216
17.0,12,5,14,217
17.0,12,5,15,218
17.0,12,6,0,205
17.0,12,6,1,206
17.0,12,6,2,207
17.0,12,6,3,208
17.0,12,6,4,209
17.0,12,6,5,210
17.0,12,6,6,211
17.0,12,6,7,212
17.0,12,6,8,213
17.0,12,6,9,214
17.0,12,6,10,215
17.0,12,6,11,216
17.0,12,6,12,216
17.0,12,6,13,217
17.0,12,6,14,218
17.0,12,6,15,219
17.0,12,7,0,206
17.0,12,7,1,207
17.0,12,7,2,208
17.0,12,7,3,209
17.0,12,7,4,210
17.0,12,7,5,211
17.0,12,7,6,212
17.0,12,7,7,213
17.0,12,7,8,214
17.0,12,7,9,215
17.0,12,7,10,216
17.0,12,7,11,217
17.0,12,7,12,218
17.0,12,7,13,219
17.0,12,7,14,220
17.0,12,7,15,221
17.0,12,8,0,207
17.0,12,8,1,208
17.0,12,8,2,209
17.0,12,8,3,210
17.0,12,8,4,211
17.0,12,8,5,212
17.0,12,8,6,213
17.0,12,8,7,214
17.0,12,8,8,215
17.0,12,8,9,216
17.0,12,8,10,217
17.0,12,8,11,218
17.0,12,8,12,219
17.0,12,8,13,220
17.0,12,8,14,221
17.0,12,8,15,222
17.0,12,9,0,208
17.0,12,9,1,209
17.0,12,9,2,210
17.0,12,9,3,211
17.0,12,9,4,212
17.0,12,9,5,213
17.0,12,9,6,214
17.0,12,9,7,215
17.0,12,9,8,216
17.0,12,9,9,217
17.0,12,9,10,218
17.0,12,9,11,219
17.0,12,9,12,220
17.0,12,9,13,221
17.0,12,9,14,222
17.0,12,9,15,223
17.0,12,10,0,209
17.0,12,10,1,210
17.0,12,10,2,211
17.0,12,10,3,212
17.0,12,10,4,213
17.0,12,10,5,214
17.0,12,10,6,215
17.0,12,10,7,216
17.0,12,10,8,217
17.0,12,10,9,218
17.0,12,10,10,219
17.0,12,10,11,220
17.0,12,10,12,221
17.0,12,10,13,222
17.0,12,10,14,223
17.0,12,10,15,224
17.0,12,11,0,210
17.0,12,11,1,211
17.0,12,11,2,212
17.0,12,11,3,213
17.0,12,11,4,215
17.0,12,11,5,216
17.0,12,11,6,217
17.0,12,11,7,218
17.0,12,11,8,219
17.0,12,11,9,220
17.0,12,11,10,221
17.0,12,11,11,221
17.0,12,11,12,222
17.0,12,11,13,223
17.0,12,11,14,224
17.0,12,11,15,225
17.0,12,12,0,212
17.0,12,12,1,213
17.0,12,12,2,214
17.0,12,12,3,215
17.0,12,12,4,216
17.0,12,12,5,217
17.0,12,12,6,218
17.0,12,12,7,219
17.0,12,12,8,220
17.0,12,12,9,221
17.0,12,12,10,222
17.0,12,12,11,223
17.0,12,12,12,224
17.0,12,12,13,225
17.0,12,12,14,226
17.0,12,12,15,227
17.0,12,13,0,213
17.0,12,13,1,214
17.0,12,13,2,215
17.0,12,13,3,216
17.0,12,13,4,217
17.0,12,13,5,218
17.0,12,13,6,219
17.0,12,13,7,220
17.0,12,13,8,221
17.0,12,13,9,222
17.0,12,13,10,223
17.0,12,13,11,224
17.0,12,13,12,225
17.0,12,13,13,226
17.0,12,13,14,227
17.0,12,13,15,228
17.0,12,14,0,214
17.0,12,14,1,215
17.0,12,14,2,216
17.0,12,14,3,217
17.0,12,14,4,218
17.0,12,14,5,219
17.0,12,14,6,220
17.0,12,14,7,221
17.0,12,14,8,222
17.0,12,14,9,223
17.0,12,14,10,224
17.0,12,14,11,225
17.0,12,14,12,226
17.0,12,14,13,227
17.0,12,14,14,228
17.0,12,14,15,229
17.0,12,15,0,215
17.0,12,15,1,216
17.0,12,15,2,217
17.0,12,15,3,218
17.0,12,15,4,219
17.0,12,15,5,220
17.0,12,15,6,221
17.0,12,15,7,222
17.0,12,15,8,223
17.0,12,15,9,224
17.0,12,15,10,225
17.0,12,15,11,226
17.0,12,15,12,227
17.0,12,15,13,228
17.0,12,15,14,229
17.0,12,15,15,230
17.0,13,0,0,200
17.0,13,0,1,201
17.0,13,0,2,202
17.0,13,0,3,203
17.0,13,0,4,204
17.0,13,0,5,205
17.0,13,0,6,206
17.0,13,0,7,207
17.0,13,0,8,208
17.0,13,0,9,209
17.0,13,0,10,210
17.0,13,0,11,211
17.0,13,0,12,212
17.0,13,0,13,213
17.0,13,0,14,214
17.0,13,0,15,215
17.0,13,1,0,202
17.0,13,1,1,203
17.0,13,1,2,204
17.0,13,1,3,205
17.0,13,1,4,206
17.0,13,1,5,207
17.0,13,1,6,208
17.0,13,1,7,209
17.0,13,1,8,209
17.0,13,1,9,210
17.0,13,1,10,211
17.0,13,1,11,212
17.0,13,1,12,213
17.0,13,1,13,214
17.0,13,1,14,215
17.0,13,1,15,216
17.0,13,2,0,203
17.0,13,2,1,204
17.0,13,2,2,205
17.0,13,2,3,206
17.0,13,2,4,207
17.0,13,2,5,208
17.0,13,2,6,209
17.0,13,2,7,210
17.0,13,2,8,211
17.0,13,2,9,212
17.0,13,2,10,213
17.0,13,2,11,214
17.0,13,2,12,215
17.0,13,2,13,215
17.0,13,2,14,216
17.0,13,2,15,217
17.0,13,3,0,204
17.0,13,3,1,205
17.0,13,3,2,206
17.0,13,3,3,207
17.0,13,3,4,208
17.0,13,3,5,209
17.0,13,3,6,210
17.0,13,3,7,211
17.0,13,3,8,212
17.0,13,3,9,213
17.0,13,3,10,214
17.0,13,3,11,215
17.0,13,3,12,216
17.0,13,3,13,217
17.0,13,3,14,218
17.0,13,3,15,219
17.0,13,4,0,205
17.0,13,4,1,206
17.0,13,4,2,207
17.0,13,4,3,208
17.0,13,4,4,209
17.0,13,4,5,210
17.0,13,4,6,211
17.0,13,4,7,212
17.0,13,4,8,213
17.0,13,4,9,214
17.0,13,4,10,215
17.0,13,4,11,216
17.0,13,4,12,217
17.0,13,4,13,218
17.0,13,4,14,219
17.0,13,4,15,220
17.0,13,5,0,206
17.0,13,5,1,207
17.0,13,5,2,208
17.0,13,5,3,209
17.0,13,5,4,210
17.0,13,5,5,211
17.0,13,5,6,212
17.0,13,5,7,213
17.0,13,5,8,214
17.0,13,5,9,215
17.0,13,5,10,216
17.0,13,5,11,217
17.0,13,5,12,218
17.0,13,5,13,219
17.0,13,5,14,220
17.0,13,5,15,221
17.0,13,6,0,208
17.0,13,6,1,209
17.0,13,6,2,210
17.0,13,6,3,211
17.0,13,6,4,212
17.0,13,6,5,213
17.0,13,6,6,214
17.0,13,6,7,215
17.0,13,6,8,216
17.0,13,6,9,217
17.0,13,6,10,218
17.0,13,6,11,219
17.0,13,6,12,220
17.0,13,6,13,220
17.0,13,6,14,221
17.0,13,6,15,222
17.0,13,7,0,209
17.0,13,7,1,210
17.0,13,7,2,211
17.0,13,7,3,212
17.0,13,7,4,213
17.0,13,7,5,214
17.0,13,7,6,215
17.0,13,7,7,216
17.0,13,7,8,217
17.0,13,7,9,218
17.0,13,7,10,219
17.0,13,7,11,220
17.0,13,7,12,221
17.0,13,7,13,222
17.0,13,7,14,223
17.0,13,7,15,224
17.0,13,8,0,210
17.0,13,8,1,211
17.0,13,8,2,212
17.0,13,8,3,213
17.0,13,8,4,214
17.0,13,8,5,215
17.0,13,8,6,216
17.0,13,8,7,217
17.0,13,8,8,218
17.0,13,8,9,219
17.0,13,8,10,220
17.0,13,8,11,221
17.0,13,8,12,222
17.0,13,8,13,223
17.0,13,8,14,224
17.0,13,8,15,225
17.0,13,9,0,211
17.0,13,9,1,212
17.0,13,9,2,213
17.0,13,9,3,214
17.0,13,9,4,215
17.0,13,9,5,216
17.0,13,9,6,217
17.0,13,9,7,218
17.0,13,9,8,219
17.0,13,9,9,220
17.0,13,9,10,221
17.0,13,9,11,222
17.0,13,9,12,223
17.0,13,9,13,224
17.0,13,9,14,225
17.0,13,9,15,226
17.0,13,10,0,212
17.0,13,10,1,213
17.0,13,10,2,214
17.0,13,10,3,215
17.0,13,10,4,216
17.0,13,10,5,217
17.0,13,10,6,218
17.0,13,10,7,219
17.0,13,10,8,220
17.0,13,10,9,221
17.0,13,10,10,222
17.0,13,10,11,223
17.0,13,10,12,224
17.0,13,10,13,225
17.0,13,10,14,226
17.0,13,10,15,227
17.0,13,11,0,213
17.0,13,11,1,214
17.0,13,11,2,215
17.0,13,11,3,217
17.0,13,11,4,218
17.0,13,11,5,219
17.0,13,11,6,220
17.0,13,11,7,221
17.0,13,11,8,222
17.0,13,11,9,223
17.0,13,11,10,224
17.0,13,11,11,225
17.0,13,11,12,226
17.0,13,11,13,227
17.0,13,11,14,228
17.0,13,11,15,229
17.0,13,12,0,215
17.0,13,12,1,216
17.0,13,12,2,217
17.0,13,12,3,218
17.0,13,12,4,219
17.0,13,12,5,220
17.0,13,12,6,221
17.0,13,12,7,222
17.0,13,12,8,223
17.0,13,12,9,224
17.0,13,12,10,225
17.0,13,12,11,226
17.0,13,12,12,227
17.0,13,12,13,228
17.0,13,12,14,229
17.0,13,12,15,230
17.0,13,13,0,216
17.0,13,13,1,217
17.0,13,13,2,218
17.0,13,13,3,219
17.0,13,13,4,220
17.0,13,13,5,221
17.0,13,13,6,222
17.0,13,13,7,223
17.0,13,13,8,224
17.0,13,13,9,225
17.0,13,13,10,226
17.0,13,13,11,227
17.0,13,13,12,228
17.0,13,13,13,229
17.0,13,13,14,230
17.0,13,13,15,231
17.0,13,14,0,217
17.0,13,14,1,218
17.0,13,14,2,219
17.0,13,14,3,220
17.0,13,14,4,221
17.0,13,14,5,222
17.0,13,14,6,223
17.0,13,14,7,224
17.0,13,14,8,225
17.0,13,14,9,226
17.0,13,14,10,227
17.0,13,14,11,228
17.0,13,14,12,229
17.0,13,14,13,230
17.0,13,14,14,231
17.0,13,14,15,232
17.0,13,15,0,218
17.0,13,15,1,219
17.0,13,15,2,220
17.0,13,15,3,221
17.0,13,15,4,222
17.0,13,15,5,223
17.0,13,15,6,224
17.0,13,15,7,225
17.0,13,15,8,226
17.0,13,15,9,227
17.0,13,15,10,228
17.0,13,15,11,229
17.0,13,15,12,230
17.0,13,15,13,231
17.0,13,15,14,232
17.0,13,15,15,233
17.0,14,0,0,203
17.0,14,0,1,204
17.0,14,0,2,205
17.0,14,0,3,206
17.0,14,0,4,207
17.0,14,0,5,208
17.0,14,0,6,209
17.0,14,0,7,210
17.0,14,0,8,211
17.0,14,0,9,212
17.0,14,0,10,213
17.0,14,0,11,214
17.0,14,0,12,215
17.0,14,0,13,216
17.0,14,0,14,217
17.0,14,0,15,218
17.0,14,1,0,204
17.0,14,1,1,205
17.0,14,1,2,206
17.0,14,1,3,207
17.0,14,1,4,208
17.0,14,1,5,209
17.0,14,1,6,210
17.0,14,1,7,211
17.0,14,1,8,212
17.0,14,1,9,213
17.0,14,1,10,214
17.0,14,1,11,215
17.0,14,1,12,216
17.0,14,1,13,217
17.0,14,1,14,218
17.0,14,1,15,219
17.0,14,2,0,206
17.0,14,2,1,207
17.0,14,2,2,208
17.0,14,2,3,209
17.0,14,2,4,210
17.0,14,2,5,211
17.0,14,2,6,212
17.0,14,2,7,213
17.0,14,2,8,214
17.0,14,2,9,215
17.0,14,2,10,216
17.0,14,2,11,217
17.0,14,2,12,218
17.0,14,2,13,218
17.0,14,2,14,219
17.0,14,2,15,220
17.0,14,3,0,207
17.0,14,3,1,208
17.0,14,3,2,209
17.0,14,3,3,210
17.0,14,3,4,211
17.0,14,3,5,212
17.0,14,3,6,213
17.0,14,3,7,214
17.0,14,3,8,215
17.0,14,3,9,216
17.0,14,3,10,217
17.0,14,3,11,218
17.0,14,3,12,219
17.0,14,3,13,220
17.0,14,3,14,221
17.0,14,3,15,222
17.0,14,4,0,208
17.0,14,4,1,209
17.0,14,4,2,210
17.0,14,4,3,211
17.0,14,4,4,212
17.0,14,4,5,213
17.0,14,4,6,214
17.0,14,4,7,215
17.0,14,4,8,216
17.0,14,4,9,217
17.0,14,4,10,218
17.0,14,4,11,219
17.0,14,4,12,220
17.0,14,4,13,221
17.0,14,4,14,222
17.0,14,4,15,223
17.0,14,5,0,209
17.0,14,5,1,210
17.0,14,5,2,211
17.0,14,5,3,212
17.0,14,5,4,213
17.0,14,5,5,214
17.0,14,5,6,215
17.0,14,5,7,216
17.0,14,5,8,217
17.0,14,5,9,218
17.0,14,5,10,219
17.0,14,5,11,220
17.0,14,5,12,221
17.0,14,5,13,222
17.0,14,5,14,223
17.0,14,5,15,224
17.0,14,6,0,211
17.0,14,6,1,212
17.0,14,6,2,213
17.0,14,6,3,214
17.0,14,6,4,215
17.0,14,6,5,216
17.0,14,6,6,217
17.0,14,6,7,218
17.0,14,6,8,219
17.0,14,6,9,220
17.0,14,6,10,221
17.0,14,6,11,222
17.0,14,6,12,223
17.0,14,6,13,224
17.0,14,6,14,225
17.0,14,6,15,225
17.0,14,7,0,212
17.0,14,7,1,213
17.0,14,7,2,214
17.0,14,7,3,215
17.0,14,7,4,216
17.0,14,7,5,217
17.0,14,7,6,218
17.0,14,7,7,219
17.0,14,7,8,220
17.0,14,7,9,221
17.0,14,7,10,222
17.0,14,7,11,223
17.0,14,7,12,224
17.0,14,7,13,225
17.0,14,7,14,226
17.0,14,7,15,227
17.0,14,8,0,213
17.0,14,8,1,214
17.0,14,8,2,215
17.0,14,8,3,216
17.0,14,8,4,217
17.0,14,8,5,218
17.0,14,8,6,219
17.0,14,8,7,220
17.0,14,8,8,221
17.0,14,8,9,222
17.0,14,8,10,223
17.0,14,8,11,224
17.0,14,8,12,225
17.0,14,8,13,226
17.0,14,8,14,227
17.0,14,8,15,228
17.0,14,9,0,214
17.0,14,9,1,215
17.0,14,9,2,216
17.0,14,9,3,217
17.0,14,9,4,218
17.0,14,9,5,219
17.0,14,9,6,220
17.0,14,9,7,221
17.0,14,9,8,222
17.0,14,9,9,223
17.0,14,9,10,224
17.0,14,9,11,225
17.0,14,9,12,226
17.0,14,9,13,227
17.0,14,9,14,228
17.0,14,9,15,229
17.0,14,10,0,215
17.0,14,10,1,216
17.0,14,10,2,217
17.0,14,10,3,218
17.0,14,10,4,219
17.0,14,10,5,220
17.0,14,10,6,221
17.0,14,10,7,222
17.0,14,10,8,223
17.0,14,10,9,225
17.0,14,10,10,226
17.0,14,10,11,227
17.0,14,10,12,228
17.0,14,10,13,229
17.0,14,10,14,230
17.0,14,10,15,231
17.0,14,11,0,216
17.0,14,11,1,217
17.0,14,11,2,218
17.0,14,11,3,220
17.0,14,11,4,221
17.0,14,11,5,222
17.0,14,11,6,223
17.0,14,11,7,224
17.0,14,11,8,225
17.0,14,11,9,226
17.0,14,11,10,227
17.0,14,11,11,228
17.0,14,11,12,229
17.0,14,11,13,230
17.0,14,11,14,231
17.0,14,11,15,232
17.0,14,12,0,218
17.0,14,12,1,219
17.0,14,12,2,220
17.0,14,12,3,221
17.0,14,12,4,222
17.0,14,12,5,223
17.0,14,12,6,224
17.0,14,12,7,225
17.0,14,12,8,226
17.0,14,12,9,227
17.0,14,12,10,228
17.0,14,12,11,229
17.0,14,12,12,230
17.0,14,12,13,231
17.0,14,12,14,232
17.0,14,12,15,233
17.0,14,13,0,219
17.0,14,13,1,220
17.0,14,13,2,221
17.0,14,13,3,222
17.0,14,13,4,223
17.0,14,13,5,224
17.0,14,13,6,225
17.0,14,13,7,226
17.0,14,13,8,227
17.0,14,13,9,228
17.0,14,13,10,229
17.0,14,13,11,230
17.0,14,13,12,231
17.0,14,13,13,232
17.0,14,13,14,233
17.0,14,13,15,234
17.0,14,14,0,220
17.0,14,14,1,221
17.0,14,14,2,222
17.0,14,14,3,223
17.0,14,14,4,224
17.0,14,14,5,225
17.0,14,14,6,226
17.0,14,14,7,227
17.0,14,14,8,228
17.0,14,14,9,229
17.0,14,14,10,230
17.0,14,14,11,231
17.0,14,14,12,232
17.0,14,14,13,233
17.0,14,14,14,234
17.0,14,14,15,235
17.0,14,15,0,221
17.0,14,15,1,222
17.0,14,15,2,223
17.0,14,15,3,224
17.0,14,15,4,225
17.0,14,15,5,226
17.0,14,15,6,227
17.0,14,15,7,228
17.0,14,15,8,229
17.0,14,15,9,230
17.0,14,15,10,232
17.0,14,15,11,233
17.0,14,15,12,234
17.0,14,15,13,235
17.0,14,15,14,236
17.0,14,15,15,237
17.0,15,0,0,206
17.0,15,0,1,207
17.0,15,0,2,208
17.0,15,0,3,209
17.0,15,0,4,210
17.0,15,0,5,211
17.0,15,0,6,212
17.0,15,0,7,213
17.0,15,0,8,214
17.0,15,0,9,215
17.0,15,0,10,216
17.0,15,0,11,217
17.0,15,0,12,218
17.0,15,0,13,219
17.0,15,0,14,220
17.0,15,0,15,221
17.0,15,1,0,207
17.0,15,1,1,208
17.0,15,1,2,209
17.0,15,1,3,210
17.0,15,1,4,211
17.0,15,1,5,212
17.0,15,1,6,213
17.0,15,1,7,214
17.0,15,1,8,215
17.0,15,1,9,216
17.0,15,1,10,217
17.0,15,1,11,218
17.0,15,1,12,219
17.0,15,1,13,220
17.0,15,1,14,221
17.0,15,1,15,222
17.0,15,2,0,209
17.0,15,2,1,210
17.0,15,2,2,211
17.0,15,2,3,212
17.0,15,2,4,213
17.0,15,2,5,214
17.0,15,2,6,215
17.0,15,2,7,216
17.0,15,2,8,217
17.0,15,2,9,218
17.0,15,2,10,219
17.0,15,2,11,220
17.0,15,2,12,220
17.0,15,2,13,221
17.0,15,2,14,222
17.0,15,2,15,223
17.0,15,3,0,210
17.0,15,3,1,211
17.0,15,3,2,212
17.0,15,3,3,213
17.0,15,3,4,214
17.0,15,3,5,215
17.0,15,3,6,216
17.0,15,3,7,217
17.0,15,3,8,218
17.0,15,3,9,219
17.0,15,3,10,220
17.0,15,3,11,221
17.0,15,3,12,222
17.0,15,3,13,223
17.0,15,3,14,224
17.0,15,3,15,225
17.0,15,4,0,211
17.0,15,4,1,212
17.0,15,4,2,213
17.0,15,4,3,214
17.0,15,4,4,215
17.0,15,4,5,216
17.0,15,4,6,217
17.0,15,4,7,218
17.0,15,4,8,219
17.0,15,4,9,220
17.0,15,4,10,221
17.0,15,4,11,222
17.0,15,4,12,223
17.0,15,4,13,224
17.0,15,4,14,225
17.0,15,4,15,226
17.0,15,5,0,212
17.0,15,5,1,213
17.0,15,5,2,214
17.0,15,5,3,215
17.0,15,5,4,216
17.0,15,5,5,217
17.0,15,5,6,218
17.0,15,5,7,219
17.0,15,5,8,220
17.0,15,5,9,221
17.0,15,5,10,222
17.0,15,5,11,223
17.0,15,5,12,224
17.0,15,5,13,225
17.0,15,5,14,226
17.0,15,5,15,227
17.0,15,6,0,213
17.0,15,6,1,214
17.0,15,6,2,215
17.0,15,6,3,217
17.0,15,6,4,218
17.0,15,6,5,219
17.0,15,6,6,220
17.0,15,6,7,221
17.0,15,6,8,222
17.0,15,6,9,223
17.0,15,6,10,224
17.0,15,6,11,225
17.0,15,6,12,226
17.0,15,6,13,227
17.0,15,6,14,228
17.0,15,6,15,229
17.0,15,7,0,215
17.0,15,7,1,216
17.0,15,7,2,217
17.0,15,7,3,218
17.0,15,7,4,219
17.0,15,7,5,220
17.0,15,7,6,221
17.0,15,7,7,222
17.0,15,7,8,223
17.0,15,7,9,224
17.0,15,7,10,225
17.0,15,7,11,226
17.0,15,7,12,227
17.0,15,7,13,228
17.0,15,7,14,229
17.0,15,7,15,230
17.0,15,8,0,216
17.0,15,8,1,217
17.0,15,8,2,218
17.0,15,8,3,219
17.0,15,8,4,220
17.0,15,8,5,221
17.0,15,8,6,222
17.0,15,8,7,223
17.0,15,8,8,224
17.0,15,8,9,225
17.0,15,8,10,226
17.0,15,8,11,227
17.0,15,8,12,228
17.0,15,8,13,229
17.0,15,8,14,230
17.0,15,8,15,231
17.0,15,9,0,217
17.0,15,9,1,218
17.0,15,9,2,219
17.0,15,9,3,220
17.0,15,9,4,221
17.0,15,9,5,222
17.0,15,9,6,223
17.0,15,9,7,224
17.0,15,9,8,225
17.0,15,9,9,226
17.0,15,9,10,227
17.0,15,9,11,228
17.0,15,9,12,229
17.0,15,9,13,230
17.0,15,9,14,231
17.0,15,9,15,232
17.0,15,10,0,218
17.0,15,10,1,219
17.0,15,10,2,220
17.0,15,10,3,221
17.0,15,10,4,222
17.0,15,10,5,223
17.0,15,10,6,224
17.0,15,10,7,226
17.0,15,10,8,227
17.0,15,10,9,228
17.0,15,10,10,229
17.0,15,10,11,230
17.0,15,10,12,231
17.0,15,10,13,232
17.0,15,10,14,233
17.0,15,10,15,234
17.0,15,11,0,219
17.0,15,11,1,220
17.0,15,11,2,221
17.0,15,11,3,223
17.0,15,11,4,224
17.0,15,11,5,225
17.0,15,11,6,226
17.0,15,11,7,227
17.0,15,11,8,228
17.0,15,11,9,229
17.0,15,11,10,230
17.0,15,11,11,231
17.0,15,11,12,232
17.0,15,11,13,233
17.0,15,11,14,234
17.0,15,11,15,235
17.0,15,12,0,220
17.0,15,12,1,222
17.0,15,12,2,223
17.0,15,12,3,224
17.0,15,12,4,225
17.0,15,12,5,226
17.0,15,12,6,227
17.0,15,12,7,228
17.0,15,12,8,229
17.0,15,12,9,230
17.0,15,12,10,231
17.0,15,12,11,232
17.0,15,12,12,233
17.0,15,12,13,234
17.0,15,12,14,235
17.0,15,12,15,236
17.0,15,13,0,222
17.0,15,13,1,223
17.0,15,13,2,224
17.0,15,13,3,225
17.0,15,13,4,226
17.0,15,13,5,227
17.0,15,13,6,228
17.0,15,13,7,229
17.0,15,13,8,230
17.0,15,13,9,231
17.0,15,13,10,232
17.0,15,13,11,233
17.0,15,13,12,234
17.0,15,13,13,235
17.0,15,13,14,236
17.0,15,13,15,237
17.0,15,14,0,223
17.0,15,14,1,224
17.0,15,14,2,225
17.0,15,14,3,226
17.0,15,14,4,227
17.0,15,14,5,228
17.0,15,14,6,229
17.0,15,14,7,230
17.0,15,14,8,231
17.0,15,14,9,232
17.0,15,14,10,233
17.0,15,14,11,235
17.0,15,14,12,236
17.0,15,14,13,237
17.0,15,14,14,238
17.0,15,14,15,239
17.0,15,15,0,224
17.0,15,15,1,225
17.0,15,15,2,226
17.0,15,15,3,227
17.0,15,15,4,228
17.0,15,15,5,229
17.0,15,15,6,230
17.0,15,15,7,232
17.0,15,15,8,233
17.0,15,15,9,234
17.0,15,15,10,235
17.0,15,15,11,236
17.0,15,15,12,237
17.0,15,15,13,238
17.0,15,15,14,239
17.0,15,15,15,240
17.5,0,0,0,169
17.5,0,0,1,170
17.5,0,0,2,171
17.5,0,0,3,172
17.5,0,0,4,172
17.5,0,0,5,173
17.5,0,0,6,174
17.5,0,0,7,175
17.5,0,0,8,176
17.5,0,0,9,176
17.5,0,0,10,177
17.5,0,0,11,178
17.5,0,0,12,179
17.5,0,0,13,180
17.5,0,0,14,180
17.5,0,0,15,181
17.5,0,1,0,170
17.5,0,1,1,171
17.5,0,1,2,172
17.5,0,1,3,173
17.5,0,1,4,173
17.5,0,1,5,174
17.5,0,1,6,175
17.5,0,1,7,176
17.5,0,1,8,177
17.5,0,1,9,177
17.5,0,1,10,178
17.5,0,1,11,179
17.5,0,1,12,180
17.5,0,1,13,181
17.5,0,1,14,181
17.5,0,1,15,182
17.5,0,2,0,171
17.5,0,2,1,172
17.5,0,2,2,173
17.5,0,2,3,174
17.5,0,2,4,174
17.5,0,2,5,175
17.5,0,2,6,176
17.5,0,2,7,177
17.5,0,2,8,178
17.5,0,2,9,178
17.5,0,2,10,179
17.5,0,2,11,180
17.5,0,2,12,181
17.5,0,2,13,182
17.5,0,2,14,182
17.5,0,2,15,183
17.5,0,3,0,172
17.5,0,3,1,173
17.5,0,3,2,174
17.5,0,3,3,175
17.5,0,3,4,175
17.5,0,3,5,176
17.5,0,3,6,177
17.5,0,3,7,178
17.5,0,3,8,179
17.5,0,3,9,180
17.5,0,3,10,180
17.5,0,3,11,181
17.5,0,3,12,182
17.5,0,3,13,183
17.5,0,3,14,184
17.5,0,3,15,184
17.5,0,4,0,173
17.5,0,4,1,174
17.5,0,4,2,175
17.5,0,4,3,176
17.5,0,4,4,176
17.5,0,4,5,177
17.5,0,4,6,178
17.5,0,4,7,179
17.5,0,4,8,180
17.5,0,4,9,181
17.5,0,4,10,181
17.5,0,4,11,182
17.5,0,4,12,183
17.5,0,4,13,184
17.5,0,4,14,185
17.5,0,4,15,185
17.5,0,5,0,174
17.5,0,5,1,175
17.5,0,5,2,176
17.5,0,5,3,177
17.5,0,5,4,177
17.5,0,5,5,178
17.5,0,5,6,179
17.5,0,5,7,180
17.5,0,5,8,181
17.5,0,5,9,182
17.5,0,5,10,182
17.5,0,5,11,183
17.5,0,5,12,184
17.5,0,5,13,185
17.5,0,5,14,186
17.5,0,5,15,186
17.5,0,6,0,175
17.5,0,6,1,176
17.5,0,6,2,177
17.5,0,6,3,178
17.5,0,6,4,178
17.5,0,6,5,179
17.5,0,6,6,180
17.5,0,6,7,181
17.5,0,6,8,182
17.5,0,6,9,183
17.5,0,6,10,183
17.5,0,6,11,184
17.5,0,6,12,185
17.5,0,6,13,186
17.5,0,6,14,187
17.5,0,6,15,188
17.5,0,7,0,176
17.5,0,7,1,177
17.5,0,7,2,178
17.5,0,7,3,179
17.5,0,7,4,179
17.5,0,7,5,180
17.5,0,7,6,181
17.5,0,7,7,182
17.5,0,7,8,183
17.5,0,7,9,184
17.5,0,7,10,184
17.5,0,7,11,185
17.5,0,7,12,186
17.5,0,7,13,187
17.5,0,7,14,188
17.5,0,7,15,189
17.5,0,8,0,177
17.5,0,8,1,178
17.5,0,8,2,179
17.5,0,8,3,180
17.5,0,8,4,180
17.5,0,8,5,181
17.5,0,8,6,182
17.5,0,8,7,183
17.5,0,8,8,184
17.5,0,8,9,185
17.5,0,8,10,186
17.5,0,8,11,186
17.5,0,8,12,187
17.5,0,8,13,188
17.5,0,8,14,189
17.5,0,8,15,190
17.5,0,9,0,178
17.5,0,9,1,179
17.5,0,9,2,180
17.5,0,9,3,181
17.5,0,9,4,181
17.5,0,9,5,182
17.5,0,9,6,183
17.5,0,9,7,184
17.5,0,9,8,185
17.5,0,9,9,186
17.5,0,9,10,187
17.5,0,9,11,187
17.5,0,9,12,188
17.5,0,9,13,189
17.5,0,9,14,190
17.5,0,9,15,191
17.5,0,10,0,179
17.5,0,10,1,180
17.5,0,10,2,181
17.5,0,10,3,182
17.5,0,10,4,182
17.5,0,10,5,183
17.5,0,10,6,184
17.5,0,10,7,185
17.5,0,10,8,186
17.5,0,10,9,187
17.5,0,10,10,188
17.5,0,10,11,188
17.5,0,10,12,189
17.5,0,10,13,190
17.5,0,10,14,191
17.5,0,10,15,192
17.5,0,11,0,180
17.5,0,11,1,181
17.5,0,11,2,182
17.5,0,11,3,183
17.5,0,11,4,183
17.5,0,11,5,184
17.5,0,11,6,185
17.5,0,11,7,186
17.5,0,11,8,187
17.5,0,11,9,188
17.5,0,11,10,189
17.5,0,11,11,189
17.5,0,11,12,190
17.5,0,11,13,191
17.5,0,11,14,192
17.5,0,11,15,193
17.5,0,12,0,181
17.5,0,12,1,182
17.5,0,12,2,183
17.5,0,12,3,184
17.5,0,12,4,184
17.5,0,12,5,185
17.5,0,12,6,186
17.5,0,12,7,187
17.5,0,12,8,188
17.5,0,12,9,189
17.5,0,12,10,190
17.5,0,12,11,190
17.5,0,12,12,191
17.5,0,12,13,192
17.5,0,12,14,193
17.5,0,12,15,194
17.5,0,13,0,182
17.5,0,13,1,183
17.5,0,13,2,184
17.5,0,13,3,184
17.5,0,13,4,185
17.5,0,13,5,186
17.5,0,13,6,187
17.5,0,13,7,188
17.5,0,13,8,189
17.5,0,13,9,190
17.5,0,13,10,191
17.5,0,13,11,191
17.5,0,13,12,192
17.5,0,13,13,193
17.5,0,13,14,194
17.5,0,13,15,195
17.5,0,14,0,183
17.5,0,14,1,184
17.5,0,14,2,185
17.5,0,14,3,185
17.5,0,14,4,186
17.5,0,14,5,187
17.5,0,14,6,188
17.5,0,14,7,189
17.5,0,14,8,190
17.5,0,14,9,191
17.5,0,14,10,192
17.5,0,14,11,192
17.5,0,14,12,193
17.5,0,14,13,194
17.5,0,14,14,195
17.5,0,14,15,196
17.5,0,15,0,184
17.5,0,15,1,185
17.5,0,15,2,186
17.5,0,15,3,186
17.5,0,15,4,187
17.5,0,15,5,188
17.5,0,15,6,189
17.5,0,15,7,190
17.5,0,15,8,191
17.5,0,15,9,192
17.5,0,15,10,193
17.5,0,15,11,193
17.5,0,15,12,194
17.5,0,15,13,195
17.5,0,15,14,196
17.5,0,15,15,197
17.5,1,0,0,172
17.5,1,0,1,173
17.5,1,0,2,174
17.5,1,0,3,174
17.5,1,0,4,175
17.5,1,0,5,176
17.5,1,0,6,177
17.5,1,0,7,178
17.5,1,0,8,179
17.5,1,0,9,179
17.5,1,0,10,180
17.5,1,0,11,181
17.5,1,0,12,182
17.5,1,0,13,183
17.5,1,0,14,183
17.5,1,0,15,184
17.5,1,1,0,173
17.5,1,1,1,174
17.5,1,1,2,175
17.5,1,1,3,175
17.5,1,1,4,176
17.5,1,1,5,177
17.5,1,1,6,178
17.5,1,1,7,179
17.5,1,1,8,180
17.5,1,1,9,180
17.5,1,1,10,181
17.5,1,1,11,182
17.5,1,1,12,183
17.5,1,1,13,184
17.5,1,1,14,184
17.5,1,1,15,185
17.5,1,2,0,174
17.5,1,2,1,175
17.5,1,2,2,176
17.5,1,2,3,177
17.5,1,2,4,177
17.5,1,2,5,178
17.5,1,2,6,179
17.5,1,2,7,180
17.5,1,2,8,181
17.5,1,2,9,182
17.5,1,2,10,182
17.5,1,2,11,183
17.5,1,2,12,184
17.5,1,2,13,185
17.5,1,2,14,186
17.5,1,2,15,186
17.5,1,3,0,175
17.5,1,3,1,176
17.5,1,3,2,177
17.5,1,3,3,178
17.5,1,3,4,178
17.5,1,3,5,179
17.5,1,3,6,180
17.5,1,3,7,181
17.5,1,3,8,182
17.5,1,3,9,183
17.5,1,3,10,183
17.5,1,3,11,184
17.5,1,3,12,185
17.5,1,3,13,186
17.5,1,3,14,187
17.5,1,3,15,187
17.5,1,4,0,176
17.5,1,4,1,177
17.5,1,4,2,178
17.5,1,4,3,179
17.5,1,4,4,179
17.5,1,4,5,180
17.5,1,4,6,181
17.5,1,4,7,182
17.5,1,4,8,183
17.5,1,4,9,184
17.5,1,4,10,184
17.5,1,4,11,185
17.5,1,4,12,186
17.5,1,4,13,187
17.5,1,4,14,188
17.5,1,4,15,189
17.5,1,5,0,177
17.5,1,5,1,178
17.5,1,5,2,179
17.5,1,5,3,180
17.5,1,5,4,180
17.5,1,5,5,181
17.5,1,5,6,182
17.5,1,5,7,183
17.5,1,5,8,184
17.5,1,5,9,185
17.5,1,5,10,186
17.5,1,5,11,186
17.5,1,5,12,187
17.5,1,5,13,188
17.5,1,5,14,189
17.5,1,5,15,190
17.5,1,6,0,178
17.5,1,6,1,179
17.5,1,6,2,180
17.5,1,6,3,181
17.5,1,6,4,181
17.5,1,6,5,182
17.5,1,6,6,183
17.5,1,6,7,184
17.5,1,6,8,185
17.5,1,6,9,186
17.5,1,6,10,187
17.5,1,6,11,187
17.5,1,6,12,188
17.5,1,6,13,189
17.5,1,6,14,190
17.5,1,6,15,191
17.5,1,7,0,179
17.5,1,7,1,180
17.5,1,7,2,181
17.5,1,7,3,182
17.5,1,7,4,183
17.5,1,7,5,183
17.5,1,7,6,184
17.5,1,7,7,185
17.5,1,7,8,186
17.5,1,7,9,187
17.5,1,7,10,188
17.5,1,7,11,188
17.5,1,7,12,189
17.5,1,7,13,190
17.5,1,7,14,191
17.5,1,7,15,192
17.5,1,8,0,180
17.5,1,8,1,181
17.5,1,8,2,182
17.5,1,8,3,183
17.5,1,8,4,184
17.5,1,8,5,184
17.5,1,8,6,185
17.5,1,8,7,186
17.5,1,8,8,187
17.5,1,8,9,188
17.5,1,8,10,189
17.5,1,8,11,190
17.5,1,8,12,190
17.5,1,8,13,191
17.5,1,8,14,192
17.5,1,8,15,193
17.5,1,9,0,181
17.5,1,9,1,182
17.5,1,9,2,183
17.5,1,9,3,184
17.5,1,9,4,185
17.5,1,9,5,185
17.5,1,9,6,186
17.5,1,9,7,187
17.5,1,9,8,188
17.5,1,9,9,189
17.5,1,9,10,190
17.5,1,9,11,191
17.5,1,9,12,191
17.5,1,9,13,192
17.5,1,9,14,193
17.5,1,9,15,194
17.5,1,10,0,182
17.5,1,10,1,183
17.5,1,10,2,184
17.5,1,10,3,185
17.5,1,10,4,186
17.5,1,10,5,186
17.5,1,10,6,187
17.5,1,10,7,188
17.5,1,10,8,189
17.5,1,10,9,190
17.5,1,10,10,191
17.5,1,10,11,192
17.5,1,10,12,192
17.5,1,10,13,193
17.5,1,10,14,194
17.5,1,10,15,195
17.5,1,11,0,183
17.5,1,11,1,184
17.5,1,11,2,185
17.5,1,11,3,186
17.5,1,11,4,187
17.5,1,11,5,187
17.5,1,11,6,188
17.5,1,11,7,189
17.5,1,11,8,190
17.5,1,11,9,191
17.5,1,11,10,192
17.5,1,11,11,193
17.5,1,11,12,193
17.5,1,11,13,194
17.5,1,11,14,195
17.5,1,11,15,196
17.5,1,12,0,184
17.5,1,12,1,185
17.5,1,12,2,186
17.5,1,12,3,187
17.5,1,12,4,188
17.5,1,12,5,188
17.5,1,12,6,189
17.5,1,12,7,190
17.5,1,12,8,191
17.5,1,12,9,192
17.5,1,12,10,193
17.5,1,12,11,194
17.5,1,12,12,194
17.5,1,12,13,195
17.5,1,12,14,196
17.5,1,12,15,197
17.5,1,13,0,185
17.5,1,13,1,186
17.5,1,13,2,187
17.5,1,13,3,188
17.5,1,13,4,189
17.5,1,13,5,189
17.5,1,13,6,190
17.5,1,13,7,191
17.5,1,13,8,192
17.5,1,13,9,193
17.5,1,13,10,194
17.5,1,13,11,195
17.5,1,13,12,196
17.5,1,13,13,196
17.5,1,13,14,197
17.5,1,13,15,198
17.5,1,14,0,186
17.5,1,14,1,187
17.5,1,14,2,188
17.5,1,14,3,189
17.5,1,14,4,189
17.5,1,14,5,190
17.5,1,14,6,191
17.5,1,14,7,192
17.5,1,14,8,193
17.5,1,14,9,194
17.5,1,14,10,195
17.5,1,14,11,196
17.5,1,14,12,197
17.5,1,14,13,197
17.5,1,14,14,198
17.5,1,14,15,199
17.5,1,15,0,187
17.5,1,15,1,188
17.5,1,15,2,189
17.5,1,15,3,190
17.5,1,15,4,190
17.5,1,15,5,191
17.5,1,15,6,192
17.5,1,15,7,193
17.5,1,15,8,194
17.5,1,15,9,195
17.5,1,15,10,196
17.5,1,15,11,197
17.5,1,15,12,198
17.5,1,15,13,198
17.5,1,15,14,199
17.5,1,15,15,200
17.5,2,0,0,175
17.5,2,0,1,176
17.5,2,0,2,176
17.5,2,0,3,177
17.5,2,0,4,178
17.5,2,0,5,179
17.5,2,0,6,180
17.5,2,0,7,181
17.5,2,0,8,182
17.5,2,0,9,182
17.5,2,0,10,183
17.5,2,0,11,184
17.5,2,0,12,185
17.5,2,0,13,186
17.5,2,0,14,186
17.5,2,0,15,187
17.5,2,1,0,176
17.5,2,1,1,177
17.5,2,1,2,178
17.5,2,1,3,178
17.5,2,1,4,179
17.5,2,1,5,180
17.5,2,1,6,181
17.5,2,1,7,182
17.5,2,1,8,183
17.5,2,1,9,183
17.5,2,1,10,184
17.5,2,1,11,185
17.5,2,1,12,186
17.5,2,1,13,187
17.5,2,1,14,188
17.5,2,1,15,188
17.5,2,2,0,177
17.5,2,2,1,178
17.5,2,2,2,179
17.5,2,2,3,179
17.5,2,2,4,180
17.5,2,2,5,181
17.5,2,2,6,182
17.5,2,2,7,183
17.5,2,2,8,184
17.5,2,2,9,185
17.5,2,2,10,185
17.5,2,2,11,186
17.5,2,2,12,187
17.5,2,2,13,188
17.5,2,2,14,189
17.5,2,2,15,189
17.5,2,3,0,178
17.5,2,3,1,179
17.5,2,3,2,180
17.5,2,3,3,181
17.5,2,3,4,181
17.5,2,3,5,182
17.5,2,3,6,183
17.5,2,3,7,184
17.5,2,3,8,185
17.5,2,3,9,186
17.5,2,3,10,186
17.5,2,3,11,187
17.5,2,3,12,188
17.5,2,3,13,189
17.5,2,3,14,190
17.5,2,3,15,191
17.5,2,4,0,179
17.5,2,4,1,180
17.5,2,4,2,181
17.5,2,4,3,182
17.5,2,4,4,182
17.5,2,4,5,183
17.5,2,4,6,184
17.5,2,4,7,185
17.5,2,4,8,186
17.5,2,4,9,187
17.5,2,4,10,188
17.5,2,4,11,188
17.5,2,4,12,189
17.5,2,4,13,190
17.5,2,4,14,191
17.5,2,4,15,192
17.5,2,5,0,180
17.5,2,5,1,181
17.5,2,5,2,182
17.5,2,5,3,183
17.5,2,5,4,183
17.5,2,5,5,184
17.5,2,5,6,185
17.5,2,5,7,186
17.5,2,5,8,187
17.5,2,5,9,188
17.5,2,5,10,189
17.5,2,5,11,189
17.5,2,5,12,190
17.5,2,5,13,191
17.5,2,5,14,192
17.5,2,5,15,193
17.5,2,6,0,181
17.5,2,6,1,182
17.5,2,6,2,183
17.5,2,6,3,184
17.5,2,6,4,185
17.5,2,6,5,185
17.5,2,6,6,186
17.5,2,6,7,187
17.5,2,6,8,188
17.5,2,6,9,189
17.5,2,6,10,190
17.5,2,6,11,191
17.5,2,6,12,191
17.5,2,6,13,192
17.5,2,6,14,193
17.5,2,6,15,194
17.5,2,7,0,182
17.5,2,7,1,183
17.5,2,7,2,184
17.5,2,7,3,185
17.5,2,7,4,186
17.5,2,7,5,186
17.5,2,7,6,187
17.5,2,7,7,188
17.5,2,7,8,189
17.5,2,7,9,190
17.5,2,7,10,191
17.5,2,7,11,192
17.5,2,7,12,192
17.5,2,7,13,193
17.5,2,7,14,194
17.5,2,7,15,195
17.5,2,8,0,183
17.5,2,8,1,184
17.5,2,8,2,185
17.5,2,8,3,186
17.5,2,8,4,187
17.5,2,8,5,187
17.5,2,8,6,188
17.5,2,8,7,189
17.5,2,8,8,190
17.5,2,8,9,191
17.5,2,8,10,192
17.5,2,8,11,193
17.5,2,8,12,194
17.5,2,8,13,194
17.5,2,8,14,195
17.5,2,8,15,196
17.5,2,9,0,184
17.5,2,9,1,185
17.5,2,9,2,186
17.5,2,9,3,187
17.5,2,9,4,188
17.5,2,9,5,189
17.5,2,9,6,189
17.5,2,9,7,190
17.5,2,9,8,191
17.5,2,9,9,192
17.5,2,9,10,193
17.5,2,9,11,194
17.5,2,9,12,195
17.5,2,9,13,195
17.5,2,9,14,196
17.5,2,9,15,197
17.5,2,10,0,185
17.5,2,10,1,186
17.5,2,10,2,187
17.5,2,10,3,188
17.5,2,10,4,189
17.5,2,10,5,190
17.5,2,10,6,190
17.5,2,10,7,191
17.5,2,10,8,192
17.5,2,10,9,193
17.5,2,10,10,194
17.5,2,10,11,195
17.5,2,10,12,196
17.5,2,10,13,197
17.5,2,10,14,197
17.5,2,10,15,198
17.5,2,11,0,186
17.5,2,11,1,187
17.5,2,11,2,188
17.5,2,11,3,189
17.5,2,11,4,190
17.5,2,11,5,191
17.5,2,11,6,191
17.5,2,11,7,192
17.5,2,11,8,193
17.5,2,11,9,194
17.5,2,11,10,195
17.5,2,11,11,196
17.5,2,11,12,197
17.5,2,11,13,198
17.5,2,11,14,198
17.5,2,11,15,199
17.5,2,12,0,187
17.5,2,12,1,188
17.5,2,12,2,189
17.5,2,12,3,190
17.5,2,12,4,191
17.5,2,12,5,192
17.5,2,12,6,192
17.5,2,12,7,193
17.5,2,12,8,194
17.5,2,12,9,195
17.5,2,12,10,196
17.5,2,12,11,197
17.5,2,12,12,198
17.5,2,12,13,199
17.5,2,12,14,199
17.5,2,12,15,200
17.5,2,13,0,188
17.5,2,13,1,189
17.5,2,13,2,190
17.5,2,13,3,191
17.5,2,13,4,192
17.5,2,13,5,193
17.5,2,13,6,193
17.5,2,13,7,194
17.5,2,13,8,195
17.5,2,13,9,196
17.5,2,13,10,197
17.5,2,13,11,198
17.5,2,13,12,199
17.5,2,13,13,200
17.5,2,13,14,201
17.5,2,13,15,201
17.5,2,14,0,189
17.5,2,14,1,190
17.5,2,14,2,191
17.5,2,14,3,192
17.5,2,14,4,193
17.5,2,14,5,194
17.5,2,14,6,194
17.5,2,14,7,195
17.5,2,14,8,196
17.5,2,14,9,197
17.5,2,14,10,198
17.5,2,14,11,199
17.5,2,14,12,200
17.5,2,14,13,201
17.5,2,14,14,202
17.5,2,14,15,202
17.5,2,15,0,190
17.5,2,15,1,191
17.5,2,15,2,192
17.5,2,15,3,193
17.5,2,15,4,194
17.5,2,15,5,195
17.5,2,15,6,195
17.5,2,15,7,196
17.5,2,15,8,197
17.5,2,15,9,198
17.5,2,15,10,199
17.5,2,15,11,200
17.5,2,15,12,201
17.5,2,15,13,202
17.5,2,15,14,203
17.5,2,15,15,203
17.5,3,0,0,178
17.5,3,0,1,179
17.5,3,0,2,179
17.5,3,0,3,180
17.5,3,0,4,181
17.5,3,0,5,182
17.5,3,0,6,183
17.5,3,0,7,184
17.5,3,0,8,185
17.5,3,0,9,185
17.5,3,0,10,186
17.5,3,0,11,187
17.5,3,0,12,188
17.5,3,0,13,189
17.5,3,0,14,189
17.5,3,0,15,190
17.5,3,1,0,179
17.5,3,1,1,180
17.5,3,1,2,180
17.5,3,1,3,181
17.5,3,1,4,182
17.5,3,1,5,183
17.5,3,1,6,184
17.5,3,1,7,185
17.5,3,1,8,186
17.5,3,1,9,186
17.5,3,1,10,187
17.5,3,1,11,188
17.5,3,1,12,189
17.5,3,1,13,190
17.5,3,1,14,191
17.5,3,1,15,191
17.5,3,2,0,180
17.5,3,2,1,181
17.5,3,2,2,182
17.5,3,2,3,182
17.5,3,2,4,183
17.5,3,2,5,184
17.5,3,2,6,185
17.5,3,2,7,186
17.5,3,2,8,187
17.5,3,2,9,188
17.5,3,2,10,188
17.5,3,2,11,189
17.5,3,2,12,190
17.5,3,2,13,191
17.5,3,2,14,192
17.5,3,2,15,193
17.5,3,3,0,181
17.5,3,3,1,182
17.5,3,3,2,183
17.5,3,3,3,183
17.5,3,3,4,184
17.5,3,3,5,185
17.5,3,3,6,186
17.5,3,3,7,187
17.5,3,3,8,188
17.5,3,3,9,189
17.5,3,3,10,190
17.5,3,3,11,190
17.5,3,3,12,191
17.5,3,3,13,192
17.5,3,3,14,193
17.5,3,3,15,194
17.5,3,4,0,182
17.5,3,4,1,183
17.5,3,4,2,184
17.5,3,4,3,185
17.5,3,4,4,185
17.5,3,4,5,186
17.5,3,4,6,187
17.5,3,4,7,188
17.5,3,4,8,189
17.5,3,4,9,190
17.5,3,4,10,191
17.5,3,4,11,191
17.5,3,4,12,192
17.5,3,4,13,193
17.5,3,4,14,194
17.5,3,4,15,195
17.5,3,5,0,183
17.5,3,5,1,184
17.5,3,5,2,185
17.5,3,5,3,186
17.5,3,5,4,187
17.5,3,5,5,187
17.5,3,5,6,188
17.5,3,5,7,189
17.5,3,5,8,190
17.5,3,5,9,191
17.5,3,5,10,192
17.5,3,5,11,193
17.5,3,5,12,193
17.5,3,5,13,194
17.5,3,5,14,195
17.5,3,5,15,196
17.5,3,6,0,184
17.5,3,6,1,185
17.5,3,6,2,186
17.5,3,6,3,187
17.5,3,6,4,188
17.5,3,6,5,188
17.5,3,6,6,189
17.5,3,6,7,190
17.5,3,6,8,191
17.5,3,6,9,192
17.5,3,6,10,193
17.5,3,6,11,194
17.5,3,6,12,195
17.5,3,6,13,195
17.5,3,6,14,196
17.5,3,6,15,197
17.5,3,7,0,185
17.5,3,7,1,186
17.5,3,7,2,187
17.5,3,7,3,188
17.5,3,7,4,189
17.5,3,7,5,190
17.5,3,7,6,190
17.5,3,7,7,191
17.5,3,7,8,192
17.5,3,7,9,193
17.5,3,7,10,194
17.5,3,7,11,195
17.5,3,7,12,196
17.5,3,7,13,196
17.5,3,7,14,197
17.5,3,7,15,198
17.5,3,8,0,186
17.5,3,8,1,187
17.5,3,8,2,188
17.5,3,8,3,189
17.5,3,8,4,190
17.5,3,8,5,191
17.5,3,8,6,191
17.5,3,8,7,192
17.5,3,8,8,193
17.5,3,8,9,194
17.5,3,8,10,195
17.5,3,8,11,196
17.5,3,8,12,197
17.5,3,8,13,198
17.5,3,8,14,198
17.5,3,8,15,199
17.5,3,9,0,187
17.5,3,9,1,188
17.5,3,9,2,189
17.5,3,9,3,190
17.5,3,9,4,191
17.5,3,9,5,192
17.5,3,9,6,193
17.5,3,9,7,193
17.5,3,9,8,194
17.5,3,9,9,195
17.5,3,9,10,196
17.5,3,9,11,197
17.5,3,9,12,198
17.5,3,9,13,199
17.5,3,9,14,200
17.5,3,9,15,200
17.5,3,10,0,188
17.5,3,10,1,189
17.5,3,10,2,190
17.5,3,10,3,191
17.5,3,10,4,192
17.5,3,10,5,193
17.5,3,10,6,194
17.5,3,10,7,194
17.5,3,10,8,195
17.5,3,10,9,196
17.5,3,10,10,197
17.5,3,10,11,198
17.5,3,10,12,199
17.5,3,10,13,200
17.5,3,10,14,201
17.5,3,10,15,201
17.5,3,11,0,189
17.5,3,11,1,190
17.5,3,11,2,191
17.5,3,11,3,192
17.5,3,11,4,193
17.5,3,11,5,194
17.5,3,11,6,195
17.5,3,11,7,195
17.5,3,11,8,196
17.5,3,11,9,197
17.5,3,11,10,198
17.5,3,11,11,199
17.5,3,11,12,200
17.5,3,11,13,201
17.5,3,11,14,202
17.5,3,11,15,203
17.5,3,12,0,190
17.5,3,12,1,191
17.5,3,12,2,192
17.5,3,12,3,193
17.5,3,12,4,194
17.5,3,12,5,195
17.5,3,12,6,196
17.5,3,12,7,197
17.5,3,12,8,197
17.5,3,12,9,198
17.5,3,12,10,199
17.5,3,12,11,200
17.5,3,12,12,201
17.5,3,12,13,202
17.5,3,12,14,203
17.5,3,12,15,204
17.5,3,13,0,191
17.5,3,13,1,192
17.5,3,13,2,193
17.5,3,13,3,194
17.5,3,13,4,195
17.5,3,13,5,196
17.5,3,13,6,197
17.5,3,13,7,198
17.5,3,13,8,198
17.5,3,13,9,199
17.5,3,13,10,200
17.5,3,13,11,201
17.5,3,13,12,202
17.5,3,13,13,203
17.5,3,13,14,204
17.5,3,13,15,205
17.5,3,14,0,192
17.5,3,14,1,193
17.5,3,14,2,194
17.5,3,14,3,195
17.5,3,14,4,196
17.5,3,14,5,197
17.5,3,14,6,198
17.5,3,14,7,199
17.5,3,14,8,200
17.5,3,14,9,200
17.5,3,14,10,201
17.5,3,14,11,202
17.5,3,14,12,203
17.5,3,14,13,204
17.5,3,14,14,205
17.5,3,14,15,206
17.5,3,15,0,193
17.5,3,15,1,194
17.5,3,15,2,195
17.5,3,15,3,196
17.5,3,15,4,197
17.5,3,15,5,198
17.5,3,15,6,199
17.5,3,15,7,200
17.5,3,15,8,201
17.5,3,15,9,201
17.5,3,15,10,202
17.5,3,15,11,203
17.5,3,15,12,204
17.5,3,15,13,205
17.5,3,15,14,206
17.5,3,15,15,207
17.5,4,0,0,181
17.5,4,0,1,181
17.5,4,0,2,182
17.5,4,0,3,183
17.5,4,0,4,184
17.5,4,0,5,185
17.5,4,0,6,186
17.5,4,0,7,187
17.5,4,0,8,187
17.5,4,0,9,188
17.5,4,0,10,189
17.5,4,0,11,190
17.5,4,0,12,191
17.5,4,0,13,192
17.5,4,0,14,193
17.5,4,0,15,193
17.5,4,1,0,182
17.5,4,1,1,183
17.5,4,1,2,183
17.5,4,1,3,184
17.5,4,1,4,185
17.5,4,1,5,186
17.5,4,1,6,187
17.5,4,1,7,188
17.5,4,1,8,189
17.5,4,1,9,189
17.5,4,1,10,190
17.5,4,1,11,191
17.5,4,1,12,192
17.5,4,1,13,193
17.5,4,1,14,194
17.5,4,1,15,195
17.5,4,2,0,183
17.5,4,2,1,184
17.5,4,2,2,184
17.5,4,2,3,185
17.5,4,2,4,186
17.5,4,2,5,187
17.5,4,2,6,188
17.5,4,2,7,189
17.5,4,2,8,190
17.5,4,2,9,191
17.5,4,2,10,191
17.5,4,2,11,192
17.5,4,2,12,193
17.5,4,2,13,194
17.5,4,2,14,195
17.5,4,2,15,196
17.5,4,3,0,184
17.5,4,3,1,185
17.5,4,3,2,186
17.5,4,3,3,186
17.5,4,3,4,187
17.5,4,3,5,188
17.5,4,3,6,189
17.5,4,3,7,190
17.5,4,3,8,191
17.5,4,3,9,192
17.5,4,3,10,193
17.5,4,3,11,193
17.5,4,3,12,194
17.5,4,3,13,195
17.5,4,3,14,196
17.5,4,3,15,197
17.5,4,4,0,185
17.5,4,4,1,186
17.5,4,4,2,187
17.5,4,4,3,188
17.5,4,4,4,188
17.5,4,4,5,189
17.5,4,4,6,190
17.5,4,4,7,191
17.5,4,4,8,192
17.5,4,4,9,193
17.5,4,4,10,194
17.5,4,4,11,195
17.5,4,4,12,195
17.5,4,4,13,196
17.5,4,4,14,197
17.5,4,4,15,198
17.5,4,5,0,186
17.5,4,5,1,187
17.5,4,5,2,188
17.5,4,5,3,189
17.5,4,5,4,190
17.5,4,5,5,190
17.5,4,5,6,191
17.5,4,5,7,192
17.5,4,5,8,193
17.5,4,5,9,194
17.5,4,5,10,195
17.5,4,5,11,196
17.5,4,5,12,197
17.5,4,5,13,197
17.5,4,5,14,198
17.5,4,5,15,199
17.5,4,6,0,187
17.5,4,6,1,188
17.5,4,6,2,189
17.5,4,6,3,190
17.5,4,6,4,191
17.5,4,6,5,191
17.5,4,6,6,192
17.5,4,6,7,193
17.5,4,6,8,194
17.5,4,6,9,195
17.5,4,6,10,196
17.5,4,6,11,197
17.5,4,6,12,198
17.5,4,6,13,199
17.5,4,6,14,199
17.5,4,6,15,200
17.5,4,7,0,188
17.5,4,7,1,189
17.5,4,7,2,190
17.5,4,7,3,191
17.5,4,7,4,192
17.5,4,7,5,193
17.5,4,7,6,193
17.5,4,7,7,194
17.5,4,7,8,195
17.5,4,7,9,196
17.5,4,7,10,197
17.5,4,7,11,198
17.5,4,7,12,199
17.5,4,7,13,200
17.5,4,7,14,201
17.5,4,7,15,201
17.5,4,8,0,189
17.5,4,8,1,190
17.5,4,8,2,191
17.5,4,8,3,192
17.5,4,8,4,193
17.5,4,8,5,194
17.5,4,8,6,195
17.5,4,8,7,195
17.5,4,8,8,196
17.5,4,8,9,197
17.5,4,8,10,198
17.5,4,8,11,199
17.5,4,8,12,200
17.5,4,8,13,201
17.5,4,8,14,202
17.5,4,8,15,203
17.5,4,9,0,190
17.5,4,9,1,191
17.5,4,9,2,192
17.5,4,9,3,193
17.5,4,9,4,194
17.5,4,9,5,195
17.5,4,9,6,196
17.5,4,9,7,197
17.5,4,9,8,197
17.5,4,9,9,198
17.5,4,9,10,199
17.5,4,9,11,200
17.5,4,9,12,201
17.5,4,9,13,202
17.5,4,9,14,203
17.5,4,9,15,204
17.5,4,10,0,191
17.5,4,10,1,192
17.5,4,10,2,193
17.5,4,10,3,194
17.5,4,10,4,195
17.5,4,10,5,196
17.5,4,10,6,197
17.5,4,10,7,198
17.5,4,10,8,198
17.5,4,10,9,199
17.5,4,10,10,200
17.5,4,10,11,201
17.5,4,10,12,202
17.5,4,10,13,203
17.5,4,10,14,204
17.5,4,10,15,205
17.5,4,11,0,192
17.5,4,11,1,193
17.5,4,11,2,194
17.5,4,11,3,195
17.5,4,11,4,196
17.5,4,11,5,197
17.5,4,11,6,198
17.5,4,11,7,199
17.5,4,11,8,200
17.5,4,11,9,200
17.5,4,11,10,201
17.5,4,11,11,202
17.5,4,11,12,203
17.5,4,11,13,204
17.5,4,11,14,205
17.5,4,11,15,206
17.5,4,12,0,193
17.5,4,12,1,194
17.5,4,12,2,195
17.5,4,12,3,196
17.5,4,12,4,197
17.5,4,12,5,198
17.5,4,12,6,199
17.5,4,12,7,200
17.5,4,12,8,201
17.5,4,12,9,202
17.5,4,12,10,202
17.5,4,12,11,203
17.5,4,12,12,204
17.5,4,12,13,205
17.5,4,12,14,206
17.5,4,12,15,207
17.5,4,13,0,194
17.5,4,13,1,195
17.5,4,13,2,196
17.5,4,13,3,197
17.5,4,13,4,198
17.5,4,13,5,199
17.5,4,13,6,200
17.5,4,13,7,201
17.5,4,13,8,202
17.5,4,13,9,203
17.5,4,13,10,204
17.5,4,13,11,204
17.5,4,13,12,205
17.5,4,13,13,206
17.5,4,13,14,207
17.5,4,13,15,208
17.5,4,14,0,195
17.5,4,14,1,196
17.5,4,14,2,197
17.5,4,14,3,198
17.5,4,14,4,199
17.5,4,14,5,200
17.5,4,14,6,201
17.5,4,14,7,202
17.5,4,14,8,203
17.5,4,14,9,204
17.5,4,14,10,205
17.5,4,14,11,205
17.5,4,14,12,206
17.5,4,14,13,207
17.5,4,14,14,208
17.5,4,14,15,209
17.5,4,15,0,196
17.5,4,15,1,197
17.5,4,15,2,198
17.5,4,15,3,199
17.5,4,15,4,200
17.5,4,15,5,201
17.5,4,15,6,202
17.5,4,15,7,203
17.5,4,15,8,204
17.5,4,15,9,205
17.5,4,15,10,206
17.5,4,15,11,207
17.5,4,15,12,207
17.5,4,15,13,208
17.5,4,15,14,209
17.5,4,15,15,210
17.5,5,0,0,183
17.5,5,0,1,184
17.5,5,0,2,185
17.5,5,0,3,186
17.5,5,0,4,187
17.5,5,0,5,188
17.5,5,0,6,189
17.5,5,0,7,190
17.5,5,0,8,190
17.5,5,0,9,191
17.5,5,0,10,192
17.5,5,0,11,193
17.5,5,0,12,194
17.5,5,0,13,195
17.5,5,0,14,196
17.5,5,0,15,196
17.5,5,1,0,185
17.5,5,1,1,185
17.5,5,1,2,186
17.5,5,1,3,187
17.5,5,1,4,188
17.5,5,1,5,189
17.5,5,1,6,190
17.5,5,1,7,191
17.5,5,1,8,192
17.5,5,1,9,192
17.5,5,1,10,193
17.5,5,1,11,194
17.5,5,1,12,195
17.5,5,1,13,196
17.5,5,1,14,197
17.5,5,1,15,198
17.5,5,2,0,186
17.5,5,2,1,187
17.5,5,2,2,187
17.5,5,2,3,188
17.5,5,2,4,189
17.5,5,2,5,190
17.5,5,2,6,191
17.5,5,2,7,192
17.5,5,2,8,193
17.5,5,2,9,194
17.5,5,2,10,195
17.5,5,2,11,195
17.5,5,2,12,196
17.5,5,2,13,197
17.5,5,2,14,198
17.5,5,2,15,199
17.5,5,3,0,187
17.5,5,3,1,188
17.5,5,3,2,189
17.5,5,3,3,189
17.5,5,3,4,190
17.5,5,3,5,191
17.5,5,3,6,192
17.5,5,3,7,193
17.5,5,3,8,194
17.5,5,3,9,195
17.5,5,3,10,196
17.5,5,3,11,197
17.5,5,3,12,197
17.5,5,3,13,198
17.5,5,3,14,199
17.5,5,3,15,200
17.5,5,4,0,188
17.5,5,4,1,189
17.5,5,4,2,190
17.5,5,4,3,191
17.5,5,4,4,191
17.5,5,4,5,192
17.5,5,4,6,193
17.5,5,4,7,194
17.5,5,4,8,195
17.5,5,4,9,196
17.5,5,4,10,197
17.5,5,4,11,198
17.5,5,4,12,199
17.5,5,4,13,199
17.5,5,4,14,200
17.5,5,4,15,201
17.5,5,5,0,189
17.5,5,5,1,190
17.5,5,5,2,191
17.5,5,5,3,192
17.5,5,5,4,193
17.5,5,5,5,193
17.5,5,5,6,194
17.5,5,5,7,195
17.5,5,5,8,196
17.5,5,5,9,197
17.5,5,5,10,198
17.5,5,5,11,199
17.5,5,5,12,200
17.5,5,5,13,201
17.5,5,5,14,201
17.5,5,5,15,202
17.5,5,6,0,190
17.5,5,6,1,191
17.5,5,6,2,192
17.5,5,6,3,193
17.5,5,6,4,194
17.5,5,6,5,195
17.5,5,6,6,195
17.5,5,6,7,196
17.5,5,6,8,197
17.5,5,6,9,198
17.5,5,6,10,199
17.5,5,6,11,200
17.5,5,6,12,201
17.5,5,6,13,202
17.5,5,6,14,203
17.5,5,6,15,203
17.5,5,7,0,191
17.5,5,7,1,192
17.5,5,7,2,193
17.5,5,7,3,194
17.5,5,7,4,195
17.5,5,7,5,196
17.5,5,7,6,197
17.5,5,7,7,197
17.5,5,7,8,198
17.5,5,7,9,199
17.5,5,7,10,200
17.5,5,7,11,201
17.5,5,7,12,202
17.5,5,7,13,203
17.5,5,7,14,204
17.5,5,7,15,205
17.5,5,8,0,192
17.5,5,8,1,193
17.5,5,8,2,194
17.5,5,8,3,195
17.5,5,8,4,196
17.5,5,8,5,197
17.5,5,8,6,198
17.5,5,8,7,199
17.5,5,8,8,199
17.5,5,8,9,200
17.5,5,8,10,201
17.5,5,8,11,202
17.5,5,8,12,203
17.5,5,8,13,204
17.5,5,8,14,205
17.5,5,8,15,206
17.5,5,9,0,193
17.5,5,9,1,194
17.5,5,9,2,195
17.5,5,9,3,196
17.5,5,9,4,197
17.5,5,9,5,198
17.5,5,9,6,199
17.5,5,9,7,200
17.5,5,9,8,201
17.5,5,9,9,201
17.5,5,9,10,202
17.5,5,9,11,203
17.5,5,9,12,204
17.5,5,9,13,205
17.5,5,9,14,206
17.5,5,9,15,207
17.5,5,10,0,194
17.5,5,10,1,195
17.5,5,10,2,196
17.5,5,10,3,197
17.5,5,10,4,198
17.5,5,10,5,199
17.5,5,10,6,200
17.5,5,10,7,201
17.5,5,10,8,202
17.5,5,10,9,203
17.5,5,10,10,203
17.5,5,10,11,204
17.5,5,10,12,205
17.5,5,10,13,206
17.5,5,10,14,207
17.5,5,10,15,208
17.5,5,11,0,195
17.5,5,11,1,196
17.5,5,11,2,197
17.5,5,11,3,198
17.5,5,11,4,199
17.5,5,11,5,200
17.5,5,11,6,201
17.5,5,11,7,202
17.5,5,11,8,203
17.5,5,11,9,204
17.5,5,11,10,205
17.5,5,11,11,205
17.5,5,11,12,206
17.5,5,11,13,207
17.5,5,11,14,208
17.5,5,11,15,209
17.5,5,12,0,196
17.5,5,12,1,197
17.5,5,12,2,198
17.5,5,12,3,199
17.5,5,12,4,200
17.5,5,12,5,201
17.5,5,12,6,202
17.5,5,12,7,203
17.5,5,12,8,204
17.5,5,12,9,205
17.5,5,12,10,206
17.5,5,12,11,207
17.5,5,12,12,207
17.5,5,12,13,208
17.5,5,12,14,209
17.5,5,12,15,210
17.5,5,13,0,197
17.5,5,13,1,198
17.5,5,13,2,199
17.5,5,13,3,200
17.5,5,13,4,201
17.5,5,13,5,202
17.5,5,13,6,203
17.5,5,13,7,204
17.5,5,13,8,205
17.5,5,13,9,206
17.5,5,13,10,207
17.5,5,13,11,208
17.5,5,13,12,209
17.5,5,13,13,210
17.5,5,13,14,210
17.5,5,13,15,211
17.5,5,14,0,198
17.5,5,14,1,199
17.5,5,14,2,200
17.5,5,14,3,201
17.5,5,14,4,202
17.5,5,14,5,203
17.5,5,14,6,204
17.5,5,14,7,205
17.5,5,14,8,206
17.5,5,14,9,207
17.5,5,14,10,208
17.5,5,14,11,209
17.5,5,14,12,210
17.5,5,14,13,211
17.5,5,14,14,212
17.5,5,14,15,212
17.5,5,15,0,199
17.5,5,15,1,200
17.5,5,15,2,201
17.5,5,15,3,202
17.5,5,15,4,203
17.5,5,15,5,204
17.5,5,15,6,205
17.5,5,15,7,206
17.5,5,15,8,207
17.5,5,15,9,208
17.5,5,15,10,209
17.5,5,15,11,210
17.5,5,15,12,211
17.5,5,15,13,212
17.5,5,15,14,213
17.5,5,15,15,214
17.5,6,0,0,186
17.5,6,0,1,187
17.5,6,0,2,188
17.5,6,0,3,189
17.5,6,0,4,190
17.5,6,0,5,191
17.5,6,0,6,192
17.5,6,0,7,193
17.5,6,0,8,193
17.5,6,0,9,194
17.5,6,0,10,195
17.5,6,0,11,196
17.5,6,0,12,197
17.5,6,0,13,198
17.5,6,0,14,199
17.5,6,0,15,200
17.5,6,1,0,187
17.5,6,1,1,188
17.5,6,1,2,189
17.5,6,1,3,190
17.5,6,1,4,191
17.5,6,1,5,192
17.5,6,1,6,193
17.5,6,1,7,194
17.5,6,1,8,195
17.5,6,1,9,196
17.5,6,1,10,196
17.5,6,1,11,197
17.5,6,1,12,198
17.5,6,1,13,199
17.5,6,1,14,200
17.5,6,1,15,201
17.5,6,2,0,189
17.5,6,2,1,189
17.5,6,2,2,190
17.5,6,2,3,191
17.5,6,2,4,192
17.5,6,2,5,193
17.5,6,2,6,194
17.5,6,2,7,195
17.5,6,2,8,196
17.5,6,2,9,197
17.5,6,2,10,198
17.5,6,2,11,198
17.5,6,2,12,199
17.5,6,2,13,200
17.5,6,2,14,201
17.5,6,2,15,202
17.5,6,3,0,190
17.5,6,3,1,191
17.5,6,3,2,191
17.5,6,3,3,192
17.5,6,3,4,193
17.5,6,3,5,194
17.5,6,3,6,195
17.5,6,3,7,196
17.5,6,3,8,197
17.5,6,3,9,198
17.5,6,3,10,199
17.5,6,3,11,200
17.5,6,3,12,200
17.5,6,3,13,201
17.5,6,3,14,202
17.5,6,3,15,203
17.5,6,4,0,191
17.5,6,4,1,192
17.5,6,4,2,193
17.5,6,4,3,194
17.5,6,4,4,194
17.5,6,4,5,195
17.5,6,4,6,196
17.5,6,4,7,197
17.5,6,4,8,198
17.5,6,4,9,199
17.5,6,4,10,200
17.5,6,4,11,201
17.5,6,4,12,202
17.5,6,4,13,203
17.5,6,4,14,203
17.5,6,4,15,204
17.5,6,5,0,192
17.5,6,5,1,193
17.5,6,5,2,194
17.5,6,5,3,195
17.5,6,5,4,196
17.5,6,5,5,196
17.5,6,5,6,197
17.5,6,5,7,198
17.5,6,5,8,199
17.5,6,5,9,200
17.5,6,5,10,201
17.5,6,5,11,202
17.5,6,5,12,203
17.5,6,5,13,204
17.5,6,5,14,205
17.5,6,5,15,205
17.5,6,6,0,193
17.5,6,6,1,194
17.5,6,6,2,195
17.5,6,6,3,196
17.5,6,6,4,197
17.5,6,6,5,198
17.5,6,6,6,199
17.5,6,6,7,199
17.5,6,6,8,200
17.5,6,6,9,201
17.5,6,6,10,202
17.5,6,6,11,203
17.5,6,6,12,204
17.5,6,6,13,205
17.5,6,6,14,206
17.5,6,6,15,207
17.5,6,7,0,194
17.5,6,7,1,195
17.5,6,7,2,196
17.5,6,7,3,197
17.5,6,7,4,198
17.5,6,7,5,199
17.5,6,7,6,200
17.5,6,7,7,201
17.5,6,7,8,201
17.5,6,7,9,202
17.5,6,7,10,203
17.5,6,7,11,204
17.5,6,7,12,205
17.5,6,7,13,206
17.5,6,7,14,207
17.5,6,7,15,208
17.5,6,8,0,195
17.5,6,8,1,196
17.5,6,8,2,197
17.5,6,8,3,198
17.5,6,8,4,199
17.5,6,8,5,200
17.5,6,8,6,201
17.5,6,8,7,202
17.5,6,8,8,203
17.5,6,8,9,204
17.5,6,8,10,204
17.5,6,8,11,205
17.5,6,8,12,206
17.5,6,8,13,207
17.5,6,8,14,208
17.5,6,8,15,209
17.5,6,9,0,196
17.5,6,9,1,197
17.5,6,9,2,198
17.5,6,9,3,199
17.5,6,9,4,200
17.5,6,9,5,201
17.5,6,9,6,202
17.5,6,9,7,203
17.5,6,9,8,204
17.5,6,9,9,205
17.5,6,9,10,206
17.5,6,9,11,206
17.5,6,9,12,207
17.5,6,9,13,208
17.5,6,9,14,209
17.5,6,9,15,210
17.5,6,10,0,197
17.5,6,10,1,198
17.5,6,10,2,199
17.5,6,10,3,200
17.5,6,10,4,201
17.5,6,10,5,202
17.5,6,10,6,203
17.5,6,10,7,204
17.5,6,10,8,205
17.5,6,10,9,206
17.5,6,10,10,207
17.5,6,10,11,208
17.5,6,10,12,209
17.5,6,10,13,209
17.5,6,10,14,210
17.5,6,10,15,211
17.5,6,11,0,198
17.5,6,11,1,199
17.5,6,11,2,200
17.5,6,11,3,201
17.5,6,11,4,202
17.5,6,11,5,203
17.5,6,11,6,204
17.5,6,11,7,205
17.5,6,11,8,206
17.5,6,11,9,207
17.5,6,11,10,208
17.5,6,11,11,209
17.5,6,11,12,210
17.5,6,11,13,211
17.5,6,11,14,211
17.5,6,11,15,212
17.5,6,12,0,199
17.5,6,12,1,200
17.5,6,12,2,201
17.5,6,12,3,202
17.5,6,12,4,203
17.5,6,12,5,204
17.5,6,12,6,205
17.5,6,12,7,206
17.5,6,12,8,207
17.5,6,12,9,208
17.5,6,12,10,209
17.5,6,12,11,210
17.5,6,12,12,211
17.5,6,12,13,212
17.5,6,12,14,213
17.5,6,12,15,214
17.5,6,13,0,200
17.5,6,13,1,201
17.5,6,13,2,202
17.5,6,13,3,203
17.5,6,13,4,204
17.5,6,13,5,205
17.5,6,13,6,206
17.5,6,13,7,207
17.5,6,13,8,208
17.5,6,13,9,209
17.5,6,13,10,210
17.5,6,13,11,211
17.5,6,13,12,212
17.5,6,13,13,213
17.5,6,13,14,214
17.5,6,13,15,215
17.5,6,14,0,201
17.5,6,14,1,202
17.5,6,14,2,203
17.5,6,14,3,204
17.5,6,14,4,205
17.5,6,14,5,206
17.5,6,14,6,207
17.5,6,14,7,208
17.5,6,14,8,209
17.5,6,14,9,210
17.5,6,14,10,211
17.5,6,14,11,212
17.5,6,14,12,213
17.5,6,14,13,214
17.5,6,14,14,215
17.5,6,14,15,216
17.5,6,15,0,202
17.5,6,15,1,203
17.5,6,15,2,204
17.5,6,15,3,205
17.5,6,15,4,206
17.5,6,15,5,207
17.5,6,15,6,208
17.5,6,15,7,209
17.5,6,15,8,210
17.5,6,15,9,211
17.5,6,15,10,212
17.5,6,15,11,213
17.5,6,15,12,214
17.5,6,15,13,215
17.5,6,15,14,216
17.5,6,15,15,217
17.5,7,0,0,189
17.5,7,0,1,190
17.5,7,0,2,191
17.5,7,0,3,192
17.5,7,0,4,193
17.5,7,0,5,194
17.5,7,0,6,195
17.5,7,0,7,196
17.5,7,0,8,196
17.5,7,0,9,197
17.5,7,0,10,198
17.5,7,0,11,199
17.5,7,0,12,200
17.5,7,0,13,201
17.5,7,0,14,202
17.5,7,0,15,203
17.5,7,1,0,190
17.5,7,1,1,191
17.5,7,1,2,192
17.5,7,1,3,193
17.5,7,1,4,194
17.5,7,1,5,195
17.5,7,1,6,196
17.5,7,1,7,197
17.5,7,1,8,198
17.5,7,1,9,199
17.5,7,1,10,199
17.5,7,1,11,200
17.5,7,1,12,201
17.5,7,1,13,202
17.5,7,1,14,203
17.5,7,1,15,204
17.5,7,2,0,191
17.5,7,2,1,192
17.5,7,2,2,193
17.5,7,2,3,194
17.5,7,2,4,195
17.5,7,2,5,196
17.5,7,2,6,197
17.5,7,2,7,198
17.5,7,2,8,199
17.5,7,2,9,200
17.5,7,2,10,201
17.5,7,2,11,202
17.5,7,2,12,202
17.5,7,2,13,203
17.5,7,2,14,204
17.5,7,2,15,205
17.5,7,3,0,193
17.5,7,3,1,193
17.5,7,3,2,194
17.5,7,3,3,195
17.5,7,3,4,196
17.5,7,3,5,197
17.5,7,3,6,198
17.5,7,3,7,199
17.5,7,3,8,200
17.5,7,3,9,201
17.5,7,3,10,202
17.5,7,3,11,203
17.5,7,3,12,204
17.5,7,3,13,204
17.5,7,3,14,205
17.5,7,3,15,206
17.5,7,4,0,194
17.5,7,4,1,195
17.5,7,4,2,196
17.5,7,4,3,196
17.5,7,4,4,197
17.5,7,4,5,198
17.5,7,4,6,199
17.5,7,4,7,200
17.5,7,4,8,201
17.5,7,4,9,202
17.5,7,4,10,203
17.5,7,4,11,204
17.5,7,4,12,205
17.5,7,4,13,206
17.5,7,4,14,207
17.5,7,4,15,207
17.5,7,5,0,195
17.5,7,5,1,196
17.5,7,5,2,197
17.5,7,5,3,198
17.5,7,5,4,199
17.5,7,5,5,200
17.5,7,5,6,200
17.5,7,5,7,201
17.5,7,5,8,202
17.5,7,5,9,203
17.5,7,5,10,204
17.5,7,5,11,205
17.5,7,5,12,206
17.5,7,5,13,207
17.5,7,5,14,208
17.5,7,5,15,209
17.5,7,6,0,196
17.5,7,6,1,197
17.5,7,6,2,198
17.5,7,6,3,199
17.5,7,6,4,200
17.5,7,6,5,201
17.5,7,6,6,202
17.5,7,6,7,203
17.5,7,6,8,203
17.5,7,6,9,204
17.5,7,6,10,205
17.5,7,6,11,206
17.5,7,6,12,207
17.5,7,6,13,208
17.5,7,6,14,209
17.5,7,6,15,210
17.5,7,7,0,197
17.5,7,7,1,198
17.5,7,7,2,199
17.5,7,7,3,200
17.5,7,7,4,201
17.5,7,7,5,202
17.5,7,7,6,203
17.5,7,7,7,204
17.5,7,7,8,205
17.5,7,7,9,206
17.5,7,7,10,206
17.5,7,7,11,207
17.5,7,7,12,208
17.5,7,7,13,209
17.5,7,7,14,210
17.5,7,7,15,211
17.5,7,8,0,198
17.5,7,8,1,199
17.5,7,8,2,200
17.5,7,8,3,201
17.5,7,8,4,202
17.5,7,8,5,203
17.5,7,8,6,204
17.5,7,8,7,205
17.5,7,8,8,206
17.5,7,8,9,207
17.5,7,8,10,208
17.5,7,8,11,209
17.5,7,8,12,209
17.5,7,8,13,210
17.5,7,8,14,211
17.5,7,8,15,212
17.5,7,9,0,199
17.5,7,9,1,200
17.5,7,9,2,201
17.5,7,9,3,202
17.5,7,9,4,203
17.5,7,9,5,204
17.5,7,9,6,205
17.5,7,9,7,206
17.5,7,9,8,207
17.5,7,9,9,208
17.5,7,9,10,209
17.5,7,9,11,210
17.5,7,9,12,211
17.5,7,9,13,212
17.5,7,9,14,212
17.5,7,9,15,213
17.5,7,10,0,200
17.5,7,10,1,201
17.5,7,10,2,202
17.5,7,10,3,203
17.5,7,10,4,204
17.5,7,10,5,205
17.5,7,10,6,206
17.5,7,10,7,207
17.5,7,10,8,208
17.5,7,10,9,209
17.5,7,10,10,210
17.5,7,10,11,211
17.5,7,10,12,212
17.5,7,10,13,213
17.5,7,10,14,214
17.5,7,10,15,215
17.5,7,11,0,201
17.5,7,11,1,202
17.5,7,11,2,203
17.5,7,11,3,204
17.5,7,11,4,205
17.5,7,11,5,206
17.5,7,11,6,207
17.5,7,11,7,208
17.5,7,11,8,209
17.5,7,11,9,210
17.5,7,11,10,211
17.5,7,11,11,212
17.5,7,11,12,213
17.5,7,11,13,214
17.5,7,11,14,215
17.5,7,11,15,216
17.5,7,12,0,202
17.5,7,12,1,203
17.5,7,12,2,204
17.5,7,12,3,205
17.5,7,12,4,206
17.5,7,12,5,207
17.5,7,12,6,208
17.5,7,12,7,209
17.5,7,12,8,210
17.5,7,12,9,211
17.5,7,12,10,212
17.5,7,12,11,213
17.5,7,12,12,214
17.5,7,12,13,215
17.5,7,12,14,216
17.5,7,12,15,217
17.5,7,13,0,203
17.5,7,13,1,204
17.5,7,13,2,205
17.5,7,13,3,206
17.5,7,13,4,207
17.5,7,13,5,208
17.5,7,13,6,209
17.5,7,13,7,210
17.5,7,13,8,211
17.5,7,13,9,212
17.5,7,13,10,213
17.5,7,13,11,214
17.5,7,13,12,215
17.5,7,13,13,216
17.5,7,13,14,217
17.5,7,13,15,218
17.5,7,14,0,205
17.5,7,14,1,206
17.5,7,14,2,207
17.5,7,14,3,208
17.5,7,14,4,208
17.5,7,14,5,209
17.5,7,14,6,210
17.5,7,14,7,211
17.5,7,14,8,212
17.5,7,14,9,213
17.5,7,14,10,214
17.5,7,14,11,215
17.5,7,14,12,216
17.5,7,14,13,217
17.5,7,14,14,218
17.5,7,14,15,219
17.5,7,15,0,206
17.5,7,15,1,207
17.5,7,15,2,208
17.5,7,15,3,209
17.5,7,15,4,210
17.5,7,15,5,211
17.5,7,15,6,212
17.5,7,15,7,213
17.5,7,15,8,213
17.5,7,15,9,214
17.5,7,15,10,215
17.5,7,15,11,216
17.5,7,15,12,217
17.5,7,15,13,218
17.5,7,15,14,219
17.5,7,15,15,220
17.5,8,0,0,192
17.5,8,0,1,193
17.5,8,0,2,194
17.5,8,0,3,195
17.5,8,0,4,196
17.5,8,0,5,197
17.5,8,0,6,198
17.5,8,0,7,199
17.5,8,0,8,199
17.5,8,0,9,200
17.5,8,0,10,201
17.5,8,0,11,202
17.5,8,0,12,203
17.5,8,0,13,204
17.5,8,0,14,205
17.5,8,0,15,206
17.5,8,1,0,193
17.5,8,1,1,194
17.5,8,1,2,195
17.5,8,1,3,196
17.5,8,1,4,197
17.5,8,1,5,198
17.5,8,1,6,199
17.5,8,1,7,200
17.5,8,1,8,201
17.5,8,1,9,202
17.5,8,1,10,202
17.5,8,1,11,203
17.5,8,1,12,204
17.5,8,1,13,205
17.5,8,1,14,206
17.5,8,1,15,207
17.5,8,2,0,194
17.5,8,2,1,195
17.5,8,2,2,196
17.5,8,2,3,197
17.5,8,2,4,198
17.5,8,2,5,199
17.5,8,2,6,200
17.5,8,2,7,201
17.5,8,2,8,202
17.5,8,2,9,203
17.5,8,2,10,204
17.5,8,2,11,205
17.5,8,2,12,205
17.5,8,2,13,206
17.5,8,2,14,207
17.5,8,2,15,208
17.5,8,3,0,195
17.5,8,3,1,196
17.5,8,3,2,197
17.5,8,3,3,198
17.5,8,3,4,199
17.5,8,3,5,200
17.5,8,3,6,201
17.5,8,3,7,202
17.5,8,3,8,203
17.5,8,3,9,204
17.5,8,3,10,205
17.5,8,3,11,206
17.5,8,3,12,207
17.5,8,3,13,208
17.5,8,3,14,208
17.5,8,3,15,209
17.5,8,4,0,197
17.5,8,4,1,198
17.5,8,4,2,199
17.5,8,4,3,199
17.5,8,4,4,200
17.5,8,4,5,201
17.5,8,4,6,202
17.5,8,4,7,203
17.5,8,4,8,204
17.5,8,4,9,205
17.5,8,4,10,206
17.5,8,4,11,207
17.5,8,4,12,208
17.5,8,4,13,209
17.5,8,4,14,210
17.5,8,4,15,211
17.5,8,5,0,198
17.5,8,5,1,199
17.5,8,5,2,200
17.5,8,5,3,201
17.5,8,5,4,202
17.5,8,5,5,203
17.5,8,5,6,203
17.5,8,5,7,204
17.5,8,5,8,205
17.5,8,5,9,206
17.5,8,5,10,207
17.5,8,5,11,208
17.5,8,5,12,209
17.5,8,5,13,210
17.5,8,5,14,211
17.5,8,5,15,212
17.5,8,6,0,199
17.5,8,6,1,200
17.5,8,6,2,201
17.5,8,6,3,202
17.5,8,6,4,203
17.5,8,6,5,204
17.5,8,6,6,205
17.5,8,6,7,206
17.5,8,6,8,207
17.5,8,6,9,207
17.5,8,6,10,208
17.5,8,6,11,209
17.5,8,6,12,210
17.5,8,6,13,211
17.5,8,6,14,212
17.5,8,6,15,213
17.5,8,7,0,200
17.5,8,7,1,201
17.5,8,7,2,202
17.5,8,7,3,203
17.5,8,7,4,204
17.5,8,7,5,205
17.5,8,7,6,206
17.5,8,7,7,207
17.5,8,7,8,208
17.5,8,7,9,209
17.5,8,7,10,210
17.5,8,7,11,211
17.5,8,7,12,211
17.5,8,7,13,212
17.5,8,7,14,213
17.5,8,7,15,214
17.5,8,8,0,201
17.5,8,8,1,202
17.5,8,8,2,203
17.5,8,8,3,204
17.5,8,8,4,205
17.5,8,8,5,206
17.5,8,8,6,207
17.5,8,8,7,208
17.5,8,8,8,209
17.5,8,8,9,210
17.5,8,8,10,211
17.5,8,8,11,212
17.5,8,8,12,213
17.5,8,8,13,214
17.5,8,8,14,214
17.5,8,8,15,215
17.5,8,9,0,202
17.5,8,9,1,203
17.5,8,9,2,204
17.5,8,9,3,205
17.5,8,9,4,206
17.5,8,9,5,207
17.5,8,9,6,208
17.5,8,9,7,209
17.5,8,9,8,210
17.5,8,9,9,211
17.5,8,9,10,212
17.5,8,9,11,213
17.5,8,9,12,214
17.5,8,9,13,215
17.5,8,9,14,216
17.5,8,9,15,217
17.5,8,10,0,203
17.5,8,10,1,204
17.5,8,10,2,205
17.5,8,10,3,206
17.5,8,10,4,207
17.5,8,10,5,208
17.5,8,10,6,209
17.5,8,10,7,210
17.5,8,10,8,211
17.5,8,10,9,212
17.5,8,10,10,213
17.5,8,10,11,214
17.5,8,10,12,215
17.5,8,10,13,216
17.5,8,10,14,217
17.5,8,10,15,218
17.5,8,11,0,204
17.5,8,11,1,205
17.5,8,11,2,206
17.5,8,11,3,207
17.5,8,11,4,208
17.5,8,11,5,209
17.5,8,11,6,210
17.5,8,11,7,211
17.5,8,11,8,212
17.5,8,11,9,213
17.5,8,11,10,214
17.5,8,11,11,215
17.5,8,11,12,216
17.5,8,11,13,217
17.5,8,11,14,218
17.5,8,11,15,219
17.5,8,12,0,205
17.5,8,12,1,206
17.5,8,12,2,207
17.5,8,12,3,208
17.5,8,12,4,209
17.5,8,12,5,210
17.5,8,12,6,211
17.5,8,12,7,212
17.5,8,12,8,213
17.5,8,12,9,214
17.5,8,12,10,215
17.5,8,12,11,216
17.5,8,12,12,217
17.5,8,12,13,218
17.5,8,12,14,219
17.5,8,12,15,220
17.5,8,13,0,207
17.5,8,13,1,208
17.5,8,13,2,209
17.5,8,13,3,210
17.5,8,13,4,211
17.5,8,13,5,212
17.5,8,13,6,213
17.5,8,13,7,214
17.5,8,13,8,215
17.5,8,13,9,215
17.5,8,13,10,216
17.5,8,13,11,217
17.5,8,13,12,218
17.5,8,13,13,219
17.5,8,13,14,220
17.5,8,13,15,221
17.5,8,14,0,208
17.5,8,14,1,209
17.5,8,14,2,210
17.5,8,14,3,211
17.5,8,14,4,212
17.5,8,14,5,213
17.5,8,14,6,214
17.5,8,14,7,215
17.5,8,14,8,216
17.5,8,14,9,217
17.5,8,14,10,218
17.5,8,14,11,219
17.5,8,14,12,220
17.5,8,14,13,220
17.5,8,14,14,221
17.5,8,14,15,222
17.5,8,15,0,209
17.5,8,15,1,210
17.5,8,15,2,211
17.5,8,15,3,212
17.5,8,15,4,213
17.5,8,15,5,214
17.5,8,15,6,215
17.5,8,15,7,216
17.5,8,15,8,217
17.5,8,15,9,218
17.5,8,15,10,219
17.5,8,15,11,220
17.5,8,15,12,221
17.5,8,15,13,222
17.5,8,15,14,223
17.5,8,15,15,224
17.5,9,0,0,195
17.5,9,0,1,196
17.5,9,0,2,197
17.5,9,0,3,198
17.5,9,0,4,199
17.5,9,0,5,200
17.5,9,0,6,201
17.5,9,0,7,201
17.5,9,0,8,202
17.5,9,0,9,203
17.5,9,0,10,204
17.5,9,0,11,205
17.5,9,0,12,206
17.5,9,0,13,207
17.5,9,0,14,208
17.5,9,0,15,209
17.5,9,1,0,196
17.5,9,1,1,197
17.5,9,1,2,198
17.5,9,1,3,199
17.5,9,1,4,200
17.5,9,1,5,201
17.5,9,1,6,202
17.5,9,1,7,203
17.5,9,1,8,204
17.5,9,1,9,205
17.5,9,1,10,205
17.5,9,1,11,206
17.5,9,1,12,207
17.5,9,1,13,208
17.5,9,1,14,209
17.5,9,1,15,210
17.5,9,2,0,197
17.5,9,2,1,198
17.5,9,2,2,199
17.5,9,2,3,200
17.5,9,2,4,201
17.5,9,2,5,202
17.5,9,2,6,203
17.5,9,2,7,204
17.5,9,2,8,205
17.5,9,2,9,206
17.5,9,2,10,207
17.5,9,2,11,208
17.5,9,2,12,209
17.5,9,2,13,209
17.5,9,2,14,210
17.5,9,2,15,211
17.5,9,3,0,198
17.5,9,3,1,199
17.5,9,3,2,200
17.5,9,3,3,201
17.5,9,3,4,202
17.5,9,3,5,203
17.5,9,3,6,204
17.5,9,3,7,205
17.5,9,3,8,206
17.5,9,3,9,207
17.5,9,3,10,208
17.5,9,3,11,209
17.5,9,3,12,210
17.5,9,3,13,211
17.5,9,3,14,212
17.5,9,3,15,213
17.5,9,4,0,200
17.5,9,4,1,201
17.5,9,4,2,201
17.5,9,4,3,202
17.5,9,4,4,203
17.5,9,4,5,204
17.5,9,4,6,205
17.5,9,4,7,206
17.5,9,4,8,207
17.5,9,4,9,208
17.5,9,4,10,209
17.5,9,4,11,210
17.5,9,4,12,211
17.5,9,4,13,212
17.5,9,4,14,213
17.5,9,4,15,214
17.5,9,5,0,201
17.5,9,5,1,202
17.5,9,5,2,203
17.5,9,5,3,204
17.5,9,5,4,205
17.5,9,5,5,206
17.5,9,5,6,207
17.5,9,5,7,207
17.5,9,5,8,208
17.5,9,5,9,209
17.5,9,5,10,210
17.5,9,5,11,211
17.5,9,5,12,212
17.5,9,5,13,213
17.5,9,5,14,214
17.5,9,5,15,215
17.5,9,6,0,202
17.5,9,6,1,203
17.5,9,6,2,204
17.5,9,6,3,205
17.5,9,6,4,206
17.5,9,6,5,207
17.5,9,6,6,208
17.5,9,6,7,209
17.5,9,6,8,210
17.5,9,6,9,211
17.5,9,6,10,212
17.5,9,6,11,212
17.5,9,6,12,213
17.5,9,6,13,214
17.5,9,6,14,215
17.5,9,6,15,216
17.5,9,7,0,203
17.5,9,7,1,204
17.5,9,7,2,205
17.5,9,7,3,206
17.5,9,7,4,207
17.5,9,7,5,208
17.5,9,7,6,209
17.5,9,7,7,210
17.5,9,7,8,211
17.5,9,7,9,212
17.5,9,7,10,213
17.5,9,7,11,214
17.5,9,7,12,215
17.5,9,7,13,216
17.5,9,7,14,216
17.5,9,7,15,217
17.5,9,8,0,204
17.5,9,8,1,205
17.5,9,8,2,206
17.5,9,8,3,207
17.5,9,8,4,208
17.5,9,8,5,209
17.5,9,8,6,210
17.5,9,8,7,211
17.5,9,8,8,212
17.5,9,8,9,213
17.5,9,8,10,214
17.5,9,8,11,215
17.5,9,8,12,216
17.5,9,8,13,217
17.5,9,8,14,218
17.5,9,8,15,219
17.5,9,9,0,205
17.5,9,9,1,206
17.5,9,9,2,207
17.5,9,9,3,208
17.5,9,9,4,209
17.5,9,9,5,210
17.5,9,9,6,211
17.5,9,9,7,212
17.5,9,9,8,213
17.5,9,9,9,214
17.5,9,9,10,215
17.5,9,9,11,216
17.5,9,9,12,217
17.5,9,9,13,218
17.5,9,9,14,219
17.5,9,9,15,220
17.5,9,10,0,206
17.5,9,10,1,207
17.5,9,10,2,208
17.5,9,10,3,209
17.5,9,10,4,210
17.5,9,10,5,211
17.5,9,10,6,212
17.5,9,10,7,213
17.5,9,10,8,214
17.5,9,10,9,215
17.5,9,10,10,216
17.5,9,10,11,217
17.5,9,10,12,218
17.5,9,10,13,219
17.5,9,10,14,220
17.5,9,10,15,221
17.5,9,11,0,207
17.5,9,11,1,208
17.5,9,11,2,209
17.5,9,11,3,210
17.5,9,11,4,211
17.5,9,11,5,212
17.5,9,11,6,213
17.5,9,11,7,214
17.5,9,11,8,215
17.5,9,11,9,216
17.5,9,11,10,217
17.5,9,11,11,218
17.5,9,11,12,219
17.5,9,11,13,220
17.5,9,11,14,221
17.5,9,11,15,222
17.5,9,12,0,209
17.5,9,12,1,210
17.5,9,12,2,211
17.5,9,12,3,212
17.5,9,12,4,213
17.5,9,12,5,214
17.5,9,12,6,215
17.5,9,12,7,216
17.5,9,12,8,217
17.5,9,12,9,218
17.5,9,12,10,219
17.5,9,12,11,220
17.5,9,12,12,220
17.5,9,12,13,221
17.5,9,12,14,222
17.5,9,12,15,223
17.5,9,13,0,210
17.5,9,13,1,211
17.5,9,13,2,212
17.5,9,13,3,213
17.5,9,13,4,214
17.5,9,13,5,215
17.5,9,13,6,216
17.5,9,13,7,217
17.5,9,13,8,218
17.5,9,13,9,219
17.5,9,13,10,220
17.5,9,13,11,221
17.5,9,13,12,222
17.5,9,13,13,223
17.5,9,13,14,224
17.5,9,13,15,225
17.5,9,14,0,211
17.5,9,14,1,212
17.5,9,14,2,213
17.5,9,14,3,214
17.5,9,14,4,215
17.5,9,14,5,216
17.5,9,14,6,217
17.5,9,14,7,218
17.5,9,14,8,219
17.5,9,14,9,220
17.5,9,14,10,221
17.5,9,14,11,222
17.5,9,14,12,223
17.5,9,14,13,224
17.5,9,14,14,225
17.5,9,14,15,226
17.5,9,15,0,212
17.5,9,15,1,213
17.5,9,15,2,214
17.5,9,15,3,215
17.5,9,15,4,216
17.5,9,15,5,217
17.5,9,15,6,218
17.5,9,15,7,219
17.5,9,15,8,220
17.5,9,15,9,221
17.5,9,15,10,222
17.5,9,15,11,223
17.5,9,15,12,224
17.5,9,15,13,225
17.5,9,15,14,226
17.5,9,15,15,227
17.5,10,0,0,198
17.5,10,0,1,199
17.5,10,0,2,200
17.5,10,0,3,201
17.5,10,0,4,202
17.5,10,0,5,203
17.5,10,0,6,204
17.5,10,0,7,204
17.5,10,0,8,205
17.5,10,0,9,206
17.5,10,0,10,207
17.5,10,0,11,208
17.5,10,0,12,209
17.5,10,0,13,210
17.5,10,0,14,211
17.5,10,0,15,212
17.5,10,1,0,199
17.5,10,1,1,200
17.5,10,1,2,201
17.5,10,1,3,202
17.5,10,1,4,203
17.5,10,1,5,204
17.5,10,1,6,205
17.5,10,1,7,206
17.5,10,1,8,207
17.5,10,1,9,208
17.5,10,1,10,209
17.5,10,1,11,209
17.5,10,1,12,210
17.5,10,1,13,211
17.5,10,1,14,212
17.5,10,1,15,213
17.5,10,2,0,200
17.5,10,2,1,201
17.5,10,2,2,202
17.5,10,2,3,203
17.5,10,2,4,204
17.5,10,2,5,205
17.5,10,2,6,206
17.5,10,2,7,207
17.5,10,2,8,208
17.5,10,2,9,209
17.5,10,2,10,210
17.5,10,2,11,211
17.5,10,2,12,212
17.5,10,2,13,213
17.5,10,2,14,213
17.5,10,2,15,214
17.5,10,3,0,201
17.5,10,3,1,202
17.5,10,3,2,203
17.5,10,3,3,204
17.5,10,3,4,205
17.5,10,3,5,206
17.5,10,3,6,207
17.5,10,3,7,208
17.5,10,3,8,209
17.5,10,3,9,210
17.5,10,3,10,211
17.5,10,3,11,212
17.5,10,3,12,213
17.5,10,3,13,214
17.5,10,3,14,215
17.5,10,3,15,216
17.5,10,4,0,202
17.5,10,4,1,203
17.5,10,4,2,204
17.5,10,4,3,205
17.5,10,4,4,206
17.5,10,4,5,207
17.5,10,4,6,208
17.5,10,4,7,209
17.5,10,4,8,210
17.5,10,4,9,211
17.5,10,4,10,212
17.5,10,4,11,213
17.5,10,4,12,214
17.5,10,4,13,215
17.5,10,4,14,216
17.5,10,4,15,217
17.5,10,5,0,204
17.5,10,5,1,205
17.5,10,5,2,206
17.5,10,5,3,207
17.5,10,5,4,208
17.5,10,5,5,209
17.5,10,5,6,210
17.5,10,5,7,211
17.5,10,5,8,212
17.5,10,5,9,212
17.5,10,5,10,213
17.5,10,5,11,214
17.5,10,5,12,215
17.5,10,5,13,216
17.5,10,5,14,217
17.5,10,5,15,218
17.5,10,6,0,205
17.5,10,6,1,206
17.5,10,6,2,207
17.5,10,6,3,208
17.5,10,6,4,209
17.5,10,6,5,210
17.5,10,6,6,211
17.5,10,6,7,212
17.5,10,6,8,213
17.5,10,6,9,214
17.5,10,6,10,215
17.5,10,6,11,216
17.5,10,6,12,217
17.5,10,6,13,217
17.5,10,6,14,218
17.5,10,6,15,219
17.5,10,7,0,206
17.5,10,7,1,207
17.5,10,7,2,208
17.5,10,7,3,209
17.5,10,7,4,210
17.5,10,7,5,211
17.5,10,7,6,212
17.5,10,7,7,213
17.5,10,7,8,214
17.5,10,7,9,215
17.5,10,7,10,216
17.5,10,7,11,217
17.5,10,7,12,218
17.5,10,7,13,219
17.5,10,7,14,220
17.5,10,7,15,221
17.5,10,8,0,207
17.5,10,8,1,208
17.5,10,8,2,209
17.5,10,8,3,210
17.5,10,8,4,211
17.5,10,8,5,212
17.5,10,8,6,213
17.5,10,8,7,214
17.5,10,8,8,215
17.5,10,8,9,216
17.5,10,8,10,217
17.5,10,8,11,218
17.5,10,8,12,219
17.5,10,8,13,220
17.5,10,8,14,221
17.5,10,8,15,222
17.5,10,9,0,208
17.5,10,9,1,209
17.5,10,9,2,210
17.5,10,9,3,211
17.5,10,9,4,212
17.5,10,9,5,213
17.5,10,9,6,214
17.5,10,9,7,215
17.5,10,9,8,216
17.5,10,9,9,217
17.5,10,9,10,218
17.5,10,9,11,219
17.5,10,9,12,220
17.5,10,9,13,221
17.5,10,9,14,222
17.5,10,9,15,223
17.5,10,10,0,209
17.5,10,10,1,210
17.5,10,10,2,211
17.5,10,10,3,212
17.5,10,10,4,213
17.5,10,10,5,214
17.5,10,10,6,215
17.5,10,10,7,216
17.5,10,10,8,217
17.5,10,10,9,218
17.5,10,10,10,219
17.5,10,10,11,220
17.5,10,10,12,221
17.5,10,10,13,222
17.5,10,10,14,223
17.5,10,10,15,224
17.5,10,11,0,210
17.5,10,11,1,212
17.5,10,11,2,213
17.5,10,11,3,214
17.5,10,11,4,215
17.5,10,11,5,216
17.5,10,11,6,217
17.5,10,11,7,218
17.5,10,11,8,219
17.5,10,11,9,220
17.5,10,11,10,221
17.5,10,11,11,222
17.5,10,11,12,223
17.5,10,11,13,224
17.5,10,11,14,225
17.5,10,11,15,225
17.5,10,12,0,212
17.5,10,12,1,213
17.5,10,12,2,214
17.5,10,12,3,215
17.5,10,12,4,216
17.5,10,12,5,217
17.5,10,12,6,218
17.5,10,12,7,219
17.5,10,12,8,220
17.5,10,12,9,221
17.5,10,12,10,222
17.5,10,12,11,223
17.5,10,12,12,224
17.5,10,12,13,225
17.5,10,12,14,226
17.5,10,12,15,227
17.5,10,13,0,213
17.5,10,13,1,214
17.5,10,13,2,215
17.5,10,13,3,216
17.5,10,13,4,217
17.5,10,13,5,218
17.5,10,13,6,219
17.5,10,13,7,220
17.5,10,13,8,221
17.5,10,13,9,222
17.5,10,13,10,223
17.5,10,13,11,224
17.5,10,13,12,225
17.5,10,13,13,226
17.5,10,13,14,227
17.5,10,13,15,228
17.5,10,14,0,214
17.5,10,14,1,215
17.5,10,14,2,216
17.5,10,14,3,217
17.5,10,14,4,218
17.5,10,14,5,219
17.5,10,14,6,220
17.5,10,14,7,221
17.5,10,14,8,222
17.5,10,14,9,223
17.5,10,14,10,224
17.5,10,14,11,225
17.5,10,14,12,226
17.5,10,14,13,227
17.5,10,14,14,228
17.5,10,14,15,229
17.5,10,15,0,215
17.5,10,15,1,216
17.5,10,15,2,217
17.5,10,15,3,218
17.5,10,15,4,219
17.5,10,15,5,220
17.5,10,15,6,221
17.5,10,15,7,222
17.5,10,15,8,223
17.5,10,15,9,224
17.5,10,15,10,225
17.5,10,15,11,226
17.5,10,15,12,227
17.5,10,15,13,228
17.5,10,15,14,229
17.5,10,15,15,230
17.5,11,0,0,201
17.5,11,0,1,202
17.5,11,0,2,203
17.5,11,0,3,204
17.5,11,0,4,205
17.5,11,0,5,206
17.5,11,0,6,206
17.5,11,0,7,207
17.5,11,0,8,208
17.5,11,0,9,209
17.5,11,0,10,210
17.5,11,0,11,211
17.5,11,0,12,212
17.5,11,0,13,213
17.5,11,0,14,214
17.5,11,0,15,215
17.5,11,1,0,202
17.5,11,1,1,203
17.5,11,1,2,204
17.5,11,1,3,205
17.5,11,1,4,206
17.5,11,1,5,207
17.5,11,1,6,208
17.5,11,1,7,209
17.5,11,1,8,210
17.5,11,1,9,211
17.5,11,1,10,212
17.5,11,1,11,212
17.5,11,1,12,213
17.5,11,1,13,214
17.5,11,1,14,215
17.5,11,1,15,216
17.5,11,2,0,203
17.5,11,2,1,204
17.5,11,2,2,205
17.5,11,2,3,206
17.5,11,2,4,207
17.5,11,2,5,208
17.5,11,2,6,209
17.5,11,2,7,210
17.5,11,2,8,211
17.5,11,2,9,212
17.5,11,2,10,213
17.5,11,2,11,214
17.5,11,2,12,215
17.5,11,2,13,216
17.5,11,2,14,217
17.5,11,2,15,218
17.5,11,3,0,204
17.5,11,3,1,205
17.5,11,3,2,206
17.5,11,3,3,207
17.5,11,3,4,208
17.5,11,3,5,209
17.5,11,3,6,210
17.5,11,3,7,211
17.5,11,3,8,212
17.5,11,3,9,213
17.5,11,3,10,214
17.5,11,3,11,215
17.5,11,3,12,216
17.5,11,3,13,217
17.5,11,3,14,218
17.5,11,3,15,219
17.5,11,4,0,205
17.5,11,4,1,206
17.5,11,4,2,207
17.5,11,4,3,208
17.5,11,4,4,209
17.5,11,4,5,210
17.5,11,4,6,211
17.5,11,4,7,212
17.5,11,4,8,213
17.5,11,4,9,214
17.5,11,4,10,215
17.5,11,4,11,216
17.5,11,4,12,217
17.5,11,4,13,218
17.5,11,4,14,219
17.5,11,4,15,220
17.5,11,5,0,207
17.5,11,5,1,208
17.5,11,5,2,209
17.5,11,5,3,210
17.5,11,5,4,211
17.5,11,5,5,212
17.5,11,5,6,213
17.5,11,5,7,214
17.5,11,5,8,215
17.5,11,5,9,216
17.5,11,5,10,217
17.5,11,5,11,217
17.5,11,5,12,218
17.5,11,5,13,219
17.5,11,5,14,220
17.5,11,5,15,221
17.5,11,6,0,208
17.5,11,6,1,209
17.5,11,6,2,210
17.5,11,6,3,211
17.5,11,6,4,212
17.5,11,6,5,213
17.5,11,6,6,214
17.5,11,6,7,215
17.5,11,6,8,216
17.5,11,6,9,217
17.5,11,6,10,218
17.5,11,6,11,219
17.5,11,6,12,220
17.5,11,6,13,221
17.5,11,6,14,222
17.5,11,6,15,223
17.5,11,7,0,209
17.5,11,7,1,210
17.5,11,7,2,211
17.5,11,7,3,212
17.5,11,7,4,213
17.5,11,7,5,214
17.5,11,7,6,215
17.5,11,7,7,216
17.5,11,7,8,217
17.5,11,7,9,218
17.5,11,7,10,219
17.5,11,7,11,220
17.5,11,7,12,221
17.5,11,7,13,222
17.5,11,7,14,223
17.5,11,7,15,224
17.5,11,8,0,210
17.5,11,8,1,211
17.5,11,8,2,212
17.5,11,8,3,213
17.5,11,8,4,214
17.5,11,8,5,215
17.5,11,8,6,216
17.5,11,8,7,217
17.5,11,8,8,218
17.5,11,8,9,219
17.5,11,8,10,220
17.5,11,8,11,221
17.5,11,8,12,222
17.5,11,8,13,223
17.5,11,8,14,224
17.5,11,8,15,225
17.5,11,9,0,211
17.5,11,9,1,212
17.5,11,9,2,213
17.5,11,9,3,214
17.5,11,9,4,215
17.5,11,9,5,216
17.5,11,9,6,217
17.5,11,9,7,218
17.5,11,9,8,219
17.5,11,9,9,220
17.5,11,9,10,221
17.5,11,9,11,222
17.5,11,9,12,223
17.5,11,9,13,224
17.5,11,9,14,225
17.5,11,9,15,226
17.5,11,10,0,212
17.5,11,10,1,213
17.5,11,10,2,214
17.5,11,10,3,216
17.5,11,10,4,217
17.5,11,10,5,218
17.5,11,10,6,219
17.5,11,10,7,220
17.5,11,10,8,221
17.5,11,10,9,222
17.5,11,10,10,223
17.5,11,10,11,224
17.5,11,10,12,225
17.5,11,10,13,226
17.5,11,10,14,227
17.5,11,10,15,228
17.5,11,11,0,214
17.5,11,11,1,215
17.5,11,11,2,216
17.5,11,11,3,217
17.5,11,11,4,218
17.5,11,11,5,219
17.5,11,11,6,220
17.5,11,11,7,221
17.5,11,11,8,222
17.5,11,11,9,223
17.5,11,11,10,224
17.5,11,11,11,225
17.5,11,11,12,226
17.5,11,11,13,227
17.5,11,11,14,228
17.5,11,11,15,229
17.5,11,12,0,215
17.5,11,12,1,216
17.5,11,12,2,217
17.5,11,12,3,218
17.5,11,12,4,219
17.5,11,12,5,220
17.5,11,12,6,221
17.5,11,12,7,222
17.5,11,12,8,223
17.5,11,12,9,224
17.5,11,12,10,225
17.5,11,12,11,226
17.5,11,12,12,227
17.5,11,12,13,228
17.5,11,12,14,229
17.5,11,12,15,230
17.5,11,13,0,216
17.5,11,13,1,217
17.5,11,13,2,218
17.5,11,13,3,219
17.5,11,13,4,220
17.5,11,13,5,221
17.5,11,13,6,222
17.5,11,13,7,223
17.5,11,13,8,224
17.5,11,13,9,225
17.5,11,13,10,226
17.5,11,13,11,227
17.5,11,13,12,228
17.5,11,13,13,229
17.5,11,13,14,230
17.5,11,13,15,231
17.5,11,14,0,217
17.5,11,14,1,218
17.5,11,14,2,219
17.5,11,14,3,220
17.5,11,14,4,221
17.5,11,14,5,222
17.5,11,14,6,223
17.5,11,14,7,224
17.5,11,14,8,225
17.5,11,14,9,226
17.5,11,14,10,227
17.5,11,14,11,228
17.5,11,14,12,229
17.5,11,14,13,230
17.5,11,14,14,231
17.5,11,14,15,232
17.5,11,15,0,218
17.5,11,15,1,219
17.5,11,15,2,220
17.5,11,15,3,221
17.5,11,15,4,222
17.5,11,15,5,223
17.5,11,15,6,224
17.5,11,15,7,225
17.5,11,15,8,226
17.5,11,15,9,227
17.5,11,15,10,229
17.5,11,15,11,230
17.5,11,15,12,231
17.5,11,15,13,232
17.5,11,15,14,233
17.5,11,15,15,234
17.5,12,0,0,204
17.5,12,0,1,205
17.5,12,0,2,206
17.5,12,0,3,206
17.5,12,0,4,207
17.5,12,0,5,208
17.5,12,0,6,209
17.5,12,0,7,210
17.5,12,0,8,211
17.5,12,0,9,212
17.5,12,0,10,213
17.5,12,0,11,214
17.5,12,0,12,215
17.5,12,0,13,216
17.5,12,0,14,217
17.5,12,0,15,218
17.5,12,1,0,205
17.5,12,1,1,206
17.5,12,1,2,207
17.5,12,1,3,208
17.5,12,1,4,209
17.5,12,1,5,210
17.5,12,1,6,211
17.5,12,1,7,212
17.5,12,1,8,213
17.5,12,1,9,214
17.5,12,1,10,215
17.5,12,1,11,216
17.5,12,1,12,216
17.5,12,1,13,217
17.5,12,1,14,218
17.5,12,1,15,219
17.5,12,2,0,206
17.5,12,2,1,207
17.5,12,2,2,208
17.5,12,2,3,209
17.5,12,2,4,210
17.5,12,2,5,211
17.5,12,2,6,212
17.5,12,2,7,213
17.5,12,2,8,214
17.5,12,2,9,215
17.5,12,2,10,216
17.5,12,2,11,217
17.5,12,2,12,218
17.5,12,2,13,219
17.5,12,2,14,220
17.5,12,2,15,221
17.5,12,3,0,207
17.5,12,3,1,208
17.5,12,3,2,209
17.5,12,3,3,210
17.5,12,3,4,211
17.5,12,3,5,212
17.5,12,3,6,213
17.5,12,3,7,214
17.5,12,3,8,215
17.5,12,3,9,216
17.5,12,3,10,217
17.5,12,3,11,218
17.5,12,3,12,219
17.5,12,3,13,220
17.5,12,3,14,221
17.5,12,3,15,222
17.5,12,4,0,208
17.5,12,4,1,209
17.5,12,4,2,210
17.5,12,4,3,211
17.5,12,4,4,212
17.5,12,4,5,213
17.5,12,4,6,214
17.5,12,4,7,215
17.5,12,4,8,216
17.5,12,4,9,217
17.5,12,4,10,218
17.5,12,4,11,219
17.5,12,4,12,220
17.5,12,4,13,221
17.5,12,4,14,222
17.5,12,4,15,223
17.5,12,5,0,210
17.5,12,5,1,211
17.5,12,5,2,212
17.5,12,5,3,213
17.5,12,5,4,214
17.5,12,5,5,215
17.5,12,5,6,216
17.5,12,5,7,217
17.5,12,5,8,218
17.5,12,5,9,219
17.5,12,5,10,220
17.5,12,5,11,221
17.5,12,5,12,222
17.5,12,5,13,223
17.5,12,5,14,224
17.5,12,5,15,224
17.5,12,6,0,211
17.5,12,6,1,212
17.5,12,6,2,213
17.5,12,6,3,214
17.5,12,6,4,215
17.5,12,6,5,216
17.5,12,6,6,217
17.5,12,6,7,218
17.5,12,6,8,219
17.5,12,6,9,220
17.5,12,6,10,221
17.5,12,6,11,222
17.5,12,6,12,223
17.5,12,6,13,224
17.5,12,6,14,225
17.5,12,6,15,226
17.5,12,7,0,212
17.5,12,7,1,213
17.5,12,7,2,214
17.5,12,7,3,215
17.5,12,7,4,216
17.5,12,7,5,217
17.5,12,7,6,218
17.5,12,7,7,219
17.5,12,7,8,220
17.5,12,7,9,221
17.5,12,7,10,222
17.5,12,7,11,223
17.5,12,7,12,224
17.5,12,7,13,225
17.5,12,7,14,226
17.5,12,7,15,227
17.5,12,8,0,213
17.5,12,8,1,214
17.5,12,8,2,215
17.5,12,8,3,216
17.5,12,8,4,217
17.5,12,8,5,218
17.5,12,8,6,219
17.5,12,8,7,220
17.5,12,8,8,221
17.5,12,8,9,222
17.5,12,8,10,223
17.5,12,8,11,224
17.5,12,8,12,225
17.5,12,8,13,226
17.5,12,8,14,227
17.5,12,8,15,228
17.5,12,9,0,214
17.5,12,9,1,215
17.5,12,9,2,216
17.5,12,9,3,217
17.5,12,9,4,218
17.5,12,9,5,219
17.5,12,9,6,221
17.5,12,9,7,222
17.5,12,9,8,223
17.5,12,9,9,224
17.5,12,9,10,225
17.5,12,9,11,226
17.5,12,9,12,227
17.5,12,9,13,228
17.5,12,9,14,229
17.5,12,9,15,230
17.5,12,10,0,215
17.5,12,10,1,217
17.5,12,10,2,218
17.5,12,10,3,219
17.5,12,10,4,220
17.5,12,10,5,221
17.5,12,10,6,222
17.5,12,10,7,223
17.5,12,10,8,224
17.5,12,10,9,225
17.5,12,10,10,226
17.5,12,10,11,227
17.5,12,10,12,228
17.5,12,10,13,229
17.5,12,10,14,230
17.5,12,10,15,231
17.5,12,11,0,217
17.5,12,11,1,218
17.5,12,11,2,219
17.5,12,11,3,220
17.5,12,11,4,221
17.5,12,11,5,222
17.5,12,11,6,223
17.5,12,11,7,224
17.5,12,11,8,225
17.5,12,11,9,226
17.5,12,11,10,227
17.5,12,11,11,228
17.5,12,11,12,229
17.5,12,11,13,230
17.5,12,11,14,231
17.5,12,11,15,232
17.5,12,12,0,218
17.5,12,12,1,219
17.5,12,12,2,220
17.5,12,12,3,221
17.5,12,12,4,222
17.5,12,12,5,223
17.5,12,12,6,224
17.5,12,12,7,225
17.5,12,12,8,226
17.5,12,12,9,227
17.5,12,12,10,228
17.5,12,12,11,229
17.5,12,12,12,230
17.5,12,12,13,231
17.5,12,12,14,232
17.5,12,12,15,233
17.5,12,13,0,219
17.5,12,13,1,220
17.5,12,13,2,221
17.5,12,13,3,222
17.5,12,13,4,223
17.5,12,13,5,224
17.5,12,13,6,225
17.5,12,13,7,226
17.5,12,13,8,227
17.5,12,13,9,228
17.5,12,13,10,229
17.5,12,13,11,230
17.5,12,13,12,231
17.5,12,13,13,232
17.5,12,13,14,233
17.5,12,13,15,234
17.5,12,14,0,220
17.5,12,14,1,221
17.5,12,14,2,222
17.5,12,14,3,223
17.5,12,14,4,224
17.5,12,14,5,225
17.5,12,14,6,226
17.5,12,14,7,227
17.5,12,14,8,229
17.5,12,14,9,230
17.5,12,14,10,231
17.5,12,14,11,232
17.5,12,14,12,233
17.5,12,14,13,234
17.5,12,14,14,235
17.5,12,14,15,236
17.5,12,15,0,221
17.5,12,15,1,222
17.5,12,15,2,223
17.5,12,15,3,224
17.5,12,15,4,225
17.5,12,15,5,227
17.5,12,15,6,228
17.5,12,15,7,229
17.5,12,15,8,230
17.5,12,15,9,231
17.5,12,15,10,232
17.5,12,15,11,233
17.5,12,15,12,234
17.5,12,15,13,235
17.5,12,15,14,236
17.5,12,15,15,237
17.5,13,0,0,206
17.5,13,0,1,207
17.5,13,0,2,208
17.5,13,0,3,209
17.5,13,0,4,210
17.5,13,0,5,211
17.5,13,0,6,212
17.5,13,0,7,213
17.5,13,0,8,214
17.5,13,0,9,215
17.5,13,0,10,216
17.5,13,0,11,217
17.5,13,0,12,218
17.5,13,0,13,219
17.5,13,0,14,220
17.5,13,0,15,221
17.5,13,1,0,208
17.5,13,1,1,209
17.5,13,1,2,210
17.5,13,1,3,211
17.5,13,1,4,212
17.5,13,1,5,213
17.5,13,1,6,214
17.5,13,1,7,215
17.5,13,1,8,216
17.5,13,1,9,217
17.5,13,1,10,218
17.5,13,1,11,219
17.5,13,1,12,220
17.5,13,1,13,220
17.5,13,1,14,221
17.5,13,1,15,222
17.5,13,2,0,209
17.5,13,2,1,210
17.5,13,2,2,211
17.5,13,2,3,212
17.5,13,2,4,213
17.5,13,2,5,214
17.5,13,2,6,215
17.5,13,2,7,216
17.5,13,2,8,217
17.5,13,2,9,218
17.5,13,2,10,219
17.5,13,2,11,220
17.5,13,2,12,221
17.5,13,2,13,222
17.5,13,2,14,223
17.5,13,2,15,224
17.5,13,3,0,210
17.5,13,3,1,211
17.5,13,3,2,212
17.5,13,3,3,213
17.5,13,3,4,214
17.5,13,3,5,215
17.5,13,3,6,216
17.5,13,3,7,217
17.5,13,3,8,218
17.5,13,3,9,219
17.5,13,3,10,220
17.5,13,3,11,221
17.5,13,3,12,222
17.5,13,3,13,223
17.5,13,3,14,224
17.5,13,3,15,225
17.5,13,4,0,211
17.5,13,4,1,212
17.5,13,4,2,213
17.5,13,4,3,214
17.5,13,4,4,215
17.5,13,4,5,216
17.5,13,4,6,217
17.5,13,4,7,218
17.5,13,4,8,219
17.5,13,4,9,220
17.5,13,4,10,221
17.5,13,4,11,222
17.5,13,4,12,223
17.5,13,4,13,224
17.5,13,4,14,225
17.5,13,4,15,226
17.5,13,5,0,213
17.5,13,5,1,214
17.5,13,5,2,215
17.5,13,5,3,216
17.5,13,5,4,217
17.5,13,5,5,218
17.5,13,5,6,219
17.5,13,5,7,220
17.5,13,5,8,221
17.5,13,5,9,222
17.5,13,5,10,223
17.5,13,5,11,224
17.5,13,5,12,225
17.5,13,5,13,226
17.5,13,5,14,227
17.5,13,5,15,228
17.5,13,6,0,214
17.5,13,6,1,215
17.5,13,6,2,216
17.5,13,6,3,217
17.5,13,6,4,218
17.5,13,6,5,219
17.5,13,6,6,220
17.5,13,6,7,221
17.5,13,6,8,222
17.5,13,6,9,223
17.5,13,6,10,224
17.5,13,6,11,225
17.5,13,6,12,226
17.5,13,6,13,227
17.5,13,6,14,228
17.5,13,6,15,229
17.5,13,7,0,215
17.5,13,7,1,216
17.5,13,7,2,217
17.5,13,7,3,218
17.5,13,7,4,219
17.5,13,7,5,220
17.5,13,7,6,221
17.5,13,7,7,222
17.5,13,7,8,223
17.5,13,7,9,224
17.5,13,7,10,225
17.5,13,7,11,226
17.5,13,7,12,227
17.5,13,7,13,228
17.5,13,7,14,229
17.5,13,7,15,230
17.5,13,8,0,216
17.5,13,8,1,217
17.5,13,8,2,218
17.5,13,8,3,219
17.5,13,8,4,220
17.5,13,8,5,221
17.5,13,8,6,222
17.5,13,8,7,223
17.5,13,8,8,224
17.5,13,8,9,225
17.5,13,8,10,226
17.5,13,8,11,228
17.5,13,8,12,229
17.5,13,8,13,230
17.5,13,8,14,231
17.5,13,8,15,232
17.5,13,9,0,217
17.5,13,9,1,218
17.5,13,9,2,219
17.5,13,9,3,220
17.5,13,9,4,222
17.5,13,9,5,223
17.5,13,9,6,224
17.5,13,9,7,225
17.5,13,9,8,226
17.5,13,9,9,227
17.5,13,9,10,228
17.5,13,9,11,229
17.5,13,9,12,230
17.5,13,9,13,231
17.5,13,9,14,232
17.5,13,9,15,233
17.5,13,10,0,218
17.5,13,10,1,220
17.5,13,10,2,221
17.5,13,10,3,222
17.5,13,10,4,223
17.5,13,10,5,224
17.5,13,10,6,225
17.5,13,10,7,226
17.5,13,10,8,227
17.5,13,10,9,228
17.5,13,10,10,229
17.5,13,10,11,230
17.5,13,10,12,231
17.5,13,10,13,232
17.5,13,10,14,233
17.5,13,10,15,234
17.5,13,11,0,220
17.5,13,11,1,221
17.5,13,11,2,222
17.5,13,11,3,223
17.5,13,11,4,224
17.5,13,11,5,225
17.5,13,11,6,226
17.5,13,11,7,227
17.5,13,11,8,228
17.5,13,11,9,229
17.5,13,11,10,230
17.5,13,11,11,231
17.5,13,11,12,232
17.5,13,11,13,233
17.5,13,11,14,234
17.5,13,11,15,235
17.5,13,12,0,221
17.5,13,12,1,222
17.5,13,12,2,223
17.5,13,12,3,224
17.5,13,12,4,225
17.5,13,12,5,226
17.5,13,12,6,227
17.5,13,12,7,228
17.5,13,12,8,229
17.5,13,12,9,230
17.5,13,12,10,231
17.5,13,12,11,232
17.5,13,12,12,233
17.5,13,12,13,235
17.5,13,12,14,236
17.5,13,12,15,237
17.5,13,13,0,222
17.5,13,13,1,223
17.5,13,13,2,224
17.5,13,13,3,225
17.5,13,13,4,226
17.5,13,13,5,227
17.5,13,13,6,228
17.5,13,13,7,230
17.5,13,13,8,231
17.5,13,13,9,232
17.5,13,13,10,233
17.5,13,13,11,234
17.5,13,13,12,235
17.5,13,13,13,236
17.5,13,13,14,237
17.5,13,13,15,238
17.5,13,14,0,223
17.5,13,14,1,224
17.5,13,14,2,225
17.5,13,14,3,226
17.5,13,14,4,227
17.5,13,14,5,229
17.5,13,14,6,230
17.5,13,14,7,231
17.5,13,14,8,232
17.5,13,14,9,233
17.5,13,14,10,234
17.5,13,14,11,235
17.5,13,14,12,236
17.5,13,14,13,237
17.5,13,14,14,238
17.5,13,14,15,239
17.5,13,15,0,224
17.5,13,15,1,225
17.5,13,15,2,226
17.5,13,15,3,228
17.5,13,15,4,229
17.5,13,15,5,230
17.5,13,15,6,231
17.5,13,15,7,232
17.5,13,15,8,233
17.5,13,15,9,234
17.5,13,15,10,235
17.5,13,15,11,236
17.5,13,15,12,237
17.5,13,15,13,238
17.5,13,15,14,239
17.5,13,15,15,240
17.5,14,0,0,209
17.5,14,0,1,210
17.5,14,0,2,211
17.5,14,0,3,212
17.5,14,0,4,213
17.5,14,0,5,214
17.5,14,0,6,215
17.5,14,0,7,216
17.5,14,0,8,217
17.5,14,0,9,218
17.5,14,0,10,219
17.5,14,0,11,220
17.5,14,0,12,221
17.5,14,0,13,222
17.5,14,0,14,223
17.5,14,0,15,224
17.5,14,1,0,211
17.5,14,1,1,212
17.5,14,1,2,213
17.5,14,1,3,214
17.5,14,1,4,215
17.5,14,1,5,216
17.5,14,1,6,217
17.5,14,1,7,218
17.5,14,1,8,219
17.5,14,1,9,220
17.5,14,1,10,221
17.5,14,1,11,222
17.5,14,1,12,223
17.5,14,1,13,224
17.5,14,1,14,225
17.5,14,1,15,226
17.5,14,2,0,212
17.5,14,2,1,213
17.5,14,2,2,214
17.5,14,2,3,215
17.5,14,2,4,216
17.5,14,2,5,217
17.5,14,2,6,218
17.5,14,2,7,219
17.5,14,2,8,220
17.5,14,2,9,221
17.5,14,2,10,222
17.5,14,2,11,223
17.5,14,2,12,224
17.5,14,2,13,225
17.5,14,2,14,226
17.5,14,2,15,227
17.5,14,3,0,213
17.5,14,3,1,214
17.5,14,3,2,215
17.5,14,3,3,216
17.5,14,3,4,217
17.5,14,3,5,218
17.5,14,3,6,219
17.5,14,3,7,220
17.5,14,3,8,221
17.5,14,3,9,222
17.5,14,3,10,223
17.5,14,3,11,224
17.5,14,3,12,225
17.5,14,3,13,226
17.5,14,3,14,227
17.5,14,3,15,228
17.5,14,4,0,214
17.5,14,4,1,215
17.5,14,4,2,216
17.5,14,4,3,217
17.5,14,4,4,218
17.5,14,4,5,219
17.5,14,4,6,220
17.5,14,4,7,222
17.5,14,4,8,223
17.5,14,4,9,224
17.5,14,4,10,225
17.5,14,4,11,226
17.5,14,4,12,227
17.5,14,4,13,228
17.5,14,4,14,229
17.5,14,4,15,230
17.5,14,5,0,215
17.5,14,5,1,217
17.5,14,5,2,218
17.5,14,5,3,219
17.5,14,5,4,220
17.5,14,5,5,221
17.5,14,5,6,222
17.5,14,5,7,223
17.5,14,5,8,224
17.5,14,5,9,225
17.5,14,5,10,226
17.5,14,5,11,227
17.5,14,5,12,228
17.5,14,5,13,229
17.5,14,5,14,230
17.5,14,5,15,231
17.5,14,6,0,217
17.5,14,6,1,218
17.5,14,6,2,219
17.5,14,6,3,220
17.5,14,6,4,221
17.5,14,6,5,222
17.5,14,6,6,223
17.5,14,6,7,224
17.5,14,6,8,225
17.5,14,6,9,226
17.5,14,6,10,227
17.5,14,6,11,228
17.5,14,6,12,229
17.5,14,6,13,230
17.5,14,6,14,231
17.5,14,6,15,232
17.5,14,7,0,218
17.5,14,7,1,219
17.5,14,7,2,220
17.5,14,7,3,221
17.5,14,7,4,222
17.5,14,7,5,223
17.5,14,7,6,224
17.5,14,7,7,225
17.5,14,7,8,226
17.5,14,7,9,227
17.5,14,7,10,228
17.5,14,7,11,229
17.5,14,7,12,230
17.5,14,7,13,231
17.5,14,7,14,232
17.5,14,7,15,233
17.5,14,8,0,219
17.5,14,8,1,220
17.5,14,8,2,221
17.5,14,8,3,222
17.5,14,8,4,223
17.5,14,8,5,224
17.5,14,8,6,226
17.5,14,8,7,227
17.5,14,8,8,228
17.5,14,8,9,229
17.5,14,8,10,230
17.5,14,8,11,231
17.5,14,8,12,232
17.5,14,8,13,233
17.5,14,8,14,234
17.5,14,8,15,235
17.5,14,9,0,220
17.5,14,9,1,221
17.5,14,9,2,222
17.5,14,9,3,224
17.5,14,9,4,225
17.5,14,9,5,226
17.5,14,9,6,227
17.5,14,9,7,228
17.5,14,9,8,229
17.5,14,9,9,230
17.5,14,9,10,231
17.5,14,9,11,232
17.5,14,9,12,233
17.5,14,9,13,234
17.5,14,9,14,235
17.5,14,9,15,236
17.5,14,10,0,222
17.5,14,10,1,223
17.5,14,10,2,224
17.5,14,10,3,225
17.5,14,10,4,226
17.5,14,10,5,227
17.5,14,10,6,228
17.5,14,10,7,229
17.5,14,10,8,230
17.5,14,10,9,231
17.5,14,10,10,232
17.5,14,10,11,233
17.5,14,10,12,234
17.5,14,10,13,235
17.5,14,10,14,236
17.5,14,10,15,237
17.5,14,11,0,223
17.5,14,11,1,224
17.5,14,11,2,225
17.5,14,11,3,226
17.5,14,11,4,227
17.5,14,11,5,228
17.5,14,11,6,229
17.5,14,11,7,230
17.5,14,11,8,231
17.5,14,11,9,232
17.5,14,11,10,233
17.5,14,11,11,234
17.5,14,11,12,235
17.5,14,11,13,237
17.5,14,11,14,238
17.5,14,11,15,239
17.5,14,12,0,224
17.5,14,12,1,225
17.5,14,12,2,226
17.5,14,12,3,227
17.5,14,12,4,228
17.5,14,12,5,229
17.5,14,12,6,230
17.5,14,12,7,231
17.5,14,12,8,233
17.5,14,12,9,234
17.5,14,12,10,235
17.5,14,12,11,236
17.5,14,12,12,237
17.5,14,12,13,238
17.5,14,12,14,239
17.5,14,12,15,240
17.5,14,13,0,225
17.5,14,13,1,226
17.5,14,13,2,227
17.5,14,13,3,228
17.5,14,13,4,229
17.5,14,13,5,231
17.5,14,13,6,232
17.5,14,13,7,233
17.5,14,13,8,234
17.5,14,13,9,235
17.5,14,13,10,236
17.5,14,13,11,237
17.5,14,13,12,238
17.5,14,13,13,239
17.5,14,13,14,240
17.5,14,13,15,241
17.5,14,14,0,226
17.5,14,14,1,227
17.5,14,14,2,228
17.5,14,14,3,230
17.5,14,14,4,231
17.5,14,14,5,232
17.5,14,14,6,233
17.5,14,14,7,234
17.5,14,14,8,235
17.5,14,14,9,236
17.5,14,14,10,237
17.5,14,14,11,238
17.5,14,14,12,239
17.5,14,14,13,240
17.5,14,14,14,241
17.5,14,14,15,242
17.5,14,15,0,227
17.5,14,15,1,229
17.5,14,15,2,230
17.5,14,15,3,231
17.5,14,15,4,232
17.5,14,15,5,233
17.5,14,15,6,234
17.5,14,15,7,235
17.5,14,15,8,236
17.5,14,15,9,237
17.5,14,15,10,238
17.5,14,15,11,239
17.5,14,15,12,240
17.5,14,15,13,242
17.5,14,15,14,243
17.5,14,15,15,244
17.5,15,0,0,212
17.5,15,0,1,213
17.5,15,0,2,214
17.5,15,0,3,215
17.5,15,0,4,216
17.5,15,0,5,217
17.5,15,0,6,218
17.5,15,0,7,219
17.5,15,0,8,220
17.5,15,0,9,221
17.5,15,0,10,222
17.5,15,0,11,223
17.5,15,0,12,224
17.5,15,0,13,225
17.5,15,0,14,226
17.5,15,0,15,227
17.5,15,1,0,213
17.5,15,1,1,214
17.5,15,1,2,215
17.5,15,1,3,217
17.5,15,1,4,218
17.5,15,1,5,219
17.5,15,1,6,220
17.5,15,1,7,221
17.5,15,1,8,222
17.5,15,1,9,223
17.5,15,1,10,224
17.5,15,1,11,225
17.5,15,1,12,226
17.5,15,1,13,227
17.5,15,1,14,228
17.5,15,1,15,229
17.5,15,2,0,215
17.5,15,2,1,216
17.5,15,2,2,217
17.5,15,2,3,218
17.5,15,2,4,219
17.5,15,2,5,220
17.5,15,2,6,221
17.5,15,2,7,222
17.5,15,2,8,223
17.5,15,2,9,224
17.5,15,2,10,225
17.5,15,2,11,226
17.5,15,2,12,227
17.5,15,2,13,228
17.5,15,2,14,229
17.5,15,2,15,230
17.5,15,3,0,216
17.5,15,3,1,217
17.5,15,3,2,218
17.5,15,3,3,219
17.5,15,3,4,220
17.5,15,3,5,221
17.5,15,3,6,222
17.5,15,3,7,223
17.5,15,3,8,224
17.5,15,3,9,225
17.5,15,3,10,226
17.5,15,3,11,227
17.5,15,3,12,228
17.5,15,3,13,229
17.5,15,3,14,230
17.5,15,3,15,231
17.5,15,4,0,217
17.5,15,4,1,218
17.5,15,4,2,219
17.5,15,4,3,220
17.5,15,4,4,221
17.5,15,4,5,222
17.5,15,4,6,224
17.5,15,4,7,225
17.5,15,4,8,226
17.5,15,4,9,227
17.5,15,4,10,228
17.5,15,4,11,229
17.5,15,4,12,230
17.5,15,4,13,231
17.5,15,4,14,232
17.5,15,4,15,233
17.5,15,5,0,218
17.5,15,5,1,220
17.5,15,5,2,221
17.5,15,5,3,222
17.5,15,5,4,223
17.5,15,5,5,224
17.5,15,5,6,225
17.5,15,5,7,226
17.5,15,5,8,227
17.5,15,5,9,228
17.5,15,5,10,229
17.5,15,5,11,230
17.5,15,5,12,231
17.5,15,5,13,232
17.5,15,5,14,233
17.5,15,5,15,234
17.5,15,6,0,220
17.5,15,6,1,221
17.5,15,6,2,222
17.5,15,6,3,223
17.5,15,6,4,224
17.5,15,6,5,225
17.5,15,6,6,226
17.5,15,6,7,227
17.5,15,6,8,228
17.5,15,6,9,229
17.5,15,6,10,230
17.5,15,6,11,231
17.5,15,6,12,232
17.5,15,6,13,233
17.5,15,6,14,234
17.5,15,6,15,235
17.5,15,7,0,221
17.5,15,7,1,222
17.5,15,7,2,223
17.5,15,7,3,224
17.5,15,7,4,225
17.5,15,7,5,226
17.5,15,7,6,227
17.5,15,7,7,228
17.5,15,7,8,229
17.5,15,7,9,230
17.5,15,7,10,232
17.5,15,7,11,233
17.5,15,7,12,234
17.5,15,7,13,235
17.5,15,7,14,236
17.5,15,7,15,237
17.5,15,8,0,222
17.5,15,8,1,223
17.5,15,8,2,224
17.5,15,8,3,225
17.5,15,8,4,226
17.5,15,8,5,228
17.5,15,8,6,229
17.5,15,8,7,230
17.5,15,8,8,231
17.5,15,8,9,232
17.5,15,8,10,233
17.5,15,8,11,234
17.5,15,8,12,235
17.5,15,8,13,236
17.5,15,8,14,237
17.5,15,8,15,238
17.5,15,9,0,223
17.5,15,9,1,224
17.5,15,9,2,226
17.5,15,9,3,227
17.5,15,9,4,228
17.5,15,9,5,229
17.5,15,9,6,230
17.5,15,9,7,231
17.5,15,9,8,232
17.5,15,9,9,233
17.5,15,9,10,234
17.5,15,9,11,235
17.5,15,9,12,236
17.5,15,9,13,237
17.5,15,9,14,238
17.5,15,9,15,239
17.5,15,10,0,225
17.5,15,10,1,226
17.5,15,10,2,227
17.5,15,10,3,228
17.5,15,10,4,229
17.5,15,10,5,230
17.5,15,10,6,231
17.5,15,10,7,232
17.5,15,10,8,233
17.5,15,10,9,234
17.5,15,10,10,235
17.5,15,10,11,236
17.5,15,10,12,237
17.5,15,10,13,238
17.5,15,10,14,240
17.5,15,10,15,241
17.5,15,11,0,226
17.5,15,11,1,227
17.5,15,11,2,228
17.5,15,11,3,229
17.5,15,11,4,230
17.5,15,11,5,231
17.5,15,11,6,232
17.5,15,11,7,233
17.5,15,11,8,234
17.5,15,11,9,236
17.5,15,11,10,237
17.5,15,11,11,238
17.5,15,11,12,239
17.5,15,11,13,240
17.5,15,11,14,241
17.5,15,11,15,242
17.5,15,12,0,227
17.5,15,12,1,228
17.5,15,12,2,229
17.5,15,12,3,230
17.5,15,12,4,231
17.5,15,12,5,232
17.5,15,12,6,234
17.5,15,12,7,235
17.5,15,12,8,236
17.5,15,12,9,237
17.5,15,12,10,238
17.5,15,12,11,239
17.5,15,12,12,240
17.5,15,12,13,241
17.5,15,12,14,242
17.5,15,12,15,243
17.5,15,13,0,228
17.5,15,13,1,229
17.5,15,13,2,230
17.5,15,13,3,232
17.5,15,13,4,233
17.5,15,13,5,234
17.5,15,13,6,235
17.5,15,13,7,236
17.5,15,13,8,237
17.5,15,13,9,238
17.5,15,13,10,239
17.5,15,13,11,240
17.5,15,13,12,241
17.5,15,13,13,242
17.5,15,13,14,243
17.5,15,13,15,244
17.5,15,14,0,229
17.5,15,14,1,230
17.5,15,14,2,232
17.5,15,14,3,233
17.5,15,14,4,234
17.5,15,14,5,235
17.5,15,14,6,236
17.5,15,14,7,237
17.5,15,14,8,238
17.5,15,14,9,239
17.5,15,14,10,240
17.5,15,14,11,241
17.5,15,14,12,243
17.5,15,14,13,244
17.5,15,14,14,245
17.5,15,14,15,246
17.5,15,15,0,231
17.5,15,15,1,232
17.5,15,15,2,233
17.5,15,15,3,234
17.5,15,15,4,235
17.5,15,15,5,236
17.5,15,15,6,237
17.5,15,15,7,238
17.5,15,15,8,239
17.5,15,15,9,241
17.5,15,15,10,242
17.5,15,15,11,243
17.5,15,15,12,244
17.5,15,15,13,245
17.5,15,15,14,246
17.5,15,15,15,247
18.0,0,0,0,174
18.0,0,0,1,175
18.0,0,0,2,176
18.0,0,0,3,176
18.0,0,0,4,177
18.0,0,0,5,178
18.0,0,0,6,179
18.0,0,0,7,180
18.0,0,0,8,181
18.0,0,0,9,181
18.0,0,0,10,182
18.0,0,0,11,183
18.0,0,0,12,184
18.0,0,0,13,185
18.0,0,0,14,185
18.0,0,0,15,186
18.0,0,1,0,175
18.0,0,1,1,176
18.0,0,1,2,177
18.0,0,1,3,177
18.0,0,1,4,178
18.0,0,1,5,179
18.0,0,1,6,180
18.0,0,1,7,181
18.0,0,1,8,182
18.0,0,1,9,182
18.0,0,1,10,183
18.0,0,1,11,184
18.0,0,1,12,185
18.0,0,1,13,186
18.0,0,1,14,187
18.0,0,1,15,187
18.0,0,2,0,176
18.0,0,2,1,177
18.0,0,2,2,178
18.0,0,2,3,179
18.0,0,2,4,179
18.0,0,2,5,180
18.0,0,2,6,181
18.0,0,2,7,182
18.0,0,2,8,183
18.0,0,2,9,184
18.0,0,2,10,184
18.0,0,2,11,185
18.0,0,2,12,186
18.0,0,2,13,187
18.0,0,2,14,188
18.0,0,2,15,188
18.0,0,3,0,177
18.0,0,3,1,178
18.0,0,3,2,179
18.0,0,3,3,180
18.0,0,3,4,180
18.0,0,3,5,181
18.0,0,3,6,182
18.0,0,3,7,183
18.0,0,3,8,184
18.0,0,3,9,185
18.0,0,3,10,185
18.0,0,3,11,186
18.0,0,3,12,187
18.0,0,3,13,188
18.0,0,3,14,189
18.0,0,3,15,190
18.0,0,4,0,178
18.0,0,4,1,179
18.0,0,4,2,180
18.0,0,4,3,181
18.0,0,4,4,181
18.0,0,4,5,182
18.0,0,4,6,183
18.0,0,4,7,184
18.0,0,4,8,185
18.0,0,4,9,186
18.0,0,4,10,187
18.0,0,4,11,187
18.0,0,4,12,188
18.0,0,4,13,189
18.0,0,4,14,190
18.0,0,4,15,191
18.0,0,5,0,179
18.0,0,5,1,180
18.0,0,5,2,181
18.0,0,5,3,182
18.0,0,5,4,183
18.0,0,5,5,183
18.0,0,5,6,184
18.0,0,5,7,185
18.0,0,5,8,186
18.0,0,5,9,187
18.0,0,5,10,188
18.0,0,5,11,188
18.0,0,5,12,189
18.0,0,5,13,190
18.0,0,5,14,191
18.0,0,5,15,192
18.0,0,6,0,180
18.0,0,6,1,181
18.0,0,6,2,182
18.0,0,6,3,183
18.0,0,6,4,184
18.0,0,6,5,184
18.0,0,6,6,185
18.0,0,6,7,186
18.0,0,6,8,187
18.0,0,6,9,188
18.0,0,6,10,189
18.0,0,6,11,190
18.0,0,6,12,190
18.0,0,6,13,191
18.0,0,6,14,192
18.0,0,6,15,193
18.0,0,7,0,181
18.0,0,7,1,182
18.0,0,7,2,183
18.0,0,7,3,184
18.0,0,7,4,185
18.0,0,7,5,185
18.0,0,7,6,186
18.0,0,7,7,187
18.0,0,7,8,188
18.0,0,7,9,189
18.0,0,7,10,190
18.0,0,7,11,191
18.0,0,7,12,191
18.0,0,7,13,192
18.0,0,7,14,193
18.0,0,7,15,194
18.0,0,8,0,182
18.0,0,8,1,183
18.0,0,8,2,184
18.0,0,8,3,185
18.0,0,8,4,186
18.0,0,8,5,187
18.0,0,8,6,187
18.0,0,8,7,188
18.0,0,8,8,189
18.0,0,8,9,190
18.0,0,8,10,191
18.0,0,8,11,192
18.0,0,8,12,193
18.0,0,8,13,193
18.0,0,8,14,194
18.0,0,8,15,195
18.0,0,9,0,183
18.0,0,9,1,184
18.0,0,9,2,185
18.0,0,9,3,186
18.0,0,9,4,187
18.0,0,9,5,188
18.0,0,9,6,188
18.0,0,9,7,189
18.0,0,9,8,190
18.0,0,9,9,191
18.0,0,9,10,192
18.0,0,9,11,193
18.0,0,9,12,194
18.0,0,9,13,194
18.0,0,9,14,195
18.0,0,9,15,196
18.0,0,10,0,184
18.0,0,10,1,185
18.0,0,10,2,186
18.0,0,10,3,187
18.0,0,10,4,188
18.0,0,10,5,189
18.0,0,10,6,189
18.0,0,10,7,190
18.0,0,10,8,191
18.0,0,10,9,192
18.0,0,10,10,193
18.0,0,10,11,194
18.0,0,10,12,195
18.0,0,10,13,195
18.0,0,10,14,196
18.0,0,10,15,197
18.0,0,11,0,185
18.0,0,11,1,186
18.0,0,11,2,187
18.0,0,11,3,188
18.0,0,11,4,189
18.0,0,11,5,190
18.0,0,11,6,190
18.0,0,11,7,191
18.0,0,11,8,192
18.0,0,11,9,193
18.0,0,11,10,194
18.0,0,11,11,195
18.0,0,11,12,196
18.0,0,11,13,197
18.0,0,11,14,197
18.0,0,11,15,198
18.0,0,12,0,186
18.0,0,12,1,187
18.0,0,12,2,188
18.0,0,12,3,189
18.0,0,12,4,190
18.0,0,12,5,191
18.0,0,12,6,191
18.0,0,12,7,192
18.0,0,12,8,193
18.0,0,12,9,194
18.0,0,12,10,195
18.0,0,12,11,196
18.0,0,12,12,197
18.0,0,12,13,198
18.0,0,12,14,198
18.0,0,12,15,199
18.0,0,13,0,187
18.0,0,13,1,188
18.0,0,13,2,189
18.0,0,13,3,190
18.0,0,13,4,191
18.0,0,13,5,192
18.0,0,13,6,192
18.0,0,13,7,193
18.0,0,13,8,194
18.0,0,13,9,195
18.0,0,13,10,196
18.0,0,13,11,197
18.0,0,13,12,198
18.0,0,13,13,199
18.0,0,13,14,199
18.0,0,13,15,200
18.0,0,14,0,188
18.0,0,14,1,189
18.0,0,14,2,190
18.0,0,14,3,191
18.0,0,14,4,192
18.0,0,14,5,193
18.0,0,14,6,193
18.0,0,14,7,194
18.0,0,14,8,195
18.0,0,14,9,196
18.0,0,14,10,197
18.0,0,14,11,198
18.0,0,14,12,199
18.0,0,14,13,200
18.0,0,14,14,201
18.0,0,14,15,201
18.0,0,15,0,189
18.0,0,15,1,190
18.0,0,15,2,191
18.0,0,15,3,192
18.0,0,15,4,193
18.0,0,15,5,194
18.0,0,15,6,194
18.0,0,15,7,195
18.0,0,15,8,196
18.0,0,15,9,197
18.0,0,15,10,198
18.0,0,15,11,199
18.0,0,15,12,200
18.0,0,15,13,201
18.0,0,15,14,202
18.0,0,15,15,202
18.0,1,0,0,177
18.0,1,0,1,178
18.0,1,0,2,179
18.0,1,0,3,179
18.0,1,0,4,180
18.0,1,0,5,181
18.0,1,0,6,182
18.0,1,0,7,183
18.0,1,0,8,184
18.0,1,0,9,184
18.0,1,0,10,185
18.0,1,0,11,186
18.0,1,0,12,187
18.0,1,0,13,188
18.0,1,0,14,189
18.0,1,0,15,189
18.0,1,1,0,178
18.0,1,1,1,179
18.0,1,1,2,180
18.0,1,1,3,180
18.0,1,1,4,181
18.0,1,1,5,182
18.0,1,1,6,183
18.0,1,1,7,184
18.0,1,1,8,185
18.0,1,1,9,186
18.0,1,1,10,186
18.0,1,1,11,187
18.0,1,1,12,188
18.0,1,1,13,189
18.0,1,1,14,190
18.0,1,1,15,191
18.0,1,2,0,179
18.0,1,2,1,180
18.0,1,2,2,181
18.0,1,2,3,182
18.0,1,2,4,182
18.0,1,2,5,183
18.0,1,2,6,184
18.0,1,2,7,185
18.0,1,2,8,186
18.0,1,2,9,187
18.0,1,2,10,188
18.0,1,2,11,188
18.0,1,2,12,189
18.0,1,2,13,190
18.0,1,2,14,191
18.0,1,2,15,192
18.0,1,3,0,180
18.0,1,3,1,181
18.0,1,3,2,182
18.0,1,3,3,183
18.0,1,3,4,184
18.0,1,3,5,184
18.0,1,3,6,185
18.0,1,3,7,186
18.0,1,3,8,187
18.0,1,3,9,188
18.0,1,3,10,189
18.0,1,3,11,189
18.0,1,3,12,190
18.0,1,3,13,191
18.0,1,3,14,192
18.0,1,3,15,193
18.0,1,4,0,181
18.0,1,4,1,182
18.0,1,4,2,183
18.0,1,4,3,184
18.0,1,4,4,185
18.0,1,4,5,185
18.0,1,4,6,186
18.0,1,4,7,187
18.0,1,4,8,188
18.0,1,4,9,189
18.0,1,4,10,190
18.0,1,4,11,191
18.0,1,4,12,191
18.0,1,4,13,192
18.0,1,4,14,193
18.0,1,4,15,194
18.0,1,5,0,182
18.0,1,5,1,183
18.0,1,5,2,184
18.0,1,5,3,185
18.0,1,5,4,186
18.0,1,5,5,187
18.0,1,5,6,187
18.0,1,5,7,188
18.0,1,5,8,189
18.0,1,5,9,190
18.0,1,5,10,191
18.0,1,5,11,192
18.0,1,5,12,193
18.0,1,5,13,193
18.0,1,5,14,194
18.0,1,5,15,195
18.0,1,6,0,183
18.0,1,6,1,184
18.0,1,6,2,185
18.0,1,6,3,186
18.0,1,6,4,187
18.0,1,6,5,188
18.0,1,6,6,188
18.0,1,6,7,189
18.0,1,6,8,190
18.0,1,6,9,191
18.0,1,6,10,192
18.0,1,6,11,193
18.0,1,6,12,194
18.0,1,6,13,194
18.0,1,6,14,195
18.0,1,6,15,196
18.0,1,7,0,184
18.0,1,7,1,185
18.0,1,7,2,186
18.0,1,7,3,187
18.0,1,7,4,188
18.0,1,7,5,189
18.0,1,7,6,190
18.0,1,7,7,190
18.0,1,7,8,191
18.0,1,7,9,192
18.0,1,7,10,193
18.0,1,7,11,194
18.0,1,7,12,195
18.0,1,7,13,196
18.0,1,7,14,196
18.0,1,7,15,197
18.0,1,8,0,185
18.0,1,8,1,186
18.0,1,8,2,187
18.0,1,8,3,188
18.0,1,8,4,189
18.0,1,8,5,190
18.0,1,8,6,191
18.0,1,8,7,191
18.0,1,8,8,192
18.0,1,8,9,193
18.0,1,8,10,194
18.0,1,8,11,195
18.0,1,8,12,196
18.0,1,8,13,197
18.0,1,8,14,198
18.0,1,8,15,198
18.0,1,9,0,186
18.0,1,9,1,187
18.0,1,9,2,188
18.0,1,9,3,189
18.0,1,9,4,190
18.0,1,9,5,191
18.0,1,9,6,192
18.0,1,9,7,192
18.0,1,9,8,193
18.0,1,9,9,194
18.0,1,9,10,195
18.0,1,9,11,196
18.0,1,9,12,197
18.0,1,9,13,198
18.0,1,9,14,199
18.0,1,9,15,199
18.0,1,10,0,187
18.0,1,10,1,188
18.0,1,10,2,189
18.0,1,10,3,190
18.0,1,10,4,191
18.0,1,10,5,192
18.0,1,10,6,193
18.0,1,10,7,194
18.0,1,10,8,194
18.0,1,10,9,195
18.0,1,10,10,196
18.0,1,10,11,197
18.0,1,10,12,198
18.0,1,10,13,199
18.0,1,10,14,200
18.0,1,10,15,201
18.0,1,11,0,188
18.0,1,11,1,189
18.0,1,11,2,190
18.0,1,11,3,191
18.0,1,11,4,192
18.0,1,11,5,193
18.0,1,11,6,194
18.0,1,11,7,195
18.0,1,11,8,195
18.0,1,11,9,196
18.0,1,11,10,197
18.0,1,11,11,198
18.0,1,11,12,199
18.0,1,11,13,200
18.0,1,11,14,201
18.0,1,11,15,202
18.0,1,12,0,189
18.0,1,12,1,190
18.0,1,12,2,191
18.0,1,12,3,192
18.0,1,12,4,193
18.0,1,12,5,194
18.0,1,12,6,195
18.0,1,12,7,196
18.0,1,12,8,197
18.0,1,12,9,197
18.0,1,12,10,198
18.0,1,12,11,199
18.0,1,12,12,200
18.0,1,12,13,201
18.0,1,12,14,202
18.0,1,12,15,203
18.0,1,13,0,190
18.0,1,13,1,191
18.0,1,13,2,192
18.0,1,13,3,193
18.0,1,13,4,194
18.0,1,13,5,195
18.0,1,13,6,196
18.0,1,13,7,197
18.0,1,13,8,198
18.0,1,13,9,198
18.0,1,13,10,199
18.0,1,13,11,200
18.0,1,13,12,201
18.0,1,13,13,202
18.0,1,13,14,203
18.0,1,13,15,204
18.0,1,14,0,191
18.0,1,14,1,192
18.0,1,14,2,193
18.0,1,14,3,194
18.0,1,14,4,195
18.0,1,14,5,196
18.0,1,14,6,197
18.0,1,14,7,198
18.0,1,14,8,199
18.0,1,14,9,199
18.0,1,14,10,200
18.0,1,14,11,201
18.0,1,14,12,202
18.0,1,14,13,203
18.0,1,14,14,204
18.0,1,14,15,205
18.0,1,15,0,192
18.0,1,15,1,193
18.0,1,15,2,194
18.0,1,15,3,195
18.0,1,15,4,196
18.0,1,15,5,197
18.0,1,15,6,198
18.0,1,15,7,199
18.0,1,15,8,200
18.0,1,15,9,201
18.0,1,15,10,201
18.0,1,15,11,202
18.0,1,15,12,203
18.0,1,15,13,204
18.0,1,15,14,205
18.0,1,15,15,206
18.0,2,0,0,180
18.0,2,0,1,181
18.0,2,0,2,182
18.0,2,0,3,182
18.0,2,0,4,183
18.0,2,0,5,184
18.0,2,0,6,185
18.0,2,0,7,186
18.0,2,0,8,187
18.0,2,0,9,188
18.0,2,0,10,188
18.0,2,0,11,189
18.0,2,0,12,190
18.0,2,0,13,191
18.0,2,0,14,192
18.0,2,0,15,193
18.0,2,1,0,181
18.0,2,1,1,182
18.0,2,1,2,183
18.0,2,1,3,184
18.0,2,1,4,184
18.0,2,1,5,185
18.0,2,1,6,186
18.0,2,1,7,187
18.0,2,1,8,188
18.0,2,1,9,189
18.0,2,1,10,190
18.0,2,1,11,190
18.0,2,1,12,191
18.0,2,1,13,192
18.0,2,1,14,193
18.0,2,1,15,194
18.0,2,2,0,182
18.0,2,2,1,183
18.0,2,2,2,184
18.0,2,2,3,185
18.0,2,2,4,185
18.0,2,2,5,186
18.0,2,2,6,187
18.0,2,2,7,188
18.0,2,2,8,189
18.0,2,2,9,190
18.0,2,2,10,191
18.0,2,2,11,192
18.0,2,2,12,192
18.0,2,2,13,193
18.0,2,2,14,194
18.0,2,2,15,195
18.0,2,3,0,183
18.0,2,3,1,184
18.0,2,3,2,185
18.0,2,3,3,186
18.0,2,3,4,187
18.0,2,3,5,187
18.0,2,3,6,188
18.0,2,3,7,189
18.0,2,3,8,190
18.0,2,3,9,191
18.0,2,3,10,192
18.0,2,3,11,193
18.0,2,3,12,194
18.0,2,3,13,194
18.0,2,3,14,195
18.0,2,3,15,196
18.0,2,4,0,184
18.0,2,4,1,185
18.0,2,4,2,186
18.0,2,4,3,187
18.0,2,4,4,188
18.0,2,4,5,189
18.0,2,4,6,189
18.0,2,4,7,190
18.0,2,4,8,191
18.0,2,4,9,192
18.0,2,4,10,193
18.0,2,4,11,194
18.0,2,4,12,195
18.0,2,4,13,195
18.0,2,4,14,196
18.0,2,4,15,197
18.0,2,5,0,185
18.0,2,5,1,186
18.0,2,5,2,187
18.0,2,5,3,188
18.0,2,5,4,189
18.0,2,5,5,190
18.0,2,5,6,191
18.0,2,5,7,191
18.0,2,5,8,192
18.0,2,5,9,193
18.0,2,5,10,194
18.0,2,5,11,195
18.0,2,5,12,196
18.0,2,5,13,197
18.0,2,5,14,197
18.0,2,5,15,198
18.0,2,6,0,186
18.0,2,6,1,187
18.0,2,6,2,188
18.0,2,6,3,189
18.0,2,6,4,190
18.0,2,6,5,191
18.0,2,6,6,192
18.0,2,6,7,192
18.0,2,6,8,193
18.0,2,6,9,194
18.0,2,6,10,195
18.0,2,6,11,196
18.0,2,6,12,197
18.0,2,6,13,198
18.0,2,6,14,199
18.0,2,6,15,199
18.0,2,7,0,187
18.0,2,7,1,188
18.0,2,7,2,189
18.0,2,7,3,190
18.0,2,7,4,191
18.0,2,7,5,192
18.0,2,7,6,193
18.0,2,7,7,194
18.0,2,7,8,194
18.0,2,7,9,195
18.0,2,7,10,196
18.0,2,7,11,197
18.0,2,7,12,198
18.0,2,7,13,199
18.0,2,7,14,200
18.0,2,7,15,201
18.0,2,8,0,188
18.0,2,8,1,189
18.0,2,8,2,190
18.0,2,8,3,191
18.0,2,8,4,192
18.0,2,8,5,193
18.0,2,8,6,194
18.0,2,8,7,195
18.0,2,8,8,196
18.0,2,8,9,196
18.0,2,8,10,197
18.0,2,8,11,198
18.0,2,8,12,199
18.0,2,8,13,200
18.0,2,8,14,201
18.0,2,8,15,202
18.0,2,9,0,189
18.0,2,9,1,190
18.0,2,9,2,191
18.0,2,9,3,192
18.0,2,9,4,193
18.0,2,9,5,194
18.0,2,9,6,195
18.0,2,9,7,196
18.0,2,9,8,197
18.0,2,9,9,198
18.0,2,9,10,198
18.0,2,9,11,199
18.0,2,9,12,200
18.0,2,9,13,201
18.0,2,9,14,202
18.0,2,9,15,203
18.0,2,10,0,190
18.0,2,10,1,191
18.0,2,10,2,192
18.0,2,10,3,193
18.0,2,10,4,194
18.0,2,10,5,195
18.0,2,10,6,196
18.0,2,10,7,197
18.0,2,10,8,198
18.0,2,10,9,199
18.0,2,10,10,199
18.0,2,10,11,200
18.0,2,10,12,201
18.0,2,10,13,202
18.0,2,10,14,203
18.0,2,10,15,204
18.0,2,11,0,191
18.0,2,11,1,192
18.0,2,11,2,193
18.0,2,11,3,194
18.0,2,11,4,195
18.0,2,11,5,196
18.0,2,11,6,197
18.0,2,11,7,198
18.0,2,11,8,199
18.0,2,11,9,200
18.0,2,11,10,201
18.0,2,11,11,201
18.0,2,11,12,202
18.0,2,11,13,203
18.0,2,11,14,204
18.0,2,11,15,205
18.0,2,12,0,192
18.0,2,12,1,193
18.0,2,12,2,194
18.0,2,12,3,195
18.0,2,12,4,196
18.0,2,12,5,197
18.0,2,12,6,198
18.0,2,12,7,199
18.0,2,12,8,200
18.0,2,12,9,201
18.0,2,12,10,202
18.0,2,12,11,203
18.0,2,12,12,203
18.0,2,12,13,204
18.0,2,12,14,205
18.0,2,12,15,206
18.0,2,13,0,193
18.0,2,13,1,194
18.0,2,13,2,195
18.0,2,13,3,196
18.0,2,13,4,197
18.0,2,13,5,198
18.0,2,13,6,199
18.0,2,13,7,200
18.0,2,13,8,201
18.0,2,13,9,202
18.0,2,13,10,203
18.0,2,13,11,204
18.0,2,13,12,204
18.0,2,13,13,205
18.0,2,13,14,206
18.0,2,13,15,207
18.0,2,14,0,194
18.0,2,14,1,195
18.0,2,14,2,196
18.0,2,14,3,197
18.0,2,14,4,198
18.0,2,14,5,199
18.0,2,14,6,200
18.0,2,14,7,201
18.0,2,14,8,202
18.0,2,14,9,203
18.0,2,14,10,204
18.0,2,14,11,205
18.0,2,14,12,206
18.0,2,14,13,206
18.0,2,14,14,207
18.0,2,14,15,208
18.0,2,15,0,195
18.0,2,15,1,196
18.0,2,15,2,197
18.0,2,15,3,198
18.0,2,15,4,199
18.0,2,15,5,200
18.0,2,15,6,201
18.0,2,15,7,202
18.0,2,15,8,203
18.0,2,15,9,204
18.0,2,15,10,205
18.0,2,15,11,206
18.0,2,15,12,207
18.0,2,15,13,208
18.0,2,15,14,208
18.0,2,15,15,209
18.0,3,0,0,183
18.0,3,0,1,184
18.0,3,0,2,185
18.0,3,0,3,185
18.0,3,0,4,186
18.0,3,0,5,187
18.0,3,0,6,188
18.0,3,0,7,189
18.0,3,0,8,190
18.0,3,0,9,191
18.0,3,0,10,192
18.0,3,0,11,192
18.0,3,0,12,193
18.0,3,0,13,194
18.0,3,0,14,195
18.0,3,0,15,196
18.0,3,1,0,184
18.0,3,1,1,185
18.0,3,1,2,186
18.0,3,1,3,187
18.0,3,1,4,187
18.0,3,1,5,188
18.0,3,1,6,189
18.0,3,1,7,190
18.0,3,1,8,191
18.0,3,1,9,192
18.0,3,1,10,193
18.0,3,1,11,194
18.0,3,1,12,194
18.0,3,1,13,195
18.0,3,1,14,196
18.0,3,1,15,197
18.0,3,2,0,185
18.0,3,2,1,186
18.0,3,2,2,187
18.0,3,2,3,188
18.0,3,2,4,189
18.0,3,2,5,189
18.0,3,2,6,190
18.0,3,2,7,191
18.0,3,2,8,192
18.0,3,2,9,193
18.0,3,2,10,194
18.0,3,2,11,195
18.0,3,2,12,196
18.0,3,2,13,196
18.0,3,2,14,197
18.0,3,2,15,198
18.0,3,3,0,186
18.0,3,3,1,187
18.0,3,3,2,188
18.0,3,3,3,189
18.0,3,3,4,190
18.0,3,3,5,191
18.0,3,3,6,191
18.0,3,3,7,192
18.0,3,3,8,193
18.0,3,3,9,194
18.0,3,3,10,195
18.0,3,3,11,196
18.0,3,3,12,197
18.0,3,3,13,198
18.0,3,3,14,198
18.0,3,3,15,199
18.0,3,4,0,187
18.0,3,4,1,188
18.0,3,4,2,189
18.0,3,4,3,190
18.0,3,4,4,191
18.0,3,4,5,192
18.0,3,4,6,193
18.0,3,4,7,193
18.0,3,4,8,194
18.0,3,4,9,195
18.0,3,4,10,196
18.0,3,4,11,197
18.0,3,4,12,198
18.0,3,4,13,199
18.0,3,4,14,200
18.0,3,4,15,200
18.0,3,5,0,188
18.0,3,5,1,189
18.0,3,5,2,190
18.0,3,5,3,191
18.0,3,5,4,192
18.0,3,5,5,193
18.0,3,5,6,194
18.0,3,5,7,195
18.0,3,5,8,195
18.0,3,5,9,196
18.0,3,5,10,197
18.0,3,5,11,198
18.0,3,5,12,199
18.0,3,5,13,200
18.0,3,5,14,201
18.0,3,5,15,202
18.0,3,6,0,189
18.0,3,6,1,190
18.0,3,6,2,191
18.0,3,6,3,192
18.0,3,6,4,193
18.0,3,6,5,194
18.0,3,6,6,195
18.0,3,6,7,196
18.0,3,6,8,197
18.0,3,6,9,197
18.0,3,6,10,198
18.0,3,6,11,199
18.0,3,6,12,200
18.0,3,6,13,201
18.0,3,6,14,202
18.0,3,6,15,203
18.0,3,7,0,190
18.0,3,7,1,191
18.0,3,7,2,192
18.0,3,7,3,193
18.0,3,7,4,194
18.0,3,7,5,195
18.0,3,7,6,196
18.0,3,7,7,197
18.0,3,7,8,198
18.0,3,7,9,199
18.0,3,7,10,199
18.0,3,7,11,200
18.0,3,7,12,201
18.0,3,7,13,202
18.0,3,7,14,203
18.0,3,7,15,204
18.0,3,8,0,191
18.0,3,8,1,192
18.0,3,8,2,193
18.0,3,8,3,194
18.0,3,8,4,195
18.0,3,8,5,196
18.0,3,8,6,197
18.0,3,8,7,198
18.0,3,8,8,199
18.0,3,8,9,200
18.0,3,8,10,201
18.0,3,8,11,201
18.0,3,8,12,202
18.0,3,8,13,203
18.0,3,8,14,204
18.0,3,8,15,205
18.0,3,9,0,192
18.0,3,9,1,193
18.0,3,9,2,194
18.0,3,9,3,195
18.0,3,9,4,196
18.0,3,9,5,197
18.0,3,9,6,198
18.0,3,9,7,199
18.0,3,9,8,200
18.0,3,9,9,201
18.0,3,9,10,202
18.0,3,9,11,203
18.0,3,9,12,203
18.0,3,9,13,204
18.0,3,9,14,205
18.0,3,9,15,206
18.0,3,10,0,193
18.0,3,10,1,194
18.0,3,10,2,195
18.0,3,10,3,196
18.0,3,10,4,197
18.0,3,10,5,198
18.0,3,10,6,199
18.0,3,10,7,200
18.0,3,10,8,201
18.0,3,10,9,202
18.0,3,10,10,203
18.0,3,10,11,204
18.0,3,10,12,205
18.0,3,10,13,205
18.0,3,10,14,206
18.0,3,10,15,207
18.0,3,11,0,195
18.0,3,11,1,195
18.0,3,11,2,196
18.0,3,11,3,197
18.0,3,11,4,198
18.0,3,11,5,199
18.0,3,11,6,200
18.0,3,11,7,201
18.0,3,11,8,202
18.0,3,11,9,203
18.0,3,11,10,204
18.0,3,11,11,205
18.0,3,11,12,206
18.0,3,11,13,207
18.0,3,11,14,207
18.0,3,11,15,208
18.0,3,12,0,196
18.0,3,12,1,196
18.0,3,12,2,197
18.0,3,12,3,198
18.0,3,12,4,199
18.0,3,12,5,200
18.0,3,12,6,201
18.0,3,12,7,202
18.0,3,12,8,203
18.0,3,12,9,204
18.0,3,12,10,205
18.0,3,12,11,206
18.0,3,12,12,207
18.0,3,12,13,208
18.0,3,12,14,209
18.0,3,12,15,209
18.0,3,13,0,197
18.0,3,13,1,198
18.0,3,13,2,198
18.0,3,13,3,199
18.0,3,13,4,200
18.0,3,13,5,201
18.0,3,13,6,202
18.0,3,13,7,203
18.0,3,13,8,204
18.0,3,13,9,205
18.0,3,13,10,206
18.0,3,13,11,207
18.0,3,13,12,208
18.0,3,13,13,209
18.0,3,13,14,210
18.0,3,13,15,211
18.0,3,14,0,198
18.0,3,14,1,199
18.0,3,14,2,200
18.0,3,14,3,200
18.0,3,14,4,201
18.0,3,14,5,202
18.0,3,14,6,203
18.0,3,14,7,204
18.0,3,14,8,205
18.0,3,14,9,206
18.0,3,14,10,207
18.0,3,14,11,208
18.0,3,14,12,209
18.0,3,14,13,210
18.0,3,14,14,211
18.0,3,14,15,212
18.0,3,15,0,199
18.0,3,15,1,200
18.0,3,15,2,201
18.0,3,15,3,202
18.0,3,15,4,202
18.0,3,15,5,203
18.0,3,15,6,204
18.0,3,15,7,205
18.0,3,15,8,206
18.0,3,15,9,207
18.0,3,15,10,208
18.0,3,15,11,209
18.0,3,15,12,210
18.0,3,15,13,211
18.0,3,15,14,212
18.0,3,15,15,213
18.0,4,0,0,186
18.0,4,0,1,187
18.0,4,0,2,188
18.0,4,0,3,188
18.0,4,0,4,189
18.0,4,0,5,190
18.0,4,0,6,191
18.0,4,0,7,192
18.0,4,0,8,193
18.0,4,0,9,194
18.0,4,0,10,195
18.0,4,0,11,195
18.0,4,0,12,196
18.0,4,0,13,197
18.0,4,0,14,198
18.0,4,0,15,199
18.0,4,1,0,187
18.0,4,1,1,188
18.0,4,1,2,189
18.0,4,1,3,190
18.0,4,1,4,190
18.0,4,1,5,191
18.0,4,1,6,192
18.0,4,1,7,193
18.0,4,1,8,194
18.0,4,1,9,195
18.0,4,1,10,196
18.0,4,1,11,197
18.0,4,1,12,198
18.0,4,1,13,198
18.0,4,1,14,199
18.0,4,1,15,200
18.0,4,2,0,188
18.0,4,2,1,189
18.0,4,2,2,190
18.0,4,2,3,191
18.0,4,2,4,192
18.0,4,2,5,192
18.0,4,2,6,193
18.0,4,2,7,194
18.0,4,2,8,195
18.0,4,2,9,196
18.0,4,2,10,197
18.0,4,2,11,198
18.0,4,2,12,199
18.0,4,2,13,200
18.0,4,2,14,200
18.0,4,2,15,201
18.0,4,3,0,189
18.0,4,3,1,190
18.0,4,3,2,191
18.0,4,3,3,192
18.0,4,3,4,193
18.0,4,3,5,194
18.0,4,3,6,195
18.0,4,3,7,195
18.0,4,3,8,196
18.0,4,3,9,197
18.0,4,3,10,198
18.0,4,3,11,199
18.0,4,3,12,200
18.0,4,3,13,201
18.0,4,3,14,202
18.0,4,3,15,202
18.0,4,4,0,190
18.0,4,4,1,191
18.0,4,4,2,192
18.0,4,4,3,193
18.0,4,4,4,194
18.0,4,4,5,195
18.0,4,4,6,196
18.0,4,4,7,197
18.0,4,4,8,197
18.0,4,4,9,198
18.0,4,4,10,199
18.0,4,4,11,200
18.0,4,4,12,201
18.0,4,4,13,202
18.0,4,4,14,203
18.0,4,4,15,204
18.0,4,5,0,191
18.0,4,5,1,192
18.0,4,5,2,193
18.0,4,5,3,194
18.0,4,5,4,195
18.0,4,5,5,196
18.0,4,5,6,197
18.0,4,5,7,198
18.0,4,5,8,199
18.0,4,5,9,200
18.0,4,5,10,200
18.0,4,5,11,201
18.0,4,5,12,202
18.0,4,5,13,203
18.0,4,5,14,204
18.0,4,5,15,205
18.0,4,6,0,192
18.0,4,6,1,193
18.0,4,6,2,194
18.0,4,6,3,195
18.0,4,6,4,196
18.0,4,6,5,197
18.0,4,6,6,198
18.0,4,6,7,199
18.0,4,6,8,200
18.0,4,6,9,201
18.0,4,6,10,202
18.0,4,6,11,202
18.0,4,6,12,203
18.0,4,6,13,204
18.0,4,6,14,205
18.0,4,6,15,206
18.0,4,7,0,193
18.0,4,7,1,194
18.0,4,7,2,195
18.0,4,7,3,196
18.0,4,7,4,197
18.0,4,7,5,198
18.0,4,7,6,199
18.0,4,7,7,200
18.0,4,7,8,201
18.0,4,7,9,202
18.0,4,7,10,203
18.0,4,7,11,204
18.0,4,7,12,204
18.0,4,7,13,205
18.0,4,7,14,206
18.0,4,7,15,207
18.0,4,8,0,194
18.0,4,8,1,195
18.0,4,8,2,196
18.0,4,8,3,197
18.0,4,8,4,198
18.0,4,8,5,199
18.0,4,8,6,200
18.0,4,8,7,201
18.0,4,8,8,202
18.0,4,8,9,203
18.0,4,8,10,204
18.0,4,8,11,205
18.0,4,8,12,206
18.0,4,8,13,207
18.0,4,8,14,207
18.0,4,8,15,208
18.0,4,9,0,196
18.0,4,9,1,196
18.0,4,9,2,197
18.0,4,9,3,198
18.0,4,9,4,199
18.0,4,9,5,200
18.0,4,9,6,201
18.0,4,9,7,202
18.0,4,9,8,203
18.0,4,9,9,204
18.0,4,9,10,205
18.0,4,9,11,206
18.0,4,9,12,207
18.0,4,9,13,208
18.0,4,9,14,209
18.0,4,9,15,209
18.0,4,10,0,197
18.0,4,10,1,198
18.0,4,10,2,199
18.0,4,10,3,199
18.0,4,10,4,200
18.0,4,10,5,201
18.0,4,10,6,202
18.0,4,10,7,203
18.0,4,10,8,204
18.0,4,10,9,205
18.0,4,10,10,206
18.0,4,10,11,207
18.0,4,10,12,208
18.0,4,10,13,209
18.0,4,10,14,210
18.0,4,10,15,211
18.0,4,11,0,198
18.0,4,11,1,199
18.0,4,11,2,200
18.0,4,11,3,201
18.0,4,11,4,201
18.0,4,11,5,202
18.0,4,11,6,203
18.0,4,11,7,204
18.0,4,11,8,205
18.0,4,11,9,206
18.0,4,11,10,207
18.0,4,11,11,208
18.0,4,11,12,209
18.0,4,11,13,210
18.0,4,11,14,211
18.0,4,11,15,212
18.0,4,12,0,199
18.0,4,12,1,200
18.0,4,12,2,201
18.0,4,12,3,202
18.0,4,12,4,203
18.0,4,12,5,204
18.0,4,12,6,204
18.0,4,12,7,205
18.0,4,12,8,206
18.0,4,12,9,207
18.0,4,12,10,208
18.0,4,12,11,209
18.0,4,12,12,210
18.0,4,12,13,211
18.0,4,12,14,212
18.0,4,12,15,213
18.0,4,13,0,200
18.0,4,13,1,201
18.0,4,13,2,202
18.0,4,13,3,203
18.0,4,13,4,204
18.0,4,13,5,205
18.0,4,13,6,206
18.0,4,13,7,207
18.0,4,13,8,207
18.0,4,13,9,208
18.0,4,13,10,209
18.0,4,13,11,210
18.0,4,13,12,211
18.0,4,13,13,212
18.0,4,13,14,213
18.0,4,13,15,214
18.0,4,14,0,201
18.0,4,14,1,202
18.0,4,14,2,203
18.0,4,14,3,204
18.0,4,14,4,205
18.0,4,14,5,206
18.0,4,14,6,207
18.0,4,14,7,208
18.0,4,14,8,209
18.0,4,14,9,209
18.0,4,14,10,210
18.0,4,14,11,211
18.0,4,14,12,212
18.0,4,14,13,213
18.0,4,14,14,214
18.0,4,14,15,215
18.0,4,15,0,202
18.0,4,15,1,203
18.0,4,15,2,204
18.0,4,15,3,205
18.0,4,15,4,206
18.0,4,15,5,207
18.0,4,15,6,208
18.0,4,15,7,209
18.0,4,15,8,210
18.0,4,15,9,211
18.0,4,15,10,212
18.0,4,15,11,212
18.0,4,15,12,213
18.0,4,15,13,214
18.0,4,15,14,215
18.0,4,15,15,216
18.0,5,0,0,189
18.0,5,0,1,190
18.0,5,0,2,190
18.0,5,0,3,191
18.0,5,0,4,192
18.0,5,0,5,193
18.0,5,0,6,194
18.0,5,0,7,195
18.0,5,0,8,196
18.0,5,0,9,197
18.0,5,0,10,198
18.0,5,0,11,199
18.0,5,0,12,199
18.0,5,0,13,200
18.0,5,0,14,201
18.0,5,0,15,202
18.0,5,1,0,190
18.0,5,1,1,191
18.0,5,1,2,192
18.0,5,1,3,193
18.0,5,1,4,193
18.0,5,1,5,194
18.0,5,1,6,195
18.0,5,1,7,196
18.0,5,1,8,197
18.0,5,1,9,198
18.0,5,1,10,199
18.0,5,1,11,200
18.0,5,1,12,201
18.0,5,1,13,202
18.0,5,1,14,202
18.0,5,1,15,203
18.0,5,2,0,191
18.0,5,2,1,192
18.0,5,2,2,193
18.0,5,2,3,194
18.0,5,2,4,195
18.0,5,2,5,196
18.0,5,2,6,196
18.0,5,2,7,197
18.0,5,2,8,198
18.0,5,2,9,199
18.0,5,2,10,200
18.0,5,2,11,201
18.0,5,2,12,202
18.0,5,2,13,203
18.0,5,2,14,204
18.0,5,2,15,205
18.0,5,3,0,192
18.0,5,3,1,193
18.0,5,3,2,194
18.0,5,3,3,195
18.0,5,3,4,196
18.0,5,3,5,197
18.0,5,3,6,198
18.0,5,3,7,199
18.0,5,3,8,199
18.0,5,3,9,200
18.0,5,3,10,201
18.0,5,3,11,202
18.0,5,3,12,203
18.0,5,3,13,204
18.0,5,3,14,205
18.0,5,3,15,206
18.0,5,4,0,193
18.0,5,4,1,194
18.0,5,4,2,195
18.0,5,4,3,196
18.0,5,4,4,197
18.0,5,4,5,198
18.0,5,4,6,199
18.0,5,4,7,200
18.0,5,4,8,201
18.0,5,4,9,202
18.0,5,4,10,202
18.0,5,4,11,203
18.0,5,4,12,204
18.0,5,4,13,205
18.0,5,4,14,206
18.0,5,4,15,207
18.0,5,5,0,194
18.0,5,5,1,195
18.0,5,5,2,196
18.0,5,5,3,197
18.0,5,5,4,198
18.0,5,5,5,199
18.0,5,5,6,200
18.0,5,5,7,201
18.0,5,5,8,202
18.0,5,5,9,203
18.0,5,5,10,204
18.0,5,5,11,204
18.0,5,5,12,205
18.0,5,5,13,206
18.0,5,5,14,207
18.0,5,5,15,208
18.0,5,6,0,195
18.0,5,6,1,196
18.0,5,6,2,197
18.0,5,6,3,198
18.0,5,6,4,199
18.0,5,6,5,200
18.0,5,6,6,201
18.0,5,6,7,202
18.0,5,6,8,203
18.0,5,6,9,204
18.0,5,6,10,205
18.0,5,6,11,206
18.0,5,6,12,207
18.0,5,6,13,207
18.0,5,6,14,208
18.0,5,6,15,209
18.0,5,7,0,196
18.0,5,7,1,197
18.0,5,7,2,198
18.0,5,7,3,199
18.0,5,7,4,200
18.0,5,7,5,201
18.0,5,7,6,202
18.0,5,7,7,203
18.0,5,7,8,204
18.0,5,7,9,205
18.0,5,7,10,206
18.0,5,7,11,207
18.0,5,7,12,208
18.0,5,7,13,209
18.0,5,7,14,210
18.0,5,7,15,210
18.0,5,8,0,198
18.0,5,8,1,199
18.0,5,8,2,199
18.0,5,8,3,200
18.0,5,8,4,201
18.0,5,8,5,202
18.0,5,8,6,203
18.0,5,8,7,204
18.0,5,8,8,205
18.0,5,8,9,206
18.0,5,8,10,207
18.0,5,8,11,208
18.0,5,8,12,209
18.0,5,8,13,210
18.0,5,8,14,211
18.0,5,8,15,212
18.0,5,9,0,199
18.0,5,9,1,200
18.0,5,9,2,201
18.0,5,9,3,202
18.0,5,9,4,203
18.0,5,9,5,203
18.0,5,9,6,204
18.0,5,9,7,205
18.0,5,9,8,206
18.0,5,9,9,207
18.0,5,9,10,208
18.0,5,9,11,209
18.0,5,9,12,210
18.0,5,9,13,211
18.0,5,9,14,212
18.0,5,9,15,213
18.0,5,10,0,200
18.0,5,10,1,201
18.0,5,10,2,202
18.0,5,10,3,203
18.0,5,10,4,204
18.0,5,10,5,205
18.0,5,10,6,206
18.0,5,10,7,206
18.0,5,10,8,207
18.0,5,10,9,208
18.0,5,10,10,209
18.0,5,10,11,210
18.0,5,10,12,211
18.0,5,10,13,212
18.0,5,10,14,213
18.0,5,10,15,214
18.0,5,11,0,201
18.0,5,11,1,202
18.0,5,11,2,203
18.0,5,11,3,204
18.0,5,11,4,205
18.0,5,11,5,206
18.0,5,11,6,207
18.0,5,11,7,208
18.0,5,11,8,209
18.0,5,11,9,209
18.0,5,11,10,210
18.0,5,11,11,211
18.0,5,11,12,212
18.0,5,11,13,213
18.0,5,11,14,214
18.0,5,11,15,215
18.0,5,12,0,202
18.0,5,12,1,203
18.0,5,12,2,204
18.0,5,12,3,205
18.0,5,12,4,206
18.0,5,12,5,207
18.0,5,12,6,208
18.0,5,12,7,209
18.0,5,12,8,210
18.0,5,12,9,211
18.0,5,12,10,212
18.0,5,12,11,212
18.0,5,12,12,213
18.0,5,12,13,214
18.0,5,12,14,215
18.0,5,12,15,216
18.0,5,13,0,203
18.0,5,13,1,204
18.0,5,13,2,205
18.0,5,13,3,206
18.0,5,13,4,207
18.0,5,13,5,208
18.0,5,13,6,209
18.0,5,13,7,210
18.0,5,13,8,211
18.0,5,13,9,212
18.0,5,13,10,213
18.0,5,13,11,214
18.0,5,13,12,215
18.0,5,13,13,216
18.0,5,13,14,216
18.0,5,13,15,217
18.0,5,14,0,204
18.0,5,14,1,205
18.0,5,14,2,206
18.0,5,14,3,207
18.0,5,14,4,208
18.0,5,14,5,209
18.0,5,14,6,210
18.0,5,14,7,211
18.0,5,14,8,212
18.0,5,14,9,213
18.0,5,14,10,214
18.0,5,14,11,215
18.0,5,14,12,216
18.0,5,14,13,217
18.0,5,14,14,218
18.0,5,14,15,219
18.0,5,15,0,205
18.0,5,15,1,206
18.0,5,15,2,207
18.0,5,15,3,208
18.0,5,15,4,209
18.0,5,15,5,210
18.0,5,15,6,211
18.0,5,15,7,212
18.0,5,15,8,213
18.0,5,15,9,214
18.0,5,15,10,215
18.0,5,15,11,216
18.0,5,15,12,217
18.0,5,15,13,218
18.0,5,15,14,219
18.0,5,15,15,220
18.0,6,0,0,192
18.0,6,0,1,193
18.0,6,0,2,193
18.0,6,0,3,194
18.0,6,0,4,195
18.0,6,0,5,196
18.0,6,0,6,197
18.0,6,0,7,198
18.0,6,0,8,199
18.0,6,0,9,200
18.0,6,0,10,201
18.0,6,0,11,202
18.0,6,0,12,203
18.0,6,0,13,203
18.0,6,0,14,204
18.0,6,0,15,205
18.0,6,1,0,193
18.0,6,1,1,194
18.0,6,1,2,195
18.0,6,1,3,196
18.0,6,1,4,197
18.0,6,1,5,197
18.0,6,1,6,198
18.0,6,1,7,199
18.0,6,1,8,200
18.0,6,1,9,201
18.0,6,1,10,202
18.0,6,1,11,203
18.0,6,1,12,204
18.0,6,1,13,205
18.0,6,1,14,206
18.0,6,1,15,206
18.0,6,2,0,194
18.0,6,2,1,195
18.0,6,2,2,196
18.0,6,2,3,197
18.0,6,2,4,198
18.0,6,2,5,199
18.0,6,2,6,200
18.0,6,2,7,200
18.0,6,2,8,201
18.0,6,2,9,202
18.0,6,2,10,203
18.0,6,2,11,204
18.0,6,2,12,205
18.0,6,2,13,206
18.0,6,2,14,207
18.0,6,2,15,208
18.0,6,3,0,195
18.0,6,3,1,196
18.0,6,3,2,197
18.0,6,3,3,198
18.0,6,3,4,199
18.0,6,3,5,200
18.0,6,3,6,201
18.0,6,3,7,202
18.0,6,3,8,203
18.0,6,3,9,203
18.0,6,3,10,204
18.0,6,3,11,205
18.0,6,3,12,206
18.0,6,3,13,207
18.0,6,3,14,208
18.0,6,3,15,209
18.0,6,4,0,196
18.0,6,4,1,197
18.0,6,4,2,198
18.0,6,4,3,199
18.0,6,4,4,200
18.0,6,4,5,201
18.0,6,4,6,202
18.0,6,4,7,203
18.0,6,4,8,204
18.0,6,4,9,205
18.0,6,4,10,206
18.0,6,4,11,207
18.0,6,4,12,207
18.0,6,4,13,208
18.0,6,4,14,209
18.0,6,4,15,210
18.0,6,5,0,197
18.0,6,5,1,198
18.0,6,5,2,199
18.0,6,5,3,200
18.0,6,5,4,201
18.0,6,5,5,202
18.0,6,5,6,203
18.0,6,5,7,204
18.0,6,5,8,205
18.0,6,5,9,206
18.0,6,5,10,207
18.0,6,5,11,208
18.0,6,5,12,209
18.0,6,5,13,210
18.0,6,5,14,210
18.0,6,5,15,211
18.0,6,6,0,198
18.0,6,6,1,199
18.0,6,6,2,200
18.0,6,6,3,201
18.0,6,6,4,202
18.0,6,6,5,203
18.0,6,6,6,204
18.0,6,6,7,205
18.0,6,6,8,206
18.0,6,6,9,207
18.0,6,6,10,208
18.0,6,6,11,209
18.0,6,6,12,210
18.0,6,6,13,211
18.0,6,6,14,212
18.0,6,6,15,213
18.0,6,7,0,200
18.0,6,7,1,201
18.0,6,7,2,201
18.0,6,7,3,202
18.0,6,7,4,203
18.0,6,7,5,204
18.0,6,7,6,205
18.0,6,7,7,206
18.0,6,7,8,207
18.0,6,7,9,208
18.0,6,7,10,209
18.0,6,7,11,210
18.0,6,7,12,211
18.0,6,7,13,212
18.0,6,7,14,213
18.0,6,7,15,214
18.0,6,8,0,201
18.0,6,8,1,202
18.0,6,8,2,203
18.0,6,8,3,204
18.0,6,8,4,205
18.0,6,8,5,206
18.0,6,8,6,206
18.0,6,8,7,207
18.0,6,8,8,208
18.0,6,8,9,209
18.0,6,8,10,210
18.0,6,8,11,211
18.0,6,8,12,212
18.0,6,8,13,213
18.0,6,8,14,214
18.0,6,8,15,215
18.0,6,9,0,202
18.0,6,9,1,203
18.0,6,9,2,204
18.0,6,9,3,205
18.0,6,9,4,206
18.0,6,9,5,207
18.0,6,9,6,208
18.0,6,9,7,209
18.0,6,9,8,210
18.0,6,9,9,210
18.0,6,9,10,211
18.0,6,9,11,212
18.0,6,9,12,213
18.0,6,9,13,214
18.0,6,9,14,215
18.0,6,9,15,216
18.0,6,10,0,203
18.0,6,10,1,204
18.0,6,10,2,205
18.0,6,10,3,206
18.0,6,10,4,207
18.0,6,10,5,208
18.0,6,10,6,209
18.0,6,10,7,210
18.0,6,10,8,211
18.0,6,10,9,212
18.0,6,10,10,213
18.0,6,10,11,214
18.0,6,10,12,214
18.0,6,10,13,215
18.0,6,10,14,216
18.0,6,10,15,217
18.0,6,11,0,204
18.0,6,11,1,205
18.0,6,11,2,206
18.0,6,11,3,207
18.0,6,11,4,208
18.0,6,11,5,209
18.0,6,11,6,210
18.0,6,11,7,211
18.0,6,11,8,212
18.0,6,11,9,213
18.0,6,11,10,214
18.0,6,11,11,215
18.0,6,11,12,216
18.0,6,11,13,217
18.0,6,11,14,218
18.0,6,11,15,218
18.0,6,12,0,205
18.0,6,12,1,206
18.0,6,12,2,207
18.0,6,12,3,208
18.0,6,12,4,209
18.0,6,12,5,210
18.0,6,12,6,211
18.0,6,12,7,212
18.0,6,12,8,213
18.0,6,12,9,214
18.0,6,12,10,215
18.0,6,12,11,216
18.0,6,12,12,217
18.0,6,12,13,218
18.0,6,12,14,219
18.0,6,12,15,220
18.0,6,13,0,206
18.0,6,13,1,207
18.0,6,13,2,208
18.0,6,13,3,209
18.0,6,13,4,210
18.0,6,13,5,211
18.0,6,13,6,212
18.0,6,13,7,213
18.0,6,13,8,214
18.0,6,13,9,215
18.0,6,13,10,216
18.0,6,13,11,217
18.0,6,13,12,218
18.0,6,13,13,219
18.0,6,13,14,220
18.0,6,13,15,221
18.0,6,14,0,207
18.0,6,14,1,208
18.0,6,14,2,209
18.0,6,14,3,210
18.0,6,14,4,211
18.0,6,14,5,212
18.0,6,14,6,213
18.0,6,14,7,214
18.0,6,14,8,215
18.0,6,14,9,216
18.0,6,14,10,217
18.0,6,14,11,218
18.0,6,14,12,219
18.0,6,14,13,220
18.0,6,14,14,221
18.0,6,14,15,222
18.0,6,15,0,208
18.0,6,15,1,209
18.0,6,15,2,210
18.0,6,15,3,211
18.0,6,15,4,212
18.0,6,15,5,213
18.0,6,15,6,214
18.0,6,15,7,215
18.0,6,15,8,216
18.0,6,15,9,217
18.0,6,15,10,218
18.0,6,15,11,219
18.0,6,15,12,220
18.0,6,15,13,221
18.0,6,15,14,222
18.0,6,15,15,223
18.0,7,0,0,195
18.0,7,0,1,196
18.0,7,0,2,196
18.0,7,0,3,197
18.0,7,0,4,198
18.0,7,0,5,199
18.0,7,0,6,200
18.0,7,0,7,201
18.0,7,0,8,202
18.0,7,0,9,203
18.0,7,0,10,204
18.0,7,0,11,205
18.0,7,0,12,206
18.0,7,0,13,207
18.0,7,0,14,208
18.0,7,0,15,208
18.0,7,1,0,196
18.0,7,1,1,197
18.0,7,1,2,198
18.0,7,1,3,199
18.0,7,1,4,200
18.0,7,1,5,200
18.0,7,1,6,201
18.0,7,1,7,202
18.0,7,1,8,203
18.0,7,1,9,204
18.0,7,1,10,205
18.0,7,1,11,206
18.0,7,1,12,207
18.0,7,1,13,208
18.0,7,1,14,209
18.0,7,1,15,210
18.0,7,2,0,197
18.0,7,2,1,198
18.0,7,2,2,199
18.0,7,2,3,200
18.0,7,2,4,201
18.0,7,2,5,202
18.0,7,2,6,203
18.0,7,2,7,204
18.0,7,2,8,204
18.0,7,2,9,205
18.0,7,2,10,206
18.0,7,2,11,207
18.0,7,2,12,208
18.0,7,2,13,209
18.0,7,2,14,210
18.0,7,2,15,211
18.0,7,3,0,198
18.0,7,3,1,199
18.0,7,3,2,200
18.0,7,3,3,201
18.0,7,3,4,202
18.0,7,3,5,203
18.0,7,3,6,204
18.0,7,3,7,205
18.0,7,3,8,206
18.0,7,3,9,207
18.0,7,3,10,208
18.0,7,3,11,208
18.0,7,3,12,209
18.0,7,3,13,210
18.0,7,3,14,211
18.0,7,3,15,212
18.0,7,4,0,199
18.0,7,4,1,200
18.0,7,4,2,201
18.0,7,4,3,202
18.0,7,4,4,203
18.0,7,4,5,204
18.0,7,4,6,205
18.0,7,4,7,206
18.0,7,4,8,207
18.0,7,4,9,208
18.0,7,4,10,209
18.0,7,4,11,210
18.0,7,4,12,211
18.0,7,4,13,212
18.0,7,4,14,212
18.0,7,4,15,213
18.0,7,5,0,200
18.0,7,5,1,201
18.0,7,5,2,202
18.0,7,5,3,203
18.0,7,5,4,204
18.0,7,5,5,205
18.0,7,5,6,206
18.0,7,5,7,207
18.0,7,5,8,208
18.0,7,5,9,209
18.0,7,5,10,210
18.0,7,5,11,211
18.0,7,5,12,212
18.0,7,5,13,213
18.0,7,5,14,214
18.0,7,5,15,215
18.0,7,6,0,201
18.0,7,6,1,202
18.0,7,6,2,203
18.0,7,6,3,204
18.0,7,6,4,205
18.0,7,6,5,206
18.0,7,6,6,207
18.0,7,6,7,208
18.0,7,6,8,209
18.0,7,6,9,210
18.0,7,6,10,211
18.0,7,6,11,212
18.0,7,6,12,213
18.0,7,6,13,214
18.0,7,6,14,215
18.0,7,6,15,216
18.0,7,7,0,203
18.0,7,7,1,204
18.0,7,7,2,205
18.0,7,7,3,206
18.0,7,7,4,207
18.0,7,7,5,208
18.0,7,7,6,209
18.0,7,7,7,209
18.0,7,7,8,210
18.0,7,7,9,211
18.0,7,7,10,212
18.0,7,7,11,213
18.0,7,7,12,214
18.0,7,7,13,215
18.0,7,7,14,216
18.0,7,7,15,217
18.0,7,8,0,204
18.0,7,8,1,205
18.0,7,8,2,206
18.0,7,8,3,207
18.0,7,8,4,208
18.0,7,8,5,209
18.0,7,8,6,210
18.0,7,8,7,211
18.0,7,8,8,212
18.0,7,8,9,213
18.0,7,8,10,214
18.0,7,8,11,214
18.0,7,8,12,215
18.0,7,8,13,216
18.0,7,8,14,217
18.0,7,8,15,218
18.0,7,9,0,205
18.0,7,9,1,206
18.0,7,9,2,207
18.0,7,9,3,208
18.0,7,9,4,209
18.0,7,9,5,210
18.0,7,9,6,211
18.0,7,9,7,212
18.0,7,9,8,213
18.0,7,9,9,214
18.0,7,9,10,215
18.0,7,9,11,216
18.0,7,9,12,217
18.0,7,9,13,218
18.0,7,9,14,219
18.0,7,9,15,219
18.0,7,10,0,206
18.0,7,10,1,207
18.0,7,10,2,208
18.0,7,10,3,209
18.0,7,10,4,210
18.0,7,10,5,211
18.0,7,10,6,212
18.0,7,10,7,213
18.0,7,10,8,214
18.0,7,10,9,215
18.0,7,10,10,216
18.0,7,10,11,217
18.0,7,10,12,218
18.0,7,10,13,219
18.0,7,10,14,220
18.0,7,10,15,221
18.0,7,11,0,207
18.0,7,11,1,208
18.0,7,11,2,209
18.0,7,11,3,210
18.0,7,11,4,211
18.0,7,11,5,212
18.0,7,11,6,213
18.0,7,11,7,214
18.0,7,11,8,215
18.0,7,11,9,216
18.0,7,11,10,217
18.0,7,11,11,218
18.0,7,11,12,219
18.0,7,11,13,220
18.0,7,11,14,221
18.0,7,11,15,222
18.0,7,12,0,208
18.0,7,12,1,209
18.0,7,12,2,210
18.0,7,12,3,211
18.0,7,12,4,212
18.0,7,12,5,213
18.0,7,12,6,214
18.0,7,12,7,215
18.0,7,12,8,216
18.0,7,12,9,217
18.0,7,12,10,218
18.0,7,12,11,219
18.0,7,12,12,220
18.0,7,12,13,221
18.0,7,12,14,222
18.0,7,12,15,223
18.0,7,13,0,209
18.0,7,13,1,210
18.0,7,13,2,211
18.0,7,13,3,212
18.0,7,13,4,213
18.0,7,13,5,214
18.0,7,13,6,215
18.0,7,13,7,216
18.0,7,13,8,217
18.0,7,13,9,218
18.0,7,13,10,219
18.0,7,13,11,220
18.0,7,13,12,221
18.0,7,13,13,222
18.0,7,13,14,223
18.0,7,13,15,224
18.0,7,14,0,210
18.0,7,14,1,211
18.0,7,14,2,212
18.0,7,14,3,213
18.0,7,14,4,214
18.0,7,14,5,215
18.0,7,14,6,216
18.0,7,14,7,217
18.0,7,14,8,218
18.0,7,14,9,219
18.0,7,14,10,220
18.0,7,14,11,221
18.0,7,14,12,222
18.0,7,14,13,223
18.0,7,14,14,224
18.0,7,14,15,225
18.0,7,15,0,211
18.0,7,15,1,212
18.0,7,15,2,214
18.0,7,15,3,215
18.0,7,15,4,216
18.0,7,15,5,217
18.0,7,15,6,218
18.0,7,15,7,219
18.0,7,15,8,220
18.0,7,15,9,221
18.0,7,15,10,222
18.0,7,15,11,223
18.0,7,15,12,224
18.0,7,15,13,225
18.0,7,15,14,226
18.0,7,15,15,227
18.0,8,0,0,198
18.0,8,0,1,198
18.0,8,0,2,199
18.0,8,0,3,200
18.0,8,0,4,201
18.0,8,0,5,202
18.0,8,0,6,203
18.0,8,0,7,204
18.0,8,0,8,205
18.0,8,0,9,206
18.0,8,0,10,207
18.0,8,0,11,208
18.0,8,0,12,209
18.0,8,0,13,210
18.0,8,0,14,211
18.0,8,0,15,212
18.0,8,1,0,199
18.0,8,1,1,200
18.0,8,1,2,201
18.0,8,1,3,202
18.0,8,1,4,203
18.0,8,1,5,204
18.0,8,1,6,204
18.0,8,1,7,205
18.0,8,1,8,206
18.0,8,1,9,207
18.0,8,1,10,208
18.0,8,1,11,209
18.0,8,1,12,210
18.0,8,1,13,211
18.0,8,1,14,212
18.0,8,1,15,213
18.0,8,2,0,200
18.0,8,2,1,201
18.0,8,2,2,202
18.0,8,2,3,203
18.0,8,2,4,204
18.0,8,2,5,205
18.0,8,2,6,206
18.0,8,2,7,207
18.0,8,2,8,208
18.0,8,2,9,209
18.0,8,2,10,209
18.0,8,2,11,210
18.0,8,2,12,211
18.0,8,2,13,212
18.0,8,2,14,213
18.0,8,2,15,214
18.0,8,3,0,201
18.0,8,3,1,202
18.0,8,3,2,203
18.0,8,3,3,204
18.0,8,3,4,205
18.0,8,3,5,206
18.0,8,3,6,207
18.0,8,3,7,208
18.0,8,3,8,209
18.0,8,3,9,210
18.0,8,3,10,211
18.0,8,3,11,212
18.0,8,3,12,213
18.0,8,3,13,214
18.0,8,3,14,214
18.0,8,3,15,215
18.0,8,4,0,202
18.0,8,4,1,203
18.0,8,4,2,204
18.0,8,4,3,205
18.0,8,4,4,206
18.0,8,4,5,207
18.0,8,4,6,208
18.0,8,4,7,209
18.0,8,4,8,210
18.0,8,4,9,211
18.0,8,4,10,212
18.0,8,4,11,213
18.0,8,4,12,214
18.0,8,4,13,215
18.0,8,4,14,216
18.0,8,4,15,217
18.0,8,5,0,203
18.0,8,5,1,204
18.0,8,5,2,205
18.0,8,5,3,206
18.0,8,5,4,207
18.0,8,5,5,208
18.0,8,5,6,209
18.0,8,5,7,210
18.0,8,5,8,211
18.0,8,5,9,212
18.0,8,5,10,213
18.0,8,5,11,214
18.0,8,5,12,215
18.0,8,5,13,216
18.0,8,5,14,217
18.0,8,5,15,218
18.0,8,6,0,205
18.0,8,6,1,206
18.0,8,6,2,207
18.0,8,6,3,208
18.0,8,6,4,209
18.0,8,6,5,210
18.0,8,6,6,210
18.0,8,6,7,211
18.0,8,6,8,212
18.0,8,6,9,213
18.0,8,6,10,214
18.0,8,6,11,215
18.0,8,6,12,216
18.0,8,6,13,217
18.0,8,6,14,218
18.0,8,6,15,219
18.0,8,7,0,206
18.0,8,7,1,207
18.0,8,7,2,208
18.0,8,7,3,209
18.0,8,7,4,210
18.0,8,7,5,211
18.0,8,7,6,212
18.0,8,7,7,213
18.0,8,7,8,214
18.0,8,7,9,215
18.0,8,7,10,216
18.0,8,7,11,217
18.0,8,7,12,217
18.0,8,7,13,218
18.0,8,7,14,219
18.0,8,7,15,220
18.0,8,8,0,207
18.0,8,8,1,208
18.0,8,8,2,209
18.0,8,8,3,210
18.0,8,8,4,211
18.0,8,8,5,212
18.0,8,8,6,213
18.0,8,8,7,214
18.0,8,8,8,215
18.0,8,8,9,216
18.0,8,8,10,217
18.0,8,8,11,218
18.0,8,8,12,219
18.0,8,8,13,220
18.0,8,8,14,221
18.0,8,8,15,222
18.0,8,9,0,208
18.0,8,9,1,209
18.0,8,9,2,210
18.0,8,9,3,211
18.0,8,9,4,212
18.0,8,9,5,213
18.0,8,9,6,214
18.0,8,9,7,215
18.0,8,9,8,216
18.0,8,9,9,217
18.0,8,9,10,218
18.0,8,9,11,219
18.0,8,9,12,220
18.0,8,9,13,221
18.0,8,9,14,222
18.0,8,9,15,223
18.0,8,10,0,209
18.0,8,10,1,210
18.0,8,10,2,211
18.0,8,10,3,212
18.0,8,10,4,213
18.0,8,10,5,214
18.0,8,10,6,215
18.0,8,10,7,216
18.0,8,10,8,217
18.0,8,10,9,218
18.0,8,10,10,219
18.0,8,10,11,220
18.0,8,10,12,221
18.0,8,10,13,222
18.0,8,10,14,223
18.0,8,10,15,224
18.0,8,11,0,210
18.0,8,11,1,211
18.0,8,11,2,212
18.0,8,11,3,213
18.0,8,11,4,214
18.0,8,11,5,215
18.0,8,11,6,216
18.0,8,11,7,217
18.0,8,11,8,218
18.0,8,11,9,219
18.0,8,11,10,220
18.0,8,11,11,221
18.0,8,11,12,222
18.0,8,11,13,223
18.0,8,11,14,224
18.0,8,11,15,225
18.0,8,12,0,211
18.0,8,12,1,212
18.0,8,12,2,213
18.0,8,12,3,214
18.0,8,12,4,215
18.0,8,12,5,216
18.0,8,12,6,217
18.0,8,12,7,218
18.0,8,12,8,220
18.0,8,12,9,220
18.0,8,12,10,221
18.0,8,12,11,222
18.0,8,12,12,223
18.0,8,12,13,224
18.0,8,12,14,225
18.0,8,12,15,226
18.0,8,13,0,212
18.0,8,13,1,214
18.0,8,13,2,215
18.0,8,13,3,216
18.0,8,13,4,217
18.0,8,13,5,218
18.0,8,13,6,219
18.0,8,13,7,220
18.0,8,13,8,221
18.0,8,13,9,222
18.0,8,13,10,223
18.0,8,13,11,224
18.0,8,13,12,225
18.0,8,13,13,226
18.0,8,13,14,227
18.0,8,13,15,228
18.0,8,14,0,214
18.0,8,14,1,215
18.0,8,14,2,216
18.0,8,14,3,217
18.0,8,14,4,218
18.0,8,14,5,219
18.0,8,14,6,220
18.0,8,14,7,221
18.0,8,14,8,222
18.0,8,14,9,223
18.0,8,14,10,224
18.0,8,14,11,225
18.0,8,14,12,226
18.0,8,14,13,227
18.0,8,14,14,228
18.0,8,14,15,229
18.0,8,15,0,215
18.0,8,15,1,216
18.0,8,15,2,217
18.0,8,15,3,218
18.0,8,15,4,219
18.0,8,15,5,220
18.0,8,15,6,221
18.0,8,15,7,222
18.0,8,15,8,223
18.0,8,15,9,224
18.0,8,15,10,225
18.0,8,15,11,226
18.0,8,15,12,227
18.0,8,15,13,228
18.0,8,15,14,229
18.0,8,15,15,230
18.0,9,0,0,200
18.0,9,0,1,201
18.0,9,0,2,202
18.0,9,0,3,203
18.0,9,0,4,204
18.0,9,0,5,205
18.0,9,0,6,206
18.0,9,0,7,207
18.0,9,0,8,208
18.0,9,0,9,209
18.0,9,0,10,210
18.0,9,0,11,211
18.0,9,0,12,212
18.0,9,0,13,213
18.0,9,0,14,214
18.0,9,0,15,215
18.0,9,1,0,202
18.0,9,1,1,203
18.0,9,1,2,204
18.0,9,1,3,205
18.0,9,1,4,206
18.0,9,1,5,207
18.0,9,1,6,208
18.0,9,1,7,209
18.0,9,1,8,209
18.0,9,1,9,210
18.0,9,1,10,211
18.0,9,1,11,212
18.0,9,1,12,213
18.0,9,1,13,214
18.0,9,1,14,215
18.0,9,1,15,216
18.0,9,2,0,203
18.0,9,2,1,204
18.0,9,2,2,205
18.0,9,2,3,206
18.0,9,2,4,207
18.0,9,2,5,208
18.0,9,2,6,209
18.0,9,2,7,210
18.0,9,2,8,211
18.0,9,2,9,212
18.0,9,2,10,213
18.0,9,2,11,214
18.0,9,2,12,215
18.0,9,2,13,215
18.0,9,2,14,216
18.0,9,2,15,217
18.0,9,3,0,204
18.0,9,3,1,205
18.0,9,3,2,206
18.0,9,3,3,207
18.0,9,3,4,208
18.0,9,3,5,209
18.0,9,3,6,210
18.0,9,3,7,211
18.0,9,3,8,212
18.0,9,3,9,213
18.0,9,3,10,214
18.0,9,3,11,215
18.0,9,3,12,216
18.0,9,3,13,217
18.0,9,3,14,218
18.0,9,3,15,219
18.0,9,4,0,205
18.0,9,4,1,206
18.0,9,4,2,207
18.0,9,4,3,208
18.0,9,4,4,209
18.0,9,4,5,210
18.0,9,4,6,211
18.0,9,4,7,212
18.0,9,4,8,213
18.0,9,4,9,214
18.0,9,4,10,215
18.0,9,4,11,216
18.0,9,4,12,217
18.0,9,4,13,218
18.0,9,4,14,219
18.0,9,4,15,220
18.0,9,5,0,206
18.0,9,5,1,207
18.0,9,5,2,208
18.0,9,5,3,209
18.0,9,5,4,210
18.0,9,5,5,211
18.0,9,5,6,212
18.0,9,5,7,213
18.0,9,5,8,214
18.0,9,5,9,215
18.0,9,5,10,216
18.0,9,5,11,217
18.0,9,5,12,218
18.0,9,5,13,219
18.0,9,5,14,220
18.0,9,5,15,221
18.0,9,6,0,208
18.0,9,6,1,209
18.0,9,6,2,210
18.0,9,6,3,211
18.0,9,6,4,212
18.0,9,6,5,213
18.0,9,6,6,214
18.0,9,6,7,215
18.0,9,6,8,216
18.0,9,6,9,217
18.0,9,6,10,218
18.0,9,6,11,219
18.0,9,6,12,220
18.0,9,6,13,220
18.0,9,6,14,221
18.0,9,6,15,222
18.0,9,7,0,209
18.0,9,7,1,210
18.0,9,7,2,211
18.0,9,7,3,212
18.0,9,7,4,213
18.0,9,7,5,214
18.0,9,7,6,215
18.0,9,7,7,216
18.0,9,7,8,217
18.0,9,7,9,218
18.0,9,7,10,219
18.0,9,7,11,220
18.0,9,7,12,221
18.0,9,7,13,222
18.0,9,7,14,223
18.0,9,7,15,224
18.0,9,8,0,210
18.0,9,8,1,211
18.0,9,8,2,212
18.0,9,8,3,213
18.0,9,8,4,214
18.0,9,8,5,215
18.0,9,8,6,216
18.0,9,8,7,217
18.0,9,8,8,218
18.0,9,8,9,219
18.0,9,8,10,220
18.0,9,8,11,221
18.0,9,8,12,222
18.0,9,8,13,223
18.0,9,8,14,224
18.0,9,8,15,225
18.0,9,9,0,211
18.0,9,9,1,212
18.0,9,9,2,213
18.0,9,9,3,214
18.0,9,9,4,215
18.0,9,9,5,216
18.0,9,9,6,217
18.0,9,9,7,218
18.0,9,9,8,219
18.0,9,9,9,220
18.0,9,9,10,221
18.0,9,9,11,222
18.0,9,9,12,223
18.0,9,9,13,224
18.0,9,9,14,225
18.0,9,9,15,226
18.0,9,10,0,212
18.0,9,10,1,213
18.0,9,10,2,214
18.0,9,10,3,215
18.0,9,10,4,216
18.0,9,10,5,217
18.0,9,10,6,218
18.0,9,10,7,219
18.0,9,10,8,220
18.0,9,10,9,221
18.0,9,10,10,222
18.0,9,10,11,223
18.0,9,10,12,224
18.0,9,10,13,225
18.0,9,10,14,226
18.0,9,10,15,227
18.0,9,11,0,213
18.0,9,11,1,214
18.0,9,11,2,215
18.0,9,11,3,216
18.0,9,11,4,218
18.0,9,11,5,219
18.0,9,11,6,220
18.0,9,11,7,221
18.0,9,11,8,222
18.0,9,11,9,223
18.0,9,11,10,224
18.0,9,11,11,225
18.0,9,11,12,226
18.0,9,11,13,227
18.0,9,11,14,228
18.0,9,11,15,229
18.0,9,12,0,215
18.0,9,12,1,216
18.0,9,12,2,217
18.0,9,12,3,218
18.0,9,12,4,219
18.0,9,12,5,220
18.0,9,12,6,221
18.0,9,12,7,222
18.0,9,12,8,223
18.0,9,12,9,224
18.0,9,12,10,225
18.0,9,12,11,226
18.0,9,12,12,227
18.0,9,12,13,228
18.0,9,12,14,229
18.0,9,12,15,230
18.0,9,13,0,216
18.0,9,13,1,217
18.0,9,13,2,218
18.0,9,13,3,219
18.0,9,13,4,220
18.0,9,13,5,221
18.0,9,13,6,222
18.0,9,13,7,223
18.0,9,13,8,224
18.0,9,13,9,225
18.0,9,13,10,226
18.0,9,13,11,227
18.0,9,13,12,228
18.0,9,13,13,229
18.0,9,13,14,230
18.0,9,13,15,231
18.0,9,14,0,217
18.0,9,14,1,218
18.0,9,14,2,219
18.0,9,14,3,220
18.0,9,14,4,221
18.0,9,14,5,222
18.0,9,14,6,223
18.0,9,14,7,224
18.0,9,14,8,225
18.0,9,14,9,226
18.0,9,14,10,227
18.0,9,14,11,228
18.0,9,14,12,229
18.0,9,14,13,230
18.0,9,14,14,231
18.0,9,14,15,232
18.0,9,15,0,218
18.0,9,15,1,219
18.0,9,15,2,220
18.0,9,15,3,221
18.0,9,15,4,222
18.0,9,15,5,223
18.0,9,15,6,224
18.0,9,15,7,225
18.0,9,15,8,226
18.0,9,15,9,227
18.0,9,15,10,228
18.0,9,15,11,229
18.0,9,15,12,230
18.0,9,15,13,231
18.0,9,15,14,232
18.0,9,15,15,233
18.0,10,0,0,203
18.0,10,0,1,204
18.0,10,0,2,205
18.0,10,0,3,206
18.0,10,0,4,207
18.0,10,0,5,208
18.0,10,0,6,209
18.0,10,0,7,210
18.0,10,0,8,211
18.0,10,0,9,212
18.0,10,0,10,213
18.0,10,0,11,214
18.0,10,0,12,215
18.0,10,0,13,216
18.0,10,0,14,217
18.0,10,0,15,218
18.0,10,1,0,205
18.0,10,1,1,206
18.0,10,1,2,207
18.0,10,1,3,208
18.0,10,1,4,209
18.0,10,1,5,210
18.0,10,1,6,211
18.0,10,1,7,212
18.0,10,1,8,213
18.0,10,1,9,214
18.0,10,1,10,214
18.0,10,1,11,215
18.0,10,1,12,216
18.0,10,1,13,217
18.0,10,1,14,218
18.0,10,1,15,219
18.0,10,2,0,206
18.0,10,2,1,207
18.0,10,2,2,208
18.0,10,2,3,209
18.0,10,2,4,210
18.0,10,2,5,211
18.0,10,2,6,212
18.0,10,2,7,213
18.0,10,2,8,214
18.0,10,2,9,215
18.0,10,2,10,216
18.0,10,2,11,217
18.0,10,2,12,218
18.0,10,2,13,219
18.0,10,2,14,220
18.0,10,2,15,221
18.0,10,3,0,207
18.0,10,3,1,208
18.0,10,3,2,209
18.0,10,3,3,210
18.0,10,3,4,211
18.0,10,3,5,212
18.0,10,3,6,213
18.0,10,3,7,214
18.0,10,3,8,215
18.0,10,3,9,216
18.0,10,3,10,217
18.0,10,3,11,218
18.0,10,3,12,219
18.0,10,3,13,220
18.0,10,3,14,221
18.0,10,3,15,222
18.0,10,4,0,208
18.0,10,4,1,209
18.0,10,4,2,210
18.0,10,4,3,211
18.0,10,4,4,212
18.0,10,4,5,213
18.0,10,4,6,214
18.0,10,4,7,215
18.0,10,4,8,216
18.0,10,4,9,217
18.0,10,4,10,218
18.0,10,4,11,219
18.0,10,4,12,220
18.0,10,4,13,221
18.0,10,4,14,222
18.0,10,4,15,223
18.0,10,5,0,209
18.0,10,5,1,211
18.0,10,5,2,212
18.0,10,5,3,213
18.0,10,5,4,214
18.0,10,5,5,215
18.0,10,5,6,216
18.0,10,5,7,217
18.0,10,5,8,218
18.0,10,5,9,219
18.0,10,5,10,220
18.0,10,5,11,221
18.0,10,5,12,221
18.0,10,5,13,222
18.0,10,5,14,223
18.0,10,5,15,224
18.0,10,6,0,211
18.0,10,6,1,212
18.0,10,6,2,213
18.0,10,6,3,214
18.0,10,6,4,215
18.0,10,6,5,216
18.0,10,6,6,217
18.0,10,6,7,218
18.0,10,6,8,219
18.0,10,6,9,220
18.0,10,6,10,221
18.0,10,6,11,222
18.0,10,6,12,223
18.0,10,6,13,224
18.0,10,6,14,225
18.0,10,6,15,226
18.0,10,7,0,212
18.0,10,7,1,213
18.0,10,7,2,214
18.0,10,7,3,215
18.0,10,7,4,216
18.0,10,7,5,217
18.0,10,7,6,218
18.0,10,7,7,219
18.0,10,7,8,220
18.0,10,7,9,221
18.0,10,7,10,222
18.0,10,7,11,223
18.0,10,7,12,224
18.0,10,7,13,225
18.0,10,7,14,226
18.0,10,7,15,227
18.0,10,8,0,213
18.0,10,8,1,214
18.0,10,8,2,215
18.0,10,8,3,216
18.0,10,8,4,217
18.0,10,8,5,218
18.0,10,8,6,219
18.0,10,8,7,220
18.0,10,8,8,221
18.0,10,8,9,222
18.0,10,8,10,223
18.0,10,8,11,224
18.0,10,8,12,225
18.0,10,8,13,226
18.0,10,8,14,227
18.0,10,8,15,228
18.0,10,9,0,214
18.0,10,9,1,215
18.0,10,9,2,216
18.0,10,9,3,217
18.0,10,9,4,218
18.0,10,9,5,219
18.0,10,9,6,220
18.0,10,9,7,221
18.0,10,9,8,222
18.0,10,9,9,223
18.0,10,9,10,224
18.0,10,9,11,225
18.0,10,9,12,226
18.0,10,9,13,227
18.0,10,9,14,228
18.0,10,9,15,229
18.0,10,10,0,215
18.0,10,10,1,216
18.0,10,10,2,217
18.0,10,10,3,219
18.0,10,10,4,220
18.0,10,10,5,221
18.0,10,10,6,222
18.0,10,10,7,223
18.0,10,10,8,224
18.0,10,10,9,225
18.0,10,10,10,226
18.0,10,10,11,227
18.0,10,10,12,228
18.0,10,10,13,229
18.0,10,10,14,230
18.0,10,10,15,231
18.0,10,11,0,217
18.0,10,11,1,218
18.0,10,11,2,219
18.0,10,11,3,220
18.0,10,11,4,221
18.0,10,11,5,222
18.0,10,11,6,223
18.0,10,11,7,224
18.0,10,11,8,225
18.0,10,11,9,226
18.0,10,11,10,227
18.0,10,11,11,228
18.0,10,11,12,229
18.0,10,11,13,230
18.0,10,11,14,231
18.0,10,11,15,232
18.0,10,12,0,218
18.0,10,12,1,219
18.0,10,12,2,220
18.0,10,12,3,221
18.0,10,12,4,222
18.0,10,12,5,223
18.0,10,12,6,224
18.0,10,12,7,225
18.0,10,12,8,226
18.0,10,12,9,227
18.0,10,12,10,228
18.0,10,12,11,229
18.0,10,12,12,230
18.0,10,12,13,231
18.0,10,12,14,232
18.0,10,12,15,233
18.0,10,13,0,219
18.0,10,13,1,220
18.0,10,13,2,221
18.0,10,13,3,222
18.0,10,13,4,223
18.0,10,13,5,224
18.0,10,13,6,225
18.0,10,13,7,226
18.0,10,13,8,227
18.0,10,13,9,228
18.0,10,13,10,229
18.0,10,13,11,230
18.0,10,13,12,231
18.0,10,13,13,232
18.0,10,13,14,233
18.0,10,13,15,234
18.0,10,14,0,220
18.0,10,14,1,221
18.0,10,14,2,222
18.0,10,14,3,223
18.0,10,14,4,224
18.0,10,14,5,225
18.0,10,14,6,226
18.0,10,14,7,227
18.0,10,14,8,228
18.0,10,14,9,229
18.0,10,14,10,231
18.0,10,14,11,232
18.0,10,14,12,233
18.0,10,14,13,234
18.0,10,14,14,235
18.0,10,14,15,236
18.0,10,15,0,221
18.0,10,15,1,222
18.0,10,15,2,223
18.0,10,15,3,224
18.0,10,15,4,225
18.0,10,15,5,226
18.0,10,15,6,228
18.0,10,15,7,229
18.0,10,15,8,230
18.0,10,15,9,231
18.0,10,15,10,232
18.0,10,15,11,233
18.0,10,15,12,234
18.0,10,15,13,235
18.0,10,15,14,236
18.0,10,15,15,237
18.0,11,0,0,206
18.0,11,0,1,207
18.0,11,0,2,208
18.0,11,0,3,209
18.0,11,0,4,210
18.0,11,0,5,211
18.0,11,0,6,212
18.0,11,0,7,213
18.0,11,0,8,214
18.0,11,0,9,215
18.0,11,0,10,216
18.0,11,0,11,217
18.0,11,0,12,218
18.0,11,0,13,219
18.0,11,0,14,220
18.0,11,0,15,221
18.0,11,1,0,208
18.0,11,1,1,209
18.0,11,1,2,210
18.0,11,1,3,211
18.0,11,1,4,212
18.0,11,1,5,213
18.0,11,1,6,214
18.0,11,1,7,215
18.0,11,1,8,216
18.0,11,1,9,217
18.0,11,1,10,218
18.0,11,1,11,219
18.0,11,1,12,220
18.0,11,1,13,220
18.0,11,1,14,221
18.0,11,1,15,222
18.0,11,2,0,209
18.0,11,2,1,210
18.0,11,2,2,211
18.0,11,2,3,212
18.0,11,2,4,213
18.0,11,2,5,214
18.0,11,2,6,215
18.0,11,2,7,216
18.0,11,2,8,217
18.0,11,2,9,218
18.0,11,2,10,219
18.0,11,2,11,220
18.0,11,2,12,221
18.0,11,2,13,222
18.0,11,2,14,223
18.0,11,2,15,224
18.0,11,3,0,210
18.0,11,3,1,211
18.0,11,3,2,212
18.0,11,3,3,213
18.0,11,3,4,214
18.0,11,3,5,215
18.0,11,3,6,216
18.0,11,3,7,217
18.0,11,3,8,218
18.0,11,3,9,219
18.0,11,3,10,220
18.0,11,3,11,221
18.0,11,3,12,222
18.0,11,3,13,223
18.0,11,3,14,224
18.0,11,3,15,225
18.0,11,4,0,211
18.0,11,4,1,212
18.0,11,4,2,213
18.0,11,4,3,214
18.0,11,4,4,215
18.0,11,4,5,216
18.0,11,4,6,217
18.0,11,4,7,218
18.0,11,4,8,219
18.0,11,4,9,220
18.0,11,4,10,221
18.0,11,4,11,222
18.0,11,4,12,223
18.0,11,4,13,224
18.0,11,4,14,225
18.0,11,4,15,226
18.0,11,5,0,213
18.0,11,5,1,214
18.0,11,5,2,215
18.0,11,5,3,216
18.0,11,5,4,217
18.0,11,5,5,218
18.0,11,5,6,219
18.0,11,5,7,220
18.0,11,5,8,221
18.0,11,5,9,222
18.0,11,5,10,223
18.0,11,5,11,224
18.0,11,5,12,225
18.0,11,5,13,226
18.0,11,5,14,227
18.0,11,5,15,228
18.0,11,6,0,214
18.0,11,6,1,215
18.0,11,6,2,216
18.0,11,6,3,217
18.0,11,6,4,218
18.0,11,6,5,219
18.0,11,6,6,220
18.0,11,6,7,221
18.0,11,6,8,222
18.0,11,6,9,223
18.0,11,6,10,224
18.0,11,6,11,225
18.0,11,6,12,226
18.0,11,6,13,227
18.0,11,6,14,228
18.0,11,6,15,229
18.0,11,7,0,215
18.0,11,7,1,216
18.0,11,7,2,217
18.0,11,7,3,218
18.0,11,7,4,219
18.0,11,7,5,220
18.0,11,7,6,221
18.0,11,7,7,222
18.0,11,7,8,223
18.0,11,7,9,224
18.0,11,7,10,225
18.0,11,7,11,226
18.0,11,7,12,227
18.0,11,7,13,228
18.0,11,7,14,229
18.0,11,7,15,230
18.0,11,8,0,216
18.0,11,8,1,217
18.0,11,8,2,218
18.0,11,8,3,219
18.0,11,8,4,220
18.0,11,8,5,221
18.0,11,8,6,222
18.0,11,8,7,223
18.0,11,8,8,224
18.0,11,8,9,225
18.0,11,8,10,226
18.0,11,8,11,228
18.0,11,8,12,229
18.0,11,8,13,230
18.0,11,8,14,231
18.0,11,8,15,232
18.0,11,9,0,217
18.0,11,9,1,218
18.0,11,9,2,219
18.0,11,9,3,220
18.0,11,9,4,222
18.0,11,9,5,223
18.0,11,9,6,224
18.0,11,9,7,225
18.0,11,9,8,226
18.0,11,9,9,227
18.0,11,9,10,228
18.0,11,9,11,229
18.0,11,9,12,230
18.0,11,9,13,231
18.0,11,9,14,232
18.0,11,9,15,233
18.0,11,10,0,218
18.0,11,10,1,220
18.0,11,10,2,221
18.0,11,10,3,222
18.0,11,10,4,223
18.0,11,10,5,224
18.0,11,10,6,225
18.0,11,10,7,226
18.0,11,10,8,227
18.0,11,10,9,228
18.0,11,10,10,229
18.0,11,10,11,230
18.0,11,10,12,231
18.0,11,10,13,232
18.0,11,10,14,233
18.0,11,10,15,234
18.0,11,11,0,220
18.0,11,11,1,221
18.0,11,11,2,222
18.0,11,11,3,223
18.0,11,11,4,224
18.0,11,11,5,225
18.0,11,11,6,226
18.0,11,11,7,227
18.0,11,11,8,228
18.0,11,11,9,229
18.0,11,11,10,230
18.0,11,11,11,231
18.0,11,11,12,232
18.0,11,11,13,233
18.0,11,11,14,234
18.0,11,11,15,235
18.0,11,12,0,221
18.0,11,12,1,222
18.0,11,12,2,223
18.0,11,12,3,224
18.0,11,12,4,225
18.0,11,12,5,226
18.0,11,12,6,227
18.0,11,12,7,228
18.0,11,12,8,229
18.0,11,12,9,230
18.0,11,12,10,231
18.0,11,12,11,232
18.0,11,12,12,233
18.0,11,12,13,235
18.0,11,12,14,236
18.0,11,12,15,237
18.0,11,13,0,222
18.0,11,13,1,223
18.0,11,13,2,224
18.0,11,13,3,225
18.0,11,13,4,226
18.0,11,13,5,227
18.0,11,13,6,228
18.0,11,13,7,230
18.0,11,13,8,231
18.0,11,13,9,232
18.0,11,13,10,233
18.0,11,13,11,234
18.0,11,13,12,235
18.0,11,13,13,236
18.0,11,13,14,237
18.0,11,13,15,238
18.0,11,14,0,223
18.0,11,14,1,224
18.0,11,14,2,225
18.0,11,14,3,226
18.0,11,14,4,227
18.0,11,14,5,229
18.0,11,14,6,230
18.0,11,14,7,231
18.0,11,14,8,232
18.0,11,14,9,233
18.0,11,14,10,234
18.0,11,14,11,235
18.0,11,14,12,236
18.0,11,14,13,237
18.0,11,14,14,238
18.0,11,14,15,239
18.0,11,15,0,224
18.0,11,15,1,225
18.0,11,15,2,226
18.0,11,15,3,228
18.0,11,15,4,229
18.0,11,15,5,230
18.0,11,15,6,231
18.0,11,15,7,232
18.0,11,15,8,233
18.0,11,15,9,234
18.0,11,15,10,235
18.0,11,15,11,236
18.0,11,15,12,237
18.0,11,15,13,238
18.0,11,15,14,239
18.0,11,15,15,240
18.0,12,0,0,209
18.0,12,0,1,210
18.0,12,0,2,211
18.0,12,0,3,212
18.0,12,0,4,213
18.0,12,0,5,214
18.0,12,0,6,215
18.0,12,0,7,216
18.0,12,0,8,217
18.0,12,0,9,218
18.0,12,0,10,219
18.0,12,0,11,220
18.0,12,0,12,221
18.0,12,0,13,222
18.0,12,0,14,223
18.0,12,0,15,224
18.0,12,1,0,211
18.0,12,1,1,212
18.0,12,1,2,213
18.0,12,1,3,214
18.0,12,1,4,215
18.0,12,1,5,216
18.0,12,1,6,217
18.0,12,1,7,218
18.0,12,1,8,219
18.0,12,1,9,220
18.0,12,1,10,221
18.0,12,1,11,222
18.0,12,1,12,223
18.0,12,1,13,224
18.0,12,1,14,225
18.0,12,1,15,226
18.0,12,2,0,212
18.0,12,2,1,213
18.0,12,2,2,214
18.0,12,2,3,215
18.0,12,2,4,216
18.0,12,2,5,217
18.0,12,2,6,218
18.0,12,2,7,219
18.0,12,2,8,220
18.0,12,2,9,221
18.0,12,2,10,222
18.0,12,2,11,223
18.0,12,2,12,224
18.0,12,2,13,225
18.0,12,2,14,226
18.0,12,2,15,227
18.0,12,3,0,213
18.0,12,3,1,214
18.0,12,3,2,215
18.0,12,3,3,216
18.0,12,3,4,217
18.0,12,3,5,218
18.0,12,3,6,219
18.0,12,3,7,220
18.0,12,3,8,221
18.0,12,3,9,222
18.0,12,3,10,223
18.0,12,3,11,224
18.0,12,3,12,225
18.0,12,3,13,226
18.0,12,3,14,227
18.0,12,3,15,228
18.0,12,4,0,214
18.0,12,4,1,215
18.0,12,4,2,216
18.0,12,4,3,217
18.0,12,4,4,219
18.0,12,4,5,220
18.0,12,4,6,221
18.0,12,4,7,222
18.0,12,4,8,223
18.0,12,4,9,224
18.0,12,4,10,225
18.0,12,4,11,226
18.0,12,4,12,227
18.0,12,4,13,228
18.0,12,4,14,229
18.0,12,4,15,230
18.0,12,5,0,216
18.0,12,5,1,217
18.0,12,5,2,218
18.0,12,5,3,219
18.0,12,5,4,220
18.0,12,5,5,221
18.0,12,5,6,222
18.0,12,5,7,223
18.0,12,5,8,224
18.0,12,5,9,225
18.0,12,5,10,226
18.0,12,5,11,227
18.0,12,5,12,228
18.0,12,5,13,229
18.0,12,5,14,230
18.0,12,5,15,231
18.0,12,6,0,217
18.0,12,6,1,218
18.0,12,6,2,219
18.0,12,6,3,220
18.0,12,6,4,221
18.0,12,6,5,222
18.0,12,6,6,223
18.0,12,6,7,224
18.0,12,6,8,225
18.0,12,6,9,226
18.0,12,6,10,227
18.0,12,6,11,228
18.0,12,6,12,229
18.0,12,6,13,230
18.0,12,6,14,231
18.0,12,6,15,232
18.0,12,7,0,218
18.0,12,7,1,219
18.0,12,7,2,220
18.0,12,7,3,221
18.0,12,7,4,222
18.0,12,7,5,223
18.0,12,7,6,224
18.0,12,7,7,225
18.0,12,7,8,226
18.0,12,7,9,227
18.0,12,7,10,228
18.0,12,7,11,229
18.0,12,7,12,231
18.0,12,7,13,232
18.0,12,7,14,233
18.0,12,7,15,234
18.0,12,8,0,219
18.0,12,8,1,220
18.0,12,8,2,221
18.0,12,8,3,222
18.0,12,8,4,223
18.0,12,8,5,225
18.0,12,8,6,226
18.0,12,8,7,227
18.0,12,8,8,228
18.0,12,8,9,229
18.0,12,8,10,230
18.0,12,8,11,231
18.0,12,8,12,232
18.0,12,8,13,233
18.0,12,8,14,234
18.0,12,8,15,235
18.0,12,9,0,220
18.0,12,9,1,222
18.0,12,9,2,223
18.0,12,9,3,224
18.0,12,9,4,225
18.0,12,9,5,226
18.0,12,9,6,227
18.0,12,9,7,228
18.0,12,9,8,229
18.0,12,9,9,230
18.0,12,9,10,231
18.0,12,9,11,232
18.0,12,9,12,233
18.0,12,9,13,234
18.0,12,9,14,235
18.0,12,9,15,236
18.0,12,10,0,222
18.0,12,10,1,223
18.0,12,10,2,224
18.0,12,10,3,225
18.0,12,10,4,226
18.0,12,10,5,227
18.0,12,10,6,228
18.0,12,10,7,229
18.0,12,10,8,230
18.0,12,10,9,231
18.0,12,10,10,232
18.0,12,10,11,233
18.0,12,10,12,234
18.0,12,10,13,235
18.0,12,10,14,236
18.0,12,10,15,237
18.0,12,11,0,223
18.0,12,11,1,224
18.0,12,11,2,225
18.0,12,11,3,226
18.0,12,11,4,227
18.0,12,11,5,228
18.0,12,11,6,229
18.0,12,11,7,230
18.0,12,11,8,231
18.0,12,11,9,232
18.0,12,11,10,234
18.0,12,11,11,235
18.0,12,11,12,236
18.0,12,11,13,237
18.0,12,11,14,238
18.0,12,11,15,239
18.0,12,12,0,224
18.0,12,12,1,225
18.0,12,12,2,226
18.0,12,12,3,227
18.0,12,12,4,228
18.0,12,12,5,229
18.0,12,12,6,231
18.0,12,12,7,232
18.0,12,12,8,233
18.0,12,12,9,234
18.0,12,12,10,235
18.0,12,12,11,236
18.0,12,12,12,237
18.0,12,12,13,238
18.0,12,12,14,239
18.0,12,12,15,240
18.0,12,13,0,225
18.0,12,13,1,226
18.0,12,13,2,227
18.0,12,13,3,228
18.0,12,13,4,230
18.0,12,13,5,231
18.0,12,13,6,232
18.0,12,13,7,233
18.0,12,13,8,234
18.0,12,13,9,235
18.0,12,13,10,236
18.0,12,13,11,237
18.0,12,13,12,238
18.0,12,13,13,239
18.0,12,13,14,240
18.0,12,13,15,241
18.0,12,14,0,226
18.0,12,14,1,227
18.0,12,14,2,229
18.0,12,14,3,230
18.0,12,14,4,231
18.0,12,14,5,232
18.0,12,14,6,233
18.0,12,14,7,234
18.0,12,14,8,235
18.0,12,14,9,236
18.0,12,14,10,237
18.0,12,14,11,238
18.0,12,14,12,239
18.0,12,14,13,240
18.0,12,14,14,241
18.0,12,14,15,242
18.0,12,15,0,228
18.0,12,15,1,229
18.0,12,15,2,230
18.0,12,15,3,231
18.0,12,15,4,232
18.0,12,15,5,233
18.0,12,15,6,234
18.0,12,15,7,235
18.0,12,15,8,236
18.0,12,15,9,237
18.0,12,15,10,238
18.0,12,15,11,239
18.0,12,15,12,241
18.0,12,15,13,242
18.0,12,15,14,243
18.0,12,15,15,244
18.0,13,0,0,212
18.0,13,0,1,213
18.0,13,0,2,214
18.0,13,0,3,215
18.0,13,0,4,216
18.0,13,0,5,217
18.0,13,0,6,218
18.0,13,0,7,219
18.0,13,0,8,220
18.0,13,0,9,221
18.0,13,0,10,222
18.0,13,0,11,223
18.0,13,0,12,224
18.0,13,0,13,225
18.0,13,0,14,226
18.0,13,0,15,227
18.0,13,1,0,214
18.0,13,1,1,215
18.0,13,1,2,216
18.0,13,1,3,217
18.0,13,1,4,218
18.0,13,1,5,219
18.0,13,1,6,220
18.0,13,1,7,221
18.0,13,1,8,222
18.0,13,1,9,223
18.0,13,1,10,224
18.0,13,1,11,225
18.0,13,1,12,226
18.0,13,1,13,227
18.0,13,1,14,228
18.0,13,1,15,229
18.0,13,2,0,215
18.0,13,2,1,216
18.0,13,2,2,217
18.0,13,2,3,218
18.0,13,2,4,219
18.0,13,2,5,220
18.0,13,2,6,221
18.0,13,2,7,222
18.0,13,2,8,223
18.0,13,2,9,224
18.0,13,2,10,225
18.0,13,2,11,226
18.0,13,2,12,227
18.0,13,2,13,228
18.0,13,2,14,229
18.0,13,2,15,230
18.0,13,3,0,216
18.0,13,3,1,217
18.0,13,3,2,218
18.0,13,3,3,219
18.0,13,3,4,220
18.0,13,3,5,221
18.0,13,3,6,222
18.0,13,3,7,223
18.0,13,3,8,224
18.0,13,3,9,225
18.0,13,3,10,226
18.0,13,3,11,227
18.0,13,3,12,228
18.0,13,3,13,229
18.0,13,3,14,230
18.0,13,3,15,231
18.0,13,4,0,217
18.0,13,4,1,218
18.0,13,4,2,219
18.0,13,4,3,221
18.0,13,4,4,222
18.0,13,4,5,223
18.0,13,4,6,224
18.0,13,4,7,225
18.0,13,4,8,226
18.0,13,4,9,227
18.0,13,4,10,228
18.0,13,4,11,229
18.0,13,4,12,230
18.0,13,4,13,231
18.0,13,4,14,232
18.0,13,4,15,233
18.0,13,5,0,219
18.0,13,5,1,220
18.0,13,5,2,221
18.0,13,5,3,222
18.0,13,5,4,223
18.0,13,5,5,224
18.0,13,5,6,225
18.0,13,5,7,226
18.0,13,5,8,227
18.0,13,5,9,228
18.0,13,5,10,229
18.0,13,5,11,230
18.0,13,5,12,231
18.0,13,5,13,232
18.0,13,5,14,233
18.0,13,5,15,234
18.0,13,6,0,220
18.0,13,6,1,221
18.0,13,6,2,222
18.0,13,6,3,223
18.0,13,6,4,224
18.0,13,6,5,225
18.0,13,6,6,226
18.0,13,6,7,227
18.0,13,6,8,228
18.0,13,6,9,229
18.0,13,6,10,230
18.0,13,6,11,231
18.0,13,6,12,232
18.0,13,6,13,233
18.0,13,6,14,234
18.0,13,6,15,235
18.0,13,7,0,221
18.0,13,7,1,222
18.0,13,7,2,223
18.0,13,7,3,224
18.0,13,7,4,225
18.0,13,7,5,226
18.0,13,7,6,228
18.0,13,7,7,229
18.0,13,7,8,230
18.0,13,7,9,231
18.0,13,7,10,232
18.0,13,7,11,233
18.0,13,7,12,234
18.0,13,7,13,235
18.0,13,7,14,236
18.0,13,7,15,237
18.0,13,8,0,222
18.0,13,8,1,223
18.0,13,8,2,224
18.0,13,8,3,226
18.0,13,8,4,227
18.0,13,8,5,228
18.0,13,8,6,229
18.0,13,8,7,230
18.0,13,8,8,231
18.0,13,8,9,232
18.0,13,8,10,233
18.0,13,8,11,234
18.0,13,8,12,235
18.0,13,8,13,236
18.0,13,8,14,237
18.0,13,8,15,238
18.0,13,9,0,224
18.0,13,9,1,225
18.0,13,9,2,226
18.0,13,9,3,227
18.0,13,9,4,228
18.0,13,9,5,229
18.0,13,9,6,230
18.0,13,9,7,231
18.0,13,9,8,232
18.0,13,9,9,233
18.0,13,9,10,234
18.0,13,9,11,235
18.0,13,9,12,236
18.0,13,9,13,237
18.0,13,9,14,238
18.0,13,9,15,239
18.0,13,10,0,225
18.0,13,10,1,226
18.0,13,10,2,227
18.0,13,10,3,228
18.0,13,10,4,229
18.0,13,10,5,230
18.0,13,10,6,231
18.0,13,10,7,232
18.0,13,10,8,233
18.0,13,10,9,234
18.0,13,10,10,236
18.0,13,10,11,237
18.0,13,10,12,238
18.0,13,10,13,239
18.0,13,10,14,240
18.0,13,10,15,241
18.0,13,11,0,226
18.0,13,11,1,227
18.0,13,11,2,228
18.0,13,11,3,229
18.0,13,11,4,230
18.0,13,11,5,231
18.0,13,11,6,233
18.0,13,11,7,234
18.0,13,11,8,235
18.0,13,11,9,236
18.0,13,11,10,237
18.0,13,11,11,238
18.0,13,11,12,239
18.0,13,11,13,240
18.0,13,11,14,241
18.0,13,11,15,242
18.0,13,12,0,227
18.0,13,12,1,228
18.0,13,12,2,229
18.0,13,12,3,230
18.0,13,12,4,232
18.0,13,12,5,233
18.0,13,12,6,234
18.0,13,12,7,235
18.0,13,12,8,236
18.0,13,12,9,237
18.0,13,12,10,238
18.0,13,12,11,239
18.0,13,12,12,240
18.0,13,12,13,241
18.0,13,12,14,242
18.0,13,12,15,243
18.0,13,13,0,228
18.0,13,13,1,229
18.0,13,13,2,231
18.0,13,13,3,232
18.0,13,13,4,233
18.0,13,13,5,234
18.0,13,13,6,235
18.0,13,13,7,236
18.0,13,13,8,237
18.0,13,13,9,238
18.0,13,13,10,239
18.0,13,13,11,240
18.0,13,13,12,241
18.0,13,13,13,243
18.0,13,13,14,244
18.0,13,13,15,245
18.0,13,14,0,230
18.0,13,14,1,231
18.0,13,14,2,232
18.0,13,14,3,233
18.0,13,14,4,234
18.0,13,14,5,235
18.0,13,14,6,236
18.0,13,14,7,237
18.0,13,14,8,238
18.0,13,14,9,239
18.0,13,14,10,241
18.0,13,14,11,242
18.0,13,14,12,243
18.0,13,14,13,244
18.0,13,14,14,245
18.0,13,14,15,246
18.0,13,15,0,231
18.0,13,15,1,232
18.0,13,15,2,233
18.0,13,15,3,234
18.0,13,15,4,235
18.0,13,15,5,236
18.0,13,15,6,237
18.0,13,15,7,239
18.0,13,15,8,240
18.0,13,15,9,241
18.0,13,15,10,242
18.0,13,15,11,243
18.0,13,15,12,244
18.0,13,15,13,245
18.0,13,15,14,246
18.0,13,15,15,247
18.0,14,0,0,215
18.0,14,0,1,216
18.0,14,0,2,217
18.0,14,0,3,218
18.0,14,0,4,219
18.0,14,0,5,220
18.0,14,0,6,222
18.0,14,0,7,223
18.0,14,0,8,224
18.0,14,0,9,225
18.0,14,0,10,226
18.0,14,0,11,227
18.0,14,0,12,228
18.0,14,0,13,229
18.0,14,0,14,230
18.0,14,0,15,231
18.0,14,1,0,217
18.0,14,1,1,218
18.0,14,1,2,219
18.0,14,1,3,220
18.0,14,1,4,221
18.0,14,1,5,222
18.0,14,1,6,223
18.0,14,1,7,224
18.0,14,1,8,225
18.0,14,1,9,226
18.0,14,1,10,227
18.0,14,1,11,228
18.0,14,1,12,229
18.0,14,1,13,230
18.0,14,1,14,231
18.0,14,1,15,232
18.0,14,2,0,218
18.0,14,2,1,219
18.0,14,2,2,220
18.0,14,2,3,221
18.0,14,2,4,222
18.0,14,2,5,223
18.0,14,2,6,224
18.0,14,2,7,225
18.0,14,2,8,226
18.0,14,2,9,227
18.0,14,2,10,228
18.0,14,2,11,229
18.0,14,2,12,230
18.0,14,2,13,231
18.0,14,2,14,232
18.0,14,2,15,233
18.0,14,3,0,219
18.0,14,3,1,220
18.0,14,3,2,221
18.0,14,3,3,222
18.0,14,3,4,223
18.0,14,3,5,224
18.0,14,3,6,225
18.0,14,3,7,227
18.0,14,3,8,228
18.0,14,3,9,229
18.0,14,3,10,230
18.0,14,3,11,231
18.0,14,3,12,232
18.0,14,3,13,233
18.0,14,3,14,234
18.0,14,3,15,235
18.0,14,4,0,220
18.0,14,4,1,221
18.0,14,4,2,223
18.0,14,4,3,224
18.0,14,4,4,225
18.0,14,4,5,226
18.0,14,4,6,227
18.0,14,4,7,228
18.0,14,4,8,229
18.0,14,4,9,230
18.0,14,4,10,231
18.0,14,4,11,232
18.0,14,4,12,233
18.0,14,4,13,234
18.0,14,4,14,235
18.0,14,4,15,236
18.0,14,5,0,222
18.0,14,5,1,223
18.0,14,5,2,224
18.0,14,5,3,225
18.0,14,5,4,226
18.0,14,5,5,227
18.0,14,5,6,228
18.0,14,5,7,229
18.0,14,5,8,230
18.0,14,5,9,231
18.0,14,5,10,232
18.0,14,5,11,233
18.0,14,5,12,234
18.0,14,5,13,235
18.0,14,5,14,236
18.0,14,5,15,237
18.0,14,6,0,223
18.0,14,6,1,224
18.0,14,6,2,225
18.0,14,6,3,226
18.0,14,6,4,227
18.0,14,6,5,228
18.0,14,6,6,229
18.0,14,6,7,230
18.0,14,6,8,232
18.0,14,6,9,233
18.0,14,6,10,234
18.0,14,6,11,235
18.0,14,6,12,236
18.0,14,6,13,237
18.0,14,6,14,238
18.0,14,6,15,239
18.0,14,7,0,224
18.0,14,7,1,225
18.0,14,7,2,226
18.0,14,7,3,227
18.0,14,7,4,229
18.0,14,7,5,230
18.0,14,7,6,231
18.0,14,7,7,232
18.0,14,7,8,233
18.0,14,7,9,234
18.0,14,7,10,235
18.0,14,7,11,236
18.0,14,7,12,237
18.0,14,7,13,238
18.0,14,7,14,239
18.0,14,7,15,240
18.0,14,8,0,225
18.0,14,8,1,227
18.0,14,8,2,228
18.0,14,8,3,229
18.0,14,8,4,230
18.0,14,8,5,231
18.0,14,8,6,232
18.0,14,8,7,233
18.0,14,8,8,234
18.0,14,8,9,235
18.0,14,8,10,236
18.0,14,8,11,237
18.0,14,8,12,238
18.0,14,8,13,239
18.0,14,8,14,240
18.0,14,8,15,241
18.0,14,9,0,227
18.0,14,9,1,228
18.0,14,9,2,229
18.0,14,9,3,230
18.0,14,9,4,231
18.0,14,9,5,232
18.0,14,9,6,233
18.0,14,9,7,234
18.0,14,9,8,235
18.0,14,9,9,236
18.0,14,9,10,238
18.0,14,9,11,239
18.0,14,9,12,240
18.0,14,9,13,241
18.0,14,9,14,242
18.0,14,9,15,243
18.0,14,10,0,228
18.0,14,10,1,229
18.0,14,10,2,230
18.0,14,10,3,231
18.0,14,10,4,232
18.0,14,10,5,233
18.0,14,10,6,234
18.0,14,10,7,236
18.0,14,10,8,237
18.0,14,10,9,238
18.0,14,10,10,239
18.0,14,10,11,240
18.0,14,10,12,241
18.0,14,10,13,242
18.0,14,10,14,243
18.0,14,10,15,244
18.0,14,11,0,229
18.0,14,11,1,230
18.0,14,11,2,231
18.0,14,11,3,232
18.0,14,11,4,234
18.0,14,11,5,235
18.0,14,11,6,236
18.0,14,11,7,237
18.0,14,11,8,238
18.0,14,11,9,239
18.0,14,11,10,240
18.0,14,11,11,241
18.0,14,11,12,242
18.0,14,11,13,243
18.0,14,11,14,244
18.0,14,11,15,245
18.0,14,12,0,230
18.0,14,12,1,231
18.0,14,12,2,233
18.0,14,12,3,234
18.0,14,12,4,235
18.0,14,12,5,236
18.0,14,12,6,237
18.0,14,12,7,238
18.0,14,12,8,239
18.0,14,12,9,240
18.0,14,12,10,241
18.0,14,12,11,242
18.0,14,12,12,244
18.0,14,12,13,245
18.0,14,12,14,246
18.0,14,12,15,247
18.0,14,13,0,232
18.0,14,13,1,233
18.0,14,13,2,234
18.0,14,13,3,235
18.0,14,13,4,236
18.0,14,13,5,237
18.0,14,13,6,238
18.0,14,13,7,239
18.0,14,13,8,240
18.0,14,13,9,242
18.0,14,13,10,243
18.0,14,13,11,244
18.0,14,13,12,245
18.0,14,13,13,246
18.0,14,13,14,247
18.0,14,13,15,248
18.0,14,14,0,233
18.0,14,14,1,234
18.0,14,14,2,235
18.0,14,14,3,236
18.0,14,14,4,237
18.0,14,14,5,238
18.0,14,14,6,239
18.0,14,14,7,241
18.0,14,14,8,242
18.0,14,14,9,243
18.0,14,14,10,244
18.0,14,14,11,245
18.0,14,14,12,246
18.0,14,14,13,247
18.0,14,14,14,248
18.0,14,14,15,249
18.0,14,15,0,234
18.0,14,15,1,235
18.0,14,15,2,236
18.0,14,15,3,237
18.0,14,15,4,238
18.0,14,15,5,240
18.0,14,15,6,241
18.0,14,15,7,242
18.0,14,15,8,243
18.0,14,15,9,244
18.0,14,15,10,245
18.0,14,15,11,246
18.0,14,15,12,247
18.0,14,15,13,248
18.0,14,15,14,250
18.0,14,15,15,251
18.0,15,0,0,218
18.0,15,0,1,219
18.0,15,0,2,220
18.0,15,0,3,221
18.0,15,0,4,222
18.0,15,0,5,224
18.0,15,0,6,225
18.0,15,0,7,226
18.0,15,0,8,227
18.0,15,0,9,228
18.0,15,0,10,229
18.0,15,0,11,230
18.0,15,0,12,231
18.0,15,0,13,232
18.0,15,0,14,233
18.0,15,0,15,234
18.0,15,1,0,220
18.0,15,1,1,221
18.0,15,1,2,222
18.0,15,1,3,223
18.0,15,1,4,224
18.0,15,1,5,225
18.0,15,1,6,226
18.0,15,1,7,227
18.0,15,1,8,228
18.0,15,1,9,229
18.0,15,1,10,230
18.0,15,1,11,231
18.0,15,1,12,232
18.0,15,1,13,233
18.0,15,1,14,234
18.0,15,1,15,235
18.0,15,2,0,221
18.0,15,2,1,222
18.0,15,2,2,223
18.0,15,2,3,224
18.0,15,2,4,225
18.0,15,2,5,226
18.0,15,2,6,227
18.0,15,2,7,228
18.0,15,2,8,229
18.0,15,2,9,230
18.0,15,2,10,231
18.0,15,2,11,232
18.0,15,2,12,233
18.0,15,2,13,235
18.0,15,2,14,236
18.0,15,2,15,237
18.0,15,3,0,222
18.0,15,3,1,223
18.0,15,3,2,224
18.0,15,3,3,225
18.0,15,3,4,226
18.0,15,3,5,228
18.0,15,3,6,229
18.0,15,3,7,230
18.0,15,3,8,231
18.0,15,3,9,232
18.0,15,3,10,233
18.0,15,3,11,234
18.0,15,3,12,235
18.0,15,3,13,236
18.0,15,3,14,237
18.0,15,3,15,238
18.0,15,4,0,223
18.0,15,4,1,225
18.0,15,4,2,226
18.0,15,4,3,227
18.0,15,4,4,228
18.0,15,4,5,229
18.0,15,4,6,230
18.0,15,4,7,231
18.0,15,4,8,232
18.0,15,4,9,233
18.0,15,4,10,234
18.0,15,4,11,235
18.0,15,4,12,236
18.0,15,4,13,237
18.0,15,4,14,238
18.0,15,4,15,239
18.0,15,5,0,225
18.0,15,5,1,226
18.0,15,5,2,227
18.0,15,5,3,228
18.0,15,5,4,229
18.0,15,5,5,230
18.0,15,5,6,231
18.0,15,5,7,232
18.0,15,5,8,233
18.0,15,5,9,234
18.0,15,5,10,235
18.0,15,5,11,237
18.0,15,5,12,238
18.0,15,5,13,239
18.0,15,5,14,240
18.0,15,5,15,241
18.0,15,6,0,226
18.0,15,6,1,227
18.0,15,6,2,228
18.0,15,6,3,229
18.0,15,6,4,230
18.0,15,6,5,231
18.0,15,6,6,233
18.0,15,6,7,234
18.0,15,6,8,235
18.0,15,6,9,236
18.0,15,6,10,237
18.0,15,6,11,238
18.0,15,6,12,239
18.0,15,6,13,240
18.0,15,6,14,241
18.0,15,6,15,242
18.0,15,7,0,227
18.0,15,7,1,228
18.0,15,7,2,229
18.0,15,7,3,231
18.0,15,7,4,232
18.0,15,7,5,233
18.0,15,7,6,234
18.0,15,7,7,235
18.0,15,7,8,236
18.0,15,7,9,237
18.0,15,7,10,238
18.0,15,7,11,239
18.0,15,7,12,240
18.0,15,7,13,241
18.0,15,7,14,242
18.0,15,7,15,243
18.0,15,8,0,229
18.0,15,8,1,230
18.0,15,8,2,231
18.0,15,8,3,232
18.0,15,8,4,233
18.0,15,8,5,234
18.0,15,8,6,235
18.0,15,8,7,236
18.0,15,8,8,237
18.0,15,8,9,238
18.0,15,8,10,239
18.0,15,8,11,241
18.0,15,8,12,242
18.0,15,8,13,243
18.0,15,8,14,244
18.0,15,8,15,245
18.0,15,9,0,230
18.0,15,9,1,231
18.0,15,9,2,232
18.0,15,9,3,233
18.0,15,9,4,234
18.0,15,9,5,235
18.0,15,9,6,236
18.0,15,9,7,238
18.0,15,9,8,239
18.0,15,9,9,240
18.0,15,9,10,241
18.0,15,9,11,242
18.0,15,9,12,243
18.0,15,9,13,244
18.0,15,9,14,245
18.0,15,9,15,246
18.0,15,10,0,231
18.0,15,10,1,232
18.0,15,10,2,233
18.0,15,10,3,234
18.0,15,10,4,236
18.0,15,10,5,237
18.0,15,10,6,238
18.0,15,10,7,239
18.0,15,10,8,240
18.0,15,10,9,241
18.0,15,10,10,242
18.0,15,10,11,243
18.0,15,10,12,244
18.0,15,10,13,245
18.0,15,10,14,246
18.0,15,10,15,247
18.0,15,11,0,232
18.0,15,11,1,233
18.0,15,11,2,235
18.0,15,11,3,236
18.0,15,11,4,237
18.0,15,11,5,238
18.0,15,11,6,239
18.0,15,11,7,240
18.0,15,11,8,241
18.0,15,11,9,242
18.0,15,11,10,243
18.0,15,11,11,244
18.0,15,11,12,246
18.0,15,11,13,247
18.0,15,11,14,248
18.0,15,11,15,249
18.0,15,12,0,233
18.0,15,12,1,235
18.0,15,12,2,236
18.0,15,12,3,237
18.0,15,12,4,238
18.0,15,12,5,239
18.0,15,12,6,240
18.0,15,12,7,241
18.0,15,12,8,242
18.0,15,12,9,244
18.0,15,12,10,245
18.0,15,12,11,246
18.0,15,12,12,247
18.0,15,12,13,248
18.0,15,12,14,249
18.0,15,12,15,250
18.0,15,13,0,235
18.0,15,13,1,236
18.0,15,13,2,237
18.0,15,13,3,238
18.0,15,13,4,239
18.0,15,13,5,240
18.0,15,13,6,242
18.0,15,13,7,243
18.0,15,13,8,244
18.0,15,13,9,245
18.0,15,13,10,246
18.0,15,13,11,247
18.0,15,13,12,248
18.0,15,13,13,249
18.0,15,13,14,250
18.0,15,13,15,251
18.0,15,14,0,236
18.0,15,14,1,237
18.0,15,14,2,238
18.0,15,14,3,239
18.0,15,14,4,241
18.0,15,14,5,242
18.0,15,14,6,243
18.0,15,14,7,244
18.0,15,14,8,245
18.0,15,14,9,246
18.0,15,14,10,247
18.0,15,14,11,248
18.0,15,14,12,249
18.0,15,14,13,251
18.0,15,14,14,252
18.0,15,14,15,253
18.0,15,15,0,237
18.0,15,15,1,238
18.0,15,15,2,239
18.0,15,15,3,241
18.0,15,15,4,242
18.0,15,15,5,243
18.0,15,15,6,244
18.0,15,15,7,245
18.0,15,15,8,246
18.0,15,15,9,247
18.0,15,15,10,249
18.0,15,15,11,250
18.0,15,15,12,251
18.0,15,15,13,252
18.0,15,15,14,253
18.0,15,15,15,254
18.5,0,0,0,179
18.5,0,0,1,180
18.5,0,0,2,180
18.5,0,0,3,181
18.5,0,0,4,182
18.5,0,0,5,183
18.5,0,0,6,184
18.5,0,0,7,185
18.5,0,0,8,186
18.5,0,0,9,186
18.5,0,0,10,187
18.5,0,0,11,188
18.5,0,0,12,189
18.5,0,0,13,190
18.5,0,0,14,191
18.5,0,0,15,191
18.5,0,1,0,180
18.5,0,1,1,181
18.5,0,1,2,182
18.5,0,1,3,182
18.5,0,1,4,183
18.5,0,1,5,184
18.5,0,1,6,185
18.5,0,1,7,186
18.5,0,1,8,187
18.5,0,1,9,188
18.5,0,1,10,188
18.5,0,1,11,189
18.5,0,1,12,190
18.5,0,1,13,191
18.5,0,1,14,192
18.5,0,1,15,193
18.5,0,2,0,181
18.5,0,2,1,182
18.5,0,2,2,183
18.5,0,2,3,184
18.5,0,2,4,184
18.5,0,2,5,185
18.5,0,2,6,186
18.5,0,2,7,187
18.5,0,2,8,188
18.5,0,2,9,189
18.5,0,2,10,190
18.5,0,2,11,190
18.5,0,2,12,191
18.5,0,2,13,192
18.5,0,2,14,193
18.5,0,2,15,194
18.5,0,3,0,182
18.5,0,3,1,183
18.5,0,3,2,184
18.5,0,3,3,185
18.5,0,3,4,185
18.5,0,3,5,186
18.5,0,3,6,187
18.5,0,3,7,188
18.5,0,3,8,189
18.5,0,3,9,190
18.5,0,3,10,191
18.5,0,3,11,192
18.5,0,3,12,192
18.5,0,3,13,193
18.5,0,3,14,194
18.5,0,3,15,195
18.5,0,4,0,183
18.5,0,4,1,184
18.5,0,4,2,185
18.5,0,4,3,186
18.5,0,4,4,187
18.5,0,4,5,187
18.5,0,4,6,188
18.5,0,4,7,189
18.5,0,4,8,190
18.5,0,4,9,191
18.5,0,4,10,192
18.5,0,4,11,193
18.5,0,4,12,193
18.5,0,4,13,194
18.5,0,4,14,195
18.5,0,4,15,196
18.5,0,5,0,184
18.5,0,5,1,185
18.5,0,5,2,186
18.5,0,5,3,187
18.5,0,5,4,188
18.5,0,5,5,189
18.5,0,5,6,189
18.5,0,5,7,190
18.5,0,5,8,191
18.5,0,5,9,192
18.5,0,5,10,193
18.5,0,5,11,194
18.5,0,5,12,195
18.5,0,5,13,195
18.5,0,5,14,196
18.5,0,5,15,197
18.5,0,6,0,185
18.5,0,6,1,186
18.5,0,6,2,187
18.5,0,6,3,188
18.5,0,6,4,189
18.5,0,6,5,190
18.5,0,6,6,190
18.5,0,6,7,191
18.5,0,6,8,192
18.5,0,6,9,193
18.5,0,6,10,194
18.5,0,6,11,195
18.5,0,6,12,196
18.5,0,6,13,197
18.5,0,6,14,197
18.5,0,6,15,198
18.5,0,7,0,186
18.5,0,7,1,187
18.5,0,7,2,188
18.5,0,7,3,189
18.5,0,7,4,190
18.5,0,7,5,191
18.5,0,7,6,192
18.5,0,7,7,192
18.5,0,7,8,193
18.5,0,7,9,194
18.5,0,7,10,195
18.5,0,7,11,196
18.5,0,7,12,197
18.5,0,7,13,198
18.5,0,7,14,199
18.5,0,7,15,199
18.5,0,8,0,187
18.5,0,8,1,188
18.5,0,8,2,189
18.5,0,8,3,190
18.5,0,8,4,191
18.5,0,8,5,192
18.5,0,8,6,193
18.5,0,8,7,193
18.5,0,8,8,194
18.5,0,8,9,195
18.5,0,8,10,196
18.5,0,8,11,197
18.5,0,8,12,198
18.5,0,8,13,199
18.5,0,8,14,200
18.5,0,8,15,200
18.5,0,9,0,188
18.5,0,9,1,189
18.5,0,9,2,190
18.5,0,9,3,191
18.5,0,9,4,192
18.5,0,9,5,193
18.5,0,9,6,194
18.5,0,9,7,195
18.5,0,9,8,195
18.5,0,9,9,196
18.5,0,9,10,197
18.5,0,9,11,198
18.5,0,9,12,199
18.5,0,9,13,200
18.5,0,9,14,201
18.5,0,9,15,202
18.5,0,10,0,189
18.5,0,10,1,190
18.5,0,10,2,191
18.5,0,10,3,192
18.5,0,10,4,193
18.5,0,10,5,194
18.5,0,10,6,195
18.5,0,10,7,196
18.5,0,10,8,197
18.5,0,10,9,197
18.5,0,10,10,198
18.5,0,10,11,199
18.5,0,10,12,200
18.5,0,10,13,201
18.5,0,10,14,202
18.5,0,10,15,203
18.5,0,11,0,190
18.5,0,11,1,191
18.5,0,11,2,192
18.5,0,11,3,193
18.5,0,11,4,194
18.5,0,11,5,195
18.5,0,11,6,196
18.5,0,11,7,197
18.5,0,11,8,198
18.5,0,11,9,198
18.5,0,11,10,199
18.5,0,11,11,200
18.5,0,11,12,201
18.5,0,11,13,202
18.5,0,11,14,203
18.5,0,11,15,204
18.5,0,12,0,191
18.5,0,12,1,192
18.5,0,12,2,193
18.5,0,12,3,194
18.5,0,12,4,195
18.5,0,12,5,196
18.5,0,12,6,197
18.5,0,12,7,198
18.5,0,12,8,199
18.5,0,12,9,200
18.5,0,12,10,200
18.5,0,12,11,201
18.5,0,12,12,202
18.5,0,12,13,203
18.5,0,12,14,204
18.5,0,12,15,205
18.5,0,13,0,192
18.5,0,13,1,193
18.5,0,13,2,194
18.5,0,13,3,195
18.5,0,13,4,196
18.5,0,13,5,197
18.5,0,13,6,198
18.5,0,13,7,199
18.5,0,13,8,200
18.5,0,13,9,201
18.5,0,13,10,201
18.5,0,13,11,202
18.5,0,13,12,203
18.5,0,13,13,204
18.5,0,13,14,205
18.5,0,13,15,206
18.5,0,14,0,193
18.5,0,14,1,194
18.5,0,14,2,195
18.5,0,14,3,196
18.5,0,14,4,197
18.5,0,14,5,198
18.5,0,14,6,199
18.5,0,14,7,200
18.5,0,14,8,201
18.5,0,14,9,202
18.5,0,14,10,203
18.5,0,14,11,203
18.5,0,14,12,204
18.5,0,14,13,205
18.5,0,14,14,206
18.5,0,14,15,207
18.5,0,15,0,194
18.5,0,15,1,195
18.5,0,15,2,196
18.5,0,15,3,197
18.5,0,15,4,198
18.5,0,15,5,199
18.5,0,15,6,200
18.5,0,15,7,201
18.5,0,15,8,202
18.5,0,15,9,203
18.5,0,15,10,204
18.5,0,15,11,204
18.5,0,15,12,205
18.5,0,15,13,206
18.5,0,15,14,207
18.5,0,15,15,208
18.5,1,0,0,182
18.5,1,0,1,183
18.5,1,0,2,184
18.5,1,0,3,184
18.5,1,0,4,185
18.5,1,0,5,186
18.5,1,0,6,187
18.5,1,0,7,188
18.5,1,0,8,189
18.5,1,0,9,190
18.5,1,0,10,190
18.5,1,0,11,191
18.5,1,0,12,192
18.5,1,0,13,193
18.5,1,0,14,194
18.5,1,0,15,195
18.5,1,1,0,183
18.5,1,1,1,184
18.5,1,1,2,185
18.5,1,1,3,186
18.5,1,1,4,186
18.5,1,1,5,187
18.5,1,1,6,188
18.5,1,1,7,189
18.5,1,1,8,190
18.5,1,1,9,191
18.5,1,1,10,192
18.5,1,1,11,192
18.5,1,1,12,193
18.5,1,1,13,194
18.5,1,1,14,195
18.5,1,1,15,196
18.5,1,2,0,184
18.5,1,2,1,185
18.5,1,2,2,186
18.5,1,2,3,187
18.5,1,2,4,188
18.5,1,2,5,188
18.5,1,2,6,189
18.5,1,2,7,190
18.5,1,2,8,191
18.5,1,2,9,192
18.5,1,2,10,193
18.5,1,2,11,194
18.5,1,2,12,194
18.5,1,2,13,195
18.5,1,2,14,196
18.5,1,2,15,197
18.5,1,3,0,185
18.5,1,3,1,186
18.5,1,3,2,187
18.5,1,3,3,188
18.5,1,3,4,189
18.5,1,3,5,190
18.5,1,3,6,190
18.5,1,3,7,191
18.5,1,3,8,192
18.5,1,3,9,193
18.5,1,3,10,194
18.5,1,3,11,195
18.5,1,3,12,196
18.5,1,3,13,196
18.5,1,3,14,197
18.5,1,3,15,198
18.5,1,4,0,186
18.5,1,4,1,187
18.5,1,4,2,188
18.5,1,4,3,189
18.5,1,4,4,190
18.5,1,4,5,191
18.5,1,4,6,192
18.5,1,4,7,192
18.5,1,4,8,193
18.5,1,4,9,194
18.5,1,4,10,195
18.5,1,4,11,196
18.5,1,4,12,197
18.5,1,4,13,198
18.5,1,4,14,198
18.5,1,4,15,199
18.5,1,5,0,187
18.5,1,5,1,188
18.5,1,5,2,189
18.5,1,5,3,190
18.5,1,5,4,191
18.5,1,5,5,192
18.5,1,5,6,193
18.5,1,5,7,193
18.5,1,5,8,194
18.5,1,5,9,195
18.5,1,5,10,196
18.5,1,5,11,197
18.5,1,5,12,198
18.5,1,5,13,199
18.5,1,5,14,200
18.5,1,5,15,200
18.5,1,6,0,188
18.5,1,6,1,189
18.5,1,6,2,190
18.5,1,6,3,191
18.5,1,6,4,192
18.5,1,6,5,193
18.5,1,6,6,194
18.5,1,6,7,195
18.5,1,6,8,195
18.5,1,6,9,196
18.5,1,6,10,197
18.5,1,6,11,198
18.5,1,6,12,199
18.5,1,6,13,200
18.5,1,6,14,201
18.5,1,6,15,202
18.5,1,7,0,189
18.5,1,7,1,190
18.5,1,7,2,191
18.5,1,7,3,192
18.5,1,7,4,193
18.5,1,7,5,194
18.5,1,7,6,195
18.5,1,7,7,196
18.5,1,7,8,197
18.5,1,7,9,197
18.5,1,7,10,198
18.5,1,7,11,199
18.5,1,7,12,200
18.5,1,7,13,201
18.5,1,7,14,202
18.5,1,7,15,203
18.5,1,8,0,190
18.5,1,8,1,191
18.5,1,8,2,192
18.5,1,8,3,193
18.5,1,8,4,194
18.5,1,8,5,195
18.5,1,8,6,196
18.5,1,8,7,197
18.5,1,8,8,198
18.5,1,8,9,199
18.5,1,8,10,199
18.5,1,8,11,200
18.5,1,8,12,201
18.5,1,8,13,202
18.5,1,8,14,203
18.5,1,8,15,204
18.5,1,9,0,191
18.5,1,9,1,192
18.5,1,9,2,193
18.5,1,9,3,194
18.5,1,9,4,195
18.5,1,9,5,196
18.5,1,9,6,197
18.5,1,9,7,198
18.5,1,9,8,199
18.5,1,9,9,200
18.5,1,9,10,201
18.5,1,9,11,201
18.5,1,9,12,202
18.5,1,9,13,203
18.5,1,9,14,204
18.5,1,9,15,205
18.5,1,10,0,192
18.5,1,10,1,193
18.5,1,10,2,194
18.5,1,10,3,195
18.5,1,10,4,196
18.5,1,10,5,197
18.5,1,10,6,198
18.5,1,10,7,199
18.5,1,10,8,200
18.5,1,10,9,201
18.5,1,10,10,202
18.5,1,10,11,203
18.5,1,10,12,203
18.5,1,10,13,204
18.5,1,10,14,205
18.5,1,10,15,206
18.5,1,11,0,193
18.5,1,11,1,194
18.5,1,11,2,195
18.5,1,11,3,196
18.5,1,11,4,197
18.5,1,11,5,198
18.5,1,11,6,199
18.5,1,11,7,200
18.5,1,11,8,201
18.5,1,11,9,202
18.5,1,11,10,203
18.5,1,11,11,204
18.5,1,11,12,205
18.5,1,11,13,205
18.5,1,11,14,206
18.5,1,11,15,207
18.5,1,12,0,194
18.5,1,12,1,195
18.5,1,12,2,196
18.5,1,12,3,197
18.5,1,12,4,198
18.5,1,12,5,199
18.5,1,12,6,200
18.5,1,12,7,201
18.5,1,12,8,202
18.5,1,12,9,203
18.5,1,12,10,204
18.5,1,12,11,205
18.5,1,12,12,206
18.5,1,12,13,207
18.5,1,12,14,207
18.5,1,12,15,208
18.5,1,13,0,196
18.5,1,13,1,196
18.5,1,13,2,197
18.5,1,13,3,198
18.5,1,13,4,199
18.5,1,13,5,200
18.5,1,13,6,201
18.5,1,13,7,202
18.5,1,13,8,203
18.5,1,13,9,204
18.5,1,13,10,205
18.5,1,13,11,206
18.5,1,13,12,207
18.5,1,13,13,208
18.5,1,13,14,209
18.5,1,13,15,209
18.5,1,14,0,197
18.5,1,14,1,197
18.5,1,14,2,198
18.5,1,14,3,199
18.5,1,14,4,200
18.5,1,14,5,201
18.5,1,14,6,202
18.5,1,14,7,203
18.5,1,14,8,204
18.5,1,14,9,205
18.5,1,14,10,206
18.5,1,14,11,207
18.5,1,14,12,208
18.5,1,14,13,209
18.5,1,14,14,210
18.5,1,14,15,211
18.5,1,15,0,198
18.5,1,15,1,199
18.5,1,15,2,199
18.5,1,15,3,200
18.5,1,15,4,201
18.5,1,15,5,202
18.5,1,15,6,203
18.5,1,15,7,204
18.5,1,15,8,205
18.5,1,15,9,206
18.5,1,15,10,207
18.5,1,15,11,208
18.5,1,15,12,209
18.5,1,15,13,210
18.5,1,15,14,211
18.5,1,15,15,212
18.5,2,0,0,185
18.5,2,0,1,186
18.5,2,0,2,187
18.5,2,0,3,187
18.5,2,0,4,188
18.5,2,0,5,189
18.5,2,0,6,190
18.5,2,0,7,191
18.5,2,0,8,192
18.5,2,0,9,193
18.5,2,0,10,194
18.5,2,0,11,195
18.5,2,0,12,195
18.5,2,0,13,196
18.5,2,0,14,197
18.5,2,0,15,198
18.5,2,1,0,186
18.5,2,1,1,187
18.5,2,1,2,188
18.5,2,1,3,189
18.5,2,1,4,190
18.5,2,1,5,190
18.5,2,1,6,191
18.5,2,1,7,192
18.5,2,1,8,193
18.5,2,1,9,194
18.5,2,1,10,195
18.5,2,1,11,196
18.5,2,1,12,197
18.5,2,1,13,197
18.5,2,1,14,198
18.5,2,1,15,199
18.5,2,2,0,187
18.5,2,2,1,188
18.5,2,2,2,189
18.5,2,2,3,190
18.5,2,2,4,191
18.5,2,2,5,192
18.5,2,2,6,192
18.5,2,2,7,193
18.5,2,2,8,194
18.5,2,2,9,195
18.5,2,2,10,196
18.5,2,2,11,197
18.5,2,2,12,198
18.5,2,2,13,199
18.5,2,2,14,199
18.5,2,2,15,200
18.5,2,3,0,188
18.5,2,3,1,189
18.5,2,3,2,190
18.5,2,3,3,191
18.5,2,3,4,192
18.5,2,3,5,193
18.5,2,3,6,194
18.5,2,3,7,194
18.5,2,3,8,195
18.5,2,3,9,196
18.5,2,3,10,197
18.5,2,3,11,198
18.5,2,3,12,199
18.5,2,3,13,200
18.5,2,3,14,201
18.5,2,3,15,202
18.5,2,4,0,189
18.5,2,4,1,190
18.5,2,4,2,191
18.5,2,4,3,192
18.5,2,4,4,193
18.5,2,4,5,194
18.5,2,4,6,195
18.5,2,4,7,196
18.5,2,4,8,197
18.5,2,4,9,197
18.5,2,4,10,198
18.5,2,4,11,199
18.5,2,4,12,200
18.5,2,4,13,201
18.5,2,4,14,202
18.5,2,4,15,203
18.5,2,5,0,190
18.5,2,5,1,191
18.5,2,5,2,192
18.5,2,5,3,193
18.5,2,5,4,194
18.5,2,5,5,195
18.5,2,5,6,196
18.5,2,5,7,197
18.5,2,5,8,198
18.5,2,5,9,199
18.5,2,5,10,199
18.5,2,5,11,200
18.5,2,5,12,201
18.5,2,5,13,202
18.5,2,5,14,203
18.5,2,5,15,204
18.5,2,6,0,191
18.5,2,6,1,192
18.5,2,6,2,193
18.5,2,6,3,194
18.5,2,6,4,195
18.5,2,6,5,196
18.5,2,6,6,197
18.5,2,6,7,198
18.5,2,6,8,199
18.5,2,6,9,200
18.5,2,6,10,201
18.5,2,6,11,201
18.5,2,6,12,202
18.5,2,6,13,203
18.5,2,6,14,204
18.5,2,6,15,205
18.5,2,7,0,192
18.5,2,7,1,193
18.5,2,7,2,194
18.5,2,7,3,195
18.5,2,7,4,196
18.5,2,7,5,197
18.5,2,7,6,198
18.5,2,7,7,199
18.5,2,7,8,200
18.5,2,7,9,201
18.5,2,7,10,202
18.5,2,7,11,203
18.5,2,7,12,203
18.5,2,7,13,204
18.5,2,7,14,205
18.5,2,7,15,206
18.5,2,8,0,194
18.5,2,8,1,194
18.5,2,8,2,195
18.5,2,8,3,196
18.5,2,8,4,197
18.5,2,8,5,198
18.5,2,8,6,199
18.5,2,8,7,200
18.5,2,8,8,201
18.5,2,8,9,202
18.5,2,8,10,203
18.5,2,8,11,204
18.5,2,8,12,205
18.5,2,8,13,206
18.5,2,8,14,206
18.5,2,8,15,207
18.5,2,9,0,195
18.5,2,9,1,196
18.5,2,9,2,196
18.5,2,9,3,197
18.5,2,9,4,198
18.5,2,9,5,199
18.5,2,9,6,200
18.5,2,9,7,201
18.5,2,9,8,202
18.5,2,9,9,203
18.5,2,9,10,204
18.5,2,9,11,205
18.5,2,9,12,206
18.5,2,9,13,207
18.5,2,9,14,208
18.5,2,9,15,208
18.5,2,10,0,196
18.5,2,10,1,197
18.5,2,10,2,198
18.5,2,10,3,198
18.5,2,10,4,199
18.5,2,10,5,200
18.5,2,10,6,201
18.5,2,10,7,202
18.5,2,10,8,203
18.5,2,10,9,204
18.5,2,10,10,205
18.5,2,10,11,206
18.5,2,10,12,207
18.5,2,10,13,208
18.5,2,10,14,209
18.5,2,10,15,210
18.5,2,11,0,197
18.5,2,11,1,198
18.5,2,11,2,199
18.5,2,11,3,200
18.5,2,11,4,201
18.5,2,11,5,201
18.5,2,11,6,202
18.5,2,11,7,203
18.5,2,11,8,204
18.5,2,11,9,205
18.5,2,11,10,206
18.5,2,11,11,207
18.5,2,11,12,208
18.5,2,11,13,209
18.5,2,11,14,210
18.5,2,11,15,211
18.5,2,12,0,198
18.5,2,12,1,199
18.5,2,12,2,200
18.5,2,12,3,201
18.5,2,12,4,202
18.5,2,12,5,203
18.5,2,12,6,203
18.5,2,12,7,204
18.5,2,12,8,205
18.5,2,12,9,206
18.5,2,12,10,207
18.5,2,12,11,208
18.5,2,12,12,209
18.5,2,12,13,210
18.5,2,12,14,211
18.5,2,12,15,212
18.5,2,13,0,199
18.5,2,13,1,200
18.5,2,13,2,201
18.5,2,13,3,202
18.5,2,13,4,203
18.5,2,13,5,204
18.5,2,13,6,205
18.5,2,13,7,205
18.5,2,13,8,206
18.5,2,13,9,207
18.5,2,13,10,208
18.5,2,13,11,209
18.5,2,13,12,210
18.5,2,13,13,211
18.5,2,13,14,212
18.5,2,13,15,213
18.5,2,14,0,200
18.5,2,14,1,201
18.5,2,14,2,202
18.5,2,14,3,203
18.5,2,14,4,204
18.5,2,14,5,205
18.5,2,14,6,206
18.5,2,14,7,207
18.5,2,14,8,208
18.5,2,14,9,208
18.5,2,14,10,209
18.5,2,14,11,210
18.5,2,14,12,211
18.5,2,14,13,212
18.5,2,14,14,213
18.5,2,14,15,214
18.5,2,15,0,201
18.5,2,15,1,202
18.5,2,15,2,203
18.5,2,15,3,204
18.5,2,15,4,205
18.5,2,15,5,206
18.5,2,15,6,207
18.5,2,15,7,208
18.5,2,15,8,209
18.5,2,15,9,210
18.5,2,15,10,210
18.5,2,15,11,211
18.5,2,15,12,212
18.5,2,15,13,213
18.5,2,15,14,214
18.5,2,15,15,215
18.5,3,0,0,188
18.5,3,0,1,189
18.5,3,0,2,190
18.5,3,0,3,191
18.5,3,0,4,191
18.5,3,0,5,192
18.5,3,0,6,193
18.5,3,0,7,194
18.5,3,0,8,195
18.5,3,0,9,196
18.5,3,0,10,197
18.5,3,0,11,198
18.5,3,0,12,199
18.5,3,0,13,199
18.5,3,0,14,200
18.5,3,0,15,201
18.5,3,1,0,189
18.5,3,1,1,190
18.5,3,1,2,191
18.5,3,1,3,192
18.5,3,1,4,193
18.5,3,1,5,194
18.5,3,1,6,194
18.5,3,1,7,195
18.5,3,1,8,196
18.5,3,1,9,197
18.5,3,1,10,198
18.5,3,1,11,199
18.5,3,1,12,200
18.5,3,1,13,201
18.5,3,1,14,202
18.5,3,1,15,202
18.5,3,2,0,190
18.5,3,2,1,191
18.5,3,2,2,192
18.5,3,2,3,193
18.5,3,2,4,194
18.5,3,2,5,195
18.5,3,2,6,196
18.5,3,2,7,197
18.5,3,2,8,197
18.5,3,2,9,198
18.5,3,2,10,199
18.5,3,2,11,200
18.5,3,2,12,201
18.5,3,2,13,202
18.5,3,2,14,203
18.5,3,2,15,204
18.5,3,3,0,191
18.5,3,3,1,192
18.5,3,3,2,193
18.5,3,3,3,194
18.5,3,3,4,195
18.5,3,3,5,196
18.5,3,3,6,197
18.5,3,3,7,198
18.5,3,3,8,199
18.5,3,3,9,199
18.5,3,3,10,200
18.5,3,3,11,201
18.5,3,3,12,202
18.5,3,3,13,203
18.5,3,3,14,204
18.5,3,3,15,205
18.5,3,4,0,192
18.5,3,4,1,193
18.5,3,4,2,194
18.5,3,4,3,195
18.5,3,4,4,196
18.5,3,4,5,197
18.5,3,4,6,198
18.5,3,4,7,199
18.5,3,4,8,200
18.5,3,4,9,201
18.5,3,4,10,202
18.5,3,4,11,202
18.5,3,4,12,203
18.5,3,4,13,204
18.5,3,4,14,205
18.5,3,4,15,206
18.5,3,5,0,193
18.5,3,5,1,194
18.5,3,5,2,195
18.5,3,5,3,196
18.5,3,5,4,197
18.5,3,5,5,198
18.5,3,5,6,199
18.5,3,5,7,200
18.5,3,5,8,201
18.5,3,5,9,202
18.5,3,5,10,203
18.5,3,5,11,204
18.5,3,5,12,205
18.5,3,5,13,205
18.5,3,5,14,206
18.5,3,5,15,207
18.5,3,6,0,195
18.5,3,6,1,195
18.5,3,6,2,196
18.5,3,6,3,197
18.5,3,6,4,198
18.5,3,6,5,199
18.5,3,6,6,200
18.5,3,6,7,201
18.5,3,6,8,202
18.5,3,6,9,203
18.5,3,6,10,204
18.5,3,6,11,205
18.5,3,6,12,206
18.5,3,6,13,207
18.5,3,6,14,207
18.5,3,6,15,208
18.5,3,7,0,196
18.5,3,7,1,197
18.5,3,7,2,198
18.5,3,7,3,198
18.5,3,7,4,199
18.5,3,7,5,200
18.5,3,7,6,201
18.5,3,7,7,202
18.5,3,7,8,203
18.5,3,7,9,204
18.5,3,7,10,205
18.5,3,7,11,206
18.5,3,7,12,207
18.5,3,7,13,208
18.5,3,7,14,209
18.5,3,7,15,210
18.5,3,8,0,197
18.5,3,8,1,198
18.5,3,8,2,199
18.5,3,8,3,200
18.5,3,8,4,201
18.5,3,8,5,201
18.5,3,8,6,202
18.5,3,8,7,203
18.5,3,8,8,204
18.5,3,8,9,205
18.5,3,8,10,206
18.5,3,8,11,207
18.5,3,8,12,208
18.5,3,8,13,209
18.5,3,8,14,210
18.5,3,8,15,211
18.5,3,9,0,198
18.5,3,9,1,199
18.5,3,9,2,200
18.5,3,9,3,201
18.5,3,9,4,202
18.5,3,9,5,203
18.5,3,9,6,204
18.5,3,9,7,204
18.5,3,9,8,205
18.5,3,9,9,206
18.5,3,9,10,207
18.5,3,9,11,208
18.5,3,9,12,209
18.5,3,9,13,210
18.5,3,9,14,211
18.5,3,9,15,212
18.5,3,10,0,199
18.5,3,10,1,200
18.5,3,10,2,201
18.5,3,10,3,202
18.5,3,10,4,203
18.5,3,10,5,204
18.5,3,10,6,205
18.5,3,10,7,206
18.5,3,10,8,207
18.5,3,10,9,207
18.5,3,10,10,208
18.5,3,10,11,209
18.5,3,10,12,210
18.5,3,10,13,211
18.5,3,10,14,212
18.5,3,10,15,213
18.5,3,11,0,200
18.5,3,11,1,201
18.5,3,11,2,202
18.5,3,11,3,203
18.5,3,11,4,204
18.5,3,11,5,205
18.5,3,11,6,206
18.5,3,11,7,207
18.5,3,11,8,208
18.5,3,11,9,209
18.5,3,11,10,210
18.5,3,11,11,210
18.5,3,11,12,211
18.5,3,11,13,212
18.5,3,11,14,213
18.5,3,11,15,214
18.5,3,12,0,201
18.5,3,12,1,202
18.5,3,12,2,203
18.5,3,12,3,204
18.5,3,12,4,205
18.5,3,12,5,206
18.5,3,12,6,207
18.5,3,12,7,208
18.5,3,12,8,209
18.5,3,12,9,210
18.5,3,12,10,211
18.5,3,12,11,212
18.5,3,12,12,213
18.5,3,12,13,213
18.5,3,12,14,214
18.5,3,12,15,215
18.5,3,13,0,202
18.5,3,13,1,203
18.5,3,13,2,204
18.5,3,13,3,205
18.5,3,13,4,206
18.5,3,13,5,207
18.5,3,13,6,208
18.5,3,13,7,209
18.5,3,13,8,210
18.5,3,13,9,211
18.5,3,13,10,212
18.5,3,13,11,213
18.5,3,13,12,214
18.5,3,13,13,215
18.5,3,13,14,215
18.5,3,13,15,216
18.5,3,14,0,203
18.5,3,14,1,204
18.5,3,14,2,205
18.5,3,14,3,206
18.5,3,14,4,207
18.5,3,14,5,208
18.5,3,14,6,209
18.5,3,14,7,210
18.5,3,14,8,211
18.5,3,14,9,212
18.5,3,14,10,213
18.5,3,14,11,214
18.5,3,14,12,215
18.5,3,14,13,216
18.5,3,14,14,217
18.5,3,14,15,218
18.5,3,15,0,204
18.5,3,15,1,205
18.5,3,15,2,206
18.5,3,15,3,207
18.5,3,15,4,208
18.5,3,15,5,209
18.5,3,15,6,210
18.5,3,15,7,211
18.5,3,15,8,212
18.5,3,15,9,213
18.5,3,15,10,214
18.5,3,15,11,215
18.5,3,15,12,216
18.5,3,15,13,217
18.5,3,15,14,218
18.5,3,15,15,219
18.5,4,0,0,191
18.5,4,0,1,192
18.5,4,0,2,193
18.5,4,0,3,194
18.5,4,0,4,195
18.5,4,0,5,195
18.5,4,0,6,196
18.5,4,0,7,197
18.5,4,0,8,198
18.5,4,0,9,199
18.5,4,0,10,200
18.5,4,0,11,201
18.5,4,0,12,202
18.5,4,0,13,203
18.5,4,0,14,204
18.5,4,0,15,204
18.5,4,1,0,192
18.5,4,1,1,193
18.5,4,1,2,194
18.5,4,1,3,195
18.5,4,1,4,196
18.5,4,1,5,197
18.5,4,1,6,198
18.5,4,1,7,199
18.5,4,1,8,199
18.5,4,1,9,200
18.5,4,1,10,201
18.5,4,1,11,202
18.5,4,1,12,203
18.5,4,1,13,204
18.5,4,1,14,205
18.5,4,1,15,206
18.5,4,2,0,193
18.5,4,2,1,194
18.5,4,2,2,195
18.5,4,2,3,196
18.5,4,2,4,197
18.5,4,2,5,198
18.5,4,2,6,199
18.5,4,2,7,200
18.5,4,2,8,201
18.5,4,2,9,202
18.5,4,2,10,202
18.5,4,2,11,203
18.5,4,2,12,204
18.5,4,2,13,205
18.5,4,2,14,206
18.5,4,2,15,207
18.5,4,3,0,194
18.5,4,3,1,195
18.5,4,3,2,196
18.5,4,3,3,197
18.5,4,3,4,198
18.5,4,3,5,199
18.5,4,3,6,200
18.5,4,3,7,201
18.5,4,3,8,202
18.5,4,3,9,203
18.5,4,3,10,204
18.5,4,3,11,205
18.5,4,3,12,205
18.5,4,3,13,206
18.5,4,3,14,207
18.5,4,3,15,208
18.5,4,4,0,195
18.5,4,4,1,196
18.5,4,4,2,197
18.5,4,4,3,198
18.5,4,4,4,199
18.5,4,4,5,200
18.5,4,4,6,201
18.5,4,4,7,202
18.5,4,4,8,203
18.5,4,4,9,204
18.5,4,4,10,205
18.5,4,4,11,206
18.5,4,4,12,207
18.5,4,4,13,208
18.5,4,4,14,208
18.5,4,4,15,209
18.5,4,5,0,197
18.5,4,5,1,198
18.5,4,5,2,198
18.5,4,5,3,199
18.5,4,5,4,200
18.5,4,5,5,201
18.5,4,5,6,202
18.5,4,5,7,203
18.5,4,5,8,204
18.5,4,5,9,205
18.5,4,5,10,206
18.5,4,5,11,207
18.5,4,5,12,208
18.5,4,5,13,209
18.5,4,5,14,210
18.5,4,5,15,211
18.5,4,6,0,198
18.5,4,6,1,199
18.5,4,6,2,200
18.5,4,6,3,201
18.5,4,6,4,202
18.5,4,6,5,202
18.5,4,6,6,203
18.5,4,6,7,204
18.5,4,6,8,205
18.5,4,6,9,206
18.5,4,6,10,207
18.5,4,6,11,208
18.5,4,6,12,209
18.5,4,6,13,210
18.5,4,6,14,211
18.5,4,6,15,212
18.5,4,7,0,199
18.5,4,7,1,200
18.5,4,7,2,201
18.5,4,7,3,202
18.5,4,7,4,203
18.5,4,7,5,204
18.5,4,7,6,205
18.5,4,7,7,205
18.5,4,7,8,206
18.5,4,7,9,207
18.5,4,7,10,208
18.5,4,7,11,209
18.5,4,7,12,210
18.5,4,7,13,211
18.5,4,7,14,212
18.5,4,7,15,213
18.5,4,8,0,200
18.5,4,8,1,201
18.5,4,8,2,202
18.5,4,8,3,203
18.5,4,8,4,204
18.5,4,8,5,205
18.5,4,8,6,206
18.5,4,8,7,207
18.5,4,8,8,208
18.5,4,8,9,209
18.5,4,8,10,209
18.5,4,8,11,210
18.5,4,8,12,211
18.5,4,8,13,212
18.5,4,8,14,213
18.5,4,8,15,214
18.5,4,9,0,201
18.5,4,9,1,202
18.5,4,9,2,203
18.5,4,9,3,204
18.5,4,9,4,205
18.5,4,9,5,206
18.5,4,9,6,207
18.5,4,9,7,208
18.5,4,9,8,209
18.5,4,9,9,210
18.5,4,9,10,211
18.5,4,9,11,212
18.5,4,9,12,212
18.5,4,9,13,213
18.5,4,9,14,214
18.5,4,9,15,215
18.5,4,10,0,202
18.5,4,10,1,203
18.5,4,10,2,204
18.5,4,10,3,205
18.5,4,10,4,206
18.5,4,10,5,207
18.5,4,10,6,208
18.5,4,10,7,209
18.5,4,10,8,210
18.5,4,10,9,211
18.5,4,10,10,212
18.5,4,10,11,213
18.5,4,10,12,214
18.5,4,10,13,215
18.5,4,10,14,216
18.5,4,10,15,216
18.5,4,11,0,203
18.5,4,11,1,204
18.5,4,11,2,205
18.5,4,11,3,206
18.5,4,11,4,207
18.5,4,11,5,208
18.5,4,11,6,209
18.5,4,11,7,210
18.5,4,11,8,211
18.5,4,11,9,212
18.5,4,11,10,213
18.5,4,11,11,214
18.5,4,11,12,215
18.5,4,11,13,216
18.5,4,11,14,217
18.5,4,11,15,218
18.5,4,12,0,204
18.5,4,12,1,205
18.5,4,12,2,206
18.5,4,12,3,207
18.5,4,12,4,208
18.5,4,12,5,209
18.5,4,12,6,210
18.5,4,12,7,211
18.5,4,12,8,212
18.5,4,12,9,213
18.5,4,12,10,214
18.5,4,12,11,215
18.5,4,12,12,216
18.5,4,12,13,217
18.5,4,12,14,218
18.5,4,12,15,219
18.5,4,13,0,205
18.5,4,13,1,206
18.5,4,13,2,207
18.5,4,13,3,208
18.5,4,13,4,209
18.5,4,13,5,210
18.5,4,13,6,211
18.5,4,13,7,212
18.5,4,13,8,213
18.5,4,13,9,214
18.5,4,13,10,215
18.5,4,13,11,216
18.5,4,13,12,217
18.5,4,13,13,218
18.5,4,13,14,219
18.5,4,13,15,220
18.5,4,14,0,206
18.5,4,14,1,207
18.5,4,14,2,208
18.5,4,14,3,209
18.5,4,14,4,210
18.5,4,14,5,211
18.5,4,14,6,212
18.5,4,14,7,213
18.5,4,14,8,214
18.5,4,14,9,215
18.5,4,14,10,216
18.5,4,14,11,217
18.5,4,14,12,218
18.5,4,14,13,219
18.5,4,14,14,220
18.5,4,14,15,221
18.5,4,15,0,207
18.5,4,15,1,208
18.5,4,15,2,209
18.5,4,15,3,210
18.5,4,15,4,211
18.5,4,15,5,212
18.5,4,15,6,213
18.5,4,15,7,214
18.5,4,15,8,215
18.5,4,15,9,216
18.5,4,15,10,217
18.5,4,15,11,218
18.5,4,15,12,219
18.5,4,15,13,220
18.5,4,15,14,221
18.5,4,15,15,222
18.5,5,0,0,194
18.5,5,0,1,195
18.5,5,0,2,196
18.5,5,0,3,197
18.5,5,0,4,198
18.5,5,0,5,199
18.5,5,0,6,200
18.5,5,0,7,200
18.5,5,0,8,201
18.5,5,0,9,202
18.5,5,0,10,203
18.5,5,0,11,204
18.5,5,0,12,205
18.5,5,0,13,206
18.5,5,0,14,207
18.5,5,0,15,208
18.5,5,1,0,195
18.5,5,1,1,196
18.5,5,1,2,197
18.5,5,1,3,198
18.5,5,1,4,199
18.5,5,1,5,200
18.5,5,1,6,201
18.5,5,1,7,202
18.5,5,1,8,203
18.5,5,1,9,204
18.5,5,1,10,204
18.5,5,1,11,205
18.5,5,1,12,206
18.5,5,1,13,207
18.5,5,1,14,208
18.5,5,1,15,209
18.5,5,2,0,196
18.5,5,2,1,197
18.5,5,2,2,198
18.5,5,2,3,199
18.5,5,2,4,200
18.5,5,2,5,201
18.5,5,2,6,202
18.5,5,2,7,203
18.5,5,2,8,204
18.5,5,2,9,205
18.5,5,2,10,206
18.5,5,2,11,207
18.5,5,2,12,207
18.5,5,2,13,208
18.5,5,2,14,209
18.5,5,2,15,210
18.5,5,3,0,197
18.5,5,3,1,198
18.5,5,3,2,199
18.5,5,3,3,200
18.5,5,3,4,201
18.5,5,3,5,202
18.5,5,3,6,203
18.5,5,3,7,204
18.5,5,3,8,205
18.5,5,3,9,206
18.5,5,3,10,207
18.5,5,3,11,208
18.5,5,3,12,209
18.5,5,3,13,210
18.5,5,3,14,211
18.5,5,3,15,211
18.5,5,4,0,199
18.5,5,4,1,200
18.5,5,4,2,200
18.5,5,4,3,201
18.5,5,4,4,202
18.5,5,4,5,203
18.5,5,4,6,204
18.5,5,4,7,205
18.5,5,4,8,206
18.5,5,4,9,207
18.5,5,4,10,208
18.5,5,4,11,209
18.5,5,4,12,210
18.5,5,4,13,211
18.5,5,4,14,212
18.5,5,4,15,213
18.5,5,5,0,200
18.5,5,5,1,201
18.5,5,5,2,202
18.5,5,5,3,203
18.5,5,5,4,204
18.5,5,5,5,205
18.5,5,5,6,205
18.5,5,5,7,206
18.5,5,5,8,207
18.5,5,5,9,208
18.5,5,5,10,209
18.5,5,5,11,210
18.5,5,5,12,211
18.5,5,5,13,212
18.5,5,5,14,213
18.5,5,5,15,214
18.5,5,6,0,201
18.5,5,6,1,202
18.5,5,6,2,203
18.5,5,6,3,204
18.5,5,6,4,205
18.5,5,6,5,206
18.5,5,6,6,207
18.5,5,6,7,208
18.5,5,6,8,209
18.5,5,6,9,210
18.5,5,6,10,210
18.5,5,6,11,211
18.5,5,6,12,212
18.5,5,6,13,213
18.5,5,6,14,214
18.5,5,6,15,215
18.5,5,7,0,202
18.5,5,7,1,203
18.5,5,7,2,204
18.5,5,7,3,205
18.5,5,7,4,206
18.5,5,7,5,207
18.5,5,7,6,208
18.5,5,7,7,209
18.5,5,7,8,210
18.5,5,7,9,211
18.5,5,7,10,212
18.5,5,7,11,213
18.5,5,7,12,214
18.5,5,7,13,214
18.5,5,7,14,215
18.5,5,7,15,216
18.5,5,8,0,203
18.5,5,8,1,204
18.5,5,8,2,205
18.5,5,8,3,206
18.5,5,8,4,207
18.5,5,8,5,208
18.5,5,8,6,209
18.5,5,8,7,210
18.5,5,8,8,211
18.5,5,8,9,212
18.5,5,8,10,213
18.5,5,8,11,214
18.5,5,8,12,215
18.5,5,8,13,216
18.5,5,8,14,217
18.5,5,8,15,218
18.5,5,9,0,204
18.5,5,9,1,205
18.5,5,9,2,206
18.5,5,9,3,207
18.5,5,9,4,208
18.5,5,9,5,209
18.5,5,9,6,210
18.5,5,9,7,211
18.5,5,9,8,212
18.5,5,9,9,213
18.5,5,9,10,214
18.5,5,9,11,215
18.5,5,9,12,216
18.5,5,9,13,217
18.5,5,9,14,218
18.5,5,9,15,219
18.5,5,10,0,205
18.5,5,10,1,206
18.5,5,10,2,207
18.5,5,10,3,208
18.5,5,10,4,209
18.5,5,10,5,210
18.5,5,10,6,211
18.5,5,10,7,212
18.5,5,10,8,213
18.5,5,10,9,214
18.5,5,10,10,215
18.5,5,10,11,216
18.5,5,10,12,217
18.5,5,10,13,218
18.5,5,10,14,219
18.5,5,10,15,220
18.5,5,11,0,206
18.5,5,11,1,207
18.5,5,11,2,208
18.5,5,11,3,209
18.5,5,11,4,210
18.5,5,11,5,211
18.5,5,11,6,212
18.5,5,11,7,213
18.5,5,11,8,214
18.5,5,11,9,215
18.5,5,11,10,216
18.5,5,11,11,217
18.5,5,11,12,218
18.5,5,11,13,219
18.5,5,11,14,220
18.5,5,11,15,221
18.5,5,12,0,207
18.5,5,12,1,208
18.5,5,12,2,210
18.5,5,12,3,211
18.5,5,12,4,212
18.5,5,12,5,213
18.5,5,12,6,214
18.5,5,12,7,215
18.5,5,12,8,215
18.5,5,12,9,216
18.5,5,12,10,217
18.5,5,12,11,218
18.5,5,12,12,219
18.5,5,12,13,220
18.5,5,12,14,221
18.5,5,12,15,222
18.5,5,13,0,209
18.5,5,13,1,210
18.5,5,13,2,211
18.5,5,13,3,212
18.5,5,13,4,213
18.5,5,13,5,214
18.5,5,13,6,215
18.5,5,13,7,216
18.5,5,13,8,217
18.5,5,13,9,218
18.5,5,13,10,219
18.5,5,13,11,220
18.5,5,13,12,221
18.5,5,13,13,221
18.5,5,13,14,222
18.5,5,13,15,223
18.5,5,14,0,210
18.5,5,14,1,211
18.5,5,14,2,212
18.5,5,14,3,213
18.5,5,14,4,214
18.5,5,14,5,215
18.5,5,14,6,216
18.5,5,14,7,217
18.5,5,14,8,218
18.5,5,14,9,219
18.5,5,14,10,220
18.5,5,14,11,221
18.5,5,14,12,222
18.5,5,14,13,223
18.5,5,14,14,224
18.5,5,14,15,225
18.5,5,15,0,211
18.5,5,15,1,212
18.5,5,15,2,213
18.5,5,15,3,214
18.5,5,15,4,215
18.5,5,15,5,216
18.5,5,15,6,217
18.5,5,15,7,218
18.5,5,15,8,219
18.5,5,15,9,220
18.5,5,15,10,221
18.5,5,15,11,222
18.5,5,15,12,223
18.5,5,15,13,224
18.5,5,15,14,225
18.5,5,15,15,226
18.5,6,0,0,197
18.5,6,0,1,198
18.5,6,0,2,199
18.5,6,0,3,200
18.5,6,0,4,201
18.5,6,0,5,202
18.5,6,0,6,203
18.5,6,0,7,204
18.5,6,0,8,205
18.5,6,0,9,205
18.5,6,0,10,206
18.5,6,0,11,207
18.5,6,0,12,208
18.5,6,0,13,209
18.5,6,0,14,210
18.5,6,0,15,211
18.5,6,1,0,198
18.5,6,1,1,199
18.5,6,1,2,200
18.5,6,1,3,201
18.5,6,1,4,202
18.5,6,1,5,203
18.5,6,1,6,204
18.5,6,1,7,205
18.5,6,1,8,206
18.5,6,1,9,207
18.5,6,1,10,208
18.5,6,1,11,209
18.5,6,1,12,209
18.5,6,1,13,210
18.5,6,1,14,211
18.5,6,1,15,212
18.5,6,2,0,199
18.5,6,2,1,200
18.5,6,2,2,201
18.5,6,2,3,202
18.5,6,2,4,203
18.5,6,2,5,204
18.5,6,2,6,205
18.5,6,2,7,206
18.5,6,2,8,207
18.5,6,2,9,208
18.5,6,2,10,209
18.5,6,2,11,210
18.5,6,2,12,211
18.5,6,2,13,212
18.5,6,2,14,213
18.5,6,2,15,213
18.5,6,3,0,200
18.5,6,3,1,201
18.5,6,3,2,202
18.5,6,3,3,203
18.5,6,3,4,204
18.5,6,3,5,205
18.5,6,3,6,206
18.5,6,3,7,207
18.5,6,3,8,208
18.5,6,3,9,209
18.5,6,3,10,210
18.5,6,3,11,211
18.5,6,3,12,212
18.5,6,3,13,213
18.5,6,3,14,214
18.5,6,3,15,215
18.5,6,4,0,202
18.5,6,4,1,203
18.5,6,4,2,204
18.5,6,4,3,205
18.5,6,4,4,206
18.5,6,4,5,207
18.5,6,4,6,208
18.5,6,4,7,208
18.5,6,4,8,209
18.5,6,4,9,210
18.5,6,4,10,211
18.5,6,4,11,212
18.5,6,4,12,213
18.5,6,4,13,214
18.5,6,4,14,215
18.5,6,4,15,216
18.5,6,5,0,203
18.5,6,5,1,204
18.5,6,5,2,205
18.5,6,5,3,206
18.5,6,5,4,207
18.5,6,5,5,208
18.5,6,5,6,209
18.5,6,5,7,210
18.5,6,5,8,211
18.5,6,5,9,212
18.5,6,5,10,213
18.5,6,5,11,213
18.5,6,5,12,214
18.5,6,5,13,215
18.5,6,5,14,216
18.5,6,5,15,217
18.5,6,6,0,204
18.5,6,6,1,205
18.5,6,6,2,206
18.5,6,6,3,207
18.5,6,6,4,208
18.5,6,6,5,209
18.5,6,6,6,210
18.5,6,6,7,211
18.5,6,6,8,212
18.5,6,6,9,213
18.5,6,6,10,214
18.5,6,6,11,215
18.5,6,6,12,216
18.5,6,6,13,217
18.5,6,6,14,218
18.5,6,6,15,218
18.5,6,7,0,205
18.5,6,7,1,206
18.5,6,7,2,207
18.5,6,7,3,208
18.5,6,7,4,209
18.5,6,7,5,210
18.5,6,7,6,211
18.5,6,7,7,212
18.5,6,7,8,213
18.5,6,7,9,214
18.5,6,7,10,215
18.5,6,7,11,216
18.5,6,7,12,217
18.5,6,7,13,218
18.5,6,7,14,219
18.5,6,7,15,220
18.5,6,8,0,206
18.5,6,8,1,207
18.5,6,8,2,208
18.5,6,8,3,209
18.5,6,8,4,210
18.5,6,8,5,211
18.5,6,8,6,212
18.5,6,8,7,213
18.5,6,8,8,214
18.5,6,8,9,215
18.5,6,8,10,216
18.5,6,8,11,217
18.5,6,8,12,218
18.5,6,8,13,219
18.5,6,8,14,220
18.5,6,8,15,221
18.5,6,9,0,207
18.5,6,9,1,208
18.5,6,9,2,209
18.5,6,9,3,210
18.5,6,9,4,211
18.5,6,9,5,212
18.5,6,9,6,213
18.5,6,9,7,214
18.5,6,9,8,215
18.5,6,9,9,216
18.5,6,9,10,217
18.5,6,9,11,218
18.5,6,9,12,219
18.5,6,9,13,220
18.5,6,9,14,221
18.5,6,9,15,222
18.5,6,10,0,208
18.5,6,10,1,210
18.5,6,10,2,211
18.5,6,10,3,212
18.5,6,10,4,213
18.5,6,10,5,214
18.5,6,10,6,215
18.5,6,10,7,216
18.5,6,10,8,217
18.5,6,10,9,218
18.5,6,10,10,219
18.5,6,10,11,219
18.5,6,10,12,220
18.5,6,10,13,221
18.5,6,10,14,222
18.5,6,10,15,223
18.5,6,11,0,210
18.5,6,11,1,211
18.5,6,11,2,212
18.5,6,11,3,213
18.5,6,11,4,214
18.5,6,11,5,215
18.5,6,11,6,216
18.5,6,11,7,217
18.5,6,11,8,218
18.5,6,11,9,219
18.5,6,11,10,220
18.5,6,11,11,221
18.5,6,11,12,222
18.5,6,11,13,223
18.5,6,11,14,224
18.5,6,11,15,225
18.5,6,12,0,211
18.5,6,12,1,212
18.5,6,12,2,213
18.5,6,12,3,214
18.5,6,12,4,215
18.5,6,12,5,216
18.5,6,12,6,217
18.5,6,12,7,218
18.5,6,12,8,219
18.5,6,12,9,220
18.5,6,12,10,221
18.5,6,12,11,222
18.5,6,12,12,223
18.5,6,12,13,224
18.5,6,12,14,225
18.5,6,12,15,226
18.5,6,13,0,212
18.5,6,13,1,213
18.5,6,13,2,214
18.5,6,13,3,215
18.5,6,13,4,216
18.5,6,13,5,217
18.5,6,13,6,218
18.5,6,13,7,219
18.5,6,13,8,220
18.5,6,13,9,221
18.5,6,13,10,222
18.5,6,13,11,223
18.5,6,13,12,224
18.5,6,13,13,225
18.5,6,13,14,226
18.5,6,13,15,227
18.5,6,14,0,213
18.5,6,14,1,214
18.5,6,14,2,215
18.5,6,14,3,216
18.5,6,14,4,217
18.5,6,14,5,218
18.5,6,14,6,219
18.5,6,14,7,220
18.5,6,14,8,221
18.5,6,14,9,222
18.5,6,14,10,223
18.5,6,14,11,224
18.5,6,14,12,225
18.5,6,14,13,226
18.5,6,14,14,227
18.5,6,14,15,228
18.5,6,15,0,214
18.5,6,15,1,215
18.5,6,15,2,216
18.5,6,15,3,217
18.5,6,15,4,218
18.5,6,15,5,219
18.5,6,15,6,220
18.5,6,15,7,221
18.5,6,15,8,222
18.5,6,15,9,223
18.5,6,15,10,224
18.5,6,15,11,225
18.5,6,15,12,226
18.5,6,15,13,227
18.5,6,15,14,228
18.5,6,15,15,229
18.5,7,0,0,200
18.5,7,0,1,201
18.5,7,0,2,202
18.5,7,0,3,203
18.5,7,0,4,204
18.5,7,0,5,205
18.5,7,0,6,206
18.5,7,0,7,207
18.5,7,0,8,208
18.5,7,0,9,209
18.5,7,0,10,210
18.5,7,0,11,211
18.5,7,0,12,211
18.5,7,0,13,212
18.5,7,0,14,213
18.5,7,0,15,214
18.5,7,1,0,201
18.5,7,1,1,202
18.5,7,1,2,203
18.5,7,1,3,204
18.5,7,1,4,205
18.5,7,1,5,206
18.5,7,1,6,207
18.5,7,1,7,208
18.5,7,1,8,209
18.5,7,1,9,210
18.5,7,1,10,211
18.5,7,1,11,212
18.5,7,1,12,213
18.5,7,1,13,214
18.5,7,1,14,215
18.5,7,1,15,216
18.5,7,2,0,202
18.5,7,2,1,203
18.5,7,2,2,204
18.5,7,2,3,205
18.5,7,2,4,206
18.5,7,2,5,207
18.5,7,2,6,208
18.5,7,2,7,209
18.5,7,2,8,210
18.5,7,2,9,211
18.5,7,2,10,212
18.5,7,2,11,213
18.5,7,2,12,214
18.5,7,2,13,215
18.5,7,2,14,216
18.5,7,2,15,217
18.5,7,3,0,204
18.5,7,3,1,205
18.5,7,3,2,206
18.5,7,3,3,207
18.5,7,3,4,208
18.5,7,3,5,209
18.5,7,3,6,209
18.5,7,3,7,210
18.5,7,3,8,211
18.5,7,3,9,212
18.5,7,3,10,213
18.5,7,3,11,214
18.5,7,3,12,215
18.5,7,3,13,216
18.5,7,3,14,217
18.5,7,3,15,218
18.5,7,4,0,205
18.5,7,4,1,206
18.5,7,4,2,207
18.5,7,4,3,208
18.5,7,4,4,209
18.5,7,4,5,210
18.5,7,4,6,211
18.5,7,4,7,212
18.5,7,4,8,213
18.5,7,4,9,214
18.5,7,4,10,215
18.5,7,4,11,216
18.5,7,4,12,216
18.5,7,4,13,217
18.5,7,4,14,218
18.5,7,4,15,219
18.5,7,5,0,206
18.5,7,5,1,207
18.5,7,5,2,208
18.5,7,5,3,209
18.5,7,5,4,210
18.5,7,5,5,211
18.5,7,5,6,212
18.5,7,5,7,213
18.5,7,5,8,214
18.5,7,5,9,215
18.5,7,5,10,216
18.5,7,5,11,217
18.5,7,5,12,218
18.5,7,5,13,219
18.5,7,5,14,220
18.5,7,5,15,221
18.5,7,6,0,207
18.5,7,6,1,208
18.5,7,6,2,209
18.5,7,6,3,210
18.5,7,6,4,211
18.5,7,6,5,212
18.5,7,6,6,213
18.5,7,6,7,214
18.5,7,6,8,215
18.5,7,6,9,216
18.5,7,6,10,217
18.5,7,6,11,218
18.5,7,6,12,219
18.5,7,6,13,220
18.5,7,6,14,221
18.5,7,6,15,222
18.5,7,7,0,208
18.5,7,7,1,209
18.5,7,7,2,210
18.5,7,7,3,211
18.5,7,7,4,212
18.5,7,7,5,213
18.5,7,7,6,214
18.5,7,7,7,215
18.5,7,7,8,216
18.5,7,7,9,217
18.5,7,7,10,218
18.5,7,7,11,219
18.5,7,7,12,220
18.5,7,7,13,221
18.5,7,7,14,222
18.5,7,7,15,223
18.5,7,8,0,209
18.5,7,8,1,210
18.5,7,8,2,211
18.5,7,8,3,212
18.5,7,8,4,213
18.5,7,8,5,215
18.5,7,8,6,216
18.5,7,8,7,217
18.5,7,8,8,217
18.5,7,8,9,218
18.5,7,8,10,219
18.5,7,8,11,220
18.5,7,8,12,221
18.5,7,8,13,222
18.5,7,8,14,223
18.5,7,8,15,224
18.5,7,9,0,211
18.5,7,9,1,212
18.5,7,9,2,213
18.5,7,9,3,214
18.5,7,9,4,215
18.5,7,9,5,216
18.5,7,9,6,217
18.5,7,9,7,218
18.5,7,9,8,219
18.5,7,9,9,220
18.5,7,9,10,221
18.5,7,9,11,222
18.5,7,9,12,223
18.5,7,9,13,224
18.5,7,9,14,225
18.5,7,9,15,226
18.5,7,10,0,212
18.5,7,10,1,213
18.5,7,10,2,214
18.5,7,10,3,215
18.5,7,10,4,216
18.5,7,10,5,217
18.5,7,10,6,218
18.5,7,10,7,219
18.5,7,10,8,220
18.5,7,10,9,221
18.5,7,10,10,222
18.5,7,10,11,223
18.5,7,10,12,224
18.5,7,10,13,225
18.5,7,10,14,226
18.5,7,10,15,227
18.5,7,11,0,213
18.5,7,11,1,214
18.5,7,11,2,215
18.5,7,11,3,216
18.5,7,11,4,217
18.5,7,11,5,218
18.5,7,11,6,219
18.5,7,11,7,220
18.5,7,11,8,221
18.5,7,11,9,222
18.5,7,11,10,223
18.5,7,11,11,224
18.5,7,11,12,225
18.5,7,11,13,226
18.5,7,11,14,227
18.5,7,11,15,228
18.5,7,12,0,214
18.5,7,12,1,215
18.5,7,12,2,216
18.5,7,12,3,217
18.5,7,12,4,218
18.5,7,12,5,219
18.5,7,12,6,220
18.5,7,12,7,221
18.5,7,12,8,222
18.5,7,12,9,223
18.5,7,12,10,224
18.5,7,12,11,225
18.5,7,12,12,226
18.5,7,12,13,227
18.5,7,12,14,228
18.5,7,12,15,229
18.5,7,13,0,215
18.5,7,13,1,216
18.5,7,13,2,217
18.5,7,13,3,218
18.5,7,13,4,219
18.5,7,13,5,220
18.5,7,13,6,221
18.5,7,13,7,222
18.5,7,13,8,223
18.5,7,13,9,224
18.5,7,13,10,225
18.5,7,13,11,226
18.5,7,13,12,227
18.5,7,13,13,228
18.5,7,13,14,229
18.5,7,13,15,230
18.5,7,14,0,216
18.5,7,14,1,217
18.5,7,14,2,218
18.5,7,14,3,219
18.5,7,14,4,220
18.5,7,14,5,221
18.5,7,14,6,223
18.5,7,14,7,224
18.5,7,14,8,225
18.5,7,14,9,226
18.5,7,14,10,227
18.5,7,14,11,228
18.5,7,14,12,229
18.5,7,14,13,230
18.5,7,14,14,231
18.5,7,14,15,232
18.5,7,15,0,217
18.5,7,15,1,218
18.5,7,15,2,219
18.5,7,15,3,221
18.5,7,15,4,222
18.5,7,15,5,223
18.5,7,15,6,224
18.5,7,15,7,225
18.5,7,15,8,226
18.5,7,15,9,227
18.5,7,15,10,228
18.5,7,15,11,229
18.5,7,15,12,230
18.5,7,15,13,231
18.5,7,15,14,232
18.5,7,15,15,233
18.5,8,0,0,203
18.5,8,0,1,204
18.5,8,0,2,205
18.5,8,0,3,206
18.5,8,0,4,207
18.5,8,0,5,208
18.5,8,0,6,209
18.5,8,0,7,210
18.5,8,0,8,211
18.5,8,0,9,212
18.5,8,0,10,213
18.5,8,0,11,214
18.5,8,0,12,215
18.5,8,0,13,216
18.5,8,0,14,217
18.5,8,0,15,217
18.5,8,1,0,204
18.5,8,1,1,205
18.5,8,1,2,206
18.5,8,1,3,207
18.5,8,1,4,208
18.5,8,1,5,209
18.5,8,1,6,210
18.5,8,1,7,211
18.5,8,1,8,212
18.5,8,1,9,213
18.5,8,1,10,214
18.5,8,1,11,215
18.5,8,1,12,216
18.5,8,1,13,217
18.5,8,1,14,218
18.5,8,1,15,219
18.5,8,2,0,205
18.5,8,2,1,206
18.5,8,2,2,207
18.5,8,2,3,208
18.5,8,2,4,209
18.5,8,2,5,210
18.5,8,2,6,211
18.5,8,2,7,212
18.5,8,2,8,213
18.5,8,2,9,214
18.5,8,2,10,215
18.5,8,2,11,216
18.5,8,2,12,217
18.5,8,2,13,218
18.5,8,2,14,219
18.5,8,2,15,220
18.5,8,3,0,207
18.5,8,3,1,208
18.5,8,3,2,209
18.5,8,3,3,210
18.5,8,3,4,211
18.5,8,3,5,212
18.5,8,3,6,213
18.5,8,3,7,214
18.5,8,3,8,215
18.5,8,3,9,216
18.5,8,3,10,217
18.5,8,3,11,218
18.5,8,3,12,219
18.5,8,3,13,219
18.5,8,3,14,220
18.5,8,3,15,221
18.5,8,4,0,208
18.5,8,4,1,209
18.5,8,4,2,210
18.5,8,4,3,211
18.5,8,4,4,212
18.5,8,4,5,213
18.5,8,4,6,214
18.5,8,4,7,215
18.5,8,4,8,216
18.5,8,4,9,217
18.5,8,4,10,218
18.5,8,4,11,219
18.5,8,4,12,220
18.5,8,4,13,221
18.5,8,4,14,222
18.5,8,4,15,223
18.5,8,5,0,209
18.5,8,5,1,210
18.5,8,5,2,211
18.5,8,5,3,212
18.5,8,5,4,213
18.5,8,5,5,214
18.5,8,5,6,215
18.5,8,5,7,216
18.5,8,5,8,217
18.5,8,5,9,218
18.5,8,5,10,219
18.5,8,5,11,220
18.5,8,5,12,221
18.5,8,5,13,222
18.5,8,5,14,223
18.5,8,5,15,224
18.5,8,6,0,210
18.5,8,6,1,211
18.5,8,6,2,212
18.5,8,6,3,213
18.5,8,6,4,214
18.5,8,6,5,215
18.5,8,6,6,216
18.5,8,6,7,217
18.5,8,6,8,218
18.5,8,6,9,219
18.5,8,6,10,220
18.5,8,6,11,221
18.5,8,6,12,222
18.5,8,6,13,223
18.5,8,6,14,224
18.5,8,6,15,225
18.5,8,7,0,211
18.5,8,7,1,212
18.5,8,7,2,213
18.5,8,7,3,215
18.5,8,7,4,216
18.5,8,7,5,217
18.5,8,7,6,218
18.5,8,7,7,219
18.5,8,7,8,220
18.5,8,7,9,221
18.5,8,7,10,222
18.5,8,7,11,223
18.5,8,7,12,224
18.5,8,7,13,225
18.5,8,7,14,226
18.5,8,7,15,226
18.5,8,8,0,213
18.5,8,8,1,214
18.5,8,8,2,215
18.5,8,8,3,216
18.5,8,8,4,217
18.5,8,8,5,218
18.5,8,8,6,219
18.5,8,8,7,220
18.5,8,8,8,221
18.5,8,8,9,222
18.5,8,8,10,223
18.5,8,8,11,224
18.5,8,8,12,225
18.5,8,8,13,226
18.5,8,8,14,227
18.5,8,8,15,228
18.5,8,9,0,214
18.5,8,9,1,215
18.5,8,9,2,216
18.5,8,9,3,217
18.5,8,9,4,218
18.5,8,9,5,219
18.5,8,9,6,220
18.5,8,9,7,221
18.5,8,9,8,222
18.5,8,9,9,223
18.5,8,9,10,224
18.5,8,9,11,225
18.5,8,9,12,226
18.5,8,9,13,227
18.5,8,9,14,228
18.5,8,9,15,229
18.5,8,10,0,215
18.5,8,10,1,216
18.5,8,10,2,217
18.5,8,10,3,218
18.5,8,10,4,219
18.5,8,10,5,220
18.5,8,10,6,221
18.5,8,10,7,222
18.5,8,10,8,223
18.5,8,10,9,224
18.5,8,10,10,225
18.5,8,10,11,226
18.5,8,10,12,227
18.5,8,10,13,228
18.5,8,10,14,229
18.5,8,10,15,230
18.5,8,11,0,216
18.5,8,11,1,217
18.5,8,11,2,218
18.5,8,11,3,219
18.5,8,11,4,220
18.5,8,11,5,221
18.5,8,11,6,222
18.5,8,11,7,223
18.5,8,11,8,224
18.5,8,11,9,225
18.5,8,11,10,226
18.5,8,11,11,227
18.5,8,11,12,228
18.5,8,11,13,229
18.5,8,11,14,230
18.5,8,11,15,231
18.5,8,12,0,217
18.5,8,12,1,218
18.5,8,12,2,219
18.5,8,12,3,220
18.5,8,12,4,221
18.5,8,12,5,223
18.5,8,12,6,224
18.5,8,12,7,225
18.5,8,12,8,226
18.5,8,12,9,227
18.5,8,12,10,228
18.5,8,12,11,229
18.5,8,12,12,230
18.5,8,12,13,231
18.5,8,12,14,232
18.5,8,12,15,233
18.5,8,13,0,218
18.5,8,13,1,219
18.5,8,13,2,221
18.5,8,13,3,222
18.5,8,13,4,223
18.5,8,13,5,224
18.5,8,13,6,225
18.5,8,13,7,226
18.5,8,13,8,227
18.5,8,13,9,228
18.5,8,13,10,229
18.5,8,13,11,230
18.5,8,13,12,231
18.5,8,13,13,232
18.5,8,13,14,233
18.5,8,13,15,234
18.5,8,14,0,220
18.5,8,14,1,221
18.5,8,14,2,222
18.5,8,14,3,223
18.5,8,14,4,224
18.5,8,14,5,225
18.5,8,14,6,226
18.5,8,14,7,227
18.5,8,14,8,228
18.5,8,14,9,229
18.5,8,14,10,230
18.5,8,14,11,231
18.5,8,14,12,232
18.5,8,14,13,233
18.5,8,14,14,234
18.5,8,14,15,235
18.5,8,15,0,221
18.5,8,15,1,222
18.5,8,15,2,223
18.5,8,15,3,224
18.5,8,15,4,225
18.5,8,15,5,226
18.5,8,15,6,227
18.5,8,15,7,228
18.5,8,15,8,229
18.5,8,15,9,230
18.5,8,15,10,231
18.5,8,15,11,232
18.5,8,15,12,233
18.5,8,15,13,234
18.5,8,15,14,235
18.5,8,15,15,236
18.5,9,0,0,206
18.5,9,0,1,207
18.5,9,0,2,208
18.5,9,0,3,209
18.5,9,0,4,210
18.5,9,0,5,211
18.5,9,0,6,212
18.5,9,0,7,213
18.5,9,0,8,214
18.5,9,0,9,215
18.5,9,0,10,216
18.5,9,0,11,217
18.5,9,0,12,218
18.5,9,0,13,219
18.5,9,0,14,220
18.5,9,0,15,221
18.5,9,1,0,207
18.5,9,1,1,208
18.5,9,1,2,209
18.5,9,1,3,210
18.5,9,1,4,211
18.5,9,1,5,212
18.5,9,1,6,213
18.5,9,1,7,214
18.5,9,1,8,215
18.5,9,1,9,216
18.5,9,1,10,217
18.5,9,1,11,218
18.5,9,1,12,219
18.5,9,1,13,220
18.5,9,1,14,221
18.5,9,1,15,222
18.5,9,2,0,209
18.5,9,2,1,210
18.5,9,2,2,211
18.5,9,2,3,212
18.5,9,2,4,213
18.5,9,2,5,214
18.5,9,2,6,215
18.5,9,2,7,216
18.5,9,2,8,217
18.5,9,2,9,218
18.5,9,2,10,219
18.5,9,2,11,220
18.5,9,2,12,220
18.5,9,2,13,221
18.5,9,2,14,222
18.5,9,2,15,223
18.5,9,3,0,210
18.5,9,3,1,211
18.5,9,3,2,212
18.5,9,3,3,213
18.5,9,3,4,214
18.5,9,3,5,215
18.5,9,3,6,216
18.5,9,3,7,217
18.5,9,3,8,218
18.5,9,3,9,219
18.5,9,3,10,220
18.5,9,3,11,221
18.5,9,3,12,222
18.5,9,3,13,223
18.5,9,3,14,224
18.5,9,3,15,225
18.5,9,4,0,211
18.5,9,4,1,212
18.5,9,4,2,213
18.5,9,4,3,214
18.5,9,4,4,215
18.5,9,4,5,216
18.5,9,4,6,217
18.5,9,4,7,218
18.5,9,4,8,219
18.5,9,4,9,220
18.5,9,4,10,221
18.5,9,4,11,222
18.5,9,4,12,223
18.5,9,4,13,224
18.5,9,4,14,225
18.5,9,4,15,226
18.5,9,5,0,212
18.5,9,5,1,213
18.5,9,5,2,214
18.5,9,5,3,215
18.5,9,5,4,216
18.5,9,5,5,217
18.5,9,5,6,218
18.5,9,5,7,219
18.5,9,5,8,220
18.5,9,5,9,221
18.5,9,5,10,222
18.5,9,5,11,223
18.5,9,5,12,224
18.5,9,5,13,225
18.5,9,5,14,226
18.5,9,5,15,227
18.5,9,6,0,213
18.5,9,6,1,214
18.5,9,6,2,215
18.5,9,6,3,217
18.5,9,6,4,218
18.5,9,6,5,219
18.5,9,6,6,220
18.5,9,6,7,221
18.5,9,6,8,222
18.5,9,6,9,223
18.5,9,6,10,224
18.5,9,6,11,225
18.5,9,6,12,226
18.5,9,6,13,227
18.5,9,6,14,228
18.5,9,6,15,229
18.5,9,7,0,215
18.5,9,7,1,216
18.5,9,7,2,217
18.5,9,7,3,218
18.5,9,7,4,219
18.5,9,7,5,220
18.5,9,7,6,221
18.5,9,7,7,222
18.5,9,7,8,223
18.5,9,7,9,224
18.5,9,7,10,225
18.5,9,7,11,226
18.5,9,7,12,227
18.5,9,7,13,228
18.5,9,7,14,229
18.5,9,7,15,230
18.5,9,8,0,216
18.5,9,8,1,217
18.5,9,8,2,218
18.5,9,8,3,219
18.5,9,8,4,220
18.5,9,8,5,221
18.5,9,8,6,222
18.5,9,8,7,223
18.5,9,8,8,224
18.5,9,8,9,225
18.5,9,8,10,226
18.5,9,8,11,227
18.5,9,8,12,228
18.5,9,8,13,229
18.5,9,8,14,230
18.5,9,8,15,231
18.5,9,9,0,217
18.5,9,9,1,218
18.5,9,9,2,219
18.5,9,9,3,220
18.5,9,9,4,221
18.5,9,9,5,222
18.5,9,9,6,223
18.5,9,9,7,224
18.5,9,9,8,225
18.5,9,9,9,226
18.5,9,9,10,227
18.5,9,9,11,228
18.5,9,9,12,229
18.5,9,9,13,230
18.5,9,9,14,231
18.5,9,9,15,232
18.5,9,10,0,218
18.5,9,10,1,219
18.5,9,10,2,220
18.5,9,10,3,221
18.5,9,10,4,222
18.5,9,10,5,223
18.5,9,10,6,224
18.5,9,10,7,226
18.5,9,10,8,227
18.5,9,10,9,228
18.5,9,10,10,229
18.5,9,10,11,230
18.5,9,10,12,231
18.5,9,10,13,232
18.5,9,10,14,233
18.5,9,10,15,234
18.5,9,11,0,219
18.5,9,11,1,220
18.5,9,11,2,221
18.5,9,11,3,223
18.5,9,11,4,224
18.5,9,11,5,225
18.5,9,11,6,226
18.5,9,11,7,227
18.5,9,11,8,228
18.5,9,11,9,229
18.5,9,11,10,230
18.5,9,11,11,231
18.5,9,11,12,232
18.5,9,11,13,233
18.5,9,11,14,234
18.5,9,11,15,235
18.5,9,12,0,220
18.5,9,12,1,222
18.5,9,12,2,223
18.5,9,12,3,224
18.5,9,12,4,225
18.5,9,12,5,226
18.5,9,12,6,227
18.5,9,12,7,228
18.5,9,12,8,229
18.5,9,12,9,230
18.5,9,12,10,231
18.5,9,12,11,232
18.5,9,12,12,233
18.5,9,12,13,234
18.5,9,12,14,235
18.5,9,12,15,236
18.5,9,13,0,222
18.5,9,13,1,223
18.5,9,13,2,224
18.5,9,13,3,225
18.5,9,13,4,226
18.5,9,13,5,227
18.5,9,13,6,228
18.5,9,13,7,229
18.5,9,13,8,230
18.5,9,13,9,231
18.5,9,13,10,232
18.5,9,13,11,233
18.5,9,13,12,234
18.5,9,13,13,235
18.5,9,13,14,236
18.5,9,13,15,237
18.5,9,14,0,223
18.5,9,14,1,224
18.5,9,14,2,225
18.5,9,14,3,226
18.5,9,14,4,227
18.5,9,14,5,228
18.5,9,14,6,229
18.5,9,14,7,230
18.5,9,14,8,231
18.5,9,14,9,232
18.5,9,14,10,233
18.5,9,14,11,235
18.5,9,14,12,236
18.5,9,14,13,237
18.5,9,14,14,238
18.5,9,14,15,239
18.5,9,15,0,224
18.5,9,15,1,225
18.5,9,15,2,226
18.5,9,15,3,227
18.5,9,15,4,228
18.5,9,15,5,229
18.5,9,15,6,230
18.5,9,15,7,232
18.5,9,15,8,233
18.5,9,15,9,234
18.5,9,15,10,235
18.5,9,15,11,236
18.5,9,15,12,237
18.5,9,15,13,238
18.5,9,15,14,239
18.5,9,15,15,240
18.5,10,0,0,209
18.5,10,0,1,210
18.5,10,0,2,211
18.5,10,0,3,212
18.5,10,0,4,213
18.5,10,0,5,214
18.5,10,0,6,215
18.5,10,0,7,216
18.5,10,0,8,217
18.5,10,0,9,218
18.5,10,0,10,219
18.5,10,0,11,220
18.5,10,0,12,221
18.5,10,0,13,222
18.5,10,0,14,223
18.5,10,0,15,224
18.5,10,1,0,210
18.5,10,1,1,211
18.5,10,1,2,212
18.5,10,1,3,213
18.5,10,1,4,214
18.5,10,1,5,215
18.5,10,1,6,216
18.5,10,1,7,217
18.5,10,1,8,218
18.5,10,1,9,219
18.5,10,1,10,220
18.5,10,1,11,221
18.5,10,1,12,222
18.5,10,1,13,223
18.5,10,1,14,224
18.5,10,1,15,225
18.5,10,2,0,212
18.5,10,2,1,213
18.5,10,2,2,214
18.5,10,2,3,215
18.5,10,2,4,216
18.5,10,2,5,217
18.5,10,2,6,218
18.5,10,2,7,219
18.5,10,2,8,220
18.5,10,2,9,221
18.5,10,2,10,222
18.5,10,2,11,223
18.5,10,2,12,224
18.5,10,2,13,225
18.5,10,2,14,226
18.5,10,2,15,227
18.5,10,3,0,213
18.5,10,3,1,214
18.5,10,3,2,215
18.5,10,3,3,216
18.5,10,3,4,217
18.5,10,3,5,218
18.5,10,3,6,219
18.5,10,3,7,220
18.5,10,3,8,221
18.5,10,3,9,222
18.5,10,3,10,223
18.5,10,3,11,224
18.5,10,3,12,225
18.5,10,3,13,226
18.5,10,3,14,227
18.5,10,3,15,228
18.5,10,4,0,214
18.5,10,4,1,215
18.5,10,4,2,216
18.5,10,4,3,217
18.5,10,4,4,218
18.5,10,4,5,219
18.5,10,4,6,220
18.5,10,4,7,221
18.5,10,4,8,222
18.5,10,4,9,223
18.5,10,4,10,224
18.5,10,4,11,225
18.5,10,4,12,226
18.5,10,4,13,227
18.5,10,4,14,228
18.5,10,4,15,229
18.5,10,5,0,215
18.5,10,5,1,216
18.5,10,5,2,217
18.5,10,5,3,218
18.5,10,5,4,220
18.5,10,5,5,221
18.5,10,5,6,222
18.5,10,5,7,223
18.5,10,5,8,224
18.5,10,5,9,225
18.5,10,5,10,226
18.5,10,5,11,227
18.5,10,5,12,228
18.5,10,5,13,229
18.5,10,5,14,230
18.5,10,5,15,231
18.5,10,6,0,217
18.5,10,6,1,218
18.5,10,6,2,219
18.5,10,6,3,220
18.5,10,6,4,221
18.5,10,6,5,222
18.5,10,6,6,223
18.5,10,6,7,224
18.5,10,6,8,225
18.5,10,6,9,226
18.5,10,6,10,227
18.5,10,6,11,228
18.5,10,6,12,229
18.5,10,6,13,230
18.5,10,6,14,231
18.5,10,6,15,232
18.5,10,7,0,218
18.5,10,7,1,219
18.5,10,7,2,220
18.5,10,7,3,221
18.5,10,7,4,222
18.5,10,7,5,223
18.5,10,7,6,224
18.5,10,7,7,225
18.5,10,7,8,226
18.5,10,7,9,227
18.5,10,7,10,228
18.5,10,7,11,229
18.5,10,7,12,230
18.5,10,7,13,231
18.5,10,7,14,232
18.5,10,7,15,233
18.5,10,8,0,219
18.5,10,8,1,220
18.5,10,8,2,221
18.5,10,8,3,222
18.5,10,8,4,223
18.5,10,8,5,224
18.5,10,8,6,225
18.5,10,8,7,226
18.5,10,8,8,227
18.5,10,8,9,228
18.5,10,8,10,229
18.5,10,8,11,230
18.5,10,8,12,232
18.5,10,8,13,233
18.5,10,8,14,234
18.5,10,8,15,235
18.5,10,9,0,220
18.5,10,9,1,221
18.5,10,9,2,222
18.5,10,9,3,223
18.5,10,9,4,224
18.5,10,9,5,226
18.5,10,9,6,227
18.5,10,9,7,228
18.5,10,9,8,229
18.5,10,9,9,230
18.5,10,9,10,231
18.5,10,9,11,232
18.5,10,9,12,233
18.5,10,9,13,234
18.5,10,9,14,235
18.5,10,9,15,236
18.5,10,10,0,221
18.5,10,10,1,222
18.5,10,10,2,224
18.5,10,10,3,225
18.5,10,10,4,226
18.5,10,10,5,227
18.5,10,10,6,228
18.5,10,10,7,229
18.5,10,10,8,230
18.5,10,10,9,231
18.5,10,10,10,232
18.5,10,10,11,233
18.5,10,10,12,234
18.5,10,10,13,235
18.5,10,10,14,236
18.5,10,10,15,237
18.5,10,11,0,223
18.5,10,11,1,224
18.5,10,11,2,225
18.5,10,11,3,226
18.5,10,11,4,227
18.5,10,11,5,228
18.5,10,11,6,229
18.5,10,11,7,230
18.5,10,11,8,231
18.5,10,11,9,232
18.5,10,11,10,233
18.5,10,11,11,234
18.5,10,11,12,235
18.5,10,11,13,236
18.5,10,11,14,237
18.5,10,11,15,238
18.5,10,12,0,224
18.5,10,12,1,225
18.5,10,12,2,226
18.5,10,12,3,227
18.5,10,12,4,228
18.5,10,12,5,229
18.5,10,12,6,230
18.5,10,12,7,231
18.5,10,12,8,232
18.5,10,12,9,233
18.5,10,12,10,234
18.5,10,12,11,236
18.5,10,12,12,237
18.5,10,12,13,238
18.5,10,12,14,239
18.5,10,12,15,240
18.5,10,13,0,225
18.5,10,13,1,226
18.5,10,13,2,227
18.5,10,13,3,228
18.5,10,13,4,229
18.5,10,13,5,230
18.5,10,13,6,231
18.5,10,13,7,233
18.5,10,13,8,234
18.5,10,13,9,235
18.5,10,13,10,236
18.5,10,13,11,237
18.5,10,13,12,238
18.5,10,13,13,239
18.5,10,13,14,240
18.5,10,13,15,241
18.5,10,14,0,226
18.5,10,14,1,227
18.5,10,14,2,228
18.5,10,14,3,229
18.5,10,14,4,230
18.5,10,14,5,232
18.5,10,14,6,233
18.5,10,14,7,234
18.5,10,14,8,235
18.5,10,14,9,236
18.5,10,14,10,237
18.5,10,14,11,238
18.5,10,14,12,239
18.5,10,14,13,240
18.5,10,14,14,241
18.5,10,14,15,242
18.5,10,15,0,227
18.5,10,15,1,228
18.5,10,15,2,229
18.5,10,15,3,231
18.5,10,15,4,232
18.5,10,15,5,233
18.5,10,15,6,234
18.5,10,15,7,235
18.5,10,15,8,236
18.5,10,15,9,237
18.5,10,15,10,238
18.5,10,15,11,239
18.5,10,15,12,240
18.5,10,15,13,241
18.5,10,15,14,242
18.5,10,15,15,243
18.5,11,0,0,212
18.5,11,0,1,213
18.5,11,0,2,214
18.5,11,0,3,215
18.5,11,0,4,216
18.5,11,0,5,217
18.5,11,0,6,218
18.5,11,0,7,219
18.5,11,0,8,220
18.5,11,0,9,221
18.5,11,0,10,222
18.5,11,0,11,223
18.5,11,0,12,224
18.5,11,0,13,225
18.5,11,0,14,226
18.5,11,0,15,227
18.5,11,1,0,213
18.5,11,1,1,214
18.5,11,1,2,215
18.5,11,1,3,217
18.5,11,1,4,218
18.5,11,1,5,219
18.5,11,1,6,220
18.5,11,1,7,221
18.5,11,1,8,222
18.5,11,1,9,223
18.5,11,1,10,224
18.5,11,1,11,225
18.5,11,1,12,226
18.5,11,1,13,227
18.5,11,1,14,228
18.5,11,1,15,229
18.5,11,2,0,215
18.5,11,2,1,216
18.5,11,2,2,217
18.5,11,2,3,218
18.5,11,2,4,219
18.5,11,2,5,220
18.5,11,2,6,221
18.5,11,2,7,222
18.5,11,2,8,223
18.5,11,2,9,224
18.5,11,2,10,225
18.5,11,2,11,226
18.5,11,2,12,227
18.5,11,2,13,228
18.5,11,2,14,229
18.5,11,2,15,230
18.5,11,3,0,216
18.5,11,3,1,217
18.5,11,3,2,218
18.5,11,3,3,219
18.5,11,3,4,220
18.5,11,3,5,221
18.5,11,3,6,222
18.5,11,3,7,223
18.5,11,3,8,224
18.5,11,3,9,225
18.5,11,3,10,226
18.5,11,3,11,227
18.5,11,3,12,228
18.5,11,3,13,229
18.5,11,3,14,230
18.5,11,3,15,231
18.5,11,4,0,217
18.5,11,4,1,218
18.5,11,4,2,219
18.5,11,4,3,220
18.5,11,4,4,221
18.5,11,4,5,222
18.5,11,4,6,224
18.5,11,4,7,225
18.5,11,4,8,226
18.5,11,4,9,227
18.5,11,4,10,228
18.5,11,4,11,229
18.5,11,4,12,230
18.5,11,4,13,231
18.5,11,4,14,232
18.5,11,4,15,233
18.5,11,5,0,218
18.5,11,5,1,220
18.5,11,5,2,221
18.5,11,5,3,222
18.5,11,5,4,223
18.5,11,5,5,224
18.5,11,5,6,225
18.5,11,5,7,226
18.5,11,5,8,227
18.5,11,5,9,228
18.5,11,5,10,229
18.5,11,5,11,230
18.5,11,5,12,231
18.5,11,5,13,232
18.5,11,5,14,233
18.5,11,5,15,234
18.5,11,6,0,220
18.5,11,6,1,221
18.5,11,6,2,222
18.5,11,6,3,223
18.5,11,6,4,224
18.5,11,6,5,225
18.5,11,6,6,226
18.5,11,6,7,227
18.5,11,6,8,228
18.5,11,6,9,229
18.5,11,6,10,230
18.5,11,6,11,231
18.5,11,6,12,232
18.5,11,6,13,233
18.5,11,6,14,234
18.5,11,6,15,235
18.5,11,7,0,221
18.5,11,7,1,222
18.5,11,7,2,223
18.5,11,7,3,224
18.5,11,7,4,225
18.5,11,7,5,226
18.5,11,7,6,227
18.5,11,7,7,228
18.5,11,7,8,229
18.5,11,7,9,230
18.5,11,7,10,232
18.5,11,7,11,233
18.5,11,7,12,234
18.5,11,7,13,235
18.5,11,7,14,236
18.5,11,7,15,237
18.5,11,8,0,222
18.5,11,8,1,223
18.5,11,8,2,224
18.5,11,8,3,225
18.5,11,8,4,226
18.5,11,8,5,228
18.5,11,8,6,229
18.5,11,8,7,230
18.5,11,8,8,231
18.5,11,8,9,232
18.5,11,8,10,233
18.5,11,8,11,234
18.5,11,8,12,235
18.5,11,8,13,236
18.5,11,8,14,237
18.5,11,8,15,238
18.5,11,9,0,223
18.5,11,9,1,224
18.5,11,9,2,226
18.5,11,9,3,227
18.5,11,9,4,228
18.5,11,9,5,229
18.5,11,9,6,230
18.5,11,9,7,231
18.5,11,9,8,232
18.5,11,9,9,233
18.5,11,9,10,234
18.5,11,9,11,235
18.5,11,9,12,236
18.5,11,9,13,237
18.5,11,9,14,238
18.5,11,9,15,239
18.5,11,10,0,225
18.5,11,10,1,226
18.5,11,10,2,227
18.5,11,10,3,228
18.5,11,10,4,229
18.5,11,10,5,230
18.5,11,10,6,231
18.5,11,10,7,232
18.5,11,10,8,233
18.5,11,10,9,234
18.5,11,10,10,235
18.5,11,10,11,236
18.5,11,10,12,237
18.5,11,10,13,238
18.5,11,10,14,240
18.5,11,10,15,241
18.5,11,11,0,226
18.5,11,11,1,227
18.5,11,11,2,228
18.5,11,11,3,229
18.5,11,11,4,230
18.5,11,11,5,231
18.5,11,11,6,232
18.5,11,11,7,233
18.5,11,11,8,234
18.5,11,11,9,236
18.5,11,11,10,237
18.5,11,11,11,238
18.5,11,11,12,239
18.5,11,11,13,240
18.5,11,11,14,241
18.5,11,11,15,242
18.5,11,12,0,227
18.5,11,12,1,228
18.5,11,12,2,229
18.5,11,12,3,230
18.5,11,12,4,231
18.5,11,12,5,232
18.5,11,12,6,234
18.5,11,12,7,235
18.5,11,12,8,236
18.5,11,12,9,237
18.5,11,12,10,238
18.5,11,12,11,239
18.5,11,12,12,240
18.5,11,12,13,241
18.5,11,12,14,242
18.5,11,12,15,243
18.5,11,13,0,228
18.5,11,13,1,229
18.5,11,13,2,230
18.5,11,13,3,232
18.5,11,13,4,233
18.5,11,13,5,234
18.5,11,13,6,235
18.5,11,13,7,236
18.5,11,13,8,237
18.5,11,13,9,238
18.5,11,13,10,239
18.5,11,13,11,240
18.5,11,13,12,241
18.5,11,13,13,242
18.5,11,13,14,243
18.5,11,13,15,244
18.5,11,14,0,229
18.5,11,14,1,230
18.5,11,14,2,232
18.5,11,14,3,233
18.5,11,14,4,234
18.5,11,14,5,235
18.5,11,14,6,236
18.5,11,14,7,237
18.5,11,14,8,238
18.5,11,14,9,239
18.5,11,14,10,240
18.5,11,14,11,241
18.5,11,14,12,243
18.5,11,14,13,244
18.5,11,14,14,245
18.5,11,14,15,246
18.5,11,15,0,231
18.5,11,15,1,232
18.5,11,15,2,233
18.5,11,15,3,234
18.5,11,15,4,235
18.5,11,15,5,236
18.5,11,15,6,237
18.5,11,15,7,238
18.5,11,15,8,239
18.5,11,15,9,241
18.5,11,15,10,242
18.5,11,15,11,243
18.5,11,15,12,244
18.5,11,15,13,245
18.5,11,15,14,246
18.5,11,15,15,247
18.5,12,0,0,215
18.5,12,0,1,216
18.5,12,0,2,217
18.5,12,0,3,218
18.5,12,0,4,219
18.5,12,0,5,220
18.5,12,0,6,221
18.5,12,0,7,222
18.5,12,0,8,223
18.5,12,0,9,224
18.5,12,0,10,225
18.5,12,0,11,226
18.5,12,0,12,227
18.5,12,0,13,228
18.5,12,0,14,229
18.5,12,0,15,230
18.5,12,1,0,216
18.5,12,1,1,218
18.5,12,1,2,219
18.5,12,1,3,220
18.5,12,1,4,221
18.5,12,1,5,222
18.5,12,1,6,223
18.5,12,1,7,224
18.5,12,1,8,225
18.5,12,1,9,226
18.5,12,1,10,227
18.5,12,1,11,228
18.5,12,1,12,229
18.5,12,1,13,230
18.5,12,1,14,231
18.5,12,1,15,232
18.5,12,2,0,218
18.5,12,2,1,219
18.5,12,2,2,220
18.5,12,2,3,221
18.5,12,2,4,222
18.5,12,2,5,223
18.5,12,2,6,224
18.5,12,2,7,225
18.5,12,2,8,226
18.5,12,2,9,227
18.5,12,2,10,228
18.5,12,2,11,229
18.5,12,2,12,230
18.5,12,2,13,231
18.5,12,2,14,232
18.5,12,2,15,233
18.5,12,3,0,219
18.5,12,3,1,220
18.5,12,3,2,221
18.5,12,3,3,222
18.5,12,3,4,223
18.5,12,3,5,224
18.5,12,3,6,225
18.5,12,3,7,226
18.5,12,3,8,227
18.5,12,3,9,229
18.5,12,3,10,230
18.5,12,3,11,231
18.5,12,3,12,232
18.5,12,3,13,233
18.5,12,3,14,234
18.5,12,3,15,235
18.5,12,4,0,220
18.5,12,4,1,221
18.5,12,4,2,222
18.5,12,4,3,224
18.5,12,4,4,225
18.5,12,4,5,226
18.5,12,4,6,227
18.5,12,4,7,228
18.5,12,4,8,229
18.5,12,4,9,230
18.5,12,4,10,231
18.5,12,4,11,232
18.5,12,4,12,233
18.5,12,4,13,234
18.5,12,4,14,235
18.5,12,4,15,236
18.5,12,5,0,222
18.5,12,5,1,223
18.5,12,5,2,224
18.5,12,5,3,225
18.5,12,5,4,226
18.5,12,5,5,227
18.5,12,5,6,228
18.5,12,5,7,229
18.5,12,5,8,230
18.5,12,5,9,231
18.5,12,5,10,232
18.5,12,5,11,233
18.5,12,5,12,234
18.5,12,5,13,235
18.5,12,5,14,236
18.5,12,5,15,237
18.5,12,6,0,223
18.5,12,6,1,224
18.5,12,6,2,225
18.5,12,6,3,226
18.5,12,6,4,227
18.5,12,6,5,228
18.5,12,6,6,229
18.5,12,6,7,230
18.5,12,6,8,231
18.5,12,6,9,232
18.5,12,6,10,234
18.5,12,6,11,235
18.5,12,6,12,236
18.5,12,6,13,237
18.5,12,6,14,238
18.5,12,6,15,239
18.5,12,7,0,224
18.5,12,7,1,225
18.5,12,7,2,226
18.5,12,7,3,227
18.5,12,7,4,228
18.5,12,7,5,230
18.5,12,7,6,231
18.5,12,7,7,232
18.5,12,7,8,233
18.5,12,7,9,234
18.5,12,7,10,235
18.5,12,7,11,236
18.5,12,7,12,237
18.5,12,7,13,238
18.5,12,7,14,239
18.5,12,7,15,240
18.5,12,8,0,225
18.5,12,8,1,226
18.5,12,8,2,228
18.5,12,8,3,229
18.5,12,8,4,230
18.5,12,8,5,231
18.5,12,8,6,232
18.5,12,8,7,233
18.5,12,8,8,234
18.5,12,8,9,235
18.5,12,8,10,236
18.5,12,8,11,237
18.5,12,8,12,238
18.5,12,8,13,239
18.5,12,8,14,240
18.5,12,8,15,241
18.5,12,9,0,227
18.5,12,9,1,228
18.5,12,9,2,229
18.5,12,9,3,230
18.5,12,9,4,231
18.5,12,9,5,232
18.5,12,9,6,233
18.5,12,9,7,234
18.5,12,9,8,235
18.5,12,9,9,236
18.5,12,9,10,237
18.5,12,9,11,238
18.5,12,9,12,240
18.5,12,9,13,241
18.5,12,9,14,242
18.5,12,9,15,243
18.5,12,10,0,228
18.5,12,10,1,229
18.5,12,10,2,230
18.5,12,10,3,231
18.5,12,10,4,232
18.5,12,10,5,233
18.5,12,10,6,234
18.5,12,10,7,235
18.5,12,10,8,237
18.5,12,10,9,238
18.5,12,10,10,239
18.5,12,10,11,240
18.5,12,10,12,241
18.5,12,10,13,242
18.5,12,10,14,243
18.5,12,10,15,244
18.5,12,11,0,229
18.5,12,11,1,230
18.5,12,11,2,231
18.5,12,11,3,232
18.5,12,11,4,233
18.5,12,11,5,235
18.5,12,11,6,236
18.5,12,11,7,237
18.5,12,11,8,238
18.5,12,11,9,239
18.5,12,11,10,240
18.5,12,11,11,241
18.5,12,11,12,242
18.5,12,11,13,243
18.5,12,11,14,244
18.5,12,11,15,245
18.5,12,12,0,230
18.5,12,12,1,231
18.5,12,12,2,232
18.5,12,12,3,234
18.5,12,12,4,235
18.5,12,12,5,236
18.5,12,12,6,237
18.5,12,12,7,238
18.5,12,12,8,239
18.5,12,12,9,240
18.5,12,12,10,241
18.5,12,12,11,242
18.5,12,12,12,243
18.5,12,12,13,244
18.5,12,12,14,246
18.5,12,12,15,247
18.5,12,13,0,231
18.5,12,13,1,233
18.5,12,13,2,234
18.5,12,13,3,235
18.5,12,13,4,236
18.5,12,13,5,237
18.5,12,13,6,238
18.5,12,13,7,239
18.5,12,13,8,240
18.5,12,13,9,241
18.5,12,13,10,243
18.5,12,13,11,244
18.5,12,13,12,245
18.5,12,13,13,246
18.5,12,13,14,247
18.5,12,13,15,248
18.5,12,14,0,233
18.5,12,14,1,234
18.5,12,14,2,235
18.5,12,14,3,236
18.5,12,14,4,237
18.5,12,14,5,238
18.5,12,14,6,239
18.5,12,14,7,241
18.5,12,14,8,242
18.5,12,14,9,243
18.5,12,14,10,244
18.5,12,14,11,245
18.5,12,14,12,246
18.5,12,14,13,247
18.5,12,14,14,248
18.5,12,14,15,249
18.5,12,15,0,234
18.5,12,15,1,235
18.5,12,15,2,236
18.5,12,15,3,237
18.5,12,15,4,238
18.5,12,15,5,240
18.5,12,15,6,241
18.5,12,15,7,242
18.5,12,15,8,243
18.5,12,15,9,244
18.5,12,15,10,245
18.5,12,15,11,246
18.5,12,15,12,247
18.5,12,15,13,248
18.5,12,15,14,249
18.5,12,15,15,250
18.5,13,0,0,218
18.5,13,0,1,219
18.5,13,0,2,220
18.5,13,0,3,221
18.5,13,0,4,222
18.5,13,0,5,223
18.5,13,0,6,225
18.5,13,0,7,226
18.5,13,0,8,227
18.5,13,0,9,228
18.5,13,0,10,229
18.5,13,0,11,230
18.5,13,0,12,231
18.5,13,0,13,232
18.5,13,0,14,233
18.5,13,0,15,234
18.5,13,1,0,220
18.5,13,1,1,221
18.5,13,1,2,222
18.5,13,1,3,223
18.5,13,1,4,224
18.5,13,1,5,225
18.5,13,1,6,226
18.5,13,1,7,227
18.5,13,1,8,228
18.5,13,1,9,229
18.5,13,1,10,230
18.5,13,1,11,231
18.5,13,1,12,232
18.5,13,1,13,233
18.5,13,1,14,234
18.5,13,1,15,235
18.5,13,2,0,221
18.5,13,2,1,222
18.5,13,2,2,223
18.5,13,2,3,224
18.5,13,2,4,225
18.5,13,2,5,226
18.5,13,2,6,227
18.5,13,2,7,228
18.5,13,2,8,229
18.5,13,2,9,230
18.5,13,2,10,231
18.5,13,2,11,232
18.5,13,2,12,233
18.5,13,2,13,235
18.5,13,2,14,236
18.5,13,2,15,237
18.5,13,3,0,222
18.5,13,3,1,223
18.5,13,3,2,224
18.5,13,3,3,225
18.5,13,3,4,226
18.5,13,3,5,228
18.5,13,3,6,229
18.5,13,3,7,230
18.5,13,3,8,231
18.5,13,3,9,232
18.5,13,3,10,233
18.5,13,3,11,234
18.5,13,3,12,235
18.5,13,3,13,236
18.5,13,3,14,237
18.5,13,3,15,238
18.5,13,4,0,223
18.5,13,4,1,225
18.5,13,4,2,226
18.5,13,4,3,227
18.5,13,4,4,228
18.5,13,4,5,229
18.5,13,4,6,230
18.5,13,4,7,231
18.5,13,4,8,232
18.5,13,4,9,233
18.5,13,4,10,234
18.5,13,4,11,235
18.5,13,4,12,236
18.5,13,4,13,237
18.5,13,4,14,238
18.5,13,4,15,239
18.5,13,5,0,225
18.5,13,5,1,226
18.5,13,5,2,227
18.5,13,5,3,228
18.5,13,5,4,229
18.5,13,5,5,230
18.5,13,5,6,231
18.5,13,5,7,232
18.5,13,5,8,233
18.5,13,5,9,234
18.5,13,5,10,235
18.5,13,5,11,237
18.5,13,5,12,238
18.5,13,5,13,239
18.5,13,5,14,240
18.5,13,5,15,241
18.5,13,6,0,226
18.5,13,6,1,227
18.5,13,6,2,228
18.5,13,6,3,229
18.5,13,6,4,230
18.5,13,6,5,231
18.5,13,6,6,233
18.5,13,6,7,234
18.5,13,6,8,235
18.5,13,6,9,236
18.5,13,6,10,237
18.5,13,6,11,238
18.5,13,6,12,239
18.5,13,6,13,240
18.5,13,6,14,241
18.5,13,6,15,242
18.5,13,7,0,227
18.5,13,7,1,228
18.5,13,7,2,229
18.5,13,7,3,231
18.5,13,7,4,232
18.5,13,7,5,233
18.5,13,7,6,234
18.5,13,7,7,235
18.5,13,7,8,236
18.5,13,7,9,237
18.5,13,7,10,238
18.5,13,7,11,239
18.5,13,7,12,240
18.5,13,7,13,241
18.5,13,7,14,242
18.5,13,7,15,243
18.5,13,8,0,229
18.5,13,8,1,230
18.5,13,8,2,231
18.5,13,8,3,232
18.5,13,8,4,233
18.5,13,8,5,234
18.5,13,8,6,235
18.5,13,8,7,236
18.5,13,8,8,237
18.5,13,8,9,238
18.5,13,8,10,239
18.5,13,8,11,241
18.5,13,8,12,242
18.5,13,8,13,243
18.5,13,8,14,244
18.5,13,8,15,245
18.5,13,9,0,230
18.5,13,9,1,231
18.5,13,9,2,232
18.5,13,9,3,233
18.5,13,9,4,234
18.5,13,9,5,235
18.5,13,9,6,236
18.5,13,9,7,238
18.5,13,9,8,239
18.5,13,9,9,240
18.5,13,9,10,241
18.5,13,9,11,242
18.5,13,9,12,243
18.5,13,9,13,244
18.5,13,9,14,245
18.5,13,9,15,246
18.5,13,10,0,231
18.5,13,10,1,232
18.5,13,10,2,233
18.5,13,10,3,234
18.5,13,10,4,235
18.5,13,10,5,237
18.5,13,10,6,238
18.5,13,10,7,239
18.5,13,10,8,240
18.5,13,10,9,241
18.5,13,10,10,242
18.5,13,10,11,243
18.5,13,10,12,244
18.5,13,10,13,245
18.5,13,10,14,246
18.5,13,10,15,247
18.5,13,11,0,232
18.5,13,11,1,233
18.5,13,11,2,235
18.5,13,11,3,236
18.5,13,11,4,237
18.5,13,11,5,238
18.5,13,11,6,239
18.5,13,11,7,240
18.5,13,11,8,241
18.5,13,11,9,242
18.5,13,11,10,243
18.5,13,11,11,244
18.5,13,11,12,246
18.5,13,11,13,247
18.5,13,11,14,248
18.5,13,11,15,249
18.5,13,12,0,233
18.5,13,12,1,235
18.5,13,12,2,236
18.5,13,12,3,237
18.5,13,12,4,238
18.5,13,12,5,239
18.5,13,12,6,240
18.5,13,12,7,241
18.5,13,12,8,242
18.5,13,12,9,244
18.5,13,12,10,245
18.5,13,12,11,246
18.5,13,12,12,247
18.5,13,12,13,248
18.5,13,12,14,249
18.5,13,12,15,250
18.5,13,13,0,235
18.5,13,13,1,236
18.5,13,13,2,237
18.5,13,13,3,238
18.5,13,13,4,239
18.5,13,13,5,240
18.5,13,13,6,242
18.5,13,13,7,243
18.5,13,13,8,244
18.5,13,13,9,245
18.5,13,13,10,246
18.5,13,13,11,247
18.5,13,13,12,248
18.5,13,13,13,249
18.5,13,13,14,250
18.5,13,13,15,251
18.5,13,14,0,236
18.5,13,14,1,237
18.5,13,14,2,238
18.5,13,14,3,239
18.5,13,14,4,241
18.5,13,14,5,242
18.5,13,14,6,243
18.5,13,14,7,244
18.5,13,14,8,245
18.5,13,14,9,246
18.5,13,14,10,247
18.5,13,14,11,248
18.5,13,14,12,249
18.5,13,14,13,251
18.5,13,14,14,252
18.5,13,14,15,253
18.5,13,15,0,237
18.5,13,15,1,238
18.5,13,15,2,239
18.5,13,15,3,241
18.5,13,15,4,242
18.5,13,15,5,243
18.5,13,15,6,244
18.5,13,15,7,245
18.5,13,15,8,246
18.5,13,15,9,247
18.5,13,15,10,249
18.5,13,15,11,250
18.5,13,15,12,251
18.5,13,15,13,252
18.5,13,15,14,253
18.5,13,15,15,254
18.5,14,0,0,221
18.5,14,0,1,222
18.5,14,0,2,223
18.5,14,0,3,224
18.5,14,0,4,226
18.5,14,0,5,227
18.5,14,0,6,228
18.5,14,0,7,229
18.5,14,0,8,230
18.5,14,0,9,231
18.5,14,0,10,232
18.5,14,0,11,233
18.5,14,0,12,234
18.5,14,0,13,235
18.5,14,0,14,236
18.5,14,0,15,237
18.5,14,1,0,223
18.5,14,1,1,224
18.5,14,1,2,225
18.5,14,1,3,226
18.5,14,1,4,227
18.5,14,1,5,228
18.5,14,1,6,229
18.5,14,1,7,230
18.5,14,1,8,231
18.5,14,1,9,232
18.5,14,1,10,233
18.5,14,1,11,234
18.5,14,1,12,235
18.5,14,1,13,236
18.5,14,1,14,237
18.5,14,1,15,238
18.5,14,2,0,224
18.5,14,2,1,225
18.5,14,2,2,226
18.5,14,2,3,227
18.5,14,2,4,228
18.5,14,2,5,229
18.5,14,2,6,230
18.5,14,2,7,231
18.5,14,2,8,233
18.5,14,2,9,234
18.5,14,2,10,235
18.5,14,2,11,236
18.5,14,2,12,237
18.5,14,2,13,238
18.5,14,2,14,239
18.5,14,2,15,240
18.5,14,3,0,225
18.5,14,3,1,226
18.5,14,3,2,227
18.5,14,3,3,229
18.5,14,3,4,230
18.5,14,3,5,231
18.5,14,3,6,232
18.5,14,3,7,233
18.5,14,3,8,234
18.5,14,3,9,235
18.5,14,3,10,236
18.5,14,3,11,237
18.5,14,3,12,238
18.5,14,3,13,239
18.5,14,3,14,240
18.5,14,3,15,241
18.5,14,4,0,227
18.5,14,4,1,228
18.5,14,4,2,229
18.5,14,4,3,230
18.5,14,4,4,231
18.5,14,4,5,232
18.5,14,4,6,233
18.5,14,4,7,234
18.5,14,4,8,235
18.5,14,4,9,236
18.5,14,4,10,237
18.5,14,4,11,238
18.5,14,4,12,240
18.5,14,4,13,241
18.5,14,4,14,242
18.5,14,4,15,243
18.5,14,5,0,228
18.5,14,5,1,229
18.5,14,5,2,230
18.5,14,5,3,231
18.5,14,5,4,232
18.5,14,5,5,233
18.5,14,5,6,234
18.5,14,5,7,236
18.5,14,5,8,237
18.5,14,5,9,238
18.5,14,5,10,239
18.5,14,5,11,240
18.5,14,5,12,241
18.5,14,5,13,242
18.5,14,5,14,243
18.5,14,5,15,244
18.5,14,6,0,229
18.5,14,6,1,230
18.5,14,6,2,231
18.5,14,6,3,232
18.5,14,6,4,234
18.5,14,6,5,235
18.5,14,6,6,236
18.5,14,6,7,237
18.5,14,6,8,238
18.5,14,6,9,239
18.5,14,6,10,240
18.5,14,6,11,241
18.5,14,6,12,242
18.5,14,6,13,243
18.5,14,6,14,244
18.5,14,6,15,245
18.5,14,7,0,230
18.5,14,7,1,232
18.5,14,7,2,233
18.5,14,7,3,234
18.5,14,7,4,235
18.5,14,7,5,236
18.5,14,7,6,237
18.5,14,7,7,238
18.5,14,7,8,239
18.5,14,7,9,240
18.5,14,7,10,241
18.5,14,7,11,243
18.5,14,7,12,244
18.5,14,7,13,245
18.5,14,7,14,246
18.5,14,7,15,247
18.5,14,8,0,232
18.5,14,8,1,233
18.5,14,8,2,234
18.5,14,8,3,235
18.5,14,8,4,236
18.5,14,8,5,237
18.5,14,8,6,238
18.5,14,8,7,240
18.5,14,8,8,241
18.5,14,8,9,242
18.5,14,8,10,243
18.5,14,8,11,244
18.5,14,8,12,245
18.5,14,8,13,246
18.5,14,8,14,247
18.5,14,8,15,248
18.5,14,9,0,233
18.5,14,9,1,234
18.5,14,9,2,235
18.5,14,9,3,236
18.5,14,9,4,237
18.5,14,9,5,239
18.5,14,9,6,240
18.5,14,9,7,241
18.5,14,9,8,242
18.5,14,9,9,243
18.5,14,9,10,244
18.5,14,9,11,245
18.5,14,9,12,246
18.5,14,9,13,247
18.5,14,9,14,248
18.5,14,9,15,250
18.5,14,10,0,234
18.5,14,10,1,235
18.5,14,10,2,237
18.5,14,10,3,238
18.5,14,10,4,239
18.5,14,10,5,240
18.5,14,10,6,241
18.5,14,10,7,242
18.5,14,10,8,243
18.5,14,10,9,244
18.5,14,10,10,245
18.5,14,10,11,247
18.5,14,10,12,248
18.5,14,10,13,249
18.5,14,10,14,250
18.5,14,10,15,251
18.5,14,11,0,235
18.5,14,11,1,237
18.5,14,11,2,238
18.5,14,11,3,239
18.5,14,11,4,240
18.5,14,11,5,241
18.5,14,11,6,242
18.5,14,11,7,243
18.5,14,11,8,245
18.5,14,11,9,246
18.5,14,11,10,247
18.5,14,11,11,248
18.5,14,11,12,249
18.5,14,11,13,250
18.5,14,11,14,251
18.5,14,11,15,252
18.5,14,12,0,237
18.5,14,12,1,238
18.5,14,12,2,239
18.5,14,12,3,240
18.5,14,12,4,241
18.5,14,12,5,242
18.5,14,12,6,244
18.5,14,12,7,245
18.5,14,12,8,246
18.5,14,12,9,247
18.5,14,12,10,248
18.5,14,12,11,249
18.5,14,12,12,250
18.5,14,12,13,251
18.5,14,12,14,252
18.5,14,12,15,254
18.5,14,13,0,238
18.5,14,13,1,239
18.5,14,13,2,240
18.5,14,13,3,241
18.5,14,13,4,243
18.5,14,13,5,244
18.5,14,13,6,245
18.5,14,13,7,246
18.5,14,13,8,247
18.5,14,13,9,248
18.5,14,13,10,249
18.5,14,13,11,251
18.5,14,13,12,252
18.5,14,13,13,253
18.5,14,13,14,254
18.5,14,13,15,255
18.5,14,14,0,239
18.5,14,14,1,240
18.5,14,14,2,242
18.5,14,14,3,243
18.5,14,14,4,244
18.5,14,14,5,245
18.5,14,14,6,246
18.5,14,14,7,247
18.5,14,14,8,248
18.5,14,14,9,250
18.5,14,14,10,251
18.5,14,14,11,252
18.5,14,14,12,253
18.5,14,14,13,254
18.5,14,14,14,255
18.5,14,14,15,256
18.5,14,15,0,240
18.5,14,15,1,242
18.5,14,15,2,243
18.5,14,15,3,244
18.5,14,15,4,245
18.5,14,15,5,246
18.5,14,15,6,247
18.5,14,15,7,249
18.5,14,15,8,250
18.5,14,15,9,251
18.5,14,15,10,252
18.5,14,15,11,253
18.5,14,15,12,254
18.5,14,15,13,255
18.5,14,15,14,256
18.5,14,15,15,258
18.5,15,0,0,224
18.5,15,0,1,225
18.5,15,0,2,226
18.5,15,0,3,228
18.5,15,0,4,229
18.5,15,0,5,230
18.5,15,0,6,231
18.5,15,0,7,232
18.5,15,0,8,233
18.5,15,0,9,234
18.5,15,0,10,235
18.5,15,0,11,236
18.5,15,0,12,237
18.5,15,0,13,238
18.5,15,0,14,239
18.5,15,0,15,240
18.5,15,1,0,226
18.5,15,1,1,227
18.5,15,1,2,228
18.5,15,1,3,229
18.5,15,1,4,230
18.5,15,1,5,231
18.5,15,1,6,232
18.5,15,1,7,233
18.5,15,1,8,234
18.5,15,1,9,235
18.5,15,1,10,236
18.5,15,1,11,238
18.5,15,1,12,239
18.5,15,1,13,240
18.5,15,1,14,241
18.5,15,1,15,242
18.5,15,2,0,227
18.5,15,2,1,228
18.5,15,2,2,229
18.5,15,2,3,230
18.5,15,2,4,231
18.5,15,2,5,232
18.5,15,2,6,234
18.5,15,2,7,235
18.5,15,2,8,236
18.5,15,2,9,237
18.5,15,2,10,238
18.5,15,2,11,239
18.5,15,2,12,240
18.5,15,2,13,241
18.5,15,2,14,242
18.5,15,2,15,243
18.5,15,3,0,228
18.5,15,3,1,229
18.5,15,3,2,231
18.5,15,3,3,232
18.5,15,3,4,233
18.5,15,3,5,234
18.5,15,3,6,235
18.5,15,3,7,236
18.5,15,3,8,237
18.5,15,3,9,238
18.5,15,3,10,239
18.5,15,3,11,240
18.5,15,3,12,241
18.5,15,3,13,242
18.5,15,3,14,244
18.5,15,3,15,245
18.5,15,4,0,230
18.5,15,4,1,231
18.5,15,4,2,232
18.5,15,4,3,233
18.5,15,4,4,234
18.5,15,4,5,235
18.5,15,4,6,236
18.5,15,4,7,237
18.5,15,4,8,238
18.5,15,4,9,240
18.5,15,4,10,241
18.5,15,4,11,242
18.5,15,4,12,243
18.5,15,4,13,244
18.5,15,4,14,245
18.5,15,4,15,246
18.5,15,5,0,231
18.5,15,5,1,232
18.5,15,5,2,233
18.5,15,5,3,234
18.5,15,5,4,235
18.5,15,5,5,237
18.5,15,5,6,238
18.5,15,5,7,239
18.5,15,5,8,240
18.5,15,5,9,241
18.5,15,5,10,242
18.5,15,5,11,243
18.5,15,5,12,244
18.5,15,5,13,245
18.5,15,5,14,246
18.5,15,5,15,247
18.5,15,6,0,232
18.5,15,6,1,233
18.5,15,6,2,235
18.5,15,6,3,236
18.5,15,6,4,237
18.5,15,6,5,238
18.5,15,6,6,239
18.5,15,6,7,240
18.5,15,6,8,241
18.5,15,6,9,242
18.5,15,6,10,243
18.5,15,6,11,244
18.5,15,6,12,246
18.5,15,6,13,247
18.5,15,6,14,248
18.5,15,6,15,249
18.5,15,7,0,234
18.5,15,7,1,235
18.5,15,7,2,236
18.5,15,7,3,237
18.5,15,7,4,238
18.5,15,7,5,239
18.5,15,7,6,240
18.5,15,7,7,241
18.5,15,7,8,243
18.5,15,7,9,244
18.5,15,7,10,245
18.5,15,7,11,246
18.5,15,7,12,247
18.5,15,7,13,248
18.5,15,7,14,249
18.5,15,7,15,250
18.5,15,8,0,235
18.5,15,8,1,236
18.5,15,8,2,237
18.5,15,8,3,238
18.5,15,8,4,239
18.5,15,8,5,241
18.5,15,8,6,242
18.5,15,8,7,243
18.5,15,8,8,244
18.5,15,8,9,245
18.5,15,8,10,246
18.5,15,8,11,247
18.5,15,8,12,248
18.5,15,8,13,249
18.5,15,8,14,250
18.5,15,8,15,252
18.5,15,9,0,236
18.5,15,9,1,237
18.5,15,9,2,238
18.5,15,9,3,240
18.5,15,9,4,241
18.5,15,9,5,242
18.5,15,9,6,243
18.5,15,9,7,244
18.5,15,9,8,245
18.5,15,9,9,246
18.5,15,9,10,247
18.5,15,9,11,249
18.5,15,9,12,250
18.5,15,9,13,251
18.5,15,9,14,252
18.5,15,9,15,253
18.5,15,10,0,237
18.5,15,10,1,239
18.5,15,10,2,240
18.5,15,10,3,241
18.5,15,10,4,242
18.5,15,10,5,243
18.5,15,10,6,244
18.5,15,10,7,245
18.5,15,10,8,247
18.5,15,10,9,248
18.5,15,10,10,249
18.5,15,10,11,250
18.5,15,10,12,251
18.5,15,10,13,252
18.5,15,10,14,253
18.5,15,10,15,254
18.5,15,11,0,239
18.5,15,11,1,240
18.5,15,11,2,241
18.5,15,11,3,242
18.5,15,11,4,243
18.5,15,11,5,245
18.5,15,11,6,246
18.5,15,11,7,247
18.5,15,11,8,248
18.5,15,11,9,249
18.5,15,11,10,250
18.5,15,11,11,251
18.5,15,11,12,252
18.5,15,11,13,253
18.5,15,11,14,255
18.5,15,11,15,256
18.5,15,12,0,240
18.5,15,12,1,241
18.5,15,12,2,242
18.5,15,12,3,243
18.5,15,12,4,245
18.5,15,12,5,246
18.5,15,12,6,247
18.5,15,12,7,248
18.5,15,12,8,249
18.5,15,12,9,250
18.5,15,12,10,251
18.5,15,12,11,253
18.5,15,12,12,254
18.5,15,12,13,255
18.5,15,12,14,256
18.5,15,12,15,257
18.5,15,13,0,241
18.5,15,13,1,242
18.5,15,13,2,244
18.5,15,13,3,245
18.5,15,13,4,246
18.5,15,13,5,247
18.5,15,13,6,248
18.5,15,13,7,249
18.5,15,13,8,251
18.5,15,13,9,252
18.5,15,13,10,253
18.5,15,13,11,254
18.5,15,13,12,255
18.5,15,13,13,256
18.5,15,13,14,257
18.5,15,13,15,258
18.5,15,14,0,242
18.5,15,14,1,244
18.5,15,14,2,245
18.5,15,14,3,246
18.5,15,14,4,247
18.5,15,14,5,248
18.5,15,14,6,250
18.5,15,14,7,251
18.5,15,14,8,252
18.5,15,14,9,253
18.5,15,14,10,254
18.5,15,14,11,255
18.5,15,14,12,256
18.5,15,14,13,258
18.5,15,14,14,259
18.5,15,14,15,260
18.5,15,15,0,244
18.5,15,15,1,245
18.5,15,15,2,246
18.5,15,15,3,247
18.5,15,15,4,248
18.5,15,15,5,250
18.5,15,15,6,251
18.5,15,15,7,252
18.5,15,15,8,253
18.5,15,15,9,254
18.5,15,15,10,255
18.5,15,15,11,257
18.5,15,15,12,258
18.5,15,15,13,259
18.5,15,15,14,260
18.5,15,15,15,261
19.0,0,0,0,184
19.0,0,0,1,184
19.0,0,0,2,185
19.0,0,0,3,186
19.0,0,0,4,187
19.0,0,0,5,188
19.0,0,0,6,189
19.0,0,0,7,190
19.0,0,0,8,191
19.0,0,0,9,192
19.0,0,0,10,192
19.0,0,0,11,193
19.0,0,0,12,194
19.0,0,0,13,195
19.0,0,0,14,196
19.0,0,0,15,197
19.0,0,1,0,185
19.0,0,1,1,186
19.0,0,1,2,186
19.0,0,1,3,187
19.0,0,1,4,188
19.0,0,1,5,189
19.0,0,1,6,190
19.0,0,1,7,191
19.0,0,1,8,192
19.0,0,1,9,193
19.0,0,1,10,194
19.0,0,1,11,194
19.0,0,1,12,195
19.0,0,1,13,196
19.0,0,1,14,197
19.0,0,1,15,198
19.0,0,2,0,186
19.0,0,2,1,187
19.0,0,2,2,188
19.0,0,2,3,188
19.0,0,2,4,189
19.0,0,2,5,190
19.0,0,2,6,191
19.0,0,2,7,192
19.0,0,2,8,193
19.0,0,2,9,194
19.0,0,2,10,195
19.0,0,2,11,196
19.0,0,2,12,196
19.0,0,2,13,197
19.0,0,2,14,198
19.0,0,2,15,199
19.0,0,3,0,187
19.0,0,3,1,188
19.0,0,3,2,189
19.0,0,3,3,190
19.0,0,3,4,190
19.0,0,3,5,191
19.0,0,3,6,192
19.0,0,3,7,193
19.0,0,3,8,194
19.0,0,3,9,195
19.0,0,3,10,196
19.0,0,3,11,197
19.0,0,3,12,198
19.0,0,3,13,198
19.0,0,3,14,199
19.0,0,3,15,200
19.0,0,4,0,188
19.0,0,4,1,189
19.0,0,4,2,190
19.0,0,4,3,191
19.0,0,4,4,192
19.0,0,4,5,193
19.0,0,4,6,193
19.0,0,4,7,194
19.0,0,4,8,195
19.0,0,4,9,196
19.0,0,4,10,197
19.0,0,4,11,198
19.0,0,4,12,199
19.0,0,4,13,200
19.0,0,4,14,200
19.0,0,4,15,201
19.0,0,5,0,189
19.0,0,5,1,190
19.0,0,5,2,191
19.0,0,5,3,192
19.0,0,5,4,193
19.0,0,5,5,194
19.0,0,5,6,195
19.0,0,5,7,195
19.0,0,5,8,196
19.0,0,5,9,197
19.0,0,5,10,198
19.0,0,5,11,199
19.0,0,5,12,200
19.0,0,5,13,201
19.0,0,5,14,202
19.0,0,5,15,202
19.0,0,6,0,190
19.0,0,6,1,191
19.0,0,6,2,192
19.0,0,6,3,193
19.0,0,6,4,194
19.0,0,6,5,195
19.0,0,6,6,196
19.0,0,6,7,197
19.0,0,6,8,197
19.0,0,6,9,198
19.0,0,6,10,199
19.0,0,6,11,200
19.0,0,6,12,201
19.0,0,6,13,202
19.0,0,6,14,203
19.0,0,6,15,204
19.0,0,7,0,191
19.0,0,7,1,192
19.0,0,7,2,193
19.0,0,7,3,194
19.0,0,7,4,195
19.0,0,7,5,196
19.0,0,7,6,197
19.0,0,7,7,198
19.0,0,7,8,199
19.0,0,7,9,199
19.0,0,7,10,200
19.0,0,7,11,201
19.0,0,7,12,202
19.0,0,7,13,203
19.0,0,7,14,204
19.0,0,7,15,205
19.0,0,8,0,192
19.0,0,8,1,193
19.0,0,8,2,194
19.0,0,8,3,195
19.0,0,8,4,196
19.0,0,8,5,197
19.0,0,8,6,198
19.0,0,8,7,199
19.0,0,8,8,200
19.0,0,8,9,201
19.0,0,8,10,201
19.0,0,8,11,202
19.0,0,8,12,203
19.0,0,8,13,204
19.0,0,8,14,205
19.0,0,8,15,206
19.0,0,9,0,193
19.0,0,9,1,194
19.0,0,9,2,195
19.0,0,9,3,196
19.0,0,9,4,197
19.0,0,9,5,198
19.0,0,9,6,199
19.0,0,9,7,200
19.0,0,9,8,201
19.0,0,9,9,202
19.0,0,9,10,203
19.0,0,9,11,203
19.0,0,9,12,204
19.0,0,9,13,205
19.0,0,9,14,206
19.0,0,9,15,207
19.0,0,10,0,194
19.0,0,10,1,195
19.0,0,10,2,196
19.0,0,10,3,197
19.0,0,10,4,198
19.0,0,10,5,199
19.0,0,10,6,200
19.0,0,10,7,201
19.0,0,10,8,202
19.0,0,10,9,203
19.0,0,10,10,204
19.0,0,10,11,205
19.0,0,10,12,205
19.0,0,10,13,206
19.0,0,10,14,207
19.0,0,10,15,208
19.0,0,11,0,195
19.0,0,11,1,196
19.0,0,11,2,197
19.0,0,11,3,198
19.0,0,11,4,199
19.0,0,11,5,200
19.0,0,11,6,201
19.0,0,11,7,202
19.0,0,11,8,203
19.0,0,11,9,204
19.0,0,11,10,205
19.0,0,11,11,206
19.0,0,11,12,207
19.0,0,11,13,207
19.0,0,11,14,208
19.0,0,11,15,209
19.0,0,12,0,196
19.0,0,12,1,197
19.0,0,12,2,198
19.0,0,12,3,199
19.0,0,12,4,200
19.0,0,12,5,201
19.0,0,12,6,202
19.0,0,12,7,203
19.0,0,12,8,204
19.0,0,12,9,205
19.0,0,12,10,206
19.0,0,12,11,207
19.0,0,12,12,208
19.0,0,12,13,209
19.0,0,12,14,209
19.0,0,12,15,210
19.0,0,13,0,197
19.0,0,13,1,198
19.0,0,13,2,199
19.0,0,13,3,200
19.0,0,13,4,201
19.0,0,13,5,202
19.0,0,13,6,203
19.0,0,13,7,204
19.0,0,13,8,205
19.0,0,13,9,206
19.0,0,13,10,207
19.0,0,13,11,208
19.0,0,13,12,209
19.0,0,13,13,210
19.0,0,13,14,211
19.0,0,13,15,212
19.0,0,14,0,198
19.0,0,14,1,199
19.0,0,14,2,200
19.0,0,14,3,201
19.0,0,14,4,202
19.0,0,14,5,203
19.0,0,14,6,204
19.0,0,14,7,205
19.0,0,14,8,206
19.0,0,14,9,207
19.0,0,14,10,208
19.0,0,14,11,209
19.0,0,14,12,210
19.0,0,14,13,211
19.0,0,14,14,212
19.0,0,14,15,213
19.0,0,15,0,199
19.0,0,15,1,200
19.0,0,15,2,201
19.0,0,15,3,202
19.0,0,15,4,203
19.0,0,15,5,204
19.0,0,15,6,205
19.0,0,15,7,206
19.0,0,15,8,207
19.0,0,15,9,208
19.0,0,15,10,209
19.0,0,15,11,210
19.0,0,15,12,211
19.0,0,15,13,212
19.0,0,15,14,213
19.0,0,15,15,214
19.0,1,0,0,187
19.0,1,0,1,188
19.0,1,0,2,189
19.0,1,0,3,189
19.0,1,0,4,190
19.0,1,0,5,191
19.0,1,0,6,192
19.0,1,0,7,193
19.0,1,0,8,194
19.0,1,0,9,195
19.0,1,0,10,196
19.0,1,0,11,197
19.0,1,0,12,197
19.0,1,0,13,198
19.0,1,0,14,199
19.0,1,0,15,200
19.0,1,1,0,188
19.0,1,1,1,189
19.0,1,1,2,190
19.0,1,1,3,191
19.0,1,1,4,191
19.0,1,1,5,192
19.0,1,1,6,193
19.0,1,1,7,194
19.0,1,1,8,195
19.0,1,1,9,196
19.0,1,1,10,197
19.0,1,1,11,198
19.0,1,1,12,199
19.0,1,1,13,199
19.0,1,1,14,200
19.0,1,1,15,201
19.0,1,2,0,189
19.0,1,2,1,190
19.0,1,2,2,191
19.0,1,2,3,192
19.0,1,2,4,193
19.0,1,2,5,194
19.0,1,2,6,194
19.0,1,2,7,195
19.0,1,2,8,196
19.0,1,2,9,197
19.0,1,2,10,198
19.0,1,2,11,199
19.0,1,2,12,200
19.0,1,2,13,201
19.0,1,2,14,202
19.0,1,2,15,202
19.0,1,3,0,190
19.0,1,3,1,191
19.0,1,3,2,192
19.0,1,3,3,193
19.0,1,3,4,194
19.0,1,3,5,195
19.0,1,3,6,196
19.0,1,3,7,196
19.0,1,3,8,197
19.0,1,3,9,198
19.0,1,3,10,199
19.0,1,3,11,200
19.0,1,3,12,201
19.0,1,3,13,202
19.0,1,3,14,203
19.0,1,3,15,204
19.0,1,4,0,191
19.0,1,4,1,192
19.0,1,4,2,193
19.0,1,4,3,194
19.0,1,4,4,195
19.0,1,4,5,196
19.0,1,4,6,197
19.0,1,4,7,198
19.0,1,4,8,199
19.0,1,4,9,199
19.0,1,4,10,200
19.0,1,4,11,201
19.0,1,4,12,202
19.0,1,4,13,203
19.0,1,4,14,204
19.0,1,4,15,205
19.0,1,5,0,192
19.0,1,5,1,193
19.0,1,5,2,194
19.0,1,5,3,195
19.0,1,5,4,196
19.0,1,5,5,197
19.0,1,5,6,198
19.0,1,5,7,199
19.0,1,5,8,200
19.0,1,5,9,201
19.0,1,5,10,201
19.0,1,5,11,202
19.0,1,5,12,203
19.0,1,5,13,204
19.0,1,5,14,205
19.0,1,5,15,206
19.0,1,6,0,193
19.0,1,6,1,194
19.0,1,6,2,195
19.0,1,6,3,196
19.0,1,6,4,197
19.0,1,6,5,198
19.0,1,6,6,199
19.0,1,6,7,200
19.0,1,6,8,201
19.0,1,6,9,202
19.0,1,6,10,203
19.0,1,6,11,204
19.0,1,6,12,204
19.0,1,6,13,205
19.0,1,6,14,206
19.0,1,6,15,207
19.0,1,7,0,194
19.0,1,7,1,195
19.0,1,7,2,196
19.0,1,7,3,197
19.0,1,7,4,198
19.0,1,7,5,199
19.0,1,7,6,200
19.0,1,7,7,201
19.0,1,7,8,202
19.0,1,7,9,203
19.0,1,7,10,204
19.0,1,7,11,205
19.0,1,7,12,206
19.0,1,7,13,206
19.0,1,7,14,207
19.0,1,7,15,208
19.0,1,8,0,195
19.0,1,8,1,196
19.0,1,8,2,197
19.0,1,8,3,198
19.0,1,8,4,199
19.0,1,8,5,200
19.0,1,8,6,201
19.0,1,8,7,202
19.0,1,8,8,203
19.0,1,8,9,204
19.0,1,8,10,205
19.0,1,8,11,206
19.0,1,8,12,207
19.0,1,8,13,208
19.0,1,8,14,209
19.0,1,8,15,209
19.0,1,9,0,197
19.0,1,9,1,198
19.0,1,9,2,198
19.0,1,9,3,199
19.0,1,9,4,200
19.0,1,9,5,201
19.0,1,9,6,202
19.0,1,9,7,203
19.0,1,9,8,204
19.0,1,9,9,205
19.0,1,9,10,206
19.0,1,9,11,207
19.0,1,9,12,208
19.0,1,9,13,209
19.0,1,9,14,210
19.0,1,9,15,211
19.0,1,10,0,198
19.0,1,10,1,199
19.0,1,10,2,200
19.0,1,10,3,201
19.0,1,10,4,201
19.0,1,10,5,202
19.0,1,10,6,203
19.0,1,10,7,204
19.0,1,10,8,205
19.0,1,10,9,206
19.0,1,10,10,207
19.0,1,10,11,208
19.0,1,10,12,209
19.0,1,10,13,210
19.0,1,10,14,211
19.0,1,10,15,212
19.0,1,11,0,199
19.0,1,11,1,200
19.0,1,11,2,201
19.0,1,11,3,202
19.0,1,11,4,203
19.0,1,11,5,204
19.0,1,11,6,204
19.0,1,11,7,205
19.0,1,11,8,206
19.0,1,11,9,207
19.0,1,11,10,208
19.0,1,11,11,209
19.0,1,11,12,210
19.0,1,11,13,211
19.0,1,11,14,212
19.0,1,11,15,213
19.0,1,12,0,200
19.0,1,12,1,201
19.0,1,12,2,202
19.0,1,12,3,203
19.0,1,12,4,204
19.0,1,12,5,205
19.0,1,12,6,206
19.0,1,12,7,207
19.0,1,12,8,207
19.0,1,12,9,208
19.0,1,12,10,209
19.0,1,12,11,210
19.0,1,12,12,211
19.0,1,12,13,212
19.0,1,12,14,213
19.0,1,12,15,214
19.0,1,13,0,201
19.0,1,13,1,202
19.0,1,13,2,203
19.0,1,13,3,204
19.0,1,13,4,205
19.0,1,13,5,206
19.0,1,13,6,207
19.0,1,13,7,208
19.0,1,13,8,209
19.0,1,13,9,209
19.0,1,13,10,210
19.0,1,13,11,211
19.0,1,13,12,212
19.0,1,13,13,213
19.0,1,13,14,214
19.0,1,13,15,215
19.0,1,14,0,202
19.0,1,14,1,203
19.0,1,14,2,204
19.0,1,14,3,205
19.0,1,14,4,206
19.0,1,14,5,207
19.0,1,14,6,208
19.0,1,14,7,209
19.0,1,14,8,210
19.0,1,14,9,211
19.0,1,14,10,212
19.0,1,14,11,212
19.0,1,14,12,213
19.0,1,14,13,214
19.0,1,14,14,215
19.0,1,14,15,216
19.0,1,15,0,203
19.0,1,15,1,204
19.0,1,15,2,205
19.0,1,15,3,206
19.0,1,15,4,207
19.0,1,15,5,208
19.0,1,15,6,209
19.0,1,15,7,210
19.0,1,15,8,211
19.0,1,15,9,212
19.0,1,15,10,213
19.0,1,15,11,214
19.0,1,15,12,215
19.0,1,15,13,215
19.0,1,15,14,216
19.0,1,15,15,217
19.0,2,0,0,190
19.0,2,0,1,191
19.0,2,0,2,192
19.0,2,0,3,193
19.0,2,0,4,193
19.0,2,0,5,194
19.0,2,0,6,195
19.0,2,0,7,196
19.0,2,0,8,197
19.0,2,0,9,198
19.0,2,0,10,199
19.0,2,0,11,200
19.0,2,0,12,201
19.0,2,0,13,202
19.0,2,0,14,202
19.0,2,0,15,203
19.0,2,1,0,191
19.0,2,1,1,192
19.0,2,1,2,193
19.0,2,1,3,194
19.0,2,1,4,195
19.0,2,1,5,196
19.0,2,1,6,196
19.0,2,1,7,197
19.0,2,1,8,198
19.0,2,1,9,199
19.0,2,1,10,200
19.0,2,1,11,201
19.0,2,1,12,202
19.0,2,1,13,203
19.0,2,1,14,204
19.0,2,1,15,205
19.0,2,2,0,192
19.0,2,2,1,193
19.0,2,2,2,194
19.0,2,2,3,195
19.0,2,2,4,196
19.0,2,2,5,197
19.0,2,2,6,198
19.0,2,2,7,199
19.0,2,2,8,199
19.0,2,2,9,200
19.0,2,2,10,201
19.0,2,2,11,202
19.0,2,2,12,203
19.0,2,2,13,204
19.0,2,2,14,205
19.0,2,2,15,206
19.0,2,3,0,193
19.0,2,3,1,194
19.0,2,3,2,195
19.0,2,3,3,196
19.0,2,3,4,197
19.0,2,3,5,198
19.0,2,3,6,199
19.0,2,3,7,200
19.0,2,3,8,201
19.0,2,3,9,202
19.0,2,3,10,202
19.0,2,3,11,203
19.0,2,3,12,204
19.0,2,3,13,205
19.0,2,3,14,206
19.0,2,3,15,207
19.0,2,4,0,194
19.0,2,4,1,195
19.0,2,4,2,196
19.0,2,4,3,197
19.0,2,4,4,198
19.0,2,4,5,199
19.0,2,4,6,200
19.0,2,4,7,201
19.0,2,4,8,202
19.0,2,4,9,203
19.0,2,4,10,204
19.0,2,4,11,205
19.0,2,4,12,205
19.0,2,4,13,206
19.0,2,4,14,207
19.0,2,4,15,208
19.0,2,5,0,195
19.0,2,5,1,196
19.0,2,5,2,197
19.0,2,5,3,198
19.0,2,5,4,199
19.0,2,5,5,200
19.0,2,5,6,201
19.0,2,5,7,202
19.0,2,5,8,203
19.0,2,5,9,204
19.0,2,5,10,205
19.0,2,5,11,206
19.0,2,5,12,207
19.0,2,5,13,208
19.0,2,5,14,208
19.0,2,5,15,209
19.0,2,6,0,197
19.0,2,6,1,198
19.0,2,6,2,198
19.0,2,6,3,199
19.0,2,6,4,200
19.0,2,6,5,201
19.0,2,6,6,202
19.0,2,6,7,203
19.0,2,6,8,204
19.0,2,6,9,205
19.0,2,6,10,206
19.0,2,6,11,207
19.0,2,6,12,208
19.0,2,6,13,209
19.0,2,6,14,210
19.0,2,6,15,211
19.0,2,7,0,198
19.0,2,7,1,199
19.0,2,7,2,200
19.0,2,7,3,201
19.0,2,7,4,202
19.0,2,7,5,202
19.0,2,7,6,203
19.0,2,7,7,204
19.0,2,7,8,205
19.0,2,7,9,206
19.0,2,7,10,207
19.0,2,7,11,208
19.0,2,7,12,209
19.0,2,7,13,210
19.0,2,7,14,211
19.0,2,7,15,212
19.0,2,8,0,199
19.0,2,8,1,200
19.0,2,8,2,201
19.0,2,8,3,202
19.0,2,8,4,203
19.0,2,8,5,204
19.0,2,8,6,205
19.0,2,8,7,205
19.0,2,8,8,206
19.0,2,8,9,207
19.0,2,8,10,208
19.0,2,8,11,209
19.0,2,8,12,210
19.0,2,8,13,211
19.0,2,8,14,212
19.0,2,8,15,213
19.0,2,9,0,200
19.0,2,9,1,201
19.0,2,9,2,202
19.0,2,9,3,203
19.0,2,9,4,204
19.0,2,9,5,205
19.0,2,9,6,206
19.0,2,9,7,207
19.0,2,9,8,208
19.0,2,9,9,209
19.0,2,9,10,209
19.0,2,9,11,210
19.0,2,9,12,211
19.0,2,9,13,212
19.0,2,9,14,213
19.0,2,9,15,214
19.0,2,10,0,201
19.0,2,10,1,202
19.0,2,10,2,203
19.0,2,10,3,204
19.0,2,10,4,205
19.0,2,10,5,206
19.0,2,10,6,207
19.0,2,10,7,208
19.0,2,10,8,209
19.0,2,10,9,210
19.0,2,10,10,211
19.0,2,10,11,212
19.0,2,10,12,212
19.0,2,10,13,213
19.0,2,10,14,214
19.0,2,10,15,215
19.0,2,11,0,202
19.0,2,11,1,203
19.0,2,11,2,204
19.0,2,11,3,205
19.0,2,11,4,206
19.0,2,11,5,207
19.0,2,11,6,208
19.0,2,11,7,209
19.0,2,11,8,210
19.0,2,11,9,211
19.0,2,11,10,212
19.0,2,11,11,213
19.0,2,11,12,214
19.0,2,11,13,215
19.0,2,11,14,215
19.0,2,11,15,216
19.0,2,12,0,203
19.0,2,12,1,204
19.0,2,12,2,205
19.0,2,12,3,206
19.0,2,12,4,207
19.0,2,12,5,208
19.0,2,12,6,209
19.0,2,12,7,210
19.0,2,12,8,211
19.0,2,12,9,212
19.0,2,12,10,213
19.0,2,12,11,214
19.0,2,12,12,215
19.0,2,12,13,216
19.0,2,12,14,217
19.0,2,12,15,218
19.0,2,13,0,204
19.0,2,13,1,205
19.0,2,13,2,206
19.0,2,13,3,207
19.0,2,13,4,208
19.0,2,13,5,209
19.0,2,13,6,210
19.0,2,13,7,211
19.0,2,13,8,212
19.0,2,13,9,213
19.0,2,13,10,214
19.0,2,13,11,215
19.0,2,13,12,216
19.0,2,13,13,217
19.0,2,13,14,218
19.0,2,13,15,219
19.0,2,14,0,205
19.0,2,14,1,206
19.0,2,14,2,207
19.0,2,14,3,208
19.0,2,14,4,209
19.0,2,14,5,210
19.0,2,14,6,211
19.0,2,14,7,212
19.0,2,14,8,213
19.0,2,14,9,214
19.0,2,14,10,215
19.0,2,14,11,216
19.0,2,14,12,217
19.0,2,14,13,218
19.0,2,14,14,219
19.0,2,14,15,220
19.0,2,15,0,206
19.0,2,15,1,207
19.0,2,15,2,208
19.0,2,15,3,209
19.0,2,15,4,210
19.0,2,15,5,211
19.0,2,15,6,212
19.0,2,15,7,213
19.0,2,15,8,214
19.0,2,15,9,215
19.0,2,15,10,216
19.0,2,15,11,217
19.0,2,15,12,218
19.0,2,15,13,219
19.0,2,15,14,220
19.0,2,15,15,221
19.0,3,0,0,193
19.0,3,0,1,194
19.0,3,0,2,195
19.0,3,0,3,196
19.0,3,0,4,197
19.0,3,0,5,198
19.0,3,0,6,199
19.0,3,0,7,199
19.0,3,0,8,200
19.0,3,0,9,201
19.0,3,0,10,202
19.0,3,0,11,203
19.0,3,0,12,204
19.0,3,0,13,205
19.0,3,0,14,206
19.0,3,0,15,207
19.0,3,1,0,194
19.0,3,1,1,195
19.0,3,1,2,196
19.0,3,1,3,197
19.0,3,1,4,198
19.0,3,1,5,199
19.0,3,1,6,200
19.0,3,1,7,201
19.0,3,1,8,202
19.0,3,1,9,202
19.0,3,1,10,203
19.0,3,1,11,204
19.0,3,1,12,205
19.0,3,1,13,206
19.0,3,1,14,207
19.0,3,1,15,208
19.0,3,2,0,195
19.0,3,2,1,196
19.0,3,2,2,197
19.0,3,2,3,198
19.0,3,2,4,199
19.0,3,2,5,200
19.0,3,2,6,201
19.0,3,2,7,202
19.0,3,2,8,203
19.0,3,2,9,204
19.0,3,2,10,205
19.0,3,2,11,206
19.0,3,2,12,206
19.0,3,2,13,207
19.0,3,2,14,208
19.0,3,2,15,209
19.0,3,3,0,196
19.0,3,3,1,197
19.0,3,3,2,198
19.0,3,3,3,199
19.0,3,3,4,200
19.0,3,3,5,201
19.0,3,3,6,202
19.0,3,3,7,203
19.0,3,3,8,204
19.0,3,3,9,205
19.0,3,3,10,206
19.0,3,3,11,207
19.0,3,3,12,208
19.0,3,3,13,209
19.0,3,3,14,209
19.0,3,3,15,210
19.0,3,4,0,198
19.0,3,4,1,198
19.0,3,4,2,199
19.0,3,4,3,200
19.0,3,4,4,201
19.0,3,4,5,202
19.0,3,4,6,203
19.0,3,4,7,204
19.0,3,4,8,205
19.0,3,4,9,206
19.0,3,4,10,207
19.0,3,4,11,208
19.0,3,4,12,209
19.0,3,4,13,210
19.0,3,4,14,211
19.0,3,4,15,212
19.0,3,5,0,199
19.0,3,5,1,200
19.0,3,5,2,201
19.0,3,5,3,202
19.0,3,5,4,203
19.0,3,5,5,203
19.0,3,5,6,204
19.0,3,5,7,205
19.0,3,5,8,206
19.0,3,5,9,207
19.0,3,5,10,208
19.0,3,5,11,209
19.0,3,5,12,210
19.0,3,5,13,211
19.0,3,5,14,212
19.0,3,5,15,213
19.0,3,6,0,200
19.0,3,6,1,201
19.0,3,6,2,202
19.0,3,6,3,203
19.0,3,6,4,204
19.0,3,6,5,205
19.0,3,6,6,206
19.0,3,6,7,207
19.0,3,6,8,207
19.0,3,6,9,208
19.0,3,6,10,209
19.0,3,6,11,210
19.0,3,6,12,211
19.0,3,6,13,212
19.0,3,6,14,213
19.0,3,6,15,214
19.0,3,7,0,201
19.0,3,7,1,202
19.0,3,7,2,203
19.0,3,7,3,204
19.0,3,7,4,205
19.0,3,7,5,206
19.0,3,7,6,207
19.0,3,7,7,208
19.0,3,7,8,209
19.0,3,7,9,210
19.0,3,7,10,211
19.0,3,7,11,211
19.0,3,7,12,212
19.0,3,7,13,213
19.0,3,7,14,214
19.0,3,7,15,215
19.0,3,8,0,202
19.0,3,8,1,203
19.0,3,8,2,204
19.0,3,8,3,205
19.0,3,8,4,206
19.0,3,8,5,207
19.0,3,8,6,208
19.0,3,8,7,209
19.0,3,8,8,210
19.0,3,8,9,211
19.0,3,8,10,212
19.0,3,8,11,213
19.0,3,8,12,214
19.0,3,8,13,215
19.0,3,8,14,215
19.0,3,8,15,216
19.0,3,9,0,203
19.0,3,9,1,204
19.0,3,9,2,205
19.0,3,9,3,206
19.0,3,9,4,207
19.0,3,9,5,208
19.0,3,9,6,209
19.0,3,9,7,210
19.0,3,9,8,211
19.0,3,9,9,212
19.0,3,9,10,213
19.0,3,9,11,214
19.0,3,9,12,215
19.0,3,9,13,216
19.0,3,9,14,217
19.0,3,9,15,218
19.0,3,10,0,204
19.0,3,10,1,205
19.0,3,10,2,206
19.0,3,10,3,207
19.0,3,10,4,208
19.0,3,10,5,209
19.0,3,10,6,210
19.0,3,10,7,211
19.0,3,10,8,212
19.0,3,10,9,213
19.0,3,10,10,214
19.0,3,10,11,215
19.0,3,10,12,216
19.0,3,10,13,217
19.0,3,10,14,218
19.0,3,10,15,219
19.0,3,11,0,205
19.0,3,11,1,206
19.0,3,11,2,207
19.0,3,11,3,208
19.0,3,11,4,209
19.0,3,11,5,210
19.0,3,11,6,211
19.0,3,11,7,212
19.0,3,11,8,213
19.0,3,11,9,214
19.0,3,11,10,215
19.0,3,11,11,216
19.0,3,11,12,217
19.0,3,11,13,218
19.0,3,11,14,219
19.0,3,11,15,220
19.0,3,12,0,206
19.0,3,12,1,207
19.0,3,12,2,208
19.0,3,12,3,209
19.0,3,12,4,210
19.0,3,12,5,211
19.0,3,12,6,212
19.0,3,12,7,213
19.0,3,12,8,214
19.0,3,12,9,215
19.0,3,12,10,216
19.0,3,12,11,217
19.0,3,12,12,218
19.0,3,12,13,219
19.0,3,12,14,220
19.0,3,12,15,221
19.0,3,13,0,208
19.0,3,13,1,209
19.0,3,13,2,210
19.0,3,13,3,211
19.0,3,13,4,212
19.0,3,13,5,213
19.0,3,13,6,214
19.0,3,13,7,215
19.0,3,13,8,216
19.0,3,13,9,216
19.0,3,13,10,217
19.0,3,13,11,218
19.0,3,13,12,219
19.0,3,13,13,220
19.0,3,13,14,221
19.0,3,13,15,222
19.0,3,14,0,209
19.0,3,14,1,210
19.0,3,14,2,211
19.0,3,14,3,212
19.0,3,14,4,213
19.0,3,14,5,214
19.0,3,14,6,215
19.0,3,14,7,216
19.0,3,14,8,217
19.0,3,14,9,218
19.0,3,14,10,219
19.0,3,14,11,220
19.0,3,14,12,221
19.0,3,14,13,222
19.0,3,14,14,222
19.0,3,14,15,223
19.0,3,15,0,210
19.0,3,15,1,211
19.0,3,15,2,212
19.0,3,15,3,213
19.0,3,15,4,214
19.0,3,15,5,215
19.0,3,15,6,216
19.0,3,15,7,217
19.0,3,15,8,218
19.0,3,15,9,219
19.0,3,15,10,220
19.0,3,15,11,221
19.0,3,15,12,222
19.0,3,15,13,223
19.0,3,15,14,224
19.0,3,15,15,225
19.0,4,0,0,196
19.0,4,0,1,197
19.0,4,0,2,198
19.0,4,0,3,199
19.0,4,0,4,200
19.0,4,0,5,201
19.0,4,0,6,202
19.0,4,0,7,203
19.0,4,0,8,204
19.0,4,0,9,205
19.0,4,0,10,205
19.0,4,0,11,206
19.0,4,0,12,207
19.0,4,0,13,208
19.0,4,0,14,209
19.0,4,0,15,210
19.0,4,1,0,197
19.0,4,1,1,198
19.0,4,1,2,199
19.0,4,1,3,200
19.0,4,1,4,201
19.0,4,1,5,202
19.0,4,1,6,203
19.0,4,1,7,204
19.0,4,1,8,205
19.0,4,1,9,206
19.0,4,1,10,207
19.0,4,1,11,208
19.0,4,1,12,209
19.0,4,1,13,209
19.0,4,1,14,210
19.0,4,1,15,211
19.0,4,2,0,198
19.0,4,2,1,199
19.0,4,2,2,200
19.0,4,2,3,201
19.0,4,2,4,202
19.0,4,2,5,203
19.0,4,2,6,204
19.0,4,2,7,205
19.0,4,2,8,206
19.0,4,2,9,207
19.0,4,2,10,208
19.0,4,2,11,209
19.0,4,2,12,210
19.0,4,2,13,211
19.0,4,2,14,212
19.0,4,2,15,213
19.0,4,3,0,200
19.0,4,3,1,201
19.0,4,3,2,202
19.0,4,3,3,202
19.0,4,3,4,203
19.0,4,3,5,204
19.0,4,3,6,205
19.0,4,3,7,206
19.0,4,3,8,207
19.0,4,3,9,208
19.0,4,3,10,209
19.0,4,3,11,210
19.0,4,3,12,211
19.0,4,3,13,212
19.0,4,3,14,213
19.0,4,3,15,214
19.0,4,4,0,201
19.0,4,4,1,202
19.0,4,4,2,203
19.0,4,4,3,204
19.0,4,4,4,205
19.0,4,4,5,206
19.0,4,4,6,207
19.0,4,4,7,208
19.0,4,4,8,208
19.0,4,4,9,209
19.0,4,4,10,210
19.0,4,4,11,211
19.0,4,4,12,212
19.0,4,4,13,213
19.0,4,4,14,214
19.0,4,4,15,215
19.0,4,5,0,202
19.0,4,5,1,203
19.0,4,5,2,204
19.0,4,5,3,205
19.0,4,5,4,206
19.0,4,5,5,207
19.0,4,5,6,208
19.0,4,5,7,209
19.0,4,5,8,210
19.0,4,5,9,211
19.0,4,5,10,212
19.0,4,5,11,213
19.0,4,5,12,213
19.0,4,5,13,214
19.0,4,5,14,215
19.0,4,5,15,216
19.0,4,6,0,203
19.0,4,6,1,204
19.0,4,6,2,205
19.0,4,6,3,206
19.0,4,6,4,207
19.0,4,6,5,208
19.0,4,6,6,209
19.0,4,6,7,210
19.0,4,6,8,211
19.0,4,6,9,212
19.0,4,6,10,213
19.0,4,6,11,214
19.0,4,6,12,215
19.0,4,6,13,216
19.0,4,6,14,217
19.0,4,6,15,217
19.0,4,7,0,204
19.0,4,7,1,205
19.0,4,7,2,206
19.0,4,7,3,207
19.0,4,7,4,208
19.0,4,7,5,209
19.0,4,7,6,210
19.0,4,7,7,211
19.0,4,7,8,212
19.0,4,7,9,213
19.0,4,7,10,214
19.0,4,7,11,215
19.0,4,7,12,216
19.0,4,7,13,217
19.0,4,7,14,218
19.0,4,7,15,219
19.0,4,8,0,205
19.0,4,8,1,206
19.0,4,8,2,207
19.0,4,8,3,208
19.0,4,8,4,209
19.0,4,8,5,210
19.0,4,8,6,211
19.0,4,8,7,212
19.0,4,8,8,213
19.0,4,8,9,214
19.0,4,8,10,215
19.0,4,8,11,216
19.0,4,8,12,217
19.0,4,8,13,218
19.0,4,8,14,219
19.0,4,8,15,220
19.0,4,9,0,206
19.0,4,9,1,207
19.0,4,9,2,208
19.0,4,9,3,209
19.0,4,9,4,210
19.0,4,9,5,211
19.0,4,9,6,212
19.0,4,9,7,213
19.0,4,9,8,214
19.0,4,9,9,215
19.0,4,9,10,216
19.0,4,9,11,217
19.0,4,9,12,218
19.0,4,9,13,219
19.0,4,9,14,220
19.0,4,9,15,221
19.0,4,10,0,208
19.0,4,10,1,209
19.0,4,10,2,210
19.0,4,10,3,211
19.0,4,10,4,212
19.0,4,10,5,213
19.0,4,10,6,214
19.0,4,10,7,215
19.0,4,10,8,216
19.0,4,10,9,217
19.0,4,10,10,217
19.0,4,10,11,218
19.0,4,10,12,219
19.0,4,10,13,220
19.0,4,10,14,221
19.0,4,10,15,222
19.0,4,11,0,209
19.0,4,11,1,210
19.0,4,11,2,211
19.0,4,11,3,212
19.0,4,11,4,213
19.0,4,11,5,214
19.0,4,11,6,215
19.0,4,11,7,216
19.0,4,11,8,217
19.0,4,11,9,218
19.0,4,11,10,219
19.0,4,11,11,220
19.0,4,11,12,221
19.0,4,11,13,222
19.0,4,11,14,223
19.0,4,11,15,224
19.0,4,12,0,210
19.0,4,12,1,211
19.0,4,12,2,212
19.0,4,12,3,213
19.0,4,12,4,214
19.0,4,12,5,215
19.0,4,12,6,216
19.0,4,12,7,217
19.0,4,12,8,218
19.0,4,12,9,219
19.0,4,12,10,220
19.0,4,12,11,221
19.0,4,12,12,222
19.0,4,12,13,223
19.0,4,12,14,224
19.0,4,12,15,225
19.0,4,13,0,211
19.0,4,13,1,212
19.0,4,13,2,213
19.0,4,13,3,214
19.0,4,13,4,215
19.0,4,13,5,216
19.0,4,13,6,217
19.0,4,13,7,218
19.0,4,13,8,219
19.0,4,13,9,220
19.0,4,13,10,221
19.0,4,13,11,222
19.0,4,13,12,223
19.0,4,13,13,224
19.0,4,13,14,225
19.0,4,13,15,226
19.0,4,14,0,212
19.0,4,14,1,213
19.0,4,14,2,214
19.0,4,14,3,215
19.0,4,14,4,216
19.0,4,14,5,217
19.0,4,14,6,218
19.0,4,14,7,219
19.0,4,14,8,220
19.0,4,14,9,221
19.0,4,14,10,222
19.0,4,14,11,223
19.0,4,14,12,224
19.0,4,14,13,225
19.0,4,14,14,226
19.0,4,14,15,227
19.0,4,15,0,213
19.0,4,15,1,214
19.0,4,15,2,215
19.0,4,15,3,216
19.0,4,15,4,217
19.0,4,15,5,218
19.0,4,15,6,219
19.0,4,15,7,220
19.0,4,15,8,221
19.0,4,15,9,222
19.0,4,15,10,223
19.0,4,15,11,224
19.0,4,15,12,225
19.0,4,15,13,226
19.0,4,15,14,227
19.0,4,15,15,228
19.0,5,0,0,199
19.0,5,0,1,200
19.0,5,0,2,201
19.0,5,0,3,202
19.0,5,0,4,203
19.0,5,0,5,204
19.0,5,0,6,205
19.0,5,0,7,206
19.0,5,0,8,207
19.0,5,0,9,208
19.0,5,0,10,209
19.0,5,0,11,210
19.0,5,0,12,211
19.0,5,0,13,211
19.0,5,0,14,212
19.0,5,0,15,213
19.0,5,1,0,200
19.0,5,1,1,201
19.0,5,1,2,202
19.0,5,1,3,203
19.0,5,1,4,204
19.0,5,1,5,205
19.0,5,1,6,206
19.0,5,1,7,207
19.0,5,1,8,208
19.0,5,1,9,209
19.0,5,1,10,210
19.0,5,1,11,211
19.0,5,1,12,212
19.0,5,1,13,213
19.0,5,1,14,214
19.0,5,1,15,215
19.0,5,2,0,202
19.0,5,2,1,203
19.0,5,2,2,204
19.0,5,2,3,204
19.0,5,2,4,205
19.0,5,2,5,206
19.0,5,2,6,207
19.0,5,2,7,208
19.0,5,2,8,209
19.0,5,2,9,210
19.0,5,2,10,211
19.0,5,2,11,212
19.0,5,2,12,213
19.0,5,2,13,214
19.0,5,2,14,215
19.0,5,2,15,216
19.0,5,3,0,203
19.0,5,3,1,204
19.0,5,3,2,205
19.0,5,3,3,206
19.0,5,3,4,207
19.0,5,3,5,208
19.0,5,3,6,209
19.0,5,3,7,210
19.0,5,3,8,211
19.0,5,3,9,212
19.0,5,3,10,212
19.0,5,3,11,213
19.0,5,3,12,214
19.0,5,3,13,215
19.0,5,3,14,216
19.0,5,3,15,217
19.0,5,4,0,204
19.0,5,4,1,205
19.0,5,4,2,206
19.0,5,4,3,207
19.0,5,4,4,208
19.0,5,4,5,209
19.0,5,4,6,210
19.0,5,4,7,211
19.0,5,4,8,212
19.0,5,4,9,213
19.0,5,4,10,214
19.0,5,4,11,215
19.0,5,4,12,216
19.0,5,4,13,217
19.0,5,4,14,217
19.0,5,4,15,218
19.0,5,5,0,205
19.0,5,5,1,206
19.0,5,5,2,207
19.0,5,5,3,208
19.0,5,5,4,209
19.0,5,5,5,210
19.0,5,5,6,211
19.0,5,5,7,212
19.0,5,5,8,213
19.0,5,5,9,214
19.0,5,5,10,215
19.0,5,5,11,216
19.0,5,5,12,217
19.0,5,5,13,218
19.0,5,5,14,219
19.0,5,5,15,220
19.0,5,6,0,206
19.0,5,6,1,207
19.0,5,6,2,208
19.0,5,6,3,209
19.0,5,6,4,210
19.0,5,6,5,211
19.0,5,6,6,212
19.0,5,6,7,213
19.0,5,6,8,214
19.0,5,6,9,215
19.0,5,6,10,216
19.0,5,6,11,217
19.0,5,6,12,218
19.0,5,6,13,219
19.0,5,6,14,220
19.0,5,6,15,221
19.0,5,7,0,207
19.0,5,7,1,208
19.0,5,7,2,209
19.0,5,7,3,210
19.0,5,7,4,211
19.0,5,7,5,212
19.0,5,7,6,213
19.0,5,7,7,214
19.0,5,7,8,215
19.0,5,7,9,216
19.0,5,7,10,217
19.0,5,7,11,218
19.0,5,7,12,219
19.0,5,7,13,220
19.0,5,7,14,221
19.0,5,7,15,222
19.0,5,8,0,209
19.0,5,8,1,210
19.0,5,8,2,211
19.0,5,8,3,212
19.0,5,8,4,213
19.0,5,8,5,214
19.0,5,8,6,215
19.0,5,8,7,216
19.0,5,8,8,217
19.0,5,8,9,218
19.0,5,8,10,219
19.0,5,8,11,220
19.0,5,8,12,221
19.0,5,8,13,221
19.0,5,8,14,222
19.0,5,8,15,223
19.0,5,9,0,210
19.0,5,9,1,211
19.0,5,9,2,212
19.0,5,9,3,213
19.0,5,9,4,214
19.0,5,9,5,215
19.0,5,9,6,216
19.0,5,9,7,217
19.0,5,9,8,218
19.0,5,9,9,219
19.0,5,9,10,220
19.0,5,9,11,221
19.0,5,9,12,222
19.0,5,9,13,223
19.0,5,9,14,224
19.0,5,9,15,225
19.0,5,10,0,211
19.0,5,10,1,212
19.0,5,10,2,213
19.0,5,10,3,214
19.0,5,10,4,215
19.0,5,10,5,216
19.0,5,10,6,217
19.0,5,10,7,218
19.0,5,10,8,219
19.0,5,10,9,220
19.0,5,10,10,221
19.0,5,10,11,222
19.0,5,10,12,223
19.0,5,10,13,224
19.0,5,10,14,225
19.0,5,10,15,226
19.0,5,11,0,212
19.0,5,11,1,213
19.0,5,11,2,214
19.0,5,11,3,215
19.0,5,11,4,216
19.0,5,11,5,217
19.0,5,11,6,218
19.0,5,11,7,219
19.0,5,11,8,220
19.0,5,11,9,221
19.0,5,11,10,222
19.0,5,11,11,223
19.0,5,11,12,224
19.0,5,11,13,225
19.0,5,11,14,226
19.0,5,11,15,227
19.0,5,12,0,213
19.0,5,12,1,214
19.0,5,12,2,215
19.0,5,12,3,216
19.0,5,12,4,217
19.0,5,12,5,218
19.0,5,12,6,219
19.0,5,12,7,220
19.0,5,12,8,221
19.0,5,12,9,222
19.0,5,12,10,223
19.0,5,12,11,224
19.0,5,12,12,225
19.0,5,12,13,226
19.0,5,12,14,227
19.0,5,12,15,228
19.0,5,13,0,214
19.0,5,13,1,215
19.0,5,13,2,216
19.0,5,13,3,217
19.0,5,13,4,218
19.0,5,13,5,219
19.0,5,13,6,220
19.0,5,13,7,221
19.0,5,13,8,222
19.0,5,13,9,223
19.0,5,13,10,225
19.0,5,13,11,226
19.0,5,13,12,227
19.0,5,13,13,227
19.0,5,13,14,228
19.0,5,13,15,229
19.0,5,14,0,215
19.0,5,14,1,216
19.0,5,14,2,217
19.0,5,14,3,218
19.0,5,14,4,220
19.0,5,14,5,221
19.0,5,14,6,222
19.0,5,14,7,223
19.0,5,14,8,224
19.0,5,14,9,225
19.0,5,14,10,226
19.0,5,14,11,227
19.0,5,14,12,228
19.0,5,14,13,229
19.0,5,14,14,230
19.0,5,14,15,231
19.0,5,15,0,216
19.0,5,15,1,218
19.0,5,15,2,219
19.0,5,15,3,220
19.0,5,15,4,221
19.0,5,15,5,222
19.0,5,15,6,223
19.0,5,15,7,224
19.0,5,15,8,225
19.0,5,15,9,226
19.0,5,15,10,227
19.0,5,15,11,228
19.0,5,15,12,229
19.0,5,15,13,230
19.0,5,15,14,231
19.0,5,15,15,232
19.0,6,0,0,202
19.0,6,0,1,203
19.0,6,0,2,204
19.0,6,0,3,205
19.0,6,0,4,206
19.0,6,0,5,207
19.0,6,0,6,208
19.0,6,0,7,209
19.0,6,0,8,210
19.0,6,0,9,211
19.0,6,0,10,212
19.0,6,0,11,213
19.0,6,0,12,214
19.0,6,0,13,215
19.0,6,0,14,216
19.0,6,0,15,217
19.0,6,1,0,203
19.0,6,1,1,204
19.0,6,1,2,205
19.0,6,1,3,206
19.0,6,1,4,207
19.0,6,1,5,208
19.0,6,1,6,209
19.0,6,1,7,210
19.0,6,1,8,211
19.0,6,1,9,212
19.0,6,1,10,213
19.0,6,1,11,214
19.0,6,1,12,215
19.0,6,1,13,216
19.0,6,1,14,217
19.0,6,1,15,218
19.0,6,2,0,205
19.0,6,2,1,206
19.0,6,2,2,207
19.0,6,2,3,208
19.0,6,2,4,209
19.0,6,2,5,210
19.0,6,2,6,211
19.0,6,2,7,212
19.0,6,2,8,213
19.0,6,2,9,214
19.0,6,2,10,215
19.0,6,2,11,215
19.0,6,2,12,216
19.0,6,2,13,217
19.0,6,2,14,218
19.0,6,2,15,219
19.0,6,3,0,206
19.0,6,3,1,207
19.0,6,3,2,208
19.0,6,3,3,209
19.0,6,3,4,210
19.0,6,3,5,211
19.0,6,3,6,212
19.0,6,3,7,213
19.0,6,3,8,214
19.0,6,3,9,215
19.0,6,3,10,216
19.0,6,3,11,217
19.0,6,3,12,218
19.0,6,3,13,219
19.0,6,3,14,220
19.0,6,3,15,221
19.0,6,4,0,207
19.0,6,4,1,208
19.0,6,4,2,209
19.0,6,4,3,210
19.0,6,4,4,211
19.0,6,4,5,212
19.0,6,4,6,213
19.0,6,4,7,214
19.0,6,4,8,215
19.0,6,4,9,216
19.0,6,4,10,217
19.0,6,4,11,218
19.0,6,4,12,219
19.0,6,4,13,220
19.0,6,4,14,221
19.0,6,4,15,222
19.0,6,5,0,208
19.0,6,5,1,209
19.0,6,5,2,210
19.0,6,5,3,211
19.0,6,5,4,212
19.0,6,5,5,213
19.0,6,5,6,214
19.0,6,5,7,215
19.0,6,5,8,216
19.0,6,5,9,217
19.0,6,5,10,218
19.0,6,5,11,219
19.0,6,5,12,220
19.0,6,5,13,221
19.0,6,5,14,222
19.0,6,5,15,223
19.0,6,6,0,209
19.0,6,6,1,211
19.0,6,6,2,212
19.0,6,6,3,213
19.0,6,6,4,214
19.0,6,6,5,215
19.0,6,6,6,216
19.0,6,6,7,217
19.0,6,6,8,218
19.0,6,6,9,219
19.0,6,6,10,220
19.0,6,6,11,221
19.0,6,6,12,221
19.0,6,6,13,222
19.0,6,6,14,223
19.0,6,6,15,224
19.0,6,7,0,211
19.0,6,7,1,212
19.0,6,7,2,213
19.0,6,7,3,214
19.0,6,7,4,215
19.0,6,7,5,216
19.0,6,7,6,217
19.0,6,7,7,218
19.0,6,7,8,219
19.0,6,7,9,220
19.0,6,7,10,221
19.0,6,7,11,222
19.0,6,7,12,223
19.0,6,7,13,224
19.0,6,7,14,225
19.0,6,7,15,226
19.0,6,8,0,212
19.0,6,8,1,213
19.0,6,8,2,214
19.0,6,8,3,215
19.0,6,8,4,216
19.0,6,8,5,217
19.0,6,8,6,218
19.0,6,8,7,219
19.0,6,8,8,220
19.0,6,8,9,221
19.0,6,8,10,222
19.0,6,8,11,223
19.0,6,8,12,224
19.0,6,8,13,225
19.0,6,8,14,226
19.0,6,8,15,227
19.0,6,9,0,213
19.0,6,9,1,214
19.0,6,9,2,215
19.0,6,9,3,216
19.0,6,9,4,217
19.0,6,9,5,218
19.0,6,9,6,219
19.0,6,9,7,220
19.0,6,9,8,221
19.0,6,9,9,222
19.0,6,9,10,223
19.0,6,9,11,224
19.0,6,9,12,225
19.0,6,9,13,226
19.0,6,9,14,227
19.0,6,9,15,228
19.0,6,10,0,214
19.0,6,10,1,215
19.0,6,10,2,216
19.0,6,10,3,217
19.0,6,10,4,218
19.0,6,10,5,219
19.0,6,10,6,220
19.0,6,10,7,221
19.0,6,10,8,222
19.0,6,10,9,223
19.0,6,10,10,224
19.0,6,10,11,225
19.0,6,10,12,226
19.0,6,10,13,227
19.0,6,10,14,228
19.0,6,10,15,229
19.0,6,11,0,215
19.0,6,11,1,216
19.0,6,11,2,217
19.0,6,11,3,218
19.0,6,11,4,219
19.0,6,11,5,221
19.0,6,11,6,222
19.0,6,11,7,223
19.0,6,11,8,224
19.0,6,11,9,225
19.0,6,11,10,226
19.0,6,11,11,227
19.0,6,11,12,228
19.0,6,11,13,229
19.0,6,11,14,230
19.0,6,11,15,231
19.0,6,12,0,216
19.0,6,12,1,217
19.0,6,12,2,219
19.0,6,12,3,220
19.0,6,12,4,221
19.0,6,12,5,222
19.0,6,12,6,223
19.0,6,12,7,224
19.0,6,12,8,225
19.0,6,12,9,226
19.0,6,12,10,227
19.0,6,12,11,228
19.0,6,12,12,229
19.0,6,12,13,230
19.0,6,12,14,231
19.0,6,12,15,232
19.0,6,13,0,218
19.0,6,13,1,219
19.0,6,13,2,220
19.0,6,13,3,221
19.0,6,13,4,222
19.0,6,13,5,223
19.0,6,13,6,224
19.0,6,13,7,225
19.0,6,13,8,226
19.0,6,13,9,227
19.0,6,13,10,228
19.0,6,13,11,229
19.0,6,13,12,230
19.0,6,13,13,231
19.0,6,13,14,232
19.0,6,13,15,233
19.0,6,14,0,219
19.0,6,14,1,220
19.0,6,14,2,221
19.0,6,14,3,222
19.0,6,14,4,223
19.0,6,14,5,224
19.0,6,14,6,225
19.0,6,14,7,226
19.0,6,14,8,227
19.0,6,14,9,228
19.0,6,14,10,229
19.0,6,14,11,230
19.0,6,14,12,231
19.0,6,14,13,232
19.0,6,14,14,233
19.0,6,14,15,234
19.0,6,15,0,220
19.0,6,15,1,221
19.0,6,15,2,222
19.0,6,15,3,223
19.0,6,15,4,224
19.0,6,15,5,225
19.0,6,15,6,226
19.0,6,15,7,227
19.0,6,15,8,228
19.0,6,15,9,229
19.0,6,15,10,230
19.0,6,15,11,231
19.0,6,15,12,232
19.0,6,15,13,233
19.0,6,15,14,234
19.0,6,15,15,235
19.0,7,0,0,205
19.0,7,0,1,206
19.0,7,0,2,207
19.0,7,0,3,208
19.0,7,0,4,209
19.0,7,0,5,210
19.0,7,0,6,211
19.0,7,0,7,212
19.0,7,0,8,213
19.0,7,0,9,214
19.0,7,0,10,215
19.0,7,0,11,216
19.0,7,0,12,217
19.0,7,0,13,218
19.0,7,0,14,219
19.0,7,0,15,220
19.0,7,1,0,207
19.0,7,1,1,208
19.0,7,1,2,209
19.0,7,1,3,210
19.0,7,1,4,211
19.0,7,1,5,212
19.0,7,1,6,213
19.0,7,1,7,214
19.0,7,1,8,215
19.0,7,1,9,216
19.0,7,1,10,217
19.0,7,1,11,218
19.0,7,1,12,218
19.0,7,1,13,219
19.0,7,1,14,220
19.0,7,1,15,221
19.0,7,2,0,208
19.0,7,2,1,209
19.0,7,2,2,210
19.0,7,2,3,211
19.0,7,2,4,212
19.0,7,2,5,213
19.0,7,2,6,214
19.0,7,2,7,215
19.0,7,2,8,216
19.0,7,2,9,217
19.0,7,2,10,218
19.0,7,2,11,219
19.0,7,2,12,220
19.0,7,2,13,221
19.0,7,2,14,222
19.0,7,2,15,223
19.0,7,3,0,209
19.0,7,3,1,210
19.0,7,3,2,211
19.0,7,3,3,212
19.0,7,3,4,213
19.0,7,3,5,214
19.0,7,3,6,215
19.0,7,3,7,216
19.0,7,3,8,217
19.0,7,3,9,218
19.0,7,3,10,219
19.0,7,3,11,220
19.0,7,3,12,221
19.0,7,3,13,222
19.0,7,3,14,223
19.0,7,3,15,224
19.0,7,4,0,210
19.0,7,4,1,211
19.0,7,4,2,212
19.0,7,4,3,213
19.0,7,4,4,214
19.0,7,4,5,215
19.0,7,4,6,216
19.0,7,4,7,217
19.0,7,4,8,218
19.0,7,4,9,219
19.0,7,4,10,220
19.0,7,4,11,221
19.0,7,4,12,222
19.0,7,4,13,223
19.0,7,4,14,224
19.0,7,4,15,225
19.0,7,5,0,212
19.0,7,5,1,213
19.0,7,5,2,214
19.0,7,5,3,215
19.0,7,5,4,216
19.0,7,5,5,217
19.0,7,5,6,218
19.0,7,5,7,219
19.0,7,5,8,220
19.0,7,5,9,221
19.0,7,5,10,222
19.0,7,5,11,223
19.0,7,5,12,224
19.0,7,5,13,225
19.0,7,5,14,226
19.0,7,5,15,227
19.0,7,6,0,213
19.0,7,6,1,214
19.0,7,6,2,215
19.0,7,6,3,216
19.0,7,6,4,217
19.0,7,6,5,218
19.0,7,6,6,219
19.0,7,6,7,220
19.0,7,6,8,221
19.0,7,6,9,222
19.0,7,6,10,223
19.0,7,6,11,224
19.0,7,6,12,225
19.0,7,6,13,226
19.0,7,6,14,227
19.0,7,6,15,228
19.0,7,7,0,214
19.0,7,7,1,215
19.0,7,7,2,216
19.0,7,7,3,217
19.0,7,7,4,218
19.0,7,7,5,219
19.0,7,7,6,220
19.0,7,7,7,221
19.0,7,7,8,222
19.0,7,7,9,223
19.0,7,7,10,224
19.0,7,7,11,225
19.0,7,7,12,226
19.0,7,7,13,227
19.0,7,7,14,228
19.0,7,7,15,229
19.0,7,8,0,215
19.0,7,8,1,216
19.0,7,8,2,217
19.0,7,8,3,218
19.0,7,8,4,219
19.0,7,8,5,220
19.0,7,8,6,221
19.0,7,8,7,222
19.0,7,8,8,223
19.0,7,8,9,224
19.0,7,8,10,225
19.0,7,8,11,226
19.0,7,8,12,227
19.0,7,8,13,228
19.0,7,8,14,229
19.0,7,8,15,230
19.0,7,9,0,216
19.0,7,9,1,217
19.0,7,9,2,218
19.0,7,9,3,219
19.0,7,9,4,220
19.0,7,9,5,222
19.0,7,9,6,223
19.0,7,9,7,224
19.0,7,9,8,225
19.0,7,9,9,226
19.0,7,9,10,227
19.0,7,9,11,228
19.0,7,9,12,229
19.0,7,9,13,230
19.0,7,9,14,231
19.0,7,9,15,232
19.0,7,10,0,217
19.0,7,10,1,219
19.0,7,10,2,220
19.0,7,10,3,221
19.0,7,10,4,222
19.0,7,10,5,223
19.0,7,10,6,224
19.0,7,10,7,225
19.0,7,10,8,226
19.0,7,10,9,227
19.0,7,10,10,228
19.0,7,10,11,229
19.0,7,10,12,230
19.0,7,10,13,231
19.0,7,10,14,232
19.0,7,10,15,233
19.0,7,11,0,219
19.0,7,11,1,220
19.0,7,11,2,221
19.0,7,11,3,222
19.0,7,11,4,223
19.0,7,11,5,224
19.0,7,11,6,225
19.0,7,11,7,226
19.0,7,11,8,227
19.0,7,11,9,228
19.0,7,11,10,229
19.0,7,11,11,230
19.0,7,11,12,231
19.0,7,11,13,232
19.0,7,11,14,233
19.0,7,11,15,234
19.0,7,12,0,220
19.0,7,12,1,221
19.0,7,12,2,222
19.0,7,12,3,223
19.0,7,12,4,224
19.0,7,12,5,225
19.0,7,12,6,226
19.0,7,12,7,227
19.0,7,12,8,228
19.0,7,12,9,229
19.0,7,12,10,230
19.0,7,12,11,231
19.0,7,12,12,232
19.0,7,12,13,233
19.0,7,12,14,234
19.0,7,12,15,235
19.0,7,13,0,221
19.0,7,13,1,222
19.0,7,13,2,223
19.0,7,13,3,224
19.0,7,13,4,225
19.0,7,13,5,226
19.0,7,13,6,227
19.0,7,13,7,228
19.0,7,13,8,229
19.0,7,13,9,230
19.0,7,13,10,232
19.0,7,13,11,233
19.0,7,13,12,234
19.0,7,13,13,235
19.0,7,13,14,236
19.0,7,13,15,237
19.0,7,14,0,222
19.0,7,14,1,223
19.0,7,14,2,224
19.0,7,14,3,225
19.0,7,14,4,226
19.0,7,14,5,227
19.0,7,14,6,229
19.0,7,14,7,230
19.0,7,14,8,231
19.0,7,14,9,232
19.0,7,14,10,233
19.0,7,14,11,234
19.0,7,14,12,235
19.0,7,14,13,236
19.0,7,14,14,237
19.0,7,14,15,238
19.0,7,15,0,223
19.0,7,15,1,224
19.0,7,15,2,225
19.0,7,15,3,226
19.0,7,15,4,228
19.0,7,15,5,229
19.0,7,15,6,230
19.0,7,15,7,231
19.0,7,15,8,232
19.0,7,15,9,233
19.0,7,15,10,234
19.0,7,15,11,235
19.0,7,15,12,236
19.0,7,15,13,237
19.0,7,15,14,238
19.0,7,15,15,239
19.0,8,0,0,209
19.0,8,0,1,210
19.0,8,0,2,211
19.0,8,0,3,212
19.0,8,0,4,213
19.0,8,0,5,214
19.0,8,0,6,215
19.0,8,0,7,216
19.0,8,0,8,217
19.0,8,0,9,218
19.0,8,0,10,219
19.0,8,0,11,219
19.0,8,0,12,220
19.0,8,0,13,221
19.0,8,0,14,222
19.0,8,0,15,223
19.0,8,1,0,210
19.0,8,1,1,211
19.0,8,1,2,212
19.0,8,1,3,213
19.0,8,1,4,214
19.0,8,1,5,215
19.0,8,1,6,216
19.0,8,1,7,217
19.0,8,1,8,218
19.0,8,1,9,219
19.0,8,1,10,220
19.0,8,1,11,221
19.0,8,1,12,222
19.0,8,1,13,223
19.0,8,1,14,224
19.0,8,1,15,225
19.0,8,2,0,211
19.0,8,2,1,212
19.0,8,2,2,213
19.0,8,2,3,214
19.0,8,2,4,215
19.0,8,2,5,216
19.0,8,2,6,217
19.0,8,2,7,218
19.0,8,2,8,219
19.0,8,2,9,220
19.0,8,2,10,221
19.0,8,2,11,222
19.0,8,2,12,223
19.0,8,2,13,224
19.0,8,2,14,225
19.0,8,2,15,226
19.0,8,3,0,212
19.0,8,3,1,213
19.0,8,3,2,214
19.0,8,3,3,215
19.0,8,3,4,216
19.0,8,3,5,217
19.0,8,3,6,218
19.0,8,3,7,219
19.0,8,3,8,220
19.0,8,3,9,221
19.0,8,3,10,222
19.0,8,3,11,223
19.0,8,3,12,224
19.0,8,3,13,225
19.0,8,3,14,226
19.0,8,3,15,227
19.0,8,4,0,213
19.0,8,4,1,215
19.0,8,4,2,216
19.0,8,4,3,217
19.0,8,4,4,218
19.0,8,4,5,219
19.0,8,4,6,220
19.0,8,4,7,221
19.0,8,4,8,222
19.0,8,4,9,223
19.0,8,4,10,224
19.0,8,4,11,225
19.0,8,4,12,226
19.0,8,4,13,227
19.0,8,4,14,228
19.0,8,4,15,229
19.0,8,5,0,215
19.0,8,5,1,216
19.0,8,5,2,217
19.0,8,5,3,218
19.0,8,5,4,219
19.0,8,5,5,220
19.0,8,5,6,221
19.0,8,5,7,222
19.0,8,5,8,223
19.0,8,5,9,224
19.0,8,5,10,225
19.0,8,5,11,226
19.0,8,5,12,227
19.0,8,5,13,228
19.0,8,5,14,229
19.0,8,5,15,230
19.0,8,6,0,216
19.0,8,6,1,217
19.0,8,6,2,218
19.0,8,6,3,219
19.0,8,6,4,220
19.0,8,6,5,221
19.0,8,6,6,222
19.0,8,6,7,223
19.0,8,6,8,224
19.0,8,6,9,225
19.0,8,6,10,226
19.0,8,6,11,227
19.0,8,6,12,228
19.0,8,6,13,229
19.0,8,6,14,230
19.0,8,6,15,231
19.0,8,7,0,217
19.0,8,7,1,218
19.0,8,7,2,219
19.0,8,7,3,220
19.0,8,7,4,221
19.0,8,7,5,222
19.0,8,7,6,223
19.0,8,7,7,224
19.0,8,7,8,226
19.0,8,7,9,227
19.0,8,7,10,228
19.0,8,7,11,229
19.0,8,7,12,230
19.0,8,7,13,231
19.0,8,7,14,232
19.0,8,7,15,233
19.0,8,8,0,218
19.0,8,8,1,219
19.0,8,8,2,220
19.0,8,8,3,222
19.0,8,8,4,223
19.0,8,8,5,224
19.0,8,8,6,225
19.0,8,8,7,226
19.0,8,8,8,227
19.0,8,8,9,228
19.0,8,8,10,229
19.0,8,8,11,230
19.0,8,8,12,231
19.0,8,8,13,232
19.0,8,8,14,233
19.0,8,8,15,234
19.0,8,9,0,220
19.0,8,9,1,221
19.0,8,9,2,222
19.0,8,9,3,223
19.0,8,9,4,224
19.0,8,9,5,225
19.0,8,9,6,226
19.0,8,9,7,227
19.0,8,9,8,228
19.0,8,9,9,229
19.0,8,9,10,230
19.0,8,9,11,231
19.0,8,9,12,232
19.0,8,9,13,233
19.0,8,9,14,234
19.0,8,9,15,235
19.0,8,10,0,221
19.0,8,10,1,222
19.0,8,10,2,223
19.0,8,10,3,224
19.0,8,10,4,225
19.0,8,10,5,226
19.0,8,10,6,227
19.0,8,10,7,228
19.0,8,10,8,229
19.0,8,10,9,230
19.0,8,10,10,231
19.0,8,10,11,232
19.0,8,10,12,233
19.0,8,10,13,234
19.0,8,10,14,235
19.0,8,10,15,236
19.0,8,11,0,222
19.0,8,11,1,223
19.0,8,11,2,224
19.0,8,11,3,225
19.0,8,11,4,226
19.0,8,11,5,227
19.0,8,11,6,228
19.0,8,11,7,229
19.0,8,11,8,230
19.0,8,11,9,232
19.0,8,11,10,233
19.0,8,11,11,234
19.0,8,11,12,235
19.0,8,11,13,236
19.0,8,11,14,237
19.0,8,11,15,238
19.0,8,12,0,223
19.0,8,12,1,224
19.0,8,12,2,225
19.0,8,12,3,226
19.0,8,12,4,227
19.0,8,12,5,229
19.0,8,12,6,230
19.0,8,12,7,231
19.0,8,12,8,232
19.0,8,12,9,233
19.0,8,12,10,234
19.0,8,12,11,235
19.0,8,12,12,236
19.0,8,12,13,237
19.0,8,12,14,238
19.0,8,12,15,239
19.0,8,13,0,224
19.0,8,13,1,225
19.0,8,13,2,226
19.0,8,13,3,228
19.0,8,13,4,229
19.0,8,13,5,230
19.0,8,13,6,231
19.0,8,13,7,232
19.0,8,13,8,233
19.0,8,13,9,234
19.0,8,13,10,235
19.0,8,13,11,236
19.0,8,13,12,237
19.0,8,13,13,238
19.0,8,13,14,239
19.0,8,13,15,240
19.0,8,14,0,225
19.0,8,14,1,227
19.0,8,14,2,228
19.0,8,14,3,229
19.0,8,14,4,230
19.0,8,14,5,231
19.0,8,14,6,232
19.0,8,14,7,233
19.0,8,14,8,234
19.0,8,14,9,235
19.0,8,14,10,236
19.0,8,14,11,237
19.0,8,14,12,238
19.0,8,14,13,239
19.0,8,14,14,240
19.0,8,14,15,242
19.0,8,15,0,227
19.0,8,15,1,228
19.0,8,15,2,229
19.0,8,15,3,230
19.0,8,15,4,231
19.0,8,15,5,232
19.0,8,15,6,233
19.0,8,15,7,234
19.0,8,15,8,235
19.0,8,15,9,236
19.0,8,15,10,237
19.0,8,15,11,239
19.0,8,15,12,240
19.0,8,15,13,241
19.0,8,15,14,242
19.0,8,15,15,243
19.0,9,0,0,212
19.0,9,0,1,213
19.0,9,0,2,214
19.0,9,0,3,215
19.0,9,0,4,216
19.0,9,0,5,217
19.0,9,0,6,218
19.0,9,0,7,219
19.0,9,0,8,220
19.0,9,0,9,221
19.0,9,0,10,222
19.0,9,0,11,223
19.0,9,0,12,224
19.0,9,0,13,225
19.0,9,0,14,226
19.0,9,0,15,227
19.0,9,1,0,213
19.0,9,1,1,214
19.0,9,1,2,215
19.0,9,1,3,216
19.0,9,1,4,217
19.0,9,1,5,218
19.0,9,1,6,219
19.0,9,1,7,220
19.0,9,1,8,221
19.0,9,1,9,222
19.0,9,1,10,223
19.0,9,1,11,224
19.0,9,1,12,225
19.0,9,1,13,226
19.0,9,1,14,227
19.0,9,1,15,228
19.0,9,2,0,214
19.0,9,2,1,215
19.0,9,2,2,216
19.0,9,2,3,217
19.0,9,2,4,218
19.0,9,2,5,219
19.0,9,2,6,220
19.0,9,2,7,221
19.0,9,2,8,222
19.0,9,2,9,223
19.0,9,2,10,224
19.0,9,2,11,225
19.0,9,2,12,226
19.0,9,2,13,227
19.0,9,2,14,228
19.0,9,2,15,229
19.0,9,3,0,215
19.0,9,3,1,216
19.0,9,3,2,218
19.0,9,3,3,219
19.0,9,3,4,220
19.0,9,3,5,221
19.0,9,3,6,222
19.0,9,3,7,223
19.0,9,3,8,224
19.0,9,3,9,225
19.0,9,3,10,226
19.0,9,3,11,227
19.0,9,3,12,228
19.0,9,3,13,229
19.0,9,3,14,230
19.0,9,3,15,231
19.0,9,4,0,217
19.0,9,4,1,218
19.0,9,4,2,219
19.0,9,4,3,220
19.0,9,4,4,221
19.0,9,4,5,222
19.0,9,4,6,223
19.0,9,4,7,224
19.0,9,4,8,225
19.0,9,4,9,226
19.0,9,4,10,227
19.0,9,4,11,228
19.0,9,4,12,229
19.0,9,4,13,230
19.0,9,4,14,231
19.0,9,4,15,232
19.0,9,5,0,218
19.0,9,5,1,219
19.0,9,5,2,220
19.0,9,5,3,221
19.0,9,5,4,222
19.0,9,5,5,223
19.0,9,5,6,224
19.0,9,5,7,225
19.0,9,5,8,226
19.0,9,5,9,227
19.0,9,5,10,228
19.0,9,5,11,229
19.0,9,5,12,230
19.0,9,5,13,231
19.0,9,5,14,232
19.0,9,5,15,233
19.0,9,6,0,219
19.0,9,6,1,220
19.0,9,6,2,221
19.0,9,6,3,222
19.0,9,6,4,223
19.0,9,6,5,224
19.0,9,6,6,226
19.0,9,6,7,227
19.0,9,6,8,228
19.0,9,6,9,229
19.0,9,6,10,230
19.0,9,6,11,231
19.0,9,6,12,232
19.0,9,6,13,233
19.0,9,6,14,234
19.0,9,6,15,235
19.0,9,7,0,220
19.0,9,7,1,221
19.0,9,7,2,223
19.0,9,7,3,224
19.0,9,7,4,225
19.0,9,7,5,226
19.0,9,7,6,227
19.0,9,7,7,228
19.0,9,7,8,229
19.0,9,7,9,230
19.0,9,7,10,231
19.0,9,7,11,232
19.0,9,7,12,233
19.0,9,7,13,234
19.0,9,7,14,235
19.0,9,7,15,236
19.0,9,8,0,222
19.0,9,8,1,223
19.0,9,8,2,224
19.0,9,8,3,225
19.0,9,8,4,226
19.0,9,8,5,227
19.0,9,8,6,228
19.0,9,8,7,229
19.0,9,8,8,230
19.0,9,8,9,231
19.0,9,8,10,232
19.0,9,8,11,233
19.0,9,8,12,234
19.0,9,8,13,235
19.0,9,8,14,236
19.0,9,8,15,237
19.0,9,9,0,223
19.0,9,9,1,224
19.0,9,9,2,225
19.0,9,9,3,226
19.0,9,9,4,227
19.0,9,9,5,228
19.0,9,9,6,229
19.0,9,9,7,230
19.0,9,9,8,231
19.0,9,9,9,232
19.0,9,9,10,234
19.0,9,9,11,235
19.0,9,9,12,236
19.0,9,9,13,237
19.0,9,9,14,238
19.0,9,9,15,239
19.0,9,10,0,224
19.0,9,10,1,225
19.0,9,10,2,226
19.0,9,10,3,227
19.0,9,10,4,228
19.0,9,10,5,229
19.0,9,10,6,231
19.0,9,10,7,232
19.0,9,10,8,233
19.0,9,10,9,234
19.0,9,10,10,235
19.0,9,10,11,236
19.0,9,10,12,237
19.0,9,10,13,238
19.0,9,10,14,239
19.0,9,10,15,240
19.0,9,11,0,225
19.0,9,11,1,226
19.0,9,11,2,227
19.0,9,11,3,229
19.0,9,11,4,230
19.0,9,11,5,231
19.0,9,11,6,232
19.0,9,11,7,233
19.0,9,11,8,234
19.0,9,11,9,235
19.0,9,11,10,236
19.0,9,11,11,237
19.0,9,11,12,238
19.0,9,11,13,239
19.0,9,11,14,240
19.0,9,11,15,241
19.0,9,12,0,226
19.0,9,12,1,228
19.0,9,12,2,229
19.0,9,12,3,230
19.0,9,12,4,231
19.0,9,12,5,232
19.0,9,12,6,233
19.0,9,12,7,234
19.0,9,12,8,235
19.0,9,12,9,236
19.0,9,12,10,237
19.0,9,12,11,238
19.0,9,12,12,239
19.0,9,12,13,240
19.0,9,12,14,242
19.0,9,12,15,243
19.0,9,13,0,228
19.0,9,13,1,229
19.0,9,13,2,230
19.0,9,13,3,231
19.0,9,13,4,232
19.0,9,13,5,233
19.0,9,13,6,234
19.0,9,13,7,235
19.0,9,13,8,236
19.0,9,13,9,237
19.0,9,13,10,239
19.0,9,13,11,240
19.0,9,13,12,241
19.0,9,13,13,242
19.0,9,13,14,243
19.0,9,13,15,244
19.0,9,14,0,229
19.0,9,14,1,230
19.0,9,14,2,231
19.0,9,14,3,232
19.0,9,14,4,233
19.0,9,14,5,234
19.0,9,14,6,235
19.0,9,14,7,237
19.0,9,14,8,238
19.0,9,14,9,239
19.0,9,14,10,240
19.0,9,14,11,241
19.0,9,14,12,242
19.0,9,14,13,243
19.0,9,14,14,244
19.0,9,14,15,245
19.0,9,15,0,230
19.0,9,15,1,231
19.0,9,15,2,232
19.0,9,15,3,233
19.0,9,15,4,234
19.0,9,15,5,236
19.0,9,15,6,237
19.0,9,15,7,238
19.0,9,15,8,239
19.0,9,15,9,240
19.0,9,15,10,241
19.0,9,15,11,242
19.0,9,15,12,243
19.0,9,15,13,244
19.0,9,15,14,245
19.0,9,15,15,246
19.0,10,0,0,215
19.0,10,0,1,216
19.0,10,0,2,217
19.0,10,0,3,218
19.0,10,0,4,219
19.0,10,0,5,220
19.0,10,0,6,221
19.0,10,0,7,222
19.0,10,0,8,223
19.0,10,0,9,224
19.0,10,0,10,225
19.0,10,0,11,226
19.0,10,0,12,227
19.0,10,0,13,228
19.0,10,0,14,229
19.0,10,0,15,230
19.0,10,1,0,216
19.0,10,1,1,217
19.0,10,1,2,218
19.0,10,1,3,219
19.0,10,1,4,220
19.0,10,1,5,221
19.0,10,1,6,222
19.0,10,1,7,223
19.0,10,1,8,224
19.0,10,1,9,225
19.0,10,1,10,226
19.0,10,1,11,227
19.0,10,1,12,228
19.0,10,1,13,229
19.0,10,1,14,230
19.0,10,1,15,231
19.0,10,2,0,217
19.0,10,2,1,218
19.0,10,2,2,219
19.0,10,2,3,221
19.0,10,2,4,222
19.0,10,2,5,223
19.0,10,2,6,224
19.0,10,2,7,225
19.0,10,2,8,226
19.0,10,2,9,227
19.0,10,2,10,228
19.0,10,2,11,229
19.0,10,2,12,230
19.0,10,2,13,231
19.0,10,2,14,232
19.0,10,2,15,233
19.0,10,3,0,219
19.0,10,3,1,220
19.0,10,3,2,221
19.0,10,3,3,222
19.0,10,3,4,223
19.0,10,3,5,224
19.0,10,3,6,225
19.0,10,3,7,226
19.0,10,3,8,227
19.0,10,3,9,228
19.0,10,3,10,229
19.0,10,3,11,230
19.0,10,3,12,231
19.0,10,3,13,232
19.0,10,3,14,233
19.0,10,3,15,234
19.0,10,4,0,220
19.0,10,4,1,221
19.0,10,4,2,222
19.0,10,4,3,223
19.0,10,4,4,224
19.0,10,4,5,225
19.0,10,4,6,226
19.0,10,4,7,227
19.0,10,4,8,228
19.0,10,4,9,229
19.0,10,4,10,230
19.0,10,4,11,231
19.0,10,4,12,232
19.0,10,4,13,234
19.0,10,4,14,235
19.0,10,4,15,236
19.0,10,5,0,221
19.0,10,5,1,222
19.0,10,5,2,223
19.0,10,5,3,224
19.0,10,5,4,225
19.0,10,5,5,227
19.0,10,5,6,228
19.0,10,5,7,229
19.0,10,5,8,230
19.0,10,5,9,231
19.0,10,5,10,232
19.0,10,5,11,233
19.0,10,5,12,234
19.0,10,5,13,235
19.0,10,5,14,236
19.0,10,5,15,237
19.0,10,6,0,222
19.0,10,6,1,223
19.0,10,6,2,225
19.0,10,6,3,226
19.0,10,6,4,227
19.0,10,6,5,228
19.0,10,6,6,229
19.0,10,6,7,230
19.0,10,6,8,231
19.0,10,6,9,232
19.0,10,6,10,233
19.0,10,6,11,234
19.0,10,6,12,235
19.0,10,6,13,236
19.0,10,6,14,237
19.0,10,6,15,238
19.0,10,7,0,224
19.0,10,7,1,225
19.0,10,7,2,226
19.0,10,7,3,227
19.0,10,7,4,228
19.0,10,7,5,229
19.0,10,7,6,230
19.0,10,7,7,231
19.0,10,7,8,232
19.0,10,7,9,233
19.0,10,7,10,234
19.0,10,7,11,235
19.0,10,7,12,236
19.0,10,7,13,238
19.0,10,7,14,239
19.0,10,7,15,240
19.0,10,8,0,225
19.0,10,8,1,226
19.0,10,8,2,227
19.0,10,8,3,228
19.0,10,8,4,229
19.0,10,8,5,230
19.0,10,8,6,231
19.0,10,8,7,232
19.0,10,8,8,234
19.0,10,8,9,235
19.0,10,8,10,236
19.0,10,8,11,237
19.0,10,8,12,238
19.0,10,8,13,239
19.0,10,8,14,240
19.0,10,8,15,241
19.0,10,9,0,226
19.0,10,9,1,227
19.0,10,9,2,228
19.0,10,9,3,229
19.0,10,9,4,231
19.0,10,9,5,232
19.0,10,9,6,233
19.0,10,9,7,234
19.0,10,9,8,235
19.0,10,9,9,236
19.0,10,9,10,237
19.0,10,9,11,238
19.0,10,9,12,239
19.0,10,9,13,240
19.0,10,9,14,241
19.0,10,9,15,242
19.0,10,10,0,227
19.0,10,10,1,228
19.0,10,10,2,230
19.0,10,10,3,231
19.0,10,10,4,232
19.0,10,10,5,233
19.0,10,10,6,234
19.0,10,10,7,235
19.0,10,10,8,236
19.0,10,10,9,237
19.0,10,10,10,238
19.0,10,10,11,239
19.0,10,10,12,240
19.0,10,10,13,241
19.0,10,10,14,242
19.0,10,10,15,244
19.0,10,11,0,229
19.0,10,11,1,230
19.0,10,11,2,231
19.0,10,11,3,232
19.0,10,11,4,233
19.0,10,11,5,234
19.0,10,11,6,235
19.0,10,11,7,236
19.0,10,11,8,237
19.0,10,11,9,238
19.0,10,11,10,240
19.0,10,11,11,241
19.0,10,11,12,242
19.0,10,11,13,243
19.0,10,11,14,244
19.0,10,11,15,245
19.0,10,12,0,230
19.0,10,12,1,231
19.0,10,12,2,232
19.0,10,12,3,233
19.0,10,12,4,234
19.0,10,12,5,235
19.0,10,12,6,236
19.0,10,12,7,238
19.0,10,12,8,239
19.0,10,12,9,240
19.0,10,12,10,241
19.0,10,12,11,242
19.0,10,12,12,243
19.0,10,12,13,244
19.0,10,12,14,245
19.0,10,12,15,246
19.0,10,13,0,231
19.0,10,13,1,232
19.0,10,13,2,233
19.0,10,13,3,234
19.0,10,13,4,235
19.0,10,13,5,237
19.0,10,13,6,238
19.0,10,13,7,239
19.0,10,13,8,240
19.0,10,13,9,241
19.0,10,13,10,242
19.0,10,13,11,243
19.0,10,13,12,244
19.0,10,13,13,245
19.0,10,13,14,246
19.0,10,13,15,247
19.0,10,14,0,232
19.0,10,14,1,233
19.0,10,14,2,234
19.0,10,14,3,236
19.0,10,14,4,237
19.0,10,14,5,238
19.0,10,14,6,239
19.0,10,14,7,240
19.0,10,14,8,241
19.0,10,14,9,242
19.0,10,14,10,243
19.0,10,14,11,244
19.0,10,14,12,246
19.0,10,14,13,247
19.0,10,14,14,248
19.0,10,14,15,249
19.0,10,15,0,233
19.0,10,15,1,235
19.0,10,15,2,236
19.0,10,15,3,237
19.0,10,15,4,238
19.0,10,15,5,239
19.0,10,15,6,240
19.0,10,15,7,241
19.0,10,15,8,242
19.0,10,15,9,243
19.0,10,15,10,245
19.0,10,15,11,246
19.0,10,15,12,247
19.0,10,15,13,248
19.0,10,15,14,249
19.0,10,15,15,250
19.0,11,0,0,218
19.0,11,0,1,219
19.0,11,0,2,220
19.0,11,0,3,221
19.0,11,0,4,222
19.0,11,0,5,223
19.0,11,0,6,224
19.0,11,0,7,225
19.0,11,0,8,226
19.0,11,0,9,227
19.0,11,0,10,228
19.0,11,0,11,229
19.0,11,0,12,230
19.0,11,0,13,231
19.0,11,0,14,232
19.0,11,0,15,233
19.0,11,1,0,219
19.0,11,1,1,220
19.0,11,1,2,221
19.0,11,1,3,222
19.0,11,1,4,223
19.0,11,1,5,225
19.0,11,1,6,226
19.0,11,1,7,227
19.0,11,1,8,228
19.0,11,1,9,229
19.0,11,1,10,230
19.0,11,1,11,231
19.0,11,1,12,232
19.0,11,1,13,233
19.0,11,1,14,234
19.0,11,1,15,235
19.0,11,2,0,220
19.0,11,2,1,222
19.0,11,2,2,223
19.0,11,2,3,224
19.0,11,2,4,225
19.0,11,2,5,226
19.0,11,2,6,227
19.0,11,2,7,228
19.0,11,2,8,229
19.0,11,2,9,230
19.0,11,2,10,231
19.0,11,2,11,232
19.0,11,2,12,233
19.0,11,2,13,234
19.0,11,2,14,235
19.0,11,2,15,236
19.0,11,3,0,222
19.0,11,3,1,223
19.0,11,3,2,224
19.0,11,3,3,225
19.0,11,3,4,226
19.0,11,3,5,227
19.0,11,3,6,228
19.0,11,3,7,229
19.0,11,3,8,230
19.0,11,3,9,231
19.0,11,3,10,232
19.0,11,3,11,233
19.0,11,3,12,234
19.0,11,3,13,236
19.0,11,3,14,237
19.0,11,3,15,238
19.0,11,4,0,223
19.0,11,4,1,224
19.0,11,4,2,225
19.0,11,4,3,226
19.0,11,4,4,227
19.0,11,4,5,228
19.0,11,4,6,230
19.0,11,4,7,231
19.0,11,4,8,232
19.0,11,4,9,233
19.0,11,4,10,234
19.0,11,4,11,235
19.0,11,4,12,236
19.0,11,4,13,237
19.0,11,4,14,238
19.0,11,4,15,239
19.0,11,5,0,224
19.0,11,5,1,225
19.0,11,5,2,227
19.0,11,5,3,228
19.0,11,5,4,229
19.0,11,5,5,230
19.0,11,5,6,231
19.0,11,5,7,232
19.0,11,5,8,233
19.0,11,5,9,234
19.0,11,5,10,235
19.0,11,5,11,236
19.0,11,5,12,237
19.0,11,5,13,238
19.0,11,5,14,239
19.0,11,5,15,240
19.0,11,6,0,226
19.0,11,6,1,227
19.0,11,6,2,228
19.0,11,6,3,229
19.0,11,6,4,230
19.0,11,6,5,231
19.0,11,6,6,232
19.0,11,6,7,233
19.0,11,6,8,234
19.0,11,6,9,235
19.0,11,6,10,236
19.0,11,6,11,238
19.0,11,6,12,239
19.0,11,6,13,240
19.0,11,6,14,241
19.0,11,6,15,242
19.0,11,7,0,227
19.0,11,7,1,228
19.0,11,7,2,229
19.0,11,7,3,230
19.0,11,7,4,231
19.0,11,7,5,232
19.0,11,7,6,233
19.0,11,7,7,235
19.0,11,7,8,236
19.0,11,7,9,237
19.0,11,7,10,238
19.0,11,7,11,239
19.0,11,7,12,240
19.0,11,7,13,241
19.0,11,7,14,242
19.0,11,7,15,243
19.0,11,8,0,228
19.0,11,8,1,229
19.0,11,8,2,230
19.0,11,8,3,231
19.0,11,8,4,233
19.0,11,8,5,234
19.0,11,8,6,235
19.0,11,8,7,236
19.0,11,8,8,237
19.0,11,8,9,238
19.0,11,8,10,239
19.0,11,8,11,240
19.0,11,8,12,241
19.0,11,8,13,242
19.0,11,8,14,243
19.0,11,8,15,244
19.0,11,9,0,229
19.0,11,9,1,231
19.0,11,9,2,232
19.0,11,9,3,233
19.0,11,9,4,234
19.0,11,9,5,235
19.0,11,9,6,236
19.0,11,9,7,237
19.0,11,9,8,238
19.0,11,9,9,239
19.0,11,9,10,240
19.0,11,9,11,241
19.0,11,9,12,243
19.0,11,9,13,244
19.0,11,9,14,245
19.0,11,9,15,246
19.0,11,10,0,231
19.0,11,10,1,232
19.0,11,10,2,233
19.0,11,10,3,234
19.0,11,10,4,235
19.0,11,10,5,236
19.0,11,10,6,237
19.0,11,10,7,238
19.0,11,10,8,240
19.0,11,10,9,241
19.0,11,10,10,242
19.0,11,10,11,243
19.0,11,10,12,244
19.0,11,10,13,245
19.0,11,10,14,246
19.0,11,10,15,247
19.0,11,11,0,232
19.0,11,11,1,233
19.0,11,11,2,234
19.0,11,11,3,235
19.0,11,11,4,236
19.0,11,11,5,238
19.0,11,11,6,239
19.0,11,11,7,240
19.0,11,11,8,241
19.0,11,11,9,242
19.0,11,11,10,243
19.0,11,11,11,244
19.0,11,11,12,245
19.0,11,11,13,246
19.0,11,11,14,247
19.0,11,11,15,248
19.0,11,12,0,233
19.0,11,12,1,234
19.0,11,12,2,235
19.0,11,12,3,237
19.0,11,12,4,238
19.0,11,12,5,239
19.0,11,12,6,240
19.0,11,12,7,241
19.0,11,12,8,242
19.0,11,12,9,243
19.0,11,12,10,244
19.0,11,12,11,245
19.0,11,12,12,246
19.0,11,12,13,248
19.0,11,12,14,249
19.0,11,12,15,250
19.0,11,13,0,234
19.0,11,13,1,236
19.0,11,13,2,237
19.0,11,13,3,238
19.0,11,13,4,239
19.0,11,13,5,240
19.0,11,13,6,241
19.0,11,13,7,242
19.0,11,13,8,243
19.0,11,13,9,244
19.0,11,13,10,246
19.0,11,13,11,247
19.0,11,13,12,248
19.0,11,13,13,249
19.0,11,13,14,250
19.0,11,13,15,251
19.0,11,14,0,236
19.0,11,14,1,237
19.0,11,14,2,238
19.0,11,14,3,239
19.0,11,14,4,240
19.0,11,14,5,241
19.0,11,14,6,242
19.0,11,14,7,244
19.0,11,14,8,245
19.0,11,14,9,246
19.0,11,14,10,247
19.0,11,14,11,248
19.0,11,14,12,249
19.0,11,14,13,250
19.0,11,14,14,251
19.0,11,14,15,252
19.0,11,15,0,237
19.0,11,15,1,238
19.0,11,15,2,239
19.0,11,15,3,240
19.0,11,15,4,241
19.0,11,15,5,243
19.0,11,15,6,244
19.0,11,15,7,245
19.0,11,15,8,246
19.0,11,15,9,247
19.0,11,15,10,248
19.0,11,15,11,249
19.0,11,15,12,250
19.0,11,15,13,251
19.0,11,15,14,253
19.0,11,15,15,254
19.0,12,0,0,221
19.0,12,0,1,222
19.0,12,0,2,223
19.0,12,0,3,224
19.0,12,0,4,225
19.0,12,0,5,226
19.0,12,0,6,227
19.0,12,0,7,228
19.0,12,0,8,230
19.0,12,0,9,231
19.0,12,0,10,232
19.0,12,0,11,233
19.0,12,0,12,234
19.0,12,0,13,235
19.0,12,0,14,236
19.0,12,0,15,237
19.0,12,1,0,222
19.0,12,1,1,223
19.0,12,1,2,224
19.0,12,1,3,226
19.0,12,1,4,227
19.0,12,1,5,228
19.0,12,1,6,229
19.0,12,1,7,230
19.0,12,1,8,231
19.0,12,1,9,232
19.0,12,1,10,233
19.0,12,1,11,234
19.0,12,1,12,235
19.0,12,1,13,236
19.0,12,1,14,237
19.0,12,1,15,238
19.0,12,2,0,224
19.0,12,2,1,225
19.0,12,2,2,226
19.0,12,2,3,227
19.0,12,2,4,228
19.0,12,2,5,229
19.0,12,2,6,230
19.0,12,2,7,231
19.0,12,2,8,232
19.0,12,2,9,233
19.0,12,2,10,234
19.0,12,2,11,235
19.0,12,2,12,236
19.0,12,2,13,238
19.0,12,2,14,239
19.0,12,2,15,240
19.0,12,3,0,225
19.0,12,3,1,226
19.0,12,3,2,227
19.0,12,3,3,228
19.0,12,3,4,229
19.0,12,3,5,230
19.0,12,3,6,231
19.0,12,3,7,233
19.0,12,3,8,234
19.0,12,3,9,235
19.0,12,3,10,236
19.0,12,3,11,237
19.0,12,3,12,238
19.0,12,3,13,239
19.0,12,3,14,240
19.0,12,3,15,241
19.0,12,4,0,226
19.0,12,4,1,227
19.0,12,4,2,228
19.0,12,4,3,230
19.0,12,4,4,231
19.0,12,4,5,232
19.0,12,4,6,233
19.0,12,4,7,234
19.0,12,4,8,235
19.0,12,4,9,236
19.0,12,4,10,237
19.0,12,4,11,238
19.0,12,4,12,239
19.0,12,4,13,240
19.0,12,4,14,241
19.0,12,4,15,242
19.0,12,5,0,228
19.0,12,5,1,229
19.0,12,5,2,230
19.0,12,5,3,231
19.0,12,5,4,232
19.0,12,5,5,233
19.0,12,5,6,234
19.0,12,5,7,235
19.0,12,5,8,236
19.0,12,5,9,237
19.0,12,5,10,238
19.0,12,5,11,240
19.0,12,5,12,241
19.0,12,5,13,242
19.0,12,5,14,243
19.0,12,5,15,244
19.0,12,6,0,229
19.0,12,6,1,230
19.0,12,6,2,231
19.0,12,6,3,232
19.0,12,6,4,233
19.0,12,6,5,234
19.0,12,6,6,236
19.0,12,6,7,237
19.0,12,6,8,238
19.0,12,6,9,239
19.0,12,6,10,240
19.0,12,6,11,241
19.0,12,6,12,242
19.0,12,6,13,243
19.0,12,6,14,244
19.0,12,6,15,245
19.0,12,7,0,230
19.0,12,7,1,231
19.0,12,7,2,232
19.0,12,7,3,234
19.0,12,7,4,235
19.0,12,7,5,236
19.0,12,7,6,237
19.0,12,7,7,238
19.0,12,7,8,239
19.0,12,7,9,240
19.0,12,7,10,241
19.0,12,7,11,242
19.0,12,7,12,243
19.0,12,7,13,244
19.0,12,7,14,245
19.0,12,7,15,247
19.0,12,8,0,231
19.0,12,8,1,233
19.0,12,8,2,234
19.0,12,8,3,235
19.0,12,8,4,236
19.0,12,8,5,237
19.0,12,8,6,238
19.0,12,8,7,239
19.0,12,8,8,240
19.0,12,8,9,241
19.0,12,8,10,243
19.0,12,8,11,244
19.0,12,8,12,245
19.0,12,8,13,246
19.0,12,8,14,247
19.0,12,8,15,248
19.0,12,9,0,233
19.0,12,9,1,234
19.0,12,9,2,235
19.0,12,9,3,236
19.0,12,9,4,237
19.0,12,9,5,238
19.0,12,9,6,239
19.0,12,9,7,241
19.0,12,9,8,242
19.0,12,9,9,243
19.0,12,9,10,244
19.0,12,9,11,245
19.0,12,9,12,246
19.0,12,9,13,247
19.0,12,9,14,248
19.0,12,9,15,249
19.0,12,10,0,234
19.0,12,10,1,235
19.0,12,10,2,236
19.0,12,10,3,237
19.0,12,10,4,239
19.0,12,10,5,240
19.0,12,10,6,241
19.0,12,10,7,242
19.0,12,10,8,243
19.0,12,10,9,244
19.0,12,10,10,245
19.0,12,10,11,246
19.0,12,10,12,247
19.0,12,10,13,248
19.0,12,10,14,250
19.0,12,10,15,251
19.0,12,11,0,235
19.0,12,11,1,236
19.0,12,11,2,238
19.0,12,11,3,239
19.0,12,11,4,240
19.0,12,11,5,241
19.0,12,11,6,242
19.0,12,11,7,243
19.0,12,11,8,244
19.0,12,11,9,245
19.0,12,11,10,246
19.0,12,11,11,248
19.0,12,11,12,249
19.0,12,11,13,250
19.0,12,11,14,251
19.0,12,11,15,252
19.0,12,12,0,236
19.0,12,12,1,238
19.0,12,12,2,239
19.0,12,12,3,240
19.0,12,12,4,241
19.0,12,12,5,242
19.0,12,12,6,243
19.0,12,12,7,244
19.0,12,12,8,246
19.0,12,12,9,247
19.0,12,12,10,248
19.0,12,12,11,249
19.0,12,12,12,250
19.0,12,12,13,251
19.0,12,12,14,252
19.0,12,12,15,253
19.0,12,13,0,238
19.0,12,13,1,239
19.0,12,13,2,240
19.0,12,13,3,241
19.0,12,13,4,242
19.0,12,13,5,243
19.0,12,13,6,245
19.0,12,13,7,246
19.0,12,13,8,247
19.0,12,13,9,248
19.0,12,13,10,249
19.0,12,13,11,250
19.0,12,13,12,251
19.0,12,13,13,252
19.0,12,13,14,254
19.0,12,13,15,255
19.0,12,14,0,239
19.0,12,14,1,240
19.0,12,14,2,241
19.0,12,14,3,242
19.0,12,14,4,244
19.0,12,14,5,245
19.0,12,14,6,246
19.0,12,14,7,247
19.0,12,14,8,248
19.0,12,14,9,249
19.0,12,14,10,250
19.0,12,14,11,252
19.0,12,14,12,253
19.0,12,14,13,254
19.0,12,14,14,255
19.0,12,14,15,256
19.0,12,15,0,240
19.0,12,15,1,241
19.0,12,15,2,243
19.0,12,15,3,244
19.0,12,15,4,245
19.0,12,15,5,246
19.0,12,15,6,247
19.0,12,15,7,248
19.0,12,15,8,249
19.0,12,15,9,251
19.0,12,15,10,252
19.0,12,15,11,253
19.0,12,15,12,254
19.0,12,15,13,255
19.0,12,15,14,256
19.0,12,15,15,257
19.0,13,0,0,224
19.0,13,0,1,225
19.0,13,0,2,226
19.0,13,0,3,227
19.0,13,0,4,228
19.0,13,0,5,230
19.0,13,0,6,231
19.0,13,0,7,232
19.0,13,0,8,233
19.0,13,0,9,234
19.0,13,0,10,235
19.0,13,0,11,236
19.0,13,0,12,237
19.0,13,0,13,238
19.0,13,0,14,239
19.0,13,0,15,240
19.0,13,1,0,225
19.0,13,1,1,227
19.0,13,1,2,228
19.0,13,1,3,229
19.0,13,1,4,230
19.0,13,1,5,231
19.0,13,1,6,232
19.0,13,1,7,233
19.0,13,1,8,234
19.0,13,1,9,235
19.0,13,1,10,236
19.0,13,1,11,237
19.0,13,1,12,238
19.0,13,1,13,239
19.0,13,1,14,240
19.0,13,1,15,242
19.0,13,2,0,227
19.0,13,2,1,228
19.0,13,2,2,229
19.0,13,2,3,230
19.0,13,2,4,231
19.0,13,2,5,232
19.0,13,2,6,233
19.0,13,2,7,234
19.0,13,2,8,236
19.0,13,2,9,237
19.0,13,2,10,238
19.0,13,2,11,239
19.0,13,2,12,240
19.0,13,2,13,241
19.0,13,2,14,242
19.0,13,2,15,243
19.0,13,3,0,228
19.0,13,3,1,229
19.0,13,3,2,230
19.0,13,3,3,231
19.0,13,3,4,233
19.0,13,3,5,234
19.0,13,3,6,235
19.0,13,3,7,236
19.0,13,3,8,237
19.0,13,3,9,238
19.0,13,3,10,239
19.0,13,3,11,240
19.0,13,3,12,241
19.0,13,3,13,242
19.0,13,3,14,243
19.0,13,3,15,244
19.0,13,4,0,229
19.0,13,4,1,231
19.0,13,4,2,232
19.0,13,4,3,233
19.0,13,4,4,234
19.0,13,4,5,235
19.0,13,4,6,236
19.0,13,4,7,237
19.0,13,4,8,238
19.0,13,4,9,239
19.0,13,4,10,240
19.0,13,4,11,242
19.0,13,4,12,243
19.0,13,4,13,244
19.0,13,4,14,245
19.0,13,4,15,246
19.0,13,5,0,231
19.0,13,5,1,232
19.0,13,5,2,233
19.0,13,5,3,234
19.0,13,5,4,235
19.0,13,5,5,236
19.0,13,5,6,237
19.0,13,5,7,239
19.0,13,5,8,240
19.0,13,5,9,241
19.0,13,5,10,242
19.0,13,5,11,243
19.0,13,5,12,244
19.0,13,5,13,245
19.0,13,5,14,246
19.0,13,5,15,247
19.0,13,6,0,232
19.0,13,6,1,233
19.0,13,6,2,234
19.0,13,6,3,235
19.0,13,6,4,237
19.0,13,6,5,238
19.0,13,6,6,239
19.0,13,6,7,240
19.0,13,6,8,241
19.0,13,6,9,242
19.0,13,6,10,243
19.0,13,6,11,244
19.0,13,6,12,245
19.0,13,6,13,246
19.0,13,6,14,248
19.0,13,6,15,249
19.0,13,7,0,233
19.0,13,7,1,235
19.0,13,7,2,236
19.0,13,7,3,237
19.0,13,7,4,238
19.0,13,7,5,239
19.0,13,7,6,240
19.0,13,7,7,241
19.0,13,7,8,242
19.0,13,7,9,243
19.0,13,7,10,245
19.0,13,7,11,246
19.0,13,7,12,247
19.0,13,7,13,248
19.0,13,7,14,249
19.0,13,7,15,250
19.0,13,8,0,235
19.0,13,8,1,236
19.0,13,8,2,237
19.0,13,8,3,238
19.0,13,8,4,239
19.0,13,8,5,240
19.0,13,8,6,242
19.0,13,8,7,243
19.0,13,8,8,244
19.0,13,8,9,245
19.0,13,8,10,246
19.0,13,8,11,247
19.0,13,8,12,248
19.0,13,8,13,249
19.0,13,8,14,250
19.0,13,8,15,251
19.0,13,9,0,236
19.0,13,9,1,237
19.0,13,9,2,238
19.0,13,9,3,239
19.0,13,9,4,241
19.0,13,9,5,242
19.0,13,9,6,243
19.0,13,9,7,244
19.0,13,9,8,245
19.0,13,9,9,246
19.0,13,9,10,247
19.0,13,9,11,248
19.0,13,9,12,250
19.0,13,9,13,251
19.0,13,9,14,252
19.0,13,9,15,253
19.0,13,10,0,237
19.0,13,10,1,238
19.0,13,10,2,240
19.0,13,10,3,241
19.0,13,10,4,242
19.0,13,10,5,243
19.0,13,10,6,244
19.0,13,10,7,245
19.0,13,10,8,246
19.0,13,10,9,248
19.0,13,10,10,249
19.0,13,10,11,250
19.0,13,10,12,251
19.0,13,10,13,252
19.0,13,10,14,253
19.0,13,10,15,254
19.0,13,11,0,239
19.0,13,11,1,240
19.0,13,11,2,241
19.0,13,11,3,242
19.0,13,11,4,243
19.0,13,11,5,244
19.0,13,11,6,245
19.0,13,11,7,247
19.0,13,11,8,248
19.0,13,11,9,249
19.0,13,11,10,250
19.0,13,11,11,251
19.0,13,11,12,252
19.0,13,11,13,253
19.0,13,11,14,254
19.0,13,11,15,256
19.0,13,12,0,240
19.0,13,12,1,241
19.0,13,12,2,242
19.0,13,12,3,243
19.0,13,12,4,244
19.0,13,12,5,246
19.0,13,12,6,247
19.0,13,12,7,248
19.0,13,12,8,249
19.0,13,12,9,250
19.0,13,12,10,251
19.0,13,12,11,252
19.0,13,12,12,254
19.0,13,12,13,255
19.0,13,12,14,256
19.0,13,12,15,257
19.0,13,13,0,241
19.0,13,13,1,242
19.0,13,13,2,243
19.0,13,13,3,245
19.0,13,13,4,246
19.0,13,13,5,247
19.0,13,13,6,248
19.0,13,13,7,249
19.0,13,13,8,250
19.0,13,13,9,251
19.0,13,13,10,253
19.0,13,13,11,254
19.0,13,13,12,255
19.0,13,13,13,256
19.0,13,13,14,257
19.0,13,13,15,258
19.0,13,14,0,242
19.0,13,14,1,244
19.0,13,14,2,245
19.0,13,14,3,246
19.0,13,14,4,247
19.0,13,14,5,248
19.0,13,14,6,249
19.0,13,14,7,251
19.0,13,14,8,252
19.0,13,14,9,253
19.0,13,14,10,254
19.0,13,14,11,255
19.0,13,14,12,256
19.0,13,14,13,257
19.0,13,14,14,258
19.0,13,14,15,260
19.0,13,15,0,244
19.0,13,15,1,245
19.0,13,15,2,246
19.0,13,15,3,247
19.0,13,15,4,248
19.0,13,15,5,249
19.0,13,15,6,251
19.0,13,15,7,252
19.0,13,15,8,253
19.0,13,15,9,254
19.0,13,15,10,255
19.0,13,15,11,256
19.0,13,15,12,258
19.0,13,15,13,259
19.0,13,15,14,260
19.0,13,15,15,261
19.0,14,0,0,227
19.0,14,0,1,228
19.0,14,0,2,229
19.0,14,0,3,231
19.0,14,0,4,232
19.0,14,0,5,233
19.0,14,0,6,234
19.0,14,0,7,235
19.0,14,0,8,236
19.0,14,0,9,237
19.0,14,0,10,238
19.0,14,0,11,239
19.0,14,0,12,240
19.0,14,0,13,241
19.0,14,0,14,242
19.0,14,0,15,243
19.0,14,1,0,229
19.0,14,1,1,230
19.0,14,1,2,231
19.0,14,1,3,232
19.0,14,1,4,233
19.0,14,1,5,234
19.0,14,1,6,235
19.0,14,1,7,236
19.0,14,1,8,237
19.0,14,1,9,238
19.0,14,1,10,240
19.0,14,1,11,241
19.0,14,1,12,242
19.0,14,1,13,243
19.0,14,1,14,244
19.0,14,1,15,245
19.0,14,2,0,230
19.0,14,2,1,231
19.0,14,2,2,232
19.0,14,2,3,233
19.0,14,2,4,234
19.0,14,2,5,236
19.0,14,2,6,237
19.0,14,2,7,238
19.0,14,2,8,239
19.0,14,2,9,240
19.0,14,2,10,241
19.0,14,2,11,242
19.0,14,2,12,243
19.0,14,2,13,244
19.0,14,2,14,245
19.0,14,2,15,246
19.0,14,3,0,231
19.0,14,3,1,232
19.0,14,3,2,234
19.0,14,3,3,235
19.0,14,3,4,236
19.0,14,3,5,237
19.0,14,3,6,238
19.0,14,3,7,239
19.0,14,3,8,240
19.0,14,3,9,241
19.0,14,3,10,242
19.0,14,3,11,243
19.0,14,3,12,245
19.0,14,3,13,246
19.0,14,3,14,247
19.0,14,3,15,248
19.0,14,4,0,233
19.0,14,4,1,234
19.0,14,4,2,235
19.0,14,4,3,236
19.0,14,4,4,237
19.0,14,4,5,238
19.0,14,4,6,239
19.0,14,4,7,241
19.0,14,4,8,242
19.0,14,4,9,243
19.0,14,4,10,244
19.0,14,4,11,245
19.0,14,4,12,246
19.0,14,4,13,247
19.0,14,4,14,248
19.0,14,4,15,249
19.0,14,5,0,234
19.0,14,5,1,235
19.0,14,5,2,236
19.0,14,5,3,237
19.0,14,5,4,239
19.0,14,5,5,240
19.0,14,5,6,241
19.0,14,5,7,242
19.0,14,5,8,243
19.0,14,5,9,244
19.0,14,5,10,245
19.0,14,5,11,246
19.0,14,5,12,247
19.0,14,5,13,248
19.0,14,5,14,250
19.0,14,5,15,251
19.0,14,6,0,235
19.0,14,6,1,236
19.0,14,6,2,238
19.0,14,6,3,239
19.0,14,6,4,240
19.0,14,6,5,241
19.0,14,6,6,242
19.0,14,6,7,243
19.0,14,6,8,244
19.0,14,6,9,246
19.0,14,6,10,247
19.0,14,6,11,248
19.0,14,6,12,249
19.0,14,6,13,250
19.0,14,6,14,251
19.0,14,6,15,252
19.0,14,7,0,237
19.0,14,7,1,238
19.0,14,7,2,239
19.0,14,7,3,240
19.0,14,7,4,241
19.0,14,7,5,242
19.0,14,7,6,244
19.0,14,7,7,245
19.0,14,7,8,246
19.0,14,7,9,247
19.0,14,7,10,248
19.0,14,7,11,249
19.0,14,7,12,250
19.0,14,7,13,251
19.0,14,7,14,252
19.0,14,7,15,253
19.0,14,8,0,238
19.0,14,8,1,239
19.0,14,8,2,240
19.0,14,8,3,241
19.0,14,8,4,243
19.0,14,8,5,244
19.0,14,8,6,245
19.0,14,8,7,246
19.0,14,8,8,247
19.0,14,8,9,248
19.0,14,8,10,249
19.0,14,8,11,250
19.0,14,8,12,252
19.0,14,8,13,253
19.0,14,8,14,254
19.0,14,8,15,255
19.0,14,9,0,239
19.0,14,9,1,240
19.0,14,9,2,242
19.0,14,9,3,243
19.0,14,9,4,244
19.0,14,9,5,245
19.0,14,9,6,246
19.0,14,9,7,247
19.0,14,9,8,248
19.0,14,9,9,250
19.0,14,9,10,251
19.0,14,9,11,252
19.0,14,9,12,253
19.0,14,9,13,254
19.0,14,9,14,255
19.0,14,9,15,256
19.0,14,10,0,241
19.0,14,10,1,242
19.0,14,10,2,243
19.0,14,10,3,244
19.0,14,10,4,245
19.0,14,10,5,246
19.0,14,10,6,248
19.0,14,10,7,249
19.0,14,10,8,250
19.0,14,10,9,251
19.0,14,10,10,252
19.0,14,10,11,253
19.0,14,10,12,254
19.0,14,10,13,255
19.0,14,10,14,257
19.0,14,10,15,258
19.0,14,11,0,242
19.0,14,11,1,243
19.0,14,11,2,244
19.0,14,11,3,245
19.0,14,11,4,247
19.0,14,11,5,248
19.0,14,11,6,249
19.0,14,11,7,250
19.0,14,11,8,251
19.0,14,11,9,252
19.0,14,11,10,253
19.0,14,11,11,255
19.0,14,11,12,256
19.0,14,11,13,257
19.0,14,11,14,258
19.0,14,11,15,259
19.0,14,12,0,243
19.0,14,12,1,244
19.0,14,12,2,246
19.0,14,12,3,247
19.0,14,12,4,248
19.0,14,12,5,249
19.0,14,12,6,250
19.0,14,12,7,251
19.0,14,12,8,253
19.0,14,12,9,254
19.0,14,12,10,255
19.0,14,12,11,256
19.0,14,12,12,257
19.0,14,12,13,258
19.0,14,12,14,259
19.0,14,12,15,260
19.0,14,13,0,244
19.0,14,13,1,246
19.0,14,13,2,247
19.0,14,13,3,248
19.0,14,13,4,249
19.0,14,13,5,250
19.0,14,13,6,252
19.0,14,13,7,253
19.0,14,13,8,254
19.0,14,13,9,255
19.0,14,13,10,256
19.0,14,13,11,257
19.0,14,13,12,258
19.0,14,13,13,260
19.0,14,13,14,261
19.0,14,13,15,262
19.0,14,14,0,246
19.0,14,14,1,247
19.0,14,14,2,248
19.0,14,14,3,249
19.0,14,14,4,250
19.0,14,14,5,252
19.0,14,14,6,253
19.0,14,14,7,254
19.0,14,14,8,255
19.0,14,14,9,256
19.0,14,14,10,257
19.0,14,14,11,259
19.0,14,14,12,260
19.0,14,14,13,261
19.0,14,14,14,262
19.0,14,14,15,263
19.0,14,15,0,247
19.0,14,15,1,248
19.0,14,15,2,249
19.0,14,15,3,251
19.0,14,15,4,252
19.0,14,15,5,253
19.0,14,15,6,254
19.0,14,15,7,255
19.0,14,15,8,256
19.0,14,15,9,258
19.0,14,15,10,259
19.0,14,15,11,260
19.0,14,15,12,261
19.0,14,15,13,262
19.0,14,15,14,263
19.0,14,15,15,265
19.0,15,0,0,230
19.0,15,0,1,231
19.0,15,0,2,233
19.0,15,0,3,234
19.0,15,0,4,235
19.0,15,0,5,236
19.0,15,0,6,237
19.0,15,0,7,238
19.0,15,0,8,239
19.0,15,0,9,240
19.0,15,0,10,241
19.0,15,0,11,242
19.0,15,0,12,244
19.0,15,0,13,245
19.0,15,0,14,246
19.0,15,0,15,247
19.0,15,1,0,232
19.0,15,1,1,233
19.0,15,1,2,234
19.0,15,1,3,235
19.0,15,1,4,236
19.0,15,1,5,237
19.0,15,1,6,238
19.0,15,1,7,240
19.0,15,1,8,241
19.0,15,1,9,242
19.0,15,1,10,243
19.0,15,1,11,244
19.0,15,1,12,245
19.0,15,1,13,246
19.0,15,1,14,247
19.0,15,1,15,248
19.0,15,2,0,233
19.0,15,2,1,234
19.0,15,2,2,235
19.0,15,2,3,237
19.0,15,2,4,238
19.0,15,2,5,239
19.0,15,2,6,240
19.0,15,2,7,241
19.0,15,2,8,242
19.0,15,2,9,243
19.0,15,2,10,244
19.0,15,2,11,245
19.0,15,2,12,246
19.0,15,2,13,248
19.0,15,2,14,249
19.0,15,2,15,250
19.0,15,3,0,234
19.0,15,3,1,236
19.0,15,3,2,237
19.0,15,3,3,238
19.0,15,3,4,239
19.0,15,3,5,240
19.0,15,3,6,241
19.0,15,3,7,242
19.0,15,3,8,244
19.0,15,3,9,245
19.0,15,3,10,246
19.0,15,3,11,247
19.0,15,3,12,248
19.0,15,3,13,249
19.0,15,3,14,250
19.0,15,3,15,251
19.0,15,4,0,236
19.0,15,4,1,237
19.0,15,4,2,238
19.0,15,4,3,239
19.0,15,4,4,240
19.0,15,4,5,242
19.0,15,4,6,243
19.0,15,4,7,244
19.0,15,4,8,245
19.0,15,4,9,246
19.0,15,4,10,247
19.0,15,4,11,248
19.0,15,4,12,249
19.0,15,4,13,250
19.0,15,4,14,252
19.0,15,4,15,253
19.0,15,5,0,237
19.0,15,5,1,238
19.0,15,5,2,240
19.0,15,5,3,241
19.0,15,5,4,242
19.0,15,5,5,243
19.0,15,5,6,244
19.0,15,5,7,245
19.0,15,5,8,246
19.0,15,5,9,247
19.0,15,5,10,249
19.0,15,5,11,250
19.0,15,5,12,251
19.0,15,5,13,252
19.0,15,5,14,253
19.0,15,5,15,254
19.0,15,6,0,239
19.0,15,6,1,240
19.0,15,6,2,241
19.0,15,6,3,242
19.0,15,6,4,243
19.0,15,6,5,244
19.0,15,6,6,245
19.0,15,6,7,247
19.0,15,6,8,248
19.0,15,6,9,249
19.0,15,6,10,250
19.0,15,6,11,251
19.0,15,6,12,252
19.0,15,6,13,253
19.0,15,6,14,254
19.0,15,6,15,256
19.0,15,7,0,240
19.0,15,7,1,241
19.0,15,7,2,242
19.0,15,7,3,243
19.0,15,7,4,245
19.0,15,7,5,246
19.0,15,7,6,247
19.0,15,7,7,248
19.0,15,7,8,249
19.0,15,7,9,250
19.0,15,7,10,251
19.0,15,7,11,253
19.0,15,7,12,254
19.0,15,7,13,255
19.0,15,7,14,256
19.0,15,7,15,257
19.0,15,8,0,241
19.0,15,8,1,242
19.0,15,8,2,244
19.0,15,8,3,245
19.0,15,8,4,246
19.0,15,8,5,247
19.0,15,8,6,248
19.0,15,8,7,249
19.0,15,8,8,251
19.0,15,8,9,252
19.0,15,8,10,253
19.0,15,8,11,254
19.0,15,8,12,255
19.0,15,8,13,256
19.0,15,8,14,257
19.0,15,8,15,258
19.0,15,9,0,243
19.0,15,9,1,244
19.0,15,9,2,245
19.0,15,9,3,246
19.0,15,9,4,247
19.0,15,9,5,248
19.0,15,9,6,250
19.0,15,9,7,251
19.0,15,9,8,252
19.0,15,9,9,253
19.0,15,9,10,254
19.0,15,9,11,255
19.0,15,9,12,256
19.0,15,9,13,258
19.0,15,9,14,259
19.0,15,9,15,260
19.0,15,10,0,244
19.0,15,10,1,245
19.0,15,10,2,246
19.0,15,10,3,247
19.0,15,10,4,249
19.0,15,10,5,250
19.0,15,10,6,251
19.0,15,10,7,252
19.0,15,10,8,253
19.0,15,10,9,254
19.0,15,10,10,256
19.0,15,10,11,257
19.0,15,10,12,258
19.0,15,10,13,259
19.0,15,10,14,260
19.0,15,10,15,261
19.0,15,11,0,245
19.0,15,11,1,246
19.0,15,11,2,248
19.0,15,11,3,249
19.0,15,11,4,250
19.0,15,11,5,251
19.0,15,11,6,252
19.0,15,11,7,253
19.0,15,11,8,255
19.0,15,11,9,256
19.0,15,11,10,257
19.0,15,11,11,258
19.0,15,11,12,259
19.0,15,11,13,260
19.0,15,11,14,261
19.0,15,11,15,263
19.0,15,12,0,246
19.0,15,12,1,248
19.0,15,12,2,249
19.0,15,12,3,250
19.0,15,12,4,251
19.0,15,12,5,252
19.0,15,12,6,254
19.0,15,12,7,255
19.0,15,12,8,256
19.0,15,12,9,257
19.0,15,12,10,258
19.0,15,12,11,259
19.0,15,12,12,261
19.0,15,12,13,262
19.0,15,12,14,263
19.0,15,12,15,264
19.0,15,13,0,248
19.0,15,13,1,249
19.0,15,13,2,250
19.0,15,13,3,251
19.0,15,13,4,253
19.0,15,13,5,254
19.0,15,13,6,255
19.0,15,13,7,256
19.0,15,13,8,257
19.0,15,13,9,258
19.0,15,13,10,260
19.0,15,13,11,261
19.0,15,13,12,262
19.0,15,13,13,263
19.0,15,13,14,264
19.0,15,13,15,265
19.0,15,14,0,249
19.0,15,14,1,250
19.0,15,14,2,251
19.0,15,14,3,253
19.0,15,14,4,254
19.0,15,14,5,255
19.0,15,14,6,256
19.0,15,14,7,257
19.0,15,14,8,259
19.0,15,14,9,260
19.0,15,14,10,261
19.0,15,14,11,262
19.0,15,14,12,263
19.0,15,14,13,264
19.0,15,14,14,266
19.0,15,14,15,267
19.0,15,15,0,250
19.0,15,15,1,252
19.0,15,15,2,253
19.0,15,15,3,254
19.0,15,15,4,255
19.0,15,15,5,256
19.0,15,15,6,258
19.0,15,15,7,259
19.0,15,15,8,260
19.0,15,15,9,261
19.0,15,15,10,262
19.0,15,15,11,264
19.0,15,15,12,265
19.0,15,15,13,266
19.0,15,15,14,267
19.0,15,15,15,268
19.5,0,0,0,188
19.5,0,0,1,189
19.5,0,0,2,190
19.5,0,0,3,191
19.5,0,0,4,192
19.5,0,0,5,193
19.5,0,0,6,194
19.5,0,0,7,195
19.5,0,0,8,196
19.5,0,0,9,197
19.5,0,0,10,197
19.5,0,0,11,198
19.5,0,0,12,199
19.5,0,0,13,200
19.5,0,0,14,201
19.5,0,0,15,202
19.5,0,1,0,190
19.5,0,1,1,190
19.5,0,1,2,191
19.5,0,1,3,192
19.5,0,1,4,193
19.5,0,1,5,194
19.5,0,1,6,195
19.5,0,1,7,196
19.5,0,1,8,197
19.5,0,1,9,198
19.5,0,1,10,199
19.5,0,1,11,200
19.5,0,1,12,200
19.5,0,1,13,201
19.5,0,1,14,202
19.5,0,1,15,203
19.5,0,2,0,191
19.5,0,2,1,192
19.5,0,2,2,193
19.5,0,2,3,193
19.5,0,2,4,194
19.5,0,2,5,195
19.5,0,2,6,196
19.5,0,2,7,197
19.5,0,2,8,198
19.5,0,2,9,199
19.5,0,2,10,200
19.5,0,2,11,201
19.5,0,2,12,202
19.5,0,2,13,202
19.5,0,2,14,203
19.5,0,2,15,204
19.5,0,3,0,192
19.5,0,3,1,193
19.5,0,3,2,194
19.5,0,3,3,195
19.5,0,3,4,196
19.5,0,3,5,196
19.5,0,3,6,197
19.5,0,3,7,198
19.5,0,3,8,199
19.5,0,3,9,200
19.5,0,3,10,201
19.5,0,3,11,202
19.5,0,3,12,203
19.5,0,3,13,204
19.5,0,3,14,205
19.5,0,3,15,205
19.5,0,4,0,193
19.5,0,4,1,194
19.5,0,4,2,195
19.5,0,4,3,196
19.5,0,4,4,197
19.5,0,4,5,198
19.5,0,4,6,199
19.5,0,4,7,199
19.5,0,4,8,200
19.5,0,4,9,201
19.5,0,4,10,202
19.5,0,4,11,203
19.5,0,4,12,204
19.5,0,4,13,205
19.5,0,4,14,206
19.5,0,4,15,207
19.5,0,5,0,194
19.5,0,5,1,195
19.5,0,5,2,196
19.5,0,5,3,197
19.5,0,5,4,198
19.5,0,5,5,199
19.5,0,5,6,200
19.5,0,5,7,201
19.5,0,5,8,201
19.5,0,5,9,202
19.5,0,5,10,203
19.5,0,5,11,204
19.5,0,5,12,205
19.5,0,5,13,206
19.5,0,5,14,207
19.5,0,5,15,208
19.5,0,6,0,195
19.5,0,6,1,196
19.5,0,6,2,197
19.5,0,6,3,198
19.5,0,6,4,199
19.5,0,6,5,200
19.5,0,6,6,201
19.5,0,6,7,202
19.5,0,6,8,203
19.5,0,6,9,204
19.5,0,6,10,204
19.5,0,6,11,205
19.5,0,6,12,206
19.5,0,6,13,207
19.5,0,6,14,208
19.5,0,6,15,209
19.5,0,7,0,196
19.5,0,7,1,197
19.5,0,7,2,198
19.5,0,7,3,199
19.5,0,7,4,200
19.5,0,7,5,201
19.5,0,7,6,202
19.5,0,7,7,203
19.5,0,7,8,204
19.5,0,7,9,205
19.5,0,7,10,206
19.5,0,7,11,207
19.5,0,7,12,207
19.5,0,7,13,208
19.5,0,7,14,209
19.5,0,7,15,210
19.5,0,8,0,197
19.5,0,8,1,198
19.5,0,8,2,199
19.5,0,8,3,200
19.5,0,8,4,201
19.5,0,8,5,202
19.5,0,8,6,203
19.5,0,8,7,204
19.5,0,8,8,205
19.5,0,8,9,206
19.5,0,8,10,207
19.5,0,8,11,208
19.5,0,8,12,209
19.5,0,8,13,210
19.5,0,8,14,210
19.5,0,8,15,211
19.5,0,9,0,198
19.5,0,9,1,199
19.5,0,9,2,200
19.5,0,9,3,201
19.5,0,9,4,202
19.5,0,9,5,203
19.5,0,9,6,204
19.5,0,9,7,205
19.5,0,9,8,206
19.5,0,9,9,207
19.5,0,9,10,208
19.5,0,9,11,209
19.5,0,9,12,210
19.5,0,9,13,211
19.5,0,9,14,212
19.5,0,9,15,212
19.5,0,10,0,199
19.5,0,10,1,200
19.5,0,10,2,201
19.5,0,10,3,202
19.5,0,10,4,203
19.5,0,10,5,204
19.5,0,10,6,205
19.5,0,10,7,206
19.5,0,10,8,207
19.5,0,10,9,208
19.5,0,10,10,209
19.5,0,10,11,210
19.5,0,10,12,211
19.5,0,10,13,212
19.5,0,10,14,213
19.5,0,10,15,214
19.5,0,11,0,201
19.5,0,11,1,202
19.5,0,11,2,202
19.5,0,11,3,203
19.5,0,11,4,204
19.5,0,11,5,205
19.5,0,11,6,206
19.5,0,11,7,207
19.5,0,11,8,208
19.5,0,11,9,209
19.5,0,11,10,210
19.5,0,11,11,211
19.5,0,11,12,212
19.5,0,11,13,213
19.5,0,11,14,214
19.5,0,11,15,215
19.5,0,12,0,202
19.5,0,12,1,203
19.5,0,12,2,204
19.5,0,12,3,205
19.5,0,12,4,206
19.5,0,12,5,206
19.5,0,12,6,207
19.5,0,12,7,208
19.5,0,12,8,209
19.5,0,12,9,210
19.5,0,12,10,211
19.5,0,12,11,212
19.5,0,12,12,213
19.5,0,12,13,214
19.5,0,12,14,215
19.5,0,12,15,216
19.5,0,13,0,203
19.5,0,13,1,204
19.5,0,13,2,205
19.5,0,13,3,206
19.5,0,13,4,207
19.5,0,13,5,208
19.5,0,13,6,209
19.5,0,13,7,210
19.5,0,13,8,210
19.5,0,13,9,211
19.5,0,13,10,212
19.5,0,13,11,213
19.5,0,13,12,214
19.5,0,13,13,215
19.5,0,13,14,216
19.5,0,13,15,217
19.5,0,14,0,204
19.5,0,14,1,205
19.5,0,14,2,206
19.5,0,14,3,207
19.5,0,14,4,208
19.5,0,14,5,209
19.5,0,14,6,210
19.5,0,14,7,211
19.5,0,14,8,212
19.5,0,14,9,213
19.5,0,14,10,213
19.5,0,14,11,214
19.5,0,14,12,215
19.5,0,14,13,216
19.5,0,14,14,217
19.5,0,14,15,218
19.5,0,15,0,205
19.5,0,15,1,206
19.5,0,15,2,207
19.5,0,15,3,208
19.5,0,15,4,209
19.5,0,15,5,210
19.5,0,15,6,211
19.5,0,15,7,212
19.5,0,15,8,213
19.5,0,15,9,214
19.5,0,15,10,215
19.5,0,15,11,216
19.5,0,15,12,216
19.5,0,15,13,217
19.5,0,15,14,218
19.5,0,15,15,219
19.5,1,0,0,192
19.5,1,0,1,193
19.5,1,0,2,193
19.5,1,0,3,194
19.5,1,0,4,195
19.5,1,0,5,196
19.5,1,0,6,197
19.5,1,0,7,198
19.5,1,0,8,199
19.5,1,0,9,200
19.5,1,0,10,201
19.5,1,0,11,202
19.5,1,0,12,203
19.5,1,0,13,203
19.5,1,0,14,204
19.5,1,0,15,205
19.5,1,1,0,193
19.5,1,1,1,194
19.5,1,1,2,195
19.5,1,1,3,196
19.5,1,1,4,197
19.5,1,1,5,197
19.5,1,1,6,198
19.5,1,1,7,199
19.5,1,1,8,200
19.5,1,1,9,201
19.5,1,1,10,202
19.5,1,1,11,203
19.5,1,1,12,204
19.5,1,1,13,205
19.5,1,1,14,206
19.5,1,1,15,206
19.5,1,2,0,194
19.5,1,2,1,195
19.5,1,2,2,196
19.5,1,2,3,197
19.5,1,2,4,198
19.5,1,2,5,199
19.5,1,2,6,200
19.5,1,2,7,200
19.5,1,2,8,201
19.5,1,2,9,202
19.5,1,2,10,203
19.5,1,2,11,204
19.5,1,2,12,205
19.5,1,2,13,206
19.5,1,2,14,207
19.5,1,2,15,208
19.5,1,3,0,195
19.5,1,3,1,196
19.5,1,3,2,197
19.5,1,3,3,198
19.5,1,3,4,199
19.5,1,3,5,200
19.5,1,3,6,201
19.5,1,3,7,202
19.5,1,3,8,203
19.5,1,3,9,203
19.5,1,3,10,204
19.5,1,3,11,205
19.5,1,3,12,206
19.5,1,3,13,207
19.5,1,3,14,208
19.5,1,3,15,209
19.5,1,4,0,196
19.5,1,4,1,197
19.5,1,4,2,198
19.5,1,4,3,199
19.5,1,4,4,200
19.5,1,4,5,201
19.5,1,4,6,202
19.5,1,4,7,203
19.5,1,4,8,204
19.5,1,4,9,205
19.5,1,4,10,206
19.5,1,4,11,207
19.5,1,4,12,207
19.5,1,4,13,208
19.5,1,4,14,209
19.5,1,4,15,210
19.5,1,5,0,197
19.5,1,5,1,198
19.5,1,5,2,199
19.5,1,5,3,200
19.5,1,5,4,201
19.5,1,5,5,202
19.5,1,5,6,203
19.5,1,5,7,204
19.5,1,5,8,205
19.5,1,5,9,206
19.5,1,5,10,207
19.5,1,5,11,208
19.5,1,5,12,209
19.5,1,5,13,210
19.5,1,5,14,210
19.5,1,5,15,211
19.5,1,6,0,198
19.5,1,6,1,199
19.5,1,6,2,200
19.5,1,6,3,201
19.5,1,6,4,202
19.5,1,6,5,203
19.5,1,6,6,204
19.5,1,6,7,205
19.5,1,6,8,206
19.5,1,6,9,207
19.5,1,6,10,208
19.5,1,6,11,209
19.5,1,6,12,210
19.5,1,6,13,211
19.5,1,6,14,212
19.5,1,6,15,213
19.5,1,7,0,200
19.5,1,7,1,201
19.5,1,7,2,201
19.5,1,7,3,202
19.5,1,7,4,203
19.5,1,7,5,204
19.5,1,7,6,205
19.5,1,7,7,206
19.5,1,7,8,207
19.5,1,7,9,208
19.5,1,7,10,209
19.5,1,7,11,210
19.5,1,7,12,211
19.5,1,7,13,212
19.5,1,7,14,213
19.5,1,7,15,214
19.5,1,8,0,201
19.5,1,8,1,202
19.5,1,8,2,203
19.5,1,8,3,204
19.5,1,8,4,205
19.5,1,8,5,206
19.5,1,8,6,206
19.5,1,8,7,207
19.5,1,8,8,208
19.5,1,8,9,209
19.5,1,8,10,210
19.5,1,8,11,211
19.5,1,8,12,212
19.5,1,8,13,213
19.5,1,8,14,214
19.5,1,8,15,215
19.5,1,9,0,202
19.5,1,9,1,203
19.5,1,9,2,204
19.5,1,9,3,205
19.5,1,9,4,206
19.5,1,9,5,207
19.5,1,9,6,208
19.5,1,9,7,209
19.5,1,9,8,210
19.5,1,9,9,210
19.5,1,9,10,211
19.5,1,9,11,212
19.5,1,9,12,213
19.5,1,9,13,214
19.5,1,9,14,215
19.5,1,9,15,216
19.5,1,10,0,203
19.5,1,10,1,204
19.5,1,10,2,205
19.5,1,10,3,206
19.5,1,10,4,207
19.5,1,10,5,208
19.5,1,10,6,209
19.5,1,10,7,210
19.5,1,10,8,211
19.5,1,10,9,212
19.5,1,10,10,213
19.5,1,10,11,214
19.5,1,10,12,214
19.5,1,10,13,215
19.5,1,10,14,216
19.5,1,10,15,217
19.5,1,11,0,204
19.5,1,11,1,205
19.5,1,11,2,206
19.5,1,11,3,207
19.5,1,11,4,208
19.5,1,11,5,209
19.5,1,11,6,210
19.5,1,11,7,211
19.5,1,11,8,212
19.5,1,11,9,213
19.5,1,11,10,214
19.5,1,11,11,215
19.5,1,11,12,216
19.5,1,11,13,217
19.5,1,11,14,218
19.5,1,11,15,218
19.5,1,12,0,205
19.5,1,12,1,206
19.5,1,12,2,207
19.5,1,12,3,208
19.5,1,12,4,209
19.5,1,12,5,210
19.5,1,12,6,211
19.5,1,12,7,212
19.5,1,12,8,213
19.5,1,12,9,214
19.5,1,12,10,215
19.5,1,12,11,216
19.5,1,12,12,217
19.5,1,12,13,218
19.5,1,12,14,219
19.5,1,12,15,220
19.5,1,13,0,206
19.5,1,13,1,207
19.5,1,13,2,208
19.5,1,13,3,209
19.5,1,13,4,210
19.5,1,13,5,211
19.5,1,13,6,212
19.5,1,13,7,213
19.5,1,13,8,214
19.5,1,13,9,215
19.5,1,13,10,216
19.5,1,13,11,217
19.5,1,13,12,218
19.5,1,13,13,219
19.5,1,13,14,220
19.5,1,13,15,221
19.5,1,14,0,207
19.5,1,14,1,208
19.5,1,14,2,209
19.5,1,14,3,210
19.5,1,14,4,211
19.5,1,14,5,212
19.5,1,14,6,213
19.5,1,14,7,214
19.5,1,14,8,215
19.5,1,14,9,216
19.5,1,14,10,217
19.5,1,14,11,218
19.5,1,14,12,219
19.5,1,14,13,220
19.5,1,14,14,221
19.5,1,14,15,222
19.5,1,15,0,208
19.5,1,15,1,209
19.5,1,15,2,210
19.5,1,15,3,211
19.5,1,15,4,212
19.5,1,15,5,213
19.5,1,15,6,214
19.5,1,15,7,215
19.5,1,15,8,216
19.5,1,15,9,217
19.5,1,15,10,218
19.5,1,15,11,219
19.5,1,15,12,220
19.5,1,15,13,221
19.5,1,15,14,222
19.5,1,15,15,223
19.5,2,0,0,195
19.5,2,0,1,196
19.5,2,0,2,197
19.5,2,0,3,198
19.5,2,0,4,199
19.5,2,0,5,200
19.5,2,0,6,200
19.5,2,0,7,201
19.5,2,0,8,202
19.5,2,0,9,203
19.5,2,0,10,204
19.5,2,0,11,205
19.5,2,0,12,206
19.5,2,0,13,207
19.5,2,0,14,208
19.5,2,0,15,209
19.5,2,1,0,196
19.5,2,1,1,197
19.5,2,1,2,198
19.5,2,1,3,199
19.5,2,1,4,200
19.5,2,1,5,201
19.5,2,1,6,202
19.5,2,1,7,203
19.5,2,1,8,204
19.5,2,1,9,204
19.5,2,1,10,205
19.5,2,1,11,206
19.5,2,1,12,207
19.5,2,1,13,208
19.5,2,1,14,209
19.5,2,1,15,210
19.5,2,2,0,197
19.5,2,2,1,198
19.5,2,2,2,199
19.5,2,2,3,200
19.5,2,2,4,201
19.5,2,2,5,202
19.5,2,2,6,203
19.5,2,2,7,204
19.5,2,2,8,205
19.5,2,2,9,206
19.5,2,2,10,207
19.5,2,2,11,208
19.5,2,2,12,208
19.5,2,2,13,209
19.5,2,2,14,210
19.5,2,2,15,211
19.5,2,3,0,198
19.5,2,3,1,199
19.5,2,3,2,200
19.5,2,3,3,201
19.5,2,3,4,202
19.5,2,3,5,203
19.5,2,3,6,204
19.5,2,3,7,205
19.5,2,3,8,206
19.5,2,3,9,207
19.5,2,3,10,208
19.5,2,3,11,209
19.5,2,3,12,210
19.5,2,3,13,211
19.5,2,3,14,212
19.5,2,3,15,212
19.5,2,4,0,199
19.5,2,4,1,200
19.5,2,4,2,201
19.5,2,4,3,202
19.5,2,4,4,203
19.5,2,4,5,204
19.5,2,4,6,205
19.5,2,4,7,206
19.5,2,4,8,207
19.5,2,4,9,208
19.5,2,4,10,209
19.5,2,4,11,210
19.5,2,4,12,211
19.5,2,4,13,212
19.5,2,4,14,213
19.5,2,4,15,214
19.5,2,5,0,201
19.5,2,5,1,202
19.5,2,5,2,203
19.5,2,5,3,204
19.5,2,5,4,205
19.5,2,5,5,205
19.5,2,5,6,206
19.5,2,5,7,207
19.5,2,5,8,208
19.5,2,5,9,209
19.5,2,5,10,210
19.5,2,5,11,211
19.5,2,5,12,212
19.5,2,5,13,213
19.5,2,5,14,214
19.5,2,5,15,215
19.5,2,6,0,202
19.5,2,6,1,203
19.5,2,6,2,204
19.5,2,6,3,205
19.5,2,6,4,206
19.5,2,6,5,207
19.5,2,6,6,208
19.5,2,6,7,209
19.5,2,6,8,210
19.5,2,6,9,210
19.5,2,6,10,211
19.5,2,6,11,212
19.5,2,6,12,213
19.5,2,6,13,214
19.5,2,6,14,215
19.5,2,6,15,216
19.5,2,7,0,203
19.5,2,7,1,204
19.5,2,7,2,205
19.5,2,7,3,206
19.5,2,7,4,207
19.5,2,7,5,208
19.5,2,7,6,209
19.5,2,7,7,210
19.5,2,7,8,211
19.5,2,7,9,212
19.5,2,7,10,213
19.5,2,7,11,214
19.5,2,7,12,215
19.5,2,7,13,215
19.5,2,7,14,216
19.5,2,7,15,217
19.5,2,8,0,204
19.5,2,8,1,205
19.5,2,8,2,206
19.5,2,8,3,207
19.5,2,8,4,208
19.5,2,8,5,209
19.5,2,8,6,210
19.5,2,8,7,211
19.5,2,8,8,212
19.5,2,8,9,213
19.5,2,8,10,214
19.5,2,8,11,215
19.5,2,8,12,216
19.5,2,8,13,217
19.5,2,8,14,218
19.5,2,8,15,219
19.5,2,9,0,205
19.5,2,9,1,206
19.5,2,9,2,207
19.5,2,9,3,208
19.5,2,9,4,209
19.5,2,9,5,210
19.5,2,9,6,211
19.5,2,9,7,212
19.5,2,9,8,213
19.5,2,9,9,214
19.5,2,9,10,215
19.5,2,9,11,216
19.5,2,9,12,217
19.5,2,9,13,218
19.5,2,9,14,219
19.5,2,9,15,220
19.5,2,10,0,206
19.5,2,10,1,207
19.5,2,10,2,208
19.5,2,10,3,209
19.5,2,10,4,210
19.5,2,10,5,211
19.5,2,10,6,212
19.5,2,10,7,213
19.5,2,10,8,214
19.5,2,10,9,215
19.5,2,10,10,216
19.5,2,10,11,217
19.5,2,10,12,218
19.5,2,10,13,219
19.5,2,10,14,220
19.5,2,10,15,221
19.5,2,11,0,207
19.5,2,11,1,208
19.5,2,11,2,209
19.5,2,11,3,210
19.5,2,11,4,211
19.5,2,11,5,212
19.5,2,11,6,213
19.5,2,11,7,214
19.5,2,11,8,215
19.5,2,11,9,216
19.5,2,11,10,217
19.5,2,11,11,218
19.5,2,11,12,219
19.5,2,11,13,220
19.5,2,11,14,221
19.5,2,11,15,222
19.5,2,12,0,208
19.5,2,12,1,209
19.5,2,12,2,210
19.5,2,12,3,211
19.5,2,12,4,213
19.5,2,12,5,214
19.5,2,12,6,215
19.5,2,12,7,215
19.5,2,12,8,216
19.5,2,12,9,217
19.5,2,12,10,218
19.5,2,12,11,219
19.5,2,12,12,220
19.5,2,12,13,221
19.5,2,12,14,222
19.5,2,12,15,223
19.5,2,13,0,210
19.5,2,13,1,211
19.5,2,13,2,212
19.5,2,13,3,213
19.5,2,13,4,214
19.5,2,13,5,215
19.5,2,13,6,216
19.5,2,13,7,217
19.5,2,13,8,218
19.5,2,13,9,219
19.5,2,13,10,220
19.5,2,13,11,221
19.5,2,13,12,222
19.5,2,13,13,223
19.5,2,13,14,223
19.5,2,13,15,224
19.5,2,14,0,211
19.5,2,14,1,212
19.5,2,14,2,213
19.5,2,14,3,214
19.5,2,14,4,215
19.5,2,14,5,216
19.5,2,14,6,217
19.5,2,14,7,218
19.5,2,14,8,219
19.5,2,14,9,220
19.5,2,14,10,221
19.5,2,14,11,222
19.5,2,14,12,223
19.5,2,14,13,224
19.5,2,14,14,225
19.5,2,14,15,226
19.5,2,15,0,212
19.5,2,15,1,213
19.5,2,15,2,214
19.5,2,15,3,215
19.5,2,15,4,216
19.5,2,15,5,217
19.5,2,15,6,218
19.5,2,15,7,219
19.5,2,15,8,220
19.5,2,15,9,221
19.5,2,15,10,222
19.5,2,15,11,223
19.5,2,15,12,224
19.5,2,15,13,225
19.5,2,15,14,226
19.5,2,15,15,227
19.5,3,0,0,198
19.5,3,0,1,199
19.5,3,0,2,200
19.5,3,0,3,201
19.5,3,0,4,202
19.5,3,0,5,203
19.5,3,0,6,204
19.5,3,0,7,205
19.5,3,0,8,206
19.5,3,0,9,207
19.5,3,0,10,208
19.5,3,0,11,208
19.5,3,0,12,209
19.5,3,0,13,210
19.5,3,0,14,211
19.5,3,0,15,212
19.5,3,1,0,199
19.5,3,1,1,200
19.5,3,1,2,201
19.5,3,1,3,202
19.5,3,1,4,203
19.5,3,1,5,204
19.5,3,1,6,205
19.5,3,1,7,206
19.5,3,1,8,207
19.5,3,1,9,208
19.5,3,1,10,209
19.5,3,1,11,210
19.5,3,1,12,211
19.5,3,1,13,212
19.5,3,1,14,212
19.5,3,1,15,213
19.5,3,2,0,200
19.5,3,2,1,201
19.5,3,2,2,202
19.5,3,2,3,203
19.5,3,2,4,204
19.5,3,2,5,205
19.5,3,2,6,206
19.5,3,2,7,207
19.5,3,2,8,208
19.5,3,2,9,209
19.5,3,2,10,210
19.5,3,2,11,211
19.5,3,2,12,212
19.5,3,2,13,213
19.5,3,2,14,214
19.5,3,2,15,215
19.5,3,3,0,202
19.5,3,3,1,203
19.5,3,3,2,204
19.5,3,3,3,205
19.5,3,3,4,205
19.5,3,3,5,206
19.5,3,3,6,207
19.5,3,3,7,208
19.5,3,3,8,209
19.5,3,3,9,210
19.5,3,3,10,211
19.5,3,3,11,212
19.5,3,3,12,213
19.5,3,3,13,214
19.5,3,3,14,215
19.5,3,3,15,216
19.5,3,4,0,203
19.5,3,4,1,204
19.5,3,4,2,205
19.5,3,4,3,206
19.5,3,4,4,207
19.5,3,4,5,208
19.5,3,4,6,209
19.5,3,4,7,210
19.5,3,4,8,211
19.5,3,4,9,212
19.5,3,4,10,212
19.5,3,4,11,213
19.5,3,4,12,214
19.5,3,4,13,215
19.5,3,4,14,216
19.5,3,4,15,217
19.5,3,5,0,204
19.5,3,5,1,205
19.5,3,5,2,206
19.5,3,5,3,207
19.5,3,5,4,208
19.5,3,5,5,209
19.5,3,5,6,210
19.5,3,5,7,211
19.5,3,5,8,212
19.5,3,5,9,213
19.5,3,5,10,214
19.5,3,5,11,215
19.5,3,5,12,216
19.5,3,5,13,217
19.5,3,5,14,217
19.5,3,5,15,218
19.5,3,6,0,205
19.5,3,6,1,206
19.5,3,6,2,207
19.5,3,6,3,208
19.5,3,6,4,209
19.5,3,6,5,210
19.5,3,6,6,211
19.5,3,6,7,212
19.5,3,6,8,213
19.5,3,6,9,214
19.5,3,6,10,215
19.5,3,6,11,216
19.5,3,6,12,217
19.5,3,6,13,218
19.5,3,6,14,219
19.5,3,6,15,220
19.5,3,7,0,206
19.5,3,7,1,207
19.5,3,7,2,208
19.5,3,7,3,209
19.5,3,7,4,210
19.5,3,7,5,211
19.5,3,7,6,212
19.5,3,7,7,213
19.5,3,7,8,214
19.5,3,7,9,215
19.5,3,7,10,216
19.5,3,7,11,217
19.5,3,7,12,218
19.5,3,7,13,219
19.5,3,7,14,220
19.5,3,7,15,221
19.5,3,8,0,207
19.5,3,8,1,208
19.5,3,8,2,209
19.5,3,8,3,210
19.5,3,8,4,211
19.5,3,8,5,212
19.5,3,8,6,213
19.5,3,8,7,214
19.5,3,8,8,215
19.5,3,8,9,216
19.5,3,8,10,217
19.5,3,8,11,218
19.5,3,8,12,219
19.5,3,8,13,220
19.5,3,8,14,221
19.5,3,8,15,222
19.5,3,9,0,208
19.5,3,9,1,210
19.5,3,9,2,211
19.5,3,9,3,212
19.5,3,9,4,213
19.5,3,9,5,214
19.5,3,9,6,215
19.5,3,9,7,216
19.5,3,9,8,217
19.5,3,9,9,218
19.5,3,9,10,218
19.5,3,9,11,219
19.5,3,9,12,220
19.5,3,9,13,221
19.5,3,9,14,222
19.5,3,9,15,223
19.5,3,10,0,210
19.5,3,10,1,211
19.5,3,10,2,212
19.5,3,10,3,213
19.5,3,10,4,214
19.5,3,10,5,215
19.5,3,10,6,216
19.5,3,10,7,217
19.5,3,10,8,218
19.5,3,10,9,219
19.5,3,10,10,220
19.5,3,10,11,221
19.5,3,10,12,222
19.5,3,10,13,223
19.5,3,10,14,224
19.5,3,10,15,225
19.5,3,11,0,211
19.5,3,11,1,212
19.5,3,11,2,213
19.5,3,11,3,214
19.5,3,11,4,215
19.5,3,11,5,216
19.5,3,11,6,217
19.5,3,11,7,218
19.5,3,11,8,219
19.5,3,11,9,220
19.5,3,11,10,221
19.5,3,11,11,222
19.5,3,11,12,223
19.5,3,11,13,224
19.5,3,11,14,225
19.5,3,11,15,226
19.5,3,12,0,212
19.5,3,12,1,213
19.5,3,12,2,214
19.5,3,12,3,215
19.5,3,12,4,216
19.5,3,12,5,217
19.5,3,12,6,218
19.5,3,12,7,219
19.5,3,12,8,220
19.5,3,12,9,221
19.5,3,12,10,222
19.5,3,12,11,223
19.5,3,12,12,224
19.5,3,12,13,225
19.5,3,12,14,226
19.5,3,12,15,227
19.5,3,13,0,213
19.5,3,13,1,214
19.5,3,13,2,215
19.5,3,13,3,216
19.5,3,13,4,217
19.5,3,13,5,218
19.5,3,13,6,219
19.5,3,13,7,220
19.5,3,13,8,221
19.5,3,13,9,222
19.5,3,13,10,223
19.5,3,13,11,224
19.5,3,13,12,225
19.5,3,13,13,226
19.5,3,13,14,227
19.5,3,13,15,228
19.5,3,14,0,214
19.5,3,14,1,215
19.5,3,14,2,216
19.5,3,14,3,217
19.5,3,14,4,218
19.5,3,14,5,219
19.5,3,14,6,220
19.5,3,14,7,221
19.5,3,14,8,222
19.5,3,14,9,223
19.5,3,14,10,224
19.5,3,14,11,225
19.5,3,14,12,226
19.5,3,14,13,227
19.5,3,14,14,228
19.5,3,14,15,229
19.5,3,15,0,215
19.5,3,15,1,216
19.5,3,15,2,217
19.5,3,15,3,218
19.5,3,15,4,219
19.5,3,15,5,220
19.5,3,15,6,221
19.5,3,15,7,222
19.5,3,15,8,223
19.5,3,15,9,225
19.5,3,15,10,226
19.5,3,15,11,227
19.5,3,15,12,228
19.5,3,15,13,229
19.5,3,15,14,230
19.5,3,15,15,231
19.5,4,0,0,201
19.5,4,0,1,202
19.5,4,0,2,203
19.5,4,0,3,204
19.5,4,0,4,205
19.5,4,0,5,206
19.5,4,0,6,207
19.5,4,0,7,208
19.5,4,0,8,209
19.5,4,0,9,210
19.5,4,0,10,211
19.5,4,0,11,212
19.5,4,0,12,213
19.5,4,0,13,214
19.5,4,0,14,215
19.5,4,0,15,216
19.5,4,1,0,202
19.5,4,1,1,203
19.5,4,1,2,204
19.5,4,1,3,205
19.5,4,1,4,206
19.5,4,1,5,207
19.5,4,1,6,208
19.5,4,1,7,209
19.5,4,1,8,210
19.5,4,1,9,211
19.5,4,1,10,212
19.5,4,1,11,213
19.5,4,1,12,214
19.5,4,1,13,215
19.5,4,1,14,216
19.5,4,1,15,217
19.5,4,2,0,204
19.5,4,2,1,205
19.5,4,2,2,206
19.5,4,2,3,207
19.5,4,2,4,208
19.5,4,2,5,209
19.5,4,2,6,210
19.5,4,2,7,211
19.5,4,2,8,211
19.5,4,2,9,212
19.5,4,2,10,213
19.5,4,2,11,214
19.5,4,2,12,215
19.5,4,2,13,216
19.5,4,2,14,217
19.5,4,2,15,218
19.5,4,3,0,205
19.5,4,3,1,206
19.5,4,3,2,207
19.5,4,3,3,208
19.5,4,3,4,209
19.5,4,3,5,210
19.5,4,3,6,211
19.5,4,3,7,212
19.5,4,3,8,213
19.5,4,3,9,214
19.5,4,3,10,215
19.5,4,3,11,216
19.5,4,3,12,217
19.5,4,3,13,218
19.5,4,3,14,218
19.5,4,3,15,219
19.5,4,4,0,206
19.5,4,4,1,207
19.5,4,4,2,208
19.5,4,4,3,209
19.5,4,4,4,210
19.5,4,4,5,211
19.5,4,4,6,212
19.5,4,4,7,213
19.5,4,4,8,214
19.5,4,4,9,215
19.5,4,4,10,216
19.5,4,4,11,217
19.5,4,4,12,218
19.5,4,4,13,219
19.5,4,4,14,220
19.5,4,4,15,221
19.5,4,5,0,207
19.5,4,5,1,208
19.5,4,5,2,209
19.5,4,5,3,210
19.5,4,5,4,211
19.5,4,5,5,212
19.5,4,5,6,213
19.5,4,5,7,214
19.5,4,5,8,215
19.5,4,5,9,216
19.5,4,5,10,217
19.5,4,5,11,218
19.5,4,5,12,219
19.5,4,5,13,220
19.5,4,5,14,221
19.5,4,5,15,222
19.5,4,6,0,208
19.5,4,6,1,209
19.5,4,6,2,210
19.5,4,6,3,211
19.5,4,6,4,212
19.5,4,6,5,213
19.5,4,6,6,214
19.5,4,6,7,215
19.5,4,6,8,216
19.5,4,6,9,217
19.5,4,6,10,218
19.5,4,6,11,219
19.5,4,6,12,220
19.5,4,6,13,221
19.5,4,6,14,222
19.5,4,6,15,223
19.5,4,7,0,210
19.5,4,7,1,211
19.5,4,7,2,212
19.5,4,7,3,213
19.5,4,7,4,214
19.5,4,7,5,215
19.5,4,7,6,216
19.5,4,7,7,217
19.5,4,7,8,218
19.5,4,7,9,219
19.5,4,7,10,220
19.5,4,7,11,221
19.5,4,7,12,222
19.5,4,7,13,223
19.5,4,7,14,223
19.5,4,7,15,224
19.5,4,8,0,211
19.5,4,8,1,212
19.5,4,8,2,213
19.5,4,8,3,214
19.5,4,8,4,215
19.5,4,8,5,216
19.5,4,8,6,217
19.5,4,8,7,218
19.5,4,8,8,219
19.5,4,8,9,220
19.5,4,8,10,221
19.5,4,8,11,222
19.5,4,8,12,223
19.5,4,8,13,224
19.5,4,8,14,225
19.5,4,8,15,226
19.5,4,9,0,212
19.5,4,9,1,213
19.5,4,9,2,214
19.5,4,9,3,215
19.5,4,9,4,216
19.5,4,9,5,217
19.5,4,9,6,218
19.5,4,9,7,219
19.5,4,9,8,220
19.5,4,9,9,221
19.5,4,9,10,222
19.5,4,9,11,223
19.5,4,9,12,224
19.5,4,9,13,225
19.5,4,9,14,226
19.5,4,9,15,227
19.5,4,10,0,213
19.5,4,10,1,214
19.5,4,10,2,215
19.5,4,10,3,216
19.5,4,10,4,217
19.5,4,10,5,218
19.5,4,10,6,219
19.5,4,10,7,220
19.5,4,10,8,221
19.5,4,10,9,222
19.5,4,10,10,223
19.5,4,10,11,224
19.5,4,10,12,225
19.5,4,10,13,226
19.5,4,10,14,227
19.5,4,10,15,228
19.5,4,11,0,214
19.5,4,11,1,215
19.5,4,11,2,216
19.5,4,11,3,217
19.5,4,11,4,218
19.5,4,11,5,219
19.5,4,11,6,220
19.5,4,11,7,221
19.5,4,11,8,222
19.5,4,11,9,223
19.5,4,11,10,224
19.5,4,11,11,225
19.5,4,11,12,226
19.5,4,11,13,227
19.5,4,11,14,228
19.5,4,11,15,229
19.5,4,12,0,215
19.5,4,12,1,216
19.5,4,12,2,217
19.5,4,12,3,218
19.5,4,12,4,219
19.5,4,12,5,221
19.5,4,12,6,222
19.5,4,12,7,223
19.5,4,12,8,224
19.5,4,12,9,225
19.5,4,12,10,226
19.5,4,12,11,227
19.5,4,12,12,228
19.5,4,12,13,229
19.5,4,12,14,230
19.5,4,12,15,231
19.5,4,13,0,216
19.5,4,13,1,217
19.5,4,13,2,219
19.5,4,13,3,220
19.5,4,13,4,221
19.5,4,13,5,222
19.5,4,13,6,223
19.5,4,13,7,224
19.5,4,13,8,225
19.5,4,13,9,226
19.5,4,13,10,227
19.5,4,13,11,228
19.5,4,13,12,229
19.5,4,13,13,230
19.5,4,13,14,231
19.5,4,13,15,232
19.5,4,14,0,218
19.5,4,14,1,219
19.5,4,14,2,220
19.5,4,14,3,221
19.5,4,14,4,222
19.5,4,14,5,223
19.5,4,14,6,224
19.5,4,14,7,225
19.5,4,14,8,226
19.5,4,14,9,227
19.5,4,14,10,228
19.5,4,14,11,229
19.5,4,14,12,230
19.5,4,14,13,231
19.5,4,14,14,232
19.5,4,14,15,233
19.5,4,15,0,219
19.5,4,15,1,220
19.5,4,15,2,221
19.5,4,15,3,222
19.5,4,15,4,223
19.5,4,15,5,224
19.5,4,15,6,225
19.5,4,15,7,226
19.5,4,15,8,227
19.5,4,15,9,228
19.5,4,15,10,229
19.5,4,15,11,230
19.5,4,15,12,231
19.5,4,15,13,232
19.5,4,15,14,233
19.5,4,15,15,234
19.5,5,0,0,204
19.5,5,0,1,205
19.5,5,0,2,206
19.5,5,0,3,207
19.5,5,0,4,208
19.5,5,0,5,209
19.5,5,0,6,210
19.5,5,0,7,211
19.5,5,0,8,212
19.5,5,0,9,213
19.5,5,0,10,214
19.5,5,0,11,215
19.5,5,0,12,216
19.5,5,0,13,217
19.5,5,0,14,218
19.5,5,0,15,219
19.5,5,1,0,206
19.5,5,1,1,207
19.5,5,1,2,208
19.5,5,1,3,209
19.5,5,1,4,210
19.5,5,1,5,211
19.5,5,1,6,212
19.5,5,1,7,213
19.5,5,1,8,214
19.5,5,1,9,215
19.5,5,1,10,216
19.5,5,1,11,216
19.5,5,1,12,217
19.5,5,1,13,218
19.5,5,1,14,219
19.5,5,1,15,220
19.5,5,2,0,207
19.5,5,2,1,208
19.5,5,2,2,209
19.5,5,2,3,210
19.5,5,2,4,211
19.5,5,2,5,212
19.5,5,2,6,213
19.5,5,2,7,214
19.5,5,2,8,215
19.5,5,2,9,216
19.5,5,2,10,217
19.5,5,2,11,218
19.5,5,2,12,219
19.5,5,2,13,220
19.5,5,2,14,221
19.5,5,2,15,222
19.5,5,3,0,208
19.5,5,3,1,209
19.5,5,3,2,210
19.5,5,3,3,211
19.5,5,3,4,212
19.5,5,3,5,213
19.5,5,3,6,214
19.5,5,3,7,215
19.5,5,3,8,216
19.5,5,3,9,217
19.5,5,3,10,218
19.5,5,3,11,219
19.5,5,3,12,220
19.5,5,3,13,221
19.5,5,3,14,222
19.5,5,3,15,223
19.5,5,4,0,209
19.5,5,4,1,210
19.5,5,4,2,211
19.5,5,4,3,212
19.5,5,4,4,213
19.5,5,4,5,214
19.5,5,4,6,215
19.5,5,4,7,216
19.5,5,4,8,217
19.5,5,4,9,218
19.5,5,4,10,219
19.5,5,4,11,220
19.5,5,4,12,221
19.5,5,4,13,222
19.5,5,4,14,223
19.5,5,4,15,224
19.5,5,5,0,210
19.5,5,5,1,212
19.5,5,5,2,213
19.5,5,5,3,214
19.5,5,5,4,215
19.5,5,5,5,216
19.5,5,5,6,217
19.5,5,5,7,218
19.5,5,5,8,219
19.5,5,5,9,220
19.5,5,5,10,221
19.5,5,5,11,222
19.5,5,5,12,223
19.5,5,5,13,224
19.5,5,5,14,225
19.5,5,5,15,225
19.5,5,6,0,212
19.5,5,6,1,213
19.5,5,6,2,214
19.5,5,6,3,215
19.5,5,6,4,216
19.5,5,6,5,217
19.5,5,6,6,218
19.5,5,6,7,219
19.5,5,6,8,220
19.5,5,6,9,221
19.5,5,6,10,222
19.5,5,6,11,223
19.5,5,6,12,224
19.5,5,6,13,225
19.5,5,6,14,226
19.5,5,6,15,227
19.5,5,7,0,213
19.5,5,7,1,214
19.5,5,7,2,215
19.5,5,7,3,216
19.5,5,7,4,217
19.5,5,7,5,218
19.5,5,7,6,219
19.5,5,7,7,220
19.5,5,7,8,221
19.5,5,7,9,222
19.5,5,7,10,223
19.5,5,7,11,224
19.5,5,7,12,225
19.5,5,7,13,226
19.5,5,7,14,227
19.5,5,7,15,228
19.5,5,8,0,214
19.5,5,8,1,215
19.5,5,8,2,216
19.5,5,8,3,217
19.5,5,8,4,218
19.5,5,8,5,219
19.5,5,8,6,220
19.5,5,8,7,221
19.5,5,8,8,222
19.5,5,8,9,223
19.5,5,8,10,224
19.5,5,8,11,225
19.5,5,8,12,226
19.5,5,8,13,227
19.5,5,8,14,228
19.5,5,8,15,229
19.5,5,9,0,215
19.5,5,9,1,216
19.5,5,9,2,217
19.5,5,9,3,218
19.5,5,9,4,219
19.5,5,9,5,220
19.5,5,9,6,221
19.5,5,9,7,223
19.5,5,9,8,224
19.5,5,9,9,225
19.5,5,9,10,226
19.5,5,9,11,227
19.5,5,9,12,228
19.5,5,9,13,229
19.5,5,9,14,230
19.5,5,9,15,231
19.5,5,10,0,216
19.5,5,10,1,217
19.5,5,10,2,219
19.5,5,10,3,220
19.5,5,10,4,221
19.5,5,10,5,222
19.5,5,10,6,223
19.5,5,10,7,224
19.5,5,10,8,225
19.5,5,10,9,226
19.5,5,10,10,227
19.5,5,10,11,228
19.5,5,10,12,229
19.5,5,10,13,230
19.5,5,10,14,231
19.5,5,10,15,232
19.5,5,11,0,218
19.5,5,11,1,219
19.5,5,11,2,220
19.5,5,11,3,221
19.5,5,11,4,222
19.5,5,11,5,223
19.5,5,11,6,224
19.5,5,11,7,225
19.5,5,11,8,226
19.5,5,11,9,227
19.5,5,11,10,228
19.5,5,11,11,229
19.5,5,11,12,230
19.5,5,11,13,231
19.5,5,11,14,232
19.5,5,11,15,233
19.5,5,12,0,219
19.5,5,12,1,220
19.5,5,12,2,221
19.5,5,12,3,222
19.5,5,12,4,223
19.5,5,12,5,224
19.5,5,12,6,225
19.5,5,12,7,226
19.5,5,12,8,227
19.5,5,12,9,228
19.5,5,12,10,229
19.5,5,12,11,230
19.5,5,12,12,231
19.5,5,12,13,232
19.5,5,12,14,233
19.5,5,12,15,234
19.5,5,13,0,220
19.5,5,13,1,221
19.5,5,13,2,222
19.5,5,13,3,223
19.5,5,13,4,224
19.5,5,13,5,225
19.5,5,13,6,226
19.5,5,13,7,227
19.5,5,13,8,228
19.5,5,13,9,229
19.5,5,13,10,230
19.5,5,13,11,231
19.5,5,13,12,232
19.5,5,13,13,233
19.5,5,13,14,235
19.5,5,13,15,236
19.5,5,14,0,221
19.5,5,14,1,222
19.5,5,14,2,223
19.5,5,14,3,224
19.5,5,14,4,225
19.5,5,14,5,226
19.5,5,14,6,227
19.5,5,14,7,228
19.5,5,14,8,230
19.5,5,14,9,231
19.5,5,14,10,232
19.5,5,14,11,233
19.5,5,14,12,234
19.5,5,14,13,235
19.5,5,14,14,236
19.5,5,14,15,237
19.5,5,15,0,222
19.5,5,15,1,223
19.5,5,15,2,224
19.5,5,15,3,225
19.5,5,15,4,226
19.5,5,15,5,228
19.5,5,15,6,229
19.5,5,15,7,230
19.5,5,15,8,231
19.5,5,15,9,232
19.5,5,15,10,233
19.5,5,15,11,234
19.5,5,15,12,235
19.5,5,15,13,236
19.5,5,15,14,237
19.5,5,15,15,238
19.5,6,0,0,208
19.5,6,0,1,209
19.5,6,0,2,210
19.5,6,0,3,211
19.5,6,0,4,212
19.5,6,0,5,213
19.5,6,0,6,214
19.5,6,0,7,215
19.5,6,0,8,216
19.5,6,0,9,217
19.5,6,0,10,218
19.5,6,0,11,219
19.5,6,0,12,220
19.5,6,0,13,220
19.5,6,0,14,221
19.5,6,0,15,222
19.5,6,1,0,209
19.5,6,1,1,210
19.5,6,1,2,211
19.5,6,1,3,212
19.5,6,1,4,213
19.5,6,1,5,214
19.5,6,1,6,215
19.5,6,1,7,216
19.5,6,1,8,217
19.5,6,1,9,218
19.5,6,1,10,219
19.5,6,1,11,220
19.5,6,1,12,221
19.5,6,1,13,222
19.5,6,1,14,223
19.5,6,1,15,224
19.5,6,2,0,210
19.5,6,2,1,211
19.5,6,2,2,212
19.5,6,2,3,213
19.5,6,2,4,214
19.5,6,2,5,215
19.5,6,2,6,216
19.5,6,2,7,217
19.5,6,2,8,218
19.5,6,2,9,219
19.5,6,2,10,220
19.5,6,2,11,221
19.5,6,2,12,222
19.5,6,2,13,223
19.5,6,2,14,224
19.5,6,2,15,225
19.5,6,3,0,211
19.5,6,3,1,212
19.5,6,3,2,213
19.5,6,3,3,214
19.5,6,3,4,215
19.5,6,3,5,216
19.5,6,3,6,217
19.5,6,3,7,218
19.5,6,3,8,219
19.5,6,3,9,220
19.5,6,3,10,221
19.5,6,3,11,222
19.5,6,3,12,223
19.5,6,3,13,224
19.5,6,3,14,225
19.5,6,3,15,226
19.5,6,4,0,213
19.5,6,4,1,214
19.5,6,4,2,215
19.5,6,4,3,216
19.5,6,4,4,217
19.5,6,4,5,218
19.5,6,4,6,219
19.5,6,4,7,220
19.5,6,4,8,221
19.5,6,4,9,222
19.5,6,4,10,223
19.5,6,4,11,224
19.5,6,4,12,225
19.5,6,4,13,226
19.5,6,4,14,227
19.5,6,4,15,228
19.5,6,5,0,214
19.5,6,5,1,215
19.5,6,5,2,216
19.5,6,5,3,217
19.5,6,5,4,218
19.5,6,5,5,219
19.5,6,5,6,220
19.5,6,5,7,221
19.5,6,5,8,222
19.5,6,5,9,223
19.5,6,5,10,224
19.5,6,5,11,225
19.5,6,5,12,226
19.5,6,5,13,227
19.5,6,5,14,228
19.5,6,5,15,229
19.5,6,6,0,215
19.5,6,6,1,216
19.5,6,6,2,217
19.5,6,6,3,218
19.5,6,6,4,219
19.5,6,6,5,220
19.5,6,6,6,221
19.5,6,6,7,222
19.5,6,6,8,223
19.5,6,6,9,224
19.5,6,6,10,225
19.5,6,6,11,226
19.5,6,6,12,227
19.5,6,6,13,228
19.5,6,6,14,229
19.5,6,6,15,230
19.5,6,7,0,216
19.5,6,7,1,217
19.5,6,7,2,218
19.5,6,7,3,219
19.5,6,7,4,220
19.5,6,7,5,221
19.5,6,7,6,222
19.5,6,7,7,224
19.5,6,7,8,225
19.5,6,7,9,226
19.5,6,7,10,227
19.5,6,7,11,228
19.5,6,7,12,229
19.5,6,7,13,230
19.5,6,7,14,231
19.5,6,7,15,232
19.5,6,8,0,217
19.5,6,8,1,218
19.5,6,8,2,220
19.5,6,8,3,221
19.5,6,8,4,222
19.5,6,8,5,223
19.5,6,8,6,224
19.5,6,8,7,225
19.5,6,8,8,226
19.5,6,8,9,227
19.5,6,8,10,228
19.5,6,8,11,229
19.5,6,8,12,230
19.5,6,8,13,231
19.5,6,8,14,232
19.5,6,8,15,233
19.5,6,9,0,219
19.5,6,9,1,220
19.5,6,9,2,221
19.5,6,9,3,222
19.5,6,9,4,223
19.5,6,9,5,224
19.5,6,9,6,225
19.5,6,9,7,226
19.5,6,9,8,227
19.5,6,9,9,228
19.5,6,9,10,229
19.5,6,9,11,230
19.5,6,9,12,231
19.5,6,9,13,232
19.5,6,9,14,233
19.5,6,9,15,234
19.5,6,10,0,220
19.5,6,10,1,221
19.5,6,10,2,222
19.5,6,10,3,223
19.5,6,10,4,224
19.5,6,10,5,225
19.5,6,10,6,226
19.5,6,10,7,227
19.5,6,10,8,228
19.5,6,10,9,229
19.5,6,10,10,230
19.5,6,10,11,231
19.5,6,10,12,232
19.5,6,10,13,233
19.5,6,10,14,234
19.5,6,10,15,235
19.5,6,11,0,221
19.5,6,11,1,222
19.5,6,11,2,223
19.5,6,11,3,224
19.5,6,11,4,225
19.5,6,11,5,226
19.5,6,11,6,227
19.5,6,11,7,228
19.5,6,11,8,229
19.5,6,11,9,231
19.5,6,11,10,232
19.5,6,11,11,233
19.5,6,11,12,234
19.5,6,11,13,235
19.5,6,11,14,236
19.5,6,11,15,237
19.5,6,12,0,222
19.5,6,12,1,223
19.5,6,12,2,224
19.5,6,12,3,225
19.5,6,12,4,226
19.5,6,12,5,228
19.5,6,12,6,229
19.5,6,12,7,230
19.5,6,12,8,231
19.5,6,12,9,232
19.5,6,12,10,233
19.5,6,12,11,234
19.5,6,12,12,235
19.5,6,12,13,236
19.5,6,12,14,237
19.5,6,12,15,238
19.5,6,13,0,223
19.5,6,13,1,224
19.5,6,13,2,225
19.5,6,13,3,227
19.5,6,13,4,228
19.5,6,13,5,229
19.5,6,13,6,230
19.5,6,13,7,231
19.5,6,13,8,232
19.5,6,13,9,233
19.5,6,13,10,234
19.5,6,13,11,235
19.5,6,13,12,236
19.5,6,13,13,237
19.5,6,13,14,238
19.5,6,13,15,239
19.5,6,14,0,224
19.5,6,14,1,226
19.5,6,14,2,227
19.5,6,14,3,228
19.5,6,14,4,229
19.5,6,14,5,230
19.5,6,14,6,231
19.5,6,14,7,232
19.5,6,14,8,233
19.5,6,14,9,234
19.5,6,14,10,235
19.5,6,14,11,236
19.5,6,14,12,237
19.5,6,14,13,238
19.5,6,14,14,239
19.5,6,14,15,240
19.5,6,15,0,226
19.5,6,15,1,227
19.5,6,15,2,228
19.5,6,15,3,229
19.5,6,15,4,230
19.5,6,15,5,231
19.5,6,15,6,232
19.5,6,15,7,233
19.5,6,15,8,234
19.5,6,15,9,235
19.5,6,15,10,236
19.5,6,15,11,238
19.5,6,15,12,239
19.5,6,15,13,240
19.5,6,15,14,241
19.5,6,15,15,242
19.5,7,0,0,211
19.5,7,0,1,212
19.5,7,0,2,213
19.5,7,0,3,214
19.5,7,0,4,215
19.5,7,0,5,216
19.5,7,0,6,217
19.5,7,0,7,218
19.5,7,0,8,219
19.5,7,0,9,220
19.5,7,0,10,221
19.5,7,0,11,222
19.5,7,0,12,223
19.5,7,0,13,224
19.5,7,0,14,225
19.5,7,0,15,226
19.5,7,1,0,212
19.5,7,1,1,213
19.5,7,1,2,214
19.5,7,1,3,215
19.5,7,1,4,216
19.5,7,1,5,217
19.5,7,1,6,218
19.5,7,1,7,219
19.5,7,1,8,220
19.5,7,1,9,221
19.5,7,1,10,222
19.5,7,1,11,223
19.5,7,1,12,224
19.5,7,1,13,225
19.5,7,1,14,226
19.5,7,1,15,227
19.5,7,2,0,213
19.5,7,2,1,214
19.5,7,2,2,215
19.5,7,2,3,216
19.5,7,2,4,217
19.5,7,2,5,219
19.5,7,2,6,220
19.5,7,2,7,221
19.5,7,2,8,222
19.5,7,2,9,223
19.5,7,2,10,224
19.5,7,2,11,225
19.5,7,2,12,226
19.5,7,2,13,227
19.5,7,2,14,228
19.5,7,2,15,229
19.5,7,3,0,215
19.5,7,3,1,216
19.5,7,3,2,217
19.5,7,3,3,218
19.5,7,3,4,219
19.5,7,3,5,220
19.5,7,3,6,221
19.5,7,3,7,222
19.5,7,3,8,223
19.5,7,3,9,224
19.5,7,3,10,225
19.5,7,3,11,226
19.5,7,3,12,227
19.5,7,3,13,228
19.5,7,3,14,229
19.5,7,3,15,230
19.5,7,4,0,216
19.5,7,4,1,217
19.5,7,4,2,218
19.5,7,4,3,219
19.5,7,4,4,220
19.5,7,4,5,221
19.5,7,4,6,222
19.5,7,4,7,223
19.5,7,4,8,224
19.5,7,4,9,225
19.5,7,4,10,226
19.5,7,4,11,227
19.5,7,4,12,228
19.5,7,4,13,229
19.5,7,4,14,230
19.5,7,4,15,231
19.5,7,5,0,217
19.5,7,5,1,218
19.5,7,5,2,219
19.5,7,5,3,220
19.5,7,5,4,221
19.5,7,5,5,222
19.5,7,5,6,223
19.5,7,5,7,224
19.5,7,5,8,225
19.5,7,5,9,226
19.5,7,5,10,227
19.5,7,5,11,229
19.5,7,5,12,230
19.5,7,5,13,231
19.5,7,5,14,232
19.5,7,5,15,233
19.5,7,6,0,218
19.5,7,6,1,219
19.5,7,6,2,220
19.5,7,6,3,222
19.5,7,6,4,223
19.5,7,6,5,224
19.5,7,6,6,225
19.5,7,6,7,226
19.5,7,6,8,227
19.5,7,6,9,228
19.5,7,6,10,229
19.5,7,6,11,230
19.5,7,6,12,231
19.5,7,6,13,232
19.5,7,6,14,233
19.5,7,6,15,234
19.5,7,7,0,220
19.5,7,7,1,221
19.5,7,7,2,222
19.5,7,7,3,223
19.5,7,7,4,224
19.5,7,7,5,225
19.5,7,7,6,226
19.5,7,7,7,227
19.5,7,7,8,228
19.5,7,7,9,229
19.5,7,7,10,230
19.5,7,7,11,231
19.5,7,7,12,232
19.5,7,7,13,233
19.5,7,7,14,234
19.5,7,7,15,235
19.5,7,8,0,221
19.5,7,8,1,222
19.5,7,8,2,223
19.5,7,8,3,224
19.5,7,8,4,225
19.5,7,8,5,226
19.5,7,8,6,227
19.5,7,8,7,228
19.5,7,8,8,229
19.5,7,8,9,230
19.5,7,8,10,231
19.5,7,8,11,232
19.5,7,8,12,233
19.5,7,8,13,234
19.5,7,8,14,235
19.5,7,8,15,236
19.5,7,9,0,222
19.5,7,9,1,223
19.5,7,9,2,224
19.5,7,9,3,225
19.5,7,9,4,226
19.5,7,9,5,227
19.5,7,9,6,228
19.5,7,9,7,229
19.5,7,9,8,231
19.5,7,9,9,232
19.5,7,9,10,233
19.5,7,9,11,234
19.5,7,9,12,235
19.5,7,9,13,236
19.5,7,9,14,237
19.5,7,9,15,238
19.5,7,10,0,223
19.5,7,10,1,224
19.5,7,10,2,225
19.5,7,10,3,226
19.5,7,10,4,228
19.5,7,10,5,229
19.5,7,10,6,230
19.5,7,10,7,231
19.5,7,10,8,232
19.5,7,10,9,233
19.5,7,10,10,234
19.5,7,10,11,235
19.5,7,10,12,236
19.5,7,10,13,237
19.5,7,10,14,238
19.5,7,10,15,239
19.5,7,11,0,224
19.5,7,11,1,225
19.5,7,11,2,227
19.5,7,11,3,228
19.5,7,11,4,229
19.5,7,11,5,230
19.5,7,11,6,231
19.5,7,11,7,232
19.5,7,11,8,233
19.5,7,11,9,234
19.5,7,11,10,235
19.5,7,11,11,236
19.5,7,11,12,237
19.5,7,11,13,238
19.5,7,11,14,239
19.5,7,11,15,240
19.5,7,12,0,226
19.5,7,12,1,227
19.5,7,12,2,228
19.5,7,12,3,229
19.5,7,12,4,230
19.5,7,12,5,231
19.5,7,12,6,232
19.5,7,12,7,233
19.5,7,12,8,234
19.5,7,12,9,235
19.5,7,12,10,236
19.5,7,12,11,237
19.5,7,12,12,238
19.5,7,12,13,240
19.5,7,12,14,241
19.5,7,12,15,242
19.5,7,13,0,227
19.5,7,13,1,228
19.5,7,13,2,229
19.5,7,13,3,230
19.5,7,13,4,231
19.5,7,13,5,232
19.5,7,13,6,233
19.5,7,13,7,234
19.5,7,13,8,236
19.5,7,13,9,237
19.5,7,13,10,238
19.5,7,13,11,239
19.5,7,13,12,240
19.5,7,13,13,241
19.5,7,13,14,242
19.5,7,13,15,243
19.5,7,14,0,228
19.5,7,14,1,229
19.5,7,14,2,230
19.5,7,14,3,231
19.5,7,14,4,232
19.5,7,14,5,233
19.5,7,14,6,235
19.5,7,14,7,236
19.5,7,14,8,237
19.5,7,14,9,238
19.5,7,14,10,239
19.5,7,14,11,240
19.5,7,14,12,241
19.5,7,14,13,242
19.5,7,14,14,243
19.5,7,14,15,244
19.5,7,15,0,229
19.5,7,15,1,230
19.5,7,15,2,231
19.5,7,15,3,232
19.5,7,15,4,234
19.5,7,15,5,235
19.5,7,15,6,236
19.5,7,15,7,237
19.5,7,15,8,238
19.5,7,15,9,239
19.5,7,15,10,240
19.5,7,15,11,241
19.5,7,15,12,242
19.5,7,15,13,243
19.5,7,15,14,244
19.5,7,15,15,245
19.5,8,0,0,214
19.5,8,0,1,215
19.5,8,0,2,216
19.5,8,0,3,217
19.5,8,0,4,218
19.5,8,0,5,219
19.5,8,0,6,220
19.5,8,0,7,221
19.5,8,0,8,222
19.5,8,0,9,223
19.5,8,0,10,224
19.5,8,0,11,225
19.5,8,0,12,226
19.5,8,0,13,227
19.5,8,0,14,228
19.5,8,0,15,229
19.5,8,1,0,215
19.5,8,1,1,216
19.5,8,1,2,217
19.5,8,1,3,218
19.5,8,1,4,219
19.5,8,1,5,221
19.5,8,1,6,222
19.5,8,1,7,223
19.5,8,1,8,224
19.5,8,1,9,225
19.5,8,1,10,226
19.5,8,1,11,227
19.5,8,1,12,228
19.5,8,1,13,229
19.5,8,1,14,230
19.5,8,1,15,231
19.5,8,2,0,217
19.5,8,2,1,218
19.5,8,2,2,219
19.5,8,2,3,220
19.5,8,2,4,221
19.5,8,2,5,222
19.5,8,2,6,223
19.5,8,2,7,224
19.5,8,2,8,225
19.5,8,2,9,226
19.5,8,2,10,227
19.5,8,2,11,228
19.5,8,2,12,229
19.5,8,2,13,230
19.5,8,2,14,231
19.5,8,2,15,232
19.5,8,3,0,218
19.5,8,3,1,219
19.5,8,3,2,220
19.5,8,3,3,221
19.5,8,3,4,222
19.5,8,3,5,223
19.5,8,3,6,224
19.5,8,3,7,225
19.5,8,3,8,226
19.5,8,3,9,227
19.5,8,3,10,228
19.5,8,3,11,229
19.5,8,3,12,230
19.5,8,3,13,231
19.5,8,3,14,232
19.5,8,3,15,233
19.5,8,4,0,219
19.5,8,4,1,220
19.5,8,4,2,221
19.5,8,4,3,222
19.5,8,4,4,223
19.5,8,4,5,224
19.5,8,4,6,225
19.5,8,4,7,227
19.5,8,4,8,228
19.5,8,4,9,229
19.5,8,4,10,230
19.5,8,4,11,231
19.5,8,4,12,232
19.5,8,4,13,233
19.5,8,4,14,234
19.5,8,4,15,235
19.5,8,5,0,220
19.5,8,5,1,221
19.5,8,5,2,223
19.5,8,5,3,224
19.5,8,5,4,225
19.5,8,5,5,226
19.5,8,5,6,227
19.5,8,5,7,228
19.5,8,5,8,229
19.5,8,5,9,230
19.5,8,5,10,231
19.5,8,5,11,232
19.5,8,5,12,233
19.5,8,5,13,234
19.5,8,5,14,235
19.5,8,5,15,236
19.5,8,6,0,222
19.5,8,6,1,223
19.5,8,6,2,224
19.5,8,6,3,225
19.5,8,6,4,226
19.5,8,6,5,227
19.5,8,6,6,228
19.5,8,6,7,229
19.5,8,6,8,230
19.5,8,6,9,231
19.5,8,6,10,232
19.5,8,6,11,233
19.5,8,6,12,234
19.5,8,6,13,235
19.5,8,6,14,236
19.5,8,6,15,237
19.5,8,7,0,223
19.5,8,7,1,224
19.5,8,7,2,225
19.5,8,7,3,226
19.5,8,7,4,227
19.5,8,7,5,228
19.5,8,7,6,229
19.5,8,7,7,230
19.5,8,7,8,231
19.5,8,7,9,233
19.5,8,7,10,234
19.5,8,7,11,235
19.5,8,7,12,236
19.5,8,7,13,237
19.5,8,7,14,238
19.5,8,7,15,239
19.5,8,8,0,224
19.5,8,8,1,225
19.5,8,8,2,226
19.5,8,8,3,227
19.5,8,8,4,228
19.5,8,8,5,230
19.5,8,8,6,231
19.5,8,8,7,232
19.5,8,8,8,233
19.5,8,8,9,234
19.5,8,8,10,235
19.5,8,8,11,236
19.5,8,8,12,237
19.5,8,8,13,238
19.5,8,8,14,239
19.5,8,8,15,240
19.5,8,9,0,225
19.5,8,9,1,226
19.5,8,9,2,228
19.5,8,9,3,229
19.5,8,9,4,230
19.5,8,9,5,231
19.5,8,9,6,232
19.5,8,9,7,233
19.5,8,9,8,234
19.5,8,9,9,235
19.5,8,9,10,236
19.5,8,9,11,237
19.5,8,9,12,238
19.5,8,9,13,239
19.5,8,9,14,240
19.5,8,9,15,241
19.5,8,10,0,227
19.5,8,10,1,228
19.5,8,10,2,229
19.5,8,10,3,230
19.5,8,10,4,231
19.5,8,10,5,232
19.5,8,10,6,233
19.5,8,10,7,234
19.5,8,10,8,235
19.5,8,10,9,236
19.5,8,10,10,237
19.5,8,10,11,238
19.5,8,10,12,240
19.5,8,10,13,241
19.5,8,10,14,242
19.5,8,10,15,243
19.5,8,11,0,228
19.5,8,11,1,229
19.5,8,11,2,230
19.5,8,11,3,231
19.5,8,11,4,232
19.5,8,11,5,233
19.5,8,11,6,234
19.5,8,11,7,235
19.5,8,11,8,237
19.5,8,11,9,238
19.5,8,11,10,239
19.5,8,11,11,240
19.5,8,11,12,241
19.5,8,11,13,242
19.5,8,11,14,243
19.5,8,11,15,244
19.5,8,12,0,229
19.5,8,12,1,230
19.5,8,12,2,231
19.5,8,12,3,232
19.5,8,12,4,233
19.5,8,12,5,235
19.5,8,12,6,236
19.5,8,12,7,237
19.5,8,12,8,238
19.5,8,12,9,239
19.5,8,12,10,240
19.5,8,12,11,241
19.5,8,12,12,242
19.5,8,12,13,243
19.5,8,12,14,244
19.5,8,12,15,245
19.5,8,13,0,230
19.5,8,13,1,231
19.5,8,13,2,232
19.5,8,13,3,234
19.5,8,13,4,235
19.5,8,13,5,236
19.5,8,13,6,237
19.5,8,13,7,238
19.5,8,13,8,239
19.5,8,13,9,240
19.5,8,13,10,241
19.5,8,13,11,242
19.5,8,13,12,243
19.5,8,13,13,244
19.5,8,13,14,246
19.5,8,13,15,247
19.5,8,14,0,231
19.5,8,14,1,233
19.5,8,14,2,234
19.5,8,14,3,235
19.5,8,14,4,236
19.5,8,14,5,237
19.5,8,14,6,238
19.5,8,14,7,239
19.5,8,14,8,240
19.5,8,14,9,241
19.5,8,14,10,243
19.5,8,14,11,244
19.5,8,14,12,245
19.5,8,14,13,246
19.5,8,14,14,247
19.5,8,14,15,248
19.5,8,15,0,233
19.5,8,15,1,234
19.5,8,15,2,235
19.5,8,15,3,236
19.5,8,15,4,237
19.5,8,15,5,238
19.5,8,15,6,239
19.5,8,15,7,240
19.5,8,15,8,242
19.5,8,15,9,243
19.5,8,15,10,244
19.5,8,15,11,245
19.5,8,15,12,246
19.5,8,15,13,247
19.5,8,15,14,248
19.5,8,15,15,249
19.5,9,0,0,217
19.5,9,0,1,218
19.5,9,0,2,219
19.5,9,0,3,220
19.5,9,0,4,221
19.5,9,0,5,222
19.5,9,0,6,224
19.5,9,0,7,225
19.5,9,0,8,226
19.5,9,0,9,227
19.5,9,0,10,228
19.5,9,0,11,229
19.5,9,0,12,230
19.5,9,0,13,231
19.5,9,0,14,232
19.5,9,0,15,233
19.5,9,1,0,219
19.5,9,1,1,220
19.5,9,1,2,221
19.5,9,1,3,222
19.5,9,1,4,223
19.5,9,1,5,224
19.5,9,1,6,225
19.5,9,1,7,226
19.5,9,1,8,227
19.5,9,1,9,228
19.5,9,1,10,229
19.5,9,1,11,230
19.5,9,1,12,231
19.5,9,1,13,232
19.5,9,1,14,233
19.5,9,1,15,234
19.5,9,2,0,220
19.5,9,2,1,221
19.5,9,2,2,222
19.5,9,2,3,223
19.5,9,2,4,224
19.5,9,2,5,225
19.5,9,2,6,226
19.5,9,2,7,227
19.5,9,2,8,228
19.5,9,2,9,229
19.5,9,2,10,230
19.5,9,2,11,231
19.5,9,2,12,232
19.5,9,2,13,233
19.5,9,2,14,234
19.5,9,2,15,235
19.5,9,3,0,221
19.5,9,3,1,222
19.5,9,3,2,223
19.5,9,3,3,224
19.5,9,3,4,225
19.5,9,3,5,226
19.5,9,3,6,228
19.5,9,3,7,229
19.5,9,3,8,230
19.5,9,3,9,231
19.5,9,3,10,232
19.5,9,3,11,233
19.5,9,3,12,234
19.5,9,3,13,235
19.5,9,3,14,236
19.5,9,3,15,237
19.5,9,4,0,222
19.5,9,4,1,223
19.5,9,4,2,225
19.5,9,4,3,226
19.5,9,4,4,227
19.5,9,4,5,228
19.5,9,4,6,229
19.5,9,4,7,230
19.5,9,4,8,231
19.5,9,4,9,232
19.5,9,4,10,233
19.5,9,4,11,234
19.5,9,4,12,235
19.5,9,4,13,236
19.5,9,4,14,237
19.5,9,4,15,238
19.5,9,5,0,224
19.5,9,5,1,225
19.5,9,5,2,226
19.5,9,5,3,227
19.5,9,5,4,228
19.5,9,5,5,229
19.5,9,5,6,230
19.5,9,5,7,231
19.5,9,5,8,232
19.5,9,5,9,233
19.5,9,5,10,234
19.5,9,5,11,235
19.5,9,5,12,236
19.5,9,5,13,238
19.5,9,5,14,239
19.5,9,5,15,240
19.5,9,6,0,225
19.5,9,6,1,226
19.5,9,6,2,227
19.5,9,6,3,228
19.5,9,6,4,229
19.5,9,6,5,230
19.5,9,6,6,231
19.5,9,6,7,233
19.5,9,6,8,234
19.5,9,6,9,235
19.5,9,6,10,236
19.5,9,6,11,237
19.5,9,6,12,238
19.5,9,6,13,239
19.5,9,6,14,240
19.5,9,6,15,241
19.5,9,7,0,226
19.5,9,7,1,227
19.5,9,7,2,228
19.5,9,7,3,230
19.5,9,7,4,231
19.5,9,7,5,232
19.5,9,7,6,233
19.5,9,7,7,234
19.5,9,7,8,235
19.5,9,7,9,236
19.5,9,7,10,237
19.5,9,7,11,238
19.5,9,7,12,239
19.5,9,7,13,240
19.5,9,7,14,241
19.5,9,7,15,242
19.5,9,8,0,227
19.5,9,8,1,229
19.5,9,8,2,230
19.5,9,8,3,231
19.5,9,8,4,232
19.5,9,8,5,233
19.5,9,8,6,234
19.5,9,8,7,235
19.5,9,8,8,236
19.5,9,8,9,237
19.5,9,8,10,238
19.5,9,8,11,239
19.5,9,8,12,241
19.5,9,8,13,242
19.5,9,8,14,243
19.5,9,8,15,244
19.5,9,9,0,229
19.5,9,9,1,230
19.5,9,9,2,231
19.5,9,9,3,232
19.5,9,9,4,233
19.5,9,9,5,234
19.5,9,9,6,235
19.5,9,9,7,236
19.5,9,9,8,238
19.5,9,9,9,239
19.5,9,9,10,240
19.5,9,9,11,241
19.5,9,9,12,242
19.5,9,9,13,243
19.5,9,9,14,244
19.5,9,9,15,245
19.5,9,10,0,230
19.5,9,10,1,231
19.5,9,10,2,232
19.5,9,10,3,233
19.5,9,10,4,234
19.5,9,10,5,236
19.5,9,10,6,237
19.5,9,10,7,238
19.5,9,10,8,239
19.5,9,10,9,240
19.5,9,10,10,241
19.5,9,10,11,242
19.5,9,10,12,243
19.5,9,10,13,244
19.5,9,10,14,245
19.5,9,10,15,246
19.5,9,11,0,231
19.5,9,11,1,232
19.5,9,11,2,233
19.5,9,11,3,235
19.5,9,11,4,236
19.5,9,11,5,237
19.5,9,11,6,238
19.5,9,11,7,239
19.5,9,11,8,240
19.5,9,11,9,241
19.5,9,11,10,242
19.5,9,11,11,243
19.5,9,11,12,244
19.5,9,11,13,246
19.5,9,11,14,247
19.5,9,11,15,248
19.5,9,12,0,232
19.5,9,12,1,234
19.5,9,12,2,235
19.5,9,12,3,236
19.5,9,12,4,237
19.5,9,12,5,238
19.5,9,12,6,239
19.5,9,12,7,240
19.5,9,12,8,241
19.5,9,12,9,242
19.5,9,12,10,244
19.5,9,12,11,245
19.5,9,12,12,246
19.5,9,12,13,247
19.5,9,12,14,248
19.5,9,12,15,249
19.5,9,13,0,234
19.5,9,13,1,235
19.5,9,13,2,236
19.5,9,13,3,237
19.5,9,13,4,238
19.5,9,13,5,239
19.5,9,13,6,240
19.5,9,13,7,242
19.5,9,13,8,243
19.5,9,13,9,244
19.5,9,13,10,245
19.5,9,13,11,246
19.5,9,13,12,247
19.5,9,13,13,248
19.5,9,13,14,249
19.5,9,13,15,250
19.5,9,14,0,235
19.5,9,14,1,236
19.5,9,14,2,237
19.5,9,14,3,238
19.5,9,14,4,239
19.5,9,14,5,241
19.5,9,14,6,242
19.5,9,14,7,243
19.5,9,14,8,244
19.5,9,14,9,245
19.5,9,14,10,246
19.5,9,14,11,247
19.5,9,14,12,248
19.5,9,14,13,249
19.5,9,14,14,250
19.5,9,14,15,252
19.5,9,15,0,236
19.5,9,15,1,237
19.5,9,15,2,238
19.5,9,15,3,240
19.5,9,15,4,241
19.5,9,15,5,242
19.5,9,15,6,243
19.5,9,15,7,244
19.5,9,15,8,245
19.5,9,15,9,246
19.5,9,15,10,247
19.5,9,15,11,249
19.5,9,15,12,250
19.5,9,15,13,251
19.5,9,15,14,252
19.5,9,15,15,253
19.5,10,0,0,220
19.5,10,0,1,221
19.5,10,0,2,223
19.5,10,0,3,224
19.5,10,0,4,225
19.5,10,0,5,226
19.5,10,0,6,227
19.5,10,0,7,228
19.5,10,0,8,229
19.5,10,0,9,230
19.5,10,0,10,231
19.5,10,0,11,232
19.5,10,0,12,233
19.5,10,0,13,234
19.5,10,0,14,235
19.5,10,0,15,236
19.5,10,1,0,222
19.5,10,1,1,223
19.5,10,1,2,224
19.5,10,1,3,225
19.5,10,1,4,226
19.5,10,1,5,227
19.5,10,1,6,228
19.5,10,1,7,229
19.5,10,1,8,230
19.5,10,1,9,231
19.5,10,1,10,232
19.5,10,1,11,233
19.5,10,1,12,234
19.5,10,1,13,235
19.5,10,1,14,237
19.5,10,1,15,238
19.5,10,2,0,223
19.5,10,2,1,224
19.5,10,2,2,225
19.5,10,2,3,226
19.5,10,2,4,227
19.5,10,2,5,228
19.5,10,2,6,230
19.5,10,2,7,231
19.5,10,2,8,232
19.5,10,2,9,233
19.5,10,2,10,234
19.5,10,2,11,235
19.5,10,2,12,236
19.5,10,2,13,237
19.5,10,2,14,238
19.5,10,2,15,239
19.5,10,3,0,224
19.5,10,3,1,225
19.5,10,3,2,227
19.5,10,3,3,228
19.5,10,3,4,229
19.5,10,3,5,230
19.5,10,3,6,231
19.5,10,3,7,232
19.5,10,3,8,233
19.5,10,3,9,234
19.5,10,3,10,235
19.5,10,3,11,236
19.5,10,3,12,237
19.5,10,3,13,238
19.5,10,3,14,239
19.5,10,3,15,240
19.5,10,4,0,226
19.5,10,4,1,227
19.5,10,4,2,228
19.5,10,4,3,229
19.5,10,4,4,230
19.5,10,4,5,231
19.5,10,4,6,232
19.5,10,4,7,233
19.5,10,4,8,234
19.5,10,4,9,235
19.5,10,4,10,237
19.5,10,4,11,238
19.5,10,4,12,239
19.5,10,4,13,240
19.5,10,4,14,241
19.5,10,4,15,242
19.5,10,5,0,227
19.5,10,5,1,228
19.5,10,5,2,229
19.5,10,5,3,230
19.5,10,5,4,231
19.5,10,5,5,232
19.5,10,5,6,234
19.5,10,5,7,235
19.5,10,5,8,236
19.5,10,5,9,237
19.5,10,5,10,238
19.5,10,5,11,239
19.5,10,5,12,240
19.5,10,5,13,241
19.5,10,5,14,242
19.5,10,5,15,243
19.5,10,6,0,228
19.5,10,6,1,229
19.5,10,6,2,230
19.5,10,6,3,232
19.5,10,6,4,233
19.5,10,6,5,234
19.5,10,6,6,235
19.5,10,6,7,236
19.5,10,6,8,237
19.5,10,6,9,238
19.5,10,6,10,239
19.5,10,6,11,240
19.5,10,6,12,241
19.5,10,6,13,242
19.5,10,6,14,243
19.5,10,6,15,245
19.5,10,7,0,230
19.5,10,7,1,231
19.5,10,7,2,232
19.5,10,7,3,233
19.5,10,7,4,234
19.5,10,7,5,235
19.5,10,7,6,236
19.5,10,7,7,237
19.5,10,7,8,238
19.5,10,7,9,239
19.5,10,7,10,241
19.5,10,7,11,242
19.5,10,7,12,243
19.5,10,7,13,244
19.5,10,7,14,245
19.5,10,7,15,246
19.5,10,8,0,231
19.5,10,8,1,232
19.5,10,8,2,233
19.5,10,8,3,234
19.5,10,8,4,235
19.5,10,8,5,236
19.5,10,8,6,238
19.5,10,8,7,239
19.5,10,8,8,240
19.5,10,8,9,241
19.5,10,8,10,242
19.5,10,8,11,243
19.5,10,8,12,244
19.5,10,8,13,245
19.5,10,8,14,246
19.5,10,8,15,247
19.5,10,9,0,232
19.5,10,9,1,233
19.5,10,9,2,234
19.5,10,9,3,235
19.5,10,9,4,237
19.5,10,9,5,238
19.5,10,9,6,239
19.5,10,9,7,240
19.5,10,9,8,241
19.5,10,9,9,242
19.5,10,9,10,243
19.5,10,9,11,244
19.5,10,9,12,245
19.5,10,9,13,246
19.5,10,9,14,248
19.5,10,9,15,249
19.5,10,10,0,233
19.5,10,10,1,234
19.5,10,10,2,236
19.5,10,10,3,237
19.5,10,10,4,238
19.5,10,10,5,239
19.5,10,10,6,240
19.5,10,10,7,241
19.5,10,10,8,242
19.5,10,10,9,243
19.5,10,10,10,245
19.5,10,10,11,246
19.5,10,10,12,247
19.5,10,10,13,248
19.5,10,10,14,249
19.5,10,10,15,250
19.5,10,11,0,235
19.5,10,11,1,236
19.5,10,11,2,237
19.5,10,11,3,238
19.5,10,11,4,239
19.5,10,11,5,240
19.5,10,11,6,241
19.5,10,11,7,243
19.5,10,11,8,244
19.5,10,11,9,245
19.5,10,11,10,246
19.5,10,11,11,247
19.5,10,11,12,248
19.5,10,11,13,249
19.5,10,11,14,250
19.5,10,11,15,251
19.5,10,12,0,236
19.5,10,12,1,237
19.5,10,12,2,238
19.5,10,12,3,239
19.5,10,12,4,240
19.5,10,12,5,242
19.5,10,12,6,243
19.5,10,12,7,244
19.5,10,12,8,245
19.5,10,12,9,246
19.5,10,12,10,247
19.5,10,12,11,248
19.5,10,12,12,249
19.5,10,12,13,250
19.5,10,12,14,252
19.5,10,12,15,253
19.5,10,13,0,237
19.5,10,13,1,238
19.5,10,13,2,239
19.5,10,13,3,241
19.5,10,13,4,242
19.5,10,13,5,243
19.5,10,13,6,244
19.5,10,13,7,245
19.5,10,13,8,246
19.5,10,13,9,247
19.5,10,13,10,248
19.5,10,13,11,250
19.5,10,13,12,251
19.5,10,13,13,252
19.5,10,13,14,253
19.5,10,13,15,254
19.5,10,14,0,238
19.5,10,14,1,239
19.5,10,14,2,241
19.5,10,14,3,242
19.5,10,14,4,243
19.5,10,14,5,244
19.5,10,14,6,245
19.5,10,14,7,246
19.5,10,14,8,248
19.5,10,14,9,249
19.5,10,14,10,250
19.5,10,14,11,251
19.5,10,14,12,252
19.5,10,14,13,253
19.5,10,14,14,254
19.5,10,14,15,255
19.5,10,15,0,240
19.5,10,15,1,241
19.5,10,15,2,242
19.5,10,15,3,243
19.5,10,15,4,244
19.5,10,15,5,245
19.5,10,15,6,247
19.5,10,15,7,248
19.5,10,15,8,249
19.5,10,15,9,250
19.5,10,15,10,251
19.5,10,15,11,252
19.5,10,15,12,253
19.5,10,15,13,254
19.5,10,15,14,255
19.5,10,15,15,257
19.5,11,0,0,224
19.5,11,0,1,225
19.5,11,0,2,226
19.5,11,0,3,227
19.5,11,0,4,228
19.5,11,0,5,229
19.5,11,0,6,230
19.5,11,0,7,231
19.5,11,0,8,232
19.5,11,0,9,233
19.5,11,0,10,234
19.5,11,0,11,235
19.5,11,0,12,236
19.5,11,0,13,237
19.5,11,0,14,239
19.5,11,0,15,240
19.5,11,1,0,225
19.5,11,1,1,226
19.5,11,1,2,227
19.5,11,1,3,228
19.5,11,1,4,229
19.5,11,1,5,230
19.5,11,1,6,232
19.5,11,1,7,233
19.5,11,1,8,234
19.5,11,1,9,235
19.5,11,1,10,236
19.5,11,1,11,237
19.5,11,1,12,238
19.5,11,1,13,239
19.5,11,1,14,240
19.5,11,1,15,241
19.5,11,2,0,226
19.5,11,2,1,227
19.5,11,2,2,229
19.5,11,2,3,230
19.5,11,2,4,231
19.5,11,2,5,232
19.5,11,2,6,233
19.5,11,2,7,234
19.5,11,2,8,235
19.5,11,2,9,236
19.5,11,2,10,237
19.5,11,2,11,238
19.5,11,2,12,239
19.5,11,2,13,240
19.5,11,2,14,241
19.5,11,2,15,242
19.5,11,3,0,228
19.5,11,3,1,229
19.5,11,3,2,230
19.5,11,3,3,231
19.5,11,3,4,232
19.5,11,3,5,233
19.5,11,3,6,234
19.5,11,3,7,235
19.5,11,3,8,236
19.5,11,3,9,237
19.5,11,3,10,239
19.5,11,3,11,240
19.5,11,3,12,241
19.5,11,3,13,242
19.5,11,3,14,243
19.5,11,3,15,244
19.5,11,4,0,229
19.5,11,4,1,230
19.5,11,4,2,231
19.5,11,4,3,232
19.5,11,4,4,233
19.5,11,4,5,235
19.5,11,4,6,236
19.5,11,4,7,237
19.5,11,4,8,238
19.5,11,4,9,239
19.5,11,4,10,240
19.5,11,4,11,241
19.5,11,4,12,242
19.5,11,4,13,243
19.5,11,4,14,244
19.5,11,4,15,245
19.5,11,5,0,230
19.5,11,5,1,231
19.5,11,5,2,233
19.5,11,5,3,234
19.5,11,5,4,235
19.5,11,5,5,236
19.5,11,5,6,237
19.5,11,5,7,238
19.5,11,5,8,239
19.5,11,5,9,240
19.5,11,5,10,241
19.5,11,5,11,242
19.5,11,5,12,243
19.5,11,5,13,245
19.5,11,5,14,246
19.5,11,5,15,247
19.5,11,6,0,232
19.5,11,6,1,233
19.5,11,6,2,234
19.5,11,6,3,235
19.5,11,6,4,236
19.5,11,6,5,237
19.5,11,6,6,238
19.5,11,6,7,239
19.5,11,6,8,241
19.5,11,6,9,242
19.5,11,6,10,243
19.5,11,6,11,244
19.5,11,6,12,245
19.5,11,6,13,246
19.5,11,6,14,247
19.5,11,6,15,248
19.5,11,7,0,233
19.5,11,7,1,234
19.5,11,7,2,235
19.5,11,7,3,236
19.5,11,7,4,237
19.5,11,7,5,239
19.5,11,7,6,240
19.5,11,7,7,241
19.5,11,7,8,242
19.5,11,7,9,243
19.5,11,7,10,244
19.5,11,7,11,245
19.5,11,7,12,246
19.5,11,7,13,247
19.5,11,7,14,248
19.5,11,7,15,249
19.5,11,8,0,234
19.5,11,8,1,235
19.5,11,8,2,236
19.5,11,8,3,238
19.5,11,8,4,239
19.5,11,8,5,240
19.5,11,8,6,241
19.5,11,8,7,242
19.5,11,8,8,243
19.5,11,8,9,244
19.5,11,8,10,245
19.5,11,8,11,246
19.5,11,8,12,248
19.5,11,8,13,249
19.5,11,8,14,250
19.5,11,8,15,251
19.5,11,9,0,235
19.5,11,9,1,237
19.5,11,9,2,238
19.5,11,9,3,239
19.5,11,9,4,240
19.5,11,9,5,241
19.5,11,9,6,242
19.5,11,9,7,243
19.5,11,9,8,245
19.5,11,9,9,246
19.5,11,9,10,247
19.5,11,9,11,248
19.5,11,9,12,249
19.5,11,9,13,250
19.5,11,9,14,251
19.5,11,9,15,252
19.5,11,10,0,237
19.5,11,10,1,238
19.5,11,10,2,239
19.5,11,10,3,240
19.5,11,10,4,241
19.5,11,10,5,242
19.5,11,10,6,244
19.5,11,10,7,245
19.5,11,10,8,246
19.5,11,10,9,247
19.5,11,10,10,248
19.5,11,10,11,249
19.5,11,10,12,250
19.5,11,10,13,251
19.5,11,10,14,252
19.5,11,10,15,254
19.5,11,11,0,238
19.5,11,11,1,239
19.5,11,11,2,240
19.5,11,11,3,241
19.5,11,11,4,243
19.5,11,11,5,244
19.5,11,11,6,245
19.5,11,11,7,246
19.5,11,11,8,247
19.5,11,11,9,248
19.5,11,11,10,249
19.5,11,11,11,251
19.5,11,11,12,252
19.5,11,11,13,253
19.5,11,11,14,254
19.5,11,11,15,255
19.5,11,12,0,239
19.5,11,12,1,240
19.5,11,12,2,242
19.5,11,12,3,243
19.5,11,12,4,244
19.5,11,12,5,245
19.5,11,12,6,246
19.5,11,12,7,247
19.5,11,12,8,248
19.5,11,12,9,250
19.5,11,12,10,251
19.5,11,12,11,252
19.5,11,12,12,253
19.5,11,12,13,254
19.5,11,12,14,255
19.5,11,12,15,256
19.5,11,13,0,241
19.5,11,13,1,242
19.5,11,13,2,243
19.5,11,13,3,244
19.5,11,13,4,245
19.5,11,13,5,246
19.5,11,13,6,248
19.5,11,13,7,249
19.5,11,13,8,250
19.5,11,13,9,251
19.5,11,13,10,252
19.5,11,13,11,253
19.5,11,13,12,254
19.5,11,13,13,255
19.5,11,13,14,257
19.5,11,13,15,258
19.5,11,14,0,242
19.5,11,14,1,243
19.5,11,14,2,244
19.5,11,14,3,245
19.5,11,14,4,246
19.5,11,14,5,248
19.5,11,14,6,249
19.5,11,14,7,250
19.5,11,14,8,251
19.5,11,14,9,252
19.5,11,14,10,253
19.5,11,14,11,255
19.5,11,14,12,256
19.5,11,14,13,257
19.5,11,14,14,258
19.5,11,14,15,259
19.5,11,15,0,243
19.5,11,15,1,244
19.5,11,15,2,245
19.5,11,15,3,247
19.5,11,15,4,248
19.5,11,15,5,249
19.5,11,15,6,250
19.5,11,15,7,251
19.5,11,15,8,252
19.5,11,15,9,254
19.5,11,15,10,255
19.5,11,15,11,256
19.5,11,15,12,257
19.5,11,15,13,258
19.5,11,15,14,259
19.5,11,15,15,260
19.5,12,0,0,227
19.5,12,0,1,228
19.5,12,0,2,229
19.5,12,0,3,230
19.5,12,0,4,231
19.5,12,0,5,232
19.5,12,0,6,233
19.5,12,0,7,234
19.5,12,0,8,236
19.5,12,0,9,237
19.5,12,0,10,238
19.5,12,0,11,239
19.5,12,0,12,240
19.5,12,0,13,241
19.5,12,0,14,242
19.5,12,0,15,243
19.5,12,1,0,228
19.5,12,1,1,229
19.5,12,1,2,230
19.5,12,1,3,232
19.5,12,1,4,233
19.5,12,1,5,234
19.5,12,1,6,235
19.5,12,1,7,236
19.5,12,1,8,237
19.5,12,1,9,238
19.5,12,1,10,239
19.5,12,1,11,240
19.5,12,1,12,241
19.5,12,1,13,242
19.5,12,1,14,243
19.5,12,1,15,244
19.5,12,2,0,230
19.5,12,2,1,231
19.5,12,2,2,232
19.5,12,2,3,233
19.5,12,2,4,234
19.5,12,2,5,235
19.5,12,2,6,236
19.5,12,2,7,237
19.5,12,2,8,238
19.5,12,2,9,239
19.5,12,2,10,241
19.5,12,2,11,242
19.5,12,2,12,243
19.5,12,2,13,244
19.5,12,2,14,245
19.5,12,2,15,246
19.5,12,3,0,231
19.5,12,3,1,232
19.5,12,3,2,233
19.5,12,3,3,234
19.5,12,3,4,235
19.5,12,3,5,236
19.5,12,3,6,238
19.5,12,3,7,239
19.5,12,3,8,240
19.5,12,3,9,241
19.5,12,3,10,242
19.5,12,3,11,243
19.5,12,3,12,244
19.5,12,3,13,245
19.5,12,3,14,246
19.5,12,3,15,247
19.5,12,4,0,232
19.5,12,4,1,233
19.5,12,4,2,235
19.5,12,4,3,236
19.5,12,4,4,237
19.5,12,4,5,238
19.5,12,4,6,239
19.5,12,4,7,240
19.5,12,4,8,241
19.5,12,4,9,242
19.5,12,4,10,243
19.5,12,4,11,244
19.5,12,4,12,246
19.5,12,4,13,247
19.5,12,4,14,248
19.5,12,4,15,249
19.5,12,5,0,234
19.5,12,5,1,235
19.5,12,5,2,236
19.5,12,5,3,237
19.5,12,5,4,238
19.5,12,5,5,239
19.5,12,5,6,240
19.5,12,5,7,241
19.5,12,5,8,243
19.5,12,5,9,244
19.5,12,5,10,245
19.5,12,5,11,246
19.5,12,5,12,247
19.5,12,5,13,248
19.5,12,5,14,249
19.5,12,5,15,250
19.5,12,6,0,235
19.5,12,6,1,236
19.5,12,6,2,237
19.5,12,6,3,238
19.5,12,6,4,239
19.5,12,6,5,241
19.5,12,6,6,242
19.5,12,6,7,243
19.5,12,6,8,244
19.5,12,6,9,245
19.5,12,6,10,246
19.5,12,6,11,247
19.5,12,6,12,248
19.5,12,6,13,249
19.5,12,6,14,251
19.5,12,6,15,252
19.5,12,7,0,236
19.5,12,7,1,237
19.5,12,7,2,239
19.5,12,7,3,240
19.5,12,7,4,241
19.5,12,7,5,242
19.5,12,7,6,243
19.5,12,7,7,244
19.5,12,7,8,245
19.5,12,7,9,246
19.5,12,7,10,248
19.5,12,7,11,249
19.5,12,7,12,250
19.5,12,7,13,251
19.5,12,7,14,252
19.5,12,7,15,253
19.5,12,8,0,238
19.5,12,8,1,239
19.5,12,8,2,240
19.5,12,8,3,241
19.5,12,8,4,242
19.5,12,8,5,243
19.5,12,8,6,244
19.5,12,8,7,246
19.5,12,8,8,247
19.5,12,8,9,248
19.5,12,8,10,249
19.5,12,8,11,250
19.5,12,8,12,251
19.5,12,8,13,252
19.5,12,8,14,253
19.5,12,8,15,254
19.5,12,9,0,239
19.5,12,9,1,240
19.5,12,9,2,241
19.5,12,9,3,242
19.5,12,9,4,243
19.5,12,9,5,245
19.5,12,9,6,246
19.5,12,9,7,247
19.5,12,9,8,248
19.5,12,9,9,249
19.5,12,9,10,250
19.5,12,9,11,251
19.5,12,9,12,253
19.5,12,9,13,254
19.5,12,9,14,255
19.5,12,9,15,256
19.5,12,10,0,240
19.5,12,10,1,241
19.5,12,10,2,242
19.5,12,10,3,244
19.5,12,10,4,245
19.5,12,10,5,246
19.5,12,10,6,247
19.5,12,10,7,248
19.5,12,10,8,249
19.5,12,10,9,251
19.5,12,10,10,252
19.5,12,10,11,253
19.5,12,10,12,254
19.5,12,10,13,255
19.5,12,10,14,256
19.5,12,10,15,257
19.5,12,11,0,241
19.5,12,11,1,243
19.5,12,11,2,244
19.5,12,11,3,245
19.5,12,11,4,246
19.5,12,11,5,247
19.5,12,11,6,248
19.5,12,11,7,250
19.5,12,11,8,251
19.5,12,11,9,252
19.5,12,11,10,253
19.5,12,11,11,254
19.5,12,11,12,255
19.5,12,11,13,256
19.5,12,11,14,257
19.5,12,11,15,259
19.5,12,12,0,243
19.5,12,12,1,244
19.5,12,12,2,245
19.5,12,12,3,246
19.5,12,12,4,247
19.5,12,12,5,249
19.5,12,12,6,250
19.5,12,12,7,251
19.5,12,12,8,252
19.5,12,12,9,253
19.5,12,12,10,254
19.5,12,12,11,255
19.5,12,12,12,257
19.5,12,12,13,258
19.5,12,12,14,259
19.5,12,12,15,260
19.5,12,13,0,244
19.5,12,13,1,245
19.5,12,13,2,246
19.5,12,13,3,248
19.5,12,13,4,249
19.5,12,13,5,250
19.5,12,13,6,251
19.5,12,13,7,252
19.5,12,13,8,253
19.5,12,13,9,255
19.5,12,13,10,256
19.5,12,13,11,257
19.5,12,13,12,258
19.5,12,13,13,259
19.5,12,13,14,260
19.5,12,13,15,261
19.5,12,14,0,245
19.5,12,14,1,246
19.5,12,14,2,248
19.5,12,14,3,249
19.5,12,14,4,250
19.5,12,14,5,251
19.5,12,14,6,252
19.5,12,14,7,254
19.5,12,14,8,255
19.5,12,14,9,256
19.5,12,14,10,257
19.5,12,14,11,258
19.5,12,14,12,259
19.5,12,14,13,260
19.5,12,14,14,262
19.5,12,14,15,263
19.5,12,15,0,247
19.5,12,15,1,248
19.5,12,15,2,249
19.5,12,15,3,250
19.5,12,15,4,251
19.5,12,15,5,252
19.5,12,15,6,254
19.5,12,15,7,255
19.5,12,15,8,256
19.5,12,15,9,257
19.5,12,15,10,258
19.5,12,15,11,259
19.5,12,15,12,261
19.5,12,15,13,262
19.5,12,15,14,263
19.5,12,15,15,264
19.5,13,0,0,230
19.5,13,0,1,231
19.5,13,0,2,232
19.5,13,0,3,233
19.5,13,0,4,234
19.5,13,0,5,236
19.5,13,0,6,237
19.5,13,0,7,238
19.5,13,0,8,239
19.5,13,0,9,240
19.5,13,0,10,241
19.5,13,0,11,242
19.5,13,0,12,243
19.5,13,0,13,244
19.5,13,0,14,245
19.5,13,0,15,246
19.5,13,1,0,231
19.5,13,1,1,233
19.5,13,1,2,234
19.5,13,1,3,235
19.5,13,1,4,236
19.5,13,1,5,237
19.5,13,1,6,238
19.5,13,1,7,239
19.5,13,1,8,240
19.5,13,1,9,241
19.5,13,1,10,243
19.5,13,1,11,244
19.5,13,1,12,245
19.5,13,1,13,246
19.5,13,1,14,247
19.5,13,1,15,248
19.5,13,2,0,233
19.5,13,2,1,234
19.5,13,2,2,235
19.5,13,2,3,236
19.5,13,2,4,237
19.5,13,2,5,238
19.5,13,2,6,240
19.5,13,2,7,241
19.5,13,2,8,242
19.5,13,2,9,243
19.5,13,2,10,244
19.5,13,2,11,245
19.5,13,2,12,246
19.5,13,2,13,247
19.5,13,2,14,248
19.5,13,2,15,249
19.5,13,3,0,234
19.5,13,3,1,235
19.5,13,3,2,236
19.5,13,3,3,238
19.5,13,3,4,239
19.5,13,3,5,240
19.5,13,3,6,241
19.5,13,3,7,242
19.5,13,3,8,243
19.5,13,3,9,244
19.5,13,3,10,245
19.5,13,3,11,246
19.5,13,3,12,248
19.5,13,3,13,249
19.5,13,3,14,250
19.5,13,3,15,251
19.5,13,4,0,236
19.5,13,4,1,237
19.5,13,4,2,238
19.5,13,4,3,239
19.5,13,4,4,240
19.5,13,4,5,241
19.5,13,4,6,242
19.5,13,4,7,243
19.5,13,4,8,245
19.5,13,4,9,246
19.5,13,4,10,247
19.5,13,4,11,248
19.5,13,4,12,249
19.5,13,4,13,250
19.5,13,4,14,251
19.5,13,4,15,252
19.5,13,5,0,237
19.5,13,5,1,238
19.5,13,5,2,239
19.5,13,5,3,240
19.5,13,5,4,241
19.5,13,5,5,243
19.5,13,5,6,244
19.5,13,5,7,245
19.5,13,5,8,246
19.5,13,5,9,247
19.5,13,5,10,248
19.5,13,5,11,249
19.5,13,5,12,250
19.5,13,5,13,252
19.5,13,5,14,253
19.5,13,5,15,254
19.5,13,6,0,238
19.5,13,6,1,239
19.5,13,6,2,241
19.5,13,6,3,242
19.5,13,6,4,243
19.5,13,6,5,244
19.5,13,6,6,245
19.5,13,6,7,246
19.5,13,6,8,247
19.5,13,6,9,249
19.5,13,6,10,250
19.5,13,6,11,251
19.5,13,6,12,252
19.5,13,6,13,253
19.5,13,6,14,254
19.5,13,6,15,255
19.5,13,7,0,240
19.5,13,7,1,241
19.5,13,7,2,242
19.5,13,7,3,243
19.5,13,7,4,244
19.5,13,7,5,245
19.5,13,7,6,247
19.5,13,7,7,248
19.5,13,7,8,249
19.5,13,7,9,250
19.5,13,7,10,251
19.5,13,7,11,252
19.5,13,7,12,253
19.5,13,7,13,254
19.5,13,7,14,255
19.5,13,7,15,257
19.5,13,8,0,241
19.5,13,8,1,242
19.5,13,8,2,243
19.5,13,8,3,244
19.5,13,8,4,246
19.5,13,8,5,247
19.5,13,8,6,248
19.5,13,8,7,249
19.5,13,8,8,250
19.5,13,8,9,251
19.5,13,8,10,252
19.5,13,8,11,254
19.5,13,8,12,255
19.5,13,8,13,256
19.5,13,8,14,257
19.5,13,8,15,258
19.5,13,9,0,242
19.5,13,9,1,243
19.5,13,9,2,245
19.5,13,9,3,246
19.5,13,9,4,247
19.5,13,9,5,248
19.5,13,9,6,249
19.5,13,9,7,250
19.5,13,9,8,252
19.5,13,9,9,253
19.5,13,9,10,254
19.5,13,9,11,255
19.5,13,9,12,256
19.5,13,9,13,257
19.5,13,9,14,258
19.5,13,9,15,259
19.5,13,10,0,244
19.5,13,10,1,245
19.5,13,10,2,246
19.5,13,10,3,247
19.5,13,10,4,248
19.5,13,10,5,249
19.5,13,10,6,251
19.5,13,10,7,252
19.5,13,10,8,253
19.5,13,10,9,254
19.5,13,10,10,255
19.5,13,10,11,256
19.5,13,10,12,257
19.5,13,10,13,259
19.5,13,10,14,260
19.5,13,10,15,261
19.5,13,11,0,245
19.5,13,11,1,246
19.5,13,11,2,247
19.5,13,11,3,248
19.5,13,11,4,250
19.5,13,11,5,251
19.5,13,11,6,252
19.5,13,11,7,253
19.5,13,11,8,254
19.5,13,11,9,255
19.5,13,11,10,257
19.5,13,11,11,258
19.5,13,11,12,259
19.5,13,11,13,260
19.5,13,11,14,261
19.5,13,11,15,262
19.5,13,12,0,246
19.5,13,12,1,247
19.5,13,12,2,249
19.5,13,12,3,250
19.5,13,12,4,251
19.5,13,12,5,252
19.5,13,12,6,253
19.5,13,12,7,254
19.5,13,12,8,256
19.5,13,12,9,257
19.5,13,12,10,258
19.5,13,12,11,259
19.5,13,12,12,260
19.5,13,12,13,261
19.5,13,12,14,263
19.5,13,12,15,264
19.5,13,13,0,247
19.5,13,13,1,249
19.5,13,13,2,250
19.5,13,13,3,251
19.5,13,13,4,252
19.5,13,13,5,253
19.5,13,13,6,255
19.5,13,13,7,256
19.5,13,13,8,257
19.5,13,13,9,258
19.5,13,13,10,259
19.5,13,13,11,260
19.5,13,13,12,262
19.5,13,13,13,263
19.5,13,13,14,264
19.5,13,13,15,265
19.5,13,14,0,249
19.5,13,14,1,250
19.5,13,14,2,251
19.5,13,14,3,252
19.5,13,14,4,254
19.5,13,14,5,255
19.5,13,14,6,256
19.5,13,14,7,257
19.5,13,14,8,258
19.5,13,14,9,259
19.5,13,14,10,261
19.5,13,14,11,262
19.5,13,14,12,263
19.5,13,14,13,264
19.5,13,14,14,265
19.5,13,14,15,266
19.5,13,15,0,250
19.5,13,15,1,251
19.5,13,15,2,252
19.5,13,15,3,254
19.5,13,15,4,255
19.5,13,15,5,256
19.5,13,15,6,257
19.5,13,15,7,258
19.5,13,15,8,260
19.5,13,15,9,261
19.5,13,15,10,262
19.5,13,15,11,263
19.5,13,15,12,264
19.5,13,15,13,265
19.5,13,15,14,267
19.5,13,15,15,268
19.5,14,0,0,233
19.5,14,0,1,234
19.5,14,0,2,236
19.5,14,0,3,237
19.5,14,0,4,238
19.5,14,0,5,239
19.5,14,0,6,240
19.5,14,0,7,241
19.5,14,0,8,242
19.5,14,0,9,243
19.5,14,0,10,244
19.5,14,0,11,246
19.5,14,0,12,247
19.5,14,0,13,248
19.5,14,0,14,249
19.5,14,0,15,250
19.5,14,1,0,235
19.5,14,1,1,236
19.5,14,1,2,237
19.5,14,1,3,238
19.5,14,1,4,239
19.5,14,1,5,240
19.5,14,1,6,241
19.5,14,1,7,243
19.5,14,1,8,244
19.5,14,1,9,245
19.5,14,1,10,246
19.5,14,1,11,247
19.5,14,1,12,248
19.5,14,1,13,249
19.5,14,1,14,250
19.5,14,1,15,251
19.5,14,2,0,236
19.5,14,2,1,237
19.5,14,2,2,238
19.5,14,2,3,239
19.5,14,2,4,241
19.5,14,2,5,242
19.5,14,2,6,243
19.5,14,2,7,244
19.5,14,2,8,245
19.5,14,2,9,246
19.5,14,2,10,247
19.5,14,2,11,248
19.5,14,2,12,250
19.5,14,2,13,251
19.5,14,2,14,252
19.5,14,2,15,253
19.5,14,3,0,237
19.5,14,3,1,239
19.5,14,3,2,240
19.5,14,3,3,241
19.5,14,3,4,242
19.5,14,3,5,243
19.5,14,3,6,244
19.5,14,3,7,245
19.5,14,3,8,247
19.5,14,3,9,248
19.5,14,3,10,249
19.5,14,3,11,250
19.5,14,3,12,251
19.5,14,3,13,252
19.5,14,3,14,253
19.5,14,3,15,254
19.5,14,4,0,239
19.5,14,4,1,240
19.5,14,4,2,241
19.5,14,4,3,242
19.5,14,4,4,243
19.5,14,4,5,245
19.5,14,4,6,246
19.5,14,4,7,247
19.5,14,4,8,248
19.5,14,4,9,249
19.5,14,4,10,250
19.5,14,4,11,251
19.5,14,4,12,252
19.5,14,4,13,254
19.5,14,4,14,255
19.5,14,4,15,256
19.5,14,5,0,240
19.5,14,5,1,241
19.5,14,5,2,243
19.5,14,5,3,244
19.5,14,5,4,245
19.5,14,5,5,246
19.5,14,5,6,247
19.5,14,5,7,248
19.5,14,5,8,249
19.5,14,5,9,251
19.5,14,5,10,252
19.5,14,5,11,253
19.5,14,5,12,254
19.5,14,5,13,255
19.5,14,5,14,256
19.5,14,5,15,257
19.5,14,6,0,242
19.5,14,6,1,243
19.5,14,6,2,244
19.5,14,6,3,245
19.5,14,6,4,246
19.5,14,6,5,247
19.5,14,6,6,249
19.5,14,6,7,250
19.5,14,6,8,251
19.5,14,6,9,252
19.5,14,6,10,253
19.5,14,6,11,254
19.5,14,6,12,255
19.5,14,6,13,256
19.5,14,6,14,258
19.5,14,6,15,259
19.5,14,7,0,243
19.5,14,7,1,244
19.5,14,7,2,245
19.5,14,7,3,246
19.5,14,7,4,248
19.5,14,7,5,249
19.5,14,7,6,250
19.5,14,7,7,251
19.5,14,7,8,252
19.5,14,7,9,253
19.5,14,7,10,255
19.5,14,7,11,256
19.5,14,7,12,257
19.5,14,7,13,258
19.5,14,7,14,259
19.5,14,7,15,260
19.5,14,8,0,244
19.5,14,8,1,245
19.5,14,8,2,247
19.5,14,8,3,248
19.5,14,8,4,249
19.5,14,8,5,250
19.5,14,8,6,251
19.5,14,8,7,252
19.5,14,8,8,254
19.5,14,8,9,255
19.5,14,8,10,256
19.5,14,8,11,257
19.5,14,8,12,258
19.5,14,8,13,259
19.5,14,8,14,260
19.5,14,8,15,262
19.5,14,9,0,246
19.5,14,9,1,247
19.5,14,9,2,248
19.5,14,9,3,249
19.5,14,9,4,250
19.5,14,9,5,252
19.5,14,9,6,253
19.5,14,9,7,254
19.5,14,9,8,255
19.5,14,9,9,256
19.5,14,9,10,257
19.5,14,9,11,258
19.5,14,9,12,260
19.5,14,9,13,261
19.5,14,9,14,262
19.5,14,9,15,263
19.5,14,10,0,247
19.5,14,10,1,248
19.5,14,10,2,249
19.5,14,10,3,251
19.5,14,10,4,252
19.5,14,10,5,253
19.5,14,10,6,254
19.5,14,10,7,255
19.5,14,10,8,256
19.5,14,10,9,258
19.5,14,10,10,259
19.5,14,10,11,260
19.5,14,10,12,261
19.5,14,10,13,262
19.5,14,10,14,263
19.5,14,10,15,264
19.5,14,11,0,248
19.5,14,11,1,249
19.5,14,11,2,251
19.5,14,11,3,252
19.5,14,11,4,253
19.5,14,11,5,254
19.5,14,11,6,255
19.5,14,11,7,257
19.5,14,11,8,258
19.5,14,11,9,259
19.5,14,11,10,260
19.5,14,11,11,261
19.5,14,11,12,262
19.5,14,11,13,264
19.5,14,11,14,265
19.5,14,11,15,266
19.5,14,12,0,250
19.5,14,12,1,251
19.5,14,12,2,252
19.5,14,12,3,253
19.5,14,12,4,254
19.5,14,12,5,256
19.5,14,12,6,257
19.5,14,12,7,258
19.5,14,12,8,259
19.5,14,12,9,260
19.5,14,12,10,262
19.5,14,12,11,263
19.5,14,12,12,264
19.5,14,12,13,265
19.5,14,12,14,266
19.5,14,12,15,267
19.5,14,13,0,251
19.5,14,13,1,252
19.5,14,13,2,253
19.5,14,13,3,255
19.5,14,13,4,256
19.5,14,13,5,257
19.5,14,13,6,258
19.5,14,13,7,259
19.5,14,13,8,261
19.5,14,13,9,262
19.5,14,13,10,263
19.5,14,13,11,264
19.5,14,13,12,265
19.5,14,13,13,266
19.5,14,13,14,268
19.5,14,13,15,269
19.5,14,14,0,252
19.5,14,14,1,253
19.5,14,14,2,255
19.5,14,14,3,256
19.5,14,14,4,257
19.5,14,14,5,258
19.5,14,14,6,259
19.5,14,14,7,261
19.5,14,14,8,262
19.5,14,14,9,263
19.5,14,14,10,264
19.5,14,14,11,265
19.5,14,14,12,267
19.5,14,14,13,268
19.5,14,14,14,269
19.5,14,14,15,270
19.5,14,15,0,253
19.5,14,15,1,255
19.5,14,15,2,256
19.5,14,15,3,257
19.5,14,15,4,258
19.5,14,15,5,260
19.5,14,15,6,261
19.5,14,15,7,262
19.5,14,15,8,263
19.5,14,15,9,264
19.5,14,15,10,266
19.5,14,15,11,267
19.5,14,15,12,268
19.5,14,15,13,269
19.5,14,15,14,270
19.5,14,15,15,271
19.5,15,0,0,236
19.5,15,0,1,238
19.5,15,0,2,239
19.5,15,0,3,240
19.5,15,0,4,241
19.5,15,0,5,242
19.5,15,0,6,243
19.5,15,0,7,244
19.5,15,0,8,246
19.5,15,0,9,247
19.5,15,0,10,248
19.5,15,0,11,249
19.5,15,0,12,250
19.5,15,0,13,251
19.5,15,0,14,252
19.5,15,0,15,253
19.5,15,1,0,238
19.5,15,1,1,239
19.5,15,1,2,240
19.5,15,1,3,241
19.5,15,1,4,242
19.5,15,1,5,244
19.5,15,1,6,245
19.5,15,1,7,246
19.5,15,1,8,247
19.5,15,1,9,248
19.5,15,1,10,249
19.5,15,1,11,250
19.5,15,1,12,251
19.5,15,1,13,253
19.5,15,1,14,254
19.5,15,1,15,255
19.5,15,2,0,239
19.5,15,2,1,240
19.5,15,2,2,242
19.5,15,2,3,243
19.5,15,2,4,244
19.5,15,2,5,245
19.5,15,2,6,246
19.5,15,2,7,247
19.5,15,2,8,248
19.5,15,2,9,250
19.5,15,2,10,251
19.5,15,2,11,252
19.5,15,2,12,253
19.5,15,2,13,254
19.5,15,2,14,255
19.5,15,2,15,256
19.5,15,3,0,241
19.5,15,3,1,242
19.5,15,3,2,243
19.5,15,3,3,244
19.5,15,3,4,245
19.5,15,3,5,247
19.5,15,3,6,248
19.5,15,3,7,249
19.5,15,3,8,250
19.5,15,3,9,251
19.5,15,3,10,252
19.5,15,3,11,253
19.5,15,3,12,254
19.5,15,3,13,256
19.5,15,3,14,257
19.5,15,3,15,258
19.5,15,4,0,242
19.5,15,4,1,243
19.5,15,4,2,244
19.5,15,4,3,246
19.5,15,4,4,247
19.5,15,4,5,248
19.5,15,4,6,249
19.5,15,4,7,250
19.5,15,4,8,251
19.5,15,4,9,253
19.5,15,4,10,254
19.5,15,4,11,255
19.5,15,4,12,256
19.5,15,4,13,257
19.5,15,4,14,258
19.5,15,4,15,259
19.5,15,5,0,243
19.5,15,5,1,245
19.5,15,5,2,246
19.5,15,5,3,247
19.5,15,5,4,248
19.5,15,5,5,249
19.5,15,5,6,251
19.5,15,5,7,252
19.5,15,5,8,253
19.5,15,5,9,254
19.5,15,5,10,255
19.5,15,5,11,256
19.5,15,5,12,257
19.5,15,5,13,259
19.5,15,5,14,260
19.5,15,5,15,261
19.5,15,6,0,245
19.5,15,6,1,246
19.5,15,6,2,247
19.5,15,6,3,248
19.5,15,6,4,250
19.5,15,6,5,251
19.5,15,6,6,252
19.5,15,6,7,253
19.5,15,6,8,254
19.5,15,6,9,255
19.5,15,6,10,257
19.5,15,6,11,258
19.5,15,6,12,259
19.5,15,6,13,260
19.5,15,6,14,261
19.5,15,6,15,262
19.5,15,7,0,246
19.5,15,7,1,247
19.5,15,7,2,249
19.5,15,7,3,250
19.5,15,7,4,251
19.5,15,7,5,252
19.5,15,7,6,253
19.5,15,7,7,255
19.5,15,7,8,256
19.5,15,7,9,257
19.5,15,7,10,258
19.5,15,7,11,259
19.5,15,7,12,260
19.5,15,7,13,261
19.5,15,7,14,263
19.5,15,7,15,264
19.5,15,8,0,248
19.5,15,8,1,249
19.5,15,8,2,250
19.5,15,8,3,251
19.5,15,8,4,252
19.5,15,8,5,254
19.5,15,8,6,255
19.5,15,8,7,256
19.5,15,8,8,257
19.5,15,8,9,258
19.5,15,8,10,259
19.5,15,8,11,261
19.5,15,8,12,262
19.5,15,8,13,263
19.5,15,8,14,264
19.5,15,8,15,265
19.5,15,9,0,249
19.5,15,9,1,250
19.5,15,9,2,251
19.5,15,9,3,253
19.5,15,9,4,254
19.5,15,9,5,255
19.5,15,9,6,256
19.5,15,9,7,257
19.5,15,9,8,259
19.5,15,9,9,260
19.5,15,9,10,261
19.5,15,9,11,262
19.5,15,9,12,263
19.5,15,9,13,264
19.5,15,9,14,266
19.5,15,9,15,267
19.5,15,10,0,250
19.5,15,10,1,252
19.5,15,10,2,253
19.5,15,10,3,254
19.5,15,10,4,255
19.5,15,10,5,256
19.5,15,10,6,258
19.5,15,10,7,259
19.5,15,10,8,260
19.5,15,10,9,261
19.5,15,10,10,262
19.5,15,10,11,263
19.5,15,10,12,265
19.5,15,10,13,266
19.5,15,10,14,267
19.5,15,10,15,268
19.5,15,11,0,252
19.5,15,11,1,253
19.5,15,11,2,254
19.5,15,11,3,255
19.5,15,11,4,257
19.5,15,11,5,258
19.5,15,11,6,259
19.5,15,11,7,260
19.5,15,11,8,261
19.5,15,11,9,263
19.5,15,11,10,264
19.5,15,11,11,265
19.5,15,11,12,266
19.5,15,11,13,267
19.5,15,11,14,268
19.5,15,11,15,270
19.5,15,12,0,253
19.5,15,12,1,254
19.5,15,12,2,255
19.5,15,12,3,257
19.5,15,12,4,258
19.5,15,12,5,259
19.5,15,12,6,260
19.5,15,12,7,262
19.5,15,12,8,263
19.5,15,12,9,264
19.5,15,12,10,265
19.5,15,12,11,266
19.5,15,12,12,267
19.5,15,12,13,269
19.5,15,12,14,270
19.5,15,12,15,271
19.5,15,13,0,254
19.5,15,13,1,256
19.5,15,13,2,257
19.5,15,13,3,258
19.5,15,13,4,259
19.5,15,13,5,260
19.5,15,13,6,262
19.5,15,13,7,263
19.5,15,13,8,264
19.5,15,13,9,265
19.5,15,13,10,267
19.5,15,13,11,268
19.5,15,13,12,269
19.5,15,13,13,270
19.5,15,13,14,271
19.5,15,13,15,272
19.5,15,14,0,256
19.5,15,14,1,257
19.5,15,14,2,258
19.5,15,14,3,259
19.5,15,14,4,261
19.5,15,14,5,262
19.5,15,14,6,263
19.5,15,14,7,264
19.5,15,14,8,265
19.5,15,14,9,267
19.5,15,14,10,268
19.5,15,14,11,269
19.5,15,14,12,270
19.5,15,14,13,271
19.5,15,14,14,273
19.5,15,14,15,274
19.5,15,15,0,257
19.5,15,15,1,258
19.5,15,15,2,259
19.5,15,15,3,261
19.5,15,15,4,262
19.5,15,15,5,263
19.5,15,15,6,264
19.5,15,15,7,266
19.5,15,15,8,267
19.5,15,15,9,268
19.5,15,15,10,269
19.5,15,15,11,270
19.5,15,15,12,272
19.5,15,15,13,273
19.5,15,15,14,274
19.5,15,15,15,275
20.0,0,0,0,193
20.0,0,0,1,194
20.0,0,0,2,195
20.0,0,0,3,196
20.0,0,0,4,197
20.0,0,0,5,198
20.0,0,0,6,199
20.0,0,0,7,200
20.0,0,0,8,201
20.0,0,0,9,202
20.0,0,0,10,203
20.0,0,0,11,203
20.0,0,0,12,204
20.0,0,0,13,205
20.0,0,0,14,206
20.0,0,0,15,207
20.0,0,1,0,194
20.0,0,1,1,195
20.0,0,1,2,196
20.0,0,1,3,197
20.0,0,1,4,198
20.0,0,1,5,199
20.0,0,1,6,200
20.0,0,1,7,201
20.0,0,1,8,202
20.0,0,1,9,203
20.0,0,1,10,204
20.0,0,1,11,205
20.0,0,1,12,206
20.0,0,1,13,206
20.0,0,1,14,207
20.0,0,1,15,208
20.0,0,2,0,196
20.0,0,2,1,197
20.0,0,2,2,197
20.0,0,2,3,198
20.0,0,2,4,199
20.0,0,2,5,200
20.0,0,2,6,201
20.0,0,2,7,202
20.0,0,2,8,203
20.0,0,2,9,204
20.0,0,2,10,205
20.0,0,2,11,206
20.0,0,2,12,207
20.0,0,2,13,208
20.0,0,2,14,209
20.0,0,2,15,209
20.0,0,3,0,197
20.0,0,3,1,198
20.0,0,3,2,199
20.0,0,3,3,200
20.0,0,3,4,201
20.0,0,3,5,201
20.0,0,3,6,202
20.0,0,3,7,203
20.0,0,3,8,204
20.0,0,3,9,205
20.0,0,3,10,206
20.0,0,3,11,207
20.0,0,3,12,208
20.0,0,3,13,209
20.0,0,3,14,210
20.0,0,3,15,211
20.0,0,4,0,198
20.0,0,4,1,199
20.0,0,4,2,200
20.0,0,4,3,201
20.0,0,4,4,202
20.0,0,4,5,203
20.0,0,4,6,204
20.0,0,4,7,205
20.0,0,4,8,205
20.0,0,4,9,206
20.0,0,4,10,207
20.0,0,4,11,208
20.0,0,4,12,209
20.0,0,4,13,210
20.0,0,4,14,211
20.0,0,4,15,212
20.0,0,5,0,199
20.0,0,5,1,200
20.0,0,5,2,201
20.0,0,5,3,202
20.0,0,5,4,203
20.0,0,5,5,204
20.0,0,5,6,205
20.0,0,5,7,206
20.0,0,5,8,207
20.0,0,5,9,208
20.0,0,5,10,209
20.0,0,5,11,209
20.0,0,5,12,210
20.0,0,5,13,211
20.0,0,5,14,212
20.0,0,5,15,213
20.0,0,6,0,200
20.0,0,6,1,201
20.0,0,6,2,202
20.0,0,6,3,203
20.0,0,6,4,204
20.0,0,6,5,205
20.0,0,6,6,206
20.0,0,6,7,207
20.0,0,6,8,208
20.0,0,6,9,209
20.0,0,6,10,210
20.0,0,6,11,211
20.0,0,6,12,212
20.0,0,6,13,213
20.0,0,6,14,213
20.0,0,6,15,214
20.0,0,7,0,201
20.0,0,7,1,202
20.0,0,7,2,203
20.0,0,7,3,204
20.0,0,7,4,205
20.0,0,7,5,206
20.0,0,7,6,207
20.0,0,7,7,208
20.0,0,7,8,209
20.0,0,7,9,210
20.0,0,7,10,211
20.0,0,7,11,212
20.0,0,7,12,213
20.0,0,7,13,214
20.0,0,7,14,215
20.0,0,7,15,216
20.0,0,8,0,202
20.0,0,8,1,203
20.0,0,8,2,204
20.0,0,8,3,205
20.0,0,8,4,206
20.0,0,8,5,207
20.0,0,8,6,208
20.0,0,8,7,209
20.0,0,8,8,210
20.0,0,8,9,211
20.0,0,8,10,212
20.0,0,8,11,213
20.0,0,8,12,214
20.0,0,8,13,215
20.0,0,8,14,216
20.0,0,8,15,217
20.0,0,9,0,203
20.0,0,9,1,204
20.0,0,9,2,205
20.0,0,9,3,206
20.0,0,9,4,207
20.0,0,9,5,208
20.0,0,9,6,209
20.0,0,9,7,210
20.0,0,9,8,211
20.0,0,9,9,212
20.0,0,9,10,213
20.0,0,9,11,214
20.0,0,9,12,215
20.0,0,9,13,216
20.0,0,9,14,217
20.0,0,9,15,218
20.0,0,10,0,205
20.0,0,10,1,206
20.0,0,10,2,207
20.0,0,10,3,208
20.0,0,10,4,209
20.0,0,10,5,210
20.0,0,10,6,211
20.0,0,10,7,212
20.0,0,10,8,212
20.0,0,10,9,213
20.0,0,10,10,214
20.0,0,10,11,215
20.0,0,10,12,216
20.0,0,10,13,217
20.0,0,10,14,218
20.0,0,10,15,219
20.0,0,11,0,206
20.0,0,11,1,207
20.0,0,11,2,208
20.0,0,11,3,209
20.0,0,11,4,210
20.0,0,11,5,211
20.0,0,11,6,212
20.0,0,11,7,213
20.0,0,11,8,214
20.0,0,11,9,215
20.0,0,11,10,216
20.0,0,11,11,217
20.0,0,11,12,217
20.0,0,11,13,218
20.0,0,11,14,219
20.0,0,11,15,220
20.0,0,12,0,207
20.0,0,12,1,208
20.0,0,12,2,209
20.0,0,12,3,210
20.0,0,12,4,211
20.0,0,12,5,212
20.0,0,12,6,213
20.0,0,12,7,214
20.0,0,12,8,215
20.0,0,12,9,216
20.0,0,12,10,217
20.0,0,12,11,218
20.0,0,12,12,219
20.0,0,12,13,220
20.0,0,12,14,221
20.0,0,12,15,221
20.0,0,13,0,208
20.0,0,13,1,209
20.0,0,13,2,210
20.0,0,13,3,211
20.0,0,13,4,212
20.0,0,13,5,213
20.0,0,13,6,214
20.0,0,13,7,215
20.0,0,13,8,216
20.0,0,13,9,217
20.0,0,13,10,218
20.0,0,13,11,219
20.0,0,13,12,220
20.0,0,13,13,221
20.0,0,13,14,222
20.0,0,13,15,223
20.0,0,14,0,209
20.0,0,14,1,210
20.0,0,14,2,211
20.0,0,14,3,212
20.0,0,14,4,213
20.0,0,14,5,214
20.0,0,14,6,215
20.0,0,14,7,216
20.0,0,14,8,217
20.0,0,14,9,218
20.0,0,14,10,219
20.0,0,14,11,220
20.0,0,14,12,221
20.0,0,14,13,222
20.0,0,14,14,223
20.0,0,14,15,224
20.0,0,15,0,210
20.0,0,15,1,211
20.0,0,15,2,212
20.0,0,15,3,213
20.0,0,15,4,214
20.0,0,15,5,215
20.0,0,15,6,216
20.0,0,15,7,217
20.0,0,15,8,218
20.0,0,15,9,219
20.0,0,15,10,220
20.0,0,15,11,221
20.0,0,15,12,222
20.0,0,15,13,223
20.0,0,15,14,224
20.0,0,15,15,225
20.0,1,0,0,197
20.0,1,0,1,197
20.0,1,0,2,198
20.0,1,0,3,199
20.0,1,0,4,200
20.0,1,0,5,201
20.0,1,0,6,202
20.0,1,0,7,203
20.0,1,0,8,204
20.0,1,0,9,205
20.0,1,0,10,206
20.0,1,0,11,207
20.0,1,0,12,208
20.0,1,0,13,209
20.0,1,0,14,210
20.0,1,0,15,211
20.0,1,1,0,198
20.0,1,1,1,199
20.0,1,1,2,200
20.0,1,1,3,201
20.0,1,1,4,202
20.0,1,1,5,203
20.0,1,1,6,203
20.0,1,1,7,204
20.0,1,1,8,205
20.0,1,1,9,206
20.0,1,1,10,207
20.0,1,1,11,208
20.0,1,1,12,209
20.0,1,1,13,210
20.0,1,1,14,211
20.0,1,1,15,212
20.0,1,2,0,199
20.0,1,2,1,200
20.0,1,2,2,201
20.0,1,2,3,202
20.0,1,2,4,203
20.0,1,2,5,204
20.0,1,2,6,205
20.0,1,2,7,206
20.0,1,2,8,207
20.0,1,2,9,207
20.0,1,2,10,208
20.0,1,2,11,209
20.0,1,2,12,210
20.0,1,2,13,211
20.0,1,2,14,212
20.0,1,2,15,213
20.0,1,3,0,200
20.0,1,3,1,201
20.0,1,3,2,202
20.0,1,3,3,203
20.0,1,3,4,204
20.0,1,3,5,205
20.0,1,3,6,206
20.0,1,3,7,207
20.0,1,3,8,208
20.0,1,3,9,209
20.0,1,3,10,210
20.0,1,3,11,211
20.0,1,3,12,212
20.0,1,3,13,212
20.0,1,3,14,213
20.0,1,3,15,214
20.0,1,4,0,201
20.0,1,4,1,202
20.0,1,4,2,203
20.0,1,4,3,204
20.0,1,4,4,205
20.0,1,4,5,206
20.0,1,4,6,207
20.0,1,4,7,208
20.0,1,4,8,209
20.0,1,4,9,210
20.0,1,4,10,211
20.0,1,4,11,212
20.0,1,4,12,213
20.0,1,4,13,214
20.0,1,4,14,215
20.0,1,4,15,216
20.0,1,5,0,202
20.0,1,5,1,203
20.0,1,5,2,204
20.0,1,5,3,205
20.0,1,5,4,206
20.0,1,5,5,207
20.0,1,5,6,208
20.0,1,5,7,209
20.0,1,5,8,210
20.0,1,5,9,211
20.0,1,5,10,212
20.0,1,5,11,213
20.0,1,5,12,214
20.0,1,5,13,215
20.0,1,5,14,216
20.0,1,5,15,217
20.0,1,6,0,204
20.0,1,6,1,205
20.0,1,6,2,206
20.0,1,6,3,207
20.0,1,6,4,207
20.0,1,6,5,208
20.0,1,6,6,209
20.0,1,6,7,210
20.0,1,6,8,211
20.0,1,6,9,212
20.0,1,6,10,213
20.0,1,6,11,214
20.0,1,6,12,215
20.0,1,6,13,216
20.0,1,6,14,217
20.0,1,6,15,218
20.0,1,7,0,205
20.0,1,7,1,206
20.0,1,7,2,207
20.0,1,7,3,208
20.0,1,7,4,209
20.0,1,7,5,210
20.0,1,7,6,211
20.0,1,7,7,212
20.0,1,7,8,213
20.0,1,7,9,214
20.0,1,7,10,214
20.0,1,7,11,215
20.0,1,7,12,216
20.0,1,7,13,217
20.0,1,7,14,218
20.0,1,7,15,219
20.0,1,8,0,206
20.0,1,8,1,207
20.0,1,8,2,208
20.0,1,8,3,209
20.0,1,8,4,210
20.0,1,8,5,211
20.0,1,8,6,212
20.0,1,8,7,213
20.0,1,8,8,214
20.0,1,8,9,215
20.0,1,8,10,216
20.0,1,8,11,217
20.0,1,8,12,218
20.0,1,8,13,219
20.0,1,8,14,220
20.0,1,8,15,220
20.0,1,9,0,207
20.0,1,9,1,208
20.0,1,9,2,209
20.0,1,9,3,210
20.0,1,9,4,211
20.0,1,9,5,212
20.0,1,9,6,213
20.0,1,9,7,214
20.0,1,9,8,215
20.0,1,9,9,216
20.0,1,9,10,217
20.0,1,9,11,218
20.0,1,9,12,219
20.0,1,9,13,220
20.0,1,9,14,221
20.0,1,9,15,222
20.0,1,10,0,208
20.0,1,10,1,209
20.0,1,10,2,210
20.0,1,10,3,211
20.0,1,10,4,212
20.0,1,10,5,213
20.0,1,10,6,214
20.0,1,10,7,215
20.0,1,10,8,216
20.0,1,10,9,217
20.0,1,10,10,218
20.0,1,10,11,219
20.0,1,10,12,220
20.0,1,10,13,221
20.0,1,10,14,222
20.0,1,10,15,223
20.0,1,11,0,209
20.0,1,11,1,210
20.0,1,11,2,211
20.0,1,11,3,212
20.0,1,11,4,213
20.0,1,11,5,214
20.0,1,11,6,215
20.0,1,11,7,216
20.0,1,11,8,217
20.0,1,11,9,218
20.0,1,11,10,219
20.0,1,11,11,220
20.0,1,11,12,221
20.0,1,11,13,222
20.0,1,11,14,223
20.0,1,11,15,224
20.0,1,12,0,210
20.0,1,12,1,211
20.0,1,12,2,212
20.0,1,12,3,213
20.0,1,12,4,214
20.0,1,12,5,215
20.0,1,12,6,216
20.0,1,12,7,217
20.0,1,12,8,218
20.0,1,12,9,219
20.0,1,12,10,220
20.0,1,12,11,221
20.0,1,12,12,222
20.0,1,12,13,223
20.0,1,12,14,224
20.0,1,12,15,225
20.0,1,13,0,211
20.0,1,13,1,212
20.0,1,13,2,213
20.0,1,13,3,214
20.0,1,13,4,216
20.0,1,13,5,217
20.0,1,13,6,218
20.0,1,13,7,219
20.0,1,13,8,220
20.0,1,13,9,221
20.0,1,13,10,222
20.0,1,13,11,223
20.0,1,13,12,224
20.0,1,13,13,224
20.0,1,13,14,225
20.0,1,13,15,226
20.0,1,14,0,212
20.0,1,14,1,214
20.0,1,14,2,215
20.0,1,14,3,216
20.0,1,14,4,217
20.0,1,14,5,218
20.0,1,14,6,219
20.0,1,14,7,220
20.0,1,14,8,221
20.0,1,14,9,222
20.0,1,14,10,223
20.0,1,14,11,224
20.0,1,14,12,225
20.0,1,14,13,226
20.0,1,14,14,227
20.0,1,14,15,228
20.0,1,15,0,214
20.0,1,15,1,215
20.0,1,15,2,216
20.0,1,15,3,217
20.0,1,15,4,218
20.0,1,15,5,219
20.0,1,15,6,220
20.0,1,15,7,221
20.0,1,15,8,222
20.0,1,15,9,223
20.0,1,15,10,224
20.0,1,15,11,225
20.0,1,15,12,226
20.0,1,15,13,227
20.0,1,15,14,228
20.0,1,15,15,229
20.0,2,0,0,200
20.0,2,0,1,201
20.0,2,0,2,202
20.0,2,0,3,203
20.0,2,0,4,204
20.0,2,0,5,205
20.0,2,0,6,206
20.0,2,0,7,207
20.0,2,0,8,208
20.0,2,0,9,208
20.0,2,0,10,209
20.0,2,0,11,210
20.0,2,0,12,211
20.0,2,0,13,212
20.0,2,0,14,213
20.0,2,0,15,214
20.0,2,1,0,201
20.0,2,1,1,202
20.0,2,1,2,203
20.0,2,1,3,204
20.0,2,1,4,205
20.0,2,1,5,206
20.0,2,1,6,207
20.0,2,1,7,208
20.0,2,1,8,209
20.0,2,1,9,210
20.0,2,1,10,211
20.0,2,1,11,212
20.0,2,1,12,213
20.0,2,1,13,213
20.0,2,1,14,214
20.0,2,1,15,215
20.0,2,2,0,202
20.0,2,2,1,203
20.0,2,2,2,204
20.0,2,2,3,205
20.0,2,2,4,206
20.0,2,2,5,207
20.0,2,2,6,208
20.0,2,2,7,209
20.0,2,2,8,210
20.0,2,2,9,211
20.0,2,2,10,212
20.0,2,2,11,213
20.0,2,2,12,214
20.0,2,2,13,215
20.0,2,2,14,216
20.0,2,2,15,217
20.0,2,3,0,203
20.0,2,3,1,204
20.0,2,3,2,205
20.0,2,3,3,206
20.0,2,3,4,207
20.0,2,3,5,208
20.0,2,3,6,209
20.0,2,3,7,210
20.0,2,3,8,211
20.0,2,3,9,212
20.0,2,3,10,213
20.0,2,3,11,214
20.0,2,3,12,215
20.0,2,3,13,216
20.0,2,3,14,217
20.0,2,3,15,218
20.0,2,4,0,205
20.0,2,4,1,206
20.0,2,4,2,207
20.0,2,4,3,208
20.0,2,4,4,209
20.0,2,4,5,210
20.0,2,4,6,211
20.0,2,4,7,211
20.0,2,4,8,212
20.0,2,4,9,213
20.0,2,4,10,214
20.0,2,4,11,215
20.0,2,4,12,216
20.0,2,4,13,217
20.0,2,4,14,218
20.0,2,4,15,219
20.0,2,5,0,206
20.0,2,5,1,207
20.0,2,5,2,208
20.0,2,5,3,209
20.0,2,5,4,210
20.0,2,5,5,211
20.0,2,5,6,212
20.0,2,5,7,213
20.0,2,5,8,214
20.0,2,5,9,215
20.0,2,5,10,216
20.0,2,5,11,217
20.0,2,5,12,218
20.0,2,5,13,219
20.0,2,5,14,219
20.0,2,5,15,220
20.0,2,6,0,207
20.0,2,6,1,208
20.0,2,6,2,209
20.0,2,6,3,210
20.0,2,6,4,211
20.0,2,6,5,212
20.0,2,6,6,213
20.0,2,6,7,214
20.0,2,6,8,215
20.0,2,6,9,216
20.0,2,6,10,217
20.0,2,6,11,218
20.0,2,6,12,219
20.0,2,6,13,220
20.0,2,6,14,221
20.0,2,6,15,222
20.0,2,7,0,208
20.0,2,7,1,209
20.0,2,7,2,210
20.0,2,7,3,211
20.0,2,7,4,212
20.0,2,7,5,213
20.0,2,7,6,214
20.0,2,7,7,215
20.0,2,7,8,216
20.0,2,7,9,217
20.0,2,7,10,218
20.0,2,7,11,219
20.0,2,7,12,220
20.0,2,7,13,221
20.0,2,7,14,222
20.0,2,7,15,223
20.0,2,8,0,209
20.0,2,8,1,210
20.0,2,8,2,211
20.0,2,8,3,212
20.0,2,8,4,213
20.0,2,8,5,214
20.0,2,8,6,215
20.0,2,8,7,216
20.0,2,8,8,217
20.0,2,8,9,218
20.0,2,8,10,219
20.0,2,8,11,220
20.0,2,8,12,221
20.0,2,8,13,222
20.0,2,8,14,223
20.0,2,8,15,224
20.0,2,9,0,210
20.0,2,9,1,211
20.0,2,9,2,212
20.0,2,9,3,213
20.0,2,9,4,214
20.0,2,9,5,215
20.0,2,9,6,217
20.0,2,9,7,218
20.0,2,9,8,219
20.0,2,9,9,219
20.0,2,9,10,220
20.0,2,9,11,221
20.0,2,9,12,222
20.0,2,9,13,223
20.0,2,9,14,224
20.0,2,9,15,225
20.0,2,10,0,212
20.0,2,10,1,213
20.0,2,10,2,214
20.0,2,10,3,215
20.0,2,10,4,216
20.0,2,10,5,217
20.0,2,10,6,218
20.0,2,10,7,219
20.0,2,10,8,220
20.0,2,10,9,221
20.0,2,10,10,222
20.0,2,10,11,223
20.0,2,10,12,224
20.0,2,10,13,225
20.0,2,10,14,226
20.0,2,10,15,227
20.0,2,11,0,213
20.0,2,11,1,214
20.0,2,11,2,215
20.0,2,11,3,216
20.0,2,11,4,217
20.0,2,11,5,218
20.0,2,11,6,219
20.0,2,11,7,220
20.0,2,11,8,221
20.0,2,11,9,222
20.0,2,11,10,223
20.0,2,11,11,224
20.0,2,11,12,225
20.0,2,11,13,226
20.0,2,11,14,227
20.0,2,11,15,228
20.0,2,12,0,214
20.0,2,12,1,215
20.0,2,12,2,216
20.0,2,12,3,217
20.0,2,12,4,218
20.0,2,12,5,219
20.0,2,12,6,220
20.0,2,12,7,221
20.0,2,12,8,222
20.0,2,12,9,223
20.0,2,12,10,224
20.0,2,12,11,225
20.0,2,12,12,226
20.0,2,12,13,227
20.0,2,12,14,228
20.0,2,12,15,229
20.0,2,13,0,215
20.0,2,13,1,216
20.0,2,13,2,217
20.0,2,13,3,218
20.0,2,13,4,219
20.0,2,13,5,220
20.0,2,13,6,221
20.0,2,13,7,222
20.0,2,13,8,223
20.0,2,13,9,224
20.0,2,13,10,225
20.0,2,13,11,226
20.0,2,13,12,227
20.0,2,13,13,228
20.0,2,13,14,229
20.0,2,13,15,230
20.0,2,14,0,216
20.0,2,14,1,217
20.0,2,14,2,218
20.0,2,14,3,219
20.0,2,14,4,220
20.0,2,14,5,221
20.0,2,14,6,222
20.0,2,14,7,223
20.0,2,14,8,224
20.0,2,14,9,225
20.0,2,14,10,226
20.0,2,14,11,227
20.0,2,14,12,228
20.0,2,14,13,229
20.0,2,14,14,230
20.0,2,14,15,231
20.0,2,15,0,217
20.0,2,15,1,218
20.0,2,15,2,219
20.0,2,15,3,220
20.0,2,15,4,221
20.0,2,15,5,222
20.0,2,15,6,223
20.0,2,15,7,225
20.0,2,15,8,226
20.0,2,15,9,227
20.0,2,15,10,228
20.0,2,15,11,229
20.0,2,15,12,230
20.0,2,15,13,231
20.0,2,15,14,232
20.0,2,15,15,233
20.0,3,0,0,203
20.0,3,0,1,204
20.0,3,0,2,205
20.0,3,0,3,206
20.0,3,0,4,207
20.0,3,0,5,208
20.0,3,0,6,209
20.0,3,0,7,210
20.0,3,0,8,211
20.0,3,0,9,212
20.0,3,0,10,213
20.0,3,0,11,214
20.0,3,0,12,215
20.0,3,0,13,216
20.0,3,0,14,217
20.0,3,0,15,218
20.0,3,1,0,204
20.0,3,1,1,205
20.0,3,1,2,206
20.0,3,1,3,207
20.0,3,1,4,208
20.0,3,1,5,209
20.0,3,1,6,210
20.0,3,1,7,211
20.0,3,1,8,212
20.0,3,1,9,213
20.0,3,1,10,214
20.0,3,1,11,215
20.0,3,1,12,216
20.0,3,1,13,217
20.0,3,1,14,218
20.0,3,1,15,219
20.0,3,2,0,206
20.0,3,2,1,207
20.0,3,2,2,208
20.0,3,2,3,209
20.0,3,2,4,210
20.0,3,2,5,211
20.0,3,2,6,212
20.0,3,2,7,212
20.0,3,2,8,213
20.0,3,2,9,214
20.0,3,2,10,215
20.0,3,2,11,216
20.0,3,2,12,217
20.0,3,2,13,218
20.0,3,2,14,219
20.0,3,2,15,220
20.0,3,3,0,207
20.0,3,3,1,208
20.0,3,3,2,209
20.0,3,3,3,210
20.0,3,3,4,211
20.0,3,3,5,212
20.0,3,3,6,213
20.0,3,3,7,214
20.0,3,3,8,215
20.0,3,3,9,216
20.0,3,3,10,217
20.0,3,3,11,218
20.0,3,3,12,219
20.0,3,3,13,220
20.0,3,3,14,221
20.0,3,3,15,221
20.0,3,4,0,208
20.0,3,4,1,209
20.0,3,4,2,210
20.0,3,4,3,211
20.0,3,4,4,212
20.0,3,4,5,213
20.0,3,4,6,214
20.0,3,4,7,215
20.0,3,4,8,216
20.0,3,4,9,217
20.0,3,4,10,218
20.0,3,4,11,219
20.0,3,4,12,220
20.0,3,4,13,221
20.0,3,4,14,222
20.0,3,4,15,223
20.0,3,5,0,209
20.0,3,5,1,210
20.0,3,5,2,211
20.0,3,5,3,212
20.0,3,5,4,213
20.0,3,5,5,214
20.0,3,5,6,215
20.0,3,5,7,216
20.0,3,5,8,217
20.0,3,5,9,218
20.0,3,5,10,219
20.0,3,5,11,220
20.0,3,5,12,221
20.0,3,5,13,222
20.0,3,5,14,223
20.0,3,5,15,224
20.0,3,6,0,210
20.0,3,6,1,211
20.0,3,6,2,212
20.0,3,6,3,213
20.0,3,6,4,214
20.0,3,6,5,215
20.0,3,6,6,216
20.0,3,6,7,217
20.0,3,6,8,218
20.0,3,6,9,219
20.0,3,6,10,220
20.0,3,6,11,221
20.0,3,6,12,222
20.0,3,6,13,223
20.0,3,6,14,224
20.0,3,6,15,225
20.0,3,7,0,212
20.0,3,7,1,213
20.0,3,7,2,214
20.0,3,7,3,215
20.0,3,7,4,216
20.0,3,7,5,217
20.0,3,7,6,218
20.0,3,7,7,219
20.0,3,7,8,220
20.0,3,7,9,221
20.0,3,7,10,222
20.0,3,7,11,223
20.0,3,7,12,224
20.0,3,7,13,225
20.0,3,7,14,226
20.0,3,7,15,227
20.0,3,8,0,213
20.0,3,8,1,214
20.0,3,8,2,215
20.0,3,8,3,216
20.0,3,8,4,217
20.0,3,8,5,218
20.0,3,8,6,219
20.0,3,8,7,220
20.0,3,8,8,221
20.0,3,8,9,222
20.0,3,8,10,223
20.0,3,8,11,224
20.0,3,8,12,225
20.0,3,8,13,226
20.0,3,8,14,227
20.0,3,8,15,228
20.0,3,9,0,214
20.0,3,9,1,215
20.0,3,9,2,216
20.0,3,9,3,217
20.0,3,9,4,218
20.0,3,9,5,219
20.0,3,9,6,220
20.0,3,9,7,221
20.0,3,9,8,222
20.0,3,9,9,223
20.0,3,9,10,224
20.0,3,9,11,225
20.0,3,9,12,226
20.0,3,9,13,227
20.0,3,9,14,228
20.0,3,9,15,229
20.0,3,10,0,215
20.0,3,10,1,216
20.0,3,10,2,217
20.0,3,10,3,218
20.0,3,10,4,219
20.0,3,10,5,220
20.0,3,10,6,221
20.0,3,10,7,222
20.0,3,10,8,223
20.0,3,10,9,224
20.0,3,10,10,225
20.0,3,10,11,226
20.0,3,10,12,227
20.0,3,10,13,228
20.0,3,10,14,229
20.0,3,10,15,230
20.0,3,11,0,216
20.0,3,11,1,217
20.0,3,11,2,218
20.0,3,11,3,219
20.0,3,11,4,220
20.0,3,11,5,221
20.0,3,11,6,222
20.0,3,11,7,223
20.0,3,11,8,224
20.0,3,11,9,226
20.0,3,11,10,227
20.0,3,11,11,228
20.0,3,11,12,229
20.0,3,11,13,230
20.0,3,11,14,231
20.0,3,11,15,232
20.0,3,12,0,217
20.0,3,12,1,218
20.0,3,12,2,219
20.0,3,12,3,220
20.0,3,12,4,222
20.0,3,12,5,223
20.0,3,12,6,224
20.0,3,12,7,225
20.0,3,12,8,226
20.0,3,12,9,227
20.0,3,12,10,228
20.0,3,12,11,229
20.0,3,12,12,230
20.0,3,12,13,231
20.0,3,12,14,232
20.0,3,12,15,233
20.0,3,13,0,218
20.0,3,13,1,220
20.0,3,13,2,221
20.0,3,13,3,222
20.0,3,13,4,223
20.0,3,13,5,224
20.0,3,13,6,225
20.0,3,13,7,226
20.0,3,13,8,227
20.0,3,13,9,228
20.0,3,13,10,229
20.0,3,13,11,230
20.0,3,13,12,231
20.0,3,13,13,232
20.0,3,13,14,233
20.0,3,13,15,234
20.0,3,14,0,220
20.0,3,14,1,221
20.0,3,14,2,222
20.0,3,14,3,223
20.0,3,14,4,224
20.0,3,14,5,225
20.0,3,14,6,226
20.0,3,14,7,227
20.0,3,14,8,228
20.0,3,14,9,229
20.0,3,14,10,230
20.0,3,14,11,231
20.0,3,14,12,232
20.0,3,14,13,233
20.0,3,14,14,234
20.0,3,14,15,235
20.0,3,15,0,221
20.0,3,15,1,222
20.0,3,15,2,223
20.0,3,15,3,224
20.0,3,15,4,225
20.0,3,15,5,226
20.0,3,15,6,227
20.0,3,15,7,228
20.0,3,15,8,229
20.0,3,15,9,230
20.0,3,15,10,231
20.0,3,15,11,232
20.0,3,15,12,233
20.0,3,15,13,234
20.0,3,15,14,235
20.0,3,15,15,236
20.0,4,0,0,206
20.0,4,0,1,207
20.0,4,0,2,208
20.0,4,0,3,209
20.0,4,0,4,210
20.0,4,0,5,211
20.0,4,0,6,212
20.0,4,0,7,213
20.0,4,0,8,214
20.0,4,0,9,215
20.0,4,0,10,216
20.0,4,0,11,217
20.0,4,0,12,218
20.0,4,0,13,219
20.0,4,0,14,220
20.0,4,0,15,221
20.0,4,1,0,208
20.0,4,1,1,209
20.0,4,1,2,210
20.0,4,1,3,211
20.0,4,1,4,212
20.0,4,1,5,213
20.0,4,1,6,214
20.0,4,1,7,215
20.0,4,1,8,216
20.0,4,1,9,217
20.0,4,1,10,218
20.0,4,1,11,219
20.0,4,1,12,220
20.0,4,1,13,220
20.0,4,1,14,221
20.0,4,1,15,222
20.0,4,2,0,209
20.0,4,2,1,210
20.0,4,2,2,211
20.0,4,2,3,212
20.0,4,2,4,213
20.0,4,2,5,214
20.0,4,2,6,215
20.0,4,2,7,216
20.0,4,2,8,217
20.0,4,2,9,218
20.0,4,2,10,219
20.0,4,2,11,220
20.0,4,2,12,221
20.0,4,2,13,222
20.0,4,2,14,223
20.0,4,2,15,224
20.0,4,3,0,210
20.0,4,3,1,211
20.0,4,3,2,212
20.0,4,3,3,213
20.0,4,3,4,214
20.0,4,3,5,215
20.0,4,3,6,216
20.0,4,3,7,217
20.0,4,3,8,218
20.0,4,3,9,219
20.0,4,3,10,220
20.0,4,3,11,221
20.0,4,3,12,222
20.0,4,3,13,223
20.0,4,3,14,224
20.0,4,3,15,225
20.0,4,4,0,211
20.0,4,4,1,212
20.0,4,4,2,213
20.0,4,4,3,214
20.0,4,4,4,215
20.0,4,4,5,216
20.0,4,4,6,217
20.0,4,4,7,218
20.0,4,4,8,219
20.0,4,4,9,220
20.0,4,4,10,221
20.0,4,4,11,222
20.0,4,4,12,223
20.0,4,4,13,224
20.0,4,4,14,225
20.0,4,4,15,226
20.0,4,5,0,213
20.0,4,5,1,214
20.0,4,5,2,215
20.0,4,5,3,216
20.0,4,5,4,217
20.0,4,5,5,218
20.0,4,5,6,219
20.0,4,5,7,220
20.0,4,5,8,221
20.0,4,5,9,222
20.0,4,5,10,223
20.0,4,5,11,224
20.0,4,5,12,225
20.0,4,5,13,226
20.0,4,5,14,227
20.0,4,5,15,228
20.0,4,6,0,214
20.0,4,6,1,215
20.0,4,6,2,216
20.0,4,6,3,217
20.0,4,6,4,218
20.0,4,6,5,219
20.0,4,6,6,220
20.0,4,6,7,221
20.0,4,6,8,222
20.0,4,6,9,223
20.0,4,6,10,224
20.0,4,6,11,225
20.0,4,6,12,226
20.0,4,6,13,227
20.0,4,6,14,228
20.0,4,6,15,229
20.0,4,7,0,215
20.0,4,7,1,216
20.0,4,7,2,217
20.0,4,7,3,218
20.0,4,7,4,219
20.0,4,7,5,220
20.0,4,7,6,221
20.0,4,7,7,222
20.0,4,7,8,223
20.0,4,7,9,224
20.0,4,7,10,225
20.0,4,7,11,226
20.0,4,7,12,227
20.0,4,7,13,228
20.0,4,7,14,229
20.0,4,7,15,230
20.0,4,8,0,216
20.0,4,8,1,217
20.0,4,8,2,218
20.0,4,8,3,219
20.0,4,8,4,220
20.0,4,8,5,221
20.0,4,8,6,222
20.0,4,8,7,223
20.0,4,8,8,224
20.0,4,8,9,225
20.0,4,8,10,226
20.0,4,8,11,227
20.0,4,8,12,229
20.0,4,8,13,230
20.0,4,8,14,231
20.0,4,8,15,231
20.0,4,9,0,217
20.0,4,9,1,218
20.0,4,9,2,219
20.0,4,9,3,220
20.0,4,9,4,222
20.0,4,9,5,223
20.0,4,9,6,224
20.0,4,9,7,225
20.0,4,9,8,226
20.0,4,9,9,227
20.0,4,9,10,228
20.0,4,9,11,229
20.0,4,9,12,230
20.0,4,9,13,231
20.0,4,9,14,232
20.0,4,9,15,233
20.0,4,10,0,218
20.0,4,10,1,220
20.0,4,10,2,221
20.0,4,10,3,222
20.0,4,10,4,223
20.0,4,10,5,224
20.0,4,10,6,225
20.0,4,10,7,226
20.0,4,10,8,227
20.0,4,10,9,228
20.0,4,10,10,229
20.0,4,10,11,230
20.0,4,10,12,231
20.0,4,10,13,232
20.0,4,10,14,233
20.0,4,10,15,234
20.0,4,11,0,220
20.0,4,11,1,221
20.0,4,11,2,222
20.0,4,11,3,223
20.0,4,11,4,224
20.0,4,11,5,225
20.0,4,11,6,226
20.0,4,11,7,227
20.0,4,11,8,228
20.0,4,11,9,229
20.0,4,11,10,230
20.0,4,11,11,231
20.0,4,11,12,232
20.0,4,11,13,233
20.0,4,11,14,234
20.0,4,11,15,235
20.0,4,12,0,221
20.0,4,12,1,222
20.0,4,12,2,223
20.0,4,12,3,224
20.0,4,12,4,225
20.0,4,12,5,226
20.0,4,12,6,227
20.0,4,12,7,228
20.0,4,12,8,229
20.0,4,12,9,230
20.0,4,12,10,231
20.0,4,12,11,232
20.0,4,12,12,233
20.0,4,12,13,235
20.0,4,12,14,236
20.0,4,12,15,237
20.0,4,13,0,222
20.0,4,13,1,223
20.0,4,13,2,224
20.0,4,13,3,225
20.0,4,13,4,226
20.0,4,13,5,227
20.0,4,13,6,228
20.0,4,13,7,229
20.0,4,13,8,231
20.0,4,13,9,232
20.0,4,13,10,233
20.0,4,13,11,234
20.0,4,13,12,235
20.0,4,13,13,236
20.0,4,13,14,237
20.0,4,13,15,238
20.0,4,14,0,223
20.0,4,14,1,224
20.0,4,14,2,225
20.0,4,14,3,226
20.0,4,14,4,227
20.0,4,14,5,229
20.0,4,14,6,230
20.0,4,14,7,231
20.0,4,14,8,232
20.0,4,14,9,233
20.0,4,14,10,234
20.0,4,14,11,235
20.0,4,14,12,236
20.0,4,14,13,237
20.0,4,14,14,238
20.0,4,14,15,239
20.0,4,15,0,224
20.0,4,15,1,225
20.0,4,15,2,226
20.0,4,15,3,228
20.0,4,15,4,229
20.0,4,15,5,230
20.0,4,15,6,231
20.0,4,15,7,232
20.0,4,15,8,233
20.0,4,15,9,234
20.0,4,15,10,235
20.0,4,15,11,236
20.0,4,15,12,237
20.0,4,15,13,238
20.0,4,15,14,239
20.0,4,15,15,240
20.0,5,0,0,210
20.0,5,0,1,211
20.0,5,0,2,212
20.0,5,0,3,213
20.0,5,0,4,214
20.0,5,0,5,215
20.0,5,0,6,216
20.0,5,0,7,217
20.0,5,0,8,218
20.0,5,0,9,219
20.0,5,0,10,220
20.0,5,0,11,221
20.0,5,0,12,222
20.0,5,0,13,223
20.0,5,0,14,224
20.0,5,0,15,225
20.0,5,1,0,211
20.0,5,1,1,212
20.0,5,1,2,213
20.0,5,1,3,214
20.0,5,1,4,215
20.0,5,1,5,216
20.0,5,1,6,217
20.0,5,1,7,218
20.0,5,1,8,219
20.0,5,1,9,220
20.0,5,1,10,221
20.0,5,1,11,222
20.0,5,1,12,223
20.0,5,1,13,224
20.0,5,1,14,225
20.0,5,1,15,226
20.0,5,2,0,212
20.0,5,2,1,213
20.0,5,2,2,214
20.0,5,2,3,215
20.0,5,2,4,216
20.0,5,2,5,217
20.0,5,2,6,218
20.0,5,2,7,219
20.0,5,2,8,220
20.0,5,2,9,221
20.0,5,2,10,222
20.0,5,2,11,223
20.0,5,2,12,224
20.0,5,2,13,225
20.0,5,2,14,226
20.0,5,2,15,227
20.0,5,3,0,213
20.0,5,3,1,214
20.0,5,3,2,216
20.0,5,3,3,217
20.0,5,3,4,218
20.0,5,3,5,219
20.0,5,3,6,220
20.0,5,3,7,221
20.0,5,3,8,222
20.0,5,3,9,223
20.0,5,3,10,224
20.0,5,3,11,225
20.0,5,3,12,226
20.0,5,3,13,227
20.0,5,3,14,228
20.0,5,3,15,229
20.0,5,4,0,215
20.0,5,4,1,216
20.0,5,4,2,217
20.0,5,4,3,218
20.0,5,4,4,219
20.0,5,4,5,220
20.0,5,4,6,221
20.0,5,4,7,222
20.0,5,4,8,223
20.0,5,4,9,224
20.0,5,4,10,225
20.0,5,4,11,226
20.0,5,4,12,227
20.0,5,4,13,228
20.0,5,4,14,229
20.0,5,4,15,230
20.0,5,5,0,216
20.0,5,5,1,217
20.0,5,5,2,218
20.0,5,5,3,219
20.0,5,5,4,220
20.0,5,5,5,221
20.0,5,5,6,222
20.0,5,5,7,223
20.0,5,5,8,224
20.0,5,5,9,225
20.0,5,5,10,226
20.0,5,5,11,227
20.0,5,5,12,228
20.0,5,5,13,229
20.0,5,5,14,230
20.0,5,5,15,231
20.0,5,6,0,217
20.0,5,6,1,218
20.0,5,6,2,219
20.0,5,6,3,220
20.0,5,6,4,221
20.0,5,6,5,222
20.0,5,6,6,223
20.0,5,6,7,224
20.0,5,6,8,225
20.0,5,6,9,227
20.0,5,6,10,228
20.0,5,6,11,229
20.0,5,6,12,230
20.0,5,6,13,231
20.0,5,6,14,232
20.0,5,6,15,233
20.0,5,7,0,218
20.0,5,7,1,219
20.0,5,7,2,220
20.0,5,7,3,222
20.0,5,7,4,223
20.0,5,7,5,224
20.0,5,7,6,225
20.0,5,7,7,226
20.0,5,7,8,227
20.0,5,7,9,228
20.0,5,7,10,229
20.0,5,7,11,230
20.0,5,7,12,231
20.0,5,7,13,232
20.0,5,7,14,233
20.0,5,7,15,234
20.0,5,8,0,220
20.0,5,8,1,221
20.0,5,8,2,222
20.0,5,8,3,223
20.0,5,8,4,224
20.0,5,8,5,225
20.0,5,8,6,226
20.0,5,8,7,227
20.0,5,8,8,228
20.0,5,8,9,229
20.0,5,8,10,230
20.0,5,8,11,231
20.0,5,8,12,232
20.0,5,8,13,233
20.0,5,8,14,234
20.0,5,8,15,235
20.0,5,9,0,221
20.0,5,9,1,222
20.0,5,9,2,223
20.0,5,9,3,224
20.0,5,9,4,225
20.0,5,9,5,226
20.0,5,9,6,227
20.0,5,9,7,228
20.0,5,9,8,229
20.0,5,9,9,230
20.0,5,9,10,231
20.0,5,9,11,232
20.0,5,9,12,233
20.0,5,9,13,234
20.0,5,9,14,235
20.0,5,9,15,236
20.0,5,10,0,222
20.0,5,10,1,223
20.0,5,10,2,224
20.0,5,10,3,225
20.0,5,10,4,226
20.0,5,10,5,227
20.0,5,10,6,228
20.0,5,10,7,229
20.0,5,10,8,231
20.0,5,10,9,232
20.0,5,10,10,233
20.0,5,10,11,234
20.0,5,10,12,235
20.0,5,10,13,236
20.0,5,10,14,237
20.0,5,10,15,238
20.0,5,11,0,223
20.0,5,11,1,224
20.0,5,11,2,225
20.0,5,11,3,226
20.0,5,11,4,227
20.0,5,11,5,229
20.0,5,11,6,230
20.0,5,11,7,231
20.0,5,11,8,232
20.0,5,11,9,233
20.0,5,11,10,234
20.0,5,11,11,235
20.0,5,11,12,236
20.0,5,11,13,237
20.0,5,11,14,238
20.0,5,11,15,239
20.0,5,12,0,224
20.0,5,12,1,225
20.0,5,12,2,227
20.0,5,12,3,228
20.0,5,12,4,229
20.0,5,12,5,230
20.0,5,12,6,231
20.0,5,12,7,232
20.0,5,12,8,233
20.0,5,12,9,234
20.0,5,12,10,235
20.0,5,12,11,236
20.0,5,12,12,237
20.0,5,12,13,238
20.0,5,12,14,239
20.0,5,12,15,240
20.0,5,13,0,226
20.0,5,13,1,227
20.0,5,13,2,228
20.0,5,13,3,229
20.0,5,13,4,230
20.0,5,13,5,231
20.0,5,13,6,232
20.0,5,13,7,233
20.0,5,13,8,234
20.0,5,13,9,235
20.0,5,13,10,236
20.0,5,13,11,237
20.0,5,13,12,238
20.0,5,13,13,239
20.0,5,13,14,241
20.0,5,13,15,242
20.0,5,14,0,227
20.0,5,14,1,228
20.0,5,14,2,229
20.0,5,14,3,230
20.0,5,14,4,231
20.0,5,14,5,232
20.0,5,14,6,233
20.0,5,14,7,234
20.0,5,14,8,235
20.0,5,14,9,237
20.0,5,14,10,238
20.0,5,14,11,239
20.0,5,14,12,240
20.0,5,14,13,241
20.0,5,14,14,242
20.0,5,14,15,243
20.0,5,15,0,228
20.0,5,15,1,229
20.0,5,15,2,230
20.0,5,15,3,231
20.0,5,15,4,232
20.0,5,15,5,233
20.0,5,15,6,234
20.0,5,15,7,236
20.0,5,15,8,237
20.0,5,15,9,238
20.0,5,15,10,239
20.0,5,15,11,240
20.0,5,15,12,241
20.0,5,15,13,242
20.0,5,15,14,243
20.0,5,15,15,244
20.0,6,0,0,213
20.0,6,0,1,214
20.0,6,0,2,215
20.0,6,0,3,216
20.0,6,0,4,217
20.0,6,0,5,218
20.0,6,0,6,219
20.0,6,0,7,220
20.0,6,0,8,221
20.0,6,0,9,222
20.0,6,0,10,223
20.0,6,0,11,224
20.0,6,0,12,225
20.0,6,0,13,226
20.0,6,0,14,227
20.0,6,0,15,228
20.0,6,1,0,214
20.0,6,1,1,215
20.0,6,1,2,216
20.0,6,1,3,217
20.0,6,1,4,218
20.0,6,1,5,219
20.0,6,1,6,220
20.0,6,1,7,221
20.0,6,1,8,222
20.0,6,1,9,223
20.0,6,1,10,225
20.0,6,1,11,226
20.0,6,1,12,227
20.0,6,1,13,227
20.0,6,1,14,228
20.0,6,1,15,229
20.0,6,2,0,215
20.0,6,2,1,217
20.0,6,2,2,218
20.0,6,2,3,219
20.0,6,2,4,220
20.0,6,2,5,221
20.0,6,2,6,222
20.0,6,2,7,223
20.0,6,2,8,224
20.0,6,2,9,225
20.0,6,2,10,226
20.0,6,2,11,227
20.0,6,2,12,228
20.0,6,2,13,229
20.0,6,2,14,230
20.0,6,2,15,231
20.0,6,3,0,217
20.0,6,3,1,218
20.0,6,3,2,219
20.0,6,3,3,220
20.0,6,3,4,221
20.0,6,3,5,222
20.0,6,3,6,223
20.0,6,3,7,224
20.0,6,3,8,225
20.0,6,3,9,226
20.0,6,3,10,227
20.0,6,3,11,228
20.0,6,3,12,229
20.0,6,3,13,230
20.0,6,3,14,231
20.0,6,3,15,232
20.0,6,4,0,218
20.0,6,4,1,219
20.0,6,4,2,220
20.0,6,4,3,221
20.0,6,4,4,222
20.0,6,4,5,223
20.0,6,4,6,224
20.0,6,4,7,225
20.0,6,4,8,226
20.0,6,4,9,227
20.0,6,4,10,228
20.0,6,4,11,230
20.0,6,4,12,231
20.0,6,4,13,232
20.0,6,4,14,233
20.0,6,4,15,234
20.0,6,5,0,219
20.0,6,5,1,220
20.0,6,5,2,221
20.0,6,5,3,222
20.0,6,5,4,224
20.0,6,5,5,225
20.0,6,5,6,226
20.0,6,5,7,227
20.0,6,5,8,228
20.0,6,5,9,229
20.0,6,5,10,230
20.0,6,5,11,231
20.0,6,5,12,232
20.0,6,5,13,233
20.0,6,5,14,234
20.0,6,5,15,235
20.0,6,6,0,221
20.0,6,6,1,222
20.0,6,6,2,223
20.0,6,6,3,224
20.0,6,6,4,225
20.0,6,6,5,226
20.0,6,6,6,227
20.0,6,6,7,228
20.0,6,6,8,229
20.0,6,6,9,230
20.0,6,6,10,231
20.0,6,6,11,232
20.0,6,6,12,233
20.0,6,6,13,234
20.0,6,6,14,235
20.0,6,6,15,236
20.0,6,7,0,222
20.0,6,7,1,223
20.0,6,7,2,224
20.0,6,7,3,225
20.0,6,7,4,226
20.0,6,7,5,227
20.0,6,7,6,228
20.0,6,7,7,229
20.0,6,7,8,230
20.0,6,7,9,231
20.0,6,7,10,232
20.0,6,7,11,233
20.0,6,7,12,234
20.0,6,7,13,236
20.0,6,7,14,237
20.0,6,7,15,238
20.0,6,8,0,223
20.0,6,8,1,224
20.0,6,8,2,225
20.0,6,8,3,226
20.0,6,8,4,227
20.0,6,8,5,228
20.0,6,8,6,229
20.0,6,8,7,231
20.0,6,8,8,232
20.0,6,8,9,233
20.0,6,8,10,234
20.0,6,8,11,235
20.0,6,8,12,236
20.0,6,8,13,237
20.0,6,8,14,238
20.0,6,8,15,239
20.0,6,9,0,224
20.0,6,9,1,225
20.0,6,9,2,226
20.0,6,9,3,227
20.0,6,9,4,229
20.0,6,9,5,230
20.0,6,9,6,231
20.0,6,9,7,232
20.0,6,9,8,233
20.0,6,9,9,234
20.0,6,9,10,235
20.0,6,9,11,236
20.0,6,9,12,237
20.0,6,9,13,238
20.0,6,9,14,239
20.0,6,9,15,240
20.0,6,10,0,225
20.0,6,10,1,227
20.0,6,10,2,228
20.0,6,10,3,229
20.0,6,10,4,230
20.0,6,10,5,231
20.0,6,10,6,232
20.0,6,10,7,233
20.0,6,10,8,234
20.0,6,10,9,235
20.0,6,10,10,236
20.0,6,10,11,237
20.0,6,10,12,238
20.0,6,10,13,239
20.0,6,10,14,240
20.0,6,10,15,241
20.0,6,11,0,227
20.0,6,11,1,228
20.0,6,11,2,229
20.0,6,11,3,230
20.0,6,11,4,231
20.0,6,11,5,232
20.0,6,11,6,233
20.0,6,11,7,234
20.0,6,11,8,235
20.0,6,11,9,236
20.0,6,11,10,238
20.0,6,11,11,239
20.0,6,11,12,240
20.0,6,11,13,241
20.0,6,11,14,242
20.0,6,11,15,243
20.0,6,12,0,228
20.0,6,12,1,229
20.0,6,12,2,230
20.0,6,12,3,231
20.0,6,12,4,232
20.0,6,12,5,233
20.0,6,12,6,234
20.0,6,12,7,236
20.0,6,12,8,237
20.0,6,12,9,238
20.0,6,12,10,239
20.0,6,12,11,240
20.0,6,12,12,241
20.0,6,12,13,242
20.0,6,12,14,243
20.0,6,12,15,244
20.0,6,13,0,229
20.0,6,13,1,230
20.0,6,13,2,231
20.0,6,13,3,232
20.0,6,13,4,234
20.0,6,13,5,235
20.0,6,13,6,236
20.0,6,13,7,237
20.0,6,13,8,238
20.0,6,13,9,239
20.0,6,13,10,240
20.0,6,13,11,241
20.0,6,13,12,242
20.0,6,13,13,243
20.0,6,13,14,244
20.0,6,13,15,245
20.0,6,14,0,230
20.0,6,14,1,231
20.0,6,14,2,232
20.0,6,14,3,234
20.0,6,14,4,235
20.0,6,14,5,236
20.0,6,14,6,237
20.0,6,14,7,238
20.0,6,14,8,239
20.0,6,14,9,240
20.0,6,14,10,241
20.0,6,14,11,242
20.0,6,14,12,243
20.0,6,14,13,245
20.0,6,14,14,246
20.0,6,14,15,247
20.0,6,15,0,231
20.0,6,15,1,233
20.0,6,15,2,234
20.0,6,15,3,235
20.0,6,15,4,236
20.0,6,15,5,237
20.0,6,15,6,238
20.0,6,15,7,239
20.0,6,15,8,240
20.0,6,15,9,241
20.0,6,15,10,243
20.0,6,15,11,244
20.0,6,15,12,245
20.0,6,15,13,246
20.0,6,15,14,247
20.0,6,15,15,248
20.0,7,0,0,216
20.0,7,0,1,217
20.0,7,0,2,218
20.0,7,0,3,219
20.0,7,0,4,220
20.0,7,0,5,221
20.0,7,0,6,223
20.0,7,0,7,224
20.0,7,0,8,225
20.0,7,0,9,226
20.0,7,0,10,227
20.0,7,0,11,228
20.0,7,0,12,229
20.0,7,0,13,230
20.0,7,0,14,231
20.0,7,0,15,232
20.0,7,1,0,218
20.0,7,1,1,219
20.0,7,1,2,220
20.0,7,1,3,221
20.0,7,1,4,222
20.0,7,1,5,223
20.0,7,1,6,224
20.0,7,1,7,225
20.0,7,1,8,226
20.0,7,1,9,227
20.0,7,1,10,228
20.0,7,1,11,229
20.0,7,1,12,230
20.0,7,1,13,231
20.0,7,1,14,232
20.0,7,1,15,233
20.0,7,2,0,219
20.0,7,2,1,220
20.0,7,2,2,221
20.0,7,2,3,222
20.0,7,2,4,223
20.0,7,2,5,224
20.0,7,2,6,225
20.0,7,2,7,226
20.0,7,2,8,227
20.0,7,2,9,228
20.0,7,2,10,229
20.0,7,2,11,230
20.0,7,2,12,231
20.0,7,2,13,232
20.0,7,2,14,233
20.0,7,2,15,234
20.0,7,3,0,220
20.0,7,3,1,221
20.0,7,3,2,222
20.0,7,3,3,223
20.0,7,3,4,224
20.0,7,3,5,225
20.0,7,3,6,227
20.0,7,3,7,228
20.0,7,3,8,229
20.0,7,3,9,230
20.0,7,3,10,231
20.0,7,3,11,232
20.0,7,3,12,233
20.0,7,3,13,234
20.0,7,3,14,235
20.0,7,3,15,236
20.0,7,4,0,221
20.0,7,4,1,222
20.0,7,4,2,224
20.0,7,4,3,225
20.0,7,4,4,226
20.0,7,4,5,227
20.0,7,4,6,228
20.0,7,4,7,229
20.0,7,4,8,230
20.0,7,4,9,231
20.0,7,4,10,232
20.0,7,4,11,233
20.0,7,4,12,234
20.0,7,4,13,235
20.0,7,4,14,236
20.0,7,4,15,237
20.0,7,5,0,223
20.0,7,5,1,224
20.0,7,5,2,225
20.0,7,5,3,226
20.0,7,5,4,227
20.0,7,5,5,228
20.0,7,5,6,229
20.0,7,5,7,230
20.0,7,5,8,231
20.0,7,5,9,232
20.0,7,5,10,233
20.0,7,5,11,234
20.0,7,5,12,235
20.0,7,5,13,236
20.0,7,5,14,237
20.0,7,5,15,239
20.0,7,6,0,224
20.0,7,6,1,225
20.0,7,6,2,226
20.0,7,6,3,227
20.0,7,6,4,228
20.0,7,6,5,229
20.0,7,6,6,230
20.0,7,6,7,231
20.0,7,6,8,233
20.0,7,6,9,234
20.0,7,6,10,235
20.0,7,6,11,236
20.0,7,6,12,237
20.0,7,6,13,238
20.0,7,6,14,239
20.0,7,6,15,240
20.0,7,7,0,225
20.0,7,7,1,226
20.0,7,7,2,227
20.0,7,7,3,228
20.0,7,7,4,230
20.0,7,7,5,231
20.0,7,7,6,232
20.0,7,7,7,233
20.0,7,7,8,234
20.0,7,7,9,235
20.0,7,7,10,236
20.0,7,7,11,237
20.0,7,7,12,238
20.0,7,7,13,239
20.0,7,7,14,240
20.0,7,7,15,241
20.0,7,8,0,226
20.0,7,8,1,228
20.0,7,8,2,229
20.0,7,8,3,230
20.0,7,8,4,231
20.0,7,8,5,232
20.0,7,8,6,233
20.0,7,8,7,234
20.0,7,8,8,235
20.0,7,8,9,236
20.0,7,8,10,237
20.0,7,8,11,238
20.0,7,8,12,239
20.0,7,8,13,240
20.0,7,8,14,242
20.0,7,8,15,243
20.0,7,9,0,228
20.0,7,9,1,229
20.0,7,9,2,230
20.0,7,9,3,231
20.0,7,9,4,232
20.0,7,9,5,233
20.0,7,9,6,234
20.0,7,9,7,235
20.0,7,9,8,236
20.0,7,9,9,238
20.0,7,9,10,239
20.0,7,9,11,240
20.0,7,9,12,241
20.0,7,9,13,242
20.0,7,9,14,243
20.0,7,9,15,244
20.0,7,10,0,229
20.0,7,10,1,230
20.0,7,10,2,231
20.0,7,10,3,232
20.0,7,10,4,233
20.0,7,10,5,234
20.0,7,10,6,236
20.0,7,10,7,237
20.0,7,10,8,238
20.0,7,10,9,239
20.0,7,10,10,240
20.0,7,10,11,241
20.0,7,10,12,242
20.0,7,10,13,243
20.0,7,10,14,244
20.0,7,10,15,245
20.0,7,11,0,230
20.0,7,11,1,231
20.0,7,11,2,232
20.0,7,11,3,234
20.0,7,11,4,235
20.0,7,11,5,236
20.0,7,11,6,237
20.0,7,11,7,238
20.0,7,11,8,239
20.0,7,11,9,240
20.0,7,11,10,241
20.0,7,11,11,242
20.0,7,11,12,243
20.0,7,11,13,244
20.0,7,11,14,245
20.0,7,11,15,247
20.0,7,12,0,231
20.0,7,12,1,232
20.0,7,12,2,234
20.0,7,12,3,235
20.0,7,12,4,236
20.0,7,12,5,237
20.0,7,12,6,238
20.0,7,12,7,239
20.0,7,12,8,240
20.0,7,12,9,241
20.0,7,12,10,242
20.0,7,12,11,244
20.0,7,12,12,245
20.0,7,12,13,246
20.0,7,12,14,247
20.0,7,12,15,248
20.0,7,13,0,233
20.0,7,13,1,234
20.0,7,13,2,235
20.0,7,13,3,236
20.0,7,13,4,237
20.0,7,13,5,238
20.0,7,13,6,239
20.0,7,13,7,240
20.0,7,13,8,242
20.0,7,13,9,243
20.0,7,13,10,244
20.0,7,13,11,245
20.0,7,13,12,246
20.0,7,13,13,247
20.0,7,13,14,248
20.0,7,13,15,249
20.0,7,14,0,234
20.0,7,14,1,235
20.0,7,14,2,236
20.0,7,14,3,237
20.0,7,14,4,238
20.0,7,14,5,239
20.0,7,14,6,241
20.0,7,14,7,242
20.0,7,14,8,243
20.0,7,14,9,244
20.0,7,14,10,245
20.0,7,14,11,246
20.0,7,14,12,247
20.0,7,14,13,248
20.0,7,14,14,249
20.0,7,14,15,250
20.0,7,15,0,235
20.0,7,15,1,236
20.0,7,15,2,237
20.0,7,15,3,238
20.0,7,15,4,240
20.0,7,15,5,241
20.0,7,15,6,242
20.0,7,15,7,243
20.0,7,15,8,244
20.0,7,15,9,245
20.0,7,15,10,246
20.0,7,15,11,247
20.0,7,15,12,248
20.0,7,15,13,250
20.0,7,15,14,251
20.0,7,15,15,252
20.0,8,0,0,220
20.0,8,0,1,221
20.0,8,0,2,222
20.0,8,0,3,223
20.0,8,0,4,224
20.0,8,0,5,225
20.0,8,0,6,226
20.0,8,0,7,227
20.0,8,0,8,228
20.0,8,0,9,229
20.0,8,0,10,230
20.0,8,0,11,231
20.0,8,0,12,232
20.0,8,0,13,233
20.0,8,0,14,234
20.0,8,0,15,235
20.0,8,1,0,221
20.0,8,1,1,222
20.0,8,1,2,223
20.0,8,1,3,224
20.0,8,1,4,225
20.0,8,1,5,226
20.0,8,1,6,227
20.0,8,1,7,228
20.0,8,1,8,229
20.0,8,1,9,230
20.0,8,1,10,231
20.0,8,1,11,232
20.0,8,1,12,233
20.0,8,1,13,235
20.0,8,1,14,236
20.0,8,1,15,237
20.0,8,2,0,222
20.0,8,2,1,223
20.0,8,2,2,224
20.0,8,2,3,225
20.0,8,2,4,226
20.0,8,2,5,228
20.0,8,2,6,229
20.0,8,2,7,230
20.0,8,2,8,231
20.0,8,2,9,232
20.0,8,2,10,233
20.0,8,2,11,234
20.0,8,2,12,235
20.0,8,2,13,236
20.0,8,2,14,237
20.0,8,2,15,238
20.0,8,3,0,223
20.0,8,3,1,225
20.0,8,3,2,226
20.0,8,3,3,227
20.0,8,3,4,228
20.0,8,3,5,229
20.0,8,3,6,230
20.0,8,3,7,231
20.0,8,3,8,232
20.0,8,3,9,233
20.0,8,3,10,234
20.0,8,3,11,235
20.0,8,3,12,236
20.0,8,3,13,237
20.0,8,3,14,238
20.0,8,3,15,239
20.0,8,4,0,225
20.0,8,4,1,226
20.0,8,4,2,227
20.0,8,4,3,228
20.0,8,4,4,229
20.0,8,4,5,230
20.0,8,4,6,231
20.0,8,4,7,232
20.0,8,4,8,233
20.0,8,4,9,234
20.0,8,4,10,236
20.0,8,4,11,237
20.0,8,4,12,238
20.0,8,4,13,239
20.0,8,4,14,240
20.0,8,4,15,241
20.0,8,5,0,226
20.0,8,5,1,227
20.0,8,5,2,228
20.0,8,5,3,229
20.0,8,5,4,230
20.0,8,5,5,232
20.0,8,5,6,233
20.0,8,5,7,234
20.0,8,5,8,235
20.0,8,5,9,236
20.0,8,5,10,237
20.0,8,5,11,238
20.0,8,5,12,239
20.0,8,5,13,240
20.0,8,5,14,241
20.0,8,5,15,242
20.0,8,6,0,227
20.0,8,6,1,228
20.0,8,6,2,230
20.0,8,6,3,231
20.0,8,6,4,232
20.0,8,6,5,233
20.0,8,6,6,234
20.0,8,6,7,235
20.0,8,6,8,236
20.0,8,6,9,237
20.0,8,6,10,238
20.0,8,6,11,239
20.0,8,6,12,240
20.0,8,6,13,241
20.0,8,6,14,242
20.0,8,6,15,244
20.0,8,7,0,229
20.0,8,7,1,230
20.0,8,7,2,231
20.0,8,7,3,232
20.0,8,7,4,233
20.0,8,7,5,234
20.0,8,7,6,235
20.0,8,7,7,236
20.0,8,7,8,237
20.0,8,7,9,238
20.0,8,7,10,240
20.0,8,7,11,241
20.0,8,7,12,242
20.0,8,7,13,243
20.0,8,7,14,244
20.0,8,7,15,245
20.0,8,8,0,230
20.0,8,8,1,231
20.0,8,8,2,232
20.0,8,8,3,233
20.0,8,8,4,234
20.0,8,8,5,235
20.0,8,8,6,237
20.0,8,8,7,238
20.0,8,8,8,239
20.0,8,8,9,240
20.0,8,8,10,241
20.0,8,8,11,242
20.0,8,8,12,243
20.0,8,8,13,244
20.0,8,8,14,245
20.0,8,8,15,246
20.0,8,9,0,231
20.0,8,9,1,232
20.0,8,9,2,233
20.0,8,9,3,235
20.0,8,9,4,236
20.0,8,9,5,237
20.0,8,9,6,238
20.0,8,9,7,239
20.0,8,9,8,240
20.0,8,9,9,241
20.0,8,9,10,242
20.0,8,9,11,243
20.0,8,9,12,244
20.0,8,9,13,245
20.0,8,9,14,247
20.0,8,9,15,248
20.0,8,10,0,232
20.0,8,10,1,234
20.0,8,10,2,235
20.0,8,10,3,236
20.0,8,10,4,237
20.0,8,10,5,238
20.0,8,10,6,239
20.0,8,10,7,240
20.0,8,10,8,241
20.0,8,10,9,242
20.0,8,10,10,244
20.0,8,10,11,245
20.0,8,10,12,246
20.0,8,10,13,247
20.0,8,10,14,248
20.0,8,10,15,249
20.0,8,11,0,234
20.0,8,11,1,235
20.0,8,11,2,236
20.0,8,11,3,237
20.0,8,11,4,238
20.0,8,11,5,239
20.0,8,11,6,240
20.0,8,11,7,242
20.0,8,11,8,243
20.0,8,11,9,244
20.0,8,11,10,245
20.0,8,11,11,246
20.0,8,11,12,247
20.0,8,11,13,248
20.0,8,11,14,249
20.0,8,11,15,250
20.0,8,12,0,235
20.0,8,12,1,236
20.0,8,12,2,237
20.0,8,12,3,238
20.0,8,12,4,239
20.0,8,12,5,241
20.0,8,12,6,242
20.0,8,12,7,243
20.0,8,12,8,244
20.0,8,12,9,245
20.0,8,12,10,246
20.0,8,12,11,247
20.0,8,12,12,248
20.0,8,12,13,249
20.0,8,12,14,251
20.0,8,12,15,252
20.0,8,13,0,236
20.0,8,13,1,237
20.0,8,13,2,238
20.0,8,13,3,240
20.0,8,13,4,241
20.0,8,13,5,242
20.0,8,13,6,243
20.0,8,13,7,244
20.0,8,13,8,245
20.0,8,13,9,246
20.0,8,13,10,247
20.0,8,13,11,249
20.0,8,13,12,250
20.0,8,13,13,251
20.0,8,13,14,252
20.0,8,13,15,253
20.0,8,14,0,237
20.0,8,14,1,239
20.0,8,14,2,240
20.0,8,14,3,241
20.0,8,14,4,242
20.0,8,14,5,243
20.0,8,14,6,244
20.0,8,14,7,245
20.0,8,14,8,246
20.0,8,14,9,248
20.0,8,14,10,249
20.0,8,14,11,250
20.0,8,14,12,251
20.0,8,14,13,252
20.0,8,14,14,253
20.0,8,14,15,254
20.0,8,15,0,239
20.0,8,15,1,240
20.0,8,15,2,241
20.0,8,15,3,242
20.0,8,15,4,243
20.0,8,15,5,244
20.0,8,15,6,245
20.0,8,15,7,247
20.0,8,15,8,248
20.0,8,15,9,249
20.0,8,15,10,250
20.0,8,15,11,251
20.0,8,15,12,252
20.0,8,15,13,253
20.0,8,15,14,254
20.0,8,15,15,256
20.0,9,0,0,223
20.0,9,0,1,224
20.0,9,0,2,225
20.0,9,0,3,226
20.0,9,0,4,227
20.0,9,0,5,228
20.0,9,0,6,229
20.0,9,0,7,230
20.0,9,0,8,231
20.0,9,0,9,232
20.0,9,0,10,233
20.0,9,0,11,235
20.0,9,0,12,236
20.0,9,0,13,237
20.0,9,0,14,238
20.0,9,0,15,239
20.0,9,1,0,224
20.0,9,1,1,225
20.0,9,1,2,226
20.0,9,1,3,227
20.0,9,1,4,228
20.0,9,1,5,230
20.0,9,1,6,231
20.0,9,1,7,232
20.0,9,1,8,233
20.0,9,1,9,234
20.0,9,1,10,235
20.0,9,1,11,236
20.0,9,1,12,237
20.0,9,1,13,238
20.0,9,1,14,239
20.0,9,1,15,240
20.0,9,2,0,225
20.0,9,2,1,227
20.0,9,2,2,228
20.0,9,2,3,229
20.0,9,2,4,230
20.0,9,2,5,231
20.0,9,2,6,232
20.0,9,2,7,233
20.0,9,2,8,234
20.0,9,2,9,235
20.0,9,2,10,236
20.0,9,2,11,237
20.0,9,2,12,238
20.0,9,2,13,239
20.0,9,2,14,240
20.0,9,2,15,242
20.0,9,3,0,227
20.0,9,3,1,228
20.0,9,3,2,229
20.0,9,3,3,230
20.0,9,3,4,231
20.0,9,3,5,232
20.0,9,3,6,233
20.0,9,3,7,234
20.0,9,3,8,236
20.0,9,3,9,237
20.0,9,3,10,238
20.0,9,3,11,239
20.0,9,3,12,240
20.0,9,3,13,241
20.0,9,3,14,242
20.0,9,3,15,243
20.0,9,4,0,228
20.0,9,4,1,229
20.0,9,4,2,230
20.0,9,4,3,231
20.0,9,4,4,233
20.0,9,4,5,234
20.0,9,4,6,235
20.0,9,4,7,236
20.0,9,4,8,237
20.0,9,4,9,238
20.0,9,4,10,239
20.0,9,4,11,240
20.0,9,4,12,241
20.0,9,4,13,242
20.0,9,4,14,243
20.0,9,4,15,244
20.0,9,5,0,229
20.0,9,5,1,231
20.0,9,5,2,232
20.0,9,5,3,233
20.0,9,5,4,234
20.0,9,5,5,235
20.0,9,5,6,236
20.0,9,5,7,237
20.0,9,5,8,238
20.0,9,5,9,239
20.0,9,5,10,240
20.0,9,5,11,242
20.0,9,5,12,243
20.0,9,5,13,244
20.0,9,5,14,245
20.0,9,5,15,246
20.0,9,6,0,231
20.0,9,6,1,232
20.0,9,6,2,233
20.0,9,6,3,234
20.0,9,6,4,235
20.0,9,6,5,236
20.0,9,6,6,237
20.0,9,6,7,239
20.0,9,6,8,240
20.0,9,6,9,241
20.0,9,6,10,242
20.0,9,6,11,243
20.0,9,6,12,244
20.0,9,6,13,245
20.0,9,6,14,246
20.0,9,6,15,247
20.0,9,7,0,232
20.0,9,7,1,233
20.0,9,7,2,234
20.0,9,7,3,235
20.0,9,7,4,237
20.0,9,7,5,238
20.0,9,7,6,239
20.0,9,7,7,240
20.0,9,7,8,241
20.0,9,7,9,242
20.0,9,7,10,243
20.0,9,7,11,244
20.0,9,7,12,245
20.0,9,7,13,246
20.0,9,7,14,247
20.0,9,7,15,249
20.0,9,8,0,233
20.0,9,8,1,234
20.0,9,8,2,236
20.0,9,8,3,237
20.0,9,8,4,238
20.0,9,8,5,239
20.0,9,8,6,240
20.0,9,8,7,241
20.0,9,8,8,242
20.0,9,8,9,243
20.0,9,8,10,245
20.0,9,8,11,246
20.0,9,8,12,247
20.0,9,8,13,248
20.0,9,8,14,249
20.0,9,8,15,250
20.0,9,9,0,235
20.0,9,9,1,236
20.0,9,9,2,237
20.0,9,9,3,238
20.0,9,9,4,239
20.0,9,9,5,240
20.0,9,9,6,241
20.0,9,9,7,243
20.0,9,9,8,244
20.0,9,9,9,245
20.0,9,9,10,246
20.0,9,9,11,247
20.0,9,9,12,248
20.0,9,9,13,249
20.0,9,9,14,250
20.0,9,9,15,251
20.0,9,10,0,236
20.0,9,10,1,237
20.0,9,10,2,238
20.0,9,10,3,239
20.0,9,10,4,240
20.0,9,10,5,242
20.0,9,10,6,243
20.0,9,10,7,244
20.0,9,10,8,245
20.0,9,10,9,246
20.0,9,10,10,247
20.0,9,10,11,248
20.0,9,10,12,249
20.0,9,10,13,250
20.0,9,10,14,252
20.0,9,10,15,253
20.0,9,11,0,237
20.0,9,11,1,238
20.0,9,11,2,239
20.0,9,11,3,241
20.0,9,11,4,242
20.0,9,11,5,243
20.0,9,11,6,244
20.0,9,11,7,245
20.0,9,11,8,246
20.0,9,11,9,247
20.0,9,11,10,249
20.0,9,11,11,250
20.0,9,11,12,251
20.0,9,11,13,252
20.0,9,11,14,253
20.0,9,11,15,254
20.0,9,12,0,238
20.0,9,12,1,240
20.0,9,12,2,241
20.0,9,12,3,242
20.0,9,12,4,243
20.0,9,12,5,244
20.0,9,12,6,245
20.0,9,12,7,246
20.0,9,12,8,248
20.0,9,12,9,249
20.0,9,12,10,250
20.0,9,12,11,251
20.0,9,12,12,252
20.0,9,12,13,253
20.0,9,12,14,254
20.0,9,12,15,255
20.0,9,13,0,240
20.0,9,13,1,241
20.0,9,13,2,242
20.0,9,13,3,243
20.0,9,13,4,244
20.0,9,13,5,245
20.0,9,13,6,247
20.0,9,13,7,248
20.0,9,13,8,249
20.0,9,13,9,250
20.0,9,13,10,251
20.0,9,13,11,252
20.0,9,13,12,253
20.0,9,13,13,254
20.0,9,13,14,256
20.0,9,13,15,257
20.0,9,14,0,241
20.0,9,14,1,242
20.0,9,14,2,243
20.0,9,14,3,244
20.0,9,14,4,246
20.0,9,14,5,247
20.0,9,14,6,248
20.0,9,14,7,249
20.0,9,14,8,250
20.0,9,14,9,251
20.0,9,14,10,252
20.0,9,14,11,254
20.0,9,14,12,255
20.0,9,14,13,256
20.0,9,14,14,257
20.0,9,14,15,258
20.0,9,15,0,242
20.0,9,15,1,243
20.0,9,15,2,245
20.0,9,15,3,246
20.0,9,15,4,247
20.0,9,15,5,248
20.0,9,15,6,249
20.0,9,15,7,250
20.0,9,15,8,251
20.0,9,15,9,253
20.0,9,15,10,254
20.0,9,15,11,255
20.0,9,15,12,256
20.0,9,15,13,257
20.0,9,15,14,258
20.0,9,15,15,259
20.0,10,0,0,226
20.0,10,0,1,227
20.0,10,0,2,228
20.0,10,0,3,229
20.0,10,0,4,230
20.0,10,0,5,232
20.0,10,0,6,233
20.0,10,0,7,234
20.0,10,0,8,235
20.0,10,0,9,236
20.0,10,0,10,237
20.0,10,0,11,238
20.0,10,0,12,239
20.0,10,0,13,240
20.0,10,0,14,241
20.0,10,0,15,242
20.0,10,1,0,227
20.0,10,1,1,229
20.0,10,1,2,230
20.0,10,1,3,231
20.0,10,1,4,232
20.0,10,1,5,233
20.0,10,1,6,234
20.0,10,1,7,235
20.0,10,1,8,236
20.0,10,1,9,237
20.0,10,1,10,238
20.0,10,1,11,239
20.0,10,1,12,240
20.0,10,1,13,242
20.0,10,1,14,243
20.0,10,1,15,244
20.0,10,2,0,229
20.0,10,2,1,230
20.0,10,2,2,231
20.0,10,2,3,232
20.0,10,2,4,233
20.0,10,2,5,234
20.0,10,2,6,235
20.0,10,2,7,237
20.0,10,2,8,238
20.0,10,2,9,239
20.0,10,2,10,240
20.0,10,2,11,241
20.0,10,2,12,242
20.0,10,2,13,243
20.0,10,2,14,244
20.0,10,2,15,245
20.0,10,3,0,230
20.0,10,3,1,231
20.0,10,3,2,232
20.0,10,3,3,234
20.0,10,3,4,235
20.0,10,3,5,236
20.0,10,3,6,237
20.0,10,3,7,238
20.0,10,3,8,239
20.0,10,3,9,240
20.0,10,3,10,241
20.0,10,3,11,242
20.0,10,3,12,243
20.0,10,3,13,244
20.0,10,3,14,245
20.0,10,3,15,247
20.0,10,4,0,231
20.0,10,4,1,233
20.0,10,4,2,234
20.0,10,4,3,235
20.0,10,4,4,236
20.0,10,4,5,237
20.0,10,4,6,238
20.0,10,4,7,239
20.0,10,4,8,240
20.0,10,4,9,241
20.0,10,4,10,243
20.0,10,4,11,244
20.0,10,4,12,245
20.0,10,4,13,246
20.0,10,4,14,247
20.0,10,4,15,248
20.0,10,5,0,233
20.0,10,5,1,234
20.0,10,5,2,235
20.0,10,5,3,236
20.0,10,5,4,237
20.0,10,5,5,238
20.0,10,5,6,240
20.0,10,5,7,241
20.0,10,5,8,242
20.0,10,5,9,243
20.0,10,5,10,244
20.0,10,5,11,245
20.0,10,5,12,246
20.0,10,5,13,247
20.0,10,5,14,248
20.0,10,5,15,249
20.0,10,6,0,234
20.0,10,6,1,235
20.0,10,6,2,236
20.0,10,6,3,238
20.0,10,6,4,239
20.0,10,6,5,240
20.0,10,6,6,241
20.0,10,6,7,242
20.0,10,6,8,243
20.0,10,6,9,244
20.0,10,6,10,245
20.0,10,6,11,246
20.0,10,6,12,248
20.0,10,6,13,249
20.0,10,6,14,250
20.0,10,6,15,251
20.0,10,7,0,235
20.0,10,7,1,237
20.0,10,7,2,238
20.0,10,7,3,239
20.0,10,7,4,240
20.0,10,7,5,241
20.0,10,7,6,242
20.0,10,7,7,243
20.0,10,7,8,245
20.0,10,7,9,246
20.0,10,7,10,247
20.0,10,7,11,248
20.0,10,7,12,249
20.0,10,7,13,250
20.0,10,7,14,251
20.0,10,7,15,252
20.0,10,8,0,237
20.0,10,8,1,238
20.0,10,8,2,239
20.0,10,8,3,240
20.0,10,8,4,241
20.0,10,8,5,242
20.0,10,8,6,244
20.0,10,8,7,245
20.0,10,8,8,246
20.0,10,8,9,247
20.0,10,8,10,248
20.0,10,8,11,249
20.0,10,8,12,250
20.0,10,8,13,251
20.0,10,8,14,253
20.0,10,8,15,254
20.0,10,9,0,238
20.0,10,9,1,239
20.0,10,9,2,240
20.0,10,9,3,242
20.0,10,9,4,243
20.0,10,9,5,244
20.0,10,9,6,245
20.0,10,9,7,246
20.0,10,9,8,247
20.0,10,9,9,248
20.0,10,9,10,249
20.0,10,9,11,251
20.0,10,9,12,252
20.0,10,9,13,253
20.0,10,9,14,254
20.0,10,9,15,255
20.0,10,10,0,239
20.0,10,10,1,241
20.0,10,10,2,242
20.0,10,10,3,243
20.0,10,10,4,244
20.0,10,10,5,245
20.0,10,10,6,246
20.0,10,10,7,247
20.0,10,10,8,249
20.0,10,10,9,250
20.0,10,10,10,251
20.0,10,10,11,252
20.0,10,10,12,253
20.0,10,10,13,254
20.0,10,10,14,255
20.0,10,10,15,256
20.0,10,11,0,241
20.0,10,11,1,242
20.0,10,11,2,243
20.0,10,11,3,244
20.0,10,11,4,245
20.0,10,11,5,246
20.0,10,11,6,248
20.0,10,11,7,249
20.0,10,11,8,250
20.0,10,11,9,251
20.0,10,11,10,252
20.0,10,11,11,253
20.0,10,11,12,254
20.0,10,11,13,256
20.0,10,11,14,257
20.0,10,11,15,258
20.0,10,12,0,242
20.0,10,12,1,243
20.0,10,12,2,244
20.0,10,12,3,245
20.0,10,12,4,247
20.0,10,12,5,248
20.0,10,12,6,249
20.0,10,12,7,250
20.0,10,12,8,251
20.0,10,12,9,252
20.0,10,12,10,254
20.0,10,12,11,255
20.0,10,12,12,256
20.0,10,12,13,257
20.0,10,12,14,258
20.0,10,12,15,259
20.0,10,13,0,243
20.0,10,13,1,244
20.0,10,13,2,246
20.0,10,13,3,247
20.0,10,13,4,248
20.0,10,13,5,249
20.0,10,13,6,250
20.0,10,13,7,251
20.0,10,13,8,253
20.0,10,13,9,254
20.0,10,13,10,255
20.0,10,13,11,256
20.0,10,13,12,257
20.0,10,13,13,258
20.0,10,13,14,259
20.0,10,13,15,260
20.0,10,14,0,244
20.0,10,14,1,246
20.0,10,14,2,247
20.0,10,14,3,248
20.0,10,14,4,249
20.0,10,14,5,250
20.0,10,14,6,252
20.0,10,14,7,253
20.0,10,14,8,254
20.0,10,14,9,255
20.0,10,14,10,256
20.0,10,14,11,257
20.0,10,14,12,258
20.0,10,14,13,260
20.0,10,14,14,261
20.0,10,14,15,262
20.0,10,15,0,246
20.0,10,15,1,247
20.0,10,15,2,248
20.0,10,15,3,249
20.0,10,15,4,250
20.0,10,15,5,252
20.0,10,15,6,253
20.0,10,15,7,254
20.0,10,15,8,255
20.0,10,15,9,256
20.0,10,15,10,257
20.0,10,15,11,259
20.0,10,15,12,260
20.0,10,15,13,261
20.0,10,15,14,262
20.0,10,15,15,263
20.0,11,0,0,229
20.0,11,0,1,230
20.0,11,0,2,232
20.0,11,0,3,233
20.0,11,0,4,234
20.0,11,0,5,235
20.0,11,0,6,236
20.0,11,0,7,237
20.0,11,0,8,238
20.0,11,0,9,239
20.0,11,0,10,240
20.0,11,0,11,241
20.0,11,0,12,243
20.0,11,0,13,244
20.0,11,0,14,245
20.0,11,0,15,246
20.0,11,1,0,231
20.0,11,1,1,232
20.0,11,1,2,233
20.0,11,1,3,234
20.0,11,1,4,235
20.0,11,1,5,236
20.0,11,1,6,237
20.0,11,1,7,239
20.0,11,1,8,240
20.0,11,1,9,241
20.0,11,1,10,242
20.0,11,1,11,243
20.0,11,1,12,244
20.0,11,1,13,245
20.0,11,1,14,246
20.0,11,1,15,247
20.0,11,2,0,232
20.0,11,2,1,233
20.0,11,2,2,234
20.0,11,2,3,236
20.0,11,2,4,237
20.0,11,2,5,238
20.0,11,2,6,239
20.0,11,2,7,240
20.0,11,2,8,241
20.0,11,2,9,242
20.0,11,2,10,243
20.0,11,2,11,244
20.0,11,2,12,245
20.0,11,2,13,246
20.0,11,2,14,248
20.0,11,2,15,249
20.0,11,3,0,233
20.0,11,3,1,235
20.0,11,3,2,236
20.0,11,3,3,237
20.0,11,3,4,238
20.0,11,3,5,239
20.0,11,3,6,240
20.0,11,3,7,241
20.0,11,3,8,242
20.0,11,3,9,244
20.0,11,3,10,245
20.0,11,3,11,246
20.0,11,3,12,247
20.0,11,3,13,248
20.0,11,3,14,249
20.0,11,3,15,250
20.0,11,4,0,235
20.0,11,4,1,236
20.0,11,4,2,237
20.0,11,4,3,238
20.0,11,4,4,239
20.0,11,4,5,241
20.0,11,4,6,242
20.0,11,4,7,243
20.0,11,4,8,244
20.0,11,4,9,245
20.0,11,4,10,246
20.0,11,4,11,247
20.0,11,4,12,248
20.0,11,4,13,249
20.0,11,4,14,250
20.0,11,4,15,252
20.0,11,5,0,236
20.0,11,5,1,237
20.0,11,5,2,238
20.0,11,5,3,240
20.0,11,5,4,241
20.0,11,5,5,242
20.0,11,5,6,243
20.0,11,5,7,244
20.0,11,5,8,245
20.0,11,5,9,246
20.0,11,5,10,248
20.0,11,5,11,249
20.0,11,5,12,250
20.0,11,5,13,251
20.0,11,5,14,252
20.0,11,5,15,253
20.0,11,6,0,238
20.0,11,6,1,239
20.0,11,6,2,240
20.0,11,6,3,241
20.0,11,6,4,242
20.0,11,6,5,243
20.0,11,6,6,244
20.0,11,6,7,246
20.0,11,6,8,247
20.0,11,6,9,248
20.0,11,6,10,249
20.0,11,6,11,250
20.0,11,6,12,251
20.0,11,6,13,252
20.0,11,6,14,253
20.0,11,6,15,254
20.0,11,7,0,239
20.0,11,7,1,240
20.0,11,7,2,241
20.0,11,7,3,242
20.0,11,7,4,244
20.0,11,7,5,245
20.0,11,7,6,246
20.0,11,7,7,247
20.0,11,7,8,248
20.0,11,7,9,249
20.0,11,7,10,250
20.0,11,7,11,251
20.0,11,7,12,253
20.0,11,7,13,254
20.0,11,7,14,255
20.0,11,7,15,256
20.0,11,8,0,240
20.0,11,8,1,241
20.0,11,8,2,243
20.0,11,8,3,244
20.0,11,8,4,245
20.0,11,8,5,246
20.0,11,8,6,247
20.0,11,8,7,248
20.0,11,8,8,249
20.0,11,8,9,251
20.0,11,8,10,252
20.0,11,8,11,253
20.0,11,8,12,254
20.0,11,8,13,255
20.0,11,8,14,256
20.0,11,8,15,257
20.0,11,9,0,242
20.0,11,9,1,243
20.0,11,9,2,244
20.0,11,9,3,245
20.0,11,9,4,246
20.0,11,9,5,247
20.0,11,9,6,249
20.0,11,9,7,250
20.0,11,9,8,251
20.0,11,9,9,252
20.0,11,9,10,253
20.0,11,9,11,254
20.0,11,9,12,255
20.0,11,9,13,256
20.0,11,9,14,258
20.0,11,9,15,259
20.0,11,10,0,243
20.0,11,10,1,244
20.0,11,10,2,245
20.0,11,10,3,246
20.0,11,10,4,248
20.0,11,10,5,249
20.0,11,10,6,250
20.0,11,10,7,251
20.0,11,10,8,252
20.0,11,10,9,253
20.0,11,10,10,254
20.0,11,10,11,256
20.0,11,10,12,257
20.0,11,10,13,258
20.0,11,10,14,259
20.0,11,10,15,260
20.0,11,11,0,244
20.0,11,11,1,245
20.0,11,11,2,247
20.0,11,11,3,248
20.0,11,11,4,249
20.0,11,11,5,250
20.0,11,11,6,251
20.0,11,11,7,252
20.0,11,11,8,254
20.0,11,11,9,255
20.0,11,11,10,256
20.0,11,11,11,257
20.0,11,11,12,258
20.0,11,11,13,259
20.0,11,11,14,260
20.0,11,11,15,261
20.0,11,12,0,245
20.0,11,12,1,247
20.0,11,12,2,248
20.0,11,12,3,249
20.0,11,12,4,250
20.0,11,12,5,251
20.0,11,12,6,253
20.0,11,12,7,254
20.0,11,12,8,255
20.0,11,12,9,256
20.0,11,12,10,257
20.0,11,12,11,258
20.0,11,12,12,259
20.0,11,12,13,261
20.0,11,12,14,262
20.0,11,12,15,263
20.0,11,13,0,247
20.0,11,13,1,248
20.0,11,13,2,249
20.0,11,13,3,250
20.0,11,13,4,252
20.0,11,13,5,253
20.0,11,13,6,254
20.0,11,13,7,255
20.0,11,13,8,256
20.0,11,13,9,257
20.0,11,13,10,259
20.0,11,13,11,260
20.0,11,13,12,261
20.0,11,13,13,262
20.0,11,13,14,263
20.0,11,13,15,264
20.0,11,14,0,248
20.0,11,14,1,249
20.0,11,14,2,250
20.0,11,14,3,252
20.0,11,14,4,253
20.0,11,14,5,254
20.0,11,14,6,255
20.0,11,14,7,256
20.0,11,14,8,258
20.0,11,14,9,259
20.0,11,14,10,260
20.0,11,14,11,261
20.0,11,14,12,262
20.0,11,14,13,263
20.0,11,14,14,264
20.0,11,14,15,266
20.0,11,15,0,249
20.0,11,15,1,250
20.0,11,15,2,252
20.0,11,15,3,253
20.0,11,15,4,254
20.0,11,15,5,255
20.0,11,15,6,257
20.0,11,15,7,258
20.0,11,15,8,259
20.0,11,15,9,260
20.0,11,15,10,261
20.0,11,15,11,262
20.0,11,15,12,264
20.0,11,15,13,265
20.0,11,15,14,266
20.0,11,15,15,267
20.0,12,0,0,233
20.0,12,0,1,234
20.0,12,0,2,235
20.0,12,0,3,236
20.0,12,0,4,237
20.0,12,0,5,238
20.0,12,0,6,239
20.0,12,0,7,241
20.0,12,0,8,242
20.0,12,0,9,243
20.0,12,0,10,244
20.0,12,0,11,245
20.0,12,0,12,246
20.0,12,0,13,247
20.0,12,0,14,248
20.0,12,0,15,249
20.0,12,1,0,234
20.0,12,1,1,235
20.0,12,1,2,236
20.0,12,1,3,237
20.0,12,1,4,239
20.0,12,1,5,240
20.0,12,1,6,241
20.0,12,1,7,242
20.0,12,1,8,243
20.0,12,1,9,244
20.0,12,1,10,245
20.0,12,1,11,246
20.0,12,1,12,247
20.0,12,1,13,249
20.0,12,1,14,250
20.0,12,1,15,251
20.0,12,2,0,235
20.0,12,2,1,237
20.0,12,2,2,238
20.0,12,2,3,239
20.0,12,2,4,240
20.0,12,2,5,241
20.0,12,2,6,242
20.0,12,2,7,243
20.0,12,2,8,245
20.0,12,2,9,246
20.0,12,2,10,247
20.0,12,2,11,248
20.0,12,2,12,249
20.0,12,2,13,250
20.0,12,2,14,251
20.0,12,2,15,252
20.0,12,3,0,237
20.0,12,3,1,238
20.0,12,3,2,239
20.0,12,3,3,240
20.0,12,3,4,241
20.0,12,3,5,243
20.0,12,3,6,244
20.0,12,3,7,245
20.0,12,3,8,246
20.0,12,3,9,247
20.0,12,3,10,248
20.0,12,3,11,249
20.0,12,3,12,250
20.0,12,3,13,251
20.0,12,3,14,253
20.0,12,3,15,254
20.0,12,4,0,238
20.0,12,4,1,239
20.0,12,4,2,241
20.0,12,4,3,242
20.0,12,4,4,243
20.0,12,4,5,244
20.0,12,4,6,245
20.0,12,4,7,246
20.0,12,4,8,247
20.0,12,4,9,249
20.0,12,4,10,250
20.0,12,4,11,251
20.0,12,4,12,252
20.0,12,4,13,253
20.0,12,4,14,254
20.0,12,4,15,255
20.0,12,5,0,240
20.0,12,5,1,241
20.0,12,5,2,242
20.0,12,5,3,243
20.0,12,5,4,244
20.0,12,5,5,245
20.0,12,5,6,247
20.0,12,5,7,248
20.0,12,5,8,249
20.0,12,5,9,250
20.0,12,5,10,251
20.0,12,5,11,252
20.0,12,5,12,253
20.0,12,5,13,254
20.0,12,5,14,256
20.0,12,5,15,257
20.0,12,6,0,241
20.0,12,6,1,242
20.0,12,6,2,243
20.0,12,6,3,244
20.0,12,6,4,246
20.0,12,6,5,247
20.0,12,6,6,248
20.0,12,6,7,249
20.0,12,6,8,250
20.0,12,6,9,251
20.0,12,6,10,252
20.0,12,6,11,254
20.0,12,6,12,255
20.0,12,6,13,256
20.0,12,6,14,257
20.0,12,6,15,258
20.0,12,7,0,242
20.0,12,7,1,243
20.0,12,7,2,245
20.0,12,7,3,246
20.0,12,7,4,247
20.0,12,7,5,248
20.0,12,7,6,249
20.0,12,7,7,250
20.0,12,7,8,252
20.0,12,7,9,253
20.0,12,7,10,254
20.0,12,7,11,255
20.0,12,7,12,256
20.0,12,7,13,257
20.0,12,7,14,258
20.0,12,7,15,260
20.0,12,8,0,244
20.0,12,8,1,245
20.0,12,8,2,246
20.0,12,8,3,247
20.0,12,8,4,248
20.0,12,8,5,250
20.0,12,8,6,251
20.0,12,8,7,252
20.0,12,8,8,253
20.0,12,8,9,254
20.0,12,8,10,255
20.0,12,8,11,256
20.0,12,8,12,258
20.0,12,8,13,259
20.0,12,8,14,260
20.0,12,8,15,261
20.0,12,9,0,245
20.0,12,9,1,246
20.0,12,9,2,247
20.0,12,9,3,249
20.0,12,9,4,250
20.0,12,9,5,251
20.0,12,9,6,252
20.0,12,9,7,253
20.0,12,9,8,254
20.0,12,9,9,256
20.0,12,9,10,257
20.0,12,9,11,258
20.0,12,9,12,259
20.0,12,9,13,260
20.0,12,9,14,261
20.0,12,9,15,262
20.0,12,10,0,246
20.0,12,10,1,247
20.0,12,10,2,249
20.0,12,10,3,250
20.0,12,10,4,251
20.0,12,10,5,252
20.0,12,10,6,253
20.0,12,10,7,255
20.0,12,10,8,256
20.0,12,10,9,257
20.0,12,10,10,258
20.0,12,10,11,259
20.0,12,10,12,260
20.0,12,10,13,262
20.0,12,10,14,263
20.0,12,10,15,264
20.0,12,11,0,248
20.0,12,11,1,249
20.0,12,11,2,250
20.0,12,11,3,251
20.0,12,11,4,252
20.0,12,11,5,254
20.0,12,11,6,255
20.0,12,11,7,256
20.0,12,11,8,257
20.0,12,11,9,258
20.0,12,11,10,259
20.0,12,11,11,261
20.0,12,11,12,262
20.0,12,11,13,263
20.0,12,11,14,264
20.0,12,11,15,265
20.0,12,12,0,249
20.0,12,12,1,250
20.0,12,12,2,251
20.0,12,12,3,253
20.0,12,12,4,254
20.0,12,12,5,255
20.0,12,12,6,256
20.0,12,12,7,257
20.0,12,12,8,259
20.0,12,12,9,260
20.0,12,12,10,261
20.0,12,12,11,262
20.0,12,12,12,263
20.0,12,12,13,264
20.0,12,12,14,265
20.0,12,12,15,267
20.0,12,13,0,250
20.0,12,13,1,251
20.0,12,13,2,253
20.0,12,13,3,254
20.0,12,13,4,255
20.0,12,13,5,256
20.0,12,13,6,258
20.0,12,13,7,259
20.0,12,13,8,260
20.0,12,13,9,261
20.0,12,13,10,262
20.0,12,13,11,263
20.0,12,13,12,265
20.0,12,13,13,266
20.0,12,13,14,267
20.0,12,13,15,268
20.0,12,14,0,252
20.0,12,14,1,253
20.0,12,14,2,254
20.0,12,14,3,255
20.0,12,14,4,256
20.0,12,14,5,258
20.0,12,14,6,259
20.0,12,14,7,260
20.0,12,14,8,261
20.0,12,14,9,262
20.0,12,14,10,264
20.0,12,14,11,265
20.0,12,14,12,266
20.0,12,14,13,267
20.0,12,14,14,268
20.0,12,14,15,269
20.0,12,15,0,253
20.0,12,15,1,254
20.0,12,15,2,255
20.0,12,15,3,257
20.0,12,15,4,258
20.0,12,15,5,259
20.0,12,15,6,260
20.0,12,15,7,261
20.0,12,15,8,263
20.0,12,15,9,264
20.0,12,15,10,265
20.0,12,15,11,266
20.0,12,15,12,267
20.0,12,15,13,268
20.0,12,15,14,270
20.0,12,15,15,271
20.0,13,0,0,236
20.0,13,0,1,237
20.0,13,0,2,238
20.0,13,0,3,239
20.0,13,0,4,241
20.0,13,0,5,242
20.0,13,0,6,243
20.0,13,0,7,244
20.0,13,0,8,245
20.0,13,0,9,246
20.0,13,0,10,247
20.0,13,0,11,248
20.0,13,0,12,249
20.0,13,0,13,251
20.0,13,0,14,252
20.0,13,0,15,253
20.0,13,1,0,237
20.0,13,1,1,239
20.0,13,1,2,240
20.0,13,1,3,241
20.0,13,1,4,242
20.0,13,1,5,243
20.0,13,1,6,244
20.0,13,1,7,245
20.0,13,1,8,247
20.0,13,1,9,248
20.0,13,1,10,249
20.0,13,1,11,250
20.0,13,1,12,251
20.0,13,1,13,252
20.0,13,1,14,253
20.0,13,1,15,254
20.0,13,2,0,239
20.0,13,2,1,240
20.0,13,2,2,241
20.0,13,2,3,242
20.0,13,2,4,243
20.0,13,2,5,245
20.0,13,2,6,246
20.0,13,2,7,247
20.0,13,2,8,248
20.0,13,2,9,249
20.0,13,2,10,250
20.0,13,2,11,251
20.0,13,2,12,252
20.0,13,2,13,254
20.0,13,2,14,255
20.0,13,2,15,256
20.0,13,3,0,240
20.0,13,3,1,241
20.0,13,3,2,243
20.0,13,3,3,244
20.0,13,3,4,245
20.0,13,3,5,246
20.0,13,3,6,247
20.0,13,3,7,248
20.0,13,3,8,249
20.0,13,3,9,251
20.0,13,3,10,252
20.0,13,3,11,253
20.0,13,3,12,254
20.0,13,3,13,255
20.0,13,3,14,256
20.0,13,3,15,257
20.0,13,4,0,242
20.0,13,4,1,243
20.0,13,4,2,244
20.0,13,4,3,245
20.0,13,4,4,246
20.0,13,4,5,247
20.0,13,4,6,249
20.0,13,4,7,250
20.0,13,4,8,251
20.0,13,4,9,252
20.0,13,4,10,253
20.0,13,4,11,254
20.0,13,4,12,255
20.0,13,4,13,257
20.0,13,4,14,258
20.0,13,4,15,259
20.0,13,5,0,243
20.0,13,5,1,244
20.0,13,5,2,245
20.0,13,5,3,247
20.0,13,5,4,248
20.0,13,5,5,249
20.0,13,5,6,250
20.0,13,5,7,251
20.0,13,5,8,252
20.0,13,5,9,253
20.0,13,5,10,255
20.0,13,5,11,256
20.0,13,5,12,257
20.0,13,5,13,258
20.0,13,5,14,259
20.0,13,5,15,260
20.0,13,6,0,244
20.0,13,6,1,246
20.0,13,6,2,247
20.0,13,6,3,248
20.0,13,6,4,249
20.0,13,6,5,250
20.0,13,6,6,251
20.0,13,6,7,253
20.0,13,6,8,254
20.0,13,6,9,255
20.0,13,6,10,256
20.0,13,6,11,257
20.0,13,6,12,258
20.0,13,6,13,259
20.0,13,6,14,261
20.0,13,6,15,262
20.0,13,7,0,246
20.0,13,7,1,247
20.0,13,7,2,248
20.0,13,7,3,249
20.0,13,7,4,250
20.0,13,7,5,252
20.0,13,7,6,253
20.0,13,7,7,254
20.0,13,7,8,255
20.0,13,7,9,256
20.0,13,7,10,257
20.0,13,7,11,259
20.0,13,7,12,260
20.0,13,7,13,261
20.0,13,7,14,262
20.0,13,7,15,263
20.0,13,8,0,247
20.0,13,8,1,248
20.0,13,8,2,249
20.0,13,8,3,251
20.0,13,8,4,252
20.0,13,8,5,253
20.0,13,8,6,254
20.0,13,8,7,255
20.0,13,8,8,257
20.0,13,8,9,258
20.0,13,8,10,259
20.0,13,8,11,260
20.0,13,8,12,261
20.0,13,8,13,262
20.0,13,8,14,264
20.0,13,8,15,265
20.0,13,9,0,248
20.0,13,9,1,250
20.0,13,9,2,251
20.0,13,9,3,252
20.0,13,9,4,253
20.0,13,9,5,254
20.0,13,9,6,256
20.0,13,9,7,257
20.0,13,9,8,258
20.0,13,9,9,259
20.0,13,9,10,260
20.0,13,9,11,261
20.0,13,9,12,263
20.0,13,9,13,264
20.0,13,9,14,265
20.0,13,9,15,266
20.0,13,10,0,250
20.0,13,10,1,251
20.0,13,10,2,252
20.0,13,10,3,253
20.0,13,10,4,255
20.0,13,10,5,256
20.0,13,10,6,257
20.0,13,10,7,258
20.0,13,10,8,259
20.0,13,10,9,261
20.0,13,10,10,262
20.0,13,10,11,263
20.0,13,10,12,264
20.0,13,10,13,265
20.0,13,10,14,266
20.0,13,10,15,268
20.0,13,11,0,251
20.0,13,11,1,252
20.0,13,11,2,254
20.0,13,11,3,255
20.0,13,11,4,256
20.0,13,11,5,257
20.0,13,11,6,258
20.0,13,11,7,260
20.0,13,11,8,261
20.0,13,11,9,262
20.0,13,11,10,263
20.0,13,11,11,264
20.0,13,11,12,265
20.0,13,11,13,267
20.0,13,11,14,268
20.0,13,11,15,269
20.0,13,12,0,252
20.0,13,12,1,254
20.0,13,12,2,255
20.0,13,12,3,256
20.0,13,12,4,257
20.0,13,12,5,259
20.0,13,12,6,260
20.0,13,12,7,261
20.0,13,12,8,262
20.0,13,12,9,263
20.0,13,12,10,265
20.0,13,12,11,266
20.0,13,12,12,267
20.0,13,12,13,268
20.0,13,12,14,269
20.0,13,12,15,270
20.0,13,13,0,254
20.0,13,13,1,255
20.0,13,13,2,256
20.0,13,13,3,257
20.0,13,13,4,259
20.0,13,13,5,260
20.0,13,13,6,261
20.0,13,13,7,262
20.0,13,13,8,264
20.0,13,13,9,265
20.0,13,13,10,266
20.0,13,13,11,267
20.0,13,13,12,268
20.0,13,13,13,269
20.0,13,13,14,271
20.0,13,13,15,272
20.0,13,14,0,255
20.0,13,14,1,256
20.0,13,14,2,258
20.0,13,14,3,259
20.0,13,14,4,260
20.0,13,14,5,261
20.0,13,14,6,263
20.0,13,14,7,264
20.0,13,14,8,265
20.0,13,14,9,266
20.0,13,14,10,267
20.0,13,14,11,269
20.0,13,14,12,270
20.0,13,14,13,271
20.0,13,14,14,272
20.0,13,14,15,273
20.0,13,15,0,256
20.0,13,15,1,258
20.0,13,15,2,259
20.0,13,15,3,260
20.0,13,15,4,261
20.0,13,15,5,263
20.0,13,15,6,264
20.0,13,15,7,265
20.0,13,15,8,266
20.0,13,15,9,268
20.0,13,15,10,269
20.0,13,15,11,270
20.0,13,15,12,271
20.0,13,15,13,272
20.0,13,15,14,273
20.0,13,15,15,275
20.0,14,0,0,239
20.0,14,0,1,240
20.0,14,0,2,242
20.0,14,0,3,243
20.0,14,0,4,244
20.0,14,0,5,245
20.0,14,0,6,246
20.0,14,0,7,247
20.0,14,0,8,248
20.0,14,0,9,250
20.0,14,0,10,251
20.0,14,0,11,252
20.0,14,0,12,253
20.0,14,0,13,254
20.0,14,0,14,255
20.0,14,0,15,256
20.0,14,1,0,241
20.0,14,1,1,242
20.0,14,1,2,243
20.0,14,1,3,244
20.0,14,1,4,245
20.0,14,1,5,246
20.0,14,1,6,248
20.0,14,1,7,249
20.0,14,1,8,250
20.0,14,1,9,251
20.0,14,1,10,252
20.0,14,1,11,253
20.0,14,1,12,254
20.0,14,1,13,256
20.0,14,1,14,257
20.0,14,1,15,258
20.0,14,2,0,242
20.0,14,2,1,243
20.0,14,2,2,244
20.0,14,2,3,246
20.0,14,2,4,247
20.0,14,2,5,248
20.0,14,2,6,249
20.0,14,2,7,250
20.0,14,2,8,251
20.0,14,2,9,253
20.0,14,2,10,254
20.0,14,2,11,255
20.0,14,2,12,256
20.0,14,2,13,257
20.0,14,2,14,258
20.0,14,2,15,259
20.0,14,3,0,244
20.0,14,3,1,245
20.0,14,3,2,246
20.0,14,3,3,247
20.0,14,3,4,248
20.0,14,3,5,249
20.0,14,3,6,251
20.0,14,3,7,252
20.0,14,3,8,253
20.0,14,3,9,254
20.0,14,3,10,255
20.0,14,3,11,256
20.0,14,3,12,257
20.0,14,3,13,259
20.0,14,3,14,260
20.0,14,3,15,261
20.0,14,4,0,245
20.0,14,4,1,246
20.0,14,4,2,247
20.0,14,4,3,249
20.0,14,4,4,250
20.0,14,4,5,251
20.0,14,4,6,252
20.0,14,4,7,253
20.0,14,4,8,254
20.0,14,4,9,256
20.0,14,4,10,257
20.0,14,4,11,258
20.0,14,4,12,259
20.0,14,4,13,260
20.0,14,4,14,261
20.0,14,4,15,262
20.0,14,5,0,246
20.0,14,5,1,248
20.0,14,5,2,249
20.0,14,5,3,250
20.0,14,5,4,251
20.0,14,5,5,252
20.0,14,5,6,253
20.0,14,5,7,255
20.0,14,5,8,256
20.0,14,5,9,257
20.0,14,5,10,258
20.0,14,5,11,259
20.0,14,5,12,260
20.0,14,5,13,262
20.0,14,5,14,263
20.0,14,5,15,264
20.0,14,6,0,248
20.0,14,6,1,249
20.0,14,6,2,250
20.0,14,6,3,251
20.0,14,6,4,253
20.0,14,6,5,254
20.0,14,6,6,255
20.0,14,6,7,256
20.0,14,6,8,257
20.0,14,6,9,258
20.0,14,6,10,260
20.0,14,6,11,261
20.0,14,6,12,262
20.0,14,6,13,263
20.0,14,6,14,264
20.0,14,6,15,265
20.0,14,7,0,249
20.0,14,7,1,250
20.0,14,7,2,252
20.0,14,7,3,253
20.0,14,7,4,254
20.0,14,7,5,255
20.0,14,7,6,256
20.0,14,7,7,258
20.0,14,7,8,259
20.0,14,7,9,260
20.0,14,7,10,261
20.0,14,7,11,262
20.0,14,7,12,263
20.0,14,7,13,265
20.0,14,7,14,266
20.0,14,7,15,267
20.0,14,8,0,251
20.0,14,8,1,252
20.0,14,8,2,253
20.0,14,8,3,254
20.0,14,8,4,255
20.0,14,8,5,257
20.0,14,8,6,258
20.0,14,8,7,259
20.0,14,8,8,260
20.0,14,8,9,261
20.0,14,8,10,263
20.0,14,8,11,264
20.0,14,8,12,265
20.0,14,8,13,266
20.0,14,8,14,267
20.0,14,8,15,268
20.0,14,9,0,252
20.0,14,9,1,253
20.0,14,9,2,254
20.0,14,9,3,256
20.0,14,9,4,257
20.0,14,9,5,258
20.0,14,9,6,259
20.0,14,9,7,260
20.0,14,9,8,262
20.0,14,9,9,263
20.0,14,9,10,264
20.0,14,9,11,265
20.0,14,9,12,266
20.0,14,9,13,267
20.0,14,9,14,269
20.0,14,9,15,270
20.0,14,10,0,253
20.0,14,10,1,254
20.0,14,10,2,256
20.0,14,10,3,257
20.0,14,10,4,258
20.0,14,10,5,259
20.0,14,10,6,261
20.0,14,10,7,262
20.0,14,10,8,263
20.0,14,10,9,264
20.0,14,10,10,265
20.0,14,10,11,267
20.0,14,10,12,268
20.0,14,10,13,269
20.0,14,10,14,270
20.0,14,10,15,271
20.0,14,11,0,255
20.0,14,11,1,256
20.0,14,11,2,257
20.0,14,11,3,258
20.0,14,11,4,260
20.0,14,11,5,261
20.0,14,11,6,262
20.0,14,11,7,263
20.0,14,11,8,264
20.0,14,11,9,266
20.0,14,11,10,267
20.0,14,11,11,268
20.0,14,11,12,269
20.0,14,11,13,270
20.0,14,11,14,272
20.0,14,11,15,273
20.0,14,12,0,256
20.0,14,12,1,257
20.0,14,12,2,258
20.0,14,12,3,260
20.0,14,12,4,261
20.0,14,12,5,262
20.0,14,12,6,263
20.0,14,12,7,265
20.0,14,12,8,266
20.0,14,12,9,267
20.0,14,12,10,268
20.0,14,12,11,269
20.0,14,12,12,271
20.0,14,12,13,272
20.0,14,12,14,273
20.0,14,12,15,274
20.0,14,13,0,257
20.0,14,13,1,259
20.0,14,13,2,260
20.0,14,13,3,261
20.0,14,13,4,262
20.0,14,13,5,264
20.0,14,13,6,265
20.0,14,13,7,266
20.0,14,13,8,267
20.0,14,13,9,268
20.0,14,13,10,270
20.0,14,13,11,271
20.0,14,13,12,272
20.0,14,13,13,273
20.0,14,13,14,274
20.0,14,13,15,276
20.0,14,14,0,259
20.0,14,14,1,260
20.0,14,14,2,261
20.0,14,14,3,262
20.0,14,14,4,264
20.0,14,14,5,265
20.0,14,14,6,266
20.0,14,14,7,267
20.0,14,14,8,269
20.0,14,14,9,270
20.0,14,14,10,271
20.0,14,14,11,272
20.0,14,14,12,273
20.0,14,14,13,275
20.0,14,14,14,276
20.0,14,14,15,277
20.0,14,15,0,260
20.0,14,15,1,261
20.0,14,15,2,263
20.0,14,15,3,264
20.0,14,15,4,265
20.0,14,15,5,266
20.0,14,15,6,268
20.0,14,15,7,269
20.0,14,15,8,270
20.0,14,15,9,271
20.0,14,15,10,272
20.0,14,15,11,274
20.0,14,15,12,275
20.0,14,15,13,276
20.0,14,15,14,277
20.0,14,15,15,278
20.0,15,0,0,242
20.0,15,0,1,244
20.0,15,0,2,245
20.0,15,0,3,246
20.0,15,0,4,247
20.0,15,0,5,248
20.0,15,0,6,250
20.0,15,0,7,251
20.0,15,0,8,252
20.0,15,0,9,253
20.0,15,0,10,254
20.0,15,0,11,255
20.0,15,0,12,256
20.0,15,0,13,258
20.0,15,0,14,259
20.0,15,0,15,260
20.0,15,1,0,244
20.0,15,1,1,245
20.0,15,1,2,246
20.0,15,1,3,248
20.0,15,1,4,249
20.0,15,1,5,250
20.0,15,1,6,251
20.0,15,1,7,252
20.0,15,1,8,253
20.0,15,1,9,255
20.0,15,1,10,256
20.0,15,1,11,257
20.0,15,1,12,258
20.0,15,1,13,259
20.0,15,1,14,260
20.0,15,1,15,261
20.0,15,2,0,245
20.0,15,2,1,247
20.0,15,2,2,248
20.0,15,2,3,249
20.0,15,2,4,250
20.0,15,2,5,251
20.0,15,2,6,253
20.0,15,2,7,254
20.0,15,2,8,255
20.0,15,2,9,256
20.0,15,2,10,257
20.0,15,2,11,258
20.0,15,2,12,259
20.0,15,2,13,261
20.0,15,2,14,262
20.0,15,2,15,263
20.0,15,3,0,247
20.0,15,3,1,248
20.0,15,3,2,249
20.0,15,3,3,250
20.0,15,3,4,252
20.0,15,3,5,253
20.0,15,3,6,254
20.0,15,3,7,255
20.0,15,3,8,256
20.0,15,3,9,258
20.0,15,3,10,259
20.0,15,3,11,260
20.0,15,3,12,261
20.0,15,3,13,262
20.0,15,3,14,263
20.0,15,3,15,264
20.0,15,4,0,248
20.0,15,4,1,250
20.0,15,4,2,251
20.0,15,4,3,252
20.0,15,4,4,253
20.0,15,4,5,254
20.0,15,4,6,255
20.0,15,4,7,257
20.0,15,4,8,258
20.0,15,4,9,259
20.0,15,4,10,260
20.0,15,4,11,261
20.0,15,4,12,263
20.0,15,4,13,264
20.0,15,4,14,265
20.0,15,4,15,266
20.0,15,5,0,250
20.0,15,5,1,251
20.0,15,5,2,252
20.0,15,5,3,253
20.0,15,5,4,255
20.0,15,5,5,256
20.0,15,5,6,257
20.0,15,5,7,258
20.0,15,5,8,259
20.0,15,5,9,261
20.0,15,5,10,262
20.0,15,5,11,263
20.0,15,5,12,264
20.0,15,5,13,265
20.0,15,5,14,266
20.0,15,5,15,267
20.0,15,6,0,251
20.0,15,6,1,252
20.0,15,6,2,254
20.0,15,6,3,255
20.0,15,6,4,256
20.0,15,6,5,257
20.0,15,6,6,258
20.0,15,6,7,260
20.0,15,6,8,261
20.0,15,6,9,262
20.0,15,6,10,263
20.0,15,6,11,264
20.0,15,6,12,266
20.0,15,6,13,267
20.0,15,6,14,268
20.0,15,6,15,269
20.0,15,7,0,253
20.0,15,7,1,254
20.0,15,7,2,255
20.0,15,7,3,256
20.0,15,7,4,257
20.0,15,7,5,259
20.0,15,7,6,260
20.0,15,7,7,261
20.0,15,7,8,262
20.0,15,7,9,263
20.0,15,7,10,265
20.0,15,7,11,266
20.0,15,7,12,267
20.0,15,7,13,268
20.0,15,7,14,269
20.0,15,7,15,271
20.0,15,8,0,254
20.0,15,8,1,255
20.0,15,8,2,256
20.0,15,8,3,258
20.0,15,8,4,259
20.0,15,8,5,260
20.0,15,8,6,261
20.0,15,8,7,263
20.0,15,8,8,264
20.0,15,8,9,265
20.0,15,8,10,266
20.0,15,8,11,267
20.0,15,8,12,268
20.0,15,8,13,270
20.0,15,8,14,271
20.0,15,8,15,272
20.0,15,9,0,255
20.0,15,9,1,257
20.0,15,9,2,258
20.0,15,9,3,259
20.0,15,9,4,260
20.0,15,9,5,262
20.0,15,9,6,263
20.0,15,9,7,264
20.0,15,9,8,265
20.0,15,9,9,266
20.0,15,9,10,268
20.0,15,9,11,269
20.0,15,9,12,270
20.0,15,9,13,271
20.0,15,9,14,272
20.0,15,9,15,273
20.0,15,10,0,257
20.0,15,10,1,258
20.0,15,10,2,259
20.0,15,10,3,260
20.0,15,10,4,262
20.0,15,10,5,263
20.0,15,10,6,264
20.0,15,10,7,265
20.0,15,10,8,267
20.0,15,10,9,268
20.0,15,10,10,269
20.0,15,10,11,270
20.0,15,10,12,271
20.0,15,10,13,273
20.0,15,10,14,274
20.0,15,10,15,275
20.0,15,11,0,258
20.0,15,11,1,259
20.0,15,11,2,261
20.0,15,11,3,262
20.0,15,11,4,263
20.0,15,11,5,264
20.0,15,11,6,266
20.0,15,11,7,267
20.0,15,11,8,268
20.0,15,11,9,269
20.0,15,11,10,270
20.0,15,11,11,272
20.0,15,11,12,273
20.0,15,11,13,274
20.0,15,11,14,275
20.0,15,11,15,276
20.0,15,12,0,259
20.0,15,12,1,261
20.0,15,12,2,262
20.0,15,12,3,263
20.0,15,12,4,265
20.0,15,12,5,266
20.0,15,12,6,267
20.0,15,12,7,268
20.0,15,12,8,269
20.0,15,12,9,271
20.0,15,12,10,272
20.0,15,12,11,273
20.0,15,12,12,274
20.0,15,12,13,276
20.0,15,12,14,277
20.0,15,12,15,278
20.0,15,13,0,261
20.0,15,13,1,262
20.0,15,13,2,263
20.0,15,13,3,265
20.0,15,13,4,266
20.0,15,13,5,267
20.0,15,13,6,268
20.0,15,13,7,270
20.0,15,13,8,271
20.0,15,13,9,272
20.0,15,13,10,273
20.0,15,13,11,275
20.0,15,13,12,276
20.0,15,13,13,277
20.0,15,13,14,278
20.0,15,13,15,279
20.0,15,14,0,262
20.0,15,14,1,263
20.0,15,14,2,265
20.0,15,14,3,266
20.0,15,14,4,267
20.0,15,14,5,269
20.0,15,14,6,270
20.0,15,14,7,271
20.0,15,14,8,272
20.0,15,14,9,274
20.0,15,14,10,275
20.0,15,14,11,276
20.0,15,14,12,277
20.0,15,14,13,278
20.0,15,14,14,280
20.0,15,14,15,281
20.0,15,15,0,264
20.0,15,15,1,265
20.0,15,15,2,266
20.0,15,15,3,267
20.0,15,15,4,269
20.0,15,15,5,270
20.0,15,15,6,271
20.0,15,15,7,272
20.0,15,15,8,274
20.0,15,15,9,275
20.0,15,15,10,276
20.0,15,15,11,277
20.0,15,15,12,279
20.0,15,15,13,280
20.0,15,15,14,281
20.0,15,15,15,282
20.5,0,0,0,198
20.5,0,0,1,199
20.5,0,0,2,200
20.5,0,0,3,201
20.5,0,0,4,202
20.5,0,0,5,203
20.5,0,0,6,204
20.5,0,0,7,205
20.5,0,0,8,206
20.5,0,0,9,207
20.5,0,0,10,208
20.5,0,0,11,209
20.5,0,0,12,209
20.5,0,0,13,210
20.5,0,0,14,211
20.5,0,0,15,212
20.5,0,1,0,199
20.5,0,1,1,200
20.5,0,1,2,201
20.5,0,1,3,202
20.5,0,1,4,203
20.5,0,1,5,204
20.5,0,1,6,205
20.5,0,1,7,206
20.5,0,1,8,207
20.5,0,1,9,208
20.5,0,1,10,209
20.5,0,1,11,210
20.5,0,1,12,211
20.5,0,1,13,212
20.5,0,1,14,213
20.5,0,1,15,213
20.5,0,2,0,200
20.5,0,2,1,201
20.5,0,2,2,202
20.5,0,2,3,203
20.5,0,2,4,204
20.5,0,2,5,205
20.5,0,2,6,206
20.5,0,2,7,207
20.5,0,2,8,208
20.5,0,2,9,209
20.5,0,2,10,210
20.5,0,2,11,211
20.5,0,2,12,212
20.5,0,2,13,213
20.5,0,2,14,214
20.5,0,2,15,215
20.5,0,3,0,202
20.5,0,3,1,203
20.5,0,3,2,204
20.5,0,3,3,205
20.5,0,3,4,206
20.5,0,3,5,207
20.5,0,3,6,208
20.5,0,3,7,208
20.5,0,3,8,209
20.5,0,3,9,210
20.5,0,3,10,211
20.5,0,3,11,212
20.5,0,3,12,213
20.5,0,3,13,214
20.5,0,3,14,215
20.5,0,3,15,216
20.5,0,4,0,203
20.5,0,4,1,204
20.5,0,4,2,205
20.5,0,4,3,206
20.5,0,4,4,207
20.5,0,4,5,208
20.5,0,4,6,209
20.5,0,4,7,210
20.5,0,4,8,211
20.5,0,4,9,212
20.5,0,4,10,213
20.5,0,4,11,213
20.5,0,4,12,214
20.5,0,4,13,215
20.5,0,4,14,216
20.5,0,4,15,217
20.5,0,5,0,204
20.5,0,5,1,205
20.5,0,5,2,206
20.5,0,5,3,207
20.5,0,5,4,208
20.5,0,5,5,209
20.5,0,5,6,210
20.5,0,5,7,211
20.5,0,5,8,212
20.5,0,5,9,213
20.5,0,5,10,214
20.5,0,5,11,215
20.5,0,5,12,216
20.5,0,5,13,217
20.5,0,5,14,218
20.5,0,5,15,218
20.5,0,6,0,205
20.5,0,6,1,206
20.5,0,6,2,207
20.5,0,6,3,208
20.5,0,6,4,209
20.5,0,6,5,210
20.5,0,6,6,211
20.5,0,6,7,212
20.5,0,6,8,213
20.5,0,6,9,214
20.5,0,6,10,215
20.5,0,6,11,216
20.5,0,6,12,217
20.5,0,6,13,218
20.5,0,6,14,219
20.5,0,6,15,220
20.5,0,7,0,206
20.5,0,7,1,207
20.5,0,7,2,208
20.5,0,7,3,209
20.5,0,7,4,210
20.5,0,7,5,211
20.5,0,7,6,212
20.5,0,7,7,213
20.5,0,7,8,214
20.5,0,7,9,215
20.5,0,7,10,216
20.5,0,7,11,217
20.5,0,7,12,218
20.5,0,7,13,219
20.5,0,7,14,220
20.5,0,7,15,221
20.5,0,8,0,207
20.5,0,8,1,208
20.5,0,8,2,209
20.5,0,8,3,210
20.5,0,8,4,211
20.5,0,8,5,212
20.5,0,8,6,213
20.5,0,8,7,214
20.5,0,8,8,215
20.5,0,8,9,216
20.5,0,8,10,217
20.5,0,8,11,218
20.5,0,8,12,219
20.5,0,8,13,220
20.5,0,8,14,221
20.5,0,8,15,222
20.5,0,9,0,209
20.5,0,9,1,210
20.5,0,9,2,211
20.5,0,9,3,212
20.5,0,9,4,213
20.5,0,9,5,214
20.5,0,9,6,215
20.5,0,9,7,216
20.5,0,9,8,217
20.5,0,9,9,218
20.5,0,9,10,219
20.5,0,9,11,220
20.5,0,9,12,221
20.5,0,9,13,221
20.5,0,9,14,222
20.5,0,9,15,223
20.5,0,10,0,210
20.5,0,10,1,211
20.5,0,10,2,212
20.5,0,10,3,213
20.5,0,10,4,214
20.5,0,10,5,215
20.5,0,10,6,216
20.5,0,10,7,217
20.5,0,10,8,218
20.5,0,10,9,219
20.5,0,10,10,220
20.5,0,10,11,221
20.5,0,10,12,222
20.5,0,10,13,223
20.5,0,10,14,224
20.5,0,10,15,225
20.5,0,11,0,211
20.5,0,11,1,212
20.5,0,11,2,213
20.5,0,11,3,214
20.5,0,11,4,215
20.5,0,11,5,216
20.5,0,11,6,217
20.5,0,11,7,218
20.5,0,11,8,219
20.5,0,11,9,220
20.5,0,11,10,221
20.5,0,11,11,222
20.5,0,11,12,223
20.5,0,11,13,224
20.5,0,11,14,225
20.5,0,11,15,226
20.5,0,12,0,212
20.5,0,12,1,213
20.5,0,12,2,214
20.5,0,12,3,215
20.5,0,12,4,216
20.5,0,12,5,217
20.5,0,12,6,218
20.5,0,12,7,219
20.5,0,12,8,220
20.5,0,12,9,221
20.5,0,12,10,222
20.5,0,12,11,223
20.5,0,12,12,224
20.5,0,12,13,225
20.5,0,12,14,226
20.5,0,12,15,227
20.5,0,13,0,213
20.5,0,13,1,214
20.5,0,13,2,215
20.5,0,13,3,216
20.5,0,13,4,217
20.5,0,13,5,218
20.5,0,13,6,219
20.5,0,13,7,220
20.5,0,13,8,221
20.5,0,13,9,222
20.5,0,13,10,223
20.5,0,13,11,224
20.5,0,13,12,225
20.5,0,13,13,226
20.5,0,13,14,227
20.5,0,13,15,228
20.5,0,14,0,214
20.5,0,14,1,215
20.5,0,14,2,216
20.5,0,14,3,217
20.5,0,14,4,218
20.5,0,14,5,219
20.5,0,14,6,220
20.5,0,14,7,221
20.5,0,14,8,222
20.5,0,14,9,223
20.5,0,14,10,224
20.5,0,14,11,225
20.5,0,14,12,226
20.5,0,14,13,227
20.5,0,14,14,228
20.5,0,14,15,229
20.5,0,15,0,215
20.5,0,15,1,216
20.5,0,15,2,217
20.5,0,15,3,218
20.5,0,15,4,219
20.5,0,15,5,221
20.5,0,15,6,222
20.5,0,15,7,223
20.5,0,15,8,224
20.5,0,15,9,225
20.5,0,15,10,226
20.5,0,15,11,227
20.5,0,15,12,228
20.5,0,15,13,229
20.5,0,15,14,230
20.5,0,15,15,231
20.5,1,0,0,201
20.5,1,0,1,202
20.5,1,0,2,203
20.5,1,0,3,204
20.5,1,0,4,205
20.5,1,0,5,206
20.5,1,0,6,207
20.5,1,0,7,208
20.5,1,0,8,209
20.5,1,0,9,210
20.5,1,0,10,211
20.5,1,0,11,212
20.5,1,0,12,213
20.5,1,0,13,214
20.5,1,0,14,215
20.5,1,0,15,216
20.5,1,1,0,203
20.5,1,1,1,204
20.5,1,1,2,205
20.5,1,1,3,206
20.5,1,1,4,207
20.5,1,1,5,208
20.5,1,1,6,209
20.5,1,1,7,210
20.5,1,1,8,210
20.5,1,1,9,211
20.5,1,1,10,212
20.5,1,1,11,213
20.5,1,1,12,214
20.5,1,1,13,215
20.5,1,1,14,216
20.5,1,1,15,217
20.5,1,2,0,204
20.5,1,2,1,205
20.5,1,2,2,206
20.5,1,2,3,207
20.5,1,2,4,208
20.5,1,2,5,209
20.5,1,2,6,210
20.5,1,2,7,211
20.5,1,2,8,212
20.5,1,2,9,213
20.5,1,2,10,214
20.5,1,2,11,215
20.5,1,2,12,216
20.5,1,2,13,217
20.5,1,2,14,217
20.5,1,2,15,218
20.5,1,3,0,205
20.5,1,3,1,206
20.5,1,3,2,207
20.5,1,3,3,208
20.5,1,3,4,209
20.5,1,3,5,210
20.5,1,3,6,211
20.5,1,3,7,212
20.5,1,3,8,213
20.5,1,3,9,214
20.5,1,3,10,215
20.5,1,3,11,216
20.5,1,3,12,217
20.5,1,3,13,218
20.5,1,3,14,219
20.5,1,3,15,220
20.5,1,4,0,206
20.5,1,4,1,207
20.5,1,4,2,208
20.5,1,4,3,209
20.5,1,4,4,210
20.5,1,4,5,211
20.5,1,4,6,212
20.5,1,4,7,213
20.5,1,4,8,214
20.5,1,4,9,215
20.5,1,4,10,216
20.5,1,4,11,217
20.5,1,4,12,218
20.5,1,4,13,219
20.5,1,4,14,220
20.5,1,4,15,221
20.5,1,5,0,207
20.5,1,5,1,208
20.5,1,5,2,209
20.5,1,5,3,210
20.5,1,5,4,211
20.5,1,5,5,212
20.5,1,5,6,213
20.5,1,5,7,214
20.5,1,5,8,215
20.5,1,5,9,216
20.5,1,5,10,217
20.5,1,5,11,218
20.5,1,5,12,219
20.5,1,5,13,220
20.5,1,5,14,221
20.5,1,5,15,222
20.5,1,6,0,209
20.5,1,6,1,210
20.5,1,6,2,211
20.5,1,6,3,212
20.5,1,6,4,213
20.5,1,6,5,214
20.5,1,6,6,215
20.5,1,6,7,216
20.5,1,6,8,217
20.5,1,6,9,218
20.5,1,6,10,219
20.5,1,6,11,220
20.5,1,6,12,221
20.5,1,6,13,222
20.5,1,6,14,223
20.5,1,6,15,223
20.5,1,7,0,210
20.5,1,7,1,211
20.5,1,7,2,212
20.5,1,7,3,213
20.5,1,7,4,214
20.5,1,7,5,215
20.5,1,7,6,216
20.5,1,7,7,217
20.5,1,7,8,218
20.5,1,7,9,219
20.5,1,7,10,220
20.5,1,7,11,221
20.5,1,7,12,222
20.5,1,7,13,223
20.5,1,7,14,224
20.5,1,7,15,225
20.5,1,8,0,211
20.5,1,8,1,212
20.5,1,8,2,213
20.5,1,8,3,214
20.5,1,8,4,215
20.5,1,8,5,216
20.5,1,8,6,217
20.5,1,8,7,218
20.5,1,8,8,219
20.5,1,8,9,220
20.5,1,8,10,221
20.5,1,8,11,222
20.5,1,8,12,223
20.5,1,8,13,224
20.5,1,8,14,225
20.5,1,8,15,226
20.5,1,9,0,212
20.5,1,9,1,213
20.5,1,9,2,214
20.5,1,9,3,215
20.5,1,9,4,216
20.5,1,9,5,217
20.5,1,9,6,218
20.5,1,9,7,219
20.5,1,9,8,220
20.5,1,9,9,221
20.5,1,9,10,222
20.5,1,9,11,223
20.5,1,9,12,224
20.5,1,9,13,225
20.5,1,9,14,226
20.5,1,9,15,227
20.5,1,10,0,213
20.5,1,10,1,214
20.5,1,10,2,215
20.5,1,10,3,216
20.5,1,10,4,217
20.5,1,10,5,218
20.5,1,10,6,219
20.5,1,10,7,220
20.5,1,10,8,221
20.5,1,10,9,223
20.5,1,10,10,224
20.5,1,10,11,225
20.5,1,10,12,225
20.5,1,10,13,226
20.5,1,10,14,227
20.5,1,10,15,228
20.5,1,11,0,214
20.5,1,11,1,215
20.5,1,11,2,217
20.5,1,11,3,218
20.5,1,11,4,219
20.5,1,11,5,220
20.5,1,11,6,221
20.5,1,11,7,222
20.5,1,11,8,223
20.5,1,11,9,224
20.5,1,11,10,225
20.5,1,11,11,226
20.5,1,11,12,227
20.5,1,11,13,228
20.5,1,11,14,229
20.5,1,11,15,230
20.5,1,12,0,216
20.5,1,12,1,217
20.5,1,12,2,218
20.5,1,12,3,219
20.5,1,12,4,220
20.5,1,12,5,221
20.5,1,12,6,222
20.5,1,12,7,223
20.5,1,12,8,224
20.5,1,12,9,225
20.5,1,12,10,226
20.5,1,12,11,227
20.5,1,12,12,228
20.5,1,12,13,229
20.5,1,12,14,230
20.5,1,12,15,231
20.5,1,13,0,217
20.5,1,13,1,218
20.5,1,13,2,219
20.5,1,13,3,220
20.5,1,13,4,221
20.5,1,13,5,222
20.5,1,13,6,223
20.5,1,13,7,224
20.5,1,13,8,225
20.5,1,13,9,226
20.5,1,13,10,227
20.5,1,13,11,228
20.5,1,13,12,229
20.5,1,13,13,230
20.5,1,13,14,231
20.5,1,13,15,232
20.5,1,14,0,218
20.5,1,14,1,219
20.5,1,14,2,220
20.5,1,14,3,221
20.5,1,14,4,222
20.5,1,14,5,223
20.5,1,14,6,224
20.5,1,14,7,225
20.5,1,14,8,226
20.5,1,14,9,227
20.5,1,14,10,228
20.5,1,14,11,229
20.5,1,14,12,230
20.5,1,14,13,231
20.5,1,14,14,232
20.5,1,14,15,233
20.5,1,15,0,219
20.5,1,15,1,220
20.5,1,15,2,221
20.5,1,15,3,222
20.5,1,15,4,223
20.5,1,15,5,224
20.5,1,15,6,225
20.5,1,15,7,226
20.5,1,15,8,227
20.5,1,15,9,228
20.5,1,15,10,229
20.5,1,15,11,230
20.5,1,15,12,231
20.5,1,15,13,233
20.5,1,15,14,234
20.5,1,15,15,235
20.5,2,0,0,205
20.5,2,0,1,206
20.5,2,0,2,207
20.5,2,0,3,208
20.5,2,0,4,209
20.5,2,0,5,210
20.5,2,0,6,211
20.5,2,0,7,212
20.5,2,0,8,213
20.5,2,0,9,214
20.5,2,0,10,215
20.5,2,0,11,216
20.5,2,0,12,217
20.5,2,0,13,218
20.5,2,0,14,218
20.5,2,0,15,219
20.5,2,1,0,206
20.5,2,1,1,207
20.5,2,1,2,208
20.5,2,1,3,209
20.5,2,1,4,210
20.5,2,1,5,211
20.5,2,1,6,212
20.5,2,1,7,213
20.5,2,1,8,214
20.5,2,1,9,215
20.5,2,1,10,216
20.5,2,1,11,217
20.5,2,1,12,218
20.5,2,1,13,219
20.5,2,1,14,220
20.5,2,1,15,221
20.5,2,2,0,207
20.5,2,2,1,208
20.5,2,2,2,209
20.5,2,2,3,210
20.5,2,2,4,211
20.5,2,2,5,212
20.5,2,2,6,213
20.5,2,2,7,214
20.5,2,2,8,215
20.5,2,2,9,216
20.5,2,2,10,217
20.5,2,2,11,218
20.5,2,2,12,219
20.5,2,2,13,220
20.5,2,2,14,221
20.5,2,2,15,222
20.5,2,3,0,208
20.5,2,3,1,210
20.5,2,3,2,211
20.5,2,3,3,212
20.5,2,3,4,213
20.5,2,3,5,214
20.5,2,3,6,215
20.5,2,3,7,216
20.5,2,3,8,217
20.5,2,3,9,218
20.5,2,3,10,219
20.5,2,3,11,219
20.5,2,3,12,220
20.5,2,3,13,221
20.5,2,3,14,222
20.5,2,3,15,223
20.5,2,4,0,210
20.5,2,4,1,211
20.5,2,4,2,212
20.5,2,4,3,213
20.5,2,4,4,214
20.5,2,4,5,215
20.5,2,4,6,216
20.5,2,4,7,217
20.5,2,4,8,218
20.5,2,4,9,219
20.5,2,4,10,220
20.5,2,4,11,221
20.5,2,4,12,222
20.5,2,4,13,223
20.5,2,4,14,224
20.5,2,4,15,225
20.5,2,5,0,211
20.5,2,5,1,212
20.5,2,5,2,213
20.5,2,5,3,214
20.5,2,5,4,215
20.5,2,5,5,216
20.5,2,5,6,217
20.5,2,5,7,218
20.5,2,5,8,219
20.5,2,5,9,220
20.5,2,5,10,221
20.5,2,5,11,222
20.5,2,5,12,223
20.5,2,5,13,224
20.5,2,5,14,225
20.5,2,5,15,226
20.5,2,6,0,212
20.5,2,6,1,213
20.5,2,6,2,214
20.5,2,6,3,215
20.5,2,6,4,216
20.5,2,6,5,217
20.5,2,6,6,218
20.5,2,6,7,219
20.5,2,6,8,220
20.5,2,6,9,221
20.5,2,6,10,222
20.5,2,6,11,223
20.5,2,6,12,224
20.5,2,6,13,225
20.5,2,6,14,226
20.5,2,6,15,227
20.5,2,7,0,213
20.5,2,7,1,214
20.5,2,7,2,215
20.5,2,7,3,216
20.5,2,7,4,217
20.5,2,7,5,218
20.5,2,7,6,219
20.5,2,7,7,221
20.5,2,7,8,222
20.5,2,7,9,223
20.5,2,7,10,224
20.5,2,7,11,225
20.5,2,7,12,226
20.5,2,7,13,227
20.5,2,7,14,228
20.5,2,7,15,228
20.5,2,8,0,214
20.5,2,8,1,216
20.5,2,8,2,217
20.5,2,8,3,218
20.5,2,8,4,219
20.5,2,8,5,220
20.5,2,8,6,221
20.5,2,8,7,222
20.5,2,8,8,223
20.5,2,8,9,224
20.5,2,8,10,225
20.5,2,8,11,226
20.5,2,8,12,227
20.5,2,8,13,228
20.5,2,8,14,229
20.5,2,8,15,230
20.5,2,9,0,216
20.5,2,9,1,217
20.5,2,9,2,218
20.5,2,9,3,219
20.5,2,9,4,220
20.5,2,9,5,221
20.5,2,9,6,222
20.5,2,9,7,223
20.5,2,9,8,224
20.5,2,9,9,225
20.5,2,9,10,226
20.5,2,9,11,227
20.5,2,9,12,228
20.5,2,9,13,229
20.5,2,9,14,230
20.5,2,9,15,231
20.5,2,10,0,217
20.5,2,10,1,218
20.5,2,10,2,219
20.5,2,10,3,220
20.5,2,10,4,221
20.5,2,10,5,222
20.5,2,10,6,223
20.5,2,10,7,224
20.5,2,10,8,225
20.5,2,10,9,226
20.5,2,10,10,227
20.5,2,10,11,228
20.5,2,10,12,229
20.5,2,10,13,230
20.5,2,10,14,231
20.5,2,10,15,232
20.5,2,11,0,218
20.5,2,11,1,219
20.5,2,11,2,220
20.5,2,11,3,221
20.5,2,11,4,222
20.5,2,11,5,223
20.5,2,11,6,224
20.5,2,11,7,225
20.5,2,11,8,226
20.5,2,11,9,227
20.5,2,11,10,228
20.5,2,11,11,229
20.5,2,11,12,230
20.5,2,11,13,232
20.5,2,11,14,233
20.5,2,11,15,234
20.5,2,12,0,219
20.5,2,12,1,220
20.5,2,12,2,221
20.5,2,12,3,222
20.5,2,12,4,223
20.5,2,12,5,224
20.5,2,12,6,226
20.5,2,12,7,227
20.5,2,12,8,228
20.5,2,12,9,229
20.5,2,12,10,230
20.5,2,12,11,231
20.5,2,12,12,232
20.5,2,12,13,233
20.5,2,12,14,234
20.5,2,12,15,235
20.5,2,13,0,220
20.5,2,13,1,221
20.5,2,13,2,222
20.5,2,13,3,224
20.5,2,13,4,225
20.5,2,13,5,226
20.5,2,13,6,227
20.5,2,13,7,228
20.5,2,13,8,229
20.5,2,13,9,230
20.5,2,13,10,231
20.5,2,13,11,232
20.5,2,13,12,233
20.5,2,13,13,234
20.5,2,13,14,235
20.5,2,13,15,236
20.5,2,14,0,221
20.5,2,14,1,223
20.5,2,14,2,224
20.5,2,14,3,225
20.5,2,14,4,226
20.5,2,14,5,227
20.5,2,14,6,228
20.5,2,14,7,229
20.5,2,14,8,230
20.5,2,14,9,231
20.5,2,14,10,232
20.5,2,14,11,233
20.5,2,14,12,234
20.5,2,14,13,235
20.5,2,14,14,236
20.5,2,14,15,237
20.5,2,15,0,223
20.5,2,15,1,224
20.5,2,15,2,225
20.5,2,15,3,226
20.5,2,15,4,227
20.5,2,15,5,228
20.5,2,15,6,229
20.5,2,15,7,230
20.5,2,15,8,231
20.5,2,15,9,232
20.5,2,15,10,233
20.5,2,15,11,234
20.5,2,15,12,235
20.5,2,15,13,236
20.5,2,15,14,237
20.5,2,15,15,238
20.5,3,0,0,208
20.5,3,0,1,209
20.5,3,0,2,210
20.5,3,0,3,211
20.5,3,0,4,212
20.5,3,0,5,213
20.5,3,0,6,214
20.5,3,0,7,215
20.5,3,0,8,216
20.5,3,0,9,217
20.5,3,0,10,218
20.5,3,0,11,219
20.5,3,0,12,220
20.5,3,0,13,221
20.5,3,0,14,222
20.5,3,0,15,223
20.5,3,1,0,209
20.5,3,1,1,210
20.5,3,1,2,211
20.5,3,1,3,213
20.5,3,1,4,214
20.5,3,1,5,215
20.5,3,1,6,216
20.5,3,1,7,217
20.5,3,1,8,218
20.5,3,1,9,219
20.5,3,1,10,219
20.5,3,1,11,220
20.5,3,1,12,221
20.5,3,1,13,222
20.5,3,1,14,223
20.5,3,1,15,224
20.5,3,2,0,211
20.5,3,2,1,212
20.5,3,2,2,213
20.5,3,2,3,214
20.5,3,2,4,215
20.5,3,2,5,216
20.5,3,2,6,217
20.5,3,2,7,218
20.5,3,2,8,219
20.5,3,2,9,220
20.5,3,2,10,221
20.5,3,2,11,222
20.5,3,2,12,223
20.5,3,2,13,224
20.5,3,2,14,225
20.5,3,2,15,226
20.5,3,3,0,212
20.5,3,3,1,213
20.5,3,3,2,214
20.5,3,3,3,215
20.5,3,3,4,216
20.5,3,3,5,217
20.5,3,3,6,218
20.5,3,3,7,219
20.5,3,3,8,220
20.5,3,3,9,221
20.5,3,3,10,222
20.5,3,3,11,223
20.5,3,3,12,224
20.5,3,3,13,225
20.5,3,3,14,226
20.5,3,3,15,227
20.5,3,4,0,213
20.5,3,4,1,214
20.5,3,4,2,215
20.5,3,4,3,216
20.5,3,4,4,217
20.5,3,4,5,218
20.5,3,4,6,219
20.5,3,4,7,220
20.5,3,4,8,221
20.5,3,4,9,222
20.5,3,4,10,223
20.5,3,4,11,224
20.5,3,4,12,225
20.5,3,4,13,226
20.5,3,4,14,227
20.5,3,4,15,228
20.5,3,5,0,214
20.5,3,5,1,215
20.5,3,5,2,216
20.5,3,5,3,218
20.5,3,5,4,219
20.5,3,5,5,220
20.5,3,5,6,221
20.5,3,5,7,222
20.5,3,5,8,223
20.5,3,5,9,224
20.5,3,5,10,225
20.5,3,5,11,226
20.5,3,5,12,227
20.5,3,5,13,228
20.5,3,5,14,229
20.5,3,5,15,230
20.5,3,6,0,216
20.5,3,6,1,217
20.5,3,6,2,218
20.5,3,6,3,219
20.5,3,6,4,220
20.5,3,6,5,221
20.5,3,6,6,222
20.5,3,6,7,223
20.5,3,6,8,224
20.5,3,6,9,225
20.5,3,6,10,226
20.5,3,6,11,227
20.5,3,6,12,228
20.5,3,6,13,229
20.5,3,6,14,230
20.5,3,6,15,231
20.5,3,7,0,217
20.5,3,7,1,218
20.5,3,7,2,219
20.5,3,7,3,220
20.5,3,7,4,221
20.5,3,7,5,222
20.5,3,7,6,223
20.5,3,7,7,224
20.5,3,7,8,225
20.5,3,7,9,226
20.5,3,7,10,227
20.5,3,7,11,228
20.5,3,7,12,229
20.5,3,7,13,230
20.5,3,7,14,231
20.5,3,7,15,232
20.5,3,8,0,218
20.5,3,8,1,219
20.5,3,8,2,220
20.5,3,8,3,221
20.5,3,8,4,222
20.5,3,8,5,223
20.5,3,8,6,224
20.5,3,8,7,225
20.5,3,8,8,226
20.5,3,8,9,227
20.5,3,8,10,228
20.5,3,8,11,229
20.5,3,8,12,231
20.5,3,8,13,232
20.5,3,8,14,233
20.5,3,8,15,234
20.5,3,9,0,219
20.5,3,9,1,220
20.5,3,9,2,221
20.5,3,9,3,222
20.5,3,9,4,223
20.5,3,9,5,225
20.5,3,9,6,226
20.5,3,9,7,227
20.5,3,9,8,228
20.5,3,9,9,229
20.5,3,9,10,230
20.5,3,9,11,231
20.5,3,9,12,232
20.5,3,9,13,233
20.5,3,9,14,234
20.5,3,9,15,235
20.5,3,10,0,220
20.5,3,10,1,221
20.5,3,10,2,223
20.5,3,10,3,224
20.5,3,10,4,225
20.5,3,10,5,226
20.5,3,10,6,227
20.5,3,10,7,228
20.5,3,10,8,229
20.5,3,10,9,230
20.5,3,10,10,231
20.5,3,10,11,232
20.5,3,10,12,233
20.5,3,10,13,234
20.5,3,10,14,235
20.5,3,10,15,236
20.5,3,11,0,222
20.5,3,11,1,223
20.5,3,11,2,224
20.5,3,11,3,225
20.5,3,11,4,226
20.5,3,11,5,227
20.5,3,11,6,228
20.5,3,11,7,229
20.5,3,11,8,230
20.5,3,11,9,231
20.5,3,11,10,232
20.5,3,11,11,233
20.5,3,11,12,234
20.5,3,11,13,235
20.5,3,11,14,236
20.5,3,11,15,237
20.5,3,12,0,223
20.5,3,12,1,224
20.5,3,12,2,225
20.5,3,12,3,226
20.5,3,12,4,227
20.5,3,12,5,228
20.5,3,12,6,229
20.5,3,12,7,230
20.5,3,12,8,231
20.5,3,12,9,232
20.5,3,12,10,233
20.5,3,12,11,234
20.5,3,12,12,236
20.5,3,12,13,237
20.5,3,12,14,238
20.5,3,12,15,239
20.5,3,13,0,224
20.5,3,13,1,225
20.5,3,13,2,226
20.5,3,13,3,227
20.5,3,13,4,228
20.5,3,13,5,229
20.5,3,13,6,230
20.5,3,13,7,232
20.5,3,13,8,233
20.5,3,13,9,234
20.5,3,13,10,235
20.5,3,13,11,236
20.5,3,13,12,237
20.5,3,13,13,238
20.5,3,13,14,239
20.5,3,13,15,240
20.5,3,14,0,225
20.5,3,14,1,226
20.5,3,14,2,227
20.5,3,14,3,228
20.5,3,14,4,229
20.5,3,14,5,231
20.5,3,14,6,232
20.5,3,14,7,233
20.5,3,14,8,234
20.5,3,14,9,235
20.5,3,14,10,236
20.5,3,14,11,237
20.5,3,14,12,238
20.5,3,14,13,239
20.5,3,14,14,240
20.5,3,14,15,241
20.5,3,15,0,226
20.5,3,15,1,227
20.5,3,15,2,228
20.5,3,15,3,230
20.5,3,15,4,231
20.5,3,15,5,232
20.5,3,15,6,233
20.5,3,15,7,234
20.5,3,15,8,235
20.5,3,15,9,236
20.5,3,15,10,237
20.5,3,15,11,238
20.5,3,15,12,239
20.5,3,15,13,240
20.5,3,15,14,241
20.5,3,15,15,242
20.5,4,0,0,212
20.5,4,0,1,213
20.5,4,0,2,214
20.5,4,0,3,215
20.5,4,0,4,216
20.5,4,0,5,217
20.5,4,0,6,218
20.5,4,0,7,219
20.5,4,0,8,220
20.5,4,0,9,221
20.5,4,0,10,222
20.5,4,0,11,223
20.5,4,0,12,224
20.5,4,0,13,225
20.5,4,0,14,226
20.5,4,0,15,227
20.5,4,1,0,213
20.5,4,1,1,214
20.5,4,1,2,215
20.5,4,1,3,216
20.5,4,1,4,217
20.5,4,1,5,218
20.5,4,1,6,219
20.5,4,1,7,220
20.5,4,1,8,221
20.5,4,1,9,222
20.5,4,1,10,223
20.5,4,1,11,224
20.5,4,1,12,225
20.5,4,1,13,226
20.5,4,1,14,227
20.5,4,1,15,228
20.5,4,2,0,214
20.5,4,2,1,215
20.5,4,2,2,216
20.5,4,2,3,217
20.5,4,2,4,218
20.5,4,2,5,219
20.5,4,2,6,220
20.5,4,2,7,221
20.5,4,2,8,222
20.5,4,2,9,223
20.5,4,2,10,224
20.5,4,2,11,225
20.5,4,2,12,226
20.5,4,2,13,227
20.5,4,2,14,228
20.5,4,2,15,229
20.5,4,3,0,215
20.5,4,3,1,216
20.5,4,3,2,217
20.5,4,3,3,218
20.5,4,3,4,220
20.5,4,3,5,221
20.5,4,3,6,222
20.5,4,3,7,223
20.5,4,3,8,224
20.5,4,3,9,225
20.5,4,3,10,226
20.5,4,3,11,227
20.5,4,3,12,228
20.5,4,3,13,229
20.5,4,3,14,230
20.5,4,3,15,231
20.5,4,4,0,217
20.5,4,4,1,218
20.5,4,4,2,219
20.5,4,4,3,220
20.5,4,4,4,221
20.5,4,4,5,222
20.5,4,4,6,223
20.5,4,4,7,224
20.5,4,4,8,225
20.5,4,4,9,226
20.5,4,4,10,227
20.5,4,4,11,228
20.5,4,4,12,229
20.5,4,4,13,230
20.5,4,4,14,231
20.5,4,4,15,232
20.5,4,5,0,218
20.5,4,5,1,219
20.5,4,5,2,220
20.5,4,5,3,221
20.5,4,5,4,222
20.5,4,5,5,223
20.5,4,5,6,224
20.5,4,5,7,225
20.5,4,5,8,226
20.5,4,5,9,227
20.5,4,5,10,228
20.5,4,5,11,229
20.5,4,5,12,230
20.5,4,5,13,231
20.5,4,5,14,232
20.5,4,5,15,233
20.5,4,6,0,219
20.5,4,6,1,220
20.5,4,6,2,221
20.5,4,6,3,222
20.5,4,6,4,223
20.5,4,6,5,224
20.5,4,6,6,225
20.5,4,6,7,226
20.5,4,6,8,228
20.5,4,6,9,229
20.5,4,6,10,230
20.5,4,6,11,231
20.5,4,6,12,232
20.5,4,6,13,233
20.5,4,6,14,234
20.5,4,6,15,235
20.5,4,7,0,220
20.5,4,7,1,221
20.5,4,7,2,222
20.5,4,7,3,224
20.5,4,7,4,225
20.5,4,7,5,226
20.5,4,7,6,227
20.5,4,7,7,228
20.5,4,7,8,229
20.5,4,7,9,230
20.5,4,7,10,231
20.5,4,7,11,232
20.5,4,7,12,233
20.5,4,7,13,234
20.5,4,7,14,235
20.5,4,7,15,236
20.5,4,8,0,222
20.5,4,8,1,223
20.5,4,8,2,224
20.5,4,8,3,225
20.5,4,8,4,226
20.5,4,8,5,227
20.5,4,8,6,228
20.5,4,8,7,229
20.5,4,8,8,230
20.5,4,8,9,231
20.5,4,8,10,232
20.5,4,8,11,233
20.5,4,8,12,234
20.5,4,8,13,235
20.5,4,8,14,236
20.5,4,8,15,237
20.5,4,9,0,223
20.5,4,9,1,224
20.5,4,9,2,225
20.5,4,9,3,226
20.5,4,9,4,227
20.5,4,9,5,228
20.5,4,9,6,229
20.5,4,9,7,230
20.5,4,9,8,231
20.5,4,9,9,232
20.5,4,9,10,233
20.5,4,9,11,234
20.5,4,9,12,236
20.5,4,9,13,237
20.5,4,9,14,238
20.5,4,9,15,239
20.5,4,10,0,224
20.5,4,10,1,225
20.5,4,10,2,226
20.5,4,10,3,227
20.5,4,10,4,228
20.5,4,10,5,229
20.5,4,10,6,230
20.5,4,10,7,232
20.5,4,10,8,233
20.5,4,10,9,234
20.5,4,10,10,235
20.5,4,10,11,236
20.5,4,10,12,237
20.5,4,10,13,238
20.5,4,10,14,239
20.5,4,10,15,240
20.5,4,11,0,225
20.5,4,11,1,226
20.5,4,11,2,227
20.5,4,11,3,228
20.5,4,11,4,230
20.5,4,11,5,231
20.5,4,11,6,232
20.5,4,11,7,233
20.5,4,11,8,234
20.5,4,11,9,235
20.5,4,11,10,236
20.5,4,11,11,237
20.5,4,11,12,238
20.5,4,11,13,239
20.5,4,11,14,240
20.5,4,11,15,241
20.5,4,12,0,226
20.5,4,12,1,227
20.5,4,12,2,229
20.5,4,12,3,230
20.5,4,12,4,231
20.5,4,12,5,232
20.5,4,12,6,233
20.5,4,12,7,234
20.5,4,12,8,235
20.5,4,12,9,236
20.5,4,12,10,237
20.5,4,12,11,238
20.5,4,12,12,239
20.5,4,12,13,240
20.5,4,12,14,241
20.5,4,12,15,242
20.5,4,13,0,228
20.5,4,13,1,229
20.5,4,13,2,230
20.5,4,13,3,231
20.5,4,13,4,232
20.5,4,13,5,233
20.5,4,13,6,234
20.5,4,13,7,235
20.5,4,13,8,236
20.5,4,13,9,237
20.5,4,13,10,238
20.5,4,13,11,240
20.5,4,13,12,241
20.5,4,13,13,242
20.5,4,13,14,243
20.5,4,13,15,244
20.5,4,14,0,229
20.5,4,14,1,230
20.5,4,14,2,231
20.5,4,14,3,232
20.5,4,14,4,233
20.5,4,14,5,234
20.5,4,14,6,235
20.5,4,14,7,236
20.5,4,14,8,238
20.5,4,14,9,239
20.5,4,14,10,240
20.5,4,14,11,241
20.5,4,14,12,242
20.5,4,14,13,243
20.5,4,14,14,244
20.5,4,14,15,245
20.5,4,15,0,230
20.5,4,15,1,231
20.5,4,15,2,232
20.5,4,15,3,233
20.5,4,15,4,234
20.5,4,15,5,235
20.5,4,15,6,237
20.5,4,15,7,238
20.5,4,15,8,239
20.5,4,15,9,240
20.5,4,15,10,241
20.5,4,15,11,242
20.5,4,15,12,243
20.5,4,15,13,244
20.5,4,15,14,245
20.5,4,15,15,246
20.5,5,0,0,215
20.5,5,0,1,216
20.5,5,0,2,217
20.5,5,0,3,218
20.5,5,0,4,219
20.5,5,0,5,220
20.5,5,0,6,221
20.5,5,0,7,222
20.5,5,0,8,223
20.5,5,0,9,224
20.5,5,0,10,225
20.5,5,0,11,226
20.5,5,0,12,227
20.5,5,0,13,228
20.5,5,0,14,229
20.5,5,0,15,230
20.5,5,1,0,216
20.5,5,1,1,217
20.5,5,1,2,218
20.5,5,1,3,219
20.5,5,1,4,220
20.5,5,1,5,221
20.5,5,1,6,222
20.5,5,1,7,224
20.5,5,1,8,225
20.5,5,1,9,226
20.5,5,1,10,227
20.5,5,1,11,228
20.5,5,1,12,229
20.5,5,1,13,230
20.5,5,1,14,231
20.5,5,1,15,232
20.5,5,2,0,217
20.5,5,2,1,219
20.5,5,2,2,220
20.5,5,2,3,221
20.5,5,2,4,222
20.5,5,2,5,223
20.5,5,2,6,224
20.5,5,2,7,225
20.5,5,2,8,226
20.5,5,2,9,227
20.5,5,2,10,228
20.5,5,2,11,229
20.5,5,2,12,230
20.5,5,2,13,231
20.5,5,2,14,232
20.5,5,2,15,233
20.5,5,3,0,219
20.5,5,3,1,220
20.5,5,3,2,221
20.5,5,3,3,222
20.5,5,3,4,223
20.5,5,3,5,224
20.5,5,3,6,225
20.5,5,3,7,226
20.5,5,3,8,227
20.5,5,3,9,228
20.5,5,3,10,229
20.5,5,3,11,230
20.5,5,3,12,231
20.5,5,3,13,232
20.5,5,3,14,233
20.5,5,3,15,234
20.5,5,4,0,220
20.5,5,4,1,221
20.5,5,4,2,222
20.5,5,4,3,223
20.5,5,4,4,224
20.5,5,4,5,225
20.5,5,4,6,226
20.5,5,4,7,227
20.5,5,4,8,229
20.5,5,4,9,230
20.5,5,4,10,231
20.5,5,4,11,232
20.5,5,4,12,233
20.5,5,4,13,234
20.5,5,4,14,235
20.5,5,4,15,236
20.5,5,5,0,221
20.5,5,5,1,222
20.5,5,5,2,223
20.5,5,5,3,225
20.5,5,5,4,226
20.5,5,5,5,227
20.5,5,5,6,228
20.5,5,5,7,229
20.5,5,5,8,230
20.5,5,5,9,231
20.5,5,5,10,232
20.5,5,5,11,233
20.5,5,5,12,234
20.5,5,5,13,235
20.5,5,5,14,236
20.5,5,5,15,237
20.5,5,6,0,223
20.5,5,6,1,224
20.5,5,6,2,225
20.5,5,6,3,226
20.5,5,6,4,227
20.5,5,6,5,228
20.5,5,6,6,229
20.5,5,6,7,230
20.5,5,6,8,231
20.5,5,6,9,232
20.5,5,6,10,233
20.5,5,6,11,234
20.5,5,6,12,235
20.5,5,6,13,236
20.5,5,6,14,237
20.5,5,6,15,238
20.5,5,7,0,224
20.5,5,7,1,225
20.5,5,7,2,226
20.5,5,7,3,227
20.5,5,7,4,228
20.5,5,7,5,229
20.5,5,7,6,230
20.5,5,7,7,231
20.5,5,7,8,232
20.5,5,7,9,234
20.5,5,7,10,235
20.5,5,7,11,236
20.5,5,7,12,237
20.5,5,7,13,238
20.5,5,7,14,239
20.5,5,7,15,240
20.5,5,8,0,225
20.5,5,8,1,226
20.5,5,8,2,227
20.5,5,8,3,228
20.5,5,8,4,229
20.5,5,8,5,231
20.5,5,8,6,232
20.5,5,8,7,233
20.5,5,8,8,234
20.5,5,8,9,235
20.5,5,8,10,236
20.5,5,8,11,237
20.5,5,8,12,238
20.5,5,8,13,239
20.5,5,8,14,240
20.5,5,8,15,241
20.5,5,9,0,226
20.5,5,9,1,227
20.5,5,9,2,229
20.5,5,9,3,230
20.5,5,9,4,231
20.5,5,9,5,232
20.5,5,9,6,233
20.5,5,9,7,234
20.5,5,9,8,235
20.5,5,9,9,236
20.5,5,9,10,237
20.5,5,9,11,238
20.5,5,9,12,239
20.5,5,9,13,240
20.5,5,9,14,241
20.5,5,9,15,242
20.5,5,10,0,228
20.5,5,10,1,229
20.5,5,10,2,230
20.5,5,10,3,231
20.5,5,10,4,232
20.5,5,10,5,233
20.5,5,10,6,234
20.5,5,10,7,235
20.5,5,10,8,236
20.5,5,10,9,237
20.5,5,10,10,238
20.5,5,10,11,240
20.5,5,10,12,241
20.5,5,10,13,242
20.5,5,10,14,243
20.5,5,10,15,244
20.5,5,11,0,229
20.5,5,11,1,230
20.5,5,11,2,231
20.5,5,11,3,232
20.5,5,11,4,233
20.5,5,11,5,234
20.5,5,11,6,235
20.5,5,11,7,236
20.5,5,11,8,238
20.5,5,11,9,239
20.5,5,11,10,240
20.5,5,11,11,241
20.5,5,11,12,242
20.5,5,11,13,243
20.5,5,11,14,244
20.5,5,11,15,245
20.5,5,12,0,230
20.5,5,12,1,231
20.5,5,12,2,232
20.5,5,12,3,233
20.5,5,12,4,234
20.5,5,12,5,236
20.5,5,12,6,237
20.5,5,12,7,238
20.5,5,12,8,239
20.5,5,12,9,240
20.5,5,12,10,241
20.5,5,12,11,242
20.5,5,12,12,243
20.5,5,12,13,244
20.5,5,12,14,245
20.5,5,12,15,246
20.5,5,13,0,231
20.5,5,13,1,232
20.5,5,13,2,233
20.5,5,13,3,235
20.5,5,13,4,236
20.5,5,13,5,237
20.5,5,13,6,238
20.5,5,13,7,239
20.5,5,13,8,240
20.5,5,13,9,241
20.5,5,13,10,242
20.5,5,13,11,243
20.5,5,13,12,244
20.5,5,13,13,245
20.5,5,13,14,247
20.5,5,13,15,248
20.5,5,14,0,232
20.5,5,14,1,234
20.5,5,14,2,235
20.5,5,14,3,236
20.5,5,14,4,237
20.5,5,14,5,238
20.5,5,14,6,239
20.5,5,14,7,240
20.5,5,14,8,241
20.5,5,14,9,242
20.5,5,14,10,244
20.5,5,14,11,245
20.5,5,14,12,246
20.5,5,14,13,247
20.5,5,14,14,248
20.5,5,14,15,249
20.5,5,15,0,234
20.5,5,15,1,235
20.5,5,15,2,236
20.5,5,15,3,237
20.5,5,15,4,238
20.5,5,15,5,239
20.5,5,15,6,240
20.5,5,15,7,241
20.5,5,15,8,243
20.5,5,15,9,244
20.5,5,15,10,245
20.5,5,15,11,246
20.5,5,15,12,247
20.5,5,15,13,248
20.5,5,15,14,249
20.5,5,15,15,250
20.5,6,0,0,218
20.5,6,0,1,219
20.5,6,0,2,220
20.5,6,0,3,221
20.5,6,0,4,223
20.5,6,0,5,224
20.5,6,0,6,225
20.5,6,0,7,226
20.5,6,0,8,227
20.5,6,0,9,228
20.5,6,0,10,229
20.5,6,0,11,230
20.5,6,0,12,231
20.5,6,0,13,232
20.5,6,0,14,233
20.5,6,0,15,234
20.5,6,1,0,220
20.5,6,1,1,221
20.5,6,1,2,222
20.5,6,1,3,223
20.5,6,1,4,224
20.5,6,1,5,225
20.5,6,1,6,226
20.5,6,1,7,227
20.5,6,1,8,228
20.5,6,1,9,229
20.5,6,1,10,230
20.5,6,1,11,231
20.5,6,1,12,232
20.5,6,1,13,233
20.5,6,1,14,234
20.5,6,1,15,235
20.5,6,2,0,221
20.5,6,2,1,222
20.5,6,2,2,223
20.5,6,2,3,224
20.5,6,2,4,225
20.5,6,2,5,226
20.5,6,2,6,227
20.5,6,2,7,228
20.5,6,2,8,229
20.5,6,2,9,230
20.5,6,2,10,232
20.5,6,2,11,233
20.5,6,2,12,234
20.5,6,2,13,235
20.5,6,2,14,236
20.5,6,2,15,237
20.5,6,3,0,222
20.5,6,3,1,223
20.5,6,3,2,224
20.5,6,3,3,225
20.5,6,3,4,227
20.5,6,3,5,228
20.5,6,3,6,229
20.5,6,3,7,230
20.5,6,3,8,231
20.5,6,3,9,232
20.5,6,3,10,233
20.5,6,3,11,234
20.5,6,3,12,235
20.5,6,3,13,236
20.5,6,3,14,237
20.5,6,3,15,238
20.5,6,4,0,223
20.5,6,4,1,225
20.5,6,4,2,226
20.5,6,4,3,227
20.5,6,4,4,228
20.5,6,4,5,229
20.5,6,4,6,230
20.5,6,4,7,231
20.5,6,4,8,232
20.5,6,4,9,233
20.5,6,4,10,234
20.5,6,4,11,235
20.5,6,4,12,236
20.5,6,4,13,237
20.5,6,4,14,238
20.5,6,4,15,239
20.5,6,5,0,225
20.5,6,5,1,226
20.5,6,5,2,227
20.5,6,5,3,228
20.5,6,5,4,229
20.5,6,5,5,230
20.5,6,5,6,231
20.5,6,5,7,232
20.5,6,5,8,233
20.5,6,5,9,235
20.5,6,5,10,236
20.5,6,5,11,237
20.5,6,5,12,238
20.5,6,5,13,239
20.5,6,5,14,240
20.5,6,5,15,241
20.5,6,6,0,226
20.5,6,6,1,227
20.5,6,6,2,228
20.5,6,6,3,229
20.5,6,6,4,230
20.5,6,6,5,232
20.5,6,6,6,233
20.5,6,6,7,234
20.5,6,6,8,235
20.5,6,6,9,236
20.5,6,6,10,237
20.5,6,6,11,238
20.5,6,6,12,239
20.5,6,6,13,240
20.5,6,6,14,241
20.5,6,6,15,242
20.5,6,7,0,227
20.5,6,7,1,228
20.5,6,7,2,230
20.5,6,7,3,231
20.5,6,7,4,232
20.5,6,7,5,233
20.5,6,7,6,234
20.5,6,7,7,235
20.5,6,7,8,236
20.5,6,7,9,237
20.5,6,7,10,238
20.5,6,7,11,239
20.5,6,7,12,240
20.5,6,7,13,241
20.5,6,7,14,242
20.5,6,7,15,243
20.5,6,8,0,229
20.5,6,8,1,230
20.5,6,8,2,231
20.5,6,8,3,232
20.5,6,8,4,233
20.5,6,8,5,234
20.5,6,8,6,235
20.5,6,8,7,236
20.5,6,8,8,237
20.5,6,8,9,238
20.5,6,8,10,240
20.5,6,8,11,241
20.5,6,8,12,242
20.5,6,8,13,243
20.5,6,8,14,244
20.5,6,8,15,245
20.5,6,9,0,230
20.5,6,9,1,231
20.5,6,9,2,232
20.5,6,9,3,233
20.5,6,9,4,234
20.5,6,9,5,235
20.5,6,9,6,237
20.5,6,9,7,238
20.5,6,9,8,239
20.5,6,9,9,240
20.5,6,9,10,241
20.5,6,9,11,242
20.5,6,9,12,243
20.5,6,9,13,244
20.5,6,9,14,245
20.5,6,9,15,246
20.5,6,10,0,231
20.5,6,10,1,232
20.5,6,10,2,233
20.5,6,10,3,234
20.5,6,10,4,236
20.5,6,10,5,237
20.5,6,10,6,238
20.5,6,10,7,239
20.5,6,10,8,240
20.5,6,10,9,241
20.5,6,10,10,242
20.5,6,10,11,243
20.5,6,10,12,244
20.5,6,10,13,245
20.5,6,10,14,246
20.5,6,10,15,248
20.5,6,11,0,232
20.5,6,11,1,233
20.5,6,11,2,235
20.5,6,11,3,236
20.5,6,11,4,237
20.5,6,11,5,238
20.5,6,11,6,239
20.5,6,11,7,240
20.5,6,11,8,241
20.5,6,11,9,242
20.5,6,11,10,243
20.5,6,11,11,245
20.5,6,11,12,246
20.5,6,11,13,247
20.5,6,11,14,248
20.5,6,11,15,249
20.5,6,12,0,234
20.5,6,12,1,235
20.5,6,12,2,236
20.5,6,12,3,237
20.5,6,12,4,238
20.5,6,12,5,239
20.5,6,12,6,240
20.5,6,12,7,241
20.5,6,12,8,243
20.5,6,12,9,244
20.5,6,12,10,245
20.5,6,12,11,246
20.5,6,12,12,247
20.5,6,12,13,248
20.5,6,12,14,249
20.5,6,12,15,250
20.5,6,13,0,235
20.5,6,13,1,236
20.5,6,13,2,237
20.5,6,13,3,238
20.5,6,13,4,239
20.5,6,13,5,240
20.5,6,13,6,242
20.5,6,13,7,243
20.5,6,13,8,244
20.5,6,13,9,245
20.5,6,13,10,246
20.5,6,13,11,247
20.5,6,13,12,248
20.5,6,13,13,249
20.5,6,13,14,250
20.5,6,13,15,251
20.5,6,14,0,236
20.5,6,14,1,237
20.5,6,14,2,238
20.5,6,14,3,239
20.5,6,14,4,241
20.5,6,14,5,242
20.5,6,14,6,243
20.5,6,14,7,244
20.5,6,14,8,245
20.5,6,14,9,246
20.5,6,14,10,247
20.5,6,14,11,248
20.5,6,14,12,250
20.5,6,14,13,251
20.5,6,14,14,252
20.5,6,14,15,253
20.5,6,15,0,237
20.5,6,15,1,238
20.5,6,15,2,240
20.5,6,15,3,241
20.5,6,15,4,242
20.5,6,15,5,243
20.5,6,15,6,244
20.5,6,15,7,245
20.5,6,15,8,246
20.5,6,15,9,247
20.5,6,15,10,249
20.5,6,15,11,250
20.5,6,15,12,251
20.5,6,15,13,252
20.5,6,15,14,253
20.5,6,15,15,254
20.5,7,0,0,222
20.5,7,0,1,223
20.5,7,0,2,224
20.5,7,0,3,225
20.5,7,0,4,226
20.5,7,0,5,227
20.5,7,0,6,228
20.5,7,0,7,229
20.5,7,0,8,230
20.5,7,0,9,231
20.5,7,0,10,232
20.5,7,0,11,233
20.5,7,0,12,234
20.5,7,0,13,235
20.5,7,0,14,236
20.5,7,0,15,237
20.5,7,1,0,223
20.5,7,1,1,224
20.5,7,1,2,225
20.5,7,1,3,226
20.5,7,1,4,227
20.5,7,1,5,228
20.5,7,1,6,229
20.5,7,1,7,231
20.5,7,1,8,232
20.5,7,1,9,233
20.5,7,1,10,234
20.5,7,1,11,235
20.5,7,1,12,236
20.5,7,1,13,237
20.5,7,1,14,238
20.5,7,1,15,239
20.5,7,2,0,224
20.5,7,2,1,225
20.5,7,2,2,227
20.5,7,2,3,228
20.5,7,2,4,229
20.5,7,2,5,230
20.5,7,2,6,231
20.5,7,2,7,232
20.5,7,2,8,233
20.5,7,2,9,234
20.5,7,2,10,235
20.5,7,2,11,236
20.5,7,2,12,237
20.5,7,2,13,238
20.5,7,2,14,239
20.5,7,2,15,240
20.5,7,3,0,226
20.5,7,3,1,227
20.5,7,3,2,228
20.5,7,3,3,229
20.5,7,3,4,230
20.5,7,3,5,231
20.5,7,3,6,232
20.5,7,3,7,233
20.5,7,3,8,234
20.5,7,3,9,235
20.5,7,3,10,236
20.5,7,3,11,238
20.5,7,3,12,239
20.5,7,3,13,240
20.5,7,3,14,241
20.5,7,3,15,242
20.5,7,4,0,227
20.5,7,4,1,228
20.5,7,4,2,229
20.5,7,4,3,230
20.5,7,4,4,231
20.5,7,4,5,232
20.5,7,4,6,234
20.5,7,4,7,235
20.5,7,4,8,236
20.5,7,4,9,237
20.5,7,4,10,238
20.5,7,4,11,239
20.5,7,4,12,240
20.5,7,4,13,241
20.5,7,4,14,242
20.5,7,4,15,243
20.5,7,5,0,228
20.5,7,5,1,229
20.5,7,5,2,230
20.5,7,5,3,232
20.5,7,5,4,233
20.5,7,5,5,234
20.5,7,5,6,235
20.5,7,5,7,236
20.5,7,5,8,237
20.5,7,5,9,238
20.5,7,5,10,239
20.5,7,5,11,240
20.5,7,5,12,241
20.5,7,5,13,242
20.5,7,5,14,243
20.5,7,5,15,244
20.5,7,6,0,230
20.5,7,6,1,231
20.5,7,6,2,232
20.5,7,6,3,233
20.5,7,6,4,234
20.5,7,6,5,235
20.5,7,6,6,236
20.5,7,6,7,237
20.5,7,6,8,238
20.5,7,6,9,239
20.5,7,6,10,241
20.5,7,6,11,242
20.5,7,6,12,243
20.5,7,6,13,244
20.5,7,6,14,245
20.5,7,6,15,246
20.5,7,7,0,231
20.5,7,7,1,232
20.5,7,7,2,233
20.5,7,7,3,234
20.5,7,7,4,235
20.5,7,7,5,236
20.5,7,7,6,238
20.5,7,7,7,239
20.5,7,7,8,240
20.5,7,7,9,241
20.5,7,7,10,242
20.5,7,7,11,243
20.5,7,7,12,244
20.5,7,7,13,245
20.5,7,7,14,246
20.5,7,7,15,247
20.5,7,8,0,232
20.5,7,8,1,233
20.5,7,8,2,234
20.5,7,8,3,236
20.5,7,8,4,237
20.5,7,8,5,238
20.5,7,8,6,239
20.5,7,8,7,240
20.5,7,8,8,241
20.5,7,8,9,242
20.5,7,8,10,243
20.5,7,8,11,244
20.5,7,8,12,245
20.5,7,8,13,246
20.5,7,8,14,248
20.5,7,8,15,249
20.5,7,9,0,233
20.5,7,9,1,235
20.5,7,9,2,236
20.5,7,9,3,237
20.5,7,9,4,238
20.5,7,9,5,239
20.5,7,9,6,240
20.5,7,9,7,241
20.5,7,9,8,242
20.5,7,9,9,243
20.5,7,9,10,245
20.5,7,9,11,246
20.5,7,9,12,247
20.5,7,9,13,248
20.5,7,9,14,249
20.5,7,9,15,250
20.5,7,10,0,235
20.5,7,10,1,236
20.5,7,10,2,237
20.5,7,10,3,238
20.5,7,10,4,239
20.5,7,10,5,240
20.5,7,10,6,241
20.5,7,10,7,243
20.5,7,10,8,244
20.5,7,10,9,245
20.5,7,10,10,246
20.5,7,10,11,247
20.5,7,10,12,248
20.5,7,10,13,249
20.5,7,10,14,250
20.5,7,10,15,251
20.5,7,11,0,236
20.5,7,11,1,237
20.5,7,11,2,238
20.5,7,11,3,239
20.5,7,11,4,241
20.5,7,11,5,242
20.5,7,11,6,243
20.5,7,11,7,244
20.5,7,11,8,245
20.5,7,11,9,246
20.5,7,11,10,247
20.5,7,11,11,248
20.5,7,11,12,249
20.5,7,11,13,251
20.5,7,11,14,252
20.5,7,11,15,253
20.5,7,12,0,237
20.5,7,12,1,238
20.5,7,12,2,239
20.5,7,12,3,241
20.5,7,12,4,242
20.5,7,12,5,243
20.5,7,12,6,244
20.5,7,12,7,245
20.5,7,12,8,246
20.5,7,12,9,247
20.5,7,12,10,249
20.5,7,12,11,250
20.5,7,12,12,251
20.5,7,12,13,252
20.5,7,12,14,253
20.5,7,12,15,254
20.5,7,13,0,238
20.5,7,13,1,240
20.5,7,13,2,241
20.5,7,13,3,242
20.5,7,13,4,243
20.5,7,13,5,244
20.5,7,13,6,245
20.5,7,13,7,246
20.5,7,13,8,248
20.5,7,13,9,249
20.5,7,13,10,250
20.5,7,13,11,251
20.5,7,13,12,252
20.5,7,13,13,253
20.5,7,13,14,254
20.5,7,13,15,255
20.5,7,14,0,240
20.5,7,14,1,241
20.5,7,14,2,242
20.5,7,14,3,243
20.5,7,14,4,244
20.5,7,14,5,245
20.5,7,14,6,247
20.5,7,14,7,248
20.5,7,14,8,249
20.5,7,14,9,250
20.5,7,14,10,251
20.5,7,14,11,252
20.5,7,14,12,253
20.5,7,14,13,254
20.5,7,14,14,256
20.5,7,14,15,257
20.5,7,15,0,241
20.5,7,15,1,242
20.5,7,15,2,243
20.5,7,15,3,244
20.5,7,15,4,246
20.5,7,15,5,247
20.5,7,15,6,248
20.5,7,15,7,249
20.5,7,15,8,250
20.5,7,15,9,251
20.5,7,15,10,252
20.5,7,15,11,254
20.5,7,15,12,255
20.5,7,15,13,256
20.5,7,15,14,257
20.5,7,15,15,258
20.5,8,0,0,225
20.5,8,0,1,226
20.5,8,0,2,227
20.5,8,0,3,228
20.5,8,0,4,229
20.5,8,0,5,230
20.5,8,0,6,232
20.5,8,0,7,233
20.5,8,0,8,234
20.5,8,0,9,235
20.5,8,0,10,236
20.5,8,0,11,237
20.5,8,0,12,238
20.5,8,0,13,239
20.5,8,0,14,240
20.5,8,0,15,241
20.5,8,1,0,226
20.5,8,1,1,227
20.5,8,1,2,229
20.5,8,1,3,230
20.5,8,1,4,231
20.5,8,1,5,232
20.5,8,1,6,233
20.5,8,1,7,234
20.5,8,1,8,235
20.5,8,1,9,236
20.5,8,1,10,237
20.5,8,1,11,238
20.5,8,1,12,239
20.5,8,1,13,240
20.5,8,1,14,241
20.5,8,1,15,242
20.5,8,2,0,228
20.5,8,2,1,229
20.5,8,2,2,230
20.5,8,2,3,231
20.5,8,2,4,232
20.5,8,2,5,233
20.5,8,2,6,234
20.5,8,2,7,235
20.5,8,2,8,236
20.5,8,2,9,238
20.5,8,2,10,239
20.5,8,2,11,240
20.5,8,2,12,241
20.5,8,2,13,242
20.5,8,2,14,243
20.5,8,2,15,244
20.5,8,3,0,229
20.5,8,3,1,230
20.5,8,3,2,231
20.5,8,3,3,232
20.5,8,3,4,234
20.5,8,3,5,235
20.5,8,3,6,236
20.5,8,3,7,237
20.5,8,3,8,238
20.5,8,3,9,239
20.5,8,3,10,240
20.5,8,3,11,241
20.5,8,3,12,242
20.5,8,3,13,243
20.5,8,3,14,244
20.5,8,3,15,245
20.5,8,4,0,230
20.5,8,4,1,232
20.5,8,4,2,233
20.5,8,4,3,234
20.5,8,4,4,235
20.5,8,4,5,236
20.5,8,4,6,237
20.5,8,4,7,238
20.5,8,4,8,239
20.5,8,4,9,240
20.5,8,4,10,241
20.5,8,4,11,243
20.5,8,4,12,244
20.5,8,4,13,245
20.5,8,4,14,246
20.5,8,4,15,247
20.5,8,5,0,232
20.5,8,5,1,233
20.5,8,5,2,234
20.5,8,5,3,235
20.5,8,5,4,236
20.5,8,5,5,237
20.5,8,5,6,238
20.5,8,5,7,240
20.5,8,5,8,241
20.5,8,5,9,242
20.5,8,5,10,243
20.5,8,5,11,244
20.5,8,5,12,245
20.5,8,5,13,246
20.5,8,5,14,247
20.5,8,5,15,248
20.5,8,6,0,233
20.5,8,6,1,234
20.5,8,6,2,235
20.5,8,6,3,236
20.5,8,6,4,238
20.5,8,6,5,239
20.5,8,6,6,240
20.5,8,6,7,241
20.5,8,6,8,242
20.5,8,6,9,243
20.5,8,6,10,244
20.5,8,6,11,245
20.5,8,6,12,246
20.5,8,6,13,247
20.5,8,6,14,249
20.5,8,6,15,250
20.5,8,7,0,234
20.5,8,7,1,235
20.5,8,7,2,237
20.5,8,7,3,238
20.5,8,7,4,239
20.5,8,7,5,240
20.5,8,7,6,241
20.5,8,7,7,242
20.5,8,7,8,243
20.5,8,7,9,244
20.5,8,7,10,246
20.5,8,7,11,247
20.5,8,7,12,248
20.5,8,7,13,249
20.5,8,7,14,250
20.5,8,7,15,251
20.5,8,8,0,236
20.5,8,8,1,237
20.5,8,8,2,238
20.5,8,8,3,239
20.5,8,8,4,240
20.5,8,8,5,241
20.5,8,8,6,242
20.5,8,8,7,244
20.5,8,8,8,245
20.5,8,8,9,246
20.5,8,8,10,247
20.5,8,8,11,248
20.5,8,8,12,249
20.5,8,8,13,250
20.5,8,8,14,251
20.5,8,8,15,252
20.5,8,9,0,237
20.5,8,9,1,238
20.5,8,9,2,239
20.5,8,9,3,240
20.5,8,9,4,242
20.5,8,9,5,243
20.5,8,9,6,244
20.5,8,9,7,245
20.5,8,9,8,246
20.5,8,9,9,247
20.5,8,9,10,248
20.5,8,9,11,249
20.5,8,9,12,251
20.5,8,9,13,252
20.5,8,9,14,253
20.5,8,9,15,254
20.5,8,10,0,238
20.5,8,10,1,239
20.5,8,10,2,241
20.5,8,10,3,242
20.5,8,10,4,243
20.5,8,10,5,244
20.5,8,10,6,245
20.5,8,10,7,246
20.5,8,10,8,247
20.5,8,10,9,249
20.5,8,10,10,250
20.5,8,10,11,251
20.5,8,10,12,252
20.5,8,10,13,253
20.5,8,10,14,254
20.5,8,10,15,255
20.5,8,11,0,239
20.5,8,11,1,241
20.5,8,11,2,242
20.5,8,11,3,243
20.5,8,11,4,244
20.5,8,11,5,245
20.5,8,11,6,246
20.5,8,11,7,248
20.5,8,11,8,249
20.5,8,11,9,250
20.5,8,11,10,251
20.5,8,11,11,252
20.5,8,11,12,253
20.5,8,11,13,254
20.5,8,11,14,255
20.5,8,11,15,257
20.5,8,12,0,241
20.5,8,12,1,242
20.5,8,12,2,243
20.5,8,12,3,244
20.5,8,12,4,245
20.5,8,12,5,247
20.5,8,12,6,248
20.5,8,12,7,249
20.5,8,12,8,250
20.5,8,12,9,251
20.5,8,12,10,252
20.5,8,12,11,253
20.5,8,12,12,255
20.5,8,12,13,256
20.5,8,12,14,257
20.5,8,12,15,258
20.5,8,13,0,242
20.5,8,13,1,243
20.5,8,13,2,244
20.5,8,13,3,246
20.5,8,13,4,247
20.5,8,13,5,248
20.5,8,13,6,249
20.5,8,13,7,250
20.5,8,13,8,251
20.5,8,13,9,253
20.5,8,13,10,254
20.5,8,13,11,255
20.5,8,13,12,256
20.5,8,13,13,257
20.5,8,13,14,258
20.5,8,13,15,259
20.5,8,14,0,243
20.5,8,14,1,244
20.5,8,14,2,246
20.5,8,14,3,247
20.5,8,14,4,248
20.5,8,14,5,249
20.5,8,14,6,250
20.5,8,14,7,252
20.5,8,14,8,253
20.5,8,14,9,254
20.5,8,14,10,255
20.5,8,14,11,256
20.5,8,14,12,257
20.5,8,14,13,258
20.5,8,14,14,259
20.5,8,14,15,261
20.5,8,15,0,245
20.5,8,15,1,246
20.5,8,15,2,247
20.5,8,15,3,248
20.5,8,15,4,249
20.5,8,15,5,250
20.5,8,15,6,252
20.5,8,15,7,253
20.5,8,15,8,254
20.5,8,15,9,255
20.5,8,15,10,256
20.5,8,15,11,257
20.5,8,15,12,259
20.5,8,15,13,260
20.5,8,15,14,261
20.5,8,15,15,262
20.5,9,0,0,228
20.5,9,0,1,229
20.5,9,0,2,231
20.5,9,0,3,232
20.5,9,0,4,233
20.5,9,0,5,234
20.5,9,0,6,235
20.5,9,0,7,236
20.5,9,0,8,237
20.5,9,0,9,238
20.5,9,0,10,239
20.5,9,0,11,240
20.5,9,0,12,241
20.5,9,0,13,243
20.5,9,0,14,244
20.5,9,0,15,245
20.5,9,1,0,230
20.5,9,1,1,231
20.5,9,1,2,232
20.5,9,1,3,233
20.5,9,1,4,234
20.5,9,1,5,235
20.5,9,1,6,236
20.5,9,1,7,238
20.5,9,1,8,239
20.5,9,1,9,240
20.5,9,1,10,241
20.5,9,1,11,242
20.5,9,1,12,243
20.5,9,1,13,244
20.5,9,1,14,245
20.5,9,1,15,246
20.5,9,2,0,231
20.5,9,2,1,232
20.5,9,2,2,233
20.5,9,2,3,235
20.5,9,2,4,236
20.5,9,2,5,237
20.5,9,2,6,238
20.5,9,2,7,239
20.5,9,2,8,240
20.5,9,2,9,241
20.5,9,2,10,242
20.5,9,2,11,243
20.5,9,2,12,244
20.5,9,2,13,245
20.5,9,2,14,247
20.5,9,2,15,248
20.5,9,3,0,232
20.5,9,3,1,234
20.5,9,3,2,235
20.5,9,3,3,236
20.5,9,3,4,237
20.5,9,3,5,238
20.5,9,3,6,239
20.5,9,3,7,240
20.5,9,3,8,241
20.5,9,3,9,243
20.5,9,3,10,244
20.5,9,3,11,245
20.5,9,3,12,246
20.5,9,3,13,247
20.5,9,3,14,248
20.5,9,3,15,249
20.5,9,4,0,234
20.5,9,4,1,235
20.5,9,4,2,236
20.5,9,4,3,237
20.5,9,4,4,238
20.5,9,4,5,240
20.5,9,4,6,241
20.5,9,4,7,242
20.5,9,4,8,243
20.5,9,4,9,244
20.5,9,4,10,245
20.5,9,4,11,246
20.5,9,4,12,247
20.5,9,4,13,248
20.5,9,4,14,249
20.5,9,4,15,250
20.5,9,5,0,235
20.5,9,5,1,236
20.5,9,5,2,237
20.5,9,5,3,239
20.5,9,5,4,240
20.5,9,5,5,241
20.5,9,5,6,242
20.5,9,5,7,243
20.5,9,5,8,244
20.5,9,5,9,245
20.5,9,5,10,246
20.5,9,5,11,248
20.5,9,5,12,249
20.5,9,5,13,250
20.5,9,5,14,251
20.5,9,5,15,252
20.5,9,6,0,237
20.5,9,6,1,238
20.5,9,6,2,239
20.5,9,6,3,240
20.5,9,6,4,241
20.5,9,6,5,242
20.5,9,6,6,243
20.5,9,6,7,245
20.5,9,6,8,246
20.5,9,6,9,247
20.5,9,6,10,248
20.5,9,6,11,249
20.5,9,6,12,250
20.5,9,6,13,251
20.5,9,6,14,252
20.5,9,6,15,253
20.5,9,7,0,238
20.5,9,7,1,239
20.5,9,7,2,240
20.5,9,7,3,241
20.5,9,7,4,242
20.5,9,7,5,244
20.5,9,7,6,245
20.5,9,7,7,246
20.5,9,7,8,247
20.5,9,7,9,248
20.5,9,7,10,249
20.5,9,7,11,250
20.5,9,7,12,251
20.5,9,7,13,253
20.5,9,7,14,254
20.5,9,7,15,255
20.5,9,8,0,239
20.5,9,8,1,240
20.5,9,8,2,241
20.5,9,8,3,243
20.5,9,8,4,244
20.5,9,8,5,245
20.5,9,8,6,246
20.5,9,8,7,247
20.5,9,8,8,248
20.5,9,8,9,250
20.5,9,8,10,251
20.5,9,8,11,252
20.5,9,8,12,253
20.5,9,8,13,254
20.5,9,8,14,255
20.5,9,8,15,256
20.5,9,9,0,240
20.5,9,9,1,242
20.5,9,9,2,243
20.5,9,9,3,244
20.5,9,9,4,245
20.5,9,9,5,246
20.5,9,9,6,247
20.5,9,9,7,249
20.5,9,9,8,250
20.5,9,9,9,251
20.5,9,9,10,252
20.5,9,9,11,253
20.5,9,9,12,254
20.5,9,9,13,255
20.5,9,9,14,256
20.5,9,9,15,258
20.5,9,10,0,242
20.5,9,10,1,243
20.5,9,10,2,244
20.5,9,10,3,245
20.5,9,10,4,246
20.5,9,10,5,248
20.5,9,10,6,249
20.5,9,10,7,250
20.5,9,10,8,251
20.5,9,10,9,252
20.5,9,10,10,253
20.5,9,10,11,255
20.5,9,10,12,256
20.5,9,10,13,257
20.5,9,10,14,258
20.5,9,10,15,259
20.5,9,11,0,243
20.5,9,11,1,244
20.5,9,11,2,245
20.5,9,11,3,247
20.5,9,11,4,248
20.5,9,11,5,249
20.5,9,11,6,250
20.5,9,11,7,251
20.5,9,11,8,252
20.5,9,11,9,254
20.5,9,11,10,255
20.5,9,11,11,256
20.5,9,11,12,257
20.5,9,11,13,258
20.5,9,11,14,259
20.5,9,11,15,260
20.5,9,12,0,244
20.5,9,12,1,246
20.5,9,12,2,247
20.5,9,12,3,248
20.5,9,12,4,249
20.5,9,12,5,250
20.5,9,12,6,251
20.5,9,12,7,253
20.5,9,12,8,254
20.5,9,12,9,255
20.5,9,12,10,256
20.5,9,12,11,257
20.5,9,12,12,258
20.5,9,12,13,260
20.5,9,12,14,261
20.5,9,12,15,262
20.5,9,13,0,246
20.5,9,13,1,247
20.5,9,13,2,248
20.5,9,13,3,249
20.5,9,13,4,250
20.5,9,13,5,252
20.5,9,13,6,253
20.5,9,13,7,254
20.5,9,13,8,255
20.5,9,13,9,256
20.5,9,13,10,257
20.5,9,13,11,259
20.5,9,13,12,260
20.5,9,13,13,261
20.5,9,13,14,262
20.5,9,13,15,263
20.5,9,14,0,247
20.5,9,14,1,248
20.5,9,14,2,249
20.5,9,14,3,251
20.5,9,14,4,252
20.5,9,14,5,253
20.5,9,14,6,254
20.5,9,14,7,255
20.5,9,14,8,256
20.5,9,14,9,258
20.5,9,14,10,259
20.5,9,14,11,260
20.5,9,14,12,261
20.5,9,14,13,262
20.5,9,14,14,263
20.5,9,14,15,264
20.5,9,15,0,248
20.5,9,15,1,249
20.5,9,15,2,251
20.5,9,15,3,252
20.5,9,15,4,253
20.5,9,15,5,254
20.5,9,15,6,255
20.5,9,15,7,257
20.5,9,15,8,258
20.5,9,15,9,259
20.5,9,15,10,260
20.5,9,15,11,261
20.5,9,15,12,262
20.5,9,15,13,264
20.5,9,15,14,265
20.5,9,15,15,266
20.5,10,0,0,232
20.5,10,0,1,233
20.5,10,0,2,234
20.5,10,0,3,235
20.5,10,0,4,236
20.5,10,0,5,237
20.5,10,0,6,238
20.5,10,0,7,240
20.5,10,0,8,241
20.5,10,0,9,242
20.5,10,0,10,243
20.5,10,0,11,244
20.5,10,0,12,245
20.5,10,0,13,246
20.5,10,0,14,247
20.5,10,0,15,248
20.5,10,1,0,233
20.5,10,1,1,234
20.5,10,1,2,235
20.5,10,1,3,237
20.5,10,1,4,238
20.5,10,1,5,239
20.5,10,1,6,240
20.5,10,1,7,241
20.5,10,1,8,242
20.5,10,1,9,243
20.5,10,1,10,244
20.5,10,1,11,245
20.5,10,1,12,247
20.5,10,1,13,248
20.5,10,1,14,249
20.5,10,1,15,250
20.5,10,2,0,235
20.5,10,2,1,236
20.5,10,2,2,237
20.5,10,2,3,238
20.5,10,2,4,239
20.5,10,2,5,240
20.5,10,2,6,241
20.5,10,2,7,242
20.5,10,2,8,244
20.5,10,2,9,245
20.5,10,2,10,246
20.5,10,2,11,247
20.5,10,2,12,248
20.5,10,2,13,249
20.5,10,2,14,250
20.5,10,2,15,251
20.5,10,3,0,236
20.5,10,3,1,237
20.5,10,3,2,238
20.5,10,3,3,239
20.5,10,3,4,240
20.5,10,3,5,242
20.5,10,3,6,243
20.5,10,3,7,244
20.5,10,3,8,245
20.5,10,3,9,246
20.5,10,3,10,247
20.5,10,3,11,248
20.5,10,3,12,249
20.5,10,3,13,251
20.5,10,3,14,252
20.5,10,3,15,253
20.5,10,4,0,237
20.5,10,4,1,238
20.5,10,4,2,240
20.5,10,4,3,241
20.5,10,4,4,242
20.5,10,4,5,243
20.5,10,4,6,244
20.5,10,4,7,245
20.5,10,4,8,246
20.5,10,4,9,248
20.5,10,4,10,249
20.5,10,4,11,250
20.5,10,4,12,251
20.5,10,4,13,252
20.5,10,4,14,253
20.5,10,4,15,254
20.5,10,5,0,239
20.5,10,5,1,240
20.5,10,5,2,241
20.5,10,5,3,242
20.5,10,5,4,243
20.5,10,5,5,244
20.5,10,5,6,246
20.5,10,5,7,247
20.5,10,5,8,248
20.5,10,5,9,249
20.5,10,5,10,250
20.5,10,5,11,251
20.5,10,5,12,252
20.5,10,5,13,253
20.5,10,5,14,255
20.5,10,5,15,256
20.5,10,6,0,240
20.5,10,6,1,241
20.5,10,6,2,242
20.5,10,6,3,244
20.5,10,6,4,245
20.5,10,6,5,246
20.5,10,6,6,247
20.5,10,6,7,248
20.5,10,6,8,249
20.5,10,6,9,250
20.5,10,6,10,252
20.5,10,6,11,253
20.5,10,6,12,254
20.5,10,6,13,255
20.5,10,6,14,256
20.5,10,6,15,257
20.5,10,7,0,241
20.5,10,7,1,243
20.5,10,7,2,244
20.5,10,7,3,245
20.5,10,7,4,246
20.5,10,7,5,247
20.5,10,7,6,248
20.5,10,7,7,250
20.5,10,7,8,251
20.5,10,7,9,252
20.5,10,7,10,253
20.5,10,7,11,254
20.5,10,7,12,255
20.5,10,7,13,256
20.5,10,7,14,257
20.5,10,7,15,259
20.5,10,8,0,243
20.5,10,8,1,244
20.5,10,8,2,245
20.5,10,8,3,246
20.5,10,8,4,247
20.5,10,8,5,249
20.5,10,8,6,250
20.5,10,8,7,251
20.5,10,8,8,252
20.5,10,8,9,253
20.5,10,8,10,254
20.5,10,8,11,255
20.5,10,8,12,257
20.5,10,8,13,258
20.5,10,8,14,259
20.5,10,8,15,260
20.5,10,9,0,244
20.5,10,9,1,245
20.5,10,9,2,246
20.5,10,9,3,248
20.5,10,9,4,249
20.5,10,9,5,250
20.5,10,9,6,251
20.5,10,9,7,252
20.5,10,9,8,253
20.5,10,9,9,255
20.5,10,9,10,256
20.5,10,9,11,257
20.5,10,9,12,258
20.5,10,9,13,259
20.5,10,9,14,260
20.5,10,9,15,261
20.5,10,10,0,245
20.5,10,10,1,247
20.5,10,10,2,248
20.5,10,10,3,249
20.5,10,10,4,250
20.5,10,10,5,251
20.5,10,10,6,252
20.5,10,10,7,254
20.5,10,10,8,255
20.5,10,10,9,256
20.5,10,10,10,257
20.5,10,10,11,258
20.5,10,10,12,259
20.5,10,10,13,261
20.5,10,10,14,262
20.5,10,10,15,263
20.5,10,11,0,247
20.5,10,11,1,248
20.5,10,11,2,249
20.5,10,11,3,250
20.5,10,11,4,251
20.5,10,11,5,253
20.5,10,11,6,254
20.5,10,11,7,255
20.5,10,11,8,256
20.5,10,11,9,257
20.5,10,11,10,258
20.5,10,11,11,260
20.5,10,11,12,261
20.5,10,11,13,262
20.5,10,11,14,263
20.5,10,11,15,264
20.5,10,12,0,248
20.5,10,12,1,249
20.5,10,12,2,250
20.5,10,12,3,252
20.5,10,12,4,253
20.5,10,12,5,254
20.5,10,12,6,255
20.5,10,12,7,256
20.5,10,12,8,258
20.5,10,12,9,259
20.5,10,12,10,260
20.5,10,12,11,261
20.5,10,12,12,262
20.5,10,12,13,263
20.5,10,12,14,264
20.5,10,12,15,266
20.5,10,13,0,249
20.5,10,13,1,250
20.5,10,13,2,252
20.5,10,13,3,253
20.5,10,13,4,254
20.5,10,13,5,255
20.5,10,13,6,257
20.5,10,13,7,258
20.5,10,13,8,259
20.5,10,13,9,260
20.5,10,13,10,261
20.5,10,13,11,262
20.5,10,13,12,264
20.5,10,13,13,265
20.5,10,13,14,266
20.5,10,13,15,267
20.5,10,14,0,251
20.5,10,14,1,252
20.5,10,14,2,253
20.5,10,14,3,254
20.5,10,14,4,255
20.5,10,14,5,257
20.5,10,14,6,258
20.5,10,14,7,259
20.5,10,14,8,260
20.5,10,14,9,261
20.5,10,14,10,263
20.5,10,14,11,264
20.5,10,14,12,265
20.5,10,14,13,266
20.5,10,14,14,267
20.5,10,14,15,268
20.5,10,15,0,252
20.5,10,15,1,253
20.5,10,15,2,254
20.5,10,15,3,256
20.5,10,15,4,257
20.5,10,15,5,258
20.5,10,15,6,259
20.5,10,15,7,260
20.5,10,15,8,262
20.5,10,15,9,263
20.5,10,15,10,264
20.5,10,15,11,265
20.5,10,15,12,266
20.5,10,15,13,267
20.5,10,15,14,269
20.5,10,15,15,270
20.5,11,0,0,235
20.5,11,0,1,236
20.5,11,0,2,237
20.5,11,0,3,239
20.5,11,0,4,240
20.5,11,0,5,241
20.5,11,0,6,242
20.5,11,0,7,243
20.5,11,0,8,244
20.5,11,0,9,245
20.5,11,0,10,246
20.5,11,0,11,247
20.5,11,0,12,249
20.5,11,0,13,250
20.5,11,0,14,251
20.5,11,0,15,252
20.5,11,1,0,237
20.5,11,1,1,238
20.5,11,1,2,239
20.5,11,1,3,240
20.5,11,1,4,241
20.5,11,1,5,242
20.5,11,1,6,243
20.5,11,1,7,245
20.5,11,1,8,246
20.5,11,1,9,247
20.5,11,1,10,248
20.5,11,1,11,249
20.5,11,1,12,250
20.5,11,1,13,251
20.5,11,1,14,252
20.5,11,1,15,253
20.5,11,2,0,238
20.5,11,2,1,239
20.5,11,2,2,240
20.5,11,2,3,241
20.5,11,2,4,243
20.5,11,2,5,244
20.5,11,2,6,245
20.5,11,2,7,246
20.5,11,2,8,247
20.5,11,2,9,248
20.5,11,2,10,249
20.5,11,2,11,250
20.5,11,2,12,252
20.5,11,2,13,253
20.5,11,2,14,254
20.5,11,2,15,255
20.5,11,3,0,239
20.5,11,3,1,241
20.5,11,3,2,242
20.5,11,3,3,243
20.5,11,3,4,244
20.5,11,3,5,245
20.5,11,3,6,246
20.5,11,3,7,247
20.5,11,3,8,249
20.5,11,3,9,250
20.5,11,3,10,251
20.5,11,3,11,252
20.5,11,3,12,253
20.5,11,3,13,254
20.5,11,3,14,255
20.5,11,3,15,256
20.5,11,4,0,241
20.5,11,4,1,242
20.5,11,4,2,243
20.5,11,4,3,244
20.5,11,4,4,245
20.5,11,4,5,247
20.5,11,4,6,248
20.5,11,4,7,249
20.5,11,4,8,250
20.5,11,4,9,251
20.5,11,4,10,252
20.5,11,4,11,253
20.5,11,4,12,255
20.5,11,4,13,256
20.5,11,4,14,257
20.5,11,4,15,258
20.5,11,5,0,242
20.5,11,5,1,243
20.5,11,5,2,244
20.5,11,5,3,246
20.5,11,5,4,247
20.5,11,5,5,248
20.5,11,5,6,249
20.5,11,5,7,250
20.5,11,5,8,251
20.5,11,5,9,253
20.5,11,5,10,254
20.5,11,5,11,255
20.5,11,5,12,256
20.5,11,5,13,257
20.5,11,5,14,258
20.5,11,5,15,259
20.5,11,6,0,243
20.5,11,6,1,245
20.5,11,6,2,246
20.5,11,6,3,247
20.5,11,6,4,248
20.5,11,6,5,249
20.5,11,6,6,251
20.5,11,6,7,252
20.5,11,6,8,253
20.5,11,6,9,254
20.5,11,6,10,255
20.5,11,6,11,256
20.5,11,6,12,257
20.5,11,6,13,259
20.5,11,6,14,260
20.5,11,6,15,261
20.5,11,7,0,245
20.5,11,7,1,246
20.5,11,7,2,247
20.5,11,7,3,248
20.5,11,7,4,250
20.5,11,7,5,251
20.5,11,7,6,252
20.5,11,7,7,253
20.5,11,7,8,254
20.5,11,7,9,255
20.5,11,7,10,257
20.5,11,7,11,258
20.5,11,7,12,259
20.5,11,7,13,260
20.5,11,7,14,261
20.5,11,7,15,262
20.5,11,8,0,246
20.5,11,8,1,247
20.5,11,8,2,249
20.5,11,8,3,250
20.5,11,8,4,251
20.5,11,8,5,252
20.5,11,8,6,253
20.5,11,8,7,255
20.5,11,8,8,256
20.5,11,8,9,257
20.5,11,8,10,258
20.5,11,8,11,259
20.5,11,8,12,260
20.5,11,8,13,261
20.5,11,8,14,263
20.5,11,8,15,264
20.5,11,9,0,248
20.5,11,9,1,249
20.5,11,9,2,250
20.5,11,9,3,251
20.5,11,9,4,252
20.5,11,9,5,254
20.5,11,9,6,255
20.5,11,9,7,256
20.5,11,9,8,257
20.5,11,9,9,258
20.5,11,9,10,259
20.5,11,9,11,261
20.5,11,9,12,262
20.5,11,9,13,263
20.5,11,9,14,264
20.5,11,9,15,265
20.5,11,10,0,249
20.5,11,10,1,250
20.5,11,10,2,251
20.5,11,10,3,253
20.5,11,10,4,254
20.5,11,10,5,255
20.5,11,10,6,256
20.5,11,10,7,257
20.5,11,10,8,258
20.5,11,10,9,260
20.5,11,10,10,261
20.5,11,10,11,262
20.5,11,10,12,263
20.5,11,10,13,264
20.5,11,10,14,265
20.5,11,10,15,267
20.5,11,11,0,250
20.5,11,11,1,251
20.5,11,11,2,253
20.5,11,11,3,254
20.5,11,11,4,255
20.5,11,11,5,256
20.5,11,11,6,258
20.5,11,11,7,259
20.5,11,11,8,260
20.5,11,11,9,261
20.5,11,11,10,262
20.5,11,11,11,263
20.5,11,11,12,265
20.5,11,11,13,266
20.5,11,11,14,267
20.5,11,11,15,268
20.5,11,12,0,252
20.5,11,12,1,253
20.5,11,12,2,254
20.5,11,12,3,255
20.5,11,12,4,256
20.5,11,12,5,258
20.5,11,12,6,259
20.5,11,12,7,260
20.5,11,12,8,261
20.5,11,12,9,262
20.5,11,12,10,264
20.5,11,12,11,265
20.5,11,12,12,266
20.5,11,12,13,267
20.5,11,12,14,268
20.5,11,12,15,269
20.5,11,13,0,253
20.5,11,13,1,254
20.5,11,13,2,255
20.5,11,13,3,257
20.5,11,13,4,258
20.5,11,13,5,259
20.5,11,13,6,260
20.5,11,13,7,261
20.5,11,13,8,263
20.5,11,13,9,264
20.5,11,13,10,265
20.5,11,13,11,266
20.5,11,13,12,267
20.5,11,13,13,269
20.5,11,13,14,270
20.5,11,13,15,271
20.5,11,14,0,254
20.5,11,14,1,255
20.5,11,14,2,257
20.5,11,14,3,258
20.5,11,14,4,259
20.5,11,14,5,260
20.5,11,14,6,262
20.5,11,14,7,263
20.5,11,14,8,264
20.5,11,14,9,265
20.5,11,14,10,266
20.5,11,14,11,268
20.5,11,14,12,269
20.5,11,14,13,270
20.5,11,14,14,271
20.5,11,14,15,272
20.5,11,15,0,256
20.5,11,15,1,257
20.5,11,15,2,258
20.5,11,15,3,259
20.5,11,15,4,260
20.5,11,15,5,262
20.5,11,15,6,263
20.5,11,15,7,264
20.5,11,15,8,265
20.5,11,15,9,267
20.5,11,15,10,268
20.5,11,15,11,269
20.5,11,15,12,270
20.5,11,15,13,271
20.5,11,15,14,273
20.5,11,15,15,274
20.5,12,0,0,238
20.5,12,0,1,240
20.5,12,0,2,241
20.5,12,0,3,242
20.5,12,0,4,243
20.5,12,0,5,244
20.5,12,0,6,245
20.5,12,0,7,247
20.5,12,0,8,248
20.5,12,0,9,249
20.5,12,0,10,250
20.5,12,0,11,251
20.5,12,0,12,252
20.5,12,0,13,253
20.5,12,0,14,254
20.5,12,0,15,255
20.5,12,1,0,240
20.5,12,1,1,241
20.5,12,1,2,242
20.5,12,1,3,243
20.5,12,1,4,245
20.5,12,1,5,246
20.5,12,1,6,247
20.5,12,1,7,248
20.5,12,1,8,249
20.5,12,1,9,250
20.5,12,1,10,251
20.5,12,1,11,253
20.5,12,1,12,254
20.5,12,1,13,255
20.5,12,1,14,256
20.5,12,1,15,257
20.5,12,2,0,241
20.5,12,2,1,243
20.5,12,2,2,244
20.5,12,2,3,245
20.5,12,2,4,246
20.5,12,2,5,247
20.5,12,2,6,248
20.5,12,2,7,249
20.5,12,2,8,251
20.5,12,2,9,252
20.5,12,2,10,253
20.5,12,2,11,254
20.5,12,2,12,255
20.5,12,2,13,256
20.5,12,2,14,257
20.5,12,2,15,259
20.5,12,3,0,243
20.5,12,3,1,244
20.5,12,3,2,245
20.5,12,3,3,246
20.5,12,3,4,247
20.5,12,3,5,249
20.5,12,3,6,250
20.5,12,3,7,251
20.5,12,3,8,252
20.5,12,3,9,253
20.5,12,3,10,254
20.5,12,3,11,256
20.5,12,3,12,257
20.5,12,3,13,258
20.5,12,3,14,259
20.5,12,3,15,260
20.5,12,4,0,244
20.5,12,4,1,245
20.5,12,4,2,247
20.5,12,4,3,248
20.5,12,4,4,249
20.5,12,4,5,250
20.5,12,4,6,251
20.5,12,4,7,252
20.5,12,4,8,254
20.5,12,4,9,255
20.5,12,4,10,256
20.5,12,4,11,257
20.5,12,4,12,258
20.5,12,4,13,259
20.5,12,4,14,260
20.5,12,4,15,262
20.5,12,5,0,246
20.5,12,5,1,247
20.5,12,5,2,248
20.5,12,5,3,249
20.5,12,5,4,250
20.5,12,5,5,252
20.5,12,5,6,253
20.5,12,5,7,254
20.5,12,5,8,255
20.5,12,5,9,256
20.5,12,5,10,257
20.5,12,5,11,258
20.5,12,5,12,260
20.5,12,5,13,261
20.5,12,5,14,262
20.5,12,5,15,263
20.5,12,6,0,247
20.5,12,6,1,248
20.5,12,6,2,249
20.5,12,6,3,251
20.5,12,6,4,252
20.5,12,6,5,253
20.5,12,6,6,254
20.5,12,6,7,255
20.5,12,6,8,256
20.5,12,6,9,258
20.5,12,6,10,259
20.5,12,6,11,260
20.5,12,6,12,261
20.5,12,6,13,262
20.5,12,6,14,263
20.5,12,6,15,265
20.5,12,7,0,248
20.5,12,7,1,250
20.5,12,7,2,251
20.5,12,7,3,252
20.5,12,7,4,253
20.5,12,7,5,254
20.5,12,7,6,256
20.5,12,7,7,257
20.5,12,7,8,258
20.5,12,7,9,259
20.5,12,7,10,260
20.5,12,7,11,261
20.5,12,7,12,263
20.5,12,7,13,264
20.5,12,7,14,265
20.5,12,7,15,266
20.5,12,8,0,250
20.5,12,8,1,251
20.5,12,8,2,252
20.5,12,8,3,253
20.5,12,8,4,255
20.5,12,8,5,256
20.5,12,8,6,257
20.5,12,8,7,258
20.5,12,8,8,259
20.5,12,8,9,261
20.5,12,8,10,262
20.5,12,8,11,263
20.5,12,8,12,264
20.5,12,8,13,265
20.5,12,8,14,266
20.5,12,8,15,267
20.5,12,9,0,251
20.5,12,9,1,252
20.5,12,9,2,254
20.5,12,9,3,255
20.5,12,9,4,256
20.5,12,9,5,257
20.5,12,9,6,258
20.5,12,9,7,260
20.5,12,9,8,261
20.5,12,9,9,262
20.5,12,9,10,263
20.5,12,9,11,264
20.5,12,9,12,265
20.5,12,9,13,267
20.5,12,9,14,268
20.5,12,9,15,269
20.5,12,10,0,252
20.5,12,10,1,254
20.5,12,10,2,255
20.5,12,10,3,256
20.5,12,10,4,257
20.5,12,10,5,259
20.5,12,10,6,260
20.5,12,10,7,261
20.5,12,10,8,262
20.5,12,10,9,263
20.5,12,10,10,265
20.5,12,10,11,266
20.5,12,10,12,267
20.5,12,10,13,268
20.5,12,10,14,269
20.5,12,10,15,270
20.5,12,11,0,254
20.5,12,11,1,255
20.5,12,11,2,256
20.5,12,11,3,258
20.5,12,11,4,259
20.5,12,11,5,260
20.5,12,11,6,261
20.5,12,11,7,262
20.5,12,11,8,264
20.5,12,11,9,265
20.5,12,11,10,266
20.5,12,11,11,267
20.5,12,11,12,268
20.5,12,11,13,270
20.5,12,11,14,271
20.5,12,11,15,272
20.5,12,12,0,255
20.5,12,12,1,256
20.5,12,12,2,258
20.5,12,12,3,259
20.5,12,12,4,260
20.5,12,12,5,261
20.5,12,12,6,263
20.5,12,12,7,264
20.5,12,12,8,265
20.5,12,12,9,266
20.5,12,12,10,267
20.5,12,12,11,269
20.5,12,12,12,270
20.5,12,12,13,271
20.5,12,12,14,272
20.5,12,12,15,273
20.5,12,13,0,257
20.5,12,13,1,258
20.5,12,13,2,259
20.5,12,13,3,260
20.5,12,13,4,262
20.5,12,13,5,263
20.5,12,13,6,264
20.5,12,13,7,265
20.5,12,13,8,266
20.5,12,13,9,268
20.5,12,13,10,269
20.5,12,13,11,270
20.5,12,13,12,271
20.5,12,13,13,272
20.5,12,13,14,274
20.5,12,13,15,275
20.5,12,14,0,258
20.5,12,14,1,259
20.5,12,14,2,260
20.5,12,14,3,262
20.5,12,14,4,263
20.5,12,14,5,264
20.5,12,14,6,265
20.5,12,14,7,267
20.5,12,14,8,268
20.5,12,14,9,269
20.5,12,14,10,270
20.5,12,14,11,271
20.5,12,14,12,273
20.5,12,14,13,274
20.5,12,14,14,275
20.5,12,14,15,276
20.5,12,15,0,259
20.5,12,15,1,260
20.5,12,15,2,262
20.5,12,15,3,263
20.5,12,15,4,264
20.5,12,15,5,265
20.5,12,15,6,267
20.5,12,15,7,268
20.5,12,15,8,269
20.5,12,15,9,270
20.5,12,15,10,272
20.5,12,15,11,273
20.5,12,15,12,274
20.5,12,15,13,275
20.5,12,15,14,276
20.5,12,15,15,278
20.5,13,0,0,242
20.5,13,0,1,243
20.5,13,0,2,244
20.5,13,0,3,245
20.5,13,0,4,247
20.5,13,0,5,248
20.5,13,0,6,249
20.5,13,0,7,250
20.5,13,0,8,251
20.5,13,0,9,252
20.5,13,0,10,253
20.5,13,0,11,255
20.5,13,0,12,256
20.5,13,0,13,257
20.5,13,0,14,258
20.5,13,0,15,259
20.5,13,1,0,243
20.5,13,1,1,244
20.5,13,1,2,246
20.5,13,1,3,247
20.5,13,1,4,248
20.5,13,1,5,249
20.5,13,1,6,250
20.5,13,1,7,252
20.5,13,1,8,253
20.5,13,1,9,254
20.5,13,1,10,255
20.5,13,1,11,256
20.5,13,1,12,257
20.5,13,1,13,258
20.5,13,1,14,259
20.5,13,1,15,261
20.5,13,2,0,245
20.5,13,2,1,246
20.5,13,2,2,247
20.5,13,2,3,248
20.5,13,2,4,250
20.5,13,2,5,251
20.5,13,2,6,252
20.5,13,2,7,253
20.5,13,2,8,254
20.5,13,2,9,255
20.5,13,2,10,256
20.5,13,2,11,258
20.5,13,2,12,259
20.5,13,2,13,260
20.5,13,2,14,261
20.5,13,2,15,262
20.5,13,3,0,246
20.5,13,3,1,247
20.5,13,3,2,249
20.5,13,3,3,250
20.5,13,3,4,251
20.5,13,3,5,252
20.5,13,3,6,253
20.5,13,3,7,255
20.5,13,3,8,256
20.5,13,3,9,257
20.5,13,3,10,258
20.5,13,3,11,259
20.5,13,3,12,260
20.5,13,3,13,261
20.5,13,3,14,263
20.5,13,3,15,264
20.5,13,4,0,248
20.5,13,4,1,249
20.5,13,4,2,250
20.5,13,4,3,251
20.5,13,4,4,252
20.5,13,4,5,254
20.5,13,4,6,255
20.5,13,4,7,256
20.5,13,4,8,257
20.5,13,4,9,258
20.5,13,4,10,259
20.5,13,4,11,261
20.5,13,4,12,262
20.5,13,4,13,263
20.5,13,4,14,264
20.5,13,4,15,265
20.5,13,5,0,249
20.5,13,5,1,250
20.5,13,5,2,251
20.5,13,5,3,253
20.5,13,5,4,254
20.5,13,5,5,255
20.5,13,5,6,256
20.5,13,5,7,257
20.5,13,5,8,259
20.5,13,5,9,260
20.5,13,5,10,261
20.5,13,5,11,262
20.5,13,5,12,263
20.5,13,5,13,264
20.5,13,5,14,266
20.5,13,5,15,267
20.5,13,6,0,250
20.5,13,6,1,252
20.5,13,6,2,253
20.5,13,6,3,254
20.5,13,6,4,255
20.5,13,6,5,257
20.5,13,6,6,258
20.5,13,6,7,259
20.5,13,6,8,260
20.5,13,6,9,261
20.5,13,6,10,262
20.5,13,6,11,264
20.5,13,6,12,265
20.5,13,6,13,266
20.5,13,6,14,267
20.5,13,6,15,268
20.5,13,7,0,252
20.5,13,7,1,253
20.5,13,7,2,254
20.5,13,7,3,256
20.5,13,7,4,257
20.5,13,7,5,258
20.5,13,7,6,259
20.5,13,7,7,260
20.5,13,7,8,262
20.5,13,7,9,263
20.5,13,7,10,264
20.5,13,7,11,265
20.5,13,7,12,266
20.5,13,7,13,267
20.5,13,7,14,269
20.5,13,7,15,270
20.5,13,8,0,253
20.5,13,8,1,254
20.5,13,8,2,256
20.5,13,8,3,257
20.5,13,8,4,258
20.5,13,8,5,259
20.5,13,8,6,261
20.5,13,8,7,262
20.5,13,8,8,263
20.5,13,8,9,264
20.5,13,8,10,265
20.5,13,8,11,267
20.5,13,8,12,268
20.5,13,8,13,269
20.5,13,8,14,270
20.5,13,8,15,271
20.5,13,9,0,255
20.5,13,9,1,256
20.5,13,9,2,257
20.5,13,9,3,258
20.5,13,9,4,260
20.5,13,9,5,261
20.5,13,9,6,262
20.5,13,9,7,263
20.5,13,9,8,264
20.5,13,9,9,266
20.5,13,9,10,267
20.5,13,9,11,268
20.5,13,9,12,269
20.5,13,9,13,270
20.5,13,9,14,272
20.5,13,9,15,273
20.5,13,10,0,256
20.5,13,10,1,257
20.5,13,10,2,259
20.5,13,10,3,260
20.5,13,10,4,261
20.5,13,10,5,262
20.5,13,10,6,263
20.5,13,10,7,265
20.5,13,10,8,266
20.5,13,10,9,267
20.5,13,10,10,268
20.5,13,10,11,270
20.5,13,10,12,271
20.5,13,10,13,272
20.5,13,10,14,273
20.5,13,10,15,274
20.5,13,11,0,257
20.5,13,11,1,259
20.5,13,11,2,260
20.5,13,11,3,261
20.5,13,11,4,262
20.5,13,11,5,264
20.5,13,11,6,265
20.5,13,11,7,266
20.5,13,11,8,267
20.5,13,11,9,269
20.5,13,11,10,270
20.5,13,11,11,271
20.5,13,11,12,272
20.5,13,11,13,273
20.5,13,11,14,275
20.5,13,11,15,276
20.5,13,12,0,259
20.5,13,12,1,260
20.5,13,12,2,261
20.5,13,12,3,263
20.5,13,12,4,264
20.5,13,12,5,265
20.5,13,12,6,266
20.5,13,12,7,268
20.5,13,12,8,269
20.5,13,12,9,270
20.5,13,12,10,271
20.5,13,12,11,272
20.5,13,12,12,274
20.5,13,12,13,275
20.5,13,12,14,276
20.5,13,12,15,277
20.5,13,13,0,260
20.5,13,13,1,261
20.5,13,13,2,263
20.5,13,13,3,264
20.5,13,13,4,265
20.5,13,13,5,266
20.5,13,13,6,268
20.5,13,13,7,269
20.5,13,13,8,270
20.5,13,13,9,271
20.5,13,13,10,273
20.5,13,13,11,274
20.5,13,13,12,275
20.5,13,13,13,276
20.5,13,13,14,277
20.5,13,13,15,279
20.5,13,14,0,261
20.5,13,14,1,263
20.5,13,14,2,264
20.5,13,14,3,265
20.5,13,14,4,267
20.5,13,14,5,268
20.5,13,14,6,269
20.5,13,14,7,270
20.5,13,14,8,272
20.5,13,14,9,273
20.5,13,14,10,274
20.5,13,14,11,275
20.5,13,14,12,276
20.5,13,14,13,278
20.5,13,14,14,279
20.5,13,14,15,280
20.5,13,15,0,263
20.5,13,15,1,264
20.5,13,15,2,265
20.5,13,15,3,267
20.5,13,15,4,268
20.5,13,15,5,269
20.5,13,15,6,270
20.5,13,15,7,272
20.5,13,15,8,273
20.5,13,15,9,274
20.5,13,15,10,275
20.5,13,15,11,277
20.5,13,15,12,278
20.5,13,15,13,279
20.5,13,15,14,280
20.5,13,15,15,282
20.5,14,0,0,245
20.5,14,0,1,246
20.5,14,0,2,248
20.5,14,0,3,249
20.5,14,0,4,250
20.5,14,0,5,251
20.5,14,0,6,252
20.5,14,0,7,253
20.5,14,0,8,255
20.5,14,0,9,256
20.5,14,0,10,257
20.5,14,0,11,258
20.5,14,0,12,259
20.5,14,0,13,260
20.5,14,0,14,262
20.5,14,0,15,263
20.5,14,1,0,247
20.5,14,1,1,248
20.5,14,1,2,249
20.5,14,1,3,250
20.5,14,1,4,251
20.5,14,1,5,253
20.5,14,1,6,254
20.5,14,1,7,255
20.5,14,1,8,256
20.5,14,1,9,257
20.5,14,1,10,259
20.5,14,1,11,260
20.5,14,1,12,261
20.5,14,1,13,262
20.5,14,1,14,263
20.5,14,1,15,264
20.5,14,2,0,248
20.5,14,2,1,249
20.5,14,2,2,251
20.5,14,2,3,252
20.5,14,2,4,253
20.5,14,2,5,254
20.5,14,2,6,255
20.5,14,2,7,257
20.5,14,2,8,258
20.5,14,2,9,259
20.5,14,2,10,260
20.5,14,2,11,261
20.5,14,2,12,262
20.5,14,2,13,264
20.5,14,2,14,265
20.5,14,2,15,266
20.5,14,3,0,250
20.5,14,3,1,251
20.5,14,3,2,252
20.5,14,3,3,253
20.5,14,3,4,254
20.5,14,3,5,256
20.5,14,3,6,257
20.5,14,3,7,258
20.5,14,3,8,259
20.5,14,3,9,260
20.5,14,3,10,262
20.5,14,3,11,263
20.5,14,3,12,264
20.5,14,3,13,265
20.5,14,3,14,266
20.5,14,3,15,267
20.5,14,4,0,251
20.5,14,4,1,252
20.5,14,4,2,254
20.5,14,4,3,255
20.5,14,4,4,256
20.5,14,4,5,257
20.5,14,4,6,258
20.5,14,4,7,260
20.5,14,4,8,261
20.5,14,4,9,262
20.5,14,4,10,263
20.5,14,4,11,264
20.5,14,4,12,265
20.5,14,4,13,267
20.5,14,4,14,268
20.5,14,4,15,269
20.5,14,5,0,253
20.5,14,5,1,254
20.5,14,5,2,255
20.5,14,5,3,256
20.5,14,5,4,257
20.5,14,5,5,259
20.5,14,5,6,260
20.5,14,5,7,261
20.5,14,5,8,262
20.5,14,5,9,263
20.5,14,5,10,265
20.5,14,5,11,266
20.5,14,5,12,267
20.5,14,5,13,268
20.5,14,5,14,269
20.5,14,5,15,270
20.5,14,6,0,254
20.5,14,6,1,255
20.5,14,6,2,256
20.5,14,6,3,258
20.5,14,6,4,259
20.5,14,6,5,260
20.5,14,6,6,261
20.5,14,6,7,263
20.5,14,6,8,264
20.5,14,6,9,265
20.5,14,6,10,266
20.5,14,6,11,267
20.5,14,6,12,268
20.5,14,6,13,270
20.5,14,6,14,271
20.5,14,6,15,272
20.5,14,7,0,255
20.5,14,7,1,257
20.5,14,7,2,258
20.5,14,7,3,259
20.5,14,7,4,260
20.5,14,7,5,262
20.5,14,7,6,263
20.5,14,7,7,264
20.5,14,7,8,265
20.5,14,7,9,266
20.5,14,7,10,268
20.5,14,7,11,269
20.5,14,7,12,270
20.5,14,7,13,271
20.5,14,7,14,272
20.5,14,7,15,274
20.5,14,8,0,257
20.5,14,8,1,258
20.5,14,8,2,259
20.5,14,8,3,261
20.5,14,8,4,262
20.5,14,8,5,263
20.5,14,8,6,264
20.5,14,8,7,265
20.5,14,8,8,267
20.5,14,8,9,268
20.5,14,8,10,269
20.5,14,8,11,270
20.5,14,8,12,271
20.5,14,8,13,273
20.5,14,8,14,274
20.5,14,8,15,275
20.5,14,9,0,258
20.5,14,9,1,259
20.5,14,9,2,261
20.5,14,9,3,262
20.5,14,9,4,263
20.5,14,9,5,264
20.5,14,9,6,266
20.5,14,9,7,267
20.5,14,9,8,268
20.5,14,9,9,269
20.5,14,9,10,271
20.5,14,9,11,272
20.5,14,9,12,273
20.5,14,9,13,274
20.5,14,9,14,275
20.5,14,9,15,277
20.5,14,10,0,260
20.5,14,10,1,261
20.5,14,10,2,262
20.5,14,10,3,263
20.5,14,10,4,265
20.5,14,10,5,266
20.5,14,10,6,267
20.5,14,10,7,268
20.5,14,10,8,270
20.5,14,10,9,271
20.5,14,10,10,272
20.5,14,10,11,273
20.5,14,10,12,274
20.5,14,10,13,276
20.5,14,10,14,277
20.5,14,10,15,278
20.5,14,11,0,261
20.5,14,11,1,262
20.5,14,11,2,264
20.5,14,11,3,265
20.5,14,11,4,266
20.5,14,11,5,267
20.5,14,11,6,269
20.5,14,11,7,270
20.5,14,11,8,271
20.5,14,11,9,272
20.5,14,11,10,274
20.5,14,11,11,275
20.5,14,11,12,276
20.5,14,11,13,277
20.5,14,11,14,278
20.5,14,11,15,280
20.5,14,12,0,262
20.5,14,12,1,264
20.5,14,12,2,265
20.5,14,12,3,266
20.5,14,12,4,267
20.5,14,12,5,269
20.5,14,12,6,270
20.5,14,12,7,271
20.5,14,12,8,272
20.5,14,12,9,274
20.5,14,12,10,275
20.5,14,12,11,276
20.5,14,12,12,277
20.5,14,12,13,279
20.5,14,12,14,280
20.5,14,12,15,281
20.5,14,13,0,264
20.5,14,13,1,265
20.5,14,13,2,266
20.5,14,13,3,268
20.5,14,13,4,269
20.5,14,13,5,270
20.5,14,13,6,271
20.5,14,13,7,273
20.5,14,13,8,274
20.5,14,13,9,275
20.5,14,13,10,276
20.5,14,13,11,278
20.5,14,13,12,279
20.5,14,13,13,280
20.5,14,13,14,281
20.5,14,13,15,283
20.5,14,14,0,265
20.5,14,14,1,266
20.5,14,14,2,268
20.5,14,14,3,269
20.5,14,14,4,270
20.5,14,14,5,272
20.5,14,14,6,273
20.5,14,14,7,274
20.5,14,14,8,275
20.5,14,14,9,277
20.5,14,14,10,278
20.5,14,14,11,279
20.5,14,14,12,280
20.5,14,14,13,282
20.5,14,14,14,283
20.5,14,14,15,284
20.5,14,15,0,266
20.5,14,15,1,268
20.5,14,15,2,269
20.5,14,15,3,270
20.5,14,15,4,272
20.5,14,15,5,273
20.5,14,15,6,274
20.5,14,15,7,275
20.5,14,15,8,277
20.5,14,15,9,278
20.5,14,15,10,279
20.5,14,15,11,281
20.5,14,15,12,282
20.5,14,15,13,283
20.5,14,15,14,284
20.5,14,15,15,285
20.5,15,0,0,249
20.5,15,0,1,250
20.5,15,0,2,251
20.5,15,0,3,252
20.5,15,0,4,253
20.5,15,0,5,255
20.5,15,0,6,256
20.5,15,0,7,257
20.5,15,0,8,258
20.5,15,0,9,259
20.5,15,0,10,260
20.5,15,0,11,262
20.5,15,0,12,263
20.5,15,0,13,264
20.5,15,0,14,265
20.5,15,0,15,266
20.5,15,1,0,250
20.5,15,1,1,251
20.5,15,1,2,253
20.5,15,1,3,254
20.5,15,1,4,255
20.5,15,1,5,256
20.5,15,1,6,257
20.5,15,1,7,259
20.5,15,1,8,260
20.5,15,1,9,261
20.5,15,1,10,262
20.5,15,1,11,263
20.5,15,1,12,264
20.5,15,1,13,266
20.5,15,1,14,267
20.5,15,1,15,268
20.5,15,2,0,252
20.5,15,2,1,253
20.5,15,2,2,254
20.5,15,2,3,255
20.5,15,2,4,256
20.5,15,2,5,258
20.5,15,2,6,259
20.5,15,2,7,260
20.5,15,2,8,261
20.5,15,2,9,262
20.5,15,2,10,264
20.5,15,2,11,265
20.5,15,2,12,266
20.5,15,2,13,267
20.5,15,2,14,268
20.5,15,2,15,269
20.5,15,3,0,253
20.5,15,3,1,254
20.5,15,3,2,256
20.5,15,3,3,257
20.5,15,3,4,258
20.5,15,3,5,259
20.5,15,3,6,260
20.5,15,3,7,262
20.5,15,3,8,263
20.5,15,3,9,264
20.5,15,3,10,265
20.5,15,3,11,266
20.5,15,3,12,268
20.5,15,3,13,269
20.5,15,3,14,270
20.5,15,3,15,271
20.5,15,4,0,255
20.5,15,4,1,256
20.5,15,4,2,257
20.5,15,4,3,258
20.5,15,4,4,259
20.5,15,4,5,261
20.5,15,4,6,262
20.5,15,4,7,263
20.5,15,4,8,264
20.5,15,4,9,266
20.5,15,4,10,267
20.5,15,4,11,268
20.5,15,4,12,269
20.5,15,4,13,270
20.5,15,4,14,271
20.5,15,4,15,273
20.5,15,5,0,256
20.5,15,5,1,257
20.5,15,5,2,258
20.5,15,5,3,260
20.5,15,5,4,261
20.5,15,5,5,262
20.5,15,5,6,263
20.5,15,5,7,265
20.5,15,5,8,266
20.5,15,5,9,267
20.5,15,5,10,268
20.5,15,5,11,269
20.5,15,5,12,271
20.5,15,5,13,272
20.5,15,5,14,273
20.5,15,5,15,274
20.5,15,6,0,257
20.5,15,6,1,259
20.5,15,6,2,260
20.5,15,6,3,261
20.5,15,6,4,262
20.5,15,6,5,264
20.5,15,6,6,265
20.5,15,6,7,266
20.5,15,6,8,267
20.5,15,6,9,269
20.5,15,6,10,270
20.5,15,6,11,271
20.5,15,6,12,272
20.5,15,6,13,273
20.5,15,6,14,275
20.5,15,6,15,276
20.5,15,7,0,259
20.5,15,7,1,260
20.5,15,7,2,261
20.5,15,7,3,263
20.5,15,7,4,264
20.5,15,7,5,265
20.5,15,7,6,266
20.5,15,7,7,268
20.5,15,7,8,269
20.5,15,7,9,270
20.5,15,7,10,271
20.5,15,7,11,272
20.5,15,7,12,274
20.5,15,7,13,275
20.5,15,7,14,276
20.5,15,7,15,277
20.5,15,8,0,260
20.5,15,8,1,262
20.5,15,8,2,263
20.5,15,8,3,264
20.5,15,8,4,265
20.5,15,8,5,267
20.5,15,8,6,268
20.5,15,8,7,269
20.5,15,8,8,270
20.5,15,8,9,272
20.5,15,8,10,273
20.5,15,8,11,274
20.5,15,8,12,275
20.5,15,8,13,276
20.5,15,8,14,278
20.5,15,8,15,279
20.5,15,9,0,262
20.5,15,9,1,263
20.5,15,9,2,264
20.5,15,9,3,266
20.5,15,9,4,267
20.5,15,9,5,268
20.5,15,9,6,269
20.5,15,9,7,271
20.5,15,9,8,272
20.5,15,9,9,273
20.5,15,9,10,274
20.5,15,9,11,276
20.5,15,9,12,277
20.5,15,9,13,278
20.5,15,9,14,279
20.5,15,9,15,280
20.5,15,10,0,263
20.5,15,10,1,264
20.5,15,10,2,266
20.5,15,10,3,267
20.5,15,10,4,268
20.5,15,10,5,270
20.5,15,10,6,271
20.5,15,10,7,272
20.5,15,10,8,273
20.5,15,10,9,275
20.5,15,10,10,276
20.5,15,10,11,277
20.5,15,10,12,278
20.5,15,10,13,279
20.5,15,10,14,281
20.5,15,10,15,282
20.5,15,11,0,265
20.5,15,11,1,266
20.5,15,11,2,267
20.5,15,11,3,268
20.5,15,11,4,270
20.5,15,11,5,271
20.5,15,11,6,272
20.5,15,11,7,274
20.5,15,11,8,275
20.5,15,11,9,276
20.5,15,11,10,277
20.5,15,11,11,278
20.5,15,11,12,280
20.5,15,11,13,281
20.5,15,11,14,282
20.5,15,11,15,283
20.5,15,12,0,266
20.5,15,12,1,267
20.5,15,12,2,269
20.5,15,12,3,270
20.5,15,12,4,271
20.5,15,12,5,272
20.5,15,12,6,274
20.5,15,12,7,275
20.5,15,12,8,276
20.5,15,12,9,277
20.5,15,12,10,279
20.5,15,12,11,280
20.5,15,12,12,281
20.5,15,12,13,282
20.5,15,12,14,284
20.5,15,12,15,285
20.5,15,13,0,267
20.5,15,13,1,269
20.5,15,13,2,270
20.5,15,13,3,271
20.5,15,13,4,273
20.5,15,13,5,274
20.5,15,13,6,275
20.5,15,13,7,276
20.5,15,13,8,278
20.5,15,13,9,279
20.5,15,13,10,280
20.5,15,13,11,281
20.5,15,13,12,283
20.5,15,13,13,284
20.5,15,13,14,285
20.5,15,13,15,286
20.5,15,14,0,269
20.5,15,14,1,270
20.5,15,14,2,271
20.5,15,14,3,273
20.5,15,14,4,274
20.5,15,14,5,275
20.5,15,14,6,277
20.5,15,14,7,278
20.5,15,14,8,279
20.5,15,14,9,280
20.5,15,14,10,282
20.5,15,14,11,283
20.5,15,14,12,284
20.5,15,14,13,285
20.5,15,14,14,287
20.5,15,14,15,288
20.5,15,15,0,270
20.5,15,15,1,271
20.5,15,15,2,273
20.5,15,15,3,274
20.5,15,15,4,275
20.5,15,15,5,277
20.5,15,15,6,278
20.5,15,15,7,279
20.5,15,15,8,281
20.5,15,15,9,282
20.5,15,15,10,283
20.5,15,15,11,284
20.5,15,15,12,286
20.5,15,15,13,287
20.5,15,15,14,288
20.5,15,15,15,289
21.0,0,0,0,203
21.0,0,0,1,204
21.0,0,0,2,205
21.0,0,0,3,206
21.0,0,0,4,207
21.0,0,0,5,208
21.0,0,0,6,209
21.0,0,0,7,210
21.0,0,0,8,211
21.0,0,0,9,212
21.0,0,0,10,213
21.0,0,0,11,214
21.0,0,0,12,215
21.0,0,0,13,216
21.0,0,0,14,216
21.0,0,0,15,217
21.0,0,1,0,204
21.0,0,1,1,205
21.0,0,1,2,206
21.0,0,1,3,207
21.0,0,1,4,208
21.0,0,1,5,209
21.0,0,1,6,210
21.0,0,1,7,211
21.0,0,1,8,212
21.0,0,1,9,213
21.0,0,1,10,214
21.0,0,1,11,215
21.0,0,1,12,216
21.0,0,1,13,217
21.0,0,1,14,218
21.0,0,1,15,219
21.0,0,2,0,205
21.0,0,2,1,206
21.0,0,2,2,207
21.0,0,2,3,208
21.0,0,2,4,209
21.0,0,2,5,210
21.0,0,2,6,211
21.0,0,2,7,212
21.0,0,2,8,213
21.0,0,2,9,214
21.0,0,2,10,215
21.0,0,2,11,216
21.0,0,2,12,217
21.0,0,2,13,218
21.0,0,2,14,219
21.0,0,2,15,220
21.0,0,3,0,207
21.0,0,3,1,208
21.0,0,3,2,209
21.0,0,3,3,210
21.0,0,3,4,211
21.0,0,3,5,212
21.0,0,3,6,213
21.0,0,3,7,214
21.0,0,3,8,215
21.0,0,3,9,216
21.0,0,3,10,216
21.0,0,3,11,217
21.0,0,3,12,218
21.0,0,3,13,219
21.0,0,3,14,220
21.0,0,3,15,221
21.0,0,4,0,208
21.0,0,4,1,209
21.0,0,4,2,210
21.0,0,4,3,211
21.0,0,4,4,212
21.0,0,4,5,213
21.0,0,4,6,214
21.0,0,4,7,215
21.0,0,4,8,216
21.0,0,4,9,217
21.0,0,4,10,218
21.0,0,4,11,219
21.0,0,4,12,220
21.0,0,4,13,221
21.0,0,4,14,222
21.0,0,4,15,223
21.0,0,5,0,209
21.0,0,5,1,210
21.0,0,5,2,211
21.0,0,5,3,212
21.0,0,5,4,213
21.0,0,5,5,214
21.0,0,5,6,215
21.0,0,5,7,216
21.0,0,5,8,217
21.0,0,5,9,218
21.0,0,5,10,219
21.0,0,5,11,220
21.0,0,5,12,221
21.0,0,5,13,222
21.0,0,5,14,223
21.0,0,5,15,224
21.0,0,6,0,210
21.0,0,6,1,211
21.0,0,6,2,212
21.0,0,6,3,213
21.0,0,6,4,214
21.0,0,6,5,215
21.0,0,6,6,216
21.0,0,6,7,217
21.0,0,6,8,218
21.0,0,6,9,219
21.0,0,6,10,220
21.0,0,6,11,221
21.0,0,6,12,222
21.0,0,6,13,223
21.0,0,6,14,224
21.0,0,6,15,225
21.0,0,7,0,211
21.0,0,7,1,212
21.0,0,7,2,213
21.0,0,7,3,214
21.0,0,7,4,215
21.0,0,7,5,216
21.0,0,7,6,217
21.0,0,7,7,218
21.0,0,7,8,219
21.0,0,7,9,220
21.0,0,7,10,221
21.0,0,7,11,222
21.0,0,7,12,223
21.0,0,7,13,224
21.0,0,7,14,225
21.0,0,7,15,226
21.0,0,8,0,213
21.0,0,8,1,214
21.0,0,8,2,215
21.0,0,8,3,216
21.0,0,8,4,217
21.0,0,8,5,218
21.0,0,8,6,219
21.0,0,8,7,220
21.0,0,8,8,221
21.0,0,8,9,222
21.0,0,8,10,223
21.0,0,8,11,224
21.0,0,8,12,225
21.0,0,8,13,226
21.0,0,8,14,227
21.0,0,8,15,228
21.0,0,9,0,214
21.0,0,9,1,215
21.0,0,9,2,216
21.0,0,9,3,217
21.0,0,9,4,218
21.0,0,9,5,219
21.0,0,9,6,220
21.0,0,9,7,221
21.0,0,9,8,222
21.0,0,9,9,223
21.0,0,9,10,224
21.0,0,9,11,225
21.0,0,9,12,226
21.0,0,9,13,227
21.0,0,9,14,228
21.0,0,9,15,229
21.0,0,10,0,215
21.0,0,10,1,216
21.0,0,10,2,217
21.0,0,10,3,218
21.0,0,10,4,219
21.0,0,10,5,220
21.0,0,10,6,221
21.0,0,10,7,222
21.0,0,10,8,223
21.0,0,10,9,224
21.0,0,10,10,225
21.0,0,10,11,226
21.0,0,10,12,227
21.0,0,10,13,228
21.0,0,10,14,229
21.0,0,10,15,230
21.0,0,11,0,216
21.0,0,11,1,217
21.0,0,11,2,218
21.0,0,11,3,219
21.0,0,11,4,220
21.0,0,11,5,221
21.0,0,11,6,222
21.0,0,11,7,223
21.0,0,11,8,224
21.0,0,11,9,225
21.0,0,11,10,226
21.0,0,11,11,227
21.0,0,11,12,228
21.0,0,11,13,229
21.0,0,11,14,230
21.0,0,11,15,231
21.0,0,12,0,217
21.0,0,12,1,218
21.0,0,12,2,219
21.0,0,12,3,220
21.0,0,12,4,221
21.0,0,12,5,222
21.0,0,12,6,223
21.0,0,12,7,224
21.0,0,12,8,226
21.0,0,12,9,227
21.0,0,12,10,228
21.0,0,12,11,229
21.0,0,12,12,230
21.0,0,12,13,231
21.0,0,12,14,232
21.0,0,12,15,233
21.0,0,13,0,218
21.0,0,13,1,219
21.0,0,13,2,220
21.0,0,13,3,221
21.0,0,13,4,223
21.0,0,13,5,224
21.0,0,13,6,225
21.0,0,13,7,226
21.0,0,13,8,227
21.0,0,13,9,228
21.0,0,13,10,229
21.0,0,13,11,230
21.0,0,13,12,231
21.0,0,13,13,232
21.0,0,13,14,233
21.0,0,13,15,234
21.0,0,14,0,219
21.0,0,14,1,220
21.0,0,14,2,222
21.0,0,14,3,223
21.0,0,14,4,224
21.0,0,14,5,225
21.0,0,14,6,226
21.0,0,14,7,227
21.0,0,14,8,228
21.0,0,14,9,229
21.0,0,14,10,230
21.0,0,14,11,231
21.0,0,14,12,232
21.0,0,14,13,233
21.0,0,14,14,234
21.0,0,14,15,235
21.0,0,15,0,221
21.0,0,15,1,222
21.0,0,15,2,223
21.0,0,15,3,224
21.0,0,15,4,225
21.0,0,15,5,226
21.0,0,15,6,227
21.0,0,15,7,228
21.0,0,15,8,229
21.0,0,15,9,230
21.0,0,15,10,231
21.0,0,15,11,232
21.0,0,15,12,233
21.0,0,15,13,234
21.0,0,15,14,235
21.0,0,15,15,236
21.0,1,0,0,206
21.0,1,0,1,207
21.0,1,0,2,208
21.0,1,0,3,209
21.0,1,0,4,210
21.0,1,0,5,211
21.0,1,0,6,212
21.0,1,0,7,213
21.0,1,0,8,214
21.0,1,0,9,215
21.0,1,0,10,216
21.0,1,0,11,217
21.0,1,0,12,218
21.0,1,0,13,219
21.0,1,0,14,220
21.0,1,0,15,221
21.0,1,1,0,208
21.0,1,1,1,209
21.0,1,1,2,210
21.0,1,1,3,211
21.0,1,1,4,212
21.0,1,1,5,213
21.0,1,1,6,214
21.0,1,1,7,215
21.0,1,1,8,216
21.0,1,1,9,217
21.0,1,1,10,218
21.0,1,1,11,219
21.0,1,1,12,220
21.0,1,1,13,220
21.0,1,1,14,221
21.0,1,1,15,222
21.0,1,2,0,209
21.0,1,2,1,210
21.0,1,2,2,211
21.0,1,2,3,212
21.0,1,2,4,213
21.0,1,2,5,214
21.0,1,2,6,215
21.0,1,2,7,216
21.0,1,2,8,217
21.0,1,2,9,218
21.0,1,2,10,219
21.0,1,2,11,220
21.0,1,2,12,221
21.0,1,2,13,222
21.0,1,2,14,223
21.0,1,2,15,224
21.0,1,3,0,210
21.0,1,3,1,211
21.0,1,3,2,212
21.0,1,3,3,213
21.0,1,3,4,214
21.0,1,3,5,215
21.0,1,3,6,216
21.0,1,3,7,217
21.0,1,3,8,218
21.0,1,3,9,219
21.0,1,3,10,220
21.0,1,3,11,221
21.0,1,3,12,222
21.0,1,3,13,223
21.0,1,3,14,224
21.0,1,3,15,225
21.0,1,4,0,211
21.0,1,4,1,212
21.0,1,4,2,213
21.0,1,4,3,214
21.0,1,4,4,215
21.0,1,4,5,216
21.0,1,4,6,217
21.0,1,4,7,218
21.0,1,4,8,219
21.0,1,4,9,220
21.0,1,4,10,221
21.0,1,4,11,222
21.0,1,4,12,223
21.0,1,4,13,224
21.0,1,4,14,225
21.0,1,4,15,226
21.0,1,5,0,213
21.0,1,5,1,214
21.0,1,5,2,215
21.0,1,5,3,216
21.0,1,5,4,217
21.0,1,5,5,218
21.0,1,5,6,219
21.0,1,5,7,220
21.0,1,5,8,221
21.0,1,5,9,222
21.0,1,5,10,223
21.0,1,5,11,224
21.0,1,5,12,225
21.0,1,5,13,226
21.0,1,5,14,227
21.0,1,5,15,228
21.0,1,6,0,214
21.0,1,6,1,215
21.0,1,6,2,216
21.0,1,6,3,217
21.0,1,6,4,218
21.0,1,6,5,219
21.0,1,6,6,220
21.0,1,6,7,221
21.0,1,6,8,222
21.0,1,6,9,223
21.0,1,6,10,224
21.0,1,6,11,225
21.0,1,6,12,226
21.0,1,6,13,227
21.0,1,6,14,228
21.0,1,6,15,229
21.0,1,7,0,215
21.0,1,7,1,216
21.0,1,7,2,217
21.0,1,7,3,218
21.0,1,7,4,219
21.0,1,7,5,220
21.0,1,7,6,221
21.0,1,7,7,222
21.0,1,7,8,223
21.0,1,7,9,224
21.0,1,7,10,225
21.0,1,7,11,226
21.0,1,7,12,227
21.0,1,7,13,228
21.0,1,7,14,229
21.0,1,7,15,230
21.0,1,8,0,216
21.0,1,8,1,217
21.0,1,8,2,218
21.0,1,8,3,219
21.0,1,8,4,220
21.0,1,8,5,221
21.0,1,8,6,222
21.0,1,8,7,223
21.0,1,8,8,224
21.0,1,8,9,225
21.0,1,8,10,226
21.0,1,8,11,228
21.0,1,8,12,229
21.0,1,8,13,230
21.0,1,8,14,231
21.0,1,8,15,232
21.0,1,9,0,217
21.0,1,9,1,218
21.0,1,9,2,219
21.0,1,9,3,220
21.0,1,9,4,222
21.0,1,9,5,223
21.0,1,9,6,224
21.0,1,9,7,225
21.0,1,9,8,226
21.0,1,9,9,227
21.0,1,9,10,228
21.0,1,9,11,229
21.0,1,9,12,230
21.0,1,9,13,231
21.0,1,9,14,232
21.0,1,9,15,233
21.0,1,10,0,218
21.0,1,10,1,220
21.0,1,10,2,221
21.0,1,10,3,222
21.0,1,10,4,223
21.0,1,10,5,224
21.0,1,10,6,225
21.0,1,10,7,226
21.0,1,10,8,227
21.0,1,10,9,228
21.0,1,10,10,229
21.0,1,10,11,230
21.0,1,10,12,231
21.0,1,10,13,232
21.0,1,10,14,233
21.0,1,10,15,234
21.0,1,11,0,220
21.0,1,11,1,221
21.0,1,11,2,222
21.0,1,11,3,223
21.0,1,11,4,224
21.0,1,11,5,225
21.0,1,11,6,226
21.0,1,11,7,227
21.0,1,11,8,228
21.0,1,11,9,229
21.0,1,11,10,230
21.0,1,11,11,231
21.0,1,11,12,232
21.0,1,11,13,233
21.0,1,11,14,234
21.0,1,11,15,235
21.0,1,12,0,221
21.0,1,12,1,222
21.0,1,12,2,223
21.0,1,12,3,224
21.0,1,12,4,225
21.0,1,12,5,226
21.0,1,12,6,227
21.0,1,12,7,228
21.0,1,12,8,229
21.0,1,12,9,230
21.0,1,12,10,231
21.0,1,12,11,232
21.0,1,12,12,233
21.0,1,12,13,235
21.0,1,12,14,236
21.0,1,12,15,237
21.0,1,13,0,222
21.0,1,13,1,223
21.0,1,13,2,224
21.0,1,13,3,225
21.0,1,13,4,226
21.0,1,13,5,227
21.0,1,13,6,228
21.0,1,13,7,229
21.0,1,13,8,231
21.0,1,13,9,232
21.0,1,13,10,233
21.0,1,13,11,234
21.0,1,13,12,235
21.0,1,13,13,236
21.0,1,13,14,237
21.0,1,13,15,238
21.0,1,14,0,223
21.0,1,14,1,224
21.0,1,14,2,225
21.0,1,14,3,226
21.0,1,14,4,227
21.0,1,14,5,229
21.0,1,14,6,230
21.0,1,14,7,231
21.0,1,14,8,232
21.0,1,14,9,233
21.0,1,14,10,234
21.0,1,14,11,235
21.0,1,14,12,236
21.0,1,14,13,237
21.0,1,14,14,238
21.0,1,14,15,239
21.0,1,15,0,224
21.0,1,15,1,225
21.0,1,15,2,226
21.0,1,15,3,228
21.0,1,15,4,229
21.0,1,15,5,230
21.0,1,15,6,231
21.0,1,15,7,232
21.0,1,15,8,233
21.0,1,15,9,234
21.0,1,15,10,235
21.0,1,15,11,236
21.0,1,15,12,237
21.0,1,15,13,238
21.0,1,15,14,239
21.0,1,15,15,240
21.0,2,0,0,210
21.0,2,0,1,211
21.0,2,0,2,212
21.0,2,0,3,213
21.0,2,0,4,214
21.0,2,0,5,215
21.0,2,0,6,216
21.0,2,0,7,217
21.0,2,0,8,218
21.0,2,0,9,219
21.0,2,0,10,220
21.0,2,0,11,221
21.0,2,0,12,222
21.0,2,0,13,223
21.0,2,0,14,224
21.0,2,0,15,225
21.0,2,1,0,211
21.0,2,1,1,212
21.0,2,1,2,213
21.0,2,1,3,214
21.0,2,1,4,215
21.0,2,1,5,216
21.0,2,1,6,217
21.0,2,1,7,218
21.0,2,1,8,219
21.0,2,1,9,220
21.0,2,1,10,221
21.0,2,1,11,222
21.0,2,1,12,223
21.0,2,1,13,224
21.0,2,1,14,225
21.0,2,1,15,226
21.0,2,2,0,212
21.0,2,2,1,213
21.0,2,2,2,214
21.0,2,2,3,215
21.0,2,2,4,216
21.0,2,2,5,218
21.0,2,2,6,219
21.0,2,2,7,220
21.0,2,2,8,221
21.0,2,2,9,222
21.0,2,2,10,223
21.0,2,2,11,224
21.0,2,2,12,225
21.0,2,2,13,226
21.0,2,2,14,226
21.0,2,2,15,227
21.0,2,3,0,214
21.0,2,3,1,215
21.0,2,3,2,216
21.0,2,3,3,217
21.0,2,3,4,218
21.0,2,3,5,219
21.0,2,3,6,220
21.0,2,3,7,221
21.0,2,3,8,222
21.0,2,3,9,223
21.0,2,3,10,224
21.0,2,3,11,225
21.0,2,3,12,226
21.0,2,3,13,227
21.0,2,3,14,228
21.0,2,3,15,229
21.0,2,4,0,215
21.0,2,4,1,216
21.0,2,4,2,217
21.0,2,4,3,218
21.0,2,4,4,219
21.0,2,4,5,220
21.0,2,4,6,221
21.0,2,4,7,222
21.0,2,4,8,223
21.0,2,4,9,224
21.0,2,4,10,225
21.0,2,4,11,226
21.0,2,4,12,227
21.0,2,4,13,228
21.0,2,4,14,229
21.0,2,4,15,230
21.0,2,5,0,216
21.0,2,5,1,217
21.0,2,5,2,218
21.0,2,5,3,219
21.0,2,5,4,220
21.0,2,5,5,221
21.0,2,5,6,222
21.0,2,5,7,223
21.0,2,5,8,224
21.0,2,5,9,225
21.0,2,5,10,226
21.0,2,5,11,227
21.0,2,5,12,228
21.0,2,5,13,229
21.0,2,5,14,230
21.0,2,5,15,231
21.0,2,6,0,217
21.0,2,6,1,218
21.0,2,6,2,219
21.0,2,6,3,220
21.0,2,6,4,222
21.0,2,6,5,223
21.0,2,6,6,224
21.0,2,6,7,225
21.0,2,6,8,226
21.0,2,6,9,227
21.0,2,6,10,228
21.0,2,6,11,229
21.0,2,6,12,230
21.0,2,6,13,231
21.0,2,6,14,232
21.0,2,6,15,233
21.0,2,7,0,219
21.0,2,7,1,220
21.0,2,7,2,221
21.0,2,7,3,222
21.0,2,7,4,223
21.0,2,7,5,224
21.0,2,7,6,225
21.0,2,7,7,226
21.0,2,7,8,227
21.0,2,7,9,228
21.0,2,7,10,229
21.0,2,7,11,230
21.0,2,7,12,231
21.0,2,7,13,232
21.0,2,7,14,233
21.0,2,7,15,234
21.0,2,8,0,220
21.0,2,8,1,221
21.0,2,8,2,222
21.0,2,8,3,223
21.0,2,8,4,224
21.0,2,8,5,225
21.0,2,8,6,226
21.0,2,8,7,227
21.0,2,8,8,228
21.0,2,8,9,229
21.0,2,8,10,230
21.0,2,8,11,231
21.0,2,8,12,232
21.0,2,8,13,233
21.0,2,8,14,234
21.0,2,8,15,235
21.0,2,9,0,221
21.0,2,9,1,222
21.0,2,9,2,223
21.0,2,9,3,224
21.0,2,9,4,225
21.0,2,9,5,226
21.0,2,9,6,227
21.0,2,9,7,228
21.0,2,9,8,229
21.0,2,9,9,230
21.0,2,9,10,232
21.0,2,9,11,233
21.0,2,9,12,234
21.0,2,9,13,235
21.0,2,9,14,236
21.0,2,9,15,237
21.0,2,10,0,222
21.0,2,10,1,223
21.0,2,10,2,224
21.0,2,10,3,225
21.0,2,10,4,226
21.0,2,10,5,228
21.0,2,10,6,229
21.0,2,10,7,230
21.0,2,10,8,231
21.0,2,10,9,232
21.0,2,10,10,233
21.0,2,10,11,234
21.0,2,10,12,235
21.0,2,10,13,236
21.0,2,10,14,237
21.0,2,10,15,238
21.0,2,11,0,223
21.0,2,11,1,224
21.0,2,11,2,226
21.0,2,11,3,227
21.0,2,11,4,228
21.0,2,11,5,229
21.0,2,11,6,230
21.0,2,11,7,231
21.0,2,11,8,232
21.0,2,11,9,233
21.0,2,11,10,234
21.0,2,11,11,235
21.0,2,11,12,236
21.0,2,11,13,237
21.0,2,11,14,238
21.0,2,11,15,239
21.0,2,12,0,225
21.0,2,12,1,226
21.0,2,12,2,227
21.0,2,12,3,228
21.0,2,12,4,229
21.0,2,12,5,230
21.0,2,12,6,231
21.0,2,12,7,232
21.0,2,12,8,233
21.0,2,12,9,234
21.0,2,12,10,235
21.0,2,12,11,236
21.0,2,12,12,237
21.0,2,12,13,238
21.0,2,12,14,239
21.0,2,12,15,240
21.0,2,13,0,226
21.0,2,13,1,227
21.0,2,13,2,228
21.0,2,13,3,229
21.0,2,13,4,230
21.0,2,13,5,231
21.0,2,13,6,232
21.0,2,13,7,233
21.0,2,13,8,234
21.0,2,13,9,235
21.0,2,13,10,237
21.0,2,13,11,238
21.0,2,13,12,239
21.0,2,13,13,240
21.0,2,13,14,241
21.0,2,13,15,242
21.0,2,14,0,227
21.0,2,14,1,228
21.0,2,14,2,229
21.0,2,14,3,230
21.0,2,14,4,231
21.0,2,14,5,232
21.0,2,14,6,233
21.0,2,14,7,235
21.0,2,14,8,236
21.0,2,14,9,237
21.0,2,14,10,238
21.0,2,14,11,239
21.0,2,14,12,240
21.0,2,14,13,241
21.0,2,14,14,242
21.0,2,14,15,243
21.0,2,15,0,228
21.0,2,15,1,229
21.0,2,15,2,230
21.0,2,15,3,231
21.0,2,15,4,232
21.0,2,15,5,234
21.0,2,15,6,235
21.0,2,15,7,236
21.0,2,15,8,237
21.0,2,15,9,238
21.0,2,15,10,239
21.0,2,15,11,240
21.0,2,15,12,241
21.0,2,15,13,242
21.0,2,15,14,243
21.0,2,15,15,244
21.0,3,0,0,213
21.0,3,0,1,214
21.0,3,0,2,215
21.0,3,0,3,216
21.0,3,0,4,217
21.0,3,0,5,218
21.0,3,0,6,219
21.0,3,0,7,220
21.0,3,0,8,222
21.0,3,0,9,223
21.0,3,0,10,224
21.0,3,0,11,225
21.0,3,0,12,226
21.0,3,0,13,226
21.0,3,0,14,227
21.0,3,0,15,228
21.0,3,1,0,215
21.0,3,1,1,216
21.0,3,1,2,217
21.0,3,1,3,218
21.0,3,1,4,219
21.0,3,1,5,220
21.0,3,1,6,221
21.0,3,1,7,222
21.0,3,1,8,223
21.0,3,1,9,224
21.0,3,1,10,225
21.0,3,1,11,226
21.0,3,1,12,227
21.0,3,1,13,228
21.0,3,1,14,229
21.0,3,1,15,230
21.0,3,2,0,216
21.0,3,2,1,217
21.0,3,2,2,218
21.0,3,2,3,219
21.0,3,2,4,220
21.0,3,2,5,221
21.0,3,2,6,222
21.0,3,2,7,223
21.0,3,2,8,224
21.0,3,2,9,225
21.0,3,2,10,226
21.0,3,2,11,227
21.0,3,2,12,228
21.0,3,2,13,229
21.0,3,2,14,230
21.0,3,2,15,231
21.0,3,3,0,217
21.0,3,3,1,218
21.0,3,3,2,219
21.0,3,3,3,220
21.0,3,3,4,221
21.0,3,3,5,222
21.0,3,3,6,223
21.0,3,3,7,224
21.0,3,3,8,225
21.0,3,3,9,227
21.0,3,3,10,228
21.0,3,3,11,229
21.0,3,3,12,230
21.0,3,3,13,231
21.0,3,3,14,232
21.0,3,3,15,233
21.0,3,4,0,218
21.0,3,4,1,219
21.0,3,4,2,221
21.0,3,4,3,222
21.0,3,4,4,223
21.0,3,4,5,224
21.0,3,4,6,225
21.0,3,4,7,226
21.0,3,4,8,227
21.0,3,4,9,228
21.0,3,4,10,229
21.0,3,4,11,230
21.0,3,4,12,231
21.0,3,4,13,232
21.0,3,4,14,233
21.0,3,4,15,234
21.0,3,5,0,220
21.0,3,5,1,221
21.0,3,5,2,222
21.0,3,5,3,223
21.0,3,5,4,224
21.0,3,5,5,225
21.0,3,5,6,226
21.0,3,5,7,227
21.0,3,5,8,228
21.0,3,5,9,229
21.0,3,5,10,230
21.0,3,5,11,231
21.0,3,5,12,232
21.0,3,5,13,233
21.0,3,5,14,234
21.0,3,5,15,235
21.0,3,6,0,221
21.0,3,6,1,222
21.0,3,6,2,223
21.0,3,6,3,224
21.0,3,6,4,225
21.0,3,6,5,226
21.0,3,6,6,227
21.0,3,6,7,228
21.0,3,6,8,229
21.0,3,6,9,230
21.0,3,6,10,231
21.0,3,6,11,232
21.0,3,6,12,234
21.0,3,6,13,235
21.0,3,6,14,236
21.0,3,6,15,237
21.0,3,7,0,222
21.0,3,7,1,223
21.0,3,7,2,224
21.0,3,7,3,225
21.0,3,7,4,226
21.0,3,7,5,227
21.0,3,7,6,229
21.0,3,7,7,230
21.0,3,7,8,231
21.0,3,7,9,232
21.0,3,7,10,233
21.0,3,7,11,234
21.0,3,7,12,235
21.0,3,7,13,236
21.0,3,7,14,237
21.0,3,7,15,238
21.0,3,8,0,223
21.0,3,8,1,224
21.0,3,8,2,226
21.0,3,8,3,227
21.0,3,8,4,228
21.0,3,8,5,229
21.0,3,8,6,230
21.0,3,8,7,231
21.0,3,8,8,232
21.0,3,8,9,233
21.0,3,8,10,234
21.0,3,8,11,235
21.0,3,8,12,236
21.0,3,8,13,237
21.0,3,8,14,238
21.0,3,8,15,239
21.0,3,9,0,225
21.0,3,9,1,226
21.0,3,9,2,227
21.0,3,9,3,228
21.0,3,9,4,229
21.0,3,9,5,230
21.0,3,9,6,231
21.0,3,9,7,232
21.0,3,9,8,233
21.0,3,9,9,234
21.0,3,9,10,235
21.0,3,9,11,236
21.0,3,9,12,237
21.0,3,9,13,238
21.0,3,9,14,240
21.0,3,9,15,241
21.0,3,10,0,226
21.0,3,10,1,227
21.0,3,10,2,228
21.0,3,10,3,229
21.0,3,10,4,230
21.0,3,10,5,231
21.0,3,10,6,232
21.0,3,10,7,233
21.0,3,10,8,234
21.0,3,10,9,236
21.0,3,10,10,237
21.0,3,10,11,238
21.0,3,10,12,239
21.0,3,10,13,240
21.0,3,10,14,241
21.0,3,10,15,242
21.0,3,11,0,227
21.0,3,11,1,228
21.0,3,11,2,229
21.0,3,11,3,230
21.0,3,11,4,231
21.0,3,11,5,233
21.0,3,11,6,234
21.0,3,11,7,235
21.0,3,11,8,236
21.0,3,11,9,237
21.0,3,11,10,238
21.0,3,11,11,239
21.0,3,11,12,240
21.0,3,11,13,241
21.0,3,11,14,242
21.0,3,11,15,243
21.0,3,12,0,228
21.0,3,12,1,229
21.0,3,12,2,230
21.0,3,12,3,232
21.0,3,12,4,233
21.0,3,12,5,234
21.0,3,12,6,235
21.0,3,12,7,236
21.0,3,12,8,237
21.0,3,12,9,238
21.0,3,12,10,239
21.0,3,12,11,240
21.0,3,12,12,241
21.0,3,12,13,242
21.0,3,12,14,243
21.0,3,12,15,244
21.0,3,13,0,229
21.0,3,13,1,231
21.0,3,13,2,232
21.0,3,13,3,233
21.0,3,13,4,234
21.0,3,13,5,235
21.0,3,13,6,236
21.0,3,13,7,237
21.0,3,13,8,238
21.0,3,13,9,239
21.0,3,13,10,240
21.0,3,13,11,241
21.0,3,13,12,243
21.0,3,13,13,244
21.0,3,13,14,245
21.0,3,13,15,246
21.0,3,14,0,231
21.0,3,14,1,232
21.0,3,14,2,233
21.0,3,14,3,234
21.0,3,14,4,235
21.0,3,14,5,236
21.0,3,14,6,237
21.0,3,14,7,238
21.0,3,14,8,239
21.0,3,14,9,241
21.0,3,14,10,242
21.0,3,14,11,243
21.0,3,14,12,244
21.0,3,14,13,245
21.0,3,14,14,246
21.0,3,14,15,247
21.0,3,15,0,232
21.0,3,15,1,233
21.0,3,15,2,234
21.0,3,15,3,235
21.0,3,15,4,236
21.0,3,15,5,237
21.0,3,15,6,239
21.0,3,15,7,240
21.0,3,15,8,241
21.0,3,15,9,242
21.0,3,15,10,243
21.0,3,15,11,244
21.0,3,15,12,245
21.0,3,15,13,246
21.0,3,15,14,247
21.0,3,15,15,248
21.0,4,0,0,217
21.0,4,0,1,218
21.0,4,0,2,219
21.0,4,0,3,220
21.0,4,0,4,221
21.0,4,0,5,222
21.0,4,0,6,223
21.0,4,0,7,224
21.0,4,0,8,225
21.0,4,0,9,226
21.0,4,0,10,227
21.0,4,0,11,228
21.0,4,0,12,229
21.0,4,0,13,230
21.0,4,0,14,231
21.0,4,0,15,232
21.0,4,1,0,218
21.0,4,1,1,219
21.0,4,1,2,220
21.0,4,1,3,221
21.0,4,1,4,222
21.0,4,1,5,223
21.0,4,1,6,224
21.0,4,1,7,225
21.0,4,1,8,226
21.0,4,1,9,227
21.0,4,1,10,228
21.0,4,1,11,230
21.0,4,1,12,231
21.0,4,1,13,232
21.0,4,1,14,233
21.0,4,1,15,234
21.0,4,2,0,219
21.0,4,2,1,220
21.0,4,2,2,221
21.0,4,2,3,223
21.0,4,2,4,224
21.0,4,2,5,225
21.0,4,2,6,226
21.0,4,2,7,227
21.0,4,2,8,228
21.0,4,2,9,229
21.0,4,2,10,230
21.0,4,2,11,231
21.0,4,2,12,232
21.0,4,2,13,233
21.0,4,2,14,234
21.0,4,2,15,235
21.0,4,3,0,221
21.0,4,3,1,222
21.0,4,3,2,223
21.0,4,3,3,224
21.0,4,3,4,225
21.0,4,3,5,226
21.0,4,3,6,227
21.0,4,3,7,228
21.0,4,3,8,229
21.0,4,3,9,230
21.0,4,3,10,231
21.0,4,3,11,232
21.0,4,3,12,233
21.0,4,3,13,234
21.0,4,3,14,235
21.0,4,3,15,236
21.0,4,4,0,222
21.0,4,4,1,223
21.0,4,4,2,224
21.0,4,4,3,225
21.0,4,4,4,226
21.0,4,4,5,227
21.0,4,4,6,228
21.0,4,4,7,229
21.0,4,4,8,230
21.0,4,4,9,231
21.0,4,4,10,233
21.0,4,4,11,234
21.0,4,4,12,235
21.0,4,4,13,236
21.0,4,4,14,237
21.0,4,4,15,238
21.0,4,5,0,223
21.0,4,5,1,224
21.0,4,5,2,225
21.0,4,5,3,226
21.0,4,5,4,228
21.0,4,5,5,229
21.0,4,5,6,230
21.0,4,5,7,231
21.0,4,5,8,232
21.0,4,5,9,233
21.0,4,5,10,234
21.0,4,5,11,235
21.0,4,5,12,236
21.0,4,5,13,237
21.0,4,5,14,238
21.0,4,5,15,239
21.0,4,6,0,224
21.0,4,6,1,226
21.0,4,6,2,227
21.0,4,6,3,228
21.0,4,6,4,229
21.0,4,6,5,230
21.0,4,6,6,231
21.0,4,6,7,232
21.0,4,6,8,233
21.0,4,6,9,234
21.0,4,6,10,235
21.0,4,6,11,236
21.0,4,6,12,237
21.0,4,6,13,238
21.0,4,6,14,239
21.0,4,6,15,240
21.0,4,7,0,226
21.0,4,7,1,227
21.0,4,7,2,228
21.0,4,7,3,229
21.0,4,7,4,230
21.0,4,7,5,231
21.0,4,7,6,232
21.0,4,7,7,233
21.0,4,7,8,234
21.0,4,7,9,235
21.0,4,7,10,237
21.0,4,7,11,238
21.0,4,7,12,239
21.0,4,7,13,240
21.0,4,7,14,241
21.0,4,7,15,242
21.0,4,8,0,227
21.0,4,8,1,228
21.0,4,8,2,229
21.0,4,8,3,230
21.0,4,8,4,231
21.0,4,8,5,232
21.0,4,8,6,234
21.0,4,8,7,235
21.0,4,8,8,236
21.0,4,8,9,237
21.0,4,8,10,238
21.0,4,8,11,239
21.0,4,8,12,240
21.0,4,8,13,241
21.0,4,8,14,242
21.0,4,8,15,243
21.0,4,9,0,228
21.0,4,9,1,229
21.0,4,9,2,230
21.0,4,9,3,232
21.0,4,9,4,233
21.0,4,9,5,234
21.0,4,9,6,235
21.0,4,9,7,236
21.0,4,9,8,237
21.0,4,9,9,238
21.0,4,9,10,239
21.0,4,9,11,240
21.0,4,9,12,241
21.0,4,9,13,242
21.0,4,9,14,243
21.0,4,9,15,244
21.0,4,10,0,229
21.0,4,10,1,231
21.0,4,10,2,232
21.0,4,10,3,233
21.0,4,10,4,234
21.0,4,10,5,235
21.0,4,10,6,236
21.0,4,10,7,237
21.0,4,10,8,238
21.0,4,10,9,239
21.0,4,10,10,240
21.0,4,10,11,242
21.0,4,10,12,243
21.0,4,10,13,244
21.0,4,10,14,245
21.0,4,10,15,246
21.0,4,11,0,231
21.0,4,11,1,232
21.0,4,11,2,233
21.0,4,11,3,234
21.0,4,11,4,235
21.0,4,11,5,236
21.0,4,11,6,237
21.0,4,11,7,238
21.0,4,11,8,240
21.0,4,11,9,241
21.0,4,11,10,242
21.0,4,11,11,243
21.0,4,11,12,244
21.0,4,11,13,245
21.0,4,11,14,246
21.0,4,11,15,247
21.0,4,12,0,232
21.0,4,12,1,233
21.0,4,12,2,234
21.0,4,12,3,235
21.0,4,12,4,236
21.0,4,12,5,238
21.0,4,12,6,239
21.0,4,12,7,240
21.0,4,12,8,241
21.0,4,12,9,242
21.0,4,12,10,243
21.0,4,12,11,244
21.0,4,12,12,245
21.0,4,12,13,246
21.0,4,12,14,247
21.0,4,12,15,248
21.0,4,13,0,233
21.0,4,13,1,234
21.0,4,13,2,235
21.0,4,13,3,237
21.0,4,13,4,238
21.0,4,13,5,239
21.0,4,13,6,240
21.0,4,13,7,241
21.0,4,13,8,242
21.0,4,13,9,243
21.0,4,13,10,244
21.0,4,13,11,245
21.0,4,13,12,246
21.0,4,13,13,248
21.0,4,13,14,249
21.0,4,13,15,250
21.0,4,14,0,234
21.0,4,14,1,235
21.0,4,14,2,237
21.0,4,14,3,238
21.0,4,14,4,239
21.0,4,14,5,240
21.0,4,14,6,241
21.0,4,14,7,242
21.0,4,14,8,243
21.0,4,14,9,244
21.0,4,14,10,246
21.0,4,14,11,247
21.0,4,14,12,248
21.0,4,14,13,249
21.0,4,14,14,250
21.0,4,14,15,251
21.0,4,15,0,236
21.0,4,15,1,237
21.0,4,15,2,238
21.0,4,15,3,239
21.0,4,15,4,240
21.0,4,15,5,241
21.0,4,15,6,242
21.0,4,15,7,244
21.0,4,15,8,245
21.0,4,15,9,246
21.0,4,15,10,247
21.0,4,15,11,248
21.0,4,15,12,249
21.0,4,15,13,250
21.0,4,15,14,251
21.0,4,15,15,252
21.0,5,0,0,220
21.0,5,0,1,221
21.0,5,0,2,222
21.0,5,0,3,223
21.0,5,0,4,224
21.0,5,0,5,226
21.0,5,0,6,227
21.0,5,0,7,228
21.0,5,0,8,229
21.0,5,0,9,230
21.0,5,0,10,231
21.0,5,0,11,232
21.0,5,0,12,233
21.0,5,0,13,234
21.0,5,0,14,235
21.0,5,0,15,236
21.0,5,1,0,221
21.0,5,1,1,223
21.0,5,1,2,224
21.0,5,1,3,225
21.0,5,1,4,226
21.0,5,1,5,227
21.0,5,1,6,228
21.0,5,1,7,229
21.0,5,1,8,230
21.0,5,1,9,231
21.0,5,1,10,232
21.0,5,1,11,233
21.0,5,1,12,234
21.0,5,1,13,235
21.0,5,1,14,236
21.0,5,1,15,237
21.0,5,2,0,223
21.0,5,2,1,224
21.0,5,2,2,225
21.0,5,2,3,226
21.0,5,2,4,227
21.0,5,2,5,228
21.0,5,2,6,229
21.0,5,2,7,230
21.0,5,2,8,231
21.0,5,2,9,232
21.0,5,2,10,234
21.0,5,2,11,235
21.0,5,2,12,236
21.0,5,2,13,237
21.0,5,2,14,238
21.0,5,2,15,239
21.0,5,3,0,224
21.0,5,3,1,225
21.0,5,3,2,226
21.0,5,3,3,227
21.0,5,3,4,228
21.0,5,3,5,230
21.0,5,3,6,231
21.0,5,3,7,232
21.0,5,3,8,233
21.0,5,3,9,234
21.0,5,3,10,235
21.0,5,3,11,236
21.0,5,3,12,237
21.0,5,3,13,238
21.0,5,3,14,239
21.0,5,3,15,240
21.0,5,4,0,225
21.0,5,4,1,227
21.0,5,4,2,228
21.0,5,4,3,229
21.0,5,4,4,230
21.0,5,4,5,231
21.0,5,4,6,232
21.0,5,4,7,233
21.0,5,4,8,234
21.0,5,4,9,235
21.0,5,4,10,236
21.0,5,4,11,237
21.0,5,4,12,238
21.0,5,4,13,239
21.0,5,4,14,240
21.0,5,4,15,241
21.0,5,5,0,227
21.0,5,5,1,228
21.0,5,5,2,229
21.0,5,5,3,230
21.0,5,5,4,231
21.0,5,5,5,232
21.0,5,5,6,233
21.0,5,5,7,234
21.0,5,5,8,235
21.0,5,5,9,237
21.0,5,5,10,238
21.0,5,5,11,239
21.0,5,5,12,240
21.0,5,5,13,241
21.0,5,5,14,242
21.0,5,5,15,243
21.0,5,6,0,228
21.0,5,6,1,229
21.0,5,6,2,230
21.0,5,6,3,231
21.0,5,6,4,232
21.0,5,6,5,234
21.0,5,6,6,235
21.0,5,6,7,236
21.0,5,6,8,237
21.0,5,6,9,238
21.0,5,6,10,239
21.0,5,6,11,240
21.0,5,6,12,241
21.0,5,6,13,242
21.0,5,6,14,243
21.0,5,6,15,244
21.0,5,7,0,229
21.0,5,7,1,230
21.0,5,7,2,232
21.0,5,7,3,233
21.0,5,7,4,234
21.0,5,7,5,235
21.0,5,7,6,236
21.0,5,7,7,237
21.0,5,7,8,238
21.0,5,7,9,239
21.0,5,7,10,240
21.0,5,7,11,241
21.0,5,7,12,242
21.0,5,7,13,243
21.0,5,7,14,245
21.0,5,7,15,246
21.0,5,8,0,231
21.0,5,8,1,232
21.0,5,8,2,233
21.0,5,8,3,234
21.0,5,8,4,235
21.0,5,8,5,236
21.0,5,8,6,237
21.0,5,8,7,238
21.0,5,8,8,239
21.0,5,8,9,241
21.0,5,8,10,242
21.0,5,8,11,243
21.0,5,8,12,244
21.0,5,8,13,245
21.0,5,8,14,246
21.0,5,8,15,247
21.0,5,9,0,232
21.0,5,9,1,233
21.0,5,9,2,234
21.0,5,9,3,235
21.0,5,9,4,236
21.0,5,9,5,237
21.0,5,9,6,239
21.0,5,9,7,240
21.0,5,9,8,241
21.0,5,9,9,242
21.0,5,9,10,243
21.0,5,9,11,244
21.0,5,9,12,245
21.0,5,9,13,246
21.0,5,9,14,247
21.0,5,9,15,248
21.0,5,10,0,233
21.0,5,10,1,234
21.0,5,10,2,235
21.0,5,10,3,236
21.0,5,10,4,238
21.0,5,10,5,239
21.0,5,10,6,240
21.0,5,10,7,241
21.0,5,10,8,242
21.0,5,10,9,243
21.0,5,10,10,244
21.0,5,10,11,245
21.0,5,10,12,246
21.0,5,10,13,248
21.0,5,10,14,249
21.0,5,10,15,250
21.0,5,11,0,234
21.0,5,11,1,235
21.0,5,11,2,237
21.0,5,11,3,238
21.0,5,11,4,239
21.0,5,11,5,240
21.0,5,11,6,241
21.0,5,11,7,242
21.0,5,11,8,243
21.0,5,11,9,244
21.0,5,11,10,246
21.0,5,11,11,247
21.0,5,11,12,248
21.0,5,11,13,249
21.0,5,11,14,250
21.0,5,11,15,251
21.0,5,12,0,236
21.0,5,12,1,237
21.0,5,12,2,238
21.0,5,12,3,239
21.0,5,12,4,240
21.0,5,12,5,241
21.0,5,12,6,242
21.0,5,12,7,244
21.0,5,12,8,245
21.0,5,12,9,246
21.0,5,12,10,247
21.0,5,12,11,248
21.0,5,12,12,249
21.0,5,12,13,250
21.0,5,12,14,251
21.0,5,12,15,252
21.0,5,13,0,237
21.0,5,13,1,238
21.0,5,13,2,239
21.0,5,13,3,240
21.0,5,13,4,241
21.0,5,13,5,243
21.0,5,13,6,244
21.0,5,13,7,245
21.0,5,13,8,246
21.0,5,13,9,247
21.0,5,13,10,248
21.0,5,13,11,249
21.0,5,13,12,250
21.0,5,13,13,251
21.0,5,13,14,253
21.0,5,13,15,254
21.0,5,14,0,238
21.0,5,14,1,239
21.0,5,14,2,240
21.0,5,14,3,242
21.0,5,14,4,243
21.0,5,14,5,244
21.0,5,14,6,245
21.0,5,14,7,246
21.0,5,14,8,247
21.0,5,14,9,248
21.0,5,14,10,249
21.0,5,14,11,251
21.0,5,14,12,252
21.0,5,14,13,253
21.0,5,14,14,254
21.0,5,14,15,255
21.0,5,15,0,239
21.0,5,15,1,240
21.0,5,15,2,242
21.0,5,15,3,243
21.0,5,15,4,244
21.0,5,15,5,245
21.0,5,15,6,246
21.0,5,15,7,247
21.0,5,15,8,249
21.0,5,15,9,250
21.0,5,15,10,251
21.0,5,15,11,252
21.0,5,15,12,253
21.0,5,15,13,254
21.0,5,15,14,255
21.0,5,15,15,256
21.0,6,0,0,224
21.0,6,0,1,225
21.0,6,0,2,226
21.0,6,0,3,227
21.0,6,0,4,228
21.0,6,0,5,229
21.0,6,0,6,230
21.0,6,0,7,231
21.0,6,0,8,232
21.0,6,0,9,233
21.0,6,0,10,234
21.0,6,0,11,235
21.0,6,0,12,236
21.0,6,0,13,237
21.0,6,0,14,239
21.0,6,0,15,240
21.0,6,1,0,225
21.0,6,1,1,226
21.0,6,1,2,227
21.0,6,1,3,228
21.0,6,1,4,229
21.0,6,1,5,230
21.0,6,1,6,232
21.0,6,1,7,233
21.0,6,1,8,234
21.0,6,1,9,235
21.0,6,1,10,236
21.0,6,1,11,237
21.0,6,1,12,238
21.0,6,1,13,239
21.0,6,1,14,240
21.0,6,1,15,241
21.0,6,2,0,226
21.0,6,2,1,227
21.0,6,2,2,229
21.0,6,2,3,230
21.0,6,2,4,231
21.0,6,2,5,232
21.0,6,2,6,233
21.0,6,2,7,234
21.0,6,2,8,235
21.0,6,2,9,236
21.0,6,2,10,237
21.0,6,2,11,238
21.0,6,2,12,239
21.0,6,2,13,240
21.0,6,2,14,241
21.0,6,2,15,242
21.0,6,3,0,228
21.0,6,3,1,229
21.0,6,3,2,230
21.0,6,3,3,231
21.0,6,3,4,232
21.0,6,3,5,233
21.0,6,3,6,234
21.0,6,3,7,235
21.0,6,3,8,236
21.0,6,3,9,237
21.0,6,3,10,239
21.0,6,3,11,240
21.0,6,3,12,241
21.0,6,3,13,242
21.0,6,3,14,243
21.0,6,3,15,244
21.0,6,4,0,229
21.0,6,4,1,230
21.0,6,4,2,231
21.0,6,4,3,232
21.0,6,4,4,233
21.0,6,4,5,235
21.0,6,4,6,236
21.0,6,4,7,237
21.0,6,4,8,238
21.0,6,4,9,239
21.0,6,4,10,240
21.0,6,4,11,241
21.0,6,4,12,242
21.0,6,4,13,243
21.0,6,4,14,244
21.0,6,4,15,245
21.0,6,5,0,230
21.0,6,5,1,231
21.0,6,5,2,233
21.0,6,5,3,234
21.0,6,5,4,235
21.0,6,5,5,236
21.0,6,5,6,237
21.0,6,5,7,238
21.0,6,5,8,239
21.0,6,5,9,240
21.0,6,5,10,241
21.0,6,5,11,242
21.0,6,5,12,243
21.0,6,5,13,245
21.0,6,5,14,246
21.0,6,5,15,247
21.0,6,6,0,232
21.0,6,6,1,233
21.0,6,6,2,234
21.0,6,6,3,235
21.0,6,6,4,236
21.0,6,6,5,237
21.0,6,6,6,238
21.0,6,6,7,239
21.0,6,6,8,241
21.0,6,6,9,242
21.0,6,6,10,243
21.0,6,6,11,244
21.0,6,6,12,245
21.0,6,6,13,246
21.0,6,6,14,247
21.0,6,6,15,248
21.0,6,7,0,233
21.0,6,7,1,234
21.0,6,7,2,235
21.0,6,7,3,236
21.0,6,7,4,237
21.0,6,7,5,239
21.0,6,7,6,240
21.0,6,7,7,241
21.0,6,7,8,242
21.0,6,7,9,243
21.0,6,7,10,244
21.0,6,7,11,245
21.0,6,7,12,246
21.0,6,7,13,247
21.0,6,7,14,248
21.0,6,7,15,249
21.0,6,8,0,234
21.0,6,8,1,235
21.0,6,8,2,236
21.0,6,8,3,238
21.0,6,8,4,239
21.0,6,8,5,240
21.0,6,8,6,241
21.0,6,8,7,242
21.0,6,8,8,243
21.0,6,8,9,244
21.0,6,8,10,245
21.0,6,8,11,247
21.0,6,8,12,248
21.0,6,8,13,249
21.0,6,8,14,250
21.0,6,8,15,251
21.0,6,9,0,235
21.0,6,9,1,237
21.0,6,9,2,238
21.0,6,9,3,239
21.0,6,9,4,240
21.0,6,9,5,241
21.0,6,9,6,242
21.0,6,9,7,243
21.0,6,9,8,245
21.0,6,9,9,246
21.0,6,9,10,247
21.0,6,9,11,248
21.0,6,9,12,249
21.0,6,9,13,250
21.0,6,9,14,251
21.0,6,9,15,252
21.0,6,10,0,237
21.0,6,10,1,238
21.0,6,10,2,239
21.0,6,10,3,240
21.0,6,10,4,241
21.0,6,10,5,242
21.0,6,10,6,244
21.0,6,10,7,245
21.0,6,10,8,246
21.0,6,10,9,247
21.0,6,10,10,248
21.0,6,10,11,249
21.0,6,10,12,250
21.0,6,10,13,251
21.0,6,10,14,252
21.0,6,10,15,254
21.0,6,11,0,238
21.0,6,11,1,239
21.0,6,11,2,240
21.0,6,11,3,241
21.0,6,11,4,243
21.0,6,11,5,244
21.0,6,11,6,245
21.0,6,11,7,246
21.0,6,11,8,247
21.0,6,11,9,248
21.0,6,11,10,249
21.0,6,11,11,251
21.0,6,11,12,252
21.0,6,11,13,253
21.0,6,11,14,254
21.0,6,11,15,255
21.0,6,12,0,239
21.0,6,12,1,240
21.0,6,12,2,242
21.0,6,12,3,243
21.0,6,12,4,244
21.0,6,12,5,245
21.0,6,12,6,246
21.0,6,12,7,247
21.0,6,12,8,248
21.0,6,12,9,250
21.0,6,12,10,251
21.0,6,12,11,252
21.0,6,12,12,253
21.0,6,12,13,254
21.0,6,12,14,255
21.0,6,12,15,256
21.0,6,13,0,241
21.0,6,13,1,242
21.0,6,13,2,243
21.0,6,13,3,244
21.0,6,13,4,245
21.0,6,13,5,246
21.0,6,13,6,248
21.0,6,13,7,249
21.0,6,13,8,250
21.0,6,13,9,251
21.0,6,13,10,252
21.0,6,13,11,253
21.0,6,13,12,254
21.0,6,13,13,255
21.0,6,13,14,257
21.0,6,13,15,258
21.0,6,14,0,242
21.0,6,14,1,243
21.0,6,14,2,244
21.0,6,14,3,245
21.0,6,14,4,246
21.0,6,14,5,248
21.0,6,14,6,249
21.0,6,14,7,250
21.0,6,14,8,251
21.0,6,14,9,252
21.0,6,14,10,253
21.0,6,14,11,255
21.0,6,14,12,256
21.0,6,14,13,257
21.0,6,14,14,258
21.0,6,14,15,259
21.0,6,15,0,243
21.0,6,15,1,244
21.0,6,15,2,245
21.0,6,15,3,247
21.0,6,15,4,248
21.0,6,15,5,249
21.0,6,15,6,250
21.0,6,15,7,251
21.0,6,15,8,252
21.0,6,15,9,254
21.0,6,15,10,255
21.0,6,15,11,256
21.0,6,15,12,257
21.0,6,15,13,258
21.0,6,15,14,259
21.0,6,15,15,260
21.0,7,0,0,227
21.0,7,0,1,228
21.0,7,0,2,229
21.0,7,0,3,230
21.0,7,0,4,231
21.0,7,0,5,233
21.0,7,0,6,234
21.0,7,0,7,235
21.0,7,0,8,236
21.0,7,0,9,237
21.0,7,0,10,238
21.0,7,0,11,239
21.0,7,0,12,240
21.0,7,0,13,241
21.0,7,0,14,242
21.0,7,0,15,243
21.0,7,1,0,228
21.0,7,1,1,230
21.0,7,1,2,231
21.0,7,1,3,232
21.0,7,1,4,233
21.0,7,1,5,234
21.0,7,1,6,235
21.0,7,1,7,236
21.0,7,1,8,237
21.0,7,1,9,238
21.0,7,1,10,239
21.0,7,1,11,240
21.0,7,1,12,242
21.0,7,1,13,243
21.0,7,1,14,244
21.0,7,1,15,245
21.0,7,2,0,230
21.0,7,2,1,231
21.0,7,2,2,232
21.0,7,2,3,233
21.0,7,2,4,234
21.0,7,2,5,235
21.0,7,2,6,236
21.0,7,2,7,238
21.0,7,2,8,239
21.0,7,2,9,240
21.0,7,2,10,241
21.0,7,2,11,242
21.0,7,2,12,243
21.0,7,2,13,244
21.0,7,2,14,245
21.0,7,2,15,246
21.0,7,3,0,231
21.0,7,3,1,232
21.0,7,3,2,233
21.0,7,3,3,235
21.0,7,3,4,236
21.0,7,3,5,237
21.0,7,3,6,238
21.0,7,3,7,239
21.0,7,3,8,240
21.0,7,3,9,241
21.0,7,3,10,242
21.0,7,3,11,243
21.0,7,3,12,244
21.0,7,3,13,245
21.0,7,3,14,247
21.0,7,3,15,248
21.0,7,4,0,232
21.0,7,4,1,234
21.0,7,4,2,235
21.0,7,4,3,236
21.0,7,4,4,237
21.0,7,4,5,238
21.0,7,4,6,239
21.0,7,4,7,240
21.0,7,4,8,241
21.0,7,4,9,243
21.0,7,4,10,244
21.0,7,4,11,245
21.0,7,4,12,246
21.0,7,4,13,247
21.0,7,4,14,248
21.0,7,4,15,249
21.0,7,5,0,234
21.0,7,5,1,235
21.0,7,5,2,236
21.0,7,5,3,237
21.0,7,5,4,238
21.0,7,5,5,239
21.0,7,5,6,241
21.0,7,5,7,242
21.0,7,5,8,243
21.0,7,5,9,244
21.0,7,5,10,245
21.0,7,5,11,246
21.0,7,5,12,247
21.0,7,5,13,248
21.0,7,5,14,249
21.0,7,5,15,250
21.0,7,6,0,235
21.0,7,6,1,236
21.0,7,6,2,237
21.0,7,6,3,239
21.0,7,6,4,240
21.0,7,6,5,241
21.0,7,6,6,242
21.0,7,6,7,243
21.0,7,6,8,244
21.0,7,6,9,245
21.0,7,6,10,246
21.0,7,6,11,248
21.0,7,6,12,249
21.0,7,6,13,250
21.0,7,6,14,251
21.0,7,6,15,252
21.0,7,7,0,236
21.0,7,7,1,238
21.0,7,7,2,239
21.0,7,7,3,240
21.0,7,7,4,241
21.0,7,7,5,242
21.0,7,7,6,243
21.0,7,7,7,244
21.0,7,7,8,246
21.0,7,7,9,247
21.0,7,7,10,248
21.0,7,7,11,249
21.0,7,7,12,250
21.0,7,7,13,251
21.0,7,7,14,252
21.0,7,7,15,253
21.0,7,8,0,238
21.0,7,8,1,239
21.0,7,8,2,240
21.0,7,8,3,241
21.0,7,8,4,242
21.0,7,8,5,244
21.0,7,8,6,245
21.0,7,8,7,246
21.0,7,8,8,247
21.0,7,8,9,248
21.0,7,8,10,249
21.0,7,8,11,250
21.0,7,8,12,251
21.0,7,8,13,253
21.0,7,8,14,254
21.0,7,8,15,255
21.0,7,9,0,239
21.0,7,9,1,240
21.0,7,9,2,241
21.0,7,9,3,243
21.0,7,9,4,244
21.0,7,9,5,245
21.0,7,9,6,246
21.0,7,9,7,247
21.0,7,9,8,248
21.0,7,9,9,249
21.0,7,9,10,251
21.0,7,9,11,252
21.0,7,9,12,253
21.0,7,9,13,254
21.0,7,9,14,255
21.0,7,9,15,256
21.0,7,10,0,240
21.0,7,10,1,242
21.0,7,10,2,243
21.0,7,10,3,244
21.0,7,10,4,245
21.0,7,10,5,246
21.0,7,10,6,247
21.0,7,10,7,249
21.0,7,10,8,250
21.0,7,10,9,251
21.0,7,10,10,252
21.0,7,10,11,253
21.0,7,10,12,254
21.0,7,10,13,255
21.0,7,10,14,256
21.0,7,10,15,257
21.0,7,11,0,242
21.0,7,11,1,243
21.0,7,11,2,244
21.0,7,11,3,245
21.0,7,11,4,246
21.0,7,11,5,248
21.0,7,11,6,249
21.0,7,11,7,250
21.0,7,11,8,251
21.0,7,11,9,252
21.0,7,11,10,253
21.0,7,11,11,254
21.0,7,11,12,256
21.0,7,11,13,257
21.0,7,11,14,258
21.0,7,11,15,259
21.0,7,12,0,243
21.0,7,12,1,244
21.0,7,12,2,245
21.0,7,12,3,247
21.0,7,12,4,248
21.0,7,12,5,249
21.0,7,12,6,250
21.0,7,12,7,251
21.0,7,12,8,252
21.0,7,12,9,253
21.0,7,12,10,255
21.0,7,12,11,256
21.0,7,12,12,257
21.0,7,12,13,258
21.0,7,12,14,259
21.0,7,12,15,260
21.0,7,13,0,244
21.0,7,13,1,245
21.0,7,13,2,247
21.0,7,13,3,248
21.0,7,13,4,249
21.0,7,13,5,250
21.0,7,13,6,251
21.0,7,13,7,252
21.0,7,13,8,254
21.0,7,13,9,255
21.0,7,13,10,256
21.0,7,13,11,257
21.0,7,13,12,258
21.0,7,13,13,259
21.0,7,13,14,260
21.0,7,13,15,262
21.0,7,14,0,246
21.0,7,14,1,247
21.0,7,14,2,248
21.0,7,14,3,249
21.0,7,14,4,250
21.0,7,14,5,251
21.0,7,14,6,253
21.0,7,14,7,254
21.0,7,14,8,255
21.0,7,14,9,256
21.0,7,14,10,257
21.0,7,14,11,258
21.0,7,14,12,260
21.0,7,14,13,261
21.0,7,14,14,262
21.0,7,14,15,263
21.0,7,15,0,247
21.0,7,15,1,248
21.0,7,15,2,249
21.0,7,15,3,250
21.0,7,15,4,252
21.0,7,15,5,253
21.0,7,15,6,254
21.0,7,15,7,255
21.0,7,15,8,256
21.0,7,15,9,257
21.0,7,15,10,259
21.0,7,15,11,260
21.0,7,15,12,261
21.0,7,15,13,262
21.0,7,15,14,263
21.0,7,15,15,264
21.0,8,0,0,231
21.0,8,0,1,232
21.0,8,0,2,233
21.0,8,0,3,234
21.0,8,0,4,235
21.0,8,0,5,236
21.0,8,0,6,237
21.0,8,0,7,238
21.0,8,0,8,239
21.0,8,0,9,240
21.0,8,0,10,242
21.0,8,0,11,243
21.0,8,0,12,244
21.0,8,0,13,245
21.0,8,0,14,246
21.0,8,0,15,247
21.0,8,1,0,232
21.0,8,1,1,233
21.0,8,1,2,234
21.0,8,1,3,235
21.0,8,1,4,236
21.0,8,1,5,238
21.0,8,1,6,239
21.0,8,1,7,240
21.0,8,1,8,241
21.0,8,1,9,242
21.0,8,1,10,243
21.0,8,1,11,244
21.0,8,1,12,245
21.0,8,1,13,246
21.0,8,1,14,247
21.0,8,1,15,248
21.0,8,2,0,233
21.0,8,2,1,234
21.0,8,2,2,236
21.0,8,2,3,237
21.0,8,2,4,238
21.0,8,2,5,239
21.0,8,2,6,240
21.0,8,2,7,241
21.0,8,2,8,242
21.0,8,2,9,243
21.0,8,2,10,244
21.0,8,2,11,246
21.0,8,2,12,247
21.0,8,2,13,248
21.0,8,2,14,249
21.0,8,2,15,250
21.0,8,3,0,235
21.0,8,3,1,236
21.0,8,3,2,237
21.0,8,3,3,238
21.0,8,3,4,239
21.0,8,3,5,240
21.0,8,3,6,241
21.0,8,3,7,243
21.0,8,3,8,244
21.0,8,3,9,245
21.0,8,3,10,246
21.0,8,3,11,247
21.0,8,3,12,248
21.0,8,3,13,249
21.0,8,3,14,250
21.0,8,3,15,251
21.0,8,4,0,236
21.0,8,4,1,237
21.0,8,4,2,238
21.0,8,4,3,239
21.0,8,4,4,241
21.0,8,4,5,242
21.0,8,4,6,243
21.0,8,4,7,244
21.0,8,4,8,245
21.0,8,4,9,246
21.0,8,4,10,247
21.0,8,4,11,248
21.0,8,4,12,250
21.0,8,4,13,251
21.0,8,4,14,252
21.0,8,4,15,253
21.0,8,5,0,237
21.0,8,5,1,239
21.0,8,5,2,240
21.0,8,5,3,241
21.0,8,5,4,242
21.0,8,5,5,243
21.0,8,5,6,244
21.0,8,5,7,245
21.0,8,5,8,247
21.0,8,5,9,248
21.0,8,5,10,249
21.0,8,5,11,250
21.0,8,5,12,251
21.0,8,5,13,252
21.0,8,5,14,253
21.0,8,5,15,254
21.0,8,6,0,239
21.0,8,6,1,240
21.0,8,6,2,241
21.0,8,6,3,242
21.0,8,6,4,243
21.0,8,6,5,245
21.0,8,6,6,246
21.0,8,6,7,247
21.0,8,6,8,248
21.0,8,6,9,249
21.0,8,6,10,250
21.0,8,6,11,251
21.0,8,6,12,252
21.0,8,6,13,254
21.0,8,6,14,255
21.0,8,6,15,256
21.0,8,7,0,240
21.0,8,7,1,241
21.0,8,7,2,242
21.0,8,7,3,244
21.0,8,7,4,245
21.0,8,7,5,246
21.0,8,7,6,247
21.0,8,7,7,248
21.0,8,7,8,249
21.0,8,7,9,250
21.0,8,7,10,252
21.0,8,7,11,253
21.0,8,7,12,254
21.0,8,7,13,255
21.0,8,7,14,256
21.0,8,7,15,257
21.0,8,8,0,241
21.0,8,8,1,243
21.0,8,8,2,244
21.0,8,8,3,245
21.0,8,8,4,246
21.0,8,8,5,247
21.0,8,8,6,248
21.0,8,8,7,250
21.0,8,8,8,251
21.0,8,8,9,252
21.0,8,8,10,253
21.0,8,8,11,254
21.0,8,8,12,255
21.0,8,8,13,256
21.0,8,8,14,257
21.0,8,8,15,259
21.0,8,9,0,243
21.0,8,9,1,244
21.0,8,9,2,245
21.0,8,9,3,246
21.0,8,9,4,247
21.0,8,9,5,249
21.0,8,9,6,250
21.0,8,9,7,251
21.0,8,9,8,252
21.0,8,9,9,253
21.0,8,9,10,254
21.0,8,9,11,255
21.0,8,9,12,257
21.0,8,9,13,258
21.0,8,9,14,259
21.0,8,9,15,260
21.0,8,10,0,244
21.0,8,10,1,245
21.0,8,10,2,246
21.0,8,10,3,248
21.0,8,10,4,249
21.0,8,10,5,250
21.0,8,10,6,251
21.0,8,10,7,252
21.0,8,10,8,253
21.0,8,10,9,255
21.0,8,10,10,256
21.0,8,10,11,257
21.0,8,10,12,258
21.0,8,10,13,259
21.0,8,10,14,260
21.0,8,10,15,261
21.0,8,11,0,245
21.0,8,11,1,247
21.0,8,11,2,248
21.0,8,11,3,249
21.0,8,11,4,250
21.0,8,11,5,251
21.0,8,11,6,252
21.0,8,11,7,254
21.0,8,11,8,255
21.0,8,11,9,256
21.0,8,11,10,257
21.0,8,11,11,258
21.0,8,11,12,259
21.0,8,11,13,261
21.0,8,11,14,262
21.0,8,11,15,263
21.0,8,12,0,247
21.0,8,12,1,248
21.0,8,12,2,249
21.0,8,12,3,250
21.0,8,12,4,251
21.0,8,12,5,253
21.0,8,12,6,254
21.0,8,12,7,255
21.0,8,12,8,256
21.0,8,12,9,257
21.0,8,12,10,258
21.0,8,12,11,260
21.0,8,12,12,261
21.0,8,12,13,262
21.0,8,12,14,263
21.0,8,12,15,264
21.0,8,13,0,248
21.0,8,13,1,249
21.0,8,13,2,250
21.0,8,13,3,252
21.0,8,13,4,253
21.0,8,13,5,254
21.0,8,13,6,255
21.0,8,13,7,256
21.0,8,13,8,258
21.0,8,13,9,259
21.0,8,13,10,260
21.0,8,13,11,261
21.0,8,13,12,262
21.0,8,13,13,263
21.0,8,13,14,264
21.0,8,13,15,266
21.0,8,14,0,249
21.0,8,14,1,250
21.0,8,14,2,252
21.0,8,14,3,253
21.0,8,14,4,254
21.0,8,14,5,255
21.0,8,14,6,256
21.0,8,14,7,258
21.0,8,14,8,259
21.0,8,14,9,260
21.0,8,14,10,261
21.0,8,14,11,262
21.0,8,14,12,264
21.0,8,14,13,265
21.0,8,14,14,266
21.0,8,14,15,267
21.0,8,15,0,251
21.0,8,15,1,252
21.0,8,15,2,253
21.0,8,15,3,254
21.0,8,15,4,255
21.0,8,15,5,257
21.0,8,15,6,258
21.0,8,15,7,259
21.0,8,15,8,260
21.0,8,15,9,261
21.0,8,15,10,263
21.0,8,15,11,264
21.0,8,15,12,265
21.0,8,15,13,266
21.0,8,15,14,267
21.0,8,15,15,268
21.0,9,0,0,234
21.0,9,0,1,235
21.0,9,0,2,236
21.0,9,0,3,237
21.0,9,0,4,239
21.0,9,0,5,240
21.0,9,0,6,241
21.0,9,0,7,242
21.0,9,0,8,243
21.0,9,0,9,244
21.0,9,0,10,245
21.0,9,0,11,246
21.0,9,0,12,247
21.0,9,0,13,248
21.0,9,0,14,250
21.0,9,0,15,251
21.0,9,1,0,235
21.0,9,1,1,237
21.0,9,1,2,238
21.0,9,1,3,239
21.0,9,1,4,240
21.0,9,1,5,241
21.0,9,1,6,242
21.0,9,1,7,243
21.0,9,1,8,244
21.0,9,1,9,246
21.0,9,1,10,247
21.0,9,1,11,248
21.0,9,1,12,249
21.0,9,1,13,250
21.0,9,1,14,251
21.0,9,1,15,252
21.0,9,2,0,237
21.0,9,2,1,238
21.0,9,2,2,239
21.0,9,2,3,240
21.0,9,2,4,241
21.0,9,2,5,243
21.0,9,2,6,244
21.0,9,2,7,245
21.0,9,2,8,246
21.0,9,2,9,247
21.0,9,2,10,248
21.0,9,2,11,249
21.0,9,2,12,250
21.0,9,2,13,251
21.0,9,2,14,253
21.0,9,2,15,254
21.0,9,3,0,238
21.0,9,3,1,239
21.0,9,3,2,240
21.0,9,3,3,242
21.0,9,3,4,243
21.0,9,3,5,244
21.0,9,3,6,245
21.0,9,3,7,246
21.0,9,3,8,247
21.0,9,3,9,248
21.0,9,3,10,250
21.0,9,3,11,251
21.0,9,3,12,252
21.0,9,3,13,253
21.0,9,3,14,254
21.0,9,3,15,255
21.0,9,4,0,240
21.0,9,4,1,241
21.0,9,4,2,242
21.0,9,4,3,243
21.0,9,4,4,244
21.0,9,4,5,245
21.0,9,4,6,247
21.0,9,4,7,248
21.0,9,4,8,249
21.0,9,4,9,250
21.0,9,4,10,251
21.0,9,4,11,252
21.0,9,4,12,253
21.0,9,4,13,254
21.0,9,4,14,255
21.0,9,4,15,257
21.0,9,5,0,241
21.0,9,5,1,242
21.0,9,5,2,243
21.0,9,5,3,244
21.0,9,5,4,246
21.0,9,5,5,247
21.0,9,5,6,248
21.0,9,5,7,249
21.0,9,5,8,250
21.0,9,5,9,251
21.0,9,5,10,252
21.0,9,5,11,254
21.0,9,5,12,255
21.0,9,5,13,256
21.0,9,5,14,257
21.0,9,5,15,258
21.0,9,6,0,242
21.0,9,6,1,243
21.0,9,6,2,245
21.0,9,6,3,246
21.0,9,6,4,247
21.0,9,6,5,248
21.0,9,6,6,249
21.0,9,6,7,250
21.0,9,6,8,252
21.0,9,6,9,253
21.0,9,6,10,254
21.0,9,6,11,255
21.0,9,6,12,256
21.0,9,6,13,257
21.0,9,6,14,258
21.0,9,6,15,260
21.0,9,7,0,244
21.0,9,7,1,245
21.0,9,7,2,246
21.0,9,7,3,247
21.0,9,7,4,248
21.0,9,7,5,250
21.0,9,7,6,251
21.0,9,7,7,252
21.0,9,7,8,253
21.0,9,7,9,254
21.0,9,7,10,255
21.0,9,7,11,256
21.0,9,7,12,258
21.0,9,7,13,259
21.0,9,7,14,260
21.0,9,7,15,261
21.0,9,8,0,245
21.0,9,8,1,246
21.0,9,8,2,247
21.0,9,8,3,249
21.0,9,8,4,250
21.0,9,8,5,251
21.0,9,8,6,252
21.0,9,8,7,253
21.0,9,8,8,254
21.0,9,8,9,256
21.0,9,8,10,257
21.0,9,8,11,258
21.0,9,8,12,259
21.0,9,8,13,260
21.0,9,8,14,261
21.0,9,8,15,262
21.0,9,9,0,246
21.0,9,9,1,248
21.0,9,9,2,249
21.0,9,9,3,250
21.0,9,9,4,251
21.0,9,9,5,252
21.0,9,9,6,254
21.0,9,9,7,255
21.0,9,9,8,256
21.0,9,9,9,257
21.0,9,9,10,258
21.0,9,9,11,259
21.0,9,9,12,260
21.0,9,9,13,262
21.0,9,9,14,263
21.0,9,9,15,264
21.0,9,10,0,248
21.0,9,10,1,249
21.0,9,10,2,250
21.0,9,10,3,251
21.0,9,10,4,253
21.0,9,10,5,254
21.0,9,10,6,255
21.0,9,10,7,256
21.0,9,10,8,257
21.0,9,10,9,258
21.0,9,10,10,260
21.0,9,10,11,261
21.0,9,10,12,262
21.0,9,10,13,263
21.0,9,10,14,264
21.0,9,10,15,265
21.0,9,11,0,249
21.0,9,11,1,250
21.0,9,11,2,251
21.0,9,11,3,253
21.0,9,11,4,254
21.0,9,11,5,255
21.0,9,11,6,256
21.0,9,11,7,257
21.0,9,11,8,259
21.0,9,11,9,260
21.0,9,11,10,261
21.0,9,11,11,262
21.0,9,11,12,263
21.0,9,11,13,264
21.0,9,11,14,266
21.0,9,11,15,267
21.0,9,12,0,250
21.0,9,12,1,252
21.0,9,12,2,253
21.0,9,12,3,254
21.0,9,12,4,255
21.0,9,12,5,256
21.0,9,12,6,258
21.0,9,12,7,259
21.0,9,12,8,260
21.0,9,12,9,261
21.0,9,12,10,262
21.0,9,12,11,264
21.0,9,12,12,265
21.0,9,12,13,266
21.0,9,12,14,267
21.0,9,12,15,268
21.0,9,13,0,252
21.0,9,13,1,253
21.0,9,13,2,254
21.0,9,13,3,255
21.0,9,13,4,257
21.0,9,13,5,258
21.0,9,13,6,259
21.0,9,13,7,260
21.0,9,13,8,261
21.0,9,13,9,263
21.0,9,13,10,264
21.0,9,13,11,265
21.0,9,13,12,266
21.0,9,13,13,267
21.0,9,13,14,268
21.0,9,13,15,270
21.0,9,14,0,253
21.0,9,14,1,254
21.0,9,14,2,255
21.0,9,14,3,257
21.0,9,14,4,258
21.0,9,14,5,259
21.0,9,14,6,260
21.0,9,14,7,262
21.0,9,14,8,263
21.0,9,14,9,264
21.0,9,14,10,265
21.0,9,14,11,266
21.0,9,14,12,267
21.0,9,14,13,269
21.0,9,14,14,270
21.0,9,14,15,271
21.0,9,15,0,254
21.0,9,15,1,256
21.0,9,15,2,257
21.0,9,15,3,258
21.0,9,15,4,259
21.0,9,15,5,260
21.0,9,15,6,262
21.0,9,15,7,263
21.0,9,15,8,264
21.0,9,15,9,265
21.0,9,15,10,266
21.0,9,15,11,268
21.0,9,15,12,269
21.0,9,15,13,270
21.0,9,15,14,271
21.0,9,15,15,272
21.0,10,0,0,237
21.0,10,0,1,239
21.0,10,0,2,240
21.0,10,0,3,241
21.0,10,0,4,242
21.0,10,0,5,243
21.0,10,0,6,244
21.0,10,0,7,245
21.0,10,0,8,247
21.0,10,0,9,248
21.0,10,0,10,249
21.0,10,0,11,250
21.0,10,0,12,251
21.0,10,0,13,252
21.0,10,0,14,253
21.0,10,0,15,254
21.0,10,1,0,239
21.0,10,1,1,240
21.0,10,1,2,241
21.0,10,1,3,242
21.0,10,1,4,243
21.0,10,1,5,245
21.0,10,1,6,246
21.0,10,1,7,247
21.0,10,1,8,248
21.0,10,1,9,249
21.0,10,1,10,250
21.0,10,1,11,251
21.0,10,1,12,253
21.0,10,1,13,254
21.0,10,1,14,255
21.0,10,1,15,256
21.0,10,2,0,240
21.0,10,2,1,241
21.0,10,2,2,243
21.0,10,2,3,244
21.0,10,2,4,245
21.0,10,2,5,246
21.0,10,2,6,247
21.0,10,2,7,248
21.0,10,2,8,250
21.0,10,2,9,251
21.0,10,2,10,252
21.0,10,2,11,253
21.0,10,2,12,254
21.0,10,2,13,255
21.0,10,2,14,256
21.0,10,2,15,257
21.0,10,3,0,242
21.0,10,3,1,243
21.0,10,3,2,244
21.0,10,3,3,245
21.0,10,3,4,246
21.0,10,3,5,248
21.0,10,3,6,249
21.0,10,3,7,250
21.0,10,3,8,251
21.0,10,3,9,252
21.0,10,3,10,253
21.0,10,3,11,254
21.0,10,3,12,256
21.0,10,3,13,257
21.0,10,3,14,258
21.0,10,3,15,259
21.0,10,4,0,243
21.0,10,4,1,244
21.0,10,4,2,245
21.0,10,4,3,247
21.0,10,4,4,248
21.0,10,4,5,249
21.0,10,4,6,250
21.0,10,4,7,251
21.0,10,4,8,252
21.0,10,4,9,254
21.0,10,4,10,255
21.0,10,4,11,256
21.0,10,4,12,257
21.0,10,4,13,258
21.0,10,4,14,259
21.0,10,4,15,260
21.0,10,5,0,244
21.0,10,5,1,246
21.0,10,5,2,247
21.0,10,5,3,248
21.0,10,5,4,249
21.0,10,5,5,250
21.0,10,5,6,252
21.0,10,5,7,253
21.0,10,5,8,254
21.0,10,5,9,255
21.0,10,5,10,256
21.0,10,5,11,257
21.0,10,5,12,258
21.0,10,5,13,260
21.0,10,5,14,261
21.0,10,5,15,262
21.0,10,6,0,246
21.0,10,6,1,247
21.0,10,6,2,248
21.0,10,6,3,249
21.0,10,6,4,251
21.0,10,6,5,252
21.0,10,6,6,253
21.0,10,6,7,254
21.0,10,6,8,255
21.0,10,6,9,256
21.0,10,6,10,258
21.0,10,6,11,259
21.0,10,6,12,260
21.0,10,6,13,261
21.0,10,6,14,262
21.0,10,6,15,263
21.0,10,7,0,247
21.0,10,7,1,248
21.0,10,7,2,250
21.0,10,7,3,251
21.0,10,7,4,252
21.0,10,7,5,253
21.0,10,7,6,254
21.0,10,7,7,256
21.0,10,7,8,257
21.0,10,7,9,258
21.0,10,7,10,259
21.0,10,7,11,260
21.0,10,7,12,261
21.0,10,7,13,263
21.0,10,7,14,264
21.0,10,7,15,265
21.0,10,8,0,249
21.0,10,8,1,250
21.0,10,8,2,251
21.0,10,8,3,252
21.0,10,8,4,253
21.0,10,8,5,255
21.0,10,8,6,256
21.0,10,8,7,257
21.0,10,8,8,258
21.0,10,8,9,259
21.0,10,8,10,261
21.0,10,8,11,262
21.0,10,8,12,263
21.0,10,8,13,264
21.0,10,8,14,265
21.0,10,8,15,266
21.0,10,9,0,250
21.0,10,9,1,251
21.0,10,9,2,252
21.0,10,9,3,254
21.0,10,9,4,255
21.0,10,9,5,256
21.0,10,9,6,257
21.0,10,9,7,258
21.0,10,9,8,260
21.0,10,9,9,261
21.0,10,9,10,262
21.0,10,9,11,263
21.0,10,9,12,264
21.0,10,9,13,265
21.0,10,9,14,267
21.0,10,9,15,268
21.0,10,10,0,251
21.0,10,10,1,253
21.0,10,10,2,254
21.0,10,10,3,255
21.0,10,10,4,256
21.0,10,10,5,257
21.0,10,10,6,259
21.0,10,10,7,260
21.0,10,10,8,261
21.0,10,10,9,262
21.0,10,10,10,263
21.0,10,10,11,265
21.0,10,10,12,266
21.0,10,10,13,267
21.0,10,10,14,268
21.0,10,10,15,269
21.0,10,11,0,253
21.0,10,11,1,254
21.0,10,11,2,255
21.0,10,11,3,256
21.0,10,11,4,258
21.0,10,11,5,259
21.0,10,11,6,260
21.0,10,11,7,261
21.0,10,11,8,262
21.0,10,11,9,264
21.0,10,11,10,265
21.0,10,11,11,266
21.0,10,11,12,267
21.0,10,11,13,268
21.0,10,11,14,270
21.0,10,11,15,271
21.0,10,12,0,254
21.0,10,12,1,255
21.0,10,12,2,257
21.0,10,12,3,258
21.0,10,12,4,259
21.0,10,12,5,260
21.0,10,12,6,261
21.0,10,12,7,263
21.0,10,12,8,264
21.0,10,12,9,265
21.0,10,12,10,266
21.0,10,12,11,267
21.0,10,12,12,269
21.0,10,12,13,270
21.0,10,12,14,271
21.0,10,12,15,272
21.0,10,13,0,255
21.0,10,13,1,257
21.0,10,13,2,258
21.0,10,13,3,259
21.0,10,13,4,260
21.0,10,13,5,262
21.0,10,13,6,263
21.0,10,13,7,264
21.0,10,13,8,265
21.0,10,13,9,266
21.0,10,13,10,268
21.0,10,13,11,269
21.0,10,13,12,270
21.0,10,13,13,271
21.0,10,13,14,272
21.0,10,13,15,274
21.0,10,14,0,257
21.0,10,14,1,258
21.0,10,14,2,259
21.0,10,14,3,260
21.0,10,14,4,262
21.0,10,14,5,263
21.0,10,14,6,264
21.0,10,14,7,265
21.0,10,14,8,267
21.0,10,14,9,268
21.0,10,14,10,269
21.0,10,14,11,270
21.0,10,14,12,271
21.0,10,14,13,273
21.0,10,14,14,274
21.0,10,14,15,275
21.0,10,15,0,258
21.0,10,15,1,259
21.0,10,15,2,261
21.0,10,15,3,262
21.0,10,15,4,263
21.0,10,15,5,264
21.0,10,15,6,266
21.0,10,15,7,267
21.0,10,15,8,268
21.0,10,15,9,269
21.0,10,15,10,270
21.0,10,15,11,272
21.0,10,15,12,273
21.0,10,15,13,274
21.0,10,15,14,275
21.0,10,15,15,276
21.0,11,0,0,241
21.0,11,0,1,242
21.0,11,0,2,243
21.0,11,0,3,244
21.0,11,0,4,246
21.0,11,0,5,247
21.0,11,0,6,248
21.0,11,0,7,249
21.0,11,0,8,250
21.0,11,0,9,251
21.0,11,0,10,252
21.0,11,0,11,254
21.0,11,0,12,255
21.0,11,0,13,256
21.0,11,0,14,257
21.0,11,0,15,258
21.0,11,1,0,242
21.0,11,1,1,243
21.0,11,1,2,245
21.0,11,1,3,246
21.0,11,1,4,247
21.0,11,1,5,248
21.0,11,1,6,249
21.0,11,1,7,251
21.0,11,1,8,252
21.0,11,1,9,253
21.0,11,1,10,254
21.0,11,1,11,255
21.0,11,1,12,256
21.0,11,1,13,257
21.0,11,1,14,258
21.0,11,1,15,260
21.0,11,2,0,244
21.0,11,2,1,245
21.0,11,2,2,246
21.0,11,2,3,247
21.0,11,2,4,248
21.0,11,2,5,250
21.0,11,2,6,251
21.0,11,2,7,252
21.0,11,2,8,253
21.0,11,2,9,254
21.0,11,2,10,255
21.0,11,2,11,257
21.0,11,2,12,258
21.0,11,2,13,259
21.0,11,2,14,260
21.0,11,2,15,261
21.0,11,3,0,245
21.0,11,3,1,246
21.0,11,3,2,248
21.0,11,3,3,249
21.0,11,3,4,250
21.0,11,3,5,251
21.0,11,3,6,252
21.0,11,3,7,253
21.0,11,3,8,255
21.0,11,3,9,256
21.0,11,3,10,257
21.0,11,3,11,258
21.0,11,3,12,259
21.0,11,3,13,260
21.0,11,3,14,262
21.0,11,3,15,263
21.0,11,4,0,247
21.0,11,4,1,248
21.0,11,4,2,249
21.0,11,4,3,250
21.0,11,4,4,251
21.0,11,4,5,253
21.0,11,4,6,254
21.0,11,4,7,255
21.0,11,4,8,256
21.0,11,4,9,257
21.0,11,4,10,258
21.0,11,4,11,260
21.0,11,4,12,261
21.0,11,4,13,262
21.0,11,4,14,263
21.0,11,4,15,264
21.0,11,5,0,248
21.0,11,5,1,249
21.0,11,5,2,250
21.0,11,5,3,252
21.0,11,5,4,253
21.0,11,5,5,254
21.0,11,5,6,255
21.0,11,5,7,256
21.0,11,5,8,258
21.0,11,5,9,259
21.0,11,5,10,260
21.0,11,5,11,261
21.0,11,5,12,262
21.0,11,5,13,263
21.0,11,5,14,265
21.0,11,5,15,266
21.0,11,6,0,249
21.0,11,6,1,251
21.0,11,6,2,252
21.0,11,6,3,253
21.0,11,6,4,254
21.0,11,6,5,255
21.0,11,6,6,257
21.0,11,6,7,258
21.0,11,6,8,259
21.0,11,6,9,260
21.0,11,6,10,261
21.0,11,6,11,263
21.0,11,6,12,264
21.0,11,6,13,265
21.0,11,6,14,266
21.0,11,6,15,267
21.0,11,7,0,251
21.0,11,7,1,252
21.0,11,7,2,253
21.0,11,7,3,254
21.0,11,7,4,256
21.0,11,7,5,257
21.0,11,7,6,258
21.0,11,7,7,259
21.0,11,7,8,261
21.0,11,7,9,262
21.0,11,7,10,263
21.0,11,7,11,264
21.0,11,7,12,265
21.0,11,7,13,266
21.0,11,7,14,268
21.0,11,7,15,269
21.0,11,8,0,252
21.0,11,8,1,253
21.0,11,8,2,255
21.0,11,8,3,256
21.0,11,8,4,257
21.0,11,8,5,258
21.0,11,8,6,260
21.0,11,8,7,261
21.0,11,8,8,262
21.0,11,8,9,263
21.0,11,8,10,264
21.0,11,8,11,266
21.0,11,8,12,267
21.0,11,8,13,268
21.0,11,8,14,269
21.0,11,8,15,270
21.0,11,9,0,254
21.0,11,9,1,255
21.0,11,9,2,256
21.0,11,9,3,257
21.0,11,9,4,259
21.0,11,9,5,260
21.0,11,9,6,261
21.0,11,9,7,262
21.0,11,9,8,263
21.0,11,9,9,265
21.0,11,9,10,266
21.0,11,9,11,267
21.0,11,9,12,268
21.0,11,9,13,269
21.0,11,9,14,270
21.0,11,9,15,272
21.0,11,10,0,255
21.0,11,10,1,256
21.0,11,10,2,257
21.0,11,10,3,259
21.0,11,10,4,260
21.0,11,10,5,261
21.0,11,10,6,262
21.0,11,10,7,264
21.0,11,10,8,265
21.0,11,10,9,266
21.0,11,10,10,267
21.0,11,10,11,268
21.0,11,10,12,270
21.0,11,10,13,271
21.0,11,10,14,272
21.0,11,10,15,273
21.0,11,11,0,256
21.0,11,11,1,258
21.0,11,11,2,259
21.0,11,11,3,260
21.0,11,11,4,261
21.0,11,11,5,263
21.0,11,11,6,264
21.0,11,11,7,265
21.0,11,11,8,266
21.0,11,11,9,267
21.0,11,11,10,269
21.0,11,11,11,270
21.0,11,11,12,271
21.0,11,11,13,272
21.0,11,11,14,273
21.0,11,11,15,275
21.0,11,12,0,258
21.0,11,12,1,259
21.0,11,12,2,260
21.0,11,12,3,261
21.0,11,12,4,263
21.0,11,12,5,264
21.0,11,12,6,265
21.0,11,12,7,266
21.0,11,12,8,268
21.0,11,12,9,269
21.0,11,12,10,270
21.0,11,12,11,271
21.0,11,12,12,272
21.0,11,12,13,274
21.0,11,12,14,275
21.0,11,12,15,276
21.0,11,13,0,259
21.0,11,13,1,260
21.0,11,13,2,262
21.0,11,13,3,263
21.0,11,13,4,264
21.0,11,13,5,265
21.0,11,13,6,267
21.0,11,13,7,268
21.0,11,13,8,269
21.0,11,13,9,270
21.0,11,13,10,271
21.0,11,13,11,273
21.0,11,13,12,274
21.0,11,13,13,275
21.0,11,13,14,276
21.0,11,13,15,278
21.0,11,14,0,260
21.0,11,14,1,262
21.0,11,14,2,263
21.0,11,14,3,264
21.0,11,14,4,265
21.0,11,14,5,267
21.0,11,14,6,268
21.0,11,14,7,269
21.0,11,14,8,270
21.0,11,14,9,272
21.0,11,14,10,273
21.0,11,14,11,274
21.0,11,14,12,275
21.0,11,14,13,277
21.0,11,14,14,278
21.0,11,14,15,279
21.0,11,15,0,262
21.0,11,15,1,263
21.0,11,15,2,264
21.0,11,15,3,266
21.0,11,15,4,267
21.0,11,15,5,268
21.0,11,15,6,269
21.0,11,15,7,271
21.0,11,15,8,272
21.0,11,15,9,273
21.0,11,15,10,274
21.0,11,15,11,276
21.0,11,15,12,277
21.0,11,15,13,278
21.0,11,15,14,279
21.0,11,15,15,280
21.0,12,0,0,244
21.0,12,0,1,246
21.0,12,0,2,247
21.0,12,0,3,248
21.0,12,0,4,249
21.0,12,0,5,250
21.0,12,0,6,251
21.0,12,0,7,253
21.0,12,0,8,254
21.0,12,0,9,255
21.0,12,0,10,256
21.0,12,0,11,257
21.0,12,0,12,258
21.0,12,0,13,259
21.0,12,0,14,261
21.0,12,0,15,262
21.0,12,1,0,246
21.0,12,1,1,247
21.0,12,1,2,248
21.0,12,1,3,249
21.0,12,1,4,251
21.0,12,1,5,252
21.0,12,1,6,253
21.0,12,1,7,254
21.0,12,1,8,255
21.0,12,1,9,256
21.0,12,1,10,258
21.0,12,1,11,259
21.0,12,1,12,260
21.0,12,1,13,261
21.0,12,1,14,262
21.0,12,1,15,263
21.0,12,2,0,247
21.0,12,2,1,248
21.0,12,2,2,250
21.0,12,2,3,251
21.0,12,2,4,252
21.0,12,2,5,253
21.0,12,2,6,254
21.0,12,2,7,256
21.0,12,2,8,257
21.0,12,2,9,258
21.0,12,2,10,259
21.0,12,2,11,260
21.0,12,2,12,261
21.0,12,2,13,263
21.0,12,2,14,264
21.0,12,2,15,265
21.0,12,3,0,249
21.0,12,3,1,250
21.0,12,3,2,251
21.0,12,3,3,252
21.0,12,3,4,254
21.0,12,3,5,255
21.0,12,3,6,256
21.0,12,3,7,257
21.0,12,3,8,258
21.0,12,3,9,259
21.0,12,3,10,261
21.0,12,3,11,262
21.0,12,3,12,263
21.0,12,3,13,264
21.0,12,3,14,265
21.0,12,3,15,266
21.0,12,4,0,250
21.0,12,4,1,251
21.0,12,4,2,253
21.0,12,4,3,254
21.0,12,4,4,255
21.0,12,4,5,256
21.0,12,4,6,257
21.0,12,4,7,259
21.0,12,4,8,260
21.0,12,4,9,261
21.0,12,4,10,262
21.0,12,4,11,263
21.0,12,4,12,264
21.0,12,4,13,266
21.0,12,4,14,267
21.0,12,4,15,268
21.0,12,5,0,252
21.0,12,5,1,253
21.0,12,5,2,254
21.0,12,5,3,255
21.0,12,5,4,256
21.0,12,5,5,258
21.0,12,5,6,259
21.0,12,5,7,260
21.0,12,5,8,261
21.0,12,5,9,262
21.0,12,5,10,264
21.0,12,5,11,265
21.0,12,5,12,266
21.0,12,5,13,267
21.0,12,5,14,268
21.0,12,5,15,269
21.0,12,6,0,253
21.0,12,6,1,254
21.0,12,6,2,255
21.0,12,6,3,257
21.0,12,6,4,258
21.0,12,6,5,259
21.0,12,6,6,260
21.0,12,6,7,262
21.0,12,6,8,263
21.0,12,6,9,264
21.0,12,6,10,265
21.0,12,6,11,266
21.0,12,6,12,267
21.0,12,6,13,269
21.0,12,6,14,270
21.0,12,6,15,271
21.0,12,7,0,254
21.0,12,7,1,256
21.0,12,7,2,257
21.0,12,7,3,258
21.0,12,7,4,259
21.0,12,7,5,261
21.0,12,7,6,262
21.0,12,7,7,263
21.0,12,7,8,264
21.0,12,7,9,265
21.0,12,7,10,267
21.0,12,7,11,268
21.0,12,7,12,269
21.0,12,7,13,270
21.0,12,7,14,271
21.0,12,7,15,273
21.0,12,8,0,256
21.0,12,8,1,257
21.0,12,8,2,258
21.0,12,8,3,260
21.0,12,8,4,261
21.0,12,8,5,262
21.0,12,8,6,263
21.0,12,8,7,264
21.0,12,8,8,266
21.0,12,8,9,267
21.0,12,8,10,268
21.0,12,8,11,269
21.0,12,8,12,270
21.0,12,8,13,272
21.0,12,8,14,273
21.0,12,8,15,274
21.0,12,9,0,257
21.0,12,9,1,258
21.0,12,9,2,260
21.0,12,9,3,261
21.0,12,9,4,262
21.0,12,9,5,263
21.0,12,9,6,265
21.0,12,9,7,266
21.0,12,9,8,267
21.0,12,9,9,268
21.0,12,9,10,270
21.0,12,9,11,271
21.0,12,9,12,272
21.0,12,9,13,273
21.0,12,9,14,274
21.0,12,9,15,276
21.0,12,10,0,259
21.0,12,10,1,260
21.0,12,10,2,261
21.0,12,10,3,262
21.0,12,10,4,264
21.0,12,10,5,265
21.0,12,10,6,266
21.0,12,10,7,267
21.0,12,10,8,269
21.0,12,10,9,270
21.0,12,10,10,271
21.0,12,10,11,272
21.0,12,10,12,273
21.0,12,10,13,275
21.0,12,10,14,276
21.0,12,10,15,277
21.0,12,11,0,260
21.0,12,11,1,261
21.0,12,11,2,263
21.0,12,11,3,264
21.0,12,11,4,265
21.0,12,11,5,266
21.0,12,11,6,268
21.0,12,11,7,269
21.0,12,11,8,270
21.0,12,11,9,271
21.0,12,11,10,272
21.0,12,11,11,274
21.0,12,11,12,275
21.0,12,11,13,276
21.0,12,11,14,277
21.0,12,11,15,279
21.0,12,12,0,261
21.0,12,12,1,263
21.0,12,12,2,264
21.0,12,12,3,265
21.0,12,12,4,266
21.0,12,12,5,268
21.0,12,12,6,269
21.0,12,12,7,270
21.0,12,12,8,271
21.0,12,12,9,273
21.0,12,12,10,274
21.0,12,12,11,275
21.0,12,12,12,276
21.0,12,12,13,278
21.0,12,12,14,279
21.0,12,12,15,280
21.0,12,13,0,263
21.0,12,13,1,264
21.0,12,13,2,265
21.0,12,13,3,267
21.0,12,13,4,268
21.0,12,13,5,269
21.0,12,13,6,270
21.0,12,13,7,272
21.0,12,13,8,273
21.0,12,13,9,274
21.0,12,13,10,275
21.0,12,13,11,277
21.0,12,13,12,278
21.0,12,13,13,279
21.0,12,13,14,280
21.0,12,13,15,281
21.0,12,14,0,264
21.0,12,14,1,265
21.0,12,14,2,267
21.0,12,14,3,268
21.0,12,14,4,269
21.0,12,14,5,271
21.0,12,14,6,272
21.0,12,14,7,273
21.0,12,14,8,274
21.0,12,14,9,276
21.0,12,14,10,277
21.0,12,14,11,278
21.0,12,14,12,279
21.0,12,14,13,281
21.0,12,14,14,282
21.0,12,14,15,283
21.0,12,15,0,266
21.0,12,15,1,267
21.0,12,15,2,268
21.0,12,15,3,269
21.0,12,15,4,271
21.0,12,15,5,272
21.0,12,15,6,273
21.0,12,15,7,274
21.0,12,15,8,276
21.0,12,15,9,277
21.0,12,15,10,278
21.0,12,15,11,279
21.0,12,15,12,281
21.0,12,15,13,282
21.0,12,15,14,283
21.0,12,15,15,284
21.0,13,0,0,248
21.0,13,0,1,249
21.0,13,0,2,250
21.0,13,0,3,251
21.0,13,0,4,253
21.0,13,0,5,254
21.0,13,0,6,255
21.0,13,0,7,256
21.0,13,0,8,257
21.0,13,0,9,258
21.0,13,0,10,260
21.0,13,0,11,261
21.0,13,0,12,262
21.0,13,0,13,263
21.0,13,0,14,264
21.0,13,0,15,265
21.0,13,1,0,249
21.0,13,1,1,250
21.0,13,1,2,252
21.0,13,1,3,253
21.0,13,1,4,254
21.0,13,1,5,255
21.0,13,1,6,256
21.0,13,1,7,258
21.0,13,1,8,259
21.0,13,1,9,260
21.0,13,1,10,261
21.0,13,1,11,262
21.0,13,1,12,264
21.0,13,1,13,265
21.0,13,1,14,266
21.0,13,1,15,267
21.0,13,2,0,251
21.0,13,2,1,252
21.0,13,2,2,253
21.0,13,2,3,254
21.0,13,2,4,256
21.0,13,2,5,257
21.0,13,2,6,258
21.0,13,2,7,259
21.0,13,2,8,260
21.0,13,2,9,262
21.0,13,2,10,263
21.0,13,2,11,264
21.0,13,2,12,265
21.0,13,2,13,266
21.0,13,2,14,267
21.0,13,2,15,269
21.0,13,3,0,252
21.0,13,3,1,253
21.0,13,3,2,255
21.0,13,3,3,256
21.0,13,3,4,257
21.0,13,3,5,258
21.0,13,3,6,260
21.0,13,3,7,261
21.0,13,3,8,262
21.0,13,3,9,263
21.0,13,3,10,264
21.0,13,3,11,265
21.0,13,3,12,267
21.0,13,3,13,268
21.0,13,3,14,269
21.0,13,3,15,270
21.0,13,4,0,254
21.0,13,4,1,255
21.0,13,4,2,256
21.0,13,4,3,257
21.0,13,4,4,259
21.0,13,4,5,260
21.0,13,4,6,261
21.0,13,4,7,262
21.0,13,4,8,263
21.0,13,4,9,265
21.0,13,4,10,266
21.0,13,4,11,267
21.0,13,4,12,268
21.0,13,4,13,269
21.0,13,4,14,271
21.0,13,4,15,272
21.0,13,5,0,255
21.0,13,5,1,256
21.0,13,5,2,258
21.0,13,5,3,259
21.0,13,5,4,260
21.0,13,5,5,261
21.0,13,5,6,263
21.0,13,5,7,264
21.0,13,5,8,265
21.0,13,5,9,266
21.0,13,5,10,267
21.0,13,5,11,269
21.0,13,5,12,270
21.0,13,5,13,271
21.0,13,5,14,272
21.0,13,5,15,273
21.0,13,6,0,257
21.0,13,6,1,258
21.0,13,6,2,259
21.0,13,6,3,260
21.0,13,6,4,262
21.0,13,6,5,263
21.0,13,6,6,264
21.0,13,6,7,265
21.0,13,6,8,266
21.0,13,6,9,268
21.0,13,6,10,269
21.0,13,6,11,270
21.0,13,6,12,271
21.0,13,6,13,272
21.0,13,6,14,274
21.0,13,6,15,275
21.0,13,7,0,258
21.0,13,7,1,259
21.0,13,7,2,261
21.0,13,7,3,262
21.0,13,7,4,263
21.0,13,7,5,264
21.0,13,7,6,266
21.0,13,7,7,267
21.0,13,7,8,268
21.0,13,7,9,269
21.0,13,7,10,270
21.0,13,7,11,272
21.0,13,7,12,273
21.0,13,7,13,274
21.0,13,7,14,275
21.0,13,7,15,276
21.0,13,8,0,259
21.0,13,8,1,261
21.0,13,8,2,262
21.0,13,8,3,263
21.0,13,8,4,264
21.0,13,8,5,266
21.0,13,8,6,267
21.0,13,8,7,268
21.0,13,8,8,269
21.0,13,8,9,271
21.0,13,8,10,272
21.0,13,8,11,273
21.0,13,8,12,274
21.0,13,8,13,276
21.0,13,8,14,277
21.0,13,8,15,278
21.0,13,9,0,261
21.0,13,9,1,262
21.0,13,9,2,263
21.0,13,9,3,265
21.0,13,9,4,266
21.0,13,9,5,267
21.0,13,9,6,268
21.0,13,9,7,270
21.0,13,9,8,271
21.0,13,9,9,272
21.0,13,9,10,273
21.0,13,9,11,275
21.0,13,9,12,276
21.0,13,9,13,277
21.0,13,9,14,278
21.0,13,9,15,279
21.0,13,10,0,262
21.0,13,10,1,264
21.0,13,10,2,265
21.0,13,10,3,266
21.0,13,10,4,267
21.0,13,10,5,269
21.0,13,10,6,270
21.0,13,10,7,271
21.0,13,10,8,272
21.0,13,10,9,274
21.0,13,10,10,275
21.0,13,10,11,276
21.0,13,10,12,277
21.0,13,10,13,279
21.0,13,10,14,280
21.0,13,10,15,281
21.0,13,11,0,264
21.0,13,11,1,265
21.0,13,11,2,266
21.0,13,11,3,268
21.0,13,11,4,269
21.0,13,11,5,270
21.0,13,11,6,271
21.0,13,11,7,273
21.0,13,11,8,274
21.0,13,11,9,275
21.0,13,11,10,276
21.0,13,11,11,278
21.0,13,11,12,279
21.0,13,11,13,280
21.0,13,11,14,281
21.0,13,11,15,282
21.0,13,12,0,265
21.0,13,12,1,266
21.0,13,12,2,268
21.0,13,12,3,269
21.0,13,12,4,270
21.0,13,12,5,272
21.0,13,12,6,273
21.0,13,12,7,274
21.0,13,12,8,275
21.0,13,12,9,277
21.0,13,12,10,278
21.0,13,12,11,279
21.0,13,12,12,280
21.0,13,12,13,282
21.0,13,12,14,283
21.0,13,12,15,284
21.0,13,13,0,266
21.0,13,13,1,268
21.0,13,13,2,269
21.0,13,13,3,270
21.0,13,13,4,272
21.0,13,13,5,273
21.0,13,13,6,274
21.0,13,13,7,275
21.0,13,13,8,277
21.0,13,13,9,278
21.0,13,13,10,279
21.0,13,13,11,281
21.0,13,13,12,282
21.0,13,13,13,283
21.0,13,13,14,284
21.0,13,13,15,285
21.0,13,14,0,268
21.0,13,14,1,269
21.0,13,14,2,270
21.0,13,14,3,272
21.0,13,14,4,273
21.0,13,14,5,274
21.0,13,14,6,276
21.0,13,14,7,277
21.0,13,14,8,278
21.0,13,14,9,279
21.0,13,14,10,281
21.0,13,14,11,282
21.0,13,14,12,283
21.0,13,14,13,284
21.0,13,14,14,286
21.0,13,14,15,287
21.0,13,15,0,269
21.0,13,15,1,271
21.0,13,15,2,272
21.0,13,15,3,273
21.0,13,15,4,274
21.0,13,15,5,276
21.0,13,15,6,277
21.0,13,15,7,278
21.0,13,15,8,280
21.0,13,15,9,281
21.0,13,15,10,282
21.0,13,15,11,283
21.0,13,15,12,285
21.0,13,15,13,286
21.0,13,15,14,287
21.0,13,15,15,288
21.0,14,0,0,251
21.0,14,0,1,252
21.0,14,0,2,254
21.0,14,0,3,255
21.0,14,0,4,256
21.0,14,0,5,257
21.0,14,0,6,259
21.0,14,0,7,260
21.0,14,0,8,261
21.0,14,0,9,262
21.0,14,0,10,263
21.0,14,0,11,264
21.0,14,0,12,266
21.0,14,0,13,267
21.0,14,0,14,268
21.0,14,0,15,269
21.0,14,1,0,253
21.0,14,1,1,254
21.0,14,1,2,255
21.0,14,1,3,256
21.0,14,1,4,258
21.0,14,1,5,259
21.0,14,1,6,260
21.0,14,1,7,261
21.0,14,1,8,262
21.0,14,1,9,264
21.0,14,1,10,265
21.0,14,1,11,266
21.0,14,1,12,267
21.0,14,1,13,268
21.0,14,1,14,270
21.0,14,1,15,271
21.0,14,2,0,254
21.0,14,2,1,255
21.0,14,2,2,257
21.0,14,2,3,258
21.0,14,2,4,259
21.0,14,2,5,260
21.0,14,2,6,262
21.0,14,2,7,263
21.0,14,2,8,264
21.0,14,2,9,265
21.0,14,2,10,266
21.0,14,2,11,268
21.0,14,2,12,269
21.0,14,2,13,270
21.0,14,2,14,271
21.0,14,2,15,272
21.0,14,3,0,256
21.0,14,3,1,257
21.0,14,3,2,258
21.0,14,3,3,259
21.0,14,3,4,261
21.0,14,3,5,262
21.0,14,3,6,263
21.0,14,3,7,264
21.0,14,3,8,266
21.0,14,3,9,267
21.0,14,3,10,268
21.0,14,3,11,269
21.0,14,3,12,270
21.0,14,3,13,272
21.0,14,3,14,273
21.0,14,3,15,274
21.0,14,4,0,257
21.0,14,4,1,258
21.0,14,4,2,260
21.0,14,4,3,261
21.0,14,4,4,262
21.0,14,4,5,263
21.0,14,4,6,265
21.0,14,4,7,266
21.0,14,4,8,267
21.0,14,4,9,268
21.0,14,4,10,270
21.0,14,4,11,271
21.0,14,4,12,272
21.0,14,4,13,273
21.0,14,4,14,274
21.0,14,4,15,275
21.0,14,5,0,259
21.0,14,5,1,260
21.0,14,5,2,261
21.0,14,5,3,262
21.0,14,5,4,264
21.0,14,5,5,265
21.0,14,5,6,266
21.0,14,5,7,267
21.0,14,5,8,269
21.0,14,5,9,270
21.0,14,5,10,271
21.0,14,5,11,272
21.0,14,5,12,273
21.0,14,5,13,275
21.0,14,5,14,276
21.0,14,5,15,277
21.0,14,6,0,260
21.0,14,6,1,261
21.0,14,6,2,263
21.0,14,6,3,264
21.0,14,6,4,265
21.0,14,6,5,266
21.0,14,6,6,268
21.0,14,6,7,269
21.0,14,6,8,270
21.0,14,6,9,271
21.0,14,6,10,273
21.0,14,6,11,274
21.0,14,6,12,275
21.0,14,6,13,276
21.0,14,6,14,277
21.0,14,6,15,279
21.0,14,7,0,262
21.0,14,7,1,263
21.0,14,7,2,264
21.0,14,7,3,265
21.0,14,7,4,267
21.0,14,7,5,268
21.0,14,7,6,269
21.0,14,7,7,270
21.0,14,7,8,272
21.0,14,7,9,273
21.0,14,7,10,274
21.0,14,7,11,275
21.0,14,7,12,277
21.0,14,7,13,278
21.0,14,7,14,279
21.0,14,7,15,280
21.0,14,8,0,263
21.0,14,8,1,264
21.0,14,8,2,266
21.0,14,8,3,267
21.0,14,8,4,268
21.0,14,8,5,269
21.0,14,8,6,271
21.0,14,8,7,272
21.0,14,8,8,273
21.0,14,8,9,274
21.0,14,8,10,276
21.0,14,8,11,277
21.0,14,8,12,278
21.0,14,8,13,279
21.0,14,8,14,281
21.0,14,8,15,282
21.0,14,9,0,264
21.0,14,9,1,266
21.0,14,9,2,267
21.0,14,9,3,268
21.0,14,9,4,270
21.0,14,9,5,271
21.0,14,9,6,272
21.0,14,9,7,273
21.0,14,9,8,275
21.0,14,9,9,276
21.0,14,9,10,277
21.0,14,9,11,278
21.0,14,9,12,280
21.0,14,9,13,281
21.0,14,9,14,282
21.0,14,9,15,283
21.0,14,10,0,266
21.0,14,10,1,267
21.0,14,10,2,269
21.0,14,10,3,270
21.0,14,10,4,271
21.0,14,10,5,272
21.0,14,10,6,274
21.0,14,10,7,275
21.0,14,10,8,276
21.0,14,10,9,277
21.0,14,10,10,279
21.0,14,10,11,280
21.0,14,10,12,281
21.0,14,10,13,282
21.0,14,10,14,284
21.0,14,10,15,285
21.0,14,11,0,267
21.0,14,11,1,269
21.0,14,11,2,270
21.0,14,11,3,271
21.0,14,11,4,273
21.0,14,11,5,274
21.0,14,11,6,275
21.0,14,11,7,276
21.0,14,11,8,278
21.0,14,11,9,279
21.0,14,11,10,280
21.0,14,11,11,281
21.0,14,11,12,283
21.0,14,11,13,284
21.0,14,11,14,285
21.0,14,11,15,286
21.0,14,12,0,269
21.0,14,12,1,270
21.0,14,12,2,271
21.0,14,12,3,273
21.0,14,12,4,274
21.0,14,12,5,275
21.0,14,12,6,277
21.0,14,12,7,278
21.0,14,12,8,279
21.0,14,12,9,280
21.0,14,12,10,282
21.0,14,12,11,283
21.0,14,12,12,284
21.0,14,12,13,285
21.0,14,12,14,287
21.0,14,12,15,288
21.0,14,13,0,270
21.0,14,13,1,272
21.0,14,13,2,273
21.0,14,13,3,274
21.0,14,13,4,275
21.0,14,13,5,277
21.0,14,13,6,278
21.0,14,13,7,279
21.0,14,13,8,281
21.0,14,13,9,282
21.0,14,13,10,283
21.0,14,13,11,284
21.0,14,13,12,286
21.0,14,13,13,287
21.0,14,13,14,288
21.0,14,13,15,289
21.0,14,14,0,272
21.0,14,14,1,273
21.0,14,14,2,274
21.0,14,14,3,276
21.0,14,14,4,277
21.0,14,14,5,278
21.0,14,14,6,279
21.0,14,14,7,281
21.0,14,14,8,282
21.0,14,14,9,283
21.0,14,14,10,285
21.0,14,14,11,286
21.0,14,14,12,287
21.0,14,14,13,288
21.0,14,14,14,290
21.0,14,14,15,291
21.0,14,15,0,273
21.0,14,15,1,274
21.0,14,15,2,276
21.0,14,15,3,277
21.0,14,15,4,278
21.0,14,15,5,280
21.0,14,15,6,281
21.0,14,15,7,282
21.0,14,15,8,284
21.0,14,15,9,285
21.0,14,15,10,286
21.0,14,15,11,287
21.0,14,15,12,289
21.0,14,15,13,290
21.0,14,15,14,291
21.0,14,15,15,292
21.0,15,0,0,255
21.0,15,0,1,256
21.0,15,0,2,257
21.0,15,0,3,258
21.0,15,0,4,260
21.0,15,0,5,261
21.0,15,0,6,262
21.0,15,0,7,263
21.0,15,0,8,264
21.0,15,0,9,266
21.0,15,0,10,267
21.0,15,0,11,268
21.0,15,0,12,269
21.0,15,0,13,270
21.0,15,0,14,272
21.0,15,0,15,273
21.0,15,1,0,256
21.0,15,1,1,257
21.0,15,1,2,259
21.0,15,1,3,260
21.0,15,1,4,261
21.0,15,1,5,262
21.0,15,1,6,264
21.0,15,1,7,265
21.0,15,1,8,266
21.0,15,1,9,267
21.0,15,1,10,268
21.0,15,1,11,270
21.0,15,1,12,271
21.0,15,1,13,272
21.0,15,1,14,273
21.0,15,1,15,274
21.0,15,2,0,258
21.0,15,2,1,259
21.0,15,2,2,260
21.0,15,2,3,261
21.0,15,2,4,263
21.0,15,2,5,264
21.0,15,2,6,265
21.0,15,2,7,266
21.0,15,2,8,268
21.0,15,2,9,269
21.0,15,2,10,270
21.0,15,2,11,271
21.0,15,2,12,272
21.0,15,2,13,274
21.0,15,2,14,275
21.0,15,2,15,276
21.0,15,3,0,259
21.0,15,3,1,260
21.0,15,3,2,262
21.0,15,3,3,263
21.0,15,3,4,264
21.0,15,3,5,266
21.0,15,3,6,267
21.0,15,3,7,268
21.0,15,3,8,269
21.0,15,3,9,270
21.0,15,3,10,272
21.0,15,3,11,273
21.0,15,3,12,274
21.0,15,3,13,275
21.0,15,3,14,276
21.0,15,3,15,278
21.0,15,4,0,261
21.0,15,4,1,262
21.0,15,4,2,263
21.0,15,4,3,265
21.0,15,4,4,266
21.0,15,4,5,267
21.0,15,4,6,268
21.0,15,4,7,270
21.0,15,4,8,271
21.0,15,4,9,272
21.0,15,4,10,273
21.0,15,4,11,274
21.0,15,4,12,276
21.0,15,4,13,277
21.0,15,4,14,278
21.0,15,4,15,279
21.0,15,5,0,262
21.0,15,5,1,264
21.0,15,5,2,265
21.0,15,5,3,266
21.0,15,5,4,267
21.0,15,5,5,269
21.0,15,5,6,270
21.0,15,5,7,271
21.0,15,5,8,272
21.0,15,5,9,274
21.0,15,5,10,275
21.0,15,5,11,276
21.0,15,5,12,277
21.0,15,5,13,278
21.0,15,5,14,280
21.0,15,5,15,281
21.0,15,6,0,264
21.0,15,6,1,265
21.0,15,6,2,266
21.0,15,6,3,268
21.0,15,6,4,269
21.0,15,6,5,270
21.0,15,6,6,271
21.0,15,6,7,273
21.0,15,6,8,274
21.0,15,6,9,275
21.0,15,6,10,276
21.0,15,6,11,278
21.0,15,6,12,279
21.0,15,6,13,280
21.0,15,6,14,281
21.0,15,6,15,282
21.0,15,7,0,265
21.0,15,7,1,266
21.0,15,7,2,268
21.0,15,7,3,269
21.0,15,7,4,270
21.0,15,7,5,272
21.0,15,7,6,273
21.0,15,7,7,274
21.0,15,7,8,275
21.0,15,7,9,277
21.0,15,7,10,278
21.0,15,7,11,279
21.0,15,7,12,280
21.0,15,7,13,282
21.0,15,7,14,283
21.0,15,7,15,284
21.0,15,8,0,267
21.0,15,8,1,268
21.0,15,8,2,269
21.0,15,8,3,271
21.0,15,8,4,272
21.0,15,8,5,273
21.0,15,8,6,274
21.0,15,8,7,276
21.0,15,8,8,277
21.0,15,8,9,278
21.0,15,8,10,279
21.0,15,8,11,281
21.0,15,8,12,282
21.0,15,8,13,283
21.0,15,8,14,284
21.0,15,8,15,286
21.0,15,9,0,268
21.0,15,9,1,269
21.0,15,9,2,271
21.0,15,9,3,272
21.0,15,9,4,273
21.0,15,9,5,275
21.0,15,9,6,276
21.0,15,9,7,277
21.0,15,9,8,278
21.0,15,9,9,280
21.0,15,9,10,281
21.0,15,9,11,282
21.0,15,9,12,283
21.0,15,9,13,285
21.0,15,9,14,286
21.0,15,9,15,287
21.0,15,10,0,270
21.0,15,10,1,271
21.0,15,10,2,272
21.0,15,10,3,274
21.0,15,10,4,275
21.0,15,10,5,276
21.0,15,10,6,277
21.0,15,10,7,279
21.0,15,10,8,280
21.0,15,10,9,281
21.0,15,10,10,283
21.0,15,10,11,284
21.0,15,10,12,285
21.0,15,10,13,286
21.0,15,10,14,288
21.0,15,10,15,289
21.0,15,11,0,271
21.0,15,11,1,272
21.0,15,11,2,274
21.0,15,11,3,275
21.0,15,11,4,276
21.0,15,11,5,278
21.0,15,11,6,279
21.0,15,11,7,280
21.0,15,11,8,281
21.0,15,11,9,283
21.0,15,11,10,284
21.0,15,11,11,285
21.0,15,11,12,287
21.0,15,11,13,288
21.0,15,11,14,289
21.0,15,11,15,290
21.0,15,12,0,272
21.0,15,12,1,274
21.0,15,12,2,275
21.0,15,12,3,276
21.0,15,12,4,278
21.0,15,12,5,279
21.0,15,12,6,280
21.0,15,12,7,282
21.0,15,12,8,283
21.0,15,12,9,284
21.0,15,12,10,286
21.0,15,12,11,287
21.0,15,12,12,288
21.0,15,12,13,289
21.0,15,12,14,291
21.0,15,12,15,292
21.0,15,13,0,274
21.0,15,13,1,275
21.0,15,13,2,277
21.0,15,13,3,278
21.0,15,13,4,279
21.0,15,13,5,281
21.0,15,13,6,282
21.0,15,13,7,283
21.0,15,13,8,284
21.0,15,13,9,286
21.0,15,13,10,287
21.0,15,13,11,288
21.0,15,13,12,290
21.0,15,13,13,291
21.0,15,13,14,292
21.0,15,13,15,293
21.0,15,14,0,275
21.0,15,14,1,277
21.0,15,14,2,278
21.0,15,14,3,279
21.0,15,14,4,281
21.0,15,14,5,282
21.0,15,14,6,283
21.0,15,14,7,285
21.0,15,14,8,286
21.0,15,14,9,287
21.0,15,14,10,289
21.0,15,14,11,290
21.0,15,14,12,291
21.0,15,14,13,292
21.0,15,14,14,294
21.0,15,14,15,295
21.0,15,15,0,277
21.0,15,15,1,278
21.0,15,15,2,279
21.0,15,15,3,281
21.0,15,15,4,282
21.0,15,15,5,283
21.0,15,15,6,285
21.0,15,15,7,286
21.0,15,15,8,287
21.0,15,15,9,289
21.0,15,15,10,290
21.0,15,15,11,291
21.0,15,15,12,293
21.0,15,15,13,294
21.0,15,15,14,295
21.0,15,15,15,296
21.5,0,0,0,208
21.5,0,0,1,209
21.5,0,0,2,210
21.5,0,0,3,211
21.5,0,0,4,212
21.5,0,0,5,213
21.5,0,0,6,214
21.5,0,0,7,215
21.5,0,0,8,216
21.5,0,0,9,217
21.5,0,0,10,218
21.5,0,0,11,219
21.5,0,0,12,220
21.5,0,0,13,221
21.5,0,0,14,222
21.5,0,0,15,223
21.5,0,1,0,209
21.5,0,1,1,210
21.5,0,1,2,211
21.5,0,1,3,212
21.5,0,1,4,213
21.5,0,1,5,214
21.5,0,1,6,215
21.5,0,1,7,216
21.5,0,1,8,217
21.5,0,1,9,218
21.5,0,1,10,219
21.5,0,1,11,220
21.5,0,1,12,221
21.5,0,1,13,222
21.5,0,1,14,223
21.5,0,1,15,224
21.5,0,2,0,210
21.5,0,2,1,211
21.5,0,2,2,212
21.5,0,2,3,213
21.5,0,2,4,214
21.5,0,2,5,215
21.5,0,2,6,216
21.5,0,2,7,217
21.5,0,2,8,218
21.5,0,2,9,219
21.5,0,2,10,220
21.5,0,2,11,221
21.5,0,2,12,222
21.5,0,2,13,223
21.5,0,2,14,224
21.5,0,2,15,225
21.5,0,3,0,212
21.5,0,3,1,213
21.5,0,3,2,214
21.5,0,3,3,215
21.5,0,3,4,216
21.5,0,3,5,217
21.5,0,3,6,218
21.5,0,3,7,219
21.5,0,3,8,220
21.5,0,3,9,221
21.5,0,3,10,222
21.5,0,3,11,223
21.5,0,3,12,224
21.5,0,3,13,225
21.5,0,3,14,226
21.5,0,3,15,227
21.5,0,4,0,213
21.5,0,4,1,214
21.5,0,4,2,215
21.5,0,4,3,216
21.5,0,4,4,217
21.5,0,4,5,218
21.5,0,4,6,219
21.5,0,4,7,220
21.5,0,4,8,221
21.5,0,4,9,222
21.5,0,4,10,223
21.5,0,4,11,224
21.5,0,4,12,225
21.5,0,4,13,226
21.5,0,4,14,227
21.5,0,4,15,228
21.5,0,5,0,214
21.5,0,5,1,215
21.5,0,5,2,216
21.5,0,5,3,217
21.5,0,5,4,218
21.5,0,5,5,219
21.5,0,5,6,220
21.5,0,5,7,221
21.5,0,5,8,222
21.5,0,5,9,223
21.5,0,5,10,224
21.5,0,5,11,225
21.5,0,5,12,226
21.5,0,5,13,227
21.5,0,5,14,228
21.5,0,5,15,229
21.5,0,6,0,215
21.5,0,6,1,216
21.5,0,6,2,217
21.5,0,6,3,218
21.5,0,6,4,219
21.5,0,6,5,220
21.5,0,6,6,221
21.5,0,6,7,222
21.5,0,6,8,223
21.5,0,6,9,224
21.5,0,6,10,225
21.5,0,6,11,227
21.5,0,6,12,228
21.5,0,6,13,229
21.5,0,6,14,229
21.5,0,6,15,230
21.5,0,7,0,216
21.5,0,7,1,217
21.5,0,7,2,218
21.5,0,7,3,220
21.5,0,7,4,221
21.5,0,7,5,222
21.5,0,7,6,223
21.5,0,7,7,224
21.5,0,7,8,225
21.5,0,7,9,226
21.5,0,7,10,227
21.5,0,7,11,228
21.5,0,7,12,229
21.5,0,7,13,230
21.5,0,7,14,231
21.5,0,7,15,232
21.5,0,8,0,218
21.5,0,8,1,219
21.5,0,8,2,220
21.5,0,8,3,221
21.5,0,8,4,222
21.5,0,8,5,223
21.5,0,8,6,224
21.5,0,8,7,225
21.5,0,8,8,226
21.5,0,8,9,227
21.5,0,8,10,228
21.5,0,8,11,229
21.5,0,8,12,230
21.5,0,8,13,231
21.5,0,8,14,232
21.5,0,8,15,233
21.5,0,9,0,219
21.5,0,9,1,220
21.5,0,9,2,221
21.5,0,9,3,222
21.5,0,9,4,223
21.5,0,9,5,224
21.5,0,9,6,225
21.5,0,9,7,226
21.5,0,9,8,227
21.5,0,9,9,228
21.5,0,9,10,229
21.5,0,9,11,230
21.5,0,9,12,231
21.5,0,9,13,232
21.5,0,9,14,233
21.5,0,9,15,234
21.5,0,10,0,220
21.5,0,10,1,221
21.5,0,10,2,222
21.5,0,10,3,223
21.5,0,10,4,224
21.5,0,10,5,225
21.5,0,10,6,226
21.5,0,10,7,227
21.5,0,10,8,228
21.5,0,10,9,229
21.5,0,10,10,231
21.5,0,10,11,232
21.5,0,10,12,233
21.5,0,10,13,234
21.5,0,10,14,235
21.5,0,10,15,236
21.5,0,11,0,221
21.5,0,11,1,222
21.5,0,11,2,223
21.5,0,11,3,224
21.5,0,11,4,225
21.5,0,11,5,227
21.5,0,11,6,228
21.5,0,11,7,229
21.5,0,11,8,230
21.5,0,11,9,231
21.5,0,11,10,232
21.5,0,11,11,233
21.5,0,11,12,234
21.5,0,11,13,235
21.5,0,11,14,236
21.5,0,11,15,237
21.5,0,12,0,222
21.5,0,12,1,223
21.5,0,12,2,224
21.5,0,12,3,226
21.5,0,12,4,227
21.5,0,12,5,228
21.5,0,12,6,229
21.5,0,12,7,230
21.5,0,12,8,231
21.5,0,12,9,232
21.5,0,12,10,233
21.5,0,12,11,234
21.5,0,12,12,235
21.5,0,12,13,236
21.5,0,12,14,237
21.5,0,12,15,238
21.5,0,13,0,223
21.5,0,13,1,225
21.5,0,13,2,226
21.5,0,13,3,227
21.5,0,13,4,228
21.5,0,13,5,229
21.5,0,13,6,230
21.5,0,13,7,231
21.5,0,13,8,232
21.5,0,13,9,233
21.5,0,13,10,234
21.5,0,13,11,235
21.5,0,13,12,236
21.5,0,13,13,237
21.5,0,13,14,238
21.5,0,13,15,239
21.5,0,14,0,225
21.5,0,14,1,226
21.5,0,14,2,227
21.5,0,14,3,228
21.5,0,14,4,229
21.5,0,14,5,230
21.5,0,14,6,231
21.5,0,14,7,232
21.5,0,14,8,233
21.5,0,14,9,234
21.5,0,14,10,235
21.5,0,14,11,236
21.5,0,14,12,238
21.5,0,14,13,239
21.5,0,14,14,240
21.5,0,14,15,241
21.5,0,15,0,226
21.5,0,15,1,227
21.5,0,15,2,228
21.5,0,15,3,229
21.5,0,15,4,230
21.5,0,15,5,231
21.5,0,15,6,232
21.5,0,15,7,233
21.5,0,15,8,235
21.5,0,15,9,236
21.5,0,15,10,237
21.5,0,15,11,238
21.5,0,15,12,239
21.5,0,15,13,240
21.5,0,15,14,241
21.5,0,15,15,242
21.5,1,0,0,211
21.5,1,0,1,212
21.5,1,0,2,213
21.5,1,0,3,214
21.5,1,0,4,215
21.5,1,0,5,216
21.5,1,0,6,217
21.5,1,0,7,218
21.5,1,0,8,219
21.5,1,0,9,220
21.5,1,0,10,221
21.5,1,0,11,222
21.5,1,0,12,223
21.5,1,0,13,224
21.5,1,0,14,225
21.5,1,0,15,226
21.5,1,1,0,213
21.5,1,1,1,214
21.5,1,1,2,215
21.5,1,1,3,216
21.5,1,1,4,217
21.5,1,1,5,218
21.5,1,1,6,219
21.5,1,1,7,220
21.5,1,1,8,221
21.5,1,1,9,222
21.5,1,1,10,223
21.5,1,1,11,224
21.5,1,1,12,225
21.5,1,1,13,226
21.5,1,1,14,227
21.5,1,1,15,228
21.5,1,2,0,214
21.5,1,2,1,215
21.5,1,2,2,216
21.5,1,2,3,217
21.5,1,2,4,218
21.5,1,2,5,219
21.5,1,2,6,220
21.5,1,2,7,221
21.5,1,2,8,222
21.5,1,2,9,223
21.5,1,2,10,224
21.5,1,2,11,225
21.5,1,2,12,226
21.5,1,2,13,227
21.5,1,2,14,228
21.5,1,2,15,229
21.5,1,3,0,215
21.5,1,3,1,216
21.5,1,3,2,217
21.5,1,3,3,218
21.5,1,3,4,219
21.5,1,3,5,220
21.5,1,3,6,221
21.5,1,3,7,222
21.5,1,3,8,223
21.5,1,3,9,224
21.5,1,3,10,225
21.5,1,3,11,226
21.5,1,3,12,227
21.5,1,3,13,228
21.5,1,3,14,229
21.5,1,3,15,230
21.5,1,4,0,216
21.5,1,4,1,217
21.5,1,4,2,218
21.5,1,4,3,220
21.5,1,4,4,221
21.5,1,4,5,222
21.5,1,4,6,223
21.5,1,4,7,224
21.5,1,4,8,225
21.5,1,4,9,226
21.5,1,4,10,227
21.5,1,4,11,228
21.5,1,4,12,229
21.5,1,4,13,230
21.5,1,4,14,231
21.5,1,4,15,232
21.5,1,5,0,218
21.5,1,5,1,219
21.5,1,5,2,220
21.5,1,5,3,221
21.5,1,5,4,222
21.5,1,5,5,223
21.5,1,5,6,224
21.5,1,5,7,225
21.5,1,5,8,226
21.5,1,5,9,227
21.5,1,5,10,228
21.5,1,5,11,229
21.5,1,5,12,230
21.5,1,5,13,231
21.5,1,5,14,232
21.5,1,5,15,233
21.5,1,6,0,219
21.5,1,6,1,220
21.5,1,6,2,221
21.5,1,6,3,222
21.5,1,6,4,223
21.5,1,6,5,224
21.5,1,6,6,225
21.5,1,6,7,226
21.5,1,6,8,227
21.5,1,6,9,228
21.5,1,6,10,229
21.5,1,6,11,230
21.5,1,6,12,231
21.5,1,6,13,232
21.5,1,6,14,233
21.5,1,6,15,234
21.5,1,7,0,220
21.5,1,7,1,221
21.5,1,7,2,222
21.5,1,7,3,223
21.5,1,7,4,224
21.5,1,7,5,225
21.5,1,7,6,226
21.5,1,7,7,227
21.5,1,7,8,229
21.5,1,7,9,230
21.5,1,7,10,231
21.5,1,7,11,232
21.5,1,7,12,233
21.5,1,7,13,234
21.5,1,7,14,235
21.5,1,7,15,236
21.5,1,8,0,221
21.5,1,8,1,222
21.5,1,8,2,223
21.5,1,8,3,225
21.5,1,8,4,226
21.5,1,8,5,227
21.5,1,8,6,228
21.5,1,8,7,229
21.5,1,8,8,230
21.5,1,8,9,231
21.5,1,8,10,232
21.5,1,8,11,233
21.5,1,8,12,234
21.5,1,8,13,235
21.5,1,8,14,236
21.5,1,8,15,237
21.5,1,9,0,222
21.5,1,9,1,224
21.5,1,9,2,225
21.5,1,9,3,226
21.5,1,9,4,227
21.5,1,9,5,228
21.5,1,9,6,229
21.5,1,9,7,230
21.5,1,9,8,231
21.5,1,9,9,232
21.5,1,9,10,233
21.5,1,9,11,234
21.5,1,9,12,235
21.5,1,9,13,236
21.5,1,9,14,237
21.5,1,9,15,238
21.5,1,10,0,224
21.5,1,10,1,225
21.5,1,10,2,226
21.5,1,10,3,227
21.5,1,10,4,228
21.5,1,10,5,229
21.5,1,10,6,230
21.5,1,10,7,231
21.5,1,10,8,232
21.5,1,10,9,233
21.5,1,10,10,234
21.5,1,10,11,235
21.5,1,10,12,237
21.5,1,10,13,238
21.5,1,10,14,239
21.5,1,10,15,240
21.5,1,11,0,225
21.5,1,11,1,226
21.5,1,11,2,227
21.5,1,11,3,228
21.5,1,11,4,229
21.5,1,11,5,230
21.5,1,11,6,231
21.5,1,11,7,233
21.5,1,11,8,234
21.5,1,11,9,235
21.5,1,11,10,236
21.5,1,11,11,237
21.5,1,11,12,238
21.5,1,11,13,239
21.5,1,11,14,240
21.5,1,11,15,241
21.5,1,12,0,226
21.5,1,12,1,227
21.5,1,12,2,228
21.5,1,12,3,229
21.5,1,12,4,231
21.5,1,12,5,232
21.5,1,12,6,233
21.5,1,12,7,234
21.5,1,12,8,235
21.5,1,12,9,236
21.5,1,12,10,237
21.5,1,12,11,238
21.5,1,12,12,239
21.5,1,12,13,240
21.5,1,12,14,241
21.5,1,12,15,242
21.5,1,13,0,227
21.5,1,13,1,228
21.5,1,13,2,230
21.5,1,13,3,231
21.5,1,13,4,232
21.5,1,13,5,233
21.5,1,13,6,234
21.5,1,13,7,235
21.5,1,13,8,236
21.5,1,13,9,237
21.5,1,13,10,238
21.5,1,13,11,239
21.5,1,13,12,240
21.5,1,13,13,241
21.5,1,13,14,242
21.5,1,13,15,243
21.5,1,14,0,228
21.5,1,14,1,230
21.5,1,14,2,231
21.5,1,14,3,232
21.5,1,14,4,233
21.5,1,14,5,234
21.5,1,14,6,235
21.5,1,14,7,236
21.5,1,14,8,237
21.5,1,14,9,238
21.5,1,14,10,239
21.5,1,14,11,241
21.5,1,14,12,242
21.5,1,14,13,243
21.5,1,14,14,244
21.5,1,14,15,245
21.5,1,15,0,230
21.5,1,15,1,231
21.5,1,15,2,232
21.5,1,15,3,233
21.5,1,15,4,234
21.5,1,15,5,235
21.5,1,15,6,236
21.5,1,15,7,237
21.5,1,15,8,239
21.5,1,15,9,240
21.5,1,15,10,241
21.5,1,15,11,242
21.5,1,15,12,243
21.5,1,15,13,244
21.5,1,15,14,245
21.5,1,15,15,246
21.5,2,0,0,215
21.5,2,0,1,216
21.5,2,0,2,217
21.5,2,0,3,218
21.5,2,0,4,219
21.5,2,0,5,220
21.5,2,0,6,221
21.5,2,0,7,222
21.5,2,0,8,223
21.5,2,0,9,224
21.5,2,0,10,225
21.5,2,0,11,226
21.5,2,0,12,227
21.5,2,0,13,228
21.5,2,0,14,229
21.5,2,0,15,230
21.5,2,1,0,216
21.5,2,1,1,217
21.5,2,1,2,218
21.5,2,1,3,219
21.5,2,1,4,220
21.5,2,1,5,221
21.5,2,1,6,222
21.5,2,1,7,223
21.5,2,1,8,224
21.5,2,1,9,225
21.5,2,1,10,227
21.5,2,1,11,228
21.5,2,1,12,229
21.5,2,1,13,230
21.5,2,1,14,231
21.5,2,1,15,232
21.5,2,2,0,217
21.5,2,2,1,218
21.5,2,2,2,220
21.5,2,2,3,221
21.5,2,2,4,222
21.5,2,2,5,223
21.5,2,2,6,224
21.5,2,2,7,225
21.5,2,2,8,226
21.5,2,2,9,227
21.5,2,2,10,228
21.5,2,2,11,229
21.5,2,2,12,230
21.5,2,2,13,231
21.5,2,2,14,232
21.5,2,2,15,233
21.5,2,3,0,219
21.5,2,3,1,220
21.5,2,3,2,221
21.5,2,3,3,222
21.5,2,3,4,223
21.5,2,3,5,224
21.5,2,3,6,225
21.5,2,3,7,226
21.5,2,3,8,227
21.5,2,3,9,228
21.5,2,3,10,229
21.5,2,3,11,230
21.5,2,3,12,231
21.5,2,3,13,232
21.5,2,3,14,233
21.5,2,3,15,234
21.5,2,4,0,220
21.5,2,4,1,221
21.5,2,4,2,222
21.5,2,4,3,223
21.5,2,4,4,224
21.5,2,4,5,225
21.5,2,4,6,226
21.5,2,4,7,227
21.5,2,4,8,228
21.5,2,4,9,229
21.5,2,4,10,231
21.5,2,4,11,232
21.5,2,4,12,233
21.5,2,4,13,234
21.5,2,4,14,235
21.5,2,4,15,236
21.5,2,5,0,221
21.5,2,5,1,222
21.5,2,5,2,223
21.5,2,5,3,224
21.5,2,5,4,226
21.5,2,5,5,227
21.5,2,5,6,228
21.5,2,5,7,229
21.5,2,5,8,230
21.5,2,5,9,231
21.5,2,5,10,232
21.5,2,5,11,233
21.5,2,5,12,234
21.5,2,5,13,235
21.5,2,5,14,236
21.5,2,5,15,237
21.5,2,6,0,222
21.5,2,6,1,224
21.5,2,6,2,225
21.5,2,6,3,226
21.5,2,6,4,227
21.5,2,6,5,228
21.5,2,6,6,229
21.5,2,6,7,230
21.5,2,6,8,231
21.5,2,6,9,232
21.5,2,6,10,233
21.5,2,6,11,234
21.5,2,6,12,235
21.5,2,6,13,236
21.5,2,6,14,237
21.5,2,6,15,238
21.5,2,7,0,224
21.5,2,7,1,225
21.5,2,7,2,226
21.5,2,7,3,227
21.5,2,7,4,228
21.5,2,7,5,229
21.5,2,7,6,230
21.5,2,7,7,231
21.5,2,7,8,232
21.5,2,7,9,233
21.5,2,7,10,234
21.5,2,7,11,236
21.5,2,7,12,237
21.5,2,7,13,238
21.5,2,7,14,239
21.5,2,7,15,240
21.5,2,8,0,225
21.5,2,8,1,226
21.5,2,8,2,227
21.5,2,8,3,228
21.5,2,8,4,229
21.5,2,8,5,230
21.5,2,8,6,232
21.5,2,8,7,233
21.5,2,8,8,234
21.5,2,8,9,235
21.5,2,8,10,236
21.5,2,8,11,237
21.5,2,8,12,238
21.5,2,8,13,239
21.5,2,8,14,240
21.5,2,8,15,241
21.5,2,9,0,226
21.5,2,9,1,227
21.5,2,9,2,228
21.5,2,9,3,230
21.5,2,9,4,231
21.5,2,9,5,232
21.5,2,9,6,233
21.5,2,9,7,234
21.5,2,9,8,235
21.5,2,9,9,236
21.5,2,9,10,237
21.5,2,9,11,238
21.5,2,9,12,239
21.5,2,9,13,240
21.5,2,9,14,241
21.5,2,9,15,242
21.5,2,10,0,227
21.5,2,10,1,229
21.5,2,10,2,230
21.5,2,10,3,231
21.5,2,10,4,232
21.5,2,10,5,233
21.5,2,10,6,234
21.5,2,10,7,235
21.5,2,10,8,236
21.5,2,10,9,237
21.5,2,10,10,238
21.5,2,10,11,239
21.5,2,10,12,240
21.5,2,10,13,242
21.5,2,10,14,243
21.5,2,10,15,244
21.5,2,11,0,229
21.5,2,11,1,230
21.5,2,11,2,231
21.5,2,11,3,232
21.5,2,11,4,233
21.5,2,11,5,234
21.5,2,11,6,235
21.5,2,11,7,236
21.5,2,11,8,237
21.5,2,11,9,239
21.5,2,11,10,240
21.5,2,11,11,241
21.5,2,11,12,242
21.5,2,11,13,243
21.5,2,11,14,244
21.5,2,11,15,245
21.5,2,12,0,230
21.5,2,12,1,231
21.5,2,12,2,232
21.5,2,12,3,233
21.5,2,12,4,234
21.5,2,12,5,235
21.5,2,12,6,237
21.5,2,12,7,238
21.5,2,12,8,239
21.5,2,12,9,240
21.5,2,12,10,241
21.5,2,12,11,242
21.5,2,12,12,243
21.5,2,12,13,244
21.5,2,12,14,245
21.5,2,12,15,246
21.5,2,13,0,231
21.5,2,13,1,232
21.5,2,13,2,233
21.5,2,13,3,234
21.5,2,13,4,236
21.5,2,13,5,237
21.5,2,13,6,238
21.5,2,13,7,239
21.5,2,13,8,240
21.5,2,13,9,241
21.5,2,13,10,242
21.5,2,13,11,243
21.5,2,13,12,244
21.5,2,13,13,245
21.5,2,13,14,246
21.5,2,13,15,248
21.5,2,14,0,232
21.5,2,14,1,233
21.5,2,14,2,235
21.5,2,14,3,236
21.5,2,14,4,237
21.5,2,14,5,238
21.5,2,14,6,239
21.5,2,14,7,240
21.5,2,14,8,241
21.5,2,14,9,242
21.5,2,14,10,243
21.5,2,14,11,245
21.5,2,14,12,246
21.5,2,14,13,247
21.5,2,14,14,248
21.5,2,14,15,249
21.5,2,15,0,233
21.5,2,15,1,235
21.5,2,15,2,236
21.5,2,15,3,237
21.5,2,15,4,238
21.5,2,15,5,239
21.5,2,15,6,240
21.5,2,15,7,241
21.5,2,15,8,242
21.5,2,15,9,244
21.5,2,15,10,245
21.5,2,15,11,246
21.5,2,15,12,247
21.5,2,15,13,248
21.5,2,15,14,249
21.5,2,15,15,250
21.5,3,0,0,218
21.5,3,0,1,219
21.5,3,0,2,221
21.5,3,0,3,222
21.5,3,0,4,223
21.5,3,0,5,224
21.5,3,0,6,225
21.5,3,0,7,226
21.5,3,0,8,227
21.5,3,0,9,228
21.5,3,0,10,229
21.5,3,0,11,230
21.5,3,0,12,231
21.5,3,0,13,232
21.5,3,0,14,233
21.5,3,0,15,234
21.5,3,1,0,220
21.5,3,1,1,221
21.5,3,1,2,222
21.5,3,1,3,223
21.5,3,1,4,224
21.5,3,1,5,225
21.5,3,1,6,226
21.5,3,1,7,227
21.5,3,1,8,228
21.5,3,1,9,229
21.5,3,1,10,230
21.5,3,1,11,231
21.5,3,1,12,232
21.5,3,1,13,233
21.5,3,1,14,234
21.5,3,1,15,235
21.5,3,2,0,221
21.5,3,2,1,222
21.5,3,2,2,223
21.5,3,2,3,224
21.5,3,2,4,225
21.5,3,2,5,226
21.5,3,2,6,227
21.5,3,2,7,228
21.5,3,2,8,230
21.5,3,2,9,231
21.5,3,2,10,232
21.5,3,2,11,233
21.5,3,2,12,234
21.5,3,2,13,235
21.5,3,2,14,236
21.5,3,2,15,237
21.5,3,3,0,222
21.5,3,3,1,223
21.5,3,3,2,224
21.5,3,3,3,226
21.5,3,3,4,227
21.5,3,3,5,228
21.5,3,3,6,229
21.5,3,3,7,230
21.5,3,3,8,231
21.5,3,3,9,232
21.5,3,3,10,233
21.5,3,3,11,234
21.5,3,3,12,235
21.5,3,3,13,236
21.5,3,3,14,237
21.5,3,3,15,238
21.5,3,4,0,224
21.5,3,4,1,225
21.5,3,4,2,226
21.5,3,4,3,227
21.5,3,4,4,228
21.5,3,4,5,229
21.5,3,4,6,230
21.5,3,4,7,231
21.5,3,4,8,232
21.5,3,4,9,233
21.5,3,4,10,234
21.5,3,4,11,235
21.5,3,4,12,236
21.5,3,4,13,237
21.5,3,4,14,238
21.5,3,4,15,239
21.5,3,5,0,225
21.5,3,5,1,226
21.5,3,5,2,227
21.5,3,5,3,228
21.5,3,5,4,229
21.5,3,5,5,230
21.5,3,5,6,231
21.5,3,5,7,232
21.5,3,5,8,234
21.5,3,5,9,235
21.5,3,5,10,236
21.5,3,5,11,237
21.5,3,5,12,238
21.5,3,5,13,239
21.5,3,5,14,240
21.5,3,5,15,241
21.5,3,6,0,226
21.5,3,6,1,227
21.5,3,6,2,228
21.5,3,6,3,229
21.5,3,6,4,231
21.5,3,6,5,232
21.5,3,6,6,233
21.5,3,6,7,234
21.5,3,6,8,235
21.5,3,6,9,236
21.5,3,6,10,237
21.5,3,6,11,238
21.5,3,6,12,239
21.5,3,6,13,240
21.5,3,6,14,241
21.5,3,6,15,242
21.5,3,7,0,227
21.5,3,7,1,229
21.5,3,7,2,230
21.5,3,7,3,231
21.5,3,7,4,232
21.5,3,7,5,233
21.5,3,7,6,234
21.5,3,7,7,235
21.5,3,7,8,236
21.5,3,7,9,237
21.5,3,7,10,238
21.5,3,7,11,239
21.5,3,7,12,240
21.5,3,7,13,241
21.5,3,7,14,243
21.5,3,7,15,244
21.5,3,8,0,229
21.5,3,8,1,230
21.5,3,8,2,231
21.5,3,8,3,232
21.5,3,8,4,233
21.5,3,8,5,234
21.5,3,8,6,235
21.5,3,8,7,236
21.5,3,8,8,237
21.5,3,8,9,239
21.5,3,8,10,240
21.5,3,8,11,241
21.5,3,8,12,242
21.5,3,8,13,243
21.5,3,8,14,244
21.5,3,8,15,245
21.5,3,9,0,230
21.5,3,9,1,231
21.5,3,9,2,232
21.5,3,9,3,233
21.5,3,9,4,234
21.5,3,9,5,236
21.5,3,9,6,237
21.5,3,9,7,238
21.5,3,9,8,239
21.5,3,9,9,240
21.5,3,9,10,241
21.5,3,9,11,242
21.5,3,9,12,243
21.5,3,9,13,244
21.5,3,9,14,245
21.5,3,9,15,246
21.5,3,10,0,231
21.5,3,10,1,232
21.5,3,10,2,233
21.5,3,10,3,235
21.5,3,10,4,236
21.5,3,10,5,237
21.5,3,10,6,238
21.5,3,10,7,239
21.5,3,10,8,240
21.5,3,10,9,241
21.5,3,10,10,242
21.5,3,10,11,243
21.5,3,10,12,244
21.5,3,10,13,245
21.5,3,10,14,247
21.5,3,10,15,248
21.5,3,11,0,232
21.5,3,11,1,234
21.5,3,11,2,235
21.5,3,11,3,236
21.5,3,11,4,237
21.5,3,11,5,238
21.5,3,11,6,239
21.5,3,11,7,240
21.5,3,11,8,241
21.5,3,11,9,242
21.5,3,11,10,244
21.5,3,11,11,245
21.5,3,11,12,246
21.5,3,11,13,247
21.5,3,11,14,248
21.5,3,11,15,249
21.5,3,12,0,234
21.5,3,12,1,235
21.5,3,12,2,236
21.5,3,12,3,237
21.5,3,12,4,238
21.5,3,12,5,239
21.5,3,12,6,240
21.5,3,12,7,242
21.5,3,12,8,243
21.5,3,12,9,244
21.5,3,12,10,245
21.5,3,12,11,246
21.5,3,12,12,247
21.5,3,12,13,248
21.5,3,12,14,249
21.5,3,12,15,250
21.5,3,13,0,235
21.5,3,13,1,236
21.5,3,13,2,237
21.5,3,13,3,238
21.5,3,13,4,239
21.5,3,13,5,241
21.5,3,13,6,242
21.5,3,13,7,243
21.5,3,13,8,244
21.5,3,13,9,245
21.5,3,13,10,246
21.5,3,13,11,247
21.5,3,13,12,248
21.5,3,13,13,249
21.5,3,13,14,251
21.5,3,13,15,252
21.5,3,14,0,236
21.5,3,14,1,237
21.5,3,14,2,238
21.5,3,14,3,240
21.5,3,14,4,241
21.5,3,14,5,242
21.5,3,14,6,243
21.5,3,14,7,244
21.5,3,14,8,245
21.5,3,14,9,246
21.5,3,14,10,247
21.5,3,14,11,249
21.5,3,14,12,250
21.5,3,14,13,251
21.5,3,14,14,252
21.5,3,14,15,253
21.5,3,15,0,237
21.5,3,15,1,238
21.5,3,15,2,240
21.5,3,15,3,241
21.5,3,15,4,242
21.5,3,15,5,243
21.5,3,15,6,244
21.5,3,15,7,245
21.5,3,15,8,246
21.5,3,15,9,248
21.5,3,15,10,249
21.5,3,15,11,250
21.5,3,15,12,251
21.5,3,15,13,252
21.5,3,15,14,253
21.5,3,15,15,254
21.5,4,0,0,222
21.5,4,0,1,223
21.5,4,0,2,224
21.5,4,0,3,225
21.5,4,0,4,226
21.5,4,0,5,227
21.5,4,0,6,228
21.5,4,0,7,229
21.5,4,0,8,230
21.5,4,0,9,232
21.5,4,0,10,233
21.5,4,0,11,234
21.5,4,0,12,235
21.5,4,0,13,236
21.5,4,0,14,237
21.5,4,0,15,238
21.5,4,1,0,223
21.5,4,1,1,224
21.5,4,1,2,225
21.5,4,1,3,226
21.5,4,1,4,228
21.5,4,1,5,229
21.5,4,1,6,230
21.5,4,1,7,231
21.5,4,1,8,232
21.5,4,1,9,233
21.5,4,1,10,234
21.5,4,1,11,235
21.5,4,1,12,236
21.5,4,1,13,237
21.5,4,1,14,238
21.5,4,1,15,239
21.5,4,2,0,225
21.5,4,2,1,226
21.5,4,2,2,227
21.5,4,2,3,228
21.5,4,2,4,229
21.5,4,2,5,230
21.5,4,2,6,231
21.5,4,2,7,232
21.5,4,2,8,233
21.5,4,2,9,234
21.5,4,2,10,235
21.5,4,2,11,236
21.5,4,2,12,237
21.5,4,2,13,238
21.5,4,2,14,240
21.5,4,2,15,241
21.5,4,3,0,226
21.5,4,3,1,227
21.5,4,3,2,228
21.5,4,3,3,229
21.5,4,3,4,230
21.5,4,3,5,231
21.5,4,3,6,232
21.5,4,3,7,234
21.5,4,3,8,235
21.5,4,3,9,236
21.5,4,3,10,237
21.5,4,3,11,238
21.5,4,3,12,239
21.5,4,3,13,240
21.5,4,3,14,241
21.5,4,3,15,242
21.5,4,4,0,227
21.5,4,4,1,228
21.5,4,4,2,229
21.5,4,4,3,231
21.5,4,4,4,232
21.5,4,4,5,233
21.5,4,4,6,234
21.5,4,4,7,235
21.5,4,4,8,236
21.5,4,4,9,237
21.5,4,4,10,238
21.5,4,4,11,239
21.5,4,4,12,240
21.5,4,4,13,241
21.5,4,4,14,242
21.5,4,4,15,243
21.5,4,5,0,228
21.5,4,5,1,230
21.5,4,5,2,231
21.5,4,5,3,232
21.5,4,5,4,233
21.5,4,5,5,234
21.5,4,5,6,235
21.5,4,5,7,236
21.5,4,5,8,237
21.5,4,5,9,238
21.5,4,5,10,239
21.5,4,5,11,241
21.5,4,5,12,242
21.5,4,5,13,243
21.5,4,5,14,244
21.5,4,5,15,245
21.5,4,6,0,230
21.5,4,6,1,231
21.5,4,6,2,232
21.5,4,6,3,233
21.5,4,6,4,234
21.5,4,6,5,235
21.5,4,6,6,236
21.5,4,6,7,238
21.5,4,6,8,239
21.5,4,6,9,240
21.5,4,6,10,241
21.5,4,6,11,242
21.5,4,6,12,243
21.5,4,6,13,244
21.5,4,6,14,245
21.5,4,6,15,246
21.5,4,7,0,231
21.5,4,7,1,232
21.5,4,7,2,233
21.5,4,7,3,234
21.5,4,7,4,236
21.5,4,7,5,237
21.5,4,7,6,238
21.5,4,7,7,239
21.5,4,7,8,240
21.5,4,7,9,241
21.5,4,7,10,242
21.5,4,7,11,243
21.5,4,7,12,244
21.5,4,7,13,245
21.5,4,7,14,246
21.5,4,7,15,248
21.5,4,8,0,232
21.5,4,8,1,234
21.5,4,8,2,235
21.5,4,8,3,236
21.5,4,8,4,237
21.5,4,8,5,238
21.5,4,8,6,239
21.5,4,8,7,240
21.5,4,8,8,241
21.5,4,8,9,242
21.5,4,8,10,244
21.5,4,8,11,245
21.5,4,8,12,246
21.5,4,8,13,247
21.5,4,8,14,248
21.5,4,8,15,249
21.5,4,9,0,234
21.5,4,9,1,235
21.5,4,9,2,236
21.5,4,9,3,237
21.5,4,9,4,238
21.5,4,9,5,239
21.5,4,9,6,240
21.5,4,9,7,242
21.5,4,9,8,243
21.5,4,9,9,244
21.5,4,9,10,245
21.5,4,9,11,246
21.5,4,9,12,247
21.5,4,9,13,248
21.5,4,9,14,249
21.5,4,9,15,250
21.5,4,10,0,235
21.5,4,10,1,236
21.5,4,10,2,237
21.5,4,10,3,238
21.5,4,10,4,239
21.5,4,10,5,241
21.5,4,10,6,242
21.5,4,10,7,243
21.5,4,10,8,244
21.5,4,10,9,245
21.5,4,10,10,246
21.5,4,10,11,247
21.5,4,10,12,248
21.5,4,10,13,249
21.5,4,10,14,251
21.5,4,10,15,252
21.5,4,11,0,236
21.5,4,11,1,237
21.5,4,11,2,238
21.5,4,11,3,240
21.5,4,11,4,241
21.5,4,11,5,242
21.5,4,11,6,243
21.5,4,11,7,244
21.5,4,11,8,245
21.5,4,11,9,246
21.5,4,11,10,248
21.5,4,11,11,249
21.5,4,11,12,250
21.5,4,11,13,251
21.5,4,11,14,252
21.5,4,11,15,253
21.5,4,12,0,237
21.5,4,12,1,239
21.5,4,12,2,240
21.5,4,12,3,241
21.5,4,12,4,242
21.5,4,12,5,243
21.5,4,12,6,244
21.5,4,12,7,245
21.5,4,12,8,247
21.5,4,12,9,248
21.5,4,12,10,249
21.5,4,12,11,250
21.5,4,12,12,251
21.5,4,12,13,252
21.5,4,12,14,253
21.5,4,12,15,254
21.5,4,13,0,239
21.5,4,13,1,240
21.5,4,13,2,241
21.5,4,13,3,242
21.5,4,13,4,243
21.5,4,13,5,244
21.5,4,13,6,246
21.5,4,13,7,247
21.5,4,13,8,248
21.5,4,13,9,249
21.5,4,13,10,250
21.5,4,13,11,251
21.5,4,13,12,252
21.5,4,13,13,253
21.5,4,13,14,255
21.5,4,13,15,256
21.5,4,14,0,240
21.5,4,14,1,241
21.5,4,14,2,242
21.5,4,14,3,243
21.5,4,14,4,245
21.5,4,14,5,246
21.5,4,14,6,247
21.5,4,14,7,248
21.5,4,14,8,249
21.5,4,14,9,250
21.5,4,14,10,251
21.5,4,14,11,253
21.5,4,14,12,254
21.5,4,14,13,255
21.5,4,14,14,256
21.5,4,14,15,257
21.5,4,15,0,241
21.5,4,15,1,242
21.5,4,15,2,244
21.5,4,15,3,245
21.5,4,15,4,246
21.5,4,15,5,247
21.5,4,15,6,248
21.5,4,15,7,249
21.5,4,15,8,250
21.5,4,15,9,252
21.5,4,15,10,253
21.5,4,15,11,254
21.5,4,15,12,255
21.5,4,15,13,256
21.5,4,15,14,257
21.5,4,15,15,258
21.5,5,0,0,225
21.5,5,0,1,227
21.5,5,0,2,228
21.5,5,0,3,229
21.5,5,0,4,230
21.5,5,0,5,231
21.5,5,0,6,232
21.5,5,0,7,233
21.5,5,0,8,234
21.5,5,0,9,235
21.5,5,0,10,236
21.5,5,0,11,237
21.5,5,0,12,238
21.5,5,0,13,239
21.5,5,0,14,240
21.5,5,0,15,241
21.5,5,1,0,227
21.5,5,1,1,228
21.5,5,1,2,229
21.5,5,1,3,230
21.5,5,1,4,231
21.5,5,1,5,232
21.5,5,1,6,233
21.5,5,1,7,234
21.5,5,1,8,236
21.5,5,1,9,237
21.5,5,1,10,238
21.5,5,1,11,239
21.5,5,1,12,240
21.5,5,1,13,241
21.5,5,1,14,242
21.5,5,1,15,243
21.5,5,2,0,228
21.5,5,2,1,229
21.5,5,2,2,230
21.5,5,2,3,231
21.5,5,2,4,233
21.5,5,2,5,234
21.5,5,2,6,235
21.5,5,2,7,236
21.5,5,2,8,237
21.5,5,2,9,238
21.5,5,2,10,239
21.5,5,2,11,240
21.5,5,2,12,241
21.5,5,2,13,242
21.5,5,2,14,243
21.5,5,2,15,244
21.5,5,3,0,229
21.5,5,3,1,231
21.5,5,3,2,232
21.5,5,3,3,233
21.5,5,3,4,234
21.5,5,3,5,235
21.5,5,3,6,236
21.5,5,3,7,237
21.5,5,3,8,238
21.5,5,3,9,239
21.5,5,3,10,240
21.5,5,3,11,242
21.5,5,3,12,243
21.5,5,3,13,244
21.5,5,3,14,245
21.5,5,3,15,246
21.5,5,4,0,231
21.5,5,4,1,232
21.5,5,4,2,233
21.5,5,4,3,234
21.5,5,4,4,235
21.5,5,4,5,236
21.5,5,4,6,238
21.5,5,4,7,239
21.5,5,4,8,240
21.5,5,4,9,241
21.5,5,4,10,242
21.5,5,4,11,243
21.5,5,4,12,244
21.5,5,4,13,245
21.5,5,4,14,246
21.5,5,4,15,247
21.5,5,5,0,232
21.5,5,5,1,233
21.5,5,5,2,234
21.5,5,5,3,236
21.5,5,5,4,237
21.5,5,5,5,238
21.5,5,5,6,239
21.5,5,5,7,240
21.5,5,5,8,241
21.5,5,5,9,242
21.5,5,5,10,243
21.5,5,5,11,244
21.5,5,5,12,245
21.5,5,5,13,247
21.5,5,5,14,248
21.5,5,5,15,249
21.5,5,6,0,233
21.5,5,6,1,235
21.5,5,6,2,236
21.5,5,6,3,237
21.5,5,6,4,238
21.5,5,6,5,239
21.5,5,6,6,240
21.5,5,6,7,241
21.5,5,6,8,242
21.5,5,6,9,244
21.5,5,6,10,245
21.5,5,6,11,246
21.5,5,6,12,247
21.5,5,6,13,248
21.5,5,6,14,249
21.5,5,6,15,250
21.5,5,7,0,235
21.5,5,7,1,236
21.5,5,7,2,237
21.5,5,7,3,238
21.5,5,7,4,239
21.5,5,7,5,240
21.5,5,7,6,242
21.5,5,7,7,243
21.5,5,7,8,244
21.5,5,7,9,245
21.5,5,7,10,246
21.5,5,7,11,247
21.5,5,7,12,248
21.5,5,7,13,249
21.5,5,7,14,250
21.5,5,7,15,251
21.5,5,8,0,236
21.5,5,8,1,237
21.5,5,8,2,238
21.5,5,8,3,240
21.5,5,8,4,241
21.5,5,8,5,242
21.5,5,8,6,243
21.5,5,8,7,244
21.5,5,8,8,245
21.5,5,8,9,246
21.5,5,8,10,247
21.5,5,8,11,248
21.5,5,8,12,250
21.5,5,8,13,251
21.5,5,8,14,252
21.5,5,8,15,253
21.5,5,9,0,237
21.5,5,9,1,239
21.5,5,9,2,240
21.5,5,9,3,241
21.5,5,9,4,242
21.5,5,9,5,243
21.5,5,9,6,244
21.5,5,9,7,245
21.5,5,9,8,247
21.5,5,9,9,248
21.5,5,9,10,249
21.5,5,9,11,250
21.5,5,9,12,251
21.5,5,9,13,252
21.5,5,9,14,253
21.5,5,9,15,254
21.5,5,10,0,239
21.5,5,10,1,240
21.5,5,10,2,241
21.5,5,10,3,242
21.5,5,10,4,243
21.5,5,10,5,244
21.5,5,10,6,246
21.5,5,10,7,247
21.5,5,10,8,248
21.5,5,10,9,249
21.5,5,10,10,250
21.5,5,10,11,251
21.5,5,10,12,252
21.5,5,10,13,253
21.5,5,10,14,255
21.5,5,10,15,256
21.5,5,11,0,240
21.5,5,11,1,241
21.5,5,11,2,242
21.5,5,11,3,243
21.5,5,11,4,245
21.5,5,11,5,246
21.5,5,11,6,247
21.5,5,11,7,248
21.5,5,11,8,249
21.5,5,11,9,250
21.5,5,11,10,251
21.5,5,11,11,253
21.5,5,11,12,254
21.5,5,11,13,255
21.5,5,11,14,256
21.5,5,11,15,257
21.5,5,12,0,241
21.5,5,12,1,242
21.5,5,12,2,244
21.5,5,12,3,245
21.5,5,12,4,246
21.5,5,12,5,247
21.5,5,12,6,248
21.5,5,12,7,249
21.5,5,12,8,251
21.5,5,12,9,252
21.5,5,12,10,253
21.5,5,12,11,254
21.5,5,12,12,255
21.5,5,12,13,256
21.5,5,12,14,257
21.5,5,12,15,258
21.5,5,13,0,242
21.5,5,13,1,244
21.5,5,13,2,245
21.5,5,13,3,246
21.5,5,13,4,247
21.5,5,13,5,248
21.5,5,13,6,250
21.5,5,13,7,251
21.5,5,13,8,252
21.5,5,13,9,253
21.5,5,13,10,254
21.5,5,13,11,255
21.5,5,13,12,256
21.5,5,13,13,257
21.5,5,13,14,259
21.5,5,13,15,260
21.5,5,14,0,244
21.5,5,14,1,245
21.5,5,14,2,246
21.5,5,14,3,247
21.5,5,14,4,248
21.5,5,14,5,250
21.5,5,14,6,251
21.5,5,14,7,252
21.5,5,14,8,253
21.5,5,14,9,254
21.5,5,14,10,255
21.5,5,14,11,257
21.5,5,14,12,258
21.5,5,14,13,259
21.5,5,14,14,260
21.5,5,14,15,261
21.5,5,15,0,245
21.5,5,15,1,246
21.5,5,15,2,247
21.5,5,15,3,249
21.5,5,15,4,250
21.5,5,15,5,251
21.5,5,15,6,252
21.5,5,15,7,253
21.5,5,15,8,254
21.5,5,15,9,256
21.5,5,15,10,257
21.5,5,15,11,258
21.5,5,15,12,259
21.5,5,15,13,260
21.5,5,15,14,261
21.5,5,15,15,262
21.5,6,0,0,229
21.5,6,0,1,230
21.5,6,0,2,231
21.5,6,0,3,232
21.5,6,0,4,233
21.5,6,0,5,235
21.5,6,0,6,236
21.5,6,0,7,237
21.5,6,0,8,238
21.5,6,0,9,239
21.5,6,0,10,240
21.5,6,0,11,241
21.5,6,0,12,242
21.5,6,0,13,243
21.5,6,0,14,244
21.5,6,0,15,245
21.5,6,1,0,230
21.5,6,1,1,231
21.5,6,1,2,233
21.5,6,1,3,234
21.5,6,1,4,235
21.5,6,1,5,236
21.5,6,1,6,237
21.5,6,1,7,238
21.5,6,1,8,239
21.5,6,1,9,240
21.5,6,1,10,241
21.5,6,1,11,242
21.5,6,1,12,244
21.5,6,1,13,245
21.5,6,1,14,246
21.5,6,1,15,247
21.5,6,2,0,232
21.5,6,2,1,233
21.5,6,2,2,234
21.5,6,2,3,235
21.5,6,2,4,236
21.5,6,2,5,237
21.5,6,2,6,238
21.5,6,2,7,240
21.5,6,2,8,241
21.5,6,2,9,242
21.5,6,2,10,243
21.5,6,2,11,244
21.5,6,2,12,245
21.5,6,2,13,246
21.5,6,2,14,247
21.5,6,2,15,248
21.5,6,3,0,233
21.5,6,3,1,234
21.5,6,3,2,235
21.5,6,3,3,236
21.5,6,3,4,238
21.5,6,3,5,239
21.5,6,3,6,240
21.5,6,3,7,241
21.5,6,3,8,242
21.5,6,3,9,243
21.5,6,3,10,244
21.5,6,3,11,245
21.5,6,3,12,246
21.5,6,3,13,248
21.5,6,3,14,249
21.5,6,3,15,250
21.5,6,4,0,234
21.5,6,4,1,236
21.5,6,4,2,237
21.5,6,4,3,238
21.5,6,4,4,239
21.5,6,4,5,240
21.5,6,4,6,241
21.5,6,4,7,242
21.5,6,4,8,243
21.5,6,4,9,245
21.5,6,4,10,246
21.5,6,4,11,247
21.5,6,4,12,248
21.5,6,4,13,249
21.5,6,4,14,250
21.5,6,4,15,251
21.5,6,5,0,236
21.5,6,5,1,237
21.5,6,5,2,238
21.5,6,5,3,239
21.5,6,5,4,240
21.5,6,5,5,241
21.5,6,5,6,243
21.5,6,5,7,244
21.5,6,5,8,245
21.5,6,5,9,246
21.5,6,5,10,247
21.5,6,5,11,248
21.5,6,5,12,249
21.5,6,5,13,250
21.5,6,5,14,251
21.5,6,5,15,253
21.5,6,6,0,237
21.5,6,6,1,238
21.5,6,6,2,239
21.5,6,6,3,241
21.5,6,6,4,242
21.5,6,6,5,243
21.5,6,6,6,244
21.5,6,6,7,245
21.5,6,6,8,246
21.5,6,6,9,247
21.5,6,6,10,248
21.5,6,6,11,250
21.5,6,6,12,251
21.5,6,6,13,252
21.5,6,6,14,253
21.5,6,6,15,254
21.5,6,7,0,238
21.5,6,7,1,240
21.5,6,7,2,241
21.5,6,7,3,242
21.5,6,7,4,243
21.5,6,7,5,244
21.5,6,7,6,245
21.5,6,7,7,246
21.5,6,7,8,248
21.5,6,7,9,249
21.5,6,7,10,250
21.5,6,7,11,251
21.5,6,7,12,252
21.5,6,7,13,253
21.5,6,7,14,254
21.5,6,7,15,255
21.5,6,8,0,240
21.5,6,8,1,241
21.5,6,8,2,242
21.5,6,8,3,243
21.5,6,8,4,244
21.5,6,8,5,246
21.5,6,8,6,247
21.5,6,8,7,248
21.5,6,8,8,249
21.5,6,8,9,250
21.5,6,8,10,251
21.5,6,8,11,252
21.5,6,8,12,254
21.5,6,8,13,255
21.5,6,8,14,256
21.5,6,8,15,257
21.5,6,9,0,241
21.5,6,9,1,242
21.5,6,9,2,243
21.5,6,9,3,245
21.5,6,9,4,246
21.5,6,9,5,247
21.5,6,9,6,248
21.5,6,9,7,249
21.5,6,9,8,250
21.5,6,9,9,252
21.5,6,9,10,253
21.5,6,9,11,254
21.5,6,9,12,255
21.5,6,9,13,256
21.5,6,9,14,257
21.5,6,9,15,258
21.5,6,10,0,242
21.5,6,10,1,244
21.5,6,10,2,245
21.5,6,10,3,246
21.5,6,10,4,247
21.5,6,10,5,248
21.5,6,10,6,249
21.5,6,10,7,251
21.5,6,10,8,252
21.5,6,10,9,253
21.5,6,10,10,254
21.5,6,10,11,255
21.5,6,10,12,256
21.5,6,10,13,257
21.5,6,10,14,259
21.5,6,10,15,260
21.5,6,11,0,244
21.5,6,11,1,245
21.5,6,11,2,246
21.5,6,11,3,247
21.5,6,11,4,248
21.5,6,11,5,250
21.5,6,11,6,251
21.5,6,11,7,252
21.5,6,11,8,253
21.5,6,11,9,254
21.5,6,11,10,255
21.5,6,11,11,257
21.5,6,11,12,258
21.5,6,11,13,259
21.5,6,11,14,260
21.5,6,11,15,261
21.5,6,12,0,245
21.5,6,12,1,246
21.5,6,12,2,247
21.5,6,12,3,249
21.5,6,12,4,250
21.5,6,12,5,251
21.5,6,12,6,252
21.5,6,12,7,253
21.5,6,12,8,254
21.5,6,12,9,256
21.5,6,12,10,257
21.5,6,12,11,258
21.5,6,12,12,259
21.5,6,12,13,260
21.5,6,12,14,261
21.5,6,12,15,262
21.5,6,13,0,246
21.5,6,13,1,247
21.5,6,13,2,249
21.5,6,13,3,250
21.5,6,13,4,251
21.5,6,13,5,252
21.5,6,13,6,253
21.5,6,13,7,255
21.5,6,13,8,256
21.5,6,13,9,257
21.5,6,13,10,258
21.5,6,13,11,259
21.5,6,13,12,260
21.5,6,13,13,262
21.5,6,13,14,263
21.5,6,13,15,264
21.5,6,14,0,248
21.5,6,14,1,249
21.5,6,14,2,250
21.5,6,14,3,251
21.5,6,14,4,252
21.5,6,14,5,254
21.5,6,14,6,255
21.5,6,14,7,256
21.5,6,14,8,257
21.5,6,14,9,258
21.5,6,14,10,259
21.5,6,14,11,261
21.5,6,14,12,262
21.5,6,14,13,263
21.5,6,14,14,264
21.5,6,14,15,265
21.5,6,15,0,249
21.5,6,15,1,250
21.5,6,15,2,251
21.5,6,15,3,252
21.5,6,15,4,254
21.5,6,15,5,255
21.5,6,15,6,256
21.5,6,15,7,257
21.5,6,15,8,258
21.5,6,15,9,260
21.5,6,15,10,261
21.5,6,15,11,262
21.5,6,15,12,263
21.5,6,15,13,264
21.5,6,15,14,265
21.5,6,15,15,267
21.5,7,0,0,232
21.5,7,0,1,234
21.5,7,0,2,235
21.5,7,0,3,236
21.5,7,0,4,237
21.5,7,0,5,238
21.5,7,0,6,239
21.5,7,0,7,240
21.5,7,0,8,241
21.5,7,0,9,243
21.5,7,0,10,244
21.5,7,0,11,245
21.5,7,0,12,246
21.5,7,0,13,247
21.5,7,0,14,248
21.5,7,0,15,249
21.5,7,1,0,234
21.5,7,1,1,235
21.5,7,1,2,236
21.5,7,1,3,237
21.5,7,1,4,238
21.5,7,1,5,240
21.5,7,1,6,241
21.5,7,1,7,242
21.5,7,1,8,243
21.5,7,1,9,244
21.5,7,1,10,245
21.5,7,1,11,246
21.5,7,1,12,247
21.5,7,1,13,248
21.5,7,1,14,249
21.5,7,1,15,251
21.5,7,2,0,235
21.5,7,2,1,236
21.5,7,2,2,238
21.5,7,2,3,239
21.5,7,2,4,240
21.5,7,2,5,241
21.5,7,2,6,242
21.5,7,2,7,243
21.5,7,2,8,244
21.5,7,2,9,245
21.5,7,2,10,247
21.5,7,2,11,248
21.5,7,2,12,249
21.5,7,2,13,250
21.5,7,2,14,251
21.5,7,2,15,252
21.5,7,3,0,237
21.5,7,3,1,238
21.5,7,3,2,239
21.5,7,3,3,240
21.5,7,3,4,241
21.5,7,3,5,242
21.5,7,3,6,244
21.5,7,3,7,245
21.5,7,3,8,246
21.5,7,3,9,247
21.5,7,3,10,248
21.5,7,3,11,249
21.5,7,3,12,250
21.5,7,3,13,251
21.5,7,3,14,252
21.5,7,3,15,254
21.5,7,4,0,238
21.5,7,4,1,239
21.5,7,4,2,240
21.5,7,4,3,242
21.5,7,4,4,243
21.5,7,4,5,244
21.5,7,4,6,245
21.5,7,4,7,246
21.5,7,4,8,247
21.5,7,4,9,248
21.5,7,4,10,249
21.5,7,4,11,251
21.5,7,4,12,252
21.5,7,4,13,253
21.5,7,4,14,254
21.5,7,4,15,255
21.5,7,5,0,239
21.5,7,5,1,241
21.5,7,5,2,242
21.5,7,5,3,243
21.5,7,5,4,244
21.5,7,5,5,245
21.5,7,5,6,246
21.5,7,5,7,247
21.5,7,5,8,249
21.5,7,5,9,250
21.5,7,5,10,251
21.5,7,5,11,252
21.5,7,5,12,253
21.5,7,5,13,254
21.5,7,5,14,255
21.5,7,5,15,256
21.5,7,6,0,241
21.5,7,6,1,242
21.5,7,6,2,243
21.5,7,6,3,244
21.5,7,6,4,245
21.5,7,6,5,247
21.5,7,6,6,248
21.5,7,6,7,249
21.5,7,6,8,250
21.5,7,6,9,251
21.5,7,6,10,252
21.5,7,6,11,253
21.5,7,6,12,255
21.5,7,6,13,256
21.5,7,6,14,257
21.5,7,6,15,258
21.5,7,7,0,242
21.5,7,7,1,243
21.5,7,7,2,244
21.5,7,7,3,246
21.5,7,7,4,247
21.5,7,7,5,248
21.5,7,7,6,249
21.5,7,7,7,250
21.5,7,7,8,251
21.5,7,7,9,253
21.5,7,7,10,254
21.5,7,7,11,255
21.5,7,7,12,256
21.5,7,7,13,257
21.5,7,7,14,258
21.5,7,7,15,259
21.5,7,8,0,243
21.5,7,8,1,245
21.5,7,8,2,246
21.5,7,8,3,247
21.5,7,8,4,248
21.5,7,8,5,249
21.5,7,8,6,251
21.5,7,8,7,252
21.5,7,8,8,253
21.5,7,8,9,254
21.5,7,8,10,255
21.5,7,8,11,256
21.5,7,8,12,257
21.5,7,8,13,259
21.5,7,8,14,260
21.5,7,8,15,261
21.5,7,9,0,245
21.5,7,9,1,246
21.5,7,9,2,247
21.5,7,9,3,248
21.5,7,9,4,250
21.5,7,9,5,251
21.5,7,9,6,252
21.5,7,9,7,253
21.5,7,9,8,254
21.5,7,9,9,255
21.5,7,9,10,257
21.5,7,9,11,258
21.5,7,9,12,259
21.5,7,9,13,260
21.5,7,9,14,261
21.5,7,9,15,262
21.5,7,10,0,246
21.5,7,10,1,247
21.5,7,10,2,249
21.5,7,10,3,250
21.5,7,10,4,251
21.5,7,10,5,252
21.5,7,10,6,253
21.5,7,10,7,254
21.5,7,10,8,256
21.5,7,10,9,257
21.5,7,10,10,258
21.5,7,10,11,259
21.5,7,10,12,260
21.5,7,10,13,261
21.5,7,10,14,263
21.5,7,10,15,264
21.5,7,11,0,247
21.5,7,11,1,249
21.5,7,11,2,250
21.5,7,11,3,251
21.5,7,11,4,252
21.5,7,11,5,253
21.5,7,11,6,255
21.5,7,11,7,256
21.5,7,11,8,257
21.5,7,11,9,258
21.5,7,11,10,259
21.5,7,11,11,260
21.5,7,11,12,262
21.5,7,11,13,263
21.5,7,11,14,264
21.5,7,11,15,265
21.5,7,12,0,249
21.5,7,12,1,250
21.5,7,12,2,251
21.5,7,12,3,252
21.5,7,12,4,254
21.5,7,12,5,255
21.5,7,12,6,256
21.5,7,12,7,257
21.5,7,12,8,258
21.5,7,12,9,260
21.5,7,12,10,261
21.5,7,12,11,262
21.5,7,12,12,263
21.5,7,12,13,264
21.5,7,12,14,265
21.5,7,12,15,266
21.5,7,13,0,250
21.5,7,13,1,251
21.5,7,13,2,253
21.5,7,13,3,254
21.5,7,13,4,255
21.5,7,13,5,256
21.5,7,13,6,257
21.5,7,13,7,259
21.5,7,13,8,260
21.5,7,13,9,261
21.5,7,13,10,262
21.5,7,13,11,263
21.5,7,13,12,264
21.5,7,13,13,266
21.5,7,13,14,267
21.5,7,13,15,268
21.5,7,14,0,251
21.5,7,14,1,253
21.5,7,14,2,254
21.5,7,14,3,255
21.5,7,14,4,256
21.5,7,14,5,257
21.5,7,14,6,259
21.5,7,14,7,260
21.5,7,14,8,261
21.5,7,14,9,262
21.5,7,14,10,263
21.5,7,14,11,265
21.5,7,14,12,266
21.5,7,14,13,267
21.5,7,14,14,268
21.5,7,14,15,269
21.5,7,15,0,253
21.5,7,15,1,254
21.5,7,15,2,255
21.5,7,15,3,256
21.5,7,15,4,258
21.5,7,15,5,259
21.5,7,15,6,260
21.5,7,15,7,261
21.5,7,15,8,262
21.5,7,15,9,264
21.5,7,15,10,265
21.5,7,15,11,266
21.5,7,15,12,267
21.5,7,15,13,268
21.5,7,15,14,269
21.5,7,15,15,271
21.5,8,0,0,236
21.5,8,0,1,237
21.5,8,0,2,238
21.5,8,0,3,239
21.5,8,0,4,241
21.5,8,0,5,242
21.5,8,0,6,243
21.5,8,0,7,244
21.5,8,0,8,245
21.5,8,0,9,246
21.5,8,0,10,247
21.5,8,0,11,248
21.5,8,0,12,250
21.5,8,0,13,251
21.5,8,0,14,252
21.5,8,0,15,253
21.5,8,1,0,237
21.5,8,1,1,239
21.5,8,1,2,240
21.5,8,1,3,241
21.5,8,1,4,242
21.5,8,1,5,243
21.5,8,1,6,244
21.5,8,1,7,245
21.5,8,1,8,247
21.5,8,1,9,248
21.5,8,1,10,249
21.5,8,1,11,250
21.5,8,1,12,251
21.5,8,1,13,252
21.5,8,1,14,253
21.5,8,1,15,254
21.5,8,2,0,239
21.5,8,2,1,240
21.5,8,2,2,241
21.5,8,2,3,242
21.5,8,2,4,243
21.5,8,2,5,245
21.5,8,2,6,246
21.5,8,2,7,247
21.5,8,2,8,248
21.5,8,2,9,249
21.5,8,2,10,250
21.5,8,2,11,251
21.5,8,2,12,253
21.5,8,2,13,254
21.5,8,2,14,255
21.5,8,2,15,256
21.5,8,3,0,240
21.5,8,3,1,241
21.5,8,3,2,243
21.5,8,3,3,244
21.5,8,3,4,245
21.5,8,3,5,246
21.5,8,3,6,247
21.5,8,3,7,248
21.5,8,3,8,250
21.5,8,3,9,251
21.5,8,3,10,252
21.5,8,3,11,253
21.5,8,3,12,254
21.5,8,3,13,255
21.5,8,3,14,256
21.5,8,3,15,257
21.5,8,4,0,242
21.5,8,4,1,243
21.5,8,4,2,244
21.5,8,4,3,245
21.5,8,4,4,246
21.5,8,4,5,248
21.5,8,4,6,249
21.5,8,4,7,250
21.5,8,4,8,251
21.5,8,4,9,252
21.5,8,4,10,253
21.5,8,4,11,254
21.5,8,4,12,255
21.5,8,4,13,257
21.5,8,4,14,258
21.5,8,4,15,259
21.5,8,5,0,243
21.5,8,5,1,244
21.5,8,5,2,245
21.5,8,5,3,247
21.5,8,5,4,248
21.5,8,5,5,249
21.5,8,5,6,250
21.5,8,5,7,251
21.5,8,5,8,252
21.5,8,5,9,254
21.5,8,5,10,255
21.5,8,5,11,256
21.5,8,5,12,257
21.5,8,5,13,258
21.5,8,5,14,259
21.5,8,5,15,260
21.5,8,6,0,244
21.5,8,6,1,246
21.5,8,6,2,247
21.5,8,6,3,248
21.5,8,6,4,249
21.5,8,6,5,250
21.5,8,6,6,252
21.5,8,6,7,253
21.5,8,6,8,254
21.5,8,6,9,255
21.5,8,6,10,256
21.5,8,6,11,257
21.5,8,6,12,258
21.5,8,6,13,260
21.5,8,6,14,261
21.5,8,6,15,262
21.5,8,7,0,246
21.5,8,7,1,247
21.5,8,7,2,248
21.5,8,7,3,249
21.5,8,7,4,251
21.5,8,7,5,252
21.5,8,7,6,253
21.5,8,7,7,254
21.5,8,7,8,255
21.5,8,7,9,256
21.5,8,7,10,258
21.5,8,7,11,259
21.5,8,7,12,260
21.5,8,7,13,261
21.5,8,7,14,262
21.5,8,7,15,263
21.5,8,8,0,247
21.5,8,8,1,248
21.5,8,8,2,250
21.5,8,8,3,251
21.5,8,8,4,252
21.5,8,8,5,253
21.5,8,8,6,254
21.5,8,8,7,256
21.5,8,8,8,257
21.5,8,8,9,258
21.5,8,8,10,259
21.5,8,8,11,260
21.5,8,8,12,261
21.5,8,8,13,262
21.5,8,8,14,264
21.5,8,8,15,265
21.5,8,9,0,249
21.5,8,9,1,250
21.5,8,9,2,251
21.5,8,9,3,252
21.5,8,9,4,253
21.5,8,9,5,255
21.5,8,9,6,256
21.5,8,9,7,257
21.5,8,9,8,258
21.5,8,9,9,259
21.5,8,9,10,260
21.5,8,9,11,262
21.5,8,9,12,263
21.5,8,9,13,264
21.5,8,9,14,265
21.5,8,9,15,266
21.5,8,10,0,250
21.5,8,10,1,251
21.5,8,10,2,252
21.5,8,10,3,254
21.5,8,10,4,255
21.5,8,10,5,256
21.5,8,10,6,257
21.5,8,10,7,258
21.5,8,10,8,259
21.5,8,10,9,261
21.5,8,10,10,262
21.5,8,10,11,263
21.5,8,10,12,264
21.5,8,10,13,265
21.5,8,10,14,266
21.5,8,10,15,268
21.5,8,11,0,251
21.5,8,11,1,252
21.5,8,11,2,254
21.5,8,11,3,255
21.5,8,11,4,256
21.5,8,11,5,257
21.5,8,11,6,258
21.5,8,11,7,260
21.5,8,11,8,261
21.5,8,11,9,262
21.5,8,11,10,263
21.5,8,11,11,264
21.5,8,11,12,266
21.5,8,11,13,267
21.5,8,11,14,268
21.5,8,11,15,269
21.5,8,12,0,253
21.5,8,12,1,254
21.5,8,12,2,255
21.5,8,12,3,256
21.5,8,12,4,257
21.5,8,12,5,259
21.5,8,12,6,260
21.5,8,12,7,261
21.5,8,12,8,262
21.5,8,12,9,263
21.5,8,12,10,265
21.5,8,12,11,266
21.5,8,12,12,267
21.5,8,12,13,268
21.5,8,12,14,269
21.5,8,12,15,271
21.5,8,13,0,254
21.5,8,13,1,255
21.5,8,13,2,256
21.5,8,13,3,258
21.5,8,13,4,259
21.5,8,13,5,260
21.5,8,13,6,261
21.5,8,13,7,262
21.5,8,13,8,264
21.5,8,13,9,265
21.5,8,13,10,266
21.5,8,13,11,267
21.5,8,13,12,268
21.5,8,13,13,270
21.5,8,13,14,271
21.5,8,13,15,272
21.5,8,14,0,255
21.5,8,14,1,256
21.5,8,14,2,258
21.5,8,14,3,259
21.5,8,14,4,260
21.5,8,14,5,261
21.5,8,14,6,263
21.5,8,14,7,264
21.5,8,14,8,265
21.5,8,14,9,266
21.5,8,14,10,267
21.5,8,14,11,269
21.5,8,14,12,270
21.5,8,14,13,271
21.5,8,14,14,272
21.5,8,14,15,273
21.5,8,15,0,257
21.5,8,15,1,258
21.5,8,15,2,259
21.5,8,15,3,260
21.5,8,15,4,261
21.5,8,15,5,263
21.5,8,15,6,264
21.5,8,15,7,265
21.5,8,15,8,266
21.5,8,15,9,268
21.5,8,15,10,269
21.5,8,15,11,270
21.5,8,15,12,271
21.5,8,15,13,272
21.5,8,15,14,274
21.5,8,15,15,275
21.5,9,0,0,240
21.5,9,0,1,241
21.5,9,0,2,242
21.5,9,0,3,243
21.5,9,0,4,244
21.5,9,0,5,245
21.5,9,0,6,247
21.5,9,0,7,248
21.5,9,0,8,249
21.5,9,0,9,250
21.5,9,0,10,251
21.5,9,0,11,252
21.5,9,0,12,253
21.5,9,0,13,254
21.5,9,0,14,255
21.5,9,0,15,257
21.5,9,1,0,241
21.5,9,1,1,242
21.5,9,1,2,243
21.5,9,1,3,245
21.5,9,1,4,246
21.5,9,1,5,247
21.5,9,1,6,248
21.5,9,1,7,249
21.5,9,1,8,250
21.5,9,1,9,251
21.5,9,1,10,253
21.5,9,1,11,254
21.5,9,1,12,255
21.5,9,1,13,256
21.5,9,1,14,257
21.5,9,1,15,258
21.5,9,2,0,242
21.5,9,2,1,244
21.5,9,2,2,245
21.5,9,2,3,246
21.5,9,2,4,247
21.5,9,2,5,248
21.5,9,2,6,249
21.5,9,2,7,251
21.5,9,2,8,252
21.5,9,2,9,253
21.5,9,2,10,254
21.5,9,2,11,255
21.5,9,2,12,256
21.5,9,2,13,257
21.5,9,2,14,259
21.5,9,2,15,260
21.5,9,3,0,244
21.5,9,3,1,245
21.5,9,3,2,246
21.5,9,3,3,247
21.5,9,3,4,249
21.5,9,3,5,250
21.5,9,3,6,251
21.5,9,3,7,252
21.5,9,3,8,253
21.5,9,3,9,254
21.5,9,3,10,256
21.5,9,3,11,257
21.5,9,3,12,258
21.5,9,3,13,259
21.5,9,3,14,260
21.5,9,3,15,261
21.5,9,4,0,245
21.5,9,4,1,246
21.5,9,4,2,248
21.5,9,4,3,249
21.5,9,4,4,250
21.5,9,4,5,251
21.5,9,4,6,252
21.5,9,4,7,254
21.5,9,4,8,255
21.5,9,4,9,256
21.5,9,4,10,257
21.5,9,4,11,258
21.5,9,4,12,259
21.5,9,4,13,260
21.5,9,4,14,262
21.5,9,4,15,263
21.5,9,5,0,247
21.5,9,5,1,248
21.5,9,5,2,249
21.5,9,5,3,250
21.5,9,5,4,251
21.5,9,5,5,253
21.5,9,5,6,254
21.5,9,5,7,255
21.5,9,5,8,256
21.5,9,5,9,257
21.5,9,5,10,259
21.5,9,5,11,260
21.5,9,5,12,261
21.5,9,5,13,262
21.5,9,5,14,263
21.5,9,5,15,264
21.5,9,6,0,248
21.5,9,6,1,249
21.5,9,6,2,250
21.5,9,6,3,252
21.5,9,6,4,253
21.5,9,6,5,254
21.5,9,6,6,255
21.5,9,6,7,256
21.5,9,6,8,258
21.5,9,6,9,259
21.5,9,6,10,260
21.5,9,6,11,261
21.5,9,6,12,262
21.5,9,6,13,263
21.5,9,6,14,265
21.5,9,6,15,266
21.5,9,7,0,249
21.5,9,7,1,251
21.5,9,7,2,252
21.5,9,7,3,253
21.5,9,7,4,254
21.5,9,7,5,256
21.5,9,7,6,257
21.5,9,7,7,258
21.5,9,7,8,259
21.5,9,7,9,260
21.5,9,7,10,261
21.5,9,7,11,263
21.5,9,7,12,264
21.5,9,7,13,265
21.5,9,7,14,266
21.5,9,7,15,267
21.5,9,8,0,251
21.5,9,8,1,252
21.5,9,8,2,253
21.5,9,8,3,255
21.5,9,8,4,256
21.5,9,8,5,257
21.5,9,8,6,258
21.5,9,8,7,259
21.5,9,8,8,261
21.5,9,8,9,262
21.5,9,8,10,263
21.5,9,8,11,264
21.5,9,8,12,265
21.5,9,8,13,266
21.5,9,8,14,268
21.5,9,8,15,269
21.5,9,9,0,252
21.5,9,9,1,253
21.5,9,9,2,255
21.5,9,9,3,256
21.5,9,9,4,257
21.5,9,9,5,258
21.5,9,9,6,260
21.5,9,9,7,261
21.5,9,9,8,262
21.5,9,9,9,263
21.5,9,9,10,264
21.5,9,9,11,266
21.5,9,9,12,267
21.5,9,9,13,268
21.5,9,9,14,269
21.5,9,9,15,270
21.5,9,10,0,254
21.5,9,10,1,255
21.5,9,10,2,256
21.5,9,10,3,257
21.5,9,10,4,259
21.5,9,10,5,260
21.5,9,10,6,261
21.5,9,10,7,262
21.5,9,10,8,263
21.5,9,10,9,265
21.5,9,10,10,266
21.5,9,10,11,267
21.5,9,10,12,268
21.5,9,10,13,269
21.5,9,10,14,270
21.5,9,10,15,272
21.5,9,11,0,255
21.5,9,11,1,256
21.5,9,11,2,257
21.5,9,11,3,259
21.5,9,11,4,260
21.5,9,11,5,261
21.5,9,11,6,262
21.5,9,11,7,264
21.5,9,11,8,265
21.5,9,11,9,266
21.5,9,11,10,267
21.5,9,11,11,268
21.5,9,11,12,270
21.5,9,11,13,271
21.5,9,11,14,272
21.5,9,11,15,273
21.5,9,12,0,256
21.5,9,12,1,258
21.5,9,12,2,259
21.5,9,12,3,260
21.5,9,12,4,261
21.5,9,12,5,263
21.5,9,12,6,264
21.5,9,12,7,265
21.5,9,12,8,266
21.5,9,12,9,267
21.5,9,12,10,269
21.5,9,12,11,270
21.5,9,12,12,271
21.5,9,12,13,272
21.5,9,12,14,273
21.5,9,12,15,275
21.5,9,13,0,258
21.5,9,13,1,259
21.5,9,13,2,260
21.5,9,13,3,261
21.5,9,13,4,263
21.5,9,13,5,264
21.5,9,13,6,265
21.5,9,13,7,266
21.5,9,13,8,268
21.5,9,13,9,269
21.5,9,13,10,270
21.5,9,13,11,271
21.5,9,13,12,272
21.5,9,13,13,274
21.5,9,13,14,275
21.5,9,13,15,276
21.5,9,14,0,259
21.5,9,14,1,260
21.5,9,14,2,262
21.5,9,14,3,263
21.5,9,14,4,264
21.5,9,14,5,265
21.5,9,14,6,267
21.5,9,14,7,268
21.5,9,14,8,269
21.5,9,14,9,270
21.5,9,14,10,271
21.5,9,14,11,273
21.5,9,14,12,274
21.5,9,14,13,275
21.5,9,14,14,276
21.5,9,14,15,277
21.5,9,15,0,260
21.5,9,15,1,262
21.5,9,15,2,263
21.5,9,15,3,264
21.5,9,15,4,265
21.5,9,15,5,267
21.5,9,15,6,268
21.5,9,15,7,269
21.5,9,15,8,270
21.5,9,15,9,272
21.5,9,15,10,273
21.5,9,15,11,274
21.5,9,15,12,275
21.5,9,15,13,276
21.5,9,15,14,278
21.5,9,15,15,279
21.5,10,0,0,243
21.5,10,0,1,244
21.5,10,0,2,245
21.5,10,0,3,247
21.5,10,0,4,248
21.5,10,0,5,249
21.5,10,0,6,250
21.5,10,0,7,251
21.5,10,0,8,252
21.5,10,0,9,254
21.5,10,0,10,255
21.5,10,0,11,256
21.5,10,0,12,257
21.5,10,0,13,258
21.5,10,0,14,259
21.5,10,0,15,260
21.5,10,1,0,245
21.5,10,1,1,246
21.5,10,1,2,247
21.5,10,1,3,248
21.5,10,1,4,249
21.5,10,1,5,250
21.5,10,1,6,252
21.5,10,1,7,253
21.5,10,1,8,254
21.5,10,1,9,255
21.5,10,1,10,256
21.5,10,1,11,257
21.5,10,1,12,259
21.5,10,1,13,260
21.5,10,1,14,261
21.5,10,1,15,262
21.5,10,2,0,246
21.5,10,2,1,247
21.5,10,2,2,248
21.5,10,2,3,250
21.5,10,2,4,251
21.5,10,2,5,252
21.5,10,2,6,253
21.5,10,2,7,254
21.5,10,2,8,255
21.5,10,2,9,257
21.5,10,2,10,258
21.5,10,2,11,259
21.5,10,2,12,260
21.5,10,2,13,261
21.5,10,2,14,262
21.5,10,2,15,263
21.5,10,3,0,247
21.5,10,3,1,249
21.5,10,3,2,250
21.5,10,3,3,251
21.5,10,3,4,252
21.5,10,3,5,253
21.5,10,3,6,255
21.5,10,3,7,256
21.5,10,3,8,257
21.5,10,3,9,258
21.5,10,3,10,259
21.5,10,3,11,260
21.5,10,3,12,262
21.5,10,3,13,263
21.5,10,3,14,264
21.5,10,3,15,265
21.5,10,4,0,249
21.5,10,4,1,250
21.5,10,4,2,251
21.5,10,4,3,253
21.5,10,4,4,254
21.5,10,4,5,255
21.5,10,4,6,256
21.5,10,4,7,257
21.5,10,4,8,258
21.5,10,4,9,260
21.5,10,4,10,261
21.5,10,4,11,262
21.5,10,4,12,263
21.5,10,4,13,264
21.5,10,4,14,265
21.5,10,4,15,267
21.5,10,5,0,250
21.5,10,5,1,252
21.5,10,5,2,253
21.5,10,5,3,254
21.5,10,5,4,255
21.5,10,5,5,256
21.5,10,5,6,258
21.5,10,5,7,259
21.5,10,5,8,260
21.5,10,5,9,261
21.5,10,5,10,262
21.5,10,5,11,263
21.5,10,5,12,265
21.5,10,5,13,266
21.5,10,5,14,267
21.5,10,5,15,268
21.5,10,6,0,252
21.5,10,6,1,253
21.5,10,6,2,254
21.5,10,6,3,255
21.5,10,6,4,257
21.5,10,6,5,258
21.5,10,6,6,259
21.5,10,6,7,260
21.5,10,6,8,261
21.5,10,6,9,263
21.5,10,6,10,264
21.5,10,6,11,265
21.5,10,6,12,266
21.5,10,6,13,267
21.5,10,6,14,268
21.5,10,6,15,270
21.5,10,7,0,253
21.5,10,7,1,254
21.5,10,7,2,256
21.5,10,7,3,257
21.5,10,7,4,258
21.5,10,7,5,259
21.5,10,7,6,260
21.5,10,7,7,262
21.5,10,7,8,263
21.5,10,7,9,264
21.5,10,7,10,265
21.5,10,7,11,266
21.5,10,7,12,268
21.5,10,7,13,269
21.5,10,7,14,270
21.5,10,7,15,271
21.5,10,8,0,255
21.5,10,8,1,256
21.5,10,8,2,257
21.5,10,8,3,258
21.5,10,8,4,259
21.5,10,8,5,261
21.5,10,8,6,262
21.5,10,8,7,263
21.5,10,8,8,264
21.5,10,8,9,266
21.5,10,8,10,267
21.5,10,8,11,268
21.5,10,8,12,269
21.5,10,8,13,270
21.5,10,8,14,271
21.5,10,8,15,273
21.5,10,9,0,256
21.5,10,9,1,257
21.5,10,9,2,258
21.5,10,9,3,260
21.5,10,9,4,261
21.5,10,9,5,262
21.5,10,9,6,263
21.5,10,9,7,265
21.5,10,9,8,266
21.5,10,9,9,267
21.5,10,9,10,268
21.5,10,9,11,269
21.5,10,9,12,271
21.5,10,9,13,272
21.5,10,9,14,273
21.5,10,9,15,274
21.5,10,10,0,257
21.5,10,10,1,259
21.5,10,10,2,260
21.5,10,10,3,261
21.5,10,10,4,262
21.5,10,10,5,264
21.5,10,10,6,265
21.5,10,10,7,266
21.5,10,10,8,267
21.5,10,10,9,268
21.5,10,10,10,270
21.5,10,10,11,271
21.5,10,10,12,272
21.5,10,10,13,273
21.5,10,10,14,274
21.5,10,10,15,276
21.5,10,11,0,259
21.5,10,11,1,260
21.5,10,11,2,261
21.5,10,11,3,263
21.5,10,11,4,264
21.5,10,11,5,265
21.5,10,11,6,266
21.5,10,11,7,267
21.5,10,11,8,269
21.5,10,11,9,270
21.5,10,11,10,271
21.5,10,11,11,272
21.5,10,11,12,274
21.5,10,11,13,275
21.5,10,11,14,276
21.5,10,11,15,277
21.5,10,12,0,260
21.5,10,12,1,261
21.5,10,12,2,263
21.5,10,12,3,264
21.5,10,12,4,265
21.5,10,12,5,266
21.5,10,12,6,268
21.5,10,12,7,269
21.5,10,12,8,270
21.5,10,12,9,271
21.5,10,12,10,273
21.5,10,12,11,274
21.5,10,12,12,275
21.5,10,12,13,276
21.5,10,12,14,277
21.5,10,12,15,279
21.5,10,13,0,261
21.5,10,13,1,263
21.5,10,13,2,264
21.5,10,13,3,265
21.5,10,13,4,267
21.5,10,13,5,268
21.5,10,13,6,269
21.5,10,13,7,270
21.5,10,13,8,272
21.5,10,13,9,273
21.5,10,13,10,274
21.5,10,13,11,275
21.5,10,13,12,276
21.5,10,13,13,278
21.5,10,13,14,279
21.5,10,13,15,280
21.5,10,14,0,263
21.5,10,14,1,264
21.5,10,14,2,265
21.5,10,14,3,267
21.5,10,14,4,268
21.5,10,14,5,269
21.5,10,14,6,270
21.5,10,14,7,272
21.5,10,14,8,273
21.5,10,14,9,274
21.5,10,14,10,275
21.5,10,14,11,277
21.5,10,14,12,278
21.5,10,14,13,279
21.5,10,14,14,280
21.5,10,14,15,282
21.5,10,15,0,264
21.5,10,15,1,265
21.5,10,15,2,267
21.5,10,15,3,268
21.5,10,15,4,269
21.5,10,15,5,271
21.5,10,15,6,272
21.5,10,15,7,273
21.5,10,15,8,274
21.5,10,15,9,276
21.5,10,15,10,277
21.5,10,15,11,278
21.5,10,15,12,279
21.5,10,15,13,281
21.5,10,15,14,282
21.5,10,15,15,283
21.5,11,0,0,247
21.5,11,0,1,248
21.5,11,0,2,249
21.5,11,0,3,250
21.5,11,0,4,251
21.5,11,0,5,253
21.5,11,0,6,254
21.5,11,0,7,255
21.5,11,0,8,256
21.5,11,0,9,257
21.5,11,0,10,258
21.5,11,0,11,260
21.5,11,0,12,261
21.5,11,0,13,262
21.5,11,0,14,263
21.5,11,0,15,264
21.5,11,1,0,248
21.5,11,1,1,249
21.5,11,1,2,251
21.5,11,1,3,252
21.5,11,1,4,253
21.5,11,1,5,254
21.5,11,1,6,255
21.5,11,1,7,256
21.5,11,1,8,258
21.5,11,1,9,259
21.5,11,1,10,260
21.5,11,1,11,261
21.5,11,1,12,262
21.5,11,1,13,263
21.5,11,1,14,265
21.5,11,1,15,266
21.5,11,2,0,250
21.5,11,2,1,251
21.5,11,2,2,252
21.5,11,2,3,253
21.5,11,2,4,254
21.5,11,2,5,256
21.5,11,2,6,257
21.5,11,2,7,258
21.5,11,2,8,259
21.5,11,2,9,260
21.5,11,2,10,262
21.5,11,2,11,263
21.5,11,2,12,264
21.5,11,2,13,265
21.5,11,2,14,266
21.5,11,2,15,267
21.5,11,3,0,251
21.5,11,3,1,252
21.5,11,3,2,253
21.5,11,3,3,255
21.5,11,3,4,256
21.5,11,3,5,257
21.5,11,3,6,258
21.5,11,3,7,260
21.5,11,3,8,261
21.5,11,3,9,262
21.5,11,3,10,263
21.5,11,3,11,264
21.5,11,3,12,265
21.5,11,3,13,267
21.5,11,3,14,268
21.5,11,3,15,269
21.5,11,4,0,252
21.5,11,4,1,254
21.5,11,4,2,255
21.5,11,4,3,256
21.5,11,4,4,257
21.5,11,4,5,259
21.5,11,4,6,260
21.5,11,4,7,261
21.5,11,4,8,262
21.5,11,4,9,263
21.5,11,4,10,265
21.5,11,4,11,266
21.5,11,4,12,267
21.5,11,4,13,268
21.5,11,4,14,269
21.5,11,4,15,270
21.5,11,5,0,254
21.5,11,5,1,255
21.5,11,5,2,256
21.5,11,5,3,258
21.5,11,5,4,259
21.5,11,5,5,260
21.5,11,5,6,261
21.5,11,5,7,263
21.5,11,5,8,264
21.5,11,5,9,265
21.5,11,5,10,266
21.5,11,5,11,267
21.5,11,5,12,268
21.5,11,5,13,270
21.5,11,5,14,271
21.5,11,5,15,272
21.5,11,6,0,255
21.5,11,6,1,257
21.5,11,6,2,258
21.5,11,6,3,259
21.5,11,6,4,260
21.5,11,6,5,262
21.5,11,6,6,263
21.5,11,6,7,264
21.5,11,6,8,265
21.5,11,6,9,266
21.5,11,6,10,268
21.5,11,6,11,269
21.5,11,6,12,270
21.5,11,6,13,271
21.5,11,6,14,272
21.5,11,6,15,274
21.5,11,7,0,257
21.5,11,7,1,258
21.5,11,7,2,259
21.5,11,7,3,261
21.5,11,7,4,262
21.5,11,7,5,263
21.5,11,7,6,264
21.5,11,7,7,265
21.5,11,7,8,267
21.5,11,7,9,268
21.5,11,7,10,269
21.5,11,7,11,270
21.5,11,7,12,272
21.5,11,7,13,273
21.5,11,7,14,274
21.5,11,7,15,275
21.5,11,8,0,258
21.5,11,8,1,260
21.5,11,8,2,261
21.5,11,8,3,262
21.5,11,8,4,263
21.5,11,8,5,265
21.5,11,8,6,266
21.5,11,8,7,267
21.5,11,8,8,268
21.5,11,8,9,269
21.5,11,8,10,271
21.5,11,8,11,272
21.5,11,8,12,273
21.5,11,8,13,274
21.5,11,8,14,275
21.5,11,8,15,277
21.5,11,9,0,260
21.5,11,9,1,261
21.5,11,9,2,262
21.5,11,9,3,263
21.5,11,9,4,265
21.5,11,9,5,266
21.5,11,9,6,267
21.5,11,9,7,268
21.5,11,9,8,270
21.5,11,9,9,271
21.5,11,9,10,272
21.5,11,9,11,273
21.5,11,9,12,275
21.5,11,9,13,276
21.5,11,9,14,277
21.5,11,9,15,278
21.5,11,10,0,261
21.5,11,10,1,262
21.5,11,10,2,264
21.5,11,10,3,265
21.5,11,10,4,266
21.5,11,10,5,267
21.5,11,10,6,269
21.5,11,10,7,270
21.5,11,10,8,271
21.5,11,10,9,272
21.5,11,10,10,274
21.5,11,10,11,275
21.5,11,10,12,276
21.5,11,10,13,277
21.5,11,10,14,278
21.5,11,10,15,280
21.5,11,11,0,262
21.5,11,11,1,264
21.5,11,11,2,265
21.5,11,11,3,266
21.5,11,11,4,268
21.5,11,11,5,269
21.5,11,11,6,270
21.5,11,11,7,271
21.5,11,11,8,273
21.5,11,11,9,274
21.5,11,11,10,275
21.5,11,11,11,276
21.5,11,11,12,278
21.5,11,11,13,279
21.5,11,11,14,280
21.5,11,11,15,281
21.5,11,12,0,264
21.5,11,12,1,265
21.5,11,12,2,266
21.5,11,12,3,268
21.5,11,12,4,269
21.5,11,12,5,270
21.5,11,12,6,272
21.5,11,12,7,273
21.5,11,12,8,274
21.5,11,12,9,275
21.5,11,12,10,277
21.5,11,12,11,278
21.5,11,12,12,279
21.5,11,12,13,280
21.5,11,12,14,281
21.5,11,12,15,283
21.5,11,13,0,265
21.5,11,13,1,267
21.5,11,13,2,268
21.5,11,13,3,269
21.5,11,13,4,270
21.5,11,13,5,272
21.5,11,13,6,273
21.5,11,13,7,274
21.5,11,13,8,275
21.5,11,13,9,277
21.5,11,13,10,278
21.5,11,13,11,279
21.5,11,13,12,280
21.5,11,13,13,282
21.5,11,13,14,283
21.5,11,13,15,284
21.5,11,14,0,267
21.5,11,14,1,268
21.5,11,14,2,269
21.5,11,14,3,271
21.5,11,14,4,272
21.5,11,14,5,273
21.5,11,14,6,274
21.5,11,14,7,276
21.5,11,14,8,277
21.5,11,14,9,278
21.5,11,14,10,279
21.5,11,14,11,281
21.5,11,14,12,282
21.5,11,14,13,283
21.5,11,14,14,284
21.5,11,14,15,286
21.5,11,15,0,268
21.5,11,15,1,269
21.5,11,15,2,271
21.5,11,15,3,272
21.5,11,15,4,273
21.5,11,15,5,275
21.5,11,15,6,276
21.5,11,15,7,277
21.5,11,15,8,278
21.5,11,15,9,280
21.5,11,15,10,281
21.5,11,15,11,282
21.5,11,15,12,283
21.5,11,15,13,285
21.5,11,15,14,286
21.5,11,15,15,287
21.5,12,0,0,250
21.5,12,0,1,251
21.5,12,0,2,253
21.5,12,0,3,254
21.5,12,0,4,255
21.5,12,0,5,256
21.5,12,0,6,257
21.5,12,0,7,259
21.5,12,0,8,260
21.5,12,0,9,261
21.5,12,0,10,262
21.5,12,0,11,263
21.5,12,0,12,264
21.5,12,0,13,266
21.5,12,0,14,267
21.5,12,0,15,268
21.5,12,1,0,252
21.5,12,1,1,253
21.5,12,1,2,254
21.5,12,1,3,255
21.5,12,1,4,257
21.5,12,1,5,258
21.5,12,1,6,259
21.5,12,1,7,260
21.5,12,1,8,261
21.5,12,1,9,263
21.5,12,1,10,264
21.5,12,1,11,265
21.5,12,1,12,266
21.5,12,1,13,267
21.5,12,1,14,268
21.5,12,1,15,270
21.5,12,2,0,253
21.5,12,2,1,254
21.5,12,2,2,256
21.5,12,2,3,257
21.5,12,2,4,258
21.5,12,2,5,259
21.5,12,2,6,260
21.5,12,2,7,262
21.5,12,2,8,263
21.5,12,2,9,264
21.5,12,2,10,265
21.5,12,2,11,266
21.5,12,2,12,268
21.5,12,2,13,269
21.5,12,2,14,270
21.5,12,2,15,271
21.5,12,3,0,255
21.5,12,3,1,256
21.5,12,3,2,257
21.5,12,3,3,258
21.5,12,3,4,260
21.5,12,3,5,261
21.5,12,3,6,262
21.5,12,3,7,263
21.5,12,3,8,264
21.5,12,3,9,266
21.5,12,3,10,267
21.5,12,3,11,268
21.5,12,3,12,269
21.5,12,3,13,270
21.5,12,3,14,272
21.5,12,3,15,273
21.5,12,4,0,256
21.5,12,4,1,257
21.5,12,4,2,259
21.5,12,4,3,260
21.5,12,4,4,261
21.5,12,4,5,262
21.5,12,4,6,264
21.5,12,4,7,265
21.5,12,4,8,266
21.5,12,4,9,267
21.5,12,4,10,268
21.5,12,4,11,270
21.5,12,4,12,271
21.5,12,4,13,272
21.5,12,4,14,273
21.5,12,4,15,274
21.5,12,5,0,258
21.5,12,5,1,259
21.5,12,5,2,260
21.5,12,5,3,261
21.5,12,5,4,263
21.5,12,5,5,264
21.5,12,5,6,265
21.5,12,5,7,266
21.5,12,5,8,268
21.5,12,5,9,269
21.5,12,5,10,270
21.5,12,5,11,271
21.5,12,5,12,272
21.5,12,5,13,274
21.5,12,5,14,275
21.5,12,5,15,276
21.5,12,6,0,259
21.5,12,6,1,260
21.5,12,6,2,262
21.5,12,6,3,263
21.5,12,6,4,264
21.5,12,6,5,265
21.5,12,6,6,267
21.5,12,6,7,268
21.5,12,6,8,269
21.5,12,6,9,270
21.5,12,6,10,271
21.5,12,6,11,273
21.5,12,6,12,274
21.5,12,6,13,275
21.5,12,6,14,276
21.5,12,6,15,277
21.5,12,7,0,260
21.5,12,7,1,262
21.5,12,7,2,263
21.5,12,7,3,264
21.5,12,7,4,266
21.5,12,7,5,267
21.5,12,7,6,268
21.5,12,7,7,269
21.5,12,7,8,271
21.5,12,7,9,272
21.5,12,7,10,273
21.5,12,7,11,274
21.5,12,7,12,275
21.5,12,7,13,277
21.5,12,7,14,278
21.5,12,7,15,279
21.5,12,8,0,262
21.5,12,8,1,263
21.5,12,8,2,264
21.5,12,8,3,266
21.5,12,8,4,267
21.5,12,8,5,268
21.5,12,8,6,270
21.5,12,8,7,271
21.5,12,8,8,272
21.5,12,8,9,273
21.5,12,8,10,275
21.5,12,8,11,276
21.5,12,8,12,277
21.5,12,8,13,278
21.5,12,8,14,279
21.5,12,8,15,281
21.5,12,9,0,263
21.5,12,9,1,265
21.5,12,9,2,266
21.5,12,9,3,267
21.5,12,9,4,269
21.5,12,9,5,270
21.5,12,9,6,271
21.5,12,9,7,272
21.5,12,9,8,274
21.5,12,9,9,275
21.5,12,9,10,276
21.5,12,9,11,277
21.5,12,9,12,278
21.5,12,9,13,280
21.5,12,9,14,281
21.5,12,9,15,282
21.5,12,10,0,265
21.5,12,10,1,266
21.5,12,10,2,267
21.5,12,10,3,269
21.5,12,10,4,270
21.5,12,10,5,271
21.5,12,10,6,272
21.5,12,10,7,274
21.5,12,10,8,275
21.5,12,10,9,276
21.5,12,10,10,278
21.5,12,10,11,279
21.5,12,10,12,280
21.5,12,10,13,281
21.5,12,10,14,282
21.5,12,10,15,284
21.5,12,11,0,266
21.5,12,11,1,268
21.5,12,11,2,269
21.5,12,11,3,270
21.5,12,11,4,271
21.5,12,11,5,273
21.5,12,11,6,274
21.5,12,11,7,275
21.5,12,11,8,276
21.5,12,11,9,278
21.5,12,11,10,279
21.5,12,11,11,280
21.5,12,11,12,281
21.5,12,11,13,283
21.5,12,11,14,284
21.5,12,11,15,285
21.5,12,12,0,268
21.5,12,12,1,269
21.5,12,12,2,270
21.5,12,12,3,272
21.5,12,12,4,273
21.5,12,12,5,274
21.5,12,12,6,275
21.5,12,12,7,277
21.5,12,12,8,278
21.5,12,12,9,279
21.5,12,12,10,280
21.5,12,12,11,282
21.5,12,12,12,283
21.5,12,12,13,284
21.5,12,12,14,285
21.5,12,12,15,287
21.5,12,13,0,269
21.5,12,13,1,270
21.5,12,13,2,272
21.5,12,13,3,273
21.5,12,13,4,274
21.5,12,13,5,276
21.5,12,13,6,277
21.5,12,13,7,278
21.5,12,13,8,279
21.5,12,13,9,281
21.5,12,13,10,282
21.5,12,13,11,283
21.5,12,13,12,284
21.5,12,13,13,286
21.5,12,13,14,287
21.5,12,13,15,288
21.5,12,14,0,270
21.5,12,14,1,272
21.5,12,14,2,273
21.5,12,14,3,274
21.5,12,14,4,276
21.5,12,14,5,277
21.5,12,14,6,278
21.5,12,14,7,280
21.5,12,14,8,281
21.5,12,14,9,282
21.5,12,14,10,283
21.5,12,14,11,285
21.5,12,14,12,286
21.5,12,14,13,287
21.5,12,14,14,288
21.5,12,14,15,290
21.5,12,15,0,272
21.5,12,15,1,273
21.5,12,15,2,275
21.5,12,15,3,276
21.5,12,15,4,277
21.5,12,15,5,278
21.5,12,15,6,280
21.5,12,15,7,281
21.5,12,15,8,282
21.5,12,15,9,284
21.5,12,15,10,285
21.5,12,15,11,286
21.5,12,15,12,287
21.5,12,15,13,289
21.5,12,15,14,290
21.5,12,15,15,291
21.5,13,0,0,254
21.5,13,0,1,255
21.5,13,0,2,256
21.5,13,0,3,257
21.5,13,0,4,259
21.5,13,0,5,260
21.5,13,0,6,261
21.5,13,0,7,262
21.5,13,0,8,263
21.5,13,0,9,265
21.5,13,0,10,266
21.5,13,0,11,267
21.5,13,0,12,268
21.5,13,0,13,269
21.5,13,0,14,271
21.5,13,0,15,272
21.5,13,1,0,255
21.5,13,1,1,256
21.5,13,1,2,258
21.5,13,1,3,259
21.5,13,1,4,260
21.5,13,1,5,261
21.5,13,1,6,263
21.5,13,1,7,264
21.5,13,1,8,265
21.5,13,1,9,266
21.5,13,1,10,267
21.5,13,1,11,269
21.5,13,1,12,270
21.5,13,1,13,271
21.5,13,1,14,272
21.5,13,1,15,273
21.5,13,2,0,257
21.5,13,2,1,258
21.5,13,2,2,259
21.5,13,2,3,260
21.5,13,2,4,262
21.5,13,2,5,263
21.5,13,2,6,264
21.5,13,2,7,265
21.5,13,2,8,267
21.5,13,2,9,268
21.5,13,2,10,269
21.5,13,2,11,270
21.5,13,2,12,271
21.5,13,2,13,273
21.5,13,2,14,274
21.5,13,2,15,275
21.5,13,3,0,258
21.5,13,3,1,259
21.5,13,3,2,261
21.5,13,3,3,262
21.5,13,3,4,263
21.5,13,3,5,264
21.5,13,3,6,266
21.5,13,3,7,267
21.5,13,3,8,268
21.5,13,3,9,269
21.5,13,3,10,271
21.5,13,3,11,272
21.5,13,3,12,273
21.5,13,3,13,274
21.5,13,3,14,275
21.5,13,3,15,277
21.5,13,4,0,260
21.5,13,4,1,261
21.5,13,4,2,262
21.5,13,4,3,264
21.5,13,4,4,265
21.5,13,4,5,266
21.5,13,4,6,267
21.5,13,4,7,269
21.5,13,4,8,270
21.5,13,4,9,271
21.5,13,4,10,272
21.5,13,4,11,273
21.5,13,4,12,275
21.5,13,4,13,276
21.5,13,4,14,277
21.5,13,4,15,278
21.5,13,5,0,261
21.5,13,5,1,262
21.5,13,5,2,264
21.5,13,5,3,265
21.5,13,5,4,266
21.5,13,5,5,268
21.5,13,5,6,269
21.5,13,5,7,270
21.5,13,5,8,271
21.5,13,5,9,273
21.5,13,5,10,274
21.5,13,5,11,275
21.5,13,5,12,276
21.5,13,5,13,277
21.5,13,5,14,279
21.5,13,5,15,280
21.5,13,6,0,263
21.5,13,6,1,264
21.5,13,6,2,265
21.5,13,6,3,267
21.5,13,6,4,268
21.5,13,6,5,269
21.5,13,6,6,270
21.5,13,6,7,272
21.5,13,6,8,273
21.5,13,6,9,274
21.5,13,6,10,275
21.5,13,6,11,277
21.5,13,6,12,278
21.5,13,6,13,279
21.5,13,6,14,280
21.5,13,6,15,281
21.5,13,7,0,264
21.5,13,7,1,265
21.5,13,7,2,267
21.5,13,7,3,268
21.5,13,7,4,269
21.5,13,7,5,271
21.5,13,7,6,272
21.5,13,7,7,273
21.5,13,7,8,274
21.5,13,7,9,276
21.5,13,7,10,277
21.5,13,7,11,278
21.5,13,7,12,279
21.5,13,7,13,281
21.5,13,7,14,282
21.5,13,7,15,283
21.5,13,8,0,266
21.5,13,8,1,267
21.5,13,8,2,268
21.5,13,8,3,270
21.5,13,8,4,271
21.5,13,8,5,272
21.5,13,8,6,273
21.5,13,8,7,275
21.5,13,8,8,276
21.5,13,8,9,277
21.5,13,8,10,278
21.5,13,8,11,280
21.5,13,8,12,281
21.5,13,8,13,282
21.5,13,8,14,283
21.5,13,8,15,285
21.5,13,9,0,267
21.5,13,9,1,268
21.5,13,9,2,270
21.5,13,9,3,271
21.5,13,9,4,272
21.5,13,9,5,274
21.5,13,9,6,275
21.5,13,9,7,276
21.5,13,9,8,277
21.5,13,9,9,279
21.5,13,9,10,280
21.5,13,9,11,281
21.5,13,9,12,282
21.5,13,9,13,284
21.5,13,9,14,285
21.5,13,9,15,286
21.5,13,10,0,269
21.5,13,10,1,270
21.5,13,10,2,271
21.5,13,10,3,272
21.5,13,10,4,274
21.5,13,10,5,275
21.5,13,10,6,276
21.5,13,10,7,278
21.5,13,10,8,279
21.5,13,10,9,280
21.5,13,10,10,281
21.5,13,10,11,283
21.5,13,10,12,284
21.5,13,10,13,285
21.5,13,10,14,286
21.5,13,10,15,288
21.5,13,11,0,270
21.5,13,11,1,271
21.5,13,11,2,273
21.5,13,11,3,274
21.5,13,11,4,275
21.5,13,11,5,277
21.5,13,11,6,278
21.5,13,11,7,279
21.5,13,11,8,280
21.5,13,11,9,282
21.5,13,11,10,283
21.5,13,11,11,284
21.5,13,11,12,285
21.5,13,11,13,287
21.5,13,11,14,288
21.5,13,11,15,289
21.5,13,12,0,271
21.5,13,12,1,273
21.5,13,12,2,274
21.5,13,12,3,275
21.5,13,12,4,277
21.5,13,12,5,278
21.5,13,12,6,279
21.5,13,12,7,281
21.5,13,12,8,282
21.5,13,12,9,283
21.5,13,12,10,284
21.5,13,12,11,286
21.5,13,12,12,287
21.5,13,12,13,288
21.5,13,12,14,289
21.5,13,12,15,291
21.5,13,13,0,273
21.5,13,13,1,274
21.5,13,13,2,276
21.5,13,13,3,277
21.5,13,13,4,278
21.5,13,13,5,279
21.5,13,13,6,281
21.5,13,13,7,282
21.5,13,13,8,283
21.5,13,13,9,285
21.5,13,13,10,286
21.5,13,13,11,287
21.5,13,13,12,288
21.5,13,13,13,290
21.5,13,13,14,291
21.5,13,13,15,292
21.5,13,14,0,274
21.5,13,14,1,276
21.5,13,14,2,277
21.5,13,14,3,278
21.5,13,14,4,280
21.5,13,14,5,281
21.5,13,14,6,282
21.5,13,14,7,284
21.5,13,14,8,285
21.5,13,14,9,286
21.5,13,14,10,287
21.5,13,14,11,289
21.5,13,14,12,290
21.5,13,14,13,291
21.5,13,14,14,293
21.5,13,14,15,294
21.5,13,15,0,276
21.5,13,15,1,277
21.5,13,15,2,278
21.5,13,15,3,280
21.5,13,15,4,281
21.5,13,15,5,282
21.5,13,15,6,284
21.5,13,15,7,285
21.5,13,15,8,286
21.5,13,15,9,288
21.5,13,15,10,289
21.5,13,15,11,290
21.5,13,15,12,291
21.5,13,15,13,293
21.5,13,15,14,294
21.5,13,15,15,295
21.5,14,0,0,257
21.5,14,0,1,258
21.5,14,0,2,260
21.5,14,0,3,261
21.5,14,0,4,262
21.5,14,0,5,263
21.5,14,0,6,265
21.5,14,0,7,266
21.5,14,0,8,267
21.5,14,0,9,268
21.5,14,0,10,270
21.5,14,0,11,271
21.5,14,0,12,272
21.5,14,0,13,273
21.5,14,0,14,274
21.5,14,0,15,275
21.5,14,1,0,259
21.5,14,1,1,260
21.5,14,1,2,261
21.5,14,1,3,263
21.5,14,1,4,264
21.5,14,1,5,265
21.5,14,1,6,266
21.5,14,1,7,267
21.5,14,1,8,269
21.5,14,1,9,270
21.5,14,1,10,271
21.5,14,1,11,272
21.5,14,1,12,274
21.5,14,1,13,275
21.5,14,1,14,276
21.5,14,1,15,277
21.5,14,2,0,260
21.5,14,2,1,262
21.5,14,2,2,263
21.5,14,2,3,264
21.5,14,2,4,265
21.5,14,2,5,267
21.5,14,2,6,268
21.5,14,2,7,269
21.5,14,2,8,270
21.5,14,2,9,272
21.5,14,2,10,273
21.5,14,2,11,274
21.5,14,2,12,275
21.5,14,2,13,276
21.5,14,2,14,278
21.5,14,2,15,279
21.5,14,3,0,262
21.5,14,3,1,263
21.5,14,3,2,264
21.5,14,3,3,266
21.5,14,3,4,267
21.5,14,3,5,268
21.5,14,3,6,269
21.5,14,3,7,271
21.5,14,3,8,272
21.5,14,3,9,273
21.5,14,3,10,274
21.5,14,3,11,276
21.5,14,3,12,277
21.5,14,3,13,278
21.5,14,3,14,279
21.5,14,3,15,280
21.5,14,4,0,263
21.5,14,4,1,265
21.5,14,4,2,266
21.5,14,4,3,267
21.5,14,4,4,268
21.5,14,4,5,270
21.5,14,4,6,271
21.5,14,4,7,272
21.5,14,4,8,273
21.5,14,4,9,275
21.5,14,4,10,276
21.5,14,4,11,277
21.5,14,4,12,278
21.5,14,4,13,280
21.5,14,4,14,281
21.5,14,4,15,282
21.5,14,5,0,265
21.5,14,5,1,266
21.5,14,5,2,267
21.5,14,5,3,269
21.5,14,5,4,270
21.5,14,5,5,271
21.5,14,5,6,273
21.5,14,5,7,274
21.5,14,5,8,275
21.5,14,5,9,276
21.5,14,5,10,278
21.5,14,5,11,279
21.5,14,5,12,280
21.5,14,5,13,281
21.5,14,5,14,282
21.5,14,5,15,284
21.5,14,6,0,266
21.5,14,6,1,268
21.5,14,6,2,269
21.5,14,6,3,270
21.5,14,6,4,272
21.5,14,6,5,273
21.5,14,6,6,274
21.5,14,6,7,275
21.5,14,6,8,277
21.5,14,6,9,278
21.5,14,6,10,279
21.5,14,6,11,280
21.5,14,6,12,282
21.5,14,6,13,283
21.5,14,6,14,284
21.5,14,6,15,285
21.5,14,7,0,268
21.5,14,7,1,269
21.5,14,7,2,270
21.5,14,7,3,272
21.5,14,7,4,273
21.5,14,7,5,274
21.5,14,7,6,276
21.5,14,7,7,277
21.5,14,7,8,278
21.5,14,7,9,279
21.5,14,7,10,281
21.5,14,7,11,282
21.5,14,7,12,283
21.5,14,7,13,284
21.5,14,7,14,286
21.5,14,7,15,287
21.5,14,8,0,269
21.5,14,8,1,271
21.5,14,8,2,272
21.5,14,8,3,273
21.5,14,8,4,275
21.5,14,8,5,276
21.5,14,8,6,277
21.5,14,8,7,278
21.5,14,8,8,280
21.5,14,8,9,281
21.5,14,8,10,282
21.5,14,8,11,284
21.5,14,8,12,285
21.5,14,8,13,286
21.5,14,8,14,287
21.5,14,8,15,288
21.5,14,9,0,271
21.5,14,9,1,272
21.5,14,9,2,273
21.5,14,9,3,275
21.5,14,9,4,276
21.5,14,9,5,277
21.5,14,9,6,279
21.5,14,9,7,280
21.5,14,9,8,281
21.5,14,9,9,283
21.5,14,9,10,284
21.5,14,9,11,285
21.5,14,9,12,286
21.5,14,9,13,288
21.5,14,9,14,289
21.5,14,9,15,290
21.5,14,10,0,272
21.5,14,10,1,274
21.5,14,10,2,275
21.5,14,10,3,276
21.5,14,10,4,278
21.5,14,10,5,279
21.5,14,10,6,280
21.5,14,10,7,281
21.5,14,10,8,283
21.5,14,10,9,284
21.5,14,10,10,285
21.5,14,10,11,287
21.5,14,10,12,288
21.5,14,10,13,289
21.5,14,10,14,290
21.5,14,10,15,292
21.5,14,11,0,274
21.5,14,11,1,275
21.5,14,11,2,276
21.5,14,11,3,278
21.5,14,11,4,279
21.5,14,11,5,280
21.5,14,11,6,282
21.5,14,11,7,283
21.5,14,11,8,284
21.5,14,11,9,286
21.5,14,11,10,287
21.5,14,11,11,288
21.5,14,11,12,289
21.5,14,11,13,291
21.5,14,11,14,292
21.5,14,11,15,293
21.5,14,12,0,275
21.5,14,12,1,277
21.5,14,12,2,278
21.5,14,12,3,279
21.5,14,12,4,281
21.5,14,12,5,282
21.5,14,12,6,283
21.5,14,12,7,285
21.5,14,12,8,286
21.5,14,12,9,287
21.5,14,12,10,288
21.5,14,12,11,290
21.5,14,12,12,291
21.5,14,12,13,292
21.5,14,12,14,294
21.5,14,12,15,295
21.5,14,13,0,277
21.5,14,13,1,278
21.5,14,13,2,279
21.5,14,13,3,281
21.5,14,13,4,282
21.5,14,13,5,283
21.5,14,13,6,285
21.5,14,13,7,286
21.5,14,13,8,287
21.5,14,13,9,289
21.5,14,13,10,290
21.5,14,13,11,291
21.5,14,13,12,292
21.5,14,13,13,294
21.5,14,13,14,295
21.5,14,13,15,296
21.5,14,14,0,278
21.5,14,14,1,279
21.5,14,14,2,281
21.5,14,14,3,282
21.5,14,14,4,283
21.5,14,14,5,285
21.5,14,14,6,286
21.5,14,14,7,287
21.5,14,14,8,289
21.5,14,14,9,290
21.5,14,14,10,291
21.5,14,14,11,293
21.5,14,14,12,294
21.5,14,14,13,295
21.5,14,14,14,297
21.5,14,14,15,298
21.5,14,15,0,280
21.5,14,15,1,281
21.5,14,15,2,282
21.5,14,15,3,284
21.5,14,15,4,285
21.5,14,15,5,286
21.5,14,15,6,288
21.5,14,15,7,289
21.5,14,15,8,290
21.5,14,15,9,292
21.5,14,15,10,293
21.5,14,15,11,294
21.5,14,15,12,296
21.5,14,15,13,297
21.5,14,15,14,298
21.5,14,15,15,299
21.5,15,0,0,261
21.5,15,0,1,262
21.5,15,0,2,263
21.5,15,0,3,265
21.5,15,0,4,266
21.5,15,0,5,267
21.5,15,0,6,268
21.5,15,0,7,270
21.5,15,0,8,271
21.5,15,0,9,272
21.5,15,0,10,273
21.5,15,0,11,274
21.5,15,0,12,276
21.5,15,0,13,277
21.5,15,0,14,278
21.5,15,0,15,279
21.5,15,1,0,262
21.5,15,1,1,264
21.5,15,1,2,265
21.5,15,1,3,266
21.5,15,1,4,267
21.5,15,1,5,269
21.5,15,1,6,270
21.5,15,1,7,271
21.5,15,1,8,272
21.5,15,1,9,274
21.5,15,1,10,275
21.5,15,1,11,276
21.5,15,1,12,277
21.5,15,1,13,279
21.5,15,1,14,280
21.5,15,1,15,281
21.5,15,2,0,264
21.5,15,2,1,265
21.5,15,2,2,266
21.5,15,2,3,268
21.5,15,2,4,269
21.5,15,2,5,270
21.5,15,2,6,272
21.5,15,2,7,273
21.5,15,2,8,274
21.5,15,2,9,275
21.5,15,2,10,277
21.5,15,2,11,278
21.5,15,2,12,279
21.5,15,2,13,280
21.5,15,2,14,281
21.5,15,2,15,283
21.5,15,3,0,265
21.5,15,3,1,267
21.5,15,3,2,268
21.5,15,3,3,269
21.5,15,3,4,271
21.5,15,3,5,272
21.5,15,3,6,273
21.5,15,3,7,274
21.5,15,3,8,276
21.5,15,3,9,277
21.5,15,3,10,278
21.5,15,3,11,279
21.5,15,3,12,281
21.5,15,3,13,282
21.5,15,3,14,283
21.5,15,3,15,284
21.5,15,4,0,267
21.5,15,4,1,268
21.5,15,4,2,270
21.5,15,4,3,271
21.5,15,4,4,272
21.5,15,4,5,273
21.5,15,4,6,275
21.5,15,4,7,276
21.5,15,4,8,277
21.5,15,4,9,278
21.5,15,4,10,280
21.5,15,4,11,281
21.5,15,4,12,282
21.5,15,4,13,283
21.5,15,4,14,285
21.5,15,4,15,286
21.5,15,5,0,268
21.5,15,5,1,270
21.5,15,5,2,271
21.5,15,5,3,272
21.5,15,5,4,274
21.5,15,5,5,275
21.5,15,5,6,276
21.5,15,5,7,278
21.5,15,5,8,279
21.5,15,5,9,280
21.5,15,5,10,281
21.5,15,5,11,283
21.5,15,5,12,284
21.5,15,5,13,285
21.5,15,5,14,286
21.5,15,5,15,288
21.5,15,6,0,270
21.5,15,6,1,271
21.5,15,6,2,273
21.5,15,6,3,274
21.5,15,6,4,275
21.5,15,6,5,277
21.5,15,6,6,278
21.5,15,6,7,279
21.5,15,6,8,280
21.5,15,6,9,282
21.5,15,6,10,283
21.5,15,6,11,284
21.5,15,6,12,285
21.5,15,6,13,287
21.5,15,6,14,288
21.5,15,6,15,289
21.5,15,7,0,272
21.5,15,7,1,273
21.5,15,7,2,274
21.5,15,7,3,275
21.5,15,7,4,277
21.5,15,7,5,278
21.5,15,7,6,279
21.5,15,7,7,281
21.5,15,7,8,282
21.5,15,7,9,283
21.5,15,7,10,285
21.5,15,7,11,286
21.5,15,7,12,287
21.5,15,7,13,288
21.5,15,7,14,290
21.5,15,7,15,291
21.5,15,8,0,273
21.5,15,8,1,274
21.5,15,8,2,276
21.5,15,8,3,277
21.5,15,8,4,278
21.5,15,8,5,280
21.5,15,8,6,281
21.5,15,8,7,282
21.5,15,8,8,284
21.5,15,8,9,285
21.5,15,8,10,286
21.5,15,8,11,287
21.5,15,8,12,289
21.5,15,8,13,290
21.5,15,8,14,291
21.5,15,8,15,292
21.5,15,9,0,275
21.5,15,9,1,276
21.5,15,9,2,277
21.5,15,9,3,279
21.5,15,9,4,280
21.5,15,9,5,281
21.5,15,9,6,282
21.5,15,9,7,284
21.5,15,9,8,285
21.5,15,9,9,286
21.5,15,9,10,288
21.5,15,9,11,289
21.5,15,9,12,290
21.5,15,9,13,292
21.5,15,9,14,293
21.5,15,9,15,294
21.5,15,10,0,276
21.5,15,10,1,277
21.5,15,10,2,279
21.5,15,10,3,280
21.5,15,10,4,281
21.5,15,10,5,283
21.5,15,10,6,284
21.5,15,10,7,285
21.5,15,10,8,287
21.5,15,10,9,288
21.5,15,10,10,289
21.5,15,10,11,291
21.5,15,10,12,292
21.5,15,10,13,293
21.5,15,10,14,294
21.5,15,10,15,296
21.5,15,11,0,277
21.5,15,11,1,279
21.5,15,11,2,280
21.5,15,11,3,282
21.5,15,11,4,283
21.5,15,11,5,284
21.5,15,11,6,286
21.5,15,11,7,287
21.5,15,11,8,288
21.5,15,11,9,290
21.5,15,11,10,291
21.5,15,11,11,292
21.5,15,11,12,293
21.5,15,11,13,295
21.5,15,11,14,296
21.5,15,11,15,297
21.5,15,12,0,279
21.5,15,12,1,280
21.5,15,12,2,282
21.5,15,12,3,283
21.5,15,12,4,284
21.5,15,12,5,286
21.5,15,12,6,287
21.5,15,12,7,288
21.5,15,12,8,290
21.5,15,12,9,291
21.5,15,12,10,292
21.5,15,12,11,294
21.5,15,12,12,295
21.5,15,12,13,296
21.5,15,12,14,298
21.5,15,12,15,299
21.5,15,13,0,280
21.5,15,13,1,282
21.5,15,13,2,283
21.5,15,13,3,285
21.5,15,13,4,286
21.5,15,13,5,287
21.5,15,13,6,289
21.5,15,13,7,290
21.5,15,13,8,291
21.5,15,13,9,293
21.5,15,13,10,294
21.5,15,13,11,295
21.5,15,13,12,297
21.5,15,13,13,298
21.5,15,13,14,299
21.5,15,13,15,300
21.5,15,14,0,282
21.5,15,14,1,283
21.5,15,14,2,285
21.5,15,14,3,286
21.5,15,14,4,287
21.5,15,14,5,289
21.5,15,14,6,290
21.5,15,14,7,291
21.5,15,14,8,293
21.5,15,14,9,294
21.5,15,14,10,295
21.5,15,14,11,297
21.5,15,14,12,298
21.5,15,14,13,299
21.5,15,14,14,301
21.5,15,14,15,302
21.5,15,15,0,283
21.5,15,15,1,285
21.5,15,15,2,286
21.5,15,15,3,287
21.5,15,15,4,289
21.5,15,15,5,290
21.5,15,15,6,292
21.5,15,15,7,293
21.5,15,15,8,294
21.5,15,15,9,296
21.5,15,15,10,297
21.5,15,15,11,298
21.5,15,15,12,300
21.5,15,15,13,301
21.5,15,15,14,302
21.5,15,15,15,304
22.0,0,0,0,213
22.0,0,0,1,214
22.0,0,0,2,215
22.0,0,0,3,216
22.0,0,0,4,217
22.0,0,0,5,218
22.0,0,0,6,219
22.0,0,0,7,220
22.0,0,0,8,221
22.0,0,0,9,222
22.0,0,0,10,223
22.0,0,0,11,224
22.0,0,0,12,225
22.0,0,0,13,226
22.0,0,0,14,227
22.0,0,0,15,228
22.0,0,1,0,214
22.0,0,1,1,215
22.0,0,1,2,216
22.0,0,1,3,217
22.0,0,1,4,218
22.0,0,1,5,219
22.0,0,1,6,220
22.0,0,1,7,221
22.0,0,1,8,222
22.0,0,1,9,223
22.0,0,1,10,224
22.0,0,1,11,225
22.0,0,1,12,226
22.0,0,1,13,227
22.0,0,1,14,228
22.0,0,1,15,229
22.0,0,2,0,215
22.0,0,2,1,216
22.0,0,2,2,217
22.0,0,2,3,218
22.0,0,2,4,219
22.0,0,2,5,220
22.0,0,2,6,221
22.0,0,2,7,222
22.0,0,2,8,223
22.0,0,2,9,224
22.0,0,2,10,225
22.0,0,2,11,227
22.0,0,2,12,228
22.0,0,2,13,229
22.0,0,2,14,229
22.0,0,2,15,230
22.0,0,3,0,216
22.0,0,3,1,217
22.0,0,3,2,219
22.0,0,3,3,220
22.0,0,3,4,221
22.0,0,3,5,222
22.0,0,3,6,223
22.0,0,3,7,224
22.0,0,3,8,225
22.0,0,3,9,226
22.0,0,3,10,227
22.0,0,3,11,228
22.0,0,3,12,229
22.0,0,3,13,230
22.0,0,3,14,231
22.0,0,3,15,232
22.0,0,4,0,218
22.0,0,4,1,219
22.0,0,4,2,220
22.0,0,4,3,221
22.0,0,4,4,222
22.0,0,4,5,223
22.0,0,4,6,224
22.0,0,4,7,225
22.0,0,4,8,226
22.0,0,4,9,227
22.0,0,4,10,228
22.0,0,4,11,229
22.0,0,4,12,230
22.0,0,4,13,231
22.0,0,4,14,232
22.0,0,4,15,233
22.0,0,5,0,219
22.0,0,5,1,220
22.0,0,5,2,221
22.0,0,5,3,222
22.0,0,5,4,223
22.0,0,5,5,224
22.0,0,5,6,225
22.0,0,5,7,226
22.0,0,5,8,227
22.0,0,5,9,228
22.0,0,5,10,229
22.0,0,5,11,230
22.0,0,5,12,231
22.0,0,5,13,233
22.0,0,5,14,234
22.0,0,5,15,235
22.0,0,6,0,220
22.0,0,6,1,221
22.0,0,6,2,222
22.0,0,6,3,223
22.0,0,6,4,224
22.0,0,6,5,226
22.0,0,6,6,227
22.0,0,6,7,228
22.0,0,6,8,229
22.0,0,6,9,230
22.0,0,6,10,231
22.0,0,6,11,232
22.0,0,6,12,233
22.0,0,6,13,234
22.0,0,6,14,235
22.0,0,6,15,236
22.0,0,7,0,221
22.0,0,7,1,223
22.0,0,7,2,224
22.0,0,7,3,225
22.0,0,7,4,226
22.0,0,7,5,227
22.0,0,7,6,228
22.0,0,7,7,229
22.0,0,7,8,230
22.0,0,7,9,231
22.0,0,7,10,232
22.0,0,7,11,233
22.0,0,7,12,234
22.0,0,7,13,235
22.0,0,7,14,236
22.0,0,7,15,237
22.0,0,8,0,223
22.0,0,8,1,224
22.0,0,8,2,225
22.0,0,8,3,226
22.0,0,8,4,227
22.0,0,8,5,228
22.0,0,8,6,229
22.0,0,8,7,230
22.0,0,8,8,231
22.0,0,8,9,232
22.0,0,8,10,233
22.0,0,8,11,234
22.0,0,8,12,235
22.0,0,8,13,236
22.0,0,8,14,237
22.0,0,8,15,239
22.0,0,9,0,224
22.0,0,9,1,225
22.0,0,9,2,226
22.0,0,9,3,227
22.0,0,9,4,228
22.0,0,9,5,229
22.0,0,9,6,230
22.0,0,9,7,231
22.0,0,9,8,233
22.0,0,9,9,234
22.0,0,9,10,235
22.0,0,9,11,236
22.0,0,9,12,237
22.0,0,9,13,238
22.0,0,9,14,239
22.0,0,9,15,240
22.0,0,10,0,225
22.0,0,10,1,226
22.0,0,10,2,227
22.0,0,10,3,228
22.0,0,10,4,229
22.0,0,10,5,231
22.0,0,10,6,232
22.0,0,10,7,233
22.0,0,10,8,234
22.0,0,10,9,235
22.0,0,10,10,236
22.0,0,10,11,237
22.0,0,10,12,238
22.0,0,10,13,239
22.0,0,10,14,240
22.0,0,10,15,241
22.0,0,11,0,226
22.0,0,11,1,227
22.0,0,11,2,229
22.0,0,11,3,230
22.0,0,11,4,231
22.0,0,11,5,232
22.0,0,11,6,233
22.0,0,11,7,234
22.0,0,11,8,235
22.0,0,11,9,236
22.0,0,11,10,237
22.0,0,11,11,238
22.0,0,11,12,239
22.0,0,11,13,240
22.0,0,11,14,241
22.0,0,11,15,242
22.0,0,12,0,228
22.0,0,12,1,229
22.0,0,12,2,230
22.0,0,12,3,231
22.0,0,12,4,232
22.0,0,12,5,233
22.0,0,12,6,234
22.0,0,12,7,235
22.0,0,12,8,236
22.0,0,12,9,237
22.0,0,12,10,238
22.0,0,12,11,239
22.0,0,12,12,241
22.0,0,12,13,242
22.0,0,12,14,243
22.0,0,12,15,244
22.0,0,13,0,229
22.0,0,13,1,230
22.0,0,13,2,231
22.0,0,13,3,232
22.0,0,13,4,233
22.0,0,13,5,234
22.0,0,13,6,235
22.0,0,13,7,236
22.0,0,13,8,238
22.0,0,13,9,239
22.0,0,13,10,240
22.0,0,13,11,241
22.0,0,13,12,242
22.0,0,13,13,243
22.0,0,13,14,244
22.0,0,13,15,245
22.0,0,14,0,230
22.0,0,14,1,231
22.0,0,14,2,232
22.0,0,14,3,233
22.0,0,14,4,234
22.0,0,14,5,235
22.0,0,14,6,237
22.0,0,14,7,238
22.0,0,14,8,239
22.0,0,14,9,240
22.0,0,14,10,241
22.0,0,14,11,242
22.0,0,14,12,243
22.0,0,14,13,244
22.0,0,14,14,245
22.0,0,14,15,246
22.0,0,15,0,231
22.0,0,15,1,232
22.0,0,15,2,233
22.0,0,15,3,234
22.0,0,15,4,236
22.0,0,15,5,237
22.0,0,15,6,238
22.0,0,15,7,239
22.0,0,15,8,240
22.0,0,15,9,241
22.0,0,15,10,242
22.0,0,15,11,243
22.0,0,15,12,244
22.0,0,15,13,245
22.0,0,15,14,246
22.0,0,15,15,248
22.0,1,0,0,216
22.0,1,0,1,217
22.0,1,0,2,218
22.0,1,0,3,219
22.0,1,0,4,220
22.0,1,0,5,221
22.0,1,0,6,223
22.0,1,0,7,224
22.0,1,0,8,225
22.0,1,0,9,226
22.0,1,0,10,227
22.0,1,0,11,228
22.0,1,0,12,229
22.0,1,0,13,230
22.0,1,0,14,231
22.0,1,0,15,232
22.0,1,1,0,218
22.0,1,1,1,219
22.0,1,1,2,220
22.0,1,1,3,221
22.0,1,1,4,222
22.0,1,1,5,223
22.0,1,1,6,224
22.0,1,1,7,225
22.0,1,1,8,226
22.0,1,1,9,227
22.0,1,1,10,228
22.0,1,1,11,229
22.0,1,1,12,230
22.0,1,1,13,231
22.0,1,1,14,232
22.0,1,1,15,233
22.0,1,2,0,219
22.0,1,2,1,220
22.0,1,2,2,221
22.0,1,2,3,222
22.0,1,2,4,223
22.0,1,2,5,224
22.0,1,2,6,225
22.0,1,2,7,226
22.0,1,2,8,227
22.0,1,2,9,228
22.0,1,2,10,229
22.0,1,2,11,230
22.0,1,2,12,231
22.0,1,2,13,232
22.0,1,2,14,233
22.0,1,2,15,234
22.0,1,3,0,220
22.0,1,3,1,221
22.0,1,3,2,222
22.0,1,3,3,223
22.0,1,3,4,224
22.0,1,3,5,225
22.0,1,3,6,227
22.0,1,3,7,228
22.0,1,3,8,229
22.0,1,3,9,230
22.0,1,3,10,231
22.0,1,3,11,232
22.0,1,3,12,233
22.0,1,3,13,234
22.0,1,3,14,235
22.0,1,3,15,236
22.0,1,4,0,221
22.0,1,4,1,222
22.0,1,4,2,224
22.0,1,4,3,225
22.0,1,4,4,226
22.0,1,4,5,227
22.0,1,4,6,228
22.0,1,4,7,229
22.0,1,4,8,230
22.0,1,4,9,231
22.0,1,4,10,232
22.0,1,4,11,233
22.0,1,4,12,234
22.0,1,4,13,235
22.0,1,4,14,236
22.0,1,4,15,237
22.0,1,5,0,223
22.0,1,5,1,224
22.0,1,5,2,225
22.0,1,5,3,226
22.0,1,5,4,227
22.0,1,5,5,228
22.0,1,5,6,229
22.0,1,5,7,230
22.0,1,5,8,231
22.0,1,5,9,232
22.0,1,5,10,233
22.0,1,5,11,234
22.0,1,5,12,235
22.0,1,5,13,236
22.0,1,5,14,237
22.0,1,5,15,239
22.0,1,6,0,224
22.0,1,6,1,225
22.0,1,6,2,226
22.0,1,6,3,227
22.0,1,6,4,228
22.0,1,6,5,229
22.0,1,6,6,230
22.0,1,6,7,232
22.0,1,6,8,233
22.0,1,6,9,234
22.0,1,6,10,235
22.0,1,6,11,236
22.0,1,6,12,237
22.0,1,6,13,238
22.0,1,6,14,239
22.0,1,6,15,240
22.0,1,7,0,225
22.0,1,7,1,226
22.0,1,7,2,227
22.0,1,7,3,228
22.0,1,7,4,230
22.0,1,7,5,231
22.0,1,7,6,232
22.0,1,7,7,233
22.0,1,7,8,234
22.0,1,7,9,235
22.0,1,7,10,236
22.0,1,7,11,237
22.0,1,7,12,238
22.0,1,7,13,239
22.0,1,7,14,240
22.0,1,7,15,241
22.0,1,8,0,226
22.0,1,8,1,228
22.0,1,8,2,229
22.0,1,8,3,230
22.0,1,8,4,231
22.0,1,8,5,232
22.0,1,8,6,233
22.0,1,8,7,234
22.0,1,8,8,235
22.0,1,8,9,236
22.0,1,8,10,237
22.0,1,8,11,238
22.0,1,8,12,239
22.0,1,8,13,240
22.0,1,8,14,242
22.0,1,8,15,243
22.0,1,9,0,228
22.0,1,9,1,229
22.0,1,9,2,230
22.0,1,9,3,231
22.0,1,9,4,232
22.0,1,9,5,233
22.0,1,9,6,234
22.0,1,9,7,235
22.0,1,9,8,236
22.0,1,9,9,238
22.0,1,9,10,239
22.0,1,9,11,240
22.0,1,9,12,241
22.0,1,9,13,242
22.0,1,9,14,243
22.0,1,9,15,244
22.0,1,10,0,229
22.0,1,10,1,230
22.0,1,10,2,231
22.0,1,10,3,232
22.0,1,10,4,233
22.0,1,10,5,234
22.0,1,10,6,236
22.0,1,10,7,237
22.0,1,10,8,238
22.0,1,10,9,239
22.0,1,10,10,240
22.0,1,10,11,241
22.0,1,10,12,242
22.0,1,10,13,243
22.0,1,10,14,244
22.0,1,10,15,245
22.0,1,11,0,230
22.0,1,11,1,231
22.0,1,11,2,232
22.0,1,11,3,234
22.0,1,11,4,235
22.0,1,11,5,236
22.0,1,11,6,237
22.0,1,11,7,238
22.0,1,11,8,239
22.0,1,11,9,240
22.0,1,11,10,241
22.0,1,11,11,242
22.0,1,11,12,243
22.0,1,11,13,244
22.0,1,11,14,245
22.0,1,11,15,247
22.0,1,12,0,231
22.0,1,12,1,233
22.0,1,12,2,234
22.0,1,12,3,235
22.0,1,12,4,236
22.0,1,12,5,237
22.0,1,12,6,238
22.0,1,12,7,239
22.0,1,12,8,240
22.0,1,12,9,241
22.0,1,12,10,242
22.0,1,12,11,244
22.0,1,12,12,245
22.0,1,12,13,246
22.0,1,12,14,247
22.0,1,12,15,248
22.0,1,13,0,233
22.0,1,13,1,234
22.0,1,13,2,235
22.0,1,13,3,236
22.0,1,13,4,237
22.0,1,13,5,238
22.0,1,13,6,239
22.0,1,13,7,240
22.0,1,13,8,242
22.0,1,13,9,243
22.0,1,13,10,244
22.0,1,13,11,245
22.0,1,13,12,246
22.0,1,13,13,247
22.0,1,13,14,248
22.0,1,13,15,249
22.0,1,14,0,234
22.0,1,14,1,235
22.0,1,14,2,236
22.0,1,14,3,237
22.0,1,14,4,238
22.0,1,14,5,239
22.0,1,14,6,241
22.0,1,14,7,242
22.0,1,14,8,243
22.0,1,14,9,244
22.0,1,14,10,245
22.0,1,14,11,246
22.0,1,14,12,247
22.0,1,14,13,248
22.0,1,14,14,249
22.0,1,14,15,250
22.0,1,15,0,235
22.0,1,15,1,236
22.0,1,15,2,237
22.0,1,15,3,238
22.0,1,15,4,240
22.0,1,15,5,241
22.0,1,15,6,242
22.0,1,15,7,243
22.0,1,15,8,244
22.0,1,15,9,245
22.0,1,15,10,246
22.0,1,15,11,247
22.0,1,15,12,248
22.0,1,15,13,250
22.0,1,15,14,251
22.0,1,15,15,252
22.0,2,0,0,220
22.0,2,0,1,221
22.0,2,0,2,222
22.0,2,0,3,223
22.0,2,0,4,224
22.0,2,0,5,225
22.0,2,0,6,226
22.0,2,0,7,227
22.0,2,0,8,228
22.0,2,0,9,229
22.0,2,0,10,230
22.0,2,0,11,231
22.0,2,0,12,232
22.0,2,0,13,233
22.0,2,0,14,234
22.0,2,0,15,235
22.0,2,1,0,221
22.0,2,1,1,222
22.0,2,1,2,223
22.0,2,1,3,224
22.0,2,1,4,225
22.0,2,1,5,227
22.0,2,1,6,228
22.0,2,1,7,229
22.0,2,1,8,230
22.0,2,1,9,231
22.0,2,1,10,232
22.0,2,1,11,233
22.0,2,1,12,234
22.0,2,1,13,235
22.0,2,1,14,236
22.0,2,1,15,237
22.0,2,2,0,222
22.0,2,2,1,224
22.0,2,2,2,225
22.0,2,2,3,226
22.0,2,2,4,227
22.0,2,2,5,228
22.0,2,2,6,229
22.0,2,2,7,230
22.0,2,2,8,231
22.0,2,2,9,232
22.0,2,2,10,233
22.0,2,2,11,234
22.0,2,2,12,235
22.0,2,2,13,236
22.0,2,2,14,237
22.0,2,2,15,238
22.0,2,3,0,224
22.0,2,3,1,225
22.0,2,3,2,226
22.0,2,3,3,227
22.0,2,3,4,228
22.0,2,3,5,229
22.0,2,3,6,230
22.0,2,3,7,231
22.0,2,3,8,232
22.0,2,3,9,233
22.0,2,3,10,235
22.0,2,3,11,236
22.0,2,3,12,237
22.0,2,3,13,238
22.0,2,3,14,239
22.0,2,3,15,240
22.0,2,4,0,225
22.0,2,4,1,226
22.0,2,4,2,227
22.0,2,4,3,228
22.0,2,4,4,229
22.0,2,4,5,231
22.0,2,4,6,232
22.0,2,4,7,233
22.0,2,4,8,234
22.0,2,4,9,235
22.0,2,4,10,236
22.0,2,4,11,237
22.0,2,4,12,238
22.0,2,4,13,239
22.0,2,4,14,240
22.0,2,4,15,241
22.0,2,5,0,226
22.0,2,5,1,227
22.0,2,5,2,229
22.0,2,5,3,230
22.0,2,5,4,231
22.0,2,5,5,232
22.0,2,5,6,233
22.0,2,5,7,234
22.0,2,5,8,235
22.0,2,5,9,236
22.0,2,5,10,237
22.0,2,5,11,238
22.0,2,5,12,239
22.0,2,5,13,240
22.0,2,5,14,241
22.0,2,5,15,242
22.0,2,6,0,228
22.0,2,6,1,229
22.0,2,6,2,230
22.0,2,6,3,231
22.0,2,6,4,232
22.0,2,6,5,233
22.0,2,6,6,234
22.0,2,6,7,235
22.0,2,6,8,236
22.0,2,6,9,238
22.0,2,6,10,239
22.0,2,6,11,240
22.0,2,6,12,241
22.0,2,6,13,242
22.0,2,6,14,243
22.0,2,6,15,244
22.0,2,7,0,229
22.0,2,7,1,230
22.0,2,7,2,231
22.0,2,7,3,232
22.0,2,7,4,233
22.0,2,7,5,235
22.0,2,7,6,236
22.0,2,7,7,237
22.0,2,7,8,238
22.0,2,7,9,239
22.0,2,7,10,240
22.0,2,7,11,241
22.0,2,7,12,242
22.0,2,7,13,243
22.0,2,7,14,244
22.0,2,7,15,245
22.0,2,8,0,230
22.0,2,8,1,231
22.0,2,8,2,232
22.0,2,8,3,234
22.0,2,8,4,235
22.0,2,8,5,236
22.0,2,8,6,237
22.0,2,8,7,238
22.0,2,8,8,239
22.0,2,8,9,240
22.0,2,8,10,241
22.0,2,8,11,242
22.0,2,8,12,243
22.0,2,8,13,244
22.0,2,8,14,246
22.0,2,8,15,247
22.0,2,9,0,231
22.0,2,9,1,233
22.0,2,9,2,234
22.0,2,9,3,235
22.0,2,9,4,236
22.0,2,9,5,237
22.0,2,9,6,238
22.0,2,9,7,239
22.0,2,9,8,240
22.0,2,9,9,242
22.0,2,9,10,243
22.0,2,9,11,244
22.0,2,9,12,245
22.0,2,9,13,246
22.0,2,9,14,247
22.0,2,9,15,248
22.0,2,10,0,233
22.0,2,10,1,234
22.0,2,10,2,235
22.0,2,10,3,236
22.0,2,10,4,237
22.0,2,10,5,238
22.0,2,10,6,240
22.0,2,10,7,241
22.0,2,10,8,242
22.0,2,10,9,243
22.0,2,10,10,244
22.0,2,10,11,245
22.0,2,10,12,246
22.0,2,10,13,247
22.0,2,10,14,248
22.0,2,10,15,249
22.0,2,11,0,234
22.0,2,11,1,235
22.0,2,11,2,236
22.0,2,11,3,237
22.0,2,11,4,239
22.0,2,11,5,240
22.0,2,11,6,241
22.0,2,11,7,242
22.0,2,11,8,243
22.0,2,11,9,244
22.0,2,11,10,245
22.0,2,11,11,246
22.0,2,11,12,247
22.0,2,11,13,248
22.0,2,11,14,250
22.0,2,11,15,251
22.0,2,12,0,235
22.0,2,12,1,236
22.0,2,12,2,238
22.0,2,12,3,239
22.0,2,12,4,240
22.0,2,12,5,241
22.0,2,12,6,242
22.0,2,12,7,243
22.0,2,12,8,244
22.0,2,12,9,245
22.0,2,12,10,247
22.0,2,12,11,248
22.0,2,12,12,249
22.0,2,12,13,250
22.0,2,12,14,251
22.0,2,12,15,252
22.0,2,13,0,236
22.0,2,13,1,238
22.0,2,13,2,239
22.0,2,13,3,240
22.0,2,13,4,241
22.0,2,13,5,242
22.0,2,13,6,243
22.0,2,13,7,244
22.0,2,13,8,246
22.0,2,13,9,247
22.0,2,13,10,248
22.0,2,13,11,249
22.0,2,13,12,250
22.0,2,13,13,251
22.0,2,13,14,252
22.0,2,13,15,253
22.0,2,14,0,238
22.0,2,14,1,239
22.0,2,14,2,240
22.0,2,14,3,241
22.0,2,14,4,242
22.0,2,14,5,243
22.0,2,14,6,245
22.0,2,14,7,246
22.0,2,14,8,247
22.0,2,14,9,248
22.0,2,14,10,249
22.0,2,14,11,250
22.0,2,14,12,251
22.0,2,14,13,252
22.0,2,14,14,254
22.0,2,14,15,255
22.0,2,15,0,239
22.0,2,15,1,240
22.0,2,15,2,241
22.0,2,15,3,242
22.0,2,15,4,244
22.0,2,15,5,245
22.0,2,15,6,246
22.0,2,15,7,247
22.0,2,15,8,248
22.0,2,15,9,249
22.0,2,15,10,250
22.0,2,15,11,252
22.0,2,15,12,253
22.0,2,15,13,254
22.0,2,15,14,255
22.0,2,15,15,256
22.0,3,0,0,223
22.0,3,0,1,225
22.0,3,0,2,226
22.0,3,0,3,227
22.0,3,0,4,228
22.0,3,0,5,229
22.0,3,0,6,230
22.0,3,0,7,231
22.0,3,0,8,232
22.0,3,0,9,233
22.0,3,0,10,234
22.0,3,0,11,235
22.0,3,0,12,236
22.0,3,0,13,237
22.0,3,0,14,238
22.0,3,0,15,239
22.0,3,1,0,225
22.0,3,1,1,226
22.0,3,1,2,227
22.0,3,1,3,228
22.0,3,1,4,229
22.0,3,1,5,230
22.0,3,1,6,231
22.0,3,1,7,232
22.0,3,1,8,233
22.0,3,1,9,235
22.0,3,1,10,236
22.0,3,1,11,237
22.0,3,1,12,238
22.0,3,1,13,239
22.0,3,1,14,240
22.0,3,1,15,241
22.0,3,2,0,226
22.0,3,2,1,227
22.0,3,2,2,228
22.0,3,2,3,229
22.0,3,2,4,231
22.0,3,2,5,232
22.0,3,2,6,233
22.0,3,2,7,234
22.0,3,2,8,235
22.0,3,2,9,236
22.0,3,2,10,237
22.0,3,2,11,238
22.0,3,2,12,239
22.0,3,2,13,240
22.0,3,2,14,241
22.0,3,2,15,242
22.0,3,3,0,227
22.0,3,3,1,229
22.0,3,3,2,230
22.0,3,3,3,231
22.0,3,3,4,232
22.0,3,3,5,233
22.0,3,3,6,234
22.0,3,3,7,235
22.0,3,3,8,236
22.0,3,3,9,237
22.0,3,3,10,238
22.0,3,3,11,239
22.0,3,3,12,241
22.0,3,3,13,242
22.0,3,3,14,243
22.0,3,3,15,244
22.0,3,4,0,229
22.0,3,4,1,230
22.0,3,4,2,231
22.0,3,4,3,232
22.0,3,4,4,233
22.0,3,4,5,234
22.0,3,4,6,235
22.0,3,4,7,237
22.0,3,4,8,238
22.0,3,4,9,239
22.0,3,4,10,240
22.0,3,4,11,241
22.0,3,4,12,242
22.0,3,4,13,243
22.0,3,4,14,244
22.0,3,4,15,245
22.0,3,5,0,230
22.0,3,5,1,231
22.0,3,5,2,232
22.0,3,5,3,233
22.0,3,5,4,235
22.0,3,5,5,236
22.0,3,5,6,237
22.0,3,5,7,238
22.0,3,5,8,239
22.0,3,5,9,240
22.0,3,5,10,241
22.0,3,5,11,242
22.0,3,5,12,243
22.0,3,5,13,244
22.0,3,5,14,245
22.0,3,5,15,246
22.0,3,6,0,231
22.0,3,6,1,233
22.0,3,6,2,234
22.0,3,6,3,235
22.0,3,6,4,236
22.0,3,6,5,237
22.0,3,6,6,238
22.0,3,6,7,239
22.0,3,6,8,240
22.0,3,6,9,241
22.0,3,6,10,243
22.0,3,6,11,244
22.0,3,6,12,245
22.0,3,6,13,246
22.0,3,6,14,247
22.0,3,6,15,248
22.0,3,7,0,233
22.0,3,7,1,234
22.0,3,7,2,235
22.0,3,7,3,236
22.0,3,7,4,237
22.0,3,7,5,238
22.0,3,7,6,239
22.0,3,7,7,241
22.0,3,7,8,242
22.0,3,7,9,243
22.0,3,7,10,244
22.0,3,7,11,245
22.0,3,7,12,246
22.0,3,7,13,247
22.0,3,7,14,248
22.0,3,7,15,249
22.0,3,8,0,234
22.0,3,8,1,235
22.0,3,8,2,236
22.0,3,8,3,237
22.0,3,8,4,239
22.0,3,8,5,240
22.0,3,8,6,241
22.0,3,8,7,242
22.0,3,8,8,243
22.0,3,8,9,244
22.0,3,8,10,245
22.0,3,8,11,246
22.0,3,8,12,247
22.0,3,8,13,248
22.0,3,8,14,250
22.0,3,8,15,251
22.0,3,9,0,235
22.0,3,9,1,236
22.0,3,9,2,238
22.0,3,9,3,239
22.0,3,9,4,240
22.0,3,9,5,241
22.0,3,9,6,242
22.0,3,9,7,243
22.0,3,9,8,244
22.0,3,9,9,245
22.0,3,9,10,247
22.0,3,9,11,248
22.0,3,9,12,249
22.0,3,9,13,250
22.0,3,9,14,251
22.0,3,9,15,252
22.0,3,10,0,237
22.0,3,10,1,238
22.0,3,10,2,239
22.0,3,10,3,240
22.0,3,10,4,241
22.0,3,10,5,242
22.0,3,10,6,243
22.0,3,10,7,245
22.0,3,10,8,246
22.0,3,10,9,247
22.0,3,10,10,248
22.0,3,10,11,249
22.0,3,10,12,250
22.0,3,10,13,251
22.0,3,10,14,252
22.0,3,10,15,253
22.0,3,11,0,238
22.0,3,11,1,239
22.0,3,11,2,240
22.0,3,11,3,241
22.0,3,11,4,242
22.0,3,11,5,244
22.0,3,11,6,245
22.0,3,11,7,246
22.0,3,11,8,247
22.0,3,11,9,248
22.0,3,11,10,249
22.0,3,11,11,250
22.0,3,11,12,251
22.0,3,11,13,253
22.0,3,11,14,254
22.0,3,11,15,255
22.0,3,12,0,239
22.0,3,12,1,240
22.0,3,12,2,241
22.0,3,12,3,243
22.0,3,12,4,244
22.0,3,12,5,245
22.0,3,12,6,246
22.0,3,12,7,247
22.0,3,12,8,248
22.0,3,12,9,249
22.0,3,12,10,251
22.0,3,12,11,252
22.0,3,12,12,253
22.0,3,12,13,254
22.0,3,12,14,255
22.0,3,12,15,256
22.0,3,13,0,240
22.0,3,13,1,242
22.0,3,13,2,243
22.0,3,13,3,244
22.0,3,13,4,245
22.0,3,13,5,246
22.0,3,13,6,247
22.0,3,13,7,248
22.0,3,13,8,250
22.0,3,13,9,251
22.0,3,13,10,252
22.0,3,13,11,253
22.0,3,13,12,254
22.0,3,13,13,255
22.0,3,13,14,256
22.0,3,13,15,257
22.0,3,14,0,242
22.0,3,14,1,243
22.0,3,14,2,244
22.0,3,14,3,245
22.0,3,14,4,246
22.0,3,14,5,247
22.0,3,14,6,249
22.0,3,14,7,250
22.0,3,14,8,251
22.0,3,14,9,252
22.0,3,14,10,253
22.0,3,14,11,254
22.0,3,14,12,255
22.0,3,14,13,257
22.0,3,14,14,258
22.0,3,14,15,259
22.0,3,15,0,243
22.0,3,15,1,244
22.0,3,15,2,245
22.0,3,15,3,246
22.0,3,15,4,248
22.0,3,15,5,249
22.0,3,15,6,250
22.0,3,15,7,251
22.0,3,15,8,252
22.0,3,15,9,253
22.0,3,15,10,255
22.0,3,15,11,256
22.0,3,15,12,257
22.0,3,15,13,258
22.0,3,15,14,259
22.0,3,15,15,260
22.0,4,0,0,227
22.0,4,0,1,228
22.0,4,0,2,229
22.0,4,0,3,230
22.0,4,0,4,231
22.0,4,0,5,233
22.0,4,0,6,234
22.0,4,0,7,235
22.0,4,0,8,236
22.0,4,0,9,237
22.0,4,0,10,238
22.0,4,0,11,239
22.0,4,0,12,240
22.0,4,0,13,241
22.0,4,0,14,242
22.0,4,0,15,243
22.0,4,1,0,228
22.0,4,1,1,230
22.0,4,1,2,231
22.0,4,1,3,232
22.0,4,1,4,233
22.0,4,1,5,234
22.0,4,1,6,235
22.0,4,1,7,236
22.0,4,1,8,237
22.0,4,1,9,238
22.0,4,1,10,239
22.0,4,1,11,240
22.0,4,1,12,242
22.0,4,1,13,243
22.0,4,1,14,244
22.0,4,1,15,245
22.0,4,2,0,230
22.0,4,2,1,231
22.0,4,2,2,232
22.0,4,2,3,233
22.0,4,2,4,234
22.0,4,2,5,235
22.0,4,2,6,236
22.0,4,2,7,238
22.0,4,2,8,239
22.0,4,2,9,240
22.0,4,2,10,241
22.0,4,2,11,242
22.0,4,2,12,243
22.0,4,2,13,244
22.0,4,2,14,245
22.0,4,2,15,246
22.0,4,3,0,231
22.0,4,3,1,232
22.0,4,3,2,233
22.0,4,3,3,235
22.0,4,3,4,236
22.0,4,3,5,237
22.0,4,3,6,238
22.0,4,3,7,239
22.0,4,3,8,240
22.0,4,3,9,241
22.0,4,3,10,242
22.0,4,3,11,243
22.0,4,3,12,244
22.0,4,3,13,245
22.0,4,3,14,247
22.0,4,3,15,248
22.0,4,4,0,232
22.0,4,4,1,234
22.0,4,4,2,235
22.0,4,4,3,236
22.0,4,4,4,237
22.0,4,4,5,238
22.0,4,4,6,239
22.0,4,4,7,240
22.0,4,4,8,241
22.0,4,4,9,243
22.0,4,4,10,244
22.0,4,4,11,245
22.0,4,4,12,246
22.0,4,4,13,247
22.0,4,4,14,248
22.0,4,4,15,249
22.0,4,5,0,234
22.0,4,5,1,235
22.0,4,5,2,236
22.0,4,5,3,237
22.0,4,5,4,238
22.0,4,5,5,239
22.0,4,5,6,241
22.0,4,5,7,242
22.0,4,5,8,243
22.0,4,5,9,244
22.0,4,5,10,245
22.0,4,5,11,246
22.0,4,5,12,247
22.0,4,5,13,248
22.0,4,5,14,249
22.0,4,5,15,250
22.0,4,6,0,235
22.0,4,6,1,236
22.0,4,6,2,237
22.0,4,6,3,239
22.0,4,6,4,240
22.0,4,6,5,241
22.0,4,6,6,242
22.0,4,6,7,243
22.0,4,6,8,244
22.0,4,6,9,245
22.0,4,6,10,246
22.0,4,6,11,248
22.0,4,6,12,249
22.0,4,6,13,250
22.0,4,6,14,251
22.0,4,6,15,252
22.0,4,7,0,236
22.0,4,7,1,238
22.0,4,7,2,239
22.0,4,7,3,240
22.0,4,7,4,241
22.0,4,7,5,242
22.0,4,7,6,243
22.0,4,7,7,244
22.0,4,7,8,246
22.0,4,7,9,247
22.0,4,7,10,248
22.0,4,7,11,249
22.0,4,7,12,250
22.0,4,7,13,251
22.0,4,7,14,252
22.0,4,7,15,253
22.0,4,8,0,238
22.0,4,8,1,239
22.0,4,8,2,240
22.0,4,8,3,241
22.0,4,8,4,242
22.0,4,8,5,244
22.0,4,8,6,245
22.0,4,8,7,246
22.0,4,8,8,247
22.0,4,8,9,248
22.0,4,8,10,249
22.0,4,8,11,250
22.0,4,8,12,251
22.0,4,8,13,253
22.0,4,8,14,254
22.0,4,8,15,255
22.0,4,9,0,239
22.0,4,9,1,240
22.0,4,9,2,241
22.0,4,9,3,243
22.0,4,9,4,244
22.0,4,9,5,245
22.0,4,9,6,246
22.0,4,9,7,247
22.0,4,9,8,248
22.0,4,9,9,249
22.0,4,9,10,251
22.0,4,9,11,252
22.0,4,9,12,253
22.0,4,9,13,254
22.0,4,9,14,255
22.0,4,9,15,256
22.0,4,10,0,240
22.0,4,10,1,242
22.0,4,10,2,243
22.0,4,10,3,244
22.0,4,10,4,245
22.0,4,10,5,246
22.0,4,10,6,247
22.0,4,10,7,249
22.0,4,10,8,250
22.0,4,10,9,251
22.0,4,10,10,252
22.0,4,10,11,253
22.0,4,10,12,254
22.0,4,10,13,255
22.0,4,10,14,256
22.0,4,10,15,257
22.0,4,11,0,242
22.0,4,11,1,243
22.0,4,11,2,244
22.0,4,11,3,245
22.0,4,11,4,246
22.0,4,11,5,248
22.0,4,11,6,249
22.0,4,11,7,250
22.0,4,11,8,251
22.0,4,11,9,252
22.0,4,11,10,253
22.0,4,11,11,254
22.0,4,11,12,256
22.0,4,11,13,257
22.0,4,11,14,258
22.0,4,11,15,259
22.0,4,12,0,243
22.0,4,12,1,244
22.0,4,12,2,245
22.0,4,12,3,247
22.0,4,12,4,248
22.0,4,12,5,249
22.0,4,12,6,250
22.0,4,12,7,251
22.0,4,12,8,252
22.0,4,12,9,253
22.0,4,12,10,255
22.0,4,12,11,256
22.0,4,12,12,257
22.0,4,12,13,258
22.0,4,12,14,259
22.0,4,12,15,260
22.0,4,13,0,244
22.0,4,13,1,245
22.0,4,13,2,247
22.0,4,13,3,248
22.0,4,13,4,249
22.0,4,13,5,250
22.0,4,13,6,251
22.0,4,13,7,253
22.0,4,13,8,254
22.0,4,13,9,255
22.0,4,13,10,256
22.0,4,13,11,257
22.0,4,13,12,258
22.0,4,13,13,259
22.0,4,13,14,260
22.0,4,13,15,262
22.0,4,14,0,246
22.0,4,14,1,247
22.0,4,14,2,248
22.0,4,14,3,249
22.0,4,14,4,250
22.0,4,14,5,251
22.0,4,14,6,253
22.0,4,14,7,254
22.0,4,14,8,255
22.0,4,14,9,256
22.0,4,14,10,257
22.0,4,14,11,258
22.0,4,14,12,260
22.0,4,14,13,261
22.0,4,14,14,262
22.0,4,14,15,263
22.0,4,15,0,247
22.0,4,15,1,248
22.0,4,15,2,249
22.0,4,15,3,250
22.0,4,15,4,252
22.0,4,15,5,253
22.0,4,15,6,254
22.0,4,15,7,255
22.0,4,15,8,256
22.0,4,15,9,257
22.0,4,15,10,259
22.0,4,15,11,260
22.0,4,15,12,261
22.0,4,15,13,262
22.0,4,15,14,263
22.0,4,15,15,264
22.0,5,0,0,231
22.0,5,0,1,232
22.0,5,0,2,233
22.0,5,0,3,234
22.0,5,0,4,235
22.0,5,0,5,236
22.0,5,0,6,237
22.0,5,0,7,238
22.0,5,0,8,240
22.0,5,0,9,241
22.0,5,0,10,242
22.0,5,0,11,243
22.0,5,0,12,244
22.0,5,0,13,245
22.0,5,0,14,246
22.0,5,0,15,247
22.0,5,1,0,232
22.0,5,1,1,233
22.0,5,1,2,234
22.0,5,1,3,235
22.0,5,1,4,237
22.0,5,1,5,238
22.0,5,1,6,239
22.0,5,1,7,240
22.0,5,1,8,241
22.0,5,1,9,242
22.0,5,1,10,243
22.0,5,1,11,244
22.0,5,1,12,245
22.0,5,1,13,246
22.0,5,1,14,248
22.0,5,1,15,249
22.0,5,2,0,233
22.0,5,2,1,235
22.0,5,2,2,236
22.0,5,2,3,237
22.0,5,2,4,238
22.0,5,2,5,239
22.0,5,2,6,240
22.0,5,2,7,241
22.0,5,2,8,242
22.0,5,2,9,244
22.0,5,2,10,245
22.0,5,2,11,246
22.0,5,2,12,247
22.0,5,2,13,248
22.0,5,2,14,249
22.0,5,2,15,250
22.0,5,3,0,235
22.0,5,3,1,236
22.0,5,3,2,237
22.0,5,3,3,238
22.0,5,3,4,239
22.0,5,3,5,241
22.0,5,3,6,242
22.0,5,3,7,243
22.0,5,3,8,244
22.0,5,3,9,245
22.0,5,3,10,246
22.0,5,3,11,247
22.0,5,3,12,248
22.0,5,3,13,249
22.0,5,3,14,250
22.0,5,3,15,252
22.0,5,4,0,236
22.0,5,4,1,237
22.0,5,4,2,238
22.0,5,4,3,240
22.0,5,4,4,241
22.0,5,4,5,242
22.0,5,4,6,243
22.0,5,4,7,244
22.0,5,4,8,245
22.0,5,4,9,246
22.0,5,4,10,248
22.0,5,4,11,249
22.0,5,4,12,250
22.0,5,4,13,251
22.0,5,4,14,252
22.0,5,4,15,253
22.0,5,5,0,238
22.0,5,5,1,239
22.0,5,5,2,240
22.0,5,5,3,241
22.0,5,5,4,242
22.0,5,5,5,243
22.0,5,5,6,244
22.0,5,5,7,246
22.0,5,5,8,247
22.0,5,5,9,248
22.0,5,5,10,249
22.0,5,5,11,250
22.0,5,5,12,251
22.0,5,5,13,252
22.0,5,5,14,253
22.0,5,5,15,254
22.0,5,6,0,239
22.0,5,6,1,240
22.0,5,6,2,241
22.0,5,6,3,242
22.0,5,6,4,244
22.0,5,6,5,245
22.0,5,6,6,246
22.0,5,6,7,247
22.0,5,6,8,248
22.0,5,6,9,249
22.0,5,6,10,250
22.0,5,6,11,251
22.0,5,6,12,253
22.0,5,6,13,254
22.0,5,6,14,255
22.0,5,6,15,256
22.0,5,7,0,240
22.0,5,7,1,241
22.0,5,7,2,243
22.0,5,7,3,244
22.0,5,7,4,245
22.0,5,7,5,246
22.0,5,7,6,247
22.0,5,7,7,248
22.0,5,7,8,249
22.0,5,7,9,251
22.0,5,7,10,252
22.0,5,7,11,253
22.0,5,7,12,254
22.0,5,7,13,255
22.0,5,7,14,256
22.0,5,7,15,257
22.0,5,8,0,242
22.0,5,8,1,243
22.0,5,8,2,244
22.0,5,8,3,245
22.0,5,8,4,246
22.0,5,8,5,247
22.0,5,8,6,249
22.0,5,8,7,250
22.0,5,8,8,251
22.0,5,8,9,252
22.0,5,8,10,253
22.0,5,8,11,254
22.0,5,8,12,255
22.0,5,8,13,257
22.0,5,8,14,258
22.0,5,8,15,259
22.0,5,9,0,243
22.0,5,9,1,244
22.0,5,9,2,245
22.0,5,9,3,246
22.0,5,9,4,248
22.0,5,9,5,249
22.0,5,9,6,250
22.0,5,9,7,251
22.0,5,9,8,252
22.0,5,9,9,253
22.0,5,9,10,255
22.0,5,9,11,256
22.0,5,9,12,257
22.0,5,9,13,258
22.0,5,9,14,259
22.0,5,9,15,260
22.0,5,10,0,244
22.0,5,10,1,245
22.0,5,10,2,247
22.0,5,10,3,248
22.0,5,10,4,249
22.0,5,10,5,250
22.0,5,10,6,251
22.0,5,10,7,252
22.0,5,10,8,254
22.0,5,10,9,255
22.0,5,10,10,256
22.0,5,10,11,257
22.0,5,10,12,258
22.0,5,10,13,259
22.0,5,10,14,260
22.0,5,10,15,262
22.0,5,11,0,246
22.0,5,11,1,247
22.0,5,11,2,248
22.0,5,11,3,249
22.0,5,11,4,250
22.0,5,11,5,251
22.0,5,11,6,253
22.0,5,11,7,254
22.0,5,11,8,255
22.0,5,11,9,256
22.0,5,11,10,257
22.0,5,11,11,258
22.0,5,11,12,260
22.0,5,11,13,261
22.0,5,11,14,262
22.0,5,11,15,263
22.0,5,12,0,247
22.0,5,12,1,248
22.0,5,12,2,249
22.0,5,12,3,250
22.0,5,12,4,252
22.0,5,12,5,253
22.0,5,12,6,254
22.0,5,12,7,255
22.0,5,12,8,256
22.0,5,12,9,258
22.0,5,12,10,259
22.0,5,12,11,260
22.0,5,12,12,261
22.0,5,12,13,262
22.0,5,12,14,263
22.0,5,12,15,264
22.0,5,13,0,248
22.0,5,13,1,249
22.0,5,13,2,251
22.0,5,13,3,252
22.0,5,13,4,253
22.0,5,13,5,254
22.0,5,13,6,255
22.0,5,13,7,257
22.0,5,13,8,258
22.0,5,13,9,259
22.0,5,13,10,260
22.0,5,13,11,261
22.0,5,13,12,262
22.0,5,13,13,263
22.0,5,13,14,265
22.0,5,13,15,266
22.0,5,14,0,249
22.0,5,14,1,251
22.0,5,14,2,252
22.0,5,14,3,253
22.0,5,14,4,254
22.0,5,14,5,255
22.0,5,14,6,257
22.0,5,14,7,258
22.0,5,14,8,259
22.0,5,14,9,260
22.0,5,14,10,261
22.0,5,14,11,263
22.0,5,14,12,264
22.0,5,14,13,265
22.0,5,14,14,266
22.0,5,14,15,267
22.0,5,15,0,251
22.0,5,15,1,252
22.0,5,15,2,253
22.0,5,15,3,254
22.0,5,15,4,256
22.0,5,15,5,257
22.0,5,15,6,258
22.0,5,15,7,259
22.0,5,15,8,260
22.0,5,15,9,262
22.0,5,15,10,263
22.0,5,15,11,264
22.0,5,15,12,265
22.0,5,15,13,266
22.0,5,15,14,267
22.0,5,15,15,269
22.0,6,0,0,234
22.0,6,0,1,235
22.0,6,0,2,237
22.0,6,0,3,238
22.0,6,0,4,239
22.0,6,0,5,240
22.0,6,0,6,241
22.0,6,0,7,242
22.0,6,0,8,243
22.0,6,0,9,244
22.0,6,0,10,246
22.0,6,0,11,247
22.0,6,0,12,248
22.0,6,0,13,249
22.0,6,0,14,250
22.0,6,0,15,251
22.0,6,1,0,236
22.0,6,1,1,237
22.0,6,1,2,238
22.0,6,1,3,239
22.0,6,1,4,240
22.0,6,1,5,241
22.0,6,1,6,243
22.0,6,1,7,244
22.0,6,1,8,245
22.0,6,1,9,246
22.0,6,1,10,247
22.0,6,1,11,248
22.0,6,1,12,249
22.0,6,1,13,250
22.0,6,1,14,251
22.0,6,1,15,252
22.0,6,2,0,237
22.0,6,2,1,238
22.0,6,2,2,239
22.0,6,2,3,241
22.0,6,2,4,242
22.0,6,2,5,243
22.0,6,2,6,244
22.0,6,2,7,245
22.0,6,2,8,246
22.0,6,2,9,247
22.0,6,2,10,248
22.0,6,2,11,250
22.0,6,2,12,251
22.0,6,2,13,252
22.0,6,2,14,253
22.0,6,2,15,254
22.0,6,3,0,238
22.0,6,3,1,240
22.0,6,3,2,241
22.0,6,3,3,242
22.0,6,3,4,243
22.0,6,3,5,244
22.0,6,3,6,245
22.0,6,3,7,247
22.0,6,3,8,248
22.0,6,3,9,249
22.0,6,3,10,250
22.0,6,3,11,251
22.0,6,3,12,252
22.0,6,3,13,253
22.0,6,3,14,254
22.0,6,3,15,255
22.0,6,4,0,240
22.0,6,4,1,241
22.0,6,4,2,242
22.0,6,4,3,243
22.0,6,4,4,245
22.0,6,4,5,246
22.0,6,4,6,247
22.0,6,4,7,248
22.0,6,4,8,249
22.0,6,4,9,250
22.0,6,4,10,251
22.0,6,4,11,253
22.0,6,4,12,254
22.0,6,4,13,255
22.0,6,4,14,256
22.0,6,4,15,257
22.0,6,5,0,241
22.0,6,5,1,242
22.0,6,5,2,244
22.0,6,5,3,245
22.0,6,5,4,246
22.0,6,5,5,247
22.0,6,5,6,248
22.0,6,5,7,249
22.0,6,5,8,251
22.0,6,5,9,252
22.0,6,5,10,253
22.0,6,5,11,254
22.0,6,5,12,255
22.0,6,5,13,256
22.0,6,5,14,257
22.0,6,5,15,258
22.0,6,6,0,243
22.0,6,6,1,244
22.0,6,6,2,245
22.0,6,6,3,246
22.0,6,6,4,247
22.0,6,6,5,249
22.0,6,6,6,250
22.0,6,6,7,251
22.0,6,6,8,252
22.0,6,6,9,253
22.0,6,6,10,254
22.0,6,6,11,255
22.0,6,6,12,257
22.0,6,6,13,258
22.0,6,6,14,259
22.0,6,6,15,260
22.0,6,7,0,244
22.0,6,7,1,245
22.0,6,7,2,246
22.0,6,7,3,248
22.0,6,7,4,249
22.0,6,7,5,250
22.0,6,7,6,251
22.0,6,7,7,252
22.0,6,7,8,253
22.0,6,7,9,255
22.0,6,7,10,256
22.0,6,7,11,257
22.0,6,7,12,258
22.0,6,7,13,259
22.0,6,7,14,260
22.0,6,7,15,261
22.0,6,8,0,245
22.0,6,8,1,247
22.0,6,8,2,248
22.0,6,8,3,249
22.0,6,8,4,250
22.0,6,8,5,251
22.0,6,8,6,252
22.0,6,8,7,254
22.0,6,8,8,255
22.0,6,8,9,256
22.0,6,8,10,257
22.0,6,8,11,258
22.0,6,8,12,259
22.0,6,8,13,261
22.0,6,8,14,262
22.0,6,8,15,263
22.0,6,9,0,247
22.0,6,9,1,248
22.0,6,9,2,249
22.0,6,9,3,250
22.0,6,9,4,251
22.0,6,9,5,253
22.0,6,9,6,254
22.0,6,9,7,255
22.0,6,9,8,256
22.0,6,9,9,257
22.0,6,9,10,259
22.0,6,9,11,260
22.0,6,9,12,261
22.0,6,9,13,262
22.0,6,9,14,263
22.0,6,9,15,264
22.0,6,10,0,248
22.0,6,10,1,249
22.0,6,10,2,250
22.0,6,10,3,252
22.0,6,10,4,253
22.0,6,10,5,254
22.0,6,10,6,255
22.0,6,10,7,256
22.0,6,10,8,258
22.0,6,10,9,259
22.0,6,10,10,260
22.0,6,10,11,261
22.0,6,10,12,262
22.0,6,10,13,263
22.0,6,10,14,265
22.0,6,10,15,266
22.0,6,11,0,249
22.0,6,11,1,251
22.0,6,11,2,252
22.0,6,11,3,253
22.0,6,11,4,254
22.0,6,11,5,255
22.0,6,11,6,257
22.0,6,11,7,258
22.0,6,11,8,259
22.0,6,11,9,260
22.0,6,11,10,261
22.0,6,11,11,262
22.0,6,11,12,264
22.0,6,11,13,265
22.0,6,11,14,266
22.0,6,11,15,267
22.0,6,12,0,251
22.0,6,12,1,252
22.0,6,12,2,253
22.0,6,12,3,254
22.0,6,12,4,256
22.0,6,12,5,257
22.0,6,12,6,258
22.0,6,12,7,259
22.0,6,12,8,260
22.0,6,12,9,262
22.0,6,12,10,263
22.0,6,12,11,264
22.0,6,12,12,265
22.0,6,12,13,266
22.0,6,12,14,267
22.0,6,12,15,269
22.0,6,13,0,252
22.0,6,13,1,253
22.0,6,13,2,254
22.0,6,13,3,256
22.0,6,13,4,257
22.0,6,13,5,258
22.0,6,13,6,259
22.0,6,13,7,261
22.0,6,13,8,262
22.0,6,13,9,263
22.0,6,13,10,264
22.0,6,13,11,265
22.0,6,13,12,266
22.0,6,13,13,268
22.0,6,13,14,269
22.0,6,13,15,270
22.0,6,14,0,253
22.0,6,14,1,255
22.0,6,14,2,256
22.0,6,14,3,257
22.0,6,14,4,258
22.0,6,14,5,259
22.0,6,14,6,261
22.0,6,14,7,262
22.0,6,14,8,263
22.0,6,14,9,264
22.0,6,14,10,265
22.0,6,14,11,267
22.0,6,14,12,268
22.0,6,14,13,269
22.0,6,14,14,270
22.0,6,14,15,271
22.0,6,15,0,255
22.0,6,15,1,256
22.0,6,15,2,257
22.0,6,15,3,258
22.0,6,15,4,260
22.0,6,15,5,261
22.0,6,15,6,262
22.0,6,15,7,263
22.0,6,15,8,264
22.0,6,15,9,266
22.0,6,15,10,267
22.0,6,15,11,268
22.0,6,15,12,269
22.0,6,15,13,270
22.0,6,15,14,272
22.0,6,15,15,273
22.0,7,0,0,238
22.0,7,0,1,239
22.0,7,0,2,240
22.0,7,0,3,241
22.0,7,0,4,243
22.0,7,0,5,244
22.0,7,0,6,245
22.0,7,0,7,246
22.0,7,0,8,247
22.0,7,0,9,248
22.0,7,0,10,249
22.0,7,0,11,250
22.0,7,0,12,252
22.0,7,0,13,253
22.0,7,0,14,254
22.0,7,0,15,255
22.0,7,1,0,239
22.0,7,1,1,241
22.0,7,1,2,242
22.0,7,1,3,243
22.0,7,1,4,244
22.0,7,1,5,245
22.0,7,1,6,246
22.0,7,1,7,247
22.0,7,1,8,249
22.0,7,1,9,250
22.0,7,1,10,251
22.0,7,1,11,252
22.0,7,1,12,253
22.0,7,1,13,254
22.0,7,1,14,255
22.0,7,1,15,256
22.0,7,2,0,241
22.0,7,2,1,242
22.0,7,2,2,243
22.0,7,2,3,244
22.0,7,2,4,245
22.0,7,2,5,247
22.0,7,2,6,248
22.0,7,2,7,249
22.0,7,2,8,250
22.0,7,2,9,251
22.0,7,2,10,252
22.0,7,2,11,253
22.0,7,2,12,255
22.0,7,2,13,256
22.0,7,2,14,257
22.0,7,2,15,258
22.0,7,3,0,242
22.0,7,3,1,243
22.0,7,3,2,245
22.0,7,3,3,246
22.0,7,3,4,247
22.0,7,3,5,248
22.0,7,3,6,249
22.0,7,3,7,250
22.0,7,3,8,252
22.0,7,3,9,253
22.0,7,3,10,254
22.0,7,3,11,255
22.0,7,3,12,256
22.0,7,3,13,257
22.0,7,3,14,258
22.0,7,3,15,259
22.0,7,4,0,244
22.0,7,4,1,245
22.0,7,4,2,246
22.0,7,4,3,247
22.0,7,4,4,248
22.0,7,4,5,249
22.0,7,4,6,251
22.0,7,4,7,252
22.0,7,4,8,253
22.0,7,4,9,254
22.0,7,4,10,255
22.0,7,4,11,256
22.0,7,4,12,258
22.0,7,4,13,259
22.0,7,4,14,260
22.0,7,4,15,261
22.0,7,5,0,245
22.0,7,5,1,246
22.0,7,5,2,247
22.0,7,5,3,249
22.0,7,5,4,250
22.0,7,5,5,251
22.0,7,5,6,252
22.0,7,5,7,253
22.0,7,5,8,254
22.0,7,5,9,256
22.0,7,5,10,257
22.0,7,5,11,258
22.0,7,5,12,259
22.0,7,5,13,260
22.0,7,5,14,261
22.0,7,5,15,262
22.0,7,6,0,246
22.0,7,6,1,248
22.0,7,6,2,249
22.0,7,6,3,250
22.0,7,6,4,251
22.0,7,6,5,252
22.0,7,6,6,254
22.0,7,6,7,255
22.0,7,6,8,256
22.0,7,6,9,257
22.0,7,6,10,258
22.0,7,6,11,259
22.0,7,6,12,260
22.0,7,6,13,262
22.0,7,6,14,263
22.0,7,6,15,264
22.0,7,7,0,248
22.0,7,7,1,249
22.0,7,7,2,250
22.0,7,7,3,251
22.0,7,7,4,253
22.0,7,7,5,254
22.0,7,7,6,255
22.0,7,7,7,256
22.0,7,7,8,257
22.0,7,7,9,258
22.0,7,7,10,260
22.0,7,7,11,261
22.0,7,7,12,262
22.0,7,7,13,263
22.0,7,7,14,264
22.0,7,7,15,265
22.0,7,8,0,249
22.0,7,8,1,250
22.0,7,8,2,252
22.0,7,8,3,253
22.0,7,8,4,254
22.0,7,8,5,255
22.0,7,8,6,256
22.0,7,8,7,258
22.0,7,8,8,259
22.0,7,8,9,260
22.0,7,8,10,261
22.0,7,8,11,262
22.0,7,8,12,263
22.0,7,8,13,265
22.0,7,8,14,266
22.0,7,8,15,267
22.0,7,9,0,250
22.0,7,9,1,252
22.0,7,9,2,253
22.0,7,9,3,254
22.0,7,9,4,255
22.0,7,9,5,257
22.0,7,9,6,258
22.0,7,9,7,259
22.0,7,9,8,260
22.0,7,9,9,261
22.0,7,9,10,263
22.0,7,9,11,264
22.0,7,9,12,265
22.0,7,9,13,266
22.0,7,9,14,267
22.0,7,9,15,268
22.0,7,10,0,252
22.0,7,10,1,253
22.0,7,10,2,254
22.0,7,10,3,256
22.0,7,10,4,257
22.0,7,10,5,258
22.0,7,10,6,259
22.0,7,10,7,260
22.0,7,10,8,262
22.0,7,10,9,263
22.0,7,10,10,264
22.0,7,10,11,265
22.0,7,10,12,266
22.0,7,10,13,267
22.0,7,10,14,269
22.0,7,10,15,270
22.0,7,11,0,253
22.0,7,11,1,254
22.0,7,11,2,256
22.0,7,11,3,257
22.0,7,11,4,258
22.0,7,11,5,259
22.0,7,11,6,261
22.0,7,11,7,262
22.0,7,11,8,263
22.0,7,11,9,264
22.0,7,11,10,265
22.0,7,11,11,267
22.0,7,11,12,268
22.0,7,11,13,269
22.0,7,11,14,270
22.0,7,11,15,271
22.0,7,12,0,255
22.0,7,12,1,256
22.0,7,12,2,257
22.0,7,12,3,258
22.0,7,12,4,260
22.0,7,12,5,261
22.0,7,12,6,262
22.0,7,12,7,263
22.0,7,12,8,264
22.0,7,12,9,266
22.0,7,12,10,267
22.0,7,12,11,268
22.0,7,12,12,269
22.0,7,12,13,270
22.0,7,12,14,272
22.0,7,12,15,273
22.0,7,13,0,256
22.0,7,13,1,257
22.0,7,13,2,258
22.0,7,13,3,260
22.0,7,13,4,261
22.0,7,13,5,262
22.0,7,13,6,263
22.0,7,13,7,265
22.0,7,13,8,266
22.0,7,13,9,267
22.0,7,13,10,268
22.0,7,13,11,269
22.0,7,13,12,271
22.0,7,13,13,272
22.0,7,13,14,273
22.0,7,13,15,274
22.0,7,14,0,257
22.0,7,14,1,258
22.0,7,14,2,260
22.0,7,14,3,261
22.0,7,14,4,262
22.0,7,14,5,263
22.0,7,14,6,265
22.0,7,14,7,266
22.0,7,14,8,267
22.0,7,14,9,268
22.0,7,14,10,270
22.0,7,14,11,271
22.0,7,14,12,272
22.0,7,14,13,273
22.0,7,14,14,274
22.0,7,14,15,276
22.0,7,15,0,259
22.0,7,15,1,260
22.0,7,15,2,261
22.0,7,15,3,262
22.0,7,15,4,264
22.0,7,15,5,265
22.0,7,15,6,266
22.0,7,15,7,267
22.0,7,15,8,269
22.0,7,15,9,270
22.0,7,15,10,271
22.0,7,15,11,272
22.0,7,15,12,273
22.0,7,15,13,275
22.0,7,15,14,276
22.0,7,15,15,277
22.0,8,0,0,242
22.0,8,0,1,243
22.0,8,0,2,244
22.0,8,0,3,245
22.0,8,0,4,246
22.0,8,0,5,247
22.0,8,0,6,249
22.0,8,0,7,250
22.0,8,0,8,251
22.0,8,0,9,252
22.0,8,0,10,253
22.0,8,0,11,254
22.0,8,0,12,255
22.0,8,0,13,256
22.0,8,0,14,258
22.0,8,0,15,259
22.0,8,1,0,243
22.0,8,1,1,244
22.0,8,1,2,245
22.0,8,1,3,247
22.0,8,1,4,248
22.0,8,1,5,249
22.0,8,1,6,250
22.0,8,1,7,251
22.0,8,1,8,252
22.0,8,1,9,253
22.0,8,1,10,255
22.0,8,1,11,256
22.0,8,1,12,257
22.0,8,1,13,258
22.0,8,1,14,259
22.0,8,1,15,260
22.0,8,2,0,244
22.0,8,2,1,246
22.0,8,2,2,247
22.0,8,2,3,248
22.0,8,2,4,249
22.0,8,2,5,250
22.0,8,2,6,252
22.0,8,2,7,253
22.0,8,2,8,254
22.0,8,2,9,255
22.0,8,2,10,256
22.0,8,2,11,257
22.0,8,2,12,258
22.0,8,2,13,260
22.0,8,2,14,261
22.0,8,2,15,262
22.0,8,3,0,246
22.0,8,3,1,247
22.0,8,3,2,248
22.0,8,3,3,249
22.0,8,3,4,251
22.0,8,3,5,252
22.0,8,3,6,253
22.0,8,3,7,254
22.0,8,3,8,255
22.0,8,3,9,256
22.0,8,3,10,258
22.0,8,3,11,259
22.0,8,3,12,260
22.0,8,3,13,261
22.0,8,3,14,262
22.0,8,3,15,263
22.0,8,4,0,247
22.0,8,4,1,248
22.0,8,4,2,250
22.0,8,4,3,251
22.0,8,4,4,252
22.0,8,4,5,253
22.0,8,4,6,254
22.0,8,4,7,256
22.0,8,4,8,257
22.0,8,4,9,258
22.0,8,4,10,259
22.0,8,4,11,260
22.0,8,4,12,261
22.0,8,4,13,263
22.0,8,4,14,264
22.0,8,4,15,265
22.0,8,5,0,249
22.0,8,5,1,250
22.0,8,5,2,251
22.0,8,5,3,252
22.0,8,5,4,254
22.0,8,5,5,255
22.0,8,5,6,256
22.0,8,5,7,257
22.0,8,5,8,258
22.0,8,5,9,259
22.0,8,5,10,261
22.0,8,5,11,262
22.0,8,5,12,263
22.0,8,5,13,264
22.0,8,5,14,265
22.0,8,5,15,266
22.0,8,6,0,250
22.0,8,6,1,251
22.0,8,6,2,253
22.0,8,6,3,254
22.0,8,6,4,255
22.0,8,6,5,256
22.0,8,6,6,257
22.0,8,6,7,259
22.0,8,6,8,260
22.0,8,6,9,261
22.0,8,6,10,262
22.0,8,6,11,263
22.0,8,6,12,264
22.0,8,6,13,266
22.0,8,6,14,267
22.0,8,6,15,268
22.0,8,7,0,252
22.0,8,7,1,253
22.0,8,7,2,254
22.0,8,7,3,255
22.0,8,7,4,256
22.0,8,7,5,258
22.0,8,7,6,259
22.0,8,7,7,260
22.0,8,7,8,261
22.0,8,7,9,262
22.0,8,7,10,264
22.0,8,7,11,265
22.0,8,7,12,266
22.0,8,7,13,267
22.0,8,7,14,268
22.0,8,7,15,269
22.0,8,8,0,253
22.0,8,8,1,254
22.0,8,8,2,255
22.0,8,8,3,257
22.0,8,8,4,258
22.0,8,8,5,259
22.0,8,8,6,260
22.0,8,8,7,261
22.0,8,8,8,263
22.0,8,8,9,264
22.0,8,8,10,265
22.0,8,8,11,266
22.0,8,8,12,267
22.0,8,8,13,269
22.0,8,8,14,270
22.0,8,8,15,271
22.0,8,9,0,254
22.0,8,9,1,256
22.0,8,9,2,257
22.0,8,9,3,258
22.0,8,9,4,259
22.0,8,9,5,260
22.0,8,9,6,262
22.0,8,9,7,263
22.0,8,9,8,264
22.0,8,9,9,265
22.0,8,9,10,267
22.0,8,9,11,268
22.0,8,9,12,269
22.0,8,9,13,270
22.0,8,9,14,271
22.0,8,9,15,272
22.0,8,10,0,256
22.0,8,10,1,257
22.0,8,10,2,258
22.0,8,10,3,259
22.0,8,10,4,261
22.0,8,10,5,262
22.0,8,10,6,263
22.0,8,10,7,264
22.0,8,10,8,266
22.0,8,10,9,267
22.0,8,10,10,268
22.0,8,10,11,269
22.0,8,10,12,270
22.0,8,10,13,272
22.0,8,10,14,273
22.0,8,10,15,274
22.0,8,11,0,257
22.0,8,11,1,258
22.0,8,11,2,260
22.0,8,11,3,261
22.0,8,11,4,262
22.0,8,11,5,263
22.0,8,11,6,265
22.0,8,11,7,266
22.0,8,11,8,267
22.0,8,11,9,268
22.0,8,11,10,269
22.0,8,11,11,271
22.0,8,11,12,272
22.0,8,11,13,273
22.0,8,11,14,274
22.0,8,11,15,275
22.0,8,12,0,258
22.0,8,12,1,260
22.0,8,12,2,261
22.0,8,12,3,262
22.0,8,12,4,263
22.0,8,12,5,265
22.0,8,12,6,266
22.0,8,12,7,267
22.0,8,12,8,268
22.0,8,12,9,270
22.0,8,12,10,271
22.0,8,12,11,272
22.0,8,12,12,273
22.0,8,12,13,274
22.0,8,12,14,276
22.0,8,12,15,277
22.0,8,13,0,260
22.0,8,13,1,261
22.0,8,13,2,262
22.0,8,13,3,264
22.0,8,13,4,265
22.0,8,13,5,266
22.0,8,13,6,267
22.0,8,13,7,269
22.0,8,13,8,270
22.0,8,13,9,271
22.0,8,13,10,272
22.0,8,13,11,273
22.0,8,13,12,275
22.0,8,13,13,276
22.0,8,13,14,277
22.0,8,13,15,278
22.0,8,14,0,261
22.0,8,14,1,262
22.0,8,14,2,264
22.0,8,14,3,265
22.0,8,14,4,266
22.0,8,14,5,267
22.0,8,14,6,269
22.0,8,14,7,270
22.0,8,14,8,271
22.0,8,14,9,272
22.0,8,14,10,274
22.0,8,14,11,275
22.0,8,14,12,276
22.0,8,14,13,277
22.0,8,14,14,279
22.0,8,14,15,280
22.0,8,15,0,262
22.0,8,15,1,264
22.0,8,15,2,265
22.0,8,15,3,266
22.0,8,15,4,268
22.0,8,15,5,269
22.0,8,15,6,270
22.0,8,15,7,271
22.0,8,15,8,273
22.0,8,15,9,274
22.0,8,15,10,275
22.0,8,15,11,276
22.0,8,15,12,278
22.0,8,15,13,279
22.0,8,15,14,280
22.0,8,15,15,281
22.0,9,0,0,245
22.0,9,0,1,246
22.0,9,0,2,248
22.0,9,0,3,249
22.0,9,0,4,250
22.0,9,0,5,251
22.0,9,0,6,252
22.0,9,0,7,253
22.0,9,0,8,255
22.0,9,0,9,256
22.0,9,0,10,257
22.0,9,0,11,258
22.0,9,0,12,259
22.0,9,0,13,260
22.0,9,0,14,261
22.0,9,0,15,263
22.0,9,1,0,247
22.0,9,1,1,248
22.0,9,1,2,249
22.0,9,1,3,250
22.0,9,1,4,251
22.0,9,1,5,253
22.0,9,1,6,254
22.0,9,1,7,255
22.0,9,1,8,256
22.0,9,1,9,257
22.0,9,1,10,258
22.0,9,1,11,260
22.0,9,1,12,261
22.0,9,1,13,262
22.0,9,1,14,263
22.0,9,1,15,264
22.0,9,2,0,248
22.0,9,2,1,249
22.0,9,2,2,250
22.0,9,2,3,252
22.0,9,2,4,253
22.0,9,2,5,254
22.0,9,2,6,255
22.0,9,2,7,256
22.0,9,2,8,258
22.0,9,2,9,259
22.0,9,2,10,260
22.0,9,2,11,261
22.0,9,2,12,262
22.0,9,2,13,263
22.0,9,2,14,265
22.0,9,2,15,266
22.0,9,3,0,250
22.0,9,3,1,251
22.0,9,3,2,252
22.0,9,3,3,253
22.0,9,3,4,254
22.0,9,3,5,256
22.0,9,3,6,257
22.0,9,3,7,258
22.0,9,3,8,259
22.0,9,3,9,260
22.0,9,3,10,262
22.0,9,3,11,263
22.0,9,3,12,264
22.0,9,3,13,265
22.0,9,3,14,266
22.0,9,3,15,267
22.0,9,4,0,251
22.0,9,4,1,252
22.0,9,4,2,253
22.0,9,4,3,255
22.0,9,4,4,256
22.0,9,4,5,257
22.0,9,4,6,258
22.0,9,4,7,259
22.0,9,4,8,261
22.0,9,4,9,262
22.0,9,4,10,263
22.0,9,4,11,264
22.0,9,4,12,265
22.0,9,4,13,267
22.0,9,4,14,268
22.0,9,4,15,269
22.0,9,5,0,252
22.0,9,5,1,254
22.0,9,5,2,255
22.0,9,5,3,256
22.0,9,5,4,257
22.0,9,5,5,259
22.0,9,5,6,260
22.0,9,5,7,261
22.0,9,5,8,262
22.0,9,5,9,263
22.0,9,5,10,265
22.0,9,5,11,266
22.0,9,5,12,267
22.0,9,5,13,268
22.0,9,5,14,269
22.0,9,5,15,270
22.0,9,6,0,254
22.0,9,6,1,255
22.0,9,6,2,256
22.0,9,6,3,258
22.0,9,6,4,259
22.0,9,6,5,260
22.0,9,6,6,261
22.0,9,6,7,262
22.0,9,6,8,264
22.0,9,6,9,265
22.0,9,6,10,266
22.0,9,6,11,267
22.0,9,6,12,268
22.0,9,6,13,270
22.0,9,6,14,271
22.0,9,6,15,272
22.0,9,7,0,255
22.0,9,7,1,257
22.0,9,7,2,258
22.0,9,7,3,259
22.0,9,7,4,260
22.0,9,7,5,261
22.0,9,7,6,263
22.0,9,7,7,264
22.0,9,7,8,265
22.0,9,7,9,266
22.0,9,7,10,268
22.0,9,7,11,269
22.0,9,7,12,270
22.0,9,7,13,271
22.0,9,7,14,272
22.0,9,7,15,273
22.0,9,8,0,257
22.0,9,8,1,258
22.0,9,8,2,259
22.0,9,8,3,260
22.0,9,8,4,262
22.0,9,8,5,263
22.0,9,8,6,264
22.0,9,8,7,265
22.0,9,8,8,267
22.0,9,8,9,268
22.0,9,8,10,269
22.0,9,8,11,270
22.0,9,8,12,271
22.0,9,8,13,273
22.0,9,8,14,274
22.0,9,8,15,275
22.0,9,9,0,258
22.0,9,9,1,259
22.0,9,9,2,261
22.0,9,9,3,262
22.0,9,9,4,263
22.0,9,9,5,264
22.0,9,9,6,266
22.0,9,9,7,267
22.0,9,9,8,268
22.0,9,9,9,269
22.0,9,9,10,270
22.0,9,9,11,272
22.0,9,9,12,273
22.0,9,9,13,274
22.0,9,9,14,275
22.0,9,9,15,276
22.0,9,10,0,260
22.0,9,10,1,261
22.0,9,10,2,262
22.0,9,10,3,263
22.0,9,10,4,265
22.0,9,10,5,266
22.0,9,10,6,267
22.0,9,10,7,268
22.0,9,10,8,270
22.0,9,10,9,271
22.0,9,10,10,272
22.0,9,10,11,273
22.0,9,10,12,274
22.0,9,10,13,276
22.0,9,10,14,277
22.0,9,10,15,278
22.0,9,11,0,261
22.0,9,11,1,262
22.0,9,11,2,263
22.0,9,11,3,265
22.0,9,11,4,266
22.0,9,11,5,267
22.0,9,11,6,268
22.0,9,11,7,270
22.0,9,11,8,271
22.0,9,11,9,272
22.0,9,11,10,273
22.0,9,11,11,275
22.0,9,11,12,276
22.0,9,11,13,277
22.0,9,11,14,278
22.0,9,11,15,279
22.0,9,12,0,262
22.0,9,12,1,264
22.0,9,12,2,265
22.0,9,12,3,266
22.0,9,12,4,267
22.0,9,12,5,269
22.0,9,12,6,270
22.0,9,12,7,271
22.0,9,12,8,272
22.0,9,12,9,274
22.0,9,12,10,275
22.0,9,12,11,276
22.0,9,12,12,277
22.0,9,12,13,279
22.0,9,12,14,280
22.0,9,12,15,281
22.0,9,13,0,264
22.0,9,13,1,265
22.0,9,13,2,266
22.0,9,13,3,268
22.0,9,13,4,269
22.0,9,13,5,270
22.0,9,13,6,271
22.0,9,13,7,273
22.0,9,13,8,274
22.0,9,13,9,275
22.0,9,13,10,276
22.0,9,13,11,278
22.0,9,13,12,279
22.0,9,13,13,280
22.0,9,13,14,281
22.0,9,13,15,282
22.0,9,14,0,265
22.0,9,14,1,266
22.0,9,14,2,268
22.0,9,14,3,269
22.0,9,14,4,270
22.0,9,14,5,271
22.0,9,14,6,273
22.0,9,14,7,274
22.0,9,14,8,275
22.0,9,14,9,277
22.0,9,14,10,278
22.0,9,14,11,279
22.0,9,14,12,280
22.0,9,14,13,281
22.0,9,14,14,283
22.0,9,14,15,284
22.0,9,15,0,266
22.0,9,15,1,268
22.0,9,15,2,269
22.0,9,15,3,270
22.0,9,15,4,272
22.0,9,15,5,273
22.0,9,15,6,274
22.0,9,15,7,275
22.0,9,15,8,277
22.0,9,15,9,278
22.0,9,15,10,279
22.0,9,15,11,280
22.0,9,15,12,282
22.0,9,15,13,283
22.0,9,15,14,284
22.0,9,15,15,285
22.0,10,0,0,249
22.0,10,0,1,250
22.0,10,0,2,251
22.0,10,0,3,252
22.0,10,0,4,254
22.0,10,0,5,255
22.0,10,0,6,256
22.0,10,0,7,257
22.0,10,0,8,258
22.0,10,0,9,260
22.0,10,0,10,261
22.0,10,0,11,262
22.0,10,0,12,263
22.0,10,0,13,264
22.0,10,0,14,265
22.0,10,0,15,266
22.0,10,1,0,250
22.0,10,1,1,251
22.0,10,1,2,253
22.0,10,1,3,254
22.0,10,1,4,255
22.0,10,1,5,256
22.0,10,1,6,258
22.0,10,1,7,259
22.0,10,1,8,260
22.0,10,1,9,261
22.0,10,1,10,262
22.0,10,1,11,263
22.0,10,1,12,265
22.0,10,1,13,266
22.0,10,1,14,267
22.0,10,1,15,268
22.0,10,2,0,252
22.0,10,2,1,253
22.0,10,2,2,254
22.0,10,2,3,255
22.0,10,2,4,257
22.0,10,2,5,258
22.0,10,2,6,259
22.0,10,2,7,260
22.0,10,2,8,261
22.0,10,2,9,263
22.0,10,2,10,264
22.0,10,2,11,265
22.0,10,2,12,266
22.0,10,2,13,267
22.0,10,2,14,268
22.0,10,2,15,270
22.0,10,3,0,253
22.0,10,3,1,254
22.0,10,3,2,256
22.0,10,3,3,257
22.0,10,3,4,258
22.0,10,3,5,259
22.0,10,3,6,261
22.0,10,3,7,262
22.0,10,3,8,263
22.0,10,3,9,264
22.0,10,3,10,265
22.0,10,3,11,267
22.0,10,3,12,268
22.0,10,3,13,269
22.0,10,3,14,270
22.0,10,3,15,271
22.0,10,4,0,255
22.0,10,4,1,256
22.0,10,4,2,257
22.0,10,4,3,258
22.0,10,4,4,260
22.0,10,4,5,261
22.0,10,4,6,262
22.0,10,4,7,263
22.0,10,4,8,264
22.0,10,4,9,266
22.0,10,4,10,267
22.0,10,4,11,268
22.0,10,4,12,269
22.0,10,4,13,270
22.0,10,4,14,272
22.0,10,4,15,273
22.0,10,5,0,256
22.0,10,5,1,257
22.0,10,5,2,259
22.0,10,5,3,260
22.0,10,5,4,261
22.0,10,5,5,262
22.0,10,5,6,264
22.0,10,5,7,265
22.0,10,5,8,266
22.0,10,5,9,267
22.0,10,5,10,268
22.0,10,5,11,270
22.0,10,5,12,271
22.0,10,5,13,272
22.0,10,5,14,273
22.0,10,5,15,274
22.0,10,6,0,258
22.0,10,6,1,259
22.0,10,6,2,260
22.0,10,6,3,261
22.0,10,6,4,263
22.0,10,6,5,264
22.0,10,6,6,265
22.0,10,6,7,266
22.0,10,6,8,268
22.0,10,6,9,269
22.0,10,6,10,270
22.0,10,6,11,271
22.0,10,6,12,272
22.0,10,6,13,274
22.0,10,6,14,275
22.0,10,6,15,276
22.0,10,7,0,259
22.0,10,7,1,260
22.0,10,7,2,262
22.0,10,7,3,263
22.0,10,7,4,264
22.0,10,7,5,265
22.0,10,7,6,267
22.0,10,7,7,268
22.0,10,7,8,269
22.0,10,7,9,270
22.0,10,7,10,271
22.0,10,7,11,273
22.0,10,7,12,274
22.0,10,7,13,275
22.0,10,7,14,276
22.0,10,7,15,277
22.0,10,8,0,260
22.0,10,8,1,262
22.0,10,8,2,263
22.0,10,8,3,264
22.0,10,8,4,266
22.0,10,8,5,267
22.0,10,8,6,268
22.0,10,8,7,269
22.0,10,8,8,271
22.0,10,8,9,272
22.0,10,8,10,273
22.0,10,8,11,274
22.0,10,8,12,275
22.0,10,8,13,277
22.0,10,8,14,278
22.0,10,8,15,279
22.0,10,9,0,262
22.0,10,9,1,263
22.0,10,9,2,264
22.0,10,9,3,266
22.0,10,9,4,267
22.0,10,9,5,268
22.0,10,9,6,270
22.0,10,9,7,271
22.0,10,9,8,272
22.0,10,9,9,273
22.0,10,9,10,274
22.0,10,9,11,276
22.0,10,9,12,277
22.0,10,9,13,278
22.0,10,9,14,279
22.0,10,9,15,281
22.0,10,10,0,263
22.0,10,10,1,265
22.0,10,10,2,266
22.0,10,10,3,267
22.0,10,10,4,268
22.0,10,10,5,270
22.0,10,10,6,271
22.0,10,10,7,272
22.0,10,10,8,273
22.0,10,10,9,275
22.0,10,10,10,276
22.0,10,10,11,277
22.0,10,10,12,278
22.0,10,10,13,280
22.0,10,10,14,281
22.0,10,10,15,282
22.0,10,11,0,265
22.0,10,11,1,266
22.0,10,11,2,267
22.0,10,11,3,269
22.0,10,11,4,270
22.0,10,11,5,271
22.0,10,11,6,272
22.0,10,11,7,274
22.0,10,11,8,275
22.0,10,11,9,276
22.0,10,11,10,277
22.0,10,11,11,279
22.0,10,11,12,280
22.0,10,11,13,281
22.0,10,11,14,282
22.0,10,11,15,284
22.0,10,12,0,266
22.0,10,12,1,267
22.0,10,12,2,269
22.0,10,12,3,270
22.0,10,12,4,271
22.0,10,12,5,273
22.0,10,12,6,274
22.0,10,12,7,275
22.0,10,12,8,276
22.0,10,12,9,278
22.0,10,12,10,279
22.0,10,12,11,280
22.0,10,12,12,281
22.0,10,12,13,283
22.0,10,12,14,284
22.0,10,12,15,285
22.0,10,13,0,268
22.0,10,13,1,269
22.0,10,13,2,270
22.0,10,13,3,271
22.0,10,13,4,273
22.0,10,13,5,274
22.0,10,13,6,275
22.0,10,13,7,277
22.0,10,13,8,278
22.0,10,13,9,279
22.0,10,13,10,280
22.0,10,13,11,282
22.0,10,13,12,283
22.0,10,13,13,284
22.0,10,13,14,285
22.0,10,13,15,287
22.0,10,14,0,269
22.0,10,14,1,270
22.0,10,14,2,272
22.0,10,14,3,273
22.0,10,14,4,274
22.0,10,14,5,275
22.0,10,14,6,277
22.0,10,14,7,278
22.0,10,14,8,279
22.0,10,14,9,281
22.0,10,14,10,282
22.0,10,14,11,283
22.0,10,14,12,284
22.0,10,14,13,286
22.0,10,14,14,287
22.0,10,14,15,288
22.0,10,15,0,270
22.0,10,15,1,272
22.0,10,15,2,273
22.0,10,15,3,274
22.0,10,15,4,276
22.0,10,15,5,277
22.0,10,15,6,278
22.0,10,15,7,279
22.0,10,15,8,281
22.0,10,15,9,282
22.0,10,15,10,283
22.0,10,15,11,285
22.0,10,15,12,286
22.0,10,15,13,287
22.0,10,15,14,288
22.0,10,15,15,290
22.0,11,0,0,252
22.0,11,0,1,254
22.0,11,0,2,255
22.0,11,0,3,256
22.0,11,0,4,257
22.0,11,0,5,258
22.0,11,0,6,260
22.0,11,0,7,261
22.0,11,0,8,262
22.0,11,0,9,263
22.0,11,0,10,264
22.0,11,0,11,266
22.0,11,0,12,267
22.0,11,0,13,268
22.0,11,0,14,269
22.0,11,0,15,270
22.0,11,1,0,254
22.0,11,1,1,255
22.0,11,1,2,256
22.0,11,1,3,258
22.0,11,1,4,259
22.0,11,1,5,260
22.0,11,1,6,261
22.0,11,1,7,262
22.0,11,1,8,264
22.0,11,1,9,265
22.0,11,1,10,266
22.0,11,1,11,267
22.0,11,1,12,268
22.0,11,1,13,270
22.0,11,1,14,271
22.0,11,1,15,272
22.0,11,2,0,255
22.0,11,2,1,257
22.0,11,2,2,258
22.0,11,2,3,259
22.0,11,2,4,260
22.0,11,2,5,262
22.0,11,2,6,263
22.0,11,2,7,264
22.0,11,2,8,265
22.0,11,2,9,266
22.0,11,2,10,268
22.0,11,2,11,269
22.0,11,2,12,270
22.0,11,2,13,271
22.0,11,2,14,272
22.0,11,2,15,274
22.0,11,3,0,257
22.0,11,3,1,258
22.0,11,3,2,259
22.0,11,3,3,261
22.0,11,3,4,262
22.0,11,3,5,263
22.0,11,3,6,264
22.0,11,3,7,266
22.0,11,3,8,267
22.0,11,3,9,268
22.0,11,3,10,269
22.0,11,3,11,270
22.0,11,3,12,272
22.0,11,3,13,273
22.0,11,3,14,274
22.0,11,3,15,275
22.0,11,4,0,258
22.0,11,4,1,260
22.0,11,4,2,261
22.0,11,4,3,262
22.0,11,4,4,263
22.0,11,4,5,265
22.0,11,4,6,266
22.0,11,4,7,267
22.0,11,4,8,268
22.0,11,4,9,270
22.0,11,4,10,271
22.0,11,4,11,272
22.0,11,4,12,273
22.0,11,4,13,274
22.0,11,4,14,276
22.0,11,4,15,277
22.0,11,5,0,260
22.0,11,5,1,261
22.0,11,5,2,262
22.0,11,5,3,264
22.0,11,5,4,265
22.0,11,5,5,266
22.0,11,5,6,267
22.0,11,5,7,269
22.0,11,5,8,270
22.0,11,5,9,271
22.0,11,5,10,272
22.0,11,5,11,274
22.0,11,5,12,275
22.0,11,5,13,276
22.0,11,5,14,277
22.0,11,5,15,278
22.0,11,6,0,261
22.0,11,6,1,263
22.0,11,6,2,264
22.0,11,6,3,265
22.0,11,6,4,266
22.0,11,6,5,268
22.0,11,6,6,269
22.0,11,6,7,270
22.0,11,6,8,271
22.0,11,6,9,273
22.0,11,6,10,274
22.0,11,6,11,275
22.0,11,6,12,276
22.0,11,6,13,278
22.0,11,6,14,279
22.0,11,6,15,280
22.0,11,7,0,263
22.0,11,7,1,264
22.0,11,7,2,265
22.0,11,7,3,267
22.0,11,7,4,268
22.0,11,7,5,269
22.0,11,7,6,270
22.0,11,7,7,272
22.0,11,7,8,273
22.0,11,7,9,274
22.0,11,7,10,275
22.0,11,7,11,277
22.0,11,7,12,278
22.0,11,7,13,279
22.0,11,7,14,280
22.0,11,7,15,281
22.0,11,8,0,264
22.0,11,8,1,266
22.0,11,8,2,267
22.0,11,8,3,268
22.0,11,8,4,269
22.0,11,8,5,271
22.0,11,8,6,272
22.0,11,8,7,273
22.0,11,8,8,274
22.0,11,8,9,276
22.0,11,8,10,277
22.0,11,8,11,278
22.0,11,8,12,279
22.0,11,8,13,281
22.0,11,8,14,282
22.0,11,8,15,283
22.0,11,9,0,266
22.0,11,9,1,267
22.0,11,9,2,268
22.0,11,9,3,270
22.0,11,9,4,271
22.0,11,9,5,272
22.0,11,9,6,273
22.0,11,9,7,275
22.0,11,9,8,276
22.0,11,9,9,277
22.0,11,9,10,278
22.0,11,9,11,280
22.0,11,9,12,281
22.0,11,9,13,282
22.0,11,9,14,283
22.0,11,9,15,285
22.0,11,10,0,267
22.0,11,10,1,268
22.0,11,10,2,270
22.0,11,10,3,271
22.0,11,10,4,272
22.0,11,10,5,274
22.0,11,10,6,275
22.0,11,10,7,276
22.0,11,10,8,277
22.0,11,10,9,279
22.0,11,10,10,280
22.0,11,10,11,281
22.0,11,10,12,282
22.0,11,10,13,284
22.0,11,10,14,285
22.0,11,10,15,286
22.0,11,11,0,269
22.0,11,11,1,270
22.0,11,11,2,271
22.0,11,11,3,273
22.0,11,11,4,274
22.0,11,11,5,275
22.0,11,11,6,276
22.0,11,11,7,278
22.0,11,11,8,279
22.0,11,11,9,280
22.0,11,11,10,281
22.0,11,11,11,283
22.0,11,11,12,284
22.0,11,11,13,285
22.0,11,11,14,286
22.0,11,11,15,288
22.0,11,12,0,270
22.0,11,12,1,271
22.0,11,12,2,273
22.0,11,12,3,274
22.0,11,12,4,275
22.0,11,12,5,277
22.0,11,12,6,278
22.0,11,12,7,279
22.0,11,12,8,280
22.0,11,12,9,282
22.0,11,12,10,283
22.0,11,12,11,284
22.0,11,12,12,285
22.0,11,12,13,287
22.0,11,12,14,288
22.0,11,12,15,289
22.0,11,13,0,271
22.0,11,13,1,273
22.0,11,13,2,274
22.0,11,13,3,275
22.0,11,13,4,277
22.0,11,13,5,278
22.0,11,13,6,279
22.0,11,13,7,281
22.0,11,13,8,282
22.0,11,13,9,283
22.0,11,13,10,284
22.0,11,13,11,286
22.0,11,13,12,287
22.0,11,13,13,288
22.0,11,13,14,289
22.0,11,13,15,291
22.0,11,14,0,273
22.0,11,14,1,274
22.0,11,14,2,276
22.0,11,14,3,277
22.0,11,14,4,278
22.0,11,14,5,279
22.0,11,14,6,281
22.0,11,14,7,282
22.0,11,14,8,283
22.0,11,14,9,285
22.0,11,14,10,286
22.0,11,14,11,287
22.0,11,14,12,288
22.0,11,14,13,290
22.0,11,14,14,291
22.0,11,14,15,292
22.0,11,15,0,274
22.0,11,15,1,276
22.0,11,15,2,277
22.0,11,15,3,278
22.0,11,15,4,280
22.0,11,15,5,281
22.0,11,15,6,282
22.0,11,15,7,284
22.0,11,15,8,285
22.0,11,15,9,286
22.0,11,15,10,287
22.0,11,15,11,289
22.0,11,15,12,290
22.0,11,15,13,291
22.0,11,15,14,293
22.0,11,15,15,294
22.0,12,0,0,256
22.0,12,0,1,257
22.0,12,0,2,258
22.0,12,0,3,260
22.0,12,0,4,261
22.0,12,0,5,262
22.0,12,0,6,263
22.0,12,0,7,265
22.0,12,0,8,266
22.0,12,0,9,267
22.0,12,0,10,268
22.0,12,0,11,269
22.0,12,0,12,271
22.0,12,0,13,272
22.0,12,0,14,273
22.0,12,0,15,274
22.0,12,1,0,258
22.0,12,1,1,259
22.0,12,1,2,260
22.0,12,1,3,261
22.0,12,1,4,263
22.0,12,1,5,264
22.0,12,1,6,265
22.0,12,1,7,266
22.0,12,1,8,267
22.0,12,1,9,269
22.0,12,1,10,270
22.0,12,1,11,271
22.0,12,1,12,272
22.0,12,1,13,273
22.0,12,1,14,275
22.0,12,1,15,276
22.0,12,2,0,259
22.0,12,2,1,260
22.0,12,2,2,262
22.0,12,2,3,263
22.0,12,2,4,264
22.0,12,2,5,265
22.0,12,2,6,267
22.0,12,2,7,268
22.0,12,2,8,269
22.0,12,2,9,270
22.0,12,2,10,271
22.0,12,2,11,273
22.0,12,2,12,274
22.0,12,2,13,275
22.0,12,2,14,276
22.0,12,2,15,277
22.0,12,3,0,261
22.0,12,3,1,262
22.0,12,3,2,263
22.0,12,3,3,264
22.0,12,3,4,266
22.0,12,3,5,267
22.0,12,3,6,268
22.0,12,3,7,269
22.0,12,3,8,271
22.0,12,3,9,272
22.0,12,3,10,273
22.0,12,3,11,274
22.0,12,3,12,275
22.0,12,3,13,277
22.0,12,3,14,278
22.0,12,3,15,279
22.0,12,4,0,262
22.0,12,4,1,263
22.0,12,4,2,265
22.0,12,4,3,266
22.0,12,4,4,267
22.0,12,4,5,268
22.0,12,4,6,270
22.0,12,4,7,271
22.0,12,4,8,272
22.0,12,4,9,273
22.0,12,4,10,275
22.0,12,4,11,276
22.0,12,4,12,277
22.0,12,4,13,278
22.0,12,4,14,280
22.0,12,4,15,281
22.0,12,5,0,264
22.0,12,5,1,265
22.0,12,5,2,266
22.0,12,5,3,267
22.0,12,5,4,269
22.0,12,5,5,270
22.0,12,5,6,271
22.0,12,5,7,272
22.0,12,5,8,274
22.0,12,5,9,275
22.0,12,5,10,276
22.0,12,5,11,277
22.0,12,5,12,279
22.0,12,5,13,280
22.0,12,5,14,281
22.0,12,5,15,282
22.0,12,6,0,265
22.0,12,6,1,266
22.0,12,6,2,268
22.0,12,6,3,269
22.0,12,6,4,270
22.0,12,6,5,272
22.0,12,6,6,273
22.0,12,6,7,274
22.0,12,6,8,275
22.0,12,6,9,277
22.0,12,6,10,278
22.0,12,6,11,279
22.0,12,6,12,280
22.0,12,6,13,281
22.0,12,6,14,283
22.0,12,6,15,284
22.0,12,7,0,267
22.0,12,7,1,268
22.0,12,7,2,269
22.0,12,7,3,270
22.0,12,7,4,272
22.0,12,7,5,273
22.0,12,7,6,274
22.0,12,7,7,276
22.0,12,7,8,277
22.0,12,7,9,278
22.0,12,7,10,279
22.0,12,7,11,281
22.0,12,7,12,282
22.0,12,7,13,283
22.0,12,7,14,284
22.0,12,7,15,286
22.0,12,8,0,268
22.0,12,8,1,269
22.0,12,8,2,271
22.0,12,8,3,272
22.0,12,8,4,273
22.0,12,8,5,275
22.0,12,8,6,276
22.0,12,8,7,277
22.0,12,8,8,278
22.0,12,8,9,280
22.0,12,8,10,281
22.0,12,8,11,282
22.0,12,8,12,283
22.0,12,8,13,285
22.0,12,8,14,286
22.0,12,8,15,287
22.0,12,9,0,270
22.0,12,9,1,271
22.0,12,9,2,272
22.0,12,9,3,273
22.0,12,9,4,275
22.0,12,9,5,276
22.0,12,9,6,277
22.0,12,9,7,279
22.0,12,9,8,280
22.0,12,9,9,281
22.0,12,9,10,282
22.0,12,9,11,284
22.0,12,9,12,285
22.0,12,9,13,286
22.0,12,9,14,287
22.0,12,9,15,289
22.0,12,10,0,271
22.0,12,10,1,272
22.0,12,10,2,274
22.0,12,10,3,275
22.0,12,10,4,276
22.0,12,10,5,278
22.0,12,10,6,279
22.0,12,10,7,280
22.0,12,10,8,281
22.0,12,10,9,283
22.0,12,10,10,284
22.0,12,10,11,285
22.0,12,10,12,287
22.0,12,10,13,288
22.0,12,10,14,289
22.0,12,10,15,290
22.0,12,11,0,272
22.0,12,11,1,274
22.0,12,11,2,275
22.0,12,11,3,276
22.0,12,11,4,278
22.0,12,11,5,279
22.0,12,11,6,280
22.0,12,11,7,282
22.0,12,11,8,283
22.0,12,11,9,284
22.0,12,11,10,286
22.0,12,11,11,287
22.0,12,11,12,288
22.0,12,11,13,289
22.0,12,11,14,291
22.0,12,11,15,292
22.0,12,12,0,274
22.0,12,12,1,275
22.0,12,12,2,277
22.0,12,12,3,278
22.0,12,12,4,279
22.0,12,12,5,281
22.0,12,12,6,282
22.0,12,12,7,283
22.0,12,12,8,284
22.0,12,12,9,286
22.0,12,12,10,287
22.0,12,12,11,288
22.0,12,12,12,290
22.0,12,12,13,291
22.0,12,12,14,292
22.0,12,12,15,293
22.0,12,13,0,275
22.0,12,13,1,277
22.0,12,13,2,278
22.0,12,13,3,279
22.0,12,13,4,281
22.0,12,13,5,282
22.0,12,13,6,283
22.0,12,13,7,285
22.0,12,13,8,286
22.0,12,13,9,287
22.0,12,13,10,289
22.0,12,13,11,290
22.0,12,13,12,291
22.0,12,13,13,292
22.0,12,13,14,294
22.0,12,13,15,295
22.0,12,14,0,277
22.0,12,14,1,278
22.0,12,14,2,279
22.0,12,14,3,281
22.0,12,14,4,282
22.0,12,14,5,283
22.0,12,14,6,285
22.0,12,14,7,286
22.0,12,14,8,287
22.0,12,14,9,289
22.0,12,14,10,290
22.0,12,14,11,291
22.0,12,14,12,293
22.0,12,14,13,294
22.0,12,14,14,295
22.0,12,14,15,296
22.0,12,15,0,278
22.0,12,15,1,280
22.0,12,15,2,281
22.0,12,15,3,282
22.0,12,15,4,284
22.0,12,15,5,285
22.0,12,15,6,286
22.0,12,15,7,288
22.0,12,15,8,289
22.0,12,15,9,290
22.0,12,15,10,292
22.0,12,15,11,293
22.0,12,15,12,294
22.0,12,15,13,295
22.0,12,15,14,297
22.0,12,15,15,298
22.0,13,0,0,260
22.0,13,0,1,261
22.0,13,0,2,262
22.0,13,0,3,263
22.0,13,0,4,265
22.0,13,0,5,266
22.0,13,0,6,267
22.0,13,0,7,268
22.0,13,0,8,270
22.0,13,0,9,271
22.0,13,0,10,272
22.0,13,0,11,273
22.0,13,0,12,274
22.0,13,0,13,276
22.0,13,0,14,277
22.0,13,0,15,278
22.0,13,1,0,261
22.0,13,1,1,262
22.0,13,1,2,264
22.0,13,1,3,265
22.0,13,1,4,266
22.0,13,1,5,267
22.0,13,1,6,269
22.0,13,1,7,270
22.0,13,1,8,271
22.0,13,1,9,272
22.0,13,1,10,274
22.0,13,1,11,275
22.0,13,1,12,276
22.0,13,1,13,277
22.0,13,1,14,279
22.0,13,1,15,280
22.0,13,2,0,263
22.0,13,2,1,264
22.0,13,2,2,265
22.0,13,2,3,267
22.0,13,2,4,268
22.0,13,2,5,269
22.0,13,2,6,270
22.0,13,2,7,272
22.0,13,2,8,273
22.0,13,2,9,274
22.0,13,2,10,275
22.0,13,2,11,277
22.0,13,2,12,278
22.0,13,2,13,279
22.0,13,2,14,280
22.0,13,2,15,281
22.0,13,3,0,264
22.0,13,3,1,266
22.0,13,3,2,267
22.0,13,3,3,268
22.0,13,3,4,269
22.0,13,3,5,271
22.0,13,3,6,272
22.0,13,3,7,273
22.0,13,3,8,274
22.0,13,3,9,276
22.0,13,3,10,277
22.0,13,3,11,278
22.0,13,3,12,279
22.0,13,3,13,281
22.0,13,3,14,282
22.0,13,3,15,283
22.0,13,4,0,266
22.0,13,4,1,267
22.0,13,4,2,268
22.0,13,4,3,270
22.0,13,4,4,271
22.0,13,4,5,272
22.0,13,4,6,273
22.0,13,4,7,275
22.0,13,4,8,276
22.0,13,4,9,277
22.0,13,4,10,279
22.0,13,4,11,280
22.0,13,4,12,281
22.0,13,4,13,282
22.0,13,4,14,283
22.0,13,4,15,285
22.0,13,5,0,267
22.0,13,5,1,269
22.0,13,5,2,270
22.0,13,5,3,271
22.0,13,5,4,272
22.0,13,5,5,274
22.0,13,5,6,275
22.0,13,5,7,276
22.0,13,5,8,278
22.0,13,5,9,279
22.0,13,5,10,280
22.0,13,5,11,281
22.0,13,5,12,283
22.0,13,5,13,284
22.0,13,5,14,285
22.0,13,5,15,286
22.0,13,6,0,269
22.0,13,6,1,270
22.0,13,6,2,271
22.0,13,6,3,273
22.0,13,6,4,274
22.0,13,6,5,275
22.0,13,6,6,277
22.0,13,6,7,278
22.0,13,6,8,279
22.0,13,6,9,280
22.0,13,6,10,282
22.0,13,6,11,283
22.0,13,6,12,284
22.0,13,6,13,285
22.0,13,6,14,287
22.0,13,6,15,288
22.0,13,7,0,270
22.0,13,7,1,272
22.0,13,7,2,273
22.0,13,7,3,274
22.0,13,7,4,276
22.0,13,7,5,277
22.0,13,7,6,278
22.0,13,7,7,279
22.0,13,7,8,281
22.0,13,7,9,282
22.0,13,7,10,283
22.0,13,7,11,285
22.0,13,7,12,286
22.0,13,7,13,287
22.0,13,7,14,288
22.0,13,7,15,290
22.0,13,8,0,272
22.0,13,8,1,273
22.0,13,8,2,274
22.0,13,8,3,276
22.0,13,8,4,277
22.0,13,8,5,278
22.0,13,8,6,280
22.0,13,8,7,281
22.0,13,8,8,282
22.0,13,8,9,284
22.0,13,8,10,285
22.0,13,8,11,286
22.0,13,8,12,287
22.0,13,8,13,289
22.0,13,8,14,290
22.0,13,8,15,291
22.0,13,9,0,273
22.0,13,9,1,275
22.0,13,9,2,276
22.0,13,9,3,277
22.0,13,9,4,279
22.0,13,9,5,280
22.0,13,9,6,281
22.0,13,9,7,283
22.0,13,9,8,284
22.0,13,9,9,285
22.0,13,9,10,286
22.0,13,9,11,288
22.0,13,9,12,289
22.0,13,9,13,290
22.0,13,9,14,292
22.0,13,9,15,293
22.0,13,10,0,275
22.0,13,10,1,276
22.0,13,10,2,277
22.0,13,10,3,279
22.0,13,10,4,280
22.0,13,10,5,281
22.0,13,10,6,283
22.0,13,10,7,284
22.0,13,10,8,285
22.0,13,10,9,287
22.0,13,10,10,288
22.0,13,10,11,289
22.0,13,10,12,291
22.0,13,10,13,292
22.0,13,10,14,293
22.0,13,10,15,294
22.0,13,11,0,276
22.0,13,11,1,278
22.0,13,11,2,279
22.0,13,11,3,280
22.0,13,11,4,282
22.0,13,11,5,283
22.0,13,11,6,284
22.0,13,11,7,286
22.0,13,11,8,287
22.0,13,11,9,288
22.0,13,11,10,290
22.0,13,11,11,291
22.0,13,11,12,292
22.0,13,11,13,293
22.0,13,11,14,295
22.0,13,11,15,296
22.0,13,12,0,278
22.0,13,12,1,279
22.0,13,12,2,280
22.0,13,12,3,282
22.0,13,12,4,283
22.0,13,12,5,284
22.0,13,12,6,286
22.0,13,12,7,287
22.0,13,12,8,288
22.0,13,12,9,290
22.0,13,12,10,291
22.0,13,12,11,292
22.0,13,12,12,294
22.0,13,12,13,295
22.0,13,12,14,296
22.0,13,12,15,298
22.0,13,13,0,279
22.0,13,13,1,281
22.0,13,13,2,282
22.0,13,13,3,283
22.0,13,13,4,285
22.0,13,13,5,286
22.0,13,13,6,287
22.0,13,13,7,289
22.0,13,13,8,290
22.0,13,13,9,291
22.0,13,13,10,293
22.0,13,13,11,294
22.0,13,13,12,295
22.0,13,13,13,296
22.0,13,13,14,298
22.0,13,13,15,299
22.0,13,14,0,281
22.0,13,14,1,282
22.0,13,14,2,283
22.0,13,14,3,285
22.0,13,14,4,286
22.0,13,14,5,287
22.0,13,14,6,289
22.0,13,14,7,290
22.0,13,14,8,291
22.0,13,14,9,293
22.0,13,14,10,294
22.0,13,14,11,295
22.0,13,14,12,297
22.0,13,14,13,298
22.0,13,14,14,299
22.0,13,14,15,301
22.0,13,15,0,282
22.0,13,15,1,283
22.0,13,15,2,285
22.0,13,15,3,286
22.0,13,15,4,288
22.0,13,15,5,289
22.0,13,15,6,290
22.0,13,15,7,292
22.0,13,15,8,293
22.0,13,15,9,294
22.0,13,15,10,296
22.0,13,15,11,297
22.0,13,15,12,298
22.0,13,15,13,300
22.0,13,15,14,301
22.0,13,15,15,302
22.0,14,0,0,263
22.0,14,0,1,264
22.0,14,0,2,266
22.0,14,0,3,267
22.0,14,0,4,268
22.0,14,0,5,270
22.0,14,0,6,271
22.0,14,0,7,272
22.0,14,0,8,273
22.0,14,0,9,275
22.0,14,0,10,276
22.0,14,0,11,277
22.0,14,0,12,278
22.0,14,0,13,279
22.0,14,0,14,281
22.0,14,0,15,282
22.0,14,1,0,265
22.0,14,1,1,266
22.0,14,1,2,267
22.0,14,1,3,269
22.0,14,1,4,270
22.0,14,1,5,271
22.0,14,1,6,272
22.0,14,1,7,274
22.0,14,1,8,275
22.0,14,1,9,276
22.0,14,1,10,277
22.0,14,1,11,279
22.0,14,1,12,280
22.0,14,1,13,281
22.0,14,1,14,282
22.0,14,1,15,284
22.0,14,2,0,266
22.0,14,2,1,268
22.0,14,2,2,269
22.0,14,2,3,270
22.0,14,2,4,272
22.0,14,2,5,273
22.0,14,2,6,274
22.0,14,2,7,275
22.0,14,2,8,277
22.0,14,2,9,278
22.0,14,2,10,279
22.0,14,2,11,280
22.0,14,2,12,282
22.0,14,2,13,283
22.0,14,2,14,284
22.0,14,2,15,285
22.0,14,3,0,268
22.0,14,3,1,269
22.0,14,3,2,271
22.0,14,3,3,272
22.0,14,3,4,273
22.0,14,3,5,274
22.0,14,3,6,276
22.0,14,3,7,277
22.0,14,3,8,278
22.0,14,3,9,280
22.0,14,3,10,281
22.0,14,3,11,282
22.0,14,3,12,283
22.0,14,3,13,285
22.0,14,3,14,286
22.0,14,3,15,287
22.0,14,4,0,269
22.0,14,4,1,271
22.0,14,4,2,272
22.0,14,4,3,273
22.0,14,4,4,275
22.0,14,4,5,276
22.0,14,4,6,277
22.0,14,4,7,279
22.0,14,4,8,280
22.0,14,4,9,281
22.0,14,4,10,282
22.0,14,4,11,284
22.0,14,4,12,285
22.0,14,4,13,286
22.0,14,4,14,287
22.0,14,4,15,289
22.0,14,5,0,271
22.0,14,5,1,272
22.0,14,5,2,274
22.0,14,5,3,275
22.0,14,5,4,276
22.0,14,5,5,278
22.0,14,5,6,279
22.0,14,5,7,280
22.0,14,5,8,281
22.0,14,5,9,283
22.0,14,5,10,284
22.0,14,5,11,285
22.0,14,5,12,287
22.0,14,5,13,288
22.0,14,5,14,289
22.0,14,5,15,290
22.0,14,6,0,273
22.0,14,6,1,274
22.0,14,6,2,275
22.0,14,6,3,277
22.0,14,6,4,278
22.0,14,6,5,279
22.0,14,6,6,280
22.0,14,6,7,282
22.0,14,6,8,283
22.0,14,6,9,284
22.0,14,6,10,286
22.0,14,6,11,287
22.0,14,6,12,288
22.0,14,6,13,289
22.0,14,6,14,291
22.0,14,6,15,292
22.0,14,7,0,274
22.0,14,7,1,275
22.0,14,7,2,277
22.0,14,7,3,278
22.0,14,7,4,279
22.0,14,7,5,281
22.0,14,7,6,282
22.0,14,7,7,283
22.0,14,7,8,285
22.0,14,7,9,286
22.0,14,7,10,287
22.0,14,7,11,289
22.0,14,7,12,290
22.0,14,7,13,291
22.0,14,7,14,292
22.0,14,7,15,294
22.0,14,8,0,276
22.0,14,8,1,277
22.0,14,8,2,278
22.0,14,8,3,280
22.0,14,8,4,281
22.0,14,8,5,282
22.0,14,8,6,284
22.0,14,8,7,285
22.0,14,8,8,286
22.0,14,8,9,288
22.0,14,8,10,289
22.0,14,8,11,290
22.0,14,8,12,291
22.0,14,8,13,293
22.0,14,8,14,294
22.0,14,8,15,295
22.0,14,9,0,277
22.0,14,9,1,278
22.0,14,9,2,280
22.0,14,9,3,281
22.0,14,9,4,283
22.0,14,9,5,284
22.0,14,9,6,285
22.0,14,9,7,286
22.0,14,9,8,288
22.0,14,9,9,289
22.0,14,9,10,290
22.0,14,9,11,292
22.0,14,9,12,293
22.0,14,9,13,294
22.0,14,9,14,296
22.0,14,9,15,297
22.0,14,10,0,279
22.0,14,10,1,280
22.0,14,10,2,281
22.0,14,10,3,283
22.0,14,10,4,284
22.0,14,10,5,285
22.0,14,10,6,287
22.0,14,10,7,288
22.0,14,10,8,289
22.0,14,10,9,291
22.0,14,10,10,292
22.0,14,10,11,293
22.0,14,10,12,295
22.0,14,10,13,296
22.0,14,10,14,297
22.0,14,10,15,298
22.0,14,11,0,280
22.0,14,11,1,281
22.0,14,11,2,283
22.0,14,11,3,284
22.0,14,11,4,286
22.0,14,11,5,287
22.0,14,11,6,288
22.0,14,11,7,290
22.0,14,11,8,291
22.0,14,11,9,292
22.0,14,11,10,294
22.0,14,11,11,295
22.0,14,11,12,296
22.0,14,11,13,297
22.0,14,11,14,299
22.0,14,11,15,300
22.0,14,12,0,282
22.0,14,12,1,283
22.0,14,12,2,284
22.0,14,12,3,286
22.0,14,12,4,287
22.0,14,12,5,288
22.0,14,12,6,290
22.0,14,12,7,291
22.0,14,12,8,292
22.0,14,12,9,294
22.0,14,12,10,295
22.0,14,12,11,296
22.0,14,12,12,298
22.0,14,12,13,299
22.0,14,12,14,300
22.0,14,12,15,302
22.0,14,13,0,283
22.0,14,13,1,284
22.0,14,13,2,286
22.0,14,13,3,287
22.0,14,13,4,289
22.0,14,13,5,290
22.0,14,13,6,291
22.0,14,13,7,293
22.0,14,13,8,294
22.0,14,13,9,295
22.0,14,13,10,297
22.0,14,13,11,298
22.0,14,13,12,299
22.0,14,13,13,301
22.0,14,13,14,302
22.0,14,13,15,303
22.0,14,14,0,285
22.0,14,14,1,286
22.0,14,14,2,287
22.0,14,14,3,289
22.0,14,14,4,290
22.0,14,14,5,291
22.0,14,14,6,293
22.0,14,14,7,294
22.0,14,14,8,296
22.0,14,14,9,297
22.0,14,14,10,298
22.0,14,14,11,300
22.0,14,14,12,301
22.0,14,14,13,302
22.0,14,14,14,303
22.0,14,14,15,305
22.0,14,15,0,286
22.0,14,15,1,287
22.0,14,15,2,289
22.0,14,15,3,290
22.0,14,15,4,292
22.0,14,15,5,293
22.0,14,15,6,294
22.0,14,15,7,296
22.0,14,15,8,297
22.0,14,15,9,298
22.0,14,15,10,300
22.0,14,15,11,301
22.0,14,15,12,302
22.0,14,15,13,304
22.0,14,15,14,305
22.0,14,15,15,306
22.0,15,0,0,267
22.0,15,0,1,268
22.0,15,0,2,269
22.0,15,0,3,271
22.0,15,0,4,272
22.0,15,0,5,273
22.0,15,0,6,275
22.0,15,0,7,276
22.0,15,0,8,277
22.0,15,0,9,278
22.0,15,0,10,280
22.0,15,0,11,281
22.0,15,0,12,282
22.0,15,0,13,283
22.0,15,0,14,285
22.0,15,0,15,286
22.0,15,1,0,268
22.0,15,1,1,270
22.0,15,1,2,271
22.0,15,1,3,272
22.0,15,1,4,274
22.0,15,1,5,275
22.0,15,1,6,276
22.0,15,1,7,277
22.0,15,1,8,279
22.0,15,1,9,280
22.0,15,1,10,281
22.0,15,1,11,283
22.0,15,1,12,284
22.0,15,1,13,285
22.0,15,1,14,286
22.0,15,1,15,288
22.0,15,2,0,270
22.0,15,2,1,271
22.0,15,2,2,273
22.0,15,2,3,274
22.0,15,2,4,275
22.0,15,2,5,277
22.0,15,2,6,278
22.0,15,2,7,279
22.0,15,2,8,280
22.0,15,2,9,282
22.0,15,2,10,283
22.0,15,2,11,284
22.0,15,2,12,285
22.0,15,2,13,287
22.0,15,2,14,288
22.0,15,2,15,289
22.0,15,3,0,272
22.0,15,3,1,273
22.0,15,3,2,274
22.0,15,3,3,276
22.0,15,3,4,277
22.0,15,3,5,278
22.0,15,3,6,279
22.0,15,3,7,281
22.0,15,3,8,282
22.0,15,3,9,283
22.0,15,3,10,285
22.0,15,3,11,286
22.0,15,3,12,287
22.0,15,3,13,288
22.0,15,3,14,290
22.0,15,3,15,291
22.0,15,4,0,273
22.0,15,4,1,275
22.0,15,4,2,276
22.0,15,4,3,277
22.0,15,4,4,278
22.0,15,4,5,280
22.0,15,4,6,281
22.0,15,4,7,282
22.0,15,4,8,284
22.0,15,4,9,285
22.0,15,4,10,286
22.0,15,4,11,288
22.0,15,4,12,289
22.0,15,4,13,290
22.0,15,4,14,291
22.0,15,4,15,293
22.0,15,5,0,275
22.0,15,5,1,276
22.0,15,5,2,277
22.0,15,5,3,279
22.0,15,5,4,280
22.0,15,5,5,281
22.0,15,5,6,283
22.0,15,5,7,284
22.0,15,5,8,285
22.0,15,5,9,287
22.0,15,5,10,288
22.0,15,5,11,289
22.0,15,5,12,290
22.0,15,5,13,292
22.0,15,5,14,293
22.0,15,5,15,294
22.0,15,6,0,276
22.0,15,6,1,278
22.0,15,6,2,279
22.0,15,6,3,280
22.0,15,6,4,282
22.0,15,6,5,283
22.0,15,6,6,284
22.0,15,6,7,286
22.0,15,6,8,287
22.0,15,6,9,288
22.0,15,6,10,290
22.0,15,6,11,291
22.0,15,6,12,292
22.0,15,6,13,293
22.0,15,6,14,295
22.0,15,6,15,296
22.0,15,7,0,278
22.0,15,7,1,279
22.0,15,7,2,281
22.0,15,7,3,282
22.0,15,7,4,283
22.0,15,7,5,285
22.0,15,7,6,286
22.0,15,7,7,287
22.0,15,7,8,289
22.0,15,7,9,290
22.0,15,7,10,291
22.0,15,7,11,292
22.0,15,7,12,294
22.0,15,7,13,295
22.0,15,7,14,296
22.0,15,7,15,298
22.0,15,8,0,279
22.0,15,8,1,281
22.0,15,8,2,282
22.0,15,8,3,283
22.0,15,8,4,285
22.0,15,8,5,286
22.0,15,8,6,288
22.0,15,8,7,289
22.0,15,8,8,290
22.0,15,8,9,291
22.0,15,8,10,293
22.0,15,8,11,294
22.0,15,8,12,295
22.0,15,8,13,297
22.0,15,8,14,298
22.0,15,8,15,299
22.0,15,9,0,281
22.0,15,9,1,282
22.0,15,9,2,284
22.0,15,9,3,285
22.0,15,9,4,286
22.0,15,9,5,288
22.0,15,9,6,289
22.0,15,9,7,290
22.0,15,9,8,292
22.0,15,9,9,293
22.0,15,9,10,294
22.0,15,9,11,296
22.0,15,9,12,297
22.0,15,9,13,298
22.0,15,9,14,300
22.0,15,9,15,301
22.0,15,10,0,282
22.0,15,10,1,284
22.0,15,10,2,285
22.0,15,10,3,287
22.0,15,10,4,288
22.0,15,10,5,289
22.0,15,10,6,291
22.0,15,10,7,292
22.0,15,10,8,293
22.0,15,10,9,295
22.0,15,10,10,296
22.0,15,10,11,297
22.0,15,10,12,299
22.0,15,10,13,300
22.0,15,10,14,301
22.0,15,10,15,303
22.0,15,11,0,284
22.0,15,11,1,285
22.0,15,11,2,287
22.0,15,11,3,288
22.0,15,11,4,289
22.0,15,11,5,291
22.0,15,11,6,292
22.0,15,11,7,294
22.0,15,11,8,295
22.0,15,11,9,296
22.0,15,11,10,298
22.0,15,11,11,299
22.0,15,11,12,300
22.0,15,11,13,302
22.0,15,11,14,303
22.0,15,11,15,304
22.0,15,12,0,285
22.0,15,12,1,287
22.0,15,12,2,288
22.0,15,12,3,290
22.0,15,12,4,291
22.0,15,12,5,292
22.0,15,12,6,294
22.0,15,12,7,295
22.0,15,12,8,296
22.0,15,12,9,298
22.0,15,12,10,299
22.0,15,12,11,301
22.0,15,12,12,302
22.0,15,12,13,303
22.0,15,12,14,304
22.0,15,12,15,306
22.0,15,13,0,287
22.0,15,13,1,288
22.0,15,13,2,290
22.0,15,13,3,291
22.0,15,13,4,293
22.0,15,13,5,294
22.0,15,13,6,295
22.0,15,13,7,297
22.0,15,13,8,298
22.0,15,13,9,299
22.0,15,13,10,301
22.0,15,13,11,302
22.0,15,13,12,303
22.0,15,13,13,305
22.0,15,13,14,306
22.0,15,13,15,307
22.0,15,14,0,288
22.0,15,14,1,290
22.0,15,14,2,291
22.0,15,14,3,293
22.0,15,14,4,294
22.0,15,14,5,295
22.0,15,14,6,297
22.0,15,14,7,298
22.0,15,14,8,300
22.0,15,14,9,301
22.0,15,14,10,302
22.0,15,14,11,304
22.0,15,14,12,305
22.0,15,14,13,306
22.0,15,14,14,308
22.0,15,14,15,309
22.0,15,15,0,290
22.0,15,15,1,291
22.0,15,15,2,293
22.0,15,15,3,294
22.0,15,15,4,296
22.0,15,15,5,297
22.0,15,15,6,298
22.0,15,15,7,300
22.0,15,15,8,301
22.0,15,15,9,302
22.0,15,15,10,304
22.0,15,15,11,305
22.0,15,15,12,307
22.0,15,15,13,308
22.0,15,15,14,309
22.0,15,15,15,311
22.5,0,0,0,217
22.5,0,0,1,219
22.5,0,0,2,220
22.5,0,0,3,221
22.5,0,0,4,222
22.5,0,0,5,223
22.5,0,0,6,224
22.5,0,0,7,225
22.5,0,0,8,226
22.5,0,0,9,227
22.5,0,0,10,228
22.5,0,0,11,229
22.5,0,0,12,230
22.5,0,0,13,231
22.5,0,0,14,232
22.5,0,0,15,233
22.5,0,1,0,219
22.5,0,1,1,220
22.5,0,1,2,221
22.5,0,1,3,222
22.5,0,1,4,223
22.5,0,1,5,224
22.5,0,1,6,225
22.5,0,1,7,226
22.5,0,1,8,227
22.5,0,1,9,228
22.5,0,1,10,229
22.5,0,1,11,230
22.5,0,1,12,231
22.5,0,1,13,232
22.5,0,1,14,233
22.5,0,1,15,234
22.5,0,2,0,220
22.5,0,2,1,221
22.5,0,2,2,222
22.5,0,2,3,223
22.5,0,2,4,224
22.5,0,2,5,225
22.5,0,2,6,226
22.5,0,2,7,228
22.5,0,2,8,229
22.5,0,2,9,230
22.5,0,2,10,231
22.5,0,2,11,232
22.5,0,2,12,233
22.5,0,2,13,234
22.5,0,2,14,235
22.5,0,2,15,236
22.5,0,3,0,221
22.5,0,3,1,222
22.5,0,3,2,224
22.5,0,3,3,225
22.5,0,3,4,226
22.5,0,3,5,227
22.5,0,3,6,228
22.5,0,3,7,229
22.5,0,3,8,230
22.5,0,3,9,231
22.5,0,3,10,232
22.5,0,3,11,233
22.5,0,3,12,234
22.5,0,3,13,235
22.5,0,3,14,236
22.5,0,3,15,237
22.5,0,4,0,223
22.5,0,4,1,224
22.5,0,4,2,225
22.5,0,4,3,226
22.5,0,4,4,227
22.5,0,4,5,228
22.5,0,4,6,229
22.5,0,4,7,230
22.5,0,4,8,231
22.5,0,4,9,232
22.5,0,4,10,233
22.5,0,4,11,234
22.5,0,4,12,235
22.5,0,4,13,236
22.5,0,4,14,237
22.5,0,4,15,239
22.5,0,5,0,224
22.5,0,5,1,225
22.5,0,5,2,226
22.5,0,5,3,227
22.5,0,5,4,228
22.5,0,5,5,229
22.5,0,5,6,230
22.5,0,5,7,232
22.5,0,5,8,233
22.5,0,5,9,234
22.5,0,5,10,235
22.5,0,5,11,236
22.5,0,5,12,237
22.5,0,5,13,238
22.5,0,5,14,239
22.5,0,5,15,240
22.5,0,6,0,225
22.5,0,6,1,226
22.5,0,6,2,227
22.5,0,6,3,229
22.5,0,6,4,230
22.5,0,6,5,231
22.5,0,6,6,232
22.5,0,6,7,233
22.5,0,6,8,234
22.5,0,6,9,235
22.5,0,6,10,236
22.5,0,6,11,237
22.5,0,6,12,238
22.5,0,6,13,239
22.5,0,6,14,240
22.5,0,6,15,241
22.5,0,7,0,226
22.5,0,7,1,228
22.5,0,7,2,229
22.5,0,7,3,230
22.5,0,7,4,231
22.5,0,7,5,232
22.5,0,7,6,233
22.5,0,7,7,234
22.5,0,7,8,235
22.5,0,7,9,236
22.5,0,7,10,237
22.5,0,7,11,238
22.5,0,7,12,239
22.5,0,7,13,241
22.5,0,7,14,242
22.5,0,7,15,243
22.5,0,8,0,228
22.5,0,8,1,229
22.5,0,8,2,230
22.5,0,8,3,231
22.5,0,8,4,232
22.5,0,8,5,233
22.5,0,8,6,234
22.5,0,8,7,235
22.5,0,8,8,237
22.5,0,8,9,238
22.5,0,8,10,239
22.5,0,8,11,240
22.5,0,8,12,241
22.5,0,8,13,242
22.5,0,8,14,243
22.5,0,8,15,244
22.5,0,9,0,229
22.5,0,9,1,230
22.5,0,9,2,231
22.5,0,9,3,232
22.5,0,9,4,233
22.5,0,9,5,235
22.5,0,9,6,236
22.5,0,9,7,237
22.5,0,9,8,238
22.5,0,9,9,239
22.5,0,9,10,240
22.5,0,9,11,241
22.5,0,9,12,242
22.5,0,9,13,243
22.5,0,9,14,244
22.5,0,9,15,245
22.5,0,10,0,230
22.5,0,10,1,231
22.5,0,10,2,232
22.5,0,10,3,234
22.5,0,10,4,235
22.5,0,10,5,236
22.5,0,10,6,237
22.5,0,10,7,238
22.5,0,10,8,239
22.5,0,10,9,240
22.5,0,10,10,241
22.5,0,10,11,242
22.5,0,10,12,243
22.5,0,10,13,244
22.5,0,10,14,246
22.5,0,10,15,247
22.5,0,11,0,231
22.5,0,11,1,233
22.5,0,11,2,234
22.5,0,11,3,235
22.5,0,11,4,236
22.5,0,11,5,237
22.5,0,11,6,238
22.5,0,11,7,239
22.5,0,11,8,240
22.5,0,11,9,241
22.5,0,11,10,243
22.5,0,11,11,244
22.5,0,11,12,245
22.5,0,11,13,246
22.5,0,11,14,247
22.5,0,11,15,248
22.5,0,12,0,233
22.5,0,12,1,234
22.5,0,12,2,235
22.5,0,12,3,236
22.5,0,12,4,237
22.5,0,12,5,238
22.5,0,12,6,239
22.5,0,12,7,241
22.5,0,12,8,242
22.5,0,12,9,243
22.5,0,12,10,244
22.5,0,12,11,245
22.5,0,12,12,246
22.5,0,12,13,247
22.5,0,12,14,248
22.5,0,12,15,249
22.5,0,13,0,234
22.5,0,13,1,235
22.5,0,13,2,236
22.5,0,13,3,237
22.5,0,13,4,238
22.5,0,13,5,240
22.5,0,13,6,241
22.5,0,13,7,242
22.5,0,13,8,243
22.5,0,13,9,244
22.5,0,13,10,245
22.5,0,13,11,246
22.5,0,13,12,247
22.5,0,13,13,248
22.5,0,13,14,249
22.5,0,13,15,251
22.5,0,14,0,235
22.5,0,14,1,236
22.5,0,14,2,237
22.5,0,14,3,239
22.5,0,14,4,240
22.5,0,14,5,241
22.5,0,14,6,242
22.5,0,14,7,243
22.5,0,14,8,244
22.5,0,14,9,245
22.5,0,14,10,246
22.5,0,14,11,248
22.5,0,14,12,249
22.5,0,14,13,250
22.5,0,14,14,251
22.5,0,14,15,252
22.5,0,15,0,236
22.5,0,15,1,238
22.5,0,15,2,239
22.5,0,15,3,240
22.5,0,15,4,241
22.5,0,15,5,242
22.5,0,15,6,243
22.5,0,15,7,244
22.5,0,15,8,245
22.5,0,15,9,247
22.5,0,15,10,248
22.5,0,15,11,249
22.5,0,15,12,250
22.5,0,15,13,251
22.5,0,15,14,252
22.5,0,15,15,253
22.5,1,0,0,221
22.5,1,0,1,222
22.5,1,0,2,223
22.5,1,0,3,224
22.5,1,0,4,225
22.5,1,0,5,227
22.5,1,0,6,228
22.5,1,0,7,229
22.5,1,0,8,230
22.5,1,0,9,231
22.5,1,0,10,232
22.5,1,0,11,233
22.5,1,0,12,234
22.5,1,0,13,235
22.5,1,0,14,236
22.5,1,0,15,237
22.5,1,1,0,222
22.5,1,1,1,224
22.5,1,1,2,225
22.5,1,1,3,226
22.5,1,1,4,227
22.5,1,1,5,228
22.5,1,1,6,229
22.5,1,1,7,230
22.5,1,1,8,231
22.5,1,1,9,232
22.5,1,1,10,233
22.5,1,1,11,234
22.5,1,1,12,235
22.5,1,1,13,236
22.5,1,1,14,237
22.5,1,1,15,238
22.5,1,2,0,224
22.5,1,2,1,225
22.5,1,2,2,226
22.5,1,2,3,227
22.5,1,2,4,228
22.5,1,2,5,229
22.5,1,2,6,230
22.5,1,2,7,231
22.5,1,2,8,232
22.5,1,2,9,234
22.5,1,2,10,235
22.5,1,2,11,236
22.5,1,2,12,237
22.5,1,2,13,238
22.5,1,2,14,239
22.5,1,2,15,240
22.5,1,3,0,225
22.5,1,3,1,226
22.5,1,3,2,227
22.5,1,3,3,228
22.5,1,3,4,230
22.5,1,3,5,231
22.5,1,3,6,232
22.5,1,3,7,233
22.5,1,3,8,234
22.5,1,3,9,235
22.5,1,3,10,236
22.5,1,3,11,237
22.5,1,3,12,238
22.5,1,3,13,239
22.5,1,3,14,240
22.5,1,3,15,241
22.5,1,4,0,226
22.5,1,4,1,228
22.5,1,4,2,229
22.5,1,4,3,230
22.5,1,4,4,231
22.5,1,4,5,232
22.5,1,4,6,233
22.5,1,4,7,234
22.5,1,4,8,235
22.5,1,4,9,236
22.5,1,4,10,237
22.5,1,4,11,238
22.5,1,4,12,239
22.5,1,4,13,240
22.5,1,4,14,242
22.5,1,4,15,243
22.5,1,5,0,228
22.5,1,5,1,229
22.5,1,5,2,230
22.5,1,5,3,231
22.5,1,5,4,232
22.5,1,5,5,233
22.5,1,5,6,234
22.5,1,5,7,235
22.5,1,5,8,237
22.5,1,5,9,238
22.5,1,5,10,239
22.5,1,5,11,240
22.5,1,5,12,241
22.5,1,5,13,242
22.5,1,5,14,243
22.5,1,5,15,244
22.5,1,6,0,229
22.5,1,6,1,230
22.5,1,6,2,231
22.5,1,6,3,232
22.5,1,6,4,233
22.5,1,6,5,235
22.5,1,6,6,236
22.5,1,6,7,237
22.5,1,6,8,238
22.5,1,6,9,239
22.5,1,6,10,240
22.5,1,6,11,241
22.5,1,6,12,242
22.5,1,6,13,243
22.5,1,6,14,244
22.5,1,6,15,245
22.5,1,7,0,230
22.5,1,7,1,231
22.5,1,7,2,233
22.5,1,7,3,234
22.5,1,7,4,235
22.5,1,7,5,236
22.5,1,7,6,237
22.5,1,7,7,238
22.5,1,7,8,239
22.5,1,7,9,240
22.5,1,7,10,241
22.5,1,7,11,242
22.5,1,7,12,244
22.5,1,7,13,245
22.5,1,7,14,246
22.5,1,7,15,247
22.5,1,8,0,232
22.5,1,8,1,233
22.5,1,8,2,234
22.5,1,8,3,235
22.5,1,8,4,236
22.5,1,8,5,237
22.5,1,8,6,238
22.5,1,8,7,239
22.5,1,8,8,241
22.5,1,8,9,242
22.5,1,8,10,243
22.5,1,8,11,244
22.5,1,8,12,245
22.5,1,8,13,246
22.5,1,8,14,247
22.5,1,8,15,248
22.5,1,9,0,233
22.5,1,9,1,234
22.5,1,9,2,235
22.5,1,9,3,236
22.5,1,9,4,237
22.5,1,9,5,239
22.5,1,9,6,240
22.5,1,9,7,241
22.5,1,9,8,242
22.5,1,9,9,243
22.5,1,9,10,244
22.5,1,9,11,245
22.5,1,9,12,246
22.5,1,9,13,247
22.5,1,9,14,248
22.5,1,9,15,249
22.5,1,10,0,234
22.5,1,10,1,235
22.5,1,10,2,236
22.5,1,10,3,238
22.5,1,10,4,239
22.5,1,10,5,240
22.5,1,10,6,241
22.5,1,10,7,242
22.5,1,10,8,243
22.5,1,10,9,244
22.5,1,10,10,245
22.5,1,10,11,246
22.5,1,10,12,248
22.5,1,10,13,249
22.5,1,10,14,250
22.5,1,10,15,251
22.5,1,11,0,235
22.5,1,11,1,237
22.5,1,11,2,238
22.5,1,11,3,239
22.5,1,11,4,240
22.5,1,11,5,241
22.5,1,11,6,242
22.5,1,11,7,243
22.5,1,11,8,244
22.5,1,11,9,246
22.5,1,11,10,247
22.5,1,11,11,248
22.5,1,11,12,249
22.5,1,11,13,250
22.5,1,11,14,251
22.5,1,11,15,252
22.5,1,12,0,237
22.5,1,12,1,238
22.5,1,12,2,239
22.5,1,12,3,240
22.5,1,12,4,241
22.5,1,12,5,242
22.5,1,12,6,244
22.5,1,12,7,245
22.5,1,12,8,246
22.5,1,12,9,247
22.5,1,12,10,248
22.5,1,12,11,249
22.5,1,12,12,250
22.5,1,12,13,251
22.5,1,12,14,252
22.5,1,12,15,253
22.5,1,13,0,238
22.5,1,13,1,239
22.5,1,13,2,240
22.5,1,13,3,241
22.5,1,13,4,243
22.5,1,13,5,244
22.5,1,13,6,245
22.5,1,13,7,246
22.5,1,13,8,247
22.5,1,13,9,248
22.5,1,13,10,249
22.5,1,13,11,250
22.5,1,13,12,252
22.5,1,13,13,253
22.5,1,13,14,254
22.5,1,13,15,255
22.5,1,14,0,239
22.5,1,14,1,240
22.5,1,14,2,241
22.5,1,14,3,243
22.5,1,14,4,244
22.5,1,14,5,245
22.5,1,14,6,246
22.5,1,14,7,247
22.5,1,14,8,248
22.5,1,14,9,249
22.5,1,14,10,251
22.5,1,14,11,252
22.5,1,14,12,253
22.5,1,14,13,254
22.5,1,14,14,255
22.5,1,14,15,256
22.5,1,15,0,240
22.5,1,15,1,242
22.5,1,15,2,243
22.5,1,15,3,244
22.5,1,15,4,245
22.5,1,15,5,246
22.5,1,15,6,247
22.5,1,15,7,248
22.5,1,15,8,250
22.5,1,15,9,251
22.5,1,15,10,252
22.5,1,15,11,253
22.5,1,15,12,254
22.5,1,15,13,255
22.5,1,15,14,256
22.5,1,15,15,257
22.5,2,0,0,225
22.5,2,0,1,226
22.5,2,0,2,227
22.5,2,0,3,228
22.5,2,0,4,229
22.5,2,0,5,230
22.5,2,0,6,231
22.5,2,0,7,232
22.5,2,0,8,234
22.5,2,0,9,235
22.5,2,0,10,236
22.5,2,0,11,237
22.5,2,0,12,238
22.5,2,0,13,239
22.5,2,0,14,240
22.5,2,0,15,241
22.5,2,1,0,226
22.5,2,1,1,227
22.5,2,1,2,228
22.5,2,1,3,230
22.5,2,1,4,231
22.5,2,1,5,232
22.5,2,1,6,233
22.5,2,1,7,234
22.5,2,1,8,235
22.5,2,1,9,236
22.5,2,1,10,237
22.5,2,1,11,238
22.5,2,1,12,239
22.5,2,1,13,240
22.5,2,1,14,241
22.5,2,1,15,242
22.5,2,2,0,228
22.5,2,2,1,229
22.5,2,2,2,230
22.5,2,2,3,231
22.5,2,2,4,232
22.5,2,2,5,233
22.5,2,2,6,234
22.5,2,2,7,235
22.5,2,2,8,236
22.5,2,2,9,237
22.5,2,2,10,238
22.5,2,2,11,240
22.5,2,2,12,241
22.5,2,2,13,242
22.5,2,2,14,243
22.5,2,2,15,244
22.5,2,3,0,229
22.5,2,3,1,230
22.5,2,3,2,231
22.5,2,3,3,232
22.5,2,3,4,233
22.5,2,3,5,234
22.5,2,3,6,236
22.5,2,3,7,237
22.5,2,3,8,238
22.5,2,3,9,239
22.5,2,3,10,240
22.5,2,3,11,241
22.5,2,3,12,242
22.5,2,3,13,243
22.5,2,3,14,244
22.5,2,3,15,245
22.5,2,4,0,230
22.5,2,4,1,231
22.5,2,4,2,232
22.5,2,4,3,234
22.5,2,4,4,235
22.5,2,4,5,236
22.5,2,4,6,237
22.5,2,4,7,238
22.5,2,4,8,239
22.5,2,4,9,240
22.5,2,4,10,241
22.5,2,4,11,242
22.5,2,4,12,243
22.5,2,4,13,244
22.5,2,4,14,246
22.5,2,4,15,247
22.5,2,5,0,232
22.5,2,5,1,233
22.5,2,5,2,234
22.5,2,5,3,235
22.5,2,5,4,236
22.5,2,5,5,237
22.5,2,5,6,238
22.5,2,5,7,239
22.5,2,5,8,240
22.5,2,5,9,242
22.5,2,5,10,243
22.5,2,5,11,244
22.5,2,5,12,245
22.5,2,5,13,246
22.5,2,5,14,247
22.5,2,5,15,248
22.5,2,6,0,233
22.5,2,6,1,234
22.5,2,6,2,235
22.5,2,6,3,236
22.5,2,6,4,237
22.5,2,6,5,239
22.5,2,6,6,240
22.5,2,6,7,241
22.5,2,6,8,242
22.5,2,6,9,243
22.5,2,6,10,244
22.5,2,6,11,245
22.5,2,6,12,246
22.5,2,6,13,247
22.5,2,6,14,248
22.5,2,6,15,249
22.5,2,7,0,234
22.5,2,7,1,235
22.5,2,7,2,236
22.5,2,7,3,238
22.5,2,7,4,239
22.5,2,7,5,240
22.5,2,7,6,241
22.5,2,7,7,242
22.5,2,7,8,243
22.5,2,7,9,244
22.5,2,7,10,245
22.5,2,7,11,246
22.5,2,7,12,248
22.5,2,7,13,249
22.5,2,7,14,250
22.5,2,7,15,251
22.5,2,8,0,235
22.5,2,8,1,237
22.5,2,8,2,238
22.5,2,8,3,239
22.5,2,8,4,240
22.5,2,8,5,241
22.5,2,8,6,242
22.5,2,8,7,243
22.5,2,8,8,245
22.5,2,8,9,246
22.5,2,8,10,247
22.5,2,8,11,248
22.5,2,8,12,249
22.5,2,8,13,250
22.5,2,8,14,251
22.5,2,8,15,252
22.5,2,9,0,237
22.5,2,9,1,238
22.5,2,9,2,239
22.5,2,9,3,240
22.5,2,9,4,241
22.5,2,9,5,243
22.5,2,9,6,244
22.5,2,9,7,245
22.5,2,9,8,246
22.5,2,9,9,247
22.5,2,9,10,248
22.5,2,9,11,249
22.5,2,9,12,250
22.5,2,9,13,251
22.5,2,9,14,253
22.5,2,9,15,254
22.5,2,10,0,238
22.5,2,10,1,239
22.5,2,10,2,240
22.5,2,10,3,242
22.5,2,10,4,243
22.5,2,10,5,244
22.5,2,10,6,245
22.5,2,10,7,246
22.5,2,10,8,247
22.5,2,10,9,248
22.5,2,10,10,249
22.5,2,10,11,251
22.5,2,10,12,252
22.5,2,10,13,253
22.5,2,10,14,254
22.5,2,10,15,255
22.5,2,11,0,239
22.5,2,11,1,240
22.5,2,11,2,242
22.5,2,11,3,243
22.5,2,11,4,244
22.5,2,11,5,245
22.5,2,11,6,246
22.5,2,11,7,247
22.5,2,11,8,249
22.5,2,11,9,250
22.5,2,11,10,251
22.5,2,11,11,252
22.5,2,11,12,253
22.5,2,11,13,254
22.5,2,11,14,255
22.5,2,11,15,256
22.5,2,12,0,241
22.5,2,12,1,242
22.5,2,12,2,243
22.5,2,12,3,244
22.5,2,12,4,245
22.5,2,12,5,246
22.5,2,12,6,248
22.5,2,12,7,249
22.5,2,12,8,250
22.5,2,12,9,251
22.5,2,12,10,252
22.5,2,12,11,253
22.5,2,12,12,254
22.5,2,12,13,255
22.5,2,12,14,257
22.5,2,12,15,258
22.5,2,13,0,242
22.5,2,13,1,243
22.5,2,13,2,244
22.5,2,13,3,245
22.5,2,13,4,247
22.5,2,13,5,248
22.5,2,13,6,249
22.5,2,13,7,250
22.5,2,13,8,251
22.5,2,13,9,252
22.5,2,13,10,253
22.5,2,13,11,255
22.5,2,13,12,256
22.5,2,13,13,257
22.5,2,13,14,258
22.5,2,13,15,259
22.5,2,14,0,243
22.5,2,14,1,244
22.5,2,14,2,245
22.5,2,14,3,247
22.5,2,14,4,248
22.5,2,14,5,249
22.5,2,14,6,250
22.5,2,14,7,251
22.5,2,14,8,252
22.5,2,14,9,254
22.5,2,14,10,255
22.5,2,14,11,256
22.5,2,14,12,257
22.5,2,14,13,258
22.5,2,14,14,259
22.5,2,14,15,260
22.5,2,15,0,244
22.5,2,15,1,246
22.5,2,15,2,247
22.5,2,15,3,248
22.5,2,15,4,249
22.5,2,15,5,250
22.5,2,15,6,251
22.5,2,15,7,253
22.5,2,15,8,254
22.5,2,15,9,255
22.5,2,15,10,256
22.5,2,15,11,257
22.5,2,15,12,258
22.5,2,15,13,260
22.5,2,15,14,261
22.5,2,15,15,262
22.5,3,0,0,229
22.5,3,0,1,230
22.5,3,0,2,231
22.5,3,0,3,232
22.5,3,0,4,233
22.5,3,0,5,234
22.5,3,0,6,235
22.5,3,0,7,236
22.5,3,0,8,237
22.5,3,0,9,238
22.5,3,0,10,240
22.5,3,0,11,241
22.5,3,0,12,242
22.5,3,0,13,243
22.5,3,0,14,244
22.5,3,0,15,245
22.5,3,1,0,230
22.5,3,1,1,231
22.5,3,1,2,232
22.5,3,1,3,233
22.5,3,1,4,234
22.5,3,1,5,236
22.5,3,1,6,237
22.5,3,1,7,238
22.5,3,1,8,239
22.5,3,1,9,240
22.5,3,1,10,241
22.5,3,1,11,242
22.5,3,1,12,243
22.5,3,1,13,244
22.5,3,1,14,245
22.5,3,1,15,246
22.5,3,2,0,231
22.5,3,2,1,232
22.5,3,2,2,234
22.5,3,2,3,235
22.5,3,2,4,236
22.5,3,2,5,237
22.5,3,2,6,238
22.5,3,2,7,239
22.5,3,2,8,240
22.5,3,2,9,241
22.5,3,2,10,242
22.5,3,2,11,243
22.5,3,2,12,245
22.5,3,2,13,246
22.5,3,2,14,247
22.5,3,2,15,248
22.5,3,3,0,233
22.5,3,3,1,234
22.5,3,3,2,235
22.5,3,3,3,236
22.5,3,3,4,237
22.5,3,3,5,238
22.5,3,3,6,239
22.5,3,3,7,241
22.5,3,3,8,242
22.5,3,3,9,243
22.5,3,3,10,244
22.5,3,3,11,245
22.5,3,3,12,246
22.5,3,3,13,247
22.5,3,3,14,248
22.5,3,3,15,249
22.5,3,4,0,234
22.5,3,4,1,235
22.5,3,4,2,236
22.5,3,4,3,237
22.5,3,4,4,239
22.5,3,4,5,240
22.5,3,4,6,241
22.5,3,4,7,242
22.5,3,4,8,243
22.5,3,4,9,244
22.5,3,4,10,245
22.5,3,4,11,246
22.5,3,4,12,247
22.5,3,4,13,248
22.5,3,4,14,250
22.5,3,4,15,251
22.5,3,5,0,235
22.5,3,5,1,237
22.5,3,5,2,238
22.5,3,5,3,239
22.5,3,5,4,240
22.5,3,5,5,241
22.5,3,5,6,242
22.5,3,5,7,243
22.5,3,5,8,244
22.5,3,5,9,246
22.5,3,5,10,247
22.5,3,5,11,248
22.5,3,5,12,249
22.5,3,5,13,250
22.5,3,5,14,251
22.5,3,5,15,252
22.5,3,6,0,237
22.5,3,6,1,238
22.5,3,6,2,239
22.5,3,6,3,240
22.5,3,6,4,241
22.5,3,6,5,242
22.5,3,6,6,244
22.5,3,6,7,245
22.5,3,6,8,246
22.5,3,6,9,247
22.5,3,6,10,248
22.5,3,6,11,249
22.5,3,6,12,250
22.5,3,6,13,251
22.5,3,6,14,252
22.5,3,6,15,254
22.5,3,7,0,238
22.5,3,7,1,239
22.5,3,7,2,240
22.5,3,7,3,241
22.5,3,7,4,243
22.5,3,7,5,244
22.5,3,7,6,245
22.5,3,7,7,246
22.5,3,7,8,247
22.5,3,7,9,248
22.5,3,7,10,249
22.5,3,7,11,251
22.5,3,7,12,252
22.5,3,7,13,253
22.5,3,7,14,254
22.5,3,7,15,255
22.5,3,8,0,239
22.5,3,8,1,241
22.5,3,8,2,242
22.5,3,8,3,243
22.5,3,8,4,244
22.5,3,8,5,245
22.5,3,8,6,246
22.5,3,8,7,247
22.5,3,8,8,249
22.5,3,8,9,250
22.5,3,8,10,251
22.5,3,8,11,252
22.5,3,8,12,253
22.5,3,8,13,254
22.5,3,8,14,255
22.5,3,8,15,256
22.5,3,9,0,241
22.5,3,9,1,242
22.5,3,9,2,243
22.5,3,9,3,244
22.5,3,9,4,245
22.5,3,9,5,246
22.5,3,9,6,248
22.5,3,9,7,249
22.5,3,9,8,250
22.5,3,9,9,251
22.5,3,9,10,252
22.5,3,9,11,253
22.5,3,9,12,254
22.5,3,9,13,256
22.5,3,9,14,257
22.5,3,9,15,258
22.5,3,10,0,242
22.5,3,10,1,243
22.5,3,10,2,244
22.5,3,10,3,245
22.5,3,10,4,247
22.5,3,10,5,248
22.5,3,10,6,249
22.5,3,10,7,250
22.5,3,10,8,251
22.5,3,10,9,252
22.5,3,10,10,254
22.5,3,10,11,255
22.5,3,10,12,256
22.5,3,10,13,257
22.5,3,10,14,258
22.5,3,10,15,259
22.5,3,11,0,243
22.5,3,11,1,244
22.5,3,11,2,246
22.5,3,11,3,247
22.5,3,11,4,248
22.5,3,11,5,249
22.5,3,11,6,250
22.5,3,11,7,251
22.5,3,11,8,253
22.5,3,11,9,254
22.5,3,11,10,255
22.5,3,11,11,256
22.5,3,11,12,257
22.5,3,11,13,258
22.5,3,11,14,259
22.5,3,11,15,261
22.5,3,12,0,245
22.5,3,12,1,246
22.5,3,12,2,247
22.5,3,12,3,248
22.5,3,12,4,249
22.5,3,12,5,250
22.5,3,12,6,252
22.5,3,12,7,253
22.5,3,12,8,254
22.5,3,12,9,255
22.5,3,12,10,256
22.5,3,12,11,257
22.5,3,12,12,259
22.5,3,12,13,260
22.5,3,12,14,261
22.5,3,12,15,262
22.5,3,13,0,246
22.5,3,13,1,247
22.5,3,13,2,248
22.5,3,13,3,249
22.5,3,13,4,251
22.5,3,13,5,252
22.5,3,13,6,253
22.5,3,13,7,254
22.5,3,13,8,255
22.5,3,13,9,256
22.5,3,13,10,258
22.5,3,13,11,259
22.5,3,13,12,260
22.5,3,13,13,261
22.5,3,13,14,262
22.5,3,13,15,263
22.5,3,14,0,247
22.5,3,14,1,248
22.5,3,14,2,250
22.5,3,14,3,251
22.5,3,14,4,252
22.5,3,14,5,253
22.5,3,14,6,254
22.5,3,14,7,255
22.5,3,14,8,257
22.5,3,14,9,258
22.5,3,14,10,259
22.5,3,14,11,260
22.5,3,14,12,261
22.5,3,14,13,262
22.5,3,14,14,264
22.5,3,14,15,265
22.5,3,15,0,248
22.5,3,15,1,250
22.5,3,15,2,251
22.5,3,15,3,252
22.5,3,15,4,253
22.5,3,15,5,254
22.5,3,15,6,256
22.5,3,15,7,257
22.5,3,15,8,258
22.5,3,15,9,259
22.5,3,15,10,260
22.5,3,15,11,261
22.5,3,15,12,263
22.5,3,15,13,264
22.5,3,15,14,265
22.5,3,15,15,266
22.5,4,0,0,232
22.5,4,0,1,233
22.5,4,0,2,235
22.5,4,0,3,236
22.5,4,0,4,237
22.5,4,0,5,238
22.5,4,0,6,239
22.5,4,0,7,240
22.5,4,0,8,241
22.5,4,0,9,242
22.5,4,0,10,243
22.5,4,0,11,244
22.5,4,0,12,246
22.5,4,0,13,247
22.5,4,0,14,248
22.5,4,0,15,249
22.5,4,1,0,234
22.5,4,1,1,235
22.5,4,1,2,236
22.5,4,1,3,237
22.5,4,1,4,238
22.5,4,1,5,239
22.5,4,1,6,240
22.5,4,1,7,242
22.5,4,1,8,243
22.5,4,1,9,244
22.5,4,1,10,245
22.5,4,1,11,246
22.5,4,1,12,247
22.5,4,1,13,248
22.5,4,1,14,249
22.5,4,1,15,250
22.5,4,2,0,235
22.5,4,2,1,236
22.5,4,2,2,237
22.5,4,2,3,238
22.5,4,2,4,240
22.5,4,2,5,241
22.5,4,2,6,242
22.5,4,2,7,243
22.5,4,2,8,244
22.5,4,2,9,245
22.5,4,2,10,246
22.5,4,2,11,247
22.5,4,2,12,249
22.5,4,2,13,250
22.5,4,2,14,251
22.5,4,2,15,252
22.5,4,3,0,236
22.5,4,3,1,238
22.5,4,3,2,239
22.5,4,3,3,240
22.5,4,3,4,241
22.5,4,3,5,242
22.5,4,3,6,243
22.5,4,3,7,244
22.5,4,3,8,246
22.5,4,3,9,247
22.5,4,3,10,248
22.5,4,3,11,249
22.5,4,3,12,250
22.5,4,3,13,251
22.5,4,3,14,252
22.5,4,3,15,253
22.5,4,4,0,238
22.5,4,4,1,239
22.5,4,4,2,240
22.5,4,4,3,241
22.5,4,4,4,242
22.5,4,4,5,244
22.5,4,4,6,245
22.5,4,4,7,246
22.5,4,4,8,247
22.5,4,4,9,248
22.5,4,4,10,249
22.5,4,4,11,250
22.5,4,4,12,251
22.5,4,4,13,253
22.5,4,4,14,254
22.5,4,4,15,255
22.5,4,5,0,239
22.5,4,5,1,240
22.5,4,5,2,241
22.5,4,5,3,243
22.5,4,5,4,244
22.5,4,5,5,245
22.5,4,5,6,246
22.5,4,5,7,247
22.5,4,5,8,248
22.5,4,5,9,250
22.5,4,5,10,251
22.5,4,5,11,252
22.5,4,5,12,253
22.5,4,5,13,254
22.5,4,5,14,255
22.5,4,5,15,256
22.5,4,6,0,241
22.5,4,6,1,242
22.5,4,6,2,243
22.5,4,6,3,244
22.5,4,6,4,245
22.5,4,6,5,246
22.5,4,6,6,247
22.5,4,6,7,249
22.5,4,6,8,250
22.5,4,6,9,251
22.5,4,6,10,252
22.5,4,6,11,253
22.5,4,6,12,254
22.5,4,6,13,255
22.5,4,6,14,257
22.5,4,6,15,258
22.5,4,7,0,242
22.5,4,7,1,243
22.5,4,7,2,244
22.5,4,7,3,245
22.5,4,7,4,247
22.5,4,7,5,248
22.5,4,7,6,249
22.5,4,7,7,250
22.5,4,7,8,251
22.5,4,7,9,252
22.5,4,7,10,253
22.5,4,7,11,255
22.5,4,7,12,256
22.5,4,7,13,257
22.5,4,7,14,258
22.5,4,7,15,259
22.5,4,8,0,243
22.5,4,8,1,244
22.5,4,8,2,246
22.5,4,8,3,247
22.5,4,8,4,248
22.5,4,8,5,249
22.5,4,8,6,250
22.5,4,8,7,251
22.5,4,8,8,253
22.5,4,8,9,254
22.5,4,8,10,255
22.5,4,8,11,256
22.5,4,8,12,257
22.5,4,8,13,258
22.5,4,8,14,259
22.5,4,8,15,261
22.5,4,9,0,245
22.5,4,9,1,246
22.5,4,9,2,247
22.5,4,9,3,248
22.5,4,9,4,249
22.5,4,9,5,250
22.5,4,9,6,252
22.5,4,9,7,253
22.5,4,9,8,254
22.5,4,9,9,255
22.5,4,9,10,256
22.5,4,9,11,257
22.5,4,9,12,259
22.5,4,9,13,260
22.5,4,9,14,261
22.5,4,9,15,262
22.5,4,10,0,246
22.5,4,10,1,247
22.5,4,10,2,248
22.5,4,10,3,249
22.5,4,10,4,251
22.5,4,10,5,252
22.5,4,10,6,253
22.5,4,10,7,254
22.5,4,10,8,255
22.5,4,10,9,257
22.5,4,10,10,258
22.5,4,10,11,259
22.5,4,10,12,260
22.5,4,10,13,261
22.5,4,10,14,262
22.5,4,10,15,263
22.5,4,11,0,247
22.5,4,11,1,248
22.5,4,11,2,250
22.5,4,11,3,251
22.5,4,11,4,252
22.5,4,11,5,253
22.5,4,11,6,254
22.5,4,11,7,256
22.5,4,11,8,257
22.5,4,11,9,258
22.5,4,11,10,259
22.5,4,11,11,260
22.5,4,11,12,261
22.5,4,11,13,262
22.5,4,11,14,264
22.5,4,11,15,265
22.5,4,12,0,249
22.5,4,12,1,250
22.5,4,12,2,251
22.5,4,12,3,252
22.5,4,12,4,253
22.5,4,12,5,255
22.5,4,12,6,256
22.5,4,12,7,257
22.5,4,12,8,258
22.5,4,12,9,259
22.5,4,12,10,260
22.5,4,12,11,262
22.5,4,12,12,263
22.5,4,12,13,264
22.5,4,12,14,265
22.5,4,12,15,266
22.5,4,13,0,250
22.5,4,13,1,251
22.5,4,13,2,252
22.5,4,13,3,253
22.5,4,13,4,255
22.5,4,13,5,256
22.5,4,13,6,257
22.5,4,13,7,258
22.5,4,13,8,259
22.5,4,13,9,261
22.5,4,13,10,262
22.5,4,13,11,263
22.5,4,13,12,264
22.5,4,13,13,265
22.5,4,13,14,266
22.5,4,13,15,268
22.5,4,14,0,251
22.5,4,14,1,252
22.5,4,14,2,254
22.5,4,14,3,255
22.5,4,14,4,256
22.5,4,14,5,257
22.5,4,14,6,258
22.5,4,14,7,260
22.5,4,14,8,261
22.5,4,14,9,262
22.5,4,14,10,263
22.5,4,14,11,264
22.5,4,14,12,265
22.5,4,14,13,267
22.5,4,14,14,268
22.5,4,14,15,269
22.5,4,15,0,252
22.5,4,15,1,254
22.5,4,15,2,255
22.5,4,15,3,256
22.5,4,15,4,257
22.5,4,15,5,259
22.5,4,15,6,260
22.5,4,15,7,261
22.5,4,15,8,262
22.5,4,15,9,263
22.5,4,15,10,265
22.5,4,15,11,266
22.5,4,15,12,267
22.5,4,15,13,268
22.5,4,15,14,269
22.5,4,15,15,270
22.5,5,0,0,236
22.5,5,0,1,237
22.5,5,0,2,238
22.5,5,0,3,239
22.5,5,0,4,241
22.5,5,0,5,242
22.5,5,0,6,243
22.5,5,0,7,244
22.5,5,0,8,245
22.5,5,0,9,246
22.5,5,0,10,247
22.5,5,0,11,248
22.5,5,0,12,249
22.5,5,0,13,251
22.5,5,0,14,252
22.5,5,0,15,253
22.5,5,1,0,237
22.5,5,1,1,239
22.5,5,1,2,240
22.5,5,1,3,241
22.5,5,1,4,242
22.5,5,1,5,243
22.5,5,1,6,244
22.5,5,1,7,245
22.5,5,1,8,247
22.5,5,1,9,248
22.5,5,1,10,249
22.5,5,1,11,250
22.5,5,1,12,251
22.5,5,1,13,252
22.5,5,1,14,253
22.5,5,1,15,254
22.5,5,2,0,239
22.5,5,2,1,240
22.5,5,2,2,241
22.5,5,2,3,242
22.5,5,2,4,243
22.5,5,2,5,245
22.5,5,2,6,246
22.5,5,2,7,247
22.5,5,2,8,248
22.5,5,2,9,249
22.5,5,2,10,250
22.5,5,2,11,251
22.5,5,2,12,252
22.5,5,2,13,254
22.5,5,2,14,255
22.5,5,2,15,256
22.5,5,3,0,240
22.5,5,3,1,241
22.5,5,3,2,243
22.5,5,3,3,244
22.5,5,3,4,245
22.5,5,3,5,246
22.5,5,3,6,247
22.5,5,3,7,248
22.5,5,3,8,249
22.5,5,3,9,251
22.5,5,3,10,252
22.5,5,3,11,253
22.5,5,3,12,254
22.5,5,3,13,255
22.5,5,3,14,256
22.5,5,3,15,257
22.5,5,4,0,242
22.5,5,4,1,243
22.5,5,4,2,244
22.5,5,4,3,245
22.5,5,4,4,246
22.5,5,4,5,247
22.5,5,4,6,249
22.5,5,4,7,250
22.5,5,4,8,251
22.5,5,4,9,252
22.5,5,4,10,253
22.5,5,4,11,254
22.5,5,4,12,255
22.5,5,4,13,257
22.5,5,4,14,258
22.5,5,4,15,259
22.5,5,5,0,243
22.5,5,5,1,244
22.5,5,5,2,245
22.5,5,5,3,247
22.5,5,5,4,248
22.5,5,5,5,249
22.5,5,5,6,250
22.5,5,5,7,251
22.5,5,5,8,252
22.5,5,5,9,253
22.5,5,5,10,255
22.5,5,5,11,256
22.5,5,5,12,257
22.5,5,5,13,258
22.5,5,5,14,259
22.5,5,5,15,260
22.5,5,6,0,244
22.5,5,6,1,246
22.5,5,6,2,247
22.5,5,6,3,248
22.5,5,6,4,249
22.5,5,6,5,250
22.5,5,6,6,251
22.5,5,6,7,253
22.5,5,6,8,254
22.5,5,6,9,255
22.5,5,6,10,256
22.5,5,6,11,257
22.5,5,6,12,258
22.5,5,6,13,259
22.5,5,6,14,261
22.5,5,6,15,262
22.5,5,7,0,246
22.5,5,7,1,247
22.5,5,7,2,248
22.5,5,7,3,249
22.5,5,7,4,250
22.5,5,7,5,252
22.5,5,7,6,253
22.5,5,7,7,254
22.5,5,7,8,255
22.5,5,7,9,256
22.5,5,7,10,257
22.5,5,7,11,259
22.5,5,7,12,260
22.5,5,7,13,261
22.5,5,7,14,262
22.5,5,7,15,263
22.5,5,8,0,247
22.5,5,8,1,248
22.5,5,8,2,249
22.5,5,8,3,251
22.5,5,8,4,252
22.5,5,8,5,253
22.5,5,8,6,254
22.5,5,8,7,255
22.5,5,8,8,257
22.5,5,8,9,258
22.5,5,8,10,259
22.5,5,8,11,260
22.5,5,8,12,261
22.5,5,8,13,262
22.5,5,8,14,264
22.5,5,8,15,265
22.5,5,9,0,248
22.5,5,9,1,250
22.5,5,9,2,251
22.5,5,9,3,252
22.5,5,9,4,253
22.5,5,9,5,254
22.5,5,9,6,256
22.5,5,9,7,257
22.5,5,9,8,258
22.5,5,9,9,259
22.5,5,9,10,260
22.5,5,9,11,262
22.5,5,9,12,263
22.5,5,9,13,264
22.5,5,9,14,265
22.5,5,9,15,266
22.5,5,10,0,250
22.5,5,10,1,251
22.5,5,10,2,252
22.5,5,10,3,253
22.5,5,10,4,255
22.5,5,10,5,256
22.5,5,10,6,257
22.5,5,10,7,258
22.5,5,10,8,259
22.5,5,10,9,261
22.5,5,10,10,262
22.5,5,10,11,263
22.5,5,10,12,264
22.5,5,10,13,265
22.5,5,10,14,266
22.5,5,10,15,268
22.5,5,11,0,251
22.5,5,11,1,252
22.5,5,11,2,254
22.5,5,11,3,255
22.5,5,11,4,256
22.5,5,11,5,257
22.5,5,11,6,258
22.5,5,11,7,260
22.5,5,11,8,261
22.5,5,11,9,262
22.5,5,11,10,263
22.5,5,11,11,264
22.5,5,11,12,266
22.5,5,11,13,267
22.5,5,11,14,268
22.5,5,11,15,269
22.5,5,12,0,252
22.5,5,12,1,254
22.5,5,12,2,255
22.5,5,12,3,256
22.5,5,12,4,257
22.5,5,12,5,259
22.5,5,12,6,260
22.5,5,12,7,261
22.5,5,12,8,262
22.5,5,12,9,263
22.5,5,12,10,265
22.5,5,12,11,266
22.5,5,12,12,267
22.5,5,12,13,268
22.5,5,12,14,269
22.5,5,12,15,270
22.5,5,13,0,254
22.5,5,13,1,255
22.5,5,13,2,256
22.5,5,13,3,257
22.5,5,13,4,259
22.5,5,13,5,260
22.5,5,13,6,261
22.5,5,13,7,262
22.5,5,13,8,264
22.5,5,13,9,265
22.5,5,13,10,266
22.5,5,13,11,267
22.5,5,13,12,268
22.5,5,13,13,269
22.5,5,13,14,271
22.5,5,13,15,272
22.5,5,14,0,255
22.5,5,14,1,256
22.5,5,14,2,258
22.5,5,14,3,259
22.5,5,14,4,260
22.5,5,14,5,261
22.5,5,14,6,263
22.5,5,14,7,264
22.5,5,14,8,265
22.5,5,14,9,266
22.5,5,14,10,267
22.5,5,14,11,269
22.5,5,14,12,270
22.5,5,14,13,271
22.5,5,14,14,272
22.5,5,14,15,273
22.5,5,15,0,256
22.5,5,15,1,258
22.5,5,15,2,259
22.5,5,15,3,260
22.5,5,15,4,261
22.5,5,15,5,263
22.5,5,15,6,264
22.5,5,15,7,265
22.5,5,15,8,266
22.5,5,15,9,268
22.5,5,15,10,269
22.5,5,15,11,270
22.5,5,15,12,271
22.5,5,15,13,272
22.5,5,15,14,273
22.5,5,15,15,275
22.5,6,0,0,240
22.5,6,0,1,241
22.5,6,0,2,242
22.5,6,0,3,243
22.5,6,0,4,244
22.5,6,0,5,245
22.5,6,0,6,247
22.5,6,0,7,248
22.5,6,0,8,249
22.5,6,0,9,250
22.5,6,0,10,251
22.5,6,0,11,252
22.5,6,0,12,253
22.5,6,0,13,254
22.5,6,0,14,256
22.5,6,0,15,257
22.5,6,1,0,241
22.5,6,1,1,242
22.5,6,1,2,243
22.5,6,1,3,245
22.5,6,1,4,246
22.5,6,1,5,247
22.5,6,1,6,248
22.5,6,1,7,249
22.5,6,1,8,250
22.5,6,1,9,252
22.5,6,1,10,253
22.5,6,1,11,254
22.5,6,1,12,255
22.5,6,1,13,256
22.5,6,1,14,257
22.5,6,1,15,258
22.5,6,2,0,243
22.5,6,2,1,244
22.5,6,2,2,245
22.5,6,2,3,246
22.5,6,2,4,247
22.5,6,2,5,248
22.5,6,2,6,250
22.5,6,2,7,251
22.5,6,2,8,252
22.5,6,2,9,253
22.5,6,2,10,254
22.5,6,2,11,255
22.5,6,2,12,256
22.5,6,2,13,258
22.5,6,2,14,259
22.5,6,2,15,260
22.5,6,3,0,244
22.5,6,3,1,245
22.5,6,3,2,246
22.5,6,3,3,248
22.5,6,3,4,249
22.5,6,3,5,250
22.5,6,3,6,251
22.5,6,3,7,252
22.5,6,3,8,253
22.5,6,3,9,254
22.5,6,3,10,256
22.5,6,3,11,257
22.5,6,3,12,258
22.5,6,3,13,259
22.5,6,3,14,260
22.5,6,3,15,261
22.5,6,4,0,245
22.5,6,4,1,247
22.5,6,4,2,248
22.5,6,4,3,249
22.5,6,4,4,250
22.5,6,4,5,251
22.5,6,4,6,252
22.5,6,4,7,254
22.5,6,4,8,255
22.5,6,4,9,256
22.5,6,4,10,257
22.5,6,4,11,258
22.5,6,4,12,259
22.5,6,4,13,261
22.5,6,4,14,262
22.5,6,4,15,263
22.5,6,5,0,247
22.5,6,5,1,248
22.5,6,5,2,249
22.5,6,5,3,250
22.5,6,5,4,252
22.5,6,5,5,253
22.5,6,5,6,254
22.5,6,5,7,255
22.5,6,5,8,256
22.5,6,5,9,257
22.5,6,5,10,259
22.5,6,5,11,260
22.5,6,5,12,261
22.5,6,5,13,262
22.5,6,5,14,263
22.5,6,5,15,264
22.5,6,6,0,248
22.5,6,6,1,249
22.5,6,6,2,251
22.5,6,6,3,252
22.5,6,6,4,253
22.5,6,6,5,254
22.5,6,6,6,255
22.5,6,6,7,257
22.5,6,6,8,258
22.5,6,6,9,259
22.5,6,6,10,260
22.5,6,6,11,261
22.5,6,6,12,262
22.5,6,6,13,264
22.5,6,6,14,265
22.5,6,6,15,266
22.5,6,7,0,250
22.5,6,7,1,251
22.5,6,7,2,252
22.5,6,7,3,253
22.5,6,7,4,254
22.5,6,7,5,256
22.5,6,7,6,257
22.5,6,7,7,258
22.5,6,7,8,259
22.5,6,7,9,260
22.5,6,7,10,262
22.5,6,7,11,263
22.5,6,7,12,264
22.5,6,7,13,265
22.5,6,7,14,266
22.5,6,7,15,267
22.5,6,8,0,251
22.5,6,8,1,252
22.5,6,8,2,253
22.5,6,8,3,255
22.5,6,8,4,256
22.5,6,8,5,257
22.5,6,8,6,258
22.5,6,8,7,259
22.5,6,8,8,261
22.5,6,8,9,262
22.5,6,8,10,263
22.5,6,8,11,264
22.5,6,8,12,265
22.5,6,8,13,266
22.5,6,8,14,268
22.5,6,8,15,269
22.5,6,9,0,252
22.5,6,9,1,254
22.5,6,9,2,255
22.5,6,9,3,256
22.5,6,9,4,257
22.5,6,9,5,258
22.5,6,9,6,260
22.5,6,9,7,261
22.5,6,9,8,262
22.5,6,9,9,263
22.5,6,9,10,264
22.5,6,9,11,266
22.5,6,9,12,267
22.5,6,9,13,268
22.5,6,9,14,269
22.5,6,9,15,270
22.5,6,10,0,254
22.5,6,10,1,255
22.5,6,10,2,256
22.5,6,10,3,257
22.5,6,10,4,259
22.5,6,10,5,260
22.5,6,10,6,261
22.5,6,10,7,262
22.5,6,10,8,263
22.5,6,10,9,265
22.5,6,10,10,266
22.5,6,10,11,267
22.5,6,10,12,268
22.5,6,10,13,269
22.5,6,10,14,271
22.5,6,10,15,272
22.5,6,11,0,255
22.5,6,11,1,256
22.5,6,11,2,258
22.5,6,11,3,259
22.5,6,11,4,260
22.5,6,11,5,261
22.5,6,11,6,262
22.5,6,11,7,264
22.5,6,11,8,265
22.5,6,11,9,266
22.5,6,11,10,267
22.5,6,11,11,268
22.5,6,11,12,270
22.5,6,11,13,271
22.5,6,11,14,272
22.5,6,11,15,273
22.5,6,12,0,256
22.5,6,12,1,258
22.5,6,12,2,259
22.5,6,12,3,260
22.5,6,12,4,261
22.5,6,12,5,263
22.5,6,12,6,264
22.5,6,12,7,265
22.5,6,12,8,266
22.5,6,12,9,267
22.5,6,12,10,269
22.5,6,12,11,270
22.5,6,12,12,271
22.5,6,12,13,272
22.5,6,12,14,273
22.5,6,12,15,275
22.5,6,13,0,258
22.5,6,13,1,259
22.5,6,13,2,260
22.5,6,13,3,262
22.5,6,13,4,263
22.5,6,13,5,264
22.5,6,13,6,265
22.5,6,13,7,266
22.5,6,13,8,268
22.5,6,13,9,269
22.5,6,13,10,270
22.5,6,13,11,271
22.5,6,13,12,273
22.5,6,13,13,274
22.5,6,13,14,275
22.5,6,13,15,276
22.5,6,14,0,259
22.5,6,14,1,260
22.5,6,14,2,262
22.5,6,14,3,263
22.5,6,14,4,264
22.5,6,14,5,265
22.5,6,14,6,267
22.5,6,14,7,268
22.5,6,14,8,269
22.5,6,14,9,270
22.5,6,14,10,272
22.5,6,14,11,273
22.5,6,14,12,274
22.5,6,14,13,275
22.5,6,14,14,276
22.5,6,14,15,278
22.5,6,15,0,260
22.5,6,15,1,262
22.5,6,15,2,263
22.5,6,15,3,264
22.5,6,15,4,265
22.5,6,15,5,267
22.5,6,15,6,268
22.5,6,15,7,269
22.5,6,15,8,270
22.5,6,15,9,272
22.5,6,15,10,273
22.5,6,15,11,274
22.5,6,15,12,275
22.5,6,15,13,277
22.5,6,15,14,278
22.5,6,15,15,279
22.5,7,0,0,243
22.5,7,0,1,245
22.5,7,0,2,246
22.5,7,0,3,247
22.5,7,0,4,248
22.5,7,0,5,249
22.5,7,0,6,250
22.5,7,0,7,252
22.5,7,0,8,253
22.5,7,0,9,254
22.5,7,0,10,255
22.5,7,0,11,256
22.5,7,0,12,257
22.5,7,0,13,258
22.5,7,0,14,260
22.5,7,0,15,261
22.5,7,1,0,245
22.5,7,1,1,246
22.5,7,1,2,247
22.5,7,1,3,248
22.5,7,1,4,250
22.5,7,1,5,251
22.5,7,1,6,252
22.5,7,1,7,253
22.5,7,1,8,254
22.5,7,1,9,255
22.5,7,1,10,257
22.5,7,1,11,258
22.5,7,1,12,259
22.5,7,1,13,260
22.5,7,1,14,261
22.5,7,1,15,262
22.5,7,2,0,246
22.5,7,2,1,247
22.5,7,2,2,249
22.5,7,2,3,250
22.5,7,2,4,251
22.5,7,2,5,252
22.5,7,2,6,253
22.5,7,2,7,255
22.5,7,2,8,256
22.5,7,2,9,257
22.5,7,2,10,258
22.5,7,2,11,259
22.5,7,2,12,260
22.5,7,2,13,261
22.5,7,2,14,263
22.5,7,2,15,264
22.5,7,3,0,248
22.5,7,3,1,249
22.5,7,3,2,250
22.5,7,3,3,251
22.5,7,3,4,253
22.5,7,3,5,254
22.5,7,3,6,255
22.5,7,3,7,256
22.5,7,3,8,257
22.5,7,3,9,258
22.5,7,3,10,260
22.5,7,3,11,261
22.5,7,3,12,262
22.5,7,3,13,263
22.5,7,3,14,264
22.5,7,3,15,265
22.5,7,4,0,249
22.5,7,4,1,250
22.5,7,4,2,252
22.5,7,4,3,253
22.5,7,4,4,254
22.5,7,4,5,255
22.5,7,4,6,256
22.5,7,4,7,258
22.5,7,4,8,259
22.5,7,4,9,260
22.5,7,4,10,261
22.5,7,4,11,262
22.5,7,4,12,263
22.5,7,4,13,265
22.5,7,4,14,266
22.5,7,4,15,267
22.5,7,5,0,251
22.5,7,5,1,252
22.5,7,5,2,253
22.5,7,5,3,254
22.5,7,5,4,255
22.5,7,5,5,257
22.5,7,5,6,258
22.5,7,5,7,259
22.5,7,5,8,260
22.5,7,5,9,261
22.5,7,5,10,263
22.5,7,5,11,264
22.5,7,5,12,265
22.5,7,5,13,266
22.5,7,5,14,267
22.5,7,5,15,268
22.5,7,6,0,252
22.5,7,6,1,253
22.5,7,6,2,254
22.5,7,6,3,256
22.5,7,6,4,257
22.5,7,6,5,258
22.5,7,6,6,259
22.5,7,6,7,261
22.5,7,6,8,262
22.5,7,6,9,263
22.5,7,6,10,264
22.5,7,6,11,265
22.5,7,6,12,266
22.5,7,6,13,268
22.5,7,6,14,269
22.5,7,6,15,270
22.5,7,7,0,253
22.5,7,7,1,255
22.5,7,7,2,256
22.5,7,7,3,257
22.5,7,7,4,258
22.5,7,7,5,260
22.5,7,7,6,261
22.5,7,7,7,262
22.5,7,7,8,263
22.5,7,7,9,264
22.5,7,7,10,266
22.5,7,7,11,267
22.5,7,7,12,268
22.5,7,7,13,269
22.5,7,7,14,270
22.5,7,7,15,271
22.5,7,8,0,255
22.5,7,8,1,256
22.5,7,8,2,257
22.5,7,8,3,259
22.5,7,8,4,260
22.5,7,8,5,261
22.5,7,8,6,262
22.5,7,8,7,263
22.5,7,8,8,265
22.5,7,8,9,266
22.5,7,8,10,267
22.5,7,8,11,268
22.5,7,8,12,269
22.5,7,8,13,271
22.5,7,8,14,272
22.5,7,8,15,273
22.5,7,9,0,256
22.5,7,9,1,257
22.5,7,9,2,259
22.5,7,9,3,260
22.5,7,9,4,261
22.5,7,9,5,262
22.5,7,9,6,264
22.5,7,9,7,265
22.5,7,9,8,266
22.5,7,9,9,267
22.5,7,9,10,268
22.5,7,9,11,270
22.5,7,9,12,271
22.5,7,9,13,272
22.5,7,9,14,273
22.5,7,9,15,274
22.5,7,10,0,258
22.5,7,10,1,259
22.5,7,10,2,260
22.5,7,10,3,261
22.5,7,10,4,263
22.5,7,10,5,264
22.5,7,10,6,265
22.5,7,10,7,266
22.5,7,10,8,268
22.5,7,10,9,269
22.5,7,10,10,270
22.5,7,10,11,271
22.5,7,10,12,272
22.5,7,10,13,274
22.5,7,10,14,275
22.5,7,10,15,276
22.5,7,11,0,259
22.5,7,11,1,260
22.5,7,11,2,262
22.5,7,11,3,263
22.5,7,11,4,264
22.5,7,11,5,265
22.5,7,11,6,267
22.5,7,11,7,268
22.5,7,11,8,269
22.5,7,11,9,270
22.5,7,11,10,271
22.5,7,11,11,273
22.5,7,11,12,274
22.5,7,11,13,275
22.5,7,11,14,276
22.5,7,11,15,277
22.5,7,12,0,260
22.5,7,12,1,262
22.5,7,12,2,263
22.5,7,12,3,264
22.5,7,12,4,265
22.5,7,12,5,267
22.5,7,12,6,268
22.5,7,12,7,269
22.5,7,12,8,270
22.5,7,12,9,272
22.5,7,12,10,273
22.5,7,12,11,274
22.5,7,12,12,275
22.5,7,12,13,276
22.5,7,12,14,278
22.5,7,12,15,279
22.5,7,13,0,262
22.5,7,13,1,263
22.5,7,13,2,264
22.5,7,13,3,266
22.5,7,13,4,267
22.5,7,13,5,268
22.5,7,13,6,269
22.5,7,13,7,271
22.5,7,13,8,272
22.5,7,13,9,273
22.5,7,13,10,274
22.5,7,13,11,276
22.5,7,13,12,277
22.5,7,13,13,278
22.5,7,13,14,279
22.5,7,13,15,280
22.5,7,14,0,263
22.5,7,14,1,264
22.5,7,14,2,266
22.5,7,14,3,267
22.5,7,14,4,268
22.5,7,14,5,269
22.5,7,14,6,271
22.5,7,14,7,272
22.5,7,14,8,273
22.5,7,14,9,274
22.5,7,14,10,276
22.5,7,14,11,277
22.5,7,14,12,278
22.5,7,14,13,279
22.5,7,14,14,281
22.5,7,14,15,282
22.5,7,15,0,264
22.5,7,15,1,266
22.5,7,15,2,267
22.5,7,15,3,268
22.5,7,15,4,270
22.5,7,15,5,271
22.5,7,15,6,272
22.5,7,15,7,273
22.5,7,15,8,275
22.5,7,15,9,276
22.5,7,15,10,277
22.5,7,15,11,278
22.5,7,15,12,280
22.5,7,15,13,281
22.5,7,15,14,282
22.5,7,15,15,283
22.5,8,0,0,247
22.5,8,0,1,248
22.5,8,0,2,249
22.5,8,0,3,251
22.5,8,0,4,252
22.5,8,0,5,253
22.5,8,0,6,254
22.5,8,0,7,255
22.5,8,0,8,257
22.5,8,0,9,258
22.5,8,0,10,259
22.5,8,0,11,260
22.5,8,0,12,261
22.5,8,0,13,262
22.5,8,0,14,263
22.5,8,0,15,265
22.5,8,1,0,249
22.5,8,1,1,250
22.5,8,1,2,251
22.5,8,1,3,252
22.5,8,1,4,253
22.5,8,1,5,255
22.5,8,1,6,256
22.5,8,1,7,257
22.5,8,1,8,258
22.5,8,1,9,259
22.5,8,1,10,260
22.5,8,1,11,262
22.5,8,1,12,263
22.5,8,1,13,264
22.5,8,1,14,265
22.5,8,1,15,266
22.5,8,2,0,250
22.5,8,2,1,251
22.5,8,2,2,252
22.5,8,2,3,254
22.5,8,2,4,255
22.5,8,2,5,256
22.5,8,2,6,257
22.5,8,2,7,258
22.5,8,2,8,260
22.5,8,2,9,261
22.5,8,2,10,262
22.5,8,2,11,263
22.5,8,2,12,264
22.5,8,2,13,265
22.5,8,2,14,267
22.5,8,2,15,268
22.5,8,3,0,251
22.5,8,3,1,253
22.5,8,3,2,254
22.5,8,3,3,255
22.5,8,3,4,256
22.5,8,3,5,258
22.5,8,3,6,259
22.5,8,3,7,260
22.5,8,3,8,261
22.5,8,3,9,262
22.5,8,3,10,264
22.5,8,3,11,265
22.5,8,3,12,266
22.5,8,3,13,267
22.5,8,3,14,268
22.5,8,3,15,269
22.5,8,4,0,253
22.5,8,4,1,254
22.5,8,4,2,255
22.5,8,4,3,257
22.5,8,4,4,258
22.5,8,4,5,259
22.5,8,4,6,260
22.5,8,4,7,261
22.5,8,4,8,263
22.5,8,4,9,264
22.5,8,4,10,265
22.5,8,4,11,266
22.5,8,4,12,267
22.5,8,4,13,269
22.5,8,4,14,270
22.5,8,4,15,271
22.5,8,5,0,254
22.5,8,5,1,256
22.5,8,5,2,257
22.5,8,5,3,258
22.5,8,5,4,259
22.5,8,5,5,261
22.5,8,5,6,262
22.5,8,5,7,263
22.5,8,5,8,264
22.5,8,5,9,265
22.5,8,5,10,267
22.5,8,5,11,268
22.5,8,5,12,269
22.5,8,5,13,270
22.5,8,5,14,271
22.5,8,5,15,272
22.5,8,6,0,256
22.5,8,6,1,257
22.5,8,6,2,258
22.5,8,6,3,260
22.5,8,6,4,261
22.5,8,6,5,262
22.5,8,6,6,263
22.5,8,6,7,264
22.5,8,6,8,266
22.5,8,6,9,267
22.5,8,6,10,268
22.5,8,6,11,269
22.5,8,6,12,270
22.5,8,6,13,272
22.5,8,6,14,273
22.5,8,6,15,274
22.5,8,7,0,257
22.5,8,7,1,259
22.5,8,7,2,260
22.5,8,7,3,261
22.5,8,7,4,262
22.5,8,7,5,263
22.5,8,7,6,265
22.5,8,7,7,266
22.5,8,7,8,267
22.5,8,7,9,268
22.5,8,7,10,270
22.5,8,7,11,271
22.5,8,7,12,272
22.5,8,7,13,273
22.5,8,7,14,274
22.5,8,7,15,276
22.5,8,8,0,259
22.5,8,8,1,260
22.5,8,8,2,261
22.5,8,8,3,262
22.5,8,8,4,264
22.5,8,8,5,265
22.5,8,8,6,266
22.5,8,8,7,267
22.5,8,8,8,269
22.5,8,8,9,270
22.5,8,8,10,271
22.5,8,8,11,272
22.5,8,8,12,273
22.5,8,8,13,275
22.5,8,8,14,276
22.5,8,8,15,277
22.5,8,9,0,260
22.5,8,9,1,261
22.5,8,9,2,263
22.5,8,9,3,264
22.5,8,9,4,265
22.5,8,9,5,266
22.5,8,9,6,268
22.5,8,9,7,269
22.5,8,9,8,270
22.5,8,9,9,271
22.5,8,9,10,273
22.5,8,9,11,274
22.5,8,9,12,275
22.5,8,9,13,276
22.5,8,9,14,277
22.5,8,9,15,279
22.5,8,10,0,262
22.5,8,10,1,263
22.5,8,10,2,264
22.5,8,10,3,265
22.5,8,10,4,267
22.5,8,10,5,268
22.5,8,10,6,269
22.5,8,10,7,270
22.5,8,10,8,272
22.5,8,10,9,273
22.5,8,10,10,274
22.5,8,10,11,275
22.5,8,10,12,276
22.5,8,10,13,278
22.5,8,10,14,279
22.5,8,10,15,280
22.5,8,11,0,263
22.5,8,11,1,264
22.5,8,11,2,265
22.5,8,11,3,267
22.5,8,11,4,268
22.5,8,11,5,269
22.5,8,11,6,271
22.5,8,11,7,272
22.5,8,11,8,273
22.5,8,11,9,274
22.5,8,11,10,276
22.5,8,11,11,277
22.5,8,11,12,278
22.5,8,11,13,279
22.5,8,11,14,280
22.5,8,11,15,282
22.5,8,12,0,264
22.5,8,12,1,266
22.5,8,12,2,267
22.5,8,12,3,268
22.5,8,12,4,269
22.5,8,12,5,271
22.5,8,12,6,272
22.5,8,12,7,273
22.5,8,12,8,274
22.5,8,12,9,276
22.5,8,12,10,277
22.5,8,12,11,278
22.5,8,12,12,279
22.5,8,12,13,281
22.5,8,12,14,282
22.5,8,12,15,283
22.5,8,13,0,266
22.5,8,13,1,267
22.5,8,13,2,268
22.5,8,13,3,270
22.5,8,13,4,271
22.5,8,13,5,272
22.5,8,13,6,273
22.5,8,13,7,275
22.5,8,13,8,276
22.5,8,13,9,277
22.5,8,13,10,278
22.5,8,13,11,280
22.5,8,13,12,281
22.5,8,13,13,282
22.5,8,13,14,283
22.5,8,13,15,285
22.5,8,14,0,267
22.5,8,14,1,268
22.5,8,14,2,270
22.5,8,14,3,271
22.5,8,14,4,272
22.5,8,14,5,274
22.5,8,14,6,275
22.5,8,14,7,276
22.5,8,14,8,277
22.5,8,14,9,279
22.5,8,14,10,280
22.5,8,14,11,281
22.5,8,14,12,282
22.5,8,14,13,284
22.5,8,14,14,285
22.5,8,14,15,286
22.5,8,15,0,268
22.5,8,15,1,270
22.5,8,15,2,271
22.5,8,15,3,272
22.5,8,15,4,274
22.5,8,15,5,275
22.5,8,15,6,276
22.5,8,15,7,278
22.5,8,15,8,279
22.5,8,15,9,280
22.5,8,15,10,281
22.5,8,15,11,283
22.5,8,15,12,284
22.5,8,15,13,285
22.5,8,15,14,286
22.5,8,15,15,288
22.5,9,0,0,251
22.5,9,0,1,252
22.5,9,0,2,253
22.5,9,0,3,254
22.5,9,0,4,256
22.5,9,0,5,257
22.5,9,0,6,258
22.5,9,0,7,259
22.5,9,0,8,260
22.5,9,0,9,262
22.5,9,0,10,263
22.5,9,0,11,264
22.5,9,0,12,265
22.5,9,0,13,266
22.5,9,0,14,267
22.5,9,0,15,269
22.5,9,1,0,252
22.5,9,1,1,253
22.5,9,1,2,255
22.5,9,1,3,256
22.5,9,1,4,257
22.5,9,1,5,258
22.5,9,1,6,260
22.5,9,1,7,261
22.5,9,1,8,262
22.5,9,1,9,263
22.5,9,1,10,264
22.5,9,1,11,266
22.5,9,1,12,267
22.5,9,1,13,268
22.5,9,1,14,269
22.5,9,1,15,270
22.5,9,2,0,254
22.5,9,2,1,255
22.5,9,2,2,256
22.5,9,2,3,257
22.5,9,2,4,259
22.5,9,2,5,260
22.5,9,2,6,261
22.5,9,2,7,262
22.5,9,2,8,264
22.5,9,2,9,265
22.5,9,2,10,266
22.5,9,2,11,267
22.5,9,2,12,268
22.5,9,2,13,269
22.5,9,2,14,271
22.5,9,2,15,272
22.5,9,3,0,255
22.5,9,3,1,256
22.5,9,3,2,258
22.5,9,3,3,259
22.5,9,3,4,260
22.5,9,3,5,261
22.5,9,3,6,263
22.5,9,3,7,264
22.5,9,3,8,265
22.5,9,3,9,266
22.5,9,3,10,267
22.5,9,3,11,269
22.5,9,3,12,270
22.5,9,3,13,271
22.5,9,3,14,272
22.5,9,3,15,273
22.5,9,4,0,257
22.5,9,4,1,258
22.5,9,4,2,259
22.5,9,4,3,260
22.5,9,4,4,262
22.5,9,4,5,263
22.5,9,4,6,264
22.5,9,4,7,265
22.5,9,4,8,267
22.5,9,4,9,268
22.5,9,4,10,269
22.5,9,4,11,270
22.5,9,4,12,271
22.5,9,4,13,273
22.5,9,4,14,274
22.5,9,4,15,275
22.5,9,5,0,258
22.5,9,5,1,259
22.5,9,5,2,261
22.5,9,5,3,262
22.5,9,5,4,263
22.5,9,5,5,264
22.5,9,5,6,266
22.5,9,5,7,267
22.5,9,5,8,268
22.5,9,5,9,269
22.5,9,5,10,271
22.5,9,5,11,272
22.5,9,5,12,273
22.5,9,5,13,274
22.5,9,5,14,275
22.5,9,5,15,277
22.5,9,6,0,260
22.5,9,6,1,261
22.5,9,6,2,262
22.5,9,6,3,263
22.5,9,6,4,265
22.5,9,6,5,266
22.5,9,6,6,267
22.5,9,6,7,268
22.5,9,6,8,270
22.5,9,6,9,271
22.5,9,6,10,272
22.5,9,6,11,273
22.5,9,6,12,275
22.5,9,6,13,276
22.5,9,6,14,277
22.5,9,6,15,278
22.5,9,7,0,261
22.5,9,7,1,262
22.5,9,7,2,264
22.5,9,7,3,265
22.5,9,7,4,266
22.5,9,7,5,267
22.5,9,7,6,269
22.5,9,7,7,270
22.5,9,7,8,271
22.5,9,7,9,272
22.5,9,7,10,274
22.5,9,7,11,275
22.5,9,7,12,276
22.5,9,7,13,277
22.5,9,7,14,278
22.5,9,7,15,280
22.5,9,8,0,263
22.5,9,8,1,264
22.5,9,8,2,265
22.5,9,8,3,266
22.5,9,8,4,268
22.5,9,8,5,269
22.5,9,8,6,270
22.5,9,8,7,271
22.5,9,8,8,273
22.5,9,8,9,274
22.5,9,8,10,275
22.5,9,8,11,276
22.5,9,8,12,278
22.5,9,8,13,279
22.5,9,8,14,280
22.5,9,8,15,281
22.5,9,9,0,264
22.5,9,9,1,265
22.5,9,9,2,267
22.5,9,9,3,268
22.5,9,9,4,269
22.5,9,9,5,270
22.5,9,9,6,272
22.5,9,9,7,273
22.5,9,9,8,274
22.5,9,9,9,275
22.5,9,9,10,277
22.5,9,9,11,278
22.5,9,9,12,279
22.5,9,9,13,280
22.5,9,9,14,282
22.5,9,9,15,283
22.5,9,10,0,265
22.5,9,10,1,267
22.5,9,10,2,268
22.5,9,10,3,269
22.5,9,10,4,271
22.5,9,10,5,272
22.5,9,10,6,273
22.5,9,10,7,274
22.5,9,10,8,276
22.5,9,10,9,277
22.5,9,10,10,278
22.5,9,10,11,279
22.5,9,10,12,281
22.5,9,10,13,282
22.5,9,10,14,283
22.5,9,10,15,284
22.5,9,11,0,267
22.5,9,11,1,268
22.5,9,11,2,269
22.5,9,11,3,271
22.5,9,11,4,272
22.5,9,11,5,273
22.5,9,11,6,275
22.5,9,11,7,276
22.5,9,11,8,277
22.5,9,11,9,278
22.5,9,11,10,280
22.5,9,11,11,281
22.5,9,11,12,282
22.5,9,11,13,283
22.5,9,11,14,285
22.5,9,11,15,286
22.5,9,12,0,268
22.5,9,12,1,270
22.5,9,12,2,271
22.5,9,12,3,272
22.5,9,12,4,273
22.5,9,12,5,275
22.5,9,12,6,276
22.5,9,12,7,277
22.5,9,12,8,279
22.5,9,12,9,280
22.5,9,12,10,281
22.5,9,12,11,282
22.5,9,12,12,284
22.5,9,12,13,285
22.5,9,12,14,286
22.5,9,12,15,287
22.5,9,13,0,270
22.5,9,13,1,271
22.5,9,13,2,272
22.5,9,13,3,274
22.5,9,13,4,275
22.5,9,13,5,276
22.5,9,13,6,278
22.5,9,13,7,279
22.5,9,13,8,280
22.5,9,13,9,281
22.5,9,13,10,283
22.5,9,13,11,284
22.5,9,13,12,285
22.5,9,13,13,286
22.5,9,13,14,288
22.5,9,13,15,289
22.5,9,14,0,271
22.5,9,14,1,272
22.5,9,14,2,274
22.5,9,14,3,275
22.5,9,14,4,276
22.5,9,14,5,278
22.5,9,14,6,279
22.5,9,14,7,280
22.5,9,14,8,282
22.5,9,14,9,283
22.5,9,14,10,284
22.5,9,14,11,285
22.5,9,14,12,287
22.5,9,14,13,288
22.5,9,14,14,289
22.5,9,14,15,290
22.5,9,15,0,272
22.5,9,15,1,274
22.5,9,15,2,275
22.5,9,15,3,276
22.5,9,15,4,278
22.5,9,15,5,279
22.5,9,15,6,280
22.5,9,15,7,282
22.5,9,15,8,283
22.5,9,15,9,284
22.5,9,15,10,286
22.5,9,15,11,287
22.5,9,15,12,288
22.5,9,15,13,289
22.5,9,15,14,291
22.5,9,15,15,292
22.5,10,0,0,254
22.5,10,0,1,256
22.5,10,0,2,257
22.5,10,0,3,258
22.5,10,0,4,259
22.5,10,0,5,261
22.5,10,0,6,262
22.5,10,0,7,263
22.5,10,0,8,264
22.5,10,0,9,265
22.5,10,0,10,267
22.5,10,0,11,268
22.5,10,0,12,269
22.5,10,0,13,270
22.5,10,0,14,271
22.5,10,0,15,273
22.5,10,1,0,256
22.5,10,1,1,257
22.5,10,1,2,258
22.5,10,1,3,260
22.5,10,1,4,261
22.5,10,1,5,262
22.5,10,1,6,263
22.5,10,1,7,265
22.5,10,1,8,266
22.5,10,1,9,267
22.5,10,1,10,268
22.5,10,1,11,269
22.5,10,1,12,271
22.5,10,1,13,272
22.5,10,1,14,273
22.5,10,1,15,274
22.5,10,2,0,257
22.5,10,2,1,259
22.5,10,2,2,260
22.5,10,2,3,261
22.5,10,2,4,262
22.5,10,2,5,264
22.5,10,2,6,265
22.5,10,2,7,266
22.5,10,2,8,267
22.5,10,2,9,269
22.5,10,2,10,270
22.5,10,2,11,271
22.5,10,2,12,272
22.5,10,2,13,273
22.5,10,2,14,275
22.5,10,2,15,276
22.5,10,3,0,259
22.5,10,3,1,260
22.5,10,3,2,262
22.5,10,3,3,263
22.5,10,3,4,264
22.5,10,3,5,265
22.5,10,3,6,266
22.5,10,3,7,268
22.5,10,3,8,269
22.5,10,3,9,270
22.5,10,3,10,271
22.5,10,3,11,273
22.5,10,3,12,274
22.5,10,3,13,275
22.5,10,3,14,276
22.5,10,3,15,277
22.5,10,4,0,260
22.5,10,4,1,262
22.5,10,4,2,263
22.5,10,4,3,264
22.5,10,4,4,266
22.5,10,4,5,267
22.5,10,4,6,268
22.5,10,4,7,269
22.5,10,4,8,271
22.5,10,4,9,272
22.5,10,4,10,273
22.5,10,4,11,274
22.5,10,4,12,275
22.5,10,4,13,277
22.5,10,4,14,278
22.5,10,4,15,279
22.5,10,5,0,262
22.5,10,5,1,263
22.5,10,5,2,265
22.5,10,5,3,266
22.5,10,5,4,267
22.5,10,5,5,268
22.5,10,5,6,270
22.5,10,5,7,271
22.5,10,5,8,272
22.5,10,5,9,273
22.5,10,5,10,275
22.5,10,5,11,276
22.5,10,5,12,277
22.5,10,5,13,278
22.5,10,5,14,279
22.5,10,5,15,281
22.5,10,6,0,263
22.5,10,6,1,265
22.5,10,6,2,266
22.5,10,6,3,267
22.5,10,6,4,269
22.5,10,6,5,270
22.5,10,6,6,271
22.5,10,6,7,272
22.5,10,6,8,274
22.5,10,6,9,275
22.5,10,6,10,276
22.5,10,6,11,277
22.5,10,6,12,279
22.5,10,6,13,280
22.5,10,6,14,281
22.5,10,6,15,282
22.5,10,7,0,265
22.5,10,7,1,266
22.5,10,7,2,268
22.5,10,7,3,269
22.5,10,7,4,270
22.5,10,7,5,271
22.5,10,7,6,273
22.5,10,7,7,274
22.5,10,7,8,275
22.5,10,7,9,276
22.5,10,7,10,278
22.5,10,7,11,279
22.5,10,7,12,280
22.5,10,7,13,281
22.5,10,7,14,283
22.5,10,7,15,284
22.5,10,8,0,266
22.5,10,8,1,268
22.5,10,8,2,269
22.5,10,8,3,270
22.5,10,8,4,272
22.5,10,8,5,273
22.5,10,8,6,274
22.5,10,8,7,275
22.5,10,8,8,277
22.5,10,8,9,278
22.5,10,8,10,279
22.5,10,8,11,280
22.5,10,8,12,282
22.5,10,8,13,283
22.5,10,8,14,284
22.5,10,8,15,285
22.5,10,9,0,268
22.5,10,9,1,269
22.5,10,9,2,270
22.5,10,9,3,272
22.5,10,9,4,273
22.5,10,9,5,274
22.5,10,9,6,276
22.5,10,9,7,277
22.5,10,9,8,278
22.5,10,9,9,279
22.5,10,9,10,281
22.5,10,9,11,282
22.5,10,9,12,283
22.5,10,9,13,284
22.5,10,9,14,286
22.5,10,9,15,287
22.5,10,10,0,269
22.5,10,10,1,271
22.5,10,10,2,272
22.5,10,10,3,273
22.5,10,10,4,275
22.5,10,10,5,276
22.5,10,10,6,277
22.5,10,10,7,278
22.5,10,10,8,280
22.5,10,10,9,281
22.5,10,10,10,282
22.5,10,10,11,284
22.5,10,10,12,285
22.5,10,10,13,286
22.5,10,10,14,287
22.5,10,10,15,288
22.5,10,11,0,271
22.5,10,11,1,272
22.5,10,11,2,273
22.5,10,11,3,275
22.5,10,11,4,276
22.5,10,11,5,277
22.5,10,11,6,279
22.5,10,11,7,280
22.5,10,11,8,281
22.5,10,11,9,282
22.5,10,11,10,284
22.5,10,11,11,285
22.5,10,11,12,286
22.5,10,11,13,288
22.5,10,11,14,289
22.5,10,11,15,290
22.5,10,12,0,272
22.5,10,12,1,274
22.5,10,12,2,275
22.5,10,12,3,276
22.5,10,12,4,278
22.5,10,12,5,279
22.5,10,12,6,280
22.5,10,12,7,281
22.5,10,12,8,283
22.5,10,12,9,284
22.5,10,12,10,285
22.5,10,12,11,287
22.5,10,12,12,288
22.5,10,12,13,289
22.5,10,12,14,290
22.5,10,12,15,292
22.5,10,13,0,274
22.5,10,13,1,275
22.5,10,13,2,276
22.5,10,13,3,278
22.5,10,13,4,279
22.5,10,13,5,280
22.5,10,13,6,282
22.5,10,13,7,283
22.5,10,13,8,284
22.5,10,13,9,285
22.5,10,13,10,287
22.5,10,13,11,288
22.5,10,13,12,289
22.5,10,13,13,291
22.5,10,13,14,292
22.5,10,13,15,293
22.5,10,14,0,275
22.5,10,14,1,276
22.5,10,14,2,278
22.5,10,14,3,279
22.5,10,14,4,280
22.5,10,14,5,282
22.5,10,14,6,283
22.5,10,14,7,284
22.5,10,14,8,286
22.5,10,14,9,287
22.5,10,14,10,288
22.5,10,14,11,290
22.5,10,14,12,291
22.5,10,14,13,292
22.5,10,14,14,293
22.5,10,14,15,295
22.5,10,15,0,276
22.5,10,15,1,278
22.5,10,15,2,279
22.5,10,15,3,281
22.5,10,15,4,282
22.5,10,15,5,283
22.5,10,15,6,285
22.5,10,15,7,286
22.5,10,15,8,287
22.5,10,15,9,288
22.5,10,15,10,290
22.5,10,15,11,291
22.5,10,15,12,292
22.5,10,15,13,294
22.5,10,15,14,295
22.5,10,15,15,296
22.5,11,0,0,258
22.5,11,0,1,259
22.5,11,0,2,261
22.5,11,0,3,262
22.5,11,0,4,263
22.5,11,0,5,264
22.5,11,0,6,266
22.5,11,0,7,267
22.5,11,0,8,268
22.5,11,0,9,269
22.5,11,0,10,270
22.5,11,0,11,272
22.5,11,0,12,273
22.5,11,0,13,274
22.5,11,0,14,275
22.5,11,0,15,276
22.5,11,1,0,260
22.5,11,1,1,261
22.5,11,1,2,262
22.5,11,1,3,263
22.5,11,1,4,265
22.5,11,1,5,266
22.5,11,1,6,267
22.5,11,1,7,268
22.5,11,1,8,270
22.5,11,1,9,271
22.5,11,1,10,272
22.5,11,1,11,273
22.5,11,1,12,275
22.5,11,1,13,276
22.5,11,1,14,277
22.5,11,1,15,278
22.5,11,2,0,261
22.5,11,2,1,262
22.5,11,2,2,264
22.5,11,2,3,265
22.5,11,2,4,266
22.5,11,2,5,268
22.5,11,2,6,269
22.5,11,2,7,270
22.5,11,2,8,271
22.5,11,2,9,273
22.5,11,2,10,274
22.5,11,2,11,275
22.5,11,2,12,276
22.5,11,2,13,277
22.5,11,2,14,279
22.5,11,2,15,280
22.5,11,3,0,263
22.5,11,3,1,264
22.5,11,3,2,265
22.5,11,3,3,267
22.5,11,3,4,268
22.5,11,3,5,269
22.5,11,3,6,270
22.5,11,3,7,272
22.5,11,3,8,273
22.5,11,3,9,274
22.5,11,3,10,275
22.5,11,3,11,277
22.5,11,3,12,278
22.5,11,3,13,279
22.5,11,3,14,280
22.5,11,3,15,281
22.5,11,4,0,264
22.5,11,4,1,266
22.5,11,4,2,267
22.5,11,4,3,268
22.5,11,4,4,269
22.5,11,4,5,271
22.5,11,4,6,272
22.5,11,4,7,273
22.5,11,4,8,274
22.5,11,4,9,276
22.5,11,4,10,277
22.5,11,4,11,278
22.5,11,4,12,279
22.5,11,4,13,281
22.5,11,4,14,282
22.5,11,4,15,283
22.5,11,5,0,266
22.5,11,5,1,267
22.5,11,5,2,268
22.5,11,5,3,270
22.5,11,5,4,271
22.5,11,5,5,272
22.5,11,5,6,273
22.5,11,5,7,275
22.5,11,5,8,276
22.5,11,5,9,277
22.5,11,5,10,279
22.5,11,5,11,280
22.5,11,5,12,281
22.5,11,5,13,282
22.5,11,5,14,283
22.5,11,5,15,285
22.5,11,6,0,267
22.5,11,6,1,269
22.5,11,6,2,270
22.5,11,6,3,271
22.5,11,6,4,272
22.5,11,6,5,274
22.5,11,6,6,275
22.5,11,6,7,276
22.5,11,6,8,278
22.5,11,6,9,279
22.5,11,6,10,280
22.5,11,6,11,281
22.5,11,6,12,283
22.5,11,6,13,284
22.5,11,6,14,285
22.5,11,6,15,286
22.5,11,7,0,269
22.5,11,7,1,270
22.5,11,7,2,271
22.5,11,7,3,273
22.5,11,7,4,274
22.5,11,7,5,275
22.5,11,7,6,277
22.5,11,7,7,278
22.5,11,7,8,279
22.5,11,7,9,280
22.5,11,7,10,282
22.5,11,7,11,283
22.5,11,7,12,284
22.5,11,7,13,285
22.5,11,7,14,287
22.5,11,7,15,288
22.5,11,8,0,270
22.5,11,8,1,272
22.5,11,8,2,273
22.5,11,8,3,274
22.5,11,8,4,276
22.5,11,8,5,277
22.5,11,8,6,278
22.5,11,8,7,279
22.5,11,8,8,281
22.5,11,8,9,282
22.5,11,8,10,283
22.5,11,8,11,285
22.5,11,8,12,286
22.5,11,8,13,287
22.5,11,8,14,288
22.5,11,8,15,290
22.5,11,9,0,272
22.5,11,9,1,273
22.5,11,9,2,274
22.5,11,9,3,276
22.5,11,9,4,277
22.5,11,9,5,278
22.5,11,9,6,280
22.5,11,9,7,281
22.5,11,9,8,282
22.5,11,9,9,284
22.5,11,9,10,285
22.5,11,9,11,286
22.5,11,9,12,287
22.5,11,9,13,289
22.5,11,9,14,290
22.5,11,9,15,291
22.5,11,10,0,273
22.5,11,10,1,275
22.5,11,10,2,276
22.5,11,10,3,277
22.5,11,10,4,279
22.5,11,10,5,280
22.5,11,10,6,281
22.5,11,10,7,282
22.5,11,10,8,284
22.5,11,10,9,285
22.5,11,10,10,286
22.5,11,10,11,288
22.5,11,10,12,289
22.5,11,10,13,290
22.5,11,10,14,291
22.5,11,10,15,293
22.5,11,11,0,275
22.5,11,11,1,276
22.5,11,11,2,277
22.5,11,11,3,279
22.5,11,11,4,280
22.5,11,11,5,281
22.5,11,11,6,283
22.5,11,11,7,284
22.5,11,11,8,285
22.5,11,11,9,287
22.5,11,11,10,288
22.5,11,11,11,289
22.5,11,11,12,290
22.5,11,11,13,292
22.5,11,11,14,293
22.5,11,11,15,294
22.5,11,12,0,276
22.5,11,12,1,278
22.5,11,12,2,279
22.5,11,12,3,280
22.5,11,12,4,282
22.5,11,12,5,283
22.5,11,12,6,284
22.5,11,12,7,286
22.5,11,12,8,287
22.5,11,12,9,288
22.5,11,12,10,289
22.5,11,12,11,291
22.5,11,12,12,292
22.5,11,12,13,293
22.5,11,12,14,295
22.5,11,12,15,296
22.5,11,13,0,278
22.5,11,13,1,279
22.5,11,13,2,280
22.5,11,13,3,282
22.5,11,13,4,283
22.5,11,13,5,284
22.5,11,13,6,286
22.5,11,13,7,287
22.5,11,13,8,288
22.5,11,13,9,290
22.5,11,13,10,291
22.5,11,13,11,292
22.5,11,13,12,294
22.5,11,13,13,295
22.5,11,13,14,296
22.5,11,13,15,297
22.5,11,14,0,279
22.5,11,14,1,280
22.5,11,14,2,282
22.5,11,14,3,283
22.5,11,14,4,284
22.5,11,14,5,286
22.5,11,14,6,287
22.5,11,14,7,288
22.5,11,14,8,290
22.5,11,14,9,291
22.5,11,14,10,292
22.5,11,14,11,294
22.5,11,14,12,295
22.5,11,14,13,296
22.5,11,14,14,298
22.5,11,14,15,299
22.5,11,15,0,281
22.5,11,15,1,282
22.5,11,15,2,283
22.5,11,15,3,285
22.5,11,15,4,286
22.5,11,15,5,287
22.5,11,15,6,289
22.5,11,15,7,290
22.5,11,15,8,291
22.5,11,15,9,293
22.5,11,15,10,294
22.5,11,15,11,295
22.5,11,15,12,297
22.5,11,15,13,298
22.5,11,15,14,299
22.5,11,15,15,300
22.5,12,0,0,262
22.5,12,0,1,263
22.5,12,0,2,264
22.5,12,0,3,266
22.5,12,0,4,267
22.5,12,0,5,268
22.5,12,0,6,269
22.5,12,0,7,271
22.5,12,0,8,272
22.5,12,0,9,273
22.5,12,0,10,274
22.5,12,0,11,276
22.5,12,0,12,277
22.5,12,0,13,278
22.5,12,0,14,279
22.5,12,0,15,280
22.5,12,1,0,263
22.5,12,1,1,265
22.5,12,1,2,266
22.5,12,1,3,267
22.5,12,1,4,268
22.5,12,1,5,270
22.5,12,1,6,271
22.5,12,1,7,272
22.5,12,1,8,274
22.5,12,1,9,275
22.5,12,1,10,276
22.5,12,1,11,277
22.5,12,1,12,278
22.5,12,1,13,280
22.5,12,1,14,281
22.5,12,1,15,282
22.5,12,2,0,265
22.5,12,2,1,266
22.5,12,2,2,268
22.5,12,2,3,269
22.5,12,2,4,270
22.5,12,2,5,271
22.5,12,2,6,273
22.5,12,2,7,274
22.5,12,2,8,275
22.5,12,2,9,276
22.5,12,2,10,278
22.5,12,2,11,279
22.5,12,2,12,280
22.5,12,2,13,281
22.5,12,2,14,283
22.5,12,2,15,284
22.5,12,3,0,266
22.5,12,3,1,268
22.5,12,3,2,269
22.5,12,3,3,270
22.5,12,3,4,272
22.5,12,3,5,273
22.5,12,3,6,274
22.5,12,3,7,276
22.5,12,3,8,277
22.5,12,3,9,278
22.5,12,3,10,279
22.5,12,3,11,281
22.5,12,3,12,282
22.5,12,3,13,283
22.5,12,3,14,284
22.5,12,3,15,285
22.5,12,4,0,268
22.5,12,4,1,269
22.5,12,4,2,271
22.5,12,4,3,272
22.5,12,4,4,273
22.5,12,4,5,275
22.5,12,4,6,276
22.5,12,4,7,277
22.5,12,4,8,278
22.5,12,4,9,280
22.5,12,4,10,281
22.5,12,4,11,282
22.5,12,4,12,283
22.5,12,4,13,285
22.5,12,4,14,286
22.5,12,4,15,287
22.5,12,5,0,270
22.5,12,5,1,271
22.5,12,5,2,272
22.5,12,5,3,274
22.5,12,5,4,275
22.5,12,5,5,276
22.5,12,5,6,277
22.5,12,5,7,279
22.5,12,5,8,280
22.5,12,5,9,281
22.5,12,5,10,283
22.5,12,5,11,284
22.5,12,5,12,285
22.5,12,5,13,286
22.5,12,5,14,288
22.5,12,5,15,289
22.5,12,6,0,271
22.5,12,6,1,272
22.5,12,6,2,274
22.5,12,6,3,275
22.5,12,6,4,276
22.5,12,6,5,278
22.5,12,6,6,279
22.5,12,6,7,280
22.5,12,6,8,282
22.5,12,6,9,283
22.5,12,6,10,284
22.5,12,6,11,285
22.5,12,6,12,287
22.5,12,6,13,288
22.5,12,6,14,289
22.5,12,6,15,290
22.5,12,7,0,273
22.5,12,7,1,274
22.5,12,7,2,275
22.5,12,7,3,277
22.5,12,7,4,278
22.5,12,7,5,279
22.5,12,7,6,281
22.5,12,7,7,282
22.5,12,7,8,283
22.5,12,7,9,284
22.5,12,7,10,286
22.5,12,7,11,287
22.5,12,7,12,288
22.5,12,7,13,290
22.5,12,7,14,291
22.5,12,7,15,292
22.5,12,8,0,274
22.5,12,8,1,275
22.5,12,8,2,277
22.5,12,8,3,278
22.5,12,8,4,279
22.5,12,8,5,281
22.5,12,8,6,282
22.5,12,8,7,283
22.5,12,8,8,285
22.5,12,8,9,286
22.5,12,8,10,287
22.5,12,8,11,289
22.5,12,8,12,290
22.5,12,8,13,291
22.5,12,8,14,292
22.5,12,8,15,294
22.5,12,9,0,276
22.5,12,9,1,277
22.5,12,9,2,278
22.5,12,9,3,280
22.5,12,9,4,281
22.5,12,9,5,282
22.5,12,9,6,284
22.5,12,9,7,285
22.5,12,9,8,286
22.5,12,9,9,288
22.5,12,9,10,289
22.5,12,9,11,290
22.5,12,9,12,291
22.5,12,9,13,293
22.5,12,9,14,294
22.5,12,9,15,295
22.5,12,10,0,277
22.5,12,10,1,279
22.5,12,10,2,280
22.5,12,10,3,281
22.5,12,10,4,283
22.5,12,10,5,284
22.5,12,10,6,285
22.5,12,10,7,287
22.5,12,10,8,288
22.5,12,10,9,289
22.5,12,10,10,290
22.5,12,10,11,292
22.5,12,10,12,293
22.5,12,10,13,294
22.5,12,10,14,296
22.5,12,10,15,297
22.5,12,11,0,279
22.5,12,11,1,280
22.5,12,11,2,281
22.5,12,11,3,283
22.5,12,11,4,284
22.5,12,11,5,285
22.5,12,11,6,287
22.5,12,11,7,288
22.5,12,11,8,289
22.5,12,11,9,291
22.5,12,11,10,292
22.5,12,11,11,293
22.5,12,11,12,295
22.5,12,11,13,296
22.5,12,11,14,297
22.5,12,11,15,298
22.5,12,12,0,280
22.5,12,12,1,281
22.5,12,12,2,283
22.5,12,12,3,284
22.5,12,12,4,286
22.5,12,12,5,287
22.5,12,12,6,288
22.5,12,12,7,290
22.5,12,12,8,291
22.5,12,12,9,292
22.5,12,12,10,294
22.5,12,12,11,295
22.5,12,12,12,296
22.5,12,12,13,297
22.5,12,12,14,299
22.5,12,12,15,300
22.5,12,13,0,282
22.5,12,13,1,283
22.5,12,13,2,284
22.5,12,13,3,286
22.5,12,13,4,287
22.5,12,13,5,288
22.5,12,13,6,290
22.5,12,13,7,291
22.5,12,13,8,292
22.5,12,13,9,294
22.5,12,13,10,295
22.5,12,13,11,296
22.5,12,13,12,298
22.5,12,13,13,299
22.5,12,13,14,300
22.5,12,13,15,302
22.5,12,14,0,283
22.5,12,14,1,284
22.5,12,14,2,286
22.5,12,14,3,287
22.5,12,14,4,289
22.5,12,14,5,290
22.5,12,14,6,291
22.5,12,14,7,293
22.5,12,14,8,294
22.5,12,14,9,295
22.5,12,14,10,297
22.5,12,14,11,298
22.5,12,14,12,299
22.5,12,14,13,301
22.5,12,14,14,302
22.5,12,14,15,303
22.5,12,15,0,285
22.5,12,15,1,286
22.5,12,15,2,287
22.5,12,15,3,289
22.5,12,15,4,290
22.5,12,15,5,291
22.5,12,15,6,293
22.5,12,15,7,294
22.5,12,15,8,295
22.5,12,15,9,297
22.5,12,15,10,298
22.5,12,15,11,299
22.5,12,15,12,301
22.5,12,15,13,302
22.5,12,15,14,303
22.5,12,15,15,305
22.5,13,0,0,265
22.5,13,0,1,267
22.5,13,0,2,268
22.5,13,0,3,269
22.5,13,0,4,271
22.5,13,0,5,272
22.5,13,0,6,273
22.5,13,0,7,274
22.5,13,0,8,276
22.5,13,0,9,277
22.5,13,0,10,278
22.5,13,0,11,279
22.5,13,0,12,281
22.5,13,0,13,282
22.5,13,0,14,283
22.5,13,0,15,284
22.5,13,1,0,267
22.5,13,1,1,268
22.5,13,1,2,270
22.5,13,1,3,271
22.5,13,1,4,272
22.5,13,1,5,274
22.5,13,1,6,275
22.5,13,1,7,276
22.5,13,1,8,277
22.5,13,1,9,279
22.5,13,1,10,280
22.5,13,1,11,281
22.5,13,1,12,282
22.5,13,1,13,284
22.5,13,1,14,285
22.5,13,1,15,286
22.5,13,2,0,269
22.5,13,2,1,270
22.5,13,2,2,271
22.5,13,2,3,273
22.5,13,2,4,274
22.5,13,2,5,275
22.5,13,2,6,276
22.5,13,2,7,278
22.5,13,2,8,279
22.5,13,2,9,280
22.5,13,2,10,282
22.5,13,2,11,283
22.5,13,2,12,284
22.5,13,2,13,285
22.5,13,2,14,287
22.5,13,2,15,288
22.5,13,3,0,270
22.5,13,3,1,272
22.5,13,3,2,273
22.5,13,3,3,274
22.5,13,3,4,276
22.5,13,3,5,277
22.5,13,3,6,278
22.5,13,3,7,279
22.5,13,3,8,281
22.5,13,3,9,282
22.5,13,3,10,283
22.5,13,3,11,284
22.5,13,3,12,286
22.5,13,3,13,287
22.5,13,3,14,288
22.5,13,3,15,289
22.5,13,4,0,272
22.5,13,4,1,273
22.5,13,4,2,274
22.5,13,4,3,276
22.5,13,4,4,277
22.5,13,4,5,278
22.5,13,4,6,280
22.5,13,4,7,281
22.5,13,4,8,282
22.5,13,4,9,284
22.5,13,4,10,285
22.5,13,4,11,286
22.5,13,4,12,287
22.5,13,4,13,289
22.5,13,4,14,290
22.5,13,4,15,291
22.5,13,5,0,273
22.5,13,5,1,275
22.5,13,5,2,276
22.5,13,5,3,277
22.5,13,5,4,279
22.5,13,5,5,280
22.5,13,5,6,281
22.5,13,5,7,283
22.5,13,5,8,284
22.5,13,5,9,285
22.5,13,5,10,286
22.5,13,5,11,288
22.5,13,5,12,289
22.5,13,5,13,290
22.5,13,5,14,292
22.5,13,5,15,293
22.5,13,6,0,275
22.5,13,6,1,276
22.5,13,6,2,278
22.5,13,6,3,279
22.5,13,6,4,280
22.5,13,6,5,282
22.5,13,6,6,283
22.5,13,6,7,284
22.5,13,6,8,286
22.5,13,6,9,287
22.5,13,6,10,288
22.5,13,6,11,289
22.5,13,6,12,291
22.5,13,6,13,292
22.5,13,6,14,293
22.5,13,6,15,294
22.5,13,7,0,276
22.5,13,7,1,278
22.5,13,7,2,279
22.5,13,7,3,281
22.5,13,7,4,282
22.5,13,7,5,283
22.5,13,7,6,285
22.5,13,7,7,286
22.5,13,7,8,287
22.5,13,7,9,288
22.5,13,7,10,290
22.5,13,7,11,291
22.5,13,7,12,292
22.5,13,7,13,294
22.5,13,7,14,295
22.5,13,7,15,296
22.5,13,8,0,278
22.5,13,8,1,279
22.5,13,8,2,281
22.5,13,8,3,282
22.5,13,8,4,283
22.5,13,8,5,285
22.5,13,8,6,286
22.5,13,8,7,287
22.5,13,8,8,289
22.5,13,8,9,290
22.5,13,8,10,291
22.5,13,8,11,293
22.5,13,8,12,294
22.5,13,8,13,295
22.5,13,8,14,297
22.5,13,8,15,298
22.5,13,9,0,280
22.5,13,9,1,281
22.5,13,9,2,282
22.5,13,9,3,284
22.5,13,9,4,285
22.5,13,9,5,286
22.5,13,9,6,288
22.5,13,9,7,289
22.5,13,9,8,290
22.5,13,9,9,292
22.5,13,9,10,293
22.5,13,9,11,294
22.5,13,9,12,296
22.5,13,9,13,297
22.5,13,9,14,298
22.5,13,9,15,299
22.5,13,10,0,281
22.5,13,10,1,282
22.5,13,10,2,284
22.5,13,10,3,285
22.5,13,10,4,287
22.5,13,10,5,288
22.5,13,10,6,289
22.5,13,10,7,291
22.5,13,10,8,292
22.5,13,10,9,293
22.5,13,10,10,295
22.5,13,10,11,296
22.5,13,10,12,297
22.5,13,10,13,298
22.5,13,10,14,300
22.5,13,10,15,301
22.5,13,11,0,283
22.5,13,11,1,284
22.5,13,11,2,285
22.5,13,11,3,287
22.5,13,11,4,288
22.5,13,11,5,289
22.5,13,11,6,291
22.5,13,11,7,292
22.5,13,11,8,293
22.5,13,11,9,295
22.5,13,11,10,296
22.5,13,11,11,297
22.5,13,11,12,299
22.5,13,11,13,300
22.5,13,11,14,301
22.5,13,11,15,303
22.5,13,12,0,284
22.5,13,12,1,285
22.5,13,12,2,287
22.5,13,12,3,288
22.5,13,12,4,290
22.5,13,12,5,291
22.5,13,12,6,292
22.5,13,12,7,294
22.5,13,12,8,295
22.5,13,12,9,296
22.5,13,12,10,298
22.5,13,12,11,299
22.5,13,12,12,300
22.5,13,12,13,302
22.5,13,12,14,303
22.5,13,12,15,304
22.5,13,13,0,286
22.5,13,13,1,287
22.5,13,13,2,288
22.5,13,13,3,290
22.5,13,13,4,291
22.5,13,13,5,292
22.5,13,13,6,294
22.5,13,13,7,295
22.5,13,13,8,297
22.5,13,13,9,298
22.5,13,13,10,299
22.5,13,13,11,301
22.5,13,13,12,302
22.5,13,13,13,303
22.5,13,13,14,305
22.5,13,13,15,306
22.5,13,14,0,287
22.5,13,14,1,288
22.5,13,14,2,290
22.5,13,14,3,291
22.5,13,14,4,293
22.5,13,14,5,294
22.5,13,14,6,295
22.5,13,14,7,297
22.5,13,14,8,298
22.5,13,14,9,299
22.5,13,14,10,301
22.5,13,14,11,302
22.5,13,14,12,303
22.5,13,14,13,305
22.5,13,14,14,306
22.5,13,14,15,307
22.5,13,15,0,289
22.5,13,15,1,290
22.5,13,15,2,291
22.5,13,15,3,293
22.5,13,15,4,294
22.5,13,15,5,296
22.5,13,15,6,297
22.5,13,15,7,298
22.5,13,15,8,300
22.5,13,15,9,301
22.5,13,15,10,302
22.5,13,15,11,304
22.5,13,15,12,305
22.5,13,15,13,306
22.5,13,15,14,308
22.5,13,15,15,309
22.5,14,0,0,269
22.5,14,0,1,271
22.5,14,0,2,272
22.5,14,0,3,273
22.5,14,0,4,274
22.5,14,0,5,276
22.5,14,0,6,277
22.5,14,0,7,278
22.5,14,0,8,280
22.5,14,0,9,281
22.5,14,0,10,282
22.5,14,0,11,283
22.5,14,0,12,285
22.5,14,0,13,286
22.5,14,0,14,287
22.5,14,0,15,288
22.5,14,1,0,271
22.5,14,1,1,272
22.5,14,1,2,273
22.5,14,1,3,275
22.5,14,1,4,276
22.5,14,1,5,277
22.5,14,1,6,279
22.5,14,1,7,280
22.5,14,1,8,281
22.5,14,1,9,283
22.5,14,1,10,284
22.5,14,1,11,285
22.5,14,1,12,286
22.5,14,1,13,288
22.5,14,1,14,289
22.5,14,1,15,290
22.5,14,2,0,272
22.5,14,2,1,274
22.5,14,2,2,275
22.5,14,2,3,276
22.5,14,2,4,278
22.5,14,2,5,279
22.5,14,2,6,280
22.5,14,2,7,282
22.5,14,2,8,283
22.5,14,2,9,284
22.5,14,2,10,285
22.5,14,2,11,287
22.5,14,2,12,288
22.5,14,2,13,289
22.5,14,2,14,291
22.5,14,2,15,292
22.5,14,3,0,274
22.5,14,3,1,275
22.5,14,3,2,277
22.5,14,3,3,278
22.5,14,3,4,279
22.5,14,3,5,281
22.5,14,3,6,282
22.5,14,3,7,283
22.5,14,3,8,285
22.5,14,3,9,286
22.5,14,3,10,287
22.5,14,3,11,288
22.5,14,3,12,290
22.5,14,3,13,291
22.5,14,3,14,292
22.5,14,3,15,294
22.5,14,4,0,276
22.5,14,4,1,277
22.5,14,4,2,278
22.5,14,4,3,280
22.5,14,4,4,281
22.5,14,4,5,282
22.5,14,4,6,284
22.5,14,4,7,285
22.5,14,4,8,286
22.5,14,4,9,288
22.5,14,4,10,289
22.5,14,4,11,290
22.5,14,4,12,291
22.5,14,4,13,293
22.5,14,4,14,294
22.5,14,4,15,295
22.5,14,5,0,277
22.5,14,5,1,279
22.5,14,5,2,280
22.5,14,5,3,281
22.5,14,5,4,283
22.5,14,5,5,284
22.5,14,5,6,285
22.5,14,5,7,287
22.5,14,5,8,288
22.5,14,5,9,289
22.5,14,5,10,290
22.5,14,5,11,292
22.5,14,5,12,293
22.5,14,5,13,294
22.5,14,5,14,296
22.5,14,5,15,297
22.5,14,6,0,279
22.5,14,6,1,280
22.5,14,6,2,281
22.5,14,6,3,283
22.5,14,6,4,284
22.5,14,6,5,286
22.5,14,6,6,287
22.5,14,6,7,288
22.5,14,6,8,290
22.5,14,6,9,291
22.5,14,6,10,292
22.5,14,6,11,293
22.5,14,6,12,295
22.5,14,6,13,296
22.5,14,6,14,297
22.5,14,6,15,299
22.5,14,7,0,280
22.5,14,7,1,282
22.5,14,7,2,283
22.5,14,7,3,284
22.5,14,7,4,286
22.5,14,7,5,287
22.5,14,7,6,288
22.5,14,7,7,290
22.5,14,7,8,291
22.5,14,7,9,292
22.5,14,7,10,294
22.5,14,7,11,295
22.5,14,7,12,296
22.5,14,7,13,298
22.5,14,7,14,299
22.5,14,7,15,300
22.5,14,8,0,282
22.5,14,8,1,283
22.5,14,8,2,285
22.5,14,8,3,286
22.5,14,8,4,287
22.5,14,8,5,289
22.5,14,8,6,290
22.5,14,8,7,291
22.5,14,8,8,293
22.5,14,8,9,294
22.5,14,8,10,295
22.5,14,8,11,297
22.5,14,8,12,298
22.5,14,8,13,299
22.5,14,8,14,301
22.5,14,8,15,302
22.5,14,9,0,283
22.5,14,9,1,285
22.5,14,9,2,286
22.5,14,9,3,288
22.5,14,9,4,289
22.5,14,9,5,290
22.5,14,9,6,292
22.5,14,9,7,293
22.5,14,9,8,294
22.5,14,9,9,296
22.5,14,9,10,297
22.5,14,9,11,298
22.5,14,9,12,300
22.5,14,9,13,301
22.5,14,9,14,302
22.5,14,9,15,304
22.5,14,10,0,285
22.5,14,10,1,286
22.5,14,10,2,288
22.5,14,10,3,289
22.5,14,10,4,291
22.5,14,10,5,292
22.5,14,10,6,293
22.5,14,10,7,295
22.5,14,10,8,296
22.5,14,10,9,297
22.5,14,10,10,299
22.5,14,10,11,300
22.5,14,10,12,301
22.5,14,10,13,303
22.5,14,10,14,304
22.5,14,10,15,305
22.5,14,11,0,287
22.5,14,11,1,288
22.5,14,11,2,289
22.5,14,11,3,291
22.5,14,11,4,292
22.5,14,11,5,293
22.5,14,11,6,295
22.5,14,11,7,296
22.5,14,11,8,298
22.5,14,11,9,299
22.5,14,11,10,300
22.5,14,11,11,302
22.5,14,11,12,303
22.5,14,11,13,304
22.5,14,11,14,306
22.5,14,11,15,307
22.5,14,12,0,288
22.5,14,12,1,289
22.5,14,12,2,291
22.5,14,12,3,292
22.5,14,12,4,294
22.5,14,12,5,295
22.5,14,12,6,296
22.5,14,12,7,298
22.5,14,12,8,299
22.5,14,12,9,300
22.5,14,12,10,302
22.5,14,12,11,303
22.5,14,12,12,305
22.5,14,12,13,306
22.5,14,12,14,307
22.5,14,12,15,309
22.5,14,13,0,290
22.5,14,13,1,291
22.5,14,13,2,292
22.5,14,13,3,294
22.5,14,13,4,295
22.5,14,13,5,297
22.5,14,13,6,298
22.5,14,13,7,299
22.5,14,13,8,301
22.5,14,13,9,302
22.5,14,13,10,303
22.5,14,13,11,305
22.5,14,13,12,306
22.5,14,13,13,307
22.5,14,13,14,309
22.5,14,13,15,310
22.5,14,14,0,291
22.5,14,14,1,292
22.5,14,14,2,294
22.5,14,14,3,295
22.5,14,14,4,297
22.5,14,14,5,298
22.5,14,14,6,299
22.5,14,14,7,301
22.5,14,14,8,302
22.5,14,14,9,304
22.5,14,14,10,305
22.5,14,14,11,306
22.5,14,14,12,308
22.5,14,14,13,309
22.5,14,14,14,310
22.5,14,14,15,312
22.5,14,15,0,293
22.5,14,15,1,294
22.5,14,15,2,295
22.5,14,15,3,297
22.5,14,15,4,298
22.5,14,15,5,300
22.5,14,15,6,301
22.5,14,15,7,302
22.5,14,15,8,304
22.5,14,15,9,305
22.5,14,15,10,307
22.5,14,15,11,308
22.5,14,15,12,309
22.5,14,15,13,311
22.5,14,15,14,312
22.5,14,15,15,313
22.5,15,0,0,273
22.5,15,0,1,274
22.5,15,0,2,276
22.5,15,0,3,277
22.5,15,0,4,278
22.5,15,0,5,280
22.5,15,0,6,281
22.5,15,0,7,282
22.5,15,0,8,283
22.5,15,0,9,285
22.5,15,0,10,286
22.5,15,0,11,287
22.5,15,0,12,289
22.5,15,0,13,290
22.5,15,0,14,291
22.5,15,0,15,292
22.5,15,1,0,275
22.5,15,1,1,276
22.5,15,1,2,277
22.5,15,1,3,279
22.5,15,1,4,280
22.5,15,1,5,281
22.5,15,1,6,282
22.5,15,1,7,284
22.5,15,1,8,285
22.5,15,1,9,286
22.5,15,1,10,288
22.5,15,1,11,289
22.5,15,1,12,290
22.5,15,1,13,292
22.5,15,1,14,293
22.5,15,1,15,294
22.5,15,2,0,276
22.5,15,2,1,278
22.5,15,2,2,279
22.5,15,2,3,280
22.5,15,2,4,282
22.5,15,2,5,283
22.5,15,2,6,284
22.5,15,2,7,285
22.5,15,2,8,287
22.5,15,2,9,288
22.5,15,2,10,289
22.5,15,2,11,291
22.5,15,2,12,292
22.5,15,2,13,293
22.5,15,2,14,295
22.5,15,2,15,296
22.5,15,3,0,278
22.5,15,3,1,279
22.5,15,3,2,280
22.5,15,3,3,282
22.5,15,3,4,283
22.5,15,3,5,285
22.5,15,3,6,286
22.5,15,3,7,287
22.5,15,3,8,288
22.5,15,3,9,290
22.5,15,3,10,291
22.5,15,3,11,292
22.5,15,3,12,294
22.5,15,3,13,295
22.5,15,3,14,296
22.5,15,3,15,298
22.5,15,4,0,279
22.5,15,4,1,281
22.5,15,4,2,282
22.5,15,4,3,283
22.5,15,4,4,285
22.5,15,4,5,286
22.5,15,4,6,288
22.5,15,4,7,289
22.5,15,4,8,290
22.5,15,4,9,291
22.5,15,4,10,293
22.5,15,4,11,294
22.5,15,4,12,295
22.5,15,4,13,297
22.5,15,4,14,298
22.5,15,4,15,299
22.5,15,5,0,281
22.5,15,5,1,282
22.5,15,5,2,284
22.5,15,5,3,285
22.5,15,5,4,286
22.5,15,5,5,288
22.5,15,5,6,289
22.5,15,5,7,290
22.5,15,5,8,292
22.5,15,5,9,293
22.5,15,5,10,294
22.5,15,5,11,296
22.5,15,5,12,297
22.5,15,5,13,298
22.5,15,5,14,300
22.5,15,5,15,301
22.5,15,6,0,283
22.5,15,6,1,284
22.5,15,6,2,285
22.5,15,6,3,287
22.5,15,6,4,288
22.5,15,6,5,289
22.5,15,6,6,291
22.5,15,6,7,292
22.5,15,6,8,293
22.5,15,6,9,295
22.5,15,6,10,296
22.5,15,6,11,297
22.5,15,6,12,299
22.5,15,6,13,300
22.5,15,6,14,301
22.5,15,6,15,303
22.5,15,7,0,284
22.5,15,7,1,286
22.5,15,7,2,287
22.5,15,7,3,288
22.5,15,7,4,290
22.5,15,7,5,291
22.5,15,7,6,292
22.5,15,7,7,294
22.5,15,7,8,295
22.5,15,7,9,296
22.5,15,7,10,298
22.5,15,7,11,299
22.5,15,7,12,300
22.5,15,7,13,302
22.5,15,7,14,303
22.5,15,7,15,304
22.5,15,8,0,286
22.5,15,8,1,287
22.5,15,8,2,289
22.5,15,8,3,290
22.5,15,8,4,291
22.5,15,8,5,293
22.5,15,8,6,294
22.5,15,8,7,295
22.5,15,8,8,297
22.5,15,8,9,298
22.5,15,8,10,299
22.5,15,8,11,301
22.5,15,8,12,302
22.5,15,8,13,303
22.5,15,8,14,305
22.5,15,8,15,306
22.5,15,9,0,287
22.5,15,9,1,289
22.5,15,9,2,290
22.5,15,9,3,292
22.5,15,9,4,293
22.5,15,9,5,294
22.5,15,9,6,296
22.5,15,9,7,297
22.5,15,9,8,298
22.5,15,9,9,300
22.5,15,9,10,301
22.5,15,9,11,302
22.5,15,9,12,304
22.5,15,9,13,305
22.5,15,9,14,306
22.5,15,9,15,308
22.5,15,10,0,289
22.5,15,10,1,290
22.5,15,10,2,292
22.5,15,10,3,293
22.5,15,10,4,295
22.5,15,10,5,296
22.5,15,10,6,297
22.5,15,10,7,299
22.5,15,10,8,300
22.5,15,10,9,301
22.5,15,10,10,303
22.5,15,10,11,304
22.5,15,10,12,305
22.5,15,10,13,307
22.5,15,10,14,308
22.5,15,10,15,309
22.5,15,11,0,290
22.5,15,11,1,292
22.5,15,11,2,293
22.5,15,11,3,295
22.5,15,11,4,296
22.5,15,11,5,297
22.5,15,11,6,299
22.5,15,11,7,300
22.5,15,11,8,302
22.5,15,11,9,303
22.5,15,11,10,304
22.5,15,11,11,306
22.5,15,11,12,307
22.5,15,11,13,308
22.5,15,11,14,310
22.5,15,11,15,311
22.5,15,12,0,292
22.5,15,12,1,293
22.5,15,12,2,295
22.5,15,12,3,296
22.5,15,12,4,298
22.5,15,12,5,299
22.5,15,12,6,300
22.5,15,12,7,302
22.5,15,12,8,303
22.5,15,12,9,305
22.5,15,12,10,306
22.5,15,12,11,307
22.5,15,12,12,309
22.5,15,12,13,310
22.5,15,12,14,311
22.5,15,12,15,313
22.5,15,13,0,294
22.5,15,13,1,295
22.5,15,13,2,296
22.5,15,13,3,298
22.5,15,13,4,299
22.5,15,13,5,301
22.5,15,13,6,302
22.5,15,13,7,303
22.5,15,13,8,305
22.5,15,13,9,306
22.5,15,13,10,308
22.5,15,13,11,309
22.5,15,13,12,310
22.5,15,13,13,312
22.5,15,13,14,313
22.5,15,13,15,314
22.5,15,14,0,295
22.5,15,14,1,296
22.5,15,14,2,298
22.5,15,14,3,299
22.5,15,14,4,301
22.5,15,14,5,302
22.5,15,14,6,304
22.5,15,14,7,305
22.5,15,14,8,306
22.5,15,14,9,308
22.5,15,14,10,309
22.5,15,14,11,311
22.5,15,14,12,312
22.5,15,14,13,313
22.5,15,14,14,315
22.5,15,14,15,316
22.5,15,15,0,297
22.5,15,15,1,298
22.5,15,15,2,299
22.5,15,15,3,301
22.5,15,15,4,302
22.5,15,15,5,304
22.5,15,15,6,305
22.5,15,15,7,307
22.5,15,15,8,308
22.5,15,15,9,309
22.5,15,15,10,311
22.5,15,15,11,312
22.5,15,15,12,314
22.5,15,15,13,315
22.5,15,15,14,316
22.5,15,15,15,318
23.0,0,0,0,222
23.0,0,0,1,223
23.0,0,0,2,224
23.0,0,0,3,226
23.0,0,0,4,227
23.0,0,0,5,228
23.0,0,0,6,229
23.0,0,0,7,230
23.0,0,0,8,231
23.0,0,0,9,232
23.0,0,0,10,233
23.0,0,0,11,234
23.0,0,0,12,235
23.0,0,0,13,236
23.0,0,0,14,237
23.0,0,0,15,238
23.0,0,1,0,224
23.0,0,1,1,225
23.0,0,1,2,226
23.0,0,1,3,227
23.0,0,1,4,228
23.0,0,1,5,229
23.0,0,1,6,230
23.0,0,1,7,231
23.0,0,1,8,232
23.0,0,1,9,233
23.0,0,1,10,234
23.0,0,1,11,235
23.0,0,1,12,236
23.0,0,1,13,238
23.0,0,1,14,239
23.0,0,1,15,240
23.0,0,2,0,225
23.0,0,2,1,226
23.0,0,2,2,227
23.0,0,2,3,228
23.0,0,2,4,229
23.0,0,2,5,230
23.0,0,2,6,232
23.0,0,2,7,233
23.0,0,2,8,234
23.0,0,2,9,235
23.0,0,2,10,236
23.0,0,2,11,237
23.0,0,2,12,238
23.0,0,2,13,239
23.0,0,2,14,240
23.0,0,2,15,241
23.0,0,3,0,226
23.0,0,3,1,227
23.0,0,3,2,229
23.0,0,3,3,230
23.0,0,3,4,231
23.0,0,3,5,232
23.0,0,3,6,233
23.0,0,3,7,234
23.0,0,3,8,235
23.0,0,3,9,236
23.0,0,3,10,237
23.0,0,3,11,238
23.0,0,3,12,239
23.0,0,3,13,240
23.0,0,3,14,241
23.0,0,3,15,242
23.0,0,4,0,228
23.0,0,4,1,229
23.0,0,4,2,230
23.0,0,4,3,231
23.0,0,4,4,232
23.0,0,4,5,233
23.0,0,4,6,234
23.0,0,4,7,235
23.0,0,4,8,236
23.0,0,4,9,237
23.0,0,4,10,239
23.0,0,4,11,240
23.0,0,4,12,241
23.0,0,4,13,242
23.0,0,4,14,243
23.0,0,4,15,244
23.0,0,5,0,229
23.0,0,5,1,230
23.0,0,5,2,231
23.0,0,5,3,232
23.0,0,5,4,233
23.0,0,5,5,234
23.0,0,5,6,236
23.0,0,5,7,237
23.0,0,5,8,238
23.0,0,5,9,239
23.0,0,5,10,240
23.0,0,5,11,241
23.0,0,5,12,242
23.0,0,5,13,243
23.0,0,5,14,244
23.0,0,5,15,245
23.0,0,6,0,230
23.0,0,6,1,231
23.0,0,6,2,232
23.0,0,6,3,234
23.0,0,6,4,235
23.0,0,6,5,236
23.0,0,6,6,237
23.0,0,6,7,238
23.0,0,6,8,239
23.0,0,6,9,240
23.0,0,6,10,241
23.0,0,6,11,242
23.0,0,6,12,243
23.0,0,6,13,244
23.0,0,6,14,246
23.0,0,6,15,247
23.0,0,7,0,232
23.0,0,7,1,233
23.0,0,7,2,234
23.0,0,7,3,235
23.0,0,7,4,236
23.0,0,7,5,237
23.0,0,7,6,238
23.0,0,7,7,239
23.0,0,7,8,240
23.0,0,7,9,242
23.0,0,7,10,243
23.0,0,7,11,244
23.0,0,7,12,245
23.0,0,7,13,246
23.0,0,7,14,247
23.0,0,7,15,248
23.0,0,8,0,233
23.0,0,8,1,234
23.0,0,8,2,235
23.0,0,8,3,236
23.0,0,8,4,237
23.0,0,8,5,238
23.0,0,8,6,240
23.0,0,8,7,241
23.0,0,8,8,242
23.0,0,8,9,243
23.0,0,8,10,244
23.0,0,8,11,245
23.0,0,8,12,246
23.0,0,8,13,247
23.0,0,8,14,248
23.0,0,8,15,249
23.0,0,9,0,234
23.0,0,9,1,235
23.0,0,9,2,236
23.0,0,9,3,238
23.0,0,9,4,239
23.0,0,9,5,240
23.0,0,9,6,241
23.0,0,9,7,242
23.0,0,9,8,243
23.0,0,9,9,244
23.0,0,9,10,245
23.0,0,9,11,246
23.0,0,9,12,247
23.0,0,9,13,249
23.0,0,9,14,250
23.0,0,9,15,251
23.0,0,10,0,235
23.0,0,10,1,237
23.0,0,10,2,238
23.0,0,10,3,239
23.0,0,10,4,240
23.0,0,10,5,241
23.0,0,10,6,242
23.0,0,10,7,243
23.0,0,10,8,244
23.0,0,10,9,246
23.0,0,10,10,247
23.0,0,10,11,248
23.0,0,10,12,249
23.0,0,10,13,250
23.0,0,10,14,251
23.0,0,10,15,252
23.0,0,11,0,237
23.0,0,11,1,238
23.0,0,11,2,239
23.0,0,11,3,240
23.0,0,11,4,241
23.0,0,11,5,242
23.0,0,11,6,243
23.0,0,11,7,245
23.0,0,11,8,246
23.0,0,11,9,247
23.0,0,11,10,248
23.0,0,11,11,249
23.0,0,11,12,250
23.0,0,11,13,251
23.0,0,11,14,252
23.0,0,11,15,253
23.0,0,12,0,238
23.0,0,12,1,239
23.0,0,12,2,240
23.0,0,12,3,241
23.0,0,12,4,243
23.0,0,12,5,244
23.0,0,12,6,245
23.0,0,12,7,246
23.0,0,12,8,247
23.0,0,12,9,248
23.0,0,12,10,249
23.0,0,12,11,250
23.0,0,12,12,252
23.0,0,12,13,253
23.0,0,12,14,254
23.0,0,12,15,255
23.0,0,13,0,239
23.0,0,13,1,240
23.0,0,13,2,241
23.0,0,13,3,243
23.0,0,13,4,244
23.0,0,13,5,245
23.0,0,13,6,246
23.0,0,13,7,247
23.0,0,13,8,248
23.0,0,13,9,249
23.0,0,13,10,251
23.0,0,13,11,252
23.0,0,13,12,253
23.0,0,13,13,254
23.0,0,13,14,255
23.0,0,13,15,256
23.0,0,14,0,240
23.0,0,14,1,242
23.0,0,14,2,243
23.0,0,14,3,244
23.0,0,14,4,245
23.0,0,14,5,246
23.0,0,14,6,247
23.0,0,14,7,248
23.0,0,14,8,250
23.0,0,14,9,251
23.0,0,14,10,252
23.0,0,14,11,253
23.0,0,14,12,254
23.0,0,14,13,255
23.0,0,14,14,256
23.0,0,14,15,257
23.0,0,15,0,242
23.0,0,15,1,243
23.0,0,15,2,244
23.0,0,15,3,245
23.0,0,15,4,246
23.0,0,15,5,247
23.0,0,15,6,249
23.0,0,15,7,250
23.0,0,15,8,251
23.0,0,15,9,252
23.0,0,15,10,253
23.0,0,15,11,254
23.0,0,15,12,255
23.0,0,15,13,257
23.0,0,15,14,258
23.0,0,15,15,259
23.0,1,0,0,226
23.0,1,0,1,227
23.0,1,0,2,228
23.0,1,0,3,229
23.0,1,0,4,230
23.0,1,0,5,232
23.0,1,0,6,233
23.0,1,0,7,234
23.0,1,0,8,235
23.0,1,0,9,236
23.0,1,0,10,237
23.0,1,0,11,238
23.0,1,0,12,239
23.0,1,0,13,240
23.0,1,0,14,241
23.0,1,0,15,242
23.0,1,1,0,227
23.0,1,1,1,229
23.0,1,1,2,230
23.0,1,1,3,231
23.0,1,1,4,232
23.0,1,1,5,233
23.0,1,1,6,234
23.0,1,1,7,235
23.0,1,1,8,236
23.0,1,1,9,237
23.0,1,1,10,238
23.0,1,1,11,239
23.0,1,1,12,240
23.0,1,1,13,242
23.0,1,1,14,243
23.0,1,1,15,244
23.0,1,2,0,229
23.0,1,2,1,230
23.0,1,2,2,231
23.0,1,2,3,232
23.0,1,2,4,233
23.0,1,2,5,234
23.0,1,2,6,235
23.0,1,2,7,237
23.0,1,2,8,238
23.0,1,2,9,239
23.0,1,2,10,240
23.0,1,2,11,241
23.0,1,2,12,242
23.0,1,2,13,243
23.0,1,2,14,244
23.0,1,2,15,245
23.0,1,3,0,230
23.0,1,3,1,231
23.0,1,3,2,232
23.0,1,3,3,234
23.0,1,3,4,235
23.0,1,3,5,236
23.0,1,3,6,237
23.0,1,3,7,238
23.0,1,3,8,239
23.0,1,3,9,240
23.0,1,3,10,241
23.0,1,3,11,242
23.0,1,3,12,243
23.0,1,3,13,244
23.0,1,3,14,245
23.0,1,3,15,247
23.0,1,4,0,231
23.0,1,4,1,233
23.0,1,4,2,234
23.0,1,4,3,235
23.0,1,4,4,236
23.0,1,4,5,237
23.0,1,4,6,238
23.0,1,4,7,239
23.0,1,4,8,240
23.0,1,4,9,242
23.0,1,4,10,243
23.0,1,4,11,244
23.0,1,4,12,245
23.0,1,4,13,246
23.0,1,4,14,247
23.0,1,4,15,248
23.0,1,5,0,233
23.0,1,5,1,234
23.0,1,5,2,235
23.0,1,5,3,236
23.0,1,5,4,237
23.0,1,5,5,238
23.0,1,5,6,240
23.0,1,5,7,241
23.0,1,5,8,242
23.0,1,5,9,243
23.0,1,5,10,244
23.0,1,5,11,245
23.0,1,5,12,246
23.0,1,5,13,247
23.0,1,5,14,248
23.0,1,5,15,249
23.0,1,6,0,234
23.0,1,6,1,235
23.0,1,6,2,236
23.0,1,6,3,238
23.0,1,6,4,239
23.0,1,6,5,240
23.0,1,6,6,241
23.0,1,6,7,242
23.0,1,6,8,243
23.0,1,6,9,244
23.0,1,6,10,245
23.0,1,6,11,246
23.0,1,6,12,248
23.0,1,6,13,249
23.0,1,6,14,250
23.0,1,6,15,251
23.0,1,7,0,235
23.0,1,7,1,237
23.0,1,7,2,238
23.0,1,7,3,239
23.0,1,7,4,240
23.0,1,7,5,241
23.0,1,7,6,242
23.0,1,7,7,243
23.0,1,7,8,245
23.0,1,7,9,246
23.0,1,7,10,247
23.0,1,7,11,248
23.0,1,7,12,249
23.0,1,7,13,250
23.0,1,7,14,251
23.0,1,7,15,252
23.0,1,8,0,237
23.0,1,8,1,238
23.0,1,8,2,239
23.0,1,8,3,240
23.0,1,8,4,241
23.0,1,8,5,243
23.0,1,8,6,244
23.0,1,8,7,245
23.0,1,8,8,246
23.0,1,8,9,247
23.0,1,8,10,248
23.0,1,8,11,249
23.0,1,8,12,250
23.0,1,8,13,251
23.0,1,8,14,253
23.0,1,8,15,254
23.0,1,9,0,238
23.0,1,9,1,239
23.0,1,9,2,240
23.0,1,9,3,242
23.0,1,9,4,243
23.0,1,9,5,244
23.0,1,9,6,245
23.0,1,9,7,246
23.0,1,9,8,247
23.0,1,9,9,248
23.0,1,9,10,249
23.0,1,9,11,251
23.0,1,9,12,252
23.0,1,9,13,253
23.0,1,9,14,254
23.0,1,9,15,255
23.0,1,10,0,239
23.0,1,10,1,241
23.0,1,10,2,242
23.0,1,10,3,243
23.0,1,10,4,244
23.0,1,10,5,245
23.0,1,10,6,246
23.0,1,10,7,247
23.0,1,10,8,249
23.0,1,10,9,250
23.0,1,10,10,251
23.0,1,10,11,252
23.0,1,10,12,253
23.0,1,10,13,254
23.0,1,10,14,255
23.0,1,10,15,256
23.0,1,11,0,241
23.0,1,11,1,242
23.0,1,11,2,243
23.0,1,11,3,244
23.0,1,11,4,245
23.0,1,11,5,246
23.0,1,11,6,248
23.0,1,11,7,249
23.0,1,11,8,250
23.0,1,11,9,251
23.0,1,11,10,252
23.0,1,11,11,253
23.0,1,11,12,254
23.0,1,11,13,256
23.0,1,11,14,257
23.0,1,11,15,258
23.0,1,12,0,242
23.0,1,12,1,243
23.0,1,12,2,244
23.0,1,12,3,245
23.0,1,12,4,247
23.0,1,12,5,248
23.0,1,12,6,249
23.0,1,12,7,250
23.0,1,12,8,251
23.0,1,12,9,252
23.0,1,12,10,254
23.0,1,12,11,255
23.0,1,12,12,256
23.0,1,12,13,257
23.0,1,12,14,258
23.0,1,12,15,259
23.0,1,13,0,243
23.0,1,13,1,244
23.0,1,13,2,246
23.0,1,13,3,247
23.0,1,13,4,248
23.0,1,13,5,249
23.0,1,13,6,250
23.0,1,13,7,251
23.0,1,13,8,253
23.0,1,13,9,254
23.0,1,13,10,255
23.0,1,13,11,256
23.0,1,13,12,257
23.0,1,13,13,258
23.0,1,13,14,259
23.0,1,13,15,260
23.0,1,14,0,244
23.0,1,14,1,246
23.0,1,14,2,247
23.0,1,14,3,248
23.0,1,14,4,249
23.0,1,14,5,250
23.0,1,14,6,252
23.0,1,14,7,253
23.0,1,14,8,254
23.0,1,14,9,255
23.0,1,14,10,256
23.0,1,14,11,257
23.0,1,14,12,258
23.0,1,14,13,260
23.0,1,14,14,261
23.0,1,14,15,262
23.0,1,15,0,246
23.0,1,15,1,247
23.0,1,15,2,248
23.0,1,15,3,249
23.0,1,15,4,250
23.0,1,15,5,252
23.0,1,15,6,253
23.0,1,15,7,254
23.0,1,15,8,255
23.0,1,15,9,256
23.0,1,15,10,257
23.0,1,15,11,259
23.0,1,15,12,260
23.0,1,15,13,261
23.0,1,15,14,262
23.0,1,15,15,263
23.0,2,0,0,230
23.0,2,0,1,231
23.0,2,0,2,232
23.0,2,0,3,233
23.0,2,0,4,234
23.0,2,0,5,235
23.0,2,0,6,237
23.0,2,0,7,238
23.0,2,0,8,239
23.0,2,0,9,240
23.0,2,0,10,241
23.0,2,0,11,242
23.0,2,0,12,243
23.0,2,0,13,244
23.0,2,0,14,245
23.0,2,0,15,246
23.0,2,1,0,231
23.0,2,1,1,232
23.0,2,1,2,234
23.0,2,1,3,235
23.0,2,1,4,236
23.0,2,1,5,237
23.0,2,1,6,238
23.0,2,1,7,239
23.0,2,1,8,240
23.0,2,1,9,241
23.0,2,1,10,242
23.0,2,1,11,243
23.0,2,1,12,245
23.0,2,1,13,246
23.0,2,1,14,247
23.0,2,1,15,248
23.0,2,2,0,233
23.0,2,2,1,234
23.0,2,2,2,235
23.0,2,2,3,236
23.0,2,2,4,237
23.0,2,2,5,238
23.0,2,2,6,239
23.0,2,2,7,240
23.0,2,2,8,242
23.0,2,2,9,243
23.0,2,2,10,244
23.0,2,2,11,245
23.0,2,2,12,246
23.0,2,2,13,247
23.0,2,2,14,248
23.0,2,2,15,249
23.0,2,3,0,234
23.0,2,3,1,235
23.0,2,3,2,236
23.0,2,3,3,237
23.0,2,3,4,239
23.0,2,3,5,240
23.0,2,3,6,241
23.0,2,3,7,242
23.0,2,3,8,243
23.0,2,3,9,244
23.0,2,3,10,245
23.0,2,3,11,246
23.0,2,3,12,247
23.0,2,3,13,248
23.0,2,3,14,250
23.0,2,3,15,251
23.0,2,4,0,235
23.0,2,4,1,237
23.0,2,4,2,238
23.0,2,4,3,239
23.0,2,4,4,240
23.0,2,4,5,241
23.0,2,4,6,242
23.0,2,4,7,243
23.0,2,4,8,244
23.0,2,4,9,246
23.0,2,4,10,247
23.0,2,4,11,248
23.0,2,4,12,249
23.0,2,4,13,250
23.0,2,4,14,251
23.0,2,4,15,252
23.0,2,5,0,237
23.0,2,5,1,238
23.0,2,5,2,239
23.0,2,5,3,240
23.0,2,5,4,241
23.0,2,5,5,242
23.0,2,5,6,244
23.0,2,5,7,245
23.0,2,5,8,246
23.0,2,5,9,247
23.0,2,5,10,248
23.0,2,5,11,249
23.0,2,5,12,250
23.0,2,5,13,251
23.0,2,5,14,252
23.0,2,5,15,254
23.0,2,6,0,238
23.0,2,6,1,239
23.0,2,6,2,240
23.0,2,6,3,242
23.0,2,6,4,243
23.0,2,6,5,244
23.0,2,6,6,245
23.0,2,6,7,246
23.0,2,6,8,247
23.0,2,6,9,248
23.0,2,6,10,249
23.0,2,6,11,251
23.0,2,6,12,252
23.0,2,6,13,253
23.0,2,6,14,254
23.0,2,6,15,255
23.0,2,7,0,239
23.0,2,7,1,241
23.0,2,7,2,242
23.0,2,7,3,243
23.0,2,7,4,244
23.0,2,7,5,245
23.0,2,7,6,246
23.0,2,7,7,247
23.0,2,7,8,249
23.0,2,7,9,250
23.0,2,7,10,251
23.0,2,7,11,252
23.0,2,7,12,253
23.0,2,7,13,254
23.0,2,7,14,255
23.0,2,7,15,256
23.0,2,8,0,241
23.0,2,8,1,242
23.0,2,8,2,243
23.0,2,8,3,244
23.0,2,8,4,245
23.0,2,8,5,247
23.0,2,8,6,248
23.0,2,8,7,249
23.0,2,8,8,250
23.0,2,8,9,251
23.0,2,8,10,252
23.0,2,8,11,253
23.0,2,8,12,255
23.0,2,8,13,256
23.0,2,8,14,257
23.0,2,8,15,258
23.0,2,9,0,242
23.0,2,9,1,243
23.0,2,9,2,244
23.0,2,9,3,246
23.0,2,9,4,247
23.0,2,9,5,248
23.0,2,9,6,249
23.0,2,9,7,250
23.0,2,9,8,251
23.0,2,9,9,253
23.0,2,9,10,254
23.0,2,9,11,255
23.0,2,9,12,256
23.0,2,9,13,257
23.0,2,9,14,258
23.0,2,9,15,259
23.0,2,10,0,243
23.0,2,10,1,245
23.0,2,10,2,246
23.0,2,10,3,247
23.0,2,10,4,248
23.0,2,10,5,249
23.0,2,10,6,250
23.0,2,10,7,252
23.0,2,10,8,253
23.0,2,10,9,254
23.0,2,10,10,255
23.0,2,10,11,256
23.0,2,10,12,257
23.0,2,10,13,258
23.0,2,10,14,260
23.0,2,10,15,261
23.0,2,11,0,245
23.0,2,11,1,246
23.0,2,11,2,247
23.0,2,11,3,248
23.0,2,11,4,249
23.0,2,11,5,251
23.0,2,11,6,252
23.0,2,11,7,253
23.0,2,11,8,254
23.0,2,11,9,255
23.0,2,11,10,256
23.0,2,11,11,258
23.0,2,11,12,259
23.0,2,11,13,260
23.0,2,11,14,261
23.0,2,11,15,262
23.0,2,12,0,246
23.0,2,12,1,247
23.0,2,12,2,248
23.0,2,12,3,250
23.0,2,12,4,251
23.0,2,12,5,252
23.0,2,12,6,253
23.0,2,12,7,254
23.0,2,12,8,255
23.0,2,12,9,257
23.0,2,12,10,258
23.0,2,12,11,259
23.0,2,12,12,260
23.0,2,12,13,261
23.0,2,12,14,262
23.0,2,12,15,263
23.0,2,13,0,247
23.0,2,13,1,248
23.0,2,13,2,250
23.0,2,13,3,251
23.0,2,13,4,252
23.0,2,13,5,253
23.0,2,13,6,254
23.0,2,13,7,256
23.0,2,13,8,257
23.0,2,13,9,258
23.0,2,13,10,259
23.0,2,13,11,260
23.0,2,13,12,261
23.0,2,13,13,263
23.0,2,13,14,264
23.0,2,13,15,265
23.0,2,14,0,249
23.0,2,14,1,250
23.0,2,14,2,251
23.0,2,14,3,252
23.0,2,14,4,253
23.0,2,14,5,255
23.0,2,14,6,256
23.0,2,14,7,257
23.0,2,14,8,258
23.0,2,14,9,259
23.0,2,14,10,260
23.0,2,14,11,262
23.0,2,14,12,263
23.0,2,14,13,264
23.0,2,14,14,265
23.0,2,14,15,266
23.0,2,15,0,250
23.0,2,15,1,251
23.0,2,15,2,252
23.0,2,15,3,253
23.0,2,15,4,255
23.0,2,15,5,256
23.0,2,15,6,257
23.0,2,15,7,258
23.0,2,15,8,259
23.0,2,15,9,261
23.0,2,15,10,262
23.0,2,15,11,263
23.0,2,15,12,264
23.0,2,15,13,265
23.0,2,15,14,266
23.0,2,15,15,268
23.0,3,0,0,234
23.0,3,0,1,235
23.0,3,0,2,236
23.0,3,0,3,237
23.0,3,0,4,238
23.0,3,0,5,239
23.0,3,0,6,240
23.0,3,0,7,242
23.0,3,0,8,243
23.0,3,0,9,244
23.0,3,0,10,245
23.0,3,0,11,246
23.0,3,0,12,247
23.0,3,0,13,248
23.0,3,0,14,249
23.0,3,0,15,250
23.0,3,1,0,235
23.0,3,1,1,236
23.0,3,1,2,237
23.0,3,1,3,238
23.0,3,1,4,240
23.0,3,1,5,241
23.0,3,1,6,242
23.0,3,1,7,243
23.0,3,1,8,244
23.0,3,1,9,245
23.0,3,1,10,246
23.0,3,1,11,247
23.0,3,1,12,249
23.0,3,1,13,250
23.0,3,1,14,251
23.0,3,1,15,252
23.0,3,2,0,236
23.0,3,2,1,238
23.0,3,2,2,239
23.0,3,2,3,240
23.0,3,2,4,241
23.0,3,2,5,242
23.0,3,2,6,243
23.0,3,2,7,244
23.0,3,2,8,246
23.0,3,2,9,247
23.0,3,2,10,248
23.0,3,2,11,249
23.0,3,2,12,250
23.0,3,2,13,251
23.0,3,2,14,252
23.0,3,2,15,253
23.0,3,3,0,238
23.0,3,3,1,239
23.0,3,3,2,240
23.0,3,3,3,241
23.0,3,3,4,242
23.0,3,3,5,244
23.0,3,3,6,245
23.0,3,3,7,246
23.0,3,3,8,247
23.0,3,3,9,248
23.0,3,3,10,249
23.0,3,3,11,250
23.0,3,3,12,251
23.0,3,3,13,253
23.0,3,3,14,254
23.0,3,3,15,255
23.0,3,4,0,239
23.0,3,4,1,240
23.0,3,4,2,242
23.0,3,4,3,243
23.0,3,4,4,244
23.0,3,4,5,245
23.0,3,4,6,246
23.0,3,4,7,247
23.0,3,4,8,248
23.0,3,4,9,250
23.0,3,4,10,251
23.0,3,4,11,252
23.0,3,4,12,253
23.0,3,4,13,254
23.0,3,4,14,255
23.0,3,4,15,256
23.0,3,5,0,241
23.0,3,5,1,242
23.0,3,5,2,243
23.0,3,5,3,244
23.0,3,5,4,245
23.0,3,5,5,246
23.0,3,5,6,248
23.0,3,5,7,249
23.0,3,5,8,250
23.0,3,5,9,251
23.0,3,5,10,252
23.0,3,5,11,253
23.0,3,5,12,254
23.0,3,5,13,255
23.0,3,5,14,257
23.0,3,5,15,258
23.0,3,6,0,242
23.0,3,6,1,243
23.0,3,6,2,244
23.0,3,6,3,245
23.0,3,6,4,247
23.0,3,6,5,248
23.0,3,6,6,249
23.0,3,6,7,250
23.0,3,6,8,251
23.0,3,6,9,252
23.0,3,6,10,254
23.0,3,6,11,255
23.0,3,6,12,256
23.0,3,6,13,257
23.0,3,6,14,258
23.0,3,6,15,259
23.0,3,7,0,243
23.0,3,7,1,245
23.0,3,7,2,246
23.0,3,7,3,247
23.0,3,7,4,248
23.0,3,7,5,249
23.0,3,7,6,250
23.0,3,7,7,252
23.0,3,7,8,253
23.0,3,7,9,254
23.0,3,7,10,255
23.0,3,7,11,256
23.0,3,7,12,257
23.0,3,7,13,258
23.0,3,7,14,260
23.0,3,7,15,261
23.0,3,8,0,245
23.0,3,8,1,246
23.0,3,8,2,247
23.0,3,8,3,248
23.0,3,8,4,249
23.0,3,8,5,251
23.0,3,8,6,252
23.0,3,8,7,253
23.0,3,8,8,254
23.0,3,8,9,255
23.0,3,8,10,256
23.0,3,8,11,258
23.0,3,8,12,259
23.0,3,8,13,260
23.0,3,8,14,261
23.0,3,8,15,262
23.0,3,9,0,246
23.0,3,9,1,247
23.0,3,9,2,248
23.0,3,9,3,250
23.0,3,9,4,251
23.0,3,9,5,252
23.0,3,9,6,253
23.0,3,9,7,254
23.0,3,9,8,255
23.0,3,9,9,257
23.0,3,9,10,258
23.0,3,9,11,259
23.0,3,9,12,260
23.0,3,9,13,261
23.0,3,9,14,262
23.0,3,9,15,264
23.0,3,10,0,247
23.0,3,10,1,249
23.0,3,10,2,250
23.0,3,10,3,251
23.0,3,10,4,252
23.0,3,10,5,253
23.0,3,10,6,255
23.0,3,10,7,256
23.0,3,10,8,257
23.0,3,10,9,258
23.0,3,10,10,259
23.0,3,10,11,260
23.0,3,10,12,262
23.0,3,10,13,263
23.0,3,10,14,264
23.0,3,10,15,265
23.0,3,11,0,249
23.0,3,11,1,250
23.0,3,11,2,251
23.0,3,11,3,252
23.0,3,11,4,254
23.0,3,11,5,255
23.0,3,11,6,256
23.0,3,11,7,257
23.0,3,11,8,258
23.0,3,11,9,259
23.0,3,11,10,261
23.0,3,11,11,262
23.0,3,11,12,263
23.0,3,11,13,264
23.0,3,11,14,265
23.0,3,11,15,266
23.0,3,12,0,250
23.0,3,12,1,251
23.0,3,12,2,252
23.0,3,12,3,254
23.0,3,12,4,255
23.0,3,12,5,256
23.0,3,12,6,257
23.0,3,12,7,258
23.0,3,12,8,260
23.0,3,12,9,261
23.0,3,12,10,262
23.0,3,12,11,263
23.0,3,12,12,264
23.0,3,12,13,265
23.0,3,12,14,267
23.0,3,12,15,268
23.0,3,13,0,251
23.0,3,13,1,253
23.0,3,13,2,254
23.0,3,13,3,255
23.0,3,13,4,256
23.0,3,13,5,257
23.0,3,13,6,259
23.0,3,13,7,260
23.0,3,13,8,261
23.0,3,13,9,262
23.0,3,13,10,263
23.0,3,13,11,265
23.0,3,13,12,266
23.0,3,13,13,267
23.0,3,13,14,268
23.0,3,13,15,269
23.0,3,14,0,253
23.0,3,14,1,254
23.0,3,14,2,255
23.0,3,14,3,256
23.0,3,14,4,258
23.0,3,14,5,259
23.0,3,14,6,260
23.0,3,14,7,261
23.0,3,14,8,262
23.0,3,14,9,264
23.0,3,14,10,265
23.0,3,14,11,266
23.0,3,14,12,267
23.0,3,14,13,268
23.0,3,14,14,269
23.0,3,14,15,271
23.0,3,15,0,254
23.0,3,15,1,255
23.0,3,15,2,256
23.0,3,15,3,258
23.0,3,15,4,259
23.0,3,15,5,260
23.0,3,15,6,261
23.0,3,15,7,263
23.0,3,15,8,264
23.0,3,15,9,265
23.0,3,15,10,266
23.0,3,15,11,267
23.0,3,15,12,268
23.0,3,15,13,270
23.0,3,15,14,271
23.0,3,15,15,272
23.0,4,0,0,237
23.0,4,0,1,239
23.0,4,0,2,240
23.0,4,0,3,241
23.0,4,0,4,242
23.0,4,0,5,243
23.0,4,0,6,244
23.0,4,0,7,245
23.0,4,0,8,247
23.0,4,0,9,248
23.0,4,0,10,249
23.0,4,0,11,250
23.0,4,0,12,251
23.0,4,0,13,252
23.0,4,0,14,253
23.0,4,0,15,254
23.0,4,1,0,239
23.0,4,1,1,240
23.0,4,1,2,241
23.0,4,1,3,242
23.0,4,1,4,243
23.0,4,1,5,245
23.0,4,1,6,246
23.0,4,1,7,247
23.0,4,1,8,248
23.0,4,1,9,249
23.0,4,1,10,250
23.0,4,1,11,251
23.0,4,1,12,253
23.0,4,1,13,254
23.0,4,1,14,255
23.0,4,1,15,256
23.0,4,2,0,240
23.0,4,2,1,241
23.0,4,2,2,243
23.0,4,2,3,244
23.0,4,2,4,245
23.0,4,2,5,246
23.0,4,2,6,247
23.0,4,2,7,248
23.0,4,2,8,250
23.0,4,2,9,251
23.0,4,2,10,252
23.0,4,2,11,253
23.0,4,2,12,254
23.0,4,2,13,255
23.0,4,2,14,256
23.0,4,2,15,257
23.0,4,3,0,242
23.0,4,3,1,243
23.0,4,3,2,244
23.0,4,3,3,245
23.0,4,3,4,246
23.0,4,3,5,248
23.0,4,3,6,249
23.0,4,3,7,250
23.0,4,3,8,251
23.0,4,3,9,252
23.0,4,3,10,253
23.0,4,3,11,254
23.0,4,3,12,256
23.0,4,3,13,257
23.0,4,3,14,258
23.0,4,3,15,259
23.0,4,4,0,243
23.0,4,4,1,244
23.0,4,4,2,245
23.0,4,4,3,247
23.0,4,4,4,248
23.0,4,4,5,249
23.0,4,4,6,250
23.0,4,4,7,251
23.0,4,4,8,252
23.0,4,4,9,254
23.0,4,4,10,255
23.0,4,4,11,256
23.0,4,4,12,257
23.0,4,4,13,258
23.0,4,4,14,259
23.0,4,4,15,260
23.0,4,5,0,244
23.0,4,5,1,246
23.0,4,5,2,247
23.0,4,5,3,248
23.0,4,5,4,249
23.0,4,5,5,250
23.0,4,5,6,252
23.0,4,5,7,253
23.0,4,5,8,254
23.0,4,5,9,255
23.0,4,5,10,256
23.0,4,5,11,257
23.0,4,5,12,258
23.0,4,5,13,260
23.0,4,5,14,261
23.0,4,5,15,262
23.0,4,6,0,246
23.0,4,6,1,247
23.0,4,6,2,248
23.0,4,6,3,249
23.0,4,6,4,251
23.0,4,6,5,252
23.0,4,6,6,253
23.0,4,6,7,254
23.0,4,6,8,255
23.0,4,6,9,257
23.0,4,6,10,258
23.0,4,6,11,259
23.0,4,6,12,260
23.0,4,6,13,261
23.0,4,6,14,262
23.0,4,6,15,263
23.0,4,7,0,247
23.0,4,7,1,248
23.0,4,7,2,250
23.0,4,7,3,251
23.0,4,7,4,252
23.0,4,7,5,253
23.0,4,7,6,254
23.0,4,7,7,256
23.0,4,7,8,257
23.0,4,7,9,258
23.0,4,7,10,259
23.0,4,7,11,260
23.0,4,7,12,261
23.0,4,7,13,263
23.0,4,7,14,264
23.0,4,7,15,265
23.0,4,8,0,249
23.0,4,8,1,250
23.0,4,8,2,251
23.0,4,8,3,252
23.0,4,8,4,253
23.0,4,8,5,255
23.0,4,8,6,256
23.0,4,8,7,257
23.0,4,8,8,258
23.0,4,8,9,259
23.0,4,8,10,261
23.0,4,8,11,262
23.0,4,8,12,263
23.0,4,8,13,264
23.0,4,8,14,265
23.0,4,8,15,266
23.0,4,9,0,250
23.0,4,9,1,251
23.0,4,9,2,252
23.0,4,9,3,254
23.0,4,9,4,255
23.0,4,9,5,256
23.0,4,9,6,257
23.0,4,9,7,258
23.0,4,9,8,260
23.0,4,9,9,261
23.0,4,9,10,262
23.0,4,9,11,263
23.0,4,9,12,264
23.0,4,9,13,265
23.0,4,9,14,267
23.0,4,9,15,268
23.0,4,10,0,251
23.0,4,10,1,253
23.0,4,10,2,254
23.0,4,10,3,255
23.0,4,10,4,256
23.0,4,10,5,257
23.0,4,10,6,259
23.0,4,10,7,260
23.0,4,10,8,261
23.0,4,10,9,262
23.0,4,10,10,263
23.0,4,10,11,265
23.0,4,10,12,266
23.0,4,10,13,267
23.0,4,10,14,268
23.0,4,10,15,269
23.0,4,11,0,253
23.0,4,11,1,254
23.0,4,11,2,255
23.0,4,11,3,256
23.0,4,11,4,258
23.0,4,11,5,259
23.0,4,11,6,260
23.0,4,11,7,261
23.0,4,11,8,262
23.0,4,11,9,264
23.0,4,11,10,265
23.0,4,11,11,266
23.0,4,11,12,267
23.0,4,11,13,268
23.0,4,11,14,270
23.0,4,11,15,271
23.0,4,12,0,254
23.0,4,12,1,255
23.0,4,12,2,257
23.0,4,12,3,258
23.0,4,12,4,259
23.0,4,12,5,260
23.0,4,12,6,261
23.0,4,12,7,263
23.0,4,12,8,264
23.0,4,12,9,265
23.0,4,12,10,266
23.0,4,12,11,267
23.0,4,12,12,269
23.0,4,12,13,270
23.0,4,12,14,271
23.0,4,12,15,272
23.0,4,13,0,255
23.0,4,13,1,257
23.0,4,13,2,258
23.0,4,13,3,259
23.0,4,13,4,260
23.0,4,13,5,262
23.0,4,13,6,263
23.0,4,13,7,264
23.0,4,13,8,265
23.0,4,13,9,266
23.0,4,13,10,268
23.0,4,13,11,269
23.0,4,13,12,270
23.0,4,13,13,271
23.0,4,13,14,272
23.0,4,13,15,274
23.0,4,14,0,257
23.0,4,14,1,258
23.0,4,14,2,259
23.0,4,14,3,260
23.0,4,14,4,262
23.0,4,14,5,263
23.0,4,14,6,264
23.0,4,14,7,265
23.0,4,14,8,267
23.0,4,14,9,268
23.0,4,14,10,269
23.0,4,14,11,270
23.0,4,14,12,271
23.0,4,14,13,273
23.0,4,14,14,274
23.0,4,14,15,275
23.0,4,15,0,258
23.0,4,15,1,259
23.0,4,15,2,261
23.0,4,15,3,262
23.0,4,15,4,263
23.0,4,15,5,264
23.0,4,15,6,266
23.0,4,15,7,267
23.0,4,15,8,268
23.0,4,15,9,269
23.0,4,15,10,270
23.0,4,15,11,272
23.0,4,15,12,273
23.0,4,15,13,274
23.0,4,15,14,275
23.0,4,15,15,276
23.0,5,0,0,241
23.0,5,0,1,242
23.0,5,0,2,244
23.0,5,0,3,245
23.0,5,0,4,246
23.0,5,0,5,247
23.0,5,0,6,248
23.0,5,0,7,249
23.0,5,0,8,250
23.0,5,0,9,252
23.0,5,0,10,253
23.0,5,0,11,254
23.0,5,0,12,255
23.0,5,0,13,256
23.0,5,0,14,257
23.0,5,0,15,258
23.0,5,1,0,243
23.0,5,1,1,244
23.0,5,1,2,245
23.0,5,1,3,246
23.0,5,1,4,247
23.0,5,1,5,249
23.0,5,1,6,250
23.0,5,1,7,251
23.0,5,1,8,252
23.0,5,1,9,253
23.0,5,1,10,254
23.0,5,1,11,255
23.0,5,1,12,257
23.0,5,1,13,258
23.0,5,1,14,259
23.0,5,1,15,260
23.0,5,2,0,244
23.0,5,2,1,245
23.0,5,2,2,246
23.0,5,2,3,248
23.0,5,2,4,249
23.0,5,2,5,250
23.0,5,2,6,251
23.0,5,2,7,252
23.0,5,2,8,253
23.0,5,2,9,255
23.0,5,2,10,256
23.0,5,2,11,257
23.0,5,2,12,258
23.0,5,2,13,259
23.0,5,2,14,260
23.0,5,2,15,261
23.0,5,3,0,246
23.0,5,3,1,247
23.0,5,3,2,248
23.0,5,3,3,249
23.0,5,3,4,250
23.0,5,3,5,251
23.0,5,3,6,253
23.0,5,3,7,254
23.0,5,3,8,255
23.0,5,3,9,256
23.0,5,3,10,257
23.0,5,3,11,258
23.0,5,3,12,260
23.0,5,3,13,261
23.0,5,3,14,262
23.0,5,3,15,263
23.0,5,4,0,247
23.0,5,4,1,248
23.0,5,4,2,249
23.0,5,4,3,251
23.0,5,4,4,252
23.0,5,4,5,253
23.0,5,4,6,254
23.0,5,4,7,255
23.0,5,4,8,256
23.0,5,4,9,258
23.0,5,4,10,259
23.0,5,4,11,260
23.0,5,4,12,261
23.0,5,4,13,262
23.0,5,4,14,263
23.0,5,4,15,265
23.0,5,5,0,248
23.0,5,5,1,250
23.0,5,5,2,251
23.0,5,5,3,252
23.0,5,5,4,253
23.0,5,5,5,254
23.0,5,5,6,256
23.0,5,5,7,257
23.0,5,5,8,258
23.0,5,5,9,259
23.0,5,5,10,260
23.0,5,5,11,261
23.0,5,5,12,263
23.0,5,5,13,264
23.0,5,5,14,265
23.0,5,5,15,266
23.0,5,6,0,250
23.0,5,6,1,251
23.0,5,6,2,252
23.0,5,6,3,253
23.0,5,6,4,255
23.0,5,6,5,256
23.0,5,6,6,257
23.0,5,6,7,258
23.0,5,6,8,259
23.0,5,6,9,261
23.0,5,6,10,262
23.0,5,6,11,263
23.0,5,6,12,264
23.0,5,6,13,265
23.0,5,6,14,266
23.0,5,6,15,268
23.0,5,7,0,251
23.0,5,7,1,252
23.0,5,7,2,254
23.0,5,7,3,255
23.0,5,7,4,256
23.0,5,7,5,257
23.0,5,7,6,258
23.0,5,7,7,260
23.0,5,7,8,261
23.0,5,7,9,262
23.0,5,7,10,263
23.0,5,7,11,264
23.0,5,7,12,266
23.0,5,7,13,267
23.0,5,7,14,268
23.0,5,7,15,269
23.0,5,8,0,253
23.0,5,8,1,254
23.0,5,8,2,255
23.0,5,8,3,256
23.0,5,8,4,257
23.0,5,8,5,259
23.0,5,8,6,260
23.0,5,8,7,261
23.0,5,8,8,262
23.0,5,8,9,264
23.0,5,8,10,265
23.0,5,8,11,266
23.0,5,8,12,267
23.0,5,8,13,268
23.0,5,8,14,269
23.0,5,8,15,271
23.0,5,9,0,254
23.0,5,9,1,255
23.0,5,9,2,256
23.0,5,9,3,258
23.0,5,9,4,259
23.0,5,9,5,260
23.0,5,9,6,261
23.0,5,9,7,263
23.0,5,9,8,264
23.0,5,9,9,265
23.0,5,9,10,266
23.0,5,9,11,267
23.0,5,9,12,269
23.0,5,9,13,270
23.0,5,9,14,271
23.0,5,9,15,272
23.0,5,10,0,255
23.0,5,10,1,257
23.0,5,10,2,258
23.0,5,10,3,259
23.0,5,10,4,260
23.0,5,10,5,262
23.0,5,10,6,263
23.0,5,10,7,264
23.0,5,10,8,265
23.0,5,10,9,266
23.0,5,10,10,268
23.0,5,10,11,269
23.0,5,10,12,270
23.0,5,10,13,271
23.0,5,10,14,272
23.0,5,10,15,274
23.0,5,11,0,257
23.0,5,11,1,258
23.0,5,11,2,259
23.0,5,11,3,260
23.0,5,11,4,262
23.0,5,11,5,263
23.0,5,11,6,264
23.0,5,11,7,265
23.0,5,11,8,267
23.0,5,11,9,268
23.0,5,11,10,269
23.0,5,11,11,270
23.0,5,11,12,271
23.0,5,11,13,273
23.0,5,11,14,274
23.0,5,11,15,275
23.0,5,12,0,258
23.0,5,12,1,259
23.0,5,12,2,261
23.0,5,12,3,262
23.0,5,12,4,263
23.0,5,12,5,264
23.0,5,12,6,266
23.0,5,12,7,267
23.0,5,12,8,268
23.0,5,12,9,269
23.0,5,12,10,270
23.0,5,12,11,272
23.0,5,12,12,273
23.0,5,12,13,274
23.0,5,12,14,275
23.0,5,12,15,276
23.0,5,13,0,259
23.0,5,13,1,261
23.0,5,13,2,262
23.0,5,13,3,263
23.0,5,13,4,264
23.0,5,13,5,266
23.0,5,13,6,267
23.0,5,13,7,268
23.0,5,13,8,269
23.0,5,13,9,271
23.0,5,13,10,272
23.0,5,13,11,273
23.0,5,13,12,274
23.0,5,13,13,276
23.0,5,13,14,277
23.0,5,13,15,278
23.0,5,14,0,261
23.0,5,14,1,262
23.0,5,14,2,263
23.0,5,14,3,265
23.0,5,14,4,266
23.0,5,14,5,267
23.0,5,14,6,268
23.0,5,14,7,270
23.0,5,14,8,271
23.0,5,14,9,272
23.0,5,14,10,273
23.0,5,14,11,275
23.0,5,14,12,276
23.0,5,14,13,277
23.0,5,14,14,278
23.0,5,14,15,279
23.0,5,15,0,262
23.0,5,15,1,263
23.0,5,15,2,265
23.0,5,15,3,266
23.0,5,15,4,267
23.0,5,15,5,268
23.0,5,15,6,270
23.0,5,15,7,271
23.0,5,15,8,272
23.0,5,15,9,273
23.0,5,15,10,275
23.0,5,15,11,276
23.0,5,15,12,277
23.0,5,15,13,278
23.0,5,15,14,280
23.0,5,15,15,281
23.0,6,0,0,245
23.0,6,0,1,246
23.0,6,0,2,247
23.0,6,0,3,249
23.0,6,0,4,250
23.0,6,0,5,251
23.0,6,0,6,252
23.0,6,0,7,253
23.0,6,0,8,254
23.0,6,0,9,256
23.0,6,0,10,257
23.0,6,0,11,258
23.0,6,0,12,259
23.0,6,0,13,260
23.0,6,0,14,261
23.0,6,0,15,262
23.0,6,1,0,246
23.0,6,1,1,248
23.0,6,1,2,249
23.0,6,1,3,250
23.0,6,1,4,251
23.0,6,1,5,252
23.0,6,1,6,254
23.0,6,1,7,255
23.0,6,1,8,256
23.0,6,1,9,257
23.0,6,1,10,258
23.0,6,1,11,259
23.0,6,1,12,261
23.0,6,1,13,262
23.0,6,1,14,263
23.0,6,1,15,264
23.0,6,2,0,248
23.0,6,2,1,249
23.0,6,2,2,250
23.0,6,2,3,252
23.0,6,2,4,253
23.0,6,2,5,254
23.0,6,2,6,255
23.0,6,2,7,256
23.0,6,2,8,257
23.0,6,2,9,259
23.0,6,2,10,260
23.0,6,2,11,261
23.0,6,2,12,262
23.0,6,2,13,263
23.0,6,2,14,264
23.0,6,2,15,266
23.0,6,3,0,249
23.0,6,3,1,251
23.0,6,3,2,252
23.0,6,3,3,253
23.0,6,3,4,254
23.0,6,3,5,255
23.0,6,3,6,257
23.0,6,3,7,258
23.0,6,3,8,259
23.0,6,3,9,260
23.0,6,3,10,261
23.0,6,3,11,262
23.0,6,3,12,264
23.0,6,3,13,265
23.0,6,3,14,266
23.0,6,3,15,267
23.0,6,4,0,251
23.0,6,4,1,252
23.0,6,4,2,253
23.0,6,4,3,254
23.0,6,4,4,256
23.0,6,4,5,257
23.0,6,4,6,258
23.0,6,4,7,259
23.0,6,4,8,260
23.0,6,4,9,262
23.0,6,4,10,263
23.0,6,4,11,264
23.0,6,4,12,265
23.0,6,4,13,266
23.0,6,4,14,268
23.0,6,4,15,269
23.0,6,5,0,252
23.0,6,5,1,253
23.0,6,5,2,255
23.0,6,5,3,256
23.0,6,5,4,257
23.0,6,5,5,258
23.0,6,5,6,260
23.0,6,5,7,261
23.0,6,5,8,262
23.0,6,5,9,263
23.0,6,5,10,264
23.0,6,5,11,266
23.0,6,5,12,267
23.0,6,5,13,268
23.0,6,5,14,269
23.0,6,5,15,270
23.0,6,6,0,254
23.0,6,6,1,255
23.0,6,6,2,256
23.0,6,6,3,257
23.0,6,6,4,259
23.0,6,6,5,260
23.0,6,6,6,261
23.0,6,6,7,262
23.0,6,6,8,263
23.0,6,6,9,265
23.0,6,6,10,266
23.0,6,6,11,267
23.0,6,6,12,268
23.0,6,6,13,269
23.0,6,6,14,271
23.0,6,6,15,272
23.0,6,7,0,255
23.0,6,7,1,256
23.0,6,7,2,258
23.0,6,7,3,259
23.0,6,7,4,260
23.0,6,7,5,261
23.0,6,7,6,263
23.0,6,7,7,264
23.0,6,7,8,265
23.0,6,7,9,266
23.0,6,7,10,267
23.0,6,7,11,269
23.0,6,7,12,270
23.0,6,7,13,271
23.0,6,7,14,272
23.0,6,7,15,273
23.0,6,8,0,257
23.0,6,8,1,258
23.0,6,8,2,259
23.0,6,8,3,260
23.0,6,8,4,262
23.0,6,8,5,263
23.0,6,8,6,264
23.0,6,8,7,265
23.0,6,8,8,266
23.0,6,8,9,268
23.0,6,8,10,269
23.0,6,8,11,270
23.0,6,8,12,271
23.0,6,8,13,272
23.0,6,8,14,274
23.0,6,8,15,275
23.0,6,9,0,258
23.0,6,9,1,259
23.0,6,9,2,260
23.0,6,9,3,262
23.0,6,9,4,263
23.0,6,9,5,264
23.0,6,9,6,265
23.0,6,9,7,267
23.0,6,9,8,268
23.0,6,9,9,269
23.0,6,9,10,270
23.0,6,9,11,272
23.0,6,9,12,273
23.0,6,9,13,274
23.0,6,9,14,275
23.0,6,9,15,276
23.0,6,10,0,259
23.0,6,10,1,261
23.0,6,10,2,262
23.0,6,10,3,263
23.0,6,10,4,264
23.0,6,10,5,266
23.0,6,10,6,267
23.0,6,10,7,268
23.0,6,10,8,269
23.0,6,10,9,271
23.0,6,10,10,272
23.0,6,10,11,273
23.0,6,10,12,274
23.0,6,10,13,275
23.0,6,10,14,277
23.0,6,10,15,278
23.0,6,11,0,261
23.0,6,11,1,262
23.0,6,11,2,263
23.0,6,11,3,265
23.0,6,11,4,266
23.0,6,11,5,267
23.0,6,11,6,268
23.0,6,11,7,270
23.0,6,11,8,271
23.0,6,11,9,272
23.0,6,11,10,273
23.0,6,11,11,274
23.0,6,11,12,276
23.0,6,11,13,277
23.0,6,11,14,278
23.0,6,11,15,279
23.0,6,12,0,262
23.0,6,12,1,263
23.0,6,12,2,265
23.0,6,12,3,266
23.0,6,12,4,267
23.0,6,12,5,268
23.0,6,12,6,270
23.0,6,12,7,271
23.0,6,12,8,272
23.0,6,12,9,273
23.0,6,12,10,275
23.0,6,12,11,276
23.0,6,12,12,277
23.0,6,12,13,278
23.0,6,12,14,280
23.0,6,12,15,281
23.0,6,13,0,263
23.0,6,13,1,265
23.0,6,13,2,266
23.0,6,13,3,267
23.0,6,13,4,269
23.0,6,13,5,270
23.0,6,13,6,271
23.0,6,13,7,272
23.0,6,13,8,274
23.0,6,13,9,275
23.0,6,13,10,276
23.0,6,13,11,277
23.0,6,13,12,279
23.0,6,13,13,280
23.0,6,13,14,281
23.0,6,13,15,282
23.0,6,14,0,265
23.0,6,14,1,266
23.0,6,14,2,267
23.0,6,14,3,269
23.0,6,14,4,270
23.0,6,14,5,271
23.0,6,14,6,273
23.0,6,14,7,274
23.0,6,14,8,275
23.0,6,14,9,276
23.0,6,14,10,278
23.0,6,14,11,279
23.0,6,14,12,280
23.0,6,14,13,281
23.0,6,14,14,282
23.0,6,14,15,284
23.0,6,15,0,266
23.0,6,15,1,268
23.0,6,15,2,269
23.0,6,15,3,270
23.0,6,15,4,271
23.0,6,15,5,273
23.0,6,15,6,274
23.0,6,15,7,275
23.0,6,15,8,276
23.0,6,15,9,278
23.0,6,15,10,279
23.0,6,15,11,280
23.0,6,15,12,281
23.0,6,15,13,283
23.0,6,15,14,284
23.0,6,15,15,285
23.0,7,0,0,249
23.0,7,0,1,250
23.0,7,0,2,251
23.0,7,0,3,252
23.0,7,0,4,254
23.0,7,0,5,255
23.0,7,0,6,256
23.0,7,0,7,257
23.0,7,0,8,258
23.0,7,0,9,260
23.0,7,0,10,261
23.0,7,0,11,262
23.0,7,0,12,263
23.0,7,0,13,264
23.0,7,0,14,265
23.0,7,0,15,266
23.0,7,1,0,250
23.0,7,1,1,251
23.0,7,1,2,253
23.0,7,1,3,254
23.0,7,1,4,255
23.0,7,1,5,256
23.0,7,1,6,258
23.0,7,1,7,259
23.0,7,1,8,260
23.0,7,1,9,261
23.0,7,1,10,262
23.0,7,1,11,263
23.0,7,1,12,265
23.0,7,1,13,266
23.0,7,1,14,267
23.0,7,1,15,268
23.0,7,2,0,252
23.0,7,2,1,253
23.0,7,2,2,254
23.0,7,2,3,255
23.0,7,2,4,257
23.0,7,2,5,258
23.0,7,2,6,259
23.0,7,2,7,260
23.0,7,2,8,261
23.0,7,2,9,263
23.0,7,2,10,264
23.0,7,2,11,265
23.0,7,2,12,266
23.0,7,2,13,267
23.0,7,2,14,268
23.0,7,2,15,270
23.0,7,3,0,253
23.0,7,3,1,254
23.0,7,3,2,256
23.0,7,3,3,257
23.0,7,3,4,258
23.0,7,3,5,259
23.0,7,3,6,261
23.0,7,3,7,262
23.0,7,3,8,263
23.0,7,3,9,264
23.0,7,3,10,265
23.0,7,3,11,267
23.0,7,3,12,268
23.0,7,3,13,269
23.0,7,3,14,270
23.0,7,3,15,271
23.0,7,4,0,255
23.0,7,4,1,256
23.0,7,4,2,257
23.0,7,4,3,258
23.0,7,4,4,260
23.0,7,4,5,261
23.0,7,4,6,262
23.0,7,4,7,263
23.0,7,4,8,264
23.0,7,4,9,266
23.0,7,4,10,267
23.0,7,4,11,268
23.0,7,4,12,269
23.0,7,4,13,270
23.0,7,4,14,272
23.0,7,4,15,273
23.0,7,5,0,256
23.0,7,5,1,257
23.0,7,5,2,259
23.0,7,5,3,260
23.0,7,5,4,261
23.0,7,5,5,262
23.0,7,5,6,264
23.0,7,5,7,265
23.0,7,5,8,266
23.0,7,5,9,267
23.0,7,5,10,268
23.0,7,5,11,270
23.0,7,5,12,271
23.0,7,5,13,272
23.0,7,5,14,273
23.0,7,5,15,274
23.0,7,6,0,258
23.0,7,6,1,259
23.0,7,6,2,260
23.0,7,6,3,261
23.0,7,6,4,263
23.0,7,6,5,264
23.0,7,6,6,265
23.0,7,6,7,266
23.0,7,6,8,268
23.0,7,6,9,269
23.0,7,6,10,270
23.0,7,6,11,271
23.0,7,6,12,272
23.0,7,6,13,274
23.0,7,6,14,275
23.0,7,6,15,276
23.0,7,7,0,259
23.0,7,7,1,260
23.0,7,7,2,262
23.0,7,7,3,263
23.0,7,7,4,264
23.0,7,7,5,265
23.0,7,7,6,267
23.0,7,7,7,268
23.0,7,7,8,269
23.0,7,7,9,270
23.0,7,7,10,271
23.0,7,7,11,273
23.0,7,7,12,274
23.0,7,7,13,275
23.0,7,7,14,276
23.0,7,7,15,277
23.0,7,8,0,260
23.0,7,8,1,262
23.0,7,8,2,263
23.0,7,8,3,264
23.0,7,8,4,266
23.0,7,8,5,267
23.0,7,8,6,268
23.0,7,8,7,269
23.0,7,8,8,271
23.0,7,8,9,272
23.0,7,8,10,273
23.0,7,8,11,274
23.0,7,8,12,275
23.0,7,8,13,277
23.0,7,8,14,278
23.0,7,8,15,279
23.0,7,9,0,262
23.0,7,9,1,263
23.0,7,9,2,264
23.0,7,9,3,266
23.0,7,9,4,267
23.0,7,9,5,268
23.0,7,9,6,270
23.0,7,9,7,271
23.0,7,9,8,272
23.0,7,9,9,273
23.0,7,9,10,274
23.0,7,9,11,276
23.0,7,9,12,277
23.0,7,9,13,278
23.0,7,9,14,279
23.0,7,9,15,281
23.0,7,10,0,263
23.0,7,10,1,265
23.0,7,10,2,266
23.0,7,10,3,267
23.0,7,10,4,268
23.0,7,10,5,270
23.0,7,10,6,271
23.0,7,10,7,272
23.0,7,10,8,273
23.0,7,10,9,275
23.0,7,10,10,276
23.0,7,10,11,277
23.0,7,10,12,278
23.0,7,10,13,280
23.0,7,10,14,281
23.0,7,10,15,282
23.0,7,11,0,265
23.0,7,11,1,266
23.0,7,11,2,267
23.0,7,11,3,269
23.0,7,11,4,270
23.0,7,11,5,271
23.0,7,11,6,272
23.0,7,11,7,274
23.0,7,11,8,275
23.0,7,11,9,276
23.0,7,11,10,277
23.0,7,11,11,279
23.0,7,11,12,280
23.0,7,11,13,281
23.0,7,11,14,282
23.0,7,11,15,284
23.0,7,12,0,266
23.0,7,12,1,267
23.0,7,12,2,269
23.0,7,12,3,270
23.0,7,12,4,271
23.0,7,12,5,273
23.0,7,12,6,274
23.0,7,12,7,275
23.0,7,12,8,276
23.0,7,12,9,278
23.0,7,12,10,279
23.0,7,12,11,280
23.0,7,12,12,281
23.0,7,12,13,283
23.0,7,12,14,284
23.0,7,12,15,285
23.0,7,13,0,268
23.0,7,13,1,269
23.0,7,13,2,270
23.0,7,13,3,271
23.0,7,13,4,273
23.0,7,13,5,274
23.0,7,13,6,275
23.0,7,13,7,277
23.0,7,13,8,278
23.0,7,13,9,279
23.0,7,13,10,280
23.0,7,13,11,282
23.0,7,13,12,283
23.0,7,13,13,284
23.0,7,13,14,285
23.0,7,13,15,287
23.0,7,14,0,269
23.0,7,14,1,270
23.0,7,14,2,272
23.0,7,14,3,273
23.0,7,14,4,274
23.0,7,14,5,275
23.0,7,14,6,277
23.0,7,14,7,278
23.0,7,14,8,279
23.0,7,14,9,281
23.0,7,14,10,282
23.0,7,14,11,283
23.0,7,14,12,284
23.0,7,14,13,286
23.0,7,14,14,287
23.0,7,14,15,288
23.0,7,15,0,270
23.0,7,15,1,272
23.0,7,15,2,273
23.0,7,15,3,274
23.0,7,15,4,276
23.0,7,15,5,277
23.0,7,15,6,278
23.0,7,15,7,279
23.0,7,15,8,281
23.0,7,15,9,282
23.0,7,15,10,283
23.0,7,15,11,285
23.0,7,15,12,286
23.0,7,15,13,287
23.0,7,15,14,288
23.0,7,15,15,290
23.0,8,0,0,253
23.0,8,0,1,254
23.0,8,0,2,255
23.0,8,0,3,256
23.0,8,0,4,257
23.0,8,0,5,259
23.0,8,0,6,260
23.0,8,0,7,261
23.0,8,0,8,262
23.0,8,0,9,263
23.0,8,0,10,265
23.0,8,0,11,266
23.0,8,0,12,267
23.0,8,0,13,268
23.0,8,0,14,269
23.0,8,0,15,270
23.0,8,1,0,254
23.0,8,1,1,255
23.0,8,1,2,257
23.0,8,1,3,258
23.0,8,1,4,259
23.0,8,1,5,260
23.0,8,1,6,261
23.0,8,1,7,263
23.0,8,1,8,264
23.0,8,1,9,265
23.0,8,1,10,266
23.0,8,1,11,267
23.0,8,1,12,269
23.0,8,1,13,270
23.0,8,1,14,271
23.0,8,1,15,272
23.0,8,2,0,256
23.0,8,2,1,257
23.0,8,2,2,258
23.0,8,2,3,259
23.0,8,2,4,261
23.0,8,2,5,262
23.0,8,2,6,263
23.0,8,2,7,264
23.0,8,2,8,265
23.0,8,2,9,267
23.0,8,2,10,268
23.0,8,2,11,269
23.0,8,2,12,270
23.0,8,2,13,271
23.0,8,2,14,273
23.0,8,2,15,274
23.0,8,3,0,257
23.0,8,3,1,258
23.0,8,3,2,260
23.0,8,3,3,261
23.0,8,3,4,262
23.0,8,3,5,263
23.0,8,3,6,265
23.0,8,3,7,266
23.0,8,3,8,267
23.0,8,3,9,268
23.0,8,3,10,269
23.0,8,3,11,271
23.0,8,3,12,272
23.0,8,3,13,273
23.0,8,3,14,274
23.0,8,3,15,275
23.0,8,4,0,259
23.0,8,4,1,260
23.0,8,4,2,261
23.0,8,4,3,262
23.0,8,4,4,264
23.0,8,4,5,265
23.0,8,4,6,266
23.0,8,4,7,267
23.0,8,4,8,269
23.0,8,4,9,270
23.0,8,4,10,271
23.0,8,4,11,272
23.0,8,4,12,273
23.0,8,4,13,275
23.0,8,4,14,276
23.0,8,4,15,277
23.0,8,5,0,260
23.0,8,5,1,261
23.0,8,5,2,263
23.0,8,5,3,264
23.0,8,5,4,265
23.0,8,5,5,266
23.0,8,5,6,268
23.0,8,5,7,269
23.0,8,5,8,270
23.0,8,5,9,271
23.0,8,5,10,273
23.0,8,5,11,274
23.0,8,5,12,275
23.0,8,5,13,276
23.0,8,5,14,277
23.0,8,5,15,279
23.0,8,6,0,262
23.0,8,6,1,263
23.0,8,6,2,264
23.0,8,6,3,265
23.0,8,6,4,267
23.0,8,6,5,268
23.0,8,6,6,269
23.0,8,6,7,270
23.0,8,6,8,272
23.0,8,6,9,273
23.0,8,6,10,274
23.0,8,6,11,275
23.0,8,6,12,276
23.0,8,6,13,278
23.0,8,6,14,279
23.0,8,6,15,280
23.0,8,7,0,263
23.0,8,7,1,264
23.0,8,7,2,266
23.0,8,7,3,267
23.0,8,7,4,268
23.0,8,7,5,269
23.0,8,7,6,271
23.0,8,7,7,272
23.0,8,7,8,273
23.0,8,7,9,274
23.0,8,7,10,276
23.0,8,7,11,277
23.0,8,7,12,278
23.0,8,7,13,279
23.0,8,7,14,280
23.0,8,7,15,282
23.0,8,8,0,264
23.0,8,8,1,266
23.0,8,8,2,267
23.0,8,8,3,268
23.0,8,8,4,270
23.0,8,8,5,271
23.0,8,8,6,272
23.0,8,8,7,273
23.0,8,8,8,275
23.0,8,8,9,276
23.0,8,8,10,277
23.0,8,8,11,278
23.0,8,8,12,280
23.0,8,8,13,281
23.0,8,8,14,282
23.0,8,8,15,283
23.0,8,9,0,266
23.0,8,9,1,267
23.0,8,9,2,268
23.0,8,9,3,270
23.0,8,9,4,271
23.0,8,9,5,272
23.0,8,9,6,274
23.0,8,9,7,275
23.0,8,9,8,276
23.0,8,9,9,277
23.0,8,9,10,279
23.0,8,9,11,280
23.0,8,9,12,281
23.0,8,9,13,282
23.0,8,9,14,284
23.0,8,9,15,285
23.0,8,10,0,267
23.0,8,10,1,269
23.0,8,10,2,270
23.0,8,10,3,271
23.0,8,10,4,273
23.0,8,10,5,274
23.0,8,10,6,275
23.0,8,10,7,276
23.0,8,10,8,278
23.0,8,10,9,279
23.0,8,10,10,280
23.0,8,10,11,281
23.0,8,10,12,283
23.0,8,10,13,284
23.0,8,10,14,285
23.0,8,10,15,286
23.0,8,11,0,269
23.0,8,11,1,270
23.0,8,11,2,271
23.0,8,11,3,273
23.0,8,11,4,274
23.0,8,11,5,275
23.0,8,11,6,277
23.0,8,11,7,278
23.0,8,11,8,279
23.0,8,11,9,280
23.0,8,11,10,282
23.0,8,11,11,283
23.0,8,11,12,284
23.0,8,11,13,285
23.0,8,11,14,287
23.0,8,11,15,288
23.0,8,12,0,270
23.0,8,12,1,272
23.0,8,12,2,273
23.0,8,12,3,274
23.0,8,12,4,275
23.0,8,12,5,277
23.0,8,12,6,278
23.0,8,12,7,279
23.0,8,12,8,281
23.0,8,12,9,282
23.0,8,12,10,283
23.0,8,12,11,284
23.0,8,12,12,286
23.0,8,12,13,287
23.0,8,12,14,288
23.0,8,12,15,289
23.0,8,13,0,272
23.0,8,13,1,273
23.0,8,13,2,274
23.0,8,13,3,276
23.0,8,13,4,277
23.0,8,13,5,278
23.0,8,13,6,280
23.0,8,13,7,281
23.0,8,13,8,282
23.0,8,13,9,283
23.0,8,13,10,285
23.0,8,13,11,286
23.0,8,13,12,287
23.0,8,13,13,288
23.0,8,13,14,290
23.0,8,13,15,291
23.0,8,14,0,273
23.0,8,14,1,274
23.0,8,14,2,276
23.0,8,14,3,277
23.0,8,14,4,278
23.0,8,14,5,280
23.0,8,14,6,281
23.0,8,14,7,282
23.0,8,14,8,284
23.0,8,14,9,285
23.0,8,14,10,286
23.0,8,14,11,287
23.0,8,14,12,289
23.0,8,14,13,290
23.0,8,14,14,291
23.0,8,14,15,292
23.0,8,15,0,274
23.0,8,15,1,276
23.0,8,15,2,277
23.0,8,15,3,278
23.0,8,15,4,280
23.0,8,15,5,281
23.0,8,15,6,282
23.0,8,15,7,284
23.0,8,15,8,285
23.0,8,15,9,286
23.0,8,15,10,288
23.0,8,15,11,289
23.0,8,15,12,290
23.0,8,15,13,291
23.0,8,15,14,293
23.0,8,15,15,294
23.0,9,0,0,256
23.0,9,0,1,258
23.0,9,0,2,259
23.0,9,0,3,260
23.0,9,0,4,261
23.0,9,0,5,263
23.0,9,0,6,264
23.0,9,0,7,265
23.0,9,0,8,266
23.0,9,0,9,267
23.0,9,0,10,269
23.0,9,0,11,270
23.0,9,0,12,271
23.0,9,0,13,272
23.0,9,0,14,273
23.0,9,0,15,275
23.0,9,1,0,258
23.0,9,1,1,259
23.0,9,1,2,260
23.0,9,1,3,262
23.0,9,1,4,263
23.0,9,1,5,264
23.0,9,1,6,265
23.0,9,1,7,267
23.0,9,1,8,268
23.0,9,1,9,269
23.0,9,1,10,270
23.0,9,1,11,271
23.0,9,1,12,273
23.0,9,1,13,274
23.0,9,1,14,275
23.0,9,1,15,276
23.0,9,2,0,259
23.0,9,2,1,261
23.0,9,2,2,262
23.0,9,2,3,263
23.0,9,2,4,264
23.0,9,2,5,266
23.0,9,2,6,267
23.0,9,2,7,268
23.0,9,2,8,269
23.0,9,2,9,271
23.0,9,2,10,272
23.0,9,2,11,273
23.0,9,2,12,274
23.0,9,2,13,275
23.0,9,2,14,277
23.0,9,2,15,278
23.0,9,3,0,261
23.0,9,3,1,262
23.0,9,3,2,263
23.0,9,3,3,265
23.0,9,3,4,266
23.0,9,3,5,267
23.0,9,3,6,268
23.0,9,3,7,270
23.0,9,3,8,271
23.0,9,3,9,272
23.0,9,3,10,273
23.0,9,3,11,275
23.0,9,3,12,276
23.0,9,3,13,277
23.0,9,3,14,278
23.0,9,3,15,279
23.0,9,4,0,262
23.0,9,4,1,264
23.0,9,4,2,265
23.0,9,4,3,266
23.0,9,4,4,268
23.0,9,4,5,269
23.0,9,4,6,270
23.0,9,4,7,271
23.0,9,4,8,273
23.0,9,4,9,274
23.0,9,4,10,275
23.0,9,4,11,276
23.0,9,4,12,277
23.0,9,4,13,279
23.0,9,4,14,280
23.0,9,4,15,281
23.0,9,5,0,264
23.0,9,5,1,265
23.0,9,5,2,267
23.0,9,5,3,268
23.0,9,5,4,269
23.0,9,5,5,270
23.0,9,5,6,272
23.0,9,5,7,273
23.0,9,5,8,274
23.0,9,5,9,275
23.0,9,5,10,277
23.0,9,5,11,278
23.0,9,5,12,279
23.0,9,5,13,280
23.0,9,5,14,281
23.0,9,5,15,283
23.0,9,6,0,265
23.0,9,6,1,267
23.0,9,6,2,268
23.0,9,6,3,269
23.0,9,6,4,271
23.0,9,6,5,272
23.0,9,6,6,273
23.0,9,6,7,274
23.0,9,6,8,276
23.0,9,6,9,277
23.0,9,6,10,278
23.0,9,6,11,279
23.0,9,6,12,281
23.0,9,6,13,282
23.0,9,6,14,283
23.0,9,6,15,284
23.0,9,7,0,267
23.0,9,7,1,268
23.0,9,7,2,270
23.0,9,7,3,271
23.0,9,7,4,272
23.0,9,7,5,273
23.0,9,7,6,275
23.0,9,7,7,276
23.0,9,7,8,277
23.0,9,7,9,278
23.0,9,7,10,280
23.0,9,7,11,281
23.0,9,7,12,282
23.0,9,7,13,283
23.0,9,7,14,285
23.0,9,7,15,286
23.0,9,8,0,268
23.0,9,8,1,270
23.0,9,8,2,271
23.0,9,8,3,272
23.0,9,8,4,274
23.0,9,8,5,275
23.0,9,8,6,276
23.0,9,8,7,277
23.0,9,8,8,279
23.0,9,8,9,280
23.0,9,8,10,281
23.0,9,8,11,283
23.0,9,8,12,284
23.0,9,8,13,285
23.0,9,8,14,286
23.0,9,8,15,287
23.0,9,9,0,270
23.0,9,9,1,271
23.0,9,9,2,273
23.0,9,9,3,274
23.0,9,9,4,275
23.0,9,9,5,276
23.0,9,9,6,278
23.0,9,9,7,279
23.0,9,9,8,280
23.0,9,9,9,282
23.0,9,9,10,283
23.0,9,9,11,284
23.0,9,9,12,285
23.0,9,9,13,287
23.0,9,9,14,288
23.0,9,9,15,289
23.0,9,10,0,271
23.0,9,10,1,273
23.0,9,10,2,274
23.0,9,10,3,275
23.0,9,10,4,277
23.0,9,10,5,278
23.0,9,10,6,279
23.0,9,10,7,281
23.0,9,10,8,282
23.0,9,10,9,283
23.0,9,10,10,284
23.0,9,10,11,286
23.0,9,10,12,287
23.0,9,10,13,288
23.0,9,10,14,289
23.0,9,10,15,291
23.0,9,11,0,273
23.0,9,11,1,274
23.0,9,11,2,275
23.0,9,11,3,277
23.0,9,11,4,278
23.0,9,11,5,279
23.0,9,11,6,281
23.0,9,11,7,282
23.0,9,11,8,283
23.0,9,11,9,285
23.0,9,11,10,286
23.0,9,11,11,287
23.0,9,11,12,288
23.0,9,11,13,290
23.0,9,11,14,291
23.0,9,11,15,292
23.0,9,12,0,274
23.0,9,12,1,276
23.0,9,12,2,277
23.0,9,12,3,278
23.0,9,12,4,280
23.0,9,12,5,281
23.0,9,12,6,282
23.0,9,12,7,284
23.0,9,12,8,285
23.0,9,12,9,286
23.0,9,12,10,287
23.0,9,12,11,289
23.0,9,12,12,290
23.0,9,12,13,291
23.0,9,12,14,292
23.0,9,12,15,294
23.0,9,13,0,276
23.0,9,13,1,277
23.0,9,13,2,278
23.0,9,13,3,280
23.0,9,13,4,281
23.0,9,13,5,282
23.0,9,13,6,284
23.0,9,13,7,285
23.0,9,13,8,286
23.0,9,13,9,288
23.0,9,13,10,289
23.0,9,13,11,290
23.0,9,13,12,291
23.0,9,13,13,293
23.0,9,13,14,294
23.0,9,13,15,295
23.0,9,14,0,277
23.0,9,14,1,278
23.0,9,14,2,280
23.0,9,14,3,281
23.0,9,14,4,283
23.0,9,14,5,284
23.0,9,14,6,285
23.0,9,14,7,286
23.0,9,14,8,288
23.0,9,14,9,289
23.0,9,14,10,290
23.0,9,14,11,292
23.0,9,14,12,293
23.0,9,14,13,294
23.0,9,14,14,296
23.0,9,14,15,297
23.0,9,15,0,279
23.0,9,15,1,280
23.0,9,15,2,281
23.0,9,15,3,283
23.0,9,15,4,284
23.0,9,15,5,285
23.0,9,15,6,287
23.0,9,15,7,288
23.0,9,15,8,289
23.0,9,15,9,291
23.0,9,15,10,292
23.0,9,15,11,293
23.0,9,15,12,294
23.0,9,15,13,296
23.0,9,15,14,297
23.0,9,15,15,298
23.0,10,0,0,260
23.0,10,0,1,261
23.0,10,0,2,263
23.0,10,0,3,264
23.0,10,0,4,265
23.0,10,0,5,266
23.0,10,0,6,268
23.0,10,0,7,269
23.0,10,0,8,270
23.0,10,0,9,271
23.0,10,0,10,273
23.0,10,0,11,274
23.0,10,0,12,275
23.0,10,0,13,276
23.0,10,0,14,277
23.0,10,0,15,279
23.0,10,1,0,262
23.0,10,1,1,263
23.0,10,1,2,264
23.0,10,1,3,265
23.0,10,1,4,267
23.0,10,1,5,268
23.0,10,1,6,269
23.0,10,1,7,270
23.0,10,1,8,272
23.0,10,1,9,273
23.0,10,1,10,274
23.0,10,1,11,275
23.0,10,1,12,277
23.0,10,1,13,278
23.0,10,1,14,279
23.0,10,1,15,280
23.0,10,2,0,263
23.0,10,2,1,264
23.0,10,2,2,266
23.0,10,2,3,267
23.0,10,2,4,268
23.0,10,2,5,270
23.0,10,2,6,271
23.0,10,2,7,272
23.0,10,2,8,273
23.0,10,2,9,275
23.0,10,2,10,276
23.0,10,2,11,277
23.0,10,2,12,278
23.0,10,2,13,279
23.0,10,2,14,281
23.0,10,2,15,282
23.0,10,3,0,265
23.0,10,3,1,266
23.0,10,3,2,267
23.0,10,3,3,269
23.0,10,3,4,270
23.0,10,3,5,271
23.0,10,3,6,272
23.0,10,3,7,274
23.0,10,3,8,275
23.0,10,3,9,276
23.0,10,3,10,277
23.0,10,3,11,279
23.0,10,3,12,280
23.0,10,3,13,281
23.0,10,3,14,282
23.0,10,3,15,284
23.0,10,4,0,266
23.0,10,4,1,268
23.0,10,4,2,269
23.0,10,4,3,270
23.0,10,4,4,271
23.0,10,4,5,273
23.0,10,4,6,274
23.0,10,4,7,275
23.0,10,4,8,277
23.0,10,4,9,278
23.0,10,4,10,279
23.0,10,4,11,280
23.0,10,4,12,282
23.0,10,4,13,283
23.0,10,4,14,284
23.0,10,4,15,285
23.0,10,5,0,268
23.0,10,5,1,269
23.0,10,5,2,270
23.0,10,5,3,272
23.0,10,5,4,273
23.0,10,5,5,274
23.0,10,5,6,276
23.0,10,5,7,277
23.0,10,5,8,278
23.0,10,5,9,279
23.0,10,5,10,281
23.0,10,5,11,282
23.0,10,5,12,283
23.0,10,5,13,284
23.0,10,5,14,286
23.0,10,5,15,287
23.0,10,6,0,269
23.0,10,6,1,271
23.0,10,6,2,272
23.0,10,6,3,273
23.0,10,6,4,275
23.0,10,6,5,276
23.0,10,6,6,277
23.0,10,6,7,278
23.0,10,6,8,280
23.0,10,6,9,281
23.0,10,6,10,282
23.0,10,6,11,284
23.0,10,6,12,285
23.0,10,6,13,286
23.0,10,6,14,287
23.0,10,6,15,288
23.0,10,7,0,271
23.0,10,7,1,272
23.0,10,7,2,273
23.0,10,7,3,275
23.0,10,7,4,276
23.0,10,7,5,277
23.0,10,7,6,279
23.0,10,7,7,280
23.0,10,7,8,281
23.0,10,7,9,283
23.0,10,7,10,284
23.0,10,7,11,285
23.0,10,7,12,286
23.0,10,7,13,288
23.0,10,7,14,289
23.0,10,7,15,290
23.0,10,8,0,272
23.0,10,8,1,274
23.0,10,8,2,275
23.0,10,8,3,276
23.0,10,8,4,278
23.0,10,8,5,279
23.0,10,8,6,280
23.0,10,8,7,282
23.0,10,8,8,283
23.0,10,8,9,284
23.0,10,8,10,285
23.0,10,8,11,287
23.0,10,8,12,288
23.0,10,8,13,289
23.0,10,8,14,290
23.0,10,8,15,292
23.0,10,9,0,274
23.0,10,9,1,275
23.0,10,9,2,277
23.0,10,9,3,278
23.0,10,9,4,279
23.0,10,9,5,280
23.0,10,9,6,282
23.0,10,9,7,283
23.0,10,9,8,284
23.0,10,9,9,286
23.0,10,9,10,287
23.0,10,9,11,288
23.0,10,9,12,290
23.0,10,9,13,291
23.0,10,9,14,292
23.0,10,9,15,293
23.0,10,10,0,275
23.0,10,10,1,277
23.0,10,10,2,278
23.0,10,10,3,279
23.0,10,10,4,281
23.0,10,10,5,282
23.0,10,10,6,283
23.0,10,10,7,285
23.0,10,10,8,286
23.0,10,10,9,287
23.0,10,10,10,289
23.0,10,10,11,290
23.0,10,10,12,291
23.0,10,10,13,292
23.0,10,10,14,294
23.0,10,10,15,295
23.0,10,11,0,277
23.0,10,11,1,278
23.0,10,11,2,280
23.0,10,11,3,281
23.0,10,11,4,282
23.0,10,11,5,284
23.0,10,11,6,285
23.0,10,11,7,286
23.0,10,11,8,287
23.0,10,11,9,289
23.0,10,11,10,290
23.0,10,11,11,291
23.0,10,11,12,293
23.0,10,11,13,294
23.0,10,11,14,295
23.0,10,11,15,296
23.0,10,12,0,278
23.0,10,12,1,280
23.0,10,12,2,281
23.0,10,12,3,282
23.0,10,12,4,284
23.0,10,12,5,285
23.0,10,12,6,286
23.0,10,12,7,288
23.0,10,12,8,289
23.0,10,12,9,290
23.0,10,12,10,292
23.0,10,12,11,293
23.0,10,12,12,294
23.0,10,12,13,296
23.0,10,12,14,297
23.0,10,12,15,298
23.0,10,13,0,280
23.0,10,13,1,281
23.0,10,13,2,282
23.0,10,13,3,284
23.0,10,13,4,285
23.0,10,13,5,287
23.0,10,13,6,288
23.0,10,13,7,289
23.0,10,13,8,291
23.0,10,13,9,292
23.0,10,13,10,293
23.0,10,13,11,294
23.0,10,13,12,296
23.0,10,13,13,297
23.0,10,13,14,298
23.0,10,13,15,300
23.0,10,14,0,281
23.0,10,14,1,283
23.0,10,14,2,284
23.0,10,14,3,285
23.0,10,14,4,287
23.0,10,14,5,288
23.0,10,14,6,289
23.0,10,14,7,291
23.0,10,14,8,292
23.0,10,14,9,293
23.0,10,14,10,295
23.0,10,14,11,296
23.0,10,14,12,297
23.0,10,14,13,299
23.0,10,14,14,300
23.0,10,14,15,301
23.0,10,15,0,283
23.0,10,15,1,284
23.0,10,15,2,285
23.0,10,15,3,287
23.0,10,15,4,288
23.0,10,15,5,290
23.0,10,15,6,291
23.0,10,15,7,292
23.0,10,15,8,294
23.0,10,15,9,295
23.0,10,15,10,296
23.0,10,15,11,298
23.0,10,15,12,299
23.0,10,15,13,300
23.0,10,15,14,301
23.0,10,15,15,303
23.0,11,0,0,264
23.0,11,0,1,265
23.0,11,0,2,266
23.0,11,0,3,268
23.0,11,0,4,269
23.0,11,0,5,270
23.0,11,0,6,272
23.0,11,0,7,273
23.0,11,0,8,274
23.0,11,0,9,275
23.0,11,0,10,277
23.0,11,0,11,278
23.0,11,0,12,279
23.0,11,0,13,280
23.0,11,0,14,281
23.0,11,0,15,283
23.0,11,1,0,265
23.0,11,1,1,267
23.0,11,1,2,268
23.0,11,1,3,269
23.0,11,1,4,271
23.0,11,1,5,272
23.0,11,1,6,273
23.0,11,1,7,274
23.0,11,1,8,276
23.0,11,1,9,277
23.0,11,1,10,278
23.0,11,1,11,279
23.0,11,1,12,281
23.0,11,1,13,282
23.0,11,1,14,283
23.0,11,1,15,284
23.0,11,2,0,267
23.0,11,2,1,268
23.0,11,2,2,270
23.0,11,2,3,271
23.0,11,2,4,272
23.0,11,2,5,273
23.0,11,2,6,275
23.0,11,2,7,276
23.0,11,2,8,277
23.0,11,2,9,279
23.0,11,2,10,280
23.0,11,2,11,281
23.0,11,2,12,282
23.0,11,2,13,284
23.0,11,2,14,285
23.0,11,2,15,286
23.0,11,3,0,269
23.0,11,3,1,270
23.0,11,3,2,271
23.0,11,3,3,273
23.0,11,3,4,274
23.0,11,3,5,275
23.0,11,3,6,276
23.0,11,3,7,278
23.0,11,3,8,279
23.0,11,3,9,280
23.0,11,3,10,281
23.0,11,3,11,283
23.0,11,3,12,284
23.0,11,3,13,285
23.0,11,3,14,286
23.0,11,3,15,288
23.0,11,4,0,270
23.0,11,4,1,271
23.0,11,4,2,273
23.0,11,4,3,274
23.0,11,4,4,275
23.0,11,4,5,277
23.0,11,4,6,278
23.0,11,4,7,279
23.0,11,4,8,281
23.0,11,4,9,282
23.0,11,4,10,283
23.0,11,4,11,284
23.0,11,4,12,286
23.0,11,4,13,287
23.0,11,4,14,288
23.0,11,4,15,289
23.0,11,5,0,272
23.0,11,5,1,273
23.0,11,5,2,274
23.0,11,5,3,276
23.0,11,5,4,277
23.0,11,5,5,278
23.0,11,5,6,280
23.0,11,5,7,281
23.0,11,5,8,282
23.0,11,5,9,283
23.0,11,5,10,285
23.0,11,5,11,286
23.0,11,5,12,287
23.0,11,5,13,289
23.0,11,5,14,290
23.0,11,5,15,291
23.0,11,6,0,273
23.0,11,6,1,275
23.0,11,6,2,276
23.0,11,6,3,277
23.0,11,6,4,279
23.0,11,6,5,280
23.0,11,6,6,281
23.0,11,6,7,282
23.0,11,6,8,284
23.0,11,6,9,285
23.0,11,6,10,286
23.0,11,6,11,288
23.0,11,6,12,289
23.0,11,6,13,290
23.0,11,6,14,291
23.0,11,6,15,293
23.0,11,7,0,275
23.0,11,7,1,276
23.0,11,7,2,277
23.0,11,7,3,279
23.0,11,7,4,280
23.0,11,7,5,281
23.0,11,7,6,283
23.0,11,7,7,284
23.0,11,7,8,285
23.0,11,7,9,287
23.0,11,7,10,288
23.0,11,7,11,289
23.0,11,7,12,291
23.0,11,7,13,292
23.0,11,7,14,293
23.0,11,7,15,294
23.0,11,8,0,276
23.0,11,8,1,278
23.0,11,8,2,279
23.0,11,8,3,280
23.0,11,8,4,282
23.0,11,8,5,283
23.0,11,8,6,284
23.0,11,8,7,286
23.0,11,8,8,287
23.0,11,8,9,288
23.0,11,8,10,290
23.0,11,8,11,291
23.0,11,8,12,292
23.0,11,8,13,293
23.0,11,8,14,295
23.0,11,8,15,296
23.0,11,9,0,278
23.0,11,9,1,279
23.0,11,9,2,281
23.0,11,9,3,282
23.0,11,9,4,283
23.0,11,9,5,285
23.0,11,9,6,286
23.0,11,9,7,287
23.0,11,9,8,289
23.0,11,9,9,290
23.0,11,9,10,291
23.0,11,9,11,292
23.0,11,9,12,294
23.0,11,9,13,295
23.0,11,9,14,296
23.0,11,9,15,298
23.0,11,10,0,279
23.0,11,10,1,281
23.0,11,10,2,282
23.0,11,10,3,283
23.0,11,10,4,285
23.0,11,10,5,286
23.0,11,10,6,287
23.0,11,10,7,289
23.0,11,10,8,290
23.0,11,10,9,291
23.0,11,10,10,293
23.0,11,10,11,294
23.0,11,10,12,295
23.0,11,10,13,297
23.0,11,10,14,298
23.0,11,10,15,299
23.0,11,11,0,281
23.0,11,11,1,282
23.0,11,11,2,284
23.0,11,11,3,285
23.0,11,11,4,286
23.0,11,11,5,288
23.0,11,11,6,289
23.0,11,11,7,290
23.0,11,11,8,292
23.0,11,11,9,293
23.0,11,11,10,294
23.0,11,11,11,296
23.0,11,11,12,297
23.0,11,11,13,298
23.0,11,11,14,300
23.0,11,11,15,301
23.0,11,12,0,282
23.0,11,12,1,284
23.0,11,12,2,285
23.0,11,12,3,286
23.0,11,12,4,288
23.0,11,12,5,289
23.0,11,12,6,291
23.0,11,12,7,292
23.0,11,12,8,293
23.0,11,12,9,295
23.0,11,12,10,296
23.0,11,12,11,297
23.0,11,12,12,298
23.0,11,12,13,300
23.0,11,12,14,301
23.0,11,12,15,302
23.0,11,13,0,284
23.0,11,13,1,285
23.0,11,13,2,287
23.0,11,13,3,288
23.0,11,13,4,289
23.0,11,13,5,291
23.0,11,13,6,292
23.0,11,13,7,293
23.0,11,13,8,295
23.0,11,13,9,296
23.0,11,13,10,297
23.0,11,13,11,299
23.0,11,13,12,300
23.0,11,13,13,301
23.0,11,13,14,303
23.0,11,13,15,304
23.0,11,14,0,285
23.0,11,14,1,287
23.0,11,14,2,288
23.0,11,14,3,289
23.0,11,14,4,291
23.0,11,14,5,292
23.0,11,14,6,294
23.0,11,14,7,295
23.0,11,14,8,296
23.0,11,14,9,298
23.0,11,14,10,299
23.0,11,14,11,300
23.0,11,14,12,302
23.0,11,14,13,303
23.0,11,14,14,304
23.0,11,14,15,306
23.0,11,15,0,287
23.0,11,15,1,288
23.0,11,15,2,290
23.0,11,15,3,291
23.0,11,15,4,292
23.0,11,15,5,294
23.0,11,15,6,295
23.0,11,15,7,296
23.0,11,15,8,298
23.0,11,15,9,299
23.0,11,15,10,300
23.0,11,15,11,302
23.0,11,15,12,303
23.0,11,15,13,305
23.0,11,15,14,306
23.0,11,15,15,307
23.0,12,0,0,268
23.0,12,0,1,269
23.0,12,0,2,270
23.0,12,0,3,272
23.0,12,0,4,273
23.0,12,0,5,274
23.0,12,0,6,275
23.0,12,0,7,277
23.0,12,0,8,278
23.0,12,0,9,279
23.0,12,0,10,280
23.0,12,0,11,282
23.0,12,0,12,283
23.0,12,0,13,284
23.0,12,0,14,285
23.0,12,0,15,287
23.0,12,1,0,269
23.0,12,1,1,271
23.0,12,1,2,272
23.0,12,1,3,273
23.0,12,1,4,274
23.0,12,1,5,276
23.0,12,1,6,277
23.0,12,1,7,278
23.0,12,1,8,280
23.0,12,1,9,281
23.0,12,1,10,282
23.0,12,1,11,283
23.0,12,1,12,285
23.0,12,1,13,286
23.0,12,1,14,287
23.0,12,1,15,288
23.0,12,2,0,271
23.0,12,2,1,272
23.0,12,2,2,273
23.0,12,2,3,275
23.0,12,2,4,276
23.0,12,2,5,277
23.0,12,2,6,279
23.0,12,2,7,280
23.0,12,2,8,281
23.0,12,2,9,283
23.0,12,2,10,284
23.0,12,2,11,285
23.0,12,2,12,286
23.0,12,2,13,288
23.0,12,2,14,289
23.0,12,2,15,290
23.0,12,3,0,272
23.0,12,3,1,274
23.0,12,3,2,275
23.0,12,3,3,276
23.0,12,3,4,278
23.0,12,3,5,279
23.0,12,3,6,280
23.0,12,3,7,282
23.0,12,3,8,283
23.0,12,3,9,284
23.0,12,3,10,285
23.0,12,3,11,287
23.0,12,3,12,288
23.0,12,3,13,289
23.0,12,3,14,291
23.0,12,3,15,292
23.0,12,4,0,274
23.0,12,4,1,275
23.0,12,4,2,277
23.0,12,4,3,278
23.0,12,4,4,279
23.0,12,4,5,281
23.0,12,4,6,282
23.0,12,4,7,283
23.0,12,4,8,285
23.0,12,4,9,286
23.0,12,4,10,287
23.0,12,4,11,288
23.0,12,4,12,290
23.0,12,4,13,291
23.0,12,4,14,292
23.0,12,4,15,294
23.0,12,5,0,276
23.0,12,5,1,277
23.0,12,5,2,278
23.0,12,5,3,280
23.0,12,5,4,281
23.0,12,5,5,282
23.0,12,5,6,284
23.0,12,5,7,285
23.0,12,5,8,286
23.0,12,5,9,288
23.0,12,5,10,289
23.0,12,5,11,290
23.0,12,5,12,291
23.0,12,5,13,293
23.0,12,5,14,294
23.0,12,5,15,295
23.0,12,6,0,277
23.0,12,6,1,279
23.0,12,6,2,280
23.0,12,6,3,281
23.0,12,6,4,283
23.0,12,6,5,284
23.0,12,6,6,285
23.0,12,6,7,287
23.0,12,6,8,288
23.0,12,6,9,289
23.0,12,6,10,290
23.0,12,6,11,292
23.0,12,6,12,293
23.0,12,6,13,294
23.0,12,6,14,296
23.0,12,6,15,297
23.0,12,7,0,279
23.0,12,7,1,280
23.0,12,7,2,281
23.0,12,7,3,283
23.0,12,7,4,284
23.0,12,7,5,285
23.0,12,7,6,287
23.0,12,7,7,288
23.0,12,7,8,289
23.0,12,7,9,291
23.0,12,7,10,292
23.0,12,7,11,293
23.0,12,7,12,295
23.0,12,7,13,296
23.0,12,7,14,297
23.0,12,7,15,299
23.0,12,8,0,280
23.0,12,8,1,282
23.0,12,8,2,283
23.0,12,8,3,284
23.0,12,8,4,286
23.0,12,8,5,287
23.0,12,8,6,288
23.0,12,8,7,290
23.0,12,8,8,291
23.0,12,8,9,292
23.0,12,8,10,294
23.0,12,8,11,295
23.0,12,8,12,296
23.0,12,8,13,298
23.0,12,8,14,299
23.0,12,8,15,300
23.0,12,9,0,282
23.0,12,9,1,283
23.0,12,9,2,285
23.0,12,9,3,286
23.0,12,9,4,287
23.0,12,9,5,289
23.0,12,9,6,290
23.0,12,9,7,291
23.0,12,9,8,293
23.0,12,9,9,294
23.0,12,9,10,295
23.0,12,9,11,297
23.0,12,9,12,298
23.0,12,9,13,299
23.0,12,9,14,301
23.0,12,9,15,302
23.0,12,10,0,283
23.0,12,10,1,285
23.0,12,10,2,286
23.0,12,10,3,287
23.0,12,10,4,289
23.0,12,10,5,290
23.0,12,10,6,292
23.0,12,10,7,293
23.0,12,10,8,294
23.0,12,10,9,296
23.0,12,10,10,297
23.0,12,10,11,298
23.0,12,10,12,300
23.0,12,10,13,301
23.0,12,10,14,302
23.0,12,10,15,303
23.0,12,11,0,285
23.0,12,11,1,286
23.0,12,11,2,288
23.0,12,11,3,289
23.0,12,11,4,290
23.0,12,11,5,292
23.0,12,11,6,293
23.0,12,11,7,294
23.0,12,11,8,296
23.0,12,11,9,297
23.0,12,11,10,299
23.0,12,11,11,300
23.0,12,11,12,301
23.0,12,11,13,302
23.0,12,11,14,304
23.0,12,11,15,305
23.0,12,12,0,286
23.0,12,12,1,288
23.0,12,12,2,289
23.0,12,12,3,291
23.0,12,12,4,292
23.0,12,12,5,293
23.0,12,12,6,295
23.0,12,12,7,296
23.0,12,12,8,297
23.0,12,12,9,299
23.0,12,12,10,300
23.0,12,12,11,301
23.0,12,12,12,303
23.0,12,12,13,304
23.0,12,12,14,305
23.0,12,12,15,307
23.0,12,13,0,288
23.0,12,13,1,289
23.0,12,13,2,291
23.0,12,13,3,292
23.0,12,13,4,293
23.0,12,13,5,295
23.0,12,13,6,296
23.0,12,13,7,298
23.0,12,13,8,299
23.0,12,13,9,300
23.0,12,13,10,302
23.0,12,13,11,303
23.0,12,13,12,304
23.0,12,13,13,306
23.0,12,13,14,307
23.0,12,13,15,308
23.0,12,14,0,289
23.0,12,14,1,291
23.0,12,14,2,292
23.0,12,14,3,294
23.0,12,14,4,295
23.0,12,14,5,296
23.0,12,14,6,298
23.0,12,14,7,299
23.0,12,14,8,301
23.0,12,14,9,302
23.0,12,14,10,303
23.0,12,14,11,305
23.0,12,14,12,306
23.0,12,14,13,307
23.0,12,14,14,309
23.0,12,14,15,310
23.0,12,15,0,291
23.0,12,15,1,292
23.0,12,15,2,294
23.0,12,15,3,295
23.0,12,15,4,297
23.0,12,15,5,298
23.0,12,15,6,299
23.0,12,15,7,301
23.0,12,15,8,302
23.0,12,15,9,303
23.0,12,15,10,305
23.0,12,15,11,306
23.0,12,15,12,308
23.0,12,15,13,309
23.0,12,15,14,310
23.0,12,15,15,312
23.0,13,0,0,271
23.0,13,0,1,273
23.0,13,0,2,274
23.0,13,0,3,275
23.0,13,0,4,277
23.0,13,0,5,278
23.0,13,0,6,279
23.0,13,0,7,281
23.0,13,0,8,282
23.0,13,0,9,283
23.0,13,0,10,284
23.0,13,0,11,286
23.0,13,0,12,287
23.0,13,0,13,288
23.0,13,0,14,289
23.0,13,0,15,291
23.0,13,1,0,273
23.0,13,1,1,274
23.0,13,1,2,276
23.0,13,1,3,277
23.0,13,1,4,278
23.0,13,1,5,280
23.0,13,1,6,281
23.0,13,1,7,282
23.0,13,1,8,284
23.0,13,1,9,285
23.0,13,1,10,286
23.0,13,1,11,287
23.0,13,1,12,289
23.0,13,1,13,290
23.0,13,1,14,291
23.0,13,1,15,292
23.0,13,2,0,275
23.0,13,2,1,276
23.0,13,2,2,277
23.0,13,2,3,279
23.0,13,2,4,280
23.0,13,2,5,281
23.0,13,2,6,283
23.0,13,2,7,284
23.0,13,2,8,285
23.0,13,2,9,287
23.0,13,2,10,288
23.0,13,2,11,289
23.0,13,2,12,290
23.0,13,2,13,292
23.0,13,2,14,293
23.0,13,2,15,294
23.0,13,3,0,276
23.0,13,3,1,278
23.0,13,3,2,279
23.0,13,3,3,280
23.0,13,3,4,282
23.0,13,3,5,283
23.0,13,3,6,284
23.0,13,3,7,286
23.0,13,3,8,287
23.0,13,3,9,288
23.0,13,3,10,290
23.0,13,3,11,291
23.0,13,3,12,292
23.0,13,3,13,293
23.0,13,3,14,295
23.0,13,3,15,296
23.0,13,4,0,278
23.0,13,4,1,279
23.0,13,4,2,281
23.0,13,4,3,282
23.0,13,4,4,283
23.0,13,4,5,285
23.0,13,4,6,286
23.0,13,4,7,287
23.0,13,4,8,289
23.0,13,4,9,290
23.0,13,4,10,291
23.0,13,4,11,293
23.0,13,4,12,294
23.0,13,4,13,295
23.0,13,4,14,296
23.0,13,4,15,298
23.0,13,5,0,279
23.0,13,5,1,281
23.0,13,5,2,282
23.0,13,5,3,284
23.0,13,5,4,285
23.0,13,5,5,286
23.0,13,5,6,288
23.0,13,5,7,289
23.0,13,5,8,290
23.0,13,5,9,292
23.0,13,5,10,293
23.0,13,5,11,294
23.0,13,5,12,295
23.0,13,5,13,297
23.0,13,5,14,298
23.0,13,5,15,299
23.0,13,6,0,281
23.0,13,6,1,282
23.0,13,6,2,284
23.0,13,6,3,285
23.0,13,6,4,287
23.0,13,6,5,288
23.0,13,6,6,289
23.0,13,6,7,291
23.0,13,6,8,292
23.0,13,6,9,293
23.0,13,6,10,295
23.0,13,6,11,296
23.0,13,6,12,297
23.0,13,6,13,298
23.0,13,6,14,300
23.0,13,6,15,301
23.0,13,7,0,283
23.0,13,7,1,284
23.0,13,7,2,285
23.0,13,7,3,287
23.0,13,7,4,288
23.0,13,7,5,289
23.0,13,7,6,291
23.0,13,7,7,292
23.0,13,7,8,294
23.0,13,7,9,295
23.0,13,7,10,296
23.0,13,7,11,298
23.0,13,7,12,299
23.0,13,7,13,300
23.0,13,7,14,301
23.0,13,7,15,303
23.0,13,8,0,284
23.0,13,8,1,286
23.0,13,8,2,287
23.0,13,8,3,288
23.0,13,8,4,290
23.0,13,8,5,291
23.0,13,8,6,292
23.0,13,8,7,294
23.0,13,8,8,295
23.0,13,8,9,297
23.0,13,8,10,298
23.0,13,8,11,299
23.0,13,8,12,300
23.0,13,8,13,302
23.0,13,8,14,303
23.0,13,8,15,304
23.0,13,9,0,286
23.0,13,9,1,287
23.0,13,9,2,289
23.0,13,9,3,290
23.0,13,9,4,291
23.0,13,9,5,293
23.0,13,9,6,294
23.0,13,9,7,295
23.0,13,9,8,297
23.0,13,9,9,298
23.0,13,9,10,299
23.0,13,9,11,301
23.0,13,9,12,302
23.0,13,9,13,303
23.0,13,9,14,305
23.0,13,9,15,306
23.0,13,10,0,287
23.0,13,10,1,289
23.0,13,10,2,290
23.0,13,10,3,292
23.0,13,10,4,293
23.0,13,10,5,294
23.0,13,10,6,296
23.0,13,10,7,297
23.0,13,10,8,298
23.0,13,10,9,300
23.0,13,10,10,301
23.0,13,10,11,302
23.0,13,10,12,304
23.0,13,10,13,305
23.0,13,10,14,306
23.0,13,10,15,308
23.0,13,11,0,289
23.0,13,11,1,290
23.0,13,11,2,292
23.0,13,11,3,293
23.0,13,11,4,294
23.0,13,11,5,296
23.0,13,11,6,297
23.0,13,11,7,299
23.0,13,11,8,300
23.0,13,11,9,301
23.0,13,11,10,303
23.0,13,11,11,304
23.0,13,11,12,305
23.0,13,11,13,307
23.0,13,11,14,308
23.0,13,11,15,309
23.0,13,12,0,290
23.0,13,12,1,292
23.0,13,12,2,293
23.0,13,12,3,295
23.0,13,12,4,296
23.0,13,12,5,297
23.0,13,12,6,299
23.0,13,12,7,300
23.0,13,12,8,302
23.0,13,12,9,303
23.0,13,12,10,304
23.0,13,12,11,306
23.0,13,12,12,307
23.0,13,12,13,308
23.0,13,12,14,310
23.0,13,12,15,311
23.0,13,13,0,292
23.0,13,13,1,293
23.0,13,13,2,295
23.0,13,13,3,296
23.0,13,13,4,298
23.0,13,13,5,299
23.0,13,13,6,300
23.0,13,13,7,302
23.0,13,13,8,303
23.0,13,13,9,305
23.0,13,13,10,306
23.0,13,13,11,307
23.0,13,13,12,309
23.0,13,13,13,310
23.0,13,13,14,311
23.0,13,13,15,313
23.0,13,14,0,293
23.0,13,14,1,295
23.0,13,14,2,296
23.0,13,14,3,298
23.0,13,14,4,299
23.0,13,14,5,301
23.0,13,14,6,302
23.0,13,14,7,303
23.0,13,14,8,305
23.0,13,14,9,306
23.0,13,14,10,308
23.0,13,14,11,309
23.0,13,14,12,310
23.0,13,14,13,312
23.0,13,14,14,313
23.0,13,14,15,314
23.0,13,15,0,295
23.0,13,15,1,296
23.0,13,15,2,298
23.0,13,15,3,299
23.0,13,15,4,301
23.0,13,15,5,302
23.0,13,15,6,304
23.0,13,15,7,305
23.0,13,15,8,306
23.0,13,15,9,308
23.0,13,15,10,309
23.0,13,15,11,310
23.0,13,15,12,312
23.0,13,15,13,313
23.0,13,15,14,315
23.0,13,15,15,316
23.0,14,0,0,275
23.0,14,0,1,277
23.0,14,0,2,278
23.0,14,0,3,279
23.0,14,0,4,281
23.0,14,0,5,282
23.0,14,0,6,283
23.0,14,0,7,284
23.0,14,0,8,286
23.0,14,0,9,287
23.0,14,0,10,288
23.0,14,0,11,290
23.0,14,0,12,291
23.0,14,0,13,292
23.0,14,0,14,293
23.0,14,0,15,295
23.0,14,1,0,277
23.0,14,1,1,278
23.0,14,1,2,280
23.0,14,1,3,281
23.0,14,1,4,282
23.0,14,1,5,284
23.0,14,1,6,285
23.0,14,1,7,286
23.0,14,1,8,288
23.0,14,1,9,289
23.0,14,1,10,290
23.0,14,1,11,291
23.0,14,1,12,293
23.0,14,1,13,294
23.0,14,1,14,295
23.0,14,1,15,297
23.0,14,2,0,278
23.0,14,2,1,280
23.0,14,2,2,281
23.0,14,2,3,283
23.0,14,2,4,284
23.0,14,2,5,285
23.0,14,2,6,287
23.0,14,2,7,288
23.0,14,2,8,289
23.0,14,2,9,291
23.0,14,2,10,292
23.0,14,2,11,293
23.0,14,2,12,294
23.0,14,2,13,296
23.0,14,2,14,297
23.0,14,2,15,298
23.0,14,3,0,280
23.0,14,3,1,281
23.0,14,3,2,283
23.0,14,3,3,284
23.0,14,3,4,286
23.0,14,3,5,287
23.0,14,3,6,288
23.0,14,3,7,290
23.0,14,3,8,291
23.0,14,3,9,292
23.0,14,3,10,294
23.0,14,3,11,295
23.0,14,3,12,296
23.0,14,3,13,297
23.0,14,3,14,299
23.0,14,3,15,300
23.0,14,4,0,282
23.0,14,4,1,283
23.0,14,4,2,284
23.0,14,4,3,286
23.0,14,4,4,287
23.0,14,4,5,289
23.0,14,4,6,290
23.0,14,4,7,291
23.0,14,4,8,293
23.0,14,4,9,294
23.0,14,4,10,295
23.0,14,4,11,297
23.0,14,4,12,298
23.0,14,4,13,299
23.0,14,4,14,300
23.0,14,4,15,302
23.0,14,5,0,283
23.0,14,5,1,285
23.0,14,5,2,286
23.0,14,5,3,288
23.0,14,5,4,289
23.0,14,5,5,290
23.0,14,5,6,292
23.0,14,5,7,293
23.0,14,5,8,294
23.0,14,5,9,296
23.0,14,5,10,297
23.0,14,5,11,298
23.0,14,5,12,300
23.0,14,5,13,301
23.0,14,5,14,302
23.0,14,5,15,304
23.0,14,6,0,285
23.0,14,6,1,286
23.0,14,6,2,288
23.0,14,6,3,289
23.0,14,6,4,291
23.0,14,6,5,292
23.0,14,6,6,293
23.0,14,6,7,295
23.0,14,6,8,296
23.0,14,6,9,297
23.0,14,6,10,299
23.0,14,6,11,300
23.0,14,6,12,301
23.0,14,6,13,303
23.0,14,6,14,304
23.0,14,6,15,305
23.0,14,7,0,287
23.0,14,7,1,288
23.0,14,7,2,289
23.0,14,7,3,291
23.0,14,7,4,292
23.0,14,7,5,294
23.0,14,7,6,295
23.0,14,7,7,296
23.0,14,7,8,298
23.0,14,7,9,299
23.0,14,7,10,300
23.0,14,7,11,302
23.0,14,7,12,303
23.0,14,7,13,304
23.0,14,7,14,306
23.0,14,7,15,307
23.0,14,8,0,288
23.0,14,8,1,290
23.0,14,8,2,291
23.0,14,8,3,292
23.0,14,8,4,294
23.0,14,8,5,295
23.0,14,8,6,297
23.0,14,8,7,298
23.0,14,8,8,299
23.0,14,8,9,301
23.0,14,8,10,302
23.0,14,8,11,303
23.0,14,8,12,305
23.0,14,8,13,306
23.0,14,8,14,307
23.0,14,8,15,309
23.0,14,9,0,290
23.0,14,9,1,291
23.0,14,9,2,293
23.0,14,9,3,294
23.0,14,9,4,295
23.0,14,9,5,297
23.0,14,9,6,298
23.0,14,9,7,300
23.0,14,9,8,301
23.0,14,9,9,302
23.0,14,9,10,304
23.0,14,9,11,305
23.0,14,9,12,306
23.0,14,9,13,308
23.0,14,9,14,309
23.0,14,9,15,310
23.0,14,10,0,291
23.0,14,10,1,293
23.0,14,10,2,294
23.0,14,10,3,296
23.0,14,10,4,297
23.0,14,10,5,298
23.0,14,10,6,300
23.0,14,10,7,301
23.0,14,10,8,303
23.0,14,10,9,304
23.0,14,10,10,305
23.0,14,10,11,307
23.0,14,10,12,308
23.0,14,10,13,309
23.0,14,10,14,311
23.0,14,10,15,312
23.0,14,11,0,293
23.0,14,11,1,294
23.0,14,11,2,296
23.0,14,11,3,297
23.0,14,11,4,299
23.0,14,11,5,300
23.0,14,11,6,301
23.0,14,11,7,303
23.0,14,11,8,304
23.0,14,11,9,306
23.0,14,11,10,307
23.0,14,11,11,308
23.0,14,11,12,310
23.0,14,11,13,311
23.0,14,11,14,312
23.0,14,11,15,314
23.0,14,12,0,294
23.0,14,12,1,296
23.0,14,12,2,297
23.0,14,12,3,299
23.0,14,12,4,300
23.0,14,12,5,302
23.0,14,12,6,303
23.0,14,12,7,304
23.0,14,12,8,306
23.0,14,12,9,307
23.0,14,12,10,309
23.0,14,12,11,310
23.0,14,12,12,311
23.0,14,12,13,313
23.0,14,12,14,314
23.0,14,12,15,315
23.0,14,13,0,296
23.0,14,13,1,297
23.0,14,13,2,299
23.0,14,13,3,300
23.0,14,13,4,302
23.0,14,13,5,303
23.0,14,13,6,305
23.0,14,13,7,306
23.0,14,13,8,307
23.0,14,13,9,309
23.0,14,13,10,310
23.0,14,13,11,312
23.0,14,13,12,313
23.0,14,13,13,314
23.0,14,13,14,316
23.0,14,13,15,317
23.0,14,14,0,298
23.0,14,14,1,299
23.0,14,14,2,300
23.0,14,14,3,302
23.0,14,14,4,303
23.0,14,14,5,305
23.0,14,14,6,306
23.0,14,14,7,308
23.0,14,14,8,309
23.0,14,14,9,310
23.0,14,14,10,312
23.0,14,14,11,313
23.0,14,14,12,315
23.0,14,14,13,316
23.0,14,14,14,317
23.0,14,14,15,319
23.0,14,15,0,299
23.0,14,15,1,301
23.0,14,15,2,302
23.0,14,15,3,303
23.0,14,15,4,305
23.0,14,15,5,306
23.0,14,15,6,308
23.0,14,15,7,309
23.0,14,15,8,311
23.0,14,15,9,312
23.0,14,15,10,313
23.0,14,15,11,315
23.0,14,15,12,316
23.0,14,15,13,318
23.0,14,15,14,319
23.0,14,15,15,320
23.0,15,0,0,279
23.0,15,0,1,280
23.0,15,0,2,282
23.0,15,0,3,283
23.0,15,0,4,284
23.0,15,0,5,286
23.0,15,0,6,287
23.0,15,0,7,288
23.0,15,0,8,290
23.0,15,0,9,291
23.0,15,0,10,292
23.0,15,0,11,294
23.0,15,0,12,295
23.0,15,0,13,296
23.0,15,0,14,298
23.0,15,0,15,299
23.0,15,1,0,281
23.0,15,1,1,282
23.0,15,1,2,283
23.0,15,1,3,285
23.0,15,1,4,286
23.0,15,1,5,287
23.0,15,1,6,289
23.0,15,1,7,290
23.0,15,1,8,291
23.0,15,1,9,293
23.0,15,1,10,294
23.0,15,1,11,295
23.0,15,1,12,297
23.0,15,1,13,298
23.0,15,1,14,299
23.0,15,1,15,301
23.0,15,2,0,282
23.0,15,2,1,284
23.0,15,2,2,285
23.0,15,2,3,286
23.0,15,2,4,288
23.0,15,2,5,289
23.0,15,2,6,291
23.0,15,2,7,292
23.0,15,2,8,293
23.0,15,2,9,295
23.0,15,2,10,296
23.0,15,2,11,297
23.0,15,2,12,298
23.0,15,2,13,300
23.0,15,2,14,301
23.0,15,2,15,302
23.0,15,3,0,284
23.0,15,3,1,285
23.0,15,3,2,287
23.0,15,3,3,288
23.0,15,3,4,289
23.0,15,3,5,291
23.0,15,3,6,292
23.0,15,3,7,294
23.0,15,3,8,295
23.0,15,3,9,296
23.0,15,3,10,298
23.0,15,3,11,299
23.0,15,3,12,300
23.0,15,3,13,302
23.0,15,3,14,303
23.0,15,3,15,304
23.0,15,4,0,286
23.0,15,4,1,287
23.0,15,4,2,288
23.0,15,4,3,290
23.0,15,4,4,291
23.0,15,4,5,293
23.0,15,4,6,294
23.0,15,4,7,295
23.0,15,4,8,297
23.0,15,4,9,298
23.0,15,4,10,299
23.0,15,4,11,301
23.0,15,4,12,302
23.0,15,4,13,303
23.0,15,4,14,305
23.0,15,4,15,306
23.0,15,5,0,287
23.0,15,5,1,289
23.0,15,5,2,290
23.0,15,5,3,291
23.0,15,5,4,293
23.0,15,5,5,294
23.0,15,5,6,296
23.0,15,5,7,297
23.0,15,5,8,298
23.0,15,5,9,300
23.0,15,5,10,301
23.0,15,5,11,302
23.0,15,5,12,304
23.0,15,5,13,305
23.0,15,5,14,306
23.0,15,5,15,308
23.0,15,6,0,289
23.0,15,6,1,290
23.0,15,6,2,292
23.0,15,6,3,293
23.0,15,6,4,295
23.0,15,6,5,296
23.0,15,6,6,297
23.0,15,6,7,299
23.0,15,6,8,300
23.0,15,6,9,301
23.0,15,6,10,303
23.0,15,6,11,304
23.0,15,6,12,305
23.0,15,6,13,307
23.0,15,6,14,308
23.0,15,6,15,309
23.0,15,7,0,291
23.0,15,7,1,292
23.0,15,7,2,293
23.0,15,7,3,295
23.0,15,7,4,296
23.0,15,7,5,298
23.0,15,7,6,299
23.0,15,7,7,300
23.0,15,7,8,302
23.0,15,7,9,303
23.0,15,7,10,304
23.0,15,7,11,306
23.0,15,7,12,307
23.0,15,7,13,308
23.0,15,7,14,310
23.0,15,7,15,311
23.0,15,8,0,292
23.0,15,8,1,294
23.0,15,8,2,295
23.0,15,8,3,296
23.0,15,8,4,298
23.0,15,8,5,299
23.0,15,8,6,301
23.0,15,8,7,302
23.0,15,8,8,303
23.0,15,8,9,305
23.0,15,8,10,306
23.0,15,8,11,307
23.0,15,8,12,309
23.0,15,8,13,310
23.0,15,8,14,312
23.0,15,8,15,313
23.0,15,9,0,294
23.0,15,9,1,295
23.0,15,9,2,297
23.0,15,9,3,298
23.0,15,9,4,299
23.0,15,9,5,301
23.0,15,9,6,302
23.0,15,9,7,304
23.0,15,9,8,305
23.0,15,9,9,306
23.0,15,9,10,308
23.0,15,9,11,309
23.0,15,9,12,311
23.0,15,9,13,312
23.0,15,9,14,313
23.0,15,9,15,315
23.0,15,10,0,295
23.0,15,10,1,297
23.0,15,10,2,298
23.0,15,10,3,300
23.0,15,10,4,301
23.0,15,10,5,302
23.0,15,10,6,304
23.0,15,10,7,305
23.0,15,10,8,307
23.0,15,10,9,308
23.0,15,10,10,309
23.0,15,10,11,311
23.0,15,10,12,312
23.0,15,10,13,314
23.0,15,10,14,315
23.0,15,10,15,316
23.0,15,11,0,297
23.0,15,11,1,298
23.0,15,11,2,300
23.0,15,11,3,301
23.0,15,11,4,303
23.0,15,11,5,304
23.0,15,11,6,306
23.0,15,11,7,307
23.0,15,11,8,308
23.0,15,11,9,310
23.0,15,11,10,311
23.0,15,11,11,313
23.0,15,11,12,314
23.0,15,11,13,315
23.0,15,11,14,317
23.0,15,11,15,318
23.0,15,12,0,298
23.0,15,12,1,300
23.0,15,12,2,301
23.0,15,12,3,303
23.0,15,12,4,304
23.0,15,12,5,306
23.0,15,12,6,307
23.0,15,12,7,309
23.0,15,12,8,310
23.0,15,12,9,311
23.0,15,12,10,313
23.0,15,12,11,314
23.0,15,12,12,316
23.0,15,12,13,317
23.0,15,12,14,318
23.0,15,12,15,320
23.0,15,13,0,300
23.0,15,13,1,302
23.0,15,13,2,303
23.0,15,13,3,304
23.0,15,13,4,306
23.0,15,13,5,307
23.0,15,13,6,309
23.0,15,13,7,310
23.0,15,13,8,312
23.0,15,13,9,313
23.0,15,13,10,314
23.0,15,13,11,316
23.0,15,13,12,317
23.0,15,13,13,319
23.0,15,13,14,320
23.0,15,13,15,321
23.0,15,14,0,302
23.0,15,14,1,303
23.0,15,14,2,305
23.0,15,14,3,306
23.0,15,14,4,307
23.0,15,14,5,309
23.0,15,14,6,310
23.0,15,14,7,312
23.0,15,14,8,313
23.0,15,14,9,315
23.0,15,14,10,316
23.0,15,14,11,317
23.0,15,14,12,319
23.0,15,14,13,320
23.0,15,14,14,322
23.0,15,14,15,323
23.0,15,15,0,303
23.0,15,15,1,305
23.0,15,15,2,306
23.0,15,15,3,308
23.0,15,15,4,309
23.0,15,15,5,311
23.0,15,15,6,312
23.0,15,15,7,313
23.0,15,15,8,315
23.0,15,15,9,316
23.0,15,15,10,318
23.0,15,15,11,319
23.0,15,15,12,321
23.0,15,15,13,322
23.0,15,15,14,323
23.0,15,15,15,325
23.5,0,0,0,227
23.5,0,0,1,228
23.5,0,0,2,229
23.5,0,0,3,230
23.5,0,0,4,232
23.5,0,0,5,233
23.5,0,0,6,234
23.5,0,0,7,235
23.5,0,0,8,236
23.5,0,0,9,237
23.5,0,0,10,238
23.5,0,0,11,239
23.5,0,0,12,240
23.5,0,0,13,241
23.5,0,0,14,242
23.5,0,0,15,243
23.5,0,1,0,229
23.5,0,1,1,230
23.5,0,1,2,231
23.5,0,1,3,232
23.5,0,1,4,233
23.5,0,1,5,234
23.5,0,1,6,235
23.5,0,1,7,236
23.5,0,1,8,237
23.5,0,1,9,238
23.5,0,1,10,239
23.5,0,1,11,241
23.5,0,1,12,242
23.5,0,1,13,243
23.5,0,1,14,244
23.5,0,1,15,245
23.5,0,2,0,230
23.5,0,2,1,231
23.5,0,2,2,232
23.5,0,2,3,233
23.5,0,2,4,234
23.5,0,2,5,235
23.5,0,2,6,237
23.5,0,2,7,238
23.5,0,2,8,239
23.5,0,2,9,240
23.5,0,2,10,241
23.5,0,2,11,242
23.5,0,2,12,243
23.5,0,2,13,244
23.5,0,2,14,245
23.5,0,2,15,246
23.5,0,3,0,231
23.5,0,3,1,232
23.5,0,3,2,233
23.5,0,3,3,235
23.5,0,3,4,236
23.5,0,3,5,237
23.5,0,3,6,238
23.5,0,3,7,239
23.5,0,3,8,240
23.5,0,3,9,241
23.5,0,3,10,242
23.5,0,3,11,243
23.5,0,3,12,244
23.5,0,3,13,246
23.5,0,3,14,247
23.5,0,3,15,248
23.5,0,4,0,233
23.5,0,4,1,234
23.5,0,4,2,235
23.5,0,4,3,236
23.5,0,4,4,237
23.5,0,4,5,238
23.5,0,4,6,239
23.5,0,4,7,240
23.5,0,4,8,242
23.5,0,4,9,243
23.5,0,4,10,244
23.5,0,4,11,245
23.5,0,4,12,246
23.5,0,4,13,247
23.5,0,4,14,248
23.5,0,4,15,249
23.5,0,5,0,234
23.5,0,5,1,235
23.5,0,5,2,236
23.5,0,5,3,237
23.5,0,5,4,238
23.5,0,5,5,240
23.5,0,5,6,241
23.5,0,5,7,242
23.5,0,5,8,243
23.5,0,5,9,244
23.5,0,5,10,245
23.5,0,5,11,246
23.5,0,5,12,247
23.5,0,5,13,248
23.5,0,5,14,249
23.5,0,5,15,251
23.5,0,6,0,235
23.5,0,6,1,236
23.5,0,6,2,238
23.5,0,6,3,239
23.5,0,6,4,240
23.5,0,6,5,241
23.5,0,6,6,242
23.5,0,6,7,243
23.5,0,6,8,244
23.5,0,6,9,245
23.5,0,6,10,247
23.5,0,6,11,248
23.5,0,6,12,249
23.5,0,6,13,250
23.5,0,6,14,251
23.5,0,6,15,252
23.5,0,7,0,237
23.5,0,7,1,238
23.5,0,7,2,239
23.5,0,7,3,240
23.5,0,7,4,241
23.5,0,7,5,242
23.5,0,7,6,243
23.5,0,7,7,245
23.5,0,7,8,246
23.5,0,7,9,247
23.5,0,7,10,248
23.5,0,7,11,249
23.5,0,7,12,250
23.5,0,7,13,251
23.5,0,7,14,252
23.5,0,7,15,253
23.5,0,8,0,238
23.5,0,8,1,239
23.5,0,8,2,240
23.5,0,8,3,241
23.5,0,8,4,243
23.5,0,8,5,244
23.5,0,8,6,245
23.5,0,8,7,246
23.5,0,8,8,247
23.5,0,8,9,248
23.5,0,8,10,249
23.5,0,8,11,250
23.5,0,8,12,252
23.5,0,8,13,253
23.5,0,8,14,254
23.5,0,8,15,255
23.5,0,9,0,239
23.5,0,9,1,240
23.5,0,9,2,242
23.5,0,9,3,243
23.5,0,9,4,244
23.5,0,9,5,245
23.5,0,9,6,246
23.5,0,9,7,247
23.5,0,9,8,248
23.5,0,9,9,250
23.5,0,9,10,251
23.5,0,9,11,252
23.5,0,9,12,253
23.5,0,9,13,254
23.5,0,9,14,255
23.5,0,9,15,256
23.5,0,10,0,240
23.5,0,10,1,242
23.5,0,10,2,243
23.5,0,10,3,244
23.5,0,10,4,245
23.5,0,10,5,246
23.5,0,10,6,247
23.5,0,10,7,249
23.5,0,10,8,250
23.5,0,10,9,251
23.5,0,10,10,252
23.5,0,10,11,253
23.5,0,10,12,254
23.5,0,10,13,255
23.5,0,10,14,256
23.5,0,10,15,258
23.5,0,11,0,242
23.5,0,11,1,243
23.5,0,11,2,244
23.5,0,11,3,245
23.5,0,11,4,246
23.5,0,11,5,248
23.5,0,11,6,249
23.5,0,11,7,250
23.5,0,11,8,251
23.5,0,11,9,252
23.5,0,11,10,253
23.5,0,11,11,255
23.5,0,11,12,256
23.5,0,11,13,257
23.5,0,11,14,258
23.5,0,11,15,259
23.5,0,12,0,243
23.5,0,12,1,244
23.5,0,12,2,245
23.5,0,12,3,247
23.5,0,12,4,248
23.5,0,12,5,249
23.5,0,12,6,250
23.5,0,12,7,251
23.5,0,12,8,252
23.5,0,12,9,254
23.5,0,12,10,255
23.5,0,12,11,256
23.5,0,12,12,257
23.5,0,12,13,258
23.5,0,12,14,259
23.5,0,12,15,260
23.5,0,13,0,244
23.5,0,13,1,246
23.5,0,13,2,247
23.5,0,13,3,248
23.5,0,13,4,249
23.5,0,13,5,250
23.5,0,13,6,251
23.5,0,13,7,253
23.5,0,13,8,254
23.5,0,13,9,255
23.5,0,13,10,256
23.5,0,13,11,257
23.5,0,13,12,258
23.5,0,13,13,259
23.5,0,13,14,261
23.5,0,13,15,262
23.5,0,14,0,246
23.5,0,14,1,247
23.5,0,14,2,248
23.5,0,14,3,249
23.5,0,14,4,250
23.5,0,14,5,252
23.5,0,14,6,253
23.5,0,14,7,254
23.5,0,14,8,255
23.5,0,14,9,256
23.5,0,14,10,257
23.5,0,14,11,259
23.5,0,14,12,260
23.5,0,14,13,261
23.5,0,14,14,262
23.5,0,14,15,263
23.5,0,15,0,247
23.5,0,15,1,248
23.5,0,15,2,249
23.5,0,15,3,250
23.5,0,15,4,252
23.5,0,15,5,253
23.5,0,15,6,254
23.5,0,15,7,255
23.5,0,15,8,256
23.5,0,15,9,258
23.5,0,15,10,259
23.5,0,15,11,260
23.5,0,15,12,261
23.5,0,15,13,262
23.5,0,15,14,263
23.5,0,15,15,264
23.5,1,0,0,231
23.5,1,0,1,232
23.5,1,0,2,233
23.5,1,0,3,234
23.5,1,0,4,236
23.5,1,0,5,237
23.5,1,0,6,238
23.5,1,0,7,239
23.5,1,0,8,240
23.5,1,0,9,241
23.5,1,0,10,242
23.5,1,0,11,243
23.5,1,0,12,244
23.5,1,0,13,245
23.5,1,0,14,246
23.5,1,0,15,247
23.5,1,1,0,232
23.5,1,1,1,234
23.5,1,1,2,235
23.5,1,1,3,236
23.5,1,1,4,237
23.5,1,1,5,238
23.5,1,1,6,239
23.5,1,1,7,240
23.5,1,1,8,241
23.5,1,1,9,242
23.5,1,1,10,244
23.5,1,1,11,245
23.5,1,1,12,246
23.5,1,1,13,247
23.5,1,1,14,248
23.5,1,1,15,249
23.5,1,2,0,234
23.5,1,2,1,235
23.5,1,2,2,236
23.5,1,2,3,237
23.5,1,2,4,238
23.5,1,2,5,239
23.5,1,2,6,241
23.5,1,2,7,242
23.5,1,2,8,243
23.5,1,2,9,244
23.5,1,2,10,245
23.5,1,2,11,246
23.5,1,2,12,247
23.5,1,2,13,248
23.5,1,2,14,249
23.5,1,2,15,250
23.5,1,3,0,235
23.5,1,3,1,236
23.5,1,3,2,237
23.5,1,3,3,239
23.5,1,3,4,240
23.5,1,3,5,241
23.5,1,3,6,242
23.5,1,3,7,243
23.5,1,3,8,244
23.5,1,3,9,245
23.5,1,3,10,246
23.5,1,3,11,248
23.5,1,3,12,249
23.5,1,3,13,250
23.5,1,3,14,251
23.5,1,3,15,252
23.5,1,4,0,237
23.5,1,4,1,238
23.5,1,4,2,239
23.5,1,4,3,240
23.5,1,4,4,241
23.5,1,4,5,242
23.5,1,4,6,243
23.5,1,4,7,245
23.5,1,4,8,246
23.5,1,4,9,247
23.5,1,4,10,248
23.5,1,4,11,249
23.5,1,4,12,250
23.5,1,4,13,251
23.5,1,4,14,252
23.5,1,4,15,253
23.5,1,5,0,238
23.5,1,5,1,239
23.5,1,5,2,240
23.5,1,5,3,241
23.5,1,5,4,243
23.5,1,5,5,244
23.5,1,5,6,245
23.5,1,5,7,246
23.5,1,5,8,247
23.5,1,5,9,248
23.5,1,5,10,249
23.5,1,5,11,250
23.5,1,5,12,252
23.5,1,5,13,253
23.5,1,5,14,254
23.5,1,5,15,255
23.5,1,6,0,239
23.5,1,6,1,240
23.5,1,6,2,242
23.5,1,6,3,243
23.5,1,6,4,244
23.5,1,6,5,245
23.5,1,6,6,246
23.5,1,6,7,247
23.5,1,6,8,248
23.5,1,6,9,250
23.5,1,6,10,251
23.5,1,6,11,252
23.5,1,6,12,253
23.5,1,6,13,254
23.5,1,6,14,255
23.5,1,6,15,256
23.5,1,7,0,241
23.5,1,7,1,242
23.5,1,7,2,243
23.5,1,7,3,244
23.5,1,7,4,245
23.5,1,7,5,246
23.5,1,7,6,248
23.5,1,7,7,249
23.5,1,7,8,250
23.5,1,7,9,251
23.5,1,7,10,252
23.5,1,7,11,253
23.5,1,7,12,254
23.5,1,7,13,255
23.5,1,7,14,257
23.5,1,7,15,258
23.5,1,8,0,242
23.5,1,8,1,243
23.5,1,8,2,244
23.5,1,8,3,245
23.5,1,8,4,247
23.5,1,8,5,248
23.5,1,8,6,249
23.5,1,8,7,250
23.5,1,8,8,251
23.5,1,8,9,252
23.5,1,8,10,254
23.5,1,8,11,255
23.5,1,8,12,256
23.5,1,8,13,257
23.5,1,8,14,258
23.5,1,8,15,259
23.5,1,9,0,243
23.5,1,9,1,244
23.5,1,9,2,246
23.5,1,9,3,247
23.5,1,9,4,248
23.5,1,9,5,249
23.5,1,9,6,250
23.5,1,9,7,251
23.5,1,9,8,253
23.5,1,9,9,254
23.5,1,9,10,255
23.5,1,9,11,256
23.5,1,9,12,257
23.5,1,9,13,258
23.5,1,9,14,259
23.5,1,9,15,261
23.5,1,10,0,245
23.5,1,10,1,246
23.5,1,10,2,247
23.5,1,10,3,248
23.5,1,10,4,249
23.5,1,10,5,250
23.5,1,10,6,252
23.5,1,10,7,253
23.5,1,10,8,254
23.5,1,10,9,255
23.5,1,10,10,256
23.5,1,10,11,257
23.5,1,10,12,259
23.5,1,10,13,260
23.5,1,10,14,261
23.5,1,10,15,262
23.5,1,11,0,246
23.5,1,11,1,247
23.5,1,11,2,248
23.5,1,11,3,249
23.5,1,11,4,251
23.5,1,11,5,252
23.5,1,11,6,253
23.5,1,11,7,254
23.5,1,11,8,255
23.5,1,11,9,257
23.5,1,11,10,258
23.5,1,11,11,259
23.5,1,11,12,260
23.5,1,11,13,261
23.5,1,11,14,262
23.5,1,11,15,263
23.5,1,12,0,247
23.5,1,12,1,248
23.5,1,12,2,250
23.5,1,12,3,251
23.5,1,12,4,252
23.5,1,12,5,253
23.5,1,12,6,254
23.5,1,12,7,256
23.5,1,12,8,257
23.5,1,12,9,258
23.5,1,12,10,259
23.5,1,12,11,260
23.5,1,12,12,261
23.5,1,12,13,262
23.5,1,12,14,264
23.5,1,12,15,265
23.5,1,13,0,248
23.5,1,13,1,250
23.5,1,13,2,251
23.5,1,13,3,252
23.5,1,13,4,253
23.5,1,13,5,255
23.5,1,13,6,256
23.5,1,13,7,257
23.5,1,13,8,258
23.5,1,13,9,259
23.5,1,13,10,260
23.5,1,13,11,262
23.5,1,13,12,263
23.5,1,13,13,264
23.5,1,13,14,265
23.5,1,13,15,266
23.5,1,14,0,250
23.5,1,14,1,251
23.5,1,14,2,252
23.5,1,14,3,253
23.5,1,14,4,255
23.5,1,14,5,256
23.5,1,14,6,257
23.5,1,14,7,258
23.5,1,14,8,259
23.5,1,14,9,261
23.5,1,14,10,262
23.5,1,14,11,263
23.5,1,14,12,264
23.5,1,14,13,265
23.5,1,14,14,266
23.5,1,14,15,268
23.5,1,15,0,251
23.5,1,15,1,252
23.5,1,15,2,254
23.5,1,15,3,255
23.5,1,15,4,256
23.5,1,15,5,257
23.5,1,15,6,258
23.5,1,15,7,260
23.5,1,15,8,261
23.5,1,15,9,262
23.5,1,15,10,263
23.5,1,15,11,264
23.5,1,15,12,265
23.5,1,15,13,267
23.5,1,15,14,268
23.5,1,15,15,269
23.5,2,0,0,235
23.5,2,0,1,236
23.5,2,0,2,237
23.5,2,0,3,238
23.5,2,0,4,239
23.5,2,0,5,241
23.5,2,0,6,242
23.5,2,0,7,243
23.5,2,0,8,244
23.5,2,0,9,245
23.5,2,0,10,246
23.5,2,0,11,247
23.5,2,0,12,248
23.5,2,0,13,249
23.5,2,0,14,251
23.5,2,0,15,252
23.5,2,1,0,236
23.5,2,1,1,237
23.5,2,1,2,239
23.5,2,1,3,240
23.5,2,1,4,241
23.5,2,1,5,242
23.5,2,1,6,243
23.5,2,1,7,244
23.5,2,1,8,245
23.5,2,1,9,247
23.5,2,1,10,248
23.5,2,1,11,249
23.5,2,1,12,250
23.5,2,1,13,251
23.5,2,1,14,252
23.5,2,1,15,253
23.5,2,2,0,238
23.5,2,2,1,239
23.5,2,2,2,240
23.5,2,2,3,241
23.5,2,2,4,242
23.5,2,2,5,243
23.5,2,2,6,245
23.5,2,2,7,246
23.5,2,2,8,247
23.5,2,2,9,248
23.5,2,2,10,249
23.5,2,2,11,250
23.5,2,2,12,251
23.5,2,2,13,252
23.5,2,2,14,254
23.5,2,2,15,255
23.5,2,3,0,239
23.5,2,3,1,240
23.5,2,3,2,241
23.5,2,3,3,243
23.5,2,3,4,244
23.5,2,3,5,245
23.5,2,3,6,246
23.5,2,3,7,247
23.5,2,3,8,248
23.5,2,3,9,249
23.5,2,3,10,251
23.5,2,3,11,252
23.5,2,3,12,253
23.5,2,3,13,254
23.5,2,3,14,255
23.5,2,3,15,256
23.5,2,4,0,240
23.5,2,4,1,242
23.5,2,4,2,243
23.5,2,4,3,244
23.5,2,4,4,245
23.5,2,4,5,246
23.5,2,4,6,247
23.5,2,4,7,249
23.5,2,4,8,250
23.5,2,4,9,251
23.5,2,4,10,252
23.5,2,4,11,253
23.5,2,4,12,254
23.5,2,4,13,255
23.5,2,4,14,256
23.5,2,4,15,258
23.5,2,5,0,242
23.5,2,5,1,243
23.5,2,5,2,244
23.5,2,5,3,245
23.5,2,5,4,247
23.5,2,5,5,248
23.5,2,5,6,249
23.5,2,5,7,250
23.5,2,5,8,251
23.5,2,5,9,252
23.5,2,5,10,253
23.5,2,5,11,255
23.5,2,5,12,256
23.5,2,5,13,257
23.5,2,5,14,258
23.5,2,5,15,259
23.5,2,6,0,243
23.5,2,6,1,244
23.5,2,6,2,246
23.5,2,6,3,247
23.5,2,6,4,248
23.5,2,6,5,249
23.5,2,6,6,250
23.5,2,6,7,251
23.5,2,6,8,253
23.5,2,6,9,254
23.5,2,6,10,255
23.5,2,6,11,256
23.5,2,6,12,257
23.5,2,6,13,258
23.5,2,6,14,259
23.5,2,6,15,261
23.5,2,7,0,245
23.5,2,7,1,246
23.5,2,7,2,247
23.5,2,7,3,248
23.5,2,7,4,249
23.5,2,7,5,251
23.5,2,7,6,252
23.5,2,7,7,253
23.5,2,7,8,254
23.5,2,7,9,255
23.5,2,7,10,256
23.5,2,7,11,257
23.5,2,7,12,259
23.5,2,7,13,260
23.5,2,7,14,261
23.5,2,7,15,262
23.5,2,8,0,246
23.5,2,8,1,247
23.5,2,8,2,248
23.5,2,8,3,250
23.5,2,8,4,251
23.5,2,8,5,252
23.5,2,8,6,253
23.5,2,8,7,254
23.5,2,8,8,255
23.5,2,8,9,257
23.5,2,8,10,258
23.5,2,8,11,259
23.5,2,8,12,260
23.5,2,8,13,261
23.5,2,8,14,262
23.5,2,8,15,263
23.5,2,9,0,247
23.5,2,9,1,249
23.5,2,9,2,250
23.5,2,9,3,251
23.5,2,9,4,252
23.5,2,9,5,253
23.5,2,9,6,254
23.5,2,9,7,256
23.5,2,9,8,257
23.5,2,9,9,258
23.5,2,9,10,259
23.5,2,9,11,260
23.5,2,9,12,261
23.5,2,9,13,263
23.5,2,9,14,264
23.5,2,9,15,265
23.5,2,10,0,249
23.5,2,10,1,250
23.5,2,10,2,251
23.5,2,10,3,252
23.5,2,10,4,253
23.5,2,10,5,255
23.5,2,10,6,256
23.5,2,10,7,257
23.5,2,10,8,258
23.5,2,10,9,259
23.5,2,10,10,261
23.5,2,10,11,262
23.5,2,10,12,263
23.5,2,10,13,264
23.5,2,10,14,265
23.5,2,10,15,266
23.5,2,11,0,250
23.5,2,11,1,251
23.5,2,11,2,252
23.5,2,11,3,254
23.5,2,11,4,255
23.5,2,11,5,256
23.5,2,11,6,257
23.5,2,11,7,258
23.5,2,11,8,260
23.5,2,11,9,261
23.5,2,11,10,262
23.5,2,11,11,263
23.5,2,11,12,264
23.5,2,11,13,265
23.5,2,11,14,267
23.5,2,11,15,268
23.5,2,12,0,251
23.5,2,12,1,253
23.5,2,12,2,254
23.5,2,12,3,255
23.5,2,12,4,256
23.5,2,12,5,257
23.5,2,12,6,259
23.5,2,12,7,260
23.5,2,12,8,261
23.5,2,12,9,262
23.5,2,12,10,263
23.5,2,12,11,265
23.5,2,12,12,266
23.5,2,12,13,267
23.5,2,12,14,268
23.5,2,12,15,269
23.5,2,13,0,253
23.5,2,13,1,254
23.5,2,13,2,255
23.5,2,13,3,256
23.5,2,13,4,258
23.5,2,13,5,259
23.5,2,13,6,260
23.5,2,13,7,261
23.5,2,13,8,262
23.5,2,13,9,264
23.5,2,13,10,265
23.5,2,13,11,266
23.5,2,13,12,267
23.5,2,13,13,268
23.5,2,13,14,269
23.5,2,13,15,271
23.5,2,14,0,254
23.5,2,14,1,255
23.5,2,14,2,256
23.5,2,14,3,258
23.5,2,14,4,259
23.5,2,14,5,260
23.5,2,14,6,261
23.5,2,14,7,263
23.5,2,14,8,264
23.5,2,14,9,265
23.5,2,14,10,266
23.5,2,14,11,267
23.5,2,14,12,269
23.5,2,14,13,270
23.5,2,14,14,271
23.5,2,14,15,272
23.5,2,15,0,255
23.5,2,15,1,257
23.5,2,15,2,258
23.5,2,15,3,259
23.5,2,15,4,260
23.5,2,15,5,261
23.5,2,15,6,263
23.5,2,15,7,264
23.5,2,15,8,265
23.5,2,15,9,266
23.5,2,15,10,268
23.5,2,15,11,269
23.5,2,15,12,270
23.5,2,15,13,271
23.5,2,15,14,272
23.5,2,15,15,273
23.5,3,0,0,239
23.5,3,0,1,240
23.5,3,0,2,241
23.5,3,0,3,242
23.5,3,0,4,243
23.5,3,0,5,245
23.5,3,0,6,246
23.5,3,0,7,247
23.5,3,0,8,248
23.5,3,0,9,249
23.5,3,0,10,250
23.5,3,0,11,251
23.5,3,0,12,252
23.5,3,0,13,254
23.5,3,0,14,255
23.5,3,0,15,256
23.5,3,1,0,240
23.5,3,1,1,241
23.5,3,1,2,243
23.5,3,1,3,244
23.5,3,1,4,245
23.5,3,1,5,246
23.5,3,1,6,247
23.5,3,1,7,248
23.5,3,1,8,249
23.5,3,1,9,251
23.5,3,1,10,252
23.5,3,1,11,253
23.5,3,1,12,254
23.5,3,1,13,255
23.5,3,1,14,256
23.5,3,1,15,257
23.5,3,2,0,242
23.5,3,2,1,243
23.5,3,2,2,244
23.5,3,2,3,245
23.5,3,2,4,246
23.5,3,2,5,247
23.5,3,2,6,249
23.5,3,2,7,250
23.5,3,2,8,251
23.5,3,2,9,252
23.5,3,2,10,253
23.5,3,2,11,254
23.5,3,2,12,255
23.5,3,2,13,257
23.5,3,2,14,258
23.5,3,2,15,259
23.5,3,3,0,243
23.5,3,3,1,244
23.5,3,3,2,245
23.5,3,3,3,247
23.5,3,3,4,248
23.5,3,3,5,249
23.5,3,3,6,250
23.5,3,3,7,251
23.5,3,3,8,252
23.5,3,3,9,254
23.5,3,3,10,255
23.5,3,3,11,256
23.5,3,3,12,257
23.5,3,3,13,258
23.5,3,3,14,259
23.5,3,3,15,260
23.5,3,4,0,244
23.5,3,4,1,246
23.5,3,4,2,247
23.5,3,4,3,248
23.5,3,4,4,249
23.5,3,4,5,250
23.5,3,4,6,252
23.5,3,4,7,253
23.5,3,4,8,254
23.5,3,4,9,255
23.5,3,4,10,256
23.5,3,4,11,257
23.5,3,4,12,258
23.5,3,4,13,260
23.5,3,4,14,261
23.5,3,4,15,262
23.5,3,5,0,246
23.5,3,5,1,247
23.5,3,5,2,248
23.5,3,5,3,249
23.5,3,5,4,251
23.5,3,5,5,252
23.5,3,5,6,253
23.5,3,5,7,254
23.5,3,5,8,255
23.5,3,5,9,256
23.5,3,5,10,258
23.5,3,5,11,259
23.5,3,5,12,260
23.5,3,5,13,261
23.5,3,5,14,262
23.5,3,5,15,263
23.5,3,6,0,247
23.5,3,6,1,248
23.5,3,6,2,250
23.5,3,6,3,251
23.5,3,6,4,252
23.5,3,6,5,253
23.5,3,6,6,254
23.5,3,6,7,256
23.5,3,6,8,257
23.5,3,6,9,258
23.5,3,6,10,259
23.5,3,6,11,260
23.5,3,6,12,261
23.5,3,6,13,263
23.5,3,6,14,264
23.5,3,6,15,265
23.5,3,7,0,249
23.5,3,7,1,250
23.5,3,7,2,251
23.5,3,7,3,252
23.5,3,7,4,253
23.5,3,7,5,255
23.5,3,7,6,256
23.5,3,7,7,257
23.5,3,7,8,258
23.5,3,7,9,259
23.5,3,7,10,261
23.5,3,7,11,262
23.5,3,7,12,263
23.5,3,7,13,264
23.5,3,7,14,265
23.5,3,7,15,266
23.5,3,8,0,250
23.5,3,8,1,251
23.5,3,8,2,252
23.5,3,8,3,254
23.5,3,8,4,255
23.5,3,8,5,256
23.5,3,8,6,257
23.5,3,8,7,258
23.5,3,8,8,260
23.5,3,8,9,261
23.5,3,8,10,262
23.5,3,8,11,263
23.5,3,8,12,264
23.5,3,8,13,265
23.5,3,8,14,267
23.5,3,8,15,268
23.5,3,9,0,251
23.5,3,9,1,253
23.5,3,9,2,254
23.5,3,9,3,255
23.5,3,9,4,256
23.5,3,9,5,257
23.5,3,9,6,259
23.5,3,9,7,260
23.5,3,9,8,261
23.5,3,9,9,262
23.5,3,9,10,263
23.5,3,9,11,265
23.5,3,9,12,266
23.5,3,9,13,267
23.5,3,9,14,268
23.5,3,9,15,269
23.5,3,10,0,253
23.5,3,10,1,254
23.5,3,10,2,255
23.5,3,10,3,256
23.5,3,10,4,258
23.5,3,10,5,259
23.5,3,10,6,260
23.5,3,10,7,261
23.5,3,10,8,262
23.5,3,10,9,264
23.5,3,10,10,265
23.5,3,10,11,266
23.5,3,10,12,267
23.5,3,10,13,268
23.5,3,10,14,270
23.5,3,10,15,271
23.5,3,11,0,254
23.5,3,11,1,255
23.5,3,11,2,257
23.5,3,11,3,258
23.5,3,11,4,259
23.5,3,11,5,260
23.5,3,11,6,261
23.5,3,11,7,263
23.5,3,11,8,264
23.5,3,11,9,265
23.5,3,11,10,266
23.5,3,11,11,267
23.5,3,11,12,269
23.5,3,11,13,270
23.5,3,11,14,271
23.5,3,11,15,272
23.5,3,12,0,255
23.5,3,12,1,257
23.5,3,12,2,258
23.5,3,12,3,259
23.5,3,12,4,260
23.5,3,12,5,262
23.5,3,12,6,263
23.5,3,12,7,264
23.5,3,12,8,265
23.5,3,12,9,266
23.5,3,12,10,268
23.5,3,12,11,269
23.5,3,12,12,270
23.5,3,12,13,271
23.5,3,12,14,272
23.5,3,12,15,274
23.5,3,13,0,257
23.5,3,13,1,258
23.5,3,13,2,259
23.5,3,13,3,261
23.5,3,13,4,262
23.5,3,13,5,263
23.5,3,13,6,264
23.5,3,13,7,265
23.5,3,13,8,267
23.5,3,13,9,268
23.5,3,13,10,269
23.5,3,13,11,270
23.5,3,13,12,271
23.5,3,13,13,273
23.5,3,13,14,274
23.5,3,13,15,275
23.5,3,14,0,258
23.5,3,14,1,259
23.5,3,14,2,261
23.5,3,14,3,262
23.5,3,14,4,263
23.5,3,14,5,264
23.5,3,14,6,266
23.5,3,14,7,267
23.5,3,14,8,268
23.5,3,14,9,269
23.5,3,14,10,271
23.5,3,14,11,272
23.5,3,14,12,273
23.5,3,14,13,274
23.5,3,14,14,275
23.5,3,14,15,276
23.5,3,15,0,259
23.5,3,15,1,261
23.5,3,15,2,262
23.5,3,15,3,263
23.5,3,15,4,264
23.5,3,15,5,266
23.5,3,15,6,267
23.5,3,15,7,268
23.5,3,15,8,269
23.5,3,15,9,271
23.5,3,15,10,272
23.5,3,15,11,273
23.5,3,15,12,274
23.5,3,15,13,276
23.5,3,15,14,277
23.5,3,15,15,278
23.5,4,0,0,243
23.5,4,0,1,244
23.5,4,0,2,245
23.5,4,0,3,246
23.5,4,0,4,247
23.5,4,0,5,248
23.5,4,0,6,250
23.5,4,0,7,251
23.5,4,0,8,252
23.5,4,0,9,253
23.5,4,0,10,254
23.5,4,0,11,255
23.5,4,0,12,256
23.5,4,0,13,258
23.5,4,0,14,259
23.5,4,0,15,260
23.5,4,1,0,244
23.5,4,1,1,245
23.5,4,1,2,246
23.5,4,1,3,248
23.5,4,1,4,249
23.5,4,1,5,250
23.5,4,1,6,251
23.5,4,1,7,252
23.5,4,1,8,253
23.5,4,1,9,255
23.5,4,1,10,256
23.5,4,1,11,257
23.5,4,1,12,258
23.5,4,1,13,259
23.5,4,1,14,260
23.5,4,1,15,261
23.5,4,2,0,246
23.5,4,2,1,247
23.5,4,2,2,248
23.5,4,2,3,249
23.5,4,2,4,250
23.5,4,2,5,251
23.5,4,2,6,253
23.5,4,2,7,254
23.5,4,2,8,255
23.5,4,2,9,256
23.5,4,2,10,257
23.5,4,2,11,258
23.5,4,2,12,260
23.5,4,2,13,261
23.5,4,2,14,262
23.5,4,2,15,263
23.5,4,3,0,247
23.5,4,3,1,248
23.5,4,3,2,249
23.5,4,3,3,251
23.5,4,3,4,252
23.5,4,3,5,253
23.5,4,3,6,254
23.5,4,3,7,255
23.5,4,3,8,256
23.5,4,3,9,258
23.5,4,3,10,259
23.5,4,3,11,260
23.5,4,3,12,261
23.5,4,3,13,262
23.5,4,3,14,263
23.5,4,3,15,265
23.5,4,4,0,248
23.5,4,4,1,250
23.5,4,4,2,251
23.5,4,4,3,252
23.5,4,4,4,253
23.5,4,4,5,254
23.5,4,4,6,256
23.5,4,4,7,257
23.5,4,4,8,258
23.5,4,4,9,259
23.5,4,4,10,260
23.5,4,4,11,261
23.5,4,4,12,263
23.5,4,4,13,264
23.5,4,4,14,265
23.5,4,4,15,266
23.5,4,5,0,250
23.5,4,5,1,251
23.5,4,5,2,252
23.5,4,5,3,253
23.5,4,5,4,255
23.5,4,5,5,256
23.5,4,5,6,257
23.5,4,5,7,258
23.5,4,5,8,259
23.5,4,5,9,261
23.5,4,5,10,262
23.5,4,5,11,263
23.5,4,5,12,264
23.5,4,5,13,265
23.5,4,5,14,266
23.5,4,5,15,268
23.5,4,6,0,251
23.5,4,6,1,252
23.5,4,6,2,254
23.5,4,6,3,255
23.5,4,6,4,256
23.5,4,6,5,257
23.5,4,6,6,259
23.5,4,6,7,260
23.5,4,6,8,261
23.5,4,6,9,262
23.5,4,6,10,263
23.5,4,6,11,264
23.5,4,6,12,266
23.5,4,6,13,267
23.5,4,6,14,268
23.5,4,6,15,269
23.5,4,7,0,253
23.5,4,7,1,254
23.5,4,7,2,255
23.5,4,7,3,256
23.5,4,7,4,258
23.5,4,7,5,259
23.5,4,7,6,260
23.5,4,7,7,261
23.5,4,7,8,262
23.5,4,7,9,264
23.5,4,7,10,265
23.5,4,7,11,266
23.5,4,7,12,267
23.5,4,7,13,268
23.5,4,7,14,269
23.5,4,7,15,271
23.5,4,8,0,254
23.5,4,8,1,255
23.5,4,8,2,257
23.5,4,8,3,258
23.5,4,8,4,259
23.5,4,8,5,260
23.5,4,8,6,261
23.5,4,8,7,263
23.5,4,8,8,264
23.5,4,8,9,265
23.5,4,8,10,266
23.5,4,8,11,267
23.5,4,8,12,269
23.5,4,8,13,270
23.5,4,8,14,271
23.5,4,8,15,272
23.5,4,9,0,255
23.5,4,9,1,257
23.5,4,9,2,258
23.5,4,9,3,259
23.5,4,9,4,260
23.5,4,9,5,262
23.5,4,9,6,263
23.5,4,9,7,264
23.5,4,9,8,265
23.5,4,9,9,266
23.5,4,9,10,268
23.5,4,9,11,269
23.5,4,9,12,270
23.5,4,9,13,271
23.5,4,9,14,272
23.5,4,9,15,274
23.5,4,10,0,257
23.5,4,10,1,258
23.5,4,10,2,259
23.5,4,10,3,261
23.5,4,10,4,262
23.5,4,10,5,263
23.5,4,10,6,264
23.5,4,10,7,266
23.5,4,10,8,267
23.5,4,10,9,268
23.5,4,10,10,269
23.5,4,10,11,270
23.5,4,10,12,272
23.5,4,10,13,273
23.5,4,10,14,274
23.5,4,10,15,275
23.5,4,11,0,258
23.5,4,11,1,259
23.5,4,11,2,261
23.5,4,11,3,262
23.5,4,11,4,263
23.5,4,11,5,264
23.5,4,11,6,266
23.5,4,11,7,267
23.5,4,11,8,268
23.5,4,11,9,269
23.5,4,11,10,271
23.5,4,11,11,272
23.5,4,11,12,273
23.5,4,11,13,274
23.5,4,11,14,275
23.5,4,11,15,277
23.5,4,12,0,260
23.5,4,12,1,261
23.5,4,12,2,262
23.5,4,12,3,263
23.5,4,12,4,265
23.5,4,12,5,266
23.5,4,12,6,267
23.5,4,12,7,268
23.5,4,12,8,270
23.5,4,12,9,271
23.5,4,12,10,272
23.5,4,12,11,273
23.5,4,12,12,274
23.5,4,12,13,276
23.5,4,12,14,277
23.5,4,12,15,278
23.5,4,13,0,261
23.5,4,13,1,262
23.5,4,13,2,263
23.5,4,13,3,265
23.5,4,13,4,266
23.5,4,13,5,267
23.5,4,13,6,269
23.5,4,13,7,270
23.5,4,13,8,271
23.5,4,13,9,272
23.5,4,13,10,273
23.5,4,13,11,275
23.5,4,13,12,276
23.5,4,13,13,277
23.5,4,13,14,278
23.5,4,13,15,279
23.5,4,14,0,262
23.5,4,14,1,264
23.5,4,14,2,265
23.5,4,14,3,266
23.5,4,14,4,267
23.5,4,14,5,269
23.5,4,14,6,270
23.5,4,14,7,271
23.5,4,14,8,272
23.5,4,14,9,274
23.5,4,14,10,275
23.5,4,14,11,276
23.5,4,14,12,277
23.5,4,14,13,279
23.5,4,14,14,280
23.5,4,14,15,281
23.5,4,15,0,264
23.5,4,15,1,265
23.5,4,15,2,266
23.5,4,15,3,268
23.5,4,15,4,269
23.5,4,15,5,270
23.5,4,15,6,271
23.5,4,15,7,273
23.5,4,15,8,274
23.5,4,15,9,275
23.5,4,15,10,276
23.5,4,15,11,278
23.5,4,15,12,279
23.5,4,15,13,280
23.5,4,15,14,281
23.5,4,15,15,282
23.5,5,0,0,246
23.5,5,0,1,248
23.5,5,0,2,249
23.5,5,0,3,250
23.5,5,0,4,251
23.5,5,0,5,252
23.5,5,0,6,254
23.5,5,0,7,255
23.5,5,0,8,256
23.5,5,0,9,257
23.5,5,0,10,258
23.5,5,0,11,259
23.5,5,0,12,261
23.5,5,0,13,262
23.5,5,0,14,263
23.5,5,0,15,264
23.5,5,1,0,248
23.5,5,1,1,249
23.5,5,1,2,250
23.5,5,1,3,252
23.5,5,1,4,253
23.5,5,1,5,254
23.5,5,1,6,255
23.5,5,1,7,256
23.5,5,1,8,257
23.5,5,1,9,259
23.5,5,1,10,260
23.5,5,1,11,261
23.5,5,1,12,262
23.5,5,1,13,263
23.5,5,1,14,264
23.5,5,1,15,266
23.5,5,2,0,249
23.5,5,2,1,251
23.5,5,2,2,252
23.5,5,2,3,253
23.5,5,2,4,254
23.5,5,2,5,255
23.5,5,2,6,257
23.5,5,2,7,258
23.5,5,2,8,259
23.5,5,2,9,260
23.5,5,2,10,261
23.5,5,2,11,263
23.5,5,2,12,264
23.5,5,2,13,265
23.5,5,2,14,266
23.5,5,2,15,267
23.5,5,3,0,251
23.5,5,3,1,252
23.5,5,3,2,253
23.5,5,3,3,255
23.5,5,3,4,256
23.5,5,3,5,257
23.5,5,3,6,258
23.5,5,3,7,259
23.5,5,3,8,261
23.5,5,3,9,262
23.5,5,3,10,263
23.5,5,3,11,264
23.5,5,3,12,265
23.5,5,3,13,266
23.5,5,3,14,268
23.5,5,3,15,269
23.5,5,4,0,252
23.5,5,4,1,254
23.5,5,4,2,255
23.5,5,4,3,256
23.5,5,4,4,257
23.5,5,4,5,258
23.5,5,4,6,260
23.5,5,4,7,261
23.5,5,4,8,262
23.5,5,4,9,263
23.5,5,4,10,264
23.5,5,4,11,266
23.5,5,4,12,267
23.5,5,4,13,268
23.5,5,4,14,269
23.5,5,4,15,270
23.5,5,5,0,254
23.5,5,5,1,255
23.5,5,5,2,256
23.5,5,5,3,257
23.5,5,5,4,259
23.5,5,5,5,260
23.5,5,5,6,261
23.5,5,5,7,262
23.5,5,5,8,264
23.5,5,5,9,265
23.5,5,5,10,266
23.5,5,5,11,267
23.5,5,5,12,268
23.5,5,5,13,269
23.5,5,5,14,271
23.5,5,5,15,272
23.5,5,6,0,255
23.5,5,6,1,256
23.5,5,6,2,258
23.5,5,6,3,259
23.5,5,6,4,260
23.5,5,6,5,261
23.5,5,6,6,263
23.5,5,6,7,264
23.5,5,6,8,265
23.5,5,6,9,266
23.5,5,6,10,267
23.5,5,6,11,269
23.5,5,6,12,270
23.5,5,6,13,271
23.5,5,6,14,272
23.5,5,6,15,273
23.5,5,7,0,257
23.5,5,7,1,258
23.5,5,7,2,259
23.5,5,7,3,260
23.5,5,7,4,262
23.5,5,7,5,263
23.5,5,7,6,264
23.5,5,7,7,265
23.5,5,7,8,267
23.5,5,7,9,268
23.5,5,7,10,269
23.5,5,7,11,270
23.5,5,7,12,271
23.5,5,7,13,273
23.5,5,7,14,274
23.5,5,7,15,275
23.5,5,8,0,258
23.5,5,8,1,259
23.5,5,8,2,261
23.5,5,8,3,262
23.5,5,8,4,263
23.5,5,8,5,264
23.5,5,8,6,266
23.5,5,8,7,267
23.5,5,8,8,268
23.5,5,8,9,269
23.5,5,8,10,270
23.5,5,8,11,272
23.5,5,8,12,273
23.5,5,8,13,274
23.5,5,8,14,275
23.5,5,8,15,276
23.5,5,9,0,259
23.5,5,9,1,261
23.5,5,9,2,262
23.5,5,9,3,263
23.5,5,9,4,265
23.5,5,9,5,266
23.5,5,9,6,267
23.5,5,9,7,268
23.5,5,9,8,269
23.5,5,9,9,271
23.5,5,9,10,272
23.5,5,9,11,273
23.5,5,9,12,274
23.5,5,9,13,276
23.5,5,9,14,277
23.5,5,9,15,278
23.5,5,10,0,261
23.5,5,10,1,262
23.5,5,10,2,263
23.5,5,10,3,265
23.5,5,10,4,266
23.5,5,10,5,267
23.5,5,10,6,268
23.5,5,10,7,270
23.5,5,10,8,271
23.5,5,10,9,272
23.5,5,10,10,273
23.5,5,10,11,275
23.5,5,10,12,276
23.5,5,10,13,277
23.5,5,10,14,278
23.5,5,10,15,279
23.5,5,11,0,262
23.5,5,11,1,264
23.5,5,11,2,265
23.5,5,11,3,266
23.5,5,11,4,267
23.5,5,11,5,269
23.5,5,11,6,270
23.5,5,11,7,271
23.5,5,11,8,272
23.5,5,11,9,274
23.5,5,11,10,275
23.5,5,11,11,276
23.5,5,11,12,277
23.5,5,11,13,279
23.5,5,11,14,280
23.5,5,11,15,281
23.5,5,12,0,264
23.5,5,12,1,265
23.5,5,12,2,266
23.5,5,12,3,268
23.5,5,12,4,269
23.5,5,12,5,270
23.5,5,12,6,271
23.5,5,12,7,273
23.5,5,12,8,274
23.5,5,12,9,275
23.5,5,12,10,276
23.5,5,12,11,278
23.5,5,12,12,279
23.5,5,12,13,280
23.5,5,12,14,281
23.5,5,12,15,282
23.5,5,13,0,265
23.5,5,13,1,266
23.5,5,13,2,268
23.5,5,13,3,269
23.5,5,13,4,270
23.5,5,13,5,272
23.5,5,13,6,273
23.5,5,13,7,274
23.5,5,13,8,275
23.5,5,13,9,277
23.5,5,13,10,278
23.5,5,13,11,279
23.5,5,13,12,280
23.5,5,13,13,282
23.5,5,13,14,283
23.5,5,13,15,284
23.5,5,14,0,266
23.5,5,14,1,268
23.5,5,14,2,269
23.5,5,14,3,270
23.5,5,14,4,272
23.5,5,14,5,273
23.5,5,14,6,274
23.5,5,14,7,275
23.5,5,14,8,277
23.5,5,14,9,278
23.5,5,14,10,279
23.5,5,14,11,280
23.5,5,14,12,282
23.5,5,14,13,283
23.5,5,14,14,284
23.5,5,14,15,285
23.5,5,15,0,268
23.5,5,15,1,269
23.5,5,15,2,270
23.5,5,15,3,272
23.5,5,15,4,273
23.5,5,15,5,274
23.5,5,15,6,276
23.5,5,15,7,277
23.5,5,15,8,278
23.5,5,15,9,279
23.5,5,15,10,281
23.5,5,15,11,282
23.5,5,15,12,283
23.5,5,15,13,284
23.5,5,15,14,286
23.5,5,15,15,287
23.5,6,0,0,250
23.5,6,0,1,252
23.5,6,0,2,253
23.5,6,0,3,254
23.5,6,0,4,255
23.5,6,0,5,256
23.5,6,0,6,258
23.5,6,0,7,259
23.5,6,0,8,260
23.5,6,0,9,261
23.5,6,0,10,262
23.5,6,0,11,263
23.5,6,0,12,265
23.5,6,0,13,266
23.5,6,0,14,267
23.5,6,0,15,268
23.5,6,1,0,252
23.5,6,1,1,253
23.5,6,1,2,254
23.5,6,1,3,255
23.5,6,1,4,257
23.5,6,1,5,258
23.5,6,1,6,259
23.5,6,1,7,260
23.5,6,1,8,262
23.5,6,1,9,263
23.5,6,1,10,264
23.5,6,1,11,265
23.5,6,1,12,266
23.5,6,1,13,267
23.5,6,1,14,269
23.5,6,1,15,270
23.5,6,2,0,253
23.5,6,2,1,255
23.5,6,2,2,256
23.5,6,2,3,257
23.5,6,2,4,258
23.5,6,2,5,259
23.5,6,2,6,261
23.5,6,2,7,262
23.5,6,2,8,263
23.5,6,2,9,264
23.5,6,2,10,265
23.5,6,2,11,267
23.5,6,2,12,268
23.5,6,2,13,269
23.5,6,2,14,270
23.5,6,2,15,271
23.5,6,3,0,255
23.5,6,3,1,256
23.5,6,3,2,257
23.5,6,3,3,259
23.5,6,3,4,260
23.5,6,3,5,261
23.5,6,3,6,262
23.5,6,3,7,263
23.5,6,3,8,265
23.5,6,3,9,266
23.5,6,3,10,267
23.5,6,3,11,268
23.5,6,3,12,269
23.5,6,3,13,271
23.5,6,3,14,272
23.5,6,3,15,273
23.5,6,4,0,256
23.5,6,4,1,258
23.5,6,4,2,259
23.5,6,4,3,260
23.5,6,4,4,261
23.5,6,4,5,262
23.5,6,4,6,264
23.5,6,4,7,265
23.5,6,4,8,266
23.5,6,4,9,267
23.5,6,4,10,269
23.5,6,4,11,270
23.5,6,4,12,271
23.5,6,4,13,272
23.5,6,4,14,273
23.5,6,4,15,275
23.5,6,5,0,258
23.5,6,5,1,259
23.5,6,5,2,260
23.5,6,5,3,262
23.5,6,5,4,263
23.5,6,5,5,264
23.5,6,5,6,265
23.5,6,5,7,266
23.5,6,5,8,268
23.5,6,5,9,269
23.5,6,5,10,270
23.5,6,5,11,271
23.5,6,5,12,273
23.5,6,5,13,274
23.5,6,5,14,275
23.5,6,5,15,276
23.5,6,6,0,259
23.5,6,6,1,260
23.5,6,6,2,262
23.5,6,6,3,263
23.5,6,6,4,264
23.5,6,6,5,266
23.5,6,6,6,267
23.5,6,6,7,268
23.5,6,6,8,269
23.5,6,6,9,270
23.5,6,6,10,272
23.5,6,6,11,273
23.5,6,6,12,274
23.5,6,6,13,275
23.5,6,6,14,276
23.5,6,6,15,278
23.5,6,7,0,261
23.5,6,7,1,262
23.5,6,7,2,263
23.5,6,7,3,264
23.5,6,7,4,266
23.5,6,7,5,267
23.5,6,7,6,268
23.5,6,7,7,269
23.5,6,7,8,271
23.5,6,7,9,272
23.5,6,7,10,273
23.5,6,7,11,274
23.5,6,7,12,276
23.5,6,7,13,277
23.5,6,7,14,278
23.5,6,7,15,279
23.5,6,8,0,262
23.5,6,8,1,263
23.5,6,8,2,265
23.5,6,8,3,266
23.5,6,8,4,267
23.5,6,8,5,268
23.5,6,8,6,270
23.5,6,8,7,271
23.5,6,8,8,272
23.5,6,8,9,273
23.5,6,8,10,275
23.5,6,8,11,276
23.5,6,8,12,277
23.5,6,8,13,278
23.5,6,8,14,280
23.5,6,8,15,281
23.5,6,9,0,264
23.5,6,9,1,265
23.5,6,9,2,266
23.5,6,9,3,267
23.5,6,9,4,269
23.5,6,9,5,270
23.5,6,9,6,271
23.5,6,9,7,272
23.5,6,9,8,274
23.5,6,9,9,275
23.5,6,9,10,276
23.5,6,9,11,277
23.5,6,9,12,279
23.5,6,9,13,280
23.5,6,9,14,281
23.5,6,9,15,282
23.5,6,10,0,265
23.5,6,10,1,266
23.5,6,10,2,268
23.5,6,10,3,269
23.5,6,10,4,270
23.5,6,10,5,271
23.5,6,10,6,273
23.5,6,10,7,274
23.5,6,10,8,275
23.5,6,10,9,276
23.5,6,10,10,278
23.5,6,10,11,279
23.5,6,10,12,280
23.5,6,10,13,281
23.5,6,10,14,283
23.5,6,10,15,284
23.5,6,11,0,266
23.5,6,11,1,268
23.5,6,11,2,269
23.5,6,11,3,270
23.5,6,11,4,272
23.5,6,11,5,273
23.5,6,11,6,274
23.5,6,11,7,275
23.5,6,11,8,277
23.5,6,11,9,278
23.5,6,11,10,279
23.5,6,11,11,280
23.5,6,11,12,282
23.5,6,11,13,283
23.5,6,11,14,284
23.5,6,11,15,285
23.5,6,12,0,268
23.5,6,12,1,269
23.5,6,12,2,270
23.5,6,12,3,272
23.5,6,12,4,273
23.5,6,12,5,274
23.5,6,12,6,276
23.5,6,12,7,277
23.5,6,12,8,278
23.5,6,12,9,279
23.5,6,12,10,281
23.5,6,12,11,282
23.5,6,12,12,283
23.5,6,12,13,284
23.5,6,12,14,286
23.5,6,12,15,287
23.5,6,13,0,269
23.5,6,13,1,271
23.5,6,13,2,272
23.5,6,13,3,273
23.5,6,13,4,274
23.5,6,13,5,276
23.5,6,13,6,277
23.5,6,13,7,278
23.5,6,13,8,280
23.5,6,13,9,281
23.5,6,13,10,282
23.5,6,13,11,283
23.5,6,13,12,285
23.5,6,13,13,286
23.5,6,13,14,287
23.5,6,13,15,288
23.5,6,14,0,271
23.5,6,14,1,272
23.5,6,14,2,273
23.5,6,14,3,275
23.5,6,14,4,276
23.5,6,14,5,277
23.5,6,14,6,278
23.5,6,14,7,280
23.5,6,14,8,281
23.5,6,14,9,282
23.5,6,14,10,284
23.5,6,14,11,285
23.5,6,14,12,286
23.5,6,14,13,287
23.5,6,14,14,289
23.5,6,14,15,290
23.5,6,15,0,272
23.5,6,15,1,273
23.5,6,15,2,275
23.5,6,15,3,276
23.5,6,15,4,277
23.5,6,15,5,279
23.5,6,15,6,280
23.5,6,15,7,281
23.5,6,15,8,283
23.5,6,15,9,284
23.5,6,15,10,285
23.5,6,15,11,286
23.5,6,15,12,288
23.5,6,15,13,289
23.5,6,15,14,290
23.5,6,15,15,291
23.5,7,0,0,254
23.5,7,0,1,255
23.5,7,0,2,257
23.5,7,0,3,258
23.5,7,0,4,259
23.5,7,0,5,260
23.5,7,0,6,262
23.5,7,0,7,263
23.5,7,0,8,264
23.5,7,0,9,265
23.5,7,0,10,266
23.5,7,0,11,268
23.5,7,0,12,269
23.5,7,0,13,270
23.5,7,0,14,271
23.5,7,0,15,272
23.5,7,1,0,256
23.5,7,1,1,257
23.5,7,1,2,258
23.5,7,1,3,259
23.5,7,1,4,261
23.5,7,1,5,262
23.5,7,1,6,263
23.5,7,1,7,264
23.5,7,1,8,266
23.5,7,1,9,267
23.5,7,1,10,268
23.5,7,1,11,269
23.5,7,1,12,270
23.5,7,1,13,272
23.5,7,1,14,273
23.5,7,1,15,274
23.5,7,2,0,257
23.5,7,2,1,258
23.5,7,2,2,260
23.5,7,2,3,261
23.5,7,2,4,262
23.5,7,2,5,263
23.5,7,2,6,265
23.5,7,2,7,266
23.5,7,2,8,267
23.5,7,2,9,268
23.5,7,2,10,270
23.5,7,2,11,271
23.5,7,2,12,272
23.5,7,2,13,273
23.5,7,2,14,274
23.5,7,2,15,276
23.5,7,3,0,259
23.5,7,3,1,260
23.5,7,3,2,261
23.5,7,3,3,263
23.5,7,3,4,264
23.5,7,3,5,265
23.5,7,3,6,266
23.5,7,3,7,267
23.5,7,3,8,269
23.5,7,3,9,270
23.5,7,3,10,271
23.5,7,3,11,272
23.5,7,3,12,274
23.5,7,3,13,275
23.5,7,3,14,276
23.5,7,3,15,277
23.5,7,4,0,260
23.5,7,4,1,262
23.5,7,4,2,263
23.5,7,4,3,264
23.5,7,4,4,265
23.5,7,4,5,267
23.5,7,4,6,268
23.5,7,4,7,269
23.5,7,4,8,270
23.5,7,4,9,271
23.5,7,4,10,273
23.5,7,4,11,274
23.5,7,4,12,275
23.5,7,4,13,276
23.5,7,4,14,278
23.5,7,4,15,279
23.5,7,5,0,262
23.5,7,5,1,263
23.5,7,5,2,264
23.5,7,5,3,266
23.5,7,5,4,267
23.5,7,5,5,268
23.5,7,5,6,269
23.5,7,5,7,271
23.5,7,5,8,272
23.5,7,5,9,273
23.5,7,5,10,274
23.5,7,5,11,276
23.5,7,5,12,277
23.5,7,5,13,278
23.5,7,5,14,279
23.5,7,5,15,280
23.5,7,6,0,263
23.5,7,6,1,264
23.5,7,6,2,266
23.5,7,6,3,267
23.5,7,6,4,268
23.5,7,6,5,270
23.5,7,6,6,271
23.5,7,6,7,272
23.5,7,6,8,273
23.5,7,6,9,275
23.5,7,6,10,276
23.5,7,6,11,277
23.5,7,6,12,278
23.5,7,6,13,280
23.5,7,6,14,281
23.5,7,6,15,282
23.5,7,7,0,265
23.5,7,7,1,266
23.5,7,7,2,267
23.5,7,7,3,269
23.5,7,7,4,270
23.5,7,7,5,271
23.5,7,7,6,272
23.5,7,7,7,274
23.5,7,7,8,275
23.5,7,7,9,276
23.5,7,7,10,277
23.5,7,7,11,279
23.5,7,7,12,280
23.5,7,7,13,281
23.5,7,7,14,282
23.5,7,7,15,284
23.5,7,8,0,266
23.5,7,8,1,267
23.5,7,8,2,269
23.5,7,8,3,270
23.5,7,8,4,271
23.5,7,8,5,273
23.5,7,8,6,274
23.5,7,8,7,275
23.5,7,8,8,276
23.5,7,8,9,278
23.5,7,8,10,279
23.5,7,8,11,280
23.5,7,8,12,281
23.5,7,8,13,283
23.5,7,8,14,284
23.5,7,8,15,285
23.5,7,9,0,268
23.5,7,9,1,269
23.5,7,9,2,270
23.5,7,9,3,272
23.5,7,9,4,273
23.5,7,9,5,274
23.5,7,9,6,275
23.5,7,9,7,277
23.5,7,9,8,278
23.5,7,9,9,279
23.5,7,9,10,280
23.5,7,9,11,282
23.5,7,9,12,283
23.5,7,9,13,284
23.5,7,9,14,285
23.5,7,9,15,287
23.5,7,10,0,269
23.5,7,10,1,270
23.5,7,10,2,272
23.5,7,10,3,273
23.5,7,10,4,274
23.5,7,10,5,276
23.5,7,10,6,277
23.5,7,10,7,278
23.5,7,10,8,279
23.5,7,10,9,281
23.5,7,10,10,282
23.5,7,10,11,283
23.5,7,10,12,284
23.5,7,10,13,286
23.5,7,10,14,287
23.5,7,10,15,288
23.5,7,11,0,271
23.5,7,11,1,272
23.5,7,11,2,273
23.5,7,11,3,274
23.5,7,11,4,276
23.5,7,11,5,277
23.5,7,11,6,278
23.5,7,11,7,280
23.5,7,11,8,281
23.5,7,11,9,282
23.5,7,11,10,283
23.5,7,11,11,285
23.5,7,11,12,286
23.5,7,11,13,287
23.5,7,11,14,289
23.5,7,11,15,290
23.5,7,12,0,272
23.5,7,12,1,273
23.5,7,12,2,275
23.5,7,12,3,276
23.5,7,12,4,277
23.5,7,12,5,279
23.5,7,12,6,280
23.5,7,12,7,281
23.5,7,12,8,282
23.5,7,12,9,284
23.5,7,12,10,285
23.5,7,12,11,286
23.5,7,12,12,288
23.5,7,12,13,289
23.5,7,12,14,290
23.5,7,12,15,291
23.5,7,13,0,273
23.5,7,13,1,275
23.5,7,13,2,276
23.5,7,13,3,277
23.5,7,13,4,279
23.5,7,13,5,280
23.5,7,13,6,281
23.5,7,13,7,283
23.5,7,13,8,284
23.5,7,13,9,285
23.5,7,13,10,286
23.5,7,13,11,288
23.5,7,13,12,289
23.5,7,13,13,290
23.5,7,13,14,292
23.5,7,13,15,293
23.5,7,14,0,275
23.5,7,14,1,276
23.5,7,14,2,277
23.5,7,14,3,279
23.5,7,14,4,280
23.5,7,14,5,281
23.5,7,14,6,283
23.5,7,14,7,284
23.5,7,14,8,285
23.5,7,14,9,287
23.5,7,14,10,288
23.5,7,14,11,289
23.5,7,14,12,291
23.5,7,14,13,292
23.5,7,14,14,293
23.5,7,14,15,294
23.5,7,15,0,276
23.5,7,15,1,278
23.5,7,15,2,279
23.5,7,15,3,280
23.5,7,15,4,282
23.5,7,15,5,283
23.5,7,15,6,284
23.5,7,15,7,286
23.5,7,15,8,287
23.5,7,15,9,288
23.5,7,15,10,289
23.5,7,15,11,291
23.5,7,15,12,292
23.5,7,15,13,293
23.5,7,15,14,295
23.5,7,15,15,296
23.5,8,0,0,258
23.5,8,0,1,259
23.5,8,0,2,261
23.5,8,0,3,262
23.5,8,0,4,263
23.5,8,0,5,264
23.5,8,0,6,266
23.5,8,0,7,267
23.5,8,0,8,268
23.5,8,0,9,269
23.5,8,0,10,270
23.5,8,0,11,272
23.5,8,0,12,273
23.5,8,0,13,274
23.5,8,0,14,275
23.5,8,0,15,276
23.5,8,1,0,260
23.5,8,1,1,261
23.5,8,1,2,262
23.5,8,1,3,263
23.5,8,1,4,265
23.5,8,1,5,266
23.5,8,1,6,267
23.5,8,1,7,268
23.5,8,1,8,270
23.5,8,1,9,271
23.5,8,1,10,272
23.5,8,1,11,273
23.5,8,1,12,274
23.5,8,1,13,276
23.5,8,1,14,277
23.5,8,1,15,278
23.5,8,2,0,261
23.5,8,2,1,262
23.5,8,2,2,264
23.5,8,2,3,265
23.5,8,2,4,266
23.5,8,2,5,267
23.5,8,2,6,269
23.5,8,2,7,270
23.5,8,2,8,271
23.5,8,2,9,272
23.5,8,2,10,274
23.5,8,2,11,275
23.5,8,2,12,276
23.5,8,2,13,277
23.5,8,2,14,278
23.5,8,2,15,280
23.5,8,3,0,263
23.5,8,3,1,264
23.5,8,3,2,265
23.5,8,3,3,266
23.5,8,3,4,268
23.5,8,3,5,269
23.5,8,3,6,270
23.5,8,3,7,272
23.5,8,3,8,273
23.5,8,3,9,274
23.5,8,3,10,275
23.5,8,3,11,276
23.5,8,3,12,278
23.5,8,3,13,279
23.5,8,3,14,280
23.5,8,3,15,281
23.5,8,4,0,264
23.5,8,4,1,265
23.5,8,4,2,267
23.5,8,4,3,268
23.5,8,4,4,269
23.5,8,4,5,271
23.5,8,4,6,272
23.5,8,4,7,273
23.5,8,4,8,274
23.5,8,4,9,276
23.5,8,4,10,277
23.5,8,4,11,278
23.5,8,4,12,279
23.5,8,4,13,281
23.5,8,4,14,282
23.5,8,4,15,283
23.5,8,5,0,266
23.5,8,5,1,267
23.5,8,5,2,268
23.5,8,5,3,270
23.5,8,5,4,271
23.5,8,5,5,272
23.5,8,5,6,273
23.5,8,5,7,275
23.5,8,5,8,276
23.5,8,5,9,277
23.5,8,5,10,278
23.5,8,5,11,280
23.5,8,5,12,281
23.5,8,5,13,282
23.5,8,5,14,283
23.5,8,5,15,285
23.5,8,6,0,267
23.5,8,6,1,269
23.5,8,6,2,270
23.5,8,6,3,271
23.5,8,6,4,272
23.5,8,6,5,274
23.5,8,6,6,275
23.5,8,6,7,276
23.5,8,6,8,278
23.5,8,6,9,279
23.5,8,6,10,280
23.5,8,6,11,281
23.5,8,6,12,283
23.5,8,6,13,284
23.5,8,6,14,285
23.5,8,6,15,286
23.5,8,7,0,269
23.5,8,7,1,270
23.5,8,7,2,271
23.5,8,7,3,273
23.5,8,7,4,274
23.5,8,7,5,275
23.5,8,7,6,277
23.5,8,7,7,278
23.5,8,7,8,279
23.5,8,7,9,280
23.5,8,7,10,282
23.5,8,7,11,283
23.5,8,7,12,284
23.5,8,7,13,285
23.5,8,7,14,287
23.5,8,7,15,288
23.5,8,8,0,270
23.5,8,8,1,272
23.5,8,8,2,273
23.5,8,8,3,274
23.5,8,8,4,275
23.5,8,8,5,277
23.5,8,8,6,278
23.5,8,8,7,279
23.5,8,8,8,281
23.5,8,8,9,282
23.5,8,8,10,283
23.5,8,8,11,284
23.5,8,8,12,286
23.5,8,8,13,287
23.5,8,8,14,288
23.5,8,8,15,289
23.5,8,9,0,272
23.5,8,9,1,273
23.5,8,9,2,274
23.5,8,9,3,276
23.5,8,9,4,277
23.5,8,9,5,278
23.5,8,9,6,280
23.5,8,9,7,281
23.5,8,9,8,282
23.5,8,9,9,283
23.5,8,9,10,285
23.5,8,9,11,286
23.5,8,9,12,287
23.5,8,9,13,289
23.5,8,9,14,290
23.5,8,9,15,291
23.5,8,10,0,273
23.5,8,10,1,274
23.5,8,10,2,276
23.5,8,10,3,277
23.5,8,10,4,278
23.5,8,10,5,280
23.5,8,10,6,281
23.5,8,10,7,282
23.5,8,10,8,284
23.5,8,10,9,285
23.5,8,10,10,286
23.5,8,10,11,288
23.5,8,10,12,289
23.5,8,10,13,290
23.5,8,10,14,291
23.5,8,10,15,293
23.5,8,11,0,275
23.5,8,11,1,276
23.5,8,11,2,277
23.5,8,11,3,279
23.5,8,11,4,280
23.5,8,11,5,281
23.5,8,11,6,283
23.5,8,11,7,284
23.5,8,11,8,285
23.5,8,11,9,287
23.5,8,11,10,288
23.5,8,11,11,289
23.5,8,11,12,290
23.5,8,11,13,292
23.5,8,11,14,293
23.5,8,11,15,294
23.5,8,12,0,276
23.5,8,12,1,277
23.5,8,12,2,279
23.5,8,12,3,280
23.5,8,12,4,281
23.5,8,12,5,283
23.5,8,12,6,284
23.5,8,12,7,285
23.5,8,12,8,287
23.5,8,12,9,288
23.5,8,12,10,289
23.5,8,12,11,291
23.5,8,12,12,292
23.5,8,12,13,293
23.5,8,12,14,294
23.5,8,12,15,296
23.5,8,13,0,278
23.5,8,13,1,279
23.5,8,13,2,280
23.5,8,13,3,282
23.5,8,13,4,283
23.5,8,13,5,284
23.5,8,13,6,286
23.5,8,13,7,287
23.5,8,13,8,288
23.5,8,13,9,290
23.5,8,13,10,291
23.5,8,13,11,292
23.5,8,13,12,293
23.5,8,13,13,295
23.5,8,13,14,296
23.5,8,13,15,297
23.5,8,14,0,279
23.5,8,14,1,280
23.5,8,14,2,282
23.5,8,14,3,283
23.5,8,14,4,284
23.5,8,14,5,286
23.5,8,14,6,287
23.5,8,14,7,288
23.5,8,14,8,290
23.5,8,14,9,291
23.5,8,14,10,292
23.5,8,14,11,294
23.5,8,14,12,295
23.5,8,14,13,296
23.5,8,14,14,298
23.5,8,14,15,299
23.5,8,15,0,280
23.5,8,15,1,282
23.5,8,15,2,283
23.5,8,15,3,285
23.5,8,15,4,286
23.5,8,15,5,287
23.5,8,15,6,289
23.5,8,15,7,290
23.5,8,15,8,291
23.5,8,15,9,293
23.5,8,15,10,294
23.5,8,15,11,295
23.5,8,15,12,296
23.5,8,15,13,298
23.5,8,15,14,299
23.5,8,15,15,300
23.5,9,0,0,262
23.5,9,0,1,263
23.5,9,0,2,264
23.5,9,0,3,266
23.5,9,0,4,267
23.5,9,0,5,268
23.5,9,0,6,269
23.5,9,0,7,271
23.5,9,0,8,272
23.5,9,0,9,273
23.5,9,0,10,274
23.5,9,0,11,276
23.5,9,0,12,277
23.5,9,0,13,278
23.5,9,0,14,279
23.5,9,0,15,281
23.5,9,1,0,263
23.5,9,1,1,265
23.5,9,1,2,266
23.5,9,1,3,267
23.5,9,1,4,269
23.5,9,1,5,270
23.5,9,1,6,271
23.5,9,1,7,272
23.5,9,1,8,274
23.5,9,1,9,275
23.5,9,1,10,276
23.5,9,1,11,277
23.5,9,1,12,279
23.5,9,1,13,280
23.5,9,1,14,281
23.5,9,1,15,282
23.5,9,2,0,265
23.5,9,2,1,266
23.5,9,2,2,268
23.5,9,2,3,269
23.5,9,2,4,270
23.5,9,2,5,271
23.5,9,2,6,273
23.5,9,2,7,274
23.5,9,2,8,275
23.5,9,2,9,276
23.5,9,2,10,278
23.5,9,2,11,279
23.5,9,2,12,280
23.5,9,2,13,281
23.5,9,2,14,283
23.5,9,2,15,284
23.5,9,3,0,267
23.5,9,3,1,268
23.5,9,3,2,269
23.5,9,3,3,270
23.5,9,3,4,272
23.5,9,3,5,273
23.5,9,3,6,274
23.5,9,3,7,276
23.5,9,3,8,277
23.5,9,3,9,278
23.5,9,3,10,279
23.5,9,3,11,281
23.5,9,3,12,282
23.5,9,3,13,283
23.5,9,3,14,284
23.5,9,3,15,286
23.5,9,4,0,268
23.5,9,4,1,269
23.5,9,4,2,271
23.5,9,4,3,272
23.5,9,4,4,273
23.5,9,4,5,275
23.5,9,4,6,276
23.5,9,4,7,277
23.5,9,4,8,278
23.5,9,4,9,280
23.5,9,4,10,281
23.5,9,4,11,282
23.5,9,4,12,283
23.5,9,4,13,285
23.5,9,4,14,286
23.5,9,4,15,287
23.5,9,5,0,270
23.5,9,5,1,271
23.5,9,5,2,272
23.5,9,5,3,274
23.5,9,5,4,275
23.5,9,5,5,276
23.5,9,5,6,278
23.5,9,5,7,279
23.5,9,5,8,280
23.5,9,5,9,281
23.5,9,5,10,283
23.5,9,5,11,284
23.5,9,5,12,285
23.5,9,5,13,286
23.5,9,5,14,288
23.5,9,5,15,289
23.5,9,6,0,271
23.5,9,6,1,273
23.5,9,6,2,274
23.5,9,6,3,275
23.5,9,6,4,276
23.5,9,6,5,278
23.5,9,6,6,279
23.5,9,6,7,280
23.5,9,6,8,282
23.5,9,6,9,283
23.5,9,6,10,284
23.5,9,6,11,285
23.5,9,6,12,287
23.5,9,6,13,288
23.5,9,6,14,289
23.5,9,6,15,290
23.5,9,7,0,273
23.5,9,7,1,274
23.5,9,7,2,275
23.5,9,7,3,277
23.5,9,7,4,278
23.5,9,7,5,279
23.5,9,7,6,281
23.5,9,7,7,282
23.5,9,7,8,283
23.5,9,7,9,285
23.5,9,7,10,286
23.5,9,7,11,287
23.5,9,7,12,288
23.5,9,7,13,290
23.5,9,7,14,291
23.5,9,7,15,292
23.5,9,8,0,274
23.5,9,8,1,276
23.5,9,8,2,277
23.5,9,8,3,278
23.5,9,8,4,280
23.5,9,8,5,281
23.5,9,8,6,282
23.5,9,8,7,284
23.5,9,8,8,285
23.5,9,8,9,286
23.5,9,8,10,287
23.5,9,8,11,289
23.5,9,8,12,290
23.5,9,8,13,291
23.5,9,8,14,292
23.5,9,8,15,294
23.5,9,9,0,276
23.5,9,9,1,277
23.5,9,9,2,278
23.5,9,9,3,280
23.5,9,9,4,281
23.5,9,9,5,282
23.5,9,9,6,284
23.5,9,9,7,285
23.5,9,9,8,286
23.5,9,9,9,288
23.5,9,9,10,289
23.5,9,9,11,290
23.5,9,9,12,292
23.5,9,9,13,293
23.5,9,9,14,294
23.5,9,9,15,295
23.5,9,10,0,277
23.5,9,10,1,279
23.5,9,10,2,280
23.5,9,10,3,281
23.5,9,10,4,283
23.5,9,10,5,284
23.5,9,10,6,285
23.5,9,10,7,287
23.5,9,10,8,288
23.5,9,10,9,289
23.5,9,10,10,291
23.5,9,10,11,292
23.5,9,10,12,293
23.5,9,10,13,294
23.5,9,10,14,296
23.5,9,10,15,297
23.5,9,11,0,279
23.5,9,11,1,280
23.5,9,11,2,281
23.5,9,11,3,283
23.5,9,11,4,284
23.5,9,11,5,285
23.5,9,11,6,287
23.5,9,11,7,288
23.5,9,11,8,289
23.5,9,11,9,291
23.5,9,11,10,292
23.5,9,11,11,293
23.5,9,11,12,295
23.5,9,11,13,296
23.5,9,11,14,297
23.5,9,11,15,299
23.5,9,12,0,280
23.5,9,12,1,282
23.5,9,12,2,283
23.5,9,12,3,284
23.5,9,12,4,286
23.5,9,12,5,287
23.5,9,12,6,288
23.5,9,12,7,290
23.5,9,12,8,291
23.5,9,12,9,292
23.5,9,12,10,294
23.5,9,12,11,295
23.5,9,12,12,296
23.5,9,12,13,298
23.5,9,12,14,299
23.5,9,12,15,300
23.5,9,13,0,282
23.5,9,13,1,283
23.5,9,13,2,284
23.5,9,13,3,286
23.5,9,13,4,287
23.5,9,13,5,289
23.5,9,13,6,290
23.5,9,13,7,291
23.5,9,13,8,293
23.5,9,13,9,294
23.5,9,13,10,295
23.5,9,13,11,297
23.5,9,13,12,298
23.5,9,13,13,299
23.5,9,13,14,300
23.5,9,13,15,302
23.5,9,14,0,283
23.5,9,14,1,285
23.5,9,14,2,286
23.5,9,14,3,287
23.5,9,14,4,289
23.5,9,14,5,290
23.5,9,14,6,291
23.5,9,14,7,293
23.5,9,14,8,294
23.5,9,14,9,295
23.5,9,14,10,297
23.5,9,14,11,298
23.5,9,14,12,299
23.5,9,14,13,301
23.5,9,14,14,302
23.5,9,14,15,303
23.5,9,15,0,285
23.5,9,15,1,286
23.5,9,15,2,287
23.5,9,15,3,289
23.5,9,15,4,290
23.5,9,15,5,292
23.5,9,15,6,293
23.5,9,15,7,294
23.5,9,15,8,296
23.5,9,15,9,297
23.5,9,15,10,298
23.5,9,15,11,300
23.5,9,15,12,301
23.5,9,15,13,302
23.5,9,15,14,304
23.5,9,15,15,305
23.5,10,0,0,266
23.5,10,0,1,267
23.5,10,0,2,268
23.5,10,0,3,270
23.5,10,0,4,271
23.5,10,0,5,272
23.5,10,0,6,273
23.5,10,0,7,275
23.5,10,0,8,276
23.5,10,0,9,277
23.5,10,0,10,278
23.5,10,0,11,280
23.5,10,0,12,281
23.5,10,0,13,282
23.5,10,0,14,283
23.5,10,0,15,285
23.5,10,1,0,267
23.5,10,1,1,269
23.5,10,1,2,270
23.5,10,1,3,271
23.5,10,1,4,273
23.5,10,1,5,274
23.5,10,1,6,275
23.5,10,1,7,276
23.5,10,1,8,278
23.5,10,1,9,279
23.5,10,1,10,280
23.5,10,1,11,281
23.5,10,1,12,283
23.5,10,1,13,284
23.5,10,1,14,285
23.5,10,1,15,286
23.5,10,2,0,269
23.5,10,2,1,270
23.5,10,2,2,272
23.5,10,2,3,273
23.5,10,2,4,274
23.5,10,2,5,275
23.5,10,2,6,277
23.5,10,2,7,278
23.5,10,2,8,279
23.5,10,2,9,281
23.5,10,2,10,282
23.5,10,2,11,283
23.5,10,2,12,284
23.5,10,2,13,286
23.5,10,2,14,287
23.5,10,2,15,288
23.5,10,3,0,271
23.5,10,3,1,272
23.5,10,3,2,273
23.5,10,3,3,274
23.5,10,3,4,276
23.5,10,3,5,277
23.5,10,3,6,278
23.5,10,3,7,280
23.5,10,3,8,281
23.5,10,3,9,282
23.5,10,3,10,283
23.5,10,3,11,285
23.5,10,3,12,286
23.5,10,3,13,287
23.5,10,3,14,289
23.5,10,3,15,290
23.5,10,4,0,272
23.5,10,4,1,273
23.5,10,4,2,275
23.5,10,4,3,276
23.5,10,4,4,277
23.5,10,4,5,279
23.5,10,4,6,280
23.5,10,4,7,281
23.5,10,4,8,283
23.5,10,4,9,284
23.5,10,4,10,285
23.5,10,4,11,286
23.5,10,4,12,288
23.5,10,4,13,289
23.5,10,4,14,290
23.5,10,4,15,291
23.5,10,5,0,274
23.5,10,5,1,275
23.5,10,5,2,276
23.5,10,5,3,278
23.5,10,5,4,279
23.5,10,5,5,280
23.5,10,5,6,282
23.5,10,5,7,283
23.5,10,5,8,284
23.5,10,5,9,285
23.5,10,5,10,287
23.5,10,5,11,288
23.5,10,5,12,289
23.5,10,5,13,291
23.5,10,5,14,292
23.5,10,5,15,293
23.5,10,6,0,275
23.5,10,6,1,277
23.5,10,6,2,278
23.5,10,6,3,279
23.5,10,6,4,281
23.5,10,6,5,282
23.5,10,6,6,283
23.5,10,6,7,285
23.5,10,6,8,286
23.5,10,6,9,287
23.5,10,6,10,288
23.5,10,6,11,290
23.5,10,6,12,291
23.5,10,6,13,292
23.5,10,6,14,294
23.5,10,6,15,295
23.5,10,7,0,277
23.5,10,7,1,278
23.5,10,7,2,279
23.5,10,7,3,281
23.5,10,7,4,282
23.5,10,7,5,283
23.5,10,7,6,285
23.5,10,7,7,286
23.5,10,7,8,287
23.5,10,7,9,289
23.5,10,7,10,290
23.5,10,7,11,291
23.5,10,7,12,293
23.5,10,7,13,294
23.5,10,7,14,295
23.5,10,7,15,296
23.5,10,8,0,278
23.5,10,8,1,280
23.5,10,8,2,281
23.5,10,8,3,282
23.5,10,8,4,284
23.5,10,8,5,285
23.5,10,8,6,286
23.5,10,8,7,288
23.5,10,8,8,289
23.5,10,8,9,290
23.5,10,8,10,292
23.5,10,8,11,293
23.5,10,8,12,294
23.5,10,8,13,296
23.5,10,8,14,297
23.5,10,8,15,298
23.5,10,9,0,280
23.5,10,9,1,281
23.5,10,9,2,283
23.5,10,9,3,284
23.5,10,9,4,285
23.5,10,9,5,287
23.5,10,9,6,288
23.5,10,9,7,289
23.5,10,9,8,291
23.5,10,9,9,292
23.5,10,9,10,293
23.5,10,9,11,295
23.5,10,9,12,296
23.5,10,9,13,297
23.5,10,9,14,298
23.5,10,9,15,300
23.5,10,10,0,281
23.5,10,10,1,283
23.5,10,10,2,284
23.5,10,10,3,285
23.5,10,10,4,287
23.5,10,10,5,288
23.5,10,10,6,289
23.5,10,10,7,291
23.5,10,10,8,292
23.5,10,10,9,293
23.5,10,10,10,295
23.5,10,10,11,296
23.5,10,10,12,297
23.5,10,10,13,299
23.5,10,10,14,300
23.5,10,10,15,301
23.5,10,11,0,283
23.5,10,11,1,284
23.5,10,11,2,286
23.5,10,11,3,287
23.5,10,11,4,288
23.5,10,11,5,290
23.5,10,11,6,291
23.5,10,11,7,292
23.5,10,11,8,294
23.5,10,11,9,295
23.5,10,11,10,296
23.5,10,11,11,298
23.5,10,11,12,299
23.5,10,11,13,300
23.5,10,11,14,302
23.5,10,11,15,303
23.5,10,12,0,284
23.5,10,12,1,286
23.5,10,12,2,287
23.5,10,12,3,288
23.5,10,12,4,290
23.5,10,12,5,291
23.5,10,12,6,293
23.5,10,12,7,294
23.5,10,12,8,295
23.5,10,12,9,297
23.5,10,12,10,298
23.5,10,12,11,299
23.5,10,12,12,301
23.5,10,12,13,302
23.5,10,12,14,303
23.5,10,12,15,305
23.5,10,13,0,286
23.5,10,13,1,287
23.5,10,13,2,289
23.5,10,13,3,290
23.5,10,13,4,291
23.5,10,13,5,293
23.5,10,13,6,294
23.5,10,13,7,295
23.5,10,13,8,297
23.5,10,13,9,298
23.5,10,13,10,300
23.5,10,13,11,301
23.5,10,13,12,302
23.5,10,13,13,304
23.5,10,13,14,305
23.5,10,13,15,306
23.5,10,14,0,287
23.5,10,14,1,289
23.5,10,14,2,290
23.5,10,14,3,292
23.5,10,14,4,293
23.5,10,14,5,294
23.5,10,14,6,296
23.5,10,14,7,297
23.5,10,14,8,298
23.5,10,14,9,300
23.5,10,14,10,301
23.5,10,14,11,302
23.5,10,14,12,304
23.5,10,14,13,305
23.5,10,14,14,306
23.5,10,14,15,308
23.5,10,15,0,289
23.5,10,15,1,290
23.5,10,15,2,292
23.5,10,15,3,293
23.5,10,15,4,294
23.5,10,15,5,296
23.5,10,15,6,297
23.5,10,15,7,299
23.5,10,15,8,300
23.5,10,15,9,301
23.5,10,15,10,303
23.5,10,15,11,304
23.5,10,15,12,305
23.5,10,15,13,307
23.5,10,15,14,308
23.5,10,15,15,309
23.5,11,0,0,270
23.5,11,0,1,271
23.5,11,0,2,272
23.5,11,0,3,274
23.5,11,0,4,275
23.5,11,0,5,276
23.5,11,0,6,277
23.5,11,0,7,279
23.5,11,0,8,280
23.5,11,0,9,281
23.5,11,0,10,283
23.5,11,0,11,284
23.5,11,0,12,285
23.5,11,0,13,286
23.5,11,0,14,288
23.5,11,0,15,289
23.5,11,1,0,271
23.5,11,1,1,273
23.5,11,1,2,274
23.5,11,1,3,275
23.5,11,1,4,276
23.5,11,1,5,278
23.5,11,1,6,279
23.5,11,1,7,280
23.5,11,1,8,282
23.5,11,1,9,283
23.5,11,1,10,284
23.5,11,1,11,285
23.5,11,1,12,287
23.5,11,1,13,288
23.5,11,1,14,289
23.5,11,1,15,291
23.5,11,2,0,273
23.5,11,2,1,274
23.5,11,2,2,276
23.5,11,2,3,277
23.5,11,2,4,278
23.5,11,2,5,279
23.5,11,2,6,281
23.5,11,2,7,282
23.5,11,2,8,283
23.5,11,2,9,285
23.5,11,2,10,286
23.5,11,2,11,287
23.5,11,2,12,288
23.5,11,2,13,290
23.5,11,2,14,291
23.5,11,2,15,292
23.5,11,3,0,274
23.5,11,3,1,276
23.5,11,3,2,277
23.5,11,3,3,278
23.5,11,3,4,280
23.5,11,3,5,281
23.5,11,3,6,282
23.5,11,3,7,284
23.5,11,3,8,285
23.5,11,3,9,286
23.5,11,3,10,288
23.5,11,3,11,289
23.5,11,3,12,290
23.5,11,3,13,291
23.5,11,3,14,293
23.5,11,3,15,294
23.5,11,4,0,276
23.5,11,4,1,277
23.5,11,4,2,279
23.5,11,4,3,280
23.5,11,4,4,281
23.5,11,4,5,283
23.5,11,4,6,284
23.5,11,4,7,285
23.5,11,4,8,287
23.5,11,4,9,288
23.5,11,4,10,289
23.5,11,4,11,291
23.5,11,4,12,292
23.5,11,4,13,293
23.5,11,4,14,294
23.5,11,4,15,296
23.5,11,5,0,278
23.5,11,5,1,279
23.5,11,5,2,280
23.5,11,5,3,282
23.5,11,5,4,283
23.5,11,5,5,284
23.5,11,5,6,286
23.5,11,5,7,287
23.5,11,5,8,288
23.5,11,5,9,290
23.5,11,5,10,291
23.5,11,5,11,292
23.5,11,5,12,294
23.5,11,5,13,295
23.5,11,5,14,296
23.5,11,5,15,297
23.5,11,6,0,279
23.5,11,6,1,281
23.5,11,6,2,282
23.5,11,6,3,283
23.5,11,6,4,285
23.5,11,6,5,286
23.5,11,6,6,287
23.5,11,6,7,289
23.5,11,6,8,290
23.5,11,6,9,291
23.5,11,6,10,293
23.5,11,6,11,294
23.5,11,6,12,295
23.5,11,6,13,296
23.5,11,6,14,298
23.5,11,6,15,299
23.5,11,7,0,281
23.5,11,7,1,282
23.5,11,7,2,284
23.5,11,7,3,285
23.5,11,7,4,286
23.5,11,7,5,288
23.5,11,7,6,289
23.5,11,7,7,290
23.5,11,7,8,292
23.5,11,7,9,293
23.5,11,7,10,294
23.5,11,7,11,296
23.5,11,7,12,297
23.5,11,7,13,298
23.5,11,7,14,299
23.5,11,7,15,301
23.5,11,8,0,282
23.5,11,8,1,284
23.5,11,8,2,285
23.5,11,8,3,286
23.5,11,8,4,288
23.5,11,8,5,289
23.5,11,8,6,291
23.5,11,8,7,292
23.5,11,8,8,293
23.5,11,8,9,295
23.5,11,8,10,296
23.5,11,8,11,297
23.5,11,8,12,298
23.5,11,8,13,300
23.5,11,8,14,301
23.5,11,8,15,302
23.5,11,9,0,284
23.5,11,9,1,285
23.5,11,9,2,287
23.5,11,9,3,288
23.5,11,9,4,289
23.5,11,9,5,291
23.5,11,9,6,292
23.5,11,9,7,293
23.5,11,9,8,295
23.5,11,9,9,296
23.5,11,9,10,297
23.5,11,9,11,299
23.5,11,9,12,300
23.5,11,9,13,301
23.5,11,9,14,303
23.5,11,9,15,304
23.5,11,10,0,285
23.5,11,10,1,287
23.5,11,10,2,288
23.5,11,10,3,290
23.5,11,10,4,291
23.5,11,10,5,292
23.5,11,10,6,294
23.5,11,10,7,295
23.5,11,10,8,296
23.5,11,10,9,298
23.5,11,10,10,299
23.5,11,10,11,300
23.5,11,10,12,302
23.5,11,10,13,303
23.5,11,10,14,304
23.5,11,10,15,306
23.5,11,11,0,287
23.5,11,11,1,288
23.5,11,11,2,290
23.5,11,11,3,291
23.5,11,11,4,293
23.5,11,11,5,294
23.5,11,11,6,295
23.5,11,11,7,297
23.5,11,11,8,298
23.5,11,11,9,299
23.5,11,11,10,301
23.5,11,11,11,302
23.5,11,11,12,303
23.5,11,11,13,305
23.5,11,11,14,306
23.5,11,11,15,307
23.5,11,12,0,288
23.5,11,12,1,290
23.5,11,12,2,291
23.5,11,12,3,293
23.5,11,12,4,294
23.5,11,12,5,295
23.5,11,12,6,297
23.5,11,12,7,298
23.5,11,12,8,300
23.5,11,12,9,301
23.5,11,12,10,302
23.5,11,12,11,304
23.5,11,12,12,305
23.5,11,12,13,306
23.5,11,12,14,308
23.5,11,12,15,309
23.5,11,13,0,290
23.5,11,13,1,291
23.5,11,13,2,293
23.5,11,13,3,294
23.5,11,13,4,296
23.5,11,13,5,297
23.5,11,13,6,298
23.5,11,13,7,300
23.5,11,13,8,301
23.5,11,13,9,303
23.5,11,13,10,304
23.5,11,13,11,305
23.5,11,13,12,307
23.5,11,13,13,308
23.5,11,13,14,309
23.5,11,13,15,311
23.5,11,14,0,291
23.5,11,14,1,293
23.5,11,14,2,294
23.5,11,14,3,296
23.5,11,14,4,297
23.5,11,14,5,299
23.5,11,14,6,300
23.5,11,14,7,301
23.5,11,14,8,303
23.5,11,14,9,304
23.5,11,14,10,305
23.5,11,14,11,307
23.5,11,14,12,308
23.5,11,14,13,310
23.5,11,14,14,311
23.5,11,14,15,312
23.5,11,15,0,293
23.5,11,15,1,294
23.5,11,15,2,296
23.5,11,15,3,297
23.5,11,15,4,299
23.5,11,15,5,300
23.5,11,15,6,302
23.5,11,15,7,303
23.5,11,15,8,304
23.5,11,15,9,306
23.5,11,15,10,307
23.5,11,15,11,308
23.5,11,15,12,310
23.5,11,15,13,311
23.5,11,15,14,312
23.5,11,15,15,314
23.5,12,0,0,273
23.5,12,0,1,275
23.5,12,0,2,276
23.5,12,0,3,277
23.5,12,0,4,279
23.5,12,0,5,280
23.5,12,0,6,281
23.5,12,0,7,283
23.5,12,0,8,284
23.5,12,0,9,285
23.5,12,0,10,287
23.5,12,0,11,288
23.5,12,0,12,289
23.5,12,0,13,290
23.5,12,0,14,292
23.5,12,0,15,293
23.5,12,1,0,275
23.5,12,1,1,276
23.5,12,1,2,278
23.5,12,1,3,279
23.5,12,1,4,280
23.5,12,1,5,282
23.5,12,1,6,283
23.5,12,1,7,284
23.5,12,1,8,286
23.5,12,1,9,287
23.5,12,1,10,288
23.5,12,1,11,290
23.5,12,1,12,291
23.5,12,1,13,292
23.5,12,1,14,293
23.5,12,1,15,295
23.5,12,2,0,277
23.5,12,2,1,278
23.5,12,2,2,279
23.5,12,2,3,281
23.5,12,2,4,282
23.5,12,2,5,283
23.5,12,2,6,285
23.5,12,2,7,286
23.5,12,2,8,287
23.5,12,2,9,289
23.5,12,2,10,290
23.5,12,2,11,291
23.5,12,2,12,293
23.5,12,2,13,294
23.5,12,2,14,295
23.5,12,2,15,296
23.5,12,3,0,278
23.5,12,3,1,280
23.5,12,3,2,281
23.5,12,3,3,282
23.5,12,3,4,284
23.5,12,3,5,285
23.5,12,3,6,286
23.5,12,3,7,288
23.5,12,3,8,289
23.5,12,3,9,290
23.5,12,3,10,292
23.5,12,3,11,293
23.5,12,3,12,294
23.5,12,3,13,296
23.5,12,3,14,297
23.5,12,3,15,298
23.5,12,4,0,280
23.5,12,4,1,281
23.5,12,4,2,283
23.5,12,4,3,284
23.5,12,4,4,285
23.5,12,4,5,287
23.5,12,4,6,288
23.5,12,4,7,289
23.5,12,4,8,291
23.5,12,4,9,292
23.5,12,4,10,293
23.5,12,4,11,295
23.5,12,4,12,296
23.5,12,4,13,297
23.5,12,4,14,299
23.5,12,4,15,300
23.5,12,5,0,282
23.5,12,5,1,283
23.5,12,5,2,284
23.5,12,5,3,286
23.5,12,5,4,287
23.5,12,5,5,288
23.5,12,5,6,290
23.5,12,5,7,291
23.5,12,5,8,292
23.5,12,5,9,294
23.5,12,5,10,295
23.5,12,5,11,296
23.5,12,5,12,298
23.5,12,5,13,299
23.5,12,5,14,300
23.5,12,5,15,302
23.5,12,6,0,283
23.5,12,6,1,285
23.5,12,6,2,286
23.5,12,6,3,287
23.5,12,6,4,289
23.5,12,6,5,290
23.5,12,6,6,291
23.5,12,6,7,293
23.5,12,6,8,294
23.5,12,6,9,295
23.5,12,6,10,297
23.5,12,6,11,298
23.5,12,6,12,299
23.5,12,6,13,301
23.5,12,6,14,302
23.5,12,6,15,303
23.5,12,7,0,285
23.5,12,7,1,286
23.5,12,7,2,288
23.5,12,7,3,289
23.5,12,7,4,290
23.5,12,7,5,292
23.5,12,7,6,293
23.5,12,7,7,294
23.5,12,7,8,296
23.5,12,7,9,297
23.5,12,7,10,298
23.5,12,7,11,300
23.5,12,7,12,301
23.5,12,7,13,302
23.5,12,7,14,304
23.5,12,7,15,305
23.5,12,8,0,286
23.5,12,8,1,288
23.5,12,8,2,289
23.5,12,8,3,291
23.5,12,8,4,292
23.5,12,8,5,293
23.5,12,8,6,295
23.5,12,8,7,296
23.5,12,8,8,297
23.5,12,8,9,299
23.5,12,8,10,300
23.5,12,8,11,301
23.5,12,8,12,303
23.5,12,8,13,304
23.5,12,8,14,305
23.5,12,8,15,307
23.5,12,9,0,288
23.5,12,9,1,289
23.5,12,9,2,291
23.5,12,9,3,292
23.5,12,9,4,294
23.5,12,9,5,295
23.5,12,9,6,296
23.5,12,9,7,298
23.5,12,9,8,299
23.5,12,9,9,300
23.5,12,9,10,302
23.5,12,9,11,303
23.5,12,9,12,304
23.5,12,9,13,306
23.5,12,9,14,307
23.5,12,9,15,308
23.5,12,10,0,289
23.5,12,10,1,291
23.5,12,10,2,292
23.5,12,10,3,294
23.5,12,10,4,295
23.5,12,10,5,297
23.5,12,10,6,298
23.5,12,10,7,299
23.5,12,10,8,301
23.5,12,10,9,302
23.5,12,10,10,303
23.5,12,10,11,305
23.5,12,10,12,306
23.5,12,10,13,307
23.5,12,10,14,309
23.5,12,10,15,310
23.5,12,11,0,291
23.5,12,11,1,292
23.5,12,11,2,294
23.5,12,11,3,295
23.5,12,11,4,297
23.5,12,11,5,298
23.5,12,11,6,300
23.5,12,11,7,301
23.5,12,11,8,302
23.5,12,11,9,304
23.5,12,11,10,305
23.5,12,11,11,306
23.5,12,11,12,308
23.5,12,11,13,309
23.5,12,11,14,310
23.5,12,11,15,312
23.5,12,12,0,293
23.5,12,12,1,294
23.5,12,12,2,295
23.5,12,12,3,297
23.5,12,12,4,298
23.5,12,12,5,300
23.5,12,12,6,301
23.5,12,12,7,302
23.5,12,12,8,304
23.5,12,12,9,305
23.5,12,12,10,307
23.5,12,12,11,308
23.5,12,12,12,309
23.5,12,12,13,311
23.5,12,12,14,312
23.5,12,12,15,313
23.5,12,13,0,294
23.5,12,13,1,296
23.5,12,13,2,297
23.5,12,13,3,298
23.5,12,13,4,300
23.5,12,13,5,301
23.5,12,13,6,303
23.5,12,13,7,304
23.5,12,13,8,305
23.5,12,13,9,307
23.5,12,13,10,308
23.5,12,13,11,310
23.5,12,13,12,311
23.5,12,13,13,312
23.5,12,13,14,314
23.5,12,13,15,315
23.5,12,14,0,296
23.5,12,14,1,297
23.5,12,14,2,299
23.5,12,14,3,300
23.5,12,14,4,301
23.5,12,14,5,303
23.5,12,14,6,304
23.5,12,14,7,306
23.5,12,14,8,307
23.5,12,14,9,308
23.5,12,14,10,310
23.5,12,14,11,311
23.5,12,14,12,313
23.5,12,14,13,314
23.5,12,14,14,315
23.5,12,14,15,317
23.5,12,15,0,297
23.5,12,15,1,299
23.5,12,15,2,300
23.5,12,15,3,302
23.5,12,15,4,303
23.5,12,15,5,304
23.5,12,15,6,306
23.5,12,15,7,307
23.5,12,15,8,309
23.5,12,15,9,310
23.5,12,15,10,311
23.5,12,15,11,313
23.5,12,15,12,314
23.5,12,15,13,316
23.5,12,15,14,317
23.5,12,15,15,318
23.5,13,0,0,277
23.5,13,0,1,279
23.5,13,0,2,280
23.5,13,0,3,281
23.5,13,0,4,283
23.5,13,0,5,284
23.5,13,0,6,285
23.5,13,0,7,287
23.5,13,0,8,288
23.5,13,0,9,289
23.5,13,0,10,291
23.5,13,0,11,292
23.5,13,0,12,293
23.5,13,0,13,294
23.5,13,0,14,296
23.5,13,0,15,297
23.5,13,1,0,279
23.5,13,1,1,280
23.5,13,1,2,282
23.5,13,1,3,283
23.5,13,1,4,284
23.5,13,1,5,286
23.5,13,1,6,287
23.5,13,1,7,288
23.5,13,1,8,290
23.5,13,1,9,291
23.5,13,1,10,292
23.5,13,1,11,294
23.5,13,1,12,295
23.5,13,1,13,296
23.5,13,1,14,298
23.5,13,1,15,299
23.5,13,2,0,281
23.5,13,2,1,282
23.5,13,2,2,283
23.5,13,2,3,285
23.5,13,2,4,286
23.5,13,2,5,287
23.5,13,2,6,289
23.5,13,2,7,290
23.5,13,2,8,291
23.5,13,2,9,293
23.5,13,2,10,294
23.5,13,2,11,295
23.5,13,2,12,297
23.5,13,2,13,298
23.5,13,2,14,299
23.5,13,2,15,301
23.5,13,3,0,282
23.5,13,3,1,284
23.5,13,3,2,285
23.5,13,3,3,286
23.5,13,3,4,288
23.5,13,3,5,289
23.5,13,3,6,290
23.5,13,3,7,292
23.5,13,3,8,293
23.5,13,3,9,295
23.5,13,3,10,296
23.5,13,3,11,297
23.5,13,3,12,298
23.5,13,3,13,300
23.5,13,3,14,301
23.5,13,3,15,302
23.5,13,4,0,284
23.5,13,4,1,285
23.5,13,4,2,287
23.5,13,4,3,288
23.5,13,4,4,289
23.5,13,4,5,291
23.5,13,4,6,292
23.5,13,4,7,294
23.5,13,4,8,295
23.5,13,4,9,296
23.5,13,4,10,298
23.5,13,4,11,299
23.5,13,4,12,300
23.5,13,4,13,302
23.5,13,4,14,303
23.5,13,4,15,304
23.5,13,5,0,286
23.5,13,5,1,287
23.5,13,5,2,288
23.5,13,5,3,290
23.5,13,5,4,291
23.5,13,5,5,292
23.5,13,5,6,294
23.5,13,5,7,295
23.5,13,5,8,297
23.5,13,5,9,298
23.5,13,5,10,299
23.5,13,5,11,301
23.5,13,5,12,302
23.5,13,5,13,303
23.5,13,5,14,305
23.5,13,5,15,306
23.5,13,6,0,287
23.5,13,6,1,289
23.5,13,6,2,290
23.5,13,6,3,291
23.5,13,6,4,293
23.5,13,6,5,294
23.5,13,6,6,296
23.5,13,6,7,297
23.5,13,6,8,298
23.5,13,6,9,300
23.5,13,6,10,301
23.5,13,6,11,302
23.5,13,6,12,304
23.5,13,6,13,305
23.5,13,6,14,306
23.5,13,6,15,308
23.5,13,7,0,289
23.5,13,7,1,290
23.5,13,7,2,292
23.5,13,7,3,293
23.5,13,7,4,294
23.5,13,7,5,296
23.5,13,7,6,297
23.5,13,7,7,299
23.5,13,7,8,300
23.5,13,7,9,301
23.5,13,7,10,303
23.5,13,7,11,304
23.5,13,7,12,305
23.5,13,7,13,307
23.5,13,7,14,308
23.5,13,7,15,309
23.5,13,8,0,290
23.5,13,8,1,292
23.5,13,8,2,293
23.5,13,8,3,295
23.5,13,8,4,296
23.5,13,8,5,297
23.5,13,8,6,299
23.5,13,8,7,300
23.5,13,8,8,302
23.5,13,8,9,303
23.5,13,8,10,304
23.5,13,8,11,306
23.5,13,8,12,307
23.5,13,8,13,308
23.5,13,8,14,310
23.5,13,8,15,311
23.5,13,9,0,292
23.5,13,9,1,293
23.5,13,9,2,295
23.5,13,9,3,296
23.5,13,9,4,298
23.5,13,9,5,299
23.5,13,9,6,300
23.5,13,9,7,302
23.5,13,9,8,303
23.5,13,9,9,305
23.5,13,9,10,306
23.5,13,9,11,307
23.5,13,9,12,309
23.5,13,9,13,310
23.5,13,9,14,311
23.5,13,9,15,313
23.5,13,10,0,294
23.5,13,10,1,295
23.5,13,10,2,296
23.5,13,10,3,298
23.5,13,10,4,299
23.5,13,10,5,301
23.5,13,10,6,302
23.5,13,10,7,304
23.5,13,10,8,305
23.5,13,10,9,306
23.5,13,10,10,308
23.5,13,10,11,309
23.5,13,10,12,310
23.5,13,10,13,312
23.5,13,10,14,313
23.5,13,10,15,314
23.5,13,11,0,295
23.5,13,11,1,297
23.5,13,11,2,298
23.5,13,11,3,299
23.5,13,11,4,301
23.5,13,11,5,302
23.5,13,11,6,304
23.5,13,11,7,305
23.5,13,11,8,307
23.5,13,11,9,308
23.5,13,11,10,309
23.5,13,11,11,311
23.5,13,11,12,312
23.5,13,11,13,313
23.5,13,11,14,315
23.5,13,11,15,316
23.5,13,12,0,297
23.5,13,12,1,298
23.5,13,12,2,300
23.5,13,12,3,301
23.5,13,12,4,302
23.5,13,12,5,304
23.5,13,12,6,305
23.5,13,12,7,307
23.5,13,12,8,308
23.5,13,12,9,310
23.5,13,12,10,311
23.5,13,12,11,312
23.5,13,12,12,314
23.5,13,12,13,315
23.5,13,12,14,316
23.5,13,12,15,318
23.5,13,13,0,298
23.5,13,13,1,300
23.5,13,13,2,301
23.5,13,13,3,303
23.5,13,13,4,304
23.5,13,13,5,306
23.5,13,13,6,307
23.5,13,13,7,308
23.5,13,13,8,310
23.5,13,13,9,311
23.5,13,13,10,313
23.5,13,13,11,314
23.5,13,13,12,315
23.5,13,13,13,317
23.5,13,13,14,318
23.5,13,13,15,319
23.5,13,14,0,300
23.5,13,14,1,301
23.5,13,14,2,303
23.5,13,14,3,304
23.5,13,14,4,306
23.5,13,14,5,307
23.5,13,14,6,309
23.5,13,14,7,310
23.5,13,14,8,311
23.5,13,14,9,313
23.5,13,14,10,314
23.5,13,14,11,316
23.5,13,14,12,317
23.5,13,14,13,318
23.5,13,14,14,320
23.5,13,14,15,321
23.5,13,15,0,301
23.5,13,15,1,303
23.5,13,15,2,304
23.5,13,15,3,306
23.5,13,15,4,307
23.5,13,15,5,309
23.5,13,15,6,310
23.5,13,15,7,312
23.5,13,15,8,313
23.5,13,15,9,314
23.5,13,15,10,316
23.5,13,15,11,317
23.5,13,15,12,319
23.5,13,15,13,320
23.5,13,15,14,321
23.5,13,15,15,323
23.5,14,0,0,281
23.5,14,0,1,283
23.5,14,0,2,284
23.5,14,0,3,285
23.5,14,0,4,287
23.5,14,0,5,288
23.5,14,0,6,289
23.5,14,0,7,291
23.5,14,0,8,292
23.5,14,0,9,293
23.5,14,0,10,295
23.5,14,0,11,296
23.5,14,0,12,297
23.5,14,0,13,299
23.5,14,0,14,300
23.5,14,0,15,301
23.5,14,1,0,283
23.5,14,1,1,284
23.5,14,1,2,286
23.5,14,1,3,287
23.5,14,1,4,288
23.5,14,1,5,290
23.5,14,1,6,291
23.5,14,1,7,292
23.5,14,1,8,294
23.5,14,1,9,295
23.5,14,1,10,296
23.5,14,1,11,298
23.5,14,1,12,299
23.5,14,1,13,300
23.5,14,1,14,302
23.5,14,1,15,303
23.5,14,2,0,285
23.5,14,2,1,286
23.5,14,2,2,287
23.5,14,2,3,289
23.5,14,2,4,290
23.5,14,2,5,291
23.5,14,2,6,293
23.5,14,2,7,294
23.5,14,2,8,296
23.5,14,2,9,297
23.5,14,2,10,298
23.5,14,2,11,300
23.5,14,2,12,301
23.5,14,2,13,302
23.5,14,2,14,303
23.5,14,2,15,305
23.5,14,3,0,286
23.5,14,3,1,288
23.5,14,3,2,289
23.5,14,3,3,290
23.5,14,3,4,292
23.5,14,3,5,293
23.5,14,3,6,295
23.5,14,3,7,296
23.5,14,3,8,297
23.5,14,3,9,299
23.5,14,3,10,300
23.5,14,3,11,301
23.5,14,3,12,303
23.5,14,3,13,304
23.5,14,3,14,305
23.5,14,3,15,307
23.5,14,4,0,288
23.5,14,4,1,289
23.5,14,4,2,291
23.5,14,4,3,292
23.5,14,4,4,293
23.5,14,4,5,295
23.5,14,4,6,296
23.5,14,4,7,298
23.5,14,4,8,299
23.5,14,4,9,300
23.5,14,4,10,302
23.5,14,4,11,303
23.5,14,4,12,304
23.5,14,4,13,306
23.5,14,4,14,307
23.5,14,4,15,308
23.5,14,5,0,290
23.5,14,5,1,291
23.5,14,5,2,292
23.5,14,5,3,294
23.5,14,5,4,295
23.5,14,5,5,297
23.5,14,5,6,298
23.5,14,5,7,299
23.5,14,5,8,301
23.5,14,5,9,302
23.5,14,5,10,303
23.5,14,5,11,305
23.5,14,5,12,306
23.5,14,5,13,307
23.5,14,5,14,309
23.5,14,5,15,310
23.5,14,6,0,291
23.5,14,6,1,293
23.5,14,6,2,294
23.5,14,6,3,295
23.5,14,6,4,297
23.5,14,6,5,298
23.5,14,6,6,300
23.5,14,6,7,301
23.5,14,6,8,302
23.5,14,6,9,304
23.5,14,6,10,305
23.5,14,6,11,307
23.5,14,6,12,308
23.5,14,6,13,309
23.5,14,6,14,311
23.5,14,6,15,312
23.5,14,7,0,293
23.5,14,7,1,294
23.5,14,7,2,296
23.5,14,7,3,297
23.5,14,7,4,299
23.5,14,7,5,300
23.5,14,7,6,301
23.5,14,7,7,303
23.5,14,7,8,304
23.5,14,7,9,305
23.5,14,7,10,307
23.5,14,7,11,308
23.5,14,7,12,310
23.5,14,7,13,311
23.5,14,7,14,312
23.5,14,7,15,314
23.5,14,8,0,294
23.5,14,8,1,296
23.5,14,8,2,297
23.5,14,8,3,299
23.5,14,8,4,300
23.5,14,8,5,302
23.5,14,8,6,303
23.5,14,8,7,304
23.5,14,8,8,306
23.5,14,8,9,307
23.5,14,8,10,309
23.5,14,8,11,310
23.5,14,8,12,311
23.5,14,8,13,313
23.5,14,8,14,314
23.5,14,8,15,315
23.5,14,9,0,296
23.5,14,9,1,298
23.5,14,9,2,299
23.5,14,9,3,300
23.5,14,9,4,302
23.5,14,9,5,303
23.5,14,9,6,305
23.5,14,9,7,306
23.5,14,9,8,307
23.5,14,9,9,309
23.5,14,9,10,310
23.5,14,9,11,312
23.5,14,9,12,313
23.5,14,9,13,314
23.5,14,9,14,316
23.5,14,9,15,317
23.5,14,10,0,298
23.5,14,10,1,299
23.5,14,10,2,301
23.5,14,10,3,302
23.5,14,10,4,303
23.5,14,10,5,305
23.5,14,10,6,306
23.5,14,10,7,308
23.5,14,10,8,309
23.5,14,10,9,311
23.5,14,10,10,312
23.5,14,10,11,313
23.5,14,10,12,315
23.5,14,10,13,316
23.5,14,10,14,317
23.5,14,10,15,319
23.5,14,11,0,299
23.5,14,11,1,301
23.5,14,11,2,302
23.5,14,11,3,304
23.5,14,11,4,305
23.5,14,11,5,307
23.5,14,11,6,308
23.5,14,11,7,309
23.5,14,11,8,311
23.5,14,11,9,312
23.5,14,11,10,314
23.5,14,11,11,315
23.5,14,11,12,316
23.5,14,11,13,318
23.5,14,11,14,319
23.5,14,11,15,321
23.5,14,12,0,301
23.5,14,12,1,302
23.5,14,12,2,304
23.5,14,12,3,305
23.5,14,12,4,307
23.5,14,12,5,308
23.5,14,12,6,310
23.5,14,12,7,311
23.5,14,12,8,312
23.5,14,12,9,314
23.5,14,12,10,315
23.5,14,12,11,317
23.5,14,12,12,318
23.5,14,12,13,319
23.5,14,12,14,321
23.5,14,12,15,322
23.5,14,13,0,302
23.5,14,13,1,304
23.5,14,13,2,305
23.5,14,13,3,307
23.5,14,13,4,308
23.5,14,13,5,310
23.5,14,13,6,311
23.5,14,13,7,313
23.5,14,13,8,314
23.5,14,13,9,316
23.5,14,13,10,317
23.5,14,13,11,318
23.5,14,13,12,320
23.5,14,13,13,321
23.5,14,13,14,323
23.5,14,13,15,324
23.5,14,14,0,304
23.5,14,14,1,305
23.5,14,14,2,307
23.5,14,14,3,308
23.5,14,14,4,310
23.5,14,14,5,311
23.5,14,14,6,313
23.5,14,14,7,314
23.5,14,14,8,316
23.5,14,14,9,317
23.5,14,14,10,319
23.5,14,14,11,320
23.5,14,14,12,321
23.5,14,14,13,323
23.5,14,14,14,324
23.5,14,14,15,326
23.5,14,15,0,306
23.5,14,15,1,307
23.5,14,15,2,309
23.5,14,15,3,310
23.5,14,15,4,312
23.5,14,15,5,313
23.5,14,15,6,314
23.5,14,15,7,316
23.5,14,15,8,317
23.5,14,15,9,319
23.5,14,15,10,320
23.5,14,15,11,322
23.5,14,15,12,323
23.5,14,15,13,324
23.5,14,15,14,326
23.5,14,15,15,327
23.5,15,0,0,285
23.5,15,0,1,286
23.5,15,0,2,288
23.5,15,0,3,289
23.5,15,0,4,291
23.5,15,0,5,292
23.5,15,0,6,293
23.5,15,0,7,295
23.5,15,0,8,296
23.5,15,0,9,297
23.5,15,0,10,299
23.5,15,0,11,300
23.5,15,0,12,301
23.5,15,0,13,303
23.5,15,0,14,304
23.5,15,0,15,305
23.5,15,1,0,287
23.5,15,1,1,288
23.5,15,1,2,290
23.5,15,1,3,291
23.5,15,1,4,292
23.5,15,1,5,294
23.5,15,1,6,295
23.5,15,1,7,296
23.5,15,1,8,298
23.5,15,1,9,299
23.5,15,1,10,301
23.5,15,1,11,302
23.5,15,1,12,303
23.5,15,1,13,305
23.5,15,1,14,306
23.5,15,1,15,307
23.5,15,2,0,288
23.5,15,2,1,290
23.5,15,2,2,291
23.5,15,2,3,293
23.5,15,2,4,294
23.5,15,2,5,295
23.5,15,2,6,297
23.5,15,2,7,298
23.5,15,2,8,300
23.5,15,2,9,301
23.5,15,2,10,302
23.5,15,2,11,304
23.5,15,2,12,305
23.5,15,2,13,306
23.5,15,2,14,308
23.5,15,2,15,309
23.5,15,3,0,290
23.5,15,3,1,292
23.5,15,3,2,293
23.5,15,3,3,294
23.5,15,3,4,296
23.5,15,3,5,297
23.5,15,3,6,299
23.5,15,3,7,300
23.5,15,3,8,301
23.5,15,3,9,303
23.5,15,3,10,304
23.5,15,3,11,305
23.5,15,3,12,307
23.5,15,3,13,308
23.5,15,3,14,309
23.5,15,3,15,311
23.5,15,4,0,292
23.5,15,4,1,293
23.5,15,4,2,295
23.5,15,4,3,296
23.5,15,4,4,298
23.5,15,4,5,299
23.5,15,4,6,300
23.5,15,4,7,302
23.5,15,4,8,303
23.5,15,4,9,304
23.5,15,4,10,306
23.5,15,4,11,307
23.5,15,4,12,309
23.5,15,4,13,310
23.5,15,4,14,311
23.5,15,4,15,313
23.5,15,5,0,294
23.5,15,5,1,295
23.5,15,5,2,296
23.5,15,5,3,298
23.5,15,5,4,299
23.5,15,5,5,301
23.5,15,5,6,302
23.5,15,5,7,303
23.5,15,5,8,305
23.5,15,5,9,306
23.5,15,5,10,308
23.5,15,5,11,309
23.5,15,5,12,310
23.5,15,5,13,312
23.5,15,5,14,313
23.5,15,5,15,314
23.5,15,6,0,295
23.5,15,6,1,297
23.5,15,6,2,298
23.5,15,6,3,299
23.5,15,6,4,301
23.5,15,6,5,302
23.5,15,6,6,304
23.5,15,6,7,305
23.5,15,6,8,307
23.5,15,6,9,308
23.5,15,6,10,309
23.5,15,6,11,311
23.5,15,6,12,312
23.5,15,6,13,313
23.5,15,6,14,315
23.5,15,6,15,316
23.5,15,7,0,297
23.5,15,7,1,298
23.5,15,7,2,300
23.5,15,7,3,301
23.5,15,7,4,303
23.5,15,7,5,304
23.5,15,7,6,305
23.5,15,7,7,307
23.5,15,7,8,308
23.5,15,7,9,310
23.5,15,7,10,311
23.5,15,7,11,312
23.5,15,7,12,314
23.5,15,7,13,315
23.5,15,7,14,317
23.5,15,7,15,318
23.5,15,8,0,298
23.5,15,8,1,300
23.5,15,8,2,301
23.5,15,8,3,303
23.5,15,8,4,304
23.5,15,8,5,306
23.5,15,8,6,307
23.5,15,8,7,309
23.5,15,8,8,310
23.5,15,8,9,311
23.5,15,8,10,313
23.5,15,8,11,314
23.5,15,8,12,316
23.5,15,8,13,317
23.5,15,8,14,318
23.5,15,8,15,320
23.5,15,9,0,300
23.5,15,9,1,302
23.5,15,9,2,303
23.5,15,9,3,305
23.5,15,9,4,306
23.5,15,9,5,307
23.5,15,9,6,309
23.5,15,9,7,310
23.5,15,9,8,312
23.5,15,9,9,313
23.5,15,9,10,315
23.5,15,9,11,316
23.5,15,9,12,317
23.5,15,9,13,319
23.5,15,9,14,320
23.5,15,9,15,321
23.5,15,10,0,302
23.5,15,10,1,303
23.5,15,10,2,305
23.5,15,10,3,306
23.5,15,10,4,308
23.5,15,10,5,309
23.5,15,10,6,311
23.5,15,10,7,312
23.5,15,10,8,313
23.5,15,10,9,315
23.5,15,10,10,316
23.5,15,10,11,318
23.5,15,10,12,319
23.5,15,10,13,320
23.5,15,10,14,322
23.5,15,10,15,323
23.5,15,11,0,303
23.5,15,11,1,305
23.5,15,11,2,306
23.5,15,11,3,308
23.5,15,11,4,309
23.5,15,11,5,311
23.5,15,11,6,312
23.5,15,11,7,314
23.5,15,11,8,315
23.5,15,11,9,316
23.5,15,11,10,318
23.5,15,11,11,319
23.5,15,11,12,321
23.5,15,11,13,322
23.5,15,11,14,324
23.5,15,11,15,325
23.5,15,12,0,305
23.5,15,12,1,306
23.5,15,12,2,308
23.5,15,12,3,309
23.5,15,12,4,311
23.5,15,12,5,312
23.5,15,12,6,314
23.5,15,12,7,315
23.5,15,12,8,317
23.5,15,12,9,318
23.5,15,12,10,320
23.5,15,12,11,321
23.5,15,12,12,322
23.5,15,12,13,324
23.5,15,12,14,325
23.5,15,12,15,327
23.5,15,13,0,307
23.5,15,13,1,308
23.5,15,13,2,310
23.5,15,13,3,311
23.5,15,13,4,313
23.5,15,13,5,314
23.5,15,13,6,315
23.5,15,13,7,317
23.5,15,13,8,318
23.5,15,13,9,320
23.5,15,13,10,321
23.5,15,13,11,323
23.5,15,13,12,324
23.5,15,13,13,326
23.5,15,13,14,327
23.5,15,13,15,328
23.5,15,14,0,308
23.5,15,14,1,310
23.5,15,14,2,311
23.5,15,14,3,313
23.5,15,14,4,314
23.5,15,14,5,316
23.5,15,14,6,317
23.5,15,14,7,319
23.5,15,14,8,320
23.5,15,14,9,322
23.5,15,14,10,323
23.5,15,14,11,324
23.5,15,14,12,326
23.5,15,14,13,327
23.5,15,14,14,329
23.5,15,14,15,330
23.5,15,15,0,310
23.5,15,15,1,311
23.5,15,15,2,313
23.5,15,15,3,314
23.5,15,15,4,316
23.5,15,15,5,317
23.5,15,15,6,319
23.5,15,15,7,320
23.5,15,15,8,322
23.5,15,15,9,323
23.5,15,15,10,325
23.5,15,15,11,326
23.5,15,15,12,328
23.5,15,15,13,329
23.5,15,15,14,330
23.5,15,15,15,332
24.0,0,0,0,232
24.0,0,0,1,233
24.0,0,0,2,234
24.0,0,0,3,235
24.0,0,0,4,237
24.0,0,0,5,238
24.0,0,0,6,239
24.0,0,0,7,240
24.0,0,0,8,241
24.0,0,0,9,242
24.0,0,0,10,243
24.0,0,0,11,244
24.0,0,0,12,245
24.0,0,0,13,246
24.0,0,0,14,247
24.0,0,0,15,249
24.0,0,1,0,233
24.0,0,1,1,235
24.0,0,1,2,236
24.0,0,1,3,237
24.0,0,1,4,238
24.0,0,1,5,239
24.0,0,1,6,240
24.0,0,1,7,241
24.0,0,1,8,242
24.0,0,1,9,243
24.0,0,1,10,245
24.0,0,1,11,246
24.0,0,1,12,247
24.0,0,1,13,248
24.0,0,1,14,249
24.0,0,1,15,250
24.0,0,2,0,235
24.0,0,2,1,236
24.0,0,2,2,237
24.0,0,2,3,238
24.0,0,2,4,239
24.0,0,2,5,240
24.0,0,2,6,242
24.0,0,2,7,243
24.0,0,2,8,244
24.0,0,2,9,245
24.0,0,2,10,246
24.0,0,2,11,247
24.0,0,2,12,248
24.0,0,2,13,249
24.0,0,2,14,250
24.0,0,2,15,251
24.0,0,3,0,236
24.0,0,3,1,237
24.0,0,3,2,238
24.0,0,3,3,240
24.0,0,3,4,241
24.0,0,3,5,242
24.0,0,3,6,243
24.0,0,3,7,244
24.0,0,3,8,245
24.0,0,3,9,246
24.0,0,3,10,247
24.0,0,3,11,249
24.0,0,3,12,250
24.0,0,3,13,251
24.0,0,3,14,252
24.0,0,3,15,253
24.0,0,4,0,238
24.0,0,4,1,239
24.0,0,4,2,240
24.0,0,4,3,241
24.0,0,4,4,242
24.0,0,4,5,243
24.0,0,4,6,244
24.0,0,4,7,246
24.0,0,4,8,247
24.0,0,4,9,248
24.0,0,4,10,249
24.0,0,4,11,250
24.0,0,4,12,251
24.0,0,4,13,252
24.0,0,4,14,253
24.0,0,4,15,254
24.0,0,5,0,239
24.0,0,5,1,240
24.0,0,5,2,241
24.0,0,5,3,242
24.0,0,5,4,244
24.0,0,5,5,245
24.0,0,5,6,246
24.0,0,5,7,247
24.0,0,5,8,248
24.0,0,5,9,249
24.0,0,5,10,250
24.0,0,5,11,251
24.0,0,5,12,253
24.0,0,5,13,254
24.0,0,5,14,255
24.0,0,5,15,256
24.0,0,6,0,240
24.0,0,6,1,241
24.0,0,6,2,243
24.0,0,6,3,244
24.0,0,6,4,245
24.0,0,6,5,246
24.0,0,6,6,247
24.0,0,6,7,248
24.0,0,6,8,250
24.0,0,6,9,251
24.0,0,6,10,252
24.0,0,6,11,253
24.0,0,6,12,254
24.0,0,6,13,255
24.0,0,6,14,256
24.0,0,6,15,257
24.0,0,7,0,242
24.0,0,7,1,243
24.0,0,7,2,244
24.0,0,7,3,245
24.0,0,7,4,246
24.0,0,7,5,247
24.0,0,7,6,249
24.0,0,7,7,250
24.0,0,7,8,251
24.0,0,7,9,252
24.0,0,7,10,253
24.0,0,7,11,254
24.0,0,7,12,255
24.0,0,7,13,257
24.0,0,7,14,258
24.0,0,7,15,259
24.0,0,8,0,243
24.0,0,8,1,244
24.0,0,8,2,245
24.0,0,8,3,247
24.0,0,8,4,248
24.0,0,8,5,249
24.0,0,8,6,250
24.0,0,8,7,251
24.0,0,8,8,252
24.0,0,8,9,253
24.0,0,8,10,255
24.0,0,8,11,256
24.0,0,8,12,257
24.0,0,8,13,258
24.0,0,8,14,259
24.0,0,8,15,260
24.0,0,9,0,244
24.0,0,9,1,245
24.0,0,9,2,247
24.0,0,9,3,248
24.0,0,9,4,249
24.0,0,9,5,250
24.0,0,9,6,251
24.0,0,9,7,253
24.0,0,9,8,254
24.0,0,9,9,255
24.0,0,9,10,256
24.0,0,9,11,257
24.0,0,9,12,258
24.0,0,9,13,259
24.0,0,9,14,261
24.0,0,9,15,262
24.0,0,10,0,246
24.0,0,10,1,247
24.0,0,10,2,248
24.0,0,10,3,249
24.0,0,10,4,250
24.0,0,10,5,252
24.0,0,10,6,253
24.0,0,10,7,254
24.0,0,10,8,255
24.0,0,10,9,256
24.0,0,10,10,257
24.0,0,10,11,259
24.0,0,10,12,260
24.0,0,10,13,261
24.0,0,10,14,262
24.0,0,10,15,263
24.0,0,11,0,247
24.0,0,11,1,248
24.0,0,11,2,249
24.0,0,11,3,251
24.0,0,11,4,252
24.0,0,11,5,253
24.0,0,11,6,254
24.0,0,11,7,255
24.0,0,11,8,256
24.0,0,11,9,258
24.0,0,11,10,259
24.0,0,11,11,260
24.0,0,11,12,261
24.0,0,11,13,262
24.0,0,11,14,263
24.0,0,11,15,264
24.0,0,12,0,248
24.0,0,12,1,249
24.0,0,12,2,251
24.0,0,12,3,252
24.0,0,12,4,253
24.0,0,12,5,254
24.0,0,12,6,255
24.0,0,12,7,257
24.0,0,12,8,258
24.0,0,12,9,259
24.0,0,12,10,260
24.0,0,12,11,261
24.0,0,12,12,262
24.0,0,12,13,264
24.0,0,12,14,265
24.0,0,12,15,266
24.0,0,13,0,250
24.0,0,13,1,251
24.0,0,13,2,252
24.0,0,13,3,253
24.0,0,13,4,254
24.0,0,13,5,256
24.0,0,13,6,257
24.0,0,13,7,258
24.0,0,13,8,259
24.0,0,13,9,260
24.0,0,13,10,262
24.0,0,13,11,263
24.0,0,13,12,264
24.0,0,13,13,265
24.0,0,13,14,266
24.0,0,13,15,267
24.0,0,14,0,251
24.0,0,14,1,252
24.0,0,14,2,253
24.0,0,14,3,255
24.0,0,14,4,256
24.0,0,14,5,257
24.0,0,14,6,258
24.0,0,14,7,259
24.0,0,14,8,261
24.0,0,14,9,262
24.0,0,14,10,263
24.0,0,14,11,264
24.0,0,14,12,265
24.0,0,14,13,266
24.0,0,14,14,268
24.0,0,14,15,269
24.0,0,15,0,252
24.0,0,15,1,253
24.0,0,15,2,255
24.0,0,15,3,256
24.0,0,15,4,257
24.0,0,15,5,258
24.0,0,15,6,259
24.0,0,15,7,261
24.0,0,15,8,262
24.0,0,15,9,263
24.0,0,15,10,264
24.0,0,15,11,265
24.0,0,15,12,267
24.0,0,15,13,268
24.0,0,15,14,269
24.0,0,15,15,270
24.0,1,0,0,236
24.0,1,0,1,237
24.0,1,0,2,238
24.0,1,0,3,239
24.0,1,0,4,241
24.0,1,0,5,242
24.0,1,0,6,243
24.0,1,0,7,244
24.0,1,0,8,245
24.0,1,0,9,246
24.0,1,0,10,247
24.0,1,0,11,248
24.0,1,0,12,249
24.0,1,0,13,251
24.0,1,0,14,252
24.0,1,0,15,253
24.0,1,1,0,237
24.0,1,1,1,239
24.0,1,1,2,240
24.0,1,1,3,241
24.0,1,1,4,242
24.0,1,1,5,243
24.0,1,1,6,244
24.0,1,1,7,245
24.0,1,1,8,247
24.0,1,1,9,248
24.0,1,1,10,249
24.0,1,1,11,250
24.0,1,1,12,251
24.0,1,1,13,252
24.0,1,1,14,253
24.0,1,1,15,254
24.0,1,2,0,239
24.0,1,2,1,240
24.0,1,2,2,241
24.0,1,2,3,242
24.0,1,2,4,243
24.0,1,2,5,245
24.0,1,2,6,246
24.0,1,2,7,247
24.0,1,2,8,248
24.0,1,2,9,249
24.0,1,2,10,250
24.0,1,2,11,251
24.0,1,2,12,252
24.0,1,2,13,254
24.0,1,2,14,255
24.0,1,2,15,256
24.0,1,3,0,240
24.0,1,3,1,241
24.0,1,3,2,243
24.0,1,3,3,244
24.0,1,3,4,245
24.0,1,3,5,246
24.0,1,3,6,247
24.0,1,3,7,248
24.0,1,3,8,249
24.0,1,3,9,251
24.0,1,3,10,252
24.0,1,3,11,253
24.0,1,3,12,254
24.0,1,3,13,255
24.0,1,3,14,256
24.0,1,3,15,257
24.0,1,4,0,242
24.0,1,4,1,243
24.0,1,4,2,244
24.0,1,4,3,245
24.0,1,4,4,246
24.0,1,4,5,247
24.0,1,4,6,249
24.0,1,4,7,250
24.0,1,4,8,251
24.0,1,4,9,252
24.0,1,4,10,253
24.0,1,4,11,254
24.0,1,4,12,255
24.0,1,4,13,257
24.0,1,4,14,258
24.0,1,4,15,259
24.0,1,5,0,243
24.0,1,5,1,244
24.0,1,5,2,245
24.0,1,5,3,247
24.0,1,5,4,248
24.0,1,5,5,249
24.0,1,5,6,250
24.0,1,5,7,251
24.0,1,5,8,252
24.0,1,5,9,253
24.0,1,5,10,255
24.0,1,5,11,256
24.0,1,5,12,257
24.0,1,5,13,258
24.0,1,5,14,259
24.0,1,5,15,260
24.0,1,6,0,244
24.0,1,6,1,246
24.0,1,6,2,247
24.0,1,6,3,248
24.0,1,6,4,249
24.0,1,6,5,250
24.0,1,6,6,251
24.0,1,6,7,253
24.0,1,6,8,254
24.0,1,6,9,255
24.0,1,6,10,256
24.0,1,6,11,257
24.0,1,6,12,258
24.0,1,6,13,259
24.0,1,6,14,261
24.0,1,6,15,262
24.0,1,7,0,246
24.0,1,7,1,247
24.0,1,7,2,248
24.0,1,7,3,249
24.0,1,7,4,250
24.0,1,7,5,252
24.0,1,7,6,253
24.0,1,7,7,254
24.0,1,7,8,255
24.0,1,7,9,256
24.0,1,7,10,257
24.0,1,7,11,259
24.0,1,7,12,260
24.0,1,7,13,261
24.0,1,7,14,262
24.0,1,7,15,263
24.0,1,8,0,247
24.0,1,8,1,248
24.0,1,8,2,249
24.0,1,8,3,251
24.0,1,8,4,252
24.0,1,8,5,253
24.0,1,8,6,254
24.0,1,8,7,255
24.0,1,8,8,257
24.0,1,8,9,258
24.0,1,8,10,259
24.0,1,8,11,260
24.0,1,8,12,261
24.0,1,8,13,262
24.0,1,8,14,264
24.0,1,8,15,265
24.0,1,9,0,248
24.0,1,9,1,250
24.0,1,9,2,251
24.0,1,9,3,252
24.0,1,9,4,253
24.0,1,9,5,254
24.0,1,9,6,256
24.0,1,9,7,257
24.0,1,9,8,258
24.0,1,9,9,259
24.0,1,9,10,260
24.0,1,9,11,262
24.0,1,9,12,263
24.0,1,9,13,264
24.0,1,9,14,265
24.0,1,9,15,266
24.0,1,10,0,250
24.0,1,10,1,251
24.0,1,10,2,252
24.0,1,10,3,253
24.0,1,10,4,255
24.0,1,10,5,256
24.0,1,10,6,257
24.0,1,10,7,258
24.0,1,10,8,259
24.0,1,10,9,261
24.0,1,10,10,262
24.0,1,10,11,263
24.0,1,10,12,264
24.0,1,10,13,265
24.0,1,10,14,266
24.0,1,10,15,268
24.0,1,11,0,251
24.0,1,11,1,252
24.0,1,11,2,254
24.0,1,11,3,255
24.0,1,11,4,256
24.0,1,11,5,257
24.0,1,11,6,258
24.0,1,11,7,260
24.0,1,11,8,261
24.0,1,11,9,262
24.0,1,11,10,263
24.0,1,11,11,264
24.0,1,11,12,266
24.0,1,11,13,267
24.0,1,11,14,268
24.0,1,11,15,269
24.0,1,12,0,252
24.0,1,12,1,254
24.0,1,12,2,255
24.0,1,12,3,256
24.0,1,12,4,257
24.0,1,12,5,259
24.0,1,12,6,260
24.0,1,12,7,261
24.0,1,12,8,262
24.0,1,12,9,263
24.0,1,12,10,265
24.0,1,12,11,266
24.0,1,12,12,267
24.0,1,12,13,268
24.0,1,12,14,269
24.0,1,12,15,270
24.0,1,13,0,254
24.0,1,13,1,255
24.0,1,13,2,256
24.0,1,13,3,257
24.0,1,13,4,259
24.0,1,13,5,260
24.0,1,13,6,261
24.0,1,13,7,262
24.0,1,13,8,264
24.0,1,13,9,265
24.0,1,13,10,266
24.0,1,13,11,267
24.0,1,13,12,268
24.0,1,13,13,270
24.0,1,13,14,271
24.0,1,13,15,272
24.0,1,14,0,255
24.0,1,14,1,256
24.0,1,14,2,258
24.0,1,14,3,259
24.0,1,14,4,260
24.0,1,14,5,261
24.0,1,14,6,263
24.0,1,14,7,264
24.0,1,14,8,265
24.0,1,14,9,266
24.0,1,14,10,267
24.0,1,14,11,269
24.0,1,14,12,270
24.0,1,14,13,271
24.0,1,14,14,272
24.0,1,14,15,273
24.0,1,15,0,256
24.0,1,15,1,258
24.0,1,15,2,259
24.0,1,15,3,260
24.0,1,15,4,261
24.0,1,15,5,263
24.0,1,15,6,264
24.0,1,15,7,265
24.0,1,15,8,266
24.0,1,15,9,268
24.0,1,15,10,269
24.0,1,15,11,270
24.0,1,15,12,271
24.0,1,15,13,272
24.0,1,15,14,273
24.0,1,15,15,275
24.0,2,0,0,240
24.0,2,0,1,241
24.0,2,0,2,242
24.0,2,0,3,243
24.0,2,0,4,245
24.0,2,0,5,246
24.0,2,0,6,247
24.0,2,0,7,248
24.0,2,0,8,249
24.0,2,0,9,250
24.0,2,0,10,251
24.0,2,0,11,253
24.0,2,0,12,254
24.0,2,0,13,255
24.0,2,0,14,256
24.0,2,0,15,257
24.0,2,1,0,241
24.0,2,1,1,243
24.0,2,1,2,244
24.0,2,1,3,245
24.0,2,1,4,246
24.0,2,1,5,247
24.0,2,1,6,248
24.0,2,1,7,249
24.0,2,1,8,251
24.0,2,1,9,252
24.0,2,1,10,253
24.0,2,1,11,254
24.0,2,1,12,255
24.0,2,1,13,256
24.0,2,1,14,257
24.0,2,1,15,258
24.0,2,2,0,243
24.0,2,2,1,244
24.0,2,2,2,245
24.0,2,2,3,246
24.0,2,2,4,247
24.0,2,2,5,249
24.0,2,2,6,250
24.0,2,2,7,251
24.0,2,2,8,252
24.0,2,2,9,253
24.0,2,2,10,254
24.0,2,2,11,256
24.0,2,2,12,257
24.0,2,2,13,258
24.0,2,2,14,259
24.0,2,2,15,260
24.0,2,3,0,244
24.0,2,3,1,245
24.0,2,3,2,247
24.0,2,3,3,248
24.0,2,3,4,249
24.0,2,3,5,250
24.0,2,3,6,251
24.0,2,3,7,252
24.0,2,3,8,254
24.0,2,3,9,255
24.0,2,3,10,256
24.0,2,3,11,257
24.0,2,3,12,258
24.0,2,3,13,259
24.0,2,3,14,260
24.0,2,3,15,262
24.0,2,4,0,246
24.0,2,4,1,247
24.0,2,4,2,248
24.0,2,4,3,249
24.0,2,4,4,250
24.0,2,4,5,252
24.0,2,4,6,253
24.0,2,4,7,254
24.0,2,4,8,255
24.0,2,4,9,256
24.0,2,4,10,257
24.0,2,4,11,259
24.0,2,4,12,260
24.0,2,4,13,261
24.0,2,4,14,262
24.0,2,4,15,263
24.0,2,5,0,247
24.0,2,5,1,248
24.0,2,5,2,249
24.0,2,5,3,251
24.0,2,5,4,252
24.0,2,5,5,253
24.0,2,5,6,254
24.0,2,5,7,255
24.0,2,5,8,257
24.0,2,5,9,258
24.0,2,5,10,259
24.0,2,5,11,260
24.0,2,5,12,261
24.0,2,5,13,262
24.0,2,5,14,263
24.0,2,5,15,265
24.0,2,6,0,248
24.0,2,6,1,250
24.0,2,6,2,251
24.0,2,6,3,252
24.0,2,6,4,253
24.0,2,6,5,254
24.0,2,6,6,256
24.0,2,6,7,257
24.0,2,6,8,258
24.0,2,6,9,259
24.0,2,6,10,260
24.0,2,6,11,261
24.0,2,6,12,263
24.0,2,6,13,264
24.0,2,6,14,265
24.0,2,6,15,266
24.0,2,7,0,250
24.0,2,7,1,251
24.0,2,7,2,252
24.0,2,7,3,253
24.0,2,7,4,255
24.0,2,7,5,256
24.0,2,7,6,257
24.0,2,7,7,258
24.0,2,7,8,259
24.0,2,7,9,261
24.0,2,7,10,262
24.0,2,7,11,263
24.0,2,7,12,264
24.0,2,7,13,265
24.0,2,7,14,266
24.0,2,7,15,268
24.0,2,8,0,251
24.0,2,8,1,252
24.0,2,8,2,254
24.0,2,8,3,255
24.0,2,8,4,256
24.0,2,8,5,257
24.0,2,8,6,258
24.0,2,8,7,260
24.0,2,8,8,261
24.0,2,8,9,262
24.0,2,8,10,263
24.0,2,8,11,264
24.0,2,8,12,266
24.0,2,8,13,267
24.0,2,8,14,268
24.0,2,8,15,269
24.0,2,9,0,253
24.0,2,9,1,254
24.0,2,9,2,255
24.0,2,9,3,256
24.0,2,9,4,257
24.0,2,9,5,259
24.0,2,9,6,260
24.0,2,9,7,261
24.0,2,9,8,262
24.0,2,9,9,264
24.0,2,9,10,265
24.0,2,9,11,266
24.0,2,9,12,267
24.0,2,9,13,268
24.0,2,9,14,269
24.0,2,9,15,271
24.0,2,10,0,254
24.0,2,10,1,255
24.0,2,10,2,256
24.0,2,10,3,258
24.0,2,10,4,259
24.0,2,10,5,260
24.0,2,10,6,261
24.0,2,10,7,263
24.0,2,10,8,264
24.0,2,10,9,265
24.0,2,10,10,266
24.0,2,10,11,267
24.0,2,10,12,269
24.0,2,10,13,270
24.0,2,10,14,271
24.0,2,10,15,272
24.0,2,11,0,255
24.0,2,11,1,257
24.0,2,11,2,258
24.0,2,11,3,259
24.0,2,11,4,260
24.0,2,11,5,262
24.0,2,11,6,263
24.0,2,11,7,264
24.0,2,11,8,265
24.0,2,11,9,266
24.0,2,11,10,268
24.0,2,11,11,269
24.0,2,11,12,270
24.0,2,11,13,271
24.0,2,11,14,272
24.0,2,11,15,273
24.0,2,12,0,257
24.0,2,12,1,258
24.0,2,12,2,259
24.0,2,12,3,260
24.0,2,12,4,262
24.0,2,12,5,263
24.0,2,12,6,264
24.0,2,12,7,265
24.0,2,12,8,267
24.0,2,12,9,268
24.0,2,12,10,269
24.0,2,12,11,270
24.0,2,12,12,271
24.0,2,12,13,273
24.0,2,12,14,274
24.0,2,12,15,275
24.0,2,13,0,258
24.0,2,13,1,259
24.0,2,13,2,261
24.0,2,13,3,262
24.0,2,13,4,263
24.0,2,13,5,264
24.0,2,13,6,266
24.0,2,13,7,267
24.0,2,13,8,268
24.0,2,13,9,269
24.0,2,13,10,270
24.0,2,13,11,272
24.0,2,13,12,273
24.0,2,13,13,274
24.0,2,13,14,275
24.0,2,13,15,276
24.0,2,14,0,259
24.0,2,14,1,261
24.0,2,14,2,262
24.0,2,14,3,263
24.0,2,14,4,264
24.0,2,14,5,266
24.0,2,14,6,267
24.0,2,14,7,268
24.0,2,14,8,269
24.0,2,14,9,271
24.0,2,14,10,272
24.0,2,14,11,273
24.0,2,14,12,274
24.0,2,14,13,275
24.0,2,14,14,277
24.0,2,14,15,278
24.0,2,15,0,261
24.0,2,15,1,262
24.0,2,15,2,263
24.0,2,15,3,265
24.0,2,15,4,266
24.0,2,15,5,267
24.0,2,15,6,268
24.0,2,15,7,270
24.0,2,15,8,271
24.0,2,15,9,272
24.0,2,15,10,273
24.0,2,15,11,274
24.0,2,15,12,276
24.0,2,15,13,277
24.0,2,15,14,278
24.0,2,15,15,279
24.0,3,0,0,244
24.0,3,0,1,245
24.0,3,0,2,246
24.0,3,0,3,247
24.0,3,0,4,249
24.0,3,0,5,250
24.0,3,0,6,251
24.0,3,0,7,252
24.0,3,0,8,253
24.0,3,0,9,254
24.0,3,0,10,256
24.0,3,0,11,257
24.0,3,0,12,258
24.0,3,0,13,259
24.0,3,0,14,260
24.0,3,0,15,261
24.0,3,1,0,245
24.0,3,1,1,246
24.0,3,1,2,248
24.0,3,1,3,249
24.0,3,1,4,250
24.0,3,1,5,251
24.0,3,1,6,252
24.0,3,1,7,254
24.0,3,1,8,255
24.0,3,1,9,256
24.0,3,1,10,257
24.0,3,1,11,258
24.0,3,1,12,259
24.0,3,1,13,260
24.0,3,1,14,262
24.0,3,1,15,263
24.0,3,2,0,247
24.0,3,2,1,248
24.0,3,2,2,249
24.0,3,2,3,250
24.0,3,2,4,252
24.0,3,2,5,253
24.0,3,2,6,254
24.0,3,2,7,255
24.0,3,2,8,256
24.0,3,2,9,257
24.0,3,2,10,259
24.0,3,2,11,260
24.0,3,2,12,261
24.0,3,2,13,262
24.0,3,2,14,263
24.0,3,2,15,264
24.0,3,3,0,248
24.0,3,3,1,249
24.0,3,3,2,251
24.0,3,3,3,252
24.0,3,3,4,253
24.0,3,3,5,254
24.0,3,3,6,255
24.0,3,3,7,257
24.0,3,3,8,258
24.0,3,3,9,259
24.0,3,3,10,260
24.0,3,3,11,261
24.0,3,3,12,262
24.0,3,3,13,264
24.0,3,3,14,265
24.0,3,3,15,266
24.0,3,4,0,250
24.0,3,4,1,251
24.0,3,4,2,252
24.0,3,4,3,253
24.0,3,4,4,254
24.0,3,4,5,256
24.0,3,4,6,257
24.0,3,4,7,258
24.0,3,4,8,259
24.0,3,4,9,260
24.0,3,4,10,262
24.0,3,4,11,263
24.0,3,4,12,264
24.0,3,4,13,265
24.0,3,4,14,266
24.0,3,4,15,267
24.0,3,5,0,251
24.0,3,5,1,252
24.0,3,5,2,254
24.0,3,5,3,255
24.0,3,5,4,256
24.0,3,5,5,257
24.0,3,5,6,258
24.0,3,5,7,260
24.0,3,5,8,261
24.0,3,5,9,262
24.0,3,5,10,263
24.0,3,5,11,264
24.0,3,5,12,265
24.0,3,5,13,267
24.0,3,5,14,268
24.0,3,5,15,269
24.0,3,6,0,253
24.0,3,6,1,254
24.0,3,6,2,255
24.0,3,6,3,256
24.0,3,6,4,257
24.0,3,6,5,259
24.0,3,6,6,260
24.0,3,6,7,261
24.0,3,6,8,262
24.0,3,6,9,263
24.0,3,6,10,265
24.0,3,6,11,266
24.0,3,6,12,267
24.0,3,6,13,268
24.0,3,6,14,269
24.0,3,6,15,270
24.0,3,7,0,254
24.0,3,7,1,255
24.0,3,7,2,256
24.0,3,7,3,258
24.0,3,7,4,259
24.0,3,7,5,260
24.0,3,7,6,261
24.0,3,7,7,263
24.0,3,7,8,264
24.0,3,7,9,265
24.0,3,7,10,266
24.0,3,7,11,267
24.0,3,7,12,268
24.0,3,7,13,270
24.0,3,7,14,271
24.0,3,7,15,272
24.0,3,8,0,255
24.0,3,8,1,257
24.0,3,8,2,258
24.0,3,8,3,259
24.0,3,8,4,260
24.0,3,8,5,262
24.0,3,8,6,263
24.0,3,8,7,264
24.0,3,8,8,265
24.0,3,8,9,266
24.0,3,8,10,268
24.0,3,8,11,269
24.0,3,8,12,270
24.0,3,8,13,271
24.0,3,8,14,272
24.0,3,8,15,273
24.0,3,9,0,257
24.0,3,9,1,258
24.0,3,9,2,259
24.0,3,9,3,260
24.0,3,9,4,262
24.0,3,9,5,263
24.0,3,9,6,264
24.0,3,9,7,265
24.0,3,9,8,267
24.0,3,9,9,268
24.0,3,9,10,269
24.0,3,9,11,270
24.0,3,9,12,271
24.0,3,9,13,273
24.0,3,9,14,274
24.0,3,9,15,275
24.0,3,10,0,258
24.0,3,10,1,259
24.0,3,10,2,261
24.0,3,10,3,262
24.0,3,10,4,263
24.0,3,10,5,264
24.0,3,10,6,266
24.0,3,10,7,267
24.0,3,10,8,268
24.0,3,10,9,269
24.0,3,10,10,271
24.0,3,10,11,272
24.0,3,10,12,273
24.0,3,10,13,274
24.0,3,10,14,275
24.0,3,10,15,276
24.0,3,11,0,260
24.0,3,11,1,261
24.0,3,11,2,262
24.0,3,11,3,263
24.0,3,11,4,265
24.0,3,11,5,266
24.0,3,11,6,267
24.0,3,11,7,268
24.0,3,11,8,270
24.0,3,11,9,271
24.0,3,11,10,272
24.0,3,11,11,273
24.0,3,11,12,274
24.0,3,11,13,276
24.0,3,11,14,277
24.0,3,11,15,278
24.0,3,12,0,261
24.0,3,12,1,262
24.0,3,12,2,263
24.0,3,12,3,265
24.0,3,12,4,266
24.0,3,12,5,267
24.0,3,12,6,268
24.0,3,12,7,270
24.0,3,12,8,271
24.0,3,12,9,272
24.0,3,12,10,273
24.0,3,12,11,275
24.0,3,12,12,276
24.0,3,12,13,277
24.0,3,12,14,278
24.0,3,12,15,279
24.0,3,13,0,262
24.0,3,13,1,264
24.0,3,13,2,265
24.0,3,13,3,266
24.0,3,13,4,267
24.0,3,13,5,269
24.0,3,13,6,270
24.0,3,13,7,271
24.0,3,13,8,272
24.0,3,13,9,274
24.0,3,13,10,275
24.0,3,13,11,276
24.0,3,13,12,277
24.0,3,13,13,279
24.0,3,13,14,280
24.0,3,13,15,281
24.0,3,14,0,264
24.0,3,14,1,265
24.0,3,14,2,266
24.0,3,14,3,267
24.0,3,14,4,269
24.0,3,14,5,270
24.0,3,14,6,271
24.0,3,14,7,273
24.0,3,14,8,274
24.0,3,14,9,275
24.0,3,14,10,276
24.0,3,14,11,278
24.0,3,14,12,279
24.0,3,14,13,280
24.0,3,14,14,281
24.0,3,14,15,282
24.0,3,15,0,265
24.0,3,15,1,266
24.0,3,15,2,268
24.0,3,15,3,269
24.0,3,15,4,270
24.0,3,15,5,271
24.0,3,15,6,273
24.0,3,15,7,274
24.0,3,15,8,275
24.0,3,15,9,276
24.0,3,15,10,278
24.0,3,15,11,279
24.0,3,15,12,280
24.0,3,15,13,281
24.0,3,15,14,283
24.0,3,15,15,284
24.0,4,0,0,248
24.0,4,0,1,249
24.0,4,0,2,250
24.0,4,0,3,251
24.0,4,0,4,253
24.0,4,0,5,254
24.0,4,0,6,255
24.0,4,0,7,256
24.0,4,0,8,257
24.0,4,0,9,258
24.0,4,0,10,260
24.0,4,0,11,261
24.0,4,0,12,262
24.0,4,0,13,263
24.0,4,0,14,264
24.0,4,0,15,265
24.0,4,1,0,249
24.0,4,1,1,250
24.0,4,1,2,252
24.0,4,1,3,253
24.0,4,1,4,254
24.0,4,1,5,255
24.0,4,1,6,256
24.0,4,1,7,258
24.0,4,1,8,259
24.0,4,1,9,260
24.0,4,1,10,261
24.0,4,1,11,262
24.0,4,1,12,264
24.0,4,1,13,265
24.0,4,1,14,266
24.0,4,1,15,267
24.0,4,2,0,251
24.0,4,2,1,252
24.0,4,2,2,253
24.0,4,2,3,254
24.0,4,2,4,256
24.0,4,2,5,257
24.0,4,2,6,258
24.0,4,2,7,259
24.0,4,2,8,260
24.0,4,2,9,262
24.0,4,2,10,263
24.0,4,2,11,264
24.0,4,2,12,265
24.0,4,2,13,266
24.0,4,2,14,267
24.0,4,2,15,269
24.0,4,3,0,252
24.0,4,3,1,253
24.0,4,3,2,255
24.0,4,3,3,256
24.0,4,3,4,257
24.0,4,3,5,258
24.0,4,3,6,260
24.0,4,3,7,261
24.0,4,3,8,262
24.0,4,3,9,263
24.0,4,3,10,264
24.0,4,3,11,265
24.0,4,3,12,267
24.0,4,3,13,268
24.0,4,3,14,269
24.0,4,3,15,270
24.0,4,4,0,254
24.0,4,4,1,255
24.0,4,4,2,256
24.0,4,4,3,257
24.0,4,4,4,259
24.0,4,4,5,260
24.0,4,4,6,261
24.0,4,4,7,262
24.0,4,4,8,263
24.0,4,4,9,265
24.0,4,4,10,266
24.0,4,4,11,267
24.0,4,4,12,268
24.0,4,4,13,269
24.0,4,4,14,271
24.0,4,4,15,272
24.0,4,5,0,255
24.0,4,5,1,256
24.0,4,5,2,258
24.0,4,5,3,259
24.0,4,5,4,260
24.0,4,5,5,261
24.0,4,5,6,263
24.0,4,5,7,264
24.0,4,5,8,265
24.0,4,5,9,266
24.0,4,5,10,267
24.0,4,5,11,269
24.0,4,5,12,270
24.0,4,5,13,271
24.0,4,5,14,272
24.0,4,5,15,273
24.0,4,6,0,257
24.0,4,6,1,258
24.0,4,6,2,259
24.0,4,6,3,260
24.0,4,6,4,262
24.0,4,6,5,263
24.0,4,6,6,264
24.0,4,6,7,265
24.0,4,6,8,266
24.0,4,6,9,268
24.0,4,6,10,269
24.0,4,6,11,270
24.0,4,6,12,271
24.0,4,6,13,272
24.0,4,6,14,274
24.0,4,6,15,275
24.0,4,7,0,258
24.0,4,7,1,259
24.0,4,7,2,261
24.0,4,7,3,262
24.0,4,7,4,263
24.0,4,7,5,264
24.0,4,7,6,266
24.0,4,7,7,267
24.0,4,7,8,268
24.0,4,7,9,269
24.0,4,7,10,270
24.0,4,7,11,272
24.0,4,7,12,273
24.0,4,7,13,274
24.0,4,7,14,275
24.0,4,7,15,276
24.0,4,8,0,259
24.0,4,8,1,261
24.0,4,8,2,262
24.0,4,8,3,263
24.0,4,8,4,265
24.0,4,8,5,266
24.0,4,8,6,267
24.0,4,8,7,268
24.0,4,8,8,269
24.0,4,8,9,271
24.0,4,8,10,272
24.0,4,8,11,273
24.0,4,8,12,274
24.0,4,8,13,276
24.0,4,8,14,277
24.0,4,8,15,278
24.0,4,9,0,261
24.0,4,9,1,262
24.0,4,9,2,263
24.0,4,9,3,265
24.0,4,9,4,266
24.0,4,9,5,267
24.0,4,9,6,268
24.0,4,9,7,270
24.0,4,9,8,271
24.0,4,9,9,272
24.0,4,9,10,273
24.0,4,9,11,275
24.0,4,9,12,276
24.0,4,9,13,277
24.0,4,9,14,278
24.0,4,9,15,279
24.0,4,10,0,262
24.0,4,10,1,264
24.0,4,10,2,265
24.0,4,10,3,266
24.0,4,10,4,267
24.0,4,10,5,269
24.0,4,10,6,270
24.0,4,10,7,271
24.0,4,10,8,272
24.0,4,10,9,274
24.0,4,10,10,275
24.0,4,10,11,276
24.0,4,10,12,277
24.0,4,10,13,279
24.0,4,10,14,280
24.0,4,10,15,281
24.0,4,11,0,264
24.0,4,11,1,265
24.0,4,11,2,266
24.0,4,11,3,268
24.0,4,11,4,269
24.0,4,11,5,270
24.0,4,11,6,271
24.0,4,11,7,273
24.0,4,11,8,274
24.0,4,11,9,275
24.0,4,11,10,276
24.0,4,11,11,278
24.0,4,11,12,279
24.0,4,11,13,280
24.0,4,11,14,281
24.0,4,11,15,282
24.0,4,12,0,265
24.0,4,12,1,266
24.0,4,12,2,268
24.0,4,12,3,269
24.0,4,12,4,270
24.0,4,12,5,272
24.0,4,12,6,273
24.0,4,12,7,274
24.0,4,12,8,275
24.0,4,12,9,277
24.0,4,12,10,278
24.0,4,12,11,279
24.0,4,12,12,280
24.0,4,12,13,282
24.0,4,12,14,283
24.0,4,12,15,284
24.0,4,13,0,266
24.0,4,13,1,268
24.0,4,13,2,269
24.0,4,13,3,270
24.0,4,13,4,272
24.0,4,13,5,273
24.0,4,13,6,274
24.0,4,13,7,276
24.0,4,13,8,277
24.0,4,13,9,278
24.0,4,13,10,279
24.0,4,13,11,281
24.0,4,13,12,282
24.0,4,13,13,283
24.0,4,13,14,284
24.0,4,13,15,285
24.0,4,14,0,268
24.0,4,14,1,269
24.0,4,14,2,271
24.0,4,14,3,272
24.0,4,14,4,273
24.0,4,14,5,274
24.0,4,14,6,276
24.0,4,14,7,277
24.0,4,14,8,278
24.0,4,14,9,279
24.0,4,14,10,281
24.0,4,14,11,282
24.0,4,14,12,283
24.0,4,14,13,284
24.0,4,14,14,286
24.0,4,14,15,287
24.0,4,15,0,269
24.0,4,15,1,271
24.0,4,15,2,272
24.0,4,15,3,273
24.0,4,15,4,275
24.0,4,15,5,276
24.0,4,15,6,277
24.0,4,15,7,278
24.0,4,15,8,280
24.0,4,15,9,281
24.0,4,15,10,282
24.0,4,15,11,283
24.0,4,15,12,285
24.0,4,15,13,286
24.0,4,15,14,287
24.0,4,15,15,288
24.0,5,0,0,252
24.0,5,0,1,253
24.0,5,0,2,254
24.0,5,0,3,255
24.0,5,0,4,257
24.0,5,0,5,258
24.0,5,0,6,259
24.0,5,0,7,260
24.0,5,0,8,261
24.0,5,0,9,263
24.0,5,0,10,264
24.0,5,0,11,265
24.0,5,0,12,266
24.0,5,0,13,267
24.0,5,0,14,268
24.0,5,0,15,270
24.0,5,1,0,253
24.0,5,1,1,254
24.0,5,1,2,256
24.0,5,1,3,257
24.0,5,1,4,258
24.0,5,1,5,259
24.0,5,1,6,261
24.0,5,1,7,262
24.0,5,1,8,263
24.0,5,1,9,264
24.0,5,1,10,265
24.0,5,1,11,267
24.0,5,1,12,268
24.0,5,1,13,269
24.0,5,1,14,270
24.0,5,1,15,271
24.0,5,2,0,255
24.0,5,2,1,256
24.0,5,2,2,257
24.0,5,2,3,258
24.0,5,2,4,260
24.0,5,2,5,261
24.0,5,2,6,262
24.0,5,2,7,263
24.0,5,2,8,265
24.0,5,2,9,266
24.0,5,2,10,267
24.0,5,2,11,268
24.0,5,2,12,269
24.0,5,2,13,271
24.0,5,2,14,272
24.0,5,2,15,273
24.0,5,3,0,256
24.0,5,3,1,257
24.0,5,3,2,259
24.0,5,3,3,260
24.0,5,3,4,261
24.0,5,3,5,262
24.0,5,3,6,264
24.0,5,3,7,265
24.0,5,3,8,266
24.0,5,3,9,267
24.0,5,3,10,269
24.0,5,3,11,270
24.0,5,3,12,271
24.0,5,3,13,272
24.0,5,3,14,273
24.0,5,3,15,274
24.0,5,4,0,258
24.0,5,4,1,259
24.0,5,4,2,260
24.0,5,4,3,261
24.0,5,4,4,263
24.0,5,4,5,264
24.0,5,4,6,265
24.0,5,4,7,266
24.0,5,4,8,268
24.0,5,4,9,269
24.0,5,4,10,270
24.0,5,4,11,271
24.0,5,4,12,272
24.0,5,4,13,274
24.0,5,4,14,275
24.0,5,4,15,276
24.0,5,5,0,259
24.0,5,5,1,260
24.0,5,5,2,262
24.0,5,5,3,263
24.0,5,5,4,264
24.0,5,5,5,265
24.0,5,5,6,267
24.0,5,5,7,268
24.0,5,5,8,269
24.0,5,5,9,270
24.0,5,5,10,272
24.0,5,5,11,273
24.0,5,5,12,274
24.0,5,5,13,275
24.0,5,5,14,276
24.0,5,5,15,278
24.0,5,6,0,261
24.0,5,6,1,262
24.0,5,6,2,263
24.0,5,6,3,264
24.0,5,6,4,266
24.0,5,6,5,267
24.0,5,6,6,268
24.0,5,6,7,269
24.0,5,6,8,271
24.0,5,6,9,272
24.0,5,6,10,273
24.0,5,6,11,274
24.0,5,6,12,276
24.0,5,6,13,277
24.0,5,6,14,278
24.0,5,6,15,279
24.0,5,7,0,262
24.0,5,7,1,263
24.0,5,7,2,265
24.0,5,7,3,266
24.0,5,7,4,267
24.0,5,7,5,268
24.0,5,7,6,270
24.0,5,7,7,271
24.0,5,7,8,272
24.0,5,7,9,273
24.0,5,7,10,275
24.0,5,7,11,276
24.0,5,7,12,277
24.0,5,7,13,278
24.0,5,7,14,280
24.0,5,7,15,281
24.0,5,8,0,264
24.0,5,8,1,265
24.0,5,8,2,266
24.0,5,8,3,267
24.0,5,8,4,269
24.0,5,8,5,270
24.0,5,8,6,271
24.0,5,8,7,272
24.0,5,8,8,274
24.0,5,8,9,275
24.0,5,8,10,276
24.0,5,8,11,277
24.0,5,8,12,279
24.0,5,8,13,280
24.0,5,8,14,281
24.0,5,8,15,282
24.0,5,9,0,265
24.0,5,9,1,266
24.0,5,9,2,268
24.0,5,9,3,269
24.0,5,9,4,270
24.0,5,9,5,271
24.0,5,9,6,273
24.0,5,9,7,274
24.0,5,9,8,275
24.0,5,9,9,276
24.0,5,9,10,278
24.0,5,9,11,279
24.0,5,9,12,280
24.0,5,9,13,281
24.0,5,9,14,283
24.0,5,9,15,284
24.0,5,10,0,266
24.0,5,10,1,268
24.0,5,10,2,269
24.0,5,10,3,270
24.0,5,10,4,272
24.0,5,10,5,273
24.0,5,10,6,274
24.0,5,10,7,275
24.0,5,10,8,277
24.0,5,10,9,278
24.0,5,10,10,279
24.0,5,10,11,280
24.0,5,10,12,282
24.0,5,10,13,283
24.0,5,10,14,284
24.0,5,10,15,285
24.0,5,11,0,268
24.0,5,11,1,269
24.0,5,11,2,271
24.0,5,11,3,272
24.0,5,11,4,273
24.0,5,11,5,274
24.0,5,11,6,276
24.0,5,11,7,277
24.0,5,11,8,278
24.0,5,11,9,279
24.0,5,11,10,281
24.0,5,11,11,282
24.0,5,11,12,283
24.0,5,11,13,284
24.0,5,11,14,286
24.0,5,11,15,287
24.0,5,12,0,269
24.0,5,12,1,271
24.0,5,12,2,272
24.0,5,12,3,273
24.0,5,12,4,275
24.0,5,12,5,276
24.0,5,12,6,277
24.0,5,12,7,278
24.0,5,12,8,280
24.0,5,12,9,281
24.0,5,12,10,282
24.0,5,12,11,283
24.0,5,12,12,285
24.0,5,12,13,286
24.0,5,12,14,287
24.0,5,12,15,288
24.0,5,13,0,271
24.0,5,13,1,272
24.0,5,13,2,273
24.0,5,13,3,275
24.0,5,13,4,276
24.0,5,13,5,277
24.0,5,13,6,279
24.0,5,13,7,280
24.0,5,13,8,281
24.0,5,13,9,282
24.0,5,13,10,284
24.0,5,13,11,285
24.0,5,13,12,286
24.0,5,13,13,288
24.0,5,13,14,289
24.0,5,13,15,290
24.0,5,14,0,272
24.0,5,14,1,273
24.0,5,14,2,275
24.0,5,14,3,276
24.0,5,14,4,277
24.0,5,14,5,279
24.0,5,14,6,280
24.0,5,14,7,281
24.0,5,14,8,283
24.0,5,14,9,284
24.0,5,14,10,285
24.0,5,14,11,286
24.0,5,14,12,288
24.0,5,14,13,289
24.0,5,14,14,290
24.0,5,14,15,292
24.0,5,15,0,274
24.0,5,15,1,275
24.0,5,15,2,276
24.0,5,15,3,278
24.0,5,15,4,279
24.0,5,15,5,280
24.0,5,15,6,281
24.0,5,15,7,283
24.0,5,15,8,284
24.0,5,15,9,285
24.0,5,15,10,287
24.0,5,15,11,288
24.0,5,15,12,289
24.0,5,15,13,290
24.0,5,15,14,292
24.0,5,15,15,293
24.0,6,0,0,256
24.0,6,0,1,257
24.0,6,0,2,258
24.0,6,0,3,259
24.0,6,0,4,261
24.0,6,0,5,262
24.0,6,0,6,263
24.0,6,0,7,264
24.0,6,0,8,266
24.0,6,0,9,267
24.0,6,0,10,268
24.0,6,0,11,269
24.0,6,0,12,270
24.0,6,0,13,271
24.0,6,0,14,273
24.0,6,0,15,274
24.0,6,1,0,257
24.0,6,1,1,258
24.0,6,1,2,260
24.0,6,1,3,261
24.0,6,1,4,262
24.0,6,1,5,263
24.0,6,1,6,265
24.0,6,1,7,266
24.0,6,1,8,267
24.0,6,1,9,268
24.0,6,1,10,270
24.0,6,1,11,271
24.0,6,1,12,272
24.0,6,1,13,273
24.0,6,1,14,274
24.0,6,1,15,275
24.0,6,2,0,259
24.0,6,2,1,260
24.0,6,2,2,261
24.0,6,2,3,262
24.0,6,2,4,264
24.0,6,2,5,265
24.0,6,2,6,266
24.0,6,2,7,267
24.0,6,2,8,269
24.0,6,2,9,270
24.0,6,2,10,271
24.0,6,2,11,272
24.0,6,2,12,274
24.0,6,2,13,275
24.0,6,2,14,276
24.0,6,2,15,277
24.0,6,3,0,260
24.0,6,3,1,262
24.0,6,3,2,263
24.0,6,3,3,264
24.0,6,3,4,265
24.0,6,3,5,267
24.0,6,3,6,268
24.0,6,3,7,269
24.0,6,3,8,270
24.0,6,3,9,271
24.0,6,3,10,273
24.0,6,3,11,274
24.0,6,3,12,275
24.0,6,3,13,276
24.0,6,3,14,278
24.0,6,3,15,279
24.0,6,4,0,262
24.0,6,4,1,263
24.0,6,4,2,264
24.0,6,4,3,266
24.0,6,4,4,267
24.0,6,4,5,268
24.0,6,4,6,269
24.0,6,4,7,271
24.0,6,4,8,272
24.0,6,4,9,273
24.0,6,4,10,274
24.0,6,4,11,276
24.0,6,4,12,277
24.0,6,4,13,278
24.0,6,4,14,279
24.0,6,4,15,280
24.0,6,5,0,263
24.0,6,5,1,265
24.0,6,5,2,266
24.0,6,5,3,267
24.0,6,5,4,268
24.0,6,5,5,270
24.0,6,5,6,271
24.0,6,5,7,272
24.0,6,5,8,273
24.0,6,5,9,275
24.0,6,5,10,276
24.0,6,5,11,277
24.0,6,5,12,278
24.0,6,5,13,280
24.0,6,5,14,281
24.0,6,5,15,282
24.0,6,6,0,265
24.0,6,6,1,266
24.0,6,6,2,267
24.0,6,6,3,269
24.0,6,6,4,270
24.0,6,6,5,271
24.0,6,6,6,272
24.0,6,6,7,274
24.0,6,6,8,275
24.0,6,6,9,276
24.0,6,6,10,277
24.0,6,6,11,279
24.0,6,6,12,280
24.0,6,6,13,281
24.0,6,6,14,282
24.0,6,6,15,284
24.0,6,7,0,266
24.0,6,7,1,268
24.0,6,7,2,269
24.0,6,7,3,270
24.0,6,7,4,271
24.0,6,7,5,273
24.0,6,7,6,274
24.0,6,7,7,275
24.0,6,7,8,276
24.0,6,7,9,278
24.0,6,7,10,279
24.0,6,7,11,280
24.0,6,7,12,281
24.0,6,7,13,283
24.0,6,7,14,284
24.0,6,7,15,285
24.0,6,8,0,268
24.0,6,8,1,269
24.0,6,8,2,270
24.0,6,8,3,272
24.0,6,8,4,273
24.0,6,8,5,274
24.0,6,8,6,275
24.0,6,8,7,277
24.0,6,8,8,278
24.0,6,8,9,279
24.0,6,8,10,281
24.0,6,8,11,282
24.0,6,8,12,283
24.0,6,8,13,284
24.0,6,8,14,286
24.0,6,8,15,287
24.0,6,9,0,269
24.0,6,9,1,270
24.0,6,9,2,272
24.0,6,9,3,273
24.0,6,9,4,274
24.0,6,9,5,276
24.0,6,9,6,277
24.0,6,9,7,278
24.0,6,9,8,280
24.0,6,9,9,281
24.0,6,9,10,282
24.0,6,9,11,283
24.0,6,9,12,285
24.0,6,9,13,286
24.0,6,9,14,287
24.0,6,9,15,288
24.0,6,10,0,271
24.0,6,10,1,272
24.0,6,10,2,273
24.0,6,10,3,275
24.0,6,10,4,276
24.0,6,10,5,277
24.0,6,10,6,278
24.0,6,10,7,280
24.0,6,10,8,281
24.0,6,10,9,282
24.0,6,10,10,284
24.0,6,10,11,285
24.0,6,10,12,286
24.0,6,10,13,287
24.0,6,10,14,289
24.0,6,10,15,290
24.0,6,11,0,272
24.0,6,11,1,273
24.0,6,11,2,275
24.0,6,11,3,276
24.0,6,11,4,277
24.0,6,11,5,279
24.0,6,11,6,280
24.0,6,11,7,281
24.0,6,11,8,283
24.0,6,11,9,284
24.0,6,11,10,285
24.0,6,11,11,286
24.0,6,11,12,288
24.0,6,11,13,289
24.0,6,11,14,290
24.0,6,11,15,291
24.0,6,12,0,274
24.0,6,12,1,275
24.0,6,12,2,276
24.0,6,12,3,278
24.0,6,12,4,279
24.0,6,12,5,280
24.0,6,12,6,281
24.0,6,12,7,283
24.0,6,12,8,284
24.0,6,12,9,285
24.0,6,12,10,287
24.0,6,12,11,288
24.0,6,12,12,289
24.0,6,12,13,290
24.0,6,12,14,292
24.0,6,12,15,293
24.0,6,13,0,275
24.0,6,13,1,276
24.0,6,13,2,278
24.0,6,13,3,279
24.0,6,13,4,280
24.0,6,13,5,282
24.0,6,13,6,283
24.0,6,13,7,284
24.0,6,13,8,286
24.0,6,13,9,287
24.0,6,13,10,288
24.0,6,13,11,289
24.0,6,13,12,291
24.0,6,13,13,292
24.0,6,13,14,293
24.0,6,13,15,295
24.0,6,14,0,276
24.0,6,14,1,278
24.0,6,14,2,279
24.0,6,14,3,280
24.0,6,14,4,282
24.0,6,14,5,283
24.0,6,14,6,284
24.0,6,14,7,286
24.0,6,14,8,287
24.0,6,14,9,288
24.0,6,14,10,290
24.0,6,14,11,291
24.0,6,14,12,292
24.0,6,14,13,294
24.0,6,14,14,295
24.0,6,14,15,296
24.0,6,15,0,278
24.0,6,15,1,279
24.0,6,15,2,281
24.0,6,15,3,282
24.0,6,15,4,283
24.0,6,15,5,285
24.0,6,15,6,286
24.0,6,15,7,287
24.0,6,15,8,289
24.0,6,15,9,290
24.0,6,15,10,291
24.0,6,15,11,292
24.0,6,15,12,294
24.0,6,15,13,295
24.0,6,15,14,296
24.0,6,15,15,298
24.0,7,0,0,260
24.0,7,0,1,261
24.0,7,0,2,262
24.0,7,0,3,263
24.0,7,0,4,265
24.0,7,0,5,266
24.0,7,0,6,267
24.0,7,0,7,268
24.0,7,0,8,270
24.0,7,0,9,271
24.0,7,0,10,272
24.0,7,0,11,273
24.0,7,0,12,274
24.0,7,0,13,276
24.0,7,0,14,277
24.0,7,0,15,278
24.0,7,1,0,261
24.0,7,1,1,262
24.0,7,1,2,264
24.0,7,1,3,265
24.0,7,1,4,266
24.0,7,1,5,267
24.0,7,1,6,269
24.0,7,1,7,270
24.0,7,1,8,271
24.0,7,1,9,272
24.0,7,1,10,274
24.0,7,1,11,275
24.0,7,1,12,276
24.0,7,1,13,277
24.0,7,1,14,279
24.0,7,1,15,280
24.0,7,2,0,263
24.0,7,2,1,264
24.0,7,2,2,265
24.0,7,2,3,267
24.0,7,2,4,268
24.0,7,2,5,269
24.0,7,2,6,270
24.0,7,2,7,272
24.0,7,2,8,273
24.0,7,2,9,274
24.0,7,2,10,275
24.0,7,2,11,277
24.0,7,2,12,278
24.0,7,2,13,279
24.0,7,2,14,280
24.0,7,2,15,281
24.0,7,3,0,264
24.0,7,3,1,266
24.0,7,3,2,267
24.0,7,3,3,268
24.0,7,3,4,269
24.0,7,3,5,271
24.0,7,3,6,272
24.0,7,3,7,273
24.0,7,3,8,274
24.0,7,3,9,276
24.0,7,3,10,277
24.0,7,3,11,278
24.0,7,3,12,279
24.0,7,3,13,281
24.0,7,3,14,282
24.0,7,3,15,283
24.0,7,4,0,266
24.0,7,4,1,267
24.0,7,4,2,268
24.0,7,4,3,270
24.0,7,4,4,271
24.0,7,4,5,272
24.0,7,4,6,273
24.0,7,4,7,275
24.0,7,4,8,276
24.0,7,4,9,277
24.0,7,4,10,279
24.0,7,4,11,280
24.0,7,4,12,281
24.0,7,4,13,282
24.0,7,4,14,283
24.0,7,4,15,285
24.0,7,5,0,267
24.0,7,5,1,269
24.0,7,5,2,270
24.0,7,5,3,271
24.0,7,5,4,273
24.0,7,5,5,274
24.0,7,5,6,275
24.0,7,5,7,276
24.0,7,5,8,278
24.0,7,5,9,279
24.0,7,5,10,280
24.0,7,5,11,281
24.0,7,5,12,283
24.0,7,5,13,284
24.0,7,5,14,285
24.0,7,5,15,286
24.0,7,6,0,269
24.0,7,6,1,270
24.0,7,6,2,271
24.0,7,6,3,273
24.0,7,6,4,274
24.0,7,6,5,275
24.0,7,6,6,277
24.0,7,6,7,278
24.0,7,6,8,279
24.0,7,6,9,280
24.0,7,6,10,282
24.0,7,6,11,283
24.0,7,6,12,284
24.0,7,6,13,285
24.0,7,6,14,287
24.0,7,6,15,288
24.0,7,7,0,270
24.0,7,7,1,272
24.0,7,7,2,273
24.0,7,7,3,274
24.0,7,7,4,276
24.0,7,7,5,277
24.0,7,7,6,278
24.0,7,7,7,279
24.0,7,7,8,281
24.0,7,7,9,282
24.0,7,7,10,283
24.0,7,7,11,285
24.0,7,7,12,286
24.0,7,7,13,287
24.0,7,7,14,288
24.0,7,7,15,290
24.0,7,8,0,272
24.0,7,8,1,273
24.0,7,8,2,274
24.0,7,8,3,276
24.0,7,8,4,277
24.0,7,8,5,278
24.0,7,8,6,280
24.0,7,8,7,281
24.0,7,8,8,282
24.0,7,8,9,284
24.0,7,8,10,285
24.0,7,8,11,286
24.0,7,8,12,287
24.0,7,8,13,289
24.0,7,8,14,290
24.0,7,8,15,291
24.0,7,9,0,273
24.0,7,9,1,275
24.0,7,9,2,276
24.0,7,9,3,277
24.0,7,9,4,279
24.0,7,9,5,280
24.0,7,9,6,281
24.0,7,9,7,283
24.0,7,9,8,284
24.0,7,9,9,285
24.0,7,9,10,286
24.0,7,9,11,288
24.0,7,9,12,289
24.0,7,9,13,290
24.0,7,9,14,292
24.0,7,9,15,293
24.0,7,10,0,275
24.0,7,10,1,276
24.0,7,10,2,277
24.0,7,10,3,279
24.0,7,10,4,280
24.0,7,10,5,281
24.0,7,10,6,283
24.0,7,10,7,284
24.0,7,10,8,285
24.0,7,10,9,287
24.0,7,10,10,288
24.0,7,10,11,289
24.0,7,10,12,291
24.0,7,10,13,292
24.0,7,10,14,293
24.0,7,10,15,294
24.0,7,11,0,276
24.0,7,11,1,278
24.0,7,11,2,279
24.0,7,11,3,280
24.0,7,11,4,282
24.0,7,11,5,283
24.0,7,11,6,284
24.0,7,11,7,286
24.0,7,11,8,287
24.0,7,11,9,288
24.0,7,11,10,290
24.0,7,11,11,291
24.0,7,11,12,292
24.0,7,11,13,293
24.0,7,11,14,295
24.0,7,11,15,296
24.0,7,12,0,278
24.0,7,12,1,279
24.0,7,12,2,280
24.0,7,12,3,282
24.0,7,12,4,283
24.0,7,12,5,284
24.0,7,12,6,286
24.0,7,12,7,287
24.0,7,12,8,288
24.0,7,12,9,290
24.0,7,12,10,291
24.0,7,12,11,292
24.0,7,12,12,294
24.0,7,12,13,295
24.0,7,12,14,296
24.0,7,12,15,298
24.0,7,13,0,279
24.0,7,13,1,281
24.0,7,13,2,282
24.0,7,13,3,283
24.0,7,13,4,285
24.0,7,13,5,286
24.0,7,13,6,287
24.0,7,13,7,289
24.0,7,13,8,290
24.0,7,13,9,291
24.0,7,13,10,293
24.0,7,13,11,294
24.0,7,13,12,295
24.0,7,13,13,297
24.0,7,13,14,298
24.0,7,13,15,299
24.0,7,14,0,281
24.0,7,14,1,282
24.0,7,14,2,283
24.0,7,14,3,285
24.0,7,14,4,286
24.0,7,14,5,287
24.0,7,14,6,289
24.0,7,14,7,290
24.0,7,14,8,291
24.0,7,14,9,293
24.0,7,14,10,294
24.0,7,14,11,295
24.0,7,14,12,297
24.0,7,14,13,298
24.0,7,14,14,299
24.0,7,14,15,301
24.0,7,15,0,282
24.0,7,15,1,283
24.0,7,15,2,285
24.0,7,15,3,286
24.0,7,15,4,288
24.0,7,15,5,289
24.0,7,15,6,290
24.0,7,15,7,292
24.0,7,15,8,293
24.0,7,15,9,294
24.0,7,15,10,296
24.0,7,15,11,297
24.0,7,15,12,298
24.0,7,15,13,300
24.0,7,15,14,301
24.0,7,15,15,302
24.0,8,0,0,264
24.0,8,0,1,265
24.0,8,0,2,266
24.0,8,0,3,267
24.0,8,0,4,269
24.0,8,0,5,270
24.0,8,0,6,271
24.0,8,0,7,272
24.0,8,0,8,274
24.0,8,0,9,275
24.0,8,0,10,276
24.0,8,0,11,277
24.0,8,0,12,279
24.0,8,0,13,280
24.0,8,0,14,281
24.0,8,0,15,282
24.0,8,1,0,265
24.0,8,1,1,266
24.0,8,1,2,268
24.0,8,1,3,269
24.0,8,1,4,270
24.0,8,1,5,272
24.0,8,1,6,273
24.0,8,1,7,274
24.0,8,1,8,275
24.0,8,1,9,277
24.0,8,1,10,278
24.0,8,1,11,279
24.0,8,1,12,280
24.0,8,1,13,282
24.0,8,1,14,283
24.0,8,1,15,284
24.0,8,2,0,267
24.0,8,2,1,268
24.0,8,2,2,269
24.0,8,2,3,271
24.0,8,2,4,272
24.0,8,2,5,273
24.0,8,2,6,274
24.0,8,2,7,276
24.0,8,2,8,277
24.0,8,2,9,278
24.0,8,2,10,279
24.0,8,2,11,281
24.0,8,2,12,282
24.0,8,2,13,283
24.0,8,2,14,284
24.0,8,2,15,286
24.0,8,3,0,268
24.0,8,3,1,270
24.0,8,3,2,271
24.0,8,3,3,272
24.0,8,3,4,273
24.0,8,3,5,275
24.0,8,3,6,276
24.0,8,3,7,277
24.0,8,3,8,279
24.0,8,3,9,280
24.0,8,3,10,281
24.0,8,3,11,282
24.0,8,3,12,284
24.0,8,3,13,285
24.0,8,3,14,286
24.0,8,3,15,287
24.0,8,4,0,270
24.0,8,4,1,271
24.0,8,4,2,272
24.0,8,4,3,274
24.0,8,4,4,275
24.0,8,4,5,276
24.0,8,4,6,278
24.0,8,4,7,279
24.0,8,4,8,280
24.0,8,4,9,281
24.0,8,4,10,283
24.0,8,4,11,284
24.0,8,4,12,285
24.0,8,4,13,287
24.0,8,4,14,288
24.0,8,4,15,289
24.0,8,5,0,271
24.0,8,5,1,273
24.0,8,5,2,274
24.0,8,5,3,275
24.0,8,5,4,277
24.0,8,5,5,278
24.0,8,5,6,279
24.0,8,5,7,281
24.0,8,5,8,282
24.0,8,5,9,283
24.0,8,5,10,284
24.0,8,5,11,286
24.0,8,5,12,287
24.0,8,5,13,288
24.0,8,5,14,289
24.0,8,5,15,291
24.0,8,6,0,273
24.0,8,6,1,274
24.0,8,6,2,276
24.0,8,6,3,277
24.0,8,6,4,278
24.0,8,6,5,280
24.0,8,6,6,281
24.0,8,6,7,282
24.0,8,6,8,283
24.0,8,6,9,285
24.0,8,6,10,286
24.0,8,6,11,287
24.0,8,6,12,289
24.0,8,6,13,290
24.0,8,6,14,291
24.0,8,6,15,292
24.0,8,7,0,274
24.0,8,7,1,276
24.0,8,7,2,277
24.0,8,7,3,278
24.0,8,7,4,280
24.0,8,7,5,281
24.0,8,7,6,282
24.0,8,7,7,284
24.0,8,7,8,285
24.0,8,7,9,286
24.0,8,7,10,288
24.0,8,7,11,289
24.0,8,7,12,290
24.0,8,7,13,291
24.0,8,7,14,293
24.0,8,7,15,294
24.0,8,8,0,276
24.0,8,8,1,277
24.0,8,8,2,279
24.0,8,8,3,280
24.0,8,8,4,281
24.0,8,8,5,283
24.0,8,8,6,284
24.0,8,8,7,285
24.0,8,8,8,287
24.0,8,8,9,288
24.0,8,8,10,289
24.0,8,8,11,290
24.0,8,8,12,292
24.0,8,8,13,293
24.0,8,8,14,294
24.0,8,8,15,296
24.0,8,9,0,277
24.0,8,9,1,279
24.0,8,9,2,280
24.0,8,9,3,282
24.0,8,9,4,283
24.0,8,9,5,284
24.0,8,9,6,286
24.0,8,9,7,287
24.0,8,9,8,288
24.0,8,9,9,289
24.0,8,9,10,291
24.0,8,9,11,292
24.0,8,9,12,293
24.0,8,9,13,295
24.0,8,9,14,296
24.0,8,9,15,297
24.0,8,10,0,279
24.0,8,10,1,280
24.0,8,10,2,282
24.0,8,10,3,283
24.0,8,10,4,284
24.0,8,10,5,286
24.0,8,10,6,287
24.0,8,10,7,288
24.0,8,10,8,290
24.0,8,10,9,291
24.0,8,10,10,292
24.0,8,10,11,294
24.0,8,10,12,295
24.0,8,10,13,296
24.0,8,10,14,298
24.0,8,10,15,299
24.0,8,11,0,280
24.0,8,11,1,282
24.0,8,11,2,283
24.0,8,11,3,285
24.0,8,11,4,286
24.0,8,11,5,287
24.0,8,11,6,289
24.0,8,11,7,290
24.0,8,11,8,291
24.0,8,11,9,293
24.0,8,11,10,294
24.0,8,11,11,295
24.0,8,11,12,297
24.0,8,11,13,298
24.0,8,11,14,299
24.0,8,11,15,300
24.0,8,12,0,282
24.0,8,12,1,283
24.0,8,12,2,285
24.0,8,12,3,286
24.0,8,12,4,287
24.0,8,12,5,289
24.0,8,12,6,290
24.0,8,12,7,292
24.0,8,12,8,293
24.0,8,12,9,294
24.0,8,12,10,295
24.0,8,12,11,297
24.0,8,12,12,298
24.0,8,12,13,299
24.0,8,12,14,301
24.0,8,12,15,302
24.0,8,13,0,283
24.0,8,13,1,285
24.0,8,13,2,286
24.0,8,13,3,288
24.0,8,13,4,289
24.0,8,13,5,290
24.0,8,13,6,292
24.0,8,13,7,293
24.0,8,13,8,294
24.0,8,13,9,296
24.0,8,13,10,297
24.0,8,13,11,298
24.0,8,13,12,300
24.0,8,13,13,301
24.0,8,13,14,302
24.0,8,13,15,304
24.0,8,14,0,285
24.0,8,14,1,286
24.0,8,14,2,288
24.0,8,14,3,289
24.0,8,14,4,290
24.0,8,14,5,292
24.0,8,14,6,293
24.0,8,14,7,295
24.0,8,14,8,296
24.0,8,14,9,297
24.0,8,14,10,299
24.0,8,14,11,300
24.0,8,14,12,301
24.0,8,14,13,303
24.0,8,14,14,304
24.0,8,14,15,305
24.0,8,15,0,286
24.0,8,15,1,288
24.0,8,15,2,289
24.0,8,15,3,291
24.0,8,15,4,292
24.0,8,15,5,293
24.0,8,15,6,295
24.0,8,15,7,296
24.0,8,15,8,297
24.0,8,15,9,299
24.0,8,15,10,300
24.0,8,15,11,301
24.0,8,15,12,303
24.0,8,15,13,304
24.0,8,15,14,305
24.0,8,15,15,307
24.0,9,0,0,267
24.0,9,0,1,269
24.0,9,0,2,270
24.0,9,0,3,271
24.0,9,0,4,273
24.0,9,0,5,274
24.0,9,0,6,275
24.0,9,0,7,277
24.0,9,0,8,278
24.0,9,0,9,279
24.0,9,0,10,280
24.0,9,0,11,282
24.0,9,0,12,283
24.0,9,0,13,284
24.0,9,0,14,285
24.0,9,0,15,286
24.0,9,1,0,269
24.0,9,1,1,270
24.0,9,1,2,272
24.0,9,1,3,273
24.0,9,1,4,274
24.0,9,1,5,276
24.0,9,1,6,277
24.0,9,1,7,278
24.0,9,1,8,279
24.0,9,1,9,281
24.0,9,1,10,282
24.0,9,1,11,283
24.0,9,1,12,284
24.0,9,1,13,286
24.0,9,1,14,287
24.0,9,1,15,288
24.0,9,2,0,271
24.0,9,2,1,272
24.0,9,2,2,273
24.0,9,2,3,275
24.0,9,2,4,276
24.0,9,2,5,277
24.0,9,2,6,279
24.0,9,2,7,280
24.0,9,2,8,281
24.0,9,2,9,282
24.0,9,2,10,284
24.0,9,2,11,285
24.0,9,2,12,286
24.0,9,2,13,287
24.0,9,2,14,289
24.0,9,2,15,290
24.0,9,3,0,272
24.0,9,3,1,274
24.0,9,3,2,275
24.0,9,3,3,276
24.0,9,3,4,278
24.0,9,3,5,279
24.0,9,3,6,280
24.0,9,3,7,281
24.0,9,3,8,283
24.0,9,3,9,284
24.0,9,3,10,285
24.0,9,3,11,287
24.0,9,3,12,288
24.0,9,3,13,289
24.0,9,3,14,290
24.0,9,3,15,292
24.0,9,4,0,274
24.0,9,4,1,275
24.0,9,4,2,277
24.0,9,4,3,278
24.0,9,4,4,279
24.0,9,4,5,280
24.0,9,4,6,282
24.0,9,4,7,283
24.0,9,4,8,284
24.0,9,4,9,286
24.0,9,4,10,287
24.0,9,4,11,288
24.0,9,4,12,290
24.0,9,4,13,291
24.0,9,4,14,292
24.0,9,4,15,293
24.0,9,5,0,275
24.0,9,5,1,277
24.0,9,5,2,278
24.0,9,5,3,279
24.0,9,5,4,281
24.0,9,5,5,282
24.0,9,5,6,283
24.0,9,5,7,285
24.0,9,5,8,286
24.0,9,5,9,287
24.0,9,5,10,289
24.0,9,5,11,290
24.0,9,5,12,291
24.0,9,5,13,292
24.0,9,5,14,294
24.0,9,5,15,295
24.0,9,6,0,277
24.0,9,6,1,278
24.0,9,6,2,280
24.0,9,6,3,281
24.0,9,6,4,282
24.0,9,6,5,284
24.0,9,6,6,285
24.0,9,6,7,286
24.0,9,6,8,288
24.0,9,6,9,289
24.0,9,6,10,290
24.0,9,6,11,292
24.0,9,6,12,293
24.0,9,6,13,294
24.0,9,6,14,295
24.0,9,6,15,297
24.0,9,7,0,279
24.0,9,7,1,280
24.0,9,7,2,281
24.0,9,7,3,283
24.0,9,7,4,284
24.0,9,7,5,285
24.0,9,7,6,287
24.0,9,7,7,288
24.0,9,7,8,289
24.0,9,7,9,291
24.0,9,7,10,292
24.0,9,7,11,293
24.0,9,7,12,294
24.0,9,7,13,296
24.0,9,7,14,297
24.0,9,7,15,298
24.0,9,8,0,280
24.0,9,8,1,281
24.0,9,8,2,283
24.0,9,8,3,284
24.0,9,8,4,286
24.0,9,8,5,287
24.0,9,8,6,288
24.0,9,8,7,290
24.0,9,8,8,291
24.0,9,8,9,292
24.0,9,8,10,294
24.0,9,8,11,295
24.0,9,8,12,296
24.0,9,8,13,297
24.0,9,8,14,299
24.0,9,8,15,300
24.0,9,9,0,282
24.0,9,9,1,283
24.0,9,9,2,284
24.0,9,9,3,286
24.0,9,9,4,287
24.0,9,9,5,288
24.0,9,9,6,290
24.0,9,9,7,291
24.0,9,9,8,292
24.0,9,9,9,294
24.0,9,9,10,295
24.0,9,9,11,296
24.0,9,9,12,298
24.0,9,9,13,299
24.0,9,9,14,300
24.0,9,9,15,302
24.0,9,10,0,283
24.0,9,10,1,285
24.0,9,10,2,286
24.0,9,10,3,287
24.0,9,10,4,289
24.0,9,10,5,290
24.0,9,10,6,291
24.0,9,10,7,293
24.0,9,10,8,294
24.0,9,10,9,295
24.0,9,10,10,297
24.0,9,10,11,298
24.0,9,10,12,299
24.0,9,10,13,301
24.0,9,10,14,302
24.0,9,10,15,303
24.0,9,11,0,285
24.0,9,11,1,286
24.0,9,11,2,287
24.0,9,11,3,289
24.0,9,11,4,290
24.0,9,11,5,292
24.0,9,11,6,293
24.0,9,11,7,294
24.0,9,11,8,296
24.0,9,11,9,297
24.0,9,11,10,298
24.0,9,11,11,300
24.0,9,11,12,301
24.0,9,11,13,302
24.0,9,11,14,304
24.0,9,11,15,305
24.0,9,12,0,286
24.0,9,12,1,288
24.0,9,12,2,289
24.0,9,12,3,290
24.0,9,12,4,292
24.0,9,12,5,293
24.0,9,12,6,294
24.0,9,12,7,296
24.0,9,12,8,297
24.0,9,12,9,299
24.0,9,12,10,300
24.0,9,12,11,301
24.0,9,12,12,303
24.0,9,12,13,304
24.0,9,12,14,305
24.0,9,12,15,307
24.0,9,13,0,288
24.0,9,13,1,289
24.0,9,13,2,291
24.0,9,13,3,292
24.0,9,13,4,293
24.0,9,13,5,295
24.0,9,13,6,296
24.0,9,13,7,297
24.0,9,13,8,299
24.0,9,13,9,300
24.0,9,13,10,301
24.0,9,13,11,303
24.0,9,13,12,304
24.0,9,13,13,306
24.0,9,13,14,307
24.0,9,13,15,308
24.0,9,14,0,289
24.0,9,14,1,291
24.0,9,14,2,292
24.0,9,14,3,293
24.0,9,14,4,295
24.0,9,14,5,296
24.0,9,14,6,298
24.0,9,14,7,299
24.0,9,14,8,300
24.0,9,14,9,302
24.0,9,14,10,303
24.0,9,14,11,304
24.0,9,14,12,306
24.0,9,14,13,307
24.0,9,14,14,308
24.0,9,14,15,310
24.0,9,15,0,291
24.0,9,15,1,292
24.0,9,15,2,294
24.0,9,15,3,295
24.0,9,15,4,296
24.0,9,15,5,298
24.0,9,15,6,299
24.0,9,15,7,301
24.0,9,15,8,302
24.0,9,15,9,303
24.0,9,15,10,305
24.0,9,15,11,306
24.0,9,15,12,307
24.0,9,15,13,309
24.0,9,15,14,310
24.0,9,15,15,311
24.0,10,0,0,271
24.0,10,0,1,273
24.0,10,0,2,274
24.0,10,0,3,275
24.0,10,0,4,277
24.0,10,0,5,278
24.0,10,0,6,279
24.0,10,0,7,281
24.0,10,0,8,282
24.0,10,0,9,283
24.0,10,0,10,284
24.0,10,0,11,286
24.0,10,0,12,287
24.0,10,0,13,288
24.0,10,0,14,289
24.0,10,0,15,291
24.0,10,1,0,273
24.0,10,1,1,274
24.0,10,1,2,276
24.0,10,1,3,277
24.0,10,1,4,278
24.0,10,1,5,280
24.0,10,1,6,281
24.0,10,1,7,282
24.0,10,1,8,284
24.0,10,1,9,285
24.0,10,1,10,286
24.0,10,1,11,287
24.0,10,1,12,289
24.0,10,1,13,290
24.0,10,1,14,291
24.0,10,1,15,292
24.0,10,2,0,275
24.0,10,2,1,276
24.0,10,2,2,277
24.0,10,2,3,279
24.0,10,2,4,280
24.0,10,2,5,281
24.0,10,2,6,283
24.0,10,2,7,284
24.0,10,2,8,285
24.0,10,2,9,287
24.0,10,2,10,288
24.0,10,2,11,289
24.0,10,2,12,290
24.0,10,2,13,292
24.0,10,2,14,293
24.0,10,2,15,294
24.0,10,3,0,276
24.0,10,3,1,278
24.0,10,3,2,279
24.0,10,3,3,280
24.0,10,3,4,282
24.0,10,3,5,283
24.0,10,3,6,284
24.0,10,3,7,286
24.0,10,3,8,287
24.0,10,3,9,288
24.0,10,3,10,290
24.0,10,3,11,291
24.0,10,3,12,292
24.0,10,3,13,293
24.0,10,3,14,295
24.0,10,3,15,296
24.0,10,4,0,278
24.0,10,4,1,279
24.0,10,4,2,281
24.0,10,4,3,282
24.0,10,4,4,283
24.0,10,4,5,285
24.0,10,4,6,286
24.0,10,4,7,287
24.0,10,4,8,289
24.0,10,4,9,290
24.0,10,4,10,291
24.0,10,4,11,293
24.0,10,4,12,294
24.0,10,4,13,295
24.0,10,4,14,296
24.0,10,4,15,298
24.0,10,5,0,279
24.0,10,5,1,281
24.0,10,5,2,282
24.0,10,5,3,284
24.0,10,5,4,285
24.0,10,5,5,286
24.0,10,5,6,288
24.0,10,5,7,289
24.0,10,5,8,290
24.0,10,5,9,292
24.0,10,5,10,293
24.0,10,5,11,294
24.0,10,5,12,295
24.0,10,5,13,297
24.0,10,5,14,298
24.0,10,5,15,299
24.0,10,6,0,281
24.0,10,6,1,282
24.0,10,6,2,284
24.0,10,6,3,285
24.0,10,6,4,287
24.0,10,6,5,288
24.0,10,6,6,289
24.0,10,6,7,291
24.0,10,6,8,292
24.0,10,6,9,293
24.0,10,6,10,295
24.0,10,6,11,296
24.0,10,6,12,297
24.0,10,6,13,298
24.0,10,6,14,300
24.0,10,6,15,301
24.0,10,7,0,283
24.0,10,7,1,284
24.0,10,7,2,285
24.0,10,7,3,287
24.0,10,7,4,288
24.0,10,7,5,289
24.0,10,7,6,291
24.0,10,7,7,292
24.0,10,7,8,294
24.0,10,7,9,295
24.0,10,7,10,296
24.0,10,7,11,298
24.0,10,7,12,299
24.0,10,7,13,300
24.0,10,7,14,301
24.0,10,7,15,303
24.0,10,8,0,284
24.0,10,8,1,286
24.0,10,8,2,287
24.0,10,8,3,288
24.0,10,8,4,290
24.0,10,8,5,291
24.0,10,8,6,292
24.0,10,8,7,294
24.0,10,8,8,295
24.0,10,8,9,297
24.0,10,8,10,298
24.0,10,8,11,299
24.0,10,8,12,300
24.0,10,8,13,302
24.0,10,8,14,303
24.0,10,8,15,304
24.0,10,9,0,286
24.0,10,9,1,287
24.0,10,9,2,289
24.0,10,9,3,290
24.0,10,9,4,291
24.0,10,9,5,293
24.0,10,9,6,294
24.0,10,9,7,295
24.0,10,9,8,297
24.0,10,9,9,298
24.0,10,9,10,299
24.0,10,9,11,301
24.0,10,9,12,302
24.0,10,9,13,303
24.0,10,9,14,305
24.0,10,9,15,306
24.0,10,10,0,287
24.0,10,10,1,289
24.0,10,10,2,290
24.0,10,10,3,292
24.0,10,10,4,293
24.0,10,10,5,294
24.0,10,10,6,296
24.0,10,10,7,297
24.0,10,10,8,298
24.0,10,10,9,300
24.0,10,10,10,301
24.0,10,10,11,302
24.0,10,10,12,304
24.0,10,10,13,305
24.0,10,10,14,306
24.0,10,10,15,308
24.0,10,11,0,289
24.0,10,11,1,290
24.0,10,11,2,292
24.0,10,11,3,293
24.0,10,11,4,294
24.0,10,11,5,296
24.0,10,11,6,297
24.0,10,11,7,299
24.0,10,11,8,300
24.0,10,11,9,301
24.0,10,11,10,303
24.0,10,11,11,304
24.0,10,11,12,305
24.0,10,11,13,307
24.0,10,11,14,308
24.0,10,11,15,309
24.0,10,12,0,290
24.0,10,12,1,292
24.0,10,12,2,293
24.0,10,12,3,295
24.0,10,12,4,296
24.0,10,12,5,297
24.0,10,12,6,299
24.0,10,12,7,300
24.0,10,12,8,302
24.0,10,12,9,303
24.0,10,12,10,304
24.0,10,12,11,306
24.0,10,12,12,307
24.0,10,12,13,308
24.0,10,12,14,310
24.0,10,12,15,311
24.0,10,13,0,292
24.0,10,13,1,293
24.0,10,13,2,295
24.0,10,13,3,296
24.0,10,13,4,298
24.0,10,13,5,299
24.0,10,13,6,300
24.0,10,13,7,302
24.0,10,13,8,303
24.0,10,13,9,305
24.0,10,13,10,306
24.0,10,13,11,307
24.0,10,13,12,309
24.0,10,13,13,310
24.0,10,13,14,311
24.0,10,13,15,313
24.0,10,14,0,293
24.0,10,14,1,295
24.0,10,14,2,296
24.0,10,14,3,298
24.0,10,14,4,299
24.0,10,14,5,301
24.0,10,14,6,302
24.0,10,14,7,303
24.0,10,14,8,305
24.0,10,14,9,306
24.0,10,14,10,308
24.0,10,14,11,309
24.0,10,14,12,310
24.0,10,14,13,312
24.0,10,14,14,313
24.0,10,14,15,314
24.0,10,15,0,295
24.0,10,15,1,296
24.0,10,15,2,298
24.0,10,15,3,299
24.0,10,15,4,301
24.0,10,15,5,302
24.0,10,15,6,304
24.0,10,15,7,305
24.0,10,15,8,306
24.0,10,15,9,308
24.0,10,15,10,309
24.0,10,15,11,310
24.0,10,15,12,312
24.0,10,15,13,313
24.0,10,15,14,315
24.0,10,15,15,316
24.0,11,0,0,275
24.0,11,0,1,277
24.0,11,0,2,278
24.0,11,0,3,279
24.0,11,0,4,281
24.0,11,0,5,282
24.0,11,0,6,283
24.0,11,0,7,285
24.0,11,0,8,286
24.0,11,0,9,287
24.0,11,0,10,289
24.0,11,0,11,290
24.0,11,0,12,291
24.0,11,0,13,292
24.0,11,0,14,294
24.0,11,0,15,295
24.0,11,1,0,277
24.0,11,1,1,278
24.0,11,1,2,280
24.0,11,1,3,281
24.0,11,1,4,282
24.0,11,1,5,284
24.0,11,1,6,285
24.0,11,1,7,286
24.0,11,1,8,288
24.0,11,1,9,289
24.0,11,1,10,290
24.0,11,1,11,292
24.0,11,1,12,293
24.0,11,1,13,294
24.0,11,1,14,295
24.0,11,1,15,297
24.0,11,2,0,279
24.0,11,2,1,280
24.0,11,2,2,281
24.0,11,2,3,283
24.0,11,2,4,284
24.0,11,2,5,285
24.0,11,2,6,287
24.0,11,2,7,288
24.0,11,2,8,289
24.0,11,2,9,291
24.0,11,2,10,292
24.0,11,2,11,293
24.0,11,2,12,295
24.0,11,2,13,296
24.0,11,2,14,297
24.0,11,2,15,298
24.0,11,3,0,280
24.0,11,3,1,282
24.0,11,3,2,283
24.0,11,3,3,284
24.0,11,3,4,286
24.0,11,3,5,287
24.0,11,3,6,288
24.0,11,3,7,290
24.0,11,3,8,291
24.0,11,3,9,292
24.0,11,3,10,294
24.0,11,3,11,295
24.0,11,3,12,296
24.0,11,3,13,298
24.0,11,3,14,299
24.0,11,3,15,300
24.0,11,4,0,282
24.0,11,4,1,283
24.0,11,4,2,285
24.0,11,4,3,286
24.0,11,4,4,287
24.0,11,4,5,289
24.0,11,4,6,290
24.0,11,4,7,291
24.0,11,4,8,293
24.0,11,4,9,294
24.0,11,4,10,295
24.0,11,4,11,297
24.0,11,4,12,298
24.0,11,4,13,299
24.0,11,4,14,301
24.0,11,4,15,302
24.0,11,5,0,284
24.0,11,5,1,285
24.0,11,5,2,286
24.0,11,5,3,288
24.0,11,5,4,289
24.0,11,5,5,290
24.0,11,5,6,292
24.0,11,5,7,293
24.0,11,5,8,294
24.0,11,5,9,296
24.0,11,5,10,297
24.0,11,5,11,298
24.0,11,5,12,300
24.0,11,5,13,301
24.0,11,5,14,302
24.0,11,5,15,304
24.0,11,6,0,285
24.0,11,6,1,287
24.0,11,6,2,288
24.0,11,6,3,289
24.0,11,6,4,291
24.0,11,6,5,292
24.0,11,6,6,293
24.0,11,6,7,295
24.0,11,6,8,296
24.0,11,6,9,297
24.0,11,6,10,299
24.0,11,6,11,300
24.0,11,6,12,301
24.0,11,6,13,303
24.0,11,6,14,304
24.0,11,6,15,305
24.0,11,7,0,287
24.0,11,7,1,288
24.0,11,7,2,290
24.0,11,7,3,291
24.0,11,7,4,292
24.0,11,7,5,294
24.0,11,7,6,295
24.0,11,7,7,296
24.0,11,7,8,298
24.0,11,7,9,299
24.0,11,7,10,300
24.0,11,7,11,302
24.0,11,7,12,303
24.0,11,7,13,305
24.0,11,7,14,306
24.0,11,7,15,307
24.0,11,8,0,288
24.0,11,8,1,290
24.0,11,8,2,291
24.0,11,8,3,293
24.0,11,8,4,294
24.0,11,8,5,295
24.0,11,8,6,297
24.0,11,8,7,298
24.0,11,8,8,299
24.0,11,8,9,301
24.0,11,8,10,302
24.0,11,8,11,304
24.0,11,8,12,305
24.0,11,8,13,306
24.0,11,8,14,308
24.0,11,8,15,309
24.0,11,9,0,290
24.0,11,9,1,291
24.0,11,9,2,293
24.0,11,9,3,294
24.0,11,9,4,296
24.0,11,9,5,297
24.0,11,9,6,298
24.0,11,9,7,300
24.0,11,9,8,301
24.0,11,9,9,302
24.0,11,9,10,304
24.0,11,9,11,305
24.0,11,9,12,307
24.0,11,9,13,308
24.0,11,9,14,309
24.0,11,9,15,311
24.0,11,10,0,291
24.0,11,10,1,293
24.0,11,10,2,294
24.0,11,10,3,296
24.0,11,10,4,297
24.0,11,10,5,299
24.0,11,10,6,300
24.0,11,10,7,301
24.0,11,10,8,303
24.0,11,10,9,304
24.0,11,10,10,305
24.0,11,10,11,307
24.0,11,10,12,308
24.0,11,10,13,310
24.0,11,10,14,311
24.0,11,10,15,312
24.0,11,11,0,293
24.0,11,11,1,294
24.0,11,11,2,296
24.0,11,11,3,297
24.0,11,11,4,299
24.0,11,11,5,300
24.0,11,11,6,302
24.0,11,11,7,303
24.0,11,11,8,304
24.0,11,11,9,306
24.0,11,11,10,307
24.0,11,11,11,308
24.0,11,11,12,310
24.0,11,11,13,311
24.0,11,11,14,313
24.0,11,11,15,314
24.0,11,12,0,295
24.0,11,12,1,296
24.0,11,12,2,297
24.0,11,12,3,299
24.0,11,12,4,300
24.0,11,12,5,302
24.0,11,12,6,303
24.0,11,12,7,305
24.0,11,12,8,306
24.0,11,12,9,307
24.0,11,12,10,309
24.0,11,12,11,310
24.0,11,12,12,311
24.0,11,12,13,313
24.0,11,12,14,314
24.0,11,12,15,316
24.0,11,13,0,296
24.0,11,13,1,298
24.0,11,13,2,299
24.0,11,13,3,300
24.0,11,13,4,302
24.0,11,13,5,303
24.0,11,13,6,305
24.0,11,13,7,306
24.0,11,13,8,308
24.0,11,13,9,309
24.0,11,13,10,310
24.0,11,13,11,312
24.0,11,13,12,313
24.0,11,13,13,315
24.0,11,13,14,316
24.0,11,13,15,317
24.0,11,14,0,298
24.0,11,14,1,299
24.0,11,14,2,301
24.0,11,14,3,302
24.0,11,14,4,303
24.0,11,14,5,305
24.0,11,14,6,306
24.0,11,14,7,308
24.0,11,14,8,309
24.0,11,14,9,311
24.0,11,14,10,312
24.0,11,14,11,313
24.0,11,14,12,315
24.0,11,14,13,316
24.0,11,14,14,318
24.0,11,14,15,319
24.0,11,15,0,299
24.0,11,15,1,301
24.0,11,15,2,302
24.0,11,15,3,304
24.0,11,15,4,305
24.0,11,15,5,306
24.0,11,15,6,308
24.0,11,15,7,309
24.0,11,15,8,311
24.0,11,15,9,312
24.0,11,15,10,314
24.0,11,15,11,315
24.0,11,15,12,316
24.0,11,15,13,318
24.0,11,15,14,319
24.0,11,15,15,321
24.0,12,0,0,279
24.0,12,0,1,281
24.0,12,0,2,282
24.0,12,0,3,283
24.0,12,0,4,285
24.0,12,0,5,286
24.0,12,0,6,287
24.0,12,0,7,289
24.0,12,0,8,290
24.0,12,0,9,291
24.0,12,0,10,293
24.0,12,0,11,294
24.0,12,0,12,295
24.0,12,0,13,297
24.0,12,0,14,298
24.0,12,0,15,299
24.0,12,1,0,281
24.0,12,1,1,282
24.0,12,1,2,284
24.0,12,1,3,285
24.0,12,1,4,286
24.0,12,1,5,288
24.0,12,1,6,289
24.0,12,1,7,290
24.0,12,1,8,292
24.0,12,1,9,293
24.0,12,1,10,294
24.0,12,1,11,296
24.0,12,1,12,297
24.0,12,1,13,298
24.0,12,1,14,300
24.0,12,1,15,301
24.0,12,2,0,283
24.0,12,2,1,284
24.0,12,2,2,285
24.0,12,2,3,287
24.0,12,2,4,288
24.0,12,2,5,289
24.0,12,2,6,291
24.0,12,2,7,292
24.0,12,2,8,294
24.0,12,2,9,295
24.0,12,2,10,296
24.0,12,2,11,298
24.0,12,2,12,299
24.0,12,2,13,300
24.0,12,2,14,301
24.0,12,2,15,303
24.0,12,3,0,284
24.0,12,3,1,286
24.0,12,3,2,287
24.0,12,3,3,288
24.0,12,3,4,290
24.0,12,3,5,291
24.0,12,3,6,293
24.0,12,3,7,294
24.0,12,3,8,295
24.0,12,3,9,297
24.0,12,3,10,298
24.0,12,3,11,299
24.0,12,3,12,301
24.0,12,3,13,302
24.0,12,3,14,303
24.0,12,3,15,305
24.0,12,4,0,286
24.0,12,4,1,287
24.0,12,4,2,289
24.0,12,4,3,290
24.0,12,4,4,292
24.0,12,4,5,293
24.0,12,4,6,294
24.0,12,4,7,296
24.0,12,4,8,297
24.0,12,4,9,298
24.0,12,4,10,300
24.0,12,4,11,301
24.0,12,4,12,302
24.0,12,4,13,304
24.0,12,4,14,305
24.0,12,4,15,306
24.0,12,5,0,288
24.0,12,5,1,289
24.0,12,5,2,290
24.0,12,5,3,292
24.0,12,5,4,293
24.0,12,5,5,295
24.0,12,5,6,296
24.0,12,5,7,297
24.0,12,5,8,299
24.0,12,5,9,300
24.0,12,5,10,301
24.0,12,5,11,303
24.0,12,5,12,304
24.0,12,5,13,305
24.0,12,5,14,307
24.0,12,5,15,308
24.0,12,6,0,289
24.0,12,6,1,291
24.0,12,6,2,292
24.0,12,6,3,293
24.0,12,6,4,295
24.0,12,6,5,296
24.0,12,6,6,298
24.0,12,6,7,299
24.0,12,6,8,300
24.0,12,6,9,302
24.0,12,6,10,303
24.0,12,6,11,304
24.0,12,6,12,306
24.0,12,6,13,307
24.0,12,6,14,308
24.0,12,6,15,310
24.0,12,7,0,291
24.0,12,7,1,292
24.0,12,7,2,294
24.0,12,7,3,295
24.0,12,7,4,297
24.0,12,7,5,298
24.0,12,7,6,299
24.0,12,7,7,301
24.0,12,7,8,302
24.0,12,7,9,303
24.0,12,7,10,305
24.0,12,7,11,306
24.0,12,7,12,308
24.0,12,7,13,309
24.0,12,7,14,310
24.0,12,7,15,312
24.0,12,8,0,292
24.0,12,8,1,294
24.0,12,8,2,295
24.0,12,8,3,297
24.0,12,8,4,298
24.0,12,8,5,300
24.0,12,8,6,301
24.0,12,8,7,302
24.0,12,8,8,304
24.0,12,8,9,305
24.0,12,8,10,306
24.0,12,8,11,308
24.0,12,8,12,309
24.0,12,8,13,311
24.0,12,8,14,312
24.0,12,8,15,313
24.0,12,9,0,294
24.0,12,9,1,296
24.0,12,9,2,297
24.0,12,9,3,298
24.0,12,9,4,300
24.0,12,9,5,301
24.0,12,9,6,303
24.0,12,9,7,304
24.0,12,9,8,305
24.0,12,9,9,307
24.0,12,9,10,308
24.0,12,9,11,310
24.0,12,9,12,311
24.0,12,9,13,312
24.0,12,9,14,314
24.0,12,9,15,315
24.0,12,10,0,296
24.0,12,10,1,297
24.0,12,10,2,299
24.0,12,10,3,300
24.0,12,10,4,301
24.0,12,10,5,303
24.0,12,10,6,304
24.0,12,10,7,306
24.0,12,10,8,307
24.0,12,10,9,308
24.0,12,10,10,310
24.0,12,10,11,311
24.0,12,10,12,313
24.0,12,10,13,314
24.0,12,10,14,315
24.0,12,10,15,317
24.0,12,11,0,297
24.0,12,11,1,299
24.0,12,11,2,300
24.0,12,11,3,302
24.0,12,11,4,303
24.0,12,11,5,304
24.0,12,11,6,306
24.0,12,11,7,307
24.0,12,11,8,309
24.0,12,11,9,310
24.0,12,11,10,312
24.0,12,11,11,313
24.0,12,11,12,314
24.0,12,11,13,316
24.0,12,11,14,317
24.0,12,11,15,318
24.0,12,12,0,299
24.0,12,12,1,300
24.0,12,12,2,302
24.0,12,12,3,303
24.0,12,12,4,305
24.0,12,12,5,306
24.0,12,12,6,308
24.0,12,12,7,309
24.0,12,12,8,310
24.0,12,12,9,312
24.0,12,12,10,313
24.0,12,12,11,315
24.0,12,12,12,316
24.0,12,12,13,317
24.0,12,12,14,319
24.0,12,12,15,320
24.0,12,13,0,300
24.0,12,13,1,302
24.0,12,13,2,303
24.0,12,13,3,305
24.0,12,13,4,306
24.0,12,13,5,308
24.0,12,13,6,309
24.0,12,13,7,311
24.0,12,13,8,312
24.0,12,13,9,313
24.0,12,13,10,315
24.0,12,13,11,316
24.0,12,13,12,318
24.0,12,13,13,319
24.0,12,13,14,320
24.0,12,13,15,322
24.0,12,14,0,302
24.0,12,14,1,303
24.0,12,14,2,305
24.0,12,14,3,306
24.0,12,14,4,308
24.0,12,14,5,309
24.0,12,14,6,311
24.0,12,14,7,312
24.0,12,14,8,314
24.0,12,14,9,315
24.0,12,14,10,316
24.0,12,14,11,318
24.0,12,14,12,319
24.0,12,14,13,321
24.0,12,14,14,322
24.0,12,14,15,323
24.0,12,15,0,304
24.0,12,15,1,305
24.0,12,15,2,306
24.0,12,15,3,308
24.0,12,15,4,309
24.0,12,15,5,311
24.0,12,15,6,312
24.0,12,15,7,314
24.0,12,15,8,315
24.0,12,15,9,317
24.0,12,15,10,318
24.0,12,15,11,319
24.0,12,15,12,321
24.0,12,15,13,322
24.0,12,15,14,324
24.0,12,15,15,325
24.0,13,0,0,283
24.0,13,0,1,285
24.0,13,0,2,286
24.0,13,0,3,287
24.0,13,0,4,289
24.0,13,0,5,290
24.0,13,0,6,291
24.0,13,0,7,293
24.0,13,0,8,294
24.0,13,0,9,295
24.0,13,0,10,297
24.0,13,0,11,298
24.0,13,0,12,299
24.0,13,0,13,301
24.0,13,0,14,302
24.0,13,0,15,303
24.0,13,1,0,285
24.0,13,1,1,286
24.0,13,1,2,288
24.0,13,1,3,289
24.0,13,1,4,290
24.0,13,1,5,292
24.0,13,1,6,293
24.0,13,1,7,295
24.0,13,1,8,296
24.0,13,1,9,297
24.0,13,1,10,299
24.0,13,1,11,300
24.0,13,1,12,301
24.0,13,1,13,303
24.0,13,1,14,304
24.0,13,1,15,305
24.0,13,2,0,287
24.0,13,2,1,288
24.0,13,2,2,289
24.0,13,2,3,291
24.0,13,2,4,292
24.0,13,2,5,294
24.0,13,2,6,295
24.0,13,2,7,296
24.0,13,2,8,298
24.0,13,2,9,299
24.0,13,2,10,300
24.0,13,2,11,302
24.0,13,2,12,303
24.0,13,2,13,304
24.0,13,2,14,306
24.0,13,2,15,307
24.0,13,3,0,288
24.0,13,3,1,290
24.0,13,3,2,291
24.0,13,3,3,293
24.0,13,3,4,294
24.0,13,3,5,295
24.0,13,3,6,297
24.0,13,3,7,298
24.0,13,3,8,299
24.0,13,3,9,301
24.0,13,3,10,302
24.0,13,3,11,303
24.0,13,3,12,305
24.0,13,3,13,306
24.0,13,3,14,307
24.0,13,3,15,309
24.0,13,4,0,290
24.0,13,4,1,291
24.0,13,4,2,293
24.0,13,4,3,294
24.0,13,4,4,296
24.0,13,4,5,297
24.0,13,4,6,298
24.0,13,4,7,300
24.0,13,4,8,301
24.0,13,4,9,303
24.0,13,4,10,304
24.0,13,4,11,305
24.0,13,4,12,307
24.0,13,4,13,308
24.0,13,4,14,309
24.0,13,4,15,311
24.0,13,5,0,292
24.0,13,5,1,293
24.0,13,5,2,295
24.0,13,5,3,296
24.0,13,5,4,297
24.0,13,5,5,299
24.0,13,5,6,300
24.0,13,5,7,302
24.0,13,5,8,303
24.0,13,5,9,304
24.0,13,5,10,306
24.0,13,5,11,307
24.0,13,5,12,308
24.0,13,5,13,310
24.0,13,5,14,311
24.0,13,5,15,312
24.0,13,6,0,293
24.0,13,6,1,295
24.0,13,6,2,296
24.0,13,6,3,298
24.0,13,6,4,299
24.0,13,6,5,300
24.0,13,6,6,302
24.0,13,6,7,303
24.0,13,6,8,305
24.0,13,6,9,306
24.0,13,6,10,307
24.0,13,6,11,309
24.0,13,6,12,310
24.0,13,6,13,311
24.0,13,6,14,313
24.0,13,6,15,314
24.0,13,7,0,295
24.0,13,7,1,296
24.0,13,7,2,298
24.0,13,7,3,299
24.0,13,7,4,301
24.0,13,7,5,302
24.0,13,7,6,304
24.0,13,7,7,305
24.0,13,7,8,306
24.0,13,7,9,308
24.0,13,7,10,309
24.0,13,7,11,310
24.0,13,7,12,312
24.0,13,7,13,313
24.0,13,7,14,315
24.0,13,7,15,316
24.0,13,8,0,297
24.0,13,8,1,298
24.0,13,8,2,299
24.0,13,8,3,301
24.0,13,8,4,302
24.0,13,8,5,304
24.0,13,8,6,305
24.0,13,8,7,307
24.0,13,8,8,308
24.0,13,8,9,309
24.0,13,8,10,311
24.0,13,8,11,312
24.0,13,8,12,314
24.0,13,8,13,315
24.0,13,8,14,316
24.0,13,8,15,318
24.0,13,9,0,298
24.0,13,9,1,300
24.0,13,9,2,301
24.0,13,9,3,303
24.0,13,9,4,304
24.0,13,9,5,305
24.0,13,9,6,307
24.0,13,9,7,308
24.0,13,9,8,310
24.0,13,9,9,311
24.0,13,9,10,313
24.0,13,9,11,314
24.0,13,9,12,315
24.0,13,9,13,317
24.0,13,9,14,318
24.0,13,9,15,319
24.0,13,10,0,300
24.0,13,10,1,301
24.0,13,10,2,303
24.0,13,10,3,304
24.0,13,10,4,306
24.0,13,10,5,307
24.0,13,10,6,309
24.0,13,10,7,310
24.0,13,10,8,311
24.0,13,10,9,313
24.0,13,10,10,314
24.0,13,10,11,316
24.0,13,10,12,317
24.0,13,10,13,318
24.0,13,10,14,320
24.0,13,10,15,321
24.0,13,11,0,301
24.0,13,11,1,303
24.0,13,11,2,304
24.0,13,11,3,306
24.0,13,11,4,307
24.0,13,11,5,309
24.0,13,11,6,310
24.0,13,11,7,312
24.0,13,11,8,313
24.0,13,11,9,314
24.0,13,11,10,316
24.0,13,11,11,317
24.0,13,11,12,319
24.0,13,11,13,320
24.0,13,11,14,322
24.0,13,11,15,323
24.0,13,12,0,303
24.0,13,12,1,305
24.0,13,12,2,306
24.0,13,12,3,307
24.0,13,12,4,309
24.0,13,12,5,310
24.0,13,12,6,312
24.0,13,12,7,313
24.0,13,12,8,315
24.0,13,12,9,316
24.0,13,12,10,318
24.0,13,12,11,319
24.0,13,12,12,320
24.0,13,12,13,322
24.0,13,12,14,323
24.0,13,12,15,325
24.0,13,13,0,305
24.0,13,13,1,306
24.0,13,13,2,308
24.0,13,13,3,309
24.0,13,13,4,311
24.0,13,13,5,312
24.0,13,13,6,313
24.0,13,13,7,315
24.0,13,13,8,316
24.0,13,13,9,318
24.0,13,13,10,319
24.0,13,13,11,321
24.0,13,13,12,322
24.0,13,13,13,324
24.0,13,13,14,325
24.0,13,13,15,326
24.0,13,14,0,306
24.0,13,14,1,308
24.0,13,14,2,309
24.0,13,14,3,311
24.0,13,14,4,312
24.0,13,14,5,314
24.0,13,14,6,315
24.0,13,14,7,317
24.0,13,14,8,318
24.0,13,14,9,319
24.0,13,14,10,321
24.0,13,14,11,322
24.0,13,14,12,324
24.0,13,14,13,325
24.0,13,14,14,327
24.0,13,14,15,328
24.0,13,15,0,308
24.0,13,15,1,309
24.0,13,15,2,311
24.0,13,15,3,312
24.0,13,15,4,314
24.0,13,15,5,315
24.0,13,15,6,317
24.0,13,15,7,318
24.0,13,15,8,320
24.0,13,15,9,321
24.0,13,15,10,323
24.0,13,15,11,324
24.0,13,15,12,325
24.0,13,15,13,327
24.0,13,15,14,328
24.0,13,15,15,330
24.0,14,0,0,287
24.0,14,0,1,289
24.0,14,0,2,290
24.0,14,0,3,291
24.0,14,0,4,293
24.0,14,0,5,294
24.0,14,0,6,296
24.0,14,0,7,297
24.0,14,0,8,298
24.0,14,0,9,300
24.0,14,0,10,301
24.0,14,0,11,302
24.0,14,0,12,304
24.0,14,0,13,305
24.0,14,0,14,306
24.0,14,0,15,308
24.0,14,1,0,289
24.0,14,1,1,290
24.0,14,1,2,292
24.0,14,1,3,293
24.0,14,1,4,295
24.0,14,1,5,296
24.0,14,1,6,297
24.0,14,1,7,299
24.0,14,1,8,300
24.0,14,1,9,301
24.0,14,1,10,303
24.0,14,1,11,304
24.0,14,1,12,305
24.0,14,1,13,307
24.0,14,1,14,308
24.0,14,1,15,309
24.0,14,2,0,291
24.0,14,2,1,292
24.0,14,2,2,293
24.0,14,2,3,295
24.0,14,2,4,296
24.0,14,2,5,298
24.0,14,2,6,299
24.0,14,2,7,300
24.0,14,2,8,302
24.0,14,2,9,303
24.0,14,2,10,305
24.0,14,2,11,306
24.0,14,2,12,307
24.0,14,2,13,309
24.0,14,2,14,310
24.0,14,2,15,311
24.0,14,3,0,292
24.0,14,3,1,294
24.0,14,3,2,295
24.0,14,3,3,297
24.0,14,3,4,298
24.0,14,3,5,299
24.0,14,3,6,301
24.0,14,3,7,302
24.0,14,3,8,304
24.0,14,3,9,305
24.0,14,3,10,306
24.0,14,3,11,308
24.0,14,3,12,309
24.0,14,3,13,310
24.0,14,3,14,312
24.0,14,3,15,313
24.0,14,4,0,294
24.0,14,4,1,295
24.0,14,4,2,297
24.0,14,4,3,298
24.0,14,4,4,300
24.0,14,4,5,301
24.0,14,4,6,303
24.0,14,4,7,304
24.0,14,4,8,305
24.0,14,4,9,307
24.0,14,4,10,308
24.0,14,4,11,309
24.0,14,4,12,311
24.0,14,4,13,312
24.0,14,4,14,314
24.0,14,4,15,315
24.0,14,5,0,296
24.0,14,5,1,297
24.0,14,5,2,299
24.0,14,5,3,300
24.0,14,5,4,301
24.0,14,5,5,303
24.0,14,5,6,304
24.0,14,5,7,306
24.0,14,5,8,307
24.0,14,5,9,309
24.0,14,5,10,310
24.0,14,5,11,311
24.0,14,5,12,313
24.0,14,5,13,314
24.0,14,5,14,315
24.0,14,5,15,317
24.0,14,6,0,297
24.0,14,6,1,299
24.0,14,6,2,300
24.0,14,6,3,302
24.0,14,6,4,303
24.0,14,6,5,305
24.0,14,6,6,306
24.0,14,6,7,307
24.0,14,6,8,309
24.0,14,6,9,310
24.0,14,6,10,312
24.0,14,6,11,313
24.0,14,6,12,314
24.0,14,6,13,316
24.0,14,6,14,317
24.0,14,6,15,319
24.0,14,7,0,299
24.0,14,7,1,301
24.0,14,7,2,302
24.0,14,7,3,303
24.0,14,7,4,305
24.0,14,7,5,306
24.0,14,7,6,308
24.0,14,7,7,309
24.0,14,7,8,311
24.0,14,7,9,312
24.0,14,7,10,313
24.0,14,7,11,315
24.0,14,7,12,316
24.0,14,7,13,318
24.0,14,7,14,319
24.0,14,7,15,320
24.0,14,8,0,301
24.0,14,8,1,302
24.0,14,8,2,304
24.0,14,8,3,305
24.0,14,8,4,307
24.0,14,8,5,308
24.0,14,8,6,309
24.0,14,8,7,311
24.0,14,8,8,312
24.0,14,8,9,314
24.0,14,8,10,315
24.0,14,8,11,317
24.0,14,8,12,318
24.0,14,8,13,319
24.0,14,8,14,321
24.0,14,8,15,322
24.0,14,9,0,302
24.0,14,9,1,304
24.0,14,9,2,305
24.0,14,9,3,307
24.0,14,9,4,308
24.0,14,9,5,310
24.0,14,9,6,311
24.0,14,9,7,313
24.0,14,9,8,314
24.0,14,9,9,315
24.0,14,9,10,317
24.0,14,9,11,318
24.0,14,9,12,320
24.0,14,9,13,321
24.0,14,9,14,322
24.0,14,9,15,324
24.0,14,10,0,304
24.0,14,10,1,305
24.0,14,10,2,307
24.0,14,10,3,308
24.0,14,10,4,310
24.0,14,10,5,311
24.0,14,10,6,313
24.0,14,10,7,314
24.0,14,10,8,316
24.0,14,10,9,317
24.0,14,10,10,319
24.0,14,10,11,320
24.0,14,10,12,321
24.0,14,10,13,323
24.0,14,10,14,324
24.0,14,10,15,326
24.0,14,11,0,306
24.0,14,11,1,307
24.0,14,11,2,309
24.0,14,11,3,310
24.0,14,11,4,312
24.0,14,11,5,313
24.0,14,11,6,315
24.0,14,11,7,316
24.0,14,11,8,317
24.0,14,11,9,319
24.0,14,11,10,320
24.0,14,11,11,322
24.0,14,11,12,323
24.0,14,11,13,325
24.0,14,11,14,326
24.0,14,11,15,327
24.0,14,12,0,307
24.0,14,12,1,309
24.0,14,12,2,310
24.0,14,12,3,312
24.0,14,12,4,313
24.0,14,12,5,315
24.0,14,12,6,316
24.0,14,12,7,318
24.0,14,12,8,319
24.0,14,12,9,321
24.0,14,12,10,322
24.0,14,12,11,323
24.0,14,12,12,325
24.0,14,12,13,326
24.0,14,12,14,328
24.0,14,12,15,329
24.0,14,13,0,309
24.0,14,13,1,310
24.0,14,13,2,312
24.0,14,13,3,313
24.0,14,13,4,315
24.0,14,13,5,316
24.0,14,13,6,318
24.0,14,13,7,319
24.0,14,13,8,321
24.0,14,13,9,322
24.0,14,13,10,324
24.0,14,13,11,325
24.0,14,13,12,327
24.0,14,13,13,328
24.0,14,13,14,329
24.0,14,13,15,331
24.0,14,14,0,310
24.0,14,14,1,312
24.0,14,14,2,314
24.0,14,14,3,315
24.0,14,14,4,317
24.0,14,14,5,318
24.0,14,14,6,320
24.0,14,14,7,321
24.0,14,14,8,322
24.0,14,14,9,324
24.0,14,14,10,325
24.0,14,14,11,327
24.0,14,14,12,328
24.0,14,14,13,330
24.0,14,14,14,331
24.0,14,14,15,333
24.0,14,15,0,312
24.0,14,15,1,314
24.0,14,15,2,315
24.0,14,15,3,317
24.0,14,15,4,318
24.0,14,15,5,320
24.0,14,15,6,321
24.0,14,15,7,323
24.0,14,15,8,324
24.0,14,15,9,326
24.0,14,15,10,327
24.0,14,15,11,329
24.0,14,15,12,330
24.0,14,15,13,331
24.0,14,15,14,333
24.0,14,15,15,334
24.0,15,0,0,291
24.0,15,0,1,293
24.0,15,0,2,294
24.0,15,0,3,295
24.0,15,0,4,297
24.0,15,0,5,298
24.0,15,0,6,300
24.0,15,0,7,301
24.0,15,0,8,302
24.0,15,0,9,304
24.0,15,0,10,305
24.0,15,0,11,306
24.0,15,0,12,308
24.0,15,0,13,309
24.0,15,0,14,310
24.0,15,0,15,312
24.0,15,1,0,293
24.0,15,1,1,294
24.0,15,1,2,296
24.0,15,1,3,297
24.0,15,1,4,299
24.0,15,1,5,300
24.0,15,1,6,301
24.0,15,1,7,303
24.0,15,1,8,304
24.0,15,1,9,306
24.0,15,1,10,307
24.0,15,1,11,308
24.0,15,1,12,310
24.0,15,1,13,311
24.0,15,1,14,312
24.0,15,1,15,314
24.0,15,2,0,295
24.0,15,2,1,296
24.0,15,2,2,297
24.0,15,2,3,299
24.0,15,2,4,300
24.0,15,2,5,302
24.0,15,2,6,303
24.0,15,2,7,305
24.0,15,2,8,306
24.0,15,2,9,307
24.0,15,2,10,309
24.0,15,2,11,310
24.0,15,2,12,311
24.0,15,2,13,313
24.0,15,2,14,314
24.0,15,2,15,316
24.0,15,3,0,296
24.0,15,3,1,298
24.0,15,3,2,299
24.0,15,3,3,301
24.0,15,3,4,302
24.0,15,3,5,304
24.0,15,3,6,305
24.0,15,3,7,306
24.0,15,3,8,308
24.0,15,3,9,309
24.0,15,3,10,311
24.0,15,3,11,312
24.0,15,3,12,313
24.0,15,3,13,315
24.0,15,3,14,316
24.0,15,3,15,317
24.0,15,4,0,298
24.0,15,4,1,300
24.0,15,4,2,301
24.0,15,4,3,302
24.0,15,4,4,304
24.0,15,4,5,305
24.0,15,4,6,307
24.0,15,4,7,308
24.0,15,4,8,310
24.0,15,4,9,311
24.0,15,4,10,312
24.0,15,4,11,314
24.0,15,4,12,315
24.0,15,4,13,317
24.0,15,4,14,318
24.0,15,4,15,319
24.0,15,5,0,300
24.0,15,5,1,301
24.0,15,5,2,303
24.0,15,5,3,304
24.0,15,5,4,306
24.0,15,5,5,307
24.0,15,5,6,308
24.0,15,5,7,310
24.0,15,5,8,311
24.0,15,5,9,313
24.0,15,5,10,314
24.0,15,5,11,316
24.0,15,5,12,317
24.0,15,5,13,318
24.0,15,5,14,320
24.0,15,5,15,321
24.0,15,6,0,301
24.0,15,6,1,303
24.0,15,6,2,304
24.0,15,6,3,306
24.0,15,6,4,307
24.0,15,6,5,309
24.0,15,6,6,310
24.0,15,6,7,312
24.0,15,6,8,313
24.0,15,6,9,315
24.0,15,6,10,316
24.0,15,6,11,317
24.0,15,6,12,319
24.0,15,6,13,320
24.0,15,6,14,322
24.0,15,6,15,323
24.0,15,7,0,303
24.0,15,7,1,305
24.0,15,7,2,306
24.0,15,7,3,308
24.0,15,7,4,309
24.0,15,7,5,311
24.0,15,7,6,312
24.0,15,7,7,313
24.0,15,7,8,315
24.0,15,7,9,316
24.0,15,7,10,318
24.0,15,7,11,319
24.0,15,7,12,321
24.0,15,7,13,322
24.0,15,7,14,323
24.0,15,7,15,325
24.0,15,8,0,305
24.0,15,8,1,306
24.0,15,8,2,308
24.0,15,8,3,309
24.0,15,8,4,311
24.0,15,8,5,312
24.0,15,8,6,314
24.0,15,8,7,315
24.0,15,8,8,317
24.0,15,8,9,318
24.0,15,8,10,319
24.0,15,8,11,321
24.0,15,8,12,322
24.0,15,8,13,324
24.0,15,8,14,325
24.0,15,8,15,327
24.0,15,9,0,307
24.0,15,9,1,308
24.0,15,9,2,310
24.0,15,9,3,311
24.0,15,9,4,312
24.0,15,9,5,314
24.0,15,9,6,315
24.0,15,9,7,317
24.0,15,9,8,318
24.0,15,9,9,320
24.0,15,9,10,321
24.0,15,9,11,323
24.0,15,9,12,324
24.0,15,9,13,325
24.0,15,9,14,327
24.0,15,9,15,328
24.0,15,10,0,308
24.0,15,10,1,310
24.0,15,10,2,311
24.0,15,10,3,313
24.0,15,10,4,314
24.0,15,10,5,316
24.0,15,10,6,317
24.0,15,10,7,319
24.0,15,10,8,320
24.0,15,10,9,322
24.0,15,10,10,323
24.0,15,10,11,324
24.0,15,10,12,326
24.0,15,10,13,327
24.0,15,10,14,329
24.0,15,10,15,330
24.0,15,11,0,310
24.0,15,11,1,311
24.0,15,11,2,313
24.0,15,11,3,314
24.0,15,11,4,316
24.0,15,11,5,317
24.0,15,11,6,319
24.0,15,11,7,320
24.0,15,11,8,322
24.0,15,11,9,323
24.0,15,11,10,325
24.0,15,11,11,326
24.0,15,11,12,328
24.0,15,11,13,329
24.0,15,11,14,330
24.0,15,11,15,332
24.0,15,12,0,311
24.0,15,12,1,313
24.0,15,12,2,315
24.0,15,12,3,316
24.0,15,12,4,318
24.0,15,12,5,319
24.0,15,12,6,321
24.0,15,12,7,322
24.0,15,12,8,323
24.0,15,12,9,325
24.0,15,12,10,326
24.0,15,12,11,328
24.0,15,12,12,329
24.0,15,12,13,331
24.0,15,12,14,332
24.0,15,12,15,334
24.0,15,13,0,313
24.0,15,13,1,315
24.0,15,13,2,316
24.0,15,13,3,318
24.0,15,13,4,319
24.0,15,13,5,321
24.0,15,13,6,322
24.0,15,13,7,324
24.0,15,13,8,325
24.0,15,13,9,327
24.0,15,13,10,328
24.0,15,13,11,330
24.0,15,13,12,331
24.0,15,13,13,333
24.0,15,13,14,334
24.0,15,13,15,335
24.0,15,14,0,315
24.0,15,14,1,316
24.0,15,14,2,318
24.0,15,14,3,319
24.0,15,14,4,321
24.0,15,14,5,322
24.0,15,14,6,324
24.0,15,14,7,325
24.0,15,14,8,327
24.0,15,14,9,328
24.0,15,14,10,330
24.0,15,14,11,331
24.0,15,14,12,333
24.0,15,14,13,334
24.0,15,14,14,336
24.0,15,14,15,337
24.0,15,15,0,316
24.0,15,15,1,318
24.0,15,15,2,319
24.0,15,15,3,321
24.0,15,15,4,323
24.0,15,15,5,324
24.0,15,15,6,326
24.0,15,15,7,327
24.0,15,15,8,329
24.0,15,15,9,330
24.0,15,15,10,332
24.0,15,15,11,333
24.0,15,15,12,334
24.0,15,15,13,336
24.0,15,15,14,337
24.0,15,15,15,339
24.5,0,0,0,237
24.5,0,0,1,238
24.5,0,0,2,239
24.5,0,0,3,240
24.5,0,0,4,241
24.5,0,0,5,243
24.5,0,0,6,244
24.5,0,0,7,245
24.5,0,0,8,246
24.5,0,0,9,247
24.5,0,0,10,248
24.5,0,0,11,249
24.5,0,0,12,250
24.5,0,0,13,252
24.5,0,0,14,253
24.5,0,0,15,254
24.5,0,1,0,238
24.5,0,1,1,239
24.5,0,1,2,241
24.5,0,1,3,242
24.5,0,1,4,243
24.5,0,1,5,244
24.5,0,1,6,245
24.5,0,1,7,246
24.5,0,1,8,247
24.5,0,1,9,249
24.5,0,1,10,250
24.5,0,1,11,251
24.5,0,1,12,252
24.5,0,1,13,253
24.5,0,1,14,254
24.5,0,1,15,255
24.5,0,2,0,240
24.5,0,2,1,241
24.5,0,2,2,242
24.5,0,2,3,243
24.5,0,2,4,244
24.5,0,2,5,246
24.5,0,2,6,247
24.5,0,2,7,248
24.5,0,2,8,249
24.5,0,2,9,250
24.5,0,2,10,251
24.5,0,2,11,252
24.5,0,2,12,253
24.5,0,2,13,255
24.5,0,2,14,256
24.5,0,2,15,257
24.5,0,3,0,241
24.5,0,3,1,242
24.5,0,3,2,243
24.5,0,3,3,245
24.5,0,3,4,246
24.5,0,3,5,247
24.5,0,3,6,248
24.5,0,3,7,249
24.5,0,3,8,250
24.5,0,3,9,252
24.5,0,3,10,253
24.5,0,3,11,254
24.5,0,3,12,255
24.5,0,3,13,256
24.5,0,3,14,257
24.5,0,3,15,258
24.5,0,4,0,242
24.5,0,4,1,244
24.5,0,4,2,245
24.5,0,4,3,246
24.5,0,4,4,247
24.5,0,4,5,248
24.5,0,4,6,250
24.5,0,4,7,251
24.5,0,4,8,252
24.5,0,4,9,253
24.5,0,4,10,254
24.5,0,4,11,255
24.5,0,4,12,256
24.5,0,4,13,258
24.5,0,4,14,259
24.5,0,4,15,260
24.5,0,5,0,244
24.5,0,5,1,245
24.5,0,5,2,246
24.5,0,5,3,247
24.5,0,5,4,249
24.5,0,5,5,250
24.5,0,5,6,251
24.5,0,5,7,252
24.5,0,5,8,253
24.5,0,5,9,254
24.5,0,5,10,256
24.5,0,5,11,257
24.5,0,5,12,258
24.5,0,5,13,259
24.5,0,5,14,260
24.5,0,5,15,261
24.5,0,6,0,245
24.5,0,6,1,246
24.5,0,6,2,248
24.5,0,6,3,249
24.5,0,6,4,250
24.5,0,6,5,251
24.5,0,6,6,252
24.5,0,6,7,254
24.5,0,6,8,255
24.5,0,6,9,256
24.5,0,6,10,257
24.5,0,6,11,258
24.5,0,6,12,259
24.5,0,6,13,260
24.5,0,6,14,262
24.5,0,6,15,263
24.5,0,7,0,247
24.5,0,7,1,248
24.5,0,7,2,249
24.5,0,7,3,250
24.5,0,7,4,251
24.5,0,7,5,253
24.5,0,7,6,254
24.5,0,7,7,255
24.5,0,7,8,256
24.5,0,7,9,257
24.5,0,7,10,258
24.5,0,7,11,260
24.5,0,7,12,261
24.5,0,7,13,262
24.5,0,7,14,263
24.5,0,7,15,264
24.5,0,8,0,248
24.5,0,8,1,249
24.5,0,8,2,250
24.5,0,8,3,252
24.5,0,8,4,253
24.5,0,8,5,254
24.5,0,8,6,255
24.5,0,8,7,256
24.5,0,8,8,258
24.5,0,8,9,259
24.5,0,8,10,260
24.5,0,8,11,261
24.5,0,8,12,262
24.5,0,8,13,263
24.5,0,8,14,265
24.5,0,8,15,266
24.5,0,9,0,249
24.5,0,9,1,251
24.5,0,9,2,252
24.5,0,9,3,253
24.5,0,9,4,254
24.5,0,9,5,255
24.5,0,9,6,257
24.5,0,9,7,258
24.5,0,9,8,259
24.5,0,9,9,260
24.5,0,9,10,261
24.5,0,9,11,263
24.5,0,9,12,264
24.5,0,9,13,265
24.5,0,9,14,266
24.5,0,9,15,267
24.5,0,10,0,251
24.5,0,10,1,252
24.5,0,10,2,253
24.5,0,10,3,254
24.5,0,10,4,256
24.5,0,10,5,257
24.5,0,10,6,258
24.5,0,10,7,259
24.5,0,10,8,260
24.5,0,10,9,262
24.5,0,10,10,263
24.5,0,10,11,264
24.5,0,10,12,265
24.5,0,10,13,266
24.5,0,10,14,267
24.5,0,10,15,269
24.5,0,11,0,252
24.5,0,11,1,253
24.5,0,11,2,255
24.5,0,11,3,256
24.5,0,11,4,257
24.5,0,11,5,258
24.5,0,11,6,259
24.5,0,11,7,261
24.5,0,11,8,262
24.5,0,11,9,263
24.5,0,11,10,264
24.5,0,11,11,265
24.5,0,11,12,267
24.5,0,11,13,268
24.5,0,11,14,269
24.5,0,11,15,270
24.5,0,12,0,253
24.5,0,12,1,255
24.5,0,12,2,256
24.5,0,12,3,257
24.5,0,12,4,258
24.5,0,12,5,260
24.5,0,12,6,261
24.5,0,12,7,262
24.5,0,12,8,263
24.5,0,12,9,264
24.5,0,12,10,266
24.5,0,12,11,267
24.5,0,12,12,268
24.5,0,12,13,269
24.5,0,12,14,270
24.5,0,12,15,271
24.5,0,13,0,255
24.5,0,13,1,256
24.5,0,13,2,257
24.5,0,13,3,258
24.5,0,13,4,260
24.5,0,13,5,261
24.5,0,13,6,262
24.5,0,13,7,263
24.5,0,13,8,265
24.5,0,13,9,266
24.5,0,13,10,267
24.5,0,13,11,268
24.5,0,13,12,269
24.5,0,13,13,271
24.5,0,13,14,272
24.5,0,13,15,273
24.5,0,14,0,256
24.5,0,14,1,257
24.5,0,14,2,259
24.5,0,14,3,260
24.5,0,14,4,261
24.5,0,14,5,262
24.5,0,14,6,264
24.5,0,14,7,265
24.5,0,14,8,266
24.5,0,14,9,267
24.5,0,14,10,268
24.5,0,14,11,270
24.5,0,14,12,271
24.5,0,14,13,272
24.5,0,14,14,273
24.5,0,14,15,274
24.5,0,15,0,257
24.5,0,15,1,259
24.5,0,15,2,260
24.5,0,15,3,261
24.5,0,15,4,262
24.5,0,15,5,264
24.5,0,15,6,265
24.5,0,15,7,266
24.5,0,15,8,267
24.5,0,15,9,269
24.5,0,15,10,270
24.5,0,15,11,271
24.5,0,15,12,272
24.5,0,15,13,273
24.5,0,15,14,275
24.5,0,15,15,276
24.5,1,0,0,241
24.5,1,0,1,242
24.5,1,0,2,243
24.5,1,0,3,244
24.5,1,0,4,246
24.5,1,0,5,247
24.5,1,0,6,248
24.5,1,0,7,249
24.5,1,0,8,250
24.5,1,0,9,251
24.5,1,0,10,252
24.5,1,0,11,254
24.5,1,0,12,255
24.5,1,0,13,256
24.5,1,0,14,257
24.5,1,0,15,258
24.5,1,1,0,242
24.5,1,1,1,244
24.5,1,1,2,245
24.5,1,1,3,246
24.5,1,1,4,247
24.5,1,1,5,248
24.5,1,1,6,249
24.5,1,1,7,251
24.5,1,1,8,252
24.5,1,1,9,253
24.5,1,1,10,254
24.5,1,1,11,255
24.5,1,1,12,256
24.5,1,1,13,257
24.5,1,1,14,258
24.5,1,1,15,260
24.5,1,2,0,244
24.5,1,2,1,245
24.5,1,2,2,246
24.5,1,2,3,247
24.5,1,2,4,249
24.5,1,2,5,250
24.5,1,2,6,251
24.5,1,2,7,252
24.5,1,2,8,253
24.5,1,2,9,254
24.5,1,2,10,255
24.5,1,2,11,257
24.5,1,2,12,258
24.5,1,2,13,259
24.5,1,2,14,260
24.5,1,2,15,261
24.5,1,3,0,245
24.5,1,3,1,246
24.5,1,3,2,248
24.5,1,3,3,249
24.5,1,3,4,250
24.5,1,3,5,251
24.5,1,3,6,252
24.5,1,3,7,253
24.5,1,3,8,255
24.5,1,3,9,256
24.5,1,3,10,257
24.5,1,3,11,258
24.5,1,3,12,259
24.5,1,3,13,260
24.5,1,3,14,262
24.5,1,3,15,263
24.5,1,4,0,247
24.5,1,4,1,248
24.5,1,4,2,249
24.5,1,4,3,250
24.5,1,4,4,251
24.5,1,4,5,253
24.5,1,4,6,254
24.5,1,4,7,255
24.5,1,4,8,256
24.5,1,4,9,257
24.5,1,4,10,258
24.5,1,4,11,260
24.5,1,4,12,261
24.5,1,4,13,262
24.5,1,4,14,263
24.5,1,4,15,264
24.5,1,5,0,248
24.5,1,5,1,249
24.5,1,5,2,250
24.5,1,5,3,252
24.5,1,5,4,253
24.5,1,5,5,254
24.5,1,5,6,255
24.5,1,5,7,256
24.5,1,5,8,258
24.5,1,5,9,259
24.5,1,5,10,260
24.5,1,5,11,261
24.5,1,5,12,262
24.5,1,5,13,263
24.5,1,5,14,265
24.5,1,5,15,266
24.5,1,6,0,249
24.5,1,6,1,251
24.5,1,6,2,252
24.5,1,6,3,253
24.5,1,6,4,254
24.5,1,6,5,255
24.5,1,6,6,257
24.5,1,6,7,258
24.5,1,6,8,259
24.5,1,6,9,260
24.5,1,6,10,261
24.5,1,6,11,263
24.5,1,6,12,264
24.5,1,6,13,265
24.5,1,6,14,266
24.5,1,6,15,267
24.5,1,7,0,251
24.5,1,7,1,252
24.5,1,7,2,253
24.5,1,7,3,255
24.5,1,7,4,256
24.5,1,7,5,257
24.5,1,7,6,258
24.5,1,7,7,259
24.5,1,7,8,261
24.5,1,7,9,262
24.5,1,7,10,263
24.5,1,7,11,264
24.5,1,7,12,265
24.5,1,7,13,266
24.5,1,7,14,268
24.5,1,7,15,269
24.5,1,8,0,252
24.5,1,8,1,253
24.5,1,8,2,255
24.5,1,8,3,256
24.5,1,8,4,257
24.5,1,8,5,258
24.5,1,8,6,260
24.5,1,8,7,261
24.5,1,8,8,262
24.5,1,8,9,263
24.5,1,8,10,264
24.5,1,8,11,266
24.5,1,8,12,267
24.5,1,8,13,268
24.5,1,8,14,269
24.5,1,8,15,270
24.5,1,9,0,254
24.5,1,9,1,255
24.5,1,9,2,256
24.5,1,9,3,257
24.5,1,9,4,259
24.5,1,9,5,260
24.5,1,9,6,261
24.5,1,9,7,262
24.5,1,9,8,263
24.5,1,9,9,265
24.5,1,9,10,266
24.5,1,9,11,267
24.5,1,9,12,268
24.5,1,9,13,269
24.5,1,9,14,270
24.5,1,9,15,272
24.5,1,10,0,255
24.5,1,10,1,256
24.5,1,10,2,257
24.5,1,10,3,259
24.5,1,10,4,260
24.5,1,10,5,261
24.5,1,10,6,262
24.5,1,10,7,264
24.5,1,10,8,265
24.5,1,10,9,266
24.5,1,10,10,267
24.5,1,10,11,268
24.5,1,10,12,270
24.5,1,10,13,271
24.5,1,10,14,272
24.5,1,10,15,273
24.5,1,11,0,256
24.5,1,11,1,258
24.5,1,11,2,259
24.5,1,11,3,260
24.5,1,11,4,261
24.5,1,11,5,263
24.5,1,11,6,264
24.5,1,11,7,265
24.5,1,11,8,266
24.5,1,11,9,267
24.5,1,11,10,269
24.5,1,11,11,270
24.5,1,11,12,271
24.5,1,11,13,272
24.5,1,11,14,273
24.5,1,11,15,275
24.5,1,12,0,258
24.5,1,12,1,259
24.5,1,12,2,260
24.5,1,12,3,261
24.5,1,12,4,263
24.5,1,12,5,264
24.5,1,12,6,265
24.5,1,12,7,266
24.5,1,12,8,268
24.5,1,12,9,269
24.5,1,12,10,270
24.5,1,12,11,271
24.5,1,12,12,272
24.5,1,12,13,274
24.5,1,12,14,275
24.5,1,12,15,276
24.5,1,13,0,259
24.5,1,13,1,260
24.5,1,13,2,262
24.5,1,13,3,263
24.5,1,13,4,264
24.5,1,13,5,265
24.5,1,13,6,267
24.5,1,13,7,268
24.5,1,13,8,269
24.5,1,13,9,270
24.5,1,13,10,272
24.5,1,13,11,273
24.5,1,13,12,274
24.5,1,13,13,275
24.5,1,13,14,276
24.5,1,13,15,278
24.5,1,14,0,260
24.5,1,14,1,262
24.5,1,14,2,263
24.5,1,14,3,264
24.5,1,14,4,265
24.5,1,14,5,267
24.5,1,14,6,268
24.5,1,14,7,269
24.5,1,14,8,270
24.5,1,14,9,272
24.5,1,14,10,273
24.5,1,14,11,274
24.5,1,14,12,275
24.5,1,14,13,277
24.5,1,14,14,278
24.5,1,14,15,279
24.5,1,15,0,262
24.5,1,15,1,263
24.5,1,15,2,264
24.5,1,15,3,266
24.5,1,15,4,267
24.5,1,15,5,268
24.5,1,15,6,269
24.5,1,15,7,271
24.5,1,15,8,272
24.5,1,15,9,273
24.5,1,15,10,274
24.5,1,15,11,276
24.5,1,15,12,277
24.5,1,15,13,278
24.5,1,15,14,279
24.5,1,15,15,280
24.5,2,0,0,245
24.5,2,0,1,246
24.5,2,0,2,247
24.5,2,0,3,248
24.5,2,0,4,250
24.5,2,0,5,251
24.5,2,0,6,252
24.5,2,0,7,253
24.5,2,0,8,254
24.5,2,0,9,255
24.5,2,0,10,257
24.5,2,0,11,258
24.5,2,0,12,259
24.5,2,0,13,260
24.5,2,0,14,261
24.5,2,0,15,262
24.5,2,1,0,246
24.5,2,1,1,248
24.5,2,1,2,249
24.5,2,1,3,250
24.5,2,1,4,251
24.5,2,1,5,252
24.5,2,1,6,254
24.5,2,1,7,255
24.5,2,1,8,256
24.5,2,1,9,257
24.5,2,1,10,258
24.5,2,1,11,259
24.5,2,1,12,260
24.5,2,1,13,262
24.5,2,1,14,263
24.5,2,1,15,264
24.5,2,2,0,248
24.5,2,2,1,249
24.5,2,2,2,250
24.5,2,2,3,251
24.5,2,2,4,253
24.5,2,2,5,254
24.5,2,2,6,255
24.5,2,2,7,256
24.5,2,2,8,257
24.5,2,2,9,259
24.5,2,2,10,260
24.5,2,2,11,261
24.5,2,2,12,262
24.5,2,2,13,263
24.5,2,2,14,264
24.5,2,2,15,265
24.5,2,3,0,249
24.5,2,3,1,251
24.5,2,3,2,252
24.5,2,3,3,253
24.5,2,3,4,254
24.5,2,3,5,255
24.5,2,3,6,257
24.5,2,3,7,258
24.5,2,3,8,259
24.5,2,3,9,260
24.5,2,3,10,261
24.5,2,3,11,262
24.5,2,3,12,264
24.5,2,3,13,265
24.5,2,3,14,266
24.5,2,3,15,267
24.5,2,4,0,251
24.5,2,4,1,252
24.5,2,4,2,253
24.5,2,4,3,254
24.5,2,4,4,256
24.5,2,4,5,257
24.5,2,4,6,258
24.5,2,4,7,259
24.5,2,4,8,260
24.5,2,4,9,262
24.5,2,4,10,263
24.5,2,4,11,264
24.5,2,4,12,265
24.5,2,4,13,266
24.5,2,4,14,267
24.5,2,4,15,269
24.5,2,5,0,252
24.5,2,5,1,253
24.5,2,5,2,255
24.5,2,5,3,256
24.5,2,5,4,257
24.5,2,5,5,258
24.5,2,5,6,260
24.5,2,5,7,261
24.5,2,5,8,262
24.5,2,5,9,263
24.5,2,5,10,264
24.5,2,5,11,265
24.5,2,5,12,267
24.5,2,5,13,268
24.5,2,5,14,269
24.5,2,5,15,270
24.5,2,6,0,254
24.5,2,6,1,255
24.5,2,6,2,256
24.5,2,6,3,257
24.5,2,6,4,259
24.5,2,6,5,260
24.5,2,6,6,261
24.5,2,6,7,262
24.5,2,6,8,263
24.5,2,6,9,265
24.5,2,6,10,266
24.5,2,6,11,267
24.5,2,6,12,268
24.5,2,6,13,269
24.5,2,6,14,270
24.5,2,6,15,272
24.5,2,7,0,255
24.5,2,7,1,256
24.5,2,7,2,258
24.5,2,7,3,259
24.5,2,7,4,260
24.5,2,7,5,261
24.5,2,7,6,262
24.5,2,7,7,264
24.5,2,7,8,265
24.5,2,7,9,266
24.5,2,7,10,267
24.5,2,7,11,268
24.5,2,7,12,270
24.5,2,7,13,271
24.5,2,7,14,272
24.5,2,7,15,273
24.5,2,8,0,256
24.5,2,8,1,258
24.5,2,8,2,259
24.5,2,8,3,260
24.5,2,8,4,261
24.5,2,8,5,263
24.5,2,8,6,264
24.5,2,8,7,265
24.5,2,8,8,266
24.5,2,8,9,268
24.5,2,8,10,269
24.5,2,8,11,270
24.5,2,8,12,271
24.5,2,8,13,272
24.5,2,8,14,274
24.5,2,8,15,275
24.5,2,9,0,258
24.5,2,9,1,259
24.5,2,9,2,260
24.5,2,9,3,262
24.5,2,9,4,263
24.5,2,9,5,264
24.5,2,9,6,265
24.5,2,9,7,267
24.5,2,9,8,268
24.5,2,9,9,269
24.5,2,9,10,270
24.5,2,9,11,271
24.5,2,9,12,273
24.5,2,9,13,274
24.5,2,9,14,275
24.5,2,9,15,276
24.5,2,10,0,259
24.5,2,10,1,261
24.5,2,10,2,262
24.5,2,10,3,263
24.5,2,10,4,264
24.5,2,10,5,266
24.5,2,10,6,267
24.5,2,10,7,268
24.5,2,10,8,269
24.5,2,10,9,270
24.5,2,10,10,272
24.5,2,10,11,273
24.5,2,10,12,274
24.5,2,10,13,275
24.5,2,10,14,277
24.5,2,10,15,278
24.5,2,11,0,261
24.5,2,11,1,262
24.5,2,11,2,263
24.5,2,11,3,264
24.5,2,11,4,266
24.5,2,11,5,267
24.5,2,11,6,268
24.5,2,11,7,269
24.5,2,11,8,271
24.5,2,11,9,272
24.5,2,11,10,273
24.5,2,11,11,274
24.5,2,11,12,276
24.5,2,11,13,277
24.5,2,11,14,278
24.5,2,11,15,279
24.5,2,12,0,262
24.5,2,12,1,263
24.5,2,12,2,265
24.5,2,12,3,266
24.5,2,12,4,267
24.5,2,12,5,268
24.5,2,12,6,270
24.5,2,12,7,271
24.5,2,12,8,272
24.5,2,12,9,273
24.5,2,12,10,275
24.5,2,12,11,276
24.5,2,12,12,277
24.5,2,12,13,278
24.5,2,12,14,279
24.5,2,12,15,281
24.5,2,13,0,263
24.5,2,13,1,265
24.5,2,13,2,266
24.5,2,13,3,267
24.5,2,13,4,269
24.5,2,13,5,270
24.5,2,13,6,271
24.5,2,13,7,272
24.5,2,13,8,274
24.5,2,13,9,275
24.5,2,13,10,276
24.5,2,13,11,277
24.5,2,13,12,279
24.5,2,13,13,280
24.5,2,13,14,281
24.5,2,13,15,282
24.5,2,14,0,265
24.5,2,14,1,266
24.5,2,14,2,267
24.5,2,14,3,269
24.5,2,14,4,270
24.5,2,14,5,271
24.5,2,14,6,272
24.5,2,14,7,274
24.5,2,14,8,275
24.5,2,14,9,276
24.5,2,14,10,277
24.5,2,14,11,279
24.5,2,14,12,280
24.5,2,14,13,281
24.5,2,14,14,282
24.5,2,14,15,284
24.5,2,15,0,266
24.5,2,15,1,267
24.5,2,15,2,269
24.5,2,15,3,270
24.5,2,15,4,271
24.5,2,15,5,273
24.5,2,15,6,274
24.5,2,15,7,275
24.5,2,15,8,276
24.5,2,15,9,278
24.5,2,15,10,279
24.5,2,15,11,280
24.5,2,15,12,281
24.5,2,15,13,283
24.5,2,15,14,284
24.5,2,15,15,285
24.5,3,0,0,249
24.5,3,0,1,250
24.5,3,0,2,251
24.5,3,0,3,253
24.5,3,0,4,254
24.5,3,0,5,255
24.5,3,0,6,256
24.5,3,0,7,257
24.5,3,0,8,259
24.5,3,0,9,260
24.5,3,0,10,261
24.5,3,0,11,262
24.5,3,0,12,263
24.5,3,0,13,264
24.5,3,0,14,265
24.5,3,0,15,267
24.5,3,1,0,250
24.5,3,1,1,252
24.5,3,1,2,253
24.5,3,1,3,254
24.5,3,1,4,255
24.5,3,1,5,256
24.5,3,1,6,258
24.5,3,1,7,259
24.5,3,1,8,260
24.5,3,1,9,261
24.5,3,1,10,262
24.5,3,1,11,264
24.5,3,1,12,265
24.5,3,1,13,266
24.5,3,1,14,267
24.5,3,1,15,268
24.5,3,2,0,252
24.5,3,2,1,253
24.5,3,2,2,254
24.5,3,2,3,256
24.5,3,2,4,257
24.5,3,2,5,258
24.5,3,2,6,259
24.5,3,2,7,260
24.5,3,2,8,262
24.5,3,2,9,263
24.5,3,2,10,264
24.5,3,2,11,265
24.5,3,2,12,266
24.5,3,2,13,268
24.5,3,2,14,269
24.5,3,2,15,270
24.5,3,3,0,253
24.5,3,3,1,255
24.5,3,3,2,256
24.5,3,3,3,257
24.5,3,3,4,258
24.5,3,3,5,260
24.5,3,3,6,261
24.5,3,3,7,262
24.5,3,3,8,263
24.5,3,3,9,264
24.5,3,3,10,266
24.5,3,3,11,267
24.5,3,3,12,268
24.5,3,3,13,269
24.5,3,3,14,270
24.5,3,3,15,271
24.5,3,4,0,255
24.5,3,4,1,256
24.5,3,4,2,257
24.5,3,4,3,259
24.5,3,4,4,260
24.5,3,4,5,261
24.5,3,4,6,262
24.5,3,4,7,263
24.5,3,4,8,265
24.5,3,4,9,266
24.5,3,4,10,267
24.5,3,4,11,268
24.5,3,4,12,269
24.5,3,4,13,271
24.5,3,4,14,272
24.5,3,4,15,273
24.5,3,5,0,256
24.5,3,5,1,258
24.5,3,5,2,259
24.5,3,5,3,260
24.5,3,5,4,261
24.5,3,5,5,263
24.5,3,5,6,264
24.5,3,5,7,265
24.5,3,5,8,266
24.5,3,5,9,267
24.5,3,5,10,269
24.5,3,5,11,270
24.5,3,5,12,271
24.5,3,5,13,272
24.5,3,5,14,273
24.5,3,5,15,275
24.5,3,6,0,258
24.5,3,6,1,259
24.5,3,6,2,260
24.5,3,6,3,262
24.5,3,6,4,263
24.5,3,6,5,264
24.5,3,6,6,265
24.5,3,6,7,266
24.5,3,6,8,268
24.5,3,6,9,269
24.5,3,6,10,270
24.5,3,6,11,271
24.5,3,6,12,273
24.5,3,6,13,274
24.5,3,6,14,275
24.5,3,6,15,276
24.5,3,7,0,259
24.5,3,7,1,260
24.5,3,7,2,262
24.5,3,7,3,263
24.5,3,7,4,264
24.5,3,7,5,266
24.5,3,7,6,267
24.5,3,7,7,268
24.5,3,7,8,269
24.5,3,7,9,270
24.5,3,7,10,272
24.5,3,7,11,273
24.5,3,7,12,274
24.5,3,7,13,275
24.5,3,7,14,276
24.5,3,7,15,278
24.5,3,8,0,261
24.5,3,8,1,262
24.5,3,8,2,263
24.5,3,8,3,264
24.5,3,8,4,266
24.5,3,8,5,267
24.5,3,8,6,268
24.5,3,8,7,269
24.5,3,8,8,271
24.5,3,8,9,272
24.5,3,8,10,273
24.5,3,8,11,274
24.5,3,8,12,276
24.5,3,8,13,277
24.5,3,8,14,278
24.5,3,8,15,279
24.5,3,9,0,262
24.5,3,9,1,263
24.5,3,9,2,265
24.5,3,9,3,266
24.5,3,9,4,267
24.5,3,9,5,268
24.5,3,9,6,270
24.5,3,9,7,271
24.5,3,9,8,272
24.5,3,9,9,273
24.5,3,9,10,275
24.5,3,9,11,276
24.5,3,9,12,277
24.5,3,9,13,278
24.5,3,9,14,280
24.5,3,9,15,281
24.5,3,10,0,264
24.5,3,10,1,265
24.5,3,10,2,266
24.5,3,10,3,267
24.5,3,10,4,269
24.5,3,10,5,270
24.5,3,10,6,271
24.5,3,10,7,272
24.5,3,10,8,274
24.5,3,10,9,275
24.5,3,10,10,276
24.5,3,10,11,277
24.5,3,10,12,279
24.5,3,10,13,280
24.5,3,10,14,281
24.5,3,10,15,282
24.5,3,11,0,265
24.5,3,11,1,266
24.5,3,11,2,268
24.5,3,11,3,269
24.5,3,11,4,270
24.5,3,11,5,271
24.5,3,11,6,273
24.5,3,11,7,274
24.5,3,11,8,275
24.5,3,11,9,276
24.5,3,11,10,278
24.5,3,11,11,279
24.5,3,11,12,280
24.5,3,11,13,281
24.5,3,11,14,283
24.5,3,11,15,284
24.5,3,12,0,266
24.5,3,12,1,268
24.5,3,12,2,269
24.5,3,12,3,270
24.5,3,12,4,272
24.5,3,12,5,273
24.5,3,12,6,274
24.5,3,12,7,275
24.5,3,12,8,277
24.5,3,12,9,278
24.5,3,12,10,279
24.5,3,12,11,280
24.5,3,12,12,282
24.5,3,12,13,283
24.5,3,12,14,284
24.5,3,12,15,285
24.5,3,13,0,268
24.5,3,13,1,269
24.5,3,13,2,270
24.5,3,13,3,272
24.5,3,13,4,273
24.5,3,13,5,274
24.5,3,13,6,276
24.5,3,13,7,277
24.5,3,13,8,278
24.5,3,13,9,279
24.5,3,13,10,281
24.5,3,13,11,282
24.5,3,13,12,283
24.5,3,13,13,284
24.5,3,13,14,286
24.5,3,13,15,287
24.5,3,14,0,269
24.5,3,14,1,270
24.5,3,14,2,272
24.5,3,14,3,273
24.5,3,14,4,274
24.5,3,14,5,276
24.5,3,14,6,277
24.5,3,14,7,278
24.5,3,14,8,280
24.5,3,14,9,281
24.5,3,14,10,282
24.5,3,14,11,283
24.5,3,14,12,285
24.5,3,14,13,286
24.5,3,14,14,287
24.5,3,14,15,288
24.5,3,15,0,271
24.5,3,15,1,272
24.5,3,15,2,273
24.5,3,15,3,274
24.5,3,15,4,276
24.5,3,15,5,277
24.5,3,15,6,278
24.5,3,15,7,280
24.5,3,15,8,281
24.5,3,15,9,282
24.5,3,15,10,283
24.5,3,15,11,285
24.5,3,15,12,286
24.5,3,15,13,287
24.5,3,15,14,289
24.5,3,15,15,290
24.5,4,0,0,253
24.5,4,0,1,254
24.5,4,0,2,255
24.5,4,0,3,257
24.5,4,0,4,258
24.5,4,0,5,259
24.5,4,0,6,260
24.5,4,0,7,261
24.5,4,0,8,263
24.5,4,0,9,264
24.5,4,0,10,265
24.5,4,0,11,266
24.5,4,0,12,267
24.5,4,0,13,269
24.5,4,0,14,270
24.5,4,0,15,271
24.5,4,1,0,254
24.5,4,1,1,256
24.5,4,1,2,257
24.5,4,1,3,258
24.5,4,1,4,259
24.5,4,1,5,261
24.5,4,1,6,262
24.5,4,1,7,263
24.5,4,1,8,264
24.5,4,1,9,265
24.5,4,1,10,267
24.5,4,1,11,268
24.5,4,1,12,269
24.5,4,1,13,270
24.5,4,1,14,271
24.5,4,1,15,273
24.5,4,2,0,256
24.5,4,2,1,257
24.5,4,2,2,258
24.5,4,2,3,260
24.5,4,2,4,261
24.5,4,2,5,262
24.5,4,2,6,263
24.5,4,2,7,265
24.5,4,2,8,266
24.5,4,2,9,267
24.5,4,2,10,268
24.5,4,2,11,269
24.5,4,2,12,271
24.5,4,2,13,272
24.5,4,2,14,273
24.5,4,2,15,274
24.5,4,3,0,257
24.5,4,3,1,259
24.5,4,3,2,260
24.5,4,3,3,261
24.5,4,3,4,262
24.5,4,3,5,264
24.5,4,3,6,265
24.5,4,3,7,266
24.5,4,3,8,267
24.5,4,3,9,269
24.5,4,3,10,270
24.5,4,3,11,271
24.5,4,3,12,272
24.5,4,3,13,273
24.5,4,3,14,275
24.5,4,3,15,276
24.5,4,4,0,259
24.5,4,4,1,260
24.5,4,4,2,262
24.5,4,4,3,263
24.5,4,4,4,264
24.5,4,4,5,265
24.5,4,4,6,266
24.5,4,4,7,268
24.5,4,4,8,269
24.5,4,4,9,270
24.5,4,4,10,271
24.5,4,4,11,273
24.5,4,4,12,274
24.5,4,4,13,275
24.5,4,4,14,276
24.5,4,4,15,277
24.5,4,5,0,260
24.5,4,5,1,262
24.5,4,5,2,263
24.5,4,5,3,264
24.5,4,5,4,266
24.5,4,5,5,267
24.5,4,5,6,268
24.5,4,5,7,269
24.5,4,5,8,270
24.5,4,5,9,272
24.5,4,5,10,273
24.5,4,5,11,274
24.5,4,5,12,275
24.5,4,5,13,277
24.5,4,5,14,278
24.5,4,5,15,279
24.5,4,6,0,262
24.5,4,6,1,263
24.5,4,6,2,264
24.5,4,6,3,266
24.5,4,6,4,267
24.5,4,6,5,268
24.5,4,6,6,270
24.5,4,6,7,271
24.5,4,6,8,272
24.5,4,6,9,273
24.5,4,6,10,275
24.5,4,6,11,276
24.5,4,6,12,277
24.5,4,6,13,278
24.5,4,6,14,279
24.5,4,6,15,281
24.5,4,7,0,263
24.5,4,7,1,265
24.5,4,7,2,266
24.5,4,7,3,267
24.5,4,7,4,269
24.5,4,7,5,270
24.5,4,7,6,271
24.5,4,7,7,272
24.5,4,7,8,274
24.5,4,7,9,275
24.5,4,7,10,276
24.5,4,7,11,277
24.5,4,7,12,279
24.5,4,7,13,280
24.5,4,7,14,281
24.5,4,7,15,282
24.5,4,8,0,265
24.5,4,8,1,266
24.5,4,8,2,267
24.5,4,8,3,269
24.5,4,8,4,270
24.5,4,8,5,271
24.5,4,8,6,273
24.5,4,8,7,274
24.5,4,8,8,275
24.5,4,8,9,276
24.5,4,8,10,278
24.5,4,8,11,279
24.5,4,8,12,280
24.5,4,8,13,281
24.5,4,8,14,282
24.5,4,8,15,284
24.5,4,9,0,266
24.5,4,9,1,268
24.5,4,9,2,269
24.5,4,9,3,270
24.5,4,9,4,272
24.5,4,9,5,273
24.5,4,9,6,274
24.5,4,9,7,275
24.5,4,9,8,277
24.5,4,9,9,278
24.5,4,9,10,279
24.5,4,9,11,280
24.5,4,9,12,282
24.5,4,9,13,283
24.5,4,9,14,284
24.5,4,9,15,285
24.5,4,10,0,268
24.5,4,10,1,269
24.5,4,10,2,270
24.5,4,10,3,272
24.5,4,10,4,273
24.5,4,10,5,274
24.5,4,10,6,276
24.5,4,10,7,277
24.5,4,10,8,278
24.5,4,10,9,279
24.5,4,10,10,281
24.5,4,10,11,282
24.5,4,10,12,283
24.5,4,10,13,284
24.5,4,10,14,286
24.5,4,10,15,287
24.5,4,11,0,269
24.5,4,11,1,271
24.5,4,11,2,272
24.5,4,11,3,273
24.5,4,11,4,274
24.5,4,11,5,276
24.5,4,11,6,277
24.5,4,11,7,278
24.5,4,11,8,280
24.5,4,11,9,281
24.5,4,11,10,282
24.5,4,11,11,283
24.5,4,11,12,285
24.5,4,11,13,286
24.5,4,11,14,287
24.5,4,11,15,288
24.5,4,12,0,271
24.5,4,12,1,272
24.5,4,12,2,273
24.5,4,12,3,275
24.5,4,12,4,276
24.5,4,12,5,277
24.5,4,12,6,279
24.5,4,12,7,280
24.5,4,12,8,281
24.5,4,12,9,282
24.5,4,12,10,284
24.5,4,12,11,285
24.5,4,12,12,286
24.5,4,12,13,287
24.5,4,12,14,289
24.5,4,12,15,290
24.5,4,13,0,272
24.5,4,13,1,273
24.5,4,13,2,275
24.5,4,13,3,276
24.5,4,13,4,277
24.5,4,13,5,279
24.5,4,13,6,280
24.5,4,13,7,281
24.5,4,13,8,283
24.5,4,13,9,284
24.5,4,13,10,285
24.5,4,13,11,286
24.5,4,13,12,288
24.5,4,13,13,289
24.5,4,13,14,290
24.5,4,13,15,291
24.5,4,14,0,273
24.5,4,14,1,275
24.5,4,14,2,276
24.5,4,14,3,277
24.5,4,14,4,279
24.5,4,14,5,280
24.5,4,14,6,281
24.5,4,14,7,283
24.5,4,14,8,284
24.5,4,14,9,285
24.5,4,14,10,287
24.5,4,14,11,288
24.5,4,14,12,289
24.5,4,14,13,290
24.5,4,14,14,292
24.5,4,14,15,293
24.5,4,15,0,275
24.5,4,15,1,276
24.5,4,15,2,278
24.5,4,15,3,279
24.5,4,15,4,280
24.5,4,15,5,282
24.5,4,15,6,283
24.5,4,15,7,284
24.5,4,15,8,285
24.5,4,15,9,287
24.5,4,15,10,288
24.5,4,15,11,289
24.5,4,15,12,291
24.5,4,15,13,292
24.5,4,15,14,293
24.5,4,15,15,294
24.5,5,0,0,257
24.5,5,0,1,258
24.5,5,0,2,259
24.5,5,0,3,261
24.5,5,0,4,262
24.5,5,0,5,263
24.5,5,0,6,264
24.5,5,0,7,266
24.5,5,0,8,267
24.5,5,0,9,268
24.5,5,0,10,269
24.5,5,0,11,270
24.5,5,0,12,272
24.5,5,0,13,273
24.5,5,0,14,274
24.5,5,0,15,275
24.5,5,1,0,259
24.5,5,1,1,260
24.5,5,1,2,261
24.5,5,1,3,262
24.5,5,1,4,264
24.5,5,1,5,265
24.5,5,1,6,266
24.5,5,1,7,267
24.5,5,1,8,268
24.5,5,1,9,270
24.5,5,1,10,271
24.5,5,1,11,272
24.5,5,1,12,273
24.5,5,1,13,275
24.5,5,1,14,276
24.5,5,1,15,277
24.5,5,2,0,260
24.5,5,2,1,261
24.5,5,2,2,263
24.5,5,2,3,264
24.5,5,2,4,265
24.5,5,2,5,266
24.5,5,2,6,268
24.5,5,2,7,269
24.5,5,2,8,270
24.5,5,2,9,271
24.5,5,2,10,273
24.5,5,2,11,274
24.5,5,2,12,275
24.5,5,2,13,276
24.5,5,2,14,277
24.5,5,2,15,279
24.5,5,3,0,262
24.5,5,3,1,263
24.5,5,3,2,264
24.5,5,3,3,265
24.5,5,3,4,267
24.5,5,3,5,268
24.5,5,3,6,269
24.5,5,3,7,270
24.5,5,3,8,272
24.5,5,3,9,273
24.5,5,3,10,274
24.5,5,3,11,275
24.5,5,3,12,277
24.5,5,3,13,278
24.5,5,3,14,279
24.5,5,3,15,280
24.5,5,4,0,263
24.5,5,4,1,264
24.5,5,4,2,266
24.5,5,4,3,267
24.5,5,4,4,268
24.5,5,4,5,269
24.5,5,4,6,271
24.5,5,4,7,272
24.5,5,4,8,273
24.5,5,4,9,274
24.5,5,4,10,276
24.5,5,4,11,277
24.5,5,4,12,278
24.5,5,4,13,279
24.5,5,4,14,281
24.5,5,4,15,282
24.5,5,5,0,265
24.5,5,5,1,266
24.5,5,5,2,267
24.5,5,5,3,268
24.5,5,5,4,270
24.5,5,5,5,271
24.5,5,5,6,272
24.5,5,5,7,274
24.5,5,5,8,275
24.5,5,5,9,276
24.5,5,5,10,277
24.5,5,5,11,279
24.5,5,5,12,280
24.5,5,5,13,281
24.5,5,5,14,282
24.5,5,5,15,283
24.5,5,6,0,266
24.5,5,6,1,267
24.5,5,6,2,269
24.5,5,6,3,270
24.5,5,6,4,271
24.5,5,6,5,273
24.5,5,6,6,274
24.5,5,6,7,275
24.5,5,6,8,276
24.5,5,6,9,278
24.5,5,6,10,279
24.5,5,6,11,280
24.5,5,6,12,281
24.5,5,6,13,283
24.5,5,6,14,284
24.5,5,6,15,285
24.5,5,7,0,268
24.5,5,7,1,269
24.5,5,7,2,270
24.5,5,7,3,272
24.5,5,7,4,273
24.5,5,7,5,274
24.5,5,7,6,275
24.5,5,7,7,277
24.5,5,7,8,278
24.5,5,7,9,279
24.5,5,7,10,280
24.5,5,7,11,282
24.5,5,7,12,283
24.5,5,7,13,284
24.5,5,7,14,285
24.5,5,7,15,287
24.5,5,8,0,269
24.5,5,8,1,270
24.5,5,8,2,272
24.5,5,8,3,273
24.5,5,8,4,274
24.5,5,8,5,276
24.5,5,8,6,277
24.5,5,8,7,278
24.5,5,8,8,279
24.5,5,8,9,281
24.5,5,8,10,282
24.5,5,8,11,283
24.5,5,8,12,284
24.5,5,8,13,286
24.5,5,8,14,287
24.5,5,8,15,288
24.5,5,9,0,271
24.5,5,9,1,272
24.5,5,9,2,273
24.5,5,9,3,275
24.5,5,9,4,276
24.5,5,9,5,277
24.5,5,9,6,278
24.5,5,9,7,280
24.5,5,9,8,281
24.5,5,9,9,282
24.5,5,9,10,284
24.5,5,9,11,285
24.5,5,9,12,286
24.5,5,9,13,287
24.5,5,9,14,289
24.5,5,9,15,290
24.5,5,10,0,272
24.5,5,10,1,273
24.5,5,10,2,275
24.5,5,10,3,276
24.5,5,10,4,277
24.5,5,10,5,279
24.5,5,10,6,280
24.5,5,10,7,281
24.5,5,10,8,283
24.5,5,10,9,284
24.5,5,10,10,285
24.5,5,10,11,286
24.5,5,10,12,288
24.5,5,10,13,289
24.5,5,10,14,290
24.5,5,10,15,291
24.5,5,11,0,273
24.5,5,11,1,275
24.5,5,11,2,276
24.5,5,11,3,277
24.5,5,11,4,279
24.5,5,11,5,280
24.5,5,11,6,281
24.5,5,11,7,283
24.5,5,11,8,284
24.5,5,11,9,285
24.5,5,11,10,287
24.5,5,11,11,288
24.5,5,11,12,289
24.5,5,11,13,290
24.5,5,11,14,292
24.5,5,11,15,293
24.5,5,12,0,275
24.5,5,12,1,276
24.5,5,12,2,278
24.5,5,12,3,279
24.5,5,12,4,280
24.5,5,12,5,282
24.5,5,12,6,283
24.5,5,12,7,284
24.5,5,12,8,286
24.5,5,12,9,287
24.5,5,12,10,288
24.5,5,12,11,289
24.5,5,12,12,291
24.5,5,12,13,292
24.5,5,12,14,293
24.5,5,12,15,295
24.5,5,13,0,276
24.5,5,13,1,278
24.5,5,13,2,279
24.5,5,13,3,280
24.5,5,13,4,282
24.5,5,13,5,283
24.5,5,13,6,284
24.5,5,13,7,286
24.5,5,13,8,287
24.5,5,13,9,288
24.5,5,13,10,290
24.5,5,13,11,291
24.5,5,13,12,292
24.5,5,13,13,294
24.5,5,13,14,295
24.5,5,13,15,296
24.5,5,14,0,278
24.5,5,14,1,279
24.5,5,14,2,281
24.5,5,14,3,282
24.5,5,14,4,283
24.5,5,14,5,285
24.5,5,14,6,286
24.5,5,14,7,287
24.5,5,14,8,289
24.5,5,14,9,290
24.5,5,14,10,291
24.5,5,14,11,292
24.5,5,14,12,294
24.5,5,14,13,295
24.5,5,14,14,296
24.5,5,14,15,298
24.5,5,15,0,279
24.5,5,15,1,281
24.5,5,15,2,282
24.5,5,15,3,283
24.5,5,15,4,285
24.5,5,15,5,286
24.5,5,15,6,287
24.5,5,15,7,289
24.5,5,15,8,290
24.5,5,15,9,291
24.5,5,15,10,293
24.5,5,15,11,294
24.5,5,15,12,295
24.5,5,15,13,297
24.5,5,15,14,298
24.5,5,15,15,299
24.5,6,0,0,261
24.5,6,0,1,262
24.5,6,0,2,264
24.5,6,0,3,265
24.5,6,0,4,266
24.5,6,0,5,267
24.5,6,0,6,269
24.5,6,0,7,270
24.5,6,0,8,271
24.5,6,0,9,272
24.5,6,0,10,274
24.5,6,0,11,275
24.5,6,0,12,276
24.5,6,0,13,277
24.5,6,0,14,278
24.5,6,0,15,280
24.5,6,1,0,263
24.5,6,1,1,264
24.5,6,1,2,265
24.5,6,1,3,266
24.5,6,1,4,268
24.5,6,1,5,269
24.5,6,1,6,270
24.5,6,1,7,271
24.5,6,1,8,273
24.5,6,1,9,274
24.5,6,1,10,275
24.5,6,1,11,276
24.5,6,1,12,278
24.5,6,1,13,279
24.5,6,1,14,280
24.5,6,1,15,281
24.5,6,2,0,264
24.5,6,2,1,265
24.5,6,2,2,267
24.5,6,2,3,268
24.5,6,2,4,269
24.5,6,2,5,271
24.5,6,2,6,272
24.5,6,2,7,273
24.5,6,2,8,274
24.5,6,2,9,276
24.5,6,2,10,277
24.5,6,2,11,278
24.5,6,2,12,279
24.5,6,2,13,280
24.5,6,2,14,282
24.5,6,2,15,283
24.5,6,3,0,266
24.5,6,3,1,267
24.5,6,3,2,268
24.5,6,3,3,270
24.5,6,3,4,271
24.5,6,3,5,272
24.5,6,3,6,273
24.5,6,3,7,275
24.5,6,3,8,276
24.5,6,3,9,277
24.5,6,3,10,278
24.5,6,3,11,280
24.5,6,3,12,281
24.5,6,3,13,282
24.5,6,3,14,283
24.5,6,3,15,285
24.5,6,4,0,267
24.5,6,4,1,269
24.5,6,4,2,270
24.5,6,4,3,271
24.5,6,4,4,272
24.5,6,4,5,274
24.5,6,4,6,275
24.5,6,4,7,276
24.5,6,4,8,278
24.5,6,4,9,279
24.5,6,4,10,280
24.5,6,4,11,281
24.5,6,4,12,283
24.5,6,4,13,284
24.5,6,4,14,285
24.5,6,4,15,286
24.5,6,5,0,269
24.5,6,5,1,270
24.5,6,5,2,271
24.5,6,5,3,273
24.5,6,5,4,274
24.5,6,5,5,275
24.5,6,5,6,277
24.5,6,5,7,278
24.5,6,5,8,279
24.5,6,5,9,280
24.5,6,5,10,282
24.5,6,5,11,283
24.5,6,5,12,284
24.5,6,5,13,285
24.5,6,5,14,287
24.5,6,5,15,288
24.5,6,6,0,270
24.5,6,6,1,272
24.5,6,6,2,273
24.5,6,6,3,274
24.5,6,6,4,276
24.5,6,6,5,277
24.5,6,6,6,278
24.5,6,6,7,279
24.5,6,6,8,281
24.5,6,6,9,282
24.5,6,6,10,283
24.5,6,6,11,284
24.5,6,6,12,286
24.5,6,6,13,287
24.5,6,6,14,288
24.5,6,6,15,289
24.5,6,7,0,272
24.5,6,7,1,273
24.5,6,7,2,274
24.5,6,7,3,276
24.5,6,7,4,277
24.5,6,7,5,278
24.5,6,7,6,280
24.5,6,7,7,281
24.5,6,7,8,282
24.5,6,7,9,284
24.5,6,7,10,285
24.5,6,7,11,286
24.5,6,7,12,287
24.5,6,7,13,289
24.5,6,7,14,290
24.5,6,7,15,291
24.5,6,8,0,273
24.5,6,8,1,275
24.5,6,8,2,276
24.5,6,8,3,277
24.5,6,8,4,279
24.5,6,8,5,280
24.5,6,8,6,281
24.5,6,8,7,283
24.5,6,8,8,284
24.5,6,8,9,285
24.5,6,8,10,286
24.5,6,8,11,288
24.5,6,8,12,289
24.5,6,8,13,290
24.5,6,8,14,291
24.5,6,8,15,293
24.5,6,9,0,275
24.5,6,9,1,276
24.5,6,9,2,277
24.5,6,9,3,279
24.5,6,9,4,280
24.5,6,9,5,281
24.5,6,9,6,283
24.5,6,9,7,284
24.5,6,9,8,285
24.5,6,9,9,287
24.5,6,9,10,288
24.5,6,9,11,289
24.5,6,9,12,291
24.5,6,9,13,292
24.5,6,9,14,293
24.5,6,9,15,294
24.5,6,10,0,276
24.5,6,10,1,278
24.5,6,10,2,279
24.5,6,10,3,280
24.5,6,10,4,282
24.5,6,10,5,283
24.5,6,10,6,284
24.5,6,10,7,286
24.5,6,10,8,287
24.5,6,10,9,288
24.5,6,10,10,290
24.5,6,10,11,291
24.5,6,10,12,292
24.5,6,10,13,293
24.5,6,10,14,295
24.5,6,10,15,296
24.5,6,11,0,278
24.5,6,11,1,279
24.5,6,11,2,280
24.5,6,11,3,282
24.5,6,11,4,283
24.5,6,11,5,285
24.5,6,11,6,286
24.5,6,11,7,287
24.5,6,11,8,288
24.5,6,11,9,290
24.5,6,11,10,291
24.5,6,11,11,292
24.5,6,11,12,294
24.5,6,11,13,295
24.5,6,11,14,296
24.5,6,11,15,298
24.5,6,12,0,279
24.5,6,12,1,281
24.5,6,12,2,282
24.5,6,12,3,283
24.5,6,12,4,285
24.5,6,12,5,286
24.5,6,12,6,287
24.5,6,12,7,289
24.5,6,12,8,290
24.5,6,12,9,291
24.5,6,12,10,293
24.5,6,12,11,294
24.5,6,12,12,295
24.5,6,12,13,297
24.5,6,12,14,298
24.5,6,12,15,299
24.5,6,13,0,281
24.5,6,13,1,282
24.5,6,13,2,283
24.5,6,13,3,285
24.5,6,13,4,286
24.5,6,13,5,288
24.5,6,13,6,289
24.5,6,13,7,290
24.5,6,13,8,292
24.5,6,13,9,293
24.5,6,13,10,294
24.5,6,13,11,295
24.5,6,13,12,297
24.5,6,13,13,298
24.5,6,13,14,299
24.5,6,13,15,301
24.5,6,14,0,282
24.5,6,14,1,284
24.5,6,14,2,285
24.5,6,14,3,286
24.5,6,14,4,288
24.5,6,14,5,289
24.5,6,14,6,290
24.5,6,14,7,292
24.5,6,14,8,293
24.5,6,14,9,294
24.5,6,14,10,296
24.5,6,14,11,297
24.5,6,14,12,298
24.5,6,14,13,300
24.5,6,14,14,301
24.5,6,14,15,302
24.5,6,15,0,284
24.5,6,15,1,285
24.5,6,15,2,286
24.5,6,15,3,288
24.5,6,15,4,289
24.5,6,15,5,291
24.5,6,15,6,292
24.5,6,15,7,293
24.5,6,15,8,295
24.5,6,15,9,296
24.5,6,15,10,297
24.5,6,15,11,299
24.5,6,15,12,300
24.5,6,15,13,301
24.5,6,15,14,303
24.5,6,15,15,304
24.5,7,0,0,265
24.5,7,0,1,266
24.5,7,0,2,268
24.5,7,0,3,269
24.5,7,0,4,270
24.5,7,0,5,271
24.5,7,0,6,273
24.5,7,0,7,274
24.5,7,0,8,275
24.5,7,0,9,276
24.5,7,0,10,278
24.5,7,0,11,279
24.5,7,0,12,280
24.5,7,0,13,281
24.5,7,0,14,283
24.5,7,0,15,284
24.5,7,1,0,267
24.5,7,1,1,268
24.5,7,1,2,269
24.5,7,1,3,270
24.5,7,1,4,272
24.5,7,1,5,273
24.5,7,1,6,274
24.5,7,1,7,276
24.5,7,1,8,277
24.5,7,1,9,278
24.5,7,1,10,279
24.5,7,1,11,281
24.5,7,1,12,282
24.5,7,1,13,283
24.5,7,1,14,284
24.5,7,1,15,286
24.5,7,2,0,268
24.5,7,2,1,269
24.5,7,2,2,271
24.5,7,2,3,272
24.5,7,2,4,273
24.5,7,2,5,275
24.5,7,2,6,276
24.5,7,2,7,277
24.5,7,2,8,279
24.5,7,2,9,280
24.5,7,2,10,281
24.5,7,2,11,282
24.5,7,2,12,284
24.5,7,2,13,285
24.5,7,2,14,286
24.5,7,2,15,287
24.5,7,3,0,270
24.5,7,3,1,271
24.5,7,3,2,272
24.5,7,3,3,274
24.5,7,3,4,275
24.5,7,3,5,276
24.5,7,3,6,278
24.5,7,3,7,279
24.5,7,3,8,280
24.5,7,3,9,281
24.5,7,3,10,283
24.5,7,3,11,284
24.5,7,3,12,285
24.5,7,3,13,286
24.5,7,3,14,288
24.5,7,3,15,289
24.5,7,4,0,271
24.5,7,4,1,273
24.5,7,4,2,274
24.5,7,4,3,275
24.5,7,4,4,277
24.5,7,4,5,278
24.5,7,4,6,279
24.5,7,4,7,281
24.5,7,4,8,282
24.5,7,4,9,283
24.5,7,4,10,284
24.5,7,4,11,286
24.5,7,4,12,287
24.5,7,4,13,288
24.5,7,4,14,289
24.5,7,4,15,291
24.5,7,5,0,273
24.5,7,5,1,274
24.5,7,5,2,276
24.5,7,5,3,277
24.5,7,5,4,278
24.5,7,5,5,280
24.5,7,5,6,281
24.5,7,5,7,282
24.5,7,5,8,283
24.5,7,5,9,285
24.5,7,5,10,286
24.5,7,5,11,287
24.5,7,5,12,289
24.5,7,5,13,290
24.5,7,5,14,291
24.5,7,5,15,292
24.5,7,6,0,274
24.5,7,6,1,276
24.5,7,6,2,277
24.5,7,6,3,278
24.5,7,6,4,280
24.5,7,6,5,281
24.5,7,6,6,282
24.5,7,6,7,284
24.5,7,6,8,285
24.5,7,6,9,286
24.5,7,6,10,288
24.5,7,6,11,289
24.5,7,6,12,290
24.5,7,6,13,291
24.5,7,6,14,293
24.5,7,6,15,294
24.5,7,7,0,276
24.5,7,7,1,277
24.5,7,7,2,279
24.5,7,7,3,280
24.5,7,7,4,281
24.5,7,7,5,283
24.5,7,7,6,284
24.5,7,7,7,285
24.5,7,7,8,287
24.5,7,7,9,288
24.5,7,7,10,289
24.5,7,7,11,291
24.5,7,7,12,292
24.5,7,7,13,293
24.5,7,7,14,294
24.5,7,7,15,296
24.5,7,8,0,278
24.5,7,8,1,279
24.5,7,8,2,280
24.5,7,8,3,282
24.5,7,8,4,283
24.5,7,8,5,284
24.5,7,8,6,286
24.5,7,8,7,287
24.5,7,8,8,288
24.5,7,8,9,290
24.5,7,8,10,291
24.5,7,8,11,292
24.5,7,8,12,293
24.5,7,8,13,295
24.5,7,8,14,296
24.5,7,8,15,297
24.5,7,9,0,279
24.5,7,9,1,280
24.5,7,9,2,282
24.5,7,9,3,283
24.5,7,9,4,284
24.5,7,9,5,286
24.5,7,9,6,287
24.5,7,9,7,288
24.5,7,9,8,290
24.5,7,9,9,291
24.5,7,9,10,292
24.5,7,9,11,294
24.5,7,9,12,295
24.5,7,9,13,296
24.5,7,9,14,298
24.5,7,9,15,299
24.5,7,10,0,281
24.5,7,10,1,282
24.5,7,10,2,283
24.5,7,10,3,285
24.5,7,10,4,286
24.5,7,10,5,287
24.5,7,10,6,289
24.5,7,10,7,290
24.5,7,10,8,291
24.5,7,10,9,293
24.5,7,10,10,294
24.5,7,10,11,295
24.5,7,10,12,297
24.5,7,10,13,298
24.5,7,10,14,299
24.5,7,10,15,301
24.5,7,11,0,282
24.5,7,11,1,283
24.5,7,11,2,285
24.5,7,11,3,286
24.5,7,11,4,288
24.5,7,11,5,289
24.5,7,11,6,290
24.5,7,11,7,292
24.5,7,11,8,293
24.5,7,11,9,294
24.5,7,11,10,296
24.5,7,11,11,297
24.5,7,11,12,298
24.5,7,11,13,300
24.5,7,11,14,301
24.5,7,11,15,302
24.5,7,12,0,284
24.5,7,12,1,285
24.5,7,12,2,286
24.5,7,12,3,288
24.5,7,12,4,289
24.5,7,12,5,290
24.5,7,12,6,292
24.5,7,12,7,293
24.5,7,12,8,294
24.5,7,12,9,296
24.5,7,12,10,297
24.5,7,12,11,298
24.5,7,12,12,300
24.5,7,12,13,301
24.5,7,12,14,302
24.5,7,12,15,304
24.5,7,13,0,285
24.5,7,13,1,286
24.5,7,13,2,288
24.5,7,13,3,289
24.5,7,13,4,291
24.5,7,13,5,292
24.5,7,13,6,293
24.5,7,13,7,295
24.5,7,13,8,296
24.5,7,13,9,297
24.5,7,13,10,299
24.5,7,13,11,300
24.5,7,13,12,301
24.5,7,13,13,303
24.5,7,13,14,304
24.5,7,13,15,305
24.5,7,14,0,287
24.5,7,14,1,288
24.5,7,14,2,289
24.5,7,14,3,291
24.5,7,14,4,292
24.5,7,14,5,293
24.5,7,14,6,295
24.5,7,14,7,296
24.5,7,14,8,298
24.5,7,14,9,299
24.5,7,14,10,300
24.5,7,14,11,302
24.5,7,14,12,303
24.5,7,14,13,304
24.5,7,14,14,306
24.5,7,14,15,307
24.5,7,15,0,288
24.5,7,15,1,289
24.5,7,15,2,291
24.5,7,15,3,292
24.5,7,15,4,294
24.5,7,15,5,295
24.5,7,15,6,296
24.5,7,15,7,298
24.5,7,15,8,299
24.5,7,15,9,300
24.5,7,15,10,302
24.5,7,15,11,303
24.5,7,15,12,305
24.5,7,15,13,306
24.5,7,15,14,307
24.5,7,15,15,308
24.5,8,0,0,269
24.5,8,0,1,270
24.5,8,0,2,272
24.5,8,0,3,273
24.5,8,0,4,274
24.5,8,0,5,276
24.5,8,0,6,277
24.5,8,0,7,278
24.5,8,0,8,279
24.5,8,0,9,281
24.5,8,0,10,282
24.5,8,0,11,283
24.5,8,0,12,284
24.5,8,0,13,286
24.5,8,0,14,287
24.5,8,0,15,288
24.5,8,1,0,271
24.5,8,1,1,272
24.5,8,1,2,273
24.5,8,1,3,275
24.5,8,1,4,276
24.5,8,1,5,277
24.5,8,1,6,279
24.5,8,1,7,280
24.5,8,1,8,281
24.5,8,1,9,282
24.5,8,1,10,284
24.5,8,1,11,285
24.5,8,1,12,286
24.5,8,1,13,287
24.5,8,1,14,289
24.5,8,1,15,290
24.5,8,2,0,272
24.5,8,2,1,274
24.5,8,2,2,275
24.5,8,2,3,276
24.5,8,2,4,278
24.5,8,2,5,279
24.5,8,2,6,280
24.5,8,2,7,281
24.5,8,2,8,283
24.5,8,2,9,284
24.5,8,2,10,285
24.5,8,2,11,287
24.5,8,2,12,288
24.5,8,2,13,289
24.5,8,2,14,290
24.5,8,2,15,292
24.5,8,3,0,274
24.5,8,3,1,275
24.5,8,3,2,277
24.5,8,3,3,278
24.5,8,3,4,279
24.5,8,3,5,281
24.5,8,3,6,282
24.5,8,3,7,283
24.5,8,3,8,284
24.5,8,3,9,286
24.5,8,3,10,287
24.5,8,3,11,288
24.5,8,3,12,290
24.5,8,3,13,291
24.5,8,3,14,292
24.5,8,3,15,293
24.5,8,4,0,275
24.5,8,4,1,277
24.5,8,4,2,278
24.5,8,4,3,279
24.5,8,4,4,281
24.5,8,4,5,282
24.5,8,4,6,283
24.5,8,4,7,285
24.5,8,4,8,286
24.5,8,4,9,287
24.5,8,4,10,289
24.5,8,4,11,290
24.5,8,4,12,291
24.5,8,4,13,293
24.5,8,4,14,294
24.5,8,4,15,295
24.5,8,5,0,277
24.5,8,5,1,278
24.5,8,5,2,280
24.5,8,5,3,281
24.5,8,5,4,282
24.5,8,5,5,284
24.5,8,5,6,285
24.5,8,5,7,286
24.5,8,5,8,288
24.5,8,5,9,289
24.5,8,5,10,290
24.5,8,5,11,292
24.5,8,5,12,293
24.5,8,5,13,294
24.5,8,5,14,295
24.5,8,5,15,297
24.5,8,6,0,279
24.5,8,6,1,280
24.5,8,6,2,281
24.5,8,6,3,283
24.5,8,6,4,284
24.5,8,6,5,285
24.5,8,6,6,287
24.5,8,6,7,288
24.5,8,6,8,289
24.5,8,6,9,291
24.5,8,6,10,292
24.5,8,6,11,293
24.5,8,6,12,295
24.5,8,6,13,296
24.5,8,6,14,297
24.5,8,6,15,298
24.5,8,7,0,280
24.5,8,7,1,282
24.5,8,7,2,283
24.5,8,7,3,284
24.5,8,7,4,286
24.5,8,7,5,287
24.5,8,7,6,288
24.5,8,7,7,290
24.5,8,7,8,291
24.5,8,7,9,292
24.5,8,7,10,294
24.5,8,7,11,295
24.5,8,7,12,296
24.5,8,7,13,298
24.5,8,7,14,299
24.5,8,7,15,300
24.5,8,8,0,282
24.5,8,8,1,283
24.5,8,8,2,284
24.5,8,8,3,286
24.5,8,8,4,287
24.5,8,8,5,289
24.5,8,8,6,290
24.5,8,8,7,291
24.5,8,8,8,293
24.5,8,8,9,294
24.5,8,8,10,295
24.5,8,8,11,297
24.5,8,8,12,298
24.5,8,8,13,299
24.5,8,8,14,300
24.5,8,8,15,302
24.5,8,9,0,283
24.5,8,9,1,285
24.5,8,9,2,286
24.5,8,9,3,287
24.5,8,9,4,289
24.5,8,9,5,290
24.5,8,9,6,291
24.5,8,9,7,293
24.5,8,9,8,294
24.5,8,9,9,296
24.5,8,9,10,297
24.5,8,9,11,298
24.5,8,9,12,299
24.5,8,9,13,301
24.5,8,9,14,302
24.5,8,9,15,303
24.5,8,10,0,285
24.5,8,10,1,286
24.5,8,10,2,288
24.5,8,10,3,289
24.5,8,10,4,290
24.5,8,10,5,292
24.5,8,10,6,293
24.5,8,10,7,294
24.5,8,10,8,296
24.5,8,10,9,297
24.5,8,10,10,298
24.5,8,10,11,300
24.5,8,10,12,301
24.5,8,10,13,302
24.5,8,10,14,304
24.5,8,10,15,305
24.5,8,11,0,286
24.5,8,11,1,288
24.5,8,11,2,289
24.5,8,11,3,291
24.5,8,11,4,292
24.5,8,11,5,293
24.5,8,11,6,295
24.5,8,11,7,296
24.5,8,11,8,297
24.5,8,11,9,299
24.5,8,11,10,300
24.5,8,11,11,301
24.5,8,11,12,303
24.5,8,11,13,304
24.5,8,11,14,305
24.5,8,11,15,307
24.5,8,12,0,288
24.5,8,12,1,289
24.5,8,12,2,291
24.5,8,12,3,292
24.5,8,12,4,293
24.5,8,12,5,295
24.5,8,12,6,296
24.5,8,12,7,298
24.5,8,12,8,299
24.5,8,12,9,300
24.5,8,12,10,302
24.5,8,12,11,303
24.5,8,12,12,304
24.5,8,12,13,306
24.5,8,12,14,307
24.5,8,12,15,308
24.5,8,13,0,289
24.5,8,13,1,291
24.5,8,13,2,292
24.5,8,13,3,294
24.5,8,13,4,295
24.5,8,13,5,296
24.5,8,13,6,298
24.5,8,13,7,299
24.5,8,13,8,301
24.5,8,13,9,302
24.5,8,13,10,303
24.5,8,13,11,305
24.5,8,13,12,306
24.5,8,13,13,307
24.5,8,13,14,309
24.5,8,13,15,310
24.5,8,14,0,291
24.5,8,14,1,292
24.5,8,14,2,294
24.5,8,14,3,295
24.5,8,14,4,297
24.5,8,14,5,298
24.5,8,14,6,299
24.5,8,14,7,301
24.5,8,14,8,302
24.5,8,14,9,303
24.5,8,14,10,305
24.5,8,14,11,306
24.5,8,14,12,308
24.5,8,14,13,309
24.5,8,14,14,310
24.5,8,14,15,312
24.5,8,15,0,292
24.5,8,15,1,294
24.5,8,15,2,295
24.5,8,15,3,297
24.5,8,15,4,298
24.5,8,15,5,299
24.5,8,15,6,301
24.5,8,15,7,302
24.5,8,15,8,304
24.5,8,15,9,305
24.5,8,15,10,306
24.5,8,15,11,308
24.5,8,15,12,309
24.5,8,15,13,310
24.5,8,15,14,312
24.5,8,15,15,313
24.5,9,0,0,273
24.5,9,0,1,274
24.5,9,0,2,276
24.5,9,0,3,277
24.5,9,0,4,278
24.5,9,0,5,280
24.5,9,0,6,281
24.5,9,0,7,282
24.5,9,0,8,284
24.5,9,0,9,285
24.5,9,0,10,286
24.5,9,0,11,287
24.5,9,0,12,289
24.5,9,0,13,290
24.5,9,0,14,291
24.5,9,0,15,292
24.5,9,1,0,275
24.5,9,1,1,276
24.5,9,1,2,277
24.5,9,1,3,279
24.5,9,1,4,280
24.5,9,1,5,281
24.5,9,1,6,283
24.5,9,1,7,284
24.5,9,1,8,285
24.5,9,1,9,287
24.5,9,1,10,288
24.5,9,1,11,289
24.5,9,1,12,290
24.5,9,1,13,292
24.5,9,1,14,293
24.5,9,1,15,294
24.5,9,2,0,276
24.5,9,2,1,278
24.5,9,2,2,279
24.5,9,2,3,280
24.5,9,2,4,282
24.5,9,2,5,283
24.5,9,2,6,284
24.5,9,2,7,286
24.5,9,2,8,287
24.5,9,2,9,288
24.5,9,2,10,290
24.5,9,2,11,291
24.5,9,2,12,292
24.5,9,2,13,293
24.5,9,2,14,295
24.5,9,2,15,296
24.5,9,3,0,278
24.5,9,3,1,279
24.5,9,3,2,281
24.5,9,3,3,282
24.5,9,3,4,283
24.5,9,3,5,285
24.5,9,3,6,286
24.5,9,3,7,287
24.5,9,3,8,289
24.5,9,3,9,290
24.5,9,3,10,291
24.5,9,3,11,293
24.5,9,3,12,294
24.5,9,3,13,295
24.5,9,3,14,296
24.5,9,3,15,298
24.5,9,4,0,280
24.5,9,4,1,281
24.5,9,4,2,282
24.5,9,4,3,284
24.5,9,4,4,285
24.5,9,4,5,286
24.5,9,4,6,288
24.5,9,4,7,289
24.5,9,4,8,290
24.5,9,4,9,292
24.5,9,4,10,293
24.5,9,4,11,294
24.5,9,4,12,296
24.5,9,4,13,297
24.5,9,4,14,298
24.5,9,4,15,299
24.5,9,5,0,281
24.5,9,5,1,283
24.5,9,5,2,284
24.5,9,5,3,285
24.5,9,5,4,287
24.5,9,5,5,288
24.5,9,5,6,289
24.5,9,5,7,291
24.5,9,5,8,292
24.5,9,5,9,293
24.5,9,5,10,295
24.5,9,5,11,296
24.5,9,5,12,297
24.5,9,5,13,299
24.5,9,5,14,300
24.5,9,5,15,301
24.5,9,6,0,283
24.5,9,6,1,284
24.5,9,6,2,286
24.5,9,6,3,287
24.5,9,6,4,288
24.5,9,6,5,290
24.5,9,6,6,291
24.5,9,6,7,292
24.5,9,6,8,294
24.5,9,6,9,295
24.5,9,6,10,296
24.5,9,6,11,298
24.5,9,6,12,299
24.5,9,6,13,300
24.5,9,6,14,302
24.5,9,6,15,303
24.5,9,7,0,284
24.5,9,7,1,286
24.5,9,7,2,287
24.5,9,7,3,289
24.5,9,7,4,290
24.5,9,7,5,291
24.5,9,7,6,293
24.5,9,7,7,294
24.5,9,7,8,295
24.5,9,7,9,297
24.5,9,7,10,298
24.5,9,7,11,299
24.5,9,7,12,301
24.5,9,7,13,302
24.5,9,7,14,303
24.5,9,7,15,305
24.5,9,8,0,286
24.5,9,8,1,287
24.5,9,8,2,289
24.5,9,8,3,290
24.5,9,8,4,291
24.5,9,8,5,293
24.5,9,8,6,294
24.5,9,8,7,296
24.5,9,8,8,297
24.5,9,8,9,298
24.5,9,8,10,300
24.5,9,8,11,301
24.5,9,8,12,302
24.5,9,8,13,304
24.5,9,8,14,305
24.5,9,8,15,306
24.5,9,9,0,288
24.5,9,9,1,289
24.5,9,9,2,290
24.5,9,9,3,292
24.5,9,9,4,293
24.5,9,9,5,294
24.5,9,9,6,296
24.5,9,9,7,297
24.5,9,9,8,299
24.5,9,9,9,300
24.5,9,9,10,301
24.5,9,9,11,303
24.5,9,9,12,304
24.5,9,9,13,305
24.5,9,9,14,307
24.5,9,9,15,308
24.5,9,10,0,289
24.5,9,10,1,290
24.5,9,10,2,292
24.5,9,10,3,293
24.5,9,10,4,295
24.5,9,10,5,296
24.5,9,10,6,297
24.5,9,10,7,299
24.5,9,10,8,300
24.5,9,10,9,302
24.5,9,10,10,303
24.5,9,10,11,304
24.5,9,10,12,306
24.5,9,10,13,307
24.5,9,10,14,308
24.5,9,10,15,310
24.5,9,11,0,291
24.5,9,11,1,292
24.5,9,11,2,293
24.5,9,11,3,295
24.5,9,11,4,296
24.5,9,11,5,298
24.5,9,11,6,299
24.5,9,11,7,300
24.5,9,11,8,302
24.5,9,11,9,303
24.5,9,11,10,305
24.5,9,11,11,306
24.5,9,11,12,307
24.5,9,11,13,309
24.5,9,11,14,310
24.5,9,11,15,311
24.5,9,12,0,292
24.5,9,12,1,294
24.5,9,12,2,295
24.5,9,12,3,296
24.5,9,12,4,298
24.5,9,12,5,299
24.5,9,12,6,301
24.5,9,12,7,302
24.5,9,12,8,303
24.5,9,12,9,305
24.5,9,12,10,306
24.5,9,12,11,308
24.5,9,12,12,309
24.5,9,12,13,310
24.5,9,12,14,312
24.5,9,12,15,313
24.5,9,13,0,294
24.5,9,13,1,295
24.5,9,13,2,297
24.5,9,13,3,298
24.5,9,13,4,299
24.5,9,13,5,301
24.5,9,13,6,302
24.5,9,13,7,304
24.5,9,13,8,305
24.5,9,13,9,306
24.5,9,13,10,308
24.5,9,13,11,309
24.5,9,13,12,311
24.5,9,13,13,312
24.5,9,13,14,313
24.5,9,13,15,315
24.5,9,14,0,295
24.5,9,14,1,297
24.5,9,14,2,298
24.5,9,14,3,300
24.5,9,14,4,301
24.5,9,14,5,302
24.5,9,14,6,304
24.5,9,14,7,305
24.5,9,14,8,307
24.5,9,14,9,308
24.5,9,14,10,309
24.5,9,14,11,311
24.5,9,14,12,312
24.5,9,14,13,314
24.5,9,14,14,315
24.5,9,14,15,316
24.5,9,15,0,297
24.5,9,15,1,298
24.5,9,15,2,300
24.5,9,15,3,301
24.5,9,15,4,303
24.5,9,15,5,304
24.5,9,15,6,305
24.5,9,15,7,307
24.5,9,15,8,308
24.5,9,15,9,310
24.5,9,15,10,311
24.5,9,15,11,312
24.5,9,15,12,314
24.5,9,15,13,315
24.5,9,15,14,316
24.5,9,15,15,318
24.5,10,0,0,277
24.5,10,0,1,278
24.5,10,0,2,280
24.5,10,0,3,281
24.5,10,0,4,282
24.5,10,0,5,284
24.5,10,0,6,285
24.5,10,0,7,286
24.5,10,0,8,288
24.5,10,0,9,289
24.5,10,0,10,290
24.5,10,0,11,292
24.5,10,0,12,293
24.5,10,0,13,294
24.5,10,0,14,296
24.5,10,0,15,297
24.5,10,1,0,279
24.5,10,1,1,280
24.5,10,1,2,281
24.5,10,1,3,283
24.5,10,1,4,284
24.5,10,1,5,286
24.5,10,1,6,287
24.5,10,1,7,288
24.5,10,1,8,289
24.5,10,1,9,291
24.5,10,1,10,292
24.5,10,1,11,293
24.5,10,1,12,295
24.5,10,1,13,296
24.5,10,1,14,297
24.5,10,1,15,299
24.5,10,2,0,280
24.5,10,2,1,282
24.5,10,2,2,283
24.5,10,2,3,284
24.5,10,2,4,286
24.5,10,2,5,287
24.5,10,2,6,289
24.5,10,2,7,290
24.5,10,2,8,291
24.5,10,2,9,293
24.5,10,2,10,294
24.5,10,2,11,295
24.5,10,2,12,296
24.5,10,2,13,298
24.5,10,2,14,299
24.5,10,2,15,300
24.5,10,3,0,282
24.5,10,3,1,283
24.5,10,3,2,285
24.5,10,3,3,286
24.5,10,3,4,288
24.5,10,3,5,289
24.5,10,3,6,290
24.5,10,3,7,292
24.5,10,3,8,293
24.5,10,3,9,294
24.5,10,3,10,296
24.5,10,3,11,297
24.5,10,3,12,298
24.5,10,3,13,300
24.5,10,3,14,301
24.5,10,3,15,302
24.5,10,4,0,284
24.5,10,4,1,285
24.5,10,4,2,286
24.5,10,4,3,288
24.5,10,4,4,289
24.5,10,4,5,291
24.5,10,4,6,292
24.5,10,4,7,293
24.5,10,4,8,295
24.5,10,4,9,296
24.5,10,4,10,297
24.5,10,4,11,299
24.5,10,4,12,300
24.5,10,4,13,301
24.5,10,4,14,303
24.5,10,4,15,304
24.5,10,5,0,285
24.5,10,5,1,287
24.5,10,5,2,288
24.5,10,5,3,289
24.5,10,5,4,291
24.5,10,5,5,292
24.5,10,5,6,294
24.5,10,5,7,295
24.5,10,5,8,296
24.5,10,5,9,298
24.5,10,5,10,299
24.5,10,5,11,300
24.5,10,5,12,302
24.5,10,5,13,303
24.5,10,5,14,304
24.5,10,5,15,306
24.5,10,6,0,287
24.5,10,6,1,288
24.5,10,6,2,290
24.5,10,6,3,291
24.5,10,6,4,293
24.5,10,6,5,294
24.5,10,6,6,295
24.5,10,6,7,297
24.5,10,6,8,298
24.5,10,6,9,299
24.5,10,6,10,301
24.5,10,6,11,302
24.5,10,6,12,303
24.5,10,6,13,305
24.5,10,6,14,306
24.5,10,6,15,307
24.5,10,7,0,289
24.5,10,7,1,290
24.5,10,7,2,291
24.5,10,7,3,293
24.5,10,7,4,294
24.5,10,7,5,296
24.5,10,7,6,297
24.5,10,7,7,298
24.5,10,7,8,300
24.5,10,7,9,301
24.5,10,7,10,302
24.5,10,7,11,304
24.5,10,7,12,305
24.5,10,7,13,306
24.5,10,7,14,308
24.5,10,7,15,309
24.5,10,8,0,290
24.5,10,8,1,292
24.5,10,8,2,293
24.5,10,8,3,294
24.5,10,8,4,296
24.5,10,8,5,297
24.5,10,8,6,299
24.5,10,8,7,300
24.5,10,8,8,301
24.5,10,8,9,303
24.5,10,8,10,304
24.5,10,8,11,305
24.5,10,8,12,307
24.5,10,8,13,308
24.5,10,8,14,309
24.5,10,8,15,311
24.5,10,9,0,292
24.5,10,9,1,293
24.5,10,9,2,295
24.5,10,9,3,296
24.5,10,9,4,297
24.5,10,9,5,299
24.5,10,9,6,300
24.5,10,9,7,302
24.5,10,9,8,303
24.5,10,9,9,304
24.5,10,9,10,306
24.5,10,9,11,307
24.5,10,9,12,308
24.5,10,9,13,310
24.5,10,9,14,311
24.5,10,9,15,312
24.5,10,10,0,293
24.5,10,10,1,295
24.5,10,10,2,296
24.5,10,10,3,298
24.5,10,10,4,299
24.5,10,10,5,300
24.5,10,10,6,302
24.5,10,10,7,303
24.5,10,10,8,305
24.5,10,10,9,306
24.5,10,10,10,307
24.5,10,10,11,309
24.5,10,10,12,310
24.5,10,10,13,311
24.5,10,10,14,313
24.5,10,10,15,314
24.5,10,11,0,295
24.5,10,11,1,296
24.5,10,11,2,298
24.5,10,11,3,299
24.5,10,11,4,301
24.5,10,11,5,302
24.5,10,11,6,303
24.5,10,11,7,305
24.5,10,11,8,306
24.5,10,11,9,308
24.5,10,11,10,309
24.5,10,11,11,310
24.5,10,11,12,312
24.5,10,11,13,313
24.5,10,11,14,315
24.5,10,11,15,316
24.5,10,12,0,296
24.5,10,12,1,298
24.5,10,12,2,299
24.5,10,12,3,301
24.5,10,12,4,302
24.5,10,12,5,304
24.5,10,12,6,305
24.5,10,12,7,306
24.5,10,12,8,308
24.5,10,12,9,309
24.5,10,12,10,311
24.5,10,12,11,312
24.5,10,12,12,313
24.5,10,12,13,315
24.5,10,12,14,316
24.5,10,12,15,318
24.5,10,13,0,298
24.5,10,13,1,299
24.5,10,13,2,301
24.5,10,13,3,302
24.5,10,13,4,304
24.5,10,13,5,305
24.5,10,13,6,307
24.5,10,13,7,308
24.5,10,13,8,310
24.5,10,13,9,311
24.5,10,13,10,312
24.5,10,13,11,314
24.5,10,13,12,315
24.5,10,13,13,316
24.5,10,13,14,318
24.5,10,13,15,319
24.5,10,14,0,300
24.5,10,14,1,301
24.5,10,14,2,302
24.5,10,14,3,304
24.5,10,14,4,305
24.5,10,14,5,307
24.5,10,14,6,308
24.5,10,14,7,310
24.5,10,14,8,311
24.5,10,14,9,313
24.5,10,14,10,314
24.5,10,14,11,315
24.5,10,14,12,317
24.5,10,14,13,318
24.5,10,14,14,320
24.5,10,14,15,321
24.5,10,15,0,301
24.5,10,15,1,303
24.5,10,15,2,304
24.5,10,15,3,306
24.5,10,15,4,307
24.5,10,15,5,308
24.5,10,15,6,310
24.5,10,15,7,311
24.5,10,15,8,313
24.5,10,15,9,314
24.5,10,15,10,316
24.5,10,15,11,317
24.5,10,15,12,318
24.5,10,15,13,320
24.5,10,15,14,321
24.5,10,15,15,323
24.5,11,0,0,281
24.5,11,0,1,282
24.5,11,0,2,284
24.5,11,0,3,285
24.5,11,0,4,287
24.5,11,0,5,288
24.5,11,0,6,289
24.5,11,0,7,291
24.5,11,0,8,292
24.5,11,0,9,293
24.5,11,0,10,295
24.5,11,0,11,296
24.5,11,0,12,297
24.5,11,0,13,299
24.5,11,0,14,300
24.5,11,0,15,301
24.5,11,1,0,283
24.5,11,1,1,284
24.5,11,1,2,286
24.5,11,1,3,287
24.5,11,1,4,288
24.5,11,1,5,290
24.5,11,1,6,291
24.5,11,1,7,292
24.5,11,1,8,294
24.5,11,1,9,295
24.5,11,1,10,296
24.5,11,1,11,298
24.5,11,1,12,299
24.5,11,1,13,300
24.5,11,1,14,302
24.5,11,1,15,303
24.5,11,2,0,284
24.5,11,2,1,286
24.5,11,2,2,287
24.5,11,2,3,289
24.5,11,2,4,290
24.5,11,2,5,291
24.5,11,2,6,293
24.5,11,2,7,294
24.5,11,2,8,295
24.5,11,2,9,297
24.5,11,2,10,298
24.5,11,2,11,299
24.5,11,2,12,301
24.5,11,2,13,302
24.5,11,2,14,303
24.5,11,2,15,305
24.5,11,3,0,286
24.5,11,3,1,288
24.5,11,3,2,289
24.5,11,3,3,290
24.5,11,3,4,292
24.5,11,3,5,293
24.5,11,3,6,294
24.5,11,3,7,296
24.5,11,3,8,297
24.5,11,3,9,299
24.5,11,3,10,300
24.5,11,3,11,301
24.5,11,3,12,303
24.5,11,3,13,304
24.5,11,3,14,305
24.5,11,3,15,306
24.5,11,4,0,288
24.5,11,4,1,289
24.5,11,4,2,291
24.5,11,4,3,292
24.5,11,4,4,293
24.5,11,4,5,295
24.5,11,4,6,296
24.5,11,4,7,298
24.5,11,4,8,299
24.5,11,4,9,300
24.5,11,4,10,302
24.5,11,4,11,303
24.5,11,4,12,304
24.5,11,4,13,306
24.5,11,4,14,307
24.5,11,4,15,308
24.5,11,5,0,289
24.5,11,5,1,291
24.5,11,5,2,292
24.5,11,5,3,294
24.5,11,5,4,295
24.5,11,5,5,296
24.5,11,5,6,298
24.5,11,5,7,299
24.5,11,5,8,301
24.5,11,5,9,302
24.5,11,5,10,303
24.5,11,5,11,305
24.5,11,5,12,306
24.5,11,5,13,307
24.5,11,5,14,309
24.5,11,5,15,310
24.5,11,6,0,291
24.5,11,6,1,293
24.5,11,6,2,294
24.5,11,6,3,295
24.5,11,6,4,297
24.5,11,6,5,298
24.5,11,6,6,300
24.5,11,6,7,301
24.5,11,6,8,302
24.5,11,6,9,304
24.5,11,6,10,305
24.5,11,6,11,306
24.5,11,6,12,308
24.5,11,6,13,309
24.5,11,6,14,310
24.5,11,6,15,312
24.5,11,7,0,293
24.5,11,7,1,294
24.5,11,7,2,296
24.5,11,7,3,297
24.5,11,7,4,298
24.5,11,7,5,300
24.5,11,7,6,301
24.5,11,7,7,303
24.5,11,7,8,304
24.5,11,7,9,305
24.5,11,7,10,307
24.5,11,7,11,308
24.5,11,7,12,310
24.5,11,7,13,311
24.5,11,7,14,312
24.5,11,7,15,314
24.5,11,8,0,294
24.5,11,8,1,296
24.5,11,8,2,297
24.5,11,8,3,299
24.5,11,8,4,300
24.5,11,8,5,301
24.5,11,8,6,303
24.5,11,8,7,304
24.5,11,8,8,306
24.5,11,8,9,307
24.5,11,8,10,308
24.5,11,8,11,310
24.5,11,8,12,311
24.5,11,8,13,313
24.5,11,8,14,314
24.5,11,8,15,315
24.5,11,9,0,296
24.5,11,9,1,297
24.5,11,9,2,299
24.5,11,9,3,300
24.5,11,9,4,302
24.5,11,9,5,303
24.5,11,9,6,305
24.5,11,9,7,306
24.5,11,9,8,307
24.5,11,9,9,309
24.5,11,9,10,310
24.5,11,9,11,312
24.5,11,9,12,313
24.5,11,9,13,314
24.5,11,9,14,316
24.5,11,9,15,317
24.5,11,10,0,298
24.5,11,10,1,299
24.5,11,10,2,300
24.5,11,10,3,302
24.5,11,10,4,303
24.5,11,10,5,305
24.5,11,10,6,306
24.5,11,10,7,308
24.5,11,10,8,309
24.5,11,10,9,310
24.5,11,10,10,312
24.5,11,10,11,313
24.5,11,10,12,315
24.5,11,10,13,316
24.5,11,10,14,317
24.5,11,10,15,319
24.5,11,11,0,299
24.5,11,11,1,301
24.5,11,11,2,302
24.5,11,11,3,304
24.5,11,11,4,305
24.5,11,11,5,306
24.5,11,11,6,308
24.5,11,11,7,309
24.5,11,11,8,311
24.5,11,11,9,312
24.5,11,11,10,314
24.5,11,11,11,315
24.5,11,11,12,316
24.5,11,11,13,318
24.5,11,11,14,319
24.5,11,11,15,320
24.5,11,12,0,301
24.5,11,12,1,302
24.5,11,12,2,304
24.5,11,12,3,305
24.5,11,12,4,307
24.5,11,12,5,308
24.5,11,12,6,310
24.5,11,12,7,311
24.5,11,12,8,312
24.5,11,12,9,314
24.5,11,12,10,315
24.5,11,12,11,317
24.5,11,12,12,318
24.5,11,12,13,319
24.5,11,12,14,321
24.5,11,12,15,322
24.5,11,13,0,302
24.5,11,13,1,304
24.5,11,13,2,305
24.5,11,13,3,307
24.5,11,13,4,308
24.5,11,13,5,310
24.5,11,13,6,311
24.5,11,13,7,313
24.5,11,13,8,314
24.5,11,13,9,315
24.5,11,13,10,317
24.5,11,13,11,318
24.5,11,13,12,320
24.5,11,13,13,321
24.5,11,13,14,322
24.5,11,13,15,324
24.5,11,14,0,304
24.5,11,14,1,305
24.5,11,14,2,307
24.5,11,14,3,308
24.5,11,14,4,310
24.5,11,14,5,311
24.5,11,14,6,313
24.5,11,14,7,314
24.5,11,14,8,316
24.5,11,14,9,317
24.5,11,14,10,318
24.5,11,14,11,320
24.5,11,14,12,321
24.5,11,14,13,323
24.5,11,14,14,324
24.5,11,14,15,326
24.5,11,15,0,305
24.5,11,15,1,307
24.5,11,15,2,308
24.5,11,15,3,310
24.5,11,15,4,311
24.5,11,15,5,313
24.5,11,15,6,314
24.5,11,15,7,316
24.5,11,15,8,317
24.5,11,15,9,319
24.5,11,15,10,320
24.5,11,15,11,322
24.5,11,15,12,323
24.5,11,15,13,324
24.5,11,15,14,326
24.5,11,15,15,327
24.5,12,0,0,285
24.5,12,0,1,287
24.5,12,0,2,288
24.5,12,0,3,289
24.5,12,0,4,291
24.5,12,0,5,292
24.5,12,0,6,293
24.5,12,0,7,295
24.5,12,0,8,296
24.5,12,0,9,297
24.5,12,0,10,299
24.5,12,0,11,300
24.5,12,0,12,301
24.5,12,0,13,303
24.5,12,0,14,304
24.5,12,0,15,305
24.5,12,1,0,287
24.5,12,1,1,288
24.5,12,1,2,290
24.5,12,1,3,291
24.5,12,1,4,292
24.5,12,1,5,294
24.5,12,1,6,295
24.5,12,1,7,297
24.5,12,1,8,298
24.5,12,1,9,299
24.5,12,1,10,301
24.5,12,1,11,302
24.5,12,1,12,303
24.5,12,1,13,305
24.5,12,1,14,306
24.5,12,1,15,307
24.5,12,2,0,289
24.5,12,2,1,290
24.5,12,2,2,291
24.5,12,2,3,293
24.5,12,2,4,294
24.5,12,2,5,296
24.5,12,2,6,297
24.5,12,2,7,298
24.5,12,2,8,300
24.5,12,2,9,301
24.5,12,2,10,302
24.5,12,2,11,304
24.5,12,2,12,305
24.5,12,2,13,306
24.5,12,2,14,308
24.5,12,2,15,309
24.5,12,3,0,290
24.5,12,3,1,292
24.5,12,3,2,293
24.5,12,3,3,294
24.5,12,3,4,296
24.5,12,3,5,297
24.5,12,3,6,299
24.5,12,3,7,300
24.5,12,3,8,301
24.5,12,3,9,303
24.5,12,3,10,304
24.5,12,3,11,306
24.5,12,3,12,307
24.5,12,3,13,308
24.5,12,3,14,310
24.5,12,3,15,311
24.5,12,4,0,292
24.5,12,4,1,293
24.5,12,4,2,295
24.5,12,4,3,296
24.5,12,4,4,298
24.5,12,4,5,299
24.5,12,4,6,300
24.5,12,4,7,302
24.5,12,4,8,303
24.5,12,4,9,305
24.5,12,4,10,306
24.5,12,4,11,307
24.5,12,4,12,309
24.5,12,4,13,310
24.5,12,4,14,311
24.5,12,4,15,313
24.5,12,5,0,294
24.5,12,5,1,295
24.5,12,5,2,296
24.5,12,5,3,298
24.5,12,5,4,299
24.5,12,5,5,301
24.5,12,5,6,302
24.5,12,5,7,304
24.5,12,5,8,305
24.5,12,5,9,306
24.5,12,5,10,308
24.5,12,5,11,309
24.5,12,5,12,310
24.5,12,5,13,312
24.5,12,5,14,313
24.5,12,5,15,314
24.5,12,6,0,295
24.5,12,6,1,297
24.5,12,6,2,298
24.5,12,6,3,300
24.5,12,6,4,301
24.5,12,6,5,302
24.5,12,6,6,304
24.5,12,6,7,305
24.5,12,6,8,307
24.5,12,6,9,308
24.5,12,6,10,309
24.5,12,6,11,311
24.5,12,6,12,312
24.5,12,6,13,314
24.5,12,6,14,315
24.5,12,6,15,316
24.5,12,7,0,297
24.5,12,7,1,298
24.5,12,7,2,300
24.5,12,7,3,301
24.5,12,7,4,303
24.5,12,7,5,304
24.5,12,7,6,306
24.5,12,7,7,307
24.5,12,7,8,308
24.5,12,7,9,310
24.5,12,7,10,311
24.5,12,7,11,313
24.5,12,7,12,314
24.5,12,7,13,315
24.5,12,7,14,317
24.5,12,7,15,318
24.5,12,8,0,299
24.5,12,8,1,300
24.5,12,8,2,301
24.5,12,8,3,303
24.5,12,8,4,304
24.5,12,8,5,306
24.5,12,8,6,307
24.5,12,8,7,309
24.5,12,8,8,310
24.5,12,8,9,311
24.5,12,8,10,313
24.5,12,8,11,314
24.5,12,8,12,316
24.5,12,8,13,317
24.5,12,8,14,318
24.5,12,8,15,320
24.5,12,9,0,300
24.5,12,9,1,302
24.5,12,9,2,303
24.5,12,9,3,305
24.5,12,9,4,306
24.5,12,9,5,307
24.5,12,9,6,309
24.5,12,9,7,310
24.5,12,9,8,312
24.5,12,9,9,313
24.5,12,9,10,315
24.5,12,9,11,316
24.5,12,9,12,317
24.5,12,9,13,319
24.5,12,9,14,320
24.5,12,9,15,322
24.5,12,10,0,302
24.5,12,10,1,303
24.5,12,10,2,305
24.5,12,10,3,306
24.5,12,10,4,308
24.5,12,10,5,309
24.5,12,10,6,311
24.5,12,10,7,312
24.5,12,10,8,313
24.5,12,10,9,315
24.5,12,10,10,316
24.5,12,10,11,318
24.5,12,10,12,319
24.5,12,10,13,321
24.5,12,10,14,322
24.5,12,10,15,323
24.5,12,11,0,303
24.5,12,11,1,305
24.5,12,11,2,306
24.5,12,11,3,308
24.5,12,11,4,309
24.5,12,11,5,311
24.5,12,11,6,312
24.5,12,11,7,314
24.5,12,11,8,315
24.5,12,11,9,317
24.5,12,11,10,318
24.5,12,11,11,319
24.5,12,11,12,321
24.5,12,11,13,322
24.5,12,11,14,324
24.5,12,11,15,325
24.5,12,12,0,305
24.5,12,12,1,307
24.5,12,12,2,308
24.5,12,12,3,310
24.5,12,12,4,311
24.5,12,12,5,312
24.5,12,12,6,314
24.5,12,12,7,315
24.5,12,12,8,317
24.5,12,12,9,318
24.5,12,12,10,320
24.5,12,12,11,321
24.5,12,12,12,323
24.5,12,12,13,324
24.5,12,12,14,325
24.5,12,12,15,327
24.5,12,13,0,307
24.5,12,13,1,308
24.5,12,13,2,310
24.5,12,13,3,311
24.5,12,13,4,313
24.5,12,13,5,314
24.5,12,13,6,316
24.5,12,13,7,317
24.5,12,13,8,318
24.5,12,13,9,320
24.5,12,13,10,321
24.5,12,13,11,323
24.5,12,13,12,324
24.5,12,13,13,326
24.5,12,13,14,327
24.5,12,13,15,328
24.5,12,14,0,308
24.5,12,14,1,310
24.5,12,14,2,311
24.5,12,14,3,313
24.5,12,14,4,314
24.5,12,14,5,316
24.5,12,14,6,317
24.5,12,14,7,319
24.5,12,14,8,320
24.5,12,14,9,322
24.5,12,14,10,323
24.5,12,14,11,324
24.5,12,14,12,326
24.5,12,14,13,327
24.5,12,14,14,329
24.5,12,14,15,330
24.5,12,15,0,310
24.5,12,15,1,311
24.5,12,15,2,313
24.5,12,15,3,314
24.5,12,15,4,316
24.5,12,15,5,317
24.5,12,15,6,319
24.5,12,15,7,320
24.5,12,15,8,322
24.5,12,15,9,323
24.5,12,15,10,325
24.5,12,15,11,326
24.5,12,15,12,328
24.5,12,15,13,329
24.5,12,15,14,330
24.5,12,15,15,332
24.5,13,0,0,289
24.5,13,0,1,291
24.5,13,0,2,292
24.5,13,0,3,293
24.5,13,0,4,295
24.5,13,0,5,296
24.5,13,0,6,298
24.5,13,0,7,299
24.5,13,0,8,300
24.5,13,0,9,302
24.5,13,0,10,303
24.5,13,0,11,304
24.5,13,0,12,306
24.5,13,0,13,307
24.5,13,0,14,308
24.5,13,0,15,310
24.5,13,1,0,291
24.5,13,1,1,292
24.5,13,1,2,294
24.5,13,1,3,295
24.5,13,1,4,297
24.5,13,1,5,298
24.5,13,1,6,299
24.5,13,1,7,301
24.5,13,1,8,302
24.5,13,1,9,303
24.5,13,1,10,305
24.5,13,1,11,306
24.5,13,1,12,308
24.5,13,1,13,309
24.5,13,1,14,310
24.5,13,1,15,312
24.5,13,2,0,293
24.5,13,2,1,294
24.5,13,2,2,295
24.5,13,2,3,297
24.5,13,2,4,298
24.5,13,2,5,300
24.5,13,2,6,301
24.5,13,2,7,303
24.5,13,2,8,304
24.5,13,2,9,305
24.5,13,2,10,307
24.5,13,2,11,308
24.5,13,2,12,309
24.5,13,2,13,311
24.5,13,2,14,312
24.5,13,2,15,313
24.5,13,3,0,294
24.5,13,3,1,296
24.5,13,3,2,297
24.5,13,3,3,299
24.5,13,3,4,300
24.5,13,3,5,301
24.5,13,3,6,303
24.5,13,3,7,304
24.5,13,3,8,306
24.5,13,3,9,307
24.5,13,3,10,308
24.5,13,3,11,310
24.5,13,3,12,311
24.5,13,3,13,313
24.5,13,3,14,314
24.5,13,3,15,315
24.5,13,4,0,296
24.5,13,4,1,297
24.5,13,4,2,299
24.5,13,4,3,300
24.5,13,4,4,302
24.5,13,4,5,303
24.5,13,4,6,305
24.5,13,4,7,306
24.5,13,4,8,307
24.5,13,4,9,309
24.5,13,4,10,310
24.5,13,4,11,312
24.5,13,4,12,313
24.5,13,4,13,314
24.5,13,4,14,316
24.5,13,4,15,317
24.5,13,5,0,298
24.5,13,5,1,299
24.5,13,5,2,301
24.5,13,5,3,302
24.5,13,5,4,304
24.5,13,5,5,305
24.5,13,5,6,306
24.5,13,5,7,308
24.5,13,5,8,309
24.5,13,5,9,311
24.5,13,5,10,312
24.5,13,5,11,313
24.5,13,5,12,315
24.5,13,5,13,316
24.5,13,5,14,318
24.5,13,5,15,319
24.5,13,6,0,299
24.5,13,6,1,301
24.5,13,6,2,302
24.5,13,6,3,304
24.5,13,6,4,305
24.5,13,6,5,307
24.5,13,6,6,308
24.5,13,6,7,310
24.5,13,6,8,311
24.5,13,6,9,312
24.5,13,6,10,314
24.5,13,6,11,315
24.5,13,6,12,317
24.5,13,6,13,318
24.5,13,6,14,319
24.5,13,6,15,321
24.5,13,7,0,301
24.5,13,7,1,303
24.5,13,7,2,304
24.5,13,7,3,306
24.5,13,7,4,307
24.5,13,7,5,308
24.5,13,7,6,310
24.5,13,7,7,311
24.5,13,7,8,313
24.5,13,7,9,314
24.5,13,7,10,316
24.5,13,7,11,317
24.5,13,7,12,318
24.5,13,7,13,320
24.5,13,7,14,321
24.5,13,7,15,323
24.5,13,8,0,303
24.5,13,8,1,304
24.5,13,8,2,306
24.5,13,8,3,307
24.5,13,8,4,309
24.5,13,8,5,310
24.5,13,8,6,312
24.5,13,8,7,313
24.5,13,8,8,314
24.5,13,8,9,316
24.5,13,8,10,317
24.5,13,8,11,319
24.5,13,8,12,320
24.5,13,8,13,322
24.5,13,8,14,323
24.5,13,8,15,324
24.5,13,9,0,304
24.5,13,9,1,306
24.5,13,9,2,307
24.5,13,9,3,309
24.5,13,9,4,310
24.5,13,9,5,312
24.5,13,9,6,313
24.5,13,9,7,315
24.5,13,9,8,316
24.5,13,9,9,318
24.5,13,9,10,319
24.5,13,9,11,320
24.5,13,9,12,322
24.5,13,9,13,323
24.5,13,9,14,325
24.5,13,9,15,326
24.5,13,10,0,306
24.5,13,10,1,308
24.5,13,10,2,309
24.5,13,10,3,311
24.5,13,10,4,312
24.5,13,10,5,314
24.5,13,10,6,315
24.5,13,10,7,316
24.5,13,10,8,318
24.5,13,10,9,319
24.5,13,10,10,321
24.5,13,10,11,322
24.5,13,10,12,324
24.5,13,10,13,325
24.5,13,10,14,326
24.5,13,10,15,328
24.5,13,11,0,308
24.5,13,11,1,309
24.5,13,11,2,311
24.5,13,11,3,312
24.5,13,11,4,314
24.5,13,11,5,315
24.5,13,11,6,317
24.5,13,11,7,318
24.5,13,11,8,320
24.5,13,11,9,321
24.5,13,11,10,322
24.5,13,11,11,324
24.5,13,11,12,325
24.5,13,11,13,327
24.5,13,11,14,328
24.5,13,11,15,330
24.5,13,12,0,309
24.5,13,12,1,311
24.5,13,12,2,312
24.5,13,12,3,314
24.5,13,12,4,315
24.5,13,12,5,317
24.5,13,12,6,318
24.5,13,12,7,320
24.5,13,12,8,321
24.5,13,12,9,323
24.5,13,12,10,324
24.5,13,12,11,326
24.5,13,12,12,327
24.5,13,12,13,329
24.5,13,12,14,330
24.5,13,12,15,331
24.5,13,13,0,311
24.5,13,13,1,313
24.5,13,13,2,314
24.5,13,13,3,316
24.5,13,13,4,317
24.5,13,13,5,319
24.5,13,13,6,320
24.5,13,13,7,322
24.5,13,13,8,323
24.5,13,13,9,324
24.5,13,13,10,326
24.5,13,13,11,327
24.5,13,13,12,329
24.5,13,13,13,330
24.5,13,13,14,332
24.5,13,13,15,333
24.5,13,14,0,313
24.5,13,14,1,314
24.5,13,14,2,316
24.5,13,14,3,317
24.5,13,14,4,319
24.5,13,14,5,320
24.5,13,14,6,322
24.5,13,14,7,323
24.5,13,14,8,325
24.5,13,14,9,326
24.5,13,14,10,328
24.5,13,14,11,329
24.5,13,14,12,331
24.5,13,14,13,332
24.5,13,14,14,333
24.5,13,14,15,335
24.5,13,15,0,314
24.5,13,15,1,316
24.5,13,15,2,317
24.5,13,15,3,319
24.5,13,15,4,320
24.5,13,15,5,322
24.5,13,15,6,323
24.5,13,15,7,325
24.5,13,15,8,326
24.5,13,15,9,328
24.5,13,15,10,329
24.5,13,15,11,331
24.5,13,15,12,332
24.5,13,15,13,334
24.5,13,15,14,335
24.5,13,15,15,337
24.5,14,0,0,293
24.5,14,0,1,295
24.5,14,0,2,296
24.5,14,0,3,297
24.5,14,0,4,299
24.5,14,0,5,300
24.5,14,0,6,302
24.5,14,0,7,303
24.5,14,0,8,304
24.5,14,0,9,306
24.5,14,0,10,307
24.5,14,0,11,309
24.5,14,0,12,310
24.5,14,0,13,311
24.5,14,0,14,313
24.5,14,0,15,314
24.5,14,1,0,295
24.5,14,1,1,296
24.5,14,1,2,298
24.5,14,1,3,299
24.5,14,1,4,301
24.5,14,1,5,302
24.5,14,1,6,303
24.5,14,1,7,305
24.5,14,1,8,306
24.5,14,1,9,308
24.5,14,1,10,309
24.5,14,1,11,310
24.5,14,1,12,312
24.5,14,1,13,313
24.5,14,1,14,315
24.5,14,1,15,316
24.5,14,2,0,297
24.5,14,2,1,298
24.5,14,2,2,300
24.5,14,2,3,301
24.5,14,2,4,302
24.5,14,2,5,304
24.5,14,2,6,305
24.5,14,2,7,307
24.5,14,2,8,308
24.5,14,2,9,310
24.5,14,2,10,311
24.5,14,2,11,312
24.5,14,2,12,314
24.5,14,2,13,315
24.5,14,2,14,316
24.5,14,2,15,318
24.5,14,3,0,298
24.5,14,3,1,300
24.5,14,3,2,301
24.5,14,3,3,303
24.5,14,3,4,304
24.5,14,3,5,306
24.5,14,3,6,307
24.5,14,3,7,309
24.5,14,3,8,310
24.5,14,3,9,311
24.5,14,3,10,313
24.5,14,3,11,314
24.5,14,3,12,316
24.5,14,3,13,317
24.5,14,3,14,318
24.5,14,3,15,320
24.5,14,4,0,300
24.5,14,4,1,302
24.5,14,4,2,303
24.5,14,4,3,305
24.5,14,4,4,306
24.5,14,4,5,307
24.5,14,4,6,309
24.5,14,4,7,310
24.5,14,4,8,312
24.5,14,4,9,313
24.5,14,4,10,315
24.5,14,4,11,316
24.5,14,4,12,317
24.5,14,4,13,319
24.5,14,4,14,320
24.5,14,4,15,322
24.5,14,5,0,302
24.5,14,5,1,303
24.5,14,5,2,305
24.5,14,5,3,306
24.5,14,5,4,308
24.5,14,5,5,309
24.5,14,5,6,311
24.5,14,5,7,312
24.5,14,5,8,314
24.5,14,5,9,315
24.5,14,5,10,316
24.5,14,5,11,318
24.5,14,5,12,319
24.5,14,5,13,321
24.5,14,5,14,322
24.5,14,5,15,323
24.5,14,6,0,304
24.5,14,6,1,305
24.5,14,6,2,307
24.5,14,6,3,308
24.5,14,6,4,310
24.5,14,6,5,311
24.5,14,6,6,312
24.5,14,6,7,314
24.5,14,6,8,315
24.5,14,6,9,317
24.5,14,6,10,318
24.5,14,6,11,320
24.5,14,6,12,321
24.5,14,6,13,322
24.5,14,6,14,324
24.5,14,6,15,325
24.5,14,7,0,305
24.5,14,7,1,307
24.5,14,7,2,308
24.5,14,7,3,310
24.5,14,7,4,311
24.5,14,7,5,313
24.5,14,7,6,314
24.5,14,7,7,316
24.5,14,7,8,317
24.5,14,7,9,319
24.5,14,7,10,320
24.5,14,7,11,321
24.5,14,7,12,323
24.5,14,7,13,324
24.5,14,7,14,326
24.5,14,7,15,327
24.5,14,8,0,307
24.5,14,8,1,308
24.5,14,8,2,310
24.5,14,8,3,311
24.5,14,8,4,313
24.5,14,8,5,314
24.5,14,8,6,316
24.5,14,8,7,317
24.5,14,8,8,319
24.5,14,8,9,320
24.5,14,8,10,322
24.5,14,8,11,323
24.5,14,8,12,325
24.5,14,8,13,326
24.5,14,8,14,327
24.5,14,8,15,329
24.5,14,9,0,309
24.5,14,9,1,310
24.5,14,9,2,312
24.5,14,9,3,313
24.5,14,9,4,315
24.5,14,9,5,316
24.5,14,9,6,318
24.5,14,9,7,319
24.5,14,9,8,321
24.5,14,9,9,322
24.5,14,9,10,323
24.5,14,9,11,325
24.5,14,9,12,326
24.5,14,9,13,328
24.5,14,9,14,329
24.5,14,9,15,331
24.5,14,10,0,310
24.5,14,10,1,312
24.5,14,10,2,313
24.5,14,10,3,315
24.5,14,10,4,316
24.5,14,10,5,318
24.5,14,10,6,319
24.5,14,10,7,321
24.5,14,10,8,322
24.5,14,10,9,324
24.5,14,10,10,325
24.5,14,10,11,327
24.5,14,10,12,328
24.5,14,10,13,330
24.5,14,10,14,331
24.5,14,10,15,332
24.5,14,11,0,312
24.5,14,11,1,314
24.5,14,11,2,315
24.5,14,11,3,317
24.5,14,11,4,318
24.5,14,11,5,320
24.5,14,11,6,321
24.5,14,11,7,323
24.5,14,11,8,324
24.5,14,11,9,326
24.5,14,11,10,327
24.5,14,11,11,328
24.5,14,11,12,330
24.5,14,11,13,331
24.5,14,11,14,333
24.5,14,11,15,334
24.5,14,12,0,314
24.5,14,12,1,315
24.5,14,12,2,317
24.5,14,12,3,318
24.5,14,12,4,320
24.5,14,12,5,321
24.5,14,12,6,323
24.5,14,12,7,324
24.5,14,12,8,326
24.5,14,12,9,327
24.5,14,12,10,329
24.5,14,12,11,330
24.5,14,12,12,332
24.5,14,12,13,333
24.5,14,12,14,335
24.5,14,12,15,336
24.5,14,13,0,315
24.5,14,13,1,317
24.5,14,13,2,318
24.5,14,13,3,320
24.5,14,13,4,321
24.5,14,13,5,323
24.5,14,13,6,324
24.5,14,13,7,326
24.5,14,13,8,327
24.5,14,13,9,329
24.5,14,13,10,330
24.5,14,13,11,332
24.5,14,13,12,333
24.5,14,13,13,335
24.5,14,13,14,336
24.5,14,13,15,338
24.5,14,14,0,317
24.5,14,14,1,319
24.5,14,14,2,320
24.5,14,14,3,322
24.5,14,14,4,323
24.5,14,14,5,325
24.5,14,14,6,326
24.5,14,14,7,328
24.5,14,14,8,329
24.5,14,14,9,331
24.5,14,14,10,332
24.5,14,14,11,334
24.5,14,14,12,335
24.5,14,14,13,337
24.5,14,14,14,338
24.5,14,14,15,340
24.5,14,15,0,319
24.5,14,15,1,320
24.5,14,15,2,322
24.5,14,15,3,323
24.5,14,15,4,325
24.5,14,15,5,326
24.5,14,15,6,328
24.5,14,15,7,329
24.5,14,15,8,331
24.5,14,15,9,332
24.5,14,15,10,334
24.5,14,15,11,335
24.5,14,15,12,337
24.5,14,15,13,338
24.5,14,15,14,340
24.5,14,15,15,341
24.5,15,0,0,297
24.5,15,0,1,299
24.5,15,0,2,300
24.5,15,0,3,302
24.5,15,0,4,303
24.5,15,0,5,304
24.5,15,0,6,306
24.5,15,0,7,307
24.5,15,0,8,309
24.5,15,0,9,310
24.5,15,0,10,311
24.5,15,0,11,313
24.5,15,0,12,314
24.5,15,0,13,316
24.5,15,0,14,317
24.5,15,0,15,318
24.5,15,1,0,299
24.5,15,1,1,300
24.5,15,1,2,302
24.5,15,1,3,303
24.5,15,1,4,305
24.5,15,1,5,306
24.5,15,1,6,308
24.5,15,1,7,309
24.5,15,1,8,310
24.5,15,1,9,312
24.5,15,1,10,313
24.5,15,1,11,315
24.5,15,1,12,316
24.5,15,1,13,317
24.5,15,1,14,319
24.5,15,1,15,320
24.5,15,2,0,301
24.5,15,2,1,302
24.5,15,2,2,304
24.5,15,2,3,305
24.5,15,2,4,307
24.5,15,2,5,308
24.5,15,2,6,309
24.5,15,2,7,311
24.5,15,2,8,312
24.5,15,2,9,314
24.5,15,2,10,315
24.5,15,2,11,317
24.5,15,2,12,318
24.5,15,2,13,319
24.5,15,2,14,321
24.5,15,2,15,322
24.5,15,3,0,303
24.5,15,3,1,304
24.5,15,3,2,305
24.5,15,3,3,307
24.5,15,3,4,308
24.5,15,3,5,310
24.5,15,3,6,311
24.5,15,3,7,313
24.5,15,3,8,314
24.5,15,3,9,316
24.5,15,3,10,317
24.5,15,3,11,318
24.5,15,3,12,320
24.5,15,3,13,321
24.5,15,3,14,323
24.5,15,3,15,324
24.5,15,4,0,304
24.5,15,4,1,306
24.5,15,4,2,307
24.5,15,4,3,309
24.5,15,4,4,310
24.5,15,4,5,312
24.5,15,4,6,313
24.5,15,4,7,315
24.5,15,4,8,316
24.5,15,4,9,317
24.5,15,4,10,319
24.5,15,4,11,320
24.5,15,4,12,322
24.5,15,4,13,323
24.5,15,4,14,325
24.5,15,4,15,326
24.5,15,5,0,306
24.5,15,5,1,308
24.5,15,5,2,309
24.5,15,5,3,310
24.5,15,5,4,312
24.5,15,5,5,313
24.5,15,5,6,315
24.5,15,5,7,316
24.5,15,5,8,318
24.5,15,5,9,319
24.5,15,5,10,321
24.5,15,5,11,322
24.5,15,5,12,324
24.5,15,5,13,325
24.5,15,5,14,326
24.5,15,5,15,328
24.5,15,6,0,308
24.5,15,6,1,309
24.5,15,6,2,311
24.5,15,6,3,312
24.5,15,6,4,314
24.5,15,6,5,315
24.5,15,6,6,317
24.5,15,6,7,318
24.5,15,6,8,320
24.5,15,6,9,321
24.5,15,6,10,323
24.5,15,6,11,324
24.5,15,6,12,325
24.5,15,6,13,327
24.5,15,6,14,328
24.5,15,6,15,330
24.5,15,7,0,309
24.5,15,7,1,311
24.5,15,7,2,313
24.5,15,7,3,314
24.5,15,7,4,316
24.5,15,7,5,317
24.5,15,7,6,318
24.5,15,7,7,320
24.5,15,7,8,321
24.5,15,7,9,323
24.5,15,7,10,324
24.5,15,7,11,326
24.5,15,7,12,327
24.5,15,7,13,329
24.5,15,7,14,330
24.5,15,7,15,331
24.5,15,8,0,311
24.5,15,8,1,313
24.5,15,8,2,314
24.5,15,8,3,316
24.5,15,8,4,317
24.5,15,8,5,319
24.5,15,8,6,320
24.5,15,8,7,322
24.5,15,8,8,323
24.5,15,8,9,325
24.5,15,8,10,326
24.5,15,8,11,328
24.5,15,8,12,329
24.5,15,8,13,330
24.5,15,8,14,332
24.5,15,8,15,333
24.5,15,9,0,313
24.5,15,9,1,314
24.5,15,9,2,316
24.5,15,9,3,317
24.5,15,9,4,319
24.5,15,9,5,321
24.5,15,9,6,322
24.5,15,9,7,323
24.5,15,9,8,325
24.5,15,9,9,326
24.5,15,9,10,328
24.5,15,9,11,329
24.5,15,9,12,331
24.5,15,9,13,332
24.5,15,9,14,334
24.5,15,9,15,335
24.5,15,10,0,315
24.5,15,10,1,316
24.5,15,10,2,318
24.5,15,10,3,319
24.5,15,10,4,321
24.5,15,10,5,322
24.5,15,10,6,324
24.5,15,10,7,325
24.5,15,10,8,327
24.5,15,10,9,328
24.5,15,10,10,330
24.5,15,10,11,331
24.5,15,10,12,333
24.5,15,10,13,334
24.5,15,10,14,336
24.5,15,10,15,337
24.5,15,11,0,316
24.5,15,11,1,318
24.5,15,11,2,319
24.5,15,11,3,321
24.5,15,11,4,322
24.5,15,11,5,324
24.5,15,11,6,325
24.5,15,11,7,327
24.5,15,11,8,328
24.5,15,11,9,330
24.5,15,11,10,331
24.5,15,11,11,333
24.5,15,11,12,334
24.5,15,11,13,336
24.5,15,11,14,337
24.5,15,11,15,339
24.5,15,12,0,318
24.5,15,12,1,320
24.5,15,12,2,321
24.5,15,12,3,323
24.5,15,12,4,324
24.5,15,12,5,326
24.5,15,12,6,327
24.5,15,12,7,329
24.5,15,12,8,330
24.5,15,12,9,332
24.5,15,12,10,333
24.5,15,12,11,335
24.5,15,12,12,336
24.5,15,12,13,338
24.5,15,12,14,339
24.5,15,12,15,341
24.5,15,13,0,320
24.5,15,13,1,321
24.5,15,13,2,323
24.5,15,13,3,324
24.5,15,13,4,326
24.5,15,13,5,327
24.5,15,13,6,329
24.5,15,13,7,330
24.5,15,13,8,332
24.5,15,13,9,333
24.5,15,13,10,335
24.5,15,13,11,336
24.5,15,13,12,338
24.5,15,13,13,339
24.5,15,13,14,341
24.5,15,13,15,342
24.5,15,14,0,321
24.5,15,14,1,323
24.5,15,14,2,324
24.5,15,14,3,326
24.5,15,14,4,328
24.5,15,14,5,329
24.5,15,14,6,331
24.5,15,14,7,332
24.5,15,14,8,334
24.5,15,14,9,335
24.5,15,14,10,337
24.5,15,14,11,338
24.5,15,14,12,340
24.5,15,14,13,341
24.5,15,14,14,343
24.5,15,14,15,344
24.5,15,15,0,323
24.5,15,15,1,325
24.5,15,15,2,326
24.5,15,15,3,328
24.5,15,15,4,329
24.5,15,15,5,331
24.5,15,15,6,332
24.5,15,15,7,334
24.5,15,15,8,335
24.5,15,15,9,337
24.5,15,15,10,338
24.5,15,15,11,340
24.5,15,15,12,341
24.5,15,15,13,343
24.5,15,15,14,344
24.5,15,15,15,346
25.0,0,0,0,242
25.0,0,0,1,243
25.0,0,0,2,244
25.0,0,0,3,245
25.0,0,0,4,246
25.0,0,0,5,248
25.0,0,0,6,249
25.0,0,0,7,250
25.0,0,0,8,251
25.0,0,0,9,252
25.0,0,0,10,253
25.0,0,0,11,254
25.0,0,0,12,256
25.0,0,0,13,257
25.0,0,0,14,258
25.0,0,0,15,259
25.0,0,1,0,243
25.0,0,1,1,244
25.0,0,1,2,246
25.0,0,1,3,247
25.0,0,1,4,248
25.0,0,1,5,249
25.0,0,1,6,250
25.0,0,1,7,251
25.0,0,1,8,253
25.0,0,1,9,254
25.0,0,1,10,255
25.0,0,1,11,256
25.0,0,1,12,257
25.0,0,1,13,258
25.0,0,1,14,259
25.0,0,1,15,260
25.0,0,2,0,245
25.0,0,2,1,246
25.0,0,2,2,247
25.0,0,2,3,248
25.0,0,2,4,249
25.0,0,2,5,251
25.0,0,2,6,252
25.0,0,2,7,253
25.0,0,2,8,254
25.0,0,2,9,255
25.0,0,2,10,256
25.0,0,2,11,257
25.0,0,2,12,259
25.0,0,2,13,260
25.0,0,2,14,261
25.0,0,2,15,262
25.0,0,3,0,246
25.0,0,3,1,247
25.0,0,3,2,248
25.0,0,3,3,250
25.0,0,3,4,251
25.0,0,3,5,252
25.0,0,3,6,253
25.0,0,3,7,254
25.0,0,3,8,256
25.0,0,3,9,257
25.0,0,3,10,258
25.0,0,3,11,259
25.0,0,3,12,260
25.0,0,3,13,261
25.0,0,3,14,262
25.0,0,3,15,264
25.0,0,4,0,247
25.0,0,4,1,249
25.0,0,4,2,250
25.0,0,4,3,251
25.0,0,4,4,252
25.0,0,4,5,253
25.0,0,4,6,255
25.0,0,4,7,256
25.0,0,4,8,257
25.0,0,4,9,258
25.0,0,4,10,259
25.0,0,4,11,260
25.0,0,4,12,262
25.0,0,4,13,263
25.0,0,4,14,264
25.0,0,4,15,265
25.0,0,5,0,249
25.0,0,5,1,250
25.0,0,5,2,251
25.0,0,5,3,253
25.0,0,5,4,254
25.0,0,5,5,255
25.0,0,5,6,256
25.0,0,5,7,257
25.0,0,5,8,258
25.0,0,5,9,260
25.0,0,5,10,261
25.0,0,5,11,262
25.0,0,5,12,263
25.0,0,5,13,264
25.0,0,5,14,265
25.0,0,5,15,267
25.0,0,6,0,250
25.0,0,6,1,252
25.0,0,6,2,253
25.0,0,6,3,254
25.0,0,6,4,255
25.0,0,6,5,256
25.0,0,6,6,258
25.0,0,6,7,259
25.0,0,6,8,260
25.0,0,6,9,261
25.0,0,6,10,262
25.0,0,6,11,263
25.0,0,6,12,265
25.0,0,6,13,266
25.0,0,6,14,267
25.0,0,6,15,268
25.0,0,7,0,252
25.0,0,7,1,253
25.0,0,7,2,254
25.0,0,7,3,255
25.0,0,7,4,257
25.0,0,7,5,258
25.0,0,7,6,259
25.0,0,7,7,260
25.0,0,7,8,261
25.0,0,7,9,263
25.0,0,7,10,264
25.0,0,7,11,265
25.0,0,7,12,266
25.0,0,7,13,267
25.0,0,7,14,268
25.0,0,7,15,270
25.0,0,8,0,253
25.0,0,8,1,254
25.0,0,8,2,256
25.0,0,8,3,257
25.0,0,8,4,258
25.0,0,8,5,259
25.0,0,8,6,260
25.0,0,8,7,262
25.0,0,8,8,263
25.0,0,8,9,264
25.0,0,8,10,265
25.0,0,8,11,266
25.0,0,8,12,268
25.0,0,8,13,269
25.0,0,8,14,270
25.0,0,8,15,271
25.0,0,9,0,254
25.0,0,9,1,256
25.0,0,9,2,257
25.0,0,9,3,258
25.0,0,9,4,259
25.0,0,9,5,261
25.0,0,9,6,262
25.0,0,9,7,263
25.0,0,9,8,264
25.0,0,9,9,265
25.0,0,9,10,267
25.0,0,9,11,268
25.0,0,9,12,269
25.0,0,9,13,270
25.0,0,9,14,271
25.0,0,9,15,273
25.0,0,10,0,256
25.0,0,10,1,257
25.0,0,10,2,258
25.0,0,10,3,260
25.0,0,10,4,261
25.0,0,10,5,262
25.0,0,10,6,263
25.0,0,10,7,265
25.0,0,10,8,266
25.0,0,10,9,267
25.0,0,10,10,268
25.0,0,10,11,269
25.0,0,10,12,271
25.0,0,10,13,272
25.0,0,10,14,273
25.0,0,10,15,274
25.0,0,11,0,257
25.0,0,11,1,259
25.0,0,11,2,260
25.0,0,11,3,261
25.0,0,11,4,262
25.0,0,11,5,263
25.0,0,11,6,265
25.0,0,11,7,266
25.0,0,11,8,267
25.0,0,11,9,268
25.0,0,11,10,270
25.0,0,11,11,271
25.0,0,11,12,272
25.0,0,11,13,273
25.0,0,11,14,274
25.0,0,11,15,276
25.0,0,12,0,259
25.0,0,12,1,260
25.0,0,12,2,261
25.0,0,12,3,262
25.0,0,12,4,264
25.0,0,12,5,265
25.0,0,12,6,266
25.0,0,12,7,267
25.0,0,12,8,269
25.0,0,12,9,270
25.0,0,12,10,271
25.0,0,12,11,272
25.0,0,12,12,273
25.0,0,12,13,275
25.0,0,12,14,276
25.0,0,12,15,277
25.0,0,13,0,260
25.0,0,13,1,261
25.0,0,13,2,263
25.0,0,13,3,264
25.0,0,13,4,265
25.0,0,13,5,266
25.0,0,13,6,268
25.0,0,13,7,269
25.0,0,13,8,270
25.0,0,13,9,271
25.0,0,13,10,272
25.0,0,13,11,274
25.0,0,13,12,275
25.0,0,13,13,276
25.0,0,13,14,277
25.0,0,13,15,278
25.0,0,14,0,261
25.0,0,14,1,263
25.0,0,14,2,264
25.0,0,14,3,265
25.0,0,14,4,266
25.0,0,14,5,268
25.0,0,14,6,269
25.0,0,14,7,270
25.0,0,14,8,271
25.0,0,14,9,273
25.0,0,14,10,274
25.0,0,14,11,275
25.0,0,14,12,276
25.0,0,14,13,278
25.0,0,14,14,279
25.0,0,14,15,280
25.0,0,15,0,263
25.0,0,15,1,264
25.0,0,15,2,265
25.0,0,15,3,267
25.0,0,15,4,268
25.0,0,15,5,269
25.0,0,15,6,270
25.0,0,15,7,272
25.0,0,15,8,273
25.0,0,15,9,274
25.0,0,15,10,275
25.0,0,15,11,276
25.0,0,15,12,278
25.0,0,15,13,279
25.0,0,15,14,280
25.0,0,15,15,281
25.0,1,0,0,246
25.0,1,0,1,247
25.0,1,0,2,248
25.0,1,0,3,249
25.0,1,0,4,251
25.0,1,0,5,252
25.0,1,0,6,253
25.0,1,0,7,254
25.0,1,0,8,255
25.0,1,0,9,256
25.0,1,0,10,258
25.0,1,0,11,259
25.0,1,0,12,260
25.0,1,0,13,261
25.0,1,0,14,262
25.0,1,0,15,263
25.0,1,1,0,247
25.0,1,1,1,248
25.0,1,1,2,250
25.0,1,1,3,251
25.0,1,1,4,252
25.0,1,1,5,253
25.0,1,1,6,254
25.0,1,1,7,256
25.0,1,1,8,257
25.0,1,1,9,258
25.0,1,1,10,259
25.0,1,1,11,260
25.0,1,1,12,261
25.0,1,1,13,263
25.0,1,1,14,264
25.0,1,1,15,265
25.0,1,2,0,249
25.0,1,2,1,250
25.0,1,2,2,251
25.0,1,2,3,252
25.0,1,2,4,254
25.0,1,2,5,255
25.0,1,2,6,256
25.0,1,2,7,257
25.0,1,2,8,258
25.0,1,2,9,260
25.0,1,2,10,261
25.0,1,2,11,262
25.0,1,2,12,263
25.0,1,2,13,264
25.0,1,2,14,265
25.0,1,2,15,266
25.0,1,3,0,250
25.0,1,3,1,251
25.0,1,3,2,253
25.0,1,3,3,254
25.0,1,3,4,255
25.0,1,3,5,256
25.0,1,3,6,257
25.0,1,3,7,259
25.0,1,3,8,260
25.0,1,3,9,261
25.0,1,3,10,262
25.0,1,3,11,263
25.0,1,3,12,265
25.0,1,3,13,266
25.0,1,3,14,267
25.0,1,3,15,268
25.0,1,4,0,252
25.0,1,4,1,253
25.0,1,4,2,254
25.0,1,4,3,255
25.0,1,4,4,257
25.0,1,4,5,258
25.0,1,4,6,259
25.0,1,4,7,260
25.0,1,4,8,261
25.0,1,4,9,263
25.0,1,4,10,264
25.0,1,4,11,265
25.0,1,4,12,266
25.0,1,4,13,267
25.0,1,4,14,268
25.0,1,4,15,270
25.0,1,5,0,253
25.0,1,5,1,254
25.0,1,5,2,256
25.0,1,5,3,257
25.0,1,5,4,258
25.0,1,5,5,259
25.0,1,5,6,260
25.0,1,5,7,262
25.0,1,5,8,263
25.0,1,5,9,264
25.0,1,5,10,265
25.0,1,5,11,266
25.0,1,5,12,268
25.0,1,5,13,269
25.0,1,5,14,270
25.0,1,5,15,271
25.0,1,6,0,255
25.0,1,6,1,256
25.0,1,6,2,257
25.0,1,6,3,258
25.0,1,6,4,259
25.0,1,6,5,261
25.0,1,6,6,262
25.0,1,6,7,263
25.0,1,6,8,264
25.0,1,6,9,266
25.0,1,6,10,267
25.0,1,6,11,268
25.0,1,6,12,269
25.0,1,6,13,270
25.0,1,6,14,271
25.0,1,6,15,273
25.0,1,7,0,256
25.0,1,7,1,257
25.0,1,7,2,258
25.0,1,7,3,260
25.0,1,7,4,261
25.0,1,7,5,262
25.0,1,7,6,263
25.0,1,7,7,265
25.0,1,7,8,266
25.0,1,7,9,267
25.0,1,7,10,268
25.0,1,7,11,269
25.0,1,7,12,271
25.0,1,7,13,272
25.0,1,7,14,273
25.0,1,7,15,274
25.0,1,8,0,257
25.0,1,8,1,259
25.0,1,8,2,260
25.0,1,8,3,261
25.0,1,8,4,262
25.0,1,8,5,264
25.0,1,8,6,265
25.0,1,8,7,266
25.0,1,8,8,267
25.0,1,8,9,269
25.0,1,8,10,270
25.0,1,8,11,271
25.0,1,8,12,272
25.0,1,8,13,273
25.0,1,8,14,275
25.0,1,8,15,276
25.0,1,9,0,259
25.0,1,9,1,260
25.0,1,9,2,261
25.0,1,9,3,263
25.0,1,9,4,264
25.0,1,9,5,265
25.0,1,9,6,266
25.0,1,9,7,268
25.0,1,9,8,269
25.0,1,9,9,270
25.0,1,9,10,271
25.0,1,9,11,272
25.0,1,9,12,274
25.0,1,9,13,275
25.0,1,9,14,276
25.0,1,9,15,277
25.0,1,10,0,260
25.0,1,10,1,261
25.0,1,10,2,263
25.0,1,10,3,264
25.0,1,10,4,265
25.0,1,10,5,267
25.0,1,10,6,268
25.0,1,10,7,269
25.0,1,10,8,270
25.0,1,10,9,271
25.0,1,10,10,273
25.0,1,10,11,274
25.0,1,10,12,275
25.0,1,10,13,276
25.0,1,10,14,278
25.0,1,10,15,279
25.0,1,11,0,262
25.0,1,11,1,263
25.0,1,11,2,264
25.0,1,11,3,265
25.0,1,11,4,267
25.0,1,11,5,268
25.0,1,11,6,269
25.0,1,11,7,270
25.0,1,11,8,272
25.0,1,11,9,273
25.0,1,11,10,274
25.0,1,11,11,275
25.0,1,11,12,277
25.0,1,11,13,278
25.0,1,11,14,279
25.0,1,11,15,280
25.0,1,12,0,263
25.0,1,12,1,264
25.0,1,12,2,266
25.0,1,12,3,267
25.0,1,12,4,268
25.0,1,12,5,269
25.0,1,12,6,271
25.0,1,12,7,272
25.0,1,12,8,273
25.0,1,12,9,274
25.0,1,12,10,276
25.0,1,12,11,277
25.0,1,12,12,278
25.0,1,12,13,279
25.0,1,12,14,281
25.0,1,12,15,282
25.0,1,13,0,264
25.0,1,13,1,266
25.0,1,13,2,267
25.0,1,13,3,268
25.0,1,13,4,270
25.0,1,13,5,271
25.0,1,13,6,272
25.0,1,13,7,273
25.0,1,13,8,275
25.0,1,13,9,276
25.0,1,13,10,277
25.0,1,13,11,278
25.0,1,13,12,280
25.0,1,13,13,281
25.0,1,13,14,282
25.0,1,13,15,283
25.0,1,14,0,266
25.0,1,14,1,267
25.0,1,14,2,268
25.0,1,14,3,270
25.0,1,14,4,271
25.0,1,14,5,272
25.0,1,14,6,273
25.0,1,14,7,275
25.0,1,14,8,276
25.0,1,14,9,277
25.0,1,14,10,279
25.0,1,14,11,280
25.0,1,14,12,281
25.0,1,14,13,282
25.0,1,14,14,283
25.0,1,14,15,285
25.0,1,15,0,267
25.0,1,15,1,268
25.0,1,15,2,270
25.0,1,15,3,271
25.0,1,15,4,272
25.0,1,15,5,274
25.0,1,15,6,275
25.0,1,15,7,276
25.0,1,15,8,277
25.0,1,15,9,279
25.0,1,15,10,280
25.0,1,15,11,281
25.0,1,15,12,282
25.0,1,15,13,284
25.0,1,15,14,285
25.0,1,15,15,286
25.0,2,0,0,250
25.0,2,0,1,251
25.0,2,0,2,252
25.0,2,0,3,254
25.0,2,0,4,255
25.0,2,0,5,256
25.0,2,0,6,257
25.0,2,0,7,258
25.0,2,0,8,260
25.0,2,0,9,261
25.0,2,0,10,262
25.0,2,0,11,263
25.0,2,0,12,264
25.0,2,0,13,265
25.0,2,0,14,267
25.0,2,0,15,268
25.0,2,1,0,251
25.0,2,1,1,253
25.0,2,1,2,254
25.0,2,1,3,255
25.0,2,1,4,256
25.0,2,1,5,258
25.0,2,1,6,259
25.0,2,1,7,260
25.0,2,1,8,261
25.0,2,1,9,262
25.0,2,1,10,263
25.0,2,1,11,265
25.0,2,1,12,266
25.0,2,1,13,267
25.0,2,1,14,268
25.0,2,1,15,269
25.0,2,2,0,253
25.0,2,2,1,254
25.0,2,2,2,255
25.0,2,2,3,257
25.0,2,2,4,258
25.0,2,2,5,259
25.0,2,2,6,260
25.0,2,2,7,261
25.0,2,2,8,263
25.0,2,2,9,264
25.0,2,2,10,265
25.0,2,2,11,266
25.0,2,2,12,267
25.0,2,2,13,269
25.0,2,2,14,270
25.0,2,2,15,271
25.0,2,3,0,254
25.0,2,3,1,256
25.0,2,3,2,257
25.0,2,3,3,258
25.0,2,3,4,259
25.0,2,3,5,261
25.0,2,3,6,262
25.0,2,3,7,263
25.0,2,3,8,264
25.0,2,3,9,265
25.0,2,3,10,267
25.0,2,3,11,268
25.0,2,3,12,269
25.0,2,3,13,270
25.0,2,3,14,271
25.0,2,3,15,272
25.0,2,4,0,256
25.0,2,4,1,257
25.0,2,4,2,258
25.0,2,4,3,260
25.0,2,4,4,261
25.0,2,4,5,262
25.0,2,4,6,263
25.0,2,4,7,265
25.0,2,4,8,266
25.0,2,4,9,267
25.0,2,4,10,268
25.0,2,4,11,269
25.0,2,4,12,271
25.0,2,4,13,272
25.0,2,4,14,273
25.0,2,4,15,274
25.0,2,5,0,257
25.0,2,5,1,259
25.0,2,5,2,260
25.0,2,5,3,261
25.0,2,5,4,262
25.0,2,5,5,264
25.0,2,5,6,265
25.0,2,5,7,266
25.0,2,5,8,267
25.0,2,5,9,268
25.0,2,5,10,270
25.0,2,5,11,271
25.0,2,5,12,272
25.0,2,5,13,273
25.0,2,5,14,274
25.0,2,5,15,276
25.0,2,6,0,259
25.0,2,6,1,260
25.0,2,6,2,261
25.0,2,6,3,263
25.0,2,6,4,264
25.0,2,6,5,265
25.0,2,6,6,266
25.0,2,6,7,268
25.0,2,6,8,269
25.0,2,6,9,270
25.0,2,6,10,271
25.0,2,6,11,272
25.0,2,6,12,274
25.0,2,6,13,275
25.0,2,6,14,276
25.0,2,6,15,277
25.0,2,7,0,260
25.0,2,7,1,262
25.0,2,7,2,263
25.0,2,7,3,264
25.0,2,7,4,265
25.0,2,7,5,267
25.0,2,7,6,268
25.0,2,7,7,269
25.0,2,7,8,270
25.0,2,7,9,272
25.0,2,7,10,273
25.0,2,7,11,274
25.0,2,7,12,275
25.0,2,7,13,276
25.0,2,7,14,278
25.0,2,7,15,279
25.0,2,8,0,262
25.0,2,8,1,263
25.0,2,8,2,264
25.0,2,8,3,266
25.0,2,8,4,267
25.0,2,8,5,268
25.0,2,8,6,269
25.0,2,8,7,271
25.0,2,8,8,272
25.0,2,8,9,273
25.0,2,8,10,274
25.0,2,8,11,275
25.0,2,8,12,277
25.0,2,8,13,278
25.0,2,8,14,279
25.0,2,8,15,280
25.0,2,9,0,263
25.0,2,9,1,264
25.0,2,9,2,266
25.0,2,9,3,267
25.0,2,9,4,268
25.0,2,9,5,270
25.0,2,9,6,271
25.0,2,9,7,272
25.0,2,9,8,273
25.0,2,9,9,275
25.0,2,9,10,276
25.0,2,9,11,277
25.0,2,9,12,278
25.0,2,9,13,279
25.0,2,9,14,281
25.0,2,9,15,282
25.0,2,10,0,265
25.0,2,10,1,266
25.0,2,10,2,267
25.0,2,10,3,268
25.0,2,10,4,270
25.0,2,10,5,271
25.0,2,10,6,272
25.0,2,10,7,274
25.0,2,10,8,275
25.0,2,10,9,276
25.0,2,10,10,277
25.0,2,10,11,278
25.0,2,10,12,280
25.0,2,10,13,281
25.0,2,10,14,282
25.0,2,10,15,283
25.0,2,11,0,266
25.0,2,11,1,267
25.0,2,11,2,269
25.0,2,11,3,270
25.0,2,11,4,271
25.0,2,11,5,272
25.0,2,11,6,274
25.0,2,11,7,275
25.0,2,11,8,276
25.0,2,11,9,277
25.0,2,11,10,279
25.0,2,11,11,280
25.0,2,11,12,281
25.0,2,11,13,282
25.0,2,11,14,284
25.0,2,11,15,285
25.0,2,12,0,267
25.0,2,12,1,269
25.0,2,12,2,270
25.0,2,12,3,271
25.0,2,12,4,273
25.0,2,12,5,274
25.0,2,12,6,275
25.0,2,12,7,276
25.0,2,12,8,278
25.0,2,12,9,279
25.0,2,12,10,280
25.0,2,12,11,281
25.0,2,12,12,283
25.0,2,12,13,284
25.0,2,12,14,285
25.0,2,12,15,286
25.0,2,13,0,269
25.0,2,13,1,270
25.0,2,13,2,271
25.0,2,13,3,273
25.0,2,13,4,274
25.0,2,13,5,275
25.0,2,13,6,277
25.0,2,13,7,278
25.0,2,13,8,279
25.0,2,13,9,280
25.0,2,13,10,282
25.0,2,13,11,283
25.0,2,13,12,284
25.0,2,13,13,285
25.0,2,13,14,287
25.0,2,13,15,288
25.0,2,14,0,270
25.0,2,14,1,272
25.0,2,14,2,273
25.0,2,14,3,274
25.0,2,14,4,275
25.0,2,14,5,277
25.0,2,14,6,278
25.0,2,14,7,279
25.0,2,14,8,281
25.0,2,14,9,282
25.0,2,14,10,283
25.0,2,14,11,284
25.0,2,14,12,286
25.0,2,14,13,287
25.0,2,14,14,288
25.0,2,14,15,289
25.0,2,15,0,272
25.0,2,15,1,273
25.0,2,15,2,274
25.0,2,15,3,276
25.0,2,15,4,277
25.0,2,15,5,278
25.0,2,15,6,279
25.0,2,15,7,281
25.0,2,15,8,282
25.0,2,15,9,283
25.0,2,15,10,285
25.0,2,15,11,286
25.0,2,15,12,287
25.0,2,15,13,288
25.0,2,15,14,290
25.0,2,15,15,291
25.0,3,0,0,254
25.0,3,0,1,255
25.0,3,0,2,256
25.0,3,0,3,258
25.0,3,0,4,259
25.0,3,0,5,260
25.0,3,0,6,261
25.0,3,0,7,263
25.0,3,0,8,264
25.0,3,0,9,265
25.0,3,0,10,266
25.0,3,0,11,267
25.0,3,0,12,269
25.0,3,0,13,270
25.0,3,0,14,271
25.0,3,0,15,272
25.0,3,1,0,256
25.0,3,1,1,257
25.0,3,1,2,258
25.0,3,1,3,259
25.0,3,1,4,261
25.0,3,1,5,262
25.0,3,1,6,263
25.0,3,1,7,264
25.0,3,1,8,265
25.0,3,1,9,267
25.0,3,1,10,268
25.0,3,1,11,269
25.0,3,1,12,270
25.0,3,1,13,271
25.0,3,1,14,273
25.0,3,1,15,274
25.0,3,2,0,257
25.0,3,2,1,258
25.0,3,2,2,260
25.0,3,2,3,261
25.0,3,2,4,262
25.0,3,2,5,263
25.0,3,2,6,265
25.0,3,2,7,266
25.0,3,2,8,267
25.0,3,2,9,268
25.0,3,2,10,269
25.0,3,2,11,271
25.0,3,2,12,272
25.0,3,2,13,273
25.0,3,2,14,274
25.0,3,2,15,275
25.0,3,3,0,259
25.0,3,3,1,260
25.0,3,3,2,261
25.0,3,3,3,262
25.0,3,3,4,264
25.0,3,3,5,265
25.0,3,3,6,266
25.0,3,3,7,267
25.0,3,3,8,269
25.0,3,3,9,270
25.0,3,3,10,271
25.0,3,3,11,272
25.0,3,3,12,273
25.0,3,3,13,275
25.0,3,3,14,276
25.0,3,3,15,277
25.0,3,4,0,260
25.0,3,4,1,261
25.0,3,4,2,263
25.0,3,4,3,264
25.0,3,4,4,265
25.0,3,4,5,266
25.0,3,4,6,268
25.0,3,4,7,269
25.0,3,4,8,270
25.0,3,4,9,271
25.0,3,4,10,273
25.0,3,4,11,274
25.0,3,4,12,275
25.0,3,4,13,276
25.0,3,4,14,277
25.0,3,4,15,279
25.0,3,5,0,262
25.0,3,5,1,263
25.0,3,5,2,264
25.0,3,5,3,265
25.0,3,5,4,267
25.0,3,5,5,268
25.0,3,5,6,269
25.0,3,5,7,270
25.0,3,5,8,272
25.0,3,5,9,273
25.0,3,5,10,274
25.0,3,5,11,275
25.0,3,5,12,277
25.0,3,5,13,278
25.0,3,5,14,279
25.0,3,5,15,280
25.0,3,6,0,263
25.0,3,6,1,264
25.0,3,6,2,266
25.0,3,6,3,267
25.0,3,6,4,268
25.0,3,6,5,269
25.0,3,6,6,271
25.0,3,6,7,272
25.0,3,6,8,273
25.0,3,6,9,274
25.0,3,6,10,276
25.0,3,6,11,277
25.0,3,6,12,278
25.0,3,6,13,279
25.0,3,6,14,281
25.0,3,6,15,282
25.0,3,7,0,265
25.0,3,7,1,266
25.0,3,7,2,267
25.0,3,7,3,268
25.0,3,7,4,270
25.0,3,7,5,271
25.0,3,7,6,272
25.0,3,7,7,273
25.0,3,7,8,275
25.0,3,7,9,276
25.0,3,7,10,277
25.0,3,7,11,278
25.0,3,7,12,280
25.0,3,7,13,281
25.0,3,7,14,282
25.0,3,7,15,283
25.0,3,8,0,266
25.0,3,8,1,267
25.0,3,8,2,269
25.0,3,8,3,270
25.0,3,8,4,271
25.0,3,8,5,272
25.0,3,8,6,274
25.0,3,8,7,275
25.0,3,8,8,276
25.0,3,8,9,277
25.0,3,8,10,279
25.0,3,8,11,280
25.0,3,8,12,281
25.0,3,8,13,282
25.0,3,8,14,284
25.0,3,8,15,285
25.0,3,9,0,267
25.0,3,9,1,269
25.0,3,9,2,270
25.0,3,9,3,271
25.0,3,9,4,273
25.0,3,9,5,274
25.0,3,9,6,275
25.0,3,9,7,276
25.0,3,9,8,278
25.0,3,9,9,279
25.0,3,9,10,280
25.0,3,9,11,282
25.0,3,9,12,283
25.0,3,9,13,284
25.0,3,9,14,285
25.0,3,9,15,286
25.0,3,10,0,269
25.0,3,10,1,270
25.0,3,10,2,272
25.0,3,10,3,273
25.0,3,10,4,274
25.0,3,10,5,275
25.0,3,10,6,277
25.0,3,10,7,278
25.0,3,10,8,279
25.0,3,10,9,281
25.0,3,10,10,282
25.0,3,10,11,283
25.0,3,10,12,284
25.0,3,10,13,286
25.0,3,10,14,287
25.0,3,10,15,288
25.0,3,11,0,270
25.0,3,11,1,272
25.0,3,11,2,273
25.0,3,11,3,274
25.0,3,11,4,276
25.0,3,11,5,277
25.0,3,11,6,278
25.0,3,11,7,279
25.0,3,11,8,281
25.0,3,11,9,282
25.0,3,11,10,283
25.0,3,11,11,285
25.0,3,11,12,286
25.0,3,11,13,287
25.0,3,11,14,288
25.0,3,11,15,290
25.0,3,12,0,272
25.0,3,12,1,273
25.0,3,12,2,274
25.0,3,12,3,276
25.0,3,12,4,277
25.0,3,12,5,278
25.0,3,12,6,280
25.0,3,12,7,281
25.0,3,12,8,282
25.0,3,12,9,284
25.0,3,12,10,285
25.0,3,12,11,286
25.0,3,12,12,287
25.0,3,12,13,289
25.0,3,12,14,290
25.0,3,12,15,291
25.0,3,13,0,273
25.0,3,13,1,275
25.0,3,13,2,276
25.0,3,13,3,277
25.0,3,13,4,279
25.0,3,13,5,280
25.0,3,13,6,281
25.0,3,13,7,282
25.0,3,13,8,284
25.0,3,13,9,285
25.0,3,13,10,286
25.0,3,13,11,288
25.0,3,13,12,289
25.0,3,13,13,290
25.0,3,13,14,291
25.0,3,13,15,293
25.0,3,14,0,275
25.0,3,14,1,276
25.0,3,14,2,277
25.0,3,14,3,279
25.0,3,14,4,280
25.0,3,14,5,281
25.0,3,14,6,283
25.0,3,14,7,284
25.0,3,14,8,285
25.0,3,14,9,287
25.0,3,14,10,288
25.0,3,14,11,289
25.0,3,14,12,290
25.0,3,14,13,292
25.0,3,14,14,293
25.0,3,14,15,294
25.0,3,15,0,276
25.0,3,15,1,277
25.0,3,15,2,279
25.0,3,15,3,280
25.0,3,15,4,281
25.0,3,15,5,283
25.0,3,15,6,284
25.0,3,15,7,285
25.0,3,15,8,287
25.0,3,15,9,288
25.0,3,15,10,289
25.0,3,15,11,291
25.0,3,15,12,292
25.0,3,15,13,293
25.0,3,15,14,294
25.0,3,15,15,296
25.0,4,0,0,258
25.0,4,0,1,259
25.0,4,0,2,261
25.0,4,0,3,262
25.0,4,0,4,263
25.0,4,0,5,264
25.0,4,0,6,266
25.0,4,0,7,267
25.0,4,0,8,268
25.0,4,0,9,269
25.0,4,0,10,270
25.0,4,0,11,272
25.0,4,0,12,273
25.0,4,0,13,274
25.0,4,0,14,275
25.0,4,0,15,276
25.0,4,1,0,260
25.0,4,1,1,261
25.0,4,1,2,262
25.0,4,1,3,263
25.0,4,1,4,265
25.0,4,1,5,266
25.0,4,1,6,267
25.0,4,1,7,268
25.0,4,1,8,270
25.0,4,1,9,271
25.0,4,1,10,272
25.0,4,1,11,273
25.0,4,1,12,275
25.0,4,1,13,276
25.0,4,1,14,277
25.0,4,1,15,278
25.0,4,2,0,261
25.0,4,2,1,262
25.0,4,2,2,264
25.0,4,2,3,265
25.0,4,2,4,266
25.0,4,2,5,268
25.0,4,2,6,269
25.0,4,2,7,270
25.0,4,2,8,271
25.0,4,2,9,273
25.0,4,2,10,274
25.0,4,2,11,275
25.0,4,2,12,276
25.0,4,2,13,277
25.0,4,2,14,279
25.0,4,2,15,280
25.0,4,3,0,263
25.0,4,3,1,264
25.0,4,3,2,265
25.0,4,3,3,267
25.0,4,3,4,268
25.0,4,3,5,269
25.0,4,3,6,270
25.0,4,3,7,272
25.0,4,3,8,273
25.0,4,3,9,274
25.0,4,3,10,275
25.0,4,3,11,277
25.0,4,3,12,278
25.0,4,3,13,279
25.0,4,3,14,280
25.0,4,3,15,281
25.0,4,4,0,264
25.0,4,4,1,266
25.0,4,4,2,267
25.0,4,4,3,268
25.0,4,4,4,269
25.0,4,4,5,271
25.0,4,4,6,272
25.0,4,4,7,273
25.0,4,4,8,274
25.0,4,4,9,276
25.0,4,4,10,277
25.0,4,4,11,278
25.0,4,4,12,279
25.0,4,4,13,281
25.0,4,4,14,282
25.0,4,4,15,283
25.0,4,5,0,266
25.0,4,5,1,267
25.0,4,5,2,268
25.0,4,5,3,270
25.0,4,5,4,271
25.0,4,5,5,272
25.0,4,5,6,274
25.0,4,5,7,275
25.0,4,5,8,276
25.0,4,5,9,277
25.0,4,5,10,279
25.0,4,5,11,280
25.0,4,5,12,281
25.0,4,5,13,282
25.0,4,5,14,283
25.0,4,5,15,285
25.0,4,6,0,267
25.0,4,6,1,269
25.0,4,6,2,270
25.0,4,6,3,271
25.0,4,6,4,272
25.0,4,6,5,274
25.0,4,6,6,275
25.0,4,6,7,276
25.0,4,6,8,278
25.0,4,6,9,279
25.0,4,6,10,280
25.0,4,6,11,281
25.0,4,6,12,283
25.0,4,6,13,284
25.0,4,6,14,285
25.0,4,6,15,286
25.0,4,7,0,269
25.0,4,7,1,270
25.0,4,7,2,271
25.0,4,7,3,273
25.0,4,7,4,274
25.0,4,7,5,275
25.0,4,7,6,277
25.0,4,7,7,278
25.0,4,7,8,279
25.0,4,7,9,280
25.0,4,7,10,282
25.0,4,7,11,283
25.0,4,7,12,284
25.0,4,7,13,285
25.0,4,7,14,287
25.0,4,7,15,288
25.0,4,8,0,270
25.0,4,8,1,272
25.0,4,8,2,273
25.0,4,8,3,274
25.0,4,8,4,276
25.0,4,8,5,277
25.0,4,8,6,278
25.0,4,8,7,279
25.0,4,8,8,281
25.0,4,8,9,282
25.0,4,8,10,283
25.0,4,8,11,285
25.0,4,8,12,286
25.0,4,8,13,287
25.0,4,8,14,288
25.0,4,8,15,290
25.0,4,9,0,272
25.0,4,9,1,273
25.0,4,9,2,274
25.0,4,9,3,276
25.0,4,9,4,277
25.0,4,9,5,278
25.0,4,9,6,280
25.0,4,9,7,281
25.0,4,9,8,282
25.0,4,9,9,284
25.0,4,9,10,285
25.0,4,9,11,286
25.0,4,9,12,287
25.0,4,9,13,289
25.0,4,9,14,290
25.0,4,9,15,291
25.0,4,10,0,273
25.0,4,10,1,275
25.0,4,10,2,276
25.0,4,10,3,277
25.0,4,10,4,279
25.0,4,10,5,280
25.0,4,10,6,281
25.0,4,10,7,282
25.0,4,10,8,284
25.0,4,10,9,285
25.0,4,10,10,286
25.0,4,10,11,288
25.0,4,10,12,289
25.0,4,10,13,290
25.0,4,10,14,291
25.0,4,10,15,293
25.0,4,11,0,275
25.0,4,11,1,276
25.0,4,11,2,277
25.0,4,11,3,279
25.0,4,11,4,280
25.0,4,11,5,281
25.0,4,11,6,283
25.0,4,11,7,284
25.0,4,11,8,285
25.0,4,11,9,287
25.0,4,11,10,288
25.0,4,11,11,289
25.0,4,11,12,290
25.0,4,11,13,292
25.0,4,11,14,293
25.0,4,11,15,294
25.0,4,12,0,276
25.0,4,12,1,278
25.0,4,12,2,279
25.0,4,12,3,280
25.0,4,12,4,282
25.0,4,12,5,283
25.0,4,12,6,284
25.0,4,12,7,286
25.0,4,12,8,287
25.0,4,12,9,288
25.0,4,12,10,289
25.0,4,12,11,291
25.0,4,12,12,292
25.0,4,12,13,293
25.0,4,12,14,295
25.0,4,12,15,296
25.0,4,13,0,278
25.0,4,13,1,279
25.0,4,13,2,280
25.0,4,13,3,282
25.0,4,13,4,283
25.0,4,13,5,284
25.0,4,13,6,286
25.0,4,13,7,287
25.0,4,13,8,288
25.0,4,13,9,290
25.0,4,13,10,291
25.0,4,13,11,292
25.0,4,13,12,294
25.0,4,13,13,295
25.0,4,13,14,296
25.0,4,13,15,297
25.0,4,14,0,279
25.0,4,14,1,280
25.0,4,14,2,282
25.0,4,14,3,283
25.0,4,14,4,285
25.0,4,14,5,286
25.0,4,14,6,287
25.0,4,14,7,289
25.0,4,14,8,290
25.0,4,14,9,291
25.0,4,14,10,292
25.0,4,14,11,294
25.0,4,14,12,295
25.0,4,14,13,296
25.0,4,14,14,298
25.0,4,14,15,299
25.0,4,15,0,281
25.0,4,15,1,282
25.0,4,15,2,283
25.0,4,15,3,285
25.0,4,15,4,286
25.0,4,15,5,287
25.0,4,15,6,289
25.0,4,15,7,290
25.0,4,15,8,291
25.0,4,15,9,293
25.0,4,15,10,294
25.0,4,15,11,295
25.0,4,15,12,297
25.0,4,15,13,298
25.0,4,15,14,299
25.0,4,15,15,300
25.0,5,0,0,262
25.0,5,0,1,264
25.0,5,0,2,265
25.0,5,0,3,266
25.0,5,0,4,267
25.0,5,0,5,269
25.0,5,0,6,270
25.0,5,0,7,271
25.0,5,0,8,272
25.0,5,0,9,274
25.0,5,0,10,275
25.0,5,0,11,276
25.0,5,0,12,277
25.0,5,0,13,278
25.0,5,0,14,280
25.0,5,0,15,281
25.0,5,1,0,264
25.0,5,1,1,265
25.0,5,1,2,266
25.0,5,1,3,268
25.0,5,1,4,269
25.0,5,1,5,270
25.0,5,1,6,271
25.0,5,1,7,273
25.0,5,1,8,274
25.0,5,1,9,275
25.0,5,1,10,276
25.0,5,1,11,278
25.0,5,1,12,279
25.0,5,1,13,280
25.0,5,1,14,281
25.0,5,1,15,283
25.0,5,2,0,265
25.0,5,2,1,267
25.0,5,2,2,268
25.0,5,2,3,269
25.0,5,2,4,271
25.0,5,2,5,272
25.0,5,2,6,273
25.0,5,2,7,274
25.0,5,2,8,276
25.0,5,2,9,277
25.0,5,2,10,278
25.0,5,2,11,279
25.0,5,2,12,281
25.0,5,2,13,282
25.0,5,2,14,283
25.0,5,2,15,284
25.0,5,3,0,267
25.0,5,3,1,268
25.0,5,3,2,270
25.0,5,3,3,271
25.0,5,3,4,272
25.0,5,3,5,273
25.0,5,3,6,275
25.0,5,3,7,276
25.0,5,3,8,277
25.0,5,3,9,278
25.0,5,3,10,280
25.0,5,3,11,281
25.0,5,3,12,282
25.0,5,3,13,283
25.0,5,3,14,285
25.0,5,3,15,286
25.0,5,4,0,268
25.0,5,4,1,270
25.0,5,4,2,271
25.0,5,4,3,272
25.0,5,4,4,274
25.0,5,4,5,275
25.0,5,4,6,276
25.0,5,4,7,278
25.0,5,4,8,279
25.0,5,4,9,280
25.0,5,4,10,281
25.0,5,4,11,283
25.0,5,4,12,284
25.0,5,4,13,285
25.0,5,4,14,286
25.0,5,4,15,288
25.0,5,5,0,270
25.0,5,5,1,271
25.0,5,5,2,273
25.0,5,5,3,274
25.0,5,5,4,275
25.0,5,5,5,277
25.0,5,5,6,278
25.0,5,5,7,279
25.0,5,5,8,280
25.0,5,5,9,282
25.0,5,5,10,283
25.0,5,5,11,284
25.0,5,5,12,285
25.0,5,5,13,287
25.0,5,5,14,288
25.0,5,5,15,289
25.0,5,6,0,272
25.0,5,6,1,273
25.0,5,6,2,274
25.0,5,6,3,276
25.0,5,6,4,277
25.0,5,6,5,278
25.0,5,6,6,279
25.0,5,6,7,281
25.0,5,6,8,282
25.0,5,6,9,283
25.0,5,6,10,285
25.0,5,6,11,286
25.0,5,6,12,287
25.0,5,6,13,288
25.0,5,6,14,290
25.0,5,6,15,291
25.0,5,7,0,273
25.0,5,7,1,274
25.0,5,7,2,276
25.0,5,7,3,277
25.0,5,7,4,278
25.0,5,7,5,280
25.0,5,7,6,281
25.0,5,7,7,282
25.0,5,7,8,284
25.0,5,7,9,285
25.0,5,7,10,286
25.0,5,7,11,287
25.0,5,7,12,289
25.0,5,7,13,290
25.0,5,7,14,291
25.0,5,7,15,292
25.0,5,8,0,275
25.0,5,8,1,276
25.0,5,8,2,277
25.0,5,8,3,279
25.0,5,8,4,280
25.0,5,8,5,281
25.0,5,8,6,283
25.0,5,8,7,284
25.0,5,8,8,285
25.0,5,8,9,286
25.0,5,8,10,288
25.0,5,8,11,289
25.0,5,8,12,290
25.0,5,8,13,292
25.0,5,8,14,293
25.0,5,8,15,294
25.0,5,9,0,276
25.0,5,9,1,277
25.0,5,9,2,279
25.0,5,9,3,280
25.0,5,9,4,281
25.0,5,9,5,283
25.0,5,9,6,284
25.0,5,9,7,285
25.0,5,9,8,287
25.0,5,9,9,288
25.0,5,9,10,289
25.0,5,9,11,291
25.0,5,9,12,292
25.0,5,9,13,293
25.0,5,9,14,294
25.0,5,9,15,296
25.0,5,10,0,278
25.0,5,10,1,279
25.0,5,10,2,280
25.0,5,10,3,282
25.0,5,10,4,283
25.0,5,10,5,284
25.0,5,10,6,286
25.0,5,10,7,287
25.0,5,10,8,288
25.0,5,10,9,290
25.0,5,10,10,291
25.0,5,10,11,292
25.0,5,10,12,293
25.0,5,10,13,295
25.0,5,10,14,296
25.0,5,10,15,297
25.0,5,11,0,279
25.0,5,11,1,280
25.0,5,11,2,282
25.0,5,11,3,283
25.0,5,11,4,285
25.0,5,11,5,286
25.0,5,11,6,287
25.0,5,11,7,289
25.0,5,11,8,290
25.0,5,11,9,291
25.0,5,11,10,292
25.0,5,11,11,294
25.0,5,11,12,295
25.0,5,11,13,296
25.0,5,11,14,298
25.0,5,11,15,299
25.0,5,12,0,281
25.0,5,12,1,282
25.0,5,12,2,283
25.0,5,12,3,285
25.0,5,12,4,286
25.0,5,12,5,287
25.0,5,12,6,289
25.0,5,12,7,290
25.0,5,12,8,291
25.0,5,12,9,293
25.0,5,12,10,294
25.0,5,12,11,295
25.0,5,12,12,297
25.0,5,12,13,298
25.0,5,12,14,299
25.0,5,12,15,301
25.0,5,13,0,282
25.0,5,13,1,283
25.0,5,13,2,285
25.0,5,13,3,286
25.0,5,13,4,288
25.0,5,13,5,289
25.0,5,13,6,290
25.0,5,13,7,292
25.0,5,13,8,293
25.0,5,13,9,294
25.0,5,13,10,296
25.0,5,13,11,297
25.0,5,13,12,298
25.0,5,13,13,300
25.0,5,13,14,301
25.0,5,13,15,302
25.0,5,14,0,284
25.0,5,14,1,285
25.0,5,14,2,286
25.0,5,14,3,288
25.0,5,14,4,289
25.0,5,14,5,290
25.0,5,14,6,292
25.0,5,14,7,293
25.0,5,14,8,294
25.0,5,14,9,296
25.0,5,14,10,297
25.0,5,14,11,298
25.0,5,14,12,300
25.0,5,14,13,301
25.0,5,14,14,302
25.0,5,14,15,304
25.0,5,15,0,285
25.0,5,15,1,286
25.0,5,15,2,288
25.0,5,15,3,289
25.0,5,15,4,291
25.0,5,15,5,292
25.0,5,15,6,293
25.0,5,15,7,295
25.0,5,15,8,296
25.0,5,15,9,297
25.0,5,15,10,299
25.0,5,15,11,300
25.0,5,15,12,301
25.0,5,15,13,303
25.0,5,15,14,304
25.0,5,15,15,305
25.0,6,0,0,266
25.0,6,0,1,268
25.0,6,0,2,269
25.0,6,0,3,270
25.0,6,0,4,272
25.0,6,0,5,273
25.0,6,0,6,274
25.0,6,0,7,275
25.0,6,0,8,277
25.0,6,0,9,278
25.0,6,0,10,279
25.0,6,0,11,280
25.0,6,0,12,282
25.0,6,0,13,283
25.0,6,0,14,284
25.0,6,0,15,285
25.0,6,1,0,268
25.0,6,1,1,269
25.0,6,1,2,271
25.0,6,1,3,272
25.0,6,1,4,273
25.0,6,1,5,274
25.0,6,1,6,276
25.0,6,1,7,277
25.0,6,1,8,278
25.0,6,1,9,280
25.0,6,1,10,281
25.0,6,1,11,282
25.0,6,1,12,283
25.0,6,1,13,285
25.0,6,1,14,286
25.0,6,1,15,287
25.0,6,2,0,270
25.0,6,2,1,271
25.0,6,2,2,272
25.0,6,2,3,273
25.0,6,2,4,275
25.0,6,2,5,276
25.0,6,2,6,277
25.0,6,2,7,279
25.0,6,2,8,280
25.0,6,2,9,281
25.0,6,2,10,282
25.0,6,2,11,284
25.0,6,2,12,285
25.0,6,2,13,286
25.0,6,2,14,287
25.0,6,2,15,289
25.0,6,3,0,271
25.0,6,3,1,272
25.0,6,3,2,274
25.0,6,3,3,275
25.0,6,3,4,276
25.0,6,3,5,278
25.0,6,3,6,279
25.0,6,3,7,280
25.0,6,3,8,282
25.0,6,3,9,283
25.0,6,3,10,284
25.0,6,3,11,285
25.0,6,3,12,287
25.0,6,3,13,288
25.0,6,3,14,289
25.0,6,3,15,290
25.0,6,4,0,273
25.0,6,4,1,274
25.0,6,4,2,275
25.0,6,4,3,277
25.0,6,4,4,278
25.0,6,4,5,279
25.0,6,4,6,281
25.0,6,4,7,282
25.0,6,4,8,283
25.0,6,4,9,284
25.0,6,4,10,286
25.0,6,4,11,287
25.0,6,4,12,288
25.0,6,4,13,290
25.0,6,4,14,291
25.0,6,4,15,292
25.0,6,5,0,274
25.0,6,5,1,276
25.0,6,5,2,277
25.0,6,5,3,278
25.0,6,5,4,280
25.0,6,5,5,281
25.0,6,5,6,282
25.0,6,5,7,284
25.0,6,5,8,285
25.0,6,5,9,286
25.0,6,5,10,287
25.0,6,5,11,289
25.0,6,5,12,290
25.0,6,5,13,291
25.0,6,5,14,292
25.0,6,5,15,294
25.0,6,6,0,276
25.0,6,6,1,277
25.0,6,6,2,278
25.0,6,6,3,280
25.0,6,6,4,281
25.0,6,6,5,282
25.0,6,6,6,284
25.0,6,6,7,285
25.0,6,6,8,286
25.0,6,6,9,288
25.0,6,6,10,289
25.0,6,6,11,290
25.0,6,6,12,292
25.0,6,6,13,293
25.0,6,6,14,294
25.0,6,6,15,295
25.0,6,7,0,277
25.0,6,7,1,279
25.0,6,7,2,280
25.0,6,7,3,281
25.0,6,7,4,283
25.0,6,7,5,284
25.0,6,7,6,285
25.0,6,7,7,287
25.0,6,7,8,288
25.0,6,7,9,289
25.0,6,7,10,291
25.0,6,7,11,292
25.0,6,7,12,293
25.0,6,7,13,295
25.0,6,7,14,296
25.0,6,7,15,297
25.0,6,8,0,279
25.0,6,8,1,280
25.0,6,8,2,282
25.0,6,8,3,283
25.0,6,8,4,284
25.0,6,8,5,286
25.0,6,8,6,287
25.0,6,8,7,288
25.0,6,8,8,290
25.0,6,8,9,291
25.0,6,8,10,292
25.0,6,8,11,294
25.0,6,8,12,295
25.0,6,8,13,296
25.0,6,8,14,297
25.0,6,8,15,299
25.0,6,9,0,280
25.0,6,9,1,282
25.0,6,9,2,283
25.0,6,9,3,285
25.0,6,9,4,286
25.0,6,9,5,287
25.0,6,9,6,289
25.0,6,9,7,290
25.0,6,9,8,291
25.0,6,9,9,293
25.0,6,9,10,294
25.0,6,9,11,295
25.0,6,9,12,296
25.0,6,9,13,298
25.0,6,9,14,299
25.0,6,9,15,300
25.0,6,10,0,282
25.0,6,10,1,283
25.0,6,10,2,285
25.0,6,10,3,286
25.0,6,10,4,287
25.0,6,10,5,289
25.0,6,10,6,290
25.0,6,10,7,291
25.0,6,10,8,293
25.0,6,10,9,294
25.0,6,10,10,295
25.0,6,10,11,297
25.0,6,10,12,298
25.0,6,10,13,299
25.0,6,10,14,301
25.0,6,10,15,302
25.0,6,11,0,283
25.0,6,11,1,285
25.0,6,11,2,286
25.0,6,11,3,288
25.0,6,11,4,289
25.0,6,11,5,290
25.0,6,11,6,292
25.0,6,11,7,293
25.0,6,11,8,294
25.0,6,11,9,296
25.0,6,11,10,297
25.0,6,11,11,298
25.0,6,11,12,300
25.0,6,11,13,301
25.0,6,11,14,302
25.0,6,11,15,304
25.0,6,12,0,285
25.0,6,12,1,286
25.0,6,12,2,288
25.0,6,12,3,289
25.0,6,12,4,291
25.0,6,12,5,292
25.0,6,12,6,293
25.0,6,12,7,295
25.0,6,12,8,296
25.0,6,12,9,297
25.0,6,12,10,299
25.0,6,12,11,300
25.0,6,12,12,301
25.0,6,12,13,303
25.0,6,12,14,304
25.0,6,12,15,305
25.0,6,13,0,286
25.0,6,13,1,288
25.0,6,13,2,289
25.0,6,13,3,291
25.0,6,13,4,292
25.0,6,13,5,293
25.0,6,13,6,295
25.0,6,13,7,296
25.0,6,13,8,297
25.0,6,13,9,299
25.0,6,13,10,300
25.0,6,13,11,302
25.0,6,13,12,303
25.0,6,13,13,304
25.0,6,13,14,306
25.0,6,13,15,307
25.0,6,14,0,288
25.0,6,14,1,289
25.0,6,14,2,291
25.0,6,14,3,292
25.0,6,14,4,294
25.0,6,14,5,295
25.0,6,14,6,296
25.0,6,14,7,298
25.0,6,14,8,299
25.0,6,14,9,300
25.0,6,14,10,302
25.0,6,14,11,303
25.0,6,14,12,304
25.0,6,14,13,306
25.0,6,14,14,307
25.0,6,14,15,308
25.0,6,15,0,289
25.0,6,15,1,291
25.0,6,15,2,292
25.0,6,15,3,294
25.0,6,15,4,295
25.0,6,15,5,296
25.0,6,15,6,298
25.0,6,15,7,299
25.0,6,15,8,301
25.0,6,15,9,302
25.0,6,15,10,303
25.0,6,15,11,305
25.0,6,15,12,306
25.0,6,15,13,307
25.0,6,15,14,309
25.0,6,15,15,310
25.0,7,0,0,270
25.0,7,0,1,272
25.0,7,0,2,273
25.0,7,0,3,274
25.0,7,0,4,276
25.0,7,0,5,277
25.0,7,0,6,278
25.0,7,0,7,280
25.0,7,0,8,281
25.0,7,0,9,282
25.0,7,0,10,283
25.0,7,0,11,285
25.0,7,0,12,286
25.0,7,0,13,287
25.0,7,0,14,288
25.0,7,0,15,290
25.0,7,1,0,272
25.0,7,1,1,273
25.0,7,1,2,275
25.0,7,1,3,276
25.0,7,1,4,277
25.0,7,1,5,279
25.0,7,1,6,280
25.0,7,1,7,281
25.0,7,1,8,283
25.0,7,1,9,284
25.0,7,1,10,285
25.0,7,1,11,286
25.0,7,1,12,288
25.0,7,1,13,289
25.0,7,1,14,290
25.0,7,1,15,291
25.0,7,2,0,274
25.0,7,2,1,275
25.0,7,2,2,276
25.0,7,2,3,278
25.0,7,2,4,279
25.0,7,2,5,280
25.0,7,2,6,282
25.0,7,2,7,283
25.0,7,2,8,284
25.0,7,2,9,286
25.0,7,2,10,287
25.0,7,2,11,288
25.0,7,2,12,289
25.0,7,2,13,291
25.0,7,2,14,292
25.0,7,2,15,293
25.0,7,3,0,275
25.0,7,3,1,277
25.0,7,3,2,278
25.0,7,3,3,279
25.0,7,3,4,281
25.0,7,3,5,282
25.0,7,3,6,283
25.0,7,3,7,285
25.0,7,3,8,286
25.0,7,3,9,287
25.0,7,3,10,288
25.0,7,3,11,290
25.0,7,3,12,291
25.0,7,3,13,292
25.0,7,3,14,294
25.0,7,3,15,295
25.0,7,4,0,277
25.0,7,4,1,278
25.0,7,4,2,280
25.0,7,4,3,281
25.0,7,4,4,282
25.0,7,4,5,284
25.0,7,4,6,285
25.0,7,4,7,286
25.0,7,4,8,288
25.0,7,4,9,289
25.0,7,4,10,290
25.0,7,4,11,291
25.0,7,4,12,293
25.0,7,4,13,294
25.0,7,4,14,295
25.0,7,4,15,297
25.0,7,5,0,278
25.0,7,5,1,280
25.0,7,5,2,281
25.0,7,5,3,283
25.0,7,5,4,284
25.0,7,5,5,285
25.0,7,5,6,287
25.0,7,5,7,288
25.0,7,5,8,289
25.0,7,5,9,291
25.0,7,5,10,292
25.0,7,5,11,293
25.0,7,5,12,294
25.0,7,5,13,296
25.0,7,5,14,297
25.0,7,5,15,298
25.0,7,6,0,280
25.0,7,6,1,281
25.0,7,6,2,283
25.0,7,6,3,284
25.0,7,6,4,285
25.0,7,6,5,287
25.0,7,6,6,288
25.0,7,6,7,290
25.0,7,6,8,291
25.0,7,6,9,292
25.0,7,6,10,293
25.0,7,6,11,295
25.0,7,6,12,296
25.0,7,6,13,297
25.0,7,6,14,299
25.0,7,6,15,300
25.0,7,7,0,282
25.0,7,7,1,283
25.0,7,7,2,284
25.0,7,7,3,286
25.0,7,7,4,287
25.0,7,7,5,288
25.0,7,7,6,290
25.0,7,7,7,291
25.0,7,7,8,292
25.0,7,7,9,294
25.0,7,7,10,295
25.0,7,7,11,296
25.0,7,7,12,298
25.0,7,7,13,299
25.0,7,7,14,300
25.0,7,7,15,302
25.0,7,8,0,283
25.0,7,8,1,285
25.0,7,8,2,286
25.0,7,8,3,287
25.0,7,8,4,289
25.0,7,8,5,290
25.0,7,8,6,291
25.0,7,8,7,293
25.0,7,8,8,294
25.0,7,8,9,295
25.0,7,8,10,297
25.0,7,8,11,298
25.0,7,8,12,299
25.0,7,8,13,301
25.0,7,8,14,302
25.0,7,8,15,303
25.0,7,9,0,285
25.0,7,9,1,286
25.0,7,9,2,288
25.0,7,9,3,289
25.0,7,9,4,290
25.0,7,9,5,292
25.0,7,9,6,293
25.0,7,9,7,294
25.0,7,9,8,296
25.0,7,9,9,297
25.0,7,9,10,298
25.0,7,9,11,300
25.0,7,9,12,301
25.0,7,9,13,302
25.0,7,9,14,304
25.0,7,9,15,305
25.0,7,10,0,286
25.0,7,10,1,288
25.0,7,10,2,289
25.0,7,10,3,290
25.0,7,10,4,292
25.0,7,10,5,293
25.0,7,10,6,295
25.0,7,10,7,296
25.0,7,10,8,297
25.0,7,10,9,299
25.0,7,10,10,300
25.0,7,10,11,301
25.0,7,10,12,303
25.0,7,10,13,304
25.0,7,10,14,305
25.0,7,10,15,307
25.0,7,11,0,288
25.0,7,11,1,289
25.0,7,11,2,291
25.0,7,11,3,292
25.0,7,11,4,293
25.0,7,11,5,295
25.0,7,11,6,296
25.0,7,11,7,298
25.0,7,11,8,299
25.0,7,11,9,300
25.0,7,11,10,302
25.0,7,11,11,303
25.0,7,11,12,304
25.0,7,11,13,306
25.0,7,11,14,307
25.0,7,11,15,308
25.0,7,12,0,289
25.0,7,12,1,291
25.0,7,12,2,292
25.0,7,12,3,294
25.0,7,12,4,295
25.0,7,12,5,296
25.0,7,12,6,298
25.0,7,12,7,299
25.0,7,12,8,301
25.0,7,12,9,302
25.0,7,12,10,303
25.0,7,12,11,305
25.0,7,12,12,306
25.0,7,12,13,307
25.0,7,12,14,309
25.0,7,12,15,310
25.0,7,13,0,291
25.0,7,13,1,292
25.0,7,13,2,294
25.0,7,13,3,295
25.0,7,13,4,297
25.0,7,13,5,298
25.0,7,13,6,299
25.0,7,13,7,301
25.0,7,13,8,302
25.0,7,13,9,303
25.0,7,13,10,305
25.0,7,13,11,306
25.0,7,13,12,308
25.0,7,13,13,309
25.0,7,13,14,310
25.0,7,13,15,312
25.0,7,14,0,292
25.0,7,14,1,294
25.0,7,14,2,295
25.0,7,14,3,297
25.0,7,14,4,298
25.0,7,14,5,299
25.0,7,14,6,301
25.0,7,14,7,302
25.0,7,14,8,304
25.0,7,14,9,305
25.0,7,14,10,306
25.0,7,14,11,308
25.0,7,14,12,309
25.0,7,14,13,310
25.0,7,14,14,312
25.0,7,14,15,313
25.0,7,15,0,294
25.0,7,15,1,295
25.0,7,15,2,297
25.0,7,15,3,298
25.0,7,15,4,300
25.0,7,15,5,301
25.0,7,15,6,302
25.0,7,15,7,304
25.0,7,15,8,305
25.0,7,15,9,307
25.0,7,15,10,308
25.0,7,15,11,309
25.0,7,15,12,311
25.0,7,15,13,312
25.0,7,15,14,313
25.0,7,15,15,315
25.0,8,0,0,275
25.0,8,0,1,276
25.0,8,0,2,277
25.0,8,0,3,279
25.0,8,0,4,280
25.0,8,0,5,281
25.0,8,0,6,283
25.0,8,0,7,284
25.0,8,0,8,285
25.0,8,0,9,286
25.0,8,0,10,288
25.0,8,0,11,289
25.0,8,0,12,290
25.0,8,0,13,292
25.0,8,0,14,293
25.0,8,0,15,294
25.0,8,1,0,276
25.0,8,1,1,278
25.0,8,1,2,279
25.0,8,1,3,280
25.0,8,1,4,282
25.0,8,1,5,283
25.0,8,1,6,284
25.0,8,1,7,286
25.0,8,1,8,287
25.0,8,1,9,288
25.0,8,1,10,289
25.0,8,1,11,291
25.0,8,1,12,292
25.0,8,1,13,293
25.0,8,1,14,295
25.0,8,1,15,296
25.0,8,2,0,278
25.0,8,2,1,279
25.0,8,2,2,281
25.0,8,2,3,282
25.0,8,2,4,283
25.0,8,2,5,285
25.0,8,2,6,286
25.0,8,2,7,287
25.0,8,2,8,289
25.0,8,2,9,290
25.0,8,2,10,291
25.0,8,2,11,292
25.0,8,2,12,294
25.0,8,2,13,295
25.0,8,2,14,296
25.0,8,2,15,298
25.0,8,3,0,279
25.0,8,3,1,281
25.0,8,3,2,282
25.0,8,3,3,284
25.0,8,3,4,285
25.0,8,3,5,286
25.0,8,3,6,288
25.0,8,3,7,289
25.0,8,3,8,290
25.0,8,3,9,292
25.0,8,3,10,293
25.0,8,3,11,294
25.0,8,3,12,295
25.0,8,3,13,297
25.0,8,3,14,298
25.0,8,3,15,299
25.0,8,4,0,281
25.0,8,4,1,282
25.0,8,4,2,284
25.0,8,4,3,285
25.0,8,4,4,287
25.0,8,4,5,288
25.0,8,4,6,289
25.0,8,4,7,291
25.0,8,4,8,292
25.0,8,4,9,293
25.0,8,4,10,295
25.0,8,4,11,296
25.0,8,4,12,297
25.0,8,4,13,298
25.0,8,4,14,300
25.0,8,4,15,301
25.0,8,5,0,283
25.0,8,5,1,284
25.0,8,5,2,285
25.0,8,5,3,287
25.0,8,5,4,288
25.0,8,5,5,290
25.0,8,5,6,291
25.0,8,5,7,292
25.0,8,5,8,294
25.0,8,5,9,295
25.0,8,5,10,296
25.0,8,5,11,298
25.0,8,5,12,299
25.0,8,5,13,300
25.0,8,5,14,302
25.0,8,5,15,303
25.0,8,6,0,284
25.0,8,6,1,286
25.0,8,6,2,287
25.0,8,6,3,288
25.0,8,6,4,290
25.0,8,6,5,291
25.0,8,6,6,293
25.0,8,6,7,294
25.0,8,6,8,295
25.0,8,6,9,297
25.0,8,6,10,298
25.0,8,6,11,299
25.0,8,6,12,301
25.0,8,6,13,302
25.0,8,6,14,303
25.0,8,6,15,305
25.0,8,7,0,286
25.0,8,7,1,287
25.0,8,7,2,289
25.0,8,7,3,290
25.0,8,7,4,291
25.0,8,7,5,293
25.0,8,7,6,294
25.0,8,7,7,296
25.0,8,7,8,297
25.0,8,7,9,298
25.0,8,7,10,300
25.0,8,7,11,301
25.0,8,7,12,302
25.0,8,7,13,304
25.0,8,7,14,305
25.0,8,7,15,306
25.0,8,8,0,287
25.0,8,8,1,289
25.0,8,8,2,290
25.0,8,8,3,292
25.0,8,8,4,293
25.0,8,8,5,294
25.0,8,8,6,296
25.0,8,8,7,297
25.0,8,8,8,299
25.0,8,8,9,300
25.0,8,8,10,301
25.0,8,8,11,303
25.0,8,8,12,304
25.0,8,8,13,305
25.0,8,8,14,307
25.0,8,8,15,308
25.0,8,9,0,289
25.0,8,9,1,290
25.0,8,9,2,292
25.0,8,9,3,293
25.0,8,9,4,295
25.0,8,9,5,296
25.0,8,9,6,297
25.0,8,9,7,299
25.0,8,9,8,300
25.0,8,9,9,302
25.0,8,9,10,303
25.0,8,9,11,304
25.0,8,9,12,306
25.0,8,9,13,307
25.0,8,9,14,308
25.0,8,9,15,310
25.0,8,10,0,291
25.0,8,10,1,292
25.0,8,10,2,293
25.0,8,10,3,295
25.0,8,10,4,296
25.0,8,10,5,298
25.0,8,10,6,299
25.0,8,10,7,300
25.0,8,10,8,302
25.0,8,10,9,303
25.0,8,10,10,305
25.0,8,10,11,306
25.0,8,10,12,307
25.0,8,10,13,309
25.0,8,10,14,310
25.0,8,10,15,311
25.0,8,11,0,292
25.0,8,11,1,294
25.0,8,11,2,295
25.0,8,11,3,296
25.0,8,11,4,298
25.0,8,11,5,299
25.0,8,11,6,301
25.0,8,11,7,302
25.0,8,11,8,303
25.0,8,11,9,305
25.0,8,11,10,306
25.0,8,11,11,308
25.0,8,11,12,309
25.0,8,11,13,310
25.0,8,11,14,312
25.0,8,11,15,313
25.0,8,12,0,294
25.0,8,12,1,295
25.0,8,12,2,297
25.0,8,12,3,298
25.0,8,12,4,299
25.0,8,12,5,301
25.0,8,12,6,302
25.0,8,12,7,304
25.0,8,12,8,305
25.0,8,12,9,306
25.0,8,12,10,308
25.0,8,12,11,309
25.0,8,12,12,311
25.0,8,12,13,312
25.0,8,12,14,313
25.0,8,12,15,315
25.0,8,13,0,295
25.0,8,13,1,297
25.0,8,13,2,298
25.0,8,13,3,300
25.0,8,13,4,301
25.0,8,13,5,302
25.0,8,13,6,304
25.0,8,13,7,305
25.0,8,13,8,307
25.0,8,13,9,308
25.0,8,13,10,309
25.0,8,13,11,311
25.0,8,13,12,312
25.0,8,13,13,314
25.0,8,13,14,315
25.0,8,13,15,316
25.0,8,14,0,297
25.0,8,14,1,298
25.0,8,14,2,300
25.0,8,14,3,301
25.0,8,14,4,303
25.0,8,14,5,304
25.0,8,14,6,305
25.0,8,14,7,307
25.0,8,14,8,308
25.0,8,14,9,310
25.0,8,14,10,311
25.0,8,14,11,312
25.0,8,14,12,314
25.0,8,14,13,315
25.0,8,14,14,317
25.0,8,14,15,318
25.0,8,15,0,298
25.0,8,15,1,300
25.0,8,15,2,301
25.0,8,15,3,303
25.0,8,15,4,304
25.0,8,15,5,306
25.0,8,15,6,307
25.0,8,15,7,308
25.0,8,15,8,310
25.0,8,15,9,311
25.0,8,15,10,313
25.0,8,15,11,314
25.0,8,15,12,315
25.0,8,15,13,317
25.0,8,15,14,318
25.0,8,15,15,320
25.0,9,0,0,279
25.0,9,0,1,280
25.0,9,0,2,281
25.0,9,0,3,283
25.0,9,0,4,284
25.0,9,0,5,285
25.0,9,0,6,287
25.0,9,0,7,288
25.0,9,0,8,289
25.0,9,0,9,291
25.0,9,0,10,292
25.0,9,0,11,293
25.0,9,0,12,295
25.0,9,0,13,296
25.0,9,0,14,297
25.0,9,0,15,298
25.0,9,1,0,280
25.0,9,1,1,282
25.0,9,1,2,283
25.0,9,1,3,284
25.0,9,1,4,286
25.0,9,1,5,287
25.0,9,1,6,288
25.0,9,1,7,290
25.0,9,1,8,291
25.0,9,1,9,292
25.0,9,1,10,294
25.0,9,1,11,295
25.0,9,1,12,296
25.0,9,1,13,298
25.0,9,1,14,299
25.0,9,1,15,300
25.0,9,2,0,282
25.0,9,2,1,283
25.0,9,2,2,285
25.0,9,2,3,286
25.0,9,2,4,287
25.0,9,2,5,289
25.0,9,2,6,290
25.0,9,2,7,292
25.0,9,2,8,293
25.0,9,2,9,294
25.0,9,2,10,296
25.0,9,2,11,297
25.0,9,2,12,298
25.0,9,2,13,299
25.0,9,2,14,301
25.0,9,2,15,302
25.0,9,3,0,284
25.0,9,3,1,285
25.0,9,3,2,286
25.0,9,3,3,288
25.0,9,3,4,289
25.0,9,3,5,291
25.0,9,3,6,292
25.0,9,3,7,293
25.0,9,3,8,295
25.0,9,3,9,296
25.0,9,3,10,297
25.0,9,3,11,299
25.0,9,3,12,300
25.0,9,3,13,301
25.0,9,3,14,303
25.0,9,3,15,304
25.0,9,4,0,285
25.0,9,4,1,287
25.0,9,4,2,288
25.0,9,4,3,289
25.0,9,4,4,291
25.0,9,4,5,292
25.0,9,4,6,294
25.0,9,4,7,295
25.0,9,4,8,296
25.0,9,4,9,298
25.0,9,4,10,299
25.0,9,4,11,300
25.0,9,4,12,302
25.0,9,4,13,303
25.0,9,4,14,304
25.0,9,4,15,306
25.0,9,5,0,287
25.0,9,5,1,288
25.0,9,5,2,290
25.0,9,5,3,291
25.0,9,5,4,293
25.0,9,5,5,294
25.0,9,5,6,295
25.0,9,5,7,297
25.0,9,5,8,298
25.0,9,5,9,299
25.0,9,5,10,301
25.0,9,5,11,302
25.0,9,5,12,303
25.0,9,5,13,305
25.0,9,5,14,306
25.0,9,5,15,307
25.0,9,6,0,289
25.0,9,6,1,290
25.0,9,6,2,291
25.0,9,6,3,293
25.0,9,6,4,294
25.0,9,6,5,296
25.0,9,6,6,297
25.0,9,6,7,298
25.0,9,6,8,300
25.0,9,6,9,301
25.0,9,6,10,302
25.0,9,6,11,304
25.0,9,6,12,305
25.0,9,6,13,306
25.0,9,6,14,308
25.0,9,6,15,309
25.0,9,7,0,290
25.0,9,7,1,292
25.0,9,7,2,293
25.0,9,7,3,294
25.0,9,7,4,296
25.0,9,7,5,297
25.0,9,7,6,299
25.0,9,7,7,300
25.0,9,7,8,301
25.0,9,7,9,303
25.0,9,7,10,304
25.0,9,7,11,305
25.0,9,7,12,307
25.0,9,7,13,308
25.0,9,7,14,309
25.0,9,7,15,311
25.0,9,8,0,292
25.0,9,8,1,293
25.0,9,8,2,295
25.0,9,8,3,296
25.0,9,8,4,297
25.0,9,8,5,299
25.0,9,8,6,300
25.0,9,8,7,302
25.0,9,8,8,303
25.0,9,8,9,304
25.0,9,8,10,306
25.0,9,8,11,307
25.0,9,8,12,308
25.0,9,8,13,310
25.0,9,8,14,311
25.0,9,8,15,313
25.0,9,9,0,293
25.0,9,9,1,295
25.0,9,9,2,296
25.0,9,9,3,298
25.0,9,9,4,299
25.0,9,9,5,300
25.0,9,9,6,302
25.0,9,9,7,303
25.0,9,9,8,305
25.0,9,9,9,306
25.0,9,9,10,307
25.0,9,9,11,309
25.0,9,9,12,310
25.0,9,9,13,312
25.0,9,9,14,313
25.0,9,9,15,314
25.0,9,10,0,295
25.0,9,10,1,296
25.0,9,10,2,298
25.0,9,10,3,299
25.0,9,10,4,301
25.0,9,10,5,302
25.0,9,10,6,304
25.0,9,10,7,305
25.0,9,10,8,306
25.0,9,10,9,308
25.0,9,10,10,309
25.0,9,10,11,310
25.0,9,10,12,312
25.0,9,10,13,313
25.0,9,10,14,315
25.0,9,10,15,316
25.0,9,11,0,297
25.0,9,11,1,298
25.0,9,11,2,299
25.0,9,11,3,301
25.0,9,11,4,302
25.0,9,11,5,304
25.0,9,11,6,305
25.0,9,11,7,307
25.0,9,11,8,308
25.0,9,11,9,309
25.0,9,11,10,311
25.0,9,11,11,312
25.0,9,11,12,314
25.0,9,11,13,315
25.0,9,11,14,316
25.0,9,11,15,318
25.0,9,12,0,298
25.0,9,12,1,300
25.0,9,12,2,301
25.0,9,12,3,302
25.0,9,12,4,304
25.0,9,12,5,305
25.0,9,12,6,307
25.0,9,12,7,308
25.0,9,12,8,310
25.0,9,12,9,311
25.0,9,12,10,312
25.0,9,12,11,314
25.0,9,12,12,315
25.0,9,12,13,317
25.0,9,12,14,318
25.0,9,12,15,319
25.0,9,13,0,300
25.0,9,13,1,301
25.0,9,13,2,303
25.0,9,13,3,304
25.0,9,13,4,306
25.0,9,13,5,307
25.0,9,13,6,308
25.0,9,13,7,310
25.0,9,13,8,311
25.0,9,13,9,313
25.0,9,13,10,314
25.0,9,13,11,315
25.0,9,13,12,317
25.0,9,13,13,318
25.0,9,13,14,320
25.0,9,13,15,321
25.0,9,14,0,301
25.0,9,14,1,303
25.0,9,14,2,304
25.0,9,14,3,306
25.0,9,14,4,307
25.0,9,14,5,309
25.0,9,14,6,310
25.0,9,14,7,311
25.0,9,14,8,313
25.0,9,14,9,314
25.0,9,14,10,316
25.0,9,14,11,317
25.0,9,14,12,319
25.0,9,14,13,320
25.0,9,14,14,321
25.0,9,14,15,323
25.0,9,15,0,303
25.0,9,15,1,304
25.0,9,15,2,306
25.0,9,15,3,307
25.0,9,15,4,309
25.0,9,15,5,310
25.0,9,15,6,312
25.0,9,15,7,313
25.0,9,15,8,314
25.0,9,15,9,316
25.0,9,15,10,317
25.0,9,15,11,319
25.0,9,15,12,320
25.0,9,15,13,322
25.0,9,15,14,323
25.0,9,15,15,324
25.0,10,0,0,283
25.0,10,0,1,284
25.0,10,0,2,286
25.0,10,0,3,287
25.0,10,0,4,288
25.0,10,0,5,290
25.0,10,0,6,291
25.0,10,0,7,292
25.0,10,0,8,294
25.0,10,0,9,295
25.0,10,0,10,296
25.0,10,0,11,298
25.0,10,0,12,299
25.0,10,0,13,300
25.0,10,0,14,302
25.0,10,0,15,303
25.0,10,1,0,284
25.0,10,1,1,286
25.0,10,1,2,287
25.0,10,1,3,289
25.0,10,1,4,290
25.0,10,1,5,291
25.0,10,1,6,293
25.0,10,1,7,294
25.0,10,1,8,295
25.0,10,1,9,297
25.0,10,1,10,298
25.0,10,1,11,299
25.0,10,1,12,301
25.0,10,1,13,302
25.0,10,1,14,303
25.0,10,1,15,305
25.0,10,2,0,286
25.0,10,2,1,288
25.0,10,2,2,289
25.0,10,2,3,290
25.0,10,2,4,292
25.0,10,2,5,293
25.0,10,2,6,294
25.0,10,2,7,296
25.0,10,2,8,297
25.0,10,2,9,299
25.0,10,2,10,300
25.0,10,2,11,301
25.0,10,2,12,303
25.0,10,2,13,304
25.0,10,2,14,305
25.0,10,2,15,306
25.0,10,3,0,288
25.0,10,3,1,289
25.0,10,3,2,291
25.0,10,3,3,292
25.0,10,3,4,293
25.0,10,3,5,295
25.0,10,3,6,296
25.0,10,3,7,298
25.0,10,3,8,299
25.0,10,3,9,300
25.0,10,3,10,302
25.0,10,3,11,303
25.0,10,3,12,304
25.0,10,3,13,306
25.0,10,3,14,307
25.0,10,3,15,308
25.0,10,4,0,289
25.0,10,4,1,291
25.0,10,4,2,292
25.0,10,4,3,294
25.0,10,4,4,295
25.0,10,4,5,297
25.0,10,4,6,298
25.0,10,4,7,299
25.0,10,4,8,301
25.0,10,4,9,302
25.0,10,4,10,303
25.0,10,4,11,305
25.0,10,4,12,306
25.0,10,4,13,307
25.0,10,4,14,309
25.0,10,4,15,310
25.0,10,5,0,291
25.0,10,5,1,293
25.0,10,5,2,294
25.0,10,5,3,295
25.0,10,5,4,297
25.0,10,5,5,298
25.0,10,5,6,300
25.0,10,5,7,301
25.0,10,5,8,302
25.0,10,5,9,304
25.0,10,5,10,305
25.0,10,5,11,306
25.0,10,5,12,308
25.0,10,5,13,309
25.0,10,5,14,311
25.0,10,5,15,312
25.0,10,6,0,293
25.0,10,6,1,294
25.0,10,6,2,296
25.0,10,6,3,297
25.0,10,6,4,298
25.0,10,6,5,300
25.0,10,6,6,301
25.0,10,6,7,303
25.0,10,6,8,304
25.0,10,6,9,305
25.0,10,6,10,307
25.0,10,6,11,308
25.0,10,6,12,310
25.0,10,6,13,311
25.0,10,6,14,312
25.0,10,6,15,314
25.0,10,7,0,294
25.0,10,7,1,296
25.0,10,7,2,297
25.0,10,7,3,299
25.0,10,7,4,300
25.0,10,7,5,302
25.0,10,7,6,303
25.0,10,7,7,304
25.0,10,7,8,306
25.0,10,7,9,307
25.0,10,7,10,309
25.0,10,7,11,310
25.0,10,7,12,311
25.0,10,7,13,313
25.0,10,7,14,314
25.0,10,7,15,315
25.0,10,8,0,296
25.0,10,8,1,298
25.0,10,8,2,299
25.0,10,8,3,300
25.0,10,8,4,302
25.0,10,8,5,303
25.0,10,8,6,305
25.0,10,8,7,306
25.0,10,8,8,307
25.0,10,8,9,309
25.0,10,8,10,310
25.0,10,8,11,312
25.0,10,8,12,313
25.0,10,8,13,314
25.0,10,8,14,316
25.0,10,8,15,317
25.0,10,9,0,298
25.0,10,9,1,299
25.0,10,9,2,301
25.0,10,9,3,302
25.0,10,9,4,303
25.0,10,9,5,305
25.0,10,9,6,306
25.0,10,9,7,308
25.0,10,9,8,309
25.0,10,9,9,311
25.0,10,9,10,312
25.0,10,9,11,313
25.0,10,9,12,315
25.0,10,9,13,316
25.0,10,9,14,318
25.0,10,9,15,319
25.0,10,10,0,299
25.0,10,10,1,301
25.0,10,10,2,302
25.0,10,10,3,304
25.0,10,10,4,305
25.0,10,10,5,307
25.0,10,10,6,308
25.0,10,10,7,309
25.0,10,10,8,311
25.0,10,10,9,312
25.0,10,10,10,314
25.0,10,10,11,315
25.0,10,10,12,316
25.0,10,10,13,318
25.0,10,10,14,319
25.0,10,10,15,321
25.0,10,11,0,301
25.0,10,11,1,302
25.0,10,11,2,304
25.0,10,11,3,305
25.0,10,11,4,307
25.0,10,11,5,308
25.0,10,11,6,310
25.0,10,11,7,311
25.0,10,11,8,313
25.0,10,11,9,314
25.0,10,11,10,315
25.0,10,11,11,317
25.0,10,11,12,318
25.0,10,11,13,320
25.0,10,11,14,321
25.0,10,11,15,322
25.0,10,12,0,303
25.0,10,12,1,304
25.0,10,12,2,305
25.0,10,12,3,307
25.0,10,12,4,308
25.0,10,12,5,310
25.0,10,12,6,311
25.0,10,12,7,313
25.0,10,12,8,314
25.0,10,12,9,316
25.0,10,12,10,317
25.0,10,12,11,318
25.0,10,12,12,320
25.0,10,12,13,321
25.0,10,12,14,323
25.0,10,12,15,324
25.0,10,13,0,304
25.0,10,13,1,306
25.0,10,13,2,307
25.0,10,13,3,309
25.0,10,13,4,310
25.0,10,13,5,311
25.0,10,13,6,313
25.0,10,13,7,314
25.0,10,13,8,316
25.0,10,13,9,317
25.0,10,13,10,319
25.0,10,13,11,320
25.0,10,13,12,322
25.0,10,13,13,323
25.0,10,13,14,324
25.0,10,13,15,326
25.0,10,14,0,306
25.0,10,14,1,307
25.0,10,14,2,309
25.0,10,14,3,310
25.0,10,14,4,312
25.0,10,14,5,313
25.0,10,14,6,315
25.0,10,14,7,316
25.0,10,14,8,317
25.0,10,14,9,319
25.0,10,14,10,320
25.0,10,14,11,322
25.0,10,14,12,323
25.0,10,14,13,325
25.0,10,14,14,326
25.0,10,14,15,327
25.0,10,15,0,307
25.0,10,15,1,309
25.0,10,15,2,310
25.0,10,15,3,312
25.0,10,15,4,313
25.0,10,15,5,315
25.0,10,15,6,316
25.0,10,15,7,318
25.0,10,15,8,319
25.0,10,15,9,321
25.0,10,15,10,322
25.0,10,15,11,323
25.0,10,15,12,325
25.0,10,15,13,326
25.0,10,15,14,328
25.0,10,15,15,329
25.0,11,0,0,287
25.0,11,0,1,288
25.0,11,0,2,290
25.0,11,0,3,291
25.0,11,0,4,292
25.0,11,0,5,294
25.0,11,0,6,295
25.0,11,0,7,297
25.0,11,0,8,298
25.0,11,0,9,299
25.0,11,0,10,301
25.0,11,0,11,302
25.0,11,0,12,303
25.0,11,0,13,305
25.0,11,0,14,306
25.0,11,0,15,307
25.0,11,1,0,289
25.0,11,1,1,290
25.0,11,1,2,291
25.0,11,1,3,293
25.0,11,1,4,294
25.0,11,1,5,296
25.0,11,1,6,297
25.0,11,1,7,298
25.0,11,1,8,300
25.0,11,1,9,301
25.0,11,1,10,302
25.0,11,1,11,304
25.0,11,1,12,305
25.0,11,1,13,306
25.0,11,1,14,308
25.0,11,1,15,309
25.0,11,2,0,290
25.0,11,2,1,292
25.0,11,2,2,293
25.0,11,2,3,295
25.0,11,2,4,296
25.0,11,2,5,297
25.0,11,2,6,299
25.0,11,2,7,300
25.0,11,2,8,301
25.0,11,2,9,303
25.0,11,2,10,304
25.0,11,2,11,306
25.0,11,2,12,307
25.0,11,2,13,308
25.0,11,2,14,310
25.0,11,2,15,311
25.0,11,3,0,292
25.0,11,3,1,293
25.0,11,3,2,295
25.0,11,3,3,296
25.0,11,3,4,298
25.0,11,3,5,299
25.0,11,3,6,300
25.0,11,3,7,302
25.0,11,3,8,303
25.0,11,3,9,305
25.0,11,3,10,306
25.0,11,3,11,307
25.0,11,3,12,309
25.0,11,3,13,310
25.0,11,3,14,311
25.0,11,3,15,313
25.0,11,4,0,294
25.0,11,4,1,295
25.0,11,4,2,297
25.0,11,4,3,298
25.0,11,4,4,299
25.0,11,4,5,301
25.0,11,4,6,302
25.0,11,4,7,304
25.0,11,4,8,305
25.0,11,4,9,306
25.0,11,4,10,308
25.0,11,4,11,309
25.0,11,4,12,311
25.0,11,4,13,312
25.0,11,4,14,313
25.0,11,4,15,315
25.0,11,5,0,295
25.0,11,5,1,297
25.0,11,5,2,298
25.0,11,5,3,300
25.0,11,5,4,301
25.0,11,5,5,303
25.0,11,5,6,304
25.0,11,5,7,305
25.0,11,5,8,307
25.0,11,5,9,308
25.0,11,5,10,310
25.0,11,5,11,311
25.0,11,5,12,312
25.0,11,5,13,314
25.0,11,5,14,315
25.0,11,5,15,316
25.0,11,6,0,297
25.0,11,6,1,299
25.0,11,6,2,300
25.0,11,6,3,301
25.0,11,6,4,303
25.0,11,6,5,304
25.0,11,6,6,306
25.0,11,6,7,307
25.0,11,6,8,308
25.0,11,6,9,310
25.0,11,6,10,311
25.0,11,6,11,313
25.0,11,6,12,314
25.0,11,6,13,315
25.0,11,6,14,317
25.0,11,6,15,318
25.0,11,7,0,299
25.0,11,7,1,300
25.0,11,7,2,302
25.0,11,7,3,303
25.0,11,7,4,305
25.0,11,7,5,306
25.0,11,7,6,307
25.0,11,7,7,309
25.0,11,7,8,310
25.0,11,7,9,312
25.0,11,7,10,313
25.0,11,7,11,314
25.0,11,7,12,316
25.0,11,7,13,317
25.0,11,7,14,319
25.0,11,7,15,320
25.0,11,8,0,300
25.0,11,8,1,302
25.0,11,8,2,303
25.0,11,8,3,305
25.0,11,8,4,306
25.0,11,8,5,308
25.0,11,8,6,309
25.0,11,8,7,311
25.0,11,8,8,312
25.0,11,8,9,313
25.0,11,8,10,315
25.0,11,8,11,316
25.0,11,8,12,318
25.0,11,8,13,319
25.0,11,8,14,320
25.0,11,8,15,322
25.0,11,9,0,302
25.0,11,9,1,304
25.0,11,9,2,305
25.0,11,9,3,306
25.0,11,9,4,308
25.0,11,9,5,309
25.0,11,9,6,311
25.0,11,9,7,312
25.0,11,9,8,314
25.0,11,9,9,315
25.0,11,9,10,317
25.0,11,9,11,318
25.0,11,9,12,319
25.0,11,9,13,321
25.0,11,9,14,322
25.0,11,9,15,324
25.0,11,10,0,304
25.0,11,10,1,305
25.0,11,10,2,307
25.0,11,10,3,308
25.0,11,10,4,310
25.0,11,10,5,311
25.0,11,10,6,312
25.0,11,10,7,314
25.0,11,10,8,315
25.0,11,10,9,317
25.0,11,10,10,318
25.0,11,10,11,320
25.0,11,10,12,321
25.0,11,10,13,322
25.0,11,10,14,324
25.0,11,10,15,325
25.0,11,11,0,305
25.0,11,11,1,307
25.0,11,11,2,308
25.0,11,11,3,310
25.0,11,11,4,311
25.0,11,11,5,313
25.0,11,11,6,314
25.0,11,11,7,316
25.0,11,11,8,317
25.0,11,11,9,318
25.0,11,11,10,320
25.0,11,11,11,321
25.0,11,11,12,323
25.0,11,11,13,324
25.0,11,11,14,326
25.0,11,11,15,327
25.0,11,12,0,307
25.0,11,12,1,308
25.0,11,12,2,310
25.0,11,12,3,311
25.0,11,12,4,313
25.0,11,12,5,314
25.0,11,12,6,316
25.0,11,12,7,317
25.0,11,12,8,319
25.0,11,12,9,320
25.0,11,12,10,322
25.0,11,12,11,323
25.0,11,12,12,324
25.0,11,12,13,326
25.0,11,12,14,327
25.0,11,12,15,329
25.0,11,13,0,309
25.0,11,13,1,310
25.0,11,13,2,312
25.0,11,13,3,313
25.0,11,13,4,315
25.0,11,13,5,316
25.0,11,13,6,317
25.0,11,13,7,319
25.0,11,13,8,320
25.0,11,13,9,322
25.0,11,13,10,323
25.0,11,13,11,325
25.0,11,13,12,326
25.0,11,13,13,328
25.0,11,13,14,329
25.0,11,13,15,330
25.0,11,14,0,310
25.0,11,14,1,312
25.0,11,14,2,313
25.0,11,14,3,315
25.0,11,14,4,316
25.0,11,14,5,318
25.0,11,14,6,319
25.0,11,14,7,321
25.0,11,14,8,322
25.0,11,14,9,324
25.0,11,14,10,325
25.0,11,14,11,326
25.0,11,14,12,328
25.0,11,14,13,329
25.0,11,14,14,331
25.0,11,14,15,332
25.0,11,15,0,312
25.0,11,15,1,313
25.0,11,15,2,315
25.0,11,15,3,316
25.0,11,15,4,318
25.0,11,15,5,319
25.0,11,15,6,321
25.0,11,15,7,322
25.0,11,15,8,324
25.0,11,15,9,325
25.0,11,15,10,327
25.0,11,15,11,328
25.0,11,15,12,330
25.0,11,15,13,331
25.0,11,15,14,332
25.0,11,15,15,334
25.0,12,0,0,291
25.0,12,0,1,292
25.0,12,0,2,294
25.0,12,0,3,295
25.0,12,0,4,297
25.0,12,0,5,298
25.0,12,0,6,299
25.0,12,0,7,301
25.0,12,0,8,302
25.0,12,0,9,304
25.0,12,0,10,305
25.0,12,0,11,306
25.0,12,0,12,308
25.0,12,0,13,309
25.0,12,0,14,310
25.0,12,0,15,312
25.0,12,1,0,293
25.0,12,1,1,294
25.0,12,1,2,296
25.0,12,1,3,297
25.0,12,1,4,298
25.0,12,1,5,300
25.0,12,1,6,301
25.0,12,1,7,303
25.0,12,1,8,304
25.0,12,1,9,305
25.0,12,1,10,307
25.0,12,1,11,308
25.0,12,1,12,309
25.0,12,1,13,311
25.0,12,1,14,312
25.0,12,1,15,314
25.0,12,2,0,294
25.0,12,2,1,296
25.0,12,2,2,297
25.0,12,2,3,299
25.0,12,2,4,300
25.0,12,2,5,302
25.0,12,2,6,303
25.0,12,2,7,304
25.0,12,2,8,306
25.0,12,2,9,307
25.0,12,2,10,309
25.0,12,2,11,310
25.0,12,2,12,311
25.0,12,2,13,313
25.0,12,2,14,314
25.0,12,2,15,315
25.0,12,3,0,296
25.0,12,3,1,298
25.0,12,3,2,299
25.0,12,3,3,301
25.0,12,3,4,302
25.0,12,3,5,303
25.0,12,3,6,305
25.0,12,3,7,306
25.0,12,3,8,308
25.0,12,3,9,309
25.0,12,3,10,310
25.0,12,3,11,312
25.0,12,3,12,313
25.0,12,3,13,315
25.0,12,3,14,316
25.0,12,3,15,317
25.0,12,4,0,298
25.0,12,4,1,299
25.0,12,4,2,301
25.0,12,4,3,302
25.0,12,4,4,304
25.0,12,4,5,305
25.0,12,4,6,307
25.0,12,4,7,308
25.0,12,4,8,309
25.0,12,4,9,311
25.0,12,4,10,312
25.0,12,4,11,314
25.0,12,4,12,315
25.0,12,4,13,316
25.0,12,4,14,318
25.0,12,4,15,319
25.0,12,5,0,300
25.0,12,5,1,301
25.0,12,5,2,303
25.0,12,5,3,304
25.0,12,5,4,305
25.0,12,5,5,307
25.0,12,5,6,308
25.0,12,5,7,310
25.0,12,5,8,311
25.0,12,5,9,313
25.0,12,5,10,314
25.0,12,5,11,315
25.0,12,5,12,317
25.0,12,5,13,318
25.0,12,5,14,320
25.0,12,5,15,321
25.0,12,6,0,301
25.0,12,6,1,303
25.0,12,6,2,304
25.0,12,6,3,306
25.0,12,6,4,307
25.0,12,6,5,309
25.0,12,6,6,310
25.0,12,6,7,311
25.0,12,6,8,313
25.0,12,6,9,314
25.0,12,6,10,316
25.0,12,6,11,317
25.0,12,6,12,319
25.0,12,6,13,320
25.0,12,6,14,321
25.0,12,6,15,323
25.0,12,7,0,303
25.0,12,7,1,304
25.0,12,7,2,306
25.0,12,7,3,307
25.0,12,7,4,309
25.0,12,7,5,310
25.0,12,7,6,312
25.0,12,7,7,313
25.0,12,7,8,315
25.0,12,7,9,316
25.0,12,7,10,318
25.0,12,7,11,319
25.0,12,7,12,320
25.0,12,7,13,322
25.0,12,7,14,323
25.0,12,7,15,325
25.0,12,8,0,305
25.0,12,8,1,306
25.0,12,8,2,308
25.0,12,8,3,309
25.0,12,8,4,311
25.0,12,8,5,312
25.0,12,8,6,314
25.0,12,8,7,315
25.0,12,8,8,316
25.0,12,8,9,318
25.0,12,8,10,319
25.0,12,8,11,321
25.0,12,8,12,322
25.0,12,8,13,324
25.0,12,8,14,325
25.0,12,8,15,326
25.0,12,9,0,306
25.0,12,9,1,308
25.0,12,9,2,309
25.0,12,9,3,311
25.0,12,9,4,312
25.0,12,9,5,314
25.0,12,9,6,315
25.0,12,9,7,317
25.0,12,9,8,318
25.0,12,9,9,320
25.0,12,9,10,321
25.0,12,9,11,322
25.0,12,9,12,324
25.0,12,9,13,325
25.0,12,9,14,327
25.0,12,9,15,328
25.0,12,10,0,308
25.0,12,10,1,310
25.0,12,10,2,311
25.0,12,10,3,313
25.0,12,10,4,314
25.0,12,10,5,315
25.0,12,10,6,317
25.0,12,10,7,318
25.0,12,10,8,320
25.0,12,10,9,321
25.0,12,10,10,323
25.0,12,10,11,324
25.0,12,10,12,326
25.0,12,10,13,327
25.0,12,10,14,329
25.0,12,10,15,330
25.0,12,11,0,310
25.0,12,11,1,311
25.0,12,11,2,313
25.0,12,11,3,314
25.0,12,11,4,316
25.0,12,11,5,317
25.0,12,11,6,319
25.0,12,11,7,320
25.0,12,11,8,322
25.0,12,11,9,323
25.0,12,11,10,325
25.0,12,11,11,326
25.0,12,11,12,327
25.0,12,11,13,329
25.0,12,11,14,330
25.0,12,11,15,332
25.0,12,12,0,311
25.0,12,12,1,313
25.0,12,12,2,314
25.0,12,12,3,316
25.0,12,12,4,317
25.0,12,12,5,319
25.0,12,12,6,320
25.0,12,12,7,322
25.0,12,12,8,323
25.0,12,12,9,325
25.0,12,12,10,326
25.0,12,12,11,328
25.0,12,12,12,329
25.0,12,12,13,331
25.0,12,12,14,332
25.0,12,12,15,333
25.0,12,13,0,313
25.0,12,13,1,314
25.0,12,13,2,316
25.0,12,13,3,318
25.0,12,13,4,319
25.0,12,13,5,321
25.0,12,13,6,322
25.0,12,13,7,324
25.0,12,13,8,325
25.0,12,13,9,326
25.0,12,13,10,328
25.0,12,13,11,329
25.0,12,13,12,331
25.0,12,13,13,332
25.0,12,13,14,334
25.0,12,13,15,335
25.0,12,14,0,315
25.0,12,14,1,316
25.0,12,14,2,318
25.0,12,14,3,319
25.0,12,14,4,321
25.0,12,14,5,322
25.0,12,14,6,324
25.0,12,14,7,325
25.0,12,14,8,327
25.0,12,14,9,328
25.0,12,14,10,330
25.0,12,14,11,331
25.0,12,14,12,333
25.0,12,14,13,334
25.0,12,14,14,336
25.0,12,14,15,337
25.0,12,15,0,316
25.0,12,15,1,318
25.0,12,15,2,319
25.0,12,15,3,321
25.0,12,15,4,322
25.0,12,15,5,324
25.0,12,15,6,325
25.0,12,15,7,327
25.0,12,15,8,328
25.0,12,15,9,330
25.0,12,15,10,331
25.0,12,15,11,333
25.0,12,15,12,334
25.0,12,15,13,336
25.0,12,15,14,337
25.0,12,15,15,339
25.0,13,0,0,295
25.0,13,0,1,297
25.0,13,0,2,298
25.0,13,0,3,299
25.0,13,0,4,301
25.0,13,0,5,302
25.0,13,0,6,304
25.0,13,0,7,305
25.0,13,0,8,306
25.0,13,0,9,308
25.0,13,0,10,309
25.0,13,0,11,311
25.0,13,0,12,312
25.0,13,0,13,313
25.0,13,0,14,315
25.0,13,0,15,316
25.0,13,1,0,297
25.0,13,1,1,298
25.0,13,1,2,300
25.0,13,1,3,301
25.0,13,1,4,303
25.0,13,1,5,304
25.0,13,1,6,305
25.0,13,1,7,307
25.0,13,1,8,308
25.0,13,1,9,310
25.0,13,1,10,311
25.0,13,1,11,312
25.0,13,1,12,314
25.0,13,1,13,315
25.0,13,1,14,317
25.0,13,1,15,318
25.0,13,2,0,299
25.0,13,2,1,300
25.0,13,2,2,302
25.0,13,2,3,303
25.0,13,2,4,304
25.0,13,2,5,306
25.0,13,2,6,307
25.0,13,2,7,309
25.0,13,2,8,310
25.0,13,2,9,312
25.0,13,2,10,313
25.0,13,2,11,314
25.0,13,2,12,316
25.0,13,2,13,317
25.0,13,2,14,318
25.0,13,2,15,320
25.0,13,3,0,300
25.0,13,3,1,302
25.0,13,3,2,303
25.0,13,3,3,305
25.0,13,3,4,306
25.0,13,3,5,308
25.0,13,3,6,309
25.0,13,3,7,311
25.0,13,3,8,312
25.0,13,3,9,313
25.0,13,3,10,315
25.0,13,3,11,316
25.0,13,3,12,318
25.0,13,3,13,319
25.0,13,3,14,320
25.0,13,3,15,322
25.0,13,4,0,302
25.0,13,4,1,304
25.0,13,4,2,305
25.0,13,4,3,307
25.0,13,4,4,308
25.0,13,4,5,309
25.0,13,4,6,311
25.0,13,4,7,312
25.0,13,4,8,314
25.0,13,4,9,315
25.0,13,4,10,317
25.0,13,4,11,318
25.0,13,4,12,319
25.0,13,4,13,321
25.0,13,4,14,322
25.0,13,4,15,324
25.0,13,5,0,304
25.0,13,5,1,305
25.0,13,5,2,307
25.0,13,5,3,308
25.0,13,5,4,310
25.0,13,5,5,311
25.0,13,5,6,313
25.0,13,5,7,314
25.0,13,5,8,316
25.0,13,5,9,317
25.0,13,5,10,318
25.0,13,5,11,320
25.0,13,5,12,321
25.0,13,5,13,323
25.0,13,5,14,324
25.0,13,5,15,325
25.0,13,6,0,306
25.0,13,6,1,307
25.0,13,6,2,309
25.0,13,6,3,310
25.0,13,6,4,311
25.0,13,6,5,313
25.0,13,6,6,314
25.0,13,6,7,316
25.0,13,6,8,317
25.0,13,6,9,319
25.0,13,6,10,320
25.0,13,6,11,322
25.0,13,6,12,323
25.0,13,6,13,324
25.0,13,6,14,326
25.0,13,6,15,327
25.0,13,7,0,307
25.0,13,7,1,309
25.0,13,7,2,310
25.0,13,7,3,312
25.0,13,7,4,313
25.0,13,7,5,315
25.0,13,7,6,316
25.0,13,7,7,318
25.0,13,7,8,319
25.0,13,7,9,321
25.0,13,7,10,322
25.0,13,7,11,323
25.0,13,7,12,325
25.0,13,7,13,326
25.0,13,7,14,328
25.0,13,7,15,329
25.0,13,8,0,309
25.0,13,8,1,310
25.0,13,8,2,312
25.0,13,8,3,313
25.0,13,8,4,315
25.0,13,8,5,316
25.0,13,8,6,318
25.0,13,8,7,319
25.0,13,8,8,321
25.0,13,8,9,322
25.0,13,8,10,324
25.0,13,8,11,325
25.0,13,8,12,327
25.0,13,8,13,328
25.0,13,8,14,330
25.0,13,8,15,331
25.0,13,9,0,311
25.0,13,9,1,312
25.0,13,9,2,314
25.0,13,9,3,315
25.0,13,9,4,317
25.0,13,9,5,318
25.0,13,9,6,320
25.0,13,9,7,321
25.0,13,9,8,323
25.0,13,9,9,324
25.0,13,9,10,326
25.0,13,9,11,327
25.0,13,9,12,328
25.0,13,9,13,330
25.0,13,9,14,331
25.0,13,9,15,333
25.0,13,10,0,312
25.0,13,10,1,314
25.0,13,10,2,315
25.0,13,10,3,317
25.0,13,10,4,318
25.0,13,10,5,320
25.0,13,10,6,321
25.0,13,10,7,323
25.0,13,10,8,324
25.0,13,10,9,326
25.0,13,10,10,327
25.0,13,10,11,329
25.0,13,10,12,330
25.0,13,10,13,332
25.0,13,10,14,333
25.0,13,10,15,335
25.0,13,11,0,314
25.0,13,11,1,316
25.0,13,11,2,317
25.0,13,11,3,319
25.0,13,11,4,320
25.0,13,11,5,322
25.0,13,11,6,323
25.0,13,11,7,325
25.0,13,11,8,326
25.0,13,11,9,328
25.0,13,11,10,329
25.0,13,11,11,331
25.0,13,11,12,332
25.0,13,11,13,333
25.0,13,11,14,335
25.0,13,11,15,336
25.0,13,12,0,316
25.0,13,12,1,317
25.0,13,12,2,319
25.0,13,12,3,320
25.0,13,12,4,322
25.0,13,12,5,323
25.0,13,12,6,325
25.0,13,12,7,326
25.0,13,12,8,328
25.0,13,12,9,329
25.0,13,12,10,331
25.0,13,12,11,332
25.0,13,12,12,334
25.0,13,12,13,335
25.0,13,12,14,337
25.0,13,12,15,338
25.0,13,13,0,317
25.0,13,13,1,319
25.0,13,13,2,320
25.0,13,13,3,322
25.0,13,13,4,324
25.0,13,13,5,325
25.0,13,13,6,327
25.0,13,13,7,328
25.0,13,13,8,330
25.0,13,13,9,331
25.0,13,13,10,333
25.0,13,13,11,334
25.0,13,13,12,336
25.0,13,13,13,337
25.0,13,13,14,338
25.0,13,13,15,340
25.0,13,14,0,319
25.0,13,14,1,321
25.0,13,14,2,322
25.0,13,14,3,324
25.0,13,14,4,325
25.0,13,14,5,327
25.0,13,14,6,328
25.0,13,14,7,330
25.0,13,14,8,331
25.0,13,14,9,333
25.0,13,14,10,334
25.0,13,14,11,336
25.0,13,14,12,337
25.0,13,14,13,339
25.0,13,14,14,340
25.0,13,14,15,342
25.0,13,15,0,321
25.0,13,15,1,322
25.0,13,15,2,324
25.0,13,15,3,325
25.0,13,15,4,327
25.0,13,15,5,328
25.0,13,15,6,330
25.0,13,15,7,331
25.0,13,15,8,333
25.0,13,15,9,335
25.0,13,15,10,336
25.0,13,15,11,338
25.0,13,15,12,339
25.0,13,15,13,341
25.0,13,15,14,342
25.0,13,15,15,343
25.0,14,0,0,299
25.0,14,0,1,301
25.0,14,0,2,302
25.0,14,0,3,304
25.0,14,0,4,305
25.0,14,0,5,306
25.0,14,0,6,308
25.0,14,0,7,309
25.0,14,0,8,311
25.0,14,0,9,312
25.0,14,0,10,314
25.0,14,0,11,315
25.0,14,0,12,316
25.0,14,0,13,318
25.0,14,0,14,319
25.0,14,0,15,320
25.0,14,1,0,301
25.0,14,1,1,302
25.0,14,1,2,304
25.0,14,1,3,305
25.0,14,1,4,307
25.0,14,1,5,308
25.0,14,1,6,310
25.0,14,1,7,311
25.0,14,1,8,313
25.0,14,1,9,314
25.0,14,1,10,315
25.0,14,1,11,317
25.0,14,1,12,318
25.0,14,1,13,320
25.0,14,1,14,321
25.0,14,1,15,322
25.0,14,2,0,303
25.0,14,2,1,304
25.0,14,2,2,306
25.0,14,2,3,307
25.0,14,2,4,309
25.0,14,2,5,310
25.0,14,2,6,312
25.0,14,2,7,313
25.0,14,2,8,314
25.0,14,2,9,316
25.0,14,2,10,317
25.0,14,2,11,319
25.0,14,2,12,320
25.0,14,2,13,321
25.0,14,2,14,323
25.0,14,2,15,324
25.0,14,3,0,305
25.0,14,3,1,306
25.0,14,3,2,308
25.0,14,3,3,309
25.0,14,3,4,310
25.0,14,3,5,312
25.0,14,3,6,313
25.0,14,3,7,315
25.0,14,3,8,316
25.0,14,3,9,318
25.0,14,3,10,319
25.0,14,3,11,321
25.0,14,3,12,322
25.0,14,3,13,323
25.0,14,3,14,325
25.0,14,3,15,326
25.0,14,4,0,306
25.0,14,4,1,308
25.0,14,4,2,309
25.0,14,4,3,311
25.0,14,4,4,312
25.0,14,4,5,314
25.0,14,4,6,315
25.0,14,4,7,317
25.0,14,4,8,318
25.0,14,4,9,320
25.0,14,4,10,321
25.0,14,4,11,322
25.0,14,4,12,324
25.0,14,4,13,325
25.0,14,4,14,327
25.0,14,4,15,328
25.0,14,5,0,308
25.0,14,5,1,310
25.0,14,5,2,311
25.0,14,5,3,313
25.0,14,5,4,314
25.0,14,5,5,316
25.0,14,5,6,317
25.0,14,5,7,318
25.0,14,5,8,320
25.0,14,5,9,321
25.0,14,5,10,323
25.0,14,5,11,324
25.0,14,5,12,326
25.0,14,5,13,327
25.0,14,5,14,329
25.0,14,5,15,330
25.0,14,6,0,310
25.0,14,6,1,311
25.0,14,6,2,313
25.0,14,6,3,314
25.0,14,6,4,316
25.0,14,6,5,317
25.0,14,6,6,319
25.0,14,6,7,320
25.0,14,6,8,322
25.0,14,6,9,323
25.0,14,6,10,325
25.0,14,6,11,326
25.0,14,6,12,328
25.0,14,6,13,329
25.0,14,6,14,330
25.0,14,6,15,332
25.0,14,7,0,312
25.0,14,7,1,313
25.0,14,7,2,315
25.0,14,7,3,316
25.0,14,7,4,318
25.0,14,7,5,319
25.0,14,7,6,321
25.0,14,7,7,322
25.0,14,7,8,324
25.0,14,7,9,325
25.0,14,7,10,326
25.0,14,7,11,328
25.0,14,7,12,329
25.0,14,7,13,331
25.0,14,7,14,332
25.0,14,7,15,334
25.0,14,8,0,313
25.0,14,8,1,315
25.0,14,8,2,316
25.0,14,8,3,318
25.0,14,8,4,319
25.0,14,8,5,321
25.0,14,8,6,322
25.0,14,8,7,324
25.0,14,8,8,325
25.0,14,8,9,327
25.0,14,8,10,328
25.0,14,8,11,330
25.0,14,8,12,331
25.0,14,8,13,333
25.0,14,8,14,334
25.0,14,8,15,336
25.0,14,9,0,315
25.0,14,9,1,317
25.0,14,9,2,318
25.0,14,9,3,320
25.0,14,9,4,321
25.0,14,9,5,323
25.0,14,9,6,324
25.0,14,9,7,326
25.0,14,9,8,327
25.0,14,9,9,329
25.0,14,9,10,330
25.0,14,9,11,332
25.0,14,9,12,333
25.0,14,9,13,334
25.0,14,9,14,336
25.0,14,9,15,337
25.0,14,10,0,317
25.0,14,10,1,318
25.0,14,10,2,320
25.0,14,10,3,321
25.0,14,10,4,323
25.0,14,10,5,324
25.0,14,10,6,326
25.0,14,10,7,327
25.0,14,10,8,329
25.0,14,10,9,330
25.0,14,10,10,332
25.0,14,10,11,333
25.0,14,10,12,335
25.0,14,10,13,336
25.0,14,10,14,338
25.0,14,10,15,339
25.0,14,11,0,318
25.0,14,11,1,320
25.0,14,11,2,322
25.0,14,11,3,323
25.0,14,11,4,325
25.0,14,11,5,326
25.0,14,11,6,328
25.0,14,11,7,329
25.0,14,11,8,331
25.0,14,11,9,332
25.0,14,11,10,334
25.0,14,11,11,335
25.0,14,11,12,337
25.0,14,11,13,338
25.0,14,11,14,340
25.0,14,11,15,341
25.0,14,12,0,320
25.0,14,12,1,322
25.0,14,12,2,323
25.0,14,12,3,325
25.0,14,12,4,326
25.0,14,12,5,328
25.0,14,12,6,329
25.0,14,12,7,331
25.0,14,12,8,332
25.0,14,12,9,334
25.0,14,12,10,335
25.0,14,12,11,337
25.0,14,12,12,338
25.0,14,12,13,340
25.0,14,12,14,341
25.0,14,12,15,343
25.0,14,13,0,322
25.0,14,13,1,323
25.0,14,13,2,325
25.0,14,13,3,326
25.0,14,13,4,328
25.0,14,13,5,330
25.0,14,13,6,331
25.0,14,13,7,333
25.0,14,13,8,334
25.0,14,13,9,336
25.0,14,13,10,337
25.0,14,13,11,339
25.0,14,13,12,340
25.0,14,13,13,342
25.0,14,13,14,343
25.0,14,13,15,345
25.0,14,14,0,323
25.0,14,14,1,325
25.0,14,14,2,327
25.0,14,14,3,328
25.0,14,14,4,330
25.0,14,14,5,331
25.0,14,14,6,333
25.0,14,14,7,334
25.0,14,14,8,336
25.0,14,14,9,337
25.0,14,14,10,339
25.0,14,14,11,340
25.0,14,14,12,342
25.0,14,14,13,343
25.0,14,14,14,345
25.0,14,14,15,346
25.0,14,15,0,325
25.0,14,15,1,327
25.0,14,15,2,328
25.0,14,15,3,330
25.0,14,15,4,331
25.0,14,15,5,333
25.0,14,15,6,335
25.0,14,15,7,336
25.0,14,15,8,338
25.0,14,15,9,339
25.0,14,15,10,341
25.0,14,15,11,342
25.0,14,15,12,344
25.0,14,15,13,345
25.0,14,15,14,347
25.0,14,15,15,348
25.0,15,0,0,303
25.0,15,0,1,305
25.0,15,0,2,306
25.0,15,0,3,308
25.0,15,0,4,309
25.0,15,0,5,311
25.0,15,0,6,312
25.0,15,0,7,314
25.0,15,0,8,315
25.0,15,0,9,316
25.0,15,0,10,318
25.0,15,0,11,319
25.0,15,0,12,321
25.0,15,0,13,322
25.0,15,0,14,323
25.0,15,0,15,325
25.0,15,1,0,305
25.0,15,1,1,307
25.0,15,1,2,308
25.0,15,1,3,310
25.0,15,1,4,311
25.0,15,1,5,312
25.0,15,1,6,314
25.0,15,1,7,315
25.0,15,1,8,317
25.0,15,1,9,318
25.0,15,1,10,320
25.0,15,1,11,321
25.0,15,1,12,323
25.0,15,1,13,324
25.0,15,1,14,325
25.0,15,1,15,327
25.0,15,2,0,307
25.0,15,2,1,308
25.0,15,2,2,310
25.0,15,2,3,311
25.0,15,2,4,313
25.0,15,2,5,314
25.0,15,2,6,316
25.0,15,2,7,317
25.0,15,2,8,319
25.0,15,2,9,320
25.0,15,2,10,322
25.0,15,2,11,323
25.0,15,2,12,324
25.0,15,2,13,326
25.0,15,2,14,327
25.0,15,2,15,329
25.0,15,3,0,309
25.0,15,3,1,310
25.0,15,3,2,312
25.0,15,3,3,313
25.0,15,3,4,315
25.0,15,3,5,316
25.0,15,3,6,318
25.0,15,3,7,319
25.0,15,3,8,321
25.0,15,3,9,322
25.0,15,3,10,324
25.0,15,3,11,325
25.0,15,3,12,326
25.0,15,3,13,328
25.0,15,3,14,329
25.0,15,3,15,331
25.0,15,4,0,310
25.0,15,4,1,312
25.0,15,4,2,314
25.0,15,4,3,315
25.0,15,4,4,317
25.0,15,4,5,318
25.0,15,4,6,320
25.0,15,4,7,321
25.0,15,4,8,322
25.0,15,4,9,324
25.0,15,4,10,325
25.0,15,4,11,327
25.0,15,4,12,328
25.0,15,4,13,330
25.0,15,4,14,331
25.0,15,4,15,333
25.0,15,5,0,312
25.0,15,5,1,314
25.0,15,5,2,315
25.0,15,5,3,317
25.0,15,5,4,318
25.0,15,5,5,320
25.0,15,5,6,321
25.0,15,5,7,323
25.0,15,5,8,324
25.0,15,5,9,326
25.0,15,5,10,327
25.0,15,5,11,329
25.0,15,5,12,330
25.0,15,5,13,332
25.0,15,5,14,333
25.0,15,5,15,334
25.0,15,6,0,314
25.0,15,6,1,316
25.0,15,6,2,317
25.0,15,6,3,319
25.0,15,6,4,320
25.0,15,6,5,322
25.0,15,6,6,323
25.0,15,6,7,325
25.0,15,6,8,326
25.0,15,6,9,328
25.0,15,6,10,329
25.0,15,6,11,331
25.0,15,6,12,332
25.0,15,6,13,333
25.0,15,6,14,335
25.0,15,6,15,336
25.0,15,7,0,316
25.0,15,7,1,317
25.0,15,7,2,319
25.0,15,7,3,320
25.0,15,7,4,322
25.0,15,7,5,323
25.0,15,7,6,325
25.0,15,7,7,326
25.0,15,7,8,328
25.0,15,7,9,329
25.0,15,7,10,331
25.0,15,7,11,332
25.0,15,7,12,334
25.0,15,7,13,335
25.0,15,7,14,337
25.0,15,7,15,338
25.0,15,8,0,318
25.0,15,8,1,319
25.0,15,8,2,321
25.0,15,8,3,322
25.0,15,8,4,324
25.0,15,8,5,325
25.0,15,8,6,327
25.0,15,8,7,328
25.0,15,8,8,330
25.0,15,8,9,331
25.0,15,8,10,333
25.0,15,8,11,334
25.0,15,8,12,336
25.0,15,8,13,337
25.0,15,8,14,339
25.0,15,8,15,340
25.0,15,9,0,319
25.0,15,9,1,321
25.0,15,9,2,322
25.0,15,9,3,324
25.0,15,9,4,326
25.0,15,9,5,327
25.0,15,9,6,329
25.0,15,9,7,330
25.0,15,9,8,332
25.0,15,9,9,333
25.0,15,9,10,335
25.0,15,9,11,336
25.0,15,9,12,338
25.0,15,9,13,339
25.0,15,9,14,341
25.0,15,9,15,342
25.0,15,10,0,321
25.0,15,10,1,323
25.0,15,10,2,324
25.0,15,10,3,326
25.0,15,10,4,327
25.0,15,10,5,329
25.0,15,10,6,330
25.0,15,10,7,332
25.0,15,10,8,333
25.0,15,10,9,335
25.0,15,10,10,336
25.0,15,10,11,338
25.0,15,10,12,339
25.0,15,10,13,341
25.0,15,10,14,342
25.0,15,10,15,344
25.0,15,11,0,323
25.0,15,11,1,324
25.0,15,11,2,326
25.0,15,11,3,327
25.0,15,11,4,329
25.0,15,11,5,331
25.0,15,11,6,332
25.0,15,11,7,334
25.0,15,11,8,335
25.0,15,11,9,337
25.0,15,11,10,338
25.0,15,11,11,340
25.0,15,11,12,341
25.0,15,11,13,343
25.0,15,11,14,344
25.0,15,11,15,346
25.0,15,12,0,324
25.0,15,12,1,326
25.0,15,12,2,328
25.0,15,12,3,329
25.0,15,12,4,331
25.0,15,12,5,332
25.0,15,12,6,334
25.0,15,12,7,335
25.0,15,12,8,337
25.0,15,12,9,339
25.0,15,12,10,340
25.0,15,12,11,342
25.0,15,12,12,343
25.0,15,12,13,345
25.0,15,12,14,346
25.0,15,12,15,348
25.0,15,13,0,326
25.0,15,13,1,328
25.0,15,13,2,329
25.0,15,13,3,331
25.0,15,13,4,333
25.0,15,13,5,334
25.0,15,13,6,336
25.0,15,13,7,337
25.0,15,13,8,339
25.0,15,13,9,340
25.0,15,13,10,342
25.0,15,13,11,343
25.0,15,13,12,345
25.0,15,13,13,346
25.0,15,13,14,348
25.0,15,13,15,349
25.0,15,14,0,328
25.0,15,14,1,329
25.0,15,14,2,331
25.0,15,14,3,333
25.0,15,14,4,334
25.0,15,14,5,336
25.0,15,14,6,337
25.0,15,14,7,339
25.0,15,14,8,341
25.0,15,14,9,342
25.0,15,14,10,344
25.0,15,14,11,345
25.0,15,14,12,347
25.0,15,14,13,348
25.0,15,14,14,350
25.0,15,14,15,351
25.0,15,15,0,330
25.0,15,15,1,331
25.0,15,15,2,333
25.0,15,15,3,334
25.0,15,15,4,336
25.0,15,15,5,338
25.0,15,15,6,339
25.0,15,15,7,341
25.0,15,15,8,342
25.0,15,15,9,344
25.0,15,15,10,345
25.0,15,15,11,347
25.0,15,15,12,348
25.0,15,15,13,350
25.0,15,15,14,351
25.0,15,15,15,353
25.5,0,0,0,247
25.5,0,0,1,248
25.5,0,0,2,249
25.5,0,0,3,250
25.5,0,0,4,251
25.5,0,0,5,253
25.5,0,0,6,254
25.5,0,0,7,255
25.5,0,0,8,256
25.5,0,0,9,257
25.5,0,0,10,258
25.5,0,0,11,260
25.5,0,0,12,261
25.5,0,0,13,262
25.5,0,0,14,263
25.5,0,0,15,264
25.5,0,1,0,248
25.5,0,1,1,249
25.5,0,1,2,250
25.5,0,1,3,252
25.5,0,1,4,253
25.5,0,1,5,254
25.5,0,1,6,255
25.5,0,1,7,256
25.5,0,1,8,258
25.5,0,1,9,259
25.5,0,1,10,260
25.5,0,1,11,261
25.5,0,1,12,262
25.5,0,1,13,263
25.5,0,1,14,265
25.5,0,1,15,266
25.5,0,2,0,249
25.5,0,2,1,251
25.5,0,2,2,252
25.5,0,2,3,253
25.5,0,2,4,254
25.5,0,2,5,256
25.5,0,2,6,257
25.5,0,2,7,258
25.5,0,2,8,259
25.5,0,2,9,260
25.5,0,2,10,261
25.5,0,2,11,263
25.5,0,2,12,264
25.5,0,2,13,265
25.5,0,2,14,266
25.5,0,2,15,267
25.5,0,3,0,251
25.5,0,3,1,252
25.5,0,3,2,253
25.5,0,3,3,255
25.5,0,3,4,256
25.5,0,3,5,257
25.5,0,3,6,258
25.5,0,3,7,259
25.5,0,3,8,261
25.5,0,3,9,262
25.5,0,3,10,263
25.5,0,3,11,264
25.5,0,3,12,265
25.5,0,3,13,267
25.5,0,3,14,268
25.5,0,3,15,269
25.5,0,4,0,252
25.5,0,4,1,254
25.5,0,4,2,255
25.5,0,4,3,256
25.5,0,4,4,257
25.5,0,4,5,259
25.5,0,4,6,260
25.5,0,4,7,261
25.5,0,4,8,262
25.5,0,4,9,263
25.5,0,4,10,265
25.5,0,4,11,266
25.5,0,4,12,267
25.5,0,4,13,268
25.5,0,4,14,269
25.5,0,4,15,270
25.5,0,5,0,254
25.5,0,5,1,255
25.5,0,5,2,256
25.5,0,5,3,258
25.5,0,5,4,259
25.5,0,5,5,260
25.5,0,5,6,261
25.5,0,5,7,262
25.5,0,5,8,264
25.5,0,5,9,265
25.5,0,5,10,266
25.5,0,5,11,267
25.5,0,5,12,268
25.5,0,5,13,270
25.5,0,5,14,271
25.5,0,5,15,272
25.5,0,6,0,255
25.5,0,6,1,257
25.5,0,6,2,258
25.5,0,6,3,259
25.5,0,6,4,260
25.5,0,6,5,262
25.5,0,6,6,263
25.5,0,6,7,264
25.5,0,6,8,265
25.5,0,6,9,266
25.5,0,6,10,268
25.5,0,6,11,269
25.5,0,6,12,270
25.5,0,6,13,271
25.5,0,6,14,272
25.5,0,6,15,273
25.5,0,7,0,257
25.5,0,7,1,258
25.5,0,7,2,259
25.5,0,7,3,260
25.5,0,7,4,262
25.5,0,7,5,263
25.5,0,7,6,264
25.5,0,7,7,265
25.5,0,7,8,267
25.5,0,7,9,268
25.5,0,7,10,269
25.5,0,7,11,270
25.5,0,7,12,271
25.5,0,7,13,273
25.5,0,7,14,274
25.5,0,7,15,275
25.5,0,8,0,258
25.5,0,8,1,259
25.5,0,8,2,261
25.5,0,8,3,262
25.5,0,8,4,263
25.5,0,8,5,264
25.5,0,8,6,266
25.5,0,8,7,267
25.5,0,8,8,268
25.5,0,8,9,269
25.5,0,8,10,271
25.5,0,8,11,272
25.5,0,8,12,273
25.5,0,8,13,274
25.5,0,8,14,275
25.5,0,8,15,277
25.5,0,9,0,260
25.5,0,9,1,261
25.5,0,9,2,262
25.5,0,9,3,263
25.5,0,9,4,265
25.5,0,9,5,266
25.5,0,9,6,267
25.5,0,9,7,268
25.5,0,9,8,270
25.5,0,9,9,271
25.5,0,9,10,272
25.5,0,9,11,273
25.5,0,9,12,274
25.5,0,9,13,276
25.5,0,9,14,277
25.5,0,9,15,278
25.5,0,10,0,261
25.5,0,10,1,262
25.5,0,10,2,264
25.5,0,10,3,265
25.5,0,10,4,266
25.5,0,10,5,267
25.5,0,10,6,269
25.5,0,10,7,270
25.5,0,10,8,271
25.5,0,10,9,272
25.5,0,10,10,274
25.5,0,10,11,275
25.5,0,10,12,276
25.5,0,10,13,277
25.5,0,10,14,278
25.5,0,10,15,280
25.5,0,11,0,262
25.5,0,11,1,264
25.5,0,11,2,265
25.5,0,11,3,266
25.5,0,11,4,268
25.5,0,11,5,269
25.5,0,11,6,270
25.5,0,11,7,271
25.5,0,11,8,273
25.5,0,11,9,274
25.5,0,11,10,275
25.5,0,11,11,276
25.5,0,11,12,277
25.5,0,11,13,279
25.5,0,11,14,280
25.5,0,11,15,281
25.5,0,12,0,264
25.5,0,12,1,265
25.5,0,12,2,266
25.5,0,12,3,268
25.5,0,12,4,269
25.5,0,12,5,270
25.5,0,12,6,271
25.5,0,12,7,273
25.5,0,12,8,274
25.5,0,12,9,275
25.5,0,12,10,276
25.5,0,12,11,278
25.5,0,12,12,279
25.5,0,12,13,280
25.5,0,12,14,281
25.5,0,12,15,283
25.5,0,13,0,265
25.5,0,13,1,266
25.5,0,13,2,268
25.5,0,13,3,269
25.5,0,13,4,270
25.5,0,13,5,272
25.5,0,13,6,273
25.5,0,13,7,274
25.5,0,13,8,275
25.5,0,13,9,277
25.5,0,13,10,278
25.5,0,13,11,279
25.5,0,13,12,280
25.5,0,13,13,282
25.5,0,13,14,283
25.5,0,13,15,284
25.5,0,14,0,267
25.5,0,14,1,268
25.5,0,14,2,269
25.5,0,14,3,270
25.5,0,14,4,272
25.5,0,14,5,273
25.5,0,14,6,274
25.5,0,14,7,276
25.5,0,14,8,277
25.5,0,14,9,278
25.5,0,14,10,279
25.5,0,14,11,281
25.5,0,14,12,282
25.5,0,14,13,283
25.5,0,14,14,284
25.5,0,14,15,286
25.5,0,15,0,268
25.5,0,15,1,269
25.5,0,15,2,271
25.5,0,15,3,272
25.5,0,15,4,273
25.5,0,15,5,274
25.5,0,15,6,276
25.5,0,15,7,277
25.5,0,15,8,278
25.5,0,15,9,280
25.5,0,15,10,281
25.5,0,15,11,282
25.5,0,15,12,283
25.5,0,15,13,285
25.5,0,15,14,286
25.5,0,15,15,287
25.5,1,0,0,251
25.5,1,0,1,252
25.5,1,0,2,253
25.5,1,0,3,254
25.5,1,0,4,256
25.5,1,0,5,257
25.5,1,0,6,258
25.5,1,0,7,259
25.5,1,0,8,260
25.5,1,0,9,262
25.5,1,0,10,263
25.5,1,0,11,264
25.5,1,0,12,265
25.5,1,0,13,266
25.5,1,0,14,267
25.5,1,0,15,269
25.5,1,1,0,252
25.5,1,1,1,253
25.5,1,1,2,255
25.5,1,1,3,256
25.5,1,1,4,257
25.5,1,1,5,258
25.5,1,1,6,260
25.5,1,1,7,261
25.5,1,1,8,262
25.5,1,1,9,263
25.5,1,1,10,264
25.5,1,1,11,266
25.5,1,1,12,267
25.5,1,1,13,268
25.5,1,1,14,269
25.5,1,1,15,270
25.5,1,2,0,254
25.5,1,2,1,255
25.5,1,2,2,256
25.5,1,2,3,257
25.5,1,2,4,259
25.5,1,2,5,260
25.5,1,2,6,261
25.5,1,2,7,262
25.5,1,2,8,264
25.5,1,2,9,265
25.5,1,2,10,266
25.5,1,2,11,267
25.5,1,2,12,268
25.5,1,2,13,269
25.5,1,2,14,271
25.5,1,2,15,272
25.5,1,3,0,255
25.5,1,3,1,256
25.5,1,3,2,258
25.5,1,3,3,259
25.5,1,3,4,260
25.5,1,3,5,261
25.5,1,3,6,263
25.5,1,3,7,264
25.5,1,3,8,265
25.5,1,3,9,266
25.5,1,3,10,267
25.5,1,3,11,269
25.5,1,3,12,270
25.5,1,3,13,271
25.5,1,3,14,272
25.5,1,3,15,273
25.5,1,4,0,257
25.5,1,4,1,258
25.5,1,4,2,259
25.5,1,4,3,260
25.5,1,4,4,262
25.5,1,4,5,263
25.5,1,4,6,264
25.5,1,4,7,265
25.5,1,4,8,267
25.5,1,4,9,268
25.5,1,4,10,269
25.5,1,4,11,270
25.5,1,4,12,271
25.5,1,4,13,273
25.5,1,4,14,274
25.5,1,4,15,275
25.5,1,5,0,258
25.5,1,5,1,259
25.5,1,5,2,261
25.5,1,5,3,262
25.5,1,5,4,263
25.5,1,5,5,264
25.5,1,5,6,266
25.5,1,5,7,267
25.5,1,5,8,268
25.5,1,5,9,269
25.5,1,5,10,271
25.5,1,5,11,272
25.5,1,5,12,273
25.5,1,5,13,274
25.5,1,5,14,275
25.5,1,5,15,277
25.5,1,6,0,260
25.5,1,6,1,261
25.5,1,6,2,262
25.5,1,6,3,263
25.5,1,6,4,265
25.5,1,6,5,266
25.5,1,6,6,267
25.5,1,6,7,268
25.5,1,6,8,270
25.5,1,6,9,271
25.5,1,6,10,272
25.5,1,6,11,273
25.5,1,6,12,275
25.5,1,6,13,276
25.5,1,6,14,277
25.5,1,6,15,278
25.5,1,7,0,261
25.5,1,7,1,262
25.5,1,7,2,264
25.5,1,7,3,265
25.5,1,7,4,266
25.5,1,7,5,267
25.5,1,7,6,269
25.5,1,7,7,270
25.5,1,7,8,271
25.5,1,7,9,272
25.5,1,7,10,274
25.5,1,7,11,275
25.5,1,7,12,276
25.5,1,7,13,277
25.5,1,7,14,278
25.5,1,7,15,280
25.5,1,8,0,263
25.5,1,8,1,264
25.5,1,8,2,265
25.5,1,8,3,266
25.5,1,8,4,268
25.5,1,8,5,269
25.5,1,8,6,270
25.5,1,8,7,271
25.5,1,8,8,273
25.5,1,8,9,274
25.5,1,8,10,275
25.5,1,8,11,276
25.5,1,8,12,278
25.5,1,8,13,279
25.5,1,8,14,280
25.5,1,8,15,281
25.5,1,9,0,264
25.5,1,9,1,265
25.5,1,9,2,267
25.5,1,9,3,268
25.5,1,9,4,269
25.5,1,9,5,270
25.5,1,9,6,272
25.5,1,9,7,273
25.5,1,9,8,274
25.5,1,9,9,275
25.5,1,9,10,277
25.5,1,9,11,278
25.5,1,9,12,279
25.5,1,9,13,280
25.5,1,9,14,282
25.5,1,9,15,283
25.5,1,10,0,265
25.5,1,10,1,267
25.5,1,10,2,268
25.5,1,10,3,269
25.5,1,10,4,271
25.5,1,10,5,272
25.5,1,10,6,273
25.5,1,10,7,274
25.5,1,10,8,276
25.5,1,10,9,277
25.5,1,10,10,278
25.5,1,10,11,279
25.5,1,10,12,281
25.5,1,10,13,282
25.5,1,10,14,283
25.5,1,10,15,284
25.5,1,11,0,267
25.5,1,11,1,268
25.5,1,11,2,269
25.5,1,11,3,271
25.5,1,11,4,272
25.5,1,11,5,273
25.5,1,11,6,275
25.5,1,11,7,276
25.5,1,11,8,277
25.5,1,11,9,278
25.5,1,11,10,280
25.5,1,11,11,281
25.5,1,11,12,282
25.5,1,11,13,283
25.5,1,11,14,285
25.5,1,11,15,286
25.5,1,12,0,268
25.5,1,12,1,270
25.5,1,12,2,271
25.5,1,12,3,272
25.5,1,12,4,273
25.5,1,12,5,275
25.5,1,12,6,276
25.5,1,12,7,277
25.5,1,12,8,279
25.5,1,12,9,280
25.5,1,12,10,281
25.5,1,12,11,282
25.5,1,12,12,284
25.5,1,12,13,285
25.5,1,12,14,286
25.5,1,12,15,287
25.5,1,13,0,270
25.5,1,13,1,271
25.5,1,13,2,272
25.5,1,13,3,274
25.5,1,13,4,275
25.5,1,13,5,276
25.5,1,13,6,278
25.5,1,13,7,279
25.5,1,13,8,280
25.5,1,13,9,281
25.5,1,13,10,283
25.5,1,13,11,284
25.5,1,13,12,285
25.5,1,13,13,286
25.5,1,13,14,288
25.5,1,13,15,289
25.5,1,14,0,271
25.5,1,14,1,272
25.5,1,14,2,274
25.5,1,14,3,275
25.5,1,14,4,276
25.5,1,14,5,278
25.5,1,14,6,279
25.5,1,14,7,280
25.5,1,14,8,282
25.5,1,14,9,283
25.5,1,14,10,284
25.5,1,14,11,285
25.5,1,14,12,287
25.5,1,14,13,288
25.5,1,14,14,289
25.5,1,14,15,290
25.5,1,15,0,272
25.5,1,15,1,274
25.5,1,15,2,275
25.5,1,15,3,276
25.5,1,15,4,278
25.5,1,15,5,279
25.5,1,15,6,280
25.5,1,15,7,282
25.5,1,15,8,283
25.5,1,15,9,284
25.5,1,15,10,286
25.5,1,15,11,287
25.5,1,15,12,288
25.5,1,15,13,289
25.5,1,15,14,291
25.5,1,15,15,292
25.5,2,0,0,255
25.5,2,0,1,256
25.5,2,0,2,257
25.5,2,0,3,259
25.5,2,0,4,260
25.5,2,0,5,261
25.5,2,0,6,262
25.5,2,0,7,264
25.5,2,0,8,265
25.5,2,0,9,266
25.5,2,0,10,267
25.5,2,0,11,268
25.5,2,0,12,270
25.5,2,0,13,271
25.5,2,0,14,272
25.5,2,0,15,273
25.5,2,1,0,256
25.5,2,1,1,258
25.5,2,1,2,259
25.5,2,1,3,260
25.5,2,1,4,261
25.5,2,1,5,263
25.5,2,1,6,264
25.5,2,1,7,265
25.5,2,1,8,266
25.5,2,1,9,268
25.5,2,1,10,269
25.5,2,1,11,270
25.5,2,1,12,271
25.5,2,1,13,272
25.5,2,1,14,274
25.5,2,1,15,275
25.5,2,2,0,258
25.5,2,2,1,259
25.5,2,2,2,260
25.5,2,2,3,262
25.5,2,2,4,263
25.5,2,2,5,264
25.5,2,2,6,265
25.5,2,2,7,267
25.5,2,2,8,268
25.5,2,2,9,269
25.5,2,2,10,270
25.5,2,2,11,272
25.5,2,2,12,273
25.5,2,2,13,274
25.5,2,2,14,275
25.5,2,2,15,276
25.5,2,3,0,259
25.5,2,3,1,261
25.5,2,3,2,262
25.5,2,3,3,263
25.5,2,3,4,265
25.5,2,3,5,266
25.5,2,3,6,267
25.5,2,3,7,268
25.5,2,3,8,269
25.5,2,3,9,271
25.5,2,3,10,272
25.5,2,3,11,273
25.5,2,3,12,274
25.5,2,3,13,276
25.5,2,3,14,277
25.5,2,3,15,278
25.5,2,4,0,261
25.5,2,4,1,262
25.5,2,4,2,264
25.5,2,4,3,265
25.5,2,4,4,266
25.5,2,4,5,267
25.5,2,4,6,269
25.5,2,4,7,270
25.5,2,4,8,271
25.5,2,4,9,272
25.5,2,4,10,274
25.5,2,4,11,275
25.5,2,4,12,276
25.5,2,4,13,277
25.5,2,4,14,278
25.5,2,4,15,280
25.5,2,5,0,262
25.5,2,5,1,264
25.5,2,5,2,265
25.5,2,5,3,266
25.5,2,5,4,268
25.5,2,5,5,269
25.5,2,5,6,270
25.5,2,5,7,271
25.5,2,5,8,273
25.5,2,5,9,274
25.5,2,5,10,275
25.5,2,5,11,276
25.5,2,5,12,278
25.5,2,5,13,279
25.5,2,5,14,280
25.5,2,5,15,281
25.5,2,6,0,264
25.5,2,6,1,265
25.5,2,6,2,267
25.5,2,6,3,268
25.5,2,6,4,269
25.5,2,6,5,270
25.5,2,6,6,272
25.5,2,6,7,273
25.5,2,6,8,274
25.5,2,6,9,275
25.5,2,6,10,277
25.5,2,6,11,278
25.5,2,6,12,279
25.5,2,6,13,280
25.5,2,6,14,282
25.5,2,6,15,283
25.5,2,7,0,265
25.5,2,7,1,267
25.5,2,7,2,268
25.5,2,7,3,269
25.5,2,7,4,271
25.5,2,7,5,272
25.5,2,7,6,273
25.5,2,7,7,274
25.5,2,7,8,276
25.5,2,7,9,277
25.5,2,7,10,278
25.5,2,7,11,279
25.5,2,7,12,281
25.5,2,7,13,282
25.5,2,7,14,283
25.5,2,7,15,284
25.5,2,8,0,267
25.5,2,8,1,268
25.5,2,8,2,270
25.5,2,8,3,271
25.5,2,8,4,272
25.5,2,8,5,273
25.5,2,8,6,275
25.5,2,8,7,276
25.5,2,8,8,277
25.5,2,8,9,278
25.5,2,8,10,280
25.5,2,8,11,281
25.5,2,8,12,282
25.5,2,8,13,283
25.5,2,8,14,285
25.5,2,8,15,286
25.5,2,9,0,268
25.5,2,9,1,270
25.5,2,9,2,271
25.5,2,9,3,272
25.5,2,9,4,274
25.5,2,9,5,275
25.5,2,9,6,276
25.5,2,9,7,277
25.5,2,9,8,279
25.5,2,9,9,280
25.5,2,9,10,281
25.5,2,9,11,283
25.5,2,9,12,284
25.5,2,9,13,285
25.5,2,9,14,286
25.5,2,9,15,287
25.5,2,10,0,270
25.5,2,10,1,271
25.5,2,10,2,272
25.5,2,10,3,274
25.5,2,10,4,275
25.5,2,10,5,276
25.5,2,10,6,278
25.5,2,10,7,279
25.5,2,10,8,280
25.5,2,10,9,282
25.5,2,10,10,283
25.5,2,10,11,284
25.5,2,10,12,285
25.5,2,10,13,287
25.5,2,10,14,288
25.5,2,10,15,289
25.5,2,11,0,271
25.5,2,11,1,273
25.5,2,11,2,274
25.5,2,11,3,275
25.5,2,11,4,277
25.5,2,11,5,278
25.5,2,11,6,279
25.5,2,11,7,280
25.5,2,11,8,282
25.5,2,11,9,283
25.5,2,11,10,284
25.5,2,11,11,286
25.5,2,11,12,287
25.5,2,11,13,288
25.5,2,11,14,289
25.5,2,11,15,291
25.5,2,12,0,273
25.5,2,12,1,274
25.5,2,12,2,275
25.5,2,12,3,277
25.5,2,12,4,278
25.5,2,12,5,279
25.5,2,12,6,281
25.5,2,12,7,282
25.5,2,12,8,283
25.5,2,12,9,285
25.5,2,12,10,286
25.5,2,12,11,287
25.5,2,12,12,288
25.5,2,12,13,290
25.5,2,12,14,291
25.5,2,12,15,292
25.5,2,13,0,274
25.5,2,13,1,276
25.5,2,13,2,277
25.5,2,13,3,278
25.5,2,13,4,280
25.5,2,13,5,281
25.5,2,13,6,282
25.5,2,13,7,283
25.5,2,13,8,285
25.5,2,13,9,286
25.5,2,13,10,287
25.5,2,13,11,289
25.5,2,13,12,290
25.5,2,13,13,291
25.5,2,13,14,292
25.5,2,13,15,294
25.5,2,14,0,276
25.5,2,14,1,277
25.5,2,14,2,278
25.5,2,14,3,280
25.5,2,14,4,281
25.5,2,14,5,282
25.5,2,14,6,284
25.5,2,14,7,285
25.5,2,14,8,286
25.5,2,14,9,288
25.5,2,14,10,289
25.5,2,14,11,290
25.5,2,14,12,291
25.5,2,14,13,293
25.5,2,14,14,294
25.5,2,14,15,295
25.5,2,15,0,277
25.5,2,15,1,278
25.5,2,15,2,280
25.5,2,15,3,281
25.5,2,15,4,282
25.5,2,15,5,284
25.5,2,15,6,285
25.5,2,15,7,286
25.5,2,15,8,288
25.5,2,15,9,289
25.5,2,15,10,290
25.5,2,15,11,292
25.5,2,15,12,293
25.5,2,15,13,294
25.5,2,15,14,295
25.5,2,15,15,297
25.5,3,0,0,259
25.5,3,0,1,260
25.5,3,0,2,262
25.5,3,0,3,263
25.5,3,0,4,264
25.5,3,0,5,265
25.5,3,0,6,267
25.5,3,0,7,268
25.5,3,0,8,269
25.5,3,0,9,270
25.5,3,0,10,272
25.5,3,0,11,273
25.5,3,0,12,274
25.5,3,0,13,275
25.5,3,0,14,276
25.5,3,0,15,278
25.5,3,1,0,261
25.5,3,1,1,262
25.5,3,1,2,263
25.5,3,1,3,264
25.5,3,1,4,266
25.5,3,1,5,267
25.5,3,1,6,268
25.5,3,1,7,269
25.5,3,1,8,271
25.5,3,1,9,272
25.5,3,1,10,273
25.5,3,1,11,274
25.5,3,1,12,276
25.5,3,1,13,277
25.5,3,1,14,278
25.5,3,1,15,279
25.5,3,2,0,262
25.5,3,2,1,263
25.5,3,2,2,265
25.5,3,2,3,266
25.5,3,2,4,267
25.5,3,2,5,269
25.5,3,2,6,270
25.5,3,2,7,271
25.5,3,2,8,272
25.5,3,2,9,274
25.5,3,2,10,275
25.5,3,2,11,276
25.5,3,2,12,277
25.5,3,2,13,278
25.5,3,2,14,280
25.5,3,2,15,281
25.5,3,3,0,264
25.5,3,3,1,265
25.5,3,3,2,266
25.5,3,3,3,268
25.5,3,3,4,269
25.5,3,3,5,270
25.5,3,3,6,271
25.5,3,3,7,273
25.5,3,3,8,274
25.5,3,3,9,275
25.5,3,3,10,276
25.5,3,3,11,278
25.5,3,3,12,279
25.5,3,3,13,280
25.5,3,3,14,281
25.5,3,3,15,283
25.5,3,4,0,265
25.5,3,4,1,267
25.5,3,4,2,268
25.5,3,4,3,269
25.5,3,4,4,270
25.5,3,4,5,272
25.5,3,4,6,273
25.5,3,4,7,274
25.5,3,4,8,276
25.5,3,4,9,277
25.5,3,4,10,278
25.5,3,4,11,279
25.5,3,4,12,280
25.5,3,4,13,282
25.5,3,4,14,283
25.5,3,4,15,284
25.5,3,5,0,267
25.5,3,5,1,268
25.5,3,5,2,269
25.5,3,5,3,271
25.5,3,5,4,272
25.5,3,5,5,273
25.5,3,5,6,275
25.5,3,5,7,276
25.5,3,5,8,277
25.5,3,5,9,278
25.5,3,5,10,280
25.5,3,5,11,281
25.5,3,5,12,282
25.5,3,5,13,283
25.5,3,5,14,285
25.5,3,5,15,286
25.5,3,6,0,268
25.5,3,6,1,270
25.5,3,6,2,271
25.5,3,6,3,272
25.5,3,6,4,274
25.5,3,6,5,275
25.5,3,6,6,276
25.5,3,6,7,277
25.5,3,6,8,279
25.5,3,6,9,280
25.5,3,6,10,281
25.5,3,6,11,282
25.5,3,6,12,284
25.5,3,6,13,285
25.5,3,6,14,286
25.5,3,6,15,287
25.5,3,7,0,270
25.5,3,7,1,271
25.5,3,7,2,272
25.5,3,7,3,274
25.5,3,7,4,275
25.5,3,7,5,276
25.5,3,7,6,278
25.5,3,7,7,279
25.5,3,7,8,280
25.5,3,7,9,281
25.5,3,7,10,283
25.5,3,7,11,284
25.5,3,7,12,285
25.5,3,7,13,287
25.5,3,7,14,288
25.5,3,7,15,289
25.5,3,8,0,271
25.5,3,8,1,273
25.5,3,8,2,274
25.5,3,8,3,275
25.5,3,8,4,277
25.5,3,8,5,278
25.5,3,8,6,279
25.5,3,8,7,280
25.5,3,8,8,282
25.5,3,8,9,283
25.5,3,8,10,284
25.5,3,8,11,286
25.5,3,8,12,287
25.5,3,8,13,288
25.5,3,8,14,289
25.5,3,8,15,291
25.5,3,9,0,273
25.5,3,9,1,274
25.5,3,9,2,275
25.5,3,9,3,277
25.5,3,9,4,278
25.5,3,9,5,279
25.5,3,9,6,281
25.5,3,9,7,282
25.5,3,9,8,283
25.5,3,9,9,285
25.5,3,9,10,286
25.5,3,9,11,287
25.5,3,9,12,288
25.5,3,9,13,290
25.5,3,9,14,291
25.5,3,9,15,292
25.5,3,10,0,274
25.5,3,10,1,276
25.5,3,10,2,277
25.5,3,10,3,278
25.5,3,10,4,280
25.5,3,10,5,281
25.5,3,10,6,282
25.5,3,10,7,284
25.5,3,10,8,285
25.5,3,10,9,286
25.5,3,10,10,287
25.5,3,10,11,289
25.5,3,10,12,290
25.5,3,10,13,291
25.5,3,10,14,293
25.5,3,10,15,294
25.5,3,11,0,276
25.5,3,11,1,277
25.5,3,11,2,278
25.5,3,11,3,280
25.5,3,11,4,281
25.5,3,11,5,282
25.5,3,11,6,284
25.5,3,11,7,285
25.5,3,11,8,286
25.5,3,11,9,288
25.5,3,11,10,289
25.5,3,11,11,290
25.5,3,11,12,292
25.5,3,11,13,293
25.5,3,11,14,294
25.5,3,11,15,295
25.5,3,12,0,277
25.5,3,12,1,279
25.5,3,12,2,280
25.5,3,12,3,281
25.5,3,12,4,283
25.5,3,12,5,284
25.5,3,12,6,285
25.5,3,12,7,287
25.5,3,12,8,288
25.5,3,12,9,289
25.5,3,12,10,291
25.5,3,12,11,292
25.5,3,12,12,293
25.5,3,12,13,294
25.5,3,12,14,296
25.5,3,12,15,297
25.5,3,13,0,279
25.5,3,13,1,280
25.5,3,13,2,281
25.5,3,13,3,283
25.5,3,13,4,284
25.5,3,13,5,285
25.5,3,13,6,287
25.5,3,13,7,288
25.5,3,13,8,289
25.5,3,13,9,291
25.5,3,13,10,292
25.5,3,13,11,293
25.5,3,13,12,295
25.5,3,13,13,296
25.5,3,13,14,297
25.5,3,13,15,299
25.5,3,14,0,280
25.5,3,14,1,282
25.5,3,14,2,283
25.5,3,14,3,284
25.5,3,14,4,286
25.5,3,14,5,287
25.5,3,14,6,288
25.5,3,14,7,290
25.5,3,14,8,291
25.5,3,14,9,292
25.5,3,14,10,294
25.5,3,14,11,295
25.5,3,14,12,296
25.5,3,14,13,297
25.5,3,14,14,299
25.5,3,14,15,300
25.5,3,15,0,282
25.5,3,15,1,283
25.5,3,15,2,284
25.5,3,15,3,286
25.5,3,15,4,287
25.5,3,15,5,288
25.5,3,15,6,290
25.5,3,15,7,291
25.5,3,15,8,292
25.5,3,15,9,294
25.5,3,15,10,295
25.5,3,15,11,296
25.5,3,15,12,298
25.5,3,15,13,299
25.5,3,15,14,300
25.5,3,15,15,302
25.5,4,0,0,263
25.5,4,0,1,265
25.5,4,0,2,266
25.5,4,0,3,267
25.5,4,0,4,268
25.5,4,0,5,270
25.5,4,0,6,271
25.5,4,0,7,272
25.5,4,0,8,273
25.5,4,0,9,275
25.5,4,0,10,276
25.5,4,0,11,277
25.5,4,0,12,278
25.5,4,0,13,280
25.5,4,0,14,281
25.5,4,0,15,282
25.5,4,1,0,265
25.5,4,1,1,266
25.5,4,1,2,267
25.5,4,1,3,269
25.5,4,1,4,270
25.5,4,1,5,271
25.5,4,1,6,273
25.5,4,1,7,274
25.5,4,1,8,275
25.5,4,1,9,276
25.5,4,1,10,278
25.5,4,1,11,279
25.5,4,1,12,280
25.5,4,1,13,281
25.5,4,1,14,282
25.5,4,1,15,284
25.5,4,2,0,266
25.5,4,2,1,268
25.5,4,2,2,269
25.5,4,2,3,270
25.5,4,2,4,272
25.5,4,2,5,273
25.5,4,2,6,274
25.5,4,2,7,275
25.5,4,2,8,277
25.5,4,2,9,278
25.5,4,2,10,279
25.5,4,2,11,280
25.5,4,2,12,282
25.5,4,2,13,283
25.5,4,2,14,284
25.5,4,2,15,285
25.5,4,3,0,268
25.5,4,3,1,269
25.5,4,3,2,271
25.5,4,3,3,272
25.5,4,3,4,273
25.5,4,3,5,275
25.5,4,3,6,276
25.5,4,3,7,277
25.5,4,3,8,278
25.5,4,3,9,280
25.5,4,3,10,281
25.5,4,3,11,282
25.5,4,3,12,283
25.5,4,3,13,285
25.5,4,3,14,286
25.5,4,3,15,287
25.5,4,4,0,270
25.5,4,4,1,271
25.5,4,4,2,272
25.5,4,4,3,274
25.5,4,4,4,275
25.5,4,4,5,276
25.5,4,4,6,277
25.5,4,4,7,279
25.5,4,4,8,280
25.5,4,4,9,281
25.5,4,4,10,282
25.5,4,4,11,284
25.5,4,4,12,285
25.5,4,4,13,286
25.5,4,4,14,288
25.5,4,4,15,289
25.5,4,5,0,271
25.5,4,5,1,272
25.5,4,5,2,274
25.5,4,5,3,275
25.5,4,5,4,276
25.5,4,5,5,278
25.5,4,5,6,279
25.5,4,5,7,280
25.5,4,5,8,282
25.5,4,5,9,283
25.5,4,5,10,284
25.5,4,5,11,285
25.5,4,5,12,287
25.5,4,5,13,288
25.5,4,5,14,289
25.5,4,5,15,290
25.5,4,6,0,273
25.5,4,6,1,274
25.5,4,6,2,275
25.5,4,6,3,277
25.5,4,6,4,278
25.5,4,6,5,279
25.5,4,6,6,281
25.5,4,6,7,282
25.5,4,6,8,283
25.5,4,6,9,284
25.5,4,6,10,286
25.5,4,6,11,287
25.5,4,6,12,288
25.5,4,6,13,290
25.5,4,6,14,291
25.5,4,6,15,292
25.5,4,7,0,274
25.5,4,7,1,276
25.5,4,7,2,277
25.5,4,7,3,278
25.5,4,7,4,280
25.5,4,7,5,281
25.5,4,7,6,282
25.5,4,7,7,283
25.5,4,7,8,285
25.5,4,7,9,286
25.5,4,7,10,287
25.5,4,7,11,289
25.5,4,7,12,290
25.5,4,7,13,291
25.5,4,7,14,292
25.5,4,7,15,294
25.5,4,8,0,276
25.5,4,8,1,277
25.5,4,8,2,278
25.5,4,8,3,280
25.5,4,8,4,281
25.5,4,8,5,282
25.5,4,8,6,284
25.5,4,8,7,285
25.5,4,8,8,286
25.5,4,8,9,288
25.5,4,8,10,289
25.5,4,8,11,290
25.5,4,8,12,292
25.5,4,8,13,293
25.5,4,8,14,294
25.5,4,8,15,295
25.5,4,9,0,277
25.5,4,9,1,279
25.5,4,9,2,280
25.5,4,9,3,281
25.5,4,9,4,283
25.5,4,9,5,284
25.5,4,9,6,285
25.5,4,9,7,287
25.5,4,9,8,288
25.5,4,9,9,289
25.5,4,9,10,291
25.5,4,9,11,292
25.5,4,9,12,293
25.5,4,9,13,294
25.5,4,9,14,296
25.5,4,9,15,297
25.5,4,10,0,279
25.5,4,10,1,280
25.5,4,10,2,281
25.5,4,10,3,283
25.5,4,10,4,284
25.5,4,10,5,285
25.5,4,10,6,287
25.5,4,10,7,288
25.5,4,10,8,289
25.5,4,10,9,291
25.5,4,10,10,292
25.5,4,10,11,293
25.5,4,10,12,295
25.5,4,10,13,296
25.5,4,10,14,297
25.5,4,10,15,299
25.5,4,11,0,280
25.5,4,11,1,282
25.5,4,11,2,283
25.5,4,11,3,284
25.5,4,11,4,286
25.5,4,11,5,287
25.5,4,11,6,288
25.5,4,11,7,290
25.5,4,11,8,291
25.5,4,11,9,292
25.5,4,11,10,294
25.5,4,11,11,295
25.5,4,11,12,296
25.5,4,11,13,298
25.5,4,11,14,299
25.5,4,11,15,300
25.5,4,12,0,282
25.5,4,12,1,283
25.5,4,12,2,284
25.5,4,12,3,286
25.5,4,12,4,287
25.5,4,12,5,289
25.5,4,12,6,290
25.5,4,12,7,291
25.5,4,12,8,293
25.5,4,12,9,294
25.5,4,12,10,295
25.5,4,12,11,297
25.5,4,12,12,298
25.5,4,12,13,299
25.5,4,12,14,300
25.5,4,12,15,302
25.5,4,13,0,283
25.5,4,13,1,285
25.5,4,13,2,286
25.5,4,13,3,287
25.5,4,13,4,289
25.5,4,13,5,290
25.5,4,13,6,291
25.5,4,13,7,293
25.5,4,13,8,294
25.5,4,13,9,295
25.5,4,13,10,297
25.5,4,13,11,298
25.5,4,13,12,299
25.5,4,13,13,301
25.5,4,13,14,302
25.5,4,13,15,303
25.5,4,14,0,285
25.5,4,14,1,286
25.5,4,14,2,287
25.5,4,14,3,289
25.5,4,14,4,290
25.5,4,14,5,292
25.5,4,14,6,293
25.5,4,14,7,294
25.5,4,14,8,296
25.5,4,14,9,297
25.5,4,14,10,298
25.5,4,14,11,300
25.5,4,14,12,301
25.5,4,14,13,302
25.5,4,14,14,304
25.5,4,14,15,305
25.5,4,15,0,286
25.5,4,15,1,288
25.5,4,15,2,289
25.5,4,15,3,290
25.5,4,15,4,292
25.5,4,15,5,293
25.5,4,15,6,294
25.5,4,15,7,296
25.5,4,15,8,297
25.5,4,15,9,299
25.5,4,15,10,300
25.5,4,15,11,301
25.5,4,15,12,303
25.5,4,15,13,304
25.5,4,15,14,305
25.5,4,15,15,306
25.5,5,0,0,267
25.5,5,0,1,269
25.5,5,0,2,270
25.5,5,0,3,271
25.5,5,0,4,273
25.5,5,0,5,274
25.5,5,0,6,275
25.5,5,0,7,277
25.5,5,0,8,278
25.5,5,0,9,279
25.5,5,0,10,280
25.5,5,0,11,282
25.5,5,0,12,283
25.5,5,0,13,284
25.5,5,0,14,285
25.5,5,0,15,286
25.5,5,1,0,269
25.5,5,1,1,270
25.5,5,1,2,272
25.5,5,1,3,273
25.5,5,1,4,274
25.5,5,1,5,276
25.5,5,1,6,277
25.5,5,1,7,278
25.5,5,1,8,279
25.5,5,1,9,281
25.5,5,1,10,282
25.5,5,1,11,283
25.5,5,1,12,284
25.5,5,1,13,286
25.5,5,1,14,287
25.5,5,1,15,288
25.5,5,2,0,271
25.5,5,2,1,272
25.5,5,2,2,273
25.5,5,2,3,275
25.5,5,2,4,276
25.5,5,2,5,277
25.5,5,2,6,279
25.5,5,2,7,280
25.5,5,2,8,281
25.5,5,2,9,282
25.5,5,2,10,284
25.5,5,2,11,285
25.5,5,2,12,286
25.5,5,2,13,287
25.5,5,2,14,289
25.5,5,2,15,290
25.5,5,3,0,272
25.5,5,3,1,274
25.5,5,3,2,275
25.5,5,3,3,276
25.5,5,3,4,278
25.5,5,3,5,279
25.5,5,3,6,280
25.5,5,3,7,281
25.5,5,3,8,283
25.5,5,3,9,284
25.5,5,3,10,285
25.5,5,3,11,287
25.5,5,3,12,288
25.5,5,3,13,289
25.5,5,3,14,290
25.5,5,3,15,292
25.5,5,4,0,274
25.5,5,4,1,275
25.5,5,4,2,277
25.5,5,4,3,278
25.5,5,4,4,279
25.5,5,4,5,280
25.5,5,4,6,282
25.5,5,4,7,283
25.5,5,4,8,284
25.5,5,4,9,286
25.5,5,4,10,287
25.5,5,4,11,288
25.5,5,4,12,290
25.5,5,4,13,291
25.5,5,4,14,292
25.5,5,4,15,293
25.5,5,5,0,275
25.5,5,5,1,277
25.5,5,5,2,278
25.5,5,5,3,279
25.5,5,5,4,281
25.5,5,5,5,282
25.5,5,5,6,283
25.5,5,5,7,285
25.5,5,5,8,286
25.5,5,5,9,287
25.5,5,5,10,289
25.5,5,5,11,290
25.5,5,5,12,291
25.5,5,5,13,292
25.5,5,5,14,294
25.5,5,5,15,295
25.5,5,6,0,277
25.5,5,6,1,278
25.5,5,6,2,280
25.5,5,6,3,281
25.5,5,6,4,282
25.5,5,6,5,284
25.5,5,6,6,285
25.5,5,6,7,286
25.5,5,6,8,288
25.5,5,6,9,289
25.5,5,6,10,290
25.5,5,6,11,292
25.5,5,6,12,293
25.5,5,6,13,294
25.5,5,6,14,295
25.5,5,6,15,297
25.5,5,7,0,279
25.5,5,7,1,280
25.5,5,7,2,281
25.5,5,7,3,283
25.5,5,7,4,284
25.5,5,7,5,285
25.5,5,7,6,287
25.5,5,7,7,288
25.5,5,7,8,289
25.5,5,7,9,291
25.5,5,7,10,292
25.5,5,7,11,293
25.5,5,7,12,295
25.5,5,7,13,296
25.5,5,7,14,297
25.5,5,7,15,298
25.5,5,8,0,280
25.5,5,8,1,281
25.5,5,8,2,283
25.5,5,8,3,284
25.5,5,8,4,286
25.5,5,8,5,287
25.5,5,8,6,288
25.5,5,8,7,290
25.5,5,8,8,291
25.5,5,8,9,292
25.5,5,8,10,294
25.5,5,8,11,295
25.5,5,8,12,296
25.5,5,8,13,297
25.5,5,8,14,299
25.5,5,8,15,300
25.5,5,9,0,282
25.5,5,9,1,283
25.5,5,9,2,284
25.5,5,9,3,286
25.5,5,9,4,287
25.5,5,9,5,288
25.5,5,9,6,290
25.5,5,9,7,291
25.5,5,9,8,292
25.5,5,9,9,294
25.5,5,9,10,295
25.5,5,9,11,296
25.5,5,9,12,298
25.5,5,9,13,299
25.5,5,9,14,300
25.5,5,9,15,302
25.5,5,10,0,283
25.5,5,10,1,285
25.5,5,10,2,286
25.5,5,10,3,287
25.5,5,10,4,289
25.5,5,10,5,290
25.5,5,10,6,291
25.5,5,10,7,293
25.5,5,10,8,294
25.5,5,10,9,295
25.5,5,10,10,297
25.5,5,10,11,298
25.5,5,10,12,299
25.5,5,10,13,301
25.5,5,10,14,302
25.5,5,10,15,303
25.5,5,11,0,285
25.5,5,11,1,286
25.5,5,11,2,287
25.5,5,11,3,289
25.5,5,11,4,290
25.5,5,11,5,292
25.5,5,11,6,293
25.5,5,11,7,294
25.5,5,11,8,296
25.5,5,11,9,297
25.5,5,11,10,298
25.5,5,11,11,300
25.5,5,11,12,301
25.5,5,11,13,302
25.5,5,11,14,304
25.5,5,11,15,305
25.5,5,12,0,286
25.5,5,12,1,288
25.5,5,12,2,289
25.5,5,12,3,290
25.5,5,12,4,292
25.5,5,12,5,293
25.5,5,12,6,295
25.5,5,12,7,296
25.5,5,12,8,297
25.5,5,12,9,299
25.5,5,12,10,300
25.5,5,12,11,301
25.5,5,12,12,303
25.5,5,12,13,304
25.5,5,12,14,305
25.5,5,12,15,307
25.5,5,13,0,288
25.5,5,13,1,289
25.5,5,13,2,291
25.5,5,13,3,292
25.5,5,13,4,293
25.5,5,13,5,295
25.5,5,13,6,296
25.5,5,13,7,297
25.5,5,13,8,299
25.5,5,13,9,300
25.5,5,13,10,301
25.5,5,13,11,303
25.5,5,13,12,304
25.5,5,13,13,306
25.5,5,13,14,307
25.5,5,13,15,308
25.5,5,14,0,289
25.5,5,14,1,291
25.5,5,14,2,292
25.5,5,14,3,293
25.5,5,14,4,295
25.5,5,14,5,296
25.5,5,14,6,298
25.5,5,14,7,299
25.5,5,14,8,300
25.5,5,14,9,302
25.5,5,14,10,303
25.5,5,14,11,304
25.5,5,14,12,306
25.5,5,14,13,307
25.5,5,14,14,308
25.5,5,14,15,310
25.5,5,15,0,291
25.5,5,15,1,292
25.5,5,15,2,294
25.5,5,15,3,295
25.5,5,15,4,296
25.5,5,15,5,298
25.5,5,15,6,299
25.5,5,15,7,301
25.5,5,15,8,302
25.5,5,15,9,303
25.5,5,15,10,305
25.5,5,15,11,306
25.5,5,15,12,307
25.5,5,15,13,309
25.5,5,15,14,310
25.5,5,15,15,311
25.5,6,0,0,272
25.5,6,0,1,273
25.5,6,0,2,274
25.5,6,0,3,276
25.5,6,0,4,277
25.5,6,0,5,278
25.5,6,0,6,280
25.5,6,0,7,281
25.5,6,0,8,282
25.5,6,0,9,283
25.5,6,0,10,285
25.5,6,0,11,286
25.5,6,0,12,287
25.5,6,0,13,288
25.5,6,0,14,290
25.5,6,0,15,291
25.5,6,1,0,273
25.5,6,1,1,275
25.5,6,1,2,276
25.5,6,1,3,277
25.5,6,1,4,279
25.5,6,1,5,280
25.5,6,1,6,281
25.5,6,1,7,283
25.5,6,1,8,284
25.5,6,1,9,285
25.5,6,1,10,286
25.5,6,1,11,288
25.5,6,1,12,289
25.5,6,1,13,290
25.5,6,1,14,291
25.5,6,1,15,293
25.5,6,2,0,275
25.5,6,2,1,276
25.5,6,2,2,278
25.5,6,2,3,279
25.5,6,2,4,280
25.5,6,2,5,282
25.5,6,2,6,283
25.5,6,2,7,284
25.5,6,2,8,286
25.5,6,2,9,287
25.5,6,2,10,288
25.5,6,2,11,289
25.5,6,2,12,291
25.5,6,2,13,292
25.5,6,2,14,293
25.5,6,2,15,294
25.5,6,3,0,277
25.5,6,3,1,278
25.5,6,3,2,279
25.5,6,3,3,281
25.5,6,3,4,282
25.5,6,3,5,283
25.5,6,3,6,285
25.5,6,3,7,286
25.5,6,3,8,287
25.5,6,3,9,288
25.5,6,3,10,290
25.5,6,3,11,291
25.5,6,3,12,292
25.5,6,3,13,294
25.5,6,3,14,295
25.5,6,3,15,296
25.5,6,4,0,278
25.5,6,4,1,280
25.5,6,4,2,281
25.5,6,4,3,282
25.5,6,4,4,284
25.5,6,4,5,285
25.5,6,4,6,286
25.5,6,4,7,288
25.5,6,4,8,289
25.5,6,4,9,290
25.5,6,4,10,291
25.5,6,4,11,293
25.5,6,4,12,294
25.5,6,4,13,295
25.5,6,4,14,297
25.5,6,4,15,298
25.5,6,5,0,280
25.5,6,5,1,281
25.5,6,5,2,282
25.5,6,5,3,284
25.5,6,5,4,285
25.5,6,5,5,287
25.5,6,5,6,288
25.5,6,5,7,289
25.5,6,5,8,291
25.5,6,5,9,292
25.5,6,5,10,293
25.5,6,5,11,294
25.5,6,5,12,296
25.5,6,5,13,297
25.5,6,5,14,298
25.5,6,5,15,300
25.5,6,6,0,281
25.5,6,6,1,283
25.5,6,6,2,284
25.5,6,6,3,285
25.5,6,6,4,287
25.5,6,6,5,288
25.5,6,6,6,289
25.5,6,6,7,291
25.5,6,6,8,292
25.5,6,6,9,293
25.5,6,6,10,295
25.5,6,6,11,296
25.5,6,6,12,297
25.5,6,6,13,299
25.5,6,6,14,300
25.5,6,6,15,301
25.5,6,7,0,283
25.5,6,7,1,284
25.5,6,7,2,286
25.5,6,7,3,287
25.5,6,7,4,288
25.5,6,7,5,290
25.5,6,7,6,291
25.5,6,7,7,292
25.5,6,7,8,294
25.5,6,7,9,295
25.5,6,7,10,296
25.5,6,7,11,298
25.5,6,7,12,299
25.5,6,7,13,300
25.5,6,7,14,302
25.5,6,7,15,303
25.5,6,8,0,284
25.5,6,8,1,286
25.5,6,8,2,287
25.5,6,8,3,289
25.5,6,8,4,290
25.5,6,8,5,291
25.5,6,8,6,293
25.5,6,8,7,294
25.5,6,8,8,295
25.5,6,8,9,297
25.5,6,8,10,298
25.5,6,8,11,299
25.5,6,8,12,301
25.5,6,8,13,302
25.5,6,8,14,303
25.5,6,8,15,305
25.5,6,9,0,286
25.5,6,9,1,287
25.5,6,9,2,289
25.5,6,9,3,290
25.5,6,9,4,292
25.5,6,9,5,293
25.5,6,9,6,294
25.5,6,9,7,296
25.5,6,9,8,297
25.5,6,9,9,298
25.5,6,9,10,300
25.5,6,9,11,301
25.5,6,9,12,302
25.5,6,9,13,304
25.5,6,9,14,305
25.5,6,9,15,306
25.5,6,10,0,288
25.5,6,10,1,289
25.5,6,10,2,290
25.5,6,10,3,292
25.5,6,10,4,293
25.5,6,10,5,295
25.5,6,10,6,296
25.5,6,10,7,297
25.5,6,10,8,299
25.5,6,10,9,300
25.5,6,10,10,301
25.5,6,10,11,303
25.5,6,10,12,304
25.5,6,10,13,305
25.5,6,10,14,307
25.5,6,10,15,308
25.5,6,11,0,289
25.5,6,11,1,291
25.5,6,11,2,292
25.5,6,11,3,293
25.5,6,11,4,295
25.5,6,11,5,296
25.5,6,11,6,298
25.5,6,11,7,299
25.5,6,11,8,300
25.5,6,11,9,302
25.5,6,11,10,303
25.5,6,11,11,304
25.5,6,11,12,306
25.5,6,11,13,307
25.5,6,11,14,308
25.5,6,11,15,310
25.5,6,12,0,291
25.5,6,12,1,292
25.5,6,12,2,294
25.5,6,12,3,295
25.5,6,12,4,296
25.5,6,12,5,298
25.5,6,12,6,299
25.5,6,12,7,300
25.5,6,12,8,302
25.5,6,12,9,303
25.5,6,12,10,305
25.5,6,12,11,306
25.5,6,12,12,307
25.5,6,12,13,309
25.5,6,12,14,310
25.5,6,12,15,311
25.5,6,13,0,292
25.5,6,13,1,294
25.5,6,13,2,295
25.5,6,13,3,296
25.5,6,13,4,298
25.5,6,13,5,299
25.5,6,13,6,301
25.5,6,13,7,302
25.5,6,13,8,303
25.5,6,13,9,305
25.5,6,13,10,306
25.5,6,13,11,308
25.5,6,13,12,309
25.5,6,13,13,310
25.5,6,13,14,312
25.5,6,13,15,313
25.5,6,14,0,294
25.5,6,14,1,295
25.5,6,14,2,297
25.5,6,14,3,298
25.5,6,14,4,299
25.5,6,14,5,301
25.5,6,14,6,302
25.5,6,14,7,304
25.5,6,14,8,305
25.5,6,14,9,306
25.5,6,14,10,308
25.5,6,14,11,309
25.5,6,14,12,311
25.5,6,14,13,312
25.5,6,14,14,313
25.5,6,14,15,315
25.5,6,15,0,295
25.5,6,15,1,297
25.5,6,15,2,298
25.5,6,15,3,300
25.5,6,15,4,301
25.5,6,15,5,302
25.5,6,15,6,304
25.5,6,15,7,305
25.5,6,15,8,307
25.5,6,15,9,308
25.5,6,15,10,309
25.5,6,15,11,311
25.5,6,15,12,312
25.5,6,15,13,314
25.5,6,15,14,315
25.5,6,15,15,316
25.5,7,0,0,276
25.5,7,0,1,277
25.5,7,0,2,279
25.5,7,0,3,280
25.5,7,0,4,281
25.5,7,0,5,283
25.5,7,0,6,284
25.5,7,0,7,285
25.5,7,0,8,286
25.5,7,0,9,288
25.5,7,0,10,289
25.5,7,0,11,290
25.5,7,0,12,292
25.5,7,0,13,293
25.5,7,0,14,294
25.5,7,0,15,295
25.5,7,1,0,278
25.5,7,1,1,279
25.5,7,1,2,280
25.5,7,1,3,282
25.5,7,1,4,283
25.5,7,1,5,284
25.5,7,1,6,286
25.5,7,1,7,287
25.5,7,1,8,288
25.5,7,1,9,290
25.5,7,1,10,291
25.5,7,1,11,292
25.5,7,1,12,293
25.5,7,1,13,295
25.5,7,1,14,296
25.5,7,1,15,297
25.5,7,2,0,279
25.5,7,2,1,281
25.5,7,2,2,282
25.5,7,2,3,283
25.5,7,2,4,285
25.5,7,2,5,286
25.5,7,2,6,287
25.5,7,2,7,289
25.5,7,2,8,290
25.5,7,2,9,291
25.5,7,2,10,293
25.5,7,2,11,294
25.5,7,2,12,295
25.5,7,2,13,296
25.5,7,2,14,298
25.5,7,2,15,299
25.5,7,3,0,281
25.5,7,3,1,282
25.5,7,3,2,284
25.5,7,3,3,285
25.5,7,3,4,286
25.5,7,3,5,288
25.5,7,3,6,289
25.5,7,3,7,290
25.5,7,3,8,292
25.5,7,3,9,293
25.5,7,3,10,294
25.5,7,3,11,296
25.5,7,3,12,297
25.5,7,3,13,298
25.5,7,3,14,299
25.5,7,3,15,301
25.5,7,4,0,282
25.5,7,4,1,284
25.5,7,4,2,285
25.5,7,4,3,287
25.5,7,4,4,288
25.5,7,4,5,289
25.5,7,4,6,291
25.5,7,4,7,292
25.5,7,4,8,293
25.5,7,4,9,295
25.5,7,4,10,296
25.5,7,4,11,297
25.5,7,4,12,299
25.5,7,4,13,300
25.5,7,4,14,301
25.5,7,4,15,303
25.5,7,5,0,284
25.5,7,5,1,285
25.5,7,5,2,287
25.5,7,5,3,288
25.5,7,5,4,290
25.5,7,5,5,291
25.5,7,5,6,292
25.5,7,5,7,294
25.5,7,5,8,295
25.5,7,5,9,296
25.5,7,5,10,298
25.5,7,5,11,299
25.5,7,5,12,300
25.5,7,5,13,302
25.5,7,5,14,303
25.5,7,5,15,304
25.5,7,6,0,286
25.5,7,6,1,287
25.5,7,6,2,288
25.5,7,6,3,290
25.5,7,6,4,291
25.5,7,6,5,293
25.5,7,6,6,294
25.5,7,6,7,295
25.5,7,6,8,297
25.5,7,6,9,298
25.5,7,6,10,299
25.5,7,6,11,301
25.5,7,6,12,302
25.5,7,6,13,303
25.5,7,6,14,305
25.5,7,6,15,306
25.5,7,7,0,287
25.5,7,7,1,289
25.5,7,7,2,290
25.5,7,7,3,291
25.5,7,7,4,293
25.5,7,7,5,294
25.5,7,7,6,296
25.5,7,7,7,297
25.5,7,7,8,298
25.5,7,7,9,300
25.5,7,7,10,301
25.5,7,7,11,302
25.5,7,7,12,304
25.5,7,7,13,305
25.5,7,7,14,306
25.5,7,7,15,308
25.5,7,8,0,289
25.5,7,8,1,290
25.5,7,8,2,292
25.5,7,8,3,293
25.5,7,8,4,294
25.5,7,8,5,296
25.5,7,8,6,297
25.5,7,8,7,299
25.5,7,8,8,300
25.5,7,8,9,301
25.5,7,8,10,303
25.5,7,8,11,304
25.5,7,8,12,305
25.5,7,8,13,307
25.5,7,8,14,308
25.5,7,8,15,309
25.5,7,9,0,290
25.5,7,9,1,292
25.5,7,9,2,293
25.5,7,9,3,295
25.5,7,9,4,296
25.5,7,9,5,297
25.5,7,9,6,299
25.5,7,9,7,300
25.5,7,9,8,302
25.5,7,9,9,303
25.5,7,9,10,304
25.5,7,9,11,306
25.5,7,9,12,307
25.5,7,9,13,308
25.5,7,9,14,310
25.5,7,9,15,311
25.5,7,10,0,292
25.5,7,10,1,293
25.5,7,10,2,295
25.5,7,10,3,296
25.5,7,10,4,298
25.5,7,10,5,299
25.5,7,10,6,301
25.5,7,10,7,302
25.5,7,10,8,303
25.5,7,10,9,305
25.5,7,10,10,306
25.5,7,10,11,307
25.5,7,10,12,309
25.5,7,10,13,310
25.5,7,10,14,311
25.5,7,10,15,313
25.5,7,11,0,294
25.5,7,11,1,295
25.5,7,11,2,296
25.5,7,11,3,298
25.5,7,11,4,299
25.5,7,11,5,301
25.5,7,11,6,302
25.5,7,11,7,304
25.5,7,11,8,305
25.5,7,11,9,306
25.5,7,11,10,308
25.5,7,11,11,309
25.5,7,11,12,310
25.5,7,11,13,312
25.5,7,11,14,313
25.5,7,11,15,314
25.5,7,12,0,295
25.5,7,12,1,297
25.5,7,12,2,298
25.5,7,12,3,299
25.5,7,12,4,301
25.5,7,12,5,302
25.5,7,12,6,304
25.5,7,12,7,305
25.5,7,12,8,307
25.5,7,12,9,308
25.5,7,12,10,309
25.5,7,12,11,311
25.5,7,12,12,312
25.5,7,12,13,313
25.5,7,12,14,315
25.5,7,12,15,316
25.5,7,13,0,297
25.5,7,13,1,298
25.5,7,13,2,300
25.5,7,13,3,301
25.5,7,13,4,302
25.5,7,13,5,304
25.5,7,13,6,305
25.5,7,13,7,307
25.5,7,13,8,308
25.5,7,13,9,310
25.5,7,13,10,311
25.5,7,13,11,312
25.5,7,13,12,314
25.5,7,13,13,315
25.5,7,13,14,316
25.5,7,13,15,318
25.5,7,14,0,298
25.5,7,14,1,300
25.5,7,14,2,301
25.5,7,14,3,303
25.5,7,14,4,304
25.5,7,14,5,305
25.5,7,14,6,307
25.5,7,14,7,308
25.5,7,14,8,310
25.5,7,14,9,311
25.5,7,14,10,313
25.5,7,14,11,314
25.5,7,14,12,315
25.5,7,14,13,317
25.5,7,14,14,318
25.5,7,14,15,319
25.5,7,15,0,300
25.5,7,15,1,301
25.5,7,15,2,303
25.5,7,15,3,304
25.5,7,15,4,306
25.5,7,15,5,307
25.5,7,15,6,308
25.5,7,15,7,310
25.5,7,15,8,311
25.5,7,15,9,313
25.5,7,15,10,314
25.5,7,15,11,316
25.5,7,15,12,317
25.5,7,15,13,318
25.5,7,15,14,320
25.5,7,15,15,321
25.5,8,0,0,280
25.5,8,0,1,281
25.5,8,0,2,283
25.5,8,0,3,284
25.5,8,0,4,285
25.5,8,0,5,287
25.5,8,0,6,288
25.5,8,0,7,289
25.5,8,0,8,291
25.5,8,0,9,292
25.5,8,0,10,293
25.5,8,0,11,295
25.5,8,0,12,296
25.5,8,0,13,297
25.5,8,0,14,299
25.5,8,0,15,300
25.5,8,1,0,282
25.5,8,1,1,283
25.5,8,1,2,284
25.5,8,1,3,286
25.5,8,1,4,287
25.5,8,1,5,289
25.5,8,1,6,290
25.5,8,1,7,291
25.5,8,1,8,293
25.5,8,1,9,294
25.5,8,1,10,295
25.5,8,1,11,297
25.5,8,1,12,298
25.5,8,1,13,299
25.5,8,1,14,300
25.5,8,1,15,302
25.5,8,2,0,283
25.5,8,2,1,285
25.5,8,2,2,286
25.5,8,2,3,288
25.5,8,2,4,289
25.5,8,2,5,290
25.5,8,2,6,292
25.5,8,2,7,293
25.5,8,2,8,294
25.5,8,2,9,296
25.5,8,2,10,297
25.5,8,2,11,298
25.5,8,2,12,300
25.5,8,2,13,301
25.5,8,2,14,302
25.5,8,2,15,304
25.5,8,3,0,285
25.5,8,3,1,286
25.5,8,3,2,288
25.5,8,3,3,289
25.5,8,3,4,291
25.5,8,3,5,292
25.5,8,3,6,293
25.5,8,3,7,295
25.5,8,3,8,296
25.5,8,3,9,297
25.5,8,3,10,299
25.5,8,3,11,300
25.5,8,3,12,301
25.5,8,3,13,303
25.5,8,3,14,304
25.5,8,3,15,305
25.5,8,4,0,287
25.5,8,4,1,288
25.5,8,4,2,290
25.5,8,4,3,291
25.5,8,4,4,292
25.5,8,4,5,294
25.5,8,4,6,295
25.5,8,4,7,296
25.5,8,4,8,298
25.5,8,4,9,299
25.5,8,4,10,300
25.5,8,4,11,302
25.5,8,4,12,303
25.5,8,4,13,304
25.5,8,4,14,306
25.5,8,4,15,307
25.5,8,5,0,288
25.5,8,5,1,290
25.5,8,5,2,291
25.5,8,5,3,293
25.5,8,5,4,294
25.5,8,5,5,295
25.5,8,5,6,297
25.5,8,5,7,298
25.5,8,5,8,299
25.5,8,5,9,301
25.5,8,5,10,302
25.5,8,5,11,304
25.5,8,5,12,305
25.5,8,5,13,306
25.5,8,5,14,308
25.5,8,5,15,309
25.5,8,6,0,290
25.5,8,6,1,291
25.5,8,6,2,293
25.5,8,6,3,294
25.5,8,6,4,296
25.5,8,6,5,297
25.5,8,6,6,298
25.5,8,6,7,300
25.5,8,6,8,301
25.5,8,6,9,303
25.5,8,6,10,304
25.5,8,6,11,305
25.5,8,6,12,307
25.5,8,6,13,308
25.5,8,6,14,309
25.5,8,6,15,311
25.5,8,7,0,292
25.5,8,7,1,293
25.5,8,7,2,294
25.5,8,7,3,296
25.5,8,7,4,297
25.5,8,7,5,299
25.5,8,7,6,300
25.5,8,7,7,301
25.5,8,7,8,303
25.5,8,7,9,304
25.5,8,7,10,306
25.5,8,7,11,307
25.5,8,7,12,308
25.5,8,7,13,310
25.5,8,7,14,311
25.5,8,7,15,312
25.5,8,8,0,293
25.5,8,8,1,295
25.5,8,8,2,296
25.5,8,8,3,298
25.5,8,8,4,299
25.5,8,8,5,300
25.5,8,8,6,302
25.5,8,8,7,303
25.5,8,8,8,305
25.5,8,8,9,306
25.5,8,8,10,307
25.5,8,8,11,309
25.5,8,8,12,310
25.5,8,8,13,311
25.5,8,8,14,313
25.5,8,8,15,314
25.5,8,9,0,295
25.5,8,9,1,296
25.5,8,9,2,298
25.5,8,9,3,299
25.5,8,9,4,301
25.5,8,9,5,302
25.5,8,9,6,303
25.5,8,9,7,305
25.5,8,9,8,306
25.5,8,9,9,308
25.5,8,9,10,309
25.5,8,9,11,310
25.5,8,9,12,312
25.5,8,9,13,313
25.5,8,9,14,314
25.5,8,9,15,316
25.5,8,10,0,296
25.5,8,10,1,298
25.5,8,10,2,299
25.5,8,10,3,301
25.5,8,10,4,302
25.5,8,10,5,304
25.5,8,10,6,305
25.5,8,10,7,306
25.5,8,10,8,308
25.5,8,10,9,309
25.5,8,10,10,311
25.5,8,10,11,312
25.5,8,10,12,313
25.5,8,10,13,315
25.5,8,10,14,316
25.5,8,10,15,318
25.5,8,11,0,298
25.5,8,11,1,300
25.5,8,11,2,301
25.5,8,11,3,302
25.5,8,11,4,304
25.5,8,11,5,305
25.5,8,11,6,307
25.5,8,11,7,308
25.5,8,11,8,310
25.5,8,11,9,311
25.5,8,11,10,312
25.5,8,11,11,314
25.5,8,11,12,315
25.5,8,11,13,316
25.5,8,11,14,318
25.5,8,11,15,319
25.5,8,12,0,300
25.5,8,12,1,301
25.5,8,12,2,303
25.5,8,12,3,304
25.5,8,12,4,305
25.5,8,12,5,307
25.5,8,12,6,308
25.5,8,12,7,310
25.5,8,12,8,311
25.5,8,12,9,313
25.5,8,12,10,314
25.5,8,12,11,315
25.5,8,12,12,317
25.5,8,12,13,318
25.5,8,12,14,320
25.5,8,12,15,321
25.5,8,13,0,301
25.5,8,13,1,303
25.5,8,13,2,304
25.5,8,13,3,306
25.5,8,13,4,307
25.5,8,13,5,309
25.5,8,13,6,310
25.5,8,13,7,311
25.5,8,13,8,313
25.5,8,13,9,314
25.5,8,13,10,316
25.5,8,13,11,317
25.5,8,13,12,318
25.5,8,13,13,320
25.5,8,13,14,321
25.5,8,13,15,323
25.5,8,14,0,303
25.5,8,14,1,304
25.5,8,14,2,306
25.5,8,14,3,307
25.5,8,14,4,309
25.5,8,14,5,310
25.5,8,14,6,312
25.5,8,14,7,313
25.5,8,14,8,314
25.5,8,14,9,316
25.5,8,14,10,317
25.5,8,14,11,319
25.5,8,14,12,320
25.5,8,14,13,322
25.5,8,14,14,323
25.5,8,14,15,324
25.5,8,15,0,304
25.5,8,15,1,306
25.5,8,15,2,307
25.5,8,15,3,309
25.5,8,15,4,310
25.5,8,15,5,312
25.5,8,15,6,313
25.5,8,15,7,315
25.5,8,15,8,316
25.5,8,15,9,317
25.5,8,15,10,319
25.5,8,15,11,320
25.5,8,15,12,322
25.5,8,15,13,323
25.5,8,15,14,325
25.5,8,15,15,326
25.5,9,0,0,284
25.5,9,0,1,286
25.5,9,0,2,287
25.5,9,0,3,288
25.5,9,0,4,290
25.5,9,0,5,291
25.5,9,0,6,292
25.5,9,0,7,294
25.5,9,0,8,295
25.5,9,0,9,297
25.5,9,0,10,298
25.5,9,0,11,299
25.5,9,0,12,301
25.5,9,0,13,302
25.5,9,0,14,303
25.5,9,0,15,304
25.5,9,1,0,286
25.5,9,1,1,287
25.5,9,1,2,289
25.5,9,1,3,290
25.5,9,1,4,291
25.5,9,1,5,293
25.5,9,1,6,294
25.5,9,1,7,296
25.5,9,1,8,297
25.5,9,1,9,298
25.5,9,1,10,300
25.5,9,1,11,301
25.5,9,1,12,302
25.5,9,1,13,304
25.5,9,1,14,305
25.5,9,1,15,306
25.5,9,2,0,288
25.5,9,2,1,289
25.5,9,2,2,290
25.5,9,2,3,292
25.5,9,2,4,293
25.5,9,2,5,295
25.5,9,2,6,296
25.5,9,2,7,297
25.5,9,2,8,299
25.5,9,2,9,300
25.5,9,2,10,301
25.5,9,2,11,303
25.5,9,2,12,304
25.5,9,2,13,305
25.5,9,2,14,307
25.5,9,2,15,308
25.5,9,3,0,289
25.5,9,3,1,291
25.5,9,3,2,292
25.5,9,3,3,294
25.5,9,3,4,295
25.5,9,3,5,296
25.5,9,3,6,298
25.5,9,3,7,299
25.5,9,3,8,300
25.5,9,3,9,302
25.5,9,3,10,303
25.5,9,3,11,305
25.5,9,3,12,306
25.5,9,3,13,307
25.5,9,3,14,309
25.5,9,3,15,310
25.5,9,4,0,291
25.5,9,4,1,292
25.5,9,4,2,294
25.5,9,4,3,295
25.5,9,4,4,297
25.5,9,4,5,298
25.5,9,4,6,299
25.5,9,4,7,301
25.5,9,4,8,302
25.5,9,4,9,304
25.5,9,4,10,305
25.5,9,4,11,306
25.5,9,4,12,308
25.5,9,4,13,309
25.5,9,4,14,310
25.5,9,4,15,312
25.5,9,5,0,293
25.5,9,5,1,294
25.5,9,5,2,296
25.5,9,5,3,297
25.5,9,5,4,298
25.5,9,5,5,300
25.5,9,5,6,301
25.5,9,5,7,303
25.5,9,5,8,304
25.5,9,5,9,305
25.5,9,5,10,307
25.5,9,5,11,308
25.5,9,5,12,309
25.5,9,5,13,311
25.5,9,5,14,312
25.5,9,5,15,313
25.5,9,6,0,294
25.5,9,6,1,296
25.5,9,6,2,297
25.5,9,6,3,299
25.5,9,6,4,300
25.5,9,6,5,301
25.5,9,6,6,303
25.5,9,6,7,304
25.5,9,6,8,306
25.5,9,6,9,307
25.5,9,6,10,308
25.5,9,6,11,310
25.5,9,6,12,311
25.5,9,6,13,313
25.5,9,6,14,314
25.5,9,6,15,315
25.5,9,7,0,296
25.5,9,7,1,297
25.5,9,7,2,299
25.5,9,7,3,300
25.5,9,7,4,302
25.5,9,7,5,303
25.5,9,7,6,305
25.5,9,7,7,306
25.5,9,7,8,307
25.5,9,7,9,309
25.5,9,7,10,310
25.5,9,7,11,312
25.5,9,7,12,313
25.5,9,7,13,314
25.5,9,7,14,316
25.5,9,7,15,317
25.5,9,8,0,298
25.5,9,8,1,299
25.5,9,8,2,301
25.5,9,8,3,302
25.5,9,8,4,303
25.5,9,8,5,305
25.5,9,8,6,306
25.5,9,8,7,308
25.5,9,8,8,309
25.5,9,8,9,311
25.5,9,8,10,312
25.5,9,8,11,313
25.5,9,8,12,315
25.5,9,8,13,316
25.5,9,8,14,317
25.5,9,8,15,319
25.5,9,9,0,299
25.5,9,9,1,301
25.5,9,9,2,302
25.5,9,9,3,304
25.5,9,9,4,305
25.5,9,9,5,307
25.5,9,9,6,308
25.5,9,9,7,309
25.5,9,9,8,311
25.5,9,9,9,312
25.5,9,9,10,314
25.5,9,9,11,315
25.5,9,9,12,316
25.5,9,9,13,318
25.5,9,9,14,319
25.5,9,9,15,321
25.5,9,10,0,301
25.5,9,10,1,302
25.5,9,10,2,304
25.5,9,10,3,305
25.5,9,10,4,307
25.5,9,10,5,308
25.5,9,10,6,310
25.5,9,10,7,311
25.5,9,10,8,312
25.5,9,10,9,314
25.5,9,10,10,315
25.5,9,10,11,317
25.5,9,10,12,318
25.5,9,10,13,320
25.5,9,10,14,321
25.5,9,10,15,322
25.5,9,11,0,302
25.5,9,11,1,304
25.5,9,11,2,305
25.5,9,11,3,307
25.5,9,11,4,308
25.5,9,11,5,310
25.5,9,11,6,311
25.5,9,11,7,313
25.5,9,11,8,314
25.5,9,11,9,316
25.5,9,11,10,317
25.5,9,11,11,318
25.5,9,11,12,320
25.5,9,11,13,321
25.5,9,11,14,323
25.5,9,11,15,324
25.5,9,12,0,304
25.5,9,12,1,306
25.5,9,12,2,307
25.5,9,12,3,309
25.5,9,12,4,310
25.5,9,12,5,311
25.5,9,12,6,313
25.5,9,12,7,314
25.5,9,12,8,316
25.5,9,12,9,317
25.5,9,12,10,319
25.5,9,12,11,320
25.5,9,12,12,322
25.5,9,12,13,323
25.5,9,12,14,324
25.5,9,12,15,326
25.5,9,13,0,306
25.5,9,13,1,307
25.5,9,13,2,309
25.5,9,13,3,310
25.5,9,13,4,312
25.5,9,13,5,313
25.5,9,13,6,315
25.5,9,13,7,316
25.5,9,13,8,317
25.5,9,13,9,319
25.5,9,13,10,320
25.5,9,13,11,322
25.5,9,13,12,323
25.5,9,13,13,325
25.5,9,13,14,326
25.5,9,13,15,327
25.5,9,14,0,307
25.5,9,14,1,309
25.5,9,14,2,310
25.5,9,14,3,312
25.5,9,14,4,313
25.5,9,14,5,315
25.5,9,14,6,316
25.5,9,14,7,318
25.5,9,14,8,319
25.5,9,14,9,321
25.5,9,14,10,322
25.5,9,14,11,323
25.5,9,14,12,325
25.5,9,14,13,326
25.5,9,14,14,328
25.5,9,14,15,329
25.5,9,15,0,309
25.5,9,15,1,310
25.5,9,15,2,312
25.5,9,15,3,313
25.5,9,15,4,315
25.5,9,15,5,316
25.5,9,15,6,318
25.5,9,15,7,319
25.5,9,15,8,321
25.5,9,15,9,322
25.5,9,15,10,324
25.5,9,15,11,325
25.5,9,15,12,327
25.5,9,15,13,328
25.5,9,15,14,329
25.5,9,15,15,331
25.5,10,0,0,288
25.5,10,0,1,290
25.5,10,0,2,291
25.5,10,0,3,293
25.5,10,0,4,294
25.5,10,0,5,295
25.5,10,0,6,297
25.5,10,0,7,298
25.5,10,0,8,300
25.5,10,0,9,301
25.5,10,0,10,302
25.5,10,0,11,304
25.5,10,0,12,305
25.5,10,0,13,306
25.5,10,0,14,308
25.5,10,0,15,309
25.5,10,1,0,290
25.5,10,1,1,292
25.5,10,1,2,293
25.5,10,1,3,294
25.5,10,1,4,296
25.5,10,1,5,297
25.5,10,1,6,299
25.5,10,1,7,300
25.5,10,1,8,301
25.5,10,1,9,303
25.5,10,1,10,304
25.5,10,1,11,305
25.5,10,1,12,307
25.5,10,1,13,308
25.5,10,1,14,309
25.5,10,1,15,311
25.5,10,2,0,292
25.5,10,2,1,293
25.5,10,2,2,295
25.5,10,2,3,296
25.5,10,2,4,298
25.5,10,2,5,299
25.5,10,2,6,300
25.5,10,2,7,302
25.5,10,2,8,303
25.5,10,2,9,304
25.5,10,2,10,306
25.5,10,2,11,307
25.5,10,2,12,309
25.5,10,2,13,310
25.5,10,2,14,311
25.5,10,2,15,313
25.5,10,3,0,294
25.5,10,3,1,295
25.5,10,3,2,296
25.5,10,3,3,298
25.5,10,3,4,299
25.5,10,3,5,301
25.5,10,3,6,302
25.5,10,3,7,304
25.5,10,3,8,305
25.5,10,3,9,306
25.5,10,3,10,308
25.5,10,3,11,309
25.5,10,3,12,310
25.5,10,3,13,312
25.5,10,3,14,313
25.5,10,3,15,314
25.5,10,4,0,295
25.5,10,4,1,297
25.5,10,4,2,298
25.5,10,4,3,300
25.5,10,4,4,301
25.5,10,4,5,302
25.5,10,4,6,304
25.5,10,4,7,305
25.5,10,4,8,307
25.5,10,4,9,308
25.5,10,4,10,309
25.5,10,4,11,311
25.5,10,4,12,312
25.5,10,4,13,314
25.5,10,4,14,315
25.5,10,4,15,316
25.5,10,5,0,297
25.5,10,5,1,298
25.5,10,5,2,300
25.5,10,5,3,301
25.5,10,5,4,303
25.5,10,5,5,304
25.5,10,5,6,306
25.5,10,5,7,307
25.5,10,5,8,308
25.5,10,5,9,310
25.5,10,5,10,311
25.5,10,5,11,313
25.5,10,5,12,314
25.5,10,5,13,315
25.5,10,5,14,317
25.5,10,5,15,318
25.5,10,6,0,299
25.5,10,6,1,300
25.5,10,6,2,302
25.5,10,6,3,303
25.5,10,6,4,304
25.5,10,6,5,306
25.5,10,6,6,307
25.5,10,6,7,309
25.5,10,6,8,310
25.5,10,6,9,312
25.5,10,6,10,313
25.5,10,6,11,314
25.5,10,6,12,316
25.5,10,6,13,317
25.5,10,6,14,319
25.5,10,6,15,320
25.5,10,7,0,300
25.5,10,7,1,302
25.5,10,7,2,303
25.5,10,7,3,305
25.5,10,7,4,306
25.5,10,7,5,308
25.5,10,7,6,309
25.5,10,7,7,310
25.5,10,7,8,312
25.5,10,7,9,313
25.5,10,7,10,315
25.5,10,7,11,316
25.5,10,7,12,318
25.5,10,7,13,319
25.5,10,7,14,320
25.5,10,7,15,322
25.5,10,8,0,302
25.5,10,8,1,303
25.5,10,8,2,305
25.5,10,8,3,306
25.5,10,8,4,308
25.5,10,8,5,309
25.5,10,8,6,311
25.5,10,8,7,312
25.5,10,8,8,314
25.5,10,8,9,315
25.5,10,8,10,316
25.5,10,8,11,318
25.5,10,8,12,319
25.5,10,8,13,321
25.5,10,8,14,322
25.5,10,8,15,323
25.5,10,9,0,304
25.5,10,9,1,305
25.5,10,9,2,307
25.5,10,9,3,308
25.5,10,9,4,310
25.5,10,9,5,311
25.5,10,9,6,312
25.5,10,9,7,314
25.5,10,9,8,315
25.5,10,9,9,317
25.5,10,9,10,318
25.5,10,9,11,320
25.5,10,9,12,321
25.5,10,9,13,322
25.5,10,9,14,324
25.5,10,9,15,325
25.5,10,10,0,305
25.5,10,10,1,307
25.5,10,10,2,308
25.5,10,10,3,310
25.5,10,10,4,311
25.5,10,10,5,313
25.5,10,10,6,314
25.5,10,10,7,316
25.5,10,10,8,317
25.5,10,10,9,319
25.5,10,10,10,320
25.5,10,10,11,321
25.5,10,10,12,323
25.5,10,10,13,324
25.5,10,10,14,326
25.5,10,10,15,327
25.5,10,11,0,307
25.5,10,11,1,308
25.5,10,11,2,310
25.5,10,11,3,311
25.5,10,11,4,313
25.5,10,11,5,314
25.5,10,11,6,316
25.5,10,11,7,317
25.5,10,11,8,319
25.5,10,11,9,320
25.5,10,11,10,322
25.5,10,11,11,323
25.5,10,11,12,325
25.5,10,11,13,326
25.5,10,11,14,327
25.5,10,11,15,329
25.5,10,12,0,309
25.5,10,12,1,310
25.5,10,12,2,312
25.5,10,12,3,313
25.5,10,12,4,315
25.5,10,12,5,316
25.5,10,12,6,318
25.5,10,12,7,319
25.5,10,12,8,320
25.5,10,12,9,322
25.5,10,12,10,323
25.5,10,12,11,325
25.5,10,12,12,326
25.5,10,12,13,328
25.5,10,12,14,329
25.5,10,12,15,331
25.5,10,13,0,310
25.5,10,13,1,312
25.5,10,13,2,313
25.5,10,13,3,315
25.5,10,13,4,316
25.5,10,13,5,318
25.5,10,13,6,319
25.5,10,13,7,321
25.5,10,13,8,322
25.5,10,13,9,324
25.5,10,13,10,325
25.5,10,13,11,327
25.5,10,13,12,328
25.5,10,13,13,329
25.5,10,13,14,331
25.5,10,13,15,332
25.5,10,14,0,312
25.5,10,14,1,313
25.5,10,14,2,315
25.5,10,14,3,316
25.5,10,14,4,318
25.5,10,14,5,319
25.5,10,14,6,321
25.5,10,14,7,322
25.5,10,14,8,324
25.5,10,14,9,325
25.5,10,14,10,327
25.5,10,14,11,328
25.5,10,14,12,330
25.5,10,14,13,331
25.5,10,14,14,333
25.5,10,14,15,334
25.5,10,15,0,313
25.5,10,15,1,315
25.5,10,15,2,316
25.5,10,15,3,318
25.5,10,15,4,320
25.5,10,15,5,321
25.5,10,15,6,323
25.5,10,15,7,324
25.5,10,15,8,326
25.5,10,15,9,327
25.5,10,15,10,328
25.5,10,15,11,330
25.5,10,15,12,331
25.5,10,15,13,333
25.5,10,15,14,334
25.5,10,15,15,336
25.5,11,0,0,293
25.5,11,0,1,294
25.5,11,0,2,295
25.5,11,0,3,297
25.5,11,0,4,298
25.5,11,0,5,300
25.5,11,0,6,301
25.5,11,0,7,302
25.5,11,0,8,304
25.5,11,0,9,305
25.5,11,0,10,307
25.5,11,0,11,308
25.5,11,0,12,309
25.5,11,0,13,311
25.5,11,0,14,312
25.5,11,0,15,313
25.5,11,1,0,294
25.5,11,1,1,296
25.5,11,1,2,297
25.5,11,1,3,299
25.5,11,1,4,300
25.5,11,1,5,301
25.5,11,1,6,303
25.5,11,1,7,304
25.5,11,1,8,306
25.5,11,1,9,307
25.5,11,1,10,308
25.5,11,1,11,310
25.5,11,1,12,311
25.5,11,1,13,313
25.5,11,1,14,314
25.5,11,1,15,315
25.5,11,2,0,296
25.5,11,2,1,298
25.5,11,2,2,299
25.5,11,2,3,300
25.5,11,2,4,302
25.5,11,2,5,303
25.5,11,2,6,305
25.5,11,2,7,306
25.5,11,2,8,308
25.5,11,2,9,309
25.5,11,2,10,310
25.5,11,2,11,312
25.5,11,2,12,313
25.5,11,2,13,314
25.5,11,2,14,316
25.5,11,2,15,317
25.5,11,3,0,298
25.5,11,3,1,299
25.5,11,3,2,301
25.5,11,3,3,302
25.5,11,3,4,304
25.5,11,3,5,305
25.5,11,3,6,306
25.5,11,3,7,308
25.5,11,3,8,309
25.5,11,3,9,311
25.5,11,3,10,312
25.5,11,3,11,314
25.5,11,3,12,315
25.5,11,3,13,316
25.5,11,3,14,318
25.5,11,3,15,319
25.5,11,4,0,300
25.5,11,4,1,301
25.5,11,4,2,303
25.5,11,4,3,304
25.5,11,4,4,305
25.5,11,4,5,307
25.5,11,4,6,308
25.5,11,4,7,310
25.5,11,4,8,311
25.5,11,4,9,313
25.5,11,4,10,314
25.5,11,4,11,315
25.5,11,4,12,317
25.5,11,4,13,318
25.5,11,4,14,320
25.5,11,4,15,321
25.5,11,5,0,301
25.5,11,5,1,303
25.5,11,5,2,304
25.5,11,5,3,306
25.5,11,5,4,307
25.5,11,5,5,309
25.5,11,5,6,310
25.5,11,5,7,311
25.5,11,5,8,313
25.5,11,5,9,314
25.5,11,5,10,316
25.5,11,5,11,317
25.5,11,5,12,319
25.5,11,5,13,320
25.5,11,5,14,321
25.5,11,5,15,323
25.5,11,6,0,303
25.5,11,6,1,304
25.5,11,6,2,306
25.5,11,6,3,307
25.5,11,6,4,309
25.5,11,6,5,310
25.5,11,6,6,312
25.5,11,6,7,313
25.5,11,6,8,315
25.5,11,6,9,316
25.5,11,6,10,318
25.5,11,6,11,319
25.5,11,6,12,320
25.5,11,6,13,322
25.5,11,6,14,323
25.5,11,6,15,325
25.5,11,7,0,305
25.5,11,7,1,306
25.5,11,7,2,308
25.5,11,7,3,309
25.5,11,7,4,311
25.5,11,7,5,312
25.5,11,7,6,314
25.5,11,7,7,315
25.5,11,7,8,316
25.5,11,7,9,318
25.5,11,7,10,319
25.5,11,7,11,321
25.5,11,7,12,322
25.5,11,7,13,324
25.5,11,7,14,325
25.5,11,7,15,326
25.5,11,8,0,306
25.5,11,8,1,308
25.5,11,8,2,309
25.5,11,8,3,311
25.5,11,8,4,312
25.5,11,8,5,314
25.5,11,8,6,315
25.5,11,8,7,317
25.5,11,8,8,318
25.5,11,8,9,320
25.5,11,8,10,321
25.5,11,8,11,323
25.5,11,8,12,324
25.5,11,8,13,325
25.5,11,8,14,327
25.5,11,8,15,328
25.5,11,9,0,308
25.5,11,9,1,310
25.5,11,9,2,311
25.5,11,9,3,313
25.5,11,9,4,314
25.5,11,9,5,316
25.5,11,9,6,317
25.5,11,9,7,318
25.5,11,9,8,320
25.5,11,9,9,321
25.5,11,9,10,323
25.5,11,9,11,324
25.5,11,9,12,326
25.5,11,9,13,327
25.5,11,9,14,329
25.5,11,9,15,330
25.5,11,10,0,310
25.5,11,10,1,311
25.5,11,10,2,313
25.5,11,10,3,314
25.5,11,10,4,316
25.5,11,10,5,317
25.5,11,10,6,319
25.5,11,10,7,320
25.5,11,10,8,322
25.5,11,10,9,323
25.5,11,10,10,325
25.5,11,10,11,326
25.5,11,10,12,327
25.5,11,10,13,329
25.5,11,10,14,330
25.5,11,10,15,332
25.5,11,11,0,311
25.5,11,11,1,313
25.5,11,11,2,314
25.5,11,11,3,316
25.5,11,11,4,317
25.5,11,11,5,319
25.5,11,11,6,320
25.5,11,11,7,322
25.5,11,11,8,323
25.5,11,11,9,325
25.5,11,11,10,326
25.5,11,11,11,328
25.5,11,11,12,329
25.5,11,11,13,331
25.5,11,11,14,332
25.5,11,11,15,334
25.5,11,12,0,313
25.5,11,12,1,315
25.5,11,12,2,316
25.5,11,12,3,318
25.5,11,12,4,319
25.5,11,12,5,321
25.5,11,12,6,322
25.5,11,12,7,324
25.5,11,12,8,325
25.5,11,12,9,327
25.5,11,12,10,328
25.5,11,12,11,330
25.5,11,12,12,331
25.5,11,12,13,332
25.5,11,12,14,334
25.5,11,12,15,335
25.5,11,13,0,315
25.5,11,13,1,316
25.5,11,13,2,318
25.5,11,13,3,319
25.5,11,13,4,321
25.5,11,13,5,322
25.5,11,13,6,324
25.5,11,13,7,325
25.5,11,13,8,327
25.5,11,13,9,328
25.5,11,13,10,330
25.5,11,13,11,331
25.5,11,13,12,333
25.5,11,13,13,334
25.5,11,13,14,336
25.5,11,13,15,337
25.5,11,14,0,316
25.5,11,14,1,318
25.5,11,14,2,319
25.5,11,14,3,321
25.5,11,14,4,323
25.5,11,14,5,324
25.5,11,14,6,326
25.5,11,14,7,327
25.5,11,14,8,329
25.5,11,14,9,330
25.5,11,14,10,332
25.5,11,14,11,333
25.5,11,14,12,334
25.5,11,14,13,336
25.5,11,14,14,337
25.5,11,14,15,339
25.5,11,15,0,318
25.5,11,15,1,320
25.5,11,15,2,321
25.5,11,15,3,323
25.5,11,15,4,324
25.5,11,15,5,326
25.5,11,15,6,327
25.5,11,15,7,329
25.5,11,15,8,330
25.5,11,15,9,332
25.5,11,15,10,333
25.5,11,15,11,335
25.5,11,15,12,336
25.5,11,15,13,338
25.5,11,15,14,339
25.5,11,15,15,341
25.5,12,0,0,297
25.5,12,0,1,298
25.5,12,0,2,300
25.5,12,0,3,301
25.5,12,0,4,303
25.5,12,0,5,304
25.5,12,0,6,305
25.5,12,0,7,307
25.5,12,0,8,308
25.5,12,0,9,310
25.5,12,0,10,311
25.5,12,0,11,312
25.5,12,0,12,314
25.5,12,0,13,315
25.5,12,0,14,317
25.5,12,0,15,318
25.5,12,1,0,299
25.5,12,1,1,300
25.5,12,1,2,301
25.5,12,1,3,303
25.5,12,1,4,304
25.5,12,1,5,306
25.5,12,1,6,307
25.5,12,1,7,309
25.5,12,1,8,310
25.5,12,1,9,311
25.5,12,1,10,313
25.5,12,1,11,314
25.5,12,1,12,316
25.5,12,1,13,317
25.5,12,1,14,318
25.5,12,1,15,320
25.5,12,2,0,300
25.5,12,2,1,302
25.5,12,2,2,303
25.5,12,2,3,305
25.5,12,2,4,306
25.5,12,2,5,308
25.5,12,2,6,309
25.5,12,2,7,310
25.5,12,2,8,312
25.5,12,2,9,313
25.5,12,2,10,315
25.5,12,2,11,316
25.5,12,2,12,318
25.5,12,2,13,319
25.5,12,2,14,320
25.5,12,2,15,322
25.5,12,3,0,302
25.5,12,3,1,304
25.5,12,3,2,305
25.5,12,3,3,307
25.5,12,3,4,308
25.5,12,3,5,309
25.5,12,3,6,311
25.5,12,3,7,312
25.5,12,3,8,314
25.5,12,3,9,315
25.5,12,3,10,317
25.5,12,3,11,318
25.5,12,3,12,319
25.5,12,3,13,321
25.5,12,3,14,322
25.5,12,3,15,324
25.5,12,4,0,304
25.5,12,4,1,305
25.5,12,4,2,307
25.5,12,4,3,308
25.5,12,4,4,310
25.5,12,4,5,311
25.5,12,4,6,313
25.5,12,4,7,314
25.5,12,4,8,316
25.5,12,4,9,317
25.5,12,4,10,318
25.5,12,4,11,320
25.5,12,4,12,321
25.5,12,4,13,323
25.5,12,4,14,324
25.5,12,4,15,325
25.5,12,5,0,306
25.5,12,5,1,307
25.5,12,5,2,309
25.5,12,5,3,310
25.5,12,5,4,312
25.5,12,5,5,313
25.5,12,5,6,314
25.5,12,5,7,316
25.5,12,5,8,317
25.5,12,5,9,319
25.5,12,5,10,320
25.5,12,5,11,322
25.5,12,5,12,323
25.5,12,5,13,325
25.5,12,5,14,326
25.5,12,5,15,327
25.5,12,6,0,307
25.5,12,6,1,309
25.5,12,6,2,310
25.5,12,6,3,312
25.5,12,6,4,313
25.5,12,6,5,315
25.5,12,6,6,316
25.5,12,6,7,318
25.5,12,6,8,319
25.5,12,6,9,321
25.5,12,6,10,322
25.5,12,6,11,324
25.5,12,6,12,325
25.5,12,6,13,326
25.5,12,6,14,328
25.5,12,6,15,329
25.5,12,7,0,309
25.5,12,7,1,311
25.5,12,7,2,312
25.5,12,7,3,314
25.5,12,7,4,315
25.5,12,7,5,317
25.5,12,7,6,318
25.5,12,7,7,320
25.5,12,7,8,321
25.5,12,7,9,322
25.5,12,7,10,324
25.5,12,7,11,325
25.5,12,7,12,327
25.5,12,7,13,328
25.5,12,7,14,330
25.5,12,7,15,331
25.5,12,8,0,311
25.5,12,8,1,312
25.5,12,8,2,314
25.5,12,8,3,315
25.5,12,8,4,317
25.5,12,8,5,318
25.5,12,8,6,320
25.5,12,8,7,321
25.5,12,8,8,323
25.5,12,8,9,324
25.5,12,8,10,326
25.5,12,8,11,327
25.5,12,8,12,329
25.5,12,8,13,330
25.5,12,8,14,331
25.5,12,8,15,333
25.5,12,9,0,312
25.5,12,9,1,314
25.5,12,9,2,316
25.5,12,9,3,317
25.5,12,9,4,319
25.5,12,9,5,320
25.5,12,9,6,322
25.5,12,9,7,323
25.5,12,9,8,325
25.5,12,9,9,326
25.5,12,9,10,327
25.5,12,9,11,329
25.5,12,9,12,330
25.5,12,9,13,332
25.5,12,9,14,333
25.5,12,9,15,335
25.5,12,10,0,314
25.5,12,10,1,316
25.5,12,10,2,317
25.5,12,10,3,319
25.5,12,10,4,320
25.5,12,10,5,322
25.5,12,10,6,323
25.5,12,10,7,325
25.5,12,10,8,326
25.5,12,10,9,328
25.5,12,10,10,329
25.5,12,10,11,331
25.5,12,10,12,332
25.5,12,10,13,334
25.5,12,10,14,335
25.5,12,10,15,337
25.5,12,11,0,316
25.5,12,11,1,317
25.5,12,11,2,319
25.5,12,11,3,320
25.5,12,11,4,322
25.5,12,11,5,324
25.5,12,11,6,325
25.5,12,11,7,327
25.5,12,11,8,328
25.5,12,11,9,330
25.5,12,11,10,331
25.5,12,11,11,332
25.5,12,11,12,334
25.5,12,11,13,335
25.5,12,11,14,337
25.5,12,11,15,338
25.5,12,12,0,318
25.5,12,12,1,319
25.5,12,12,2,321
25.5,12,12,3,322
25.5,12,12,4,324
25.5,12,12,5,325
25.5,12,12,6,327
25.5,12,12,7,328
25.5,12,12,8,330
25.5,12,12,9,331
25.5,12,12,10,333
25.5,12,12,11,334
25.5,12,12,12,336
25.5,12,12,13,337
25.5,12,12,14,339
25.5,12,12,15,340
25.5,12,13,0,319
25.5,12,13,1,321
25.5,12,13,2,322
25.5,12,13,3,324
25.5,12,13,4,325
25.5,12,13,5,327
25.5,12,13,6,328
25.5,12,13,7,330
25.5,12,13,8,332
25.5,12,13,9,333
25.5,12,13,10,335
25.5,12,13,11,336
25.5,12,13,12,337
25.5,12,13,13,339
25.5,12,13,14,340
25.5,12,13,15,342
25.5,12,14,0,321
25.5,12,14,1,322
25.5,12,14,2,324
25.5,12,14,3,326
25.5,12,14,4,327
25.5,12,14,5,329
25.5,12,14,6,330
25.5,12,14,7,332
25.5,12,14,8,333
25.5,12,14,9,335
25.5,12,14,10,336
25.5,12,14,11,338
25.5,12,14,12,339
25.5,12,14,13,341
25.5,12,14,14,342
25.5,12,14,15,344
25.5,12,15,0,323
25.5,12,15,1,324
25.5,12,15,2,326
25.5,12,15,3,327
25.5,12,15,4,329
25.5,12,15,5,330
25.5,12,15,6,332
25.5,12,15,7,333
25.5,12,15,8,335
25.5,12,15,9,336
25.5,12,15,10,338
25.5,12,15,11,340
25.5,12,15,12,341
25.5,12,15,13,342
25.5,12,15,14,344
25.5,12,15,15,345
25.5,13,0,0,301
25.5,13,0,1,302
25.5,13,0,2,304
25.5,13,0,3,305
25.5,13,0,4,307
25.5,13,0,5,308
25.5,13,0,6,310
25.5,13,0,7,311
25.5,13,0,8,313
25.5,13,0,9,314
25.5,13,0,10,315
25.5,13,0,11,317
25.5,13,0,12,318
25.5,13,0,13,320
25.5,13,0,14,321
25.5,13,0,15,322
25.5,13,1,0,303
25.5,13,1,1,304
25.5,13,1,2,306
25.5,13,1,3,307
25.5,13,1,4,309
25.5,13,1,5,310
25.5,13,1,6,312
25.5,13,1,7,313
25.5,13,1,8,314
25.5,13,1,9,316
25.5,13,1,10,317
25.5,13,1,11,319
25.5,13,1,12,320
25.5,13,1,13,322
25.5,13,1,14,323
25.5,13,1,15,324
25.5,13,2,0,305
25.5,13,2,1,306
25.5,13,2,2,308
25.5,13,2,3,309
25.5,13,2,4,311
25.5,13,2,5,312
25.5,13,2,6,313
25.5,13,2,7,315
25.5,13,2,8,316
25.5,13,2,9,318
25.5,13,2,10,319
25.5,13,2,11,321
25.5,13,2,12,322
25.5,13,2,13,323
25.5,13,2,14,325
25.5,13,2,15,326
25.5,13,3,0,306
25.5,13,3,1,308
25.5,13,3,2,309
25.5,13,3,3,311
25.5,13,3,4,312
25.5,13,3,5,314
25.5,13,3,6,315
25.5,13,3,7,317
25.5,13,3,8,318
25.5,13,3,9,320
25.5,13,3,10,321
25.5,13,3,11,322
25.5,13,3,12,324
25.5,13,3,13,325
25.5,13,3,14,327
25.5,13,3,15,328
25.5,13,4,0,308
25.5,13,4,1,310
25.5,13,4,2,311
25.5,13,4,3,313
25.5,13,4,4,314
25.5,13,4,5,316
25.5,13,4,6,317
25.5,13,4,7,319
25.5,13,4,8,320
25.5,13,4,9,321
25.5,13,4,10,323
25.5,13,4,11,324
25.5,13,4,12,326
25.5,13,4,13,327
25.5,13,4,14,329
25.5,13,4,15,330
25.5,13,5,0,310
25.5,13,5,1,311
25.5,13,5,2,313
25.5,13,5,3,314
25.5,13,5,4,316
25.5,13,5,5,317
25.5,13,5,6,319
25.5,13,5,7,320
25.5,13,5,8,322
25.5,13,5,9,323
25.5,13,5,10,325
25.5,13,5,11,326
25.5,13,5,12,328
25.5,13,5,13,329
25.5,13,5,14,331
25.5,13,5,15,332
25.5,13,6,0,312
25.5,13,6,1,313
25.5,13,6,2,315
25.5,13,6,3,316
25.5,13,6,4,318
25.5,13,6,5,319
25.5,13,6,6,321
25.5,13,6,7,322
25.5,13,6,8,324
25.5,13,6,9,325
25.5,13,6,10,327
25.5,13,6,11,328
25.5,13,6,12,330
25.5,13,6,13,331
25.5,13,6,14,332
25.5,13,6,15,334
25.5,13,7,0,313
25.5,13,7,1,315
25.5,13,7,2,316
25.5,13,7,3,318
25.5,13,7,4,320
25.5,13,7,5,321
25.5,13,7,6,323
25.5,13,7,7,324
25.5,13,7,8,326
25.5,13,7,9,327
25.5,13,7,10,328
25.5,13,7,11,330
25.5,13,7,12,331
25.5,13,7,13,333
25.5,13,7,14,334
25.5,13,7,15,336
25.5,13,8,0,315
25.5,13,8,1,317
25.5,13,8,2,318
25.5,13,8,3,320
25.5,13,8,4,321
25.5,13,8,5,323
25.5,13,8,6,324
25.5,13,8,7,326
25.5,13,8,8,327
25.5,13,8,9,329
25.5,13,8,10,330
25.5,13,8,11,332
25.5,13,8,12,333
25.5,13,8,13,335
25.5,13,8,14,336
25.5,13,8,15,338
25.5,13,9,0,317
25.5,13,9,1,318
25.5,13,9,2,320
25.5,13,9,3,322
25.5,13,9,4,323
25.5,13,9,5,325
25.5,13,9,6,326
25.5,13,9,7,328
25.5,13,9,8,329
25.5,13,9,9,331
25.5,13,9,10,332
25.5,13,9,11,334
25.5,13,9,12,335
25.5,13,9,13,337
25.5,13,9,14,338
25.5,13,9,15,339
25.5,13,10,0,319
25.5,13,10,1,320
25.5,13,10,2,322
25.5,13,10,3,323
25.5,13,10,4,325
25.5,13,10,5,326
25.5,13,10,6,328
25.5,13,10,7,329
25.5,13,10,8,331
25.5,13,10,9,332
25.5,13,10,10,334
25.5,13,10,11,335
25.5,13,10,12,337
25.5,13,10,13,338
25.5,13,10,14,340
25.5,13,10,15,341
25.5,13,11,0,320
25.5,13,11,1,322
25.5,13,11,2,323
25.5,13,11,3,325
25.5,13,11,4,327
25.5,13,11,5,328
25.5,13,11,6,330
25.5,13,11,7,331
25.5,13,11,8,333
25.5,13,11,9,334
25.5,13,11,10,336
25.5,13,11,11,337
25.5,13,11,12,339
25.5,13,11,13,340
25.5,13,11,14,342
25.5,13,11,15,343
25.5,13,12,0,322
25.5,13,12,1,324
25.5,13,12,2,325
25.5,13,12,3,327
25.5,13,12,4,328
25.5,13,12,5,330
25.5,13,12,6,331
25.5,13,12,7,333
25.5,13,12,8,334
25.5,13,12,9,336
25.5,13,12,10,337
25.5,13,12,11,339
25.5,13,12,12,340
25.5,13,12,13,342
25.5,13,12,14,343
25.5,13,12,15,345
25.5,13,13,0,324
25.5,13,13,1,325
25.5,13,13,2,327
25.5,13,13,3,328
25.5,13,13,4,330
25.5,13,13,5,332
25.5,13,13,6,333
25.5,13,13,7,335
25.5,13,13,8,336
25.5,13,13,9,338
25.5,13,13,10,339
25.5,13,13,11,341
25.5,13,13,12,342
25.5,13,13,13,344
25.5,13,13,14,345
25.5,13,13,15,347
25.5,13,14,0,325
25.5,13,14,1,327
25.5,13,14,2,329
25.5,13,14,3,330
25.5,13,14,4,332
25.5,13,14,5,333
25.5,13,14,6,335
25.5,13,14,7,336
25.5,13,14,8,338
25.5,13,14,9,339
25.5,13,14,10,341
25.5,13,14,11,343
25.5,13,14,12,344
25.5,13,14,13,346
25.5,13,14,14,347
25.5,13,14,15,349
25.5,13,15,0,327
25.5,13,15,1,329
25.5,13,15,2,330
25.5,13,15,3,332
25.5,13,15,4,333
25.5,13,15,5,335
25.5,13,15,6,337
25.5,13,15,7,338
25.5,13,15,8,340
25.5,13,15,9,341
25.5,13,15,10,343
25.5,13,15,11,344
25.5,13,15,12,346
25.5,13,15,13,347
25.5,13,15,14,349
25.5,13,15,15,350
25.5,14,0,0,305
25.5,14,0,1,307
25.5,14,0,2,308
25.5,14,0,3,310
25.5,14,0,4,311
25.5,14,0,5,313
25.5,14,0,6,314
25.5,14,0,7,315
25.5,14,0,8,317
25.5,14,0,9,318
25.5,14,0,10,320
25.5,14,0,11,321
25.5,14,0,12,323
25.5,14,0,13,324
25.5,14,0,14,325
25.5,14,0,15,327
25.5,14,1,0,307
25.5,14,1,1,308
25.5,14,1,2,310
25.5,14,1,3,311
25.5,14,1,4,313
25.5,14,1,5,314
25.5,14,1,6,316
25.5,14,1,7,317
25.5,14,1,8,319
25.5,14,1,9,320
25.5,14,1,10,322
25.5,14,1,11,323
25.5,14,1,12,325
25.5,14,1,13,326
25.5,14,1,14,327
25.5,14,1,15,329
25.5,14,2,0,309
25.5,14,2,1,310
25.5,14,2,2,312
25.5,14,2,3,313
25.5,14,2,4,315
25.5,14,2,5,316
25.5,14,2,6,318
25.5,14,2,7,319
25.5,14,2,8,321
25.5,14,2,9,322
25.5,14,2,10,324
25.5,14,2,11,325
25.5,14,2,12,327
25.5,14,2,13,328
25.5,14,2,14,329
25.5,14,2,15,331
25.5,14,3,0,311
25.5,14,3,1,312
25.5,14,3,2,314
25.5,14,3,3,315
25.5,14,3,4,317
25.5,14,3,5,318
25.5,14,3,6,320
25.5,14,3,7,321
25.5,14,3,8,323
25.5,14,3,9,324
25.5,14,3,10,326
25.5,14,3,11,327
25.5,14,3,12,328
25.5,14,3,13,330
25.5,14,3,14,331
25.5,14,3,15,333
25.5,14,4,0,312
25.5,14,4,1,314
25.5,14,4,2,315
25.5,14,4,3,317
25.5,14,4,4,319
25.5,14,4,5,320
25.5,14,4,6,322
25.5,14,4,7,323
25.5,14,4,8,324
25.5,14,4,9,326
25.5,14,4,10,327
25.5,14,4,11,329
25.5,14,4,12,330
25.5,14,4,13,332
25.5,14,4,14,333
25.5,14,4,15,335
25.5,14,5,0,314
25.5,14,5,1,316
25.5,14,5,2,317
25.5,14,5,3,319
25.5,14,5,4,320
25.5,14,5,5,322
25.5,14,5,6,323
25.5,14,5,7,325
25.5,14,5,8,326
25.5,14,5,9,328
25.5,14,5,10,329
25.5,14,5,11,331
25.5,14,5,12,332
25.5,14,5,13,334
25.5,14,5,14,335
25.5,14,5,15,337
25.5,14,6,0,316
25.5,14,6,1,318
25.5,14,6,2,319
25.5,14,6,3,321
25.5,14,6,4,322
25.5,14,6,5,324
25.5,14,6,6,325
25.5,14,6,7,327
25.5,14,6,8,328
25.5,14,6,9,330
25.5,14,6,10,331
25.5,14,6,11,333
25.5,14,6,12,334
25.5,14,6,13,336
25.5,14,6,14,337
25.5,14,6,15,338
25.5,14,7,0,318
25.5,14,7,1,319
25.5,14,7,2,321
25.5,14,7,3,322
25.5,14,7,4,324
25.5,14,7,5,325
25.5,14,7,6,327
25.5,14,7,7,329
25.5,14,7,8,330
25.5,14,7,9,332
25.5,14,7,10,333
25.5,14,7,11,335
25.5,14,7,12,336
25.5,14,7,13,337
25.5,14,7,14,339
25.5,14,7,15,340
25.5,14,8,0,320
25.5,14,8,1,321
25.5,14,8,2,323
25.5,14,8,3,324
25.5,14,8,4,326
25.5,14,8,5,327
25.5,14,8,6,329
25.5,14,8,7,330
25.5,14,8,8,332
25.5,14,8,9,333
25.5,14,8,10,335
25.5,14,8,11,336
25.5,14,8,12,338
25.5,14,8,13,339
25.5,14,8,14,341
25.5,14,8,15,342
25.5,14,9,0,321
25.5,14,9,1,323
25.5,14,9,2,324
25.5,14,9,3,326
25.5,14,9,4,328
25.5,14,9,5,329
25.5,14,9,6,331
25.5,14,9,7,332
25.5,14,9,8,334
25.5,14,9,9,335
25.5,14,9,10,337
25.5,14,9,11,338
25.5,14,9,12,340
25.5,14,9,13,341
25.5,14,9,14,343
25.5,14,9,15,344
25.5,14,10,0,323
25.5,14,10,1,325
25.5,14,10,2,326
25.5,14,10,3,328
25.5,14,10,4,329
25.5,14,10,5,331
25.5,14,10,6,332
25.5,14,10,7,334
25.5,14,10,8,335
25.5,14,10,9,337
25.5,14,10,10,339
25.5,14,10,11,340
25.5,14,10,12,342
25.5,14,10,13,343
25.5,14,10,14,345
25.5,14,10,15,346
25.5,14,11,0,325
25.5,14,11,1,326
25.5,14,11,2,328
25.5,14,11,3,330
25.5,14,11,4,331
25.5,14,11,5,333
25.5,14,11,6,334
25.5,14,11,7,336
25.5,14,11,8,337
25.5,14,11,9,339
25.5,14,11,10,340
25.5,14,11,11,342
25.5,14,11,12,343
25.5,14,11,13,345
25.5,14,11,14,346
25.5,14,11,15,348
25.5,14,12,0,327
25.5,14,12,1,328
25.5,14,12,2,330
25.5,14,12,3,331
25.5,14,12,4,333
25.5,14,12,5,334
25.5,14,12,6,336
25.5,14,12,7,338
25.5,14,12,8,339
25.5,14,12,9,341
25.5,14,12,10,342
25.5,14,12,11,344
25.5,14,12,12,345
25.5,14,12,13,347
25.5,14,12,14,348
25.5,14,12,15,350
25.5,14,13,0,328
25.5,14,13,1,330
25.5,14,13,2,331
25.5,14,13,3,333
25.5,14,13,4,335
25.5,14,13,5,336
25.5,14,13,6,338
25.5,14,13,7,339
25.5,14,13,8,341
25.5,14,13,9,342
25.5,14,13,10,344
25.5,14,13,11,345
25.5,14,13,12,347
25.5,14,13,13,349
25.5,14,13,14,350
25.5,14,13,15,352
25.5,14,14,0,330
25.5,14,14,1,332
25.5,14,14,2,333
25.5,14,14,3,335
25.5,14,14,4,336
25.5,14,14,5,338
25.5,14,14,6,340
25.5,14,14,7,341
25.5,14,14,8,343
25.5,14,14,9,344
25.5,14,14,10,346
25.5,14,14,11,347
25.5,14,14,12,349
25.5,14,14,13,350
25.5,14,14,14,352
25.5,14,14,15,353
25.5,14,15,0,332
25.5,14,15,1,333
25.5,14,15,2,335
25.5,14,15,3,336
25.5,14,15,4,338
25.5,14,15,5,340
25.5,14,15,6,341
25.5,14,15,7,343
25.5,14,15,8,344
25.5,14,15,9,346
25.5,14,15,10,348
25.5,14,15,11,349
25.5,14,15,12,351
25.5,14,15,13,352
25.5,14,15,14,354
25.5,14,15,15,355
25.5,15,0,0,309
25.5,15,0,1,311
25.5,15,0,2,312
25.5,15,0,3,314
25.5,15,0,4,315
25.5,15,0,5,317
25.5,15,0,6,318
25.5,15,0,7,320
25.5,15,0,8,321
25.5,15,0,9,323
25.5,15,0,10,324
25.5,15,0,11,326
25.5,15,0,12,327
25.5,15,0,13,328
25.5,15,0,14,330
25.5,15,0,15,331
25.5,15,1,0,311
25.5,15,1,1,313
25.5,15,1,2,314
25.5,15,1,3,316
25.5,15,1,4,317
25.5,15,1,5,319
25.5,15,1,6,320
25.5,15,1,7,322
25.5,15,1,8,323
25.5,15,1,9,325
25.5,15,1,10,326
25.5,15,1,11,328
25.5,15,1,12,329
25.5,15,1,13,330
25.5,15,1,14,332
25.5,15,1,15,333
25.5,15,2,0,313
25.5,15,2,1,315
25.5,15,2,2,316
25.5,15,2,3,318
25.5,15,2,4,319
25.5,15,2,5,321
25.5,15,2,6,322
25.5,15,2,7,324
25.5,15,2,8,325
25.5,15,2,9,327
25.5,15,2,10,328
25.5,15,2,11,330
25.5,15,2,12,331
25.5,15,2,13,332
25.5,15,2,14,334
25.5,15,2,15,335
25.5,15,3,0,315
25.5,15,3,1,316
25.5,15,3,2,318
25.5,15,3,3,319
25.5,15,3,4,321
25.5,15,3,5,323
25.5,15,3,6,324
25.5,15,3,7,326
25.5,15,3,8,327
25.5,15,3,9,329
25.5,15,3,10,330
25.5,15,3,11,331
25.5,15,3,12,333
25.5,15,3,13,334
25.5,15,3,14,336
25.5,15,3,15,337
25.5,15,4,0,317
25.5,15,4,1,318
25.5,15,4,2,320
25.5,15,4,3,321
25.5,15,4,4,323
25.5,15,4,5,324
25.5,15,4,6,326
25.5,15,4,7,327
25.5,15,4,8,329
25.5,15,4,9,330
25.5,15,4,10,332
25.5,15,4,11,333
25.5,15,4,12,335
25.5,15,4,13,336
25.5,15,4,14,338
25.5,15,4,15,339
25.5,15,5,0,319
25.5,15,5,1,320
25.5,15,5,2,322
25.5,15,5,3,323
25.5,15,5,4,325
25.5,15,5,5,326
25.5,15,5,6,328
25.5,15,5,7,329
25.5,15,5,8,331
25.5,15,5,9,332
25.5,15,5,10,334
25.5,15,5,11,335
25.5,15,5,12,337
25.5,15,5,13,338
25.5,15,5,14,340
25.5,15,5,15,341
25.5,15,6,0,320
25.5,15,6,1,322
25.5,15,6,2,323
25.5,15,6,3,325
25.5,15,6,4,327
25.5,15,6,5,328
25.5,15,6,6,330
25.5,15,6,7,331
25.5,15,6,8,333
25.5,15,6,9,334
25.5,15,6,10,336
25.5,15,6,11,337
25.5,15,6,12,339
25.5,15,6,13,340
25.5,15,6,14,342
25.5,15,6,15,343
25.5,15,7,0,322
25.5,15,7,1,324
25.5,15,7,2,325
25.5,15,7,3,327
25.5,15,7,4,328
25.5,15,7,5,330
25.5,15,7,6,331
25.5,15,7,7,333
25.5,15,7,8,335
25.5,15,7,9,336
25.5,15,7,10,338
25.5,15,7,11,339
25.5,15,7,12,341
25.5,15,7,13,342
25.5,15,7,14,344
25.5,15,7,15,345
25.5,15,8,0,324
25.5,15,8,1,326
25.5,15,8,2,327
25.5,15,8,3,329
25.5,15,8,4,330
25.5,15,8,5,332
25.5,15,8,6,333
25.5,15,8,7,335
25.5,15,8,8,336
25.5,15,8,9,338
25.5,15,8,10,339
25.5,15,8,11,341
25.5,15,8,12,342
25.5,15,8,13,344
25.5,15,8,14,345
25.5,15,8,15,347
25.5,15,9,0,326
25.5,15,9,1,327
25.5,15,9,2,329
25.5,15,9,3,330
25.5,15,9,4,332
25.5,15,9,5,334
25.5,15,9,6,335
25.5,15,9,7,337
25.5,15,9,8,338
25.5,15,9,9,340
25.5,15,9,10,341
25.5,15,9,11,343
25.5,15,9,12,344
25.5,15,9,13,346
25.5,15,9,14,347
25.5,15,9,15,349
25.5,15,10,0,327
25.5,15,10,1,329
25.5,15,10,2,331
25.5,15,10,3,332
25.5,15,10,4,334
25.5,15,10,5,335
25.5,15,10,6,337
25.5,15,10,7,339
25.5,15,10,8,340
25.5,15,10,9,342
25.5,15,10,10,343
25.5,15,10,11,345
25.5,15,10,12,346
25.5,15,10,13,348
25.5,15,10,14,349
25.5,15,10,15,351
25.5,15,11,0,329
25.5,15,11,1,331
25.5,15,11,2,332
25.5,15,11,3,334
25.5,15,11,4,336
25.5,15,11,5,337
25.5,15,11,6,339
25.5,15,11,7,340
25.5,15,11,8,342
25.5,15,11,9,343
25.5,15,11,10,345
25.5,15,11,11,347
25.5,15,11,12,348
25.5,15,11,13,350
25.5,15,11,14,351
25.5,15,11,15,353
25.5,15,12,0,331
25.5,15,12,1,333
25.5,15,12,2,334
25.5,15,12,3,336
25.5,15,12,4,337
25.5,15,12,5,339
25.5,15,12,6,341
25.5,15,12,7,342
25.5,15,12,8,344
25.5,15,12,9,345
25.5,15,12,10,347
25.5,15,12,11,348
25.5,15,12,12,350
25.5,15,12,13,351
25.5,15,12,14,353
25.5,15,12,15,355
25.5,15,13,0,333
25.5,15,13,1,334
25.5,15,13,2,336
25.5,15,13,3,338
25.5,15,13,4,339
25.5,15,13,5,341
25.5,15,13,6,342
25.5,15,13,7,344
25.5,15,13,8,346
25.5,15,13,9,347
25.5,15,13,10,349
25.5,15,13,11,350
25.5,15,13,12,352
25.5,15,13,13,353
25.5,15,13,14,355
25.5,15,13,15,356
25.5,15,14,0,334
25.5,15,14,1,336
25.5,15,14,2,338
25.5,15,14,3,339
25.5,15,14,4,341
25.5,15,14,5,343
25.5,15,14,6,344
25.5,15,14,7,346
25.5,15,14,8,347
25.5,15,14,9,349
25.5,15,14,10,350
25.5,15,14,11,352
25.5,15,14,12,354
25.5,15,14,13,355
25.5,15,14,14,357
25.5,15,14,15,358
25.5,15,15,0,336
25.5,15,15,1,338
25.5,15,15,2,339
25.5,15,15,3,341
25.5,15,15,4,343
25.5,15,15,5,344
25.5,15,15,6,346
25.5,15,15,7,348
25.5,15,15,8,349
25.5,15,15,9,351
25.5,15,15,10,352
25.5,15,15,11,354
25.5,15,15,12,355
25.5,15,15,13,357
25.5,15,15,14,359
25.5,15,15,15,360
26.0,0,0,0,251
26.0,0,0,1,253
26.0,0,0,2,254
26.0,0,0,3,255
26.0,0,0,4,256
26.0,0,0,5,257
26.0,0,0,6,259
26.0,0,0,7,260
26.0,0,0,8,261
26.0,0,0,9,262
26.0,0,0,10,263
26.0,0,0,11,265
26.0,0,0,12,266
26.0,0,0,13,267
26.0,0,0,14,268
26.0,0,0,15,269
26.0,0,1,0,253
26.0,0,1,1,254
26.0,0,1,2,255
26.0,0,1,3,257
26.0,0,1,4,258
26.0,0,1,5,259
26.0,0,1,6,260
26.0,0,1,7,261
26.0,0,1,8,263
26.0,0,1,9,264
26.0,0,1,10,265
26.0,0,1,11,266
26.0,0,1,12,267
26.0,0,1,13,269
26.0,0,1,14,270
26.0,0,1,15,271
26.0,0,2,0,254
26.0,0,2,1,256
26.0,0,2,2,257
26.0,0,2,3,258
26.0,0,2,4,259
26.0,0,2,5,261
26.0,0,2,6,262
26.0,0,2,7,263
26.0,0,2,8,264
26.0,0,2,9,265
26.0,0,2,10,267
26.0,0,2,11,268
26.0,0,2,12,269
26.0,0,2,13,270
26.0,0,2,14,271
26.0,0,2,15,272
26.0,0,3,0,256
26.0,0,3,1,257
26.0,0,3,2,258
26.0,0,3,3,260
26.0,0,3,4,261
26.0,0,3,5,262
26.0,0,3,6,263
26.0,0,3,7,265
26.0,0,3,8,266
26.0,0,3,9,267
26.0,0,3,10,268
26.0,0,3,11,269
26.0,0,3,12,271
26.0,0,3,13,272
26.0,0,3,14,273
26.0,0,3,15,274
26.0,0,4,0,257
26.0,0,4,1,259
26.0,0,4,2,260
26.0,0,4,3,261
26.0,0,4,4,262
26.0,0,4,5,264
26.0,0,4,6,265
26.0,0,4,7,266
26.0,0,4,8,267
26.0,0,4,9,269
26.0,0,4,10,270
26.0,0,4,11,271
26.0,0,4,12,272
26.0,0,4,13,273
26.0,0,4,14,275
26.0,0,4,15,276
26.0,0,5,0,259
26.0,0,5,1,260
26.0,0,5,2,261
26.0,0,5,3,263
26.0,0,5,4,264
26.0,0,5,5,265
26.0,0,5,6,266
26.0,0,5,7,268
26.0,0,5,8,269
26.0,0,5,9,270
26.0,0,5,10,271
26.0,0,5,11,272
26.0,0,5,12,274
26.0,0,5,13,275
26.0,0,5,14,276
26.0,0,5,15,277
26.0,0,6,0,260
26.0,0,6,1,262
26.0,0,6,2,263
26.0,0,6,3,264
26.0,0,6,4,265
26.0,0,6,5,267
26.0,0,6,6,268
26.0,0,6,7,269
26.0,0,6,8,270
26.0,0,6,9,272
26.0,0,6,10,273
26.0,0,6,11,274
26.0,0,6,12,275
26.0,0,6,13,276
26.0,0,6,14,278
26.0,0,6,15,279
26.0,0,7,0,262
26.0,0,7,1,263
26.0,0,7,2,264
26.0,0,7,3,266
26.0,0,7,4,267
26.0,0,7,5,268
26.0,0,7,6,269
26.0,0,7,7,271
26.0,0,7,8,272
26.0,0,7,9,273
26.0,0,7,10,274
26.0,0,7,11,276
26.0,0,7,12,277
26.0,0,7,13,278
26.0,0,7,14,279
26.0,0,7,15,280
26.0,0,8,0,263
26.0,0,8,1,265
26.0,0,8,2,266
26.0,0,8,3,267
26.0,0,8,4,268
26.0,0,8,5,270
26.0,0,8,6,271
26.0,0,8,7,272
26.0,0,8,8,273
26.0,0,8,9,275
26.0,0,8,10,276
26.0,0,8,11,277
26.0,0,8,12,278
26.0,0,8,13,280
26.0,0,8,14,281
26.0,0,8,15,282
26.0,0,9,0,265
26.0,0,9,1,266
26.0,0,9,2,267
26.0,0,9,3,269
26.0,0,9,4,270
26.0,0,9,5,271
26.0,0,9,6,272
26.0,0,9,7,274
26.0,0,9,8,275
26.0,0,9,9,276
26.0,0,9,10,277
26.0,0,9,11,279
26.0,0,9,12,280
26.0,0,9,13,281
26.0,0,9,14,282
26.0,0,9,15,284
26.0,0,10,0,266
26.0,0,10,1,267
26.0,0,10,2,269
26.0,0,10,3,270
26.0,0,10,4,271
26.0,0,10,5,273
26.0,0,10,6,274
26.0,0,10,7,275
26.0,0,10,8,276
26.0,0,10,9,278
26.0,0,10,10,279
26.0,0,10,11,280
26.0,0,10,12,281
26.0,0,10,13,283
26.0,0,10,14,284
26.0,0,10,15,285
26.0,0,11,0,268
26.0,0,11,1,269
26.0,0,11,2,270
26.0,0,11,3,271
26.0,0,11,4,273
26.0,0,11,5,274
26.0,0,11,6,275
26.0,0,11,7,277
26.0,0,11,8,278
26.0,0,11,9,279
26.0,0,11,10,280
26.0,0,11,11,282
26.0,0,11,12,283
26.0,0,11,13,284
26.0,0,11,14,285
26.0,0,11,15,287
26.0,0,12,0,269
26.0,0,12,1,270
26.0,0,12,2,272
26.0,0,12,3,273
26.0,0,12,4,274
26.0,0,12,5,276
26.0,0,12,6,277
26.0,0,12,7,278
26.0,0,12,8,279
26.0,0,12,9,281
26.0,0,12,10,282
26.0,0,12,11,283
26.0,0,12,12,284
26.0,0,12,13,286
26.0,0,12,14,287
26.0,0,12,15,288
26.0,0,13,0,270
26.0,0,13,1,272
26.0,0,13,2,273
26.0,0,13,3,274
26.0,0,13,4,276
26.0,0,13,5,277
26.0,0,13,6,278
26.0,0,13,7,280
26.0,0,13,8,281
26.0,0,13,9,282
26.0,0,13,10,283
26.0,0,13,11,285
26.0,0,13,12,286
26.0,0,13,13,287
26.0,0,13,14,288
26.0,0,13,15,290
26.0,0,14,0,272
26.0,0,14,1,273
26.0,0,14,2,274
26.0,0,14,3,276
26.0,0,14,4,277
26.0,0,14,5,278
26.0,0,14,6,280
26.0,0,14,7,281
26.0,0,14,8,282
26.0,0,14,9,284
26.0,0,14,10,285
26.0,0,14,11,286
26.0,0,14,12,287
26.0,0,14,13,289
26.0,0,14,14,290
26.0,0,14,15,291
26.0,0,15,0,273
26.0,0,15,1,275
26.0,0,15,2,276
26.0,0,15,3,277
26.0,0,15,4,279
26.0,0,15,5,280
26.0,0,15,6,281
26.0,0,15,7,282
26.0,0,15,8,284
26.0,0,15,9,285
26.0,0,15,10,286
26.0,0,15,11,288
26.0,0,15,12,289
26.0,0,15,13,290
26.0,0,15,14,291
26.0,0,15,15,293
26.0,1,0,0,256
26.0,1,0,1,257
26.0,1,0,2,258
26.0,1,0,3,259
26.0,1,0,4,261
26.0,1,0,5,262
26.0,1,0,6,263
26.0,1,0,7,264
26.0,1,0,8,266
26.0,1,0,9,267
26.0,1,0,10,268
26.0,1,0,11,269
26.0,1,0,12,270
26.0,1,0,13,271
26.0,1,0,14,273
26.0,1,0,15,274
26.0,1,1,0,257
26.0,1,1,1,258
26.0,1,1,2,260
26.0,1,1,3,261
26.0,1,1,4,262
26.0,1,1,5,263
26.0,1,1,6,265
26.0,1,1,7,266
26.0,1,1,8,267
26.0,1,1,9,268
26.0,1,1,10,270
26.0,1,1,11,271
26.0,1,1,12,272
26.0,1,1,13,273
26.0,1,1,14,274
26.0,1,1,15,275
26.0,1,2,0,259
26.0,1,2,1,260
26.0,1,2,2,261
26.0,1,2,3,263
26.0,1,2,4,264
26.0,1,2,5,265
26.0,1,2,6,266
26.0,1,2,7,267
26.0,1,2,8,269
26.0,1,2,9,270
26.0,1,2,10,271
26.0,1,2,11,272
26.0,1,2,12,274
26.0,1,2,13,275
26.0,1,2,14,276
26.0,1,2,15,277
26.0,1,3,0,260
26.0,1,3,1,262
26.0,1,3,2,263
26.0,1,3,3,264
26.0,1,3,4,265
26.0,1,3,5,267
26.0,1,3,6,268
26.0,1,3,7,269
26.0,1,3,8,270
26.0,1,3,9,271
26.0,1,3,10,273
26.0,1,3,11,274
26.0,1,3,12,275
26.0,1,3,13,276
26.0,1,3,14,278
26.0,1,3,15,279
26.0,1,4,0,262
26.0,1,4,1,263
26.0,1,4,2,264
26.0,1,4,3,266
26.0,1,4,4,267
26.0,1,4,5,268
26.0,1,4,6,269
26.0,1,4,7,271
26.0,1,4,8,272
26.0,1,4,9,273
26.0,1,4,10,274
26.0,1,4,11,276
26.0,1,4,12,277
26.0,1,4,13,278
26.0,1,4,14,279
26.0,1,4,15,280
26.0,1,5,0,263
26.0,1,5,1,265
26.0,1,5,2,266
26.0,1,5,3,267
26.0,1,5,4,268
26.0,1,5,5,270
26.0,1,5,6,271
26.0,1,5,7,272
26.0,1,5,8,273
26.0,1,5,9,275
26.0,1,5,10,276
26.0,1,5,11,277
26.0,1,5,12,278
26.0,1,5,13,280
26.0,1,5,14,281
26.0,1,5,15,282
26.0,1,6,0,265
26.0,1,6,1,266
26.0,1,6,2,267
26.0,1,6,3,269
26.0,1,6,4,270
26.0,1,6,5,271
26.0,1,6,6,272
26.0,1,6,7,274
26.0,1,6,8,275
26.0,1,6,9,276
26.0,1,6,10,277
26.0,1,6,11,279
26.0,1,6,12,280
26.0,1,6,13,281
26.0,1,6,14,282
26.0,1,6,15,284
26.0,1,7,0,266
26.0,1,7,1,268
26.0,1,7,2,269
26.0,1,7,3,270
26.0,1,7,4,271
26.0,1,7,5,273
26.0,1,7,6,274
26.0,1,7,7,275
26.0,1,7,8,276
26.0,1,7,9,278
26.0,1,7,10,279
26.0,1,7,11,280
26.0,1,7,12,281
26.0,1,7,13,283
26.0,1,7,14,284
26.0,1,7,15,285
26.0,1,8,0,268
26.0,1,8,1,269
26.0,1,8,2,270
26.0,1,8,3,272
26.0,1,8,4,273
26.0,1,8,5,274
26.0,1,8,6,275
26.0,1,8,7,277
26.0,1,8,8,278
26.0,1,8,9,279
26.0,1,8,10,281
26.0,1,8,11,282
26.0,1,8,12,283
26.0,1,8,13,284
26.0,1,8,14,286
26.0,1,8,15,287
26.0,1,9,0,269
26.0,1,9,1,270
26.0,1,9,2,272
26.0,1,9,3,273
26.0,1,9,4,274
26.0,1,9,5,276
26.0,1,9,6,277
26.0,1,9,7,278
26.0,1,9,8,280
26.0,1,9,9,281
26.0,1,9,10,282
26.0,1,9,11,283
26.0,1,9,12,285
26.0,1,9,13,286
26.0,1,9,14,287
26.0,1,9,15,288
26.0,1,10,0,271
26.0,1,10,1,272
26.0,1,10,2,273
26.0,1,10,3,275
26.0,1,10,4,276
26.0,1,10,5,277
26.0,1,10,6,279
26.0,1,10,7,280
26.0,1,10,8,281
26.0,1,10,9,282
26.0,1,10,10,284
26.0,1,10,11,285
26.0,1,10,12,286
26.0,1,10,13,287
26.0,1,10,14,289
26.0,1,10,15,290
26.0,1,11,0,272
26.0,1,11,1,273
26.0,1,11,2,275
26.0,1,11,3,276
26.0,1,11,4,277
26.0,1,11,5,279
26.0,1,11,6,280
26.0,1,11,7,281
26.0,1,11,8,283
26.0,1,11,9,284
26.0,1,11,10,285
26.0,1,11,11,286
26.0,1,11,12,288
26.0,1,11,13,289
26.0,1,11,14,290
26.0,1,11,15,291
26.0,1,12,0,274
26.0,1,12,1,275
26.0,1,12,2,276
26.0,1,12,3,278
26.0,1,12,4,279
26.0,1,12,5,280
26.0,1,12,6,281
26.0,1,12,7,283
26.0,1,12,8,284
26.0,1,12,9,285
26.0,1,12,10,287
26.0,1,12,11,288
26.0,1,12,12,289
26.0,1,12,13,290
26.0,1,12,14,292
26.0,1,12,15,293
26.0,1,13,0,275
26.0,1,13,1,276
26.0,1,13,2,278
26.0,1,13,3,279
26.0,1,13,4,280
26.0,1,13,5,282
26.0,1,13,6,283
26.0,1,13,7,284
26.0,1,13,8,286
26.0,1,13,9,287
26.0,1,13,10,288
26.0,1,13,11,289
26.0,1,13,12,291
26.0,1,13,13,292
26.0,1,13,14,293
26.0,1,13,15,295
26.0,1,14,0,276
26.0,1,14,1,278
26.0,1,14,2,279
26.0,1,14,3,280
26.0,1,14,4,282
26.0,1,14,5,283
26.0,1,14,6,284
26.0,1,14,7,286
26.0,1,14,8,287
26.0,1,14,9,288
26.0,1,14,10,290
26.0,1,14,11,291
26.0,1,14,12,292
26.0,1,14,13,294
26.0,1,14,14,295
26.0,1,14,15,296
26.0,1,15,0,278
26.0,1,15,1,279
26.0,1,15,2,281
26.0,1,15,3,282
26.0,1,15,4,283
26.0,1,15,5,285
26.0,1,15,6,286
26.0,1,15,7,287
26.0,1,15,8,289
26.0,1,15,9,290
26.0,1,15,10,291
26.0,1,15,11,292
26.0,1,15,12,294
26.0,1,15,13,295
26.0,1,15,14,296
26.0,1,15,15,298
26.0,2,0,0,260
26.0,2,0,1,261
26.0,2,0,2,262
26.0,2,0,3,264
26.0,2,0,4,265
26.0,2,0,5,266
26.0,2,0,6,267
26.0,2,0,7,269
26.0,2,0,8,270
26.0,2,0,9,271
26.0,2,0,10,272
26.0,2,0,11,274
26.0,2,0,12,275
26.0,2,0,13,276
26.0,2,0,14,277
26.0,2,0,15,278
26.0,2,1,0,261
26.0,2,1,1,263
26.0,2,1,2,264
26.0,2,1,3,265
26.0,2,1,4,267
26.0,2,1,5,268
26.0,2,1,6,269
26.0,2,1,7,270
26.0,2,1,8,272
26.0,2,1,9,273
26.0,2,1,10,274
26.0,2,1,11,275
26.0,2,1,12,276
26.0,2,1,13,278
26.0,2,1,14,279
26.0,2,1,15,280
26.0,2,2,0,263
26.0,2,2,1,264
26.0,2,2,2,266
26.0,2,2,3,267
26.0,2,2,4,268
26.0,2,2,5,269
26.0,2,2,6,271
26.0,2,2,7,272
26.0,2,2,8,273
26.0,2,2,9,274
26.0,2,2,10,276
26.0,2,2,11,277
26.0,2,2,12,278
26.0,2,2,13,279
26.0,2,2,14,281
26.0,2,2,15,282
26.0,2,3,0,265
26.0,2,3,1,266
26.0,2,3,2,267
26.0,2,3,3,268
26.0,2,3,4,270
26.0,2,3,5,271
26.0,2,3,6,272
26.0,2,3,7,274
26.0,2,3,8,275
26.0,2,3,9,276
26.0,2,3,10,277
26.0,2,3,11,279
26.0,2,3,12,280
26.0,2,3,13,281
26.0,2,3,14,282
26.0,2,3,15,283
26.0,2,4,0,266
26.0,2,4,1,267
26.0,2,4,2,269
26.0,2,4,3,270
26.0,2,4,4,271
26.0,2,4,5,273
26.0,2,4,6,274
26.0,2,4,7,275
26.0,2,4,8,276
26.0,2,4,9,278
26.0,2,4,10,279
26.0,2,4,11,280
26.0,2,4,12,281
26.0,2,4,13,283
26.0,2,4,14,284
26.0,2,4,15,285
26.0,2,5,0,268
26.0,2,5,1,269
26.0,2,5,2,270
26.0,2,5,3,272
26.0,2,5,4,273
26.0,2,5,5,274
26.0,2,5,6,275
26.0,2,5,7,277
26.0,2,5,8,278
26.0,2,5,9,279
26.0,2,5,10,280
26.0,2,5,11,282
26.0,2,5,12,283
26.0,2,5,13,284
26.0,2,5,14,285
26.0,2,5,15,287
26.0,2,6,0,269
26.0,2,6,1,270
26.0,2,6,2,272
26.0,2,6,3,273
26.0,2,6,4,274
26.0,2,6,5,276
26.0,2,6,6,277
26.0,2,6,7,278
26.0,2,6,8,280
26.0,2,6,9,281
26.0,2,6,10,282
26.0,2,6,11,283
26.0,2,6,12,285
26.0,2,6,13,286
26.0,2,6,14,287
26.0,2,6,15,288
26.0,2,7,0,271
26.0,2,7,1,272
26.0,2,7,2,273
26.0,2,7,3,275
26.0,2,7,4,276
26.0,2,7,5,277
26.0,2,7,6,279
26.0,2,7,7,280
26.0,2,7,8,281
26.0,2,7,9,282
26.0,2,7,10,284
26.0,2,7,11,285
26.0,2,7,12,286
26.0,2,7,13,287
26.0,2,7,14,289
26.0,2,7,15,290
26.0,2,8,0,272
26.0,2,8,1,274
26.0,2,8,2,275
26.0,2,8,3,276
26.0,2,8,4,277
26.0,2,8,5,279
26.0,2,8,6,280
26.0,2,8,7,281
26.0,2,8,8,283
26.0,2,8,9,284
26.0,2,8,10,285
26.0,2,8,11,287
26.0,2,8,12,288
26.0,2,8,13,289
26.0,2,8,14,290
26.0,2,8,15,292
26.0,2,9,0,274
26.0,2,9,1,275
26.0,2,9,2,276
26.0,2,9,3,278
26.0,2,9,4,279
26.0,2,9,5,280
26.0,2,9,6,282
26.0,2,9,7,283
26.0,2,9,8,284
26.0,2,9,9,286
26.0,2,9,10,287
26.0,2,9,11,288
26.0,2,9,12,289
26.0,2,9,13,291
26.0,2,9,14,292
26.0,2,9,15,293
26.0,2,10,0,275
26.0,2,10,1,277
26.0,2,10,2,278
26.0,2,10,3,279
26.0,2,10,4,281
26.0,2,10,5,282
26.0,2,10,6,283
26.0,2,10,7,284
26.0,2,10,8,286
26.0,2,10,9,287
26.0,2,10,10,288
26.0,2,10,11,290
26.0,2,10,12,291
26.0,2,10,13,292
26.0,2,10,14,293
26.0,2,10,15,295
26.0,2,11,0,277
26.0,2,11,1,278
26.0,2,11,2,279
26.0,2,11,3,281
26.0,2,11,4,282
26.0,2,11,5,283
26.0,2,11,6,285
26.0,2,11,7,286
26.0,2,11,8,287
26.0,2,11,9,289
26.0,2,11,10,290
26.0,2,11,11,291
26.0,2,11,12,292
26.0,2,11,13,294
26.0,2,11,14,295
26.0,2,11,15,296
26.0,2,12,0,278
26.0,2,12,1,279
26.0,2,12,2,281
26.0,2,12,3,282
26.0,2,12,4,284
26.0,2,12,5,285
26.0,2,12,6,286
26.0,2,12,7,288
26.0,2,12,8,289
26.0,2,12,9,290
26.0,2,12,10,291
26.0,2,12,11,293
26.0,2,12,12,294
26.0,2,12,13,295
26.0,2,12,14,297
26.0,2,12,15,298
26.0,2,13,0,280
26.0,2,13,1,281
26.0,2,13,2,282
26.0,2,13,3,284
26.0,2,13,4,285
26.0,2,13,5,286
26.0,2,13,6,288
26.0,2,13,7,289
26.0,2,13,8,290
26.0,2,13,9,292
26.0,2,13,10,293
26.0,2,13,11,294
26.0,2,13,12,296
26.0,2,13,13,297
26.0,2,13,14,298
26.0,2,13,15,299
26.0,2,14,0,281
26.0,2,14,1,282
26.0,2,14,2,284
26.0,2,14,3,285
26.0,2,14,4,286
26.0,2,14,5,288
26.0,2,14,6,289
26.0,2,14,7,291
26.0,2,14,8,292
26.0,2,14,9,293
26.0,2,14,10,295
26.0,2,14,11,296
26.0,2,14,12,297
26.0,2,14,13,298
26.0,2,14,14,300
26.0,2,14,15,301
26.0,2,15,0,282
26.0,2,15,1,284
26.0,2,15,2,285
26.0,2,15,3,287
26.0,2,15,4,288
26.0,2,15,5,289
26.0,2,15,6,291
26.0,2,15,7,292
26.0,2,15,8,293
26.0,2,15,9,295
26.0,2,15,10,296
26.0,2,15,11,297
26.0,2,15,12,299
26.0,2,15,13,300
26.0,2,15,14,301
26.0,2,15,15,303
26.0,3,0,0,264
26.0,3,0,1,265
26.0,3,0,2,267
26.0,3,0,3,268
26.0,3,0,4,269
26.0,3,0,5,271
26.0,3,0,6,272
26.0,3,0,7,273
26.0,3,0,8,274
26.0,3,0,9,276
26.0,3,0,10,277
26.0,3,0,11,278
26.0,3,0,12,279
26.0,3,0,13,281
26.0,3,0,14,282
26.0,3,0,15,283
26.0,3,1,0,266
26.0,3,1,1,267
26.0,3,1,2,268
26.0,3,1,3,270
26.0,3,1,4,271
26.0,3,1,5,272
26.0,3,1,6,273
26.0,3,1,7,275
26.0,3,1,8,276
26.0,3,1,9,277
26.0,3,1,10,279
26.0,3,1,11,280
26.0,3,1,12,281
26.0,3,1,13,282
26.0,3,1,14,283
26.0,3,1,15,285
26.0,3,2,0,267
26.0,3,2,1,269
26.0,3,2,2,270
26.0,3,2,3,271
26.0,3,2,4,273
26.0,3,2,5,274
26.0,3,2,6,275
26.0,3,2,7,276
26.0,3,2,8,278
26.0,3,2,9,279
26.0,3,2,10,280
26.0,3,2,11,281
26.0,3,2,12,283
26.0,3,2,13,284
26.0,3,2,14,285
26.0,3,2,15,286
26.0,3,3,0,269
26.0,3,3,1,270
26.0,3,3,2,272
26.0,3,3,3,273
26.0,3,3,4,274
26.0,3,3,5,275
26.0,3,3,6,277
26.0,3,3,7,278
26.0,3,3,8,279
26.0,3,3,9,281
26.0,3,3,10,282
26.0,3,3,11,283
26.0,3,3,12,284
26.0,3,3,13,286
26.0,3,3,14,287
26.0,3,3,15,288
26.0,3,4,0,270
26.0,3,4,1,272
26.0,3,4,2,273
26.0,3,4,3,274
26.0,3,4,4,276
26.0,3,4,5,277
26.0,3,4,6,278
26.0,3,4,7,280
26.0,3,4,8,281
26.0,3,4,9,282
26.0,3,4,10,283
26.0,3,4,11,285
26.0,3,4,12,286
26.0,3,4,13,287
26.0,3,4,14,288
26.0,3,4,15,290
26.0,3,5,0,272
26.0,3,5,1,273
26.0,3,5,2,275
26.0,3,5,3,276
26.0,3,5,4,277
26.0,3,5,5,279
26.0,3,5,6,280
26.0,3,5,7,281
26.0,3,5,8,283
26.0,3,5,9,284
26.0,3,5,10,285
26.0,3,5,11,286
26.0,3,5,12,288
26.0,3,5,13,289
26.0,3,5,14,290
26.0,3,5,15,291
26.0,3,6,0,274
26.0,3,6,1,275
26.0,3,6,2,276
26.0,3,6,3,278
26.0,3,6,4,279
26.0,3,6,5,280
26.0,3,6,6,282
26.0,3,6,7,283
26.0,3,6,8,284
26.0,3,6,9,285
26.0,3,6,10,287
26.0,3,6,11,288
26.0,3,6,12,289
26.0,3,6,13,291
26.0,3,6,14,292
26.0,3,6,15,293
26.0,3,7,0,275
26.0,3,7,1,276
26.0,3,7,2,278
26.0,3,7,3,279
26.0,3,7,4,280
26.0,3,7,5,282
26.0,3,7,6,283
26.0,3,7,7,284
26.0,3,7,8,286
26.0,3,7,9,287
26.0,3,7,10,288
26.0,3,7,11,290
26.0,3,7,12,291
26.0,3,7,13,292
26.0,3,7,14,293
26.0,3,7,15,295
26.0,3,8,0,277
26.0,3,8,1,278
26.0,3,8,2,279
26.0,3,8,3,281
26.0,3,8,4,282
26.0,3,8,5,283
26.0,3,8,6,285
26.0,3,8,7,286
26.0,3,8,8,287
26.0,3,8,9,289
26.0,3,8,10,290
26.0,3,8,11,291
26.0,3,8,12,293
26.0,3,8,13,294
26.0,3,8,14,295
26.0,3,8,15,296
26.0,3,9,0,278
26.0,3,9,1,280
26.0,3,9,2,281
26.0,3,9,3,282
26.0,3,9,4,284
26.0,3,9,5,285
26.0,3,9,6,286
26.0,3,9,7,288
26.0,3,9,8,289
26.0,3,9,9,290
26.0,3,9,10,292
26.0,3,9,11,293
26.0,3,9,12,294
26.0,3,9,13,295
26.0,3,9,14,297
26.0,3,9,15,298
26.0,3,10,0,280
26.0,3,10,1,281
26.0,3,10,2,282
26.0,3,10,3,284
26.0,3,10,4,285
26.0,3,10,5,286
26.0,3,10,6,288
26.0,3,10,7,289
26.0,3,10,8,290
26.0,3,10,9,292
26.0,3,10,10,293
26.0,3,10,11,294
26.0,3,10,12,296
26.0,3,10,13,297
26.0,3,10,14,298
26.0,3,10,15,300
26.0,3,11,0,281
26.0,3,11,1,283
26.0,3,11,2,284
26.0,3,11,3,285
26.0,3,11,4,287
26.0,3,11,5,288
26.0,3,11,6,289
26.0,3,11,7,291
26.0,3,11,8,292
26.0,3,11,9,293
26.0,3,11,10,295
26.0,3,11,11,296
26.0,3,11,12,297
26.0,3,11,13,299
26.0,3,11,14,300
26.0,3,11,15,301
26.0,3,12,0,283
26.0,3,12,1,284
26.0,3,12,2,285
26.0,3,12,3,287
26.0,3,12,4,288
26.0,3,12,5,290
26.0,3,12,6,291
26.0,3,12,7,292
26.0,3,12,8,294
26.0,3,12,9,295
26.0,3,12,10,296
26.0,3,12,11,298
26.0,3,12,12,299
26.0,3,12,13,300
26.0,3,12,14,301
26.0,3,12,15,303
26.0,3,13,0,284
26.0,3,13,1,286
26.0,3,13,2,287
26.0,3,13,3,288
26.0,3,13,4,290
26.0,3,13,5,291
26.0,3,13,6,292
26.0,3,13,7,294
26.0,3,13,8,295
26.0,3,13,9,296
26.0,3,13,10,298
26.0,3,13,11,299
26.0,3,13,12,300
26.0,3,13,13,302
26.0,3,13,14,303
26.0,3,13,15,304
26.0,3,14,0,286
26.0,3,14,1,287
26.0,3,14,2,288
26.0,3,14,3,290
26.0,3,14,4,291
26.0,3,14,5,293
26.0,3,14,6,294
26.0,3,14,7,295
26.0,3,14,8,297
26.0,3,14,9,298
26.0,3,14,10,299
26.0,3,14,11,301
26.0,3,14,12,302
26.0,3,14,13,303
26.0,3,14,14,305
26.0,3,14,15,306
26.0,3,15,0,287
26.0,3,15,1,289
26.0,3,15,2,290
26.0,3,15,3,291
26.0,3,15,4,293
26.0,3,15,5,294
26.0,3,15,6,295
26.0,3,15,7,297
26.0,3,15,8,298
26.0,3,15,9,300
26.0,3,15,10,301
26.0,3,15,11,302
26.0,3,15,12,304
26.0,3,15,13,305
26.0,3,15,14,306
26.0,3,15,15,308
26.0,4,0,0,268
26.0,4,0,1,270
26.0,4,0,2,271
26.0,4,0,3,272
26.0,4,0,4,274
26.0,4,0,5,275
26.0,4,0,6,276
26.0,4,0,7,278
26.0,4,0,8,279
26.0,4,0,9,280
26.0,4,0,10,281
26.0,4,0,11,283
26.0,4,0,12,284
26.0,4,0,13,285
26.0,4,0,14,286
26.0,4,0,15,288
26.0,4,1,0,270
26.0,4,1,1,271
26.0,4,1,2,273
26.0,4,1,3,274
26.0,4,1,4,275
26.0,4,1,5,277
26.0,4,1,6,278
26.0,4,1,7,279
26.0,4,1,8,280
26.0,4,1,9,282
26.0,4,1,10,283
26.0,4,1,11,284
26.0,4,1,12,286
26.0,4,1,13,287
26.0,4,1,14,288
26.0,4,1,15,289
26.0,4,2,0,272
26.0,4,2,1,273
26.0,4,2,2,274
26.0,4,2,3,276
26.0,4,2,4,277
26.0,4,2,5,278
26.0,4,2,6,280
26.0,4,2,7,281
26.0,4,2,8,282
26.0,4,2,9,283
26.0,4,2,10,285
26.0,4,2,11,286
26.0,4,2,12,287
26.0,4,2,13,289
26.0,4,2,14,290
26.0,4,2,15,291
26.0,4,3,0,273
26.0,4,3,1,275
26.0,4,3,2,276
26.0,4,3,3,277
26.0,4,3,4,279
26.0,4,3,5,280
26.0,4,3,6,281
26.0,4,3,7,283
26.0,4,3,8,284
26.0,4,3,9,285
26.0,4,3,10,286
26.0,4,3,11,288
26.0,4,3,12,289
26.0,4,3,13,290
26.0,4,3,14,291
26.0,4,3,15,293
26.0,4,4,0,275
26.0,4,4,1,276
26.0,4,4,2,278
26.0,4,4,3,279
26.0,4,4,4,280
26.0,4,4,5,282
26.0,4,4,6,283
26.0,4,4,7,284
26.0,4,4,8,285
26.0,4,4,9,287
26.0,4,4,10,288
26.0,4,4,11,289
26.0,4,4,12,291
26.0,4,4,13,292
26.0,4,4,14,293
26.0,4,4,15,294
26.0,4,5,0,276
26.0,4,5,1,278
26.0,4,5,2,279
26.0,4,5,3,280
26.0,4,5,4,282
26.0,4,5,5,283
26.0,4,5,6,284
26.0,4,5,7,286
26.0,4,5,8,287
26.0,4,5,9,288
26.0,4,5,10,290
26.0,4,5,11,291
26.0,4,5,12,292
26.0,4,5,13,294
26.0,4,5,14,295
26.0,4,5,15,296
26.0,4,6,0,278
26.0,4,6,1,279
26.0,4,6,2,281
26.0,4,6,3,282
26.0,4,6,4,283
26.0,4,6,5,285
26.0,4,6,6,286
26.0,4,6,7,287
26.0,4,6,8,289
26.0,4,6,9,290
26.0,4,6,10,291
26.0,4,6,11,293
26.0,4,6,12,294
26.0,4,6,13,295
26.0,4,6,14,297
26.0,4,6,15,298
26.0,4,7,0,280
26.0,4,7,1,281
26.0,4,7,2,282
26.0,4,7,3,284
26.0,4,7,4,285
26.0,4,7,5,286
26.0,4,7,6,288
26.0,4,7,7,289
26.0,4,7,8,290
26.0,4,7,9,292
26.0,4,7,10,293
26.0,4,7,11,294
26.0,4,7,12,296
26.0,4,7,13,297
26.0,4,7,14,298
26.0,4,7,15,299
26.0,4,8,0,281
26.0,4,8,1,282
26.0,4,8,2,284
26.0,4,8,3,285
26.0,4,8,4,287
26.0,4,8,5,288
26.0,4,8,6,289
26.0,4,8,7,291
26.0,4,8,8,292
26.0,4,8,9,293
26.0,4,8,10,295
26.0,4,8,11,296
26.0,4,8,12,297
26.0,4,8,13,299
26.0,4,8,14,300
26.0,4,8,15,301
26.0,4,9,0,283
26.0,4,9,1,284
26.0,4,9,2,285
26.0,4,9,3,287
26.0,4,9,4,288
26.0,4,9,5,290
26.0,4,9,6,291
26.0,4,9,7,292
26.0,4,9,8,294
26.0,4,9,9,295
26.0,4,9,10,296
26.0,4,9,11,298
26.0,4,9,12,299
26.0,4,9,13,300
26.0,4,9,14,301
26.0,4,9,15,303
26.0,4,10,0,284
26.0,4,10,1,286
26.0,4,10,2,287
26.0,4,10,3,288
26.0,4,10,4,290
26.0,4,10,5,291
26.0,4,10,6,292
26.0,4,10,7,294
26.0,4,10,8,295
26.0,4,10,9,296
26.0,4,10,10,298
26.0,4,10,11,299
26.0,4,10,12,300
26.0,4,10,13,302
26.0,4,10,14,303
26.0,4,10,15,304
26.0,4,11,0,286
26.0,4,11,1,287
26.0,4,11,2,289
26.0,4,11,3,290
26.0,4,11,4,291
26.0,4,11,5,293
26.0,4,11,6,294
26.0,4,11,7,295
26.0,4,11,8,297
26.0,4,11,9,298
26.0,4,11,10,299
26.0,4,11,11,301
26.0,4,11,12,302
26.0,4,11,13,303
26.0,4,11,14,305
26.0,4,11,15,306
26.0,4,12,0,287
26.0,4,12,1,289
26.0,4,12,2,290
26.0,4,12,3,291
26.0,4,12,4,293
26.0,4,12,5,294
26.0,4,12,6,296
26.0,4,12,7,297
26.0,4,12,8,298
26.0,4,12,9,300
26.0,4,12,10,301
26.0,4,12,11,302
26.0,4,12,12,304
26.0,4,12,13,305
26.0,4,12,14,306
26.0,4,12,15,308
26.0,4,13,0,289
26.0,4,13,1,290
26.0,4,13,2,292
26.0,4,13,3,293
26.0,4,13,4,294
26.0,4,13,5,296
26.0,4,13,6,297
26.0,4,13,7,299
26.0,4,13,8,300
26.0,4,13,9,301
26.0,4,13,10,303
26.0,4,13,11,304
26.0,4,13,12,305
26.0,4,13,13,307
26.0,4,13,14,308
26.0,4,13,15,309
26.0,4,14,0,290
26.0,4,14,1,292
26.0,4,14,2,293
26.0,4,14,3,295
26.0,4,14,4,296
26.0,4,14,5,297
26.0,4,14,6,299
26.0,4,14,7,300
26.0,4,14,8,301
26.0,4,14,9,303
26.0,4,14,10,304
26.0,4,14,11,306
26.0,4,14,12,307
26.0,4,14,13,308
26.0,4,14,14,310
26.0,4,14,15,311
26.0,4,15,0,292
26.0,4,15,1,293
26.0,4,15,2,295
26.0,4,15,3,296
26.0,4,15,4,297
26.0,4,15,5,299
26.0,4,15,6,300
26.0,4,15,7,302
26.0,4,15,8,303
26.0,4,15,9,304
26.0,4,15,10,306
26.0,4,15,11,307
26.0,4,15,12,308
26.0,4,15,13,310
26.0,4,15,14,311
26.0,4,15,15,313
26.0,5,0,0,273
26.0,5,0,1,274
26.0,5,0,2,275
26.0,5,0,3,277
26.0,5,0,4,278
26.0,5,0,5,279
26.0,5,0,6,281
26.0,5,0,7,282
26.0,5,0,8,283
26.0,5,0,9,285
26.0,5,0,10,286
26.0,5,0,11,287
26.0,5,0,12,288
26.0,5,0,13,290
26.0,5,0,14,291
26.0,5,0,15,292
26.0,5,1,0,274
26.0,5,1,1,276
26.0,5,1,2,277
26.0,5,1,3,278
26.0,5,1,4,280
26.0,5,1,5,281
26.0,5,1,6,282
26.0,5,1,7,284
26.0,5,1,8,285
26.0,5,1,9,286
26.0,5,1,10,288
26.0,5,1,11,289
26.0,5,1,12,290
26.0,5,1,13,291
26.0,5,1,14,293
26.0,5,1,15,294
26.0,5,2,0,276
26.0,5,2,1,277
26.0,5,2,2,279
26.0,5,2,3,280
26.0,5,2,4,281
26.0,5,2,5,283
26.0,5,2,6,284
26.0,5,2,7,285
26.0,5,2,8,287
26.0,5,2,9,288
26.0,5,2,10,289
26.0,5,2,11,291
26.0,5,2,12,292
26.0,5,2,13,293
26.0,5,2,14,294
26.0,5,2,15,296
26.0,5,3,0,278
26.0,5,3,1,279
26.0,5,3,2,280
26.0,5,3,3,282
26.0,5,3,4,283
26.0,5,3,5,284
26.0,5,3,6,286
26.0,5,3,7,287
26.0,5,3,8,288
26.0,5,3,9,290
26.0,5,3,10,291
26.0,5,3,11,292
26.0,5,3,12,294
26.0,5,3,13,295
26.0,5,3,14,296
26.0,5,3,15,297
26.0,5,4,0,279
26.0,5,4,1,281
26.0,5,4,2,282
26.0,5,4,3,283
26.0,5,4,4,285
26.0,5,4,5,286
26.0,5,4,6,287
26.0,5,4,7,289
26.0,5,4,8,290
26.0,5,4,9,291
26.0,5,4,10,293
26.0,5,4,11,294
26.0,5,4,12,295
26.0,5,4,13,297
26.0,5,4,14,298
26.0,5,4,15,299
26.0,5,5,0,281
26.0,5,5,1,282
26.0,5,5,2,284
26.0,5,5,3,285
26.0,5,5,4,286
26.0,5,5,5,288
26.0,5,5,6,289
26.0,5,5,7,290
26.0,5,5,8,292
26.0,5,5,9,293
26.0,5,5,10,294
26.0,5,5,11,296
26.0,5,5,12,297
26.0,5,5,13,298
26.0,5,5,14,300
26.0,5,5,15,301
26.0,5,6,0,282
26.0,5,6,1,284
26.0,5,6,2,285
26.0,5,6,3,287
26.0,5,6,4,288
26.0,5,6,5,289
26.0,5,6,6,291
26.0,5,6,7,292
26.0,5,6,8,293
26.0,5,6,9,295
26.0,5,6,10,296
26.0,5,6,11,297
26.0,5,6,12,299
26.0,5,6,13,300
26.0,5,6,14,301
26.0,5,6,15,303
26.0,5,7,0,284
26.0,5,7,1,285
26.0,5,7,2,287
26.0,5,7,3,288
26.0,5,7,4,290
26.0,5,7,5,291
26.0,5,7,6,292
26.0,5,7,7,294
26.0,5,7,8,295
26.0,5,7,9,296
26.0,5,7,10,298
26.0,5,7,11,299
26.0,5,7,12,300
26.0,5,7,13,302
26.0,5,7,14,303
26.0,5,7,15,304
26.0,5,8,0,286
26.0,5,8,1,287
26.0,5,8,2,288
26.0,5,8,3,290
26.0,5,8,4,291
26.0,5,8,5,293
26.0,5,8,6,294
26.0,5,8,7,295
26.0,5,8,8,297
26.0,5,8,9,298
26.0,5,8,10,299
26.0,5,8,11,301
26.0,5,8,12,302
26.0,5,8,13,303
26.0,5,8,14,305
26.0,5,8,15,306
26.0,5,9,0,287
26.0,5,9,1,289
26.0,5,9,2,290
26.0,5,9,3,291
26.0,5,9,4,293
26.0,5,9,5,294
26.0,5,9,6,295
26.0,5,9,7,297
26.0,5,9,8,298
26.0,5,9,9,300
26.0,5,9,10,301
26.0,5,9,11,302
26.0,5,9,12,304
26.0,5,9,13,305
26.0,5,9,14,306
26.0,5,9,15,308
26.0,5,10,0,289
26.0,5,10,1,290
26.0,5,10,2,292
26.0,5,10,3,293
26.0,5,10,4,294
26.0,5,10,5,296
26.0,5,10,6,297
26.0,5,10,7,298
26.0,5,10,8,300
26.0,5,10,9,301
26.0,5,10,10,303
26.0,5,10,11,304
26.0,5,10,12,305
26.0,5,10,13,307
26.0,5,10,14,308
26.0,5,10,15,309
26.0,5,11,0,290
26.0,5,11,1,292
26.0,5,11,2,293
26.0,5,11,3,295
26.0,5,11,4,296
26.0,5,11,5,297
26.0,5,11,6,299
26.0,5,11,7,300
26.0,5,11,8,301
26.0,5,11,9,303
26.0,5,11,10,304
26.0,5,11,11,306
26.0,5,11,12,307
26.0,5,11,13,308
26.0,5,11,14,310
26.0,5,11,15,311
26.0,5,12,0,292
26.0,5,12,1,293
26.0,5,12,2,295
26.0,5,12,3,296
26.0,5,12,4,297
26.0,5,12,5,299
26.0,5,12,6,300
26.0,5,12,7,302
26.0,5,12,8,303
26.0,5,12,9,304
26.0,5,12,10,306
26.0,5,12,11,307
26.0,5,12,12,309
26.0,5,12,13,310
26.0,5,12,14,311
26.0,5,12,15,313
26.0,5,13,0,293
26.0,5,13,1,295
26.0,5,13,2,296
26.0,5,13,3,298
26.0,5,13,4,299
26.0,5,13,5,300
26.0,5,13,6,302
26.0,5,13,7,303
26.0,5,13,8,305
26.0,5,13,9,306
26.0,5,13,10,307
26.0,5,13,11,309
26.0,5,13,12,310
26.0,5,13,13,312
26.0,5,13,14,313
26.0,5,13,15,314
26.0,5,14,0,295
26.0,5,14,1,296
26.0,5,14,2,298
26.0,5,14,3,299
26.0,5,14,4,301
26.0,5,14,5,302
26.0,5,14,6,303
26.0,5,14,7,305
26.0,5,14,8,306
26.0,5,14,9,308
26.0,5,14,10,309
26.0,5,14,11,310
26.0,5,14,12,312
26.0,5,14,13,313
26.0,5,14,14,314
26.0,5,14,15,316
26.0,5,15,0,296
26.0,5,15,1,298
26.0,5,15,2,299
26.0,5,15,3,301
26.0,5,15,4,302
26.0,5,15,5,304
26.0,5,15,6,305
26.0,5,15,7,306
26.0,5,15,8,308
26.0,5,15,9,309
26.0,5,15,10,311
26.0,5,15,11,312
26.0,5,15,12,313
26.0,5,15,13,315
26.0,5,15,14,316
26.0,5,15,15,317
26.0,6,0,0,277
26.0,6,0,1,278
26.0,6,0,2,280
26.0,6,0,3,281
26.0,6,0,4,282
26.0,6,0,5,284
26.0,6,0,6,285
26.0,6,0,7,286
26.0,6,0,8,288
26.0,6,0,9,289
26.0,6,0,10,290
26.0,6,0,11,292
26.0,6,0,12,293
26.0,6,0,13,294
26.0,6,0,14,295
26.0,6,0,15,297
26.0,6,1,0,279
26.0,6,1,1,280
26.0,6,1,2,281
26.0,6,1,3,283
26.0,6,1,4,284
26.0,6,1,5,285
26.0,6,1,6,287
26.0,6,1,7,288
26.0,6,1,8,289
26.0,6,1,9,291
26.0,6,1,10,292
26.0,6,1,11,293
26.0,6,1,12,295
26.0,6,1,13,296
26.0,6,1,14,297
26.0,6,1,15,298
26.0,6,2,0,280
26.0,6,2,1,282
26.0,6,2,2,283
26.0,6,2,3,284
26.0,6,2,4,286
26.0,6,2,5,287
26.0,6,2,6,288
26.0,6,2,7,290
26.0,6,2,8,291
26.0,6,2,9,292
26.0,6,2,10,294
26.0,6,2,11,295
26.0,6,2,12,296
26.0,6,2,13,298
26.0,6,2,14,299
26.0,6,2,15,300
26.0,6,3,0,282
26.0,6,3,1,283
26.0,6,3,2,285
26.0,6,3,3,286
26.0,6,3,4,287
26.0,6,3,5,289
26.0,6,3,6,290
26.0,6,3,7,291
26.0,6,3,8,293
26.0,6,3,9,294
26.0,6,3,10,295
26.0,6,3,11,297
26.0,6,3,12,298
26.0,6,3,13,299
26.0,6,3,14,301
26.0,6,3,15,302
26.0,6,4,0,284
26.0,6,4,1,285
26.0,6,4,2,286
26.0,6,4,3,288
26.0,6,4,4,289
26.0,6,4,5,290
26.0,6,4,6,292
26.0,6,4,7,293
26.0,6,4,8,295
26.0,6,4,9,296
26.0,6,4,10,297
26.0,6,4,11,299
26.0,6,4,12,300
26.0,6,4,13,301
26.0,6,4,14,302
26.0,6,4,15,304
26.0,6,5,0,285
26.0,6,5,1,287
26.0,6,5,2,288
26.0,6,5,3,289
26.0,6,5,4,291
26.0,6,5,5,292
26.0,6,5,6,294
26.0,6,5,7,295
26.0,6,5,8,296
26.0,6,5,9,298
26.0,6,5,10,299
26.0,6,5,11,300
26.0,6,5,12,302
26.0,6,5,13,303
26.0,6,5,14,304
26.0,6,5,15,306
26.0,6,6,0,287
26.0,6,6,1,288
26.0,6,6,2,290
26.0,6,6,3,291
26.0,6,6,4,292
26.0,6,6,5,294
26.0,6,6,6,295
26.0,6,6,7,297
26.0,6,6,8,298
26.0,6,6,9,299
26.0,6,6,10,301
26.0,6,6,11,302
26.0,6,6,12,303
26.0,6,6,13,305
26.0,6,6,14,306
26.0,6,6,15,307
26.0,6,7,0,288
26.0,6,7,1,290
26.0,6,7,2,291
26.0,6,7,3,293
26.0,6,7,4,294
26.0,6,7,5,295
26.0,6,7,6,297
26.0,6,7,7,298
26.0,6,7,8,300
26.0,6,7,9,301
26.0,6,7,10,302
26.0,6,7,11,304
26.0,6,7,12,305
26.0,6,7,13,306
26.0,6,7,14,308
26.0,6,7,15,309
26.0,6,8,0,290
26.0,6,8,1,291
26.0,6,8,2,293
26.0,6,8,3,294
26.0,6,8,4,296
26.0,6,8,5,297
26.0,6,8,6,298
26.0,6,8,7,300
26.0,6,8,8,301
26.0,6,8,9,303
26.0,6,8,10,304
26.0,6,8,11,305
26.0,6,8,12,307
26.0,6,8,13,308
26.0,6,8,14,309
26.0,6,8,15,311
26.0,6,9,0,292
26.0,6,9,1,293
26.0,6,9,2,295
26.0,6,9,3,296
26.0,6,9,4,297
26.0,6,9,5,299
26.0,6,9,6,300
26.0,6,9,7,302
26.0,6,9,8,303
26.0,6,9,9,304
26.0,6,9,10,306
26.0,6,9,11,307
26.0,6,9,12,308
26.0,6,9,13,310
26.0,6,9,14,311
26.0,6,9,15,312
26.0,6,10,0,293
26.0,6,10,1,295
26.0,6,10,2,296
26.0,6,10,3,298
26.0,6,10,4,299
26.0,6,10,5,300
26.0,6,10,6,302
26.0,6,10,7,303
26.0,6,10,8,305
26.0,6,10,9,306
26.0,6,10,10,307
26.0,6,10,11,309
26.0,6,10,12,310
26.0,6,10,13,311
26.0,6,10,14,313
26.0,6,10,15,314
26.0,6,11,0,295
26.0,6,11,1,296
26.0,6,11,2,298
26.0,6,11,3,299
26.0,6,11,4,301
26.0,6,11,5,302
26.0,6,11,6,303
26.0,6,11,7,305
26.0,6,11,8,306
26.0,6,11,9,308
26.0,6,11,10,309
26.0,6,11,11,310
26.0,6,11,12,312
26.0,6,11,13,313
26.0,6,11,14,314
26.0,6,11,15,316
26.0,6,12,0,296
26.0,6,12,1,298
26.0,6,12,2,299
26.0,6,12,3,301
26.0,6,12,4,302
26.0,6,12,5,304
26.0,6,12,6,305
26.0,6,12,7,306
26.0,6,12,8,308
26.0,6,12,9,309
26.0,6,12,10,311
26.0,6,12,11,312
26.0,6,12,12,313
26.0,6,12,13,315
26.0,6,12,14,316
26.0,6,12,15,317
26.0,6,13,0,298
26.0,6,13,1,299
26.0,6,13,2,301
26.0,6,13,3,302
26.0,6,13,4,304
26.0,6,13,5,305
26.0,6,13,6,307
26.0,6,13,7,308
26.0,6,13,8,309
26.0,6,13,9,311
26.0,6,13,10,312
26.0,6,13,11,314
26.0,6,13,12,315
26.0,6,13,13,316
26.0,6,13,14,318
26.0,6,13,15,319
26.0,6,14,0,299
26.0,6,14,1,301
26.0,6,14,2,302
26.0,6,14,3,304
26.0,6,14,4,305
26.0,6,14,5,307
26.0,6,14,6,308
26.0,6,14,7,310
26.0,6,14,8,311
26.0,6,14,9,312
26.0,6,14,10,314
26.0,6,14,11,315
26.0,6,14,12,317
26.0,6,14,13,318
26.0,6,14,14,319
26.0,6,14,15,321
26.0,6,15,0,301
26.0,6,15,1,303
26.0,6,15,2,304
26.0,6,15,3,305
26.0,6,15,4,307
26.0,6,15,5,308
26.0,6,15,6,310
26.0,6,15,7,311
26.0,6,15,8,313
26.0,6,15,9,314
26.0,6,15,10,315
26.0,6,15,11,317
26.0,6,15,12,318
26.0,6,15,13,320
26.0,6,15,14,321
26.0,6,15,15,322
26.0,7,0,0,281
26.0,7,0,1,283
26.0,7,0,2,284
26.0,7,0,3,285
26.0,7,0,4,287
26.0,7,0,5,288
26.0,7,0,6,289
26.0,7,0,7,291
26.0,7,0,8,292
26.0,7,0,9,293
26.0,7,0,10,295
26.0,7,0,11,296
26.0,7,0,12,297
26.0,7,0,13,299
26.0,7,0,14,300
26.0,7,0,15,301
26.0,7,1,0,283
26.0,7,1,1,284
26.0,7,1,2,286
26.0,7,1,3,287
26.0,7,1,4,288
26.0,7,1,5,290
26.0,7,1,6,291
26.0,7,1,7,293
26.0,7,1,8,294
26.0,7,1,9,295
26.0,7,1,10,297
26.0,7,1,11,298
26.0,7,1,12,299
26.0,7,1,13,300
26.0,7,1,14,302
26.0,7,1,15,303
26.0,7,2,0,285
26.0,7,2,1,286
26.0,7,2,2,287
26.0,7,2,3,289
26.0,7,2,4,290
26.0,7,2,5,292
26.0,7,2,6,293
26.0,7,2,7,294
26.0,7,2,8,296
26.0,7,2,9,297
26.0,7,2,10,298
26.0,7,2,11,300
26.0,7,2,12,301
26.0,7,2,13,302
26.0,7,2,14,304
26.0,7,2,15,305
26.0,7,3,0,286
26.0,7,3,1,288
26.0,7,3,2,289
26.0,7,3,3,290
26.0,7,3,4,292
26.0,7,3,5,293
26.0,7,3,6,295
26.0,7,3,7,296
26.0,7,3,8,297
26.0,7,3,9,299
26.0,7,3,10,300
26.0,7,3,11,301
26.0,7,3,12,303
26.0,7,3,13,304
26.0,7,3,14,305
26.0,7,3,15,307
26.0,7,4,0,288
26.0,7,4,1,289
26.0,7,4,2,291
26.0,7,4,3,292
26.0,7,4,4,294
26.0,7,4,5,295
26.0,7,4,6,296
26.0,7,4,7,298
26.0,7,4,8,299
26.0,7,4,9,300
26.0,7,4,10,302
26.0,7,4,11,303
26.0,7,4,12,304
26.0,7,4,13,306
26.0,7,4,14,307
26.0,7,4,15,308
26.0,7,5,0,290
26.0,7,5,1,291
26.0,7,5,2,292
26.0,7,5,3,294
26.0,7,5,4,295
26.0,7,5,5,297
26.0,7,5,6,298
26.0,7,5,7,299
26.0,7,5,8,301
26.0,7,5,9,302
26.0,7,5,10,304
26.0,7,5,11,305
26.0,7,5,12,306
26.0,7,5,13,308
26.0,7,5,14,309
26.0,7,5,15,310
26.0,7,6,0,291
26.0,7,6,1,293
26.0,7,6,2,294
26.0,7,6,3,296
26.0,7,6,4,297
26.0,7,6,5,298
26.0,7,6,6,300
26.0,7,6,7,301
26.0,7,6,8,302
26.0,7,6,9,304
26.0,7,6,10,305
26.0,7,6,11,307
26.0,7,6,12,308
26.0,7,6,13,309
26.0,7,6,14,311
26.0,7,6,15,312
26.0,7,7,0,293
26.0,7,7,1,294
26.0,7,7,2,296
26.0,7,7,3,297
26.0,7,7,4,299
26.0,7,7,5,300
26.0,7,7,6,301
26.0,7,7,7,303
26.0,7,7,8,304
26.0,7,7,9,306
26.0,7,7,10,307
26.0,7,7,11,308
26.0,7,7,12,310
26.0,7,7,13,311
26.0,7,7,14,312
26.0,7,7,15,314
26.0,7,8,0,295
26.0,7,8,1,296
26.0,7,8,2,297
26.0,7,8,3,299
26.0,7,8,4,300
26.0,7,8,5,302
26.0,7,8,6,303
26.0,7,8,7,304
26.0,7,8,8,306
26.0,7,8,9,307
26.0,7,8,10,309
26.0,7,8,11,310
26.0,7,8,12,311
26.0,7,8,13,313
26.0,7,8,14,314
26.0,7,8,15,315
26.0,7,9,0,296
26.0,7,9,1,298
26.0,7,9,2,299
26.0,7,9,3,300
26.0,7,9,4,302
26.0,7,9,5,303
26.0,7,9,6,305
26.0,7,9,7,306
26.0,7,9,8,308
26.0,7,9,9,309
26.0,7,9,10,310
26.0,7,9,11,312
26.0,7,9,12,313
26.0,7,9,13,314
26.0,7,9,14,316
26.0,7,9,15,317
26.0,7,10,0,298
26.0,7,10,1,299
26.0,7,10,2,301
26.0,7,10,3,302
26.0,7,10,4,304
26.0,7,10,5,305
26.0,7,10,6,306
26.0,7,10,7,308
26.0,7,10,8,309
26.0,7,10,9,311
26.0,7,10,10,312
26.0,7,10,11,313
26.0,7,10,12,315
26.0,7,10,13,316
26.0,7,10,14,318
26.0,7,10,15,319
26.0,7,11,0,299
26.0,7,11,1,301
26.0,7,11,2,302
26.0,7,11,3,304
26.0,7,11,4,305
26.0,7,11,5,307
26.0,7,11,6,308
26.0,7,11,7,309
26.0,7,11,8,311
26.0,7,11,9,312
26.0,7,11,10,314
26.0,7,11,11,315
26.0,7,11,12,317
26.0,7,11,13,318
26.0,7,11,14,319
26.0,7,11,15,321
26.0,7,12,0,301
26.0,7,12,1,302
26.0,7,12,2,304
26.0,7,12,3,305
26.0,7,12,4,307
26.0,7,12,5,308
26.0,7,12,6,310
26.0,7,12,7,311
26.0,7,12,8,313
26.0,7,12,9,314
26.0,7,12,10,315
26.0,7,12,11,317
26.0,7,12,12,318
26.0,7,12,13,320
26.0,7,12,14,321
26.0,7,12,15,322
26.0,7,13,0,303
26.0,7,13,1,304
26.0,7,13,2,305
26.0,7,13,3,307
26.0,7,13,4,308
26.0,7,13,5,310
26.0,7,13,6,311
26.0,7,13,7,313
26.0,7,13,8,314
26.0,7,13,9,316
26.0,7,13,10,317
26.0,7,13,11,318
26.0,7,13,12,320
26.0,7,13,13,321
26.0,7,13,14,323
26.0,7,13,15,324
26.0,7,14,0,304
26.0,7,14,1,306
26.0,7,14,2,307
26.0,7,14,3,309
26.0,7,14,4,310
26.0,7,14,5,311
26.0,7,14,6,313
26.0,7,14,7,314
26.0,7,14,8,316
26.0,7,14,9,317
26.0,7,14,10,319
26.0,7,14,11,320
26.0,7,14,12,322
26.0,7,14,13,323
26.0,7,14,14,324
26.0,7,14,15,326
26.0,7,15,0,306
26.0,7,15,1,307
26.0,7,15,2,309
26.0,7,15,3,310
26.0,7,15,4,312
26.0,7,15,5,313
26.0,7,15,6,315
26.0,7,15,7,316
26.0,7,15,8,317
26.0,7,15,9,319
26.0,7,15,10,320
26.0,7,15,11,322
26.0,7,15,12,323
26.0,7,15,13,325
26.0,7,15,14,326
26.0,7,15,15,327
26.0,8,0,0,286
26.0,8,0,1,287
26.0,8,0,2,288
26.0,8,0,3,290
26.0,8,0,4,291
26.0,8,0,5,292
26.0,8,0,6,294
26.0,8,0,7,295
26.0,8,0,8,297
26.0,8,0,9,298
26.0,8,0,10,299
26.0,8,0,11,301
26.0,8,0,12,302
26.0,8,0,13,303
26.0,8,0,14,305
26.0,8,0,15,306
26.0,8,1,0,287
26.0,8,1,1,289
26.0,8,1,2,290
26.0,8,1,3,291
26.0,8,1,4,293
26.0,8,1,5,294
26.0,8,1,6,296
26.0,8,1,7,297
26.0,8,1,8,298
26.0,8,1,9,300
26.0,8,1,10,301
26.0,8,1,11,302
26.0,8,1,12,304
26.0,8,1,13,305
26.0,8,1,14,306
26.0,8,1,15,308
26.0,8,2,0,289
26.0,8,2,1,290
26.0,8,2,2,292
26.0,8,2,3,293
26.0,8,2,4,295
26.0,8,2,5,296
26.0,8,2,6,297
26.0,8,2,7,299
26.0,8,2,8,300
26.0,8,2,9,301
26.0,8,2,10,303
26.0,8,2,11,304
26.0,8,2,12,306
26.0,8,2,13,307
26.0,8,2,14,308
26.0,8,2,15,310
26.0,8,3,0,291
26.0,8,3,1,292
26.0,8,3,2,293
26.0,8,3,3,295
26.0,8,3,4,296
26.0,8,3,5,298
26.0,8,3,6,299
26.0,8,3,7,300
26.0,8,3,8,302
26.0,8,3,9,303
26.0,8,3,10,305
26.0,8,3,11,306
26.0,8,3,12,307
26.0,8,3,13,309
26.0,8,3,14,310
26.0,8,3,15,311
26.0,8,4,0,292
26.0,8,4,1,294
26.0,8,4,2,295
26.0,8,4,3,297
26.0,8,4,4,298
26.0,8,4,5,299
26.0,8,4,6,301
26.0,8,4,7,302
26.0,8,4,8,304
26.0,8,4,9,305
26.0,8,4,10,306
26.0,8,4,11,308
26.0,8,4,12,309
26.0,8,4,13,310
26.0,8,4,14,312
26.0,8,4,15,313
26.0,8,5,0,294
26.0,8,5,1,295
26.0,8,5,2,297
26.0,8,5,3,298
26.0,8,5,4,300
26.0,8,5,5,301
26.0,8,5,6,303
26.0,8,5,7,304
26.0,8,5,8,305
26.0,8,5,9,307
26.0,8,5,10,308
26.0,8,5,11,309
26.0,8,5,12,311
26.0,8,5,13,312
26.0,8,5,14,314
26.0,8,5,15,315
26.0,8,6,0,296
26.0,8,6,1,297
26.0,8,6,2,299
26.0,8,6,3,300
26.0,8,6,4,301
26.0,8,6,5,303
26.0,8,6,6,304
26.0,8,6,7,306
26.0,8,6,8,307
26.0,8,6,9,308
26.0,8,6,10,310
26.0,8,6,11,311
26.0,8,6,12,313
26.0,8,6,13,314
26.0,8,6,14,315
26.0,8,6,15,317
26.0,8,7,0,297
26.0,8,7,1,299
26.0,8,7,2,300
26.0,8,7,3,302
26.0,8,7,4,303
26.0,8,7,5,305
26.0,8,7,6,306
26.0,8,7,7,307
26.0,8,7,8,309
26.0,8,7,9,310
26.0,8,7,10,312
26.0,8,7,11,313
26.0,8,7,12,314
26.0,8,7,13,316
26.0,8,7,14,317
26.0,8,7,15,319
26.0,8,8,0,299
26.0,8,8,1,300
26.0,8,8,2,302
26.0,8,8,3,303
26.0,8,8,4,305
26.0,8,8,5,306
26.0,8,8,6,308
26.0,8,8,7,309
26.0,8,8,8,311
26.0,8,8,9,312
26.0,8,8,10,313
26.0,8,8,11,315
26.0,8,8,12,316
26.0,8,8,13,318
26.0,8,8,14,319
26.0,8,8,15,320
26.0,8,9,0,301
26.0,8,9,1,302
26.0,8,9,2,304
26.0,8,9,3,305
26.0,8,9,4,306
26.0,8,9,5,308
26.0,8,9,6,309
26.0,8,9,7,311
26.0,8,9,8,312
26.0,8,9,9,314
26.0,8,9,10,315
26.0,8,9,11,316
26.0,8,9,12,318
26.0,8,9,13,319
26.0,8,9,14,321
26.0,8,9,15,322
26.0,8,10,0,302
26.0,8,10,1,304
26.0,8,10,2,305
26.0,8,10,3,307
26.0,8,10,4,308
26.0,8,10,5,310
26.0,8,10,6,311
26.0,8,10,7,312
26.0,8,10,8,314
26.0,8,10,9,315
26.0,8,10,10,317
26.0,8,10,11,318
26.0,8,10,12,320
26.0,8,10,13,321
26.0,8,10,14,322
26.0,8,10,15,324
26.0,8,11,0,304
26.0,8,11,1,305
26.0,8,11,2,307
26.0,8,11,3,308
26.0,8,11,4,310
26.0,8,11,5,311
26.0,8,11,6,313
26.0,8,11,7,314
26.0,8,11,8,316
26.0,8,11,9,317
26.0,8,11,10,318
26.0,8,11,11,320
26.0,8,11,12,321
26.0,8,11,13,323
26.0,8,11,14,324
26.0,8,11,15,326
26.0,8,12,0,306
26.0,8,12,1,307
26.0,8,12,2,308
26.0,8,12,3,310
26.0,8,12,4,311
26.0,8,12,5,313
26.0,8,12,6,314
26.0,8,12,7,316
26.0,8,12,8,317
26.0,8,12,9,319
26.0,8,12,10,320
26.0,8,12,11,322
26.0,8,12,12,323
26.0,8,12,13,324
26.0,8,12,14,326
26.0,8,12,15,327
26.0,8,13,0,307
26.0,8,13,1,309
26.0,8,13,2,310
26.0,8,13,3,312
26.0,8,13,4,313
26.0,8,13,5,315
26.0,8,13,6,316
26.0,8,13,7,318
26.0,8,13,8,319
26.0,8,13,9,320
26.0,8,13,10,322
26.0,8,13,11,323
26.0,8,13,12,325
26.0,8,13,13,326
26.0,8,13,14,328
26.0,8,13,15,329
26.0,8,14,0,309
26.0,8,14,1,310
26.0,8,14,2,312
26.0,8,14,3,313
26.0,8,14,4,315
26.0,8,14,5,316
26.0,8,14,6,318
26.0,8,14,7,319
26.0,8,14,8,321
26.0,8,14,9,322
26.0,8,14,10,324
26.0,8,14,11,325
26.0,8,14,12,326
26.0,8,14,13,328
26.0,8,14,14,329
26.0,8,14,15,331
26.0,8,15,0,310
26.0,8,15,1,312
26.0,8,15,2,313
26.0,8,15,3,315
26.0,8,15,4,316
26.0,8,15,5,318
26.0,8,15,6,319
26.0,8,15,7,321
26.0,8,15,8,322
26.0,8,15,9,324
26.0,8,15,10,325
26.0,8,15,11,327
26.0,8,15,12,328
26.0,8,15,13,330
26.0,8,15,14,331
26.0,8,15,15,332
26.0,9,0,0,290
26.0,9,0,1,291
26.0,9,0,2,293
26.0,9,0,3,294
26.0,9,0,4,295
26.0,9,0,5,297
26.0,9,0,6,298
26.0,9,0,7,300
26.0,9,0,8,301
26.0,9,0,9,302
26.0,9,0,10,304
26.0,9,0,11,305
26.0,9,0,12,306
26.0,9,0,13,308
26.0,9,0,14,309
26.0,9,0,15,310
26.0,9,1,0,292
26.0,9,1,1,293
26.0,9,1,2,294
26.0,9,1,3,296
26.0,9,1,4,297
26.0,9,1,5,299
26.0,9,1,6,300
26.0,9,1,7,301
26.0,9,1,8,303
26.0,9,1,9,304
26.0,9,1,10,306
26.0,9,1,11,307
26.0,9,1,12,308
26.0,9,1,13,310
26.0,9,1,14,311
26.0,9,1,15,312
26.0,9,2,0,293
26.0,9,2,1,295
26.0,9,2,2,296
26.0,9,2,3,298
26.0,9,2,4,299
26.0,9,2,5,300
26.0,9,2,6,302
26.0,9,2,7,303
26.0,9,2,8,305
26.0,9,2,9,306
26.0,9,2,10,307
26.0,9,2,11,309
26.0,9,2,12,310
26.0,9,2,13,311
26.0,9,2,14,313
26.0,9,2,15,314
26.0,9,3,0,295
26.0,9,3,1,296
26.0,9,3,2,298
26.0,9,3,3,299
26.0,9,3,4,301
26.0,9,3,5,302
26.0,9,3,6,304
26.0,9,3,7,305
26.0,9,3,8,306
26.0,9,3,9,308
26.0,9,3,10,309
26.0,9,3,11,311
26.0,9,3,12,312
26.0,9,3,13,313
26.0,9,3,14,315
26.0,9,3,15,316
26.0,9,4,0,297
26.0,9,4,1,298
26.0,9,4,2,300
26.0,9,4,3,301
26.0,9,4,4,302
26.0,9,4,5,304
26.0,9,4,6,305
26.0,9,4,7,307
26.0,9,4,8,308
26.0,9,4,9,310
26.0,9,4,10,311
26.0,9,4,11,312
26.0,9,4,12,314
26.0,9,4,13,315
26.0,9,4,14,316
26.0,9,4,15,318
26.0,9,5,0,298
26.0,9,5,1,300
26.0,9,5,2,301
26.0,9,5,3,303
26.0,9,5,4,304
26.0,9,5,5,306
26.0,9,5,6,307
26.0,9,5,7,309
26.0,9,5,8,310
26.0,9,5,9,311
26.0,9,5,10,313
26.0,9,5,11,314
26.0,9,5,12,316
26.0,9,5,13,317
26.0,9,5,14,318
26.0,9,5,15,320
26.0,9,6,0,300
26.0,9,6,1,302
26.0,9,6,2,303
26.0,9,6,3,305
26.0,9,6,4,306
26.0,9,6,5,307
26.0,9,6,6,309
26.0,9,6,7,310
26.0,9,6,8,312
26.0,9,6,9,313
26.0,9,6,10,315
26.0,9,6,11,316
26.0,9,6,12,317
26.0,9,6,13,319
26.0,9,6,14,320
26.0,9,6,15,321
26.0,9,7,0,302
26.0,9,7,1,303
26.0,9,7,2,305
26.0,9,7,3,306
26.0,9,7,4,308
26.0,9,7,5,309
26.0,9,7,6,311
26.0,9,7,7,312
26.0,9,7,8,313
26.0,9,7,9,315
26.0,9,7,10,316
26.0,9,7,11,318
26.0,9,7,12,319
26.0,9,7,13,320
26.0,9,7,14,322
26.0,9,7,15,323
26.0,9,8,0,303
26.0,9,8,1,305
26.0,9,8,2,306
26.0,9,8,3,308
26.0,9,8,4,309
26.0,9,8,5,311
26.0,9,8,6,312
26.0,9,8,7,314
26.0,9,8,8,315
26.0,9,8,9,317
26.0,9,8,10,318
26.0,9,8,11,319
26.0,9,8,12,321
26.0,9,8,13,322
26.0,9,8,14,324
26.0,9,8,15,325
26.0,9,9,0,305
26.0,9,9,1,307
26.0,9,9,2,308
26.0,9,9,3,310
26.0,9,9,4,311
26.0,9,9,5,313
26.0,9,9,6,314
26.0,9,9,7,315
26.0,9,9,8,317
26.0,9,9,9,318
26.0,9,9,10,320
26.0,9,9,11,321
26.0,9,9,12,323
26.0,9,9,13,324
26.0,9,9,14,325
26.0,9,9,15,327
26.0,9,10,0,307
26.0,9,10,1,308
26.0,9,10,2,310
26.0,9,10,3,311
26.0,9,10,4,313
26.0,9,10,5,314
26.0,9,10,6,316
26.0,9,10,7,317
26.0,9,10,8,319
26.0,9,10,9,320
26.0,9,10,10,322
26.0,9,10,11,323
26.0,9,10,12,324
26.0,9,10,13,326
26.0,9,10,14,327
26.0,9,10,15,329
26.0,9,11,0,308
26.0,9,11,1,310
26.0,9,11,2,311
26.0,9,11,3,313
26.0,9,11,4,314
26.0,9,11,5,316
26.0,9,11,6,317
26.0,9,11,7,319
26.0,9,11,8,320
26.0,9,11,9,322
26.0,9,11,10,323
26.0,9,11,11,325
26.0,9,11,12,326
26.0,9,11,13,328
26.0,9,11,14,329
26.0,9,11,15,330
26.0,9,12,0,310
26.0,9,12,1,312
26.0,9,12,2,313
26.0,9,12,3,315
26.0,9,12,4,316
26.0,9,12,5,318
26.0,9,12,6,319
26.0,9,12,7,321
26.0,9,12,8,322
26.0,9,12,9,323
26.0,9,12,10,325
26.0,9,12,11,326
26.0,9,12,12,328
26.0,9,12,13,329
26.0,9,12,14,331
26.0,9,12,15,332
26.0,9,13,0,312
26.0,9,13,1,313
26.0,9,13,2,315
26.0,9,13,3,316
26.0,9,13,4,318
26.0,9,13,5,319
26.0,9,13,6,321
26.0,9,13,7,322
26.0,9,13,8,324
26.0,9,13,9,325
26.0,9,13,10,327
26.0,9,13,11,328
26.0,9,13,12,330
26.0,9,13,13,331
26.0,9,13,14,332
26.0,9,13,15,334
26.0,9,14,0,313
26.0,9,14,1,315
26.0,9,14,2,316
26.0,9,14,3,318
26.0,9,14,4,319
26.0,9,14,5,321
26.0,9,14,6,322
26.0,9,14,7,324
26.0,9,14,8,325
26.0,9,14,9,327
26.0,9,14,10,328
26.0,9,14,11,330
26.0,9,14,12,331
26.0,9,14,13,333
26.0,9,14,14,334
26.0,9,14,15,336
26.0,9,15,0,315
26.0,9,15,1,316
26.0,9,15,2,318
26.0,9,15,3,320
26.0,9,15,4,321
26.0,9,15,5,323
26.0,9,15,6,324
26.0,9,15,7,326
26.0,9,15,8,327
26.0,9,15,9,329
26.0,9,15,10,330
26.0,9,15,11,332
26.0,9,15,12,333
26.0,9,15,13,334
26.0,9,15,14,336
26.0,9,15,15,337
26.0,10,0,0,294
26.0,10,0,1,296
26.0,10,0,2,297
26.0,10,0,3,298
26.0,10,0,4,300
26.0,10,0,5,301
26.0,10,0,6,303
26.0,10,0,7,304
26.0,10,0,8,305
26.0,10,0,9,307
26.0,10,0,10,308
26.0,10,0,11,310
26.0,10,0,12,311
26.0,10,0,13,312
26.0,10,0,14,314
26.0,10,0,15,315
26.0,10,1,0,296
26.0,10,1,1,297
26.0,10,1,2,299
26.0,10,1,3,300
26.0,10,1,4,302
26.0,10,1,5,303
26.0,10,1,6,304
26.0,10,1,7,306
26.0,10,1,8,307
26.0,10,1,9,309
26.0,10,1,10,310
26.0,10,1,11,311
26.0,10,1,12,313
26.0,10,1,13,314
26.0,10,1,14,316
26.0,10,1,15,317
26.0,10,2,0,298
26.0,10,2,1,299
26.0,10,2,2,301
26.0,10,2,3,302
26.0,10,2,4,303
26.0,10,2,5,305
26.0,10,2,6,306
26.0,10,2,7,308
26.0,10,2,8,309
26.0,10,2,9,310
26.0,10,2,10,312
26.0,10,2,11,313
26.0,10,2,12,315
26.0,10,2,13,316
26.0,10,2,14,317
26.0,10,2,15,319
26.0,10,3,0,299
26.0,10,3,1,301
26.0,10,3,2,302
26.0,10,3,3,304
26.0,10,3,4,305
26.0,10,3,5,307
26.0,10,3,6,308
26.0,10,3,7,309
26.0,10,3,8,311
26.0,10,3,9,312
26.0,10,3,10,314
26.0,10,3,11,315
26.0,10,3,12,316
26.0,10,3,13,318
26.0,10,3,14,319
26.0,10,3,15,321
26.0,10,4,0,301
26.0,10,4,1,303
26.0,10,4,2,304
26.0,10,4,3,305
26.0,10,4,4,307
26.0,10,4,5,308
26.0,10,4,6,310
26.0,10,4,7,311
26.0,10,4,8,313
26.0,10,4,9,314
26.0,10,4,10,316
26.0,10,4,11,317
26.0,10,4,12,318
26.0,10,4,13,320
26.0,10,4,14,321
26.0,10,4,15,323
26.0,10,5,0,303
26.0,10,5,1,304
26.0,10,5,2,306
26.0,10,5,3,307
26.0,10,5,4,309
26.0,10,5,5,310
26.0,10,5,6,312
26.0,10,5,7,313
26.0,10,5,8,314
26.0,10,5,9,316
26.0,10,5,10,317
26.0,10,5,11,319
26.0,10,5,12,320
26.0,10,5,13,322
26.0,10,5,14,323
26.0,10,5,15,324
26.0,10,6,0,305
26.0,10,6,1,306
26.0,10,6,2,308
26.0,10,6,3,309
26.0,10,6,4,310
26.0,10,6,5,312
26.0,10,6,6,313
26.0,10,6,7,315
26.0,10,6,8,316
26.0,10,6,9,318
26.0,10,6,10,319
26.0,10,6,11,321
26.0,10,6,12,322
26.0,10,6,13,323
26.0,10,6,14,325
26.0,10,6,15,326
26.0,10,7,0,306
26.0,10,7,1,308
26.0,10,7,2,309
26.0,10,7,3,311
26.0,10,7,4,312
26.0,10,7,5,314
26.0,10,7,6,315
26.0,10,7,7,317
26.0,10,7,8,318
26.0,10,7,9,319
26.0,10,7,10,321
26.0,10,7,11,322
26.0,10,7,12,324
26.0,10,7,13,325
26.0,10,7,14,327
26.0,10,7,15,328
26.0,10,8,0,308
26.0,10,8,1,309
26.0,10,8,2,311
26.0,10,8,3,312
26.0,10,8,4,314
26.0,10,8,5,315
26.0,10,8,6,317
26.0,10,8,7,318
26.0,10,8,8,320
26.0,10,8,9,321
26.0,10,8,10,323
26.0,10,8,11,324
26.0,10,8,12,326
26.0,10,8,13,327
26.0,10,8,14,328
26.0,10,8,15,330
26.0,10,9,0,310
26.0,10,9,1,311
26.0,10,9,2,313
26.0,10,9,3,314
26.0,10,9,4,316
26.0,10,9,5,317
26.0,10,9,6,319
26.0,10,9,7,320
26.0,10,9,8,322
26.0,10,9,9,323
26.0,10,9,10,324
26.0,10,9,11,326
26.0,10,9,12,327
26.0,10,9,13,329
26.0,10,9,14,330
26.0,10,9,15,332
26.0,10,10,0,311
26.0,10,10,1,313
26.0,10,10,2,314
26.0,10,10,3,316
26.0,10,10,4,317
26.0,10,10,5,319
26.0,10,10,6,320
26.0,10,10,7,322
26.0,10,10,8,323
26.0,10,10,9,325
26.0,10,10,10,326
26.0,10,10,11,328
26.0,10,10,12,329
26.0,10,10,13,331
26.0,10,10,14,332
26.0,10,10,15,333
26.0,10,11,0,313
26.0,10,11,1,315
26.0,10,11,2,316
26.0,10,11,3,318
26.0,10,11,4,319
26.0,10,11,5,321
26.0,10,11,6,322
26.0,10,11,7,324
26.0,10,11,8,325
26.0,10,11,9,327
26.0,10,11,10,328
26.0,10,11,11,329
26.0,10,11,12,331
26.0,10,11,13,332
26.0,10,11,14,334
26.0,10,11,15,335
26.0,10,12,0,315
26.0,10,12,1,316
26.0,10,12,2,318
26.0,10,12,3,319
26.0,10,12,4,321
26.0,10,12,5,322
26.0,10,12,6,324
26.0,10,12,7,325
26.0,10,12,8,327
26.0,10,12,9,328
26.0,10,12,10,330
26.0,10,12,11,331
26.0,10,12,12,333
26.0,10,12,13,334
26.0,10,12,14,336
26.0,10,12,15,337
26.0,10,13,0,316
26.0,10,13,1,318
26.0,10,13,2,319
26.0,10,13,3,321
26.0,10,13,4,322
26.0,10,13,5,324
26.0,10,13,6,325
26.0,10,13,7,327
26.0,10,13,8,328
26.0,10,13,9,330
26.0,10,13,10,331
26.0,10,13,11,333
26.0,10,13,12,334
26.0,10,13,13,336
26.0,10,13,14,337
26.0,10,13,15,339
26.0,10,14,0,318
26.0,10,14,1,320
26.0,10,14,2,321
26.0,10,14,3,323
26.0,10,14,4,324
26.0,10,14,5,326
26.0,10,14,6,327
26.0,10,14,7,329
26.0,10,14,8,330
26.0,10,14,9,332
26.0,10,14,10,333
26.0,10,14,11,335
26.0,10,14,12,336
26.0,10,14,13,338
26.0,10,14,14,339
26.0,10,14,15,341
26.0,10,15,0,320
26.0,10,15,1,321
26.0,10,15,2,323
26.0,10,15,3,324
26.0,10,15,4,326
26.0,10,15,5,327
26.0,10,15,6,329
26.0,10,15,7,330
26.0,10,15,8,332
26.0,10,15,9,333
26.0,10,15,10,335
26.0,10,15,11,336
26.0,10,15,12,338
26.0,10,15,13,339
26.0,10,15,14,341
26.0,10,15,15,342
26.0,11,0,0,298
26.0,11,0,1,300
26.0,11,0,2,301
26.0,11,0,3,303
26.0,11,0,4,304
26.0,11,0,5,306
26.0,11,0,6,307
26.0,11,0,7,308
26.0,11,0,8,310
26.0,11,0,9,311
26.0,11,0,10,313
26.0,11,0,11,314
26.0,11,0,12,315
26.0,11,0,13,317
26.0,11,0,14,318
26.0,11,0,15,320
26.0,11,1,0,300
26.0,11,1,1,302
26.0,11,1,2,303
26.0,11,1,3,305
26.0,11,1,4,306
26.0,11,1,5,307
26.0,11,1,6,309
26.0,11,1,7,310
26.0,11,1,8,312
26.0,11,1,9,313
26.0,11,1,10,315
26.0,11,1,11,316
26.0,11,1,12,317
26.0,11,1,13,319
26.0,11,1,14,320
26.0,11,1,15,321
26.0,11,2,0,302
26.0,11,2,1,303
26.0,11,2,2,305
26.0,11,2,3,306
26.0,11,2,4,308
26.0,11,2,5,309
26.0,11,2,6,311
26.0,11,2,7,312
26.0,11,2,8,314
26.0,11,2,9,315
26.0,11,2,10,316
26.0,11,2,11,318
26.0,11,2,12,319
26.0,11,2,13,321
26.0,11,2,14,322
26.0,11,2,15,323
26.0,11,3,0,304
26.0,11,3,1,305
26.0,11,3,2,307
26.0,11,3,3,308
26.0,11,3,4,310
26.0,11,3,5,311
26.0,11,3,6,313
26.0,11,3,7,314
26.0,11,3,8,315
26.0,11,3,9,317
26.0,11,3,10,318
26.0,11,3,11,320
26.0,11,3,12,321
26.0,11,3,13,322
26.0,11,3,14,324
26.0,11,3,15,325
26.0,11,4,0,305
26.0,11,4,1,307
26.0,11,4,2,308
26.0,11,4,3,310
26.0,11,4,4,311
26.0,11,4,5,313
26.0,11,4,6,314
26.0,11,4,7,316
26.0,11,4,8,317
26.0,11,4,9,319
26.0,11,4,10,320
26.0,11,4,11,322
26.0,11,4,12,323
26.0,11,4,13,324
26.0,11,4,14,326
26.0,11,4,15,327
26.0,11,5,0,307
26.0,11,5,1,309
26.0,11,5,2,310
26.0,11,5,3,312
26.0,11,5,4,313
26.0,11,5,5,315
26.0,11,5,6,316
26.0,11,5,7,318
26.0,11,5,8,319
26.0,11,5,9,321
26.0,11,5,10,322
26.0,11,5,11,323
26.0,11,5,12,325
26.0,11,5,13,326
26.0,11,5,14,328
26.0,11,5,15,329
26.0,11,6,0,309
26.0,11,6,1,310
26.0,11,6,2,312
26.0,11,6,3,313
26.0,11,6,4,315
26.0,11,6,5,316
26.0,11,6,6,318
26.0,11,6,7,319
26.0,11,6,8,321
26.0,11,6,9,322
26.0,11,6,10,324
26.0,11,6,11,325
26.0,11,6,12,327
26.0,11,6,13,328
26.0,11,6,14,330
26.0,11,6,15,331
26.0,11,7,0,311
26.0,11,7,1,312
26.0,11,7,2,314
26.0,11,7,3,315
26.0,11,7,4,317
26.0,11,7,5,318
26.0,11,7,6,320
26.0,11,7,7,321
26.0,11,7,8,323
26.0,11,7,9,324
26.0,11,7,10,326
26.0,11,7,11,327
26.0,11,7,12,328
26.0,11,7,13,330
26.0,11,7,14,331
26.0,11,7,15,333
26.0,11,8,0,312
26.0,11,8,1,314
26.0,11,8,2,315
26.0,11,8,3,317
26.0,11,8,4,318
26.0,11,8,5,320
26.0,11,8,6,321
26.0,11,8,7,323
26.0,11,8,8,324
26.0,11,8,9,326
26.0,11,8,10,327
26.0,11,8,11,329
26.0,11,8,12,330
26.0,11,8,13,332
26.0,11,8,14,333
26.0,11,8,15,335
26.0,11,9,0,314
26.0,11,9,1,316
26.0,11,9,2,317
26.0,11,9,3,319
26.0,11,9,4,320
26.0,11,9,5,322
26.0,11,9,6,323
26.0,11,9,7,325
26.0,11,9,8,326
26.0,11,9,9,328
26.0,11,9,10,329
26.0,11,9,11,331
26.0,11,9,12,332
26.0,11,9,13,334
26.0,11,9,14,335
26.0,11,9,15,336
26.0,11,10,0,316
26.0,11,10,1,317
26.0,11,10,2,319
26.0,11,10,3,320
26.0,11,10,4,322
26.0,11,10,5,323
26.0,11,10,6,325
26.0,11,10,7,327
26.0,11,10,8,328
26.0,11,10,9,329
26.0,11,10,10,331
26.0,11,10,11,332
26.0,11,10,12,334
26.0,11,10,13,335
26.0,11,10,14,337
26.0,11,10,15,338
26.0,11,11,0,318
26.0,11,11,1,319
26.0,11,11,2,321
26.0,11,11,3,322
26.0,11,11,4,324
26.0,11,11,5,325
26.0,11,11,6,327
26.0,11,11,7,328
26.0,11,11,8,330
26.0,11,11,9,331
26.0,11,11,10,333
26.0,11,11,11,334
26.0,11,11,12,336
26.0,11,11,13,337
26.0,11,11,14,339
26.0,11,11,15,340
26.0,11,12,0,319
26.0,11,12,1,321
26.0,11,12,2,322
26.0,11,12,3,324
26.0,11,12,4,325
26.0,11,12,5,327
26.0,11,12,6,328
26.0,11,12,7,330
26.0,11,12,8,332
26.0,11,12,9,333
26.0,11,12,10,335
26.0,11,12,11,336
26.0,11,12,12,338
26.0,11,12,13,339
26.0,11,12,14,340
26.0,11,12,15,342
26.0,11,13,0,321
26.0,11,13,1,322
26.0,11,13,2,324
26.0,11,13,3,326
26.0,11,13,4,327
26.0,11,13,5,329
26.0,11,13,6,330
26.0,11,13,7,332
26.0,11,13,8,333
26.0,11,13,9,335
26.0,11,13,10,336
26.0,11,13,11,338
26.0,11,13,12,339
26.0,11,13,13,341
26.0,11,13,14,342
26.0,11,13,15,344
26.0,11,14,0,323
26.0,11,14,1,324
26.0,11,14,2,326
26.0,11,14,3,327
26.0,11,14,4,329
26.0,11,14,5,330
26.0,11,14,6,332
26.0,11,14,7,333
26.0,11,14,8,335
26.0,11,14,9,337
26.0,11,14,10,338
26.0,11,14,11,340
26.0,11,14,12,341
26.0,11,14,13,343
26.0,11,14,14,344
26.0,11,14,15,346
26.0,11,15,0,324
26.0,11,15,1,326
26.0,11,15,2,327
26.0,11,15,3,329
26.0,11,15,4,331
26.0,11,15,5,332
26.0,11,15,6,334
26.0,11,15,7,335
26.0,11,15,8,337
26.0,11,15,9,338
26.0,11,15,10,340
26.0,11,15,11,341
26.0,11,15,12,343
26.0,11,15,13,344
26.0,11,15,14,346
26.0,11,15,15,347
26.0,12,0,0,303
26.0,12,0,1,304
26.0,12,0,2,306
26.0,12,0,3,307
26.0,12,0,4,308
26.0,12,0,5,310
26.0,12,0,6,311
26.0,12,0,7,313
26.0,12,0,8,314
26.0,12,0,9,316
26.0,12,0,10,317
26.0,12,0,11,319
26.0,12,0,12,320
26.0,12,0,13,321
26.0,12,0,14,323
26.0,12,0,15,324
26.0,12,1,0,304
26.0,12,1,1,306
26.0,12,1,2,307
26.0,12,1,3,309
26.0,12,1,4,310
26.0,12,1,5,312
26.0,12,1,6,313
26.0,12,1,7,315
26.0,12,1,8,316
26.0,12,1,9,318
26.0,12,1,10,319
26.0,12,1,11,320
26.0,12,1,12,322
26.0,12,1,13,323
26.0,12,1,14,325
26.0,12,1,15,326
26.0,12,2,0,306
26.0,12,2,1,308
26.0,12,2,2,309
26.0,12,2,3,311
26.0,12,2,4,312
26.0,12,2,5,314
26.0,12,2,6,315
26.0,12,2,7,317
26.0,12,2,8,318
26.0,12,2,9,319
26.0,12,2,10,321
26.0,12,2,11,322
26.0,12,2,12,324
26.0,12,2,13,325
26.0,12,2,14,327
26.0,12,2,15,328
26.0,12,3,0,308
26.0,12,3,1,310
26.0,12,3,2,311
26.0,12,3,3,313
26.0,12,3,4,314
26.0,12,3,5,316
26.0,12,3,6,317
26.0,12,3,7,318
26.0,12,3,8,320
26.0,12,3,9,321
26.0,12,3,10,323
26.0,12,3,11,324
26.0,12,3,12,326
26.0,12,3,13,327
26.0,12,3,14,329
26.0,12,3,15,330
26.0,12,4,0,310
26.0,12,4,1,311
26.0,12,4,2,313
26.0,12,4,3,314
26.0,12,4,4,316
26.0,12,4,5,317
26.0,12,4,6,319
26.0,12,4,7,320
26.0,12,4,8,322
26.0,12,4,9,323
26.0,12,4,10,325
26.0,12,4,11,326
26.0,12,4,12,328
26.0,12,4,13,329
26.0,12,4,14,330
26.0,12,4,15,332
26.0,12,5,0,312
26.0,12,5,1,313
26.0,12,5,2,315
26.0,12,5,3,316
26.0,12,5,4,318
26.0,12,5,5,319
26.0,12,5,6,321
26.0,12,5,7,322
26.0,12,5,8,324
26.0,12,5,9,325
26.0,12,5,10,327
26.0,12,5,11,328
26.0,12,5,12,329
26.0,12,5,13,331
26.0,12,5,14,332
26.0,12,5,15,334
26.0,12,6,0,313
26.0,12,6,1,315
26.0,12,6,2,316
26.0,12,6,3,318
26.0,12,6,4,319
26.0,12,6,5,321
26.0,12,6,6,322
26.0,12,6,7,324
26.0,12,6,8,325
26.0,12,6,9,327
26.0,12,6,10,328
26.0,12,6,11,330
26.0,12,6,12,331
26.0,12,6,13,333
26.0,12,6,14,334
26.0,12,6,15,336
26.0,12,7,0,315
26.0,12,7,1,317
26.0,12,7,2,318
26.0,12,7,3,320
26.0,12,7,4,321
26.0,12,7,5,323
26.0,12,7,6,324
26.0,12,7,7,326
26.0,12,7,8,327
26.0,12,7,9,329
26.0,12,7,10,330
26.0,12,7,11,332
26.0,12,7,12,333
26.0,12,7,13,335
26.0,12,7,14,336
26.0,12,7,15,338
26.0,12,8,0,317
26.0,12,8,1,318
26.0,12,8,2,320
26.0,12,8,3,322
26.0,12,8,4,323
26.0,12,8,5,325
26.0,12,8,6,326
26.0,12,8,7,328
26.0,12,8,8,329
26.0,12,8,9,331
26.0,12,8,10,332
26.0,12,8,11,334
26.0,12,8,12,335
26.0,12,8,13,337
26.0,12,8,14,338
26.0,12,8,15,339
26.0,12,9,0,319
26.0,12,9,1,320
26.0,12,9,2,322
26.0,12,9,3,323
26.0,12,9,4,325
26.0,12,9,5,326
26.0,12,9,6,328
26.0,12,9,7,329
26.0,12,9,8,331
26.0,12,9,9,332
26.0,12,9,10,334
26.0,12,9,11,335
26.0,12,9,12,337
26.0,12,9,13,338
26.0,12,9,14,340
26.0,12,9,15,341
26.0,12,10,0,320
26.0,12,10,1,322
26.0,12,10,2,323
26.0,12,10,3,325
26.0,12,10,4,327
26.0,12,10,5,328
26.0,12,10,6,330
26.0,12,10,7,331
26.0,12,10,8,333
26.0,12,10,9,334
26.0,12,10,10,336
26.0,12,10,11,337
26.0,12,10,12,339
26.0,12,10,13,340
26.0,12,10,14,342
26.0,12,10,15,343
26.0,12,11,0,322
26.0,12,11,1,324
26.0,12,11,2,325
26.0,12,11,3,327
26.0,12,11,4,328
26.0,12,11,5,330
26.0,12,11,6,331
26.0,12,11,7,333
26.0,12,11,8,334
26.0,12,11,9,336
26.0,12,11,10,338
26.0,12,11,11,339
26.0,12,11,12,341
26.0,12,11,13,342
26.0,12,11,14,343
26.0,12,11,15,345
26.0,12,12,0,324
26.0,12,12,1,325
26.0,12,12,2,327
26.0,12,12,3,329
26.0,12,12,4,330
26.0,12,12,5,332
26.0,12,12,6,333
26.0,12,12,7,335
26.0,12,12,8,336
26.0,12,12,9,338
26.0,12,12,10,339
26.0,12,12,11,341
26.0,12,12,12,342
26.0,12,12,13,344
26.0,12,12,14,345
26.0,12,12,15,347
26.0,12,13,0,325
26.0,12,13,1,327
26.0,12,13,2,329
26.0,12,13,3,330
26.0,12,13,4,332
26.0,12,13,5,333
26.0,12,13,6,335
26.0,12,13,7,336
26.0,12,13,8,338
26.0,12,13,9,340
26.0,12,13,10,341
26.0,12,13,11,343
26.0,12,13,12,344
26.0,12,13,13,346
26.0,12,13,14,347
26.0,12,13,15,349
26.0,12,14,0,327
26.0,12,14,1,329
26.0,12,14,2,330
26.0,12,14,3,332
26.0,12,14,4,334
26.0,12,14,5,335
26.0,12,14,6,337
26.0,12,14,7,338
26.0,12,14,8,340
26.0,12,14,9,341
26.0,12,14,10,343
26.0,12,14,11,344
26.0,12,14,12,346
26.0,12,14,13,347
26.0,12,14,14,349
26.0,12,14,15,350
26.0,12,15,0,329
26.0,12,15,1,330
26.0,12,15,2,332
26.0,12,15,3,334
26.0,12,15,4,335
26.0,12,15,5,337
26.0,12,15,6,338
26.0,12,15,7,340
26.0,12,15,8,342
26.0,12,15,9,343
26.0,12,15,10,345
26.0,12,15,11,346
26.0,12,15,12,348
26.0,12,15,13,349
26.0,12,15,14,351
26.0,12,15,15,352
26.0,13,0,0,307
26.0,13,0,1,308
26.0,13,0,2,310
26.0,13,0,3,311
26.0,13,0,4,313
26.0,13,0,5,314
26.0,13,0,6,316
26.0,13,0,7,317
26.0,13,0,8,319
26.0,13,0,9,320
26.0,13,0,10,322
26.0,13,0,11,323
26.0,13,0,12,324
26.0,13,0,13,326
26.0,13,0,14,327
26.0,13,0,15,329
26.0,13,1,0,309
26.0,13,1,1,310
26.0,13,1,2,312
26.0,13,1,3,313
26.0,13,1,4,315
26.0,13,1,5,316
26.0,13,1,6,318
26.0,13,1,7,319
26.0,13,1,8,321
26.0,13,1,9,322
26.0,13,1,10,324
26.0,13,1,11,325
26.0,13,1,12,326
26.0,13,1,13,328
26.0,13,1,14,329
26.0,13,1,15,331
26.0,13,2,0,311
26.0,13,2,1,312
26.0,13,2,2,314
26.0,13,2,3,315
26.0,13,2,4,317
26.0,13,2,5,318
26.0,13,2,6,320
26.0,13,2,7,321
26.0,13,2,8,323
26.0,13,2,9,324
26.0,13,2,10,325
26.0,13,2,11,327
26.0,13,2,12,328
26.0,13,2,13,330
26.0,13,2,14,331
26.0,13,2,15,333
26.0,13,3,0,312
26.0,13,3,1,314
26.0,13,3,2,315
26.0,13,3,3,317
26.0,13,3,4,318
26.0,13,3,5,320
26.0,13,3,6,321
26.0,13,3,7,323
26.0,13,3,8,324
26.0,13,3,9,326
26.0,13,3,10,327
26.0,13,3,11,329
26.0,13,3,12,330
26.0,13,3,13,332
26.0,13,3,14,333
26.0,13,3,15,335
26.0,13,4,0,314
26.0,13,4,1,316
26.0,13,4,2,317
26.0,13,4,3,319
26.0,13,4,4,320
26.0,13,4,5,322
26.0,13,4,6,323
26.0,13,4,7,325
26.0,13,4,8,326
26.0,13,4,9,328
26.0,13,4,10,329
26.0,13,4,11,331
26.0,13,4,12,332
26.0,13,4,13,334
26.0,13,4,14,335
26.0,13,4,15,337
26.0,13,5,0,316
26.0,13,5,1,318
26.0,13,5,2,319
26.0,13,5,3,321
26.0,13,5,4,322
26.0,13,5,5,324
26.0,13,5,6,325
26.0,13,5,7,327
26.0,13,5,8,328
26.0,13,5,9,330
26.0,13,5,10,331
26.0,13,5,11,333
26.0,13,5,12,334
26.0,13,5,13,336
26.0,13,5,14,337
26.0,13,5,15,338
26.0,13,6,0,318
26.0,13,6,1,319
26.0,13,6,2,321
26.0,13,6,3,322
26.0,13,6,4,324
26.0,13,6,5,326
26.0,13,6,6,327
26.0,13,6,7,329
26.0,13,6,8,330
26.0,13,6,9,332
26.0,13,6,10,333
26.0,13,6,11,335
26.0,13,6,12,336
26.0,13,6,13,337
26.0,13,6,14,339
26.0,13,6,15,340
26.0,13,7,0,320
26.0,13,7,1,321
26.0,13,7,2,323
26.0,13,7,3,324
26.0,13,7,4,326
26.0,13,7,5,327
26.0,13,7,6,329
26.0,13,7,7,330
26.0,13,7,8,332
26.0,13,7,9,333
26.0,13,7,10,335
26.0,13,7,11,336
26.0,13,7,12,338
26.0,13,7,13,339
26.0,13,7,14,341
26.0,13,7,15,342
26.0,13,8,0,321
26.0,13,8,1,323
26.0,13,8,2,324
26.0,13,8,3,326
26.0,13,8,4,328
26.0,13,8,5,329
26.0,13,8,6,331
26.0,13,8,7,332
26.0,13,8,8,334
26.0,13,8,9,335
26.0,13,8,10,337
26.0,13,8,11,338
26.0,13,8,12,340
26.0,13,8,13,341
26.0,13,8,14,343
26.0,13,8,15,344
26.0,13,9,0,323
26.0,13,9,1,325
26.0,13,9,2,326
26.0,13,9,3,328
26.0,13,9,4,329
26.0,13,9,5,331
26.0,13,9,6,332
26.0,13,9,7,334
26.0,13,9,8,336
26.0,13,9,9,337
26.0,13,9,10,339
26.0,13,9,11,340
26.0,13,9,12,342
26.0,13,9,13,343
26.0,13,9,14,345
26.0,13,9,15,346
26.0,13,10,0,325
26.0,13,10,1,326
26.0,13,10,2,328
26.0,13,10,3,330
26.0,13,10,4,331
26.0,13,10,5,333
26.0,13,10,6,334
26.0,13,10,7,336
26.0,13,10,8,337
26.0,13,10,9,339
26.0,13,10,10,340
26.0,13,10,11,342
26.0,13,10,12,343
26.0,13,10,13,345
26.0,13,10,14,346
26.0,13,10,15,348
26.0,13,11,0,327
26.0,13,11,1,328
26.0,13,11,2,330
26.0,13,11,3,331
26.0,13,11,4,333
26.0,13,11,5,335
26.0,13,11,6,336
26.0,13,11,7,338
26.0,13,11,8,339
26.0,13,11,9,341
26.0,13,11,10,342
26.0,13,11,11,344
26.0,13,11,12,345
26.0,13,11,13,347
26.0,13,11,14,348
26.0,13,11,15,350
26.0,13,12,0,328
26.0,13,12,1,330
26.0,13,12,2,332
26.0,13,12,3,333
26.0,13,12,4,335
26.0,13,12,5,336
26.0,13,12,6,338
26.0,13,12,7,339
26.0,13,12,8,341
26.0,13,12,9,343
26.0,13,12,10,344
26.0,13,12,11,346
26.0,13,12,12,347
26.0,13,12,13,349
26.0,13,12,14,350
26.0,13,12,15,352
26.0,13,13,0,330
26.0,13,13,1,332
26.0,13,13,2,333
26.0,13,13,3,335
26.0,13,13,4,336
26.0,13,13,5,338
26.0,13,13,6,340
26.0,13,13,7,341
26.0,13,13,8,343
26.0,13,13,9,344
26.0,13,13,10,346
26.0,13,13,11,347
26.0,13,13,12,349
26.0,13,13,13,351
26.0,13,13,14,352
26.0,13,13,15,354
26.0,13,14,0,332
26.0,13,14,1,333
26.0,13,14,2,335
26.0,13,14,3,337
26.0,13,14,4,338
26.0,13,14,5,340
26.0,13,14,6,341
26.0,13,14,7,343
26.0,13,14,8,345
26.0,13,14,9,346
26.0,13,14,10,348
26.0,13,14,11,349
26.0,13,14,12,351
26.0,13,14,13,352
26.0,13,14,14,354
26.0,13,14,15,355
26.0,13,15,0,334
26.0,13,15,1,335
26.0,13,15,2,337
26.0,13,15,3,338
26.0,13,15,4,340
26.0,13,15,5,342
26.0,13,15,6,343
26.0,13,15,7,345
26.0,13,15,8,346
26.0,13,15,9,348
26.0,13,15,10,349
26.0,13,15,11,351
26.0,13,15,12,353
26.0,13,15,13,354
26.0,13,15,14,356
26.0,13,15,15,357
26.0,14,0,0,311
26.0,14,0,1,313
26.0,14,0,2,314
26.0,14,0,3,316
26.0,14,0,4,317
26.0,14,0,5,319
26.0,14,0,6,320
26.0,14,0,7,322
26.0,14,0,8,323
26.0,14,0,9,325
26.0,14,0,10,326
26.0,14,0,11,328
26.0,14,0,12,329
26.0,14,0,13,330
26.0,14,0,14,332
26.0,14,0,15,333
26.0,14,1,0,313
26.0,14,1,1,315
26.0,14,1,2,316
26.0,14,1,3,318
26.0,14,1,4,319
26.0,14,1,5,321
26.0,14,1,6,322
26.0,14,1,7,324
26.0,14,1,8,325
26.0,14,1,9,327
26.0,14,1,10,328
26.0,14,1,11,329
26.0,14,1,12,331
26.0,14,1,13,332
26.0,14,1,14,334
26.0,14,1,15,335
26.0,14,2,0,315
26.0,14,2,1,316
26.0,14,2,2,318
26.0,14,2,3,319
26.0,14,2,4,321
26.0,14,2,5,323
26.0,14,2,6,324
26.0,14,2,7,326
26.0,14,2,8,327
26.0,14,2,9,329
26.0,14,2,10,330
26.0,14,2,11,331
26.0,14,2,12,333
26.0,14,2,13,334
26.0,14,2,14,336
26.0,14,2,15,337
26.0,14,3,0,317
26.0,14,3,1,318
26.0,14,3,2,320
26.0,14,3,3,321
26.0,14,3,4,323
26.0,14,3,5,324
26.0,14,3,6,326
26.0,14,3,7,327
26.0,14,3,8,329
26.0,14,3,9,330
26.0,14,3,10,332
26.0,14,3,11,333
26.0,14,3,12,335
26.0,14,3,13,336
26.0,14,3,14,338
26.0,14,3,15,339
26.0,14,4,0,319
26.0,14,4,1,320
26.0,14,4,2,322
26.0,14,4,3,323
26.0,14,4,4,325
26.0,14,4,5,326
26.0,14,4,6,328
26.0,14,4,7,329
26.0,14,4,8,331
26.0,14,4,9,332
26.0,14,4,10,334
26.0,14,4,11,335
26.0,14,4,12,337
26.0,14,4,13,338
26.0,14,4,14,340
26.0,14,4,15,341
26.0,14,5,0,320
26.0,14,5,1,322
26.0,14,5,2,324
26.0,14,5,3,325
26.0,14,5,4,327
26.0,14,5,5,328
26.0,14,5,6,330
26.0,14,5,7,331
26.0,14,5,8,333
26.0,14,5,9,334
26.0,14,5,10,336
26.0,14,5,11,337
26.0,14,5,12,339
26.0,14,5,13,340
26.0,14,5,14,342
26.0,14,5,15,343
26.0,14,6,0,322
26.0,14,6,1,324
26.0,14,6,2,325
26.0,14,6,3,327
26.0,14,6,4,328
26.0,14,6,5,330
26.0,14,6,6,332
26.0,14,6,7,333
26.0,14,6,8,335
26.0,14,6,9,336
26.0,14,6,10,338
26.0,14,6,11,339
26.0,14,6,12,341
26.0,14,6,13,342
26.0,14,6,14,344
26.0,14,6,15,345
26.0,14,7,0,324
26.0,14,7,1,326
26.0,14,7,2,327
26.0,14,7,3,329
26.0,14,7,4,330
26.0,14,7,5,332
26.0,14,7,6,333
26.0,14,7,7,335
26.0,14,7,8,337
26.0,14,7,9,338
26.0,14,7,10,340
26.0,14,7,11,341
26.0,14,7,12,343
26.0,14,7,13,344
26.0,14,7,14,346
26.0,14,7,15,347
26.0,14,8,0,326
26.0,14,8,1,327
26.0,14,8,2,329
26.0,14,8,3,331
26.0,14,8,4,332
26.0,14,8,5,334
26.0,14,8,6,335
26.0,14,8,7,337
26.0,14,8,8,338
26.0,14,8,9,340
26.0,14,8,10,341
26.0,14,8,11,343
26.0,14,8,12,344
26.0,14,8,13,346
26.0,14,8,14,347
26.0,14,8,15,349
26.0,14,9,0,328
26.0,14,9,1,329
26.0,14,9,2,331
26.0,14,9,3,332
26.0,14,9,4,334
26.0,14,9,5,336
26.0,14,9,6,337
26.0,14,9,7,339
26.0,14,9,8,340
26.0,14,9,9,342
26.0,14,9,10,343
26.0,14,9,11,345
26.0,14,9,12,346
26.0,14,9,13,348
26.0,14,9,14,349
26.0,14,9,15,351
26.0,14,10,0,329
26.0,14,10,1,331
26.0,14,10,2,333
26.0,14,10,3,334
26.0,14,10,4,336
26.0,14,10,5,337
26.0,14,10,6,339
26.0,14,10,7,341
26.0,14,10,8,342
26.0,14,10,9,344
26.0,14,10,10,345
26.0,14,10,11,347
26.0,14,10,12,348
26.0,14,10,13,350
26.0,14,10,14,351
26.0,14,10,15,353
26.0,14,11,0,331
26.0,14,11,1,333
26.0,14,11,2,334
26.0,14,11,3,336
26.0,14,11,4,338
26.0,14,11,5,339
26.0,14,11,6,341
26.0,14,11,7,342
26.0,14,11,8,344
26.0,14,11,9,345
26.0,14,11,10,347
26.0,14,11,11,349
26.0,14,11,12,350
26.0,14,11,13,352
26.0,14,11,14,353
26.0,14,11,15,355
26.0,14,12,0,333
26.0,14,12,1,335
26.0,14,12,2,336
26.0,14,12,3,338
26.0,14,12,4,339
26.0,14,12,5,341
26.0,14,12,6,343
26.0,14,12,7,344
26.0,14,12,8,346
26.0,14,12,9,347
26.0,14,12,10,349
26.0,14,12,11,350
26.0,14,12,12,352
26.0,14,12,13,354
26.0,14,12,14,355
26.0,14,12,15,357
26.0,14,13,0,335
26.0,14,13,1,336
26.0,14,13,2,338
26.0,14,13,3,340
26.0,14,13,4,341
26.0,14,13,5,343
26.0,14,13,6,344
26.0,14,13,7,346
26.0,14,13,8,348
26.0,14,13,9,349
26.0,14,13,10,351
26.0,14,13,11,352
26.0,14,13,12,354
26.0,14,13,13,355
26.0,14,13,14,357
26.0,14,13,15,358
26.0,14,14,0,336
26.0,14,14,1,338
26.0,14,14,2,340
26.0,14,14,3,341
26.0,14,14,4,343
26.0,14,14,5,345
26.0,14,14,6,346
26.0,14,14,7,348
26.0,14,14,8,349
26.0,14,14,9,351
26.0,14,14,10,353
26.0,14,14,11,354
26.0,14,14,12,356
26.0,14,14,13,357
26.0,14,14,14,359
26.0,14,14,15,360
26.0,14,15,0,338
26.0,14,15,1,340
26.0,14,15,2,341
26.0,14,15,3,343
26.0,14,15,4,345
26.0,14,15,5,346
26.0,14,15,6,348
26.0,14,15,7,350
26.0,14,15,8,351
26.0,14,15,9,353
26.0,14,15,10,354
26.0,14,15,11,356
26.0,14,15,12,358
26.0,14,15,13,359
26.0,14,15,14,361
26.0,14,15,15,362
26.0,15,0,0,315
26.0,15,0,1,317
26.0,15,0,2,319
26.0,15,0,3,320
26.0,15,0,4,322
26.0,15,0,5,323
26.0,15,0,6,325
26.0,15,0,7,326
26.0,15,0,8,328
26.0,15,0,9,329
26.0,15,0,10,331
26.0,15,0,11,332
26.0,15,0,12,333
26.0,15,0,13,335
26.0,15,0,14,336
26.0,15,0,15,338
26.0,15,1,0,317
26.0,15,1,1,319
26.0,15,1,2,320
26.0,15,1,3,322
26.0,15,1,4,323
26.0,15,1,5,325
26.0,15,1,6,327
26.0,15,1,7,328
26.0,15,1,8,330
26.0,15,1,9,331
26.0,15,1,10,333
26.0,15,1,11,334
26.0,15,1,12,335
26.0,15,1,13,337
26.0,15,1,14,338
26.0,15,1,15,340
26.0,15,2,0,319
26.0,15,2,1,321
26.0,15,2,2,322
26.0,15,2,3,324
26.0,15,2,4,325
26.0,15,2,5,327
26.0,15,2,6,328
26.0,15,2,7,330
26.0,15,2,8,332
26.0,15,2,9,333
26.0,15,2,10,335
26.0,15,2,11,336
26.0,15,2,12,337
26.0,15,2,13,339
26.0,15,2,14,340
26.0,15,2,15,342
26.0,15,3,0,321
26.0,15,3,1,323
26.0,15,3,2,324
26.0,15,3,3,326
26.0,15,3,4,327
26.0,15,3,5,329
26.0,15,3,6,330
26.0,15,3,7,332
26.0,15,3,8,333
26.0,15,3,9,335
26.0,15,3,10,336
26.0,15,3,11,338
26.0,15,3,12,339
26.0,15,3,13,341
26.0,15,3,14,342
26.0,15,3,15,344
26.0,15,4,0,323
26.0,15,4,1,325
26.0,15,4,2,326
26.0,15,4,3,328
26.0,15,4,4,329
26.0,15,4,5,331
26.0,15,4,6,332
26.0,15,4,7,334
26.0,15,4,8,335
26.0,15,4,9,337
26.0,15,4,10,338
26.0,15,4,11,340
26.0,15,4,12,341
26.0,15,4,13,343
26.0,15,4,14,344
26.0,15,4,15,346
26.0,15,5,0,325
26.0,15,5,1,326
26.0,15,5,2,328
26.0,15,5,3,330
26.0,15,5,4,331
26.0,15,5,5,333
26.0,15,5,6,334
26.0,15,5,7,336
26.0,15,5,8,337
26.0,15,5,9,339
26.0,15,5,10,340
26.0,15,5,11,342
26.0,15,5,12,343
26.0,15,5,13,345
26.0,15,5,14,346
26.0,15,5,15,348
26.0,15,6,0,327
26.0,15,6,1,328
26.0,15,6,2,330
26.0,15,6,3,331
26.0,15,6,4,333
26.0,15,6,5,335
26.0,15,6,6,336
26.0,15,6,7,338
26.0,15,6,8,339
26.0,15,6,9,341
26.0,15,6,10,342
26.0,15,6,11,344
26.0,15,6,12,345
26.0,15,6,13,347
26.0,15,6,14,348
26.0,15,6,15,350
26.0,15,7,0,328
26.0,15,7,1,330
26.0,15,7,2,332
26.0,15,7,3,333
26.0,15,7,4,335
26.0,15,7,5,336
26.0,15,7,6,338
26.0,15,7,7,340
26.0,15,7,8,341
26.0,15,7,9,343
26.0,15,7,10,344
26.0,15,7,11,346
26.0,15,7,12,347
26.0,15,7,13,349
26.0,15,7,14,350
26.0,15,7,15,352
26.0,15,8,0,330
26.0,15,8,1,332
26.0,15,8,2,334
26.0,15,8,3,335
26.0,15,8,4,337
26.0,15,8,5,338
26.0,15,8,6,340
26.0,15,8,7,341
26.0,15,8,8,343
26.0,15,8,9,345
26.0,15,8,10,346
26.0,15,8,11,348
26.0,15,8,12,349
26.0,15,8,13,351
26.0,15,8,14,352
26.0,15,8,15,354
26.0,15,9,0,332
26.0,15,9,1,334
26.0,15,9,2,335
26.0,15,9,3,337
26.0,15,9,4,339
26.0,15,9,5,340
26.0,15,9,6,342
26.0,15,9,7,343
26.0,15,9,8,345
26.0,15,9,9,346
26.0,15,9,10,348
26.0,15,9,11,350
26.0,15,9,12,351
26.0,15,9,13,353
26.0,15,9,14,354
26.0,15,9,15,356
26.0,15,10,0,334
26.0,15,10,1,336
26.0,15,10,2,337
26.0,15,10,3,339
26.0,15,10,4,340
26.0,15,10,5,342
26.0,15,10,6,344
26.0,15,10,7,345
26.0,15,10,8,347
26.0,15,10,9,348
26.0,15,10,10,350
26.0,15,10,11,351
26.0,15,10,12,353
26.0,15,10,13,355
26.0,15,10,14,356
26.0,15,10,15,358
26.0,15,11,0,336
26.0,15,11,1,337
26.0,15,11,2,339
26.0,15,11,3,341
26.0,15,11,4,342
26.0,15,11,5,344
26.0,15,11,6,345
26.0,15,11,7,347
26.0,15,11,8,349
26.0,15,11,9,350
26.0,15,11,10,352
26.0,15,11,11,353
26.0,15,11,12,355
26.0,15,11,13,356
26.0,15,11,14,358
26.0,15,11,15,360
26.0,15,12,0,337
26.0,15,12,1,339
26.0,15,12,2,341
26.0,15,12,3,342
26.0,15,12,4,344
26.0,15,12,5,346
26.0,15,12,6,347
26.0,15,12,7,349
26.0,15,12,8,350
26.0,15,12,9,352
26.0,15,12,10,354
26.0,15,12,11,355
26.0,15,12,12,357
26.0,15,12,13,358
26.0,15,12,14,360
26.0,15,12,15,361
26.0,15,13,0,339
26.0,15,13,1,341
26.0,15,13,2,343
26.0,15,13,3,344
26.0,15,13,4,346
26.0,15,13,5,347
26.0,15,13,6,349
26.0,15,13,7,351
26.0,15,13,8,352
26.0,15,13,9,354
26.0,15,13,10,356
26.0,15,13,11,357
26.0,15,13,12,359
26.0,15,13,13,360
26.0,15,13,14,362
26.0,15,13,15,363
26.0,15,14,0,341
26.0,15,14,1,343
26.0,15,14,2,344
26.0,15,14,3,346
26.0,15,14,4,348
26.0,15,14,5,349
26.0,15,14,6,351
26.0,15,14,7,353
26.0,15,14,8,354
26.0,15,14,9,356
26.0,15,14,10,357
26.0,15,14,11,359
26.0,15,14,12,361
26.0,15,14,13,362
26.0,15,14,14,364
26.0,15,14,15,365
26.0,15,15,0,343
26.0,15,15,1,344
26.0,15,15,2,346
26.0,15,15,3,348
26.0,15,15,4,349
26.0,15,15,5,351
26.0,15,15,6,353
26.0,15,15,7,354
26.0,15,15,8,356
26.0,15,15,9,358
26.0,15,15,10,359
26.0,15,15,11,361
26.0,15,15,12,362
26.0,15,15,13,364
26.0,15,15,14,366
26.0,15,15,15,367
26.5,0,0,0,256
26.5,0,0,1,257
26.5,0,0,2,259
26.5,0,0,3,260
26.5,0,0,4,261
26.5,0,0,5,262
26.5,0,0,6,264
26.5,0,0,7,265
26.5,0,0,8,266
26.5,0,0,9,267
26.5,0,0,10,269
26.5,0,0,11,270
26.5,0,0,12,271
26.5,0,0,13,272
26.5,0,0,14,273
26.5,0,0,15,274
26.5,0,1,0,258
26.5,0,1,1,259
26.5,0,1,2,260
26.5,0,1,3,262
26.5,0,1,4,263
26.5,0,1,5,264
26.5,0,1,6,265
26.5,0,1,7,266
26.5,0,1,8,268
26.5,0,1,9,269
26.5,0,1,10,270
26.5,0,1,11,271
26.5,0,1,12,273
26.5,0,1,13,274
26.5,0,1,14,275
26.5,0,1,15,276
26.5,0,2,0,259
26.5,0,2,1,261
26.5,0,2,2,262
26.5,0,2,3,263
26.5,0,2,4,264
26.5,0,2,5,266
26.5,0,2,6,267
26.5,0,2,7,268
26.5,0,2,8,269
26.5,0,2,9,271
26.5,0,2,10,272
26.5,0,2,11,273
26.5,0,2,12,274
26.5,0,2,13,275
26.5,0,2,14,277
26.5,0,2,15,278
26.5,0,3,0,261
26.5,0,3,1,262
26.5,0,3,2,263
26.5,0,3,3,265
26.5,0,3,4,266
26.5,0,3,5,267
26.5,0,3,6,268
26.5,0,3,7,270
26.5,0,3,8,271
26.5,0,3,9,272
26.5,0,3,10,273
26.5,0,3,11,275
26.5,0,3,12,276
26.5,0,3,13,277
26.5,0,3,14,278
26.5,0,3,15,279
26.5,0,4,0,262
26.5,0,4,1,264
26.5,0,4,2,265
26.5,0,4,3,266
26.5,0,4,4,267
26.5,0,4,5,269
26.5,0,4,6,270
26.5,0,4,7,271
26.5,0,4,8,272
26.5,0,4,9,274
26.5,0,4,10,275
26.5,0,4,11,276
26.5,0,4,12,277
26.5,0,4,13,279
26.5,0,4,14,280
26.5,0,4,15,281
26.5,0,5,0,264
26.5,0,5,1,265
26.5,0,5,2,266
26.5,0,5,3,268
26.5,0,5,4,269
26.5,0,5,5,270
26.5,0,5,6,272
26.5,0,5,7,273
26.5,0,5,8,274
26.5,0,5,9,275
26.5,0,5,10,277
26.5,0,5,11,278
26.5,0,5,12,279
26.5,0,5,13,280
26.5,0,5,14,281
26.5,0,5,15,283
26.5,0,6,0,265
26.5,0,6,1,267
26.5,0,6,2,268
26.5,0,6,3,269
26.5,0,6,4,271
26.5,0,6,5,272
26.5,0,6,6,273
26.5,0,6,7,274
26.5,0,6,8,276
26.5,0,6,9,277
26.5,0,6,10,278
26.5,0,6,11,279
26.5,0,6,12,281
26.5,0,6,13,282
26.5,0,6,14,283
26.5,0,6,15,284
26.5,0,7,0,267
26.5,0,7,1,268
26.5,0,7,2,269
26.5,0,7,3,271
26.5,0,7,4,272
26.5,0,7,5,273
26.5,0,7,6,275
26.5,0,7,7,276
26.5,0,7,8,277
26.5,0,7,9,278
26.5,0,7,10,280
26.5,0,7,11,281
26.5,0,7,12,282
26.5,0,7,13,283
26.5,0,7,14,285
26.5,0,7,15,286
26.5,0,8,0,268
26.5,0,8,1,270
26.5,0,8,2,271
26.5,0,8,3,272
26.5,0,8,4,274
26.5,0,8,5,275
26.5,0,8,6,276
26.5,0,8,7,277
26.5,0,8,8,279
26.5,0,8,9,280
26.5,0,8,10,281
26.5,0,8,11,282
26.5,0,8,12,284
26.5,0,8,13,285
26.5,0,8,14,286
26.5,0,8,15,287
26.5,0,9,0,270
26.5,0,9,1,271
26.5,0,9,2,272
26.5,0,9,3,274
26.5,0,9,4,275
26.5,0,9,5,276
26.5,0,9,6,278
26.5,0,9,7,279
26.5,0,9,8,280
26.5,0,9,9,281
26.5,0,9,10,283
26.5,0,9,11,284
26.5,0,9,12,285
26.5,0,9,13,286
26.5,0,9,14,288
26.5,0,9,15,289
26.5,0,10,0,271
26.5,0,10,1,273
26.5,0,10,2,274
26.5,0,10,3,275
26.5,0,10,4,277
26.5,0,10,5,278
26.5,0,10,6,279
26.5,0,10,7,280
26.5,0,10,8,282
26.5,0,10,9,283
26.5,0,10,10,284
26.5,0,10,11,286
26.5,0,10,12,287
26.5,0,10,13,288
26.5,0,10,14,289
26.5,0,10,15,291
26.5,0,11,0,273
26.5,0,11,1,274
26.5,0,11,2,275
26.5,0,11,3,277
26.5,0,11,4,278
26.5,0,11,5,279
26.5,0,11,6,281
26.5,0,11,7,282
26.5,0,11,8,283
26.5,0,11,9,285
26.5,0,11,10,286
26.5,0,11,11,287
26.5,0,11,12,288
26.5,0,11,13,290
26.5,0,11,14,291
26.5,0,11,15,292
26.5,0,12,0,274
26.5,0,12,1,276
26.5,0,12,2,277
26.5,0,12,3,278
26.5,0,12,4,279
26.5,0,12,5,281
26.5,0,12,6,282
26.5,0,12,7,283
26.5,0,12,8,285
26.5,0,12,9,286
26.5,0,12,10,287
26.5,0,12,11,289
26.5,0,12,12,290
26.5,0,12,13,291
26.5,0,12,14,292
26.5,0,12,15,294
26.5,0,13,0,276
26.5,0,13,1,277
26.5,0,13,2,278
26.5,0,13,3,280
26.5,0,13,4,281
26.5,0,13,5,282
26.5,0,13,6,284
26.5,0,13,7,285
26.5,0,13,8,286
26.5,0,13,9,288
26.5,0,13,10,289
26.5,0,13,11,290
26.5,0,13,12,291
26.5,0,13,13,293
26.5,0,13,14,294
26.5,0,13,15,295
26.5,0,14,0,277
26.5,0,14,1,278
26.5,0,14,2,280
26.5,0,14,3,281
26.5,0,14,4,282
26.5,0,14,5,284
26.5,0,14,6,285
26.5,0,14,7,286
26.5,0,14,8,288
26.5,0,14,9,289
26.5,0,14,10,290
26.5,0,14,11,292
26.5,0,14,12,293
26.5,0,14,13,294
26.5,0,14,14,295
26.5,0,14,15,297
26.5,0,15,0,278
26.5,0,15,1,280
26.5,0,15,2,281
26.5,0,15,3,283
26.5,0,15,4,284
26.5,0,15,5,285
26.5,0,15,6,287
26.5,0,15,7,288
26.5,0,15,8,289
26.5,0,15,9,291
26.5,0,15,10,292
26.5,0,15,11,293
26.5,0,15,12,294
26.5,0,15,13,296
26.5,0,15,14,297
26.5,0,15,15,298
26.5,1,0,0,261
26.5,1,0,1,262
26.5,1,0,2,263
26.5,1,0,3,264
26.5,1,0,4,266
26.5,1,0,5,267
26.5,1,0,6,268
26.5,1,0,7,269
26.5,1,0,8,271
26.5,1,0,9,272
26.5,1,0,10,273
26.5,1,0,11,274
26.5,1,0,12,276
26.5,1,0,13,277
26.5,1,0,14,278
26.5,1,0,15,279
26.5,1,1,0,262
26.5,1,1,1,263
26.5,1,1,2,265
26.5,1,1,3,266
26.5,1,1,4,267
26.5,1,1,5,269
26.5,1,1,6,270
26.5,1,1,7,271
26.5,1,1,8,272
26.5,1,1,9,273
26.5,1,1,10,275
26.5,1,1,11,276
26.5,1,1,12,277
26.5,1,1,13,278
26.5,1,1,14,280
26.5,1,1,15,281
26.5,1,2,0,264
26.5,1,2,1,265
26.5,1,2,2,266
26.5,1,2,3,268
26.5,1,2,4,269
26.5,1,2,5,270
26.5,1,2,6,271
26.5,1,2,7,273
26.5,1,2,8,274
26.5,1,2,9,275
26.5,1,2,10,276
26.5,1,2,11,278
26.5,1,2,12,279
26.5,1,2,13,280
26.5,1,2,14,281
26.5,1,2,15,282
26.5,1,3,0,265
26.5,1,3,1,267
26.5,1,3,2,268
26.5,1,3,3,269
26.5,1,3,4,270
26.5,1,3,5,272
26.5,1,3,6,273
26.5,1,3,7,274
26.5,1,3,8,275
26.5,1,3,9,277
26.5,1,3,10,278
26.5,1,3,11,279
26.5,1,3,12,280
26.5,1,3,13,282
26.5,1,3,14,283
26.5,1,3,15,284
26.5,1,4,0,267
26.5,1,4,1,268
26.5,1,4,2,269
26.5,1,4,3,271
26.5,1,4,4,272
26.5,1,4,5,273
26.5,1,4,6,275
26.5,1,4,7,276
26.5,1,4,8,277
26.5,1,4,9,278
26.5,1,4,10,280
26.5,1,4,11,281
26.5,1,4,12,282
26.5,1,4,13,283
26.5,1,4,14,285
26.5,1,4,15,286
26.5,1,5,0,268
26.5,1,5,1,270
26.5,1,5,2,271
26.5,1,5,3,272
26.5,1,5,4,274
26.5,1,5,5,275
26.5,1,5,6,276
26.5,1,5,7,277
26.5,1,5,8,279
26.5,1,5,9,280
26.5,1,5,10,281
26.5,1,5,11,282
26.5,1,5,12,284
26.5,1,5,13,285
26.5,1,5,14,286
26.5,1,5,15,287
26.5,1,6,0,270
26.5,1,6,1,271
26.5,1,6,2,272
26.5,1,6,3,274
26.5,1,6,4,275
26.5,1,6,5,276
26.5,1,6,6,278
26.5,1,6,7,279
26.5,1,6,8,280
26.5,1,6,9,282
26.5,1,6,10,283
26.5,1,6,11,284
26.5,1,6,12,285
26.5,1,6,13,287
26.5,1,6,14,288
26.5,1,6,15,289
26.5,1,7,0,271
26.5,1,7,1,273
26.5,1,7,2,274
26.5,1,7,3,275
26.5,1,7,4,277
26.5,1,7,5,278
26.5,1,7,6,279
26.5,1,7,7,281
26.5,1,7,8,282
26.5,1,7,9,283
26.5,1,7,10,284
26.5,1,7,11,286
26.5,1,7,12,287
26.5,1,7,13,288
26.5,1,7,14,289
26.5,1,7,15,291
26.5,1,8,0,273
26.5,1,8,1,274
26.5,1,8,2,276
26.5,1,8,3,277
26.5,1,8,4,278
26.5,1,8,5,279
26.5,1,8,6,281
26.5,1,8,7,282
26.5,1,8,8,283
26.5,1,8,9,285
26.5,1,8,10,286
26.5,1,8,11,287
26.5,1,8,12,289
26.5,1,8,13,290
26.5,1,8,14,291
26.5,1,8,15,292
26.5,1,9,0,274
26.5,1,9,1,276
26.5,1,9,2,277
26.5,1,9,3,278
26.5,1,9,4,280
26.5,1,9,5,281
26.5,1,9,6,282
26.5,1,9,7,284
26.5,1,9,8,285
26.5,1,9,9,286
26.5,1,9,10,288
26.5,1,9,11,289
26.5,1,9,12,290
26.5,1,9,13,291
26.5,1,9,14,293
26.5,1,9,15,294
26.5,1,10,0,276
26.5,1,10,1,277
26.5,1,10,2,279
26.5,1,10,3,280
26.5,1,10,4,281
26.5,1,10,5,283
26.5,1,10,6,284
26.5,1,10,7,285
26.5,1,10,8,286
26.5,1,10,9,288
26.5,1,10,10,289
26.5,1,10,11,290
26.5,1,10,12,292
26.5,1,10,13,293
26.5,1,10,14,294
26.5,1,10,15,295
26.5,1,11,0,277
26.5,1,11,1,279
26.5,1,11,2,280
26.5,1,11,3,281
26.5,1,11,4,283
26.5,1,11,5,284
26.5,1,11,6,285
26.5,1,11,7,287
26.5,1,11,8,288
26.5,1,11,9,289
26.5,1,11,10,291
26.5,1,11,11,292
26.5,1,11,12,293
26.5,1,11,13,295
26.5,1,11,14,296
26.5,1,11,15,297
26.5,1,12,0,279
26.5,1,12,1,280
26.5,1,12,2,282
26.5,1,12,3,283
26.5,1,12,4,284
26.5,1,12,5,286
26.5,1,12,6,287
26.5,1,12,7,288
26.5,1,12,8,290
26.5,1,12,9,291
26.5,1,12,10,292
26.5,1,12,11,293
26.5,1,12,12,295
26.5,1,12,13,296
26.5,1,12,14,297
26.5,1,12,15,299
26.5,1,13,0,280
26.5,1,13,1,282
26.5,1,13,2,283
26.5,1,13,3,284
26.5,1,13,4,286
26.5,1,13,5,287
26.5,1,13,6,288
26.5,1,13,7,290
26.5,1,13,8,291
26.5,1,13,9,292
26.5,1,13,10,294
26.5,1,13,11,295
26.5,1,13,12,296
26.5,1,13,13,298
26.5,1,13,14,299
26.5,1,13,15,300
26.5,1,14,0,282
26.5,1,14,1,283
26.5,1,14,2,284
26.5,1,14,3,286
26.5,1,14,4,287
26.5,1,14,5,289
26.5,1,14,6,290
26.5,1,14,7,291
26.5,1,14,8,293
26.5,1,14,9,294
26.5,1,14,10,295
26.5,1,14,11,297
26.5,1,14,12,298
26.5,1,14,13,299
26.5,1,14,14,300
26.5,1,14,15,302
26.5,1,15,0,283
26.5,1,15,1,285
26.5,1,15,2,286
26.5,1,15,3,287
26.5,1,15,4,289
26.5,1,15,5,290
26.5,1,15,6,291
26.5,1,15,7,293
26.5,1,15,8,294
26.5,1,15,9,295
26.5,1,15,10,297
26.5,1,15,11,298
26.5,1,15,12,299
26.5,1,15,13,301
26.5,1,15,14,302
26.5,1,15,15,303
26.5,2,0,0,265
26.5,2,0,1,266
26.5,2,0,2,268
26.5,2,0,3,269
26.5,2,0,4,270
26.5,2,0,5,271
26.5,2,0,6,273
26.5,2,0,7,274
26.5,2,0,8,275
26.5,2,0,9,276
26.5,2,0,10,278
26.5,2,0,11,279
26.5,2,0,12,280
26.5,2,0,13,281
26.5,2,0,14,283
26.5,2,0,15,284
26.5,2,1,0,267
26.5,2,1,1,268
26.5,2,1,2,269
26.5,2,1,3,270
26.5,2,1,4,272
26.5,2,1,5,273
26.5,2,1,6,274
26.5,2,1,7,276
26.5,2,1,8,277
26.5,2,1,9,278
26.5,2,1,10,279
26.5,2,1,11,281
26.5,2,1,12,282
26.5,2,1,13,283
26.5,2,1,14,284
26.5,2,1,15,285
26.5,2,2,0,268
26.5,2,2,1,269
26.5,2,2,2,271
26.5,2,2,3,272
26.5,2,2,4,273
26.5,2,2,5,275
26.5,2,2,6,276
26.5,2,2,7,277
26.5,2,2,8,278
26.5,2,2,9,280
26.5,2,2,10,281
26.5,2,2,11,282
26.5,2,2,12,283
26.5,2,2,13,285
26.5,2,2,14,286
26.5,2,2,15,287
26.5,2,3,0,270
26.5,2,3,1,271
26.5,2,3,2,272
26.5,2,3,3,274
26.5,2,3,4,275
26.5,2,3,5,276
26.5,2,3,6,278
26.5,2,3,7,279
26.5,2,3,8,280
26.5,2,3,9,281
26.5,2,3,10,283
26.5,2,3,11,284
26.5,2,3,12,285
26.5,2,3,13,286
26.5,2,3,14,288
26.5,2,3,15,289
26.5,2,4,0,271
26.5,2,4,1,273
26.5,2,4,2,274
26.5,2,4,3,275
26.5,2,4,4,277
26.5,2,4,5,278
26.5,2,4,6,279
26.5,2,4,7,280
26.5,2,4,8,282
26.5,2,4,9,283
26.5,2,4,10,284
26.5,2,4,11,286
26.5,2,4,12,287
26.5,2,4,13,288
26.5,2,4,14,289
26.5,2,4,15,291
26.5,2,5,0,273
26.5,2,5,1,274
26.5,2,5,2,275
26.5,2,5,3,277
26.5,2,5,4,278
26.5,2,5,5,279
26.5,2,5,6,281
26.5,2,5,7,282
26.5,2,5,8,283
26.5,2,5,9,285
26.5,2,5,10,286
26.5,2,5,11,287
26.5,2,5,12,288
26.5,2,5,13,290
26.5,2,5,14,291
26.5,2,5,15,292
26.5,2,6,0,274
26.5,2,6,1,276
26.5,2,6,2,277
26.5,2,6,3,278
26.5,2,6,4,280
26.5,2,6,5,281
26.5,2,6,6,282
26.5,2,6,7,284
26.5,2,6,8,285
26.5,2,6,9,286
26.5,2,6,10,288
26.5,2,6,11,289
26.5,2,6,12,290
26.5,2,6,13,291
26.5,2,6,14,293
26.5,2,6,15,294
26.5,2,7,0,276
26.5,2,7,1,277
26.5,2,7,2,279
26.5,2,7,3,280
26.5,2,7,4,281
26.5,2,7,5,283
26.5,2,7,6,284
26.5,2,7,7,285
26.5,2,7,8,287
26.5,2,7,9,288
26.5,2,7,10,289
26.5,2,7,11,290
26.5,2,7,12,292
26.5,2,7,13,293
26.5,2,7,14,294
26.5,2,7,15,296
26.5,2,8,0,277
26.5,2,8,1,279
26.5,2,8,2,280
26.5,2,8,3,281
26.5,2,8,4,283
26.5,2,8,5,284
26.5,2,8,6,285
26.5,2,8,7,287
26.5,2,8,8,288
26.5,2,8,9,289
26.5,2,8,10,291
26.5,2,8,11,292
26.5,2,8,12,293
26.5,2,8,13,295
26.5,2,8,14,296
26.5,2,8,15,297
26.5,2,9,0,279
26.5,2,9,1,280
26.5,2,9,2,282
26.5,2,9,3,283
26.5,2,9,4,284
26.5,2,9,5,286
26.5,2,9,6,287
26.5,2,9,7,288
26.5,2,9,8,290
26.5,2,9,9,291
26.5,2,9,10,292
26.5,2,9,11,294
26.5,2,9,12,295
26.5,2,9,13,296
26.5,2,9,14,298
26.5,2,9,15,299
26.5,2,10,0,280
26.5,2,10,1,282
26.5,2,10,2,283
26.5,2,10,3,285
26.5,2,10,4,286
26.5,2,10,5,287
26.5,2,10,6,289
26.5,2,10,7,290
26.5,2,10,8,291
26.5,2,10,9,293
26.5,2,10,10,294
26.5,2,10,11,295
26.5,2,10,12,297
26.5,2,10,13,298
26.5,2,10,14,299
26.5,2,10,15,300
26.5,2,11,0,282
26.5,2,11,1,283
26.5,2,11,2,285
26.5,2,11,3,286
26.5,2,11,4,287
26.5,2,11,5,289
26.5,2,11,6,290
26.5,2,11,7,292
26.5,2,11,8,293
26.5,2,11,9,294
26.5,2,11,10,295
26.5,2,11,11,297
26.5,2,11,12,298
26.5,2,11,13,299
26.5,2,11,14,301
26.5,2,11,15,302
26.5,2,12,0,283
26.5,2,12,1,285
26.5,2,12,2,286
26.5,2,12,3,288
26.5,2,12,4,289
26.5,2,12,5,290
26.5,2,12,6,292
26.5,2,12,7,293
26.5,2,12,8,294
26.5,2,12,9,296
26.5,2,12,10,297
26.5,2,12,11,298
26.5,2,12,12,300
26.5,2,12,13,301
26.5,2,12,14,302
26.5,2,12,15,304
26.5,2,13,0,285
26.5,2,13,1,286
26.5,2,13,2,288
26.5,2,13,3,289
26.5,2,13,4,291
26.5,2,13,5,292
26.5,2,13,6,293
26.5,2,13,7,295
26.5,2,13,8,296
26.5,2,13,9,297
26.5,2,13,10,299
26.5,2,13,11,300
26.5,2,13,12,301
26.5,2,13,13,303
26.5,2,13,14,304
26.5,2,13,15,305
26.5,2,14,0,286
26.5,2,14,1,288
26.5,2,14,2,289
26.5,2,14,3,291
26.5,2,14,4,292
26.5,2,14,5,293
26.5,2,14,6,295
26.5,2,14,7,296
26.5,2,14,8,297
26.5,2,14,9,299
26.5,2,14,10,300
26.5,2,14,11,302
26.5,2,14,12,303
26.5,2,14,13,304
26.5,2,14,14,306
26.5,2,14,15,307
26.5,2,15,0,288
26.5,2,15,1,289
26.5,2,15,2,291
26.5,2,15,3,292
26.5,2,15,4,294
26.5,2,15,5,295
26.5,2,15,6,296
26.5,2,15,7,298
26.5,2,15,8,299
26.5,2,15,9,300
26.5,2,15,10,302
26.5,2,15,11,303
26.5,2,15,12,304
26.5,2,15,13,306
26.5,2,15,14,307
26.5,2,15,15,308
26.5,3,0,0,269
26.5,3,0,1,271
26.5,3,0,2,272
26.5,3,0,3,273
26.5,3,0,4,275
26.5,3,0,5,276
26.5,3,0,6,277
26.5,3,0,7,278
26.5,3,0,8,280
26.5,3,0,9,281
26.5,3,0,10,282
26.5,3,0,11,283
26.5,3,0,12,285
26.5,3,0,13,286
26.5,3,0,14,287
26.5,3,0,15,288
26.5,3,1,0,271
26.5,3,1,1,272
26.5,3,1,2,274
26.5,3,1,3,275
26.5,3,1,4,276
26.5,3,1,5,277
26.5,3,1,6,279
26.5,3,1,7,280
26.5,3,1,8,281
26.5,3,1,9,283
26.5,3,1,10,284
26.5,3,1,11,285
26.5,3,1,12,286
26.5,3,1,13,288
26.5,3,1,14,289
26.5,3,1,15,290
26.5,3,2,0,273
26.5,3,2,1,274
26.5,3,2,2,275
26.5,3,2,3,276
26.5,3,2,4,278
26.5,3,2,5,279
26.5,3,2,6,280
26.5,3,2,7,282
26.5,3,2,8,283
26.5,3,2,9,284
26.5,3,2,10,286
26.5,3,2,11,287
26.5,3,2,12,288
26.5,3,2,13,289
26.5,3,2,14,291
26.5,3,2,15,292
26.5,3,3,0,274
26.5,3,3,1,275
26.5,3,3,2,277
26.5,3,3,3,278
26.5,3,3,4,279
26.5,3,3,5,281
26.5,3,3,6,282
26.5,3,3,7,283
26.5,3,3,8,285
26.5,3,3,9,286
26.5,3,3,10,287
26.5,3,3,11,289
26.5,3,3,12,290
26.5,3,3,13,291
26.5,3,3,14,292
26.5,3,3,15,294
26.5,3,4,0,276
26.5,3,4,1,277
26.5,3,4,2,278
26.5,3,4,3,280
26.5,3,4,4,281
26.5,3,4,5,282
26.5,3,4,6,284
26.5,3,4,7,285
26.5,3,4,8,286
26.5,3,4,9,288
26.5,3,4,10,289
26.5,3,4,11,290
26.5,3,4,12,291
26.5,3,4,13,293
26.5,3,4,14,294
26.5,3,4,15,295
26.5,3,5,0,277
26.5,3,5,1,279
26.5,3,5,2,280
26.5,3,5,3,281
26.5,3,5,4,283
26.5,3,5,5,284
26.5,3,5,6,285
26.5,3,5,7,287
26.5,3,5,8,288
26.5,3,5,9,289
26.5,3,5,10,291
26.5,3,5,11,292
26.5,3,5,12,293
26.5,3,5,13,294
26.5,3,5,14,296
26.5,3,5,15,297
26.5,3,6,0,279
26.5,3,6,1,280
26.5,3,6,2,282
26.5,3,6,3,283
26.5,3,6,4,284
26.5,3,6,5,286
26.5,3,6,6,287
26.5,3,6,7,288
26.5,3,6,8,290
26.5,3,6,9,291
26.5,3,6,10,292
26.5,3,6,11,294
26.5,3,6,12,295
26.5,3,6,13,296
26.5,3,6,14,297
26.5,3,6,15,299
26.5,3,7,0,280
26.5,3,7,1,282
26.5,3,7,2,283
26.5,3,7,3,285
26.5,3,7,4,286
26.5,3,7,5,287
26.5,3,7,6,289
26.5,3,7,7,290
26.5,3,7,8,291
26.5,3,7,9,293
26.5,3,7,10,294
26.5,3,7,11,295
26.5,3,7,12,296
26.5,3,7,13,298
26.5,3,7,14,299
26.5,3,7,15,300
26.5,3,8,0,282
26.5,3,8,1,283
26.5,3,8,2,285
26.5,3,8,3,286
26.5,3,8,4,287
26.5,3,8,5,289
26.5,3,8,6,290
26.5,3,8,7,292
26.5,3,8,8,293
26.5,3,8,9,294
26.5,3,8,10,296
26.5,3,8,11,297
26.5,3,8,12,298
26.5,3,8,13,299
26.5,3,8,14,301
26.5,3,8,15,302
26.5,3,9,0,284
26.5,3,9,1,285
26.5,3,9,2,286
26.5,3,9,3,288
26.5,3,9,4,289
26.5,3,9,5,290
26.5,3,9,6,292
26.5,3,9,7,293
26.5,3,9,8,294
26.5,3,9,9,296
26.5,3,9,10,297
26.5,3,9,11,298
26.5,3,9,12,300
26.5,3,9,13,301
26.5,3,9,14,302
26.5,3,9,15,304
26.5,3,10,0,285
26.5,3,10,1,286
26.5,3,10,2,288
26.5,3,10,3,289
26.5,3,10,4,291
26.5,3,10,5,292
26.5,3,10,6,293
26.5,3,10,7,295
26.5,3,10,8,296
26.5,3,10,9,297
26.5,3,10,10,299
26.5,3,10,11,300
26.5,3,10,12,301
26.5,3,10,13,303
26.5,3,10,14,304
26.5,3,10,15,305
26.5,3,11,0,287
26.5,3,11,1,288
26.5,3,11,2,289
26.5,3,11,3,291
26.5,3,11,4,292
26.5,3,11,5,294
26.5,3,11,6,295
26.5,3,11,7,296
26.5,3,11,8,298
26.5,3,11,9,299
26.5,3,11,10,300
26.5,3,11,11,302
26.5,3,11,12,303
26.5,3,11,13,304
26.5,3,11,14,306
26.5,3,11,15,307
26.5,3,12,0,288
26.5,3,12,1,290
26.5,3,12,2,291
26.5,3,12,3,292
26.5,3,12,4,294
26.5,3,12,5,295
26.5,3,12,6,296
26.5,3,12,7,298
26.5,3,12,8,299
26.5,3,12,9,301
26.5,3,12,10,302
26.5,3,12,11,303
26.5,3,12,12,305
26.5,3,12,13,306
26.5,3,12,14,307
26.5,3,12,15,309
26.5,3,13,0,290
26.5,3,13,1,291
26.5,3,13,2,292
26.5,3,13,3,294
26.5,3,13,4,295
26.5,3,13,5,297
26.5,3,13,6,298
26.5,3,13,7,299
26.5,3,13,8,301
26.5,3,13,9,302
26.5,3,13,10,304
26.5,3,13,11,305
26.5,3,13,12,306
26.5,3,13,13,308
26.5,3,13,14,309
26.5,3,13,15,310
26.5,3,14,0,291
26.5,3,14,1,293
26.5,3,14,2,294
26.5,3,14,3,295
26.5,3,14,4,297
26.5,3,14,5,298
26.5,3,14,6,300
26.5,3,14,7,301
26.5,3,14,8,302
26.5,3,14,9,304
26.5,3,14,10,305
26.5,3,14,11,306
26.5,3,14,12,308
26.5,3,14,13,309
26.5,3,14,14,311
26.5,3,14,15,312
26.5,3,15,0,293
26.5,3,15,1,294
26.5,3,15,2,296
26.5,3,15,3,297
26.5,3,15,4,298
26.5,3,15,5,300
26.5,3,15,6,301
26.5,3,15,7,303
26.5,3,15,8,304
26.5,3,15,9,305
26.5,3,15,10,307
26.5,3,15,11,308
26.5,3,15,12,309
26.5,3,15,13,311
26.5,3,15,14,312
26.5,3,15,15,313
26.5,4,0,0,274
26.5,4,0,1,275
26.5,4,0,2,276
26.5,4,0,3,278
26.5,4,0,4,279
26.5,4,0,5,280
26.5,4,0,6,282
26.5,4,0,7,283
26.5,4,0,8,284
26.5,4,0,9,285
26.5,4,0,10,287
26.5,4,0,11,288
26.5,4,0,12,289
26.5,4,0,13,291
26.5,4,0,14,292
26.5,4,0,15,293
26.5,4,1,0,275
26.5,4,1,1,277
26.5,4,1,2,278
26.5,4,1,3,279
26.5,4,1,4,281
26.5,4,1,5,282
26.5,4,1,6,283
26.5,4,1,7,285
26.5,4,1,8,286
26.5,4,1,9,287
26.5,4,1,10,288
26.5,4,1,11,290
26.5,4,1,12,291
26.5,4,1,13,292
26.5,4,1,14,294
26.5,4,1,15,295
26.5,4,2,0,277
26.5,4,2,1,278
26.5,4,2,2,280
26.5,4,2,3,281
26.5,4,2,4,282
26.5,4,2,5,284
26.5,4,2,6,285
26.5,4,2,7,286
26.5,4,2,8,288
26.5,4,2,9,289
26.5,4,2,10,290
26.5,4,2,11,291
26.5,4,2,12,293
26.5,4,2,13,294
26.5,4,2,14,295
26.5,4,2,15,297
26.5,4,3,0,279
26.5,4,3,1,280
26.5,4,3,2,281
26.5,4,3,3,283
26.5,4,3,4,284
26.5,4,3,5,285
26.5,4,3,6,287
26.5,4,3,7,288
26.5,4,3,8,289
26.5,4,3,9,291
26.5,4,3,10,292
26.5,4,3,11,293
26.5,4,3,12,294
26.5,4,3,13,296
26.5,4,3,14,297
26.5,4,3,15,298
26.5,4,4,0,280
26.5,4,4,1,282
26.5,4,4,2,283
26.5,4,4,3,284
26.5,4,4,4,286
26.5,4,4,5,287
26.5,4,4,6,288
26.5,4,4,7,290
26.5,4,4,8,291
26.5,4,4,9,292
26.5,4,4,10,294
26.5,4,4,11,295
26.5,4,4,12,296
26.5,4,4,13,298
26.5,4,4,14,299
26.5,4,4,15,300
26.5,4,5,0,282
26.5,4,5,1,283
26.5,4,5,2,285
26.5,4,5,3,286
26.5,4,5,4,287
26.5,4,5,5,289
26.5,4,5,6,290
26.5,4,5,7,291
26.5,4,5,8,293
26.5,4,5,9,294
26.5,4,5,10,295
26.5,4,5,11,297
26.5,4,5,12,298
26.5,4,5,13,299
26.5,4,5,14,301
26.5,4,5,15,302
26.5,4,6,0,283
26.5,4,6,1,285
26.5,4,6,2,286
26.5,4,6,3,288
26.5,4,6,4,289
26.5,4,6,5,290
26.5,4,6,6,292
26.5,4,6,7,293
26.5,4,6,8,294
26.5,4,6,9,296
26.5,4,6,10,297
26.5,4,6,11,298
26.5,4,6,12,300
26.5,4,6,13,301
26.5,4,6,14,302
26.5,4,6,15,304
26.5,4,7,0,285
26.5,4,7,1,286
26.5,4,7,2,288
26.5,4,7,3,289
26.5,4,7,4,291
26.5,4,7,5,292
26.5,4,7,6,293
26.5,4,7,7,295
26.5,4,7,8,296
26.5,4,7,9,297
26.5,4,7,10,299
26.5,4,7,11,300
26.5,4,7,12,301
26.5,4,7,13,303
26.5,4,7,14,304
26.5,4,7,15,305
26.5,4,8,0,287
26.5,4,8,1,288
26.5,4,8,2,289
26.5,4,8,3,291
26.5,4,8,4,292
26.5,4,8,5,293
26.5,4,8,6,295
26.5,4,8,7,296
26.5,4,8,8,298
26.5,4,8,9,299
26.5,4,8,10,300
26.5,4,8,11,302
26.5,4,8,12,303
26.5,4,8,13,304
26.5,4,8,14,306
26.5,4,8,15,307
26.5,4,9,0,288
26.5,4,9,1,290
26.5,4,9,2,291
26.5,4,9,3,292
26.5,4,9,4,294
26.5,4,9,5,295
26.5,4,9,6,296
26.5,4,9,7,298
26.5,4,9,8,299
26.5,4,9,9,301
26.5,4,9,10,302
26.5,4,9,11,303
26.5,4,9,12,305
26.5,4,9,13,306
26.5,4,9,14,307
26.5,4,9,15,309
26.5,4,10,0,290
26.5,4,10,1,291
26.5,4,10,2,293
26.5,4,10,3,294
26.5,4,10,4,295
26.5,4,10,5,297
26.5,4,10,6,298
26.5,4,10,7,299
26.5,4,10,8,301
26.5,4,10,9,302
26.5,4,10,10,304
26.5,4,10,11,305
26.5,4,10,12,306
26.5,4,10,13,308
26.5,4,10,14,309
26.5,4,10,15,310
26.5,4,11,0,291
26.5,4,11,1,293
26.5,4,11,2,294
26.5,4,11,3,295
26.5,4,11,4,297
26.5,4,11,5,298
26.5,4,11,6,300
26.5,4,11,7,301
26.5,4,11,8,302
26.5,4,11,9,304
26.5,4,11,10,305
26.5,4,11,11,307
26.5,4,11,12,308
26.5,4,11,13,309
26.5,4,11,14,311
26.5,4,11,15,312
26.5,4,12,0,293
26.5,4,12,1,294
26.5,4,12,2,296
26.5,4,12,3,297
26.5,4,12,4,298
26.5,4,12,5,300
26.5,4,12,6,301
26.5,4,12,7,303
26.5,4,12,8,304
26.5,4,12,9,305
26.5,4,12,10,307
26.5,4,12,11,308
26.5,4,12,12,310
26.5,4,12,13,311
26.5,4,12,14,312
26.5,4,12,15,314
26.5,4,13,0,294
26.5,4,13,1,296
26.5,4,13,2,297
26.5,4,13,3,299
26.5,4,13,4,300
26.5,4,13,5,301
26.5,4,13,6,303
26.5,4,13,7,304
26.5,4,13,8,306
26.5,4,13,9,307
26.5,4,13,10,308
26.5,4,13,11,310
26.5,4,13,12,311
26.5,4,13,13,313
26.5,4,13,14,314
26.5,4,13,15,315
26.5,4,14,0,296
26.5,4,14,1,297
26.5,4,14,2,299
26.5,4,14,3,300
26.5,4,14,4,302
26.5,4,14,5,303
26.5,4,14,6,304
26.5,4,14,7,306
26.5,4,14,8,307
26.5,4,14,9,309
26.5,4,14,10,310
26.5,4,14,11,311
26.5,4,14,12,313
26.5,4,14,13,314
26.5,4,14,14,316
26.5,4,14,15,317
26.5,4,15,0,297
26.5,4,15,1,299
26.5,4,15,2,300
26.5,4,15,3,302
26.5,4,15,4,303
26.5,4,15,5,305
26.5,4,15,6,306
26.5,4,15,7,307
26.5,4,15,8,309
26.5,4,15,9,310
26.5,4,15,10,312
26.5,4,15,11,313
26.5,4,15,12,314
26.5,4,15,13,316
26.5,4,15,14,317
26.5,4,15,15,319
26.5,5,0,0,278
26.5,5,0,1,279
26.5,5,0,2,281
26.5,5,0,3,282
26.5,5,0,4,283
26.5,5,0,5,285
26.5,5,0,6,286
26.5,5,0,7,287
26.5,5,0,8,289
26.5,5,0,9,290
26.5,5,0,10,291
26.5,5,0,11,293
26.5,5,0,12,294
26.5,5,0,13,295
26.5,5,0,14,296
26.5,5,0,15,298
26.5,5,1,0,280
26.5,5,1,1,281
26.5,5,1,2,282
26.5,5,1,3,284
26.5,5,1,4,285
26.5,5,1,5,286
26.5,5,1,6,288
26.5,5,1,7,289
26.5,5,1,8,290
26.5,5,1,9,292
26.5,5,1,10,293
26.5,5,1,11,294
26.5,5,1,12,296
26.5,5,1,13,297
26.5,5,1,14,298
26.5,5,1,15,300
26.5,5,2,0,281
26.5,5,2,1,283
26.5,5,2,2,284
26.5,5,2,3,285
26.5,5,2,4,287
26.5,5,2,5,288
26.5,5,2,6,289
26.5,5,2,7,291
26.5,5,2,8,292
26.5,5,2,9,293
26.5,5,2,10,295
26.5,5,2,11,296
26.5,5,2,12,297
26.5,5,2,13,299
26.5,5,2,14,300
26.5,5,2,15,301
26.5,5,3,0,283
26.5,5,3,1,284
26.5,5,3,2,286
26.5,5,3,3,287
26.5,5,3,4,288
26.5,5,3,5,290
26.5,5,3,6,291
26.5,5,3,7,293
26.5,5,3,8,294
26.5,5,3,9,295
26.5,5,3,10,297
26.5,5,3,11,298
26.5,5,3,12,299
26.5,5,3,13,300
26.5,5,3,14,302
26.5,5,3,15,303
26.5,5,4,0,285
26.5,5,4,1,286
26.5,5,4,2,287
26.5,5,4,3,289
26.5,5,4,4,290
26.5,5,4,5,292
26.5,5,4,6,293
26.5,5,4,7,294
26.5,5,4,8,296
26.5,5,4,9,297
26.5,5,4,10,298
26.5,5,4,11,300
26.5,5,4,12,301
26.5,5,4,13,302
26.5,5,4,14,304
26.5,5,4,15,305
26.5,5,5,0,286
26.5,5,5,1,288
26.5,5,5,2,289
26.5,5,5,3,290
26.5,5,5,4,292
26.5,5,5,5,293
26.5,5,5,6,295
26.5,5,5,7,296
26.5,5,5,8,297
26.5,5,5,9,299
26.5,5,5,10,300
26.5,5,5,11,301
26.5,5,5,12,303
26.5,5,5,13,304
26.5,5,5,14,305
26.5,5,5,15,307
26.5,5,6,0,288
26.5,5,6,1,289
26.5,5,6,2,291
26.5,5,6,3,292
26.5,5,6,4,293
26.5,5,6,5,295
26.5,5,6,6,296
26.5,5,6,7,298
26.5,5,6,8,299
26.5,5,6,9,300
26.5,5,6,10,302
26.5,5,6,11,303
26.5,5,6,12,304
26.5,5,6,13,306
26.5,5,6,14,307
26.5,5,6,15,308
26.5,5,7,0,289
26.5,5,7,1,291
26.5,5,7,2,292
26.5,5,7,3,294
26.5,5,7,4,295
26.5,5,7,5,297
26.5,5,7,6,298
26.5,5,7,7,299
26.5,5,7,8,301
26.5,5,7,9,302
26.5,5,7,10,303
26.5,5,7,11,305
26.5,5,7,12,306
26.5,5,7,13,307
26.5,5,7,14,309
26.5,5,7,15,310
26.5,5,8,0,291
26.5,5,8,1,293
26.5,5,8,2,294
26.5,5,8,3,295
26.5,5,8,4,297
26.5,5,8,5,298
26.5,5,8,6,300
26.5,5,8,7,301
26.5,5,8,8,302
26.5,5,8,9,304
26.5,5,8,10,305
26.5,5,8,11,306
26.5,5,8,12,308
26.5,5,8,13,309
26.5,5,8,14,310
26.5,5,8,15,312
26.5,5,9,0,293
26.5,5,9,1,294
26.5,5,9,2,296
26.5,5,9,3,297
26.5,5,9,4,298
26.5,5,9,5,300
26.5,5,9,6,301
26.5,5,9,7,303
26.5,5,9,8,304
26.5,5,9,9,305
26.5,5,9,10,307
26.5,5,9,11,308
26.5,5,9,12,309
26.5,5,9,13,311
26.5,5,9,14,312
26.5,5,9,15,314
26.5,5,10,0,294
26.5,5,10,1,296
26.5,5,10,2,297
26.5,5,10,3,299
26.5,5,10,4,300
26.5,5,10,5,301
26.5,5,10,6,303
26.5,5,10,7,304
26.5,5,10,8,306
26.5,5,10,9,307
26.5,5,10,10,308
26.5,5,10,11,310
26.5,5,10,12,311
26.5,5,10,13,313
26.5,5,10,14,314
26.5,5,10,15,315
26.5,5,11,0,296
26.5,5,11,1,297
26.5,5,11,2,299
26.5,5,11,3,300
26.5,5,11,4,302
26.5,5,11,5,303
26.5,5,11,6,304
26.5,5,11,7,306
26.5,5,11,8,307
26.5,5,11,9,309
26.5,5,11,10,310
26.5,5,11,11,311
26.5,5,11,12,313
26.5,5,11,13,314
26.5,5,11,14,316
26.5,5,11,15,317
26.5,5,12,0,297
26.5,5,12,1,299
26.5,5,12,2,300
26.5,5,12,3,302
26.5,5,12,4,303
26.5,5,12,5,305
26.5,5,12,6,306
26.5,5,12,7,307
26.5,5,12,8,309
26.5,5,12,9,310
26.5,5,12,10,312
26.5,5,12,11,313
26.5,5,12,12,314
26.5,5,12,13,316
26.5,5,12,14,317
26.5,5,12,15,319
26.5,5,13,0,299
26.5,5,13,1,300
26.5,5,13,2,302
26.5,5,13,3,303
26.5,5,13,4,305
26.5,5,13,5,306
26.5,5,13,6,308
26.5,5,13,7,309
26.5,5,13,8,311
26.5,5,13,9,312
26.5,5,13,10,313
26.5,5,13,11,315
26.5,5,13,12,316
26.5,5,13,13,318
26.5,5,13,14,319
26.5,5,13,15,320
26.5,5,14,0,301
26.5,5,14,1,302
26.5,5,14,2,303
26.5,5,14,3,305
26.5,5,14,4,306
26.5,5,14,5,308
26.5,5,14,6,309
26.5,5,14,7,311
26.5,5,14,8,312
26.5,5,14,9,314
26.5,5,14,10,315
26.5,5,14,11,316
26.5,5,14,12,318
26.5,5,14,13,319
26.5,5,14,14,321
26.5,5,14,15,322
26.5,5,15,0,302
26.5,5,15,1,304
26.5,5,15,2,305
26.5,5,15,3,307
26.5,5,15,4,308
26.5,5,15,5,309
26.5,5,15,6,311
26.5,5,15,7,312
26.5,5,15,8,314
26.5,5,15,9,315
26.5,5,15,10,317
26.5,5,15,11,318
26.5,5,15,12,319
26.5,5,15,13,321
26.5,5,15,14,322
26.5,5,15,15,324
26.5,6,0,0,282
26.5,6,0,1,284
26.5,6,0,2,285
26.5,6,0,3,286
26.5,6,0,4,288
26.5,6,0,5,289
26.5,6,0,6,291
26.5,6,0,7,292
26.5,6,0,8,293
26.5,6,0,9,295
26.5,6,0,10,296
26.5,6,0,11,297
26.5,6,0,12,299
26.5,6,0,13,300
26.5,6,0,14,301
26.5,6,0,15,302
26.5,6,1,0,284
26.5,6,1,1,285
26.5,6,1,2,287
26.5,6,1,3,288
26.5,6,1,4,290
26.5,6,1,5,291
26.5,6,1,6,292
26.5,6,1,7,294
26.5,6,1,8,295
26.5,6,1,9,296
26.5,6,1,10,298
26.5,6,1,11,299
26.5,6,1,12,300
26.5,6,1,13,302
26.5,6,1,14,303
26.5,6,1,15,304
26.5,6,2,0,286
26.5,6,2,1,287
26.5,6,2,2,289
26.5,6,2,3,290
26.5,6,2,4,291
26.5,6,2,5,293
26.5,6,2,6,294
26.5,6,2,7,295
26.5,6,2,8,297
26.5,6,2,9,298
26.5,6,2,10,299
26.5,6,2,11,301
26.5,6,2,12,302
26.5,6,2,13,303
26.5,6,2,14,305
26.5,6,2,15,306
26.5,6,3,0,287
26.5,6,3,1,289
26.5,6,3,2,290
26.5,6,3,3,292
26.5,6,3,4,293
26.5,6,3,5,294
26.5,6,3,6,296
26.5,6,3,7,297
26.5,6,3,8,298
26.5,6,3,9,300
26.5,6,3,10,301
26.5,6,3,11,303
26.5,6,3,12,304
26.5,6,3,13,305
26.5,6,3,14,307
26.5,6,3,15,308
26.5,6,4,0,289
26.5,6,4,1,290
26.5,6,4,2,292
26.5,6,4,3,293
26.5,6,4,4,295
26.5,6,4,5,296
26.5,6,4,6,297
26.5,6,4,7,299
26.5,6,4,8,300
26.5,6,4,9,302
26.5,6,4,10,303
26.5,6,4,11,304
26.5,6,4,12,306
26.5,6,4,13,307
26.5,6,4,14,308
26.5,6,4,15,310
26.5,6,5,0,291
26.5,6,5,1,292
26.5,6,5,2,294
26.5,6,5,3,295
26.5,6,5,4,296
26.5,6,5,5,298
26.5,6,5,6,299
26.5,6,5,7,301
26.5,6,5,8,302
26.5,6,5,9,303
26.5,6,5,10,305
26.5,6,5,11,306
26.5,6,5,12,307
26.5,6,5,13,309
26.5,6,5,14,310
26.5,6,5,15,311
26.5,6,6,0,292
26.5,6,6,1,294
26.5,6,6,2,295
26.5,6,6,3,297
26.5,6,6,4,298
26.5,6,6,5,299
26.5,6,6,6,301
26.5,6,6,7,302
26.5,6,6,8,304
26.5,6,6,9,305
26.5,6,6,10,306
26.5,6,6,11,308
26.5,6,6,12,309
26.5,6,6,13,310
26.5,6,6,14,312
26.5,6,6,15,313
26.5,6,7,0,294
26.5,6,7,1,295
26.5,6,7,2,297
26.5,6,7,3,298
26.5,6,7,4,300
26.5,6,7,5,301
26.5,6,7,6,303
26.5,6,7,7,304
26.5,6,7,8,305
26.5,6,7,9,307
26.5,6,7,10,308
26.5,6,7,11,309
26.5,6,7,12,311
26.5,6,7,13,312
26.5,6,7,14,314
26.5,6,7,15,315
26.5,6,8,0,296
26.5,6,8,1,297
26.5,6,8,2,299
26.5,6,8,3,300
26.5,6,8,4,301
26.5,6,8,5,303
26.5,6,8,6,304
26.5,6,8,7,306
26.5,6,8,8,307
26.5,6,8,9,308
26.5,6,8,10,310
26.5,6,8,11,311
26.5,6,8,12,313
26.5,6,8,13,314
26.5,6,8,14,315
26.5,6,8,15,317
26.5,6,9,0,297
26.5,6,9,1,299
26.5,6,9,2,300
26.5,6,9,3,302
26.5,6,9,4,303
26.5,6,9,5,304
26.5,6,9,6,306
26.5,6,9,7,307
26.5,6,9,8,309
26.5,6,9,9,310
26.5,6,9,10,312
26.5,6,9,11,313
26.5,6,9,12,314
26.5,6,9,13,316
26.5,6,9,14,317
26.5,6,9,15,318
26.5,6,10,0,299
26.5,6,10,1,300
26.5,6,10,2,302
26.5,6,10,3,303
26.5,6,10,4,305
26.5,6,10,5,306
26.5,6,10,6,308
26.5,6,10,7,309
26.5,6,10,8,310
26.5,6,10,9,312
26.5,6,10,10,313
26.5,6,10,11,315
26.5,6,10,12,316
26.5,6,10,13,317
26.5,6,10,14,319
26.5,6,10,15,320
26.5,6,11,0,300
26.5,6,11,1,302
26.5,6,11,2,303
26.5,6,11,3,305
26.5,6,11,4,306
26.5,6,11,5,308
26.5,6,11,6,309
26.5,6,11,7,311
26.5,6,11,8,312
26.5,6,11,9,313
26.5,6,11,10,315
26.5,6,11,11,316
26.5,6,11,12,318
26.5,6,11,13,319
26.5,6,11,14,320
26.5,6,11,15,322
26.5,6,12,0,302
26.5,6,12,1,304
26.5,6,12,2,305
26.5,6,12,3,307
26.5,6,12,4,308
26.5,6,12,5,309
26.5,6,12,6,311
26.5,6,12,7,312
26.5,6,12,8,314
26.5,6,12,9,315
26.5,6,12,10,317
26.5,6,12,11,318
26.5,6,12,12,319
26.5,6,12,13,321
26.5,6,12,14,322
26.5,6,12,15,324
26.5,6,13,0,304
26.5,6,13,1,305
26.5,6,13,2,307
26.5,6,13,3,308
26.5,6,13,4,310
26.5,6,13,5,311
26.5,6,13,6,312
26.5,6,13,7,314
26.5,6,13,8,315
26.5,6,13,9,317
26.5,6,13,10,318
26.5,6,13,11,320
26.5,6,13,12,321
26.5,6,13,13,322
26.5,6,13,14,324
26.5,6,13,15,325
26.5,6,14,0,305
26.5,6,14,1,307
26.5,6,14,2,308
26.5,6,14,3,310
26.5,6,14,4,311
26.5,6,14,5,313
26.5,6,14,6,314
26.5,6,14,7,316
26.5,6,14,8,317
26.5,6,14,9,318
26.5,6,14,10,320
26.5,6,14,11,321
26.5,6,14,12,323
26.5,6,14,13,324
26.5,6,14,14,326
26.5,6,14,15,327
26.5,6,15,0,307
26.5,6,15,1,308
26.5,6,15,2,310
26.5,6,15,3,311
26.5,6,15,4,313
26.5,6,15,5,314
26.5,6,15,6,316
26.5,6,15,7,317
26.5,6,15,8,319
26.5,6,15,9,320
26.5,6,15,10,322
26.5,6,15,11,323
26.5,6,15,12,324
26.5,6,15,13,326
26.5,6,15,14,327
26.5,6,15,15,329
26.5,7,0,0,287
26.5,7,0,1,288
26.5,7,0,2,289
26.5,7,0,3,291
26.5,7,0,4,292
26.5,7,0,5,294
26.5,7,0,6,295
26.5,7,0,7,296
26.5,7,0,8,298
26.5,7,0,9,299
26.5,7,0,10,300
26.5,7,0,11,302
26.5,7,0,12,303
26.5,7,0,13,304
26.5,7,0,14,306
26.5,7,0,15,307
26.5,7,1,0,288
26.5,7,1,1,290
26.5,7,1,2,291
26.5,7,1,3,293
26.5,7,1,4,294
26.5,7,1,5,295
26.5,7,1,6,297
26.5,7,1,7,298
26.5,7,1,8,300
26.5,7,1,9,301
26.5,7,1,10,302
26.5,7,1,11,304
26.5,7,1,12,305
26.5,7,1,13,306
26.5,7,1,14,308
26.5,7,1,15,309
26.5,7,2,0,290
26.5,7,2,1,292
26.5,7,2,2,293
26.5,7,2,3,294
26.5,7,2,4,296
26.5,7,2,5,297
26.5,7,2,6,299
26.5,7,2,7,300
26.5,7,2,8,301
26.5,7,2,9,303
26.5,7,2,10,304
26.5,7,2,11,305
26.5,7,2,12,307
26.5,7,2,13,308
26.5,7,2,14,309
26.5,7,2,15,311
26.5,7,3,0,292
26.5,7,3,1,293
26.5,7,3,2,295
26.5,7,3,3,296
26.5,7,3,4,298
26.5,7,3,5,299
26.5,7,3,6,300
26.5,7,3,7,302
26.5,7,3,8,303
26.5,7,3,9,304
26.5,7,3,10,306
26.5,7,3,11,307
26.5,7,3,12,309
26.5,7,3,13,310
26.5,7,3,14,311
26.5,7,3,15,313
26.5,7,4,0,294
26.5,7,4,1,295
26.5,7,4,2,296
26.5,7,4,3,298
26.5,7,4,4,299
26.5,7,4,5,301
26.5,7,4,6,302
26.5,7,4,7,303
26.5,7,4,8,305
26.5,7,4,9,306
26.5,7,4,10,308
26.5,7,4,11,309
26.5,7,4,12,310
26.5,7,4,13,312
26.5,7,4,14,313
26.5,7,4,15,314
26.5,7,5,0,295
26.5,7,5,1,297
26.5,7,5,2,298
26.5,7,5,3,300
26.5,7,5,4,301
26.5,7,5,5,302
26.5,7,5,6,304
26.5,7,5,7,305
26.5,7,5,8,307
26.5,7,5,9,308
26.5,7,5,10,309
26.5,7,5,11,311
26.5,7,5,12,312
26.5,7,5,13,313
26.5,7,5,14,315
26.5,7,5,15,316
26.5,7,6,0,297
26.5,7,6,1,298
26.5,7,6,2,300
26.5,7,6,3,301
26.5,7,6,4,303
26.5,7,6,5,304
26.5,7,6,6,306
26.5,7,6,7,307
26.5,7,6,8,308
26.5,7,6,9,310
26.5,7,6,10,311
26.5,7,6,11,313
26.5,7,6,12,314
26.5,7,6,13,315
26.5,7,6,14,317
26.5,7,6,15,318
26.5,7,7,0,299
26.5,7,7,1,300
26.5,7,7,2,301
26.5,7,7,3,303
26.5,7,7,4,304
26.5,7,7,5,306
26.5,7,7,6,307
26.5,7,7,7,309
26.5,7,7,8,310
26.5,7,7,9,311
26.5,7,7,10,313
26.5,7,7,11,314
26.5,7,7,12,316
26.5,7,7,13,317
26.5,7,7,14,318
26.5,7,7,15,320
26.5,7,8,0,300
26.5,7,8,1,302
26.5,7,8,2,303
26.5,7,8,3,305
26.5,7,8,4,306
26.5,7,8,5,307
26.5,7,8,6,309
26.5,7,8,7,310
26.5,7,8,8,312
26.5,7,8,9,313
26.5,7,8,10,315
26.5,7,8,11,316
26.5,7,8,12,317
26.5,7,8,13,319
26.5,7,8,14,320
26.5,7,8,15,322
26.5,7,9,0,302
26.5,7,9,1,303
26.5,7,9,2,305
26.5,7,9,3,306
26.5,7,9,4,308
26.5,7,9,5,309
26.5,7,9,6,311
26.5,7,9,7,312
26.5,7,9,8,313
26.5,7,9,9,315
26.5,7,9,10,316
26.5,7,9,11,318
26.5,7,9,12,319
26.5,7,9,13,321
26.5,7,9,14,322
26.5,7,9,15,323
26.5,7,10,0,303
26.5,7,10,1,305
26.5,7,10,2,306
26.5,7,10,3,308
26.5,7,10,4,309
26.5,7,10,5,311
26.5,7,10,6,312
26.5,7,10,7,314
26.5,7,10,8,315
26.5,7,10,9,317
26.5,7,10,10,318
26.5,7,10,11,319
26.5,7,10,12,321
26.5,7,10,13,322
26.5,7,10,14,324
26.5,7,10,15,325
26.5,7,11,0,305
26.5,7,11,1,307
26.5,7,11,2,308
26.5,7,11,3,310
26.5,7,11,4,311
26.5,7,11,5,313
26.5,7,11,6,314
26.5,7,11,7,315
26.5,7,11,8,317
26.5,7,11,9,318
26.5,7,11,10,320
26.5,7,11,11,321
26.5,7,11,12,323
26.5,7,11,13,324
26.5,7,11,14,325
26.5,7,11,15,327
26.5,7,12,0,307
26.5,7,12,1,308
26.5,7,12,2,310
26.5,7,12,3,311
26.5,7,12,4,313
26.5,7,12,5,314
26.5,7,12,6,316
26.5,7,12,7,317
26.5,7,12,8,319
26.5,7,12,9,320
26.5,7,12,10,321
26.5,7,12,11,323
26.5,7,12,12,324
26.5,7,12,13,326
26.5,7,12,14,327
26.5,7,12,15,329
26.5,7,13,0,308
26.5,7,13,1,310
26.5,7,13,2,311
26.5,7,13,3,313
26.5,7,13,4,314
26.5,7,13,5,316
26.5,7,13,6,317
26.5,7,13,7,319
26.5,7,13,8,320
26.5,7,13,9,322
26.5,7,13,10,323
26.5,7,13,11,325
26.5,7,13,12,326
26.5,7,13,13,327
26.5,7,13,14,329
26.5,7,13,15,330
26.5,7,14,0,310
26.5,7,14,1,311
26.5,7,14,2,313
26.5,7,14,3,314
26.5,7,14,4,316
26.5,7,14,5,317
26.5,7,14,6,319
26.5,7,14,7,320
26.5,7,14,8,322
26.5,7,14,9,323
26.5,7,14,10,325
26.5,7,14,11,326
26.5,7,14,12,328
26.5,7,14,13,329
26.5,7,14,14,331
26.5,7,14,15,332
26.5,7,15,0,312
26.5,7,15,1,313
26.5,7,15,2,315
26.5,7,15,3,316
26.5,7,15,4,318
26.5,7,15,5,319
26.5,7,15,6,321
26.5,7,15,7,322
26.5,7,15,8,324
26.5,7,15,9,325
26.5,7,15,10,326
26.5,7,15,11,328
26.5,7,15,12,329
26.5,7,15,13,331
26.5,7,15,14,332
26.5,7,15,15,334
26.5,8,0,0,291
26.5,8,0,1,292
26.5,8,0,2,294
26.5,8,0,3,295
26.5,8,0,4,297
26.5,8,0,5,298
26.5,8,0,6,299
26.5,8,0,7,301
26.5,8,0,8,302
26.5,8,0,9,304
26.5,8,0,10,305
26.5,8,0,11,306
26.5,8,0,12,308
26.5,8,0,13,309
26.5,8,0,14,310
26.5,8,0,15,312
26.5,8,1,0,293
26.5,8,1,1,294
26.5,8,1,2,296
26.5,8,1,3,297
26.5,8,1,4,298
26.5,8,1,5,300
26.5,8,1,6,301
26.5,8,1,7,303
26.5,8,1,8,304
26.5,8,1,9,305
26.5,8,1,10,307
26.5,8,1,11,308
26.5,8,1,12,310
26.5,8,1,13,311
26.5,8,1,14,312
26.5,8,1,15,314
26.5,8,2,0,295
26.5,8,2,1,296
26.5,8,2,2,297
26.5,8,2,3,299
26.5,8,2,4,300
26.5,8,2,5,302
26.5,8,2,6,303
26.5,8,2,7,304
26.5,8,2,8,306
26.5,8,2,9,307
26.5,8,2,10,309
26.5,8,2,11,310
26.5,8,2,12,311
26.5,8,2,13,313
26.5,8,2,14,314
26.5,8,2,15,315
26.5,8,3,0,296
26.5,8,3,1,298
26.5,8,3,2,299
26.5,8,3,3,301
26.5,8,3,4,302
26.5,8,3,5,303
26.5,8,3,6,305
26.5,8,3,7,306
26.5,8,3,8,308
26.5,8,3,9,309
26.5,8,3,10,310
26.5,8,3,11,312
26.5,8,3,12,313
26.5,8,3,13,315
26.5,8,3,14,316
26.5,8,3,15,317
26.5,8,4,0,298
26.5,8,4,1,299
26.5,8,4,2,301
26.5,8,4,3,302
26.5,8,4,4,304
26.5,8,4,5,305
26.5,8,4,6,307
26.5,8,4,7,308
26.5,8,4,8,309
26.5,8,4,9,311
26.5,8,4,10,312
26.5,8,4,11,314
26.5,8,4,12,315
26.5,8,4,13,316
26.5,8,4,14,318
26.5,8,4,15,319
26.5,8,5,0,300
26.5,8,5,1,301
26.5,8,5,2,303
26.5,8,5,3,304
26.5,8,5,4,306
26.5,8,5,5,307
26.5,8,5,6,308
26.5,8,5,7,310
26.5,8,5,8,311
26.5,8,5,9,313
26.5,8,5,10,314
26.5,8,5,11,315
26.5,8,5,12,317
26.5,8,5,13,318
26.5,8,5,14,320
26.5,8,5,15,321
26.5,8,6,0,301
26.5,8,6,1,303
26.5,8,6,2,304
26.5,8,6,3,306
26.5,8,6,4,307
26.5,8,6,5,309
26.5,8,6,6,310
26.5,8,6,7,312
26.5,8,6,8,313
26.5,8,6,9,314
26.5,8,6,10,316
26.5,8,6,11,317
26.5,8,6,12,319
26.5,8,6,13,320
26.5,8,6,14,321
26.5,8,6,15,323
26.5,8,7,0,303
26.5,8,7,1,305
26.5,8,7,2,306
26.5,8,7,3,308
26.5,8,7,4,309
26.5,8,7,5,310
26.5,8,7,6,312
26.5,8,7,7,313
26.5,8,7,8,315
26.5,8,7,9,316
26.5,8,7,10,318
26.5,8,7,11,319
26.5,8,7,12,320
26.5,8,7,13,322
26.5,8,7,14,323
26.5,8,7,15,325
26.5,8,8,0,305
26.5,8,8,1,306
26.5,8,8,2,308
26.5,8,8,3,309
26.5,8,8,4,311
26.5,8,8,5,312
26.5,8,8,6,314
26.5,8,8,7,315
26.5,8,8,8,317
26.5,8,8,9,318
26.5,8,8,10,319
26.5,8,8,11,321
26.5,8,8,12,322
26.5,8,8,13,324
26.5,8,8,14,325
26.5,8,8,15,326
26.5,8,9,0,306
26.5,8,9,1,308
26.5,8,9,2,309
26.5,8,9,3,311
26.5,8,9,4,312
26.5,8,9,5,314
26.5,8,9,6,315
26.5,8,9,7,317
26.5,8,9,8,318
26.5,8,9,9,320
26.5,8,9,10,321
26.5,8,9,11,323
26.5,8,9,12,324
26.5,8,9,13,325
26.5,8,9,14,327
26.5,8,9,15,328
26.5,8,10,0,308
26.5,8,10,1,310
26.5,8,10,2,311
26.5,8,10,3,313
26.5,8,10,4,314
26.5,8,10,5,316
26.5,8,10,6,317
26.5,8,10,7,319
26.5,8,10,8,320
26.5,8,10,9,321
26.5,8,10,10,323
26.5,8,10,11,324
26.5,8,10,12,326
26.5,8,10,13,327
26.5,8,10,14,329
26.5,8,10,15,330
26.5,8,11,0,310
26.5,8,11,1,311
26.5,8,11,2,313
26.5,8,11,3,314
26.5,8,11,4,316
26.5,8,11,5,317
26.5,8,11,6,319
26.5,8,11,7,320
26.5,8,11,8,322
26.5,8,11,9,323
26.5,8,11,10,325
26.5,8,11,11,326
26.5,8,11,12,327
26.5,8,11,13,329
26.5,8,11,14,330
26.5,8,11,15,332
26.5,8,12,0,311
26.5,8,12,1,313
26.5,8,12,2,314
26.5,8,12,3,316
26.5,8,12,4,317
26.5,8,12,5,319
26.5,8,12,6,320
26.5,8,12,7,322
26.5,8,12,8,323
26.5,8,12,9,325
26.5,8,12,10,326
26.5,8,12,11,328
26.5,8,12,12,329
26.5,8,12,13,331
26.5,8,12,14,332
26.5,8,12,15,334
26.5,8,13,0,313
26.5,8,13,1,315
26.5,8,13,2,316
26.5,8,13,3,318
26.5,8,13,4,319
26.5,8,13,5,321
26.5,8,13,6,322
26.5,8,13,7,324
26.5,8,13,8,325
26.5,8,13,9,327
26.5,8,13,10,328
26.5,8,13,11,330
26.5,8,13,12,331
26.5,8,13,13,332
26.5,8,13,14,334
26.5,8,13,15,335
26.5,8,14,0,315
26.5,8,14,1,316
26.5,8,14,2,318
26.5,8,14,3,319
26.5,8,14,4,321
26.5,8,14,5,322
26.5,8,14,6,324
26.5,8,14,7,325
26.5,8,14,8,327
26.5,8,14,9,328
26.5,8,14,10,330
26.5,8,14,11,331
26.5,8,14,12,333
26.5,8,14,13,334
26.5,8,14,14,336
26.5,8,14,15,337
26.5,8,15,0,316
26.5,8,15,1,318
26.5,8,15,2,319
26.5,8,15,3,321
26.5,8,15,4,322
26.5,8,15,5,324
26.5,8,15,6,325
26.5,8,15,7,327
26.5,8,15,8,328
26.5,8,15,9,330
26.5,8,15,10,331
26.5,8,15,11,333
26.5,8,15,12,334
26.5,8,15,13,336
26.5,8,15,14,337
26.5,8,15,15,339
26.5,9,0,0,295
26.5,9,0,1,297
26.5,9,0,2,298
26.5,9,0,3,300
26.5,9,0,4,301
26.5,9,0,5,303
26.5,9,0,6,304
26.5,9,0,7,305
26.5,9,0,8,307
26.5,9,0,9,308
26.5,9,0,10,310
26.5,9,0,11,311
26.5,9,0,12,312
26.5,9,0,13,314
26.5,9,0,14,315
26.5,9,0,15,316
26.5,9,1,0,297
26.5,9,1,1,299
26.5,9,1,2,300
26.5,9,1,3,302
26.5,9,1,4,303
26.5,9,1,5,304
26.5,9,1,6,306
26.5,9,1,7,307
26.5,9,1,8,309
26.5,9,1,9,310
26.5,9,1,10,311
26.5,9,1,11,313
26.5,9,1,12,314
26.5,9,1,13,316
26.5,9,1,14,317
26.5,9,1,15,318
26.5,9,2,0,299
26.5,9,2,1,300
26.5,9,2,2,302
26.5,9,2,3,303
26.5,9,2,4,305
26.5,9,2,5,306
26.5,9,2,6,308
26.5,9,2,7,309
26.5,9,2,8,310
26.5,9,2,9,312
26.5,9,2,10,313
26.5,9,2,11,315
26.5,9,2,12,316
26.5,9,2,13,317
26.5,9,2,14,319
26.5,9,2,15,320
26.5,9,3,0,301
26.5,9,3,1,302
26.5,9,3,2,304
26.5,9,3,3,305
26.5,9,3,4,307
26.5,9,3,5,308
26.5,9,3,6,309
26.5,9,3,7,311
26.5,9,3,8,312
26.5,9,3,9,314
26.5,9,3,10,315
26.5,9,3,11,317
26.5,9,3,12,318
26.5,9,3,13,319
26.5,9,3,14,321
26.5,9,3,15,322
26.5,9,4,0,302
26.5,9,4,1,304
26.5,9,4,2,305
26.5,9,4,3,307
26.5,9,4,4,308
26.5,9,4,5,310
26.5,9,4,6,311
26.5,9,4,7,313
26.5,9,4,8,314
26.5,9,4,9,316
26.5,9,4,10,317
26.5,9,4,11,318
26.5,9,4,12,320
26.5,9,4,13,321
26.5,9,4,14,323
26.5,9,4,15,324
26.5,9,5,0,304
26.5,9,5,1,306
26.5,9,5,2,307
26.5,9,5,3,309
26.5,9,5,4,310
26.5,9,5,5,312
26.5,9,5,6,313
26.5,9,5,7,314
26.5,9,5,8,316
26.5,9,5,9,317
26.5,9,5,10,319
26.5,9,5,11,320
26.5,9,5,12,322
26.5,9,5,13,323
26.5,9,5,14,324
26.5,9,5,15,326
26.5,9,6,0,306
26.5,9,6,1,307
26.5,9,6,2,309
26.5,9,6,3,310
26.5,9,6,4,312
26.5,9,6,5,313
26.5,9,6,6,315
26.5,9,6,7,316
26.5,9,6,8,318
26.5,9,6,9,319
26.5,9,6,10,321
26.5,9,6,11,322
26.5,9,6,12,323
26.5,9,6,13,325
26.5,9,6,14,326
26.5,9,6,15,328
26.5,9,7,0,308
26.5,9,7,1,309
26.5,9,7,2,311
26.5,9,7,3,312
26.5,9,7,4,314
26.5,9,7,5,315
26.5,9,7,6,317
26.5,9,7,7,318
26.5,9,7,8,319
26.5,9,7,9,321
26.5,9,7,10,322
26.5,9,7,11,324
26.5,9,7,12,325
26.5,9,7,13,327
26.5,9,7,14,328
26.5,9,7,15,329
26.5,9,8,0,309
26.5,9,8,1,311
26.5,9,8,2,312
26.5,9,8,3,314
26.5,9,8,4,315
26.5,9,8,5,317
26.5,9,8,6,318
26.5,9,8,7,320
26.5,9,8,8,321
26.5,9,8,9,323
26.5,9,8,10,324
26.5,9,8,11,326
26.5,9,8,12,327
26.5,9,8,13,328
26.5,9,8,14,330
26.5,9,8,15,331
26.5,9,9,0,311
26.5,9,9,1,313
26.5,9,9,2,314
26.5,9,9,3,316
26.5,9,9,4,317
26.5,9,9,5,319
26.5,9,9,6,320
26.5,9,9,7,322
26.5,9,9,8,323
26.5,9,9,9,324
26.5,9,9,10,326
26.5,9,9,11,327
26.5,9,9,12,329
26.5,9,9,13,330
26.5,9,9,14,332
26.5,9,9,15,333
26.5,9,10,0,313
26.5,9,10,1,314
26.5,9,10,2,316
26.5,9,10,3,317
26.5,9,10,4,319
26.5,9,10,5,320
26.5,9,10,6,322
26.5,9,10,7,323
26.5,9,10,8,325
26.5,9,10,9,326
26.5,9,10,10,328
26.5,9,10,11,329
26.5,9,10,12,331
26.5,9,10,13,332
26.5,9,10,14,334
26.5,9,10,15,335
26.5,9,11,0,314
26.5,9,11,1,316
26.5,9,11,2,317
26.5,9,11,3,319
26.5,9,11,4,320
26.5,9,11,5,322
26.5,9,11,6,324
26.5,9,11,7,325
26.5,9,11,8,327
26.5,9,11,9,328
26.5,9,11,10,329
26.5,9,11,11,331
26.5,9,11,12,332
26.5,9,11,13,334
26.5,9,11,14,335
26.5,9,11,15,337
26.5,9,12,0,316
26.5,9,12,1,318
26.5,9,12,2,319
26.5,9,12,3,321
26.5,9,12,4,322
26.5,9,12,5,324
26.5,9,12,6,325
26.5,9,12,7,327
26.5,9,12,8,328
26.5,9,12,9,330
26.5,9,12,10,331
26.5,9,12,11,333
26.5,9,12,12,334
26.5,9,12,13,336
26.5,9,12,14,337
26.5,9,12,15,339
26.5,9,13,0,318
26.5,9,13,1,319
26.5,9,13,2,321
26.5,9,13,3,322
26.5,9,13,4,324
26.5,9,13,5,325
26.5,9,13,6,327
26.5,9,13,7,328
26.5,9,13,8,330
26.5,9,13,9,331
26.5,9,13,10,333
26.5,9,13,11,334
26.5,9,13,12,336
26.5,9,13,13,337
26.5,9,13,14,339
26.5,9,13,15,340
26.5,9,14,0,319
26.5,9,14,1,321
26.5,9,14,2,322
26.5,9,14,3,324
26.5,9,14,4,326
26.5,9,14,5,327
26.5,9,14,6,329
26.5,9,14,7,330
26.5,9,14,8,332
26.5,9,14,9,333
26.5,9,14,10,335
26.5,9,14,11,336
26.5,9,14,12,338
26.5,9,14,13,339
26.5,9,14,14,341
26.5,9,14,15,342
26.5,9,15,0,321
26.5,9,15,1,323
26.5,9,15,2,324
26.5,9,15,3,326
26.5,9,15,4,327
26.5,9,15,5,329
26.5,9,15,6,330
26.5,9,15,7,332
26.5,9,15,8,333
26.5,9,15,9,335
26.5,9,15,10,336
26.5,9,15,11,338
26.5,9,15,12,339
26.5,9,15,13,341
26.5,9,15,14,342
26.5,9,15,15,344
26.5,10,0,0,300
26.5,10,0,1,301
26.5,10,0,2,303
26.5,10,0,3,304
26.5,10,0,4,306
26.5,10,0,5,307
26.5,10,0,6,308
26.5,10,0,7,310
26.5,10,0,8,311
26.5,10,0,9,313
26.5,10,0,10,314
26.5,10,0,11,316
26.5,10,0,12,317
26.5,10,0,13,318
26.5,10,0,14,320
26.5,10,0,15,321
26.5,10,1,0,302
26.5,10,1,1,303
26.5,10,1,2,304
26.5,10,1,3,306
26.5,10,1,4,307
26.5,10,1,5,309
26.5,10,1,6,310
26.5,10,1,7,312
26.5,10,1,8,313
26.5,10,1,9,315
26.5,10,1,10,316
26.5,10,1,11,317
26.5,10,1,12,319
26.5,10,1,13,320
26.5,10,1,14,322
26.5,10,1,15,323
26.5,10,2,0,303
26.5,10,2,1,305
26.5,10,2,2,306
26.5,10,2,3,308
26.5,10,2,4,309
26.5,10,2,5,311
26.5,10,2,6,312
26.5,10,2,7,314
26.5,10,2,8,315
26.5,10,2,9,316
26.5,10,2,10,318
26.5,10,2,11,319
26.5,10,2,12,321
26.5,10,2,13,322
26.5,10,2,14,324
26.5,10,2,15,325
26.5,10,3,0,305
26.5,10,3,1,307
26.5,10,3,2,308
26.5,10,3,3,310
26.5,10,3,4,311
26.5,10,3,5,313
26.5,10,3,6,314
26.5,10,3,7,315
26.5,10,3,8,317
26.5,10,3,9,318
26.5,10,3,10,320
26.5,10,3,11,321
26.5,10,3,12,323
26.5,10,3,13,324
26.5,10,3,14,325
26.5,10,3,15,327
26.5,10,4,0,307
26.5,10,4,1,308
26.5,10,4,2,310
26.5,10,4,3,311
26.5,10,4,4,313
26.5,10,4,5,314
26.5,10,4,6,316
26.5,10,4,7,317
26.5,10,4,8,319
26.5,10,4,9,320
26.5,10,4,10,322
26.5,10,4,11,323
26.5,10,4,12,324
26.5,10,4,13,326
26.5,10,4,14,327
26.5,10,4,15,329
26.5,10,5,0,309
26.5,10,5,1,310
26.5,10,5,2,312
26.5,10,5,3,313
26.5,10,5,4,315
26.5,10,5,5,316
26.5,10,5,6,318
26.5,10,5,7,319
26.5,10,5,8,321
26.5,10,5,9,322
26.5,10,5,10,323
26.5,10,5,11,325
26.5,10,5,12,326
26.5,10,5,13,328
26.5,10,5,14,329
26.5,10,5,15,331
26.5,10,6,0,310
26.5,10,6,1,312
26.5,10,6,2,313
26.5,10,6,3,315
26.5,10,6,4,316
26.5,10,6,5,318
26.5,10,6,6,319
26.5,10,6,7,321
26.5,10,6,8,322
26.5,10,6,9,324
26.5,10,6,10,325
26.5,10,6,11,327
26.5,10,6,12,328
26.5,10,6,13,330
26.5,10,6,14,331
26.5,10,6,15,332
26.5,10,7,0,312
26.5,10,7,1,314
26.5,10,7,2,315
26.5,10,7,3,317
26.5,10,7,4,318
26.5,10,7,5,320
26.5,10,7,6,321
26.5,10,7,7,323
26.5,10,7,8,324
26.5,10,7,9,326
26.5,10,7,10,327
26.5,10,7,11,329
26.5,10,7,12,330
26.5,10,7,13,331
26.5,10,7,14,333
26.5,10,7,15,334
26.5,10,8,0,314
26.5,10,8,1,315
26.5,10,8,2,317
26.5,10,8,3,318
26.5,10,8,4,320
26.5,10,8,5,321
26.5,10,8,6,323
26.5,10,8,7,324
26.5,10,8,8,326
26.5,10,8,9,327
26.5,10,8,10,329
26.5,10,8,11,330
26.5,10,8,12,332
26.5,10,8,13,333
26.5,10,8,14,335
26.5,10,8,15,336
26.5,10,9,0,316
26.5,10,9,1,317
26.5,10,9,2,319
26.5,10,9,3,320
26.5,10,9,4,322
26.5,10,9,5,323
26.5,10,9,6,325
26.5,10,9,7,326
26.5,10,9,8,328
26.5,10,9,9,329
26.5,10,9,10,331
26.5,10,9,11,332
26.5,10,9,12,334
26.5,10,9,13,335
26.5,10,9,14,337
26.5,10,9,15,338
26.5,10,10,0,317
26.5,10,10,1,319
26.5,10,10,2,320
26.5,10,10,3,322
26.5,10,10,4,323
26.5,10,10,5,325
26.5,10,10,6,327
26.5,10,10,7,328
26.5,10,10,8,330
26.5,10,10,9,331
26.5,10,10,10,333
26.5,10,10,11,334
26.5,10,10,12,335
26.5,10,10,13,337
26.5,10,10,14,338
26.5,10,10,15,340
26.5,10,11,0,319
26.5,10,11,1,321
26.5,10,11,2,322
26.5,10,11,3,324
26.5,10,11,4,325
26.5,10,11,5,327
26.5,10,11,6,328
26.5,10,11,7,330
26.5,10,11,8,331
26.5,10,11,9,333
26.5,10,11,10,334
26.5,10,11,11,336
26.5,10,11,12,337
26.5,10,11,13,339
26.5,10,11,14,340
26.5,10,11,15,342
26.5,10,12,0,321
26.5,10,12,1,322
26.5,10,12,2,324
26.5,10,12,3,325
26.5,10,12,4,327
26.5,10,12,5,328
26.5,10,12,6,330
26.5,10,12,7,332
26.5,10,12,8,333
26.5,10,12,9,335
26.5,10,12,10,336
26.5,10,12,11,338
26.5,10,12,12,339
26.5,10,12,13,341
26.5,10,12,14,342
26.5,10,12,15,344
26.5,10,13,0,322
26.5,10,13,1,324
26.5,10,13,2,326
26.5,10,13,3,327
26.5,10,13,4,329
26.5,10,13,5,330
26.5,10,13,6,332
26.5,10,13,7,333
26.5,10,13,8,335
26.5,10,13,9,336
26.5,10,13,10,338
26.5,10,13,11,339
26.5,10,13,12,341
26.5,10,13,13,342
26.5,10,13,14,344
26.5,10,13,15,345
26.5,10,14,0,324
26.5,10,14,1,326
26.5,10,14,2,327
26.5,10,14,3,329
26.5,10,14,4,330
26.5,10,14,5,332
26.5,10,14,6,333
26.5,10,14,7,335
26.5,10,14,8,337
26.5,10,14,9,338
26.5,10,14,10,340
26.5,10,14,11,341
26.5,10,14,12,343
26.5,10,14,13,344
26.5,10,14,14,346
26.5,10,14,15,347
26.5,10,15,0,326
26.5,10,15,1,327
26.5,10,15,2,329
26.5,10,15,3,331
26.5,10,15,4,332
26.5,10,15,5,334
26.5,10,15,6,335
26.5,10,15,7,337
26.5,10,15,8,338
26.5,10,15,9,340
26.5,10,15,10,341
26.5,10,15,11,343
26.5,10,15,12,344
26.5,10,15,13,346
26.5,10,15,14,347
26.5,10,15,15,349
26.5,11,0,0,304
26.5,11,0,1,306
26.5,11,0,2,307
26.5,11,0,3,309
26.5,11,0,4,310
26.5,11,0,5,311
26.5,11,0,6,313
26.5,11,0,7,314
26.5,11,0,8,316
26.5,11,0,9,317
26.5,11,0,10,319
26.5,11,0,11,320
26.5,11,0,12,322
26.5,11,0,13,323
26.5,11,0,14,324
26.5,11,0,15,326
26.5,11,1,0,306
26.5,11,1,1,307
26.5,11,1,2,309
26.5,11,1,3,310
26.5,11,1,4,312
26.5,11,1,5,313
26.5,11,1,6,315
26.5,11,1,7,316
26.5,11,1,8,318
26.5,11,1,9,319
26.5,11,1,10,321
26.5,11,1,11,322
26.5,11,1,12,323
26.5,11,1,13,325
26.5,11,1,14,326
26.5,11,1,15,328
26.5,11,2,0,308
26.5,11,2,1,309
26.5,11,2,2,311
26.5,11,2,3,312
26.5,11,2,4,314
26.5,11,2,5,315
26.5,11,2,6,317
26.5,11,2,7,318
26.5,11,2,8,320
26.5,11,2,9,321
26.5,11,2,10,322
26.5,11,2,11,324
26.5,11,2,12,325
26.5,11,2,13,327
26.5,11,2,14,328
26.5,11,2,15,330
26.5,11,3,0,310
26.5,11,3,1,311
26.5,11,3,2,313
26.5,11,3,3,314
26.5,11,3,4,316
26.5,11,3,5,317
26.5,11,3,6,319
26.5,11,3,7,320
26.5,11,3,8,321
26.5,11,3,9,323
26.5,11,3,10,324
26.5,11,3,11,326
26.5,11,3,12,327
26.5,11,3,13,329
26.5,11,3,14,330
26.5,11,3,15,332
26.5,11,4,0,311
26.5,11,4,1,313
26.5,11,4,2,314
26.5,11,4,3,316
26.5,11,4,4,317
26.5,11,4,5,319
26.5,11,4,6,320
26.5,11,4,7,322
26.5,11,4,8,323
26.5,11,4,9,325
26.5,11,4,10,326
26.5,11,4,11,328
26.5,11,4,12,329
26.5,11,4,13,331
26.5,11,4,14,332
26.5,11,4,15,333
26.5,11,5,0,313
26.5,11,5,1,315
26.5,11,5,2,316
26.5,11,5,3,318
26.5,11,5,4,319
26.5,11,5,5,321
26.5,11,5,6,322
26.5,11,5,7,324
26.5,11,5,8,325
26.5,11,5,9,327
26.5,11,5,10,328
26.5,11,5,11,330
26.5,11,5,12,331
26.5,11,5,13,333
26.5,11,5,14,334
26.5,11,5,15,335
26.5,11,6,0,315
26.5,11,6,1,316
26.5,11,6,2,318
26.5,11,6,3,320
26.5,11,6,4,321
26.5,11,6,5,323
26.5,11,6,6,324
26.5,11,6,7,326
26.5,11,6,8,327
26.5,11,6,9,329
26.5,11,6,10,330
26.5,11,6,11,331
26.5,11,6,12,333
26.5,11,6,13,334
26.5,11,6,14,336
26.5,11,6,15,337
26.5,11,7,0,317
26.5,11,7,1,318
26.5,11,7,2,320
26.5,11,7,3,321
26.5,11,7,4,323
26.5,11,7,5,324
26.5,11,7,6,326
26.5,11,7,7,327
26.5,11,7,8,329
26.5,11,7,9,330
26.5,11,7,10,332
26.5,11,7,11,333
26.5,11,7,12,335
26.5,11,7,13,336
26.5,11,7,14,338
26.5,11,7,15,339
26.5,11,8,0,318
26.5,11,8,1,320
26.5,11,8,2,322
26.5,11,8,3,323
26.5,11,8,4,325
26.5,11,8,5,326
26.5,11,8,6,328
26.5,11,8,7,329
26.5,11,8,8,331
26.5,11,8,9,332
26.5,11,8,10,334
26.5,11,8,11,335
26.5,11,8,12,337
26.5,11,8,13,338
26.5,11,8,14,340
26.5,11,8,15,341
26.5,11,9,0,320
26.5,11,9,1,322
26.5,11,9,2,323
26.5,11,9,3,325
26.5,11,9,4,326
26.5,11,9,5,328
26.5,11,9,6,329
26.5,11,9,7,331
26.5,11,9,8,333
26.5,11,9,9,334
26.5,11,9,10,336
26.5,11,9,11,337
26.5,11,9,12,339
26.5,11,9,13,340
26.5,11,9,14,341
26.5,11,9,15,343
26.5,11,10,0,322
26.5,11,10,1,323
26.5,11,10,2,325
26.5,11,10,3,327
26.5,11,10,4,328
26.5,11,10,5,330
26.5,11,10,6,331
26.5,11,10,7,333
26.5,11,10,8,334
26.5,11,10,9,336
26.5,11,10,10,337
26.5,11,10,11,339
26.5,11,10,12,340
26.5,11,10,13,342
26.5,11,10,14,343
26.5,11,10,15,345
26.5,11,11,0,324
26.5,11,11,1,325
26.5,11,11,2,327
26.5,11,11,3,328
26.5,11,11,4,330
26.5,11,11,5,331
26.5,11,11,6,333
26.5,11,11,7,335
26.5,11,11,8,336
26.5,11,11,9,338
26.5,11,11,10,339
26.5,11,11,11,341
26.5,11,11,12,342
26.5,11,11,13,344
26.5,11,11,14,345
26.5,11,11,15,347
26.5,11,12,0,325
26.5,11,12,1,327
26.5,11,12,2,329
26.5,11,12,3,330
26.5,11,12,4,332
26.5,11,12,5,333
26.5,11,12,6,335
26.5,11,12,7,336
26.5,11,12,8,338
26.5,11,12,9,339
26.5,11,12,10,341
26.5,11,12,11,342
26.5,11,12,12,344
26.5,11,12,13,346
26.5,11,12,14,347
26.5,11,12,15,349
26.5,11,13,0,327
26.5,11,13,1,329
26.5,11,13,2,330
26.5,11,13,3,332
26.5,11,13,4,333
26.5,11,13,5,335
26.5,11,13,6,337
26.5,11,13,7,338
26.5,11,13,8,340
26.5,11,13,9,341
26.5,11,13,10,343
26.5,11,13,11,344
26.5,11,13,12,346
26.5,11,13,13,347
26.5,11,13,14,349
26.5,11,13,15,350
26.5,11,14,0,329
26.5,11,14,1,330
26.5,11,14,2,332
26.5,11,14,3,334
26.5,11,14,4,335
26.5,11,14,5,337
26.5,11,14,6,338
26.5,11,14,7,340
26.5,11,14,8,341
26.5,11,14,9,343
26.5,11,14,10,345
26.5,11,14,11,346
26.5,11,14,12,348
26.5,11,14,13,349
26.5,11,14,14,351
26.5,11,14,15,352
26.5,11,15,0,330
26.5,11,15,1,332
26.5,11,15,2,334
26.5,11,15,3,335
26.5,11,15,4,337
26.5,11,15,5,338
26.5,11,15,6,340
26.5,11,15,7,342
26.5,11,15,8,343
26.5,11,15,9,345
26.5,11,15,10,346
26.5,11,15,11,348
26.5,11,15,12,349
26.5,11,15,13,351
26.5,11,15,14,352
26.5,11,15,15,354
26.5,12,0,0,308
26.5,12,0,1,310
26.5,12,0,2,311
26.5,12,0,3,313
26.5,12,0,4,314
26.5,12,0,5,316
26.5,12,0,6,317
26.5,12,0,7,319
26.5,12,0,8,320
26.5,12,0,9,322
26.5,12,0,10,323
26.5,12,0,11,325
26.5,12,0,12,326
26.5,12,0,13,328
26.5,12,0,14,329
26.5,12,0,15,330
26.5,12,1,0,310
26.5,12,1,1,312
26.5,12,1,2,313
26.5,12,1,3,315
26.5,12,1,4,316
26.5,12,1,5,318
26.5,12,1,6,319
26.5,12,1,7,321
26.5,12,1,8,322
26.5,12,1,9,324
26.5,12,1,10,325
26.5,12,1,11,327
26.5,12,1,12,328
26.5,12,1,13,330
26.5,12,1,14,331
26.5,12,1,15,332
26.5,12,2,0,312
26.5,12,2,1,314
26.5,12,2,2,315
26.5,12,2,3,317
26.5,12,2,4,318
26.5,12,2,5,320
26.5,12,2,6,321
26.5,12,2,7,323
26.5,12,2,8,324
26.5,12,2,9,326
26.5,12,2,10,327
26.5,12,2,11,329
26.5,12,2,12,330
26.5,12,2,13,331
26.5,12,2,14,333
26.5,12,2,15,334
26.5,12,3,0,314
26.5,12,3,1,316
26.5,12,3,2,317
26.5,12,3,3,319
26.5,12,3,4,320
26.5,12,3,5,322
26.5,12,3,6,323
26.5,12,3,7,325
26.5,12,3,8,326
26.5,12,3,9,328
26.5,12,3,10,329
26.5,12,3,11,330
26.5,12,3,12,332
26.5,12,3,13,333
26.5,12,3,14,335
26.5,12,3,15,336
26.5,12,4,0,316
26.5,12,4,1,317
26.5,12,4,2,319
26.5,12,4,3,320
26.5,12,4,4,322
26.5,12,4,5,323
26.5,12,4,6,325
26.5,12,4,7,326
26.5,12,4,8,328
26.5,12,4,9,329
26.5,12,4,10,331
26.5,12,4,11,332
26.5,12,4,12,334
26.5,12,4,13,335
26.5,12,4,14,337
26.5,12,4,15,338
26.5,12,5,0,318
26.5,12,5,1,319
26.5,12,5,2,321
26.5,12,5,3,322
26.5,12,5,4,324
26.5,12,5,5,325
26.5,12,5,6,327
26.5,12,5,7,328
26.5,12,5,8,330
26.5,12,5,9,331
26.5,12,5,10,333
26.5,12,5,11,334
26.5,12,5,12,336
26.5,12,5,13,337
26.5,12,5,14,339
26.5,12,5,15,340
26.5,12,6,0,319
26.5,12,6,1,321
26.5,12,6,2,323
26.5,12,6,3,324
26.5,12,6,4,326
26.5,12,6,5,327
26.5,12,6,6,329
26.5,12,6,7,330
26.5,12,6,8,332
26.5,12,6,9,333
26.5,12,6,10,335
26.5,12,6,11,336
26.5,12,6,12,338
26.5,12,6,13,339
26.5,12,6,14,341
26.5,12,6,15,342
26.5,12,7,0,321
26.5,12,7,1,323
26.5,12,7,2,324
26.5,12,7,3,326
26.5,12,7,4,327
26.5,12,7,5,329
26.5,12,7,6,331
26.5,12,7,7,332
26.5,12,7,8,334
26.5,12,7,9,335
26.5,12,7,10,337
26.5,12,7,11,338
26.5,12,7,12,340
26.5,12,7,13,341
26.5,12,7,14,343
26.5,12,7,15,344
26.5,12,8,0,323
26.5,12,8,1,325
26.5,12,8,2,326
26.5,12,8,3,328
26.5,12,8,4,329
26.5,12,8,5,331
26.5,12,8,6,332
26.5,12,8,7,334
26.5,12,8,8,335
26.5,12,8,9,337
26.5,12,8,10,338
26.5,12,8,11,340
26.5,12,8,12,341
26.5,12,8,13,343
26.5,12,8,14,344
26.5,12,8,15,346
26.5,12,9,0,325
26.5,12,9,1,326
26.5,12,9,2,328
26.5,12,9,3,330
26.5,12,9,4,331
26.5,12,9,5,333
26.5,12,9,6,334
26.5,12,9,7,336
26.5,12,9,8,337
26.5,12,9,9,339
26.5,12,9,10,340
26.5,12,9,11,342
26.5,12,9,12,343
26.5,12,9,13,345
26.5,12,9,14,346
26.5,12,9,15,348
26.5,12,10,0,327
26.5,12,10,1,328
26.5,12,10,2,330
26.5,12,10,3,331
26.5,12,10,4,333
26.5,12,10,5,334
26.5,12,10,6,336
26.5,12,10,7,338
26.5,12,10,8,339
26.5,12,10,9,341
26.5,12,10,10,342
26.5,12,10,11,344
26.5,12,10,12,345
26.5,12,10,13,347
26.5,12,10,14,348
26.5,12,10,15,350
26.5,12,11,0,328
26.5,12,11,1,330
26.5,12,11,2,331
26.5,12,11,3,333
26.5,12,11,4,335
26.5,12,11,5,336
26.5,12,11,6,338
26.5,12,11,7,339
26.5,12,11,8,341
26.5,12,11,9,342
26.5,12,11,10,344
26.5,12,11,11,346
26.5,12,11,12,347
26.5,12,11,13,349
26.5,12,11,14,350
26.5,12,11,15,352
26.5,12,12,0,330
26.5,12,12,1,332
26.5,12,12,2,333
26.5,12,12,3,335
26.5,12,12,4,336
26.5,12,12,5,338
26.5,12,12,6,340
26.5,12,12,7,341
26.5,12,12,8,343
26.5,12,12,9,344
26.5,12,12,10,346
26.5,12,12,11,347
26.5,12,12,12,349
26.5,12,12,13,350
26.5,12,12,14,352
26.5,12,12,15,353
26.5,12,13,0,332
26.5,12,13,1,333
26.5,12,13,2,335
26.5,12,13,3,337
26.5,12,13,4,338
26.5,12,13,5,340
26.5,12,13,6,341
26.5,12,13,7,343
26.5,12,13,8,345
26.5,12,13,9,346
26.5,12,13,10,348
26.5,12,13,11,349
26.5,12,13,12,351
26.5,12,13,13,352
26.5,12,13,14,354
26.5,12,13,15,355
26.5,12,14,0,333
26.5,12,14,1,335
26.5,12,14,2,337
26.5,12,14,3,338
26.5,12,14,4,340
26.5,12,14,5,342
26.5,12,14,6,343
26.5,12,14,7,345
26.5,12,14,8,346
26.5,12,14,9,348
26.5,12,14,10,349
26.5,12,14,11,351
26.5,12,14,12,353
26.5,12,14,13,354
26.5,12,14,14,356
26.5,12,14,15,357
26.5,12,15,0,335
26.5,12,15,1,337
26.5,12,15,2,338
26.5,12,15,3,340
26.5,12,15,4,342
26.5,12,15,5,343
26.5,12,15,6,345
26.5,12,15,7,347
26.5,12,15,8,348
26.5,12,15,9,350
26.5,12,15,10,351
26.5,12,15,11,353
26.5,12,15,12,354
26.5,12,15,13,356
26.5,12,15,14,357
26.5,12,15,15,359
26.5,13,0,0,313
26.5,13,0,1,314
26.5,13,0,2,316
26.5,13,0,3,317
26.5,13,0,4,319
26.5,13,0,5,320
26.5,13,0,6,322
26.5,13,0,7,323
26.5,13,0,8,325
26.5,13,0,9,326
26.5,13,0,10,328
26.5,13,0,11,329
26.5,13,0,12,331
26.5,13,0,13,332
26.5,13,0,14,334
26.5,13,0,15,335
26.5,13,1,0,315
26.5,13,1,1,316
26.5,13,1,2,318
26.5,13,1,3,319
26.5,13,1,4,321
26.5,13,1,5,322
26.5,13,1,6,324
26.5,13,1,7,325
26.5,13,1,8,327
26.5,13,1,9,328
26.5,13,1,10,330
26.5,13,1,11,331
26.5,13,1,12,333
26.5,13,1,13,334
26.5,13,1,14,336
26.5,13,1,15,337
26.5,13,2,0,317
26.5,13,2,1,318
26.5,13,2,2,320
26.5,13,2,3,321
26.5,13,2,4,323
26.5,13,2,5,324
26.5,13,2,6,326
26.5,13,2,7,327
26.5,13,2,8,329
26.5,13,2,9,330
26.5,13,2,10,332
26.5,13,2,11,333
26.5,13,2,12,335
26.5,13,2,13,336
26.5,13,2,14,338
26.5,13,2,15,339
26.5,13,3,0,318
26.5,13,3,1,320
26.5,13,3,2,322
26.5,13,3,3,323
26.5,13,3,4,325
26.5,13,3,5,326
26.5,13,3,6,328
26.5,13,3,7,329
26.5,13,3,8,331
26.5,13,3,9,332
26.5,13,3,10,334
26.5,13,3,11,335
26.5,13,3,12,337
26.5,13,3,13,338
26.5,13,3,14,340
26.5,13,3,15,341
26.5,13,4,0,320
26.5,13,4,1,322
26.5,13,4,2,323
26.5,13,4,3,325
26.5,13,4,4,326
26.5,13,4,5,328
26.5,13,4,6,330
26.5,13,4,7,331
26.5,13,4,8,333
26.5,13,4,9,334
26.5,13,4,10,336
26.5,13,4,11,337
26.5,13,4,12,339
26.5,13,4,13,340
26.5,13,4,14,342
26.5,13,4,15,343
26.5,13,5,0,322
26.5,13,5,1,324
26.5,13,5,2,325
26.5,13,5,3,327
26.5,13,5,4,328
26.5,13,5,5,330
26.5,13,5,6,331
26.5,13,5,7,333
26.5,13,5,8,335
26.5,13,5,9,336
26.5,13,5,10,338
26.5,13,5,11,339
26.5,13,5,12,341
26.5,13,5,13,342
26.5,13,5,14,344
26.5,13,5,15,345
26.5,13,6,0,324
26.5,13,6,1,326
26.5,13,6,2,327
26.5,13,6,3,329
26.5,13,6,4,330
26.5,13,6,5,332
26.5,13,6,6,333
26.5,13,6,7,335
26.5,13,6,8,336
26.5,13,6,9,338
26.5,13,6,10,339
26.5,13,6,11,341
26.5,13,6,12,342
26.5,13,6,13,344
26.5,13,6,14,345
26.5,13,6,15,347
26.5,13,7,0,326
26.5,13,7,1,327
26.5,13,7,2,329
26.5,13,7,3,330
26.5,13,7,4,332
26.5,13,7,5,334
26.5,13,7,6,335
26.5,13,7,7,337
26.5,13,7,8,338
26.5,13,7,9,340
26.5,13,7,10,341
26.5,13,7,11,343
26.5,13,7,12,344
26.5,13,7,13,346
26.5,13,7,14,347
26.5,13,7,15,349
26.5,13,8,0,328
26.5,13,8,1,329
26.5,13,8,2,331
26.5,13,8,3,332
26.5,13,8,4,334
26.5,13,8,5,335
26.5,13,8,6,337
26.5,13,8,7,339
26.5,13,8,8,340
26.5,13,8,9,342
26.5,13,8,10,343
26.5,13,8,11,345
26.5,13,8,12,346
26.5,13,8,13,348
26.5,13,8,14,349
26.5,13,8,15,351
26.5,13,9,0,329
26.5,13,9,1,331
26.5,13,9,2,333
26.5,13,9,3,334
26.5,13,9,4,336
26.5,13,9,5,337
26.5,13,9,6,339
26.5,13,9,7,340
26.5,13,9,8,342
26.5,13,9,9,344
26.5,13,9,10,345
26.5,13,9,11,347
26.5,13,9,12,348
26.5,13,9,13,350
26.5,13,9,14,351
26.5,13,9,15,353
26.5,13,10,0,331
26.5,13,10,1,333
26.5,13,10,2,334
26.5,13,10,3,336
26.5,13,10,4,338
26.5,13,10,5,339
26.5,13,10,6,341
26.5,13,10,7,342
26.5,13,10,8,344
26.5,13,10,9,345
26.5,13,10,10,347
26.5,13,10,11,349
26.5,13,10,12,350
26.5,13,10,13,352
26.5,13,10,14,353
26.5,13,10,15,355
26.5,13,11,0,333
26.5,13,11,1,335
26.5,13,11,2,336
26.5,13,11,3,338
26.5,13,11,4,339
26.5,13,11,5,341
26.5,13,11,6,343
26.5,13,11,7,344
26.5,13,11,8,346
26.5,13,11,9,347
26.5,13,11,10,349
26.5,13,11,11,350
26.5,13,11,12,352
26.5,13,11,13,354
26.5,13,11,14,355
26.5,13,11,15,357
26.5,13,12,0,335
26.5,13,12,1,336
26.5,13,12,2,338
26.5,13,12,3,340
26.5,13,12,4,341
26.5,13,12,5,343
26.5,13,12,6,344
26.5,13,12,7,346
26.5,13,12,8,348
26.5,13,12,9,349
26.5,13,12,10,351
26.5,13,12,11,352
26.5,13,12,12,354
26.5,13,12,13,355
26.5,13,12,14,357
26.5,13,12,15,358
26.5,13,13,0,336
26.5,13,13,1,338
26.5,13,13,2,340
26.5,13,13,3,341
26.5,13,13,4,343
26.5,13,13,5,345
26.5,13,13,6,346
26.5,13,13,7,348
26.5,13,13,8,349
26.5,13,13,9,351
26.5,13,13,10,353
26.5,13,13,11,354
26.5,13,13,12,356
26.5,13,13,13,357
26.5,13,13,14,359
26.5,13,13,15,360
26.5,13,14,0,338
26.5,13,14,1,340
26.5,13,14,2,341
26.5,13,14,3,343
26.5,13,14,4,345
26.5,13,14,5,346
26.5,13,14,6,348
26.5,13,14,7,350
26.5,13,14,8,351
26.5,13,14,9,353
26.5,13,14,10,354
26.5,13,14,11,356
26.5,13,14,12,358
26.5,13,14,13,359
26.5,13,14,14,361
26.5,13,14,15,362
26.5,13,15,0,340
26.5,13,15,1,342
26.5,13,15,2,343
26.5,13,15,3,345
26.5,13,15,4,347
26.5,13,15,5,348
26.5,13,15,6,350
26.5,13,15,7,351
26.5,13,15,8,353
26.5,13,15,9,355
26.5,13,15,10,356
26.5,13,15,11,358
26.5,13,15,12,359
26.5,13,15,13,361
26.5,13,15,14,363
26.5,13,15,15,364
26.5,14,0,0,317
26.5,14,0,1,319
26.5,14,0,2,320
26.5,14,0,3,322
26.5,14,0,4,323
26.5,14,0,5,325
26.5,14,0,6,326
26.5,14,0,7,328
26.5,14,0,8,329
26.5,14,0,9,331
26.5,14,0,10,332
26.5,14,0,11,334
26.5,14,0,12,335
26.5,14,0,13,337
26.5,14,0,14,338
26.5,14,0,15,340
26.5,14,1,0,319
26.5,14,1,1,321
26.5,14,1,2,322
26.5,14,1,3,324
26.5,14,1,4,325
26.5,14,1,5,327
26.5,14,1,6,328
26.5,14,1,7,330
26.5,14,1,8,331
26.5,14,1,9,333
26.5,14,1,10,334
26.5,14,1,11,336
26.5,14,1,12,337
26.5,14,1,13,339
26.5,14,1,14,340
26.5,14,1,15,342
26.5,14,2,0,321
26.5,14,2,1,323
26.5,14,2,2,324
26.5,14,2,3,326
26.5,14,2,4,327
26.5,14,2,5,329
26.5,14,2,6,330
26.5,14,2,7,332
26.5,14,2,8,333
26.5,14,2,9,335
26.5,14,2,10,336
26.5,14,2,11,338
26.5,14,2,12,339
26.5,14,2,13,341
26.5,14,2,14,342
26.5,14,2,15,344
26.5,14,3,0,323
26.5,14,3,1,324
26.5,14,3,2,326
26.5,14,3,3,328
26.5,14,3,4,329
26.5,14,3,5,331
26.5,14,3,6,332
26.5,14,3,7,334
26.5,14,3,8,335
26.5,14,3,9,337
26.5,14,3,10,338
26.5,14,3,11,340
26.5,14,3,12,341
26.5,14,3,13,343
26.5,14,3,14,344
26.5,14,3,15,346
26.5,14,4,0,325
26.5,14,4,1,326
26.5,14,4,2,328
26.5,14,4,3,329
26.5,14,4,4,331
26.5,14,4,5,333
26.5,14,4,6,334
26.5,14,4,7,336
26.5,14,4,8,337
26.5,14,4,9,339
26.5,14,4,10,340
26.5,14,4,11,342
26.5,14,4,12,343
26.5,14,4,13,345
26.5,14,4,14,346
26.5,14,4,15,348
26.5,14,5,0,327
26.5,14,5,1,328
26.5,14,5,2,330
26.5,14,5,3,331
26.5,14,5,4,333
26.5,14,5,5,334
26.5,14,5,6,336
26.5,14,5,7,338
26.5,14,5,8,339
26.5,14,5,9,341
26.5,14,5,10,342
26.5,14,5,11,344
26.5,14,5,12,345
26.5,14,5,13,347
26.5,14,5,14,348
26.5,14,5,15,350
26.5,14,6,0,328
26.5,14,6,1,330
26.5,14,6,2,332
26.5,14,6,3,333
26.5,14,6,4,335
26.5,14,6,5,336
26.5,14,6,6,338
26.5,14,6,7,340
26.5,14,6,8,341
26.5,14,6,9,343
26.5,14,6,10,344
26.5,14,6,11,346
26.5,14,6,12,347
26.5,14,6,13,349
26.5,14,6,14,350
26.5,14,6,15,352
26.5,14,7,0,330
26.5,14,7,1,332
26.5,14,7,2,333
26.5,14,7,3,335
26.5,14,7,4,337
26.5,14,7,5,338
26.5,14,7,6,340
26.5,14,7,7,341
26.5,14,7,8,343
26.5,14,7,9,345
26.5,14,7,10,346
26.5,14,7,11,348
26.5,14,7,12,349
26.5,14,7,13,351
26.5,14,7,14,352
26.5,14,7,15,354
26.5,14,8,0,332
26.5,14,8,1,334
26.5,14,8,2,335
26.5,14,8,3,337
26.5,14,8,4,339
26.5,14,8,5,340
26.5,14,8,6,342
26.5,14,8,7,343
26.5,14,8,8,345
26.5,14,8,9,346
26.5,14,8,10,348
26.5,14,8,11,350
26.5,14,8,12,351
26.5,14,8,13,353
26.5,14,8,14,354
26.5,14,8,15,356
26.5,14,9,0,334
26.5,14,9,1,336
26.5,14,9,2,337
26.5,14,9,3,339
26.5,14,9,4,340
26.5,14,9,5,342
26.5,14,9,6,344
26.5,14,9,7,345
26.5,14,9,8,347
26.5,14,9,9,348
26.5,14,9,10,350
26.5,14,9,11,351
26.5,14,9,12,353
26.5,14,9,13,355
26.5,14,9,14,356
26.5,14,9,15,358
26.5,14,10,0,336
26.5,14,10,1,337
26.5,14,10,2,339
26.5,14,10,3,341
26.5,14,10,4,342
26.5,14,10,5,344
26.5,14,10,6,345
26.5,14,10,7,347
26.5,14,10,8,349
26.5,14,10,9,350
26.5,14,10,10,352
26.5,14,10,11,353
26.5,14,10,12,355
26.5,14,10,13,357
26.5,14,10,14,358
26.5,14,10,15,360
26.5,14,11,0,338
26.5,14,11,1,339
26.5,14,11,2,341
26.5,14,11,3,342
26.5,14,11,4,344
26.5,14,11,5,346
26.5,14,11,6,347
26.5,14,11,7,349
26.5,14,11,8,351
26.5,14,11,9,352
26.5,14,11,10,354
26.5,14,11,11,355
26.5,14,11,12,357
26.5,14,11,13,358
26.5,14,11,14,360
26.5,14,11,15,362
26.5,14,12,0,339
26.5,14,12,1,341
26.5,14,12,2,343
26.5,14,12,3,344
26.5,14,12,4,346
26.5,14,12,5,348
26.5,14,12,6,349
26.5,14,12,7,351
26.5,14,12,8,352
26.5,14,12,9,354
26.5,14,12,10,356
26.5,14,12,11,357
26.5,14,12,12,359
26.5,14,12,13,360
26.5,14,12,14,362
26.5,14,12,15,363
26.5,14,13,0,341
26.5,14,13,1,343
26.5,14,13,2,344
26.5,14,13,3,346
26.5,14,13,4,348
26.5,14,13,5,349
26.5,14,13,6,351
26.5,14,13,7,353
26.5,14,13,8,354
26.5,14,13,9,356
26.5,14,13,10,357
26.5,14,13,11,359
26.5,14,13,12,361
26.5,14,13,13,362
26.5,14,13,14,364
26.5,14,13,15,365
26.5,14,14,0,343
26.5,14,14,1,345
26.5,14,14,2,346
26.5,14,14,3,348
26.5,14,14,4,350
26.5,14,14,5,351
26.5,14,14,6,353
26.5,14,14,7,354
26.5,14,14,8,356
26.5,14,14,9,358
26.5,14,14,10,359
26.5,14,14,11,361
26.5,14,14,12,363
26.5,14,14,13,364
26.5,14,14,14,366
26.5,14,14,15,367
26.5,14,15,0,345
26.5,14,15,1,346
26.5,14,15,2,348
26.5,14,15,3,350
26.5,14,15,4,351
26.5,14,15,5,353
26.5,14,15,6,355
26.5,14,15,7,356
26.5,14,15,8,358
26.5,14,15,9,360
26.5,14,15,10,361
26.5,14,15,11,363
26.5,14,15,12,364
26.5,14,15,13,366
26.5,14,15,14,368
26.5,14,15,15,369
26.5,15,0,0,321
26.5,15,0,1,323
26.5,15,0,2,325
26.5,15,0,3,326
26.5,15,0,4,328
26.5,15,0,5,329
26.5,15,0,6,331
26.5,15,0,7,332
26.5,15,0,8,334
26.5,15,0,9,335
26.5,15,0,10,337
26.5,15,0,11,338
26.5,15,0,12,340
26.5,15,0,13,341
26.5,15,0,14,343
26.5,15,0,15,344
26.5,15,1,0,323
26.5,15,1,1,325
26.5,15,1,2,327
26.5,15,1,3,328
26.5,15,1,4,330
26.5,15,1,5,331
26.5,15,1,6,333
26.5,15,1,7,334
26.5,15,1,8,336
26.5,15,1,9,337
26.5,15,1,10,339
26.5,15,1,11,340
26.5,15,1,12,342
26.5,15,1,13,343
26.5,15,1,14,345
26.5,15,1,15,346
26.5,15,2,0,325
26.5,15,2,1,327
26.5,15,2,2,329
26.5,15,2,3,330
26.5,15,2,4,332
26.5,15,2,5,333
26.5,15,2,6,335
26.5,15,2,7,336
26.5,15,2,8,338
26.5,15,2,9,339
26.5,15,2,10,341
26.5,15,2,11,342
26.5,15,2,12,344
26.5,15,2,13,345
26.5,15,2,14,347
26.5,15,2,15,348
26.5,15,3,0,327
26.5,15,3,1,329
26.5,15,3,2,330
26.5,15,3,3,332
26.5,15,3,4,334
26.5,15,3,5,335
26.5,15,3,6,337
26.5,15,3,7,338
26.5,15,3,8,340
26.5,15,3,9,341
26.5,15,3,10,343
26.5,15,3,11,344
26.5,15,3,12,346
26.5,15,3,13,348
26.5,15,3,14,349
26.5,15,3,15,351
26.5,15,4,0,329
26.5,15,4,1,331
26.5,15,4,2,332
26.5,15,4,3,334
26.5,15,4,4,336
26.5,15,4,5,337
26.5,15,4,6,339
26.5,15,4,7,340
26.5,15,4,8,342
26.5,15,4,9,343
26.5,15,4,10,345
26.5,15,4,11,346
26.5,15,4,12,348
26.5,15,4,13,350
26.5,15,4,14,351
26.5,15,4,15,353
26.5,15,5,0,331
26.5,15,5,1,333
26.5,15,5,2,334
26.5,15,5,3,336
26.5,15,5,4,337
26.5,15,5,5,339
26.5,15,5,6,341
26.5,15,5,7,342
26.5,15,5,8,344
26.5,15,5,9,345
26.5,15,5,10,347
26.5,15,5,11,348
26.5,15,5,12,350
26.5,15,5,13,352
26.5,15,5,14,353
26.5,15,5,15,355
26.5,15,6,0,333
26.5,15,6,1,335
26.5,15,6,2,336
26.5,15,6,3,338
26.5,15,6,4,339
26.5,15,6,5,341
26.5,15,6,6,343
26.5,15,6,7,344
26.5,15,6,8,346
26.5,15,6,9,347
26.5,15,6,10,349
26.5,15,6,11,350
26.5,15,6,12,352
26.5,15,6,13,354
26.5,15,6,14,355
26.5,15,6,15,357
26.5,15,7,0,335
26.5,15,7,1,336
26.5,15,7,2,338
26.5,15,7,3,340
26.5,15,7,4,341
26.5,15,7,5,343
26.5,15,7,6,345
26.5,15,7,7,346
26.5,15,7,8,348
26.5,15,7,9,349
26.5,15,7,10,351
26.5,15,7,11,352
26.5,15,7,12,354
26.5,15,7,13,356
26.5,15,7,14,357
26.5,15,7,15,359
26.5,15,8,0,337
26.5,15,8,1,338
26.5,15,8,2,340
26.5,15,8,3,342
26.5,15,8,4,343
26.5,15,8,5,345
26.5,15,8,6,346
26.5,15,8,7,348
26.5,15,8,8,350
26.5,15,8,9,351
26.5,15,8,10,353
26.5,15,8,11,354
26.5,15,8,12,356
26.5,15,8,13,357
26.5,15,8,14,359
26.5,15,8,15,361
26.5,15,9,0,339
26.5,15,9,1,340
26.5,15,9,2,342
26.5,15,9,3,343
26.5,15,9,4,345
26.5,15,9,5,347
26.5,15,9,6,348
26.5,15,9,7,350
26.5,15,9,8,352
26.5,15,9,9,353
26.5,15,9,10,355
26.5,15,9,11,356
26.5,15,9,12,358
26.5,15,9,13,359
26.5,15,9,14,361
26.5,15,9,15,363
26.5,15,10,0,340
26.5,15,10,1,342
26.5,15,10,2,344
26.5,15,10,3,345
26.5,15,10,4,347
26.5,15,10,5,349
26.5,15,10,6,350
26.5,15,10,7,352
26.5,15,10,8,353
26.5,15,10,9,355
26.5,15,10,10,357
26.5,15,10,11,358
26.5,15,10,12,360
26.5,15,10,13,361
26.5,15,10,14,363
26.5,15,10,15,365
26.5,15,11,0,342
26.5,15,11,1,344
26.5,15,11,2,346
26.5,15,11,3,347
26.5,15,11,4,349
26.5,15,11,5,350
26.5,15,11,6,352
26.5,15,11,7,354
26.5,15,11,8,355
26.5,15,11,9,357
26.5,15,11,10,359
26.5,15,11,11,360
26.5,15,11,12,362
26.5,15,11,13,363
26.5,15,11,14,365
26.5,15,11,15,367
26.5,15,12,0,344
26.5,15,12,1,346
26.5,15,12,2,347
26.5,15,12,3,349
26.5,15,12,4,351
26.5,15,12,5,352
26.5,15,12,6,354
26.5,15,12,7,356
26.5,15,12,8,357
26.5,15,12,9,359
26.5,15,12,10,360
26.5,15,12,11,362
26.5,15,12,12,364
26.5,15,12,13,365
26.5,15,12,14,367
26.5,15,12,15,368
26.5,15,13,0,346
26.5,15,13,1,347
26.5,15,13,2,349
26.5,15,13,3,351
26.5,15,13,4,353
26.5,15,13,5,354
26.5,15,13,6,356
26.5,15,13,7,357
26.5,15,13,8,359
26.5,15,13,9,361
26.5,15,13,10,362
26.5,15,13,11,364
26.5,15,13,12,366
26.5,15,13,13,367
26.5,15,13,14,369
26.5,15,13,15,370
26.5,15,14,0,348
26.5,15,14,1,349
26.5,15,14,2,351
26.5,15,14,3,353
26.5,15,14,4,354
26.5,15,14,5,356
26.5,15,14,6,358
26.5,15,14,7,359
26.5,15,14,8,361
26.5,15,14,9,363
26.5,15,14,10,364
26.5,15,14,11,366
26.5,15,14,12,368
26.5,15,14,13,369
26.5,15,14,14,371
26.5,15,14,15,372
26.5,15,15,0,349
26.5,15,15,1,351
26.5,15,15,2,353
26.5,15,15,3,354
26.5,15,15,4,356
26.5,15,15,5,358
26.5,15,15,6,360
26.5,15,15,7,361
26.5,15,15,8,363
26.5,15,15,9,364
26.5,15,15,10,366
26.5,15,15,11,368
26.5,15,15,12,369
26.5,15,15,13,371
26.5,15,15,14,373
26.5,15,15,15,374
27.0,0,0,0,261
27.0,0,0,1,262
27.0,0,0,2,264
27.0,0,0,3,265
27.0,0,0,4,266
27.0,0,0,5,267
27.0,0,0,6,269
27.0,0,0,7,270
27.0,0,0,8,271
27.0,0,0,9,272
27.0,0,0,10,274
27.0,0,0,11,275
27.0,0,0,12,276
27.0,0,0,13,277
27.0,0,0,14,278
27.0,0,0,15,280
27.0,0,1,0,263
27.0,0,1,1,264
27.0,0,1,2,265
27.0,0,1,3,266
27.0,0,1,4,268
27.0,0,1,5,269
27.0,0,1,6,270
27.0,0,1,7,272
27.0,0,1,8,273
27.0,0,1,9,274
27.0,0,1,10,275
27.0,0,1,11,276
27.0,0,1,12,278
27.0,0,1,13,279
27.0,0,1,14,280
27.0,0,1,15,281
27.0,0,2,0,264
27.0,0,2,1,265
27.0,0,2,2,267
27.0,0,2,3,268
27.0,0,2,4,269
27.0,0,2,5,271
27.0,0,2,6,272
27.0,0,2,7,273
27.0,0,2,8,274
27.0,0,2,9,276
27.0,0,2,10,277
27.0,0,2,11,278
27.0,0,2,12,279
27.0,0,2,13,281
27.0,0,2,14,282
27.0,0,2,15,283
27.0,0,3,0,266
27.0,0,3,1,267
27.0,0,3,2,268
27.0,0,3,3,270
27.0,0,3,4,271
27.0,0,3,5,272
27.0,0,3,6,273
27.0,0,3,7,275
27.0,0,3,8,276
27.0,0,3,9,277
27.0,0,3,10,279
27.0,0,3,11,280
27.0,0,3,12,281
27.0,0,3,13,282
27.0,0,3,14,283
27.0,0,3,15,285
27.0,0,4,0,267
27.0,0,4,1,269
27.0,0,4,2,270
27.0,0,4,3,271
27.0,0,4,4,273
27.0,0,4,5,274
27.0,0,4,6,275
27.0,0,4,7,276
27.0,0,4,8,278
27.0,0,4,9,279
27.0,0,4,10,280
27.0,0,4,11,281
27.0,0,4,12,283
27.0,0,4,13,284
27.0,0,4,14,285
27.0,0,4,15,286
27.0,0,5,0,269
27.0,0,5,1,270
27.0,0,5,2,271
27.0,0,5,3,273
27.0,0,5,4,274
27.0,0,5,5,275
27.0,0,5,6,277
27.0,0,5,7,278
27.0,0,5,8,279
27.0,0,5,9,280
27.0,0,5,10,282
27.0,0,5,11,283
27.0,0,5,12,284
27.0,0,5,13,285
27.0,0,5,14,287
27.0,0,5,15,288
27.0,0,6,0,270
27.0,0,6,1,272
27.0,0,6,2,273
27.0,0,6,3,274
27.0,0,6,4,276
27.0,0,6,5,277
27.0,0,6,6,278
27.0,0,6,7,280
27.0,0,6,8,281
27.0,0,6,9,282
27.0,0,6,10,283
27.0,0,6,11,285
27.0,0,6,12,286
27.0,0,6,13,287
27.0,0,6,14,288
27.0,0,6,15,290
27.0,0,7,0,272
27.0,0,7,1,273
27.0,0,7,2,275
27.0,0,7,3,276
27.0,0,7,4,277
27.0,0,7,5,278
27.0,0,7,6,280
27.0,0,7,7,281
27.0,0,7,8,282
27.0,0,7,9,284
27.0,0,7,10,285
27.0,0,7,11,286
27.0,0,7,12,287
27.0,0,7,13,289
27.0,0,7,14,290
27.0,0,7,15,291
27.0,0,8,0,273
27.0,0,8,1,275
27.0,0,8,2,276
27.0,0,8,3,277
27.0,0,8,4,279
27.0,0,8,5,280
27.0,0,8,6,281
27.0,0,8,7,283
27.0,0,8,8,284
27.0,0,8,9,285
27.0,0,8,10,286
27.0,0,8,11,288
27.0,0,8,12,289
27.0,0,8,13,290
27.0,0,8,14,292
27.0,0,8,15,293
27.0,0,9,0,275
27.0,0,9,1,276
27.0,0,9,2,278
27.0,0,9,3,279
27.0,0,9,4,280
27.0,0,9,5,282
27.0,0,9,6,283
27.0,0,9,7,284
27.0,0,9,8,285
27.0,0,9,9,287
27.0,0,9,10,288
27.0,0,9,11,289
27.0,0,9,12,291
27.0,0,9,13,292
27.0,0,9,14,293
27.0,0,9,15,294
27.0,0,10,0,276
27.0,0,10,1,278
27.0,0,10,2,279
27.0,0,10,3,280
27.0,0,10,4,282
27.0,0,10,5,283
27.0,0,10,6,284
27.0,0,10,7,286
27.0,0,10,8,287
27.0,0,10,9,288
27.0,0,10,10,290
27.0,0,10,11,291
27.0,0,10,12,292
27.0,0,10,13,293
27.0,0,10,14,295
27.0,0,10,15,296
27.0,0,11,0,278
27.0,0,11,1,279
27.0,0,11,2,281
27.0,0,11,3,282
27.0,0,11,4,283
27.0,0,11,5,285
27.0,0,11,6,286
27.0,0,11,7,287
27.0,0,11,8,289
27.0,0,11,9,290
27.0,0,11,10,291
27.0,0,11,11,292
27.0,0,11,12,294
27.0,0,11,13,295
27.0,0,11,14,296
27.0,0,11,15,298
27.0,0,12,0,279
27.0,0,12,1,281
27.0,0,12,2,282
27.0,0,12,3,283
27.0,0,12,4,285
27.0,0,12,5,286
27.0,0,12,6,287
27.0,0,12,7,289
27.0,0,12,8,290
27.0,0,12,9,291
27.0,0,12,10,293
27.0,0,12,11,294
27.0,0,12,12,295
27.0,0,12,13,297
27.0,0,12,14,298
27.0,0,12,15,299
27.0,0,13,0,281
27.0,0,13,1,282
27.0,0,13,2,284
27.0,0,13,3,285
27.0,0,13,4,286
27.0,0,13,5,288
27.0,0,13,6,289
27.0,0,13,7,290
27.0,0,13,8,292
27.0,0,13,9,293
27.0,0,13,10,294
27.0,0,13,11,296
27.0,0,13,12,297
27.0,0,13,13,298
27.0,0,13,14,299
27.0,0,13,15,301
27.0,0,14,0,282
27.0,0,14,1,284
27.0,0,14,2,285
27.0,0,14,3,286
27.0,0,14,4,288
27.0,0,14,5,289
27.0,0,14,6,290
27.0,0,14,7,292
27.0,0,14,8,293
27.0,0,14,9,294
27.0,0,14,10,296
27.0,0,14,11,297
27.0,0,14,12,298
27.0,0,14,13,300
27.0,0,14,14,301
27.0,0,14,15,302
27.0,0,15,0,284
27.0,0,15,1,285
27.0,0,15,2,286
27.0,0,15,3,288
27.0,0,15,4,289
27.0,0,15,5,291
27.0,0,15,6,292
27.0,0,15,7,293
27.0,0,15,8,295
27.0,0,15,9,296
27.0,0,15,10,297
27.0,0,15,11,299
27.0,0,15,12,300
27.0,0,15,13,301
27.0,0,15,14,303
27.0,0,15,15,304
27.0,1,0,0,266
27.0,1,0,1,267
27.0,1,0,2,268
27.0,1,0,3,269
27.0,1,0,4,271
27.0,1,0,5,272
27.0,1,0,6,273
27.0,1,0,7,274
27.0,1,0,8,276
27.0,1,0,9,277
27.0,1,0,10,278
27.0,1,0,11,279
27.0,1,0,12,281
27.0,1,0,13,282
27.0,1,0,14,283
27.0,1,0,15,284
27.0,1,1,0,267
27.0,1,1,1,268
27.0,1,1,2,270
27.0,1,1,3,271
27.0,1,1,4,272
27.0,1,1,5,274
27.0,1,1,6,275
27.0,1,1,7,276
27.0,1,1,8,277
27.0,1,1,9,279
27.0,1,1,10,280
27.0,1,1,11,281
27.0,1,1,12,282
27.0,1,1,13,284
27.0,1,1,14,285
27.0,1,1,15,286
27.0,1,2,0,269
27.0,1,2,1,270
27.0,1,2,2,271
27.0,1,2,3,273
27.0,1,2,4,274
27.0,1,2,5,275
27.0,1,2,6,276
27.0,1,2,7,278
27.0,1,2,8,279
27.0,1,2,9,280
27.0,1,2,10,282
27.0,1,2,11,283
27.0,1,2,12,284
27.0,1,2,13,285
27.0,1,2,14,287
27.0,1,2,15,288
27.0,1,3,0,270
27.0,1,3,1,272
27.0,1,3,2,273
27.0,1,3,3,274
27.0,1,3,4,276
27.0,1,3,5,277
27.0,1,3,6,278
27.0,1,3,7,279
27.0,1,3,8,281
27.0,1,3,9,282
27.0,1,3,10,283
27.0,1,3,11,284
27.0,1,3,12,286
27.0,1,3,13,287
27.0,1,3,14,288
27.0,1,3,15,289
27.0,1,4,0,272
27.0,1,4,1,273
27.0,1,4,2,274
27.0,1,4,3,276
27.0,1,4,4,277
27.0,1,4,5,278
27.0,1,4,6,280
27.0,1,4,7,281
27.0,1,4,8,282
27.0,1,4,9,284
27.0,1,4,10,285
27.0,1,4,11,286
27.0,1,4,12,287
27.0,1,4,13,289
27.0,1,4,14,290
27.0,1,4,15,291
27.0,1,5,0,273
27.0,1,5,1,275
27.0,1,5,2,276
27.0,1,5,3,277
27.0,1,5,4,279
27.0,1,5,5,280
27.0,1,5,6,281
27.0,1,5,7,283
27.0,1,5,8,284
27.0,1,5,9,285
27.0,1,5,10,287
27.0,1,5,11,288
27.0,1,5,12,289
27.0,1,5,13,290
27.0,1,5,14,292
27.0,1,5,15,293
27.0,1,6,0,275
27.0,1,6,1,276
27.0,1,6,2,278
27.0,1,6,3,279
27.0,1,6,4,280
27.0,1,6,5,282
27.0,1,6,6,283
27.0,1,6,7,284
27.0,1,6,8,286
27.0,1,6,9,287
27.0,1,6,10,288
27.0,1,6,11,289
27.0,1,6,12,291
27.0,1,6,13,292
27.0,1,6,14,293
27.0,1,6,15,295
27.0,1,7,0,276
27.0,1,7,1,278
27.0,1,7,2,279
27.0,1,7,3,281
27.0,1,7,4,282
27.0,1,7,5,283
27.0,1,7,6,285
27.0,1,7,7,286
27.0,1,7,8,287
27.0,1,7,9,288
27.0,1,7,10,290
27.0,1,7,11,291
27.0,1,7,12,292
27.0,1,7,13,294
27.0,1,7,14,295
27.0,1,7,15,296
27.0,1,8,0,278
27.0,1,8,1,279
27.0,1,8,2,281
27.0,1,8,3,282
27.0,1,8,4,283
27.0,1,8,5,285
27.0,1,8,6,286
27.0,1,8,7,287
27.0,1,8,8,289
27.0,1,8,9,290
27.0,1,8,10,291
27.0,1,8,11,293
27.0,1,8,12,294
27.0,1,8,13,295
27.0,1,8,14,297
27.0,1,8,15,298
27.0,1,9,0,280
27.0,1,9,1,281
27.0,1,9,2,282
27.0,1,9,3,284
27.0,1,9,4,285
27.0,1,9,5,286
27.0,1,9,6,288
27.0,1,9,7,289
27.0,1,9,8,290
27.0,1,9,9,292
27.0,1,9,10,293
27.0,1,9,11,294
27.0,1,9,12,296
27.0,1,9,13,297
27.0,1,9,14,298
27.0,1,9,15,299
27.0,1,10,0,281
27.0,1,10,1,282
27.0,1,10,2,284
27.0,1,10,3,285
27.0,1,10,4,287
27.0,1,10,5,288
27.0,1,10,6,289
27.0,1,10,7,291
27.0,1,10,8,292
27.0,1,10,9,293
27.0,1,10,10,295
27.0,1,10,11,296
27.0,1,10,12,297
27.0,1,10,13,298
27.0,1,10,14,300
27.0,1,10,15,301
27.0,1,11,0,283
27.0,1,11,1,284
27.0,1,11,2,285
27.0,1,11,3,287
27.0,1,11,4,288
27.0,1,11,5,289
27.0,1,11,6,291
27.0,1,11,7,292
27.0,1,11,8,293
27.0,1,11,9,295
27.0,1,11,10,296
27.0,1,11,11,297
27.0,1,11,12,299
27.0,1,11,13,300
27.0,1,11,14,301
27.0,1,11,15,303
27.0,1,12,0,284
27.0,1,12,1,285
27.0,1,12,2,287
27.0,1,12,3,288
27.0,1,12,4,290
27.0,1,12,5,291
27.0,1,12,6,292
27.0,1,12,7,294
27.0,1,12,8,295
27.0,1,12,9,296
27.0,1,12,10,298
27.0,1,12,11,299
27.0,1,12,12,300
27.0,1,12,13,302
27.0,1,12,14,303
27.0,1,12,15,304
27.0,1,13,0,286
27.0,1,13,1,287
27.0,1,13,2,288
27.0,1,13,3,290
27.0,1,13,4,291
27.0,1,13,5,293
27.0,1,13,6,294
27.0,1,13,7,295
27.0,1,13,8,297
27.0,1,13,9,298
27.0,1,13,10,299
27.0,1,13,11,301
27.0,1,13,12,302
27.0,1,13,13,303
27.0,1,13,14,305
27.0,1,13,15,306
27.0,1,14,0,287
27.0,1,14,1,288
27.0,1,14,2,290
27.0,1,14,3,291
27.0,1,14,4,293
27.0,1,14,5,294
27.0,1,14,6,295
27.0,1,14,7,297
27.0,1,14,8,298
27.0,1,14,9,299
27.0,1,14,10,301
27.0,1,14,11,302
27.0,1,14,12,304
27.0,1,14,13,305
27.0,1,14,14,306
27.0,1,14,15,307
27.0,1,15,0,289
27.0,1,15,1,290
27.0,1,15,2,291
27.0,1,15,3,293
27.0,1,15,4,294
27.0,1,15,5,296
27.0,1,15,6,297
27.0,1,15,7,298
27.0,1,15,8,300
27.0,1,15,9,301
27.0,1,15,10,302
27.0,1,15,11,304
27.0,1,15,12,305
27.0,1,15,13,306
27.0,1,15,14,308
27.0,1,15,15,309
27.0,2,0,0,270
27.0,2,0,1,271
27.0,2,0,2,273
27.0,2,0,3,274
27.0,2,0,4,275
27.0,2,0,5,276
27.0,2,0,6,278
27.0,2,0,7,279
27.0,2,0,8,280
27.0,2,0,9,282
27.0,2,0,10,283
27.0,2,0,11,284
27.0,2,0,12,285
27.0,2,0,13,287
27.0,2,0,14,288
27.0,2,0,15,289
27.0,2,1,0,272
27.0,2,1,1,273
27.0,2,1,2,274
27.0,2,1,3,276
27.0,2,1,4,277
27.0,2,1,5,278
27.0,2,1,6,279
27.0,2,1,7,281
27.0,2,1,8,282
27.0,2,1,9,283
27.0,2,1,10,285
27.0,2,1,11,286
27.0,2,1,12,287
27.0,2,1,13,288
27.0,2,1,14,290
27.0,2,1,15,291
27.0,2,2,0,273
27.0,2,2,1,275
27.0,2,2,2,276
27.0,2,2,3,277
27.0,2,2,4,278
27.0,2,2,5,280
27.0,2,2,6,281
27.0,2,2,7,282
27.0,2,2,8,284
27.0,2,2,9,285
27.0,2,2,10,286
27.0,2,2,11,288
27.0,2,2,12,289
27.0,2,2,13,290
27.0,2,2,14,291
27.0,2,2,15,293
27.0,2,3,0,275
27.0,2,3,1,276
27.0,2,3,2,277
27.0,2,3,3,279
27.0,2,3,4,280
27.0,2,3,5,281
27.0,2,3,6,283
27.0,2,3,7,284
27.0,2,3,8,285
27.0,2,3,9,287
27.0,2,3,10,288
27.0,2,3,11,289
27.0,2,3,12,291
27.0,2,3,13,292
27.0,2,3,14,293
27.0,2,3,15,294
27.0,2,4,0,276
27.0,2,4,1,278
27.0,2,4,2,279
27.0,2,4,3,280
27.0,2,4,4,282
27.0,2,4,5,283
27.0,2,4,6,284
27.0,2,4,7,286
27.0,2,4,8,287
27.0,2,4,9,288
27.0,2,4,10,290
27.0,2,4,11,291
27.0,2,4,12,292
27.0,2,4,13,293
27.0,2,4,14,295
27.0,2,4,15,296
27.0,2,5,0,278
27.0,2,5,1,279
27.0,2,5,2,281
27.0,2,5,3,282
27.0,2,5,4,283
27.0,2,5,5,285
27.0,2,5,6,286
27.0,2,5,7,287
27.0,2,5,8,289
27.0,2,5,9,290
27.0,2,5,10,291
27.0,2,5,11,293
27.0,2,5,12,294
27.0,2,5,13,295
27.0,2,5,14,296
27.0,2,5,15,298
27.0,2,6,0,280
27.0,2,6,1,281
27.0,2,6,2,282
27.0,2,6,3,284
27.0,2,6,4,285
27.0,2,6,5,286
27.0,2,6,6,288
27.0,2,6,7,289
27.0,2,6,8,290
27.0,2,6,9,292
27.0,2,6,10,293
27.0,2,6,11,294
27.0,2,6,12,296
27.0,2,6,13,297
27.0,2,6,14,298
27.0,2,6,15,299
27.0,2,7,0,281
27.0,2,7,1,282
27.0,2,7,2,284
27.0,2,7,3,285
27.0,2,7,4,287
27.0,2,7,5,288
27.0,2,7,6,289
27.0,2,7,7,291
27.0,2,7,8,292
27.0,2,7,9,293
27.0,2,7,10,295
27.0,2,7,11,296
27.0,2,7,12,297
27.0,2,7,13,299
27.0,2,7,14,300
27.0,2,7,15,301
27.0,2,8,0,283
27.0,2,8,1,284
27.0,2,8,2,285
27.0,2,8,3,287
27.0,2,8,4,288
27.0,2,8,5,290
27.0,2,8,6,291
27.0,2,8,7,292
27.0,2,8,8,294
27.0,2,8,9,295
27.0,2,8,10,296
27.0,2,8,11,298
27.0,2,8,12,299
27.0,2,8,13,300
27.0,2,8,14,301
27.0,2,8,15,303
27.0,2,9,0,284
27.0,2,9,1,286
27.0,2,9,2,287
27.0,2,9,3,288
27.0,2,9,4,290
27.0,2,9,5,291
27.0,2,9,6,292
27.0,2,9,7,294
27.0,2,9,8,295
27.0,2,9,9,297
27.0,2,9,10,298
27.0,2,9,11,299
27.0,2,9,12,301
27.0,2,9,13,302
27.0,2,9,14,303
27.0,2,9,15,304
27.0,2,10,0,286
27.0,2,10,1,287
27.0,2,10,2,289
27.0,2,10,3,290
27.0,2,10,4,291
27.0,2,10,5,293
27.0,2,10,6,294
27.0,2,10,7,295
27.0,2,10,8,297
27.0,2,10,9,298
27.0,2,10,10,299
27.0,2,10,11,301
27.0,2,10,12,302
27.0,2,10,13,303
27.0,2,10,14,305
27.0,2,10,15,306
27.0,2,11,0,287
27.0,2,11,1,289
27.0,2,11,2,290
27.0,2,11,3,292
27.0,2,11,4,293
27.0,2,11,5,294
27.0,2,11,6,296
27.0,2,11,7,297
27.0,2,11,8,298
27.0,2,11,9,300
27.0,2,11,10,301
27.0,2,11,11,302
27.0,2,11,12,304
27.0,2,11,13,305
27.0,2,11,14,306
27.0,2,11,15,308
27.0,2,12,0,289
27.0,2,12,1,290
27.0,2,12,2,292
27.0,2,12,3,293
27.0,2,12,4,294
27.0,2,12,5,296
27.0,2,12,6,297
27.0,2,12,7,299
27.0,2,12,8,300
27.0,2,12,9,301
27.0,2,12,10,303
27.0,2,12,11,304
27.0,2,12,12,305
27.0,2,12,13,307
27.0,2,12,14,308
27.0,2,12,15,309
27.0,2,13,0,290
27.0,2,13,1,292
27.0,2,13,2,293
27.0,2,13,3,295
27.0,2,13,4,296
27.0,2,13,5,297
27.0,2,13,6,299
27.0,2,13,7,300
27.0,2,13,8,302
27.0,2,13,9,303
27.0,2,13,10,304
27.0,2,13,11,306
27.0,2,13,12,307
27.0,2,13,13,308
27.0,2,13,14,310
27.0,2,13,15,311
27.0,2,14,0,292
27.0,2,14,1,293
27.0,2,14,2,295
27.0,2,14,3,296
27.0,2,14,4,298
27.0,2,14,5,299
27.0,2,14,6,300
27.0,2,14,7,302
27.0,2,14,8,303
27.0,2,14,9,304
27.0,2,14,10,306
27.0,2,14,11,307
27.0,2,14,12,309
27.0,2,14,13,310
27.0,2,14,14,311
27.0,2,14,15,313
27.0,2,15,0,293
27.0,2,15,1,295
27.0,2,15,2,296
27.0,2,15,3,298
27.0,2,15,4,299
27.0,2,15,5,300
27.0,2,15,6,302
27.0,2,15,7,303
27.0,2,15,8,305
27.0,2,15,9,306
27.0,2,15,10,307
27.0,2,15,11,309
27.0,2,15,12,310
27.0,2,15,13,312
27.0,2,15,14,313
27.0,2,15,15,314
27.0,3,0,0,274
27.0,3,0,1,276
27.0,3,0,2,277
27.0,3,0,3,278
27.0,3,0,4,280
27.0,3,0,5,281
27.0,3,0,6,282
27.0,3,0,7,284
27.0,3,0,8,285
27.0,3,0,9,286
27.0,3,0,10,288
27.0,3,0,11,289
27.0,3,0,12,290
27.0,3,0,13,291
27.0,3,0,14,293
27.0,3,0,15,294
27.0,3,1,0,276
27.0,3,1,1,277
27.0,3,1,2,279
27.0,3,1,3,280
27.0,3,1,4,281
27.0,3,1,5,283
27.0,3,1,6,284
27.0,3,1,7,285
27.0,3,1,8,287
27.0,3,1,9,288
27.0,3,1,10,289
27.0,3,1,11,291
27.0,3,1,12,292
27.0,3,1,13,293
27.0,3,1,14,294
27.0,3,1,15,296
27.0,3,2,0,278
27.0,3,2,1,279
27.0,3,2,2,280
27.0,3,2,3,282
27.0,3,2,4,283
27.0,3,2,5,284
27.0,3,2,6,286
27.0,3,2,7,287
27.0,3,2,8,288
27.0,3,2,9,290
27.0,3,2,10,291
27.0,3,2,11,292
27.0,3,2,12,294
27.0,3,2,13,295
27.0,3,2,14,296
27.0,3,2,15,297
27.0,3,3,0,279
27.0,3,3,1,281
27.0,3,3,2,282
27.0,3,3,3,283
27.0,3,3,4,285
27.0,3,3,5,286
27.0,3,3,6,287
27.0,3,3,7,289
27.0,3,3,8,290
27.0,3,3,9,291
27.0,3,3,10,293
27.0,3,3,11,294
27.0,3,3,12,295
27.0,3,3,13,297
27.0,3,3,14,298
27.0,3,3,15,299
27.0,3,4,0,281
27.0,3,4,1,282
27.0,3,4,2,284
27.0,3,4,3,285
27.0,3,4,4,286
27.0,3,4,5,288
27.0,3,4,6,289
27.0,3,4,7,290
27.0,3,4,8,292
27.0,3,4,9,293
27.0,3,4,10,294
27.0,3,4,11,296
27.0,3,4,12,297
27.0,3,4,13,298
27.0,3,4,14,300
27.0,3,4,15,301
27.0,3,5,0,283
27.0,3,5,1,284
27.0,3,5,2,285
27.0,3,5,3,287
27.0,3,5,4,288
27.0,3,5,5,289
27.0,3,5,6,291
27.0,3,5,7,292
27.0,3,5,8,293
27.0,3,5,9,295
27.0,3,5,10,296
27.0,3,5,11,297
27.0,3,5,12,299
27.0,3,5,13,300
27.0,3,5,14,301
27.0,3,5,15,303
27.0,3,6,0,284
27.0,3,6,1,286
27.0,3,6,2,287
27.0,3,6,3,288
27.0,3,6,4,290
27.0,3,6,5,291
27.0,3,6,6,292
27.0,3,6,7,294
27.0,3,6,8,295
27.0,3,6,9,296
27.0,3,6,10,298
27.0,3,6,11,299
27.0,3,6,12,300
27.0,3,6,13,302
27.0,3,6,14,303
27.0,3,6,15,304
27.0,3,7,0,286
27.0,3,7,1,287
27.0,3,7,2,289
27.0,3,7,3,290
27.0,3,7,4,291
27.0,3,7,5,293
27.0,3,7,6,294
27.0,3,7,7,295
27.0,3,7,8,297
27.0,3,7,9,298
27.0,3,7,10,299
27.0,3,7,11,301
27.0,3,7,12,302
27.0,3,7,13,303
27.0,3,7,14,305
27.0,3,7,15,306
27.0,3,8,0,287
27.0,3,8,1,289
27.0,3,8,2,290
27.0,3,8,3,292
27.0,3,8,4,293
27.0,3,8,5,294
27.0,3,8,6,296
27.0,3,8,7,297
27.0,3,8,8,298
27.0,3,8,9,300
27.0,3,8,10,301
27.0,3,8,11,302
27.0,3,8,12,304
27.0,3,8,13,305
27.0,3,8,14,306
27.0,3,8,15,308
27.0,3,9,0,289
27.0,3,9,1,290
27.0,3,9,2,292
27.0,3,9,3,293
27.0,3,9,4,295
27.0,3,9,5,296
27.0,3,9,6,297
27.0,3,9,7,299
27.0,3,9,8,300
27.0,3,9,9,301
27.0,3,9,10,303
27.0,3,9,11,304
27.0,3,9,12,305
27.0,3,9,13,307
27.0,3,9,14,308
27.0,3,9,15,309
27.0,3,10,0,290
27.0,3,10,1,292
27.0,3,10,2,293
27.0,3,10,3,295
27.0,3,10,4,296
27.0,3,10,5,298
27.0,3,10,6,299
27.0,3,10,7,300
27.0,3,10,8,302
27.0,3,10,9,303
27.0,3,10,10,304
27.0,3,10,11,306
27.0,3,10,12,307
27.0,3,10,13,308
27.0,3,10,14,310
27.0,3,10,15,311
27.0,3,11,0,292
27.0,3,11,1,293
27.0,3,11,2,295
27.0,3,11,3,296
27.0,3,11,4,298
27.0,3,11,5,299
27.0,3,11,6,300
27.0,3,11,7,302
27.0,3,11,8,303
27.0,3,11,9,305
27.0,3,11,10,306
27.0,3,11,11,307
27.0,3,11,12,309
27.0,3,11,13,310
27.0,3,11,14,311
27.0,3,11,15,313
27.0,3,12,0,294
27.0,3,12,1,295
27.0,3,12,2,296
27.0,3,12,3,298
27.0,3,12,4,299
27.0,3,12,5,301
27.0,3,12,6,302
27.0,3,12,7,303
27.0,3,12,8,305
27.0,3,12,9,306
27.0,3,12,10,308
27.0,3,12,11,309
27.0,3,12,12,310
27.0,3,12,13,312
27.0,3,12,14,313
27.0,3,12,15,314
27.0,3,13,0,295
27.0,3,13,1,297
27.0,3,13,2,298
27.0,3,13,3,299
27.0,3,13,4,301
27.0,3,13,5,302
27.0,3,13,6,304
27.0,3,13,7,305
27.0,3,13,8,306
27.0,3,13,9,308
27.0,3,13,10,309
27.0,3,13,11,311
27.0,3,13,12,312
27.0,3,13,13,313
27.0,3,13,14,315
27.0,3,13,15,316
27.0,3,14,0,297
27.0,3,14,1,298
27.0,3,14,2,300
27.0,3,14,3,301
27.0,3,14,4,302
27.0,3,14,5,304
27.0,3,14,6,305
27.0,3,14,7,307
27.0,3,14,8,308
27.0,3,14,9,309
27.0,3,14,10,311
27.0,3,14,11,312
27.0,3,14,12,314
27.0,3,14,13,315
27.0,3,14,14,316
27.0,3,14,15,318
27.0,3,15,0,298
27.0,3,15,1,300
27.0,3,15,2,301
27.0,3,15,3,303
27.0,3,15,4,304
27.0,3,15,5,305
27.0,3,15,6,307
27.0,3,15,7,308
27.0,3,15,8,310
27.0,3,15,9,311
27.0,3,15,10,312
27.0,3,15,11,314
27.0,3,15,12,315
27.0,3,15,13,317
27.0,3,15,14,318
27.0,3,15,15,319
27.0,4,0,0,279
27.0,4,0,1,280
27.0,4,0,2,282
27.0,4,0,3,283
27.0,4,0,4,284
27.0,4,0,5,286
27.0,4,0,6,287
27.0,4,0,7,288
27.0,4,0,8,290
27.0,4,0,9,291
27.0,4,0,10,292
27.0,4,0,11,293
27.0,4,0,12,295
27.0,4,0,13,296
27.0,4,0,14,297
27.0,4,0,15,299
27.0,4,1,0,280
27.0,4,1,1,282
27.0,4,1,2,283
27.0,4,1,3,285
27.0,4,1,4,286
27.0,4,1,5,287
27.0,4,1,6,289
27.0,4,1,7,290
27.0,4,1,8,291
27.0,4,1,9,293
27.0,4,1,10,294
27.0,4,1,11,295
27.0,4,1,12,297
27.0,4,1,13,298
27.0,4,1,14,299
27.0,4,1,15,300
27.0,4,2,0,282
27.0,4,2,1,284
27.0,4,2,2,285
27.0,4,2,3,286
27.0,4,2,4,288
27.0,4,2,5,289
27.0,4,2,6,290
27.0,4,2,7,292
27.0,4,2,8,293
27.0,4,2,9,294
27.0,4,2,10,296
27.0,4,2,11,297
27.0,4,2,12,298
27.0,4,2,13,300
27.0,4,2,14,301
27.0,4,2,15,302
27.0,4,3,0,284
27.0,4,3,1,285
27.0,4,3,2,287
27.0,4,3,3,288
27.0,4,3,4,289
27.0,4,3,5,291
27.0,4,3,6,292
27.0,4,3,7,293
27.0,4,3,8,295
27.0,4,3,9,296
27.0,4,3,10,297
27.0,4,3,11,299
27.0,4,3,12,300
27.0,4,3,13,301
27.0,4,3,14,303
27.0,4,3,15,304
27.0,4,4,0,285
27.0,4,4,1,287
27.0,4,4,2,288
27.0,4,4,3,290
27.0,4,4,4,291
27.0,4,4,5,292
27.0,4,4,6,294
27.0,4,4,7,295
27.0,4,4,8,296
27.0,4,4,9,298
27.0,4,4,10,299
27.0,4,4,11,300
27.0,4,4,12,302
27.0,4,4,13,303
27.0,4,4,14,304
27.0,4,4,15,306
27.0,4,5,0,287
27.0,4,5,1,289
27.0,4,5,2,290
27.0,4,5,3,291
27.0,4,5,4,293
27.0,4,5,5,294
27.0,4,5,6,295
27.0,4,5,7,297
27.0,4,5,8,298
27.0,4,5,9,300
27.0,4,5,10,301
27.0,4,5,11,302
27.0,4,5,12,304
27.0,4,5,13,305
27.0,4,5,14,306
27.0,4,5,15,308
27.0,4,6,0,289
27.0,4,6,1,290
27.0,4,6,2,292
27.0,4,6,3,293
27.0,4,6,4,294
27.0,4,6,5,296
27.0,4,6,6,297
27.0,4,6,7,298
27.0,4,6,8,300
27.0,4,6,9,301
27.0,4,6,10,303
27.0,4,6,11,304
27.0,4,6,12,305
27.0,4,6,13,307
27.0,4,6,14,308
27.0,4,6,15,309
27.0,4,7,0,290
27.0,4,7,1,292
27.0,4,7,2,293
27.0,4,7,3,295
27.0,4,7,4,296
27.0,4,7,5,297
27.0,4,7,6,299
27.0,4,7,7,300
27.0,4,7,8,302
27.0,4,7,9,303
27.0,4,7,10,304
27.0,4,7,11,306
27.0,4,7,12,307
27.0,4,7,13,308
27.0,4,7,14,310
27.0,4,7,15,311
27.0,4,8,0,292
27.0,4,8,1,293
27.0,4,8,2,295
27.0,4,8,3,296
27.0,4,8,4,298
27.0,4,8,5,299
27.0,4,8,6,300
27.0,4,8,7,302
27.0,4,8,8,303
27.0,4,8,9,305
27.0,4,8,10,306
27.0,4,8,11,307
27.0,4,8,12,309
27.0,4,8,13,310
27.0,4,8,14,311
27.0,4,8,15,313
27.0,4,9,0,294
27.0,4,9,1,295
27.0,4,9,2,296
27.0,4,9,3,298
27.0,4,9,4,299
27.0,4,9,5,301
27.0,4,9,6,302
27.0,4,9,7,303
27.0,4,9,8,305
27.0,4,9,9,306
27.0,4,9,10,308
27.0,4,9,11,309
27.0,4,9,12,310
27.0,4,9,13,312
27.0,4,9,14,313
27.0,4,9,15,314
27.0,4,10,0,295
27.0,4,10,1,297
27.0,4,10,2,298
27.0,4,10,3,299
27.0,4,10,4,301
27.0,4,10,5,302
27.0,4,10,6,304
27.0,4,10,7,305
27.0,4,10,8,307
27.0,4,10,9,308
27.0,4,10,10,309
27.0,4,10,11,311
27.0,4,10,12,312
27.0,4,10,13,313
27.0,4,10,14,315
27.0,4,10,15,316
27.0,4,11,0,297
27.0,4,11,1,298
27.0,4,11,2,300
27.0,4,11,3,301
27.0,4,11,4,303
27.0,4,11,5,304
27.0,4,11,6,305
27.0,4,11,7,307
27.0,4,11,8,308
27.0,4,11,9,310
27.0,4,11,10,311
27.0,4,11,11,312
27.0,4,11,12,314
27.0,4,11,13,315
27.0,4,11,14,316
27.0,4,11,15,318
27.0,4,12,0,298
27.0,4,12,1,300
27.0,4,12,2,301
27.0,4,12,3,303
27.0,4,12,4,304
27.0,4,12,5,306
27.0,4,12,6,307
27.0,4,12,7,308
27.0,4,12,8,310
27.0,4,12,9,311
27.0,4,12,10,313
27.0,4,12,11,314
27.0,4,12,12,315
27.0,4,12,13,317
27.0,4,12,14,318
27.0,4,12,15,320
27.0,4,13,0,300
27.0,4,13,1,301
27.0,4,13,2,303
27.0,4,13,3,304
27.0,4,13,4,306
27.0,4,13,5,307
27.0,4,13,6,309
27.0,4,13,7,310
27.0,4,13,8,311
27.0,4,13,9,313
27.0,4,13,10,314
27.0,4,13,11,316
27.0,4,13,12,317
27.0,4,13,13,318
27.0,4,13,14,320
27.0,4,13,15,321
27.0,4,14,0,301
27.0,4,14,1,303
27.0,4,14,2,304
27.0,4,14,3,306
27.0,4,14,4,307
27.0,4,14,5,309
27.0,4,14,6,310
27.0,4,14,7,312
27.0,4,14,8,313
27.0,4,14,9,314
27.0,4,14,10,316
27.0,4,14,11,317
27.0,4,14,12,319
27.0,4,14,13,320
27.0,4,14,14,321
27.0,4,14,15,323
27.0,4,15,0,303
27.0,4,15,1,304
27.0,4,15,2,306
27.0,4,15,3,307
27.0,4,15,4,309
27.0,4,15,5,310
27.0,4,15,6,312
27.0,4,15,7,313
27.0,4,15,8,315
27.0,4,15,9,316
27.0,4,15,10,318
27.0,4,15,11,319
27.0,4,15,12,320
27.0,4,15,13,322
27.0,4,15,14,323
27.0,4,15,15,325
27.0,5,0,0,283
27.0,5,0,1,285
27.0,5,0,2,286
27.0,5,0,3,287
27.0,5,0,4,289
27.0,5,0,5,290
27.0,5,0,6,291
27.0,5,0,7,293
27.0,5,0,8,294
27.0,5,0,9,295
27.0,5,0,10,297
27.0,5,0,11,298
27.0,5,0,12,299
27.0,5,0,13,301
27.0,5,0,14,302
27.0,5,0,15,303
27.0,5,1,0,285
27.0,5,1,1,286
27.0,5,1,2,288
27.0,5,1,3,289
27.0,5,1,4,290
27.0,5,1,5,292
27.0,5,1,6,293
27.0,5,1,7,295
27.0,5,1,8,296
27.0,5,1,9,297
27.0,5,1,10,299
27.0,5,1,11,300
27.0,5,1,12,301
27.0,5,1,13,303
27.0,5,1,14,304
27.0,5,1,15,305
27.0,5,2,0,287
27.0,5,2,1,288
27.0,5,2,2,289
27.0,5,2,3,291
27.0,5,2,4,292
27.0,5,2,5,294
27.0,5,2,6,295
27.0,5,2,7,296
27.0,5,2,8,298
27.0,5,2,9,299
27.0,5,2,10,300
27.0,5,2,11,302
27.0,5,2,12,303
27.0,5,2,13,304
27.0,5,2,14,306
27.0,5,2,15,307
27.0,5,3,0,288
27.0,5,3,1,290
27.0,5,3,2,291
27.0,5,3,3,293
27.0,5,3,4,294
27.0,5,3,5,295
27.0,5,3,6,297
27.0,5,3,7,298
27.0,5,3,8,299
27.0,5,3,9,301
27.0,5,3,10,302
27.0,5,3,11,303
27.0,5,3,12,305
27.0,5,3,13,306
27.0,5,3,14,308
27.0,5,3,15,309
27.0,5,4,0,290
27.0,5,4,1,291
27.0,5,4,2,293
27.0,5,4,3,294
27.0,5,4,4,296
27.0,5,4,5,297
27.0,5,4,6,298
27.0,5,4,7,300
27.0,5,4,8,301
27.0,5,4,9,303
27.0,5,4,10,304
27.0,5,4,11,305
27.0,5,4,12,307
27.0,5,4,13,308
27.0,5,4,14,309
27.0,5,4,15,311
27.0,5,5,0,292
27.0,5,5,1,293
27.0,5,5,2,295
27.0,5,5,3,296
27.0,5,5,4,297
27.0,5,5,5,299
27.0,5,5,6,300
27.0,5,5,7,302
27.0,5,5,8,303
27.0,5,5,9,304
27.0,5,5,10,306
27.0,5,5,11,307
27.0,5,5,12,308
27.0,5,5,13,310
27.0,5,5,14,311
27.0,5,5,15,312
27.0,5,6,0,293
27.0,5,6,1,295
27.0,5,6,2,296
27.0,5,6,3,298
27.0,5,6,4,299
27.0,5,6,5,300
27.0,5,6,6,302
27.0,5,6,7,303
27.0,5,6,8,305
27.0,5,6,9,306
27.0,5,6,10,307
27.0,5,6,11,309
27.0,5,6,12,310
27.0,5,6,13,311
27.0,5,6,14,313
27.0,5,6,15,314
27.0,5,7,0,295
27.0,5,7,1,296
27.0,5,7,2,298
27.0,5,7,3,299
27.0,5,7,4,301
27.0,5,7,5,302
27.0,5,7,6,304
27.0,5,7,7,305
27.0,5,7,8,306
27.0,5,7,9,308
27.0,5,7,10,309
27.0,5,7,11,310
27.0,5,7,12,312
27.0,5,7,13,313
27.0,5,7,14,315
27.0,5,7,15,316
27.0,5,8,0,297
27.0,5,8,1,298
27.0,5,8,2,299
27.0,5,8,3,301
27.0,5,8,4,302
27.0,5,8,5,304
27.0,5,8,6,305
27.0,5,8,7,307
27.0,5,8,8,308
27.0,5,8,9,309
27.0,5,8,10,311
27.0,5,8,11,312
27.0,5,8,12,314
27.0,5,8,13,315
27.0,5,8,14,316
27.0,5,8,15,318
27.0,5,9,0,298
27.0,5,9,1,300
27.0,5,9,2,301
27.0,5,9,3,303
27.0,5,9,4,304
27.0,5,9,5,305
27.0,5,9,6,307
27.0,5,9,7,308
27.0,5,9,8,310
27.0,5,9,9,311
27.0,5,9,10,313
27.0,5,9,11,314
27.0,5,9,12,315
27.0,5,9,13,317
27.0,5,9,14,318
27.0,5,9,15,319
27.0,5,10,0,300
27.0,5,10,1,301
27.0,5,10,2,303
27.0,5,10,3,304
27.0,5,10,4,306
27.0,5,10,5,307
27.0,5,10,6,309
27.0,5,10,7,310
27.0,5,10,8,311
27.0,5,10,9,313
27.0,5,10,10,314
27.0,5,10,11,316
27.0,5,10,12,317
27.0,5,10,13,318
27.0,5,10,14,320
27.0,5,10,15,321
27.0,5,11,0,301
27.0,5,11,1,303
27.0,5,11,2,304
27.0,5,11,3,306
27.0,5,11,4,307
27.0,5,11,5,309
27.0,5,11,6,310
27.0,5,11,7,312
27.0,5,11,8,313
27.0,5,11,9,314
27.0,5,11,10,316
27.0,5,11,11,317
27.0,5,11,12,319
27.0,5,11,13,320
27.0,5,11,14,322
27.0,5,11,15,323
27.0,5,12,0,303
27.0,5,12,1,305
27.0,5,12,2,306
27.0,5,12,3,307
27.0,5,12,4,309
27.0,5,12,5,310
27.0,5,12,6,312
27.0,5,12,7,313
27.0,5,12,8,315
27.0,5,12,9,316
27.0,5,12,10,318
27.0,5,12,11,319
27.0,5,12,12,320
27.0,5,12,13,322
27.0,5,12,14,323
27.0,5,12,15,325
27.0,5,13,0,305
27.0,5,13,1,306
27.0,5,13,2,308
27.0,5,13,3,309
27.0,5,13,4,311
27.0,5,13,5,312
27.0,5,13,6,313
27.0,5,13,7,315
27.0,5,13,8,316
27.0,5,13,9,318
27.0,5,13,10,319
27.0,5,13,11,321
27.0,5,13,12,322
27.0,5,13,13,324
27.0,5,13,14,325
27.0,5,13,15,326
27.0,5,14,0,306
27.0,5,14,1,308
27.0,5,14,2,309
27.0,5,14,3,311
27.0,5,14,4,312
27.0,5,14,5,314
27.0,5,14,6,315
27.0,5,14,7,317
27.0,5,14,8,318
27.0,5,14,9,319
27.0,5,14,10,321
27.0,5,14,11,322
27.0,5,14,12,324
27.0,5,14,13,325
27.0,5,14,14,327
27.0,5,14,15,328
27.0,5,15,0,308
27.0,5,15,1,309
27.0,5,15,2,311
27.0,5,15,3,312
27.0,5,15,4,314
27.0,5,15,5,315
27.0,5,15,6,317
27.0,5,15,7,318
27.0,5,15,8,320
27.0,5,15,9,321
27.0,5,15,10,323
27.0,5,15,11,324
27.0,5,15,12,325
27.0,5,15,13,327
27.0,5,15,14,328
27.0,5,15,15,330
27.0,6,0,0,288
27.0,6,0,1,289
27.0,6,0,2,290
27.0,6,0,3,292
27.0,6,0,4,293
27.0,6,0,5,295
27.0,6,0,6,296
27.0,6,0,7,297
27.0,6,0,8,299
27.0,6,0,9,300
27.0,6,0,10,301
27.0,6,0,11,303
27.0,6,0,12,304
27.0,6,0,13,305
27.0,6,0,14,307
27.0,6,0,15,308
27.0,6,1,0,289
27.0,6,1,1,291
27.0,6,1,2,292
27.0,6,1,3,294
27.0,6,1,4,295
27.0,6,1,5,296
27.0,6,1,6,298
27.0,6,1,7,299
27.0,6,1,8,301
27.0,6,1,9,302
27.0,6,1,10,303
27.0,6,1,11,305
27.0,6,1,12,306
27.0,6,1,13,307
27.0,6,1,14,309
27.0,6,1,15,310
27.0,6,2,0,291
27.0,6,2,1,293
27.0,6,2,2,294
27.0,6,2,3,295
27.0,6,2,4,297
27.0,6,2,5,298
27.0,6,2,6,300
27.0,6,2,7,301
27.0,6,2,8,302
27.0,6,2,9,304
27.0,6,2,10,305
27.0,6,2,11,306
27.0,6,2,12,308
27.0,6,2,13,309
27.0,6,2,14,310
27.0,6,2,15,312
27.0,6,3,0,293
27.0,6,3,1,294
27.0,6,3,2,296
27.0,6,3,3,297
27.0,6,3,4,299
27.0,6,3,5,300
27.0,6,3,6,301
27.0,6,3,7,303
27.0,6,3,8,304
27.0,6,3,9,306
27.0,6,3,10,307
27.0,6,3,11,308
27.0,6,3,12,310
27.0,6,3,13,311
27.0,6,3,14,312
27.0,6,3,15,314
27.0,6,4,0,295
27.0,6,4,1,296
27.0,6,4,2,297
27.0,6,4,3,299
27.0,6,4,4,300
27.0,6,4,5,302
27.0,6,4,6,303
27.0,6,4,7,304
27.0,6,4,8,306
27.0,6,4,9,307
27.0,6,4,10,309
27.0,6,4,11,310
27.0,6,4,12,311
27.0,6,4,13,313
27.0,6,4,14,314
27.0,6,4,15,315
27.0,6,5,0,296
27.0,6,5,1,298
27.0,6,5,2,299
27.0,6,5,3,301
27.0,6,5,4,302
27.0,6,5,5,303
27.0,6,5,6,305
27.0,6,5,7,306
27.0,6,5,8,308
27.0,6,5,9,309
27.0,6,5,10,310
27.0,6,5,11,312
27.0,6,5,12,313
27.0,6,5,13,315
27.0,6,5,14,316
27.0,6,5,15,317
27.0,6,6,0,298
27.0,6,6,1,299
27.0,6,6,2,301
27.0,6,6,3,302
27.0,6,6,4,304
27.0,6,6,5,305
27.0,6,6,6,307
27.0,6,6,7,308
27.0,6,6,8,309
27.0,6,6,9,311
27.0,6,6,10,312
27.0,6,6,11,314
27.0,6,6,12,315
27.0,6,6,13,316
27.0,6,6,14,318
27.0,6,6,15,319
27.0,6,7,0,300
27.0,6,7,1,301
27.0,6,7,2,303
27.0,6,7,3,304
27.0,6,7,4,305
27.0,6,7,5,307
27.0,6,7,6,308
27.0,6,7,7,310
27.0,6,7,8,311
27.0,6,7,9,313
27.0,6,7,10,314
27.0,6,7,11,315
27.0,6,7,12,317
27.0,6,7,13,318
27.0,6,7,14,320
27.0,6,7,15,321
27.0,6,8,0,301
27.0,6,8,1,303
27.0,6,8,2,304
27.0,6,8,3,306
27.0,6,8,4,307
27.0,6,8,5,309
27.0,6,8,6,310
27.0,6,8,7,311
27.0,6,8,8,313
27.0,6,8,9,314
27.0,6,8,10,316
27.0,6,8,11,317
27.0,6,8,12,318
27.0,6,8,13,320
27.0,6,8,14,321
27.0,6,8,15,323
27.0,6,9,0,303
27.0,6,9,1,304
27.0,6,9,2,306
27.0,6,9,3,307
27.0,6,9,4,309
27.0,6,9,5,310
27.0,6,9,6,312
27.0,6,9,7,313
27.0,6,9,8,315
27.0,6,9,9,316
27.0,6,9,10,317
27.0,6,9,11,319
27.0,6,9,12,320
27.0,6,9,13,322
27.0,6,9,14,323
27.0,6,9,15,324
27.0,6,10,0,305
27.0,6,10,1,306
27.0,6,10,2,308
27.0,6,10,3,309
27.0,6,10,4,310
27.0,6,10,5,312
27.0,6,10,6,313
27.0,6,10,7,315
27.0,6,10,8,316
27.0,6,10,9,318
27.0,6,10,10,319
27.0,6,10,11,321
27.0,6,10,12,322
27.0,6,10,13,323
27.0,6,10,14,325
27.0,6,10,15,326
27.0,6,11,0,306
27.0,6,11,1,308
27.0,6,11,2,309
27.0,6,11,3,311
27.0,6,11,4,312
27.0,6,11,5,314
27.0,6,11,6,315
27.0,6,11,7,317
27.0,6,11,8,318
27.0,6,11,9,319
27.0,6,11,10,321
27.0,6,11,11,322
27.0,6,11,12,324
27.0,6,11,13,325
27.0,6,11,14,327
27.0,6,11,15,328
27.0,6,12,0,308
27.0,6,12,1,309
27.0,6,12,2,311
27.0,6,12,3,312
27.0,6,12,4,314
27.0,6,12,5,315
27.0,6,12,6,317
27.0,6,12,7,318
27.0,6,12,8,320
27.0,6,12,9,321
27.0,6,12,10,323
27.0,6,12,11,324
27.0,6,12,12,325
27.0,6,12,13,327
27.0,6,12,14,328
27.0,6,12,15,330
27.0,6,13,0,309
27.0,6,13,1,311
27.0,6,13,2,312
27.0,6,13,3,314
27.0,6,13,4,315
27.0,6,13,5,317
27.0,6,13,6,318
27.0,6,13,7,320
27.0,6,13,8,321
27.0,6,13,9,323
27.0,6,13,10,324
27.0,6,13,11,326
27.0,6,13,12,327
27.0,6,13,13,329
27.0,6,13,14,330
27.0,6,13,15,331
27.0,6,14,0,311
27.0,6,14,1,313
27.0,6,14,2,314
27.0,6,14,3,316
27.0,6,14,4,317
27.0,6,14,5,319
27.0,6,14,6,320
27.0,6,14,7,322
27.0,6,14,8,323
27.0,6,14,9,324
27.0,6,14,10,326
27.0,6,14,11,327
27.0,6,14,12,329
27.0,6,14,13,330
27.0,6,14,14,332
27.0,6,14,15,333
27.0,6,15,0,313
27.0,6,15,1,314
27.0,6,15,2,316
27.0,6,15,3,317
27.0,6,15,4,319
27.0,6,15,5,320
27.0,6,15,6,322
27.0,6,15,7,323
27.0,6,15,8,325
27.0,6,15,9,326
27.0,6,15,10,328
27.0,6,15,11,329
27.0,6,15,12,331
27.0,6,15,13,332
27.0,6,15,14,333
27.0,6,15,15,335
27.0,7,0,0,292
27.0,7,0,1,294
27.0,7,0,2,295
27.0,7,0,3,296
27.0,7,0,4,298
27.0,7,0,5,299
27.0,7,0,6,301
27.0,7,0,7,302
27.0,7,0,8,303
27.0,7,0,9,305
27.0,7,0,10,306
27.0,7,0,11,307
27.0,7,0,12,309
27.0,7,0,13,310
27.0,7,0,14,312
27.0,7,0,15,313
27.0,7,1,0,294
27.0,7,1,1,295
27.0,7,1,2,297
27.0,7,1,3,298
27.0,7,1,4,300
27.0,7,1,5,301
27.0,7,1,6,302
27.0,7,1,7,304
27.0,7,1,8,305
27.0,7,1,9,307
27.0,7,1,10,308
27.0,7,1,11,309
27.0,7,1,12,311
27.0,7,1,13,312
27.0,7,1,14,313
27.0,7,1,15,315
27.0,7,2,0,296
27.0,7,2,1,297
27.0,7,2,2,298
27.0,7,2,3,300
27.0,7,2,4,301
27.0,7,2,5,303
27.0,7,2,6,304
27.0,7,2,7,306
27.0,7,2,8,307
27.0,7,2,9,308
27.0,7,2,10,310
27.0,7,2,11,311
27.0,7,2,12,313
27.0,7,2,13,314
27.0,7,2,14,315
27.0,7,2,15,317
27.0,7,3,0,297
27.0,7,3,1,299
27.0,7,3,2,300
27.0,7,3,3,302
27.0,7,3,4,303
27.0,7,3,5,305
27.0,7,3,6,306
27.0,7,3,7,307
27.0,7,3,8,309
27.0,7,3,9,310
27.0,7,3,10,312
27.0,7,3,11,313
27.0,7,3,12,314
27.0,7,3,13,316
27.0,7,3,14,317
27.0,7,3,15,318
27.0,7,4,0,299
27.0,7,4,1,301
27.0,7,4,2,302
27.0,7,4,3,303
27.0,7,4,4,305
27.0,7,4,5,306
27.0,7,4,6,308
27.0,7,4,7,309
27.0,7,4,8,311
27.0,7,4,9,312
27.0,7,4,10,313
27.0,7,4,11,315
27.0,7,4,12,316
27.0,7,4,13,318
27.0,7,4,14,319
27.0,7,4,15,320
27.0,7,5,0,301
27.0,7,5,1,302
27.0,7,5,2,304
27.0,7,5,3,305
27.0,7,5,4,307
27.0,7,5,5,308
27.0,7,5,6,310
27.0,7,5,7,311
27.0,7,5,8,312
27.0,7,5,9,314
27.0,7,5,10,315
27.0,7,5,11,317
27.0,7,5,12,318
27.0,7,5,13,319
27.0,7,5,14,321
27.0,7,5,15,322
27.0,7,6,0,302
27.0,7,6,1,304
27.0,7,6,2,305
27.0,7,6,3,307
27.0,7,6,4,308
27.0,7,6,5,310
27.0,7,6,6,311
27.0,7,6,7,313
27.0,7,6,8,314
27.0,7,6,9,316
27.0,7,6,10,317
27.0,7,6,11,318
27.0,7,6,12,320
27.0,7,6,13,321
27.0,7,6,14,323
27.0,7,6,15,324
27.0,7,7,0,304
27.0,7,7,1,306
27.0,7,7,2,307
27.0,7,7,3,309
27.0,7,7,4,310
27.0,7,7,5,312
27.0,7,7,6,313
27.0,7,7,7,314
27.0,7,7,8,316
27.0,7,7,9,317
27.0,7,7,10,319
27.0,7,7,11,320
27.0,7,7,12,322
27.0,7,7,13,323
27.0,7,7,14,324
27.0,7,7,15,326
27.0,7,8,0,306
27.0,7,8,1,307
27.0,7,8,2,309
27.0,7,8,3,310
27.0,7,8,4,312
27.0,7,8,5,313
27.0,7,8,6,315
27.0,7,8,7,316
27.0,7,8,8,318
27.0,7,8,9,319
27.0,7,8,10,321
27.0,7,8,11,322
27.0,7,8,12,323
27.0,7,8,13,325
27.0,7,8,14,326
27.0,7,8,15,328
27.0,7,9,0,308
27.0,7,9,1,309
27.0,7,9,2,311
27.0,7,9,3,312
27.0,7,9,4,314
27.0,7,9,5,315
27.0,7,9,6,316
27.0,7,9,7,318
27.0,7,9,8,319
27.0,7,9,9,321
27.0,7,9,10,322
27.0,7,9,11,324
27.0,7,9,12,325
27.0,7,9,13,327
27.0,7,9,14,328
27.0,7,9,15,329
27.0,7,10,0,309
27.0,7,10,1,311
27.0,7,10,2,312
27.0,7,10,3,314
27.0,7,10,4,315
27.0,7,10,5,317
27.0,7,10,6,318
27.0,7,10,7,320
27.0,7,10,8,321
27.0,7,10,9,323
27.0,7,10,10,324
27.0,7,10,11,326
27.0,7,10,12,327
27.0,7,10,13,328
27.0,7,10,14,330
27.0,7,10,15,331
27.0,7,11,0,311
27.0,7,11,1,312
27.0,7,11,2,314
27.0,7,11,3,315
27.0,7,11,4,317
27.0,7,11,5,318
27.0,7,11,6,320
27.0,7,11,7,321
27.0,7,11,8,323
27.0,7,11,9,324
27.0,7,11,10,326
27.0,7,11,11,327
27.0,7,11,12,329
27.0,7,11,13,330
27.0,7,11,14,332
27.0,7,11,15,333
27.0,7,12,0,313
27.0,7,12,1,314
27.0,7,12,2,316
27.0,7,12,3,317
27.0,7,12,4,319
27.0,7,12,5,320
27.0,7,12,6,322
27.0,7,12,7,323
27.0,7,12,8,325
27.0,7,12,9,326
27.0,7,12,10,328
27.0,7,12,11,329
27.0,7,12,12,330
27.0,7,12,13,332
27.0,7,12,14,333
27.0,7,12,15,335
27.0,7,13,0,314
27.0,7,13,1,316
27.0,7,13,2,317
27.0,7,13,3,319
27.0,7,13,4,320
27.0,7,13,5,322
27.0,7,13,6,323
27.0,7,13,7,325
27.0,7,13,8,326
27.0,7,13,9,328
27.0,7,13,10,329
27.0,7,13,11,331
27.0,7,13,12,332
27.0,7,13,13,334
27.0,7,13,14,335
27.0,7,13,15,337
27.0,7,14,0,316
27.0,7,14,1,317
27.0,7,14,2,319
27.0,7,14,3,320
27.0,7,14,4,322
27.0,7,14,5,323
27.0,7,14,6,325
27.0,7,14,7,326
27.0,7,14,8,328
27.0,7,14,9,329
27.0,7,14,10,331
27.0,7,14,11,332
27.0,7,14,12,334
27.0,7,14,13,335
27.0,7,14,14,337
27.0,7,14,15,338
27.0,7,15,0,317
27.0,7,15,1,319
27.0,7,15,2,321
27.0,7,15,3,322
27.0,7,15,4,324
27.0,7,15,5,325
27.0,7,15,6,327
27.0,7,15,7,328
27.0,7,15,8,330
27.0,7,15,9,331
27.0,7,15,10,333
27.0,7,15,11,334
27.0,7,15,12,336
27.0,7,15,13,337
27.0,7,15,14,339
27.0,7,15,15,340
27.0,8,0,0,297
27.0,8,0,1,298
27.0,8,0,2,299
27.0,8,0,3,301
27.0,8,0,4,302
27.0,8,0,5,304
27.0,8,0,6,305
27.0,8,0,7,307
27.0,8,0,8,308
27.0,8,0,9,309
27.0,8,0,10,311
27.0,8,0,11,312
27.0,8,0,12,314
27.0,8,0,13,315
27.0,8,0,14,316
27.0,8,0,15,318
27.0,8,1,0,298
27.0,8,1,1,300
27.0,8,1,2,301
27.0,8,1,3,303
27.0,8,1,4,304
27.0,8,1,5,306
27.0,8,1,6,307
27.0,8,1,7,308
27.0,8,1,8,310
27.0,8,1,9,311
27.0,8,1,10,313
27.0,8,1,11,314
27.0,8,1,12,315
27.0,8,1,13,317
27.0,8,1,14,318
27.0,8,1,15,320
27.0,8,2,0,300
27.0,8,2,1,302
27.0,8,2,2,303
27.0,8,2,3,304
27.0,8,2,4,306
27.0,8,2,5,307
27.0,8,2,6,309
27.0,8,2,7,310
27.0,8,2,8,312
27.0,8,2,9,313
27.0,8,2,10,314
27.0,8,2,11,316
27.0,8,2,12,317
27.0,8,2,13,319
27.0,8,2,14,320
27.0,8,2,15,321
27.0,8,3,0,302
27.0,8,3,1,303
27.0,8,3,2,305
27.0,8,3,3,306
27.0,8,3,4,308
27.0,8,3,5,309
27.0,8,3,6,311
27.0,8,3,7,312
27.0,8,3,8,313
27.0,8,3,9,315
27.0,8,3,10,316
27.0,8,3,11,318
27.0,8,3,12,319
27.0,8,3,13,321
27.0,8,3,14,322
27.0,8,3,15,323
27.0,8,4,0,304
27.0,8,4,1,305
27.0,8,4,2,307
27.0,8,4,3,308
27.0,8,4,4,310
27.0,8,4,5,311
27.0,8,4,6,312
27.0,8,4,7,314
27.0,8,4,8,315
27.0,8,4,9,317
27.0,8,4,10,318
27.0,8,4,11,320
27.0,8,4,12,321
27.0,8,4,13,322
27.0,8,4,14,324
27.0,8,4,15,325
27.0,8,5,0,305
27.0,8,5,1,307
27.0,8,5,2,308
27.0,8,5,3,310
27.0,8,5,4,311
27.0,8,5,5,313
27.0,8,5,6,314
27.0,8,5,7,316
27.0,8,5,8,317
27.0,8,5,9,319
27.0,8,5,10,320
27.0,8,5,11,321
27.0,8,5,12,323
27.0,8,5,13,324
27.0,8,5,14,326
27.0,8,5,15,327
27.0,8,6,0,307
27.0,8,6,1,309
27.0,8,6,2,310
27.0,8,6,3,312
27.0,8,6,4,313
27.0,8,6,5,315
27.0,8,6,6,316
27.0,8,6,7,317
27.0,8,6,8,319
27.0,8,6,9,320
27.0,8,6,10,322
27.0,8,6,11,323
27.0,8,6,12,325
27.0,8,6,13,326
27.0,8,6,14,328
27.0,8,6,15,329
27.0,8,7,0,309
27.0,8,7,1,310
27.0,8,7,2,312
27.0,8,7,3,313
27.0,8,7,4,315
27.0,8,7,5,316
27.0,8,7,6,318
27.0,8,7,7,319
27.0,8,7,8,321
27.0,8,7,9,322
27.0,8,7,10,324
27.0,8,7,11,325
27.0,8,7,12,326
27.0,8,7,13,328
27.0,8,7,14,329
27.0,8,7,15,331
27.0,8,8,0,311
27.0,8,8,1,312
27.0,8,8,2,314
27.0,8,8,3,315
27.0,8,8,4,317
27.0,8,8,5,318
27.0,8,8,6,320
27.0,8,8,7,321
27.0,8,8,8,322
27.0,8,8,9,324
27.0,8,8,10,325
27.0,8,8,11,327
27.0,8,8,12,328
27.0,8,8,13,330
27.0,8,8,14,331
27.0,8,8,15,333
27.0,8,9,0,312
27.0,8,9,1,314
27.0,8,9,2,315
27.0,8,9,3,317
27.0,8,9,4,318
27.0,8,9,5,320
27.0,8,9,6,321
27.0,8,9,7,323
27.0,8,9,8,324
27.0,8,9,9,326
27.0,8,9,10,327
27.0,8,9,11,329
27.0,8,9,12,330
27.0,8,9,13,332
27.0,8,9,14,333
27.0,8,9,15,334
27.0,8,10,0,314
27.0,8,10,1,315
27.0,8,10,2,317
27.0,8,10,3,319
27.0,8,10,4,320
27.0,8,10,5,322
27.0,8,10,6,323
27.0,8,10,7,325
27.0,8,10,8,326
27.0,8,10,9,328
27.0,8,10,10,329
27.0,8,10,11,330
27.0,8,10,12,332
27.0,8,10,13,333
27.0,8,10,14,335
27.0,8,10,15,336
27.0,8,11,0,316
27.0,8,11,1,317
27.0,8,11,2,319
27.0,8,11,3,320
27.0,8,11,4,322
27.0,8,11,5,323
27.0,8,11,6,325
27.0,8,11,7,326
27.0,8,11,8,328
27.0,8,11,9,329
27.0,8,11,10,331
27.0,8,11,11,332
27.0,8,11,12,334
27.0,8,11,13,335
27.0,8,11,14,337
27.0,8,11,15,338
27.0,8,12,0,317
27.0,8,12,1,319
27.0,8,12,2,320
27.0,8,12,3,322
27.0,8,12,4,323
27.0,8,12,5,325
27.0,8,12,6,326
27.0,8,12,7,328
27.0,8,12,8,330
27.0,8,12,9,331
27.0,8,12,10,333
27.0,8,12,11,334
27.0,8,12,12,335
27.0,8,12,13,337
27.0,8,12,14,338
27.0,8,12,15,340
27.0,8,13,0,319
27.0,8,13,1,321
27.0,8,13,2,322
27.0,8,13,3,324
27.0,8,13,4,325
27.0,8,13,5,327
27.0,8,13,6,328
27.0,8,13,7,330
27.0,8,13,8,331
27.0,8,13,9,333
27.0,8,13,10,334
27.0,8,13,11,336
27.0,8,13,12,337
27.0,8,13,13,339
27.0,8,13,14,340
27.0,8,13,15,342
27.0,8,14,0,321
27.0,8,14,1,322
27.0,8,14,2,324
27.0,8,14,3,325
27.0,8,14,4,327
27.0,8,14,5,328
27.0,8,14,6,330
27.0,8,14,7,331
27.0,8,14,8,333
27.0,8,14,9,334
27.0,8,14,10,336
27.0,8,14,11,337
27.0,8,14,12,339
27.0,8,14,13,340
27.0,8,14,14,342
27.0,8,14,15,343
27.0,8,15,0,322
27.0,8,15,1,324
27.0,8,15,2,325
27.0,8,15,3,327
27.0,8,15,4,329
27.0,8,15,5,330
27.0,8,15,6,332
27.0,8,15,7,333
27.0,8,15,8,335
27.0,8,15,9,336
27.0,8,15,10,338
27.0,8,15,11,339
27.0,8,15,12,341
27.0,8,15,13,342
27.0,8,15,14,344
27.0,8,15,15,345
27.0,9,0,0,301
27.0,9,0,1,302
27.0,9,0,2,304
27.0,9,0,3,305
27.0,9,0,4,307
27.0,9,0,5,308
27.0,9,0,6,310
27.0,9,0,7,311
27.0,9,0,8,313
27.0,9,0,9,314
27.0,9,0,10,315
27.0,9,0,11,317
27.0,9,0,12,318
27.0,9,0,13,320
27.0,9,0,14,321
27.0,9,0,15,322
27.0,9,1,0,303
27.0,9,1,1,304
27.0,9,1,2,306
27.0,9,1,3,307
27.0,9,1,4,309
27.0,9,1,5,310
27.0,9,1,6,312
27.0,9,1,7,313
27.0,9,1,8,314
27.0,9,1,9,316
27.0,9,1,10,317
27.0,9,1,11,319
27.0,9,1,12,320
27.0,9,1,13,322
27.0,9,1,14,323
27.0,9,1,15,324
27.0,9,2,0,305
27.0,9,2,1,306
27.0,9,2,2,308
27.0,9,2,3,309
27.0,9,2,4,311
27.0,9,2,5,312
27.0,9,2,6,313
27.0,9,2,7,315
27.0,9,2,8,316
27.0,9,2,9,318
27.0,9,2,10,319
27.0,9,2,11,321
27.0,9,2,12,322
27.0,9,2,13,323
27.0,9,2,14,325
27.0,9,2,15,326
27.0,9,3,0,306
27.0,9,3,1,308
27.0,9,3,2,309
27.0,9,3,3,311
27.0,9,3,4,312
27.0,9,3,5,314
27.0,9,3,6,315
27.0,9,3,7,317
27.0,9,3,8,318
27.0,9,3,9,320
27.0,9,3,10,321
27.0,9,3,11,322
27.0,9,3,12,324
27.0,9,3,13,325
27.0,9,3,14,327
27.0,9,3,15,328
27.0,9,4,0,308
27.0,9,4,1,310
27.0,9,4,2,311
27.0,9,4,3,313
27.0,9,4,4,314
27.0,9,4,5,316
27.0,9,4,6,317
27.0,9,4,7,319
27.0,9,4,8,320
27.0,9,4,9,321
27.0,9,4,10,323
27.0,9,4,11,324
27.0,9,4,12,326
27.0,9,4,13,327
27.0,9,4,14,329
27.0,9,4,15,330
27.0,9,5,0,310
27.0,9,5,1,311
27.0,9,5,2,313
27.0,9,5,3,314
27.0,9,5,4,316
27.0,9,5,5,317
27.0,9,5,6,319
27.0,9,5,7,320
27.0,9,5,8,322
27.0,9,5,9,323
27.0,9,5,10,325
27.0,9,5,11,326
27.0,9,5,12,328
27.0,9,5,13,329
27.0,9,5,14,331
27.0,9,5,15,332
27.0,9,6,0,312
27.0,9,6,1,313
27.0,9,6,2,315
27.0,9,6,3,316
27.0,9,6,4,318
27.0,9,6,5,319
27.0,9,6,6,321
27.0,9,6,7,322
27.0,9,6,8,324
27.0,9,6,9,325
27.0,9,6,10,327
27.0,9,6,11,328
27.0,9,6,12,330
27.0,9,6,13,331
27.0,9,6,14,332
27.0,9,6,15,334
27.0,9,7,0,313
27.0,9,7,1,315
27.0,9,7,2,316
27.0,9,7,3,318
27.0,9,7,4,320
27.0,9,7,5,321
27.0,9,7,6,323
27.0,9,7,7,324
27.0,9,7,8,326
27.0,9,7,9,327
27.0,9,7,10,328
27.0,9,7,11,330
27.0,9,7,12,331
27.0,9,7,13,333
27.0,9,7,14,334
27.0,9,7,15,336
27.0,9,8,0,315
27.0,9,8,1,317
27.0,9,8,2,318
27.0,9,8,3,320
27.0,9,8,4,321
27.0,9,8,5,323
27.0,9,8,6,324
27.0,9,8,7,326
27.0,9,8,8,327
27.0,9,8,9,329
27.0,9,8,10,330
27.0,9,8,11,332
27.0,9,8,12,333
27.0,9,8,13,335
27.0,9,8,14,336
27.0,9,8,15,338
27.0,9,9,0,317
27.0,9,9,1,318
27.0,9,9,2,320
27.0,9,9,3,322
27.0,9,9,4,323
27.0,9,9,5,325
27.0,9,9,6,326
27.0,9,9,7,328
27.0,9,9,8,329
27.0,9,9,9,331
27.0,9,9,10,332
27.0,9,9,11,334
27.0,9,9,12,335
27.0,9,9,13,337
27.0,9,9,14,338
27.0,9,9,15,339
27.0,9,10,0,319
27.0,9,10,1,320
27.0,9,10,2,322
27.0,9,10,3,323
27.0,9,10,4,325
27.0,9,10,5,326
27.0,9,10,6,328
27.0,9,10,7,329
27.0,9,10,8,331
27.0,9,10,9,332
27.0,9,10,10,334
27.0,9,10,11,335
27.0,9,10,12,337
27.0,9,10,13,338
27.0,9,10,14,340
27.0,9,10,15,341
27.0,9,11,0,320
27.0,9,11,1,322
27.0,9,11,2,323
27.0,9,11,3,325
27.0,9,11,4,327
27.0,9,11,5,328
27.0,9,11,6,330
27.0,9,11,7,331
27.0,9,11,8,333
27.0,9,11,9,334
27.0,9,11,10,336
27.0,9,11,11,337
27.0,9,11,12,339
27.0,9,11,13,340
27.0,9,11,14,342
27.0,9,11,15,343
27.0,9,12,0,322
27.0,9,12,1,324
27.0,9,12,2,325
27.0,9,12,3,327
27.0,9,12,4,328
27.0,9,12,5,330
27.0,9,12,6,331
27.0,9,12,7,333
27.0,9,12,8,334
27.0,9,12,9,336
27.0,9,12,10,337
27.0,9,12,11,339
27.0,9,12,12,340
27.0,9,12,13,342
27.0,9,12,14,343
27.0,9,12,15,345
27.0,9,13,0,324
27.0,9,13,1,325
27.0,9,13,2,327
27.0,9,13,3,328
27.0,9,13,4,330
27.0,9,13,5,332
27.0,9,13,6,333
27.0,9,13,7,335
27.0,9,13,8,336
27.0,9,13,9,338
27.0,9,13,10,339
27.0,9,13,11,341
27.0,9,13,12,342
27.0,9,13,13,344
27.0,9,13,14,345
27.0,9,13,15,347
27.0,9,14,0,325
27.0,9,14,1,327
27.0,9,14,2,329
27.0,9,14,3,330
27.0,9,14,4,332
27.0,9,14,5,333
27.0,9,14,6,335
27.0,9,14,7,336
27.0,9,14,8,338
27.0,9,14,9,339
27.0,9,14,10,341
27.0,9,14,11,343
27.0,9,14,12,344
27.0,9,14,13,346
27.0,9,14,14,347
27.0,9,14,15,349
27.0,9,15,0,327
27.0,9,15,1,329
27.0,9,15,2,330
27.0,9,15,3,332
27.0,9,15,4,333
27.0,9,15,5,335
27.0,9,15,6,337
27.0,9,15,7,338
27.0,9,15,8,340
27.0,9,15,9,341
27.0,9,15,10,343
27.0,9,15,11,344
27.0,9,15,12,346
27.0,9,15,13,347
27.0,9,15,14,349
27.0,9,15,15,350
27.0,10,0,0,305
27.0,10,0,1,307
27.0,10,0,2,308
27.0,10,0,3,310
27.0,10,0,4,311
27.0,10,0,5,313
27.0,10,0,6,314
27.0,10,0,7,316
27.0,10,0,8,317
27.0,10,0,9,319
27.0,10,0,10,320
27.0,10,0,11,321
27.0,10,0,12,323
27.0,10,0,13,324
27.0,10,0,14,326
27.0,10,0,15,327
27.0,10,1,0,307
27.0,10,1,1,309
27.0,10,1,2,310
27.0,10,1,3,312
27.0,10,1,4,313
27.0,10,1,5,315
27.0,10,1,6,316
27.0,10,1,7,318
27.0,10,1,8,319
27.0,10,1,9,321
27.0,10,1,10,322
27.0,10,1,11,323
27.0,10,1,12,325
27.0,10,1,13,326
27.0,10,1,14,328
27.0,10,1,15,329
27.0,10,2,0,309
27.0,10,2,1,311
27.0,10,2,2,312
27.0,10,2,3,314
27.0,10,2,4,315
27.0,10,2,5,317
27.0,10,2,6,318
27.0,10,2,7,320
27.0,10,2,8,321
27.0,10,2,9,322
27.0,10,2,10,324
27.0,10,2,11,325
27.0,10,2,12,327
27.0,10,2,13,328
27.0,10,2,14,330
27.0,10,2,15,331
27.0,10,3,0,311
27.0,10,3,1,312
27.0,10,3,2,314
27.0,10,3,3,315
27.0,10,3,4,317
27.0,10,3,5,318
27.0,10,3,6,320
27.0,10,3,7,321
27.0,10,3,8,323
27.0,10,3,9,324
27.0,10,3,10,326
27.0,10,3,11,327
27.0,10,3,12,329
27.0,10,3,13,330
27.0,10,3,14,332
27.0,10,3,15,333
27.0,10,4,0,313
27.0,10,4,1,314
27.0,10,4,2,316
27.0,10,4,3,317
27.0,10,4,4,319
27.0,10,4,5,320
27.0,10,4,6,322
27.0,10,4,7,323
27.0,10,4,8,325
27.0,10,4,9,326
27.0,10,4,10,328
27.0,10,4,11,329
27.0,10,4,12,331
27.0,10,4,13,332
27.0,10,4,14,333
27.0,10,4,15,335
27.0,10,5,0,314
27.0,10,5,1,316
27.0,10,5,2,318
27.0,10,5,3,319
27.0,10,5,4,321
27.0,10,5,5,322
27.0,10,5,6,324
27.0,10,5,7,325
27.0,10,5,8,327
27.0,10,5,9,328
27.0,10,5,10,330
27.0,10,5,11,331
27.0,10,5,12,332
27.0,10,5,13,334
27.0,10,5,14,335
27.0,10,5,15,337
27.0,10,6,0,316
27.0,10,6,1,318
27.0,10,6,2,319
27.0,10,6,3,321
27.0,10,6,4,322
27.0,10,6,5,324
27.0,10,6,6,325
27.0,10,6,7,327
27.0,10,6,8,328
27.0,10,6,9,330
27.0,10,6,10,331
27.0,10,6,11,333
27.0,10,6,12,334
27.0,10,6,13,336
27.0,10,6,14,337
27.0,10,6,15,339
27.0,10,7,0,318
27.0,10,7,1,320
27.0,10,7,2,321
27.0,10,7,3,323
27.0,10,7,4,324
27.0,10,7,5,326
27.0,10,7,6,327
27.0,10,7,7,329
27.0,10,7,8,330
27.0,10,7,9,332
27.0,10,7,10,333
27.0,10,7,11,335
27.0,10,7,12,336
27.0,10,7,13,338
27.0,10,7,14,339
27.0,10,7,15,341
27.0,10,8,0,320
27.0,10,8,1,321
27.0,10,8,2,323
27.0,10,8,3,324
27.0,10,8,4,326
27.0,10,8,5,328
27.0,10,8,6,329
27.0,10,8,7,331
27.0,10,8,8,332
27.0,10,8,9,334
27.0,10,8,10,335
27.0,10,8,11,337
27.0,10,8,12,338
27.0,10,8,13,340
27.0,10,8,14,341
27.0,10,8,15,343
27.0,10,9,0,322
27.0,10,9,1,323
27.0,10,9,2,325
27.0,10,9,3,326
27.0,10,9,4,328
27.0,10,9,5,329
27.0,10,9,6,331
27.0,10,9,7,332
27.0,10,9,8,334
27.0,10,9,9,335
27.0,10,9,10,337
27.0,10,9,11,338
27.0,10,9,12,340
27.0,10,9,13,341
27.0,10,9,14,343
27.0,10,9,15,344
27.0,10,10,0,323
27.0,10,10,1,325
27.0,10,10,2,326
27.0,10,10,3,328
27.0,10,10,4,330
27.0,10,10,5,331
27.0,10,10,6,333
27.0,10,10,7,334
27.0,10,10,8,336
27.0,10,10,9,337
27.0,10,10,10,339
27.0,10,10,11,340
27.0,10,10,12,342
27.0,10,10,13,343
27.0,10,10,14,345
27.0,10,10,15,346
27.0,10,11,0,325
27.0,10,11,1,327
27.0,10,11,2,328
27.0,10,11,3,330
27.0,10,11,4,331
27.0,10,11,5,333
27.0,10,11,6,334
27.0,10,11,7,336
27.0,10,11,8,338
27.0,10,11,9,339
27.0,10,11,10,341
27.0,10,11,11,342
27.0,10,11,12,344
27.0,10,11,13,345
27.0,10,11,14,347
27.0,10,11,15,348
27.0,10,12,0,327
27.0,10,12,1,328
27.0,10,12,2,330
27.0,10,12,3,332
27.0,10,12,4,333
27.0,10,12,5,335
27.0,10,12,6,336
27.0,10,12,7,338
27.0,10,12,8,339
27.0,10,12,9,341
27.0,10,12,10,342
27.0,10,12,11,344
27.0,10,12,12,345
27.0,10,12,13,347
27.0,10,12,14,349
27.0,10,12,15,350
27.0,10,13,0,328
27.0,10,13,1,330
27.0,10,13,2,332
27.0,10,13,3,333
27.0,10,13,4,335
27.0,10,13,5,336
27.0,10,13,6,338
27.0,10,13,7,340
27.0,10,13,8,341
27.0,10,13,9,343
27.0,10,13,10,344
27.0,10,13,11,346
27.0,10,13,12,347
27.0,10,13,13,349
27.0,10,13,14,350
27.0,10,13,15,352
27.0,10,14,0,330
27.0,10,14,1,332
27.0,10,14,2,333
27.0,10,14,3,335
27.0,10,14,4,337
27.0,10,14,5,338
27.0,10,14,6,340
27.0,10,14,7,341
27.0,10,14,8,343
27.0,10,14,9,344
27.0,10,14,10,346
27.0,10,14,11,348
27.0,10,14,12,349
27.0,10,14,13,351
27.0,10,14,14,352
27.0,10,14,15,354
27.0,10,15,0,332
27.0,10,15,1,334
27.0,10,15,2,335
27.0,10,15,3,337
27.0,10,15,4,338
27.0,10,15,5,340
27.0,10,15,6,342
27.0,10,15,7,343
27.0,10,15,8,345
27.0,10,15,9,346
27.0,10,15,10,348
27.0,10,15,11,349
27.0,10,15,12,351
27.0,10,15,13,352
27.0,10,15,14,354
27.0,10,15,15,356
27.0,11,0,0,310
27.0,11,0,1,311
27.0,11,0,2,313
27.0,11,0,3,314
27.0,11,0,4,316
27.0,11,0,5,317
27.0,11,0,6,319
27.0,11,0,7,320
27.0,11,0,8,322
27.0,11,0,9,323
27.0,11,0,10,325
27.0,11,0,11,326
27.0,11,0,12,328
27.0,11,0,13,329
27.0,11,0,14,330
27.0,11,0,15,332
27.0,11,1,0,312
27.0,11,1,1,313
27.0,11,1,2,315
27.0,11,1,3,316
27.0,11,1,4,318
27.0,11,1,5,319
27.0,11,1,6,321
27.0,11,1,7,322
27.0,11,1,8,324
27.0,11,1,9,325
27.0,11,1,10,327
27.0,11,1,11,328
27.0,11,1,12,330
27.0,11,1,13,331
27.0,11,1,14,332
27.0,11,1,15,334
27.0,11,2,0,314
27.0,11,2,1,315
27.0,11,2,2,317
27.0,11,2,3,318
27.0,11,2,4,320
27.0,11,2,5,321
27.0,11,2,6,323
27.0,11,2,7,324
27.0,11,2,8,326
27.0,11,2,9,327
27.0,11,2,10,329
27.0,11,2,11,330
27.0,11,2,12,332
27.0,11,2,13,333
27.0,11,2,14,334
27.0,11,2,15,336
27.0,11,3,0,315
27.0,11,3,1,317
27.0,11,3,2,318
27.0,11,3,3,320
27.0,11,3,4,322
27.0,11,3,5,323
27.0,11,3,6,325
27.0,11,3,7,326
27.0,11,3,8,328
27.0,11,3,9,329
27.0,11,3,10,331
27.0,11,3,11,332
27.0,11,3,12,333
27.0,11,3,13,335
27.0,11,3,14,336
27.0,11,3,15,338
27.0,11,4,0,317
27.0,11,4,1,319
27.0,11,4,2,320
27.0,11,4,3,322
27.0,11,4,4,323
27.0,11,4,5,325
27.0,11,4,6,326
27.0,11,4,7,328
27.0,11,4,8,329
27.0,11,4,9,331
27.0,11,4,10,332
27.0,11,4,11,334
27.0,11,4,12,335
27.0,11,4,13,337
27.0,11,4,14,338
27.0,11,4,15,340
27.0,11,5,0,319
27.0,11,5,1,321
27.0,11,5,2,322
27.0,11,5,3,324
27.0,11,5,4,325
27.0,11,5,5,327
27.0,11,5,6,328
27.0,11,5,7,330
27.0,11,5,8,331
27.0,11,5,9,333
27.0,11,5,10,334
27.0,11,5,11,336
27.0,11,5,12,337
27.0,11,5,13,339
27.0,11,5,14,340
27.0,11,5,15,342
27.0,11,6,0,321
27.0,11,6,1,322
27.0,11,6,2,324
27.0,11,6,3,326
27.0,11,6,4,327
27.0,11,6,5,329
27.0,11,6,6,330
27.0,11,6,7,332
27.0,11,6,8,333
27.0,11,6,9,335
27.0,11,6,10,336
27.0,11,6,11,338
27.0,11,6,12,339
27.0,11,6,13,341
27.0,11,6,14,342
27.0,11,6,15,344
27.0,11,7,0,323
27.0,11,7,1,324
27.0,11,7,2,326
27.0,11,7,3,327
27.0,11,7,4,329
27.0,11,7,5,330
27.0,11,7,6,332
27.0,11,7,7,334
27.0,11,7,8,335
27.0,11,7,9,337
27.0,11,7,10,338
27.0,11,7,11,340
27.0,11,7,12,341
27.0,11,7,13,343
27.0,11,7,14,344
27.0,11,7,15,346
27.0,11,8,0,324
27.0,11,8,1,326
27.0,11,8,2,328
27.0,11,8,3,329
27.0,11,8,4,331
27.0,11,8,5,332
27.0,11,8,6,334
27.0,11,8,7,335
27.0,11,8,8,337
27.0,11,8,9,338
27.0,11,8,10,340
27.0,11,8,11,342
27.0,11,8,12,343
27.0,11,8,13,345
27.0,11,8,14,346
27.0,11,8,15,348
27.0,11,9,0,326
27.0,11,9,1,328
27.0,11,9,2,329
27.0,11,9,3,331
27.0,11,9,4,333
27.0,11,9,5,334
27.0,11,9,6,336
27.0,11,9,7,337
27.0,11,9,8,339
27.0,11,9,9,340
27.0,11,9,10,342
27.0,11,9,11,343
27.0,11,9,12,345
27.0,11,9,13,346
27.0,11,9,14,348
27.0,11,9,15,349
27.0,11,10,0,328
27.0,11,10,1,330
27.0,11,10,2,331
27.0,11,10,3,333
27.0,11,10,4,334
27.0,11,10,5,336
27.0,11,10,6,338
27.0,11,10,7,339
27.0,11,10,8,341
27.0,11,10,9,342
27.0,11,10,10,344
27.0,11,10,11,345
27.0,11,10,12,347
27.0,11,10,13,348
27.0,11,10,14,350
27.0,11,10,15,351
27.0,11,11,0,330
27.0,11,11,1,331
27.0,11,11,2,333
27.0,11,11,3,335
27.0,11,11,4,336
27.0,11,11,5,338
27.0,11,11,6,339
27.0,11,11,7,341
27.0,11,11,8,342
27.0,11,11,9,344
27.0,11,11,10,346
27.0,11,11,11,347
27.0,11,11,12,349
27.0,11,11,13,350
27.0,11,11,14,352
27.0,11,11,15,353
27.0,11,12,0,332
27.0,11,12,1,333
27.0,11,12,2,335
27.0,11,12,3,336
27.0,11,12,4,338
27.0,11,12,5,340
27.0,11,12,6,341
27.0,11,12,7,343
27.0,11,12,8,344
27.0,11,12,9,346
27.0,11,12,10,347
27.0,11,12,11,349
27.0,11,12,12,351
27.0,11,12,13,352
27.0,11,12,14,354
27.0,11,12,15,355
27.0,11,13,0,333
27.0,11,13,1,335
27.0,11,13,2,337
27.0,11,13,3,338
27.0,11,13,4,340
27.0,11,13,5,341
27.0,11,13,6,343
27.0,11,13,7,345
27.0,11,13,8,346
27.0,11,13,9,348
27.0,11,13,10,349
27.0,11,13,11,351
27.0,11,13,12,352
27.0,11,13,13,354
27.0,11,13,14,355
27.0,11,13,15,357
27.0,11,14,0,335
27.0,11,14,1,337
27.0,11,14,2,338
27.0,11,14,3,340
27.0,11,14,4,342
27.0,11,14,5,343
27.0,11,14,6,345
27.0,11,14,7,346
27.0,11,14,8,348
27.0,11,14,9,349
27.0,11,14,10,351
27.0,11,14,11,353
27.0,11,14,12,354
27.0,11,14,13,356
27.0,11,14,14,357
27.0,11,14,15,359
27.0,11,15,0,337
27.0,11,15,1,338
27.0,11,15,2,340
27.0,11,15,3,342
27.0,11,15,4,343
27.0,11,15,5,345
27.0,11,15,6,346
27.0,11,15,7,348
27.0,11,15,8,350
27.0,11,15,9,351
27.0,11,15,10,353
27.0,11,15,11,354
27.0,11,15,12,356
27.0,11,15,13,358
27.0,11,15,14,359
27.0,11,15,15,361
27.0,12,0,0,314
27.0,12,0,1,316
27.0,12,0,2,317
27.0,12,0,3,319
27.0,12,0,4,320
27.0,12,0,5,322
27.0,12,0,6,323
27.0,12,0,7,325
27.0,12,0,8,326
27.0,12,0,9,328
27.0,12,0,10,329
27.0,12,0,11,331
27.0,12,0,12,332
27.0,12,0,13,334
27.0,12,0,14,335
27.0,12,0,15,337
27.0,12,1,0,316
27.0,12,1,1,318
27.0,12,1,2,319
27.0,12,1,3,321
27.0,12,1,4,322
27.0,12,1,5,324
27.0,12,1,6,325
27.0,12,1,7,327
27.0,12,1,8,328
27.0,12,1,9,330
27.0,12,1,10,331
27.0,12,1,11,333
27.0,12,1,12,334
27.0,12,1,13,336
27.0,12,1,14,337
27.0,12,1,15,339
27.0,12,2,0,318
27.0,12,2,1,320
27.0,12,2,2,321
27.0,12,2,3,323
27.0,12,2,4,324
27.0,12,2,5,326
27.0,12,2,6,327
27.0,12,2,7,329
27.0,12,2,8,330
27.0,12,2,9,332
27.0,12,2,10,333
27.0,12,2,11,335
27.0,12,2,12,336
27.0,12,2,13,338
27.0,12,2,14,339
27.0,12,2,15,341
27.0,12,3,0,320
27.0,12,3,1,321
27.0,12,3,2,323
27.0,12,3,3,325
27.0,12,3,4,326
27.0,12,3,5,328
27.0,12,3,6,329
27.0,12,3,7,331
27.0,12,3,8,332
27.0,12,3,9,334
27.0,12,3,10,335
27.0,12,3,11,337
27.0,12,3,12,338
27.0,12,3,13,340
27.0,12,3,14,341
27.0,12,3,15,343
27.0,12,4,0,322
27.0,12,4,1,323
27.0,12,4,2,325
27.0,12,4,3,326
27.0,12,4,4,328
27.0,12,4,5,330
27.0,12,4,6,331
27.0,12,4,7,333
27.0,12,4,8,334
27.0,12,4,9,336
27.0,12,4,10,337
27.0,12,4,11,339
27.0,12,4,12,340
27.0,12,4,13,342
27.0,12,4,14,343
27.0,12,4,15,345
27.0,12,5,0,324
27.0,12,5,1,325
27.0,12,5,2,327
27.0,12,5,3,328
27.0,12,5,4,330
27.0,12,5,5,331
27.0,12,5,6,333
27.0,12,5,7,335
27.0,12,5,8,336
27.0,12,5,9,338
27.0,12,5,10,339
27.0,12,5,11,341
27.0,12,5,12,342
27.0,12,5,13,344
27.0,12,5,14,345
27.0,12,5,15,347
27.0,12,6,0,325
27.0,12,6,1,327
27.0,12,6,2,329
27.0,12,6,3,330
27.0,12,6,4,332
27.0,12,6,5,333
27.0,12,6,6,335
27.0,12,6,7,336
27.0,12,6,8,338
27.0,12,6,9,340
27.0,12,6,10,341
27.0,12,6,11,343
27.0,12,6,12,344
27.0,12,6,13,346
27.0,12,6,14,347
27.0,12,6,15,349
27.0,12,7,0,327
27.0,12,7,1,329
27.0,12,7,2,330
27.0,12,7,3,332
27.0,12,7,4,334
27.0,12,7,5,335
27.0,12,7,6,337
27.0,12,7,7,338
27.0,12,7,8,340
27.0,12,7,9,341
27.0,12,7,10,343
27.0,12,7,11,344
27.0,12,7,12,346
27.0,12,7,13,348
27.0,12,7,14,349
27.0,12,7,15,351
27.0,12,8,0,329
27.0,12,8,1,331
27.0,12,8,2,332
27.0,12,8,3,334
27.0,12,8,4,335
27.0,12,8,5,337
27.0,12,8,6,339
27.0,12,8,7,340
27.0,12,8,8,342
27.0,12,8,9,343
27.0,12,8,10,345
27.0,12,8,11,346
27.0,12,8,12,348
27.0,12,8,13,349
27.0,12,8,14,351
27.0,12,8,15,352
27.0,12,9,0,331
27.0,12,9,1,333
27.0,12,9,2,334
27.0,12,9,3,336
27.0,12,9,4,337
27.0,12,9,5,339
27.0,12,9,6,341
27.0,12,9,7,342
27.0,12,9,8,344
27.0,12,9,9,345
27.0,12,9,10,347
27.0,12,9,11,348
27.0,12,9,12,350
27.0,12,9,13,351
27.0,12,9,14,353
27.0,12,9,15,354
27.0,12,10,0,333
27.0,12,10,1,334
27.0,12,10,2,336
27.0,12,10,3,338
27.0,12,10,4,339
27.0,12,10,5,341
27.0,12,10,6,342
27.0,12,10,7,344
27.0,12,10,8,346
27.0,12,10,9,347
27.0,12,10,10,349
27.0,12,10,11,350
27.0,12,10,12,352
27.0,12,10,13,353
27.0,12,10,14,355
27.0,12,10,15,356
27.0,12,11,0,334
27.0,12,11,1,336
27.0,12,11,2,338
27.0,12,11,3,339
27.0,12,11,4,341
27.0,12,11,5,343
27.0,12,11,6,344
27.0,12,11,7,346
27.0,12,11,8,347
27.0,12,11,9,349
27.0,12,11,10,351
27.0,12,11,11,352
27.0,12,11,12,354
27.0,12,11,13,355
27.0,12,11,14,357
27.0,12,11,15,358
27.0,12,12,0,336
27.0,12,12,1,338
27.0,12,12,2,340
27.0,12,12,3,341
27.0,12,12,4,343
27.0,12,12,5,344
27.0,12,12,6,346
27.0,12,12,7,348
27.0,12,12,8,349
27.0,12,12,9,351
27.0,12,12,10,352
27.0,12,12,11,354
27.0,12,12,12,356
27.0,12,12,13,357
27.0,12,12,14,359
27.0,12,12,15,360
27.0,12,13,0,338
27.0,12,13,1,340
27.0,12,13,2,341
27.0,12,13,3,343
27.0,12,13,4,345
27.0,12,13,5,346
27.0,12,13,6,348
27.0,12,13,7,349
27.0,12,13,8,351
27.0,12,13,9,353
27.0,12,13,10,354
27.0,12,13,11,356
27.0,12,13,12,357
27.0,12,13,13,359
27.0,12,13,14,361
27.0,12,13,15,362
27.0,12,14,0,340
27.0,12,14,1,341
27.0,12,14,2,343
27.0,12,14,3,345
27.0,12,14,4,346
27.0,12,14,5,348
27.0,12,14,6,350
27.0,12,14,7,351
27.0,12,14,8,353
27.0,12,14,9,354
27.0,12,14,10,356
27.0,12,14,11,358
27.0,12,14,12,359
27.0,12,14,13,361
27.0,12,14,14,362
27.0,12,14,15,364
27.0,12,15,0,342
27.0,12,15,1,343
27.0,12,15,2,345
27.0,12,15,3,347
27.0,12,15,4,348
27.0,12,15,5,350
27.0,12,15,6,351
27.0,12,15,7,353
27.0,12,15,8,355
27.0,12,15,9,356
27.0,12,15,10,358
27.0,12,15,11,360
27.0,12,15,12,361
27.0,12,15,13,363
27.0,12,15,14,364
27.0,12,15,15,366
27.0,13,0,0,319
27.0,13,0,1,320
27.0,13,0,2,322
27.0,13,0,3,323
27.0,13,0,4,325
27.0,13,0,5,326
27.0,13,0,6,328
27.0,13,0,7,329
27.0,13,0,8,331
27.0,13,0,9,332
27.0,13,0,10,334
27.0,13,0,11,335
27.0,13,0,12,337
27.0,13,0,13,338
27.0,13,0,14,340
27.0,13,0,15,341
27.0,13,1,0,321
27.0,13,1,1,322
27.0,13,1,2,324
27.0,13,1,3,325
27.0,13,1,4,327
27.0,13,1,5,328
27.0,13,1,6,330
27.0,13,1,7,331
27.0,13,1,8,333
27.0,13,1,9,334
27.0,13,1,10,336
27.0,13,1,11,337
27.0,13,1,12,339
27.0,13,1,13,340
27.0,13,1,14,342
27.0,13,1,15,343
27.0,13,2,0,323
27.0,13,2,1,324
27.0,13,2,2,326
27.0,13,2,3,327
27.0,13,2,4,329
27.0,13,2,5,330
27.0,13,2,6,332
27.0,13,2,7,333
27.0,13,2,8,335
27.0,13,2,9,336
27.0,13,2,10,338
27.0,13,2,11,340
27.0,13,2,12,341
27.0,13,2,13,342
27.0,13,2,14,344
27.0,13,2,15,345
27.0,13,3,0,324
27.0,13,3,1,326
27.0,13,3,2,328
27.0,13,3,3,329
27.0,13,3,4,331
27.0,13,3,5,332
27.0,13,3,6,334
27.0,13,3,7,335
27.0,13,3,8,337
27.0,13,3,9,338
27.0,13,3,10,340
27.0,13,3,11,341
27.0,13,3,12,343
27.0,13,3,13,345
27.0,13,3,14,346
27.0,13,3,15,347
27.0,13,4,0,326
27.0,13,4,1,328
27.0,13,4,2,329
27.0,13,4,3,331
27.0,13,4,4,333
27.0,13,4,5,334
27.0,13,4,6,336
27.0,13,4,7,337
27.0,13,4,8,339
27.0,13,4,9,340
27.0,13,4,10,342
27.0,13,4,11,343
27.0,13,4,12,345
27.0,13,4,13,347
27.0,13,4,14,348
27.0,13,4,15,350
27.0,13,5,0,328
27.0,13,5,1,330
27.0,13,5,2,331
27.0,13,5,3,333
27.0,13,5,4,335
27.0,13,5,5,336
27.0,13,5,6,338
27.0,13,5,7,339
27.0,13,5,8,341
27.0,13,5,9,342
27.0,13,5,10,344
27.0,13,5,11,345
27.0,13,5,12,347
27.0,13,5,13,348
27.0,13,5,14,350
27.0,13,5,15,352
27.0,13,6,0,330
27.0,13,6,1,332
27.0,13,6,2,333
27.0,13,6,3,335
27.0,13,6,4,336
27.0,13,6,5,338
27.0,13,6,6,340
27.0,13,6,7,341
27.0,13,6,8,343
27.0,13,6,9,344
27.0,13,6,10,346
27.0,13,6,11,347
27.0,13,6,12,349
27.0,13,6,13,350
27.0,13,6,14,352
27.0,13,6,15,354
27.0,13,7,0,332
27.0,13,7,1,334
27.0,13,7,2,335
27.0,13,7,3,337
27.0,13,7,4,338
27.0,13,7,5,340
27.0,13,7,6,342
27.0,13,7,7,343
27.0,13,7,8,345
27.0,13,7,9,346
27.0,13,7,10,348
27.0,13,7,11,349
27.0,13,7,12,351
27.0,13,7,13,352
27.0,13,7,14,354
27.0,13,7,15,355
27.0,13,8,0,334
27.0,13,8,1,335
27.0,13,8,2,337
27.0,13,8,3,339
27.0,13,8,4,340
27.0,13,8,5,342
27.0,13,8,6,343
27.0,13,8,7,345
27.0,13,8,8,347
27.0,13,8,9,348
27.0,13,8,10,350
27.0,13,8,11,351
27.0,13,8,12,353
27.0,13,8,13,354
27.0,13,8,14,356
27.0,13,8,15,357
27.0,13,9,0,336
27.0,13,9,1,337
27.0,13,9,2,339
27.0,13,9,3,340
27.0,13,9,4,342
27.0,13,9,5,344
27.0,13,9,6,345
27.0,13,9,7,347
27.0,13,9,8,348
27.0,13,9,9,350
27.0,13,9,10,352
27.0,13,9,11,353
27.0,13,9,12,355
27.0,13,9,13,356
27.0,13,9,14,358
27.0,13,9,15,359
27.0,13,10,0,337
27.0,13,10,1,339
27.0,13,10,2,341
27.0,13,10,3,342
27.0,13,10,4,344
27.0,13,10,5,346
27.0,13,10,6,347
27.0,13,10,7,349
27.0,13,10,8,350
27.0,13,10,9,352
27.0,13,10,10,354
27.0,13,10,11,355
27.0,13,10,12,357
27.0,13,10,13,358
27.0,13,10,14,360
27.0,13,10,15,361
27.0,13,11,0,339
27.0,13,11,1,341
27.0,13,11,2,343
27.0,13,11,3,344
27.0,13,11,4,346
27.0,13,11,5,347
27.0,13,11,6,349
27.0,13,11,7,351
27.0,13,11,8,352
27.0,13,11,9,354
27.0,13,11,10,355
27.0,13,11,11,357
27.0,13,11,12,359
27.0,13,11,13,360
27.0,13,11,14,362
27.0,13,11,15,363
27.0,13,12,0,341
27.0,13,12,1,343
27.0,13,12,2,344
27.0,13,12,3,346
27.0,13,12,4,348
27.0,13,12,5,349
27.0,13,12,6,351
27.0,13,12,7,353
27.0,13,12,8,354
27.0,13,12,9,356
27.0,13,12,10,357
27.0,13,12,11,359
27.0,13,12,12,361
27.0,13,12,13,362
27.0,13,12,14,364
27.0,13,12,15,365
27.0,13,13,0,343
27.0,13,13,1,344
27.0,13,13,2,346
27.0,13,13,3,348
27.0,13,13,4,349
27.0,13,13,5,351
27.0,13,13,6,353
27.0,13,13,7,354
27.0,13,13,8,356
27.0,13,13,9,358
27.0,13,13,10,359
27.0,13,13,11,361
27.0,13,13,12,362
27.0,13,13,13,364
27.0,13,13,14,366
27.0,13,13,15,367
27.0,13,14,0,345
27.0,13,14,1,346
27.0,13,14,2,348
27.0,13,14,3,350
27.0,13,14,4,351
27.0,13,14,5,353
27.0,13,14,6,355
27.0,13,14,7,356
27.0,13,14,8,358
27.0,13,14,9,359
27.0,13,14,10,361
27.0,13,14,11,363
27.0,13,14,12,364
27.0,13,14,13,366
27.0,13,14,14,367
27.0,13,14,15,369
27.0,13,15,0,346
27.0,13,15,1,348
27.0,13,15,2,350
27.0,13,15,3,351
27.0,13,15,4,353
27.0,13,15,5,355
27.0,13,15,6,356
27.0,13,15,7,358
27.0,13,15,8,360
27.0,13,15,9,361
27.0,13,15,10,363
27.0,13,15,11,365
27.0,13,15,12,366
27.0,13,15,13,368
27.0,13,15,14,369
27.0,13,15,15,371
27.0,14,0,0,323
27.0,14,0,1,325
27.0,14,0,2,326
27.0,14,0,3,328
27.0,14,0,4,329
27.0,14,0,5,331
27.0,14,0,6,333
27.0,14,0,7,334
27.0,14,0,8,336
27.0,14,0,9,337
27.0,14,0,10,339
27.0,14,0,11,340
27.0,14,0,12,342
27.0,14,0,13,343
27.0,14,0,14,345
27.0,14,0,15,346
27.0,14,1,0,325
27.0,14,1,1,327
27.0,14,1,2,328
27.0,14,1,3,330
27.0,14,1,4,331
27.0,14,1,5,333
27.0,14,1,6,335
27.0,14,1,7,336
27.0,14,1,8,338
27.0,14,1,9,339
27.0,14,1,10,341
27.0,14,1,11,342
27.0,14,1,12,344
27.0,14,1,13,345
27.0,14,1,14,347
27.0,14,1,15,348
27.0,14,2,0,327
27.0,14,2,1,329
27.0,14,2,2,330
27.0,14,2,3,332
27.0,14,2,4,333
27.0,14,2,5,335
27.0,14,2,6,337
27.0,14,2,7,338
27.0,14,2,8,340
27.0,14,2,9,341
27.0,14,2,10,343
27.0,14,2,11,344
27.0,14,2,12,346
27.0,14,2,13,347
27.0,14,2,14,349
27.0,14,2,15,350
27.0,14,3,0,329
27.0,14,3,1,331
27.0,14,3,2,332
27.0,14,3,3,334
27.0,14,3,4,335
27.0,14,3,5,337
27.0,14,3,6,338
27.0,14,3,7,340
27.0,14,3,8,342
27.0,14,3,9,343
27.0,14,3,10,345
27.0,14,3,11,346
27.0,14,3,12,348
27.0,14,3,13,349
27.0,14,3,14,351
27.0,14,3,15,352
27.0,14,4,0,331
27.0,14,4,1,332
27.0,14,4,2,334
27.0,14,4,3,336
27.0,14,4,4,337
27.0,14,4,5,339
27.0,14,4,6,340
27.0,14,4,7,342
27.0,14,4,8,344
27.0,14,4,9,345
27.0,14,4,10,347
27.0,14,4,11,348
27.0,14,4,12,350
27.0,14,4,13,351
27.0,14,4,14,353
27.0,14,4,15,354
27.0,14,5,0,333
27.0,14,5,1,334
27.0,14,5,2,336
27.0,14,5,3,338
27.0,14,5,4,339
27.0,14,5,5,341
27.0,14,5,6,342
27.0,14,5,7,344
27.0,14,5,8,346
27.0,14,5,9,347
27.0,14,5,10,349
27.0,14,5,11,350
27.0,14,5,12,352
27.0,14,5,13,353
27.0,14,5,14,355
27.0,14,5,15,356
27.0,14,6,0,335
27.0,14,6,1,336
27.0,14,6,2,338
27.0,14,6,3,340
27.0,14,6,4,341
27.0,14,6,5,343
27.0,14,6,6,344
27.0,14,6,7,346
27.0,14,6,8,348
27.0,14,6,9,349
27.0,14,6,10,351
27.0,14,6,11,352
27.0,14,6,12,354
27.0,14,6,13,355
27.0,14,6,14,357
27.0,14,6,15,358
27.0,14,7,0,337
27.0,14,7,1,338
27.0,14,7,2,340
27.0,14,7,3,341
27.0,14,7,4,343
27.0,14,7,5,345
27.0,14,7,6,346
27.0,14,7,7,348
27.0,14,7,8,349
27.0,14,7,9,351
27.0,14,7,10,353
27.0,14,7,11,354
27.0,14,7,12,356
27.0,14,7,13,357
27.0,14,7,14,359
27.0,14,7,15,360
27.0,14,8,0,338
27.0,14,8,1,340
27.0,14,8,2,342
27.0,14,8,3,343
27.0,14,8,4,345
27.0,14,8,5,347
27.0,14,8,6,348
27.0,14,8,7,350
27.0,14,8,8,351
27.0,14,8,9,353
27.0,14,8,10,355
27.0,14,8,11,356
27.0,14,8,12,358
27.0,14,8,13,359
27.0,14,8,14,361
27.0,14,8,15,362
27.0,14,9,0,340
27.0,14,9,1,342
27.0,14,9,2,344
27.0,14,9,3,345
27.0,14,9,4,347
27.0,14,9,5,348
27.0,14,9,6,350
27.0,14,9,7,352
27.0,14,9,8,353
27.0,14,9,9,355
27.0,14,9,10,357
27.0,14,9,11,358
27.0,14,9,12,360
27.0,14,9,13,361
27.0,14,9,14,363
27.0,14,9,15,364
27.0,14,10,0,342
27.0,14,10,1,344
27.0,14,10,2,345
27.0,14,10,3,347
27.0,14,10,4,349
27.0,14,10,5,350
27.0,14,10,6,352
27.0,14,10,7,354
27.0,14,10,8,355
27.0,14,10,9,357
27.0,14,10,10,358
27.0,14,10,11,360
27.0,14,10,12,362
27.0,14,10,13,363
27.0,14,10,14,365
27.0,14,10,15,366
27.0,14,11,0,344
27.0,14,11,1,346
27.0,14,11,2,347
27.0,14,11,3,349
27.0,14,11,4,351
27.0,14,11,5,352
27.0,14,11,6,354
27.0,14,11,7,356
27.0,14,11,8,357
27.0,14,11,9,359
27.0,14,11,10,360
27.0,14,11,11,362
27.0,14,11,12,364
27.0,14,11,13,365
27.0,14,11,14,367
27.0,14,11,15,368
27.0,14,12,0,346
27.0,14,12,1,347
27.0,14,12,2,349
27.0,14,12,3,351
27.0,14,12,4,352
27.0,14,12,5,354
27.0,14,12,6,356
27.0,14,12,7,357
27.0,14,12,8,359
27.0,14,12,9,361
27.0,14,12,10,362
27.0,14,12,11,364
27.0,14,12,12,366
27.0,14,12,13,367
27.0,14,12,14,369
27.0,14,12,15,370
27.0,14,13,0,348
27.0,14,13,1,349
27.0,14,13,2,351
27.0,14,13,3,353
27.0,14,13,4,354
27.0,14,13,5,356
27.0,14,13,6,358
27.0,14,13,7,359
27.0,14,13,8,361
27.0,14,13,9,363
27.0,14,13,10,364
27.0,14,13,11,366
27.0,14,13,12,367
27.0,14,13,13,369
27.0,14,13,14,371
27.0,14,13,15,372
27.0,14,14,0,349
27.0,14,14,1,351
27.0,14,14,2,353
27.0,14,14,3,354
27.0,14,14,4,356
27.0,14,14,5,358
27.0,14,14,6,360
27.0,14,14,7,361
27.0,14,14,8,363
27.0,14,14,9,364
27.0,14,14,10,366
27.0,14,14,11,368
27.0,14,14,12,369
27.0,14,14,13,371
27.0,14,14,14,373
27.0,14,14,15,374
27.0,14,15,0,351
27.0,14,15,1,353
27.0,14,15,2,355
27.0,14,15,3,356
27.0,14,15,4,358
27.0,14,15,5,360
27.0,14,15,6,361
27.0,14,15,7,363
27.0,14,15,8,365
27.0,14,15,9,366
27.0,14,15,10,368
27.0,14,15,11,370
27.0,14,15,12,371
27.0,14,15,13,373
27.0,14,15,14,375
27.0,14,15,15,376
27.0,15,0,0,328
27.0,15,0,1,329
27.0,15,0,2,331
27.0,15,0,3,332
27.0,15,0,4,334
27.0,15,0,5,336
27.0,15,0,6,337
27.0,15,0,7,339
27.0,15,0,8,340
27.0,15,0,9,342
27.0,15,0,10,343
27.0,15,0,11,345
27.0,15,0,12,346
27.0,15,0,13,348
27.0,15,0,14,349
27.0,15,0,15,351
27.0,15,1,0,330
27.0,15,1,1,331
27.0,15,1,2,333
27.0,15,1,3,334
27.0,15,1,4,336
27.0,15,1,5,338
27.0,15,1,6,339
27.0,15,1,7,341
27.0,15,1,8,342
27.0,15,1,9,344
27.0,15,1,10,345
27.0,15,1,11,347
27.0,15,1,12,348
27.0,15,1,13,350
27.0,15,1,14,351
27.0,15,1,15,353
27.0,15,2,0,332
27.0,15,2,1,333
27.0,15,2,2,335
27.0,15,2,3,336
27.0,15,2,4,338
27.0,15,2,5,340
27.0,15,2,6,341
27.0,15,2,7,343
27.0,15,2,8,344
27.0,15,2,9,346
27.0,15,2,10,347
27.0,15,2,11,349
27.0,15,2,12,350
27.0,15,2,13,352
27.0,15,2,14,354
27.0,15,2,15,355
27.0,15,3,0,333
27.0,15,3,1,335
27.0,15,3,2,337
27.0,15,3,3,338
27.0,15,3,4,340
27.0,15,3,5,342
27.0,15,3,6,343
27.0,15,3,7,345
27.0,15,3,8,346
27.0,15,3,9,348
27.0,15,3,10,349
27.0,15,3,11,351
27.0,15,3,12,353
27.0,15,3,13,354
27.0,15,3,14,356
27.0,15,3,15,357
27.0,15,4,0,335
27.0,15,4,1,337
27.0,15,4,2,339
27.0,15,4,3,340
27.0,15,4,4,342
27.0,15,4,5,344
27.0,15,4,6,345
27.0,15,4,7,347
27.0,15,4,8,348
27.0,15,4,9,350
27.0,15,4,10,351
27.0,15,4,11,353
27.0,15,4,12,355
27.0,15,4,13,356
27.0,15,4,14,358
27.0,15,4,15,359
27.0,15,5,0,337
27.0,15,5,1,339
27.0,15,5,2,341
27.0,15,5,3,342
27.0,15,5,4,344
27.0,15,5,5,345
27.0,15,5,6,347
27.0,15,5,7,349
27.0,15,5,8,350
27.0,15,5,9,352
27.0,15,5,10,353
27.0,15,5,11,355
27.0,15,5,12,357
27.0,15,5,13,358
27.0,15,5,14,360
27.0,15,5,15,361
27.0,15,6,0,339
27.0,15,6,1,341
27.0,15,6,2,343
27.0,15,6,3,344
27.0,15,6,4,346
27.0,15,6,5,347
27.0,15,6,6,349
27.0,15,6,7,351
27.0,15,6,8,352
27.0,15,6,9,354
27.0,15,6,10,355
27.0,15,6,11,357
27.0,15,6,12,359
27.0,15,6,13,360
27.0,15,6,14,362
27.0,15,6,15,363
27.0,15,7,0,341
27.0,15,7,1,343
27.0,15,7,2,344
27.0,15,7,3,346
27.0,15,7,4,348
27.0,15,7,5,349
27.0,15,7,6,351
27.0,15,7,7,353
27.0,15,7,8,354
27.0,15,7,9,356
27.0,15,7,10,357
27.0,15,7,11,359
27.0,15,7,12,361
27.0,15,7,13,362
27.0,15,7,14,364
27.0,15,7,15,365
27.0,15,8,0,343
27.0,15,8,1,345
27.0,15,8,2,346
27.0,15,8,3,348
27.0,15,8,4,350
27.0,15,8,5,351
27.0,15,8,6,353
27.0,15,8,7,355
27.0,15,8,8,356
27.0,15,8,9,358
27.0,15,8,10,359
27.0,15,8,11,361
27.0,15,8,12,363
27.0,15,8,13,364
27.0,15,8,14,366
27.0,15,8,15,367
27.0,15,9,0,345
27.0,15,9,1,347
27.0,15,9,2,348
27.0,15,9,3,350
27.0,15,9,4,352
27.0,15,9,5,353
27.0,15,9,6,355
27.0,15,9,7,357
27.0,15,9,8,358
27.0,15,9,9,360
27.0,15,9,10,361
27.0,15,9,11,363
27.0,15,9,12,365
27.0,15,9,13,366
27.0,15,9,14,368
27.0,15,9,15,369
27.0,15,10,0,347
27.0,15,10,1,348
27.0,15,10,2,350
27.0,15,10,3,352
27.0,15,10,4,354
27.0,15,10,5,355
27.0,15,10,6,357
27.0,15,10,7,358
27.0,15,10,8,360
27.0,15,10,9,362
27.0,15,10,10,363
27.0,15,10,11,365
27.0,15,10,12,367
27.0,15,10,13,368
27.0,15,10,14,370
27.0,15,10,15,371
27.0,15,11,0,349
27.0,15,11,1,350
27.0,15,11,2,352
27.0,15,11,3,354
27.0,15,11,4,355
27.0,15,11,5,357
27.0,15,11,6,359
27.0,15,11,7,360
27.0,15,11,8,362
27.0,15,11,9,364
27.0,15,11,10,365
27.0,15,11,11,367
27.0,15,11,12,369
27.0,15,11,13,370
27.0,15,11,14,372
27.0,15,11,15,373
27.0,15,12,0,350
27.0,15,12,1,352
27.0,15,12,2,354
27.0,15,12,3,356
27.0,15,12,4,357
27.0,15,12,5,359
27.0,15,12,6,361
27.0,15,12,7,362
27.0,15,12,8,364
27.0,15,12,9,366
27.0,15,12,10,367
27.0,15,12,11,369
27.0,15,12,12,371
27.0,15,12,13,372
27.0,15,12,14,374
27.0,15,12,15,375
27.0,15,13,0,352
27.0,15,13,1,354
27.0,15,13,2,356
27.0,15,13,3,357
27.0,15,13,4,359
27.0,15,13,5,361
27.0,15,13,6,363
27.0,15,13,7,364
27.0,15,13,8,366
27.0,15,13,9,368
27.0,15,13,10,369
27.0,15,13,11,371
27.0,15,13,12,373
27.0,15,13,13,374
27.0,15,13,14,376
27.0,15,13,15,377
27.0,15,14,0,354
27.0,15,14,1,356
27.0,15,14,2,358
27.0,15,14,3,359
27.0,15,14,4,361
27.0,15,14,5,363
27.0,15,14,6,364
27.0,15,14,7,366
27.0,15,14,8,368
27.0,15,14,9,369
27.0,15,14,10,371
27.0,15,14,11,373
27.0,15,14,12,374
27.0,15,14,13,376
27.0,15,14,14,378
27.0,15,14,15,379
27.0,15,15,0,356
27.0,15,15,1,358
27.0,15,15,2,359
27.0,15,15,3,361
27.0,15,15,4,363
27.0,15,15,5,365
27.0,15,15,6,366
27.0,15,15,7,368
27.0,15,15,8,370
27.0,15,15,9,371
27.0,15,15,10,373
27.0,15,15,11,375
27.0,15,15,12,376
27.0,15,15,13,378
27.0,15,15,14,380
27.0,15,15,15,381
27.5,0,0,0,266
27.5,0,0,1,267
27.5,0,0,2,269
27.5,0,0,3,270
27.5,0,0,4,271
27.5,0,0,5,272
27.5,0,0,6,274
27.5,0,0,7,275
27.5,0,0,8,276
27.5,0,0,9,277
27.5,0,0,10,279
27.5,0,0,11,280
27.5,0,0,12,281
27.5,0,0,13,282
27.5,0,0,14,284
27.5,0,0,15,285
27.5,0,1,0,268
27.5,0,1,1,269
27.5,0,1,2,270
27.5,0,1,3,271
27.5,0,1,4,273
27.5,0,1,5,274
27.5,0,1,6,275
27.5,0,1,7,277
27.5,0,1,8,278
27.5,0,1,9,279
27.5,0,1,10,280
27.5,0,1,11,282
27.5,0,1,12,283
27.5,0,1,13,284
27.5,0,1,14,285
27.5,0,1,15,287
27.5,0,2,0,269
27.5,0,2,1,270
27.5,0,2,2,272
27.5,0,2,3,273
27.5,0,2,4,274
27.5,0,2,5,276
27.5,0,2,6,277
27.5,0,2,7,278
27.5,0,2,8,279
27.5,0,2,9,281
27.5,0,2,10,282
27.5,0,2,11,283
27.5,0,2,12,285
27.5,0,2,13,286
27.5,0,2,14,287
27.5,0,2,15,288
27.5,0,3,0,271
27.5,0,3,1,272
27.5,0,3,2,273
27.5,0,3,3,275
27.5,0,3,4,276
27.5,0,3,5,277
27.5,0,3,6,279
27.5,0,3,7,280
27.5,0,3,8,281
27.5,0,3,9,282
27.5,0,3,10,284
27.5,0,3,11,285
27.5,0,3,12,286
27.5,0,3,13,287
27.5,0,3,14,289
27.5,0,3,15,290
27.5,0,4,0,272
27.5,0,4,1,274
27.5,0,4,2,275
27.5,0,4,3,276
27.5,0,4,4,278
27.5,0,4,5,279
27.5,0,4,6,280
27.5,0,4,7,281
27.5,0,4,8,283
27.5,0,4,9,284
27.5,0,4,10,285
27.5,0,4,11,287
27.5,0,4,12,288
27.5,0,4,13,289
27.5,0,4,14,290
27.5,0,4,15,292
27.5,0,5,0,274
27.5,0,5,1,275
27.5,0,5,2,276
27.5,0,5,3,278
27.5,0,5,4,279
27.5,0,5,5,280
27.5,0,5,6,282
27.5,0,5,7,283
27.5,0,5,8,284
27.5,0,5,9,286
27.5,0,5,10,287
27.5,0,5,11,288
27.5,0,5,12,290
27.5,0,5,13,291
27.5,0,5,14,292
27.5,0,5,15,293
27.5,0,6,0,275
27.5,0,6,1,277
27.5,0,6,2,278
27.5,0,6,3,279
27.5,0,6,4,281
27.5,0,6,5,282
27.5,0,6,6,283
27.5,0,6,7,285
27.5,0,6,8,286
27.5,0,6,9,287
27.5,0,6,10,289
27.5,0,6,11,290
27.5,0,6,12,291
27.5,0,6,13,292
27.5,0,6,14,294
27.5,0,6,15,295
27.5,0,7,0,277
27.5,0,7,1,278
27.5,0,7,2,280
27.5,0,7,3,281
27.5,0,7,4,282
27.5,0,7,5,284
27.5,0,7,6,285
27.5,0,7,7,286
27.5,0,7,8,288
27.5,0,7,9,289
27.5,0,7,10,290
27.5,0,7,11,291
27.5,0,7,12,293
27.5,0,7,13,294
27.5,0,7,14,295
27.5,0,7,15,297
27.5,0,8,0,278
27.5,0,8,1,280
27.5,0,8,2,281
27.5,0,8,3,283
27.5,0,8,4,284
27.5,0,8,5,285
27.5,0,8,6,287
27.5,0,8,7,288
27.5,0,8,8,289
27.5,0,8,9,291
27.5,0,8,10,292
27.5,0,8,11,293
27.5,0,8,12,294
27.5,0,8,13,296
27.5,0,8,14,297
27.5,0,8,15,298
27.5,0,9,0,280
27.5,0,9,1,281
27.5,0,9,2,283
27.5,0,9,3,284
27.5,0,9,4,285
27.5,0,9,5,287
27.5,0,9,6,288
27.5,0,9,7,289
27.5,0,9,8,291
27.5,0,9,9,292
27.5,0,9,10,293
27.5,0,9,11,295
27.5,0,9,12,296
27.5,0,9,13,297
27.5,0,9,14,299
27.5,0,9,15,300
27.5,0,10,0,282
27.5,0,10,1,283
27.5,0,10,2,284
27.5,0,10,3,286
27.5,0,10,4,287
27.5,0,10,5,288
27.5,0,10,6,290
27.5,0,10,7,291
27.5,0,10,8,292
27.5,0,10,9,294
27.5,0,10,10,295
27.5,0,10,11,296
27.5,0,10,12,298
27.5,0,10,13,299
27.5,0,10,14,300
27.5,0,10,15,302
27.5,0,11,0,283
27.5,0,11,1,284
27.5,0,11,2,286
27.5,0,11,3,287
27.5,0,11,4,289
27.5,0,11,5,290
27.5,0,11,6,291
27.5,0,11,7,293
27.5,0,11,8,294
27.5,0,11,9,295
27.5,0,11,10,297
27.5,0,11,11,298
27.5,0,11,12,299
27.5,0,11,13,301
27.5,0,11,14,302
27.5,0,11,15,303
27.5,0,12,0,285
27.5,0,12,1,286
27.5,0,12,2,287
27.5,0,12,3,289
27.5,0,12,4,290
27.5,0,12,5,291
27.5,0,12,6,293
27.5,0,12,7,294
27.5,0,12,8,295
27.5,0,12,9,297
27.5,0,12,10,298
27.5,0,12,11,300
27.5,0,12,12,301
27.5,0,12,13,302
27.5,0,12,14,303
27.5,0,12,15,305
27.5,0,13,0,286
27.5,0,13,1,287
27.5,0,13,2,289
27.5,0,13,3,290
27.5,0,13,4,292
27.5,0,13,5,293
27.5,0,13,6,294
27.5,0,13,7,296
27.5,0,13,8,297
27.5,0,13,9,298
27.5,0,13,10,300
27.5,0,13,11,301
27.5,0,13,12,302
27.5,0,13,13,304
27.5,0,13,14,305
27.5,0,13,15,306
27.5,0,14,0,288
27.5,0,14,1,289
27.5,0,14,2,290
27.5,0,14,3,292
27.5,0,14,4,293
27.5,0,14,5,294
27.5,0,14,6,296
27.5,0,14,7,297
27.5,0,14,8,299
27.5,0,14,9,300
27.5,0,14,10,301
27.5,0,14,11,303
27.5,0,14,12,304
27.5,0,14,13,305
27.5,0,14,14,307
27.5,0,14,15,308
27.5,0,15,0,289
27.5,0,15,1,290
27.5,0,15,2,292
27.5,0,15,3,293
27.5,0,15,4,295
27.5,0,15,5,296
27.5,0,15,6,297
27.5,0,15,7,299
27.5,0,15,8,300
27.5,0,15,9,301
27.5,0,15,10,303
27.5,0,15,11,304
27.5,0,15,12,306
27.5,0,15,13,307
27.5,0,15,14,308
27.5,0,15,15,310
27.5,1,0,0,270
27.5,1,0,1,272
27.5,1,0,2,273
27.5,1,0,3,274
27.5,1,0,4,276
27.5,1,0,5,277
27.5,1,0,6,278
27.5,1,0,7,280
27.5,1,0,8,281
27.5,1,0,9,282
27.5,1,0,10,283
27.5,1,0,11,285
27.5,1,0,12,286
27.5,1,0,13,287
27.5,1,0,14,288
27.5,1,0,15,290
27.5,1,1,0,272
27.5,1,1,1,273
27.5,1,1,2,275
27.5,1,1,3,276
27.5,1,1,4,277
27.5,1,1,5,279
27.5,1,1,6,280
27.5,1,1,7,281
27.5,1,1,8,283
27.5,1,1,9,284
27.5,1,1,10,285
27.5,1,1,11,286
27.5,1,1,12,288
27.5,1,1,13,289
27.5,1,1,14,290
27.5,1,1,15,291
27.5,1,2,0,274
27.5,1,2,1,275
27.5,1,2,2,276
27.5,1,2,3,278
27.5,1,2,4,279
27.5,1,2,5,280
27.5,1,2,6,282
27.5,1,2,7,283
27.5,1,2,8,284
27.5,1,2,9,286
27.5,1,2,10,287
27.5,1,2,11,288
27.5,1,2,12,289
27.5,1,2,13,291
27.5,1,2,14,292
27.5,1,2,15,293
27.5,1,3,0,275
27.5,1,3,1,277
27.5,1,3,2,278
27.5,1,3,3,279
27.5,1,3,4,281
27.5,1,3,5,282
27.5,1,3,6,283
27.5,1,3,7,285
27.5,1,3,8,286
27.5,1,3,9,287
27.5,1,3,10,288
27.5,1,3,11,290
27.5,1,3,12,291
27.5,1,3,13,292
27.5,1,3,14,294
27.5,1,3,15,295
27.5,1,4,0,277
27.5,1,4,1,278
27.5,1,4,2,280
27.5,1,4,3,281
27.5,1,4,4,282
27.5,1,4,5,284
27.5,1,4,6,285
27.5,1,4,7,286
27.5,1,4,8,288
27.5,1,4,9,289
27.5,1,4,10,290
27.5,1,4,11,291
27.5,1,4,12,293
27.5,1,4,13,294
27.5,1,4,14,295
27.5,1,4,15,297
27.5,1,5,0,278
27.5,1,5,1,280
27.5,1,5,2,281
27.5,1,5,3,283
27.5,1,5,4,284
27.5,1,5,5,285
27.5,1,5,6,287
27.5,1,5,7,288
27.5,1,5,8,289
27.5,1,5,9,291
27.5,1,5,10,292
27.5,1,5,11,293
27.5,1,5,12,294
27.5,1,5,13,296
27.5,1,5,14,297
27.5,1,5,15,298
27.5,1,6,0,280
27.5,1,6,1,281
27.5,1,6,2,283
27.5,1,6,3,284
27.5,1,6,4,286
27.5,1,6,5,287
27.5,1,6,6,288
27.5,1,6,7,290
27.5,1,6,8,291
27.5,1,6,9,292
27.5,1,6,10,293
27.5,1,6,11,295
27.5,1,6,12,296
27.5,1,6,13,297
27.5,1,6,14,299
27.5,1,6,15,300
27.5,1,7,0,282
27.5,1,7,1,283
27.5,1,7,2,284
27.5,1,7,3,286
27.5,1,7,4,287
27.5,1,7,5,288
27.5,1,7,6,290
27.5,1,7,7,291
27.5,1,7,8,292
27.5,1,7,9,294
27.5,1,7,10,295
27.5,1,7,11,296
27.5,1,7,12,298
27.5,1,7,13,299
27.5,1,7,14,300
27.5,1,7,15,302
27.5,1,8,0,283
27.5,1,8,1,285
27.5,1,8,2,286
27.5,1,8,3,287
27.5,1,8,4,289
27.5,1,8,5,290
27.5,1,8,6,291
27.5,1,8,7,293
27.5,1,8,8,294
27.5,1,8,9,295
27.5,1,8,10,297
27.5,1,8,11,298
27.5,1,8,12,299
27.5,1,8,13,301
27.5,1,8,14,302
27.5,1,8,15,303
27.5,1,9,0,285
27.5,1,9,1,286
27.5,1,9,2,288
27.5,1,9,3,289
27.5,1,9,4,290
27.5,1,9,5,292
27.5,1,9,6,293
27.5,1,9,7,294
27.5,1,9,8,296
27.5,1,9,9,297
27.5,1,9,10,298
27.5,1,9,11,300
27.5,1,9,12,301
27.5,1,9,13,302
27.5,1,9,14,304
27.5,1,9,15,305
27.5,1,10,0,286
27.5,1,10,1,288
27.5,1,10,2,289
27.5,1,10,3,290
27.5,1,10,4,292
27.5,1,10,5,293
27.5,1,10,6,295
27.5,1,10,7,296
27.5,1,10,8,297
27.5,1,10,9,299
27.5,1,10,10,300
27.5,1,10,11,301
27.5,1,10,12,303
27.5,1,10,13,304
27.5,1,10,14,305
27.5,1,10,15,307
27.5,1,11,0,288
27.5,1,11,1,289
27.5,1,11,2,291
27.5,1,11,3,292
27.5,1,11,4,293
27.5,1,11,5,295
27.5,1,11,6,296
27.5,1,11,7,298
27.5,1,11,8,299
27.5,1,11,9,300
27.5,1,11,10,302
27.5,1,11,11,303
27.5,1,11,12,304
27.5,1,11,13,306
27.5,1,11,14,307
27.5,1,11,15,308
27.5,1,12,0,289
27.5,1,12,1,291
27.5,1,12,2,292
27.5,1,12,3,294
27.5,1,12,4,295
27.5,1,12,5,296
27.5,1,12,6,298
27.5,1,12,7,299
27.5,1,12,8,301
27.5,1,12,9,302
27.5,1,12,10,303
27.5,1,12,11,305
27.5,1,12,12,306
27.5,1,12,13,307
27.5,1,12,14,309
27.5,1,12,15,310
27.5,1,13,0,291
27.5,1,13,1,292
27.5,1,13,2,294
27.5,1,13,3,295
27.5,1,13,4,297
27.5,1,13,5,298
27.5,1,13,6,299
27.5,1,13,7,301
27.5,1,13,8,302
27.5,1,13,9,303
27.5,1,13,10,305
27.5,1,13,11,306
27.5,1,13,12,308
27.5,1,13,13,309
27.5,1,13,14,310
27.5,1,13,15,312
27.5,1,14,0,292
27.5,1,14,1,294
27.5,1,14,2,295
27.5,1,14,3,297
27.5,1,14,4,298
27.5,1,14,5,299
27.5,1,14,6,301
27.5,1,14,7,302
27.5,1,14,8,304
27.5,1,14,9,305
27.5,1,14,10,306
27.5,1,14,11,308
27.5,1,14,12,309
27.5,1,14,13,310
27.5,1,14,14,312
27.5,1,14,15,313
27.5,1,15,0,294
27.5,1,15,1,295
27.5,1,15,2,297
27.5,1,15,3,298
27.5,1,15,4,300
27.5,1,15,5,301
27.5,1,15,6,302
27.5,1,15,7,304
27.5,1,15,8,305
27.5,1,15,9,307
27.5,1,15,10,308
27.5,1,15,11,309
27.5,1,15,12,311
27.5,1,15,13,312
27.5,1,15,14,313
27.5,1,15,15,315
27.5,2,0,0,275
27.5,2,0,1,276
27.5,2,0,2,278
27.5,2,0,3,279
27.5,2,0,4,280
27.5,2,0,5,282
27.5,2,0,6,283
27.5,2,0,7,284
27.5,2,0,8,286
27.5,2,0,9,287
27.5,2,0,10,288
27.5,2,0,11,289
27.5,2,0,12,291
27.5,2,0,13,292
27.5,2,0,14,293
27.5,2,0,15,295
27.5,2,1,0,277
27.5,2,1,1,278
27.5,2,1,2,279
27.5,2,1,3,281
27.5,2,1,4,282
27.5,2,1,5,283
27.5,2,1,6,285
27.5,2,1,7,286
27.5,2,1,8,287
27.5,2,1,9,289
27.5,2,1,10,290
27.5,2,1,11,291
27.5,2,1,12,292
27.5,2,1,13,294
27.5,2,1,14,295
27.5,2,1,15,296
27.5,2,2,0,278
27.5,2,2,1,280
27.5,2,2,2,281
27.5,2,2,3,282
27.5,2,2,4,284
27.5,2,2,5,285
27.5,2,2,6,286
27.5,2,2,7,288
27.5,2,2,8,289
27.5,2,2,9,290
27.5,2,2,10,292
27.5,2,2,11,293
27.5,2,2,12,294
27.5,2,2,13,295
27.5,2,2,14,297
27.5,2,2,15,298
27.5,2,3,0,280
27.5,2,3,1,281
27.5,2,3,2,283
27.5,2,3,3,284
27.5,2,3,4,285
27.5,2,3,5,287
27.5,2,3,6,288
27.5,2,3,7,289
27.5,2,3,8,291
27.5,2,3,9,292
27.5,2,3,10,293
27.5,2,3,11,295
27.5,2,3,12,296
27.5,2,3,13,297
27.5,2,3,14,299
27.5,2,3,15,300
27.5,2,4,0,282
27.5,2,4,1,283
27.5,2,4,2,284
27.5,2,4,3,286
27.5,2,4,4,287
27.5,2,4,5,288
27.5,2,4,6,290
27.5,2,4,7,291
27.5,2,4,8,292
27.5,2,4,9,294
27.5,2,4,10,295
27.5,2,4,11,296
27.5,2,4,12,298
27.5,2,4,13,299
27.5,2,4,14,300
27.5,2,4,15,302
27.5,2,5,0,283
27.5,2,5,1,285
27.5,2,5,2,286
27.5,2,5,3,287
27.5,2,5,4,289
27.5,2,5,5,290
27.5,2,5,6,291
27.5,2,5,7,293
27.5,2,5,8,294
27.5,2,5,9,295
27.5,2,5,10,297
27.5,2,5,11,298
27.5,2,5,12,299
27.5,2,5,13,301
27.5,2,5,14,302
27.5,2,5,15,303
27.5,2,6,0,285
27.5,2,6,1,286
27.5,2,6,2,288
27.5,2,6,3,289
27.5,2,6,4,290
27.5,2,6,5,292
27.5,2,6,6,293
27.5,2,6,7,294
27.5,2,6,8,296
27.5,2,6,9,297
27.5,2,6,10,298
27.5,2,6,11,300
27.5,2,6,12,301
27.5,2,6,13,302
27.5,2,6,14,304
27.5,2,6,15,305
27.5,2,7,0,286
27.5,2,7,1,288
27.5,2,7,2,289
27.5,2,7,3,291
27.5,2,7,4,292
27.5,2,7,5,293
27.5,2,7,6,295
27.5,2,7,7,296
27.5,2,7,8,297
27.5,2,7,9,299
27.5,2,7,10,300
27.5,2,7,11,301
27.5,2,7,12,303
27.5,2,7,13,304
27.5,2,7,14,305
27.5,2,7,15,307
27.5,2,8,0,288
27.5,2,8,1,289
27.5,2,8,2,291
27.5,2,8,3,292
27.5,2,8,4,294
27.5,2,8,5,295
27.5,2,8,6,296
27.5,2,8,7,298
27.5,2,8,8,299
27.5,2,8,9,300
27.5,2,8,10,302
27.5,2,8,11,303
27.5,2,8,12,304
27.5,2,8,13,306
27.5,2,8,14,307
27.5,2,8,15,308
27.5,2,9,0,289
27.5,2,9,1,291
27.5,2,9,2,292
27.5,2,9,3,294
27.5,2,9,4,295
27.5,2,9,5,297
27.5,2,9,6,298
27.5,2,9,7,299
27.5,2,9,8,301
27.5,2,9,9,302
27.5,2,9,10,303
27.5,2,9,11,305
27.5,2,9,12,306
27.5,2,9,13,307
27.5,2,9,14,309
27.5,2,9,15,310
27.5,2,10,0,291
27.5,2,10,1,292
27.5,2,10,2,294
27.5,2,10,3,295
27.5,2,10,4,297
27.5,2,10,5,298
27.5,2,10,6,300
27.5,2,10,7,301
27.5,2,10,8,302
27.5,2,10,9,304
27.5,2,10,10,305
27.5,2,10,11,306
27.5,2,10,12,308
27.5,2,10,13,309
27.5,2,10,14,310
27.5,2,10,15,312
27.5,2,11,0,293
27.5,2,11,1,294
27.5,2,11,2,295
27.5,2,11,3,297
27.5,2,11,4,298
27.5,2,11,5,300
27.5,2,11,6,301
27.5,2,11,7,303
27.5,2,11,8,304
27.5,2,11,9,305
27.5,2,11,10,307
27.5,2,11,11,308
27.5,2,11,12,309
27.5,2,11,13,311
27.5,2,11,14,312
27.5,2,11,15,313
27.5,2,12,0,294
27.5,2,12,1,296
27.5,2,12,2,297
27.5,2,12,3,298
27.5,2,12,4,300
27.5,2,12,5,301
27.5,2,12,6,303
27.5,2,12,7,304
27.5,2,12,8,306
27.5,2,12,9,307
27.5,2,12,10,308
27.5,2,12,11,310
27.5,2,12,12,311
27.5,2,12,13,312
27.5,2,12,14,314
27.5,2,12,15,315
27.5,2,13,0,296
27.5,2,13,1,297
27.5,2,13,2,299
27.5,2,13,3,300
27.5,2,13,4,301
27.5,2,13,5,303
27.5,2,13,6,304
27.5,2,13,7,306
27.5,2,13,8,307
27.5,2,13,9,309
27.5,2,13,10,310
27.5,2,13,11,311
27.5,2,13,12,313
27.5,2,13,13,314
27.5,2,13,14,315
27.5,2,13,15,317
27.5,2,14,0,297
27.5,2,14,1,299
27.5,2,14,2,300
27.5,2,14,3,302
27.5,2,14,4,303
27.5,2,14,5,304
27.5,2,14,6,306
27.5,2,14,7,307
27.5,2,14,8,309
27.5,2,14,9,310
27.5,2,14,10,312
27.5,2,14,11,313
27.5,2,14,12,314
27.5,2,14,13,316
27.5,2,14,14,317
27.5,2,14,15,318
27.5,2,15,0,299
27.5,2,15,1,300
27.5,2,15,2,302
27.5,2,15,3,303
27.5,2,15,4,305
27.5,2,15,5,306
27.5,2,15,6,307
27.5,2,15,7,309
27.5,2,15,8,310
27.5,2,15,9,312
27.5,2,15,10,313
27.5,2,15,11,315
27.5,2,15,12,316
27.5,2,15,13,317
27.5,2,15,14,319
27.5,2,15,15,320
27.5,3,0,0,279
27.5,3,0,1,281
27.5,3,0,2,282
27.5,3,0,3,284
27.5,3,0,4,285
27.5,3,0,5,286
27.5,3,0,6,288
27.5,3,0,7,289
27.5,3,0,8,290
27.5,3,0,9,292
27.5,3,0,10,293
27.5,3,0,11,294
27.5,3,0,12,295
27.5,3,0,13,297
27.5,3,0,14,298
27.5,3,0,15,299
27.5,3,1,0,281
27.5,3,1,1,283
27.5,3,1,2,284
27.5,3,1,3,285
27.5,3,1,4,287
27.5,3,1,5,288
27.5,3,1,6,289
27.5,3,1,7,291
27.5,3,1,8,292
27.5,3,1,9,293
27.5,3,1,10,295
27.5,3,1,11,296
27.5,3,1,12,297
27.5,3,1,13,299
27.5,3,1,14,300
27.5,3,1,15,301
27.5,3,2,0,283
27.5,3,2,1,284
27.5,3,2,2,286
27.5,3,2,3,287
27.5,3,2,4,288
27.5,3,2,5,290
27.5,3,2,6,291
27.5,3,2,7,292
27.5,3,2,8,294
27.5,3,2,9,295
27.5,3,2,10,296
27.5,3,2,11,298
27.5,3,2,12,299
27.5,3,2,13,300
27.5,3,2,14,302
27.5,3,2,15,303
27.5,3,3,0,284
27.5,3,3,1,286
27.5,3,3,2,287
27.5,3,3,3,289
27.5,3,3,4,290
27.5,3,3,5,291
27.5,3,3,6,293
27.5,3,3,7,294
27.5,3,3,8,295
27.5,3,3,9,297
27.5,3,3,10,298
27.5,3,3,11,299
27.5,3,3,12,301
27.5,3,3,13,302
27.5,3,3,14,303
27.5,3,3,15,305
27.5,3,4,0,286
27.5,3,4,1,288
27.5,3,4,2,289
27.5,3,4,3,290
27.5,3,4,4,292
27.5,3,4,5,293
27.5,3,4,6,294
27.5,3,4,7,296
27.5,3,4,8,297
27.5,3,4,9,299
27.5,3,4,10,300
27.5,3,4,11,301
27.5,3,4,12,303
27.5,3,4,13,304
27.5,3,4,14,305
27.5,3,4,15,306
27.5,3,5,0,288
27.5,3,5,1,289
27.5,3,5,2,291
27.5,3,5,3,292
27.5,3,5,4,293
27.5,3,5,5,295
27.5,3,5,6,296
27.5,3,5,7,297
27.5,3,5,8,299
27.5,3,5,9,300
27.5,3,5,10,302
27.5,3,5,11,303
27.5,3,5,12,304
27.5,3,5,13,306
27.5,3,5,14,307
27.5,3,5,15,308
27.5,3,6,0,289
27.5,3,6,1,291
27.5,3,6,2,292
27.5,3,6,3,294
27.5,3,6,4,295
27.5,3,6,5,296
27.5,3,6,6,298
27.5,3,6,7,299
27.5,3,6,8,301
27.5,3,6,9,302
27.5,3,6,10,303
27.5,3,6,11,305
27.5,3,6,12,306
27.5,3,6,13,307
27.5,3,6,14,309
27.5,3,6,15,310
27.5,3,7,0,291
27.5,3,7,1,292
27.5,3,7,2,294
27.5,3,7,3,295
27.5,3,7,4,297
27.5,3,7,5,298
27.5,3,7,6,299
27.5,3,7,7,301
27.5,3,7,8,302
27.5,3,7,9,304
27.5,3,7,10,305
27.5,3,7,11,306
27.5,3,7,12,308
27.5,3,7,13,309
27.5,3,7,14,310
27.5,3,7,15,312
27.5,3,8,0,293
27.5,3,8,1,294
27.5,3,8,2,296
27.5,3,8,3,297
27.5,3,8,4,298
27.5,3,8,5,300
27.5,3,8,6,301
27.5,3,8,7,303
27.5,3,8,8,304
27.5,3,8,9,305
27.5,3,8,10,307
27.5,3,8,11,308
27.5,3,8,12,309
27.5,3,8,13,311
27.5,3,8,14,312
27.5,3,8,15,313
27.5,3,9,0,294
27.5,3,9,1,296
27.5,3,9,2,297
27.5,3,9,3,299
27.5,3,9,4,300
27.5,3,9,5,301
27.5,3,9,6,303
27.5,3,9,7,304
27.5,3,9,8,306
27.5,3,9,9,307
27.5,3,9,10,308
27.5,3,9,11,310
27.5,3,9,12,311
27.5,3,9,13,312
27.5,3,9,14,314
27.5,3,9,15,315
27.5,3,10,0,296
27.5,3,10,1,297
27.5,3,10,2,299
27.5,3,10,3,300
27.5,3,10,4,302
27.5,3,10,5,303
27.5,3,10,6,304
27.5,3,10,7,306
27.5,3,10,8,307
27.5,3,10,9,309
27.5,3,10,10,310
27.5,3,10,11,311
27.5,3,10,12,313
27.5,3,10,13,314
27.5,3,10,14,316
27.5,3,10,15,317
27.5,3,11,0,297
27.5,3,11,1,299
27.5,3,11,2,300
27.5,3,11,3,302
27.5,3,11,4,303
27.5,3,11,5,305
27.5,3,11,6,306
27.5,3,11,7,307
27.5,3,11,8,309
27.5,3,11,9,310
27.5,3,11,10,312
27.5,3,11,11,313
27.5,3,11,12,314
27.5,3,11,13,316
27.5,3,11,14,317
27.5,3,11,15,319
27.5,3,12,0,299
27.5,3,12,1,300
27.5,3,12,2,302
27.5,3,12,3,303
27.5,3,12,4,305
27.5,3,12,5,306
27.5,3,12,6,308
27.5,3,12,7,309
27.5,3,12,8,311
27.5,3,12,9,312
27.5,3,12,10,313
27.5,3,12,11,315
27.5,3,12,12,316
27.5,3,12,13,318
27.5,3,12,14,319
27.5,3,12,15,320
27.5,3,13,0,301
27.5,3,13,1,302
27.5,3,13,2,304
27.5,3,13,3,305
27.5,3,13,4,306
27.5,3,13,5,308
27.5,3,13,6,309
27.5,3,13,7,311
27.5,3,13,8,312
27.5,3,13,9,314
27.5,3,13,10,315
27.5,3,13,11,316
27.5,3,13,12,318
27.5,3,13,13,319
27.5,3,13,14,321
27.5,3,13,15,322
27.5,3,14,0,302
27.5,3,14,1,304
27.5,3,14,2,305
27.5,3,14,3,307
27.5,3,14,4,308
27.5,3,14,5,309
27.5,3,14,6,311
27.5,3,14,7,312
27.5,3,14,8,314
27.5,3,14,9,315
27.5,3,14,10,317
27.5,3,14,11,318
27.5,3,14,12,319
27.5,3,14,13,321
27.5,3,14,14,322
27.5,3,14,15,324
27.5,3,15,0,304
27.5,3,15,1,305
27.5,3,15,2,307
27.5,3,15,3,308
27.5,3,15,4,310
27.5,3,15,5,311
27.5,3,15,6,313
27.5,3,15,7,314
27.5,3,15,8,315
27.5,3,15,9,317
27.5,3,15,10,318
27.5,3,15,11,320
27.5,3,15,12,321
27.5,3,15,13,323
27.5,3,15,14,324
27.5,3,15,15,325
27.5,4,0,0,284
27.5,4,0,1,285
27.5,4,0,2,287
27.5,4,0,3,288
27.5,4,0,4,290
27.5,4,0,5,291
27.5,4,0,6,292
27.5,4,0,7,294
27.5,4,0,8,295
27.5,4,0,9,296
27.5,4,0,10,298
27.5,4,0,11,299
27.5,4,0,12,300
27.5,4,0,13,302
27.5,4,0,14,303
27.5,4,0,15,304
27.5,4,1,0,286
27.5,4,1,1,287
27.5,4,1,2,288
27.5,4,1,3,290
27.5,4,1,4,291
27.5,4,1,5,293
27.5,4,1,6,294
27.5,4,1,7,295
27.5,4,1,8,297
27.5,4,1,9,298
27.5,4,1,10,299
27.5,4,1,11,301
27.5,4,1,12,302
27.5,4,1,13,303
27.5,4,1,14,305
27.5,4,1,15,306
27.5,4,2,0,287
27.5,4,2,1,289
27.5,4,2,2,290
27.5,4,2,3,292
27.5,4,2,4,293
27.5,4,2,5,294
27.5,4,2,6,296
27.5,4,2,7,297
27.5,4,2,8,298
27.5,4,2,9,300
27.5,4,2,10,301
27.5,4,2,11,303
27.5,4,2,12,304
27.5,4,2,13,305
27.5,4,2,14,307
27.5,4,2,15,308
27.5,4,3,0,289
27.5,4,3,1,290
27.5,4,3,2,292
27.5,4,3,3,293
27.5,4,3,4,295
27.5,4,3,5,296
27.5,4,3,6,297
27.5,4,3,7,299
27.5,4,3,8,300
27.5,4,3,9,302
27.5,4,3,10,303
27.5,4,3,11,304
27.5,4,3,12,306
27.5,4,3,13,307
27.5,4,3,14,308
27.5,4,3,15,310
27.5,4,4,0,291
27.5,4,4,1,292
27.5,4,4,2,294
27.5,4,4,3,295
27.5,4,4,4,296
27.5,4,4,5,298
27.5,4,4,6,299
27.5,4,4,7,301
27.5,4,4,8,302
27.5,4,4,9,303
27.5,4,4,10,305
27.5,4,4,11,306
27.5,4,4,12,307
27.5,4,4,13,309
27.5,4,4,14,310
27.5,4,4,15,311
27.5,4,5,0,292
27.5,4,5,1,294
27.5,4,5,2,295
27.5,4,5,3,297
27.5,4,5,4,298
27.5,4,5,5,300
27.5,4,5,6,301
27.5,4,5,7,302
27.5,4,5,8,304
27.5,4,5,9,305
27.5,4,5,10,306
27.5,4,5,11,308
27.5,4,5,12,309
27.5,4,5,13,311
27.5,4,5,14,312
27.5,4,5,15,313
27.5,4,6,0,294
27.5,4,6,1,296
27.5,4,6,2,297
27.5,4,6,3,298
27.5,4,6,4,300
27.5,4,6,5,301
27.5,4,6,6,303
27.5,4,6,7,304
27.5,4,6,8,305
27.5,4,6,9,307
27.5,4,6,10,308
27.5,4,6,11,310
27.5,4,6,12,311
27.5,4,6,13,312
27.5,4,6,14,314
27.5,4,6,15,315
27.5,4,7,0,296
27.5,4,7,1,297
27.5,4,7,2,299
27.5,4,7,3,300
27.5,4,7,4,301
27.5,4,7,5,303
27.5,4,7,6,304
27.5,4,7,7,306
27.5,4,7,8,307
27.5,4,7,9,309
27.5,4,7,10,310
27.5,4,7,11,311
27.5,4,7,12,313
27.5,4,7,13,314
27.5,4,7,14,315
27.5,4,7,15,317
27.5,4,8,0,297
27.5,4,8,1,299
27.5,4,8,2,300
27.5,4,8,3,302
27.5,4,8,4,303
27.5,4,8,5,305
27.5,4,8,6,306
27.5,4,8,7,307
27.5,4,8,8,309
27.5,4,8,9,310
27.5,4,8,10,312
27.5,4,8,11,313
27.5,4,8,12,314
27.5,4,8,13,316
27.5,4,8,14,317
27.5,4,8,15,319
27.5,4,9,0,299
27.5,4,9,1,300
27.5,4,9,2,302
27.5,4,9,3,303
27.5,4,9,4,305
27.5,4,9,5,306
27.5,4,9,6,308
27.5,4,9,7,309
27.5,4,9,8,311
27.5,4,9,9,312
27.5,4,9,10,313
27.5,4,9,11,315
27.5,4,9,12,316
27.5,4,9,13,318
27.5,4,9,14,319
27.5,4,9,15,320
27.5,4,10,0,301
27.5,4,10,1,302
27.5,4,10,2,304
27.5,4,10,3,305
27.5,4,10,4,306
27.5,4,10,5,308
27.5,4,10,6,309
27.5,4,10,7,311
27.5,4,10,8,312
27.5,4,10,9,314
27.5,4,10,10,315
27.5,4,10,11,316
27.5,4,10,12,318
27.5,4,10,13,319
27.5,4,10,14,321
27.5,4,10,15,322
27.5,4,11,0,302
27.5,4,11,1,304
27.5,4,11,2,305
27.5,4,11,3,307
27.5,4,11,4,308
27.5,4,11,5,310
27.5,4,11,6,311
27.5,4,11,7,312
27.5,4,11,8,314
27.5,4,11,9,315
27.5,4,11,10,317
27.5,4,11,11,318
27.5,4,11,12,320
27.5,4,11,13,321
27.5,4,11,14,322
27.5,4,11,15,324
27.5,4,12,0,304
27.5,4,12,1,305
27.5,4,12,2,307
27.5,4,12,3,308
27.5,4,12,4,310
27.5,4,12,5,311
27.5,4,12,6,313
27.5,4,12,7,314
27.5,4,12,8,316
27.5,4,12,9,317
27.5,4,12,10,318
27.5,4,12,11,320
27.5,4,12,12,321
27.5,4,12,13,323
27.5,4,12,14,324
27.5,4,12,15,325
27.5,4,13,0,305
27.5,4,13,1,307
27.5,4,13,2,308
27.5,4,13,3,310
27.5,4,13,4,311
27.5,4,13,5,313
27.5,4,13,6,314
27.5,4,13,7,316
27.5,4,13,8,317
27.5,4,13,9,319
27.5,4,13,10,320
27.5,4,13,11,322
27.5,4,13,12,323
27.5,4,13,13,324
27.5,4,13,14,326
27.5,4,13,15,327
27.5,4,14,0,307
27.5,4,14,1,309
27.5,4,14,2,310
27.5,4,14,3,312
27.5,4,14,4,313
27.5,4,14,5,314
27.5,4,14,6,316
27.5,4,14,7,317
27.5,4,14,8,319
27.5,4,14,9,320
27.5,4,14,10,322
27.5,4,14,11,323
27.5,4,14,12,325
27.5,4,14,13,326
27.5,4,14,14,327
27.5,4,14,15,329
27.5,4,15,0,309
27.5,4,15,1,310
27.5,4,15,2,312
27.5,4,15,3,313
27.5,4,15,4,315
27.5,4,15,5,316
27.5,4,15,6,318
27.5,4,15,7,319
27.5,4,15,8,321
27.5,4,15,9,322
27.5,4,15,10,323
27.5,4,15,11,325
27.5,4,15,12,326
27.5,4,15,13,328
27.5,4,15,14,329
27.5,4,15,15,331
27.5,5,0,0,288
27.5,5,0,1,290
27.5,5,0,2,291
27.5,5,0,3,293
27.5,5,0,4,294
27.5,5,0,5,295
27.5,5,0,6,297
27.5,5,0,7,298
27.5,5,0,8,300
27.5,5,0,9,301
27.5,5,0,10,302
27.5,5,0,11,304
27.5,5,0,12,305
27.5,5,0,13,306
27.5,5,0,14,308
27.5,5,0,15,309
27.5,5,1,0,290
27.5,5,1,1,292
27.5,5,1,2,293
27.5,5,1,3,294
27.5,5,1,4,296
27.5,5,1,5,297
27.5,5,1,6,299
27.5,5,1,7,300
27.5,5,1,8,301
27.5,5,1,9,303
27.5,5,1,10,304
27.5,5,1,11,306
27.5,5,1,12,307
27.5,5,1,13,308
27.5,5,1,14,310
27.5,5,1,15,311
27.5,5,2,0,292
27.5,5,2,1,293
27.5,5,2,2,295
27.5,5,2,3,296
27.5,5,2,4,298
27.5,5,2,5,299
27.5,5,2,6,300
27.5,5,2,7,302
27.5,5,2,8,303
27.5,5,2,9,305
27.5,5,2,10,306
27.5,5,2,11,307
27.5,5,2,12,309
27.5,5,2,13,310
27.5,5,2,14,311
27.5,5,2,15,313
27.5,5,3,0,294
27.5,5,3,1,295
27.5,5,3,2,297
27.5,5,3,3,298
27.5,5,3,4,299
27.5,5,3,5,301
27.5,5,3,6,302
27.5,5,3,7,304
27.5,5,3,8,305
27.5,5,3,9,306
27.5,5,3,10,308
27.5,5,3,11,309
27.5,5,3,12,310
27.5,5,3,13,312
27.5,5,3,14,313
27.5,5,3,15,315
27.5,5,4,0,295
27.5,5,4,1,297
27.5,5,4,2,298
27.5,5,4,3,300
27.5,5,4,4,301
27.5,5,4,5,303
27.5,5,4,6,304
27.5,5,4,7,305
27.5,5,4,8,307
27.5,5,4,9,308
27.5,5,4,10,310
27.5,5,4,11,311
27.5,5,4,12,312
27.5,5,4,13,314
27.5,5,4,14,315
27.5,5,4,15,316
27.5,5,5,0,297
27.5,5,5,1,299
27.5,5,5,2,300
27.5,5,5,3,301
27.5,5,5,4,303
27.5,5,5,5,304
27.5,5,5,6,306
27.5,5,5,7,307
27.5,5,5,8,309
27.5,5,5,9,310
27.5,5,5,10,311
27.5,5,5,11,313
27.5,5,5,12,314
27.5,5,5,13,315
27.5,5,5,14,317
27.5,5,5,15,318
27.5,5,6,0,299
27.5,5,6,1,300
27.5,5,6,2,302
27.5,5,6,3,303
27.5,5,6,4,305
27.5,5,6,5,306
27.5,5,6,6,307
27.5,5,6,7,309
27.5,5,6,8,310
27.5,5,6,9,312
27.5,5,6,10,313
27.5,5,6,11,314
27.5,5,6,12,316
27.5,5,6,13,317
27.5,5,6,14,319
27.5,5,6,15,320
27.5,5,7,0,300
27.5,5,7,1,302
27.5,5,7,2,303
27.5,5,7,3,305
27.5,5,7,4,306
27.5,5,7,5,308
27.5,5,7,6,309
27.5,5,7,7,311
27.5,5,7,8,312
27.5,5,7,9,313
27.5,5,7,10,315
27.5,5,7,11,316
27.5,5,7,12,318
27.5,5,7,13,319
27.5,5,7,14,320
27.5,5,7,15,322
27.5,5,8,0,302
27.5,5,8,1,304
27.5,5,8,2,305
27.5,5,8,3,307
27.5,5,8,4,308
27.5,5,8,5,309
27.5,5,8,6,311
27.5,5,8,7,312
27.5,5,8,8,314
27.5,5,8,9,315
27.5,5,8,10,317
27.5,5,8,11,318
27.5,5,8,12,319
27.5,5,8,13,321
27.5,5,8,14,322
27.5,5,8,15,324
27.5,5,9,0,304
27.5,5,9,1,305
27.5,5,9,2,307
27.5,5,9,3,308
27.5,5,9,4,310
27.5,5,9,5,311
27.5,5,9,6,313
27.5,5,9,7,314
27.5,5,9,8,315
27.5,5,9,9,317
27.5,5,9,10,318
27.5,5,9,11,320
27.5,5,9,12,321
27.5,5,9,13,323
27.5,5,9,14,324
27.5,5,9,15,325
27.5,5,10,0,305
27.5,5,10,1,307
27.5,5,10,2,308
27.5,5,10,3,310
27.5,5,10,4,311
27.5,5,10,5,313
27.5,5,10,6,314
27.5,5,10,7,316
27.5,5,10,8,317
27.5,5,10,9,319
27.5,5,10,10,320
27.5,5,10,11,321
27.5,5,10,12,323
27.5,5,10,13,324
27.5,5,10,14,326
27.5,5,10,15,327
27.5,5,11,0,307
27.5,5,11,1,309
27.5,5,11,2,310
27.5,5,11,3,312
27.5,5,11,4,313
27.5,5,11,5,314
27.5,5,11,6,316
27.5,5,11,7,317
27.5,5,11,8,319
27.5,5,11,9,320
27.5,5,11,10,322
27.5,5,11,11,323
27.5,5,11,12,325
27.5,5,11,13,326
27.5,5,11,14,327
27.5,5,11,15,329
27.5,5,12,0,309
27.5,5,12,1,310
27.5,5,12,2,312
27.5,5,12,3,313
27.5,5,12,4,315
27.5,5,12,5,316
27.5,5,12,6,318
27.5,5,12,7,319
27.5,5,12,8,321
27.5,5,12,9,322
27.5,5,12,10,323
27.5,5,12,11,325
27.5,5,12,12,326
27.5,5,12,13,328
27.5,5,12,14,329
27.5,5,12,15,331
27.5,5,13,0,310
27.5,5,13,1,312
27.5,5,13,2,313
27.5,5,13,3,315
27.5,5,13,4,316
27.5,5,13,5,318
27.5,5,13,6,319
27.5,5,13,7,321
27.5,5,13,8,322
27.5,5,13,9,324
27.5,5,13,10,325
27.5,5,13,11,327
27.5,5,13,12,328
27.5,5,13,13,330
27.5,5,13,14,331
27.5,5,13,15,332
27.5,5,14,0,312
27.5,5,14,1,313
27.5,5,14,2,315
27.5,5,14,3,316
27.5,5,14,4,318
27.5,5,14,5,319
27.5,5,14,6,321
27.5,5,14,7,322
27.5,5,14,8,324
27.5,5,14,9,325
27.5,5,14,10,327
27.5,5,14,11,328
27.5,5,14,12,330
27.5,5,14,13,331
27.5,5,14,14,333
27.5,5,14,15,334
27.5,5,15,0,314
27.5,5,15,1,315
27.5,5,15,2,317
27.5,5,15,3,318
27.5,5,15,4,320
27.5,5,15,5,321
27.5,5,15,6,323
27.5,5,15,7,324
27.5,5,15,8,326
27.5,5,15,9,327
27.5,5,15,10,329
27.5,5,15,11,330
27.5,5,15,12,331
27.5,5,15,13,333
27.5,5,15,14,334
27.5,5,15,15,336
27.5,6,0,0,293
27.5,6,0,1,294
27.5,6,0,2,296
27.5,6,0,3,297
27.5,6,0,4,299
27.5,6,0,5,300
27.5,6,0,6,302
27.5,6,0,7,303
27.5,6,0,8,304
27.5,6,0,9,306
27.5,6,0,10,307
27.5,6,0,11,308
27.5,6,0,12,310
27.5,6,0,13,311
27.5,6,0,14,313
27.5,6,0,15,314
27.5,6,1,0,295
27.5,6,1,1,296
27.5,6,1,2,298
27.5,6,1,3,299
27.5,6,1,4,301
27.5,6,1,5,302
27.5,6,1,6,303
27.5,6,1,7,305
27.5,6,1,8,306
27.5,6,1,9,308
27.5,6,1,10,309
27.5,6,1,11,310
27.5,6,1,12,312
27.5,6,1,13,313
27.5,6,1,14,314
27.5,6,1,15,316
27.5,6,2,0,297
27.5,6,2,1,298
27.5,6,2,2,299
27.5,6,2,3,301
27.5,6,2,4,302
27.5,6,2,5,304
27.5,6,2,6,305
27.5,6,2,7,307
27.5,6,2,8,308
27.5,6,2,9,309
27.5,6,2,10,311
27.5,6,2,11,312
27.5,6,2,12,314
27.5,6,2,13,315
27.5,6,2,14,316
27.5,6,2,15,318
27.5,6,3,0,298
27.5,6,3,1,300
27.5,6,3,2,301
27.5,6,3,3,303
27.5,6,3,4,304
27.5,6,3,5,306
27.5,6,3,6,307
27.5,6,3,7,308
27.5,6,3,8,310
27.5,6,3,9,311
27.5,6,3,10,313
27.5,6,3,11,314
27.5,6,3,12,315
27.5,6,3,13,317
27.5,6,3,14,318
27.5,6,3,15,319
27.5,6,4,0,300
27.5,6,4,1,301
27.5,6,4,2,303
27.5,6,4,3,304
27.5,6,4,4,306
27.5,6,4,5,307
27.5,6,4,6,309
27.5,6,4,7,310
27.5,6,4,8,312
27.5,6,4,9,313
27.5,6,4,10,314
27.5,6,4,11,316
27.5,6,4,12,317
27.5,6,4,13,319
27.5,6,4,14,320
27.5,6,4,15,321
27.5,6,5,0,302
27.5,6,5,1,303
27.5,6,5,2,305
27.5,6,5,3,306
27.5,6,5,4,308
27.5,6,5,5,309
27.5,6,5,6,310
27.5,6,5,7,312
27.5,6,5,8,313
27.5,6,5,9,315
27.5,6,5,10,316
27.5,6,5,11,318
27.5,6,5,12,319
27.5,6,5,13,320
27.5,6,5,14,322
27.5,6,5,15,323
27.5,6,6,0,303
27.5,6,6,1,305
27.5,6,6,2,306
27.5,6,6,3,308
27.5,6,6,4,309
27.5,6,6,5,311
27.5,6,6,6,312
27.5,6,6,7,314
27.5,6,6,8,315
27.5,6,6,9,317
27.5,6,6,10,318
27.5,6,6,11,319
27.5,6,6,12,321
27.5,6,6,13,322
27.5,6,6,14,324
27.5,6,6,15,325
27.5,6,7,0,305
27.5,6,7,1,307
27.5,6,7,2,308
27.5,6,7,3,310
27.5,6,7,4,311
27.5,6,7,5,313
27.5,6,7,6,314
27.5,6,7,7,315
27.5,6,7,8,317
27.5,6,7,9,318
27.5,6,7,10,320
27.5,6,7,11,321
27.5,6,7,12,323
27.5,6,7,13,324
27.5,6,7,14,325
27.5,6,7,15,327
27.5,6,8,0,307
27.5,6,8,1,308
27.5,6,8,2,310
27.5,6,8,3,311
27.5,6,8,4,313
27.5,6,8,5,314
27.5,6,8,6,316
27.5,6,8,7,317
27.5,6,8,8,319
27.5,6,8,9,320
27.5,6,8,10,322
27.5,6,8,11,323
27.5,6,8,12,324
27.5,6,8,13,326
27.5,6,8,14,327
27.5,6,8,15,329
27.5,6,9,0,309
27.5,6,9,1,310
27.5,6,9,2,312
27.5,6,9,3,313
27.5,6,9,4,315
27.5,6,9,5,316
27.5,6,9,6,317
27.5,6,9,7,319
27.5,6,9,8,320
27.5,6,9,9,322
27.5,6,9,10,323
27.5,6,9,11,325
27.5,6,9,12,326
27.5,6,9,13,328
27.5,6,9,14,329
27.5,6,9,15,330
27.5,6,10,0,310
27.5,6,10,1,312
27.5,6,10,2,313
27.5,6,10,3,315
27.5,6,10,4,316
27.5,6,10,5,318
27.5,6,10,6,319
27.5,6,10,7,321
27.5,6,10,8,322
27.5,6,10,9,324
27.5,6,10,10,325
27.5,6,10,11,327
27.5,6,10,12,328
27.5,6,10,13,329
27.5,6,10,14,331
27.5,6,10,15,332
27.5,6,11,0,312
27.5,6,11,1,313
27.5,6,11,2,315
27.5,6,11,3,316
27.5,6,11,4,318
27.5,6,11,5,319
27.5,6,11,6,321
27.5,6,11,7,322
27.5,6,11,8,324
27.5,6,11,9,325
27.5,6,11,10,327
27.5,6,11,11,328
27.5,6,11,12,330
27.5,6,11,13,331
27.5,6,11,14,333
27.5,6,11,15,334
27.5,6,12,0,314
27.5,6,12,1,315
27.5,6,12,2,317
27.5,6,12,3,318
27.5,6,12,4,320
27.5,6,12,5,321
27.5,6,12,6,323
27.5,6,12,7,324
27.5,6,12,8,326
27.5,6,12,9,327
27.5,6,12,10,329
27.5,6,12,11,330
27.5,6,12,12,331
27.5,6,12,13,333
27.5,6,12,14,334
27.5,6,12,15,336
27.5,6,13,0,315
27.5,6,13,1,317
27.5,6,13,2,318
27.5,6,13,3,320
27.5,6,13,4,321
27.5,6,13,5,323
27.5,6,13,6,324
27.5,6,13,7,326
27.5,6,13,8,327
27.5,6,13,9,329
27.5,6,13,10,330
27.5,6,13,11,332
27.5,6,13,12,333
27.5,6,13,13,335
27.5,6,13,14,336
27.5,6,13,15,338
27.5,6,14,0,317
27.5,6,14,1,318
27.5,6,14,2,320
27.5,6,14,3,321
27.5,6,14,4,323
27.5,6,14,5,324
27.5,6,14,6,326
27.5,6,14,7,328
27.5,6,14,8,329
27.5,6,14,9,331
27.5,6,14,10,332
27.5,6,14,11,333
27.5,6,14,12,335
27.5,6,14,13,336
27.5,6,14,14,338
27.5,6,14,15,339
27.5,6,15,0,318
27.5,6,15,1,320
27.5,6,15,2,322
27.5,6,15,3,323
27.5,6,15,4,325
27.5,6,15,5,326
27.5,6,15,6,328
27.5,6,15,7,329
27.5,6,15,8,331
27.5,6,15,9,332
27.5,6,15,10,334
27.5,6,15,11,335
27.5,6,15,12,337
27.5,6,15,13,338
27.5,6,15,14,340
27.5,6,15,15,341
27.5,7,0,0,298
27.5,7,0,1,299
27.5,7,0,2,300
27.5,7,0,3,302
27.5,7,0,4,303
27.5,7,0,5,305
27.5,7,0,6,306
27.5,7,0,7,308
27.5,7,0,8,309
27.5,7,0,9,310
27.5,7,0,10,312
27.5,7,0,11,313
27.5,7,0,12,315
27.5,7,0,13,316
27.5,7,0,14,317
27.5,7,0,15,319
27.5,7,1,0,299
27.5,7,1,1,301
27.5,7,1,2,302
27.5,7,1,3,304
27.5,7,1,4,305
27.5,7,1,5,307
27.5,7,1,6,308
27.5,7,1,7,309
27.5,7,1,8,311
27.5,7,1,9,312
27.5,7,1,10,314
27.5,7,1,11,315
27.5,7,1,12,316
27.5,7,1,13,318
27.5,7,1,14,319
27.5,7,1,15,321
27.5,7,2,0,301
27.5,7,2,1,303
27.5,7,2,2,304
27.5,7,2,3,305
27.5,7,2,4,307
27.5,7,2,5,308
27.5,7,2,6,310
27.5,7,2,7,311
27.5,7,2,8,313
27.5,7,2,9,314
27.5,7,2,10,316
27.5,7,2,11,317
27.5,7,2,12,318
27.5,7,2,13,320
27.5,7,2,14,321
27.5,7,2,15,323
27.5,7,3,0,303
27.5,7,3,1,304
27.5,7,3,2,306
27.5,7,3,3,307
27.5,7,3,4,309
27.5,7,3,5,310
27.5,7,3,6,312
27.5,7,3,7,313
27.5,7,3,8,315
27.5,7,3,9,316
27.5,7,3,10,317
27.5,7,3,11,319
27.5,7,3,12,320
27.5,7,3,13,322
27.5,7,3,14,323
27.5,7,3,15,324
27.5,7,4,0,305
27.5,7,4,1,306
27.5,7,4,2,308
27.5,7,4,3,309
27.5,7,4,4,311
27.5,7,4,5,312
27.5,7,4,6,313
27.5,7,4,7,315
27.5,7,4,8,316
27.5,7,4,9,318
27.5,7,4,10,319
27.5,7,4,11,321
27.5,7,4,12,322
27.5,7,4,13,323
27.5,7,4,14,325
27.5,7,4,15,326
27.5,7,5,0,306
27.5,7,5,1,308
27.5,7,5,2,309
27.5,7,5,3,311
27.5,7,5,4,312
27.5,7,5,5,314
27.5,7,5,6,315
27.5,7,5,7,317
27.5,7,5,8,318
27.5,7,5,9,320
27.5,7,5,10,321
27.5,7,5,11,322
27.5,7,5,12,324
27.5,7,5,13,325
27.5,7,5,14,327
27.5,7,5,15,328
27.5,7,6,0,308
27.5,7,6,1,310
27.5,7,6,2,311
27.5,7,6,3,313
27.5,7,6,4,314
27.5,7,6,5,316
27.5,7,6,6,317
27.5,7,6,7,319
27.5,7,6,8,320
27.5,7,6,9,321
27.5,7,6,10,323
27.5,7,6,11,324
27.5,7,6,12,326
27.5,7,6,13,327
27.5,7,6,14,329
27.5,7,6,15,330
27.5,7,7,0,310
27.5,7,7,1,311
27.5,7,7,2,313
27.5,7,7,3,314
27.5,7,7,4,316
27.5,7,7,5,317
27.5,7,7,6,319
27.5,7,7,7,320
27.5,7,7,8,322
27.5,7,7,9,323
27.5,7,7,10,325
27.5,7,7,11,326
27.5,7,7,12,328
27.5,7,7,13,329
27.5,7,7,14,330
27.5,7,7,15,332
27.5,7,8,0,312
27.5,7,8,1,313
27.5,7,8,2,315
27.5,7,8,3,316
27.5,7,8,4,318
27.5,7,8,5,319
27.5,7,8,6,321
27.5,7,8,7,322
27.5,7,8,8,324
27.5,7,8,9,325
27.5,7,8,10,326
27.5,7,8,11,328
27.5,7,8,12,329
27.5,7,8,13,331
27.5,7,8,14,332
27.5,7,8,15,334
27.5,7,9,0,313
27.5,7,9,1,315
27.5,7,9,2,316
27.5,7,9,3,318
27.5,7,9,4,319
27.5,7,9,5,321
27.5,7,9,6,322
27.5,7,9,7,324
27.5,7,9,8,325
27.5,7,9,9,327
27.5,7,9,10,328
27.5,7,9,11,330
27.5,7,9,12,331
27.5,7,9,13,333
27.5,7,9,14,334
27.5,7,9,15,336
27.5,7,10,0,315
27.5,7,10,1,317
27.5,7,10,2,318
27.5,7,10,3,320
27.5,7,10,4,321
27.5,7,10,5,323
27.5,7,10,6,324
27.5,7,10,7,326
27.5,7,10,8,327
27.5,7,10,9,329
27.5,7,10,10,330
27.5,7,10,11,332
27.5,7,10,12,333
27.5,7,10,13,334
27.5,7,10,14,336
27.5,7,10,15,337
27.5,7,11,0,317
27.5,7,11,1,318
27.5,7,11,2,320
27.5,7,11,3,321
27.5,7,11,4,323
27.5,7,11,5,324
27.5,7,11,6,326
27.5,7,11,7,327
27.5,7,11,8,329
27.5,7,11,9,330
27.5,7,11,10,332
27.5,7,11,11,333
27.5,7,11,12,335
27.5,7,11,13,336
27.5,7,11,14,338
27.5,7,11,15,339
27.5,7,12,0,318
27.5,7,12,1,320
27.5,7,12,2,321
27.5,7,12,3,323
27.5,7,12,4,325
27.5,7,12,5,326
27.5,7,12,6,328
27.5,7,12,7,329
27.5,7,12,8,331
27.5,7,12,9,332
27.5,7,12,10,334
27.5,7,12,11,335
27.5,7,12,12,337
27.5,7,12,13,338
27.5,7,12,14,340
27.5,7,12,15,341
27.5,7,13,0,320
27.5,7,13,1,322
27.5,7,13,2,323
27.5,7,13,3,325
27.5,7,13,4,326
27.5,7,13,5,328
27.5,7,13,6,329
27.5,7,13,7,331
27.5,7,13,8,332
27.5,7,13,9,334
27.5,7,13,10,335
27.5,7,13,11,337
27.5,7,13,12,338
27.5,7,13,13,340
27.5,7,13,14,341
27.5,7,13,15,343
27.5,7,14,0,322
27.5,7,14,1,323
27.5,7,14,2,325
27.5,7,14,3,326
27.5,7,14,4,328
27.5,7,14,5,329
27.5,7,14,6,331
27.5,7,14,7,333
27.5,7,14,8,334
27.5,7,14,9,336
27.5,7,14,10,337
27.5,7,14,11,339
27.5,7,14,12,340
27.5,7,14,13,342
27.5,7,14,14,343
27.5,7,14,15,345
27.5,7,15,0,323
27.5,7,15,1,325
27.5,7,15,2,326
27.5,7,15,3,328
27.5,7,15,4,330
27.5,7,15,5,331
27.5,7,15,6,333
27.5,7,15,7,334
27.5,7,15,8,336
27.5,7,15,9,337
27.5,7,15,10,339
27.5,7,15,11,340
27.5,7,15,12,342
27.5,7,15,13,343
27.5,7,15,14,345
27.5,7,15,15,346
27.5,8,0,0,302
27.5,8,0,1,304
27.5,8,0,2,305
27.5,8,0,3,306
27.5,8,0,4,308
27.5,8,0,5,309
27.5,8,0,6,311
27.5,8,0,7,312
27.5,8,0,8,314
27.5,8,0,9,315
27.5,8,0,10,317
27.5,8,0,11,318
27.5,8,0,12,319
27.5,8,0,13,321
27.5,8,0,14,322
27.5,8,0,15,324
27.5,8,1,0,304
27.5,8,1,1,305
27.5,8,1,2,307
27.5,8,1,3,308
27.5,8,1,4,310
27.5,8,1,5,311
27.5,8,1,6,313
27.5,8,1,7,314
27.5,8,1,8,316
27.5,8,1,9,317
27.5,8,1,10,318
27.5,8,1,11,320
27.5,8,1,12,321
27.5,8,1,13,323
27.5,8,1,14,324
27.5,8,1,15,325
27.5,8,2,0,306
27.5,8,2,1,307
27.5,8,2,2,309
27.5,8,2,3,310
27.5,8,2,4,312
27.5,8,2,5,313
27.5,8,2,6,315
27.5,8,2,7,316
27.5,8,2,8,317
27.5,8,2,9,319
27.5,8,2,10,320
27.5,8,2,11,322
27.5,8,2,12,323
27.5,8,2,13,325
27.5,8,2,14,326
27.5,8,2,15,327
27.5,8,3,0,307
27.5,8,3,1,309
27.5,8,3,2,310
27.5,8,3,3,312
27.5,8,3,4,313
27.5,8,3,5,315
27.5,8,3,6,316
27.5,8,3,7,318
27.5,8,3,8,319
27.5,8,3,9,321
27.5,8,3,10,322
27.5,8,3,11,324
27.5,8,3,12,325
27.5,8,3,13,326
27.5,8,3,14,328
27.5,8,3,15,329
27.5,8,4,0,309
27.5,8,4,1,311
27.5,8,4,2,312
27.5,8,4,3,314
27.5,8,4,4,315
27.5,8,4,5,317
27.5,8,4,6,318
27.5,8,4,7,320
27.5,8,4,8,321
27.5,8,4,9,323
27.5,8,4,10,324
27.5,8,4,11,326
27.5,8,4,12,327
27.5,8,4,13,328
27.5,8,4,14,330
27.5,8,4,15,331
27.5,8,5,0,311
27.5,8,5,1,313
27.5,8,5,2,314
27.5,8,5,3,316
27.5,8,5,4,317
27.5,8,5,5,319
27.5,8,5,6,320
27.5,8,5,7,322
27.5,8,5,8,323
27.5,8,5,9,324
27.5,8,5,10,326
27.5,8,5,11,327
27.5,8,5,12,329
27.5,8,5,13,330
27.5,8,5,14,332
27.5,8,5,15,333
27.5,8,6,0,313
27.5,8,6,1,314
27.5,8,6,2,316
27.5,8,6,3,317
27.5,8,6,4,319
27.5,8,6,5,320
27.5,8,6,6,322
27.5,8,6,7,323
27.5,8,6,8,325
27.5,8,6,9,326
27.5,8,6,10,328
27.5,8,6,11,329
27.5,8,6,12,331
27.5,8,6,13,332
27.5,8,6,14,334
27.5,8,6,15,335
27.5,8,7,0,315
27.5,8,7,1,316
27.5,8,7,2,318
27.5,8,7,3,319
27.5,8,7,4,321
27.5,8,7,5,322
27.5,8,7,6,324
27.5,8,7,7,325
27.5,8,7,8,327
27.5,8,7,9,328
27.5,8,7,10,330
27.5,8,7,11,331
27.5,8,7,12,333
27.5,8,7,13,334
27.5,8,7,14,335
27.5,8,7,15,337
27.5,8,8,0,316
27.5,8,8,1,318
27.5,8,8,2,319
27.5,8,8,3,321
27.5,8,8,4,322
27.5,8,8,5,324
27.5,8,8,6,325
27.5,8,8,7,327
27.5,8,8,8,328
27.5,8,8,9,330
27.5,8,8,10,331
27.5,8,8,11,333
27.5,8,8,12,334
27.5,8,8,13,336
27.5,8,8,14,337
27.5,8,8,15,339
27.5,8,9,0,318
27.5,8,9,1,320
27.5,8,9,2,321
27.5,8,9,3,323
27.5,8,9,4,324
27.5,8,9,5,326
27.5,8,9,6,327
27.5,8,9,7,329
27.5,8,9,8,330
27.5,8,9,9,332
27.5,8,9,10,333
27.5,8,9,11,335
27.5,8,9,12,336
27.5,8,9,13,338
27.5,8,9,14,339
27.5,8,9,15,341
27.5,8,10,0,320
27.5,8,10,1,321
27.5,8,10,2,323
27.5,8,10,3,324
27.5,8,10,4,326
27.5,8,10,5,328
27.5,8,10,6,329
27.5,8,10,7,331
27.5,8,10,8,332
27.5,8,10,9,334
27.5,8,10,10,335
27.5,8,10,11,337
27.5,8,10,12,338
27.5,8,10,13,340
27.5,8,10,14,341
27.5,8,10,15,342
27.5,8,11,0,321
27.5,8,11,1,323
27.5,8,11,2,325
27.5,8,11,3,326
27.5,8,11,4,328
27.5,8,11,5,329
27.5,8,11,6,331
27.5,8,11,7,332
27.5,8,11,8,334
27.5,8,11,9,335
27.5,8,11,10,337
27.5,8,11,11,338
27.5,8,11,12,340
27.5,8,11,13,341
27.5,8,11,14,343
27.5,8,11,15,344
27.5,8,12,0,323
27.5,8,12,1,325
27.5,8,12,2,326
27.5,8,12,3,328
27.5,8,12,4,329
27.5,8,12,5,331
27.5,8,12,6,333
27.5,8,12,7,334
27.5,8,12,8,336
27.5,8,12,9,337
27.5,8,12,10,339
27.5,8,12,11,340
27.5,8,12,12,342
27.5,8,12,13,343
27.5,8,12,14,345
27.5,8,12,15,346
27.5,8,13,0,325
27.5,8,13,1,326
27.5,8,13,2,328
27.5,8,13,3,330
27.5,8,13,4,331
27.5,8,13,5,333
27.5,8,13,6,334
27.5,8,13,7,336
27.5,8,13,8,337
27.5,8,13,9,339
27.5,8,13,10,340
27.5,8,13,11,342
27.5,8,13,12,343
27.5,8,13,13,345
27.5,8,13,14,346
27.5,8,13,15,348
27.5,8,14,0,327
27.5,8,14,1,328
27.5,8,14,2,330
27.5,8,14,3,331
27.5,8,14,4,333
27.5,8,14,5,334
27.5,8,14,6,336
27.5,8,14,7,338
27.5,8,14,8,339
27.5,8,14,9,341
27.5,8,14,10,342
27.5,8,14,11,344
27.5,8,14,12,345
27.5,8,14,13,347
27.5,8,14,14,348
27.5,8,14,15,350
27.5,8,15,0,328
27.5,8,15,1,330
27.5,8,15,2,331
27.5,8,15,3,333
27.5,8,15,4,335
27.5,8,15,5,336
27.5,8,15,6,338
27.5,8,15,7,339
27.5,8,15,8,341
27.5,8,15,9,342
27.5,8,15,10,344
27.5,8,15,11,346
27.5,8,15,12,347
27.5,8,15,13,349
27.5,8,15,14,350
27.5,8,15,15,352
27.5,9,0,0,307
27.5,9,0,1,308
27.5,9,0,2,310
27.5,9,0,3,311
27.5,9,0,4,313
27.5,9,0,5,314
27.5,9,0,6,315
27.5,9,0,7,317
27.5,9,0,8,318
27.5,9,0,9,320
27.5,9,0,10,321
27.5,9,0,11,323
27.5,9,0,12,324
27.5,9,0,13,326
27.5,9,0,14,327
27.5,9,0,15,328
27.5,9,1,0,308
27.5,9,1,1,310
27.5,9,1,2,311
27.5,9,1,3,313
27.5,9,1,4,314
27.5,9,1,5,316
27.5,9,1,6,317
27.5,9,1,7,319
27.5,9,1,8,320
27.5,9,1,9,322
27.5,9,1,10,323
27.5,9,1,11,325
27.5,9,1,12,326
27.5,9,1,13,327
27.5,9,1,14,329
27.5,9,1,15,330
27.5,9,2,0,310
27.5,9,2,1,312
27.5,9,2,2,313
27.5,9,2,3,315
27.5,9,2,4,316
27.5,9,2,5,318
27.5,9,2,6,319
27.5,9,2,7,321
27.5,9,2,8,322
27.5,9,2,9,324
27.5,9,2,10,325
27.5,9,2,11,327
27.5,9,2,12,328
27.5,9,2,13,329
27.5,9,2,14,331
27.5,9,2,15,332
27.5,9,3,0,312
27.5,9,3,1,314
27.5,9,3,2,315
27.5,9,3,3,317
27.5,9,3,4,318
27.5,9,3,5,320
27.5,9,3,6,321
27.5,9,3,7,323
27.5,9,3,8,324
27.5,9,3,9,326
27.5,9,3,10,327
27.5,9,3,11,328
27.5,9,3,12,330
27.5,9,3,13,331
27.5,9,3,14,333
27.5,9,3,15,334
27.5,9,4,0,314
27.5,9,4,1,315
27.5,9,4,2,317
27.5,9,4,3,318
27.5,9,4,4,320
27.5,9,4,5,321
27.5,9,4,6,323
27.5,9,4,7,324
27.5,9,4,8,326
27.5,9,4,9,327
27.5,9,4,10,329
27.5,9,4,11,330
27.5,9,4,12,332
27.5,9,4,13,333
27.5,9,4,14,335
27.5,9,4,15,336
27.5,9,5,0,316
27.5,9,5,1,317
27.5,9,5,2,319
27.5,9,5,3,320
27.5,9,5,4,322
27.5,9,5,5,323
27.5,9,5,6,325
27.5,9,5,7,326
27.5,9,5,8,328
27.5,9,5,9,329
27.5,9,5,10,331
27.5,9,5,11,332
27.5,9,5,12,334
27.5,9,5,13,335
27.5,9,5,14,337
27.5,9,5,15,338
27.5,9,6,0,317
27.5,9,6,1,319
27.5,9,6,2,321
27.5,9,6,3,322
27.5,9,6,4,324
27.5,9,6,5,325
27.5,9,6,6,327
27.5,9,6,7,328
27.5,9,6,8,330
27.5,9,6,9,331
27.5,9,6,10,333
27.5,9,6,11,334
27.5,9,6,12,336
27.5,9,6,13,337
27.5,9,6,14,339
27.5,9,6,15,340
27.5,9,7,0,319
27.5,9,7,1,321
27.5,9,7,2,322
27.5,9,7,3,324
27.5,9,7,4,325
27.5,9,7,5,327
27.5,9,7,6,329
27.5,9,7,7,330
27.5,9,7,8,332
27.5,9,7,9,333
27.5,9,7,10,335
27.5,9,7,11,336
27.5,9,7,12,338
27.5,9,7,13,339
27.5,9,7,14,340
27.5,9,7,15,342
27.5,9,8,0,321
27.5,9,8,1,323
27.5,9,8,2,324
27.5,9,8,3,326
27.5,9,8,4,327
27.5,9,8,5,329
27.5,9,8,6,330
27.5,9,8,7,332
27.5,9,8,8,333
27.5,9,8,9,335
27.5,9,8,10,336
27.5,9,8,11,338
27.5,9,8,12,339
27.5,9,8,13,341
27.5,9,8,14,342
27.5,9,8,15,344
27.5,9,9,0,323
27.5,9,9,1,324
27.5,9,9,2,326
27.5,9,9,3,327
27.5,9,9,4,329
27.5,9,9,5,331
27.5,9,9,6,332
27.5,9,9,7,334
27.5,9,9,8,335
27.5,9,9,9,337
27.5,9,9,10,338
27.5,9,9,11,340
27.5,9,9,12,341
27.5,9,9,13,343
27.5,9,9,14,344
27.5,9,9,15,346
27.5,9,10,0,325
27.5,9,10,1,326
27.5,9,10,2,328
27.5,9,10,3,329
27.5,9,10,4,331
27.5,9,10,5,332
27.5,9,10,6,334
27.5,9,10,7,335
27.5,9,10,8,337
27.5,9,10,9,339
27.5,9,10,10,340
27.5,9,10,11,342
27.5,9,10,12,343
27.5,9,10,13,345
27.5,9,10,14,346
27.5,9,10,15,348
27.5,9,11,0,326
27.5,9,11,1,328
27.5,9,11,2,329
27.5,9,11,3,331
27.5,9,11,4,333
27.5,9,11,5,334
27.5,9,11,6,336
27.5,9,11,7,337
27.5,9,11,8,339
27.5,9,11,9,340
27.5,9,11,10,342
27.5,9,11,11,343
27.5,9,11,12,345
27.5,9,11,13,346
27.5,9,11,14,348
27.5,9,11,15,349
27.5,9,12,0,328
27.5,9,12,1,330
27.5,9,12,2,331
27.5,9,12,3,333
27.5,9,12,4,334
27.5,9,12,5,336
27.5,9,12,6,338
27.5,9,12,7,339
27.5,9,12,8,341
27.5,9,12,9,342
27.5,9,12,10,344
27.5,9,12,11,345
27.5,9,12,12,347
27.5,9,12,13,348
27.5,9,12,14,350
27.5,9,12,15,351
27.5,9,13,0,330
27.5,9,13,1,331
27.5,9,13,2,333
27.5,9,13,3,335
27.5,9,13,4,336
27.5,9,13,5,338
27.5,9,13,6,339
27.5,9,13,7,341
27.5,9,13,8,342
27.5,9,13,9,344
27.5,9,13,10,346
27.5,9,13,11,347
27.5,9,13,12,349
27.5,9,13,13,350
27.5,9,13,14,352
27.5,9,13,15,353
27.5,9,14,0,331
27.5,9,14,1,333
27.5,9,14,2,335
27.5,9,14,3,336
27.5,9,14,4,338
27.5,9,14,5,339
27.5,9,14,6,341
27.5,9,14,7,343
27.5,9,14,8,344
27.5,9,14,9,346
27.5,9,14,10,347
27.5,9,14,11,349
27.5,9,14,12,350
27.5,9,14,13,352
27.5,9,14,14,353
27.5,9,14,15,355
27.5,9,15,0,333
27.5,9,15,1,335
27.5,9,15,2,336
27.5,9,15,3,338
27.5,9,15,4,340
27.5,9,15,5,341
27.5,9,15,6,343
27.5,9,15,7,344
27.5,9,15,8,346
27.5,9,15,9,348
27.5,9,15,10,349
27.5,9,15,11,351
27.5,9,15,12,352
27.5,9,15,13,354
27.5,9,15,14,355
27.5,9,15,15,357
27.5,10,0,0,311
27.5,10,0,1,313
27.5,10,0,2,314
27.5,10,0,3,316
27.5,10,0,4,317
27.5,10,0,5,319
27.5,10,0,6,320
27.5,10,0,7,322
27.5,10,0,8,323
27.5,10,0,9,325
27.5,10,0,10,326
27.5,10,0,11,327
27.5,10,0,12,329
27.5,10,0,13,330
27.5,10,0,14,332
27.5,10,0,15,333
27.5,10,1,0,313
27.5,10,1,1,314
27.5,10,1,2,316
27.5,10,1,3,318
27.5,10,1,4,319
27.5,10,1,5,321
27.5,10,1,6,322
27.5,10,1,7,324
27.5,10,1,8,325
27.5,10,1,9,326
27.5,10,1,10,328
27.5,10,1,11,329
27.5,10,1,12,331
27.5,10,1,13,332
27.5,10,1,14,334
27.5,10,1,15,335
27.5,10,2,0,315
27.5,10,2,1,316
27.5,10,2,2,318
27.5,10,2,3,319
27.5,10,2,4,321
27.5,10,2,5,322
27.5,10,2,6,324
27.5,10,2,7,325
27.5,10,2,8,327
27.5,10,2,9,328
27.5,10,2,10,330
27.5,10,2,11,331
27.5,10,2,12,333
27.5,10,2,13,334
27.5,10,2,14,336
27.5,10,2,15,337
27.5,10,3,0,317
27.5,10,3,1,318
27.5,10,3,2,320
27.5,10,3,3,321
27.5,10,3,4,323
27.5,10,3,5,324
27.5,10,3,6,326
27.5,10,3,7,327
27.5,10,3,8,329
27.5,10,3,9,330
27.5,10,3,10,332
27.5,10,3,11,333
27.5,10,3,12,335
27.5,10,3,13,336
27.5,10,3,14,338
27.5,10,3,15,339
27.5,10,4,0,318
27.5,10,4,1,320
27.5,10,4,2,322
27.5,10,4,3,323
27.5,10,4,4,325
27.5,10,4,5,326
27.5,10,4,6,328
27.5,10,4,7,329
27.5,10,4,8,331
27.5,10,4,9,332
27.5,10,4,10,334
27.5,10,4,11,335
27.5,10,4,12,337
27.5,10,4,13,338
27.5,10,4,14,340
27.5,10,4,15,341
27.5,10,5,0,320
27.5,10,5,1,322
27.5,10,5,2,323
27.5,10,5,3,325
27.5,10,5,4,327
27.5,10,5,5,328
27.5,10,5,6,330
27.5,10,5,7,331
27.5,10,5,8,333
27.5,10,5,9,334
27.5,10,5,10,336
27.5,10,5,11,337
27.5,10,5,12,339
27.5,10,5,13,340
27.5,10,5,14,342
27.5,10,5,15,343
27.5,10,6,0,322
27.5,10,6,1,324
27.5,10,6,2,325
27.5,10,6,3,327
27.5,10,6,4,328
27.5,10,6,5,330
27.5,10,6,6,331
27.5,10,6,7,333
27.5,10,6,8,335
27.5,10,6,9,336
27.5,10,6,10,338
27.5,10,6,11,339
27.5,10,6,12,341
27.5,10,6,13,342
27.5,10,6,14,344
27.5,10,6,15,345
27.5,10,7,0,324
27.5,10,7,1,326
27.5,10,7,2,327
27.5,10,7,3,329
27.5,10,7,4,330
27.5,10,7,5,332
27.5,10,7,6,333
27.5,10,7,7,335
27.5,10,7,8,336
27.5,10,7,9,338
27.5,10,7,10,339
27.5,10,7,11,341
27.5,10,7,12,342
27.5,10,7,13,344
27.5,10,7,14,345
27.5,10,7,15,347
27.5,10,8,0,326
27.5,10,8,1,327
27.5,10,8,2,329
27.5,10,8,3,331
27.5,10,8,4,332
27.5,10,8,5,334
27.5,10,8,6,335
27.5,10,8,7,337
27.5,10,8,8,338
27.5,10,8,9,340
27.5,10,8,10,341
27.5,10,8,11,343
27.5,10,8,12,344
27.5,10,8,13,346
27.5,10,8,14,347
27.5,10,8,15,349
27.5,10,9,0,328
27.5,10,9,1,329
27.5,10,9,2,331
27.5,10,9,3,332
27.5,10,9,4,334
27.5,10,9,5,335
27.5,10,9,6,337
27.5,10,9,7,339
27.5,10,9,8,340
27.5,10,9,9,342
27.5,10,9,10,343
27.5,10,9,11,345
27.5,10,9,12,346
27.5,10,9,13,348
27.5,10,9,14,349
27.5,10,9,15,351
27.5,10,10,0,329
27.5,10,10,1,331
27.5,10,10,2,333
27.5,10,10,3,334
27.5,10,10,4,336
27.5,10,10,5,337
27.5,10,10,6,339
27.5,10,10,7,340
27.5,10,10,8,342
27.5,10,10,9,344
27.5,10,10,10,345
27.5,10,10,11,347
27.5,10,10,12,348
27.5,10,10,13,350
27.5,10,10,14,351
27.5,10,10,15,353
27.5,10,11,0,331
27.5,10,11,1,333
27.5,10,11,2,334
27.5,10,11,3,336
27.5,10,11,4,338
27.5,10,11,5,339
27.5,10,11,6,341
27.5,10,11,7,342
27.5,10,11,8,344
27.5,10,11,9,345
27.5,10,11,10,347
27.5,10,11,11,348
27.5,10,11,12,350
27.5,10,11,13,352
27.5,10,11,14,353
27.5,10,11,15,355
27.5,10,12,0,333
27.5,10,12,1,334
27.5,10,12,2,336
27.5,10,12,3,338
27.5,10,12,4,339
27.5,10,12,5,341
27.5,10,12,6,342
27.5,10,12,7,344
27.5,10,12,8,346
27.5,10,12,9,347
27.5,10,12,10,349
27.5,10,12,11,350
27.5,10,12,12,352
27.5,10,12,13,353
27.5,10,12,14,355
27.5,10,12,15,357
27.5,10,13,0,335
27.5,10,13,1,336
27.5,10,13,2,338
27.5,10,13,3,339
27.5,10,13,4,341
27.5,10,13,5,343
27.5,10,13,6,344
27.5,10,13,7,346
27.5,10,13,8,347
27.5,10,13,9,349
27.5,10,13,10,351
27.5,10,13,11,352
27.5,10,13,12,354
27.5,10,13,13,355
27.5,10,13,14,357
27.5,10,13,15,358
27.5,10,14,0,336
27.5,10,14,1,338
27.5,10,14,2,340
27.5,10,14,3,341
27.5,10,14,4,343
27.5,10,14,5,344
27.5,10,14,6,346
27.5,10,14,7,348
27.5,10,14,8,349
27.5,10,14,9,351
27.5,10,14,10,352
27.5,10,14,11,354
27.5,10,14,12,356
27.5,10,14,13,357
27.5,10,14,14,359
27.5,10,14,15,360
27.5,10,15,0,338
27.5,10,15,1,340
27.5,10,15,2,341
27.5,10,15,3,343
27.5,10,15,4,345
27.5,10,15,5,346
27.5,10,15,6,348
27.5,10,15,7,349
27.5,10,15,8,351
27.5,10,15,9,353
27.5,10,15,10,354
27.5,10,15,11,356
27.5,10,15,12,357
27.5,10,15,13,359
27.5,10,15,14,361
27.5,10,15,15,362
27.5,11,0,0,316
27.5,11,0,1,317
27.5,11,0,2,319
27.5,11,0,3,320
27.5,11,0,4,322
27.5,11,0,5,323
27.5,11,0,6,325
27.5,11,0,7,326
27.5,11,0,8,328
27.5,11,0,9,329
27.5,11,0,10,331
27.5,11,0,11,332
27.5,11,0,12,334
27.5,11,0,13,335
27.5,11,0,14,337
27.5,11,0,15,338
27.5,11,1,0,317
27.5,11,1,1,319
27.5,11,1,2,321
27.5,11,1,3,322
27.5,11,1,4,324
27.5,11,1,5,325
27.5,11,1,6,327
27.5,11,1,7,328
27.5,11,1,8,330
27.5,11,1,9,331
27.5,11,1,10,333
27.5,11,1,11,334
27.5,11,1,12,336
27.5,11,1,13,337
27.5,11,1,14,339
27.5,11,1,15,340
27.5,11,2,0,319
27.5,11,2,1,321
27.5,11,2,2,322
27.5,11,2,3,324
27.5,11,2,4,326
27.5,11,2,5,327
27.5,11,2,6,329
27.5,11,2,7,330
27.5,11,2,8,332
27.5,11,2,9,333
27.5,11,2,10,335
27.5,11,2,11,336
27.5,11,2,12,338
27.5,11,2,13,339
27.5,11,2,14,341
27.5,11,2,15,342
27.5,11,3,0,321
27.5,11,3,1,323
27.5,11,3,2,324
27.5,11,3,3,326
27.5,11,3,4,327
27.5,11,3,5,329
27.5,11,3,6,331
27.5,11,3,7,332
27.5,11,3,8,334
27.5,11,3,9,335
27.5,11,3,10,337
27.5,11,3,11,338
27.5,11,3,12,340
27.5,11,3,13,341
27.5,11,3,14,343
27.5,11,3,15,344
27.5,11,4,0,323
27.5,11,4,1,325
27.5,11,4,2,326
27.5,11,4,3,328
27.5,11,4,4,329
27.5,11,4,5,331
27.5,11,4,6,332
27.5,11,4,7,334
27.5,11,4,8,336
27.5,11,4,9,337
27.5,11,4,10,339
27.5,11,4,11,340
27.5,11,4,12,342
27.5,11,4,13,343
27.5,11,4,14,345
27.5,11,4,15,346
27.5,11,5,0,325
27.5,11,5,1,327
27.5,11,5,2,328
27.5,11,5,3,330
27.5,11,5,4,331
27.5,11,5,5,333
27.5,11,5,6,334
27.5,11,5,7,336
27.5,11,5,8,337
27.5,11,5,9,339
27.5,11,5,10,341
27.5,11,5,11,342
27.5,11,5,12,344
27.5,11,5,13,345
27.5,11,5,14,347
27.5,11,5,15,348
27.5,11,6,0,327
27.5,11,6,1,328
27.5,11,6,2,330
27.5,11,6,3,332
27.5,11,6,4,333
27.5,11,6,5,335
27.5,11,6,6,336
27.5,11,6,7,338
27.5,11,6,8,339
27.5,11,6,9,341
27.5,11,6,10,342
27.5,11,6,11,344
27.5,11,6,12,346
27.5,11,6,13,347
27.5,11,6,14,349
27.5,11,6,15,350
27.5,11,7,0,329
27.5,11,7,1,330
27.5,11,7,2,332
27.5,11,7,3,333
27.5,11,7,4,335
27.5,11,7,5,337
27.5,11,7,6,338
27.5,11,7,7,340
27.5,11,7,8,341
27.5,11,7,9,343
27.5,11,7,10,344
27.5,11,7,11,346
27.5,11,7,12,347
27.5,11,7,13,349
27.5,11,7,14,351
27.5,11,7,15,352
27.5,11,8,0,330
27.5,11,8,1,332
27.5,11,8,2,334
27.5,11,8,3,335
27.5,11,8,4,337
27.5,11,8,5,338
27.5,11,8,6,340
27.5,11,8,7,342
27.5,11,8,8,343
27.5,11,8,9,345
27.5,11,8,10,346
27.5,11,8,11,348
27.5,11,8,12,349
27.5,11,8,13,351
27.5,11,8,14,352
27.5,11,8,15,354
27.5,11,9,0,332
27.5,11,9,1,334
27.5,11,9,2,336
27.5,11,9,3,337
27.5,11,9,4,339
27.5,11,9,5,340
27.5,11,9,6,342
27.5,11,9,7,344
27.5,11,9,8,345
27.5,11,9,9,347
27.5,11,9,10,348
27.5,11,9,11,350
27.5,11,9,12,351
27.5,11,9,13,353
27.5,11,9,14,354
27.5,11,9,15,356
27.5,11,10,0,334
27.5,11,10,1,336
27.5,11,10,2,337
27.5,11,10,3,339
27.5,11,10,4,341
27.5,11,10,5,342
27.5,11,10,6,344
27.5,11,10,7,345
27.5,11,10,8,347
27.5,11,10,9,349
27.5,11,10,10,350
27.5,11,10,11,352
27.5,11,10,12,353
27.5,11,10,13,355
27.5,11,10,14,356
27.5,11,10,15,358
27.5,11,11,0,336
27.5,11,11,1,338
27.5,11,11,2,339
27.5,11,11,3,341
27.5,11,11,4,342
27.5,11,11,5,344
27.5,11,11,6,346
27.5,11,11,7,347
27.5,11,11,8,349
27.5,11,11,9,350
27.5,11,11,10,352
27.5,11,11,11,354
27.5,11,11,12,355
27.5,11,11,13,357
27.5,11,11,14,358
27.5,11,11,15,360
27.5,11,12,0,338
27.5,11,12,1,339
27.5,11,12,2,341
27.5,11,12,3,343
27.5,11,12,4,344
27.5,11,12,5,346
27.5,11,12,6,347
27.5,11,12,7,349
27.5,11,12,8,351
27.5,11,12,9,352
27.5,11,12,10,354
27.5,11,12,11,355
27.5,11,12,12,357
27.5,11,12,13,359
27.5,11,12,14,360
27.5,11,12,15,362
27.5,11,13,0,339
27.5,11,13,1,341
27.5,11,13,2,343
27.5,11,13,3,344
27.5,11,13,4,346
27.5,11,13,5,348
27.5,11,13,6,349
27.5,11,13,7,351
27.5,11,13,8,353
27.5,11,13,9,354
27.5,11,13,10,356
27.5,11,13,11,357
27.5,11,13,12,359
27.5,11,13,13,360
27.5,11,13,14,362
27.5,11,13,15,364
27.5,11,14,0,341
27.5,11,14,1,343
27.5,11,14,2,345
27.5,11,14,3,346
27.5,11,14,4,348
27.5,11,14,5,349
27.5,11,14,6,351
27.5,11,14,7,353
27.5,11,14,8,354
27.5,11,14,9,356
27.5,11,14,10,358
27.5,11,14,11,359
27.5,11,14,12,361
27.5,11,14,13,362
27.5,11,14,14,364
27.5,11,14,15,365
27.5,11,15,0,343
27.5,11,15,1,345
27.5,11,15,2,346
27.5,11,15,3,348
27.5,11,15,4,350
27.5,11,15,5,351
27.5,11,15,6,353
27.5,11,15,7,355
27.5,11,15,8,356
27.5,11,15,9,358
27.5,11,15,10,359
27.5,11,15,11,361
27.5,11,15,12,363
27.5,11,15,13,364
27.5,11,15,14,366
27.5,11,15,15,367
27.5,12,0,0,320
27.5,12,0,1,322
27.5,12,0,2,323
27.5,12,0,3,325
27.5,12,0,4,326
27.5,12,0,5,328
27.5,12,0,6,329
27.5,12,0,7,331
27.5,12,0,8,332
27.5,12,0,9,334
27.5,12,0,10,335
27.5,12,0,11,337
27.5,12,0,12,338
27.5,12,0,13,340
27.5,12,0,14,341
27.5,12,0,15,343
27.5,12,1,0,322
27.5,12,1,1,324
27.5,12,1,2,325
27.5,12,1,3,327
27.5,12,1,4,328
27.5,12,1,5,330
27.5,12,1,6,331
27.5,12,1,7,333
27.5,12,1,8,334
27.5,12,1,9,336
27.5,12,1,10,337
27.5,12,1,11,339
27.5,12,1,12,340
27.5,12,1,13,342
27.5,12,1,14,343
27.5,12,1,15,345
27.5,12,2,0,324
27.5,12,2,1,326
27.5,12,2,2,327
27.5,12,2,3,329
27.5,12,2,4,330
27.5,12,2,5,332
27.5,12,2,6,333
27.5,12,2,7,335
27.5,12,2,8,336
27.5,12,2,9,338
27.5,12,2,10,339
27.5,12,2,11,341
27.5,12,2,12,342
27.5,12,2,13,344
27.5,12,2,14,345
27.5,12,2,15,347
27.5,12,3,0,326
27.5,12,3,1,327
27.5,12,3,2,329
27.5,12,3,3,331
27.5,12,3,4,332
27.5,12,3,5,334
27.5,12,3,6,335
27.5,12,3,7,337
27.5,12,3,8,338
27.5,12,3,9,340
27.5,12,3,10,341
27.5,12,3,11,343
27.5,12,3,12,345
27.5,12,3,13,346
27.5,12,3,14,348
27.5,12,3,15,349
27.5,12,4,0,328
27.5,12,4,1,329
27.5,12,4,2,331
27.5,12,4,3,333
27.5,12,4,4,334
27.5,12,4,5,336
27.5,12,4,6,337
27.5,12,4,7,339
27.5,12,4,8,340
27.5,12,4,9,342
27.5,12,4,10,343
27.5,12,4,11,345
27.5,12,4,12,347
27.5,12,4,13,348
27.5,12,4,14,350
27.5,12,4,15,351
27.5,12,5,0,330
27.5,12,5,1,331
27.5,12,5,2,333
27.5,12,5,3,334
27.5,12,5,4,336
27.5,12,5,5,338
27.5,12,5,6,339
27.5,12,5,7,341
27.5,12,5,8,342
27.5,12,5,9,344
27.5,12,5,10,345
27.5,12,5,11,347
27.5,12,5,12,348
27.5,12,5,13,350
27.5,12,5,14,352
27.5,12,5,15,353
27.5,12,6,0,331
27.5,12,6,1,333
27.5,12,6,2,335
27.5,12,6,3,336
27.5,12,6,4,338
27.5,12,6,5,340
27.5,12,6,6,341
27.5,12,6,7,343
27.5,12,6,8,344
27.5,12,6,9,346
27.5,12,6,10,347
27.5,12,6,11,349
27.5,12,6,12,350
27.5,12,6,13,352
27.5,12,6,14,354
27.5,12,6,15,355
27.5,12,7,0,333
27.5,12,7,1,335
27.5,12,7,2,337
27.5,12,7,3,338
27.5,12,7,4,340
27.5,12,7,5,341
27.5,12,7,6,343
27.5,12,7,7,345
27.5,12,7,8,346
27.5,12,7,9,348
27.5,12,7,10,349
27.5,12,7,11,351
27.5,12,7,12,352
27.5,12,7,13,354
27.5,12,7,14,356
27.5,12,7,15,357
27.5,12,8,0,335
27.5,12,8,1,337
27.5,12,8,2,338
27.5,12,8,3,340
27.5,12,8,4,342
27.5,12,8,5,343
27.5,12,8,6,345
27.5,12,8,7,347
27.5,12,8,8,348
27.5,12,8,9,350
27.5,12,8,10,351
27.5,12,8,11,353
27.5,12,8,12,354
27.5,12,8,13,356
27.5,12,8,14,357
27.5,12,8,15,359
27.5,12,9,0,337
27.5,12,9,1,339
27.5,12,9,2,340
27.5,12,9,3,342
27.5,12,9,4,344
27.5,12,9,5,345
27.5,12,9,6,347
27.5,12,9,7,348
27.5,12,9,8,350
27.5,12,9,9,352
27.5,12,9,10,353
27.5,12,9,11,355
27.5,12,9,12,356
27.5,12,9,13,358
27.5,12,9,14,359
27.5,12,9,15,361
27.5,12,10,0,339
27.5,12,10,1,341
27.5,12,10,2,342
27.5,12,10,3,344
27.5,12,10,4,345
27.5,12,10,5,347
27.5,12,10,6,349
27.5,12,10,7,350
27.5,12,10,8,352
27.5,12,10,9,354
27.5,12,10,10,355
27.5,12,10,11,357
27.5,12,10,12,358
27.5,12,10,13,360
27.5,12,10,14,361
27.5,12,10,15,363
27.5,12,11,0,341
27.5,12,11,1,342
27.5,12,11,2,344
27.5,12,11,3,346
27.5,12,11,4,347
27.5,12,11,5,349
27.5,12,11,6,351
27.5,12,11,7,352
27.5,12,11,8,354
27.5,12,11,9,355
27.5,12,11,10,357
27.5,12,11,11,359
27.5,12,11,12,360
27.5,12,11,13,362
27.5,12,11,14,363
27.5,12,11,15,365
27.5,12,12,0,342
27.5,12,12,1,344
27.5,12,12,2,346
27.5,12,12,3,348
27.5,12,12,4,349
27.5,12,12,5,351
27.5,12,12,6,352
27.5,12,12,7,354
27.5,12,12,8,356
27.5,12,12,9,357
27.5,12,12,10,359
27.5,12,12,11,361
27.5,12,12,12,362
27.5,12,12,13,364
27.5,12,12,14,365
27.5,12,12,15,367
27.5,12,13,0,344
27.5,12,13,1,346
27.5,12,13,2,348
27.5,12,13,3,349
27.5,12,13,4,351
27.5,12,13,5,353
27.5,12,13,6,354
27.5,12,13,7,356
27.5,12,13,8,358
27.5,12,13,9,359
27.5,12,13,10,361
27.5,12,13,11,362
27.5,12,13,12,364
27.5,12,13,13,366
27.5,12,13,14,367
27.5,12,13,15,369
27.5,12,14,0,346
27.5,12,14,1,348
27.5,12,14,2,349
27.5,12,14,3,351
27.5,12,14,4,353
27.5,12,14,5,354
27.5,12,14,6,356
27.5,12,14,7,358
27.5,12,14,8,359
27.5,12,14,9,361
27.5,12,14,10,363
27.5,12,14,11,364
27.5,12,14,12,366
27.5,12,14,13,368
27.5,12,14,14,369
27.5,12,14,15,371
27.5,12,15,0,348
27.5,12,15,1,350
27.5,12,15,2,351
27.5,12,15,3,353
27.5,12,15,4,355
27.5,12,15,5,356
27.5,12,15,6,358
27.5,12,15,7,360
27.5,12,15,8,361
27.5,12,15,9,363
27.5,12,15,10,365
27.5,12,15,11,366
27.5,12,15,12,368
27.5,12,15,13,369
27.5,12,15,14,371
27.5,12,15,15,373
27.5,13,0,0,325
27.5,13,0,1,326
27.5,13,0,2,328
27.5,13,0,3,329
27.5,13,0,4,331
27.5,13,0,5,332
27.5,13,0,6,334
27.5,13,0,7,336
27.5,13,0,8,337
27.5,13,0,9,339
27.5,13,0,10,340
27.5,13,0,11,342
27.5,13,0,12,343
27.5,13,0,13,345
27.5,13,0,14,346
27.5,13,0,15,348
27.5,13,1,0,327
27.5,13,1,1,328
27.5,13,1,2,330
27.5,13,1,3,331
27.5,13,1,4,333
27.5,13,1,5,334
27.5,13,1,6,336
27.5,13,1,7,338
27.5,13,1,8,339
27.5,13,1,9,341
27.5,13,1,10,342
27.5,13,1,11,344
27.5,13,1,12,345
27.5,13,1,13,347
27.5,13,1,14,348
27.5,13,1,15,350
27.5,13,2,0,329
27.5,13,2,1,330
27.5,13,2,2,332
27.5,13,2,3,333
27.5,13,2,4,335
27.5,13,2,5,336
27.5,13,2,6,338
27.5,13,2,7,340
27.5,13,2,8,341
27.5,13,2,9,343
27.5,13,2,10,344
27.5,13,2,11,346
27.5,13,2,12,347
27.5,13,2,13,349
27.5,13,2,14,350
27.5,13,2,15,352
27.5,13,3,0,330
27.5,13,3,1,332
27.5,13,3,2,334
27.5,13,3,3,335
27.5,13,3,4,337
27.5,13,3,5,338
27.5,13,3,6,340
27.5,13,3,7,342
27.5,13,3,8,343
27.5,13,3,9,345
27.5,13,3,10,346
27.5,13,3,11,348
27.5,13,3,12,349
27.5,13,3,13,351
27.5,13,3,14,352
27.5,13,3,15,354
27.5,13,4,0,332
27.5,13,4,1,334
27.5,13,4,2,336
27.5,13,4,3,337
27.5,13,4,4,339
27.5,13,4,5,340
27.5,13,4,6,342
27.5,13,4,7,344
27.5,13,4,8,345
27.5,13,4,9,347
27.5,13,4,10,348
27.5,13,4,11,350
27.5,13,4,12,351
27.5,13,4,13,353
27.5,13,4,14,354
27.5,13,4,15,356
27.5,13,5,0,334
27.5,13,5,1,336
27.5,13,5,2,338
27.5,13,5,3,339
27.5,13,5,4,341
27.5,13,5,5,342
27.5,13,5,6,344
27.5,13,5,7,346
27.5,13,5,8,347
27.5,13,5,9,349
27.5,13,5,10,350
27.5,13,5,11,352
27.5,13,5,12,353
27.5,13,5,13,355
27.5,13,5,14,357
27.5,13,5,15,358
27.5,13,6,0,336
27.5,13,6,1,338
27.5,13,6,2,339
27.5,13,6,3,341
27.5,13,6,4,343
27.5,13,6,5,344
27.5,13,6,6,346
27.5,13,6,7,348
27.5,13,6,8,349
27.5,13,6,9,351
27.5,13,6,10,352
27.5,13,6,11,354
27.5,13,6,12,355
27.5,13,6,13,357
27.5,13,6,14,359
27.5,13,6,15,360
27.5,13,7,0,338
27.5,13,7,1,340
27.5,13,7,2,341
27.5,13,7,3,343
27.5,13,7,4,345
27.5,13,7,5,346
27.5,13,7,6,348
27.5,13,7,7,349
27.5,13,7,8,351
27.5,13,7,9,353
27.5,13,7,10,354
27.5,13,7,11,356
27.5,13,7,12,357
27.5,13,7,13,359
27.5,13,7,14,361
27.5,13,7,15,362
27.5,13,8,0,340
27.5,13,8,1,342
27.5,13,8,2,343
27.5,13,8,3,345
27.5,13,8,4,347
27.5,13,8,5,348
27.5,13,8,6,350
27.5,13,8,7,351
27.5,13,8,8,353
27.5,13,8,9,355
27.5,13,8,10,356
27.5,13,8,11,358
27.5,13,8,12,359
27.5,13,8,13,361
27.5,13,8,14,363
27.5,13,8,15,364
27.5,13,9,0,342
27.5,13,9,1,343
27.5,13,9,2,345
27.5,13,9,3,347
27.5,13,9,4,348
27.5,13,9,5,350
27.5,13,9,6,352
27.5,13,9,7,353
27.5,13,9,8,355
27.5,13,9,9,357
27.5,13,9,10,358
27.5,13,9,11,360
27.5,13,9,12,361
27.5,13,9,13,363
27.5,13,9,14,365
27.5,13,9,15,366
27.5,13,10,0,344
27.5,13,10,1,345
27.5,13,10,2,347
27.5,13,10,3,349
27.5,13,10,4,350
27.5,13,10,5,352
27.5,13,10,6,354
27.5,13,10,7,355
27.5,13,10,8,357
27.5,13,10,9,359
27.5,13,10,10,360
27.5,13,10,11,362
27.5,13,10,12,363
27.5,13,10,13,365
27.5,13,10,14,367
27.5,13,10,15,368
27.5,13,11,0,345
27.5,13,11,1,347
27.5,13,11,2,349
27.5,13,11,3,351
27.5,13,11,4,352
27.5,13,11,5,354
27.5,13,11,6,356
27.5,13,11,7,357
27.5,13,11,8,359
27.5,13,11,9,360
27.5,13,11,10,362
27.5,13,11,11,364
27.5,13,11,12,365
27.5,13,11,13,367
27.5,13,11,14,368
27.5,13,11,15,370
27.5,13,12,0,347
27.5,13,12,1,349
27.5,13,12,2,351
27.5,13,12,3,352
27.5,13,12,4,354
27.5,13,12,5,356
27.5,13,12,6,357
27.5,13,12,7,359
27.5,13,12,8,361
27.5,13,12,9,362
27.5,13,12,10,364
27.5,13,12,11,366
27.5,13,12,12,367
27.5,13,12,13,369
27.5,13,12,14,370
27.5,13,12,15,372
27.5,13,13,0,349
27.5,13,13,1,351
27.5,13,13,2,353
27.5,13,13,3,354
27.5,13,13,4,356
27.5,13,13,5,358
27.5,13,13,6,359
27.5,13,13,7,361
27.5,13,13,8,363
27.5,13,13,9,364
27.5,13,13,10,366
27.5,13,13,11,368
27.5,13,13,12,369
27.5,13,13,13,371
27.5,13,13,14,372
27.5,13,13,15,374
27.5,13,14,0,351
27.5,13,14,1,353
27.5,13,14,2,354
27.5,13,14,3,356
27.5,13,14,4,358
27.5,13,14,5,359
27.5,13,14,6,361
27.5,13,14,7,363
27.5,13,14,8,364
27.5,13,14,9,366
27.5,13,14,10,368
27.5,13,14,11,369
27.5,13,14,12,371
27.5,13,14,13,373
27.5,13,14,14,374
27.5,13,14,15,376
27.5,13,15,0,353
27.5,13,15,1,355
27.5,13,15,2,356
27.5,13,15,3,358
27.5,13,15,4,360
27.5,13,15,5,361
27.5,13,15,6,363
27.5,13,15,7,365
27.5,13,15,8,366
27.5,13,15,9,368
27.5,13,15,10,370
27.5,13,15,11,371
27.5,13,15,12,373
27.5,13,15,13,375
27.5,13,15,14,376
27.5,13,15,15,378
27.5,14,0,0,329
27.5,14,0,1,331
27.5,14,0,2,332
27.5,14,0,3,334
27.5,14,0,4,336
27.5,14,0,5,337
27.5,14,0,6,339
27.5,14,0,7,340
27.5,14,0,8,342
27.5,14,0,9,343
27.5,14,0,10,345
27.5,14,0,11,346
27.5,14,0,12,348
27.5,14,0,13,350
27.5,14,0,14,351
27.5,14,0,15,353
27.5,14,1,0,331
27.5,14,1,1,333
27.5,14,1,2,334
27.5,14,1,3,336
27.5,14,1,4,338
27.5,14,1,5,339
27.5,14,1,6,341
27.5,14,1,7,342
27.5,14,1,8,344
27.5,14,1,9,345
27.5,14,1,10,347
27.5,14,1,11,349
27.5,14,1,12,350
27.5,14,1,13,352
27.5,14,1,14,353
27.5,14,1,15,355
27.5,14,2,0,333
27.5,14,2,1,335
27.5,14,2,2,336
27.5,14,2,3,338
27.5,14,2,4,340
27.5,14,2,5,341
27.5,14,2,6,343
27.5,14,2,7,344
27.5,14,2,8,346
27.5,14,2,9,347
27.5,14,2,10,349
27.5,14,2,11,351
27.5,14,2,12,352
27.5,14,2,13,354
27.5,14,2,14,355
27.5,14,2,15,357
27.5,14,3,0,335
27.5,14,3,1,337
27.5,14,3,2,338
27.5,14,3,3,340
27.5,14,3,4,342
27.5,14,3,5,343
27.5,14,3,6,345
27.5,14,3,7,346
27.5,14,3,8,348
27.5,14,3,9,350
27.5,14,3,10,351
27.5,14,3,11,353
27.5,14,3,12,354
27.5,14,3,13,356
27.5,14,3,14,357
27.5,14,3,15,359
27.5,14,4,0,337
27.5,14,4,1,339
27.5,14,4,2,340
27.5,14,4,3,342
27.5,14,4,4,344
27.5,14,4,5,345
27.5,14,4,6,347
27.5,14,4,7,348
27.5,14,4,8,350
27.5,14,4,9,352
27.5,14,4,10,353
27.5,14,4,11,355
27.5,14,4,12,356
27.5,14,4,13,358
27.5,14,4,14,359
27.5,14,4,15,361
27.5,14,5,0,339
27.5,14,5,1,341
27.5,14,5,2,342
27.5,14,5,3,344
27.5,14,5,4,346
27.5,14,5,5,347
27.5,14,5,6,349
27.5,14,5,7,350
27.5,14,5,8,352
27.5,14,5,9,354
27.5,14,5,10,355
27.5,14,5,11,357
27.5,14,5,12,358
27.5,14,5,13,360
27.5,14,5,14,361
27.5,14,5,15,363
27.5,14,6,0,341
27.5,14,6,1,343
27.5,14,6,2,344
27.5,14,6,3,346
27.5,14,6,4,347
27.5,14,6,5,349
27.5,14,6,6,351
27.5,14,6,7,352
27.5,14,6,8,354
27.5,14,6,9,356
27.5,14,6,10,357
27.5,14,6,11,359
27.5,14,6,12,360
27.5,14,6,13,362
27.5,14,6,14,364
27.5,14,6,15,365
27.5,14,7,0,343
27.5,14,7,1,344
27.5,14,7,2,346
27.5,14,7,3,348
27.5,14,7,4,349
27.5,14,7,5,351
27.5,14,7,6,353
27.5,14,7,7,354
27.5,14,7,8,356
27.5,14,7,9,358
27.5,14,7,10,359
27.5,14,7,11,361
27.5,14,7,12,362
27.5,14,7,13,364
27.5,14,7,14,366
27.5,14,7,15,367
27.5,14,8,0,345
27.5,14,8,1,346
27.5,14,8,2,348
27.5,14,8,3,350
27.5,14,8,4,351
27.5,14,8,5,353
27.5,14,8,6,355
27.5,14,8,7,356
27.5,14,8,8,358
27.5,14,8,9,360
27.5,14,8,10,361
27.5,14,8,11,363
27.5,14,8,12,364
27.5,14,8,13,366
27.5,14,8,14,368
27.5,14,8,15,369
27.5,14,9,0,347
27.5,14,9,1,348
27.5,14,9,2,350
27.5,14,9,3,352
27.5,14,9,4,353
27.5,14,9,5,355
27.5,14,9,6,357
27.5,14,9,7,358
27.5,14,9,8,360
27.5,14,9,9,362
27.5,14,9,10,363
27.5,14,9,11,365
27.5,14,9,12,366
27.5,14,9,13,368
27.5,14,9,14,370
27.5,14,9,15,371
27.5,14,10,0,348
27.5,14,10,1,350
27.5,14,10,2,352
27.5,14,10,3,354
27.5,14,10,4,355
27.5,14,10,5,357
27.5,14,10,6,359
27.5,14,10,7,360
27.5,14,10,8,362
27.5,14,10,9,363
27.5,14,10,10,365
27.5,14,10,11,367
27.5,14,10,12,368
27.5,14,10,13,370
27.5,14,10,14,372
27.5,14,10,15,373
27.5,14,11,0,350
27.5,14,11,1,352
27.5,14,11,2,354
27.5,14,11,3,355
27.5,14,11,4,357
27.5,14,11,5,359
27.5,14,11,6,360
27.5,14,11,7,362
27.5,14,11,8,364
27.5,14,11,9,365
27.5,14,11,10,367
27.5,14,11,11,369
27.5,14,11,12,370
27.5,14,11,13,372
27.5,14,11,14,374
27.5,14,11,15,375
27.5,14,12,0,352
27.5,14,12,1,354
27.5,14,12,2,356
27.5,14,12,3,357
27.5,14,12,4,359
27.5,14,12,5,361
27.5,14,12,6,362
27.5,14,12,7,364
27.5,14,12,8,366
27.5,14,12,9,367
27.5,14,12,10,369
27.5,14,12,11,371
27.5,14,12,12,372
27.5,14,12,13,374
27.5,14,12,14,376
27.5,14,12,15,377
27.5,14,13,0,354
27.5,14,13,1,356
27.5,14,13,2,357
27.5,14,13,3,359
27.5,14,13,4,361
27.5,14,13,5,363
27.5,14,13,6,364
27.5,14,13,7,366
27.5,14,13,8,368
27.5,14,13,9,369
27.5,14,13,10,371
27.5,14,13,11,373
27.5,14,13,12,374
27.5,14,13,13,376
27.5,14,13,14,378
27.5,14,13,15,379
27.5,14,14,0,356
27.5,14,14,1,358
27.5,14,14,2,359
27.5,14,14,3,361
27.5,14,14,4,363
27.5,14,14,5,364
27.5,14,14,6,366
27.5,14,14,7,368
27.5,14,14,8,370
27.5,14,14,9,371
27.5,14,14,10,373
27.5,14,14,11,375
27.5,14,14,12,376
27.5,14,14,13,378
27.5,14,14,14,380
27.5,14,14,15,381
27.5,14,15,0,358
27.5,14,15,1,359
27.5,14,15,2,361
27.5,14,15,3,363
27.5,14,15,4,365
27.5,14,15,5,366
27.5,14,15,6,368
27.5,14,15,7,370
27.5,14,15,8,371
27.5,14,15,9,373
27.5,14,15,10,375
27.5,14,15,11,377
27.5,14,15,12,378
27.5,14,15,13,380
27.5,14,15,14,381
27.5,14,15,15,383
27.5,15,0,0,334
27.5,15,0,1,335
27.5,15,0,2,337
27.5,15,0,3,339
27.5,15,0,4,340
27.5,15,0,5,342
27.5,15,0,6,343
27.5,15,0,7,345
27.5,15,0,8,347
27.5,15,0,9,348
27.5,15,0,10,350
27.5,15,0,11,351
27.5,15,0,12,353
27.5,15,0,13,354
27.5,15,0,14,356
27.5,15,0,15,357
27.5,15,1,0,336
27.5,15,1,1,337
27.5,15,1,2,339
27.5,15,1,3,341
27.5,15,1,4,342
27.5,15,1,5,344
27.5,15,1,6,345
27.5,15,1,7,347
27.5,15,1,8,349
27.5,15,1,9,350
27.5,15,1,10,352
27.5,15,1,11,353
27.5,15,1,12,355
27.5,15,1,13,356
27.5,15,1,14,358
27.5,15,1,15,360
27.5,15,2,0,338
27.5,15,2,1,339
27.5,15,2,2,341
27.5,15,2,3,343
27.5,15,2,4,344
27.5,15,2,5,346
27.5,15,2,6,347
27.5,15,2,7,349
27.5,15,2,8,351
27.5,15,2,9,352
27.5,15,2,10,354
27.5,15,2,11,355
27.5,15,2,12,357
27.5,15,2,13,359
27.5,15,2,14,360
27.5,15,2,15,362
27.5,15,3,0,340
27.5,15,3,1,341
27.5,15,3,2,343
27.5,15,3,3,345
27.5,15,3,4,346
27.5,15,3,5,348
27.5,15,3,6,349
27.5,15,3,7,351
27.5,15,3,8,353
27.5,15,3,9,354
27.5,15,3,10,356
27.5,15,3,11,358
27.5,15,3,12,359
27.5,15,3,13,361
27.5,15,3,14,362
27.5,15,3,15,364
27.5,15,4,0,342
27.5,15,4,1,343
27.5,15,4,2,345
27.5,15,4,3,347
27.5,15,4,4,348
27.5,15,4,5,350
27.5,15,4,6,352
27.5,15,4,7,353
27.5,15,4,8,355
27.5,15,4,9,356
27.5,15,4,10,358
27.5,15,4,11,360
27.5,15,4,12,361
27.5,15,4,13,363
27.5,15,4,14,364
27.5,15,4,15,366
27.5,15,5,0,344
27.5,15,5,1,345
27.5,15,5,2,347
27.5,15,5,3,349
27.5,15,5,4,350
27.5,15,5,5,352
27.5,15,5,6,354
27.5,15,5,7,355
27.5,15,5,8,357
27.5,15,5,9,358
27.5,15,5,10,360
27.5,15,5,11,362
27.5,15,5,12,363
27.5,15,5,13,365
27.5,15,5,14,366
27.5,15,5,15,368
27.5,15,6,0,346
27.5,15,6,1,347
27.5,15,6,2,349
27.5,15,6,3,351
27.5,15,6,4,352
27.5,15,6,5,354
27.5,15,6,6,356
27.5,15,6,7,357
27.5,15,6,8,359
27.5,15,6,9,360
27.5,15,6,10,362
27.5,15,6,11,364
27.5,15,6,12,365
27.5,15,6,13,367
27.5,15,6,14,368
27.5,15,6,15,370
27.5,15,7,0,347
27.5,15,7,1,349
27.5,15,7,2,351
27.5,15,7,3,353
27.5,15,7,4,354
27.5,15,7,5,356
27.5,15,7,6,358
27.5,15,7,7,359
27.5,15,7,8,361
27.5,15,7,9,362
27.5,15,7,10,364
27.5,15,7,11,366
27.5,15,7,12,367
27.5,15,7,13,369
27.5,15,7,14,371
27.5,15,7,15,372
27.5,15,8,0,349
27.5,15,8,1,351
27.5,15,8,2,353
27.5,15,8,3,354
27.5,15,8,4,356
27.5,15,8,5,358
27.5,15,8,6,360
27.5,15,8,7,361
27.5,15,8,8,363
27.5,15,8,9,364
27.5,15,8,10,366
27.5,15,8,11,368
27.5,15,8,12,369
27.5,15,8,13,371
27.5,15,8,14,373
27.5,15,8,15,374
27.5,15,9,0,351
27.5,15,9,1,353
27.5,15,9,2,355
27.5,15,9,3,356
27.5,15,9,4,358
27.5,15,9,5,360
27.5,15,9,6,361
27.5,15,9,7,363
27.5,15,9,8,365
27.5,15,9,9,366
27.5,15,9,10,368
27.5,15,9,11,370
27.5,15,9,12,371
27.5,15,9,13,373
27.5,15,9,14,375
27.5,15,9,15,376
27.5,15,10,0,353
27.5,15,10,1,355
27.5,15,10,2,357
27.5,15,10,3,358
27.5,15,10,4,360
27.5,15,10,5,362
27.5,15,10,6,363
27.5,15,10,7,365
27.5,15,10,8,367
27.5,15,10,9,368
27.5,15,10,10,370
27.5,15,10,11,372
27.5,15,10,12,373
27.5,15,10,13,375
27.5,15,10,14,377
27.5,15,10,15,378
27.5,15,11,0,355
27.5,15,11,1,357
27.5,15,11,2,359
27.5,15,11,3,360
27.5,15,11,4,362
27.5,15,11,5,364
27.5,15,11,6,365
27.5,15,11,7,367
27.5,15,11,8,369
27.5,15,11,9,370
27.5,15,11,10,372
27.5,15,11,11,374
27.5,15,11,12,375
27.5,15,11,13,377
27.5,15,11,14,379
27.5,15,11,15,380
27.5,15,12,0,357
27.5,15,12,1,359
27.5,15,12,2,360
27.5,15,12,3,362
27.5,15,12,4,364
27.5,15,12,5,366
27.5,15,12,6,367
27.5,15,12,7,369
27.5,15,12,8,371
27.5,15,12,9,372
27.5,15,12,10,374
27.5,15,12,11,376
27.5,15,12,12,377
27.5,15,12,13,379
27.5,15,12,14,381
27.5,15,12,15,382
27.5,15,13,0,359
27.5,15,13,1,361
27.5,15,13,2,362
27.5,15,13,3,364
27.5,15,13,4,366
27.5,15,13,5,368
27.5,15,13,6,369
27.5,15,13,7,371
27.5,15,13,8,373
27.5,15,13,9,374
27.5,15,13,10,376
27.5,15,13,11,378
27.5,15,13,12,379
27.5,15,13,13,381
27.5,15,13,14,383
27.5,15,13,15,384
27.5,15,14,0,361
27.5,15,14,1,362
27.5,15,14,2,364
27.5,15,14,3,366
27.5,15,14,4,368
27.5,15,14,5,369
27.5,15,14,6,371
27.5,15,14,7,373
27.5,15,14,8,375
27.5,15,14,9,376
27.5,15,14,10,378
27.5,15,14,11,380
27.5,15,14,12,381
27.5,15,14,13,383
27.5,15,14,14,385
27.5,15,14,15,386
27.5,15,15,0,363
27.5,15,15,1,364
27.5,15,15,2,366
27.5,15,15,3,368
27.5,15,15,4,370
27.5,15,15,5,371
27.5,15,15,6,373
27.5,15,15,7,375
27.5,15,15,8,377
27.5,15,15,9,378
27.5,15,15,10,380
27.5,15,15,11,382
27.5,15,15,12,383
27.5,15,15,13,385
27.5,15,15,14,387
27.5,15,15,15,388
28.0,0,0,0,271
28.0,0,0,1,272
28.0,0,0,2,273
28.0,0,0,3,275
28.0,0,0,4,276
28.0,0,0,5,277
28.0,0,0,6,279
28.0,0,0,7,280
28.0,0,0,8,281
28.0,0,0,9,282
28.0,0,0,10,284
28.0,0,0,11,285
28.0,0,0,12,286
28.0,0,0,13,288
28.0,0,0,14,289
28.0,0,0,15,290
28.0,0,1,0,272
28.0,0,1,1,274
28.0,0,1,2,275
28.0,0,1,3,276
28.0,0,1,4,278
28.0,0,1,5,279
28.0,0,1,6,280
28.0,0,1,7,282
28.0,0,1,8,283
28.0,0,1,9,284
28.0,0,1,10,285
28.0,0,1,11,287
28.0,0,1,12,288
28.0,0,1,13,289
28.0,0,1,14,291
28.0,0,1,15,292
28.0,0,2,0,274
28.0,0,2,1,275
28.0,0,2,2,277
28.0,0,2,3,278
28.0,0,2,4,279
28.0,0,2,5,281
28.0,0,2,6,282
28.0,0,2,7,283
28.0,0,2,8,285
28.0,0,2,9,286
28.0,0,2,10,287
28.0,0,2,11,288
28.0,0,2,12,290
28.0,0,2,13,291
28.0,0,2,14,292
28.0,0,2,15,294
28.0,0,3,0,276
28.0,0,3,1,277
28.0,0,3,2,278
28.0,0,3,3,280
28.0,0,3,4,281
28.0,0,3,5,282
28.0,0,3,6,284
28.0,0,3,7,285
28.0,0,3,8,286
28.0,0,3,9,288
28.0,0,3,10,289
28.0,0,3,11,290
28.0,0,3,12,291
28.0,0,3,13,293
28.0,0,3,14,294
28.0,0,3,15,295
28.0,0,4,0,277
28.0,0,4,1,279
28.0,0,4,2,280
28.0,0,4,3,281
28.0,0,4,4,283
28.0,0,4,5,284
28.0,0,4,6,285
28.0,0,4,7,287
28.0,0,4,8,288
28.0,0,4,9,289
28.0,0,4,10,291
28.0,0,4,11,292
28.0,0,4,12,293
28.0,0,4,13,294
28.0,0,4,14,296
28.0,0,4,15,297
28.0,0,5,0,279
28.0,0,5,1,280
28.0,0,5,2,282
28.0,0,5,3,283
28.0,0,5,4,284
28.0,0,5,5,286
28.0,0,5,6,287
28.0,0,5,7,288
28.0,0,5,8,290
28.0,0,5,9,291
28.0,0,5,10,292
28.0,0,5,11,293
28.0,0,5,12,295
28.0,0,5,13,296
28.0,0,5,14,297
28.0,0,5,15,299
28.0,0,6,0,280
28.0,0,6,1,282
28.0,0,6,2,283
28.0,0,6,3,284
28.0,0,6,4,286
28.0,0,6,5,287
28.0,0,6,6,289
28.0,0,6,7,290
28.0,0,6,8,291
28.0,0,6,9,293
28.0,0,6,10,294
28.0,0,6,11,295
28.0,0,6,12,296
28.0,0,6,13,298
28.0,0,6,14,299
28.0,0,6,15,300
28.0,0,7,0,282
28.0,0,7,1,283
28.0,0,7,2,285
28.0,0,7,3,286
28.0,0,7,4,287
28.0,0,7,5,289
28.0,0,7,6,290
28.0,0,7,7,292
28.0,0,7,8,293
28.0,0,7,9,294
28.0,0,7,10,295
28.0,0,7,11,297
28.0,0,7,12,298
28.0,0,7,13,299
28.0,0,7,14,301
28.0,0,7,15,302
28.0,0,8,0,284
28.0,0,8,1,285
28.0,0,8,2,286
28.0,0,8,3,288
28.0,0,8,4,289
28.0,0,8,5,290
28.0,0,8,6,292
28.0,0,8,7,293
28.0,0,8,8,294
28.0,0,8,9,296
28.0,0,8,10,297
28.0,0,8,11,298
28.0,0,8,12,300
28.0,0,8,13,301
28.0,0,8,14,302
28.0,0,8,15,304
28.0,0,9,0,285
28.0,0,9,1,286
28.0,0,9,2,288
28.0,0,9,3,289
28.0,0,9,4,291
28.0,0,9,5,292
28.0,0,9,6,293
28.0,0,9,7,295
28.0,0,9,8,296
28.0,0,9,9,297
28.0,0,9,10,299
28.0,0,9,11,300
28.0,0,9,12,301
28.0,0,9,13,303
28.0,0,9,14,304
28.0,0,9,15,305
28.0,0,10,0,287
28.0,0,10,1,288
28.0,0,10,2,289
28.0,0,10,3,291
28.0,0,10,4,292
28.0,0,10,5,294
28.0,0,10,6,295
28.0,0,10,7,296
28.0,0,10,8,298
28.0,0,10,9,299
28.0,0,10,10,300
28.0,0,10,11,302
28.0,0,10,12,303
28.0,0,10,13,304
28.0,0,10,14,306
28.0,0,10,15,307
28.0,0,11,0,288
28.0,0,11,1,290
28.0,0,11,2,291
28.0,0,11,3,292
28.0,0,11,4,294
28.0,0,11,5,295
28.0,0,11,6,297
28.0,0,11,7,298
28.0,0,11,8,299
28.0,0,11,9,301
28.0,0,11,10,302
28.0,0,11,11,303
28.0,0,11,12,305
28.0,0,11,13,306
28.0,0,11,14,307
28.0,0,11,15,309
28.0,0,12,0,290
28.0,0,12,1,291
28.0,0,12,2,293
28.0,0,12,3,294
28.0,0,12,4,295
28.0,0,12,5,297
28.0,0,12,6,298
28.0,0,12,7,300
28.0,0,12,8,301
28.0,0,12,9,302
28.0,0,12,10,304
28.0,0,12,11,305
28.0,0,12,12,306
28.0,0,12,13,308
28.0,0,12,14,309
28.0,0,12,15,310
28.0,0,13,0,291
28.0,0,13,1,293
28.0,0,13,2,294
28.0,0,13,3,295
28.0,0,13,4,297
28.0,0,13,5,298
28.0,0,13,6,300
28.0,0,13,7,301
28.0,0,13,8,302
28.0,0,13,9,304
28.0,0,13,10,305
28.0,0,13,11,307
28.0,0,13,12,308
28.0,0,13,13,309
28.0,0,13,14,311
28.0,0,13,15,312
28.0,0,14,0,293
28.0,0,14,1,294
28.0,0,14,2,296
28.0,0,14,3,297
28.0,0,14,4,298
28.0,0,14,5,300
28.0,0,14,6,301
28.0,0,14,7,303
28.0,0,14,8,304
28.0,0,14,9,305
28.0,0,14,10,307
28.0,0,14,11,308
28.0,0,14,12,310
28.0,0,14,13,311
28.0,0,14,14,312
28.0,0,14,15,314
28.0,0,15,0,294
28.0,0,15,1,296
28.0,0,15,2,297
28.0,0,15,3,299
28.0,0,15,4,300
28.0,0,15,5,301
28.0,0,15,6,303
28.0,0,15,7,304
28.0,0,15,8,306
28.0,0,15,9,307
28.0,0,15,10,308
28.0,0,15,11,310
28.0,0,15,12,311
28.0,0,15,13,312
28.0,0,15,14,314
28.0,0,15,15,315
28.0,1,0,0,275
28.0,1,0,1,277
28.0,1,0,2,278
28.0,1,0,3,279
28.0,1,0,4,281
28.0,1,0,5,282
28.0,1,0,6,283
28.0,1,0,7,285
28.0,1,0,8,286
28.0,1,0,9,287
28.0,1,0,10,289
28.0,1,0,11,290
28.0,1,0,12,291
28.0,1,0,13,292
28.0,1,0,14,294
28.0,1,0,15,295
28.0,1,1,0,277
28.0,1,1,1,278
28.0,1,1,2,280
28.0,1,1,3,281
28.0,1,1,4,282
28.0,1,1,5,284
28.0,1,1,6,285
28.0,1,1,7,286
28.0,1,1,8,288
28.0,1,1,9,289
28.0,1,1,10,290
28.0,1,1,11,292
28.0,1,1,12,293
28.0,1,1,13,294
28.0,1,1,14,295
28.0,1,1,15,297
28.0,1,2,0,279
28.0,1,2,1,280
28.0,1,2,2,281
28.0,1,2,3,283
28.0,1,2,4,284
28.0,1,2,5,285
28.0,1,2,6,287
28.0,1,2,7,288
28.0,1,2,8,289
28.0,1,2,9,291
28.0,1,2,10,292
28.0,1,2,11,293
28.0,1,2,12,295
28.0,1,2,13,296
28.0,1,2,14,297
28.0,1,2,15,298
28.0,1,3,0,280
28.0,1,3,1,282
28.0,1,3,2,283
28.0,1,3,3,284
28.0,1,3,4,286
28.0,1,3,5,287
28.0,1,3,6,288
28.0,1,3,7,290
28.0,1,3,8,291
28.0,1,3,9,292
28.0,1,3,10,294
28.0,1,3,11,295
28.0,1,3,12,296
28.0,1,3,13,298
28.0,1,3,14,299
28.0,1,3,15,300
28.0,1,4,0,282
28.0,1,4,1,283
28.0,1,4,2,285
28.0,1,4,3,286
28.0,1,4,4,287
28.0,1,4,5,289
28.0,1,4,6,290
28.0,1,4,7,291
28.0,1,4,8,293
28.0,1,4,9,294
28.0,1,4,10,295
28.0,1,4,11,297
28.0,1,4,12,298
28.0,1,4,13,299
28.0,1,4,14,301
28.0,1,4,15,302
28.0,1,5,0,284
28.0,1,5,1,285
28.0,1,5,2,286
28.0,1,5,3,288
28.0,1,5,4,289
28.0,1,5,5,290
28.0,1,5,6,292
28.0,1,5,7,293
28.0,1,5,8,294
28.0,1,5,9,296
28.0,1,5,10,297
28.0,1,5,11,298
28.0,1,5,12,300
28.0,1,5,13,301
28.0,1,5,14,302
28.0,1,5,15,304
28.0,1,6,0,285
28.0,1,6,1,287
28.0,1,6,2,288
28.0,1,6,3,289
28.0,1,6,4,291
28.0,1,6,5,292
28.0,1,6,6,293
28.0,1,6,7,295
28.0,1,6,8,296
28.0,1,6,9,297
28.0,1,6,10,299
28.0,1,6,11,300
28.0,1,6,12,301
28.0,1,6,13,303
28.0,1,6,14,304
28.0,1,6,15,305
28.0,1,7,0,287
28.0,1,7,1,288
28.0,1,7,2,290
28.0,1,7,3,291
28.0,1,7,4,292
28.0,1,7,5,294
28.0,1,7,6,295
28.0,1,7,7,296
28.0,1,7,8,298
28.0,1,7,9,299
28.0,1,7,10,301
28.0,1,7,11,302
28.0,1,7,12,303
28.0,1,7,13,305
28.0,1,7,14,306
28.0,1,7,15,307
28.0,1,8,0,288
28.0,1,8,1,290
28.0,1,8,2,291
28.0,1,8,3,293
28.0,1,8,4,294
28.0,1,8,5,295
28.0,1,8,6,297
28.0,1,8,7,298
28.0,1,8,8,299
28.0,1,8,9,301
28.0,1,8,10,302
28.0,1,8,11,304
28.0,1,8,12,305
28.0,1,8,13,306
28.0,1,8,14,308
28.0,1,8,15,309
28.0,1,9,0,290
28.0,1,9,1,291
28.0,1,9,2,293
28.0,1,9,3,294
28.0,1,9,4,296
28.0,1,9,5,297
28.0,1,9,6,298
28.0,1,9,7,300
28.0,1,9,8,301
28.0,1,9,9,302
28.0,1,9,10,304
28.0,1,9,11,305
28.0,1,9,12,307
28.0,1,9,13,308
28.0,1,9,14,309
28.0,1,9,15,311
28.0,1,10,0,292
28.0,1,10,1,293
28.0,1,10,2,294
28.0,1,10,3,296
28.0,1,10,4,297
28.0,1,10,5,299
28.0,1,10,6,300
28.0,1,10,7,301
28.0,1,10,8,303
28.0,1,10,9,304
28.0,1,10,10,305
28.0,1,10,11,307
28.0,1,10,12,308
28.0,1,10,13,310
28.0,1,10,14,311
28.0,1,10,15,312
28.0,1,11,0,293
28.0,1,11,1,295
28.0,1,11,2,296
28.0,1,11,3,297
28.0,1,11,4,299
28.0,1,11,5,300
28.0,1,11,6,302
28.0,1,11,7,303
28.0,1,11,8,304
28.0,1,11,9,306
28.0,1,11,10,307
28.0,1,11,11,308
28.0,1,11,12,310
28.0,1,11,13,311
28.0,1,11,14,313
28.0,1,11,15,314
28.0,1,12,0,295
28.0,1,12,1,296
28.0,1,12,2,298
28.0,1,12,3,299
28.0,1,12,4,300
28.0,1,12,5,302
28.0,1,12,6,303
28.0,1,12,7,305
28.0,1,12,8,306
28.0,1,12,9,307
28.0,1,12,10,309
28.0,1,12,11,310
28.0,1,12,12,312
28.0,1,12,13,313
28.0,1,12,14,314
28.0,1,12,15,316
28.0,1,13,0,296
28.0,1,13,1,298
28.0,1,13,2,299
28.0,1,13,3,301
28.0,1,13,4,302
28.0,1,13,5,303
28.0,1,13,6,305
28.0,1,13,7,306
28.0,1,13,8,308
28.0,1,13,9,309
28.0,1,13,10,310
28.0,1,13,11,312
28.0,1,13,12,313
28.0,1,13,13,315
28.0,1,13,14,316
28.0,1,13,15,317
28.0,1,14,0,298
28.0,1,14,1,299
28.0,1,14,2,301
28.0,1,14,3,302
28.0,1,14,4,304
28.0,1,14,5,305
28.0,1,14,6,306
28.0,1,14,7,308
28.0,1,14,8,309
28.0,1,14,9,311
28.0,1,14,10,312
28.0,1,14,11,313
28.0,1,14,12,315
28.0,1,14,13,316
28.0,1,14,14,318
28.0,1,14,15,319
28.0,1,15,0,299
28.0,1,15,1,301
28.0,1,15,2,302
28.0,1,15,3,304
28.0,1,15,4,305
28.0,1,15,5,307
28.0,1,15,6,308
28.0,1,15,7,309
28.0,1,15,8,311
28.0,1,15,9,312
28.0,1,15,10,314
28.0,1,15,11,315
28.0,1,15,12,316
28.0,1,15,13,318
28.0,1,15,14,319
28.0,1,15,15,321
28.0,2,0,0,280
28.0,2,0,1,281
28.0,2,0,2,283
28.0,2,0,3,284
28.0,2,0,4,285
28.0,2,0,5,287
28.0,2,0,6,288
28.0,2,0,7,289
28.0,2,0,8,291
28.0,2,0,9,292
28.0,2,0,10,293
28.0,2,0,11,295
28.0,2,0,12,296
28.0,2,0,13,297
28.0,2,0,14,299
28.0,2,0,15,300
28.0,2,1,0,282
28.0,2,1,1,283
28.0,2,1,2,284
28.0,2,1,3,286
28.0,2,1,4,287
28.0,2,1,5,288
28.0,2,1,6,290
28.0,2,1,7,291
28.0,2,1,8,292
28.0,2,1,9,294
28.0,2,1,10,295
28.0,2,1,11,296
28.0,2,1,12,298
28.0,2,1,13,299
28.0,2,1,14,300
28.0,2,1,15,302
28.0,2,2,0,283
28.0,2,2,1,285
28.0,2,2,2,286
28.0,2,2,3,287
28.0,2,2,4,289
28.0,2,2,5,290
28.0,2,2,6,292
28.0,2,2,7,293
28.0,2,2,8,294
28.0,2,2,9,296
28.0,2,2,10,297
28.0,2,2,11,298
28.0,2,2,12,300
28.0,2,2,13,301
28.0,2,2,14,302
28.0,2,2,15,303
28.0,2,3,0,285
28.0,2,3,1,286
28.0,2,3,2,288
28.0,2,3,3,289
28.0,2,3,4,291
28.0,2,3,5,292
28.0,2,3,6,293
28.0,2,3,7,295
28.0,2,3,8,296
28.0,2,3,9,297
28.0,2,3,10,299
28.0,2,3,11,300
28.0,2,3,12,301
28.0,2,3,13,303
28.0,2,3,14,304
28.0,2,3,15,305
28.0,2,4,0,287
28.0,2,4,1,288
28.0,2,4,2,289
28.0,2,4,3,291
28.0,2,4,4,292
28.0,2,4,5,294
28.0,2,4,6,295
28.0,2,4,7,296
28.0,2,4,8,298
28.0,2,4,9,299
28.0,2,4,10,300
28.0,2,4,11,302
28.0,2,4,12,303
28.0,2,4,13,304
28.0,2,4,14,306
28.0,2,4,15,307
28.0,2,5,0,288
28.0,2,5,1,290
28.0,2,5,2,291
28.0,2,5,3,292
28.0,2,5,4,294
28.0,2,5,5,295
28.0,2,5,6,297
28.0,2,5,7,298
28.0,2,5,8,299
28.0,2,5,9,301
28.0,2,5,10,302
28.0,2,5,11,303
28.0,2,5,12,305
28.0,2,5,13,306
28.0,2,5,14,307
28.0,2,5,15,309
28.0,2,6,0,290
28.0,2,6,1,291
28.0,2,6,2,293
28.0,2,6,3,294
28.0,2,6,4,296
28.0,2,6,5,297
28.0,2,6,6,298
28.0,2,6,7,300
28.0,2,6,8,301
28.0,2,6,9,302
28.0,2,6,10,304
28.0,2,6,11,305
28.0,2,6,12,307
28.0,2,6,13,308
28.0,2,6,14,309
28.0,2,6,15,311
28.0,2,7,0,292
28.0,2,7,1,293
28.0,2,7,2,294
28.0,2,7,3,296
28.0,2,7,4,297
28.0,2,7,5,299
28.0,2,7,6,300
28.0,2,7,7,301
28.0,2,7,8,303
28.0,2,7,9,304
28.0,2,7,10,306
28.0,2,7,11,307
28.0,2,7,12,308
28.0,2,7,13,310
28.0,2,7,14,311
28.0,2,7,15,312
28.0,2,8,0,293
28.0,2,8,1,295
28.0,2,8,2,296
28.0,2,8,3,297
28.0,2,8,4,299
28.0,2,8,5,300
28.0,2,8,6,302
28.0,2,8,7,303
28.0,2,8,8,304
28.0,2,8,9,306
28.0,2,8,10,307
28.0,2,8,11,309
28.0,2,8,12,310
28.0,2,8,13,311
28.0,2,8,14,313
28.0,2,8,15,314
28.0,2,9,0,295
28.0,2,9,1,296
28.0,2,9,2,298
28.0,2,9,3,299
28.0,2,9,4,301
28.0,2,9,5,302
28.0,2,9,6,303
28.0,2,9,7,305
28.0,2,9,8,306
28.0,2,9,9,308
28.0,2,9,10,309
28.0,2,9,11,310
28.0,2,9,12,312
28.0,2,9,13,313
28.0,2,9,14,314
28.0,2,9,15,316
28.0,2,10,0,296
28.0,2,10,1,298
28.0,2,10,2,299
28.0,2,10,3,301
28.0,2,10,4,302
28.0,2,10,5,304
28.0,2,10,6,305
28.0,2,10,7,306
28.0,2,10,8,308
28.0,2,10,9,309
28.0,2,10,10,311
28.0,2,10,11,312
28.0,2,10,12,313
28.0,2,10,13,315
28.0,2,10,14,316
28.0,2,10,15,317
28.0,2,11,0,298
28.0,2,11,1,299
28.0,2,11,2,301
28.0,2,11,3,302
28.0,2,11,4,304
28.0,2,11,5,305
28.0,2,11,6,307
28.0,2,11,7,308
28.0,2,11,8,309
28.0,2,11,9,311
28.0,2,11,10,312
28.0,2,11,11,314
28.0,2,11,12,315
28.0,2,11,13,316
28.0,2,11,14,318
28.0,2,11,15,319
28.0,2,12,0,300
28.0,2,12,1,301
28.0,2,12,2,302
28.0,2,12,3,304
28.0,2,12,4,305
28.0,2,12,5,307
28.0,2,12,6,308
28.0,2,12,7,310
28.0,2,12,8,311
28.0,2,12,9,313
28.0,2,12,10,314
28.0,2,12,11,315
28.0,2,12,12,317
28.0,2,12,13,318
28.0,2,12,14,319
28.0,2,12,15,321
28.0,2,13,0,301
28.0,2,13,1,303
28.0,2,13,2,304
28.0,2,13,3,306
28.0,2,13,4,307
28.0,2,13,5,308
28.0,2,13,6,310
28.0,2,13,7,311
28.0,2,13,8,313
28.0,2,13,9,314
28.0,2,13,10,316
28.0,2,13,11,317
28.0,2,13,12,318
28.0,2,13,13,320
28.0,2,13,14,321
28.0,2,13,15,323
28.0,2,14,0,303
28.0,2,14,1,304
28.0,2,14,2,306
28.0,2,14,3,307
28.0,2,14,4,309
28.0,2,14,5,310
28.0,2,14,6,311
28.0,2,14,7,313
28.0,2,14,8,314
28.0,2,14,9,316
28.0,2,14,10,317
28.0,2,14,11,319
28.0,2,14,12,320
28.0,2,14,13,321
28.0,2,14,14,323
28.0,2,14,15,324
28.0,2,15,0,304
28.0,2,15,1,306
28.0,2,15,2,307
28.0,2,15,3,309
28.0,2,15,4,310
28.0,2,15,5,312
28.0,2,15,6,313
28.0,2,15,7,315
28.0,2,15,8,316
28.0,2,15,9,317
28.0,2,15,10,319
28.0,2,15,11,320
28.0,2,15,12,322
28.0,2,15,13,323
28.0,2,15,14,324
28.0,2,15,15,326
28.0,3,0,0,285
28.0,3,0,1,286
28.0,3,0,2,287
28.0,3,0,3,289
28.0,3,0,4,290
28.0,3,0,5,291
28.0,3,0,6,293
28.0,3,0,7,294
28.0,3,0,8,296
28.0,3,0,9,297
28.0,3,0,10,298
28.0,3,0,11,300
28.0,3,0,12,301
28.0,3,0,13,302
28.0,3,0,14,303
28.0,3,0,15,305
28.0,3,1,0,286
28.0,3,1,1,288
28.0,3,1,2,289
28.0,3,1,3,290
28.0,3,1,4,292
28.0,3,1,5,293
28.0,3,1,6,295
28.0,3,1,7,296
28.0,3,1,8,297
28.0,3,1,9,299
28.0,3,1,10,300
28.0,3,1,11,301
28.0,3,1,12,303
28.0,3,1,13,304
28.0,3,1,14,305
28.0,3,1,15,307
28.0,3,2,0,288
28.0,3,2,1,289
28.0,3,2,2,291
28.0,3,2,3,292
28.0,3,2,4,294
28.0,3,2,5,295
28.0,3,2,6,296
28.0,3,2,7,298
28.0,3,2,8,299
28.0,3,2,9,300
28.0,3,2,10,302
28.0,3,2,11,303
28.0,3,2,12,304
28.0,3,2,13,306
28.0,3,2,14,307
28.0,3,2,15,308
28.0,3,3,0,290
28.0,3,3,1,291
28.0,3,3,2,292
28.0,3,3,3,294
28.0,3,3,4,295
28.0,3,3,5,297
28.0,3,3,6,298
28.0,3,3,7,299
28.0,3,3,8,301
28.0,3,3,9,302
28.0,3,3,10,304
28.0,3,3,11,305
28.0,3,3,12,306
28.0,3,3,13,308
28.0,3,3,14,309
28.0,3,3,15,310
28.0,3,4,0,291
28.0,3,4,1,293
28.0,3,4,2,294
28.0,3,4,3,296
28.0,3,4,4,297
28.0,3,4,5,298
28.0,3,4,6,300
28.0,3,4,7,301
28.0,3,4,8,303
28.0,3,4,9,304
28.0,3,4,10,305
28.0,3,4,11,307
28.0,3,4,12,308
28.0,3,4,13,309
28.0,3,4,14,311
28.0,3,4,15,312
28.0,3,5,0,293
28.0,3,5,1,294
28.0,3,5,2,296
28.0,3,5,3,297
28.0,3,5,4,299
28.0,3,5,5,300
28.0,3,5,6,302
28.0,3,5,7,303
28.0,3,5,8,304
28.0,3,5,9,306
28.0,3,5,10,307
28.0,3,5,11,308
28.0,3,5,12,310
28.0,3,5,13,311
28.0,3,5,14,313
28.0,3,5,15,314
28.0,3,6,0,295
28.0,3,6,1,296
28.0,3,6,2,298
28.0,3,6,3,299
28.0,3,6,4,300
28.0,3,6,5,302
28.0,3,6,6,303
28.0,3,6,7,305
28.0,3,6,8,306
28.0,3,6,9,307
28.0,3,6,10,309
28.0,3,6,11,310
28.0,3,6,12,312
28.0,3,6,13,313
28.0,3,6,14,314
28.0,3,6,15,316
28.0,3,7,0,296
28.0,3,7,1,298
28.0,3,7,2,299
28.0,3,7,3,301
28.0,3,7,4,302
28.0,3,7,5,304
28.0,3,7,6,305
28.0,3,7,7,306
28.0,3,7,8,308
28.0,3,7,9,309
28.0,3,7,10,311
28.0,3,7,11,312
28.0,3,7,12,313
28.0,3,7,13,315
28.0,3,7,14,316
28.0,3,7,15,317
28.0,3,8,0,298
28.0,3,8,1,299
28.0,3,8,2,301
28.0,3,8,3,302
28.0,3,8,4,304
28.0,3,8,5,305
28.0,3,8,6,307
28.0,3,8,7,308
28.0,3,8,8,309
28.0,3,8,9,311
28.0,3,8,10,312
28.0,3,8,11,314
28.0,3,8,12,315
28.0,3,8,13,316
28.0,3,8,14,318
28.0,3,8,15,319
28.0,3,9,0,300
28.0,3,9,1,301
28.0,3,9,2,303
28.0,3,9,3,304
28.0,3,9,4,305
28.0,3,9,5,307
28.0,3,9,6,308
28.0,3,9,7,310
28.0,3,9,8,311
28.0,3,9,9,313
28.0,3,9,10,314
28.0,3,9,11,315
28.0,3,9,12,317
28.0,3,9,13,318
28.0,3,9,14,320
28.0,3,9,15,321
28.0,3,10,0,301
28.0,3,10,1,303
28.0,3,10,2,304
28.0,3,10,3,306
28.0,3,10,4,307
28.0,3,10,5,309
28.0,3,10,6,310
28.0,3,10,7,311
28.0,3,10,8,313
28.0,3,10,9,314
28.0,3,10,10,316
28.0,3,10,11,317
28.0,3,10,12,318
28.0,3,10,13,320
28.0,3,10,14,321
28.0,3,10,15,323
28.0,3,11,0,303
28.0,3,11,1,304
28.0,3,11,2,306
28.0,3,11,3,307
28.0,3,11,4,309
28.0,3,11,5,310
28.0,3,11,6,312
28.0,3,11,7,313
28.0,3,11,8,315
28.0,3,11,9,316
28.0,3,11,10,317
28.0,3,11,11,319
28.0,3,11,12,320
28.0,3,11,13,322
28.0,3,11,14,323
28.0,3,11,15,324
28.0,3,12,0,304
28.0,3,12,1,306
28.0,3,12,2,307
28.0,3,12,3,309
28.0,3,12,4,310
28.0,3,12,5,312
28.0,3,12,6,313
28.0,3,12,7,315
28.0,3,12,8,316
28.0,3,12,9,318
28.0,3,12,10,319
28.0,3,12,11,320
28.0,3,12,12,322
28.0,3,12,13,323
28.0,3,12,14,325
28.0,3,12,15,326
28.0,3,13,0,306
28.0,3,13,1,308
28.0,3,13,2,309
28.0,3,13,3,311
28.0,3,13,4,312
28.0,3,13,5,313
28.0,3,13,6,315
28.0,3,13,7,316
28.0,3,13,8,318
28.0,3,13,9,319
28.0,3,13,10,321
28.0,3,13,11,322
28.0,3,13,12,324
28.0,3,13,13,325
28.0,3,13,14,326
28.0,3,13,15,328
28.0,3,14,0,308
28.0,3,14,1,309
28.0,3,14,2,311
28.0,3,14,3,312
28.0,3,14,4,314
28.0,3,14,5,315
28.0,3,14,6,317
28.0,3,14,7,318
28.0,3,14,8,320
28.0,3,14,9,321
28.0,3,14,10,322
28.0,3,14,11,324
28.0,3,14,12,325
28.0,3,14,13,327
28.0,3,14,14,328
28.0,3,14,15,330
28.0,3,15,0,309
28.0,3,15,1,311
28.0,3,15,2,312
28.0,3,15,3,314
28.0,3,15,4,315
28.0,3,15,5,317
28.0,3,15,6,318
28.0,3,15,7,320
28.0,3,15,8,321
28.0,3,15,9,323
28.0,3,15,10,324
28.0,3,15,11,326
28.0,3,15,12,327
28.0,3,15,13,328
28.0,3,15,14,330
28.0,3,15,15,331
28.0,4,0,0,289
28.0,4,0,1,291
28.0,4,0,2,292
28.0,4,0,3,293
28.0,4,0,4,295
28.0,4,0,5,296
28.0,4,0,6,298
28.0,4,0,7,299
28.0,4,0,8,300
28.0,4,0,9,302
28.0,4,0,10,303
28.0,4,0,11,304
28.0,4,0,12,306
28.0,4,0,13,307
28.0,4,0,14,308
28.0,4,0,15,310
28.0,4,1,0,291
28.0,4,1,1,292
28.0,4,1,2,294
28.0,4,1,3,295
28.0,4,1,4,297
28.0,4,1,5,298
28.0,4,1,6,299
28.0,4,1,7,301
28.0,4,1,8,302
28.0,4,1,9,303
28.0,4,1,10,305
28.0,4,1,11,306
28.0,4,1,12,308
28.0,4,1,13,309
28.0,4,1,14,310
28.0,4,1,15,312
28.0,4,2,0,293
28.0,4,2,1,294
28.0,4,2,2,295
28.0,4,2,3,297
28.0,4,2,4,298
28.0,4,2,5,300
28.0,4,2,6,301
28.0,4,2,7,303
28.0,4,2,8,304
28.0,4,2,9,305
28.0,4,2,10,307
28.0,4,2,11,308
28.0,4,2,12,309
28.0,4,2,13,311
28.0,4,2,14,312
28.0,4,2,15,313
28.0,4,3,0,294
28.0,4,3,1,296
28.0,4,3,2,297
28.0,4,3,3,299
28.0,4,3,4,300
28.0,4,3,5,301
28.0,4,3,6,303
28.0,4,3,7,304
28.0,4,3,8,306
28.0,4,3,9,307
28.0,4,3,10,308
28.0,4,3,11,310
28.0,4,3,12,311
28.0,4,3,13,313
28.0,4,3,14,314
28.0,4,3,15,315
28.0,4,4,0,296
28.0,4,4,1,297
28.0,4,4,2,299
28.0,4,4,3,300
28.0,4,4,4,302
28.0,4,4,5,303
28.0,4,4,6,305
28.0,4,4,7,306
28.0,4,4,8,307
28.0,4,4,9,309
28.0,4,4,10,310
28.0,4,4,11,312
28.0,4,4,12,313
28.0,4,4,13,314
28.0,4,4,14,316
28.0,4,4,15,317
28.0,4,5,0,298
28.0,4,5,1,299
28.0,4,5,2,301
28.0,4,5,3,302
28.0,4,5,4,304
28.0,4,5,5,305
28.0,4,5,6,306
28.0,4,5,7,308
28.0,4,5,8,309
28.0,4,5,9,311
28.0,4,5,10,312
28.0,4,5,11,313
28.0,4,5,12,315
28.0,4,5,13,316
28.0,4,5,14,318
28.0,4,5,15,319
28.0,4,6,0,299
28.0,4,6,1,301
28.0,4,6,2,302
28.0,4,6,3,304
28.0,4,6,4,305
28.0,4,6,5,307
28.0,4,6,6,308
28.0,4,6,7,310
28.0,4,6,8,311
28.0,4,6,9,312
28.0,4,6,10,314
28.0,4,6,11,315
28.0,4,6,12,317
28.0,4,6,13,318
28.0,4,6,14,319
28.0,4,6,15,321
28.0,4,7,0,301
28.0,4,7,1,303
28.0,4,7,2,304
28.0,4,7,3,306
28.0,4,7,4,307
28.0,4,7,5,308
28.0,4,7,6,310
28.0,4,7,7,311
28.0,4,7,8,313
28.0,4,7,9,314
28.0,4,7,10,316
28.0,4,7,11,317
28.0,4,7,12,318
28.0,4,7,13,320
28.0,4,7,14,321
28.0,4,7,15,323
28.0,4,8,0,303
28.0,4,8,1,304
28.0,4,8,2,306
28.0,4,8,3,307
28.0,4,8,4,309
28.0,4,8,5,310
28.0,4,8,6,312
28.0,4,8,7,313
28.0,4,8,8,314
28.0,4,8,9,316
28.0,4,8,10,317
28.0,4,8,11,319
28.0,4,8,12,320
28.0,4,8,13,322
28.0,4,8,14,323
28.0,4,8,15,324
28.0,4,9,0,304
28.0,4,9,1,306
28.0,4,9,2,307
28.0,4,9,3,309
28.0,4,9,4,310
28.0,4,9,5,312
28.0,4,9,6,313
28.0,4,9,7,315
28.0,4,9,8,316
28.0,4,9,9,318
28.0,4,9,10,319
28.0,4,9,11,320
28.0,4,9,12,322
28.0,4,9,13,323
28.0,4,9,14,325
28.0,4,9,15,326
28.0,4,10,0,306
28.0,4,10,1,308
28.0,4,10,2,309
28.0,4,10,3,311
28.0,4,10,4,312
28.0,4,10,5,314
28.0,4,10,6,315
28.0,4,10,7,316
28.0,4,10,8,318
28.0,4,10,9,319
28.0,4,10,10,321
28.0,4,10,11,322
28.0,4,10,12,324
28.0,4,10,13,325
28.0,4,10,14,326
28.0,4,10,15,328
28.0,4,11,0,308
28.0,4,11,1,309
28.0,4,11,2,311
28.0,4,11,3,312
28.0,4,11,4,314
28.0,4,11,5,315
28.0,4,11,6,317
28.0,4,11,7,318
28.0,4,11,8,320
28.0,4,11,9,321
28.0,4,11,10,323
28.0,4,11,11,324
28.0,4,11,12,325
28.0,4,11,13,327
28.0,4,11,14,328
28.0,4,11,15,330
28.0,4,12,0,309
28.0,4,12,1,311
28.0,4,12,2,312
28.0,4,12,3,314
28.0,4,12,4,315
28.0,4,12,5,317
28.0,4,12,6,318
28.0,4,12,7,320
28.0,4,12,8,321
28.0,4,12,9,323
28.0,4,12,10,324
28.0,4,12,11,326
28.0,4,12,12,327
28.0,4,12,13,329
28.0,4,12,14,330
28.0,4,12,15,331
28.0,4,13,0,311
28.0,4,13,1,313
28.0,4,13,2,314
28.0,4,13,3,316
28.0,4,13,4,317
28.0,4,13,5,319
28.0,4,13,6,320
28.0,4,13,7,322
28.0,4,13,8,323
28.0,4,13,9,324
28.0,4,13,10,326
28.0,4,13,11,327
28.0,4,13,12,329
28.0,4,13,13,330
28.0,4,13,14,332
28.0,4,13,15,333
28.0,4,14,0,313
28.0,4,14,1,314
28.0,4,14,2,316
28.0,4,14,3,317
28.0,4,14,4,319
28.0,4,14,5,320
28.0,4,14,6,322
28.0,4,14,7,323
28.0,4,14,8,325
28.0,4,14,9,326
28.0,4,14,10,328
28.0,4,14,11,329
28.0,4,14,12,331
28.0,4,14,13,332
28.0,4,14,14,333
28.0,4,14,15,335
28.0,4,15,0,314
28.0,4,15,1,316
28.0,4,15,2,317
28.0,4,15,3,319
28.0,4,15,4,320
28.0,4,15,5,322
28.0,4,15,6,323
28.0,4,15,7,325
28.0,4,15,8,326
28.0,4,15,9,328
28.0,4,15,10,329
28.0,4,15,11,331
28.0,4,15,12,332
28.0,4,15,13,334
28.0,4,15,14,335
28.0,4,15,15,337
28.0,5,0,0,294
28.0,5,0,1,295
28.0,5,0,2,297
28.0,5,0,3,298
28.0,5,0,4,299
28.0,5,0,5,301
28.0,5,0,6,302
28.0,5,0,7,304
28.0,5,0,8,305
28.0,5,0,9,306
28.0,5,0,10,308
28.0,5,0,11,309
28.0,5,0,12,311
28.0,5,0,13,312
28.0,5,0,14,313
28.0,5,0,15,315
28.0,5,1,0,296
28.0,5,1,1,297
28.0,5,1,2,298
28.0,5,1,3,300
28.0,5,1,4,301
28.0,5,1,5,303
28.0,5,1,6,304
28.0,5,1,7,306
28.0,5,1,8,307
28.0,5,1,9,308
28.0,5,1,10,310
28.0,5,1,11,311
28.0,5,1,12,312
28.0,5,1,13,314
28.0,5,1,14,315
28.0,5,1,15,317
28.0,5,2,0,297
28.0,5,2,1,299
28.0,5,2,2,300
28.0,5,2,3,302
28.0,5,2,4,303
28.0,5,2,5,304
28.0,5,2,6,306
28.0,5,2,7,307
28.0,5,2,8,309
28.0,5,2,9,310
28.0,5,2,10,312
28.0,5,2,11,313
28.0,5,2,12,314
28.0,5,2,13,316
28.0,5,2,14,317
28.0,5,2,15,318
28.0,5,3,0,299
28.0,5,3,1,300
28.0,5,3,2,302
28.0,5,3,3,303
28.0,5,3,4,305
28.0,5,3,5,306
28.0,5,3,6,308
28.0,5,3,7,309
28.0,5,3,8,311
28.0,5,3,9,312
28.0,5,3,10,313
28.0,5,3,11,315
28.0,5,3,12,316
28.0,5,3,13,318
28.0,5,3,14,319
28.0,5,3,15,320
28.0,5,4,0,301
28.0,5,4,1,302
28.0,5,4,2,304
28.0,5,4,3,305
28.0,5,4,4,307
28.0,5,4,5,308
28.0,5,4,6,309
28.0,5,4,7,311
28.0,5,4,8,312
28.0,5,4,9,314
28.0,5,4,10,315
28.0,5,4,11,317
28.0,5,4,12,318
28.0,5,4,13,319
28.0,5,4,14,321
28.0,5,4,15,322
28.0,5,5,0,302
28.0,5,5,1,304
28.0,5,5,2,305
28.0,5,5,3,307
28.0,5,5,4,308
28.0,5,5,5,310
28.0,5,5,6,311
28.0,5,5,7,313
28.0,5,5,8,314
28.0,5,5,9,316
28.0,5,5,10,317
28.0,5,5,11,318
28.0,5,5,12,320
28.0,5,5,13,321
28.0,5,5,14,323
28.0,5,5,15,324
28.0,5,6,0,304
28.0,5,6,1,306
28.0,5,6,2,307
28.0,5,6,3,309
28.0,5,6,4,310
28.0,5,6,5,312
28.0,5,6,6,313
28.0,5,6,7,314
28.0,5,6,8,316
28.0,5,6,9,317
28.0,5,6,10,319
28.0,5,6,11,320
28.0,5,6,12,322
28.0,5,6,13,323
28.0,5,6,14,324
28.0,5,6,15,326
28.0,5,7,0,306
28.0,5,7,1,307
28.0,5,7,2,309
28.0,5,7,3,310
28.0,5,7,4,312
28.0,5,7,5,313
28.0,5,7,6,315
28.0,5,7,7,316
28.0,5,7,8,318
28.0,5,7,9,319
28.0,5,7,10,321
28.0,5,7,11,322
28.0,5,7,12,323
28.0,5,7,13,325
28.0,5,7,14,326
28.0,5,7,15,328
28.0,5,8,0,308
28.0,5,8,1,309
28.0,5,8,2,311
28.0,5,8,3,312
28.0,5,8,4,314
28.0,5,8,5,315
28.0,5,8,6,317
28.0,5,8,7,318
28.0,5,8,8,319
28.0,5,8,9,321
28.0,5,8,10,322
28.0,5,8,11,324
28.0,5,8,12,325
28.0,5,8,13,327
28.0,5,8,14,328
28.0,5,8,15,329
28.0,5,9,0,309
28.0,5,9,1,311
28.0,5,9,2,312
28.0,5,9,3,314
28.0,5,9,4,315
28.0,5,9,5,317
28.0,5,9,6,318
28.0,5,9,7,320
28.0,5,9,8,321
28.0,5,9,9,323
28.0,5,9,10,324
28.0,5,9,11,326
28.0,5,9,12,327
28.0,5,9,13,328
28.0,5,9,14,330
28.0,5,9,15,331
28.0,5,10,0,311
28.0,5,10,1,312
28.0,5,10,2,314
28.0,5,10,3,316
28.0,5,10,4,317
28.0,5,10,5,319
28.0,5,10,6,320
28.0,5,10,7,321
28.0,5,10,8,323
28.0,5,10,9,324
28.0,5,10,10,326
28.0,5,10,11,327
28.0,5,10,12,329
28.0,5,10,13,330
28.0,5,10,14,332
28.0,5,10,15,333
28.0,5,11,0,313
28.0,5,11,1,314
28.0,5,11,2,316
28.0,5,11,3,317
28.0,5,11,4,319
28.0,5,11,5,320
28.0,5,11,6,322
28.0,5,11,7,323
28.0,5,11,8,325
28.0,5,11,9,326
28.0,5,11,10,328
28.0,5,11,11,329
28.0,5,11,12,331
28.0,5,11,13,332
28.0,5,11,14,333
28.0,5,11,15,335
28.0,5,12,0,314
28.0,5,12,1,316
28.0,5,12,2,317
28.0,5,12,3,319
28.0,5,12,4,320
28.0,5,12,5,322
28.0,5,12,6,323
28.0,5,12,7,325
28.0,5,12,8,326
28.0,5,12,9,328
28.0,5,12,10,329
28.0,5,12,11,331
28.0,5,12,12,332
28.0,5,12,13,334
28.0,5,12,14,335
28.0,5,12,15,337
28.0,5,13,0,316
28.0,5,13,1,318
28.0,5,13,2,319
28.0,5,13,3,321
28.0,5,13,4,322
28.0,5,13,5,324
28.0,5,13,6,325
28.0,5,13,7,327
28.0,5,13,8,328
28.0,5,13,9,330
28.0,5,13,10,331
28.0,5,13,11,333
28.0,5,13,12,334
28.0,5,13,13,336
28.0,5,13,14,337
28.0,5,13,15,338
28.0,5,14,0,318
28.0,5,14,1,319
28.0,5,14,2,321
28.0,5,14,3,322
28.0,5,14,4,324
28.0,5,14,5,325
28.0,5,14,6,327
28.0,5,14,7,328
28.0,5,14,8,330
28.0,5,14,9,331
28.0,5,14,10,333
28.0,5,14,11,334
28.0,5,14,12,336
28.0,5,14,13,337
28.0,5,14,14,339
28.0,5,14,15,340
28.0,5,15,0,319
28.0,5,15,1,321
28.0,5,15,2,322
28.0,5,15,3,324
28.0,5,15,4,325
28.0,5,15,5,327
28.0,5,15,6,329
28.0,5,15,7,330
28.0,5,15,8,332
28.0,5,15,9,333
28.0,5,15,10,335
28.0,5,15,11,336
28.0,5,15,12,338
28.0,5,15,13,339
28.0,5,15,14,340
28.0,5,15,15,342
28.0,6,0,0,298
28.0,6,0,1,300
28.0,6,0,2,301
28.0,6,0,3,303
28.0,6,0,4,304
28.0,6,0,5,306
28.0,6,0,6,307
28.0,6,0,7,308
28.0,6,0,8,310
28.0,6,0,9,311
28.0,6,0,10,313
28.0,6,0,11,314
28.0,6,0,12,315
28.0,6,0,13,317
28.0,6,0,14,318
28.0,6,0,15,320
28.0,6,1,0,300
28.0,6,1,1,302
28.0,6,1,2,303
28.0,6,1,3,305
28.0,6,1,4,306
28.0,6,1,5,307
28.0,6,1,6,309
28.0,6,1,7,310
28.0,6,1,8,312
28.0,6,1,9,313
28.0,6,1,10,315
28.0,6,1,11,316
28.0,6,1,12,317
28.0,6,1,13,319
28.0,6,1,14,320
28.0,6,1,15,321
28.0,6,2,0,302
28.0,6,2,1,303
28.0,6,2,2,305
28.0,6,2,3,306
28.0,6,2,4,308
28.0,6,2,5,309
28.0,6,2,6,311
28.0,6,2,7,312
28.0,6,2,8,314
28.0,6,2,9,315
28.0,6,2,10,316
28.0,6,2,11,318
28.0,6,2,12,319
28.0,6,2,13,321
28.0,6,2,14,322
28.0,6,2,15,323
28.0,6,3,0,304
28.0,6,3,1,305
28.0,6,3,2,307
28.0,6,3,3,308
28.0,6,3,4,310
28.0,6,3,5,311
28.0,6,3,6,313
28.0,6,3,7,314
28.0,6,3,8,315
28.0,6,3,9,317
28.0,6,3,10,318
28.0,6,3,11,320
28.0,6,3,12,321
28.0,6,3,13,323
28.0,6,3,14,324
28.0,6,3,15,325
28.0,6,4,0,305
28.0,6,4,1,307
28.0,6,4,2,308
28.0,6,4,3,310
28.0,6,4,4,311
28.0,6,4,5,313
28.0,6,4,6,314
28.0,6,4,7,316
28.0,6,4,8,317
28.0,6,4,9,319
28.0,6,4,10,320
28.0,6,4,11,322
28.0,6,4,12,323
28.0,6,4,13,324
28.0,6,4,14,326
28.0,6,4,15,327
28.0,6,5,0,307
28.0,6,5,1,309
28.0,6,5,2,310
28.0,6,5,3,312
28.0,6,5,4,313
28.0,6,5,5,315
28.0,6,5,6,316
28.0,6,5,7,318
28.0,6,5,8,319
28.0,6,5,9,321
28.0,6,5,10,322
28.0,6,5,11,323
28.0,6,5,12,325
28.0,6,5,13,326
28.0,6,5,14,328
28.0,6,5,15,329
28.0,6,6,0,309
28.0,6,6,1,310
28.0,6,6,2,312
28.0,6,6,3,313
28.0,6,6,4,315
28.0,6,6,5,316
28.0,6,6,6,318
28.0,6,6,7,319
28.0,6,6,8,321
28.0,6,6,9,322
28.0,6,6,10,324
28.0,6,6,11,325
28.0,6,6,12,327
28.0,6,6,13,328
28.0,6,6,14,330
28.0,6,6,15,331
28.0,6,7,0,311
28.0,6,7,1,312
28.0,6,7,2,314
28.0,6,7,3,315
28.0,6,7,4,317
28.0,6,7,5,318
28.0,6,7,6,320
28.0,6,7,7,321
28.0,6,7,8,323
28.0,6,7,9,324
28.0,6,7,10,326
28.0,6,7,11,327
28.0,6,7,12,328
28.0,6,7,13,330
28.0,6,7,14,331
28.0,6,7,15,333
28.0,6,8,0,312
28.0,6,8,1,314
28.0,6,8,2,315
28.0,6,8,3,317
28.0,6,8,4,318
28.0,6,8,5,320
28.0,6,8,6,321
28.0,6,8,7,323
28.0,6,8,8,324
28.0,6,8,9,326
28.0,6,8,10,327
28.0,6,8,11,329
28.0,6,8,12,330
28.0,6,8,13,332
28.0,6,8,14,333
28.0,6,8,15,335
28.0,6,9,0,314
28.0,6,9,1,316
28.0,6,9,2,317
28.0,6,9,3,319
28.0,6,9,4,320
28.0,6,9,5,322
28.0,6,9,6,323
28.0,6,9,7,325
28.0,6,9,8,326
28.0,6,9,9,328
28.0,6,9,10,329
28.0,6,9,11,331
28.0,6,9,12,332
28.0,6,9,13,334
28.0,6,9,14,335
28.0,6,9,15,336
28.0,6,10,0,316
28.0,6,10,1,317
28.0,6,10,2,319
28.0,6,10,3,320
28.0,6,10,4,322
28.0,6,10,5,323
28.0,6,10,6,325
28.0,6,10,7,327
28.0,6,10,8,328
28.0,6,10,9,329
28.0,6,10,10,331
28.0,6,10,11,332
28.0,6,10,12,334
28.0,6,10,13,335
28.0,6,10,14,337
28.0,6,10,15,338
28.0,6,11,0,318
28.0,6,11,1,319
28.0,6,11,2,321
28.0,6,11,3,322
28.0,6,11,4,324
28.0,6,11,5,325
28.0,6,11,6,327
28.0,6,11,7,328
28.0,6,11,8,330
28.0,6,11,9,331
28.0,6,11,10,333
28.0,6,11,11,334
28.0,6,11,12,336
28.0,6,11,13,337
28.0,6,11,14,339
28.0,6,11,15,340
28.0,6,12,0,319
28.0,6,12,1,321
28.0,6,12,2,322
28.0,6,12,3,324
28.0,6,12,4,325
28.0,6,12,5,327
28.0,6,12,6,328
28.0,6,12,7,330
28.0,6,12,8,332
28.0,6,12,9,333
28.0,6,12,10,335
28.0,6,12,11,336
28.0,6,12,12,338
28.0,6,12,13,339
28.0,6,12,14,340
28.0,6,12,15,342
28.0,6,13,0,321
28.0,6,13,1,322
28.0,6,13,2,324
28.0,6,13,3,326
28.0,6,13,4,327
28.0,6,13,5,329
28.0,6,13,6,330
28.0,6,13,7,332
28.0,6,13,8,333
28.0,6,13,9,335
28.0,6,13,10,336
28.0,6,13,11,338
28.0,6,13,12,339
28.0,6,13,13,341
28.0,6,13,14,342
28.0,6,13,15,344
28.0,6,14,0,323
28.0,6,14,1,324
28.0,6,14,2,326
28.0,6,14,3,327
28.0,6,14,4,329
28.0,6,14,5,330
28.0,6,14,6,332
28.0,6,14,7,333
28.0,6,14,8,335
28.0,6,14,9,337
28.0,6,14,10,338
28.0,6,14,11,340
28.0,6,14,12,341
28.0,6,14,13,343
28.0,6,14,14,344
28.0,6,14,15,346
28.0,6,15,0,324
28.0,6,15,1,326
28.0,6,15,2,327
28.0,6,15,3,329
28.0,6,15,4,331
28.0,6,15,5,332
28.0,6,15,6,334
28.0,6,15,7,335
28.0,6,15,8,337
28.0,6,15,9,338
28.0,6,15,10,340
28.0,6,15,11,341
28.0,6,15,12,343
28.0,6,15,13,344
28.0,6,15,14,346
28.0,6,15,15,347
28.0,7,0,0,303
28.0,7,0,1,304
28.0,7,0,2,306
28.0,7,0,3,307
28.0,7,0,4,309
28.0,7,0,5,310
28.0,7,0,6,312
28.0,7,0,7,313
28.0,7,0,8,315
28.0,7,0,9,316
28.0,7,0,10,317
28.0,7,0,11,319
28.0,7,0,12,320
28.0,7,0,13,322
28.0,7,0,14,323
28.0,7,0,15,324
28.0,7,1,0,305
28.0,7,1,1,306
28.0,7,1,2,308
28.0,7,1,3,309
28.0,7,1,4,311
28.0,7,1,5,312
28.0,7,1,6,314
28.0,7,1,7,315
28.0,7,1,8,317
28.0,7,1,9,318
28.0,7,1,10,319
28.0,7,1,11,321
28.0,7,1,12,322
28.0,7,1,13,324
28.0,7,1,14,325
28.0,7,1,15,326
28.0,7,2,0,307
28.0,7,2,1,308
28.0,7,2,2,310
28.0,7,2,3,311
28.0,7,2,4,313
28.0,7,2,5,314
28.0,7,2,6,315
28.0,7,2,7,317
28.0,7,2,8,318
28.0,7,2,9,320
28.0,7,2,10,321
28.0,7,2,11,323
28.0,7,2,12,324
28.0,7,2,13,326
28.0,7,2,14,327
28.0,7,2,15,328
28.0,7,3,0,308
28.0,7,3,1,310
28.0,7,3,2,311
28.0,7,3,3,313
28.0,7,3,4,314
28.0,7,3,5,316
28.0,7,3,6,317
28.0,7,3,7,319
28.0,7,3,8,320
28.0,7,3,9,322
28.0,7,3,10,323
28.0,7,3,11,325
28.0,7,3,12,326
28.0,7,3,13,327
28.0,7,3,14,329
28.0,7,3,15,330
28.0,7,4,0,310
28.0,7,4,1,312
28.0,7,4,2,313
28.0,7,4,3,315
28.0,7,4,4,316
28.0,7,4,5,318
28.0,7,4,6,319
28.0,7,4,7,321
28.0,7,4,8,322
28.0,7,4,9,324
28.0,7,4,10,325
28.0,7,4,11,326
28.0,7,4,12,328
28.0,7,4,13,329
28.0,7,4,14,331
28.0,7,4,15,332
28.0,7,5,0,312
28.0,7,5,1,313
28.0,7,5,2,315
28.0,7,5,3,317
28.0,7,5,4,318
28.0,7,5,5,320
28.0,7,5,6,321
28.0,7,5,7,322
28.0,7,5,8,324
28.0,7,5,9,325
28.0,7,5,10,327
28.0,7,5,11,328
28.0,7,5,12,330
28.0,7,5,13,331
28.0,7,5,14,333
28.0,7,5,15,334
28.0,7,6,0,314
28.0,7,6,1,315
28.0,7,6,2,317
28.0,7,6,3,318
28.0,7,6,4,320
28.0,7,6,5,321
28.0,7,6,6,323
28.0,7,6,7,324
28.0,7,6,8,326
28.0,7,6,9,327
28.0,7,6,10,329
28.0,7,6,11,330
28.0,7,6,12,332
28.0,7,6,13,333
28.0,7,6,14,335
28.0,7,6,15,336
28.0,7,7,0,315
28.0,7,7,1,317
28.0,7,7,2,319
28.0,7,7,3,320
28.0,7,7,4,322
28.0,7,7,5,323
28.0,7,7,6,325
28.0,7,7,7,326
28.0,7,7,8,328
28.0,7,7,9,329
28.0,7,7,10,331
28.0,7,7,11,332
28.0,7,7,12,334
28.0,7,7,13,335
28.0,7,7,14,336
28.0,7,7,15,338
28.0,7,8,0,317
28.0,7,8,1,319
28.0,7,8,2,320
28.0,7,8,3,322
28.0,7,8,4,323
28.0,7,8,5,325
28.0,7,8,6,326
28.0,7,8,7,328
28.0,7,8,8,329
28.0,7,8,9,331
28.0,7,8,10,332
28.0,7,8,11,334
28.0,7,8,12,335
28.0,7,8,13,337
28.0,7,8,14,338
28.0,7,8,15,340
28.0,7,9,0,319
28.0,7,9,1,321
28.0,7,9,2,322
28.0,7,9,3,324
28.0,7,9,4,325
28.0,7,9,5,327
28.0,7,9,6,328
28.0,7,9,7,330
28.0,7,9,8,331
28.0,7,9,9,333
28.0,7,9,10,334
28.0,7,9,11,336
28.0,7,9,12,337
28.0,7,9,13,339
28.0,7,9,14,340
28.0,7,9,15,342
28.0,7,10,0,321
28.0,7,10,1,322
28.0,7,10,2,324
28.0,7,10,3,325
28.0,7,10,4,327
28.0,7,10,5,328
28.0,7,10,6,330
28.0,7,10,7,332
28.0,7,10,8,333
28.0,7,10,9,335
28.0,7,10,10,336
28.0,7,10,11,338
28.0,7,10,12,339
28.0,7,10,13,341
28.0,7,10,14,342
28.0,7,10,15,344
28.0,7,11,0,322
28.0,7,11,1,324
28.0,7,11,2,326
28.0,7,11,3,327
28.0,7,11,4,329
28.0,7,11,5,330
28.0,7,11,6,332
28.0,7,11,7,333
28.0,7,11,8,335
28.0,7,11,9,336
28.0,7,11,10,338
28.0,7,11,11,339
28.0,7,11,12,341
28.0,7,11,13,342
28.0,7,11,14,344
28.0,7,11,15,345
28.0,7,12,0,324
28.0,7,12,1,326
28.0,7,12,2,327
28.0,7,12,3,329
28.0,7,12,4,330
28.0,7,12,5,332
28.0,7,12,6,334
28.0,7,12,7,335
28.0,7,12,8,337
28.0,7,12,9,338
28.0,7,12,10,340
28.0,7,12,11,341
28.0,7,12,12,343
28.0,7,12,13,344
28.0,7,12,14,346
28.0,7,12,15,347
28.0,7,13,0,326
28.0,7,13,1,327
28.0,7,13,2,329
28.0,7,13,3,331
28.0,7,13,4,332
28.0,7,13,5,334
28.0,7,13,6,335
28.0,7,13,7,337
28.0,7,13,8,338
28.0,7,13,9,340
28.0,7,13,10,341
28.0,7,13,11,343
28.0,7,13,12,345
28.0,7,13,13,346
28.0,7,13,14,348
28.0,7,13,15,349
28.0,7,14,0,328
28.0,7,14,1,329
28.0,7,14,2,331
28.0,7,14,3,332
28.0,7,14,4,334
28.0,7,14,5,335
28.0,7,14,6,337
28.0,7,14,7,339
28.0,7,14,8,340
28.0,7,14,9,342
28.0,7,14,10,343
28.0,7,14,11,345
28.0,7,14,12,346
28.0,7,14,13,348
28.0,7,14,14,349
28.0,7,14,15,351
28.0,7,15,0,329
28.0,7,15,1,331
28.0,7,15,2,332
28.0,7,15,3,334
28.0,7,15,4,336
28.0,7,15,5,337
28.0,7,15,6,339
28.0,7,15,7,340
28.0,7,15,8,342
28.0,7,15,9,343
28.0,7,15,10,345
28.0,7,15,11,347
28.0,7,15,12,348
28.0,7,15,13,350
28.0,7,15,14,351
28.0,7,15,15,353
28.0,8,0,0,308
28.0,8,0,1,309
28.0,8,0,2,311
28.0,8,0,3,312
28.0,8,0,4,314
28.0,8,0,5,315
28.0,8,0,6,316
28.0,8,0,7,318
28.0,8,0,8,319
28.0,8,0,9,321
28.0,8,0,10,322
28.0,8,0,11,324
28.0,8,0,12,325
28.0,8,0,13,327
28.0,8,0,14,328
28.0,8,0,15,329
28.0,8,1,0,309
28.0,8,1,1,311
28.0,8,1,2,312
28.0,8,1,3,314
28.0,8,1,4,315
28.0,8,1,5,317
28.0,8,1,6,318
28.0,8,1,7,320
28.0,8,1,8,321
28.0,8,1,9,323
28.0,8,1,10,324
28.0,8,1,11,326
28.0,8,1,12,327
28.0,8,1,13,329
28.0,8,1,14,330
28.0,8,1,15,331
28.0,8,2,0,311
28.0,8,2,1,313
28.0,8,2,2,314
28.0,8,2,3,316
28.0,8,2,4,317
28.0,8,2,5,319
28.0,8,2,6,320
28.0,8,2,7,322
28.0,8,2,8,323
28.0,8,2,9,325
28.0,8,2,10,326
28.0,8,2,11,328
28.0,8,2,12,329
28.0,8,2,13,331
28.0,8,2,14,332
28.0,8,2,15,333
28.0,8,3,0,313
28.0,8,3,1,315
28.0,8,3,2,316
28.0,8,3,3,318
28.0,8,3,4,319
28.0,8,3,5,321
28.0,8,3,6,322
28.0,8,3,7,324
28.0,8,3,8,325
28.0,8,3,9,327
28.0,8,3,10,328
28.0,8,3,11,330
28.0,8,3,12,331
28.0,8,3,13,332
28.0,8,3,14,334
28.0,8,3,15,335
28.0,8,4,0,315
28.0,8,4,1,316
28.0,8,4,2,318
28.0,8,4,3,319
28.0,8,4,4,321
28.0,8,4,5,323
28.0,8,4,6,324
28.0,8,4,7,326
28.0,8,4,8,327
28.0,8,4,9,328
28.0,8,4,10,330
28.0,8,4,11,331
28.0,8,4,12,333
28.0,8,4,13,334
28.0,8,4,14,336
28.0,8,4,15,337
28.0,8,5,0,317
28.0,8,5,1,318
28.0,8,5,2,320
28.0,8,5,3,321
28.0,8,5,4,323
28.0,8,5,5,324
28.0,8,5,6,326
28.0,8,5,7,327
28.0,8,5,8,329
28.0,8,5,9,330
28.0,8,5,10,332
28.0,8,5,11,333
28.0,8,5,12,335
28.0,8,5,13,336
28.0,8,5,14,338
28.0,8,5,15,339
28.0,8,6,0,318
28.0,8,6,1,320
28.0,8,6,2,322
28.0,8,6,3,323
28.0,8,6,4,325
28.0,8,6,5,326
28.0,8,6,6,328
28.0,8,6,7,329
28.0,8,6,8,331
28.0,8,6,9,332
28.0,8,6,10,334
28.0,8,6,11,335
28.0,8,6,12,337
28.0,8,6,13,338
28.0,8,6,14,340
28.0,8,6,15,341
28.0,8,7,0,320
28.0,8,7,1,322
28.0,8,7,2,323
28.0,8,7,3,325
28.0,8,7,4,326
28.0,8,7,5,328
28.0,8,7,6,330
28.0,8,7,7,331
28.0,8,7,8,333
28.0,8,7,9,334
28.0,8,7,10,336
28.0,8,7,11,337
28.0,8,7,12,339
28.0,8,7,13,340
28.0,8,7,14,342
28.0,8,7,15,343
28.0,8,8,0,322
28.0,8,8,1,324
28.0,8,8,2,325
28.0,8,8,3,327
28.0,8,8,4,328
28.0,8,8,5,330
28.0,8,8,6,331
28.0,8,8,7,333
28.0,8,8,8,334
28.0,8,8,9,336
28.0,8,8,10,337
28.0,8,8,11,339
28.0,8,8,12,340
28.0,8,8,13,342
28.0,8,8,14,343
28.0,8,8,15,345
28.0,8,9,0,324
28.0,8,9,1,325
28.0,8,9,2,327
28.0,8,9,3,329
28.0,8,9,4,330
28.0,8,9,5,332
28.0,8,9,6,333
28.0,8,9,7,335
28.0,8,9,8,336
28.0,8,9,9,338
28.0,8,9,10,339
28.0,8,9,11,341
28.0,8,9,12,342
28.0,8,9,13,344
28.0,8,9,14,345
28.0,8,9,15,347
28.0,8,10,0,326
28.0,8,10,1,327
28.0,8,10,2,329
28.0,8,10,3,330
28.0,8,10,4,332
28.0,8,10,5,333
28.0,8,10,6,335
28.0,8,10,7,337
28.0,8,10,8,338
28.0,8,10,9,340
28.0,8,10,10,341
28.0,8,10,11,343
28.0,8,10,12,344
28.0,8,10,13,346
28.0,8,10,14,347
28.0,8,10,15,349
28.0,8,11,0,327
28.0,8,11,1,329
28.0,8,11,2,331
28.0,8,11,3,332
28.0,8,11,4,334
28.0,8,11,5,335
28.0,8,11,6,337
28.0,8,11,7,338
28.0,8,11,8,340
28.0,8,11,9,341
28.0,8,11,10,343
28.0,8,11,11,345
28.0,8,11,12,346
28.0,8,11,13,348
28.0,8,11,14,349
28.0,8,11,15,351
28.0,8,12,0,329
28.0,8,12,1,331
28.0,8,12,2,332
28.0,8,12,3,334
28.0,8,12,4,335
28.0,8,12,5,337
28.0,8,12,6,339
28.0,8,12,7,340
28.0,8,12,8,342
28.0,8,12,9,343
28.0,8,12,10,345
28.0,8,12,11,346
28.0,8,12,12,348
28.0,8,12,13,349
28.0,8,12,14,351
28.0,8,12,15,352
28.0,8,13,0,331
28.0,8,13,1,332
28.0,8,13,2,334
28.0,8,13,3,336
28.0,8,13,4,337
28.0,8,13,5,339
28.0,8,13,6,340
28.0,8,13,7,342
28.0,8,13,8,344
28.0,8,13,9,345
28.0,8,13,10,347
28.0,8,13,11,348
28.0,8,13,12,350
28.0,8,13,13,351
28.0,8,13,14,353
28.0,8,13,15,354
28.0,8,14,0,333
28.0,8,14,1,334
28.0,8,14,2,336
28.0,8,14,3,337
28.0,8,14,4,339
28.0,8,14,5,341
28.0,8,14,6,342
28.0,8,14,7,344
28.0,8,14,8,345
28.0,8,14,9,347
28.0,8,14,10,348
28.0,8,14,11,350
28.0,8,14,12,352
28.0,8,14,13,353
28.0,8,14,14,355
28.0,8,14,15,356
28.0,8,15,0,334
28.0,8,15,1,336
28.0,8,15,2,337
28.0,8,15,3,339
28.0,8,15,4,341
28.0,8,15,5,342
28.0,8,15,6,344
28.0,8,15,7,346
28.0,8,15,8,347
28.0,8,15,9,349
28.0,8,15,10,350
28.0,8,15,11,352
28.0,8,15,12,353
28.0,8,15,13,355
28.0,8,15,14,356
28.0,8,15,15,358
28.0,9,0,0,312
28.0,9,0,1,314
28.0,9,0,2,315
28.0,9,0,3,317
28.0,9,0,4,318
28.0,9,0,5,320
28.0,9,0,6,321
28.0,9,0,7,323
28.0,9,0,8,324
28.0,9,0,9,326
28.0,9,0,10,327
28.0,9,0,11,329
28.0,9,0,12,330
28.0,9,0,13,331
28.0,9,0,14,333
28.0,9,0,15,334
28.0,9,1,0,314
28.0,9,1,1,316
28.0,9,1,2,317
28.0,9,1,3,319
28.0,9,1,4,320
28.0,9,1,5,322
28.0,9,1,6,323
28.0,9,1,7,325
28.0,9,1,8,326
28.0,9,1,9,328
28.0,9,1,10,329
28.0,9,1,11,331
28.0,9,1,12,332
28.0,9,1,13,333
28.0,9,1,14,335
28.0,9,1,15,336
28.0,9,2,0,316
28.0,9,2,1,317
28.0,9,2,2,319
28.0,9,2,3,321
28.0,9,2,4,322
28.0,9,2,5,324
28.0,9,2,6,325
28.0,9,2,7,327
28.0,9,2,8,328
28.0,9,2,9,330
28.0,9,2,10,331
28.0,9,2,11,333
28.0,9,2,12,334
28.0,9,2,13,335
28.0,9,2,14,337
28.0,9,2,15,338
28.0,9,3,0,318
28.0,9,3,1,319
28.0,9,3,2,321
28.0,9,3,3,322
28.0,9,3,4,324
28.0,9,3,5,325
28.0,9,3,6,327
28.0,9,3,7,328
28.0,9,3,8,330
28.0,9,3,9,331
28.0,9,3,10,333
28.0,9,3,11,334
28.0,9,3,12,336
28.0,9,3,13,337
28.0,9,3,14,339
28.0,9,3,15,340
28.0,9,4,0,320
28.0,9,4,1,321
28.0,9,4,2,323
28.0,9,4,3,324
28.0,9,4,4,326
28.0,9,4,5,327
28.0,9,4,6,329
28.0,9,4,7,330
28.0,9,4,8,332
28.0,9,4,9,333
28.0,9,4,10,335
28.0,9,4,11,336
28.0,9,4,12,338
28.0,9,4,13,339
28.0,9,4,14,341
28.0,9,4,15,342
28.0,9,5,0,321
28.0,9,5,1,323
28.0,9,5,2,325
28.0,9,5,3,326
28.0,9,5,4,328
28.0,9,5,5,329
28.0,9,5,6,331
28.0,9,5,7,332
28.0,9,5,8,334
28.0,9,5,9,335
28.0,9,5,10,337
28.0,9,5,11,338
28.0,9,5,12,340
28.0,9,5,13,341
28.0,9,5,14,343
28.0,9,5,15,344
28.0,9,6,0,323
28.0,9,6,1,325
28.0,9,6,2,326
28.0,9,6,3,328
28.0,9,6,4,330
28.0,9,6,5,331
28.0,9,6,6,333
28.0,9,6,7,334
28.0,9,6,8,336
28.0,9,6,9,337
28.0,9,6,10,339
28.0,9,6,11,340
28.0,9,6,12,342
28.0,9,6,13,343
28.0,9,6,14,345
28.0,9,6,15,346
28.0,9,7,0,325
28.0,9,7,1,327
28.0,9,7,2,328
28.0,9,7,3,330
28.0,9,7,4,331
28.0,9,7,5,333
28.0,9,7,6,334
28.0,9,7,7,336
28.0,9,7,8,338
28.0,9,7,9,339
28.0,9,7,10,341
28.0,9,7,11,342
28.0,9,7,12,344
28.0,9,7,13,345
28.0,9,7,14,347
28.0,9,7,15,348
28.0,9,8,0,327
28.0,9,8,1,328
28.0,9,8,2,330
28.0,9,8,3,332
28.0,9,8,4,333
28.0,9,8,5,335
28.0,9,8,6,336
28.0,9,8,7,338
28.0,9,8,8,339
28.0,9,8,9,341
28.0,9,8,10,343
28.0,9,8,11,344
28.0,9,8,12,346
28.0,9,8,13,347
28.0,9,8,14,349
28.0,9,8,15,350
28.0,9,9,0,329
28.0,9,9,1,330
28.0,9,9,2,332
28.0,9,9,3,333
28.0,9,9,4,335
28.0,9,9,5,337
28.0,9,9,6,338
28.0,9,9,7,340
28.0,9,9,8,341
28.0,9,9,9,343
28.0,9,9,10,344
28.0,9,9,11,346
28.0,9,9,12,347
28.0,9,9,13,349
28.0,9,9,14,351
28.0,9,9,15,352
28.0,9,10,0,330
28.0,9,10,1,332
28.0,9,10,2,334
28.0,9,10,3,335
28.0,9,10,4,337
28.0,9,10,5,338
28.0,9,10,6,340
28.0,9,10,7,342
28.0,9,10,8,343
28.0,9,10,9,345
28.0,9,10,10,346
28.0,9,10,11,348
28.0,9,10,12,349
28.0,9,10,13,351
28.0,9,10,14,352
28.0,9,10,15,354
28.0,9,11,0,332
28.0,9,11,1,334
28.0,9,11,2,335
28.0,9,11,3,337
28.0,9,11,4,339
28.0,9,11,5,340
28.0,9,11,6,342
28.0,9,11,7,343
28.0,9,11,8,345
28.0,9,11,9,347
28.0,9,11,10,348
28.0,9,11,11,350
28.0,9,11,12,351
28.0,9,11,13,353
28.0,9,11,14,354
28.0,9,11,15,356
28.0,9,12,0,334
28.0,9,12,1,336
28.0,9,12,2,337
28.0,9,12,3,339
28.0,9,12,4,340
28.0,9,12,5,342
28.0,9,12,6,344
28.0,9,12,7,345
28.0,9,12,8,347
28.0,9,12,9,348
28.0,9,12,10,350
28.0,9,12,11,352
28.0,9,12,12,353
28.0,9,12,13,355
28.0,9,12,14,356
28.0,9,12,15,358
28.0,9,13,0,336
28.0,9,13,1,337
28.0,9,13,2,339
28.0,9,13,3,341
28.0,9,13,4,342
28.0,9,13,5,344
28.0,9,13,6,345
28.0,9,13,7,347
28.0,9,13,8,349
28.0,9,13,9,350
28.0,9,13,10,352
28.0,9,13,11,353
28.0,9,13,12,355
28.0,9,13,13,357
28.0,9,13,14,358
28.0,9,13,15,360
28.0,9,14,0,337
28.0,9,14,1,339
28.0,9,14,2,341
28.0,9,14,3,342
28.0,9,14,4,344
28.0,9,14,5,346
28.0,9,14,6,347
28.0,9,14,7,349
28.0,9,14,8,350
28.0,9,14,9,352
28.0,9,14,10,354
28.0,9,14,11,355
28.0,9,14,12,357
28.0,9,14,13,358
28.0,9,14,14,360
28.0,9,14,15,361
28.0,9,15,0,339
28.0,9,15,1,341
28.0,9,15,2,343
28.0,9,15,3,344
28.0,9,15,4,346
28.0,9,15,5,347
28.0,9,15,6,349
28.0,9,15,7,351
28.0,9,15,8,352
28.0,9,15,9,354
28.0,9,15,10,355
28.0,9,15,11,357
28.0,9,15,12,359
28.0,9,15,13,360
28.0,9,15,14,362
28.0,9,15,15,363
28.0,10,0,0,317
28.0,10,0,1,318
28.0,10,0,2,320
28.0,10,0,3,321
28.0,10,0,4,323
28.0,10,0,5,324
28.0,10,0,6,326
28.0,10,0,7,327
28.0,10,0,8,329
28.0,10,0,9,330
28.0,10,0,10,332
28.0,10,0,11,333
28.0,10,0,12,335
28.0,10,0,13,336
28.0,10,0,14,338
28.0,10,0,15,339
28.0,10,1,0,319
28.0,10,1,1,320
28.0,10,1,2,322
28.0,10,1,3,323
28.0,10,1,4,325
28.0,10,1,5,326
28.0,10,1,6,328
28.0,10,1,7,329
28.0,10,1,8,331
28.0,10,1,9,332
28.0,10,1,10,334
28.0,10,1,11,335
28.0,10,1,12,337
28.0,10,1,13,338
28.0,10,1,14,340
28.0,10,1,15,341
28.0,10,2,0,321
28.0,10,2,1,322
28.0,10,2,2,324
28.0,10,2,3,325
28.0,10,2,4,327
28.0,10,2,5,328
28.0,10,2,6,330
28.0,10,2,7,331
28.0,10,2,8,333
28.0,10,2,9,334
28.0,10,2,10,336
28.0,10,2,11,337
28.0,10,2,12,339
28.0,10,2,13,340
28.0,10,2,14,342
28.0,10,2,15,343
28.0,10,3,0,322
28.0,10,3,1,324
28.0,10,3,2,326
28.0,10,3,3,327
28.0,10,3,4,329
28.0,10,3,5,330
28.0,10,3,6,332
28.0,10,3,7,333
28.0,10,3,8,335
28.0,10,3,9,336
28.0,10,3,10,338
28.0,10,3,11,339
28.0,10,3,12,341
28.0,10,3,13,342
28.0,10,3,14,344
28.0,10,3,15,345
28.0,10,4,0,324
28.0,10,4,1,326
28.0,10,4,2,327
28.0,10,4,3,329
28.0,10,4,4,331
28.0,10,4,5,332
28.0,10,4,6,334
28.0,10,4,7,335
28.0,10,4,8,337
28.0,10,4,9,338
28.0,10,4,10,340
28.0,10,4,11,341
28.0,10,4,12,343
28.0,10,4,13,344
28.0,10,4,14,346
28.0,10,4,15,347
28.0,10,5,0,326
28.0,10,5,1,328
28.0,10,5,2,329
28.0,10,5,3,331
28.0,10,5,4,332
28.0,10,5,5,334
28.0,10,5,6,336
28.0,10,5,7,337
28.0,10,5,8,339
28.0,10,5,9,340
28.0,10,5,10,342
28.0,10,5,11,343
28.0,10,5,12,345
28.0,10,5,13,346
28.0,10,5,14,348
28.0,10,5,15,349
28.0,10,6,0,328
28.0,10,6,1,330
28.0,10,6,2,331
28.0,10,6,3,333
28.0,10,6,4,334
28.0,10,6,5,336
28.0,10,6,6,338
28.0,10,6,7,339
28.0,10,6,8,341
28.0,10,6,9,342
28.0,10,6,10,344
28.0,10,6,11,345
28.0,10,6,12,347
28.0,10,6,13,348
28.0,10,6,14,350
28.0,10,6,15,351
28.0,10,7,0,330
28.0,10,7,1,331
28.0,10,7,2,333
28.0,10,7,3,335
28.0,10,7,4,336
28.0,10,7,5,338
28.0,10,7,6,339
28.0,10,7,7,341
28.0,10,7,8,343
28.0,10,7,9,344
28.0,10,7,10,346
28.0,10,7,11,347
28.0,10,7,12,349
28.0,10,7,13,350
28.0,10,7,14,352
28.0,10,7,15,353
28.0,10,8,0,332
28.0,10,8,1,333
28.0,10,8,2,335
28.0,10,8,3,337
28.0,10,8,4,338
28.0,10,8,5,340
28.0,10,8,6,341
28.0,10,8,7,343
28.0,10,8,8,344
28.0,10,8,9,346
28.0,10,8,10,348
28.0,10,8,11,349
28.0,10,8,12,351
28.0,10,8,13,352
28.0,10,8,14,354
28.0,10,8,15,355
28.0,10,9,0,333
28.0,10,9,1,335
28.0,10,9,2,337
28.0,10,9,3,338
28.0,10,9,4,340
28.0,10,9,5,342
28.0,10,9,6,343
28.0,10,9,7,345
28.0,10,9,8,346
28.0,10,9,9,348
28.0,10,9,10,349
28.0,10,9,11,351
28.0,10,9,12,353
28.0,10,9,13,354
28.0,10,9,14,356
28.0,10,9,15,357
28.0,10,10,0,335
28.0,10,10,1,337
28.0,10,10,2,339
28.0,10,10,3,340
28.0,10,10,4,342
28.0,10,10,5,343
28.0,10,10,6,345
28.0,10,10,7,347
28.0,10,10,8,348
28.0,10,10,9,350
28.0,10,10,10,351
28.0,10,10,11,353
28.0,10,10,12,355
28.0,10,10,13,356
28.0,10,10,14,358
28.0,10,10,15,359
28.0,10,11,0,337
28.0,10,11,1,339
28.0,10,11,2,340
28.0,10,11,3,342
28.0,10,11,4,344
28.0,10,11,5,345
28.0,10,11,6,347
28.0,10,11,7,348
28.0,10,11,8,350
28.0,10,11,9,352
28.0,10,11,10,353
28.0,10,11,11,355
28.0,10,11,12,356
28.0,10,11,13,358
28.0,10,11,14,360
28.0,10,11,15,361
28.0,10,12,0,339
28.0,10,12,1,341
28.0,10,12,2,342
28.0,10,12,3,344
28.0,10,12,4,345
28.0,10,12,5,347
28.0,10,12,6,349
28.0,10,12,7,350
28.0,10,12,8,352
28.0,10,12,9,354
28.0,10,12,10,355
28.0,10,12,11,357
28.0,10,12,12,358
28.0,10,12,13,360
28.0,10,12,14,361
28.0,10,12,15,363
28.0,10,13,0,341
28.0,10,13,1,342
28.0,10,13,2,344
28.0,10,13,3,346
28.0,10,13,4,347
28.0,10,13,5,349
28.0,10,13,6,351
28.0,10,13,7,352
28.0,10,13,8,354
28.0,10,13,9,355
28.0,10,13,10,357
28.0,10,13,11,359
28.0,10,13,12,360
28.0,10,13,13,362
28.0,10,13,14,363
28.0,10,13,15,365
28.0,10,14,0,342
28.0,10,14,1,344
28.0,10,14,2,346
28.0,10,14,3,347
28.0,10,14,4,349
28.0,10,14,5,351
28.0,10,14,6,352
28.0,10,14,7,354
28.0,10,14,8,356
28.0,10,14,9,357
28.0,10,14,10,359
28.0,10,14,11,360
28.0,10,14,12,362
28.0,10,14,13,364
28.0,10,14,14,365
28.0,10,14,15,367
28.0,10,15,0,344
28.0,10,15,1,346
28.0,10,15,2,348
28.0,10,15,3,349
28.0,10,15,4,351
28.0,10,15,5,353
28.0,10,15,6,354
28.0,10,15,7,356
28.0,10,15,8,357
28.0,10,15,9,359
28.0,10,15,10,361
28.0,10,15,11,362
28.0,10,15,12,364
28.0,10,15,13,366
28.0,10,15,14,367
28.0,10,15,15,369
28.0,11,0,0,321
28.0,11,0,1,323
28.0,11,0,2,324
28.0,11,0,3,326
28.0,11,0,4,328
28.0,11,0,5,329
28.0,11,0,6,331
28.0,11,0,7,332
28.0,11,0,8,334
28.0,11,0,9,335
28.0,11,0,10,337
28.0,11,0,11,338
28.0,11,0,12,340
28.0,11,0,13,341
28.0,11,0,14,343
28.0,11,0,15,344
28.0,11,1,0,323
28.0,11,1,1,325
28.0,11,1,2,326
28.0,11,1,3,328
28.0,11,1,4,330
28.0,11,1,5,331
28.0,11,1,6,333
28.0,11,1,7,334
28.0,11,1,8,336
28.0,11,1,9,337
28.0,11,1,10,339
28.0,11,1,11,340
28.0,11,1,12,342
28.0,11,1,13,343
28.0,11,1,14,345
28.0,11,1,15,346
28.0,11,2,0,325
28.0,11,2,1,327
28.0,11,2,2,328
28.0,11,2,3,330
28.0,11,2,4,332
28.0,11,2,5,333
28.0,11,2,6,335
28.0,11,2,7,336
28.0,11,2,8,338
28.0,11,2,9,339
28.0,11,2,10,341
28.0,11,2,11,342
28.0,11,2,12,344
28.0,11,2,13,345
28.0,11,2,14,347
28.0,11,2,15,348
28.0,11,3,0,327
28.0,11,3,1,329
28.0,11,3,2,330
28.0,11,3,3,332
28.0,11,3,4,333
28.0,11,3,5,335
28.0,11,3,6,337
28.0,11,3,7,338
28.0,11,3,8,340
28.0,11,3,9,341
28.0,11,3,10,343
28.0,11,3,11,344
28.0,11,3,12,346
28.0,11,3,13,347
28.0,11,3,14,349
28.0,11,3,15,350
28.0,11,4,0,329
28.0,11,4,1,331
28.0,11,4,2,332
28.0,11,4,3,334
28.0,11,4,4,335
28.0,11,4,5,337
28.0,11,4,6,339
28.0,11,4,7,340
28.0,11,4,8,342
28.0,11,4,9,343
28.0,11,4,10,345
28.0,11,4,11,346
28.0,11,4,12,348
28.0,11,4,13,349
28.0,11,4,14,351
28.0,11,4,15,352
28.0,11,5,0,331
28.0,11,5,1,333
28.0,11,5,2,334
28.0,11,5,3,336
28.0,11,5,4,337
28.0,11,5,5,339
28.0,11,5,6,340
28.0,11,5,7,342
28.0,11,5,8,344
28.0,11,5,9,345
28.0,11,5,10,347
28.0,11,5,11,348
28.0,11,5,12,350
28.0,11,5,13,351
28.0,11,5,14,353
28.0,11,5,15,354
28.0,11,6,0,333
28.0,11,6,1,334
28.0,11,6,2,336
28.0,11,6,3,338
28.0,11,6,4,339
28.0,11,6,5,341
28.0,11,6,6,342
28.0,11,6,7,344
28.0,11,6,8,346
28.0,11,6,9,347
28.0,11,6,10,349
28.0,11,6,11,350
28.0,11,6,12,352
28.0,11,6,13,353
28.0,11,6,14,355
28.0,11,6,15,356
28.0,11,7,0,335
28.0,11,7,1,336
28.0,11,7,2,338
28.0,11,7,3,340
28.0,11,7,4,341
28.0,11,7,5,343
28.0,11,7,6,344
28.0,11,7,7,346
28.0,11,7,8,348
28.0,11,7,9,349
28.0,11,7,10,351
28.0,11,7,11,352
28.0,11,7,12,354
28.0,11,7,13,355
28.0,11,7,14,357
28.0,11,7,15,358
28.0,11,8,0,336
28.0,11,8,1,338
28.0,11,8,2,340
28.0,11,8,3,341
28.0,11,8,4,343
28.0,11,8,5,345
28.0,11,8,6,346
28.0,11,8,7,348
28.0,11,8,8,349
28.0,11,8,9,351
28.0,11,8,10,353
28.0,11,8,11,354
28.0,11,8,12,356
28.0,11,8,13,357
28.0,11,8,14,359
28.0,11,8,15,360
28.0,11,9,0,338
28.0,11,9,1,340
28.0,11,9,2,342
28.0,11,9,3,343
28.0,11,9,4,345
28.0,11,9,5,347
28.0,11,9,6,348
28.0,11,9,7,350
28.0,11,9,8,351
28.0,11,9,9,353
28.0,11,9,10,355
28.0,11,9,11,356
28.0,11,9,12,358
28.0,11,9,13,359
28.0,11,9,14,361
28.0,11,9,15,362
28.0,11,10,0,340
28.0,11,10,1,342
28.0,11,10,2,343
28.0,11,10,3,345
28.0,11,10,4,347
28.0,11,10,5,348
28.0,11,10,6,350
28.0,11,10,7,352
28.0,11,10,8,353
28.0,11,10,9,355
28.0,11,10,10,356
28.0,11,10,11,358
28.0,11,10,12,360
28.0,11,10,13,361
28.0,11,10,14,363
28.0,11,10,15,364
28.0,11,11,0,342
28.0,11,11,1,344
28.0,11,11,2,345
28.0,11,11,3,347
28.0,11,11,4,349
28.0,11,11,5,350
28.0,11,11,6,352
28.0,11,11,7,354
28.0,11,11,8,355
28.0,11,11,9,357
28.0,11,11,10,358
28.0,11,11,11,360
28.0,11,11,12,362
28.0,11,11,13,363
28.0,11,11,14,365
28.0,11,11,15,366
28.0,11,12,0,344
28.0,11,12,1,345
28.0,11,12,2,347
28.0,11,12,3,349
28.0,11,12,4,351
28.0,11,12,5,352
28.0,11,12,6,354
28.0,11,12,7,355
28.0,11,12,8,357
28.0,11,12,9,359
28.0,11,12,10,360
28.0,11,12,11,362
28.0,11,12,12,364
28.0,11,12,13,365
28.0,11,12,14,367
28.0,11,12,15,368
28.0,11,13,0,346
28.0,11,13,1,347
28.0,11,13,2,349
28.0,11,13,3,351
28.0,11,13,4,352
28.0,11,13,5,354
28.0,11,13,6,356
28.0,11,13,7,357
28.0,11,13,8,359
28.0,11,13,9,361
28.0,11,13,10,362
28.0,11,13,11,364
28.0,11,13,12,365
28.0,11,13,13,367
28.0,11,13,14,369
28.0,11,13,15,370
28.0,11,14,0,347
28.0,11,14,1,349
28.0,11,14,2,351
28.0,11,14,3,353
28.0,11,14,4,354
28.0,11,14,5,356
28.0,11,14,6,358
28.0,11,14,7,359
28.0,11,14,8,361
28.0,11,14,9,362
28.0,11,14,10,364
28.0,11,14,11,366
28.0,11,14,12,367
28.0,11,14,13,369
28.0,11,14,14,371
28.0,11,14,15,372
28.0,11,15,0,349
28.0,11,15,1,351
28.0,11,15,2,353
28.0,11,15,3,354
28.0,11,15,4,356
28.0,11,15,5,358
28.0,11,15,6,359
28.0,11,15,7,361
28.0,11,15,8,363
28.0,11,15,9,364
28.0,11,15,10,366
28.0,11,15,11,368
28.0,11,15,12,369
28.0,11,15,13,371
28.0,11,15,14,372
28.0,11,15,15,374
28.0,12,0,0,326
28.0,12,0,1,328
28.0,12,0,2,329
28.0,12,0,3,331
28.0,12,0,4,332
28.0,12,0,5,334
28.0,12,0,6,335
28.0,12,0,7,337
28.0,12,0,8,338
28.0,12,0,9,340
28.0,12,0,10,342
28.0,12,0,11,343
28.0,12,0,12,345
28.0,12,0,13,346
28.0,12,0,14,348
28.0,12,0,15,349
28.0,12,1,0,328
28.0,12,1,1,329
28.0,12,1,2,331
28.0,12,1,3,333
28.0,12,1,4,334
28.0,12,1,5,336
28.0,12,1,6,337
28.0,12,1,7,339
28.0,12,1,8,341
28.0,12,1,9,342
28.0,12,1,10,344
28.0,12,1,11,345
28.0,12,1,12,347
28.0,12,1,13,348
28.0,12,1,14,350
28.0,12,1,15,351
28.0,12,2,0,330
28.0,12,2,1,331
28.0,12,2,2,333
28.0,12,2,3,335
28.0,12,2,4,336
28.0,12,2,5,338
28.0,12,2,6,339
28.0,12,2,7,341
28.0,12,2,8,343
28.0,12,2,9,344
28.0,12,2,10,346
28.0,12,2,11,347
28.0,12,2,12,349
28.0,12,2,13,350
28.0,12,2,14,352
28.0,12,2,15,353
28.0,12,3,0,332
28.0,12,3,1,333
28.0,12,3,2,335
28.0,12,3,3,337
28.0,12,3,4,338
28.0,12,3,5,340
28.0,12,3,6,341
28.0,12,3,7,343
28.0,12,3,8,345
28.0,12,3,9,346
28.0,12,3,10,348
28.0,12,3,11,349
28.0,12,3,12,351
28.0,12,3,13,352
28.0,12,3,14,354
28.0,12,3,15,355
28.0,12,4,0,334
28.0,12,4,1,335
28.0,12,4,2,337
28.0,12,4,3,339
28.0,12,4,4,340
28.0,12,4,5,342
28.0,12,4,6,343
28.0,12,4,7,345
28.0,12,4,8,347
28.0,12,4,9,348
28.0,12,4,10,350
28.0,12,4,11,351
28.0,12,4,12,353
28.0,12,4,13,354
28.0,12,4,14,356
28.0,12,4,15,357
28.0,12,5,0,336
28.0,12,5,1,337
28.0,12,5,2,339
28.0,12,5,3,341
28.0,12,5,4,342
28.0,12,5,5,344
28.0,12,5,6,345
28.0,12,5,7,347
28.0,12,5,8,349
28.0,12,5,9,350
28.0,12,5,10,352
28.0,12,5,11,353
28.0,12,5,12,355
28.0,12,5,13,356
28.0,12,5,14,358
28.0,12,5,15,359
28.0,12,6,0,338
28.0,12,6,1,339
28.0,12,6,2,341
28.0,12,6,3,342
28.0,12,6,4,344
28.0,12,6,5,346
28.0,12,6,6,347
28.0,12,6,7,349
28.0,12,6,8,351
28.0,12,6,9,352
28.0,12,6,10,354
28.0,12,6,11,355
28.0,12,6,12,357
28.0,12,6,13,358
28.0,12,6,14,360
28.0,12,6,15,362
28.0,12,7,0,339
28.0,12,7,1,341
28.0,12,7,2,343
28.0,12,7,3,344
28.0,12,7,4,346
28.0,12,7,5,348
28.0,12,7,6,349
28.0,12,7,7,351
28.0,12,7,8,352
28.0,12,7,9,354
28.0,12,7,10,356
28.0,12,7,11,357
28.0,12,7,12,359
28.0,12,7,13,360
28.0,12,7,14,362
28.0,12,7,15,364
28.0,12,8,0,341
28.0,12,8,1,343
28.0,12,8,2,345
28.0,12,8,3,346
28.0,12,8,4,348
28.0,12,8,5,350
28.0,12,8,6,351
28.0,12,8,7,353
28.0,12,8,8,354
28.0,12,8,9,356
28.0,12,8,10,358
28.0,12,8,11,359
28.0,12,8,12,361
28.0,12,8,13,362
28.0,12,8,14,364
28.0,12,8,15,366
28.0,12,9,0,343
28.0,12,9,1,345
28.0,12,9,2,347
28.0,12,9,3,348
28.0,12,9,4,350
28.0,12,9,5,351
28.0,12,9,6,353
28.0,12,9,7,355
28.0,12,9,8,356
28.0,12,9,9,358
28.0,12,9,10,360
28.0,12,9,11,361
28.0,12,9,12,363
28.0,12,9,13,364
28.0,12,9,14,366
28.0,12,9,15,368
28.0,12,10,0,345
28.0,12,10,1,347
28.0,12,10,2,348
28.0,12,10,3,350
28.0,12,10,4,352
28.0,12,10,5,353
28.0,12,10,6,355
28.0,12,10,7,357
28.0,12,10,8,358
28.0,12,10,9,360
28.0,12,10,10,362
28.0,12,10,11,363
28.0,12,10,12,365
28.0,12,10,13,366
28.0,12,10,14,368
28.0,12,10,15,370
28.0,12,11,0,347
28.0,12,11,1,349
28.0,12,11,2,350
28.0,12,11,3,352
28.0,12,11,4,354
28.0,12,11,5,355
28.0,12,11,6,357
28.0,12,11,7,359
28.0,12,11,8,360
28.0,12,11,9,362
28.0,12,11,10,364
28.0,12,11,11,365
28.0,12,11,12,367
28.0,12,11,13,368
28.0,12,11,14,370
28.0,12,11,15,372
28.0,12,12,0,349
28.0,12,12,1,350
28.0,12,12,2,352
28.0,12,12,3,354
28.0,12,12,4,356
28.0,12,12,5,357
28.0,12,12,6,359
28.0,12,12,7,361
28.0,12,12,8,362
28.0,12,12,9,364
28.0,12,12,10,365
28.0,12,12,11,367
28.0,12,12,12,369
28.0,12,12,13,370
28.0,12,12,14,372
28.0,12,12,15,374
28.0,12,13,0,351
28.0,12,13,1,352
28.0,12,13,2,354
28.0,12,13,3,356
28.0,12,13,4,357
28.0,12,13,5,359
28.0,12,13,6,361
28.0,12,13,7,362
28.0,12,13,8,364
28.0,12,13,9,366
28.0,12,13,10,367
28.0,12,13,11,369
28.0,12,13,12,371
28.0,12,13,13,372
28.0,12,13,14,374
28.0,12,13,15,375
28.0,12,14,0,352
28.0,12,14,1,354
28.0,12,14,2,356
28.0,12,14,3,358
28.0,12,14,4,359
28.0,12,14,5,361
28.0,12,14,6,363
28.0,12,14,7,364
28.0,12,14,8,366
28.0,12,14,9,368
28.0,12,14,10,369
28.0,12,14,11,371
28.0,12,14,12,373
28.0,12,14,13,374
28.0,12,14,14,376
28.0,12,14,15,377
28.0,12,15,0,354
28.0,12,15,1,356
28.0,12,15,2,358
28.0,12,15,3,359
28.0,12,15,4,361
28.0,12,15,5,363
28.0,12,15,6,364
28.0,12,15,7,366
28.0,12,15,8,368
28.0,12,15,9,370
28.0,12,15,10,371
28.0,12,15,11,373
28.0,12,15,12,374
28.0,12,15,13,376
28.0,12,15,14,378
28.0,12,15,15,379
28.0,13,0,0,331
28.0,13,0,1,332
28.0,13,0,2,334
28.0,13,0,3,335
28.0,13,0,4,337
28.0,13,0,5,339
28.0,13,0,6,340
28.0,13,0,7,342
28.0,13,0,8,343
28.0,13,0,9,345
28.0,13,0,10,346
28.0,13,0,11,348
28.0,13,0,12,349
28.0,13,0,13,351
28.0,13,0,14,353
28.0,13,0,15,354
28.0,13,1,0,333
28.0,13,1,1,334
28.0,13,1,2,336
28.0,13,1,3,337
28.0,13,1,4,339
28.0,13,1,5,341
28.0,13,1,6,342
28.0,13,1,7,344
28.0,13,1,8,345
28.0,13,1,9,347
28.0,13,1,10,348
28.0,13,1,11,350
28.0,13,1,12,352
28.0,13,1,13,353
28.0,13,1,14,355
28.0,13,1,15,356
28.0,13,2,0,334
28.0,13,2,1,336
28.0,13,2,2,338
28.0,13,2,3,339
28.0,13,2,4,341
28.0,13,2,5,343
28.0,13,2,6,344
28.0,13,2,7,346
28.0,13,2,8,347
28.0,13,2,9,349
28.0,13,2,10,351
28.0,13,2,11,352
28.0,13,2,12,354
28.0,13,2,13,355
28.0,13,2,14,357
28.0,13,2,15,358
28.0,13,3,0,336
28.0,13,3,1,338
28.0,13,3,2,340
28.0,13,3,3,341
28.0,13,3,4,343
28.0,13,3,5,345
28.0,13,3,6,346
28.0,13,3,7,348
28.0,13,3,8,349
28.0,13,3,9,351
28.0,13,3,10,353
28.0,13,3,11,354
28.0,13,3,12,356
28.0,13,3,13,357
28.0,13,3,14,359
28.0,13,3,15,360
28.0,13,4,0,338
28.0,13,4,1,340
28.0,13,4,2,342
28.0,13,4,3,343
28.0,13,4,4,345
28.0,13,4,5,347
28.0,13,4,6,348
28.0,13,4,7,350
28.0,13,4,8,351
28.0,13,4,9,353
28.0,13,4,10,355
28.0,13,4,11,356
28.0,13,4,12,358
28.0,13,4,13,359
28.0,13,4,14,361
28.0,13,4,15,362
28.0,13,5,0,340
28.0,13,5,1,342
28.0,13,5,2,344
28.0,13,5,3,345
28.0,13,5,4,347
28.0,13,5,5,349
28.0,13,5,6,350
28.0,13,5,7,352
28.0,13,5,8,353
28.0,13,5,9,355
28.0,13,5,10,357
28.0,13,5,11,358
28.0,13,5,12,360
28.0,13,5,13,361
28.0,13,5,14,363
28.0,13,5,15,365
28.0,13,6,0,342
28.0,13,6,1,344
28.0,13,6,2,346
28.0,13,6,3,347
28.0,13,6,4,349
28.0,13,6,5,351
28.0,13,6,6,352
28.0,13,6,7,354
28.0,13,6,8,355
28.0,13,6,9,357
28.0,13,6,10,359
28.0,13,6,11,360
28.0,13,6,12,362
28.0,13,6,13,363
28.0,13,6,14,365
28.0,13,6,15,367
28.0,13,7,0,344
28.0,13,7,1,346
28.0,13,7,2,348
28.0,13,7,3,349
28.0,13,7,4,351
28.0,13,7,5,353
28.0,13,7,6,354
28.0,13,7,7,356
28.0,13,7,8,357
28.0,13,7,9,359
28.0,13,7,10,361
28.0,13,7,11,362
28.0,13,7,12,364
28.0,13,7,13,366
28.0,13,7,14,367
28.0,13,7,15,369
28.0,13,8,0,346
28.0,13,8,1,348
28.0,13,8,2,349
28.0,13,8,3,351
28.0,13,8,4,353
28.0,13,8,5,355
28.0,13,8,6,356
28.0,13,8,7,358
28.0,13,8,8,359
28.0,13,8,9,361
28.0,13,8,10,363
28.0,13,8,11,364
28.0,13,8,12,366
28.0,13,8,13,368
28.0,13,8,14,369
28.0,13,8,15,371
28.0,13,9,0,348
28.0,13,9,1,350
28.0,13,9,2,351
28.0,13,9,3,353
28.0,13,9,4,355
28.0,13,9,5,356
28.0,13,9,6,358
28.0,13,9,7,360
28.0,13,9,8,361
28.0,13,9,9,363
28.0,13,9,10,365
28.0,13,9,11,366
28.0,13,9,12,368
28.0,13,9,13,370
28.0,13,9,14,371
28.0,13,9,15,373
28.0,13,10,0,350
28.0,13,10,1,352
28.0,13,10,2,353
28.0,13,10,3,355
28.0,13,10,4,357
28.0,13,10,5,358
28.0,13,10,6,360
28.0,13,10,7,362
28.0,13,10,8,363
28.0,13,10,9,365
28.0,13,10,10,367
28.0,13,10,11,368
28.0,13,10,12,370
28.0,13,10,13,372
28.0,13,10,14,373
28.0,13,10,15,375
28.0,13,11,0,352
28.0,13,11,1,354
28.0,13,11,2,355
28.0,13,11,3,357
28.0,13,11,4,359
28.0,13,11,5,360
28.0,13,11,6,362
28.0,13,11,7,364
28.0,13,11,8,365
28.0,13,11,9,367
28.0,13,11,10,369
28.0,13,11,11,370
28.0,13,11,12,372
28.0,13,11,13,374
28.0,13,11,14,375
28.0,13,11,15,377
28.0,13,12,0,354
28.0,13,12,1,355
28.0,13,12,2,357
28.0,13,12,3,359
28.0,13,12,4,361
28.0,13,12,5,362
28.0,13,12,6,364
28.0,13,12,7,366
28.0,13,12,8,367
28.0,13,12,9,369
28.0,13,12,10,371
28.0,13,12,11,372
28.0,13,12,12,374
28.0,13,12,13,376
28.0,13,12,14,377
28.0,13,12,15,379
28.0,13,13,0,356
28.0,13,13,1,357
28.0,13,13,2,359
28.0,13,13,3,361
28.0,13,13,4,362
28.0,13,13,5,364
28.0,13,13,6,366
28.0,13,13,7,368
28.0,13,13,8,369
28.0,13,13,9,371
28.0,13,13,10,373
28.0,13,13,11,374
28.0,13,13,12,376
28.0,13,13,13,378
28.0,13,13,14,379
28.0,13,13,15,381
28.0,13,14,0,357
28.0,13,14,1,359
28.0,13,14,2,361
28.0,13,14,3,363
28.0,13,14,4,364
28.0,13,14,5,366
28.0,13,14,6,368
28.0,13,14,7,369
28.0,13,14,8,371
28.0,13,14,9,373
28.0,13,14,10,374
28.0,13,14,11,376
28.0,13,14,12,378
28.0,13,14,13,379
28.0,13,14,14,381
28.0,13,14,15,383
28.0,13,15,0,359
28.0,13,15,1,361
28.0,13,15,2,363
28.0,13,15,3,364
28.0,13,15,4,366
28.0,13,15,5,368
28.0,13,15,6,370
28.0,13,15,7,371
28.0,13,15,8,373
28.0,13,15,9,375
28.0,13,15,10,376
28.0,13,15,11,378
28.0,13,15,12,380
28.0,13,15,13,381
28.0,13,15,14,383
28.0,13,15,15,385
28.0,14,0,0,335
28.0,14,0,1,337
28.0,14,0,2,338
28.0,14,0,3,340
28.0,14,0,4,342
28.0,14,0,5,343
28.0,14,0,6,345
28.0,14,0,7,346
28.0,14,0,8,348
28.0,14,0,9,350
28.0,14,0,10,351
28.0,14,0,11,353
28.0,14,0,12,354
28.0,14,0,13,356
28.0,14,0,14,357
28.0,14,0,15,359
28.0,14,1,0,337
28.0,14,1,1,339
28.0,14,1,2,340
28.0,14,1,3,342
28.0,14,1,4,344
28.0,14,1,5,345
28.0,14,1,6,347
28.0,14,1,7,349
28.0,14,1,8,350
28.0,14,1,9,352
28.0,14,1,10,353
28.0,14,1,11,355
28.0,14,1,12,356
28.0,14,1,13,358
28.0,14,1,14,360
28.0,14,1,15,361
28.0,14,2,0,339
28.0,14,2,1,341
28.0,14,2,2,342
28.0,14,2,3,344
28.0,14,2,4,346
28.0,14,2,5,347
28.0,14,2,6,349
28.0,14,2,7,351
28.0,14,2,8,352
28.0,14,2,9,354
28.0,14,2,10,355
28.0,14,2,11,357
28.0,14,2,12,359
28.0,14,2,13,360
28.0,14,2,14,362
28.0,14,2,15,363
28.0,14,3,0,341
28.0,14,3,1,343
28.0,14,3,2,344
28.0,14,3,3,346
28.0,14,3,4,348
28.0,14,3,5,349
28.0,14,3,6,351
28.0,14,3,7,353
28.0,14,3,8,354
28.0,14,3,9,356
28.0,14,3,10,357
28.0,14,3,11,359
28.0,14,3,12,361
28.0,14,3,13,362
28.0,14,3,14,364
28.0,14,3,15,365
28.0,14,4,0,343
28.0,14,4,1,345
28.0,14,4,2,346
28.0,14,4,3,348
28.0,14,4,4,350
28.0,14,4,5,351
28.0,14,4,6,353
28.0,14,4,7,355
28.0,14,4,8,356
28.0,14,4,9,358
28.0,14,4,10,360
28.0,14,4,11,361
28.0,14,4,12,363
28.0,14,4,13,364
28.0,14,4,14,366
28.0,14,4,15,368
28.0,14,5,0,345
28.0,14,5,1,347
28.0,14,5,2,348
28.0,14,5,3,350
28.0,14,5,4,352
28.0,14,5,5,353
28.0,14,5,6,355
28.0,14,5,7,357
28.0,14,5,8,358
28.0,14,5,9,360
28.0,14,5,10,362
28.0,14,5,11,363
28.0,14,5,12,365
28.0,14,5,13,366
28.0,14,5,14,368
28.0,14,5,15,370
28.0,14,6,0,347
28.0,14,6,1,349
28.0,14,6,2,350
28.0,14,6,3,352
28.0,14,6,4,354
28.0,14,6,5,355
28.0,14,6,6,357
28.0,14,6,7,359
28.0,14,6,8,360
28.0,14,6,9,362
28.0,14,6,10,364
28.0,14,6,11,365
28.0,14,6,12,367
28.0,14,6,13,369
28.0,14,6,14,370
28.0,14,6,15,372
28.0,14,7,0,349
28.0,14,7,1,351
28.0,14,7,2,352
28.0,14,7,3,354
28.0,14,7,4,356
28.0,14,7,5,357
28.0,14,7,6,359
28.0,14,7,7,361
28.0,14,7,8,362
28.0,14,7,9,364
28.0,14,7,10,366
28.0,14,7,11,367
28.0,14,7,12,369
28.0,14,7,13,371
28.0,14,7,14,372
28.0,14,7,15,374
28.0,14,8,0,351
28.0,14,8,1,353
28.0,14,8,2,354
28.0,14,8,3,356
28.0,14,8,4,358
28.0,14,8,5,359
28.0,14,8,6,361
28.0,14,8,7,363
28.0,14,8,8,364
28.0,14,8,9,366
28.0,14,8,10,368
28.0,14,8,11,369
28.0,14,8,12,371
28.0,14,8,13,373
28.0,14,8,14,374
28.0,14,8,15,376
28.0,14,9,0,353
28.0,14,9,1,355
28.0,14,9,2,356
28.0,14,9,3,358
28.0,14,9,4,360
28.0,14,9,5,361
28.0,14,9,6,363
28.0,14,9,7,365
28.0,14,9,8,366
28.0,14,9,9,368
28.0,14,9,10,370
28.0,14,9,11,371
28.0,14,9,12,373
28.0,14,9,13,375
28.0,14,9,14,376
28.0,14,9,15,378
28.0,14,10,0,355
28.0,14,10,1,357
28.0,14,10,2,358
28.0,14,10,3,360
28.0,14,10,4,362
28.0,14,10,5,363
28.0,14,10,6,365
28.0,14,10,7,367
28.0,14,10,8,368
28.0,14,10,9,370
28.0,14,10,10,372
28.0,14,10,11,373
28.0,14,10,12,375
28.0,14,10,13,377
28.0,14,10,14,378
28.0,14,10,15,380
28.0,14,11,0,357
28.0,14,11,1,358
28.0,14,11,2,360
28.0,14,11,3,362
28.0,14,11,4,364
28.0,14,11,5,365
28.0,14,11,6,367
28.0,14,11,7,369
28.0,14,11,8,370
28.0,14,11,9,372
28.0,14,11,10,374
28.0,14,11,11,375
28.0,14,11,12,377
28.0,14,11,13,379
28.0,14,11,14,380
28.0,14,11,15,382
28.0,14,12,0,359
28.0,14,12,1,360
28.0,14,12,2,362
28.0,14,12,3,364
28.0,14,12,4,366
28.0,14,12,5,367
28.0,14,12,6,369
28.0,14,12,7,371
28.0,14,12,8,372
28.0,14,12,9,374
28.0,14,12,10,376
28.0,14,12,11,377
28.0,14,12,12,379
28.0,14,12,13,381
28.0,14,12,14,382
28.0,14,12,15,384
28.0,14,13,0,360
28.0,14,13,1,362
28.0,14,13,2,364
28.0,14,13,3,366
28.0,14,13,4,367
28.0,14,13,5,369
28.0,14,13,6,371
28.0,14,13,7,373
28.0,14,13,8,374
28.0,14,13,9,376
28.0,14,13,10,378
28.0,14,13,11,379
28.0,14,13,12,381
28.0,14,13,13,383
28.0,14,13,14,384
28.0,14,13,15,386
28.0,14,14,0,362
28.0,14,14,1,364
28.0,14,14,2,366
28.0,14,14,3,368
28.0,14,14,4,369
28.0,14,14,5,371
28.0,14,14,6,373
28.0,14,14,7,375
28.0,14,14,8,376
28.0,14,14,9,378
28.0,14,14,10,380
28.0,14,14,11,381
28.0,14,14,12,383
28.0,14,14,13,385
28.0,14,14,14,386
28.0,14,14,15,388
28.0,14,15,0,364
28.0,14,15,1,366
28.0,14,15,2,368
28.0,14,15,3,370
28.0,14,15,4,371
28.0,14,15,5,373
28.0,14,15,6,375
28.0,14,15,7,377
28.0,14,15,8,378
28.0,14,15,9,380
28.0,14,15,10,382
28.0,14,15,11,383
28.0,14,15,12,385
28.0,14,15,13,387
28.0,14,15,14,388
28.0,14,15,15,390
28.0,15,0,0,340
28.0,15,0,1,341
28.0,15,0,2,343
28.0,15,0,3,345
28.0,15,0,4,346
28.0,15,0,5,348
28.0,15,0,6,350
28.0,15,0,7,351
28.0,15,0,8,353
28.0,15,0,9,354
28.0,15,0,10,356
28.0,15,0,11,358
28.0,15,0,12,359
28.0,15,0,13,361
28.0,15,0,14,362
28.0,15,0,15,364
28.0,15,1,0,342
28.0,15,1,1,343
28.0,15,1,2,345
28.0,15,1,3,347
28.0,15,1,4,348
28.0,15,1,5,350
28.0,15,1,6,352
28.0,15,1,7,353
28.0,15,1,8,355
28.0,15,1,9,357
28.0,15,1,10,358
28.0,15,1,11,360
28.0,15,1,12,361
28.0,15,1,13,363
28.0,15,1,14,365
28.0,15,1,15,366
28.0,15,2,0,344
28.0,15,2,1,345
28.0,15,2,2,347
28.0,15,2,3,349
28.0,15,2,4,350
28.0,15,2,5,352
28.0,15,2,6,354
28.0,15,2,7,355
28.0,15,2,8,357
28.0,15,2,9,359
28.0,15,2,10,360
28.0,15,2,11,362
28.0,15,2,12,363
28.0,15,2,13,365
28.0,15,2,14,367
28.0,15,2,15,368
28.0,15,3,0,346
28.0,15,3,1,348
28.0,15,3,2,349
28.0,15,3,3,351
28.0,15,3,4,353
28.0,15,3,5,354
28.0,15,3,6,356
28.0,15,3,7,358
28.0,15,3,8,359
28.0,15,3,9,361
28.0,15,3,10,362
28.0,15,3,11,364
28.0,15,3,12,366
28.0,15,3,13,367
28.0,15,3,14,369
28.0,15,3,15,370
28.0,15,4,0,348
28.0,15,4,1,350
28.0,15,4,2,351
28.0,15,4,3,353
28.0,15,4,4,355
28.0,15,4,5,356
28.0,15,4,6,358
28.0,15,4,7,360
28.0,15,4,8,361
28.0,15,4,9,363
28.0,15,4,10,365
28.0,15,4,11,366
28.0,15,4,12,368
28.0,15,4,13,369
28.0,15,4,14,371
28.0,15,4,15,373
28.0,15,5,0,350
28.0,15,5,1,352
28.0,15,5,2,353
28.0,15,5,3,355
28.0,15,5,4,357
28.0,15,5,5,358
28.0,15,5,6,360
28.0,15,5,7,362
28.0,15,5,8,363
28.0,15,5,9,365
28.0,15,5,10,367
28.0,15,5,11,368
28.0,15,5,12,370
28.0,15,5,13,371
28.0,15,5,14,373
28.0,15,5,15,375
28.0,15,6,0,352
28.0,15,6,1,354
28.0,15,6,2,355
28.0,15,6,3,357
28.0,15,6,4,359
28.0,15,6,5,360
28.0,15,6,6,362
28.0,15,6,7,364
28.0,15,6,8,365
28.0,15,6,9,367
28.0,15,6,10,369
28.0,15,6,11,370
28.0,15,6,12,372
28.0,15,6,13,374
28.0,15,6,14,375
28.0,15,6,15,377
28.0,15,7,0,354
28.0,15,7,1,356
28.0,15,7,2,357
28.0,15,7,3,359
28.0,15,7,4,361
28.0,15,7,5,362
28.0,15,7,6,364
28.0,15,7,7,366
28.0,15,7,8,367
28.0,15,7,9,369
28.0,15,7,10,371
28.0,15,7,11,372
28.0,15,7,12,374
28.0,15,7,13,376
28.0,15,7,14,377
28.0,15,7,15,379
28.0,15,8,0,356
28.0,15,8,1,357
28.0,15,8,2,359
28.0,15,8,3,361
28.0,15,8,4,363
28.0,15,8,5,364
28.0,15,8,6,366
28.0,15,8,7,368
28.0,15,8,8,369
28.0,15,8,9,371
28.0,15,8,10,373
28.0,15,8,11,374
28.0,15,8,12,376
28.0,15,8,13,378
28.0,15,8,14,379
28.0,15,8,15,381
28.0,15,9,0,358
28.0,15,9,1,359
28.0,15,9,2,361
28.0,15,9,3,363
28.0,15,9,4,365
28.0,15,9,5,366
28.0,15,9,6,368
28.0,15,9,7,370
28.0,15,9,8,371
28.0,15,9,9,373
28.0,15,9,10,375
28.0,15,9,11,377
28.0,15,9,12,378
28.0,15,9,13,380
28.0,15,9,14,381
28.0,15,9,15,383
28.0,15,10,0,360
28.0,15,10,1,361
28.0,15,10,2,363
28.0,15,10,3,365
28.0,15,10,4,367
28.0,15,10,5,368
28.0,15,10,6,370
28.0,15,10,7,372
28.0,15,10,8,373
28.0,15,10,9,375
28.0,15,10,10,377
28.0,15,10,11,379
28.0,15,10,12,380
28.0,15,10,13,382
28.0,15,10,14,384
28.0,15,10,15,385
28.0,15,11,0,362
28.0,15,11,1,363
28.0,15,11,2,365
28.0,15,11,3,367
28.0,15,11,4,369
28.0,15,11,5,370
28.0,15,11,6,372
28.0,15,11,7,374
28.0,15,11,8,376
28.0,15,11,9,377
28.0,15,11,10,379
28.0,15,11,11,381
28.0,15,11,12,382
28.0,15,11,13,384
28.0,15,11,14,386
28.0,15,11,15,387
28.0,15,12,0,363
28.0,15,12,1,365
28.0,15,12,2,367
28.0,15,12,3,369
28.0,15,12,4,371
28.0,15,12,5,372
28.0,15,12,6,374
28.0,15,12,7,376
28.0,15,12,8,377
28.0,15,12,9,379
28.0,15,12,10,381
28.0,15,12,11,383
28.0,15,12,12,384
28.0,15,12,13,386
28.0,15,12,14,388
28.0,15,12,15,389
28.0,15,13,0,365
28.0,15,13,1,367
28.0,15,13,2,369
28.0,15,13,3,371
28.0,15,13,4,373
28.0,15,13,5,374
28.0,15,13,6,376
28.0,15,13,7,378
28.0,15,13,8,379
28.0,15,13,9,381
28.0,15,13,10,383
28.0,15,13,11,385
28.0,15,13,12,386
28.0,15,13,13,388
28.0,15,13,14,390
28.0,15,13,15,391
28.0,15,14,0,367
28.0,15,14,1,369
28.0,15,14,2,371
28.0,15,14,3,373
28.0,15,14,4,374
28.0,15,14,5,376
28.0,15,14,6,378
28.0,15,14,7,380
28.0,15,14,8,381
28.0,15,14,9,383
28.0,15,14,10,385
28.0,15,14,11,387
28.0,15,14,12,388
28.0,15,14,13,390
28.0,15,14,14,392
28.0,15,14,15,393
28.0,15,15,0,369
28.0,15,15,1,371
28.0,15,15,2,373
28.0,15,15,3,375
28.0,15,15,4,376
28.0,15,15,5,378
28.0,15,15,6,380
28.0,15,15,7,382
28.0,15,15,8,383
28.0,15,15,9,385
28.0,15,15,10,387
28.0,15,15,11,389
28.0,15,15,12,390
28.0,15,15,13,392
28.0,15,15,14,394
28.0,15,15,15,395
28.5,0,0,0,276
28.5,0,0,1,277
28.5,0,0,2,278
28.5,0,0,3,280
28.5,0,0,4,281
28.5,0,0,5,282
28.5,0,0,6,284
28.5,0,0,7,285
28.5,0,0,8,286
28.5,0,0,9,288
28.5,0,0,10,289
28.5,0,0,11,290
28.5,0,0,12,291
28.5,0,0,13,293
28.5,0,0,14,294
28.5,0,0,15,295
28.5,0,1,0,277
28.5,0,1,1,279
28.5,0,1,2,280
28.5,0,1,3,281
28.5,0,1,4,283
28.5,0,1,5,284
28.5,0,1,6,285
28.5,0,1,7,287
28.5,0,1,8,288
28.5,0,1,9,289
28.5,0,1,10,291
28.5,0,1,11,292
28.5,0,1,12,293
28.5,0,1,13,294
28.5,0,1,14,296
28.5,0,1,15,297
28.5,0,2,0,279
28.5,0,2,1,280
28.5,0,2,2,282
28.5,0,2,3,283
28.5,0,2,4,284
28.5,0,2,5,286
28.5,0,2,6,287
28.5,0,2,7,288
28.5,0,2,8,290
28.5,0,2,9,291
28.5,0,2,10,292
28.5,0,2,11,294
28.5,0,2,12,295
28.5,0,2,13,296
28.5,0,2,14,297
28.5,0,2,15,299
28.5,0,3,0,281
28.5,0,3,1,282
28.5,0,3,2,283
28.5,0,3,3,285
28.5,0,3,4,286
28.5,0,3,5,287
28.5,0,3,6,289
28.5,0,3,7,290
28.5,0,3,8,291
28.5,0,3,9,293
28.5,0,3,10,294
28.5,0,3,11,295
28.5,0,3,12,297
28.5,0,3,13,298
28.5,0,3,14,299
28.5,0,3,15,301
28.5,0,4,0,282
28.5,0,4,1,284
28.5,0,4,2,285
28.5,0,4,3,286
28.5,0,4,4,288
28.5,0,4,5,289
28.5,0,4,6,290
28.5,0,4,7,292
28.5,0,4,8,293
28.5,0,4,9,294
28.5,0,4,10,296
28.5,0,4,11,297
28.5,0,4,12,298
28.5,0,4,13,300
28.5,0,4,14,301
28.5,0,4,15,302
28.5,0,5,0,284
28.5,0,5,1,285
28.5,0,5,2,287
28.5,0,5,3,288
28.5,0,5,4,289
28.5,0,5,5,291
28.5,0,5,6,292
28.5,0,5,7,293
28.5,0,5,8,295
28.5,0,5,9,296
28.5,0,5,10,297
28.5,0,5,11,299
28.5,0,5,12,300
28.5,0,5,13,301
28.5,0,5,14,303
28.5,0,5,15,304
28.5,0,6,0,285
28.5,0,6,1,287
28.5,0,6,2,288
28.5,0,6,3,290
28.5,0,6,4,291
28.5,0,6,5,292
28.5,0,6,6,294
28.5,0,6,7,295
28.5,0,6,8,296
28.5,0,6,9,298
28.5,0,6,10,299
28.5,0,6,11,300
28.5,0,6,12,302
28.5,0,6,13,303
28.5,0,6,14,304
28.5,0,6,15,306
28.5,0,7,0,287
28.5,0,7,1,288
28.5,0,7,2,290
28.5,0,7,3,291
28.5,0,7,4,293
28.5,0,7,5,294
28.5,0,7,6,295
28.5,0,7,7,297
28.5,0,7,8,298
28.5,0,7,9,299
28.5,0,7,10,301
28.5,0,7,11,302
28.5,0,7,12,303
28.5,0,7,13,305
28.5,0,7,14,306
28.5,0,7,15,307
28.5,0,8,0,289
28.5,0,8,1,290
28.5,0,8,2,291
28.5,0,8,3,293
28.5,0,8,4,294
28.5,0,8,5,296
28.5,0,8,6,297
28.5,0,8,7,298
28.5,0,8,8,300
28.5,0,8,9,301
28.5,0,8,10,302
28.5,0,8,11,304
28.5,0,8,12,305
28.5,0,8,13,306
28.5,0,8,14,308
28.5,0,8,15,309
28.5,0,9,0,290
28.5,0,9,1,292
28.5,0,9,2,293
28.5,0,9,3,294
28.5,0,9,4,296
28.5,0,9,5,297
28.5,0,9,6,299
28.5,0,9,7,300
28.5,0,9,8,301
28.5,0,9,9,303
28.5,0,9,10,304
28.5,0,9,11,305
28.5,0,9,12,307
28.5,0,9,13,308
28.5,0,9,14,309
28.5,0,9,15,311
28.5,0,10,0,292
28.5,0,10,1,293
28.5,0,10,2,295
28.5,0,10,3,296
28.5,0,10,4,297
28.5,0,10,5,299
28.5,0,10,6,300
28.5,0,10,7,302
28.5,0,10,8,303
28.5,0,10,9,304
28.5,0,10,10,306
28.5,0,10,11,307
28.5,0,10,12,308
28.5,0,10,13,310
28.5,0,10,14,311
28.5,0,10,15,313
28.5,0,11,0,293
28.5,0,11,1,295
28.5,0,11,2,296
28.5,0,11,3,298
28.5,0,11,4,299
28.5,0,11,5,300
28.5,0,11,6,302
28.5,0,11,7,303
28.5,0,11,8,305
28.5,0,11,9,306
28.5,0,11,10,307
28.5,0,11,11,309
28.5,0,11,12,310
28.5,0,11,13,311
28.5,0,11,14,313
28.5,0,11,15,314
28.5,0,12,0,295
28.5,0,12,1,296
28.5,0,12,2,298
28.5,0,12,3,299
28.5,0,12,4,301
28.5,0,12,5,302
28.5,0,12,6,303
28.5,0,12,7,305
28.5,0,12,8,306
28.5,0,12,9,308
28.5,0,12,10,309
28.5,0,12,11,310
28.5,0,12,12,312
28.5,0,12,13,313
28.5,0,12,14,315
28.5,0,12,15,316
28.5,0,13,0,296
28.5,0,13,1,298
28.5,0,13,2,299
28.5,0,13,3,301
28.5,0,13,4,302
28.5,0,13,5,304
28.5,0,13,6,305
28.5,0,13,7,306
28.5,0,13,8,308
28.5,0,13,9,309
28.5,0,13,10,311
28.5,0,13,11,312
28.5,0,13,12,313
28.5,0,13,13,315
28.5,0,13,14,316
28.5,0,13,15,318
28.5,0,14,0,298
28.5,0,14,1,299
28.5,0,14,2,301
28.5,0,14,3,302
28.5,0,14,4,304
28.5,0,14,5,305
28.5,0,14,6,307
28.5,0,14,7,308
28.5,0,14,8,309
28.5,0,14,9,311
28.5,0,14,10,312
28.5,0,14,11,314
28.5,0,14,12,315
28.5,0,14,13,316
28.5,0,14,14,318
28.5,0,14,15,319
28.5,0,15,0,300
28.5,0,15,1,301
28.5,0,15,2,302
28.5,0,15,3,304
28.5,0,15,4,305
28.5,0,15,5,307
28.5,0,15,6,308
28.5,0,15,7,310
28.5,0,15,8,311
28.5,0,15,9,312
28.5,0,15,10,314
28.5,0,15,11,315
28.5,0,15,12,317
28.5,0,15,13,318
28.5,0,15,14,319
28.5,0,15,15,321
28.5,1,0,0,280
28.5,1,0,1,282
28.5,1,0,2,283
28.5,1,0,3,284
28.5,1,0,4,286
28.5,1,0,5,287
28.5,1,0,6,288
28.5,1,0,7,290
28.5,1,0,8,291
28.5,1,0,9,292
28.5,1,0,10,294
28.5,1,0,11,295
28.5,1,0,12,296
28.5,1,0,13,298
28.5,1,0,14,299
28.5,1,0,15,300
28.5,1,1,0,282
28.5,1,1,1,283
28.5,1,1,2,285
28.5,1,1,3,286
28.5,1,1,4,287
28.5,1,1,5,289
28.5,1,1,6,290
28.5,1,1,7,292
28.5,1,1,8,293
28.5,1,1,9,294
28.5,1,1,10,295
28.5,1,1,11,297
28.5,1,1,12,298
28.5,1,1,13,299
28.5,1,1,14,301
28.5,1,1,15,302
28.5,1,2,0,284
28.5,1,2,1,285
28.5,1,2,2,286
28.5,1,2,3,288
28.5,1,2,4,289
28.5,1,2,5,291
28.5,1,2,6,292
28.5,1,2,7,293
28.5,1,2,8,295
28.5,1,2,9,296
28.5,1,2,10,297
28.5,1,2,11,299
28.5,1,2,12,300
28.5,1,2,13,301
28.5,1,2,14,303
28.5,1,2,15,304
28.5,1,3,0,285
28.5,1,3,1,287
28.5,1,3,2,288
28.5,1,3,3,289
28.5,1,3,4,291
28.5,1,3,5,292
28.5,1,3,6,294
28.5,1,3,7,295
28.5,1,3,8,296
28.5,1,3,9,298
28.5,1,3,10,299
28.5,1,3,11,300
28.5,1,3,12,302
28.5,1,3,13,303
28.5,1,3,14,304
28.5,1,3,15,306
28.5,1,4,0,287
28.5,1,4,1,288
28.5,1,4,2,290
28.5,1,4,3,291
28.5,1,4,4,293
28.5,1,4,5,294
28.5,1,4,6,295
28.5,1,4,7,297
28.5,1,4,8,298
28.5,1,4,9,299
28.5,1,4,10,301
28.5,1,4,11,302
28.5,1,4,12,303
28.5,1,4,13,305
28.5,1,4,14,306
28.5,1,4,15,307
28.5,1,5,0,289
28.5,1,5,1,290
28.5,1,5,2,291
28.5,1,5,3,293
28.5,1,5,4,294
28.5,1,5,5,296
28.5,1,5,6,297
28.5,1,5,7,298
28.5,1,5,8,300
28.5,1,5,9,301
28.5,1,5,10,302
28.5,1,5,11,304
28.5,1,5,12,305
28.5,1,5,13,306
28.5,1,5,14,308
28.5,1,5,15,309
28.5,1,6,0,290
28.5,1,6,1,292
28.5,1,6,2,293
28.5,1,6,3,295
28.5,1,6,4,296
28.5,1,6,5,297
28.5,1,6,6,299
28.5,1,6,7,300
28.5,1,6,8,301
28.5,1,6,9,303
28.5,1,6,10,304
28.5,1,6,11,306
28.5,1,6,12,307
28.5,1,6,13,308
28.5,1,6,14,310
28.5,1,6,15,311
28.5,1,7,0,292
28.5,1,7,1,293
28.5,1,7,2,295
28.5,1,7,3,296
28.5,1,7,4,298
28.5,1,7,5,299
28.5,1,7,6,300
28.5,1,7,7,302
28.5,1,7,8,303
28.5,1,7,9,305
28.5,1,7,10,306
28.5,1,7,11,307
28.5,1,7,12,309
28.5,1,7,13,310
28.5,1,7,14,311
28.5,1,7,15,313
28.5,1,8,0,294
28.5,1,8,1,295
28.5,1,8,2,296
28.5,1,8,3,298
28.5,1,8,4,299
28.5,1,8,5,301
28.5,1,8,6,302
28.5,1,8,7,303
28.5,1,8,8,305
28.5,1,8,9,306
28.5,1,8,10,308
28.5,1,8,11,309
28.5,1,8,12,310
28.5,1,8,13,312
28.5,1,8,14,313
28.5,1,8,15,314
28.5,1,9,0,295
28.5,1,9,1,297
28.5,1,9,2,298
28.5,1,9,3,299
28.5,1,9,4,301
28.5,1,9,5,302
28.5,1,9,6,304
28.5,1,9,7,305
28.5,1,9,8,306
28.5,1,9,9,308
28.5,1,9,10,309
28.5,1,9,11,311
28.5,1,9,12,312
28.5,1,9,13,313
28.5,1,9,14,315
28.5,1,9,15,316
28.5,1,10,0,297
28.5,1,10,1,298
28.5,1,10,2,300
28.5,1,10,3,301
28.5,1,10,4,302
28.5,1,10,5,304
28.5,1,10,6,305
28.5,1,10,7,307
28.5,1,10,8,308
28.5,1,10,9,310
28.5,1,10,10,311
28.5,1,10,11,312
28.5,1,10,12,314
28.5,1,10,13,315
28.5,1,10,14,316
28.5,1,10,15,318
28.5,1,11,0,298
28.5,1,11,1,300
28.5,1,11,2,301
28.5,1,11,3,303
28.5,1,11,4,304
28.5,1,11,5,306
28.5,1,11,6,307
28.5,1,11,7,308
28.5,1,11,8,310
28.5,1,11,9,311
28.5,1,11,10,313
28.5,1,11,11,314
28.5,1,11,12,315
28.5,1,11,13,317
28.5,1,11,14,318
28.5,1,11,15,320
28.5,1,12,0,300
28.5,1,12,1,301
28.5,1,12,2,303
28.5,1,12,3,304
28.5,1,12,4,306
28.5,1,12,5,307
28.5,1,12,6,309
28.5,1,12,7,310
28.5,1,12,8,311
28.5,1,12,9,313
28.5,1,12,10,314
28.5,1,12,11,316
28.5,1,12,12,317
28.5,1,12,13,318
28.5,1,12,14,320
28.5,1,12,15,321
28.5,1,13,0,301
28.5,1,13,1,303
28.5,1,13,2,304
28.5,1,13,3,306
28.5,1,13,4,307
28.5,1,13,5,309
28.5,1,13,6,310
28.5,1,13,7,312
28.5,1,13,8,313
28.5,1,13,9,315
28.5,1,13,10,316
28.5,1,13,11,317
28.5,1,13,12,319
28.5,1,13,13,320
28.5,1,13,14,322
28.5,1,13,15,323
28.5,1,14,0,303
28.5,1,14,1,305
28.5,1,14,2,306
28.5,1,14,3,307
28.5,1,14,4,309
28.5,1,14,5,310
28.5,1,14,6,312
28.5,1,14,7,313
28.5,1,14,8,315
28.5,1,14,9,316
28.5,1,14,10,318
28.5,1,14,11,319
28.5,1,14,12,320
28.5,1,14,13,322
28.5,1,14,14,323
28.5,1,14,15,325
28.5,1,15,0,305
28.5,1,15,1,306
28.5,1,15,2,308
28.5,1,15,3,309
28.5,1,15,4,311
28.5,1,15,5,312
28.5,1,15,6,313
28.5,1,15,7,315
28.5,1,15,8,316
28.5,1,15,9,318
28.5,1,15,10,319
28.5,1,15,11,321
28.5,1,15,12,322
28.5,1,15,13,323
28.5,1,15,14,325
28.5,1,15,15,326
28.5,2,0,0,285
28.5,2,0,1,286
28.5,2,0,2,288
28.5,2,0,3,289
28.5,2,0,4,291
28.5,2,0,5,292
28.5,2,0,6,293
28.5,2,0,7,295
28.5,2,0,8,296
28.5,2,0,9,297
28.5,2,0,10,299
28.5,2,0,11,300
28.5,2,0,12,301
28.5,2,0,13,303
28.5,2,0,14,304
28.5,2,0,15,305
28.5,2,1,0,287
28.5,2,1,1,288
28.5,2,1,2,289
28.5,2,1,3,291
28.5,2,1,4,292
28.5,2,1,5,294
28.5,2,1,6,295
28.5,2,1,7,296
28.5,2,1,8,298
28.5,2,1,9,299
28.5,2,1,10,300
28.5,2,1,11,302
28.5,2,1,12,303
28.5,2,1,13,304
28.5,2,1,14,306
28.5,2,1,15,307
28.5,2,2,0,288
28.5,2,2,1,290
28.5,2,2,2,291
28.5,2,2,3,293
28.5,2,2,4,294
28.5,2,2,5,295
28.5,2,2,6,297
28.5,2,2,7,298
28.5,2,2,8,299
28.5,2,2,9,301
28.5,2,2,10,302
28.5,2,2,11,304
28.5,2,2,12,305
28.5,2,2,13,306
28.5,2,2,14,308
28.5,2,2,15,309
28.5,2,3,0,290
28.5,2,3,1,291
28.5,2,3,2,293
28.5,2,3,3,294
28.5,2,3,4,296
28.5,2,3,5,297
28.5,2,3,6,299
28.5,2,3,7,300
28.5,2,3,8,301
28.5,2,3,9,303
28.5,2,3,10,304
28.5,2,3,11,305
28.5,2,3,12,307
28.5,2,3,13,308
28.5,2,3,14,309
28.5,2,3,15,311
28.5,2,4,0,292
28.5,2,4,1,293
28.5,2,4,2,295
28.5,2,4,3,296
28.5,2,4,4,297
28.5,2,4,5,299
28.5,2,4,6,300
28.5,2,4,7,302
28.5,2,4,8,303
28.5,2,4,9,304
28.5,2,4,10,306
28.5,2,4,11,307
28.5,2,4,12,308
28.5,2,4,13,310
28.5,2,4,14,311
28.5,2,4,15,313
28.5,2,5,0,293
28.5,2,5,1,295
28.5,2,5,2,296
28.5,2,5,3,298
28.5,2,5,4,299
28.5,2,5,5,301
28.5,2,5,6,302
28.5,2,5,7,303
28.5,2,5,8,305
28.5,2,5,9,306
28.5,2,5,10,308
28.5,2,5,11,309
28.5,2,5,12,310
28.5,2,5,13,312
28.5,2,5,14,313
28.5,2,5,15,314
28.5,2,6,0,295
28.5,2,6,1,297
28.5,2,6,2,298
28.5,2,6,3,299
28.5,2,6,4,301
28.5,2,6,5,302
28.5,2,6,6,304
28.5,2,6,7,305
28.5,2,6,8,306
28.5,2,6,9,308
28.5,2,6,10,309
28.5,2,6,11,311
28.5,2,6,12,312
28.5,2,6,13,313
28.5,2,6,14,315
28.5,2,6,15,316
28.5,2,7,0,297
28.5,2,7,1,298
28.5,2,7,2,300
28.5,2,7,3,301
28.5,2,7,4,303
28.5,2,7,5,304
28.5,2,7,6,305
28.5,2,7,7,307
28.5,2,7,8,308
28.5,2,7,9,310
28.5,2,7,10,311
28.5,2,7,11,312
28.5,2,7,12,314
28.5,2,7,13,315
28.5,2,7,14,317
28.5,2,7,15,318
28.5,2,8,0,298
28.5,2,8,1,300
28.5,2,8,2,301
28.5,2,8,3,303
28.5,2,8,4,304
28.5,2,8,5,306
28.5,2,8,6,307
28.5,2,8,7,308
28.5,2,8,8,310
28.5,2,8,9,311
28.5,2,8,10,313
28.5,2,8,11,314
28.5,2,8,12,316
28.5,2,8,13,317
28.5,2,8,14,318
28.5,2,8,15,320
28.5,2,9,0,300
28.5,2,9,1,302
28.5,2,9,2,303
28.5,2,9,3,304
28.5,2,9,4,306
28.5,2,9,5,307
28.5,2,9,6,309
28.5,2,9,7,310
28.5,2,9,8,312
28.5,2,9,9,313
28.5,2,9,10,314
28.5,2,9,11,316
28.5,2,9,12,317
28.5,2,9,13,319
28.5,2,9,14,320
28.5,2,9,15,321
28.5,2,10,0,302
28.5,2,10,1,303
28.5,2,10,2,305
28.5,2,10,3,306
28.5,2,10,4,308
28.5,2,10,5,309
28.5,2,10,6,310
28.5,2,10,7,312
28.5,2,10,8,313
28.5,2,10,9,315
28.5,2,10,10,316
28.5,2,10,11,318
28.5,2,10,12,319
28.5,2,10,13,320
28.5,2,10,14,322
28.5,2,10,15,323
28.5,2,11,0,303
28.5,2,11,1,305
28.5,2,11,2,306
28.5,2,11,3,308
28.5,2,11,4,309
28.5,2,11,5,311
28.5,2,11,6,312
28.5,2,11,7,314
28.5,2,11,8,315
28.5,2,11,9,316
28.5,2,11,10,318
28.5,2,11,11,319
28.5,2,11,12,321
28.5,2,11,13,322
28.5,2,11,14,323
28.5,2,11,15,325
28.5,2,12,0,305
28.5,2,12,1,306
28.5,2,12,2,308
28.5,2,12,3,309
28.5,2,12,4,311
28.5,2,12,5,312
28.5,2,12,6,314
28.5,2,12,7,315
28.5,2,12,8,317
28.5,2,12,9,318
28.5,2,12,10,320
28.5,2,12,11,321
28.5,2,12,12,322
28.5,2,12,13,324
28.5,2,12,14,325
28.5,2,12,15,327
28.5,2,13,0,307
28.5,2,13,1,308
28.5,2,13,2,310
28.5,2,13,3,311
28.5,2,13,4,312
28.5,2,13,5,314
28.5,2,13,6,315
28.5,2,13,7,317
28.5,2,13,8,318
28.5,2,13,9,320
28.5,2,13,10,321
28.5,2,13,11,323
28.5,2,13,12,324
28.5,2,13,13,325
28.5,2,13,14,327
28.5,2,13,15,328
28.5,2,14,0,308
28.5,2,14,1,310
28.5,2,14,2,311
28.5,2,14,3,313
28.5,2,14,4,314
28.5,2,14,5,316
28.5,2,14,6,317
28.5,2,14,7,319
28.5,2,14,8,320
28.5,2,14,9,321
28.5,2,14,10,323
28.5,2,14,11,324
28.5,2,14,12,326
28.5,2,14,13,327
28.5,2,14,14,329
28.5,2,14,15,330
28.5,2,15,0,310
28.5,2,15,1,311
28.5,2,15,2,313
28.5,2,15,3,314
28.5,2,15,4,316
28.5,2,15,5,317
28.5,2,15,6,319
28.5,2,15,7,320
28.5,2,15,8,322
28.5,2,15,9,323
28.5,2,15,10,325
28.5,2,15,11,326
28.5,2,15,12,327
28.5,2,15,13,329
28.5,2,15,14,330
28.5,2,15,15,332
28.5,3,0,0,290
28.5,3,0,1,291
28.5,3,0,2,292
28.5,3,0,3,294
28.5,3,0,4,295
28.5,3,0,5,297
28.5,3,0,6,298
28.5,3,0,7,299
28.5,3,0,8,301
28.5,3,0,9,302
28.5,3,0,10,304
28.5,3,0,11,305
28.5,3,0,12,306
28.5,3,0,13,308
28.5,3,0,14,309
28.5,3,0,15,310
28.5,3,1,0,291
28.5,3,1,1,293
28.5,3,1,2,294
28.5,3,1,3,296
28.5,3,1,4,297
28.5,3,1,5,298
28.5,3,1,6,300
28.5,3,1,7,301
28.5,3,1,8,303
28.5,3,1,9,304
28.5,3,1,10,305
28.5,3,1,11,307
28.5,3,1,12,308
28.5,3,1,13,309
28.5,3,1,14,311
28.5,3,1,15,312
28.5,3,2,0,293
28.5,3,2,1,295
28.5,3,2,2,296
28.5,3,2,3,297
28.5,3,2,4,299
28.5,3,2,5,300
28.5,3,2,6,302
28.5,3,2,7,303
28.5,3,2,8,304
28.5,3,2,9,306
28.5,3,2,10,307
28.5,3,2,11,309
28.5,3,2,12,310
28.5,3,2,13,311
28.5,3,2,14,313
28.5,3,2,15,314
28.5,3,3,0,295
28.5,3,3,1,296
28.5,3,3,2,298
28.5,3,3,3,299
28.5,3,3,4,301
28.5,3,3,5,302
28.5,3,3,6,303
28.5,3,3,7,305
28.5,3,3,8,306
28.5,3,3,9,308
28.5,3,3,10,309
28.5,3,3,11,310
28.5,3,3,12,312
28.5,3,3,13,313
28.5,3,3,14,314
28.5,3,3,15,316
28.5,3,4,0,297
28.5,3,4,1,298
28.5,3,4,2,299
28.5,3,4,3,301
28.5,3,4,4,302
28.5,3,4,5,304
28.5,3,4,6,305
28.5,3,4,7,307
28.5,3,4,8,308
28.5,3,4,9,309
28.5,3,4,10,311
28.5,3,4,11,312
28.5,3,4,12,314
28.5,3,4,13,315
28.5,3,4,14,316
28.5,3,4,15,318
28.5,3,5,0,298
28.5,3,5,1,300
28.5,3,5,2,301
28.5,3,5,3,303
28.5,3,5,4,304
28.5,3,5,5,305
28.5,3,5,6,307
28.5,3,5,7,308
28.5,3,5,8,310
28.5,3,5,9,311
28.5,3,5,10,313
28.5,3,5,11,314
28.5,3,5,12,315
28.5,3,5,13,317
28.5,3,5,14,318
28.5,3,5,15,319
28.5,3,6,0,300
28.5,3,6,1,301
28.5,3,6,2,303
28.5,3,6,3,304
28.5,3,6,4,306
28.5,3,6,5,307
28.5,3,6,6,309
28.5,3,6,7,310
28.5,3,6,8,312
28.5,3,6,9,313
28.5,3,6,10,314
28.5,3,6,11,316
28.5,3,6,12,317
28.5,3,6,13,319
28.5,3,6,14,320
28.5,3,6,15,321
28.5,3,7,0,302
28.5,3,7,1,303
28.5,3,7,2,305
28.5,3,7,3,306
28.5,3,7,4,308
28.5,3,7,5,309
28.5,3,7,6,310
28.5,3,7,7,312
28.5,3,7,8,313
28.5,3,7,9,315
28.5,3,7,10,316
28.5,3,7,11,318
28.5,3,7,12,319
28.5,3,7,13,320
28.5,3,7,14,322
28.5,3,7,15,323
28.5,3,8,0,303
28.5,3,8,1,305
28.5,3,8,2,306
28.5,3,8,3,308
28.5,3,8,4,309
28.5,3,8,5,311
28.5,3,8,6,312
28.5,3,8,7,314
28.5,3,8,8,315
28.5,3,8,9,316
28.5,3,8,10,318
28.5,3,8,11,319
28.5,3,8,12,321
28.5,3,8,13,322
28.5,3,8,14,323
28.5,3,8,15,325
28.5,3,9,0,305
28.5,3,9,1,306
28.5,3,9,2,308
28.5,3,9,3,309
28.5,3,9,4,311
28.5,3,9,5,312
28.5,3,9,6,314
28.5,3,9,7,315
28.5,3,9,8,317
28.5,3,9,9,318
28.5,3,9,10,320
28.5,3,9,11,321
28.5,3,9,12,322
28.5,3,9,13,324
28.5,3,9,14,325
28.5,3,9,15,327
28.5,3,10,0,307
28.5,3,10,1,308
28.5,3,10,2,310
28.5,3,10,3,311
28.5,3,10,4,313
28.5,3,10,5,314
28.5,3,10,6,316
28.5,3,10,7,317
28.5,3,10,8,318
28.5,3,10,9,320
28.5,3,10,10,321
28.5,3,10,11,323
28.5,3,10,12,324
28.5,3,10,13,326
28.5,3,10,14,327
28.5,3,10,15,328
28.5,3,11,0,308
28.5,3,11,1,310
28.5,3,11,2,311
28.5,3,11,3,313
28.5,3,11,4,314
28.5,3,11,5,316
28.5,3,11,6,317
28.5,3,11,7,319
28.5,3,11,8,320
28.5,3,11,9,322
28.5,3,11,10,323
28.5,3,11,11,324
28.5,3,11,12,326
28.5,3,11,13,327
28.5,3,11,14,329
28.5,3,11,15,330
28.5,3,12,0,310
28.5,3,12,1,311
28.5,3,12,2,313
28.5,3,12,3,314
28.5,3,12,4,316
28.5,3,12,5,317
28.5,3,12,6,319
28.5,3,12,7,320
28.5,3,12,8,322
28.5,3,12,9,323
28.5,3,12,10,325
28.5,3,12,11,326
28.5,3,12,12,328
28.5,3,12,13,329
28.5,3,12,14,331
28.5,3,12,15,332
28.5,3,13,0,312
28.5,3,13,1,313
28.5,3,13,2,315
28.5,3,13,3,316
28.5,3,13,4,318
28.5,3,13,5,319
28.5,3,13,6,321
28.5,3,13,7,322
28.5,3,13,8,324
28.5,3,13,9,325
28.5,3,13,10,326
28.5,3,13,11,328
28.5,3,13,12,329
28.5,3,13,13,331
28.5,3,13,14,332
28.5,3,13,15,334
28.5,3,14,0,313
28.5,3,14,1,315
28.5,3,14,2,316
28.5,3,14,3,318
28.5,3,14,4,319
28.5,3,14,5,321
28.5,3,14,6,322
28.5,3,14,7,324
28.5,3,14,8,325
28.5,3,14,9,327
28.5,3,14,10,328
28.5,3,14,11,330
28.5,3,14,12,331
28.5,3,14,13,333
28.5,3,14,14,334
28.5,3,14,15,335
28.5,3,15,0,315
28.5,3,15,1,316
28.5,3,15,2,318
28.5,3,15,3,319
28.5,3,15,4,321
28.5,3,15,5,322
28.5,3,15,6,324
28.5,3,15,7,325
28.5,3,15,8,327
28.5,3,15,9,328
28.5,3,15,10,330
28.5,3,15,11,331
28.5,3,15,12,333
28.5,3,15,13,334
28.5,3,15,14,336
28.5,3,15,15,337
28.5,4,0,0,294
28.5,4,0,1,296
28.5,4,0,2,297
28.5,4,0,3,299
28.5,4,0,4,300
28.5,4,0,5,301
28.5,4,0,6,303
28.5,4,0,7,304
28.5,4,0,8,306
28.5,4,0,9,307
28.5,4,0,10,308
28.5,4,0,11,310
28.5,4,0,12,311
28.5,4,0,13,313
28.5,4,0,14,314
28.5,4,0,15,315
28.5,4,1,0,296
28.5,4,1,1,298
28.5,4,1,2,299
28.5,4,1,3,300
28.5,4,1,4,302
28.5,4,1,5,303
28.5,4,1,6,305
28.5,4,1,7,306
28.5,4,1,8,308
28.5,4,1,9,309
28.5,4,1,10,310
28.5,4,1,11,312
28.5,4,1,12,313
28.5,4,1,13,314
28.5,4,1,14,316
28.5,4,1,15,317
28.5,4,2,0,298
28.5,4,2,1,299
28.5,4,2,2,301
28.5,4,2,3,302
28.5,4,2,4,304
28.5,4,2,5,305
28.5,4,2,6,307
28.5,4,2,7,308
28.5,4,2,8,309
28.5,4,2,9,311
28.5,4,2,10,312
28.5,4,2,11,314
28.5,4,2,12,315
28.5,4,2,13,316
28.5,4,2,14,318
28.5,4,2,15,319
28.5,4,3,0,300
28.5,4,3,1,301
28.5,4,3,2,303
28.5,4,3,3,304
28.5,4,3,4,305
28.5,4,3,5,307
28.5,4,3,6,308
28.5,4,3,7,310
28.5,4,3,8,311
28.5,4,3,9,313
28.5,4,3,10,314
28.5,4,3,11,315
28.5,4,3,12,317
28.5,4,3,13,318
28.5,4,3,14,320
28.5,4,3,15,321
28.5,4,4,0,301
28.5,4,4,1,303
28.5,4,4,2,304
28.5,4,4,3,306
28.5,4,4,4,307
28.5,4,4,5,309
28.5,4,4,6,310
28.5,4,4,7,312
28.5,4,4,8,313
28.5,4,4,9,314
28.5,4,4,10,316
28.5,4,4,11,317
28.5,4,4,12,319
28.5,4,4,13,320
28.5,4,4,14,321
28.5,4,4,15,323
28.5,4,5,0,303
28.5,4,5,1,305
28.5,4,5,2,306
28.5,4,5,3,308
28.5,4,5,4,309
28.5,4,5,5,310
28.5,4,5,6,312
28.5,4,5,7,313
28.5,4,5,8,315
28.5,4,5,9,316
28.5,4,5,10,318
28.5,4,5,11,319
28.5,4,5,12,320
28.5,4,5,13,322
28.5,4,5,14,323
28.5,4,5,15,325
28.5,4,6,0,305
28.5,4,6,1,306
28.5,4,6,2,308
28.5,4,6,3,309
28.5,4,6,4,311
28.5,4,6,5,312
28.5,4,6,6,314
28.5,4,6,7,315
28.5,4,6,8,317
28.5,4,6,9,318
28.5,4,6,10,319
28.5,4,6,11,321
28.5,4,6,12,322
28.5,4,6,13,324
28.5,4,6,14,325
28.5,4,6,15,326
28.5,4,7,0,307
28.5,4,7,1,308
28.5,4,7,2,310
28.5,4,7,3,311
28.5,4,7,4,312
28.5,4,7,5,314
28.5,4,7,6,315
28.5,4,7,7,317
28.5,4,7,8,318
28.5,4,7,9,320
28.5,4,7,10,321
28.5,4,7,11,323
28.5,4,7,12,324
28.5,4,7,13,325
28.5,4,7,14,327
28.5,4,7,15,328
28.5,4,8,0,308
28.5,4,8,1,310
28.5,4,8,2,311
28.5,4,8,3,313
28.5,4,8,4,314
28.5,4,8,5,316
28.5,4,8,6,317
28.5,4,8,7,319
28.5,4,8,8,320
28.5,4,8,9,322
28.5,4,8,10,323
28.5,4,8,11,324
28.5,4,8,12,326
28.5,4,8,13,327
28.5,4,8,14,329
28.5,4,8,15,330
28.5,4,9,0,310
28.5,4,9,1,311
28.5,4,9,2,313
28.5,4,9,3,314
28.5,4,9,4,316
28.5,4,9,5,317
28.5,4,9,6,319
28.5,4,9,7,320
28.5,4,9,8,322
28.5,4,9,9,323
28.5,4,9,10,325
28.5,4,9,11,326
28.5,4,9,12,328
28.5,4,9,13,329
28.5,4,9,14,331
28.5,4,9,15,332
28.5,4,10,0,312
28.5,4,10,1,313
28.5,4,10,2,315
28.5,4,10,3,316
28.5,4,10,4,318
28.5,4,10,5,319
28.5,4,10,6,321
28.5,4,10,7,322
28.5,4,10,8,324
28.5,4,10,9,325
28.5,4,10,10,327
28.5,4,10,11,328
28.5,4,10,12,329
28.5,4,10,13,331
28.5,4,10,14,332
28.5,4,10,15,334
28.5,4,11,0,313
28.5,4,11,1,315
28.5,4,11,2,316
28.5,4,11,3,318
28.5,4,11,4,319
28.5,4,11,5,321
28.5,4,11,6,322
28.5,4,11,7,324
28.5,4,11,8,325
28.5,4,11,9,327
28.5,4,11,10,328
28.5,4,11,11,330
28.5,4,11,12,331
28.5,4,11,13,333
28.5,4,11,14,334
28.5,4,11,15,336
28.5,4,12,0,315
28.5,4,12,1,316
28.5,4,12,2,318
28.5,4,12,3,320
28.5,4,12,4,321
28.5,4,12,5,323
28.5,4,12,6,324
28.5,4,12,7,326
28.5,4,12,8,327
28.5,4,12,9,329
28.5,4,12,10,330
28.5,4,12,11,331
28.5,4,12,12,333
28.5,4,12,13,334
28.5,4,12,14,336
28.5,4,12,15,337
28.5,4,13,0,317
28.5,4,13,1,318
28.5,4,13,2,320
28.5,4,13,3,321
28.5,4,13,4,323
28.5,4,13,5,324
28.5,4,13,6,326
28.5,4,13,7,327
28.5,4,13,8,329
28.5,4,13,9,330
28.5,4,13,10,332
28.5,4,13,11,333
28.5,4,13,12,335
28.5,4,13,13,336
28.5,4,13,14,338
28.5,4,13,15,339
28.5,4,14,0,318
28.5,4,14,1,320
28.5,4,14,2,321
28.5,4,14,3,323
28.5,4,14,4,324
28.5,4,14,5,326
28.5,4,14,6,327
28.5,4,14,7,329
28.5,4,14,8,330
28.5,4,14,9,332
28.5,4,14,10,333
28.5,4,14,11,335
28.5,4,14,12,336
28.5,4,14,13,338
28.5,4,14,14,339
28.5,4,14,15,341
28.5,4,15,0,320
28.5,4,15,1,321
28.5,4,15,2,323
28.5,4,15,3,325
28.5,4,15,4,326
28.5,4,15,5,328
28.5,4,15,6,329
28.5,4,15,7,331
28.5,4,15,8,332
28.5,4,15,9,334
28.5,4,15,10,335
28.5,4,15,11,337
28.5,4,15,12,338
28.5,4,15,13,340
28.5,4,15,14,341
28.5,4,15,15,343
28.5,5,0,0,299
28.5,5,0,1,300
28.5,5,0,2,302
28.5,5,0,3,303
28.5,5,0,4,305
28.5,5,0,5,306
28.5,5,0,6,308
28.5,5,0,7,309
28.5,5,0,8,311
28.5,5,0,9,312
28.5,5,0,10,313
28.5,5,0,11,315
28.5,5,0,12,316
28.5,5,0,13,318
28.5,5,0,14,319
28.5,5,0,15,320
28.5,5,1,0,301
28.5,5,1,1,302
28.5,5,1,2,304
28.5,5,1,3,305
28.5,5,1,4,307
28.5,5,1,5,308
28.5,5,1,6,310
28.5,5,1,7,311
28.5,5,1,8,312
28.5,5,1,9,314
28.5,5,1,10,315
28.5,5,1,11,317
28.5,5,1,12,318
28.5,5,1,13,319
28.5,5,1,14,321
28.5,5,1,15,322
28.5,5,2,0,303
28.5,5,2,1,304
28.5,5,2,2,306
28.5,5,2,3,307
28.5,5,2,4,308
28.5,5,2,5,310
28.5,5,2,6,311
28.5,5,2,7,313
28.5,5,2,8,314
28.5,5,2,9,316
28.5,5,2,10,317
28.5,5,2,11,319
28.5,5,2,12,320
28.5,5,2,13,321
28.5,5,2,14,323
28.5,5,2,15,324
28.5,5,3,0,304
28.5,5,3,1,306
28.5,5,3,2,307
28.5,5,3,3,309
28.5,5,3,4,310
28.5,5,3,5,312
28.5,5,3,6,313
28.5,5,3,7,315
28.5,5,3,8,316
28.5,5,3,9,318
28.5,5,3,10,319
28.5,5,3,11,320
28.5,5,3,12,322
28.5,5,3,13,323
28.5,5,3,14,325
28.5,5,3,15,326
28.5,5,4,0,306
28.5,5,4,1,308
28.5,5,4,2,309
28.5,5,4,3,311
28.5,5,4,4,312
28.5,5,4,5,314
28.5,5,4,6,315
28.5,5,4,7,316
28.5,5,4,8,318
28.5,5,4,9,319
28.5,5,4,10,321
28.5,5,4,11,322
28.5,5,4,12,324
28.5,5,4,13,325
28.5,5,4,14,327
28.5,5,4,15,328
28.5,5,5,0,308
28.5,5,5,1,309
28.5,5,5,2,311
28.5,5,5,3,312
28.5,5,5,4,314
28.5,5,5,5,315
28.5,5,5,6,317
28.5,5,5,7,318
28.5,5,5,8,320
28.5,5,5,9,321
28.5,5,5,10,323
28.5,5,5,11,324
28.5,5,5,12,326
28.5,5,5,13,327
28.5,5,5,14,328
28.5,5,5,15,330
28.5,5,6,0,310
28.5,5,6,1,311
28.5,5,6,2,313
28.5,5,6,3,314
28.5,5,6,4,316
28.5,5,6,5,317
28.5,5,6,6,319
28.5,5,6,7,320
28.5,5,6,8,322
28.5,5,6,9,323
28.5,5,6,10,324
28.5,5,6,11,326
28.5,5,6,12,327
28.5,5,6,13,329
28.5,5,6,14,330
28.5,5,6,15,332
28.5,5,7,0,311
28.5,5,7,1,313
28.5,5,7,2,314
28.5,5,7,3,316
28.5,5,7,4,317
28.5,5,7,5,319
28.5,5,7,6,320
28.5,5,7,7,322
28.5,5,7,8,323
28.5,5,7,9,325
28.5,5,7,10,326
28.5,5,7,11,328
28.5,5,7,12,329
28.5,5,7,13,331
28.5,5,7,14,332
28.5,5,7,15,334
28.5,5,8,0,313
28.5,5,8,1,315
28.5,5,8,2,316
28.5,5,8,3,318
28.5,5,8,4,319
28.5,5,8,5,321
28.5,5,8,6,322
28.5,5,8,7,324
28.5,5,8,8,325
28.5,5,8,9,327
28.5,5,8,10,328
28.5,5,8,11,330
28.5,5,8,12,331
28.5,5,8,13,332
28.5,5,8,14,334
28.5,5,8,15,335
28.5,5,9,0,315
28.5,5,9,1,316
28.5,5,9,2,318
28.5,5,9,3,319
28.5,5,9,4,321
28.5,5,9,5,322
28.5,5,9,6,324
28.5,5,9,7,325
28.5,5,9,8,327
28.5,5,9,9,328
28.5,5,9,10,330
28.5,5,9,11,331
28.5,5,9,12,333
28.5,5,9,13,334
28.5,5,9,14,336
28.5,5,9,15,337
28.5,5,10,0,317
28.5,5,10,1,318
28.5,5,10,2,320
28.5,5,10,3,321
28.5,5,10,4,323
28.5,5,10,5,324
28.5,5,10,6,326
28.5,5,10,7,327
28.5,5,10,8,329
28.5,5,10,9,330
28.5,5,10,10,332
28.5,5,10,11,333
28.5,5,10,12,335
28.5,5,10,13,336
28.5,5,10,14,338
28.5,5,10,15,339
28.5,5,11,0,318
28.5,5,11,1,320
28.5,5,11,2,321
28.5,5,11,3,323
28.5,5,11,4,324
28.5,5,11,5,326
28.5,5,11,6,327
28.5,5,11,7,329
28.5,5,11,8,330
28.5,5,11,9,332
28.5,5,11,10,333
28.5,5,11,11,335
28.5,5,11,12,336
28.5,5,11,13,338
28.5,5,11,14,339
28.5,5,11,15,341
28.5,5,12,0,320
28.5,5,12,1,321
28.5,5,12,2,323
28.5,5,12,3,325
28.5,5,12,4,326
28.5,5,12,5,328
28.5,5,12,6,329
28.5,5,12,7,331
28.5,5,12,8,332
28.5,5,12,9,334
28.5,5,12,10,335
28.5,5,12,11,337
28.5,5,12,12,338
28.5,5,12,13,340
28.5,5,12,14,341
28.5,5,12,15,343
28.5,5,13,0,322
28.5,5,13,1,323
28.5,5,13,2,325
28.5,5,13,3,326
28.5,5,13,4,328
28.5,5,13,5,329
28.5,5,13,6,331
28.5,5,13,7,332
28.5,5,13,8,334
28.5,5,13,9,336
28.5,5,13,10,337
28.5,5,13,11,339
28.5,5,13,12,340
28.5,5,13,13,342
28.5,5,13,14,343
28.5,5,13,15,344
28.5,5,14,0,323
28.5,5,14,1,325
28.5,5,14,2,326
28.5,5,14,3,328
28.5,5,14,4,330
28.5,5,14,5,331
28.5,5,14,6,333
28.5,5,14,7,334
28.5,5,14,8,336
28.5,5,14,9,337
28.5,5,14,10,339
28.5,5,14,11,340
28.5,5,14,12,342
28.5,5,14,13,343
28.5,5,14,14,345
28.5,5,14,15,346
28.5,5,15,0,325
28.5,5,15,1,327
28.5,5,15,2,328
28.5,5,15,3,330
28.5,5,15,4,331
28.5,5,15,5,333
28.5,5,15,6,334
28.5,5,15,7,336
28.5,5,15,8,337
28.5,5,15,9,339
28.5,5,15,10,341
28.5,5,15,11,342
28.5,5,15,12,344
28.5,5,15,13,345
28.5,5,15,14,347
28.5,5,15,15,348
28.5,6,0,0,304
28.5,6,0,1,305
28.5,6,0,2,307
28.5,6,0,3,308
28.5,6,0,4,310
28.5,6,0,5,311
28.5,6,0,6,313
28.5,6,0,7,314
28.5,6,0,8,315
28.5,6,0,9,317
28.5,6,0,10,318
28.5,6,0,11,320
28.5,6,0,12,321
28.5,6,0,13,322
28.5,6,0,14,324
28.5,6,0,15,325
28.5,6,1,0,306
28.5,6,1,1,307
28.5,6,1,2,308
28.5,6,1,3,310
28.5,6,1,4,311
28.5,6,1,5,313
28.5,6,1,6,314
28.5,6,1,7,316
28.5,6,1,8,317
28.5,6,1,9,319
28.5,6,1,10,320
28.5,6,1,11,322
28.5,6,1,12,323
28.5,6,1,13,324
28.5,6,1,14,326
28.5,6,1,15,327
28.5,6,2,0,307
28.5,6,2,1,309
28.5,6,2,2,310
28.5,6,2,3,312
28.5,6,2,4,313
28.5,6,2,5,315
28.5,6,2,6,316
28.5,6,2,7,318
28.5,6,2,8,319
28.5,6,2,9,321
28.5,6,2,10,322
28.5,6,2,11,324
28.5,6,2,12,325
28.5,6,2,13,326
28.5,6,2,14,328
28.5,6,2,15,329
28.5,6,3,0,309
28.5,6,3,1,311
28.5,6,3,2,312
28.5,6,3,3,314
28.5,6,3,4,315
28.5,6,3,5,317
28.5,6,3,6,318
28.5,6,3,7,320
28.5,6,3,8,321
28.5,6,3,9,323
28.5,6,3,10,324
28.5,6,3,11,325
28.5,6,3,12,327
28.5,6,3,13,328
28.5,6,3,14,330
28.5,6,3,15,331
28.5,6,4,0,311
28.5,6,4,1,312
28.5,6,4,2,314
28.5,6,4,3,315
28.5,6,4,4,317
28.5,6,4,5,318
28.5,6,4,6,320
28.5,6,4,7,321
28.5,6,4,8,323
28.5,6,4,9,324
28.5,6,4,10,326
28.5,6,4,11,327
28.5,6,4,12,329
28.5,6,4,13,330
28.5,6,4,14,332
28.5,6,4,15,333
28.5,6,5,0,313
28.5,6,5,1,314
28.5,6,5,2,316
28.5,6,5,3,317
28.5,6,5,4,319
28.5,6,5,5,320
28.5,6,5,6,322
28.5,6,5,7,323
28.5,6,5,8,325
28.5,6,5,9,326
28.5,6,5,10,328
28.5,6,5,11,329
28.5,6,5,12,331
28.5,6,5,13,332
28.5,6,5,14,334
28.5,6,5,15,335
28.5,6,6,0,314
28.5,6,6,1,316
28.5,6,6,2,318
28.5,6,6,3,319
28.5,6,6,4,321
28.5,6,6,5,322
28.5,6,6,6,324
28.5,6,6,7,325
28.5,6,6,8,327
28.5,6,6,9,328
28.5,6,6,10,330
28.5,6,6,11,331
28.5,6,6,12,333
28.5,6,6,13,334
28.5,6,6,14,335
28.5,6,6,15,337
28.5,6,7,0,316
28.5,6,7,1,318
28.5,6,7,2,319
28.5,6,7,3,321
28.5,6,7,4,322
28.5,6,7,5,324
28.5,6,7,6,325
28.5,6,7,7,327
28.5,6,7,8,328
28.5,6,7,9,330
28.5,6,7,10,331
28.5,6,7,11,333
28.5,6,7,12,334
28.5,6,7,13,336
28.5,6,7,14,337
28.5,6,7,15,339
28.5,6,8,0,318
28.5,6,8,1,320
28.5,6,8,2,321
28.5,6,8,3,323
28.5,6,8,4,324
28.5,6,8,5,326
28.5,6,8,6,327
28.5,6,8,7,329
28.5,6,8,8,330
28.5,6,8,9,332
28.5,6,8,10,333
28.5,6,8,11,335
28.5,6,8,12,336
28.5,6,8,13,338
28.5,6,8,14,339
28.5,6,8,15,341
28.5,6,9,0,320
28.5,6,9,1,321
28.5,6,9,2,323
28.5,6,9,3,324
28.5,6,9,4,326
28.5,6,9,5,328
28.5,6,9,6,329
28.5,6,9,7,331
28.5,6,9,8,332
28.5,6,9,9,334
28.5,6,9,10,335
28.5,6,9,11,337
28.5,6,9,12,338
28.5,6,9,13,340
28.5,6,9,14,341
28.5,6,9,15,342
28.5,6,10,0,321
28.5,6,10,1,323
28.5,6,10,2,325
28.5,6,10,3,326
28.5,6,10,4,328
28.5,6,10,5,329
28.5,6,10,6,331
28.5,6,10,7,332
28.5,6,10,8,334
28.5,6,10,9,335
28.5,6,10,10,337
28.5,6,10,11,338
28.5,6,10,12,340
28.5,6,10,13,341
28.5,6,10,14,343
28.5,6,10,15,344
28.5,6,11,0,323
28.5,6,11,1,325
28.5,6,11,2,326
28.5,6,11,3,328
28.5,6,11,4,330
28.5,6,11,5,331
28.5,6,11,6,333
28.5,6,11,7,334
28.5,6,11,8,336
28.5,6,11,9,337
28.5,6,11,10,339
28.5,6,11,11,340
28.5,6,11,12,342
28.5,6,11,13,343
28.5,6,11,14,345
28.5,6,11,15,346
28.5,6,12,0,325
28.5,6,12,1,327
28.5,6,12,2,328
28.5,6,12,3,330
28.5,6,12,4,331
28.5,6,12,5,333
28.5,6,12,6,334
28.5,6,12,7,336
28.5,6,12,8,337
28.5,6,12,9,339
28.5,6,12,10,341
28.5,6,12,11,342
28.5,6,12,12,344
28.5,6,12,13,345
28.5,6,12,14,347
28.5,6,12,15,348
28.5,6,13,0,327
28.5,6,13,1,328
28.5,6,13,2,330
28.5,6,13,3,331
28.5,6,13,4,333
28.5,6,13,5,335
28.5,6,13,6,336
28.5,6,13,7,338
28.5,6,13,8,339
28.5,6,13,9,341
28.5,6,13,10,342
28.5,6,13,11,344
28.5,6,13,12,345
28.5,6,13,13,347
28.5,6,13,14,348
28.5,6,13,15,350
28.5,6,14,0,328
28.5,6,14,1,330
28.5,6,14,2,332
28.5,6,14,3,333
28.5,6,14,4,335
28.5,6,14,5,336
28.5,6,14,6,338
28.5,6,14,7,339
28.5,6,14,8,341
28.5,6,14,9,343
28.5,6,14,10,344
28.5,6,14,11,346
28.5,6,14,12,347
28.5,6,14,13,349
28.5,6,14,14,350
28.5,6,14,15,352
28.5,6,15,0,330
28.5,6,15,1,332
28.5,6,15,2,333
28.5,6,15,3,335
28.5,6,15,4,336
28.5,6,15,5,338
28.5,6,15,6,340
28.5,6,15,7,341
28.5,6,15,8,343
28.5,6,15,9,344
28.5,6,15,10,346
28.5,6,15,11,347
28.5,6,15,12,349
28.5,6,15,13,350
28.5,6,15,14,352
28.5,6,15,15,354
28.5,7,0,0,308
28.5,7,0,1,310
28.5,7,0,2,311
28.5,7,0,3,313
28.5,7,0,4,314
28.5,7,0,5,316
28.5,7,0,6,317
28.5,7,0,7,319
28.5,7,0,8,320
28.5,7,0,9,322
28.5,7,0,10,323
28.5,7,0,11,325
28.5,7,0,12,326
28.5,7,0,13,327
28.5,7,0,14,329
28.5,7,0,15,330
28.5,7,1,0,310
28.5,7,1,1,312
28.5,7,1,2,313
28.5,7,1,3,315
28.5,7,1,4,316
28.5,7,1,5,318
28.5,7,1,6,319
28.5,7,1,7,321
28.5,7,1,8,322
28.5,7,1,9,324
28.5,7,1,10,325
28.5,7,1,11,327
28.5,7,1,12,328
28.5,7,1,13,329
28.5,7,1,14,331
28.5,7,1,15,332
28.5,7,2,0,312
28.5,7,2,1,314
28.5,7,2,2,315
28.5,7,2,3,317
28.5,7,2,4,318
28.5,7,2,5,320
28.5,7,2,6,321
28.5,7,2,7,323
28.5,7,2,8,324
28.5,7,2,9,326
28.5,7,2,10,327
28.5,7,2,11,328
28.5,7,2,12,330
28.5,7,2,13,331
28.5,7,2,14,333
28.5,7,2,15,334
28.5,7,3,0,314
28.5,7,3,1,315
28.5,7,3,2,317
28.5,7,3,3,318
28.5,7,3,4,320
28.5,7,3,5,322
28.5,7,3,6,323
28.5,7,3,7,325
28.5,7,3,8,326
28.5,7,3,9,327
28.5,7,3,10,329
28.5,7,3,11,330
28.5,7,3,12,332
28.5,7,3,13,333
28.5,7,3,14,335
28.5,7,3,15,336
28.5,7,4,0,316
28.5,7,4,1,317
28.5,7,4,2,319
28.5,7,4,3,320
28.5,7,4,4,322
28.5,7,4,5,323
28.5,7,4,6,325
28.5,7,4,7,326
28.5,7,4,8,328
28.5,7,4,9,329
28.5,7,4,10,331
28.5,7,4,11,332
28.5,7,4,12,334
28.5,7,4,13,335
28.5,7,4,14,337
28.5,7,4,15,338
28.5,7,5,0,318
28.5,7,5,1,319
28.5,7,5,2,321
28.5,7,5,3,322
28.5,7,5,4,324
28.5,7,5,5,325
28.5,7,5,6,327
28.5,7,5,7,328
28.5,7,5,8,330
28.5,7,5,9,331
28.5,7,5,10,333
28.5,7,5,11,334
28.5,7,5,12,336
28.5,7,5,13,337
28.5,7,5,14,339
28.5,7,5,15,340
28.5,7,6,0,319
28.5,7,6,1,321
28.5,7,6,2,322
28.5,7,6,3,324
28.5,7,6,4,326
28.5,7,6,5,327
28.5,7,6,6,329
28.5,7,6,7,330
28.5,7,6,8,332
28.5,7,6,9,333
28.5,7,6,10,335
28.5,7,6,11,336
28.5,7,6,12,338
28.5,7,6,13,339
28.5,7,6,14,341
28.5,7,6,15,342
28.5,7,7,0,321
28.5,7,7,1,323
28.5,7,7,2,324
28.5,7,7,3,326
28.5,7,7,4,327
28.5,7,7,5,329
28.5,7,7,6,330
28.5,7,7,7,332
28.5,7,7,8,334
28.5,7,7,9,335
28.5,7,7,10,337
28.5,7,7,11,338
28.5,7,7,12,340
28.5,7,7,13,341
28.5,7,7,14,342
28.5,7,7,15,344
28.5,7,8,0,323
28.5,7,8,1,324
28.5,7,8,2,326
28.5,7,8,3,328
28.5,7,8,4,329
28.5,7,8,5,331
28.5,7,8,6,332
28.5,7,8,7,334
28.5,7,8,8,335
28.5,7,8,9,337
28.5,7,8,10,338
28.5,7,8,11,340
28.5,7,8,12,341
28.5,7,8,13,343
28.5,7,8,14,344
28.5,7,8,15,346
28.5,7,9,0,325
28.5,7,9,1,326
28.5,7,9,2,328
28.5,7,9,3,329
28.5,7,9,4,331
28.5,7,9,5,333
28.5,7,9,6,334
28.5,7,9,7,336
28.5,7,9,8,337
28.5,7,9,9,339
28.5,7,9,10,340
28.5,7,9,11,342
28.5,7,9,12,343
28.5,7,9,13,345
28.5,7,9,14,346
28.5,7,9,15,348
28.5,7,10,0,326
28.5,7,10,1,328
28.5,7,10,2,330
28.5,7,10,3,331
28.5,7,10,4,333
28.5,7,10,5,334
28.5,7,10,6,336
28.5,7,10,7,337
28.5,7,10,8,339
28.5,7,10,9,341
28.5,7,10,10,342
28.5,7,10,11,344
28.5,7,10,12,345
28.5,7,10,13,347
28.5,7,10,14,348
28.5,7,10,15,350
28.5,7,11,0,328
28.5,7,11,1,330
28.5,7,11,2,331
28.5,7,11,3,333
28.5,7,11,4,335
28.5,7,11,5,336
28.5,7,11,6,338
28.5,7,11,7,339
28.5,7,11,8,341
28.5,7,11,9,342
28.5,7,11,10,344
28.5,7,11,11,345
28.5,7,11,12,347
28.5,7,11,13,349
28.5,7,11,14,350
28.5,7,11,15,352
28.5,7,12,0,330
28.5,7,12,1,332
28.5,7,12,2,333
28.5,7,12,3,335
28.5,7,12,4,336
28.5,7,12,5,338
28.5,7,12,6,340
28.5,7,12,7,341
28.5,7,12,8,343
28.5,7,12,9,344
28.5,7,12,10,346
28.5,7,12,11,347
28.5,7,12,12,349
28.5,7,12,13,350
28.5,7,12,14,352
28.5,7,12,15,353
28.5,7,13,0,332
28.5,7,13,1,333
28.5,7,13,2,335
28.5,7,13,3,337
28.5,7,13,4,338
28.5,7,13,5,340
28.5,7,13,6,341
28.5,7,13,7,343
28.5,7,13,8,344
28.5,7,13,9,346
28.5,7,13,10,348
28.5,7,13,11,349
28.5,7,13,12,351
28.5,7,13,13,352
28.5,7,13,14,354
28.5,7,13,15,355
28.5,7,14,0,333
28.5,7,14,1,335
28.5,7,14,2,337
28.5,7,14,3,338
28.5,7,14,4,340
28.5,7,14,5,341
28.5,7,14,6,343
28.5,7,14,7,345
28.5,7,14,8,346
28.5,7,14,9,348
28.5,7,14,10,349
28.5,7,14,11,351
28.5,7,14,12,352
28.5,7,14,13,354
28.5,7,14,14,356
28.5,7,14,15,357
28.5,7,15,0,335
28.5,7,15,1,337
28.5,7,15,2,338
28.5,7,15,3,340
28.5,7,15,4,342
28.5,7,15,5,343
28.5,7,15,6,345
28.5,7,15,7,346
28.5,7,15,8,348
28.5,7,15,9,350
28.5,7,15,10,351
28.5,7,15,11,353
28.5,7,15,12,354
28.5,7,15,13,356
28.5,7,15,14,357
28.5,7,15,15,359
28.5,8,0,0,313
28.5,8,0,1,315
28.5,8,0,2,316
28.5,8,0,3,318
28.5,8,0,4,319
28.5,8,0,5,321
28.5,8,0,6,322
28.5,8,0,7,324
28.5,8,0,8,325
28.5,8,0,9,327
28.5,8,0,10,328
28.5,8,0,11,330
28.5,8,0,12,331
28.5,8,0,13,332
28.5,8,0,14,334
28.5,8,0,15,335
28.5,8,1,0,315
28.5,8,1,1,316
28.5,8,1,2,318
28.5,8,1,3,320
28.5,8,1,4,321
28.5,8,1,5,323
28.5,8,1,6,324
28.5,8,1,7,326
28.5,8,1,8,327
28.5,8,1,9,329
28.5,8,1,10,330
28.5,8,1,11,332
28.5,8,1,12,333
28.5,8,1,13,334
28.5,8,1,14,336
28.5,8,1,15,337
28.5,8,2,0,317
28.5,8,2,1,318
28.5,8,2,2,320
28.5,8,2,3,321
28.5,8,2,4,323
28.5,8,2,5,324
28.5,8,2,6,326
28.5,8,2,7,328
28.5,8,2,8,329
28.5,8,2,9,331
28.5,8,2,10,332
28.5,8,2,11,333
28.5,8,2,12,335
28.5,8,2,13,336
28.5,8,2,14,338
28.5,8,2,15,339
28.5,8,3,0,319
28.5,8,3,1,320
28.5,8,3,2,322
28.5,8,3,3,323
28.5,8,3,4,325
28.5,8,3,5,326
28.5,8,3,6,328
28.5,8,3,7,329
28.5,8,3,8,331
28.5,8,3,9,332
28.5,8,3,10,334
28.5,8,3,11,335
28.5,8,3,12,337
28.5,8,3,13,338
28.5,8,3,14,340
28.5,8,3,15,341
28.5,8,4,0,321
28.5,8,4,1,322
28.5,8,4,2,324
28.5,8,4,3,325
28.5,8,4,4,327
28.5,8,4,5,328
28.5,8,4,6,330
28.5,8,4,7,331
28.5,8,4,8,333
28.5,8,4,9,334
28.5,8,4,10,336
28.5,8,4,11,337
28.5,8,4,12,339
28.5,8,4,13,340
28.5,8,4,14,342
28.5,8,4,15,343
28.5,8,5,0,322
28.5,8,5,1,324
28.5,8,5,2,326
28.5,8,5,3,327
28.5,8,5,4,329
28.5,8,5,5,330
28.5,8,5,6,332
28.5,8,5,7,333
28.5,8,5,8,335
28.5,8,5,9,336
28.5,8,5,10,338
28.5,8,5,11,339
28.5,8,5,12,341
28.5,8,5,13,342
28.5,8,5,14,344
28.5,8,5,15,345
28.5,8,6,0,324
28.5,8,6,1,326
28.5,8,6,2,327
28.5,8,6,3,329
28.5,8,6,4,330
28.5,8,6,5,332
28.5,8,6,6,334
28.5,8,6,7,335
28.5,8,6,8,337
28.5,8,6,9,338
28.5,8,6,10,340
28.5,8,6,11,341
28.5,8,6,12,343
28.5,8,6,13,344
28.5,8,6,14,346
28.5,8,6,15,347
28.5,8,7,0,326
28.5,8,7,1,328
28.5,8,7,2,329
28.5,8,7,3,331
28.5,8,7,4,332
28.5,8,7,5,334
28.5,8,7,6,335
28.5,8,7,7,337
28.5,8,7,8,339
28.5,8,7,9,340
28.5,8,7,10,342
28.5,8,7,11,343
28.5,8,7,12,345
28.5,8,7,13,346
28.5,8,7,14,348
28.5,8,7,15,349
28.5,8,8,0,328
28.5,8,8,1,329
28.5,8,8,2,331
28.5,8,8,3,333
28.5,8,8,4,334
28.5,8,8,5,336
28.5,8,8,6,337
28.5,8,8,7,339
28.5,8,8,8,340
28.5,8,8,9,342
28.5,8,8,10,344
28.5,8,8,11,345
28.5,8,8,12,347
28.5,8,8,13,348
28.5,8,8,14,350
28.5,8,8,15,351
28.5,8,9,0,330
28.5,8,9,1,331
28.5,8,9,2,333
28.5,8,9,3,334
28.5,8,9,4,336
28.5,8,9,5,338
28.5,8,9,6,339
28.5,8,9,7,341
28.5,8,9,8,342
28.5,8,9,9,344
28.5,8,9,10,345
28.5,8,9,11,347
28.5,8,9,12,348
28.5,8,9,13,350
28.5,8,9,14,352
28.5,8,9,15,353
28.5,8,10,0,331
28.5,8,10,1,333
28.5,8,10,2,335
28.5,8,10,3,336
28.5,8,10,4,338
28.5,8,10,5,339
28.5,8,10,6,341
28.5,8,10,7,343
28.5,8,10,8,344
28.5,8,10,9,346
28.5,8,10,10,347
28.5,8,10,11,349
28.5,8,10,12,350
28.5,8,10,13,352
28.5,8,10,14,353
28.5,8,10,15,355
28.5,8,11,0,333
28.5,8,11,1,335
28.5,8,11,2,336
28.5,8,11,3,338
28.5,8,11,4,340
28.5,8,11,5,341
28.5,8,11,6,343
28.5,8,11,7,344
28.5,8,11,8,346
28.5,8,11,9,348
28.5,8,11,10,349
28.5,8,11,11,351
28.5,8,11,12,352
28.5,8,11,13,354
28.5,8,11,14,355
28.5,8,11,15,357
28.5,8,12,0,335
28.5,8,12,1,337
28.5,8,12,2,338
28.5,8,12,3,340
28.5,8,12,4,341
28.5,8,12,5,343
28.5,8,12,6,345
28.5,8,12,7,346
28.5,8,12,8,348
28.5,8,12,9,349
28.5,8,12,10,351
28.5,8,12,11,353
28.5,8,12,12,354
28.5,8,12,13,356
28.5,8,12,14,357
28.5,8,12,15,359
28.5,8,13,0,337
28.5,8,13,1,338
28.5,8,13,2,340
28.5,8,13,3,342
28.5,8,13,4,343
28.5,8,13,5,345
28.5,8,13,6,346
28.5,8,13,7,348
28.5,8,13,8,350
28.5,8,13,9,351
28.5,8,13,10,353
28.5,8,13,11,354
28.5,8,13,12,356
28.5,8,13,13,358
28.5,8,13,14,359
28.5,8,13,15,361
28.5,8,14,0,338
28.5,8,14,1,340
28.5,8,14,2,342
28.5,8,14,3,343
28.5,8,14,4,345
28.5,8,14,5,347
28.5,8,14,6,348
28.5,8,14,7,350
28.5,8,14,8,351
28.5,8,14,9,353
28.5,8,14,10,355
28.5,8,14,11,356
28.5,8,14,12,358
28.5,8,14,13,359
28.5,8,14,14,361
28.5,8,14,15,363
28.5,8,15,0,340
28.5,8,15,1,342
28.5,8,15,2,344
28.5,8,15,3,345
28.5,8,15,4,347
28.5,8,15,5,348
28.5,8,15,6,350
28.5,8,15,7,352
28.5,8,15,8,353
28.5,8,15,9,355
28.5,8,15,10,357
28.5,8,15,11,358
28.5,8,15,12,360
28.5,8,15,13,361
28.5,8,15,14,363
28.5,8,15,15,364
28.5,9,0,0,318
28.5,9,0,1,319
28.5,9,0,2,321
28.5,9,0,3,322
28.5,9,0,4,324
28.5,9,0,5,325
28.5,9,0,6,327
28.5,9,0,7,328
28.5,9,0,8,330
28.5,9,0,9,331
28.5,9,0,10,333
28.5,9,0,11,334
28.5,9,0,12,336
28.5,9,0,13,337
28.5,9,0,14,339
28.5,9,0,15,340
28.5,9,1,0,320
28.5,9,1,1,321
28.5,9,1,2,323
28.5,9,1,3,324
28.5,9,1,4,326
28.5,9,1,5,327
28.5,9,1,6,329
28.5,9,1,7,330
28.5,9,1,8,332
28.5,9,1,9,333
28.5,9,1,10,335
28.5,9,1,11,336
28.5,9,1,12,338
28.5,9,1,13,339
28.5,9,1,14,341
28.5,9,1,15,342
28.5,9,2,0,322
28.5,9,2,1,323
28.5,9,2,2,325
28.5,9,2,3,326
28.5,9,2,4,328
28.5,9,2,5,329
28.5,9,2,6,331
28.5,9,2,7,332
28.5,9,2,8,334
28.5,9,2,9,335
28.5,9,2,10,337
28.5,9,2,11,338
28.5,9,2,12,340
28.5,9,2,13,341
28.5,9,2,14,343
28.5,9,2,15,344
28.5,9,3,0,323
28.5,9,3,1,325
28.5,9,3,2,327
28.5,9,3,3,328
28.5,9,3,4,330
28.5,9,3,5,331
28.5,9,3,6,333
28.5,9,3,7,334
28.5,9,3,8,336
28.5,9,3,9,337
28.5,9,3,10,339
28.5,9,3,11,340
28.5,9,3,12,342
28.5,9,3,13,343
28.5,9,3,14,345
28.5,9,3,15,346
28.5,9,4,0,325
28.5,9,4,1,327
28.5,9,4,2,328
28.5,9,4,3,330
28.5,9,4,4,332
28.5,9,4,5,333
28.5,9,4,6,335
28.5,9,4,7,336
28.5,9,4,8,338
28.5,9,4,9,339
28.5,9,4,10,341
28.5,9,4,11,342
28.5,9,4,12,344
28.5,9,4,13,345
28.5,9,4,14,347
28.5,9,4,15,348
28.5,9,5,0,327
28.5,9,5,1,329
28.5,9,5,2,330
28.5,9,5,3,332
28.5,9,5,4,334
28.5,9,5,5,335
28.5,9,5,6,337
28.5,9,5,7,338
28.5,9,5,8,340
28.5,9,5,9,341
28.5,9,5,10,343
28.5,9,5,11,344
28.5,9,5,12,346
28.5,9,5,13,347
28.5,9,5,14,349
28.5,9,5,15,350
28.5,9,6,0,329
28.5,9,6,1,331
28.5,9,6,2,332
28.5,9,6,3,334
28.5,9,6,4,335
28.5,9,6,5,337
28.5,9,6,6,339
28.5,9,6,7,340
28.5,9,6,8,342
28.5,9,6,9,343
28.5,9,6,10,345
28.5,9,6,11,346
28.5,9,6,12,348
28.5,9,6,13,349
28.5,9,6,14,351
28.5,9,6,15,352
28.5,9,7,0,331
28.5,9,7,1,332
28.5,9,7,2,334
28.5,9,7,3,336
28.5,9,7,4,337
28.5,9,7,5,339
28.5,9,7,6,340
28.5,9,7,7,342
28.5,9,7,8,344
28.5,9,7,9,345
28.5,9,7,10,347
28.5,9,7,11,348
28.5,9,7,12,350
28.5,9,7,13,351
28.5,9,7,14,353
28.5,9,7,15,354
28.5,9,8,0,333
28.5,9,8,1,334
28.5,9,8,2,336
28.5,9,8,3,338
28.5,9,8,4,339
28.5,9,8,5,341
28.5,9,8,6,342
28.5,9,8,7,344
28.5,9,8,8,346
28.5,9,8,9,347
28.5,9,8,10,349
28.5,9,8,11,350
28.5,9,8,12,352
28.5,9,8,13,353
28.5,9,8,14,355
28.5,9,8,15,356
28.5,9,9,0,335
28.5,9,9,1,336
28.5,9,9,2,338
28.5,9,9,3,339
28.5,9,9,4,341
28.5,9,9,5,343
28.5,9,9,6,344
28.5,9,9,7,346
28.5,9,9,8,347
28.5,9,9,9,349
28.5,9,9,10,351
28.5,9,9,11,352
28.5,9,9,12,354
28.5,9,9,13,355
28.5,9,9,14,357
28.5,9,9,15,358
28.5,9,10,0,336
28.5,9,10,1,338
28.5,9,10,2,340
28.5,9,10,3,341
28.5,9,10,4,343
28.5,9,10,5,345
28.5,9,10,6,346
28.5,9,10,7,348
28.5,9,10,8,349
28.5,9,10,9,351
28.5,9,10,10,352
28.5,9,10,11,354
28.5,9,10,12,356
28.5,9,10,13,357
28.5,9,10,14,359
28.5,9,10,15,360
28.5,9,11,0,338
28.5,9,11,1,340
28.5,9,11,2,341
28.5,9,11,3,343
28.5,9,11,4,345
28.5,9,11,5,346
28.5,9,11,6,348
28.5,9,11,7,350
28.5,9,11,8,351
28.5,9,11,9,353
28.5,9,11,10,354
28.5,9,11,11,356
28.5,9,11,12,358
28.5,9,11,13,359
28.5,9,11,14,361
28.5,9,11,15,362
28.5,9,12,0,340
28.5,9,12,1,342
28.5,9,12,2,343
28.5,9,12,3,345
28.5,9,12,4,347
28.5,9,12,5,348
28.5,9,12,6,350
28.5,9,12,7,351
28.5,9,12,8,353
28.5,9,12,9,355
28.5,9,12,10,356
28.5,9,12,11,358
28.5,9,12,12,359
28.5,9,12,13,361
28.5,9,12,14,363
28.5,9,12,15,364
28.5,9,13,0,342
28.5,9,13,1,343
28.5,9,13,2,345
28.5,9,13,3,347
28.5,9,13,4,348
28.5,9,13,5,350
28.5,9,13,6,352
28.5,9,13,7,353
28.5,9,13,8,355
28.5,9,13,9,357
28.5,9,13,10,358
28.5,9,13,11,360
28.5,9,13,12,361
28.5,9,13,13,363
28.5,9,13,14,364
28.5,9,13,15,366
28.5,9,14,0,344
28.5,9,14,1,345
28.5,9,14,2,347
28.5,9,14,3,349
28.5,9,14,4,350
28.5,9,14,5,352
28.5,9,14,6,353
28.5,9,14,7,355
28.5,9,14,8,357
28.5,9,14,9,358
28.5,9,14,10,360
28.5,9,14,11,362
28.5,9,14,12,363
28.5,9,14,13,365
28.5,9,14,14,366
28.5,9,14,15,368
28.5,9,15,0,345
28.5,9,15,1,347
28.5,9,15,2,349
28.5,9,15,3,350
28.5,9,15,4,352
28.5,9,15,5,354
28.5,9,15,6,355
28.5,9,15,7,357
28.5,9,15,8,359
28.5,9,15,9,360
28.5,9,15,10,362
28.5,9,15,11,363
28.5,9,15,12,365
28.5,9,15,13,367
28.5,9,15,14,368
28.5,9,15,15,370
28.5,10,0,0,322
28.5,10,0,1,324
28.5,10,0,2,326
28.5,10,0,3,327
28.5,10,0,4,329
28.5,10,0,5,330
28.5,10,0,6,332
28.5,10,0,7,333
28.5,10,0,8,335
28.5,10,0,9,336
28.5,10,0,10,338
28.5,10,0,11,339
28.5,10,0,12,341
28.5,10,0,13,342
28.5,10,0,14,344
28.5,10,0,15,345
28.5,10,1,0,324
28.5,10,1,1,326
28.5,10,1,2,328
28.5,10,1,3,329
28.5,10,1,4,331
28.5,10,1,5,332
28.5,10,1,6,334
28.5,10,1,7,335
28.5,10,1,8,337
28.5,10,1,9,338
28.5,10,1,10,340
28.5,10,1,11,341
28.5,10,1,12,343
28.5,10,1,13,344
28.5,10,1,14,346
28.5,10,1,15,347
28.5,10,2,0,326
28.5,10,2,1,328
28.5,10,2,2,329
28.5,10,2,3,331
28.5,10,2,4,333
28.5,10,2,5,334
28.5,10,2,6,336
28.5,10,2,7,337
28.5,10,2,8,339
28.5,10,2,9,340
28.5,10,2,10,342
28.5,10,2,11,343
28.5,10,2,12,345
28.5,10,2,13,346
28.5,10,2,14,348
28.5,10,2,15,349
28.5,10,3,0,328
28.5,10,3,1,330
28.5,10,3,2,331
28.5,10,3,3,333
28.5,10,3,4,335
28.5,10,3,5,336
28.5,10,3,6,338
28.5,10,3,7,339
28.5,10,3,8,341
28.5,10,3,9,342
28.5,10,3,10,344
28.5,10,3,11,345
28.5,10,3,12,347
28.5,10,3,13,349
28.5,10,3,14,350
28.5,10,3,15,352
28.5,10,4,0,330
28.5,10,4,1,332
28.5,10,4,2,333
28.5,10,4,3,335
28.5,10,4,4,337
28.5,10,4,5,338
28.5,10,4,6,340
28.5,10,4,7,341
28.5,10,4,8,343
28.5,10,4,9,344
28.5,10,4,10,346
28.5,10,4,11,347
28.5,10,4,12,349
28.5,10,4,13,351
28.5,10,4,14,352
28.5,10,4,15,354
28.5,10,5,0,332
28.5,10,5,1,334
28.5,10,5,2,335
28.5,10,5,3,337
28.5,10,5,4,338
28.5,10,5,5,340
28.5,10,5,6,342
28.5,10,5,7,343
28.5,10,5,8,345
28.5,10,5,9,346
28.5,10,5,10,348
28.5,10,5,11,349
28.5,10,5,12,351
28.5,10,5,13,353
28.5,10,5,14,354
28.5,10,5,15,356
28.5,10,6,0,334
28.5,10,6,1,336
28.5,10,6,2,337
28.5,10,6,3,339
28.5,10,6,4,340
28.5,10,6,5,342
28.5,10,6,6,344
28.5,10,6,7,345
28.5,10,6,8,347
28.5,10,6,9,348
28.5,10,6,10,350
28.5,10,6,11,351
28.5,10,6,12,353
28.5,10,6,13,355
28.5,10,6,14,356
28.5,10,6,15,358
28.5,10,7,0,336
28.5,10,7,1,337
28.5,10,7,2,339
28.5,10,7,3,341
28.5,10,7,4,342
28.5,10,7,5,344
28.5,10,7,6,345
28.5,10,7,7,347
28.5,10,7,8,349
28.5,10,7,9,350
28.5,10,7,10,352
28.5,10,7,11,353
28.5,10,7,12,355
28.5,10,7,13,357
28.5,10,7,14,358
28.5,10,7,15,360
28.5,10,8,0,338
28.5,10,8,1,339
28.5,10,8,2,341
28.5,10,8,3,343
28.5,10,8,4,344
28.5,10,8,5,346
28.5,10,8,6,347
28.5,10,8,7,349
28.5,10,8,8,351
28.5,10,8,9,352
28.5,10,8,10,354
28.5,10,8,11,355
28.5,10,8,12,357
28.5,10,8,13,359
28.5,10,8,14,360
28.5,10,8,15,362
28.5,10,9,0,339
28.5,10,9,1,341
28.5,10,9,2,343
28.5,10,9,3,344
28.5,10,9,4,346
28.5,10,9,5,348
28.5,10,9,6,349
28.5,10,9,7,351
28.5,10,9,8,353
28.5,10,9,9,354
28.5,10,9,10,356
28.5,10,9,11,357
28.5,10,9,12,359
28.5,10,9,13,360
28.5,10,9,14,362
28.5,10,9,15,364
28.5,10,10,0,341
28.5,10,10,1,343
28.5,10,10,2,345
28.5,10,10,3,346
28.5,10,10,4,348
28.5,10,10,5,350
28.5,10,10,6,351
28.5,10,10,7,353
28.5,10,10,8,354
28.5,10,10,9,356
28.5,10,10,10,358
28.5,10,10,11,359
28.5,10,10,12,361
28.5,10,10,13,362
28.5,10,10,14,364
28.5,10,10,15,366
28.5,10,11,0,343
28.5,10,11,1,345
28.5,10,11,2,346
28.5,10,11,3,348
28.5,10,11,4,350
28.5,10,11,5,351
28.5,10,11,6,353
28.5,10,11,7,355
28.5,10,11,8,356
28.5,10,11,9,358
28.5,10,11,10,360
28.5,10,11,11,361
28.5,10,11,12,363
28.5,10,11,13,364
28.5,10,11,14,366
28.5,10,11,15,368
28.5,10,12,0,345
28.5,10,12,1,347
28.5,10,12,2,348
28.5,10,12,3,350
28.5,10,12,4,352
28.5,10,12,5,353
28.5,10,12,6,355
28.5,10,12,7,357
28.5,10,12,8,358
28.5,10,12,9,360
28.5,10,12,10,361
28.5,10,12,11,363
28.5,10,12,12,365
28.5,10,12,13,366
28.5,10,12,14,368
28.5,10,12,15,369
28.5,10,13,0,347
28.5,10,13,1,348
28.5,10,13,2,350
28.5,10,13,3,352
28.5,10,13,4,354
28.5,10,13,5,355
28.5,10,13,6,357
28.5,10,13,7,358
28.5,10,13,8,360
28.5,10,13,9,362
28.5,10,13,10,363
28.5,10,13,11,365
28.5,10,13,12,367
28.5,10,13,13,368
28.5,10,13,14,370
28.5,10,13,15,371
28.5,10,14,0,349
28.5,10,14,1,350
28.5,10,14,2,352
28.5,10,14,3,354
28.5,10,14,4,355
28.5,10,14,5,357
28.5,10,14,6,359
28.5,10,14,7,360
28.5,10,14,8,362
28.5,10,14,9,364
28.5,10,14,10,365
28.5,10,14,11,367
28.5,10,14,12,369
28.5,10,14,13,370
28.5,10,14,14,372
28.5,10,14,15,373
28.5,10,15,0,350
28.5,10,15,1,352
28.5,10,15,2,354
28.5,10,15,3,355
28.5,10,15,4,357
28.5,10,15,5,359
28.5,10,15,6,361
28.5,10,15,7,362
28.5,10,15,8,364
28.5,10,15,9,366
28.5,10,15,10,367
28.5,10,15,11,369
28.5,10,15,12,370
28.5,10,15,13,372
28.5,10,15,14,374
28.5,10,15,15,375
28.5,11,0,0,327
28.5,11,0,1,329
28.5,11,0,2,330
28.5,11,0,3,332
28.5,11,0,4,333
28.5,11,0,5,335
28.5,11,0,6,337
28.5,11,0,7,338
28.5,11,0,8,340
28.5,11,0,9,341
28.5,11,0,10,343
28.5,11,0,11,344
28.5,11,0,12,346
28.5,11,0,13,347
28.5,11,0,14,349
28.5,11,0,15,350
28.5,11,1,0,329
28.5,11,1,1,331
28.5,11,1,2,332
28.5,11,1,3,334
28.5,11,1,4,335
28.5,11,1,5,337
28.5,11,1,6,339
28.5,11,1,7,340
28.5,11,1,8,342
28.5,11,1,9,343
28.5,11,1,10,345
28.5,11,1,11,346
28.5,11,1,12,348
28.5,11,1,13,349
28.5,11,1,14,351
28.5,11,1,15,352
28.5,11,2,0,331
28.5,11,2,1,333
28.5,11,2,2,334
28.5,11,2,3,336
28.5,11,2,4,337
28.5,11,2,5,339
28.5,11,2,6,341
28.5,11,2,7,342
28.5,11,2,8,344
28.5,11,2,9,345
28.5,11,2,10,347
28.5,11,2,11,348
28.5,11,2,12,350
28.5,11,2,13,351
28.5,11,2,14,353
28.5,11,2,15,355
28.5,11,3,0,333
28.5,11,3,1,335
28.5,11,3,2,336
28.5,11,3,3,338
28.5,11,3,4,339
28.5,11,3,5,341
28.5,11,3,6,343
28.5,11,3,7,344
28.5,11,3,8,346
28.5,11,3,9,347
28.5,11,3,10,349
28.5,11,3,11,350
28.5,11,3,12,352
28.5,11,3,13,354
28.5,11,3,14,355
28.5,11,3,15,357
28.5,11,4,0,335
28.5,11,4,1,337
28.5,11,4,2,338
28.5,11,4,3,340
28.5,11,4,4,341
28.5,11,4,5,343
28.5,11,4,6,345
28.5,11,4,7,346
28.5,11,4,8,348
28.5,11,4,9,349
28.5,11,4,10,351
28.5,11,4,11,353
28.5,11,4,12,354
28.5,11,4,13,356
28.5,11,4,14,357
28.5,11,4,15,359
28.5,11,5,0,337
28.5,11,5,1,338
28.5,11,5,2,340
28.5,11,5,3,342
28.5,11,5,4,343
28.5,11,5,5,345
28.5,11,5,6,347
28.5,11,5,7,348
28.5,11,5,8,350
28.5,11,5,9,351
28.5,11,5,10,353
28.5,11,5,11,355
28.5,11,5,12,356
28.5,11,5,13,358
28.5,11,5,14,359
28.5,11,5,15,361
28.5,11,6,0,339
28.5,11,6,1,340
28.5,11,6,2,342
28.5,11,6,3,344
28.5,11,6,4,345
28.5,11,6,5,347
28.5,11,6,6,349
28.5,11,6,7,350
28.5,11,6,8,352
28.5,11,6,9,353
28.5,11,6,10,355
28.5,11,6,11,357
28.5,11,6,12,358
28.5,11,6,13,360
28.5,11,6,14,361
28.5,11,6,15,363
28.5,11,7,0,341
28.5,11,7,1,342
28.5,11,7,2,344
28.5,11,7,3,346
28.5,11,7,4,347
28.5,11,7,5,349
28.5,11,7,6,351
28.5,11,7,7,352
28.5,11,7,8,354
28.5,11,7,9,355
28.5,11,7,10,357
28.5,11,7,11,359
28.5,11,7,12,360
28.5,11,7,13,362
28.5,11,7,14,363
28.5,11,7,15,365
28.5,11,8,0,343
28.5,11,8,1,344
28.5,11,8,2,346
28.5,11,8,3,348
28.5,11,8,4,349
28.5,11,8,5,351
28.5,11,8,6,352
28.5,11,8,7,354
28.5,11,8,8,356
28.5,11,8,9,357
28.5,11,8,10,359
28.5,11,8,11,361
28.5,11,8,12,362
28.5,11,8,13,364
28.5,11,8,14,365
28.5,11,8,15,367
28.5,11,9,0,344
28.5,11,9,1,346
28.5,11,9,2,348
28.5,11,9,3,349
28.5,11,9,4,351
28.5,11,9,5,353
28.5,11,9,6,354
28.5,11,9,7,356
28.5,11,9,8,358
28.5,11,9,9,359
28.5,11,9,10,361
28.5,11,9,11,363
28.5,11,9,12,364
28.5,11,9,13,366
28.5,11,9,14,367
28.5,11,9,15,369
28.5,11,10,0,346
28.5,11,10,1,348
28.5,11,10,2,350
28.5,11,10,3,351
28.5,11,10,4,353
28.5,11,10,5,355
28.5,11,10,6,356
28.5,11,10,7,358
28.5,11,10,8,360
28.5,11,10,9,361
28.5,11,10,10,363
28.5,11,10,11,364
28.5,11,10,12,366
28.5,11,10,13,368
28.5,11,10,14,369
28.5,11,10,15,371
28.5,11,11,0,348
28.5,11,11,1,350
28.5,11,11,2,352
28.5,11,11,3,353
28.5,11,11,4,355
28.5,11,11,5,357
28.5,11,11,6,358
28.5,11,11,7,360
28.5,11,11,8,362
28.5,11,11,9,363
28.5,11,11,10,365
28.5,11,11,11,366
28.5,11,11,12,368
28.5,11,11,13,370
28.5,11,11,14,371
28.5,11,11,15,373
28.5,11,12,0,350
28.5,11,12,1,352
28.5,11,12,2,353
28.5,11,12,3,355
28.5,11,12,4,357
28.5,11,12,5,358
28.5,11,12,6,360
28.5,11,12,7,362
28.5,11,12,8,363
28.5,11,12,9,365
28.5,11,12,10,367
28.5,11,12,11,368
28.5,11,12,12,370
28.5,11,12,13,372
28.5,11,12,14,373
28.5,11,12,15,375
28.5,11,13,0,352
28.5,11,13,1,354
28.5,11,13,2,355
28.5,11,13,3,357
28.5,11,13,4,359
28.5,11,13,5,360
28.5,11,13,6,362
28.5,11,13,7,364
28.5,11,13,8,365
28.5,11,13,9,367
28.5,11,13,10,369
28.5,11,13,11,370
28.5,11,13,12,372
28.5,11,13,13,374
28.5,11,13,14,375
28.5,11,13,15,377
28.5,11,14,0,354
28.5,11,14,1,355
28.5,11,14,2,357
28.5,11,14,3,359
28.5,11,14,4,361
28.5,11,14,5,362
28.5,11,14,6,364
28.5,11,14,7,366
28.5,11,14,8,367
28.5,11,14,9,369
28.5,11,14,10,371
28.5,11,14,11,372
28.5,11,14,12,374
28.5,11,14,13,376
28.5,11,14,14,377
28.5,11,14,15,379
28.5,11,15,0,355
28.5,11,15,1,357
28.5,11,15,2,359
28.5,11,15,3,361
28.5,11,15,4,362
28.5,11,15,5,364
28.5,11,15,6,366
28.5,11,15,7,367
28.5,11,15,8,369
28.5,11,15,9,371
28.5,11,15,10,372
28.5,11,15,11,374
28.5,11,15,12,376
28.5,11,15,13,377
28.5,11,15,14,379
28.5,11,15,15,381
28.5,12,0,0,332
28.5,12,0,1,333
28.5,12,0,2,335
28.5,12,0,3,337
28.5,12,0,4,338
28.5,12,0,5,340
28.5,12,0,6,341
28.5,12,0,7,343
28.5,12,0,8,345
28.5,12,0,9,346
28.5,12,0,10,348
28.5,12,0,11,349
28.5,12,0,12,351
28.5,12,0,13,352
28.5,12,0,14,354
28.5,12,0,15,355
28.5,12,1,0,334
28.5,12,1,1,335
28.5,12,1,2,337
28.5,12,1,3,339
28.5,12,1,4,340
28.5,12,1,5,342
28.5,12,1,6,343
28.5,12,1,7,345
28.5,12,1,8,347
28.5,12,1,9,348
28.5,12,1,10,350
28.5,12,1,11,351
28.5,12,1,12,353
28.5,12,1,13,354
28.5,12,1,14,356
28.5,12,1,15,357
28.5,12,2,0,336
28.5,12,2,1,337
28.5,12,2,2,339
28.5,12,2,3,341
28.5,12,2,4,342
28.5,12,2,5,344
28.5,12,2,6,345
28.5,12,2,7,347
28.5,12,2,8,349
28.5,12,2,9,350
28.5,12,2,10,352
28.5,12,2,11,353
28.5,12,2,12,355
28.5,12,2,13,357
28.5,12,2,14,358
28.5,12,2,15,360
28.5,12,3,0,338
28.5,12,3,1,339
28.5,12,3,2,341
28.5,12,3,3,343
28.5,12,3,4,344
28.5,12,3,5,346
28.5,12,3,6,348
28.5,12,3,7,349
28.5,12,3,8,351
28.5,12,3,9,352
28.5,12,3,10,354
28.5,12,3,11,355
28.5,12,3,12,357
28.5,12,3,13,359
28.5,12,3,14,360
28.5,12,3,15,362
28.5,12,4,0,340
28.5,12,4,1,341
28.5,12,4,2,343
28.5,12,4,3,345
28.5,12,4,4,346
28.5,12,4,5,348
28.5,12,4,6,350
28.5,12,4,7,351
28.5,12,4,8,353
28.5,12,4,9,354
28.5,12,4,10,356
28.5,12,4,11,358
28.5,12,4,12,359
28.5,12,4,13,361
28.5,12,4,14,362
28.5,12,4,15,364
28.5,12,5,0,342
28.5,12,5,1,343
28.5,12,5,2,345
28.5,12,5,3,347
28.5,12,5,4,348
28.5,12,5,5,350
28.5,12,5,6,352
28.5,12,5,7,353
28.5,12,5,8,355
28.5,12,5,9,356
28.5,12,5,10,358
28.5,12,5,11,360
28.5,12,5,12,361
28.5,12,5,13,363
28.5,12,5,14,364
28.5,12,5,15,366
28.5,12,6,0,344
28.5,12,6,1,345
28.5,12,6,2,347
28.5,12,6,3,349
28.5,12,6,4,350
28.5,12,6,5,352
28.5,12,6,6,354
28.5,12,6,7,355
28.5,12,6,8,357
28.5,12,6,9,358
28.5,12,6,10,360
28.5,12,6,11,362
28.5,12,6,12,363
28.5,12,6,13,365
28.5,12,6,14,366
28.5,12,6,15,368
28.5,12,7,0,345
28.5,12,7,1,347
28.5,12,7,2,349
28.5,12,7,3,351
28.5,12,7,4,352
28.5,12,7,5,354
28.5,12,7,6,356
28.5,12,7,7,357
28.5,12,7,8,359
28.5,12,7,9,360
28.5,12,7,10,362
28.5,12,7,11,364
28.5,12,7,12,365
28.5,12,7,13,367
28.5,12,7,14,368
28.5,12,7,15,370
28.5,12,8,0,347
28.5,12,8,1,349
28.5,12,8,2,351
28.5,12,8,3,352
28.5,12,8,4,354
28.5,12,8,5,356
28.5,12,8,6,357
28.5,12,8,7,359
28.5,12,8,8,361
28.5,12,8,9,362
28.5,12,8,10,364
28.5,12,8,11,366
28.5,12,8,12,367
28.5,12,8,13,369
28.5,12,8,14,371
28.5,12,8,15,372
28.5,12,9,0,349
28.5,12,9,1,351
28.5,12,9,2,353
28.5,12,9,3,354
28.5,12,9,4,356
28.5,12,9,5,358
28.5,12,9,6,359
28.5,12,9,7,361
28.5,12,9,8,363
28.5,12,9,9,364
28.5,12,9,10,366
28.5,12,9,11,368
28.5,12,9,12,369
28.5,12,9,13,371
28.5,12,9,14,373
28.5,12,9,15,374
28.5,12,10,0,351
28.5,12,10,1,353
28.5,12,10,2,355
28.5,12,10,3,356
28.5,12,10,4,358
28.5,12,10,5,360
28.5,12,10,6,361
28.5,12,10,7,363
28.5,12,10,8,365
28.5,12,10,9,366
28.5,12,10,10,368
28.5,12,10,11,370
28.5,12,10,12,371
28.5,12,10,13,373
28.5,12,10,14,375
28.5,12,10,15,376
28.5,12,11,0,353
28.5,12,11,1,355
28.5,12,11,2,357
28.5,12,11,3,358
28.5,12,11,4,360
28.5,12,11,5,362
28.5,12,11,6,363
28.5,12,11,7,365
28.5,12,11,8,367
28.5,12,11,9,368
28.5,12,11,10,370
28.5,12,11,11,372
28.5,12,11,12,373
28.5,12,11,13,375
28.5,12,11,14,377
28.5,12,11,15,378
28.5,12,12,0,355
28.5,12,12,1,357
28.5,12,12,2,358
28.5,12,12,3,360
28.5,12,12,4,362
28.5,12,12,5,364
28.5,12,12,6,365
28.5,12,12,7,367
28.5,12,12,8,369
28.5,12,12,9,370
28.5,12,12,10,372
28.5,12,12,11,374
28.5,12,12,12,375
28.5,12,12,13,377
28.5,12,12,14,379
28.5,12,12,15,380
28.5,12,13,0,357
28.5,12,13,1,359
28.5,12,13,2,360
28.5,12,13,3,362
28.5,12,13,4,364
28.5,12,13,5,365
28.5,12,13,6,367
28.5,12,13,7,369
28.5,12,13,8,371
28.5,12,13,9,372
28.5,12,13,10,374
28.5,12,13,11,376
28.5,12,13,12,377
28.5,12,13,13,379
28.5,12,13,14,381
28.5,12,13,15,382
28.5,12,14,0,359
28.5,12,14,1,360
28.5,12,14,2,362
28.5,12,14,3,364
28.5,12,14,4,366
28.5,12,14,5,367
28.5,12,14,6,369
28.5,12,14,7,371
28.5,12,14,8,373
28.5,12,14,9,374
28.5,12,14,10,376
28.5,12,14,11,378
28.5,12,14,12,379
28.5,12,14,13,381
28.5,12,14,14,383
28.5,12,14,15,384
28.5,12,15,0,361
28.5,12,15,1,362
28.5,12,15,2,364
28.5,12,15,3,366
28.5,12,15,4,368
28.5,12,15,5,369
28.5,12,15,6,371
28.5,12,15,7,373
28.5,12,15,8,374
28.5,12,15,9,376
28.5,12,15,10,378
28.5,12,15,11,380
28.5,12,15,12,381
28.5,12,15,13,383
28.5,12,15,14,385
28.5,12,15,15,386
28.5,13,0,0,336
28.5,13,0,1,338
28.5,13,0,2,340
28.5,13,0,3,341
28.5,13,0,4,343
28.5,13,0,5,345
28.5,13,0,6,346
28.5,13,0,7,348
28.5,13,0,8,349
28.5,13,0,9,351
28.5,13,0,10,353
28.5,13,0,11,354
28.5,13,0,12,356
28.5,13,0,13,357
28.5,13,0,14,359
28.5,13,0,15,360
28.5,13,1,0,338
28.5,13,1,1,340
28.5,13,1,2,342
28.5,13,1,3,343
28.5,13,1,4,345
28.5,13,1,5,347
28.5,13,1,6,348
28.5,13,1,7,350
28.5,13,1,8,352
28.5,13,1,9,353
28.5,13,1,10,355
28.5,13,1,11,356
28.5,13,1,12,358
28.5,13,1,13,359
28.5,13,1,14,361
28.5,13,1,15,363
28.5,13,2,0,340
28.5,13,2,1,342
28.5,13,2,2,344
28.5,13,2,3,345
28.5,13,2,4,347
28.5,13,2,5,349
28.5,13,2,6,350
28.5,13,2,7,352
28.5,13,2,8,354
28.5,13,2,9,355
28.5,13,2,10,357
28.5,13,2,11,358
28.5,13,2,12,360
28.5,13,2,13,362
28.5,13,2,14,363
28.5,13,2,15,365
28.5,13,3,0,342
28.5,13,3,1,344
28.5,13,3,2,346
28.5,13,3,3,347
28.5,13,3,4,349
28.5,13,3,5,351
28.5,13,3,6,352
28.5,13,3,7,354
28.5,13,3,8,356
28.5,13,3,9,357
28.5,13,3,10,359
28.5,13,3,11,360
28.5,13,3,12,362
28.5,13,3,13,364
28.5,13,3,14,365
28.5,13,3,15,367
28.5,13,4,0,344
28.5,13,4,1,346
28.5,13,4,2,348
28.5,13,4,3,350
28.5,13,4,4,351
28.5,13,4,5,353
28.5,13,4,6,354
28.5,13,4,7,356
28.5,13,4,8,358
28.5,13,4,9,359
28.5,13,4,10,361
28.5,13,4,11,363
28.5,13,4,12,364
28.5,13,4,13,366
28.5,13,4,14,367
28.5,13,4,15,369
28.5,13,5,0,346
28.5,13,5,1,348
28.5,13,5,2,350
28.5,13,5,3,352
28.5,13,5,4,353
28.5,13,5,5,355
28.5,13,5,6,357
28.5,13,5,7,358
28.5,13,5,8,360
28.5,13,5,9,361
28.5,13,5,10,363
28.5,13,5,11,365
28.5,13,5,12,366
28.5,13,5,13,368
28.5,13,5,14,369
28.5,13,5,15,371
28.5,13,6,0,348
28.5,13,6,1,350
28.5,13,6,2,352
28.5,13,6,3,354
28.5,13,6,4,355
28.5,13,6,5,357
28.5,13,6,6,359
28.5,13,6,7,360
28.5,13,6,8,362
28.5,13,6,9,363
28.5,13,6,10,365
28.5,13,6,11,367
28.5,13,6,12,368
28.5,13,6,13,370
28.5,13,6,14,372
28.5,13,6,15,373
28.5,13,7,0,350
28.5,13,7,1,352
28.5,13,7,2,354
28.5,13,7,3,355
28.5,13,7,4,357
28.5,13,7,5,359
28.5,13,7,6,361
28.5,13,7,7,362
28.5,13,7,8,364
28.5,13,7,9,366
28.5,13,7,10,367
28.5,13,7,11,369
28.5,13,7,12,370
28.5,13,7,13,372
28.5,13,7,14,374
28.5,13,7,15,375
28.5,13,8,0,352
28.5,13,8,1,354
28.5,13,8,2,356
28.5,13,8,3,357
28.5,13,8,4,359
28.5,13,8,5,361
28.5,13,8,6,363
28.5,13,8,7,364
28.5,13,8,8,366
28.5,13,8,9,368
28.5,13,8,10,369
28.5,13,8,11,371
28.5,13,8,12,372
28.5,13,8,13,374
28.5,13,8,14,376
28.5,13,8,15,377
28.5,13,9,0,354
28.5,13,9,1,356
28.5,13,9,2,358
28.5,13,9,3,359
28.5,13,9,4,361
28.5,13,9,5,363
28.5,13,9,6,365
28.5,13,9,7,366
28.5,13,9,8,368
28.5,13,9,9,370
28.5,13,9,10,371
28.5,13,9,11,373
28.5,13,9,12,375
28.5,13,9,13,376
28.5,13,9,14,378
28.5,13,9,15,379
28.5,13,10,0,356
28.5,13,10,1,358
28.5,13,10,2,360
28.5,13,10,3,361
28.5,13,10,4,363
28.5,13,10,5,365
28.5,13,10,6,367
28.5,13,10,7,368
28.5,13,10,8,370
28.5,13,10,9,372
28.5,13,10,10,373
28.5,13,10,11,375
28.5,13,10,12,377
28.5,13,10,13,378
28.5,13,10,14,380
28.5,13,10,15,381
28.5,13,11,0,358
28.5,13,11,1,360
28.5,13,11,2,362
28.5,13,11,3,363
28.5,13,11,4,365
28.5,13,11,5,367
28.5,13,11,6,368
28.5,13,11,7,370
28.5,13,11,8,372
28.5,13,11,9,374
28.5,13,11,10,375
28.5,13,11,11,377
28.5,13,11,12,379
28.5,13,11,13,380
28.5,13,11,14,382
28.5,13,11,15,384
28.5,13,12,0,360
28.5,13,12,1,362
28.5,13,12,2,363
28.5,13,12,3,365
28.5,13,12,4,367
28.5,13,12,5,369
28.5,13,12,6,370
28.5,13,12,7,372
28.5,13,12,8,374
28.5,13,12,9,376
28.5,13,12,10,377
28.5,13,12,11,379
28.5,13,12,12,381
28.5,13,12,13,382
28.5,13,12,14,384
28.5,13,12,15,386
28.5,13,13,0,362
28.5,13,13,1,364
28.5,13,13,2,365
28.5,13,13,3,367
28.5,13,13,4,369
28.5,13,13,5,371
28.5,13,13,6,372
28.5,13,13,7,374
28.5,13,13,8,376
28.5,13,13,9,378
28.5,13,13,10,379
28.5,13,13,11,381
28.5,13,13,12,383
28.5,13,13,13,384
28.5,13,13,14,386
28.5,13,13,15,388
28.5,13,14,0,364
28.5,13,14,1,366
28.5,13,14,2,367
28.5,13,14,3,369
28.5,13,14,4,371
28.5,13,14,5,373
28.5,13,14,6,374
28.5,13,14,7,376
28.5,13,14,8,378
28.5,13,14,9,379
28.5,13,14,10,381
28.5,13,14,11,383
28.5,13,14,12,385
28.5,13,14,13,386
28.5,13,14,14,388
28.5,13,14,15,390
28.5,13,15,0,366
28.5,13,15,1,367
28.5,13,15,2,369
28.5,13,15,3,371
28.5,13,15,4,373
28.5,13,15,5,374
28.5,13,15,6,376
28.5,13,15,7,378
28.5,13,15,8,380
28.5,13,15,9,381
28.5,13,15,10,383
28.5,13,15,11,385
28.5,13,15,12,387
28.5,13,15,13,388
28.5,13,15,14,390
28.5,13,15,15,392
28.5,14,0,0,341
28.5,14,0,1,343
28.5,14,0,2,344
28.5,14,0,3,346
28.5,14,0,4,348
28.5,14,0,5,349
28.5,14,0,6,351
28.5,14,0,7,353
28.5,14,0,8,354
28.5,14,0,9,356
28.5,14,0,10,357
28.5,14,0,11,359
28.5,14,0,12,361
28.5,14,0,13,362
28.5,14,0,14,364
28.5,14,0,15,365
28.5,14,1,0,343
28.5,14,1,1,345
28.5,14,1,2,347
28.5,14,1,3,348
28.5,14,1,4,350
28.5,14,1,5,351
28.5,14,1,6,353
28.5,14,1,7,355
28.5,14,1,8,356
28.5,14,1,9,358
28.5,14,1,10,360
28.5,14,1,11,361
28.5,14,1,12,363
28.5,14,1,13,364
28.5,14,1,14,366
28.5,14,1,15,368
28.5,14,2,0,345
28.5,14,2,1,347
28.5,14,2,2,349
28.5,14,2,3,350
28.5,14,2,4,352
28.5,14,2,5,354
28.5,14,2,6,355
28.5,14,2,7,357
28.5,14,2,8,359
28.5,14,2,9,360
28.5,14,2,10,362
28.5,14,2,11,363
28.5,14,2,12,365
28.5,14,2,13,367
28.5,14,2,14,368
28.5,14,2,15,370
28.5,14,3,0,347
28.5,14,3,1,349
28.5,14,3,2,351
28.5,14,3,3,352
28.5,14,3,4,354
28.5,14,3,5,356
28.5,14,3,6,357
28.5,14,3,7,359
28.5,14,3,8,361
28.5,14,3,9,362
28.5,14,3,10,364
28.5,14,3,11,366
28.5,14,3,12,367
28.5,14,3,13,369
28.5,14,3,14,370
28.5,14,3,15,372
28.5,14,4,0,349
28.5,14,4,1,351
28.5,14,4,2,353
28.5,14,4,3,354
28.5,14,4,4,356
28.5,14,4,5,358
28.5,14,4,6,359
28.5,14,4,7,361
28.5,14,4,8,363
28.5,14,4,9,364
28.5,14,4,10,366
28.5,14,4,11,368
28.5,14,4,12,369
28.5,14,4,13,371
28.5,14,4,14,372
28.5,14,4,15,374
28.5,14,5,0,351
28.5,14,5,1,353
28.5,14,5,2,355
28.5,14,5,3,356
28.5,14,5,4,358
28.5,14,5,5,360
28.5,14,5,6,361
28.5,14,5,7,363
28.5,14,5,8,365
28.5,14,5,9,366
28.5,14,5,10,368
28.5,14,5,11,370
28.5,14,5,12,371
28.5,14,5,13,373
28.5,14,5,14,375
28.5,14,5,15,376
28.5,14,6,0,353
28.5,14,6,1,355
28.5,14,6,2,357
28.5,14,6,3,358
28.5,14,6,4,360
28.5,14,6,5,362
28.5,14,6,6,364
28.5,14,6,7,365
28.5,14,6,8,367
28.5,14,6,9,369
28.5,14,6,10,370
28.5,14,6,11,372
28.5,14,6,12,373
28.5,14,6,13,375
28.5,14,6,14,377
28.5,14,6,15,378
28.5,14,7,0,355
28.5,14,7,1,357
28.5,14,7,2,359
28.5,14,7,3,360
28.5,14,7,4,362
28.5,14,7,5,364
28.5,14,7,6,366
28.5,14,7,7,367
28.5,14,7,8,369
28.5,14,7,9,371
28.5,14,7,10,372
28.5,14,7,11,374
28.5,14,7,12,376
28.5,14,7,13,377
28.5,14,7,14,379
28.5,14,7,15,380
28.5,14,8,0,357
28.5,14,8,1,359
28.5,14,8,2,361
28.5,14,8,3,362
28.5,14,8,4,364
28.5,14,8,5,366
28.5,14,8,6,368
28.5,14,8,7,369
28.5,14,8,8,371
28.5,14,8,9,373
28.5,14,8,10,374
28.5,14,8,11,376
28.5,14,8,12,378
28.5,14,8,13,379
28.5,14,8,14,381
28.5,14,8,15,383
28.5,14,9,0,359
28.5,14,9,1,361
28.5,14,9,2,363
28.5,14,9,3,364
28.5,14,9,4,366
28.5,14,9,5,368
28.5,14,9,6,370
28.5,14,9,7,371
28.5,14,9,8,373
28.5,14,9,9,375
28.5,14,9,10,376
28.5,14,9,11,378
28.5,14,9,12,380
28.5,14,9,13,381
28.5,14,9,14,383
28.5,14,9,15,385
28.5,14,10,0,361
28.5,14,10,1,363
28.5,14,10,2,365
28.5,14,10,3,366
28.5,14,10,4,368
28.5,14,10,5,370
28.5,14,10,6,372
28.5,14,10,7,373
28.5,14,10,8,375
28.5,14,10,9,377
28.5,14,10,10,378
28.5,14,10,11,380
28.5,14,10,12,382
28.5,14,10,13,383
28.5,14,10,14,385
28.5,14,10,15,387
28.5,14,11,0,363
28.5,14,11,1,365
28.5,14,11,2,367
28.5,14,11,3,368
28.5,14,11,4,370
28.5,14,11,5,372
28.5,14,11,6,374
28.5,14,11,7,375
28.5,14,11,8,377
28.5,14,11,9,379
28.5,14,11,10,380
28.5,14,11,11,382
28.5,14,11,12,384
28.5,14,11,13,386
28.5,14,11,14,387
28.5,14,11,15,389
28.5,14,12,0,365
28.5,14,12,1,367
28.5,14,12,2,369
28.5,14,12,3,370
28.5,14,12,4,372
28.5,14,12,5,374
28.5,14,12,6,376
28.5,14,12,7,377
28.5,14,12,8,379
28.5,14,12,9,381
28.5,14,12,10,382
28.5,14,12,11,384
28.5,14,12,12,386
28.5,14,12,13,388
28.5,14,12,14,389
28.5,14,12,15,391
28.5,14,13,0,367
28.5,14,13,1,369
28.5,14,13,2,370
28.5,14,13,3,372
28.5,14,13,4,374
28.5,14,13,5,376
28.5,14,13,6,378
28.5,14,13,7,379
28.5,14,13,8,381
28.5,14,13,9,383
28.5,14,13,10,384
28.5,14,13,11,386
28.5,14,13,12,388
28.5,14,13,13,390
28.5,14,13,14,391
28.5,14,13,15,393
28.5,14,14,0,369
28.5,14,14,1,371
28.5,14,14,2,372
28.5,14,14,3,374
28.5,14,14,4,376
28.5,14,14,5,378
28.5,14,14,6,380
28.5,14,14,7,381
28.5,14,14,8,383
28.5,14,14,9,385
28.5,14,14,10,386
28.5,14,14,11,388
28.5,14,14,12,390
28.5,14,14,13,392
28.5,14,14,14,393
28.5,14,14,15,395
28.5,14,15,0,371
28.5,14,15,1,373
28.5,14,15,2,374
28.5,14,15,3,376
28.5,14,15,4,378
28.5,14,15,5,380
28.5,14,15,6,381
28.5,14,15,7,383
28.5,14,15,8,385
28.5,14,15,9,387
28.5,14,15,10,388
28.5,14,15,11,390
28.5,14,15,12,392
28.5,14,15,13,394
28.5,14,15,14,395
28.5,14,15,15,397
28.5,15,0,0,346
28.5,15,0,1,347
28.5,15,0,2,349
28.5,15,0,3,351
28.5,15,0,4,353
28.5,15,0,5,354
28.5,15,0,6,356
28.5,15,0,7,357
28.5,15,0,8,359
28.5,15,0,9,361
28.5,15,0,10,362
28.5,15,0,11,364
28.5,15,0,12,366
28.5,15,0,13,367
28.5,15,0,14,369
28.5,15,0,15,370
28.5,15,1,0,348
28.5,15,1,1,350
28.5,15,1,2,351
28.5,15,1,3,353
28.5,15,1,4,355
28.5,15,1,5,356
28.5,15,1,6,358
28.5,15,1,7,360
28.5,15,1,8,361
28.5,15,1,9,363
28.5,15,1,10,365
28.5,15,1,11,366
28.5,15,1,12,368
28.5,15,1,13,369
28.5,15,1,14,371
28.5,15,1,15,373
28.5,15,2,0,350
28.5,15,2,1,352
28.5,15,2,2,353
28.5,15,2,3,355
28.5,15,2,4,357
28.5,15,2,5,358
28.5,15,2,6,360
28.5,15,2,7,362
28.5,15,2,8,363
28.5,15,2,9,365
28.5,15,2,10,367
28.5,15,2,11,368
28.5,15,2,12,370
28.5,15,2,13,372
28.5,15,2,14,373
28.5,15,2,15,375
28.5,15,3,0,352
28.5,15,3,1,354
28.5,15,3,2,355
28.5,15,3,3,357
28.5,15,3,4,359
28.5,15,3,5,361
28.5,15,3,6,362
28.5,15,3,7,364
28.5,15,3,8,366
28.5,15,3,9,367
28.5,15,3,10,369
28.5,15,3,11,371
28.5,15,3,12,372
28.5,15,3,13,374
28.5,15,3,14,375
28.5,15,3,15,377
28.5,15,4,0,354
28.5,15,4,1,356
28.5,15,4,2,358
28.5,15,4,3,359
28.5,15,4,4,361
28.5,15,4,5,363
28.5,15,4,6,364
28.5,15,4,7,366
28.5,15,4,8,368
28.5,15,4,9,369
28.5,15,4,10,371
28.5,15,4,11,373
28.5,15,4,12,374
28.5,15,4,13,376
28.5,15,4,14,378
28.5,15,4,15,379
28.5,15,5,0,356
28.5,15,5,1,358
28.5,15,5,2,360
28.5,15,5,3,361
28.5,15,5,4,363
28.5,15,5,5,365
28.5,15,5,6,366
28.5,15,5,7,368
28.5,15,5,8,370
28.5,15,5,9,371
28.5,15,5,10,373
28.5,15,5,11,375
28.5,15,5,12,376
28.5,15,5,13,378
28.5,15,5,14,380
28.5,15,5,15,381
28.5,15,6,0,358
28.5,15,6,1,360
28.5,15,6,2,362
28.5,15,6,3,363
28.5,15,6,4,365
28.5,15,6,5,367
28.5,15,6,6,368
28.5,15,6,7,370
28.5,15,6,8,372
28.5,15,6,9,374
28.5,15,6,10,375
28.5,15,6,11,377
28.5,15,6,12,379
28.5,15,6,13,380
28.5,15,6,14,382
28.5,15,6,15,384
28.5,15,7,0,360
28.5,15,7,1,362
28.5,15,7,2,364
28.5,15,7,3,365
28.5,15,7,4,367
28.5,15,7,5,369
28.5,15,7,6,371
28.5,15,7,7,372
28.5,15,7,8,374
28.5,15,7,9,376
28.5,15,7,10,377
28.5,15,7,11,379
28.5,15,7,12,381
28.5,15,7,13,382
28.5,15,7,14,384
28.5,15,7,15,386
28.5,15,8,0,362
28.5,15,8,1,364
28.5,15,8,2,366
28.5,15,8,3,367
28.5,15,8,4,369
28.5,15,8,5,371
28.5,15,8,6,373
28.5,15,8,7,374
28.5,15,8,8,376
28.5,15,8,9,378
28.5,15,8,10,379
28.5,15,8,11,381
28.5,15,8,12,383
28.5,15,8,13,385
28.5,15,8,14,386
28.5,15,8,15,388
28.5,15,9,0,364
28.5,15,9,1,366
28.5,15,9,2,368
28.5,15,9,3,369
28.5,15,9,4,371
28.5,15,9,5,373
28.5,15,9,6,375
28.5,15,9,7,376
28.5,15,9,8,378
28.5,15,9,9,380
28.5,15,9,10,382
28.5,15,9,11,383
28.5,15,9,12,385
28.5,15,9,13,387
28.5,15,9,14,388
28.5,15,9,15,390
28.5,15,10,0,366
28.5,15,10,1,368
28.5,15,10,2,370
28.5,15,10,3,371
28.5,15,10,4,373
28.5,15,10,5,375
28.5,15,10,6,377
28.5,15,10,7,378
28.5,15,10,8,380
28.5,15,10,9,382
28.5,15,10,10,384
28.5,15,10,11,385
28.5,15,10,12,387
28.5,15,10,13,389
28.5,15,10,14,390
28.5,15,10,15,392
28.5,15,11,0,368
28.5,15,11,1,370
28.5,15,11,2,372
28.5,15,11,3,373
28.5,15,11,4,375
28.5,15,11,5,377
28.5,15,11,6,379
28.5,15,11,7,380
28.5,15,11,8,382
28.5,15,11,9,384
28.5,15,11,10,386
28.5,15,11,11,387
28.5,15,11,12,389
28.5,15,11,13,391
28.5,15,11,14,393
28.5,15,11,15,394
28.5,15,12,0,370
28.5,15,12,1,372
28.5,15,12,2,374
28.5,15,12,3,375
28.5,15,12,4,377
28.5,15,12,5,379
28.5,15,12,6,381
28.5,15,12,7,382
28.5,15,12,8,384
28.5,15,12,9,386
28.5,15,12,10,388
28.5,15,12,11,389
28.5,15,12,12,391
28.5,15,12,13,393
28.5,15,12,14,395
28.5,15,12,15,396
28.5,15,13,0,372
28.5,15,13,1,374
28.5,15,13,2,376
28.5,15,13,3,377
28.5,15,13,4,379
28.5,15,13,5,381
28.5,15,13,6,383
28.5,15,13,7,385
28.5,15,13,8,386
28.5,15,13,9,388
28.5,15,13,10,390
28.5,15,13,11,392
28.5,15,13,12,393
28.5,15,13,13,395
28.5,15,13,14,397
28.5,15,13,15,398
28.5,15,14,0,374
28.5,15,14,1,376
28.5,15,14,2,378
28.5,15,14,3,379
28.5,15,14,4,381
28.5,15,14,5,383
28.5,15,14,6,385
28.5,15,14,7,387
28.5,15,14,8,388
28.5,15,14,9,390
28.5,15,14,10,392
28.5,15,14,11,394
28.5,15,14,12,395
28.5,15,14,13,397
28.5,15,14,14,399
28.5,15,14,15,400
28.5,15,15,0,376
28.5,15,15,1,378
28.5,15,15,2,379
28.5,15,15,3,381
28.5,15,15,4,383
28.5,15,15,5,385
28.5,15,15,6,387
28.5,15,15,7,388
28.5,15,15,8,390
28.5,15,15,9,392
28.5,15,15,10,394
28.5,15,15,11,396
28.5,15,15,12,397
28.5,15,15,13,399
28.5,15,15,14,401
28.5,15,15,15,403
29.0,0,0,0,280
29.0,0,0,1,282
29.0,0,0,2,283
29.0,0,0,3,285
29.0,0,0,4,286
29.0,0,0,5,287
29.0,0,0,6,289
29.0,0,0,7,290
29.0,0,0,8,291
29.0,0,0,9,293
29.0,0,0,10,294
29.0,0,0,11,295
29.0,0,0,12,297
29.0,0,0,13,298
29.0,0,0,14,299
29.0,0,0,15,300
29.0,0,1,0,282
29.0,0,1,1,284
29.0,0,1,2,285
29.0,0,1,3,286
29.0,0,1,4,288
29.0,0,1,5,289
29.0,0,1,6,290
29.0,0,1,7,292
29.0,0,1,8,293
29.0,0,1,9,294
29.0,0,1,10,296
29.0,0,1,11,297
29.0,0,1,12,298
29.0,0,1,13,300
29.0,0,1,14,301
29.0,0,1,15,302
29.0,0,2,0,284
29.0,0,2,1,285
29.0,0,2,2,287
29.0,0,2,3,288
29.0,0,2,4,289
29.0,0,2,5,291
29.0,0,2,6,292
29.0,0,2,7,293
29.0,0,2,8,295
29.0,0,2,9,296
29.0,0,2,10,297
29.0,0,2,11,299
29.0,0,2,12,300
29.0,0,2,13,301
29.0,0,2,14,303
29.0,0,2,15,304
29.0,0,3,0,285
29.0,0,3,1,287
29.0,0,3,2,288
29.0,0,3,3,290
29.0,0,3,4,291
29.0,0,3,5,292
29.0,0,3,6,294
29.0,0,3,7,295
29.0,0,3,8,296
29.0,0,3,9,298
29.0,0,3,10,299
29.0,0,3,11,301
29.0,0,3,12,302
29.0,0,3,13,303
29.0,0,3,14,304
29.0,0,3,15,306
29.0,0,4,0,287
29.0,0,4,1,289
29.0,0,4,2,290
29.0,0,4,3,291
29.0,0,4,4,293
29.0,0,4,5,294
29.0,0,4,6,295
29.0,0,4,7,297
29.0,0,4,8,298
29.0,0,4,9,300
29.0,0,4,10,301
29.0,0,4,11,302
29.0,0,4,12,304
29.0,0,4,13,305
29.0,0,4,14,306
29.0,0,4,15,308
29.0,0,5,0,289
29.0,0,5,1,290
29.0,0,5,2,292
29.0,0,5,3,293
29.0,0,5,4,294
29.0,0,5,5,296
29.0,0,5,6,297
29.0,0,5,7,299
29.0,0,5,8,300
29.0,0,5,9,301
29.0,0,5,10,303
29.0,0,5,11,304
29.0,0,5,12,305
29.0,0,5,13,307
29.0,0,5,14,308
29.0,0,5,15,309
29.0,0,6,0,290
29.0,0,6,1,292
29.0,0,6,2,293
29.0,0,6,3,295
29.0,0,6,4,296
29.0,0,6,5,297
29.0,0,6,6,299
29.0,0,6,7,300
29.0,0,6,8,302
29.0,0,6,9,303
29.0,0,6,10,304
29.0,0,6,11,306
29.0,0,6,12,307
29.0,0,6,13,308
29.0,0,6,14,310
29.0,0,6,15,311
29.0,0,7,0,292
29.0,0,7,1,293
29.0,0,7,2,295
29.0,0,7,3,296
29.0,0,7,4,298
29.0,0,7,5,299
29.0,0,7,6,301
29.0,0,7,7,302
29.0,0,7,8,303
29.0,0,7,9,305
29.0,0,7,10,306
29.0,0,7,11,307
29.0,0,7,12,309
29.0,0,7,13,310
29.0,0,7,14,311
29.0,0,7,15,313
29.0,0,8,0,294
29.0,0,8,1,295
29.0,0,8,2,297
29.0,0,8,3,298
29.0,0,8,4,299
29.0,0,8,5,301
29.0,0,8,6,302
29.0,0,8,7,304
29.0,0,8,8,305
29.0,0,8,9,306
29.0,0,8,10,308
29.0,0,8,11,309
29.0,0,8,12,311
29.0,0,8,13,312
29.0,0,8,14,313
29.0,0,8,15,315
29.0,0,9,0,295
29.0,0,9,1,297
29.0,0,9,2,298
29.0,0,9,3,300
29.0,0,9,4,301
29.0,0,9,5,302
29.0,0,9,6,304
29.0,0,9,7,305
29.0,0,9,8,307
29.0,0,9,9,308
29.0,0,9,10,309
29.0,0,9,11,311
29.0,0,9,12,312
29.0,0,9,13,314
29.0,0,9,14,315
29.0,0,9,15,316
29.0,0,10,0,297
29.0,0,10,1,298
29.0,0,10,2,300
29.0,0,10,3,301
29.0,0,10,4,303
29.0,0,10,5,304
29.0,0,10,6,306
29.0,0,10,7,307
29.0,0,10,8,308
29.0,0,10,9,310
29.0,0,10,10,311
29.0,0,10,11,313
29.0,0,10,12,314
29.0,0,10,13,315
29.0,0,10,14,317
29.0,0,10,15,318
29.0,0,11,0,298
29.0,0,11,1,300
29.0,0,11,2,301
29.0,0,11,3,303
29.0,0,11,4,304
29.0,0,11,5,306
29.0,0,11,6,307
29.0,0,11,7,309
29.0,0,11,8,310
29.0,0,11,9,311
29.0,0,11,10,313
29.0,0,11,11,314
29.0,0,11,12,316
29.0,0,11,13,317
29.0,0,11,14,318
29.0,0,11,15,320
29.0,0,12,0,300
29.0,0,12,1,302
29.0,0,12,2,303
29.0,0,12,3,304
29.0,0,12,4,306
29.0,0,12,5,307
29.0,0,12,6,309
29.0,0,12,7,310
29.0,0,12,8,312
29.0,0,12,9,313
29.0,0,12,10,314
29.0,0,12,11,316
29.0,0,12,12,317
29.0,0,12,13,319
29.0,0,12,14,320
29.0,0,12,15,321
29.0,0,13,0,302
29.0,0,13,1,303
29.0,0,13,2,305
29.0,0,13,3,306
29.0,0,13,4,308
29.0,0,13,5,309
29.0,0,13,6,310
29.0,0,13,7,312
29.0,0,13,8,313
29.0,0,13,9,315
29.0,0,13,10,316
29.0,0,13,11,318
29.0,0,13,12,319
29.0,0,13,13,320
29.0,0,13,14,322
29.0,0,13,15,323
29.0,0,14,0,303
29.0,0,14,1,305
29.0,0,14,2,306
29.0,0,14,3,308
29.0,0,14,4,309
29.0,0,14,5,311
29.0,0,14,6,312
29.0,0,14,7,313
29.0,0,14,8,315
29.0,0,14,9,316
29.0,0,14,10,318
29.0,0,14,11,319
29.0,0,14,12,321
29.0,0,14,13,322
29.0,0,14,14,323
29.0,0,14,15,325
29.0,0,15,0,305
29.0,0,15,1,306
29.0,0,15,2,308
29.0,0,15,3,309
29.0,0,15,4,311
29.0,0,15,5,312
29.0,0,15,6,314
29.0,0,15,7,315
29.0,0,15,8,317
29.0,0,15,9,318
29.0,0,15,10,319
29.0,0,15,11,321
29.0,0,15,12,322
29.0,0,15,13,324
29.0,0,15,14,325
29.0,0,15,15,326
29.0,1,0,0,285
29.0,1,0,1,287
29.0,1,0,2,288
29.0,1,0,3,289
29.0,1,0,4,291
29.0,1,0,5,292
29.0,1,0,6,293
29.0,1,0,7,295
29.0,1,0,8,296
29.0,1,0,9,298
29.0,1,0,10,299
29.0,1,0,11,300
29.0,1,0,12,302
29.0,1,0,13,303
29.0,1,0,14,304
29.0,1,0,15,306
29.0,1,1,0,287
29.0,1,1,1,288
29.0,1,1,2,290
29.0,1,1,3,291
29.0,1,1,4,293
29.0,1,1,5,294
29.0,1,1,6,295
29.0,1,1,7,297
29.0,1,1,8,298
29.0,1,1,9,299
29.0,1,1,10,301
29.0,1,1,11,302
29.0,1,1,12,303
29.0,1,1,13,305
29.0,1,1,14,306
29.0,1,1,15,307
29.0,1,2,0,289
29.0,1,2,1,290
29.0,1,2,2,291
29.0,1,2,3,293
29.0,1,2,4,294
29.0,1,2,5,296
29.0,1,2,6,297
29.0,1,2,7,298
29.0,1,2,8,300
29.0,1,2,9,301
29.0,1,2,10,302
29.0,1,2,11,304
29.0,1,2,12,305
29.0,1,2,13,307
29.0,1,2,14,308
29.0,1,2,15,309
29.0,1,3,0,290
29.0,1,3,1,292
29.0,1,3,2,293
29.0,1,3,3,295
29.0,1,3,4,296
29.0,1,3,5,297
29.0,1,3,6,299
29.0,1,3,7,300
29.0,1,3,8,302
29.0,1,3,9,303
29.0,1,3,10,304
29.0,1,3,11,306
29.0,1,3,12,307
29.0,1,3,13,308
29.0,1,3,14,310
29.0,1,3,15,311
29.0,1,4,0,292
29.0,1,4,1,293
29.0,1,4,2,295
29.0,1,4,3,296
29.0,1,4,4,298
29.0,1,4,5,299
29.0,1,4,6,300
29.0,1,4,7,302
29.0,1,4,8,303
29.0,1,4,9,305
29.0,1,4,10,306
29.0,1,4,11,307
29.0,1,4,12,309
29.0,1,4,13,310
29.0,1,4,14,311
29.0,1,4,15,313
29.0,1,5,0,294
29.0,1,5,1,295
29.0,1,5,2,297
29.0,1,5,3,298
29.0,1,5,4,299
29.0,1,5,5,301
29.0,1,5,6,302
29.0,1,5,7,304
29.0,1,5,8,305
29.0,1,5,9,306
29.0,1,5,10,308
29.0,1,5,11,309
29.0,1,5,12,311
29.0,1,5,13,312
29.0,1,5,14,313
29.0,1,5,15,315
29.0,1,6,0,295
29.0,1,6,1,297
29.0,1,6,2,298
29.0,1,6,3,300
29.0,1,6,4,301
29.0,1,6,5,303
29.0,1,6,6,304
29.0,1,6,7,305
29.0,1,6,8,307
29.0,1,6,9,308
29.0,1,6,10,310
29.0,1,6,11,311
29.0,1,6,12,312
29.0,1,6,13,314
29.0,1,6,14,315
29.0,1,6,15,316
29.0,1,7,0,297
29.0,1,7,1,298
29.0,1,7,2,300
29.0,1,7,3,301
29.0,1,7,4,303
29.0,1,7,5,304
29.0,1,7,6,306
29.0,1,7,7,307
29.0,1,7,8,308
29.0,1,7,9,310
29.0,1,7,10,311
29.0,1,7,11,313
29.0,1,7,12,314
29.0,1,7,13,315
29.0,1,7,14,317
29.0,1,7,15,318
29.0,1,8,0,299
29.0,1,8,1,300
29.0,1,8,2,302
29.0,1,8,3,303
29.0,1,8,4,304
29.0,1,8,5,306
29.0,1,8,6,307
29.0,1,8,7,309
29.0,1,8,8,310
29.0,1,8,9,312
29.0,1,8,10,313
29.0,1,8,11,314
29.0,1,8,12,316
29.0,1,8,13,317
29.0,1,8,14,319
29.0,1,8,15,320
29.0,1,9,0,300
29.0,1,9,1,302
29.0,1,9,2,303
29.0,1,9,3,305
29.0,1,9,4,306
29.0,1,9,5,308
29.0,1,9,6,309
29.0,1,9,7,310
29.0,1,9,8,312
29.0,1,9,9,313
29.0,1,9,10,315
29.0,1,9,11,316
29.0,1,9,12,318
29.0,1,9,13,319
29.0,1,9,14,320
29.0,1,9,15,322
29.0,1,10,0,302
29.0,1,10,1,303
29.0,1,10,2,305
29.0,1,10,3,306
29.0,1,10,4,308
29.0,1,10,5,309
29.0,1,10,6,311
29.0,1,10,7,312
29.0,1,10,8,314
29.0,1,10,9,315
29.0,1,10,10,316
29.0,1,10,11,318
29.0,1,10,12,319
29.0,1,10,13,321
29.0,1,10,14,322
29.0,1,10,15,323
29.0,1,11,0,304
29.0,1,11,1,305
29.0,1,11,2,307
29.0,1,11,3,308
29.0,1,11,4,309
29.0,1,11,5,311
29.0,1,11,6,312
29.0,1,11,7,314
29.0,1,11,8,315
29.0,1,11,9,317
29.0,1,11,10,318
29.0,1,11,11,320
29.0,1,11,12,321
29.0,1,11,13,322
29.0,1,11,14,324
29.0,1,11,15,325
29.0,1,12,0,305
29.0,1,12,1,307
29.0,1,12,2,308
29.0,1,12,3,310
29.0,1,12,4,311
29.0,1,12,5,313
29.0,1,12,6,314
29.0,1,12,7,315
29.0,1,12,8,317
29.0,1,12,9,318
29.0,1,12,10,320
29.0,1,12,11,321
29.0,1,12,12,323
29.0,1,12,13,324
29.0,1,12,14,325
29.0,1,12,15,327
29.0,1,13,0,307
29.0,1,13,1,308
29.0,1,13,2,310
29.0,1,13,3,311
29.0,1,13,4,313
29.0,1,13,5,314
29.0,1,13,6,316
29.0,1,13,7,317
29.0,1,13,8,319
29.0,1,13,9,320
29.0,1,13,10,321
29.0,1,13,11,323
29.0,1,13,12,324
29.0,1,13,13,326
29.0,1,13,14,327
29.0,1,13,15,329
29.0,1,14,0,308
29.0,1,14,1,310
29.0,1,14,2,311
29.0,1,14,3,313
29.0,1,14,4,314
29.0,1,14,5,316
29.0,1,14,6,317
29.0,1,14,7,319
29.0,1,14,8,320
29.0,1,14,9,322
29.0,1,14,10,323
29.0,1,14,11,325
29.0,1,14,12,326
29.0,1,14,13,327
29.0,1,14,14,329
29.0,1,14,15,330
29.0,1,15,0,310
29.0,1,15,1,311
29.0,1,15,2,313
29.0,1,15,3,314
29.0,1,15,4,316
29.0,1,15,5,317
29.0,1,15,6,319
29.0,1,15,7,320
29.0,1,15,8,322
29.0,1,15,9,323
29.0,1,15,10,325
29.0,1,15,11,326
29.0,1,15,12,328
29.0,1,15,13,329
29.0,1,15,14,331
29.0,1,15,15,332
29.0,2,0,0,290
29.0,2,0,1,291
29.0,2,0,2,293
29.0,2,0,3,294
29.0,2,0,4,296
29.0,2,0,5,297
29.0,2,0,6,298
29.0,2,0,7,300
29.0,2,0,8,301
29.0,2,0,9,303
29.0,2,0,10,304
29.0,2,0,11,305
29.0,2,0,12,307
29.0,2,0,13,308
29.0,2,0,14,309
29.0,2,0,15,311
29.0,2,1,0,292
29.0,2,1,1,293
29.0,2,1,2,295
29.0,2,1,3,296
29.0,2,1,4,297
29.0,2,1,5,299
29.0,2,1,6,300
29.0,2,1,7,302
29.0,2,1,8,303
29.0,2,1,9,304
29.0,2,1,10,306
29.0,2,1,11,307
29.0,2,1,12,308
29.0,2,1,13,310
29.0,2,1,14,311
29.0,2,1,15,312
29.0,2,2,0,293
29.0,2,2,1,295
29.0,2,2,2,296
29.0,2,2,3,298
29.0,2,2,4,299
29.0,2,2,5,301
29.0,2,2,6,302
29.0,2,2,7,303
29.0,2,2,8,305
29.0,2,2,9,306
29.0,2,2,10,308
29.0,2,2,11,309
29.0,2,2,12,310
29.0,2,2,13,312
29.0,2,2,14,313
29.0,2,2,15,314
29.0,2,3,0,295
29.0,2,3,1,297
29.0,2,3,2,298
29.0,2,3,3,299
29.0,2,3,4,301
29.0,2,3,5,302
29.0,2,3,6,304
29.0,2,3,7,305
29.0,2,3,8,307
29.0,2,3,9,308
29.0,2,3,10,309
29.0,2,3,11,311
29.0,2,3,12,312
29.0,2,3,13,313
29.0,2,3,14,315
29.0,2,3,15,316
29.0,2,4,0,297
29.0,2,4,1,298
29.0,2,4,2,300
29.0,2,4,3,301
29.0,2,4,4,303
29.0,2,4,5,304
29.0,2,4,6,306
29.0,2,4,7,307
29.0,2,4,8,308
29.0,2,4,9,310
29.0,2,4,10,311
29.0,2,4,11,313
29.0,2,4,12,314
29.0,2,4,13,315
29.0,2,4,14,317
29.0,2,4,15,318
29.0,2,5,0,299
29.0,2,5,1,300
29.0,2,5,2,302
29.0,2,5,3,303
29.0,2,5,4,304
29.0,2,5,5,306
29.0,2,5,6,307
29.0,2,5,7,309
29.0,2,5,8,310
29.0,2,5,9,312
29.0,2,5,10,313
29.0,2,5,11,314
29.0,2,5,12,316
29.0,2,5,13,317
29.0,2,5,14,318
29.0,2,5,15,320
29.0,2,6,0,300
29.0,2,6,1,302
29.0,2,6,2,303
29.0,2,6,3,305
29.0,2,6,4,306
29.0,2,6,5,308
29.0,2,6,6,309
29.0,2,6,7,310
29.0,2,6,8,312
29.0,2,6,9,313
29.0,2,6,10,315
29.0,2,6,11,316
29.0,2,6,12,317
29.0,2,6,13,319
29.0,2,6,14,320
29.0,2,6,15,322
29.0,2,7,0,302
29.0,2,7,1,303
29.0,2,7,2,305
29.0,2,7,3,306
29.0,2,7,4,308
29.0,2,7,5,309
29.0,2,7,6,311
29.0,2,7,7,312
29.0,2,7,8,314
29.0,2,7,9,315
29.0,2,7,10,316
29.0,2,7,11,318
29.0,2,7,12,319
29.0,2,7,13,321
29.0,2,7,14,322
29.0,2,7,15,323
29.0,2,8,0,304
29.0,2,8,1,305
29.0,2,8,2,307
29.0,2,8,3,308
29.0,2,8,4,310
29.0,2,8,5,311
29.0,2,8,6,312
29.0,2,8,7,314
29.0,2,8,8,315
29.0,2,8,9,317
29.0,2,8,10,318
29.0,2,8,11,320
29.0,2,8,12,321
29.0,2,8,13,322
29.0,2,8,14,324
29.0,2,8,15,325
29.0,2,9,0,305
29.0,2,9,1,307
29.0,2,9,2,308
29.0,2,9,3,310
29.0,2,9,4,311
29.0,2,9,5,313
29.0,2,9,6,314
29.0,2,9,7,316
29.0,2,9,8,317
29.0,2,9,9,319
29.0,2,9,10,320
29.0,2,9,11,321
29.0,2,9,12,323
29.0,2,9,13,324
29.0,2,9,14,326
29.0,2,9,15,327
29.0,2,10,0,307
29.0,2,10,1,308
29.0,2,10,2,310
29.0,2,10,3,311
29.0,2,10,4,313
29.0,2,10,5,314
29.0,2,10,6,316
29.0,2,10,7,317
29.0,2,10,8,319
29.0,2,10,9,320
29.0,2,10,10,322
29.0,2,10,11,323
29.0,2,10,12,325
29.0,2,10,13,326
29.0,2,10,14,327
29.0,2,10,15,329
29.0,2,11,0,309
29.0,2,11,1,310
29.0,2,11,2,312
29.0,2,11,3,313
29.0,2,11,4,315
29.0,2,11,5,316
29.0,2,11,6,318
29.0,2,11,7,319
29.0,2,11,8,321
29.0,2,11,9,322
29.0,2,11,10,323
29.0,2,11,11,325
29.0,2,11,12,326
29.0,2,11,13,328
29.0,2,11,14,329
29.0,2,11,15,331
29.0,2,12,0,310
29.0,2,12,1,312
29.0,2,12,2,313
29.0,2,12,3,315
29.0,2,12,4,316
29.0,2,12,5,318
29.0,2,12,6,319
29.0,2,12,7,321
29.0,2,12,8,322
29.0,2,12,9,324
29.0,2,12,10,325
29.0,2,12,11,327
29.0,2,12,12,328
29.0,2,12,13,329
29.0,2,12,14,331
29.0,2,12,15,332
29.0,2,13,0,312
29.0,2,13,1,313
29.0,2,13,2,315
29.0,2,13,3,316
29.0,2,13,4,318
29.0,2,13,5,319
29.0,2,13,6,321
29.0,2,13,7,322
29.0,2,13,8,324
29.0,2,13,9,325
29.0,2,13,10,327
29.0,2,13,11,328
29.0,2,13,12,330
29.0,2,13,13,331
29.0,2,13,14,333
29.0,2,13,15,334
29.0,2,14,0,314
29.0,2,14,1,315
29.0,2,14,2,317
29.0,2,14,3,318
29.0,2,14,4,320
29.0,2,14,5,321
29.0,2,14,6,323
29.0,2,14,7,324
29.0,2,14,8,326
29.0,2,14,9,327
29.0,2,14,10,329
29.0,2,14,11,330
29.0,2,14,12,331
29.0,2,14,13,333
29.0,2,14,14,334
29.0,2,14,15,336
29.0,2,15,0,315
29.0,2,15,1,317
29.0,2,15,2,318
29.0,2,15,3,320
29.0,2,15,4,321
29.0,2,15,5,323
29.0,2,15,6,324
29.0,2,15,7,326
29.0,2,15,8,327
29.0,2,15,9,329
29.0,2,15,10,330
29.0,2,15,11,332
29.0,2,15,12,333
29.0,2,15,13,335
29.0,2,15,14,336
29.0,2,15,15,338
29.0,3,0,0,295
29.0,3,0,1,296
29.0,3,0,2,298
29.0,3,0,3,299
29.0,3,0,4,300
29.0,3,0,5,302
29.0,3,0,6,303
29.0,3,0,7,305
29.0,3,0,8,306
29.0,3,0,9,307
29.0,3,0,10,309
29.0,3,0,11,310
29.0,3,0,12,312
29.0,3,0,13,313
29.0,3,0,14,314
29.0,3,0,15,316
29.0,3,1,0,297
29.0,3,1,1,298
29.0,3,1,2,299
29.0,3,1,3,301
29.0,3,1,4,302
29.0,3,1,5,304
29.0,3,1,6,305
29.0,3,1,7,307
29.0,3,1,8,308
29.0,3,1,9,309
29.0,3,1,10,311
29.0,3,1,11,312
29.0,3,1,12,313
29.0,3,1,13,315
29.0,3,1,14,316
29.0,3,1,15,318
29.0,3,2,0,298
29.0,3,2,1,300
29.0,3,2,2,301
29.0,3,2,3,303
29.0,3,2,4,304
29.0,3,2,5,306
29.0,3,2,6,307
29.0,3,2,7,308
29.0,3,2,8,310
29.0,3,2,9,311
29.0,3,2,10,313
29.0,3,2,11,314
29.0,3,2,12,315
29.0,3,2,13,317
29.0,3,2,14,318
29.0,3,2,15,319
29.0,3,3,0,300
29.0,3,3,1,301
29.0,3,3,2,303
29.0,3,3,3,304
29.0,3,3,4,306
29.0,3,3,5,307
29.0,3,3,6,309
29.0,3,3,7,310
29.0,3,3,8,312
29.0,3,3,9,313
29.0,3,3,10,314
29.0,3,3,11,316
29.0,3,3,12,317
29.0,3,3,13,319
29.0,3,3,14,320
29.0,3,3,15,321
29.0,3,4,0,302
29.0,3,4,1,303
29.0,3,4,2,305
29.0,3,4,3,306
29.0,3,4,4,308
29.0,3,4,5,309
29.0,3,4,6,311
29.0,3,4,7,312
29.0,3,4,8,313
29.0,3,4,9,315
29.0,3,4,10,316
29.0,3,4,11,318
29.0,3,4,12,319
29.0,3,4,13,320
29.0,3,4,14,322
29.0,3,4,15,323
29.0,3,5,0,303
29.0,3,5,1,305
29.0,3,5,2,306
29.0,3,5,3,308
29.0,3,5,4,309
29.0,3,5,5,311
29.0,3,5,6,312
29.0,3,5,7,314
29.0,3,5,8,315
29.0,3,5,9,317
29.0,3,5,10,318
29.0,3,5,11,319
29.0,3,5,12,321
29.0,3,5,13,322
29.0,3,5,14,324
29.0,3,5,15,325
29.0,3,6,0,305
29.0,3,6,1,307
29.0,3,6,2,308
29.0,3,6,3,310
29.0,3,6,4,311
29.0,3,6,5,313
29.0,3,6,6,314
29.0,3,6,7,316
29.0,3,6,8,317
29.0,3,6,9,318
29.0,3,6,10,320
29.0,3,6,11,321
29.0,3,6,12,323
29.0,3,6,13,324
29.0,3,6,14,326
29.0,3,6,15,327
29.0,3,7,0,307
29.0,3,7,1,308
29.0,3,7,2,310
29.0,3,7,3,311
29.0,3,7,4,313
29.0,3,7,5,314
29.0,3,7,6,316
29.0,3,7,7,317
29.0,3,7,8,319
29.0,3,7,9,320
29.0,3,7,10,322
29.0,3,7,11,323
29.0,3,7,12,325
29.0,3,7,13,326
29.0,3,7,14,327
29.0,3,7,15,329
29.0,3,8,0,309
29.0,3,8,1,310
29.0,3,8,2,312
29.0,3,8,3,313
29.0,3,8,4,315
29.0,3,8,5,316
29.0,3,8,6,318
29.0,3,8,7,319
29.0,3,8,8,321
29.0,3,8,9,322
29.0,3,8,10,323
29.0,3,8,11,325
29.0,3,8,12,326
29.0,3,8,13,328
29.0,3,8,14,329
29.0,3,8,15,331
29.0,3,9,0,310
29.0,3,9,1,312
29.0,3,9,2,313
29.0,3,9,3,315
29.0,3,9,4,316
29.0,3,9,5,318
29.0,3,9,6,319
29.0,3,9,7,321
29.0,3,9,8,322
29.0,3,9,9,324
29.0,3,9,10,325
29.0,3,9,11,327
29.0,3,9,12,328
29.0,3,9,13,330
29.0,3,9,14,331
29.0,3,9,15,332
29.0,3,10,0,312
29.0,3,10,1,314
29.0,3,10,2,315
29.0,3,10,3,317
29.0,3,10,4,318
29.0,3,10,5,320
29.0,3,10,6,321
29.0,3,10,7,323
29.0,3,10,8,324
29.0,3,10,9,326
29.0,3,10,10,327
29.0,3,10,11,328
29.0,3,10,12,330
29.0,3,10,13,331
29.0,3,10,14,333
29.0,3,10,15,334
29.0,3,11,0,314
29.0,3,11,1,315
29.0,3,11,2,317
29.0,3,11,3,318
29.0,3,11,4,320
29.0,3,11,5,321
29.0,3,11,6,323
29.0,3,11,7,324
29.0,3,11,8,326
29.0,3,11,9,327
29.0,3,11,10,329
29.0,3,11,11,330
29.0,3,11,12,332
29.0,3,11,13,333
29.0,3,11,14,335
29.0,3,11,15,336
29.0,3,12,0,315
29.0,3,12,1,317
29.0,3,12,2,318
29.0,3,12,3,320
29.0,3,12,4,321
29.0,3,12,5,323
29.0,3,12,6,325
29.0,3,12,7,326
29.0,3,12,8,328
29.0,3,12,9,329
29.0,3,12,10,330
29.0,3,12,11,332
29.0,3,12,12,333
29.0,3,12,13,335
29.0,3,12,14,336
29.0,3,12,15,338
29.0,3,13,0,317
29.0,3,13,1,319
29.0,3,13,2,320
29.0,3,13,3,322
29.0,3,13,4,323
29.0,3,13,5,325
29.0,3,13,6,326
29.0,3,13,7,328
29.0,3,13,8,329
29.0,3,13,9,331
29.0,3,13,10,332
29.0,3,13,11,334
29.0,3,13,12,335
29.0,3,13,13,337
29.0,3,13,14,338
29.0,3,13,15,340
29.0,3,14,0,319
29.0,3,14,1,320
29.0,3,14,2,322
29.0,3,14,3,323
29.0,3,14,4,325
29.0,3,14,5,326
29.0,3,14,6,328
29.0,3,14,7,329
29.0,3,14,8,331
29.0,3,14,9,332
29.0,3,14,10,334
29.0,3,14,11,335
29.0,3,14,12,337
29.0,3,14,13,338
29.0,3,14,14,340
29.0,3,14,15,341
29.0,3,15,0,320
29.0,3,15,1,322
29.0,3,15,2,323
29.0,3,15,3,325
29.0,3,15,4,327
29.0,3,15,5,328
29.0,3,15,6,330
29.0,3,15,7,331
29.0,3,15,8,333
29.0,3,15,9,334
29.0,3,15,10,336
29.0,3,15,11,337
29.0,3,15,12,339
29.0,3,15,13,340
29.0,3,15,14,342
29.0,3,15,15,343
29.0,4,0,0,299
29.0,4,0,1,301
29.0,4,0,2,302
29.0,4,0,3,304
29.0,4,0,4,305
29.0,4,0,5,307
29.0,4,0,6,308
29.0,4,0,7,310
29.0,4,0,8,311
29.0,4,0,9,312
29.0,4,0,10,314
29.0,4,0,11,315
29.0,4,0,12,317
29.0,4,0,13,318
29.0,4,0,14,319
29.0,4,0,15,321
29.0,4,1,0,301
29.0,4,1,1,303
29.0,4,1,2,304
29.0,4,1,3,306
29.0,4,1,4,307
29.0,4,1,5,309
29.0,4,1,6,310
29.0,4,1,7,311
29.0,4,1,8,313
29.0,4,1,9,314
29.0,4,1,10,316
29.0,4,1,11,317
29.0,4,1,12,319
29.0,4,1,13,320
29.0,4,1,14,321
29.0,4,1,15,323
29.0,4,2,0,303
29.0,4,2,1,305
29.0,4,2,2,306
29.0,4,2,3,308
29.0,4,2,4,309
29.0,4,2,5,310
29.0,4,2,6,312
29.0,4,2,7,313
29.0,4,2,8,315
29.0,4,2,9,316
29.0,4,2,10,318
29.0,4,2,11,319
29.0,4,2,12,320
29.0,4,2,13,322
29.0,4,2,14,323
29.0,4,2,15,325
29.0,4,3,0,305
29.0,4,3,1,306
29.0,4,3,2,308
29.0,4,3,3,309
29.0,4,3,4,311
29.0,4,3,5,312
29.0,4,3,6,314
29.0,4,3,7,315
29.0,4,3,8,317
29.0,4,3,9,318
29.0,4,3,10,319
29.0,4,3,11,321
29.0,4,3,12,322
29.0,4,3,13,324
29.0,4,3,14,325
29.0,4,3,15,327
29.0,4,4,0,307
29.0,4,4,1,308
29.0,4,4,2,310
29.0,4,4,3,311
29.0,4,4,4,313
29.0,4,4,5,314
29.0,4,4,6,316
29.0,4,4,7,317
29.0,4,4,8,318
29.0,4,4,9,320
29.0,4,4,10,321
29.0,4,4,11,323
29.0,4,4,12,324
29.0,4,4,13,326
29.0,4,4,14,327
29.0,4,4,15,328
29.0,4,5,0,308
29.0,4,5,1,310
29.0,4,5,2,311
29.0,4,5,3,313
29.0,4,5,4,314
29.0,4,5,5,316
29.0,4,5,6,317
29.0,4,5,7,319
29.0,4,5,8,320
29.0,4,5,9,322
29.0,4,5,10,323
29.0,4,5,11,325
29.0,4,5,12,326
29.0,4,5,13,327
29.0,4,5,14,329
29.0,4,5,15,330
29.0,4,6,0,310
29.0,4,6,1,312
29.0,4,6,2,313
29.0,4,6,3,315
29.0,4,6,4,316
29.0,4,6,5,318
29.0,4,6,6,319
29.0,4,6,7,321
29.0,4,6,8,322
29.0,4,6,9,324
29.0,4,6,10,325
29.0,4,6,11,326
29.0,4,6,12,328
29.0,4,6,13,329
29.0,4,6,14,331
29.0,4,6,15,332
29.0,4,7,0,312
29.0,4,7,1,313
29.0,4,7,2,315
29.0,4,7,3,316
29.0,4,7,4,318
29.0,4,7,5,319
29.0,4,7,6,321
29.0,4,7,7,322
29.0,4,7,8,324
29.0,4,7,9,325
29.0,4,7,10,327
29.0,4,7,11,328
29.0,4,7,12,330
29.0,4,7,13,331
29.0,4,7,14,333
29.0,4,7,15,334
29.0,4,8,0,314
29.0,4,8,1,315
29.0,4,8,2,317
29.0,4,8,3,318
29.0,4,8,4,320
29.0,4,8,5,321
29.0,4,8,6,323
29.0,4,8,7,324
29.0,4,8,8,326
29.0,4,8,9,327
29.0,4,8,10,329
29.0,4,8,11,330
29.0,4,8,12,332
29.0,4,8,13,333
29.0,4,8,14,334
29.0,4,8,15,336
29.0,4,9,0,315
29.0,4,9,1,317
29.0,4,9,2,318
29.0,4,9,3,320
29.0,4,9,4,321
29.0,4,9,5,323
29.0,4,9,6,325
29.0,4,9,7,326
29.0,4,9,8,327
29.0,4,9,9,329
29.0,4,9,10,330
29.0,4,9,11,332
29.0,4,9,12,333
29.0,4,9,13,335
29.0,4,9,14,336
29.0,4,9,15,338
29.0,4,10,0,317
29.0,4,10,1,319
29.0,4,10,2,320
29.0,4,10,3,322
29.0,4,10,4,323
29.0,4,10,5,325
29.0,4,10,6,326
29.0,4,10,7,328
29.0,4,10,8,329
29.0,4,10,9,331
29.0,4,10,10,332
29.0,4,10,11,334
29.0,4,10,12,335
29.0,4,10,13,337
29.0,4,10,14,338
29.0,4,10,15,340
29.0,4,11,0,319
29.0,4,11,1,320
29.0,4,11,2,322
29.0,4,11,3,323
29.0,4,11,4,325
29.0,4,11,5,326
29.0,4,11,6,328
29.0,4,11,7,330
29.0,4,11,8,331
29.0,4,11,9,333
29.0,4,11,10,334
29.0,4,11,11,336
29.0,4,11,12,337
29.0,4,11,13,338
29.0,4,11,14,340
29.0,4,11,15,341
29.0,4,12,0,320
29.0,4,12,1,322
29.0,4,12,2,324
29.0,4,12,3,325
29.0,4,12,4,327
29.0,4,12,5,328
29.0,4,12,6,330
29.0,4,12,7,331
29.0,4,12,8,333
29.0,4,12,9,334
29.0,4,12,10,336
29.0,4,12,11,337
29.0,4,12,12,339
29.0,4,12,13,340
29.0,4,12,14,342
29.0,4,12,15,343
29.0,4,13,0,322
29.0,4,13,1,324
29.0,4,13,2,325
29.0,4,13,3,327
29.0,4,13,4,328
29.0,4,13,5,330
29.0,4,13,6,331
29.0,4,13,7,333
29.0,4,13,8,335
29.0,4,13,9,336
29.0,4,13,10,338
29.0,4,13,11,339
29.0,4,13,12,341
29.0,4,13,13,342
29.0,4,13,14,344
29.0,4,13,15,345
29.0,4,14,0,324
29.0,4,14,1,325
29.0,4,14,2,327
29.0,4,14,3,329
29.0,4,14,4,330
29.0,4,14,5,332
29.0,4,14,6,333
29.0,4,14,7,335
29.0,4,14,8,336
29.0,4,14,9,338
29.0,4,14,10,339
29.0,4,14,11,341
29.0,4,14,12,342
29.0,4,14,13,344
29.0,4,14,14,345
29.0,4,14,15,347
29.0,4,15,0,325
29.0,4,15,1,327
29.0,4,15,2,329
29.0,4,15,3,330
29.0,4,15,4,332
29.0,4,15,5,333
29.0,4,15,6,335
29.0,4,15,7,336
29.0,4,15,8,338
29.0,4,15,9,340
29.0,4,15,10,341
29.0,4,15,11,343
29.0,4,15,12,344
29.0,4,15,13,346
29.0,4,15,14,347
29.0,4,15,15,349
29.0,5,0,0,304
29.0,5,0,1,306
29.0,5,0,2,307
29.0,5,0,3,309
29.0,5,0,4,310
29.0,5,0,5,312
29.0,5,0,6,313
29.0,5,0,7,315
29.0,5,0,8,316
29.0,5,0,9,317
29.0,5,0,10,319
29.0,5,0,11,320
29.0,5,0,12,322
29.0,5,0,13,323
29.0,5,0,14,325
29.0,5,0,15,326
29.0,5,1,0,306
29.0,5,1,1,308
29.0,5,1,2,309
29.0,5,1,3,311
29.0,5,1,4,312
29.0,5,1,5,314
29.0,5,1,6,315
29.0,5,1,7,316
29.0,5,1,8,318
29.0,5,1,9,319
29.0,5,1,10,321
29.0,5,1,11,322
29.0,5,1,12,324
29.0,5,1,13,325
29.0,5,1,14,326
29.0,5,1,15,328
29.0,5,2,0,308
29.0,5,2,1,309
29.0,5,2,2,311
29.0,5,2,3,312
29.0,5,2,4,314
29.0,5,2,5,315
29.0,5,2,6,317
29.0,5,2,7,318
29.0,5,2,8,320
29.0,5,2,9,321
29.0,5,2,10,323
29.0,5,2,11,324
29.0,5,2,12,326
29.0,5,2,13,327
29.0,5,2,14,328
29.0,5,2,15,330
29.0,5,3,0,310
29.0,5,3,1,311
29.0,5,3,2,313
29.0,5,3,3,314
29.0,5,3,4,316
29.0,5,3,5,317
29.0,5,3,6,319
29.0,5,3,7,320
29.0,5,3,8,322
29.0,5,3,9,323
29.0,5,3,10,325
29.0,5,3,11,326
29.0,5,3,12,327
29.0,5,3,13,329
29.0,5,3,14,330
29.0,5,3,15,332
29.0,5,4,0,312
29.0,5,4,1,313
29.0,5,4,2,315
29.0,5,4,3,316
29.0,5,4,4,318
29.0,5,4,5,319
29.0,5,4,6,321
29.0,5,4,7,322
29.0,5,4,8,324
29.0,5,4,9,325
29.0,5,4,10,326
29.0,5,4,11,328
29.0,5,4,12,329
29.0,5,4,13,331
29.0,5,4,14,332
29.0,5,4,15,334
29.0,5,5,0,313
29.0,5,5,1,315
29.0,5,5,2,316
29.0,5,5,3,318
29.0,5,5,4,319
29.0,5,5,5,321
29.0,5,5,6,322
29.0,5,5,7,324
29.0,5,5,8,325
29.0,5,5,9,327
29.0,5,5,10,328
29.0,5,5,11,330
29.0,5,5,12,331
29.0,5,5,13,333
29.0,5,5,14,334
29.0,5,5,15,336
29.0,5,6,0,315
29.0,5,6,1,317
29.0,5,6,2,318
29.0,5,6,3,320
29.0,5,6,4,321
29.0,5,6,5,323
29.0,5,6,6,324
29.0,5,6,7,326
29.0,5,6,8,327
29.0,5,6,9,329
29.0,5,6,10,330
29.0,5,6,11,332
29.0,5,6,12,333
29.0,5,6,13,335
29.0,5,6,14,336
29.0,5,6,15,337
29.0,5,7,0,317
29.0,5,7,1,318
29.0,5,7,2,320
29.0,5,7,3,321
29.0,5,7,4,323
29.0,5,7,5,325
29.0,5,7,6,326
29.0,5,7,7,328
29.0,5,7,8,329
29.0,5,7,9,331
29.0,5,7,10,332
29.0,5,7,11,334
29.0,5,7,12,335
29.0,5,7,13,336
29.0,5,7,14,338
29.0,5,7,15,339
29.0,5,8,0,319
29.0,5,8,1,320
29.0,5,8,2,322
29.0,5,8,3,323
29.0,5,8,4,325
29.0,5,8,5,326
29.0,5,8,6,328
29.0,5,8,7,329
29.0,5,8,8,331
29.0,5,8,9,332
29.0,5,8,10,334
29.0,5,8,11,335
29.0,5,8,12,337
29.0,5,8,13,338
29.0,5,8,14,340
29.0,5,8,15,341
29.0,5,9,0,320
29.0,5,9,1,322
29.0,5,9,2,323
29.0,5,9,3,325
29.0,5,9,4,327
29.0,5,9,5,328
29.0,5,9,6,330
29.0,5,9,7,331
29.0,5,9,8,333
29.0,5,9,9,334
29.0,5,9,10,336
29.0,5,9,11,337
29.0,5,9,12,339
29.0,5,9,13,340
29.0,5,9,14,342
29.0,5,9,15,343
29.0,5,10,0,322
29.0,5,10,1,324
29.0,5,10,2,325
29.0,5,10,3,327
29.0,5,10,4,328
29.0,5,10,5,330
29.0,5,10,6,331
29.0,5,10,7,333
29.0,5,10,8,335
29.0,5,10,9,336
29.0,5,10,10,338
29.0,5,10,11,339
29.0,5,10,12,341
29.0,5,10,13,342
29.0,5,10,14,344
29.0,5,10,15,345
29.0,5,11,0,324
29.0,5,11,1,325
29.0,5,11,2,327
29.0,5,11,3,329
29.0,5,11,4,330
29.0,5,11,5,332
29.0,5,11,6,333
29.0,5,11,7,335
29.0,5,11,8,336
29.0,5,11,9,338
29.0,5,11,10,339
29.0,5,11,11,341
29.0,5,11,12,342
29.0,5,11,13,344
29.0,5,11,14,345
29.0,5,11,15,347
29.0,5,12,0,326
29.0,5,12,1,327
29.0,5,12,2,329
29.0,5,12,3,330
29.0,5,12,4,332
29.0,5,12,5,333
29.0,5,12,6,335
29.0,5,12,7,337
29.0,5,12,8,338
29.0,5,12,9,340
29.0,5,12,10,341
29.0,5,12,11,343
29.0,5,12,12,344
29.0,5,12,13,346
29.0,5,12,14,347
29.0,5,12,15,349
29.0,5,13,0,327
29.0,5,13,1,329
29.0,5,13,2,330
29.0,5,13,3,332
29.0,5,13,4,334
29.0,5,13,5,335
29.0,5,13,6,337
29.0,5,13,7,338
29.0,5,13,8,340
29.0,5,13,9,341
29.0,5,13,10,343
29.0,5,13,11,344
29.0,5,13,12,346
29.0,5,13,13,348
29.0,5,13,14,349
29.0,5,13,15,351
29.0,5,14,0,329
29.0,5,14,1,331
29.0,5,14,2,332
29.0,5,14,3,334
29.0,5,14,4,335
29.0,5,14,5,337
29.0,5,14,6,339
29.0,5,14,7,340
29.0,5,14,8,342
29.0,5,14,9,343
29.0,5,14,10,345
29.0,5,14,11,346
29.0,5,14,12,348
29.0,5,14,13,349
29.0,5,14,14,351
29.0,5,14,15,352
29.0,5,15,0,331
29.0,5,15,1,332
29.0,5,15,2,334
29.0,5,15,3,335
29.0,5,15,4,337
29.0,5,15,5,339
29.0,5,15,6,340
29.0,5,15,7,342
29.0,5,15,8,343
29.0,5,15,9,345
29.0,5,15,10,347
29.0,5,15,11,348
29.0,5,15,12,350
29.0,5,15,13,351
29.0,5,15,14,353
29.0,5,15,15,354
29.0,6,0,0,309
29.0,6,0,1,311
29.0,6,0,2,312
29.0,6,0,3,314
29.0,6,0,4,315
29.0,6,0,5,317
29.0,6,0,6,318
29.0,6,0,7,319
29.0,6,0,8,321
29.0,6,0,9,322
29.0,6,0,10,324
29.0,6,0,11,325
29.0,6,0,12,327
29.0,6,0,13,328
29.0,6,0,14,330
29.0,6,0,15,331
29.0,6,1,0,311
29.0,6,1,1,312
29.0,6,1,2,314
29.0,6,1,3,315
29.0,6,1,4,317
29.0,6,1,5,318
29.0,6,1,6,320
29.0,6,1,7,321
29.0,6,1,8,323
29.0,6,1,9,324
29.0,6,1,10,326
29.0,6,1,11,327
29.0,6,1,12,329
29.0,6,1,13,330
29.0,6,1,14,332
29.0,6,1,15,333
29.0,6,2,0,313
29.0,6,2,1,314
29.0,6,2,2,316
29.0,6,2,3,317
29.0,6,2,4,319
29.0,6,2,5,320
29.0,6,2,6,322
29.0,6,2,7,323
29.0,6,2,8,325
29.0,6,2,9,326
29.0,6,2,10,328
29.0,6,2,11,329
29.0,6,2,12,331
29.0,6,2,13,332
29.0,6,2,14,334
29.0,6,2,15,335
29.0,6,3,0,315
29.0,6,3,1,316
29.0,6,3,2,318
29.0,6,3,3,319
29.0,6,3,4,321
29.0,6,3,5,322
29.0,6,3,6,324
29.0,6,3,7,325
29.0,6,3,8,327
29.0,6,3,9,328
29.0,6,3,10,330
29.0,6,3,11,331
29.0,6,3,12,333
29.0,6,3,13,334
29.0,6,3,14,335
29.0,6,3,15,337
29.0,6,4,0,316
29.0,6,4,1,318
29.0,6,4,2,319
29.0,6,4,3,321
29.0,6,4,4,323
29.0,6,4,5,324
29.0,6,4,6,326
29.0,6,4,7,327
29.0,6,4,8,329
29.0,6,4,9,330
29.0,6,4,10,332
29.0,6,4,11,333
29.0,6,4,12,335
29.0,6,4,13,336
29.0,6,4,14,337
29.0,6,4,15,339
29.0,6,5,0,318
29.0,6,5,1,320
29.0,6,5,2,321
29.0,6,5,3,323
29.0,6,5,4,324
29.0,6,5,5,326
29.0,6,5,6,327
29.0,6,5,7,329
29.0,6,5,8,330
29.0,6,5,9,332
29.0,6,5,10,333
29.0,6,5,11,335
29.0,6,5,12,336
29.0,6,5,13,338
29.0,6,5,14,339
29.0,6,5,15,341
29.0,6,6,0,320
29.0,6,6,1,322
29.0,6,6,2,323
29.0,6,6,3,325
29.0,6,6,4,326
29.0,6,6,5,328
29.0,6,6,6,329
29.0,6,6,7,331
29.0,6,6,8,332
29.0,6,6,9,334
29.0,6,6,10,335
29.0,6,6,11,337
29.0,6,6,12,338
29.0,6,6,13,340
29.0,6,6,14,341
29.0,6,6,15,343
29.0,6,7,0,322
29.0,6,7,1,323
29.0,6,7,2,325
29.0,6,7,3,327
29.0,6,7,4,328
29.0,6,7,5,330
29.0,6,7,6,331
29.0,6,7,7,333
29.0,6,7,8,334
29.0,6,7,9,336
29.0,6,7,10,337
29.0,6,7,11,339
29.0,6,7,12,340
29.0,6,7,13,342
29.0,6,7,14,343
29.0,6,7,15,345
29.0,6,8,0,324
29.0,6,8,1,325
29.0,6,8,2,327
29.0,6,8,3,328
29.0,6,8,4,330
29.0,6,8,5,331
29.0,6,8,6,333
29.0,6,8,7,335
29.0,6,8,8,336
29.0,6,8,9,338
29.0,6,8,10,339
29.0,6,8,11,341
29.0,6,8,12,342
29.0,6,8,13,344
29.0,6,8,14,345
29.0,6,8,15,347
29.0,6,9,0,325
29.0,6,9,1,327
29.0,6,9,2,329
29.0,6,9,3,330
29.0,6,9,4,332
29.0,6,9,5,333
29.0,6,9,6,335
29.0,6,9,7,336
29.0,6,9,8,338
29.0,6,9,9,339
29.0,6,9,10,341
29.0,6,9,11,342
29.0,6,9,12,344
29.0,6,9,13,346
29.0,6,9,14,347
29.0,6,9,15,349
29.0,6,10,0,327
29.0,6,10,1,329
29.0,6,10,2,330
29.0,6,10,3,332
29.0,6,10,4,334
29.0,6,10,5,335
29.0,6,10,6,337
29.0,6,10,7,338
29.0,6,10,8,340
29.0,6,10,9,341
29.0,6,10,10,343
29.0,6,10,11,344
29.0,6,10,12,346
29.0,6,10,13,347
29.0,6,10,14,349
29.0,6,10,15,350
29.0,6,11,0,329
29.0,6,11,1,331
29.0,6,11,2,332
29.0,6,11,3,334
29.0,6,11,4,335
29.0,6,11,5,337
29.0,6,11,6,338
29.0,6,11,7,340
29.0,6,11,8,342
29.0,6,11,9,343
29.0,6,11,10,345
29.0,6,11,11,346
29.0,6,11,12,348
29.0,6,11,13,349
29.0,6,11,14,351
29.0,6,11,15,352
29.0,6,12,0,331
29.0,6,12,1,332
29.0,6,12,2,334
29.0,6,12,3,335
29.0,6,12,4,337
29.0,6,12,5,339
29.0,6,12,6,340
29.0,6,12,7,342
29.0,6,12,8,343
29.0,6,12,9,345
29.0,6,12,10,346
29.0,6,12,11,348
29.0,6,12,12,350
29.0,6,12,13,351
29.0,6,12,14,353
29.0,6,12,15,354
29.0,6,13,0,332
29.0,6,13,1,334
29.0,6,13,2,336
29.0,6,13,3,337
29.0,6,13,4,339
29.0,6,13,5,340
29.0,6,13,6,342
29.0,6,13,7,344
29.0,6,13,8,345
29.0,6,13,9,347
29.0,6,13,10,348
29.0,6,13,11,350
29.0,6,13,12,351
29.0,6,13,13,353
29.0,6,13,14,354
29.0,6,13,15,356
29.0,6,14,0,334
29.0,6,14,1,336
29.0,6,14,2,337
29.0,6,14,3,339
29.0,6,14,4,341
29.0,6,14,5,342
29.0,6,14,6,344
29.0,6,14,7,345
29.0,6,14,8,347
29.0,6,14,9,349
29.0,6,14,10,350
29.0,6,14,11,352
29.0,6,14,12,353
29.0,6,14,13,355
29.0,6,14,14,356
29.0,6,14,15,358
29.0,6,15,0,336
29.0,6,15,1,337
29.0,6,15,2,339
29.0,6,15,3,341
29.0,6,15,4,342
29.0,6,15,5,344
29.0,6,15,6,346
29.0,6,15,7,347
29.0,6,15,8,349
29.0,6,15,9,350
29.0,6,15,10,352
29.0,6,15,11,354
29.0,6,15,12,355
29.0,6,15,13,357
29.0,6,15,14,358
29.0,6,15,15,360
29.0,7,0,0,314
29.0,7,0,1,315
29.0,7,0,2,317
29.0,7,0,3,318
29.0,7,0,4,320
29.0,7,0,5,321
29.0,7,0,6,323
29.0,7,0,7,324
29.0,7,0,8,326
29.0,7,0,9,327
29.0,7,0,10,329
29.0,7,0,11,330
29.0,7,0,12,332
29.0,7,0,13,333
29.0,7,0,14,335
29.0,7,0,15,336
29.0,7,1,0,316
29.0,7,1,1,317
29.0,7,1,2,319
29.0,7,1,3,320
29.0,7,1,4,322
29.0,7,1,5,323
29.0,7,1,6,325
29.0,7,1,7,326
29.0,7,1,8,328
29.0,7,1,9,329
29.0,7,1,10,331
29.0,7,1,11,332
29.0,7,1,12,334
29.0,7,1,13,335
29.0,7,1,14,337
29.0,7,1,15,338
29.0,7,2,0,318
29.0,7,2,1,319
29.0,7,2,2,321
29.0,7,2,3,322
29.0,7,2,4,324
29.0,7,2,5,325
29.0,7,2,6,327
29.0,7,2,7,328
29.0,7,2,8,330
29.0,7,2,9,331
29.0,7,2,10,333
29.0,7,2,11,334
29.0,7,2,12,336
29.0,7,2,13,337
29.0,7,2,14,339
29.0,7,2,15,340
29.0,7,3,0,319
29.0,7,3,1,321
29.0,7,3,2,323
29.0,7,3,3,324
29.0,7,3,4,326
29.0,7,3,5,327
29.0,7,3,6,329
29.0,7,3,7,330
29.0,7,3,8,332
29.0,7,3,9,333
29.0,7,3,10,335
29.0,7,3,11,336
29.0,7,3,12,338
29.0,7,3,13,339
29.0,7,3,14,341
29.0,7,3,15,342
29.0,7,4,0,321
29.0,7,4,1,323
29.0,7,4,2,324
29.0,7,4,3,326
29.0,7,4,4,328
29.0,7,4,5,329
29.0,7,4,6,331
29.0,7,4,7,332
29.0,7,4,8,334
29.0,7,4,9,335
29.0,7,4,10,337
29.0,7,4,11,338
29.0,7,4,12,340
29.0,7,4,13,341
29.0,7,4,14,343
29.0,7,4,15,344
29.0,7,5,0,323
29.0,7,5,1,325
29.0,7,5,2,326
29.0,7,5,3,328
29.0,7,5,4,329
29.0,7,5,5,331
29.0,7,5,6,332
29.0,7,5,7,334
29.0,7,5,8,336
29.0,7,5,9,337
29.0,7,5,10,339
29.0,7,5,11,340
29.0,7,5,12,342
29.0,7,5,13,343
29.0,7,5,14,345
29.0,7,5,15,346
29.0,7,6,0,325
29.0,7,6,1,327
29.0,7,6,2,328
29.0,7,6,3,330
29.0,7,6,4,331
29.0,7,6,5,333
29.0,7,6,6,334
29.0,7,6,7,336
29.0,7,6,8,337
29.0,7,6,9,339
29.0,7,6,10,341
29.0,7,6,11,342
29.0,7,6,12,344
29.0,7,6,13,345
29.0,7,6,14,347
29.0,7,6,15,348
29.0,7,7,0,327
29.0,7,7,1,328
29.0,7,7,2,330
29.0,7,7,3,332
29.0,7,7,4,333
29.0,7,7,5,335
29.0,7,7,6,336
29.0,7,7,7,338
29.0,7,7,8,339
29.0,7,7,9,341
29.0,7,7,10,342
29.0,7,7,11,344
29.0,7,7,12,345
29.0,7,7,13,347
29.0,7,7,14,349
29.0,7,7,15,350
29.0,7,8,0,329
29.0,7,8,1,330
29.0,7,8,2,332
29.0,7,8,3,333
29.0,7,8,4,335
29.0,7,8,5,337
29.0,7,8,6,338
29.0,7,8,7,340
29.0,7,8,8,341
29.0,7,8,9,343
29.0,7,8,10,344
29.0,7,8,11,346
29.0,7,8,12,347
29.0,7,8,13,349
29.0,7,8,14,350
29.0,7,8,15,352
29.0,7,9,0,330
29.0,7,9,1,332
29.0,7,9,2,334
29.0,7,9,3,335
29.0,7,9,4,337
29.0,7,9,5,338
29.0,7,9,6,340
29.0,7,9,7,342
29.0,7,9,8,343
29.0,7,9,9,345
29.0,7,9,10,346
29.0,7,9,11,348
29.0,7,9,12,349
29.0,7,9,13,351
29.0,7,9,14,352
29.0,7,9,15,354
29.0,7,10,0,332
29.0,7,10,1,334
29.0,7,10,2,335
29.0,7,10,3,337
29.0,7,10,4,339
29.0,7,10,5,340
29.0,7,10,6,342
29.0,7,10,7,343
29.0,7,10,8,345
29.0,7,10,9,347
29.0,7,10,10,348
29.0,7,10,11,350
29.0,7,10,12,351
29.0,7,10,13,353
29.0,7,10,14,354
29.0,7,10,15,356
29.0,7,11,0,334
29.0,7,11,1,336
29.0,7,11,2,337
29.0,7,11,3,339
29.0,7,11,4,340
29.0,7,11,5,342
29.0,7,11,6,344
29.0,7,11,7,345
29.0,7,11,8,347
29.0,7,11,9,348
29.0,7,11,10,350
29.0,7,11,11,352
29.0,7,11,12,353
29.0,7,11,13,355
29.0,7,11,14,356
29.0,7,11,15,358
29.0,7,12,0,336
29.0,7,12,1,337
29.0,7,12,2,339
29.0,7,12,3,341
29.0,7,12,4,342
29.0,7,12,5,344
29.0,7,12,6,345
29.0,7,12,7,347
29.0,7,12,8,349
29.0,7,12,9,350
29.0,7,12,10,352
29.0,7,12,11,353
29.0,7,12,12,355
29.0,7,12,13,357
29.0,7,12,14,358
29.0,7,12,15,360
29.0,7,13,0,338
29.0,7,13,1,339
29.0,7,13,2,341
29.0,7,13,3,342
29.0,7,13,4,344
29.0,7,13,5,346
29.0,7,13,6,347
29.0,7,13,7,349
29.0,7,13,8,351
29.0,7,13,9,352
29.0,7,13,10,354
29.0,7,13,11,355
29.0,7,13,12,357
29.0,7,13,13,358
29.0,7,13,14,360
29.0,7,13,15,362
29.0,7,14,0,339
29.0,7,14,1,341
29.0,7,14,2,343
29.0,7,14,3,344
29.0,7,14,4,346
29.0,7,14,5,347
29.0,7,14,6,349
29.0,7,14,7,351
29.0,7,14,8,352
29.0,7,14,9,354
29.0,7,14,10,356
29.0,7,14,11,357
29.0,7,14,12,359
29.0,7,14,13,360
29.0,7,14,14,362
29.0,7,14,15,363
29.0,7,15,0,341
29.0,7,15,1,343
29.0,7,15,2,344
29.0,7,15,3,346
29.0,7,15,4,348
29.0,7,15,5,349
29.0,7,15,6,351
29.0,7,15,7,353
29.0,7,15,8,354
29.0,7,15,9,356
29.0,7,15,10,357
29.0,7,15,11,359
29.0,7,15,12,361
29.0,7,15,13,362
29.0,7,15,14,364
29.0,7,15,15,365
29.0,8,0,0,319
29.0,8,0,1,320
29.0,8,0,2,322
29.0,8,0,3,323
29.0,8,0,4,325
29.0,8,0,5,326
29.0,8,0,6,328
29.0,8,0,7,329
29.0,8,0,8,331
29.0,8,0,9,332
29.0,8,0,10,334
29.0,8,0,11,335
29.0,8,0,12,337
29.0,8,0,13,338
29.0,8,0,14,340
29.0,8,0,15,341
29.0,8,1,0,320
29.0,8,1,1,322
29.0,8,1,2,324
29.0,8,1,3,325
29.0,8,1,4,327
29.0,8,1,5,328
29.0,8,1,6,330
29.0,8,1,7,331
29.0,8,1,8,333
29.0,8,1,9,334
29.0,8,1,10,336
29.0,8,1,11,337
29.0,8,1,12,339
29.0,8,1,13,340
29.0,8,1,14,342
29.0,8,1,15,343
29.0,8,2,0,322
29.0,8,2,1,324
29.0,8,2,2,326
29.0,8,2,3,327
29.0,8,2,4,329
29.0,8,2,5,330
29.0,8,2,6,332
29.0,8,2,7,333
29.0,8,2,8,335
29.0,8,2,9,336
29.0,8,2,10,338
29.0,8,2,11,339
29.0,8,2,12,341
29.0,8,2,13,342
29.0,8,2,14,344
29.0,8,2,15,345
29.0,8,3,0,324
29.0,8,3,1,326
29.0,8,3,2,327
29.0,8,3,3,329
29.0,8,3,4,331
29.0,8,3,5,332
29.0,8,3,6,334
29.0,8,3,7,335
29.0,8,3,8,337
29.0,8,3,9,338
29.0,8,3,10,340
29.0,8,3,11,341
29.0,8,3,12,343
29.0,8,3,13,344
29.0,8,3,14,346
29.0,8,3,15,347
29.0,8,4,0,326
29.0,8,4,1,328
29.0,8,4,2,329
29.0,8,4,3,331
29.0,8,4,4,332
29.0,8,4,5,334
29.0,8,4,6,336
29.0,8,4,7,337
29.0,8,4,8,339
29.0,8,4,9,340
29.0,8,4,10,342
29.0,8,4,11,343
29.0,8,4,12,345
29.0,8,4,13,346
29.0,8,4,14,348
29.0,8,4,15,349
29.0,8,5,0,328
29.0,8,5,1,330
29.0,8,5,2,331
29.0,8,5,3,333
29.0,8,5,4,334
29.0,8,5,5,336
29.0,8,5,6,338
29.0,8,5,7,339
29.0,8,5,8,341
29.0,8,5,9,342
29.0,8,5,10,344
29.0,8,5,11,345
29.0,8,5,12,347
29.0,8,5,13,348
29.0,8,5,14,350
29.0,8,5,15,351
29.0,8,6,0,330
29.0,8,6,1,331
29.0,8,6,2,333
29.0,8,6,3,335
29.0,8,6,4,336
29.0,8,6,5,338
29.0,8,6,6,339
29.0,8,6,7,341
29.0,8,6,8,343
29.0,8,6,9,344
29.0,8,6,10,346
29.0,8,6,11,347
29.0,8,6,12,349
29.0,8,6,13,350
29.0,8,6,14,352
29.0,8,6,15,353
29.0,8,7,0,332
29.0,8,7,1,333
29.0,8,7,2,335
29.0,8,7,3,337
29.0,8,7,4,338
29.0,8,7,5,340
29.0,8,7,6,341
29.0,8,7,7,343
29.0,8,7,8,345
29.0,8,7,9,346
29.0,8,7,10,348
29.0,8,7,11,349
29.0,8,7,12,351
29.0,8,7,13,352
29.0,8,7,14,354
29.0,8,7,15,355
29.0,8,8,0,334
29.0,8,8,1,335
29.0,8,8,2,337
29.0,8,8,3,338
29.0,8,8,4,340
29.0,8,8,5,342
29.0,8,8,6,343
29.0,8,8,7,345
29.0,8,8,8,346
29.0,8,8,9,348
29.0,8,8,10,350
29.0,8,8,11,351
29.0,8,8,12,353
29.0,8,8,13,354
29.0,8,8,14,356
29.0,8,8,15,357
29.0,8,9,0,335
29.0,8,9,1,337
29.0,8,9,2,339
29.0,8,9,3,340
29.0,8,9,4,342
29.0,8,9,5,344
29.0,8,9,6,345
29.0,8,9,7,347
29.0,8,9,8,348
29.0,8,9,9,350
29.0,8,9,10,351
29.0,8,9,11,353
29.0,8,9,12,355
29.0,8,9,13,356
29.0,8,9,14,358
29.0,8,9,15,359
29.0,8,10,0,337
29.0,8,10,1,339
29.0,8,10,2,341
29.0,8,10,3,342
29.0,8,10,4,344
29.0,8,10,5,345
29.0,8,10,6,347
29.0,8,10,7,349
29.0,8,10,8,350
29.0,8,10,9,352
29.0,8,10,10,353
29.0,8,10,11,355
29.0,8,10,12,357
29.0,8,10,13,358
29.0,8,10,14,360
29.0,8,10,15,361
29.0,8,11,0,339
29.0,8,11,1,341
29.0,8,11,2,342
29.0,8,11,3,344
29.0,8,11,4,346
29.0,8,11,5,347
29.0,8,11,6,349
29.0,8,11,7,350
29.0,8,11,8,352
29.0,8,11,9,354
29.0,8,11,10,355
29.0,8,11,11,357
29.0,8,11,12,358
29.0,8,11,13,360
29.0,8,11,14,362
29.0,8,11,15,363
29.0,8,12,0,341
29.0,8,12,1,343
29.0,8,12,2,344
29.0,8,12,3,346
29.0,8,12,4,347
29.0,8,12,5,349
29.0,8,12,6,351
29.0,8,12,7,352
29.0,8,12,8,354
29.0,8,12,9,356
29.0,8,12,10,357
29.0,8,12,11,359
29.0,8,12,12,360
29.0,8,12,13,362
29.0,8,12,14,364
29.0,8,12,15,365
29.0,8,13,0,343
29.0,8,13,1,344
29.0,8,13,2,346
29.0,8,13,3,348
29.0,8,13,4,349
29.0,8,13,5,351
29.0,8,13,6,353
29.0,8,13,7,354
29.0,8,13,8,356
29.0,8,13,9,357
29.0,8,13,10,359
29.0,8,13,11,361
29.0,8,13,12,362
29.0,8,13,13,364
29.0,8,13,14,365
29.0,8,13,15,367
29.0,8,14,0,344
29.0,8,14,1,346
29.0,8,14,2,348
29.0,8,14,3,349
29.0,8,14,4,351
29.0,8,14,5,353
29.0,8,14,6,354
29.0,8,14,7,356
29.0,8,14,8,358
29.0,8,14,9,359
29.0,8,14,10,361
29.0,8,14,11,363
29.0,8,14,12,364
29.0,8,14,13,366
29.0,8,14,14,367
29.0,8,14,15,369
29.0,8,15,0,346
29.0,8,15,1,348
29.0,8,15,2,350
29.0,8,15,3,351
29.0,8,15,4,353
29.0,8,15,5,355
29.0,8,15,6,356
29.0,8,15,7,358
29.0,8,15,8,360
29.0,8,15,9,361
29.0,8,15,10,363
29.0,8,15,11,364
29.0,8,15,12,366
29.0,8,15,13,368
29.0,8,15,14,369
29.0,8,15,15,371
29.0,9,0,0,323
29.0,9,0,1,325
29.0,9,0,2,326
29.0,9,0,3,328
29.0,9,0,4,330
29.0,9,0,5,331
29.0,9,0,6,333
29.0,9,0,7,334
29.0,9,0,8,336
29.0,9,0,9,337
29.0,9,0,10,339
29.0,9,0,11,340
29.0,9,0,12,342
29.0,9,0,13,343
29.0,9,0,14,345
29.0,9,0,15,346
29.0,9,1,0,325
29.0,9,1,1,327
29.0,9,1,2,328
29.0,9,1,3,330
29.0,9,1,4,332
29.0,9,1,5,333
29.0,9,1,6,335
29.0,9,1,7,336
29.0,9,1,8,338
29.0,9,1,9,339
29.0,9,1,10,341
29.0,9,1,11,342
29.0,9,1,12,344
29.0,9,1,13,345
29.0,9,1,14,347
29.0,9,1,15,348
29.0,9,2,0,327
29.0,9,2,1,329
29.0,9,2,2,330
29.0,9,2,3,332
29.0,9,2,4,334
29.0,9,2,5,335
29.0,9,2,6,337
29.0,9,2,7,338
29.0,9,2,8,340
29.0,9,2,9,341
29.0,9,2,10,343
29.0,9,2,11,344
29.0,9,2,12,346
29.0,9,2,13,347
29.0,9,2,14,349
29.0,9,2,15,350
29.0,9,3,0,329
29.0,9,3,1,331
29.0,9,3,2,332
29.0,9,3,3,334
29.0,9,3,4,336
29.0,9,3,5,337
29.0,9,3,6,339
29.0,9,3,7,340
29.0,9,3,8,342
29.0,9,3,9,343
29.0,9,3,10,345
29.0,9,3,11,346
29.0,9,3,12,348
29.0,9,3,13,349
29.0,9,3,14,351
29.0,9,3,15,353
29.0,9,4,0,331
29.0,9,4,1,333
29.0,9,4,2,334
29.0,9,4,3,336
29.0,9,4,4,337
29.0,9,4,5,339
29.0,9,4,6,341
29.0,9,4,7,342
29.0,9,4,8,344
29.0,9,4,9,345
29.0,9,4,10,347
29.0,9,4,11,348
29.0,9,4,12,350
29.0,9,4,13,352
29.0,9,4,14,353
29.0,9,4,15,355
29.0,9,5,0,333
29.0,9,5,1,335
29.0,9,5,2,336
29.0,9,5,3,338
29.0,9,5,4,339
29.0,9,5,5,341
29.0,9,5,6,343
29.0,9,5,7,344
29.0,9,5,8,346
29.0,9,5,9,347
29.0,9,5,10,349
29.0,9,5,11,350
29.0,9,5,12,352
29.0,9,5,13,354
29.0,9,5,14,355
29.0,9,5,15,357
29.0,9,6,0,335
29.0,9,6,1,336
29.0,9,6,2,338
29.0,9,6,3,340
29.0,9,6,4,341
29.0,9,6,5,343
29.0,9,6,6,345
29.0,9,6,7,346
29.0,9,6,8,348
29.0,9,6,9,349
29.0,9,6,10,351
29.0,9,6,11,352
29.0,9,6,12,354
29.0,9,6,13,356
29.0,9,6,14,357
29.0,9,6,15,359
29.0,9,7,0,337
29.0,9,7,1,338
29.0,9,7,2,340
29.0,9,7,3,342
29.0,9,7,4,343
29.0,9,7,5,345
29.0,9,7,6,346
29.0,9,7,7,348
29.0,9,7,8,350
29.0,9,7,9,351
29.0,9,7,10,353
29.0,9,7,11,354
29.0,9,7,12,356
29.0,9,7,13,358
29.0,9,7,14,359
29.0,9,7,15,361
29.0,9,8,0,339
29.0,9,8,1,340
29.0,9,8,2,342
29.0,9,8,3,344
29.0,9,8,4,345
29.0,9,8,5,347
29.0,9,8,6,348
29.0,9,8,7,350
29.0,9,8,8,352
29.0,9,8,9,353
29.0,9,8,10,355
29.0,9,8,11,356
29.0,9,8,12,358
29.0,9,8,13,360
29.0,9,8,14,361
29.0,9,8,15,363
29.0,9,9,0,340
29.0,9,9,1,342
29.0,9,9,2,344
29.0,9,9,3,345
29.0,9,9,4,347
29.0,9,9,5,349
29.0,9,9,6,350
29.0,9,9,7,352
29.0,9,9,8,354
29.0,9,9,9,355
29.0,9,9,10,357
29.0,9,9,11,358
29.0,9,9,12,360
29.0,9,9,13,361
29.0,9,9,14,363
29.0,9,9,15,365
29.0,9,10,0,342
29.0,9,10,1,344
29.0,9,10,2,346
29.0,9,10,3,347
29.0,9,10,4,349
29.0,9,10,5,351
29.0,9,10,6,352
29.0,9,10,7,354
29.0,9,10,8,355
29.0,9,10,9,357
29.0,9,10,10,359
29.0,9,10,11,360
29.0,9,10,12,362
29.0,9,10,13,363
29.0,9,10,14,365
29.0,9,10,15,367
29.0,9,11,0,344
29.0,9,11,1,346
29.0,9,11,2,347
29.0,9,11,3,349
29.0,9,11,4,351
29.0,9,11,5,352
29.0,9,11,6,354
29.0,9,11,7,356
29.0,9,11,8,357
29.0,9,11,9,359
29.0,9,11,10,361
29.0,9,11,11,362
29.0,9,11,12,364
29.0,9,11,13,365
29.0,9,11,14,367
29.0,9,11,15,369
29.0,9,12,0,346
29.0,9,12,1,348
29.0,9,12,2,349
29.0,9,12,3,351
29.0,9,12,4,353
29.0,9,12,5,354
29.0,9,12,6,356
29.0,9,12,7,358
29.0,9,12,8,359
29.0,9,12,9,361
29.0,9,12,10,363
29.0,9,12,11,364
29.0,9,12,12,366
29.0,9,12,13,367
29.0,9,12,14,369
29.0,9,12,15,371
29.0,9,13,0,348
29.0,9,13,1,349
29.0,9,13,2,351
29.0,9,13,3,353
29.0,9,13,4,355
29.0,9,13,5,356
29.0,9,13,6,358
29.0,9,13,7,359
29.0,9,13,8,361
29.0,9,13,9,363
29.0,9,13,10,364
29.0,9,13,11,366
29.0,9,13,12,368
29.0,9,13,13,369
29.0,9,13,14,371
29.0,9,13,15,372
29.0,9,14,0,350
29.0,9,14,1,351
29.0,9,14,2,353
29.0,9,14,3,355
29.0,9,14,4,356
29.0,9,14,5,358
29.0,9,14,6,360
29.0,9,14,7,361
29.0,9,14,8,363
29.0,9,14,9,365
29.0,9,14,10,366
29.0,9,14,11,368
29.0,9,14,12,370
29.0,9,14,13,371
29.0,9,14,14,373
29.0,9,14,15,374
29.0,9,15,0,351
29.0,9,15,1,353
29.0,9,15,2,355
29.0,9,15,3,356
29.0,9,15,4,358
29.0,9,15,5,360
29.0,9,15,6,362
29.0,9,15,7,363
29.0,9,15,8,365
29.0,9,15,9,367
29.0,9,15,10,368
29.0,9,15,11,370
29.0,9,15,12,371
29.0,9,15,13,373
29.0,9,15,14,375
29.0,9,15,15,376
29.0,10,0,0,328
29.0,10,0,1,330
29.0,10,0,2,331
29.0,10,0,3,333
29.0,10,0,4,334
29.0,10,0,5,336
29.0,10,0,6,338
29.0,10,0,7,339
29.0,10,0,8,341
29.0,10,0,9,342
29.0,10,0,10,344
29.0,10,0,11,345
29.0,10,0,12,347
29.0,10,0,13,348
29.0,10,0,14,350
29.0,10,0,15,351
29.0,10,1,0,330
29.0,10,1,1,332
29.0,10,1,2,333
29.0,10,1,3,335
29.0,10,1,4,336
29.0,10,1,5,338
29.0,10,1,6,340
29.0,10,1,7,341
29.0,10,1,8,343
29.0,10,1,9,344
29.0,10,1,10,346
29.0,10,1,11,347
29.0,10,1,12,349
29.0,10,1,13,350
29.0,10,1,14,352
29.0,10,1,15,354
29.0,10,2,0,332
29.0,10,2,1,334
29.0,10,2,2,335
29.0,10,2,3,337
29.0,10,2,4,338
29.0,10,2,5,340
29.0,10,2,6,342
29.0,10,2,7,343
29.0,10,2,8,345
29.0,10,2,9,346
29.0,10,2,10,348
29.0,10,2,11,349
29.0,10,2,12,351
29.0,10,2,13,353
29.0,10,2,14,354
29.0,10,2,15,356
29.0,10,3,0,334
29.0,10,3,1,336
29.0,10,3,2,337
29.0,10,3,3,339
29.0,10,3,4,340
29.0,10,3,5,342
29.0,10,3,6,344
29.0,10,3,7,345
29.0,10,3,8,347
29.0,10,3,9,348
29.0,10,3,10,350
29.0,10,3,11,352
29.0,10,3,12,353
29.0,10,3,13,355
29.0,10,3,14,356
29.0,10,3,15,358
29.0,10,4,0,336
29.0,10,4,1,338
29.0,10,4,2,339
29.0,10,4,3,341
29.0,10,4,4,342
29.0,10,4,5,344
29.0,10,4,6,346
29.0,10,4,7,347
29.0,10,4,8,349
29.0,10,4,9,350
29.0,10,4,10,352
29.0,10,4,11,354
29.0,10,4,12,355
29.0,10,4,13,357
29.0,10,4,14,358
29.0,10,4,15,360
29.0,10,5,0,338
29.0,10,5,1,339
29.0,10,5,2,341
29.0,10,5,3,343
29.0,10,5,4,344
29.0,10,5,5,346
29.0,10,5,6,348
29.0,10,5,7,349
29.0,10,5,8,351
29.0,10,5,9,352
29.0,10,5,10,354
29.0,10,5,11,356
29.0,10,5,12,357
29.0,10,5,13,359
29.0,10,5,14,360
29.0,10,5,15,362
29.0,10,6,0,340
29.0,10,6,1,341
29.0,10,6,2,343
29.0,10,6,3,345
29.0,10,6,4,346
29.0,10,6,5,348
29.0,10,6,6,350
29.0,10,6,7,351
29.0,10,6,8,353
29.0,10,6,9,354
29.0,10,6,10,356
29.0,10,6,11,358
29.0,10,6,12,359
29.0,10,6,13,361
29.0,10,6,14,362
29.0,10,6,15,364
29.0,10,7,0,342
29.0,10,7,1,343
29.0,10,7,2,345
29.0,10,7,3,347
29.0,10,7,4,348
29.0,10,7,5,350
29.0,10,7,6,352
29.0,10,7,7,353
29.0,10,7,8,355
29.0,10,7,9,356
29.0,10,7,10,358
29.0,10,7,11,360
29.0,10,7,12,361
29.0,10,7,13,363
29.0,10,7,14,364
29.0,10,7,15,366
29.0,10,8,0,344
29.0,10,8,1,345
29.0,10,8,2,347
29.0,10,8,3,349
29.0,10,8,4,350
29.0,10,8,5,352
29.0,10,8,6,354
29.0,10,8,7,355
29.0,10,8,8,357
29.0,10,8,9,358
29.0,10,8,10,360
29.0,10,8,11,362
29.0,10,8,12,363
29.0,10,8,13,365
29.0,10,8,14,366
29.0,10,8,15,368
29.0,10,9,0,345
29.0,10,9,1,347
29.0,10,9,2,349
29.0,10,9,3,350
29.0,10,9,4,352
29.0,10,9,5,354
29.0,10,9,6,355
29.0,10,9,7,357
29.0,10,9,8,359
29.0,10,9,9,360
29.0,10,9,10,362
29.0,10,9,11,364
29.0,10,9,12,365
29.0,10,9,13,367
29.0,10,9,14,368
29.0,10,9,15,370
29.0,10,10,0,347
29.0,10,10,1,349
29.0,10,10,2,351
29.0,10,10,3,352
29.0,10,10,4,354
29.0,10,10,5,356
29.0,10,10,6,357
29.0,10,10,7,359
29.0,10,10,8,361
29.0,10,10,9,362
29.0,10,10,10,364
29.0,10,10,11,366
29.0,10,10,12,367
29.0,10,10,13,369
29.0,10,10,14,370
29.0,10,10,15,372
29.0,10,11,0,349
29.0,10,11,1,351
29.0,10,11,2,353
29.0,10,11,3,354
29.0,10,11,4,356
29.0,10,11,5,358
29.0,10,11,6,359
29.0,10,11,7,361
29.0,10,11,8,363
29.0,10,11,9,364
29.0,10,11,10,366
29.0,10,11,11,368
29.0,10,11,12,369
29.0,10,11,13,371
29.0,10,11,14,372
29.0,10,11,15,374
29.0,10,12,0,351
29.0,10,12,1,353
29.0,10,12,2,354
29.0,10,12,3,356
29.0,10,12,4,358
29.0,10,12,5,360
29.0,10,12,6,361
29.0,10,12,7,363
29.0,10,12,8,365
29.0,10,12,9,366
29.0,10,12,10,368
29.0,10,12,11,369
29.0,10,12,12,371
29.0,10,12,13,373
29.0,10,12,14,374
29.0,10,12,15,376
29.0,10,13,0,353
29.0,10,13,1,355
29.0,10,13,2,356
29.0,10,13,3,358
29.0,10,13,4,360
29.0,10,13,5,361
29.0,10,13,6,363
29.0,10,13,7,365
29.0,10,13,8,366
29.0,10,13,9,368
29.0,10,13,10,370
29.0,10,13,11,371
29.0,10,13,12,373
29.0,10,13,13,375
29.0,10,13,14,376
29.0,10,13,15,378
29.0,10,14,0,355
29.0,10,14,1,356
29.0,10,14,2,358
29.0,10,14,3,360
29.0,10,14,4,362
29.0,10,14,5,363
29.0,10,14,6,365
29.0,10,14,7,367
29.0,10,14,8,368
29.0,10,14,9,370
29.0,10,14,10,372
29.0,10,14,11,373
29.0,10,14,12,375
29.0,10,14,13,377
29.0,10,14,14,378
29.0,10,14,15,380
29.0,10,15,0,357
29.0,10,15,1,358
29.0,10,15,2,360
29.0,10,15,3,362
29.0,10,15,4,363
29.0,10,15,5,365
29.0,10,15,6,367
29.0,10,15,7,369
29.0,10,15,8,370
29.0,10,15,9,372
29.0,10,15,10,374
29.0,10,15,11,375
29.0,10,15,12,377
29.0,10,15,13,379
29.0,10,15,14,380
29.0,10,15,15,382
29.0,11,0,0,333
29.0,11,0,1,334
29.0,11,0,2,336
29.0,11,0,3,338
29.0,11,0,4,339
29.0,11,0,5,341
29.0,11,0,6,342
29.0,11,0,7,344
29.0,11,0,8,346
29.0,11,0,9,347
29.0,11,0,10,349
29.0,11,0,11,350
29.0,11,0,12,352
29.0,11,0,13,353
29.0,11,0,14,355
29.0,11,0,15,357
29.0,11,1,0,335
29.0,11,1,1,336
29.0,11,1,2,338
29.0,11,1,3,340
29.0,11,1,4,341
29.0,11,1,5,343
29.0,11,1,6,345
29.0,11,1,7,346
29.0,11,1,8,348
29.0,11,1,9,349
29.0,11,1,10,351
29.0,11,1,11,352
29.0,11,1,12,354
29.0,11,1,13,356
29.0,11,1,14,357
29.0,11,1,15,359
29.0,11,2,0,337
29.0,11,2,1,338
29.0,11,2,2,340
29.0,11,2,3,342
29.0,11,2,4,343
29.0,11,2,5,345
29.0,11,2,6,347
29.0,11,2,7,348
29.0,11,2,8,350
29.0,11,2,9,351
29.0,11,2,10,353
29.0,11,2,11,355
29.0,11,2,12,356
29.0,11,2,13,358
29.0,11,2,14,359
29.0,11,2,15,361
29.0,11,3,0,339
29.0,11,3,1,340
29.0,11,3,2,342
29.0,11,3,3,344
29.0,11,3,4,345
29.0,11,3,5,347
29.0,11,3,6,349
29.0,11,3,7,350
29.0,11,3,8,352
29.0,11,3,9,353
29.0,11,3,10,355
29.0,11,3,11,357
29.0,11,3,12,358
29.0,11,3,13,360
29.0,11,3,14,361
29.0,11,3,15,363
29.0,11,4,0,341
29.0,11,4,1,342
29.0,11,4,2,344
29.0,11,4,3,346
29.0,11,4,4,347
29.0,11,4,5,349
29.0,11,4,6,351
29.0,11,4,7,352
29.0,11,4,8,354
29.0,11,4,9,356
29.0,11,4,10,357
29.0,11,4,11,359
29.0,11,4,12,360
29.0,11,4,13,362
29.0,11,4,14,363
29.0,11,4,15,365
29.0,11,5,0,343
29.0,11,5,1,344
29.0,11,5,2,346
29.0,11,5,3,348
29.0,11,5,4,349
29.0,11,5,5,351
29.0,11,5,6,353
29.0,11,5,7,354
29.0,11,5,8,356
29.0,11,5,9,358
29.0,11,5,10,359
29.0,11,5,11,361
29.0,11,5,12,362
29.0,11,5,13,364
29.0,11,5,14,366
29.0,11,5,15,367
29.0,11,6,0,345
29.0,11,6,1,346
29.0,11,6,2,348
29.0,11,6,3,350
29.0,11,6,4,351
29.0,11,6,5,353
29.0,11,6,6,355
29.0,11,6,7,356
29.0,11,6,8,358
29.0,11,6,9,360
29.0,11,6,10,361
29.0,11,6,11,363
29.0,11,6,12,364
29.0,11,6,13,366
29.0,11,6,14,368
29.0,11,6,15,369
29.0,11,7,0,347
29.0,11,7,1,348
29.0,11,7,2,350
29.0,11,7,3,352
29.0,11,7,4,353
29.0,11,7,5,355
29.0,11,7,6,357
29.0,11,7,7,358
29.0,11,7,8,360
29.0,11,7,9,362
29.0,11,7,10,363
29.0,11,7,11,365
29.0,11,7,12,366
29.0,11,7,13,368
29.0,11,7,14,370
29.0,11,7,15,371
29.0,11,8,0,349
29.0,11,8,1,350
29.0,11,8,2,352
29.0,11,8,3,354
29.0,11,8,4,355
29.0,11,8,5,357
29.0,11,8,6,359
29.0,11,8,7,360
29.0,11,8,8,362
29.0,11,8,9,364
29.0,11,8,10,365
29.0,11,8,11,367
29.0,11,8,12,368
29.0,11,8,13,370
29.0,11,8,14,372
29.0,11,8,15,373
29.0,11,9,0,350
29.0,11,9,1,352
29.0,11,9,2,354
29.0,11,9,3,356
29.0,11,9,4,357
29.0,11,9,5,359
29.0,11,9,6,361
29.0,11,9,7,362
29.0,11,9,8,364
29.0,11,9,9,366
29.0,11,9,10,367
29.0,11,9,11,369
29.0,11,9,12,371
29.0,11,9,13,372
29.0,11,9,14,374
29.0,11,9,15,375
29.0,11,10,0,352
29.0,11,10,1,354
29.0,11,10,2,356
29.0,11,10,3,357
29.0,11,10,4,359
29.0,11,10,5,361
29.0,11,10,6,363
29.0,11,10,7,364
29.0,11,10,8,366
29.0,11,10,9,368
29.0,11,10,10,369
29.0,11,10,11,371
29.0,11,10,12,373
29.0,11,10,13,374
29.0,11,10,14,376
29.0,11,10,15,377
29.0,11,11,0,354
29.0,11,11,1,356
29.0,11,11,2,358
29.0,11,11,3,359
29.0,11,11,4,361
29.0,11,11,5,363
29.0,11,11,6,365
29.0,11,11,7,366
29.0,11,11,8,368
29.0,11,11,9,370
29.0,11,11,10,371
29.0,11,11,11,373
29.0,11,11,12,375
29.0,11,11,13,376
29.0,11,11,14,378
29.0,11,11,15,379
29.0,11,12,0,356
29.0,11,12,1,358
29.0,11,12,2,360
29.0,11,12,3,361
29.0,11,12,4,363
29.0,11,12,5,365
29.0,11,12,6,366
29.0,11,12,7,368
29.0,11,12,8,370
29.0,11,12,9,372
29.0,11,12,10,373
29.0,11,12,11,375
29.0,11,12,12,377
29.0,11,12,13,378
29.0,11,12,14,380
29.0,11,12,15,381
29.0,11,13,0,358
29.0,11,13,1,360
29.0,11,13,2,361
29.0,11,13,3,363
29.0,11,13,4,365
29.0,11,13,5,367
29.0,11,13,6,368
29.0,11,13,7,370
29.0,11,13,8,372
29.0,11,13,9,373
29.0,11,13,10,375
29.0,11,13,11,377
29.0,11,13,12,378
29.0,11,13,13,380
29.0,11,13,14,382
29.0,11,13,15,383
29.0,11,14,0,360
29.0,11,14,1,362
29.0,11,14,2,363
29.0,11,14,3,365
29.0,11,14,4,367
29.0,11,14,5,369
29.0,11,14,6,370
29.0,11,14,7,372
29.0,11,14,8,374
29.0,11,14,9,375
29.0,11,14,10,377
29.0,11,14,11,379
29.0,11,14,12,380
29.0,11,14,13,382
29.0,11,14,14,384
29.0,11,14,15,385
29.0,11,15,0,362
29.0,11,15,1,363
29.0,11,15,2,365
29.0,11,15,3,367
29.0,11,15,4,369
29.0,11,15,5,370
29.0,11,15,6,372
29.0,11,15,7,374
29.0,11,15,8,376
29.0,11,15,9,377
29.0,11,15,10,379
29.0,11,15,11,381
29.0,11,15,12,382
29.0,11,15,13,384
29.0,11,15,14,386
29.0,11,15,15,387
29.0,12,0,0,338
29.0,12,0,1,339
29.0,12,0,2,341
29.0,12,0,3,343
29.0,12,0,4,344
29.0,12,0,5,346
29.0,12,0,6,347
29.0,12,0,7,349
29.0,12,0,8,351
29.0,12,0,9,352
29.0,12,0,10,354
29.0,12,0,11,355
29.0,12,0,12,357
29.0,12,0,13,358
29.0,12,0,14,360
29.0,12,0,15,362
29.0,12,1,0,340
29.0,12,1,1,341
29.0,12,1,2,343
29.0,12,1,3,345
29.0,12,1,4,346
29.0,12,1,5,348
29.0,12,1,6,349
29.0,12,1,7,351
29.0,12,1,8,353
29.0,12,1,9,354
29.0,12,1,10,356
29.0,12,1,11,357
29.0,12,1,12,359
29.0,12,1,13,361
29.0,12,1,14,362
29.0,12,1,15,364
29.0,12,2,0,342
29.0,12,2,1,343
29.0,12,2,2,345
29.0,12,2,3,347
29.0,12,2,4,348
29.0,12,2,5,350
29.0,12,2,6,352
29.0,12,2,7,353
29.0,12,2,8,355
29.0,12,2,9,356
29.0,12,2,10,358
29.0,12,2,11,360
29.0,12,2,12,361
29.0,12,2,13,363
29.0,12,2,14,364
29.0,12,2,15,366
29.0,12,3,0,344
29.0,12,3,1,345
29.0,12,3,2,347
29.0,12,3,3,349
29.0,12,3,4,350
29.0,12,3,5,352
29.0,12,3,6,354
29.0,12,3,7,355
29.0,12,3,8,357
29.0,12,3,9,359
29.0,12,3,10,360
29.0,12,3,11,362
29.0,12,3,12,363
29.0,12,3,13,365
29.0,12,3,14,367
29.0,12,3,15,368
29.0,12,4,0,346
29.0,12,4,1,347
29.0,12,4,2,349
29.0,12,4,3,351
29.0,12,4,4,352
29.0,12,4,5,354
29.0,12,4,6,356
29.0,12,4,7,357
29.0,12,4,8,359
29.0,12,4,9,361
29.0,12,4,10,362
29.0,12,4,11,364
29.0,12,4,12,365
29.0,12,4,13,367
29.0,12,4,14,369
29.0,12,4,15,370
29.0,12,5,0,348
29.0,12,5,1,349
29.0,12,5,2,351
29.0,12,5,3,353
29.0,12,5,4,354
29.0,12,5,5,356
29.0,12,5,6,358
29.0,12,5,7,359
29.0,12,5,8,361
29.0,12,5,9,363
29.0,12,5,10,364
29.0,12,5,11,366
29.0,12,5,12,368
29.0,12,5,13,369
29.0,12,5,14,371
29.0,12,5,15,372
29.0,12,6,0,350
29.0,12,6,1,351
29.0,12,6,2,353
29.0,12,6,3,355
29.0,12,6,4,356
29.0,12,6,5,358
29.0,12,6,6,360
29.0,12,6,7,361
29.0,12,6,8,363
29.0,12,6,9,365
29.0,12,6,10,366
29.0,12,6,11,368
29.0,12,6,12,370
29.0,12,6,13,371
29.0,12,6,14,373
29.0,12,6,15,374
29.0,12,7,0,352
29.0,12,7,1,353
29.0,12,7,2,355
29.0,12,7,3,357
29.0,12,7,4,358
29.0,12,7,5,360
29.0,12,7,6,362
29.0,12,7,7,363
29.0,12,7,8,365
29.0,12,7,9,367
29.0,12,7,10,368
29.0,12,7,11,370
29.0,12,7,12,372
29.0,12,7,13,373
29.0,12,7,14,375
29.0,12,7,15,377
29.0,12,8,0,354
29.0,12,8,1,355
29.0,12,8,2,357
29.0,12,8,3,359
29.0,12,8,4,360
29.0,12,8,5,362
29.0,12,8,6,364
29.0,12,8,7,365
29.0,12,8,8,367
29.0,12,8,9,369
29.0,12,8,10,370
29.0,12,8,11,372
29.0,12,8,12,374
29.0,12,8,13,375
29.0,12,8,14,377
29.0,12,8,15,379
29.0,12,9,0,355
29.0,12,9,1,357
29.0,12,9,2,359
29.0,12,9,3,361
29.0,12,9,4,362
29.0,12,9,5,364
29.0,12,9,6,366
29.0,12,9,7,367
29.0,12,9,8,369
29.0,12,9,9,371
29.0,12,9,10,372
29.0,12,9,11,374
29.0,12,9,12,376
29.0,12,9,13,377
29.0,12,9,14,379
29.0,12,9,15,381
29.0,12,10,0,357
29.0,12,10,1,359
29.0,12,10,2,361
29.0,12,10,3,363
29.0,12,10,4,364
29.0,12,10,5,366
29.0,12,10,6,368
29.0,12,10,7,369
29.0,12,10,8,371
29.0,12,10,9,373
29.0,12,10,10,375
29.0,12,10,11,376
29.0,12,10,12,378
29.0,12,10,13,380
29.0,12,10,14,381
29.0,12,10,15,383
29.0,12,11,0,359
29.0,12,11,1,361
29.0,12,11,2,363
29.0,12,11,3,365
29.0,12,11,4,366
29.0,12,11,5,368
29.0,12,11,6,370
29.0,12,11,7,371
29.0,12,11,8,373
29.0,12,11,9,375
29.0,12,11,10,377
29.0,12,11,11,378
29.0,12,11,12,380
29.0,12,11,13,382
29.0,12,11,14,383
29.0,12,11,15,385
29.0,12,12,0,361
29.0,12,12,1,363
29.0,12,12,2,365
29.0,12,12,3,366
29.0,12,12,4,368
29.0,12,12,5,370
29.0,12,12,6,372
29.0,12,12,7,373
29.0,12,12,8,375
29.0,12,12,9,377
29.0,12,12,10,379
29.0,12,12,11,380
29.0,12,12,12,382
29.0,12,12,13,384
29.0,12,12,14,385
29.0,12,12,15,387
29.0,12,13,0,363
29.0,12,13,1,365
29.0,12,13,2,367
29.0,12,13,3,368
29.0,12,13,4,370
29.0,12,13,5,372
29.0,12,13,6,374
29.0,12,13,7,375
29.0,12,13,8,377
29.0,12,13,9,379
29.0,12,13,10,381
29.0,12,13,11,382
29.0,12,13,12,384
29.0,12,13,13,386
29.0,12,13,14,387
29.0,12,13,15,389
29.0,12,14,0,365
29.0,12,14,1,367
29.0,12,14,2,369
29.0,12,14,3,370
29.0,12,14,4,372
29.0,12,14,5,374
29.0,12,14,6,376
29.0,12,14,7,377
29.0,12,14,8,379
29.0,12,14,9,381
29.0,12,14,10,382
29.0,12,14,11,384
29.0,12,14,12,386
29.0,12,14,13,388
29.0,12,14,14,389
29.0,12,14,15,391
29.0,12,15,0,367
29.0,12,15,1,369
29.0,12,15,2,370
29.0,12,15,3,372
29.0,12,15,4,374
29.0,12,15,5,376
29.0,12,15,6,378
29.0,12,15,7,379
29.0,12,15,8,381
29.0,12,15,9,383
29.0,12,15,10,384
29.0,12,15,11,386
29.0,12,15,12,388
29.0,12,15,13,390
29.0,12,15,14,391
29.0,12,15,15,393
29.0,13,0,0,342
29.0,13,0,1,344
29.0,13,0,2,346
29.0,13,0,3,347
29.0,13,0,4,349
29.0,13,0,5,351
29.0,13,0,6,352
29.0,13,0,7,354
29.0,13,0,8,356
29.0,13,0,9,357
29.0,13,0,10,359
29.0,13,0,11,360
29.0,13,0,12,362
29.0,13,0,13,364
29.0,13,0,14,365
29.0,13,0,15,367
29.0,13,1,0,344
29.0,13,1,1,346
29.0,13,1,2,348
29.0,13,1,3,349
29.0,13,1,4,351
29.0,13,1,5,353
29.0,13,1,6,354
29.0,13,1,7,356
29.0,13,1,8,358
29.0,13,1,9,359
29.0,13,1,10,361
29.0,13,1,11,363
29.0,13,1,12,364
29.0,13,1,13,366
29.0,13,1,14,367
29.0,13,1,15,369
29.0,13,2,0,346
29.0,13,2,1,348
29.0,13,2,2,350
29.0,13,2,3,352
29.0,13,2,4,353
29.0,13,2,5,355
29.0,13,2,6,357
29.0,13,2,7,358
29.0,13,2,8,360
29.0,13,2,9,361
29.0,13,2,10,363
29.0,13,2,11,365
29.0,13,2,12,366
29.0,13,2,13,368
29.0,13,2,14,370
29.0,13,2,15,371
29.0,13,3,0,348
29.0,13,3,1,350
29.0,13,3,2,352
29.0,13,3,3,354
29.0,13,3,4,355
29.0,13,3,5,357
29.0,13,3,6,359
29.0,13,3,7,360
29.0,13,3,8,362
29.0,13,3,9,364
29.0,13,3,10,365
29.0,13,3,11,367
29.0,13,3,12,368
29.0,13,3,13,370
29.0,13,3,14,372
29.0,13,3,15,373
29.0,13,4,0,351
29.0,13,4,1,352
29.0,13,4,2,354
29.0,13,4,3,356
29.0,13,4,4,357
29.0,13,4,5,359
29.0,13,4,6,361
29.0,13,4,7,362
29.0,13,4,8,364
29.0,13,4,9,366
29.0,13,4,10,367
29.0,13,4,11,369
29.0,13,4,12,371
29.0,13,4,13,372
29.0,13,4,14,374
29.0,13,4,15,375
29.0,13,5,0,353
29.0,13,5,1,354
29.0,13,5,2,356
29.0,13,5,3,358
29.0,13,5,4,359
29.0,13,5,5,361
29.0,13,5,6,363
29.0,13,5,7,364
29.0,13,5,8,366
29.0,13,5,9,368
29.0,13,5,10,369
29.0,13,5,11,371
29.0,13,5,12,373
29.0,13,5,13,374
29.0,13,5,14,376
29.0,13,5,15,378
29.0,13,6,0,355
29.0,13,6,1,356
29.0,13,6,2,358
29.0,13,6,3,360
29.0,13,6,4,361
29.0,13,6,5,363
29.0,13,6,6,365
29.0,13,6,7,367
29.0,13,6,8,368
29.0,13,6,9,370
29.0,13,6,10,372
29.0,13,6,11,373
29.0,13,6,12,375
29.0,13,6,13,376
29.0,13,6,14,378
29.0,13,6,15,380
29.0,13,7,0,357
29.0,13,7,1,358
29.0,13,7,2,360
29.0,13,7,3,362
29.0,13,7,4,363
29.0,13,7,5,365
29.0,13,7,6,367
29.0,13,7,7,369
29.0,13,7,8,370
29.0,13,7,9,372
29.0,13,7,10,374
29.0,13,7,11,375
29.0,13,7,12,377
29.0,13,7,13,379
29.0,13,7,14,380
29.0,13,7,15,382
29.0,13,8,0,358
29.0,13,8,1,360
29.0,13,8,2,362
29.0,13,8,3,364
29.0,13,8,4,365
29.0,13,8,5,367
29.0,13,8,6,369
29.0,13,8,7,371
29.0,13,8,8,372
29.0,13,8,9,374
29.0,13,8,10,376
29.0,13,8,11,377
29.0,13,8,12,379
29.0,13,8,13,381
29.0,13,8,14,382
29.0,13,8,15,384
29.0,13,9,0,360
29.0,13,9,1,362
29.0,13,9,2,364
29.0,13,9,3,366
29.0,13,9,4,367
29.0,13,9,5,369
29.0,13,9,6,371
29.0,13,9,7,373
29.0,13,9,8,374
29.0,13,9,9,376
29.0,13,9,10,378
29.0,13,9,11,379
29.0,13,9,12,381
29.0,13,9,13,383
29.0,13,9,14,384
29.0,13,9,15,386
29.0,13,10,0,362
29.0,13,10,1,364
29.0,13,10,2,366
29.0,13,10,3,368
29.0,13,10,4,369
29.0,13,10,5,371
29.0,13,10,6,373
29.0,13,10,7,375
29.0,13,10,8,376
29.0,13,10,9,378
29.0,13,10,10,380
29.0,13,10,11,381
29.0,13,10,12,383
29.0,13,10,13,385
29.0,13,10,14,387
29.0,13,10,15,388
29.0,13,11,0,364
29.0,13,11,1,366
29.0,13,11,2,368
29.0,13,11,3,370
29.0,13,11,4,371
29.0,13,11,5,373
29.0,13,11,6,375
29.0,13,11,7,377
29.0,13,11,8,378
29.0,13,11,9,380
29.0,13,11,10,382
29.0,13,11,11,384
29.0,13,11,12,385
29.0,13,11,13,387
29.0,13,11,14,389
29.0,13,11,15,390
29.0,13,12,0,366
29.0,13,12,1,368
29.0,13,12,2,370
29.0,13,12,3,372
29.0,13,12,4,373
29.0,13,12,5,375
29.0,13,12,6,377
29.0,13,12,7,379
29.0,13,12,8,380
29.0,13,12,9,382
29.0,13,12,10,384
29.0,13,12,11,386
29.0,13,12,12,387
29.0,13,12,13,389
29.0,13,12,14,391
29.0,13,12,15,392
29.0,13,13,0,368
29.0,13,13,1,370
29.0,13,13,2,372
29.0,13,13,3,374
29.0,13,13,4,375
29.0,13,13,5,377
29.0,13,13,6,379
29.0,13,13,7,381
29.0,13,13,8,382
29.0,13,13,9,384
29.0,13,13,10,386
29.0,13,13,11,388
29.0,13,13,12,389
29.0,13,13,13,391
29.0,13,13,14,393
29.0,13,13,15,394
29.0,13,14,0,370
29.0,13,14,1,372
29.0,13,14,2,374
29.0,13,14,3,376
29.0,13,14,4,377
29.0,13,14,5,379
29.0,13,14,6,381
29.0,13,14,7,383
29.0,13,14,8,384
29.0,13,14,9,386
29.0,13,14,10,388
29.0,13,14,11,390
29.0,13,14,12,391
29.0,13,14,13,393
29.0,13,14,14,395
29.0,13,14,15,396
29.0,13,15,0,372
29.0,13,15,1,374
29.0,13,15,2,376
29.0,13,15,3,377
29.0,13,15,4,379
29.0,13,15,5,381
29.0,13,15,6,383
29.0,13,15,7,385
29.0,13,15,8,386
29.0,13,15,9,388
29.0,13,15,10,390
29.0,13,15,11,392
29.0,13,15,12,393
29.0,13,15,13,395
29.0,13,15,14,397
29.0,13,15,15,399
29.0,14,0,0,347
29.0,14,0,1,349
29.0,14,0,2,351
29.0,14,0,3,352
29.0,14,0,4,354
29.0,14,0,5,356
29.0,14,0,6,357
29.0,14,0,7,359
29.0,14,0,8,360
29.0,14,0,9,362
29.0,14,0,10,364
29.0,14,0,11,365
29.0,14,0,12,367
29.0,14,0,13,369
29.0,14,0,14,370
29.0,14,0,15,372
29.0,14,1,0,349
29.0,14,1,1,351
29.0,14,1,2,353
29.0,14,1,3,354
29.0,14,1,4,356
29.0,14,1,5,358
29.0,14,1,6,359
29.0,14,1,7,361
29.0,14,1,8,363
29.0,14,1,9,364
29.0,14,1,10,366
29.0,14,1,11,368
29.0,14,1,12,369
29.0,14,1,13,371
29.0,14,1,14,372
29.0,14,1,15,374
29.0,14,2,0,351
29.0,14,2,1,353
29.0,14,2,2,355
29.0,14,2,3,356
29.0,14,2,4,358
29.0,14,2,5,360
29.0,14,2,6,361
29.0,14,2,7,363
29.0,14,2,8,365
29.0,14,2,9,366
29.0,14,2,10,368
29.0,14,2,11,370
29.0,14,2,12,371
29.0,14,2,13,373
29.0,14,2,14,375
29.0,14,2,15,376
29.0,14,3,0,353
29.0,14,3,1,355
29.0,14,3,2,357
29.0,14,3,3,359
29.0,14,3,4,360
29.0,14,3,5,362
29.0,14,3,6,364
29.0,14,3,7,365
29.0,14,3,8,367
29.0,14,3,9,369
29.0,14,3,10,370
29.0,14,3,11,372
29.0,14,3,12,374
29.0,14,3,13,375
29.0,14,3,14,377
29.0,14,3,15,378
29.0,14,4,0,355
29.0,14,4,1,357
29.0,14,4,2,359
29.0,14,4,3,361
29.0,14,4,4,362
29.0,14,4,5,364
29.0,14,4,6,366
29.0,14,4,7,367
29.0,14,4,8,369
29.0,14,4,9,371
29.0,14,4,10,372
29.0,14,4,11,374
29.0,14,4,12,376
29.0,14,4,13,377
29.0,14,4,14,379
29.0,14,4,15,381
29.0,14,5,0,357
29.0,14,5,1,359
29.0,14,5,2,361
29.0,14,5,3,363
29.0,14,5,4,364
29.0,14,5,5,366
29.0,14,5,6,368
29.0,14,5,7,370
29.0,14,5,8,371
29.0,14,5,9,373
29.0,14,5,10,375
29.0,14,5,11,376
29.0,14,5,12,378
29.0,14,5,13,380
29.0,14,5,14,381
29.0,14,5,15,383
29.0,14,6,0,359
29.0,14,6,1,361
29.0,14,6,2,363
29.0,14,6,3,365
29.0,14,6,4,366
29.0,14,6,5,368
29.0,14,6,6,370
29.0,14,6,7,372
29.0,14,6,8,373
29.0,14,6,9,375
29.0,14,6,10,377
29.0,14,6,11,378
29.0,14,6,12,380
29.0,14,6,13,382
29.0,14,6,14,383
29.0,14,6,15,385
29.0,14,7,0,361
29.0,14,7,1,363
29.0,14,7,2,365
29.0,14,7,3,367
29.0,14,7,4,369
29.0,14,7,5,370
29.0,14,7,6,372
29.0,14,7,7,374
29.0,14,7,8,375
29.0,14,7,9,377
29.0,14,7,10,379
29.0,14,7,11,380
29.0,14,7,12,382
29.0,14,7,13,384
29.0,14,7,14,386
29.0,14,7,15,387
29.0,14,8,0,363
29.0,14,8,1,365
29.0,14,8,2,367
29.0,14,8,3,369
29.0,14,8,4,371
29.0,14,8,5,372
29.0,14,8,6,374
29.0,14,8,7,376
29.0,14,8,8,377
29.0,14,8,9,379
29.0,14,8,10,381
29.0,14,8,11,383
29.0,14,8,12,384
29.0,14,8,13,386
29.0,14,8,14,388
29.0,14,8,15,389
29.0,14,9,0,365
29.0,14,9,1,367
29.0,14,9,2,369
29.0,14,9,3,371
29.0,14,9,4,373
29.0,14,9,5,374
29.0,14,9,6,376
29.0,14,9,7,378
29.0,14,9,8,380
29.0,14,9,9,381
29.0,14,9,10,383
29.0,14,9,11,385
29.0,14,9,12,386
29.0,14,9,13,388
29.0,14,9,14,390
29.0,14,9,15,391
29.0,14,10,0,367
29.0,14,10,1,369
29.0,14,10,2,371
29.0,14,10,3,373
29.0,14,10,4,375
29.0,14,10,5,376
29.0,14,10,6,378
29.0,14,10,7,380
29.0,14,10,8,382
29.0,14,10,9,383
29.0,14,10,10,385
29.0,14,10,11,387
29.0,14,10,12,389
29.0,14,10,13,390
29.0,14,10,14,392
29.0,14,10,15,394
29.0,14,11,0,369
29.0,14,11,1,371
29.0,14,11,2,373
29.0,14,11,3,375
29.0,14,11,4,377
29.0,14,11,5,378
29.0,14,11,6,380
29.0,14,11,7,382
29.0,14,11,8,384
29.0,14,11,9,385
29.0,14,11,10,387
29.0,14,11,11,389
29.0,14,11,12,391
29.0,14,11,13,392
29.0,14,11,14,394
29.0,14,11,15,396
29.0,14,12,0,371
29.0,14,12,1,373
29.0,14,12,2,375
29.0,14,12,3,377
29.0,14,12,4,379
29.0,14,12,5,380
29.0,14,12,6,382
29.0,14,12,7,384
29.0,14,12,8,386
29.0,14,12,9,387
29.0,14,12,10,389
29.0,14,12,11,391
29.0,14,12,12,393
29.0,14,12,13,394
29.0,14,12,14,396
29.0,14,12,15,398
29.0,14,13,0,373
29.0,14,13,1,375
29.0,14,13,2,377
29.0,14,13,3,379
29.0,14,13,4,381
29.0,14,13,5,382
29.0,14,13,6,384
29.0,14,13,7,386
29.0,14,13,8,388
29.0,14,13,9,389
29.0,14,13,10,391
29.0,14,13,11,393
29.0,14,13,12,395
29.0,14,13,13,396
29.0,14,13,14,398
29.0,14,13,15,400
29.0,14,14,0,375
29.0,14,14,1,377
29.0,14,14,2,379
29.0,14,14,3,381
29.0,14,14,4,383
29.0,14,14,5,384
29.0,14,14,6,386
29.0,14,14,7,388
29.0,14,14,8,390
29.0,14,14,9,392
29.0,14,14,10,393
29.0,14,14,11,395
29.0,14,14,12,397
29.0,14,14,13,399
29.0,14,14,14,400
29.0,14,14,15,402
29.0,14,15,0,377
29.0,14,15,1,379
29.0,14,15,2,381
29.0,14,15,3,383
29.0,14,15,4,385
29.0,14,15,5,386
29.0,14,15,6,388
29.0,14,15,7,390
29.0,14,15,8,392
29.0,14,15,9,394
29.0,14,15,10,395
29.0,14,15,11,397
29.0,14,15,12,399
29.0,14,15,13,401
29.0,14,15,14,402
29.0,14,15,15,404
29.0,15,0,0,352
29.0,15,0,1,354
29.0,15,0,2,355
29.0,15,0,3,357
29.0,15,0,4,359
29.0,15,0,5,360
29.0,15,0,6,362
29.0,15,0,7,364
29.0,15,0,8,365
29.0,15,0,9,367
29.0,15,0,10,369
29.0,15,0,11,370
29.0,15,0,12,372
29.0,15,0,13,374
29.0,15,0,14,375
29.0,15,0,15,377
29.0,15,1,0,354
29.0,15,1,1,356
29.0,15,1,2,357
29.0,15,1,3,359
29.0,15,1,4,361
29.0,15,1,5,363
29.0,15,1,6,364
29.0,15,1,7,366
29.0,15,1,8,368
29.0,15,1,9,369
29.0,15,1,10,371
29.0,15,1,11,373
29.0,15,1,12,374
29.0,15,1,13,376
29.0,15,1,14,378
29.0,15,1,15,379
29.0,15,2,0,356
29.0,15,2,1,358
29.0,15,2,2,360
29.0,15,2,3,361
29.0,15,2,4,363
29.0,15,2,5,365
29.0,15,2,6,366
29.0,15,2,7,368
29.0,15,2,8,370
29.0,15,2,9,371
29.0,15,2,10,373
29.0,15,2,11,375
29.0,15,2,12,376
29.0,15,2,13,378
29.0,15,2,14,380
29.0,15,2,15,381
29.0,15,3,0,358
29.0,15,3,1,360
29.0,15,3,2,362
29.0,15,3,3,363
29.0,15,3,4,365
29.0,15,3,5,367
29.0,15,3,6,369
29.0,15,3,7,370
29.0,15,3,8,372
29.0,15,3,9,374
29.0,15,3,10,375
29.0,15,3,11,377
29.0,15,3,12,379
29.0,15,3,13,380
29.0,15,3,14,382
29.0,15,3,15,384
29.0,15,4,0,360
29.0,15,4,1,362
29.0,15,4,2,364
29.0,15,4,3,366
29.0,15,4,4,367
29.0,15,4,5,369
29.0,15,4,6,371
29.0,15,4,7,372
29.0,15,4,8,374
29.0,15,4,9,376
29.0,15,4,10,378
29.0,15,4,11,379
29.0,15,4,12,381
29.0,15,4,13,383
29.0,15,4,14,384
29.0,15,4,15,386
29.0,15,5,0,362
29.0,15,5,1,364
29.0,15,5,2,366
29.0,15,5,3,368
29.0,15,5,4,369
29.0,15,5,5,371
29.0,15,5,6,373
29.0,15,5,7,375
29.0,15,5,8,376
29.0,15,5,9,378
29.0,15,5,10,380
29.0,15,5,11,381
29.0,15,5,12,383
29.0,15,5,13,385
29.0,15,5,14,386
29.0,15,5,15,388
29.0,15,6,0,364
29.0,15,6,1,366
29.0,15,6,2,368
29.0,15,6,3,370
29.0,15,6,4,371
29.0,15,6,5,373
29.0,15,6,6,375
29.0,15,6,7,377
29.0,15,6,8,378
29.0,15,6,9,380
29.0,15,6,10,382
29.0,15,6,11,384
29.0,15,6,12,385
29.0,15,6,13,387
29.0,15,6,14,389
29.0,15,6,15,390
29.0,15,7,0,366
29.0,15,7,1,368
29.0,15,7,2,370
29.0,15,7,3,372
29.0,15,7,4,374
29.0,15,7,5,375
29.0,15,7,6,377
29.0,15,7,7,379
29.0,15,7,8,381
29.0,15,7,9,382
29.0,15,7,10,384
29.0,15,7,11,386
29.0,15,7,12,387
29.0,15,7,13,389
29.0,15,7,14,391
29.0,15,7,15,392
29.0,15,8,0,368
29.0,15,8,1,370
29.0,15,8,2,372
29.0,15,8,3,374
29.0,15,8,4,376
29.0,15,8,5,377
29.0,15,8,6,379
29.0,15,8,7,381
29.0,15,8,8,383
29.0,15,8,9,384
29.0,15,8,10,386
29.0,15,8,11,388
29.0,15,8,12,390
29.0,15,8,13,391
29.0,15,8,14,393
29.0,15,8,15,395
29.0,15,9,0,370
29.0,15,9,1,372
29.0,15,9,2,374
29.0,15,9,3,376
29.0,15,9,4,378
29.0,15,9,5,379
29.0,15,9,6,381
29.0,15,9,7,383
29.0,15,9,8,385
29.0,15,9,9,387
29.0,15,9,10,388
29.0,15,9,11,390
29.0,15,9,12,392
29.0,15,9,13,393
29.0,15,9,14,395
29.0,15,9,15,397
29.0,15,10,0,373
29.0,15,10,1,374
29.0,15,10,2,376
29.0,15,10,3,378
29.0,15,10,4,380
29.0,15,10,5,382
29.0,15,10,6,383
29.0,15,10,7,385
29.0,15,10,8,387
29.0,15,10,9,389
29.0,15,10,10,390
29.0,15,10,11,392
29.0,15,10,12,394
29.0,15,10,13,396
29.0,15,10,14,397
29.0,15,10,15,399
29.0,15,11,0,375
29.0,15,11,1,376
29.0,15,11,2,378
29.0,15,11,3,380
29.0,15,11,4,382
29.0,15,11,5,384
29.0,15,11,6,385
29.0,15,11,7,387
29.0,15,11,8,389
29.0,15,11,9,391
29.0,15,11,10,392
29.0,15,11,11,394
29.0,15,11,12,396
29.0,15,11,13,398
29.0,15,11,14,399
29.0,15,11,15,401
29.0,15,12,0,376
29.0,15,12,1,378
29.0,15,12,2,380
29.0,15,12,3,382
29.0,15,12,4,384
29.0,15,12,5,386
29.0,15,12,6,387
29.0,15,12,7,389
29.0,15,12,8,391
29.0,15,12,9,393
29.0,15,12,10,395
29.0,15,12,11,396
29.0,15,12,12,398
29.0,15,12,13,400
29.0,15,12,14,402
29.0,15,12,15,403
29.0,15,13,0,378
29.0,15,13,1,380
29.0,15,13,2,382
29.0,15,13,3,384
29.0,15,13,4,386
29.0,15,13,5,388
29.0,15,13,6,389
29.0,15,13,7,391
29.0,15,13,8,393
29.0,15,13,9,395
29.0,15,13,10,397
29.0,15,13,11,398
29.0,15,13,12,400
29.0,15,13,13,402
29.0,15,13,14,404
29.0,15,13,15,405
29.0,15,14,0,380
29.0,15,14,1,382
29.0,15,14,2,384
29.0,15,14,3,386
29.0,15,14,4,388
29.0,15,14,5,390
29.0,15,14,6,391
29.0,15,14,7,393
29.0,15,14,8,395
29.0,15,14,9,397
29.0,15,14,10,399
29.0,15,14,11,400
29.0,15,14,12,402
29.0,15,14,13,404
29.0,15,14,14,406
29.0,15,14,15,407
29.0,15,15,0,382
29.0,15,15,1,384
29.0,15,15,2,386
29.0,15,15,3,388
29.0,15,15,4,390
29.0,15,15,5,392
29.0,15,15,6,394
29.0,15,15,7,395
29.0,15,15,8,397
29.0,15,15,9,399
29.0,15,15,10,401
29.0,15,15,11,403
29.0,15,15,12,404
29.0,15,15,13,406
29.0,15,15,14,408
29.0,15,15,15,410
29.5,0,0,0,285
29.5,0,0,1,287
29.5,0,0,2,288
29.5,0,0,3,289
29.5,0,0,4,291
29.5,0,0,5,292
29.5,0,0,6,294
29.5,0,0,7,295
29.5,0,0,8,296
29.5,0,0,9,298
29.5,0,0,10,299
29.5,0,0,11,300
29.5,0,0,12,302
29.5,0,0,13,303
29.5,0,0,14,304
29.5,0,0,15,306
29.5,0,1,0,287
29.5,0,1,1,288
29.5,0,1,2,290
29.5,0,1,3,291
29.5,0,1,4,293
29.5,0,1,5,294
29.5,0,1,6,295
29.5,0,1,7,297
29.5,0,1,8,298
29.5,0,1,9,299
29.5,0,1,10,301
29.5,0,1,11,302
29.5,0,1,12,303
29.5,0,1,13,305
29.5,0,1,14,306
29.5,0,1,15,307
29.5,0,2,0,289
29.5,0,2,1,290
29.5,0,2,2,292
29.5,0,2,3,293
29.5,0,2,4,294
29.5,0,2,5,296
29.5,0,2,6,297
29.5,0,2,7,298
29.5,0,2,8,300
29.5,0,2,9,301
29.5,0,2,10,303
29.5,0,2,11,304
29.5,0,2,12,305
29.5,0,2,13,307
29.5,0,2,14,308
29.5,0,2,15,309
29.5,0,3,0,290
29.5,0,3,1,292
29.5,0,3,2,293
29.5,0,3,3,295
29.5,0,3,4,296
29.5,0,3,5,297
29.5,0,3,6,299
29.5,0,3,7,300
29.5,0,3,8,302
29.5,0,3,9,303
29.5,0,3,10,304
29.5,0,3,11,306
29.5,0,3,12,307
29.5,0,3,13,308
29.5,0,3,14,310
29.5,0,3,15,311
29.5,0,4,0,292
29.5,0,4,1,294
29.5,0,4,2,295
29.5,0,4,3,296
29.5,0,4,4,298
29.5,0,4,5,299
29.5,0,4,6,301
29.5,0,4,7,302
29.5,0,4,8,303
29.5,0,4,9,305
29.5,0,4,10,306
29.5,0,4,11,307
29.5,0,4,12,309
29.5,0,4,13,310
29.5,0,4,14,312
29.5,0,4,15,313
29.5,0,5,0,294
29.5,0,5,1,295
29.5,0,5,2,297
29.5,0,5,3,298
29.5,0,5,4,299
29.5,0,5,5,301
29.5,0,5,6,302
29.5,0,5,7,304
29.5,0,5,8,305
29.5,0,5,9,306
29.5,0,5,10,308
29.5,0,5,11,309
29.5,0,5,12,311
29.5,0,5,13,312
29.5,0,5,14,313
29.5,0,5,15,315
29.5,0,6,0,295
29.5,0,6,1,297
29.5,0,6,2,298
29.5,0,6,3,300
29.5,0,6,4,301
29.5,0,6,5,303
29.5,0,6,6,304
29.5,0,6,7,305
29.5,0,6,8,307
29.5,0,6,9,308
29.5,0,6,10,310
29.5,0,6,11,311
29.5,0,6,12,312
29.5,0,6,13,314
29.5,0,6,14,315
29.5,0,6,15,316
29.5,0,7,0,297
29.5,0,7,1,299
29.5,0,7,2,300
29.5,0,7,3,301
29.5,0,7,4,303
29.5,0,7,5,304
29.5,0,7,6,306
29.5,0,7,7,307
29.5,0,7,8,309
29.5,0,7,9,310
29.5,0,7,10,311
29.5,0,7,11,313
29.5,0,7,12,314
29.5,0,7,13,316
29.5,0,7,14,317
29.5,0,7,15,318
29.5,0,8,0,299
29.5,0,8,1,300
29.5,0,8,2,302
29.5,0,8,3,303
29.5,0,8,4,305
29.5,0,8,5,306
29.5,0,8,6,307
29.5,0,8,7,309
29.5,0,8,8,310
29.5,0,8,9,312
29.5,0,8,10,313
29.5,0,8,11,314
29.5,0,8,12,316
29.5,0,8,13,317
29.5,0,8,14,319
29.5,0,8,15,320
29.5,0,9,0,300
29.5,0,9,1,302
29.5,0,9,2,303
29.5,0,9,3,305
29.5,0,9,4,306
29.5,0,9,5,308
29.5,0,9,6,309
29.5,0,9,7,311
29.5,0,9,8,312
29.5,0,9,9,313
29.5,0,9,10,315
29.5,0,9,11,316
29.5,0,9,12,318
29.5,0,9,13,319
29.5,0,9,14,320
29.5,0,9,15,322
29.5,0,10,0,302
29.5,0,10,1,304
29.5,0,10,2,305
29.5,0,10,3,306
29.5,0,10,4,308
29.5,0,10,5,309
29.5,0,10,6,311
29.5,0,10,7,312
29.5,0,10,8,314
29.5,0,10,9,315
29.5,0,10,10,317
29.5,0,10,11,318
29.5,0,10,12,319
29.5,0,10,13,321
29.5,0,10,14,322
29.5,0,10,15,324
29.5,0,11,0,304
29.5,0,11,1,305
29.5,0,11,2,307
29.5,0,11,3,308
29.5,0,11,4,310
29.5,0,11,5,311
29.5,0,11,6,312
29.5,0,11,7,314
29.5,0,11,8,315
29.5,0,11,9,317
29.5,0,11,10,318
29.5,0,11,11,320
29.5,0,11,12,321
29.5,0,11,13,322
29.5,0,11,14,324
29.5,0,11,15,325
29.5,0,12,0,305
29.5,0,12,1,307
29.5,0,12,2,308
29.5,0,12,3,310
29.5,0,12,4,311
29.5,0,12,5,313
29.5,0,12,6,314
29.5,0,12,7,316
29.5,0,12,8,317
29.5,0,12,9,318
29.5,0,12,10,320
29.5,0,12,11,321
29.5,0,12,12,323
29.5,0,12,13,324
29.5,0,12,14,326
29.5,0,12,15,327
29.5,0,13,0,307
29.5,0,13,1,308
29.5,0,13,2,310
29.5,0,13,3,311
29.5,0,13,4,313
29.5,0,13,5,314
29.5,0,13,6,316
29.5,0,13,7,317
29.5,0,13,8,319
29.5,0,13,9,320
29.5,0,13,10,322
29.5,0,13,11,323
29.5,0,13,12,324
29.5,0,13,13,326
29.5,0,13,14,327
29.5,0,13,15,329
29.5,0,14,0,308
29.5,0,14,1,310
29.5,0,14,2,311
29.5,0,14,3,313
29.5,0,14,4,314
29.5,0,14,5,316
29.5,0,14,6,317
29.5,0,14,7,319
29.5,0,14,8,320
29.5,0,14,9,322
29.5,0,14,10,323
29.5,0,14,11,325
29.5,0,14,12,326
29.5,0,14,13,328
29.5,0,14,14,329
29.5,0,14,15,330
29.5,0,15,0,310
29.5,0,15,1,312
29.5,0,15,2,313
29.5,0,15,3,315
29.5,0,15,4,316
29.5,0,15,5,318
29.5,0,15,6,319
29.5,0,15,7,321
29.5,0,15,8,322
29.5,0,15,9,323
29.5,0,15,10,325
29.5,0,15,11,326
29.5,0,15,12,328
29.5,0,15,13,329
29.5,0,15,14,331
29.5,0,15,15,332
29.5,1,0,0,290
29.5,1,0,1,292
29.5,1,0,2,293
29.5,1,0,3,294
29.5,1,0,4,296
29.5,1,0,5,297
29.5,1,0,6,299
29.5,1,0,7,300
29.5,1,0,8,301
29.5,1,0,9,303
29.5,1,0,10,304
29.5,1,0,11,305
29.5,1,0,12,307
29.5,1,0,13,308
29.5,1,0,14,309
29.5,1,0,15,311
29.5,1,1,0,292
29.5,1,1,1,293
29.5,1,1,2,295
29.5,1,1,3,296
29.5,1,1,4,298
29.5,1,1,5,299
29.5,1,1,6,300
29.5,1,1,7,302
29.5,1,1,8,303
29.5,1,1,9,305
29.5,1,1,10,306
29.5,1,1,11,307
29.5,1,1,12,309
29.5,1,1,13,310
29.5,1,1,14,311
29.5,1,1,15,313
29.5,1,2,0,294
29.5,1,2,1,295
29.5,1,2,2,296
29.5,1,2,3,298
29.5,1,2,4,299
29.5,1,2,5,301
29.5,1,2,6,302
29.5,1,2,7,304
29.5,1,2,8,305
29.5,1,2,9,306
29.5,1,2,10,308
29.5,1,2,11,309
29.5,1,2,12,310
29.5,1,2,13,312
29.5,1,2,14,313
29.5,1,2,15,315
29.5,1,3,0,295
29.5,1,3,1,297
29.5,1,3,2,298
29.5,1,3,3,300
29.5,1,3,4,301
29.5,1,3,5,303
29.5,1,3,6,304
29.5,1,3,7,305
29.5,1,3,8,307
29.5,1,3,9,308
29.5,1,3,10,310
29.5,1,3,11,311
29.5,1,3,12,312
29.5,1,3,13,314
29.5,1,3,14,315
29.5,1,3,15,316
29.5,1,4,0,297
29.5,1,4,1,299
29.5,1,4,2,300
29.5,1,4,3,301
29.5,1,4,4,303
29.5,1,4,5,304
29.5,1,4,6,306
29.5,1,4,7,307
29.5,1,4,8,309
29.5,1,4,9,310
29.5,1,4,10,311
29.5,1,4,11,313
29.5,1,4,12,314
29.5,1,4,13,315
29.5,1,4,14,317
29.5,1,4,15,318
29.5,1,5,0,299
29.5,1,5,1,300
29.5,1,5,2,302
29.5,1,5,3,303
29.5,1,5,4,305
29.5,1,5,5,306
29.5,1,5,6,307
29.5,1,5,7,309
29.5,1,5,8,310
29.5,1,5,9,312
29.5,1,5,10,313
29.5,1,5,11,314
29.5,1,5,12,316
29.5,1,5,13,317
29.5,1,5,14,319
29.5,1,5,15,320
29.5,1,6,0,300
29.5,1,6,1,302
29.5,1,6,2,303
29.5,1,6,3,305
29.5,1,6,4,306
29.5,1,6,5,308
29.5,1,6,6,309
29.5,1,6,7,311
29.5,1,6,8,312
29.5,1,6,9,313
29.5,1,6,10,315
29.5,1,6,11,316
29.5,1,6,12,318
29.5,1,6,13,319
29.5,1,6,14,320
29.5,1,6,15,322
29.5,1,7,0,302
29.5,1,7,1,304
29.5,1,7,2,305
29.5,1,7,3,307
29.5,1,7,4,308
29.5,1,7,5,309
29.5,1,7,6,311
29.5,1,7,7,312
29.5,1,7,8,314
29.5,1,7,9,315
29.5,1,7,10,317
29.5,1,7,11,318
29.5,1,7,12,319
29.5,1,7,13,321
29.5,1,7,14,322
29.5,1,7,15,324
29.5,1,8,0,304
29.5,1,8,1,305
29.5,1,8,2,307
29.5,1,8,3,308
29.5,1,8,4,310
29.5,1,8,5,311
29.5,1,8,6,313
29.5,1,8,7,314
29.5,1,8,8,316
29.5,1,8,9,317
29.5,1,8,10,318
29.5,1,8,11,320
29.5,1,8,12,321
29.5,1,8,13,323
29.5,1,8,14,324
29.5,1,8,15,325
29.5,1,9,0,305
29.5,1,9,1,307
29.5,1,9,2,308
29.5,1,9,3,310
29.5,1,9,4,311
29.5,1,9,5,313
29.5,1,9,6,314
29.5,1,9,7,316
29.5,1,9,8,317
29.5,1,9,9,319
29.5,1,9,10,320
29.5,1,9,11,322
29.5,1,9,12,323
29.5,1,9,13,324
29.5,1,9,14,326
29.5,1,9,15,327
29.5,1,10,0,307
29.5,1,10,1,309
29.5,1,10,2,310
29.5,1,10,3,312
29.5,1,10,4,313
29.5,1,10,5,315
29.5,1,10,6,316
29.5,1,10,7,318
29.5,1,10,8,319
29.5,1,10,9,320
29.5,1,10,10,322
29.5,1,10,11,323
29.5,1,10,12,325
29.5,1,10,13,326
29.5,1,10,14,328
29.5,1,10,15,329
29.5,1,11,0,309
29.5,1,11,1,310
29.5,1,11,2,312
29.5,1,11,3,313
29.5,1,11,4,315
29.5,1,11,5,316
29.5,1,11,6,318
29.5,1,11,7,319
29.5,1,11,8,321
29.5,1,11,9,322
29.5,1,11,10,324
29.5,1,11,11,325
29.5,1,11,12,326
29.5,1,11,13,328
29.5,1,11,14,329
29.5,1,11,15,331
29.5,1,12,0,310
29.5,1,12,1,312
29.5,1,12,2,313
29.5,1,12,3,315
29.5,1,12,4,316
29.5,1,12,5,318
29.5,1,12,6,319
29.5,1,12,7,321
29.5,1,12,8,322
29.5,1,12,9,324
29.5,1,12,10,325
29.5,1,12,11,327
29.5,1,12,12,328
29.5,1,12,13,330
29.5,1,12,14,331
29.5,1,12,15,333
29.5,1,13,0,312
29.5,1,13,1,314
29.5,1,13,2,315
29.5,1,13,3,317
29.5,1,13,4,318
29.5,1,13,5,320
29.5,1,13,6,321
29.5,1,13,7,323
29.5,1,13,8,324
29.5,1,13,9,326
29.5,1,13,10,327
29.5,1,13,11,328
29.5,1,13,12,330
29.5,1,13,13,331
29.5,1,13,14,333
29.5,1,13,15,334
29.5,1,14,0,314
29.5,1,14,1,315
29.5,1,14,2,317
29.5,1,14,3,318
29.5,1,14,4,320
29.5,1,14,5,321
29.5,1,14,6,323
29.5,1,14,7,324
29.5,1,14,8,326
29.5,1,14,9,327
29.5,1,14,10,329
29.5,1,14,11,330
29.5,1,14,12,332
29.5,1,14,13,333
29.5,1,14,14,335
29.5,1,14,15,336
29.5,1,15,0,315
29.5,1,15,1,317
29.5,1,15,2,318
29.5,1,15,3,320
29.5,1,15,4,321
29.5,1,15,5,323
29.5,1,15,6,324
29.5,1,15,7,326
29.5,1,15,8,327
29.5,1,15,9,329
29.5,1,15,10,330
29.5,1,15,11,332
29.5,1,15,12,333
29.5,1,15,13,335
29.5,1,15,14,336
29.5,1,15,15,338
29.5,2,0,0,295
29.5,2,0,1,296
29.5,2,0,2,298
29.5,2,0,3,299
29.5,2,0,4,301
29.5,2,0,5,302
29.5,2,0,6,304
29.5,2,0,7,305
29.5,2,0,8,306
29.5,2,0,9,308
29.5,2,0,10,309
29.5,2,0,11,311
29.5,2,0,12,312
29.5,2,0,13,313
29.5,2,0,14,315
29.5,2,0,15,316
29.5,2,1,0,297
29.5,2,1,1,298
29.5,2,1,2,300
29.5,2,1,3,301
29.5,2,1,4,303
29.5,2,1,5,304
29.5,2,1,6,305
29.5,2,1,7,307
29.5,2,1,8,308
29.5,2,1,9,310
29.5,2,1,10,311
29.5,2,1,11,312
29.5,2,1,12,314
29.5,2,1,13,315
29.5,2,1,14,317
29.5,2,1,15,318
29.5,2,2,0,299
29.5,2,2,1,300
29.5,2,2,2,301
29.5,2,2,3,303
29.5,2,2,4,304
29.5,2,2,5,306
29.5,2,2,6,307
29.5,2,2,7,309
29.5,2,2,8,310
29.5,2,2,9,311
29.5,2,2,10,313
29.5,2,2,11,314
29.5,2,2,12,316
29.5,2,2,13,317
29.5,2,2,14,318
29.5,2,2,15,320
29.5,2,3,0,300
29.5,2,3,1,302
29.5,2,3,2,303
29.5,2,3,3,305
29.5,2,3,4,306
29.5,2,3,5,308
29.5,2,3,6,309
29.5,2,3,7,310
29.5,2,3,8,312
29.5,2,3,9,313
29.5,2,3,10,315
29.5,2,3,11,316
29.5,2,3,12,317
29.5,2,3,13,319
29.5,2,3,14,320
29.5,2,3,15,322
29.5,2,4,0,302
29.5,2,4,1,303
29.5,2,4,2,305
29.5,2,4,3,306
29.5,2,4,4,308
29.5,2,4,5,309
29.5,2,4,6,311
29.5,2,4,7,312
29.5,2,4,8,314
29.5,2,4,9,315
29.5,2,4,10,317
29.5,2,4,11,318
29.5,2,4,12,319
29.5,2,4,13,321
29.5,2,4,14,322
29.5,2,4,15,324
29.5,2,5,0,304
29.5,2,5,1,305
29.5,2,5,2,307
29.5,2,5,3,308
29.5,2,5,4,310
29.5,2,5,5,311
29.5,2,5,6,313
29.5,2,5,7,314
29.5,2,5,8,315
29.5,2,5,9,317
29.5,2,5,10,318
29.5,2,5,11,320
29.5,2,5,12,321
29.5,2,5,13,323
29.5,2,5,14,324
29.5,2,5,15,325
29.5,2,6,0,305
29.5,2,6,1,307
29.5,2,6,2,308
29.5,2,6,3,310
29.5,2,6,4,311
29.5,2,6,5,313
29.5,2,6,6,314
29.5,2,6,7,316
29.5,2,6,8,317
29.5,2,6,9,319
29.5,2,6,10,320
29.5,2,6,11,322
29.5,2,6,12,323
29.5,2,6,13,324
29.5,2,6,14,326
29.5,2,6,15,327
29.5,2,7,0,307
29.5,2,7,1,309
29.5,2,7,2,310
29.5,2,7,3,312
29.5,2,7,4,313
29.5,2,7,5,315
29.5,2,7,6,316
29.5,2,7,7,318
29.5,2,7,8,319
29.5,2,7,9,320
29.5,2,7,10,322
29.5,2,7,11,323
29.5,2,7,12,325
29.5,2,7,13,326
29.5,2,7,14,328
29.5,2,7,15,329
29.5,2,8,0,309
29.5,2,8,1,310
29.5,2,8,2,312
29.5,2,8,3,313
29.5,2,8,4,315
29.5,2,8,5,316
29.5,2,8,6,318
29.5,2,8,7,319
29.5,2,8,8,321
29.5,2,8,9,322
29.5,2,8,10,324
29.5,2,8,11,325
29.5,2,8,12,327
29.5,2,8,13,328
29.5,2,8,14,329
29.5,2,8,15,331
29.5,2,9,0,311
29.5,2,9,1,312
29.5,2,9,2,314
29.5,2,9,3,315
29.5,2,9,4,317
29.5,2,9,5,318
29.5,2,9,6,320
29.5,2,9,7,321
29.5,2,9,8,323
29.5,2,9,9,324
29.5,2,9,10,325
29.5,2,9,11,327
29.5,2,9,12,328
29.5,2,9,13,330
29.5,2,9,14,331
29.5,2,9,15,333
29.5,2,10,0,312
29.5,2,10,1,314
29.5,2,10,2,315
29.5,2,10,3,317
29.5,2,10,4,318
29.5,2,10,5,320
29.5,2,10,6,321
29.5,2,10,7,323
29.5,2,10,8,324
29.5,2,10,9,326
29.5,2,10,10,327
29.5,2,10,11,329
29.5,2,10,12,330
29.5,2,10,13,332
29.5,2,10,14,333
29.5,2,10,15,334
29.5,2,11,0,314
29.5,2,11,1,315
29.5,2,11,2,317
29.5,2,11,3,319
29.5,2,11,4,320
29.5,2,11,5,322
29.5,2,11,6,323
29.5,2,11,7,325
29.5,2,11,8,326
29.5,2,11,9,328
29.5,2,11,10,329
29.5,2,11,11,330
29.5,2,11,12,332
29.5,2,11,13,333
29.5,2,11,14,335
29.5,2,11,15,336
29.5,2,12,0,316
29.5,2,12,1,317
29.5,2,12,2,319
29.5,2,12,3,320
29.5,2,12,4,322
29.5,2,12,5,323
29.5,2,12,6,325
29.5,2,12,7,326
29.5,2,12,8,328
29.5,2,12,9,329
29.5,2,12,10,331
29.5,2,12,11,332
29.5,2,12,12,334
29.5,2,12,13,335
29.5,2,12,14,337
29.5,2,12,15,338
29.5,2,13,0,317
29.5,2,13,1,319
29.5,2,13,2,320
29.5,2,13,3,322
29.5,2,13,4,323
29.5,2,13,5,325
29.5,2,13,6,326
29.5,2,13,7,328
29.5,2,13,8,330
29.5,2,13,9,331
29.5,2,13,10,332
29.5,2,13,11,334
29.5,2,13,12,335
29.5,2,13,13,337
29.5,2,13,14,338
29.5,2,13,15,340
29.5,2,14,0,319
29.5,2,14,1,320
29.5,2,14,2,322
29.5,2,14,3,324
29.5,2,14,4,325
29.5,2,14,5,327
29.5,2,14,6,328
29.5,2,14,7,330
29.5,2,14,8,331
29.5,2,14,9,333
29.5,2,14,10,334
29.5,2,14,11,336
29.5,2,14,12,337
29.5,2,14,13,339
29.5,2,14,14,340
29.5,2,14,15,342
29.5,2,15,0,321
29.5,2,15,1,322
29.5,2,15,2,324
29.5,2,15,3,325
29.5,2,15,4,327
29.5,2,15,5,328
29.5,2,15,6,330
29.5,2,15,7,331
29.5,2,15,8,333
29.5,2,15,9,334
29.5,2,15,10,336
29.5,2,15,11,337
29.5,2,15,12,339
29.5,2,15,13,340
29.5,2,15,14,342
29.5,2,15,15,343
29.5,3,0,0,300
29.5,3,0,1,301
29.5,3,0,2,303
29.5,3,0,3,304
29.5,3,0,4,306
29.5,3,0,5,307
29.5,3,0,6,309
29.5,3,0,7,310
29.5,3,0,8,311
29.5,3,0,9,313
29.5,3,0,10,314
29.5,3,0,11,316
29.5,3,0,12,317
29.5,3,0,13,318
29.5,3,0,14,320
29.5,3,0,15,321
29.5,3,1,0,302
29.5,3,1,1,303
29.5,3,1,2,305
29.5,3,1,3,306
29.5,3,1,4,307
29.5,3,1,5,309
29.5,3,1,6,310
29.5,3,1,7,312
29.5,3,1,8,313
29.5,3,1,9,315
29.5,3,1,10,316
29.5,3,1,11,318
29.5,3,1,12,319
29.5,3,1,13,320
29.5,3,1,14,322
29.5,3,1,15,323
29.5,3,2,0,303
29.5,3,2,1,305
29.5,3,2,2,306
29.5,3,2,3,308
29.5,3,2,4,309
29.5,3,2,5,311
29.5,3,2,6,312
29.5,3,2,7,314
29.5,3,2,8,315
29.5,3,2,9,317
29.5,3,2,10,318
29.5,3,2,11,319
29.5,3,2,12,321
29.5,3,2,13,322
29.5,3,2,14,324
29.5,3,2,15,325
29.5,3,3,0,305
29.5,3,3,1,307
29.5,3,3,2,308
29.5,3,3,3,310
29.5,3,3,4,311
29.5,3,3,5,313
29.5,3,3,6,314
29.5,3,3,7,316
29.5,3,3,8,317
29.5,3,3,9,318
29.5,3,3,10,320
29.5,3,3,11,321
29.5,3,3,12,323
29.5,3,3,13,324
29.5,3,3,14,326
29.5,3,3,15,327
29.5,3,4,0,307
29.5,3,4,1,308
29.5,3,4,2,310
29.5,3,4,3,311
29.5,3,4,4,313
29.5,3,4,5,314
29.5,3,4,6,316
29.5,3,4,7,317
29.5,3,4,8,319
29.5,3,4,9,320
29.5,3,4,10,322
29.5,3,4,11,323
29.5,3,4,12,325
29.5,3,4,13,326
29.5,3,4,14,327
29.5,3,4,15,329
29.5,3,5,0,309
29.5,3,5,1,310
29.5,3,5,2,312
29.5,3,5,3,313
29.5,3,5,4,315
29.5,3,5,5,316
29.5,3,5,6,318
29.5,3,5,7,319
29.5,3,5,8,321
29.5,3,5,9,322
29.5,3,5,10,324
29.5,3,5,11,325
29.5,3,5,12,326
29.5,3,5,13,328
29.5,3,5,14,329
29.5,3,5,15,331
29.5,3,6,0,310
29.5,3,6,1,312
29.5,3,6,2,314
29.5,3,6,3,315
29.5,3,6,4,317
29.5,3,6,5,318
29.5,3,6,6,320
29.5,3,6,7,321
29.5,3,6,8,322
29.5,3,6,9,324
29.5,3,6,10,325
29.5,3,6,11,327
29.5,3,6,12,328
29.5,3,6,13,330
29.5,3,6,14,331
29.5,3,6,15,333
29.5,3,7,0,312
29.5,3,7,1,314
29.5,3,7,2,315
29.5,3,7,3,317
29.5,3,7,4,318
29.5,3,7,5,320
29.5,3,7,6,321
29.5,3,7,7,323
29.5,3,7,8,324
29.5,3,7,9,326
29.5,3,7,10,327
29.5,3,7,11,329
29.5,3,7,12,330
29.5,3,7,13,332
29.5,3,7,14,333
29.5,3,7,15,334
29.5,3,8,0,314
29.5,3,8,1,316
29.5,3,8,2,317
29.5,3,8,3,319
29.5,3,8,4,320
29.5,3,8,5,322
29.5,3,8,6,323
29.5,3,8,7,325
29.5,3,8,8,326
29.5,3,8,9,328
29.5,3,8,10,329
29.5,3,8,11,330
29.5,3,8,12,332
29.5,3,8,13,333
29.5,3,8,14,335
29.5,3,8,15,336
29.5,3,9,0,316
29.5,3,9,1,317
29.5,3,9,2,319
29.5,3,9,3,320
29.5,3,9,4,322
29.5,3,9,5,323
29.5,3,9,6,325
29.5,3,9,7,326
29.5,3,9,8,328
29.5,3,9,9,329
29.5,3,9,10,331
29.5,3,9,11,332
29.5,3,9,12,334
29.5,3,9,13,335
29.5,3,9,14,337
29.5,3,9,15,338
29.5,3,10,0,317
29.5,3,10,1,319
29.5,3,10,2,321
29.5,3,10,3,322
29.5,3,10,4,324
29.5,3,10,5,325
29.5,3,10,6,327
29.5,3,10,7,328
29.5,3,10,8,330
29.5,3,10,9,331
29.5,3,10,10,333
29.5,3,10,11,334
29.5,3,10,12,336
29.5,3,10,13,337
29.5,3,10,14,339
29.5,3,10,15,340
29.5,3,11,0,319
29.5,3,11,1,321
29.5,3,11,2,322
29.5,3,11,3,324
29.5,3,11,4,325
29.5,3,11,5,327
29.5,3,11,6,328
29.5,3,11,7,330
29.5,3,11,8,331
29.5,3,11,9,333
29.5,3,11,10,334
29.5,3,11,11,336
29.5,3,11,12,337
29.5,3,11,13,339
29.5,3,11,14,340
29.5,3,11,15,342
29.5,3,12,0,321
29.5,3,12,1,322
29.5,3,12,2,324
29.5,3,12,3,325
29.5,3,12,4,327
29.5,3,12,5,329
29.5,3,12,6,330
29.5,3,12,7,332
29.5,3,12,8,333
29.5,3,12,9,335
29.5,3,12,10,336
29.5,3,12,11,338
29.5,3,12,12,339
29.5,3,12,13,341
29.5,3,12,14,342
29.5,3,12,15,344
29.5,3,13,0,322
29.5,3,13,1,324
29.5,3,13,2,326
29.5,3,13,3,327
29.5,3,13,4,329
29.5,3,13,5,330
29.5,3,13,6,332
29.5,3,13,7,333
29.5,3,13,8,335
29.5,3,13,9,336
29.5,3,13,10,338
29.5,3,13,11,339
29.5,3,13,12,341
29.5,3,13,13,342
29.5,3,13,14,344
29.5,3,13,15,345
29.5,3,14,0,324
29.5,3,14,1,326
29.5,3,14,2,327
29.5,3,14,3,329
29.5,3,14,4,330
29.5,3,14,5,332
29.5,3,14,6,334
29.5,3,14,7,335
29.5,3,14,8,337
29.5,3,14,9,338
29.5,3,14,10,340
29.5,3,14,11,341
29.5,3,14,12,343
29.5,3,14,13,344
29.5,3,14,14,346
29.5,3,14,15,347
29.5,3,15,0,326
29.5,3,15,1,327
29.5,3,15,2,329
29.5,3,15,3,331
29.5,3,15,4,332
29.5,3,15,5,334
29.5,3,15,6,335
29.5,3,15,7,337
29.5,3,15,8,338
29.5,3,15,9,340
29.5,3,15,10,341
29.5,3,15,11,343
29.5,3,15,12,345
29.5,3,15,13,346
29.5,3,15,14,348
29.5,3,15,15,349
29.5,4,0,0,305
29.5,4,0,1,306
29.5,4,0,2,308
29.5,4,0,3,309
29.5,4,0,4,311
29.5,4,0,5,312
29.5,4,0,6,314
29.5,4,0,7,315
29.5,4,0,8,316
29.5,4,0,9,318
29.5,4,0,10,319
29.5,4,0,11,321
29.5,4,0,12,322
29.5,4,0,13,324
29.5,4,0,14,325
29.5,4,0,15,326
29.5,4,1,0,307
29.5,4,1,1,308
29.5,4,1,2,310
29.5,4,1,3,311
29.5,4,1,4,312
29.5,4,1,5,314
29.5,4,1,6,315
29.5,4,1,7,317
29.5,4,1,8,318
29.5,4,1,9,320
29.5,4,1,10,321
29.5,4,1,11,323
29.5,4,1,12,324
29.5,4,1,13,325
29.5,4,1,14,327
29.5,4,1,15,328
29.5,4,2,0,308
29.5,4,2,1,310
29.5,4,2,2,311
29.5,4,2,3,313
29.5,4,2,4,314
29.5,4,2,5,316
29.5,4,2,6,317
29.5,4,2,7,319
29.5,4,2,8,320
29.5,4,2,9,322
29.5,4,2,10,323
29.5,4,2,11,325
29.5,4,2,12,326
29.5,4,2,13,327
29.5,4,2,14,329
29.5,4,2,15,330
29.5,4,3,0,310
29.5,4,3,1,312
29.5,4,3,2,313
29.5,4,3,3,315
29.5,4,3,4,316
29.5,4,3,5,318
29.5,4,3,6,319
29.5,4,3,7,321
29.5,4,3,8,322
29.5,4,3,9,324
29.5,4,3,10,325
29.5,4,3,11,326
29.5,4,3,12,328
29.5,4,3,13,329
29.5,4,3,14,331
29.5,4,3,15,332
29.5,4,4,0,312
29.5,4,4,1,313
29.5,4,4,2,315
29.5,4,4,3,317
29.5,4,4,4,318
29.5,4,4,5,320
29.5,4,4,6,321
29.5,4,4,7,322
29.5,4,4,8,324
29.5,4,4,9,325
29.5,4,4,10,327
29.5,4,4,11,328
29.5,4,4,12,330
29.5,4,4,13,331
29.5,4,4,14,333
29.5,4,4,15,334
29.5,4,5,0,314
29.5,4,5,1,315
29.5,4,5,2,317
29.5,4,5,3,318
29.5,4,5,4,320
29.5,4,5,5,321
29.5,4,5,6,323
29.5,4,5,7,324
29.5,4,5,8,326
29.5,4,5,9,327
29.5,4,5,10,329
29.5,4,5,11,330
29.5,4,5,12,332
29.5,4,5,13,333
29.5,4,5,14,335
29.5,4,5,15,336
29.5,4,6,0,316
29.5,4,6,1,317
29.5,4,6,2,319
29.5,4,6,3,320
29.5,4,6,4,322
29.5,4,6,5,323
29.5,4,6,6,325
29.5,4,6,7,326
29.5,4,6,8,328
29.5,4,6,9,329
29.5,4,6,10,331
29.5,4,6,11,332
29.5,4,6,12,334
29.5,4,6,13,335
29.5,4,6,14,337
29.5,4,6,15,338
29.5,4,7,0,317
29.5,4,7,1,319
29.5,4,7,2,320
29.5,4,7,3,322
29.5,4,7,4,323
29.5,4,7,5,325
29.5,4,7,6,326
29.5,4,7,7,328
29.5,4,7,8,330
29.5,4,7,9,331
29.5,4,7,10,332
29.5,4,7,11,334
29.5,4,7,12,335
29.5,4,7,13,337
29.5,4,7,14,338
29.5,4,7,15,340
29.5,4,8,0,319
29.5,4,8,1,321
29.5,4,8,2,322
29.5,4,8,3,324
29.5,4,8,4,325
29.5,4,8,5,327
29.5,4,8,6,328
29.5,4,8,7,330
29.5,4,8,8,331
29.5,4,8,9,333
29.5,4,8,10,334
29.5,4,8,11,336
29.5,4,8,12,337
29.5,4,8,13,339
29.5,4,8,14,340
29.5,4,8,15,342
29.5,4,9,0,321
29.5,4,9,1,322
29.5,4,9,2,324
29.5,4,9,3,325
29.5,4,9,4,327
29.5,4,9,5,329
29.5,4,9,6,330
29.5,4,9,7,332
29.5,4,9,8,333
29.5,4,9,9,335
29.5,4,9,10,336
29.5,4,9,11,338
29.5,4,9,12,339
29.5,4,9,13,341
29.5,4,9,14,342
29.5,4,9,15,344
29.5,4,10,0,323
29.5,4,10,1,324
29.5,4,10,2,326
29.5,4,10,3,327
29.5,4,10,4,329
29.5,4,10,5,330
29.5,4,10,6,332
29.5,4,10,7,333
29.5,4,10,8,335
29.5,4,10,9,336
29.5,4,10,10,338
29.5,4,10,11,340
29.5,4,10,12,341
29.5,4,10,13,343
29.5,4,10,14,344
29.5,4,10,15,345
29.5,4,11,0,324
29.5,4,11,1,326
29.5,4,11,2,327
29.5,4,11,3,329
29.5,4,11,4,331
29.5,4,11,5,332
29.5,4,11,6,334
29.5,4,11,7,335
29.5,4,11,8,337
29.5,4,11,9,338
29.5,4,11,10,340
29.5,4,11,11,341
29.5,4,11,12,343
29.5,4,11,13,344
29.5,4,11,14,346
29.5,4,11,15,347
29.5,4,12,0,326
29.5,4,12,1,328
29.5,4,12,2,329
29.5,4,12,3,331
29.5,4,12,4,332
29.5,4,12,5,334
29.5,4,12,6,335
29.5,4,12,7,337
29.5,4,12,8,339
29.5,4,12,9,340
29.5,4,12,10,342
29.5,4,12,11,343
29.5,4,12,12,345
29.5,4,12,13,346
29.5,4,12,14,348
29.5,4,12,15,349
29.5,4,13,0,328
29.5,4,13,1,329
29.5,4,13,2,331
29.5,4,13,3,332
29.5,4,13,4,334
29.5,4,13,5,336
29.5,4,13,6,337
29.5,4,13,7,339
29.5,4,13,8,340
29.5,4,13,9,342
29.5,4,13,10,343
29.5,4,13,11,345
29.5,4,13,12,346
29.5,4,13,13,348
29.5,4,13,14,350
29.5,4,13,15,351
29.5,4,14,0,329
29.5,4,14,1,331
29.5,4,14,2,333
29.5,4,14,3,334
29.5,4,14,4,336
29.5,4,14,5,337
29.5,4,14,6,339
29.5,4,14,7,341
29.5,4,14,8,342
29.5,4,14,9,344
29.5,4,14,10,345
29.5,4,14,11,347
29.5,4,14,12,348
29.5,4,14,13,350
29.5,4,14,14,351
29.5,4,14,15,353
29.5,4,15,0,331
29.5,4,15,1,333
29.5,4,15,2,334
29.5,4,15,3,336
29.5,4,15,4,338
29.5,4,15,5,339
29.5,4,15,6,341
29.5,4,15,7,342
29.5,4,15,8,344
29.5,4,15,9,345
29.5,4,15,10,347
29.5,4,15,11,349
29.5,4,15,12,350
29.5,4,15,13,352
29.5,4,15,14,353
29.5,4,15,15,355
29.5,5,0,0,310
29.5,5,0,1,311
29.5,5,0,2,313
29.5,5,0,3,314
29.5,5,0,4,316
29.5,5,0,5,317
29.5,5,0,6,319
29.5,5,0,7,320
29.5,5,0,8,321
29.5,5,0,9,323
29.5,5,0,10,324
29.5,5,0,11,326
29.5,5,0,12,327
29.5,5,0,13,329
29.5,5,0,14,330
29.5,5,0,15,332
29.5,5,1,0,311
29.5,5,1,1,313
29.5,5,1,2,314
29.5,5,1,3,316
29.5,5,1,4,317
29.5,5,1,5,319
29.5,5,1,6,320
29.5,5,1,7,322
29.5,5,1,8,323
29.5,5,1,9,325
29.5,5,1,10,326
29.5,5,1,11,328
29.5,5,1,12,329
29.5,5,1,13,331
29.5,5,1,14,332
29.5,5,1,15,334
29.5,5,2,0,313
29.5,5,2,1,315
29.5,5,2,2,316
29.5,5,2,3,318
29.5,5,2,4,319
29.5,5,2,5,321
29.5,5,2,6,322
29.5,5,2,7,324
29.5,5,2,8,325
29.5,5,2,9,327
29.5,5,2,10,328
29.5,5,2,11,330
29.5,5,2,12,331
29.5,5,2,13,333
29.5,5,2,14,334
29.5,5,2,15,336
29.5,5,3,0,315
29.5,5,3,1,317
29.5,5,3,2,318
29.5,5,3,3,320
29.5,5,3,4,321
29.5,5,3,5,323
29.5,5,3,6,324
29.5,5,3,7,326
29.5,5,3,8,327
29.5,5,3,9,329
29.5,5,3,10,330
29.5,5,3,11,332
29.5,5,3,12,333
29.5,5,3,13,335
29.5,5,3,14,336
29.5,5,3,15,337
29.5,5,4,0,317
29.5,5,4,1,318
29.5,5,4,2,320
29.5,5,4,3,322
29.5,5,4,4,323
29.5,5,4,5,325
29.5,5,4,6,326
29.5,5,4,7,328
29.5,5,4,8,329
29.5,5,4,9,331
29.5,5,4,10,332
29.5,5,4,11,334
29.5,5,4,12,335
29.5,5,4,13,337
29.5,5,4,14,338
29.5,5,4,15,339
29.5,5,5,0,319
29.5,5,5,1,320
29.5,5,5,2,322
29.5,5,5,3,323
29.5,5,5,4,325
29.5,5,5,5,326
29.5,5,5,6,328
29.5,5,5,7,329
29.5,5,5,8,331
29.5,5,5,9,333
29.5,5,5,10,334
29.5,5,5,11,335
29.5,5,5,12,337
29.5,5,5,13,338
29.5,5,5,14,340
29.5,5,5,15,341
29.5,5,6,0,321
29.5,5,6,1,322
29.5,5,6,2,324
29.5,5,6,3,325
29.5,5,6,4,327
29.5,5,6,5,328
29.5,5,6,6,330
29.5,5,6,7,331
29.5,5,6,8,333
29.5,5,6,9,334
29.5,5,6,10,336
29.5,5,6,11,337
29.5,5,6,12,339
29.5,5,6,13,340
29.5,5,6,14,342
29.5,5,6,15,343
29.5,5,7,0,322
29.5,5,7,1,324
29.5,5,7,2,325
29.5,5,7,3,327
29.5,5,7,4,329
29.5,5,7,5,330
29.5,5,7,6,332
29.5,5,7,7,333
29.5,5,7,8,335
29.5,5,7,9,336
29.5,5,7,10,338
29.5,5,7,11,339
29.5,5,7,12,341
29.5,5,7,13,342
29.5,5,7,14,344
29.5,5,7,15,345
29.5,5,8,0,324
29.5,5,8,1,326
29.5,5,8,2,327
29.5,5,8,3,329
29.5,5,8,4,330
29.5,5,8,5,332
29.5,5,8,6,334
29.5,5,8,7,335
29.5,5,8,8,337
29.5,5,8,9,338
29.5,5,8,10,340
29.5,5,8,11,341
29.5,5,8,12,343
29.5,5,8,13,344
29.5,5,8,14,346
29.5,5,8,15,347
29.5,5,9,0,326
29.5,5,9,1,327
29.5,5,9,2,329
29.5,5,9,3,331
29.5,5,9,4,332
29.5,5,9,5,334
29.5,5,9,6,335
29.5,5,9,7,337
29.5,5,9,8,338
29.5,5,9,9,340
29.5,5,9,10,342
29.5,5,9,11,343
29.5,5,9,12,345
29.5,5,9,13,346
29.5,5,9,14,348
29.5,5,9,15,349
29.5,5,10,0,328
29.5,5,10,1,329
29.5,5,10,2,331
29.5,5,10,3,332
29.5,5,10,4,334
29.5,5,10,5,336
29.5,5,10,6,337
29.5,5,10,7,339
29.5,5,10,8,340
29.5,5,10,9,342
29.5,5,10,10,343
29.5,5,10,11,345
29.5,5,10,12,346
29.5,5,10,13,348
29.5,5,10,14,349
29.5,5,10,15,351
29.5,5,11,0,329
29.5,5,11,1,331
29.5,5,11,2,333
29.5,5,11,3,334
29.5,5,11,4,336
29.5,5,11,5,337
29.5,5,11,6,339
29.5,5,11,7,341
29.5,5,11,8,342
29.5,5,11,9,344
29.5,5,11,10,345
29.5,5,11,11,347
29.5,5,11,12,348
29.5,5,11,13,350
29.5,5,11,14,351
29.5,5,11,15,353
29.5,5,12,0,331
29.5,5,12,1,333
29.5,5,12,2,334
29.5,5,12,3,336
29.5,5,12,4,338
29.5,5,12,5,339
29.5,5,12,6,341
29.5,5,12,7,342
29.5,5,12,8,344
29.5,5,12,9,345
29.5,5,12,10,347
29.5,5,12,11,349
29.5,5,12,12,350
29.5,5,12,13,352
29.5,5,12,14,353
29.5,5,12,15,355
29.5,5,13,0,333
29.5,5,13,1,335
29.5,5,13,2,336
29.5,5,13,3,338
29.5,5,13,4,339
29.5,5,13,5,341
29.5,5,13,6,343
29.5,5,13,7,344
29.5,5,13,8,346
29.5,5,13,9,347
29.5,5,13,10,349
29.5,5,13,11,350
29.5,5,13,12,352
29.5,5,13,13,354
29.5,5,13,14,355
29.5,5,13,15,357
29.5,5,14,0,335
29.5,5,14,1,336
29.5,5,14,2,338
29.5,5,14,3,340
29.5,5,14,4,341
29.5,5,14,5,343
29.5,5,14,6,344
29.5,5,14,7,346
29.5,5,14,8,348
29.5,5,14,9,349
29.5,5,14,10,351
29.5,5,14,11,352
29.5,5,14,12,354
29.5,5,14,13,355
29.5,5,14,14,357
29.5,5,14,15,358
29.5,5,15,0,336
29.5,5,15,1,338
29.5,5,15,2,340
29.5,5,15,3,341
29.5,5,15,4,343
29.5,5,15,5,345
29.5,5,15,6,346
29.5,5,15,7,348
29.5,5,15,8,349
29.5,5,15,9,351
29.5,5,15,10,352
29.5,5,15,11,354
29.5,5,15,12,356
29.5,5,15,13,357
29.5,5,15,14,359
29.5,5,15,15,360
29.5,6,0,0,314
29.5,6,0,1,316
29.5,6,0,2,317
29.5,6,0,3,319
29.5,6,0,4,320
29.5,6,0,5,322
29.5,6,0,6,323
29.5,6,0,7,325
29.5,6,0,8,326
29.5,6,0,9,328
29.5,6,0,10,329
29.5,6,0,11,331
29.5,6,0,12,332
29.5,6,0,13,334
29.5,6,0,14,335
29.5,6,0,15,337
29.5,6,1,0,316
29.5,6,1,1,318
29.5,6,1,2,319
29.5,6,1,3,321
29.5,6,1,4,322
29.5,6,1,5,324
29.5,6,1,6,325
29.5,6,1,7,327
29.5,6,1,8,328
29.5,6,1,9,330
29.5,6,1,10,331
29.5,6,1,11,333
29.5,6,1,12,334
29.5,6,1,13,336
29.5,6,1,14,337
29.5,6,1,15,339
29.5,6,2,0,318
29.5,6,2,1,320
29.5,6,2,2,321
29.5,6,2,3,323
29.5,6,2,4,324
29.5,6,2,5,326
29.5,6,2,6,327
29.5,6,2,7,329
29.5,6,2,8,330
29.5,6,2,9,332
29.5,6,2,10,333
29.5,6,2,11,335
29.5,6,2,12,336
29.5,6,2,13,338
29.5,6,2,14,339
29.5,6,2,15,341
29.5,6,3,0,320
29.5,6,3,1,322
29.5,6,3,2,323
29.5,6,3,3,325
29.5,6,3,4,326
29.5,6,3,5,328
29.5,6,3,6,329
29.5,6,3,7,331
29.5,6,3,8,332
29.5,6,3,9,334
29.5,6,3,10,335
29.5,6,3,11,337
29.5,6,3,12,338
29.5,6,3,13,340
29.5,6,3,14,341
29.5,6,3,15,343
29.5,6,4,0,322
29.5,6,4,1,323
29.5,6,4,2,325
29.5,6,4,3,327
29.5,6,4,4,328
29.5,6,4,5,330
29.5,6,4,6,331
29.5,6,4,7,333
29.5,6,4,8,334
29.5,6,4,9,336
29.5,6,4,10,337
29.5,6,4,11,339
29.5,6,4,12,340
29.5,6,4,13,342
29.5,6,4,14,343
29.5,6,4,15,345
29.5,6,5,0,324
29.5,6,5,1,325
29.5,6,5,2,327
29.5,6,5,3,328
29.5,6,5,4,330
29.5,6,5,5,332
29.5,6,5,6,333
29.5,6,5,7,335
29.5,6,5,8,336
29.5,6,5,9,338
29.5,6,5,10,339
29.5,6,5,11,341
29.5,6,5,12,342
29.5,6,5,13,344
29.5,6,5,14,345
29.5,6,5,15,347
29.5,6,6,0,326
29.5,6,6,1,327
29.5,6,6,2,329
29.5,6,6,3,330
29.5,6,6,4,332
29.5,6,6,5,333
29.5,6,6,6,335
29.5,6,6,7,337
29.5,6,6,8,338
29.5,6,6,9,340
29.5,6,6,10,341
29.5,6,6,11,343
29.5,6,6,12,344
29.5,6,6,13,346
29.5,6,6,14,347
29.5,6,6,15,349
29.5,6,7,0,327
29.5,6,7,1,329
29.5,6,7,2,331
29.5,6,7,3,332
29.5,6,7,4,334
29.5,6,7,5,335
29.5,6,7,6,337
29.5,6,7,7,338
29.5,6,7,8,340
29.5,6,7,9,342
29.5,6,7,10,343
29.5,6,7,11,345
29.5,6,7,12,346
29.5,6,7,13,348
29.5,6,7,14,349
29.5,6,7,15,351
29.5,6,8,0,329
29.5,6,8,1,331
29.5,6,8,2,332
29.5,6,8,3,334
29.5,6,8,4,336
29.5,6,8,5,337
29.5,6,8,6,339
29.5,6,8,7,340
29.5,6,8,8,342
29.5,6,8,9,343
29.5,6,8,10,345
29.5,6,8,11,347
29.5,6,8,12,348
29.5,6,8,13,350
29.5,6,8,14,351
29.5,6,8,15,353
29.5,6,9,0,331
29.5,6,9,1,333
29.5,6,9,2,334
29.5,6,9,3,336
29.5,6,9,4,337
29.5,6,9,5,339
29.5,6,9,6,341
29.5,6,9,7,342
29.5,6,9,8,344
29.5,6,9,9,345
29.5,6,9,10,347
29.5,6,9,11,348
29.5,6,9,12,350
29.5,6,9,13,351
29.5,6,9,14,353
29.5,6,9,15,355
29.5,6,10,0,333
29.5,6,10,1,334
29.5,6,10,2,336
29.5,6,10,3,338
29.5,6,10,4,339
29.5,6,10,5,341
29.5,6,10,6,342
29.5,6,10,7,344
29.5,6,10,8,346
29.5,6,10,9,347
29.5,6,10,10,349
29.5,6,10,11,350
29.5,6,10,12,352
29.5,6,10,13,353
29.5,6,10,14,355
29.5,6,10,15,356
29.5,6,11,0,335
29.5,6,11,1,336
29.5,6,11,2,338
29.5,6,11,3,339
29.5,6,11,4,341
29.5,6,11,5,343
29.5,6,11,6,344
29.5,6,11,7,346
29.5,6,11,8,347
29.5,6,11,9,349
29.5,6,11,10,351
29.5,6,11,11,352
29.5,6,11,12,354
29.5,6,11,13,355
29.5,6,11,14,357
29.5,6,11,15,358
29.5,6,12,0,336
29.5,6,12,1,338
29.5,6,12,2,340
29.5,6,12,3,341
29.5,6,12,4,343
29.5,6,12,5,345
29.5,6,12,6,346
29.5,6,12,7,348
29.5,6,12,8,349
29.5,6,12,9,351
29.5,6,12,10,352
29.5,6,12,11,354
29.5,6,12,12,356
29.5,6,12,13,357
29.5,6,12,14,359
29.5,6,12,15,360
29.5,6,13,0,338
29.5,6,13,1,340
29.5,6,13,2,341
29.5,6,13,3,343
29.5,6,13,4,345
29.5,6,13,5,346
29.5,6,13,6,348
29.5,6,13,7,350
29.5,6,13,8,351
29.5,6,13,9,353
29.5,6,13,10,354
29.5,6,13,11,356
29.5,6,13,12,357
29.5,6,13,13,359
29.5,6,13,14,361
29.5,6,13,15,362
29.5,6,14,0,340
29.5,6,14,1,342
29.5,6,14,2,343
29.5,6,14,3,345
29.5,6,14,4,346
29.5,6,14,5,348
29.5,6,14,6,350
29.5,6,14,7,351
29.5,6,14,8,353
29.5,6,14,9,355
29.5,6,14,10,356
29.5,6,14,11,358
29.5,6,14,12,359
29.5,6,14,13,361
29.5,6,14,14,362
29.5,6,14,15,364
29.5,6,15,0,342
29.5,6,15,1,343
29.5,6,15,2,345
29.5,6,15,3,347
29.5,6,15,4,348
29.5,6,15,5,350
29.5,6,15,6,352
29.5,6,15,7,353
29.5,6,15,8,355
29.5,6,15,9,356
29.5,6,15,10,358
29.5,6,15,11,360
29.5,6,15,12,361
29.5,6,15,13,363
29.5,6,15,14,364
29.5,6,15,15,366
29.5,7,0,0,319
29.5,7,0,1,321
29.5,7,0,2,322
29.5,7,0,3,324
29.5,7,0,4,325
29.5,7,0,5,327
29.5,7,0,6,328
29.5,7,0,7,330
29.5,7,0,8,332
29.5,7,0,9,333
29.5,7,0,10,335
29.5,7,0,11,336
29.5,7,0,12,337
29.5,7,0,13,339
29.5,7,0,14,340
29.5,7,0,15,342
29.5,7,1,0,321
29.5,7,1,1,323
29.5,7,1,2,324
29.5,7,1,3,326
29.5,7,1,4,327
29.5,7,1,5,329
29.5,7,1,6,330
29.5,7,1,7,332
29.5,7,1,8,333
29.5,7,1,9,335
29.5,7,1,10,337
29.5,7,1,11,338
29.5,7,1,12,340
29.5,7,1,13,341
29.5,7,1,14,342
29.5,7,1,15,344
29.5,7,2,0,323
29.5,7,2,1,325
29.5,7,2,2,326
29.5,7,2,3,328
29.5,7,2,4,329
29.5,7,2,5,331
29.5,7,2,6,332
29.5,7,2,7,334
29.5,7,2,8,335
29.5,7,2,9,337
29.5,7,2,10,339
29.5,7,2,11,340
29.5,7,2,12,342
29.5,7,2,13,343
29.5,7,2,14,345
29.5,7,2,15,346
29.5,7,3,0,325
29.5,7,3,1,327
29.5,7,3,2,328
29.5,7,3,3,330
29.5,7,3,4,331
29.5,7,3,5,333
29.5,7,3,6,334
29.5,7,3,7,336
29.5,7,3,8,337
29.5,7,3,9,339
29.5,7,3,10,341
29.5,7,3,11,342
29.5,7,3,12,344
29.5,7,3,13,345
29.5,7,3,14,347
29.5,7,3,15,348
29.5,7,4,0,327
29.5,7,4,1,328
29.5,7,4,2,330
29.5,7,4,3,332
29.5,7,4,4,333
29.5,7,4,5,335
29.5,7,4,6,336
29.5,7,4,7,338
29.5,7,4,8,339
29.5,7,4,9,341
29.5,7,4,10,342
29.5,7,4,11,344
29.5,7,4,12,346
29.5,7,4,13,347
29.5,7,4,14,349
29.5,7,4,15,350
29.5,7,5,0,329
29.5,7,5,1,330
29.5,7,5,2,332
29.5,7,5,3,333
29.5,7,5,4,335
29.5,7,5,5,337
29.5,7,5,6,338
29.5,7,5,7,340
29.5,7,5,8,341
29.5,7,5,9,343
29.5,7,5,10,344
29.5,7,5,11,346
29.5,7,5,12,348
29.5,7,5,13,349
29.5,7,5,14,351
29.5,7,5,15,352
29.5,7,6,0,331
29.5,7,6,1,332
29.5,7,6,2,334
29.5,7,6,3,335
29.5,7,6,4,337
29.5,7,6,5,339
29.5,7,6,6,340
29.5,7,6,7,342
29.5,7,6,8,343
29.5,7,6,9,345
29.5,7,6,10,346
29.5,7,6,11,348
29.5,7,6,12,349
29.5,7,6,13,351
29.5,7,6,14,353
29.5,7,6,15,354
29.5,7,7,0,332
29.5,7,7,1,334
29.5,7,7,2,336
29.5,7,7,3,337
29.5,7,7,4,339
29.5,7,7,5,340
29.5,7,7,6,342
29.5,7,7,7,344
29.5,7,7,8,345
29.5,7,7,9,347
29.5,7,7,10,348
29.5,7,7,11,350
29.5,7,7,12,351
29.5,7,7,13,353
29.5,7,7,14,355
29.5,7,7,15,356
29.5,7,8,0,334
29.5,7,8,1,336
29.5,7,8,2,338
29.5,7,8,3,339
29.5,7,8,4,341
29.5,7,8,5,342
29.5,7,8,6,344
29.5,7,8,7,346
29.5,7,8,8,347
29.5,7,8,9,349
29.5,7,8,10,350
29.5,7,8,11,352
29.5,7,8,12,353
29.5,7,8,13,355
29.5,7,8,14,356
29.5,7,8,15,358
29.5,7,9,0,336
29.5,7,9,1,338
29.5,7,9,2,339
29.5,7,9,3,341
29.5,7,9,4,343
29.5,7,9,5,344
29.5,7,9,6,346
29.5,7,9,7,347
29.5,7,9,8,349
29.5,7,9,9,351
29.5,7,9,10,352
29.5,7,9,11,354
29.5,7,9,12,355
29.5,7,9,13,357
29.5,7,9,14,358
29.5,7,9,15,360
29.5,7,10,0,338
29.5,7,10,1,340
29.5,7,10,2,341
29.5,7,10,3,343
29.5,7,10,4,344
29.5,7,10,5,346
29.5,7,10,6,348
29.5,7,10,7,349
29.5,7,10,8,351
29.5,7,10,9,353
29.5,7,10,10,354
29.5,7,10,11,356
29.5,7,10,12,357
29.5,7,10,13,359
29.5,7,10,14,360
29.5,7,10,15,362
29.5,7,11,0,340
29.5,7,11,1,341
29.5,7,11,2,343
29.5,7,11,3,345
29.5,7,11,4,346
29.5,7,11,5,348
29.5,7,11,6,350
29.5,7,11,7,351
29.5,7,11,8,353
29.5,7,11,9,354
29.5,7,11,10,356
29.5,7,11,11,358
29.5,7,11,12,359
29.5,7,11,13,361
29.5,7,11,14,362
29.5,7,11,15,364
29.5,7,12,0,342
29.5,7,12,1,343
29.5,7,12,2,345
29.5,7,12,3,347
29.5,7,12,4,348
29.5,7,12,5,350
29.5,7,12,6,351
29.5,7,12,7,353
29.5,7,12,8,355
29.5,7,12,9,356
29.5,7,12,10,358
29.5,7,12,11,360
29.5,7,12,12,361
29.5,7,12,13,363
29.5,7,12,14,364
29.5,7,12,15,366
29.5,7,13,0,343
29.5,7,13,1,345
29.5,7,13,2,347
29.5,7,13,3,348
29.5,7,13,4,350
29.5,7,13,5,352
29.5,7,13,6,353
29.5,7,13,7,355
29.5,7,13,8,357
29.5,7,13,9,358
29.5,7,13,10,360
29.5,7,13,11,361
29.5,7,13,12,363
29.5,7,13,13,365
29.5,7,13,14,366
29.5,7,13,15,368
29.5,7,14,0,345
29.5,7,14,1,347
29.5,7,14,2,348
29.5,7,14,3,350
29.5,7,14,4,352
29.5,7,14,5,353
29.5,7,14,6,355
29.5,7,14,7,357
29.5,7,14,8,358
29.5,7,14,9,360
29.5,7,14,10,362
29.5,7,14,11,363
29.5,7,14,12,365
29.5,7,14,13,366
29.5,7,14,14,368
29.5,7,14,15,370
29.5,7,15,0,347
29.5,7,15,1,349
29.5,7,15,2,350
29.5,7,15,3,352
29.5,7,15,4,354
29.5,7,15,5,355
29.5,7,15,6,357
29.5,7,15,7,359
29.5,7,15,8,360
29.5,7,15,9,362
29.5,7,15,10,364
29.5,7,15,11,365
29.5,7,15,12,367
29.5,7,15,13,368
29.5,7,15,14,370
29.5,7,15,15,372
29.5,8,0,0,324
29.5,8,0,1,326
29.5,8,0,2,327
29.5,8,0,3,329
29.5,8,0,4,330
29.5,8,0,5,332
29.5,8,0,6,333
29.5,8,0,7,335
29.5,8,0,8,337
29.5,8,0,9,338
29.5,8,0,10,340
29.5,8,0,11,341
29.5,8,0,12,343
29.5,8,0,13,344
29.5,8,0,14,346
29.5,8,0,15,347
29.5,8,1,0,326
29.5,8,1,1,328
29.5,8,1,2,329
29.5,8,1,3,331
29.5,8,1,4,332
29.5,8,1,5,334
29.5,8,1,6,335
29.5,8,1,7,337
29.5,8,1,8,339
29.5,8,1,9,340
29.5,8,1,10,342
29.5,8,1,11,343
29.5,8,1,12,345
29.5,8,1,13,346
29.5,8,1,14,348
29.5,8,1,15,349
29.5,8,2,0,328
29.5,8,2,1,330
29.5,8,2,2,331
29.5,8,2,3,333
29.5,8,2,4,334
29.5,8,2,5,336
29.5,8,2,6,337
29.5,8,2,7,339
29.5,8,2,8,341
29.5,8,2,9,342
29.5,8,2,10,344
29.5,8,2,11,345
29.5,8,2,12,347
29.5,8,2,13,348
29.5,8,2,14,350
29.5,8,2,15,351
29.5,8,3,0,330
29.5,8,3,1,331
29.5,8,3,2,333
29.5,8,3,3,335
29.5,8,3,4,336
29.5,8,3,5,338
29.5,8,3,6,339
29.5,8,3,7,341
29.5,8,3,8,343
29.5,8,3,9,344
29.5,8,3,10,346
29.5,8,3,11,347
29.5,8,3,12,349
29.5,8,3,13,350
29.5,8,3,14,352
29.5,8,3,15,353
29.5,8,4,0,332
29.5,8,4,1,333
29.5,8,4,2,335
29.5,8,4,3,337
29.5,8,4,4,338
29.5,8,4,5,340
29.5,8,4,6,341
29.5,8,4,7,343
29.5,8,4,8,345
29.5,8,4,9,346
29.5,8,4,10,348
29.5,8,4,11,349
29.5,8,4,12,351
29.5,8,4,13,352
29.5,8,4,14,354
29.5,8,4,15,355
29.5,8,5,0,334
29.5,8,5,1,335
29.5,8,5,2,337
29.5,8,5,3,339
29.5,8,5,4,340
29.5,8,5,5,342
29.5,8,5,6,343
29.5,8,5,7,345
29.5,8,5,8,347
29.5,8,5,9,348
29.5,8,5,10,350
29.5,8,5,11,351
29.5,8,5,12,353
29.5,8,5,13,354
29.5,8,5,14,356
29.5,8,5,15,357
29.5,8,6,0,336
29.5,8,6,1,337
29.5,8,6,2,339
29.5,8,6,3,340
29.5,8,6,4,342
29.5,8,6,5,344
29.5,8,6,6,345
29.5,8,6,7,347
29.5,8,6,8,349
29.5,8,6,9,350
29.5,8,6,10,352
29.5,8,6,11,353
29.5,8,6,12,355
29.5,8,6,13,356
29.5,8,6,14,358
29.5,8,6,15,359
29.5,8,7,0,337
29.5,8,7,1,339
29.5,8,7,2,341
29.5,8,7,3,342
29.5,8,7,4,344
29.5,8,7,5,346
29.5,8,7,6,347
29.5,8,7,7,349
29.5,8,7,8,350
29.5,8,7,9,352
29.5,8,7,10,354
29.5,8,7,11,355
29.5,8,7,12,357
29.5,8,7,13,358
29.5,8,7,14,360
29.5,8,7,15,361
29.5,8,8,0,339
29.5,8,8,1,341
29.5,8,8,2,343
29.5,8,8,3,344
29.5,8,8,4,346
29.5,8,8,5,348
29.5,8,8,6,349
29.5,8,8,7,351
29.5,8,8,8,352
29.5,8,8,9,354
29.5,8,8,10,356
29.5,8,8,11,357
29.5,8,8,12,359
29.5,8,8,13,360
29.5,8,8,14,362
29.5,8,8,15,363
29.5,8,9,0,341
29.5,8,9,1,343
29.5,8,9,2,345
29.5,8,9,3,346
29.5,8,9,4,348
29.5,8,9,5,349
29.5,8,9,6,351
29.5,8,9,7,353
29.5,8,9,8,354
29.5,8,9,9,356
29.5,8,9,10,358
29.5,8,9,11,359
29.5,8,9,12,361
29.5,8,9,13,362
29.5,8,9,14,364
29.5,8,9,15,365
29.5,8,10,0,343
29.5,8,10,1,345
29.5,8,10,2,346
29.5,8,10,3,348
29.5,8,10,4,350
29.5,8,10,5,351
29.5,8,10,6,353
29.5,8,10,7,355
29.5,8,10,8,356
29.5,8,10,9,358
29.5,8,10,10,359
29.5,8,10,11,361
29.5,8,10,12,363
29.5,8,10,13,364
29.5,8,10,14,366
29.5,8,10,15,367
29.5,8,11,0,345
29.5,8,11,1,347
29.5,8,11,2,348
29.5,8,11,3,350
29.5,8,11,4,352
29.5,8,11,5,353
29.5,8,11,6,355
29.5,8,11,7,357
29.5,8,11,8,358
29.5,8,11,9,360
29.5,8,11,10,361
29.5,8,11,11,363
29.5,8,11,12,365
29.5,8,11,13,366
29.5,8,11,14,368
29.5,8,11,15,369
29.5,8,12,0,347
29.5,8,12,1,348
29.5,8,12,2,350
29.5,8,12,3,352
29.5,8,12,4,353
29.5,8,12,5,355
29.5,8,12,6,357
29.5,8,12,7,358
29.5,8,12,8,360
29.5,8,12,9,362
29.5,8,12,10,363
29.5,8,12,11,365
29.5,8,12,12,367
29.5,8,12,13,368
29.5,8,12,14,370
29.5,8,12,15,371
29.5,8,13,0,349
29.5,8,13,1,350
29.5,8,13,2,352
29.5,8,13,3,354
29.5,8,13,4,355
29.5,8,13,5,357
29.5,8,13,6,359
29.5,8,13,7,360
29.5,8,13,8,362
29.5,8,13,9,364
29.5,8,13,10,365
29.5,8,13,11,367
29.5,8,13,12,369
29.5,8,13,13,370
29.5,8,13,14,372
29.5,8,13,15,373
29.5,8,14,0,350
29.5,8,14,1,352
29.5,8,14,2,354
29.5,8,14,3,355
29.5,8,14,4,357
29.5,8,14,5,359
29.5,8,14,6,361
29.5,8,14,7,362
29.5,8,14,8,364
29.5,8,14,9,366
29.5,8,14,10,367
29.5,8,14,11,369
29.5,8,14,12,370
29.5,8,14,13,372
29.5,8,14,14,374
29.5,8,14,15,375
29.5,8,15,0,352
29.5,8,15,1,354
29.5,8,15,2,356
29.5,8,15,3,357
29.5,8,15,4,359
29.5,8,15,5,361
29.5,8,15,6,362
29.5,8,15,7,364
29.5,8,15,8,366
29.5,8,15,9,367
29.5,8,15,10,369
29.5,8,15,11,371
29.5,8,15,12,372
29.5,8,15,13,374
29.5,8,15,14,376
29.5,8,15,15,377
29.5,9,0,0,329
29.5,9,0,1,331
29.5,9,0,2,332
29.5,9,0,3,334
29.5,9,0,4,335
29.5,9,0,5,337
29.5,9,0,6,338
29.5,9,0,7,340
29.5,9,0,8,342
29.5,9,0,9,343
29.5,9,0,10,345
29.5,9,0,11,346
29.5,9,0,12,348
29.5,9,0,13,349
29.5,9,0,14,351
29.5,9,0,15,352
29.5,9,1,0,331
29.5,9,1,1,332
29.5,9,1,2,334
29.5,9,1,3,336
29.5,9,1,4,337
29.5,9,1,5,339
29.5,9,1,6,340
29.5,9,1,7,342
29.5,9,1,8,344
29.5,9,1,9,345
29.5,9,1,10,347
29.5,9,1,11,348
29.5,9,1,12,350
29.5,9,1,13,351
29.5,9,1,14,353
29.5,9,1,15,354
29.5,9,2,0,333
29.5,9,2,1,334
29.5,9,2,2,336
29.5,9,2,3,338
29.5,9,2,4,339
29.5,9,2,5,341
29.5,9,2,6,343
29.5,9,2,7,344
29.5,9,2,8,346
29.5,9,2,9,347
29.5,9,2,10,349
29.5,9,2,11,350
29.5,9,2,12,352
29.5,9,2,13,353
29.5,9,2,14,355
29.5,9,2,15,357
29.5,9,3,0,335
29.5,9,3,1,336
29.5,9,3,2,338
29.5,9,3,3,340
29.5,9,3,4,341
29.5,9,3,5,343
29.5,9,3,6,345
29.5,9,3,7,346
29.5,9,3,8,348
29.5,9,3,9,349
29.5,9,3,10,351
29.5,9,3,11,352
29.5,9,3,12,354
29.5,9,3,13,356
29.5,9,3,14,357
29.5,9,3,15,359
29.5,9,4,0,337
29.5,9,4,1,338
29.5,9,4,2,340
29.5,9,4,3,342
29.5,9,4,4,343
29.5,9,4,5,345
29.5,9,4,6,347
29.5,9,4,7,348
29.5,9,4,8,350
29.5,9,4,9,351
29.5,9,4,10,353
29.5,9,4,11,354
29.5,9,4,12,356
29.5,9,4,13,358
29.5,9,4,14,359
29.5,9,4,15,361
29.5,9,5,0,339
29.5,9,5,1,340
29.5,9,5,2,342
29.5,9,5,3,344
29.5,9,5,4,345
29.5,9,5,5,347
29.5,9,5,6,349
29.5,9,5,7,350
29.5,9,5,8,352
29.5,9,5,9,353
29.5,9,5,10,355
29.5,9,5,11,356
29.5,9,5,12,358
29.5,9,5,13,360
29.5,9,5,14,361
29.5,9,5,15,363
29.5,9,6,0,341
29.5,9,6,1,342
29.5,9,6,2,344
29.5,9,6,3,346
29.5,9,6,4,347
29.5,9,6,5,349
29.5,9,6,6,350
29.5,9,6,7,352
29.5,9,6,8,354
29.5,9,6,9,355
29.5,9,6,10,357
29.5,9,6,11,359
29.5,9,6,12,360
29.5,9,6,13,362
29.5,9,6,14,363
29.5,9,6,15,365
29.5,9,7,0,343
29.5,9,7,1,344
29.5,9,7,2,346
29.5,9,7,3,348
29.5,9,7,4,349
29.5,9,7,5,351
29.5,9,7,6,352
29.5,9,7,7,354
29.5,9,7,8,356
29.5,9,7,9,357
29.5,9,7,10,359
29.5,9,7,11,361
29.5,9,7,12,362
29.5,9,7,13,364
29.5,9,7,14,365
29.5,9,7,15,367
29.5,9,8,0,344
29.5,9,8,1,346
29.5,9,8,2,348
29.5,9,8,3,349
29.5,9,8,4,351
29.5,9,8,5,353
29.5,9,8,6,354
29.5,9,8,7,356
29.5,9,8,8,358
29.5,9,8,9,359
29.5,9,8,10,361
29.5,9,8,11,363
29.5,9,8,12,364
29.5,9,8,13,366
29.5,9,8,14,367
29.5,9,8,15,369
29.5,9,9,0,346
29.5,9,9,1,348
29.5,9,9,2,350
29.5,9,9,3,351
29.5,9,9,4,353
29.5,9,9,5,355
29.5,9,9,6,356
29.5,9,9,7,358
29.5,9,9,8,360
29.5,9,9,9,361
29.5,9,9,10,363
29.5,9,9,11,365
29.5,9,9,12,366
29.5,9,9,13,368
29.5,9,9,14,369
29.5,9,9,15,371
29.5,9,10,0,348
29.5,9,10,1,350
29.5,9,10,2,352
29.5,9,10,3,353
29.5,9,10,4,355
29.5,9,10,5,357
29.5,9,10,6,358
29.5,9,10,7,360
29.5,9,10,8,362
29.5,9,10,9,363
29.5,9,10,10,365
29.5,9,10,11,366
29.5,9,10,12,368
29.5,9,10,13,370
29.5,9,10,14,371
29.5,9,10,15,373
29.5,9,11,0,350
29.5,9,11,1,352
29.5,9,11,2,353
29.5,9,11,3,355
29.5,9,11,4,357
29.5,9,11,5,359
29.5,9,11,6,360
29.5,9,11,7,362
29.5,9,11,8,364
29.5,9,11,9,365
29.5,9,11,10,367
29.5,9,11,11,368
29.5,9,11,12,370
29.5,9,11,13,372
29.5,9,11,14,373
29.5,9,11,15,375
29.5,9,12,0,352
29.5,9,12,1,354
29.5,9,12,2,355
29.5,9,12,3,357
29.5,9,12,4,359
29.5,9,12,5,360
29.5,9,12,6,362
29.5,9,12,7,364
29.5,9,12,8,365
29.5,9,12,9,367
29.5,9,12,10,369
29.5,9,12,11,370
29.5,9,12,12,372
29.5,9,12,13,374
29.5,9,12,14,375
29.5,9,12,15,377
29.5,9,13,0,354
29.5,9,13,1,355
29.5,9,13,2,357
29.5,9,13,3,359
29.5,9,13,4,361
29.5,9,13,5,362
29.5,9,13,6,364
29.5,9,13,7,366
29.5,9,13,8,367
29.5,9,13,9,369
29.5,9,13,10,371
29.5,9,13,11,372
29.5,9,13,12,374
29.5,9,13,13,376
29.5,9,13,14,377
29.5,9,13,15,379
29.5,9,14,0,356
29.5,9,14,1,357
29.5,9,14,2,359
29.5,9,14,3,361
29.5,9,14,4,363
29.5,9,14,5,364
29.5,9,14,6,366
29.5,9,14,7,368
29.5,9,14,8,369
29.5,9,14,9,371
29.5,9,14,10,373
29.5,9,14,11,374
29.5,9,14,12,376
29.5,9,14,13,378
29.5,9,14,14,379
29.5,9,14,15,381
29.5,9,15,0,357
29.5,9,15,1,359
29.5,9,15,2,361
29.5,9,15,3,363
29.5,9,15,4,364
29.5,9,15,5,366
29.5,9,15,6,368
29.5,9,15,7,369
29.5,9,15,8,371
29.5,9,15,9,373
29.5,9,15,10,375
29.5,9,15,11,376
29.5,9,15,12,378
29.5,9,15,13,380
29.5,9,15,14,381
29.5,9,15,15,383
29.5,10,0,0,334
29.5,10,0,1,335
29.5,10,0,2,337
29.5,10,0,3,339
29.5,10,0,4,340
29.5,10,0,5,342
29.5,10,0,6,343
29.5,10,0,7,345
29.5,10,0,8,347
29.5,10,0,9,348
29.5,10,0,10,350
29.5,10,0,11,351
29.5,10,0,12,353
29.5,10,0,13,354
29.5,10,0,14,356
29.5,10,0,15,357
29.5,10,1,0,336
29.5,10,1,1,337
29.5,10,1,2,339
29.5,10,1,3,341
29.5,10,1,4,342
29.5,10,1,5,344
29.5,10,1,6,345
29.5,10,1,7,347
29.5,10,1,8,349
29.5,10,1,9,350
29.5,10,1,10,352
29.5,10,1,11,353
29.5,10,1,12,355
29.5,10,1,13,357
29.5,10,1,14,358
29.5,10,1,15,360
29.5,10,2,0,338
29.5,10,2,1,339
29.5,10,2,2,341
29.5,10,2,3,343
29.5,10,2,4,344
29.5,10,2,5,346
29.5,10,2,6,348
29.5,10,2,7,349
29.5,10,2,8,351
29.5,10,2,9,352
29.5,10,2,10,354
29.5,10,2,11,356
29.5,10,2,12,357
29.5,10,2,13,359
29.5,10,2,14,360
29.5,10,2,15,362
29.5,10,3,0,340
29.5,10,3,1,341
29.5,10,3,2,343
29.5,10,3,3,345
29.5,10,3,4,346
29.5,10,3,5,348
29.5,10,3,6,350
29.5,10,3,7,351
29.5,10,3,8,353
29.5,10,3,9,354
29.5,10,3,10,356
29.5,10,3,11,358
29.5,10,3,12,359
29.5,10,3,13,361
29.5,10,3,14,362
29.5,10,3,15,364
29.5,10,4,0,342
29.5,10,4,1,343
29.5,10,4,2,345
29.5,10,4,3,347
29.5,10,4,4,348
29.5,10,4,5,350
29.5,10,4,6,352
29.5,10,4,7,353
29.5,10,4,8,355
29.5,10,4,9,356
29.5,10,4,10,358
29.5,10,4,11,360
29.5,10,4,12,361
29.5,10,4,13,363
29.5,10,4,14,364
29.5,10,4,15,366
29.5,10,5,0,344
29.5,10,5,1,345
29.5,10,5,2,347
29.5,10,5,3,349
29.5,10,5,4,350
29.5,10,5,5,352
29.5,10,5,6,354
29.5,10,5,7,355
29.5,10,5,8,357
29.5,10,5,9,359
29.5,10,5,10,360
29.5,10,5,11,362
29.5,10,5,12,363
29.5,10,5,13,365
29.5,10,5,14,367
29.5,10,5,15,368
29.5,10,6,0,346
29.5,10,6,1,347
29.5,10,6,2,349
29.5,10,6,3,351
29.5,10,6,4,352
29.5,10,6,5,354
29.5,10,6,6,356
29.5,10,6,7,357
29.5,10,6,8,359
29.5,10,6,9,361
29.5,10,6,10,362
29.5,10,6,11,364
29.5,10,6,12,365
29.5,10,6,13,367
29.5,10,6,14,369
29.5,10,6,15,370
29.5,10,7,0,348
29.5,10,7,1,349
29.5,10,7,2,351
29.5,10,7,3,353
29.5,10,7,4,354
29.5,10,7,5,356
29.5,10,7,6,358
29.5,10,7,7,359
29.5,10,7,8,361
29.5,10,7,9,363
29.5,10,7,10,364
29.5,10,7,11,366
29.5,10,7,12,367
29.5,10,7,13,369
29.5,10,7,14,371
29.5,10,7,15,372
29.5,10,8,0,349
29.5,10,8,1,351
29.5,10,8,2,353
29.5,10,8,3,355
29.5,10,8,4,356
29.5,10,8,5,358
29.5,10,8,6,360
29.5,10,8,7,361
29.5,10,8,8,363
29.5,10,8,9,365
29.5,10,8,10,366
29.5,10,8,11,368
29.5,10,8,12,369
29.5,10,8,13,371
29.5,10,8,14,373
29.5,10,8,15,374
29.5,10,9,0,351
29.5,10,9,1,353
29.5,10,9,2,355
29.5,10,9,3,357
29.5,10,9,4,358
29.5,10,9,5,360
29.5,10,9,6,362
29.5,10,9,7,363
29.5,10,9,8,365
29.5,10,9,9,367
29.5,10,9,10,368
29.5,10,9,11,370
29.5,10,9,12,372
29.5,10,9,13,373
29.5,10,9,14,375
29.5,10,9,15,376
29.5,10,10,0,353
29.5,10,10,1,355
29.5,10,10,2,357
29.5,10,10,3,358
29.5,10,10,4,360
29.5,10,10,5,362
29.5,10,10,6,364
29.5,10,10,7,365
29.5,10,10,8,367
29.5,10,10,9,369
29.5,10,10,10,370
29.5,10,10,11,372
29.5,10,10,12,374
29.5,10,10,13,375
29.5,10,10,14,377
29.5,10,10,15,378
29.5,10,11,0,355
29.5,10,11,1,357
29.5,10,11,2,359
29.5,10,11,3,360
29.5,10,11,4,362
29.5,10,11,5,364
29.5,10,11,6,366
29.5,10,11,7,367
29.5,10,11,8,369
29.5,10,11,9,371
29.5,10,11,10,372
29.5,10,11,11,374
29.5,10,11,12,376
29.5,10,11,13,377
29.5,10,11,14,379
29.5,10,11,15,380
29.5,10,12,0,357
29.5,10,12,1,359
29.5,10,12,2,361
29.5,10,12,3,362
29.5,10,12,4,364
29.5,10,12,5,366
29.5,10,12,6,367
29.5,10,12,7,369
29.5,10,12,8,371
29.5,10,12,9,373
29.5,10,12,10,374
29.5,10,12,11,376
29.5,10,12,12,378
29.5,10,12,13,379
29.5,10,12,14,381
29.5,10,12,15,382
29.5,10,13,0,359
29.5,10,13,1,361
29.5,10,13,2,362
29.5,10,13,3,364
29.5,10,13,4,366
29.5,10,13,5,368
29.5,10,13,6,369
29.5,10,13,7,371
29.5,10,13,8,373
29.5,10,13,9,374
29.5,10,13,10,376
29.5,10,13,11,378
29.5,10,13,12,380
29.5,10,13,13,381
29.5,10,13,14,383
29.5,10,13,15,384
29.5,10,14,0,361
29.5,10,14,1,363
29.5,10,14,2,364
29.5,10,14,3,366
29.5,10,14,4,368
29.5,10,14,5,370
29.5,10,14,6,371
29.5,10,14,7,373
29.5,10,14,8,375
29.5,10,14,9,376
29.5,10,14,10,378
29.5,10,14,11,380
29.5,10,14,12,381
29.5,10,14,13,383
29.5,10,14,14,385
29.5,10,14,15,386
29.5,10,15,0,363
29.5,10,15,1,364
29.5,10,15,2,366
29.5,10,15,3,368
29.5,10,15,4,370
29.5,10,15,5,371
29.5,10,15,6,373
29.5,10,15,7,375
29.5,10,15,8,377
29.5,10,15,9,378
29.5,10,15,10,380
29.5,10,15,11,382
29.5,10,15,12,383
29.5,10,15,13,385
29.5,10,15,14,387
29.5,10,15,15,388
29.5,11,0,0,339
29.5,11,0,1,340
29.5,11,0,2,342
29.5,11,0,3,344
29.5,11,0,4,345
29.5,11,0,5,347
29.5,11,0,6,348
29.5,11,0,7,350
29.5,11,0,8,352
29.5,11,0,9,353
29.5,11,0,10,355
29.5,11,0,11,356
29.5,11,0,12,358
29.5,11,0,13,360
29.5,11,0,14,361
29.5,11,0,15,363
29.5,11,1,0,341
29.5,11,1,1,342
29.5,11,1,2,344
29.5,11,1,3,346
29.5,11,1,4,347
29.5,11,1,5,349
29.5,11,1,6,351
29.5,11,1,7,352
29.5,11,1,8,354
29.5,11,1,9,355
29.5,11,1,10,357
29.5,11,1,11,359
29.5,11,1,12,360
29.5,11,1,13,362
29.5,11,1,14,363
29.5,11,1,15,365
29.5,11,2,0,343
29.5,11,2,1,344
29.5,11,2,2,346
29.5,11,2,3,348
29.5,11,2,4,349
29.5,11,2,5,351
29.5,11,2,6,353
29.5,11,2,7,354
29.5,11,2,8,356
29.5,11,2,9,357
29.5,11,2,10,359
29.5,11,2,11,361
29.5,11,2,12,362
29.5,11,2,13,364
29.5,11,2,14,365
29.5,11,2,15,367
29.5,11,3,0,345
29.5,11,3,1,346
29.5,11,3,2,348
29.5,11,3,3,350
29.5,11,3,4,351
29.5,11,3,5,353
29.5,11,3,6,355
29.5,11,3,7,356
29.5,11,3,8,358
29.5,11,3,9,360
29.5,11,3,10,361
29.5,11,3,11,363
29.5,11,3,12,364
29.5,11,3,13,366
29.5,11,3,14,368
29.5,11,3,15,369
29.5,11,4,0,347
29.5,11,4,1,348
29.5,11,4,2,350
29.5,11,4,3,352
29.5,11,4,4,353
29.5,11,4,5,355
29.5,11,4,6,357
29.5,11,4,7,358
29.5,11,4,8,360
29.5,11,4,9,362
29.5,11,4,10,363
29.5,11,4,11,365
29.5,11,4,12,367
29.5,11,4,13,368
29.5,11,4,14,370
29.5,11,4,15,371
29.5,11,5,0,349
29.5,11,5,1,350
29.5,11,5,2,352
29.5,11,5,3,354
29.5,11,5,4,355
29.5,11,5,5,357
29.5,11,5,6,359
29.5,11,5,7,360
29.5,11,5,8,362
29.5,11,5,9,364
29.5,11,5,10,365
29.5,11,5,11,367
29.5,11,5,12,369
29.5,11,5,13,370
29.5,11,5,14,372
29.5,11,5,15,373
29.5,11,6,0,351
29.5,11,6,1,352
29.5,11,6,2,354
29.5,11,6,3,356
29.5,11,6,4,357
29.5,11,6,5,359
29.5,11,6,6,361
29.5,11,6,7,362
29.5,11,6,8,364
29.5,11,6,9,366
29.5,11,6,10,367
29.5,11,6,11,369
29.5,11,6,12,371
29.5,11,6,13,372
29.5,11,6,14,374
29.5,11,6,15,376
29.5,11,7,0,353
29.5,11,7,1,354
29.5,11,7,2,356
29.5,11,7,3,358
29.5,11,7,4,359
29.5,11,7,5,361
29.5,11,7,6,363
29.5,11,7,7,365
29.5,11,7,8,366
29.5,11,7,9,368
29.5,11,7,10,369
29.5,11,7,11,371
29.5,11,7,12,373
29.5,11,7,13,374
29.5,11,7,14,376
29.5,11,7,15,378
29.5,11,8,0,355
29.5,11,8,1,356
29.5,11,8,2,358
29.5,11,8,3,360
29.5,11,8,4,361
29.5,11,8,5,363
29.5,11,8,6,365
29.5,11,8,7,367
29.5,11,8,8,368
29.5,11,8,9,370
29.5,11,8,10,372
29.5,11,8,11,373
29.5,11,8,12,375
29.5,11,8,13,376
29.5,11,8,14,378
29.5,11,8,15,380
29.5,11,9,0,356
29.5,11,9,1,358
29.5,11,9,2,360
29.5,11,9,3,362
29.5,11,9,4,363
29.5,11,9,5,365
29.5,11,9,6,367
29.5,11,9,7,369
29.5,11,9,8,370
29.5,11,9,9,372
29.5,11,9,10,374
29.5,11,9,11,375
29.5,11,9,12,377
29.5,11,9,13,379
29.5,11,9,14,380
29.5,11,9,15,382
29.5,11,10,0,358
29.5,11,10,1,360
29.5,11,10,2,362
29.5,11,10,3,364
29.5,11,10,4,365
29.5,11,10,5,367
29.5,11,10,6,369
29.5,11,10,7,371
29.5,11,10,8,372
29.5,11,10,9,374
29.5,11,10,10,376
29.5,11,10,11,377
29.5,11,10,12,379
29.5,11,10,13,381
29.5,11,10,14,382
29.5,11,10,15,384
29.5,11,11,0,360
29.5,11,11,1,362
29.5,11,11,2,364
29.5,11,11,3,366
29.5,11,11,4,367
29.5,11,11,5,369
29.5,11,11,6,371
29.5,11,11,7,373
29.5,11,11,8,374
29.5,11,11,9,376
29.5,11,11,10,378
29.5,11,11,11,379
29.5,11,11,12,381
29.5,11,11,13,383
29.5,11,11,14,384
29.5,11,11,15,386
29.5,11,12,0,362
29.5,11,12,1,364
29.5,11,12,2,366
29.5,11,12,3,368
29.5,11,12,4,369
29.5,11,12,5,371
29.5,11,12,6,373
29.5,11,12,7,375
29.5,11,12,8,376
29.5,11,12,9,378
29.5,11,12,10,380
29.5,11,12,11,381
29.5,11,12,12,383
29.5,11,12,13,385
29.5,11,12,14,386
29.5,11,12,15,388
29.5,11,13,0,364
29.5,11,13,1,366
29.5,11,13,2,368
29.5,11,13,3,369
29.5,11,13,4,371
29.5,11,13,5,373
29.5,11,13,6,375
29.5,11,13,7,376
29.5,11,13,8,378
29.5,11,13,9,380
29.5,11,13,10,382
29.5,11,13,11,383
29.5,11,13,12,385
29.5,11,13,13,387
29.5,11,13,14,388
29.5,11,13,15,390
29.5,11,14,0,366
29.5,11,14,1,368
29.5,11,14,2,370
29.5,11,14,3,371
29.5,11,14,4,373
29.5,11,14,5,375
29.5,11,14,6,377
29.5,11,14,7,378
29.5,11,14,8,380
29.5,11,14,9,382
29.5,11,14,10,384
29.5,11,14,11,385
29.5,11,14,12,387
29.5,11,14,13,389
29.5,11,14,14,390
29.5,11,14,15,392
29.5,11,15,0,368
29.5,11,15,1,370
29.5,11,15,2,372
29.5,11,15,3,373
29.5,11,15,4,375
29.5,11,15,5,377
29.5,11,15,6,379
29.5,11,15,7,380
29.5,11,15,8,382
29.5,11,15,9,384
29.5,11,15,10,386
29.5,11,15,11,387
29.5,11,15,12,389
29.5,11,15,13,391
29.5,11,15,14,392
29.5,11,15,15,394
29.5,12,0,0,343
29.5,12,0,1,345
29.5,12,0,2,347
29.5,12,0,3,348
29.5,12,0,4,350
29.5,12,0,5,352
29.5,12,0,6,353
29.5,12,0,7,355
29.5,12,0,8,357
29.5,12,0,9,358
29.5,12,0,10,360
29.5,12,0,11,361
29.5,12,0,12,363
29.5,12,0,13,365
29.5,12,0,14,366
29.5,12,0,15,368
29.5,12,1,0,345
29.5,12,1,1,347
29.5,12,1,2,349
29.5,12,1,3,351
29.5,12,1,4,352
29.5,12,1,5,354
29.5,12,1,6,356
29.5,12,1,7,357
29.5,12,1,8,359
29.5,12,1,9,360
29.5,12,1,10,362
29.5,12,1,11,364
29.5,12,1,12,365
29.5,12,1,13,367
29.5,12,1,14,368
29.5,12,1,15,370
29.5,12,2,0,348
29.5,12,2,1,349
29.5,12,2,2,351
29.5,12,2,3,353
29.5,12,2,4,354
29.5,12,2,5,356
29.5,12,2,6,358
29.5,12,2,7,359
29.5,12,2,8,361
29.5,12,2,9,363
29.5,12,2,10,364
29.5,12,2,11,366
29.5,12,2,12,367
29.5,12,2,13,369
29.5,12,2,14,371
29.5,12,2,15,372
29.5,12,3,0,350
29.5,12,3,1,351
29.5,12,3,2,353
29.5,12,3,3,355
29.5,12,3,4,356
29.5,12,3,5,358
29.5,12,3,6,360
29.5,12,3,7,361
29.5,12,3,8,363
29.5,12,3,9,365
29.5,12,3,10,366
29.5,12,3,11,368
29.5,12,3,12,370
29.5,12,3,13,371
29.5,12,3,14,373
29.5,12,3,15,374
29.5,12,4,0,352
29.5,12,4,1,353
29.5,12,4,2,355
29.5,12,4,3,357
29.5,12,4,4,358
29.5,12,4,5,360
29.5,12,4,6,362
29.5,12,4,7,363
29.5,12,4,8,365
29.5,12,4,9,367
29.5,12,4,10,368
29.5,12,4,11,370
29.5,12,4,12,372
29.5,12,4,13,373
29.5,12,4,14,375
29.5,12,4,15,377
29.5,12,5,0,354
29.5,12,5,1,355
29.5,12,5,2,357
29.5,12,5,3,359
29.5,12,5,4,361
29.5,12,5,5,362
29.5,12,5,6,364
29.5,12,5,7,366
29.5,12,5,8,367
29.5,12,5,9,369
29.5,12,5,10,371
29.5,12,5,11,372
29.5,12,5,12,374
29.5,12,5,13,376
29.5,12,5,14,377
29.5,12,5,15,379
29.5,12,6,0,356
29.5,12,6,1,357
29.5,12,6,2,359
29.5,12,6,3,361
29.5,12,6,4,363
29.5,12,6,5,364
29.5,12,6,6,366
29.5,12,6,7,368
29.5,12,6,8,369
29.5,12,6,9,371
29.5,12,6,10,373
29.5,12,6,11,374
29.5,12,6,12,376
29.5,12,6,13,378
29.5,12,6,14,379
29.5,12,6,15,381
29.5,12,7,0,358
29.5,12,7,1,359
29.5,12,7,2,361
29.5,12,7,3,363
29.5,12,7,4,365
29.5,12,7,5,366
29.5,12,7,6,368
29.5,12,7,7,370
29.5,12,7,8,371
29.5,12,7,9,373
29.5,12,7,10,375
29.5,12,7,11,376
29.5,12,7,12,378
29.5,12,7,13,380
29.5,12,7,14,381
29.5,12,7,15,383
29.5,12,8,0,360
29.5,12,8,1,361
29.5,12,8,2,363
29.5,12,8,3,365
29.5,12,8,4,367
29.5,12,8,5,368
29.5,12,8,6,370
29.5,12,8,7,372
29.5,12,8,8,373
29.5,12,8,9,375
29.5,12,8,10,377
29.5,12,8,11,379
29.5,12,8,12,380
29.5,12,8,13,382
29.5,12,8,14,384
29.5,12,8,15,385
29.5,12,9,0,362
29.5,12,9,1,363
29.5,12,9,2,365
29.5,12,9,3,367
29.5,12,9,4,369
29.5,12,9,5,370
29.5,12,9,6,372
29.5,12,9,7,374
29.5,12,9,8,376
29.5,12,9,9,377
29.5,12,9,10,379
29.5,12,9,11,381
29.5,12,9,12,382
29.5,12,9,13,384
29.5,12,9,14,386
29.5,12,9,15,387
29.5,12,10,0,364
29.5,12,10,1,365
29.5,12,10,2,367
29.5,12,10,3,369
29.5,12,10,4,371
29.5,12,10,5,372
29.5,12,10,6,374
29.5,12,10,7,376
29.5,12,10,8,378
29.5,12,10,9,379
29.5,12,10,10,381
29.5,12,10,11,383
29.5,12,10,12,384
29.5,12,10,13,386
29.5,12,10,14,388
29.5,12,10,15,389
29.5,12,11,0,366
29.5,12,11,1,367
29.5,12,11,2,369
29.5,12,11,3,371
29.5,12,11,4,373
29.5,12,11,5,374
29.5,12,11,6,376
29.5,12,11,7,378
29.5,12,11,8,380
29.5,12,11,9,381
29.5,12,11,10,383
29.5,12,11,11,385
29.5,12,11,12,386
29.5,12,11,13,388
29.5,12,11,14,390
29.5,12,11,15,391
29.5,12,12,0,367
29.5,12,12,1,369
29.5,12,12,2,371
29.5,12,12,3,373
29.5,12,12,4,375
29.5,12,12,5,376
29.5,12,12,6,378
29.5,12,12,7,380
29.5,12,12,8,382
29.5,12,12,9,383
29.5,12,12,10,385
29.5,12,12,11,387
29.5,12,12,12,388
29.5,12,12,13,390
29.5,12,12,14,392
29.5,12,12,15,394
29.5,12,13,0,369
29.5,12,13,1,371
29.5,12,13,2,373
29.5,12,13,3,375
29.5,12,13,4,377
29.5,12,13,5,378
29.5,12,13,6,380
29.5,12,13,7,382
29.5,12,13,8,384
29.5,12,13,9,385
29.5,12,13,10,387
29.5,12,13,11,389
29.5,12,13,12,391
29.5,12,13,13,392
29.5,12,13,14,394
29.5,12,13,15,396
29.5,12,14,0,371
29.5,12,14,1,373
29.5,12,14,2,375
29.5,12,14,3,377
29.5,12,14,4,379
29.5,12,14,5,380
29.5,12,14,6,382
29.5,12,14,7,384
29.5,12,14,8,386
29.5,12,14,9,387
29.5,12,14,10,389
29.5,12,14,11,391
29.5,12,14,12,393
29.5,12,14,13,394
29.5,12,14,14,396
29.5,12,14,15,398
29.5,12,15,0,373
29.5,12,15,1,375
29.5,12,15,2,377
29.5,12,15,3,379
29.5,12,15,4,380
29.5,12,15,5,382
29.5,12,15,6,384
29.5,12,15,7,386
29.5,12,15,8,388
29.5,12,15,9,389
29.5,12,15,10,391
29.5,12,15,11,393
29.5,12,15,12,395
29.5,12,15,13,396
29.5,12,15,14,398
29.5,12,15,15,400
29.5,13,0,0,348
29.5,13,0,1,350
29.5,13,0,2,352
29.5,13,0,3,353
29.5,13,0,4,355
29.5,13,0,5,357
29.5,13,0,6,358
29.5,13,0,7,360
29.5,13,0,8,362
29.5,13,0,9,363
29.5,13,0,10,365
29.5,13,0,11,367
29.5,13,0,12,368
29.5,13,0,13,370
29.5,13,0,14,371
29.5,13,0,15,373
29.5,13,1,0,350
29.5,13,1,1,352
29.5,13,1,2,354
29.5,13,1,3,355
29.5,13,1,4,357
29.5,13,1,5,359
29.5,13,1,6,361
29.5,13,1,7,362
29.5,13,1,8,364
29.5,13,1,9,366
29.5,13,1,10,367
29.5,13,1,11,369
29.5,13,1,12,370
29.5,13,1,13,372
29.5,13,1,14,374
29.5,13,1,15,375
29.5,13,2,0,352
29.5,13,2,1,354
29.5,13,2,2,356
29.5,13,2,3,358
29.5,13,2,4,359
29.5,13,2,5,361
29.5,13,2,6,363
29.5,13,2,7,364
29.5,13,2,8,366
29.5,13,2,9,368
29.5,13,2,10,369
29.5,13,2,11,371
29.5,13,2,12,373
29.5,13,2,13,374
29.5,13,2,14,376
29.5,13,2,15,378
29.5,13,3,0,355
29.5,13,3,1,356
29.5,13,3,2,358
29.5,13,3,3,360
29.5,13,3,4,361
29.5,13,3,5,363
29.5,13,3,6,365
29.5,13,3,7,366
29.5,13,3,8,368
29.5,13,3,9,370
29.5,13,3,10,372
29.5,13,3,11,373
29.5,13,3,12,375
29.5,13,3,13,376
29.5,13,3,14,378
29.5,13,3,15,380
29.5,13,4,0,357
29.5,13,4,1,358
29.5,13,4,2,360
29.5,13,4,3,362
29.5,13,4,4,364
29.5,13,4,5,365
29.5,13,4,6,367
29.5,13,4,7,369
29.5,13,4,8,370
29.5,13,4,9,372
29.5,13,4,10,374
29.5,13,4,11,375
29.5,13,4,12,377
29.5,13,4,13,379
29.5,13,4,14,380
29.5,13,4,15,382
29.5,13,5,0,359
29.5,13,5,1,360
29.5,13,5,2,362
29.5,13,5,3,364
29.5,13,5,4,366
29.5,13,5,5,367
29.5,13,5,6,369
29.5,13,5,7,371
29.5,13,5,8,372
29.5,13,5,9,374
29.5,13,5,10,376
29.5,13,5,11,377
29.5,13,5,12,379
29.5,13,5,13,381
29.5,13,5,14,382
29.5,13,5,15,384
29.5,13,6,0,361
29.5,13,6,1,362
29.5,13,6,2,364
29.5,13,6,3,366
29.5,13,6,4,368
29.5,13,6,5,369
29.5,13,6,6,371
29.5,13,6,7,373
29.5,13,6,8,375
29.5,13,6,9,376
29.5,13,6,10,378
29.5,13,6,11,380
29.5,13,6,12,381
29.5,13,6,13,383
29.5,13,6,14,385
29.5,13,6,15,386
29.5,13,7,0,363
29.5,13,7,1,364
29.5,13,7,2,366
29.5,13,7,3,368
29.5,13,7,4,370
29.5,13,7,5,371
29.5,13,7,6,373
29.5,13,7,7,375
29.5,13,7,8,377
29.5,13,7,9,378
29.5,13,7,10,380
29.5,13,7,11,382
29.5,13,7,12,383
29.5,13,7,13,385
29.5,13,7,14,387
29.5,13,7,15,388
29.5,13,8,0,365
29.5,13,8,1,366
29.5,13,8,2,368
29.5,13,8,3,370
29.5,13,8,4,372
29.5,13,8,5,374
29.5,13,8,6,375
29.5,13,8,7,377
29.5,13,8,8,379
29.5,13,8,9,380
29.5,13,8,10,382
29.5,13,8,11,384
29.5,13,8,12,386
29.5,13,8,13,387
29.5,13,8,14,389
29.5,13,8,15,391
29.5,13,9,0,367
29.5,13,9,1,368
29.5,13,9,2,370
29.5,13,9,3,372
29.5,13,9,4,374
29.5,13,9,5,376
29.5,13,9,6,377
29.5,13,9,7,379
29.5,13,9,8,381
29.5,13,9,9,383
29.5,13,9,10,384
29.5,13,9,11,386
29.5,13,9,12,388
29.5,13,9,13,389
29.5,13,9,14,391
29.5,13,9,15,393
29.5,13,10,0,369
29.5,13,10,1,370
29.5,13,10,2,372
29.5,13,10,3,374
29.5,13,10,4,376
29.5,13,10,5,378
29.5,13,10,6,379
29.5,13,10,7,381
29.5,13,10,8,383
29.5,13,10,9,385
29.5,13,10,10,386
29.5,13,10,11,388
29.5,13,10,12,390
29.5,13,10,13,392
29.5,13,10,14,393
29.5,13,10,15,395
29.5,13,11,0,371
29.5,13,11,1,372
29.5,13,11,2,374
29.5,13,11,3,376
29.5,13,11,4,378
29.5,13,11,5,380
29.5,13,11,6,381
29.5,13,11,7,383
29.5,13,11,8,385
29.5,13,11,9,387
29.5,13,11,10,388
29.5,13,11,11,390
29.5,13,11,12,392
29.5,13,11,13,394
29.5,13,11,14,395
29.5,13,11,15,397
29.5,13,12,0,373
29.5,13,12,1,374
29.5,13,12,2,376
29.5,13,12,3,378
29.5,13,12,4,380
29.5,13,12,5,382
29.5,13,12,6,383
29.5,13,12,7,385
29.5,13,12,8,387
29.5,13,12,9,389
29.5,13,12,10,390
29.5,13,12,11,392
29.5,13,12,12,394
29.5,13,12,13,396
29.5,13,12,14,397
29.5,13,12,15,399
29.5,13,13,0,375
29.5,13,13,1,376
29.5,13,13,2,378
29.5,13,13,3,380
29.5,13,13,4,382
29.5,13,13,5,384
29.5,13,13,6,385
29.5,13,13,7,387
29.5,13,13,8,389
29.5,13,13,9,391
29.5,13,13,10,393
29.5,13,13,11,394
29.5,13,13,12,396
29.5,13,13,13,398
29.5,13,13,14,400
29.5,13,13,15,401
29.5,13,14,0,377
29.5,13,14,1,378
29.5,13,14,2,380
29.5,13,14,3,382
29.5,13,14,4,384
29.5,13,14,5,386
29.5,13,14,6,387
29.5,13,14,7,389
29.5,13,14,8,391
29.5,13,14,9,393
29.5,13,14,10,395
29.5,13,14,11,396
29.5,13,14,12,398
29.5,13,14,13,400
29.5,13,14,14,402
29.5,13,14,15,403
29.5,13,15,0,378
29.5,13,15,1,380
29.5,13,15,2,382
29.5,13,15,3,384
29.5,13,15,4,386
29.5,13,15,5,388
29.5,13,15,6,389
29.5,13,15,7,391
29.5,13,15,8,393
29.5,13,15,9,395
29.5,13,15,10,397
29.5,13,15,11,398
29.5,13,15,12,400
29.5,13,15,13,402
29.5,13,15,14,404
29.5,13,15,15,405
29.5,14,0,0,353
29.5,14,0,1,355
29.5,14,0,2,357
29.5,14,0,3,358
29.5,14,0,4,360
29.5,14,0,5,362
29.5,14,0,6,363
29.5,14,0,7,365
29.5,14,0,8,367
29.5,14,0,9,368
29.5,14,0,10,370
29.5,14,0,11,372
29.5,14,0,12,373
29.5,14,0,13,375
29.5,14,0,14,377
29.5,14,0,15,378
29.5,14,1,0,355
29.5,14,1,1,357
29.5,14,1,2,359
29.5,14,1,3,360
29.5,14,1,4,362
29.5,14,1,5,364
29.5,14,1,6,366
29.5,14,1,7,367
29.5,14,1,8,369
29.5,14,1,9,371
29.5,14,1,10,372
29.5,14,1,11,374
29.5,14,1,12,376
29.5,14,1,13,377
29.5,14,1,14,379
29.5,14,1,15,380
29.5,14,2,0,357
29.5,14,2,1,359
29.5,14,2,2,361
29.5,14,2,3,363
29.5,14,2,4,364
29.5,14,2,5,366
29.5,14,2,6,368
29.5,14,2,7,369
29.5,14,2,8,371
29.5,14,2,9,373
29.5,14,2,10,374
29.5,14,2,11,376
29.5,14,2,12,378
29.5,14,2,13,379
29.5,14,2,14,381
29.5,14,2,15,383
29.5,14,3,0,359
29.5,14,3,1,361
29.5,14,3,2,363
29.5,14,3,3,365
29.5,14,3,4,366
29.5,14,3,5,368
29.5,14,3,6,370
29.5,14,3,7,372
29.5,14,3,8,373
29.5,14,3,9,375
29.5,14,3,10,377
29.5,14,3,11,378
29.5,14,3,12,380
29.5,14,3,13,382
29.5,14,3,14,383
29.5,14,3,15,385
29.5,14,4,0,362
29.5,14,4,1,363
29.5,14,4,2,365
29.5,14,4,3,367
29.5,14,4,4,369
29.5,14,4,5,370
29.5,14,4,6,372
29.5,14,4,7,374
29.5,14,4,8,375
29.5,14,4,9,377
29.5,14,4,10,379
29.5,14,4,11,381
29.5,14,4,12,382
29.5,14,4,13,384
29.5,14,4,14,386
29.5,14,4,15,387
29.5,14,5,0,364
29.5,14,5,1,365
29.5,14,5,2,367
29.5,14,5,3,369
29.5,14,5,4,371
29.5,14,5,5,372
29.5,14,5,6,374
29.5,14,5,7,376
29.5,14,5,8,378
29.5,14,5,9,379
29.5,14,5,10,381
29.5,14,5,11,383
29.5,14,5,12,384
29.5,14,5,13,386
29.5,14,5,14,388
29.5,14,5,15,389
29.5,14,6,0,366
29.5,14,6,1,367
29.5,14,6,2,369
29.5,14,6,3,371
29.5,14,6,4,373
29.5,14,6,5,375
29.5,14,6,6,376
29.5,14,6,7,378
29.5,14,6,8,380
29.5,14,6,9,381
29.5,14,6,10,383
29.5,14,6,11,385
29.5,14,6,12,387
29.5,14,6,13,388
29.5,14,6,14,390
29.5,14,6,15,392
29.5,14,7,0,368
29.5,14,7,1,370
29.5,14,7,2,371
29.5,14,7,3,373
29.5,14,7,4,375
29.5,14,7,5,377
29.5,14,7,6,378
29.5,14,7,7,380
29.5,14,7,8,382
29.5,14,7,9,384
29.5,14,7,10,385
29.5,14,7,11,387
29.5,14,7,12,389
29.5,14,7,13,390
29.5,14,7,14,392
29.5,14,7,15,394
29.5,14,8,0,370
29.5,14,8,1,372
29.5,14,8,2,373
29.5,14,8,3,375
29.5,14,8,4,377
29.5,14,8,5,379
29.5,14,8,6,380
29.5,14,8,7,382
29.5,14,8,8,384
29.5,14,8,9,386
29.5,14,8,10,387
29.5,14,8,11,389
29.5,14,8,12,391
29.5,14,8,13,393
29.5,14,8,14,394
29.5,14,8,15,396
29.5,14,9,0,372
29.5,14,9,1,374
29.5,14,9,2,375
29.5,14,9,3,377
29.5,14,9,4,379
29.5,14,9,5,381
29.5,14,9,6,383
29.5,14,9,7,384
29.5,14,9,8,386
29.5,14,9,9,388
29.5,14,9,10,390
29.5,14,9,11,391
29.5,14,9,12,393
29.5,14,9,13,395
29.5,14,9,14,397
29.5,14,9,15,398
29.5,14,10,0,374
29.5,14,10,1,376
29.5,14,10,2,377
29.5,14,10,3,379
29.5,14,10,4,381
29.5,14,10,5,383
29.5,14,10,6,385
29.5,14,10,7,386
29.5,14,10,8,388
29.5,14,10,9,390
29.5,14,10,10,392
29.5,14,10,11,393
29.5,14,10,12,395
29.5,14,10,13,397
29.5,14,10,14,399
29.5,14,10,15,400
29.5,14,11,0,376
29.5,14,11,1,378
29.5,14,11,2,379
29.5,14,11,3,381
29.5,14,11,4,383
29.5,14,11,5,385
29.5,14,11,6,387
29.5,14,11,7,389
29.5,14,11,8,390
29.5,14,11,9,392
29.5,14,11,10,394
29.5,14,11,11,396
29.5,14,11,12,397
29.5,14,11,13,399
29.5,14,11,14,401
29.5,14,11,15,403
29.5,14,12,0,378
29.5,14,12,1,380
29.5,14,12,2,382
29.5,14,12,3,383
29.5,14,12,4,385
29.5,14,12,5,387
29.5,14,12,6,389
29.5,14,12,7,391
29.5,14,12,8,392
29.5,14,12,9,394
29.5,14,12,10,396
29.5,14,12,11,398
29.5,14,12,12,399
29.5,14,12,13,401
29.5,14,12,14,403
29.5,14,12,15,405
29.5,14,13,0,380
29.5,14,13,1,382
29.5,14,13,2,384
29.5,14,13,3,385
29.5,14,13,4,387
29.5,14,13,5,389
29.5,14,13,6,391
29.5,14,13,7,393
29.5,14,13,8,394
29.5,14,13,9,396
29.5,14,13,10,398
29.5,14,13,11,400
29.5,14,13,12,402
29.5,14,13,13,403
29.5,14,13,14,405
29.5,14,13,15,407
29.5,14,14,0,382
29.5,14,14,1,384
29.5,14,14,2,386
29.5,14,14,3,387
29.5,14,14,4,389
29.5,14,14,5,391
29.5,14,14,6,393
29.5,14,14,7,395
29.5,14,14,8,396
29.5,14,14,9,398
29.5,14,14,10,400
29.5,14,14,11,402
29.5,14,14,12,404
29.5,14,14,13,405
29.5,14,14,14,407
29.5,14,14,15,409
29.5,14,15,0,384
29.5,14,15,1,386
29.5,14,15,2,387
29.5,14,15,3,389
29.5,14,15,4,391
29.5,14,15,5,393
29.5,14,15,6,395
29.5,14,15,7,397
29.5,14,15,8,399
29.5,14,15,9,400
29.5,14,15,10,402
29.5,14,15,11,404
29.5,14,15,12,406
29.5,14,15,13,407
29.5,14,15,14,409
29.5,14,15,15,411
29.5,15,0,0,358
29.5,15,0,1,360
29.5,15,0,2,361
29.5,15,0,3,363
29.5,15,0,4,365
29.5,15,0,5,367
29.5,15,0,6,368
29.5,15,0,7,370
29.5,15,0,8,372
29.5,15,0,9,373
29.5,15,0,10,375
29.5,15,0,11,377
29.5,15,0,12,378
29.5,15,0,13,380
29.5,15,0,14,382
29.5,15,0,15,383
29.5,15,1,0,360
29.5,15,1,1,362
29.5,15,1,2,364
29.5,15,1,3,365
29.5,15,1,4,367
29.5,15,1,5,369
29.5,15,1,6,371
29.5,15,1,7,372
29.5,15,1,8,374
29.5,15,1,9,376
29.5,15,1,10,377
29.5,15,1,11,379
29.5,15,1,12,381
29.5,15,1,13,382
29.5,15,1,14,384
29.5,15,1,15,386
29.5,15,2,0,362
29.5,15,2,1,364
29.5,15,2,2,366
29.5,15,2,3,368
29.5,15,2,4,369
29.5,15,2,5,371
29.5,15,2,6,373
29.5,15,2,7,374
29.5,15,2,8,376
29.5,15,2,9,378
29.5,15,2,10,380
29.5,15,2,11,381
29.5,15,2,12,383
29.5,15,2,13,385
29.5,15,2,14,386
29.5,15,2,15,388
29.5,15,3,0,364
29.5,15,3,1,366
29.5,15,3,2,368
29.5,15,3,3,370
29.5,15,3,4,371
29.5,15,3,5,373
29.5,15,3,6,375
29.5,15,3,7,377
29.5,15,3,8,378
29.5,15,3,9,380
29.5,15,3,10,382
29.5,15,3,11,384
29.5,15,3,12,385
29.5,15,3,13,387
29.5,15,3,14,389
29.5,15,3,15,390
29.5,15,4,0,366
29.5,15,4,1,368
29.5,15,4,2,370
29.5,15,4,3,372
29.5,15,4,4,374
29.5,15,4,5,375
29.5,15,4,6,377
29.5,15,4,7,379
29.5,15,4,8,381
29.5,15,4,9,382
29.5,15,4,10,384
29.5,15,4,11,386
29.5,15,4,12,387
29.5,15,4,13,389
29.5,15,4,14,391
29.5,15,4,15,393
29.5,15,5,0,369
29.5,15,5,1,370
29.5,15,5,2,372
29.5,15,5,3,374
29.5,15,5,4,376
29.5,15,5,5,378
29.5,15,5,6,379
29.5,15,5,7,381
29.5,15,5,8,383
29.5,15,5,9,385
29.5,15,5,10,386
29.5,15,5,11,388
29.5,15,5,12,390
29.5,15,5,13,391
29.5,15,5,14,393
29.5,15,5,15,395
29.5,15,6,0,371
29.5,15,6,1,373
29.5,15,6,2,374
29.5,15,6,3,376
29.5,15,6,4,378
29.5,15,6,5,380
29.5,15,6,6,381
29.5,15,6,7,383
29.5,15,6,8,385
29.5,15,6,9,387
29.5,15,6,10,388
29.5,15,6,11,390
29.5,15,6,12,392
29.5,15,6,13,394
29.5,15,6,14,395
29.5,15,6,15,397
29.5,15,7,0,373
29.5,15,7,1,375
29.5,15,7,2,376
29.5,15,7,3,378
29.5,15,7,4,380
29.5,15,7,5,382
29.5,15,7,6,384
29.5,15,7,7,385
29.5,15,7,8,387
29.5,15,7,9,389
29.5,15,7,10,391
29.5,15,7,11,392
29.5,15,7,12,394
29.5,15,7,13,396
29.5,15,7,14,398
29.5,15,7,15,399
29.5,15,8,0,375
29.5,15,8,1,377
29.5,15,8,2,378
29.5,15,8,3,380
29.5,15,8,4,382
29.5,15,8,5,384
29.5,15,8,6,386
29.5,15,8,7,387
29.5,15,8,8,389
29.5,15,8,9,391
29.5,15,8,10,393
29.5,15,8,11,395
29.5,15,8,12,396
29.5,15,8,13,398
29.5,15,8,14,400
29.5,15,8,15,401
29.5,15,9,0,377
29.5,15,9,1,379
29.5,15,9,2,381
29.5,15,9,3,382
29.5,15,9,4,384
29.5,15,9,5,386
29.5,15,9,6,388
29.5,15,9,7,390
29.5,15,9,8,391
29.5,15,9,9,393
29.5,15,9,10,395
29.5,15,9,11,397
29.5,15,9,12,398
29.5,15,9,13,400
29.5,15,9,14,402
29.5,15,9,15,404
29.5,15,10,0,379
29.5,15,10,1,381
29.5,15,10,2,383
29.5,15,10,3,384
29.5,15,10,4,386
29.5,15,10,5,388
29.5,15,10,6,390
29.5,15,10,7,392
29.5,15,10,8,394
29.5,15,10,9,395
29.5,15,10,10,397
29.5,15,10,11,399
29.5,15,10,12,401
29.5,15,10,13,402
29.5,15,10,14,404
29.5,15,10,15,406
29.5,15,11,0,381
29.5,15,11,1,383
29.5,15,11,2,385
29.5,15,11,3,387
29.5,15,11,4,388
29.5,15,11,5,390
29.5,15,11,6,392
29.5,15,11,7,394
29.5,15,11,8,396
29.5,15,11,9,397
29.5,15,11,10,399
29.5,15,11,11,401
29.5,15,11,12,403
29.5,15,11,13,405
29.5,15,11,14,406
29.5,15,11,15,408
29.5,15,12,0,383
29.5,15,12,1,385
29.5,15,12,2,387
29.5,15,12,3,389
29.5,15,12,4,390
29.5,15,12,5,392
29.5,15,12,6,394
29.5,15,12,7,396
29.5,15,12,8,398
29.5,15,12,9,400
29.5,15,12,10,401
29.5,15,12,11,403
29.5,15,12,12,405
29.5,15,12,13,407
29.5,15,12,14,408
29.5,15,12,15,410
29.5,15,13,0,385
29.5,15,13,1,387
29.5,15,13,2,389
29.5,15,13,3,391
29.5,15,13,4,392
29.5,15,13,5,394
29.5,15,13,6,396
29.5,15,13,7,398
29.5,15,13,8,400
29.5,15,13,9,402
29.5,15,13,10,403
29.5,15,13,11,405
29.5,15,13,12,407
29.5,15,13,13,409
29.5,15,13,14,411
29.5,15,13,15,412
29.5,15,14,0,387
29.5,15,14,1,389
29.5,15,14,2,391
29.5,15,14,3,393
29.5,15,14,4,395
29.5,15,14,5,396
29.5,15,14,6,398
29.5,15,14,7,400
29.5,15,14,8,402
29.5,15,14,9,404
29.5,15,14,10,406
29.5,15,14,11,407
29.5,15,14,12,409
29.5,15,14,13,411
29.5,15,14,14,413
29.5,15,14,15,415
29.5,15,15,0,389
29.5,15,15,1,391
29.5,15,15,2,393
29.5,15,15,3,395
29.5,15,15,4,397
29.5,15,15,5,398
29.5,15,15,6,400
29.5,15,15,7,402
29.5,15,15,8,404
29.5,15,15,9,406
29.5,15,15,10,408
29.5,15,15,11,409
29.5,15,15,12,411
29.5,15,15,13,413
29.5,15,15,14,415
29.5,15,15,15,417
30.0,0,0,0,290
30.0,0,0,1,292
30.0,0,0,2,293
30.0,0,0,3,294
30.0,0,0,4,296
30.0,0,0,5,297
30.0,0,0,6,299
30.0,0,0,7,300
30.0,0,0,8,301
30.0,0,0,9,303
30.0,0,0,10,304
30.0,0,0,11,305
30.0,0,0,12,307
30.0,0,0,13,308
30.0,0,0,14,309
30.0,0,0,15,311
30.0,0,1,0,292
30.0,0,1,1,293
30.0,0,1,2,295
30.0,0,1,3,296
30.0,0,1,4,298
30.0,0,1,5,299
30.0,0,1,6,300
30.0,0,1,7,302
30.0,0,1,8,303
30.0,0,1,9,305
30.0,0,1,10,306
30.0,0,1,11,307
30.0,0,1,12,309
30.0,0,1,13,310
30.0,0,1,14,311
30.0,0,1,15,313
30.0,0,2,0,294
30.0,0,2,1,295
30.0,0,2,2,296
30.0,0,2,3,298
30.0,0,2,4,299
30.0,0,2,5,301
30.0,0,2,6,302
30.0,0,2,7,304
30.0,0,2,8,305
30.0,0,2,9,306
30.0,0,2,10,308
30.0,0,2,11,309
30.0,0,2,12,310
30.0,0,2,13,312
30.0,0,2,14,313
30.0,0,2,15,315
30.0,0,3,0,295
30.0,0,3,1,297
30.0,0,3,2,298
30.0,0,3,3,300
30.0,0,3,4,301
30.0,0,3,5,303
30.0,0,3,6,304
30.0,0,3,7,305
30.0,0,3,8,307
30.0,0,3,9,308
30.0,0,3,10,310
30.0,0,3,11,311
30.0,0,3,12,312
30.0,0,3,13,314
30.0,0,3,14,315
30.0,0,3,15,316
30.0,0,4,0,297
30.0,0,4,1,299
30.0,0,4,2,300
30.0,0,4,3,301
30.0,0,4,4,303
30.0,0,4,5,304
30.0,0,4,6,306
30.0,0,4,7,307
30.0,0,4,8,309
30.0,0,4,9,310
30.0,0,4,10,311
30.0,0,4,11,313
30.0,0,4,12,314
30.0,0,4,13,315
30.0,0,4,14,317
30.0,0,4,15,318
30.0,0,5,0,299
30.0,0,5,1,300
30.0,0,5,2,302
30.0,0,5,3,303
30.0,0,5,4,305
30.0,0,5,5,306
30.0,0,5,6,307
30.0,0,5,7,309
30.0,0,5,8,310
30.0,0,5,9,312
30.0,0,5,10,313
30.0,0,5,11,314
30.0,0,5,12,316
30.0,0,5,13,317
30.0,0,5,14,319
30.0,0,5,15,320
30.0,0,6,0,300
30.0,0,6,1,302
30.0,0,6,2,303
30.0,0,6,3,305
30.0,0,6,4,306
30.0,0,6,5,308
30.0,0,6,6,309
30.0,0,6,7,311
30.0,0,6,8,312
30.0,0,6,9,313
30.0,0,6,10,315
30.0,0,6,11,316
30.0,0,6,12,318
30.0,0,6,13,319
30.0,0,6,14,320
30.0,0,6,15,322
30.0,0,7,0,302
30.0,0,7,1,304
30.0,0,7,2,305
30.0,0,7,3,307
30.0,0,7,4,308
30.0,0,7,5,309
30.0,0,7,6,311
30.0,0,7,7,312
30.0,0,7,8,314
30.0,0,7,9,315
30.0,0,7,10,317
30.0,0,7,11,318
30.0,0,7,12,319
30.0,0,7,13,321
30.0,0,7,14,322
30.0,0,7,15,324
30.0,0,8,0,304
30.0,0,8,1,305
30.0,0,8,2,307
30.0,0,8,3,308
30.0,0,8,4,310
30.0,0,8,5,311
30.0,0,8,6,313
30.0,0,8,7,314
30.0,0,8,8,316
30.0,0,8,9,317
30.0,0,8,10,318
30.0,0,8,11,320
30.0,0,8,12,321
30.0,0,8,13,323
30.0,0,8,14,324
30.0,0,8,15,325
30.0,0,9,0,305
30.0,0,9,1,307
30.0,0,9,2,308
30.0,0,9,3,310
30.0,0,9,4,311
30.0,0,9,5,313
30.0,0,9,6,314
30.0,0,9,7,316
30.0,0,9,8,317
30.0,0,9,9,319
30.0,0,9,10,320
30.0,0,9,11,322
30.0,0,9,12,323
30.0,0,9,13,324
30.0,0,9,14,326
30.0,0,9,15,327
30.0,0,10,0,307
30.0,0,10,1,309
30.0,0,10,2,310
30.0,0,10,3,312
30.0,0,10,4,313
30.0,0,10,5,315
30.0,0,10,6,316
30.0,0,10,7,318
30.0,0,10,8,319
30.0,0,10,9,320
30.0,0,10,10,322
30.0,0,10,11,323
30.0,0,10,12,325
30.0,0,10,13,326
30.0,0,10,14,328
30.0,0,10,15,329
30.0,0,11,0,309
30.0,0,11,1,310
30.0,0,11,2,312
30.0,0,11,3,313
30.0,0,11,4,315
30.0,0,11,5,316
30.0,0,11,6,318
30.0,0,11,7,319
30.0,0,11,8,321
30.0,0,11,9,322
30.0,0,11,10,324
30.0,0,11,11,325
30.0,0,11,12,326
30.0,0,11,13,328
30.0,0,11,14,329
30.0,0,11,15,331
30.0,0,12,0,310
30.0,0,12,1,312
30.0,0,12,2,313
30.0,0,12,3,315
30.0,0,12,4,316
30.0,0,12,5,318
30.0,0,12,6,319
30.0,0,12,7,321
30.0,0,12,8,322
30.0,0,12,9,324
30.0,0,12,10,325
30.0,0,12,11,327
30.0,0,12,12,328
30.0,0,12,13,330
30.0,0,12,14,331
30.0,0,12,15,333
30.0,0,13,0,312
30.0,0,13,1,314
30.0,0,13,2,315
30.0,0,13,3,317
30.0,0,13,4,318
30.0,0,13,5,320
30.0,0,13,6,321
30.0,0,13,7,323
30.0,0,13,8,324
30.0,0,13,9,326
30.0,0,13,10,327
30.0,0,13,11,328
30.0,0,13,12,330
30.0,0,13,13,331
30.0,0,13,14,333
30.0,0,13,15,334
30.0,0,14,0,314
30.0,0,14,1,315
30.0,0,14,2,317
30.0,0,14,3,318
30.0,0,14,4,320
30.0,0,14,5,321
30.0,0,14,6,323
30.0,0,14,7,324
30.0,0,14,8,326
30.0,0,14,9,327
30.0,0,14,10,329
30.0,0,14,11,330
30.0,0,14,12,332
30.0,0,14,13,333
30.0,0,14,14,335
30.0,0,14,15,336
30.0,0,15,0,315
30.0,0,15,1,317
30.0,0,15,2,318
30.0,0,15,3,320
30.0,0,15,4,321
30.0,0,15,5,323
30.0,0,15,6,324
30.0,0,15,7,326
30.0,0,15,8,327
30.0,0,15,9,329
30.0,0,15,10,330
30.0,0,15,11,332
30.0,0,15,12,333
30.0,0,15,13,335
30.0,0,15,14,336
30.0,0,15,15,338
30.0,1,0,0,295
30.0,1,0,1,297
30.0,1,0,2,298
30.0,1,0,3,299
30.0,1,0,4,301
30.0,1,0,5,302
30.0,1,0,6,304
30.0,1,0,7,305
30.0,1,0,8,306
30.0,1,0,9,308
30.0,1,0,10,309
30.0,1,0,11,311
30.0,1,0,12,312
30.0,1,0,13,313
30.0,1,0,14,315
30.0,1,0,15,316
30.0,1,1,0,297
30.0,1,1,1,298
30.0,1,1,2,300
30.0,1,1,3,301
30.0,1,1,4,303
30.0,1,1,5,304
30.0,1,1,6,305
30.0,1,1,7,307
30.0,1,1,8,308
30.0,1,1,9,310
30.0,1,1,10,311
30.0,1,1,11,312
30.0,1,1,12,314
30.0,1,1,13,315
30.0,1,1,14,317
30.0,1,1,15,318
30.0,1,2,0,299
30.0,1,2,1,300
30.0,1,2,2,302
30.0,1,2,3,303
30.0,1,2,4,304
30.0,1,2,5,306
30.0,1,2,6,307
30.0,1,2,7,309
30.0,1,2,8,310
30.0,1,2,9,312
30.0,1,2,10,313
30.0,1,2,11,314
30.0,1,2,12,316
30.0,1,2,13,317
30.0,1,2,14,318
30.0,1,2,15,320
30.0,1,3,0,300
30.0,1,3,1,302
30.0,1,3,2,303
30.0,1,3,3,305
30.0,1,3,4,306
30.0,1,3,5,308
30.0,1,3,6,309
30.0,1,3,7,311
30.0,1,3,8,312
30.0,1,3,9,313
30.0,1,3,10,315
30.0,1,3,11,316
30.0,1,3,12,318
30.0,1,3,13,319
30.0,1,3,14,320
30.0,1,3,15,322
30.0,1,4,0,302
30.0,1,4,1,304
30.0,1,4,2,305
30.0,1,4,3,307
30.0,1,4,4,308
30.0,1,4,5,309
30.0,1,4,6,311
30.0,1,4,7,312
30.0,1,4,8,314
30.0,1,4,9,315
30.0,1,4,10,317
30.0,1,4,11,318
30.0,1,4,12,319
30.0,1,4,13,321
30.0,1,4,14,322
30.0,1,4,15,324
30.0,1,5,0,304
30.0,1,5,1,305
30.0,1,5,2,307
30.0,1,5,3,308
30.0,1,5,4,310
30.0,1,5,5,311
30.0,1,5,6,313
30.0,1,5,7,314
30.0,1,5,8,316
30.0,1,5,9,317
30.0,1,5,10,318
30.0,1,5,11,320
30.0,1,5,12,321
30.0,1,5,13,323
30.0,1,5,14,324
30.0,1,5,15,325
30.0,1,6,0,306
30.0,1,6,1,307
30.0,1,6,2,309
30.0,1,6,3,310
30.0,1,6,4,312
30.0,1,6,5,313
30.0,1,6,6,314
30.0,1,6,7,316
30.0,1,6,8,317
30.0,1,6,9,319
30.0,1,6,10,320
30.0,1,6,11,322
30.0,1,6,12,323
30.0,1,6,13,324
30.0,1,6,14,326
30.0,1,6,15,327
30.0,1,7,0,307
30.0,1,7,1,309
30.0,1,7,2,310
30.0,1,7,3,312
30.0,1,7,4,313
30.0,1,7,5,315
30.0,1,7,6,316
30.0,1,7,7,318
30.0,1,7,8,319
30.0,1,7,9,321
30.0,1,7,10,322
30.0,1,7,11,323
30.0,1,7,12,325
30.0,1,7,13,326
30.0,1,7,14,328
30.0,1,7,15,329
30.0,1,8,0,309
30.0,1,8,1,310
30.0,1,8,2,312
30.0,1,8,3,314
30.0,1,8,4,315
30.0,1,8,5,316
30.0,1,8,6,318
30.0,1,8,7,319
30.0,1,8,8,321
30.0,1,8,9,322
30.0,1,8,10,324
30.0,1,8,11,325
30.0,1,8,12,327
30.0,1,8,13,328
30.0,1,8,14,330
30.0,1,8,15,331
30.0,1,9,0,311
30.0,1,9,1,312
30.0,1,9,2,314
30.0,1,9,3,315
30.0,1,9,4,317
30.0,1,9,5,318
30.0,1,9,6,320
30.0,1,9,7,321
30.0,1,9,8,323
30.0,1,9,9,324
30.0,1,9,10,326
30.0,1,9,11,327
30.0,1,9,12,328
30.0,1,9,13,330
30.0,1,9,14,331
30.0,1,9,15,333
30.0,1,10,0,312
30.0,1,10,1,314
30.0,1,10,2,315
30.0,1,10,3,317
30.0,1,10,4,318
30.0,1,10,5,320
30.0,1,10,6,321
30.0,1,10,7,323
30.0,1,10,8,324
30.0,1,10,9,326
30.0,1,10,10,327
30.0,1,10,11,329
30.0,1,10,12,330
30.0,1,10,13,332
30.0,1,10,14,333
30.0,1,10,15,335
30.0,1,11,0,314
30.0,1,11,1,316
30.0,1,11,2,317
30.0,1,11,3,319
30.0,1,11,4,320
30.0,1,11,5,322
30.0,1,11,6,323
30.0,1,11,7,325
30.0,1,11,8,326
30.0,1,11,9,328
30.0,1,11,10,329
30.0,1,11,11,331
30.0,1,11,12,332
30.0,1,11,13,333
30.0,1,11,14,335
30.0,1,11,15,336
30.0,1,12,0,316
30.0,1,12,1,317
30.0,1,12,2,319
30.0,1,12,3,320
30.0,1,12,4,322
30.0,1,12,5,323
30.0,1,12,6,325
30.0,1,12,7,326
30.0,1,12,8,328
30.0,1,12,9,329
30.0,1,12,10,331
30.0,1,12,11,332
30.0,1,12,12,334
30.0,1,12,13,335
30.0,1,12,14,337
30.0,1,12,15,338
30.0,1,13,0,317
30.0,1,13,1,319
30.0,1,13,2,320
30.0,1,13,3,322
30.0,1,13,4,324
30.0,1,13,5,325
30.0,1,13,6,327
30.0,1,13,7,328
30.0,1,13,8,330
30.0,1,13,9,331
30.0,1,13,10,333
30.0,1,13,11,334
30.0,1,13,12,336
30.0,1,13,13,337
30.0,1,13,14,338
30.0,1,13,15,340
30.0,1,14,0,319
30.0,1,14,1,321
30.0,1,14,2,322
30.0,1,14,3,324
30.0,1,14,4,325
30.0,1,14,5,327
30.0,1,14,6,328
30.0,1,14,7,330
30.0,1,14,8,331
30.0,1,14,9,333
30.0,1,14,10,334
30.0,1,14,11,336
30.0,1,14,12,337
30.0,1,14,13,339
30.0,1,14,14,340
30.0,1,14,15,342
30.0,1,15,0,321
30.0,1,15,1,322
30.0,1,15,2,324
30.0,1,15,3,325
30.0,1,15,4,327
30.0,1,15,5,328
30.0,1,15,6,330
30.0,1,15,7,332
30.0,1,15,8,333
30.0,1,15,9,335
30.0,1,15,10,336
30.0,1,15,11,338
30.0,1,15,12,339
30.0,1,15,13,341
30.0,1,15,14,342
30.0,1,15,15,343
30.0,2,0,0,300
30.0,2,0,1,301
30.0,2,0,2,303
30.0,2,0,3,304
30.0,2,0,4,306
30.0,2,0,5,307
30.0,2,0,6,309
30.0,2,0,7,310
30.0,2,0,8,312
30.0,2,0,9,313
30.0,2,0,10,314
30.0,2,0,11,316
30.0,2,0,12,317
30.0,2,0,13,319
30.0,2,0,14,320
30.0,2,0,15,321
30.0,2,1,0,302
30.0,2,1,1,303
30.0,2,1,2,305
30.0,2,1,3,306
30.0,2,1,4,308
30.0,2,1,5,309
30.0,2,1,6,311
30.0,2,1,7,312
30.0,2,1,8,313
30.0,2,1,9,315
30.0,2,1,10,316
30.0,2,1,11,318
30.0,2,1,12,319
30.0,2,1,13,320
30.0,2,1,14,322
30.0,2,1,15,323
30.0,2,2,0,304
30.0,2,2,1,305
30.0,2,2,2,307
30.0,2,2,3,308
30.0,2,2,4,309
30.0,2,2,5,311
30.0,2,2,6,312
30.0,2,2,7,314
30.0,2,2,8,315
30.0,2,2,9,317
30.0,2,2,10,318
30.0,2,2,11,320
30.0,2,2,12,321
30.0,2,2,13,322
30.0,2,2,14,324
30.0,2,2,15,325
30.0,2,3,0,305
30.0,2,3,1,307
30.0,2,3,2,308
30.0,2,3,3,310
30.0,2,3,4,311
30.0,2,3,5,313
30.0,2,3,6,314
30.0,2,3,7,316
30.0,2,3,8,317
30.0,2,3,9,319
30.0,2,3,10,320
30.0,2,3,11,321
30.0,2,3,12,323
30.0,2,3,13,324
30.0,2,3,14,326
30.0,2,3,15,327
30.0,2,4,0,307
30.0,2,4,1,309
30.0,2,4,2,310
30.0,2,4,3,312
30.0,2,4,4,313
30.0,2,4,5,315
30.0,2,4,6,316
30.0,2,4,7,318
30.0,2,4,8,319
30.0,2,4,9,320
30.0,2,4,10,322
30.0,2,4,11,323
30.0,2,4,12,325
30.0,2,4,13,326
30.0,2,4,14,328
30.0,2,4,15,329
30.0,2,5,0,309
30.0,2,5,1,310
30.0,2,5,2,312
30.0,2,5,3,313
30.0,2,5,4,315
30.0,2,5,5,316
30.0,2,5,6,318
30.0,2,5,7,319
30.0,2,5,8,321
30.0,2,5,9,322
30.0,2,5,10,324
30.0,2,5,11,325
30.0,2,5,12,327
30.0,2,5,13,328
30.0,2,5,14,329
30.0,2,5,15,331
30.0,2,6,0,311
30.0,2,6,1,312
30.0,2,6,2,314
30.0,2,6,3,315
30.0,2,6,4,317
30.0,2,6,5,318
30.0,2,6,6,320
30.0,2,6,7,321
30.0,2,6,8,323
30.0,2,6,9,324
30.0,2,6,10,326
30.0,2,6,11,327
30.0,2,6,12,328
30.0,2,6,13,330
30.0,2,6,14,331
30.0,2,6,15,333
30.0,2,7,0,312
30.0,2,7,1,314
30.0,2,7,2,315
30.0,2,7,3,317
30.0,2,7,4,318
30.0,2,7,5,320
30.0,2,7,6,321
30.0,2,7,7,323
30.0,2,7,8,324
30.0,2,7,9,326
30.0,2,7,10,327
30.0,2,7,11,329
30.0,2,7,12,330
30.0,2,7,13,332
30.0,2,7,14,333
30.0,2,7,15,335
30.0,2,8,0,314
30.0,2,8,1,316
30.0,2,8,2,317
30.0,2,8,3,319
30.0,2,8,4,320
30.0,2,8,5,322
30.0,2,8,6,323
30.0,2,8,7,325
30.0,2,8,8,326
30.0,2,8,9,328
30.0,2,8,10,329
30.0,2,8,11,331
30.0,2,8,12,332
30.0,2,8,13,334
30.0,2,8,14,335
30.0,2,8,15,336
30.0,2,9,0,316
30.0,2,9,1,317
30.0,2,9,2,319
30.0,2,9,3,320
30.0,2,9,4,322
30.0,2,9,5,324
30.0,2,9,6,325
30.0,2,9,7,327
30.0,2,9,8,328
30.0,2,9,9,330
30.0,2,9,10,331
30.0,2,9,11,332
30.0,2,9,12,334
30.0,2,9,13,335
30.0,2,9,14,337
30.0,2,9,15,338
30.0,2,10,0,318
30.0,2,10,1,319
30.0,2,10,2,321
30.0,2,10,3,322
30.0,2,10,4,324
30.0,2,10,5,325
30.0,2,10,6,327
30.0,2,10,7,328
30.0,2,10,8,330
30.0,2,10,9,331
30.0,2,10,10,333
30.0,2,10,11,334
30.0,2,10,12,336
30.0,2,10,13,337
30.0,2,10,14,339
30.0,2,10,15,340
30.0,2,11,0,319
30.0,2,11,1,321
30.0,2,11,2,322
30.0,2,11,3,324
30.0,2,11,4,325
30.0,2,11,5,327
30.0,2,11,6,329
30.0,2,11,7,330
30.0,2,11,8,332
30.0,2,11,9,333
30.0,2,11,10,335
30.0,2,11,11,336
30.0,2,11,12,338
30.0,2,11,13,339
30.0,2,11,14,341
30.0,2,11,15,342
30.0,2,12,0,321
30.0,2,12,1,323
30.0,2,12,2,324
30.0,2,12,3,326
30.0,2,12,4,327
30.0,2,12,5,329
30.0,2,12,6,330
30.0,2,12,7,332
30.0,2,12,8,333
30.0,2,12,9,335
30.0,2,12,10,336
30.0,2,12,11,338
30.0,2,12,12,339
30.0,2,12,13,341
30.0,2,12,14,342
30.0,2,12,15,344
30.0,2,13,0,323
30.0,2,13,1,324
30.0,2,13,2,326
30.0,2,13,3,327
30.0,2,13,4,329
30.0,2,13,5,330
30.0,2,13,6,332
30.0,2,13,7,334
30.0,2,13,8,335
30.0,2,13,9,337
30.0,2,13,10,338
30.0,2,13,11,340
30.0,2,13,12,341
30.0,2,13,13,343
30.0,2,13,14,344
30.0,2,13,15,346
30.0,2,14,0,324
30.0,2,14,1,326
30.0,2,14,2,328
30.0,2,14,3,329
30.0,2,14,4,331
30.0,2,14,5,332
30.0,2,14,6,334
30.0,2,14,7,335
30.0,2,14,8,337
30.0,2,14,9,338
30.0,2,14,10,340
30.0,2,14,11,341
30.0,2,14,12,343
30.0,2,14,13,344
30.0,2,14,14,346
30.0,2,14,15,347
30.0,2,15,0,326
30.0,2,15,1,328
30.0,2,15,2,329
30.0,2,15,3,331
30.0,2,15,4,332
30.0,2,15,5,334
30.0,2,15,6,335
30.0,2,15,7,337
30.0,2,15,8,339
30.0,2,15,9,340
30.0,2,15,10,342
30.0,2,15,11,343
30.0,2,15,12,345
30.0,2,15,13,346
30.0,2,15,14,348
30.0,2,15,15,349
30.0,3,0,0,305
30.0,3,0,1,306
30.0,3,0,2,308
30.0,3,0,3,309
30.0,3,0,4,311
30.0,3,0,5,312
30.0,3,0,6,314
30.0,3,0,7,315
30.0,3,0,8,317
30.0,3,0,9,318
30.0,3,0,10,320
30.0,3,0,11,321
30.0,3,0,12,322
30.0,3,0,13,324
30.0,3,0,14,325
30.0,3,0,15,327
30.0,3,1,0,307
30.0,3,1,1,308
30.0,3,1,2,310
30.0,3,1,3,311
30.0,3,1,4,313
30.0,3,1,5,314
30.0,3,1,6,316
30.0,3,1,7,317
30.0,3,1,8,319
30.0,3,1,9,320
30.0,3,1,10,321
30.0,3,1,11,323
30.0,3,1,12,324
30.0,3,1,13,326
30.0,3,1,14,327
30.0,3,1,15,329
30.0,3,2,0,309
30.0,3,2,1,310
30.0,3,2,2,312
30.0,3,2,3,313
30.0,3,2,4,315
30.0,3,2,5,316
30.0,3,2,6,318
30.0,3,2,7,319
30.0,3,2,8,320
30.0,3,2,9,322
30.0,3,2,10,323
30.0,3,2,11,325
30.0,3,2,12,326
30.0,3,2,13,328
30.0,3,2,14,329
30.0,3,2,15,331
30.0,3,3,0,310
30.0,3,3,1,312
30.0,3,3,2,313
30.0,3,3,3,315
30.0,3,3,4,316
30.0,3,3,5,318
30.0,3,3,6,319
30.0,3,3,7,321
30.0,3,3,8,322
30.0,3,3,9,324
30.0,3,3,10,325
30.0,3,3,11,327
30.0,3,3,12,328
30.0,3,3,13,330
30.0,3,3,14,331
30.0,3,3,15,332
30.0,3,4,0,312
30.0,3,4,1,314
30.0,3,4,2,315
30.0,3,4,3,317
30.0,3,4,4,318
30.0,3,4,5,320
30.0,3,4,6,321
30.0,3,4,7,323
30.0,3,4,8,324
30.0,3,4,9,326
30.0,3,4,10,327
30.0,3,4,11,329
30.0,3,4,12,330
30.0,3,4,13,332
30.0,3,4,14,333
30.0,3,4,15,334
30.0,3,5,0,314
30.0,3,5,1,316
30.0,3,5,2,317
30.0,3,5,3,319
30.0,3,5,4,320
30.0,3,5,5,322
30.0,3,5,6,323
30.0,3,5,7,325
30.0,3,5,8,326
30.0,3,5,9,328
30.0,3,5,10,329
30.0,3,5,11,331
30.0,3,5,12,332
30.0,3,5,13,333
30.0,3,5,14,335
30.0,3,5,15,336
30.0,3,6,0,316
30.0,3,6,1,317
30.0,3,6,2,319
30.0,3,6,3,320
30.0,3,6,4,322
30.0,3,6,5,323
30.0,3,6,6,325
30.0,3,6,7,326
30.0,3,6,8,328
30.0,3,6,9,329
30.0,3,6,10,331
30.0,3,6,11,332
30.0,3,6,12,334
30.0,3,6,13,335
30.0,3,6,14,337
30.0,3,6,15,338
30.0,3,7,0,318
30.0,3,7,1,319
30.0,3,7,2,321
30.0,3,7,3,322
30.0,3,7,4,324
30.0,3,7,5,325
30.0,3,7,6,327
30.0,3,7,7,328
30.0,3,7,8,330
30.0,3,7,9,331
30.0,3,7,10,333
30.0,3,7,11,334
30.0,3,7,12,336
30.0,3,7,13,337
30.0,3,7,14,339
30.0,3,7,15,340
30.0,3,8,0,319
30.0,3,8,1,321
30.0,3,8,2,322
30.0,3,8,3,324
30.0,3,8,4,326
30.0,3,8,5,327
30.0,3,8,6,329
30.0,3,8,7,330
30.0,3,8,8,332
30.0,3,8,9,333
30.0,3,8,10,335
30.0,3,8,11,336
30.0,3,8,12,338
30.0,3,8,13,339
30.0,3,8,14,341
30.0,3,8,15,342
30.0,3,9,0,321
30.0,3,9,1,323
30.0,3,9,2,324
30.0,3,9,3,326
30.0,3,9,4,327
30.0,3,9,5,329
30.0,3,9,6,330
30.0,3,9,7,332
30.0,3,9,8,333
30.0,3,9,9,335
30.0,3,9,10,336
30.0,3,9,11,338
30.0,3,9,12,339
30.0,3,9,13,341
30.0,3,9,14,342
30.0,3,9,15,344
30.0,3,10,0,323
30.0,3,10,1,324
30.0,3,10,2,326
30.0,3,10,3,328
30.0,3,10,4,329
30.0,3,10,5,331
30.0,3,10,6,332
30.0,3,10,7,334
30.0,3,10,8,335
30.0,3,10,9,337
30.0,3,10,10,338
30.0,3,10,11,340
30.0,3,10,12,341
30.0,3,10,13,343
30.0,3,10,14,344
30.0,3,10,15,346
30.0,3,11,0,325
30.0,3,11,1,326
30.0,3,11,2,328
30.0,3,11,3,329
30.0,3,11,4,331
30.0,3,11,5,332
30.0,3,11,6,334
30.0,3,11,7,335
30.0,3,11,8,337
30.0,3,11,9,339
30.0,3,11,10,340
30.0,3,11,11,342
30.0,3,11,12,343
30.0,3,11,13,345
30.0,3,11,14,346
30.0,3,11,15,348
30.0,3,12,0,326
30.0,3,12,1,328
30.0,3,12,2,329
30.0,3,12,3,331
30.0,3,12,4,333
30.0,3,12,5,334
30.0,3,12,6,336
30.0,3,12,7,337
30.0,3,12,8,339
30.0,3,12,9,340
30.0,3,12,10,342
30.0,3,12,11,343
30.0,3,12,12,345
30.0,3,12,13,346
30.0,3,12,14,348
30.0,3,12,15,349
30.0,3,13,0,328
30.0,3,13,1,330
30.0,3,13,2,331
30.0,3,13,3,333
30.0,3,13,4,334
30.0,3,13,5,336
30.0,3,13,6,337
30.0,3,13,7,339
30.0,3,13,8,341
30.0,3,13,9,342
30.0,3,13,10,344
30.0,3,13,11,345
30.0,3,13,12,347
30.0,3,13,13,348
30.0,3,13,14,350
30.0,3,13,15,351
30.0,3,14,0,330
30.0,3,14,1,331
30.0,3,14,2,333
30.0,3,14,3,334
30.0,3,14,4,336
30.0,3,14,5,338
30.0,3,14,6,339
30.0,3,14,7,341
30.0,3,14,8,342
30.0,3,14,9,344
30.0,3,14,10,345
30.0,3,14,11,347
30.0,3,14,12,349
30.0,3,14,13,350
30.0,3,14,14,352
30.0,3,14,15,353
30.0,3,15,0,331
30.0,3,15,1,333
30.0,3,15,2,335
30.0,3,15,3,336
30.0,3,15,4,338
30.0,3,15,5,339
30.0,3,15,6,341
30.0,3,15,7,343
30.0,3,15,8,344
30.0,3,15,9,346
30.0,3,15,10,347
30.0,3,15,11,349
30.0,3,15,12,350
30.0,3,15,13,352
30.0,3,15,14,353
30.0,3,15,15,355
30.0,4,0,0,310
30.0,4,0,1,311
30.0,4,0,2,313
30.0,4,0,3,314
30.0,4,0,4,316
30.0,4,0,5,317
30.0,4,0,6,319
30.0,4,0,7,320
30.0,4,0,8,322
30.0,4,0,9,323
30.0,4,0,10,325
30.0,4,0,11,326
30.0,4,0,12,328
30.0,4,0,13,329
30.0,4,0,14,330
30.0,4,0,15,332
30.0,4,1,0,312
30.0,4,1,1,313
30.0,4,1,2,315
30.0,4,1,3,316
30.0,4,1,4,318
30.0,4,1,5,319
30.0,4,1,6,321
30.0,4,1,7,322
30.0,4,1,8,324
30.0,4,1,9,325
30.0,4,1,10,327
30.0,4,1,11,328
30.0,4,1,12,330
30.0,4,1,13,331
30.0,4,1,14,332
30.0,4,1,15,334
30.0,4,2,0,314
30.0,4,2,1,315
30.0,4,2,2,317
30.0,4,2,3,318
30.0,4,2,4,320
30.0,4,2,5,321
30.0,4,2,6,323
30.0,4,2,7,324
30.0,4,2,8,326
30.0,4,2,9,327
30.0,4,2,10,329
30.0,4,2,11,330
30.0,4,2,12,332
30.0,4,2,13,333
30.0,4,2,14,334
30.0,4,2,15,336
30.0,4,3,0,315
30.0,4,3,1,317
30.0,4,3,2,318
30.0,4,3,3,320
30.0,4,3,4,322
30.0,4,3,5,323
30.0,4,3,6,325
30.0,4,3,7,326
30.0,4,3,8,328
30.0,4,3,9,329
30.0,4,3,10,331
30.0,4,3,11,332
30.0,4,3,12,333
30.0,4,3,13,335
30.0,4,3,14,336
30.0,4,3,15,338
30.0,4,4,0,317
30.0,4,4,1,319
30.0,4,4,2,320
30.0,4,4,3,322
30.0,4,4,4,323
30.0,4,4,5,325
30.0,4,4,6,326
30.0,4,4,7,328
30.0,4,4,8,329
30.0,4,4,9,331
30.0,4,4,10,332
30.0,4,4,11,334
30.0,4,4,12,335
30.0,4,4,13,337
30.0,4,4,14,338
30.0,4,4,15,340
30.0,4,5,0,319
30.0,4,5,1,321
30.0,4,5,2,322
30.0,4,5,3,324
30.0,4,5,4,325
30.0,4,5,5,327
30.0,4,5,6,328
30.0,4,5,7,330
30.0,4,5,8,331
30.0,4,5,9,333
30.0,4,5,10,334
30.0,4,5,11,336
30.0,4,5,12,337
30.0,4,5,13,339
30.0,4,5,14,340
30.0,4,5,15,342
30.0,4,6,0,321
30.0,4,6,1,322
30.0,4,6,2,324
30.0,4,6,3,326
30.0,4,6,4,327
30.0,4,6,5,329
30.0,4,6,6,330
30.0,4,6,7,332
30.0,4,6,8,333
30.0,4,6,9,335
30.0,4,6,10,336
30.0,4,6,11,338
30.0,4,6,12,339
30.0,4,6,13,341
30.0,4,6,14,342
30.0,4,6,15,344
30.0,4,7,0,323
30.0,4,7,1,324
30.0,4,7,2,326
30.0,4,7,3,327
30.0,4,7,4,329
30.0,4,7,5,330
30.0,4,7,6,332
30.0,4,7,7,334
30.0,4,7,8,335
30.0,4,7,9,337
30.0,4,7,10,338
30.0,4,7,11,340
30.0,4,7,12,341
30.0,4,7,13,343
30.0,4,7,14,344
30.0,4,7,15,346
30.0,4,8,0,324
30.0,4,8,1,326
30.0,4,8,2,328
30.0,4,8,3,329
30.0,4,8,4,331
30.0,4,8,5,332
30.0,4,8,6,334
30.0,4,8,7,335
30.0,4,8,8,337
30.0,4,8,9,338
30.0,4,8,10,340
30.0,4,8,11,342
30.0,4,8,12,343
30.0,4,8,13,345
30.0,4,8,14,346
30.0,4,8,15,348
30.0,4,9,0,326
30.0,4,9,1,328
30.0,4,9,2,329
30.0,4,9,3,331
30.0,4,9,4,333
30.0,4,9,5,334
30.0,4,9,6,336
30.0,4,9,7,337
30.0,4,9,8,339
30.0,4,9,9,340
30.0,4,9,10,342
30.0,4,9,11,343
30.0,4,9,12,345
30.0,4,9,13,346
30.0,4,9,14,348
30.0,4,9,15,349
30.0,4,10,0,328
30.0,4,10,1,330
30.0,4,10,2,331
30.0,4,10,3,333
30.0,4,10,4,334
30.0,4,10,5,336
30.0,4,10,6,338
30.0,4,10,7,339
30.0,4,10,8,341
30.0,4,10,9,342
30.0,4,10,10,344
30.0,4,10,11,345
30.0,4,10,12,347
30.0,4,10,13,348
30.0,4,10,14,350
30.0,4,10,15,351
30.0,4,11,0,330
30.0,4,11,1,331
30.0,4,11,2,333
30.0,4,11,3,335
30.0,4,11,4,336
30.0,4,11,5,338
30.0,4,11,6,339
30.0,4,11,7,341
30.0,4,11,8,342
30.0,4,11,9,344
30.0,4,11,10,346
30.0,4,11,11,347
30.0,4,11,12,349
30.0,4,11,13,350
30.0,4,11,14,352
30.0,4,11,15,353
30.0,4,12,0,332
30.0,4,12,1,333
30.0,4,12,2,335
30.0,4,12,3,336
30.0,4,12,4,338
30.0,4,12,5,340
30.0,4,12,6,341
30.0,4,12,7,343
30.0,4,12,8,344
30.0,4,12,9,346
30.0,4,12,10,347
30.0,4,12,11,349
30.0,4,12,12,351
30.0,4,12,13,352
30.0,4,12,14,354
30.0,4,12,15,355
30.0,4,13,0,333
30.0,4,13,1,335
30.0,4,13,2,337
30.0,4,13,3,338
30.0,4,13,4,340
30.0,4,13,5,341
30.0,4,13,6,343
30.0,4,13,7,345
30.0,4,13,8,346
30.0,4,13,9,348
30.0,4,13,10,349
30.0,4,13,11,351
30.0,4,13,12,352
30.0,4,13,13,354
30.0,4,13,14,355
30.0,4,13,15,357
30.0,4,14,0,335
30.0,4,14,1,337
30.0,4,14,2,338
30.0,4,14,3,340
30.0,4,14,4,342
30.0,4,14,5,343
30.0,4,14,6,345
30.0,4,14,7,346
30.0,4,14,8,348
30.0,4,14,9,349
30.0,4,14,10,351
30.0,4,14,11,353
30.0,4,14,12,354
30.0,4,14,13,356
30.0,4,14,14,357
30.0,4,14,15,359
30.0,4,15,0,337
30.0,4,15,1,338
30.0,4,15,2,340
30.0,4,15,3,342
30.0,4,15,4,343
30.0,4,15,5,345
30.0,4,15,6,347
30.0,4,15,7,348
30.0,4,15,8,350
30.0,4,15,9,351
30.0,4,15,10,353
30.0,4,15,11,354
30.0,4,15,12,356
30.0,4,15,13,358
30.0,4,15,14,359
30.0,4,15,15,361
30.0,5,0,0,315
30.0,5,0,1,316
30.0,5,0,2,318
30.0,5,0,3,319
30.0,5,0,4,321
30.0,5,0,5,322
30.0,5,0,6,324
30.0,5,0,7,325
30.0,5,0,8,327
30.0,5,0,9,328
30.0,5,0,10,330
30.0,5,0,11,331
30.0,5,0,12,333
30.0,5,0,13,334
30.0,5,0,14,336
30.0,5,0,15,337
30.0,5,1,0,317
30.0,5,1,1,318
30.0,5,1,2,320
30.0,5,1,3,321
30.0,5,1,4,323
30.0,5,1,5,324
30.0,5,1,6,326
30.0,5,1,7,327
30.0,5,1,8,329
30.0,5,1,9,330
30.0,5,1,10,332
30.0,5,1,11,333
30.0,5,1,12,335
30.0,5,1,13,336
30.0,5,1,14,338
30.0,5,1,15,339
30.0,5,2,0,319
30.0,5,2,1,320
30.0,5,2,2,322
30.0,5,2,3,323
30.0,5,2,4,325
30.0,5,2,5,326
30.0,5,2,6,328
30.0,5,2,7,329
30.0,5,2,8,331
30.0,5,2,9,332
30.0,5,2,10,334
30.0,5,2,11,335
30.0,5,2,12,337
30.0,5,2,13,338
30.0,5,2,14,340
30.0,5,2,15,341
30.0,5,3,0,320
30.0,5,3,1,322
30.0,5,3,2,324
30.0,5,3,3,325
30.0,5,3,4,327
30.0,5,3,5,328
30.0,5,3,6,330
30.0,5,3,7,331
30.0,5,3,8,333
30.0,5,3,9,334
30.0,5,3,10,336
30.0,5,3,11,337
30.0,5,3,12,339
30.0,5,3,13,340
30.0,5,3,14,342
30.0,5,3,15,343
30.0,5,4,0,322
30.0,5,4,1,324
30.0,5,4,2,325
30.0,5,4,3,327
30.0,5,4,4,329
30.0,5,4,5,330
30.0,5,4,6,332
30.0,5,4,7,333
30.0,5,4,8,335
30.0,5,4,9,336
30.0,5,4,10,338
30.0,5,4,11,339
30.0,5,4,12,341
30.0,5,4,13,342
30.0,5,4,14,344
30.0,5,4,15,345
30.0,5,5,0,324
30.0,5,5,1,326
30.0,5,5,2,327
30.0,5,5,3,329
30.0,5,5,4,330
30.0,5,5,5,332
30.0,5,5,6,334
30.0,5,5,7,335
30.0,5,5,8,337
30.0,5,5,9,338
30.0,5,5,10,340
30.0,5,5,11,341
30.0,5,5,12,343
30.0,5,5,13,344
30.0,5,5,14,346
30.0,5,5,15,347
30.0,5,6,0,326
30.0,5,6,1,328
30.0,5,6,2,329
30.0,5,6,3,331
30.0,5,6,4,332
30.0,5,6,5,334
30.0,5,6,6,335
30.0,5,6,7,337
30.0,5,6,8,339
30.0,5,6,9,340
30.0,5,6,10,342
30.0,5,6,11,343
30.0,5,6,12,345
30.0,5,6,13,346
30.0,5,6,14,348
30.0,5,6,15,349
30.0,5,7,0,328
30.0,5,7,1,329
30.0,5,7,2,331
30.0,5,7,3,333
30.0,5,7,4,334
30.0,5,7,5,336
30.0,5,7,6,337
30.0,5,7,7,339
30.0,5,7,8,340
30.0,5,7,9,342
30.0,5,7,10,344
30.0,5,7,11,345
30.0,5,7,12,347
30.0,5,7,13,348
30.0,5,7,14,350
30.0,5,7,15,351
30.0,5,8,0,330
30.0,5,8,1,331
30.0,5,8,2,333
30.0,5,8,3,334
30.0,5,8,4,336
30.0,5,8,5,338
30.0,5,8,6,339
30.0,5,8,7,341
30.0,5,8,8,342
30.0,5,8,9,344
30.0,5,8,10,345
30.0,5,8,11,347
30.0,5,8,12,348
30.0,5,8,13,350
30.0,5,8,14,352
30.0,5,8,15,353
30.0,5,9,0,331
30.0,5,9,1,333
30.0,5,9,2,335
30.0,5,9,3,336
30.0,5,9,4,338
30.0,5,9,5,339
30.0,5,9,6,341
30.0,5,9,7,343
30.0,5,9,8,344
30.0,5,9,9,346
30.0,5,9,10,347
30.0,5,9,11,349
30.0,5,9,12,350
30.0,5,9,13,352
30.0,5,9,14,353
30.0,5,9,15,355
30.0,5,10,0,333
30.0,5,10,1,335
30.0,5,10,2,336
30.0,5,10,3,338
30.0,5,10,4,340
30.0,5,10,5,341
30.0,5,10,6,343
30.0,5,10,7,344
30.0,5,10,8,346
30.0,5,10,9,348
30.0,5,10,10,349
30.0,5,10,11,351
30.0,5,10,12,352
30.0,5,10,13,354
30.0,5,10,14,355
30.0,5,10,15,357
30.0,5,11,0,335
30.0,5,11,1,337
30.0,5,11,2,338
30.0,5,11,3,340
30.0,5,11,4,342
30.0,5,11,5,343
30.0,5,11,6,345
30.0,5,11,7,346
30.0,5,11,8,348
30.0,5,11,9,350
30.0,5,11,10,351
30.0,5,11,11,353
30.0,5,11,12,354
30.0,5,11,13,356
30.0,5,11,14,357
30.0,5,11,15,359
30.0,5,12,0,337
30.0,5,12,1,338
30.0,5,12,2,340
30.0,5,12,3,342
30.0,5,12,4,343
30.0,5,12,5,345
30.0,5,12,6,347
30.0,5,12,7,348
30.0,5,12,8,350
30.0,5,12,9,351
30.0,5,12,10,353
30.0,5,12,11,355
30.0,5,12,12,356
30.0,5,12,13,358
30.0,5,12,14,359
30.0,5,12,15,361
30.0,5,13,0,339
30.0,5,13,1,340
30.0,5,13,2,342
30.0,5,13,3,344
30.0,5,13,4,345
30.0,5,13,5,347
30.0,5,13,6,348
30.0,5,13,7,350
30.0,5,13,8,352
30.0,5,13,9,353
30.0,5,13,10,355
30.0,5,13,11,356
30.0,5,13,12,358
30.0,5,13,13,360
30.0,5,13,14,361
30.0,5,13,15,363
30.0,5,14,0,340
30.0,5,14,1,342
30.0,5,14,2,344
30.0,5,14,3,345
30.0,5,14,4,347
30.0,5,14,5,349
30.0,5,14,6,350
30.0,5,14,7,352
30.0,5,14,8,353
30.0,5,14,9,355
30.0,5,14,10,357
30.0,5,14,11,358
30.0,5,14,12,360
30.0,5,14,13,361
30.0,5,14,14,363
30.0,5,14,15,365
30.0,5,15,0,342
30.0,5,15,1,344
30.0,5,15,2,345
30.0,5,15,3,347
30.0,5,15,4,349
30.0,5,15,5,350
30.0,5,15,6,352
30.0,5,15,7,354
30.0,5,15,8,355
30.0,5,15,9,357
30.0,5,15,10,358
30.0,5,15,11,360
30.0,5,15,12,362
30.0,5,15,13,363
30.0,5,15,14,365
30.0,5,15,15,366
30.0,6,0,0,320
30.0,6,0,1,321
30.0,6,0,2,323
30.0,6,0,3,324
30.0,6,0,4,326
30.0,6,0,5,327
30.0,6,0,6,329
30.0,6,0,7,331
30.0,6,0,8,332
30.0,6,0,9,334
30.0,6,0,10,335
30.0,6,0,11,337
30.0,6,0,12,338
30.0,6,0,13,339
30.0,6,0,14,341
30.0,6,0,15,342
30.0,6,1,0,322
30.0,6,1,1,323
30.0,6,1,2,325
30.0,6,1,3,326
30.0,6,1,4,328
30.0,6,1,5,329
30.0,6,1,6,331
30.0,6,1,7,332
30.0,6,1,8,334
30.0,6,1,9,336
30.0,6,1,10,337
30.0,6,1,11,339
30.0,6,1,12,340
30.0,6,1,13,342
30.0,6,1,14,343
30.0,6,1,15,344
30.0,6,2,0,324
30.0,6,2,1,325
30.0,6,2,2,327
30.0,6,2,3,328
30.0,6,2,4,330
30.0,6,2,5,331
30.0,6,2,6,333
30.0,6,2,7,334
30.0,6,2,8,336
30.0,6,2,9,338
30.0,6,2,10,339
30.0,6,2,11,341
30.0,6,2,12,342
30.0,6,2,13,344
30.0,6,2,14,345
30.0,6,2,15,347
30.0,6,3,0,325
30.0,6,3,1,327
30.0,6,3,2,329
30.0,6,3,3,330
30.0,6,3,4,332
30.0,6,3,5,333
30.0,6,3,6,335
30.0,6,3,7,336
30.0,6,3,8,338
30.0,6,3,9,340
30.0,6,3,10,341
30.0,6,3,11,343
30.0,6,3,12,344
30.0,6,3,13,346
30.0,6,3,14,347
30.0,6,3,15,349
30.0,6,4,0,327
30.0,6,4,1,329
30.0,6,4,2,331
30.0,6,4,3,332
30.0,6,4,4,334
30.0,6,4,5,335
30.0,6,4,6,337
30.0,6,4,7,338
30.0,6,4,8,340
30.0,6,4,9,341
30.0,6,4,10,343
30.0,6,4,11,345
30.0,6,4,12,346
30.0,6,4,13,348
30.0,6,4,14,349
30.0,6,4,15,351
30.0,6,5,0,329
30.0,6,5,1,331
30.0,6,5,2,332
30.0,6,5,3,334
30.0,6,5,4,336
30.0,6,5,5,337
30.0,6,5,6,339
30.0,6,5,7,340
30.0,6,5,8,342
30.0,6,5,9,343
30.0,6,5,10,345
30.0,6,5,11,347
30.0,6,5,12,348
30.0,6,5,13,350
30.0,6,5,14,351
30.0,6,5,15,353
30.0,6,6,0,331
30.0,6,6,1,333
30.0,6,6,2,334
30.0,6,6,3,336
30.0,6,6,4,338
30.0,6,6,5,339
30.0,6,6,6,341
30.0,6,6,7,342
30.0,6,6,8,344
30.0,6,6,9,345
30.0,6,6,10,347
30.0,6,6,11,348
30.0,6,6,12,350
30.0,6,6,13,352
30.0,6,6,14,353
30.0,6,6,15,355
30.0,6,7,0,333
30.0,6,7,1,335
30.0,6,7,2,336
30.0,6,7,3,338
30.0,6,7,4,339
30.0,6,7,5,341
30.0,6,7,6,343
30.0,6,7,7,344
30.0,6,7,8,346
30.0,6,7,9,347
30.0,6,7,10,349
30.0,6,7,11,350
30.0,6,7,12,352
30.0,6,7,13,354
30.0,6,7,14,355
30.0,6,7,15,357
30.0,6,8,0,335
30.0,6,8,1,336
30.0,6,8,2,338
30.0,6,8,3,340
30.0,6,8,4,341
30.0,6,8,5,343
30.0,6,8,6,344
30.0,6,8,7,346
30.0,6,8,8,348
30.0,6,8,9,349
30.0,6,8,10,351
30.0,6,8,11,352
30.0,6,8,12,354
30.0,6,8,13,355
30.0,6,8,14,357
30.0,6,8,15,359
30.0,6,9,0,337
30.0,6,9,1,338
30.0,6,9,2,340
30.0,6,9,3,342
30.0,6,9,4,343
30.0,6,9,5,345
30.0,6,9,6,346
30.0,6,9,7,348
30.0,6,9,8,350
30.0,6,9,9,351
30.0,6,9,10,353
30.0,6,9,11,354
30.0,6,9,12,356
30.0,6,9,13,357
30.0,6,9,14,359
30.0,6,9,15,361
30.0,6,10,0,338
30.0,6,10,1,340
30.0,6,10,2,342
30.0,6,10,3,343
30.0,6,10,4,345
30.0,6,10,5,347
30.0,6,10,6,348
30.0,6,10,7,350
30.0,6,10,8,351
30.0,6,10,9,353
30.0,6,10,10,355
30.0,6,10,11,356
30.0,6,10,12,358
30.0,6,10,13,359
30.0,6,10,14,361
30.0,6,10,15,363
30.0,6,11,0,340
30.0,6,11,1,342
30.0,6,11,2,344
30.0,6,11,3,345
30.0,6,11,4,347
30.0,6,11,5,349
30.0,6,11,6,350
30.0,6,11,7,352
30.0,6,11,8,353
30.0,6,11,9,355
30.0,6,11,10,357
30.0,6,11,11,358
30.0,6,11,12,360
30.0,6,11,13,361
30.0,6,11,14,363
30.0,6,11,15,364
30.0,6,12,0,342
30.0,6,12,1,344
30.0,6,12,2,345
30.0,6,12,3,347
30.0,6,12,4,349
30.0,6,12,5,350
30.0,6,12,6,352
30.0,6,12,7,354
30.0,6,12,8,355
30.0,6,12,9,357
30.0,6,12,10,358
30.0,6,12,11,360
30.0,6,12,12,362
30.0,6,12,13,363
30.0,6,12,14,365
30.0,6,12,15,366
30.0,6,13,0,344
30.0,6,13,1,346
30.0,6,13,2,347
30.0,6,13,3,349
30.0,6,13,4,351
30.0,6,13,5,352
30.0,6,13,6,354
30.0,6,13,7,355
30.0,6,13,8,357
30.0,6,13,9,359
30.0,6,13,10,360
30.0,6,13,11,362
30.0,6,13,12,364
30.0,6,13,13,365
30.0,6,13,14,367
30.0,6,13,15,368
30.0,6,14,0,346
30.0,6,14,1,347
30.0,6,14,2,349
30.0,6,14,3,351
30.0,6,14,4,352
30.0,6,14,5,354
30.0,6,14,6,356
30.0,6,14,7,357
30.0,6,14,8,359
30.0,6,14,9,361
30.0,6,14,10,362
30.0,6,14,11,364
30.0,6,14,12,365
30.0,6,14,13,367
30.0,6,14,14,369
30.0,6,14,15,370
30.0,6,15,0,347
30.0,6,15,1,349
30.0,6,15,2,351
30.0,6,15,3,353
30.0,6,15,4,354
30.0,6,15,5,356
30.0,6,15,6,358
30.0,6,15,7,359
30.0,6,15,8,361
30.0,6,15,9,362
30.0,6,15,10,364
30.0,6,15,11,366
30.0,6,15,12,367
30.0,6,15,13,369
30.0,6,15,14,371
30.0,6,15,15,372
30.0,7,0,0,325
30.0,7,0,1,326
30.0,7,0,2,328
30.0,7,0,3,329
30.0,7,0,4,331
30.0,7,0,5,332
30.0,7,0,6,334
30.0,7,0,7,336
30.0,7,0,8,337
30.0,7,0,9,339
30.0,7,0,10,340
30.0,7,0,11,342
30.0,7,0,12,343
30.0,7,0,13,345
30.0,7,0,14,346
30.0,7,0,15,348
30.0,7,1,0,327
30.0,7,1,1,328
30.0,7,1,2,330
30.0,7,1,3,331
30.0,7,1,4,333
30.0,7,1,5,334
30.0,7,1,6,336
30.0,7,1,7,338
30.0,7,1,8,339
30.0,7,1,9,341
30.0,7,1,10,342
30.0,7,1,11,344
30.0,7,1,12,345
30.0,7,1,13,347
30.0,7,1,14,348
30.0,7,1,15,350
30.0,7,2,0,329
30.0,7,2,1,330
30.0,7,2,2,332
30.0,7,2,3,333
30.0,7,2,4,335
30.0,7,2,5,336
30.0,7,2,6,338
30.0,7,2,7,340
30.0,7,2,8,341
30.0,7,2,9,343
30.0,7,2,10,344
30.0,7,2,11,346
30.0,7,2,12,347
30.0,7,2,13,349
30.0,7,2,14,350
30.0,7,2,15,352
30.0,7,3,0,330
30.0,7,3,1,332
30.0,7,3,2,334
30.0,7,3,3,335
30.0,7,3,4,337
30.0,7,3,5,338
30.0,7,3,6,340
30.0,7,3,7,342
30.0,7,3,8,343
30.0,7,3,9,345
30.0,7,3,10,346
30.0,7,3,11,348
30.0,7,3,12,349
30.0,7,3,13,351
30.0,7,3,14,352
30.0,7,3,15,354
30.0,7,4,0,332
30.0,7,4,1,334
30.0,7,4,2,336
30.0,7,4,3,337
30.0,7,4,4,339
30.0,7,4,5,340
30.0,7,4,6,342
30.0,7,4,7,344
30.0,7,4,8,345
30.0,7,4,9,347
30.0,7,4,10,348
30.0,7,4,11,350
30.0,7,4,12,351
30.0,7,4,13,353
30.0,7,4,14,354
30.0,7,4,15,356
30.0,7,5,0,334
30.0,7,5,1,336
30.0,7,5,2,338
30.0,7,5,3,339
30.0,7,5,4,341
30.0,7,5,5,342
30.0,7,5,6,344
30.0,7,5,7,346
30.0,7,5,8,347
30.0,7,5,9,349
30.0,7,5,10,350
30.0,7,5,11,352
30.0,7,5,12,353
30.0,7,5,13,355
30.0,7,5,14,357
30.0,7,5,15,358
30.0,7,6,0,336
30.0,7,6,1,338
30.0,7,6,2,339
30.0,7,6,3,341
30.0,7,6,4,343
30.0,7,6,5,344
30.0,7,6,6,346
30.0,7,6,7,348
30.0,7,6,8,349
30.0,7,6,9,351
30.0,7,6,10,352
30.0,7,6,11,354
30.0,7,6,12,355
30.0,7,6,13,357
30.0,7,6,14,359
30.0,7,6,15,360
30.0,7,7,0,338
30.0,7,7,1,340
30.0,7,7,2,341
30.0,7,7,3,343
30.0,7,7,4,345
30.0,7,7,5,346
30.0,7,7,6,348
30.0,7,7,7,349
30.0,7,7,8,351
30.0,7,7,9,353
30.0,7,7,10,354
30.0,7,7,11,356
30.0,7,7,12,357
30.0,7,7,13,359
30.0,7,7,14,361
30.0,7,7,15,362
30.0,7,8,0,340
30.0,7,8,1,342
30.0,7,8,2,343
30.0,7,8,3,345
30.0,7,8,4,347
30.0,7,8,5,348
30.0,7,8,6,350
30.0,7,8,7,351
30.0,7,8,8,353
30.0,7,8,9,355
30.0,7,8,10,356
30.0,7,8,11,358
30.0,7,8,12,359
30.0,7,8,13,361
30.0,7,8,14,363
30.0,7,8,15,364
30.0,7,9,0,342
30.0,7,9,1,343
30.0,7,9,2,345
30.0,7,9,3,347
30.0,7,9,4,348
30.0,7,9,5,350
30.0,7,9,6,352
30.0,7,9,7,353
30.0,7,9,8,355
30.0,7,9,9,357
30.0,7,9,10,358
30.0,7,9,11,360
30.0,7,9,12,361
30.0,7,9,13,363
30.0,7,9,14,365
30.0,7,9,15,366
30.0,7,10,0,344
30.0,7,10,1,345
30.0,7,10,2,347
30.0,7,10,3,349
30.0,7,10,4,350
30.0,7,10,5,352
30.0,7,10,6,354
30.0,7,10,7,355
30.0,7,10,8,357
30.0,7,10,9,359
30.0,7,10,10,360
30.0,7,10,11,362
30.0,7,10,12,363
30.0,7,10,13,365
30.0,7,10,14,367
30.0,7,10,15,368
30.0,7,11,0,345
30.0,7,11,1,347
30.0,7,11,2,349
30.0,7,11,3,351
30.0,7,11,4,352
30.0,7,11,5,354
30.0,7,11,6,356
30.0,7,11,7,357
30.0,7,11,8,359
30.0,7,11,9,360
30.0,7,11,10,362
30.0,7,11,11,364
30.0,7,11,12,365
30.0,7,11,13,367
30.0,7,11,14,368
30.0,7,11,15,370
30.0,7,12,0,347
30.0,7,12,1,349
30.0,7,12,2,351
30.0,7,12,3,352
30.0,7,12,4,354
30.0,7,12,5,356
30.0,7,12,6,357
30.0,7,12,7,359
30.0,7,12,8,361
30.0,7,12,9,362
30.0,7,12,10,364
30.0,7,12,11,366
30.0,7,12,12,367
30.0,7,12,13,369
30.0,7,12,14,370
30.0,7,12,15,372
30.0,7,13,0,349
30.0,7,13,1,351
30.0,7,13,2,353
30.0,7,13,3,354
30.0,7,13,4,356
30.0,7,13,5,358
30.0,7,13,6,359
30.0,7,13,7,361
30.0,7,13,8,363
30.0,7,13,9,364
30.0,7,13,10,366
30.0,7,13,11,368
30.0,7,13,12,369
30.0,7,13,13,371
30.0,7,13,14,372
30.0,7,13,15,374
30.0,7,14,0,351
30.0,7,14,1,353
30.0,7,14,2,354
30.0,7,14,3,356
30.0,7,14,4,358
30.0,7,14,5,359
30.0,7,14,6,361
30.0,7,14,7,363
30.0,7,14,8,364
30.0,7,14,9,366
30.0,7,14,10,368
30.0,7,14,11,369
30.0,7,14,12,371
30.0,7,14,13,373
30.0,7,14,14,374
30.0,7,14,15,376
30.0,7,15,0,353
30.0,7,15,1,355
30.0,7,15,2,356
30.0,7,15,3,358
30.0,7,15,4,360
30.0,7,15,5,361
30.0,7,15,6,363
30.0,7,15,7,365
30.0,7,15,8,366
30.0,7,15,9,368
30.0,7,15,10,370
30.0,7,15,11,371
30.0,7,15,12,373
30.0,7,15,13,375
30.0,7,15,14,376
30.0,7,15,15,378
30.0,8,0,0,330
30.0,8,0,1,331
30.0,8,0,2,333
30.0,8,0,3,334
30.0,8,0,4,336
30.0,8,0,5,338
30.0,8,0,6,339
30.0,8,0,7,341
30.0,8,0,8,342
30.0,8,0,9,344
30.0,8,0,10,345
30.0,8,0,11,347
30.0,8,0,12,348
30.0,8,0,13,350
30.0,8,0,14,351
30.0,8,0,15,353
30.0,8,1,0,332
30.0,8,1,1,333
30.0,8,1,2,335
30.0,8,1,3,336
30.0,8,1,4,338
30.0,8,1,5,340
30.0,8,1,6,341
30.0,8,1,7,343
30.0,8,1,8,344
30.0,8,1,9,346
30.0,8,1,10,347
30.0,8,1,11,349
30.0,8,1,12,351
30.0,8,1,13,352
30.0,8,1,14,354
30.0,8,1,15,355
30.0,8,2,0,334
30.0,8,2,1,335
30.0,8,2,2,337
30.0,8,2,3,338
30.0,8,2,4,340
30.0,8,2,5,342
30.0,8,2,6,343
30.0,8,2,7,345
30.0,8,2,8,346
30.0,8,2,9,348
30.0,8,2,10,349
30.0,8,2,11,351
30.0,8,2,12,353
30.0,8,2,13,354
30.0,8,2,14,356
30.0,8,2,15,357
30.0,8,3,0,335
30.0,8,3,1,337
30.0,8,3,2,339
30.0,8,3,3,340
30.0,8,3,4,342
30.0,8,3,5,344
30.0,8,3,6,345
30.0,8,3,7,347
30.0,8,3,8,348
30.0,8,3,9,350
30.0,8,3,10,352
30.0,8,3,11,353
30.0,8,3,12,355
30.0,8,3,13,356
30.0,8,3,14,358
30.0,8,3,15,359
30.0,8,4,0,337
30.0,8,4,1,339
30.0,8,4,2,341
30.0,8,4,3,342
30.0,8,4,4,344
30.0,8,4,5,346
30.0,8,4,6,347
30.0,8,4,7,349
30.0,8,4,8,350
30.0,8,4,9,352
30.0,8,4,10,354
30.0,8,4,11,355
30.0,8,4,12,357
30.0,8,4,13,358
30.0,8,4,14,360
30.0,8,4,15,361
30.0,8,5,0,339
30.0,8,5,1,341
30.0,8,5,2,343
30.0,8,5,3,344
30.0,8,5,4,346
30.0,8,5,5,348
30.0,8,5,6,349
30.0,8,5,7,351
30.0,8,5,8,352
30.0,8,5,9,354
30.0,8,5,10,356
30.0,8,5,11,357
30.0,8,5,12,359
30.0,8,5,13,360
30.0,8,5,14,362
30.0,8,5,15,363
30.0,8,6,0,341
30.0,8,6,1,343
30.0,8,6,2,345
30.0,8,6,3,346
30.0,8,6,4,348
30.0,8,6,5,350
30.0,8,6,6,351
30.0,8,6,7,353
30.0,8,6,8,354
30.0,8,6,9,356
30.0,8,6,10,358
30.0,8,6,11,359
30.0,8,6,12,361
30.0,8,6,13,362
30.0,8,6,14,364
30.0,8,6,15,366
30.0,8,7,0,343
30.0,8,7,1,345
30.0,8,7,2,347
30.0,8,7,3,348
30.0,8,7,4,350
30.0,8,7,5,352
30.0,8,7,6,353
30.0,8,7,7,355
30.0,8,7,8,356
30.0,8,7,9,358
30.0,8,7,10,360
30.0,8,7,11,361
30.0,8,7,12,363
30.0,8,7,13,364
30.0,8,7,14,366
30.0,8,7,15,368
30.0,8,8,0,345
30.0,8,8,1,347
30.0,8,8,2,348
30.0,8,8,3,350
30.0,8,8,4,352
30.0,8,8,5,353
30.0,8,8,6,355
30.0,8,8,7,357
30.0,8,8,8,358
30.0,8,8,9,360
30.0,8,8,10,362
30.0,8,8,11,363
30.0,8,8,12,365
30.0,8,8,13,366
30.0,8,8,14,368
30.0,8,8,15,370
30.0,8,9,0,347
30.0,8,9,1,349
30.0,8,9,2,350
30.0,8,9,3,352
30.0,8,9,4,354
30.0,8,9,5,355
30.0,8,9,6,357
30.0,8,9,7,359
30.0,8,9,8,360
30.0,8,9,9,362
30.0,8,9,10,364
30.0,8,9,11,365
30.0,8,9,12,367
30.0,8,9,13,368
30.0,8,9,14,370
30.0,8,9,15,372
30.0,8,10,0,349
30.0,8,10,1,351
30.0,8,10,2,352
30.0,8,10,3,354
30.0,8,10,4,356
30.0,8,10,5,357
30.0,8,10,6,359
30.0,8,10,7,361
30.0,8,10,8,362
30.0,8,10,9,364
30.0,8,10,10,366
30.0,8,10,11,367
30.0,8,10,12,369
30.0,8,10,13,370
30.0,8,10,14,372
30.0,8,10,15,374
30.0,8,11,0,351
30.0,8,11,1,352
30.0,8,11,2,354
30.0,8,11,3,356
30.0,8,11,4,358
30.0,8,11,5,359
30.0,8,11,6,361
30.0,8,11,7,363
30.0,8,11,8,364
30.0,8,11,9,366
30.0,8,11,10,368
30.0,8,11,11,369
30.0,8,11,12,371
30.0,8,11,13,372
30.0,8,11,14,374
30.0,8,11,15,376
30.0,8,12,0,353
30.0,8,12,1,354
30.0,8,12,2,356
30.0,8,12,3,358
30.0,8,12,4,359
30.0,8,12,5,361
30.0,8,12,6,363
30.0,8,12,7,365
30.0,8,12,8,366
30.0,8,12,9,368
30.0,8,12,10,370
30.0,8,12,11,371
30.0,8,12,12,373
30.0,8,12,13,374
30.0,8,12,14,376
30.0,8,12,15,378
30.0,8,13,0,354
30.0,8,13,1,356
30.0,8,13,2,358
30.0,8,13,3,360
30.0,8,13,4,361
30.0,8,13,5,363
30.0,8,13,6,365
30.0,8,13,7,366
30.0,8,13,8,368
30.0,8,13,9,370
30.0,8,13,10,371
30.0,8,13,11,373
30.0,8,13,12,375
30.0,8,13,13,376
30.0,8,13,14,378
30.0,8,13,15,380
30.0,8,14,0,356
30.0,8,14,1,358
30.0,8,14,2,360
30.0,8,14,3,362
30.0,8,14,4,363
30.0,8,14,5,365
30.0,8,14,6,367
30.0,8,14,7,368
30.0,8,14,8,370
30.0,8,14,9,372
30.0,8,14,10,373
30.0,8,14,11,375
30.0,8,14,12,377
30.0,8,14,13,378
30.0,8,14,14,380
30.0,8,14,15,382
30.0,8,15,0,358
30.0,8,15,1,360
30.0,8,15,2,362
30.0,8,15,3,363
30.0,8,15,4,365
30.0,8,15,5,367
30.0,8,15,6,369
30.0,8,15,7,370
30.0,8,15,8,372
30.0,8,15,9,374
30.0,8,15,10,375
30.0,8,15,11,377
30.0,8,15,12,379
30.0,8,15,13,380
30.0,8,15,14,382
30.0,8,15,15,384
30.0,9,0,0,334
30.0,9,0,1,336
30.0,9,0,2,338
30.0,9,0,3,339
30.0,9,0,4,341
30.0,9,0,5,343
30.0,9,0,6,344
30.0,9,0,7,346
30.0,9,0,8,347
30.0,9,0,9,349
30.0,9,0,10,351
30.0,9,0,11,352
30.0,9,0,12,354
30.0,9,0,13,355
30.0,9,0,14,357
30.0,9,0,15,358
30.0,9,1,0,336
30.0,9,1,1,338
30.0,9,1,2,340
30.0,9,1,3,341
30.0,9,1,4,343
30.0,9,1,5,345
30.0,9,1,6,346
30.0,9,1,7,348
30.0,9,1,8,349
30.0,9,1,9,351
30.0,9,1,10,353
30.0,9,1,11,354
30.0,9,1,12,356
30.0,9,1,13,357
30.0,9,1,14,359
30.0,9,1,15,360
30.0,9,2,0,338
30.0,9,2,1,340
30.0,9,2,2,342
30.0,9,2,3,343
30.0,9,2,4,345
30.0,9,2,5,347
30.0,9,2,6,348
30.0,9,2,7,350
30.0,9,2,8,352
30.0,9,2,9,353
30.0,9,2,10,355
30.0,9,2,11,356
30.0,9,2,12,358
30.0,9,2,13,359
30.0,9,2,14,361
30.0,9,2,15,363
30.0,9,3,0,340
30.0,9,3,1,342
30.0,9,3,2,344
30.0,9,3,3,345
30.0,9,3,4,347
30.0,9,3,5,349
30.0,9,3,6,350
30.0,9,3,7,352
30.0,9,3,8,354
30.0,9,3,9,355
30.0,9,3,10,357
30.0,9,3,11,358
30.0,9,3,12,360
30.0,9,3,13,362
30.0,9,3,14,363
30.0,9,3,15,365
30.0,9,4,0,342
30.0,9,4,1,344
30.0,9,4,2,346
30.0,9,4,3,347
30.0,9,4,4,349
30.0,9,4,5,351
30.0,9,4,6,352
30.0,9,4,7,354
30.0,9,4,8,356
30.0,9,4,9,357
30.0,9,4,10,359
30.0,9,4,11,360
30.0,9,4,12,362
30.0,9,4,13,364
30.0,9,4,14,365
30.0,9,4,15,367
30.0,9,5,0,344
30.0,9,5,1,346
30.0,9,5,2,348
30.0,9,5,3,349
30.0,9,5,4,351
30.0,9,5,5,353
30.0,9,5,6,354
30.0,9,5,7,356
30.0,9,5,8,358
30.0,9,5,9,359
30.0,9,5,10,361
30.0,9,5,11,363
30.0,9,5,12,364
30.0,9,5,13,366
30.0,9,5,14,367
30.0,9,5,15,369
30.0,9,6,0,346
30.0,9,6,1,348
30.0,9,6,2,350
30.0,9,6,3,351
30.0,9,6,4,353
30.0,9,6,5,355
30.0,9,6,6,356
30.0,9,6,7,358
30.0,9,6,8,360
30.0,9,6,9,361
30.0,9,6,10,363
30.0,9,6,11,365
30.0,9,6,12,366
30.0,9,6,13,368
30.0,9,6,14,369
30.0,9,6,15,371
30.0,9,7,0,348
30.0,9,7,1,350
30.0,9,7,2,352
30.0,9,7,3,353
30.0,9,7,4,355
30.0,9,7,5,357
30.0,9,7,6,358
30.0,9,7,7,360
30.0,9,7,8,362
30.0,9,7,9,363
30.0,9,7,10,365
30.0,9,7,11,367
30.0,9,7,12,368
30.0,9,7,13,370
30.0,9,7,14,371
30.0,9,7,15,373
30.0,9,8,0,350
30.0,9,8,1,352
30.0,9,8,2,354
30.0,9,8,3,355
30.0,9,8,4,357
30.0,9,8,5,359
30.0,9,8,6,360
30.0,9,8,7,362
30.0,9,8,8,364
30.0,9,8,9,365
30.0,9,8,10,367
30.0,9,8,11,369
30.0,9,8,12,370
30.0,9,8,13,372
30.0,9,8,14,374
30.0,9,8,15,375
30.0,9,9,0,352
30.0,9,9,1,354
30.0,9,9,2,356
30.0,9,9,3,357
30.0,9,9,4,359
30.0,9,9,5,361
30.0,9,9,6,362
30.0,9,9,7,364
30.0,9,9,8,366
30.0,9,9,9,367
30.0,9,9,10,369
30.0,9,9,11,371
30.0,9,9,12,372
30.0,9,9,13,374
30.0,9,9,14,376
30.0,9,9,15,377
30.0,9,10,0,354
30.0,9,10,1,356
30.0,9,10,2,358
30.0,9,10,3,359
30.0,9,10,4,361
30.0,9,10,5,363
30.0,9,10,6,364
30.0,9,10,7,366
30.0,9,10,8,368
30.0,9,10,9,369
30.0,9,10,10,371
30.0,9,10,11,373
30.0,9,10,12,374
30.0,9,10,13,376
30.0,9,10,14,378
30.0,9,10,15,379
30.0,9,11,0,356
30.0,9,11,1,358
30.0,9,11,2,359
30.0,9,11,3,361
30.0,9,11,4,363
30.0,9,11,5,365
30.0,9,11,6,366
30.0,9,11,7,368
30.0,9,11,8,370
30.0,9,11,9,371
30.0,9,11,10,373
30.0,9,11,11,375
30.0,9,11,12,376
30.0,9,11,13,378
30.0,9,11,14,380
30.0,9,11,15,381
30.0,9,12,0,358
30.0,9,12,1,360
30.0,9,12,2,361
30.0,9,12,3,363
30.0,9,12,4,365
30.0,9,12,5,367
30.0,9,12,6,368
30.0,9,12,7,370
30.0,9,12,8,372
30.0,9,12,9,373
30.0,9,12,10,375
30.0,9,12,11,377
30.0,9,12,12,378
30.0,9,12,13,380
30.0,9,12,14,382
30.0,9,12,15,383
30.0,9,13,0,360
30.0,9,13,1,362
30.0,9,13,2,363
30.0,9,13,3,365
30.0,9,13,4,367
30.0,9,13,5,368
30.0,9,13,6,370
30.0,9,13,7,372
30.0,9,13,8,374
30.0,9,13,9,375
30.0,9,13,10,377
30.0,9,13,11,379
30.0,9,13,12,380
30.0,9,13,13,382
30.0,9,13,14,384
30.0,9,13,15,385
30.0,9,14,0,362
30.0,9,14,1,363
30.0,9,14,2,365
30.0,9,14,3,367
30.0,9,14,4,369
30.0,9,14,5,370
30.0,9,14,6,372
30.0,9,14,7,374
30.0,9,14,8,376
30.0,9,14,9,377
30.0,9,14,10,379
30.0,9,14,11,381
30.0,9,14,12,382
30.0,9,14,13,384
30.0,9,14,14,386
30.0,9,14,15,387
30.0,9,15,0,363
30.0,9,15,1,365
30.0,9,15,2,367
30.0,9,15,3,369
30.0,9,15,4,371
30.0,9,15,5,372
30.0,9,15,6,374
30.0,9,15,7,376
30.0,9,15,8,377
30.0,9,15,9,379
30.0,9,15,10,381
30.0,9,15,11,383
30.0,9,15,12,384
30.0,9,15,13,386
30.0,9,15,14,388
30.0,9,15,15,389
30.0,10,0,0,339
30.0,10,0,1,341
30.0,10,0,2,343
30.0,10,0,3,344
30.0,10,0,4,346
30.0,10,0,5,348
30.0,10,0,6,349
30.0,10,0,7,351
30.0,10,0,8,352
30.0,10,0,9,354
30.0,10,0,10,356
30.0,10,0,11,357
30.0,10,0,12,359
30.0,10,0,13,360
30.0,10,0,14,362
30.0,10,0,15,364
30.0,10,1,0,341
30.0,10,1,1,343
30.0,10,1,2,345
30.0,10,1,3,346
30.0,10,1,4,348
30.0,10,1,5,350
30.0,10,1,6,351
30.0,10,1,7,353
30.0,10,1,8,355
30.0,10,1,9,356
30.0,10,1,10,358
30.0,10,1,11,359
30.0,10,1,12,361
30.0,10,1,13,363
30.0,10,1,14,364
30.0,10,1,15,366
30.0,10,2,0,343
30.0,10,2,1,345
30.0,10,2,2,347
30.0,10,2,3,348
30.0,10,2,4,350
30.0,10,2,5,352
30.0,10,2,6,353
30.0,10,2,7,355
30.0,10,2,8,357
30.0,10,2,9,358
30.0,10,2,10,360
30.0,10,2,11,362
30.0,10,2,12,363
30.0,10,2,13,365
30.0,10,2,14,366
30.0,10,2,15,368
30.0,10,3,0,345
30.0,10,3,1,347
30.0,10,3,2,349
30.0,10,3,3,351
30.0,10,3,4,352
30.0,10,3,5,354
30.0,10,3,6,356
30.0,10,3,7,357
30.0,10,3,8,359
30.0,10,3,9,360
30.0,10,3,10,362
30.0,10,3,11,364
30.0,10,3,12,365
30.0,10,3,13,367
30.0,10,3,14,368
30.0,10,3,15,370
30.0,10,4,0,347
30.0,10,4,1,349
30.0,10,4,2,351
30.0,10,4,3,353
30.0,10,4,4,354
30.0,10,4,5,356
30.0,10,4,6,358
30.0,10,4,7,359
30.0,10,4,8,361
30.0,10,4,9,363
30.0,10,4,10,364
30.0,10,4,11,366
30.0,10,4,12,367
30.0,10,4,13,369
30.0,10,4,14,371
30.0,10,4,15,372
30.0,10,5,0,349
30.0,10,5,1,351
30.0,10,5,2,353
30.0,10,5,3,355
30.0,10,5,4,356
30.0,10,5,5,358
30.0,10,5,6,360
30.0,10,5,7,361
30.0,10,5,8,363
30.0,10,5,9,365
30.0,10,5,10,366
30.0,10,5,11,368
30.0,10,5,12,370
30.0,10,5,13,371
30.0,10,5,14,373
30.0,10,5,15,374
30.0,10,6,0,351
30.0,10,6,1,353
30.0,10,6,2,355
30.0,10,6,3,357
30.0,10,6,4,358
30.0,10,6,5,360
30.0,10,6,6,362
30.0,10,6,7,363
30.0,10,6,8,365
30.0,10,6,9,367
30.0,10,6,10,368
30.0,10,6,11,370
30.0,10,6,12,372
30.0,10,6,13,373
30.0,10,6,14,375
30.0,10,6,15,376
30.0,10,7,0,353
30.0,10,7,1,355
30.0,10,7,2,357
30.0,10,7,3,359
30.0,10,7,4,360
30.0,10,7,5,362
30.0,10,7,6,364
30.0,10,7,7,365
30.0,10,7,8,367
30.0,10,7,9,369
30.0,10,7,10,370
30.0,10,7,11,372
30.0,10,7,12,374
30.0,10,7,13,375
30.0,10,7,14,377
30.0,10,7,15,379
30.0,10,8,0,355
30.0,10,8,1,357
30.0,10,8,2,359
30.0,10,8,3,361
30.0,10,8,4,362
30.0,10,8,5,364
30.0,10,8,6,366
30.0,10,8,7,367
30.0,10,8,8,369
30.0,10,8,9,371
30.0,10,8,10,372
30.0,10,8,11,374
30.0,10,8,12,376
30.0,10,8,13,377
30.0,10,8,14,379
30.0,10,8,15,381
30.0,10,9,0,357
30.0,10,9,1,359
30.0,10,9,2,361
30.0,10,9,3,363
30.0,10,9,4,364
30.0,10,9,5,366
30.0,10,9,6,368
30.0,10,9,7,369
30.0,10,9,8,371
30.0,10,9,9,373
30.0,10,9,10,374
30.0,10,9,11,376
30.0,10,9,12,378
30.0,10,9,13,379
30.0,10,9,14,381
30.0,10,9,15,383
30.0,10,10,0,359
30.0,10,10,1,361
30.0,10,10,2,363
30.0,10,10,3,365
30.0,10,10,4,366
30.0,10,10,5,368
30.0,10,10,6,370
30.0,10,10,7,371
30.0,10,10,8,373
30.0,10,10,9,375
30.0,10,10,10,377
30.0,10,10,11,378
30.0,10,10,12,380
30.0,10,10,13,382
30.0,10,10,14,383
30.0,10,10,15,385
30.0,10,11,0,361
30.0,10,11,1,363
30.0,10,11,2,365
30.0,10,11,3,367
30.0,10,11,4,368
30.0,10,11,5,370
30.0,10,11,6,372
30.0,10,11,7,373
30.0,10,11,8,375
30.0,10,11,9,377
30.0,10,11,10,379
30.0,10,11,11,380
30.0,10,11,12,382
30.0,10,11,13,384
30.0,10,11,14,385
30.0,10,11,15,387
30.0,10,12,0,363
30.0,10,12,1,365
30.0,10,12,2,367
30.0,10,12,3,368
30.0,10,12,4,370
30.0,10,12,5,372
30.0,10,12,6,374
30.0,10,12,7,375
30.0,10,12,8,377
30.0,10,12,9,379
30.0,10,12,10,381
30.0,10,12,11,382
30.0,10,12,12,384
30.0,10,12,13,386
30.0,10,12,14,387
30.0,10,12,15,389
30.0,10,13,0,365
30.0,10,13,1,367
30.0,10,13,2,369
30.0,10,13,3,370
30.0,10,13,4,372
30.0,10,13,5,374
30.0,10,13,6,376
30.0,10,13,7,377
30.0,10,13,8,379
30.0,10,13,9,381
30.0,10,13,10,383
30.0,10,13,11,384
30.0,10,13,12,386
30.0,10,13,13,388
30.0,10,13,14,389
30.0,10,13,15,391
30.0,10,14,0,367
30.0,10,14,1,369
30.0,10,14,2,371
30.0,10,14,3,372
30.0,10,14,4,374
30.0,10,14,5,376
30.0,10,14,6,378
30.0,10,14,7,379
30.0,10,14,8,381
30.0,10,14,9,383
30.0,10,14,10,385
30.0,10,14,11,386
30.0,10,14,12,388
30.0,10,14,13,390
30.0,10,14,14,391
30.0,10,14,15,393
30.0,10,15,0,369
30.0,10,15,1,371
30.0,10,15,2,372
30.0,10,15,3,374
30.0,10,15,4,376
30.0,10,15,5,378
30.0,10,15,6,380
30.0,10,15,7,381
30.0,10,15,8,383
30.0,10,15,9,385
30.0,10,15,10,387
30.0,10,15,11,388
30.0,10,15,12,390
30.0,10,15,13,392
30.0,10,15,14,393
30.0,10,15,15,395
30.0,11,0,0,344
30.0,11,0,1,346
30.0,11,0,2,348
30.0,11,0,3,349
30.0,11,0,4,351
30.0,11,0,5,353
30.0,11,0,6,354
30.0,11,0,7,356
30.0,11,0,8,358
30.0,11,0,9,359
30.0,11,0,10,361
30.0,11,0,11,362
30.0,11,0,12,364
30.0,11,0,13,366
30.0,11,0,14,367
30.0,11,0,15,369
30.0,11,1,0,346
30.0,11,1,1,348
30.0,11,1,2,350
30.0,11,1,3,351
30.0,11,1,4,353
30.0,11,1,5,355
30.0,11,1,6,356
30.0,11,1,7,358
30.0,11,1,8,360
30.0,11,1,9,361
30.0,11,1,10,363
30.0,11,1,11,365
30.0,11,1,12,366
30.0,11,1,13,368
30.0,11,1,14,369
30.0,11,1,15,371
30.0,11,2,0,348
30.0,11,2,1,350
30.0,11,2,2,352
30.0,11,2,3,354
30.0,11,2,4,355
30.0,11,2,5,357
30.0,11,2,6,359
30.0,11,2,7,360
30.0,11,2,8,362
30.0,11,2,9,364
30.0,11,2,10,365
30.0,11,2,11,367
30.0,11,2,12,368
30.0,11,2,13,370
30.0,11,2,14,372
30.0,11,2,15,373
30.0,11,3,0,351
30.0,11,3,1,352
30.0,11,3,2,354
30.0,11,3,3,356
30.0,11,3,4,357
30.0,11,3,5,359
30.0,11,3,6,361
30.0,11,3,7,362
30.0,11,3,8,364
30.0,11,3,9,366
30.0,11,3,10,367
30.0,11,3,11,369
30.0,11,3,12,371
30.0,11,3,13,372
30.0,11,3,14,374
30.0,11,3,15,375
30.0,11,4,0,353
30.0,11,4,1,354
30.0,11,4,2,356
30.0,11,4,3,358
30.0,11,4,4,359
30.0,11,4,5,361
30.0,11,4,6,363
30.0,11,4,7,364
30.0,11,4,8,366
30.0,11,4,9,368
30.0,11,4,10,369
30.0,11,4,11,371
30.0,11,4,12,373
30.0,11,4,13,374
30.0,11,4,14,376
30.0,11,4,15,378
30.0,11,5,0,355
30.0,11,5,1,356
30.0,11,5,2,358
30.0,11,5,3,360
30.0,11,5,4,361
30.0,11,5,5,363
30.0,11,5,6,365
30.0,11,5,7,367
30.0,11,5,8,368
30.0,11,5,9,370
30.0,11,5,10,372
30.0,11,5,11,373
30.0,11,5,12,375
30.0,11,5,13,377
30.0,11,5,14,378
30.0,11,5,15,380
30.0,11,6,0,357
30.0,11,6,1,358
30.0,11,6,2,360
30.0,11,6,3,362
30.0,11,6,4,364
30.0,11,6,5,365
30.0,11,6,6,367
30.0,11,6,7,369
30.0,11,6,8,370
30.0,11,6,9,372
30.0,11,6,10,374
30.0,11,6,11,375
30.0,11,6,12,377
30.0,11,6,13,379
30.0,11,6,14,380
30.0,11,6,15,382
30.0,11,7,0,359
30.0,11,7,1,360
30.0,11,7,2,362
30.0,11,7,3,364
30.0,11,7,4,366
30.0,11,7,5,367
30.0,11,7,6,369
30.0,11,7,7,371
30.0,11,7,8,372
30.0,11,7,9,374
30.0,11,7,10,376
30.0,11,7,11,377
30.0,11,7,12,379
30.0,11,7,13,381
30.0,11,7,14,382
30.0,11,7,15,384
30.0,11,8,0,361
30.0,11,8,1,362
30.0,11,8,2,364
30.0,11,8,3,366
30.0,11,8,4,368
30.0,11,8,5,369
30.0,11,8,6,371
30.0,11,8,7,373
30.0,11,8,8,374
30.0,11,8,9,376
30.0,11,8,10,378
30.0,11,8,11,380
30.0,11,8,12,381
30.0,11,8,13,383
30.0,11,8,14,385
30.0,11,8,15,386
30.0,11,9,0,363
30.0,11,9,1,364
30.0,11,9,2,366
30.0,11,9,3,368
30.0,11,9,4,370
30.0,11,9,5,371
30.0,11,9,6,373
30.0,11,9,7,375
30.0,11,9,8,377
30.0,11,9,9,378
30.0,11,9,10,380
30.0,11,9,11,382
30.0,11,9,12,383
30.0,11,9,13,385
30.0,11,9,14,387
30.0,11,9,15,388
30.0,11,10,0,365
30.0,11,10,1,366
30.0,11,10,2,368
30.0,11,10,3,370
30.0,11,10,4,372
30.0,11,10,5,373
30.0,11,10,6,375
30.0,11,10,7,377
30.0,11,10,8,379
30.0,11,10,9,380
30.0,11,10,10,382
30.0,11,10,11,384
30.0,11,10,12,385
30.0,11,10,13,387
30.0,11,10,14,389
30.0,11,10,15,390
30.0,11,11,0,366
30.0,11,11,1,368
30.0,11,11,2,370
30.0,11,11,3,372
30.0,11,11,4,374
30.0,11,11,5,375
30.0,11,11,6,377
30.0,11,11,7,379
30.0,11,11,8,381
30.0,11,11,9,382
30.0,11,11,10,384
30.0,11,11,11,386
30.0,11,11,12,387
30.0,11,11,13,389
30.0,11,11,14,391
30.0,11,11,15,393
30.0,11,12,0,368
30.0,11,12,1,370
30.0,11,12,2,372
30.0,11,12,3,374
30.0,11,12,4,376
30.0,11,12,5,377
30.0,11,12,6,379
30.0,11,12,7,381
30.0,11,12,8,383
30.0,11,12,9,384
30.0,11,12,10,386
30.0,11,12,11,388
30.0,11,12,12,390
30.0,11,12,13,391
30.0,11,12,14,393
30.0,11,12,15,395
30.0,11,13,0,370
30.0,11,13,1,372
30.0,11,13,2,374
30.0,11,13,3,376
30.0,11,13,4,378
30.0,11,13,5,379
30.0,11,13,6,381
30.0,11,13,7,383
30.0,11,13,8,385
30.0,11,13,9,386
30.0,11,13,10,388
30.0,11,13,11,390
30.0,11,13,12,392
30.0,11,13,13,393
30.0,11,13,14,395
30.0,11,13,15,397
30.0,11,14,0,372
30.0,11,14,1,374
30.0,11,14,2,376
30.0,11,14,3,378
30.0,11,14,4,380
30.0,11,14,5,381
30.0,11,14,6,383
30.0,11,14,7,385
30.0,11,14,8,387
30.0,11,14,9,388
30.0,11,14,10,390
30.0,11,14,11,392
30.0,11,14,12,394
30.0,11,14,13,395
30.0,11,14,14,397
30.0,11,14,15,399
30.0,11,15,0,374
30.0,11,15,1,376
30.0,11,15,2,378
30.0,11,15,3,380
30.0,11,15,4,381
30.0,11,15,5,383
30.0,11,15,6,385
30.0,11,15,7,387
30.0,11,15,8,389
30.0,11,15,9,390
30.0,11,15,10,392
30.0,11,15,11,394
30.0,11,15,12,396
30.0,11,15,13,397
30.0,11,15,14,399
30.0,11,15,15,401
30.0,12,0,0,349
30.0,12,0,1,351
30.0,12,0,2,353
30.0,12,0,3,354
30.0,12,0,4,356
30.0,12,0,5,358
30.0,12,0,6,359
30.0,12,0,7,361
30.0,12,0,8,363
30.0,12,0,9,364
30.0,12,0,10,366
30.0,12,0,11,368
30.0,12,0,12,369
30.0,12,0,13,371
30.0,12,0,14,372
30.0,12,0,15,374
30.0,12,1,0,351
30.0,12,1,1,353
30.0,12,1,2,355
30.0,12,1,3,356
30.0,12,1,4,358
30.0,12,1,5,360
30.0,12,1,6,362
30.0,12,1,7,363
30.0,12,1,8,365
30.0,12,1,9,367
30.0,12,1,10,368
30.0,12,1,11,370
30.0,12,1,12,371
30.0,12,1,13,373
30.0,12,1,14,375
30.0,12,1,15,376
30.0,12,2,0,353
30.0,12,2,1,355
30.0,12,2,2,357
30.0,12,2,3,359
30.0,12,2,4,360
30.0,12,2,5,362
30.0,12,2,6,364
30.0,12,2,7,365
30.0,12,2,8,367
30.0,12,2,9,369
30.0,12,2,10,370
30.0,12,2,11,372
30.0,12,2,12,374
30.0,12,2,13,375
30.0,12,2,14,377
30.0,12,2,15,379
30.0,12,3,0,356
30.0,12,3,1,357
30.0,12,3,2,359
30.0,12,3,3,361
30.0,12,3,4,362
30.0,12,3,5,364
30.0,12,3,6,366
30.0,12,3,7,368
30.0,12,3,8,369
30.0,12,3,9,371
30.0,12,3,10,373
30.0,12,3,11,374
30.0,12,3,12,376
30.0,12,3,13,378
30.0,12,3,14,379
30.0,12,3,15,381
30.0,12,4,0,358
30.0,12,4,1,359
30.0,12,4,2,361
30.0,12,4,3,363
30.0,12,4,4,365
30.0,12,4,5,366
30.0,12,4,6,368
30.0,12,4,7,370
30.0,12,4,8,371
30.0,12,4,9,373
30.0,12,4,10,375
30.0,12,4,11,376
30.0,12,4,12,378
30.0,12,4,13,380
30.0,12,4,14,381
30.0,12,4,15,383
30.0,12,5,0,360
30.0,12,5,1,361
30.0,12,5,2,363
30.0,12,5,3,365
30.0,12,5,4,367
30.0,12,5,5,368
30.0,12,5,6,370
30.0,12,5,7,372
30.0,12,5,8,373
30.0,12,5,9,375
30.0,12,5,10,377
30.0,12,5,11,379
30.0,12,5,12,380
30.0,12,5,13,382
30.0,12,5,14,384
30.0,12,5,15,385
30.0,12,6,0,362
30.0,12,6,1,363
30.0,12,6,2,365
30.0,12,6,3,367
30.0,12,6,4,369
30.0,12,6,5,370
30.0,12,6,6,372
30.0,12,6,7,374
30.0,12,6,8,376
30.0,12,6,9,377
30.0,12,6,10,379
30.0,12,6,11,381
30.0,12,6,12,382
30.0,12,6,13,384
30.0,12,6,14,386
30.0,12,6,15,387
30.0,12,7,0,364
30.0,12,7,1,365
30.0,12,7,2,367
30.0,12,7,3,369
30.0,12,7,4,371
30.0,12,7,5,373
30.0,12,7,6,374
30.0,12,7,7,376
30.0,12,7,8,378
30.0,12,7,9,379
30.0,12,7,10,381
30.0,12,7,11,383
30.0,12,7,12,385
30.0,12,7,13,386
30.0,12,7,14,388
30.0,12,7,15,390
30.0,12,8,0,366
30.0,12,8,1,368
30.0,12,8,2,369
30.0,12,8,3,371
30.0,12,8,4,373
30.0,12,8,5,375
30.0,12,8,6,376
30.0,12,8,7,378
30.0,12,8,8,380
30.0,12,8,9,382
30.0,12,8,10,383
30.0,12,8,11,385
30.0,12,8,12,387
30.0,12,8,13,388
30.0,12,8,14,390
30.0,12,8,15,392
30.0,12,9,0,368
30.0,12,9,1,370
30.0,12,9,2,371
30.0,12,9,3,373
30.0,12,9,4,375
30.0,12,9,5,377
30.0,12,9,6,378
30.0,12,9,7,380
30.0,12,9,8,382
30.0,12,9,9,384
30.0,12,9,10,385
30.0,12,9,11,387
30.0,12,9,12,389
30.0,12,9,13,390
30.0,12,9,14,392
30.0,12,9,15,394
30.0,12,10,0,370
30.0,12,10,1,372
30.0,12,10,2,373
30.0,12,10,3,375
30.0,12,10,4,377
30.0,12,10,5,379
30.0,12,10,6,380
30.0,12,10,7,382
30.0,12,10,8,384
30.0,12,10,9,386
30.0,12,10,10,387
30.0,12,10,11,389
30.0,12,10,12,391
30.0,12,10,13,393
30.0,12,10,14,394
30.0,12,10,15,396
30.0,12,11,0,372
30.0,12,11,1,374
30.0,12,11,2,375
30.0,12,11,3,377
30.0,12,11,4,379
30.0,12,11,5,381
30.0,12,11,6,383
30.0,12,11,7,384
30.0,12,11,8,386
30.0,12,11,9,388
30.0,12,11,10,390
30.0,12,11,11,391
30.0,12,11,12,393
30.0,12,11,13,395
30.0,12,11,14,396
30.0,12,11,15,398
30.0,12,12,0,374
30.0,12,12,1,376
30.0,12,12,2,377
30.0,12,12,3,379
30.0,12,12,4,381
30.0,12,12,5,383
30.0,12,12,6,385
30.0,12,12,7,386
30.0,12,12,8,388
30.0,12,12,9,390
30.0,12,12,10,392
30.0,12,12,11,393
30.0,12,12,12,395
30.0,12,12,13,397
30.0,12,12,14,399
30.0,12,12,15,400
30.0,12,13,0,376
30.0,12,13,1,377
30.0,12,13,2,379
30.0,12,13,3,381
30.0,12,13,4,383
30.0,12,13,5,385
30.0,12,13,6,387
30.0,12,13,7,388
30.0,12,13,8,390
30.0,12,13,9,392
30.0,12,13,10,394
30.0,12,13,11,395
30.0,12,13,12,397
30.0,12,13,13,399
30.0,12,13,14,401
30.0,12,13,15,402
30.0,12,14,0,378
30.0,12,14,1,379
30.0,12,14,2,381
30.0,12,14,3,383
30.0,12,14,4,385
30.0,12,14,5,387
30.0,12,14,6,389
30.0,12,14,7,390
30.0,12,14,8,392
30.0,12,14,9,394
30.0,12,14,10,396
30.0,12,14,11,397
30.0,12,14,12,399
30.0,12,14,13,401
30.0,12,14,14,403
30.0,12,14,15,404
30.0,12,15,0,380
30.0,12,15,1,381
30.0,12,15,2,383
30.0,12,15,3,385
30.0,12,15,4,387
30.0,12,15,5,389
30.0,12,15,6,391
30.0,12,15,7,392
30.0,12,15,8,394
30.0,12,15,9,396
30.0,12,15,10,398
30.0,12,15,11,400
30.0,12,15,12,401
30.0,12,15,13,403
30.0,12,15,14,405
30.0,12,15,15,407
30.0,13,0,0,354
30.0,13,0,1,356
30.0,13,0,2,358
30.0,13,0,3,359
30.0,13,0,4,361
30.0,13,0,5,363
30.0,13,0,6,364
30.0,13,0,7,366
30.0,13,0,8,368
30.0,13,0,9,369
30.0,13,0,10,371
30.0,13,0,11,373
30.0,13,0,12,374
30.0,13,0,13,376
30.0,13,0,14,378
30.0,13,0,15,379
30.0,13,1,0,356
30.0,13,1,1,358
30.0,13,1,2,360
30.0,13,1,3,362
30.0,13,1,4,363
30.0,13,1,5,365
30.0,13,1,6,367
30.0,13,1,7,368
30.0,13,1,8,370
30.0,13,1,9,372
30.0,13,1,10,373
30.0,13,1,11,375
30.0,13,1,12,377
30.0,13,1,13,378
30.0,13,1,14,380
30.0,13,1,15,382
30.0,13,2,0,358
30.0,13,2,1,360
30.0,13,2,2,362
30.0,13,2,3,364
30.0,13,2,4,365
30.0,13,2,5,367
30.0,13,2,6,369
30.0,13,2,7,371
30.0,13,2,8,372
30.0,13,2,9,374
30.0,13,2,10,376
30.0,13,2,11,377
30.0,13,2,12,379
30.0,13,2,13,381
30.0,13,2,14,382
30.0,13,2,15,384
30.0,13,3,0,361
30.0,13,3,1,362
30.0,13,3,2,364
30.0,13,3,3,366
30.0,13,3,4,368
30.0,13,3,5,369
30.0,13,3,6,371
30.0,13,3,7,373
30.0,13,3,8,374
30.0,13,3,9,376
30.0,13,3,10,378
30.0,13,3,11,380
30.0,13,3,12,381
30.0,13,3,13,383
30.0,13,3,14,385
30.0,13,3,15,386
30.0,13,4,0,363
30.0,13,4,1,364
30.0,13,4,2,366
30.0,13,4,3,368
30.0,13,4,4,370
30.0,13,4,5,371
30.0,13,4,6,373
30.0,13,4,7,375
30.0,13,4,8,377
30.0,13,4,9,378
30.0,13,4,10,380
30.0,13,4,11,382
30.0,13,4,12,383
30.0,13,4,13,385
30.0,13,4,14,387
30.0,13,4,15,388
30.0,13,5,0,365
30.0,13,5,1,366
30.0,13,5,2,368
30.0,13,5,3,370
30.0,13,5,4,372
30.0,13,5,5,374
30.0,13,5,6,375
30.0,13,5,7,377
30.0,13,5,8,379
30.0,13,5,9,380
30.0,13,5,10,382
30.0,13,5,11,384
30.0,13,5,12,386
30.0,13,5,13,387
30.0,13,5,14,389
30.0,13,5,15,391
30.0,13,6,0,367
30.0,13,6,1,369
30.0,13,6,2,370
30.0,13,6,3,372
30.0,13,6,4,374
30.0,13,6,5,376
30.0,13,6,6,377
30.0,13,6,7,379
30.0,13,6,8,381
30.0,13,6,9,383
30.0,13,6,10,384
30.0,13,6,11,386
30.0,13,6,12,388
30.0,13,6,13,389
30.0,13,6,14,391
30.0,13,6,15,393
30.0,13,7,0,369
30.0,13,7,1,371
30.0,13,7,2,372
30.0,13,7,3,374
30.0,13,7,4,376
30.0,13,7,5,378
30.0,13,7,6,380
30.0,13,7,7,381
30.0,13,7,8,383
30.0,13,7,9,385
30.0,13,7,10,387
30.0,13,7,11,388
30.0,13,7,12,390
30.0,13,7,13,392
30.0,13,7,14,393
30.0,13,7,15,395
30.0,13,8,0,371
30.0,13,8,1,373
30.0,13,8,2,375
30.0,13,8,3,376
30.0,13,8,4,378
30.0,13,8,5,380
30.0,13,8,6,382
30.0,13,8,7,383
30.0,13,8,8,385
30.0,13,8,9,387
30.0,13,8,10,389
30.0,13,8,11,390
30.0,13,8,12,392
30.0,13,8,13,394
30.0,13,8,14,396
30.0,13,8,15,397
30.0,13,9,0,373
30.0,13,9,1,375
30.0,13,9,2,377
30.0,13,9,3,378
30.0,13,9,4,380
30.0,13,9,5,382
30.0,13,9,6,384
30.0,13,9,7,386
30.0,13,9,8,387
30.0,13,9,9,389
30.0,13,9,10,391
30.0,13,9,11,393
30.0,13,9,12,394
30.0,13,9,13,396
30.0,13,9,14,398
30.0,13,9,15,399
30.0,13,10,0,375
30.0,13,10,1,377
30.0,13,10,2,379
30.0,13,10,3,380
30.0,13,10,4,382
30.0,13,10,5,384
30.0,13,10,6,386
30.0,13,10,7,388
30.0,13,10,8,389
30.0,13,10,9,391
30.0,13,10,10,393
30.0,13,10,11,395
30.0,13,10,12,396
30.0,13,10,13,398
30.0,13,10,14,400
30.0,13,10,15,402
30.0,13,11,0,377
30.0,13,11,1,379
30.0,13,11,2,381
30.0,13,11,3,382
30.0,13,11,4,384
30.0,13,11,5,386
30.0,13,11,6,388
30.0,13,11,7,390
30.0,13,11,8,391
30.0,13,11,9,393
30.0,13,11,10,395
30.0,13,11,11,397
30.0,13,11,12,399
30.0,13,11,13,400
30.0,13,11,14,402
30.0,13,11,15,404
30.0,13,12,0,379
30.0,13,12,1,381
30.0,13,12,2,383
30.0,13,12,3,384
30.0,13,12,4,386
30.0,13,12,5,388
30.0,13,12,6,390
30.0,13,12,7,392
30.0,13,12,8,394
30.0,13,12,9,395
30.0,13,12,10,397
30.0,13,12,11,399
30.0,13,12,12,401
30.0,13,12,13,402
30.0,13,12,14,404
30.0,13,12,15,406
30.0,13,13,0,381
30.0,13,13,1,383
30.0,13,13,2,385
30.0,13,13,3,387
30.0,13,13,4,388
30.0,13,13,5,390
30.0,13,13,6,392
30.0,13,13,7,394
30.0,13,13,8,396
30.0,13,13,9,397
30.0,13,13,10,399
30.0,13,13,11,401
30.0,13,13,12,403
30.0,13,13,13,405
30.0,13,13,14,406
30.0,13,13,15,408
30.0,13,14,0,383
30.0,13,14,1,385
30.0,13,14,2,387
30.0,13,14,3,389
30.0,13,14,4,390
30.0,13,14,5,392
30.0,13,14,6,394
30.0,13,14,7,396
30.0,13,14,8,398
30.0,13,14,9,399
30.0,13,14,10,401
30.0,13,14,11,403
30.0,13,14,12,405
30.0,13,14,13,407
30.0,13,14,14,408
30.0,13,14,15,410
30.0,13,15,0,385
30.0,13,15,1,387
30.0,13,15,2,389
30.0,13,15,3,391
30.0,13,15,4,392
30.0,13,15,5,394
30.0,13,15,6,396
30.0,13,15,7,398
30.0,13,15,8,400
30.0,13,15,9,402
30.0,13,15,10,403
30.0,13,15,11,405
30.0,13,15,12,407
30.0,13,15,13,409
30.0,13,15,14,410
30.0,13,15,15,412
30.0,14,0,0,359
30.0,14,0,1,361
30.0,14,0,2,363
30.0,14,0,3,364
30.0,14,0,4,366
30.0,14,0,5,368
30.0,14,0,6,370
30.0,14,0,7,371
30.0,14,0,8,373
30.0,14,0,9,375
30.0,14,0,10,376
30.0,14,0,11,378
30.0,14,0,12,380
30.0,14,0,13,381
30.0,14,0,14,383
30.0,14,0,15,385
30.0,14,1,0,361
30.0,14,1,1,363
30.0,14,1,2,365
30.0,14,1,3,367
30.0,14,1,4,368
30.0,14,1,5,370
30.0,14,1,6,372
30.0,14,1,7,373
30.0,14,1,8,375
30.0,14,1,9,377
30.0,14,1,10,379
30.0,14,1,11,380
30.0,14,1,12,382
30.0,14,1,13,384
30.0,14,1,14,385
30.0,14,1,15,387
30.0,14,2,0,363
30.0,14,2,1,365
30.0,14,2,2,367
30.0,14,2,3,369
30.0,14,2,4,370
30.0,14,2,5,372
30.0,14,2,6,374
30.0,14,2,7,376
30.0,14,2,8,377
30.0,14,2,9,379
30.0,14,2,10,381
30.0,14,2,11,383
30.0,14,2,12,384
30.0,14,2,13,386
30.0,14,2,14,388
30.0,14,2,15,389
30.0,14,3,0,366
30.0,14,3,1,367
30.0,14,3,2,369
30.0,14,3,3,371
30.0,14,3,4,373
30.0,14,3,5,374
30.0,14,3,6,376
30.0,14,3,7,378
30.0,14,3,8,380
30.0,14,3,9,381
30.0,14,3,10,383
30.0,14,3,11,385
30.0,14,3,12,386
30.0,14,3,13,388
30.0,14,3,14,390
30.0,14,3,15,392
30.0,14,4,0,368
30.0,14,4,1,369
30.0,14,4,2,371
30.0,14,4,3,373
30.0,14,4,4,375
30.0,14,4,5,377
30.0,14,4,6,378
30.0,14,4,7,380
30.0,14,4,8,382
30.0,14,4,9,384
30.0,14,4,10,385
30.0,14,4,11,387
30.0,14,4,12,389
30.0,14,4,13,390
30.0,14,4,14,392
30.0,14,4,15,394
30.0,14,5,0,370
30.0,14,5,1,372
30.0,14,5,2,373
30.0,14,5,3,375
30.0,14,5,4,377
30.0,14,5,5,379
30.0,14,5,6,381
30.0,14,5,7,382
30.0,14,5,8,384
30.0,14,5,9,386
30.0,14,5,10,388
30.0,14,5,11,389
30.0,14,5,12,391
30.0,14,5,13,393
30.0,14,5,14,394
30.0,14,5,15,396
30.0,14,6,0,372
30.0,14,6,1,374
30.0,14,6,2,376
30.0,14,6,3,377
30.0,14,6,4,379
30.0,14,6,5,381
30.0,14,6,6,383
30.0,14,6,7,384
30.0,14,6,8,386
30.0,14,6,9,388
30.0,14,6,10,390
30.0,14,6,11,391
30.0,14,6,12,393
30.0,14,6,13,395
30.0,14,6,14,397
30.0,14,6,15,398
30.0,14,7,0,374
30.0,14,7,1,376
30.0,14,7,2,378
30.0,14,7,3,379
30.0,14,7,4,381
30.0,14,7,5,383
30.0,14,7,6,385
30.0,14,7,7,387
30.0,14,7,8,388
30.0,14,7,9,390
30.0,14,7,10,392
30.0,14,7,11,394
30.0,14,7,12,395
30.0,14,7,13,397
30.0,14,7,14,399
30.0,14,7,15,401
30.0,14,8,0,376
30.0,14,8,1,378
30.0,14,8,2,380
30.0,14,8,3,382
30.0,14,8,4,383
30.0,14,8,5,385
30.0,14,8,6,387
30.0,14,8,7,389
30.0,14,8,8,391
30.0,14,8,9,392
30.0,14,8,10,394
30.0,14,8,11,396
30.0,14,8,12,398
30.0,14,8,13,399
30.0,14,8,14,401
30.0,14,8,15,403
30.0,14,9,0,378
30.0,14,9,1,380
30.0,14,9,2,382
30.0,14,9,3,384
30.0,14,9,4,385
30.0,14,9,5,387
30.0,14,9,6,389
30.0,14,9,7,391
30.0,14,9,8,393
30.0,14,9,9,394
30.0,14,9,10,396
30.0,14,9,11,398
30.0,14,9,12,400
30.0,14,9,13,402
30.0,14,9,14,403
30.0,14,9,15,405
30.0,14,10,0,380
30.0,14,10,1,382
30.0,14,10,2,384
30.0,14,10,3,386
30.0,14,10,4,388
30.0,14,10,5,389
30.0,14,10,6,391
30.0,14,10,7,393
30.0,14,10,8,395
30.0,14,10,9,397
30.0,14,10,10,398
30.0,14,10,11,400
30.0,14,10,12,402
30.0,14,10,13,404
30.0,14,10,14,405
30.0,14,10,15,407
30.0,14,11,0,382
30.0,14,11,1,384
30.0,14,11,2,386
30.0,14,11,3,388
30.0,14,11,4,390
30.0,14,11,5,391
30.0,14,11,6,393
30.0,14,11,7,395
30.0,14,11,8,397
30.0,14,11,9,399
30.0,14,11,10,401
30.0,14,11,11,402
30.0,14,11,12,404
30.0,14,11,13,406
30.0,14,11,14,408
30.0,14,11,15,409
30.0,14,12,0,384
30.0,14,12,1,386
30.0,14,12,2,388
30.0,14,12,3,390
30.0,14,12,4,392
30.0,14,12,5,394
30.0,14,12,6,395
30.0,14,12,7,397
30.0,14,12,8,399
30.0,14,12,9,401
30.0,14,12,10,403
30.0,14,12,11,404
30.0,14,12,12,406
30.0,14,12,13,408
30.0,14,12,14,410
30.0,14,12,15,412
30.0,14,13,0,386
30.0,14,13,1,388
30.0,14,13,2,390
30.0,14,13,3,392
30.0,14,13,4,394
30.0,14,13,5,396
30.0,14,13,6,397
30.0,14,13,7,399
30.0,14,13,8,401
30.0,14,13,9,403
30.0,14,13,10,405
30.0,14,13,11,407
30.0,14,13,12,408
30.0,14,13,13,410
30.0,14,13,14,412
30.0,14,13,15,414
30.0,14,14,0,388
30.0,14,14,1,390
30.0,14,14,2,392
30.0,14,14,3,394
30.0,14,14,4,396
30.0,14,14,5,398
30.0,14,14,6,400
30.0,14,14,7,401
30.0,14,14,8,403
30.0,14,14,9,405
30.0,14,14,10,407
30.0,14,14,11,409
30.0,14,14,12,410
30.0,14,14,13,412
30.0,14,14,14,414
30.0,14,14,15,416
30.0,14,15,0,390
30.0,14,15,1,392
30.0,14,15,2,394
30.0,14,15,3,396
30.0,14,15,4,398
30.0,14,15,5,400
30.0,14,15,6,402
30.0,14,15,7,403
30.0,14,15,8,405
30.0,14,15,9,407
30.0,14,15,10,409
30.0,14,15,11,411
30.0,14,15,12,413
30.0,14,15,13,414
30.0,14,15,14,416
30.0,14,15,15,418
30.0,15,0,0,364
30.0,15,0,1,366
30.0,15,0,2,368
30.0,15,0,3,369
30.0,15,0,4,371
30.0,15,0,5,373
30.0,15,0,6,375
30.0,15,0,7,376
30.0,15,0,8,378
30.0,15,0,9,380
30.0,15,0,10,381
30.0,15,0,11,383
30.0,15,0,12,385
30.0,15,0,13,387
30.0,15,0,14,388
30.0,15,0,15,390
30.0,15,1,0,366
30.0,15,1,1,368
30.0,15,1,2,370
30.0,15,1,3,372
30.0,15,1,4,373
30.0,15,1,5,375
30.0,15,1,6,377
30.0,15,1,7,379
30.0,15,1,8,380
30.0,15,1,9,382
30.0,15,1,10,384
30.0,15,1,11,385
30.0,15,1,12,387
30.0,15,1,13,389
30.0,15,1,14,391
30.0,15,1,15,392
30.0,15,2,0,368
30.0,15,2,1,370
30.0,15,2,2,372
30.0,15,2,3,374
30.0,15,2,4,376
30.0,15,2,5,377
30.0,15,2,6,379
30.0,15,2,7,381
30.0,15,2,8,383
30.0,15,2,9,384
30.0,15,2,10,386
30.0,15,2,11,388
30.0,15,2,12,389
30.0,15,2,13,391
30.0,15,2,14,393
30.0,15,2,15,395
30.0,15,3,0,371
30.0,15,3,1,372
30.0,15,3,2,374
30.0,15,3,3,376
30.0,15,3,4,378
30.0,15,3,5,380
30.0,15,3,6,381
30.0,15,3,7,383
30.0,15,3,8,385
30.0,15,3,9,387
30.0,15,3,10,388
30.0,15,3,11,390
30.0,15,3,12,392
30.0,15,3,13,393
30.0,15,3,14,395
30.0,15,3,15,397
30.0,15,4,0,373
30.0,15,4,1,375
30.0,15,4,2,376
30.0,15,4,3,378
30.0,15,4,4,380
30.0,15,4,5,382
30.0,15,4,6,384
30.0,15,4,7,385
30.0,15,4,8,387
30.0,15,4,9,389
30.0,15,4,10,391
30.0,15,4,11,392
30.0,15,4,12,394
30.0,15,4,13,396
30.0,15,4,14,398
30.0,15,4,15,399
30.0,15,5,0,375
30.0,15,5,1,377
30.0,15,5,2,379
30.0,15,5,3,380
30.0,15,5,4,382
30.0,15,5,5,384
30.0,15,5,6,386
30.0,15,5,7,388
30.0,15,5,8,389
30.0,15,5,9,391
30.0,15,5,10,393
30.0,15,5,11,395
30.0,15,5,12,396
30.0,15,5,13,398
30.0,15,5,14,400
30.0,15,5,15,402
30.0,15,6,0,377
30.0,15,6,1,379
30.0,15,6,2,381
30.0,15,6,3,382
30.0,15,6,4,384
30.0,15,6,5,386
30.0,15,6,6,388
30.0,15,6,7,390
30.0,15,6,8,392
30.0,15,6,9,393
30.0,15,6,10,395
30.0,15,6,11,397
30.0,15,6,12,399
30.0,15,6,13,400
30.0,15,6,14,402
30.0,15,6,15,404
30.0,15,7,0,379
30.0,15,7,1,381
30.0,15,7,2,383
30.0,15,7,3,385
30.0,15,7,4,386
30.0,15,7,5,388
30.0,15,7,6,390
30.0,15,7,7,392
30.0,15,7,8,394
30.0,15,7,9,395
30.0,15,7,10,397
30.0,15,7,11,399
30.0,15,7,12,401
30.0,15,7,13,403
30.0,15,7,14,404
30.0,15,7,15,406
30.0,15,8,0,381
30.0,15,8,1,383
30.0,15,8,2,385
30.0,15,8,3,387
30.0,15,8,4,389
30.0,15,8,5,390
30.0,15,8,6,392
30.0,15,8,7,394
30.0,15,8,8,396
30.0,15,8,9,398
30.0,15,8,10,399
30.0,15,8,11,401
30.0,15,8,12,403
30.0,15,8,13,405
30.0,15,8,14,407
30.0,15,8,15,408
30.0,15,9,0,383
30.0,15,9,1,385
30.0,15,9,2,387
30.0,15,9,3,389
30.0,15,9,4,391
30.0,15,9,5,393
30.0,15,9,6,394
30.0,15,9,7,396
30.0,15,9,8,398
30.0,15,9,9,400
30.0,15,9,10,402
30.0,15,9,11,403
30.0,15,9,12,405
30.0,15,9,13,407
30.0,15,9,14,409
30.0,15,9,15,411
30.0,15,10,0,385
30.0,15,10,1,387
30.0,15,10,2,389
30.0,15,10,3,391
30.0,15,10,4,393
30.0,15,10,5,395
30.0,15,10,6,397
30.0,15,10,7,398
30.0,15,10,8,400
30.0,15,10,9,402
30.0,15,10,10,404
30.0,15,10,11,406
30.0,15,10,12,407
30.0,15,10,13,409
30.0,15,10,14,411
30.0,15,10,15,413
30.0,15,11,0,387
30.0,15,11,1,389
30.0,15,11,2,391
30.0,15,11,3,393
30.0,15,11,4,395
30.0,15,11,5,397
30.0,15,11,6,399
30.0,15,11,7,401
30.0,15,11,8,402
30.0,15,11,9,404
30.0,15,11,10,406
30.0,15,11,11,408
30.0,15,11,12,410
30.0,15,11,13,411
30.0,15,11,14,413
30.0,15,11,15,415
30.0,15,12,0,389
30.0,15,12,1,391
30.0,15,12,2,393
30.0,15,12,3,395
30.0,15,12,4,397
30.0,15,12,5,399
30.0,15,12,6,401
30.0,15,12,7,403
30.0,15,12,8,405
30.0,15,12,9,406
30.0,15,12,10,408
30.0,15,12,11,410
30.0,15,12,12,412
30.0,15,12,13,414
30.0,15,12,14,415
30.0,15,12,15,417
30.0,15,13,0,392
30.0,15,13,1,393
30.0,15,13,2,395
30.0,15,13,3,397
30.0,15,13,4,399
30.0,15,13,5,401
30.0,15,13,6,403
30.0,15,13,7,405
30.0,15,13,8,407
30.0,15,13,9,408
30.0,15,13,10,410
30.0,15,13,11,412
30.0,15,13,12,414
30.0,15,13,13,416
30.0,15,13,14,418
30.0,15,13,15,419
30.0,15,14,0,394
30.0,15,14,1,396
30.0,15,14,2,397
30.0,15,14,3,399
30.0,15,14,4,401
30.0,15,14,5,403
30.0,15,14,6,405
30.0,15,14,7,407
30.0,15,14,8,409
30.0,15,14,9,411
30.0,15,14,10,412
30.0,15,14,11,414
30.0,15,14,12,416
30.0,15,14,13,418
30.0,15,14,14,420
30.0,15,14,15,422
30.0,15,15,0,396
30.0,15,15,1,398
30.0,15,15,2,399
30.0,15,15,3,401
30.0,15,15,4,403
30.0,15,15,5,405
30.0,15,15,6,407
30.0,15,15,7,409
30.0,15,15,8,411
30.0,15,15,9,413
30.0,15,15,10,415
30.0,15,15,11,416
30.0,15,15,12,418
30.0,15,15,13,420
30.0,15,15,14,422
30.0,15,15,15,424
30.5,0,0,0,293
30.5,0,0,1,294
30.5,0,0,2,295
30.5,0,0,3,297
30.5,0,0,4,298
30.5,0,0,5,300
30.5,0,0,6,301
30.5,0,0,7,302
30.5,0,0,8,304
30.5,0,0,9,305
30.5,0,0,10,307
30.5,0,0,11,308
30.5,0,0,12,309
30.5,0,0,13,311
30.5,0,0,14,312
30.5,0,0,15,313
30.5,0,1,0,294
30.5,0,1,1,296
30.5,0,1,2,297
30.5,0,1,3,299
30.5,0,1,4,300
30.5,0,1,5,301
30.5,0,1,6,303
30.5,0,1,7,304
30.5,0,1,8,306
30.5,0,1,9,307
30.5,0,1,10,308
30.5,0,1,11,310
30.5,0,1,12,311
30.5,0,1,13,313
30.5,0,1,14,314
30.5,0,1,15,315
30.5,0,2,0,296
30.5,0,2,1,298
30.5,0,2,2,299
30.5,0,2,3,300
30.5,0,2,4,302
30.5,0,2,5,303
30.5,0,2,6,305
30.5,0,2,7,306
30.5,0,2,8,307
30.5,0,2,9,309
30.5,0,2,10,310
30.5,0,2,11,312
30.5,0,2,12,313
30.5,0,2,13,314
30.5,0,2,14,316
30.5,0,2,15,317
30.5,0,3,0,298
30.5,0,3,1,299
30.5,0,3,2,301
30.5,0,3,3,302
30.5,0,3,4,304
30.5,0,3,5,305
30.5,0,3,6,306
30.5,0,3,7,308
30.5,0,3,8,309
30.5,0,3,9,311
30.5,0,3,10,312
30.5,0,3,11,313
30.5,0,3,12,315
30.5,0,3,13,316
30.5,0,3,14,318
30.5,0,3,15,319
30.5,0,4,0,300
30.5,0,4,1,301
30.5,0,4,2,302
30.5,0,4,3,304
30.5,0,4,4,305
30.5,0,4,5,307
30.5,0,4,6,308
30.5,0,4,7,310
30.5,0,4,8,311
30.5,0,4,9,312
30.5,0,4,10,314
30.5,0,4,11,315
30.5,0,4,12,317
30.5,0,4,13,318
30.5,0,4,14,319
30.5,0,4,15,321
30.5,0,5,0,301
30.5,0,5,1,303
30.5,0,5,2,304
30.5,0,5,3,306
30.5,0,5,4,307
30.5,0,5,5,309
30.5,0,5,6,310
30.5,0,5,7,311
30.5,0,5,8,313
30.5,0,5,9,314
30.5,0,5,10,316
30.5,0,5,11,317
30.5,0,5,12,319
30.5,0,5,13,320
30.5,0,5,14,321
30.5,0,5,15,323
30.5,0,6,0,303
30.5,0,6,1,304
30.5,0,6,2,306
30.5,0,6,3,307
30.5,0,6,4,309
30.5,0,6,5,310
30.5,0,6,6,312
30.5,0,6,7,313
30.5,0,6,8,315
30.5,0,6,9,316
30.5,0,6,10,317
30.5,0,6,11,319
30.5,0,6,12,320
30.5,0,6,13,322
30.5,0,6,14,323
30.5,0,6,15,325
30.5,0,7,0,305
30.5,0,7,1,306
30.5,0,7,2,308
30.5,0,7,3,309
30.5,0,7,4,311
30.5,0,7,5,312
30.5,0,7,6,314
30.5,0,7,7,315
30.5,0,7,8,316
30.5,0,7,9,318
30.5,0,7,10,319
30.5,0,7,11,321
30.5,0,7,12,322
30.5,0,7,13,324
30.5,0,7,14,325
30.5,0,7,15,326
30.5,0,8,0,306
30.5,0,8,1,308
30.5,0,8,2,309
30.5,0,8,3,311
30.5,0,8,4,312
30.5,0,8,5,314
30.5,0,8,6,315
30.5,0,8,7,317
30.5,0,8,8,318
30.5,0,8,9,320
30.5,0,8,10,321
30.5,0,8,11,322
30.5,0,8,12,324
30.5,0,8,13,325
30.5,0,8,14,327
30.5,0,8,15,328
30.5,0,9,0,308
30.5,0,9,1,310
30.5,0,9,2,311
30.5,0,9,3,313
30.5,0,9,4,314
30.5,0,9,5,316
30.5,0,9,6,317
30.5,0,9,7,318
30.5,0,9,8,320
30.5,0,9,9,321
30.5,0,9,10,323
30.5,0,9,11,324
30.5,0,9,12,326
30.5,0,9,13,327
30.5,0,9,14,329
30.5,0,9,15,330
30.5,0,10,0,310
30.5,0,10,1,311
30.5,0,10,2,313
30.5,0,10,3,314
30.5,0,10,4,316
30.5,0,10,5,317
30.5,0,10,6,319
30.5,0,10,7,320
30.5,0,10,8,322
30.5,0,10,9,323
30.5,0,10,10,325
30.5,0,10,11,326
30.5,0,10,12,327
30.5,0,10,13,329
30.5,0,10,14,330
30.5,0,10,15,332
30.5,0,11,0,311
30.5,0,11,1,313
30.5,0,11,2,314
30.5,0,11,3,316
30.5,0,11,4,317
30.5,0,11,5,319
30.5,0,11,6,320
30.5,0,11,7,322
30.5,0,11,8,323
30.5,0,11,9,325
30.5,0,11,10,326
30.5,0,11,11,328
30.5,0,11,12,329
30.5,0,11,13,331
30.5,0,11,14,332
30.5,0,11,15,334
30.5,0,12,0,313
30.5,0,12,1,315
30.5,0,12,2,316
30.5,0,12,3,318
30.5,0,12,4,319
30.5,0,12,5,321
30.5,0,12,6,322
30.5,0,12,7,324
30.5,0,12,8,325
30.5,0,12,9,327
30.5,0,12,10,328
30.5,0,12,11,330
30.5,0,12,12,331
30.5,0,12,13,332
30.5,0,12,14,334
30.5,0,12,15,335
30.5,0,13,0,315
30.5,0,13,1,316
30.5,0,13,2,318
30.5,0,13,3,319
30.5,0,13,4,321
30.5,0,13,5,322
30.5,0,13,6,324
30.5,0,13,7,325
30.5,0,13,8,327
30.5,0,13,9,328
30.5,0,13,10,330
30.5,0,13,11,331
30.5,0,13,12,333
30.5,0,13,13,334
30.5,0,13,14,336
30.5,0,13,15,337
30.5,0,14,0,316
30.5,0,14,1,318
30.5,0,14,2,319
30.5,0,14,3,321
30.5,0,14,4,322
30.5,0,14,5,324
30.5,0,14,6,326
30.5,0,14,7,327
30.5,0,14,8,329
30.5,0,14,9,330
30.5,0,14,10,331
30.5,0,14,11,333
30.5,0,14,12,334
30.5,0,14,13,336
30.5,0,14,14,337
30.5,0,14,15,339
30.5,0,15,0,318
30.5,0,15,1,320
30.5,0,15,2,321
30.5,0,15,3,323
30.5,0,15,4,324
30.5,0,15,5,326
30.5,0,15,6,327
30.5,0,15,7,329
30.5,0,15,8,330
30.5,0,15,9,332
30.5,0,15,10,333
30.5,0,15,11,335
30.5,0,15,12,336
30.5,0,15,13,338
30.5,0,15,14,339
30.5,0,15,15,341
30.5,1,0,0,298
30.5,1,0,1,299
30.5,1,0,2,300
30.5,1,0,3,302
30.5,1,0,4,303
30.5,1,0,5,305
30.5,1,0,6,306
30.5,1,0,7,308
30.5,1,0,8,309
30.5,1,0,9,310
30.5,1,0,10,312
30.5,1,0,11,313
30.5,1,0,12,315
30.5,1,0,13,316
30.5,1,0,14,317
30.5,1,0,15,319
30.5,1,1,0,299
30.5,1,1,1,301
30.5,1,1,2,302
30.5,1,1,3,304
30.5,1,1,4,305
30.5,1,1,5,307
30.5,1,1,6,308
30.5,1,1,7,309
30.5,1,1,8,311
30.5,1,1,9,312
30.5,1,1,10,314
30.5,1,1,11,315
30.5,1,1,12,316
30.5,1,1,13,318
30.5,1,1,14,319
30.5,1,1,15,321
30.5,1,2,0,301
30.5,1,2,1,303
30.5,1,2,2,304
30.5,1,2,3,306
30.5,1,2,4,307
30.5,1,2,5,308
30.5,1,2,6,310
30.5,1,2,7,311
30.5,1,2,8,313
30.5,1,2,9,314
30.5,1,2,10,316
30.5,1,2,11,317
30.5,1,2,12,318
30.5,1,2,13,320
30.5,1,2,14,321
30.5,1,2,15,323
30.5,1,3,0,303
30.5,1,3,1,304
30.5,1,3,2,306
30.5,1,3,3,307
30.5,1,3,4,309
30.5,1,3,5,310
30.5,1,3,6,312
30.5,1,3,7,313
30.5,1,3,8,315
30.5,1,3,9,316
30.5,1,3,10,317
30.5,1,3,11,319
30.5,1,3,12,320
30.5,1,3,13,322
30.5,1,3,14,323
30.5,1,3,15,324
30.5,1,4,0,305
30.5,1,4,1,306
30.5,1,4,2,308
30.5,1,4,3,309
30.5,1,4,4,311
30.5,1,4,5,312
30.5,1,4,6,313
30.5,1,4,7,315
30.5,1,4,8,316
30.5,1,4,9,318
30.5,1,4,10,319
30.5,1,4,11,321
30.5,1,4,12,322
30.5,1,4,13,323
30.5,1,4,14,325
30.5,1,4,15,326
30.5,1,5,0,306
30.5,1,5,1,308
30.5,1,5,2,309
30.5,1,5,3,311
30.5,1,5,4,312
30.5,1,5,5,314
30.5,1,5,6,315
30.5,1,5,7,317
30.5,1,5,8,318
30.5,1,5,9,320
30.5,1,5,10,321
30.5,1,5,11,322
30.5,1,5,12,324
30.5,1,5,13,325
30.5,1,5,14,327
30.5,1,5,15,328
30.5,1,6,0,308
30.5,1,6,1,310
30.5,1,6,2,311
30.5,1,6,3,313
30.5,1,6,4,314
30.5,1,6,5,316
30.5,1,6,6,317
30.5,1,6,7,319
30.5,1,6,8,320
30.5,1,6,9,321
30.5,1,6,10,323
30.5,1,6,11,324
30.5,1,6,12,326
30.5,1,6,13,327
30.5,1,6,14,329
30.5,1,6,15,330
30.5,1,7,0,310
30.5,1,7,1,311
30.5,1,7,2,313
30.5,1,7,3,314
30.5,1,7,4,316
30.5,1,7,5,317
30.5,1,7,6,319
30.5,1,7,7,320
30.5,1,7,8,322
30.5,1,7,9,323
30.5,1,7,10,325
30.5,1,7,11,326
30.5,1,7,12,328
30.5,1,7,13,329
30.5,1,7,14,330
30.5,1,7,15,332
30.5,1,8,0,312
30.5,1,8,1,313
30.5,1,8,2,315
30.5,1,8,3,316
30.5,1,8,4,318
30.5,1,8,5,319
30.5,1,8,6,321
30.5,1,8,7,322
30.5,1,8,8,324
30.5,1,8,9,325
30.5,1,8,10,327
30.5,1,8,11,328
30.5,1,8,12,329
30.5,1,8,13,331
30.5,1,8,14,332
30.5,1,8,15,334
30.5,1,9,0,313
30.5,1,9,1,315
30.5,1,9,2,316
30.5,1,9,3,318
30.5,1,9,4,319
30.5,1,9,5,321
30.5,1,9,6,322
30.5,1,9,7,324
30.5,1,9,8,325
30.5,1,9,9,327
30.5,1,9,10,328
30.5,1,9,11,330
30.5,1,9,12,331
30.5,1,9,13,333
30.5,1,9,14,334
30.5,1,9,15,336
30.5,1,10,0,315
30.5,1,10,1,317
30.5,1,10,2,318
30.5,1,10,3,320
30.5,1,10,4,321
30.5,1,10,5,323
30.5,1,10,6,324
30.5,1,10,7,326
30.5,1,10,8,327
30.5,1,10,9,329
30.5,1,10,10,330
30.5,1,10,11,332
30.5,1,10,12,333
30.5,1,10,13,334
30.5,1,10,14,336
30.5,1,10,15,337
30.5,1,11,0,317
30.5,1,11,1,318
30.5,1,11,2,320
30.5,1,11,3,321
30.5,1,11,4,323
30.5,1,11,5,324
30.5,1,11,6,326
30.5,1,11,7,327
30.5,1,11,8,329
30.5,1,11,9,330
30.5,1,11,10,332
30.5,1,11,11,333
30.5,1,11,12,335
30.5,1,11,13,336
30.5,1,11,14,338
30.5,1,11,15,339
30.5,1,12,0,318
30.5,1,12,1,320
30.5,1,12,2,321
30.5,1,12,3,323
30.5,1,12,4,325
30.5,1,12,5,326
30.5,1,12,6,328
30.5,1,12,7,329
30.5,1,12,8,331
30.5,1,12,9,332
30.5,1,12,10,334
30.5,1,12,11,335
30.5,1,12,12,337
30.5,1,12,13,338
30.5,1,12,14,340
30.5,1,12,15,341
30.5,1,13,0,320
30.5,1,13,1,322
30.5,1,13,2,323
30.5,1,13,3,325
30.5,1,13,4,326
30.5,1,13,5,328
30.5,1,13,6,329
30.5,1,13,7,331
30.5,1,13,8,332
30.5,1,13,9,334
30.5,1,13,10,335
30.5,1,13,11,337
30.5,1,13,12,338
30.5,1,13,13,340
30.5,1,13,14,341
30.5,1,13,15,343
30.5,1,14,0,322
30.5,1,14,1,323
30.5,1,14,2,325
30.5,1,14,3,326
30.5,1,14,4,328
30.5,1,14,5,329
30.5,1,14,6,331
30.5,1,14,7,333
30.5,1,14,8,334
30.5,1,14,9,336
30.5,1,14,10,337
30.5,1,14,11,339
30.5,1,14,12,340
30.5,1,14,13,342
30.5,1,14,14,343
30.5,1,14,15,345
30.5,1,15,0,323
30.5,1,15,1,325
30.5,1,15,2,327
30.5,1,15,3,328
30.5,1,15,4,330
30.5,1,15,5,331
30.5,1,15,6,333
30.5,1,15,7,334
30.5,1,15,8,336
30.5,1,15,9,337
30.5,1,15,10,339
30.5,1,15,11,340
30.5,1,15,12,342
30.5,1,15,13,343
30.5,1,15,14,345
30.5,1,15,15,346
30.5,2,0,0,302
30.5,2,0,1,304
30.5,2,0,2,305
30.5,2,0,3,307
30.5,2,0,4,308
30.5,2,0,5,310
30.5,2,0,6,311
30.5,2,0,7,313
30.5,2,0,8,314
30.5,2,0,9,316
30.5,2,0,10,317
30.5,2,0,11,318
30.5,2,0,12,320
30.5,2,0,13,321
30.5,2,0,14,323
30.5,2,0,15,324
30.5,2,1,0,304
30.5,2,1,1,306
30.5,2,1,2,307
30.5,2,1,3,309
30.5,2,1,4,310
30.5,2,1,5,312
30.5,2,1,6,313
30.5,2,1,7,315
30.5,2,1,8,316
30.5,2,1,9,317
30.5,2,1,10,319
30.5,2,1,11,320
30.5,2,1,12,322
30.5,2,1,13,323
30.5,2,1,14,325
30.5,2,1,15,326
30.5,2,2,0,306
30.5,2,2,1,308
30.5,2,2,2,309
30.5,2,2,3,311
30.5,2,2,4,312
30.5,2,2,5,314
30.5,2,2,6,315
30.5,2,2,7,316
30.5,2,2,8,318
30.5,2,2,9,319
30.5,2,2,10,321
30.5,2,2,11,322
30.5,2,2,12,324
30.5,2,2,13,325
30.5,2,2,14,326
30.5,2,2,15,328
30.5,2,3,0,308
30.5,2,3,1,309
30.5,2,3,2,311
30.5,2,3,3,312
30.5,2,3,4,314
30.5,2,3,5,315
30.5,2,3,6,317
30.5,2,3,7,318
30.5,2,3,8,320
30.5,2,3,9,321
30.5,2,3,10,323
30.5,2,3,11,324
30.5,2,3,12,326
30.5,2,3,13,327
30.5,2,3,14,328
30.5,2,3,15,330
30.5,2,4,0,310
30.5,2,4,1,311
30.5,2,4,2,313
30.5,2,4,3,314
30.5,2,4,4,316
30.5,2,4,5,317
30.5,2,4,6,319
30.5,2,4,7,320
30.5,2,4,8,322
30.5,2,4,9,323
30.5,2,4,10,325
30.5,2,4,11,326
30.5,2,4,12,327
30.5,2,4,13,329
30.5,2,4,14,330
30.5,2,4,15,332
30.5,2,5,0,311
30.5,2,5,1,313
30.5,2,5,2,315
30.5,2,5,3,316
30.5,2,5,4,318
30.5,2,5,5,319
30.5,2,5,6,321
30.5,2,5,7,322
30.5,2,5,8,323
30.5,2,5,9,325
30.5,2,5,10,326
30.5,2,5,11,328
30.5,2,5,12,329
30.5,2,5,13,331
30.5,2,5,14,332
30.5,2,5,15,334
30.5,2,6,0,313
30.5,2,6,1,315
30.5,2,6,2,316
30.5,2,6,3,318
30.5,2,6,4,319
30.5,2,6,5,321
30.5,2,6,6,322
30.5,2,6,7,324
30.5,2,6,8,325
30.5,2,6,9,327
30.5,2,6,10,328
30.5,2,6,11,330
30.5,2,6,12,331
30.5,2,6,13,333
30.5,2,6,14,334
30.5,2,6,15,336
30.5,2,7,0,315
30.5,2,7,1,317
30.5,2,7,2,318
30.5,2,7,3,320
30.5,2,7,4,321
30.5,2,7,5,323
30.5,2,7,6,324
30.5,2,7,7,326
30.5,2,7,8,327
30.5,2,7,9,329
30.5,2,7,10,330
30.5,2,7,11,332
30.5,2,7,12,333
30.5,2,7,13,335
30.5,2,7,14,336
30.5,2,7,15,337
30.5,2,8,0,317
30.5,2,8,1,318
30.5,2,8,2,320
30.5,2,8,3,321
30.5,2,8,4,323
30.5,2,8,5,324
30.5,2,8,6,326
30.5,2,8,7,327
30.5,2,8,8,329
30.5,2,8,9,330
30.5,2,8,10,332
30.5,2,8,11,333
30.5,2,8,12,335
30.5,2,8,13,336
30.5,2,8,14,338
30.5,2,8,15,339
30.5,2,9,0,319
30.5,2,9,1,320
30.5,2,9,2,322
30.5,2,9,3,323
30.5,2,9,4,325
30.5,2,9,5,326
30.5,2,9,6,328
30.5,2,9,7,329
30.5,2,9,8,331
30.5,2,9,9,332
30.5,2,9,10,334
30.5,2,9,11,335
30.5,2,9,12,337
30.5,2,9,13,338
30.5,2,9,14,340
30.5,2,9,15,341
30.5,2,10,0,320
30.5,2,10,1,322
30.5,2,10,2,323
30.5,2,10,3,325
30.5,2,10,4,326
30.5,2,10,5,328
30.5,2,10,6,330
30.5,2,10,7,331
30.5,2,10,8,333
30.5,2,10,9,334
30.5,2,10,10,336
30.5,2,10,11,337
30.5,2,10,12,339
30.5,2,10,13,340
30.5,2,10,14,342
30.5,2,10,15,343
30.5,2,11,0,322
30.5,2,11,1,324
30.5,2,11,2,325
30.5,2,11,3,327
30.5,2,11,4,328
30.5,2,11,5,330
30.5,2,11,6,331
30.5,2,11,7,333
30.5,2,11,8,334
30.5,2,11,9,336
30.5,2,11,10,337
30.5,2,11,11,339
30.5,2,11,12,340
30.5,2,11,13,342
30.5,2,11,14,343
30.5,2,11,15,345
30.5,2,12,0,324
30.5,2,12,1,325
30.5,2,12,2,327
30.5,2,12,3,328
30.5,2,12,4,330
30.5,2,12,5,332
30.5,2,12,6,333
30.5,2,12,7,335
30.5,2,12,8,336
30.5,2,12,9,338
30.5,2,12,10,339
30.5,2,12,11,341
30.5,2,12,12,342
30.5,2,12,13,344
30.5,2,12,14,345
30.5,2,12,15,347
30.5,2,13,0,325
30.5,2,13,1,327
30.5,2,13,2,329
30.5,2,13,3,330
30.5,2,13,4,332
30.5,2,13,5,333
30.5,2,13,6,335
30.5,2,13,7,336
30.5,2,13,8,338
30.5,2,13,9,339
30.5,2,13,10,341
30.5,2,13,11,342
30.5,2,13,12,344
30.5,2,13,13,346
30.5,2,13,14,347
30.5,2,13,15,349
30.5,2,14,0,327
30.5,2,14,1,329
30.5,2,14,2,330
30.5,2,14,3,332
30.5,2,14,4,333
30.5,2,14,5,335
30.5,2,14,6,337
30.5,2,14,7,338
30.5,2,14,8,340
30.5,2,14,9,341
30.5,2,14,10,343
30.5,2,14,11,344
30.5,2,14,12,346
30.5,2,14,13,347
30.5,2,14,14,349
30.5,2,14,15,350
30.5,2,15,0,329
30.5,2,15,1,330
30.5,2,15,2,332
30.5,2,15,3,334
30.5,2,15,4,335
30.5,2,15,5,337
30.5,2,15,6,338
30.5,2,15,7,340
30.5,2,15,8,341
30.5,2,15,9,343
30.5,2,15,10,345
30.5,2,15,11,346
30.5,2,15,12,348
30.5,2,15,13,349
30.5,2,15,14,351
30.5,2,15,15,352
30.5,3,0,0,307
30.5,3,0,1,309
30.5,3,0,2,310
30.5,3,0,3,312
30.5,3,0,4,313
30.5,3,0,5,315
30.5,3,0,6,316
30.5,3,0,7,318
30.5,3,0,8,319
30.5,3,0,9,321
30.5,3,0,10,322
30.5,3,0,11,324
30.5,3,0,12,325
30.5,3,0,13,327
30.5,3,0,14,328
30.5,3,0,15,329
30.5,3,1,0,309
30.5,3,1,1,311
30.5,3,1,2,312
30.5,3,1,3,314
30.5,3,1,4,315
30.5,3,1,5,317
30.5,3,1,6,318
30.5,3,1,7,320
30.5,3,1,8,321
30.5,3,1,9,323
30.5,3,1,10,324
30.5,3,1,11,326
30.5,3,1,12,327
30.5,3,1,13,328
30.5,3,1,14,330
30.5,3,1,15,331
30.5,3,2,0,311
30.5,3,2,1,313
30.5,3,2,2,314
30.5,3,2,3,316
30.5,3,2,4,317
30.5,3,2,5,319
30.5,3,2,6,320
30.5,3,2,7,322
30.5,3,2,8,323
30.5,3,2,9,325
30.5,3,2,10,326
30.5,3,2,11,328
30.5,3,2,12,329
30.5,3,2,13,330
30.5,3,2,14,332
30.5,3,2,15,333
30.5,3,3,0,313
30.5,3,3,1,315
30.5,3,3,2,316
30.5,3,3,3,318
30.5,3,3,4,319
30.5,3,3,5,321
30.5,3,3,6,322
30.5,3,3,7,324
30.5,3,3,8,325
30.5,3,3,9,327
30.5,3,3,10,328
30.5,3,3,11,329
30.5,3,3,12,331
30.5,3,3,13,332
30.5,3,3,14,334
30.5,3,3,15,335
30.5,3,4,0,315
30.5,3,4,1,316
30.5,3,4,2,318
30.5,3,4,3,319
30.5,3,4,4,321
30.5,3,4,5,322
30.5,3,4,6,324
30.5,3,4,7,325
30.5,3,4,8,327
30.5,3,4,9,328
30.5,3,4,10,330
30.5,3,4,11,331
30.5,3,4,12,333
30.5,3,4,13,334
30.5,3,4,14,336
30.5,3,4,15,337
30.5,3,5,0,317
30.5,3,5,1,318
30.5,3,5,2,320
30.5,3,5,3,321
30.5,3,5,4,323
30.5,3,5,5,324
30.5,3,5,6,326
30.5,3,5,7,327
30.5,3,5,8,329
30.5,3,5,9,330
30.5,3,5,10,332
30.5,3,5,11,333
30.5,3,5,12,335
30.5,3,5,13,336
30.5,3,5,14,338
30.5,3,5,15,339
30.5,3,6,0,318
30.5,3,6,1,320
30.5,3,6,2,322
30.5,3,6,3,323
30.5,3,6,4,325
30.5,3,6,5,326
30.5,3,6,6,328
30.5,3,6,7,329
30.5,3,6,8,331
30.5,3,6,9,332
30.5,3,6,10,334
30.5,3,6,11,335
30.5,3,6,12,337
30.5,3,6,13,338
30.5,3,6,14,340
30.5,3,6,15,341
30.5,3,7,0,320
30.5,3,7,1,322
30.5,3,7,2,323
30.5,3,7,3,325
30.5,3,7,4,326
30.5,3,7,5,328
30.5,3,7,6,329
30.5,3,7,7,331
30.5,3,7,8,333
30.5,3,7,9,334
30.5,3,7,10,336
30.5,3,7,11,337
30.5,3,7,12,339
30.5,3,7,13,340
30.5,3,7,14,341
30.5,3,7,15,343
30.5,3,8,0,322
30.5,3,8,1,324
30.5,3,8,2,325
30.5,3,8,3,327
30.5,3,8,4,328
30.5,3,8,5,330
30.5,3,8,6,331
30.5,3,8,7,333
30.5,3,8,8,334
30.5,3,8,9,336
30.5,3,8,10,337
30.5,3,8,11,339
30.5,3,8,12,340
30.5,3,8,13,342
30.5,3,8,14,343
30.5,3,8,15,345
30.5,3,9,0,324
30.5,3,9,1,325
30.5,3,9,2,327
30.5,3,9,3,328
30.5,3,9,4,330
30.5,3,9,5,332
30.5,3,9,6,333
30.5,3,9,7,335
30.5,3,9,8,336
30.5,3,9,9,338
30.5,3,9,10,339
30.5,3,9,11,341
30.5,3,9,12,342
30.5,3,9,13,344
30.5,3,9,14,345
30.5,3,9,15,347
30.5,3,10,0,325
30.5,3,10,1,327
30.5,3,10,2,329
30.5,3,10,3,330
30.5,3,10,4,332
30.5,3,10,5,333
30.5,3,10,6,335
30.5,3,10,7,336
30.5,3,10,8,338
30.5,3,10,9,340
30.5,3,10,10,341
30.5,3,10,11,343
30.5,3,10,12,344
30.5,3,10,13,346
30.5,3,10,14,347
30.5,3,10,15,349
30.5,3,11,0,327
30.5,3,11,1,329
30.5,3,11,2,330
30.5,3,11,3,332
30.5,3,11,4,334
30.5,3,11,5,335
30.5,3,11,6,337
30.5,3,11,7,338
30.5,3,11,8,340
30.5,3,11,9,341
30.5,3,11,10,343
30.5,3,11,11,344
30.5,3,11,12,346
30.5,3,11,13,347
30.5,3,11,14,349
30.5,3,11,15,351
30.5,3,12,0,329
30.5,3,12,1,331
30.5,3,12,2,332
30.5,3,12,3,334
30.5,3,12,4,335
30.5,3,12,5,337
30.5,3,12,6,339
30.5,3,12,7,340
30.5,3,12,8,342
30.5,3,12,9,343
30.5,3,12,10,345
30.5,3,12,11,346
30.5,3,12,12,348
30.5,3,12,13,349
30.5,3,12,14,351
30.5,3,12,15,352
30.5,3,13,0,331
30.5,3,13,1,332
30.5,3,13,2,334
30.5,3,13,3,336
30.5,3,13,4,337
30.5,3,13,5,339
30.5,3,13,6,340
30.5,3,13,7,342
30.5,3,13,8,343
30.5,3,13,9,345
30.5,3,13,10,347
30.5,3,13,11,348
30.5,3,13,12,350
30.5,3,13,13,351
30.5,3,13,14,353
30.5,3,13,15,354
30.5,3,14,0,332
30.5,3,14,1,334
30.5,3,14,2,336
30.5,3,14,3,337
30.5,3,14,4,339
30.5,3,14,5,340
30.5,3,14,6,342
30.5,3,14,7,344
30.5,3,14,8,345
30.5,3,14,9,347
30.5,3,14,10,348
30.5,3,14,11,350
30.5,3,14,12,351
30.5,3,14,13,353
30.5,3,14,14,355
30.5,3,14,15,356
30.5,3,15,0,334
30.5,3,15,1,336
30.5,3,15,2,337
30.5,3,15,3,339
30.5,3,15,4,341
30.5,3,15,5,342
30.5,3,15,6,344
30.5,3,15,7,345
30.5,3,15,8,347
30.5,3,15,9,349
30.5,3,15,10,350
30.5,3,15,11,352
30.5,3,15,12,353
30.5,3,15,13,355
30.5,3,15,14,356
30.5,3,15,15,358
30.5,4,0,0,312
30.5,4,0,1,314
30.5,4,0,2,315
30.5,4,0,3,317
30.5,4,0,4,319
30.5,4,0,5,320
30.5,4,0,6,322
30.5,4,0,7,323
30.5,4,0,8,324
30.5,4,0,9,326
30.5,4,0,10,327
30.5,4,0,11,329
30.5,4,0,12,330
30.5,4,0,13,332
30.5,4,0,14,333
30.5,4,0,15,335
30.5,4,1,0,314
30.5,4,1,1,316
30.5,4,1,2,317
30.5,4,1,3,319
30.5,4,1,4,320
30.5,4,1,5,322
30.5,4,1,6,323
30.5,4,1,7,325
30.5,4,1,8,326
30.5,4,1,9,328
30.5,4,1,10,329
30.5,4,1,11,331
30.5,4,1,12,332
30.5,4,1,13,334
30.5,4,1,14,335
30.5,4,1,15,337
30.5,4,2,0,316
30.5,4,2,1,318
30.5,4,2,2,319
30.5,4,2,3,321
30.5,4,2,4,322
30.5,4,2,5,324
30.5,4,2,6,325
30.5,4,2,7,327
30.5,4,2,8,328
30.5,4,2,9,330
30.5,4,2,10,331
30.5,4,2,11,333
30.5,4,2,12,334
30.5,4,2,13,336
30.5,4,2,14,337
30.5,4,2,15,339
30.5,4,3,0,318
30.5,4,3,1,320
30.5,4,3,2,321
30.5,4,3,3,323
30.5,4,3,4,324
30.5,4,3,5,326
30.5,4,3,6,327
30.5,4,3,7,329
30.5,4,3,8,330
30.5,4,3,9,332
30.5,4,3,10,333
30.5,4,3,11,335
30.5,4,3,12,336
30.5,4,3,13,338
30.5,4,3,14,339
30.5,4,3,15,341
30.5,4,4,0,320
30.5,4,4,1,321
30.5,4,4,2,323
30.5,4,4,3,325
30.5,4,4,4,326
30.5,4,4,5,328
30.5,4,4,6,329
30.5,4,4,7,331
30.5,4,4,8,332
30.5,4,4,9,334
30.5,4,4,10,335
30.5,4,4,11,337
30.5,4,4,12,338
30.5,4,4,13,340
30.5,4,4,14,341
30.5,4,4,15,343
30.5,4,5,0,322
30.5,4,5,1,323
30.5,4,5,2,325
30.5,4,5,3,326
30.5,4,5,4,328
30.5,4,5,5,330
30.5,4,5,6,331
30.5,4,5,7,333
30.5,4,5,8,334
30.5,4,5,9,336
30.5,4,5,10,337
30.5,4,5,11,339
30.5,4,5,12,340
30.5,4,5,13,342
30.5,4,5,14,343
30.5,4,5,15,345
30.5,4,6,0,324
30.5,4,6,1,325
30.5,4,6,2,327
30.5,4,6,3,328
30.5,4,6,4,330
30.5,4,6,5,331
30.5,4,6,6,333
30.5,4,6,7,334
30.5,4,6,8,336
30.5,4,6,9,338
30.5,4,6,10,339
30.5,4,6,11,341
30.5,4,6,12,342
30.5,4,6,13,344
30.5,4,6,14,345
30.5,4,6,15,347
30.5,4,7,0,325
30.5,4,7,1,327
30.5,4,7,2,329
30.5,4,7,3,330
30.5,4,7,4,332
30.5,4,7,5,333
30.5,4,7,6,335
30.5,4,7,7,336
30.5,4,7,8,338
30.5,4,7,9,339
30.5,4,7,10,341
30.5,4,7,11,342
30.5,4,7,12,344
30.5,4,7,13,346
30.5,4,7,14,347
30.5,4,7,15,348
30.5,4,8,0,327
30.5,4,8,1,329
30.5,4,8,2,330
30.5,4,8,3,332
30.5,4,8,4,334
30.5,4,8,5,335
30.5,4,8,6,337
30.5,4,8,7,338
30.5,4,8,8,340
30.5,4,8,9,341
30.5,4,8,10,343
30.5,4,8,11,344
30.5,4,8,12,346
30.5,4,8,13,347
30.5,4,8,14,349
30.5,4,8,15,350
30.5,4,9,0,329
30.5,4,9,1,331
30.5,4,9,2,332
30.5,4,9,3,334
30.5,4,9,4,335
30.5,4,9,5,337
30.5,4,9,6,339
30.5,4,9,7,340
30.5,4,9,8,342
30.5,4,9,9,343
30.5,4,9,10,345
30.5,4,9,11,346
30.5,4,9,12,348
30.5,4,9,13,349
30.5,4,9,14,351
30.5,4,9,15,352
30.5,4,10,0,331
30.5,4,10,1,332
30.5,4,10,2,334
30.5,4,10,3,336
30.5,4,10,4,337
30.5,4,10,5,339
30.5,4,10,6,340
30.5,4,10,7,342
30.5,4,10,8,343
30.5,4,10,9,345
30.5,4,10,10,347
30.5,4,10,11,348
30.5,4,10,12,350
30.5,4,10,13,351
30.5,4,10,14,353
30.5,4,10,15,354
30.5,4,11,0,333
30.5,4,11,1,334
30.5,4,11,2,336
30.5,4,11,3,337
30.5,4,11,4,339
30.5,4,11,5,341
30.5,4,11,6,342
30.5,4,11,7,344
30.5,4,11,8,345
30.5,4,11,9,347
30.5,4,11,10,348
30.5,4,11,11,350
30.5,4,11,12,352
30.5,4,11,13,353
30.5,4,11,14,355
30.5,4,11,15,356
30.5,4,12,0,334
30.5,4,12,1,336
30.5,4,12,2,338
30.5,4,12,3,339
30.5,4,12,4,341
30.5,4,12,5,342
30.5,4,12,6,344
30.5,4,12,7,346
30.5,4,12,8,347
30.5,4,12,9,349
30.5,4,12,10,350
30.5,4,12,11,352
30.5,4,12,12,353
30.5,4,12,13,355
30.5,4,12,14,357
30.5,4,12,15,358
30.5,4,13,0,336
30.5,4,13,1,338
30.5,4,13,2,339
30.5,4,13,3,341
30.5,4,13,4,343
30.5,4,13,5,344
30.5,4,13,6,346
30.5,4,13,7,347
30.5,4,13,8,349
30.5,4,13,9,351
30.5,4,13,10,352
30.5,4,13,11,354
30.5,4,13,12,355
30.5,4,13,13,357
30.5,4,13,14,358
30.5,4,13,15,360
30.5,4,14,0,338
30.5,4,14,1,339
30.5,4,14,2,341
30.5,4,14,3,343
30.5,4,14,4,344
30.5,4,14,5,346
30.5,4,14,6,348
30.5,4,14,7,349
30.5,4,14,8,351
30.5,4,14,9,352
30.5,4,14,10,354
30.5,4,14,11,356
30.5,4,14,12,357
30.5,4,14,13,359
30.5,4,14,14,360
30.5,4,14,15,362
30.5,4,15,0,340
30.5,4,15,1,341
30.5,4,15,2,343
30.5,4,15,3,344
30.5,4,15,4,346
30.5,4,15,5,348
30.5,4,15,6,349
30.5,4,15,7,351
30.5,4,15,8,353
30.5,4,15,9,354
30.5,4,15,10,356
30.5,4,15,11,357
30.5,4,15,12,359
30.5,4,15,13,361
30.5,4,15,14,362
30.5,4,15,15,364
30.5,5,0,0,317
30.5,5,0,1,319
30.5,5,0,2,320
30.5,5,0,3,322
30.5,5,0,4,324
30.5,5,0,5,325
30.5,5,0,6,327
30.5,5,0,7,328
30.5,5,0,8,330
30.5,5,0,9,331
30.5,5,0,10,333
30.5,5,0,11,334
30.5,5,0,12,336
30.5,5,0,13,337
30.5,5,0,14,339
30.5,5,0,15,340
30.5,5,1,0,319
30.5,5,1,1,321
30.5,5,1,2,322
30.5,5,1,3,324
30.5,5,1,4,326
30.5,5,1,5,327
30.5,5,1,6,329
30.5,5,1,7,330
30.5,5,1,8,332
30.5,5,1,9,333
30.5,5,1,10,335
30.5,5,1,11,336
30.5,5,1,12,338
30.5,5,1,13,339
30.5,5,1,14,341
30.5,5,1,15,342
30.5,5,2,0,321
30.5,5,2,1,323
30.5,5,2,2,324
30.5,5,2,3,326
30.5,5,2,4,327
30.5,5,2,5,329
30.5,5,2,6,331
30.5,5,2,7,332
30.5,5,2,8,334
30.5,5,2,9,335
30.5,5,2,10,337
30.5,5,2,11,338
30.5,5,2,12,340
30.5,5,2,13,341
30.5,5,2,14,343
30.5,5,2,15,344
30.5,5,3,0,323
30.5,5,3,1,325
30.5,5,3,2,326
30.5,5,3,3,328
30.5,5,3,4,329
30.5,5,3,5,331
30.5,5,3,6,332
30.5,5,3,7,334
30.5,5,3,8,336
30.5,5,3,9,337
30.5,5,3,10,339
30.5,5,3,11,340
30.5,5,3,12,342
30.5,5,3,13,343
30.5,5,3,14,345
30.5,5,3,15,346
30.5,5,4,0,325
30.5,5,4,1,327
30.5,5,4,2,328
30.5,5,4,3,330
30.5,5,4,4,331
30.5,5,4,5,333
30.5,5,4,6,334
30.5,5,4,7,336
30.5,5,4,8,337
30.5,5,4,9,339
30.5,5,4,10,341
30.5,5,4,11,342
30.5,5,4,12,344
30.5,5,4,13,345
30.5,5,4,14,347
30.5,5,4,15,348
30.5,5,5,0,327
30.5,5,5,1,328
30.5,5,5,2,330
30.5,5,5,3,332
30.5,5,5,4,333
30.5,5,5,5,335
30.5,5,5,6,336
30.5,5,5,7,338
30.5,5,5,8,339
30.5,5,5,9,341
30.5,5,5,10,343
30.5,5,5,11,344
30.5,5,5,12,346
30.5,5,5,13,347
30.5,5,5,14,349
30.5,5,5,15,350
30.5,5,6,0,329
30.5,5,6,1,330
30.5,5,6,2,332
30.5,5,6,3,333
30.5,5,6,4,335
30.5,5,6,5,337
30.5,5,6,6,338
30.5,5,6,7,340
30.5,5,6,8,341
30.5,5,6,9,343
30.5,5,6,10,344
30.5,5,6,11,346
30.5,5,6,12,348
30.5,5,6,13,349
30.5,5,6,14,351
30.5,5,6,15,352
30.5,5,7,0,331
30.5,5,7,1,332
30.5,5,7,2,334
30.5,5,7,3,335
30.5,5,7,4,337
30.5,5,7,5,339
30.5,5,7,6,340
30.5,5,7,7,342
30.5,5,7,8,343
30.5,5,7,9,345
30.5,5,7,10,346
30.5,5,7,11,348
30.5,5,7,12,349
30.5,5,7,13,351
30.5,5,7,14,353
30.5,5,7,15,354
30.5,5,8,0,332
30.5,5,8,1,334
30.5,5,8,2,336
30.5,5,8,3,337
30.5,5,8,4,339
30.5,5,8,5,340
30.5,5,8,6,342
30.5,5,8,7,344
30.5,5,8,8,345
30.5,5,8,9,347
30.5,5,8,10,348
30.5,5,8,11,350
30.5,5,8,12,351
30.5,5,8,13,353
30.5,5,8,14,354
30.5,5,8,15,356
30.5,5,9,0,334
30.5,5,9,1,336
30.5,5,9,2,337
30.5,5,9,3,339
30.5,5,9,4,341
30.5,5,9,5,342
30.5,5,9,6,344
30.5,5,9,7,345
30.5,5,9,8,347
30.5,5,9,9,349
30.5,5,9,10,350
30.5,5,9,11,352
30.5,5,9,12,353
30.5,5,9,13,355
30.5,5,9,14,356
30.5,5,9,15,358
30.5,5,10,0,336
30.5,5,10,1,338
30.5,5,10,2,339
30.5,5,10,3,341
30.5,5,10,4,343
30.5,5,10,5,344
30.5,5,10,6,346
30.5,5,10,7,347
30.5,5,10,8,349
30.5,5,10,9,351
30.5,5,10,10,352
30.5,5,10,11,354
30.5,5,10,12,355
30.5,5,10,13,357
30.5,5,10,14,358
30.5,5,10,15,360
30.5,5,11,0,338
30.5,5,11,1,339
30.5,5,11,2,341
30.5,5,11,3,343
30.5,5,11,4,344
30.5,5,11,5,346
30.5,5,11,6,348
30.5,5,11,7,349
30.5,5,11,8,351
30.5,5,11,9,352
30.5,5,11,10,354
30.5,5,11,11,356
30.5,5,11,12,357
30.5,5,11,13,359
30.5,5,11,14,360
30.5,5,11,15,362
30.5,5,12,0,340
30.5,5,12,1,341
30.5,5,12,2,343
30.5,5,12,3,345
30.5,5,12,4,346
30.5,5,12,5,348
30.5,5,12,6,349
30.5,5,12,7,351
30.5,5,12,8,353
30.5,5,12,9,354
30.5,5,12,10,356
30.5,5,12,11,357
30.5,5,12,12,359
30.5,5,12,13,361
30.5,5,12,14,362
30.5,5,12,15,364
30.5,5,13,0,341
30.5,5,13,1,343
30.5,5,13,2,345
30.5,5,13,3,346
30.5,5,13,4,348
30.5,5,13,5,350
30.5,5,13,6,351
30.5,5,13,7,353
30.5,5,13,8,355
30.5,5,13,9,356
30.5,5,13,10,358
30.5,5,13,11,359
30.5,5,13,12,361
30.5,5,13,13,363
30.5,5,13,14,364
30.5,5,13,15,366
30.5,5,14,0,343
30.5,5,14,1,345
30.5,5,14,2,347
30.5,5,14,3,348
30.5,5,14,4,350
30.5,5,14,5,351
30.5,5,14,6,353
30.5,5,14,7,355
30.5,5,14,8,356
30.5,5,14,9,358
30.5,5,14,10,360
30.5,5,14,11,361
30.5,5,14,12,363
30.5,5,14,13,364
30.5,5,14,14,366
30.5,5,14,15,368
30.5,5,15,0,345
30.5,5,15,1,347
30.5,5,15,2,348
30.5,5,15,3,350
30.5,5,15,4,352
30.5,5,15,5,353
30.5,5,15,6,355
30.5,5,15,7,357
30.5,5,15,8,358
30.5,5,15,9,360
30.5,5,15,10,361
30.5,5,15,11,363
30.5,5,15,12,365
30.5,5,15,13,366
30.5,5,15,14,368
30.5,5,15,15,369
30.5,6,0,0,322
30.5,6,0,1,324
30.5,6,0,2,326
30.5,6,0,3,327
30.5,6,0,4,329
30.5,6,0,5,330
30.5,6,0,6,332
30.5,6,0,7,333
30.5,6,0,8,335
30.5,6,0,9,336
30.5,6,0,10,338
30.5,6,0,11,339
30.5,6,0,12,341
30.5,6,0,13,342
30.5,6,0,14,344
30.5,6,0,15,345
30.5,6,1,0,324
30.5,6,1,1,326
30.5,6,1,2,327
30.5,6,1,3,329
30.5,6,1,4,331
30.5,6,1,5,332
30.5,6,1,6,334
30.5,6,1,7,335
30.5,6,1,8,337
30.5,6,1,9,338
30.5,6,1,10,340
30.5,6,1,11,341
30.5,6,1,12,343
30.5,6,1,13,344
30.5,6,1,14,346
30.5,6,1,15,347
30.5,6,2,0,326
30.5,6,2,1,328
30.5,6,2,2,329
30.5,6,2,3,331
30.5,6,2,4,333
30.5,6,2,5,334
30.5,6,2,6,336
30.5,6,2,7,337
30.5,6,2,8,339
30.5,6,2,9,340
30.5,6,2,10,342
30.5,6,2,11,343
30.5,6,2,12,345
30.5,6,2,13,346
30.5,6,2,14,348
30.5,6,2,15,349
30.5,6,3,0,328
30.5,6,3,1,330
30.5,6,3,2,331
30.5,6,3,3,333
30.5,6,3,4,335
30.5,6,3,5,336
30.5,6,3,6,338
30.5,6,3,7,339
30.5,6,3,8,341
30.5,6,3,9,342
30.5,6,3,10,344
30.5,6,3,11,345
30.5,6,3,12,347
30.5,6,3,13,348
30.5,6,3,14,350
30.5,6,3,15,351
30.5,6,4,0,330
30.5,6,4,1,332
30.5,6,4,2,333
30.5,6,4,3,335
30.5,6,4,4,336
30.5,6,4,5,338
30.5,6,4,6,340
30.5,6,4,7,341
30.5,6,4,8,343
30.5,6,4,9,344
30.5,6,4,10,346
30.5,6,4,11,347
30.5,6,4,12,349
30.5,6,4,13,350
30.5,6,4,14,352
30.5,6,4,15,354
30.5,6,5,0,332
30.5,6,5,1,334
30.5,6,5,2,335
30.5,6,5,3,337
30.5,6,5,4,338
30.5,6,5,5,340
30.5,6,5,6,342
30.5,6,5,7,343
30.5,6,5,8,345
30.5,6,5,9,346
30.5,6,5,10,348
30.5,6,5,11,349
30.5,6,5,12,351
30.5,6,5,13,352
30.5,6,5,14,354
30.5,6,5,15,356
30.5,6,6,0,334
30.5,6,6,1,335
30.5,6,6,2,337
30.5,6,6,3,339
30.5,6,6,4,340
30.5,6,6,5,342
30.5,6,6,6,344
30.5,6,6,7,345
30.5,6,6,8,347
30.5,6,6,9,348
30.5,6,6,10,350
30.5,6,6,11,351
30.5,6,6,12,353
30.5,6,6,13,354
30.5,6,6,14,356
30.5,6,6,15,358
30.5,6,7,0,336
30.5,6,7,1,337
30.5,6,7,2,339
30.5,6,7,3,341
30.5,6,7,4,342
30.5,6,7,5,344
30.5,6,7,6,345
30.5,6,7,7,347
30.5,6,7,8,349
30.5,6,7,9,350
30.5,6,7,10,352
30.5,6,7,11,353
30.5,6,7,12,355
30.5,6,7,13,356
30.5,6,7,14,358
30.5,6,7,15,360
30.5,6,8,0,338
30.5,6,8,1,339
30.5,6,8,2,341
30.5,6,8,3,343
30.5,6,8,4,344
30.5,6,8,5,346
30.5,6,8,6,347
30.5,6,8,7,349
30.5,6,8,8,351
30.5,6,8,9,352
30.5,6,8,10,354
30.5,6,8,11,355
30.5,6,8,12,357
30.5,6,8,13,358
30.5,6,8,14,360
30.5,6,8,15,362
30.5,6,9,0,339
30.5,6,9,1,341
30.5,6,9,2,343
30.5,6,9,3,344
30.5,6,9,4,346
30.5,6,9,5,348
30.5,6,9,6,349
30.5,6,9,7,351
30.5,6,9,8,352
30.5,6,9,9,354
30.5,6,9,10,356
30.5,6,9,11,357
30.5,6,9,12,359
30.5,6,9,13,360
30.5,6,9,14,362
30.5,6,9,15,364
30.5,6,10,0,341
30.5,6,10,1,343
30.5,6,10,2,345
30.5,6,10,3,346
30.5,6,10,4,348
30.5,6,10,5,350
30.5,6,10,6,351
30.5,6,10,7,353
30.5,6,10,8,354
30.5,6,10,9,356
30.5,6,10,10,358
30.5,6,10,11,359
30.5,6,10,12,361
30.5,6,10,13,362
30.5,6,10,14,364
30.5,6,10,15,366
30.5,6,11,0,343
30.5,6,11,1,345
30.5,6,11,2,346
30.5,6,11,3,348
30.5,6,11,4,350
30.5,6,11,5,351
30.5,6,11,6,353
30.5,6,11,7,355
30.5,6,11,8,356
30.5,6,11,9,358
30.5,6,11,10,360
30.5,6,11,11,361
30.5,6,11,12,363
30.5,6,11,13,364
30.5,6,11,14,366
30.5,6,11,15,367
30.5,6,12,0,345
30.5,6,12,1,347
30.5,6,12,2,348
30.5,6,12,3,350
30.5,6,12,4,352
30.5,6,12,5,353
30.5,6,12,6,355
30.5,6,12,7,357
30.5,6,12,8,358
30.5,6,12,9,360
30.5,6,12,10,361
30.5,6,12,11,363
30.5,6,12,12,365
30.5,6,12,13,366
30.5,6,12,14,368
30.5,6,12,15,369
30.5,6,13,0,347
30.5,6,13,1,348
30.5,6,13,2,350
30.5,6,13,3,352
30.5,6,13,4,353
30.5,6,13,5,355
30.5,6,13,6,357
30.5,6,13,7,358
30.5,6,13,8,360
30.5,6,13,9,362
30.5,6,13,10,363
30.5,6,13,11,365
30.5,6,13,12,367
30.5,6,13,13,368
30.5,6,13,14,370
30.5,6,13,15,371
30.5,6,14,0,349
30.5,6,14,1,350
30.5,6,14,2,352
30.5,6,14,3,354
30.5,6,14,4,355
30.5,6,14,5,357
30.5,6,14,6,359
30.5,6,14,7,360
30.5,6,14,8,362
30.5,6,14,9,364
30.5,6,14,10,365
30.5,6,14,11,367
30.5,6,14,12,368
30.5,6,14,13,370
30.5,6,14,14,372
30.5,6,14,15,373
30.5,6,15,0,350
30.5,6,15,1,352
30.5,6,15,2,354
30.5,6,15,3,355
30.5,6,15,4,357
30.5,6,15,5,359
30.5,6,15,6,360
30.5,6,15,7,362
30.5,6,15,8,364
30.5,6,15,9,365
30.5,6,15,10,367
30.5,6,15,11,369
30.5,6,15,12,370
30.5,6,15,13,372
30.5,6,15,14,374
30.5,6,15,15,375
30.5,7,0,0,327
30.5,7,0,1,329
30.5,7,0,2,331
30.5,7,0,3,332
30.5,7,0,4,334
30.5,7,0,5,335
30.5,7,0,6,337
30.5,7,0,7,338
30.5,7,0,8,340
30.5,7,0,9,341
30.5,7,0,10,343
30.5,7,0,11,345
30.5,7,0,12,346
30.5,7,0,13,348
30.5,7,0,14,349
30.5,7,0,15,351
30.5,7,1,0,329
30.5,7,1,1,331
30.5,7,1,2,333
30.5,7,1,3,334
30.5,7,1,4,336
30.5,7,1,5,337
30.5,7,1,6,339
30.5,7,1,7,340
30.5,7,1,8,342
30.5,7,1,9,344
30.5,7,1,10,345
30.5,7,1,11,347
30.5,7,1,12,348
30.5,7,1,13,350
30.5,7,1,14,351
30.5,7,1,15,353
30.5,7,2,0,331
30.5,7,2,1,333
30.5,7,2,2,334
30.5,7,2,3,336
30.5,7,2,4,338
30.5,7,2,5,339
30.5,7,2,6,341
30.5,7,2,7,342
30.5,7,2,8,344
30.5,7,2,9,346
30.5,7,2,10,347
30.5,7,2,11,349
30.5,7,2,12,350
30.5,7,2,13,352
30.5,7,2,14,353
30.5,7,2,15,355
30.5,7,3,0,333
30.5,7,3,1,335
30.5,7,3,2,336
30.5,7,3,3,338
30.5,7,3,4,340
30.5,7,3,5,341
30.5,7,3,6,343
30.5,7,3,7,344
30.5,7,3,8,346
30.5,7,3,9,348
30.5,7,3,10,349
30.5,7,3,11,351
30.5,7,3,12,352
30.5,7,3,13,354
30.5,7,3,14,355
30.5,7,3,15,357
30.5,7,4,0,335
30.5,7,4,1,337
30.5,7,4,2,338
30.5,7,4,3,340
30.5,7,4,4,342
30.5,7,4,5,343
30.5,7,4,6,345
30.5,7,4,7,346
30.5,7,4,8,348
30.5,7,4,9,350
30.5,7,4,10,351
30.5,7,4,11,353
30.5,7,4,12,354
30.5,7,4,13,356
30.5,7,4,14,357
30.5,7,4,15,359
30.5,7,5,0,337
30.5,7,5,1,339
30.5,7,5,2,340
30.5,7,5,3,342
30.5,7,5,4,344
30.5,7,5,5,345
30.5,7,5,6,347
30.5,7,5,7,348
30.5,7,5,8,350
30.5,7,5,9,352
30.5,7,5,10,353
30.5,7,5,11,355
30.5,7,5,12,356
30.5,7,5,13,358
30.5,7,5,14,359
30.5,7,5,15,361
30.5,7,6,0,339
30.5,7,6,1,341
30.5,7,6,2,342
30.5,7,6,3,344
30.5,7,6,4,346
30.5,7,6,5,347
30.5,7,6,6,349
30.5,7,6,7,350
30.5,7,6,8,352
30.5,7,6,9,354
30.5,7,6,10,355
30.5,7,6,11,357
30.5,7,6,12,358
30.5,7,6,13,360
30.5,7,6,14,362
30.5,7,6,15,363
30.5,7,7,0,341
30.5,7,7,1,343
30.5,7,7,2,344
30.5,7,7,3,346
30.5,7,7,4,348
30.5,7,7,5,349
30.5,7,7,6,351
30.5,7,7,7,352
30.5,7,7,8,354
30.5,7,7,9,356
30.5,7,7,10,357
30.5,7,7,11,359
30.5,7,7,12,360
30.5,7,7,13,362
30.5,7,7,14,364
30.5,7,7,15,365
30.5,7,8,0,343
30.5,7,8,1,344
30.5,7,8,2,346
30.5,7,8,3,348
30.5,7,8,4,349
30.5,7,8,5,351
30.5,7,8,6,353
30.5,7,8,7,354
30.5,7,8,8,356
30.5,7,8,9,358
30.5,7,8,10,359
30.5,7,8,11,361
30.5,7,8,12,362
30.5,7,8,13,364
30.5,7,8,14,366
30.5,7,8,15,367
30.5,7,9,0,345
30.5,7,9,1,346
30.5,7,9,2,348
30.5,7,9,3,350
30.5,7,9,4,351
30.5,7,9,5,353
30.5,7,9,6,355
30.5,7,9,7,356
30.5,7,9,8,358
30.5,7,9,9,360
30.5,7,9,10,361
30.5,7,9,11,363
30.5,7,9,12,364
30.5,7,9,13,366
30.5,7,9,14,368
30.5,7,9,15,369
30.5,7,10,0,347
30.5,7,10,1,348
30.5,7,10,2,350
30.5,7,10,3,352
30.5,7,10,4,353
30.5,7,10,5,355
30.5,7,10,6,357
30.5,7,10,7,358
30.5,7,10,8,360
30.5,7,10,9,362
30.5,7,10,10,363
30.5,7,10,11,365
30.5,7,10,12,366
30.5,7,10,13,368
30.5,7,10,14,370
30.5,7,10,15,371
30.5,7,11,0,348
30.5,7,11,1,350
30.5,7,11,2,352
30.5,7,11,3,353
30.5,7,11,4,355
30.5,7,11,5,357
30.5,7,11,6,358
30.5,7,11,7,360
30.5,7,11,8,362
30.5,7,11,9,363
30.5,7,11,10,365
30.5,7,11,11,367
30.5,7,11,12,368
30.5,7,11,13,370
30.5,7,11,14,372
30.5,7,11,15,373
30.5,7,12,0,350
30.5,7,12,1,352
30.5,7,12,2,354
30.5,7,12,3,355
30.5,7,12,4,357
30.5,7,12,5,359
30.5,7,12,6,360
30.5,7,12,7,362
30.5,7,12,8,364
30.5,7,12,9,365
30.5,7,12,10,367
30.5,7,12,11,369
30.5,7,12,12,370
30.5,7,12,13,372
30.5,7,12,14,374
30.5,7,12,15,375
30.5,7,13,0,352
30.5,7,13,1,354
30.5,7,13,2,356
30.5,7,13,3,357
30.5,7,13,4,359
30.5,7,13,5,361
30.5,7,13,6,362
30.5,7,13,7,364
30.5,7,13,8,366
30.5,7,13,9,367
30.5,7,13,10,369
30.5,7,13,11,371
30.5,7,13,12,372
30.5,7,13,13,374
30.5,7,13,14,375
30.5,7,13,15,377
30.5,7,14,0,354
30.5,7,14,1,356
30.5,7,14,2,357
30.5,7,14,3,359
30.5,7,14,4,361
30.5,7,14,5,362
30.5,7,14,6,364
30.5,7,14,7,366
30.5,7,14,8,368
30.5,7,14,9,369
30.5,7,14,10,371
30.5,7,14,11,373
30.5,7,14,12,374
30.5,7,14,13,376
30.5,7,14,14,377
30.5,7,14,15,379
30.5,7,15,0,356
30.5,7,15,1,357
30.5,7,15,2,359
30.5,7,15,3,361
30.5,7,15,4,363
30.5,7,15,5,364
30.5,7,15,6,366
30.5,7,15,7,368
30.5,7,15,8,369
30.5,7,15,9,371
30.5,7,15,10,373
30.5,7,15,11,374
30.5,7,15,12,376
30.5,7,15,13,378
30.5,7,15,14,379
30.5,7,15,15,381
30.5,8,0,0,332
30.5,8,0,1,334
30.5,8,0,2,336
30.5,8,0,3,337
30.5,8,0,4,339
30.5,8,0,5,340
30.5,8,0,6,342
30.5,8,0,7,344
30.5,8,0,8,345
30.5,8,0,9,347
30.5,8,0,10,348
30.5,8,0,11,350
30.5,8,0,12,351
30.5,8,0,13,353
30.5,8,0,14,354
30.5,8,0,15,356
30.5,8,1,0,334
30.5,8,1,1,336
30.5,8,1,2,338
30.5,8,1,3,339
30.5,8,1,4,341
30.5,8,1,5,342
30.5,8,1,6,344
30.5,8,1,7,346
30.5,8,1,8,347
30.5,8,1,9,349
30.5,8,1,10,350
30.5,8,1,11,352
30.5,8,1,12,353
30.5,8,1,13,355
30.5,8,1,14,357
30.5,8,1,15,358
30.5,8,2,0,336
30.5,8,2,1,338
30.5,8,2,2,340
30.5,8,2,3,341
30.5,8,2,4,343
30.5,8,2,5,344
30.5,8,2,6,346
30.5,8,2,7,348
30.5,8,2,8,349
30.5,8,2,9,351
30.5,8,2,10,352
30.5,8,2,11,354
30.5,8,2,12,356
30.5,8,2,13,357
30.5,8,2,14,359
30.5,8,2,15,360
30.5,8,3,0,338
30.5,8,3,1,340
30.5,8,3,2,342
30.5,8,3,3,343
30.5,8,3,4,345
30.5,8,3,5,346
30.5,8,3,6,348
30.5,8,3,7,350
30.5,8,3,8,351
30.5,8,3,9,353
30.5,8,3,10,354
30.5,8,3,11,356
30.5,8,3,12,358
30.5,8,3,13,359
30.5,8,3,14,361
30.5,8,3,15,362
30.5,8,4,0,340
30.5,8,4,1,342
30.5,8,4,2,344
30.5,8,4,3,345
30.5,8,4,4,347
30.5,8,4,5,348
30.5,8,4,6,350
30.5,8,4,7,352
30.5,8,4,8,353
30.5,8,4,9,355
30.5,8,4,10,357
30.5,8,4,11,358
30.5,8,4,12,360
30.5,8,4,13,361
30.5,8,4,14,363
30.5,8,4,15,364
30.5,8,5,0,342
30.5,8,5,1,344
30.5,8,5,2,346
30.5,8,5,3,347
30.5,8,5,4,349
30.5,8,5,5,350
30.5,8,5,6,352
30.5,8,5,7,354
30.5,8,5,8,355
30.5,8,5,9,357
30.5,8,5,10,359
30.5,8,5,11,360
30.5,8,5,12,362
30.5,8,5,13,363
30.5,8,5,14,365
30.5,8,5,15,367
30.5,8,6,0,344
30.5,8,6,1,346
30.5,8,6,2,347
30.5,8,6,3,349
30.5,8,6,4,351
30.5,8,6,5,352
30.5,8,6,6,354
30.5,8,6,7,356
30.5,8,6,8,357
30.5,8,6,9,359
30.5,8,6,10,361
30.5,8,6,11,362
30.5,8,6,12,364
30.5,8,6,13,365
30.5,8,6,14,367
30.5,8,6,15,369
30.5,8,7,0,346
30.5,8,7,1,348
30.5,8,7,2,349
30.5,8,7,3,351
30.5,8,7,4,353
30.5,8,7,5,354
30.5,8,7,6,356
30.5,8,7,7,358
30.5,8,7,8,359
30.5,8,7,9,361
30.5,8,7,10,363
30.5,8,7,11,364
30.5,8,7,12,366
30.5,8,7,13,367
30.5,8,7,14,369
30.5,8,7,15,371
30.5,8,8,0,348
30.5,8,8,1,350
30.5,8,8,2,351
30.5,8,8,3,353
30.5,8,8,4,355
30.5,8,8,5,356
30.5,8,8,6,358
30.5,8,8,7,360
30.5,8,8,8,361
30.5,8,8,9,363
30.5,8,8,10,365
30.5,8,8,11,366
30.5,8,8,12,368
30.5,8,8,13,370
30.5,8,8,14,371
30.5,8,8,15,373
30.5,8,9,0,350
30.5,8,9,1,352
30.5,8,9,2,353
30.5,8,9,3,355
30.5,8,9,4,357
30.5,8,9,5,358
30.5,8,9,6,360
30.5,8,9,7,362
30.5,8,9,8,363
30.5,8,9,9,365
30.5,8,9,10,367
30.5,8,9,11,368
30.5,8,9,12,370
30.5,8,9,13,372
30.5,8,9,14,373
30.5,8,9,15,375
30.5,8,10,0,352
30.5,8,10,1,354
30.5,8,10,2,355
30.5,8,10,3,357
30.5,8,10,4,359
30.5,8,10,5,360
30.5,8,10,6,362
30.5,8,10,7,364
30.5,8,10,8,365
30.5,8,10,9,367
30.5,8,10,10,369
30.5,8,10,11,370
30.5,8,10,12,372
30.5,8,10,13,374
30.5,8,10,14,375
30.5,8,10,15,377
30.5,8,11,0,354
30.5,8,11,1,355
30.5,8,11,2,357
30.5,8,11,3,359
30.5,8,11,4,361
30.5,8,11,5,362
30.5,8,11,6,364
30.5,8,11,7,366
30.5,8,11,8,367
30.5,8,11,9,369
30.5,8,11,10,371
30.5,8,11,11,372
30.5,8,11,12,374
30.5,8,11,13,376
30.5,8,11,14,377
30.5,8,11,15,379
30.5,8,12,0,356
30.5,8,12,1,357
30.5,8,12,2,359
30.5,8,12,3,361
30.5,8,12,4,362
30.5,8,12,5,364
30.5,8,12,6,366
30.5,8,12,7,368
30.5,8,12,8,369
30.5,8,12,9,371
30.5,8,12,10,373
30.5,8,12,11,374
30.5,8,12,12,376
30.5,8,12,13,378
30.5,8,12,14,379
30.5,8,12,15,381
30.5,8,13,0,357
30.5,8,13,1,359
30.5,8,13,2,361
30.5,8,13,3,363
30.5,8,13,4,364
30.5,8,13,5,366
30.5,8,13,6,368
30.5,8,13,7,369
30.5,8,13,8,371
30.5,8,13,9,373
30.5,8,13,10,375
30.5,8,13,11,376
30.5,8,13,12,378
30.5,8,13,13,380
30.5,8,13,14,381
30.5,8,13,15,383
30.5,8,14,0,359
30.5,8,14,1,361
30.5,8,14,2,363
30.5,8,14,3,365
30.5,8,14,4,366
30.5,8,14,5,368
30.5,8,14,6,370
30.5,8,14,7,371
30.5,8,14,8,373
30.5,8,14,9,375
30.5,8,14,10,376
30.5,8,14,11,378
30.5,8,14,12,380
30.5,8,14,13,382
30.5,8,14,14,383
30.5,8,14,15,385
30.5,8,15,0,361
30.5,8,15,1,363
30.5,8,15,2,365
30.5,8,15,3,366
30.5,8,15,4,368
30.5,8,15,5,370
30.5,8,15,6,372
30.5,8,15,7,373
30.5,8,15,8,375
30.5,8,15,9,377
30.5,8,15,10,378
30.5,8,15,11,380
30.5,8,15,12,382
30.5,8,15,13,383
30.5,8,15,14,385
30.5,8,15,15,387
30.5,9,0,0,337
30.5,9,0,1,339
30.5,9,0,2,341
30.5,9,0,3,342
30.5,9,0,4,344
30.5,9,0,5,345
30.5,9,0,6,347
30.5,9,0,7,349
30.5,9,0,8,350
30.5,9,0,9,352
30.5,9,0,10,353
30.5,9,0,11,355
30.5,9,0,12,357
30.5,9,0,13,358
30.5,9,0,14,360
30.5,9,0,15,361
30.5,9,1,0,339
30.5,9,1,1,341
30.5,9,1,2,343
30.5,9,1,3,344
30.5,9,1,4,346
30.5,9,1,5,348
30.5,9,1,6,349
30.5,9,1,7,351
30.5,9,1,8,352
30.5,9,1,9,354
30.5,9,1,10,356
30.5,9,1,11,357
30.5,9,1,12,359
30.5,9,1,13,360
30.5,9,1,14,362
30.5,9,1,15,363
30.5,9,2,0,341
30.5,9,2,1,343
30.5,9,2,2,345
30.5,9,2,3,346
30.5,9,2,4,348
30.5,9,2,5,350
30.5,9,2,6,351
30.5,9,2,7,353
30.5,9,2,8,354
30.5,9,2,9,356
30.5,9,2,10,358
30.5,9,2,11,359
30.5,9,2,12,361
30.5,9,2,13,362
30.5,9,2,14,364
30.5,9,2,15,366
30.5,9,3,0,343
30.5,9,3,1,345
30.5,9,3,2,347
30.5,9,3,3,348
30.5,9,3,4,350
30.5,9,3,5,352
30.5,9,3,6,353
30.5,9,3,7,355
30.5,9,3,8,357
30.5,9,3,9,358
30.5,9,3,10,360
30.5,9,3,11,361
30.5,9,3,12,363
30.5,9,3,13,365
30.5,9,3,14,366
30.5,9,3,15,368
30.5,9,4,0,345
30.5,9,4,1,347
30.5,9,4,2,349
30.5,9,4,3,350
30.5,9,4,4,352
30.5,9,4,5,354
30.5,9,4,6,355
30.5,9,4,7,357
30.5,9,4,8,359
30.5,9,4,9,360
30.5,9,4,10,362
30.5,9,4,11,363
30.5,9,4,12,365
30.5,9,4,13,367
30.5,9,4,14,368
30.5,9,4,15,370
30.5,9,5,0,347
30.5,9,5,1,349
30.5,9,5,2,351
30.5,9,5,3,352
30.5,9,5,4,354
30.5,9,5,5,356
30.5,9,5,6,357
30.5,9,5,7,359
30.5,9,5,8,361
30.5,9,5,9,362
30.5,9,5,10,364
30.5,9,5,11,366
30.5,9,5,12,367
30.5,9,5,13,369
30.5,9,5,14,370
30.5,9,5,15,372
30.5,9,6,0,349
30.5,9,6,1,351
30.5,9,6,2,353
30.5,9,6,3,354
30.5,9,6,4,356
30.5,9,6,5,358
30.5,9,6,6,359
30.5,9,6,7,361
30.5,9,6,8,363
30.5,9,6,9,364
30.5,9,6,10,366
30.5,9,6,11,368
30.5,9,6,12,369
30.5,9,6,13,371
30.5,9,6,14,372
30.5,9,6,15,374
30.5,9,7,0,351
30.5,9,7,1,353
30.5,9,7,2,355
30.5,9,7,3,356
30.5,9,7,4,358
30.5,9,7,5,360
30.5,9,7,6,361
30.5,9,7,7,363
30.5,9,7,8,365
30.5,9,7,9,366
30.5,9,7,10,368
30.5,9,7,11,370
30.5,9,7,12,371
30.5,9,7,13,373
30.5,9,7,14,375
30.5,9,7,15,376
30.5,9,8,0,353
30.5,9,8,1,355
30.5,9,8,2,357
30.5,9,8,3,358
30.5,9,8,4,360
30.5,9,8,5,362
30.5,9,8,6,363
30.5,9,8,7,365
30.5,9,8,8,367
30.5,9,8,9,368
30.5,9,8,10,370
30.5,9,8,11,372
30.5,9,8,12,373
30.5,9,8,13,375
30.5,9,8,14,377
30.5,9,8,15,378
30.5,9,9,0,355
30.5,9,9,1,357
30.5,9,9,2,359
30.5,9,9,3,360
30.5,9,9,4,362
30.5,9,9,5,364
30.5,9,9,6,365
30.5,9,9,7,367
30.5,9,9,8,369
30.5,9,9,9,370
30.5,9,9,10,372
30.5,9,9,11,374
30.5,9,9,12,375
30.5,9,9,13,377
30.5,9,9,14,379
30.5,9,9,15,380
30.5,9,10,0,357
30.5,9,10,1,359
30.5,9,10,2,361
30.5,9,10,3,362
30.5,9,10,4,364
30.5,9,10,5,366
30.5,9,10,6,367
30.5,9,10,7,369
30.5,9,10,8,371
30.5,9,10,9,372
30.5,9,10,10,374
30.5,9,10,11,376
30.5,9,10,12,377
30.5,9,10,13,379
30.5,9,10,14,381
30.5,9,10,15,382
30.5,9,11,0,359
30.5,9,11,1,361
30.5,9,11,2,362
30.5,9,11,3,364
30.5,9,11,4,366
30.5,9,11,5,368
30.5,9,11,6,369
30.5,9,11,7,371
30.5,9,11,8,373
30.5,9,11,9,374
30.5,9,11,10,376
30.5,9,11,11,378
30.5,9,11,12,380
30.5,9,11,13,381
30.5,9,11,14,383
30.5,9,11,15,384
30.5,9,12,0,361
30.5,9,12,1,363
30.5,9,12,2,364
30.5,9,12,3,366
30.5,9,12,4,368
30.5,9,12,5,370
30.5,9,12,6,371
30.5,9,12,7,373
30.5,9,12,8,375
30.5,9,12,9,376
30.5,9,12,10,378
30.5,9,12,11,380
30.5,9,12,12,382
30.5,9,12,13,383
30.5,9,12,14,385
30.5,9,12,15,387
30.5,9,13,0,363
30.5,9,13,1,365
30.5,9,13,2,366
30.5,9,13,3,368
30.5,9,13,4,370
30.5,9,13,5,372
30.5,9,13,6,373
30.5,9,13,7,375
30.5,9,13,8,377
30.5,9,13,9,378
30.5,9,13,10,380
30.5,9,13,11,382
30.5,9,13,12,384
30.5,9,13,13,385
30.5,9,13,14,387
30.5,9,13,15,389
30.5,9,14,0,365
30.5,9,14,1,366
30.5,9,14,2,368
30.5,9,14,3,370
30.5,9,14,4,372
30.5,9,14,5,373
30.5,9,14,6,375
30.5,9,14,7,377
30.5,9,14,8,379
30.5,9,14,9,380
30.5,9,14,10,382
30.5,9,14,11,384
30.5,9,14,12,386
30.5,9,14,13,387
30.5,9,14,14,389
30.5,9,14,15,391
30.5,9,15,0,367
30.5,9,15,1,368
30.5,9,15,2,370
30.5,9,15,3,372
30.5,9,15,4,374
30.5,9,15,5,375
30.5,9,15,6,377
30.5,9,15,7,379
30.5,9,15,8,381
30.5,9,15,9,382
30.5,9,15,10,384
30.5,9,15,11,386
30.5,9,15,12,388
30.5,9,15,13,389
30.5,9,15,14,391
30.5,9,15,15,393
30.5,10,0,0,342
30.5,10,0,1,344
30.5,10,0,2,346
30.5,10,0,3,347
30.5,10,0,4,349
30.5,10,0,5,351
30.5,10,0,6,352
30.5,10,0,7,354
30.5,10,0,8,355
30.5,10,0,9,357
30.5,10,0,10,359
30.5,10,0,11,360
30.5,10,0,12,362
30.5,10,0,13,363
30.5,10,0,14,365
30.5,10,0,15,367
30.5,10,1,0,344
30.5,10,1,1,346
30.5,10,1,2,348
30.5,10,1,3,349
30.5,10,1,4,351
30.5,10,1,5,353
30.5,10,1,6,354
30.5,10,1,7,356
30.5,10,1,8,358
30.5,10,1,9,359
30.5,10,1,10,361
30.5,10,1,11,362
30.5,10,1,12,364
30.5,10,1,13,366
30.5,10,1,14,367
30.5,10,1,15,369
30.5,10,2,0,346
30.5,10,2,1,348
30.5,10,2,2,350
30.5,10,2,3,351
30.5,10,2,4,353
30.5,10,2,5,355
30.5,10,2,6,356
30.5,10,2,7,358
30.5,10,2,8,360
30.5,10,2,9,361
30.5,10,2,10,363
30.5,10,2,11,365
30.5,10,2,12,366
30.5,10,2,13,368
30.5,10,2,14,369
30.5,10,2,15,371
30.5,10,3,0,348
30.5,10,3,1,350
30.5,10,3,2,352
30.5,10,3,3,353
30.5,10,3,4,355
30.5,10,3,5,357
30.5,10,3,6,358
30.5,10,3,7,360
30.5,10,3,8,362
30.5,10,3,9,363
30.5,10,3,10,365
30.5,10,3,11,367
30.5,10,3,12,368
30.5,10,3,13,370
30.5,10,3,14,372
30.5,10,3,15,373
30.5,10,4,0,350
30.5,10,4,1,352
30.5,10,4,2,354
30.5,10,4,3,356
30.5,10,4,4,357
30.5,10,4,5,359
30.5,10,4,6,361
30.5,10,4,7,362
30.5,10,4,8,364
30.5,10,4,9,366
30.5,10,4,10,367
30.5,10,4,11,369
30.5,10,4,12,370
30.5,10,4,13,372
30.5,10,4,14,374
30.5,10,4,15,375
30.5,10,5,0,352
30.5,10,5,1,354
30.5,10,5,2,356
30.5,10,5,3,358
30.5,10,5,4,359
30.5,10,5,5,361
30.5,10,5,6,363
30.5,10,5,7,364
30.5,10,5,8,366
30.5,10,5,9,368
30.5,10,5,10,369
30.5,10,5,11,371
30.5,10,5,12,373
30.5,10,5,13,374
30.5,10,5,14,376
30.5,10,5,15,377
30.5,10,6,0,354
30.5,10,6,1,356
30.5,10,6,2,358
30.5,10,6,3,360
30.5,10,6,4,361
30.5,10,6,5,363
30.5,10,6,6,365
30.5,10,6,7,366
30.5,10,6,8,368
30.5,10,6,9,370
30.5,10,6,10,371
30.5,10,6,11,373
30.5,10,6,12,375
30.5,10,6,13,376
30.5,10,6,14,378
30.5,10,6,15,380
30.5,10,7,0,356
30.5,10,7,1,358
30.5,10,7,2,360
30.5,10,7,3,362
30.5,10,7,4,363
30.5,10,7,5,365
30.5,10,7,6,367
30.5,10,7,7,368
30.5,10,7,8,370
30.5,10,7,9,372
30.5,10,7,10,373
30.5,10,7,11,375
30.5,10,7,12,377
30.5,10,7,13,378
30.5,10,7,14,380
30.5,10,7,15,382
30.5,10,8,0,358
30.5,10,8,1,360
30.5,10,8,2,362
30.5,10,8,3,364
30.5,10,8,4,365
30.5,10,8,5,367
30.5,10,8,6,369
30.5,10,8,7,370
30.5,10,8,8,372
30.5,10,8,9,374
30.5,10,8,10,376
30.5,10,8,11,377
30.5,10,8,12,379
30.5,10,8,13,381
30.5,10,8,14,382
30.5,10,8,15,384
30.5,10,9,0,360
30.5,10,9,1,362
30.5,10,9,2,364
30.5,10,9,3,366
30.5,10,9,4,367
30.5,10,9,5,369
30.5,10,9,6,371
30.5,10,9,7,373
30.5,10,9,8,374
30.5,10,9,9,376
30.5,10,9,10,378
30.5,10,9,11,379
30.5,10,9,12,381
30.5,10,9,13,383
30.5,10,9,14,384
30.5,10,9,15,386
30.5,10,10,0,362
30.5,10,10,1,364
30.5,10,10,2,366
30.5,10,10,3,368
30.5,10,10,4,369
30.5,10,10,5,371
30.5,10,10,6,373
30.5,10,10,7,375
30.5,10,10,8,376
30.5,10,10,9,378
30.5,10,10,10,380
30.5,10,10,11,381
30.5,10,10,12,383
30.5,10,10,13,385
30.5,10,10,14,386
30.5,10,10,15,388
30.5,10,11,0,364
30.5,10,11,1,366
30.5,10,11,2,368
30.5,10,11,3,370
30.5,10,11,4,371
30.5,10,11,5,373
30.5,10,11,6,375
30.5,10,11,7,377
30.5,10,11,8,378
30.5,10,11,9,380
30.5,10,11,10,382
30.5,10,11,11,383
30.5,10,11,12,385
30.5,10,11,13,387
30.5,10,11,14,388
30.5,10,11,15,390
30.5,10,12,0,366
30.5,10,12,1,368
30.5,10,12,2,370
30.5,10,12,3,372
30.5,10,12,4,373
30.5,10,12,5,375
30.5,10,12,6,377
30.5,10,12,7,379
30.5,10,12,8,380
30.5,10,12,9,382
30.5,10,12,10,384
30.5,10,12,11,385
30.5,10,12,12,387
30.5,10,12,13,389
30.5,10,12,14,391
30.5,10,12,15,392
30.5,10,13,0,368
30.5,10,13,1,370
30.5,10,13,2,372
30.5,10,13,3,373
30.5,10,13,4,375
30.5,10,13,5,377
30.5,10,13,6,379
30.5,10,13,7,381
30.5,10,13,8,382
30.5,10,13,9,384
30.5,10,13,10,386
30.5,10,13,11,387
30.5,10,13,12,389
30.5,10,13,13,391
30.5,10,13,14,393
30.5,10,13,15,394
30.5,10,14,0,370
30.5,10,14,1,372
30.5,10,14,2,374
30.5,10,14,3,375
30.5,10,14,4,377
30.5,10,14,5,379
30.5,10,14,6,381
30.5,10,14,7,383
30.5,10,14,8,384
30.5,10,14,9,386
30.5,10,14,10,388
30.5,10,14,11,389
30.5,10,14,12,391
30.5,10,14,13,393
30.5,10,14,14,395
30.5,10,14,15,396
30.5,10,15,0,372
30.5,10,15,1,374
30.5,10,15,2,376
30.5,10,15,3,377
30.5,10,15,4,379
30.5,10,15,5,381
30.5,10,15,6,383
30.5,10,15,7,384
30.5,10,15,8,386
30.5,10,15,9,388
30.5,10,15,10,390
30.5,10,15,11,391
30.5,10,15,12,393
30.5,10,15,13,395
30.5,10,15,14,397
30.5,10,15,15,398
30.5,11,0,0,347
30.5,11,0,1,349
30.5,11,0,2,351
30.5,11,0,3,352
30.5,11,0,4,354
30.5,11,0,5,356
30.5,11,0,6,357
30.5,11,0,7,359
30.5,11,0,8,361
30.5,11,0,9,362
30.5,11,0,10,364
30.5,11,0,11,365
30.5,11,0,12,367
30.5,11,0,13,369
30.5,11,0,14,370
30.5,11,0,15,372
30.5,11,1,0,349
30.5,11,1,1,351
30.5,11,1,2,353
30.5,11,1,3,354
30.5,11,1,4,356
30.5,11,1,5,358
30.5,11,1,6,359
30.5,11,1,7,361
30.5,11,1,8,363
30.5,11,1,9,364
30.5,11,1,10,366
30.5,11,1,11,368
30.5,11,1,12,369
30.5,11,1,13,371
30.5,11,1,14,373
30.5,11,1,15,374
30.5,11,2,0,351
30.5,11,2,1,353
30.5,11,2,2,355
30.5,11,2,3,357
30.5,11,2,4,358
30.5,11,2,5,360
30.5,11,2,6,362
30.5,11,2,7,363
30.5,11,2,8,365
30.5,11,2,9,367
30.5,11,2,10,368
30.5,11,2,11,370
30.5,11,2,12,371
30.5,11,2,13,373
30.5,11,2,14,375
30.5,11,2,15,376
30.5,11,3,0,353
30.5,11,3,1,355
30.5,11,3,2,357
30.5,11,3,3,359
30.5,11,3,4,360
30.5,11,3,5,362
30.5,11,3,6,364
30.5,11,3,7,365
30.5,11,3,8,367
30.5,11,3,9,369
30.5,11,3,10,370
30.5,11,3,11,372
30.5,11,3,12,374
30.5,11,3,13,375
30.5,11,3,14,377
30.5,11,3,15,379
30.5,11,4,0,355
30.5,11,4,1,357
30.5,11,4,2,359
30.5,11,4,3,361
30.5,11,4,4,362
30.5,11,4,5,364
30.5,11,4,6,366
30.5,11,4,7,367
30.5,11,4,8,369
30.5,11,4,9,371
30.5,11,4,10,373
30.5,11,4,11,374
30.5,11,4,12,376
30.5,11,4,13,377
30.5,11,4,14,379
30.5,11,4,15,381
30.5,11,5,0,358
30.5,11,5,1,359
30.5,11,5,2,361
30.5,11,5,3,363
30.5,11,5,4,364
30.5,11,5,5,366
30.5,11,5,6,368
30.5,11,5,7,370
30.5,11,5,8,371
30.5,11,5,9,373
30.5,11,5,10,375
30.5,11,5,11,376
30.5,11,5,12,378
30.5,11,5,13,380
30.5,11,5,14,381
30.5,11,5,15,383
30.5,11,6,0,360
30.5,11,6,1,361
30.5,11,6,2,363
30.5,11,6,3,365
30.5,11,6,4,367
30.5,11,6,5,368
30.5,11,6,6,370
30.5,11,6,7,372
30.5,11,6,8,373
30.5,11,6,9,375
30.5,11,6,10,377
30.5,11,6,11,378
30.5,11,6,12,380
30.5,11,6,13,382
30.5,11,6,14,383
30.5,11,6,15,385
30.5,11,7,0,362
30.5,11,7,1,363
30.5,11,7,2,365
30.5,11,7,3,367
30.5,11,7,4,369
30.5,11,7,5,370
30.5,11,7,6,372
30.5,11,7,7,374
30.5,11,7,8,375
30.5,11,7,9,377
30.5,11,7,10,379
30.5,11,7,11,381
30.5,11,7,12,382
30.5,11,7,13,384
30.5,11,7,14,386
30.5,11,7,15,387
30.5,11,8,0,364
30.5,11,8,1,365
30.5,11,8,2,367
30.5,11,8,3,369
30.5,11,8,4,371
30.5,11,8,5,372
30.5,11,8,6,374
30.5,11,8,7,376
30.5,11,8,8,378
30.5,11,8,9,379
30.5,11,8,10,381
30.5,11,8,11,383
30.5,11,8,12,384
30.5,11,8,13,386
30.5,11,8,14,388
30.5,11,8,15,389
30.5,11,9,0,366
30.5,11,9,1,367
30.5,11,9,2,369
30.5,11,9,3,371
30.5,11,9,4,373
30.5,11,9,5,374
30.5,11,9,6,376
30.5,11,9,7,378
30.5,11,9,8,380
30.5,11,9,9,381
30.5,11,9,10,383
30.5,11,9,11,385
30.5,11,9,12,387
30.5,11,9,13,388
30.5,11,9,14,390
30.5,11,9,15,392
30.5,11,10,0,368
30.5,11,10,1,369
30.5,11,10,2,371
30.5,11,10,3,373
30.5,11,10,4,375
30.5,11,10,5,376
30.5,11,10,6,378
30.5,11,10,7,380
30.5,11,10,8,382
30.5,11,10,9,383
30.5,11,10,10,385
30.5,11,10,11,387
30.5,11,10,12,389
30.5,11,10,13,390
30.5,11,10,14,392
30.5,11,10,15,394
30.5,11,11,0,370
30.5,11,11,1,371
30.5,11,11,2,373
30.5,11,11,3,375
30.5,11,11,4,377
30.5,11,11,5,378
30.5,11,11,6,380
30.5,11,11,7,382
30.5,11,11,8,384
30.5,11,11,9,386
30.5,11,11,10,387
30.5,11,11,11,389
30.5,11,11,12,391
30.5,11,11,13,392
30.5,11,11,14,394
30.5,11,11,15,396
30.5,11,12,0,371
30.5,11,12,1,373
30.5,11,12,2,375
30.5,11,12,3,377
30.5,11,12,4,379
30.5,11,12,5,380
30.5,11,12,6,382
30.5,11,12,7,384
30.5,11,12,8,386
30.5,11,12,9,388
30.5,11,12,10,389
30.5,11,12,11,391
30.5,11,12,12,393
30.5,11,12,13,394
30.5,11,12,14,396
30.5,11,12,15,398
30.5,11,13,0,373
30.5,11,13,1,375
30.5,11,13,2,377
30.5,11,13,3,379
30.5,11,13,4,381
30.5,11,13,5,382
30.5,11,13,6,384
30.5,11,13,7,386
30.5,11,13,8,388
30.5,11,13,9,390
30.5,11,13,10,391
30.5,11,13,11,393
30.5,11,13,12,395
30.5,11,13,13,397
30.5,11,13,14,398
30.5,11,13,15,400
30.5,11,14,0,375
30.5,11,14,1,377
30.5,11,14,2,379
30.5,11,14,3,381
30.5,11,14,4,383
30.5,11,14,5,384
30.5,11,14,6,386
30.5,11,14,7,388
30.5,11,14,8,390
30.5,11,14,9,392
30.5,11,14,10,393
30.5,11,14,11,395
30.5,11,14,12,397
30.5,11,14,13,399
30.5,11,14,14,400
30.5,11,14,15,402
30.5,11,15,0,377
30.5,11,15,1,379
30.5,11,15,2,381
30.5,11,15,3,383
30.5,11,15,4,385
30.5,11,15,5,386
30.5,11,15,6,388
30.5,11,15,7,390
30.5,11,15,8,392
30.5,11,15,9,394
30.5,11,15,10,395
30.5,11,15,11,397
30.5,11,15,12,399
30.5,11,15,13,401
30.5,11,15,14,402
30.5,11,15,15,404
30.5,12,0,0,352
30.5,12,0,1,354
30.5,12,0,2,356
30.5,12,0,3,357
30.5,12,0,4,359
30.5,12,0,5,361
30.5,12,0,6,362
30.5,12,0,7,364
30.5,12,0,8,366
30.5,12,0,9,367
30.5,12,0,10,369
30.5,12,0,11,371
30.5,12,0,12,372
30.5,12,0,13,374
30.5,12,0,14,376
30.5,12,0,15,377
30.5,12,1,0,354
30.5,12,1,1,356
30.5,12,1,2,358
30.5,12,1,3,359
30.5,12,1,4,361
30.5,12,1,5,363
30.5,12,1,6,365
30.5,12,1,7,366
30.5,12,1,8,368
30.5,12,1,9,370
30.5,12,1,10,371
30.5,12,1,11,373
30.5,12,1,12,375
30.5,12,1,13,376
30.5,12,1,14,378
30.5,12,1,15,379
30.5,12,2,0,356
30.5,12,2,1,358
30.5,12,2,2,360
30.5,12,2,3,362
30.5,12,2,4,363
30.5,12,2,5,365
30.5,12,2,6,367
30.5,12,2,7,368
30.5,12,2,8,370
30.5,12,2,9,372
30.5,12,2,10,373
30.5,12,2,11,375
30.5,12,2,12,377
30.5,12,2,13,378
30.5,12,2,14,380
30.5,12,2,15,382
30.5,12,3,0,358
30.5,12,3,1,360
30.5,12,3,2,362
30.5,12,3,3,364
30.5,12,3,4,365
30.5,12,3,5,367
30.5,12,3,6,369
30.5,12,3,7,371
30.5,12,3,8,372
30.5,12,3,9,374
30.5,12,3,10,376
30.5,12,3,11,377
30.5,12,3,12,379
30.5,12,3,13,381
30.5,12,3,14,382
30.5,12,3,15,384
30.5,12,4,0,361
30.5,12,4,1,362
30.5,12,4,2,364
30.5,12,4,3,366
30.5,12,4,4,368
30.5,12,4,5,369
30.5,12,4,6,371
30.5,12,4,7,373
30.5,12,4,8,374
30.5,12,4,9,376
30.5,12,4,10,378
30.5,12,4,11,380
30.5,12,4,12,381
30.5,12,4,13,383
30.5,12,4,14,385
30.5,12,4,15,386
30.5,12,5,0,363
30.5,12,5,1,364
30.5,12,5,2,366
30.5,12,5,3,368
30.5,12,5,4,370
30.5,12,5,5,371
30.5,12,5,6,373
30.5,12,5,7,375
30.5,12,5,8,377
30.5,12,5,9,378
30.5,12,5,10,380
30.5,12,5,11,382
30.5,12,5,12,383
30.5,12,5,13,385
30.5,12,5,14,387
30.5,12,5,15,388
30.5,12,6,0,365
30.5,12,6,1,366
30.5,12,6,2,368
30.5,12,6,3,370
30.5,12,6,4,372
30.5,12,6,5,374
30.5,12,6,6,375
30.5,12,6,7,377
30.5,12,6,8,379
30.5,12,6,9,380
30.5,12,6,10,382
30.5,12,6,11,384
30.5,12,6,12,386
30.5,12,6,13,387
30.5,12,6,14,389
30.5,12,6,15,391
30.5,12,7,0,367
30.5,12,7,1,369
30.5,12,7,2,370
30.5,12,7,3,372
30.5,12,7,4,374
30.5,12,7,5,376
30.5,12,7,6,377
30.5,12,7,7,379
30.5,12,7,8,381
30.5,12,7,9,383
30.5,12,7,10,384
30.5,12,7,11,386
30.5,12,7,12,388
30.5,12,7,13,389
30.5,12,7,14,391
30.5,12,7,15,393
30.5,12,8,0,369
30.5,12,8,1,371
30.5,12,8,2,372
30.5,12,8,3,374
30.5,12,8,4,376
30.5,12,8,5,378
30.5,12,8,6,379
30.5,12,8,7,381
30.5,12,8,8,383
30.5,12,8,9,385
30.5,12,8,10,386
30.5,12,8,11,388
30.5,12,8,12,390
30.5,12,8,13,392
30.5,12,8,14,393
30.5,12,8,15,395
30.5,12,9,0,371
30.5,12,9,1,373
30.5,12,9,2,374
30.5,12,9,3,376
30.5,12,9,4,378
30.5,12,9,5,380
30.5,12,9,6,382
30.5,12,9,7,383
30.5,12,9,8,385
30.5,12,9,9,387
30.5,12,9,10,389
30.5,12,9,11,390
30.5,12,9,12,392
30.5,12,9,13,394
30.5,12,9,14,395
30.5,12,9,15,397
30.5,12,10,0,373
30.5,12,10,1,375
30.5,12,10,2,376
30.5,12,10,3,378
30.5,12,10,4,380
30.5,12,10,5,382
30.5,12,10,6,384
30.5,12,10,7,385
30.5,12,10,8,387
30.5,12,10,9,389
30.5,12,10,10,391
30.5,12,10,11,392
30.5,12,10,12,394
30.5,12,10,13,396
30.5,12,10,14,398
30.5,12,10,15,399
30.5,12,11,0,375
30.5,12,11,1,377
30.5,12,11,2,378
30.5,12,11,3,380
30.5,12,11,4,382
30.5,12,11,5,384
30.5,12,11,6,386
30.5,12,11,7,387
30.5,12,11,8,389
30.5,12,11,9,391
30.5,12,11,10,393
30.5,12,11,11,395
30.5,12,11,12,396
30.5,12,11,13,398
30.5,12,11,14,400
30.5,12,11,15,401
30.5,12,12,0,377
30.5,12,12,1,379
30.5,12,12,2,380
30.5,12,12,3,382
30.5,12,12,4,384
30.5,12,12,5,386
30.5,12,12,6,388
30.5,12,12,7,390
30.5,12,12,8,391
30.5,12,12,9,393
30.5,12,12,10,395
30.5,12,12,11,397
30.5,12,12,12,398
30.5,12,12,13,400
30.5,12,12,14,402
30.5,12,12,15,404
30.5,12,13,0,379
30.5,12,13,1,381
30.5,12,13,2,382
30.5,12,13,3,384
30.5,12,13,4,386
30.5,12,13,5,388
30.5,12,13,6,390
30.5,12,13,7,392
30.5,12,13,8,393
30.5,12,13,9,395
30.5,12,13,10,397
30.5,12,13,11,399
30.5,12,13,12,400
30.5,12,13,13,402
30.5,12,13,14,404
30.5,12,13,15,406
30.5,12,14,0,381
30.5,12,14,1,383
30.5,12,14,2,384
30.5,12,14,3,386
30.5,12,14,4,388
30.5,12,14,5,390
30.5,12,14,6,392
30.5,12,14,7,394
30.5,12,14,8,395
30.5,12,14,9,397
30.5,12,14,10,399
30.5,12,14,11,401
30.5,12,14,12,403
30.5,12,14,13,404
30.5,12,14,14,406
30.5,12,14,15,408
30.5,12,15,0,383
30.5,12,15,1,385
30.5,12,15,2,386
30.5,12,15,3,388
30.5,12,15,4,390
30.5,12,15,5,392
30.5,12,15,6,394
30.5,12,15,7,396
30.5,12,15,8,397
30.5,12,15,9,399
30.5,12,15,10,401
30.5,12,15,11,403
30.5,12,15,12,405
30.5,12,15,13,406
30.5,12,15,14,408
30.5,12,15,15,410
30.5,13,0,0,357
30.5,13,0,1,359
30.5,13,0,2,361
30.5,13,0,3,362
30.5,13,0,4,364
30.5,13,0,5,366
30.5,13,0,6,368
30.5,13,0,7,369
30.5,13,0,8,371
30.5,13,0,9,373
30.5,13,0,10,374
30.5,13,0,11,376
30.5,13,0,12,378
30.5,13,0,13,379
30.5,13,0,14,381
30.5,13,0,15,383
30.5,13,1,0,359
30.5,13,1,1,361
30.5,13,1,2,363
30.5,13,1,3,365
30.5,13,1,4,366
30.5,13,1,5,368
30.5,13,1,6,370
30.5,13,1,7,371
30.5,13,1,8,373
30.5,13,1,9,375
30.5,13,1,10,377
30.5,13,1,11,378
30.5,13,1,12,380
30.5,13,1,13,382
30.5,13,1,14,383
30.5,13,1,15,385
30.5,13,2,0,361
30.5,13,2,1,363
30.5,13,2,2,365
30.5,13,2,3,367
30.5,13,2,4,368
30.5,13,2,5,370
30.5,13,2,6,372
30.5,13,2,7,374
30.5,13,2,8,375
30.5,13,2,9,377
30.5,13,2,10,379
30.5,13,2,11,380
30.5,13,2,12,382
30.5,13,2,13,384
30.5,13,2,14,385
30.5,13,2,15,387
30.5,13,3,0,364
30.5,13,3,1,365
30.5,13,3,2,367
30.5,13,3,3,369
30.5,13,3,4,371
30.5,13,3,5,372
30.5,13,3,6,374
30.5,13,3,7,376
30.5,13,3,8,378
30.5,13,3,9,379
30.5,13,3,10,381
30.5,13,3,11,383
30.5,13,3,12,384
30.5,13,3,13,386
30.5,13,3,14,388
30.5,13,3,15,389
30.5,13,4,0,366
30.5,13,4,1,367
30.5,13,4,2,369
30.5,13,4,3,371
30.5,13,4,4,373
30.5,13,4,5,375
30.5,13,4,6,376
30.5,13,4,7,378
30.5,13,4,8,380
30.5,13,4,9,381
30.5,13,4,10,383
30.5,13,4,11,385
30.5,13,4,12,387
30.5,13,4,13,388
30.5,13,4,14,390
30.5,13,4,15,392
30.5,13,5,0,368
30.5,13,5,1,370
30.5,13,5,2,371
30.5,13,5,3,373
30.5,13,5,4,375
30.5,13,5,5,377
30.5,13,5,6,378
30.5,13,5,7,380
30.5,13,5,8,382
30.5,13,5,9,384
30.5,13,5,10,385
30.5,13,5,11,387
30.5,13,5,12,389
30.5,13,5,13,391
30.5,13,5,14,392
30.5,13,5,15,394
30.5,13,6,0,370
30.5,13,6,1,372
30.5,13,6,2,373
30.5,13,6,3,375
30.5,13,6,4,377
30.5,13,6,5,379
30.5,13,6,6,381
30.5,13,6,7,382
30.5,13,6,8,384
30.5,13,6,9,386
30.5,13,6,10,388
30.5,13,6,11,389
30.5,13,6,12,391
30.5,13,6,13,393
30.5,13,6,14,394
30.5,13,6,15,396
30.5,13,7,0,372
30.5,13,7,1,374
30.5,13,7,2,376
30.5,13,7,3,377
30.5,13,7,4,379
30.5,13,7,5,381
30.5,13,7,6,383
30.5,13,7,7,384
30.5,13,7,8,386
30.5,13,7,9,388
30.5,13,7,10,390
30.5,13,7,11,391
30.5,13,7,12,393
30.5,13,7,13,395
30.5,13,7,14,397
30.5,13,7,15,398
30.5,13,8,0,374
30.5,13,8,1,376
30.5,13,8,2,378
30.5,13,8,3,379
30.5,13,8,4,381
30.5,13,8,5,383
30.5,13,8,6,385
30.5,13,8,7,387
30.5,13,8,8,388
30.5,13,8,9,390
30.5,13,8,10,392
30.5,13,8,11,394
30.5,13,8,12,395
30.5,13,8,13,397
30.5,13,8,14,399
30.5,13,8,15,401
30.5,13,9,0,376
30.5,13,9,1,378
30.5,13,9,2,380
30.5,13,9,3,382
30.5,13,9,4,383
30.5,13,9,5,385
30.5,13,9,6,387
30.5,13,9,7,389
30.5,13,9,8,391
30.5,13,9,9,392
30.5,13,9,10,394
30.5,13,9,11,396
30.5,13,9,12,398
30.5,13,9,13,399
30.5,13,9,14,401
30.5,13,9,15,403
30.5,13,10,0,378
30.5,13,10,1,380
30.5,13,10,2,382
30.5,13,10,3,384
30.5,13,10,4,385
30.5,13,10,5,387
30.5,13,10,6,389
30.5,13,10,7,391
30.5,13,10,8,393
30.5,13,10,9,394
30.5,13,10,10,396
30.5,13,10,11,398
30.5,13,10,12,400
30.5,13,10,13,401
30.5,13,10,14,403
30.5,13,10,15,405
30.5,13,11,0,380
30.5,13,11,1,382
30.5,13,11,2,384
30.5,13,11,3,386
30.5,13,11,4,387
30.5,13,11,5,389
30.5,13,11,6,391
30.5,13,11,7,393
30.5,13,11,8,395
30.5,13,11,9,397
30.5,13,11,10,398
30.5,13,11,11,400
30.5,13,11,12,402
30.5,13,11,13,404
30.5,13,11,14,405
30.5,13,11,15,407
30.5,13,12,0,382
30.5,13,12,1,384
30.5,13,12,2,386
30.5,13,12,3,388
30.5,13,12,4,390
30.5,13,12,5,391
30.5,13,12,6,393
30.5,13,12,7,395
30.5,13,12,8,397
30.5,13,12,9,399
30.5,13,12,10,400
30.5,13,12,11,402
30.5,13,12,12,404
30.5,13,12,13,406
30.5,13,12,14,408
30.5,13,12,15,409
30.5,13,13,0,384
30.5,13,13,1,386
30.5,13,13,2,388
30.5,13,13,3,390
30.5,13,13,4,392
30.5,13,13,5,393
30.5,13,13,6,395
30.5,13,13,7,397
30.5,13,13,8,399
30.5,13,13,9,401
30.5,13,13,10,403
30.5,13,13,11,404
30.5,13,13,12,406
30.5,13,13,13,408
30.5,13,13,14,410
30.5,13,13,15,411
30.5,13,14,0,386
30.5,13,14,1,388
30.5,13,14,2,390
30.5,13,14,3,392
30.5,13,14,4,394
30.5,13,14,5,395
30.5,13,14,6,397
30.5,13,14,7,399
30.5,13,14,8,401
30.5,13,14,9,403
30.5,13,14,10,405
30.5,13,14,11,406
30.5,13,14,12,408
30.5,13,14,13,410
30.5,13,14,14,412
30.5,13,14,15,414
30.5,13,15,0,388
30.5,13,15,1,390
30.5,13,15,2,392
30.5,13,15,3,394
30.5,13,15,4,396
30.5,13,15,5,398
30.5,13,15,6,399
30.5,13,15,7,401
30.5,13,15,8,403
30.5,13,15,9,405
30.5,13,15,10,407
30.5,13,15,11,409
30.5,13,15,12,410
30.5,13,15,13,412
30.5,13,15,14,414
30.5,13,15,15,416
30.5,14,0,0,362
30.5,14,0,1,364
30.5,14,0,2,366
30.5,14,0,3,367
30.5,14,0,4,369
30.5,14,0,5,371
30.5,14,0,6,373
30.5,14,0,7,374
30.5,14,0,8,376
30.5,14,0,9,378
30.5,14,0,10,379
30.5,14,0,11,381
30.5,14,0,12,383
30.5,14,0,13,385
30.5,14,0,14,386
30.5,14,0,15,388
30.5,14,1,0,364
30.5,14,1,1,366
30.5,14,1,2,368
30.5,14,1,3,370
30.5,14,1,4,371
30.5,14,1,5,373
30.5,14,1,6,375
30.5,14,1,7,377
30.5,14,1,8,378
30.5,14,1,9,380
30.5,14,1,10,382
30.5,14,1,11,383
30.5,14,1,12,385
30.5,14,1,13,387
30.5,14,1,14,389
30.5,14,1,15,390
30.5,14,2,0,366
30.5,14,2,1,368
30.5,14,2,2,370
30.5,14,2,3,372
30.5,14,2,4,374
30.5,14,2,5,375
30.5,14,2,6,377
30.5,14,2,7,379
30.5,14,2,8,381
30.5,14,2,9,382
30.5,14,2,10,384
30.5,14,2,11,386
30.5,14,2,12,387
30.5,14,2,13,389
30.5,14,2,14,391
30.5,14,2,15,393
30.5,14,3,0,369
30.5,14,3,1,370
30.5,14,3,2,372
30.5,14,3,3,374
30.5,14,3,4,376
30.5,14,3,5,378
30.5,14,3,6,379
30.5,14,3,7,381
30.5,14,3,8,383
30.5,14,3,9,385
30.5,14,3,10,386
30.5,14,3,11,388
30.5,14,3,12,390
30.5,14,3,13,391
30.5,14,3,14,393
30.5,14,3,15,395
30.5,14,4,0,371
30.5,14,4,1,373
30.5,14,4,2,374
30.5,14,4,3,376
30.5,14,4,4,378
30.5,14,4,5,380
30.5,14,4,6,381
30.5,14,4,7,383
30.5,14,4,8,385
30.5,14,4,9,387
30.5,14,4,10,389
30.5,14,4,11,390
30.5,14,4,12,392
30.5,14,4,13,394
30.5,14,4,14,395
30.5,14,4,15,397
30.5,14,5,0,373
30.5,14,5,1,375
30.5,14,5,2,377
30.5,14,5,3,378
30.5,14,5,4,380
30.5,14,5,5,382
30.5,14,5,6,384
30.5,14,5,7,385
30.5,14,5,8,387
30.5,14,5,9,389
30.5,14,5,10,391
30.5,14,5,11,392
30.5,14,5,12,394
30.5,14,5,13,396
30.5,14,5,14,398
30.5,14,5,15,399
30.5,14,6,0,375
30.5,14,6,1,377
30.5,14,6,2,379
30.5,14,6,3,380
30.5,14,6,4,382
30.5,14,6,5,384
30.5,14,6,6,386
30.5,14,6,7,388
30.5,14,6,8,389
30.5,14,6,9,391
30.5,14,6,10,393
30.5,14,6,11,395
30.5,14,6,12,396
30.5,14,6,13,398
30.5,14,6,14,400
30.5,14,6,15,402
30.5,14,7,0,377
30.5,14,7,1,379
30.5,14,7,2,381
30.5,14,7,3,383
30.5,14,7,4,384
30.5,14,7,5,386
30.5,14,7,6,388
30.5,14,7,7,390
30.5,14,7,8,392
30.5,14,7,9,393
30.5,14,7,10,395
30.5,14,7,11,397
30.5,14,7,12,399
30.5,14,7,13,400
30.5,14,7,14,402
30.5,14,7,15,404
30.5,14,8,0,379
30.5,14,8,1,381
30.5,14,8,2,383
30.5,14,8,3,385
30.5,14,8,4,387
30.5,14,8,5,388
30.5,14,8,6,390
30.5,14,8,7,392
30.5,14,8,8,394
30.5,14,8,9,396
30.5,14,8,10,397
30.5,14,8,11,399
30.5,14,8,12,401
30.5,14,8,13,403
30.5,14,8,14,404
30.5,14,8,15,406
30.5,14,9,0,381
30.5,14,9,1,383
30.5,14,9,2,385
30.5,14,9,3,387
30.5,14,9,4,389
30.5,14,9,5,391
30.5,14,9,6,392
30.5,14,9,7,394
30.5,14,9,8,396
30.5,14,9,9,398
30.5,14,9,10,400
30.5,14,9,11,401
30.5,14,9,12,403
30.5,14,9,13,405
30.5,14,9,14,407
30.5,14,9,15,408
30.5,14,10,0,383
30.5,14,10,1,385
30.5,14,10,2,387
30.5,14,10,3,389
30.5,14,10,4,391
30.5,14,10,5,393
30.5,14,10,6,394
30.5,14,10,7,396
30.5,14,10,8,398
30.5,14,10,9,400
30.5,14,10,10,402
30.5,14,10,11,403
30.5,14,10,12,405
30.5,14,10,13,407
30.5,14,10,14,409
30.5,14,10,15,411
30.5,14,11,0,385
30.5,14,11,1,387
30.5,14,11,2,389
30.5,14,11,3,391
30.5,14,11,4,393
30.5,14,11,5,395
30.5,14,11,6,397
30.5,14,11,7,398
30.5,14,11,8,400
30.5,14,11,9,402
30.5,14,11,10,404
30.5,14,11,11,406
30.5,14,11,12,407
30.5,14,11,13,409
30.5,14,11,14,411
30.5,14,11,15,413
30.5,14,12,0,387
30.5,14,12,1,389
30.5,14,12,2,391
30.5,14,12,3,393
30.5,14,12,4,395
30.5,14,12,5,397
30.5,14,12,6,399
30.5,14,12,7,401
30.5,14,12,8,402
30.5,14,12,9,404
30.5,14,12,10,406
30.5,14,12,11,408
30.5,14,12,12,410
30.5,14,12,13,411
30.5,14,12,14,413
30.5,14,12,15,415
30.5,14,13,0,389
30.5,14,13,1,391
30.5,14,13,2,393
30.5,14,13,3,395
30.5,14,13,4,397
30.5,14,13,5,399
30.5,14,13,6,401
30.5,14,13,7,403
30.5,14,13,8,404
30.5,14,13,9,406
30.5,14,13,10,408
30.5,14,13,11,410
30.5,14,13,12,412
30.5,14,13,13,414
30.5,14,13,14,415
30.5,14,13,15,417
30.5,14,14,0,391
30.5,14,14,1,393
30.5,14,14,2,395
30.5,14,14,3,397
30.5,14,14,4,399
30.5,14,14,5,401
30.5,14,14,6,403
30.5,14,14,7,405
30.5,14,14,8,407
30.5,14,14,9,408
30.5,14,14,10,410
30.5,14,14,11,412
30.5,14,14,12,414
30.5,14,14,13,416
30.5,14,14,14,418
30.5,14,14,15,419
30.5,14,15,0,394
30.5,14,15,1,395
30.5,14,15,2,397
30.5,14,15,3,399
30.5,14,15,4,401
30.5,14,15,5,403
30.5,14,15,6,405
30.5,14,15,7,407
30.5,14,15,8,409
30.5,14,15,9,411
30.5,14,15,10,412
30.5,14,15,11,414
30.5,14,15,12,416
30.5,14,15,13,418
30.5,14,15,14,420
30.5,14,15,15,421
30.5,15,0,0,367
30.5,15,0,1,369
30.5,15,0,2,371
30.5,15,0,3,372
30.5,15,0,4,374
30.5,15,0,5,376
30.5,15,0,6,378
30.5,15,0,7,379
30.5,15,0,8,381
30.5,15,0,9,383
30.5,15,0,10,385
30.5,15,0,11,386
30.5,15,0,12,388
30.5,15,0,13,390
30.5,15,0,14,391
30.5,15,0,15,393
30.5,15,1,0,369
30.5,15,1,1,371
30.5,15,1,2,373
30.5,15,1,3,375
30.5,15,1,4,376
30.5,15,1,5,378
30.5,15,1,6,380
30.5,15,1,7,382
30.5,15,1,8,384
30.5,15,1,9,385
30.5,15,1,10,387
30.5,15,1,11,389
30.5,15,1,12,390
30.5,15,1,13,392
30.5,15,1,14,394
30.5,15,1,15,396
30.5,15,2,0,371
30.5,15,2,1,373
30.5,15,2,2,375
30.5,15,2,3,377
30.5,15,2,4,379
30.5,15,2,5,380
30.5,15,2,6,382
30.5,15,2,7,384
30.5,15,2,8,386
30.5,15,2,9,388
30.5,15,2,10,389
30.5,15,2,11,391
30.5,15,2,12,393
30.5,15,2,13,394
30.5,15,2,14,396
30.5,15,2,15,398
30.5,15,3,0,374
30.5,15,3,1,375
30.5,15,3,2,377
30.5,15,3,3,379
30.5,15,3,4,381
30.5,15,3,5,383
30.5,15,3,6,385
30.5,15,3,7,386
30.5,15,3,8,388
30.5,15,3,9,390
30.5,15,3,10,392
30.5,15,3,11,393
30.5,15,3,12,395
30.5,15,3,13,397
30.5,15,3,14,399
30.5,15,3,15,400
30.5,15,4,0,376
30.5,15,4,1,378
30.5,15,4,2,379
30.5,15,4,3,381
30.5,15,4,4,383
30.5,15,4,5,385
30.5,15,4,6,387
30.5,15,4,7,389
30.5,15,4,8,390
30.5,15,4,9,392
30.5,15,4,10,394
30.5,15,4,11,396
30.5,15,4,12,397
30.5,15,4,13,399
30.5,15,4,14,401
30.5,15,4,15,403
30.5,15,5,0,378
30.5,15,5,1,380
30.5,15,5,2,382
30.5,15,5,3,384
30.5,15,5,4,385
30.5,15,5,5,387
30.5,15,5,6,389
30.5,15,5,7,391
30.5,15,5,8,393
30.5,15,5,9,394
30.5,15,5,10,396
30.5,15,5,11,398
30.5,15,5,12,400
30.5,15,5,13,401
30.5,15,5,14,403
30.5,15,5,15,405
30.5,15,6,0,380
30.5,15,6,1,382
30.5,15,6,2,384
30.5,15,6,3,386
30.5,15,6,4,388
30.5,15,6,5,389
30.5,15,6,6,391
30.5,15,6,7,393
30.5,15,6,8,395
30.5,15,6,9,397
30.5,15,6,10,398
30.5,15,6,11,400
30.5,15,6,12,402
30.5,15,6,13,404
30.5,15,6,14,405
30.5,15,6,15,407
30.5,15,7,0,382
30.5,15,7,1,384
30.5,15,7,2,386
30.5,15,7,3,388
30.5,15,7,4,390
30.5,15,7,5,392
30.5,15,7,6,393
30.5,15,7,7,395
30.5,15,7,8,397
30.5,15,7,9,399
30.5,15,7,10,401
30.5,15,7,11,402
30.5,15,7,12,404
30.5,15,7,13,406
30.5,15,7,14,408
30.5,15,7,15,409
30.5,15,8,0,384
30.5,15,8,1,386
30.5,15,8,2,388
30.5,15,8,3,390
30.5,15,8,4,392
30.5,15,8,5,394
30.5,15,8,6,396
30.5,15,8,7,397
30.5,15,8,8,399
30.5,15,8,9,401
30.5,15,8,10,403
30.5,15,8,11,405
30.5,15,8,12,406
30.5,15,8,13,408
30.5,15,8,14,410
30.5,15,8,15,412
30.5,15,9,0,386
30.5,15,9,1,388
30.5,15,9,2,390
30.5,15,9,3,392
30.5,15,9,4,394
30.5,15,9,5,396
30.5,15,9,6,398
30.5,15,9,7,400
30.5,15,9,8,401
30.5,15,9,9,403
30.5,15,9,10,405
30.5,15,9,11,407
30.5,15,9,12,409
30.5,15,9,13,410
30.5,15,9,14,412
30.5,15,9,15,414
30.5,15,10,0,389
30.5,15,10,1,390
30.5,15,10,2,392
30.5,15,10,3,394
30.5,15,10,4,396
30.5,15,10,5,398
30.5,15,10,6,400
30.5,15,10,7,402
30.5,15,10,8,404
30.5,15,10,9,405
30.5,15,10,10,407
30.5,15,10,11,409
30.5,15,10,12,411
30.5,15,10,13,413
30.5,15,10,14,414
30.5,15,10,15,416
30.5,15,11,0,391
30.5,15,11,1,393
30.5,15,11,2,394
30.5,15,11,3,396
30.5,15,11,4,398
30.5,15,11,5,400
30.5,15,11,6,402
30.5,15,11,7,404
30.5,15,11,8,406
30.5,15,11,9,408
30.5,15,11,10,409
30.5,15,11,11,411
30.5,15,11,12,413
30.5,15,11,13,415
30.5,15,11,14,417
30.5,15,11,15,418
30.5,15,12,0,393
30.5,15,12,1,395
30.5,15,12,2,397
30.5,15,12,3,398
30.5,15,12,4,400
30.5,15,12,5,402
30.5,15,12,6,404
30.5,15,12,7,406
30.5,15,12,8,408
30.5,15,12,9,410
30.5,15,12,10,412
30.5,15,12,11,413
30.5,15,12,12,415
30.5,15,12,13,417
30.5,15,12,14,419
30.5,15,12,15,421
30.5,15,13,0,395
30.5,15,13,1,397
30.5,15,13,2,399
30.5,15,13,3,401
30.5,15,13,4,402
30.5,15,13,5,404
30.5,15,13,6,406
30.5,15,13,7,408
30.5,15,13,8,410
30.5,15,13,9,412
30.5,15,13,10,414
30.5,15,13,11,416
30.5,15,13,12,417
30.5,15,13,13,419
30.5,15,13,14,421
30.5,15,13,15,423
30.5,15,14,0,397
30.5,15,14,1,399
30.5,15,14,2,401
30.5,15,14,3,403
30.5,15,14,4,405
30.5,15,14,5,406
30.5,15,14,6,408
30.5,15,14,7,410
30.5,15,14,8,412
30.5,15,14,9,414
30.5,15,14,10,416
30.5,15,14,11,418
30.5,15,14,12,420
30.5,15,14,13,421
30.5,15,14,14,423
30.5,15,14,15,425
30.5,15,15,0,399
30.5,15,15,1,401
30.5,15,15,2,403
30.5,15,15,3,405
30.5,15,15,4,407
30.5,15,15,5,409
30.5,15,15,6,410
30.5,15,15,7,412
30.5,15,15,8,414
30.5,15,15,9,416
30.5,15,15,10,418
30.5,15,15,11,420
30.5,15,15,12,422
30.5,15,15,13,424
30.5,15,15,14,425
30.5,15,15,15,427
31.0,0,0,0,295
31.0,0,0,1,296
31.0,0,0,2,298
31.0,0,0,3,299
31.0,0,0,4,301
31.0,0,0,5,302
31.0,0,0,6,304
31.0,0,0,7,305
31.0,0,0,8,306
31.0,0,0,9,308
31.0,0,0,10,309
31.0,0,0,11,311
31.0,0,0,12,312
31.0,0,0,13,313
31.0,0,0,14,315
31.0,0,0,15,316
31.0,0,1,0,297
31.0,0,1,1,298
31.0,0,1,2,300
31.0,0,1,3,301
31.0,0,1,4,303
31.0,0,1,5,304
31.0,0,1,6,305
31.0,0,1,7,307
31.0,0,1,8,308
31.0,0,1,9,310
31.0,0,1,10,311
31.0,0,1,11,312
31.0,0,1,12,314
31.0,0,1,13,315
31.0,0,1,14,317
31.0,0,1,15,318
31.0,0,2,0,299
31.0,0,2,1,300
31.0,0,2,2,301
31.0,0,2,3,303
31.0,0,2,4,304
31.0,0,2,5,306
31.0,0,2,6,307
31.0,0,2,7,309
31.0,0,2,8,310
31.0,0,2,9,311
31.0,0,2,10,313
31.0,0,2,11,314
31.0,0,2,12,316
31.0,0,2,13,317
31.0,0,2,14,318
31.0,0,2,15,320
31.0,0,3,0,300
31.0,0,3,1,302
31.0,0,3,2,303
31.0,0,3,3,305
31.0,0,3,4,306
31.0,0,3,5,308
31.0,0,3,6,309
31.0,0,3,7,310
31.0,0,3,8,312
31.0,0,3,9,313
31.0,0,3,10,315
31.0,0,3,11,316
31.0,0,3,12,317
31.0,0,3,13,319
31.0,0,3,14,320
31.0,0,3,15,322
31.0,0,4,0,302
31.0,0,4,1,303
31.0,0,4,2,305
31.0,0,4,3,306
31.0,0,4,4,308
31.0,0,4,5,309
31.0,0,4,6,311
31.0,0,4,7,312
31.0,0,4,8,314
31.0,0,4,9,315
31.0,0,4,10,317
31.0,0,4,11,318
31.0,0,4,12,319
31.0,0,4,13,321
31.0,0,4,14,322
31.0,0,4,15,324
31.0,0,5,0,304
31.0,0,5,1,305
31.0,0,5,2,307
31.0,0,5,3,308
31.0,0,5,4,310
31.0,0,5,5,311
31.0,0,5,6,313
31.0,0,5,7,314
31.0,0,5,8,315
31.0,0,5,9,317
31.0,0,5,10,318
31.0,0,5,11,320
31.0,0,5,12,321
31.0,0,5,13,323
31.0,0,5,14,324
31.0,0,5,15,325
31.0,0,6,0,305
31.0,0,6,1,307
31.0,0,6,2,308
31.0,0,6,3,310
31.0,0,6,4,311
31.0,0,6,5,313
31.0,0,6,6,314
31.0,0,6,7,316
31.0,0,6,8,317
31.0,0,6,9,319
31.0,0,6,10,320
31.0,0,6,11,322
31.0,0,6,12,323
31.0,0,6,13,324
31.0,0,6,14,326
31.0,0,6,15,327
31.0,0,7,0,307
31.0,0,7,1,309
31.0,0,7,2,310
31.0,0,7,3,312
31.0,0,7,4,313
31.0,0,7,5,315
31.0,0,7,6,316
31.0,0,7,7,318
31.0,0,7,8,319
31.0,0,7,9,320
31.0,0,7,10,322
31.0,0,7,11,323
31.0,0,7,12,325
31.0,0,7,13,326
31.0,0,7,14,328
31.0,0,7,15,329
31.0,0,8,0,309
31.0,0,8,1,310
31.0,0,8,2,312
31.0,0,8,3,313
31.0,0,8,4,315
31.0,0,8,5,316
31.0,0,8,6,318
31.0,0,8,7,319
31.0,0,8,8,321
31.0,0,8,9,322
31.0,0,8,10,324
31.0,0,8,11,325
31.0,0,8,12,327
31.0,0,8,13,328
31.0,0,8,14,329
31.0,0,8,15,331
31.0,0,9,0,311
31.0,0,9,1,312
31.0,0,9,2,314
31.0,0,9,3,315
31.0,0,9,4,317
31.0,0,9,5,318
31.0,0,9,6,320
31.0,0,9,7,321
31.0,0,9,8,323
31.0,0,9,9,324
31.0,0,9,10,325
31.0,0,9,11,327
31.0,0,9,12,328
31.0,0,9,13,330
31.0,0,9,14,331
31.0,0,9,15,333
31.0,0,10,0,312
31.0,0,10,1,314
31.0,0,10,2,315
31.0,0,10,3,317
31.0,0,10,4,318
31.0,0,10,5,320
31.0,0,10,6,321
31.0,0,10,7,323
31.0,0,10,8,324
31.0,0,10,9,326
31.0,0,10,10,327
31.0,0,10,11,329
31.0,0,10,12,330
31.0,0,10,13,332
31.0,0,10,14,333
31.0,0,10,15,334
31.0,0,11,0,314
31.0,0,11,1,315
31.0,0,11,2,317
31.0,0,11,3,319
31.0,0,11,4,320
31.0,0,11,5,322
31.0,0,11,6,323
31.0,0,11,7,325
31.0,0,11,8,326
31.0,0,11,9,328
31.0,0,11,10,329
31.0,0,11,11,330
31.0,0,11,12,332
31.0,0,11,13,333
31.0,0,11,14,335
31.0,0,11,15,336
31.0,0,12,0,316
31.0,0,12,1,317
31.0,0,12,2,319
31.0,0,12,3,320
31.0,0,12,4,322
31.0,0,12,5,323
31.0,0,12,6,325
31.0,0,12,7,326
31.0,0,12,8,328
31.0,0,12,9,329
31.0,0,12,10,331
31.0,0,12,11,332
31.0,0,12,12,334
31.0,0,12,13,335
31.0,0,12,14,337
31.0,0,12,15,338
31.0,0,13,0,317
31.0,0,13,1,319
31.0,0,13,2,320
31.0,0,13,3,322
31.0,0,13,4,323
31.0,0,13,5,325
31.0,0,13,6,326
31.0,0,13,7,328
31.0,0,13,8,330
31.0,0,13,9,331
31.0,0,13,10,332
31.0,0,13,11,334
31.0,0,13,12,335
31.0,0,13,13,337
31.0,0,13,14,338
31.0,0,13,15,340
31.0,0,14,0,319
31.0,0,14,1,320
31.0,0,14,2,322
31.0,0,14,3,324
31.0,0,14,4,325
31.0,0,14,5,327
31.0,0,14,6,328
31.0,0,14,7,330
31.0,0,14,8,331
31.0,0,14,9,333
31.0,0,14,10,334
31.0,0,14,11,336
31.0,0,14,12,337
31.0,0,14,13,339
31.0,0,14,14,340
31.0,0,14,15,342
31.0,0,15,0,321
31.0,0,15,1,322
31.0,0,15,2,324
31.0,0,15,3,325
31.0,0,15,4,327
31.0,0,15,5,328
31.0,0,15,6,330
31.0,0,15,7,331
31.0,0,15,8,333
31.0,0,15,9,334
31.0,0,15,10,336
31.0,0,15,11,337
31.0,0,15,12,339
31.0,0,15,13,340
31.0,0,15,14,342
31.0,0,15,15,343
31.0,1,0,0,300
31.0,1,0,1,301
31.0,1,0,2,303
31.0,1,0,3,304
31.0,1,0,4,306
31.0,1,0,5,307
31.0,1,0,6,309
31.0,1,0,7,310
31.0,1,0,8,312
31.0,1,0,9,313
31.0,1,0,10,314
31.0,1,0,11,316
31.0,1,0,12,317
31.0,1,0,13,319
31.0,1,0,14,320
31.0,1,0,15,321
31.0,1,1,0,302
31.0,1,1,1,303
31.0,1,1,2,305
31.0,1,1,3,306
31.0,1,1,4,308
31.0,1,1,5,309
31.0,1,1,6,311
31.0,1,1,7,312
31.0,1,1,8,313
31.0,1,1,9,315
31.0,1,1,10,316
31.0,1,1,11,318
31.0,1,1,12,319
31.0,1,1,13,320
31.0,1,1,14,322
31.0,1,1,15,323
31.0,1,2,0,304
31.0,1,2,1,305
31.0,1,2,2,307
31.0,1,2,3,308
31.0,1,2,4,309
31.0,1,2,5,311
31.0,1,2,6,312
31.0,1,2,7,314
31.0,1,2,8,315
31.0,1,2,9,317
31.0,1,2,10,318
31.0,1,2,11,320
31.0,1,2,12,321
31.0,1,2,13,322
31.0,1,2,14,324
31.0,1,2,15,325
31.0,1,3,0,305
31.0,1,3,1,307
31.0,1,3,2,308
31.0,1,3,3,310
31.0,1,3,4,311
31.0,1,3,5,313
31.0,1,3,6,314
31.0,1,3,7,316
31.0,1,3,8,317
31.0,1,3,9,319
31.0,1,3,10,320
31.0,1,3,11,321
31.0,1,3,12,323
31.0,1,3,13,324
31.0,1,3,14,326
31.0,1,3,15,327
31.0,1,4,0,307
31.0,1,4,1,309
31.0,1,4,2,310
31.0,1,4,3,312
31.0,1,4,4,313
31.0,1,4,5,315
31.0,1,4,6,316
31.0,1,4,7,318
31.0,1,4,8,319
31.0,1,4,9,320
31.0,1,4,10,322
31.0,1,4,11,323
31.0,1,4,12,325
31.0,1,4,13,326
31.0,1,4,14,328
31.0,1,4,15,329
31.0,1,5,0,309
31.0,1,5,1,310
31.0,1,5,2,312
31.0,1,5,3,313
31.0,1,5,4,315
31.0,1,5,5,316
31.0,1,5,6,318
31.0,1,5,7,319
31.0,1,5,8,321
31.0,1,5,9,322
31.0,1,5,10,324
31.0,1,5,11,325
31.0,1,5,12,327
31.0,1,5,13,328
31.0,1,5,14,329
31.0,1,5,15,331
31.0,1,6,0,311
31.0,1,6,1,312
31.0,1,6,2,314
31.0,1,6,3,315
31.0,1,6,4,317
31.0,1,6,5,318
31.0,1,6,6,320
31.0,1,6,7,321
31.0,1,6,8,323
31.0,1,6,9,324
31.0,1,6,10,326
31.0,1,6,11,327
31.0,1,6,12,328
31.0,1,6,13,330
31.0,1,6,14,331
31.0,1,6,15,333
31.0,1,7,0,312
31.0,1,7,1,314
31.0,1,7,2,315
31.0,1,7,3,317
31.0,1,7,4,318
31.0,1,7,5,320
31.0,1,7,6,321
31.0,1,7,7,323
31.0,1,7,8,324
31.0,1,7,9,326
31.0,1,7,10,327
31.0,1,7,11,329
31.0,1,7,12,330
31.0,1,7,13,332
31.0,1,7,14,333
31.0,1,7,15,335
31.0,1,8,0,314
31.0,1,8,1,316
31.0,1,8,2,317
31.0,1,8,3,319
31.0,1,8,4,320
31.0,1,8,5,322
31.0,1,8,6,323
31.0,1,8,7,325
31.0,1,8,8,326
31.0,1,8,9,328
31.0,1,8,10,329
31.0,1,8,11,331
31.0,1,8,12,332
31.0,1,8,13,334
31.0,1,8,14,335
31.0,1,8,15,336
31.0,1,9,0,316
31.0,1,9,1,317
31.0,1,9,2,319
31.0,1,9,3,320
31.0,1,9,4,322
31.0,1,9,5,324
31.0,1,9,6,325
31.0,1,9,7,327
31.0,1,9,8,328
31.0,1,9,9,330
31.0,1,9,10,331
31.0,1,9,11,332
31.0,1,9,12,334
31.0,1,9,13,335
31.0,1,9,14,337
31.0,1,9,15,338
31.0,1,10,0,318
31.0,1,10,1,319
31.0,1,10,2,321
31.0,1,10,3,322
31.0,1,10,4,324
31.0,1,10,5,325
31.0,1,10,6,327
31.0,1,10,7,328
31.0,1,10,8,330
31.0,1,10,9,331
31.0,1,10,10,333
31.0,1,10,11,334
31.0,1,10,12,336
31.0,1,10,13,337
31.0,1,10,14,339
31.0,1,10,15,340
31.0,1,11,0,319
31.0,1,11,1,321
31.0,1,11,2,322
31.0,1,11,3,324
31.0,1,11,4,325
31.0,1,11,5,327
31.0,1,11,6,329
31.0,1,11,7,330
31.0,1,11,8,332
31.0,1,11,9,333
31.0,1,11,10,335
31.0,1,11,11,336
31.0,1,11,12,338
31.0,1,11,13,339
31.0,1,11,14,341
31.0,1,11,15,342
31.0,1,12,0,321
31.0,1,12,1,323
31.0,1,12,2,324
31.0,1,12,3,326
31.0,1,12,4,327
31.0,1,12,5,329
31.0,1,12,6,330
31.0,1,12,7,332
31.0,1,12,8,333
31.0,1,12,9,335
31.0,1,12,10,336
31.0,1,12,11,338
31.0,1,12,12,339
31.0,1,12,13,341
31.0,1,12,14,342
31.0,1,12,15,344
31.0,1,13,0,323
31.0,1,13,1,324
31.0,1,13,2,326
31.0,1,13,3,327
31.0,1,13,4,329
31.0,1,13,5,330
31.0,1,13,6,332
31.0,1,13,7,334
31.0,1,13,8,335
31.0,1,13,9,337
31.0,1,13,10,338
31.0,1,13,11,340
31.0,1,13,12,341
31.0,1,13,13,343
31.0,1,13,14,344
31.0,1,13,15,346
31.0,1,14,0,324
31.0,1,14,1,326
31.0,1,14,2,328
31.0,1,14,3,329
31.0,1,14,4,331
31.0,1,14,5,332
31.0,1,14,6,334
31.0,1,14,7,335
31.0,1,14,8,337
31.0,1,14,9,338
31.0,1,14,10,340
31.0,1,14,11,341
31.0,1,14,12,343
31.0,1,14,13,344
31.0,1,14,14,346
31.0,1,14,15,347
31.0,1,15,0,326
31.0,1,15,1,328
31.0,1,15,2,329
31.0,1,15,3,331
31.0,1,15,4,332
31.0,1,15,5,334
31.0,1,15,6,335
31.0,1,15,7,337
31.0,1,15,8,339
31.0,1,15,9,340
31.0,1,15,10,342
31.0,1,15,11,343
31.0,1,15,12,345
31.0,1,15,13,346
31.0,1,15,14,348
31.0,1,15,15,349
31.0,2,0,0,305
31.0,2,0,1,306
31.0,2,0,2,308
31.0,2,0,3,309
31.0,2,0,4,311
31.0,2,0,5,312
31.0,2,0,6,314
31.0,2,0,7,315
31.0,2,0,8,317
31.0,2,0,9,318
31.0,2,0,10,320
31.0,2,0,11,321
31.0,2,0,12,322
31.0,2,0,13,324
31.0,2,0,14,325
31.0,2,0,15,327
31.0,2,1,0,307
31.0,2,1,1,308
31.0,2,1,2,310
31.0,2,1,3,311
31.0,2,1,4,313
31.0,2,1,5,314
31.0,2,1,6,316
31.0,2,1,7,317
31.0,2,1,8,319
31.0,2,1,9,320
31.0,2,1,10,322
31.0,2,1,11,323
31.0,2,1,12,324
31.0,2,1,13,326
31.0,2,1,14,327
31.0,2,1,15,329
31.0,2,2,0,309
31.0,2,2,1,310
31.0,2,2,2,312
31.0,2,2,3,313
31.0,2,2,4,315
31.0,2,2,5,316
31.0,2,2,6,318
31.0,2,2,7,319
31.0,2,2,8,321
31.0,2,2,9,322
31.0,2,2,10,323
31.0,2,2,11,325
31.0,2,2,12,326
31.0,2,2,13,328
31.0,2,2,14,329
31.0,2,2,15,331
31.0,2,3,0,310
31.0,2,3,1,312
31.0,2,3,2,314
31.0,2,3,3,315
31.0,2,3,4,317
31.0,2,3,5,318
31.0,2,3,6,319
31.0,2,3,7,321
31.0,2,3,8,322
31.0,2,3,9,324
31.0,2,3,10,325
31.0,2,3,11,327
31.0,2,3,12,328
31.0,2,3,13,330
31.0,2,3,14,331
31.0,2,3,15,333
31.0,2,4,0,312
31.0,2,4,1,314
31.0,2,4,2,315
31.0,2,4,3,317
31.0,2,4,4,318
31.0,2,4,5,320
31.0,2,4,6,321
31.0,2,4,7,323
31.0,2,4,8,324
31.0,2,4,9,326
31.0,2,4,10,327
31.0,2,4,11,329
31.0,2,4,12,330
31.0,2,4,13,332
31.0,2,4,14,333
31.0,2,4,15,334
31.0,2,5,0,314
31.0,2,5,1,316
31.0,2,5,2,317
31.0,2,5,3,319
31.0,2,5,4,320
31.0,2,5,5,322
31.0,2,5,6,323
31.0,2,5,7,325
31.0,2,5,8,326
31.0,2,5,9,328
31.0,2,5,10,329
31.0,2,5,11,331
31.0,2,5,12,332
31.0,2,5,13,334
31.0,2,5,14,335
31.0,2,5,15,336
31.0,2,6,0,316
31.0,2,6,1,317
31.0,2,6,2,319
31.0,2,6,3,320
31.0,2,6,4,322
31.0,2,6,5,324
31.0,2,6,6,325
31.0,2,6,7,327
31.0,2,6,8,328
31.0,2,6,9,330
31.0,2,6,10,331
31.0,2,6,11,332
31.0,2,6,12,334
31.0,2,6,13,335
31.0,2,6,14,337
31.0,2,6,15,338
31.0,2,7,0,318
31.0,2,7,1,319
31.0,2,7,2,321
31.0,2,7,3,322
31.0,2,7,4,324
31.0,2,7,5,325
31.0,2,7,6,327
31.0,2,7,7,328
31.0,2,7,8,330
31.0,2,7,9,331
31.0,2,7,10,333
31.0,2,7,11,334
31.0,2,7,12,336
31.0,2,7,13,337
31.0,2,7,14,339
31.0,2,7,15,340
31.0,2,8,0,319
31.0,2,8,1,321
31.0,2,8,2,323
31.0,2,8,3,324
31.0,2,8,4,326
31.0,2,8,5,327
31.0,2,8,6,329
31.0,2,8,7,330
31.0,2,8,8,332
31.0,2,8,9,333
31.0,2,8,10,335
31.0,2,8,11,336
31.0,2,8,12,338
31.0,2,8,13,339
31.0,2,8,14,341
31.0,2,8,15,342
31.0,2,9,0,321
31.0,2,9,1,323
31.0,2,9,2,324
31.0,2,9,3,326
31.0,2,9,4,327
31.0,2,9,5,329
31.0,2,9,6,330
31.0,2,9,7,332
31.0,2,9,8,334
31.0,2,9,9,335
31.0,2,9,10,337
31.0,2,9,11,338
31.0,2,9,12,340
31.0,2,9,13,341
31.0,2,9,14,343
31.0,2,9,15,344
31.0,2,10,0,323
31.0,2,10,1,324
31.0,2,10,2,326
31.0,2,10,3,328
31.0,2,10,4,329
31.0,2,10,5,331
31.0,2,10,6,332
31.0,2,10,7,334
31.0,2,10,8,335
31.0,2,10,9,337
31.0,2,10,10,338
31.0,2,10,11,340
31.0,2,10,12,341
31.0,2,10,13,343
31.0,2,10,14,344
31.0,2,10,15,346
31.0,2,11,0,325
31.0,2,11,1,326
31.0,2,11,2,328
31.0,2,11,3,329
31.0,2,11,4,331
31.0,2,11,5,332
31.0,2,11,6,334
31.0,2,11,7,336
31.0,2,11,8,337
31.0,2,11,9,339
31.0,2,11,10,340
31.0,2,11,11,342
31.0,2,11,12,343
31.0,2,11,13,345
31.0,2,11,14,346
31.0,2,11,15,348
31.0,2,12,0,326
31.0,2,12,1,328
31.0,2,12,2,330
31.0,2,12,3,331
31.0,2,12,4,333
31.0,2,12,5,334
31.0,2,12,6,336
31.0,2,12,7,337
31.0,2,12,8,339
31.0,2,12,9,340
31.0,2,12,10,342
31.0,2,12,11,344
31.0,2,12,12,345
31.0,2,12,13,347
31.0,2,12,14,348
31.0,2,12,15,350
31.0,2,13,0,328
31.0,2,13,1,330
31.0,2,13,2,331
31.0,2,13,3,333
31.0,2,13,4,334
31.0,2,13,5,336
31.0,2,13,6,338
31.0,2,13,7,339
31.0,2,13,8,341
31.0,2,13,9,342
31.0,2,13,10,344
31.0,2,13,11,345
31.0,2,13,12,347
31.0,2,13,13,348
31.0,2,13,14,350
31.0,2,13,15,351
31.0,2,14,0,330
31.0,2,14,1,331
31.0,2,14,2,333
31.0,2,14,3,335
31.0,2,14,4,336
31.0,2,14,5,338
31.0,2,14,6,339
31.0,2,14,7,341
31.0,2,14,8,342
31.0,2,14,9,344
31.0,2,14,10,346
31.0,2,14,11,347
31.0,2,14,12,349
31.0,2,14,13,350
31.0,2,14,14,352
31.0,2,14,15,353
31.0,2,15,0,331
31.0,2,15,1,333
31.0,2,15,2,335
31.0,2,15,3,336
31.0,2,15,4,338
31.0,2,15,5,339
31.0,2,15,6,341
31.0,2,15,7,343
31.0,2,15,8,344
31.0,2,15,9,346
31.0,2,15,10,347
31.0,2,15,11,349
31.0,2,15,12,350
31.0,2,15,13,352
31.0,2,15,14,354
31.0,2,15,15,355
31.0,3,0,0,310
31.0,3,0,1,312
31.0,3,0,2,313
31.0,3,0,3,315
31.0,3,0,4,316
31.0,3,0,5,318
31.0,3,0,6,319
31.0,3,0,7,320
31.0,3,0,8,322
31.0,3,0,9,323
31.0,3,0,10,325
31.0,3,0,11,326
31.0,3,0,12,328
31.0,3,0,13,329
31.0,3,0,14,331
31.0,3,0,15,332
31.0,3,1,0,312
31.0,3,1,1,313
31.0,3,1,2,315
31.0,3,1,3,316
31.0,3,1,4,318
31.0,3,1,5,319
31.0,3,1,6,321
31.0,3,1,7,322
31.0,3,1,8,324
31.0,3,1,9,325
31.0,3,1,10,327
31.0,3,1,11,328
31.0,3,1,12,330
31.0,3,1,13,331
31.0,3,1,14,333
31.0,3,1,15,334
31.0,3,2,0,314
31.0,3,2,1,315
31.0,3,2,2,317
31.0,3,2,3,318
31.0,3,2,4,320
31.0,3,2,5,321
31.0,3,2,6,323
31.0,3,2,7,324
31.0,3,2,8,326
31.0,3,2,9,327
31.0,3,2,10,329
31.0,3,2,11,330
31.0,3,2,12,332
31.0,3,2,13,333
31.0,3,2,14,335
31.0,3,2,15,336
31.0,3,3,0,316
31.0,3,3,1,317
31.0,3,3,2,319
31.0,3,3,3,320
31.0,3,3,4,322
31.0,3,3,5,323
31.0,3,3,6,325
31.0,3,3,7,326
31.0,3,3,8,328
31.0,3,3,9,329
31.0,3,3,10,331
31.0,3,3,11,332
31.0,3,3,12,334
31.0,3,3,13,335
31.0,3,3,14,337
31.0,3,3,15,338
31.0,3,4,0,317
31.0,3,4,1,319
31.0,3,4,2,321
31.0,3,4,3,322
31.0,3,4,4,324
31.0,3,4,5,325
31.0,3,4,6,327
31.0,3,4,7,328
31.0,3,4,8,330
31.0,3,4,9,331
31.0,3,4,10,333
31.0,3,4,11,334
31.0,3,4,12,336
31.0,3,4,13,337
31.0,3,4,14,339
31.0,3,4,15,340
31.0,3,5,0,319
31.0,3,5,1,321
31.0,3,5,2,322
31.0,3,5,3,324
31.0,3,5,4,325
31.0,3,5,5,327
31.0,3,5,6,328
31.0,3,5,7,330
31.0,3,5,8,332
31.0,3,5,9,333
31.0,3,5,10,335
31.0,3,5,11,336
31.0,3,5,12,338
31.0,3,5,13,339
31.0,3,5,14,340
31.0,3,5,15,342
31.0,3,6,0,321
31.0,3,6,1,323
31.0,3,6,2,324
31.0,3,6,3,326
31.0,3,6,4,327
31.0,3,6,5,329
31.0,3,6,6,330
31.0,3,6,7,332
31.0,3,6,8,333
31.0,3,6,9,335
31.0,3,6,10,336
31.0,3,6,11,338
31.0,3,6,12,339
31.0,3,6,13,341
31.0,3,6,14,342
31.0,3,6,15,344
31.0,3,7,0,323
31.0,3,7,1,324
31.0,3,7,2,326
31.0,3,7,3,328
31.0,3,7,4,329
31.0,3,7,5,331
31.0,3,7,6,332
31.0,3,7,7,334
31.0,3,7,8,335
31.0,3,7,9,337
31.0,3,7,10,338
31.0,3,7,11,340
31.0,3,7,12,341
31.0,3,7,13,343
31.0,3,7,14,344
31.0,3,7,15,346
31.0,3,8,0,325
31.0,3,8,1,326
31.0,3,8,2,328
31.0,3,8,3,329
31.0,3,8,4,331
31.0,3,8,5,333
31.0,3,8,6,334
31.0,3,8,7,336
31.0,3,8,8,337
31.0,3,8,9,339
31.0,3,8,10,340
31.0,3,8,11,342
31.0,3,8,12,343
31.0,3,8,13,345
31.0,3,8,14,346
31.0,3,8,15,348
31.0,3,9,0,326
31.0,3,9,1,328
31.0,3,9,2,330
31.0,3,9,3,331
31.0,3,9,4,333
31.0,3,9,5,334
31.0,3,9,6,336
31.0,3,9,7,337
31.0,3,9,8,339
31.0,3,9,9,341
31.0,3,9,10,342
31.0,3,9,11,344
31.0,3,9,12,345
31.0,3,9,13,347
31.0,3,9,14,348
31.0,3,9,15,350
31.0,3,10,0,328
31.0,3,10,1,330
31.0,3,10,2,331
31.0,3,10,3,333
31.0,3,10,4,335
31.0,3,10,5,336
31.0,3,10,6,338
31.0,3,10,7,339
31.0,3,10,8,341
31.0,3,10,9,342
31.0,3,10,10,344
31.0,3,10,11,345
31.0,3,10,12,347
31.0,3,10,13,348
31.0,3,10,14,350
31.0,3,10,15,352
31.0,3,11,0,330
31.0,3,11,1,332
31.0,3,11,2,333
31.0,3,11,3,335
31.0,3,11,4,336
31.0,3,11,5,338
31.0,3,11,6,340
31.0,3,11,7,341
31.0,3,11,8,343
31.0,3,11,9,344
31.0,3,11,10,346
31.0,3,11,11,347
31.0,3,11,12,349
31.0,3,11,13,350
31.0,3,11,14,352
31.0,3,11,15,353
31.0,3,12,0,332
31.0,3,12,1,333
31.0,3,12,2,335
31.0,3,12,3,337
31.0,3,12,4,338
31.0,3,12,5,340
31.0,3,12,6,341
31.0,3,12,7,343
31.0,3,12,8,344
31.0,3,12,9,346
31.0,3,12,10,348
31.0,3,12,11,349
31.0,3,12,12,351
31.0,3,12,13,352
31.0,3,12,14,354
31.0,3,12,15,355
31.0,3,13,0,333
31.0,3,13,1,335
31.0,3,13,2,337
31.0,3,13,3,338
31.0,3,13,4,340
31.0,3,13,5,342
31.0,3,13,6,343
31.0,3,13,7,345
31.0,3,13,8,346
31.0,3,13,9,348
31.0,3,13,10,349
31.0,3,13,11,351
31.0,3,13,12,353
31.0,3,13,13,354
31.0,3,13,14,356
31.0,3,13,15,357
31.0,3,14,0,335
31.0,3,14,1,337
31.0,3,14,2,338
31.0,3,14,3,340
31.0,3,14,4,342
31.0,3,14,5,343
31.0,3,14,6,345
31.0,3,14,7,347
31.0,3,14,8,348
31.0,3,14,9,350
31.0,3,14,10,351
31.0,3,14,11,353
31.0,3,14,12,354
31.0,3,14,13,356
31.0,3,14,14,357
31.0,3,14,15,359
31.0,3,15,0,337
31.0,3,15,1,339
31.0,3,15,2,340
31.0,3,15,3,342
31.0,3,15,4,343
31.0,3,15,5,345
31.0,3,15,6,347
31.0,3,15,7,348
31.0,3,15,8,350
31.0,3,15,9,351
31.0,3,15,10,353
31.0,3,15,11,355
31.0,3,15,12,356
31.0,3,15,13,358
31.0,3,15,14,359
31.0,3,15,15,361
31.0,4,0,0,315
31.0,4,0,1,317
31.0,4,0,2,318
31.0,4,0,3,320
31.0,4,0,4,321
31.0,4,0,5,323
31.0,4,0,6,324
31.0,4,0,7,326
31.0,4,0,8,327
31.0,4,0,9,329
31.0,4,0,10,330
31.0,4,0,11,332
31.0,4,0,12,333
31.0,4,0,13,335
31.0,4,0,14,336
31.0,4,0,15,337
31.0,4,1,0,317
31.0,4,1,1,318
31.0,4,1,2,320
31.0,4,1,3,322
31.0,4,1,4,323
31.0,4,1,5,325
31.0,4,1,6,326
31.0,4,1,7,328
31.0,4,1,8,329
31.0,4,1,9,331
31.0,4,1,10,332
31.0,4,1,11,334
31.0,4,1,12,335
31.0,4,1,13,337
31.0,4,1,14,338
31.0,4,1,15,339
31.0,4,2,0,319
31.0,4,2,1,320
31.0,4,2,2,322
31.0,4,2,3,323
31.0,4,2,4,325
31.0,4,2,5,327
31.0,4,2,6,328
31.0,4,2,7,330
31.0,4,2,8,331
31.0,4,2,9,333
31.0,4,2,10,334
31.0,4,2,11,336
31.0,4,2,12,337
31.0,4,2,13,339
31.0,4,2,14,340
31.0,4,2,15,341
31.0,4,3,0,321
31.0,4,3,1,322
31.0,4,3,2,324
31.0,4,3,3,325
31.0,4,3,4,327
31.0,4,3,5,328
31.0,4,3,6,330
31.0,4,3,7,332
31.0,4,3,8,333
31.0,4,3,9,335
31.0,4,3,10,336
31.0,4,3,11,338
31.0,4,3,12,339
31.0,4,3,13,341
31.0,4,3,14,342
31.0,4,3,15,343
31.0,4,4,0,323
31.0,4,4,1,324
31.0,4,4,2,326
31.0,4,4,3,327
31.0,4,4,4,329
31.0,4,4,5,330
31.0,4,4,6,332
31.0,4,4,7,333
31.0,4,4,8,335
31.0,4,4,9,336
31.0,4,4,10,338
31.0,4,4,11,340
31.0,4,4,12,341
31.0,4,4,13,342
31.0,4,4,14,344
31.0,4,4,15,345
31.0,4,5,0,324
31.0,4,5,1,326
31.0,4,5,2,328
31.0,4,5,3,329
31.0,4,5,4,331
31.0,4,5,5,332
31.0,4,5,6,334
31.0,4,5,7,335
31.0,4,5,8,337
31.0,4,5,9,338
31.0,4,5,10,340
31.0,4,5,11,341
31.0,4,5,12,343
31.0,4,5,13,344
31.0,4,5,14,346
31.0,4,5,15,347
31.0,4,6,0,326
31.0,4,6,1,328
31.0,4,6,2,329
31.0,4,6,3,331
31.0,4,6,4,333
31.0,4,6,5,334
31.0,4,6,6,336
31.0,4,6,7,337
31.0,4,6,8,339
31.0,4,6,9,340
31.0,4,6,10,342
31.0,4,6,11,343
31.0,4,6,12,345
31.0,4,6,13,346
31.0,4,6,14,348
31.0,4,6,15,349
31.0,4,7,0,328
31.0,4,7,1,330
31.0,4,7,2,331
31.0,4,7,3,333
31.0,4,7,4,334
31.0,4,7,5,336
31.0,4,7,6,338
31.0,4,7,7,339
31.0,4,7,8,341
31.0,4,7,9,342
31.0,4,7,10,344
31.0,4,7,11,345
31.0,4,7,12,347
31.0,4,7,13,348
31.0,4,7,14,350
31.0,4,7,15,351
31.0,4,8,0,330
31.0,4,8,1,331
31.0,4,8,2,333
31.0,4,8,3,335
31.0,4,8,4,336
31.0,4,8,5,338
31.0,4,8,6,339
31.0,4,8,7,341
31.0,4,8,8,343
31.0,4,8,9,344
31.0,4,8,10,346
31.0,4,8,11,347
31.0,4,8,12,349
31.0,4,8,13,350
31.0,4,8,14,352
31.0,4,8,15,353
31.0,4,9,0,332
31.0,4,9,1,333
31.0,4,9,2,335
31.0,4,9,3,337
31.0,4,9,4,338
31.0,4,9,5,340
31.0,4,9,6,341
31.0,4,9,7,343
31.0,4,9,8,344
31.0,4,9,9,346
31.0,4,9,10,348
31.0,4,9,11,349
31.0,4,9,12,351
31.0,4,9,13,352
31.0,4,9,14,354
31.0,4,9,15,355
31.0,4,10,0,333
31.0,4,10,1,335
31.0,4,10,2,337
31.0,4,10,3,338
31.0,4,10,4,340
31.0,4,10,5,342
31.0,4,10,6,343
31.0,4,10,7,345
31.0,4,10,8,346
31.0,4,10,9,348
31.0,4,10,10,349
31.0,4,10,11,351
31.0,4,10,12,353
31.0,4,10,13,354
31.0,4,10,14,356
31.0,4,10,15,357
31.0,4,11,0,335
31.0,4,11,1,337
31.0,4,11,2,339
31.0,4,11,3,340
31.0,4,11,4,342
31.0,4,11,5,343
31.0,4,11,6,345
31.0,4,11,7,347
31.0,4,11,8,348
31.0,4,11,9,350
31.0,4,11,10,351
31.0,4,11,11,353
31.0,4,11,12,354
31.0,4,11,13,356
31.0,4,11,14,358
31.0,4,11,15,359
31.0,4,12,0,337
31.0,4,12,1,339
31.0,4,12,2,340
31.0,4,12,3,342
31.0,4,12,4,344
31.0,4,12,5,345
31.0,4,12,6,347
31.0,4,12,7,348
31.0,4,12,8,350
31.0,4,12,9,352
31.0,4,12,10,353
31.0,4,12,11,355
31.0,4,12,12,356
31.0,4,12,13,358
31.0,4,12,14,359
31.0,4,12,15,361
31.0,4,13,0,339
31.0,4,13,1,340
31.0,4,13,2,342
31.0,4,13,3,344
31.0,4,13,4,345
31.0,4,13,5,347
31.0,4,13,6,349
31.0,4,13,7,350
31.0,4,13,8,352
31.0,4,13,9,353
31.0,4,13,10,355
31.0,4,13,11,357
31.0,4,13,12,358
31.0,4,13,13,360
31.0,4,13,14,361
31.0,4,13,15,363
31.0,4,14,0,341
31.0,4,14,1,342
31.0,4,14,2,344
31.0,4,14,3,346
31.0,4,14,4,347
31.0,4,14,5,349
31.0,4,14,6,350
31.0,4,14,7,352
31.0,4,14,8,354
31.0,4,14,9,355
31.0,4,14,10,357
31.0,4,14,11,359
31.0,4,14,12,360
31.0,4,14,13,362
31.0,4,14,14,363
31.0,4,14,15,365
31.0,4,15,0,342
31.0,4,15,1,344
31.0,4,15,2,346
31.0,4,15,3,347
31.0,4,15,4,349
31.0,4,15,5,351
31.0,4,15,6,352
31.0,4,15,7,354
31.0,4,15,8,356
31.0,4,15,9,357
31.0,4,15,10,359
31.0,4,15,11,360
31.0,4,15,12,362
31.0,4,15,13,364
31.0,4,15,14,365
31.0,4,15,15,367
31.0,5,0,0,320
31.0,5,0,1,322
31.0,5,0,2,323
31.0,5,0,3,325
31.0,5,0,4,326
31.0,5,0,5,328
31.0,5,0,6,329
31.0,5,0,7,331
31.0,5,0,8,332
31.0,5,0,9,334
31.0,5,0,10,335
31.0,5,0,11,337
31.0,5,0,12,338
31.0,5,0,13,340
31.0,5,0,14,341
31.0,5,0,15,343
31.0,5,1,0,322
31.0,5,1,1,324
31.0,5,1,2,325
31.0,5,1,3,327
31.0,5,1,4,328
31.0,5,1,5,330
31.0,5,1,6,331
31.0,5,1,7,333
31.0,5,1,8,334
31.0,5,1,9,336
31.0,5,1,10,337
31.0,5,1,11,339
31.0,5,1,12,340
31.0,5,1,13,342
31.0,5,1,14,343
31.0,5,1,15,345
31.0,5,2,0,324
31.0,5,2,1,325
31.0,5,2,2,327
31.0,5,2,3,329
31.0,5,2,4,330
31.0,5,2,5,332
31.0,5,2,6,333
31.0,5,2,7,335
31.0,5,2,8,336
31.0,5,2,9,338
31.0,5,2,10,339
31.0,5,2,11,341
31.0,5,2,12,342
31.0,5,2,13,344
31.0,5,2,14,345
31.0,5,2,15,347
31.0,5,3,0,326
31.0,5,3,1,327
31.0,5,3,2,329
31.0,5,3,3,331
31.0,5,3,4,332
31.0,5,3,5,334
31.0,5,3,6,335
31.0,5,3,7,337
31.0,5,3,8,338
31.0,5,3,9,340
31.0,5,3,10,341
31.0,5,3,11,343
31.0,5,3,12,344
31.0,5,3,13,346
31.0,5,3,14,347
31.0,5,3,15,349
31.0,5,4,0,328
31.0,5,4,1,329
31.0,5,4,2,331
31.0,5,4,3,332
31.0,5,4,4,334
31.0,5,4,5,336
31.0,5,4,6,337
31.0,5,4,7,339
31.0,5,4,8,340
31.0,5,4,9,342
31.0,5,4,10,343
31.0,5,4,11,345
31.0,5,4,12,346
31.0,5,4,13,348
31.0,5,4,14,349
31.0,5,4,15,351
31.0,5,5,0,330
31.0,5,5,1,331
31.0,5,5,2,333
31.0,5,5,3,334
31.0,5,5,4,336
31.0,5,5,5,338
31.0,5,5,6,339
31.0,5,5,7,341
31.0,5,5,8,342
31.0,5,5,9,344
31.0,5,5,10,345
31.0,5,5,11,347
31.0,5,5,12,348
31.0,5,5,13,350
31.0,5,5,14,351
31.0,5,5,15,353
31.0,5,6,0,331
31.0,5,6,1,333
31.0,5,6,2,335
31.0,5,6,3,336
31.0,5,6,4,338
31.0,5,6,5,339
31.0,5,6,6,341
31.0,5,6,7,343
31.0,5,6,8,344
31.0,5,6,9,346
31.0,5,6,10,347
31.0,5,6,11,349
31.0,5,6,12,350
31.0,5,6,13,352
31.0,5,6,14,353
31.0,5,6,15,355
31.0,5,7,0,333
31.0,5,7,1,335
31.0,5,7,2,337
31.0,5,7,3,338
31.0,5,7,4,340
31.0,5,7,5,341
31.0,5,7,6,343
31.0,5,7,7,345
31.0,5,7,8,346
31.0,5,7,9,348
31.0,5,7,10,349
31.0,5,7,11,351
31.0,5,7,12,352
31.0,5,7,13,354
31.0,5,7,14,355
31.0,5,7,15,357
31.0,5,8,0,335
31.0,5,8,1,337
31.0,5,8,2,338
31.0,5,8,3,340
31.0,5,8,4,342
31.0,5,8,5,343
31.0,5,8,6,345
31.0,5,8,7,346
31.0,5,8,8,348
31.0,5,8,9,350
31.0,5,8,10,351
31.0,5,8,11,353
31.0,5,8,12,354
31.0,5,8,13,356
31.0,5,8,14,357
31.0,5,8,15,359
31.0,5,9,0,337
31.0,5,9,1,339
31.0,5,9,2,340
31.0,5,9,3,342
31.0,5,9,4,344
31.0,5,9,5,345
31.0,5,9,6,347
31.0,5,9,7,348
31.0,5,9,8,350
31.0,5,9,9,352
31.0,5,9,10,353
31.0,5,9,11,355
31.0,5,9,12,356
31.0,5,9,13,358
31.0,5,9,14,359
31.0,5,9,15,361
31.0,5,10,0,339
31.0,5,10,1,340
31.0,5,10,2,342
31.0,5,10,3,344
31.0,5,10,4,345
31.0,5,10,5,347
31.0,5,10,6,349
31.0,5,10,7,350
31.0,5,10,8,352
31.0,5,10,9,353
31.0,5,10,10,355
31.0,5,10,11,357
31.0,5,10,12,358
31.0,5,10,13,360
31.0,5,10,14,361
31.0,5,10,15,363
31.0,5,11,0,341
31.0,5,11,1,342
31.0,5,11,2,344
31.0,5,11,3,346
31.0,5,11,4,347
31.0,5,11,5,349
31.0,5,11,6,350
31.0,5,11,7,352
31.0,5,11,8,354
31.0,5,11,9,355
31.0,5,11,10,357
31.0,5,11,11,359
31.0,5,11,12,360
31.0,5,11,13,362
31.0,5,11,14,363
31.0,5,11,15,365
31.0,5,12,0,342
31.0,5,12,1,344
31.0,5,12,2,346
31.0,5,12,3,347
31.0,5,12,4,349
31.0,5,12,5,351
31.0,5,12,6,352
31.0,5,12,7,354
31.0,5,12,8,356
31.0,5,12,9,357
31.0,5,12,10,359
31.0,5,12,11,360
31.0,5,12,12,362
31.0,5,12,13,364
31.0,5,12,14,365
31.0,5,12,15,367
31.0,5,13,0,344
31.0,5,13,1,346
31.0,5,13,2,348
31.0,5,13,3,349
31.0,5,13,4,351
31.0,5,13,5,353
31.0,5,13,6,354
31.0,5,13,7,356
31.0,5,13,8,357
31.0,5,13,9,359
31.0,5,13,10,361
31.0,5,13,11,362
31.0,5,13,12,364
31.0,5,13,13,366
31.0,5,13,14,367
31.0,5,13,15,369
31.0,5,14,0,346
31.0,5,14,1,348
31.0,5,14,2,349
31.0,5,14,3,351
31.0,5,14,4,353
31.0,5,14,5,354
31.0,5,14,6,356
31.0,5,14,7,358
31.0,5,14,8,359
31.0,5,14,9,361
31.0,5,14,10,363
31.0,5,14,11,364
31.0,5,14,12,366
31.0,5,14,13,367
31.0,5,14,14,369
31.0,5,14,15,371
31.0,5,15,0,348
31.0,5,15,1,349
31.0,5,15,2,351
31.0,5,15,3,353
31.0,5,15,4,355
31.0,5,15,5,356
31.0,5,15,6,358
31.0,5,15,7,360
31.0,5,15,8,361
31.0,5,15,9,363
31.0,5,15,10,364
31.0,5,15,11,366
31.0,5,15,12,368
31.0,5,15,13,369
31.0,5,15,14,371
31.0,5,15,15,373
31.0,6,0,0,325
31.0,6,0,1,327
31.0,6,0,2,328
31.0,6,0,3,330
31.0,6,0,4,331
31.0,6,0,5,333
31.0,6,0,6,334
31.0,6,0,7,336
31.0,6,0,8,338
31.0,6,0,9,339
31.0,6,0,10,341
31.0,6,0,11,342
31.0,6,0,12,344
31.0,6,0,13,345
31.0,6,0,14,347
31.0,6,0,15,348
31.0,6,1,0,327
31.0,6,1,1,329
31.0,6,1,2,330
31.0,6,1,3,332
31.0,6,1,4,333
31.0,6,1,5,335
31.0,6,1,6,336
31.0,6,1,7,338
31.0,6,1,8,340
31.0,6,1,9,341
31.0,6,1,10,343
31.0,6,1,11,344
31.0,6,1,12,346
31.0,6,1,13,347
31.0,6,1,14,349
31.0,6,1,15,350
31.0,6,2,0,329
31.0,6,2,1,331
31.0,6,2,2,332
31.0,6,2,3,334
31.0,6,2,4,335
31.0,6,2,5,337
31.0,6,2,6,338
31.0,6,2,7,340
31.0,6,2,8,342
31.0,6,2,9,343
31.0,6,2,10,345
31.0,6,2,11,346
31.0,6,2,12,348
31.0,6,2,13,349
31.0,6,2,14,351
31.0,6,2,15,352
31.0,6,3,0,331
31.0,6,3,1,332
31.0,6,3,2,334
31.0,6,3,3,336
31.0,6,3,4,337
31.0,6,3,5,339
31.0,6,3,6,340
31.0,6,3,7,342
31.0,6,3,8,344
31.0,6,3,9,345
31.0,6,3,10,347
31.0,6,3,11,348
31.0,6,3,12,350
31.0,6,3,13,351
31.0,6,3,14,353
31.0,6,3,15,354
31.0,6,4,0,333
31.0,6,4,1,334
31.0,6,4,2,336
31.0,6,4,3,338
31.0,6,4,4,339
31.0,6,4,5,341
31.0,6,4,6,342
31.0,6,4,7,344
31.0,6,4,8,346
31.0,6,4,9,347
31.0,6,4,10,349
31.0,6,4,11,350
31.0,6,4,12,352
31.0,6,4,13,353
31.0,6,4,14,355
31.0,6,4,15,356
31.0,6,5,0,335
31.0,6,5,1,336
31.0,6,5,2,338
31.0,6,5,3,340
31.0,6,5,4,341
31.0,6,5,5,343
31.0,6,5,6,344
31.0,6,5,7,346
31.0,6,5,8,348
31.0,6,5,9,349
31.0,6,5,10,351
31.0,6,5,11,352
31.0,6,5,12,354
31.0,6,5,13,355
31.0,6,5,14,357
31.0,6,5,15,358
31.0,6,6,0,337
31.0,6,6,1,338
31.0,6,6,2,340
31.0,6,6,3,342
31.0,6,6,4,343
31.0,6,6,5,345
31.0,6,6,6,346
31.0,6,6,7,348
31.0,6,6,8,350
31.0,6,6,9,351
31.0,6,6,10,353
31.0,6,6,11,354
31.0,6,6,12,356
31.0,6,6,13,357
31.0,6,6,14,359
31.0,6,6,15,361
31.0,6,7,0,338
31.0,6,7,1,340
31.0,6,7,2,342
31.0,6,7,3,343
31.0,6,7,4,345
31.0,6,7,5,347
31.0,6,7,6,348
31.0,6,7,7,350
31.0,6,7,8,352
31.0,6,7,9,353
31.0,6,7,10,355
31.0,6,7,11,356
31.0,6,7,12,358
31.0,6,7,13,359
31.0,6,7,14,361
31.0,6,7,15,363
31.0,6,8,0,340
31.0,6,8,1,342
31.0,6,8,2,344
31.0,6,8,3,345
31.0,6,8,4,347
31.0,6,8,5,349
31.0,6,8,6,350
31.0,6,8,7,352
31.0,6,8,8,353
31.0,6,8,9,355
31.0,6,8,10,357
31.0,6,8,11,358
31.0,6,8,12,360
31.0,6,8,13,361
31.0,6,8,14,363
31.0,6,8,15,365
31.0,6,9,0,342
31.0,6,9,1,344
31.0,6,9,2,346
31.0,6,9,3,347
31.0,6,9,4,349
31.0,6,9,5,351
31.0,6,9,6,352
31.0,6,9,7,354
31.0,6,9,8,355
31.0,6,9,9,357
31.0,6,9,10,359
31.0,6,9,11,360
31.0,6,9,12,362
31.0,6,9,13,363
31.0,6,9,14,365
31.0,6,9,15,367
31.0,6,10,0,344
31.0,6,10,1,346
31.0,6,10,2,347
31.0,6,10,3,349
31.0,6,10,4,351
31.0,6,10,5,352
31.0,6,10,6,354
31.0,6,10,7,356
31.0,6,10,8,357
31.0,6,10,9,359
31.0,6,10,10,361
31.0,6,10,11,362
31.0,6,10,12,364
31.0,6,10,13,365
31.0,6,10,14,367
31.0,6,10,15,369
31.0,6,11,0,346
31.0,6,11,1,348
31.0,6,11,2,349
31.0,6,11,3,351
31.0,6,11,4,353
31.0,6,11,5,354
31.0,6,11,6,356
31.0,6,11,7,358
31.0,6,11,8,359
31.0,6,11,9,361
31.0,6,11,10,363
31.0,6,11,11,364
31.0,6,11,12,366
31.0,6,11,13,367
31.0,6,11,14,369
31.0,6,11,15,371
31.0,6,12,0,348
31.0,6,12,1,349
31.0,6,12,2,351
31.0,6,12,3,353
31.0,6,12,4,355
31.0,6,12,5,356
31.0,6,12,6,358
31.0,6,12,7,360
31.0,6,12,8,361
31.0,6,12,9,363
31.0,6,12,10,364
31.0,6,12,11,366
31.0,6,12,12,368
31.0,6,12,13,369
31.0,6,12,14,371
31.0,6,12,15,373
31.0,6,13,0,350
31.0,6,13,1,351
31.0,6,13,2,353
31.0,6,13,3,355
31.0,6,13,4,356
31.0,6,13,5,358
31.0,6,13,6,360
31.0,6,13,7,361
31.0,6,13,8,363
31.0,6,13,9,365
31.0,6,13,10,366
31.0,6,13,11,368
31.0,6,13,12,370
31.0,6,13,13,371
31.0,6,13,14,373
31.0,6,13,15,374
31.0,6,14,0,351
31.0,6,14,1,353
31.0,6,14,2,355
31.0,6,14,3,357
31.0,6,14,4,358
31.0,6,14,5,360
31.0,6,14,6,362
31.0,6,14,7,363
31.0,6,14,8,365
31.0,6,14,9,367
31.0,6,14,10,368
31.0,6,14,11,370
31.0,6,14,12,372
31.0,6,14,13,373
31.0,6,14,14,375
31.0,6,14,15,376
31.0,6,15,0,353
31.0,6,15,1,355
31.0,6,15,2,357
31.0,6,15,3,358
31.0,6,15,4,360
31.0,6,15,5,362
31.0,6,15,6,363
31.0,6,15,7,365
31.0,6,15,8,367
31.0,6,15,9,369
31.0,6,15,10,370
31.0,6,15,11,372
31.0,6,15,12,373
31.0,6,15,13,375
31.0,6,15,14,377
31.0,6,15,15,378
31.0,7,0,0,330
31.0,7,0,1,332
31.0,7,0,2,333
31.0,7,0,3,335
31.0,7,0,4,336
31.0,7,0,5,338
31.0,7,0,6,340
31.0,7,0,7,341
31.0,7,0,8,343
31.0,7,0,9,344
31.0,7,0,10,346
31.0,7,0,11,347
31.0,7,0,12,349
31.0,7,0,13,350
31.0,7,0,14,352
31.0,7,0,15,354
31.0,7,1,0,332
31.0,7,1,1,334
31.0,7,1,2,335
31.0,7,1,3,337
31.0,7,1,4,338
31.0,7,1,5,340
31.0,7,1,6,342
31.0,7,1,7,343
31.0,7,1,8,345
31.0,7,1,9,346
31.0,7,1,10,348
31.0,7,1,11,349
31.0,7,1,12,351
31.0,7,1,13,353
31.0,7,1,14,354
31.0,7,1,15,356
31.0,7,2,0,334
31.0,7,2,1,336
31.0,7,2,2,337
31.0,7,2,3,339
31.0,7,2,4,340
31.0,7,2,5,342
31.0,7,2,6,344
31.0,7,2,7,345
31.0,7,2,8,347
31.0,7,2,9,348
31.0,7,2,10,350
31.0,7,2,11,352
31.0,7,2,12,353
31.0,7,2,13,355
31.0,7,2,14,356
31.0,7,2,15,358
31.0,7,3,0,336
31.0,7,3,1,338
31.0,7,3,2,339
31.0,7,3,3,341
31.0,7,3,4,342
31.0,7,3,5,344
31.0,7,3,6,346
31.0,7,3,7,347
31.0,7,3,8,349
31.0,7,3,9,350
31.0,7,3,10,352
31.0,7,3,11,354
31.0,7,3,12,355
31.0,7,3,13,357
31.0,7,3,14,358
31.0,7,3,15,360
31.0,7,4,0,338
31.0,7,4,1,340
31.0,7,4,2,341
31.0,7,4,3,343
31.0,7,4,4,344
31.0,7,4,5,346
31.0,7,4,6,348
31.0,7,4,7,349
31.0,7,4,8,351
31.0,7,4,9,353
31.0,7,4,10,354
31.0,7,4,11,356
31.0,7,4,12,357
31.0,7,4,13,359
31.0,7,4,14,360
31.0,7,4,15,362
31.0,7,5,0,340
31.0,7,5,1,342
31.0,7,5,2,343
31.0,7,5,3,345
31.0,7,5,4,346
31.0,7,5,5,348
31.0,7,5,6,350
31.0,7,5,7,351
31.0,7,5,8,353
31.0,7,5,9,355
31.0,7,5,10,356
31.0,7,5,11,358
31.0,7,5,12,359
31.0,7,5,13,361
31.0,7,5,14,362
31.0,7,5,15,364
31.0,7,6,0,342
31.0,7,6,1,343
31.0,7,6,2,345
31.0,7,6,3,347
31.0,7,6,4,348
31.0,7,6,5,350
31.0,7,6,6,352
31.0,7,6,7,353
31.0,7,6,8,355
31.0,7,6,9,357
31.0,7,6,10,358
31.0,7,6,11,360
31.0,7,6,12,361
31.0,7,6,13,363
31.0,7,6,14,365
31.0,7,6,15,366
31.0,7,7,0,344
31.0,7,7,1,345
31.0,7,7,2,347
31.0,7,7,3,349
31.0,7,7,4,350
31.0,7,7,5,352
31.0,7,7,6,354
31.0,7,7,7,355
31.0,7,7,8,357
31.0,7,7,9,359
31.0,7,7,10,360
31.0,7,7,11,362
31.0,7,7,12,363
31.0,7,7,13,365
31.0,7,7,14,367
31.0,7,7,15,368
31.0,7,8,0,346
31.0,7,8,1,347
31.0,7,8,2,349
31.0,7,8,3,351
31.0,7,8,4,352
31.0,7,8,5,354
31.0,7,8,6,356
31.0,7,8,7,357
31.0,7,8,8,359
31.0,7,8,9,361
31.0,7,8,10,362
31.0,7,8,11,364
31.0,7,8,12,365
31.0,7,8,13,367
31.0,7,8,14,369
31.0,7,8,15,370
31.0,7,9,0,348
31.0,7,9,1,349
31.0,7,9,2,351
31.0,7,9,3,353
31.0,7,9,4,354
31.0,7,9,5,356
31.0,7,9,6,358
31.0,7,9,7,359
31.0,7,9,8,361
31.0,7,9,9,363
31.0,7,9,10,364
31.0,7,9,11,366
31.0,7,9,12,367
31.0,7,9,13,369
31.0,7,9,14,371
31.0,7,9,15,372
31.0,7,10,0,349
31.0,7,10,1,351
31.0,7,10,2,353
31.0,7,10,3,354
31.0,7,10,4,356
31.0,7,10,5,358
31.0,7,10,6,360
31.0,7,10,7,361
31.0,7,10,8,363
31.0,7,10,9,364
31.0,7,10,10,366
31.0,7,10,11,368
31.0,7,10,12,369
31.0,7,10,13,371
31.0,7,10,14,373
31.0,7,10,15,374
31.0,7,11,0,351
31.0,7,11,1,353
31.0,7,11,2,355
31.0,7,11,3,356
31.0,7,11,4,358
31.0,7,11,5,360
31.0,7,11,6,361
31.0,7,11,7,363
31.0,7,11,8,365
31.0,7,11,9,366
31.0,7,11,10,368
31.0,7,11,11,370
31.0,7,11,12,371
31.0,7,11,13,373
31.0,7,11,14,375
31.0,7,11,15,376
31.0,7,12,0,353
31.0,7,12,1,355
31.0,7,12,2,357
31.0,7,12,3,358
31.0,7,12,4,360
31.0,7,12,5,362
31.0,7,12,6,363
31.0,7,12,7,365
31.0,7,12,8,367
31.0,7,12,9,368
31.0,7,12,10,370
31.0,7,12,11,372
31.0,7,12,12,373
31.0,7,12,13,375
31.0,7,12,14,377
31.0,7,12,15,378
31.0,7,13,0,355
31.0,7,13,1,357
31.0,7,13,2,358
31.0,7,13,3,360
31.0,7,13,4,362
31.0,7,13,5,364
31.0,7,13,6,365
31.0,7,13,7,367
31.0,7,13,8,369
31.0,7,13,9,370
31.0,7,13,10,372
31.0,7,13,11,374
31.0,7,13,12,375
31.0,7,13,13,377
31.0,7,13,14,379
31.0,7,13,15,380
31.0,7,14,0,357
31.0,7,14,1,359
31.0,7,14,2,360
31.0,7,14,3,362
31.0,7,14,4,364
31.0,7,14,5,365
31.0,7,14,6,367
31.0,7,14,7,369
31.0,7,14,8,371
31.0,7,14,9,372
31.0,7,14,10,374
31.0,7,14,11,376
31.0,7,14,12,377
31.0,7,14,13,379
31.0,7,14,14,381
31.0,7,14,15,382
31.0,7,15,0,359
31.0,7,15,1,360
31.0,7,15,2,362
31.0,7,15,3,364
31.0,7,15,4,366
31.0,7,15,5,367
31.0,7,15,6,369
31.0,7,15,7,371
31.0,7,15,8,372
31.0,7,15,9,374
31.0,7,15,10,376
31.0,7,15,11,378
31.0,7,15,12,379
31.0,7,15,13,381
31.0,7,15,14,383
31.0,7,15,15,384
31.0,8,0,0,335
31.0,8,0,1,337
31.0,8,0,2,338
31.0,8,0,3,340
31.0,8,0,4,342
31.0,8,0,5,343
31.0,8,0,6,345
31.0,8,0,7,346
31.0,8,0,8,348
31.0,8,0,9,350
31.0,8,0,10,351
31.0,8,0,11,353
31.0,8,0,12,354
31.0,8,0,13,356
31.0,8,0,14,357
31.0,8,0,15,359
31.0,8,1,0,337
31.0,8,1,1,339
31.0,8,1,2,340
31.0,8,1,3,342
31.0,8,1,4,344
31.0,8,1,5,345
31.0,8,1,6,347
31.0,8,1,7,348
31.0,8,1,8,350
31.0,8,1,9,352
31.0,8,1,10,353
31.0,8,1,11,355
31.0,8,1,12,356
31.0,8,1,13,358
31.0,8,1,14,359
31.0,8,1,15,361
31.0,8,2,0,339
31.0,8,2,1,341
31.0,8,2,2,342
31.0,8,2,3,344
31.0,8,2,4,346
31.0,8,2,5,347
31.0,8,2,6,349
31.0,8,2,7,351
31.0,8,2,8,352
31.0,8,2,9,354
31.0,8,2,10,355
31.0,8,2,11,357
31.0,8,2,12,358
31.0,8,2,13,360
31.0,8,2,14,362
31.0,8,2,15,363
31.0,8,3,0,341
31.0,8,3,1,343
31.0,8,3,2,344
31.0,8,3,3,346
31.0,8,3,4,348
31.0,8,3,5,349
31.0,8,3,6,351
31.0,8,3,7,353
31.0,8,3,8,354
31.0,8,3,9,356
31.0,8,3,10,357
31.0,8,3,11,359
31.0,8,3,12,361
31.0,8,3,13,362
31.0,8,3,14,364
31.0,8,3,15,365
31.0,8,4,0,343
31.0,8,4,1,345
31.0,8,4,2,346
31.0,8,4,3,348
31.0,8,4,4,350
31.0,8,4,5,351
31.0,8,4,6,353
31.0,8,4,7,355
31.0,8,4,8,356
31.0,8,4,9,358
31.0,8,4,10,359
31.0,8,4,11,361
31.0,8,4,12,363
31.0,8,4,13,364
31.0,8,4,14,366
31.0,8,4,15,367
31.0,8,5,0,345
31.0,8,5,1,347
31.0,8,5,2,348
31.0,8,5,3,350
31.0,8,5,4,352
31.0,8,5,5,353
31.0,8,5,6,355
31.0,8,5,7,357
31.0,8,5,8,358
31.0,8,5,9,360
31.0,8,5,10,362
31.0,8,5,11,363
31.0,8,5,12,365
31.0,8,5,13,366
31.0,8,5,14,368
31.0,8,5,15,370
31.0,8,6,0,347
31.0,8,6,1,349
31.0,8,6,2,350
31.0,8,6,3,352
31.0,8,6,4,354
31.0,8,6,5,355
31.0,8,6,6,357
31.0,8,6,7,359
31.0,8,6,8,360
31.0,8,6,9,362
31.0,8,6,10,364
31.0,8,6,11,365
31.0,8,6,12,367
31.0,8,6,13,368
31.0,8,6,14,370
31.0,8,6,15,372
31.0,8,7,0,349
31.0,8,7,1,351
31.0,8,7,2,352
31.0,8,7,3,354
31.0,8,7,4,356
31.0,8,7,5,357
31.0,8,7,6,359
31.0,8,7,7,361
31.0,8,7,8,362
31.0,8,7,9,364
31.0,8,7,10,366
31.0,8,7,11,367
31.0,8,7,12,369
31.0,8,7,13,371
31.0,8,7,14,372
31.0,8,7,15,374
31.0,8,8,0,351
31.0,8,8,1,353
31.0,8,8,2,354
31.0,8,8,3,356
31.0,8,8,4,358
31.0,8,8,5,359
31.0,8,8,6,361
31.0,8,8,7,363
31.0,8,8,8,364
31.0,8,8,9,366
31.0,8,8,10,368
31.0,8,8,11,369
31.0,8,8,12,371
31.0,8,8,13,373
31.0,8,8,14,374
31.0,8,8,15,376
31.0,8,9,0,353
31.0,8,9,1,355
31.0,8,9,2,356
31.0,8,9,3,358
31.0,8,9,4,360
31.0,8,9,5,361
31.0,8,9,6,363
31.0,8,9,7,365
31.0,8,9,8,366
31.0,8,9,9,368
31.0,8,9,10,370
31.0,8,9,11,371
31.0,8,9,12,373
31.0,8,9,13,375
31.0,8,9,14,376
31.0,8,9,15,378
31.0,8,10,0,355
31.0,8,10,1,356
31.0,8,10,2,358
31.0,8,10,3,360
31.0,8,10,4,362
31.0,8,10,5,363
31.0,8,10,6,365
31.0,8,10,7,367
31.0,8,10,8,368
31.0,8,10,9,370
31.0,8,10,10,372
31.0,8,10,11,373
31.0,8,10,12,375
31.0,8,10,13,377
31.0,8,10,14,378
31.0,8,10,15,380
31.0,8,11,0,357
31.0,8,11,1,358
31.0,8,11,2,360
31.0,8,11,3,362
31.0,8,11,4,364
31.0,8,11,5,365
31.0,8,11,6,367
31.0,8,11,7,369
31.0,8,11,8,370
31.0,8,11,9,372
31.0,8,11,10,374
31.0,8,11,11,375
31.0,8,11,12,377
31.0,8,11,13,379
31.0,8,11,14,380
31.0,8,11,15,382
31.0,8,12,0,358
31.0,8,12,1,360
31.0,8,12,2,362
31.0,8,12,3,364
31.0,8,12,4,365
31.0,8,12,5,367
31.0,8,12,6,369
31.0,8,12,7,371
31.0,8,12,8,372
31.0,8,12,9,374
31.0,8,12,10,376
31.0,8,12,11,377
31.0,8,12,12,379
31.0,8,12,13,381
31.0,8,12,14,382
31.0,8,12,15,384
31.0,8,13,0,360
31.0,8,13,1,362
31.0,8,13,2,364
31.0,8,13,3,366
31.0,8,13,4,367
31.0,8,13,5,369
31.0,8,13,6,371
31.0,8,13,7,373
31.0,8,13,8,374
31.0,8,13,9,376
31.0,8,13,10,378
31.0,8,13,11,379
31.0,8,13,12,381
31.0,8,13,13,383
31.0,8,13,14,384
31.0,8,13,15,386
31.0,8,14,0,362
31.0,8,14,1,364
31.0,8,14,2,366
31.0,8,14,3,368
31.0,8,14,4,369
31.0,8,14,5,371
31.0,8,14,6,373
31.0,8,14,7,374
31.0,8,14,8,376
31.0,8,14,9,378
31.0,8,14,10,380
31.0,8,14,11,381
31.0,8,14,12,383
31.0,8,14,13,385
31.0,8,14,14,386
31.0,8,14,15,388
31.0,8,15,0,364
31.0,8,15,1,366
31.0,8,15,2,368
31.0,8,15,3,369
31.0,8,15,4,371
31.0,8,15,5,373
31.0,8,15,6,375
31.0,8,15,7,376
31.0,8,15,8,378
31.0,8,15,9,380
31.0,8,15,10,382
31.0,8,15,11,383
31.0,8,15,12,385
31.0,8,15,13,387
31.0,8,15,14,388
31.0,8,15,15,390
31.0,9,0,0,340
31.0,9,0,1,342
31.0,9,0,2,343
31.0,9,0,3,345
31.0,9,0,4,347
31.0,9,0,5,348
31.0,9,0,6,350
31.0,9,0,7,352
31.0,9,0,8,353
31.0,9,0,9,355
31.0,9,0,10,356
31.0,9,0,11,358
31.0,9,0,12,360
31.0,9,0,13,361
31.0,9,0,14,363
31.0,9,0,15,364
31.0,9,1,0,342
31.0,9,1,1,344
31.0,9,1,2,345
31.0,9,1,3,347
31.0,9,1,4,349
31.0,9,1,5,350
31.0,9,1,6,352
31.0,9,1,7,354
31.0,9,1,8,355
31.0,9,1,9,357
31.0,9,1,10,359
31.0,9,1,11,360
31.0,9,1,12,362
31.0,9,1,13,363
31.0,9,1,14,365
31.0,9,1,15,366
31.0,9,2,0,344
31.0,9,2,1,346
31.0,9,2,2,347
31.0,9,2,3,349
31.0,9,2,4,351
31.0,9,2,5,352
31.0,9,2,6,354
31.0,9,2,7,356
31.0,9,2,8,357
31.0,9,2,9,359
31.0,9,2,10,361
31.0,9,2,11,362
31.0,9,2,12,364
31.0,9,2,13,365
31.0,9,2,14,367
31.0,9,2,15,369
31.0,9,3,0,346
31.0,9,3,1,348
31.0,9,3,2,350
31.0,9,3,3,351
31.0,9,3,4,353
31.0,9,3,5,355
31.0,9,3,6,356
31.0,9,3,7,358
31.0,9,3,8,359
31.0,9,3,9,361
31.0,9,3,10,363
31.0,9,3,11,364
31.0,9,3,12,366
31.0,9,3,13,368
31.0,9,3,14,369
31.0,9,3,15,371
31.0,9,4,0,348
31.0,9,4,1,350
31.0,9,4,2,352
31.0,9,4,3,353
31.0,9,4,4,355
31.0,9,4,5,357
31.0,9,4,6,358
31.0,9,4,7,360
31.0,9,4,8,362
31.0,9,4,9,363
31.0,9,4,10,365
31.0,9,4,11,366
31.0,9,4,12,368
31.0,9,4,13,370
31.0,9,4,14,371
31.0,9,4,15,373
31.0,9,5,0,350
31.0,9,5,1,352
31.0,9,5,2,354
31.0,9,5,3,355
31.0,9,5,4,357
31.0,9,5,5,359
31.0,9,5,6,360
31.0,9,5,7,362
31.0,9,5,8,364
31.0,9,5,9,365
31.0,9,5,10,367
31.0,9,5,11,369
31.0,9,5,12,370
31.0,9,5,13,372
31.0,9,5,14,373
31.0,9,5,15,375
31.0,9,6,0,352
31.0,9,6,1,354
31.0,9,6,2,356
31.0,9,6,3,357
31.0,9,6,4,359
31.0,9,6,5,361
31.0,9,6,6,362
31.0,9,6,7,364
31.0,9,6,8,366
31.0,9,6,9,367
31.0,9,6,10,369
31.0,9,6,11,371
31.0,9,6,12,372
31.0,9,6,13,374
31.0,9,6,14,376
31.0,9,6,15,377
31.0,9,7,0,354
31.0,9,7,1,356
31.0,9,7,2,358
31.0,9,7,3,359
31.0,9,7,4,361
31.0,9,7,5,363
31.0,9,7,6,364
31.0,9,7,7,366
31.0,9,7,8,368
31.0,9,7,9,369
31.0,9,7,10,371
31.0,9,7,11,373
31.0,9,7,12,374
31.0,9,7,13,376
31.0,9,7,14,378
31.0,9,7,15,379
31.0,9,8,0,356
31.0,9,8,1,358
31.0,9,8,2,360
31.0,9,8,3,361
31.0,9,8,4,363
31.0,9,8,5,365
31.0,9,8,6,366
31.0,9,8,7,368
31.0,9,8,8,370
31.0,9,8,9,371
31.0,9,8,10,373
31.0,9,8,11,375
31.0,9,8,12,376
31.0,9,8,13,378
31.0,9,8,14,380
31.0,9,8,15,381
31.0,9,9,0,358
31.0,9,9,1,360
31.0,9,9,2,362
31.0,9,9,3,363
31.0,9,9,4,365
31.0,9,9,5,367
31.0,9,9,6,368
31.0,9,9,7,370
31.0,9,9,8,372
31.0,9,9,9,374
31.0,9,9,10,375
31.0,9,9,11,377
31.0,9,9,12,379
31.0,9,9,13,380
31.0,9,9,14,382
31.0,9,9,15,384
31.0,9,10,0,360
31.0,9,10,1,362
31.0,9,10,2,364
31.0,9,10,3,365
31.0,9,10,4,367
31.0,9,10,5,369
31.0,9,10,6,370
31.0,9,10,7,372
31.0,9,10,8,374
31.0,9,10,9,376
31.0,9,10,10,377
31.0,9,10,11,379
31.0,9,10,12,381
31.0,9,10,13,382
31.0,9,10,14,384
31.0,9,10,15,386
31.0,9,11,0,362
31.0,9,11,1,364
31.0,9,11,2,365
31.0,9,11,3,367
31.0,9,11,4,369
31.0,9,11,5,371
31.0,9,11,6,372
31.0,9,11,7,374
31.0,9,11,8,376
31.0,9,11,9,378
31.0,9,11,10,379
31.0,9,11,11,381
31.0,9,11,12,383
31.0,9,11,13,384
31.0,9,11,14,386
31.0,9,11,15,388
31.0,9,12,0,364
31.0,9,12,1,366
31.0,9,12,2,367
31.0,9,12,3,369
31.0,9,12,4,371
31.0,9,12,5,373
31.0,9,12,6,374
31.0,9,12,7,376
31.0,9,12,8,378
31.0,9,12,9,380
31.0,9,12,10,381
31.0,9,12,11,383
31.0,9,12,12,385
31.0,9,12,13,386
31.0,9,12,14,388
31.0,9,12,15,390
31.0,9,13,0,366
31.0,9,13,1,368
31.0,9,13,2,369
31.0,9,13,3,371
31.0,9,13,4,373
31.0,9,13,5,375
31.0,9,13,6,376
31.0,9,13,7,378
31.0,9,13,8,380
31.0,9,13,9,382
31.0,9,13,10,383
31.0,9,13,11,385
31.0,9,13,12,387
31.0,9,13,13,388
31.0,9,13,14,390
31.0,9,13,15,392
31.0,9,14,0,368
31.0,9,14,1,369
31.0,9,14,2,371
31.0,9,14,3,373
31.0,9,14,4,375
31.0,9,14,5,377
31.0,9,14,6,378
31.0,9,14,7,380
31.0,9,14,8,382
31.0,9,14,9,384
31.0,9,14,10,385
31.0,9,14,11,387
31.0,9,14,12,389
31.0,9,14,13,390
31.0,9,14,14,392
31.0,9,14,15,394
31.0,9,15,0,370
31.0,9,15,1,371
31.0,9,15,2,373
31.0,9,15,3,375
31.0,9,15,4,377
31.0,9,15,5,379
31.0,9,15,6,380
31.0,9,15,7,382
31.0,9,15,8,384
31.0,9,15,9,386
31.0,9,15,10,387
31.0,9,15,11,389
31.0,9,15,12,391
31.0,9,15,13,392
31.0,9,15,14,394
31.0,9,15,15,396
31.0,10,0,0,345
31.0,10,0,1,347
31.0,10,0,2,348
31.0,10,0,3,350
31.0,10,0,4,352
31.0,10,0,5,353
31.0,10,0,6,355
31.0,10,0,7,357
31.0,10,0,8,358
31.0,10,0,9,360
31.0,10,0,10,362
31.0,10,0,11,363
31.0,10,0,12,365
31.0,10,0,13,366
31.0,10,0,14,368
31.0,10,0,15,370
31.0,10,1,0,347
31.0,10,1,1,349
31.0,10,1,2,351
31.0,10,1,3,352
31.0,10,1,4,354
31.0,10,1,5,356
31.0,10,1,6,357
31.0,10,1,7,359
31.0,10,1,8,361
31.0,10,1,9,362
31.0,10,1,10,364
31.0,10,1,11,365
31.0,10,1,12,367
31.0,10,1,13,369
31.0,10,1,14,370
31.0,10,1,15,372
31.0,10,2,0,349
31.0,10,2,1,351
31.0,10,2,2,353
31.0,10,2,3,354
31.0,10,2,4,356
31.0,10,2,5,358
31.0,10,2,6,359
31.0,10,2,7,361
31.0,10,2,8,363
31.0,10,2,9,364
31.0,10,2,10,366
31.0,10,2,11,368
31.0,10,2,12,369
31.0,10,2,13,371
31.0,10,2,14,372
31.0,10,2,15,374
31.0,10,3,0,351
31.0,10,3,1,353
31.0,10,3,2,355
31.0,10,3,3,356
31.0,10,3,4,358
31.0,10,3,5,360
31.0,10,3,6,361
31.0,10,3,7,363
31.0,10,3,8,365
31.0,10,3,9,366
31.0,10,3,10,368
31.0,10,3,11,370
31.0,10,3,12,371
31.0,10,3,13,373
31.0,10,3,14,375
31.0,10,3,15,376
31.0,10,4,0,353
31.0,10,4,1,355
31.0,10,4,2,357
31.0,10,4,3,358
31.0,10,4,4,360
31.0,10,4,5,362
31.0,10,4,6,364
31.0,10,4,7,365
31.0,10,4,8,367
31.0,10,4,9,369
31.0,10,4,10,370
31.0,10,4,11,372
31.0,10,4,12,374
31.0,10,4,13,375
31.0,10,4,14,377
31.0,10,4,15,378
31.0,10,5,0,355
31.0,10,5,1,357
31.0,10,5,2,359
31.0,10,5,3,361
31.0,10,5,4,362
31.0,10,5,5,364
31.0,10,5,6,366
31.0,10,5,7,367
31.0,10,5,8,369
31.0,10,5,9,371
31.0,10,5,10,372
31.0,10,5,11,374
31.0,10,5,12,376
31.0,10,5,13,377
31.0,10,5,14,379
31.0,10,5,15,381
31.0,10,6,0,357
31.0,10,6,1,359
31.0,10,6,2,361
31.0,10,6,3,363
31.0,10,6,4,364
31.0,10,6,5,366
31.0,10,6,6,368
31.0,10,6,7,369
31.0,10,6,8,371
31.0,10,6,9,373
31.0,10,6,10,374
31.0,10,6,11,376
31.0,10,6,12,378
31.0,10,6,13,379
31.0,10,6,14,381
31.0,10,6,15,383
31.0,10,7,0,359
31.0,10,7,1,361
31.0,10,7,2,363
31.0,10,7,3,365
31.0,10,7,4,366
31.0,10,7,5,368
31.0,10,7,6,370
31.0,10,7,7,371
31.0,10,7,8,373
31.0,10,7,9,375
31.0,10,7,10,377
31.0,10,7,11,378
31.0,10,7,12,380
31.0,10,7,13,382
31.0,10,7,14,383
31.0,10,7,15,385
31.0,10,8,0,361
31.0,10,8,1,363
31.0,10,8,2,365
31.0,10,8,3,367
31.0,10,8,4,368
31.0,10,8,5,370
31.0,10,8,6,372
31.0,10,8,7,374
31.0,10,8,8,375
31.0,10,8,9,377
31.0,10,8,10,379
31.0,10,8,11,380
31.0,10,8,12,382
31.0,10,8,13,384
31.0,10,8,14,385
31.0,10,8,15,387
31.0,10,9,0,363
31.0,10,9,1,365
31.0,10,9,2,367
31.0,10,9,3,369
31.0,10,9,4,370
31.0,10,9,5,372
31.0,10,9,6,374
31.0,10,9,7,376
31.0,10,9,8,377
31.0,10,9,9,379
31.0,10,9,10,381
31.0,10,9,11,382
31.0,10,9,12,384
31.0,10,9,13,386
31.0,10,9,14,387
31.0,10,9,15,389
31.0,10,10,0,365
31.0,10,10,1,367
31.0,10,10,2,369
31.0,10,10,3,371
31.0,10,10,4,372
31.0,10,10,5,374
31.0,10,10,6,376
31.0,10,10,7,378
31.0,10,10,8,379
31.0,10,10,9,381
31.0,10,10,10,383
31.0,10,10,11,385
31.0,10,10,12,386
31.0,10,10,13,388
31.0,10,10,14,390
31.0,10,10,15,391
31.0,10,11,0,367
31.0,10,11,1,369
31.0,10,11,2,371
31.0,10,11,3,373
31.0,10,11,4,374
31.0,10,11,5,376
31.0,10,11,6,378
31.0,10,11,7,380
31.0,10,11,8,381
31.0,10,11,9,383
31.0,10,11,10,385
31.0,10,11,11,387
31.0,10,11,12,388
31.0,10,11,13,390
31.0,10,11,14,392
31.0,10,11,15,393
31.0,10,12,0,369
31.0,10,12,1,371
31.0,10,12,2,373
31.0,10,12,3,375
31.0,10,12,4,376
31.0,10,12,5,378
31.0,10,12,6,380
31.0,10,12,7,382
31.0,10,12,8,383
31.0,10,12,9,385
31.0,10,12,10,387
31.0,10,12,11,389
31.0,10,12,12,390
31.0,10,12,13,392
31.0,10,12,14,394
31.0,10,12,15,395
31.0,10,13,0,371
31.0,10,13,1,373
31.0,10,13,2,375
31.0,10,13,3,377
31.0,10,13,4,378
31.0,10,13,5,380
31.0,10,13,6,382
31.0,10,13,7,384
31.0,10,13,8,385
31.0,10,13,9,387
31.0,10,13,10,389
31.0,10,13,11,391
31.0,10,13,12,392
31.0,10,13,13,394
31.0,10,13,14,396
31.0,10,13,15,398
31.0,10,14,0,373
31.0,10,14,1,375
31.0,10,14,2,377
31.0,10,14,3,379
31.0,10,14,4,380
31.0,10,14,5,382
31.0,10,14,6,384
31.0,10,14,7,386
31.0,10,14,8,387
31.0,10,14,9,389
31.0,10,14,10,391
31.0,10,14,11,393
31.0,10,14,12,394
31.0,10,14,13,396
31.0,10,14,14,398
31.0,10,14,15,400
31.0,10,15,0,375
31.0,10,15,1,377
31.0,10,15,2,379
31.0,10,15,3,380
31.0,10,15,4,382
31.0,10,15,5,384
31.0,10,15,6,386
31.0,10,15,7,388
31.0,10,15,8,389
31.0,10,15,9,391
31.0,10,15,10,393
31.0,10,15,11,395
31.0,10,15,12,396
31.0,10,15,13,398
31.0,10,15,14,400
31.0,10,15,15,402
31.0,11,0,0,350
31.0,11,0,1,352
31.0,11,0,2,353
31.0,11,0,3,355
31.0,11,0,4,357
31.0,11,0,5,359
31.0,11,0,6,360
31.0,11,0,7,362
31.0,11,0,8,364
31.0,11,0,9,365
31.0,11,0,10,367
31.0,11,0,11,368
31.0,11,0,12,370
31.0,11,0,13,372
31.0,11,0,14,373
31.0,11,0,15,375
31.0,11,1,0,352
31.0,11,1,1,354
31.0,11,1,2,356
31.0,11,1,3,357
31.0,11,1,4,359
31.0,11,1,5,361
31.0,11,1,6,362
31.0,11,1,7,364
31.0,11,1,8,366
31.0,11,1,9,367
31.0,11,1,10,369
31.0,11,1,11,371
31.0,11,1,12,372
31.0,11,1,13,374
31.0,11,1,14,376
31.0,11,1,15,377
31.0,11,2,0,354
31.0,11,2,1,356
31.0,11,2,2,358
31.0,11,2,3,359
31.0,11,2,4,361
31.0,11,2,5,363
31.0,11,2,6,365
31.0,11,2,7,366
31.0,11,2,8,368
31.0,11,2,9,370
31.0,11,2,10,371
31.0,11,2,11,373
31.0,11,2,12,375
31.0,11,2,13,376
31.0,11,2,14,378
31.0,11,2,15,379
31.0,11,3,0,356
31.0,11,3,1,358
31.0,11,3,2,360
31.0,11,3,3,362
31.0,11,3,4,363
31.0,11,3,5,365
31.0,11,3,6,367
31.0,11,3,7,368
31.0,11,3,8,370
31.0,11,3,9,372
31.0,11,3,10,373
31.0,11,3,11,375
31.0,11,3,12,377
31.0,11,3,13,378
31.0,11,3,14,380
31.0,11,3,15,382
31.0,11,4,0,358
31.0,11,4,1,360
31.0,11,4,2,362
31.0,11,4,3,364
31.0,11,4,4,365
31.0,11,4,5,367
31.0,11,4,6,369
31.0,11,4,7,371
31.0,11,4,8,372
31.0,11,4,9,374
31.0,11,4,10,376
31.0,11,4,11,377
31.0,11,4,12,379
31.0,11,4,13,381
31.0,11,4,14,382
31.0,11,4,15,384
31.0,11,5,0,360
31.0,11,5,1,362
31.0,11,5,2,364
31.0,11,5,3,366
31.0,11,5,4,367
31.0,11,5,5,369
31.0,11,5,6,371
31.0,11,5,7,373
31.0,11,5,8,374
31.0,11,5,9,376
31.0,11,5,10,378
31.0,11,5,11,379
31.0,11,5,12,381
31.0,11,5,13,383
31.0,11,5,14,384
31.0,11,5,15,386
31.0,11,6,0,363
31.0,11,6,1,364
31.0,11,6,2,366
31.0,11,6,3,368
31.0,11,6,4,370
31.0,11,6,5,371
31.0,11,6,6,373
31.0,11,6,7,375
31.0,11,6,8,376
31.0,11,6,9,378
31.0,11,6,10,380
31.0,11,6,11,382
31.0,11,6,12,383
31.0,11,6,13,385
31.0,11,6,14,387
31.0,11,6,15,388
31.0,11,7,0,365
31.0,11,7,1,366
31.0,11,7,2,368
31.0,11,7,3,370
31.0,11,7,4,372
31.0,11,7,5,373
31.0,11,7,6,375
31.0,11,7,7,377
31.0,11,7,8,379
31.0,11,7,9,380
31.0,11,7,10,382
31.0,11,7,11,384
31.0,11,7,12,385
31.0,11,7,13,387
31.0,11,7,14,389
31.0,11,7,15,390
31.0,11,8,0,367
31.0,11,8,1,368
31.0,11,8,2,370
31.0,11,8,3,372
31.0,11,8,4,374
31.0,11,8,5,375
31.0,11,8,6,377
31.0,11,8,7,379
31.0,11,8,8,381
31.0,11,8,9,382
31.0,11,8,10,384
31.0,11,8,11,386
31.0,11,8,12,388
31.0,11,8,13,389
31.0,11,8,14,391
31.0,11,8,15,393
31.0,11,9,0,369
31.0,11,9,1,370
31.0,11,9,2,372
31.0,11,9,3,374
31.0,11,9,4,376
31.0,11,9,5,378
31.0,11,9,6,379
31.0,11,9,7,381
31.0,11,9,8,383
31.0,11,9,9,385
31.0,11,9,10,386
31.0,11,9,11,388
31.0,11,9,12,390
31.0,11,9,13,391
31.0,11,9,14,393
31.0,11,9,15,395
31.0,11,10,0,371
31.0,11,10,1,372
31.0,11,10,2,374
31.0,11,10,3,376
31.0,11,10,4,378
31.0,11,10,5,380
31.0,11,10,6,381
31.0,11,10,7,383
31.0,11,10,8,385
31.0,11,10,9,387
31.0,11,10,10,388
31.0,11,10,11,390
31.0,11,10,12,392
31.0,11,10,13,394
31.0,11,10,14,395
31.0,11,10,15,397
31.0,11,11,0,373
31.0,11,11,1,374
31.0,11,11,2,376
31.0,11,11,3,378
31.0,11,11,4,380
31.0,11,11,5,382
31.0,11,11,6,383
31.0,11,11,7,385
31.0,11,11,8,387
31.0,11,11,9,389
31.0,11,11,10,390
31.0,11,11,11,392
31.0,11,11,12,394
31.0,11,11,13,396
31.0,11,11,14,397
31.0,11,11,15,399
31.0,11,12,0,375
31.0,11,12,1,376
31.0,11,12,2,378
31.0,11,12,3,380
31.0,11,12,4,382
31.0,11,12,5,384
31.0,11,12,6,385
31.0,11,12,7,387
31.0,11,12,8,389
31.0,11,12,9,391
31.0,11,12,10,393
31.0,11,12,11,394
31.0,11,12,12,396
31.0,11,12,13,398
31.0,11,12,14,399
31.0,11,12,15,401
31.0,11,13,0,377
31.0,11,13,1,378
31.0,11,13,2,380
31.0,11,13,3,382
31.0,11,13,4,384
31.0,11,13,5,386
31.0,11,13,6,387
31.0,11,13,7,389
31.0,11,13,8,391
31.0,11,13,9,393
31.0,11,13,10,395
31.0,11,13,11,396
31.0,11,13,12,398
31.0,11,13,13,400
31.0,11,13,14,402
31.0,11,13,15,403
31.0,11,14,0,378
31.0,11,14,1,380
31.0,11,14,2,382
31.0,11,14,3,384
31.0,11,14,4,386
31.0,11,14,5,388
31.0,11,14,6,389
31.0,11,14,7,391
31.0,11,14,8,393
31.0,11,14,9,395
31.0,11,14,10,397
31.0,11,14,11,398
31.0,11,14,12,400
31.0,11,14,13,402
31.0,11,14,14,404
31.0,11,14,15,405
31.0,11,15,0,380
31.0,11,15,1,382
31.0,11,15,2,384
31.0,11,15,3,386
31.0,11,15,4,388
31.0,11,15,5,390
31.0,11,15,6,391
31.0,11,15,7,393
31.0,11,15,8,395
31.0,11,15,9,397
31.0,11,15,10,399
31.0,11,15,11,400
31.0,11,15,12,402
31.0,11,15,13,404
31.0,11,15,14,406
31.0,11,15,15,407
31.0,12,0,0,355
31.0,12,0,1,357
31.0,12,0,2,359
31.0,12,0,3,360
31.0,12,0,4,362
31.0,12,0,5,364
31.0,12,0,6,365
31.0,12,0,7,367
31.0,12,0,8,369
31.0,12,0,9,370
31.0,12,0,10,372
31.0,12,0,11,374
31.0,12,0,12,375
31.0,12,0,13,377
31.0,12,0,14,379
31.0,12,0,15,380
31.0,12,1,0,357
31.0,12,1,1,359
31.0,12,1,2,361
31.0,12,1,3,362
31.0,12,1,4,364
31.0,12,1,5,366
31.0,12,1,6,368
31.0,12,1,7,369
31.0,12,1,8,371
31.0,12,1,9,373
31.0,12,1,10,374
31.0,12,1,11,376
31.0,12,1,12,378
31.0,12,1,13,379
31.0,12,1,14,381
31.0,12,1,15,383
31.0,12,2,0,359
31.0,12,2,1,361
31.0,12,2,2,363
31.0,12,2,3,365
31.0,12,2,4,366
31.0,12,2,5,368
31.0,12,2,6,370
31.0,12,2,7,371
31.0,12,2,8,373
31.0,12,2,9,375
31.0,12,2,10,377
31.0,12,2,11,378
31.0,12,2,12,380
31.0,12,2,13,382
31.0,12,2,14,383
31.0,12,2,15,385
31.0,12,3,0,361
31.0,12,3,1,363
31.0,12,3,2,365
31.0,12,3,3,367
31.0,12,3,4,368
31.0,12,3,5,370
31.0,12,3,6,372
31.0,12,3,7,374
31.0,12,3,8,375
31.0,12,3,9,377
31.0,12,3,10,379
31.0,12,3,11,380
31.0,12,3,12,382
31.0,12,3,13,384
31.0,12,3,14,385
31.0,12,3,15,387
31.0,12,4,0,364
31.0,12,4,1,365
31.0,12,4,2,367
31.0,12,4,3,369
31.0,12,4,4,371
31.0,12,4,5,372
31.0,12,4,6,374
31.0,12,4,7,376
31.0,12,4,8,378
31.0,12,4,9,379
31.0,12,4,10,381
31.0,12,4,11,383
31.0,12,4,12,384
31.0,12,4,13,386
31.0,12,4,14,388
31.0,12,4,15,389
31.0,12,5,0,366
31.0,12,5,1,367
31.0,12,5,2,369
31.0,12,5,3,371
31.0,12,5,4,373
31.0,12,5,5,375
31.0,12,5,6,376
31.0,12,5,7,378
31.0,12,5,8,380
31.0,12,5,9,381
31.0,12,5,10,383
31.0,12,5,11,385
31.0,12,5,12,387
31.0,12,5,13,388
31.0,12,5,14,390
31.0,12,5,15,392
31.0,12,6,0,368
31.0,12,6,1,370
31.0,12,6,2,371
31.0,12,6,3,373
31.0,12,6,4,375
31.0,12,6,5,377
31.0,12,6,6,378
31.0,12,6,7,380
31.0,12,6,8,382
31.0,12,6,9,384
31.0,12,6,10,385
31.0,12,6,11,387
31.0,12,6,12,389
31.0,12,6,13,390
31.0,12,6,14,392
31.0,12,6,15,394
31.0,12,7,0,370
31.0,12,7,1,372
31.0,12,7,2,373
31.0,12,7,3,375
31.0,12,7,4,377
31.0,12,7,5,379
31.0,12,7,6,381
31.0,12,7,7,382
31.0,12,7,8,384
31.0,12,7,9,386
31.0,12,7,10,387
31.0,12,7,11,389
31.0,12,7,12,391
31.0,12,7,13,393
31.0,12,7,14,394
31.0,12,7,15,396
31.0,12,8,0,372
31.0,12,8,1,374
31.0,12,8,2,375
31.0,12,8,3,377
31.0,12,8,4,379
31.0,12,8,5,381
31.0,12,8,6,383
31.0,12,8,7,384
31.0,12,8,8,386
31.0,12,8,9,388
31.0,12,8,10,390
31.0,12,8,11,391
31.0,12,8,12,393
31.0,12,8,13,395
31.0,12,8,14,397
31.0,12,8,15,398
31.0,12,9,0,374
31.0,12,9,1,376
31.0,12,9,2,378
31.0,12,9,3,379
31.0,12,9,4,381
31.0,12,9,5,383
31.0,12,9,6,385
31.0,12,9,7,386
31.0,12,9,8,388
31.0,12,9,9,390
31.0,12,9,10,392
31.0,12,9,11,394
31.0,12,9,12,395
31.0,12,9,13,397
31.0,12,9,14,399
31.0,12,9,15,400
31.0,12,10,0,376
31.0,12,10,1,378
31.0,12,10,2,380
31.0,12,10,3,381
31.0,12,10,4,383
31.0,12,10,5,385
31.0,12,10,6,387
31.0,12,10,7,389
31.0,12,10,8,390
31.0,12,10,9,392
31.0,12,10,10,394
31.0,12,10,11,396
31.0,12,10,12,397
31.0,12,10,13,399
31.0,12,10,14,401
31.0,12,10,15,403
31.0,12,11,0,378
31.0,12,11,1,380
31.0,12,11,2,382
31.0,12,11,3,383
31.0,12,11,4,385
31.0,12,11,5,387
31.0,12,11,6,389
31.0,12,11,7,391
31.0,12,11,8,392
31.0,12,11,9,394
31.0,12,11,10,396
31.0,12,11,11,398
31.0,12,11,12,400
31.0,12,11,13,401
31.0,12,11,14,403
31.0,12,11,15,405
31.0,12,12,0,380
31.0,12,12,1,382
31.0,12,12,2,384
31.0,12,12,3,385
31.0,12,12,4,387
31.0,12,12,5,389
31.0,12,12,6,391
31.0,12,12,7,393
31.0,12,12,8,395
31.0,12,12,9,396
31.0,12,12,10,398
31.0,12,12,11,400
31.0,12,12,12,402
31.0,12,12,13,403
31.0,12,12,14,405
31.0,12,12,15,407
31.0,12,13,0,382
31.0,12,13,1,384
31.0,12,13,2,386
31.0,12,13,3,387
31.0,12,13,4,389
31.0,12,13,5,391
31.0,12,13,6,393
31.0,12,13,7,395
31.0,12,13,8,397
31.0,12,13,9,398
31.0,12,13,10,400
31.0,12,13,11,402
31.0,12,13,12,404
31.0,12,13,13,406
31.0,12,13,14,407
31.0,12,13,15,409
31.0,12,14,0,384
31.0,12,14,1,386
31.0,12,14,2,388
31.0,12,14,3,390
31.0,12,14,4,391
31.0,12,14,5,393
31.0,12,14,6,395
31.0,12,14,7,397
31.0,12,14,8,399
31.0,12,14,9,401
31.0,12,14,10,402
31.0,12,14,11,404
31.0,12,14,12,406
31.0,12,14,13,408
31.0,12,14,14,409
31.0,12,14,15,411
31.0,12,15,0,386
31.0,12,15,1,388
31.0,12,15,2,390
31.0,12,15,3,392
31.0,12,15,4,393
31.0,12,15,5,395
31.0,12,15,6,397
31.0,12,15,7,399
31.0,12,15,8,401
31.0,12,15,9,403
31.0,12,15,10,404
31.0,12,15,11,406
31.0,12,15,12,408
31.0,12,15,13,410
31.0,12,15,14,412
31.0,12,15,15,413
31.0,13,0,0,360
31.0,13,0,1,362
31.0,13,0,2,364
31.0,13,0,3,365
31.0,13,0,4,367
31.0,13,0,5,369
31.0,13,0,6,371
31.0,13,0,7,372
31.0,13,0,8,374
31.0,13,0,9,376
31.0,13,0,10,377
31.0,13,0,11,379
31.0,13,0,12,381
31.0,13,0,13,382
31.0,13,0,14,384
31.0,13,0,15,386
31.0,13,1,0,362
31.0,13,1,1,364
31.0,13,1,2,366
31.0,13,1,3,368
31.0,13,1,4,369
31.0,13,1,5,371
31.0,13,1,6,373
31.0,13,1,7,374
31.0,13,1,8,376
31.0,13,1,9,378
31.0,13,1,10,380
31.0,13,1,11,381
31.0,13,1,12,383
31.0,13,1,13,385
31.0,13,1,14,386
31.0,13,1,15,388
31.0,13,2,0,364
31.0,13,2,1,366
31.0,13,2,2,368
31.0,13,2,3,370
31.0,13,2,4,371
31.0,13,2,5,373
31.0,13,2,6,375
31.0,13,2,7,377
31.0,13,2,8,378
31.0,13,2,9,380
31.0,13,2,10,382
31.0,13,2,11,384
31.0,13,2,12,385
31.0,13,2,13,387
31.0,13,2,14,389
31.0,13,2,15,390
31.0,13,3,0,367
31.0,13,3,1,368
31.0,13,3,2,370
31.0,13,3,3,372
31.0,13,3,4,374
31.0,13,3,5,375
31.0,13,3,6,377
31.0,13,3,7,379
31.0,13,3,8,381
31.0,13,3,9,382
31.0,13,3,10,384
31.0,13,3,11,386
31.0,13,3,12,388
31.0,13,3,13,389
31.0,13,3,14,391
31.0,13,3,15,393
31.0,13,4,0,369
31.0,13,4,1,370
31.0,13,4,2,372
31.0,13,4,3,374
31.0,13,4,4,376
31.0,13,4,5,378
31.0,13,4,6,379
31.0,13,4,7,381
31.0,13,4,8,383
31.0,13,4,9,385
31.0,13,4,10,386
31.0,13,4,11,388
31.0,13,4,12,390
31.0,13,4,13,391
31.0,13,4,14,393
31.0,13,4,15,395
31.0,13,5,0,371
31.0,13,5,1,373
31.0,13,5,2,374
31.0,13,5,3,376
31.0,13,5,4,378
31.0,13,5,5,380
31.0,13,5,6,382
31.0,13,5,7,383
31.0,13,5,8,385
31.0,13,5,9,387
31.0,13,5,10,389
31.0,13,5,11,390
31.0,13,5,12,392
31.0,13,5,13,394
31.0,13,5,14,395
31.0,13,5,15,397
31.0,13,6,0,373
31.0,13,6,1,375
31.0,13,6,2,377
31.0,13,6,3,378
31.0,13,6,4,380
31.0,13,6,5,382
31.0,13,6,6,384
31.0,13,6,7,385
31.0,13,6,8,387
31.0,13,6,9,389
31.0,13,6,10,391
31.0,13,6,11,393
31.0,13,6,12,394
31.0,13,6,13,396
31.0,13,6,14,398
31.0,13,6,15,399
31.0,13,7,0,375
31.0,13,7,1,377
31.0,13,7,2,379
31.0,13,7,3,380
31.0,13,7,4,382
31.0,13,7,5,384
31.0,13,7,6,386
31.0,13,7,7,388
31.0,13,7,8,389
31.0,13,7,9,391
31.0,13,7,10,393
31.0,13,7,11,395
31.0,13,7,12,396
31.0,13,7,13,398
31.0,13,7,14,400
31.0,13,7,15,402
31.0,13,8,0,377
31.0,13,8,1,379
31.0,13,8,2,381
31.0,13,8,3,383
31.0,13,8,4,384
31.0,13,8,5,386
31.0,13,8,6,388
31.0,13,8,7,390
31.0,13,8,8,392
31.0,13,8,9,393
31.0,13,8,10,395
31.0,13,8,11,397
31.0,13,8,12,399
31.0,13,8,13,400
31.0,13,8,14,402
31.0,13,8,15,404
31.0,13,9,0,379
31.0,13,9,1,381
31.0,13,9,2,383
31.0,13,9,3,385
31.0,13,9,4,387
31.0,13,9,5,388
31.0,13,9,6,390
31.0,13,9,7,392
31.0,13,9,8,394
31.0,13,9,9,396
31.0,13,9,10,397
31.0,13,9,11,399
31.0,13,9,12,401
31.0,13,9,13,403
31.0,13,9,14,404
31.0,13,9,15,406
31.0,13,10,0,381
31.0,13,10,1,383
31.0,13,10,2,385
31.0,13,10,3,387
31.0,13,10,4,389
31.0,13,10,5,390
31.0,13,10,6,392
31.0,13,10,7,394
31.0,13,10,8,396
31.0,13,10,9,398
31.0,13,10,10,399
31.0,13,10,11,401
31.0,13,10,12,403
31.0,13,10,13,405
31.0,13,10,14,407
31.0,13,10,15,408
31.0,13,11,0,383
31.0,13,11,1,385
31.0,13,11,2,387
31.0,13,11,3,389
31.0,13,11,4,391
31.0,13,11,5,393
31.0,13,11,6,394
31.0,13,11,7,396
31.0,13,11,8,398
31.0,13,11,9,400
31.0,13,11,10,402
31.0,13,11,11,403
31.0,13,11,12,405
31.0,13,11,13,407
31.0,13,11,14,409
31.0,13,11,15,410
31.0,13,12,0,385
31.0,13,12,1,387
31.0,13,12,2,389
31.0,13,12,3,391
31.0,13,12,4,393
31.0,13,12,5,395
31.0,13,12,6,396
31.0,13,12,7,398
31.0,13,12,8,400
31.0,13,12,9,402
31.0,13,12,10,404
31.0,13,12,11,406
31.0,13,12,12,407
31.0,13,12,13,409
31.0,13,12,14,411
31.0,13,12,15,413
31.0,13,13,0,387
31.0,13,13,1,389
31.0,13,13,2,391
31.0,13,13,3,393
31.0,13,13,4,395
31.0,13,13,5,397
31.0,13,13,6,399
31.0,13,13,7,400
31.0,13,13,8,402
31.0,13,13,9,404
31.0,13,13,10,406
31.0,13,13,11,408
31.0,13,13,12,409
31.0,13,13,13,411
31.0,13,13,14,413
31.0,13,13,15,415
31.0,13,14,0,389
31.0,13,14,1,391
31.0,13,14,2,393
31.0,13,14,3,395
31.0,13,14,4,397
31.0,13,14,5,399
31.0,13,14,6,401
31.0,13,14,7,402
31.0,13,14,8,404
31.0,13,14,9,406
31.0,13,14,10,408
31.0,13,14,11,410
31.0,13,14,12,412
31.0,13,14,13,413
31.0,13,14,14,415
31.0,13,14,15,417
31.0,13,15,0,391
31.0,13,15,1,393
31.0,13,15,2,395
31.0,13,15,3,397
31.0,13,15,4,399
31.0,13,15,5,401
31.0,13,15,6,403
31.0,13,15,7,405
31.0,13,15,8,406
31.0,13,15,9,408
31.0,13,15,10,410
31.0,13,15,11,412
31.0,13,15,12,414
31.0,13,15,13,416
31.0,13,15,14,417
31.0,13,15,15,419
31.0,14,0,0,365
31.0,14,0,1,367
31.0,14,0,2,369
31.0,14,0,3,370
31.0,14,0,4,372
31.0,14,0,5,374
31.0,14,0,6,376
31.0,14,0,7,377
31.0,14,0,8,379
31.0,14,0,9,381
31.0,14,0,10,383
31.0,14,0,11,384
31.0,14,0,12,386
31.0,14,0,13,388
31.0,14,0,14,389
31.0,14,0,15,391
31.0,14,1,0,367
31.0,14,1,1,369
31.0,14,1,2,371
31.0,14,1,3,373
31.0,14,1,4,374
31.0,14,1,5,376
31.0,14,1,6,378
31.0,14,1,7,380
31.0,14,1,8,381
31.0,14,1,9,383
31.0,14,1,10,385
31.0,14,1,11,387
31.0,14,1,12,388
31.0,14,1,13,390
31.0,14,1,14,392
31.0,14,1,15,393
31.0,14,2,0,369
31.0,14,2,1,371
31.0,14,2,2,373
31.0,14,2,3,375
31.0,14,2,4,377
31.0,14,2,5,378
31.0,14,2,6,380
31.0,14,2,7,382
31.0,14,2,8,384
31.0,14,2,9,385
31.0,14,2,10,387
31.0,14,2,11,389
31.0,14,2,12,391
31.0,14,2,13,392
31.0,14,2,14,394
31.0,14,2,15,396
31.0,14,3,0,372
31.0,14,3,1,373
31.0,14,3,2,375
31.0,14,3,3,377
31.0,14,3,4,379
31.0,14,3,5,381
31.0,14,3,6,382
31.0,14,3,7,384
31.0,14,3,8,386
31.0,14,3,9,388
31.0,14,3,10,389
31.0,14,3,11,391
31.0,14,3,12,393
31.0,14,3,13,395
31.0,14,3,14,396
31.0,14,3,15,398
31.0,14,4,0,374
31.0,14,4,1,376
31.0,14,4,2,377
31.0,14,4,3,379
31.0,14,4,4,381
31.0,14,4,5,383
31.0,14,4,6,385
31.0,14,4,7,386
31.0,14,4,8,388
31.0,14,4,9,390
31.0,14,4,10,392
31.0,14,4,11,393
31.0,14,4,12,395
31.0,14,4,13,397
31.0,14,4,14,399
31.0,14,4,15,400
31.0,14,5,0,376
31.0,14,5,1,378
31.0,14,5,2,380
31.0,14,5,3,381
31.0,14,5,4,383
31.0,14,5,5,385
31.0,14,5,6,387
31.0,14,5,7,389
31.0,14,5,8,390
31.0,14,5,9,392
31.0,14,5,10,394
31.0,14,5,11,396
31.0,14,5,12,397
31.0,14,5,13,399
31.0,14,5,14,401
31.0,14,5,15,403
31.0,14,6,0,378
31.0,14,6,1,380
31.0,14,6,2,382
31.0,14,6,3,384
31.0,14,6,4,385
31.0,14,6,5,387
31.0,14,6,6,389
31.0,14,6,7,391
31.0,14,6,8,393
31.0,14,6,9,394
31.0,14,6,10,396
31.0,14,6,11,398
31.0,14,6,12,400
31.0,14,6,13,401
31.0,14,6,14,403
31.0,14,6,15,405
31.0,14,7,0,380
31.0,14,7,1,382
31.0,14,7,2,384
31.0,14,7,3,386
31.0,14,7,4,388
31.0,14,7,5,389
31.0,14,7,6,391
31.0,14,7,7,393
31.0,14,7,8,395
31.0,14,7,9,397
31.0,14,7,10,398
31.0,14,7,11,400
31.0,14,7,12,402
31.0,14,7,13,404
31.0,14,7,14,405
31.0,14,7,15,407
31.0,14,8,0,382
31.0,14,8,1,384
31.0,14,8,2,386
31.0,14,8,3,388
31.0,14,8,4,390
31.0,14,8,5,392
31.0,14,8,6,393
31.0,14,8,7,395
31.0,14,8,8,397
31.0,14,8,9,399
31.0,14,8,10,401
31.0,14,8,11,402
31.0,14,8,12,404
31.0,14,8,13,406
31.0,14,8,14,408
31.0,14,8,15,409
31.0,14,9,0,384
31.0,14,9,1,386
31.0,14,9,2,388
31.0,14,9,3,390
31.0,14,9,4,392
31.0,14,9,5,394
31.0,14,9,6,396
31.0,14,9,7,397
31.0,14,9,8,399
31.0,14,9,9,401
31.0,14,9,10,403
31.0,14,9,11,405
31.0,14,9,12,406
31.0,14,9,13,408
31.0,14,9,14,410
31.0,14,9,15,412
31.0,14,10,0,386
31.0,14,10,1,388
31.0,14,10,2,390
31.0,14,10,3,392
31.0,14,10,4,394
31.0,14,10,5,396
31.0,14,10,6,398
31.0,14,10,7,400
31.0,14,10,8,401
31.0,14,10,9,403
31.0,14,10,10,405
31.0,14,10,11,407
31.0,14,10,12,409
31.0,14,10,13,410
31.0,14,10,14,412
31.0,14,10,15,414
31.0,14,11,0,389
31.0,14,11,1,390
31.0,14,11,2,392
31.0,14,11,3,394
31.0,14,11,4,396
31.0,14,11,5,398
31.0,14,11,6,400
31.0,14,11,7,402
31.0,14,11,8,404
31.0,14,11,9,405
31.0,14,11,10,407
31.0,14,11,11,409
31.0,14,11,12,411
31.0,14,11,13,413
31.0,14,11,14,414
31.0,14,11,15,416
31.0,14,12,0,391
31.0,14,12,1,393
31.0,14,12,2,394
31.0,14,12,3,396
31.0,14,12,4,398
31.0,14,12,5,400
31.0,14,12,6,402
31.0,14,12,7,404
31.0,14,12,8,406
31.0,14,12,9,408
31.0,14,12,10,409
31.0,14,12,11,411
31.0,14,12,12,413
31.0,14,12,13,415
31.0,14,12,14,417
31.0,14,12,15,418
31.0,14,13,0,393
31.0,14,13,1,395
31.0,14,13,2,397
31.0,14,13,3,398
31.0,14,13,4,400
31.0,14,13,5,402
31.0,14,13,6,404
31.0,14,13,7,406
31.0,14,13,8,408
31.0,14,13,9,410
31.0,14,13,10,412
31.0,14,13,11,413
31.0,14,13,12,415
31.0,14,13,13,417
31.0,14,13,14,419
31.0,14,13,15,421
31.0,14,14,0,395
31.0,14,14,1,397
31.0,14,14,2,399
31.0,14,14,3,401
31.0,14,14,4,402
31.0,14,14,5,404
31.0,14,14,6,406
31.0,14,14,7,408
31.0,14,14,8,410
31.0,14,14,9,412
31.0,14,14,10,414
31.0,14,14,11,415
31.0,14,14,12,417
31.0,14,14,13,419
31.0,14,14,14,421
31.0,14,14,15,423
31.0,14,15,0,397
31.0,14,15,1,399
31.0,14,15,2,401
31.0,14,15,3,403
31.0,14,15,4,404
31.0,14,15,5,406
31.0,14,15,6,408
31.0,14,15,7,410
31.0,14,15,8,412
31.0,14,15,9,414
31.0,14,15,10,416
31.0,14,15,11,418
31.0,14,15,12,419
31.0,14,15,13,421
31.0,14,15,14,423
31.0,14,15,15,425
31.0,15,0,0,370
31.0,15,0,1,372
31.0,15,0,2,374
31.0,15,0,3,376
31.0,15,0,4,377
31.0,15,0,5,379
31.0,15,0,6,381
31.0,15,0,7,383
31.0,15,0,8,384
31.0,15,0,9,386
31.0,15,0,10,388
31.0,15,0,11,390
31.0,15,0,12,391
31.0,15,0,13,393
31.0,15,0,14,395
31.0,15,0,15,396
31.0,15,1,0,372
31.0,15,1,1,374
31.0,15,1,2,376
31.0,15,1,3,378
31.0,15,1,4,380
31.0,15,1,5,381
31.0,15,1,6,383
31.0,15,1,7,385
31.0,15,1,8,387
31.0,15,1,9,388
31.0,15,1,10,390
31.0,15,1,11,392
31.0,15,1,12,394
31.0,15,1,13,395
31.0,15,1,14,397
31.0,15,1,15,399
31.0,15,2,0,375
31.0,15,2,1,376
31.0,15,2,2,378
31.0,15,2,3,380
31.0,15,2,4,382
31.0,15,2,5,384
31.0,15,2,6,385
31.0,15,2,7,387
31.0,15,2,8,389
31.0,15,2,9,391
31.0,15,2,10,392
31.0,15,2,11,394
31.0,15,2,12,396
31.0,15,2,13,398
31.0,15,2,14,399
31.0,15,2,15,401
31.0,15,3,0,377
31.0,15,3,1,379
31.0,15,3,2,380
31.0,15,3,3,382
31.0,15,3,4,384
31.0,15,3,5,386
31.0,15,3,6,388
31.0,15,3,7,389
31.0,15,3,8,391
31.0,15,3,9,393
31.0,15,3,10,395
31.0,15,3,11,397
31.0,15,3,12,398
31.0,15,3,13,400
31.0,15,3,14,402
31.0,15,3,15,404
31.0,15,4,0,379
31.0,15,4,1,381
31.0,15,4,2,383
31.0,15,4,3,384
31.0,15,4,4,386
31.0,15,4,5,388
31.0,15,4,6,390
31.0,15,4,7,392
31.0,15,4,8,394
31.0,15,4,9,395
31.0,15,4,10,397
31.0,15,4,11,399
31.0,15,4,12,401
31.0,15,4,13,402
31.0,15,4,14,404
31.0,15,4,15,406
31.0,15,5,0,381
31.0,15,5,1,383
31.0,15,5,2,385
31.0,15,5,3,387
31.0,15,5,4,389
31.0,15,5,5,390
31.0,15,5,6,392
31.0,15,5,7,394
31.0,15,5,8,396
31.0,15,5,9,398
31.0,15,5,10,399
31.0,15,5,11,401
31.0,15,5,12,403
31.0,15,5,13,405
31.0,15,5,14,406
31.0,15,5,15,408
31.0,15,6,0,383
31.0,15,6,1,385
31.0,15,6,2,387
31.0,15,6,3,389
31.0,15,6,4,391
31.0,15,6,5,393
31.0,15,6,6,394
31.0,15,6,7,396
31.0,15,6,8,398
31.0,15,6,9,400
31.0,15,6,10,402
31.0,15,6,11,403
31.0,15,6,12,405
31.0,15,6,13,407
31.0,15,6,14,409
31.0,15,6,15,411
31.0,15,7,0,385
31.0,15,7,1,387
31.0,15,7,2,389
31.0,15,7,3,391
31.0,15,7,4,393
31.0,15,7,5,395
31.0,15,7,6,397
31.0,15,7,7,398
31.0,15,7,8,400
31.0,15,7,9,402
31.0,15,7,10,404
31.0,15,7,11,406
31.0,15,7,12,407
31.0,15,7,13,409
31.0,15,7,14,411
31.0,15,7,15,413
31.0,15,8,0,388
31.0,15,8,1,389
31.0,15,8,2,391
31.0,15,8,3,393
31.0,15,8,4,395
31.0,15,8,5,397
31.0,15,8,6,399
31.0,15,8,7,401
31.0,15,8,8,402
31.0,15,8,9,404
31.0,15,8,10,406
31.0,15,8,11,408
31.0,15,8,12,410
31.0,15,8,13,412
31.0,15,8,14,413
31.0,15,8,15,415
31.0,15,9,0,390
31.0,15,9,1,392
31.0,15,9,2,393
31.0,15,9,3,395
31.0,15,9,4,397
31.0,15,9,5,399
31.0,15,9,6,401
31.0,15,9,7,403
31.0,15,9,8,405
31.0,15,9,9,407
31.0,15,9,10,408
31.0,15,9,11,410
31.0,15,9,12,412
31.0,15,9,13,414
31.0,15,9,14,416
31.0,15,9,15,417
31.0,15,10,0,392
31.0,15,10,1,394
31.0,15,10,2,396
31.0,15,10,3,398
31.0,15,10,4,399
31.0,15,10,5,401
31.0,15,10,6,403
31.0,15,10,7,405
31.0,15,10,8,407
31.0,15,10,9,409
31.0,15,10,10,411
31.0,15,10,11,412
31.0,15,10,12,414
31.0,15,10,13,416
31.0,15,10,14,418
31.0,15,10,15,420
31.0,15,11,0,394
31.0,15,11,1,396
31.0,15,11,2,398
31.0,15,11,3,400
31.0,15,11,4,402
31.0,15,11,5,403
31.0,15,11,6,405
31.0,15,11,7,407
31.0,15,11,8,409
31.0,15,11,9,411
31.0,15,11,10,413
31.0,15,11,11,415
31.0,15,11,12,416
31.0,15,11,13,418
31.0,15,11,14,420
31.0,15,11,15,422
31.0,15,12,0,396
31.0,15,12,1,398
31.0,15,12,2,400
31.0,15,12,3,402
31.0,15,12,4,404
31.0,15,12,5,406
31.0,15,12,6,407
31.0,15,12,7,409
31.0,15,12,8,411
31.0,15,12,9,413
31.0,15,12,10,415
31.0,15,12,11,417
31.0,15,12,12,419
31.0,15,12,13,421
31.0,15,12,14,422
31.0,15,12,15,424
31.0,15,13,0,398
31.0,15,13,1,400
31.0,15,13,2,402
31.0,15,13,3,404
31.0,15,13,4,406
31.0,15,13,5,408
31.0,15,13,6,410
31.0,15,13,7,412
31.0,15,13,8,413
31.0,15,13,9,415
31.0,15,13,10,417
31.0,15,13,11,419
31.0,15,13,12,421
31.0,15,13,13,423
31.0,15,13,14,425
31.0,15,13,15,426
31.0,15,14,0,400
31.0,15,14,1,402
31.0,15,14,2,404
31.0,15,14,3,406
31.0,15,14,4,408
31.0,15,14,5,410
31.0,15,14,6,412
31.0,15,14,7,414
31.0,15,14,8,416
31.0,15,14,9,417
31.0,15,14,10,419
31.0,15,14,11,421
31.0,15,14,12,423
31.0,15,14,13,425
31.0,15,14,14,427
31.0,15,14,15,429
31.0,15,15,0,402
31.0,15,15,1,404
31.0,15,15,2,406
31.0,15,15,3,408
31.0,15,15,4,410
31.0,15,15,5,412
31.0,15,15,6,414
31.0,15,15,7,416
31.0,15,15,8,418
31.0,15,15,9,420
31.0,15,15,10,421
31.0,15,15,11,423
31.0,15,15,12,425
31.0,15,15,13,427
31.0,15,15,14,429
31.0,15,15,15,431
31.5,0,0,0,297
31.5,0,0,1,299
31.5,0,0,2,300
31.5,0,0,3,302
31.5,0,0,4,303
31.5,0,0,5,305
31.5,0,0,6,306
31.5,0,0,7,307
31.5,0,0,8,309
31.5,0,0,9,310
31.5,0,0,10,312
31.5,0,0,11,313
31.5,0,0,12,314
31.5,0,0,13,316
31.5,0,0,14,317
31.5,0,0,15,319
31.5,0,1,0,299
31.5,0,1,1,301
31.5,0,1,2,302
31.5,0,1,3,304
31.5,0,1,4,305
31.5,0,1,5,306
31.5,0,1,6,308
31.5,0,1,7,309
31.5,0,1,8,311
31.5,0,1,9,312
31.5,0,1,10,314
31.5,0,1,11,315
31.5,0,1,12,316
31.5,0,1,13,318
31.5,0,1,14,319
31.5,0,1,15,320
31.5,0,2,0,301
31.5,0,2,1,302
31.5,0,2,2,304
31.5,0,2,3,305
31.5,0,2,4,307
31.5,0,2,5,308
31.5,0,2,6,310
31.5,0,2,7,311
31.5,0,2,8,313
31.5,0,2,9,314
31.5,0,2,10,315
31.5,0,2,11,317
31.5,0,2,12,318
31.5,0,2,13,320
31.5,0,2,14,321
31.5,0,2,15,322
31.5,0,3,0,303
31.5,0,3,1,304
31.5,0,3,2,306
31.5,0,3,3,307
31.5,0,3,4,309
31.5,0,3,5,310
31.5,0,3,6,312
31.5,0,3,7,313
31.5,0,3,8,314
31.5,0,3,9,316
31.5,0,3,10,317
31.5,0,3,11,319
31.5,0,3,12,320
31.5,0,3,13,321
31.5,0,3,14,323
31.5,0,3,15,324
31.5,0,4,0,304
31.5,0,4,1,306
31.5,0,4,2,307
31.5,0,4,3,309
31.5,0,4,4,310
31.5,0,4,5,312
31.5,0,4,6,313
31.5,0,4,7,315
31.5,0,4,8,316
31.5,0,4,9,318
31.5,0,4,10,319
31.5,0,4,11,321
31.5,0,4,12,322
31.5,0,4,13,323
31.5,0,4,14,325
31.5,0,4,15,326
31.5,0,5,0,306
31.5,0,5,1,308
31.5,0,5,2,309
31.5,0,5,3,311
31.5,0,5,4,312
31.5,0,5,5,314
31.5,0,5,6,315
31.5,0,5,7,317
31.5,0,5,8,318
31.5,0,5,9,319
31.5,0,5,10,321
31.5,0,5,11,322
31.5,0,5,12,324
31.5,0,5,13,325
31.5,0,5,14,327
31.5,0,5,15,328
31.5,0,6,0,308
31.5,0,6,1,309
31.5,0,6,2,311
31.5,0,6,3,312
31.5,0,6,4,314
31.5,0,6,5,315
31.5,0,6,6,317
31.5,0,6,7,318
31.5,0,6,8,320
31.5,0,6,9,321
31.5,0,6,10,323
31.5,0,6,11,324
31.5,0,6,12,326
31.5,0,6,13,327
31.5,0,6,14,328
31.5,0,6,15,330
31.5,0,7,0,310
31.5,0,7,1,311
31.5,0,7,2,313
31.5,0,7,3,314
31.5,0,7,4,316
31.5,0,7,5,317
31.5,0,7,6,319
31.5,0,7,7,320
31.5,0,7,8,322
31.5,0,7,9,323
31.5,0,7,10,325
31.5,0,7,11,326
31.5,0,7,12,327
31.5,0,7,13,329
31.5,0,7,14,330
31.5,0,7,15,332
31.5,0,8,0,311
31.5,0,8,1,313
31.5,0,8,2,314
31.5,0,8,3,316
31.5,0,8,4,317
31.5,0,8,5,319
31.5,0,8,6,320
31.5,0,8,7,322
31.5,0,8,8,323
31.5,0,8,9,325
31.5,0,8,10,326
31.5,0,8,11,328
31.5,0,8,12,329
31.5,0,8,13,331
31.5,0,8,14,332
31.5,0,8,15,334
31.5,0,9,0,313
31.5,0,9,1,315
31.5,0,9,2,316
31.5,0,9,3,318
31.5,0,9,4,319
31.5,0,9,5,321
31.5,0,9,6,322
31.5,0,9,7,324
31.5,0,9,8,325
31.5,0,9,9,327
31.5,0,9,10,328
31.5,0,9,11,330
31.5,0,9,12,331
31.5,0,9,13,333
31.5,0,9,14,334
31.5,0,9,15,335
31.5,0,10,0,315
31.5,0,10,1,316
31.5,0,10,2,318
31.5,0,10,3,319
31.5,0,10,4,321
31.5,0,10,5,322
31.5,0,10,6,324
31.5,0,10,7,325
31.5,0,10,8,327
31.5,0,10,9,328
31.5,0,10,10,330
31.5,0,10,11,331
31.5,0,10,12,333
31.5,0,10,13,334
31.5,0,10,14,336
31.5,0,10,15,337
31.5,0,11,0,317
31.5,0,11,1,318
31.5,0,11,2,320
31.5,0,11,3,321
31.5,0,11,4,323
31.5,0,11,5,324
31.5,0,11,6,326
31.5,0,11,7,327
31.5,0,11,8,329
31.5,0,11,9,330
31.5,0,11,10,332
31.5,0,11,11,333
31.5,0,11,12,335
31.5,0,11,13,336
31.5,0,11,14,338
31.5,0,11,15,339
31.5,0,12,0,318
31.5,0,12,1,320
31.5,0,12,2,321
31.5,0,12,3,323
31.5,0,12,4,324
31.5,0,12,5,326
31.5,0,12,6,327
31.5,0,12,7,329
31.5,0,12,8,330
31.5,0,12,9,332
31.5,0,12,10,333
31.5,0,12,11,335
31.5,0,12,12,336
31.5,0,12,13,338
31.5,0,12,14,339
31.5,0,12,15,341
31.5,0,13,0,320
31.5,0,13,1,321
31.5,0,13,2,323
31.5,0,13,3,325
31.5,0,13,4,326
31.5,0,13,5,328
31.5,0,13,6,329
31.5,0,13,7,331
31.5,0,13,8,332
31.5,0,13,9,334
31.5,0,13,10,335
31.5,0,13,11,337
31.5,0,13,12,338
31.5,0,13,13,340
31.5,0,13,14,341
31.5,0,13,15,343
31.5,0,14,0,322
31.5,0,14,1,323
31.5,0,14,2,325
31.5,0,14,3,326
31.5,0,14,4,328
31.5,0,14,5,329
31.5,0,14,6,331
31.5,0,14,7,332
31.5,0,14,8,334
31.5,0,14,9,335
31.5,0,14,10,337
31.5,0,14,11,338
31.5,0,14,12,340
31.5,0,14,13,341
31.5,0,14,14,343
31.5,0,14,15,344
31.5,0,15,0,323
31.5,0,15,1,325
31.5,0,15,2,326
31.5,0,15,3,328
31.5,0,15,4,329
31.5,0,15,5,331
31.5,0,15,6,333
31.5,0,15,7,334
31.5,0,15,8,336
31.5,0,15,9,337
31.5,0,15,10,339
31.5,0,15,11,340
31.5,0,15,12,342
31.5,0,15,13,343
31.5,0,15,14,345
31.5,0,15,15,346
31.5,1,0,0,302
31.5,1,0,1,304
31.5,1,0,2,305
31.5,1,0,3,307
31.5,1,0,4,308
31.5,1,0,5,310
31.5,1,0,6,311
31.5,1,0,7,313
31.5,1,0,8,314
31.5,1,0,9,316
31.5,1,0,10,317
31.5,1,0,11,318
31.5,1,0,12,320
31.5,1,0,13,321
31.5,1,0,14,323
31.5,1,0,15,324
31.5,1,1,0,304
31.5,1,1,1,306
31.5,1,1,2,307
31.5,1,1,3,309
31.5,1,1,4,310
31.5,1,1,5,312
31.5,1,1,6,313
31.5,1,1,7,315
31.5,1,1,8,316
31.5,1,1,9,317
31.5,1,1,10,319
31.5,1,1,11,320
31.5,1,1,12,322
31.5,1,1,13,323
31.5,1,1,14,325
31.5,1,1,15,326
31.5,1,2,0,306
31.5,1,2,1,308
31.5,1,2,2,309
31.5,1,2,3,311
31.5,1,2,4,312
31.5,1,2,5,314
31.5,1,2,6,315
31.5,1,2,7,316
31.5,1,2,8,318
31.5,1,2,9,319
31.5,1,2,10,321
31.5,1,2,11,322
31.5,1,2,12,324
31.5,1,2,13,325
31.5,1,2,14,326
31.5,1,2,15,328
31.5,1,3,0,308
31.5,1,3,1,309
31.5,1,3,2,311
31.5,1,3,3,312
31.5,1,3,4,314
31.5,1,3,5,315
31.5,1,3,6,317
31.5,1,3,7,318
31.5,1,3,8,320
31.5,1,3,9,321
31.5,1,3,10,323
31.5,1,3,11,324
31.5,1,3,12,326
31.5,1,3,13,327
31.5,1,3,14,328
31.5,1,3,15,330
31.5,1,4,0,310
31.5,1,4,1,311
31.5,1,4,2,313
31.5,1,4,3,314
31.5,1,4,4,316
31.5,1,4,5,317
31.5,1,4,6,319
31.5,1,4,7,320
31.5,1,4,8,322
31.5,1,4,9,323
31.5,1,4,10,325
31.5,1,4,11,326
31.5,1,4,12,327
31.5,1,4,13,329
31.5,1,4,14,330
31.5,1,4,15,332
31.5,1,5,0,311
31.5,1,5,1,313
31.5,1,5,2,314
31.5,1,5,3,316
31.5,1,5,4,318
31.5,1,5,5,319
31.5,1,5,6,320
31.5,1,5,7,322
31.5,1,5,8,323
31.5,1,5,9,325
31.5,1,5,10,326
31.5,1,5,11,328
31.5,1,5,12,329
31.5,1,5,13,331
31.5,1,5,14,332
31.5,1,5,15,334
31.5,1,6,0,313
31.5,1,6,1,315
31.5,1,6,2,316
31.5,1,6,3,318
31.5,1,6,4,319
31.5,1,6,5,321
31.5,1,6,6,322
31.5,1,6,7,324
31.5,1,6,8,325
31.5,1,6,9,327
31.5,1,6,10,328
31.5,1,6,11,330
31.5,1,6,12,331
31.5,1,6,13,333
31.5,1,6,14,334
31.5,1,6,15,335
31.5,1,7,0,315
31.5,1,7,1,317
31.5,1,7,2,318
31.5,1,7,3,320
31.5,1,7,4,321
31.5,1,7,5,323
31.5,1,7,6,324
31.5,1,7,7,326
31.5,1,7,8,327
31.5,1,7,9,329
31.5,1,7,10,330
31.5,1,7,11,332
31.5,1,7,12,333
31.5,1,7,13,334
31.5,1,7,14,336
31.5,1,7,15,337
31.5,1,8,0,317
31.5,1,8,1,318
31.5,1,8,2,320
31.5,1,8,3,321
31.5,1,8,4,323
31.5,1,8,5,324
31.5,1,8,6,326
31.5,1,8,7,327
31.5,1,8,8,329
31.5,1,8,9,330
31.5,1,8,10,332
31.5,1,8,11,333
31.5,1,8,12,335
31.5,1,8,13,336
31.5,1,8,14,338
31.5,1,8,15,339
31.5,1,9,0,318
31.5,1,9,1,320
31.5,1,9,2,322
31.5,1,9,3,323
31.5,1,9,4,325
31.5,1,9,5,326
31.5,1,9,6,328
31.5,1,9,7,329
31.5,1,9,8,331
31.5,1,9,9,332
31.5,1,9,10,334
31.5,1,9,11,335
31.5,1,9,12,337
31.5,1,9,13,338
31.5,1,9,14,340
31.5,1,9,15,341
31.5,1,10,0,320
31.5,1,10,1,322
31.5,1,10,2,323
31.5,1,10,3,325
31.5,1,10,4,326
31.5,1,10,5,328
31.5,1,10,6,329
31.5,1,10,7,331
31.5,1,10,8,333
31.5,1,10,9,334
31.5,1,10,10,336
31.5,1,10,11,337
31.5,1,10,12,339
31.5,1,10,13,340
31.5,1,10,14,341
31.5,1,10,15,343
31.5,1,11,0,322
31.5,1,11,1,323
31.5,1,11,2,325
31.5,1,11,3,327
31.5,1,11,4,328
31.5,1,11,5,330
31.5,1,11,6,331
31.5,1,11,7,333
31.5,1,11,8,334
31.5,1,11,9,336
31.5,1,11,10,337
31.5,1,11,11,339
31.5,1,11,12,340
31.5,1,11,13,342
31.5,1,11,14,343
31.5,1,11,15,345
31.5,1,12,0,324
31.5,1,12,1,325
31.5,1,12,2,327
31.5,1,12,3,328
31.5,1,12,4,330
31.5,1,12,5,331
31.5,1,12,6,333
31.5,1,12,7,335
31.5,1,12,8,336
31.5,1,12,9,338
31.5,1,12,10,339
31.5,1,12,11,341
31.5,1,12,12,342
31.5,1,12,13,344
31.5,1,12,14,345
31.5,1,12,15,347
31.5,1,13,0,325
31.5,1,13,1,327
31.5,1,13,2,328
31.5,1,13,3,330
31.5,1,13,4,332
31.5,1,13,5,333
31.5,1,13,6,335
31.5,1,13,7,336
31.5,1,13,8,338
31.5,1,13,9,339
31.5,1,13,10,341
31.5,1,13,11,342
31.5,1,13,12,344
31.5,1,13,13,345
31.5,1,13,14,347
31.5,1,13,15,348
31.5,1,14,0,327
31.5,1,14,1,329
31.5,1,14,2,330
31.5,1,14,3,332
31.5,1,14,4,333
31.5,1,14,5,335
31.5,1,14,6,337
31.5,1,14,7,338
31.5,1,14,8,340
31.5,1,14,9,341
31.5,1,14,10,343
31.5,1,14,11,344
31.5,1,14,12,346
31.5,1,14,13,347
31.5,1,14,14,349
31.5,1,14,15,350
31.5,1,15,0,329
31.5,1,15,1,330
31.5,1,15,2,332
31.5,1,15,3,333
31.5,1,15,4,335
31.5,1,15,5,337
31.5,1,15,6,338
31.5,1,15,7,340
31.5,1,15,8,341
31.5,1,15,9,343
31.5,1,15,10,344
31.5,1,15,11,346
31.5,1,15,12,348
31.5,1,15,13,349
31.5,1,15,14,351
31.5,1,15,15,352
31.5,2,0,0,308
31.5,2,0,1,309
31.5,2,0,2,311
31.5,2,0,3,312
31.5,2,0,4,313
31.5,2,0,5,315
31.5,2,0,6,316
31.5,2,0,7,318
31.5,2,0,8,319
31.5,2,0,9,321
31.5,2,0,10,322
31.5,2,0,11,324
31.5,2,0,12,325
31.5,2,0,13,327
31.5,2,0,14,328
31.5,2,0,15,329
31.5,2,1,0,309
31.5,2,1,1,311
31.5,2,1,2,312
31.5,2,1,3,314
31.5,2,1,4,315
31.5,2,1,5,317
31.5,2,1,6,318
31.5,2,1,7,320
31.5,2,1,8,321
31.5,2,1,9,323
31.5,2,1,10,324
31.5,2,1,11,326
31.5,2,1,12,327
31.5,2,1,13,329
31.5,2,1,14,330
31.5,2,1,15,331
31.5,2,2,0,311
31.5,2,2,1,313
31.5,2,2,2,314
31.5,2,2,3,316
31.5,2,2,4,317
31.5,2,2,5,319
31.5,2,2,6,320
31.5,2,2,7,322
31.5,2,2,8,323
31.5,2,2,9,325
31.5,2,2,10,326
31.5,2,2,11,328
31.5,2,2,12,329
31.5,2,2,13,330
31.5,2,2,14,332
31.5,2,2,15,333
31.5,2,3,0,313
31.5,2,3,1,315
31.5,2,3,2,316
31.5,2,3,3,318
31.5,2,3,4,319
31.5,2,3,5,321
31.5,2,3,6,322
31.5,2,3,7,324
31.5,2,3,8,325
31.5,2,3,9,327
31.5,2,3,10,328
31.5,2,3,11,329
31.5,2,3,12,331
31.5,2,3,13,332
31.5,2,3,14,334
31.5,2,3,15,335
31.5,2,4,0,315
31.5,2,4,1,316
31.5,2,4,2,318
31.5,2,4,3,319
31.5,2,4,4,321
31.5,2,4,5,322
31.5,2,4,6,324
31.5,2,4,7,325
31.5,2,4,8,327
31.5,2,4,9,328
31.5,2,4,10,330
31.5,2,4,11,331
31.5,2,4,12,333
31.5,2,4,13,334
31.5,2,4,14,336
31.5,2,4,15,337
31.5,2,5,0,317
31.5,2,5,1,318
31.5,2,5,2,320
31.5,2,5,3,321
31.5,2,5,4,323
31.5,2,5,5,324
31.5,2,5,6,326
31.5,2,5,7,327
31.5,2,5,8,329
31.5,2,5,9,330
31.5,2,5,10,332
31.5,2,5,11,333
31.5,2,5,12,335
31.5,2,5,13,336
31.5,2,5,14,338
31.5,2,5,15,339
31.5,2,6,0,318
31.5,2,6,1,320
31.5,2,6,2,322
31.5,2,6,3,323
31.5,2,6,4,325
31.5,2,6,5,326
31.5,2,6,6,328
31.5,2,6,7,329
31.5,2,6,8,331
31.5,2,6,9,332
31.5,2,6,10,334
31.5,2,6,11,335
31.5,2,6,12,337
31.5,2,6,13,338
31.5,2,6,14,340
31.5,2,6,15,341
31.5,2,7,0,320
31.5,2,7,1,322
31.5,2,7,2,323
31.5,2,7,3,325
31.5,2,7,4,326
31.5,2,7,5,328
31.5,2,7,6,330
31.5,2,7,7,331
31.5,2,7,8,333
31.5,2,7,9,334
31.5,2,7,10,336
31.5,2,7,11,337
31.5,2,7,12,339
31.5,2,7,13,340
31.5,2,7,14,342
31.5,2,7,15,343
31.5,2,8,0,322
31.5,2,8,1,324
31.5,2,8,2,325
31.5,2,8,3,327
31.5,2,8,4,328
31.5,2,8,5,330
31.5,2,8,6,331
31.5,2,8,7,333
31.5,2,8,8,334
31.5,2,8,9,336
31.5,2,8,10,337
31.5,2,8,11,339
31.5,2,8,12,340
31.5,2,8,13,342
31.5,2,8,14,343
31.5,2,8,15,345
31.5,2,9,0,324
31.5,2,9,1,325
31.5,2,9,2,327
31.5,2,9,3,329
31.5,2,9,4,330
31.5,2,9,5,332
31.5,2,9,6,333
31.5,2,9,7,335
31.5,2,9,8,336
31.5,2,9,9,338
31.5,2,9,10,339
31.5,2,9,11,341
31.5,2,9,12,342
31.5,2,9,13,344
31.5,2,9,14,345
31.5,2,9,15,347
31.5,2,10,0,326
31.5,2,10,1,327
31.5,2,10,2,329
31.5,2,10,3,330
31.5,2,10,4,332
31.5,2,10,5,333
31.5,2,10,6,335
31.5,2,10,7,337
31.5,2,10,8,338
31.5,2,10,9,340
31.5,2,10,10,341
31.5,2,10,11,343
31.5,2,10,12,344
31.5,2,10,13,346
31.5,2,10,14,347
31.5,2,10,15,349
31.5,2,11,0,327
31.5,2,11,1,329
31.5,2,11,2,330
31.5,2,11,3,332
31.5,2,11,4,334
31.5,2,11,5,335
31.5,2,11,6,337
31.5,2,11,7,338
31.5,2,11,8,340
31.5,2,11,9,341
31.5,2,11,10,343
31.5,2,11,11,344
31.5,2,11,12,346
31.5,2,11,13,348
31.5,2,11,14,349
31.5,2,11,15,351
31.5,2,12,0,329
31.5,2,12,1,331
31.5,2,12,2,332
31.5,2,12,3,334
31.5,2,12,4,335
31.5,2,12,5,337
31.5,2,12,6,339
31.5,2,12,7,340
31.5,2,12,8,342
31.5,2,12,9,343
31.5,2,12,10,345
31.5,2,12,11,346
31.5,2,12,12,348
31.5,2,12,13,349
31.5,2,12,14,351
31.5,2,12,15,352
31.5,2,13,0,331
31.5,2,13,1,332
31.5,2,13,2,334
31.5,2,13,3,336
31.5,2,13,4,337
31.5,2,13,5,339
31.5,2,13,6,340
31.5,2,13,7,342
31.5,2,13,8,343
31.5,2,13,9,345
31.5,2,13,10,347
31.5,2,13,11,348
31.5,2,13,12,350
31.5,2,13,13,351
31.5,2,13,14,353
31.5,2,13,15,354
31.5,2,14,0,332
31.5,2,14,1,334
31.5,2,14,2,336
31.5,2,14,3,337
31.5,2,14,4,339
31.5,2,14,5,341
31.5,2,14,6,342
31.5,2,14,7,344
31.5,2,14,8,345
31.5,2,14,9,347
31.5,2,14,10,348
31.5,2,14,11,350
31.5,2,14,12,352
31.5,2,14,13,353
31.5,2,14,14,355
31.5,2,14,15,356
31.5,2,15,0,334
31.5,2,15,1,336
31.5,2,15,2,337
31.5,2,15,3,339
31.5,2,15,4,341
31.5,2,15,5,342
31.5,2,15,6,344
31.5,2,15,7,345
31.5,2,15,8,347
31.5,2,15,9,349
31.5,2,15,10,350
31.5,2,15,11,352
31.5,2,15,12,353
31.5,2,15,13,355
31.5,2,15,14,356
31.5,2,15,15,358
31.5,3,0,0,313
31.5,3,0,1,314
31.5,3,0,2,316
31.5,3,0,3,317
31.5,3,0,4,319
31.5,3,0,5,320
31.5,3,0,6,322
31.5,3,0,7,323
31.5,3,0,8,325
31.5,3,0,9,326
31.5,3,0,10,328
31.5,3,0,11,329
31.5,3,0,12,330
31.5,3,0,13,332
31.5,3,0,14,333
31.5,3,0,15,335
31.5,3,1,0,314
31.5,3,1,1,316
31.5,3,1,2,318
31.5,3,1,3,319
31.5,3,1,4,321
31.5,3,1,5,322
31.5,3,1,6,324
31.5,3,1,7,325
31.5,3,1,8,327
31.5,3,1,9,328
31.5,3,1,10,330
31.5,3,1,11,331
31.5,3,1,12,332
31.5,3,1,13,334
31.5,3,1,14,335
31.5,3,1,15,337
31.5,3,2,0,316
31.5,3,2,1,318
31.5,3,2,2,319
31.5,3,2,3,321
31.5,3,2,4,322
31.5,3,2,5,324
31.5,3,2,6,325
31.5,3,2,7,327
31.5,3,2,8,328
31.5,3,2,9,330
31.5,3,2,10,331
31.5,3,2,11,333
31.5,3,2,12,334
31.5,3,2,13,336
31.5,3,2,14,337
31.5,3,2,15,339
31.5,3,3,0,318
31.5,3,3,1,320
31.5,3,3,2,321
31.5,3,3,3,323
31.5,3,3,4,324
31.5,3,3,5,326
31.5,3,3,6,327
31.5,3,3,7,329
31.5,3,3,8,330
31.5,3,3,9,332
31.5,3,3,10,333
31.5,3,3,11,335
31.5,3,3,12,336
31.5,3,3,13,338
31.5,3,3,14,339
31.5,3,3,15,341
31.5,3,4,0,320
31.5,3,4,1,322
31.5,3,4,2,323
31.5,3,4,3,325
31.5,3,4,4,326
31.5,3,4,5,328
31.5,3,4,6,329
31.5,3,4,7,331
31.5,3,4,8,332
31.5,3,4,9,334
31.5,3,4,10,335
31.5,3,4,11,337
31.5,3,4,12,338
31.5,3,4,13,340
31.5,3,4,14,341
31.5,3,4,15,343
31.5,3,5,0,322
31.5,3,5,1,323
31.5,3,5,2,325
31.5,3,5,3,327
31.5,3,5,4,328
31.5,3,5,5,330
31.5,3,5,6,331
31.5,3,5,7,333
31.5,3,5,8,334
31.5,3,5,9,336
31.5,3,5,10,337
31.5,3,5,11,339
31.5,3,5,12,340
31.5,3,5,13,342
31.5,3,5,14,343
31.5,3,5,15,345
31.5,3,6,0,324
31.5,3,6,1,325
31.5,3,6,2,327
31.5,3,6,3,328
31.5,3,6,4,330
31.5,3,6,5,332
31.5,3,6,6,333
31.5,3,6,7,335
31.5,3,6,8,336
31.5,3,6,9,338
31.5,3,6,10,339
31.5,3,6,11,341
31.5,3,6,12,342
31.5,3,6,13,344
31.5,3,6,14,345
31.5,3,6,15,347
31.5,3,7,0,325
31.5,3,7,1,327
31.5,3,7,2,329
31.5,3,7,3,330
31.5,3,7,4,332
31.5,3,7,5,333
31.5,3,7,6,335
31.5,3,7,7,336
31.5,3,7,8,338
31.5,3,7,9,340
31.5,3,7,10,341
31.5,3,7,11,343
31.5,3,7,12,344
31.5,3,7,13,346
31.5,3,7,14,347
31.5,3,7,15,349
31.5,3,8,0,327
31.5,3,8,1,329
31.5,3,8,2,330
31.5,3,8,3,332
31.5,3,8,4,334
31.5,3,8,5,335
31.5,3,8,6,337
31.5,3,8,7,338
31.5,3,8,8,340
31.5,3,8,9,341
31.5,3,8,10,343
31.5,3,8,11,345
31.5,3,8,12,346
31.5,3,8,13,348
31.5,3,8,14,349
31.5,3,8,15,351
31.5,3,9,0,329
31.5,3,9,1,331
31.5,3,9,2,332
31.5,3,9,3,334
31.5,3,9,4,335
31.5,3,9,5,337
31.5,3,9,6,339
31.5,3,9,7,340
31.5,3,9,8,342
31.5,3,9,9,343
31.5,3,9,10,345
31.5,3,9,11,346
31.5,3,9,12,348
31.5,3,9,13,349
31.5,3,9,14,351
31.5,3,9,15,352
31.5,3,10,0,331
31.5,3,10,1,332
31.5,3,10,2,334
31.5,3,10,3,336
31.5,3,10,4,337
31.5,3,10,5,339
31.5,3,10,6,340
31.5,3,10,7,342
31.5,3,10,8,344
31.5,3,10,9,345
31.5,3,10,10,347
31.5,3,10,11,348
31.5,3,10,12,350
31.5,3,10,13,351
31.5,3,10,14,353
31.5,3,10,15,354
31.5,3,11,0,333
31.5,3,11,1,334
31.5,3,11,2,336
31.5,3,11,3,338
31.5,3,11,4,339
31.5,3,11,5,341
31.5,3,11,6,342
31.5,3,11,7,344
31.5,3,11,8,345
31.5,3,11,9,347
31.5,3,11,10,349
31.5,3,11,11,350
31.5,3,11,12,352
31.5,3,11,13,353
31.5,3,11,14,355
31.5,3,11,15,356
31.5,3,12,0,334
31.5,3,12,1,336
31.5,3,12,2,338
31.5,3,12,3,339
31.5,3,12,4,341
31.5,3,12,5,343
31.5,3,12,6,344
31.5,3,12,7,346
31.5,3,12,8,347
31.5,3,12,9,349
31.5,3,12,10,350
31.5,3,12,11,352
31.5,3,12,12,354
31.5,3,12,13,355
31.5,3,12,14,357
31.5,3,12,15,358
31.5,3,13,0,336
31.5,3,13,1,338
31.5,3,13,2,339
31.5,3,13,3,341
31.5,3,13,4,343
31.5,3,13,5,344
31.5,3,13,6,346
31.5,3,13,7,348
31.5,3,13,8,349
31.5,3,13,9,351
31.5,3,13,10,352
31.5,3,13,11,354
31.5,3,13,12,355
31.5,3,13,13,357
31.5,3,13,14,359
31.5,3,13,15,360
31.5,3,14,0,338
31.5,3,14,1,340
31.5,3,14,2,341
31.5,3,14,3,343
31.5,3,14,4,344
31.5,3,14,5,346
31.5,3,14,6,348
31.5,3,14,7,349
31.5,3,14,8,351
31.5,3,14,9,353
31.5,3,14,10,354
31.5,3,14,11,356
31.5,3,14,12,357
31.5,3,14,13,359
31.5,3,14,14,360
31.5,3,14,15,362
31.5,3,15,0,340
31.5,3,15,1,341
31.5,3,15,2,343
31.5,3,15,3,345
31.5,3,15,4,346
31.5,3,15,5,348
31.5,3,15,6,350
31.5,3,15,7,351
31.5,3,15,8,353
31.5,3,15,9,354
31.5,3,15,10,356
31.5,3,15,11,358
31.5,3,15,12,359
31.5,3,15,13,361
31.5,3,15,14,362
31.5,3,15,15,364
31.5,4,0,0,318
31.5,4,0,1,319
31.5,4,0,2,321
31.5,4,0,3,322
31.5,4,0,4,324
31.5,4,0,5,325
31.5,4,0,6,327
31.5,4,0,7,328
31.5,4,0,8,330
31.5,4,0,9,331
31.5,4,0,10,333
31.5,4,0,11,334
31.5,4,0,12,336
31.5,4,0,13,337
31.5,4,0,14,339
31.5,4,0,15,340
31.5,4,1,0,320
31.5,4,1,1,321
31.5,4,1,2,323
31.5,4,1,3,324
31.5,4,1,4,326
31.5,4,1,5,327
31.5,4,1,6,329
31.5,4,1,7,330
31.5,4,1,8,332
31.5,4,1,9,333
31.5,4,1,10,335
31.5,4,1,11,336
31.5,4,1,12,338
31.5,4,1,13,339
31.5,4,1,14,341
31.5,4,1,15,342
31.5,4,2,0,321
31.5,4,2,1,323
31.5,4,2,2,325
31.5,4,2,3,326
31.5,4,2,4,328
31.5,4,2,5,329
31.5,4,2,6,331
31.5,4,2,7,332
31.5,4,2,8,334
31.5,4,2,9,335
31.5,4,2,10,337
31.5,4,2,11,338
31.5,4,2,12,340
31.5,4,2,13,341
31.5,4,2,14,343
31.5,4,2,15,344
31.5,4,3,0,323
31.5,4,3,1,325
31.5,4,3,2,326
31.5,4,3,3,328
31.5,4,3,4,330
31.5,4,3,5,331
31.5,4,3,6,333
31.5,4,3,7,334
31.5,4,3,8,336
31.5,4,3,9,337
31.5,4,3,10,339
31.5,4,3,11,340
31.5,4,3,12,342
31.5,4,3,13,343
31.5,4,3,14,345
31.5,4,3,15,346
31.5,4,4,0,325
31.5,4,4,1,327
31.5,4,4,2,328
31.5,4,4,3,330
31.5,4,4,4,332
31.5,4,4,5,333
31.5,4,4,6,335
31.5,4,4,7,336
31.5,4,4,8,338
31.5,4,4,9,339
31.5,4,4,10,341
31.5,4,4,11,342
31.5,4,4,12,344
31.5,4,4,13,345
31.5,4,4,14,347
31.5,4,4,15,348
31.5,4,5,0,327
31.5,4,5,1,329
31.5,4,5,2,330
31.5,4,5,3,332
31.5,4,5,4,333
31.5,4,5,5,335
31.5,4,5,6,337
31.5,4,5,7,338
31.5,4,5,8,340
31.5,4,5,9,341
31.5,4,5,10,343
31.5,4,5,11,344
31.5,4,5,12,346
31.5,4,5,13,347
31.5,4,5,14,349
31.5,4,5,15,350
31.5,4,6,0,329
31.5,4,6,1,331
31.5,4,6,2,332
31.5,4,6,3,334
31.5,4,6,4,335
31.5,4,6,5,337
31.5,4,6,6,338
31.5,4,6,7,340
31.5,4,6,8,342
31.5,4,6,9,343
31.5,4,6,10,345
31.5,4,6,11,346
31.5,4,6,12,348
31.5,4,6,13,349
31.5,4,6,14,351
31.5,4,6,15,352
31.5,4,7,0,331
31.5,4,7,1,332
31.5,4,7,2,334
31.5,4,7,3,336
31.5,4,7,4,337
31.5,4,7,5,339
31.5,4,7,6,340
31.5,4,7,7,342
31.5,4,7,8,343
31.5,4,7,9,345
31.5,4,7,10,347
31.5,4,7,11,348
31.5,4,7,12,350
31.5,4,7,13,351
31.5,4,7,14,353
31.5,4,7,15,354
31.5,4,8,0,333
31.5,4,8,1,334
31.5,4,8,2,336
31.5,4,8,3,337
31.5,4,8,4,339
31.5,4,8,5,341
31.5,4,8,6,342
31.5,4,8,7,344
31.5,4,8,8,345
31.5,4,8,9,347
31.5,4,8,10,349
31.5,4,8,11,350
31.5,4,8,12,352
31.5,4,8,13,353
31.5,4,8,14,355
31.5,4,8,15,356
31.5,4,9,0,334
31.5,4,9,1,336
31.5,4,9,2,338
31.5,4,9,3,339
31.5,4,9,4,341
31.5,4,9,5,343
31.5,4,9,6,344
31.5,4,9,7,346
31.5,4,9,8,347
31.5,4,9,9,349
31.5,4,9,10,350
31.5,4,9,11,352
31.5,4,9,12,354
31.5,4,9,13,355
31.5,4,9,14,357
31.5,4,9,15,358
31.5,4,10,0,336
31.5,4,10,1,338
31.5,4,10,2,340
31.5,4,10,3,341
31.5,4,10,4,343
31.5,4,10,5,344
31.5,4,10,6,346
31.5,4,10,7,348
31.5,4,10,8,349
31.5,4,10,9,351
31.5,4,10,10,352
31.5,4,10,11,354
31.5,4,10,12,355
31.5,4,10,13,357
31.5,4,10,14,359
31.5,4,10,15,360
31.5,4,11,0,338
31.5,4,11,1,340
31.5,4,11,2,341
31.5,4,11,3,343
31.5,4,11,4,345
31.5,4,11,5,346
31.5,4,11,6,348
31.5,4,11,7,349
31.5,4,11,8,351
31.5,4,11,9,353
31.5,4,11,10,354
31.5,4,11,11,356
31.5,4,11,12,357
31.5,4,11,13,359
31.5,4,11,14,361
31.5,4,11,15,362
31.5,4,12,0,340
31.5,4,12,1,341
31.5,4,12,2,343
31.5,4,12,3,345
31.5,4,12,4,346
31.5,4,12,5,348
31.5,4,12,6,350
31.5,4,12,7,351
31.5,4,12,8,353
31.5,4,12,9,355
31.5,4,12,10,356
31.5,4,12,11,358
31.5,4,12,12,359
31.5,4,12,13,361
31.5,4,12,14,362
31.5,4,12,15,364
31.5,4,13,0,342
31.5,4,13,1,343
31.5,4,13,2,345
31.5,4,13,3,347
31.5,4,13,4,348
31.5,4,13,5,350
31.5,4,13,6,352
31.5,4,13,7,353
31.5,4,13,8,355
31.5,4,13,9,356
31.5,4,13,10,358
31.5,4,13,11,360
31.5,4,13,12,361
31.5,4,13,13,363
31.5,4,13,14,364
31.5,4,13,15,366
31.5,4,14,0,343
31.5,4,14,1,345
31.5,4,14,2,347
31.5,4,14,3,348
31.5,4,14,4,350
31.5,4,14,5,352
31.5,4,14,6,353
31.5,4,14,7,355
31.5,4,14,8,357
31.5,4,14,9,358
31.5,4,14,10,360
31.5,4,14,11,361
31.5,4,14,12,363
31.5,4,14,13,365
31.5,4,14,14,366
31.5,4,14,15,368
31.5,4,15,0,345
31.5,4,15,1,347
31.5,4,15,2,349
31.5,4,15,3,350
31.5,4,15,4,352
31.5,4,15,5,354
31.5,4,15,6,355
31.5,4,15,7,357
31.5,4,15,8,358
31.5,4,15,9,360
31.5,4,15,10,362
31.5,4,15,11,363
31.5,4,15,12,365
31.5,4,15,13,367
31.5,4,15,14,368
31.5,4,15,15,370
31.5,5,0,0,323
31.5,5,0,1,324
31.5,5,0,2,326
31.5,5,0,3,327
31.5,5,0,4,329
31.5,5,0,5,330
31.5,5,0,6,332
31.5,5,0,7,334
31.5,5,0,8,335
31.5,5,0,9,337
31.5,5,0,10,338
31.5,5,0,11,340
31.5,5,0,12,341
31.5,5,0,13,343
31.5,5,0,14,344
31.5,5,0,15,346
31.5,5,1,0,325
31.5,5,1,1,326
31.5,5,1,2,328
31.5,5,1,3,329
31.5,5,1,4,331
31.5,5,1,5,332
31.5,5,1,6,334
31.5,5,1,7,336
31.5,5,1,8,337
31.5,5,1,9,339
31.5,5,1,10,340
31.5,5,1,11,342
31.5,5,1,12,343
31.5,5,1,13,345
31.5,5,1,14,346
31.5,5,1,15,348
31.5,5,2,0,327
31.5,5,2,1,328
31.5,5,2,2,330
31.5,5,2,3,331
31.5,5,2,4,333
31.5,5,2,5,334
31.5,5,2,6,336
31.5,5,2,7,338
31.5,5,2,8,339
31.5,5,2,9,341
31.5,5,2,10,342
31.5,5,2,11,344
31.5,5,2,12,345
31.5,5,2,13,347
31.5,5,2,14,348
31.5,5,2,15,350
31.5,5,3,0,328
31.5,5,3,1,330
31.5,5,3,2,332
31.5,5,3,3,333
31.5,5,3,4,335
31.5,5,3,5,336
31.5,5,3,6,338
31.5,5,3,7,340
31.5,5,3,8,341
31.5,5,3,9,343
31.5,5,3,10,344
31.5,5,3,11,346
31.5,5,3,12,347
31.5,5,3,13,349
31.5,5,3,14,350
31.5,5,3,15,352
31.5,5,4,0,330
31.5,5,4,1,332
31.5,5,4,2,334
31.5,5,4,3,335
31.5,5,4,4,337
31.5,5,4,5,338
31.5,5,4,6,340
31.5,5,4,7,342
31.5,5,4,8,343
31.5,5,4,9,345
31.5,5,4,10,346
31.5,5,4,11,348
31.5,5,4,12,349
31.5,5,4,13,351
31.5,5,4,14,352
31.5,5,4,15,354
31.5,5,5,0,332
31.5,5,5,1,334
31.5,5,5,2,335
31.5,5,5,3,337
31.5,5,5,4,339
31.5,5,5,5,340
31.5,5,5,6,342
31.5,5,5,7,343
31.5,5,5,8,345
31.5,5,5,9,347
31.5,5,5,10,348
31.5,5,5,11,350
31.5,5,5,12,351
31.5,5,5,13,353
31.5,5,5,14,354
31.5,5,5,15,356
31.5,5,6,0,334
31.5,5,6,1,336
31.5,5,6,2,337
31.5,5,6,3,339
31.5,5,6,4,341
31.5,5,6,5,342
31.5,5,6,6,344
31.5,5,6,7,345
31.5,5,6,8,347
31.5,5,6,9,349
31.5,5,6,10,350
31.5,5,6,11,352
31.5,5,6,12,353
31.5,5,6,13,355
31.5,5,6,14,356
31.5,5,6,15,358
31.5,5,7,0,336
31.5,5,7,1,338
31.5,5,7,2,339
31.5,5,7,3,341
31.5,5,7,4,343
31.5,5,7,5,344
31.5,5,7,6,346
31.5,5,7,7,347
31.5,5,7,8,349
31.5,5,7,9,351
31.5,5,7,10,352
31.5,5,7,11,354
31.5,5,7,12,355
31.5,5,7,13,357
31.5,5,7,14,358
31.5,5,7,15,360
31.5,5,8,0,338
31.5,5,8,1,340
31.5,5,8,2,341
31.5,5,8,3,343
31.5,5,8,4,344
31.5,5,8,5,346
31.5,5,8,6,348
31.5,5,8,7,349
31.5,5,8,8,351
31.5,5,8,9,352
31.5,5,8,10,354
31.5,5,8,11,356
31.5,5,8,12,357
31.5,5,8,13,359
31.5,5,8,14,360
31.5,5,8,15,362
31.5,5,9,0,340
31.5,5,9,1,341
31.5,5,9,2,343
31.5,5,9,3,345
31.5,5,9,4,346
31.5,5,9,5,348
31.5,5,9,6,350
31.5,5,9,7,351
31.5,5,9,8,353
31.5,5,9,9,354
31.5,5,9,10,356
31.5,5,9,11,358
31.5,5,9,12,359
31.5,5,9,13,361
31.5,5,9,14,362
31.5,5,9,15,364
31.5,5,10,0,342
31.5,5,10,1,343
31.5,5,10,2,345
31.5,5,10,3,347
31.5,5,10,4,348
31.5,5,10,5,350
31.5,5,10,6,351
31.5,5,10,7,353
31.5,5,10,8,355
31.5,5,10,9,356
31.5,5,10,10,358
31.5,5,10,11,360
31.5,5,10,12,361
31.5,5,10,13,363
31.5,5,10,14,364
31.5,5,10,15,366
31.5,5,11,0,343
31.5,5,11,1,345
31.5,5,11,2,347
31.5,5,11,3,348
31.5,5,11,4,350
31.5,5,11,5,352
31.5,5,11,6,353
31.5,5,11,7,355
31.5,5,11,8,357
31.5,5,11,9,358
31.5,5,11,10,360
31.5,5,11,11,361
31.5,5,11,12,363
31.5,5,11,13,365
31.5,5,11,14,366
31.5,5,11,15,368
31.5,5,12,0,345
31.5,5,12,1,347
31.5,5,12,2,349
31.5,5,12,3,350
31.5,5,12,4,352
31.5,5,12,5,354
31.5,5,12,6,355
31.5,5,12,7,357
31.5,5,12,8,359
31.5,5,12,9,360
31.5,5,12,10,362
31.5,5,12,11,363
31.5,5,12,12,365
31.5,5,12,13,367
31.5,5,12,14,368
31.5,5,12,15,370
31.5,5,13,0,347
31.5,5,13,1,349
31.5,5,13,2,350
31.5,5,13,3,352
31.5,5,13,4,354
31.5,5,13,5,355
31.5,5,13,6,357
31.5,5,13,7,359
31.5,5,13,8,360
31.5,5,13,9,362
31.5,5,13,10,364
31.5,5,13,11,365
31.5,5,13,12,367
31.5,5,13,13,369
31.5,5,13,14,370
31.5,5,13,15,372
31.5,5,14,0,349
31.5,5,14,1,351
31.5,5,14,2,352
31.5,5,14,3,354
31.5,5,14,4,356
31.5,5,14,5,357
31.5,5,14,6,359
31.5,5,14,7,361
31.5,5,14,8,362
31.5,5,14,9,364
31.5,5,14,10,366
31.5,5,14,11,367
31.5,5,14,12,369
31.5,5,14,13,370
31.5,5,14,14,372
31.5,5,14,15,374
31.5,5,15,0,351
31.5,5,15,1,352
31.5,5,15,2,354
31.5,5,15,3,356
31.5,5,15,4,357
31.5,5,15,5,359
31.5,5,15,6,361
31.5,5,15,7,362
31.5,5,15,8,364
31.5,5,15,9,366
31.5,5,15,10,367
31.5,5,15,11,369
31.5,5,15,12,371
31.5,5,15,13,372
31.5,5,15,14,374
31.5,5,15,15,376
31.5,6,0,0,328
31.5,6,0,1,329
31.5,6,0,2,331
31.5,6,0,3,332
31.5,6,0,4,334
31.5,6,0,5,336
31.5,6,0,6,337
31.5,6,0,7,339
31.5,6,0,8,340
31.5,6,0,9,342
31.5,6,0,10,343
31.5,6,0,11,345
31.5,6,0,12,346
31.5,6,0,13,348
31.5,6,0,14,349
31.5,6,0,15,351
31.5,6,1,0,330
31.5,6,1,1,331
31.5,6,1,2,333
31.5,6,1,3,334
31.5,6,1,4,336
31.5,6,1,5,338
31.5,6,1,6,339
31.5,6,1,7,341
31.5,6,1,8,342
31.5,6,1,9,344
31.5,6,1,10,345
31.5,6,1,11,347
31.5,6,1,12,349
31.5,6,1,13,350
31.5,6,1,14,352
31.5,6,1,15,353
31.5,6,2,0,332
31.5,6,2,1,333
31.5,6,2,2,335
31.5,6,2,3,336
31.5,6,2,4,338
31.5,6,2,5,340
31.5,6,2,6,341
31.5,6,2,7,343
31.5,6,2,8,344
31.5,6,2,9,346
31.5,6,2,10,348
31.5,6,2,11,349
31.5,6,2,12,351
31.5,6,2,13,352
31.5,6,2,14,354
31.5,6,2,15,355
31.5,6,3,0,334
31.5,6,3,1,335
31.5,6,3,2,337
31.5,6,3,3,338
31.5,6,3,4,340
31.5,6,3,5,342
31.5,6,3,6,343
31.5,6,3,7,345
31.5,6,3,8,346
31.5,6,3,9,348
31.5,6,3,10,350
31.5,6,3,11,351
31.5,6,3,12,353
31.5,6,3,13,354
31.5,6,3,14,356
31.5,6,3,15,357
31.5,6,4,0,336
31.5,6,4,1,337
31.5,6,4,2,339
31.5,6,4,3,340
31.5,6,4,4,342
31.5,6,4,5,344
31.5,6,4,6,345
31.5,6,4,7,347
31.5,6,4,8,348
31.5,6,4,9,350
31.5,6,4,10,352
31.5,6,4,11,353
31.5,6,4,12,355
31.5,6,4,13,356
31.5,6,4,14,358
31.5,6,4,15,359
31.5,6,5,0,337
31.5,6,5,1,339
31.5,6,5,2,341
31.5,6,5,3,342
31.5,6,5,4,344
31.5,6,5,5,346
31.5,6,5,6,347
31.5,6,5,7,349
31.5,6,5,8,350
31.5,6,5,9,352
31.5,6,5,10,354
31.5,6,5,11,355
31.5,6,5,12,357
31.5,6,5,13,358
31.5,6,5,14,360
31.5,6,5,15,361
31.5,6,6,0,339
31.5,6,6,1,341
31.5,6,6,2,343
31.5,6,6,3,344
31.5,6,6,4,346
31.5,6,6,5,348
31.5,6,6,6,349
31.5,6,6,7,351
31.5,6,6,8,352
31.5,6,6,9,354
31.5,6,6,10,356
31.5,6,6,11,357
31.5,6,6,12,359
31.5,6,6,13,360
31.5,6,6,14,362
31.5,6,6,15,363
31.5,6,7,0,341
31.5,6,7,1,343
31.5,6,7,2,345
31.5,6,7,3,346
31.5,6,7,4,348
31.5,6,7,5,350
31.5,6,7,6,351
31.5,6,7,7,353
31.5,6,7,8,354
31.5,6,7,9,356
31.5,6,7,10,358
31.5,6,7,11,359
31.5,6,7,12,361
31.5,6,7,13,362
31.5,6,7,14,364
31.5,6,7,15,366
31.5,6,8,0,343
31.5,6,8,1,345
31.5,6,8,2,347
31.5,6,8,3,348
31.5,6,8,4,350
31.5,6,8,5,351
31.5,6,8,6,353
31.5,6,8,7,355
31.5,6,8,8,356
31.5,6,8,9,358
31.5,6,8,10,360
31.5,6,8,11,361
31.5,6,8,12,363
31.5,6,8,13,364
31.5,6,8,14,366
31.5,6,8,15,368
31.5,6,9,0,345
31.5,6,9,1,347
31.5,6,9,2,348
31.5,6,9,3,350
31.5,6,9,4,352
31.5,6,9,5,353
31.5,6,9,6,355
31.5,6,9,7,357
31.5,6,9,8,358
31.5,6,9,9,360
31.5,6,9,10,362
31.5,6,9,11,363
31.5,6,9,12,365
31.5,6,9,13,366
31.5,6,9,14,368
31.5,6,9,15,370
31.5,6,10,0,347
31.5,6,10,1,349
31.5,6,10,2,350
31.5,6,10,3,352
31.5,6,10,4,354
31.5,6,10,5,355
31.5,6,10,6,357
31.5,6,10,7,359
31.5,6,10,8,360
31.5,6,10,9,362
31.5,6,10,10,364
31.5,6,10,11,365
31.5,6,10,12,367
31.5,6,10,13,368
31.5,6,10,14,370
31.5,6,10,15,372
31.5,6,11,0,349
31.5,6,11,1,350
31.5,6,11,2,352
31.5,6,11,3,354
31.5,6,11,4,356
31.5,6,11,5,357
31.5,6,11,6,359
31.5,6,11,7,361
31.5,6,11,8,362
31.5,6,11,9,364
31.5,6,11,10,365
31.5,6,11,11,367
31.5,6,11,12,369
31.5,6,11,13,370
31.5,6,11,14,372
31.5,6,11,15,374
31.5,6,12,0,351
31.5,6,12,1,352
31.5,6,12,2,354
31.5,6,12,3,356
31.5,6,12,4,357
31.5,6,12,5,359
31.5,6,12,6,361
31.5,6,12,7,362
31.5,6,12,8,364
31.5,6,12,9,366
31.5,6,12,10,367
31.5,6,12,11,369
31.5,6,12,12,371
31.5,6,12,13,372
31.5,6,12,14,374
31.5,6,12,15,376
31.5,6,13,0,352
31.5,6,13,1,354
31.5,6,13,2,356
31.5,6,13,3,358
31.5,6,13,4,359
31.5,6,13,5,361
31.5,6,13,6,363
31.5,6,13,7,364
31.5,6,13,8,366
31.5,6,13,9,368
31.5,6,13,10,369
31.5,6,13,11,371
31.5,6,13,12,373
31.5,6,13,13,374
31.5,6,13,14,376
31.5,6,13,15,378
31.5,6,14,0,354
31.5,6,14,1,356
31.5,6,14,2,358
31.5,6,14,3,359
31.5,6,14,4,361
31.5,6,14,5,363
31.5,6,14,6,365
31.5,6,14,7,366
31.5,6,14,8,368
31.5,6,14,9,370
31.5,6,14,10,371
31.5,6,14,11,373
31.5,6,14,12,375
31.5,6,14,13,376
31.5,6,14,14,378
31.5,6,14,15,379
31.5,6,15,0,356
31.5,6,15,1,358
31.5,6,15,2,360
31.5,6,15,3,361
31.5,6,15,4,363
31.5,6,15,5,365
31.5,6,15,6,366
31.5,6,15,7,368
31.5,6,15,8,370
31.5,6,15,9,372
31.5,6,15,10,373
31.5,6,15,11,375
31.5,6,15,12,377
31.5,6,15,13,378
31.5,6,15,14,380
31.5,6,15,15,381
31.5,7,0,0,333
31.5,7,0,1,334
31.5,7,0,2,336
31.5,7,0,3,338
31.5,7,0,4,339
31.5,7,0,5,341
31.5,7,0,6,342
31.5,7,0,7,344
31.5,7,0,8,346
31.5,7,0,9,347
31.5,7,0,10,349
31.5,7,0,11,350
31.5,7,0,12,352
31.5,7,0,13,353
31.5,7,0,14,355
31.5,7,0,15,356
31.5,7,1,0,335
31.5,7,1,1,336
31.5,7,1,2,338
31.5,7,1,3,340
31.5,7,1,4,341
31.5,7,1,5,343
31.5,7,1,6,344
31.5,7,1,7,346
31.5,7,1,8,348
31.5,7,1,9,349
31.5,7,1,10,351
31.5,7,1,11,352
31.5,7,1,12,354
31.5,7,1,13,355
31.5,7,1,14,357
31.5,7,1,15,359
31.5,7,2,0,337
31.5,7,2,1,338
31.5,7,2,2,340
31.5,7,2,3,342
31.5,7,2,4,343
31.5,7,2,5,345
31.5,7,2,6,347
31.5,7,2,7,348
31.5,7,2,8,350
31.5,7,2,9,351
31.5,7,2,10,353
31.5,7,2,11,354
31.5,7,2,12,356
31.5,7,2,13,358
31.5,7,2,14,359
31.5,7,2,15,361
31.5,7,3,0,339
31.5,7,3,1,340
31.5,7,3,2,342
31.5,7,3,3,344
31.5,7,3,4,345
31.5,7,3,5,347
31.5,7,3,6,349
31.5,7,3,7,350
31.5,7,3,8,352
31.5,7,3,9,353
31.5,7,3,10,355
31.5,7,3,11,357
31.5,7,3,12,358
31.5,7,3,13,360
31.5,7,3,14,361
31.5,7,3,15,363
31.5,7,4,0,341
31.5,7,4,1,342
31.5,7,4,2,344
31.5,7,4,3,346
31.5,7,4,4,347
31.5,7,4,5,349
31.5,7,4,6,351
31.5,7,4,7,352
31.5,7,4,8,354
31.5,7,4,9,355
31.5,7,4,10,357
31.5,7,4,11,359
31.5,7,4,12,360
31.5,7,4,13,362
31.5,7,4,14,363
31.5,7,4,15,365
31.5,7,5,0,343
31.5,7,5,1,344
31.5,7,5,2,346
31.5,7,5,3,348
31.5,7,5,4,349
31.5,7,5,5,351
31.5,7,5,6,353
31.5,7,5,7,354
31.5,7,5,8,356
31.5,7,5,9,357
31.5,7,5,10,359
31.5,7,5,11,361
31.5,7,5,12,362
31.5,7,5,13,364
31.5,7,5,14,365
31.5,7,5,15,367
31.5,7,6,0,345
31.5,7,6,1,346
31.5,7,6,2,348
31.5,7,6,3,350
31.5,7,6,4,351
31.5,7,6,5,353
31.5,7,6,6,355
31.5,7,6,7,356
31.5,7,6,8,358
31.5,7,6,9,359
31.5,7,6,10,361
31.5,7,6,11,363
31.5,7,6,12,364
31.5,7,6,13,366
31.5,7,6,14,368
31.5,7,6,15,369
31.5,7,7,0,347
31.5,7,7,1,348
31.5,7,7,2,350
31.5,7,7,3,352
31.5,7,7,4,353
31.5,7,7,5,355
31.5,7,7,6,357
31.5,7,7,7,358
31.5,7,7,8,360
31.5,7,7,9,362
31.5,7,7,10,363
31.5,7,7,11,365
31.5,7,7,12,366
31.5,7,7,13,368
31.5,7,7,14,370
31.5,7,7,15,371
31.5,7,8,0,348
31.5,7,8,1,350
31.5,7,8,2,352
31.5,7,8,3,354
31.5,7,8,4,355
31.5,7,8,5,357
31.5,7,8,6,359
31.5,7,8,7,360
31.5,7,8,8,362
31.5,7,8,9,364
31.5,7,8,10,365
31.5,7,8,11,367
31.5,7,8,12,368
31.5,7,8,13,370
31.5,7,8,14,372
31.5,7,8,15,373
31.5,7,9,0,350
31.5,7,9,1,352
31.5,7,9,2,354
31.5,7,9,3,355
31.5,7,9,4,357
31.5,7,9,5,359
31.5,7,9,6,361
31.5,7,9,7,362
31.5,7,9,8,364
31.5,7,9,9,366
31.5,7,9,10,367
31.5,7,9,11,369
31.5,7,9,12,370
31.5,7,9,13,372
31.5,7,9,14,374
31.5,7,9,15,375
31.5,7,10,0,352
31.5,7,10,1,354
31.5,7,10,2,356
31.5,7,10,3,357
31.5,7,10,4,359
31.5,7,10,5,361
31.5,7,10,6,362
31.5,7,10,7,364
31.5,7,10,8,366
31.5,7,10,9,367
31.5,7,10,10,369
31.5,7,10,11,371
31.5,7,10,12,372
31.5,7,10,13,374
31.5,7,10,14,376
31.5,7,10,15,377
31.5,7,11,0,354
31.5,7,11,1,356
31.5,7,11,2,358
31.5,7,11,3,359
31.5,7,11,4,361
31.5,7,11,5,363
31.5,7,11,6,364
31.5,7,11,7,366
31.5,7,11,8,368
31.5,7,11,9,369
31.5,7,11,10,371
31.5,7,11,11,373
31.5,7,11,12,374
31.5,7,11,13,376
31.5,7,11,14,378
31.5,7,11,15,379
31.5,7,12,0,356
31.5,7,12,1,358
31.5,7,12,2,360
31.5,7,12,3,361
31.5,7,12,4,363
31.5,7,12,5,365
31.5,7,12,6,366
31.5,7,12,7,368
31.5,7,12,8,370
31.5,7,12,9,371
31.5,7,12,10,373
31.5,7,12,11,375
31.5,7,12,12,376
31.5,7,12,13,378
31.5,7,12,14,380
31.5,7,12,15,381
31.5,7,13,0,358
31.5,7,13,1,360
31.5,7,13,2,361
31.5,7,13,3,363
31.5,7,13,4,365
31.5,7,13,5,367
31.5,7,13,6,368
31.5,7,13,7,370
31.5,7,13,8,372
31.5,7,13,9,373
31.5,7,13,10,375
31.5,7,13,11,377
31.5,7,13,12,378
31.5,7,13,13,380
31.5,7,13,14,382
31.5,7,13,15,383
31.5,7,14,0,360
31.5,7,14,1,362
31.5,7,14,2,363
31.5,7,14,3,365
31.5,7,14,4,367
31.5,7,14,5,368
31.5,7,14,6,370
31.5,7,14,7,372
31.5,7,14,8,374
31.5,7,14,9,375
31.5,7,14,10,377
31.5,7,14,11,379
31.5,7,14,12,380
31.5,7,14,13,382
31.5,7,14,14,384
31.5,7,14,15,385
31.5,7,15,0,362
31.5,7,15,1,363
31.5,7,15,2,365
31.5,7,15,3,367
31.5,7,15,4,369
31.5,7,15,5,370
31.5,7,15,6,372
31.5,7,15,7,374
31.5,7,15,8,376
31.5,7,15,9,377
31.5,7,15,10,379
31.5,7,15,11,381
31.5,7,15,12,382
31.5,7,15,13,384
31.5,7,15,14,386
31.5,7,15,15,387
31.5,8,0,0,338
31.5,8,0,1,339
31.5,8,0,2,341
31.5,8,0,3,343
31.5,8,0,4,344
31.5,8,0,5,346
31.5,8,0,6,348
31.5,8,0,7,349
31.5,8,0,8,351
31.5,8,0,9,352
31.5,8,0,10,354
31.5,8,0,11,356
31.5,8,0,12,357
31.5,8,0,13,359
31.5,8,0,14,360
31.5,8,0,15,362
31.5,8,1,0,340
31.5,8,1,1,341
31.5,8,1,2,343
31.5,8,1,3,345
31.5,8,1,4,346
31.5,8,1,5,348
31.5,8,1,6,350
31.5,8,1,7,351
31.5,8,1,8,353
31.5,8,1,9,355
31.5,8,1,10,356
31.5,8,1,11,358
31.5,8,1,12,359
31.5,8,1,13,361
31.5,8,1,14,362
31.5,8,1,15,364
31.5,8,2,0,342
31.5,8,2,1,344
31.5,8,2,2,345
31.5,8,2,3,347
31.5,8,2,4,348
31.5,8,2,5,350
31.5,8,2,6,352
31.5,8,2,7,353
31.5,8,2,8,355
31.5,8,2,9,357
31.5,8,2,10,358
31.5,8,2,11,360
31.5,8,2,12,361
31.5,8,2,13,363
31.5,8,2,14,365
31.5,8,2,15,366
31.5,8,3,0,344
31.5,8,3,1,346
31.5,8,3,2,347
31.5,8,3,3,349
31.5,8,3,4,351
31.5,8,3,5,352
31.5,8,3,6,354
31.5,8,3,7,355
31.5,8,3,8,357
31.5,8,3,9,359
31.5,8,3,10,360
31.5,8,3,11,362
31.5,8,3,12,364
31.5,8,3,13,365
31.5,8,3,14,367
31.5,8,3,15,368
31.5,8,4,0,346
31.5,8,4,1,348
31.5,8,4,2,349
31.5,8,4,3,351
31.5,8,4,4,353
31.5,8,4,5,354
31.5,8,4,6,356
31.5,8,4,7,358
31.5,8,4,8,359
31.5,8,4,9,361
31.5,8,4,10,362
31.5,8,4,11,364
31.5,8,4,12,366
31.5,8,4,13,367
31.5,8,4,14,369
31.5,8,4,15,370
31.5,8,5,0,348
31.5,8,5,1,350
31.5,8,5,2,351
31.5,8,5,3,353
31.5,8,5,4,355
31.5,8,5,5,356
31.5,8,5,6,358
31.5,8,5,7,360
31.5,8,5,8,361
31.5,8,5,9,363
31.5,8,5,10,365
31.5,8,5,11,366
31.5,8,5,12,368
31.5,8,5,13,369
31.5,8,5,14,371
31.5,8,5,15,373
31.5,8,6,0,350
31.5,8,6,1,352
31.5,8,6,2,353
31.5,8,6,3,355
31.5,8,6,4,357
31.5,8,6,5,358
31.5,8,6,6,360
31.5,8,6,7,362
31.5,8,6,8,363
31.5,8,6,9,365
31.5,8,6,10,367
31.5,8,6,11,368
31.5,8,6,12,370
31.5,8,6,13,371
31.5,8,6,14,373
31.5,8,6,15,375
31.5,8,7,0,352
31.5,8,7,1,353
31.5,8,7,2,355
31.5,8,7,3,357
31.5,8,7,4,359
31.5,8,7,5,360
31.5,8,7,6,362
31.5,8,7,7,364
31.5,8,7,8,365
31.5,8,7,9,367
31.5,8,7,10,369
31.5,8,7,11,370
31.5,8,7,12,372
31.5,8,7,13,374
31.5,8,7,14,375
31.5,8,7,15,377
31.5,8,8,0,354
31.5,8,8,1,355
31.5,8,8,2,357
31.5,8,8,3,359
31.5,8,8,4,361
31.5,8,8,5,362
31.5,8,8,6,364
31.5,8,8,7,366
31.5,8,8,8,367
31.5,8,8,9,369
31.5,8,8,10,371
31.5,8,8,11,372
31.5,8,8,12,374
31.5,8,8,13,376
31.5,8,8,14,377
31.5,8,8,15,379
31.5,8,9,0,356
31.5,8,9,1,357
31.5,8,9,2,359
31.5,8,9,3,361
31.5,8,9,4,363
31.5,8,9,5,364
31.5,8,9,6,366
31.5,8,9,7,368
31.5,8,9,8,369
31.5,8,9,9,371
31.5,8,9,10,373
31.5,8,9,11,374
31.5,8,9,12,376
31.5,8,9,13,378
31.5,8,9,14,379
31.5,8,9,15,381
31.5,8,10,0,358
31.5,8,10,1,359
31.5,8,10,2,361
31.5,8,10,3,363
31.5,8,10,4,365
31.5,8,10,5,366
31.5,8,10,6,368
31.5,8,10,7,370
31.5,8,10,8,371
31.5,8,10,9,373
31.5,8,10,10,375
31.5,8,10,11,376
31.5,8,10,12,378
31.5,8,10,13,380
31.5,8,10,14,381
31.5,8,10,15,383
31.5,8,11,0,360
31.5,8,11,1,361
31.5,8,11,2,363
31.5,8,11,3,365
31.5,8,11,4,367
31.5,8,11,5,368
31.5,8,11,6,370
31.5,8,11,7,372
31.5,8,11,8,373
31.5,8,11,9,375
31.5,8,11,10,377
31.5,8,11,11,378
31.5,8,11,12,380
31.5,8,11,13,382
31.5,8,11,14,383
31.5,8,11,15,385
31.5,8,12,0,361
31.5,8,12,1,363
31.5,8,12,2,365
31.5,8,12,3,367
31.5,8,12,4,368
31.5,8,12,5,370
31.5,8,12,6,372
31.5,8,12,7,374
31.5,8,12,8,375
31.5,8,12,9,377
31.5,8,12,10,379
31.5,8,12,11,380
31.5,8,12,12,382
31.5,8,12,13,384
31.5,8,12,14,385
31.5,8,12,15,387
31.5,8,13,0,363
31.5,8,13,1,365
31.5,8,13,2,367
31.5,8,13,3,369
31.5,8,13,4,370
31.5,8,13,5,372
31.5,8,13,6,374
31.5,8,13,7,376
31.5,8,13,8,377
31.5,8,13,9,379
31.5,8,13,10,381
31.5,8,13,11,382
31.5,8,13,12,384
31.5,8,13,13,386
31.5,8,13,14,387
31.5,8,13,15,389
31.5,8,14,0,365
31.5,8,14,1,367
31.5,8,14,2,369
31.5,8,14,3,371
31.5,8,14,4,372
31.5,8,14,5,374
31.5,8,14,6,376
31.5,8,14,7,378
31.5,8,14,8,379
31.5,8,14,9,381
31.5,8,14,10,383
31.5,8,14,11,384
31.5,8,14,12,386
31.5,8,14,13,388
31.5,8,14,14,390
31.5,8,14,15,391
31.5,8,15,0,367
31.5,8,15,1,369
31.5,8,15,2,371
31.5,8,15,3,372
31.5,8,15,4,374
31.5,8,15,5,376
31.5,8,15,6,378
31.5,8,15,7,380
31.5,8,15,8,381
31.5,8,15,9,383
31.5,8,15,10,385
31.5,8,15,11,386
31.5,8,15,12,388
31.5,8,15,13,390
31.5,8,15,14,392
31.5,8,15,15,393
31.5,9,0,0,343
31.5,9,0,1,345
31.5,9,0,2,346
31.5,9,0,3,348
31.5,9,0,4,350
31.5,9,0,5,351
31.5,9,0,6,353
31.5,9,0,7,354
31.5,9,0,8,356
31.5,9,0,9,358
31.5,9,0,10,359
31.5,9,0,11,361
31.5,9,0,12,362
31.5,9,0,13,364
31.5,9,0,14,366
31.5,9,0,15,367
31.5,9,1,0,345
31.5,9,1,1,347
31.5,9,1,2,348
31.5,9,1,3,350
31.5,9,1,4,352
31.5,9,1,5,353
31.5,9,1,6,355
31.5,9,1,7,357
31.5,9,1,8,358
31.5,9,1,9,360
31.5,9,1,10,361
31.5,9,1,11,363
31.5,9,1,12,365
31.5,9,1,13,366
31.5,9,1,14,368
31.5,9,1,15,369
31.5,9,2,0,347
31.5,9,2,1,349
31.5,9,2,2,350
31.5,9,2,3,352
31.5,9,2,4,354
31.5,9,2,5,355
31.5,9,2,6,357
31.5,9,2,7,359
31.5,9,2,8,360
31.5,9,2,9,362
31.5,9,2,10,364
31.5,9,2,11,365
31.5,9,2,12,367
31.5,9,2,13,368
31.5,9,2,14,370
31.5,9,2,15,372
31.5,9,3,0,349
31.5,9,3,1,351
31.5,9,3,2,352
31.5,9,3,3,354
31.5,9,3,4,356
31.5,9,3,5,357
31.5,9,3,6,359
31.5,9,3,7,361
31.5,9,3,8,362
31.5,9,3,9,364
31.5,9,3,10,366
31.5,9,3,11,367
31.5,9,3,12,369
31.5,9,3,13,371
31.5,9,3,14,372
31.5,9,3,15,374
31.5,9,4,0,351
31.5,9,4,1,353
31.5,9,4,2,354
31.5,9,4,3,356
31.5,9,4,4,358
31.5,9,4,5,360
31.5,9,4,6,361
31.5,9,4,7,363
31.5,9,4,8,365
31.5,9,4,9,366
31.5,9,4,10,368
31.5,9,4,11,369
31.5,9,4,12,371
31.5,9,4,13,373
31.5,9,4,14,374
31.5,9,4,15,376
31.5,9,5,0,353
31.5,9,5,1,355
31.5,9,5,2,356
31.5,9,5,3,358
31.5,9,5,4,360
31.5,9,5,5,362
31.5,9,5,6,363
31.5,9,5,7,365
31.5,9,5,8,367
31.5,9,5,9,368
31.5,9,5,10,370
31.5,9,5,11,372
31.5,9,5,12,373
31.5,9,5,13,375
31.5,9,5,14,377
31.5,9,5,15,378
31.5,9,6,0,355
31.5,9,6,1,357
31.5,9,6,2,359
31.5,9,6,3,360
31.5,9,6,4,362
31.5,9,6,5,364
31.5,9,6,6,365
31.5,9,6,7,367
31.5,9,6,8,369
31.5,9,6,9,370
31.5,9,6,10,372
31.5,9,6,11,374
31.5,9,6,12,375
31.5,9,6,13,377
31.5,9,6,14,379
31.5,9,6,15,380
31.5,9,7,0,357
31.5,9,7,1,359
31.5,9,7,2,361
31.5,9,7,3,362
31.5,9,7,4,364
31.5,9,7,5,366
31.5,9,7,6,367
31.5,9,7,7,369
31.5,9,7,8,371
31.5,9,7,9,372
31.5,9,7,10,374
31.5,9,7,11,376
31.5,9,7,12,377
31.5,9,7,13,379
31.5,9,7,14,381
31.5,9,7,15,382
31.5,9,8,0,359
31.5,9,8,1,361
31.5,9,8,2,363
31.5,9,8,3,364
31.5,9,8,4,366
31.5,9,8,5,368
31.5,9,8,6,369
31.5,9,8,7,371
31.5,9,8,8,373
31.5,9,8,9,375
31.5,9,8,10,376
31.5,9,8,11,378
31.5,9,8,12,380
31.5,9,8,13,381
31.5,9,8,14,383
31.5,9,8,15,385
31.5,9,9,0,361
31.5,9,9,1,363
31.5,9,9,2,365
31.5,9,9,3,366
31.5,9,9,4,368
31.5,9,9,5,370
31.5,9,9,6,371
31.5,9,9,7,373
31.5,9,9,8,375
31.5,9,9,9,377
31.5,9,9,10,378
31.5,9,9,11,380
31.5,9,9,12,382
31.5,9,9,13,383
31.5,9,9,14,385
31.5,9,9,15,387
31.5,9,10,0,363
31.5,9,10,1,365
31.5,9,10,2,366
31.5,9,10,3,368
31.5,9,10,4,370
31.5,9,10,5,372
31.5,9,10,6,373
31.5,9,10,7,375
31.5,9,10,8,377
31.5,9,10,9,379
31.5,9,10,10,380
31.5,9,10,11,382
31.5,9,10,12,384
31.5,9,10,13,385
31.5,9,10,14,387
31.5,9,10,15,389
31.5,9,11,0,365
31.5,9,11,1,367
31.5,9,11,2,368
31.5,9,11,3,370
31.5,9,11,4,372
31.5,9,11,5,374
31.5,9,11,6,375
31.5,9,11,7,377
31.5,9,11,8,379
31.5,9,11,9,381
31.5,9,11,10,382
31.5,9,11,11,384
31.5,9,11,12,386
31.5,9,11,13,387
31.5,9,11,14,389
31.5,9,11,15,391
31.5,9,12,0,367
31.5,9,12,1,369
31.5,9,12,2,370
31.5,9,12,3,372
31.5,9,12,4,374
31.5,9,12,5,376
31.5,9,12,6,377
31.5,9,12,7,379
31.5,9,12,8,381
31.5,9,12,9,383
31.5,9,12,10,384
31.5,9,12,11,386
31.5,9,12,12,388
31.5,9,12,13,390
31.5,9,12,14,391
31.5,9,12,15,393
31.5,9,13,0,369
31.5,9,13,1,371
31.5,9,13,2,372
31.5,9,13,3,374
31.5,9,13,4,376
31.5,9,13,5,378
31.5,9,13,6,379
31.5,9,13,7,381
31.5,9,13,8,383
31.5,9,13,9,385
31.5,9,13,10,386
31.5,9,13,11,388
31.5,9,13,12,390
31.5,9,13,13,392
31.5,9,13,14,393
31.5,9,13,15,395
31.5,9,14,0,371
31.5,9,14,1,372
31.5,9,14,2,374
31.5,9,14,3,376
31.5,9,14,4,378
31.5,9,14,5,380
31.5,9,14,6,381
31.5,9,14,7,383
31.5,9,14,8,385
31.5,9,14,9,387
31.5,9,14,10,388
31.5,9,14,11,390
31.5,9,14,12,392
31.5,9,14,13,394
31.5,9,14,14,395
31.5,9,14,15,397
31.5,9,15,0,373
31.5,9,15,1,374
31.5,9,15,2,376
31.5,9,15,3,378
31.5,9,15,4,380
31.5,9,15,5,382
31.5,9,15,6,383
31.5,9,15,7,385
31.5,9,15,8,387
31.5,9,15,9,389
31.5,9,15,10,390
31.5,9,15,11,392
31.5,9,15,12,394
31.5,9,15,13,396
31.5,9,15,14,397
31.5,9,15,15,399
31.5,10,0,0,348
31.5,10,0,1,350
31.5,10,0,2,351
31.5,10,0,3,353
31.5,10,0,4,355
31.5,10,0,5,356
31.5,10,0,6,358
31.5,10,0,7,360
31.5,10,0,8,361
31.5,10,0,9,363
31.5,10,0,10,365
31.5,10,0,11,366
31.5,10,0,12,368
31.5,10,0,13,369
31.5,10,0,14,371
31.5,10,0,15,373
31.5,10,1,0,350
31.5,10,1,1,352
31.5,10,1,2,353
31.5,10,1,3,355
31.5,10,1,4,357
31.5,10,1,5,358
31.5,10,1,6,360
31.5,10,1,7,362
31.5,10,1,8,363
31.5,10,1,9,365
31.5,10,1,10,367
31.5,10,1,11,368
31.5,10,1,12,370
31.5,10,1,13,372
31.5,10,1,14,373
31.5,10,1,15,375
31.5,10,2,0,352
31.5,10,2,1,354
31.5,10,2,2,356
31.5,10,2,3,357
31.5,10,2,4,359
31.5,10,2,5,361
31.5,10,2,6,362
31.5,10,2,7,364
31.5,10,2,8,366
31.5,10,2,9,367
31.5,10,2,10,369
31.5,10,2,11,371
31.5,10,2,12,372
31.5,10,2,13,374
31.5,10,2,14,375
31.5,10,2,15,377
31.5,10,3,0,354
31.5,10,3,1,356
31.5,10,3,2,358
31.5,10,3,3,359
31.5,10,3,4,361
31.5,10,3,5,363
31.5,10,3,6,364
31.5,10,3,7,366
31.5,10,3,8,368
31.5,10,3,9,369
31.5,10,3,10,371
31.5,10,3,11,373
31.5,10,3,12,374
31.5,10,3,13,376
31.5,10,3,14,378
31.5,10,3,15,379
31.5,10,4,0,356
31.5,10,4,1,358
31.5,10,4,2,360
31.5,10,4,3,361
31.5,10,4,4,363
31.5,10,4,5,365
31.5,10,4,6,367
31.5,10,4,7,368
31.5,10,4,8,370
31.5,10,4,9,372
31.5,10,4,10,373
31.5,10,4,11,375
31.5,10,4,12,377
31.5,10,4,13,378
31.5,10,4,14,380
31.5,10,4,15,382
31.5,10,5,0,358
31.5,10,5,1,360
31.5,10,5,2,362
31.5,10,5,3,363
31.5,10,5,4,365
31.5,10,5,5,367
31.5,10,5,6,369
31.5,10,5,7,370
31.5,10,5,8,372
31.5,10,5,9,374
31.5,10,5,10,375
31.5,10,5,11,377
31.5,10,5,12,379
31.5,10,5,13,380
31.5,10,5,14,382
31.5,10,5,15,384
31.5,10,6,0,360
31.5,10,6,1,362
31.5,10,6,2,364
31.5,10,6,3,366
31.5,10,6,4,367
31.5,10,6,5,369
31.5,10,6,6,371
31.5,10,6,7,372
31.5,10,6,8,374
31.5,10,6,9,376
31.5,10,6,10,378
31.5,10,6,11,379
31.5,10,6,12,381
31.5,10,6,13,383
31.5,10,6,14,384
31.5,10,6,15,386
31.5,10,7,0,362
31.5,10,7,1,364
31.5,10,7,2,366
31.5,10,7,3,368
31.5,10,7,4,369
31.5,10,7,5,371
31.5,10,7,6,373
31.5,10,7,7,375
31.5,10,7,8,376
31.5,10,7,9,378
31.5,10,7,10,380
31.5,10,7,11,381
31.5,10,7,12,383
31.5,10,7,13,385
31.5,10,7,14,386
31.5,10,7,15,388
31.5,10,8,0,364
31.5,10,8,1,366
31.5,10,8,2,368
31.5,10,8,3,370
31.5,10,8,4,371
31.5,10,8,5,373
31.5,10,8,6,375
31.5,10,8,7,377
31.5,10,8,8,378
31.5,10,8,9,380
31.5,10,8,10,382
31.5,10,8,11,383
31.5,10,8,12,385
31.5,10,8,13,387
31.5,10,8,14,389
31.5,10,8,15,390
31.5,10,9,0,366
31.5,10,9,1,368
31.5,10,9,2,370
31.5,10,9,3,372
31.5,10,9,4,373
31.5,10,9,5,375
31.5,10,9,6,377
31.5,10,9,7,379
31.5,10,9,8,380
31.5,10,9,9,382
31.5,10,9,10,384
31.5,10,9,11,386
31.5,10,9,12,387
31.5,10,9,13,389
31.5,10,9,14,391
31.5,10,9,15,392
31.5,10,10,0,368
31.5,10,10,1,370
31.5,10,10,2,372
31.5,10,10,3,374
31.5,10,10,4,375
31.5,10,10,5,377
31.5,10,10,6,379
31.5,10,10,7,381
31.5,10,10,8,382
31.5,10,10,9,384
31.5,10,10,10,386
31.5,10,10,11,388
31.5,10,10,12,389
31.5,10,10,13,391
31.5,10,10,14,393
31.5,10,10,15,394
31.5,10,11,0,370
31.5,10,11,1,372
31.5,10,11,2,374
31.5,10,11,3,376
31.5,10,11,4,377
31.5,10,11,5,379
31.5,10,11,6,381
31.5,10,11,7,383
31.5,10,11,8,385
31.5,10,11,9,386
31.5,10,11,10,388
31.5,10,11,11,390
31.5,10,11,12,391
31.5,10,11,13,393
31.5,10,11,14,395
31.5,10,11,15,397
31.5,10,12,0,372
31.5,10,12,1,374
31.5,10,12,2,376
31.5,10,12,3,378
31.5,10,12,4,379
31.5,10,12,5,381
31.5,10,12,6,383
31.5,10,12,7,385
31.5,10,12,8,387
31.5,10,12,9,388
31.5,10,12,10,390
31.5,10,12,11,392
31.5,10,12,12,394
31.5,10,12,13,395
31.5,10,12,14,397
31.5,10,12,15,399
31.5,10,13,0,374
31.5,10,13,1,376
31.5,10,13,2,378
31.5,10,13,3,380
31.5,10,13,4,381
31.5,10,13,5,383
31.5,10,13,6,385
31.5,10,13,7,387
31.5,10,13,8,389
31.5,10,13,9,390
31.5,10,13,10,392
31.5,10,13,11,394
31.5,10,13,12,396
31.5,10,13,13,397
31.5,10,13,14,399
31.5,10,13,15,401
31.5,10,14,0,376
31.5,10,14,1,378
31.5,10,14,2,380
31.5,10,14,3,382
31.5,10,14,4,383
31.5,10,14,5,385
31.5,10,14,6,387
31.5,10,14,7,389
31.5,10,14,8,391
31.5,10,14,9,392
31.5,10,14,10,394
31.5,10,14,11,396
31.5,10,14,12,398
31.5,10,14,13,399
31.5,10,14,14,401
31.5,10,14,15,403
31.5,10,15,0,378
31.5,10,15,1,380
31.5,10,15,2,382
31.5,10,15,3,384
31.5,10,15,4,385
31.5,10,15,5,387
31.5,10,15,6,389
31.5,10,15,7,391
31.5,10,15,8,393
31.5,10,15,9,394
31.5,10,15,10,396
31.5,10,15,11,398
31.5,10,15,12,400
31.5,10,15,13,401
31.5,10,15,14,403
31.5,10,15,15,405
31.5,11,0,0,353
31.5,11,0,1,355
31.5,11,0,2,356
31.5,11,0,3,358
31.5,11,0,4,360
31.5,11,0,5,362
31.5,11,0,6,363
31.5,11,0,7,365
31.5,11,0,8,367
31.5,11,0,9,368
31.5,11,0,10,370
31.5,11,0,11,372
31.5,11,0,12,373
31.5,11,0,13,375
31.5,11,0,14,376
31.5,11,0,15,378
31.5,11,1,0,355
31.5,11,1,1,357
31.5,11,1,2,359
31.5,11,1,3,360
31.5,11,1,4,362
31.5,11,1,5,364
31.5,11,1,6,365
31.5,11,1,7,367
31.5,11,1,8,369
31.5,11,1,9,370
31.5,11,1,10,372
31.5,11,1,11,374
31.5,11,1,12,375
31.5,11,1,13,377
31.5,11,1,14,379
31.5,11,1,15,380
31.5,11,2,0,357
31.5,11,2,1,359
31.5,11,2,2,361
31.5,11,2,3,362
31.5,11,2,4,364
31.5,11,2,5,366
31.5,11,2,6,368
31.5,11,2,7,369
31.5,11,2,8,371
31.5,11,2,9,373
31.5,11,2,10,374
31.5,11,2,11,376
31.5,11,2,12,378
31.5,11,2,13,379
31.5,11,2,14,381
31.5,11,2,15,383
31.5,11,3,0,359
31.5,11,3,1,361
31.5,11,3,2,363
31.5,11,3,3,365
31.5,11,3,4,366
31.5,11,3,5,368
31.5,11,3,6,370
31.5,11,3,7,371
31.5,11,3,8,373
31.5,11,3,9,375
31.5,11,3,10,376
31.5,11,3,11,378
31.5,11,3,12,380
31.5,11,3,13,382
31.5,11,3,14,383
31.5,11,3,15,385
31.5,11,4,0,361
31.5,11,4,1,363
31.5,11,4,2,365
31.5,11,4,3,367
31.5,11,4,4,368
31.5,11,4,5,370
31.5,11,4,6,372
31.5,11,4,7,374
31.5,11,4,8,375
31.5,11,4,9,377
31.5,11,4,10,379
31.5,11,4,11,380
31.5,11,4,12,382
31.5,11,4,13,384
31.5,11,4,14,385
31.5,11,4,15,387
31.5,11,5,0,363
31.5,11,5,1,365
31.5,11,5,2,367
31.5,11,5,3,369
31.5,11,5,4,371
31.5,11,5,5,372
31.5,11,5,6,374
31.5,11,5,7,376
31.5,11,5,8,377
31.5,11,5,9,379
31.5,11,5,10,381
31.5,11,5,11,383
31.5,11,5,12,384
31.5,11,5,13,386
31.5,11,5,14,388
31.5,11,5,15,389
31.5,11,6,0,365
31.5,11,6,1,367
31.5,11,6,2,369
31.5,11,6,3,371
31.5,11,6,4,373
31.5,11,6,5,374
31.5,11,6,6,376
31.5,11,6,7,378
31.5,11,6,8,380
31.5,11,6,9,381
31.5,11,6,10,383
31.5,11,6,11,385
31.5,11,6,12,386
31.5,11,6,13,388
31.5,11,6,14,390
31.5,11,6,15,391
31.5,11,7,0,368
31.5,11,7,1,369
31.5,11,7,2,371
31.5,11,7,3,373
31.5,11,7,4,375
31.5,11,7,5,376
31.5,11,7,6,378
31.5,11,7,7,380
31.5,11,7,8,382
31.5,11,7,9,383
31.5,11,7,10,385
31.5,11,7,11,387
31.5,11,7,12,389
31.5,11,7,13,390
31.5,11,7,14,392
31.5,11,7,15,394
31.5,11,8,0,370
31.5,11,8,1,371
31.5,11,8,2,373
31.5,11,8,3,375
31.5,11,8,4,377
31.5,11,8,5,379
31.5,11,8,6,380
31.5,11,8,7,382
31.5,11,8,8,384
31.5,11,8,9,386
31.5,11,8,10,387
31.5,11,8,11,389
31.5,11,8,12,391
31.5,11,8,13,392
31.5,11,8,14,394
31.5,11,8,15,396
31.5,11,9,0,372
31.5,11,9,1,373
31.5,11,9,2,375
31.5,11,9,3,377
31.5,11,9,4,379
31.5,11,9,5,381
31.5,11,9,6,382
31.5,11,9,7,384
31.5,11,9,8,386
31.5,11,9,9,388
31.5,11,9,10,389
31.5,11,9,11,391
31.5,11,9,12,393
31.5,11,9,13,395
31.5,11,9,14,396
31.5,11,9,15,398
31.5,11,10,0,374
31.5,11,10,1,375
31.5,11,10,2,377
31.5,11,10,3,379
31.5,11,10,4,381
31.5,11,10,5,383
31.5,11,10,6,384
31.5,11,10,7,386
31.5,11,10,8,388
31.5,11,10,9,390
31.5,11,10,10,392
31.5,11,10,11,393
31.5,11,10,12,395
31.5,11,10,13,397
31.5,11,10,14,398
31.5,11,10,15,400
31.5,11,11,0,376
31.5,11,11,1,377
31.5,11,11,2,379
31.5,11,11,3,381
31.5,11,11,4,383
31.5,11,11,5,385
31.5,11,11,6,387
31.5,11,11,7,388
31.5,11,11,8,390
31.5,11,11,9,392
31.5,11,11,10,394
31.5,11,11,11,395
31.5,11,11,12,397
31.5,11,11,13,399
31.5,11,11,14,401
31.5,11,11,15,402
31.5,11,12,0,378
31.5,11,12,1,379
31.5,11,12,2,381
31.5,11,12,3,383
31.5,11,12,4,385
31.5,11,12,5,387
31.5,11,12,6,389
31.5,11,12,7,390
31.5,11,12,8,392
31.5,11,12,9,394
31.5,11,12,10,396
31.5,11,12,11,398
31.5,11,12,12,399
31.5,11,12,13,401
31.5,11,12,14,403
31.5,11,12,15,404
31.5,11,13,0,380
31.5,11,13,1,381
31.5,11,13,2,383
31.5,11,13,3,385
31.5,11,13,4,387
31.5,11,13,5,389
31.5,11,13,6,391
31.5,11,13,7,392
31.5,11,13,8,394
31.5,11,13,9,396
31.5,11,13,10,398
31.5,11,13,11,400
31.5,11,13,12,401
31.5,11,13,13,403
31.5,11,13,14,405
31.5,11,13,15,407
31.5,11,14,0,382
31.5,11,14,1,383
31.5,11,14,2,385
31.5,11,14,3,387
31.5,11,14,4,389
31.5,11,14,5,391
31.5,11,14,6,393
31.5,11,14,7,394
31.5,11,14,8,396
31.5,11,14,9,398
31.5,11,14,10,400
31.5,11,14,11,402
31.5,11,14,12,403
31.5,11,14,13,405
31.5,11,14,14,407
31.5,11,14,15,409
31.5,11,15,0,384
31.5,11,15,1,385
31.5,11,15,2,387
31.5,11,15,3,389
31.5,11,15,4,391
31.5,11,15,5,393
31.5,11,15,6,395
31.5,11,15,7,397
31.5,11,15,8,398
31.5,11,15,9,400
31.5,11,15,10,402
31.5,11,15,11,404
31.5,11,15,12,406
31.5,11,15,13,407
31.5,11,15,14,409
31.5,11,15,15,411
31.5,12,0,0,358
31.5,12,0,1,360
31.5,12,0,2,361
31.5,12,0,3,363
31.5,12,0,4,365
31.5,12,0,5,367
31.5,12,0,6,368
31.5,12,0,7,370
31.5,12,0,8,372
31.5,12,0,9,373
31.5,12,0,10,375
31.5,12,0,11,377
31.5,12,0,12,378
31.5,12,0,13,380
31.5,12,0,14,382
31.5,12,0,15,383
31.5,12,1,0,360
31.5,12,1,1,362
31.5,12,1,2,364
31.5,12,1,3,365
31.5,12,1,4,367
31.5,12,1,5,369
31.5,12,1,6,371
31.5,12,1,7,372
31.5,12,1,8,374
31.5,12,1,9,376
31.5,12,1,10,377
31.5,12,1,11,379
31.5,12,1,12,381
31.5,12,1,13,382
31.5,12,1,14,384
31.5,12,1,15,386
31.5,12,2,0,362
31.5,12,2,1,364
31.5,12,2,2,366
31.5,12,2,3,368
31.5,12,2,4,369
31.5,12,2,5,371
31.5,12,2,6,373
31.5,12,2,7,375
31.5,12,2,8,376
31.5,12,2,9,378
31.5,12,2,10,380
31.5,12,2,11,381
31.5,12,2,12,383
31.5,12,2,13,385
31.5,12,2,14,386
31.5,12,2,15,388
31.5,12,3,0,364
31.5,12,3,1,366
31.5,12,3,2,368
31.5,12,3,3,370
31.5,12,3,4,372
31.5,12,3,5,373
31.5,12,3,6,375
31.5,12,3,7,377
31.5,12,3,8,378
31.5,12,3,9,380
31.5,12,3,10,382
31.5,12,3,11,384
31.5,12,3,12,385
31.5,12,3,13,387
31.5,12,3,14,389
31.5,12,3,15,390
31.5,12,4,0,367
31.5,12,4,1,368
31.5,12,4,2,370
31.5,12,4,3,372
31.5,12,4,4,374
31.5,12,4,5,375
31.5,12,4,6,377
31.5,12,4,7,379
31.5,12,4,8,381
31.5,12,4,9,382
31.5,12,4,10,384
31.5,12,4,11,386
31.5,12,4,12,388
31.5,12,4,13,389
31.5,12,4,14,391
31.5,12,4,15,393
31.5,12,5,0,369
31.5,12,5,1,370
31.5,12,5,2,372
31.5,12,5,3,374
31.5,12,5,4,376
31.5,12,5,5,378
31.5,12,5,6,379
31.5,12,5,7,381
31.5,12,5,8,383
31.5,12,5,9,385
31.5,12,5,10,386
31.5,12,5,11,388
31.5,12,5,12,390
31.5,12,5,13,391
31.5,12,5,14,393
31.5,12,5,15,395
31.5,12,6,0,371
31.5,12,6,1,373
31.5,12,6,2,374
31.5,12,6,3,376
31.5,12,6,4,378
31.5,12,6,5,380
31.5,12,6,6,381
31.5,12,6,7,383
31.5,12,6,8,385
31.5,12,6,9,387
31.5,12,6,10,388
31.5,12,6,11,390
31.5,12,6,12,392
31.5,12,6,13,394
31.5,12,6,14,395
31.5,12,6,15,397
31.5,12,7,0,373
31.5,12,7,1,375
31.5,12,7,2,376
31.5,12,7,3,378
31.5,12,7,4,380
31.5,12,7,5,382
31.5,12,7,6,384
31.5,12,7,7,385
31.5,12,7,8,387
31.5,12,7,9,389
31.5,12,7,10,391
31.5,12,7,11,392
31.5,12,7,12,394
31.5,12,7,13,396
31.5,12,7,14,398
31.5,12,7,15,399
31.5,12,8,0,375
31.5,12,8,1,377
31.5,12,8,2,379
31.5,12,8,3,380
31.5,12,8,4,382
31.5,12,8,5,384
31.5,12,8,6,386
31.5,12,8,7,388
31.5,12,8,8,389
31.5,12,8,9,391
31.5,12,8,10,393
31.5,12,8,11,395
31.5,12,8,12,396
31.5,12,8,13,398
31.5,12,8,14,400
31.5,12,8,15,402
31.5,12,9,0,377
31.5,12,9,1,379
31.5,12,9,2,381
31.5,12,9,3,382
31.5,12,9,4,384
31.5,12,9,5,386
31.5,12,9,6,388
31.5,12,9,7,390
31.5,12,9,8,391
31.5,12,9,9,393
31.5,12,9,10,395
31.5,12,9,11,397
31.5,12,9,12,399
31.5,12,9,13,400
31.5,12,9,14,402
31.5,12,9,15,404
31.5,12,10,0,379
31.5,12,10,1,381
31.5,12,10,2,383
31.5,12,10,3,385
31.5,12,10,4,386
31.5,12,10,5,388
31.5,12,10,6,390
31.5,12,10,7,392
31.5,12,10,8,394
31.5,12,10,9,395
31.5,12,10,10,397
31.5,12,10,11,399
31.5,12,10,12,401
31.5,12,10,13,402
31.5,12,10,14,404
31.5,12,10,15,406
31.5,12,11,0,381
31.5,12,11,1,383
31.5,12,11,2,385
31.5,12,11,3,387
31.5,12,11,4,388
31.5,12,11,5,390
31.5,12,11,6,392
31.5,12,11,7,394
31.5,12,11,8,396
31.5,12,11,9,397
31.5,12,11,10,399
31.5,12,11,11,401
31.5,12,11,12,403
31.5,12,11,13,405
31.5,12,11,14,406
31.5,12,11,15,408
31.5,12,12,0,383
31.5,12,12,1,385
31.5,12,12,2,387
31.5,12,12,3,389
31.5,12,12,4,390
31.5,12,12,5,392
31.5,12,12,6,394
31.5,12,12,7,396
31.5,12,12,8,398
31.5,12,12,9,400
31.5,12,12,10,401
31.5,12,12,11,403
31.5,12,12,12,405
31.5,12,12,13,407
31.5,12,12,14,409
31.5,12,12,15,410
31.5,12,13,0,385
31.5,12,13,1,387
31.5,12,13,2,389
31.5,12,13,3,391
31.5,12,13,4,393
31.5,12,13,5,394
31.5,12,13,6,396
31.5,12,13,7,398
31.5,12,13,8,400
31.5,12,13,9,402
31.5,12,13,10,404
31.5,12,13,11,405
31.5,12,13,12,407
31.5,12,13,13,409
31.5,12,13,14,411
31.5,12,13,15,412
31.5,12,14,0,387
31.5,12,14,1,389
31.5,12,14,2,391
31.5,12,14,3,393
31.5,12,14,4,395
31.5,12,14,5,396
31.5,12,14,6,398
31.5,12,14,7,400
31.5,12,14,8,402
31.5,12,14,9,404
31.5,12,14,10,406
31.5,12,14,11,407
31.5,12,14,12,409
31.5,12,14,13,411
31.5,12,14,14,413
31.5,12,14,15,415
31.5,12,15,0,389
31.5,12,15,1,391
31.5,12,15,2,393
31.5,12,15,3,395
31.5,12,15,4,397
31.5,12,15,5,398
31.5,12,15,6,400
31.5,12,15,7,402
31.5,12,15,8,404
31.5,12,15,9,406
31.5,12,15,10,408
31.5,12,15,11,410
31.5,12,15,12,411
31.5,12,15,13,413
31.5,12,15,14,415
31.5,12,15,15,417
31.5,13,0,0,363
31.5,13,0,1,365
31.5,13,0,2,367
31.5,13,0,3,368
31.5,13,0,4,370
31.5,13,0,5,372
31.5,13,0,6,374
31.5,13,0,7,375
31.5,13,0,8,377
31.5,13,0,9,379
31.5,13,0,10,380
31.5,13,0,11,382
31.5,13,0,12,384
31.5,13,0,13,386
31.5,13,0,14,387
31.5,13,0,15,389
31.5,13,1,0,365
31.5,13,1,1,367
31.5,13,1,2,369
31.5,13,1,3,371
31.5,13,1,4,372
31.5,13,1,5,374
31.5,13,1,6,376
31.5,13,1,7,378
31.5,13,1,8,379
31.5,13,1,9,381
31.5,13,1,10,383
31.5,13,1,11,384
31.5,13,1,12,386
31.5,13,1,13,388
31.5,13,1,14,390
31.5,13,1,15,391
31.5,13,2,0,367
31.5,13,2,1,369
31.5,13,2,2,371
31.5,13,2,3,373
31.5,13,2,4,375
31.5,13,2,5,376
31.5,13,2,6,378
31.5,13,2,7,380
31.5,13,2,8,382
31.5,13,2,9,383
31.5,13,2,10,385
31.5,13,2,11,387
31.5,13,2,12,388
31.5,13,2,13,390
31.5,13,2,14,392
31.5,13,2,15,394
31.5,13,3,0,370
31.5,13,3,1,371
31.5,13,3,2,373
31.5,13,3,3,375
31.5,13,3,4,377
31.5,13,3,5,379
31.5,13,3,6,380
31.5,13,3,7,382
31.5,13,3,8,384
31.5,13,3,9,386
31.5,13,3,10,387
31.5,13,3,11,389
31.5,13,3,12,391
31.5,13,3,13,392
31.5,13,3,14,394
31.5,13,3,15,396
31.5,13,4,0,372
31.5,13,4,1,374
31.5,13,4,2,375
31.5,13,4,3,377
31.5,13,4,4,379
31.5,13,4,5,381
31.5,13,4,6,382
31.5,13,4,7,384
31.5,13,4,8,386
31.5,13,4,9,388
31.5,13,4,10,390
31.5,13,4,11,391
31.5,13,4,12,393
31.5,13,4,13,395
31.5,13,4,14,396
31.5,13,4,15,398
31.5,13,5,0,374
31.5,13,5,1,376
31.5,13,5,2,377
31.5,13,5,3,379
31.5,13,5,4,381
31.5,13,5,5,383
31.5,13,5,6,385
31.5,13,5,7,386
31.5,13,5,8,388
31.5,13,5,9,390
31.5,13,5,10,392
31.5,13,5,11,394
31.5,13,5,12,395
31.5,13,5,13,397
31.5,13,5,14,399
31.5,13,5,15,400
31.5,13,6,0,376
31.5,13,6,1,378
31.5,13,6,2,380
31.5,13,6,3,381
31.5,13,6,4,383
31.5,13,6,5,385
31.5,13,6,6,387
31.5,13,6,7,389
31.5,13,6,8,390
31.5,13,6,9,392
31.5,13,6,10,394
31.5,13,6,11,396
31.5,13,6,12,397
31.5,13,6,13,399
31.5,13,6,14,401
31.5,13,6,15,403
31.5,13,7,0,378
31.5,13,7,1,380
31.5,13,7,2,382
31.5,13,7,3,384
31.5,13,7,4,385
31.5,13,7,5,387
31.5,13,7,6,389
31.5,13,7,7,391
31.5,13,7,8,393
31.5,13,7,9,394
31.5,13,7,10,396
31.5,13,7,11,398
31.5,13,7,12,400
31.5,13,7,13,401
31.5,13,7,14,403
31.5,13,7,15,405
31.5,13,8,0,380
31.5,13,8,1,382
31.5,13,8,2,384
31.5,13,8,3,386
31.5,13,8,4,388
31.5,13,8,5,389
31.5,13,8,6,391
31.5,13,8,7,393
31.5,13,8,8,395
31.5,13,8,9,397
31.5,13,8,10,398
31.5,13,8,11,400
31.5,13,8,12,402
31.5,13,8,13,404
31.5,13,8,14,405
31.5,13,8,15,407
31.5,13,9,0,382
31.5,13,9,1,384
31.5,13,9,2,386
31.5,13,9,3,388
31.5,13,9,4,390
31.5,13,9,5,392
31.5,13,9,6,393
31.5,13,9,7,395
31.5,13,9,8,397
31.5,13,9,9,399
31.5,13,9,10,401
31.5,13,9,11,402
31.5,13,9,12,404
31.5,13,9,13,406
31.5,13,9,14,408
31.5,13,9,15,409
31.5,13,10,0,384
31.5,13,10,1,386
31.5,13,10,2,388
31.5,13,10,3,390
31.5,13,10,4,392
31.5,13,10,5,394
31.5,13,10,6,395
31.5,13,10,7,397
31.5,13,10,8,399
31.5,13,10,9,401
31.5,13,10,10,403
31.5,13,10,11,405
31.5,13,10,12,406
31.5,13,10,13,408
31.5,13,10,14,410
31.5,13,10,15,412
31.5,13,11,0,386
31.5,13,11,1,388
31.5,13,11,2,390
31.5,13,11,3,392
31.5,13,11,4,394
31.5,13,11,5,396
31.5,13,11,6,398
31.5,13,11,7,399
31.5,13,11,8,401
31.5,13,11,9,403
31.5,13,11,10,405
31.5,13,11,11,407
31.5,13,11,12,409
31.5,13,11,13,410
31.5,13,11,14,412
31.5,13,11,15,414
31.5,13,12,0,388
31.5,13,12,1,390
31.5,13,12,2,392
31.5,13,12,3,394
31.5,13,12,4,396
31.5,13,12,5,398
31.5,13,12,6,400
31.5,13,12,7,402
31.5,13,12,8,403
31.5,13,12,9,405
31.5,13,12,10,407
31.5,13,12,11,409
31.5,13,12,12,411
31.5,13,12,13,412
31.5,13,12,14,414
31.5,13,12,15,416
31.5,13,13,0,390
31.5,13,13,1,392
31.5,13,13,2,394
31.5,13,13,3,396
31.5,13,13,4,398
31.5,13,13,5,400
31.5,13,13,6,402
31.5,13,13,7,404
31.5,13,13,8,406
31.5,13,13,9,407
31.5,13,13,10,409
31.5,13,13,11,411
31.5,13,13,12,413
31.5,13,13,13,415
31.5,13,13,14,416
31.5,13,13,15,418
31.5,13,14,0,393
31.5,13,14,1,394
31.5,13,14,2,396
31.5,13,14,3,398
31.5,13,14,4,400
31.5,13,14,5,402
31.5,13,14,6,404
31.5,13,14,7,406
31.5,13,14,8,408
31.5,13,14,9,409
31.5,13,14,10,411
31.5,13,14,11,413
31.5,13,14,12,415
31.5,13,14,13,417
31.5,13,14,14,419
31.5,13,14,15,420
31.5,13,15,0,395
31.5,13,15,1,396
31.5,13,15,2,398
31.5,13,15,3,400
31.5,13,15,4,402
31.5,13,15,5,404
31.5,13,15,6,406
31.5,13,15,7,408
31.5,13,15,8,410
31.5,13,15,9,412
31.5,13,15,10,413
31.5,13,15,11,415
31.5,13,15,12,417
31.5,13,15,13,419
31.5,13,15,14,421
31.5,13,15,15,423
31.5,14,0,0,368
31.5,14,0,1,370
31.5,14,0,2,372
31.5,14,0,3,373
31.5,14,0,4,375
31.5,14,0,5,377
31.5,14,0,6,379
31.5,14,0,7,381
31.5,14,0,8,382
31.5,14,0,9,384
31.5,14,0,10,386
31.5,14,0,11,387
31.5,14,0,12,389
31.5,14,0,13,391
31.5,14,0,14,393
31.5,14,0,15,394
31.5,14,1,0,370
31.5,14,1,1,372
31.5,14,1,2,374
31.5,14,1,3,376
31.5,14,1,4,378
31.5,14,1,5,379
31.5,14,1,6,381
31.5,14,1,7,383
31.5,14,1,8,385
31.5,14,1,9,386
31.5,14,1,10,388
31.5,14,1,11,390
31.5,14,1,12,392
31.5,14,1,13,393
31.5,14,1,14,395
31.5,14,1,15,397
31.5,14,2,0,373
31.5,14,2,1,374
31.5,14,2,2,376
31.5,14,2,3,378
31.5,14,2,4,380
31.5,14,2,5,382
31.5,14,2,6,383
31.5,14,2,7,385
31.5,14,2,8,387
31.5,14,2,9,389
31.5,14,2,10,390
31.5,14,2,11,392
31.5,14,2,12,394
31.5,14,2,13,396
31.5,14,2,14,397
31.5,14,2,15,399
31.5,14,3,0,375
31.5,14,3,1,377
31.5,14,3,2,378
31.5,14,3,3,380
31.5,14,3,4,382
31.5,14,3,5,384
31.5,14,3,6,386
31.5,14,3,7,387
31.5,14,3,8,389
31.5,14,3,9,391
31.5,14,3,10,393
31.5,14,3,11,394
31.5,14,3,12,396
31.5,14,3,13,398
31.5,14,3,14,400
31.5,14,3,15,401
31.5,14,4,0,377
31.5,14,4,1,379
31.5,14,4,2,381
31.5,14,4,3,382
31.5,14,4,4,384
31.5,14,4,5,386
31.5,14,4,6,388
31.5,14,4,7,390
31.5,14,4,8,391
31.5,14,4,9,393
31.5,14,4,10,395
31.5,14,4,11,397
31.5,14,4,12,398
31.5,14,4,13,400
31.5,14,4,14,402
31.5,14,4,15,404
31.5,14,5,0,379
31.5,14,5,1,381
31.5,14,5,2,383
31.5,14,5,3,385
31.5,14,5,4,386
31.5,14,5,5,388
31.5,14,5,6,390
31.5,14,5,7,392
31.5,14,5,8,394
31.5,14,5,9,395
31.5,14,5,10,397
31.5,14,5,11,399
31.5,14,5,12,401
31.5,14,5,13,402
31.5,14,5,14,404
31.5,14,5,15,406
31.5,14,6,0,381
31.5,14,6,1,383
31.5,14,6,2,385
31.5,14,6,3,387
31.5,14,6,4,389
31.5,14,6,5,390
31.5,14,6,6,392
31.5,14,6,7,394
31.5,14,6,8,396
31.5,14,6,9,398
31.5,14,6,10,399
31.5,14,6,11,401
31.5,14,6,12,403
31.5,14,6,13,405
31.5,14,6,14,407
31.5,14,6,15,408
31.5,14,7,0,383
31.5,14,7,1,385
31.5,14,7,2,387
31.5,14,7,3,389
31.5,14,7,4,391
31.5,14,7,5,393
31.5,14,7,6,394
31.5,14,7,7,396
31.5,14,7,8,398
31.5,14,7,9,400
31.5,14,7,10,402
31.5,14,7,11,403
31.5,14,7,12,405
31.5,14,7,13,407
31.5,14,7,14,409
31.5,14,7,15,411
31.5,14,8,0,385
31.5,14,8,1,387
31.5,14,8,2,389
31.5,14,8,3,391
31.5,14,8,4,393
31.5,14,8,5,395
31.5,14,8,6,397
31.5,14,8,7,398
31.5,14,8,8,400
31.5,14,8,9,402
31.5,14,8,10,404
31.5,14,8,11,406
31.5,14,8,12,408
31.5,14,8,13,409
31.5,14,8,14,411
31.5,14,8,15,413
31.5,14,9,0,388
31.5,14,9,1,389
31.5,14,9,2,391
31.5,14,9,3,393
31.5,14,9,4,395
31.5,14,9,5,397
31.5,14,9,6,399
31.5,14,9,7,401
31.5,14,9,8,402
31.5,14,9,9,404
31.5,14,9,10,406
31.5,14,9,11,408
31.5,14,9,12,410
31.5,14,9,13,412
31.5,14,9,14,413
31.5,14,9,15,415
31.5,14,10,0,390
31.5,14,10,1,392
31.5,14,10,2,393
31.5,14,10,3,395
31.5,14,10,4,397
31.5,14,10,5,399
31.5,14,10,6,401
31.5,14,10,7,403
31.5,14,10,8,405
31.5,14,10,9,407
31.5,14,10,10,408
31.5,14,10,11,410
31.5,14,10,12,412
31.5,14,10,13,414
31.5,14,10,14,416
31.5,14,10,15,417
31.5,14,11,0,392
31.5,14,11,1,394
31.5,14,11,2,396
31.5,14,11,3,397
31.5,14,11,4,399
31.5,14,11,5,401
31.5,14,11,6,403
31.5,14,11,7,405
31.5,14,11,8,407
31.5,14,11,9,409
31.5,14,11,10,411
31.5,14,11,11,412
31.5,14,11,12,414
31.5,14,11,13,416
31.5,14,11,14,418
31.5,14,11,15,420
31.5,14,12,0,394
31.5,14,12,1,396
31.5,14,12,2,398
31.5,14,12,3,400
31.5,14,12,4,401
31.5,14,12,5,403
31.5,14,12,6,405
31.5,14,12,7,407
31.5,14,12,8,409
31.5,14,12,9,411
31.5,14,12,10,413
31.5,14,12,11,415
31.5,14,12,12,416
31.5,14,12,13,418
31.5,14,12,14,420
31.5,14,12,15,422
31.5,14,13,0,396
31.5,14,13,1,398
31.5,14,13,2,400
31.5,14,13,3,402
31.5,14,13,4,404
31.5,14,13,5,406
31.5,14,13,6,407
31.5,14,13,7,409
31.5,14,13,8,411
31.5,14,13,9,413
31.5,14,13,10,415
31.5,14,13,11,417
31.5,14,13,12,419
31.5,14,13,13,420
31.5,14,13,14,422
31.5,14,13,15,424
31.5,14,14,0,398
31.5,14,14,1,400
31.5,14,14,2,402
31.5,14,14,3,404
31.5,14,14,4,406
31.5,14,14,5,408
31.5,14,14,6,410
31.5,14,14,7,411
31.5,14,14,8,413
31.5,14,14,9,415
31.5,14,14,10,417
31.5,14,14,11,419
31.5,14,14,12,421
31.5,14,14,13,423
31.5,14,14,14,424
31.5,14,14,15,426
31.5,14,15,0,400
31.5,14,15,1,402
31.5,14,15,2,404
31.5,14,15,3,406
31.5,14,15,4,408
31.5,14,15,5,410
31.5,14,15,6,412
31.5,14,15,7,414
31.5,14,15,8,415
31.5,14,15,9,417
31.5,14,15,10,419
31.5,14,15,11,421
31.5,14,15,12,423
31.5,14,15,13,425
31.5,14,15,14,427
31.5,14,15,15,428
31.5,15,0,0,373
31.5,15,0,1,375
31.5,15,0,2,377
31.5,15,0,3,379
31.5,15,0,4,380
31.5,15,0,5,382
31.5,15,0,6,384
31.5,15,0,7,386
31.5,15,0,8,388
31.5,15,0,9,389
31.5,15,0,10,391
31.5,15,0,11,393
31.5,15,0,12,395
31.5,15,0,13,396
31.5,15,0,14,398
31.5,15,0,15,400
31.5,15,1,0,375
31.5,15,1,1,377
31.5,15,1,2,379
31.5,15,1,3,381
31.5,15,1,4,383
31.5,15,1,5,384
31.5,15,1,6,386
31.5,15,1,7,388
31.5,15,1,8,390
31.5,15,1,9,392
31.5,15,1,10,393
31.5,15,1,11,395
31.5,15,1,12,397
31.5,15,1,13,399
31.5,15,1,14,400
31.5,15,1,15,402
31.5,15,2,0,378
31.5,15,2,1,379
31.5,15,2,2,381
31.5,15,2,3,383
31.5,15,2,4,385
31.5,15,2,5,387
31.5,15,2,6,389
31.5,15,2,7,390
31.5,15,2,8,392
31.5,15,2,9,394
31.5,15,2,10,396
31.5,15,2,11,397
31.5,15,2,12,399
31.5,15,2,13,401
31.5,15,2,14,403
31.5,15,2,15,404
31.5,15,3,0,380
31.5,15,3,1,382
31.5,15,3,2,384
31.5,15,3,3,385
31.5,15,3,4,387
31.5,15,3,5,389
31.5,15,3,6,391
31.5,15,3,7,393
31.5,15,3,8,394
31.5,15,3,9,396
31.5,15,3,10,398
31.5,15,3,11,400
31.5,15,3,12,402
31.5,15,3,13,403
31.5,15,3,14,405
31.5,15,3,15,407
31.5,15,4,0,382
31.5,15,4,1,384
31.5,15,4,2,386
31.5,15,4,3,388
31.5,15,4,4,389
31.5,15,4,5,391
31.5,15,4,6,393
31.5,15,4,7,395
31.5,15,4,8,397
31.5,15,4,9,399
31.5,15,4,10,400
31.5,15,4,11,402
31.5,15,4,12,404
31.5,15,4,13,406
31.5,15,4,14,407
31.5,15,4,15,409
31.5,15,5,0,384
31.5,15,5,1,386
31.5,15,5,2,388
31.5,15,5,3,390
31.5,15,5,4,392
31.5,15,5,5,394
31.5,15,5,6,395
31.5,15,5,7,397
31.5,15,5,8,399
31.5,15,5,9,401
31.5,15,5,10,403
31.5,15,5,11,404
31.5,15,5,12,406
31.5,15,5,13,408
31.5,15,5,14,410
31.5,15,5,15,412
31.5,15,6,0,386
31.5,15,6,1,388
31.5,15,6,2,390
31.5,15,6,3,392
31.5,15,6,4,394
31.5,15,6,5,396
31.5,15,6,6,398
31.5,15,6,7,399
31.5,15,6,8,401
31.5,15,6,9,403
31.5,15,6,10,405
31.5,15,6,11,407
31.5,15,6,12,409
31.5,15,6,13,410
31.5,15,6,14,412
31.5,15,6,15,414
31.5,15,7,0,389
31.5,15,7,1,390
31.5,15,7,2,392
31.5,15,7,3,394
31.5,15,7,4,396
31.5,15,7,5,398
31.5,15,7,6,400
31.5,15,7,7,402
31.5,15,7,8,404
31.5,15,7,9,405
31.5,15,7,10,407
31.5,15,7,11,409
31.5,15,7,12,411
31.5,15,7,13,413
31.5,15,7,14,414
31.5,15,7,15,416
31.5,15,8,0,391
31.5,15,8,1,393
31.5,15,8,2,395
31.5,15,8,3,396
31.5,15,8,4,398
31.5,15,8,5,400
31.5,15,8,6,402
31.5,15,8,7,404
31.5,15,8,8,406
31.5,15,8,9,408
31.5,15,8,10,409
31.5,15,8,11,411
31.5,15,8,12,413
31.5,15,8,13,415
31.5,15,8,14,417
31.5,15,8,15,419
31.5,15,9,0,393
31.5,15,9,1,395
31.5,15,9,2,397
31.5,15,9,3,399
31.5,15,9,4,401
31.5,15,9,5,402
31.5,15,9,6,404
31.5,15,9,7,406
31.5,15,9,8,408
31.5,15,9,9,410
31.5,15,9,10,412
31.5,15,9,11,414
31.5,15,9,12,415
31.5,15,9,13,417
31.5,15,9,14,419
31.5,15,9,15,421
31.5,15,10,0,395
31.5,15,10,1,397
31.5,15,10,2,399
31.5,15,10,3,401
31.5,15,10,4,403
31.5,15,10,5,405
31.5,15,10,6,406
31.5,15,10,7,408
31.5,15,10,8,410
31.5,15,10,9,412
31.5,15,10,10,414
31.5,15,10,11,416
31.5,15,10,12,418
31.5,15,10,13,419
31.5,15,10,14,421
31.5,15,10,15,423
31.5,15,11,0,397
31.5,15,11,1,399
31.5,15,11,2,401
31.5,15,11,3,403
31.5,15,11,4,405
31.5,15,11,5,407
31.5,15,11,6,409
31.5,15,11,7,411
31.5,15,11,8,412
31.5,15,11,9,414
31.5,15,11,10,416
31.5,15,11,11,418
31.5,15,11,12,420
31.5,15,11,13,422
31.5,15,11,14,424
31.5,15,11,15,425
31.5,15,12,0,399
31.5,15,12,1,401
31.5,15,12,2,403
31.5,15,12,3,405
31.5,15,12,4,407
31.5,15,12,5,409
31.5,15,12,6,411
31.5,15,12,7,413
31.5,15,12,8,415
31.5,15,12,9,417
31.5,15,12,10,418
31.5,15,12,11,420
31.5,15,12,12,422
31.5,15,12,13,424
31.5,15,12,14,426
31.5,15,12,15,428
31.5,15,13,0,401
31.5,15,13,1,403
31.5,15,13,2,405
31.5,15,13,3,407
31.5,15,13,4,409
31.5,15,13,5,411
31.5,15,13,6,413
31.5,15,13,7,415
31.5,15,13,8,417
31.5,15,13,9,419
31.5,15,13,10,421
31.5,15,13,11,422
31.5,15,13,12,424
31.5,15,13,13,426
31.5,15,13,14,428
31.5,15,13,15,430
31.5,15,14,0,403
31.5,15,14,1,405
31.5,15,14,2,407
31.5,15,14,3,409
31.5,15,14,4,411
31.5,15,14,5,413
31.5,15,14,6,415
31.5,15,14,7,417
31.5,15,14,8,419
31.5,15,14,9,421
31.5,15,14,10,423
31.5,15,14,11,425
31.5,15,14,12,427
31.5,15,14,13,428
31.5,15,14,14,430
31.5,15,14,15,432
31.5,15,15,0,406
31.5,15,15,1,407
31.5,15,15,2,409
31.5,15,15,3,411
31.5,15,15,4,413
31.5,15,15,5,415
31.5,15,15,6,417
31.5,15,15,7,419
31.5,15,15,8,421
31.5,15,15,9,423
31.5,15,15,10,425
31.5,15,15,11,427
31.5,15,15,12,429
31.5,15,15,13,431
31.5,15,15,14,432
31.5,15,15,15,434
32.0,0,0,0,300
32.0,0,0,1,301
32.0,0,0,2,303
32.0,0,0,3,304
32.0,0,0,4,306
32.0,0,0,5,307
32.0,0,0,6,309
32.0,0,0,7,310
32.0,0,0,8,311
32.0,0,0,9,313
32.0,0,0,10,314
32.0,0,0,11,316
32.0,0,0,12,317
32.0,0,0,13,318
32.0,0,0,14,320
32.0,0,0,15,321
32.0,0,1,0,302
32.0,0,1,1,303
32.0,0,1,2,305
32.0,0,1,3,306
32.0,0,1,4,307
32.0,0,1,5,309
32.0,0,1,6,310
32.0,0,1,7,312
32.0,0,1,8,313
32.0,0,1,9,315
32.0,0,1,10,316
32.0,0,1,11,318
32.0,0,1,12,319
32.0,0,1,13,320
32.0,0,1,14,322
32.0,0,1,15,323
32.0,0,2,0,303
32.0,0,2,1,305
32.0,0,2,2,306
32.0,0,2,3,308
32.0,0,2,4,309
32.0,0,2,5,311
32.0,0,2,6,312
32.0,0,2,7,314
32.0,0,2,8,315
32.0,0,2,9,317
32.0,0,2,10,318
32.0,0,2,11,319
32.0,0,2,12,321
32.0,0,2,13,322
32.0,0,2,14,324
32.0,0,2,15,325
32.0,0,3,0,305
32.0,0,3,1,307
32.0,0,3,2,308
32.0,0,3,3,310
32.0,0,3,4,311
32.0,0,3,5,313
32.0,0,3,6,314
32.0,0,3,7,316
32.0,0,3,8,317
32.0,0,3,9,318
32.0,0,3,10,320
32.0,0,3,11,321
32.0,0,3,12,323
32.0,0,3,13,324
32.0,0,3,14,326
32.0,0,3,15,327
32.0,0,4,0,307
32.0,0,4,1,308
32.0,0,4,2,310
32.0,0,4,3,311
32.0,0,4,4,313
32.0,0,4,5,314
32.0,0,4,6,316
32.0,0,4,7,317
32.0,0,4,8,319
32.0,0,4,9,320
32.0,0,4,10,322
32.0,0,4,11,323
32.0,0,4,12,325
32.0,0,4,13,326
32.0,0,4,14,327
32.0,0,4,15,329
32.0,0,5,0,309
32.0,0,5,1,310
32.0,0,5,2,312
32.0,0,5,3,313
32.0,0,5,4,315
32.0,0,5,5,316
32.0,0,5,6,318
32.0,0,5,7,319
32.0,0,5,8,321
32.0,0,5,9,322
32.0,0,5,10,324
32.0,0,5,11,325
32.0,0,5,12,326
32.0,0,5,13,328
32.0,0,5,14,329
32.0,0,5,15,331
32.0,0,6,0,310
32.0,0,6,1,312
32.0,0,6,2,314
32.0,0,6,3,315
32.0,0,6,4,317
32.0,0,6,5,318
32.0,0,6,6,320
32.0,0,6,7,321
32.0,0,6,8,322
32.0,0,6,9,324
32.0,0,6,10,325
32.0,0,6,11,327
32.0,0,6,12,328
32.0,0,6,13,330
32.0,0,6,14,331
32.0,0,6,15,333
32.0,0,7,0,312
32.0,0,7,1,314
32.0,0,7,2,315
32.0,0,7,3,317
32.0,0,7,4,318
32.0,0,7,5,320
32.0,0,7,6,321
32.0,0,7,7,323
32.0,0,7,8,324
32.0,0,7,9,326
32.0,0,7,10,327
32.0,0,7,11,329
32.0,0,7,12,330
32.0,0,7,13,332
32.0,0,7,14,333
32.0,0,7,15,334
32.0,0,8,0,314
32.0,0,8,1,316
32.0,0,8,2,317
32.0,0,8,3,319
32.0,0,8,4,320
32.0,0,8,5,322
32.0,0,8,6,323
32.0,0,8,7,325
32.0,0,8,8,326
32.0,0,8,9,328
32.0,0,8,10,329
32.0,0,8,11,330
32.0,0,8,12,332
32.0,0,8,13,333
32.0,0,8,14,335
32.0,0,8,15,336
32.0,0,9,0,316
32.0,0,9,1,317
32.0,0,9,2,319
32.0,0,9,3,320
32.0,0,9,4,322
32.0,0,9,5,323
32.0,0,9,6,325
32.0,0,9,7,326
32.0,0,9,8,328
32.0,0,9,9,329
32.0,0,9,10,331
32.0,0,9,11,332
32.0,0,9,12,334
32.0,0,9,13,335
32.0,0,9,14,337
32.0,0,9,15,338
32.0,0,10,0,317
32.0,0,10,1,319
32.0,0,10,2,321
32.0,0,10,3,322
32.0,0,10,4,324
32.0,0,10,5,325
32.0,0,10,6,327
32.0,0,10,7,328
32.0,0,10,8,330
32.0,0,10,9,331
32.0,0,10,10,333
32.0,0,10,11,334
32.0,0,10,12,336
32.0,0,10,13,337
32.0,0,10,14,339
32.0,0,10,15,340
32.0,0,11,0,319
32.0,0,11,1,321
32.0,0,11,2,322
32.0,0,11,3,324
32.0,0,11,4,325
32.0,0,11,5,327
32.0,0,11,6,328
32.0,0,11,7,330
32.0,0,11,8,331
32.0,0,11,9,333
32.0,0,11,10,334
32.0,0,11,11,336
32.0,0,11,12,337
32.0,0,11,13,339
32.0,0,11,14,340
32.0,0,11,15,342
32.0,0,12,0,321
32.0,0,12,1,322
32.0,0,12,2,324
32.0,0,12,3,325
32.0,0,12,4,327
32.0,0,12,5,329
32.0,0,12,6,330
32.0,0,12,7,332
32.0,0,12,8,333
32.0,0,12,9,335
32.0,0,12,10,336
32.0,0,12,11,338
32.0,0,12,12,339
32.0,0,12,13,341
32.0,0,12,14,342
32.0,0,12,15,344
32.0,0,13,0,322
32.0,0,13,1,324
32.0,0,13,2,326
32.0,0,13,3,327
32.0,0,13,4,329
32.0,0,13,5,330
32.0,0,13,6,332
32.0,0,13,7,333
32.0,0,13,8,335
32.0,0,13,9,336
32.0,0,13,10,338
32.0,0,13,11,339
32.0,0,13,12,341
32.0,0,13,13,342
32.0,0,13,14,344
32.0,0,13,15,345
32.0,0,14,0,324
32.0,0,14,1,326
32.0,0,14,2,327
32.0,0,14,3,329
32.0,0,14,4,330
32.0,0,14,5,332
32.0,0,14,6,334
32.0,0,14,7,335
32.0,0,14,8,337
32.0,0,14,9,338
32.0,0,14,10,340
32.0,0,14,11,341
32.0,0,14,12,343
32.0,0,14,13,344
32.0,0,14,14,346
32.0,0,14,15,347
32.0,0,15,0,326
32.0,0,15,1,327
32.0,0,15,2,329
32.0,0,15,3,331
32.0,0,15,4,332
32.0,0,15,5,334
32.0,0,15,6,335
32.0,0,15,7,337
32.0,0,15,8,338
32.0,0,15,9,340
32.0,0,15,10,341
32.0,0,15,11,343
32.0,0,15,12,344
32.0,0,15,13,346
32.0,0,15,14,348
32.0,0,15,15,349
32.0,1,0,0,305
32.0,1,0,1,306
32.0,1,0,2,308
32.0,1,0,3,309
32.0,1,0,4,311
32.0,1,0,5,312
32.0,1,0,6,314
32.0,1,0,7,315
32.0,1,0,8,317
32.0,1,0,9,318
32.0,1,0,10,320
32.0,1,0,11,321
32.0,1,0,12,322
32.0,1,0,13,324
32.0,1,0,14,325
32.0,1,0,15,327
32.0,1,1,0,307
32.0,1,1,1,308
32.0,1,1,2,310
32.0,1,1,3,311
32.0,1,1,4,313
32.0,1,1,5,314
32.0,1,1,6,316
32.0,1,1,7,317
32.0,1,1,8,319
32.0,1,1,9,320
32.0,1,1,10,321
32.0,1,1,11,323
32.0,1,1,12,324
32.0,1,1,13,326
32.0,1,1,14,327
32.0,1,1,15,329
32.0,1,2,0,309
32.0,1,2,1,310
32.0,1,2,2,312
32.0,1,2,3,313
32.0,1,2,4,315
32.0,1,2,5,316
32.0,1,2,6,318
32.0,1,2,7,319
32.0,1,2,8,320
32.0,1,2,9,322
32.0,1,2,10,323
32.0,1,2,11,325
32.0,1,2,12,326
32.0,1,2,13,328
32.0,1,2,14,329
32.0,1,2,15,331
32.0,1,3,0,310
32.0,1,3,1,312
32.0,1,3,2,313
32.0,1,3,3,315
32.0,1,3,4,316
32.0,1,3,5,318
32.0,1,3,6,319
32.0,1,3,7,321
32.0,1,3,8,322
32.0,1,3,9,324
32.0,1,3,10,325
32.0,1,3,11,327
32.0,1,3,12,328
32.0,1,3,13,330
32.0,1,3,14,331
32.0,1,3,15,332
32.0,1,4,0,312
32.0,1,4,1,314
32.0,1,4,2,315
32.0,1,4,3,317
32.0,1,4,4,318
32.0,1,4,5,320
32.0,1,4,6,321
32.0,1,4,7,323
32.0,1,4,8,324
32.0,1,4,9,326
32.0,1,4,10,327
32.0,1,4,11,329
32.0,1,4,12,330
32.0,1,4,13,332
32.0,1,4,14,333
32.0,1,4,15,334
32.0,1,5,0,314
32.0,1,5,1,316
32.0,1,5,2,317
32.0,1,5,3,319
32.0,1,5,4,320
32.0,1,5,5,322
32.0,1,5,6,323
32.0,1,5,7,325
32.0,1,5,8,326
32.0,1,5,9,328
32.0,1,5,10,329
32.0,1,5,11,331
32.0,1,5,12,332
32.0,1,5,13,333
32.0,1,5,14,335
32.0,1,5,15,336
32.0,1,6,0,316
32.0,1,6,1,317
32.0,1,6,2,319
32.0,1,6,3,320
32.0,1,6,4,322
32.0,1,6,5,323
32.0,1,6,6,325
32.0,1,6,7,326
32.0,1,6,8,328
32.0,1,6,9,329
32.0,1,6,10,331
32.0,1,6,11,332
32.0,1,6,12,334
32.0,1,6,13,335
32.0,1,6,14,337
32.0,1,6,15,338
32.0,1,7,0,318
32.0,1,7,1,319
32.0,1,7,2,321
32.0,1,7,3,322
32.0,1,7,4,324
32.0,1,7,5,325
32.0,1,7,6,327
32.0,1,7,7,328
32.0,1,7,8,330
32.0,1,7,9,331
32.0,1,7,10,333
32.0,1,7,11,334
32.0,1,7,12,336
32.0,1,7,13,337
32.0,1,7,14,339
32.0,1,7,15,340
32.0,1,8,0,319
32.0,1,8,1,321
32.0,1,8,2,322
32.0,1,8,3,324
32.0,1,8,4,326
32.0,1,8,5,327
32.0,1,8,6,329
32.0,1,8,7,330
32.0,1,8,8,332
32.0,1,8,9,333
32.0,1,8,10,335
32.0,1,8,11,336
32.0,1,8,12,338
32.0,1,8,13,339
32.0,1,8,14,341
32.0,1,8,15,342
32.0,1,9,0,321
32.0,1,9,1,323
32.0,1,9,2,324
32.0,1,9,3,326
32.0,1,9,4,327
32.0,1,9,5,329
32.0,1,9,6,330
32.0,1,9,7,332
32.0,1,9,8,333
32.0,1,9,9,335
32.0,1,9,10,336
32.0,1,9,11,338
32.0,1,9,12,339
32.0,1,9,13,341
32.0,1,9,14,342
32.0,1,9,15,344
32.0,1,10,0,323
32.0,1,10,1,324
32.0,1,10,2,326
32.0,1,10,3,328
32.0,1,10,4,329
32.0,1,10,5,331
32.0,1,10,6,332
32.0,1,10,7,334
32.0,1,10,8,335
32.0,1,10,9,337
32.0,1,10,10,338
32.0,1,10,11,340
32.0,1,10,12,341
32.0,1,10,13,343
32.0,1,10,14,344
32.0,1,10,15,346
32.0,1,11,0,325
32.0,1,11,1,326
32.0,1,11,2,328
32.0,1,11,3,329
32.0,1,11,4,331
32.0,1,11,5,332
32.0,1,11,6,334
32.0,1,11,7,335
32.0,1,11,8,337
32.0,1,11,9,339
32.0,1,11,10,340
32.0,1,11,11,342
32.0,1,11,12,343
32.0,1,11,13,345
32.0,1,11,14,346
32.0,1,11,15,348
32.0,1,12,0,326
32.0,1,12,1,328
32.0,1,12,2,329
32.0,1,12,3,331
32.0,1,12,4,333
32.0,1,12,5,334
32.0,1,12,6,336
32.0,1,12,7,337
32.0,1,12,8,339
32.0,1,12,9,340
32.0,1,12,10,342
32.0,1,12,11,343
32.0,1,12,12,345
32.0,1,12,13,346
32.0,1,12,14,348
32.0,1,12,15,349
32.0,1,13,0,328
32.0,1,13,1,330
32.0,1,13,2,331
32.0,1,13,3,333
32.0,1,13,4,334
32.0,1,13,5,336
32.0,1,13,6,337
32.0,1,13,7,339
32.0,1,13,8,341
32.0,1,13,9,342
32.0,1,13,10,344
32.0,1,13,11,345
32.0,1,13,12,347
32.0,1,13,13,348
32.0,1,13,14,350
32.0,1,13,15,351
32.0,1,14,0,330
32.0,1,14,1,331
32.0,1,14,2,333
32.0,1,14,3,334
32.0,1,14,4,336
32.0,1,14,5,338
32.0,1,14,6,339
32.0,1,14,7,341
32.0,1,14,8,342
32.0,1,14,9,344
32.0,1,14,10,345
32.0,1,14,11,347
32.0,1,14,12,349
32.0,1,14,13,350
32.0,1,14,14,352
32.0,1,14,15,353
32.0,1,15,0,331
32.0,1,15,1,333
32.0,1,15,2,335
32.0,1,15,3,336
32.0,1,15,4,338
32.0,1,15,5,339
32.0,1,15,6,341
32.0,1,15,7,343
32.0,1,15,8,344
32.0,1,15,9,346
32.0,1,15,10,347
32.0,1,15,11,349
32.0,1,15,12,350
32.0,1,15,13,352
32.0,1,15,14,353
32.0,1,15,15,355
32.0,2,0,0,310
32.0,2,0,1,312
32.0,2,0,2,313
32.0,2,0,3,315
32.0,2,0,4,316
32.0,2,0,5,318
32.0,2,0,6,319
32.0,2,0,7,320
32.0,2,0,8,322
32.0,2,0,9,323
32.0,2,0,10,325
32.0,2,0,11,326
32.0,2,0,12,328
32.0,2,0,13,329
32.0,2,0,14,331
32.0,2,0,15,332
32.0,2,1,0,312
32.0,2,1,1,313
32.0,2,1,2,315
32.0,2,1,3,316
32.0,2,1,4,318
32.0,2,1,5,319
32.0,2,1,6,321
32.0,2,1,7,322
32.0,2,1,8,324
32.0,2,1,9,325
32.0,2,1,10,327
32.0,2,1,11,328
32.0,2,1,12,330
32.0,2,1,13,331
32.0,2,1,14,333
32.0,2,1,15,334
32.0,2,2,0,314
32.0,2,2,1,315
32.0,2,2,2,317
32.0,2,2,3,318
32.0,2,2,4,320
32.0,2,2,5,321
32.0,2,2,6,323
32.0,2,2,7,324
32.0,2,2,8,326
32.0,2,2,9,327
32.0,2,2,10,329
32.0,2,2,11,330
32.0,2,2,12,332
32.0,2,2,13,333
32.0,2,2,14,335
32.0,2,2,15,336
32.0,2,3,0,316
32.0,2,3,1,317
32.0,2,3,2,319
32.0,2,3,3,320
32.0,2,3,4,322
32.0,2,3,5,323
32.0,2,3,6,325
32.0,2,3,7,326
32.0,2,3,8,328
32.0,2,3,9,329
32.0,2,3,10,331
32.0,2,3,11,332
32.0,2,3,12,334
32.0,2,3,13,335
32.0,2,3,14,337
32.0,2,3,15,338
32.0,2,4,0,317
32.0,2,4,1,319
32.0,2,4,2,321
32.0,2,4,3,322
32.0,2,4,4,324
32.0,2,4,5,325
32.0,2,4,6,327
32.0,2,4,7,328
32.0,2,4,8,330
32.0,2,4,9,331
32.0,2,4,10,333
32.0,2,4,11,334
32.0,2,4,12,336
32.0,2,4,13,337
32.0,2,4,14,339
32.0,2,4,15,340
32.0,2,5,0,319
32.0,2,5,1,321
32.0,2,5,2,322
32.0,2,5,3,324
32.0,2,5,4,325
32.0,2,5,5,327
32.0,2,5,6,328
32.0,2,5,7,330
32.0,2,5,8,332
32.0,2,5,9,333
32.0,2,5,10,335
32.0,2,5,11,336
32.0,2,5,12,338
32.0,2,5,13,339
32.0,2,5,14,340
32.0,2,5,15,342
32.0,2,6,0,321
32.0,2,6,1,323
32.0,2,6,2,324
32.0,2,6,3,326
32.0,2,6,4,327
32.0,2,6,5,329
32.0,2,6,6,330
32.0,2,6,7,332
32.0,2,6,8,333
32.0,2,6,9,335
32.0,2,6,10,336
32.0,2,6,11,338
32.0,2,6,12,339
32.0,2,6,13,341
32.0,2,6,14,342
32.0,2,6,15,344
32.0,2,7,0,323
32.0,2,7,1,324
32.0,2,7,2,326
32.0,2,7,3,328
32.0,2,7,4,329
32.0,2,7,5,331
32.0,2,7,6,332
32.0,2,7,7,334
32.0,2,7,8,335
32.0,2,7,9,337
32.0,2,7,10,338
32.0,2,7,11,340
32.0,2,7,12,341
32.0,2,7,13,343
32.0,2,7,14,344
32.0,2,7,15,346
32.0,2,8,0,325
32.0,2,8,1,326
32.0,2,8,2,328
32.0,2,8,3,329
32.0,2,8,4,331
32.0,2,8,5,332
32.0,2,8,6,334
32.0,2,8,7,336
32.0,2,8,8,337
32.0,2,8,9,339
32.0,2,8,10,340
32.0,2,8,11,342
32.0,2,8,12,343
32.0,2,8,13,345
32.0,2,8,14,346
32.0,2,8,15,348
32.0,2,9,0,326
32.0,2,9,1,328
32.0,2,9,2,330
32.0,2,9,3,331
32.0,2,9,4,333
32.0,2,9,5,334
32.0,2,9,6,336
32.0,2,9,7,337
32.0,2,9,8,339
32.0,2,9,9,341
32.0,2,9,10,342
32.0,2,9,11,344
32.0,2,9,12,345
32.0,2,9,13,347
32.0,2,9,14,348
32.0,2,9,15,350
32.0,2,10,0,328
32.0,2,10,1,330
32.0,2,10,2,331
32.0,2,10,3,333
32.0,2,10,4,335
32.0,2,10,5,336
32.0,2,10,6,338
32.0,2,10,7,339
32.0,2,10,8,341
32.0,2,10,9,342
32.0,2,10,10,344
32.0,2,10,11,345
32.0,2,10,12,347
32.0,2,10,13,348
32.0,2,10,14,350
32.0,2,10,15,352
32.0,2,11,0,330
32.0,2,11,1,332
32.0,2,11,2,333
32.0,2,11,3,335
32.0,2,11,4,336
32.0,2,11,5,338
32.0,2,11,6,340
32.0,2,11,7,341
32.0,2,11,8,343
32.0,2,11,9,344
32.0,2,11,10,346
32.0,2,11,11,347
32.0,2,11,12,349
32.0,2,11,13,350
32.0,2,11,14,352
32.0,2,11,15,353
32.0,2,12,0,332
32.0,2,12,1,333
32.0,2,12,2,335
32.0,2,12,3,337
32.0,2,12,4,338
32.0,2,12,5,340
32.0,2,12,6,341
32.0,2,12,7,343
32.0,2,12,8,344
32.0,2,12,9,346
32.0,2,12,10,348
32.0,2,12,11,349
32.0,2,12,12,351
32.0,2,12,13,352
32.0,2,12,14,354
32.0,2,12,15,355
32.0,2,13,0,333
32.0,2,13,1,335
32.0,2,13,2,337
32.0,2,13,3,338
32.0,2,13,4,340
32.0,2,13,5,342
32.0,2,13,6,343
32.0,2,13,7,345
32.0,2,13,8,346
32.0,2,13,9,348
32.0,2,13,10,349
32.0,2,13,11,351
32.0,2,13,12,353
32.0,2,13,13,354
32.0,2,13,14,356
32.0,2,13,15,357
32.0,2,14,0,335
32.0,2,14,1,337
32.0,2,14,2,338
32.0,2,14,3,340
32.0,2,14,4,342
32.0,2,14,5,343
32.0,2,14,6,345
32.0,2,14,7,346
32.0,2,14,8,348
32.0,2,14,9,350
32.0,2,14,10,351
32.0,2,14,11,353
32.0,2,14,12,354
32.0,2,14,13,356
32.0,2,14,14,357
32.0,2,14,15,359
32.0,2,15,0,337
32.0,2,15,1,339
32.0,2,15,2,340
32.0,2,15,3,342
32.0,2,15,4,343
32.0,2,15,5,345
32.0,2,15,6,347
32.0,2,15,7,348
32.0,2,15,8,350
32.0,2,15,9,351
32.0,2,15,10,353
32.0,2,15,11,355
32.0,2,15,12,356
32.0,2,15,13,358
32.0,2,15,14,359
32.0,2,15,15,361
32.0,3,0,0,315
32.0,3,0,1,317
32.0,3,0,2,318
32.0,3,0,3,320
32.0,3,0,4,321
32.0,3,0,5,323
32.0,3,0,6,324
32.0,3,0,7,326
32.0,3,0,8,327
32.0,3,0,9,329
32.0,3,0,10,330
32.0,3,0,11,332
32.0,3,0,12,333
32.0,3,0,13,335
32.0,3,0,14,336
32.0,3,0,15,338
32.0,3,1,0,317
32.0,3,1,1,319
32.0,3,1,2,320
32.0,3,1,3,322
32.0,3,1,4,323
32.0,3,1,5,325
32.0,3,1,6,326
32.0,3,1,7,328
32.0,3,1,8,329
32.0,3,1,9,331
32.0,3,1,10,332
32.0,3,1,11,334
32.0,3,1,12,335
32.0,3,1,13,337
32.0,3,1,14,338
32.0,3,1,15,340
32.0,3,2,0,319
32.0,3,2,1,320
32.0,3,2,2,322
32.0,3,2,3,324
32.0,3,2,4,325
32.0,3,2,5,327
32.0,3,2,6,328
32.0,3,2,7,330
32.0,3,2,8,331
32.0,3,2,9,333
32.0,3,2,10,334
32.0,3,2,11,336
32.0,3,2,12,337
32.0,3,2,13,339
32.0,3,2,14,340
32.0,3,2,15,342
32.0,3,3,0,321
32.0,3,3,1,322
32.0,3,3,2,324
32.0,3,3,3,325
32.0,3,3,4,327
32.0,3,3,5,329
32.0,3,3,6,330
32.0,3,3,7,332
32.0,3,3,8,333
32.0,3,3,9,335
32.0,3,3,10,336
32.0,3,3,11,338
32.0,3,3,12,339
32.0,3,3,13,341
32.0,3,3,14,342
32.0,3,3,15,344
32.0,3,4,0,323
32.0,3,4,1,324
32.0,3,4,2,326
32.0,3,4,3,327
32.0,3,4,4,329
32.0,3,4,5,330
32.0,3,4,6,332
32.0,3,4,7,334
32.0,3,4,8,335
32.0,3,4,9,337
32.0,3,4,10,338
32.0,3,4,11,340
32.0,3,4,12,341
32.0,3,4,13,343
32.0,3,4,14,344
32.0,3,4,15,346
32.0,3,5,0,324
32.0,3,5,1,326
32.0,3,5,2,328
32.0,3,5,3,329
32.0,3,5,4,331
32.0,3,5,5,332
32.0,3,5,6,334
32.0,3,5,7,335
32.0,3,5,8,337
32.0,3,5,9,338
32.0,3,5,10,340
32.0,3,5,11,342
32.0,3,5,12,343
32.0,3,5,13,345
32.0,3,5,14,346
32.0,3,5,15,348
32.0,3,6,0,326
32.0,3,6,1,328
32.0,3,6,2,329
32.0,3,6,3,331
32.0,3,6,4,333
32.0,3,6,5,334
32.0,3,6,6,336
32.0,3,6,7,337
32.0,3,6,8,339
32.0,3,6,9,340
32.0,3,6,10,342
32.0,3,6,11,343
32.0,3,6,12,345
32.0,3,6,13,347
32.0,3,6,14,348
32.0,3,6,15,350
32.0,3,7,0,328
32.0,3,7,1,330
32.0,3,7,2,331
32.0,3,7,3,333
32.0,3,7,4,335
32.0,3,7,5,336
32.0,3,7,6,338
32.0,3,7,7,339
32.0,3,7,8,341
32.0,3,7,9,342
32.0,3,7,10,344
32.0,3,7,11,345
32.0,3,7,12,347
32.0,3,7,13,348
32.0,3,7,14,350
32.0,3,7,15,351
32.0,3,8,0,330
32.0,3,8,1,332
32.0,3,8,2,333
32.0,3,8,3,335
32.0,3,8,4,336
32.0,3,8,5,338
32.0,3,8,6,340
32.0,3,8,7,341
32.0,3,8,8,343
32.0,3,8,9,344
32.0,3,8,10,346
32.0,3,8,11,347
32.0,3,8,12,349
32.0,3,8,13,350
32.0,3,8,14,352
32.0,3,8,15,353
32.0,3,9,0,332
32.0,3,9,1,333
32.0,3,9,2,335
32.0,3,9,3,337
32.0,3,9,4,338
32.0,3,9,5,340
32.0,3,9,6,341
32.0,3,9,7,343
32.0,3,9,8,345
32.0,3,9,9,346
32.0,3,9,10,348
32.0,3,9,11,349
32.0,3,9,12,351
32.0,3,9,13,352
32.0,3,9,14,354
32.0,3,9,15,355
32.0,3,10,0,334
32.0,3,10,1,335
32.0,3,10,2,337
32.0,3,10,3,338
32.0,3,10,4,340
32.0,3,10,5,342
32.0,3,10,6,343
32.0,3,10,7,345
32.0,3,10,8,346
32.0,3,10,9,348
32.0,3,10,10,350
32.0,3,10,11,351
32.0,3,10,12,353
32.0,3,10,13,354
32.0,3,10,14,356
32.0,3,10,15,357
32.0,3,11,0,335
32.0,3,11,1,337
32.0,3,11,2,339
32.0,3,11,3,340
32.0,3,11,4,342
32.0,3,11,5,343
32.0,3,11,6,345
32.0,3,11,7,347
32.0,3,11,8,348
32.0,3,11,9,350
32.0,3,11,10,351
32.0,3,11,11,353
32.0,3,11,12,355
32.0,3,11,13,356
32.0,3,11,14,358
32.0,3,11,15,359
32.0,3,12,0,337
32.0,3,12,1,339
32.0,3,12,2,340
32.0,3,12,3,342
32.0,3,12,4,344
32.0,3,12,5,345
32.0,3,12,6,347
32.0,3,12,7,349
32.0,3,12,8,350
32.0,3,12,9,352
32.0,3,12,10,353
32.0,3,12,11,355
32.0,3,12,12,356
32.0,3,12,13,358
32.0,3,12,14,360
32.0,3,12,15,361
32.0,3,13,0,339
32.0,3,13,1,341
32.0,3,13,2,342
32.0,3,13,3,344
32.0,3,13,4,346
32.0,3,13,5,347
32.0,3,13,6,349
32.0,3,13,7,350
32.0,3,13,8,352
32.0,3,13,9,354
32.0,3,13,10,355
32.0,3,13,11,357
32.0,3,13,12,358
32.0,3,13,13,360
32.0,3,13,14,361
32.0,3,13,15,363
32.0,3,14,0,341
32.0,3,14,1,342
32.0,3,14,2,344
32.0,3,14,3,346
32.0,3,14,4,347
32.0,3,14,5,349
32.0,3,14,6,351
32.0,3,14,7,352
32.0,3,14,8,354
32.0,3,14,9,355
32.0,3,14,10,357
32.0,3,14,11,359
32.0,3,14,12,360
32.0,3,14,13,362
32.0,3,14,14,363
32.0,3,14,15,365
32.0,3,15,0,342
32.0,3,15,1,344
32.0,3,15,2,346
32.0,3,15,3,347
32.0,3,15,4,349
32.0,3,15,5,351
32.0,3,15,6,352
32.0,3,15,7,354
32.0,3,15,8,356
32.0,3,15,9,357
32.0,3,15,10,359
32.0,3,15,11,360
32.0,3,15,12,362
32.0,3,15,13,364
32.0,3,15,14,365
32.0,3,15,15,367
32.0,4,0,0,320
32.0,4,0,1,322
32.0,4,0,2,323
32.0,4,0,3,325
32.0,4,0,4,326
32.0,4,0,5,328
32.0,4,0,6,329
32.0,4,0,7,331
32.0,4,0,8,333
32.0,4,0,9,334
32.0,4,0,10,336
32.0,4,0,11,337
32.0,4,0,12,339
32.0,4,0,13,340
32.0,4,0,14,341
32.0,4,0,15,343
32.0,4,1,0,322
32.0,4,1,1,324
32.0,4,1,2,325
32.0,4,1,3,327
32.0,4,1,4,328
32.0,4,1,5,330
32.0,4,1,6,331
32.0,4,1,7,333
32.0,4,1,8,335
32.0,4,1,9,336
32.0,4,1,10,338
32.0,4,1,11,339
32.0,4,1,12,341
32.0,4,1,13,342
32.0,4,1,14,344
32.0,4,1,15,345
32.0,4,2,0,324
32.0,4,2,1,326
32.0,4,2,2,327
32.0,4,2,3,329
32.0,4,2,4,330
32.0,4,2,5,332
32.0,4,2,6,333
32.0,4,2,7,335
32.0,4,2,8,337
32.0,4,2,9,338
32.0,4,2,10,340
32.0,4,2,11,341
32.0,4,2,12,343
32.0,4,2,13,344
32.0,4,2,14,346
32.0,4,2,15,347
32.0,4,3,0,326
32.0,4,3,1,328
32.0,4,3,2,329
32.0,4,3,3,331
32.0,4,3,4,332
32.0,4,3,5,334
32.0,4,3,6,335
32.0,4,3,7,337
32.0,4,3,8,338
32.0,4,3,9,340
32.0,4,3,10,342
32.0,4,3,11,343
32.0,4,3,12,345
32.0,4,3,13,346
32.0,4,3,14,348
32.0,4,3,15,349
32.0,4,4,0,328
32.0,4,4,1,329
32.0,4,4,2,331
32.0,4,4,3,333
32.0,4,4,4,334
32.0,4,4,5,336
32.0,4,4,6,337
32.0,4,4,7,339
32.0,4,4,8,340
32.0,4,4,9,342
32.0,4,4,10,344
32.0,4,4,11,345
32.0,4,4,12,347
32.0,4,4,13,348
32.0,4,4,14,350
32.0,4,4,15,351
32.0,4,5,0,330
32.0,4,5,1,331
32.0,4,5,2,333
32.0,4,5,3,335
32.0,4,5,4,336
32.0,4,5,5,338
32.0,4,5,6,339
32.0,4,5,7,341
32.0,4,5,8,342
32.0,4,5,9,344
32.0,4,5,10,346
32.0,4,5,11,347
32.0,4,5,12,349
32.0,4,5,13,350
32.0,4,5,14,352
32.0,4,5,15,353
32.0,4,6,0,332
32.0,4,6,1,333
32.0,4,6,2,335
32.0,4,6,3,336
32.0,4,6,4,338
32.0,4,6,5,340
32.0,4,6,6,341
32.0,4,6,7,343
32.0,4,6,8,344
32.0,4,6,9,346
32.0,4,6,10,347
32.0,4,6,11,349
32.0,4,6,12,351
32.0,4,6,13,352
32.0,4,6,14,354
32.0,4,6,15,355
32.0,4,7,0,333
32.0,4,7,1,335
32.0,4,7,2,337
32.0,4,7,3,338
32.0,4,7,4,340
32.0,4,7,5,342
32.0,4,7,6,343
32.0,4,7,7,345
32.0,4,7,8,346
32.0,4,7,9,348
32.0,4,7,10,349
32.0,4,7,11,351
32.0,4,7,12,353
32.0,4,7,13,354
32.0,4,7,14,356
32.0,4,7,15,357
32.0,4,8,0,335
32.0,4,8,1,337
32.0,4,8,2,339
32.0,4,8,3,340
32.0,4,8,4,342
32.0,4,8,5,343
32.0,4,8,6,345
32.0,4,8,7,347
32.0,4,8,8,348
32.0,4,8,9,350
32.0,4,8,10,351
32.0,4,8,11,353
32.0,4,8,12,354
32.0,4,8,13,356
32.0,4,8,14,358
32.0,4,8,15,359
32.0,4,9,0,337
32.0,4,9,1,339
32.0,4,9,2,340
32.0,4,9,3,342
32.0,4,9,4,344
32.0,4,9,5,345
32.0,4,9,6,347
32.0,4,9,7,349
32.0,4,9,8,350
32.0,4,9,9,352
32.0,4,9,10,353
32.0,4,9,11,355
32.0,4,9,12,356
32.0,4,9,13,358
32.0,4,9,14,360
32.0,4,9,15,361
32.0,4,10,0,339
32.0,4,10,1,341
32.0,4,10,2,342
32.0,4,10,3,344
32.0,4,10,4,346
32.0,4,10,5,347
32.0,4,10,6,349
32.0,4,10,7,350
32.0,4,10,8,352
32.0,4,10,9,354
32.0,4,10,10,355
32.0,4,10,11,357
32.0,4,10,12,358
32.0,4,10,13,360
32.0,4,10,14,362
32.0,4,10,15,363
32.0,4,11,0,341
32.0,4,11,1,342
32.0,4,11,2,344
32.0,4,11,3,346
32.0,4,11,4,347
32.0,4,11,5,349
32.0,4,11,6,351
32.0,4,11,7,352
32.0,4,11,8,354
32.0,4,11,9,356
32.0,4,11,10,357
32.0,4,11,11,359
32.0,4,11,12,360
32.0,4,11,13,362
32.0,4,11,14,363
32.0,4,11,15,365
32.0,4,12,0,343
32.0,4,12,1,344
32.0,4,12,2,346
32.0,4,12,3,348
32.0,4,12,4,349
32.0,4,12,5,351
32.0,4,12,6,353
32.0,4,12,7,354
32.0,4,12,8,356
32.0,4,12,9,357
32.0,4,12,10,359
32.0,4,12,11,361
32.0,4,12,12,362
32.0,4,12,13,364
32.0,4,12,14,365
32.0,4,12,15,367
32.0,4,13,0,344
32.0,4,13,1,346
32.0,4,13,2,348
32.0,4,13,3,349
32.0,4,13,4,351
32.0,4,13,5,353
32.0,4,13,6,354
32.0,4,13,7,356
32.0,4,13,8,358
32.0,4,13,9,359
32.0,4,13,10,361
32.0,4,13,11,363
32.0,4,13,12,364
32.0,4,13,13,366
32.0,4,13,14,367
32.0,4,13,15,369
32.0,4,14,0,346
32.0,4,14,1,348
32.0,4,14,2,350
32.0,4,14,3,351
32.0,4,14,4,353
32.0,4,14,5,355
32.0,4,14,6,356
32.0,4,14,7,358
32.0,4,14,8,360
32.0,4,14,9,361
32.0,4,14,10,363
32.0,4,14,11,364
32.0,4,14,12,366
32.0,4,14,13,368
32.0,4,14,14,369
32.0,4,14,15,371
32.0,4,15,0,348
32.0,4,15,1,350
32.0,4,15,2,351
32.0,4,15,3,353
32.0,4,15,4,355
32.0,4,15,5,356
32.0,4,15,6,358
32.0,4,15,7,360
32.0,4,15,8,361
32.0,4,15,9,363
32.0,4,15,10,365
32.0,4,15,11,366
32.0,4,15,12,368
32.0,4,15,13,370
32.0,4,15,14,371
32.0,4,15,15,373
32.0,5,0,0,325
32.0,5,0,1,327
32.0,5,0,2,328
32.0,5,0,3,330
32.0,5,0,4,332
32.0,5,0,5,333
32.0,5,0,6,335
32.0,5,0,7,336
32.0,5,0,8,338
32.0,5,0,9,339
32.0,5,0,10,341
32.0,5,0,11,342
32.0,5,0,12,344
32.0,5,0,13,345
32.0,5,0,14,347
32.0,5,0,15,348
32.0,5,1,0,327
32.0,5,1,1,329
32.0,5,1,2,330
32.0,5,1,3,332
32.0,5,1,4,334
32.0,5,1,5,335
32.0,5,1,6,337
32.0,5,1,7,338
32.0,5,1,8,340
32.0,5,1,9,341
32.0,5,1,10,343
32.0,5,1,11,344
32.0,5,1,12,346
32.0,5,1,13,347
32.0,5,1,14,349
32.0,5,1,15,351
32.0,5,2,0,329
32.0,5,2,1,331
32.0,5,2,2,332
32.0,5,2,3,334
32.0,5,2,4,336
32.0,5,2,5,337
32.0,5,2,6,339
32.0,5,2,7,340
32.0,5,2,8,342
32.0,5,2,9,343
32.0,5,2,10,345
32.0,5,2,11,346
32.0,5,2,12,348
32.0,5,2,13,350
32.0,5,2,14,351
32.0,5,2,15,353
32.0,5,3,0,331
32.0,5,3,1,333
32.0,5,3,2,334
32.0,5,3,3,336
32.0,5,3,4,338
32.0,5,3,5,339
32.0,5,3,6,341
32.0,5,3,7,342
32.0,5,3,8,344
32.0,5,3,9,345
32.0,5,3,10,347
32.0,5,3,11,349
32.0,5,3,12,350
32.0,5,3,13,352
32.0,5,3,14,353
32.0,5,3,15,355
32.0,5,4,0,333
32.0,5,4,1,335
32.0,5,4,2,336
32.0,5,4,3,338
32.0,5,4,4,340
32.0,5,4,5,341
32.0,5,4,6,343
32.0,5,4,7,344
32.0,5,4,8,346
32.0,5,4,9,347
32.0,5,4,10,349
32.0,5,4,11,351
32.0,5,4,12,352
32.0,5,4,13,354
32.0,5,4,14,355
32.0,5,4,15,357
32.0,5,5,0,335
32.0,5,5,1,337
32.0,5,5,2,338
32.0,5,5,3,340
32.0,5,5,4,341
32.0,5,5,5,343
32.0,5,5,6,345
32.0,5,5,7,346
32.0,5,5,8,348
32.0,5,5,9,349
32.0,5,5,10,351
32.0,5,5,11,353
32.0,5,5,12,354
32.0,5,5,13,356
32.0,5,5,14,357
32.0,5,5,15,359
32.0,5,6,0,337
32.0,5,6,1,338
32.0,5,6,2,340
32.0,5,6,3,342
32.0,5,6,4,343
32.0,5,6,5,345
32.0,5,6,6,347
32.0,5,6,7,348
32.0,5,6,8,350
32.0,5,6,9,351
32.0,5,6,10,353
32.0,5,6,11,355
32.0,5,6,12,356
32.0,5,6,13,358
32.0,5,6,14,359
32.0,5,6,15,361
32.0,5,7,0,339
32.0,5,7,1,340
32.0,5,7,2,342
32.0,5,7,3,344
32.0,5,7,4,345
32.0,5,7,5,347
32.0,5,7,6,349
32.0,5,7,7,350
32.0,5,7,8,352
32.0,5,7,9,353
32.0,5,7,10,355
32.0,5,7,11,357
32.0,5,7,12,358
32.0,5,7,13,360
32.0,5,7,14,361
32.0,5,7,15,363
32.0,5,8,0,341
32.0,5,8,1,342
32.0,5,8,2,344
32.0,5,8,3,346
32.0,5,8,4,347
32.0,5,8,5,349
32.0,5,8,6,351
32.0,5,8,7,352
32.0,5,8,8,354
32.0,5,8,9,355
32.0,5,8,10,357
32.0,5,8,11,359
32.0,5,8,12,360
32.0,5,8,13,362
32.0,5,8,14,363
32.0,5,8,15,365
32.0,5,9,0,342
32.0,5,9,1,344
32.0,5,9,2,346
32.0,5,9,3,347
32.0,5,9,4,349
32.0,5,9,5,351
32.0,5,9,6,352
32.0,5,9,7,354
32.0,5,9,8,356
32.0,5,9,9,357
32.0,5,9,10,359
32.0,5,9,11,361
32.0,5,9,12,362
32.0,5,9,13,364
32.0,5,9,14,365
32.0,5,9,15,367
32.0,5,10,0,344
32.0,5,10,1,346
32.0,5,10,2,348
32.0,5,10,3,349
32.0,5,10,4,351
32.0,5,10,5,353
32.0,5,10,6,354
32.0,5,10,7,356
32.0,5,10,8,358
32.0,5,10,9,359
32.0,5,10,10,361
32.0,5,10,11,362
32.0,5,10,12,364
32.0,5,10,13,366
32.0,5,10,14,367
32.0,5,10,15,369
32.0,5,11,0,346
32.0,5,11,1,348
32.0,5,11,2,350
32.0,5,11,3,351
32.0,5,11,4,353
32.0,5,11,5,355
32.0,5,11,6,356
32.0,5,11,7,358
32.0,5,11,8,360
32.0,5,11,9,361
32.0,5,11,10,363
32.0,5,11,11,364
32.0,5,11,12,366
32.0,5,11,13,368
32.0,5,11,14,369
32.0,5,11,15,371
32.0,5,12,0,348
32.0,5,12,1,350
32.0,5,12,2,351
32.0,5,12,3,353
32.0,5,12,4,355
32.0,5,12,5,356
32.0,5,12,6,358
32.0,5,12,7,360
32.0,5,12,8,361
32.0,5,12,9,363
32.0,5,12,10,365
32.0,5,12,11,366
32.0,5,12,12,368
32.0,5,12,13,370
32.0,5,12,14,371
32.0,5,12,15,373
32.0,5,13,0,350
32.0,5,13,1,352
32.0,5,13,2,353
32.0,5,13,3,355
32.0,5,13,4,357
32.0,5,13,5,358
32.0,5,13,6,360
32.0,5,13,7,362
32.0,5,13,8,363
32.0,5,13,9,365
32.0,5,13,10,367
32.0,5,13,11,368
32.0,5,13,12,370
32.0,5,13,13,372
32.0,5,13,14,373
32.0,5,13,15,375
32.0,5,14,0,352
32.0,5,14,1,353
32.0,5,14,2,355
32.0,5,14,3,357
32.0,5,14,4,359
32.0,5,14,5,360
32.0,5,14,6,362
32.0,5,14,7,364
32.0,5,14,8,365
32.0,5,14,9,367
32.0,5,14,10,369
32.0,5,14,11,370
32.0,5,14,12,372
32.0,5,14,13,373
32.0,5,14,14,375
32.0,5,14,15,377
32.0,5,15,0,353
32.0,5,15,1,355
32.0,5,15,2,357
32.0,5,15,3,359
32.0,5,15,4,360
32.0,5,15,5,362
32.0,5,15,6,364
32.0,5,15,7,365
32.0,5,15,8,367
32.0,5,15,9,369
32.0,5,15,10,370
32.0,5,15,11,372
32.0,5,15,12,374
32.0,5,15,13,375
32.0,5,15,14,377
32.0,5,15,15,379
32.0,6,0,0,330
32.0,6,0,1,332
32.0,6,0,2,334
32.0,6,0,3,335
32.0,6,0,4,337
32.0,6,0,5,338
32.0,6,0,6,340
32.0,6,0,7,342
32.0,6,0,8,343
32.0,6,0,9,345
32.0,6,0,10,346
32.0,6,0,11,348
32.0,6,0,12,349
32.0,6,0,13,351
32.0,6,0,14,352
32.0,6,0,15,354
32.0,6,1,0,332
32.0,6,1,1,334
32.0,6,1,2,336
32.0,6,1,3,337
32.0,6,1,4,339
32.0,6,1,5,340
32.0,6,1,6,342
32.0,6,1,7,344
32.0,6,1,8,345
32.0,6,1,9,347
32.0,6,1,10,348
32.0,6,1,11,350
32.0,6,1,12,351
32.0,6,1,13,353
32.0,6,1,14,354
32.0,6,1,15,356
32.0,6,2,0,334
32.0,6,2,1,336
32.0,6,2,2,338
32.0,6,2,3,339
32.0,6,2,4,341
32.0,6,2,5,342
32.0,6,2,6,344
32.0,6,2,7,346
32.0,6,2,8,347
32.0,6,2,9,349
32.0,6,2,10,350
32.0,6,2,11,352
32.0,6,2,12,353
32.0,6,2,13,355
32.0,6,2,14,357
32.0,6,2,15,358
32.0,6,3,0,336
32.0,6,3,1,338
32.0,6,3,2,340
32.0,6,3,3,341
32.0,6,3,4,343
32.0,6,3,5,344
32.0,6,3,6,346
32.0,6,3,7,348
32.0,6,3,8,349
32.0,6,3,9,351
32.0,6,3,10,352
32.0,6,3,11,354
32.0,6,3,12,356
32.0,6,3,13,357
32.0,6,3,14,359
32.0,6,3,15,360
32.0,6,4,0,338
32.0,6,4,1,340
32.0,6,4,2,342
32.0,6,4,3,343
32.0,6,4,4,345
32.0,6,4,5,346
32.0,6,4,6,348
32.0,6,4,7,350
32.0,6,4,8,351
32.0,6,4,9,353
32.0,6,4,10,354
32.0,6,4,11,356
32.0,6,4,12,358
32.0,6,4,13,359
32.0,6,4,14,361
32.0,6,4,15,362
32.0,6,5,0,340
32.0,6,5,1,342
32.0,6,5,2,344
32.0,6,5,3,345
32.0,6,5,4,347
32.0,6,5,5,348
32.0,6,5,6,350
32.0,6,5,7,352
32.0,6,5,8,353
32.0,6,5,9,355
32.0,6,5,10,356
32.0,6,5,11,358
32.0,6,5,12,360
32.0,6,5,13,361
32.0,6,5,14,363
32.0,6,5,15,364
32.0,6,6,0,342
32.0,6,6,1,344
32.0,6,6,2,345
32.0,6,6,3,347
32.0,6,6,4,349
32.0,6,6,5,350
32.0,6,6,6,352
32.0,6,6,7,354
32.0,6,6,8,355
32.0,6,6,9,357
32.0,6,6,10,359
32.0,6,6,11,360
32.0,6,6,12,362
32.0,6,6,13,363
32.0,6,6,14,365
32.0,6,6,15,366
32.0,6,7,0,344
32.0,6,7,1,346
32.0,6,7,2,347
32.0,6,7,3,349
32.0,6,7,4,351
32.0,6,7,5,352
32.0,6,7,6,354
32.0,6,7,7,356
32.0,6,7,8,357
32.0,6,7,9,359
32.0,6,7,10,361
32.0,6,7,11,362
32.0,6,7,12,364
32.0,6,7,13,365
32.0,6,7,14,367
32.0,6,7,15,369
32.0,6,8,0,346
32.0,6,8,1,348
32.0,6,8,2,349
32.0,6,8,3,351
32.0,6,8,4,353
32.0,6,8,5,354
32.0,6,8,6,356
32.0,6,8,7,358
32.0,6,8,8,359
32.0,6,8,9,361
32.0,6,8,10,363
32.0,6,8,11,364
32.0,6,8,12,366
32.0,6,8,13,367
32.0,6,8,14,369
32.0,6,8,15,371
32.0,6,9,0,348
32.0,6,9,1,350
32.0,6,9,2,351
32.0,6,9,3,353
32.0,6,9,4,355
32.0,6,9,5,356
32.0,6,9,6,358
32.0,6,9,7,360
32.0,6,9,8,361
32.0,6,9,9,363
32.0,6,9,10,365
32.0,6,9,11,366
32.0,6,9,12,368
32.0,6,9,13,369
32.0,6,9,14,371
32.0,6,9,15,373
32.0,6,10,0,350
32.0,6,10,1,351
32.0,6,10,2,353
32.0,6,10,3,355
32.0,6,10,4,357
32.0,6,10,5,358
32.0,6,10,6,360
32.0,6,10,7,362
32.0,6,10,8,363
32.0,6,10,9,365
32.0,6,10,10,366
32.0,6,10,11,368
32.0,6,10,12,370
32.0,6,10,13,371
32.0,6,10,14,373
32.0,6,10,15,375
32.0,6,11,0,352
32.0,6,11,1,353
32.0,6,11,2,355
32.0,6,11,3,357
32.0,6,11,4,358
32.0,6,11,5,360
32.0,6,11,6,362
32.0,6,11,7,363
32.0,6,11,8,365
32.0,6,11,9,367
32.0,6,11,10,368
32.0,6,11,11,370
32.0,6,11,12,372
32.0,6,11,13,373
32.0,6,11,14,375
32.0,6,11,15,377
32.0,6,12,0,353
32.0,6,12,1,355
32.0,6,12,2,357
32.0,6,12,3,359
32.0,6,12,4,360
32.0,6,12,5,362
32.0,6,12,6,364
32.0,6,12,7,365
32.0,6,12,8,367
32.0,6,12,9,369
32.0,6,12,10,370
32.0,6,12,11,372
32.0,6,12,12,374
32.0,6,12,13,375
32.0,6,12,14,377
32.0,6,12,15,379
32.0,6,13,0,355
32.0,6,13,1,357
32.0,6,13,2,359
32.0,6,13,3,361
32.0,6,13,4,362
32.0,6,13,5,364
32.0,6,13,6,366
32.0,6,13,7,367
32.0,6,13,8,369
32.0,6,13,9,371
32.0,6,13,10,372
32.0,6,13,11,374
32.0,6,13,12,376
32.0,6,13,13,377
32.0,6,13,14,379
32.0,6,13,15,381
32.0,6,14,0,357
32.0,6,14,1,359
32.0,6,14,2,361
32.0,6,14,3,362
32.0,6,14,4,364
32.0,6,14,5,366
32.0,6,14,6,368
32.0,6,14,7,369
32.0,6,14,8,371
32.0,6,14,9,373
32.0,6,14,10,374
32.0,6,14,11,376
32.0,6,14,12,378
32.0,6,14,13,379
32.0,6,14,14,381
32.0,6,14,15,383
32.0,6,15,0,359
32.0,6,15,1,361
32.0,6,15,2,363
32.0,6,15,3,364
32.0,6,15,4,366
32.0,6,15,5,368
32.0,6,15,6,369
32.0,6,15,7,371
32.0,6,15,8,373
32.0,6,15,9,375
32.0,6,15,10,376
32.0,6,15,11,378
32.0,6,15,12,380
32.0,6,15,13,381
32.0,6,15,14,383
32.0,6,15,15,385
32.0,7,0,0,335
32.0,7,0,1,337
32.0,7,0,2,339
32.0,7,0,3,340
32.0,7,0,4,342
32.0,7,0,5,344
32.0,7,0,6,345
32.0,7,0,7,347
32.0,7,0,8,348
32.0,7,0,9,350
32.0,7,0,10,352
32.0,7,0,11,353
32.0,7,0,12,355
32.0,7,0,13,356
32.0,7,0,14,358
32.0,7,0,15,359
32.0,7,1,0,337
32.0,7,1,1,339
32.0,7,1,2,341
32.0,7,1,3,342
32.0,7,1,4,344
32.0,7,1,5,346
32.0,7,1,6,347
32.0,7,1,7,349
32.0,7,1,8,350
32.0,7,1,9,352
32.0,7,1,10,354
32.0,7,1,11,355
32.0,7,1,12,357
32.0,7,1,13,358
32.0,7,1,14,360
32.0,7,1,15,361
32.0,7,2,0,339
32.0,7,2,1,341
32.0,7,2,2,343
32.0,7,2,3,344
32.0,7,2,4,346
32.0,7,2,5,348
32.0,7,2,6,349
32.0,7,2,7,351
32.0,7,2,8,353
32.0,7,2,9,354
32.0,7,2,10,356
32.0,7,2,11,357
32.0,7,2,12,359
32.0,7,2,13,360
32.0,7,2,14,362
32.0,7,2,15,364
32.0,7,3,0,341
32.0,7,3,1,343
32.0,7,3,2,345
32.0,7,3,3,346
32.0,7,3,4,348
32.0,7,3,5,350
32.0,7,3,6,351
32.0,7,3,7,353
32.0,7,3,8,355
32.0,7,3,9,356
32.0,7,3,10,358
32.0,7,3,11,359
32.0,7,3,12,361
32.0,7,3,13,363
32.0,7,3,14,364
32.0,7,3,15,366
32.0,7,4,0,343
32.0,7,4,1,345
32.0,7,4,2,347
32.0,7,4,3,348
32.0,7,4,4,350
32.0,7,4,5,352
32.0,7,4,6,353
32.0,7,4,7,355
32.0,7,4,8,357
32.0,7,4,9,358
32.0,7,4,10,360
32.0,7,4,11,362
32.0,7,4,12,363
32.0,7,4,13,365
32.0,7,4,14,366
32.0,7,4,15,368
32.0,7,5,0,345
32.0,7,5,1,347
32.0,7,5,2,349
32.0,7,5,3,350
32.0,7,5,4,352
32.0,7,5,5,354
32.0,7,5,6,355
32.0,7,5,7,357
32.0,7,5,8,359
32.0,7,5,9,360
32.0,7,5,10,362
32.0,7,5,11,364
32.0,7,5,12,365
32.0,7,5,13,367
32.0,7,5,14,368
32.0,7,5,15,370
32.0,7,6,0,347
32.0,7,6,1,349
32.0,7,6,2,351
32.0,7,6,3,352
32.0,7,6,4,354
32.0,7,6,5,356
32.0,7,6,6,357
32.0,7,6,7,359
32.0,7,6,8,361
32.0,7,6,9,362
32.0,7,6,10,364
32.0,7,6,11,366
32.0,7,6,12,367
32.0,7,6,13,369
32.0,7,6,14,370
32.0,7,6,15,372
32.0,7,7,0,349
32.0,7,7,1,351
32.0,7,7,2,353
32.0,7,7,3,354
32.0,7,7,4,356
32.0,7,7,5,358
32.0,7,7,6,359
32.0,7,7,7,361
32.0,7,7,8,363
32.0,7,7,9,364
32.0,7,7,10,366
32.0,7,7,11,368
32.0,7,7,12,369
32.0,7,7,13,371
32.0,7,7,14,373
32.0,7,7,15,374
32.0,7,8,0,351
32.0,7,8,1,353
32.0,7,8,2,355
32.0,7,8,3,356
32.0,7,8,4,358
32.0,7,8,5,360
32.0,7,8,6,361
32.0,7,8,7,363
32.0,7,8,8,365
32.0,7,8,9,366
32.0,7,8,10,368
32.0,7,8,11,370
32.0,7,8,12,371
32.0,7,8,13,373
32.0,7,8,14,375
32.0,7,8,15,376
32.0,7,9,0,353
32.0,7,9,1,355
32.0,7,9,2,357
32.0,7,9,3,358
32.0,7,9,4,360
32.0,7,9,5,362
32.0,7,9,6,363
32.0,7,9,7,365
32.0,7,9,8,367
32.0,7,9,9,368
32.0,7,9,10,370
32.0,7,9,11,372
32.0,7,9,12,373
32.0,7,9,13,375
32.0,7,9,14,377
32.0,7,9,15,378
32.0,7,10,0,355
32.0,7,10,1,357
32.0,7,10,2,359
32.0,7,10,3,360
32.0,7,10,4,362
32.0,7,10,5,364
32.0,7,10,6,365
32.0,7,10,7,367
32.0,7,10,8,369
32.0,7,10,9,370
32.0,7,10,10,372
32.0,7,10,11,374
32.0,7,10,12,375
32.0,7,10,13,377
32.0,7,10,14,379
32.0,7,10,15,380
32.0,7,11,0,357
32.0,7,11,1,359
32.0,7,11,2,361
32.0,7,11,3,362
32.0,7,11,4,364
32.0,7,11,5,366
32.0,7,11,6,367
32.0,7,11,7,369
32.0,7,11,8,371
32.0,7,11,9,372
32.0,7,11,10,374
32.0,7,11,11,376
32.0,7,11,12,377
32.0,7,11,13,379
32.0,7,11,14,381
32.0,7,11,15,382
32.0,7,12,0,359
32.0,7,12,1,361
32.0,7,12,2,362
32.0,7,12,3,364
32.0,7,12,4,366
32.0,7,12,5,368
32.0,7,12,6,369
32.0,7,12,7,371
32.0,7,12,8,373
32.0,7,12,9,374
32.0,7,12,10,376
32.0,7,12,11,378
32.0,7,12,12,379
32.0,7,12,13,381
32.0,7,12,14,383
32.0,7,12,15,384
32.0,7,13,0,361
32.0,7,13,1,363
32.0,7,13,2,364
32.0,7,13,3,366
32.0,7,13,4,368
32.0,7,13,5,370
32.0,7,13,6,371
32.0,7,13,7,373
32.0,7,13,8,375
32.0,7,13,9,376
32.0,7,13,10,378
32.0,7,13,11,380
32.0,7,13,12,381
32.0,7,13,13,383
32.0,7,13,14,385
32.0,7,13,15,386
32.0,7,14,0,363
32.0,7,14,1,364
32.0,7,14,2,366
32.0,7,14,3,368
32.0,7,14,4,370
32.0,7,14,5,371
32.0,7,14,6,373
32.0,7,14,7,375
32.0,7,14,8,377
32.0,7,14,9,378
32.0,7,14,10,380
32.0,7,14,11,382
32.0,7,14,12,383
32.0,7,14,13,385
32.0,7,14,14,387
32.0,7,14,15,388
32.0,7,15,0,365
32.0,7,15,1,366
32.0,7,15,2,368
32.0,7,15,3,370
32.0,7,15,4,372
32.0,7,15,5,373
32.0,7,15,6,375
32.0,7,15,7,377
32.0,7,15,8,379
32.0,7,15,9,380
32.0,7,15,10,382
32.0,7,15,11,384
32.0,7,15,12,385
32.0,7,15,13,387
32.0,7,15,14,389
32.0,7,15,15,390
32.0,8,0,0,341
32.0,8,0,1,342
32.0,8,0,2,344
32.0,8,0,3,346
32.0,8,0,4,347
32.0,8,0,5,349
32.0,8,0,6,350
32.0,8,0,7,352
32.0,8,0,8,354
32.0,8,0,9,355
32.0,8,0,10,357
32.0,8,0,11,358
32.0,8,0,12,360
32.0,8,0,13,362
32.0,8,0,14,363
32.0,8,0,15,365
32.0,8,1,0,343
32.0,8,1,1,344
32.0,8,1,2,346
32.0,8,1,3,348
32.0,8,1,4,349
32.0,8,1,5,351
32.0,8,1,6,353
32.0,8,1,7,354
32.0,8,1,8,356
32.0,8,1,9,357
32.0,8,1,10,359
32.0,8,1,11,361
32.0,8,1,12,362
32.0,8,1,13,364
32.0,8,1,14,365
32.0,8,1,15,367
32.0,8,2,0,345
32.0,8,2,1,346
32.0,8,2,2,348
32.0,8,2,3,350
32.0,8,2,4,351
32.0,8,2,5,353
32.0,8,2,6,355
32.0,8,2,7,356
32.0,8,2,8,358
32.0,8,2,9,360
32.0,8,2,10,361
32.0,8,2,11,363
32.0,8,2,12,364
32.0,8,2,13,366
32.0,8,2,14,368
32.0,8,2,15,369
32.0,8,3,0,347
32.0,8,3,1,348
32.0,8,3,2,350
32.0,8,3,3,352
32.0,8,3,4,353
32.0,8,3,5,355
32.0,8,3,6,357
32.0,8,3,7,358
32.0,8,3,8,360
32.0,8,3,9,362
32.0,8,3,10,363
32.0,8,3,11,365
32.0,8,3,12,367
32.0,8,3,13,368
32.0,8,3,14,370
32.0,8,3,15,371
32.0,8,4,0,349
32.0,8,4,1,350
32.0,8,4,2,352
32.0,8,4,3,354
32.0,8,4,4,355
32.0,8,4,5,357
32.0,8,4,6,359
32.0,8,4,7,360
32.0,8,4,8,362
32.0,8,4,9,364
32.0,8,4,10,365
32.0,8,4,11,367
32.0,8,4,12,369
32.0,8,4,13,370
32.0,8,4,14,372
32.0,8,4,15,373
32.0,8,5,0,351
32.0,8,5,1,352
32.0,8,5,2,354
32.0,8,5,3,356
32.0,8,5,4,357
32.0,8,5,5,359
32.0,8,5,6,361
32.0,8,5,7,363
32.0,8,5,8,364
32.0,8,5,9,366
32.0,8,5,10,367
32.0,8,5,11,369
32.0,8,5,12,371
32.0,8,5,13,372
32.0,8,5,14,374
32.0,8,5,15,376
32.0,8,6,0,353
32.0,8,6,1,354
32.0,8,6,2,356
32.0,8,6,3,358
32.0,8,6,4,360
32.0,8,6,5,361
32.0,8,6,6,363
32.0,8,6,7,365
32.0,8,6,8,366
32.0,8,6,9,368
32.0,8,6,10,370
32.0,8,6,11,371
32.0,8,6,12,373
32.0,8,6,13,374
32.0,8,6,14,376
32.0,8,6,15,378
32.0,8,7,0,355
32.0,8,7,1,356
32.0,8,7,2,358
32.0,8,7,3,360
32.0,8,7,4,362
32.0,8,7,5,363
32.0,8,7,6,365
32.0,8,7,7,367
32.0,8,7,8,368
32.0,8,7,9,370
32.0,8,7,10,372
32.0,8,7,11,373
32.0,8,7,12,375
32.0,8,7,13,377
32.0,8,7,14,378
32.0,8,7,15,380
32.0,8,8,0,357
32.0,8,8,1,358
32.0,8,8,2,360
32.0,8,8,3,362
32.0,8,8,4,364
32.0,8,8,5,365
32.0,8,8,6,367
32.0,8,8,7,369
32.0,8,8,8,370
32.0,8,8,9,372
32.0,8,8,10,374
32.0,8,8,11,375
32.0,8,8,12,377
32.0,8,8,13,379
32.0,8,8,14,380
32.0,8,8,15,382
32.0,8,9,0,359
32.0,8,9,1,360
32.0,8,9,2,362
32.0,8,9,3,364
32.0,8,9,4,366
32.0,8,9,5,367
32.0,8,9,6,369
32.0,8,9,7,371
32.0,8,9,8,372
32.0,8,9,9,374
32.0,8,9,10,376
32.0,8,9,11,377
32.0,8,9,12,379
32.0,8,9,13,381
32.0,8,9,14,382
32.0,8,9,15,384
32.0,8,10,0,361
32.0,8,10,1,362
32.0,8,10,2,364
32.0,8,10,3,366
32.0,8,10,4,368
32.0,8,10,5,369
32.0,8,10,6,371
32.0,8,10,7,373
32.0,8,10,8,374
32.0,8,10,9,376
32.0,8,10,10,378
32.0,8,10,11,379
32.0,8,10,12,381
32.0,8,10,13,383
32.0,8,10,14,384
32.0,8,10,15,386
32.0,8,11,0,362
32.0,8,11,1,364
32.0,8,11,2,366
32.0,8,11,3,368
32.0,8,11,4,369
32.0,8,11,5,371
32.0,8,11,6,373
32.0,8,11,7,375
32.0,8,11,8,376
32.0,8,11,9,378
32.0,8,11,10,380
32.0,8,11,11,382
32.0,8,11,12,383
32.0,8,11,13,385
32.0,8,11,14,387
32.0,8,11,15,388
32.0,8,12,0,364
32.0,8,12,1,366
32.0,8,12,2,368
32.0,8,12,3,370
32.0,8,12,4,371
32.0,8,12,5,373
32.0,8,12,6,375
32.0,8,12,7,377
32.0,8,12,8,378
32.0,8,12,9,380
32.0,8,12,10,382
32.0,8,12,11,384
32.0,8,12,12,385
32.0,8,12,13,387
32.0,8,12,14,389
32.0,8,12,15,390
32.0,8,13,0,366
32.0,8,13,1,368
32.0,8,13,2,370
32.0,8,13,3,372
32.0,8,13,4,373
32.0,8,13,5,375
32.0,8,13,6,377
32.0,8,13,7,379
32.0,8,13,8,380
32.0,8,13,9,382
32.0,8,13,10,384
32.0,8,13,11,386
32.0,8,13,12,387
32.0,8,13,13,389
32.0,8,13,14,391
32.0,8,13,15,392
32.0,8,14,0,368
32.0,8,14,1,370
32.0,8,14,2,372
32.0,8,14,3,374
32.0,8,14,4,375
32.0,8,14,5,377
32.0,8,14,6,379
32.0,8,14,7,381
32.0,8,14,8,382
32.0,8,14,9,384
32.0,8,14,10,386
32.0,8,14,11,388
32.0,8,14,12,389
32.0,8,14,13,391
32.0,8,14,14,393
32.0,8,14,15,394
32.0,8,15,0,370
32.0,8,15,1,372
32.0,8,15,2,374
32.0,8,15,3,375
32.0,8,15,4,377
32.0,8,15,5,379
32.0,8,15,6,381
32.0,8,15,7,383
32.0,8,15,8,384
32.0,8,15,9,386
32.0,8,15,10,388
32.0,8,15,11,390
32.0,8,15,12,391
32.0,8,15,13,393
32.0,8,15,14,395
32.0,8,15,15,396
32.0,9,0,0,346
32.0,9,0,1,347
32.0,9,0,2,349
32.0,9,0,3,351
32.0,9,0,4,352
32.0,9,0,5,354
32.0,9,0,6,356
32.0,9,0,7,357
32.0,9,0,8,359
32.0,9,0,9,361
32.0,9,0,10,362
32.0,9,0,11,364
32.0,9,0,12,365
32.0,9,0,13,367
32.0,9,0,14,369
32.0,9,0,15,370
32.0,9,1,0,348
32.0,9,1,1,349
32.0,9,1,2,351
32.0,9,1,3,353
32.0,9,1,4,354
32.0,9,1,5,356
32.0,9,1,6,358
32.0,9,1,7,359
32.0,9,1,8,361
32.0,9,1,9,363
32.0,9,1,10,364
32.0,9,1,11,366
32.0,9,1,12,368
32.0,9,1,13,369
32.0,9,1,14,371
32.0,9,1,15,372
32.0,9,2,0,350
32.0,9,2,1,351
32.0,9,2,2,353
32.0,9,2,3,355
32.0,9,2,4,357
32.0,9,2,5,358
32.0,9,2,6,360
32.0,9,2,7,362
32.0,9,2,8,363
32.0,9,2,9,365
32.0,9,2,10,367
32.0,9,2,11,368
32.0,9,2,12,370
32.0,9,2,13,371
32.0,9,2,14,373
32.0,9,2,15,375
32.0,9,3,0,352
32.0,9,3,1,354
32.0,9,3,2,355
32.0,9,3,3,357
32.0,9,3,4,359
32.0,9,3,5,360
32.0,9,3,6,362
32.0,9,3,7,364
32.0,9,3,8,365
32.0,9,3,9,367
32.0,9,3,10,369
32.0,9,3,11,370
32.0,9,3,12,372
32.0,9,3,13,374
32.0,9,3,14,375
32.0,9,3,15,377
32.0,9,4,0,354
32.0,9,4,1,356
32.0,9,4,2,357
32.0,9,4,3,359
32.0,9,4,4,361
32.0,9,4,5,362
32.0,9,4,6,364
32.0,9,4,7,366
32.0,9,4,8,368
32.0,9,4,9,369
32.0,9,4,10,371
32.0,9,4,11,372
32.0,9,4,12,374
32.0,9,4,13,376
32.0,9,4,14,377
32.0,9,4,15,379
32.0,9,5,0,356
32.0,9,5,1,358
32.0,9,5,2,359
32.0,9,5,3,361
32.0,9,5,4,363
32.0,9,5,5,365
32.0,9,5,6,366
32.0,9,5,7,368
32.0,9,5,8,370
32.0,9,5,9,371
32.0,9,5,10,373
32.0,9,5,11,375
32.0,9,5,12,376
32.0,9,5,13,378
32.0,9,5,14,380
32.0,9,5,15,381
32.0,9,6,0,358
32.0,9,6,1,360
32.0,9,6,2,361
32.0,9,6,3,363
32.0,9,6,4,365
32.0,9,6,5,367
32.0,9,6,6,368
32.0,9,6,7,370
32.0,9,6,8,372
32.0,9,6,9,373
32.0,9,6,10,375
32.0,9,6,11,377
32.0,9,6,12,378
32.0,9,6,13,380
32.0,9,6,14,382
32.0,9,6,15,383
32.0,9,7,0,360
32.0,9,7,1,362
32.0,9,7,2,363
32.0,9,7,3,365
32.0,9,7,4,367
32.0,9,7,5,369
32.0,9,7,6,370
32.0,9,7,7,372
32.0,9,7,8,374
32.0,9,7,9,376
32.0,9,7,10,377
32.0,9,7,11,379
32.0,9,7,12,381
32.0,9,7,13,382
32.0,9,7,14,384
32.0,9,7,15,386
32.0,9,8,0,362
32.0,9,8,1,364
32.0,9,8,2,365
32.0,9,8,3,367
32.0,9,8,4,369
32.0,9,8,5,371
32.0,9,8,6,372
32.0,9,8,7,374
32.0,9,8,8,376
32.0,9,8,9,378
32.0,9,8,10,379
32.0,9,8,11,381
32.0,9,8,12,383
32.0,9,8,13,384
32.0,9,8,14,386
32.0,9,8,15,388
32.0,9,9,0,364
32.0,9,9,1,366
32.0,9,9,2,367
32.0,9,9,3,369
32.0,9,9,4,371
32.0,9,9,5,373
32.0,9,9,6,374
32.0,9,9,7,376
32.0,9,9,8,378
32.0,9,9,9,380
32.0,9,9,10,381
32.0,9,9,11,383
32.0,9,9,12,385
32.0,9,9,13,386
32.0,9,9,14,388
32.0,9,9,15,390
32.0,9,10,0,366
32.0,9,10,1,368
32.0,9,10,2,369
32.0,9,10,3,371
32.0,9,10,4,373
32.0,9,10,5,375
32.0,9,10,6,377
32.0,9,10,7,378
32.0,9,10,8,380
32.0,9,10,9,382
32.0,9,10,10,383
32.0,9,10,11,385
32.0,9,10,12,387
32.0,9,10,13,389
32.0,9,10,14,390
32.0,9,10,15,392
32.0,9,11,0,368
32.0,9,11,1,370
32.0,9,11,2,371
32.0,9,11,3,373
32.0,9,11,4,375
32.0,9,11,5,377
32.0,9,11,6,379
32.0,9,11,7,380
32.0,9,11,8,382
32.0,9,11,9,384
32.0,9,11,10,385
32.0,9,11,11,387
32.0,9,11,12,389
32.0,9,11,13,391
32.0,9,11,14,392
32.0,9,11,15,394
32.0,9,12,0,370
32.0,9,12,1,372
32.0,9,12,2,373
32.0,9,12,3,375
32.0,9,12,4,377
32.0,9,12,5,379
32.0,9,12,6,381
32.0,9,12,7,382
32.0,9,12,8,384
32.0,9,12,9,386
32.0,9,12,10,388
32.0,9,12,11,389
32.0,9,12,12,391
32.0,9,12,13,393
32.0,9,12,14,394
32.0,9,12,15,396
32.0,9,13,0,372
32.0,9,13,1,374
32.0,9,13,2,375
32.0,9,13,3,377
32.0,9,13,4,379
32.0,9,13,5,381
32.0,9,13,6,383
32.0,9,13,7,384
32.0,9,13,8,386
32.0,9,13,9,388
32.0,9,13,10,390
32.0,9,13,11,391
32.0,9,13,12,393
32.0,9,13,13,395
32.0,9,13,14,396
32.0,9,13,15,398
32.0,9,14,0,374
32.0,9,14,1,376
32.0,9,14,2,377
32.0,9,14,3,379
32.0,9,14,4,381
32.0,9,14,5,383
32.0,9,14,6,385
32.0,9,14,7,386
32.0,9,14,8,388
32.0,9,14,9,390
32.0,9,14,10,392
32.0,9,14,11,393
32.0,9,14,12,395
32.0,9,14,13,397
32.0,9,14,14,399
32.0,9,14,15,400
32.0,9,15,0,376
32.0,9,15,1,377
32.0,9,15,2,379
32.0,9,15,3,381
32.0,9,15,4,383
32.0,9,15,5,385
32.0,9,15,6,387
32.0,9,15,7,388
32.0,9,15,8,390
32.0,9,15,9,392
32.0,9,15,10,394
32.0,9,15,11,395
32.0,9,15,12,397
32.0,9,15,13,399
32.0,9,15,14,401
32.0,9,15,15,402
32.0,10,0,0,351
32.0,10,0,1,352
32.0,10,0,2,354
32.0,10,0,3,356
32.0,10,0,4,358
32.0,10,0,5,359
32.0,10,0,6,361
32.0,10,0,7,363
32.0,10,0,8,364
32.0,10,0,9,366
32.0,10,0,10,368
32.0,10,0,11,369
32.0,10,0,12,371
32.0,10,0,13,372
32.0,10,0,14,374
32.0,10,0,15,376
32.0,10,1,0,353
32.0,10,1,1,355
32.0,10,1,2,356
32.0,10,1,3,358
32.0,10,1,4,360
32.0,10,1,5,361
32.0,10,1,6,363
32.0,10,1,7,365
32.0,10,1,8,366
32.0,10,1,9,368
32.0,10,1,10,370
32.0,10,1,11,371
32.0,10,1,12,373
32.0,10,1,13,375
32.0,10,1,14,376
32.0,10,1,15,378
32.0,10,2,0,355
32.0,10,2,1,357
32.0,10,2,2,358
32.0,10,2,3,360
32.0,10,2,4,362
32.0,10,2,5,364
32.0,10,2,6,365
32.0,10,2,7,367
32.0,10,2,8,369
32.0,10,2,9,370
32.0,10,2,10,372
32.0,10,2,11,374
32.0,10,2,12,375
32.0,10,2,13,377
32.0,10,2,14,379
32.0,10,2,15,380
32.0,10,3,0,357
32.0,10,3,1,359
32.0,10,3,2,361
32.0,10,3,3,362
32.0,10,3,4,364
32.0,10,3,5,366
32.0,10,3,6,367
32.0,10,3,7,369
32.0,10,3,8,371
32.0,10,3,9,372
32.0,10,3,10,374
32.0,10,3,11,376
32.0,10,3,12,377
32.0,10,3,13,379
32.0,10,3,14,381
32.0,10,3,15,382
32.0,10,4,0,359
32.0,10,4,1,361
32.0,10,4,2,363
32.0,10,4,3,364
32.0,10,4,4,366
32.0,10,4,5,368
32.0,10,4,6,370
32.0,10,4,7,371
32.0,10,4,8,373
32.0,10,4,9,375
32.0,10,4,10,376
32.0,10,4,11,378
32.0,10,4,12,380
32.0,10,4,13,381
32.0,10,4,14,383
32.0,10,4,15,385
32.0,10,5,0,361
32.0,10,5,1,363
32.0,10,5,2,365
32.0,10,5,3,366
32.0,10,5,4,368
32.0,10,5,5,370
32.0,10,5,6,372
32.0,10,5,7,373
32.0,10,5,8,375
32.0,10,5,9,377
32.0,10,5,10,378
32.0,10,5,11,380
32.0,10,5,12,382
32.0,10,5,13,384
32.0,10,5,14,385
32.0,10,5,15,387
32.0,10,6,0,363
32.0,10,6,1,365
32.0,10,6,2,367
32.0,10,6,3,369
32.0,10,6,4,370
32.0,10,6,5,372
32.0,10,6,6,374
32.0,10,6,7,375
32.0,10,6,8,377
32.0,10,6,9,379
32.0,10,6,10,381
32.0,10,6,11,382
32.0,10,6,12,384
32.0,10,6,13,386
32.0,10,6,14,387
32.0,10,6,15,389
32.0,10,7,0,365
32.0,10,7,1,367
32.0,10,7,2,369
32.0,10,7,3,371
32.0,10,7,4,372
32.0,10,7,5,374
32.0,10,7,6,376
32.0,10,7,7,378
32.0,10,7,8,379
32.0,10,7,9,381
32.0,10,7,10,383
32.0,10,7,11,384
32.0,10,7,12,386
32.0,10,7,13,388
32.0,10,7,14,390
32.0,10,7,15,391
32.0,10,8,0,367
32.0,10,8,1,369
32.0,10,8,2,371
32.0,10,8,3,373
32.0,10,8,4,374
32.0,10,8,5,376
32.0,10,8,6,378
32.0,10,8,7,380
32.0,10,8,8,381
32.0,10,8,9,383
32.0,10,8,10,385
32.0,10,8,11,387
32.0,10,8,12,388
32.0,10,8,13,390
32.0,10,8,14,392
32.0,10,8,15,393
32.0,10,9,0,369
32.0,10,9,1,371
32.0,10,9,2,373
32.0,10,9,3,375
32.0,10,9,4,376
32.0,10,9,5,378
32.0,10,9,6,380
32.0,10,9,7,382
32.0,10,9,8,384
32.0,10,9,9,385
32.0,10,9,10,387
32.0,10,9,11,389
32.0,10,9,12,390
32.0,10,9,13,392
32.0,10,9,14,394
32.0,10,9,15,396
32.0,10,10,0,371
32.0,10,10,1,373
32.0,10,10,2,375
32.0,10,10,3,377
32.0,10,10,4,379
32.0,10,10,5,380
32.0,10,10,6,382
32.0,10,10,7,384
32.0,10,10,8,386
32.0,10,10,9,387
32.0,10,10,10,389
32.0,10,10,11,391
32.0,10,10,12,393
32.0,10,10,13,394
32.0,10,10,14,396
32.0,10,10,15,398
32.0,10,11,0,373
32.0,10,11,1,375
32.0,10,11,2,377
32.0,10,11,3,379
32.0,10,11,4,381
32.0,10,11,5,382
32.0,10,11,6,384
32.0,10,11,7,386
32.0,10,11,8,388
32.0,10,11,9,389
32.0,10,11,10,391
32.0,10,11,11,393
32.0,10,11,12,395
32.0,10,11,13,396
32.0,10,11,14,398
32.0,10,11,15,400
32.0,10,12,0,375
32.0,10,12,1,377
32.0,10,12,2,379
32.0,10,12,3,381
32.0,10,12,4,383
32.0,10,12,5,384
32.0,10,12,6,386
32.0,10,12,7,388
32.0,10,12,8,390
32.0,10,12,9,391
32.0,10,12,10,393
32.0,10,12,11,395
32.0,10,12,12,397
32.0,10,12,13,398
32.0,10,12,14,400
32.0,10,12,15,402
32.0,10,13,0,377
32.0,10,13,1,379
32.0,10,13,2,381
32.0,10,13,3,383
32.0,10,13,4,385
32.0,10,13,5,386
32.0,10,13,6,388
32.0,10,13,7,390
32.0,10,13,8,392
32.0,10,13,9,394
32.0,10,13,10,395
32.0,10,13,11,397
32.0,10,13,12,399
32.0,10,13,13,401
32.0,10,13,14,402
32.0,10,13,15,404
32.0,10,14,0,379
32.0,10,14,1,381
32.0,10,14,2,383
32.0,10,14,3,385
32.0,10,14,4,387
32.0,10,14,5,388
32.0,10,14,6,390
32.0,10,14,7,392
32.0,10,14,8,394
32.0,10,14,9,396
32.0,10,14,10,397
32.0,10,14,11,399
32.0,10,14,12,401
32.0,10,14,13,403
32.0,10,14,14,404
32.0,10,14,15,406
32.0,10,15,0,381
32.0,10,15,1,383
32.0,10,15,2,385
32.0,10,15,3,387
32.0,10,15,4,389
32.0,10,15,5,390
32.0,10,15,6,392
32.0,10,15,7,394
32.0,10,15,8,396
32.0,10,15,9,398
32.0,10,15,10,399
32.0,10,15,11,401
32.0,10,15,12,403
32.0,10,15,13,405
32.0,10,15,14,406
32.0,10,15,15,408
32.0,11,0,0,356
32.0,11,0,1,358
32.0,11,0,2,359
32.0,11,0,3,361
32.0,11,0,4,363
32.0,11,0,5,364
32.0,11,0,6,366
32.0,11,0,7,368
32.0,11,0,8,370
32.0,11,0,9,371
32.0,11,0,10,373
32.0,11,0,11,375
32.0,11,0,12,376
32.0,11,0,13,378
32.0,11,0,14,379
32.0,11,0,15,381
32.0,11,1,0,358
32.0,11,1,1,360
32.0,11,1,2,361
32.0,11,1,3,363
32.0,11,1,4,365
32.0,11,1,5,367
32.0,11,1,6,368
32.0,11,1,7,370
32.0,11,1,8,372
32.0,11,1,9,373
32.0,11,1,10,375
32.0,11,1,11,377
32.0,11,1,12,378
32.0,11,1,13,380
32.0,11,1,14,382
32.0,11,1,15,383
32.0,11,2,0,360
32.0,11,2,1,362
32.0,11,2,2,364
32.0,11,2,3,365
32.0,11,2,4,367
32.0,11,2,5,369
32.0,11,2,6,371
32.0,11,2,7,372
32.0,11,2,8,374
32.0,11,2,9,376
32.0,11,2,10,377
32.0,11,2,11,379
32.0,11,2,12,381
32.0,11,2,13,382
32.0,11,2,14,384
32.0,11,2,15,386
32.0,11,3,0,362
32.0,11,3,1,364
32.0,11,3,2,366
32.0,11,3,3,367
32.0,11,3,4,369
32.0,11,3,5,371
32.0,11,3,6,373
32.0,11,3,7,374
32.0,11,3,8,376
32.0,11,3,9,378
32.0,11,3,10,380
32.0,11,3,11,381
32.0,11,3,12,383
32.0,11,3,13,385
32.0,11,3,14,386
32.0,11,3,15,388
32.0,11,4,0,364
32.0,11,4,1,366
32.0,11,4,2,368
32.0,11,4,3,370
32.0,11,4,4,371
32.0,11,4,5,373
32.0,11,4,6,375
32.0,11,4,7,377
32.0,11,4,8,378
32.0,11,4,9,380
32.0,11,4,10,382
32.0,11,4,11,383
32.0,11,4,12,385
32.0,11,4,13,387
32.0,11,4,14,389
32.0,11,4,15,390
32.0,11,5,0,366
32.0,11,5,1,368
32.0,11,5,2,370
32.0,11,5,3,372
32.0,11,5,4,374
32.0,11,5,5,375
32.0,11,5,6,377
32.0,11,5,7,379
32.0,11,5,8,381
32.0,11,5,9,382
32.0,11,5,10,384
32.0,11,5,11,386
32.0,11,5,12,387
32.0,11,5,13,389
32.0,11,5,14,391
32.0,11,5,15,392
32.0,11,6,0,368
32.0,11,6,1,370
32.0,11,6,2,372
32.0,11,6,3,374
32.0,11,6,4,376
32.0,11,6,5,377
32.0,11,6,6,379
32.0,11,6,7,381
32.0,11,6,8,383
32.0,11,6,9,384
32.0,11,6,10,386
32.0,11,6,11,388
32.0,11,6,12,390
32.0,11,6,13,391
32.0,11,6,14,393
32.0,11,6,15,395
32.0,11,7,0,371
32.0,11,7,1,372
32.0,11,7,2,374
32.0,11,7,3,376
32.0,11,7,4,378
32.0,11,7,5,380
32.0,11,7,6,381
32.0,11,7,7,383
32.0,11,7,8,385
32.0,11,7,9,387
32.0,11,7,10,388
32.0,11,7,11,390
32.0,11,7,12,392
32.0,11,7,13,393
32.0,11,7,14,395
32.0,11,7,15,397
32.0,11,8,0,373
32.0,11,8,1,374
32.0,11,8,2,376
32.0,11,8,3,378
32.0,11,8,4,380
32.0,11,8,5,382
32.0,11,8,6,383
32.0,11,8,7,385
32.0,11,8,8,387
32.0,11,8,9,389
32.0,11,8,10,390
32.0,11,8,11,392
32.0,11,8,12,394
32.0,11,8,13,396
32.0,11,8,14,397
32.0,11,8,15,399
32.0,11,9,0,375
32.0,11,9,1,376
32.0,11,9,2,378
32.0,11,9,3,380
32.0,11,9,4,382
32.0,11,9,5,384
32.0,11,9,6,386
32.0,11,9,7,387
32.0,11,9,8,389
32.0,11,9,9,391
32.0,11,9,10,393
32.0,11,9,11,394
32.0,11,9,12,396
32.0,11,9,13,398
32.0,11,9,14,400
32.0,11,9,15,401
32.0,11,10,0,377
32.0,11,10,1,379
32.0,11,10,2,380
32.0,11,10,3,382
32.0,11,10,4,384
32.0,11,10,5,386
32.0,11,10,6,388
32.0,11,10,7,389
32.0,11,10,8,391
32.0,11,10,9,393
32.0,11,10,10,395
32.0,11,10,11,396
32.0,11,10,12,398
32.0,11,10,13,400
32.0,11,10,14,402
32.0,11,10,15,403
32.0,11,11,0,379
32.0,11,11,1,381
32.0,11,11,2,382
32.0,11,11,3,384
32.0,11,11,4,386
32.0,11,11,5,388
32.0,11,11,6,390
32.0,11,11,7,391
32.0,11,11,8,393
32.0,11,11,9,395
32.0,11,11,10,397
32.0,11,11,11,399
32.0,11,11,12,400
32.0,11,11,13,402
32.0,11,11,14,404
32.0,11,11,15,406
32.0,11,12,0,381
32.0,11,12,1,383
32.0,11,12,2,384
32.0,11,12,3,386
32.0,11,12,4,388
32.0,11,12,5,390
32.0,11,12,6,392
32.0,11,12,7,394
32.0,11,12,8,395
32.0,11,12,9,397
32.0,11,12,10,399
32.0,11,12,11,401
32.0,11,12,12,403
32.0,11,12,13,404
32.0,11,12,14,406
32.0,11,12,15,408
32.0,11,13,0,383
32.0,11,13,1,385
32.0,11,13,2,386
32.0,11,13,3,388
32.0,11,13,4,390
32.0,11,13,5,392
32.0,11,13,6,394
32.0,11,13,7,396
32.0,11,13,8,397
32.0,11,13,9,399
32.0,11,13,10,401
32.0,11,13,11,403
32.0,11,13,12,405
32.0,11,13,13,406
32.0,11,13,14,408
32.0,11,13,15,410
32.0,11,14,0,385
32.0,11,14,1,387
32.0,11,14,2,388
32.0,11,14,3,390
32.0,11,14,4,392
32.0,11,14,5,394
32.0,11,14,6,396
32.0,11,14,7,398
32.0,11,14,8,400
32.0,11,14,9,401
32.0,11,14,10,403
32.0,11,14,11,405
32.0,11,14,12,407
32.0,11,14,13,409
32.0,11,14,14,410
32.0,11,14,15,412
32.0,11,15,0,387
32.0,11,15,1,389
32.0,11,15,2,390
32.0,11,15,3,392
32.0,11,15,4,394
32.0,11,15,5,396
32.0,11,15,6,398
32.0,11,15,7,400
32.0,11,15,8,402
32.0,11,15,9,403
32.0,11,15,10,405
32.0,11,15,11,407
32.0,11,15,12,409
32.0,11,15,13,411
32.0,11,15,14,412
32.0,11,15,15,414
32.0,12,0,0,361
32.0,12,0,1,363
32.0,12,0,2,364
32.0,12,0,3,366
32.0,12,0,4,368
32.0,12,0,5,370
32.0,12,0,6,371
32.0,12,0,7,373
32.0,12,0,8,375
32.0,12,0,9,377
32.0,12,0,10,378
32.0,12,0,11,380
32.0,12,0,12,382
32.0,12,0,13,383
32.0,12,0,14,385
32.0,12,0,15,387
32.0,12,1,0,363
32.0,12,1,1,365
32.0,12,1,2,367
32.0,12,1,3,368
32.0,12,1,4,370
32.0,12,1,5,372
32.0,12,1,6,374
32.0,12,1,7,375
32.0,12,1,8,377
32.0,12,1,9,379
32.0,12,1,10,380
32.0,12,1,11,382
32.0,12,1,12,384
32.0,12,1,13,386
32.0,12,1,14,387
32.0,12,1,15,389
32.0,12,2,0,365
32.0,12,2,1,367
32.0,12,2,2,369
32.0,12,2,3,371
32.0,12,2,4,372
32.0,12,2,5,374
32.0,12,2,6,376
32.0,12,2,7,378
32.0,12,2,8,379
32.0,12,2,9,381
32.0,12,2,10,383
32.0,12,2,11,384
32.0,12,2,12,386
32.0,12,2,13,388
32.0,12,2,14,390
32.0,12,2,15,391
32.0,12,3,0,367
32.0,12,3,1,369
32.0,12,3,2,371
32.0,12,3,3,373
32.0,12,3,4,375
32.0,12,3,5,376
32.0,12,3,6,378
32.0,12,3,7,380
32.0,12,3,8,382
32.0,12,3,9,383
32.0,12,3,10,385
32.0,12,3,11,387
32.0,12,3,12,388
32.0,12,3,13,390
32.0,12,3,14,392
32.0,12,3,15,394
32.0,12,4,0,370
32.0,12,4,1,371
32.0,12,4,2,373
32.0,12,4,3,375
32.0,12,4,4,377
32.0,12,4,5,378
32.0,12,4,6,380
32.0,12,4,7,382
32.0,12,4,8,384
32.0,12,4,9,385
32.0,12,4,10,387
32.0,12,4,11,389
32.0,12,4,12,391
32.0,12,4,13,392
32.0,12,4,14,394
32.0,12,4,15,396
32.0,12,5,0,372
32.0,12,5,1,373
32.0,12,5,2,375
32.0,12,5,3,377
32.0,12,5,4,379
32.0,12,5,5,381
32.0,12,5,6,382
32.0,12,5,7,384
32.0,12,5,8,386
32.0,12,5,9,388
32.0,12,5,10,389
32.0,12,5,11,391
32.0,12,5,12,393
32.0,12,5,13,395
32.0,12,5,14,396
32.0,12,5,15,398
32.0,12,6,0,374
32.0,12,6,1,376
32.0,12,6,2,377
32.0,12,6,3,379
32.0,12,6,4,381
32.0,12,6,5,383
32.0,12,6,6,385
32.0,12,6,7,386
32.0,12,6,8,388
32.0,12,6,9,390
32.0,12,6,10,392
32.0,12,6,11,393
32.0,12,6,12,395
32.0,12,6,13,397
32.0,12,6,14,399
32.0,12,6,15,400
32.0,12,7,0,376
32.0,12,7,1,378
32.0,12,7,2,380
32.0,12,7,3,381
32.0,12,7,4,383
32.0,12,7,5,385
32.0,12,7,6,387
32.0,12,7,7,389
32.0,12,7,8,390
32.0,12,7,9,392
32.0,12,7,10,394
32.0,12,7,11,396
32.0,12,7,12,397
32.0,12,7,13,399
32.0,12,7,14,401
32.0,12,7,15,403
32.0,12,8,0,378
32.0,12,8,1,380
32.0,12,8,2,382
32.0,12,8,3,383
32.0,12,8,4,385
32.0,12,8,5,387
32.0,12,8,6,389
32.0,12,8,7,391
32.0,12,8,8,392
32.0,12,8,9,394
32.0,12,8,10,396
32.0,12,8,11,398
32.0,12,8,12,400
32.0,12,8,13,401
32.0,12,8,14,403
32.0,12,8,15,405
32.0,12,9,0,380
32.0,12,9,1,382
32.0,12,9,2,384
32.0,12,9,3,386
32.0,12,9,4,387
32.0,12,9,5,389
32.0,12,9,6,391
32.0,12,9,7,393
32.0,12,9,8,395
32.0,12,9,9,396
32.0,12,9,10,398
32.0,12,9,11,400
32.0,12,9,12,402
32.0,12,9,13,404
32.0,12,9,14,405
32.0,12,9,15,407
32.0,12,10,0,382
32.0,12,10,1,384
32.0,12,10,2,386
32.0,12,10,3,388
32.0,12,10,4,389
32.0,12,10,5,391
32.0,12,10,6,393
32.0,12,10,7,395
32.0,12,10,8,397
32.0,12,10,9,399
32.0,12,10,10,400
32.0,12,10,11,402
32.0,12,10,12,404
32.0,12,10,13,406
32.0,12,10,14,407
32.0,12,10,15,409
32.0,12,11,0,384
32.0,12,11,1,386
32.0,12,11,2,388
32.0,12,11,3,390
32.0,12,11,4,392
32.0,12,11,5,393
32.0,12,11,6,395
32.0,12,11,7,397
32.0,12,11,8,399
32.0,12,11,9,401
32.0,12,11,10,403
32.0,12,11,11,404
32.0,12,11,12,406
32.0,12,11,13,408
32.0,12,11,14,410
32.0,12,11,15,411
32.0,12,12,0,386
32.0,12,12,1,388
32.0,12,12,2,390
32.0,12,12,3,392
32.0,12,12,4,394
32.0,12,12,5,396
32.0,12,12,6,397
32.0,12,12,7,399
32.0,12,12,8,401
32.0,12,12,9,403
32.0,12,12,10,405
32.0,12,12,11,406
32.0,12,12,12,408
32.0,12,12,13,410
32.0,12,12,14,412
32.0,12,12,15,414
32.0,12,13,0,388
32.0,12,13,1,390
32.0,12,13,2,392
32.0,12,13,3,394
32.0,12,13,4,396
32.0,12,13,5,398
32.0,12,13,6,399
32.0,12,13,7,401
32.0,12,13,8,403
32.0,12,13,9,405
32.0,12,13,10,407
32.0,12,13,11,409
32.0,12,13,12,410
32.0,12,13,13,412
32.0,12,13,14,414
32.0,12,13,15,416
32.0,12,14,0,390
32.0,12,14,1,392
32.0,12,14,2,394
32.0,12,14,3,396
32.0,12,14,4,398
32.0,12,14,5,400
32.0,12,14,6,402
32.0,12,14,7,403
32.0,12,14,8,405
32.0,12,14,9,407
32.0,12,14,10,409
32.0,12,14,11,411
32.0,12,14,12,413
32.0,12,14,13,414
32.0,12,14,14,416
32.0,12,14,15,418
32.0,12,15,0,392
32.0,12,15,1,394
32.0,12,15,2,396
32.0,12,15,3,398
32.0,12,15,4,400
32.0,12,15,5,402
32.0,12,15,6,404
32.0,12,15,7,405
32.0,12,15,8,407
32.0,12,15,9,409
32.0,12,15,10,411
32.0,12,15,11,413
32.0,12,15,12,415
32.0,12,15,13,416
32.0,12,15,14,418
32.0,12,15,15,420
32.0,13,0,0,366
32.0,13,0,1,368
32.0,13,0,2,370
32.0,13,0,3,371
32.0,13,0,4,373
32.0,13,0,5,375
32.0,13,0,6,377
32.0,13,0,7,378
32.0,13,0,8,380
32.0,13,0,9,382
32.0,13,0,10,384
32.0,13,0,11,385
32.0,13,0,12,387
32.0,13,0,13,389
32.0,13,0,14,390
32.0,13,0,15,392
32.0,13,1,0,368
32.0,13,1,1,370
32.0,13,1,2,372
32.0,13,1,3,374
32.0,13,1,4,375
32.0,13,1,5,377
32.0,13,1,6,379
32.0,13,1,7,381
32.0,13,1,8,382
32.0,13,1,9,384
32.0,13,1,10,386
32.0,13,1,11,388
32.0,13,1,12,389
32.0,13,1,13,391
32.0,13,1,14,393
32.0,13,1,15,394
32.0,13,2,0,370
32.0,13,2,1,372
32.0,13,2,2,374
32.0,13,2,3,376
32.0,13,2,4,378
32.0,13,2,5,379
32.0,13,2,6,381
32.0,13,2,7,383
32.0,13,2,8,385
32.0,13,2,9,386
32.0,13,2,10,388
32.0,13,2,11,390
32.0,13,2,12,392
32.0,13,2,13,393
32.0,13,2,14,395
32.0,13,2,15,397
32.0,13,3,0,373
32.0,13,3,1,374
32.0,13,3,2,376
32.0,13,3,3,378
32.0,13,3,4,380
32.0,13,3,5,382
32.0,13,3,6,383
32.0,13,3,7,385
32.0,13,3,8,387
32.0,13,3,9,389
32.0,13,3,10,390
32.0,13,3,11,392
32.0,13,3,12,394
32.0,13,3,13,396
32.0,13,3,14,397
32.0,13,3,15,399
32.0,13,4,0,375
32.0,13,4,1,377
32.0,13,4,2,378
32.0,13,4,3,380
32.0,13,4,4,382
32.0,13,4,5,384
32.0,13,4,6,386
32.0,13,4,7,387
32.0,13,4,8,389
32.0,13,4,9,391
32.0,13,4,10,393
32.0,13,4,11,394
32.0,13,4,12,396
32.0,13,4,13,398
32.0,13,4,14,400
32.0,13,4,15,401
32.0,13,5,0,377
32.0,13,5,1,379
32.0,13,5,2,381
32.0,13,5,3,382
32.0,13,5,4,384
32.0,13,5,5,386
32.0,13,5,6,388
32.0,13,5,7,390
32.0,13,5,8,391
32.0,13,5,9,393
32.0,13,5,10,395
32.0,13,5,11,397
32.0,13,5,12,398
32.0,13,5,13,400
32.0,13,5,14,402
32.0,13,5,15,404
32.0,13,6,0,379
32.0,13,6,1,381
32.0,13,6,2,383
32.0,13,6,3,385
32.0,13,6,4,386
32.0,13,6,5,388
32.0,13,6,6,390
32.0,13,6,7,392
32.0,13,6,8,394
32.0,13,6,9,395
32.0,13,6,10,397
32.0,13,6,11,399
32.0,13,6,12,401
32.0,13,6,13,402
32.0,13,6,14,404
32.0,13,6,15,406
32.0,13,7,0,381
32.0,13,7,1,383
32.0,13,7,2,385
32.0,13,7,3,387
32.0,13,7,4,389
32.0,13,7,5,390
32.0,13,7,6,392
32.0,13,7,7,394
32.0,13,7,8,396
32.0,13,7,9,398
32.0,13,7,10,399
32.0,13,7,11,401
32.0,13,7,12,403
32.0,13,7,13,405
32.0,13,7,14,406
32.0,13,7,15,408
32.0,13,8,0,383
32.0,13,8,1,385
32.0,13,8,2,387
32.0,13,8,3,389
32.0,13,8,4,391
32.0,13,8,5,393
32.0,13,8,6,394
32.0,13,8,7,396
32.0,13,8,8,398
32.0,13,8,9,400
32.0,13,8,10,402
32.0,13,8,11,403
32.0,13,8,12,405
32.0,13,8,13,407
32.0,13,8,14,409
32.0,13,8,15,411
32.0,13,9,0,385
32.0,13,9,1,387
32.0,13,9,2,389
32.0,13,9,3,391
32.0,13,9,4,393
32.0,13,9,5,395
32.0,13,9,6,397
32.0,13,9,7,398
32.0,13,9,8,400
32.0,13,9,9,402
32.0,13,9,10,404
32.0,13,9,11,406
32.0,13,9,12,407
32.0,13,9,13,409
32.0,13,9,14,411
32.0,13,9,15,413
32.0,13,10,0,387
32.0,13,10,1,389
32.0,13,10,2,391
32.0,13,10,3,393
32.0,13,10,4,395
32.0,13,10,5,397
32.0,13,10,6,399
32.0,13,10,7,401
32.0,13,10,8,402
32.0,13,10,9,404
32.0,13,10,10,406
32.0,13,10,11,408
32.0,13,10,12,410
32.0,13,10,13,411
32.0,13,10,14,413
32.0,13,10,15,415
32.0,13,11,0,390
32.0,13,11,1,391
32.0,13,11,2,393
32.0,13,11,3,395
32.0,13,11,4,397
32.0,13,11,5,399
32.0,13,11,6,401
32.0,13,11,7,403
32.0,13,11,8,405
32.0,13,11,9,406
32.0,13,11,10,408
32.0,13,11,11,410
32.0,13,11,12,412
32.0,13,11,13,414
32.0,13,11,14,415
32.0,13,11,15,417
32.0,13,12,0,392
32.0,13,12,1,394
32.0,13,12,2,395
32.0,13,12,3,397
32.0,13,12,4,399
32.0,13,12,5,401
32.0,13,12,6,403
32.0,13,12,7,405
32.0,13,12,8,407
32.0,13,12,9,409
32.0,13,12,10,410
32.0,13,12,11,412
32.0,13,12,12,414
32.0,13,12,13,416
32.0,13,12,14,418
32.0,13,12,15,419
32.0,13,13,0,394
32.0,13,13,1,396
32.0,13,13,2,398
32.0,13,13,3,399
32.0,13,13,4,401
32.0,13,13,5,403
32.0,13,13,6,405
32.0,13,13,7,407
32.0,13,13,8,409
32.0,13,13,9,411
32.0,13,13,10,413
32.0,13,13,11,414
32.0,13,13,12,416
32.0,13,13,13,418
32.0,13,13,14,420
32.0,13,13,15,422
32.0,13,14,0,396
32.0,13,14,1,398
32.0,13,14,2,400
32.0,13,14,3,401
32.0,13,14,4,403
32.0,13,14,5,405
32.0,13,14,6,407
32.0,13,14,7,409
32.0,13,14,8,411
32.0,13,14,9,413
32.0,13,14,10,415
32.0,13,14,11,417
32.0,13,14,12,418
32.0,13,14,13,420
32.0,13,14,14,422
32.0,13,14,15,424
32.0,13,15,0,398
32.0,13,15,1,400
32.0,13,15,2,402
32.0,13,15,3,404
32.0,13,15,4,405
32.0,13,15,5,407
32.0,13,15,6,409
32.0,13,15,7,411
32.0,13,15,8,413
32.0,13,15,9,415
32.0,13,15,10,417
32.0,13,15,11,419
32.0,13,15,12,421
32.0,13,15,13,422
32.0,13,15,14,424
32.0,13,15,15,426
32.0,14,0,0,371
32.0,14,0,1,373
32.0,14,0,2,375
32.0,14,0,3,377
32.0,14,0,4,378
32.0,14,0,5,380
32.0,14,0,6,382
32.0,14,0,7,384
32.0,14,0,8,385
32.0,14,0,9,387
32.0,14,0,10,389
32.0,14,0,11,391
32.0,14,0,12,392
32.0,14,0,13,394
32.0,14,0,14,396
32.0,14,0,15,397
32.0,14,1,0,373
32.0,14,1,1,375
32.0,14,1,2,377
32.0,14,1,3,379
32.0,14,1,4,381
32.0,14,1,5,382
32.0,14,1,6,384
32.0,14,1,7,386
32.0,14,1,8,388
32.0,14,1,9,389
32.0,14,1,10,391
32.0,14,1,11,393
32.0,14,1,12,395
32.0,14,1,13,396
32.0,14,1,14,398
32.0,14,1,15,400
32.0,14,2,0,376
32.0,14,2,1,377
32.0,14,2,2,379
32.0,14,2,3,381
32.0,14,2,4,383
32.0,14,2,5,385
32.0,14,2,6,386
32.0,14,2,7,388
32.0,14,2,8,390
32.0,14,2,9,392
32.0,14,2,10,394
32.0,14,2,11,395
32.0,14,2,12,397
32.0,14,2,13,399
32.0,14,2,14,401
32.0,14,2,15,402
32.0,14,3,0,378
32.0,14,3,1,380
32.0,14,3,2,381
32.0,14,3,3,383
32.0,14,3,4,385
32.0,14,3,5,387
32.0,14,3,6,389
32.0,14,3,7,391
32.0,14,3,8,392
32.0,14,3,9,394
32.0,14,3,10,396
32.0,14,3,11,398
32.0,14,3,12,399
32.0,14,3,13,401
32.0,14,3,14,403
32.0,14,3,15,405
32.0,14,4,0,380
32.0,14,4,1,382
32.0,14,4,2,384
32.0,14,4,3,385
32.0,14,4,4,387
32.0,14,4,5,389
32.0,14,4,6,391
32.0,14,4,7,393
32.0,14,4,8,395
32.0,14,4,9,396
32.0,14,4,10,398
32.0,14,4,11,400
32.0,14,4,12,402
32.0,14,4,13,403
32.0,14,4,14,405
32.0,14,4,15,407
32.0,14,5,0,382
32.0,14,5,1,384
32.0,14,5,2,386
32.0,14,5,3,388
32.0,14,5,4,390
32.0,14,5,5,391
32.0,14,5,6,393
32.0,14,5,7,395
32.0,14,5,8,397
32.0,14,5,9,399
32.0,14,5,10,400
32.0,14,5,11,402
32.0,14,5,12,404
32.0,14,5,13,406
32.0,14,5,14,408
32.0,14,5,15,409
32.0,14,6,0,384
32.0,14,6,1,386
32.0,14,6,2,388
32.0,14,6,3,390
32.0,14,6,4,392
32.0,14,6,5,394
32.0,14,6,6,395
32.0,14,6,7,397
32.0,14,6,8,399
32.0,14,6,9,401
32.0,14,6,10,403
32.0,14,6,11,405
32.0,14,6,12,406
32.0,14,6,13,408
32.0,14,6,14,410
32.0,14,6,15,412
32.0,14,7,0,386
32.0,14,7,1,388
32.0,14,7,2,390
32.0,14,7,3,392
32.0,14,7,4,394
32.0,14,7,5,396
32.0,14,7,6,398
32.0,14,7,7,399
32.0,14,7,8,401
32.0,14,7,9,403
32.0,14,7,10,405
32.0,14,7,11,407
32.0,14,7,12,409
32.0,14,7,13,410
32.0,14,7,14,412
32.0,14,7,15,414
32.0,14,8,0,389
32.0,14,8,1,390
32.0,14,8,2,392
32.0,14,8,3,394
32.0,14,8,4,396
32.0,14,8,5,398
32.0,14,8,6,400
32.0,14,8,7,402
32.0,14,8,8,404
32.0,14,8,9,405
32.0,14,8,10,407
32.0,14,8,11,409
32.0,14,8,12,411
32.0,14,8,13,413
32.0,14,8,14,414
32.0,14,8,15,416
32.0,14,9,0,391
32.0,14,9,1,393
32.0,14,9,2,395
32.0,14,9,3,396
32.0,14,9,4,398
32.0,14,9,5,400
32.0,14,9,6,402
32.0,14,9,7,404
32.0,14,9,8,406
32.0,14,9,9,408
32.0,14,9,10,409
32.0,14,9,11,411
32.0,14,9,12,413
32.0,14,9,13,415
32.0,14,9,14,417
32.0,14,9,15,418
32.0,14,10,0,393
32.0,14,10,1,395
32.0,14,10,2,397
32.0,14,10,3,399
32.0,14,10,4,400
32.0,14,10,5,402
32.0,14,10,6,404
32.0,14,10,7,406
32.0,14,10,8,408
32.0,14,10,9,410
32.0,14,10,10,412
32.0,14,10,11,414
32.0,14,10,12,415
32.0,14,10,13,417
32.0,14,10,14,419
32.0,14,10,15,421
32.0,14,11,0,395
32.0,14,11,1,397
32.0,14,11,2,399
32.0,14,11,3,401
32.0,14,11,4,403
32.0,14,11,5,405
32.0,14,11,6,406
32.0,14,11,7,408
32.0,14,11,8,410
32.0,14,11,9,412
32.0,14,11,10,414
32.0,14,11,11,416
32.0,14,11,12,418
32.0,14,11,13,419
32.0,14,11,14,421
32.0,14,11,15,423
32.0,14,12,0,397
32.0,14,12,1,399
32.0,14,12,2,401
32.0,14,12,3,403
32.0,14,12,4,405
32.0,14,12,5,407
32.0,14,12,6,409
32.0,14,12,7,410
32.0,14,12,8,412
32.0,14,12,9,414
32.0,14,12,10,416
32.0,14,12,11,418
32.0,14,12,12,420
32.0,14,12,13,422
32.0,14,12,14,423
32.0,14,12,15,425
32.0,14,13,0,399
32.0,14,13,1,401
32.0,14,13,2,403
32.0,14,13,3,405
32.0,14,13,4,407
32.0,14,13,5,409
32.0,14,13,6,411
32.0,14,13,7,413
32.0,14,13,8,415
32.0,14,13,9,416
32.0,14,13,10,418
32.0,14,13,11,420
32.0,14,13,12,422
32.0,14,13,13,424
32.0,14,13,14,426
32.0,14,13,15,428
32.0,14,14,0,401
32.0,14,14,1,403
32.0,14,14,2,405
32.0,14,14,3,407
32.0,14,14,4,409
32.0,14,14,5,411
32.0,14,14,6,413
32.0,14,14,7,415
32.0,14,14,8,417
32.0,14,14,9,419
32.0,14,14,10,420
32.0,14,14,11,422
32.0,14,14,12,424
32.0,14,14,13,426
32.0,14,14,14,428
32.0,14,14,15,430
32.0,14,15,0,403
32.0,14,15,1,405
32.0,14,15,2,407
32.0,14,15,3,409
32.0,14,15,4,411
32.0,14,15,5,413
32.0,14,15,6,415
32.0,14,15,7,417
32.0,14,15,8,419
32.0,14,15,9,421
32.0,14,15,10,423
32.0,14,15,11,424
32.0,14,15,12,426
32.0,14,15,13,428
32.0,14,15,14,430
32.0,14,15,15,432
32.0,15,0,0,376
32.0,15,0,1,378
32.0,15,0,2,380
32.0,15,0,3,382
32.0,15,0,4,383
32.0,15,0,5,385
32.0,15,0,6,387
32.0,15,0,7,389
32.0,15,0,8,391
32.0,15,0,9,392
32.0,15,0,10,394
32.0,15,0,11,396
32.0,15,0,12,398
32.0,15,0,13,399
32.0,15,0,14,401
32.0,15,0,15,403
32.0,15,1,0,378
32.0,15,1,1,380
32.0,15,1,2,382
32.0,15,1,3,384
32.0,15,1,4,386
32.0,15,1,5,388
32.0,15,1,6,389
32.0,15,1,7,391
32.0,15,1,8,393
32.0,15,1,9,395
32.0,15,1,10,397
32.0,15,1,11,398
32.0,15,1,12,400
32.0,15,1,13,402
32.0,15,1,14,404
32.0,15,1,15,405
32.0,15,2,0,381
32.0,15,2,1,383
32.0,15,2,2,384
32.0,15,2,3,386
32.0,15,2,4,388
32.0,15,2,5,390
32.0,15,2,6,392
32.0,15,2,7,394
32.0,15,2,8,395
32.0,15,2,9,397
32.0,15,2,10,399
32.0,15,2,11,401
32.0,15,2,12,402
32.0,15,2,13,404
32.0,15,2,14,406
32.0,15,2,15,408
32.0,15,3,0,383
32.0,15,3,1,385
32.0,15,3,2,387
32.0,15,3,3,389
32.0,15,3,4,390
32.0,15,3,5,392
32.0,15,3,6,394
32.0,15,3,7,396
32.0,15,3,8,398
32.0,15,3,9,399
32.0,15,3,10,401
32.0,15,3,11,403
32.0,15,3,12,405
32.0,15,3,13,407
32.0,15,3,14,408
32.0,15,3,15,410
32.0,15,4,0,385
32.0,15,4,1,387
32.0,15,4,2,389
32.0,15,4,3,391
32.0,15,4,4,393
32.0,15,4,5,394
32.0,15,4,6,396
32.0,15,4,7,398
32.0,15,4,8,400
32.0,15,4,9,402
32.0,15,4,10,404
32.0,15,4,11,405
32.0,15,4,12,407
32.0,15,4,13,409
32.0,15,4,14,411
32.0,15,4,15,413
32.0,15,5,0,387
32.0,15,5,1,389
32.0,15,5,2,391
32.0,15,5,3,393
32.0,15,5,4,395
32.0,15,5,5,397
32.0,15,5,6,399
32.0,15,5,7,400
32.0,15,5,8,402
32.0,15,5,9,404
32.0,15,5,10,406
32.0,15,5,11,408
32.0,15,5,12,410
32.0,15,5,13,411
32.0,15,5,14,413
32.0,15,5,15,415
32.0,15,6,0,390
32.0,15,6,1,391
32.0,15,6,2,393
32.0,15,6,3,395
32.0,15,6,4,397
32.0,15,6,5,399
32.0,15,6,6,401
32.0,15,6,7,403
32.0,15,6,8,405
32.0,15,6,9,406
32.0,15,6,10,408
32.0,15,6,11,410
32.0,15,6,12,412
32.0,15,6,13,414
32.0,15,6,14,415
32.0,15,6,15,417
32.0,15,7,0,392
32.0,15,7,1,394
32.0,15,7,2,396
32.0,15,7,3,397
32.0,15,7,4,399
32.0,15,7,5,401
32.0,15,7,6,403
32.0,15,7,7,405
32.0,15,7,8,407
32.0,15,7,9,409
32.0,15,7,10,411
32.0,15,7,11,412
32.0,15,7,12,414
32.0,15,7,13,416
32.0,15,7,14,418
32.0,15,7,15,420
32.0,15,8,0,394
32.0,15,8,1,396
32.0,15,8,2,398
32.0,15,8,3,400
32.0,15,8,4,402
32.0,15,8,5,403
32.0,15,8,6,405
32.0,15,8,7,407
32.0,15,8,8,409
32.0,15,8,9,411
32.0,15,8,10,413
32.0,15,8,11,415
32.0,15,8,12,416
32.0,15,8,13,418
32.0,15,8,14,420
32.0,15,8,15,422
32.0,15,9,0,396
32.0,15,9,1,398
32.0,15,9,2,400
32.0,15,9,3,402
32.0,15,9,4,404
32.0,15,9,5,406
32.0,15,9,6,408
32.0,15,9,7,409
32.0,15,9,8,411
32.0,15,9,9,413
32.0,15,9,10,415
32.0,15,9,11,417
32.0,15,9,12,419
32.0,15,9,13,421
32.0,15,9,14,422
32.0,15,9,15,424
32.0,15,10,0,398
32.0,15,10,1,400
32.0,15,10,2,402
32.0,15,10,3,404
32.0,15,10,4,406
32.0,15,10,5,408
32.0,15,10,6,410
32.0,15,10,7,412
32.0,15,10,8,414
32.0,15,10,9,415
32.0,15,10,10,417
32.0,15,10,11,419
32.0,15,10,12,421
32.0,15,10,13,423
32.0,15,10,14,425
32.0,15,10,15,427
32.0,15,11,0,400
32.0,15,11,1,402
32.0,15,11,2,404
32.0,15,11,3,406
32.0,15,11,4,408
32.0,15,11,5,410
32.0,15,11,6,412
32.0,15,11,7,414
32.0,15,11,8,416
32.0,15,11,9,418
32.0,15,11,10,420
32.0,15,11,11,421
32.0,15,11,12,423
32.0,15,11,13,425
32.0,15,11,14,427
32.0,15,11,15,429
32.0,15,12,0,402
32.0,15,12,1,404
32.0,15,12,2,406
32.0,15,12,3,408
32.0,15,12,4,410
32.0,15,12,5,412
32.0,15,12,6,414
32.0,15,12,7,416
32.0,15,12,8,418
32.0,15,12,9,420
32.0,15,12,10,422
32.0,15,12,11,424
32.0,15,12,12,426
32.0,15,12,13,427
32.0,15,12,14,429
32.0,15,12,15,431
32.0,15,13,0,405
32.0,15,13,1,407
32.0,15,13,2,409
32.0,15,13,3,411
32.0,15,13,4,412
32.0,15,13,5,414
32.0,15,13,6,416
32.0,15,13,7,418
32.0,15,13,8,420
32.0,15,13,9,422
32.0,15,13,10,424
32.0,15,13,11,426
32.0,15,13,12,428
32.0,15,13,13,430
32.0,15,13,14,432
32.0,15,13,15,433
32.0,15,14,0,407
32.0,15,14,1,409
32.0,15,14,2,411
32.0,15,14,3,413
32.0,15,14,4,415
32.0,15,14,5,417
32.0,15,14,6,419
32.0,15,14,7,420
32.0,15,14,8,422
32.0,15,14,9,424
32.0,15,14,10,426
32.0,15,14,11,428
32.0,15,14,12,430
32.0,15,14,13,432
32.0,15,14,14,434
32.0,15,14,15,436
32.0,15,15,0,409
32.0,15,15,1,411
32.0,15,15,2,413
32.0,15,15,3,415
32.0,15,15,4,417
32.0,15,15,5,419
32.0,15,15,6,421
32.0,15,15,7,423
32.0,15,15,8,425
32.0,15,15,9,426
32.0,15,15,10,428
32.0,15,15,11,430
32.0,15,15,12,432
32.0,15,15,13,434
32.0,15,15,14,436
32.0,15,15,15,438
32.5,0,0,0,302
32.5,0,0,1,304
32.5,0,0,2,305
32.5,0,0,3,307
32.5,0,0,4,308
32.5,0,0,5,310
32.5,0,0,6,311
32.5,0,0,7,312
32.5,0,0,8,314
32.5,0,0,9,315
32.5,0,0,10,317
32.5,0,0,11,318
32.5,0,0,12,320
32.5,0,0,13,321
32.5,0,0,14,322
32.5,0,0,15,324
32.5,0,1,0,304
32.5,0,1,1,306
32.5,0,1,2,307
32.5,0,1,3,309
32.5,0,1,4,310
32.5,0,1,5,311
32.5,0,1,6,313
32.5,0,1,7,314
32.5,0,1,8,316
32.5,0,1,9,317
32.5,0,1,10,319
32.5,0,1,11,320
32.5,0,1,12,321
32.5,0,1,13,323
32.5,0,1,14,324
32.5,0,1,15,326
32.5,0,2,0,306
32.5,0,2,1,307
32.5,0,2,2,309
32.5,0,2,3,310
32.5,0,2,4,312
32.5,0,2,5,313
32.5,0,2,6,315
32.5,0,2,7,316
32.5,0,2,8,318
32.5,0,2,9,319
32.5,0,2,10,321
32.5,0,2,11,322
32.5,0,2,12,323
32.5,0,2,13,325
32.5,0,2,14,326
32.5,0,2,15,328
32.5,0,3,0,308
32.5,0,3,1,309
32.5,0,3,2,311
32.5,0,3,3,312
32.5,0,3,4,314
32.5,0,3,5,315
32.5,0,3,6,317
32.5,0,3,7,318
32.5,0,3,8,320
32.5,0,3,9,321
32.5,0,3,10,322
32.5,0,3,11,324
32.5,0,3,12,325
32.5,0,3,13,327
32.5,0,3,14,328
32.5,0,3,15,330
32.5,0,4,0,309
32.5,0,4,1,311
32.5,0,4,2,312
32.5,0,4,3,314
32.5,0,4,4,315
32.5,0,4,5,317
32.5,0,4,6,318
32.5,0,4,7,320
32.5,0,4,8,321
32.5,0,4,9,323
32.5,0,4,10,324
32.5,0,4,11,326
32.5,0,4,12,327
32.5,0,4,13,329
32.5,0,4,14,330
32.5,0,4,15,331
32.5,0,5,0,311
32.5,0,5,1,313
32.5,0,5,2,314
32.5,0,5,3,316
32.5,0,5,4,317
32.5,0,5,5,319
32.5,0,5,6,320
32.5,0,5,7,322
32.5,0,5,8,323
32.5,0,5,9,325
32.5,0,5,10,326
32.5,0,5,11,328
32.5,0,5,12,329
32.5,0,5,13,331
32.5,0,5,14,332
32.5,0,5,15,333
32.5,0,6,0,313
32.5,0,6,1,315
32.5,0,6,2,316
32.5,0,6,3,318
32.5,0,6,4,319
32.5,0,6,5,321
32.5,0,6,6,322
32.5,0,6,7,324
32.5,0,6,8,325
32.5,0,6,9,327
32.5,0,6,10,328
32.5,0,6,11,329
32.5,0,6,12,331
32.5,0,6,13,332
32.5,0,6,14,334
32.5,0,6,15,335
32.5,0,7,0,315
32.5,0,7,1,316
32.5,0,7,2,318
32.5,0,7,3,319
32.5,0,7,4,321
32.5,0,7,5,322
32.5,0,7,6,324
32.5,0,7,7,325
32.5,0,7,8,327
32.5,0,7,9,328
32.5,0,7,10,330
32.5,0,7,11,331
32.5,0,7,12,333
32.5,0,7,13,334
32.5,0,7,14,336
32.5,0,7,15,337
32.5,0,8,0,317
32.5,0,8,1,318
32.5,0,8,2,320
32.5,0,8,3,321
32.5,0,8,4,323
32.5,0,8,5,324
32.5,0,8,6,326
32.5,0,8,7,327
32.5,0,8,8,329
32.5,0,8,9,330
32.5,0,8,10,332
32.5,0,8,11,333
32.5,0,8,12,335
32.5,0,8,13,336
32.5,0,8,14,338
32.5,0,8,15,339
32.5,0,9,0,318
32.5,0,9,1,320
32.5,0,9,2,321
32.5,0,9,3,323
32.5,0,9,4,324
32.5,0,9,5,326
32.5,0,9,6,327
32.5,0,9,7,329
32.5,0,9,8,331
32.5,0,9,9,332
32.5,0,9,10,333
32.5,0,9,11,335
32.5,0,9,12,336
32.5,0,9,13,338
32.5,0,9,14,339
32.5,0,9,15,341
32.5,0,10,0,320
32.5,0,10,1,322
32.5,0,10,2,323
32.5,0,10,3,325
32.5,0,10,4,326
32.5,0,10,5,328
32.5,0,10,6,329
32.5,0,10,7,331
32.5,0,10,8,332
32.5,0,10,9,334
32.5,0,10,10,335
32.5,0,10,11,337
32.5,0,10,12,338
32.5,0,10,13,340
32.5,0,10,14,341
32.5,0,10,15,343
32.5,0,11,0,322
32.5,0,11,1,323
32.5,0,11,2,325
32.5,0,11,3,326
32.5,0,11,4,328
32.5,0,11,5,329
32.5,0,11,6,331
32.5,0,11,7,333
32.5,0,11,8,334
32.5,0,11,9,336
32.5,0,11,10,337
32.5,0,11,11,339
32.5,0,11,12,340
32.5,0,11,13,342
32.5,0,11,14,343
32.5,0,11,15,345
32.5,0,12,0,323
32.5,0,12,1,325
32.5,0,12,2,327
32.5,0,12,3,328
32.5,0,12,4,330
32.5,0,12,5,331
32.5,0,12,6,333
32.5,0,12,7,334
32.5,0,12,8,336
32.5,0,12,9,337
32.5,0,12,10,339
32.5,0,12,11,340
32.5,0,12,12,342
32.5,0,12,13,343
32.5,0,12,14,345
32.5,0,12,15,346
32.5,0,13,0,325
32.5,0,13,1,327
32.5,0,13,2,328
32.5,0,13,3,330
32.5,0,13,4,331
32.5,0,13,5,333
32.5,0,13,6,335
32.5,0,13,7,336
32.5,0,13,8,338
32.5,0,13,9,339
32.5,0,13,10,341
32.5,0,13,11,342
32.5,0,13,12,344
32.5,0,13,13,345
32.5,0,13,14,347
32.5,0,13,15,348
32.5,0,14,0,327
32.5,0,14,1,328
32.5,0,14,2,330
32.5,0,14,3,332
32.5,0,14,4,333
32.5,0,14,5,335
32.5,0,14,6,336
32.5,0,14,7,338
32.5,0,14,8,339
32.5,0,14,9,341
32.5,0,14,10,342
32.5,0,14,11,344
32.5,0,14,12,346
32.5,0,14,13,347
32.5,0,14,14,349
32.5,0,14,15,350
32.5,0,15,0,328
32.5,0,15,1,330
32.5,0,15,2,332
32.5,0,15,3,333
32.5,0,15,4,335
32.5,0,15,5,336
32.5,0,15,6,338
32.5,0,15,7,340
32.5,0,15,8,341
32.5,0,15,9,343
32.5,0,15,10,344
32.5,0,15,11,346
32.5,0,15,12,347
32.5,0,15,13,349
32.5,0,15,14,350
32.5,0,15,15,352
32.5,1,0,0,307
32.5,1,0,1,309
32.5,1,0,2,310
32.5,1,0,3,312
32.5,1,0,4,313
32.5,1,0,5,315
32.5,1,0,6,316
32.5,1,0,7,318
32.5,1,0,8,319
32.5,1,0,9,321
32.5,1,0,10,322
32.5,1,0,11,324
32.5,1,0,12,325
32.5,1,0,13,326
32.5,1,0,14,328
32.5,1,0,15,329
32.5,1,1,0,309
32.5,1,1,1,311
32.5,1,1,2,312
32.5,1,1,3,314
32.5,1,1,4,315
32.5,1,1,5,317
32.5,1,1,6,318
32.5,1,1,7,320
32.5,1,1,8,321
32.5,1,1,9,323
32.5,1,1,10,324
32.5,1,1,11,325
32.5,1,1,12,327
32.5,1,1,13,328
32.5,1,1,14,330
32.5,1,1,15,331
32.5,1,2,0,311
32.5,1,2,1,313
32.5,1,2,2,314
32.5,1,2,3,316
32.5,1,2,4,317
32.5,1,2,5,319
32.5,1,2,6,320
32.5,1,2,7,322
32.5,1,2,8,323
32.5,1,2,9,325
32.5,1,2,10,326
32.5,1,2,11,327
32.5,1,2,12,329
32.5,1,2,13,330
32.5,1,2,14,332
32.5,1,2,15,333
32.5,1,3,0,313
32.5,1,3,1,314
32.5,1,3,2,316
32.5,1,3,3,317
32.5,1,3,4,319
32.5,1,3,5,320
32.5,1,3,6,322
32.5,1,3,7,323
32.5,1,3,8,325
32.5,1,3,9,326
32.5,1,3,10,328
32.5,1,3,11,329
32.5,1,3,12,331
32.5,1,3,13,332
32.5,1,3,14,334
32.5,1,3,15,335
32.5,1,4,0,315
32.5,1,4,1,316
32.5,1,4,2,318
32.5,1,4,3,319
32.5,1,4,4,321
32.5,1,4,5,322
32.5,1,4,6,324
32.5,1,4,7,325
32.5,1,4,8,327
32.5,1,4,9,328
32.5,1,4,10,330
32.5,1,4,11,331
32.5,1,4,12,333
32.5,1,4,13,334
32.5,1,4,14,336
32.5,1,4,15,337
32.5,1,5,0,317
32.5,1,5,1,318
32.5,1,5,2,320
32.5,1,5,3,321
32.5,1,5,4,323
32.5,1,5,5,324
32.5,1,5,6,326
32.5,1,5,7,327
32.5,1,5,8,329
32.5,1,5,9,330
32.5,1,5,10,332
32.5,1,5,11,333
32.5,1,5,12,335
32.5,1,5,13,336
32.5,1,5,14,338
32.5,1,5,15,339
32.5,1,6,0,318
32.5,1,6,1,320
32.5,1,6,2,321
32.5,1,6,3,323
32.5,1,6,4,325
32.5,1,6,5,326
32.5,1,6,6,328
32.5,1,6,7,329
32.5,1,6,8,331
32.5,1,6,9,332
32.5,1,6,10,334
32.5,1,6,11,335
32.5,1,6,12,337
32.5,1,6,13,338
32.5,1,6,14,339
32.5,1,6,15,341
32.5,1,7,0,320
32.5,1,7,1,322
32.5,1,7,2,323
32.5,1,7,3,325
32.5,1,7,4,326
32.5,1,7,5,328
32.5,1,7,6,329
32.5,1,7,7,331
32.5,1,7,8,332
32.5,1,7,9,334
32.5,1,7,10,335
32.5,1,7,11,337
32.5,1,7,12,338
32.5,1,7,13,340
32.5,1,7,14,341
32.5,1,7,15,343
32.5,1,8,0,322
32.5,1,8,1,323
32.5,1,8,2,325
32.5,1,8,3,327
32.5,1,8,4,328
32.5,1,8,5,330
32.5,1,8,6,331
32.5,1,8,7,333
32.5,1,8,8,334
32.5,1,8,9,336
32.5,1,8,10,337
32.5,1,8,11,339
32.5,1,8,12,340
32.5,1,8,13,342
32.5,1,8,14,343
32.5,1,8,15,345
32.5,1,9,0,324
32.5,1,9,1,325
32.5,1,9,2,327
32.5,1,9,3,328
32.5,1,9,4,330
32.5,1,9,5,331
32.5,1,9,6,333
32.5,1,9,7,335
32.5,1,9,8,336
32.5,1,9,9,338
32.5,1,9,10,339
32.5,1,9,11,341
32.5,1,9,12,342
32.5,1,9,13,344
32.5,1,9,14,345
32.5,1,9,15,347
32.5,1,10,0,325
32.5,1,10,1,327
32.5,1,10,2,329
32.5,1,10,3,330
32.5,1,10,4,332
32.5,1,10,5,333
32.5,1,10,6,335
32.5,1,10,7,336
32.5,1,10,8,338
32.5,1,10,9,339
32.5,1,10,10,341
32.5,1,10,11,343
32.5,1,10,12,344
32.5,1,10,13,346
32.5,1,10,14,347
32.5,1,10,15,349
32.5,1,11,0,327
32.5,1,11,1,329
32.5,1,11,2,330
32.5,1,11,3,332
32.5,1,11,4,334
32.5,1,11,5,335
32.5,1,11,6,337
32.5,1,11,7,338
32.5,1,11,8,340
32.5,1,11,9,341
32.5,1,11,10,343
32.5,1,11,11,344
32.5,1,11,12,346
32.5,1,11,13,347
32.5,1,11,14,349
32.5,1,11,15,350
32.5,1,12,0,329
32.5,1,12,1,330
32.5,1,12,2,332
32.5,1,12,3,334
32.5,1,12,4,335
32.5,1,12,5,337
32.5,1,12,6,338
32.5,1,12,7,340
32.5,1,12,8,342
32.5,1,12,9,343
32.5,1,12,10,345
32.5,1,12,11,346
32.5,1,12,12,348
32.5,1,12,13,349
32.5,1,12,14,351
32.5,1,12,15,352
32.5,1,13,0,331
32.5,1,13,1,332
32.5,1,13,2,334
32.5,1,13,3,335
32.5,1,13,4,337
32.5,1,13,5,339
32.5,1,13,6,340
32.5,1,13,7,342
32.5,1,13,8,343
32.5,1,13,9,345
32.5,1,13,10,346
32.5,1,13,11,348
32.5,1,13,12,350
32.5,1,13,13,351
32.5,1,13,14,353
32.5,1,13,15,354
32.5,1,14,0,332
32.5,1,14,1,334
32.5,1,14,2,336
32.5,1,14,3,337
32.5,1,14,4,339
32.5,1,14,5,340
32.5,1,14,6,342
32.5,1,14,7,344
32.5,1,14,8,345
32.5,1,14,9,347
32.5,1,14,10,348
32.5,1,14,11,350
32.5,1,14,12,351
32.5,1,14,13,353
32.5,1,14,14,354
32.5,1,14,15,356
32.5,1,15,0,334
32.5,1,15,1,336
32.5,1,15,2,337
32.5,1,15,3,339
32.5,1,15,4,341
32.5,1,15,5,342
32.5,1,15,6,344
32.5,1,15,7,345
32.5,1,15,8,347
32.5,1,15,9,348
32.5,1,15,10,350
32.5,1,15,11,352
32.5,1,15,12,353
32.5,1,15,13,355
32.5,1,15,14,356
32.5,1,15,15,358
32.5,2,0,0,313
32.5,2,0,1,314
32.5,2,0,2,316
32.5,2,0,3,317
32.5,2,0,4,319
32.5,2,0,5,320
32.5,2,0,6,322
32.5,2,0,7,323
32.5,2,0,8,325
32.5,2,0,9,326
32.5,2,0,10,327
32.5,2,0,11,329
32.5,2,0,12,330
32.5,2,0,13,332
32.5,2,0,14,333
32.5,2,0,15,335
32.5,2,1,0,314
32.5,2,1,1,316
32.5,2,1,2,317
32.5,2,1,3,319
32.5,2,1,4,321
32.5,2,1,5,322
32.5,2,1,6,324
32.5,2,1,7,325
32.5,2,1,8,327
32.5,2,1,9,328
32.5,2,1,10,329
32.5,2,1,11,331
32.5,2,1,12,332
32.5,2,1,13,334
32.5,2,1,14,335
32.5,2,1,15,337
32.5,2,2,0,316
32.5,2,2,1,318
32.5,2,2,2,319
32.5,2,2,3,321
32.5,2,2,4,322
32.5,2,2,5,324
32.5,2,2,6,325
32.5,2,2,7,327
32.5,2,2,8,328
32.5,2,2,9,330
32.5,2,2,10,331
32.5,2,2,11,333
32.5,2,2,12,334
32.5,2,2,13,336
32.5,2,2,14,337
32.5,2,2,15,339
32.5,2,3,0,318
32.5,2,3,1,320
32.5,2,3,2,321
32.5,2,3,3,323
32.5,2,3,4,324
32.5,2,3,5,326
32.5,2,3,6,327
32.5,2,3,7,329
32.5,2,3,8,330
32.5,2,3,9,332
32.5,2,3,10,333
32.5,2,3,11,335
32.5,2,3,12,336
32.5,2,3,13,338
32.5,2,3,14,339
32.5,2,3,15,341
32.5,2,4,0,320
32.5,2,4,1,322
32.5,2,4,2,323
32.5,2,4,3,325
32.5,2,4,4,326
32.5,2,4,5,328
32.5,2,4,6,329
32.5,2,4,7,331
32.5,2,4,8,332
32.5,2,4,9,334
32.5,2,4,10,335
32.5,2,4,11,337
32.5,2,4,12,338
32.5,2,4,13,340
32.5,2,4,14,341
32.5,2,4,15,343
32.5,2,5,0,322
32.5,2,5,1,323
32.5,2,5,2,325
32.5,2,5,3,327
32.5,2,5,4,328
32.5,2,5,5,330
32.5,2,5,6,331
32.5,2,5,7,333
32.5,2,5,8,334
32.5,2,5,9,336
32.5,2,5,10,337
32.5,2,5,11,339
32.5,2,5,12,340
32.5,2,5,13,342
32.5,2,5,14,343
32.5,2,5,15,345
32.5,2,6,0,324
32.5,2,6,1,325
32.5,2,6,2,327
32.5,2,6,3,328
32.5,2,6,4,330
32.5,2,6,5,331
32.5,2,6,6,333
32.5,2,6,7,335
32.5,2,6,8,336
32.5,2,6,9,338
32.5,2,6,10,339
32.5,2,6,11,341
32.5,2,6,12,342
32.5,2,6,13,344
32.5,2,6,14,345
32.5,2,6,15,347
32.5,2,7,0,325
32.5,2,7,1,327
32.5,2,7,2,329
32.5,2,7,3,330
32.5,2,7,4,332
32.5,2,7,5,333
32.5,2,7,6,335
32.5,2,7,7,336
32.5,2,7,8,338
32.5,2,7,9,340
32.5,2,7,10,341
32.5,2,7,11,343
32.5,2,7,12,344
32.5,2,7,13,346
32.5,2,7,14,347
32.5,2,7,15,349
32.5,2,8,0,327
32.5,2,8,1,329
32.5,2,8,2,330
32.5,2,8,3,332
32.5,2,8,4,334
32.5,2,8,5,335
32.5,2,8,6,337
32.5,2,8,7,338
32.5,2,8,8,340
32.5,2,8,9,341
32.5,2,8,10,343
32.5,2,8,11,344
32.5,2,8,12,346
32.5,2,8,13,348
32.5,2,8,14,349
32.5,2,8,15,351
32.5,2,9,0,329
32.5,2,9,1,331
32.5,2,9,2,332
32.5,2,9,3,334
32.5,2,9,4,335
32.5,2,9,5,337
32.5,2,9,6,339
32.5,2,9,7,340
32.5,2,9,8,342
32.5,2,9,9,343
32.5,2,9,10,345
32.5,2,9,11,346
32.5,2,9,12,348
32.5,2,9,13,349
32.5,2,9,14,351
32.5,2,9,15,352
32.5,2,10,0,331
32.5,2,10,1,332
32.5,2,10,2,334
32.5,2,10,3,336
32.5,2,10,4,337
32.5,2,10,5,339
32.5,2,10,6,340
32.5,2,10,7,342
32.5,2,10,8,344
32.5,2,10,9,345
32.5,2,10,10,347
32.5,2,10,11,348
32.5,2,10,12,350
32.5,2,10,13,351
32.5,2,10,14,353
32.5,2,10,15,354
32.5,2,11,0,333
32.5,2,11,1,334
32.5,2,11,2,336
32.5,2,11,3,337
32.5,2,11,4,339
32.5,2,11,5,341
32.5,2,11,6,342
32.5,2,11,7,344
32.5,2,11,8,345
32.5,2,11,9,347
32.5,2,11,10,349
32.5,2,11,11,350
32.5,2,11,12,352
32.5,2,11,13,353
32.5,2,11,14,355
32.5,2,11,15,356
32.5,2,12,0,334
32.5,2,12,1,336
32.5,2,12,2,338
32.5,2,12,3,339
32.5,2,12,4,341
32.5,2,12,5,342
32.5,2,12,6,344
32.5,2,12,7,346
32.5,2,12,8,347
32.5,2,12,9,349
32.5,2,12,10,350
32.5,2,12,11,352
32.5,2,12,12,354
32.5,2,12,13,355
32.5,2,12,14,357
32.5,2,12,15,358
32.5,2,13,0,336
32.5,2,13,1,338
32.5,2,13,2,339
32.5,2,13,3,341
32.5,2,13,4,343
32.5,2,13,5,344
32.5,2,13,6,346
32.5,2,13,7,347
32.5,2,13,8,349
32.5,2,13,9,351
32.5,2,13,10,352
32.5,2,13,11,354
32.5,2,13,12,355
32.5,2,13,13,357
32.5,2,13,14,358
32.5,2,13,15,360
32.5,2,14,0,338
32.5,2,14,1,340
32.5,2,14,2,341
32.5,2,14,3,343
32.5,2,14,4,344
32.5,2,14,5,346
32.5,2,14,6,348
32.5,2,14,7,349
32.5,2,14,8,351
32.5,2,14,9,352
32.5,2,14,10,354
32.5,2,14,11,356
32.5,2,14,12,357
32.5,2,14,13,359
32.5,2,14,14,360
32.5,2,14,15,362
32.5,2,15,0,340
32.5,2,15,1,341
32.5,2,15,2,343
32.5,2,15,3,345
32.5,2,15,4,346
32.5,2,15,5,348
32.5,2,15,6,349
32.5,2,15,7,351
32.5,2,15,8,353
32.5,2,15,9,354
32.5,2,15,10,356
32.5,2,15,11,357
32.5,2,15,12,359
32.5,2,15,13,361
32.5,2,15,14,362
32.5,2,15,15,364
32.5,3,0,0,318
32.5,3,0,1,319
32.5,3,0,2,321
32.5,3,0,3,322
32.5,3,0,4,324
32.5,3,0,5,325
32.5,3,0,6,327
32.5,3,0,7,328
32.5,3,0,8,330
32.5,3,0,9,331
32.5,3,0,10,333
32.5,3,0,11,334
32.5,3,0,12,336
32.5,3,0,13,337
32.5,3,0,14,339
32.5,3,0,15,340
32.5,3,1,0,320
32.5,3,1,1,321
32.5,3,1,2,323
32.5,3,1,3,324
32.5,3,1,4,326
32.5,3,1,5,327
32.5,3,1,6,329
32.5,3,1,7,330
32.5,3,1,8,332
32.5,3,1,9,333
32.5,3,1,10,335
32.5,3,1,11,336
32.5,3,1,12,338
32.5,3,1,13,339
32.5,3,1,14,341
32.5,3,1,15,342
32.5,3,2,0,321
32.5,3,2,1,323
32.5,3,2,2,325
32.5,3,2,3,326
32.5,3,2,4,328
32.5,3,2,5,329
32.5,3,2,6,331
32.5,3,2,7,332
32.5,3,2,8,334
32.5,3,2,9,335
32.5,3,2,10,337
32.5,3,2,11,338
32.5,3,2,12,340
32.5,3,2,13,341
32.5,3,2,14,343
32.5,3,2,15,344
32.5,3,3,0,323
32.5,3,3,1,325
32.5,3,3,2,326
32.5,3,3,3,328
32.5,3,3,4,330
32.5,3,3,5,331
32.5,3,3,6,333
32.5,3,3,7,334
32.5,3,3,8,336
32.5,3,3,9,337
32.5,3,3,10,339
32.5,3,3,11,340
32.5,3,3,12,342
32.5,3,3,13,343
32.5,3,3,14,345
32.5,3,3,15,346
32.5,3,4,0,325
32.5,3,4,1,327
32.5,3,4,2,328
32.5,3,4,3,330
32.5,3,4,4,332
32.5,3,4,5,333
32.5,3,4,6,335
32.5,3,4,7,336
32.5,3,4,8,338
32.5,3,4,9,339
32.5,3,4,10,341
32.5,3,4,11,342
32.5,3,4,12,344
32.5,3,4,13,345
32.5,3,4,14,347
32.5,3,4,15,348
32.5,3,5,0,327
32.5,3,5,1,329
32.5,3,5,2,330
32.5,3,5,3,332
32.5,3,5,4,333
32.5,3,5,5,335
32.5,3,5,6,337
32.5,3,5,7,338
32.5,3,5,8,340
32.5,3,5,9,341
32.5,3,5,10,343
32.5,3,5,11,344
32.5,3,5,12,346
32.5,3,5,13,347
32.5,3,5,14,349
32.5,3,5,15,350
32.5,3,6,0,329
32.5,3,6,1,331
32.5,3,6,2,332
32.5,3,6,3,334
32.5,3,6,4,335
32.5,3,6,5,337
32.5,3,6,6,338
32.5,3,6,7,340
32.5,3,6,8,342
32.5,3,6,9,343
32.5,3,6,10,345
32.5,3,6,11,346
32.5,3,6,12,348
32.5,3,6,13,349
32.5,3,6,14,351
32.5,3,6,15,352
32.5,3,7,0,331
32.5,3,7,1,332
32.5,3,7,2,334
32.5,3,7,3,336
32.5,3,7,4,337
32.5,3,7,5,339
32.5,3,7,6,340
32.5,3,7,7,342
32.5,3,7,8,344
32.5,3,7,9,345
32.5,3,7,10,347
32.5,3,7,11,348
32.5,3,7,12,350
32.5,3,7,13,351
32.5,3,7,14,353
32.5,3,7,15,354
32.5,3,8,0,333
32.5,3,8,1,334
32.5,3,8,2,336
32.5,3,8,3,337
32.5,3,8,4,339
32.5,3,8,5,341
32.5,3,8,6,342
32.5,3,8,7,344
32.5,3,8,8,345
32.5,3,8,9,347
32.5,3,8,10,349
32.5,3,8,11,350
32.5,3,8,12,352
32.5,3,8,13,353
32.5,3,8,14,355
32.5,3,8,15,356
32.5,3,9,0,334
32.5,3,9,1,336
32.5,3,9,2,338
32.5,3,9,3,339
32.5,3,9,4,341
32.5,3,9,5,343
32.5,3,9,6,344
32.5,3,9,7,346
32.5,3,9,8,347
32.5,3,9,9,349
32.5,3,9,10,350
32.5,3,9,11,352
32.5,3,9,12,354
32.5,3,9,13,355
32.5,3,9,14,357
32.5,3,9,15,358
32.5,3,10,0,336
32.5,3,10,1,338
32.5,3,10,2,340
32.5,3,10,3,341
32.5,3,10,4,343
32.5,3,10,5,344
32.5,3,10,6,346
32.5,3,10,7,348
32.5,3,10,8,349
32.5,3,10,9,351
32.5,3,10,10,352
32.5,3,10,11,354
32.5,3,10,12,356
32.5,3,10,13,357
32.5,3,10,14,359
32.5,3,10,15,360
32.5,3,11,0,338
32.5,3,11,1,340
32.5,3,11,2,341
32.5,3,11,3,343
32.5,3,11,4,345
32.5,3,11,5,346
32.5,3,11,6,348
32.5,3,11,7,349
32.5,3,11,8,351
32.5,3,11,9,353
32.5,3,11,10,354
32.5,3,11,11,356
32.5,3,11,12,357
32.5,3,11,13,359
32.5,3,11,14,361
32.5,3,11,15,362
32.5,3,12,0,340
32.5,3,12,1,342
32.5,3,12,2,343
32.5,3,12,3,345
32.5,3,12,4,346
32.5,3,12,5,348
32.5,3,12,6,350
32.5,3,12,7,351
32.5,3,12,8,353
32.5,3,12,9,355
32.5,3,12,10,356
32.5,3,12,11,358
32.5,3,12,12,359
32.5,3,12,13,361
32.5,3,12,14,362
32.5,3,12,15,364
32.5,3,13,0,342
32.5,3,13,1,343
32.5,3,13,2,345
32.5,3,13,3,347
32.5,3,13,4,348
32.5,3,13,5,350
32.5,3,13,6,352
32.5,3,13,7,353
32.5,3,13,8,355
32.5,3,13,9,356
32.5,3,13,10,358
32.5,3,13,11,360
32.5,3,13,12,361
32.5,3,13,13,363
32.5,3,13,14,364
32.5,3,13,15,366
32.5,3,14,0,343
32.5,3,14,1,345
32.5,3,14,2,347
32.5,3,14,3,348
32.5,3,14,4,350
32.5,3,14,5,352
32.5,3,14,6,353
32.5,3,14,7,355
32.5,3,14,8,357
32.5,3,14,9,358
32.5,3,14,10,360
32.5,3,14,11,361
32.5,3,14,12,363
32.5,3,14,13,365
32.5,3,14,14,366
32.5,3,14,15,368
32.5,3,15,0,345
32.5,3,15,1,347
32.5,3,15,2,349
32.5,3,15,3,350
32.5,3,15,4,352
32.5,3,15,5,354
32.5,3,15,6,355
32.5,3,15,7,357
32.5,3,15,8,358
32.5,3,15,9,360
32.5,3,15,10,362
32.5,3,15,11,363
32.5,3,15,12,365
32.5,3,15,13,367
32.5,3,15,14,368
32.5,3,15,15,370
32.5,4,0,0,323
32.5,4,0,1,324
32.5,4,0,2,326
32.5,4,0,3,327
32.5,4,0,4,329
32.5,4,0,5,331
32.5,4,0,6,332
32.5,4,0,7,334
32.5,4,0,8,335
32.5,4,0,9,337
32.5,4,0,10,338
32.5,4,0,11,340
32.5,4,0,12,341
32.5,4,0,13,343
32.5,4,0,14,344
32.5,4,0,15,346
32.5,4,1,0,325
32.5,4,1,1,326
32.5,4,1,2,328
32.5,4,1,3,329
32.5,4,1,4,331
32.5,4,1,5,333
32.5,4,1,6,334
32.5,4,1,7,336
32.5,4,1,8,337
32.5,4,1,9,339
32.5,4,1,10,340
32.5,4,1,11,342
32.5,4,1,12,343
32.5,4,1,13,345
32.5,4,1,14,346
32.5,4,1,15,348
32.5,4,2,0,327
32.5,4,2,1,328
32.5,4,2,2,330
32.5,4,2,3,331
32.5,4,2,4,333
32.5,4,2,5,335
32.5,4,2,6,336
32.5,4,2,7,338
32.5,4,2,8,339
32.5,4,2,9,341
32.5,4,2,10,342
32.5,4,2,11,344
32.5,4,2,12,345
32.5,4,2,13,347
32.5,4,2,14,348
32.5,4,2,15,350
32.5,4,3,0,329
32.5,4,3,1,330
32.5,4,3,2,332
32.5,4,3,3,333
32.5,4,3,4,335
32.5,4,3,5,337
32.5,4,3,6,338
32.5,4,3,7,340
32.5,4,3,8,341
32.5,4,3,9,343
32.5,4,3,10,344
32.5,4,3,11,346
32.5,4,3,12,347
32.5,4,3,13,349
32.5,4,3,14,350
32.5,4,3,15,352
32.5,4,4,0,330
32.5,4,4,1,332
32.5,4,4,2,334
32.5,4,4,3,335
32.5,4,4,4,337
32.5,4,4,5,338
32.5,4,4,6,340
32.5,4,4,7,342
32.5,4,4,8,343
32.5,4,4,9,345
32.5,4,4,10,346
32.5,4,4,11,348
32.5,4,4,12,349
32.5,4,4,13,351
32.5,4,4,14,352
32.5,4,4,15,354
32.5,4,5,0,332
32.5,4,5,1,334
32.5,4,5,2,336
32.5,4,5,3,337
32.5,4,5,4,339
32.5,4,5,5,340
32.5,4,5,6,342
32.5,4,5,7,344
32.5,4,5,8,345
32.5,4,5,9,347
32.5,4,5,10,348
32.5,4,5,11,350
32.5,4,5,12,351
32.5,4,5,13,353
32.5,4,5,14,354
32.5,4,5,15,356
32.5,4,6,0,334
32.5,4,6,1,336
32.5,4,6,2,338
32.5,4,6,3,339
32.5,4,6,4,341
32.5,4,6,5,342
32.5,4,6,6,344
32.5,4,6,7,346
32.5,4,6,8,347
32.5,4,6,9,349
32.5,4,6,10,350
32.5,4,6,11,352
32.5,4,6,12,353
32.5,4,6,13,355
32.5,4,6,14,356
32.5,4,6,15,358
32.5,4,7,0,336
32.5,4,7,1,338
32.5,4,7,2,339
32.5,4,7,3,341
32.5,4,7,4,343
32.5,4,7,5,344
32.5,4,7,6,346
32.5,4,7,7,347
32.5,4,7,8,349
32.5,4,7,9,351
32.5,4,7,10,352
32.5,4,7,11,354
32.5,4,7,12,355
32.5,4,7,13,357
32.5,4,7,14,358
32.5,4,7,15,360
32.5,4,8,0,338
32.5,4,8,1,340
32.5,4,8,2,341
32.5,4,8,3,343
32.5,4,8,4,345
32.5,4,8,5,346
32.5,4,8,6,348
32.5,4,8,7,349
32.5,4,8,8,351
32.5,4,8,9,353
32.5,4,8,10,354
32.5,4,8,11,356
32.5,4,8,12,357
32.5,4,8,13,359
32.5,4,8,14,360
32.5,4,8,15,362
32.5,4,9,0,340
32.5,4,9,1,342
32.5,4,9,2,343
32.5,4,9,3,345
32.5,4,9,4,346
32.5,4,9,5,348
32.5,4,9,6,350
32.5,4,9,7,351
32.5,4,9,8,353
32.5,4,9,9,355
32.5,4,9,10,356
32.5,4,9,11,358
32.5,4,9,12,359
32.5,4,9,13,361
32.5,4,9,14,362
32.5,4,9,15,364
32.5,4,10,0,342
32.5,4,10,1,343
32.5,4,10,2,345
32.5,4,10,3,347
32.5,4,10,4,348
32.5,4,10,5,350
32.5,4,10,6,352
32.5,4,10,7,353
32.5,4,10,8,355
32.5,4,10,9,356
32.5,4,10,10,358
32.5,4,10,11,360
32.5,4,10,12,361
32.5,4,10,13,363
32.5,4,10,14,364
32.5,4,10,15,366
32.5,4,11,0,344
32.5,4,11,1,345
32.5,4,11,2,347
32.5,4,11,3,349
32.5,4,11,4,350
32.5,4,11,5,352
32.5,4,11,6,353
32.5,4,11,7,355
32.5,4,11,8,357
32.5,4,11,9,358
32.5,4,11,10,360
32.5,4,11,11,362
32.5,4,11,12,363
32.5,4,11,13,365
32.5,4,11,14,366
32.5,4,11,15,368
32.5,4,12,0,345
32.5,4,12,1,347
32.5,4,12,2,349
32.5,4,12,3,350
32.5,4,12,4,352
32.5,4,12,5,354
32.5,4,12,6,355
32.5,4,12,7,357
32.5,4,12,8,359
32.5,4,12,9,360
32.5,4,12,10,362
32.5,4,12,11,364
32.5,4,12,12,365
32.5,4,12,13,367
32.5,4,12,14,368
32.5,4,12,15,370
32.5,4,13,0,347
32.5,4,13,1,349
32.5,4,13,2,351
32.5,4,13,3,352
32.5,4,13,4,354
32.5,4,13,5,356
32.5,4,13,6,357
32.5,4,13,7,359
32.5,4,13,8,361
32.5,4,13,9,362
32.5,4,13,10,364
32.5,4,13,11,365
32.5,4,13,12,367
32.5,4,13,13,369
32.5,4,13,14,370
32.5,4,13,15,372
32.5,4,14,0,349
32.5,4,14,1,351
32.5,4,14,2,352
32.5,4,14,3,354
32.5,4,14,4,356
32.5,4,14,5,357
32.5,4,14,6,359
32.5,4,14,7,361
32.5,4,14,8,362
32.5,4,14,9,364
32.5,4,14,10,366
32.5,4,14,11,367
32.5,4,14,12,369
32.5,4,14,13,371
32.5,4,14,14,372
32.5,4,14,15,374
32.5,4,15,0,351
32.5,4,15,1,352
32.5,4,15,2,354
32.5,4,15,3,356
32.5,4,15,4,358
32.5,4,15,5,359
32.5,4,15,6,361
32.5,4,15,7,363
32.5,4,15,8,364
32.5,4,15,9,366
32.5,4,15,10,368
32.5,4,15,11,369
32.5,4,15,12,371
32.5,4,15,13,372
32.5,4,15,14,374
32.5,4,15,15,376
32.5,5,0,0,328
32.5,5,0,1,330
32.5,5,0,2,331
32.5,5,0,3,333
32.5,5,0,4,334
32.5,5,0,5,336
32.5,5,0,6,337
32.5,5,0,7,339
32.5,5,0,8,341
32.5,5,0,9,342
32.5,5,0,10,344
32.5,5,0,11,345
32.5,5,0,12,347
32.5,5,0,13,348
32.5,5,0,14,350
32.5,5,0,15,351
32.5,5,1,0,330
32.5,5,1,1,331
32.5,5,1,2,333
32.5,5,1,3,335
32.5,5,1,4,336
32.5,5,1,5,338
32.5,5,1,6,339
32.5,5,1,7,341
32.5,5,1,8,343
32.5,5,1,9,344
32.5,5,1,10,346
32.5,5,1,11,347
32.5,5,1,12,349
32.5,5,1,13,350
32.5,5,1,14,352
32.5,5,1,15,353
32.5,5,2,0,332
32.5,5,2,1,333
32.5,5,2,2,335
32.5,5,2,3,337
32.5,5,2,4,338
32.5,5,2,5,340
32.5,5,2,6,341
32.5,5,2,7,343
32.5,5,2,8,345
32.5,5,2,9,346
32.5,5,2,10,348
32.5,5,2,11,349
32.5,5,2,12,351
32.5,5,2,13,352
32.5,5,2,14,354
32.5,5,2,15,355
32.5,5,3,0,334
32.5,5,3,1,335
32.5,5,3,2,337
32.5,5,3,3,339
32.5,5,3,4,340
32.5,5,3,5,342
32.5,5,3,6,343
32.5,5,3,7,345
32.5,5,3,8,347
32.5,5,3,9,348
32.5,5,3,10,350
32.5,5,3,11,351
32.5,5,3,12,353
32.5,5,3,13,354
32.5,5,3,14,356
32.5,5,3,15,358
32.5,5,4,0,336
32.5,5,4,1,337
32.5,5,4,2,339
32.5,5,4,3,341
32.5,5,4,4,342
32.5,5,4,5,344
32.5,5,4,6,345
32.5,5,4,7,347
32.5,5,4,8,349
32.5,5,4,9,350
32.5,5,4,10,352
32.5,5,4,11,353
32.5,5,4,12,355
32.5,5,4,13,357
32.5,5,4,14,358
32.5,5,4,15,360
32.5,5,5,0,338
32.5,5,5,1,339
32.5,5,5,2,341
32.5,5,5,3,343
32.5,5,5,4,344
32.5,5,5,5,346
32.5,5,5,6,347
32.5,5,5,7,349
32.5,5,5,8,351
32.5,5,5,9,352
32.5,5,5,10,354
32.5,5,5,11,355
32.5,5,5,12,357
32.5,5,5,13,359
32.5,5,5,14,360
32.5,5,5,15,362
32.5,5,6,0,340
32.5,5,6,1,341
32.5,5,6,2,343
32.5,5,6,3,345
32.5,5,6,4,346
32.5,5,6,5,348
32.5,5,6,6,349
32.5,5,6,7,351
32.5,5,6,8,353
32.5,5,6,9,354
32.5,5,6,10,356
32.5,5,6,11,357
32.5,5,6,12,359
32.5,5,6,13,361
32.5,5,6,14,362
32.5,5,6,15,364
32.5,5,7,0,341
32.5,5,7,1,343
32.5,5,7,2,345
32.5,5,7,3,346
32.5,5,7,4,348
32.5,5,7,5,350
32.5,5,7,6,351
32.5,5,7,7,353
32.5,5,7,8,355
32.5,5,7,9,356
32.5,5,7,10,358
32.5,5,7,11,359
32.5,5,7,12,361
32.5,5,7,13,363
32.5,5,7,14,364
32.5,5,7,15,366
32.5,5,8,0,343
32.5,5,8,1,345
32.5,5,8,2,347
32.5,5,8,3,348
32.5,5,8,4,350
32.5,5,8,5,352
32.5,5,8,6,353
32.5,5,8,7,355
32.5,5,8,8,357
32.5,5,8,9,358
32.5,5,8,10,360
32.5,5,8,11,361
32.5,5,8,12,363
32.5,5,8,13,365
32.5,5,8,14,366
32.5,5,8,15,368
32.5,5,9,0,345
32.5,5,9,1,347
32.5,5,9,2,349
32.5,5,9,3,350
32.5,5,9,4,352
32.5,5,9,5,354
32.5,5,9,6,355
32.5,5,9,7,357
32.5,5,9,8,359
32.5,5,9,9,360
32.5,5,9,10,362
32.5,5,9,11,363
32.5,5,9,12,365
32.5,5,9,13,367
32.5,5,9,14,368
32.5,5,9,15,370
32.5,5,10,0,347
32.5,5,10,1,349
32.5,5,10,2,351
32.5,5,10,3,352
32.5,5,10,4,354
32.5,5,10,5,356
32.5,5,10,6,357
32.5,5,10,7,359
32.5,5,10,8,360
32.5,5,10,9,362
32.5,5,10,10,364
32.5,5,10,11,365
32.5,5,10,12,367
32.5,5,10,13,369
32.5,5,10,14,370
32.5,5,10,15,372
32.5,5,11,0,349
32.5,5,11,1,351
32.5,5,11,2,352
32.5,5,11,3,354
32.5,5,11,4,356
32.5,5,11,5,357
32.5,5,11,6,359
32.5,5,11,7,361
32.5,5,11,8,362
32.5,5,11,9,364
32.5,5,11,10,366
32.5,5,11,11,367
32.5,5,11,12,369
32.5,5,11,13,371
32.5,5,11,14,372
32.5,5,11,15,374
32.5,5,12,0,351
32.5,5,12,1,353
32.5,5,12,2,354
32.5,5,12,3,356
32.5,5,12,4,358
32.5,5,12,5,359
32.5,5,12,6,361
32.5,5,12,7,363
32.5,5,12,8,364
32.5,5,12,9,366
32.5,5,12,10,368
32.5,5,12,11,369
32.5,5,12,12,371
32.5,5,12,13,373
32.5,5,12,14,374
32.5,5,12,15,376
32.5,5,13,0,353
32.5,5,13,1,354
32.5,5,13,2,356
32.5,5,13,3,358
32.5,5,13,4,360
32.5,5,13,5,361
32.5,5,13,6,363
32.5,5,13,7,365
32.5,5,13,8,366
32.5,5,13,9,368
32.5,5,13,10,370
32.5,5,13,11,371
32.5,5,13,12,373
32.5,5,13,13,375
32.5,5,13,14,376
32.5,5,13,15,378
32.5,5,14,0,355
32.5,5,14,1,356
32.5,5,14,2,358
32.5,5,14,3,360
32.5,5,14,4,361
32.5,5,14,5,363
32.5,5,14,6,365
32.5,5,14,7,366
32.5,5,14,8,368
32.5,5,14,9,370
32.5,5,14,10,372
32.5,5,14,11,373
32.5,5,14,12,375
32.5,5,14,13,376
32.5,5,14,14,378
32.5,5,14,15,380
32.5,5,15,0,356
32.5,5,15,1,358
32.5,5,15,2,360
32.5,5,15,3,362
32.5,5,15,4,363
32.5,5,15,5,365
32.5,5,15,6,367
32.5,5,15,7,368
32.5,5,15,8,370
32.5,5,15,9,372
32.5,5,15,10,373
32.5,5,15,11,375
32.5,5,15,12,377
32.5,5,15,13,378
32.5,5,15,14,380
32.5,5,15,15,382
32.5,6,0,0,333
32.5,6,0,1,335
32.5,6,0,2,336
32.5,6,0,3,338
32.5,6,0,4,340
32.5,6,0,5,341
32.5,6,0,6,343
32.5,6,0,7,344
32.5,6,0,8,346
32.5,6,0,9,347
32.5,6,0,10,349
32.5,6,0,11,351
32.5,6,0,12,352
32.5,6,0,13,354
32.5,6,0,14,355
32.5,6,0,15,357
32.5,6,1,0,335
32.5,6,1,1,337
32.5,6,1,2,338
32.5,6,1,3,340
32.5,6,1,4,342
32.5,6,1,5,343
32.5,6,1,6,345
32.5,6,1,7,346
32.5,6,1,8,348
32.5,6,1,9,350
32.5,6,1,10,351
32.5,6,1,11,353
32.5,6,1,12,354
32.5,6,1,13,356
32.5,6,1,14,357
32.5,6,1,15,359
32.5,6,2,0,337
32.5,6,2,1,339
32.5,6,2,2,340
32.5,6,2,3,342
32.5,6,2,4,344
32.5,6,2,5,345
32.5,6,2,6,347
32.5,6,2,7,348
32.5,6,2,8,350
32.5,6,2,9,352
32.5,6,2,10,353
32.5,6,2,11,355
32.5,6,2,12,356
32.5,6,2,13,358
32.5,6,2,14,359
32.5,6,2,15,361
32.5,6,3,0,339
32.5,6,3,1,341
32.5,6,3,2,342
32.5,6,3,3,344
32.5,6,3,4,346
32.5,6,3,5,347
32.5,6,3,6,349
32.5,6,3,7,350
32.5,6,3,8,352
32.5,6,3,9,354
32.5,6,3,10,355
32.5,6,3,11,357
32.5,6,3,12,358
32.5,6,3,13,360
32.5,6,3,14,362
32.5,6,3,15,363
32.5,6,4,0,341
32.5,6,4,1,343
32.5,6,4,2,344
32.5,6,4,3,346
32.5,6,4,4,348
32.5,6,4,5,349
32.5,6,4,6,351
32.5,6,4,7,352
32.5,6,4,8,354
32.5,6,4,9,356
32.5,6,4,10,357
32.5,6,4,11,359
32.5,6,4,12,361
32.5,6,4,13,362
32.5,6,4,14,364
32.5,6,4,15,365
32.5,6,5,0,343
32.5,6,5,1,345
32.5,6,5,2,346
32.5,6,5,3,348
32.5,6,5,4,350
32.5,6,5,5,351
32.5,6,5,6,353
32.5,6,5,7,355
32.5,6,5,8,356
32.5,6,5,9,358
32.5,6,5,10,359
32.5,6,5,11,361
32.5,6,5,12,363
32.5,6,5,13,364
32.5,6,5,14,366
32.5,6,5,15,367
32.5,6,6,0,345
32.5,6,6,1,347
32.5,6,6,2,348
32.5,6,6,3,350
32.5,6,6,4,352
32.5,6,6,5,353
32.5,6,6,6,355
32.5,6,6,7,357
32.5,6,6,8,358
32.5,6,6,9,360
32.5,6,6,10,361
32.5,6,6,11,363
32.5,6,6,12,365
32.5,6,6,13,366
32.5,6,6,14,368
32.5,6,6,15,369
32.5,6,7,0,347
32.5,6,7,1,349
32.5,6,7,2,350
32.5,6,7,3,352
32.5,6,7,4,354
32.5,6,7,5,355
32.5,6,7,6,357
32.5,6,7,7,359
32.5,6,7,8,360
32.5,6,7,9,362
32.5,6,7,10,363
32.5,6,7,11,365
32.5,6,7,12,367
32.5,6,7,13,368
32.5,6,7,14,370
32.5,6,7,15,371
32.5,6,8,0,349
32.5,6,8,1,350
32.5,6,8,2,352
32.5,6,8,3,354
32.5,6,8,4,356
32.5,6,8,5,357
32.5,6,8,6,359
32.5,6,8,7,361
32.5,6,8,8,362
32.5,6,8,9,364
32.5,6,8,10,365
32.5,6,8,11,367
32.5,6,8,12,369
32.5,6,8,13,370
32.5,6,8,14,372
32.5,6,8,15,374
32.5,6,9,0,351
32.5,6,9,1,352
32.5,6,9,2,354
32.5,6,9,3,356
32.5,6,9,4,357
32.5,6,9,5,359
32.5,6,9,6,361
32.5,6,9,7,363
32.5,6,9,8,364
32.5,6,9,9,366
32.5,6,9,10,367
32.5,6,9,11,369
32.5,6,9,12,371
32.5,6,9,13,372
32.5,6,9,14,374
32.5,6,9,15,376
32.5,6,10,0,353
32.5,6,10,1,354
32.5,6,10,2,356
32.5,6,10,3,358
32.5,6,10,4,359
32.5,6,10,5,361
32.5,6,10,6,363
32.5,6,10,7,364
32.5,6,10,8,366
32.5,6,10,9,368
32.5,6,10,10,369
32.5,6,10,11,371
32.5,6,10,12,373
32.5,6,10,13,374
32.5,6,10,14,376
32.5,6,10,15,378
32.5,6,11,0,354
32.5,6,11,1,356
32.5,6,11,2,358
32.5,6,11,3,360
32.5,6,11,4,361
32.5,6,11,5,363
32.5,6,11,6,365
32.5,6,11,7,366
32.5,6,11,8,368
32.5,6,11,9,370
32.5,6,11,10,371
32.5,6,11,11,373
32.5,6,11,12,375
32.5,6,11,13,376
32.5,6,11,14,378
32.5,6,11,15,380
32.5,6,12,0,356
32.5,6,12,1,358
32.5,6,12,2,360
32.5,6,12,3,362
32.5,6,12,4,363
32.5,6,12,5,365
32.5,6,12,6,367
32.5,6,12,7,368
32.5,6,12,8,370
32.5,6,12,9,372
32.5,6,12,10,373
32.5,6,12,11,375
32.5,6,12,12,377
32.5,6,12,13,378
32.5,6,12,14,380
32.5,6,12,15,382
32.5,6,13,0,358
32.5,6,13,1,360
32.5,6,13,2,362
32.5,6,13,3,363
32.5,6,13,4,365
32.5,6,13,5,367
32.5,6,13,6,369
32.5,6,13,7,370
32.5,6,13,8,372
32.5,6,13,9,374
32.5,6,13,10,375
32.5,6,13,11,377
32.5,6,13,12,379
32.5,6,13,13,380
32.5,6,13,14,382
32.5,6,13,15,384
32.5,6,14,0,360
32.5,6,14,1,362
32.5,6,14,2,364
32.5,6,14,3,365
32.5,6,14,4,367
32.5,6,14,5,369
32.5,6,14,6,371
32.5,6,14,7,372
32.5,6,14,8,374
32.5,6,14,9,376
32.5,6,14,10,377
32.5,6,14,11,379
32.5,6,14,12,381
32.5,6,14,13,382
32.5,6,14,14,384
32.5,6,14,15,386
32.5,6,15,0,362
32.5,6,15,1,364
32.5,6,15,2,365
32.5,6,15,3,367
32.5,6,15,4,369
32.5,6,15,5,371
32.5,6,15,6,372
32.5,6,15,7,374
32.5,6,15,8,376
32.5,6,15,9,378
32.5,6,15,10,379
32.5,6,15,11,381
32.5,6,15,12,383
32.5,6,15,13,384
32.5,6,15,14,386
32.5,6,15,15,388
32.5,7,0,0,338
32.5,7,0,1,340
32.5,7,0,2,341
32.5,7,0,3,343
32.5,7,0,4,345
32.5,7,0,5,346
32.5,7,0,6,348
32.5,7,0,7,350
32.5,7,0,8,351
32.5,7,0,9,353
32.5,7,0,10,354
32.5,7,0,11,356
32.5,7,0,12,358
32.5,7,0,13,359
32.5,7,0,14,361
32.5,7,0,15,362
32.5,7,1,0,340
32.5,7,1,1,342
32.5,7,1,2,344
32.5,7,1,3,345
32.5,7,1,4,347
32.5,7,1,5,348
32.5,7,1,6,350
32.5,7,1,7,352
32.5,7,1,8,353
32.5,7,1,9,355
32.5,7,1,10,357
32.5,7,1,11,358
32.5,7,1,12,360
32.5,7,1,13,361
32.5,7,1,14,363
32.5,7,1,15,364
32.5,7,2,0,342
32.5,7,2,1,344
32.5,7,2,2,346
32.5,7,2,3,347
32.5,7,2,4,349
32.5,7,2,5,351
32.5,7,2,6,352
32.5,7,2,7,354
32.5,7,2,8,355
32.5,7,2,9,357
32.5,7,2,10,359
32.5,7,2,11,360
32.5,7,2,12,362
32.5,7,2,13,363
32.5,7,2,14,365
32.5,7,2,15,367
32.5,7,3,0,344
32.5,7,3,1,346
32.5,7,3,2,348
32.5,7,3,3,349
32.5,7,3,4,351
32.5,7,3,5,353
32.5,7,3,6,354
32.5,7,3,7,356
32.5,7,3,8,357
32.5,7,3,9,359
32.5,7,3,10,361
32.5,7,3,11,362
32.5,7,3,12,364
32.5,7,3,13,366
32.5,7,3,14,367
32.5,7,3,15,369
32.5,7,4,0,346
32.5,7,4,1,348
32.5,7,4,2,350
32.5,7,4,3,351
32.5,7,4,4,353
32.5,7,4,5,355
32.5,7,4,6,356
32.5,7,4,7,358
32.5,7,4,8,360
32.5,7,4,9,361
32.5,7,4,10,363
32.5,7,4,11,364
32.5,7,4,12,366
32.5,7,4,13,368
32.5,7,4,14,369
32.5,7,4,15,371
32.5,7,5,0,348
32.5,7,5,1,350
32.5,7,5,2,352
32.5,7,5,3,353
32.5,7,5,4,355
32.5,7,5,5,357
32.5,7,5,6,358
32.5,7,5,7,360
32.5,7,5,8,362
32.5,7,5,9,363
32.5,7,5,10,365
32.5,7,5,11,367
32.5,7,5,12,368
32.5,7,5,13,370
32.5,7,5,14,371
32.5,7,5,15,373
32.5,7,6,0,350
32.5,7,6,1,352
32.5,7,6,2,354
32.5,7,6,3,355
32.5,7,6,4,357
32.5,7,6,5,359
32.5,7,6,6,360
32.5,7,6,7,362
32.5,7,6,8,364
32.5,7,6,9,365
32.5,7,6,10,367
32.5,7,6,11,369
32.5,7,6,12,370
32.5,7,6,13,372
32.5,7,6,14,373
32.5,7,6,15,375
32.5,7,7,0,352
32.5,7,7,1,354
32.5,7,7,2,356
32.5,7,7,3,357
32.5,7,7,4,359
32.5,7,7,5,361
32.5,7,7,6,362
32.5,7,7,7,364
32.5,7,7,8,366
32.5,7,7,9,367
32.5,7,7,10,369
32.5,7,7,11,371
32.5,7,7,12,372
32.5,7,7,13,374
32.5,7,7,14,376
32.5,7,7,15,377
32.5,7,8,0,354
32.5,7,8,1,356
32.5,7,8,2,358
32.5,7,8,3,359
32.5,7,8,4,361
32.5,7,8,5,363
32.5,7,8,6,364
32.5,7,8,7,366
32.5,7,8,8,368
32.5,7,8,9,369
32.5,7,8,10,371
32.5,7,8,11,373
32.5,7,8,12,374
32.5,7,8,13,376
32.5,7,8,14,378
32.5,7,8,15,379
32.5,7,9,0,356
32.5,7,9,1,358
32.5,7,9,2,360
32.5,7,9,3,361
32.5,7,9,4,363
32.5,7,9,5,365
32.5,7,9,6,366
32.5,7,9,7,368
32.5,7,9,8,370
32.5,7,9,9,371
32.5,7,9,10,373
32.5,7,9,11,375
32.5,7,9,12,376
32.5,7,9,13,378
32.5,7,9,14,380
32.5,7,9,15,381
32.5,7,10,0,358
32.5,7,10,1,360
32.5,7,10,2,361
32.5,7,10,3,363
32.5,7,10,4,365
32.5,7,10,5,367
32.5,7,10,6,368
32.5,7,10,7,370
32.5,7,10,8,372
32.5,7,10,9,373
32.5,7,10,10,375
32.5,7,10,11,377
32.5,7,10,12,378
32.5,7,10,13,380
32.5,7,10,14,382
32.5,7,10,15,383
32.5,7,11,0,360
32.5,7,11,1,362
32.5,7,11,2,363
32.5,7,11,3,365
32.5,7,11,4,367
32.5,7,11,5,369
32.5,7,11,6,370
32.5,7,11,7,372
32.5,7,11,8,374
32.5,7,11,9,375
32.5,7,11,10,377
32.5,7,11,11,379
32.5,7,11,12,381
32.5,7,11,13,382
32.5,7,11,14,384
32.5,7,11,15,386
32.5,7,12,0,362
32.5,7,12,1,364
32.5,7,12,2,365
32.5,7,12,3,367
32.5,7,12,4,369
32.5,7,12,5,371
32.5,7,12,6,372
32.5,7,12,7,374
32.5,7,12,8,376
32.5,7,12,9,377
32.5,7,12,10,379
32.5,7,12,11,381
32.5,7,12,12,383
32.5,7,12,13,384
32.5,7,12,14,386
32.5,7,12,15,388
32.5,7,13,0,364
32.5,7,13,1,366
32.5,7,13,2,367
32.5,7,13,3,369
32.5,7,13,4,371
32.5,7,13,5,373
32.5,7,13,6,374
32.5,7,13,7,376
32.5,7,13,8,378
32.5,7,13,9,379
32.5,7,13,10,381
32.5,7,13,11,383
32.5,7,13,12,385
32.5,7,13,13,386
32.5,7,13,14,388
32.5,7,13,15,390
32.5,7,14,0,366
32.5,7,14,1,367
32.5,7,14,2,369
32.5,7,14,3,371
32.5,7,14,4,373
32.5,7,14,5,374
32.5,7,14,6,376
32.5,7,14,7,378
32.5,7,14,8,380
32.5,7,14,9,381
32.5,7,14,10,383
32.5,7,14,11,385
32.5,7,14,12,387
32.5,7,14,13,388
32.5,7,14,14,390
32.5,7,14,15,392
32.5,7,15,0,367
32.5,7,15,1,369
32.5,7,15,2,371
32.5,7,15,3,373
32.5,7,15,4,375
32.5,7,15,5,376
32.5,7,15,6,378
32.5,7,15,7,380
32.5,7,15,8,382
32.5,7,15,9,383
32.5,7,15,10,385
32.5,7,15,11,387
32.5,7,15,12,389
32.5,7,15,13,390
32.5,7,15,14,392
32.5,7,15,15,394
32.5,8,0,0,343
32.5,8,0,1,345
32.5,8,0,2,347
32.5,8,0,3,348
32.5,8,0,4,350
32.5,8,0,5,352
32.5,8,0,6,353
32.5,8,0,7,355
32.5,8,0,8,357
32.5,8,0,9,358
32.5,8,0,10,360
32.5,8,0,11,361
32.5,8,0,12,363
32.5,8,0,13,365
32.5,8,0,14,366
32.5,8,0,15,368
32.5,8,1,0,345
32.5,8,1,1,347
32.5,8,1,2,349
32.5,8,1,3,350
32.5,8,1,4,352
32.5,8,1,5,354
32.5,8,1,6,355
32.5,8,1,7,357
32.5,8,1,8,359
32.5,8,1,9,360
32.5,8,1,10,362
32.5,8,1,11,364
32.5,8,1,12,365
32.5,8,1,13,367
32.5,8,1,14,368
32.5,8,1,15,370
32.5,8,2,0,347
32.5,8,2,1,349
32.5,8,2,2,351
32.5,8,2,3,352
32.5,8,2,4,354
32.5,8,2,5,356
32.5,8,2,6,357
32.5,8,2,7,359
32.5,8,2,8,361
32.5,8,2,9,362
32.5,8,2,10,364
32.5,8,2,11,366
32.5,8,2,12,367
32.5,8,2,13,369
32.5,8,2,14,371
32.5,8,2,15,372
32.5,8,3,0,349
32.5,8,3,1,351
32.5,8,3,2,353
32.5,8,3,3,355
32.5,8,3,4,356
32.5,8,3,5,358
32.5,8,3,6,360
32.5,8,3,7,361
32.5,8,3,8,363
32.5,8,3,9,365
32.5,8,3,10,366
32.5,8,3,11,368
32.5,8,3,12,369
32.5,8,3,13,371
32.5,8,3,14,373
32.5,8,3,15,374
32.5,8,4,0,351
32.5,8,4,1,353
32.5,8,4,2,355
32.5,8,4,3,357
32.5,8,4,4,358
32.5,8,4,5,360
32.5,8,4,6,362
32.5,8,4,7,363
32.5,8,4,8,365
32.5,8,4,9,367
32.5,8,4,10,368
32.5,8,4,11,370
32.5,8,4,12,372
32.5,8,4,13,373
32.5,8,4,14,375
32.5,8,4,15,376
32.5,8,5,0,353
32.5,8,5,1,355
32.5,8,5,2,357
32.5,8,5,3,359
32.5,8,5,4,360
32.5,8,5,5,362
32.5,8,5,6,364
32.5,8,5,7,365
32.5,8,5,8,367
32.5,8,5,9,369
32.5,8,5,10,370
32.5,8,5,11,372
32.5,8,5,12,374
32.5,8,5,13,375
32.5,8,5,14,377
32.5,8,5,15,379
32.5,8,6,0,356
32.5,8,6,1,357
32.5,8,6,2,359
32.5,8,6,3,361
32.5,8,6,4,362
32.5,8,6,5,364
32.5,8,6,6,366
32.5,8,6,7,368
32.5,8,6,8,369
32.5,8,6,9,371
32.5,8,6,10,373
32.5,8,6,11,374
32.5,8,6,12,376
32.5,8,6,13,378
32.5,8,6,14,379
32.5,8,6,15,381
32.5,8,7,0,357
32.5,8,7,1,359
32.5,8,7,2,361
32.5,8,7,3,363
32.5,8,7,4,364
32.5,8,7,5,366
32.5,8,7,6,368
32.5,8,7,7,370
32.5,8,7,8,371
32.5,8,7,9,373
32.5,8,7,10,375
32.5,8,7,11,376
32.5,8,7,12,378
32.5,8,7,13,380
32.5,8,7,14,381
32.5,8,7,15,383
32.5,8,8,0,359
32.5,8,8,1,361
32.5,8,8,2,363
32.5,8,8,3,365
32.5,8,8,4,366
32.5,8,8,5,368
32.5,8,8,6,370
32.5,8,8,7,372
32.5,8,8,8,373
32.5,8,8,9,375
32.5,8,8,10,377
32.5,8,8,11,378
32.5,8,8,12,380
32.5,8,8,13,382
32.5,8,8,14,383
32.5,8,8,15,385
32.5,8,9,0,361
32.5,8,9,1,363
32.5,8,9,2,365
32.5,8,9,3,367
32.5,8,9,4,368
32.5,8,9,5,370
32.5,8,9,6,372
32.5,8,9,7,374
32.5,8,9,8,375
32.5,8,9,9,377
32.5,8,9,10,379
32.5,8,9,11,380
32.5,8,9,12,382
32.5,8,9,13,384
32.5,8,9,14,385
32.5,8,9,15,387
32.5,8,10,0,363
32.5,8,10,1,365
32.5,8,10,2,367
32.5,8,10,3,369
32.5,8,10,4,370
32.5,8,10,5,372
32.5,8,10,6,374
32.5,8,10,7,376
32.5,8,10,8,377
32.5,8,10,9,379
32.5,8,10,10,381
32.5,8,10,11,383
32.5,8,10,12,384
32.5,8,10,13,386
32.5,8,10,14,388
32.5,8,10,15,389
32.5,8,11,0,365
32.5,8,11,1,367
32.5,8,11,2,369
32.5,8,11,3,371
32.5,8,11,4,372
32.5,8,11,5,374
32.5,8,11,6,376
32.5,8,11,7,378
32.5,8,11,8,379
32.5,8,11,9,381
32.5,8,11,10,383
32.5,8,11,11,385
32.5,8,11,12,386
32.5,8,11,13,388
32.5,8,11,14,390
32.5,8,11,15,391
32.5,8,12,0,367
32.5,8,12,1,369
32.5,8,12,2,371
32.5,8,12,3,373
32.5,8,12,4,374
32.5,8,12,5,376
32.5,8,12,6,378
32.5,8,12,7,380
32.5,8,12,8,381
32.5,8,12,9,383
32.5,8,12,10,385
32.5,8,12,11,387
32.5,8,12,12,388
32.5,8,12,13,390
32.5,8,12,14,392
32.5,8,12,15,393
32.5,8,13,0,369
32.5,8,13,1,371
32.5,8,13,2,373
32.5,8,13,3,375
32.5,8,13,4,376
32.5,8,13,5,378
32.5,8,13,6,380
32.5,8,13,7,382
32.5,8,13,8,383
32.5,8,13,9,385
32.5,8,13,10,387
32.5,8,13,11,389
32.5,8,13,12,390
32.5,8,13,13,392
32.5,8,13,14,394
32.5,8,13,15,395
32.5,8,14,0,371
32.5,8,14,1,373
32.5,8,14,2,375
32.5,8,14,3,377
32.5,8,14,4,378
32.5,8,14,5,380
32.5,8,14,6,382
32.5,8,14,7,384
32.5,8,14,8,385
32.5,8,14,9,387
32.5,8,14,10,389
32.5,8,14,11,391
32.5,8,14,12,392
32.5,8,14,13,394
32.5,8,14,14,396
32.5,8,14,15,398
32.5,8,15,0,373
32.5,8,15,1,375
32.5,8,15,2,377
32.5,8,15,3,379
32.5,8,15,4,380
32.5,8,15,5,382
32.5,8,15,6,384
32.5,8,15,7,386
32.5,8,15,8,387
32.5,8,15,9,389
32.5,8,15,10,391
32.5,8,15,11,393
32.5,8,15,12,394
32.5,8,15,13,396
32.5,8,15,14,398
32.5,8,15,15,400
32.5,9,0,0,348
32.5,9,0,1,350
32.5,9,0,2,352
32.5,9,0,3,354
32.5,9,0,4,355
32.5,9,0,5,357
32.5,9,0,6,359
32.5,9,0,7,360
32.5,9,0,8,362
32.5,9,0,9,363
32.5,9,0,10,365
32.5,9,0,11,367
32.5,9,0,12,368
32.5,9,0,13,370
32.5,9,0,14,372
32.5,9,0,15,373
32.5,9,1,0,351
32.5,9,1,1,352
32.5,9,1,2,354
32.5,9,1,3,356
32.5,9,1,4,357
32.5,9,1,5,359
32.5,9,1,6,361
32.5,9,1,7,362
32.5,9,1,8,364
32.5,9,1,9,366
32.5,9,1,10,367
32.5,9,1,11,369
32.5,9,1,12,371
32.5,9,1,13,372
32.5,9,1,14,374
32.5,9,1,15,375
32.5,9,2,0,353
32.5,9,2,1,354
32.5,9,2,2,356
32.5,9,2,3,358
32.5,9,2,4,359
32.5,9,2,5,361
32.5,9,2,6,363
32.5,9,2,7,365
32.5,9,2,8,366
32.5,9,2,9,368
32.5,9,2,10,370
32.5,9,2,11,371
32.5,9,2,12,373
32.5,9,2,13,374
32.5,9,2,14,376
32.5,9,2,15,378
32.5,9,3,0,355
32.5,9,3,1,356
32.5,9,3,2,358
32.5,9,3,3,360
32.5,9,3,4,362
32.5,9,3,5,363
32.5,9,3,6,365
32.5,9,3,7,367
32.5,9,3,8,368
32.5,9,3,9,370
32.5,9,3,10,372
32.5,9,3,11,373
32.5,9,3,12,375
32.5,9,3,13,377
32.5,9,3,14,378
32.5,9,3,15,380
32.5,9,4,0,357
32.5,9,4,1,358
32.5,9,4,2,360
32.5,9,4,3,362
32.5,9,4,4,364
32.5,9,4,5,365
32.5,9,4,6,367
32.5,9,4,7,369
32.5,9,4,8,370
32.5,9,4,9,372
32.5,9,4,10,374
32.5,9,4,11,376
32.5,9,4,12,377
32.5,9,4,13,379
32.5,9,4,14,380
32.5,9,4,15,382
32.5,9,5,0,359
32.5,9,5,1,361
32.5,9,5,2,362
32.5,9,5,3,364
32.5,9,5,4,366
32.5,9,5,5,367
32.5,9,5,6,369
32.5,9,5,7,371
32.5,9,5,8,373
32.5,9,5,9,374
32.5,9,5,10,376
32.5,9,5,11,378
32.5,9,5,12,379
32.5,9,5,13,381
32.5,9,5,14,383
32.5,9,5,15,384
32.5,9,6,0,361
32.5,9,6,1,363
32.5,9,6,2,364
32.5,9,6,3,366
32.5,9,6,4,368
32.5,9,6,5,370
32.5,9,6,6,371
32.5,9,6,7,373
32.5,9,6,8,375
32.5,9,6,9,376
32.5,9,6,10,378
32.5,9,6,11,380
32.5,9,6,12,381
32.5,9,6,13,383
32.5,9,6,14,385
32.5,9,6,15,386
32.5,9,7,0,363
32.5,9,7,1,365
32.5,9,7,2,366
32.5,9,7,3,368
32.5,9,7,4,370
32.5,9,7,5,372
32.5,9,7,6,373
32.5,9,7,7,375
32.5,9,7,8,377
32.5,9,7,9,379
32.5,9,7,10,380
32.5,9,7,11,382
32.5,9,7,12,384
32.5,9,7,13,385
32.5,9,7,14,387
32.5,9,7,15,389
32.5,9,8,0,365
32.5,9,8,1,367
32.5,9,8,2,368
32.5,9,8,3,370
32.5,9,8,4,372
32.5,9,8,5,374
32.5,9,8,6,375
32.5,9,8,7,377
32.5,9,8,8,379
32.5,9,8,9,381
32.5,9,8,10,382
32.5,9,8,11,384
32.5,9,8,12,386
32.5,9,8,13,387
32.5,9,8,14,389
32.5,9,8,15,391
32.5,9,9,0,367
32.5,9,9,1,369
32.5,9,9,2,370
32.5,9,9,3,372
32.5,9,9,4,374
32.5,9,9,5,376
32.5,9,9,6,378
32.5,9,9,7,379
32.5,9,9,8,381
32.5,9,9,9,383
32.5,9,9,10,384
32.5,9,9,11,386
32.5,9,9,12,388
32.5,9,9,13,390
32.5,9,9,14,391
32.5,9,9,15,393
32.5,9,10,0,369
32.5,9,10,1,371
32.5,9,10,2,372
32.5,9,10,3,374
32.5,9,10,4,376
32.5,9,10,5,378
32.5,9,10,6,380
32.5,9,10,7,381
32.5,9,10,8,383
32.5,9,10,9,385
32.5,9,10,10,387
32.5,9,10,11,388
32.5,9,10,12,390
32.5,9,10,13,392
32.5,9,10,14,393
32.5,9,10,15,395
32.5,9,11,0,371
32.5,9,11,1,373
32.5,9,11,2,374
32.5,9,11,3,376
32.5,9,11,4,378
32.5,9,11,5,380
32.5,9,11,6,382
32.5,9,11,7,383
32.5,9,11,8,385
32.5,9,11,9,387
32.5,9,11,10,389
32.5,9,11,11,390
32.5,9,11,12,392
32.5,9,11,13,394
32.5,9,11,14,395
32.5,9,11,15,397
32.5,9,12,0,373
32.5,9,12,1,375
32.5,9,12,2,376
32.5,9,12,3,378
32.5,9,12,4,380
32.5,9,12,5,382
32.5,9,12,6,384
32.5,9,12,7,385
32.5,9,12,8,387
32.5,9,12,9,389
32.5,9,12,10,391
32.5,9,12,11,392
32.5,9,12,12,394
32.5,9,12,13,396
32.5,9,12,14,398
32.5,9,12,15,399
32.5,9,13,0,375
32.5,9,13,1,377
32.5,9,13,2,378
32.5,9,13,3,380
32.5,9,13,4,382
32.5,9,13,5,384
32.5,9,13,6,386
32.5,9,13,7,387
32.5,9,13,8,389
32.5,9,13,9,391
32.5,9,13,10,393
32.5,9,13,11,394
32.5,9,13,12,396
32.5,9,13,13,398
32.5,9,13,14,400
32.5,9,13,15,401
32.5,9,14,0,377
32.5,9,14,1,379
32.5,9,14,2,380
32.5,9,14,3,382
32.5,9,14,4,384
32.5,9,14,5,386
32.5,9,14,6,388
32.5,9,14,7,389
32.5,9,14,8,391
32.5,9,14,9,393
32.5,9,14,10,395
32.5,9,14,11,397
32.5,9,14,12,398
32.5,9,14,13,400
32.5,9,14,14,402
32.5,9,14,15,403
32.5,9,15,0,379
32.5,9,15,1,381
32.5,9,15,2,382
32.5,9,15,3,384
32.5,9,15,4,386
32.5,9,15,5,388
32.5,9,15,6,390
32.5,9,15,7,391
32.5,9,15,8,393
32.5,9,15,9,395
32.5,9,15,10,397
32.5,9,15,11,399
32.5,9,15,12,400
32.5,9,15,13,402
32.5,9,15,14,404
32.5,9,15,15,406
32.5,10,0,0,354
32.5,10,0,1,355
32.5,10,0,2,357
32.5,10,0,3,359
32.5,10,0,4,360
32.5,10,0,5,362
32.5,10,0,6,364
32.5,10,0,7,366
32.5,10,0,8,367
32.5,10,0,9,369
32.5,10,0,10,371
32.5,10,0,11,372
32.5,10,0,12,374
32.5,10,0,13,375
32.5,10,0,14,377
32.5,10,0,15,379
32.5,10,1,0,356
32.5,10,1,1,357
32.5,10,1,2,359
32.5,10,1,3,361
32.5,10,1,4,363
32.5,10,1,5,364
32.5,10,1,6,366
32.5,10,1,7,368
32.5,10,1,8,369
32.5,10,1,9,371
32.5,10,1,10,373
32.5,10,1,11,374
32.5,10,1,12,376
32.5,10,1,13,378
32.5,10,1,14,379
32.5,10,1,15,381
32.5,10,2,0,358
32.5,10,2,1,360
32.5,10,2,2,361
32.5,10,2,3,363
32.5,10,2,4,365
32.5,10,2,5,366
32.5,10,2,6,368
32.5,10,2,7,370
32.5,10,2,8,372
32.5,10,2,9,373
32.5,10,2,10,375
32.5,10,2,11,377
32.5,10,2,12,378
32.5,10,2,13,380
32.5,10,2,14,382
32.5,10,2,15,383
32.5,10,3,0,360
32.5,10,3,1,362
32.5,10,3,2,363
32.5,10,3,3,365
32.5,10,3,4,367
32.5,10,3,5,369
32.5,10,3,6,370
32.5,10,3,7,372
32.5,10,3,8,374
32.5,10,3,9,375
32.5,10,3,10,377
32.5,10,3,11,379
32.5,10,3,12,381
32.5,10,3,13,382
32.5,10,3,14,384
32.5,10,3,15,385
32.5,10,4,0,362
32.5,10,4,1,364
32.5,10,4,2,366
32.5,10,4,3,367
32.5,10,4,4,369
32.5,10,4,5,371
32.5,10,4,6,372
32.5,10,4,7,374
32.5,10,4,8,376
32.5,10,4,9,378
32.5,10,4,10,379
32.5,10,4,11,381
32.5,10,4,12,383
32.5,10,4,13,384
32.5,10,4,14,386
32.5,10,4,15,388
32.5,10,5,0,364
32.5,10,5,1,366
32.5,10,5,2,368
32.5,10,5,3,369
32.5,10,5,4,371
32.5,10,5,5,373
32.5,10,5,6,375
32.5,10,5,7,376
32.5,10,5,8,378
32.5,10,5,9,380
32.5,10,5,10,382
32.5,10,5,11,383
32.5,10,5,12,385
32.5,10,5,13,387
32.5,10,5,14,388
32.5,10,5,15,390
32.5,10,6,0,366
32.5,10,6,1,368
32.5,10,6,2,370
32.5,10,6,3,371
32.5,10,6,4,373
32.5,10,6,5,375
32.5,10,6,6,377
32.5,10,6,7,379
32.5,10,6,8,380
32.5,10,6,9,382
32.5,10,6,10,384
32.5,10,6,11,385
32.5,10,6,12,387
32.5,10,6,13,389
32.5,10,6,14,390
32.5,10,6,15,392
32.5,10,7,0,368
32.5,10,7,1,370
32.5,10,7,2,372
32.5,10,7,3,374
32.5,10,7,4,375
32.5,10,7,5,377
32.5,10,7,6,379
32.5,10,7,7,381
32.5,10,7,8,382
32.5,10,7,9,384
32.5,10,7,10,386
32.5,10,7,11,388
32.5,10,7,12,389
32.5,10,7,13,391
32.5,10,7,14,393
32.5,10,7,15,394
32.5,10,8,0,370
32.5,10,8,1,372
32.5,10,8,2,374
32.5,10,8,3,376
32.5,10,8,4,377
32.5,10,8,5,379
32.5,10,8,6,381
32.5,10,8,7,383
32.5,10,8,8,384
32.5,10,8,9,386
32.5,10,8,10,388
32.5,10,8,11,390
32.5,10,8,12,391
32.5,10,8,13,393
32.5,10,8,14,395
32.5,10,8,15,397
32.5,10,9,0,372
32.5,10,9,1,374
32.5,10,9,2,376
32.5,10,9,3,378
32.5,10,9,4,379
32.5,10,9,5,381
32.5,10,9,6,383
32.5,10,9,7,385
32.5,10,9,8,387
32.5,10,9,9,388
32.5,10,9,10,390
32.5,10,9,11,392
32.5,10,9,12,394
32.5,10,9,13,395
32.5,10,9,14,397
32.5,10,9,15,399
32.5,10,10,0,374
32.5,10,10,1,376
32.5,10,10,2,378
32.5,10,10,3,380
32.5,10,10,4,382
32.5,10,10,5,383
32.5,10,10,6,385
32.5,10,10,7,387
32.5,10,10,8,389
32.5,10,10,9,390
32.5,10,10,10,392
32.5,10,10,11,394
32.5,10,10,12,396
32.5,10,10,13,397
32.5,10,10,14,399
32.5,10,10,15,401
32.5,10,11,0,376
32.5,10,11,1,378
32.5,10,11,2,380
32.5,10,11,3,382
32.5,10,11,4,384
32.5,10,11,5,385
32.5,10,11,6,387
32.5,10,11,7,389
32.5,10,11,8,391
32.5,10,11,9,393
32.5,10,11,10,394
32.5,10,11,11,396
32.5,10,11,12,398
32.5,10,11,13,400
32.5,10,11,14,401
32.5,10,11,15,403
32.5,10,12,0,378
32.5,10,12,1,380
32.5,10,12,2,382
32.5,10,12,3,384
32.5,10,12,4,386
32.5,10,12,5,387
32.5,10,12,6,389
32.5,10,12,7,391
32.5,10,12,8,393
32.5,10,12,9,395
32.5,10,12,10,396
32.5,10,12,11,398
32.5,10,12,12,400
32.5,10,12,13,402
32.5,10,12,14,403
32.5,10,12,15,405
32.5,10,13,0,380
32.5,10,13,1,382
32.5,10,13,2,384
32.5,10,13,3,386
32.5,10,13,4,388
32.5,10,13,5,389
32.5,10,13,6,391
32.5,10,13,7,393
32.5,10,13,8,395
32.5,10,13,9,397
32.5,10,13,10,399
32.5,10,13,11,400
32.5,10,13,12,402
32.5,10,13,13,404
32.5,10,13,14,406
32.5,10,13,15,407
32.5,10,14,0,382
32.5,10,14,1,384
32.5,10,14,2,386
32.5,10,14,3,388
32.5,10,14,4,390
32.5,10,14,5,392
32.5,10,14,6,393
32.5,10,14,7,395
32.5,10,14,8,397
32.5,10,14,9,399
32.5,10,14,10,401
32.5,10,14,11,402
32.5,10,14,12,404
32.5,10,14,13,406
32.5,10,14,14,408
32.5,10,14,15,409
32.5,10,15,0,384
32.5,10,15,1,386
32.5,10,15,2,388
32.5,10,15,3,390
32.5,10,15,4,392
32.5,10,15,5,394
32.5,10,15,6,395
32.5,10,15,7,397
32.5,10,15,8,399
32.5,10,15,9,401
32.5,10,15,10,403
32.5,10,15,11,404
32.5,10,15,12,406
32.5,10,15,13,408
32.5,10,15,14,410
32.5,10,15,15,412
32.5,11,0,0,359
32.5,11,0,1,360
32.5,11,0,2,362
32.5,11,0,3,364
32.5,11,0,4,366
32.5,11,0,5,367
32.5,11,0,6,369
32.5,11,0,7,371
32.5,11,0,8,373
32.5,11,0,9,374
32.5,11,0,10,376
32.5,11,0,11,378
32.5,11,0,12,379
32.5,11,0,13,381
32.5,11,0,14,383
32.5,11,0,15,384
32.5,11,1,0,361
32.5,11,1,1,363
32.5,11,1,2,364
32.5,11,1,3,366
32.5,11,1,4,368
32.5,11,1,5,370
32.5,11,1,6,371
32.5,11,1,7,373
32.5,11,1,8,375
32.5,11,1,9,376
32.5,11,1,10,378
32.5,11,1,11,380
32.5,11,1,12,382
32.5,11,1,13,383
32.5,11,1,14,385
32.5,11,1,15,387
32.5,11,2,0,363
32.5,11,2,1,365
32.5,11,2,2,367
32.5,11,2,3,368
32.5,11,2,4,370
32.5,11,2,5,372
32.5,11,2,6,374
32.5,11,2,7,375
32.5,11,2,8,377
32.5,11,2,9,379
32.5,11,2,10,380
32.5,11,2,11,382
32.5,11,2,12,384
32.5,11,2,13,385
32.5,11,2,14,387
32.5,11,2,15,389
32.5,11,3,0,365
32.5,11,3,1,367
32.5,11,3,2,369
32.5,11,3,3,370
32.5,11,3,4,372
32.5,11,3,5,374
32.5,11,3,6,376
32.5,11,3,7,377
32.5,11,3,8,379
32.5,11,3,9,381
32.5,11,3,10,383
32.5,11,3,11,384
32.5,11,3,12,386
32.5,11,3,13,388
32.5,11,3,14,389
32.5,11,3,15,391
32.5,11,4,0,367
32.5,11,4,1,369
32.5,11,4,2,371
32.5,11,4,3,373
32.5,11,4,4,374
32.5,11,4,5,376
32.5,11,4,6,378
32.5,11,4,7,380
32.5,11,4,8,381
32.5,11,4,9,383
32.5,11,4,10,385
32.5,11,4,11,387
32.5,11,4,12,388
32.5,11,4,13,390
32.5,11,4,14,392
32.5,11,4,15,393
32.5,11,5,0,369
32.5,11,5,1,371
32.5,11,5,2,373
32.5,11,5,3,375
32.5,11,5,4,377
32.5,11,5,5,378
32.5,11,5,6,380
32.5,11,5,7,382
32.5,11,5,8,384
32.5,11,5,9,385
32.5,11,5,10,387
32.5,11,5,11,389
32.5,11,5,12,391
32.5,11,5,13,392
32.5,11,5,14,394
32.5,11,5,15,396
32.5,11,6,0,371
32.5,11,6,1,373
32.5,11,6,2,375
32.5,11,6,3,377
32.5,11,6,4,379
32.5,11,6,5,380
32.5,11,6,6,382
32.5,11,6,7,384
32.5,11,6,8,386
32.5,11,6,9,388
32.5,11,6,10,389
32.5,11,6,11,391
32.5,11,6,12,393
32.5,11,6,13,394
32.5,11,6,14,396
32.5,11,6,15,398
32.5,11,7,0,374
32.5,11,7,1,375
32.5,11,7,2,377
32.5,11,7,3,379
32.5,11,7,4,381
32.5,11,7,5,383
32.5,11,7,6,384
32.5,11,7,7,386
32.5,11,7,8,388
32.5,11,7,9,390
32.5,11,7,10,391
32.5,11,7,11,393
32.5,11,7,12,395
32.5,11,7,13,397
32.5,11,7,14,398
32.5,11,7,15,400
32.5,11,8,0,376
32.5,11,8,1,377
32.5,11,8,2,379
32.5,11,8,3,381
32.5,11,8,4,383
32.5,11,8,5,385
32.5,11,8,6,387
32.5,11,8,7,388
32.5,11,8,8,390
32.5,11,8,9,392
32.5,11,8,10,394
32.5,11,8,11,395
32.5,11,8,12,397
32.5,11,8,13,399
32.5,11,8,14,401
32.5,11,8,15,402
32.5,11,9,0,378
32.5,11,9,1,380
32.5,11,9,2,381
32.5,11,9,3,383
32.5,11,9,4,385
32.5,11,9,5,387
32.5,11,9,6,389
32.5,11,9,7,390
32.5,11,9,8,392
32.5,11,9,9,394
32.5,11,9,10,396
32.5,11,9,11,398
32.5,11,9,12,399
32.5,11,9,13,401
32.5,11,9,14,403
32.5,11,9,15,405
32.5,11,10,0,380
32.5,11,10,1,382
32.5,11,10,2,383
32.5,11,10,3,385
32.5,11,10,4,387
32.5,11,10,5,389
32.5,11,10,6,391
32.5,11,10,7,393
32.5,11,10,8,394
32.5,11,10,9,396
32.5,11,10,10,398
32.5,11,10,11,400
32.5,11,10,12,401
32.5,11,10,13,403
32.5,11,10,14,405
32.5,11,10,15,407
32.5,11,11,0,382
32.5,11,11,1,384
32.5,11,11,2,385
32.5,11,11,3,387
32.5,11,11,4,389
32.5,11,11,5,391
32.5,11,11,6,393
32.5,11,11,7,395
32.5,11,11,8,396
32.5,11,11,9,398
32.5,11,11,10,400
32.5,11,11,11,402
32.5,11,11,12,404
32.5,11,11,13,405
32.5,11,11,14,407
32.5,11,11,15,409
32.5,11,12,0,384
32.5,11,12,1,386
32.5,11,12,2,388
32.5,11,12,3,389
32.5,11,12,4,391
32.5,11,12,5,393
32.5,11,12,6,395
32.5,11,12,7,397
32.5,11,12,8,399
32.5,11,12,9,400
32.5,11,12,10,402
32.5,11,12,11,404
32.5,11,12,12,406
32.5,11,12,13,408
32.5,11,12,14,409
32.5,11,12,15,411
32.5,11,13,0,386
32.5,11,13,1,388
32.5,11,13,2,390
32.5,11,13,3,391
32.5,11,13,4,393
32.5,11,13,5,395
32.5,11,13,6,397
32.5,11,13,7,399
32.5,11,13,8,401
32.5,11,13,9,402
32.5,11,13,10,404
32.5,11,13,11,406
32.5,11,13,12,408
32.5,11,13,13,410
32.5,11,13,14,411
32.5,11,13,15,413
32.5,11,14,0,388
32.5,11,14,1,390
32.5,11,14,2,392
32.5,11,14,3,393
32.5,11,14,4,395
32.5,11,14,5,397
32.5,11,14,6,399
32.5,11,14,7,401
32.5,11,14,8,403
32.5,11,14,9,405
32.5,11,14,10,406
32.5,11,14,11,408
32.5,11,14,12,410
32.5,11,14,13,412
32.5,11,14,14,414
32.5,11,14,15,415
32.5,11,15,0,390
32.5,11,15,1,392
32.5,11,15,2,394
32.5,11,15,3,395
32.5,11,15,4,397
32.5,11,15,5,399
32.5,11,15,6,401
32.5,11,15,7,403
32.5,11,15,8,405
32.5,11,15,9,407
32.5,11,15,10,408
32.5,11,15,11,410
32.5,11,15,12,412
32.5,11,15,13,414
32.5,11,15,14,416
32.5,11,15,15,418
32.5,12,0,0,364
32.5,12,0,1,366
32.5,12,0,2,367
32.5,12,0,3,369
32.5,12,0,4,371
32.5,12,0,5,373
32.5,12,0,6,374
32.5,12,0,7,376
32.5,12,0,8,378
32.5,12,0,9,380
32.5,12,0,10,381
32.5,12,0,11,383
32.5,12,0,12,385
32.5,12,0,13,386
32.5,12,0,14,388
32.5,12,0,15,390
32.5,12,1,0,366
32.5,12,1,1,368
32.5,12,1,2,370
32.5,12,1,3,371
32.5,12,1,4,373
32.5,12,1,5,375
32.5,12,1,6,377
32.5,12,1,7,378
32.5,12,1,8,380
32.5,12,1,9,382
32.5,12,1,10,384
32.5,12,1,11,385
32.5,12,1,12,387
32.5,12,1,13,389
32.5,12,1,14,390
32.5,12,1,15,392
32.5,12,2,0,368
32.5,12,2,1,370
32.5,12,2,2,372
32.5,12,2,3,374
32.5,12,2,4,375
32.5,12,2,5,377
32.5,12,2,6,379
32.5,12,2,7,381
32.5,12,2,8,382
32.5,12,2,9,384
32.5,12,2,10,386
32.5,12,2,11,388
32.5,12,2,12,389
32.5,12,2,13,391
32.5,12,2,14,393
32.5,12,2,15,394
32.5,12,3,0,370
32.5,12,3,1,372
32.5,12,3,2,374
32.5,12,3,3,376
32.5,12,3,4,378
32.5,12,3,5,379
32.5,12,3,6,381
32.5,12,3,7,383
32.5,12,3,8,385
32.5,12,3,9,386
32.5,12,3,10,388
32.5,12,3,11,390
32.5,12,3,12,392
32.5,12,3,13,393
32.5,12,3,14,395
32.5,12,3,15,397
32.5,12,4,0,372
32.5,12,4,1,374
32.5,12,4,2,376
32.5,12,4,3,378
32.5,12,4,4,380
32.5,12,4,5,382
32.5,12,4,6,383
32.5,12,4,7,385
32.5,12,4,8,387
32.5,12,4,9,389
32.5,12,4,10,390
32.5,12,4,11,392
32.5,12,4,12,394
32.5,12,4,13,396
32.5,12,4,14,397
32.5,12,4,15,399
32.5,12,5,0,375
32.5,12,5,1,376
32.5,12,5,2,378
32.5,12,5,3,380
32.5,12,5,4,382
32.5,12,5,5,384
32.5,12,5,6,386
32.5,12,5,7,387
32.5,12,5,8,389
32.5,12,5,9,391
32.5,12,5,10,393
32.5,12,5,11,394
32.5,12,5,12,396
32.5,12,5,13,398
32.5,12,5,14,400
32.5,12,5,15,401
32.5,12,6,0,377
32.5,12,6,1,379
32.5,12,6,2,380
32.5,12,6,3,382
32.5,12,6,4,384
32.5,12,6,5,386
32.5,12,6,6,388
32.5,12,6,7,389
32.5,12,6,8,391
32.5,12,6,9,393
32.5,12,6,10,395
32.5,12,6,11,397
32.5,12,6,12,398
32.5,12,6,13,400
32.5,12,6,14,402
32.5,12,6,15,404
32.5,12,7,0,379
32.5,12,7,1,381
32.5,12,7,2,383
32.5,12,7,3,384
32.5,12,7,4,386
32.5,12,7,5,388
32.5,12,7,6,390
32.5,12,7,7,392
32.5,12,7,8,393
32.5,12,7,9,395
32.5,12,7,10,397
32.5,12,7,11,399
32.5,12,7,12,401
32.5,12,7,13,402
32.5,12,7,14,404
32.5,12,7,15,406
32.5,12,8,0,381
32.5,12,8,1,383
32.5,12,8,2,385
32.5,12,8,3,387
32.5,12,8,4,388
32.5,12,8,5,390
32.5,12,8,6,392
32.5,12,8,7,394
32.5,12,8,8,396
32.5,12,8,9,397
32.5,12,8,10,399
32.5,12,8,11,401
32.5,12,8,12,403
32.5,12,8,13,405
32.5,12,8,14,406
32.5,12,8,15,408
32.5,12,9,0,383
32.5,12,9,1,385
32.5,12,9,2,387
32.5,12,9,3,389
32.5,12,9,4,391
32.5,12,9,5,392
32.5,12,9,6,394
32.5,12,9,7,396
32.5,12,9,8,398
32.5,12,9,9,400
32.5,12,9,10,401
32.5,12,9,11,403
32.5,12,9,12,405
32.5,12,9,13,407
32.5,12,9,14,409
32.5,12,9,15,410
32.5,12,10,0,385
32.5,12,10,1,387
32.5,12,10,2,389
32.5,12,10,3,391
32.5,12,10,4,393
32.5,12,10,5,394
32.5,12,10,6,396
32.5,12,10,7,398
32.5,12,10,8,400
32.5,12,10,9,402
32.5,12,10,10,404
32.5,12,10,11,405
32.5,12,10,12,407
32.5,12,10,13,409
32.5,12,10,14,411
32.5,12,10,15,413
32.5,12,11,0,387
32.5,12,11,1,389
32.5,12,11,2,391
32.5,12,11,3,393
32.5,12,11,4,395
32.5,12,11,5,397
32.5,12,11,6,398
32.5,12,11,7,400
32.5,12,11,8,402
32.5,12,11,9,404
32.5,12,11,10,406
32.5,12,11,11,408
32.5,12,11,12,409
32.5,12,11,13,411
32.5,12,11,14,413
32.5,12,11,15,415
32.5,12,12,0,389
32.5,12,12,1,391
32.5,12,12,2,393
32.5,12,12,3,395
32.5,12,12,4,397
32.5,12,12,5,399
32.5,12,12,6,401
32.5,12,12,7,402
32.5,12,12,8,404
32.5,12,12,9,406
32.5,12,12,10,408
32.5,12,12,11,410
32.5,12,12,12,412
32.5,12,12,13,413
32.5,12,12,14,415
32.5,12,12,15,417
32.5,12,13,0,391
32.5,12,13,1,393
32.5,12,13,2,395
32.5,12,13,3,397
32.5,12,13,4,399
32.5,12,13,5,401
32.5,12,13,6,403
32.5,12,13,7,405
32.5,12,13,8,406
32.5,12,13,9,408
32.5,12,13,10,410
32.5,12,13,11,412
32.5,12,13,12,414
32.5,12,13,13,416
32.5,12,13,14,417
32.5,12,13,15,419
32.5,12,14,0,393
32.5,12,14,1,395
32.5,12,14,2,397
32.5,12,14,3,399
32.5,12,14,4,401
32.5,12,14,5,403
32.5,12,14,6,405
32.5,12,14,7,407
32.5,12,14,8,409
32.5,12,14,9,410
32.5,12,14,10,412
32.5,12,14,11,414
32.5,12,14,12,416
32.5,12,14,13,418
32.5,12,14,14,420
32.5,12,14,15,421
32.5,12,15,0,395
32.5,12,15,1,397
32.5,12,15,2,399
32.5,12,15,3,401
32.5,12,15,4,403
32.5,12,15,5,405
32.5,12,15,6,407
32.5,12,15,7,409
32.5,12,15,8,411
32.5,12,15,9,412
32.5,12,15,10,414
32.5,12,15,11,416
32.5,12,15,12,418
32.5,12,15,13,420
32.5,12,15,14,422
32.5,12,15,15,423
32.5,13,0,0,369
32.5,13,0,1,371
32.5,13,0,2,373
32.5,13,0,3,374
32.5,13,0,4,376
32.5,13,0,5,378
32.5,13,0,6,380
32.5,13,0,7,381
32.5,13,0,8,383
32.5,13,0,9,385
32.5,13,0,10,387
32.5,13,0,11,388
32.5,13,0,12,390
32.5,13,0,13,392
32.5,13,0,14,393
32.5,13,0,15,395
32.5,13,1,0,371
32.5,13,1,1,373
32.5,13,1,2,375
32.5,13,1,3,377
32.5,13,1,4,378
32.5,13,1,5,380
32.5,13,1,6,382
32.5,13,1,7,384
32.5,13,1,8,385
32.5,13,1,9,387
32.5,13,1,10,389
32.5,13,1,11,391
32.5,13,1,12,392
32.5,13,1,13,394
32.5,13,1,14,396
32.5,13,1,15,398
32.5,13,2,0,373
32.5,13,2,1,375
32.5,13,2,2,377
32.5,13,2,3,379
32.5,13,2,4,381
32.5,13,2,5,382
32.5,13,2,6,384
32.5,13,2,7,386
32.5,13,2,8,388
32.5,13,2,9,390
32.5,13,2,10,391
32.5,13,2,11,393
32.5,13,2,12,395
32.5,13,2,13,396
32.5,13,2,14,398
32.5,13,2,15,400
32.5,13,3,0,376
32.5,13,3,1,377
32.5,13,3,2,379
32.5,13,3,3,381
32.5,13,3,4,383
32.5,13,3,5,385
32.5,13,3,6,386
32.5,13,3,7,388
32.5,13,3,8,390
32.5,13,3,9,392
32.5,13,3,10,394
32.5,13,3,11,395
32.5,13,3,12,397
32.5,13,3,13,399
32.5,13,3,14,401
32.5,13,3,15,402
32.5,13,4,0,378
32.5,13,4,1,380
32.5,13,4,2,381
32.5,13,4,3,383
32.5,13,4,4,385
32.5,13,4,5,387
32.5,13,4,6,389
32.5,13,4,7,391
32.5,13,4,8,392
32.5,13,4,9,394
32.5,13,4,10,396
32.5,13,4,11,398
32.5,13,4,12,399
32.5,13,4,13,401
32.5,13,4,14,403
32.5,13,4,15,405
32.5,13,5,0,380
32.5,13,5,1,382
32.5,13,5,2,384
32.5,13,5,3,385
32.5,13,5,4,387
32.5,13,5,5,389
32.5,13,5,6,391
32.5,13,5,7,393
32.5,13,5,8,395
32.5,13,5,9,396
32.5,13,5,10,398
32.5,13,5,11,400
32.5,13,5,12,402
32.5,13,5,13,403
32.5,13,5,14,405
32.5,13,5,15,407
32.5,13,6,0,382
32.5,13,6,1,384
32.5,13,6,2,386
32.5,13,6,3,388
32.5,13,6,4,390
32.5,13,6,5,391
32.5,13,6,6,393
32.5,13,6,7,395
32.5,13,6,8,397
32.5,13,6,9,399
32.5,13,6,10,400
32.5,13,6,11,402
32.5,13,6,12,404
32.5,13,6,13,406
32.5,13,6,14,407
32.5,13,6,15,409
32.5,13,7,0,384
32.5,13,7,1,386
32.5,13,7,2,388
32.5,13,7,3,390
32.5,13,7,4,392
32.5,13,7,5,394
32.5,13,7,6,395
32.5,13,7,7,397
32.5,13,7,8,399
32.5,13,7,9,401
32.5,13,7,10,403
32.5,13,7,11,404
32.5,13,7,12,406
32.5,13,7,13,408
32.5,13,7,14,410
32.5,13,7,15,412
32.5,13,8,0,386
32.5,13,8,1,388
32.5,13,8,2,390
32.5,13,8,3,392
32.5,13,8,4,394
32.5,13,8,5,396
32.5,13,8,6,398
32.5,13,8,7,399
32.5,13,8,8,401
32.5,13,8,9,403
32.5,13,8,10,405
32.5,13,8,11,407
32.5,13,8,12,408
32.5,13,8,13,410
32.5,13,8,14,412
32.5,13,8,15,414
32.5,13,9,0,388
32.5,13,9,1,390
32.5,13,9,2,392
32.5,13,9,3,394
32.5,13,9,4,396
32.5,13,9,5,398
32.5,13,9,6,400
32.5,13,9,7,402
32.5,13,9,8,403
32.5,13,9,9,405
32.5,13,9,10,407
32.5,13,9,11,409
32.5,13,9,12,411
32.5,13,9,13,413
32.5,13,9,14,414
32.5,13,9,15,416
32.5,13,10,0,391
32.5,13,10,1,392
32.5,13,10,2,394
32.5,13,10,3,396
32.5,13,10,4,398
32.5,13,10,5,400
32.5,13,10,6,402
32.5,13,10,7,404
32.5,13,10,8,406
32.5,13,10,9,407
32.5,13,10,10,409
32.5,13,10,11,411
32.5,13,10,12,413
32.5,13,10,13,415
32.5,13,10,14,417
32.5,13,10,15,418
32.5,13,11,0,393
32.5,13,11,1,395
32.5,13,11,2,397
32.5,13,11,3,398
32.5,13,11,4,400
32.5,13,11,5,402
32.5,13,11,6,404
32.5,13,11,7,406
32.5,13,11,8,408
32.5,13,11,9,410
32.5,13,11,10,411
32.5,13,11,11,413
32.5,13,11,12,415
32.5,13,11,13,417
32.5,13,11,14,419
32.5,13,11,15,421
32.5,13,12,0,395
32.5,13,12,1,397
32.5,13,12,2,399
32.5,13,12,3,401
32.5,13,12,4,402
32.5,13,12,5,404
32.5,13,12,6,406
32.5,13,12,7,408
32.5,13,12,8,410
32.5,13,12,9,412
32.5,13,12,10,414
32.5,13,12,11,416
32.5,13,12,12,417
32.5,13,12,13,419
32.5,13,12,14,421
32.5,13,12,15,423
32.5,13,13,0,397
32.5,13,13,1,399
32.5,13,13,2,401
32.5,13,13,3,403
32.5,13,13,4,405
32.5,13,13,5,406
32.5,13,13,6,408
32.5,13,13,7,410
32.5,13,13,8,412
32.5,13,13,9,414
32.5,13,13,10,416
32.5,13,13,11,418
32.5,13,13,12,420
32.5,13,13,13,421
32.5,13,13,14,423
32.5,13,13,15,425
32.5,13,14,0,399
32.5,13,14,1,401
32.5,13,14,2,403
32.5,13,14,3,405
32.5,13,14,4,407
32.5,13,14,5,409
32.5,13,14,6,410
32.5,13,14,7,412
32.5,13,14,8,414
32.5,13,14,9,416
32.5,13,14,10,418
32.5,13,14,11,420
32.5,13,14,12,422
32.5,13,14,13,424
32.5,13,14,14,425
32.5,13,14,15,427
32.5,13,15,0,401
32.5,13,15,1,403
32.5,13,15,2,405
32.5,13,15,3,407
32.5,13,15,4,409
32.5,13,15,5,411
32.5,13,15,6,413
32.5,13,15,7,414
32.5,13,15,8,416
32.5,13,15,9,418
32.5,13,15,10,420
32.5,13,15,11,422
32.5,13,15,12,424
32.5,13,15,13,426
32.5,13,15,14,428
32.5,13,15,15,429
32.5,14,0,0,374
32.5,14,0,1,376
32.5,14,0,2,378
32.5,14,0,3,380
32.5,14,0,4,381
32.5,14,0,5,383
32.5,14,0,6,385
32.5,14,0,7,387
32.5,14,0,8,388
32.5,14,0,9,390
32.5,14,0,10,392
32.5,14,0,11,394
32.5,14,0,12,396
32.5,14,0,13,397
32.5,14,0,14,399
32.5,14,0,15,401
32.5,14,1,0,376
32.5,14,1,1,378
32.5,14,1,2,380
32.5,14,1,3,382
32.5,14,1,4,384
32.5,14,1,5,385
32.5,14,1,6,387
32.5,14,1,7,389
32.5,14,1,8,391
32.5,14,1,9,393
32.5,14,1,10,394
32.5,14,1,11,396
32.5,14,1,12,398
32.5,14,1,13,400
32.5,14,1,14,401
32.5,14,1,15,403
32.5,14,2,0,379
32.5,14,2,1,380
32.5,14,2,2,382
32.5,14,2,3,384
32.5,14,2,4,386
32.5,14,2,5,388
32.5,14,2,6,390
32.5,14,2,7,391
32.5,14,2,8,393
32.5,14,2,9,395
32.5,14,2,10,397
32.5,14,2,11,398
32.5,14,2,12,400
32.5,14,2,13,402
32.5,14,2,14,404
32.5,14,2,15,405
32.5,14,3,0,381
32.5,14,3,1,383
32.5,14,3,2,385
32.5,14,3,3,386
32.5,14,3,4,388
32.5,14,3,5,390
32.5,14,3,6,392
32.5,14,3,7,394
32.5,14,3,8,395
32.5,14,3,9,397
32.5,14,3,10,399
32.5,14,3,11,401
32.5,14,3,12,403
32.5,14,3,13,404
32.5,14,3,14,406
32.5,14,3,15,408
32.5,14,4,0,383
32.5,14,4,1,385
32.5,14,4,2,387
32.5,14,4,3,389
32.5,14,4,4,390
32.5,14,4,5,392
32.5,14,4,6,394
32.5,14,4,7,396
32.5,14,4,8,398
32.5,14,4,9,400
32.5,14,4,10,401
32.5,14,4,11,403
32.5,14,4,12,405
32.5,14,4,13,407
32.5,14,4,14,408
32.5,14,4,15,410
32.5,14,5,0,385
32.5,14,5,1,387
32.5,14,5,2,389
32.5,14,5,3,391
32.5,14,5,4,393
32.5,14,5,5,395
32.5,14,5,6,396
32.5,14,5,7,398
32.5,14,5,8,400
32.5,14,5,9,402
32.5,14,5,10,404
32.5,14,5,11,405
32.5,14,5,12,407
32.5,14,5,13,409
32.5,14,5,14,411
32.5,14,5,15,413
32.5,14,6,0,387
32.5,14,6,1,389
32.5,14,6,2,391
32.5,14,6,3,393
32.5,14,6,4,395
32.5,14,6,5,397
32.5,14,6,6,399
32.5,14,6,7,400
32.5,14,6,8,402
32.5,14,6,9,404
32.5,14,6,10,406
32.5,14,6,11,408
32.5,14,6,12,410
32.5,14,6,13,411
32.5,14,6,14,413
32.5,14,6,15,415
32.5,14,7,0,390
32.5,14,7,1,391
32.5,14,7,2,393
32.5,14,7,3,395
32.5,14,7,4,397
32.5,14,7,5,399
32.5,14,7,6,401
32.5,14,7,7,403
32.5,14,7,8,405
32.5,14,7,9,406
32.5,14,7,10,408
32.5,14,7,11,410
32.5,14,7,12,412
32.5,14,7,13,414
32.5,14,7,14,415
32.5,14,7,15,417
32.5,14,8,0,392
32.5,14,8,1,394
32.5,14,8,2,396
32.5,14,8,3,397
32.5,14,8,4,399
32.5,14,8,5,401
32.5,14,8,6,403
32.5,14,8,7,405
32.5,14,8,8,407
32.5,14,8,9,409
32.5,14,8,10,410
32.5,14,8,11,412
32.5,14,8,12,414
32.5,14,8,13,416
32.5,14,8,14,418
32.5,14,8,15,420
32.5,14,9,0,394
32.5,14,9,1,396
32.5,14,9,2,398
32.5,14,9,3,400
32.5,14,9,4,402
32.5,14,9,5,403
32.5,14,9,6,405
32.5,14,9,7,407
32.5,14,9,8,409
32.5,14,9,9,411
32.5,14,9,10,413
32.5,14,9,11,415
32.5,14,9,12,416
32.5,14,9,13,418
32.5,14,9,14,420
32.5,14,9,15,422
32.5,14,10,0,396
32.5,14,10,1,398
32.5,14,10,2,400
32.5,14,10,3,402
32.5,14,10,4,404
32.5,14,10,5,406
32.5,14,10,6,408
32.5,14,10,7,409
32.5,14,10,8,411
32.5,14,10,9,413
32.5,14,10,10,415
32.5,14,10,11,417
32.5,14,10,12,419
32.5,14,10,13,421
32.5,14,10,14,422
32.5,14,10,15,424
32.5,14,11,0,398
32.5,14,11,1,400
32.5,14,11,2,402
32.5,14,11,3,404
32.5,14,11,4,406
32.5,14,11,5,408
32.5,14,11,6,410
32.5,14,11,7,412
32.5,14,11,8,413
32.5,14,11,9,415
32.5,14,11,10,417
32.5,14,11,11,419
32.5,14,11,12,421
32.5,14,11,13,423
32.5,14,11,14,425
32.5,14,11,15,426
32.5,14,12,0,400
32.5,14,12,1,402
32.5,14,12,2,404
32.5,14,12,3,406
32.5,14,12,4,408
32.5,14,12,5,410
32.5,14,12,6,412
32.5,14,12,7,414
32.5,14,12,8,416
32.5,14,12,9,418
32.5,14,12,10,419
32.5,14,12,11,421
32.5,14,12,12,423
32.5,14,12,13,425
32.5,14,12,14,427
32.5,14,12,15,429
32.5,14,13,0,402
32.5,14,13,1,404
32.5,14,13,2,406
32.5,14,13,3,408
32.5,14,13,4,410
32.5,14,13,5,412
32.5,14,13,6,414
32.5,14,13,7,416
32.5,14,13,8,418
32.5,14,13,9,420
32.5,14,13,10,422
32.5,14,13,11,424
32.5,14,13,12,425
32.5,14,13,13,427
32.5,14,13,14,429
32.5,14,13,15,431
32.5,14,14,0,404
32.5,14,14,1,406
32.5,14,14,2,408
32.5,14,14,3,410
32.5,14,14,4,412
32.5,14,14,5,414
32.5,14,14,6,416
32.5,14,14,7,418
32.5,14,14,8,420
32.5,14,14,9,422
32.5,14,14,10,424
32.5,14,14,11,426
32.5,14,14,12,428
32.5,14,14,13,429
32.5,14,14,14,431
32.5,14,14,15,433
32.5,14,15,0,407
32.5,14,15,1,409
32.5,14,15,2,410
32.5,14,15,3,412
32.5,14,15,4,414
32.5,14,15,5,416
32.5,14,15,6,418
32.5,14,15,7,420
32.5,14,15,8,422
32.5,14,15,9,424
32.5,14,15,10,426
32.5,14,15,11,428
32.5,14,15,12,430
32.5,14,15,13,432
32.5,14,15,14,434
32.5,14,15,15,435
32.5,15,0,0,379
32.5,15,0,1,381
32.5,15,0,2,383
32.5,15,0,3,385
32.5,15,0,4,387
32.5,15,0,5,388
32.5,15,0,6,390
32.5,15,0,7,392
32.5,15,0,8,394
32.5,15,0,9,396
32.5,15,0,10,397
32.5,15,0,11,399
32.5,15,0,12,401
32.5,15,0,13,403
32.5,15,0,14,404
32.5,15,0,15,406
32.5,15,1,0,381
32.5,15,1,1,383
32.5,15,1,2,385
32.5,15,1,3,387
32.5,15,1,4,389
32.5,15,1,5,391
32.5,15,1,6,393
32.5,15,1,7,394
32.5,15,1,8,396
32.5,15,1,9,398
32.5,15,1,10,400
32.5,15,1,11,402
32.5,15,1,12,403
32.5,15,1,13,405
32.5,15,1,14,407
32.5,15,1,15,409
32.5,15,2,0,384
32.5,15,2,1,386
32.5,15,2,2,388
32.5,15,2,3,389
32.5,15,2,4,391
32.5,15,2,5,393
32.5,15,2,6,395
32.5,15,2,7,397
32.5,15,2,8,399
32.5,15,2,9,400
32.5,15,2,10,402
32.5,15,2,11,404
32.5,15,2,12,406
32.5,15,2,13,408
32.5,15,2,14,409
32.5,15,2,15,411
32.5,15,3,0,386
32.5,15,3,1,388
32.5,15,3,2,390
32.5,15,3,3,392
32.5,15,3,4,394
32.5,15,3,5,395
32.5,15,3,6,397
32.5,15,3,7,399
32.5,15,3,8,401
32.5,15,3,9,403
32.5,15,3,10,405
32.5,15,3,11,406
32.5,15,3,12,408
32.5,15,3,13,410
32.5,15,3,14,412
32.5,15,3,15,413
32.5,15,4,0,388
32.5,15,4,1,390
32.5,15,4,2,392
32.5,15,4,3,394
32.5,15,4,4,396
32.5,15,4,5,398
32.5,15,4,6,400
32.5,15,4,7,401
32.5,15,4,8,403
32.5,15,4,9,405
32.5,15,4,10,407
32.5,15,4,11,409
32.5,15,4,12,410
32.5,15,4,13,412
32.5,15,4,14,414
32.5,15,4,15,416
32.5,15,5,0,390
32.5,15,5,1,392
32.5,15,5,2,394
32.5,15,5,3,396
32.5,15,5,4,398
32.5,15,5,5,400
32.5,15,5,6,402
32.5,15,5,7,404
32.5,15,5,8,406
32.5,15,5,9,407
32.5,15,5,10,409
32.5,15,5,11,411
32.5,15,5,12,413
32.5,15,5,13,415
32.5,15,5,14,416
32.5,15,5,15,418
32.5,15,6,0,393
32.5,15,6,1,395
32.5,15,6,2,397
32.5,15,6,3,398
32.5,15,6,4,400
32.5,15,6,5,402
32.5,15,6,6,404
32.5,15,6,7,406
32.5,15,6,8,408
32.5,15,6,9,410
32.5,15,6,10,412
32.5,15,6,11,413
32.5,15,6,12,415
32.5,15,6,13,417
32.5,15,6,14,419
32.5,15,6,15,421
32.5,15,7,0,395
32.5,15,7,1,397
32.5,15,7,2,399
32.5,15,7,3,401
32.5,15,7,4,403
32.5,15,7,5,404
32.5,15,7,6,406
32.5,15,7,7,408
32.5,15,7,8,410
32.5,15,7,9,412
32.5,15,7,10,414
32.5,15,7,11,416
32.5,15,7,12,418
32.5,15,7,13,419
32.5,15,7,14,421
32.5,15,7,15,423
32.5,15,8,0,397
32.5,15,8,1,399
32.5,15,8,2,401
32.5,15,8,3,403
32.5,15,8,4,405
32.5,15,8,5,407
32.5,15,8,6,409
32.5,15,8,7,411
32.5,15,8,8,412
32.5,15,8,9,414
32.5,15,8,10,416
32.5,15,8,11,418
32.5,15,8,12,420
32.5,15,8,13,422
32.5,15,8,14,424
32.5,15,8,15,425
32.5,15,9,0,399
32.5,15,9,1,401
32.5,15,9,2,403
32.5,15,9,3,405
32.5,15,9,4,407
32.5,15,9,5,409
32.5,15,9,6,411
32.5,15,9,7,413
32.5,15,9,8,415
32.5,15,9,9,417
32.5,15,9,10,418
32.5,15,9,11,420
32.5,15,9,12,422
32.5,15,9,13,424
32.5,15,9,14,426
32.5,15,9,15,428
32.5,15,10,0,401
32.5,15,10,1,403
32.5,15,10,2,405
32.5,15,10,3,407
32.5,15,10,4,409
32.5,15,10,5,411
32.5,15,10,6,413
32.5,15,10,7,415
32.5,15,10,8,417
32.5,15,10,9,419
32.5,15,10,10,421
32.5,15,10,11,423
32.5,15,10,12,424
32.5,15,10,13,426
32.5,15,10,14,428
32.5,15,10,15,430
32.5,15,11,0,404
32.5,15,11,1,406
32.5,15,11,2,408
32.5,15,11,3,409
32.5,15,11,4,411
32.5,15,11,5,413
32.5,15,11,6,415
32.5,15,11,7,417
32.5,15,11,8,419
32.5,15,11,9,421
32.5,15,11,10,423
32.5,15,11,11,425
32.5,15,11,12,427
32.5,15,11,13,429
32.5,15,11,14,430
32.5,15,11,15,432
32.5,15,12,0,406
32.5,15,12,1,408
32.5,15,12,2,410
32.5,15,12,3,412
32.5,15,12,4,414
32.5,15,12,5,416
32.5,15,12,6,418
32.5,15,12,7,419
32.5,15,12,8,421
32.5,15,12,9,423
32.5,15,12,10,425
32.5,15,12,11,427
32.5,15,12,12,429
32.5,15,12,13,431
32.5,15,12,14,433
32.5,15,12,15,435
32.5,15,13,0,408
32.5,15,13,1,410
32.5,15,13,2,412
32.5,15,13,3,414
32.5,15,13,4,416
32.5,15,13,5,418
32.5,15,13,6,420
32.5,15,13,7,422
32.5,15,13,8,424
32.5,15,13,9,426
32.5,15,13,10,427
32.5,15,13,11,429
32.5,15,13,12,431
32.5,15,13,13,433
32.5,15,13,14,435
32.5,15,13,15,437
32.5,15,14,0,410
32.5,15,14,1,412
32.5,15,14,2,414
32.5,15,14,3,416
32.5,15,14,4,418
32.5,15,14,5,420
32.5,15,14,6,422
32.5,15,14,7,424
32.5,15,14,8,426
32.5,15,14,9,428
32.5,15,14,10,430
32.5,15,14,11,432
32.5,15,14,12,433
32.5,15,14,13,435
32.5,15,14,14,437
32.5,15,14,15,439
32.5,15,15,0,412
32.5,15,15,1,414
32.5,15,15,2,416
32.5,15,15,3,418
32.5,15,15,4,420
32.5,15,15,5,422
32.5,15,15,6,424
32.5,15,15,7,426
32.5,15,15,8,428
32.5,15,15,9,430
32.5,15,15,10,432
32.5,15,15,11,434
32.5,15,15,12,436
32.5,15,15,13,438
32.5,15,15,14,440
32.5,15,15,15,441
33.0,0,0,0,305
33.0,0,0,1,306
33.0,0,0,2,308
33.0,0,0,3,309
33.0,0,0,4,311
33.0,0,0,5,312
33.0,0,0,6,314
33.0,0,0,7,315
33.0,0,0,8,316
33.0,0,0,9,318
33.0,0,0,10,319
33.0,0,0,11,321
33.0,0,0,12,322
33.0,0,0,13,324
33.0,0,0,14,325
33.0,0,0,15,326
33.0,0,1,0,306
33.0,0,1,1,308
33.0,0,1,2,309
33.0,0,1,3,311
33.0,0,1,4,312
33.0,0,1,5,314
33.0,0,1,6,315
33.0,0,1,7,317
33.0,0,1,8,318
33.0,0,1,9,320
33.0,0,1,10,321
33.0,0,1,11,323
33.0,0,1,12,324
33.0,0,1,13,325
33.0,0,1,14,327
33.0,0,1,15,328
33.0,0,2,0,308
33.0,0,2,1,310
33.0,0,2,2,311
33.0,0,2,3,313
33.0,0,2,4,314
33.0,0,2,5,316
33.0,0,2,6,317
33.0,0,2,7,319
33.0,0,2,8,320
33.0,0,2,9,322
33.0,0,2,10,323
33.0,0,2,11,325
33.0,0,2,12,326
33.0,0,2,13,327
33.0,0,2,14,329
33.0,0,2,15,330
33.0,0,3,0,310
33.0,0,3,1,312
33.0,0,3,2,313
33.0,0,3,3,315
33.0,0,3,4,316
33.0,0,3,5,318
33.0,0,3,6,319
33.0,0,3,7,321
33.0,0,3,8,322
33.0,0,3,9,324
33.0,0,3,10,325
33.0,0,3,11,326
33.0,0,3,12,328
33.0,0,3,13,329
33.0,0,3,14,331
33.0,0,3,15,332
33.0,0,4,0,312
33.0,0,4,1,313
33.0,0,4,2,315
33.0,0,4,3,316
33.0,0,4,4,318
33.0,0,4,5,319
33.0,0,4,6,321
33.0,0,4,7,322
33.0,0,4,8,324
33.0,0,4,9,325
33.0,0,4,10,327
33.0,0,4,11,328
33.0,0,4,12,330
33.0,0,4,13,331
33.0,0,4,14,333
33.0,0,4,15,334
33.0,0,5,0,314
33.0,0,5,1,315
33.0,0,5,2,317
33.0,0,5,3,318
33.0,0,5,4,320
33.0,0,5,5,321
33.0,0,5,6,323
33.0,0,5,7,324
33.0,0,5,8,326
33.0,0,5,9,327
33.0,0,5,10,329
33.0,0,5,11,330
33.0,0,5,12,332
33.0,0,5,13,333
33.0,0,5,14,335
33.0,0,5,15,336
33.0,0,6,0,316
33.0,0,6,1,317
33.0,0,6,2,319
33.0,0,6,3,320
33.0,0,6,4,322
33.0,0,6,5,323
33.0,0,6,6,325
33.0,0,6,7,326
33.0,0,6,8,328
33.0,0,6,9,329
33.0,0,6,10,331
33.0,0,6,11,332
33.0,0,6,12,334
33.0,0,6,13,335
33.0,0,6,14,336
33.0,0,6,15,338
33.0,0,7,0,317
33.0,0,7,1,319
33.0,0,7,2,320
33.0,0,7,3,322
33.0,0,7,4,323
33.0,0,7,5,325
33.0,0,7,6,326
33.0,0,7,7,328
33.0,0,7,8,330
33.0,0,7,9,331
33.0,0,7,10,332
33.0,0,7,11,334
33.0,0,7,12,335
33.0,0,7,13,337
33.0,0,7,14,338
33.0,0,7,15,340
33.0,0,8,0,319
33.0,0,8,1,321
33.0,0,8,2,322
33.0,0,8,3,324
33.0,0,8,4,325
33.0,0,8,5,327
33.0,0,8,6,328
33.0,0,8,7,330
33.0,0,8,8,331
33.0,0,8,9,333
33.0,0,8,10,334
33.0,0,8,11,336
33.0,0,8,12,337
33.0,0,8,13,339
33.0,0,8,14,340
33.0,0,8,15,342
33.0,0,9,0,321
33.0,0,9,1,322
33.0,0,9,2,324
33.0,0,9,3,325
33.0,0,9,4,327
33.0,0,9,5,329
33.0,0,9,6,330
33.0,0,9,7,332
33.0,0,9,8,333
33.0,0,9,9,335
33.0,0,9,10,336
33.0,0,9,11,338
33.0,0,9,12,339
33.0,0,9,13,341
33.0,0,9,14,342
33.0,0,9,15,344
33.0,0,10,0,323
33.0,0,10,1,324
33.0,0,10,2,326
33.0,0,10,3,327
33.0,0,10,4,329
33.0,0,10,5,330
33.0,0,10,6,332
33.0,0,10,7,333
33.0,0,10,8,335
33.0,0,10,9,336
33.0,0,10,10,338
33.0,0,10,11,339
33.0,0,10,12,341
33.0,0,10,13,342
33.0,0,10,14,344
33.0,0,10,15,345
33.0,0,11,0,324
33.0,0,11,1,326
33.0,0,11,2,327
33.0,0,11,3,329
33.0,0,11,4,331
33.0,0,11,5,332
33.0,0,11,6,334
33.0,0,11,7,335
33.0,0,11,8,337
33.0,0,11,9,338
33.0,0,11,10,340
33.0,0,11,11,341
33.0,0,11,12,343
33.0,0,11,13,344
33.0,0,11,14,346
33.0,0,11,15,347
33.0,0,12,0,326
33.0,0,12,1,328
33.0,0,12,2,329
33.0,0,12,3,331
33.0,0,12,4,332
33.0,0,12,5,334
33.0,0,12,6,335
33.0,0,12,7,337
33.0,0,12,8,339
33.0,0,12,9,340
33.0,0,12,10,342
33.0,0,12,11,343
33.0,0,12,12,345
33.0,0,12,13,346
33.0,0,12,14,348
33.0,0,12,15,349
33.0,0,13,0,328
33.0,0,13,1,329
33.0,0,13,2,331
33.0,0,13,3,332
33.0,0,13,4,334
33.0,0,13,5,336
33.0,0,13,6,337
33.0,0,13,7,339
33.0,0,13,8,340
33.0,0,13,9,342
33.0,0,13,10,343
33.0,0,13,11,345
33.0,0,13,12,346
33.0,0,13,13,348
33.0,0,13,14,349
33.0,0,13,15,351
33.0,0,14,0,329
33.0,0,14,1,331
33.0,0,14,2,333
33.0,0,14,3,334
33.0,0,14,4,336
33.0,0,14,5,337
33.0,0,14,6,339
33.0,0,14,7,341
33.0,0,14,8,342
33.0,0,14,9,344
33.0,0,14,10,345
33.0,0,14,11,347
33.0,0,14,12,348
33.0,0,14,13,350
33.0,0,14,14,351
33.0,0,14,15,353
33.0,0,15,0,331
33.0,0,15,1,333
33.0,0,15,2,334
33.0,0,15,3,336
33.0,0,15,4,338
33.0,0,15,5,339
33.0,0,15,6,341
33.0,0,15,7,342
33.0,0,15,8,344
33.0,0,15,9,345
33.0,0,15,10,347
33.0,0,15,11,349
33.0,0,15,12,350
33.0,0,15,13,352
33.0,0,15,14,353
33.0,0,15,15,355
33.0,1,0,0,310
33.0,1,0,1,311
33.0,1,0,2,313
33.0,1,0,3,314
33.0,1,0,4,316
33.0,1,0,5,317
33.0,1,0,6,319
33.0,1,0,7,320
33.0,1,0,8,322
33.0,1,0,9,323
33.0,1,0,10,325
33.0,1,0,11,326
33.0,1,0,12,328
33.0,1,0,13,329
33.0,1,0,14,330
33.0,1,0,15,332
33.0,1,1,0,312
33.0,1,1,1,313
33.0,1,1,2,315
33.0,1,1,3,316
33.0,1,1,4,318
33.0,1,1,5,319
33.0,1,1,6,321
33.0,1,1,7,322
33.0,1,1,8,324
33.0,1,1,9,325
33.0,1,1,10,327
33.0,1,1,11,328
33.0,1,1,12,330
33.0,1,1,13,331
33.0,1,1,14,332
33.0,1,1,15,334
33.0,1,2,0,314
33.0,1,2,1,315
33.0,1,2,2,317
33.0,1,2,3,318
33.0,1,2,4,320
33.0,1,2,5,321
33.0,1,2,6,323
33.0,1,2,7,324
33.0,1,2,8,326
33.0,1,2,9,327
33.0,1,2,10,329
33.0,1,2,11,330
33.0,1,2,12,332
33.0,1,2,13,333
33.0,1,2,14,334
33.0,1,2,15,336
33.0,1,3,0,315
33.0,1,3,1,317
33.0,1,3,2,318
33.0,1,3,3,320
33.0,1,3,4,322
33.0,1,3,5,323
33.0,1,3,6,325
33.0,1,3,7,326
33.0,1,3,8,328
33.0,1,3,9,329
33.0,1,3,10,331
33.0,1,3,11,332
33.0,1,3,12,333
33.0,1,3,13,335
33.0,1,3,14,336
33.0,1,3,15,338
33.0,1,4,0,317
33.0,1,4,1,319
33.0,1,4,2,320
33.0,1,4,3,322
33.0,1,4,4,323
33.0,1,4,5,325
33.0,1,4,6,326
33.0,1,4,7,328
33.0,1,4,8,329
33.0,1,4,9,331
33.0,1,4,10,332
33.0,1,4,11,334
33.0,1,4,12,335
33.0,1,4,13,337
33.0,1,4,14,338
33.0,1,4,15,340
33.0,1,5,0,319
33.0,1,5,1,321
33.0,1,5,2,322
33.0,1,5,3,324
33.0,1,5,4,325
33.0,1,5,5,327
33.0,1,5,6,328
33.0,1,5,7,330
33.0,1,5,8,331
33.0,1,5,9,333
33.0,1,5,10,334
33.0,1,5,11,336
33.0,1,5,12,337
33.0,1,5,13,339
33.0,1,5,14,340
33.0,1,5,15,342
33.0,1,6,0,321
33.0,1,6,1,322
33.0,1,6,2,324
33.0,1,6,3,326
33.0,1,6,4,327
33.0,1,6,5,329
33.0,1,6,6,330
33.0,1,6,7,332
33.0,1,6,8,333
33.0,1,6,9,335
33.0,1,6,10,336
33.0,1,6,11,338
33.0,1,6,12,339
33.0,1,6,13,341
33.0,1,6,14,342
33.0,1,6,15,344
33.0,1,7,0,323
33.0,1,7,1,324
33.0,1,7,2,326
33.0,1,7,3,327
33.0,1,7,4,329
33.0,1,7,5,330
33.0,1,7,6,332
33.0,1,7,7,334
33.0,1,7,8,335
33.0,1,7,9,337
33.0,1,7,10,338
33.0,1,7,11,340
33.0,1,7,12,341
33.0,1,7,13,343
33.0,1,7,14,344
33.0,1,7,15,346
33.0,1,8,0,324
33.0,1,8,1,326
33.0,1,8,2,328
33.0,1,8,3,329
33.0,1,8,4,331
33.0,1,8,5,332
33.0,1,8,6,334
33.0,1,8,7,335
33.0,1,8,8,337
33.0,1,8,9,338
33.0,1,8,10,340
33.0,1,8,11,342
33.0,1,8,12,343
33.0,1,8,13,345
33.0,1,8,14,346
33.0,1,8,15,348
33.0,1,9,0,326
33.0,1,9,1,328
33.0,1,9,2,329
33.0,1,9,3,331
33.0,1,9,4,333
33.0,1,9,5,334
33.0,1,9,6,336
33.0,1,9,7,337
33.0,1,9,8,339
33.0,1,9,9,340
33.0,1,9,10,342
33.0,1,9,11,343
33.0,1,9,12,345
33.0,1,9,13,346
33.0,1,9,14,348
33.0,1,9,15,349
33.0,1,10,0,328
33.0,1,10,1,330
33.0,1,10,2,331
33.0,1,10,3,333
33.0,1,10,4,334
33.0,1,10,5,336
33.0,1,10,6,338
33.0,1,10,7,339
33.0,1,10,8,341
33.0,1,10,9,342
33.0,1,10,10,344
33.0,1,10,11,345
33.0,1,10,12,347
33.0,1,10,13,348
33.0,1,10,14,350
33.0,1,10,15,351
33.0,1,11,0,330
33.0,1,11,1,331
33.0,1,11,2,333
33.0,1,11,3,335
33.0,1,11,4,336
33.0,1,11,5,338
33.0,1,11,6,339
33.0,1,11,7,341
33.0,1,11,8,342
33.0,1,11,9,344
33.0,1,11,10,346
33.0,1,11,11,347
33.0,1,11,12,349
33.0,1,11,13,350
33.0,1,11,14,352
33.0,1,11,15,353
33.0,1,12,0,332
33.0,1,12,1,333
33.0,1,12,2,335
33.0,1,12,3,336
33.0,1,12,4,338
33.0,1,12,5,340
33.0,1,12,6,341
33.0,1,12,7,343
33.0,1,12,8,344
33.0,1,12,9,346
33.0,1,12,10,347
33.0,1,12,11,349
33.0,1,12,12,351
33.0,1,12,13,352
33.0,1,12,14,354
33.0,1,12,15,355
33.0,1,13,0,333
33.0,1,13,1,335
33.0,1,13,2,337
33.0,1,13,3,338
33.0,1,13,4,340
33.0,1,13,5,341
33.0,1,13,6,343
33.0,1,13,7,345
33.0,1,13,8,346
33.0,1,13,9,348
33.0,1,13,10,349
33.0,1,13,11,351
33.0,1,13,12,352
33.0,1,13,13,354
33.0,1,13,14,355
33.0,1,13,15,357
33.0,1,14,0,335
33.0,1,14,1,337
33.0,1,14,2,338
33.0,1,14,3,340
33.0,1,14,4,342
33.0,1,14,5,343
33.0,1,14,6,345
33.0,1,14,7,346
33.0,1,14,8,348
33.0,1,14,9,349
33.0,1,14,10,351
33.0,1,14,11,353
33.0,1,14,12,354
33.0,1,14,13,356
33.0,1,14,14,357
33.0,1,14,15,359
33.0,1,15,0,337
33.0,1,15,1,338
33.0,1,15,2,340
33.0,1,15,3,342
33.0,1,15,4,343
33.0,1,15,5,345
33.0,1,15,6,346
33.0,1,15,7,348
33.0,1,15,8,350
33.0,1,15,9,351
33.0,1,15,10,353
33.0,1,15,11,354
33.0,1,15,12,356
33.0,1,15,13,358
33.0,1,15,14,359
33.0,1,15,15,361
33.0,2,0,0,315
33.0,2,0,1,317
33.0,2,0,2,318
33.0,2,0,3,320
33.0,2,0,4,321
33.0,2,0,5,323
33.0,2,0,6,324
33.0,2,0,7,326
33.0,2,0,8,327
33.0,2,0,9,329
33.0,2,0,10,330
33.0,2,0,11,332
33.0,2,0,12,333
33.0,2,0,13,335
33.0,2,0,14,336
33.0,2,0,15,337
33.0,2,1,0,317
33.0,2,1,1,318
33.0,2,1,2,320
33.0,2,1,3,322
33.0,2,1,4,323
33.0,2,1,5,325
33.0,2,1,6,326
33.0,2,1,7,328
33.0,2,1,8,329
33.0,2,1,9,331
33.0,2,1,10,332
33.0,2,1,11,334
33.0,2,1,12,335
33.0,2,1,13,337
33.0,2,1,14,338
33.0,2,1,15,339
33.0,2,2,0,319
33.0,2,2,1,320
33.0,2,2,2,322
33.0,2,2,3,323
33.0,2,2,4,325
33.0,2,2,5,327
33.0,2,2,6,328
33.0,2,2,7,330
33.0,2,2,8,331
33.0,2,2,9,333
33.0,2,2,10,334
33.0,2,2,11,336
33.0,2,2,12,337
33.0,2,2,13,339
33.0,2,2,14,340
33.0,2,2,15,341
33.0,2,3,0,321
33.0,2,3,1,322
33.0,2,3,2,324
33.0,2,3,3,325
33.0,2,3,4,327
33.0,2,3,5,328
33.0,2,3,6,330
33.0,2,3,7,331
33.0,2,3,8,333
33.0,2,3,9,335
33.0,2,3,10,336
33.0,2,3,11,338
33.0,2,3,12,339
33.0,2,3,13,341
33.0,2,3,14,342
33.0,2,3,15,343
33.0,2,4,0,323
33.0,2,4,1,324
33.0,2,4,2,326
33.0,2,4,3,327
33.0,2,4,4,329
33.0,2,4,5,330
33.0,2,4,6,332
33.0,2,4,7,333
33.0,2,4,8,335
33.0,2,4,9,336
33.0,2,4,10,338
33.0,2,4,11,339
33.0,2,4,12,341
33.0,2,4,13,342
33.0,2,4,14,344
33.0,2,4,15,345
33.0,2,5,0,324
33.0,2,5,1,326
33.0,2,5,2,328
33.0,2,5,3,329
33.0,2,5,4,331
33.0,2,5,5,332
33.0,2,5,6,334
33.0,2,5,7,335
33.0,2,5,8,337
33.0,2,5,9,338
33.0,2,5,10,340
33.0,2,5,11,341
33.0,2,5,12,343
33.0,2,5,13,344
33.0,2,5,14,346
33.0,2,5,15,347
33.0,2,6,0,326
33.0,2,6,1,328
33.0,2,6,2,329
33.0,2,6,3,331
33.0,2,6,4,333
33.0,2,6,5,334
33.0,2,6,6,336
33.0,2,6,7,337
33.0,2,6,8,339
33.0,2,6,9,340
33.0,2,6,10,342
33.0,2,6,11,343
33.0,2,6,12,345
33.0,2,6,13,346
33.0,2,6,14,348
33.0,2,6,15,349
33.0,2,7,0,328
33.0,2,7,1,330
33.0,2,7,2,331
33.0,2,7,3,333
33.0,2,7,4,334
33.0,2,7,5,336
33.0,2,7,6,338
33.0,2,7,7,339
33.0,2,7,8,341
33.0,2,7,9,342
33.0,2,7,10,344
33.0,2,7,11,345
33.0,2,7,12,347
33.0,2,7,13,348
33.0,2,7,14,350
33.0,2,7,15,351
33.0,2,8,0,330
33.0,2,8,1,331
33.0,2,8,2,333
33.0,2,8,3,335
33.0,2,8,4,336
33.0,2,8,5,338
33.0,2,8,6,339
33.0,2,8,7,341
33.0,2,8,8,343
33.0,2,8,9,344
33.0,2,8,10,346
33.0,2,8,11,347
33.0,2,8,12,349
33.0,2,8,13,350
33.0,2,8,14,352
33.0,2,8,15,353
33.0,2,9,0,332
33.0,2,9,1,333
33.0,2,9,2,335
33.0,2,9,3,337
33.0,2,9,4,338
33.0,2,9,5,340
33.0,2,9,6,341
33.0,2,9,7,343
33.0,2,9,8,344
33.0,2,9,9,346
33.0,2,9,10,348
33.0,2,9,11,349
33.0,2,9,12,351
33.0,2,9,13,352
33.0,2,9,14,354
33.0,2,9,15,355
33.0,2,10,0,333
33.0,2,10,1,335
33.0,2,10,2,337
33.0,2,10,3,338
33.0,2,10,4,340
33.0,2,10,5,342
33.0,2,10,6,343
33.0,2,10,7,345
33.0,2,10,8,346
33.0,2,10,9,348
33.0,2,10,10,349
33.0,2,10,11,351
33.0,2,10,12,353
33.0,2,10,13,354
33.0,2,10,14,356
33.0,2,10,15,357
33.0,2,11,0,335
33.0,2,11,1,337
33.0,2,11,2,339
33.0,2,11,3,340
33.0,2,11,4,342
33.0,2,11,5,343
33.0,2,11,6,345
33.0,2,11,7,347
33.0,2,11,8,348
33.0,2,11,9,350
33.0,2,11,10,351
33.0,2,11,11,353
33.0,2,11,12,354
33.0,2,11,13,356
33.0,2,11,14,358
33.0,2,11,15,359
33.0,2,12,0,337
33.0,2,12,1,339
33.0,2,12,2,340
33.0,2,12,3,342
33.0,2,12,4,344
33.0,2,12,5,345
33.0,2,12,6,347
33.0,2,12,7,348
33.0,2,12,8,350
33.0,2,12,9,352
33.0,2,12,10,353
33.0,2,12,11,355
33.0,2,12,12,356
33.0,2,12,13,358
33.0,2,12,14,359
33.0,2,12,15,361
33.0,2,13,0,339
33.0,2,13,1,340
33.0,2,13,2,342
33.0,2,13,3,344
33.0,2,13,4,345
33.0,2,13,5,347
33.0,2,13,6,349
33.0,2,13,7,350
33.0,2,13,8,352
33.0,2,13,9,353
33.0,2,13,10,355
33.0,2,13,11,357
33.0,2,13,12,358
33.0,2,13,13,360
33.0,2,13,14,361
33.0,2,13,15,363
33.0,2,14,0,341
33.0,2,14,1,342
33.0,2,14,2,344
33.0,2,14,3,346
33.0,2,14,4,347
33.0,2,14,5,349
33.0,2,14,6,350
33.0,2,14,7,352
33.0,2,14,8,354
33.0,2,14,9,355
33.0,2,14,10,357
33.0,2,14,11,359
33.0,2,14,12,360
33.0,2,14,13,362
33.0,2,14,14,363
33.0,2,14,15,365
33.0,2,15,0,342
33.0,2,15,1,344
33.0,2,15,2,346
33.0,2,15,3,347
33.0,2,15,4,349
33.0,2,15,5,351
33.0,2,15,6,352
33.0,2,15,7,354
33.0,2,15,8,356
33.0,2,15,9,357
33.0,2,15,10,359
33.0,2,15,11,360
33.0,2,15,12,362
33.0,2,15,13,364
33.0,2,15,14,365
33.0,2,15,15,367
33.0,3,0,0,320
33.0,3,0,1,322
33.0,3,0,2,323
33.0,3,0,3,325
33.0,3,0,4,326
33.0,3,0,5,328
33.0,3,0,6,329
33.0,3,0,7,331
33.0,3,0,8,333
33.0,3,0,9,334
33.0,3,0,10,336
33.0,3,0,11,337
33.0,3,0,12,339
33.0,3,0,13,340
33.0,3,0,14,341
33.0,3,0,15,343
33.0,3,1,0,322
33.0,3,1,1,324
33.0,3,1,2,325
33.0,3,1,3,327
33.0,3,1,4,328
33.0,3,1,5,330
33.0,3,1,6,331
33.0,3,1,7,333
33.0,3,1,8,335
33.0,3,1,9,336
33.0,3,1,10,338
33.0,3,1,11,339
33.0,3,1,12,341
33.0,3,1,13,342
33.0,3,1,14,344
33.0,3,1,15,345
33.0,3,2,0,324
33.0,3,2,1,326
33.0,3,2,2,327
33.0,3,2,3,329
33.0,3,2,4,330
33.0,3,2,5,332
33.0,3,2,6,333
33.0,3,2,7,335
33.0,3,2,8,337
33.0,3,2,9,338
33.0,3,2,10,340
33.0,3,2,11,341
33.0,3,2,12,343
33.0,3,2,13,344
33.0,3,2,14,346
33.0,3,2,15,347
33.0,3,3,0,326
33.0,3,3,1,328
33.0,3,3,2,329
33.0,3,3,3,331
33.0,3,3,4,332
33.0,3,3,5,334
33.0,3,3,6,335
33.0,3,3,7,337
33.0,3,3,8,338
33.0,3,3,9,340
33.0,3,3,10,342
33.0,3,3,11,343
33.0,3,3,12,345
33.0,3,3,13,346
33.0,3,3,14,348
33.0,3,3,15,349
33.0,3,4,0,328
33.0,3,4,1,329
33.0,3,4,2,331
33.0,3,4,3,333
33.0,3,4,4,334
33.0,3,4,5,336
33.0,3,4,6,337
33.0,3,4,7,339
33.0,3,4,8,340
33.0,3,4,9,342
33.0,3,4,10,344
33.0,3,4,11,345
33.0,3,4,12,347
33.0,3,4,13,348
33.0,3,4,14,350
33.0,3,4,15,351
33.0,3,5,0,330
33.0,3,5,1,331
33.0,3,5,2,333
33.0,3,5,3,335
33.0,3,5,4,336
33.0,3,5,5,338
33.0,3,5,6,339
33.0,3,5,7,341
33.0,3,5,8,342
33.0,3,5,9,344
33.0,3,5,10,346
33.0,3,5,11,347
33.0,3,5,12,349
33.0,3,5,13,350
33.0,3,5,14,352
33.0,3,5,15,353
33.0,3,6,0,332
33.0,3,6,1,333
33.0,3,6,2,335
33.0,3,6,3,336
33.0,3,6,4,338
33.0,3,6,5,340
33.0,3,6,6,341
33.0,3,6,7,343
33.0,3,6,8,344
33.0,3,6,9,346
33.0,3,6,10,347
33.0,3,6,11,349
33.0,3,6,12,351
33.0,3,6,13,352
33.0,3,6,14,354
33.0,3,6,15,355
33.0,3,7,0,333
33.0,3,7,1,335
33.0,3,7,2,337
33.0,3,7,3,338
33.0,3,7,4,340
33.0,3,7,5,342
33.0,3,7,6,343
33.0,3,7,7,345
33.0,3,7,8,346
33.0,3,7,9,348
33.0,3,7,10,349
33.0,3,7,11,351
33.0,3,7,12,353
33.0,3,7,13,354
33.0,3,7,14,356
33.0,3,7,15,357
33.0,3,8,0,335
33.0,3,8,1,337
33.0,3,8,2,339
33.0,3,8,3,340
33.0,3,8,4,342
33.0,3,8,5,343
33.0,3,8,6,345
33.0,3,8,7,347
33.0,3,8,8,348
33.0,3,8,9,350
33.0,3,8,10,351
33.0,3,8,11,353
33.0,3,8,12,354
33.0,3,8,13,356
33.0,3,8,14,358
33.0,3,8,15,359
33.0,3,9,0,337
33.0,3,9,1,339
33.0,3,9,2,340
33.0,3,9,3,342
33.0,3,9,4,344
33.0,3,9,5,345
33.0,3,9,6,347
33.0,3,9,7,349
33.0,3,9,8,350
33.0,3,9,9,352
33.0,3,9,10,353
33.0,3,9,11,355
33.0,3,9,12,356
33.0,3,9,13,358
33.0,3,9,14,360
33.0,3,9,15,361
33.0,3,10,0,339
33.0,3,10,1,341
33.0,3,10,2,342
33.0,3,10,3,344
33.0,3,10,4,346
33.0,3,10,5,347
33.0,3,10,6,349
33.0,3,10,7,350
33.0,3,10,8,352
33.0,3,10,9,354
33.0,3,10,10,355
33.0,3,10,11,357
33.0,3,10,12,358
33.0,3,10,13,360
33.0,3,10,14,361
33.0,3,10,15,363
33.0,3,11,0,341
33.0,3,11,1,342
33.0,3,11,2,344
33.0,3,11,3,346
33.0,3,11,4,347
33.0,3,11,5,349
33.0,3,11,6,351
33.0,3,11,7,352
33.0,3,11,8,354
33.0,3,11,9,356
33.0,3,11,10,357
33.0,3,11,11,359
33.0,3,11,12,360
33.0,3,11,13,362
33.0,3,11,14,363
33.0,3,11,15,365
33.0,3,12,0,343
33.0,3,12,1,344
33.0,3,12,2,346
33.0,3,12,3,348
33.0,3,12,4,349
33.0,3,12,5,351
33.0,3,12,6,353
33.0,3,12,7,354
33.0,3,12,8,356
33.0,3,12,9,357
33.0,3,12,10,359
33.0,3,12,11,361
33.0,3,12,12,362
33.0,3,12,13,364
33.0,3,12,14,365
33.0,3,12,15,367
33.0,3,13,0,344
33.0,3,13,1,346
33.0,3,13,2,348
33.0,3,13,3,349
33.0,3,13,4,351
33.0,3,13,5,353
33.0,3,13,6,354
33.0,3,13,7,356
33.0,3,13,8,358
33.0,3,13,9,359
33.0,3,13,10,361
33.0,3,13,11,363
33.0,3,13,12,364
33.0,3,13,13,366
33.0,3,13,14,367
33.0,3,13,15,369
33.0,3,14,0,346
33.0,3,14,1,348
33.0,3,14,2,350
33.0,3,14,3,351
33.0,3,14,4,353
33.0,3,14,5,355
33.0,3,14,6,356
33.0,3,14,7,358
33.0,3,14,8,360
33.0,3,14,9,361
33.0,3,14,10,363
33.0,3,14,11,364
33.0,3,14,12,366
33.0,3,14,13,368
33.0,3,14,14,369
33.0,3,14,15,371
33.0,3,15,0,348
33.0,3,15,1,350
33.0,3,15,2,351
33.0,3,15,3,353
33.0,3,15,4,355
33.0,3,15,5,356
33.0,3,15,6,358
33.0,3,15,7,360
33.0,3,15,8,361
33.0,3,15,9,363
33.0,3,15,10,365
33.0,3,15,11,366
33.0,3,15,12,368
33.0,3,15,13,369
33.0,3,15,14,371
33.0,3,15,15,373
33.0,4,0,0,325
33.0,4,0,1,327
33.0,4,0,2,329
33.0,4,0,3,330
33.0,4,0,4,332
33.0,4,0,5,333
33.0,4,0,6,335
33.0,4,0,7,336
33.0,4,0,8,338
33.0,4,0,9,339
33.0,4,0,10,341
33.0,4,0,11,342
33.0,4,0,12,344
33.0,4,0,13,345
33.0,4,0,14,347
33.0,4,0,15,348
33.0,4,1,0,327
33.0,4,1,1,329
33.0,4,1,2,331
33.0,4,1,3,332
33.0,4,1,4,334
33.0,4,1,5,335
33.0,4,1,6,337
33.0,4,1,7,338
33.0,4,1,8,340
33.0,4,1,9,341
33.0,4,1,10,343
33.0,4,1,11,345
33.0,4,1,12,346
33.0,4,1,13,348
33.0,4,1,14,349
33.0,4,1,15,351
33.0,4,2,0,329
33.0,4,2,1,331
33.0,4,2,2,332
33.0,4,2,3,334
33.0,4,2,4,336
33.0,4,2,5,337
33.0,4,2,6,339
33.0,4,2,7,340
33.0,4,2,8,342
33.0,4,2,9,343
33.0,4,2,10,345
33.0,4,2,11,347
33.0,4,2,12,348
33.0,4,2,13,350
33.0,4,2,14,351
33.0,4,2,15,353
33.0,4,3,0,331
33.0,4,3,1,333
33.0,4,3,2,334
33.0,4,3,3,336
33.0,4,3,4,338
33.0,4,3,5,339
33.0,4,3,6,341
33.0,4,3,7,342
33.0,4,3,8,344
33.0,4,3,9,346
33.0,4,3,10,347
33.0,4,3,11,349
33.0,4,3,12,350
33.0,4,3,13,352
33.0,4,3,14,353
33.0,4,3,15,355
33.0,4,4,0,333
33.0,4,4,1,335
33.0,4,4,2,336
33.0,4,4,3,338
33.0,4,4,4,340
33.0,4,4,5,341
33.0,4,4,6,343
33.0,4,4,7,344
33.0,4,4,8,346
33.0,4,4,9,348
33.0,4,4,10,349
33.0,4,4,11,351
33.0,4,4,12,352
33.0,4,4,13,354
33.0,4,4,14,355
33.0,4,4,15,357
33.0,4,5,0,335
33.0,4,5,1,337
33.0,4,5,2,338
33.0,4,5,3,340
33.0,4,5,4,342
33.0,4,5,5,343
33.0,4,5,6,345
33.0,4,5,7,346
33.0,4,5,8,348
33.0,4,5,9,350
33.0,4,5,10,351
33.0,4,5,11,353
33.0,4,5,12,354
33.0,4,5,13,356
33.0,4,5,14,357
33.0,4,5,15,359
33.0,4,6,0,337
33.0,4,6,1,339
33.0,4,6,2,340
33.0,4,6,3,342
33.0,4,6,4,343
33.0,4,6,5,345
33.0,4,6,6,347
33.0,4,6,7,348
33.0,4,6,8,350
33.0,4,6,9,352
33.0,4,6,10,353
33.0,4,6,11,355
33.0,4,6,12,356
33.0,4,6,13,358
33.0,4,6,14,359
33.0,4,6,15,361
33.0,4,7,0,339
33.0,4,7,1,340
33.0,4,7,2,342
33.0,4,7,3,344
33.0,4,7,4,345
33.0,4,7,5,347
33.0,4,7,6,349
33.0,4,7,7,350
33.0,4,7,8,352
33.0,4,7,9,353
33.0,4,7,10,355
33.0,4,7,11,357
33.0,4,7,12,358
33.0,4,7,13,360
33.0,4,7,14,361
33.0,4,7,15,363
33.0,4,8,0,341
33.0,4,8,1,342
33.0,4,8,2,344
33.0,4,8,3,346
33.0,4,8,4,347
33.0,4,8,5,349
33.0,4,8,6,351
33.0,4,8,7,352
33.0,4,8,8,354
33.0,4,8,9,355
33.0,4,8,10,357
33.0,4,8,11,359
33.0,4,8,12,360
33.0,4,8,13,362
33.0,4,8,14,363
33.0,4,8,15,365
33.0,4,9,0,343
33.0,4,9,1,344
33.0,4,9,2,346
33.0,4,9,3,348
33.0,4,9,4,349
33.0,4,9,5,351
33.0,4,9,6,353
33.0,4,9,7,354
33.0,4,9,8,356
33.0,4,9,9,357
33.0,4,9,10,359
33.0,4,9,11,361
33.0,4,9,12,362
33.0,4,9,13,364
33.0,4,9,14,365
33.0,4,9,15,367
33.0,4,10,0,344
33.0,4,10,1,346
33.0,4,10,2,348
33.0,4,10,3,349
33.0,4,10,4,351
33.0,4,10,5,353
33.0,4,10,6,354
33.0,4,10,7,356
33.0,4,10,8,358
33.0,4,10,9,359
33.0,4,10,10,361
33.0,4,10,11,363
33.0,4,10,12,364
33.0,4,10,13,366
33.0,4,10,14,367
33.0,4,10,15,369
33.0,4,11,0,346
33.0,4,11,1,348
33.0,4,11,2,350
33.0,4,11,3,351
33.0,4,11,4,353
33.0,4,11,5,355
33.0,4,11,6,356
33.0,4,11,7,358
33.0,4,11,8,360
33.0,4,11,9,361
33.0,4,11,10,363
33.0,4,11,11,364
33.0,4,11,12,366
33.0,4,11,13,368
33.0,4,11,14,369
33.0,4,11,15,371
33.0,4,12,0,348
33.0,4,12,1,350
33.0,4,12,2,352
33.0,4,12,3,353
33.0,4,12,4,355
33.0,4,12,5,357
33.0,4,12,6,358
33.0,4,12,7,360
33.0,4,12,8,362
33.0,4,12,9,363
33.0,4,12,10,365
33.0,4,12,11,366
33.0,4,12,12,368
33.0,4,12,13,370
33.0,4,12,14,371
33.0,4,12,15,373
33.0,4,13,0,350
33.0,4,13,1,352
33.0,4,13,2,353
33.0,4,13,3,355
33.0,4,13,4,357
33.0,4,13,5,358
33.0,4,13,6,360
33.0,4,13,7,362
33.0,4,13,8,363
33.0,4,13,9,365
33.0,4,13,10,367
33.0,4,13,11,368
33.0,4,13,12,370
33.0,4,13,13,372
33.0,4,13,14,373
33.0,4,13,15,375
33.0,4,14,0,352
33.0,4,14,1,353
33.0,4,14,2,355
33.0,4,14,3,357
33.0,4,14,4,359
33.0,4,14,5,360
33.0,4,14,6,362
33.0,4,14,7,364
33.0,4,14,8,365
33.0,4,14,9,367
33.0,4,14,10,369
33.0,4,14,11,370
33.0,4,14,12,372
33.0,4,14,13,374
33.0,4,14,14,375
33.0,4,14,15,377
33.0,4,15,0,354
33.0,4,15,1,355
33.0,4,15,2,357
33.0,4,15,3,359
33.0,4,15,4,360
33.0,4,15,5,362
33.0,4,15,6,364
33.0,4,15,7,366
33.0,4,15,8,367
33.0,4,15,9,369
33.0,4,15,10,371
33.0,4,15,11,372
33.0,4,15,12,374
33.0,4,15,13,375
33.0,4,15,14,377
33.0,4,15,15,379
33.0,5,0,0,331
33.0,5,0,1,332
33.0,5,0,2,334
33.0,5,0,3,335
33.0,5,0,4,337
33.0,5,0,5,339
33.0,5,0,6,340
33.0,5,0,7,342
33.0,5,0,8,343
33.0,5,0,9,345
33.0,5,0,10,346
33.0,5,0,11,348
33.0,5,0,12,349
33.0,5,0,13,351
33.0,5,0,14,353
33.0,5,0,15,354
33.0,5,1,0,333
33.0,5,1,1,334
33.0,5,1,2,336
33.0,5,1,3,337
33.0,5,1,4,339
33.0,5,1,5,341
33.0,5,1,6,342
33.0,5,1,7,344
33.0,5,1,8,345
33.0,5,1,9,347
33.0,5,1,10,348
33.0,5,1,11,350
33.0,5,1,12,352
33.0,5,1,13,353
33.0,5,1,14,355
33.0,5,1,15,356
33.0,5,2,0,334
33.0,5,2,1,336
33.0,5,2,2,338
33.0,5,2,3,339
33.0,5,2,4,341
33.0,5,2,5,343
33.0,5,2,6,344
33.0,5,2,7,346
33.0,5,2,8,347
33.0,5,2,9,349
33.0,5,2,10,351
33.0,5,2,11,352
33.0,5,2,12,354
33.0,5,2,13,355
33.0,5,2,14,357
33.0,5,2,15,358
33.0,5,3,0,336
33.0,5,3,1,338
33.0,5,3,2,340
33.0,5,3,3,341
33.0,5,3,4,343
33.0,5,3,5,345
33.0,5,3,6,346
33.0,5,3,7,348
33.0,5,3,8,349
33.0,5,3,9,351
33.0,5,3,10,353
33.0,5,3,11,354
33.0,5,3,12,356
33.0,5,3,13,357
33.0,5,3,14,359
33.0,5,3,15,360
33.0,5,4,0,338
33.0,5,4,1,340
33.0,5,4,2,342
33.0,5,4,3,343
33.0,5,4,4,345
33.0,5,4,5,347
33.0,5,4,6,348
33.0,5,4,7,350
33.0,5,4,8,351
33.0,5,4,9,353
33.0,5,4,10,355
33.0,5,4,11,356
33.0,5,4,12,358
33.0,5,4,13,359
33.0,5,4,14,361
33.0,5,4,15,362
33.0,5,5,0,340
33.0,5,5,1,342
33.0,5,5,2,344
33.0,5,5,3,345
33.0,5,5,4,347
33.0,5,5,5,349
33.0,5,5,6,350
33.0,5,5,7,352
33.0,5,5,8,353
33.0,5,5,9,355
33.0,5,5,10,357
33.0,5,5,11,358
33.0,5,5,12,360
33.0,5,5,13,361
33.0,5,5,14,363
33.0,5,5,15,365
33.0,5,6,0,342
33.0,5,6,1,344
33.0,5,6,2,346
33.0,5,6,3,347
33.0,5,6,4,349
33.0,5,6,5,351
33.0,5,6,6,352
33.0,5,6,7,354
33.0,5,6,8,355
33.0,5,6,9,357
33.0,5,6,10,359
33.0,5,6,11,360
33.0,5,6,12,362
33.0,5,6,13,363
33.0,5,6,14,365
33.0,5,6,15,367
33.0,5,7,0,344
33.0,5,7,1,346
33.0,5,7,2,348
33.0,5,7,3,349
33.0,5,7,4,351
33.0,5,7,5,353
33.0,5,7,6,354
33.0,5,7,7,356
33.0,5,7,8,357
33.0,5,7,9,359
33.0,5,7,10,361
33.0,5,7,11,362
33.0,5,7,12,364
33.0,5,7,13,366
33.0,5,7,14,367
33.0,5,7,15,369
33.0,5,8,0,346
33.0,5,8,1,348
33.0,5,8,2,349
33.0,5,8,3,351
33.0,5,8,4,353
33.0,5,8,5,355
33.0,5,8,6,356
33.0,5,8,7,358
33.0,5,8,8,359
33.0,5,8,9,361
33.0,5,8,10,363
33.0,5,8,11,364
33.0,5,8,12,366
33.0,5,8,13,368
33.0,5,8,14,369
33.0,5,8,15,371
33.0,5,9,0,348
33.0,5,9,1,350
33.0,5,9,2,351
33.0,5,9,3,353
33.0,5,9,4,355
33.0,5,9,5,356
33.0,5,9,6,358
33.0,5,9,7,360
33.0,5,9,8,361
33.0,5,9,9,363
33.0,5,9,10,365
33.0,5,9,11,366
33.0,5,9,12,368
33.0,5,9,13,370
33.0,5,9,14,371
33.0,5,9,15,373
33.0,5,10,0,350
33.0,5,10,1,352
33.0,5,10,2,353
33.0,5,10,3,355
33.0,5,10,4,357
33.0,5,10,5,358
33.0,5,10,6,360
33.0,5,10,7,362
33.0,5,10,8,363
33.0,5,10,9,365
33.0,5,10,10,367
33.0,5,10,11,368
33.0,5,10,12,370
33.0,5,10,13,372
33.0,5,10,14,373
33.0,5,10,15,375
33.0,5,11,0,352
33.0,5,11,1,354
33.0,5,11,2,355
33.0,5,11,3,357
33.0,5,11,4,359
33.0,5,11,5,360
33.0,5,11,6,362
33.0,5,11,7,364
33.0,5,11,8,365
33.0,5,11,9,367
33.0,5,11,10,369
33.0,5,11,11,370
33.0,5,11,12,372
33.0,5,11,13,374
33.0,5,11,14,375
33.0,5,11,15,377
33.0,5,12,0,354
33.0,5,12,1,355
33.0,5,12,2,357
33.0,5,12,3,359
33.0,5,12,4,361
33.0,5,12,5,362
33.0,5,12,6,364
33.0,5,12,7,366
33.0,5,12,8,367
33.0,5,12,9,369
33.0,5,12,10,371
33.0,5,12,11,372
33.0,5,12,12,374
33.0,5,12,13,376
33.0,5,12,14,377
33.0,5,12,15,379
33.0,5,13,0,356
33.0,5,13,1,357
33.0,5,13,2,359
33.0,5,13,3,361
33.0,5,13,4,362
33.0,5,13,5,364
33.0,5,13,6,366
33.0,5,13,7,368
33.0,5,13,8,369
33.0,5,13,9,371
33.0,5,13,10,373
33.0,5,13,11,374
33.0,5,13,12,376
33.0,5,13,13,378
33.0,5,13,14,379
33.0,5,13,15,381
33.0,5,14,0,357
33.0,5,14,1,359
33.0,5,14,2,361
33.0,5,14,3,363
33.0,5,14,4,364
33.0,5,14,5,366
33.0,5,14,6,368
33.0,5,14,7,369
33.0,5,14,8,371
33.0,5,14,9,373
33.0,5,14,10,374
33.0,5,14,11,376
33.0,5,14,12,378
33.0,5,14,13,379
33.0,5,14,14,381
33.0,5,14,15,383
33.0,5,15,0,359
33.0,5,15,1,361
33.0,5,15,2,363
33.0,5,15,3,364
33.0,5,15,4,366
33.0,5,15,5,368
33.0,5,15,6,370
33.0,5,15,7,371
33.0,5,15,8,373
33.0,5,15,9,375
33.0,5,15,10,376
33.0,5,15,11,378
33.0,5,15,12,380
33.0,5,15,13,381
33.0,5,15,14,383
33.0,5,15,15,385
33.0,6,0,0,336
33.0,6,0,1,337
33.0,6,0,2,339
33.0,6,0,3,341
33.0,6,0,4,342
33.0,6,0,5,344
33.0,6,0,6,345
33.0,6,0,7,347
33.0,6,0,8,349
33.0,6,0,9,350
33.0,6,0,10,352
33.0,6,0,11,353
33.0,6,0,12,355
33.0,6,0,13,356
33.0,6,0,14,358
33.0,6,0,15,360
33.0,6,1,0,338
33.0,6,1,1,339
33.0,6,1,2,341
33.0,6,1,3,343
33.0,6,1,4,344
33.0,6,1,5,346
33.0,6,1,6,348
33.0,6,1,7,349
33.0,6,1,8,351
33.0,6,1,9,352
33.0,6,1,10,354
33.0,6,1,11,355
33.0,6,1,12,357
33.0,6,1,13,359
33.0,6,1,14,360
33.0,6,1,15,362
33.0,6,2,0,340
33.0,6,2,1,341
33.0,6,2,2,343
33.0,6,2,3,345
33.0,6,2,4,346
33.0,6,2,5,348
33.0,6,2,6,350
33.0,6,2,7,351
33.0,6,2,8,353
33.0,6,2,9,354
33.0,6,2,10,356
33.0,6,2,11,358
33.0,6,2,12,359
33.0,6,2,13,361
33.0,6,2,14,362
33.0,6,2,15,364
33.0,6,3,0,342
33.0,6,3,1,343
33.0,6,3,2,345
33.0,6,3,3,347
33.0,6,3,4,348
33.0,6,3,5,350
33.0,6,3,6,352
33.0,6,3,7,353
33.0,6,3,8,355
33.0,6,3,9,357
33.0,6,3,10,358
33.0,6,3,11,360
33.0,6,3,12,361
33.0,6,3,13,363
33.0,6,3,14,364
33.0,6,3,15,366
33.0,6,4,0,344
33.0,6,4,1,345
33.0,6,4,2,347
33.0,6,4,3,349
33.0,6,4,4,350
33.0,6,4,5,352
33.0,6,4,6,354
33.0,6,4,7,355
33.0,6,4,8,357
33.0,6,4,9,359
33.0,6,4,10,360
33.0,6,4,11,362
33.0,6,4,12,363
33.0,6,4,13,365
33.0,6,4,14,367
33.0,6,4,15,368
33.0,6,5,0,346
33.0,6,5,1,347
33.0,6,5,2,349
33.0,6,5,3,351
33.0,6,5,4,352
33.0,6,5,5,354
33.0,6,5,6,356
33.0,6,5,7,357
33.0,6,5,8,359
33.0,6,5,9,361
33.0,6,5,10,362
33.0,6,5,11,364
33.0,6,5,12,365
33.0,6,5,13,367
33.0,6,5,14,369
33.0,6,5,15,370
33.0,6,6,0,348
33.0,6,6,1,349
33.0,6,6,2,351
33.0,6,6,3,353
33.0,6,6,4,354
33.0,6,6,5,356
33.0,6,6,6,358
33.0,6,6,7,359
33.0,6,6,8,361
33.0,6,6,9,363
33.0,6,6,10,364
33.0,6,6,11,366
33.0,6,6,12,368
33.0,6,6,13,369
33.0,6,6,14,371
33.0,6,6,15,372
33.0,6,7,0,350
33.0,6,7,1,351
33.0,6,7,2,353
33.0,6,7,3,355
33.0,6,7,4,356
33.0,6,7,5,358
33.0,6,7,6,360
33.0,6,7,7,361
33.0,6,7,8,363
33.0,6,7,9,365
33.0,6,7,10,366
33.0,6,7,11,368
33.0,6,7,12,370
33.0,6,7,13,371
33.0,6,7,14,373
33.0,6,7,15,374
33.0,6,8,0,352
33.0,6,8,1,353
33.0,6,8,2,355
33.0,6,8,3,357
33.0,6,8,4,358
33.0,6,8,5,360
33.0,6,8,6,362
33.0,6,8,7,363
33.0,6,8,8,365
33.0,6,8,9,367
33.0,6,8,10,368
33.0,6,8,11,370
33.0,6,8,12,372
33.0,6,8,13,373
33.0,6,8,14,375
33.0,6,8,15,377
33.0,6,9,0,353
33.0,6,9,1,355
33.0,6,9,2,357
33.0,6,9,3,359
33.0,6,9,4,360
33.0,6,9,5,362
33.0,6,9,6,364
33.0,6,9,7,365
33.0,6,9,8,367
33.0,6,9,9,369
33.0,6,9,10,370
33.0,6,9,11,372
33.0,6,9,12,374
33.0,6,9,13,375
33.0,6,9,14,377
33.0,6,9,15,379
33.0,6,10,0,355
33.0,6,10,1,357
33.0,6,10,2,359
33.0,6,10,3,361
33.0,6,10,4,362
33.0,6,10,5,364
33.0,6,10,6,366
33.0,6,10,7,367
33.0,6,10,8,369
33.0,6,10,9,371
33.0,6,10,10,372
33.0,6,10,11,374
33.0,6,10,12,376
33.0,6,10,13,377
33.0,6,10,14,379
33.0,6,10,15,381
33.0,6,11,0,357
33.0,6,11,1,359
33.0,6,11,2,361
33.0,6,11,3,363
33.0,6,11,4,364
33.0,6,11,5,366
33.0,6,11,6,368
33.0,6,11,7,369
33.0,6,11,8,371
33.0,6,11,9,373
33.0,6,11,10,374
33.0,6,11,11,376
33.0,6,11,12,378
33.0,6,11,13,379
33.0,6,11,14,381
33.0,6,11,15,383
33.0,6,12,0,359
33.0,6,12,1,361
33.0,6,12,2,363
33.0,6,12,3,364
33.0,6,12,4,366
33.0,6,12,5,368
33.0,6,12,6,370
33.0,6,12,7,371
33.0,6,12,8,373
33.0,6,12,9,375
33.0,6,12,10,376
33.0,6,12,11,378
33.0,6,12,12,380
33.0,6,12,13,381
33.0,6,12,14,383
33.0,6,12,15,385
33.0,6,13,0,361
33.0,6,13,1,363
33.0,6,13,2,365
33.0,6,13,3,366
33.0,6,13,4,368
33.0,6,13,5,370
33.0,6,13,6,372
33.0,6,13,7,373
33.0,6,13,8,375
33.0,6,13,9,377
33.0,6,13,10,378
33.0,6,13,11,380
33.0,6,13,12,382
33.0,6,13,13,383
33.0,6,13,14,385
33.0,6,13,15,387
33.0,6,14,0,363
33.0,6,14,1,365
33.0,6,14,2,366
33.0,6,14,3,368
33.0,6,14,4,370
33.0,6,14,5,372
33.0,6,14,6,373
33.0,6,14,7,375
33.0,6,14,8,377
33.0,6,14,9,379
33.0,6,14,10,380
33.0,6,14,11,382
33.0,6,14,12,384
33.0,6,14,13,385
33.0,6,14,14,387
33.0,6,14,15,389
33.0,6,15,0,365
33.0,6,15,1,367
33.0,6,15,2,368
33.0,6,15,3,370
33.0,6,15,4,372
33.0,6,15,5,374
33.0,6,15,6,375
33.0,6,15,7,377
33.0,6,15,8,379
33.0,6,15,9,381
33.0,6,15,10,382
33.0,6,15,11,384
33.0,6,15,12,386
33.0,6,15,13,387
33.0,6,15,14,389
33.0,6,15,15,391
33.0,7,0,0,341
33.0,7,0,1,343
33.0,7,0,2,344
33.0,7,0,3,346
33.0,7,0,4,348
33.0,7,0,5,349
33.0,7,0,6,351
33.0,7,0,7,352
33.0,7,0,8,354
33.0,7,0,9,356
33.0,7,0,10,357
33.0,7,0,11,359
33.0,7,0,12,360
33.0,7,0,13,362
33.0,7,0,14,364
33.0,7,0,15,365
33.0,7,1,0,343
33.0,7,1,1,345
33.0,7,1,2,346
33.0,7,1,3,348
33.0,7,1,4,350
33.0,7,1,5,351
33.0,7,1,6,353
33.0,7,1,7,355
33.0,7,1,8,356
33.0,7,1,9,358
33.0,7,1,10,359
33.0,7,1,11,361
33.0,7,1,12,363
33.0,7,1,13,364
33.0,7,1,14,366
33.0,7,1,15,367
33.0,7,2,0,345
33.0,7,2,1,347
33.0,7,2,2,348
33.0,7,2,3,350
33.0,7,2,4,352
33.0,7,2,5,353
33.0,7,2,6,355
33.0,7,2,7,357
33.0,7,2,8,358
33.0,7,2,9,360
33.0,7,2,10,361
33.0,7,2,11,363
33.0,7,2,12,365
33.0,7,2,13,366
33.0,7,2,14,368
33.0,7,2,15,369
33.0,7,3,0,347
33.0,7,3,1,349
33.0,7,3,2,350
33.0,7,3,3,352
33.0,7,3,4,354
33.0,7,3,5,355
33.0,7,3,6,357
33.0,7,3,7,359
33.0,7,3,8,360
33.0,7,3,9,362
33.0,7,3,10,364
33.0,7,3,11,365
33.0,7,3,12,367
33.0,7,3,13,368
33.0,7,3,14,370
33.0,7,3,15,372
33.0,7,4,0,349
33.0,7,4,1,351
33.0,7,4,2,352
33.0,7,4,3,354
33.0,7,4,4,356
33.0,7,4,5,357
33.0,7,4,6,359
33.0,7,4,7,361
33.0,7,4,8,362
33.0,7,4,9,364
33.0,7,4,10,366
33.0,7,4,11,367
33.0,7,4,12,369
33.0,7,4,13,371
33.0,7,4,14,372
33.0,7,4,15,374
33.0,7,5,0,351
33.0,7,5,1,353
33.0,7,5,2,354
33.0,7,5,3,356
33.0,7,5,4,358
33.0,7,5,5,360
33.0,7,5,6,361
33.0,7,5,7,363
33.0,7,5,8,365
33.0,7,5,9,366
33.0,7,5,10,368
33.0,7,5,11,369
33.0,7,5,12,371
33.0,7,5,13,373
33.0,7,5,14,374
33.0,7,5,15,376
33.0,7,6,0,353
33.0,7,6,1,355
33.0,7,6,2,356
33.0,7,6,3,358
33.0,7,6,4,360
33.0,7,6,5,362
33.0,7,6,6,363
33.0,7,6,7,365
33.0,7,6,8,367
33.0,7,6,9,368
33.0,7,6,10,370
33.0,7,6,11,372
33.0,7,6,12,373
33.0,7,6,13,375
33.0,7,6,14,376
33.0,7,6,15,378
33.0,7,7,0,355
33.0,7,7,1,357
33.0,7,7,2,358
33.0,7,7,3,360
33.0,7,7,4,362
33.0,7,7,5,364
33.0,7,7,6,365
33.0,7,7,7,367
33.0,7,7,8,369
33.0,7,7,9,370
33.0,7,7,10,372
33.0,7,7,11,374
33.0,7,7,12,375
33.0,7,7,13,377
33.0,7,7,14,379
33.0,7,7,15,380
33.0,7,8,0,357
33.0,7,8,1,359
33.0,7,8,2,360
33.0,7,8,3,362
33.0,7,8,4,364
33.0,7,8,5,366
33.0,7,8,6,367
33.0,7,8,7,369
33.0,7,8,8,371
33.0,7,8,9,372
33.0,7,8,10,374
33.0,7,8,11,376
33.0,7,8,12,377
33.0,7,8,13,379
33.0,7,8,14,381
33.0,7,8,15,382
33.0,7,9,0,359
33.0,7,9,1,361
33.0,7,9,2,362
33.0,7,9,3,364
33.0,7,9,4,366
33.0,7,9,5,368
33.0,7,9,6,369
33.0,7,9,7,371
33.0,7,9,8,373
33.0,7,9,9,374
33.0,7,9,10,376
33.0,7,9,11,378
33.0,7,9,12,379
33.0,7,9,13,381
33.0,7,9,14,383
33.0,7,9,15,384
33.0,7,10,0,361
33.0,7,10,1,363
33.0,7,10,2,364
33.0,7,10,3,366
33.0,7,10,4,368
33.0,7,10,5,370
33.0,7,10,6,371
33.0,7,10,7,373
33.0,7,10,8,375
33.0,7,10,9,376
33.0,7,10,10,378
33.0,7,10,11,380
33.0,7,10,12,382
33.0,7,10,13,383
33.0,7,10,14,385
33.0,7,10,15,387
33.0,7,11,0,363
33.0,7,11,1,365
33.0,7,11,2,366
33.0,7,11,3,368
33.0,7,11,4,370
33.0,7,11,5,372
33.0,7,11,6,373
33.0,7,11,7,375
33.0,7,11,8,377
33.0,7,11,9,378
33.0,7,11,10,380
33.0,7,11,11,382
33.0,7,11,12,384
33.0,7,11,13,385
33.0,7,11,14,387
33.0,7,11,15,389
33.0,7,12,0,365
33.0,7,12,1,367
33.0,7,12,2,368
33.0,7,12,3,370
33.0,7,12,4,372
33.0,7,12,5,374
33.0,7,12,6,375
33.0,7,12,7,377
33.0,7,12,8,379
33.0,7,12,9,380
33.0,7,12,10,382
33.0,7,12,11,384
33.0,7,12,12,386
33.0,7,12,13,387
33.0,7,12,14,389
33.0,7,12,15,391
33.0,7,13,0,367
33.0,7,13,1,368
33.0,7,13,2,370
33.0,7,13,3,372
33.0,7,13,4,374
33.0,7,13,5,376
33.0,7,13,6,377
33.0,7,13,7,379
33.0,7,13,8,381
33.0,7,13,9,382
33.0,7,13,10,384
33.0,7,13,11,386
33.0,7,13,12,388
33.0,7,13,13,389
33.0,7,13,14,391
33.0,7,13,15,393
33.0,7,14,0,369
33.0,7,14,1,370
33.0,7,14,2,372
33.0,7,14,3,374
33.0,7,14,4,376
33.0,7,14,5,377
33.0,7,14,6,379
33.0,7,14,7,381
33.0,7,14,8,383
33.0,7,14,9,384
33.0,7,14,10,386
33.0,7,14,11,388
33.0,7,14,12,390
33.0,7,14,13,391
33.0,7,14,14,393
33.0,7,14,15,395
33.0,7,15,0,370
33.0,7,15,1,372
33.0,7,15,2,374
33.0,7,15,3,376
33.0,7,15,4,378
33.0,7,15,5,379
33.0,7,15,6,381
33.0,7,15,7,383
33.0,7,15,8,385
33.0,7,15,9,386
33.0,7,15,10,388
33.0,7,15,11,390
33.0,7,15,12,392
33.0,7,15,13,393
33.0,7,15,14,395
33.0,7,15,15,397
33.0,8,0,0,346
33.0,8,0,1,348
33.0,8,0,2,349
33.0,8,0,3,351
33.0,8,0,4,353
33.0,8,0,5,354
33.0,8,0,6,356
33.0,8,0,7,358
33.0,8,0,8,359
33.0,8,0,9,361
33.0,8,0,10,363
33.0,8,0,11,364
33.0,8,0,12,366
33.0,8,0,13,367
33.0,8,0,14,369
33.0,8,0,15,371
33.0,8,1,0,348
33.0,8,1,1,350
33.0,8,1,2,352
33.0,8,1,3,353
33.0,8,1,4,355
33.0,8,1,5,357
33.0,8,1,6,358
33.0,8,1,7,360
33.0,8,1,8,362
33.0,8,1,9,363
33.0,8,1,10,365
33.0,8,1,11,366
33.0,8,1,12,368
33.0,8,1,13,370
33.0,8,1,14,371
33.0,8,1,15,373
33.0,8,2,0,350
33.0,8,2,1,352
33.0,8,2,2,354
33.0,8,2,3,355
33.0,8,2,4,357
33.0,8,2,5,359
33.0,8,2,6,360
33.0,8,2,7,362
33.0,8,2,8,364
33.0,8,2,9,365
33.0,8,2,10,367
33.0,8,2,11,369
33.0,8,2,12,370
33.0,8,2,13,372
33.0,8,2,14,373
33.0,8,2,15,375
33.0,8,3,0,352
33.0,8,3,1,354
33.0,8,3,2,356
33.0,8,3,3,357
33.0,8,3,4,359
33.0,8,3,5,361
33.0,8,3,6,362
33.0,8,3,7,364
33.0,8,3,8,366
33.0,8,3,9,367
33.0,8,3,10,369
33.0,8,3,11,371
33.0,8,3,12,372
33.0,8,3,13,374
33.0,8,3,14,376
33.0,8,3,15,377
33.0,8,4,0,354
33.0,8,4,1,356
33.0,8,4,2,358
33.0,8,4,3,359
33.0,8,4,4,361
33.0,8,4,5,363
33.0,8,4,6,365
33.0,8,4,7,366
33.0,8,4,8,368
33.0,8,4,9,370
33.0,8,4,10,371
33.0,8,4,11,373
33.0,8,4,12,375
33.0,8,4,13,376
33.0,8,4,14,378
33.0,8,4,15,379
33.0,8,5,0,356
33.0,8,5,1,358
33.0,8,5,2,360
33.0,8,5,3,362
33.0,8,5,4,363
33.0,8,5,5,365
33.0,8,5,6,367
33.0,8,5,7,368
33.0,8,5,8,370
33.0,8,5,9,372
33.0,8,5,10,373
33.0,8,5,11,375
33.0,8,5,12,377
33.0,8,5,13,378
33.0,8,5,14,380
33.0,8,5,15,382
33.0,8,6,0,358
33.0,8,6,1,360
33.0,8,6,2,362
33.0,8,6,3,364
33.0,8,6,4,365
33.0,8,6,5,367
33.0,8,6,6,369
33.0,8,6,7,370
33.0,8,6,8,372
33.0,8,6,9,374
33.0,8,6,10,376
33.0,8,6,11,377
33.0,8,6,12,379
33.0,8,6,13,381
33.0,8,6,14,382
33.0,8,6,15,384
33.0,8,7,0,360
33.0,8,7,1,362
33.0,8,7,2,364
33.0,8,7,3,366
33.0,8,7,4,367
33.0,8,7,5,369
33.0,8,7,6,371
33.0,8,7,7,373
33.0,8,7,8,374
33.0,8,7,9,376
33.0,8,7,10,378
33.0,8,7,11,379
33.0,8,7,12,381
33.0,8,7,13,383
33.0,8,7,14,384
33.0,8,7,15,386
33.0,8,8,0,362
33.0,8,8,1,364
33.0,8,8,2,366
33.0,8,8,3,368
33.0,8,8,4,369
33.0,8,8,5,371
33.0,8,8,6,373
33.0,8,8,7,375
33.0,8,8,8,376
33.0,8,8,9,378
33.0,8,8,10,380
33.0,8,8,11,381
33.0,8,8,12,383
33.0,8,8,13,385
33.0,8,8,14,386
33.0,8,8,15,388
33.0,8,9,0,364
33.0,8,9,1,366
33.0,8,9,2,368
33.0,8,9,3,370
33.0,8,9,4,371
33.0,8,9,5,373
33.0,8,9,6,375
33.0,8,9,7,377
33.0,8,9,8,378
33.0,8,9,9,380
33.0,8,9,10,382
33.0,8,9,11,384
33.0,8,9,12,385
33.0,8,9,13,387
33.0,8,9,14,389
33.0,8,9,15,390
33.0,8,10,0,366
33.0,8,10,1,368
33.0,8,10,2,370
33.0,8,10,3,372
33.0,8,10,4,373
33.0,8,10,5,375
33.0,8,10,6,377
33.0,8,10,7,379
33.0,8,10,8,380
33.0,8,10,9,382
33.0,8,10,10,384
33.0,8,10,11,386
33.0,8,10,12,387
33.0,8,10,13,389
33.0,8,10,14,391
33.0,8,10,15,392
33.0,8,11,0,368
33.0,8,11,1,370
33.0,8,11,2,372
33.0,8,11,3,374
33.0,8,11,4,375
33.0,8,11,5,377
33.0,8,11,6,379
33.0,8,11,7,381
33.0,8,11,8,382
33.0,8,11,9,384
33.0,8,11,10,386
33.0,8,11,11,388
33.0,8,11,12,389
33.0,8,11,13,391
33.0,8,11,14,393
33.0,8,11,15,394
33.0,8,12,0,370
33.0,8,12,1,372
33.0,8,12,2,374
33.0,8,12,3,376
33.0,8,12,4,377
33.0,8,12,5,379
33.0,8,12,6,381
33.0,8,12,7,383
33.0,8,12,8,385
33.0,8,12,9,386
33.0,8,12,10,388
33.0,8,12,11,390
33.0,8,12,12,391
33.0,8,12,13,393
33.0,8,12,14,395
33.0,8,12,15,397
33.0,8,13,0,372
33.0,8,13,1,374
33.0,8,13,2,376
33.0,8,13,3,378
33.0,8,13,4,379
33.0,8,13,5,381
33.0,8,13,6,383
33.0,8,13,7,385
33.0,8,13,8,387
33.0,8,13,9,388
33.0,8,13,10,390
33.0,8,13,11,392
33.0,8,13,12,394
33.0,8,13,13,395
33.0,8,13,14,397
33.0,8,13,15,399
33.0,8,14,0,374
33.0,8,14,1,376
33.0,8,14,2,378
33.0,8,14,3,380
33.0,8,14,4,381
33.0,8,14,5,383
33.0,8,14,6,385
33.0,8,14,7,387
33.0,8,14,8,389
33.0,8,14,9,390
33.0,8,14,10,392
33.0,8,14,11,394
33.0,8,14,12,396
33.0,8,14,13,397
33.0,8,14,14,399
33.0,8,14,15,401
33.0,8,15,0,376
33.0,8,15,1,378
33.0,8,15,2,380
33.0,8,15,3,382
33.0,8,15,4,383
33.0,8,15,5,385
33.0,8,15,6,387
33.0,8,15,7,389
33.0,8,15,8,391
33.0,8,15,9,392
33.0,8,15,10,394
33.0,8,15,11,396
33.0,8,15,12,398
33.0,8,15,13,399
33.0,8,15,14,401
33.0,8,15,15,403
33.0,9,0,0,351
33.0,9,0,1,353
33.0,9,0,2,355
33.0,9,0,3,356
33.0,9,0,4,358
33.0,9,0,5,360
33.0,9,0,6,361
33.0,9,0,7,363
33.0,9,0,8,365
33.0,9,0,9,366
33.0,9,0,10,368
33.0,9,0,11,370
33.0,9,0,12,371
33.0,9,0,13,373
33.0,9,0,14,375
33.0,9,0,15,376
33.0,9,1,0,353
33.0,9,1,1,355
33.0,9,1,2,357
33.0,9,1,3,358
33.0,9,1,4,360
33.0,9,1,5,362
33.0,9,1,6,364
33.0,9,1,7,365
33.0,9,1,8,367
33.0,9,1,9,369
33.0,9,1,10,370
33.0,9,1,11,372
33.0,9,1,12,374
33.0,9,1,13,375
33.0,9,1,14,377
33.0,9,1,15,378
33.0,9,2,0,355
33.0,9,2,1,357
33.0,9,2,2,359
33.0,9,2,3,361
33.0,9,2,4,362
33.0,9,2,5,364
33.0,9,2,6,366
33.0,9,2,7,367
33.0,9,2,8,369
33.0,9,2,9,371
33.0,9,2,10,372
33.0,9,2,11,374
33.0,9,2,12,376
33.0,9,2,13,377
33.0,9,2,14,379
33.0,9,2,15,381
33.0,9,3,0,358
33.0,9,3,1,359
33.0,9,3,2,361
33.0,9,3,3,363
33.0,9,3,4,364
33.0,9,3,5,366
33.0,9,3,6,368
33.0,9,3,7,370
33.0,9,3,8,371
33.0,9,3,9,373
33.0,9,3,10,375
33.0,9,3,11,376
33.0,9,3,12,378
33.0,9,3,13,380
33.0,9,3,14,381
33.0,9,3,15,383
33.0,9,4,0,360
33.0,9,4,1,361
33.0,9,4,2,363
33.0,9,4,3,365
33.0,9,4,4,367
33.0,9,4,5,368
33.0,9,4,6,370
33.0,9,4,7,372
33.0,9,4,8,373
33.0,9,4,9,375
33.0,9,4,10,377
33.0,9,4,11,379
33.0,9,4,12,380
33.0,9,4,13,382
33.0,9,4,14,384
33.0,9,4,15,385
33.0,9,5,0,362
33.0,9,5,1,363
33.0,9,5,2,365
33.0,9,5,3,367
33.0,9,5,4,369
33.0,9,5,5,370
33.0,9,5,6,372
33.0,9,5,7,374
33.0,9,5,8,376
33.0,9,5,9,377
33.0,9,5,10,379
33.0,9,5,11,381
33.0,9,5,12,382
33.0,9,5,13,384
33.0,9,5,14,386
33.0,9,5,15,387
33.0,9,6,0,364
33.0,9,6,1,365
33.0,9,6,2,367
33.0,9,6,3,369
33.0,9,6,4,371
33.0,9,6,5,373
33.0,9,6,6,374
33.0,9,6,7,376
33.0,9,6,8,378
33.0,9,6,9,379
33.0,9,6,10,381
33.0,9,6,11,383
33.0,9,6,12,385
33.0,9,6,13,386
33.0,9,6,14,388
33.0,9,6,15,390
33.0,9,7,0,366
33.0,9,7,1,368
33.0,9,7,2,369
33.0,9,7,3,371
33.0,9,7,4,373
33.0,9,7,5,375
33.0,9,7,6,376
33.0,9,7,7,378
33.0,9,7,8,380
33.0,9,7,9,382
33.0,9,7,10,383
33.0,9,7,11,385
33.0,9,7,12,387
33.0,9,7,13,388
33.0,9,7,14,390
33.0,9,7,15,392
33.0,9,8,0,368
33.0,9,8,1,370
33.0,9,8,2,371
33.0,9,8,3,373
33.0,9,8,4,375
33.0,9,8,5,377
33.0,9,8,6,378
33.0,9,8,7,380
33.0,9,8,8,382
33.0,9,8,9,384
33.0,9,8,10,385
33.0,9,8,11,387
33.0,9,8,12,389
33.0,9,8,13,391
33.0,9,8,14,392
33.0,9,8,15,394
33.0,9,9,0,370
33.0,9,9,1,372
33.0,9,9,2,373
33.0,9,9,3,375
33.0,9,9,4,377
33.0,9,9,5,379
33.0,9,9,6,381
33.0,9,9,7,382
33.0,9,9,8,384
33.0,9,9,9,386
33.0,9,9,10,388
33.0,9,9,11,389
33.0,9,9,12,391
33.0,9,9,13,393
33.0,9,9,14,394
33.0,9,9,15,396
33.0,9,10,0,372
33.0,9,10,1,374
33.0,9,10,2,375
33.0,9,10,3,377
33.0,9,10,4,379
33.0,9,10,5,381
33.0,9,10,6,383
33.0,9,10,7,384
33.0,9,10,8,386
33.0,9,10,9,388
33.0,9,10,10,390
33.0,9,10,11,391
33.0,9,10,12,393
33.0,9,10,13,395
33.0,9,10,14,397
33.0,9,10,15,398
33.0,9,11,0,374
33.0,9,11,1,376
33.0,9,11,2,377
33.0,9,11,3,379
33.0,9,11,4,381
33.0,9,11,5,383
33.0,9,11,6,385
33.0,9,11,7,386
33.0,9,11,8,388
33.0,9,11,9,390
33.0,9,11,10,392
33.0,9,11,11,393
33.0,9,11,12,395
33.0,9,11,13,397
33.0,9,11,14,399
33.0,9,11,15,400
33.0,9,12,0,376
33.0,9,12,1,378
33.0,9,12,2,379
33.0,9,12,3,381
33.0,9,12,4,383
33.0,9,12,5,385
33.0,9,12,6,387
33.0,9,12,7,388
33.0,9,12,8,390
33.0,9,12,9,392
33.0,9,12,10,394
33.0,9,12,11,396
33.0,9,12,12,397
33.0,9,12,13,399
33.0,9,12,14,401
33.0,9,12,15,403
33.0,9,13,0,378
33.0,9,13,1,380
33.0,9,13,2,381
33.0,9,13,3,383
33.0,9,13,4,385
33.0,9,13,5,387
33.0,9,13,6,389
33.0,9,13,7,391
33.0,9,13,8,392
33.0,9,13,9,394
33.0,9,13,10,396
33.0,9,13,11,398
33.0,9,13,12,399
33.0,9,13,13,401
33.0,9,13,14,403
33.0,9,13,15,405
33.0,9,14,0,380
33.0,9,14,1,382
33.0,9,14,2,383
33.0,9,14,3,385
33.0,9,14,4,387
33.0,9,14,5,389
33.0,9,14,6,391
33.0,9,14,7,393
33.0,9,14,8,394
33.0,9,14,9,396
33.0,9,14,10,398
33.0,9,14,11,400
33.0,9,14,12,401
33.0,9,14,13,403
33.0,9,14,14,405
33.0,9,14,15,407
33.0,9,15,0,382
33.0,9,15,1,384
33.0,9,15,2,385
33.0,9,15,3,387
33.0,9,15,4,389
33.0,9,15,5,391
33.0,9,15,6,393
33.0,9,15,7,395
33.0,9,15,8,396
33.0,9,15,9,398
33.0,9,15,10,400
33.0,9,15,11,402
33.0,9,15,12,404
33.0,9,15,13,405
33.0,9,15,14,407
33.0,9,15,15,409
33.0,10,0,0,356
33.0,10,0,1,358
33.0,10,0,2,360
33.0,10,0,3,362
33.0,10,0,4,363
33.0,10,0,5,365
33.0,10,0,6,367
33.0,10,0,7,368
33.0,10,0,8,370
33.0,10,0,9,372
33.0,10,0,10,373
33.0,10,0,11,375
33.0,10,0,12,377
33.0,10,0,13,378
33.0,10,0,14,380
33.0,10,0,15,382
33.0,10,1,0,359
33.0,10,1,1,360
33.0,10,1,2,362
33.0,10,1,3,364
33.0,10,1,4,366
33.0,10,1,5,367
33.0,10,1,6,369
33.0,10,1,7,371
33.0,10,1,8,372
33.0,10,1,9,374
33.0,10,1,10,376
33.0,10,1,11,377
33.0,10,1,12,379
33.0,10,1,13,381
33.0,10,1,14,382
33.0,10,1,15,384
33.0,10,2,0,361
33.0,10,2,1,362
33.0,10,2,2,364
33.0,10,2,3,366
33.0,10,2,4,368
33.0,10,2,5,369
33.0,10,2,6,371
33.0,10,2,7,373
33.0,10,2,8,375
33.0,10,2,9,376
33.0,10,2,10,378
33.0,10,2,11,380
33.0,10,2,12,381
33.0,10,2,13,383
33.0,10,2,14,385
33.0,10,2,15,386
33.0,10,3,0,363
33.0,10,3,1,365
33.0,10,3,2,366
33.0,10,3,3,368
33.0,10,3,4,370
33.0,10,3,5,372
33.0,10,3,6,373
33.0,10,3,7,375
33.0,10,3,8,377
33.0,10,3,9,378
33.0,10,3,10,380
33.0,10,3,11,382
33.0,10,3,12,384
33.0,10,3,13,385
33.0,10,3,14,387
33.0,10,3,15,389
33.0,10,4,0,365
33.0,10,4,1,367
33.0,10,4,2,368
33.0,10,4,3,370
33.0,10,4,4,372
33.0,10,4,5,374
33.0,10,4,6,375
33.0,10,4,7,377
33.0,10,4,8,379
33.0,10,4,9,381
33.0,10,4,10,382
33.0,10,4,11,384
33.0,10,4,12,386
33.0,10,4,13,387
33.0,10,4,14,389
33.0,10,4,15,391
33.0,10,5,0,367
33.0,10,5,1,369
33.0,10,5,2,371
33.0,10,5,3,372
33.0,10,5,4,374
33.0,10,5,5,376
33.0,10,5,6,378
33.0,10,5,7,379
33.0,10,5,8,381
33.0,10,5,9,383
33.0,10,5,10,385
33.0,10,5,11,386
33.0,10,5,12,388
33.0,10,5,13,390
33.0,10,5,14,391
33.0,10,5,15,393
33.0,10,6,0,369
33.0,10,6,1,371
33.0,10,6,2,373
33.0,10,6,3,374
33.0,10,6,4,376
33.0,10,6,5,378
33.0,10,6,6,380
33.0,10,6,7,382
33.0,10,6,8,383
33.0,10,6,9,385
33.0,10,6,10,387
33.0,10,6,11,388
33.0,10,6,12,390
33.0,10,6,13,392
33.0,10,6,14,394
33.0,10,6,15,395
33.0,10,7,0,371
33.0,10,7,1,373
33.0,10,7,2,375
33.0,10,7,3,377
33.0,10,7,4,378
33.0,10,7,5,380
33.0,10,7,6,382
33.0,10,7,7,384
33.0,10,7,8,385
33.0,10,7,9,387
33.0,10,7,10,389
33.0,10,7,11,391
33.0,10,7,12,392
33.0,10,7,13,394
33.0,10,7,14,396
33.0,10,7,15,398
33.0,10,8,0,373
33.0,10,8,1,375
33.0,10,8,2,377
33.0,10,8,3,379
33.0,10,8,4,380
33.0,10,8,5,382
33.0,10,8,6,384
33.0,10,8,7,386
33.0,10,8,8,388
33.0,10,8,9,389
33.0,10,8,10,391
33.0,10,8,11,393
33.0,10,8,12,395
33.0,10,8,13,396
33.0,10,8,14,398
33.0,10,8,15,400
33.0,10,9,0,375
33.0,10,9,1,377
33.0,10,9,2,379
33.0,10,9,3,381
33.0,10,9,4,383
33.0,10,9,5,384
33.0,10,9,6,386
33.0,10,9,7,388
33.0,10,9,8,390
33.0,10,9,9,391
33.0,10,9,10,393
33.0,10,9,11,395
33.0,10,9,12,397
33.0,10,9,13,398
33.0,10,9,14,400
33.0,10,9,15,402
33.0,10,10,0,377
33.0,10,10,1,379
33.0,10,10,2,381
33.0,10,10,3,383
33.0,10,10,4,385
33.0,10,10,5,386
33.0,10,10,6,388
33.0,10,10,7,390
33.0,10,10,8,392
33.0,10,10,9,394
33.0,10,10,10,395
33.0,10,10,11,397
33.0,10,10,12,399
33.0,10,10,13,401
33.0,10,10,14,402
33.0,10,10,15,404
33.0,10,11,0,379
33.0,10,11,1,381
33.0,10,11,2,383
33.0,10,11,3,385
33.0,10,11,4,387
33.0,10,11,5,389
33.0,10,11,6,390
33.0,10,11,7,392
33.0,10,11,8,394
33.0,10,11,9,396
33.0,10,11,10,397
33.0,10,11,11,399
33.0,10,11,12,401
33.0,10,11,13,403
33.0,10,11,14,405
33.0,10,11,15,406
33.0,10,12,0,381
33.0,10,12,1,383
33.0,10,12,2,385
33.0,10,12,3,387
33.0,10,12,4,389
33.0,10,12,5,391
33.0,10,12,6,392
33.0,10,12,7,394
33.0,10,12,8,396
33.0,10,12,9,398
33.0,10,12,10,400
33.0,10,12,11,401
33.0,10,12,12,403
33.0,10,12,13,405
33.0,10,12,14,407
33.0,10,12,15,408
33.0,10,13,0,383
33.0,10,13,1,385
33.0,10,13,2,387
33.0,10,13,3,389
33.0,10,13,4,391
33.0,10,13,5,393
33.0,10,13,6,394
33.0,10,13,7,396
33.0,10,13,8,398
33.0,10,13,9,400
33.0,10,13,10,402
33.0,10,13,11,403
33.0,10,13,12,405
33.0,10,13,13,407
33.0,10,13,14,409
33.0,10,13,15,411
33.0,10,14,0,385
33.0,10,14,1,387
33.0,10,14,2,389
33.0,10,14,3,391
33.0,10,14,4,393
33.0,10,14,5,395
33.0,10,14,6,397
33.0,10,14,7,398
33.0,10,14,8,400
33.0,10,14,9,402
33.0,10,14,10,404
33.0,10,14,11,406
33.0,10,14,12,407
33.0,10,14,13,409
33.0,10,14,14,411
33.0,10,14,15,413
33.0,10,15,0,387
33.0,10,15,1,389
33.0,10,15,2,391
33.0,10,15,3,393
33.0,10,15,4,395
33.0,10,15,5,397
33.0,10,15,6,399
33.0,10,15,7,400
33.0,10,15,8,402
33.0,10,15,9,404
33.0,10,15,10,406
33.0,10,15,11,408
33.0,10,15,12,409
33.0,10,15,13,411
33.0,10,15,14,413
33.0,10,15,15,415
33.0,11,0,0,362
33.0,11,0,1,363
33.0,11,0,2,365
33.0,11,0,3,367
33.0,11,0,4,369
33.0,11,0,5,370
33.0,11,0,6,372
33.0,11,0,7,374
33.0,11,0,8,375
33.0,11,0,9,377
33.0,11,0,10,379
33.0,11,0,11,381
33.0,11,0,12,382
33.0,11,0,13,384
33.0,11,0,14,386
33.0,11,0,15,387
33.0,11,1,0,364
33.0,11,1,1,366
33.0,11,1,2,367
33.0,11,1,3,369
33.0,11,1,4,371
33.0,11,1,5,373
33.0,11,1,6,374
33.0,11,1,7,376
33.0,11,1,8,378
33.0,11,1,9,379
33.0,11,1,10,381
33.0,11,1,11,383
33.0,11,1,12,385
33.0,11,1,13,386
33.0,11,1,14,388
33.0,11,1,15,390
33.0,11,2,0,366
33.0,11,2,1,368
33.0,11,2,2,369
33.0,11,2,3,371
33.0,11,2,4,373
33.0,11,2,5,375
33.0,11,2,6,377
33.0,11,2,7,378
33.0,11,2,8,380
33.0,11,2,9,382
33.0,11,2,10,383
33.0,11,2,11,385
33.0,11,2,12,387
33.0,11,2,13,389
33.0,11,2,14,390
33.0,11,2,15,392
33.0,11,3,0,368
33.0,11,3,1,370
33.0,11,3,2,372
33.0,11,3,3,373
33.0,11,3,4,375
33.0,11,3,5,377
33.0,11,3,6,379
33.0,11,3,7,380
33.0,11,3,8,382
33.0,11,3,9,384
33.0,11,3,10,386
33.0,11,3,11,387
33.0,11,3,12,389
33.0,11,3,13,391
33.0,11,3,14,393
33.0,11,3,15,394
33.0,11,4,0,370
33.0,11,4,1,372
33.0,11,4,2,374
33.0,11,4,3,376
33.0,11,4,4,377
33.0,11,4,5,379
33.0,11,4,6,381
33.0,11,4,7,383
33.0,11,4,8,384
33.0,11,4,9,386
33.0,11,4,10,388
33.0,11,4,11,390
33.0,11,4,12,391
33.0,11,4,13,393
33.0,11,4,14,395
33.0,11,4,15,397
33.0,11,5,0,372
33.0,11,5,1,374
33.0,11,5,2,376
33.0,11,5,3,378
33.0,11,5,4,380
33.0,11,5,5,381
33.0,11,5,6,383
33.0,11,5,7,385
33.0,11,5,8,387
33.0,11,5,9,388
33.0,11,5,10,390
33.0,11,5,11,392
33.0,11,5,12,394
33.0,11,5,13,395
33.0,11,5,14,397
33.0,11,5,15,399
33.0,11,6,0,374
33.0,11,6,1,376
33.0,11,6,2,378
33.0,11,6,3,380
33.0,11,6,4,382
33.0,11,6,5,383
33.0,11,6,6,385
33.0,11,6,7,387
33.0,11,6,8,389
33.0,11,6,9,391
33.0,11,6,10,392
33.0,11,6,11,394
33.0,11,6,12,396
33.0,11,6,13,398
33.0,11,6,14,399
33.0,11,6,15,401
33.0,11,7,0,377
33.0,11,7,1,378
33.0,11,7,2,380
33.0,11,7,3,382
33.0,11,7,4,384
33.0,11,7,5,386
33.0,11,7,6,387
33.0,11,7,7,389
33.0,11,7,8,391
33.0,11,7,9,393
33.0,11,7,10,395
33.0,11,7,11,396
33.0,11,7,12,398
33.0,11,7,13,400
33.0,11,7,14,402
33.0,11,7,15,403
33.0,11,8,0,379
33.0,11,8,1,380
33.0,11,8,2,382
33.0,11,8,3,384
33.0,11,8,4,386
33.0,11,8,5,388
33.0,11,8,6,390
33.0,11,8,7,391
33.0,11,8,8,393
33.0,11,8,9,395
33.0,11,8,10,397
33.0,11,8,11,399
33.0,11,8,12,400
33.0,11,8,13,402
33.0,11,8,14,404
33.0,11,8,15,406
33.0,11,9,0,381
33.0,11,9,1,383
33.0,11,9,2,384
33.0,11,9,3,386
33.0,11,9,4,388
33.0,11,9,5,390
33.0,11,9,6,392
33.0,11,9,7,394
33.0,11,9,8,395
33.0,11,9,9,397
33.0,11,9,10,399
33.0,11,9,11,401
33.0,11,9,12,402
33.0,11,9,13,404
33.0,11,9,14,406
33.0,11,9,15,408
33.0,11,10,0,383
33.0,11,10,1,385
33.0,11,10,2,386
33.0,11,10,3,388
33.0,11,10,4,390
33.0,11,10,5,392
33.0,11,10,6,394
33.0,11,10,7,396
33.0,11,10,8,397
33.0,11,10,9,399
33.0,11,10,10,401
33.0,11,10,11,403
33.0,11,10,12,405
33.0,11,10,13,406
33.0,11,10,14,408
33.0,11,10,15,410
33.0,11,11,0,385
33.0,11,11,1,387
33.0,11,11,2,389
33.0,11,11,3,390
33.0,11,11,4,392
33.0,11,11,5,394
33.0,11,11,6,396
33.0,11,11,7,398
33.0,11,11,8,400
33.0,11,11,9,401
33.0,11,11,10,403
33.0,11,11,11,405
33.0,11,11,12,407
33.0,11,11,13,409
33.0,11,11,14,410
33.0,11,11,15,412
33.0,11,12,0,387
33.0,11,12,1,389
33.0,11,12,2,391
33.0,11,12,3,393
33.0,11,12,4,394
33.0,11,12,5,396
33.0,11,12,6,398
33.0,11,12,7,400
33.0,11,12,8,402
33.0,11,12,9,404
33.0,11,12,10,405
33.0,11,12,11,407
33.0,11,12,12,409
33.0,11,12,13,411
33.0,11,12,14,413
33.0,11,12,15,414
33.0,11,13,0,389
33.0,11,13,1,391
33.0,11,13,2,393
33.0,11,13,3,395
33.0,11,13,4,396
33.0,11,13,5,398
33.0,11,13,6,400
33.0,11,13,7,402
33.0,11,13,8,404
33.0,11,13,9,406
33.0,11,13,10,408
33.0,11,13,11,409
33.0,11,13,12,411
33.0,11,13,13,413
33.0,11,13,14,415
33.0,11,13,15,417
33.0,11,14,0,391
33.0,11,14,1,393
33.0,11,14,2,395
33.0,11,14,3,397
33.0,11,14,4,399
33.0,11,14,5,400
33.0,11,14,6,402
33.0,11,14,7,404
33.0,11,14,8,406
33.0,11,14,9,408
33.0,11,14,10,410
33.0,11,14,11,411
33.0,11,14,12,413
33.0,11,14,13,415
33.0,11,14,14,417
33.0,11,14,15,419
33.0,11,15,0,393
33.0,11,15,1,395
33.0,11,15,2,397
33.0,11,15,3,399
33.0,11,15,4,401
33.0,11,15,5,402
33.0,11,15,6,404
33.0,11,15,7,406
33.0,11,15,8,408
33.0,11,15,9,410
33.0,11,15,10,412
33.0,11,15,11,414
33.0,11,15,12,415
33.0,11,15,13,417
33.0,11,15,14,419
33.0,11,15,15,421
33.0,12,0,0,367
33.0,12,0,1,369
33.0,12,0,2,370
33.0,12,0,3,372
33.0,12,0,4,374
33.0,12,0,5,376
33.0,12,0,6,377
33.0,12,0,7,379
33.0,12,0,8,381
33.0,12,0,9,383
33.0,12,0,10,384
33.0,12,0,11,386
33.0,12,0,12,388
33.0,12,0,13,389
33.0,12,0,14,391
33.0,12,0,15,393
33.0,12,1,0,369
33.0,12,1,1,371
33.0,12,1,2,373
33.0,12,1,3,374
33.0,12,1,4,376
33.0,12,1,5,378
33.0,12,1,6,380
33.0,12,1,7,381
33.0,12,1,8,383
33.0,12,1,9,385
33.0,12,1,10,387
33.0,12,1,11,388
33.0,12,1,12,390
33.0,12,1,13,392
33.0,12,1,14,393
33.0,12,1,15,395
33.0,12,2,0,371
33.0,12,2,1,373
33.0,12,2,2,375
33.0,12,2,3,377
33.0,12,2,4,378
33.0,12,2,5,380
33.0,12,2,6,382
33.0,12,2,7,384
33.0,12,2,8,385
33.0,12,2,9,387
33.0,12,2,10,389
33.0,12,2,11,391
33.0,12,2,12,392
33.0,12,2,13,394
33.0,12,2,14,396
33.0,12,2,15,398
33.0,12,3,0,373
33.0,12,3,1,375
33.0,12,3,2,377
33.0,12,3,3,379
33.0,12,3,4,381
33.0,12,3,5,382
33.0,12,3,6,384
33.0,12,3,7,386
33.0,12,3,8,388
33.0,12,3,9,389
33.0,12,3,10,391
33.0,12,3,11,393
33.0,12,3,12,395
33.0,12,3,13,396
33.0,12,3,14,398
33.0,12,3,15,400
33.0,12,4,0,375
33.0,12,4,1,377
33.0,12,4,2,379
33.0,12,4,3,381
33.0,12,4,4,383
33.0,12,4,5,385
33.0,12,4,6,386
33.0,12,4,7,388
33.0,12,4,8,390
33.0,12,4,9,392
33.0,12,4,10,393
33.0,12,4,11,395
33.0,12,4,12,397
33.0,12,4,13,399
33.0,12,4,14,400
33.0,12,4,15,402
33.0,12,5,0,378
33.0,12,5,1,379
33.0,12,5,2,381
33.0,12,5,3,383
33.0,12,5,4,385
33.0,12,5,5,387
33.0,12,5,6,389
33.0,12,5,7,390
33.0,12,5,8,392
33.0,12,5,9,394
33.0,12,5,10,396
33.0,12,5,11,398
33.0,12,5,12,399
33.0,12,5,13,401
33.0,12,5,14,403
33.0,12,5,15,404
33.0,12,6,0,380
33.0,12,6,1,382
33.0,12,6,2,383
33.0,12,6,3,385
33.0,12,6,4,387
33.0,12,6,5,389
33.0,12,6,6,391
33.0,12,6,7,393
33.0,12,6,8,394
33.0,12,6,9,396
33.0,12,6,10,398
33.0,12,6,11,400
33.0,12,6,12,402
33.0,12,6,13,403
33.0,12,6,14,405
33.0,12,6,15,407
33.0,12,7,0,382
33.0,12,7,1,384
33.0,12,7,2,386
33.0,12,7,3,387
33.0,12,7,4,389
33.0,12,7,5,391
33.0,12,7,6,393
33.0,12,7,7,395
33.0,12,7,8,397
33.0,12,7,9,398
33.0,12,7,10,400
33.0,12,7,11,402
33.0,12,7,12,404
33.0,12,7,13,406
33.0,12,7,14,407
33.0,12,7,15,409
33.0,12,8,0,384
33.0,12,8,1,386
33.0,12,8,2,388
33.0,12,8,3,390
33.0,12,8,4,391
33.0,12,8,5,393
33.0,12,8,6,395
33.0,12,8,7,397
33.0,12,8,8,399
33.0,12,8,9,401
33.0,12,8,10,402
33.0,12,8,11,404
33.0,12,8,12,406
33.0,12,8,13,408
33.0,12,8,14,410
33.0,12,8,15,411
33.0,12,9,0,386
33.0,12,9,1,388
33.0,12,9,2,390
33.0,12,9,3,392
33.0,12,9,4,394
33.0,12,9,5,395
33.0,12,9,6,397
33.0,12,9,7,399
33.0,12,9,8,401
33.0,12,9,9,403
33.0,12,9,10,405
33.0,12,9,11,406
33.0,12,9,12,408
33.0,12,9,13,410
33.0,12,9,14,412
33.0,12,9,15,414
33.0,12,10,0,388
33.0,12,10,1,390
33.0,12,10,2,392
33.0,12,10,3,394
33.0,12,10,4,396
33.0,12,10,5,398
33.0,12,10,6,399
33.0,12,10,7,401
33.0,12,10,8,403
33.0,12,10,9,405
33.0,12,10,10,407
33.0,12,10,11,409
33.0,12,10,12,410
33.0,12,10,13,412
33.0,12,10,14,414
33.0,12,10,15,416
33.0,12,11,0,390
33.0,12,11,1,392
33.0,12,11,2,394
33.0,12,11,3,396
33.0,12,11,4,398
33.0,12,11,5,400
33.0,12,11,6,402
33.0,12,11,7,403
33.0,12,11,8,405
33.0,12,11,9,407
33.0,12,11,10,409
33.0,12,11,11,411
33.0,12,11,12,413
33.0,12,11,13,414
33.0,12,11,14,416
33.0,12,11,15,418
33.0,12,12,0,392
33.0,12,12,1,394
33.0,12,12,2,396
33.0,12,12,3,398
33.0,12,12,4,400
33.0,12,12,5,402
33.0,12,12,6,404
33.0,12,12,7,406
33.0,12,12,8,408
33.0,12,12,9,409
33.0,12,12,10,411
33.0,12,12,11,413
33.0,12,12,12,415
33.0,12,12,13,417
33.0,12,12,14,418
33.0,12,12,15,420
33.0,12,13,0,394
33.0,12,13,1,396
33.0,12,13,2,398
33.0,12,13,3,400
33.0,12,13,4,402
33.0,12,13,5,404
33.0,12,13,6,406
33.0,12,13,7,408
33.0,12,13,8,410
33.0,12,13,9,412
33.0,12,13,10,413
33.0,12,13,11,415
33.0,12,13,12,417
33.0,12,13,13,419
33.0,12,13,14,421
33.0,12,13,15,422
33.0,12,14,0,396
33.0,12,14,1,398
33.0,12,14,2,400
33.0,12,14,3,402
33.0,12,14,4,404
33.0,12,14,5,406
33.0,12,14,6,408
33.0,12,14,7,410
33.0,12,14,8,412
33.0,12,14,9,414
33.0,12,14,10,416
33.0,12,14,11,417
33.0,12,14,12,419
33.0,12,14,13,421
33.0,12,14,14,423
33.0,12,14,15,425
33.0,12,15,0,399
33.0,12,15,1,400
33.0,12,15,2,402
33.0,12,15,3,404
33.0,12,15,4,406
33.0,12,15,5,408
33.0,12,15,6,410
33.0,12,15,7,412
33.0,12,15,8,414
33.0,12,15,9,416
33.0,12,15,10,418
33.0,12,15,11,420
33.0,12,15,12,421
33.0,12,15,13,423
33.0,12,15,14,425
33.0,12,15,15,427
33.0,13,0,0,372
33.0,13,0,1,374
33.0,13,0,2,376
33.0,13,0,3,377
33.0,13,0,4,379
33.0,13,0,5,381
33.0,13,0,6,383
33.0,13,0,7,384
33.0,13,0,8,386
33.0,13,0,9,388
33.0,13,0,10,390
33.0,13,0,11,391
33.0,13,0,12,393
33.0,13,0,13,395
33.0,13,0,14,397
33.0,13,0,15,398
33.0,13,1,0,374
33.0,13,1,1,376
33.0,13,1,2,378
33.0,13,1,3,380
33.0,13,1,4,381
33.0,13,1,5,383
33.0,13,1,6,385
33.0,13,1,7,387
33.0,13,1,8,389
33.0,13,1,9,390
33.0,13,1,10,392
33.0,13,1,11,394
33.0,13,1,12,396
33.0,13,1,13,397
33.0,13,1,14,399
33.0,13,1,15,401
33.0,13,2,0,376
33.0,13,2,1,378
33.0,13,2,2,380
33.0,13,2,3,382
33.0,13,2,4,384
33.0,13,2,5,385
33.0,13,2,6,387
33.0,13,2,7,389
33.0,13,2,8,391
33.0,13,2,9,393
33.0,13,2,10,394
33.0,13,2,11,396
33.0,13,2,12,398
33.0,13,2,13,400
33.0,13,2,14,401
33.0,13,2,15,403
33.0,13,3,0,379
33.0,13,3,1,380
33.0,13,3,2,382
33.0,13,3,3,384
33.0,13,3,4,386
33.0,13,3,5,388
33.0,13,3,6,390
33.0,13,3,7,391
33.0,13,3,8,393
33.0,13,3,9,395
33.0,13,3,10,397
33.0,13,3,11,398
33.0,13,3,12,400
33.0,13,3,13,402
33.0,13,3,14,404
33.0,13,3,15,405
33.0,13,4,0,381
33.0,13,4,1,383
33.0,13,4,2,384
33.0,13,4,3,386
33.0,13,4,4,388
33.0,13,4,5,390
33.0,13,4,6,392
33.0,13,4,7,394
33.0,13,4,8,395
33.0,13,4,9,397
33.0,13,4,10,399
33.0,13,4,11,401
33.0,13,4,12,403
33.0,13,4,13,404
33.0,13,4,14,406
33.0,13,4,15,408
33.0,13,5,0,383
33.0,13,5,1,385
33.0,13,5,2,387
33.0,13,5,3,389
33.0,13,5,4,390
33.0,13,5,5,392
33.0,13,5,6,394
33.0,13,5,7,396
33.0,13,5,8,398
33.0,13,5,9,400
33.0,13,5,10,401
33.0,13,5,11,403
33.0,13,5,12,405
33.0,13,5,13,407
33.0,13,5,14,408
33.0,13,5,15,410
33.0,13,6,0,385
33.0,13,6,1,387
33.0,13,6,2,389
33.0,13,6,3,391
33.0,13,6,4,393
33.0,13,6,5,394
33.0,13,6,6,396
33.0,13,6,7,398
33.0,13,6,8,400
33.0,13,6,9,402
33.0,13,6,10,404
33.0,13,6,11,405
33.0,13,6,12,407
33.0,13,6,13,409
33.0,13,6,14,411
33.0,13,6,15,413
33.0,13,7,0,387
33.0,13,7,1,389
33.0,13,7,2,391
33.0,13,7,3,393
33.0,13,7,4,395
33.0,13,7,5,397
33.0,13,7,6,399
33.0,13,7,7,400
33.0,13,7,8,402
33.0,13,7,9,404
33.0,13,7,10,406
33.0,13,7,11,408
33.0,13,7,12,409
33.0,13,7,13,411
33.0,13,7,14,413
33.0,13,7,15,415
33.0,13,8,0,389
33.0,13,8,1,391
33.0,13,8,2,393
33.0,13,8,3,395
33.0,13,8,4,397
33.0,13,8,5,399
33.0,13,8,6,401
33.0,13,8,7,403
33.0,13,8,8,404
33.0,13,8,9,406
33.0,13,8,10,408
33.0,13,8,11,410
33.0,13,8,12,412
33.0,13,8,13,414
33.0,13,8,14,415
33.0,13,8,15,417
33.0,13,9,0,392
33.0,13,9,1,393
33.0,13,9,2,395
33.0,13,9,3,397
33.0,13,9,4,399
33.0,13,9,5,401
33.0,13,9,6,403
33.0,13,9,7,405
33.0,13,9,8,407
33.0,13,9,9,409
33.0,13,9,10,410
33.0,13,9,11,412
33.0,13,9,12,414
33.0,13,9,13,416
33.0,13,9,14,418
33.0,13,9,15,419
33.0,13,10,0,394
33.0,13,10,1,396
33.0,13,10,2,398
33.0,13,10,3,399
33.0,13,10,4,401
33.0,13,10,5,403
33.0,13,10,6,405
33.0,13,10,7,407
33.0,13,10,8,409
33.0,13,10,9,411
33.0,13,10,10,413
33.0,13,10,11,414
33.0,13,10,12,416
33.0,13,10,13,418
33.0,13,10,14,420
33.0,13,10,15,422
33.0,13,11,0,396
33.0,13,11,1,398
33.0,13,11,2,400
33.0,13,11,3,402
33.0,13,11,4,404
33.0,13,11,5,405
33.0,13,11,6,407
33.0,13,11,7,409
33.0,13,11,8,411
33.0,13,11,9,413
33.0,13,11,10,415
33.0,13,11,11,417
33.0,13,11,12,418
33.0,13,11,13,420
33.0,13,11,14,422
33.0,13,11,15,424
33.0,13,12,0,398
33.0,13,12,1,400
33.0,13,12,2,402
33.0,13,12,3,404
33.0,13,12,4,406
33.0,13,12,5,408
33.0,13,12,6,409
33.0,13,12,7,411
33.0,13,12,8,413
33.0,13,12,9,415
33.0,13,12,10,417
33.0,13,12,11,419
33.0,13,12,12,421
33.0,13,12,13,423
33.0,13,12,14,424
33.0,13,12,15,426
33.0,13,13,0,400
33.0,13,13,1,402
33.0,13,13,2,404
33.0,13,13,3,406
33.0,13,13,4,408
33.0,13,13,5,410
33.0,13,13,6,412
33.0,13,13,7,414
33.0,13,13,8,415
33.0,13,13,9,417
33.0,13,13,10,419
33.0,13,13,11,421
33.0,13,13,12,423
33.0,13,13,13,425
33.0,13,13,14,427
33.0,13,13,15,428
33.0,13,14,0,402
33.0,13,14,1,404
33.0,13,14,2,406
33.0,13,14,3,408
33.0,13,14,4,410
33.0,13,14,5,412
33.0,13,14,6,414
33.0,13,14,7,416
33.0,13,14,8,418
33.0,13,14,9,419
33.0,13,14,10,421
33.0,13,14,11,423
33.0,13,14,12,425
33.0,13,14,13,427
33.0,13,14,14,429
33.0,13,14,15,431
33.0,13,15,0,404
33.0,13,15,1,406
33.0,13,15,2,408
33.0,13,15,3,410
33.0,13,15,4,412
33.0,13,15,5,414
33.0,13,15,6,416
33.0,13,15,7,418
33.0,13,15,8,420
33.0,13,15,9,422
33.0,13,15,10,424
33.0,13,15,11,425
33.0,13,15,12,427
33.0,13,15,13,429
33.0,13,15,14,431
33.0,13,15,15,433
33.0,14,0,0,377
33.0,14,0,1,379
33.0,14,0,2,381
33.0,14,0,3,383
33.0,14,0,4,384
33.0,14,0,5,386
33.0,14,0,6,388
33.0,14,0,7,390
33.0,14,0,8,392
33.0,14,0,9,393
33.0,14,0,10,395
33.0,14,0,11,397
33.0,14,0,12,399
33.0,14,0,13,400
33.0,14,0,14,402
33.0,14,0,15,404
33.0,14,1,0,379
33.0,14,1,1,381
33.0,14,1,2,383
33.0,14,1,3,385
33.0,14,1,4,387
33.0,14,1,5,389
33.0,14,1,6,390
33.0,14,1,7,392
33.0,14,1,8,394
33.0,14,1,9,396
33.0,14,1,10,398
33.0,14,1,11,399
33.0,14,1,12,401
33.0,14,1,13,403
33.0,14,1,14,405
33.0,14,1,15,406
33.0,14,2,0,382
33.0,14,2,1,383
33.0,14,2,2,385
33.0,14,2,3,387
33.0,14,2,4,389
33.0,14,2,5,391
33.0,14,2,6,393
33.0,14,2,7,394
33.0,14,2,8,396
33.0,14,2,9,398
33.0,14,2,10,400
33.0,14,2,11,402
33.0,14,2,12,403
33.0,14,2,13,405
33.0,14,2,14,407
33.0,14,2,15,409
33.0,14,3,0,384
33.0,14,3,1,386
33.0,14,3,2,388
33.0,14,3,3,389
33.0,14,3,4,391
33.0,14,3,5,393
33.0,14,3,6,395
33.0,14,3,7,397
33.0,14,3,8,399
33.0,14,3,9,400
33.0,14,3,10,402
33.0,14,3,11,404
33.0,14,3,12,406
33.0,14,3,13,408
33.0,14,3,14,409
33.0,14,3,15,411
33.0,14,4,0,386
33.0,14,4,1,388
33.0,14,4,2,390
33.0,14,4,3,392
33.0,14,4,4,394
33.0,14,4,5,395
33.0,14,4,6,397
33.0,14,4,7,399
33.0,14,4,8,401
33.0,14,4,9,403
33.0,14,4,10,405
33.0,14,4,11,406
33.0,14,4,12,408
33.0,14,4,13,410
33.0,14,4,14,412
33.0,14,4,15,414
33.0,14,5,0,388
33.0,14,5,1,390
33.0,14,5,2,392
33.0,14,5,3,394
33.0,14,5,4,396
33.0,14,5,5,398
33.0,14,5,6,400
33.0,14,5,7,401
33.0,14,5,8,403
33.0,14,5,9,405
33.0,14,5,10,407
33.0,14,5,11,409
33.0,14,5,12,411
33.0,14,5,13,412
33.0,14,5,14,414
33.0,14,5,15,416
33.0,14,6,0,390
33.0,14,6,1,392
33.0,14,6,2,394
33.0,14,6,3,396
33.0,14,6,4,398
33.0,14,6,5,400
33.0,14,6,6,402
33.0,14,6,7,404
33.0,14,6,8,406
33.0,14,6,9,407
33.0,14,6,10,409
33.0,14,6,11,411
33.0,14,6,12,413
33.0,14,6,13,415
33.0,14,6,14,416
33.0,14,6,15,418
33.0,14,7,0,393
33.0,14,7,1,395
33.0,14,7,2,397
33.0,14,7,3,398
33.0,14,7,4,400
33.0,14,7,5,402
33.0,14,7,6,404
33.0,14,7,7,406
33.0,14,7,8,408
33.0,14,7,9,410
33.0,14,7,10,412
33.0,14,7,11,413
33.0,14,7,12,415
33.0,14,7,13,417
33.0,14,7,14,419
33.0,14,7,15,421
33.0,14,8,0,395
33.0,14,8,1,397
33.0,14,8,2,399
33.0,14,8,3,401
33.0,14,8,4,403
33.0,14,8,5,404
33.0,14,8,6,406
33.0,14,8,7,408
33.0,14,8,8,410
33.0,14,8,9,412
33.0,14,8,10,414
33.0,14,8,11,416
33.0,14,8,12,417
33.0,14,8,13,419
33.0,14,8,14,421
33.0,14,8,15,423
33.0,14,9,0,397
33.0,14,9,1,399
33.0,14,9,2,401
33.0,14,9,3,403
33.0,14,9,4,405
33.0,14,9,5,407
33.0,14,9,6,409
33.0,14,9,7,410
33.0,14,9,8,412
33.0,14,9,9,414
33.0,14,9,10,416
33.0,14,9,11,418
33.0,14,9,12,420
33.0,14,9,13,422
33.0,14,9,14,423
33.0,14,9,15,425
33.0,14,10,0,399
33.0,14,10,1,401
33.0,14,10,2,403
33.0,14,10,3,405
33.0,14,10,4,407
33.0,14,10,5,409
33.0,14,10,6,411
33.0,14,10,7,413
33.0,14,10,8,415
33.0,14,10,9,416
33.0,14,10,10,418
33.0,14,10,11,420
33.0,14,10,12,422
33.0,14,10,13,424
33.0,14,10,14,426
33.0,14,10,15,428
33.0,14,11,0,401
33.0,14,11,1,403
33.0,14,11,2,405
33.0,14,11,3,407
33.0,14,11,4,409
33.0,14,11,5,411
33.0,14,11,6,413
33.0,14,11,7,415
33.0,14,11,8,417
33.0,14,11,9,419
33.0,14,11,10,421
33.0,14,11,11,422
33.0,14,11,12,424
33.0,14,11,13,426
33.0,14,11,14,428
33.0,14,11,15,430
33.0,14,12,0,403
33.0,14,12,1,405
33.0,14,12,2,407
33.0,14,12,3,409
33.0,14,12,4,411
33.0,14,12,5,413
33.0,14,12,6,415
33.0,14,12,7,417
33.0,14,12,8,419
33.0,14,12,9,421
33.0,14,12,10,423
33.0,14,12,11,425
33.0,14,12,12,427
33.0,14,12,13,428
33.0,14,12,14,430
33.0,14,12,15,432
33.0,14,13,0,406
33.0,14,13,1,408
33.0,14,13,2,410
33.0,14,13,3,412
33.0,14,13,4,413
33.0,14,13,5,415
33.0,14,13,6,417
33.0,14,13,7,419
33.0,14,13,8,421
33.0,14,13,9,423
33.0,14,13,10,425
33.0,14,13,11,427
33.0,14,13,12,429
33.0,14,13,13,431
33.0,14,13,14,433
33.0,14,13,15,434
33.0,14,14,0,408
33.0,14,14,1,410
33.0,14,14,2,412
33.0,14,14,3,414
33.0,14,14,4,416
33.0,14,14,5,418
33.0,14,14,6,420
33.0,14,14,7,421
33.0,14,14,8,423
33.0,14,14,9,425
33.0,14,14,10,427
33.0,14,14,11,429
33.0,14,14,12,431
33.0,14,14,13,433
33.0,14,14,14,435
33.0,14,14,15,437
33.0,14,15,0,410
33.0,14,15,1,412
33.0,14,15,2,414
33.0,14,15,3,416
33.0,14,15,4,418
33.0,14,15,5,420
33.0,14,15,6,422
33.0,14,15,7,424
33.0,14,15,8,426
33.0,14,15,9,427
33.0,14,15,10,429
33.0,14,15,11,431
33.0,14,15,12,433
33.0,14,15,13,435
33.0,14,15,14,437
33.0,14,15,15,439
33.0,15,0,0,382
33.0,15,0,1,384
33.0,15,0,2,386
33.0,15,0,3,388
33.0,15,0,4,390
33.0,15,0,5,392
33.0,15,0,6,393
33.0,15,0,7,395
33.0,15,0,8,397
33.0,15,0,9,399
33.0,15,0,10,401
33.0,15,0,11,402
33.0,15,0,12,404
33.0,15,0,13,406
33.0,15,0,14,408
33.0,15,0,15,409
33.0,15,1,0,385
33.0,15,1,1,386
33.0,15,1,2,388
33.0,15,1,3,390
33.0,15,1,4,392
33.0,15,1,5,394
33.0,15,1,6,396
33.0,15,1,7,398
33.0,15,1,8,399
33.0,15,1,9,401
33.0,15,1,10,403
33.0,15,1,11,405
33.0,15,1,12,407
33.0,15,1,13,408
33.0,15,1,14,410
33.0,15,1,15,412
33.0,15,2,0,387
33.0,15,2,1,389
33.0,15,2,2,391
33.0,15,2,3,392
33.0,15,2,4,394
33.0,15,2,5,396
33.0,15,2,6,398
33.0,15,2,7,400
33.0,15,2,8,402
33.0,15,2,9,404
33.0,15,2,10,405
33.0,15,2,11,407
33.0,15,2,12,409
33.0,15,2,13,411
33.0,15,2,14,413
33.0,15,2,15,414
33.0,15,3,0,389
33.0,15,3,1,391
33.0,15,3,2,393
33.0,15,3,3,395
33.0,15,3,4,397
33.0,15,3,5,399
33.0,15,3,6,400
33.0,15,3,7,402
33.0,15,3,8,404
33.0,15,3,9,406
33.0,15,3,10,408
33.0,15,3,11,410
33.0,15,3,12,411
33.0,15,3,13,413
33.0,15,3,14,415
33.0,15,3,15,417
33.0,15,4,0,391
33.0,15,4,1,393
33.0,15,4,2,395
33.0,15,4,3,397
33.0,15,4,4,399
33.0,15,4,5,401
33.0,15,4,6,403
33.0,15,4,7,405
33.0,15,4,8,406
33.0,15,4,9,408
33.0,15,4,10,410
33.0,15,4,11,412
33.0,15,4,12,414
33.0,15,4,13,416
33.0,15,4,14,417
33.0,15,4,15,419
33.0,15,5,0,394
33.0,15,5,1,396
33.0,15,5,2,397
33.0,15,5,3,399
33.0,15,5,4,401
33.0,15,5,5,403
33.0,15,5,6,405
33.0,15,5,7,407
33.0,15,5,8,409
33.0,15,5,9,411
33.0,15,5,10,412
33.0,15,5,11,414
33.0,15,5,12,416
33.0,15,5,13,418
33.0,15,5,14,420
33.0,15,5,15,422
33.0,15,6,0,396
33.0,15,6,1,398
33.0,15,6,2,400
33.0,15,6,3,402
33.0,15,6,4,404
33.0,15,6,5,405
33.0,15,6,6,407
33.0,15,6,7,409
33.0,15,6,8,411
33.0,15,6,9,413
33.0,15,6,10,415
33.0,15,6,11,417
33.0,15,6,12,419
33.0,15,6,13,420
33.0,15,6,14,422
33.0,15,6,15,424
33.0,15,7,0,398
33.0,15,7,1,400
33.0,15,7,2,402
33.0,15,7,3,404
33.0,15,7,4,406
33.0,15,7,5,408
33.0,15,7,6,410
33.0,15,7,7,412
33.0,15,7,8,413
33.0,15,7,9,415
33.0,15,7,10,417
33.0,15,7,11,419
33.0,15,7,12,421
33.0,15,7,13,423
33.0,15,7,14,425
33.0,15,7,15,426
33.0,15,8,0,400
33.0,15,8,1,402
33.0,15,8,2,404
33.0,15,8,3,406
33.0,15,8,4,408
33.0,15,8,5,410
33.0,15,8,6,412
33.0,15,8,7,414
33.0,15,8,8,416
33.0,15,8,9,418
33.0,15,8,10,419
33.0,15,8,11,421
33.0,15,8,12,423
33.0,15,8,13,425
33.0,15,8,14,427
33.0,15,8,15,429
33.0,15,9,0,402
33.0,15,9,1,404
33.0,15,9,2,406
33.0,15,9,3,408
33.0,15,9,4,410
33.0,15,9,5,412
33.0,15,9,6,414
33.0,15,9,7,416
33.0,15,9,8,418
33.0,15,9,9,420
33.0,15,9,10,422
33.0,15,9,11,424
33.0,15,9,12,426
33.0,15,9,13,427
33.0,15,9,14,429
33.0,15,9,15,431
33.0,15,10,0,405
33.0,15,10,1,407
33.0,15,10,2,409
33.0,15,10,3,411
33.0,15,10,4,413
33.0,15,10,5,414
33.0,15,10,6,416
33.0,15,10,7,418
33.0,15,10,8,420
33.0,15,10,9,422
33.0,15,10,10,424
33.0,15,10,11,426
33.0,15,10,12,428
33.0,15,10,13,430
33.0,15,10,14,432
33.0,15,10,15,433
33.0,15,11,0,407
33.0,15,11,1,409
33.0,15,11,2,411
33.0,15,11,3,413
33.0,15,11,4,415
33.0,15,11,5,417
33.0,15,11,6,419
33.0,15,11,7,421
33.0,15,11,8,422
33.0,15,11,9,424
33.0,15,11,10,426
33.0,15,11,11,428
33.0,15,11,12,430
33.0,15,11,13,432
33.0,15,11,14,434
33.0,15,11,15,436
33.0,15,12,0,409
33.0,15,12,1,411
33.0,15,12,2,413
33.0,15,12,3,415
33.0,15,12,4,417
33.0,15,12,5,419
33.0,15,12,6,421
33.0,15,12,7,423
33.0,15,12,8,425
33.0,15,12,9,427
33.0,15,12,10,429
33.0,15,12,11,431
33.0,15,12,12,432
33.0,15,12,13,434
33.0,15,12,14,436
33.0,15,12,15,438
33.0,15,13,0,411
33.0,15,13,1,413
33.0,15,13,2,415
33.0,15,13,3,417
33.0,15,13,4,419
33.0,15,13,5,421
33.0,15,13,6,423
33.0,15,13,7,425
33.0,15,13,8,427
33.0,15,13,9,429
33.0,15,13,10,431
33.0,15,13,11,433
33.0,15,13,12,435
33.0,15,13,13,437
33.0,15,13,14,438
33.0,15,13,15,440
33.0,15,14,0,413
33.0,15,14,1,415
33.0,15,14,2,417
33.0,15,14,3,419
33.0,15,14,4,421
33.0,15,14,5,423
33.0,15,14,6,425
33.0,15,14,7,427
33.0,15,14,8,429
33.0,15,14,9,431
33.0,15,14,10,433
33.0,15,14,11,435
33.0,15,14,12,437
33.0,15,14,13,439
33.0,15,14,14,441
33.0,15,14,15,443
33.0,15,15,0,415
33.0,15,15,1,417
33.0,15,15,2,419
33.0,15,15,3,421
33.0,15,15,4,423
33.0,15,15,5,425
33.0,15,15,6,427
33.0,15,15,7,429
33.0,15,15,8,431
33.0,15,15,9,433
33.0,15,15,10,435
33.0,15,15,11,437
33.0,15,15,12,439
33.0,15,15,13,441
33.0,15,15,14,443
33.0,15,15,15,445
33.5,0,0,0,307
33.5,0,0,1,309
33.5,0,0,2,310
33.5,0,0,3,312
33.5,0,0,4,313
33.5,0,0,5,315
33.5,0,0,6,316
33.5,0,0,7,317
33.5,0,0,8,319
33.5,0,0,9,320
33.5,0,0,10,322
33.5,0,0,11,323
33.5,0,0,12,325
33.5,0,0,13,326
33.5,0,0,14,328
33.5,0,0,15,329
33.5,0,1,0,309
33.5,0,1,1,310
33.5,0,1,2,312
33.5,0,1,3,313
33.5,0,1,4,315
33.5,0,1,5,316
33.5,0,1,6,318
33.5,0,1,7,319
33.5,0,1,8,321
33.5,0,1,9,322
33.5,0,1,10,324
33.5,0,1,11,325
33.5,0,1,12,327
33.5,0,1,13,328
33.5,0,1,14,329
33.5,0,1,15,331
33.5,0,2,0,311
33.5,0,2,1,312
33.5,0,2,2,314
33.5,0,2,3,315
33.5,0,2,4,317
33.5,0,2,5,318
33.5,0,2,6,320
33.5,0,2,7,321
33.5,0,2,8,323
33.5,0,2,9,324
33.5,0,2,10,326
33.5,0,2,11,327
33.5,0,2,12,329
33.5,0,2,13,330
33.5,0,2,14,331
33.5,0,2,15,333
33.5,0,3,0,313
33.5,0,3,1,314
33.5,0,3,2,316
33.5,0,3,3,317
33.5,0,3,4,319
33.5,0,3,5,320
33.5,0,3,6,322
33.5,0,3,7,323
33.5,0,3,8,325
33.5,0,3,9,326
33.5,0,3,10,328
33.5,0,3,11,329
33.5,0,3,12,331
33.5,0,3,13,332
33.5,0,3,14,333
33.5,0,3,15,335
33.5,0,4,0,314
33.5,0,4,1,316
33.5,0,4,2,317
33.5,0,4,3,319
33.5,0,4,4,321
33.5,0,4,5,322
33.5,0,4,6,324
33.5,0,4,7,325
33.5,0,4,8,327
33.5,0,4,9,328
33.5,0,4,10,329
33.5,0,4,11,331
33.5,0,4,12,332
33.5,0,4,13,334
33.5,0,4,14,335
33.5,0,4,15,337
33.5,0,5,0,316
33.5,0,5,1,318
33.5,0,5,2,319
33.5,0,5,3,321
33.5,0,5,4,322
33.5,0,5,5,324
33.5,0,5,6,325
33.5,0,5,7,327
33.5,0,5,8,328
33.5,0,5,9,330
33.5,0,5,10,331
33.5,0,5,11,333
33.5,0,5,12,334
33.5,0,5,13,336
33.5,0,5,14,337
33.5,0,5,15,339
33.5,0,6,0,318
33.5,0,6,1,320
33.5,0,6,2,321
33.5,0,6,3,323
33.5,0,6,4,324
33.5,0,6,5,326
33.5,0,6,6,327
33.5,0,6,7,329
33.5,0,6,8,330
33.5,0,6,9,332
33.5,0,6,10,333
33.5,0,6,11,335
33.5,0,6,12,336
33.5,0,6,13,338
33.5,0,6,14,339
33.5,0,6,15,341
33.5,0,7,0,320
33.5,0,7,1,321
33.5,0,7,2,323
33.5,0,7,3,324
33.5,0,7,4,326
33.5,0,7,5,328
33.5,0,7,6,329
33.5,0,7,7,331
33.5,0,7,8,332
33.5,0,7,9,334
33.5,0,7,10,335
33.5,0,7,11,337
33.5,0,7,12,338
33.5,0,7,13,340
33.5,0,7,14,341
33.5,0,7,15,343
33.5,0,8,0,322
33.5,0,8,1,323
33.5,0,8,2,325
33.5,0,8,3,326
33.5,0,8,4,328
33.5,0,8,5,329
33.5,0,8,6,331
33.5,0,8,7,332
33.5,0,8,8,334
33.5,0,8,9,335
33.5,0,8,10,337
33.5,0,8,11,338
33.5,0,8,12,340
33.5,0,8,13,341
33.5,0,8,14,343
33.5,0,8,15,344
33.5,0,9,0,323
33.5,0,9,1,325
33.5,0,9,2,326
33.5,0,9,3,328
33.5,0,9,4,330
33.5,0,9,5,331
33.5,0,9,6,333
33.5,0,9,7,334
33.5,0,9,8,336
33.5,0,9,9,337
33.5,0,9,10,339
33.5,0,9,11,340
33.5,0,9,12,342
33.5,0,9,13,343
33.5,0,9,14,345
33.5,0,9,15,346
33.5,0,10,0,325
33.5,0,10,1,327
33.5,0,10,2,328
33.5,0,10,3,330
33.5,0,10,4,331
33.5,0,10,5,333
33.5,0,10,6,335
33.5,0,10,7,336
33.5,0,10,8,338
33.5,0,10,9,339
33.5,0,10,10,341
33.5,0,10,11,342
33.5,0,10,12,344
33.5,0,10,13,345
33.5,0,10,14,347
33.5,0,10,15,348
33.5,0,11,0,327
33.5,0,11,1,328
33.5,0,11,2,330
33.5,0,11,3,332
33.5,0,11,4,333
33.5,0,11,5,335
33.5,0,11,6,336
33.5,0,11,7,338
33.5,0,11,8,339
33.5,0,11,9,341
33.5,0,11,10,343
33.5,0,11,11,344
33.5,0,11,12,346
33.5,0,11,13,347
33.5,0,11,14,349
33.5,0,11,15,350
33.5,0,12,0,329
33.5,0,12,1,330
33.5,0,12,2,332
33.5,0,12,3,333
33.5,0,12,4,335
33.5,0,12,5,337
33.5,0,12,6,338
33.5,0,12,7,340
33.5,0,12,8,341
33.5,0,12,9,343
33.5,0,12,10,344
33.5,0,12,11,346
33.5,0,12,12,347
33.5,0,12,13,349
33.5,0,12,14,350
33.5,0,12,15,352
33.5,0,13,0,330
33.5,0,13,1,332
33.5,0,13,2,334
33.5,0,13,3,335
33.5,0,13,4,337
33.5,0,13,5,338
33.5,0,13,6,340
33.5,0,13,7,341
33.5,0,13,8,343
33.5,0,13,9,345
33.5,0,13,10,346
33.5,0,13,11,348
33.5,0,13,12,349
33.5,0,13,13,351
33.5,0,13,14,352
33.5,0,13,15,354
33.5,0,14,0,332
33.5,0,14,1,334
33.5,0,14,2,335
33.5,0,14,3,337
33.5,0,14,4,338
33.5,0,14,5,340
33.5,0,14,6,342
33.5,0,14,7,343
33.5,0,14,8,345
33.5,0,14,9,346
33.5,0,14,10,348
33.5,0,14,11,349
33.5,0,14,12,351
33.5,0,14,13,353
33.5,0,14,14,354
33.5,0,14,15,356
33.5,0,15,0,334
33.5,0,15,1,335
33.5,0,15,2,337
33.5,0,15,3,339
33.5,0,15,4,340
33.5,0,15,5,342
33.5,0,15,6,343
33.5,0,15,7,345
33.5,0,15,8,347
33.5,0,15,9,348
33.5,0,15,10,350
33.5,0,15,11,351
33.5,0,15,12,353
33.5,0,15,13,354
33.5,0,15,14,356
33.5,0,15,15,357
33.5,1,0,0,312
33.5,1,0,1,314
33.5,1,0,2,315
33.5,1,0,3,317
33.5,1,0,4,318
33.5,1,0,5,320
33.5,1,0,6,321
33.5,1,0,7,323
33.5,1,0,8,324
33.5,1,0,9,326
33.5,1,0,10,327
33.5,1,0,11,329
33.5,1,0,12,330
33.5,1,0,13,332
33.5,1,0,14,333
33.5,1,0,15,335
33.5,1,1,0,314
33.5,1,1,1,316
33.5,1,1,2,317
33.5,1,1,3,319
33.5,1,1,4,320
33.5,1,1,5,322
33.5,1,1,6,323
33.5,1,1,7,325
33.5,1,1,8,326
33.5,1,1,9,328
33.5,1,1,10,329
33.5,1,1,11,331
33.5,1,1,12,332
33.5,1,1,13,334
33.5,1,1,14,335
33.5,1,1,15,337
33.5,1,2,0,316
33.5,1,2,1,318
33.5,1,2,2,319
33.5,1,2,3,321
33.5,1,2,4,322
33.5,1,2,5,324
33.5,1,2,6,325
33.5,1,2,7,327
33.5,1,2,8,328
33.5,1,2,9,330
33.5,1,2,10,331
33.5,1,2,11,333
33.5,1,2,12,334
33.5,1,2,13,336
33.5,1,2,14,337
33.5,1,2,15,339
33.5,1,3,0,318
33.5,1,3,1,319
33.5,1,3,2,321
33.5,1,3,3,323
33.5,1,3,4,324
33.5,1,3,5,326
33.5,1,3,6,327
33.5,1,3,7,329
33.5,1,3,8,330
33.5,1,3,9,332
33.5,1,3,10,333
33.5,1,3,11,335
33.5,1,3,12,336
33.5,1,3,13,338
33.5,1,3,14,339
33.5,1,3,15,341
33.5,1,4,0,320
33.5,1,4,1,321
33.5,1,4,2,323
33.5,1,4,3,324
33.5,1,4,4,326
33.5,1,4,5,328
33.5,1,4,6,329
33.5,1,4,7,331
33.5,1,4,8,332
33.5,1,4,9,334
33.5,1,4,10,335
33.5,1,4,11,337
33.5,1,4,12,338
33.5,1,4,13,340
33.5,1,4,14,341
33.5,1,4,15,342
33.5,1,5,0,322
33.5,1,5,1,323
33.5,1,5,2,325
33.5,1,5,3,326
33.5,1,5,4,328
33.5,1,5,5,329
33.5,1,5,6,331
33.5,1,5,7,332
33.5,1,5,8,334
33.5,1,5,9,335
33.5,1,5,10,337
33.5,1,5,11,339
33.5,1,5,12,340
33.5,1,5,13,341
33.5,1,5,14,343
33.5,1,5,15,344
33.5,1,6,0,323
33.5,1,6,1,325
33.5,1,6,2,327
33.5,1,6,3,328
33.5,1,6,4,330
33.5,1,6,5,331
33.5,1,6,6,333
33.5,1,6,7,334
33.5,1,6,8,336
33.5,1,6,9,337
33.5,1,6,10,339
33.5,1,6,11,340
33.5,1,6,12,342
33.5,1,6,13,343
33.5,1,6,14,345
33.5,1,6,15,346
33.5,1,7,0,325
33.5,1,7,1,327
33.5,1,7,2,328
33.5,1,7,3,330
33.5,1,7,4,332
33.5,1,7,5,333
33.5,1,7,6,335
33.5,1,7,7,336
33.5,1,7,8,338
33.5,1,7,9,339
33.5,1,7,10,341
33.5,1,7,11,342
33.5,1,7,12,344
33.5,1,7,13,345
33.5,1,7,14,347
33.5,1,7,15,348
33.5,1,8,0,327
33.5,1,8,1,329
33.5,1,8,2,330
33.5,1,8,3,332
33.5,1,8,4,333
33.5,1,8,5,335
33.5,1,8,6,337
33.5,1,8,7,338
33.5,1,8,8,340
33.5,1,8,9,341
33.5,1,8,10,343
33.5,1,8,11,344
33.5,1,8,12,346
33.5,1,8,13,347
33.5,1,8,14,349
33.5,1,8,15,350
33.5,1,9,0,329
33.5,1,9,1,330
33.5,1,9,2,332
33.5,1,9,3,334
33.5,1,9,4,335
33.5,1,9,5,337
33.5,1,9,6,338
33.5,1,9,7,340
33.5,1,9,8,341
33.5,1,9,9,343
33.5,1,9,10,345
33.5,1,9,11,346
33.5,1,9,12,348
33.5,1,9,13,349
33.5,1,9,14,351
33.5,1,9,15,352
33.5,1,10,0,331
33.5,1,10,1,332
33.5,1,10,2,334
33.5,1,10,3,335
33.5,1,10,4,337
33.5,1,10,5,339
33.5,1,10,6,340
33.5,1,10,7,342
33.5,1,10,8,343
33.5,1,10,9,345
33.5,1,10,10,346
33.5,1,10,11,348
33.5,1,10,12,350
33.5,1,10,13,351
33.5,1,10,14,353
33.5,1,10,15,354
33.5,1,11,0,332
33.5,1,11,1,334
33.5,1,11,2,336
33.5,1,11,3,337
33.5,1,11,4,339
33.5,1,11,5,340
33.5,1,11,6,342
33.5,1,11,7,344
33.5,1,11,8,345
33.5,1,11,9,347
33.5,1,11,10,348
33.5,1,11,11,350
33.5,1,11,12,351
33.5,1,11,13,353
33.5,1,11,14,354
33.5,1,11,15,356
33.5,1,12,0,334
33.5,1,12,1,336
33.5,1,12,2,337
33.5,1,12,3,339
33.5,1,12,4,341
33.5,1,12,5,342
33.5,1,12,6,344
33.5,1,12,7,345
33.5,1,12,8,347
33.5,1,12,9,349
33.5,1,12,10,350
33.5,1,12,11,352
33.5,1,12,12,353
33.5,1,12,13,355
33.5,1,12,14,356
33.5,1,12,15,358
33.5,1,13,0,336
33.5,1,13,1,338
33.5,1,13,2,339
33.5,1,13,3,341
33.5,1,13,4,342
33.5,1,13,5,344
33.5,1,13,6,346
33.5,1,13,7,347
33.5,1,13,8,349
33.5,1,13,9,350
33.5,1,13,10,352
33.5,1,13,11,354
33.5,1,13,12,355
33.5,1,13,13,357
33.5,1,13,14,358
33.5,1,13,15,360
33.5,1,14,0,338
33.5,1,14,1,339
33.5,1,14,2,341
33.5,1,14,3,343
33.5,1,14,4,344
33.5,1,14,5,346
33.5,1,14,6,347
33.5,1,14,7,349
33.5,1,14,8,351
33.5,1,14,9,352
33.5,1,14,10,354
33.5,1,14,11,355
33.5,1,14,12,357
33.5,1,14,13,359
33.5,1,14,14,360
33.5,1,14,15,362
33.5,1,15,0,339
33.5,1,15,1,341
33.5,1,15,2,343
33.5,1,15,3,344
33.5,1,15,4,346
33.5,1,15,5,348
33.5,1,15,6,349
33.5,1,15,7,351
33.5,1,15,8,352
33.5,1,15,9,354
33.5,1,15,10,356
33.5,1,15,11,357
33.5,1,15,12,359
33.5,1,15,13,360
33.5,1,15,14,362
33.5,1,15,15,364
33.5,2,0,0,318
33.5,2,0,1,319
33.5,2,0,2,321
33.5,2,0,3,322
33.5,2,0,4,324
33.5,2,0,5,325
33.5,2,0,6,327
33.5,2,0,7,328
33.5,2,0,8,330
33.5,2,0,9,331
33.5,2,0,10,333
33.5,2,0,11,334
33.5,2,0,12,336
33.5,2,0,13,337
33.5,2,0,14,339
33.5,2,0,15,340
33.5,2,1,0,319
33.5,2,1,1,321
33.5,2,1,2,323
33.5,2,1,3,324
33.5,2,1,4,326
33.5,2,1,5,327
33.5,2,1,6,329
33.5,2,1,7,330
33.5,2,1,8,332
33.5,2,1,9,333
33.5,2,1,10,335
33.5,2,1,11,336
33.5,2,1,12,338
33.5,2,1,13,339
33.5,2,1,14,341
33.5,2,1,15,342
33.5,2,2,0,321
33.5,2,2,1,323
33.5,2,2,2,324
33.5,2,2,3,326
33.5,2,2,4,328
33.5,2,2,5,329
33.5,2,2,6,331
33.5,2,2,7,332
33.5,2,2,8,334
33.5,2,2,9,335
33.5,2,2,10,337
33.5,2,2,11,338
33.5,2,2,12,340
33.5,2,2,13,341
33.5,2,2,14,343
33.5,2,2,15,344
33.5,2,3,0,323
33.5,2,3,1,325
33.5,2,3,2,326
33.5,2,3,3,328
33.5,2,3,4,329
33.5,2,3,5,331
33.5,2,3,6,333
33.5,2,3,7,334
33.5,2,3,8,336
33.5,2,3,9,337
33.5,2,3,10,339
33.5,2,3,11,340
33.5,2,3,12,342
33.5,2,3,13,343
33.5,2,3,14,345
33.5,2,3,15,346
33.5,2,4,0,325
33.5,2,4,1,327
33.5,2,4,2,328
33.5,2,4,3,330
33.5,2,4,4,331
33.5,2,4,5,333
33.5,2,4,6,335
33.5,2,4,7,336
33.5,2,4,8,338
33.5,2,4,9,339
33.5,2,4,10,341
33.5,2,4,11,342
33.5,2,4,12,344
33.5,2,4,13,345
33.5,2,4,14,347
33.5,2,4,15,348
33.5,2,5,0,327
33.5,2,5,1,329
33.5,2,5,2,330
33.5,2,5,3,332
33.5,2,5,4,333
33.5,2,5,5,335
33.5,2,5,6,336
33.5,2,5,7,338
33.5,2,5,8,340
33.5,2,5,9,341
33.5,2,5,10,343
33.5,2,5,11,344
33.5,2,5,12,346
33.5,2,5,13,347
33.5,2,5,14,349
33.5,2,5,15,350
33.5,2,6,0,329
33.5,2,6,1,330
33.5,2,6,2,332
33.5,2,6,3,334
33.5,2,6,4,335
33.5,2,6,5,337
33.5,2,6,6,338
33.5,2,6,7,340
33.5,2,6,8,341
33.5,2,6,9,343
33.5,2,6,10,345
33.5,2,6,11,346
33.5,2,6,12,348
33.5,2,6,13,349
33.5,2,6,14,351
33.5,2,6,15,352
33.5,2,7,0,331
33.5,2,7,1,332
33.5,2,7,2,334
33.5,2,7,3,335
33.5,2,7,4,337
33.5,2,7,5,339
33.5,2,7,6,340
33.5,2,7,7,342
33.5,2,7,8,343
33.5,2,7,9,345
33.5,2,7,10,347
33.5,2,7,11,348
33.5,2,7,12,350
33.5,2,7,13,351
33.5,2,7,14,353
33.5,2,7,15,354
33.5,2,8,0,332
33.5,2,8,1,334
33.5,2,8,2,336
33.5,2,8,3,337
33.5,2,8,4,339
33.5,2,8,5,341
33.5,2,8,6,342
33.5,2,8,7,344
33.5,2,8,8,345
33.5,2,8,9,347
33.5,2,8,10,348
33.5,2,8,11,350
33.5,2,8,12,352
33.5,2,8,13,353
33.5,2,8,14,355
33.5,2,8,15,356
33.5,2,9,0,334
33.5,2,9,1,336
33.5,2,9,2,338
33.5,2,9,3,339
33.5,2,9,4,341
33.5,2,9,5,342
33.5,2,9,6,344
33.5,2,9,7,346
33.5,2,9,8,347
33.5,2,9,9,349
33.5,2,9,10,350
33.5,2,9,11,352
33.5,2,9,12,353
33.5,2,9,13,355
33.5,2,9,14,357
33.5,2,9,15,358
33.5,2,10,0,336
33.5,2,10,1,338
33.5,2,10,2,339
33.5,2,10,3,341
33.5,2,10,4,343
33.5,2,10,5,344
33.5,2,10,6,346
33.5,2,10,7,347
33.5,2,10,8,349
33.5,2,10,9,351
33.5,2,10,10,352
33.5,2,10,11,354
33.5,2,10,12,355
33.5,2,10,13,357
33.5,2,10,14,358
33.5,2,10,15,360
33.5,2,11,0,338
33.5,2,11,1,340
33.5,2,11,2,341
33.5,2,11,3,343
33.5,2,11,4,345
33.5,2,11,5,346
33.5,2,11,6,348
33.5,2,11,7,349
33.5,2,11,8,351
33.5,2,11,9,353
33.5,2,11,10,354
33.5,2,11,11,356
33.5,2,11,12,357
33.5,2,11,13,359
33.5,2,11,14,360
33.5,2,11,15,362
33.5,2,12,0,340
33.5,2,12,1,341
33.5,2,12,2,343
33.5,2,12,3,345
33.5,2,12,4,346
33.5,2,12,5,348
33.5,2,12,6,350
33.5,2,12,7,351
33.5,2,12,8,353
33.5,2,12,9,354
33.5,2,12,10,356
33.5,2,12,11,358
33.5,2,12,12,359
33.5,2,12,13,361
33.5,2,12,14,362
33.5,2,12,15,364
33.5,2,13,0,342
33.5,2,13,1,343
33.5,2,13,2,345
33.5,2,13,3,347
33.5,2,13,4,348
33.5,2,13,5,350
33.5,2,13,6,351
33.5,2,13,7,353
33.5,2,13,8,355
33.5,2,13,9,356
33.5,2,13,10,358
33.5,2,13,11,359
33.5,2,13,12,361
33.5,2,13,13,363
33.5,2,13,14,364
33.5,2,13,15,366
33.5,2,14,0,343
33.5,2,14,1,345
33.5,2,14,2,347
33.5,2,14,3,348
33.5,2,14,4,350
33.5,2,14,5,352
33.5,2,14,6,353
33.5,2,14,7,355
33.5,2,14,8,357
33.5,2,14,9,358
33.5,2,14,10,360
33.5,2,14,11,361
33.5,2,14,12,363
33.5,2,14,13,365
33.5,2,14,14,366
33.5,2,14,15,368
33.5,2,15,0,345
33.5,2,15,1,347
33.5,2,15,2,348
33.5,2,15,3,350
33.5,2,15,4,352
33.5,2,15,5,353
33.5,2,15,6,355
33.5,2,15,7,357
33.5,2,15,8,358
33.5,2,15,9,360
33.5,2,15,10,362
33.5,2,15,11,363
33.5,2,15,12,365
33.5,2,15,13,366
33.5,2,15,14,368
33.5,2,15,15,370
33.5,3,0,0,323
33.5,3,0,1,324
33.5,3,0,2,326
33.5,3,0,3,327
33.5,3,0,4,329
33.5,3,0,5,331
33.5,3,0,6,332
33.5,3,0,7,334
33.5,3,0,8,335
33.5,3,0,9,337
33.5,3,0,10,338
33.5,3,0,11,340
33.5,3,0,12,341
33.5,3,0,13,343
33.5,3,0,14,344
33.5,3,0,15,346
33.5,3,1,0,325
33.5,3,1,1,326
33.5,3,1,2,328
33.5,3,1,3,329
33.5,3,1,4,331
33.5,3,1,5,333
33.5,3,1,6,334
33.5,3,1,7,336
33.5,3,1,8,337
33.5,3,1,9,339
33.5,3,1,10,340
33.5,3,1,11,342
33.5,3,1,12,343
33.5,3,1,13,345
33.5,3,1,14,346
33.5,3,1,15,348
33.5,3,2,0,327
33.5,3,2,1,328
33.5,3,2,2,330
33.5,3,2,3,331
33.5,3,2,4,333
33.5,3,2,5,335
33.5,3,2,6,336
33.5,3,2,7,338
33.5,3,2,8,339
33.5,3,2,9,341
33.5,3,2,10,342
33.5,3,2,11,344
33.5,3,2,12,345
33.5,3,2,13,347
33.5,3,2,14,348
33.5,3,2,15,350
33.5,3,3,0,329
33.5,3,3,1,330
33.5,3,3,2,332
33.5,3,3,3,333
33.5,3,3,4,335
33.5,3,3,5,336
33.5,3,3,6,338
33.5,3,3,7,340
33.5,3,3,8,341
33.5,3,3,9,343
33.5,3,3,10,344
33.5,3,3,11,346
33.5,3,3,12,347
33.5,3,3,13,349
33.5,3,3,14,350
33.5,3,3,15,352
33.5,3,4,0,330
33.5,3,4,1,332
33.5,3,4,2,334
33.5,3,4,3,335
33.5,3,4,4,337
33.5,3,4,5,338
33.5,3,4,6,340
33.5,3,4,7,342
33.5,3,4,8,343
33.5,3,4,9,345
33.5,3,4,10,346
33.5,3,4,11,348
33.5,3,4,12,349
33.5,3,4,13,351
33.5,3,4,14,352
33.5,3,4,15,354
33.5,3,5,0,332
33.5,3,5,1,334
33.5,3,5,2,336
33.5,3,5,3,337
33.5,3,5,4,339
33.5,3,5,5,340
33.5,3,5,6,342
33.5,3,5,7,344
33.5,3,5,8,345
33.5,3,5,9,347
33.5,3,5,10,348
33.5,3,5,11,350
33.5,3,5,12,351
33.5,3,5,13,353
33.5,3,5,14,354
33.5,3,5,15,356
33.5,3,6,0,334
33.5,3,6,1,336
33.5,3,6,2,337
33.5,3,6,3,339
33.5,3,6,4,341
33.5,3,6,5,342
33.5,3,6,6,344
33.5,3,6,7,346
33.5,3,6,8,347
33.5,3,6,9,349
33.5,3,6,10,350
33.5,3,6,11,352
33.5,3,6,12,353
33.5,3,6,13,355
33.5,3,6,14,356
33.5,3,6,15,358
33.5,3,7,0,336
33.5,3,7,1,338
33.5,3,7,2,339
33.5,3,7,3,341
33.5,3,7,4,343
33.5,3,7,5,344
33.5,3,7,6,346
33.5,3,7,7,347
33.5,3,7,8,349
33.5,3,7,9,351
33.5,3,7,10,352
33.5,3,7,11,354
33.5,3,7,12,355
33.5,3,7,13,357
33.5,3,7,14,358
33.5,3,7,15,360
33.5,3,8,0,338
33.5,3,8,1,340
33.5,3,8,2,341
33.5,3,8,3,343
33.5,3,8,4,345
33.5,3,8,5,346
33.5,3,8,6,348
33.5,3,8,7,349
33.5,3,8,8,351
33.5,3,8,9,353
33.5,3,8,10,354
33.5,3,8,11,356
33.5,3,8,12,357
33.5,3,8,13,359
33.5,3,8,14,360
33.5,3,8,15,362
33.5,3,9,0,340
33.5,3,9,1,341
33.5,3,9,2,343
33.5,3,9,3,345
33.5,3,9,4,346
33.5,3,9,5,348
33.5,3,9,6,350
33.5,3,9,7,351
33.5,3,9,8,353
33.5,3,9,9,354
33.5,3,9,10,356
33.5,3,9,11,358
33.5,3,9,12,359
33.5,3,9,13,361
33.5,3,9,14,362
33.5,3,9,15,364
33.5,3,10,0,342
33.5,3,10,1,343
33.5,3,10,2,345
33.5,3,10,3,347
33.5,3,10,4,348
33.5,3,10,5,350
33.5,3,10,6,352
33.5,3,10,7,353
33.5,3,10,8,355
33.5,3,10,9,356
33.5,3,10,10,358
33.5,3,10,11,360
33.5,3,10,12,361
33.5,3,10,13,363
33.5,3,10,14,364
33.5,3,10,15,366
33.5,3,11,0,343
33.5,3,11,1,345
33.5,3,11,2,347
33.5,3,11,3,349
33.5,3,11,4,350
33.5,3,11,5,352
33.5,3,11,6,353
33.5,3,11,7,355
33.5,3,11,8,357
33.5,3,11,9,358
33.5,3,11,10,360
33.5,3,11,11,362
33.5,3,11,12,363
33.5,3,11,13,365
33.5,3,11,14,366
33.5,3,11,15,368
33.5,3,12,0,345
33.5,3,12,1,347
33.5,3,12,2,349
33.5,3,12,3,350
33.5,3,12,4,352
33.5,3,12,5,354
33.5,3,12,6,355
33.5,3,12,7,357
33.5,3,12,8,359
33.5,3,12,9,360
33.5,3,12,10,362
33.5,3,12,11,363
33.5,3,12,12,365
33.5,3,12,13,367
33.5,3,12,14,368
33.5,3,12,15,370
33.5,3,13,0,347
33.5,3,13,1,349
33.5,3,13,2,351
33.5,3,13,3,352
33.5,3,13,4,354
33.5,3,13,5,356
33.5,3,13,6,357
33.5,3,13,7,359
33.5,3,13,8,360
33.5,3,13,9,362
33.5,3,13,10,364
33.5,3,13,11,365
33.5,3,13,12,367
33.5,3,13,13,369
33.5,3,13,14,370
33.5,3,13,15,372
33.5,3,14,0,349
33.5,3,14,1,351
33.5,3,14,2,352
33.5,3,14,3,354
33.5,3,14,4,356
33.5,3,14,5,357
33.5,3,14,6,359
33.5,3,14,7,361
33.5,3,14,8,362
33.5,3,14,9,364
33.5,3,14,10,366
33.5,3,14,11,367
33.5,3,14,12,369
33.5,3,14,13,371
33.5,3,14,14,372
33.5,3,14,15,374
33.5,3,15,0,351
33.5,3,15,1,352
33.5,3,15,2,354
33.5,3,15,3,356
33.5,3,15,4,358
33.5,3,15,5,359
33.5,3,15,6,361
33.5,3,15,7,363
33.5,3,15,8,364
33.5,3,15,9,366
33.5,3,15,10,368
33.5,3,15,11,369
33.5,3,15,12,371
33.5,3,15,13,372
33.5,3,15,14,374
33.5,3,15,15,376
33.5,4,0,0,328
33.5,4,0,1,330
33.5,4,0,2,331
33.5,4,0,3,333
33.5,4,0,4,334
33.5,4,0,5,336
33.5,4,0,6,337
33.5,4,0,7,339
33.5,4,0,8,341
33.5,4,0,9,342
33.5,4,0,10,344
33.5,4,0,11,345
33.5,4,0,12,347
33.5,4,0,13,348
33.5,4,0,14,350
33.5,4,0,15,351
33.5,4,1,0,330
33.5,4,1,1,332
33.5,4,1,2,333
33.5,4,1,3,335
33.5,4,1,4,336
33.5,4,1,5,338
33.5,4,1,6,339
33.5,4,1,7,341
33.5,4,1,8,343
33.5,4,1,9,344
33.5,4,1,10,346
33.5,4,1,11,347
33.5,4,1,12,349
33.5,4,1,13,350
33.5,4,1,14,352
33.5,4,1,15,353
33.5,4,2,0,332
33.5,4,2,1,333
33.5,4,2,2,335
33.5,4,2,3,337
33.5,4,2,4,338
33.5,4,2,5,340
33.5,4,2,6,342
33.5,4,2,7,343
33.5,4,2,8,345
33.5,4,2,9,346
33.5,4,2,10,348
33.5,4,2,11,349
33.5,4,2,12,351
33.5,4,2,13,352
33.5,4,2,14,354
33.5,4,2,15,355
33.5,4,3,0,334
33.5,4,3,1,335
33.5,4,3,2,337
33.5,4,3,3,339
33.5,4,3,4,340
33.5,4,3,5,342
33.5,4,3,6,344
33.5,4,3,7,345
33.5,4,3,8,347
33.5,4,3,9,348
33.5,4,3,10,350
33.5,4,3,11,351
33.5,4,3,12,353
33.5,4,3,13,354
33.5,4,3,14,356
33.5,4,3,15,358
33.5,4,4,0,336
33.5,4,4,1,337
33.5,4,4,2,339
33.5,4,4,3,341
33.5,4,4,4,342
33.5,4,4,5,344
33.5,4,4,6,346
33.5,4,4,7,347
33.5,4,4,8,349
33.5,4,4,9,350
33.5,4,4,10,352
33.5,4,4,11,353
33.5,4,4,12,355
33.5,4,4,13,357
33.5,4,4,14,358
33.5,4,4,15,360
33.5,4,5,0,338
33.5,4,5,1,339
33.5,4,5,2,341
33.5,4,5,3,343
33.5,4,5,4,344
33.5,4,5,5,346
33.5,4,5,6,347
33.5,4,5,7,349
33.5,4,5,8,351
33.5,4,5,9,352
33.5,4,5,10,354
33.5,4,5,11,355
33.5,4,5,12,357
33.5,4,5,13,359
33.5,4,5,14,360
33.5,4,5,15,362
33.5,4,6,0,340
33.5,4,6,1,341
33.5,4,6,2,343
33.5,4,6,3,345
33.5,4,6,4,346
33.5,4,6,5,348
33.5,4,6,6,349
33.5,4,6,7,351
33.5,4,6,8,353
33.5,4,6,9,354
33.5,4,6,10,356
33.5,4,6,11,357
33.5,4,6,12,359
33.5,4,6,13,361
33.5,4,6,14,362
33.5,4,6,15,364
33.5,4,7,0,342
33.5,4,7,1,343
33.5,4,7,2,345
33.5,4,7,3,347
33.5,4,7,4,348
33.5,4,7,5,350
33.5,4,7,6,351
33.5,4,7,7,353
33.5,4,7,8,355
33.5,4,7,9,356
33.5,4,7,10,358
33.5,4,7,11,359
33.5,4,7,12,361
33.5,4,7,13,363
33.5,4,7,14,364
33.5,4,7,15,366
33.5,4,8,0,343
33.5,4,8,1,345
33.5,4,8,2,347
33.5,4,8,3,348
33.5,4,8,4,350
33.5,4,8,5,352
33.5,4,8,6,353
33.5,4,8,7,355
33.5,4,8,8,357
33.5,4,8,9,358
33.5,4,8,10,360
33.5,4,8,11,361
33.5,4,8,12,363
33.5,4,8,13,365
33.5,4,8,14,366
33.5,4,8,15,368
33.5,4,9,0,345
33.5,4,9,1,347
33.5,4,9,2,349
33.5,4,9,3,350
33.5,4,9,4,352
33.5,4,9,5,354
33.5,4,9,6,355
33.5,4,9,7,357
33.5,4,9,8,359
33.5,4,9,9,360
33.5,4,9,10,362
33.5,4,9,11,363
33.5,4,9,12,365
33.5,4,9,13,367
33.5,4,9,14,368
33.5,4,9,15,370
33.5,4,10,0,347
33.5,4,10,1,349
33.5,4,10,2,351
33.5,4,10,3,352
33.5,4,10,4,354
33.5,4,10,5,356
33.5,4,10,6,357
33.5,4,10,7,359
33.5,4,10,8,361
33.5,4,10,9,362
33.5,4,10,10,364
33.5,4,10,11,365
33.5,4,10,12,367
33.5,4,10,13,369
33.5,4,10,14,370
33.5,4,10,15,372
33.5,4,11,0,349
33.5,4,11,1,351
33.5,4,11,2,352
33.5,4,11,3,354
33.5,4,11,4,356
33.5,4,11,5,357
33.5,4,11,6,359
33.5,4,11,7,361
33.5,4,11,8,362
33.5,4,11,9,364
33.5,4,11,10,366
33.5,4,11,11,367
33.5,4,11,12,369
33.5,4,11,13,371
33.5,4,11,14,372
33.5,4,11,15,374
33.5,4,12,0,351
33.5,4,12,1,353
33.5,4,12,2,354
33.5,4,12,3,356
33.5,4,12,4,358
33.5,4,12,5,359
33.5,4,12,6,361
33.5,4,12,7,363
33.5,4,12,8,364
33.5,4,12,9,366
33.5,4,12,10,368
33.5,4,12,11,369
33.5,4,12,12,371
33.5,4,12,13,373
33.5,4,12,14,374
33.5,4,12,15,376
33.5,4,13,0,353
33.5,4,13,1,354
33.5,4,13,2,356
33.5,4,13,3,358
33.5,4,13,4,360
33.5,4,13,5,361
33.5,4,13,6,363
33.5,4,13,7,365
33.5,4,13,8,366
33.5,4,13,9,368
33.5,4,13,10,370
33.5,4,13,11,371
33.5,4,13,12,373
33.5,4,13,13,375
33.5,4,13,14,376
33.5,4,13,15,378
33.5,4,14,0,355
33.5,4,14,1,356
33.5,4,14,2,358
33.5,4,14,3,360
33.5,4,14,4,361
33.5,4,14,5,363
33.5,4,14,6,365
33.5,4,14,7,367
33.5,4,14,8,368
33.5,4,14,9,370
33.5,4,14,10,372
33.5,4,14,11,373
33.5,4,14,12,375
33.5,4,14,13,377
33.5,4,14,14,378
33.5,4,14,15,380
33.5,4,15,0,356
33.5,4,15,1,358
33.5,4,15,2,360
33.5,4,15,3,362
33.5,4,15,4,363
33.5,4,15,5,365
33.5,4,15,6,367
33.5,4,15,7,368
33.5,4,15,8,370
33.5,4,15,9,372
33.5,4,15,10,373
33.5,4,15,11,375
33.5,4,15,12,377
33.5,4,15,13,378
33.5,4,15,14,380
33.5,4,15,15,382
33.5,5,0,0,333
33.5,5,0,1,335
33.5,5,0,2,336
33.5,5,0,3,338
33.5,5,0,4,340
33.5,5,0,5,341
33.5,5,0,6,343
33.5,5,0,7,344
33.5,5,0,8,346
33.5,5,0,9,348
33.5,5,0,10,349
33.5,5,0,11,351
33.5,5,0,12,352
33.5,5,0,13,354
33.5,5,0,14,355
33.5,5,0,15,357
33.5,5,1,0,335
33.5,5,1,1,337
33.5,5,1,2,338
33.5,5,1,3,340
33.5,5,1,4,342
33.5,5,1,5,343
33.5,5,1,6,345
33.5,5,1,7,346
33.5,5,1,8,348
33.5,5,1,9,350
33.5,5,1,10,351
33.5,5,1,11,353
33.5,5,1,12,354
33.5,5,1,13,356
33.5,5,1,14,357
33.5,5,1,15,359
33.5,5,2,0,337
33.5,5,2,1,339
33.5,5,2,2,340
33.5,5,2,3,342
33.5,5,2,4,344
33.5,5,2,5,345
33.5,5,2,6,347
33.5,5,2,7,349
33.5,5,2,8,350
33.5,5,2,9,352
33.5,5,2,10,353
33.5,5,2,11,355
33.5,5,2,12,356
33.5,5,2,13,358
33.5,5,2,14,360
33.5,5,2,15,361
33.5,5,3,0,339
33.5,5,3,1,341
33.5,5,3,2,342
33.5,5,3,3,344
33.5,5,3,4,346
33.5,5,3,5,347
33.5,5,3,6,349
33.5,5,3,7,351
33.5,5,3,8,352
33.5,5,3,9,354
33.5,5,3,10,355
33.5,5,3,11,357
33.5,5,3,12,359
33.5,5,3,13,360
33.5,5,3,14,362
33.5,5,3,15,363
33.5,5,4,0,341
33.5,5,4,1,343
33.5,5,4,2,344
33.5,5,4,3,346
33.5,5,4,4,348
33.5,5,4,5,349
33.5,5,4,6,351
33.5,5,4,7,353
33.5,5,4,8,354
33.5,5,4,9,356
33.5,5,4,10,357
33.5,5,4,11,359
33.5,5,4,12,361
33.5,5,4,13,362
33.5,5,4,14,364
33.5,5,4,15,365
33.5,5,5,0,343
33.5,5,5,1,345
33.5,5,5,2,346
33.5,5,5,3,348
33.5,5,5,4,350
33.5,5,5,5,351
33.5,5,5,6,353
33.5,5,5,7,355
33.5,5,5,8,356
33.5,5,5,9,358
33.5,5,5,10,360
33.5,5,5,11,361
33.5,5,5,12,363
33.5,5,5,13,364
33.5,5,5,14,366
33.5,5,5,15,367
33.5,5,6,0,345
33.5,5,6,1,347
33.5,5,6,2,348
33.5,5,6,3,350
33.5,5,6,4,352
33.5,5,6,5,353
33.5,5,6,6,355
33.5,5,6,7,357
33.5,5,6,8,358
33.5,5,6,9,360
33.5,5,6,10,362
33.5,5,6,11,363
33.5,5,6,12,365
33.5,5,6,13,366
33.5,5,6,14,368
33.5,5,6,15,370
33.5,5,7,0,347
33.5,5,7,1,349
33.5,5,7,2,350
33.5,5,7,3,352
33.5,5,7,4,354
33.5,5,7,5,355
33.5,5,7,6,357
33.5,5,7,7,359
33.5,5,7,8,360
33.5,5,7,9,362
33.5,5,7,10,364
33.5,5,7,11,365
33.5,5,7,12,367
33.5,5,7,13,368
33.5,5,7,14,370
33.5,5,7,15,372
33.5,5,8,0,349
33.5,5,8,1,351
33.5,5,8,2,352
33.5,5,8,3,354
33.5,5,8,4,356
33.5,5,8,5,357
33.5,5,8,6,359
33.5,5,8,7,361
33.5,5,8,8,362
33.5,5,8,9,364
33.5,5,8,10,366
33.5,5,8,11,367
33.5,5,8,12,369
33.5,5,8,13,370
33.5,5,8,14,372
33.5,5,8,15,374
33.5,5,9,0,351
33.5,5,9,1,352
33.5,5,9,2,354
33.5,5,9,3,356
33.5,5,9,4,358
33.5,5,9,5,359
33.5,5,9,6,361
33.5,5,9,7,363
33.5,5,9,8,364
33.5,5,9,9,366
33.5,5,9,10,368
33.5,5,9,11,369
33.5,5,9,12,371
33.5,5,9,13,372
33.5,5,9,14,374
33.5,5,9,15,376
33.5,5,10,0,353
33.5,5,10,1,354
33.5,5,10,2,356
33.5,5,10,3,358
33.5,5,10,4,360
33.5,5,10,5,361
33.5,5,10,6,363
33.5,5,10,7,365
33.5,5,10,8,366
33.5,5,10,9,368
33.5,5,10,10,370
33.5,5,10,11,371
33.5,5,10,12,373
33.5,5,10,13,375
33.5,5,10,14,376
33.5,5,10,15,378
33.5,5,11,0,355
33.5,5,11,1,356
33.5,5,11,2,358
33.5,5,11,3,360
33.5,5,11,4,361
33.5,5,11,5,363
33.5,5,11,6,365
33.5,5,11,7,367
33.5,5,11,8,368
33.5,5,11,9,370
33.5,5,11,10,372
33.5,5,11,11,373
33.5,5,11,12,375
33.5,5,11,13,377
33.5,5,11,14,378
33.5,5,11,15,380
33.5,5,12,0,356
33.5,5,12,1,358
33.5,5,12,2,360
33.5,5,12,3,362
33.5,5,12,4,363
33.5,5,12,5,365
33.5,5,12,6,367
33.5,5,12,7,369
33.5,5,12,8,370
33.5,5,12,9,372
33.5,5,12,10,374
33.5,5,12,11,375
33.5,5,12,12,377
33.5,5,12,13,379
33.5,5,12,14,380
33.5,5,12,15,382
33.5,5,13,0,358
33.5,5,13,1,360
33.5,5,13,2,362
33.5,5,13,3,364
33.5,5,13,4,365
33.5,5,13,5,367
33.5,5,13,6,369
33.5,5,13,7,370
33.5,5,13,8,372
33.5,5,13,9,374
33.5,5,13,10,376
33.5,5,13,11,377
33.5,5,13,12,379
33.5,5,13,13,381
33.5,5,13,14,382
33.5,5,13,15,384
33.5,5,14,0,360
33.5,5,14,1,362
33.5,5,14,2,364
33.5,5,14,3,365
33.5,5,14,4,367
33.5,5,14,5,369
33.5,5,14,6,371
33.5,5,14,7,372
33.5,5,14,8,374
33.5,5,14,9,376
33.5,5,14,10,377
33.5,5,14,11,379
33.5,5,14,12,381
33.5,5,14,13,382
33.5,5,14,14,384
33.5,5,14,15,386
33.5,5,15,0,362
33.5,5,15,1,364
33.5,5,15,2,366
33.5,5,15,3,367
33.5,5,15,4,369
33.5,5,15,5,371
33.5,5,15,6,373
33.5,5,15,7,374
33.5,5,15,8,376
33.5,5,15,9,378
33.5,5,15,10,379
33.5,5,15,11,381
33.5,5,15,12,383
33.5,5,15,13,384
33.5,5,15,14,386
33.5,5,15,15,388
33.5,6,0,0,338
33.5,6,0,1,340
33.5,6,0,2,342
33.5,6,0,3,343
33.5,6,0,4,345
33.5,6,0,5,347
33.5,6,0,6,348
33.5,6,0,7,350
33.5,6,0,8,351
33.5,6,0,9,353
33.5,6,0,10,355
33.5,6,0,11,356
33.5,6,0,12,358
33.5,6,0,13,359
33.5,6,0,14,361
33.5,6,0,15,362
33.5,6,1,0,340
33.5,6,1,1,342
33.5,6,1,2,344
33.5,6,1,3,345
33.5,6,1,4,347
33.5,6,1,5,349
33.5,6,1,6,350
33.5,6,1,7,352
33.5,6,1,8,354
33.5,6,1,9,355
33.5,6,1,10,357
33.5,6,1,11,358
33.5,6,1,12,360
33.5,6,1,13,361
33.5,6,1,14,363
33.5,6,1,15,365
33.5,6,2,0,342
33.5,6,2,1,344
33.5,6,2,2,346
33.5,6,2,3,347
33.5,6,2,4,349
33.5,6,2,5,351
33.5,6,2,6,352
33.5,6,2,7,354
33.5,6,2,8,356
33.5,6,2,9,357
33.5,6,2,10,359
33.5,6,2,11,360
33.5,6,2,12,362
33.5,6,2,13,364
33.5,6,2,14,365
33.5,6,2,15,367
33.5,6,3,0,344
33.5,6,3,1,346
33.5,6,3,2,348
33.5,6,3,3,349
33.5,6,3,4,351
33.5,6,3,5,353
33.5,6,3,6,354
33.5,6,3,7,356
33.5,6,3,8,358
33.5,6,3,9,359
33.5,6,3,10,361
33.5,6,3,11,363
33.5,6,3,12,364
33.5,6,3,13,366
33.5,6,3,14,367
33.5,6,3,15,369
33.5,6,4,0,346
33.5,6,4,1,348
33.5,6,4,2,350
33.5,6,4,3,352
33.5,6,4,4,353
33.5,6,4,5,355
33.5,6,4,6,356
33.5,6,4,7,358
33.5,6,4,8,360
33.5,6,4,9,361
33.5,6,4,10,363
33.5,6,4,11,365
33.5,6,4,12,366
33.5,6,4,13,368
33.5,6,4,14,369
33.5,6,4,15,371
33.5,6,5,0,348
33.5,6,5,1,350
33.5,6,5,2,352
33.5,6,5,3,354
33.5,6,5,4,355
33.5,6,5,5,357
33.5,6,5,6,359
33.5,6,5,7,360
33.5,6,5,8,362
33.5,6,5,9,363
33.5,6,5,10,365
33.5,6,5,11,367
33.5,6,5,12,368
33.5,6,5,13,370
33.5,6,5,14,372
33.5,6,5,15,373
33.5,6,6,0,350
33.5,6,6,1,352
33.5,6,6,2,354
33.5,6,6,3,356
33.5,6,6,4,357
33.5,6,6,5,359
33.5,6,6,6,361
33.5,6,6,7,362
33.5,6,6,8,364
33.5,6,6,9,366
33.5,6,6,10,367
33.5,6,6,11,369
33.5,6,6,12,370
33.5,6,6,13,372
33.5,6,6,14,374
33.5,6,6,15,375
33.5,6,7,0,352
33.5,6,7,1,354
33.5,6,7,2,356
33.5,6,7,3,358
33.5,6,7,4,359
33.5,6,7,5,361
33.5,6,7,6,363
33.5,6,7,7,364
33.5,6,7,8,366
33.5,6,7,9,368
33.5,6,7,10,369
33.5,6,7,11,371
33.5,6,7,12,373
33.5,6,7,13,374
33.5,6,7,14,376
33.5,6,7,15,377
33.5,6,8,0,354
33.5,6,8,1,356
33.5,6,8,2,358
33.5,6,8,3,360
33.5,6,8,4,361
33.5,6,8,5,363
33.5,6,8,6,365
33.5,6,8,7,366
33.5,6,8,8,368
33.5,6,8,9,370
33.5,6,8,10,371
33.5,6,8,11,373
33.5,6,8,12,375
33.5,6,8,13,376
33.5,6,8,14,378
33.5,6,8,15,380
33.5,6,9,0,356
33.5,6,9,1,358
33.5,6,9,2,360
33.5,6,9,3,361
33.5,6,9,4,363
33.5,6,9,5,365
33.5,6,9,6,367
33.5,6,9,7,368
33.5,6,9,8,370
33.5,6,9,9,372
33.5,6,9,10,373
33.5,6,9,11,375
33.5,6,9,12,377
33.5,6,9,13,378
33.5,6,9,14,380
33.5,6,9,15,382
33.5,6,10,0,358
33.5,6,10,1,360
33.5,6,10,2,362
33.5,6,10,3,363
33.5,6,10,4,365
33.5,6,10,5,367
33.5,6,10,6,369
33.5,6,10,7,370
33.5,6,10,8,372
33.5,6,10,9,374
33.5,6,10,10,375
33.5,6,10,11,377
33.5,6,10,12,379
33.5,6,10,13,380
33.5,6,10,14,382
33.5,6,10,15,384
33.5,6,11,0,360
33.5,6,11,1,362
33.5,6,11,2,364
33.5,6,11,3,365
33.5,6,11,4,367
33.5,6,11,5,369
33.5,6,11,6,371
33.5,6,11,7,372
33.5,6,11,8,374
33.5,6,11,9,376
33.5,6,11,10,377
33.5,6,11,11,379
33.5,6,11,12,381
33.5,6,11,13,382
33.5,6,11,14,384
33.5,6,11,15,386
33.5,6,12,0,362
33.5,6,12,1,364
33.5,6,12,2,366
33.5,6,12,3,367
33.5,6,12,4,369
33.5,6,12,5,371
33.5,6,12,6,373
33.5,6,12,7,374
33.5,6,12,8,376
33.5,6,12,9,378
33.5,6,12,10,379
33.5,6,12,11,381
33.5,6,12,12,383
33.5,6,12,13,384
33.5,6,12,14,386
33.5,6,12,15,388
33.5,6,13,0,364
33.5,6,13,1,366
33.5,6,13,2,367
33.5,6,13,3,369
33.5,6,13,4,371
33.5,6,13,5,373
33.5,6,13,6,375
33.5,6,13,7,376
33.5,6,13,8,378
33.5,6,13,9,380
33.5,6,13,10,381
33.5,6,13,11,383
33.5,6,13,12,385
33.5,6,13,13,386
33.5,6,13,14,388
33.5,6,13,15,390
33.5,6,14,0,366
33.5,6,14,1,368
33.5,6,14,2,369
33.5,6,14,3,371
33.5,6,14,4,373
33.5,6,14,5,375
33.5,6,14,6,376
33.5,6,14,7,378
33.5,6,14,8,380
33.5,6,14,9,382
33.5,6,14,10,383
33.5,6,14,11,385
33.5,6,14,12,387
33.5,6,14,13,388
33.5,6,14,14,390
33.5,6,14,15,392
33.5,6,15,0,368
33.5,6,15,1,370
33.5,6,15,2,371
33.5,6,15,3,373
33.5,6,15,4,375
33.5,6,15,5,377
33.5,6,15,6,378
33.5,6,15,7,380
33.5,6,15,8,382
33.5,6,15,9,384
33.5,6,15,10,385
33.5,6,15,11,387
33.5,6,15,12,389
33.5,6,15,13,390
33.5,6,15,14,392
33.5,6,15,15,394
33.5,7,0,0,344
33.5,7,0,1,345
33.5,7,0,2,347
33.5,7,0,3,349
33.5,7,0,4,350
33.5,7,0,5,352
33.5,7,0,6,354
33.5,7,0,7,355
33.5,7,0,8,357
33.5,7,0,9,358
33.5,7,0,10,360
33.5,7,0,11,362
33.5,7,0,12,363
33.5,7,0,13,365
33.5,7,0,14,366
33.5,7,0,15,368
33.5,7,1,0,346
33.5,7,1,1,347
33.5,7,1,2,349
33.5,7,1,3,351
33.5,7,1,4,352
33.5,7,1,5,354
33.5,7,1,6,356
33.5,7,1,7,357
33.5,7,1,8,359
33.5,7,1,9,361
33.5,7,1,10,362
33.5,7,1,11,364
33.5,7,1,12,365
33.5,7,1,13,367
33.5,7,1,14,369
33.5,7,1,15,370
33.5,7,2,0,348
33.5,7,2,1,349
33.5,7,2,2,351
33.5,7,2,3,353
33.5,7,2,4,354
33.5,7,2,5,356
33.5,7,2,6,358
33.5,7,2,7,359
33.5,7,2,8,361
33.5,7,2,9,363
33.5,7,2,10,364
33.5,7,2,11,366
33.5,7,2,12,368
33.5,7,2,13,369
33.5,7,2,14,371
33.5,7,2,15,372
33.5,7,3,0,350
33.5,7,3,1,351
33.5,7,3,2,353
33.5,7,3,3,355
33.5,7,3,4,357
33.5,7,3,5,358
33.5,7,3,6,360
33.5,7,3,7,362
33.5,7,3,8,363
33.5,7,3,9,365
33.5,7,3,10,367
33.5,7,3,11,368
33.5,7,3,12,370
33.5,7,3,13,371
33.5,7,3,14,373
33.5,7,3,15,375
33.5,7,4,0,352
33.5,7,4,1,353
33.5,7,4,2,355
33.5,7,4,3,357
33.5,7,4,4,359
33.5,7,4,5,360
33.5,7,4,6,362
33.5,7,4,7,364
33.5,7,4,8,365
33.5,7,4,9,367
33.5,7,4,10,369
33.5,7,4,11,370
33.5,7,4,12,372
33.5,7,4,13,374
33.5,7,4,14,375
33.5,7,4,15,377
33.5,7,5,0,354
33.5,7,5,1,356
33.5,7,5,2,357
33.5,7,5,3,359
33.5,7,5,4,361
33.5,7,5,5,362
33.5,7,5,6,364
33.5,7,5,7,366
33.5,7,5,8,367
33.5,7,5,9,369
33.5,7,5,10,371
33.5,7,5,11,372
33.5,7,5,12,374
33.5,7,5,13,376
33.5,7,5,14,377
33.5,7,5,15,379
33.5,7,6,0,356
33.5,7,6,1,358
33.5,7,6,2,359
33.5,7,6,3,361
33.5,7,6,4,363
33.5,7,6,5,364
33.5,7,6,6,366
33.5,7,6,7,368
33.5,7,6,8,370
33.5,7,6,9,371
33.5,7,6,10,373
33.5,7,6,11,375
33.5,7,6,12,376
33.5,7,6,13,378
33.5,7,6,14,379
33.5,7,6,15,381
33.5,7,7,0,358
33.5,7,7,1,360
33.5,7,7,2,361
33.5,7,7,3,363
33.5,7,7,4,365
33.5,7,7,5,366
33.5,7,7,6,368
33.5,7,7,7,370
33.5,7,7,8,372
33.5,7,7,9,373
33.5,7,7,10,375
33.5,7,7,11,377
33.5,7,7,12,378
33.5,7,7,13,380
33.5,7,7,14,382
33.5,7,7,15,383
33.5,7,8,0,360
33.5,7,8,1,362
33.5,7,8,2,363
33.5,7,8,3,365
33.5,7,8,4,367
33.5,7,8,5,369
33.5,7,8,6,370
33.5,7,8,7,372
33.5,7,8,8,374
33.5,7,8,9,375
33.5,7,8,10,377
33.5,7,8,11,379
33.5,7,8,12,380
33.5,7,8,13,382
33.5,7,8,14,384
33.5,7,8,15,385
33.5,7,9,0,362
33.5,7,9,1,364
33.5,7,9,2,365
33.5,7,9,3,367
33.5,7,9,4,369
33.5,7,9,5,371
33.5,7,9,6,372
33.5,7,9,7,374
33.5,7,9,8,376
33.5,7,9,9,377
33.5,7,9,10,379
33.5,7,9,11,381
33.5,7,9,12,382
33.5,7,9,13,384
33.5,7,9,14,386
33.5,7,9,15,387
33.5,7,10,0,364
33.5,7,10,1,366
33.5,7,10,2,367
33.5,7,10,3,369
33.5,7,10,4,371
33.5,7,10,5,373
33.5,7,10,6,374
33.5,7,10,7,376
33.5,7,10,8,378
33.5,7,10,9,379
33.5,7,10,10,381
33.5,7,10,11,383
33.5,7,10,12,385
33.5,7,10,13,386
33.5,7,10,14,388
33.5,7,10,15,390
33.5,7,11,0,366
33.5,7,11,1,367
33.5,7,11,2,369
33.5,7,11,3,371
33.5,7,11,4,373
33.5,7,11,5,375
33.5,7,11,6,376
33.5,7,11,7,378
33.5,7,11,8,380
33.5,7,11,9,381
33.5,7,11,10,383
33.5,7,11,11,385
33.5,7,11,12,387
33.5,7,11,13,388
33.5,7,11,14,390
33.5,7,11,15,392
33.5,7,12,0,368
33.5,7,12,1,369
33.5,7,12,2,371
33.5,7,12,3,373
33.5,7,12,4,375
33.5,7,12,5,377
33.5,7,12,6,378
33.5,7,12,7,380
33.5,7,12,8,382
33.5,7,12,9,384
33.5,7,12,10,385
33.5,7,12,11,387
33.5,7,12,12,389
33.5,7,12,13,390
33.5,7,12,14,392
33.5,7,12,15,394
33.5,7,13,0,370
33.5,7,13,1,371
33.5,7,13,2,373
33.5,7,13,3,375
33.5,7,13,4,377
33.5,7,13,5,379
33.5,7,13,6,380
33.5,7,13,7,382
33.5,7,13,8,384
33.5,7,13,9,386
33.5,7,13,10,387
33.5,7,13,11,389
33.5,7,13,12,391
33.5,7,13,13,392
33.5,7,13,14,394
33.5,7,13,15,396
33.5,7,14,0,371
33.5,7,14,1,373
33.5,7,14,2,375
33.5,7,14,3,377
33.5,7,14,4,379
33.5,7,14,5,380
33.5,7,14,6,382
33.5,7,14,7,384
33.5,7,14,8,386
33.5,7,14,9,388
33.5,7,14,10,389
33.5,7,14,11,391
33.5,7,14,12,393
33.5,7,14,13,394
33.5,7,14,14,396
33.5,7,14,15,398
33.5,7,15,0,373
33.5,7,15,1,375
33.5,7,15,2,377
33.5,7,15,3,379
33.5,7,15,4,381
33.5,7,15,5,382
33.5,7,15,6,384
33.5,7,15,7,386
33.5,7,15,8,388
33.5,7,15,9,390
33.5,7,15,10,391
33.5,7,15,11,393
33.5,7,15,12,395
33.5,7,15,13,396
33.5,7,15,14,398
33.5,7,15,15,400
33.5,8,0,0,349
33.5,8,0,1,351
33.5,8,0,2,352
33.5,8,0,3,354
33.5,8,0,4,356
33.5,8,0,5,357
33.5,8,0,6,359
33.5,8,0,7,361
33.5,8,0,8,362
33.5,8,0,9,364
33.5,8,0,10,366
33.5,8,0,11,367
33.5,8,0,12,369
33.5,8,0,13,370
33.5,8,0,14,372
33.5,8,0,15,374
33.5,8,1,0,351
33.5,8,1,1,353
33.5,8,1,2,354
33.5,8,1,3,356
33.5,8,1,4,358
33.5,8,1,5,359
33.5,8,1,6,361
33.5,8,1,7,363
33.5,8,1,8,364
33.5,8,1,9,366
33.5,8,1,10,368
33.5,8,1,11,369
33.5,8,1,12,371
33.5,8,1,13,373
33.5,8,1,14,374
33.5,8,1,15,376
33.5,8,2,0,353
33.5,8,2,1,355
33.5,8,2,2,356
33.5,8,2,3,358
33.5,8,2,4,360
33.5,8,2,5,362
33.5,8,2,6,363
33.5,8,2,7,365
33.5,8,2,8,367
33.5,8,2,9,368
33.5,8,2,10,370
33.5,8,2,11,372
33.5,8,2,12,373
33.5,8,2,13,375
33.5,8,2,14,376
33.5,8,2,15,378
33.5,8,3,0,355
33.5,8,3,1,357
33.5,8,3,2,359
33.5,8,3,3,360
33.5,8,3,4,362
33.5,8,3,5,364
33.5,8,3,6,365
33.5,8,3,7,367
33.5,8,3,8,369
33.5,8,3,9,370
33.5,8,3,10,372
33.5,8,3,11,374
33.5,8,3,12,375
33.5,8,3,13,377
33.5,8,3,14,379
33.5,8,3,15,380
33.5,8,4,0,357
33.5,8,4,1,359
33.5,8,4,2,361
33.5,8,4,3,362
33.5,8,4,4,364
33.5,8,4,5,366
33.5,8,4,6,367
33.5,8,4,7,369
33.5,8,4,8,371
33.5,8,4,9,373
33.5,8,4,10,374
33.5,8,4,11,376
33.5,8,4,12,378
33.5,8,4,13,379
33.5,8,4,14,381
33.5,8,4,15,383
33.5,8,5,0,359
33.5,8,5,1,361
33.5,8,5,2,363
33.5,8,5,3,364
33.5,8,5,4,366
33.5,8,5,5,368
33.5,8,5,6,370
33.5,8,5,7,371
33.5,8,5,8,373
33.5,8,5,9,375
33.5,8,5,10,376
33.5,8,5,11,378
33.5,8,5,12,380
33.5,8,5,13,381
33.5,8,5,14,383
33.5,8,5,15,385
33.5,8,6,0,361
33.5,8,6,1,363
33.5,8,6,2,365
33.5,8,6,3,366
33.5,8,6,4,368
33.5,8,6,5,370
33.5,8,6,6,372
33.5,8,6,7,373
33.5,8,6,8,375
33.5,8,6,9,377
33.5,8,6,10,379
33.5,8,6,11,380
33.5,8,6,12,382
33.5,8,6,13,384
33.5,8,6,14,385
33.5,8,6,15,387
33.5,8,7,0,363
33.5,8,7,1,365
33.5,8,7,2,367
33.5,8,7,3,369
33.5,8,7,4,370
33.5,8,7,5,372
33.5,8,7,6,374
33.5,8,7,7,375
33.5,8,7,8,377
33.5,8,7,9,379
33.5,8,7,10,381
33.5,8,7,11,382
33.5,8,7,12,384
33.5,8,7,13,386
33.5,8,7,14,387
33.5,8,7,15,389
33.5,8,8,0,365
33.5,8,8,1,367
33.5,8,8,2,369
33.5,8,8,3,371
33.5,8,8,4,372
33.5,8,8,5,374
33.5,8,8,6,376
33.5,8,8,7,378
33.5,8,8,8,379
33.5,8,8,9,381
33.5,8,8,10,383
33.5,8,8,11,384
33.5,8,8,12,386
33.5,8,8,13,388
33.5,8,8,14,390
33.5,8,8,15,391
33.5,8,9,0,367
33.5,8,9,1,369
33.5,8,9,2,371
33.5,8,9,3,373
33.5,8,9,4,374
33.5,8,9,5,376
33.5,8,9,6,378
33.5,8,9,7,380
33.5,8,9,8,381
33.5,8,9,9,383
33.5,8,9,10,385
33.5,8,9,11,387
33.5,8,9,12,388
33.5,8,9,13,390
33.5,8,9,14,392
33.5,8,9,15,393
33.5,8,10,0,369
33.5,8,10,1,371
33.5,8,10,2,373
33.5,8,10,3,375
33.5,8,10,4,376
33.5,8,10,5,378
33.5,8,10,6,380
33.5,8,10,7,382
33.5,8,10,8,383
33.5,8,10,9,385
33.5,8,10,10,387
33.5,8,10,11,389
33.5,8,10,12,390
33.5,8,10,13,392
33.5,8,10,14,394
33.5,8,10,15,395
33.5,8,11,0,371
33.5,8,11,1,373
33.5,8,11,2,375
33.5,8,11,3,377
33.5,8,11,4,378
33.5,8,11,5,380
33.5,8,11,6,382
33.5,8,11,7,384
33.5,8,11,8,386
33.5,8,11,9,387
33.5,8,11,10,389
33.5,8,11,11,391
33.5,8,11,12,392
33.5,8,11,13,394
33.5,8,11,14,396
33.5,8,11,15,398
33.5,8,12,0,373
33.5,8,12,1,375
33.5,8,12,2,377
33.5,8,12,3,379
33.5,8,12,4,380
33.5,8,12,5,382
33.5,8,12,6,384
33.5,8,12,7,386
33.5,8,12,8,388
33.5,8,12,9,389
33.5,8,12,10,391
33.5,8,12,11,393
33.5,8,12,12,395
33.5,8,12,13,396
33.5,8,12,14,398
33.5,8,12,15,400
33.5,8,13,0,375
33.5,8,13,1,377
33.5,8,13,2,379
33.5,8,13,3,381
33.5,8,13,4,382
33.5,8,13,5,384
33.5,8,13,6,386
33.5,8,13,7,388
33.5,8,13,8,390
33.5,8,13,9,391
33.5,8,13,10,393
33.5,8,13,11,395
33.5,8,13,12,397
33.5,8,13,13,398
33.5,8,13,14,400
33.5,8,13,15,402
33.5,8,14,0,377
33.5,8,14,1,379
33.5,8,14,2,381
33.5,8,14,3,383
33.5,8,14,4,384
33.5,8,14,5,386
33.5,8,14,6,388
33.5,8,14,7,390
33.5,8,14,8,392
33.5,8,14,9,393
33.5,8,14,10,395
33.5,8,14,11,397
33.5,8,14,12,399
33.5,8,14,13,400
33.5,8,14,14,402
33.5,8,14,15,404
33.5,8,15,0,379
33.5,8,15,1,381
33.5,8,15,2,383
33.5,8,15,3,385
33.5,8,15,4,386
33.5,8,15,5,388
33.5,8,15,6,390
33.5,8,15,7,392
33.5,8,15,8,394
33.5,8,15,9,395
33.5,8,15,10,397
33.5,8,15,11,399
33.5,8,15,12,401
33.5,8,15,13,403
33.5,8,15,14,404
33.5,8,15,15,406
33.5,9,0,0,354
33.5,9,0,1,356
33.5,9,0,2,357
33.5,9,0,3,359
33.5,9,0,4,361
33.5,9,0,5,363
33.5,9,0,6,364
33.5,9,0,7,366
33.5,9,0,8,368
33.5,9,0,9,369
33.5,9,0,10,371
33.5,9,0,11,373
33.5,9,0,12,374
33.5,9,0,13,376
33.5,9,0,14,378
33.5,9,0,15,379
33.5,9,1,0,356
33.5,9,1,1,358
33.5,9,1,2,360
33.5,9,1,3,361
33.5,9,1,4,363
33.5,9,1,5,365
33.5,9,1,6,366
33.5,9,1,7,368
33.5,9,1,8,370
33.5,9,1,9,372
33.5,9,1,10,373
33.5,9,1,11,375
33.5,9,1,12,377
33.5,9,1,13,378
33.5,9,1,14,380
33.5,9,1,15,381
33.5,9,2,0,358
33.5,9,2,1,360
33.5,9,2,2,362
33.5,9,2,3,363
33.5,9,2,4,365
33.5,9,2,5,367
33.5,9,2,6,369
33.5,9,2,7,370
33.5,9,2,8,372
33.5,9,2,9,374
33.5,9,2,10,375
33.5,9,2,11,377
33.5,9,2,12,379
33.5,9,2,13,380
33.5,9,2,14,382
33.5,9,2,15,384
33.5,9,3,0,360
33.5,9,3,1,362
33.5,9,3,2,364
33.5,9,3,3,366
33.5,9,3,4,367
33.5,9,3,5,369
33.5,9,3,6,371
33.5,9,3,7,373
33.5,9,3,8,374
33.5,9,3,9,376
33.5,9,3,10,378
33.5,9,3,11,379
33.5,9,3,12,381
33.5,9,3,13,383
33.5,9,3,14,384
33.5,9,3,15,386
33.5,9,4,0,362
33.5,9,4,1,364
33.5,9,4,2,366
33.5,9,4,3,368
33.5,9,4,4,369
33.5,9,4,5,371
33.5,9,4,6,373
33.5,9,4,7,375
33.5,9,4,8,376
33.5,9,4,9,378
33.5,9,4,10,380
33.5,9,4,11,382
33.5,9,4,12,383
33.5,9,4,13,385
33.5,9,4,14,387
33.5,9,4,15,388
33.5,9,5,0,365
33.5,9,5,1,366
33.5,9,5,2,368
33.5,9,5,3,370
33.5,9,5,4,372
33.5,9,5,5,373
33.5,9,5,6,375
33.5,9,5,7,377
33.5,9,5,8,379
33.5,9,5,9,380
33.5,9,5,10,382
33.5,9,5,11,384
33.5,9,5,12,385
33.5,9,5,13,387
33.5,9,5,14,389
33.5,9,5,15,390
33.5,9,6,0,367
33.5,9,6,1,368
33.5,9,6,2,370
33.5,9,6,3,372
33.5,9,6,4,374
33.5,9,6,5,375
33.5,9,6,6,377
33.5,9,6,7,379
33.5,9,6,8,381
33.5,9,6,9,382
33.5,9,6,10,384
33.5,9,6,11,386
33.5,9,6,12,388
33.5,9,6,13,389
33.5,9,6,14,391
33.5,9,6,15,393
33.5,9,7,0,369
33.5,9,7,1,370
33.5,9,7,2,372
33.5,9,7,3,374
33.5,9,7,4,376
33.5,9,7,5,378
33.5,9,7,6,379
33.5,9,7,7,381
33.5,9,7,8,383
33.5,9,7,9,385
33.5,9,7,10,386
33.5,9,7,11,388
33.5,9,7,12,390
33.5,9,7,13,391
33.5,9,7,14,393
33.5,9,7,15,395
33.5,9,8,0,371
33.5,9,8,1,373
33.5,9,8,2,374
33.5,9,8,3,376
33.5,9,8,4,378
33.5,9,8,5,380
33.5,9,8,6,381
33.5,9,8,7,383
33.5,9,8,8,385
33.5,9,8,9,387
33.5,9,8,10,388
33.5,9,8,11,390
33.5,9,8,12,392
33.5,9,8,13,394
33.5,9,8,14,395
33.5,9,8,15,397
33.5,9,9,0,373
33.5,9,9,1,375
33.5,9,9,2,376
33.5,9,9,3,378
33.5,9,9,4,380
33.5,9,9,5,382
33.5,9,9,6,384
33.5,9,9,7,385
33.5,9,9,8,387
33.5,9,9,9,389
33.5,9,9,10,391
33.5,9,9,11,392
33.5,9,9,12,394
33.5,9,9,13,396
33.5,9,9,14,398
33.5,9,9,15,399
33.5,9,10,0,375
33.5,9,10,1,377
33.5,9,10,2,378
33.5,9,10,3,380
33.5,9,10,4,382
33.5,9,10,5,384
33.5,9,10,6,386
33.5,9,10,7,387
33.5,9,10,8,389
33.5,9,10,9,391
33.5,9,10,10,393
33.5,9,10,11,394
33.5,9,10,12,396
33.5,9,10,13,398
33.5,9,10,14,400
33.5,9,10,15,401
33.5,9,11,0,377
33.5,9,11,1,379
33.5,9,11,2,380
33.5,9,11,3,382
33.5,9,11,4,384
33.5,9,11,5,386
33.5,9,11,6,388
33.5,9,11,7,389
33.5,9,11,8,391
33.5,9,11,9,393
33.5,9,11,10,395
33.5,9,11,11,397
33.5,9,11,12,398
33.5,9,11,13,400
33.5,9,11,14,402
33.5,9,11,15,404
33.5,9,12,0,379
33.5,9,12,1,381
33.5,9,12,2,382
33.5,9,12,3,384
33.5,9,12,4,386
33.5,9,12,5,388
33.5,9,12,6,390
33.5,9,12,7,392
33.5,9,12,8,393
33.5,9,12,9,395
33.5,9,12,10,397
33.5,9,12,11,399
33.5,9,12,12,400
33.5,9,12,13,402
33.5,9,12,14,404
33.5,9,12,15,406
33.5,9,13,0,381
33.5,9,13,1,383
33.5,9,13,2,384
33.5,9,13,3,386
33.5,9,13,4,388
33.5,9,13,5,390
33.5,9,13,6,392
33.5,9,13,7,394
33.5,9,13,8,395
33.5,9,13,9,397
33.5,9,13,10,399
33.5,9,13,11,401
33.5,9,13,12,403
33.5,9,13,13,404
33.5,9,13,14,406
33.5,9,13,15,408
33.5,9,14,0,383
33.5,9,14,1,385
33.5,9,14,2,386
33.5,9,14,3,388
33.5,9,14,4,390
33.5,9,14,5,392
33.5,9,14,6,394
33.5,9,14,7,396
33.5,9,14,8,397
33.5,9,14,9,399
33.5,9,14,10,401
33.5,9,14,11,403
33.5,9,14,12,405
33.5,9,14,13,406
33.5,9,14,14,408
33.5,9,14,15,410
33.5,9,15,0,385
33.5,9,15,1,387
33.5,9,15,2,388
33.5,9,15,3,390
33.5,9,15,4,392
33.5,9,15,5,394
33.5,9,15,6,396
33.5,9,15,7,398
33.5,9,15,8,400
33.5,9,15,9,401
33.5,9,15,10,403
33.5,9,15,11,405
33.5,9,15,12,407
33.5,9,15,13,409
33.5,9,15,14,410
33.5,9,15,15,412
33.5,10,0,0,359
33.5,10,0,1,361
33.5,10,0,2,363
33.5,10,0,3,364
33.5,10,0,4,366
33.5,10,0,5,368
33.5,10,0,6,370
33.5,10,0,7,371
33.5,10,0,8,373
33.5,10,0,9,375
33.5,10,0,10,376
33.5,10,0,11,378
33.5,10,0,12,380
33.5,10,0,13,381
33.5,10,0,14,383
33.5,10,0,15,385
33.5,10,1,0,361
33.5,10,1,1,363
33.5,10,1,2,365
33.5,10,1,3,367
33.5,10,1,4,368
33.5,10,1,5,370
33.5,10,1,6,372
33.5,10,1,7,374
33.5,10,1,8,375
33.5,10,1,9,377
33.5,10,1,10,379
33.5,10,1,11,380
33.5,10,1,12,382
33.5,10,1,13,384
33.5,10,1,14,385
33.5,10,1,15,387
33.5,10,2,0,364
33.5,10,2,1,365
33.5,10,2,2,367
33.5,10,2,3,369
33.5,10,2,4,371
33.5,10,2,5,372
33.5,10,2,6,374
33.5,10,2,7,376
33.5,10,2,8,378
33.5,10,2,9,379
33.5,10,2,10,381
33.5,10,2,11,383
33.5,10,2,12,384
33.5,10,2,13,386
33.5,10,2,14,388
33.5,10,2,15,389
33.5,10,3,0,366
33.5,10,3,1,367
33.5,10,3,2,369
33.5,10,3,3,371
33.5,10,3,4,373
33.5,10,3,5,375
33.5,10,3,6,376
33.5,10,3,7,378
33.5,10,3,8,380
33.5,10,3,9,381
33.5,10,3,10,383
33.5,10,3,11,385
33.5,10,3,12,387
33.5,10,3,13,388
33.5,10,3,14,390
33.5,10,3,15,392
33.5,10,4,0,368
33.5,10,4,1,370
33.5,10,4,2,371
33.5,10,4,3,373
33.5,10,4,4,375
33.5,10,4,5,377
33.5,10,4,6,378
33.5,10,4,7,380
33.5,10,4,8,382
33.5,10,4,9,384
33.5,10,4,10,385
33.5,10,4,11,387
33.5,10,4,12,389
33.5,10,4,13,391
33.5,10,4,14,392
33.5,10,4,15,394
33.5,10,5,0,370
33.5,10,5,1,372
33.5,10,5,2,374
33.5,10,5,3,375
33.5,10,5,4,377
33.5,10,5,5,379
33.5,10,5,6,381
33.5,10,5,7,382
33.5,10,5,8,384
33.5,10,5,9,386
33.5,10,5,10,388
33.5,10,5,11,389
33.5,10,5,12,391
33.5,10,5,13,393
33.5,10,5,14,394
33.5,10,5,15,396
33.5,10,6,0,372
33.5,10,6,1,374
33.5,10,6,2,376
33.5,10,6,3,377
33.5,10,6,4,379
33.5,10,6,5,381
33.5,10,6,6,383
33.5,10,6,7,385
33.5,10,6,8,386
33.5,10,6,9,388
33.5,10,6,10,390
33.5,10,6,11,392
33.5,10,6,12,393
33.5,10,6,13,395
33.5,10,6,14,397
33.5,10,6,15,398
33.5,10,7,0,374
33.5,10,7,1,376
33.5,10,7,2,378
33.5,10,7,3,380
33.5,10,7,4,381
33.5,10,7,5,383
33.5,10,7,6,385
33.5,10,7,7,387
33.5,10,7,8,388
33.5,10,7,9,390
33.5,10,7,10,392
33.5,10,7,11,394
33.5,10,7,12,396
33.5,10,7,13,397
33.5,10,7,14,399
33.5,10,7,15,401
33.5,10,8,0,376
33.5,10,8,1,378
33.5,10,8,2,380
33.5,10,8,3,382
33.5,10,8,4,383
33.5,10,8,5,385
33.5,10,8,6,387
33.5,10,8,7,389
33.5,10,8,8,391
33.5,10,8,9,392
33.5,10,8,10,394
33.5,10,8,11,396
33.5,10,8,12,398
33.5,10,8,13,399
33.5,10,8,14,401
33.5,10,8,15,403
33.5,10,9,0,378
33.5,10,9,1,380
33.5,10,9,2,382
33.5,10,9,3,384
33.5,10,9,4,386
33.5,10,9,5,387
33.5,10,9,6,389
33.5,10,9,7,391
33.5,10,9,8,393
33.5,10,9,9,395
33.5,10,9,10,396
33.5,10,9,11,398
33.5,10,9,12,400
33.5,10,9,13,402
33.5,10,9,14,403
33.5,10,9,15,405
33.5,10,10,0,380
33.5,10,10,1,382
33.5,10,10,2,384
33.5,10,10,3,386
33.5,10,10,4,388
33.5,10,10,5,389
33.5,10,10,6,391
33.5,10,10,7,393
33.5,10,10,8,395
33.5,10,10,9,397
33.5,10,10,10,399
33.5,10,10,11,400
33.5,10,10,12,402
33.5,10,10,13,404
33.5,10,10,14,406
33.5,10,10,15,407
33.5,10,11,0,382
33.5,10,11,1,384
33.5,10,11,2,386
33.5,10,11,3,388
33.5,10,11,4,390
33.5,10,11,5,392
33.5,10,11,6,393
33.5,10,11,7,395
33.5,10,11,8,397
33.5,10,11,9,399
33.5,10,11,10,401
33.5,10,11,11,402
33.5,10,11,12,404
33.5,10,11,13,406
33.5,10,11,14,408
33.5,10,11,15,409
33.5,10,12,0,384
33.5,10,12,1,386
33.5,10,12,2,388
33.5,10,12,3,390
33.5,10,12,4,392
33.5,10,12,5,394
33.5,10,12,6,396
33.5,10,12,7,397
33.5,10,12,8,399
33.5,10,12,9,401
33.5,10,12,10,403
33.5,10,12,11,405
33.5,10,12,12,406
33.5,10,12,13,408
33.5,10,12,14,410
33.5,10,12,15,412
33.5,10,13,0,386
33.5,10,13,1,388
33.5,10,13,2,390
33.5,10,13,3,392
33.5,10,13,4,394
33.5,10,13,5,396
33.5,10,13,6,398
33.5,10,13,7,399
33.5,10,13,8,401
33.5,10,13,9,403
33.5,10,13,10,405
33.5,10,13,11,407
33.5,10,13,12,408
33.5,10,13,13,410
33.5,10,13,14,412
33.5,10,13,15,414
33.5,10,14,0,388
33.5,10,14,1,390
33.5,10,14,2,392
33.5,10,14,3,394
33.5,10,14,4,396
33.5,10,14,5,398
33.5,10,14,6,400
33.5,10,14,7,401
33.5,10,14,8,403
33.5,10,14,9,405
33.5,10,14,10,407
33.5,10,14,11,409
33.5,10,14,12,411
33.5,10,14,13,412
33.5,10,14,14,414
33.5,10,14,15,416
33.5,10,15,0,390
33.5,10,15,1,392
33.5,10,15,2,394
33.5,10,15,3,396
33.5,10,15,4,398
33.5,10,15,5,400
33.5,10,15,6,402
33.5,10,15,7,404
33.5,10,15,8,405
33.5,10,15,9,407
33.5,10,15,10,409
33.5,10,15,11,411
33.5,10,15,12,413
33.5,10,15,13,415
33.5,10,15,14,416
33.5,10,15,15,418
33.5,11,0,0,364
33.5,11,0,1,366
33.5,11,0,2,368
33.5,11,0,3,370
33.5,11,0,4,372
33.5,11,0,5,373
33.5,11,0,6,375
33.5,11,0,7,377
33.5,11,0,8,378
33.5,11,0,9,380
33.5,11,0,10,382
33.5,11,0,11,384
33.5,11,0,12,385
33.5,11,0,13,387
33.5,11,0,14,389
33.5,11,0,15,390
33.5,11,1,0,367
33.5,11,1,1,368
33.5,11,1,2,370
33.5,11,1,3,372
33.5,11,1,4,374
33.5,11,1,5,376
33.5,11,1,6,377
33.5,11,1,7,379
33.5,11,1,8,381
33.5,11,1,9,382
33.5,11,1,10,384
33.5,11,1,11,386
33.5,11,1,12,388
33.5,11,1,13,389
33.5,11,1,14,391
33.5,11,1,15,393
33.5,11,2,0,369
33.5,11,2,1,371
33.5,11,2,2,372
33.5,11,2,3,374
33.5,11,2,4,376
33.5,11,2,5,378
33.5,11,2,6,380
33.5,11,2,7,381
33.5,11,2,8,383
33.5,11,2,9,385
33.5,11,2,10,386
33.5,11,2,11,388
33.5,11,2,12,390
33.5,11,2,13,392
33.5,11,2,14,393
33.5,11,2,15,395
33.5,11,3,0,371
33.5,11,3,1,373
33.5,11,3,2,375
33.5,11,3,3,376
33.5,11,3,4,378
33.5,11,3,5,380
33.5,11,3,6,382
33.5,11,3,7,384
33.5,11,3,8,385
33.5,11,3,9,387
33.5,11,3,10,389
33.5,11,3,11,390
33.5,11,3,12,392
33.5,11,3,13,394
33.5,11,3,14,396
33.5,11,3,15,397
33.5,11,4,0,373
33.5,11,4,1,375
33.5,11,4,2,377
33.5,11,4,3,379
33.5,11,4,4,380
33.5,11,4,5,382
33.5,11,4,6,384
33.5,11,4,7,386
33.5,11,4,8,387
33.5,11,4,9,389
33.5,11,4,10,391
33.5,11,4,11,393
33.5,11,4,12,394
33.5,11,4,13,396
33.5,11,4,14,398
33.5,11,4,15,400
33.5,11,5,0,375
33.5,11,5,1,377
33.5,11,5,2,379
33.5,11,5,3,381
33.5,11,5,4,383
33.5,11,5,5,384
33.5,11,5,6,386
33.5,11,5,7,388
33.5,11,5,8,390
33.5,11,5,9,391
33.5,11,5,10,393
33.5,11,5,11,395
33.5,11,5,12,397
33.5,11,5,13,398
33.5,11,5,14,400
33.5,11,5,15,402
33.5,11,6,0,377
33.5,11,6,1,379
33.5,11,6,2,381
33.5,11,6,3,383
33.5,11,6,4,385
33.5,11,6,5,387
33.5,11,6,6,388
33.5,11,6,7,390
33.5,11,6,8,392
33.5,11,6,9,394
33.5,11,6,10,395
33.5,11,6,11,397
33.5,11,6,12,399
33.5,11,6,13,401
33.5,11,6,14,402
33.5,11,6,15,404
33.5,11,7,0,380
33.5,11,7,1,381
33.5,11,7,2,383
33.5,11,7,3,385
33.5,11,7,4,387
33.5,11,7,5,389
33.5,11,7,6,391
33.5,11,7,7,392
33.5,11,7,8,394
33.5,11,7,9,396
33.5,11,7,10,398
33.5,11,7,11,399
33.5,11,7,12,401
33.5,11,7,13,403
33.5,11,7,14,405
33.5,11,7,15,406
33.5,11,8,0,382
33.5,11,8,1,383
33.5,11,8,2,385
33.5,11,8,3,387
33.5,11,8,4,389
33.5,11,8,5,391
33.5,11,8,6,393
33.5,11,8,7,395
33.5,11,8,8,396
33.5,11,8,9,398
33.5,11,8,10,400
33.5,11,8,11,402
33.5,11,8,12,403
33.5,11,8,13,405
33.5,11,8,14,407
33.5,11,8,15,409
33.5,11,9,0,384
33.5,11,9,1,386
33.5,11,9,2,387
33.5,11,9,3,389
33.5,11,9,4,391
33.5,11,9,5,393
33.5,11,9,6,395
33.5,11,9,7,397
33.5,11,9,8,398
33.5,11,9,9,400
33.5,11,9,10,402
33.5,11,9,11,404
33.5,11,9,12,406
33.5,11,9,13,407
33.5,11,9,14,409
33.5,11,9,15,411
33.5,11,10,0,386
33.5,11,10,1,388
33.5,11,10,2,390
33.5,11,10,3,391
33.5,11,10,4,393
33.5,11,10,5,395
33.5,11,10,6,397
33.5,11,10,7,399
33.5,11,10,8,401
33.5,11,10,9,402
33.5,11,10,10,404
33.5,11,10,11,406
33.5,11,10,12,408
33.5,11,10,13,410
33.5,11,10,14,411
33.5,11,10,15,413
33.5,11,11,0,388
33.5,11,11,1,390
33.5,11,11,2,392
33.5,11,11,3,394
33.5,11,11,4,395
33.5,11,11,5,397
33.5,11,11,6,399
33.5,11,11,7,401
33.5,11,11,8,403
33.5,11,11,9,405
33.5,11,11,10,406
33.5,11,11,11,408
33.5,11,11,12,410
33.5,11,11,13,412
33.5,11,11,14,414
33.5,11,11,15,415
33.5,11,12,0,390
33.5,11,12,1,392
33.5,11,12,2,394
33.5,11,12,3,396
33.5,11,12,4,398
33.5,11,12,5,399
33.5,11,12,6,401
33.5,11,12,7,403
33.5,11,12,8,405
33.5,11,12,9,407
33.5,11,12,10,409
33.5,11,12,11,410
33.5,11,12,12,412
33.5,11,12,13,414
33.5,11,12,14,416
33.5,11,12,15,418
33.5,11,13,0,392
33.5,11,13,1,394
33.5,11,13,2,396
33.5,11,13,3,398
33.5,11,13,4,400
33.5,11,13,5,401
33.5,11,13,6,403
33.5,11,13,7,405
33.5,11,13,8,407
33.5,11,13,9,409
33.5,11,13,10,411
33.5,11,13,11,413
33.5,11,13,12,414
33.5,11,13,13,416
33.5,11,13,14,418
33.5,11,13,15,420
33.5,11,14,0,394
33.5,11,14,1,396
33.5,11,14,2,398
33.5,11,14,3,400
33.5,11,14,4,402
33.5,11,14,5,404
33.5,11,14,6,405
33.5,11,14,7,407
33.5,11,14,8,409
33.5,11,14,9,411
33.5,11,14,10,413
33.5,11,14,11,415
33.5,11,14,12,417
33.5,11,14,13,418
33.5,11,14,14,420
33.5,11,14,15,422
33.5,11,15,0,396
33.5,11,15,1,398
33.5,11,15,2,400
33.5,11,15,3,402
33.5,11,15,4,404
33.5,11,15,5,406
33.5,11,15,6,408
33.5,11,15,7,409
33.5,11,15,8,411
33.5,11,15,9,413
33.5,11,15,10,415
33.5,11,15,11,417
33.5,11,15,12,419
33.5,11,15,13,421
33.5,11,15,14,422
33.5,11,15,15,424
33.5,12,0,0,370
33.5,12,0,1,371
33.5,12,0,2,373
33.5,12,0,3,375
33.5,12,0,4,377
33.5,12,0,5,379
33.5,12,0,6,380
33.5,12,0,7,382
33.5,12,0,8,384
33.5,12,0,9,386
33.5,12,0,10,387
33.5,12,0,11,389
33.5,12,0,12,391
33.5,12,0,13,393
33.5,12,0,14,394
33.5,12,0,15,396
33.5,12,1,0,372
33.5,12,1,1,374
33.5,12,1,2,376
33.5,12,1,3,377
33.5,12,1,4,379
33.5,12,1,5,381
33.5,12,1,6,383
33.5,12,1,7,384
33.5,12,1,8,386
33.5,12,1,9,388
33.5,12,1,10,390
33.5,12,1,11,391
33.5,12,1,12,393
33.5,12,1,13,395
33.5,12,1,14,397
33.5,12,1,15,398
33.5,12,2,0,374
33.5,12,2,1,376
33.5,12,2,2,378
33.5,12,2,3,380
33.5,12,2,4,381
33.5,12,2,5,383
33.5,12,2,6,385
33.5,12,2,7,387
33.5,12,2,8,388
33.5,12,2,9,390
33.5,12,2,10,392
33.5,12,2,11,394
33.5,12,2,12,396
33.5,12,2,13,397
33.5,12,2,14,399
33.5,12,2,15,401
33.5,12,3,0,376
33.5,12,3,1,378
33.5,12,3,2,380
33.5,12,3,3,382
33.5,12,3,4,384
33.5,12,3,5,385
33.5,12,3,6,387
33.5,12,3,7,389
33.5,12,3,8,391
33.5,12,3,9,393
33.5,12,3,10,394
33.5,12,3,11,396
33.5,12,3,12,398
33.5,12,3,13,400
33.5,12,3,14,401
33.5,12,3,15,403
33.5,12,4,0,378
33.5,12,4,1,380
33.5,12,4,2,382
33.5,12,4,3,384
33.5,12,4,4,386
33.5,12,4,5,388
33.5,12,4,6,389
33.5,12,4,7,391
33.5,12,4,8,393
33.5,12,4,9,395
33.5,12,4,10,397
33.5,12,4,11,398
33.5,12,4,12,400
33.5,12,4,13,402
33.5,12,4,14,404
33.5,12,4,15,405
33.5,12,5,0,381
33.5,12,5,1,382
33.5,12,5,2,384
33.5,12,5,3,386
33.5,12,5,4,388
33.5,12,5,5,390
33.5,12,5,6,392
33.5,12,5,7,393
33.5,12,5,8,395
33.5,12,5,9,397
33.5,12,5,10,399
33.5,12,5,11,401
33.5,12,5,12,402
33.5,12,5,13,404
33.5,12,5,14,406
33.5,12,5,15,408
33.5,12,6,0,383
33.5,12,6,1,385
33.5,12,6,2,387
33.5,12,6,3,388
33.5,12,6,4,390
33.5,12,6,5,392
33.5,12,6,6,394
33.5,12,6,7,396
33.5,12,6,8,398
33.5,12,6,9,399
33.5,12,6,10,401
33.5,12,6,11,403
33.5,12,6,12,405
33.5,12,6,13,406
33.5,12,6,14,408
33.5,12,6,15,410
33.5,12,7,0,385
33.5,12,7,1,387
33.5,12,7,2,389
33.5,12,7,3,391
33.5,12,7,4,392
33.5,12,7,5,394
33.5,12,7,6,396
33.5,12,7,7,398
33.5,12,7,8,400
33.5,12,7,9,402
33.5,12,7,10,403
33.5,12,7,11,405
33.5,12,7,12,407
33.5,12,7,13,409
33.5,12,7,14,411
33.5,12,7,15,412
33.5,12,8,0,387
33.5,12,8,1,389
33.5,12,8,2,391
33.5,12,8,3,393
33.5,12,8,4,395
33.5,12,8,5,396
33.5,12,8,6,398
33.5,12,8,7,400
33.5,12,8,8,402
33.5,12,8,9,404
33.5,12,8,10,406
33.5,12,8,11,407
33.5,12,8,12,409
33.5,12,8,13,411
33.5,12,8,14,413
33.5,12,8,15,415
33.5,12,9,0,389
33.5,12,9,1,391
33.5,12,9,2,393
33.5,12,9,3,395
33.5,12,9,4,397
33.5,12,9,5,399
33.5,12,9,6,400
33.5,12,9,7,402
33.5,12,9,8,404
33.5,12,9,9,406
33.5,12,9,10,408
33.5,12,9,11,410
33.5,12,9,12,411
33.5,12,9,13,413
33.5,12,9,14,415
33.5,12,9,15,417
33.5,12,10,0,391
33.5,12,10,1,393
33.5,12,10,2,395
33.5,12,10,3,397
33.5,12,10,4,399
33.5,12,10,5,401
33.5,12,10,6,403
33.5,12,10,7,405
33.5,12,10,8,406
33.5,12,10,9,408
33.5,12,10,10,410
33.5,12,10,11,412
33.5,12,10,12,414
33.5,12,10,13,416
33.5,12,10,14,417
33.5,12,10,15,419
33.5,12,11,0,393
33.5,12,11,1,395
33.5,12,11,2,397
33.5,12,11,3,399
33.5,12,11,4,401
33.5,12,11,5,403
33.5,12,11,6,405
33.5,12,11,7,407
33.5,12,11,8,409
33.5,12,11,9,410
33.5,12,11,10,412
33.5,12,11,11,414
33.5,12,11,12,416
33.5,12,11,13,418
33.5,12,11,14,420
33.5,12,11,15,421
33.5,12,12,0,396
33.5,12,12,1,397
33.5,12,12,2,399
33.5,12,12,3,401
33.5,12,12,4,403
33.5,12,12,5,405
33.5,12,12,6,407
33.5,12,12,7,409
33.5,12,12,8,411
33.5,12,12,9,413
33.5,12,12,10,414
33.5,12,12,11,416
33.5,12,12,12,418
33.5,12,12,13,420
33.5,12,12,14,422
33.5,12,12,15,424
33.5,12,13,0,398
33.5,12,13,1,400
33.5,12,13,2,401
33.5,12,13,3,403
33.5,12,13,4,405
33.5,12,13,5,407
33.5,12,13,6,409
33.5,12,13,7,411
33.5,12,13,8,413
33.5,12,13,9,415
33.5,12,13,10,417
33.5,12,13,11,418
33.5,12,13,12,420
33.5,12,13,13,422
33.5,12,13,14,424
33.5,12,13,15,426
33.5,12,14,0,400
33.5,12,14,1,402
33.5,12,14,2,404
33.5,12,14,3,405
33.5,12,14,4,407
33.5,12,14,5,409
33.5,12,14,6,411
33.5,12,14,7,413
33.5,12,14,8,415
33.5,12,14,9,417
33.5,12,14,10,419
33.5,12,14,11,421
33.5,12,14,12,423
33.5,12,14,13,424
33.5,12,14,14,426
33.5,12,14,15,428
33.5,12,15,0,402
33.5,12,15,1,404
33.5,12,15,2,406
33.5,12,15,3,408
33.5,12,15,4,410
33.5,12,15,5,411
33.5,12,15,6,413
33.5,12,15,7,415
33.5,12,15,8,417
33.5,12,15,9,419
33.5,12,15,10,421
33.5,12,15,11,423
33.5,12,15,12,425
33.5,12,15,13,427
33.5,12,15,14,428
33.5,12,15,15,430
33.5,13,0,0,375
33.5,13,0,1,377
33.5,13,0,2,379
33.5,13,0,3,380
33.5,13,0,4,382
33.5,13,0,5,384
33.5,13,0,6,386
33.5,13,0,7,388
33.5,13,0,8,389
33.5,13,0,9,391
33.5,13,0,10,393
33.5,13,0,11,395
33.5,13,0,12,396
33.5,13,0,13,398
33.5,13,0,14,400
33.5,13,0,15,402
33.5,13,1,0,377
33.5,13,1,1,379
33.5,13,1,2,381
33.5,13,1,3,383
33.5,13,1,4,384
33.5,13,1,5,386
33.5,13,1,6,388
33.5,13,1,7,390
33.5,13,1,8,392
33.5,13,1,9,393
33.5,13,1,10,395
33.5,13,1,11,397
33.5,13,1,12,399
33.5,13,1,13,400
33.5,13,1,14,402
33.5,13,1,15,404
33.5,13,2,0,379
33.5,13,2,1,381
33.5,13,2,2,383
33.5,13,2,3,385
33.5,13,2,4,387
33.5,13,2,5,389
33.5,13,2,6,390
33.5,13,2,7,392
33.5,13,2,8,394
33.5,13,2,9,396
33.5,13,2,10,398
33.5,13,2,11,399
33.5,13,2,12,401
33.5,13,2,13,403
33.5,13,2,14,405
33.5,13,2,15,406
33.5,13,3,0,382
33.5,13,3,1,383
33.5,13,3,2,385
33.5,13,3,3,387
33.5,13,3,4,389
33.5,13,3,5,391
33.5,13,3,6,393
33.5,13,3,7,394
33.5,13,3,8,396
33.5,13,3,9,398
33.5,13,3,10,400
33.5,13,3,11,402
33.5,13,3,12,403
33.5,13,3,13,405
33.5,13,3,14,407
33.5,13,3,15,409
33.5,13,4,0,384
33.5,13,4,1,386
33.5,13,4,2,388
33.5,13,4,3,389
33.5,13,4,4,391
33.5,13,4,5,393
33.5,13,4,6,395
33.5,13,4,7,397
33.5,13,4,8,399
33.5,13,4,9,400
33.5,13,4,10,402
33.5,13,4,11,404
33.5,13,4,12,406
33.5,13,4,13,408
33.5,13,4,14,409
33.5,13,4,15,411
33.5,13,5,0,386
33.5,13,5,1,388
33.5,13,5,2,390
33.5,13,5,3,392
33.5,13,5,4,394
33.5,13,5,5,395
33.5,13,5,6,397
33.5,13,5,7,399
33.5,13,5,8,401
33.5,13,5,9,403
33.5,13,5,10,405
33.5,13,5,11,406
33.5,13,5,12,408
33.5,13,5,13,410
33.5,13,5,14,412
33.5,13,5,15,413
33.5,13,6,0,388
33.5,13,6,1,390
33.5,13,6,2,392
33.5,13,6,3,394
33.5,13,6,4,396
33.5,13,6,5,398
33.5,13,6,6,399
33.5,13,6,7,401
33.5,13,6,8,403
33.5,13,6,9,405
33.5,13,6,10,407
33.5,13,6,11,409
33.5,13,6,12,410
33.5,13,6,13,412
33.5,13,6,14,414
33.5,13,6,15,416
33.5,13,7,0,390
33.5,13,7,1,392
33.5,13,7,2,394
33.5,13,7,3,396
33.5,13,7,4,398
33.5,13,7,5,400
33.5,13,7,6,402
33.5,13,7,7,404
33.5,13,7,8,405
33.5,13,7,9,407
33.5,13,7,10,409
33.5,13,7,11,411
33.5,13,7,12,413
33.5,13,7,13,415
33.5,13,7,14,416
33.5,13,7,15,418
33.5,13,8,0,393
33.5,13,8,1,394
33.5,13,8,2,396
33.5,13,8,3,398
33.5,13,8,4,400
33.5,13,8,5,402
33.5,13,8,6,404
33.5,13,8,7,406
33.5,13,8,8,408
33.5,13,8,9,410
33.5,13,8,10,411
33.5,13,8,11,413
33.5,13,8,12,415
33.5,13,8,13,417
33.5,13,8,14,419
33.5,13,8,15,420
33.5,13,9,0,395
33.5,13,9,1,397
33.5,13,9,2,399
33.5,13,9,3,400
33.5,13,9,4,402
33.5,13,9,5,404
33.5,13,9,6,406
33.5,13,9,7,408
33.5,13,9,8,410
33.5,13,9,9,412
33.5,13,9,10,414
33.5,13,9,11,415
33.5,13,9,12,417
33.5,13,9,13,419
33.5,13,9,14,421
33.5,13,9,15,423
33.5,13,10,0,397
33.5,13,10,1,399
33.5,13,10,2,401
33.5,13,10,3,403
33.5,13,10,4,405
33.5,13,10,5,406
33.5,13,10,6,408
33.5,13,10,7,410
33.5,13,10,8,412
33.5,13,10,9,414
33.5,13,10,10,416
33.5,13,10,11,418
33.5,13,10,12,420
33.5,13,10,13,421
33.5,13,10,14,423
33.5,13,10,15,425
33.5,13,11,0,399
33.5,13,11,1,401
33.5,13,11,2,403
33.5,13,11,3,405
33.5,13,11,4,407
33.5,13,11,5,409
33.5,13,11,6,411
33.5,13,11,7,412
33.5,13,11,8,414
33.5,13,11,9,416
33.5,13,11,10,418
33.5,13,11,11,420
33.5,13,11,12,422
33.5,13,11,13,424
33.5,13,11,14,425
33.5,13,11,15,427
33.5,13,12,0,401
33.5,13,12,1,403
33.5,13,12,2,405
33.5,13,12,3,407
33.5,13,12,4,409
33.5,13,12,5,411
33.5,13,12,6,413
33.5,13,12,7,415
33.5,13,12,8,417
33.5,13,12,9,418
33.5,13,12,10,420
33.5,13,12,11,422
33.5,13,12,12,424
33.5,13,12,13,426
33.5,13,12,14,428
33.5,13,12,15,430
33.5,13,13,0,403
33.5,13,13,1,405
33.5,13,13,2,407
33.5,13,13,3,409
33.5,13,13,4,411
33.5,13,13,5,413
33.5,13,13,6,415
33.5,13,13,7,417
33.5,13,13,8,419
33.5,13,13,9,421
33.5,13,13,10,423
33.5,13,13,11,424
33.5,13,13,12,426
33.5,13,13,13,428
33.5,13,13,14,430
33.5,13,13,15,432
33.5,13,14,0,405
33.5,13,14,1,407
33.5,13,14,2,409
33.5,13,14,3,411
33.5,13,14,4,413
33.5,13,14,5,415
33.5,13,14,6,417
33.5,13,14,7,419
33.5,13,14,8,421
33.5,13,14,9,423
33.5,13,14,10,425
33.5,13,14,11,427
33.5,13,14,12,428
33.5,13,14,13,430
33.5,13,14,14,432
33.5,13,14,15,434
33.5,13,15,0,407
33.5,13,15,1,409
33.5,13,15,2,411
33.5,13,15,3,413
33.5,13,15,4,415
33.5,13,15,5,417
33.5,13,15,6,419
33.5,13,15,7,421
33.5,13,15,8,423
33.5,13,15,9,425
33.5,13,15,10,427
33.5,13,15,11,429
33.5,13,15,12,431
33.5,13,15,13,433
33.5,13,15,14,434
33.5,13,15,15,436
33.5,14,0,0,380
33.5,14,0,1,382
33.5,14,0,2,384
33.5,14,0,3,386
33.5,14,0,4,387
33.5,14,0,5,389
33.5,14,0,6,391
33.5,14,0,7,393
33.5,14,0,8,395
33.5,14,0,9,397
33.5,14,0,10,398
33.5,14,0,11,400
33.5,14,0,12,402
33.5,14,0,13,404
33.5,14,0,14,405
33.5,14,0,15,407
33.5,14,1,0,382
33.5,14,1,1,384
33.5,14,1,2,386
33.5,14,1,3,388
33.5,14,1,4,390
33.5,14,1,5,392
33.5,14,1,6,393
33.5,14,1,7,395
33.5,14,1,8,397
33.5,14,1,9,399
33.5,14,1,10,401
33.5,14,1,11,402
33.5,14,1,12,404
33.5,14,1,13,406
33.5,14,1,14,408
33.5,14,1,15,410
33.5,14,2,0,385
33.5,14,2,1,387
33.5,14,2,2,388
33.5,14,2,3,390
33.5,14,2,4,392
33.5,14,2,5,394
33.5,14,2,6,396
33.5,14,2,7,398
33.5,14,2,8,399
33.5,14,2,9,401
33.5,14,2,10,403
33.5,14,2,11,405
33.5,14,2,12,407
33.5,14,2,13,408
33.5,14,2,14,410
33.5,14,2,15,412
33.5,14,3,0,387
33.5,14,3,1,389
33.5,14,3,2,391
33.5,14,3,3,393
33.5,14,3,4,394
33.5,14,3,5,396
33.5,14,3,6,398
33.5,14,3,7,400
33.5,14,3,8,402
33.5,14,3,9,404
33.5,14,3,10,405
33.5,14,3,11,407
33.5,14,3,12,409
33.5,14,3,13,411
33.5,14,3,14,413
33.5,14,3,15,414
33.5,14,4,0,389
33.5,14,4,1,391
33.5,14,4,2,393
33.5,14,4,3,395
33.5,14,4,4,397
33.5,14,4,5,399
33.5,14,4,6,400
33.5,14,4,7,402
33.5,14,4,8,404
33.5,14,4,9,406
33.5,14,4,10,408
33.5,14,4,11,410
33.5,14,4,12,411
33.5,14,4,13,413
33.5,14,4,14,415
33.5,14,4,15,417
33.5,14,5,0,391
33.5,14,5,1,393
33.5,14,5,2,395
33.5,14,5,3,397
33.5,14,5,4,399
33.5,14,5,5,401
33.5,14,5,6,403
33.5,14,5,7,405
33.5,14,5,8,406
33.5,14,5,9,408
33.5,14,5,10,410
33.5,14,5,11,412
33.5,14,5,12,414
33.5,14,5,13,416
33.5,14,5,14,417
33.5,14,5,15,419
33.5,14,6,0,394
33.5,14,6,1,396
33.5,14,6,2,397
33.5,14,6,3,399
33.5,14,6,4,401
33.5,14,6,5,403
33.5,14,6,6,405
33.5,14,6,7,407
33.5,14,6,8,409
33.5,14,6,9,411
33.5,14,6,10,412
33.5,14,6,11,414
33.5,14,6,12,416
33.5,14,6,13,418
33.5,14,6,14,420
33.5,14,6,15,422
33.5,14,7,0,396
33.5,14,7,1,398
33.5,14,7,2,400
33.5,14,7,3,402
33.5,14,7,4,403
33.5,14,7,5,405
33.5,14,7,6,407
33.5,14,7,7,409
33.5,14,7,8,411
33.5,14,7,9,413
33.5,14,7,10,415
33.5,14,7,11,417
33.5,14,7,12,418
33.5,14,7,13,420
33.5,14,7,14,422
33.5,14,7,15,424
33.5,14,8,0,398
33.5,14,8,1,400
33.5,14,8,2,402
33.5,14,8,3,404
33.5,14,8,4,406
33.5,14,8,5,408
33.5,14,8,6,410
33.5,14,8,7,411
33.5,14,8,8,413
33.5,14,8,9,415
33.5,14,8,10,417
33.5,14,8,11,419
33.5,14,8,12,421
33.5,14,8,13,423
33.5,14,8,14,424
33.5,14,8,15,426
33.5,14,9,0,400
33.5,14,9,1,402
33.5,14,9,2,404
33.5,14,9,3,406
33.5,14,9,4,408
33.5,14,9,5,410
33.5,14,9,6,412
33.5,14,9,7,414
33.5,14,9,8,416
33.5,14,9,9,417
33.5,14,9,10,419
33.5,14,9,11,421
33.5,14,9,12,423
33.5,14,9,13,425
33.5,14,9,14,427
33.5,14,9,15,429
33.5,14,10,0,402
33.5,14,10,1,404
33.5,14,10,2,406
33.5,14,10,3,408
33.5,14,10,4,410
33.5,14,10,5,412
33.5,14,10,6,414
33.5,14,10,7,416
33.5,14,10,8,418
33.5,14,10,9,420
33.5,14,10,10,422
33.5,14,10,11,424
33.5,14,10,12,425
33.5,14,10,13,427
33.5,14,10,14,429
33.5,14,10,15,431
33.5,14,11,0,405
33.5,14,11,1,406
33.5,14,11,2,408
33.5,14,11,3,410
33.5,14,11,4,412
33.5,14,11,5,414
33.5,14,11,6,416
33.5,14,11,7,418
33.5,14,11,8,420
33.5,14,11,9,422
33.5,14,11,10,424
33.5,14,11,11,426
33.5,14,11,12,428
33.5,14,11,13,430
33.5,14,11,14,431
33.5,14,11,15,433
33.5,14,12,0,407
33.5,14,12,1,409
33.5,14,12,2,411
33.5,14,12,3,413
33.5,14,12,4,415
33.5,14,12,5,417
33.5,14,12,6,418
33.5,14,12,7,420
33.5,14,12,8,422
33.5,14,12,9,424
33.5,14,12,10,426
33.5,14,12,11,428
33.5,14,12,12,430
33.5,14,12,13,432
33.5,14,12,14,434
33.5,14,12,15,436
33.5,14,13,0,409
33.5,14,13,1,411
33.5,14,13,2,413
33.5,14,13,3,415
33.5,14,13,4,417
33.5,14,13,5,419
33.5,14,13,6,421
33.5,14,13,7,423
33.5,14,13,8,425
33.5,14,13,9,426
33.5,14,13,10,428
33.5,14,13,11,430
33.5,14,13,12,432
33.5,14,13,13,434
33.5,14,13,14,436
33.5,14,13,15,438
33.5,14,14,0,411
33.5,14,14,1,413
33.5,14,14,2,415
33.5,14,14,3,417
33.5,14,14,4,419
33.5,14,14,5,421
33.5,14,14,6,423
33.5,14,14,7,425
33.5,14,14,8,427
33.5,14,14,9,429
33.5,14,14,10,431
33.5,14,14,11,433
33.5,14,14,12,434
33.5,14,14,13,436
33.5,14,14,14,438
33.5,14,14,15,440
33.5,14,15,0,413
33.5,14,15,1,415
33.5,14,15,2,417
33.5,14,15,3,419
33.5,14,15,4,421
33.5,14,15,5,423
33.5,14,15,6,425
33.5,14,15,7,427
33.5,14,15,8,429
33.5,14,15,9,431
33.5,14,15,10,433
33.5,14,15,11,435
33.5,14,15,12,437
33.5,14,15,13,439
33.5,14,15,14,441
33.5,14,15,15,442
33.5,15,0,0,385
33.5,15,0,1,387
33.5,15,0,2,389
33.5,15,0,3,391
33.5,15,0,4,393
33.5,15,0,5,395
33.5,15,0,6,396
33.5,15,0,7,398
33.5,15,0,8,400
33.5,15,0,9,402
33.5,15,0,10,404
33.5,15,0,11,406
33.5,15,0,12,407
33.5,15,0,13,409
33.5,15,0,14,411
33.5,15,0,15,413
33.5,15,1,0,388
33.5,15,1,1,390
33.5,15,1,2,391
33.5,15,1,3,393
33.5,15,1,4,395
33.5,15,1,5,397
33.5,15,1,6,399
33.5,15,1,7,401
33.5,15,1,8,403
33.5,15,1,9,404
33.5,15,1,10,406
33.5,15,1,11,408
33.5,15,1,12,410
33.5,15,1,13,412
33.5,15,1,14,413
33.5,15,1,15,415
33.5,15,2,0,390
33.5,15,2,1,392
33.5,15,2,2,394
33.5,15,2,3,396
33.5,15,2,4,397
33.5,15,2,5,399
33.5,15,2,6,401
33.5,15,2,7,403
33.5,15,2,8,405
33.5,15,2,9,407
33.5,15,2,10,409
33.5,15,2,11,410
33.5,15,2,12,412
33.5,15,2,13,414
33.5,15,2,14,416
33.5,15,2,15,418
33.5,15,3,0,392
33.5,15,3,1,394
33.5,15,3,2,396
33.5,15,3,3,398
33.5,15,3,4,400
33.5,15,3,5,402
33.5,15,3,6,404
33.5,15,3,7,405
33.5,15,3,8,407
33.5,15,3,9,409
33.5,15,3,10,411
33.5,15,3,11,413
33.5,15,3,12,415
33.5,15,3,13,416
33.5,15,3,14,418
33.5,15,3,15,420
33.5,15,4,0,394
33.5,15,4,1,396
33.5,15,4,2,398
33.5,15,4,3,400
33.5,15,4,4,402
33.5,15,4,5,404
33.5,15,4,6,406
33.5,15,4,7,408
33.5,15,4,8,410
33.5,15,4,9,412
33.5,15,4,10,413
33.5,15,4,11,415
33.5,15,4,12,417
33.5,15,4,13,419
33.5,15,4,14,421
33.5,15,4,15,423
33.5,15,5,0,397
33.5,15,5,1,399
33.5,15,5,2,401
33.5,15,5,3,403
33.5,15,5,4,404
33.5,15,5,5,406
33.5,15,5,6,408
33.5,15,5,7,410
33.5,15,5,8,412
33.5,15,5,9,414
33.5,15,5,10,416
33.5,15,5,11,418
33.5,15,5,12,419
33.5,15,5,13,421
33.5,15,5,14,423
33.5,15,5,15,425
33.5,15,6,0,399
33.5,15,6,1,401
33.5,15,6,2,403
33.5,15,6,3,405
33.5,15,6,4,407
33.5,15,6,5,409
33.5,15,6,6,411
33.5,15,6,7,412
33.5,15,6,8,414
33.5,15,6,9,416
33.5,15,6,10,418
33.5,15,6,11,420
33.5,15,6,12,422
33.5,15,6,13,424
33.5,15,6,14,426
33.5,15,6,15,427
33.5,15,7,0,401
33.5,15,7,1,403
33.5,15,7,2,405
33.5,15,7,3,407
33.5,15,7,4,409
33.5,15,7,5,411
33.5,15,7,6,413
33.5,15,7,7,415
33.5,15,7,8,417
33.5,15,7,9,419
33.5,15,7,10,420
33.5,15,7,11,422
33.5,15,7,12,424
33.5,15,7,13,426
33.5,15,7,14,428
33.5,15,7,15,430
33.5,15,8,0,403
33.5,15,8,1,405
33.5,15,8,2,407
33.5,15,8,3,409
33.5,15,8,4,411
33.5,15,8,5,413
33.5,15,8,6,415
33.5,15,8,7,417
33.5,15,8,8,419
33.5,15,8,9,421
33.5,15,8,10,423
33.5,15,8,11,425
33.5,15,8,12,427
33.5,15,8,13,428
33.5,15,8,14,430
33.5,15,8,15,432
33.5,15,9,0,406
33.5,15,9,1,408
33.5,15,9,2,410
33.5,15,9,3,412
33.5,15,9,4,414
33.5,15,9,5,416
33.5,15,9,6,417
33.5,15,9,7,419
33.5,15,9,8,421
33.5,15,9,9,423
33.5,15,9,10,425
33.5,15,9,11,427
33.5,15,9,12,429
33.5,15,9,13,431
33.5,15,9,14,433
33.5,15,9,15,435
33.5,15,10,0,408
33.5,15,10,1,410
33.5,15,10,2,412
33.5,15,10,3,414
33.5,15,10,4,416
33.5,15,10,5,418
33.5,15,10,6,420
33.5,15,10,7,422
33.5,15,10,8,424
33.5,15,10,9,426
33.5,15,10,10,427
33.5,15,10,11,429
33.5,15,10,12,431
33.5,15,10,13,433
33.5,15,10,14,435
33.5,15,10,15,437
33.5,15,11,0,410
33.5,15,11,1,412
33.5,15,11,2,414
33.5,15,11,3,416
33.5,15,11,4,418
33.5,15,11,5,420
33.5,15,11,6,422
33.5,15,11,7,424
33.5,15,11,8,426
33.5,15,11,9,428
33.5,15,11,10,430
33.5,15,11,11,432
33.5,15,11,12,434
33.5,15,11,13,435
33.5,15,11,14,437
33.5,15,11,15,439
33.5,15,12,0,412
33.5,15,12,1,414
33.5,15,12,2,416
33.5,15,12,3,418
33.5,15,12,4,420
33.5,15,12,5,422
33.5,15,12,6,424
33.5,15,12,7,426
33.5,15,12,8,428
33.5,15,12,9,430
33.5,15,12,10,432
33.5,15,12,11,434
33.5,15,12,12,436
33.5,15,12,13,438
33.5,15,12,14,440
33.5,15,12,15,442
33.5,15,13,0,414
33.5,15,13,1,416
33.5,15,13,2,418
33.5,15,13,3,420
33.5,15,13,4,422
33.5,15,13,5,424
33.5,15,13,6,426
33.5,15,13,7,428
33.5,15,13,8,430
33.5,15,13,9,432
33.5,15,13,10,434
33.5,15,13,11,436
33.5,15,13,12,438
33.5,15,13,13,440
33.5,15,13,14,442
33.5,15,13,15,444
33.5,15,14,0,417
33.5,15,14,1,419
33.5,15,14,2,421
33.5,15,14,3,423
33.5,15,14,4,425
33.5,15,14,5,427
33.5,15,14,6,429
33.5,15,14,7,431
33.5,15,14,8,433
33.5,15,14,9,435
33.5,15,14,10,437
33.5,15,14,11,438
33.5,15,14,12,440
33.5,15,14,13,442
33.5,15,14,14,444
33.5,15,14,15,446
33.5,15,15,0,419
33.5,15,15,1,421
33.5,15,15,2,423
33.5,15,15,3,425
33.5,15,15,4,427
33.5,15,15,5,429
33.5,15,15,6,431
33.5,15,15,7,433
33.5,15,15,8,435
33.5,15,15,9,437
33.5,15,15,10,439
33.5,15,15,11,441
33.5,15,15,12,443
33.5,15,15,13,445
33.5,15,15,14,447
33.5,15,15,15,448
34.0,0,0,0,310
34.0,0,0,1,311
34.0,0,0,2,313
34.0,0,0,3,314
34.0,0,0,4,316
34.0,0,0,5,317
34.0,0,0,6,318
34.0,0,0,7,320
34.0,0,0,8,321
34.0,0,0,9,323
34.0,0,0,10,324
34.0,0,0,11,326
34.0,0,0,12,327
34.0,0,0,13,329
34.0,0,0,14,330
34.0,0,0,15,332
34.0,0,1,0,311
34.0,0,1,1,313
34.0,0,1,2,314
34.0,0,1,3,316
34.0,0,1,4,317
34.0,0,1,5,319
34.0,0,1,6,320
34.0,0,1,7,322
34.0,0,1,8,323
34.0,0,1,9,325
34.0,0,1,10,326
34.0,0,1,11,328
34.0,0,1,12,329
34.0,0,1,13,331
34.0,0,1,14,332
34.0,0,1,15,334
34.0,0,2,0,313
34.0,0,2,1,315
34.0,0,2,2,316
34.0,0,2,3,318
34.0,0,2,4,319
34.0,0,2,5,321
34.0,0,2,6,322
34.0,0,2,7,324
34.0,0,2,8,325
34.0,0,2,9,327
34.0,0,2,10,328
34.0,0,2,11,330
34.0,0,2,12,331
34.0,0,2,13,333
34.0,0,2,14,334
34.0,0,2,15,335
34.0,0,3,0,315
34.0,0,3,1,317
34.0,0,3,2,318
34.0,0,3,3,320
34.0,0,3,4,321
34.0,0,3,5,323
34.0,0,3,6,324
34.0,0,3,7,326
34.0,0,3,8,327
34.0,0,3,9,329
34.0,0,3,10,330
34.0,0,3,11,332
34.0,0,3,12,333
34.0,0,3,13,335
34.0,0,3,14,336
34.0,0,3,15,337
34.0,0,4,0,317
34.0,0,4,1,318
34.0,0,4,2,320
34.0,0,4,3,322
34.0,0,4,4,323
34.0,0,4,5,325
34.0,0,4,6,326
34.0,0,4,7,328
34.0,0,4,8,329
34.0,0,4,9,331
34.0,0,4,10,332
34.0,0,4,11,334
34.0,0,4,12,335
34.0,0,4,13,337
34.0,0,4,14,338
34.0,0,4,15,339
34.0,0,5,0,319
34.0,0,5,1,320
34.0,0,5,2,322
34.0,0,5,3,323
34.0,0,5,4,325
34.0,0,5,5,326
34.0,0,5,6,328
34.0,0,5,7,329
34.0,0,5,8,331
34.0,0,5,9,332
34.0,0,5,10,334
34.0,0,5,11,335
34.0,0,5,12,337
34.0,0,5,13,338
34.0,0,5,14,340
34.0,0,5,15,341
34.0,0,6,0,321
34.0,0,6,1,322
34.0,0,6,2,324
34.0,0,6,3,325
34.0,0,6,4,327
34.0,0,6,5,328
34.0,0,6,6,330
34.0,0,6,7,331
34.0,0,6,8,333
34.0,0,6,9,334
34.0,0,6,10,336
34.0,0,6,11,337
34.0,0,6,12,339
34.0,0,6,13,340
34.0,0,6,14,342
34.0,0,6,15,343
34.0,0,7,0,322
34.0,0,7,1,324
34.0,0,7,2,325
34.0,0,7,3,327
34.0,0,7,4,329
34.0,0,7,5,330
34.0,0,7,6,332
34.0,0,7,7,333
34.0,0,7,8,335
34.0,0,7,9,336
34.0,0,7,10,338
34.0,0,7,11,339
34.0,0,7,12,341
34.0,0,7,13,342
34.0,0,7,14,344
34.0,0,7,15,345
34.0,0,8,0,324
34.0,0,8,1,326
34.0,0,8,2,327
34.0,0,8,3,329
34.0,0,8,4,330
34.0,0,8,5,332
34.0,0,8,6,334
34.0,0,8,7,335
34.0,0,8,8,337
34.0,0,8,9,338
34.0,0,8,10,340
34.0,0,8,11,341
34.0,0,8,12,343
34.0,0,8,13,344
34.0,0,8,14,346
34.0,0,8,15,347
34.0,0,9,0,326
34.0,0,9,1,327
34.0,0,9,2,329
34.0,0,9,3,331
34.0,0,9,4,332
34.0,0,9,5,334
34.0,0,9,6,335
34.0,0,9,7,337
34.0,0,9,8,338
34.0,0,9,9,340
34.0,0,9,10,342
34.0,0,9,11,343
34.0,0,9,12,345
34.0,0,9,13,346
34.0,0,9,14,348
34.0,0,9,15,349
34.0,0,10,0,328
34.0,0,10,1,329
34.0,0,10,2,331
34.0,0,10,3,332
34.0,0,10,4,334
34.0,0,10,5,336
34.0,0,10,6,337
34.0,0,10,7,339
34.0,0,10,8,340
34.0,0,10,9,342
34.0,0,10,10,343
34.0,0,10,11,345
34.0,0,10,12,346
34.0,0,10,13,348
34.0,0,10,14,349
34.0,0,10,15,351
34.0,0,11,0,329
34.0,0,11,1,331
34.0,0,11,2,333
34.0,0,11,3,334
34.0,0,11,4,336
34.0,0,11,5,337
34.0,0,11,6,339
34.0,0,11,7,341
34.0,0,11,8,342
34.0,0,11,9,344
34.0,0,11,10,345
34.0,0,11,11,347
34.0,0,11,12,348
34.0,0,11,13,350
34.0,0,11,14,351
34.0,0,11,15,353
34.0,0,12,0,331
34.0,0,12,1,333
34.0,0,12,2,334
34.0,0,12,3,336
34.0,0,12,4,338
34.0,0,12,5,339
34.0,0,12,6,341
34.0,0,12,7,342
34.0,0,12,8,344
34.0,0,12,9,345
34.0,0,12,10,347
34.0,0,12,11,349
34.0,0,12,12,350
34.0,0,12,13,352
34.0,0,12,14,353
34.0,0,12,15,355
34.0,0,13,0,333
34.0,0,13,1,335
34.0,0,13,2,336
34.0,0,13,3,338
34.0,0,13,4,339
34.0,0,13,5,341
34.0,0,13,6,343
34.0,0,13,7,344
34.0,0,13,8,346
34.0,0,13,9,347
34.0,0,13,10,349
34.0,0,13,11,350
34.0,0,13,12,352
34.0,0,13,13,354
34.0,0,13,14,355
34.0,0,13,15,357
34.0,0,14,0,335
34.0,0,14,1,336
34.0,0,14,2,338
34.0,0,14,3,340
34.0,0,14,4,341
34.0,0,14,5,343
34.0,0,14,6,344
34.0,0,14,7,346
34.0,0,14,8,348
34.0,0,14,9,349
34.0,0,14,10,351
34.0,0,14,11,352
34.0,0,14,12,354
34.0,0,14,13,355
34.0,0,14,14,357
34.0,0,14,15,358
34.0,0,15,0,336
34.0,0,15,1,338
34.0,0,15,2,340
34.0,0,15,3,341
34.0,0,15,4,343
34.0,0,15,5,345
34.0,0,15,6,346
34.0,0,15,7,348
34.0,0,15,8,349
34.0,0,15,9,351
34.0,0,15,10,352
34.0,0,15,11,354
34.0,0,15,12,356
34.0,0,15,13,357
34.0,0,15,14,359
34.0,0,15,15,360
34.0,1,0,0,315
34.0,1,0,1,316
34.0,1,0,2,318
34.0,1,0,3,319
34.0,1,0,4,321
34.0,1,0,5,322
34.0,1,0,6,324
34.0,1,0,7,325
34.0,1,0,8,327
34.0,1,0,9,328
34.0,1,0,10,330
34.0,1,0,11,331
34.0,1,0,12,333
34.0,1,0,13,334
34.0,1,0,14,336
34.0,1,0,15,337
34.0,1,1,0,317
34.0,1,1,1,318
34.0,1,1,2,320
34.0,1,1,3,321
34.0,1,1,4,323
34.0,1,1,5,324
34.0,1,1,6,326
34.0,1,1,7,327
34.0,1,1,8,329
34.0,1,1,9,330
34.0,1,1,10,332
34.0,1,1,11,333
34.0,1,1,12,335
34.0,1,1,13,336
34.0,1,1,14,338
34.0,1,1,15,339
34.0,1,2,0,319
34.0,1,2,1,320
34.0,1,2,2,322
34.0,1,2,3,323
34.0,1,2,4,325
34.0,1,2,5,326
34.0,1,2,6,328
34.0,1,2,7,329
34.0,1,2,8,331
34.0,1,2,9,332
34.0,1,2,10,334
34.0,1,2,11,335
34.0,1,2,12,337
34.0,1,2,13,338
34.0,1,2,14,340
34.0,1,2,15,341
34.0,1,3,0,320
34.0,1,3,1,322
34.0,1,3,2,324
34.0,1,3,3,325
34.0,1,3,4,327
34.0,1,3,5,328
34.0,1,3,6,330
34.0,1,3,7,331
34.0,1,3,8,333
34.0,1,3,9,334
34.0,1,3,10,336
34.0,1,3,11,337
34.0,1,3,12,339
34.0,1,3,13,340
34.0,1,3,14,342
34.0,1,3,15,343
34.0,1,4,0,322
34.0,1,4,1,324
34.0,1,4,2,325
34.0,1,4,3,327
34.0,1,4,4,329
34.0,1,4,5,330
34.0,1,4,6,332
34.0,1,4,7,333
34.0,1,4,8,335
34.0,1,4,9,336
34.0,1,4,10,338
34.0,1,4,11,339
34.0,1,4,12,341
34.0,1,4,13,342
34.0,1,4,14,344
34.0,1,4,15,345
34.0,1,5,0,324
34.0,1,5,1,326
34.0,1,5,2,327
34.0,1,5,3,329
34.0,1,5,4,330
34.0,1,5,5,332
34.0,1,5,6,334
34.0,1,5,7,335
34.0,1,5,8,337
34.0,1,5,9,338
34.0,1,5,10,340
34.0,1,5,11,341
34.0,1,5,12,343
34.0,1,5,13,344
34.0,1,5,14,346
34.0,1,5,15,347
34.0,1,6,0,326
34.0,1,6,1,328
34.0,1,6,2,329
34.0,1,6,3,331
34.0,1,6,4,332
34.0,1,6,5,334
34.0,1,6,6,335
34.0,1,6,7,337
34.0,1,6,8,339
34.0,1,6,9,340
34.0,1,6,10,342
34.0,1,6,11,343
34.0,1,6,12,345
34.0,1,6,13,346
34.0,1,6,14,348
34.0,1,6,15,349
34.0,1,7,0,328
34.0,1,7,1,329
34.0,1,7,2,331
34.0,1,7,3,333
34.0,1,7,4,334
34.0,1,7,5,336
34.0,1,7,6,337
34.0,1,7,7,339
34.0,1,7,8,340
34.0,1,7,9,342
34.0,1,7,10,344
34.0,1,7,11,345
34.0,1,7,12,347
34.0,1,7,13,348
34.0,1,7,14,350
34.0,1,7,15,351
34.0,1,8,0,330
34.0,1,8,1,331
34.0,1,8,2,333
34.0,1,8,3,334
34.0,1,8,4,336
34.0,1,8,5,338
34.0,1,8,6,339
34.0,1,8,7,341
34.0,1,8,8,342
34.0,1,8,9,344
34.0,1,8,10,345
34.0,1,8,11,347
34.0,1,8,12,348
34.0,1,8,13,350
34.0,1,8,14,352
34.0,1,8,15,353
34.0,1,9,0,331
34.0,1,9,1,333
34.0,1,9,2,335
34.0,1,9,3,336
34.0,1,9,4,338
34.0,1,9,5,339
34.0,1,9,6,341
34.0,1,9,7,343
34.0,1,9,8,344
34.0,1,9,9,346
34.0,1,9,10,347
34.0,1,9,11,349
34.0,1,9,12,350
34.0,1,9,13,352
34.0,1,9,14,353
34.0,1,9,15,355
34.0,1,10,0,333
34.0,1,10,1,335
34.0,1,10,2,336
34.0,1,10,3,338
34.0,1,10,4,340
34.0,1,10,5,341
34.0,1,10,6,343
34.0,1,10,7,344
34.0,1,10,8,346
34.0,1,10,9,348
34.0,1,10,10,349
34.0,1,10,11,351
34.0,1,10,12,352
34.0,1,10,13,354
34.0,1,10,14,355
34.0,1,10,15,357
34.0,1,11,0,335
34.0,1,11,1,337
34.0,1,11,2,338
34.0,1,11,3,340
34.0,1,11,4,342
34.0,1,11,5,343
34.0,1,11,6,345
34.0,1,11,7,346
34.0,1,11,8,348
34.0,1,11,9,349
34.0,1,11,10,351
34.0,1,11,11,353
34.0,1,11,12,354
34.0,1,11,13,356
34.0,1,11,14,357
34.0,1,11,15,359
34.0,1,12,0,337
34.0,1,12,1,338
34.0,1,12,2,340
34.0,1,12,3,342
34.0,1,12,4,343
34.0,1,12,5,345
34.0,1,12,6,347
34.0,1,12,7,348
34.0,1,12,8,350
34.0,1,12,9,351
34.0,1,12,10,353
34.0,1,12,11,355
34.0,1,12,12,356
34.0,1,12,13,358
34.0,1,12,14,359
34.0,1,12,15,361
34.0,1,13,0,339
34.0,1,13,1,340
34.0,1,13,2,342
34.0,1,13,3,344
34.0,1,13,4,345
34.0,1,13,5,347
34.0,1,13,6,348
34.0,1,13,7,350
34.0,1,13,8,352
34.0,1,13,9,353
34.0,1,13,10,355
34.0,1,13,11,356
34.0,1,13,12,358
34.0,1,13,13,360
34.0,1,13,14,361
34.0,1,13,15,363
34.0,1,14,0,340
34.0,1,14,1,342
34.0,1,14,2,344
34.0,1,14,3,345
34.0,1,14,4,347
34.0,1,14,5,349
34.0,1,14,6,350
34.0,1,14,7,352
34.0,1,14,8,353
34.0,1,14,9,355
34.0,1,14,10,357
34.0,1,14,11,358
34.0,1,14,12,360
34.0,1,14,13,361
34.0,1,14,14,363
34.0,1,14,15,365
34.0,1,15,0,342
34.0,1,15,1,344
34.0,1,15,2,345
34.0,1,15,3,347
34.0,1,15,4,349
34.0,1,15,5,350
34.0,1,15,6,352
34.0,1,15,7,354
34.0,1,15,8,355
34.0,1,15,9,357
34.0,1,15,10,358
34.0,1,15,11,360
34.0,1,15,12,362
34.0,1,15,13,363
34.0,1,15,14,365
34.0,1,15,15,366
34.0,2,0,0,320
34.0,2,0,1,322
34.0,2,0,2,323
34.0,2,0,3,325
34.0,2,0,4,326
34.0,2,0,5,328
34.0,2,0,6,329
34.0,2,0,7,331
34.0,2,0,8,332
34.0,2,0,9,334
34.0,2,0,10,335
34.0,2,0,11,337
34.0,2,0,12,338
34.0,2,0,13,340
34.0,2,0,14,341
34.0,2,0,15,343
34.0,2,1,0,322
34.0,2,1,1,324
34.0,2,1,2,325
34.0,2,1,3,327
34.0,2,1,4,328
34.0,2,1,5,330
34.0,2,1,6,331
34.0,2,1,7,333
34.0,2,1,8,334
34.0,2,1,9,336
34.0,2,1,10,337
34.0,2,1,11,339
34.0,2,1,12,340
34.0,2,1,13,342
34.0,2,1,14,343
34.0,2,1,15,345
34.0,2,2,0,324
34.0,2,2,1,325
34.0,2,2,2,327
34.0,2,2,3,329
34.0,2,2,4,330
34.0,2,2,5,332
34.0,2,2,6,333
34.0,2,2,7,335
34.0,2,2,8,336
34.0,2,2,9,338
34.0,2,2,10,339
34.0,2,2,11,341
34.0,2,2,12,342
34.0,2,2,13,344
34.0,2,2,14,345
34.0,2,2,15,347
34.0,2,3,0,326
34.0,2,3,1,327
34.0,2,3,2,329
34.0,2,3,3,331
34.0,2,3,4,332
34.0,2,3,5,334
34.0,2,3,6,335
34.0,2,3,7,337
34.0,2,3,8,338
34.0,2,3,9,340
34.0,2,3,10,341
34.0,2,3,11,343
34.0,2,3,12,344
34.0,2,3,13,346
34.0,2,3,14,347
34.0,2,3,15,349
34.0,2,4,0,328
34.0,2,4,1,329
34.0,2,4,2,331
34.0,2,4,3,332
34.0,2,4,4,334
34.0,2,4,5,336
34.0,2,4,6,337
34.0,2,4,7,339
34.0,2,4,8,340
34.0,2,4,9,342
34.0,2,4,10,343
34.0,2,4,11,345
34.0,2,4,12,346
34.0,2,4,13,348
34.0,2,4,14,349
34.0,2,4,15,351
34.0,2,5,0,330
34.0,2,5,1,331
34.0,2,5,2,333
34.0,2,5,3,334
34.0,2,5,4,336
34.0,2,5,5,338
34.0,2,5,6,339
34.0,2,5,7,341
34.0,2,5,8,342
34.0,2,5,9,344
34.0,2,5,10,345
34.0,2,5,11,347
34.0,2,5,12,348
34.0,2,5,13,350
34.0,2,5,14,351
34.0,2,5,15,353
34.0,2,6,0,331
34.0,2,6,1,333
34.0,2,6,2,335
34.0,2,6,3,336
34.0,2,6,4,338
34.0,2,6,5,339
34.0,2,6,6,341
34.0,2,6,7,343
34.0,2,6,8,344
34.0,2,6,9,346
34.0,2,6,10,347
34.0,2,6,11,349
34.0,2,6,12,350
34.0,2,6,13,352
34.0,2,6,14,353
34.0,2,6,15,355
34.0,2,7,0,333
34.0,2,7,1,335
34.0,2,7,2,337
34.0,2,7,3,338
34.0,2,7,4,340
34.0,2,7,5,341
34.0,2,7,6,343
34.0,2,7,7,345
34.0,2,7,8,346
34.0,2,7,9,348
34.0,2,7,10,349
34.0,2,7,11,351
34.0,2,7,12,352
34.0,2,7,13,354
34.0,2,7,14,355
34.0,2,7,15,357
34.0,2,8,0,335
34.0,2,8,1,337
34.0,2,8,2,338
34.0,2,8,3,340
34.0,2,8,4,342
34.0,2,8,5,343
34.0,2,8,6,345
34.0,2,8,7,346
34.0,2,8,8,348
34.0,2,8,9,350
34.0,2,8,10,351
34.0,2,8,11,353
34.0,2,8,12,354
34.0,2,8,13,356
34.0,2,8,14,357
34.0,2,8,15,359
34.0,2,9,0,337
34.0,2,9,1,339
34.0,2,9,2,340
34.0,2,9,3,342
34.0,2,9,4,344
34.0,2,9,5,345
34.0,2,9,6,347
34.0,2,9,7,348
34.0,2,9,8,350
34.0,2,9,9,352
34.0,2,9,10,353
34.0,2,9,11,355
34.0,2,9,12,356
34.0,2,9,13,358
34.0,2,9,14,359
34.0,2,9,15,361
34.0,2,10,0,339
34.0,2,10,1,340
34.0,2,10,2,342
34.0,2,10,3,344
34.0,2,10,4,345
34.0,2,10,5,347
34.0,2,10,6,349
34.0,2,10,7,350
34.0,2,10,8,352
34.0,2,10,9,353
34.0,2,10,10,355
34.0,2,10,11,357
34.0,2,10,12,358
34.0,2,10,13,360
34.0,2,10,14,361
34.0,2,10,15,363
34.0,2,11,0,341
34.0,2,11,1,342
34.0,2,11,2,344
34.0,2,11,3,346
34.0,2,11,4,347
34.0,2,11,5,349
34.0,2,11,6,350
34.0,2,11,7,352
34.0,2,11,8,354
34.0,2,11,9,355
34.0,2,11,10,357
34.0,2,11,11,359
34.0,2,11,12,360
34.0,2,11,13,362
34.0,2,11,14,363
34.0,2,11,15,365
34.0,2,12,0,342
34.0,2,12,1,344
34.0,2,12,2,346
34.0,2,12,3,347
34.0,2,12,4,349
34.0,2,12,5,351
34.0,2,12,6,352
34.0,2,12,7,354
34.0,2,12,8,356
34.0,2,12,9,357
34.0,2,12,10,359
34.0,2,12,11,360
34.0,2,12,12,362
34.0,2,12,13,364
34.0,2,12,14,365
34.0,2,12,15,367
34.0,2,13,0,344
34.0,2,13,1,346
34.0,2,13,2,348
34.0,2,13,3,349
34.0,2,13,4,351
34.0,2,13,5,353
34.0,2,13,6,354
34.0,2,13,7,356
34.0,2,13,8,357
34.0,2,13,9,359
34.0,2,13,10,361
34.0,2,13,11,362
34.0,2,13,12,364
34.0,2,13,13,366
34.0,2,13,14,367
34.0,2,13,15,369
34.0,2,14,0,346
34.0,2,14,1,348
34.0,2,14,2,349
34.0,2,14,3,351
34.0,2,14,4,353
34.0,2,14,5,354
34.0,2,14,6,356
34.0,2,14,7,358
34.0,2,14,8,359
34.0,2,14,9,361
34.0,2,14,10,363
34.0,2,14,11,364
34.0,2,14,12,366
34.0,2,14,13,367
34.0,2,14,14,369
34.0,2,14,15,371
34.0,2,15,0,348
34.0,2,15,1,349
34.0,2,15,2,351
34.0,2,15,3,353
34.0,2,15,4,355
34.0,2,15,5,356
34.0,2,15,6,358
34.0,2,15,7,360
34.0,2,15,8,361
34.0,2,15,9,363
34.0,2,15,10,364
34.0,2,15,11,366
34.0,2,15,12,368
34.0,2,15,13,369
34.0,2,15,14,371
34.0,2,15,15,373
34.0,3,0,0,325
34.0,3,0,1,327
34.0,3,0,2,328
34.0,3,0,3,330
34.0,3,0,4,332
34.0,3,0,5,333
34.0,3,0,6,335
34.0,3,0,7,336
34.0,3,0,8,338
34.0,3,0,9,339
34.0,3,0,10,341
34.0,3,0,11,342
34.0,3,0,12,344
34.0,3,0,13,345
34.0,3,0,14,347
34.0,3,0,15,348
34.0,3,1,0,327
34.0,3,1,1,329
34.0,3,1,2,330
34.0,3,1,3,332
34.0,3,1,4,334
34.0,3,1,5,335
34.0,3,1,6,337
34.0,3,1,7,338
34.0,3,1,8,340
34.0,3,1,9,341
34.0,3,1,10,343
34.0,3,1,11,344
34.0,3,1,12,346
34.0,3,1,13,347
34.0,3,1,14,349
34.0,3,1,15,350
34.0,3,2,0,329
34.0,3,2,1,331
34.0,3,2,2,332
34.0,3,2,3,334
34.0,3,2,4,336
34.0,3,2,5,337
34.0,3,2,6,339
34.0,3,2,7,340
34.0,3,2,8,342
34.0,3,2,9,343
34.0,3,2,10,345
34.0,3,2,11,346
34.0,3,2,12,348
34.0,3,2,13,350
34.0,3,2,14,351
34.0,3,2,15,353
34.0,3,3,0,331
34.0,3,3,1,333
34.0,3,3,2,334
34.0,3,3,3,336
34.0,3,3,4,338
34.0,3,3,5,339
34.0,3,3,6,341
34.0,3,3,7,342
34.0,3,3,8,344
34.0,3,3,9,345
34.0,3,3,10,347
34.0,3,3,11,349
34.0,3,3,12,350
34.0,3,3,13,352
34.0,3,3,14,353
34.0,3,3,15,355
34.0,3,4,0,333
34.0,3,4,1,335
34.0,3,4,2,336
34.0,3,4,3,338
34.0,3,4,4,340
34.0,3,4,5,341
34.0,3,4,6,343
34.0,3,4,7,344
34.0,3,4,8,346
34.0,3,4,9,347
34.0,3,4,10,349
34.0,3,4,11,351
34.0,3,4,12,352
34.0,3,4,13,354
34.0,3,4,14,355
34.0,3,4,15,357
34.0,3,5,0,335
34.0,3,5,1,337
34.0,3,5,2,338
34.0,3,5,3,340
34.0,3,5,4,341
34.0,3,5,5,343
34.0,3,5,6,345
34.0,3,5,7,346
34.0,3,5,8,348
34.0,3,5,9,349
34.0,3,5,10,351
34.0,3,5,11,353
34.0,3,5,12,354
34.0,3,5,13,356
34.0,3,5,14,357
34.0,3,5,15,359
34.0,3,6,0,337
34.0,3,6,1,338
34.0,3,6,2,340
34.0,3,6,3,342
34.0,3,6,4,343
34.0,3,6,5,345
34.0,3,6,6,347
34.0,3,6,7,348
34.0,3,6,8,350
34.0,3,6,9,351
34.0,3,6,10,353
34.0,3,6,11,355
34.0,3,6,12,356
34.0,3,6,13,358
34.0,3,6,14,359
34.0,3,6,15,361
34.0,3,7,0,339
34.0,3,7,1,340
34.0,3,7,2,342
34.0,3,7,3,344
34.0,3,7,4,345
34.0,3,7,5,347
34.0,3,7,6,349
34.0,3,7,7,350
34.0,3,7,8,352
34.0,3,7,9,353
34.0,3,7,10,355
34.0,3,7,11,357
34.0,3,7,12,358
34.0,3,7,13,360
34.0,3,7,14,361
34.0,3,7,15,363
34.0,3,8,0,341
34.0,3,8,1,342
34.0,3,8,2,344
34.0,3,8,3,346
34.0,3,8,4,347
34.0,3,8,5,349
34.0,3,8,6,350
34.0,3,8,7,352
34.0,3,8,8,354
34.0,3,8,9,355
34.0,3,8,10,357
34.0,3,8,11,359
34.0,3,8,12,360
34.0,3,8,13,362
34.0,3,8,14,363
34.0,3,8,15,365
34.0,3,9,0,342
34.0,3,9,1,344
34.0,3,9,2,346
34.0,3,9,3,347
34.0,3,9,4,349
34.0,3,9,5,351
34.0,3,9,6,352
34.0,3,9,7,354
34.0,3,9,8,356
34.0,3,9,9,357
34.0,3,9,10,359
34.0,3,9,11,360
34.0,3,9,12,362
34.0,3,9,13,364
34.0,3,9,14,365
34.0,3,9,15,367
34.0,3,10,0,344
34.0,3,10,1,346
34.0,3,10,2,348
34.0,3,10,3,349
34.0,3,10,4,351
34.0,3,10,5,353
34.0,3,10,6,354
34.0,3,10,7,356
34.0,3,10,8,358
34.0,3,10,9,359
34.0,3,10,10,361
34.0,3,10,11,362
34.0,3,10,12,364
34.0,3,10,13,366
34.0,3,10,14,367
34.0,3,10,15,369
34.0,3,11,0,346
34.0,3,11,1,348
34.0,3,11,2,350
34.0,3,11,3,351
34.0,3,11,4,353
34.0,3,11,5,355
34.0,3,11,6,356
34.0,3,11,7,358
34.0,3,11,8,360
34.0,3,11,9,361
34.0,3,11,10,363
34.0,3,11,11,364
34.0,3,11,12,366
34.0,3,11,13,368
34.0,3,11,14,369
34.0,3,11,15,371
34.0,3,12,0,348
34.0,3,12,1,350
34.0,3,12,2,351
34.0,3,12,3,353
34.0,3,12,4,355
34.0,3,12,5,356
34.0,3,12,6,358
34.0,3,12,7,360
34.0,3,12,8,361
34.0,3,12,9,363
34.0,3,12,10,365
34.0,3,12,11,366
34.0,3,12,12,368
34.0,3,12,13,370
34.0,3,12,14,371
34.0,3,12,15,373
34.0,3,13,0,350
34.0,3,13,1,352
34.0,3,13,2,353
34.0,3,13,3,355
34.0,3,13,4,357
34.0,3,13,5,358
34.0,3,13,6,360
34.0,3,13,7,362
34.0,3,13,8,363
34.0,3,13,9,365
34.0,3,13,10,367
34.0,3,13,11,368
34.0,3,13,12,370
34.0,3,13,13,372
34.0,3,13,14,373
34.0,3,13,15,375
34.0,3,14,0,352
34.0,3,14,1,353
34.0,3,14,2,355
34.0,3,14,3,357
34.0,3,14,4,359
34.0,3,14,5,360
34.0,3,14,6,362
34.0,3,14,7,364
34.0,3,14,8,365
34.0,3,14,9,367
34.0,3,14,10,369
34.0,3,14,11,370
34.0,3,14,12,372
34.0,3,14,13,373
34.0,3,14,14,375
34.0,3,14,15,377
34.0,3,15,0,353
34.0,3,15,1,355
34.0,3,15,2,357
34.0,3,15,3,359
34.0,3,15,4,360
34.0,3,15,5,362
34.0,3,15,6,364
34.0,3,15,7,365
34.0,3,15,8,367
34.0,3,15,9,369
34.0,3,15,10,370
34.0,3,15,11,372
34.0,3,15,12,374
34.0,3,15,13,375
34.0,3,15,14,377
34.0,3,15,15,379
34.0,4,0,0,331
34.0,4,0,1,332
34.0,4,0,2,334
34.0,4,0,3,335
34.0,4,0,4,337
34.0,4,0,5,339
34.0,4,0,6,340
34.0,4,0,7,342
34.0,4,0,8,343
34.0,4,0,9,345
34.0,4,0,10,346
34.0,4,0,11,348
34.0,4,0,12,349
34.0,4,0,13,351
34.0,4,0,14,353
34.0,4,0,15,354
34.0,4,1,0,333
34.0,4,1,1,334
34.0,4,1,2,336
34.0,4,1,3,337
34.0,4,1,4,339
34.0,4,1,5,341
34.0,4,1,6,342
34.0,4,1,7,344
34.0,4,1,8,345
34.0,4,1,9,347
34.0,4,1,10,348
34.0,4,1,11,350
34.0,4,1,12,352
34.0,4,1,13,353
34.0,4,1,14,355
34.0,4,1,15,356
34.0,4,2,0,334
34.0,4,2,1,336
34.0,4,2,2,338
34.0,4,2,3,339
34.0,4,2,4,341
34.0,4,2,5,343
34.0,4,2,6,344
34.0,4,2,7,346
34.0,4,2,8,347
34.0,4,2,9,349
34.0,4,2,10,351
34.0,4,2,11,352
34.0,4,2,12,354
34.0,4,2,13,355
34.0,4,2,14,357
34.0,4,2,15,358
34.0,4,3,0,336
34.0,4,3,1,338
34.0,4,3,2,340
34.0,4,3,3,341
34.0,4,3,4,343
34.0,4,3,5,345
34.0,4,3,6,346
34.0,4,3,7,348
34.0,4,3,8,349
34.0,4,3,9,351
34.0,4,3,10,353
34.0,4,3,11,354
34.0,4,3,12,356
34.0,4,3,13,357
34.0,4,3,14,359
34.0,4,3,15,360
34.0,4,4,0,338
34.0,4,4,1,340
34.0,4,4,2,342
34.0,4,4,3,343
34.0,4,4,4,345
34.0,4,4,5,347
34.0,4,4,6,348
34.0,4,4,7,350
34.0,4,4,8,351
34.0,4,4,9,353
34.0,4,4,10,355
34.0,4,4,11,356
34.0,4,4,12,358
34.0,4,4,13,359
34.0,4,4,14,361
34.0,4,4,15,362
34.0,4,5,0,340
34.0,4,5,1,342
34.0,4,5,2,344
34.0,4,5,3,345
34.0,4,5,4,347
34.0,4,5,5,349
34.0,4,5,6,350
34.0,4,5,7,352
34.0,4,5,8,353
34.0,4,5,9,355
34.0,4,5,10,357
34.0,4,5,11,358
34.0,4,5,12,360
34.0,4,5,13,361
34.0,4,5,14,363
34.0,4,5,15,365
34.0,4,6,0,342
34.0,4,6,1,344
34.0,4,6,2,346
34.0,4,6,3,347
34.0,4,6,4,349
34.0,4,6,5,351
34.0,4,6,6,352
34.0,4,6,7,354
34.0,4,6,8,355
34.0,4,6,9,357
34.0,4,6,10,359
34.0,4,6,11,360
34.0,4,6,12,362
34.0,4,6,13,363
34.0,4,6,14,365
34.0,4,6,15,367
34.0,4,7,0,344
34.0,4,7,1,346
34.0,4,7,2,348
34.0,4,7,3,349
34.0,4,7,4,351
34.0,4,7,5,353
34.0,4,7,6,354
34.0,4,7,7,356
34.0,4,7,8,357
34.0,4,7,9,359
34.0,4,7,10,361
34.0,4,7,11,362
34.0,4,7,12,364
34.0,4,7,13,366
34.0,4,7,14,367
34.0,4,7,15,369
34.0,4,8,0,346
34.0,4,8,1,348
34.0,4,8,2,349
34.0,4,8,3,351
34.0,4,8,4,353
34.0,4,8,5,355
34.0,4,8,6,356
34.0,4,8,7,358
34.0,4,8,8,359
34.0,4,8,9,361
34.0,4,8,10,363
34.0,4,8,11,364
34.0,4,8,12,366
34.0,4,8,13,368
34.0,4,8,14,369
34.0,4,8,15,371
34.0,4,9,0,348
34.0,4,9,1,350
34.0,4,9,2,351
34.0,4,9,3,353
34.0,4,9,4,355
34.0,4,9,5,356
34.0,4,9,6,358
34.0,4,9,7,360
34.0,4,9,8,361
34.0,4,9,9,363
34.0,4,9,10,365
34.0,4,9,11,366
34.0,4,9,12,368
34.0,4,9,13,370
34.0,4,9,14,371
34.0,4,9,15,373
34.0,4,10,0,350
34.0,4,10,1,352
34.0,4,10,2,353
34.0,4,10,3,355
34.0,4,10,4,357
34.0,4,10,5,358
34.0,4,10,6,360
34.0,4,10,7,362
34.0,4,10,8,363
34.0,4,10,9,365
34.0,4,10,10,367
34.0,4,10,11,368
34.0,4,10,12,370
34.0,4,10,13,372
34.0,4,10,14,373
34.0,4,10,15,375
34.0,4,11,0,352
34.0,4,11,1,354
34.0,4,11,2,355
34.0,4,11,3,357
34.0,4,11,4,359
34.0,4,11,5,360
34.0,4,11,6,362
34.0,4,11,7,364
34.0,4,11,8,365
34.0,4,11,9,367
34.0,4,11,10,369
34.0,4,11,11,370
34.0,4,11,12,372
34.0,4,11,13,374
34.0,4,11,14,375
34.0,4,11,15,377
34.0,4,12,0,354
34.0,4,12,1,355
34.0,4,12,2,357
34.0,4,12,3,359
34.0,4,12,4,361
34.0,4,12,5,362
34.0,4,12,6,364
34.0,4,12,7,366
34.0,4,12,8,367
34.0,4,12,9,369
34.0,4,12,10,371
34.0,4,12,11,372
34.0,4,12,12,374
34.0,4,12,13,376
34.0,4,12,14,377
34.0,4,12,15,379
34.0,4,13,0,356
34.0,4,13,1,357
34.0,4,13,2,359
34.0,4,13,3,361
34.0,4,13,4,362
34.0,4,13,5,364
34.0,4,13,6,366
34.0,4,13,7,368
34.0,4,13,8,369
34.0,4,13,9,371
34.0,4,13,10,373
34.0,4,13,11,374
34.0,4,13,12,376
34.0,4,13,13,378
34.0,4,13,14,379
34.0,4,13,15,381
34.0,4,14,0,357
34.0,4,14,1,359
34.0,4,14,2,361
34.0,4,14,3,363
34.0,4,14,4,364
34.0,4,14,5,366
34.0,4,14,6,368
34.0,4,14,7,369
34.0,4,14,8,371
34.0,4,14,9,373
34.0,4,14,10,374
34.0,4,14,11,376
34.0,4,14,12,378
34.0,4,14,13,379
34.0,4,14,14,381
34.0,4,14,15,383
34.0,4,15,0,359
34.0,4,15,1,361
34.0,4,15,2,363
34.0,4,15,3,364
34.0,4,15,4,366
34.0,4,15,5,368
34.0,4,15,6,370
34.0,4,15,7,371
34.0,4,15,8,373
34.0,4,15,9,375
34.0,4,15,10,376
34.0,4,15,11,378
34.0,4,15,12,380
34.0,4,15,13,381
34.0,4,15,14,383
34.0,4,15,15,385
34.0,5,0,0,336
34.0,5,0,1,337
34.0,5,0,2,339
34.0,5,0,3,341
34.0,5,0,4,342
34.0,5,0,5,344
34.0,5,0,6,346
34.0,5,0,7,347
34.0,5,0,8,349
34.0,5,0,9,350
34.0,5,0,10,352
34.0,5,0,11,353
34.0,5,0,12,355
34.0,5,0,13,357
34.0,5,0,14,358
34.0,5,0,15,360
34.0,5,1,0,338
34.0,5,1,1,339
34.0,5,1,2,341
34.0,5,1,3,343
34.0,5,1,4,344
34.0,5,1,5,346
34.0,5,1,6,348
34.0,5,1,7,349
34.0,5,1,8,351
34.0,5,1,9,352
34.0,5,1,10,354
34.0,5,1,11,356
34.0,5,1,12,357
34.0,5,1,13,359
34.0,5,1,14,360
34.0,5,1,15,362
34.0,5,2,0,340
34.0,5,2,1,341
34.0,5,2,2,343
34.0,5,2,3,345
34.0,5,2,4,346
34.0,5,2,5,348
34.0,5,2,6,350
34.0,5,2,7,351
34.0,5,2,8,353
34.0,5,2,9,355
34.0,5,2,10,356
34.0,5,2,11,358
34.0,5,2,12,359
34.0,5,2,13,361
34.0,5,2,14,362
34.0,5,2,15,364
34.0,5,3,0,342
34.0,5,3,1,343
34.0,5,3,2,345
34.0,5,3,3,347
34.0,5,3,4,348
34.0,5,3,5,350
34.0,5,3,6,352
34.0,5,3,7,353
34.0,5,3,8,355
34.0,5,3,9,357
34.0,5,3,10,358
34.0,5,3,11,360
34.0,5,3,12,361
34.0,5,3,13,363
34.0,5,3,14,365
34.0,5,3,15,366
34.0,5,4,0,344
34.0,5,4,1,345
34.0,5,4,2,347
34.0,5,4,3,349
34.0,5,4,4,350
34.0,5,4,5,352
34.0,5,4,6,354
34.0,5,4,7,355
34.0,5,4,8,357
34.0,5,4,9,359
34.0,5,4,10,360
34.0,5,4,11,362
34.0,5,4,12,363
34.0,5,4,13,365
34.0,5,4,14,367
34.0,5,4,15,368
34.0,5,5,0,346
34.0,5,5,1,347
34.0,5,5,2,349
34.0,5,5,3,351
34.0,5,5,4,352
34.0,5,5,5,354
34.0,5,5,6,356
34.0,5,5,7,357
34.0,5,5,8,359
34.0,5,5,9,361
34.0,5,5,10,362
34.0,5,5,11,364
34.0,5,5,12,366
34.0,5,5,13,367
34.0,5,5,14,369
34.0,5,5,15,370
34.0,5,6,0,348
34.0,5,6,1,349
34.0,5,6,2,351
34.0,5,6,3,353
34.0,5,6,4,354
34.0,5,6,5,356
34.0,5,6,6,358
34.0,5,6,7,359
34.0,5,6,8,361
34.0,5,6,9,363
34.0,5,6,10,364
34.0,5,6,11,366
34.0,5,6,12,368
34.0,5,6,13,369
34.0,5,6,14,371
34.0,5,6,15,372
34.0,5,7,0,350
34.0,5,7,1,351
34.0,5,7,2,353
34.0,5,7,3,355
34.0,5,7,4,356
34.0,5,7,5,358
34.0,5,7,6,360
34.0,5,7,7,361
34.0,5,7,8,363
34.0,5,7,9,365
34.0,5,7,10,366
34.0,5,7,11,368
34.0,5,7,12,370
34.0,5,7,13,371
34.0,5,7,14,373
34.0,5,7,15,375
34.0,5,8,0,352
34.0,5,8,1,353
34.0,5,8,2,355
34.0,5,8,3,357
34.0,5,8,4,358
34.0,5,8,5,360
34.0,5,8,6,362
34.0,5,8,7,363
34.0,5,8,8,365
34.0,5,8,9,367
34.0,5,8,10,368
34.0,5,8,11,370
34.0,5,8,12,372
34.0,5,8,13,373
34.0,5,8,14,375
34.0,5,8,15,377
34.0,5,9,0,354
34.0,5,9,1,355
34.0,5,9,2,357
34.0,5,9,3,359
34.0,5,9,4,360
34.0,5,9,5,362
34.0,5,9,6,364
34.0,5,9,7,365
34.0,5,9,8,367
34.0,5,9,9,369
34.0,5,9,10,370
34.0,5,9,11,372
34.0,5,9,12,374
34.0,5,9,13,375
34.0,5,9,14,377
34.0,5,9,15,379
34.0,5,10,0,355
34.0,5,10,1,357
34.0,5,10,2,359
34.0,5,10,3,361
34.0,5,10,4,362
34.0,5,10,5,364
34.0,5,10,6,366
34.0,5,10,7,367
34.0,5,10,8,369
34.0,5,10,9,371
34.0,5,10,10,373
34.0,5,10,11,374
34.0,5,10,12,376
34.0,5,10,13,377
34.0,5,10,14,379
34.0,5,10,15,381
34.0,5,11,0,357
34.0,5,11,1,359
34.0,5,11,2,361
34.0,5,11,3,363
34.0,5,11,4,364
34.0,5,11,5,366
34.0,5,11,6,368
34.0,5,11,7,369
34.0,5,11,8,371
34.0,5,11,9,373
34.0,5,11,10,375
34.0,5,11,11,376
34.0,5,11,12,378
34.0,5,11,13,379
34.0,5,11,14,381
34.0,5,11,15,383
34.0,5,12,0,359
34.0,5,12,1,361
34.0,5,12,2,363
34.0,5,12,3,365
34.0,5,12,4,366
34.0,5,12,5,368
34.0,5,12,6,370
34.0,5,12,7,371
34.0,5,12,8,373
34.0,5,12,9,375
34.0,5,12,10,376
34.0,5,12,11,378
34.0,5,12,12,380
34.0,5,12,13,382
34.0,5,12,14,383
34.0,5,12,15,385
34.0,5,13,0,361
34.0,5,13,1,363
34.0,5,13,2,365
34.0,5,13,3,366
34.0,5,13,4,368
34.0,5,13,5,370
34.0,5,13,6,372
34.0,5,13,7,373
34.0,5,13,8,375
34.0,5,13,9,377
34.0,5,13,10,378
34.0,5,13,11,380
34.0,5,13,12,382
34.0,5,13,13,384
34.0,5,13,14,385
34.0,5,13,15,387
34.0,5,14,0,363
34.0,5,14,1,365
34.0,5,14,2,367
34.0,5,14,3,368
34.0,5,14,4,370
34.0,5,14,5,372
34.0,5,14,6,374
34.0,5,14,7,375
34.0,5,14,8,377
34.0,5,14,9,379
34.0,5,14,10,380
34.0,5,14,11,382
34.0,5,14,12,384
34.0,5,14,13,386
34.0,5,14,14,387
34.0,5,14,15,389
34.0,5,15,0,365
34.0,5,15,1,367
34.0,5,15,2,368
34.0,5,15,3,370
34.0,5,15,4,372
34.0,5,15,5,374
34.0,5,15,6,375
34.0,5,15,7,377
34.0,5,15,8,379
34.0,5,15,9,381
34.0,5,15,10,382
34.0,5,15,11,384
34.0,5,15,12,386
34.0,5,15,13,387
34.0,5,15,14,389
34.0,5,15,15,391
34.0,6,0,0,341
34.0,6,0,1,343
34.0,6,0,2,344
34.0,6,0,3,346
34.0,6,0,4,348
34.0,6,0,5,349
34.0,6,0,6,351
34.0,6,0,7,353
34.0,6,0,8,354
34.0,6,0,9,356
34.0,6,0,10,357
34.0,6,0,11,359
34.0,6,0,12,361
34.0,6,0,13,362
34.0,6,0,14,364
34.0,6,0,15,365
34.0,6,1,0,343
34.0,6,1,1,345
34.0,6,1,2,346
34.0,6,1,3,348
34.0,6,1,4,350
34.0,6,1,5,351
34.0,6,1,6,353
34.0,6,1,7,355
34.0,6,1,8,356
34.0,6,1,9,358
34.0,6,1,10,360
34.0,6,1,11,361
34.0,6,1,12,363
34.0,6,1,13,364
34.0,6,1,14,366
34.0,6,1,15,367
34.0,6,2,0,345
34.0,6,2,1,347
34.0,6,2,2,348
34.0,6,2,3,350
34.0,6,2,4,352
34.0,6,2,5,353
34.0,6,2,6,355
34.0,6,2,7,357
34.0,6,2,8,358
34.0,6,2,9,360
34.0,6,2,10,362
34.0,6,2,11,363
34.0,6,2,12,365
34.0,6,2,13,366
34.0,6,2,14,368
34.0,6,2,15,370
34.0,6,3,0,347
34.0,6,3,1,349
34.0,6,3,2,351
34.0,6,3,3,352
34.0,6,3,4,354
34.0,6,3,5,356
34.0,6,3,6,357
34.0,6,3,7,359
34.0,6,3,8,361
34.0,6,3,9,362
34.0,6,3,10,364
34.0,6,3,11,365
34.0,6,3,12,367
34.0,6,3,13,369
34.0,6,3,14,370
34.0,6,3,15,372
34.0,6,4,0,349
34.0,6,4,1,351
34.0,6,4,2,353
34.0,6,4,3,354
34.0,6,4,4,356
34.0,6,4,5,358
34.0,6,4,6,359
34.0,6,4,7,361
34.0,6,4,8,363
34.0,6,4,9,364
34.0,6,4,10,366
34.0,6,4,11,368
34.0,6,4,12,369
34.0,6,4,13,371
34.0,6,4,14,372
34.0,6,4,15,374
34.0,6,5,0,351
34.0,6,5,1,353
34.0,6,5,2,355
34.0,6,5,3,356
34.0,6,5,4,358
34.0,6,5,5,360
34.0,6,5,6,361
34.0,6,5,7,363
34.0,6,5,8,365
34.0,6,5,9,366
34.0,6,5,10,368
34.0,6,5,11,370
34.0,6,5,12,371
34.0,6,5,13,373
34.0,6,5,14,375
34.0,6,5,15,376
34.0,6,6,0,353
34.0,6,6,1,355
34.0,6,6,2,357
34.0,6,6,3,358
34.0,6,6,4,360
34.0,6,6,5,362
34.0,6,6,6,363
34.0,6,6,7,365
34.0,6,6,8,367
34.0,6,6,9,368
34.0,6,6,10,370
34.0,6,6,11,372
34.0,6,6,12,373
34.0,6,6,13,375
34.0,6,6,14,377
34.0,6,6,15,378
34.0,6,7,0,355
34.0,6,7,1,357
34.0,6,7,2,359
34.0,6,7,3,360
34.0,6,7,4,362
34.0,6,7,5,364
34.0,6,7,6,365
34.0,6,7,7,367
34.0,6,7,8,369
34.0,6,7,9,371
34.0,6,7,10,372
34.0,6,7,11,374
34.0,6,7,12,375
34.0,6,7,13,377
34.0,6,7,14,379
34.0,6,7,15,380
34.0,6,8,0,357
34.0,6,8,1,359
34.0,6,8,2,361
34.0,6,8,3,362
34.0,6,8,4,364
34.0,6,8,5,366
34.0,6,8,6,367
34.0,6,8,7,369
34.0,6,8,8,371
34.0,6,8,9,373
34.0,6,8,10,374
34.0,6,8,11,376
34.0,6,8,12,378
34.0,6,8,13,379
34.0,6,8,14,381
34.0,6,8,15,383
34.0,6,9,0,359
34.0,6,9,1,361
34.0,6,9,2,363
34.0,6,9,3,364
34.0,6,9,4,366
34.0,6,9,5,368
34.0,6,9,6,369
34.0,6,9,7,371
34.0,6,9,8,373
34.0,6,9,9,375
34.0,6,9,10,376
34.0,6,9,11,378
34.0,6,9,12,380
34.0,6,9,13,381
34.0,6,9,14,383
34.0,6,9,15,385
34.0,6,10,0,361
34.0,6,10,1,363
34.0,6,10,2,365
34.0,6,10,3,366
34.0,6,10,4,368
34.0,6,10,5,370
34.0,6,10,6,372
34.0,6,10,7,373
34.0,6,10,8,375
34.0,6,10,9,377
34.0,6,10,10,378
34.0,6,10,11,380
34.0,6,10,12,382
34.0,6,10,13,383
34.0,6,10,14,385
34.0,6,10,15,387
34.0,6,11,0,363
34.0,6,11,1,365
34.0,6,11,2,367
34.0,6,11,3,368
34.0,6,11,4,370
34.0,6,11,5,372
34.0,6,11,6,373
34.0,6,11,7,375
34.0,6,11,8,377
34.0,6,11,9,379
34.0,6,11,10,380
34.0,6,11,11,382
34.0,6,11,12,384
34.0,6,11,13,385
34.0,6,11,14,387
34.0,6,11,15,389
34.0,6,12,0,365
34.0,6,12,1,367
34.0,6,12,2,368
34.0,6,12,3,370
34.0,6,12,4,372
34.0,6,12,5,374
34.0,6,12,6,375
34.0,6,12,7,377
34.0,6,12,8,379
34.0,6,12,9,381
34.0,6,12,10,382
34.0,6,12,11,384
34.0,6,12,12,386
34.0,6,12,13,387
34.0,6,12,14,389
34.0,6,12,15,391
34.0,6,13,0,367
34.0,6,13,1,369
34.0,6,13,2,370
34.0,6,13,3,372
34.0,6,13,4,374
34.0,6,13,5,376
34.0,6,13,6,377
34.0,6,13,7,379
34.0,6,13,8,381
34.0,6,13,9,383
34.0,6,13,10,384
34.0,6,13,11,386
34.0,6,13,12,388
34.0,6,13,13,390
34.0,6,13,14,391
34.0,6,13,15,393
34.0,6,14,0,369
34.0,6,14,1,371
34.0,6,14,2,372
34.0,6,14,3,374
34.0,6,14,4,376
34.0,6,14,5,378
34.0,6,14,6,379
34.0,6,14,7,381
34.0,6,14,8,383
34.0,6,14,9,385
34.0,6,14,10,386
34.0,6,14,11,388
34.0,6,14,12,390
34.0,6,14,13,392
34.0,6,14,14,393
34.0,6,14,15,395
34.0,6,15,0,371
34.0,6,15,1,372
34.0,6,15,2,374
34.0,6,15,3,376
34.0,6,15,4,378
34.0,6,15,5,380
34.0,6,15,6,381
34.0,6,15,7,383
34.0,6,15,8,385
34.0,6,15,9,387
34.0,6,15,10,388
34.0,6,15,11,390
34.0,6,15,12,392
34.0,6,15,13,394
34.0,6,15,14,395
34.0,6,15,15,397
34.0,7,0,0,346
34.0,7,0,1,348
34.0,7,0,2,350
34.0,7,0,3,351
34.0,7,0,4,353
34.0,7,0,5,355
34.0,7,0,6,356
34.0,7,0,7,358
34.0,7,0,8,360
34.0,7,0,9,361
34.0,7,0,10,363
34.0,7,0,11,365
34.0,7,0,12,366
34.0,7,0,13,368
34.0,7,0,14,369
34.0,7,0,15,371
34.0,7,1,0,348
34.0,7,1,1,350
34.0,7,1,2,352
34.0,7,1,3,353
34.0,7,1,4,355
34.0,7,1,5,357
34.0,7,1,6,358
34.0,7,1,7,360
34.0,7,1,8,362
34.0,7,1,9,363
34.0,7,1,10,365
34.0,7,1,11,367
34.0,7,1,12,368
34.0,7,1,13,370
34.0,7,1,14,372
34.0,7,1,15,373
34.0,7,2,0,350
34.0,7,2,1,352
34.0,7,2,2,354
34.0,7,2,3,356
34.0,7,2,4,357
34.0,7,2,5,359
34.0,7,2,6,361
34.0,7,2,7,362
34.0,7,2,8,364
34.0,7,2,9,366
34.0,7,2,10,367
34.0,7,2,11,369
34.0,7,2,12,371
34.0,7,2,13,372
34.0,7,2,14,374
34.0,7,2,15,375
34.0,7,3,0,353
34.0,7,3,1,354
34.0,7,3,2,356
34.0,7,3,3,358
34.0,7,3,4,359
34.0,7,3,5,361
34.0,7,3,6,363
34.0,7,3,7,364
34.0,7,3,8,366
34.0,7,3,9,368
34.0,7,3,10,369
34.0,7,3,11,371
34.0,7,3,12,373
34.0,7,3,13,374
34.0,7,3,14,376
34.0,7,3,15,378
34.0,7,4,0,355
34.0,7,4,1,356
34.0,7,4,2,358
34.0,7,4,3,360
34.0,7,4,4,361
34.0,7,4,5,363
34.0,7,4,6,365
34.0,7,4,7,367
34.0,7,4,8,368
34.0,7,4,9,370
34.0,7,4,10,372
34.0,7,4,11,373
34.0,7,4,12,375
34.0,7,4,13,376
34.0,7,4,14,378
34.0,7,4,15,380
34.0,7,5,0,357
34.0,7,5,1,358
34.0,7,5,2,360
34.0,7,5,3,362
34.0,7,5,4,364
34.0,7,5,5,365
34.0,7,5,6,367
34.0,7,5,7,369
34.0,7,5,8,370
34.0,7,5,9,372
34.0,7,5,10,374
34.0,7,5,11,375
34.0,7,5,12,377
34.0,7,5,13,379
34.0,7,5,14,380
34.0,7,5,15,382
34.0,7,6,0,359
34.0,7,6,1,360
34.0,7,6,2,362
34.0,7,6,3,364
34.0,7,6,4,366
34.0,7,6,5,367
34.0,7,6,6,369
34.0,7,6,7,371
34.0,7,6,8,372
34.0,7,6,9,374
34.0,7,6,10,376
34.0,7,6,11,377
34.0,7,6,12,379
34.0,7,6,13,381
34.0,7,6,14,382
34.0,7,6,15,384
34.0,7,7,0,361
34.0,7,7,1,362
34.0,7,7,2,364
34.0,7,7,3,366
34.0,7,7,4,368
34.0,7,7,5,369
34.0,7,7,6,371
34.0,7,7,7,373
34.0,7,7,8,375
34.0,7,7,9,376
34.0,7,7,10,378
34.0,7,7,11,380
34.0,7,7,12,381
34.0,7,7,13,383
34.0,7,7,14,385
34.0,7,7,15,386
34.0,7,8,0,363
34.0,7,8,1,364
34.0,7,8,2,366
34.0,7,8,3,368
34.0,7,8,4,370
34.0,7,8,5,371
34.0,7,8,6,373
34.0,7,8,7,375
34.0,7,8,8,377
34.0,7,8,9,378
34.0,7,8,10,380
34.0,7,8,11,382
34.0,7,8,12,383
34.0,7,8,13,385
34.0,7,8,14,387
34.0,7,8,15,388
34.0,7,9,0,365
34.0,7,9,1,366
34.0,7,9,2,368
34.0,7,9,3,370
34.0,7,9,4,372
34.0,7,9,5,373
34.0,7,9,6,375
34.0,7,9,7,377
34.0,7,9,8,379
34.0,7,9,9,380
34.0,7,9,10,382
34.0,7,9,11,384
34.0,7,9,12,385
34.0,7,9,13,387
34.0,7,9,14,389
34.0,7,9,15,391
34.0,7,10,0,367
34.0,7,10,1,368
34.0,7,10,2,370
34.0,7,10,3,372
34.0,7,10,4,374
34.0,7,10,5,375
34.0,7,10,6,377
34.0,7,10,7,379
34.0,7,10,8,381
34.0,7,10,9,382
34.0,7,10,10,384
34.0,7,10,11,386
34.0,7,10,12,388
34.0,7,10,13,389
34.0,7,10,14,391
34.0,7,10,15,393
34.0,7,11,0,369
34.0,7,11,1,370
34.0,7,11,2,372
34.0,7,11,3,374
34.0,7,11,4,376
34.0,7,11,5,377
34.0,7,11,6,379
34.0,7,11,7,381
34.0,7,11,8,383
34.0,7,11,9,384
34.0,7,11,10,386
34.0,7,11,11,388
34.0,7,11,12,390
34.0,7,11,13,391
34.0,7,11,14,393
34.0,7,11,15,395
34.0,7,12,0,371
34.0,7,12,1,372
34.0,7,12,2,374
34.0,7,12,3,376
34.0,7,12,4,378
34.0,7,12,5,379
34.0,7,12,6,381
34.0,7,12,7,383
34.0,7,12,8,385
34.0,7,12,9,387
34.0,7,12,10,388
34.0,7,12,11,390
34.0,7,12,12,392
34.0,7,12,13,393
34.0,7,12,14,395
34.0,7,12,15,397
34.0,7,13,0,372
34.0,7,13,1,374
34.0,7,13,2,376
34.0,7,13,3,378
34.0,7,13,4,380
34.0,7,13,5,381
34.0,7,13,6,383
34.0,7,13,7,385
34.0,7,13,8,387
34.0,7,13,9,389
34.0,7,13,10,390
34.0,7,13,11,392
34.0,7,13,12,394
34.0,7,13,13,396
34.0,7,13,14,397
34.0,7,13,15,399
34.0,7,14,0,374
34.0,7,14,1,376
34.0,7,14,2,378
34.0,7,14,3,380
34.0,7,14,4,382
34.0,7,14,5,383
34.0,7,14,6,385
34.0,7,14,7,387
34.0,7,14,8,389
34.0,7,14,9,391
34.0,7,14,10,392
34.0,7,14,11,394
34.0,7,14,12,396
34.0,7,14,13,398
34.0,7,14,14,399
34.0,7,14,15,401
34.0,7,15,0,376
34.0,7,15,1,378
34.0,7,15,2,380
34.0,7,15,3,382
34.0,7,15,4,384
34.0,7,15,5,385
34.0,7,15,6,387
34.0,7,15,7,389
34.0,7,15,8,391
34.0,7,15,9,393
34.0,7,15,10,394
34.0,7,15,11,396
34.0,7,15,12,398
34.0,7,15,13,400
34.0,7,15,14,401
34.0,7,15,15,403
34.0,8,0,0,352
34.0,8,0,1,353
34.0,8,0,2,355
34.0,8,0,3,357
34.0,8,0,4,358
34.0,8,0,5,360
34.0,8,0,6,362
34.0,8,0,7,363
34.0,8,0,8,365
34.0,8,0,9,367
34.0,8,0,10,368
34.0,8,0,11,370
34.0,8,0,12,372
34.0,8,0,13,373
34.0,8,0,14,375
34.0,8,0,15,377
34.0,8,1,0,354
34.0,8,1,1,355
34.0,8,1,2,357
34.0,8,1,3,359
34.0,8,1,4,361
34.0,8,1,5,362
34.0,8,1,6,364
34.0,8,1,7,366
34.0,8,1,8,367
34.0,8,1,9,369
34.0,8,1,10,371
34.0,8,1,11,372
34.0,8,1,12,374
34.0,8,1,13,376
34.0,8,1,14,377
34.0,8,1,15,379
34.0,8,2,0,356
34.0,8,2,1,358
34.0,8,2,2,359
34.0,8,2,3,361
34.0,8,2,4,363
34.0,8,2,5,364
34.0,8,2,6,366
34.0,8,2,7,368
34.0,8,2,8,369
34.0,8,2,9,371
34.0,8,2,10,373
34.0,8,2,11,374
34.0,8,2,12,376
34.0,8,2,13,378
34.0,8,2,14,379
34.0,8,2,15,381
34.0,8,3,0,358
34.0,8,3,1,360
34.0,8,3,2,361
34.0,8,3,3,363
34.0,8,3,4,365
34.0,8,3,5,367
34.0,8,3,6,368
34.0,8,3,7,370
34.0,8,3,8,372
34.0,8,3,9,373
34.0,8,3,10,375
34.0,8,3,11,377
34.0,8,3,12,378
34.0,8,3,13,380
34.0,8,3,14,382
34.0,8,3,15,383
34.0,8,4,0,360
34.0,8,4,1,362
34.0,8,4,2,363
34.0,8,4,3,365
34.0,8,4,4,367
34.0,8,4,5,369
34.0,8,4,6,370
34.0,8,4,7,372
34.0,8,4,8,374
34.0,8,4,9,375
34.0,8,4,10,377
34.0,8,4,11,379
34.0,8,4,12,381
34.0,8,4,13,382
34.0,8,4,14,384
34.0,8,4,15,386
34.0,8,5,0,362
34.0,8,5,1,364
34.0,8,5,2,366
34.0,8,5,3,367
34.0,8,5,4,369
34.0,8,5,5,371
34.0,8,5,6,373
34.0,8,5,7,374
34.0,8,5,8,376
34.0,8,5,9,378
34.0,8,5,10,379
34.0,8,5,11,381
34.0,8,5,12,383
34.0,8,5,13,384
34.0,8,5,14,386
34.0,8,5,15,388
34.0,8,6,0,364
34.0,8,6,1,366
34.0,8,6,2,368
34.0,8,6,3,369
34.0,8,6,4,371
34.0,8,6,5,373
34.0,8,6,6,375
34.0,8,6,7,376
34.0,8,6,8,378
34.0,8,6,9,380
34.0,8,6,10,381
34.0,8,6,11,383
34.0,8,6,12,385
34.0,8,6,13,387
34.0,8,6,14,388
34.0,8,6,15,390
34.0,8,7,0,366
34.0,8,7,1,368
34.0,8,7,2,370
34.0,8,7,3,371
34.0,8,7,4,373
34.0,8,7,5,375
34.0,8,7,6,377
34.0,8,7,7,378
34.0,8,7,8,380
34.0,8,7,9,382
34.0,8,7,10,384
34.0,8,7,11,385
34.0,8,7,12,387
34.0,8,7,13,389
34.0,8,7,14,390
34.0,8,7,15,392
34.0,8,8,0,368
34.0,8,8,1,370
34.0,8,8,2,372
34.0,8,8,3,374
34.0,8,8,4,375
34.0,8,8,5,377
34.0,8,8,6,379
34.0,8,8,7,381
34.0,8,8,8,382
34.0,8,8,9,384
34.0,8,8,10,386
34.0,8,8,11,387
34.0,8,8,12,389
34.0,8,8,13,391
34.0,8,8,14,393
34.0,8,8,15,394
34.0,8,9,0,370
34.0,8,9,1,372
34.0,8,9,2,374
34.0,8,9,3,376
34.0,8,9,4,377
34.0,8,9,5,379
34.0,8,9,6,381
34.0,8,9,7,383
34.0,8,9,8,384
34.0,8,9,9,386
34.0,8,9,10,388
34.0,8,9,11,390
34.0,8,9,12,391
34.0,8,9,13,393
34.0,8,9,14,395
34.0,8,9,15,396
34.0,8,10,0,372
34.0,8,10,1,374
34.0,8,10,2,376
34.0,8,10,3,378
34.0,8,10,4,379
34.0,8,10,5,381
34.0,8,10,6,383
34.0,8,10,7,385
34.0,8,10,8,386
34.0,8,10,9,388
34.0,8,10,10,390
34.0,8,10,11,392
34.0,8,10,12,393
34.0,8,10,13,395
34.0,8,10,14,397
34.0,8,10,15,399
34.0,8,11,0,374
34.0,8,11,1,376
34.0,8,11,2,378
34.0,8,11,3,380
34.0,8,11,4,381
34.0,8,11,5,383
34.0,8,11,6,385
34.0,8,11,7,387
34.0,8,11,8,389
34.0,8,11,9,390
34.0,8,11,10,392
34.0,8,11,11,394
34.0,8,11,12,396
34.0,8,11,13,397
34.0,8,11,14,399
34.0,8,11,15,401
34.0,8,12,0,376
34.0,8,12,1,378
34.0,8,12,2,380
34.0,8,12,3,382
34.0,8,12,4,383
34.0,8,12,5,385
34.0,8,12,6,387
34.0,8,12,7,389
34.0,8,12,8,391
34.0,8,12,9,392
34.0,8,12,10,394
34.0,8,12,11,396
34.0,8,12,12,398
34.0,8,12,13,399
34.0,8,12,14,401
34.0,8,12,15,403
34.0,8,13,0,378
34.0,8,13,1,380
34.0,8,13,2,382
34.0,8,13,3,384
34.0,8,13,4,385
34.0,8,13,5,387
34.0,8,13,6,389
34.0,8,13,7,391
34.0,8,13,8,393
34.0,8,13,9,394
34.0,8,13,10,396
34.0,8,13,11,398
34.0,8,13,12,400
34.0,8,13,13,402
34.0,8,13,14,403
34.0,8,13,15,405
34.0,8,14,0,380
34.0,8,14,1,382
34.0,8,14,2,384
34.0,8,14,3,386
34.0,8,14,4,387
34.0,8,14,5,389
34.0,8,14,6,391
34.0,8,14,7,393
34.0,8,14,8,395
34.0,8,14,9,397
34.0,8,14,10,398
34.0,8,14,11,400
34.0,8,14,12,402
34.0,8,14,13,404
34.0,8,14,14,405
34.0,8,14,15,407
34.0,8,15,0,382
34.0,8,15,1,384
34.0,8,15,2,386
34.0,8,15,3,388
34.0,8,15,4,389
34.0,8,15,5,391
34.0,8,15,6,393
34.0,8,15,7,395
34.0,8,15,8,397
34.0,8,15,9,399
34.0,8,15,10,400
34.0,8,15,11,402
34.0,8,15,12,404
34.0,8,15,13,406
34.0,8,15,14,407
34.0,8,15,15,409
34.0,9,0,0,357
34.0,9,0,1,359
34.0,9,0,2,360
34.0,9,0,3,362
34.0,9,0,4,364
34.0,9,0,5,365
34.0,9,0,6,367
34.0,9,0,7,369
34.0,9,0,8,371
34.0,9,0,9,372
34.0,9,0,10,374
34.0,9,0,11,376
34.0,9,0,12,377
34.0,9,0,13,379
34.0,9,0,14,381
34.0,9,0,15,382
34.0,9,1,0,359
34.0,9,1,1,361
34.0,9,1,2,362
34.0,9,1,3,364
34.0,9,1,4,366
34.0,9,1,5,368
34.0,9,1,6,369
34.0,9,1,7,371
34.0,9,1,8,373
34.0,9,1,9,374
34.0,9,1,10,376
34.0,9,1,11,378
34.0,9,1,12,379
34.0,9,1,13,381
34.0,9,1,14,383
34.0,9,1,15,384
34.0,9,2,0,361
34.0,9,2,1,363
34.0,9,2,2,365
34.0,9,2,3,366
34.0,9,2,4,368
34.0,9,2,5,370
34.0,9,2,6,372
34.0,9,2,7,373
34.0,9,2,8,375
34.0,9,2,9,377
34.0,9,2,10,378
34.0,9,2,11,380
34.0,9,2,12,382
34.0,9,2,13,383
34.0,9,2,14,385
34.0,9,2,15,387
34.0,9,3,0,363
34.0,9,3,1,365
34.0,9,3,2,367
34.0,9,3,3,369
34.0,9,3,4,370
34.0,9,3,5,372
34.0,9,3,6,374
34.0,9,3,7,375
34.0,9,3,8,377
34.0,9,3,9,379
34.0,9,3,10,381
34.0,9,3,11,382
34.0,9,3,12,384
34.0,9,3,13,386
34.0,9,3,14,387
34.0,9,3,15,389
34.0,9,4,0,365
34.0,9,4,1,367
34.0,9,4,2,369
34.0,9,4,3,371
34.0,9,4,4,372
34.0,9,4,5,374
34.0,9,4,6,376
34.0,9,4,7,378
34.0,9,4,8,379
34.0,9,4,9,381
34.0,9,4,10,383
34.0,9,4,11,385
34.0,9,4,12,386
34.0,9,4,13,388
34.0,9,4,14,390
34.0,9,4,15,391
34.0,9,5,0,367
34.0,9,5,1,369
34.0,9,5,2,371
34.0,9,5,3,373
34.0,9,5,4,375
34.0,9,5,5,376
34.0,9,5,6,378
34.0,9,5,7,380
34.0,9,5,8,382
34.0,9,5,9,383
34.0,9,5,10,385
34.0,9,5,11,387
34.0,9,5,12,388
34.0,9,5,13,390
34.0,9,5,14,392
34.0,9,5,15,394
34.0,9,6,0,369
34.0,9,6,1,371
34.0,9,6,2,373
34.0,9,6,3,375
34.0,9,6,4,377
34.0,9,6,5,378
34.0,9,6,6,380
34.0,9,6,7,382
34.0,9,6,8,384
34.0,9,6,9,385
34.0,9,6,10,387
34.0,9,6,11,389
34.0,9,6,12,391
34.0,9,6,13,392
34.0,9,6,14,394
34.0,9,6,15,396
34.0,9,7,0,372
34.0,9,7,1,373
34.0,9,7,2,375
34.0,9,7,3,377
34.0,9,7,4,379
34.0,9,7,5,381
34.0,9,7,6,382
34.0,9,7,7,384
34.0,9,7,8,386
34.0,9,7,9,388
34.0,9,7,10,389
34.0,9,7,11,391
34.0,9,7,12,393
34.0,9,7,13,395
34.0,9,7,14,396
34.0,9,7,15,398
34.0,9,8,0,374
34.0,9,8,1,375
34.0,9,8,2,377
34.0,9,8,3,379
34.0,9,8,4,381
34.0,9,8,5,383
34.0,9,8,6,384
34.0,9,8,7,386
34.0,9,8,8,388
34.0,9,8,9,390
34.0,9,8,10,392
34.0,9,8,11,393
34.0,9,8,12,395
34.0,9,8,13,397
34.0,9,8,14,398
34.0,9,8,15,400
34.0,9,9,0,376
34.0,9,9,1,378
34.0,9,9,2,379
34.0,9,9,3,381
34.0,9,9,4,383
34.0,9,9,5,385
34.0,9,9,6,387
34.0,9,9,7,388
34.0,9,9,8,390
34.0,9,9,9,392
34.0,9,9,10,394
34.0,9,9,11,395
34.0,9,9,12,397
34.0,9,9,13,399
34.0,9,9,14,401
34.0,9,9,15,402
34.0,9,10,0,378
34.0,9,10,1,380
34.0,9,10,2,381
34.0,9,10,3,383
34.0,9,10,4,385
34.0,9,10,5,387
34.0,9,10,6,389
34.0,9,10,7,390
34.0,9,10,8,392
34.0,9,10,9,394
34.0,9,10,10,396
34.0,9,10,11,398
34.0,9,10,12,399
34.0,9,10,13,401
34.0,9,10,14,403
34.0,9,10,15,405
34.0,9,11,0,380
34.0,9,11,1,382
34.0,9,11,2,383
34.0,9,11,3,385
34.0,9,11,4,387
34.0,9,11,5,389
34.0,9,11,6,391
34.0,9,11,7,393
34.0,9,11,8,394
34.0,9,11,9,396
34.0,9,11,10,398
34.0,9,11,11,400
34.0,9,11,12,401
34.0,9,11,13,403
34.0,9,11,14,405
34.0,9,11,15,407
34.0,9,12,0,382
34.0,9,12,1,384
34.0,9,12,2,385
34.0,9,12,3,387
34.0,9,12,4,389
34.0,9,12,5,391
34.0,9,12,6,393
34.0,9,12,7,395
34.0,9,12,8,396
34.0,9,12,9,398
34.0,9,12,10,400
34.0,9,12,11,402
34.0,9,12,12,404
34.0,9,12,13,405
34.0,9,12,14,407
34.0,9,12,15,409
34.0,9,13,0,384
34.0,9,13,1,386
34.0,9,13,2,388
34.0,9,13,3,389
34.0,9,13,4,391
34.0,9,13,5,393
34.0,9,13,6,395
34.0,9,13,7,397
34.0,9,13,8,399
34.0,9,13,9,400
34.0,9,13,10,402
34.0,9,13,11,404
34.0,9,13,12,406
34.0,9,13,13,408
34.0,9,13,14,409
34.0,9,13,15,411
34.0,9,14,0,386
34.0,9,14,1,388
34.0,9,14,2,390
34.0,9,14,3,391
34.0,9,14,4,393
34.0,9,14,5,395
34.0,9,14,6,397
34.0,9,14,7,399
34.0,9,14,8,401
34.0,9,14,9,402
34.0,9,14,10,404
34.0,9,14,11,406
34.0,9,14,12,408
34.0,9,14,13,410
34.0,9,14,14,411
34.0,9,14,15,413
34.0,9,15,0,388
34.0,9,15,1,390
34.0,9,15,2,392
34.0,9,15,3,393
34.0,9,15,4,395
34.0,9,15,5,397
34.0,9,15,6,399
34.0,9,15,7,401
34.0,9,15,8,403
34.0,9,15,9,405
34.0,9,15,10,406
34.0,9,15,11,408
34.0,9,15,12,410
34.0,9,15,13,412
34.0,9,15,14,414
34.0,9,15,15,415
34.0,10,0,0,362
34.0,10,0,1,364
34.0,10,0,2,366
34.0,10,0,3,367
34.0,10,0,4,369
34.0,10,0,5,371
34.0,10,0,6,373
34.0,10,0,7,374
34.0,10,0,8,376
34.0,10,0,9,378
34.0,10,0,10,379
34.0,10,0,11,381
34.0,10,0,12,383
34.0,10,0,13,384
34.0,10,0,14,386
34.0,10,0,15,388
34.0,10,1,0,364
34.0,10,1,1,366
34.0,10,1,2,368
34.0,10,1,3,370
34.0,10,1,4,371
34.0,10,1,5,373
34.0,10,1,6,375
34.0,10,1,7,377
34.0,10,1,8,378
34.0,10,1,9,380
34.0,10,1,10,382
34.0,10,1,11,383
34.0,10,1,12,385
34.0,10,1,13,387
34.0,10,1,14,388
34.0,10,1,15,390
34.0,10,2,0,366
34.0,10,2,1,368
34.0,10,2,2,370
34.0,10,2,3,372
34.0,10,2,4,374
34.0,10,2,5,375
34.0,10,2,6,377
34.0,10,2,7,379
34.0,10,2,8,381
34.0,10,2,9,382
34.0,10,2,10,384
34.0,10,2,11,386
34.0,10,2,12,387
34.0,10,2,13,389
34.0,10,2,14,391
34.0,10,2,15,392
34.0,10,3,0,369
34.0,10,3,1,370
34.0,10,3,2,372
34.0,10,3,3,374
34.0,10,3,4,376
34.0,10,3,5,377
34.0,10,3,6,379
34.0,10,3,7,381
34.0,10,3,8,383
34.0,10,3,9,384
34.0,10,3,10,386
34.0,10,3,11,388
34.0,10,3,12,390
34.0,10,3,13,391
34.0,10,3,14,393
34.0,10,3,15,395
34.0,10,4,0,371
34.0,10,4,1,373
34.0,10,4,2,374
34.0,10,4,3,376
34.0,10,4,4,378
34.0,10,4,5,380
34.0,10,4,6,381
34.0,10,4,7,383
34.0,10,4,8,385
34.0,10,4,9,387
34.0,10,4,10,388
34.0,10,4,11,390
34.0,10,4,12,392
34.0,10,4,13,394
34.0,10,4,14,395
34.0,10,4,15,397
34.0,10,5,0,373
34.0,10,5,1,375
34.0,10,5,2,376
34.0,10,5,3,378
34.0,10,5,4,380
34.0,10,5,5,382
34.0,10,5,6,384
34.0,10,5,7,385
34.0,10,5,8,387
34.0,10,5,9,389
34.0,10,5,10,391
34.0,10,5,11,392
34.0,10,5,12,394
34.0,10,5,13,396
34.0,10,5,14,398
34.0,10,5,15,399
34.0,10,6,0,375
34.0,10,6,1,377
34.0,10,6,2,379
34.0,10,6,3,380
34.0,10,6,4,382
34.0,10,6,5,384
34.0,10,6,6,386
34.0,10,6,7,388
34.0,10,6,8,389
34.0,10,6,9,391
34.0,10,6,10,393
34.0,10,6,11,395
34.0,10,6,12,396
34.0,10,6,13,398
34.0,10,6,14,400
34.0,10,6,15,402
34.0,10,7,0,377
34.0,10,7,1,379
34.0,10,7,2,381
34.0,10,7,3,383
34.0,10,7,4,384
34.0,10,7,5,386
34.0,10,7,6,388
34.0,10,7,7,390
34.0,10,7,8,392
34.0,10,7,9,393
34.0,10,7,10,395
34.0,10,7,11,397
34.0,10,7,12,399
34.0,10,7,13,400
34.0,10,7,14,402
34.0,10,7,15,404
34.0,10,8,0,379
34.0,10,8,1,381
34.0,10,8,2,383
34.0,10,8,3,385
34.0,10,8,4,386
34.0,10,8,5,388
34.0,10,8,6,390
34.0,10,8,7,392
34.0,10,8,8,394
34.0,10,8,9,396
34.0,10,8,10,397
34.0,10,8,11,399
34.0,10,8,12,401
34.0,10,8,13,403
34.0,10,8,14,404
34.0,10,8,15,406
34.0,10,9,0,381
34.0,10,9,1,383
34.0,10,9,2,385
34.0,10,9,3,387
34.0,10,9,4,389
34.0,10,9,5,390
34.0,10,9,6,392
34.0,10,9,7,394
34.0,10,9,8,396
34.0,10,9,9,398
34.0,10,9,10,399
34.0,10,9,11,401
34.0,10,9,12,403
34.0,10,9,13,405
34.0,10,9,14,407
34.0,10,9,15,408
34.0,10,10,0,383
34.0,10,10,1,385
34.0,10,10,2,387
34.0,10,10,3,389
34.0,10,10,4,391
34.0,10,10,5,393
34.0,10,10,6,394
34.0,10,10,7,396
34.0,10,10,8,398
34.0,10,10,9,400
34.0,10,10,10,402
34.0,10,10,11,403
34.0,10,10,12,405
34.0,10,10,13,407
34.0,10,10,14,409
34.0,10,10,15,411
34.0,10,11,0,385
34.0,10,11,1,387
34.0,10,11,2,389
34.0,10,11,3,391
34.0,10,11,4,393
34.0,10,11,5,395
34.0,10,11,6,397
34.0,10,11,7,398
34.0,10,11,8,400
34.0,10,11,9,402
34.0,10,11,10,404
34.0,10,11,11,406
34.0,10,11,12,407
34.0,10,11,13,409
34.0,10,11,14,411
34.0,10,11,15,413
34.0,10,12,0,387
34.0,10,12,1,389
34.0,10,12,2,391
34.0,10,12,3,393
34.0,10,12,4,395
34.0,10,12,5,397
34.0,10,12,6,399
34.0,10,12,7,400
34.0,10,12,8,402
34.0,10,12,9,404
34.0,10,12,10,406
34.0,10,12,11,408
34.0,10,12,12,410
34.0,10,12,13,411
34.0,10,12,14,413
34.0,10,12,15,415
34.0,10,13,0,389
34.0,10,13,1,391
34.0,10,13,2,393
34.0,10,13,3,395
34.0,10,13,4,397
34.0,10,13,5,399
34.0,10,13,6,401
34.0,10,13,7,403
34.0,10,13,8,404
34.0,10,13,9,406
34.0,10,13,10,408
34.0,10,13,11,410
34.0,10,13,12,412
34.0,10,13,13,414
34.0,10,13,14,415
34.0,10,13,15,417
34.0,10,14,0,391
34.0,10,14,1,393
34.0,10,14,2,395
34.0,10,14,3,397
34.0,10,14,4,399
34.0,10,14,5,401
34.0,10,14,6,403
34.0,10,14,7,405
34.0,10,14,8,407
34.0,10,14,9,408
34.0,10,14,10,410
34.0,10,14,11,412
34.0,10,14,12,414
34.0,10,14,13,416
34.0,10,14,14,417
34.0,10,14,15,419
34.0,10,15,0,393
34.0,10,15,1,395
34.0,10,15,2,397
34.0,10,15,3,399
34.0,10,15,4,401
34.0,10,15,5,403
34.0,10,15,6,405
34.0,10,15,7,407
34.0,10,15,8,409
34.0,10,15,9,410
34.0,10,15,10,412
34.0,10,15,11,414
34.0,10,15,12,416
34.0,10,15,13,418
34.0,10,15,14,420
34.0,10,15,15,421
34.0,11,0,0,367
34.0,11,0,1,369
34.0,11,0,2,371
34.0,11,0,3,373
34.0,11,0,4,374
34.0,11,0,5,376
34.0,11,0,6,378
34.0,11,0,7,380
34.0,11,0,8,381
34.0,11,0,9,383
34.0,11,0,10,385
34.0,11,0,11,387
34.0,11,0,12,388
34.0,11,0,13,390
34.0,11,0,14,392
34.0,11,0,15,393
34.0,11,1,0,370
34.0,11,1,1,371
34.0,11,1,2,373
34.0,11,1,3,375
34.0,11,1,4,377
34.0,11,1,5,378
34.0,11,1,6,380
34.0,11,1,7,382
34.0,11,1,8,384
34.0,11,1,9,385
34.0,11,1,10,387
34.0,11,1,11,389
34.0,11,1,12,391
34.0,11,1,13,392
34.0,11,1,14,394
34.0,11,1,15,396
34.0,11,2,0,372
34.0,11,2,1,374
34.0,11,2,2,375
34.0,11,2,3,377
34.0,11,2,4,379
34.0,11,2,5,381
34.0,11,2,6,383
34.0,11,2,7,384
34.0,11,2,8,386
34.0,11,2,9,388
34.0,11,2,10,390
34.0,11,2,11,391
34.0,11,2,12,393
34.0,11,2,13,395
34.0,11,2,14,396
34.0,11,2,15,398
34.0,11,3,0,374
34.0,11,3,1,376
34.0,11,3,2,378
34.0,11,3,3,379
34.0,11,3,4,381
34.0,11,3,5,383
34.0,11,3,6,385
34.0,11,3,7,387
34.0,11,3,8,388
34.0,11,3,9,390
34.0,11,3,10,392
34.0,11,3,11,394
34.0,11,3,12,395
34.0,11,3,13,397
34.0,11,3,14,399
34.0,11,3,15,400
34.0,11,4,0,376
34.0,11,4,1,378
34.0,11,4,2,380
34.0,11,4,3,382
34.0,11,4,4,383
34.0,11,4,5,385
34.0,11,4,6,387
34.0,11,4,7,389
34.0,11,4,8,391
34.0,11,4,9,392
34.0,11,4,10,394
34.0,11,4,11,396
34.0,11,4,12,398
34.0,11,4,13,399
34.0,11,4,14,401
34.0,11,4,15,403
34.0,11,5,0,378
34.0,11,5,1,380
34.0,11,5,2,382
34.0,11,5,3,384
34.0,11,5,4,386
34.0,11,5,5,387
34.0,11,5,6,389
34.0,11,5,7,391
34.0,11,5,8,393
34.0,11,5,9,395
34.0,11,5,10,396
34.0,11,5,11,398
34.0,11,5,12,400
34.0,11,5,13,402
34.0,11,5,14,403
34.0,11,5,15,405
34.0,11,6,0,380
34.0,11,6,1,382
34.0,11,6,2,384
34.0,11,6,3,386
34.0,11,6,4,388
34.0,11,6,5,390
34.0,11,6,6,391
34.0,11,6,7,393
34.0,11,6,8,395
34.0,11,6,9,397
34.0,11,6,10,399
34.0,11,6,11,400
34.0,11,6,12,402
34.0,11,6,13,404
34.0,11,6,14,406
34.0,11,6,15,407
34.0,11,7,0,383
34.0,11,7,1,384
34.0,11,7,2,386
34.0,11,7,3,388
34.0,11,7,4,390
34.0,11,7,5,392
34.0,11,7,6,394
34.0,11,7,7,395
34.0,11,7,8,397
34.0,11,7,9,399
34.0,11,7,10,401
34.0,11,7,11,403
34.0,11,7,12,404
34.0,11,7,13,406
34.0,11,7,14,408
34.0,11,7,15,410
34.0,11,8,0,385
34.0,11,8,1,387
34.0,11,8,2,388
34.0,11,8,3,390
34.0,11,8,4,392
34.0,11,8,5,394
34.0,11,8,6,396
34.0,11,8,7,398
34.0,11,8,8,399
34.0,11,8,9,401
34.0,11,8,10,403
34.0,11,8,11,405
34.0,11,8,12,407
34.0,11,8,13,408
34.0,11,8,14,410
34.0,11,8,15,412
34.0,11,9,0,387
34.0,11,9,1,389
34.0,11,9,2,391
34.0,11,9,3,392
34.0,11,9,4,394
34.0,11,9,5,396
34.0,11,9,6,398
34.0,11,9,7,400
34.0,11,9,8,402
34.0,11,9,9,403
34.0,11,9,10,405
34.0,11,9,11,407
34.0,11,9,12,409
34.0,11,9,13,411
34.0,11,9,14,412
34.0,11,9,15,414
34.0,11,10,0,389
34.0,11,10,1,391
34.0,11,10,2,393
34.0,11,10,3,395
34.0,11,10,4,396
34.0,11,10,5,398
34.0,11,10,6,400
34.0,11,10,7,402
34.0,11,10,8,404
34.0,11,10,9,406
34.0,11,10,10,407
34.0,11,10,11,409
34.0,11,10,12,411
34.0,11,10,13,413
34.0,11,10,14,415
34.0,11,10,15,416
34.0,11,11,0,391
34.0,11,11,1,393
34.0,11,11,2,395
34.0,11,11,3,397
34.0,11,11,4,399
34.0,11,11,5,400
34.0,11,11,6,402
34.0,11,11,7,404
34.0,11,11,8,406
34.0,11,11,9,408
34.0,11,11,10,410
34.0,11,11,11,411
34.0,11,11,12,413
34.0,11,11,13,415
34.0,11,11,14,417
34.0,11,11,15,419
34.0,11,12,0,393
34.0,11,12,1,395
34.0,11,12,2,397
34.0,11,12,3,399
34.0,11,12,4,401
34.0,11,12,5,403
34.0,11,12,6,404
34.0,11,12,7,406
34.0,11,12,8,408
34.0,11,12,9,410
34.0,11,12,10,412
34.0,11,12,11,414
34.0,11,12,12,416
34.0,11,12,13,417
34.0,11,12,14,419
34.0,11,12,15,421
34.0,11,13,0,395
34.0,11,13,1,397
34.0,11,13,2,399
34.0,11,13,3,401
34.0,11,13,4,403
34.0,11,13,5,405
34.0,11,13,6,407
34.0,11,13,7,408
34.0,11,13,8,410
34.0,11,13,9,412
34.0,11,13,10,414
34.0,11,13,11,416
34.0,11,13,12,418
34.0,11,13,13,420
34.0,11,13,14,421
34.0,11,13,15,423
34.0,11,14,0,397
34.0,11,14,1,399
34.0,11,14,2,401
34.0,11,14,3,403
34.0,11,14,4,405
34.0,11,14,5,407
34.0,11,14,6,409
34.0,11,14,7,411
34.0,11,14,8,412
34.0,11,14,9,414
34.0,11,14,10,416
34.0,11,14,11,418
34.0,11,14,12,420
34.0,11,14,13,422
34.0,11,14,14,424
34.0,11,14,15,425
34.0,11,15,0,399
34.0,11,15,1,401
34.0,11,15,2,403
34.0,11,15,3,405
34.0,11,15,4,407
34.0,11,15,5,409
34.0,11,15,6,411
34.0,11,15,7,413
34.0,11,15,8,415
34.0,11,15,9,416
34.0,11,15,10,418
34.0,11,15,11,420
34.0,11,15,12,422
34.0,11,15,13,424
34.0,11,15,14,426
34.0,11,15,15,428
34.0,12,0,0,373
34.0,12,0,1,374
34.0,12,0,2,376
34.0,12,0,3,378
34.0,12,0,4,380
34.0,12,0,5,382
34.0,12,0,6,383
34.0,12,0,7,385
34.0,12,0,8,387
34.0,12,0,9,389
34.0,12,0,10,390
34.0,12,0,11,392
34.0,12,0,12,394
34.0,12,0,13,396
34.0,12,0,14,397
34.0,12,0,15,399
34.0,12,1,0,375
34.0,12,1,1,377
34.0,12,1,2,378
34.0,12,1,3,380
34.0,12,1,4,382
34.0,12,1,5,384
34.0,12,1,6,386
34.0,12,1,7,387
34.0,12,1,8,389
34.0,12,1,9,391
34.0,12,1,10,393
34.0,12,1,11,395
34.0,12,1,12,396
34.0,12,1,13,398
34.0,12,1,14,400
34.0,12,1,15,401
34.0,12,2,0,377
34.0,12,2,1,379
34.0,12,2,2,381
34.0,12,2,3,383
34.0,12,2,4,384
34.0,12,2,5,386
34.0,12,2,6,388
34.0,12,2,7,390
34.0,12,2,8,392
34.0,12,2,9,393
34.0,12,2,10,395
34.0,12,2,11,397
34.0,12,2,12,399
34.0,12,2,13,400
34.0,12,2,14,402
34.0,12,2,15,404
34.0,12,3,0,379
34.0,12,3,1,381
34.0,12,3,2,383
34.0,12,3,3,385
34.0,12,3,4,387
34.0,12,3,5,388
34.0,12,3,6,390
34.0,12,3,7,392
34.0,12,3,8,394
34.0,12,3,9,396
34.0,12,3,10,397
34.0,12,3,11,399
34.0,12,3,12,401
34.0,12,3,13,403
34.0,12,3,14,404
34.0,12,3,15,406
34.0,12,4,0,381
34.0,12,4,1,383
34.0,12,4,2,385
34.0,12,4,3,387
34.0,12,4,4,389
34.0,12,4,5,391
34.0,12,4,6,393
34.0,12,4,7,394
34.0,12,4,8,396
34.0,12,4,9,398
34.0,12,4,10,400
34.0,12,4,11,402
34.0,12,4,12,403
34.0,12,4,13,405
34.0,12,4,14,407
34.0,12,4,15,409
34.0,12,5,0,384
34.0,12,5,1,386
34.0,12,5,2,387
34.0,12,5,3,389
34.0,12,5,4,391
34.0,12,5,5,393
34.0,12,5,6,395
34.0,12,5,7,397
34.0,12,5,8,398
34.0,12,5,9,400
34.0,12,5,10,402
34.0,12,5,11,404
34.0,12,5,12,406
34.0,12,5,13,407
34.0,12,5,14,409
34.0,12,5,15,411
34.0,12,6,0,386
34.0,12,6,1,388
34.0,12,6,2,390
34.0,12,6,3,391
34.0,12,6,4,393
34.0,12,6,5,395
34.0,12,6,6,397
34.0,12,6,7,399
34.0,12,6,8,401
34.0,12,6,9,402
34.0,12,6,10,404
34.0,12,6,11,406
34.0,12,6,12,408
34.0,12,6,13,410
34.0,12,6,14,411
34.0,12,6,15,413
34.0,12,7,0,388
34.0,12,7,1,390
34.0,12,7,2,392
34.0,12,7,3,394
34.0,12,7,4,396
34.0,12,7,5,397
34.0,12,7,6,399
34.0,12,7,7,401
34.0,12,7,8,403
34.0,12,7,9,405
34.0,12,7,10,407
34.0,12,7,11,408
34.0,12,7,12,410
34.0,12,7,13,412
34.0,12,7,14,414
34.0,12,7,15,416
34.0,12,8,0,390
34.0,12,8,1,392
34.0,12,8,2,394
34.0,12,8,3,396
34.0,12,8,4,398
34.0,12,8,5,400
34.0,12,8,6,401
34.0,12,8,7,403
34.0,12,8,8,405
34.0,12,8,9,407
34.0,12,8,10,409
34.0,12,8,11,411
34.0,12,8,12,412
34.0,12,8,13,414
34.0,12,8,14,416
34.0,12,8,15,418
34.0,12,9,0,392
34.0,12,9,1,394
34.0,12,9,2,396
34.0,12,9,3,398
34.0,12,9,4,400
34.0,12,9,5,402
34.0,12,9,6,404
34.0,12,9,7,406
34.0,12,9,8,407
34.0,12,9,9,409
34.0,12,9,10,411
34.0,12,9,11,413
34.0,12,9,12,415
34.0,12,9,13,417
34.0,12,9,14,418
34.0,12,9,15,420
34.0,12,10,0,394
34.0,12,10,1,396
34.0,12,10,2,398
34.0,12,10,3,400
34.0,12,10,4,402
34.0,12,10,5,404
34.0,12,10,6,406
34.0,12,10,7,408
34.0,12,10,8,410
34.0,12,10,9,411
34.0,12,10,10,413
34.0,12,10,11,415
34.0,12,10,12,417
34.0,12,10,13,419
34.0,12,10,14,421
34.0,12,10,15,422
34.0,12,11,0,397
34.0,12,11,1,398
34.0,12,11,2,400
34.0,12,11,3,402
34.0,12,11,4,404
34.0,12,11,5,406
34.0,12,11,6,408
34.0,12,11,7,410
34.0,12,11,8,412
34.0,12,11,9,414
34.0,12,11,10,416
34.0,12,11,11,417
34.0,12,11,12,419
34.0,12,11,13,421
34.0,12,11,14,423
34.0,12,11,15,425
34.0,12,12,0,399
34.0,12,12,1,401
34.0,12,12,2,403
34.0,12,12,3,404
34.0,12,12,4,406
34.0,12,12,5,408
34.0,12,12,6,410
34.0,12,12,7,412
34.0,12,12,8,414
34.0,12,12,9,416
34.0,12,12,10,418
34.0,12,12,11,420
34.0,12,12,12,421
34.0,12,12,13,423
34.0,12,12,14,425
34.0,12,12,15,427
34.0,12,13,0,401
34.0,12,13,1,403
34.0,12,13,2,405
34.0,12,13,3,407
34.0,12,13,4,409
34.0,12,13,5,410
34.0,12,13,6,412
34.0,12,13,7,414
34.0,12,13,8,416
34.0,12,13,9,418
34.0,12,13,10,420
34.0,12,13,11,422
34.0,12,13,12,424
34.0,12,13,13,426
34.0,12,13,14,427
34.0,12,13,15,429
34.0,12,14,0,403
34.0,12,14,1,405
34.0,12,14,2,407
34.0,12,14,3,409
34.0,12,14,4,411
34.0,12,14,5,413
34.0,12,14,6,414
34.0,12,14,7,416
34.0,12,14,8,418
34.0,12,14,9,420
34.0,12,14,10,422
34.0,12,14,11,424
34.0,12,14,12,426
34.0,12,14,13,428
34.0,12,14,14,430
34.0,12,14,15,431
34.0,12,15,0,405
34.0,12,15,1,407
34.0,12,15,2,409
34.0,12,15,3,411
34.0,12,15,4,413
34.0,12,15,5,415
34.0,12,15,6,417
34.0,12,15,7,419
34.0,12,15,8,420
34.0,12,15,9,422
34.0,12,15,10,424
34.0,12,15,11,426
34.0,12,15,12,428
34.0,12,15,13,430
34.0,12,15,14,432
34.0,12,15,15,434
34.0,13,0,0,378
34.0,13,0,1,380
34.0,13,0,2,382
34.0,13,0,3,383
34.0,13,0,4,385
34.0,13,0,5,387
34.0,13,0,6,389
34.0,13,0,7,391
34.0,13,0,8,392
34.0,13,0,9,394
34.0,13,0,10,396
34.0,13,0,11,398
34.0,13,0,12,399
34.0,13,0,13,401
34.0,13,0,14,403
34.0,13,0,15,405
34.0,13,1,0,380
34.0,13,1,1,382
34.0,13,1,2,384
34.0,13,1,3,386
34.0,13,1,4,387
34.0,13,1,5,389
34.0,13,1,6,391
34.0,13,1,7,393
34.0,13,1,8,395
34.0,13,1,9,397
34.0,13,1,10,398
34.0,13,1,11,400
34.0,13,1,12,402
34.0,13,1,13,404
34.0,13,1,14,405
34.0,13,1,15,407
34.0,13,2,0,382
34.0,13,2,1,384
34.0,13,2,2,386
34.0,13,2,3,388
34.0,13,2,4,390
34.0,13,2,5,392
34.0,13,2,6,393
34.0,13,2,7,395
34.0,13,2,8,397
34.0,13,2,9,399
34.0,13,2,10,401
34.0,13,2,11,402
34.0,13,2,12,404
34.0,13,2,13,406
34.0,13,2,14,408
34.0,13,2,15,410
34.0,13,3,0,385
34.0,13,3,1,386
34.0,13,3,2,388
34.0,13,3,3,390
34.0,13,3,4,392
34.0,13,3,5,394
34.0,13,3,6,396
34.0,13,3,7,398
34.0,13,3,8,399
34.0,13,3,9,401
34.0,13,3,10,403
34.0,13,3,11,405
34.0,13,3,12,407
34.0,13,3,13,408
34.0,13,3,14,410
34.0,13,3,15,412
34.0,13,4,0,387
34.0,13,4,1,389
34.0,13,4,2,391
34.0,13,4,3,392
34.0,13,4,4,394
34.0,13,4,5,396
34.0,13,4,6,398
34.0,13,4,7,400
34.0,13,4,8,402
34.0,13,4,9,404
34.0,13,4,10,405
34.0,13,4,11,407
34.0,13,4,12,409
34.0,13,4,13,411
34.0,13,4,14,413
34.0,13,4,15,414
34.0,13,5,0,389
34.0,13,5,1,391
34.0,13,5,2,393
34.0,13,5,3,395
34.0,13,5,4,397
34.0,13,5,5,398
34.0,13,5,6,400
34.0,13,5,7,402
34.0,13,5,8,404
34.0,13,5,9,406
34.0,13,5,10,408
34.0,13,5,11,410
34.0,13,5,12,411
34.0,13,5,13,413
34.0,13,5,14,415
34.0,13,5,15,417
34.0,13,6,0,391
34.0,13,6,1,393
34.0,13,6,2,395
34.0,13,6,3,397
34.0,13,6,4,399
34.0,13,6,5,401
34.0,13,6,6,403
34.0,13,6,7,404
34.0,13,6,8,406
34.0,13,6,9,408
34.0,13,6,10,410
34.0,13,6,11,412
34.0,13,6,12,414
34.0,13,6,13,415
34.0,13,6,14,417
34.0,13,6,15,419
34.0,13,7,0,393
34.0,13,7,1,395
34.0,13,7,2,397
34.0,13,7,3,399
34.0,13,7,4,401
34.0,13,7,5,403
34.0,13,7,6,405
34.0,13,7,7,407
34.0,13,7,8,409
34.0,13,7,9,410
34.0,13,7,10,412
34.0,13,7,11,414
34.0,13,7,12,416
34.0,13,7,13,418
34.0,13,7,14,420
34.0,13,7,15,421
34.0,13,8,0,396
34.0,13,8,1,398
34.0,13,8,2,399
34.0,13,8,3,401
34.0,13,8,4,403
34.0,13,8,5,405
34.0,13,8,6,407
34.0,13,8,7,409
34.0,13,8,8,411
34.0,13,8,9,413
34.0,13,8,10,415
34.0,13,8,11,416
34.0,13,8,12,418
34.0,13,8,13,420
34.0,13,8,14,422
34.0,13,8,15,424
34.0,13,9,0,398
34.0,13,9,1,400
34.0,13,9,2,402
34.0,13,9,3,404
34.0,13,9,4,406
34.0,13,9,5,407
34.0,13,9,6,409
34.0,13,9,7,411
34.0,13,9,8,413
34.0,13,9,9,415
34.0,13,9,10,417
34.0,13,9,11,419
34.0,13,9,12,421
34.0,13,9,13,422
34.0,13,9,14,424
34.0,13,9,15,426
34.0,13,10,0,400
34.0,13,10,1,402
34.0,13,10,2,404
34.0,13,10,3,406
34.0,13,10,4,408
34.0,13,10,5,410
34.0,13,10,6,412
34.0,13,10,7,413
34.0,13,10,8,415
34.0,13,10,9,417
34.0,13,10,10,419
34.0,13,10,11,421
34.0,13,10,12,423
34.0,13,10,13,425
34.0,13,10,14,427
34.0,13,10,15,428
34.0,13,11,0,402
34.0,13,11,1,404
34.0,13,11,2,406
34.0,13,11,3,408
34.0,13,11,4,410
34.0,13,11,5,412
34.0,13,11,6,414
34.0,13,11,7,416
34.0,13,11,8,418
34.0,13,11,9,419
34.0,13,11,10,421
34.0,13,11,11,423
34.0,13,11,12,425
34.0,13,11,13,427
34.0,13,11,14,429
34.0,13,11,15,431
34.0,13,12,0,404
34.0,13,12,1,406
34.0,13,12,2,408
34.0,13,12,3,410
34.0,13,12,4,412
34.0,13,12,5,414
34.0,13,12,6,416
34.0,13,12,7,418
34.0,13,12,8,420
34.0,13,12,9,422
34.0,13,12,10,424
34.0,13,12,11,426
34.0,13,12,12,427
34.0,13,12,13,429
34.0,13,12,14,431
34.0,13,12,15,433
34.0,13,13,0,406
34.0,13,13,1,408
34.0,13,13,2,410
34.0,13,13,3,412
34.0,13,13,4,414
34.0,13,13,5,416
34.0,13,13,6,418
34.0,13,13,7,420
34.0,13,13,8,422
34.0,13,13,9,424
34.0,13,13,10,426
34.0,13,13,11,428
34.0,13,13,12,430
34.0,13,13,13,432
34.0,13,13,14,433
34.0,13,13,15,435
34.0,13,14,0,408
34.0,13,14,1,410
34.0,13,14,2,412
34.0,13,14,3,414
34.0,13,14,4,416
34.0,13,14,5,418
34.0,13,14,6,420
34.0,13,14,7,422
34.0,13,14,8,424
34.0,13,14,9,426
34.0,13,14,10,428
34.0,13,14,11,430
34.0,13,14,12,432
34.0,13,14,13,434
34.0,13,14,14,436
34.0,13,14,15,438
34.0,13,15,0,411
34.0,13,15,1,413
34.0,13,15,2,415
34.0,13,15,3,417
34.0,13,15,4,419
34.0,13,15,5,421
34.0,13,15,6,422
34.0,13,15,7,424
34.0,13,15,8,426
34.0,13,15,9,428
34.0,13,15,10,430
34.0,13,15,11,432
34.0,13,15,12,434
34.0,13,15,13,436
34.0,13,15,14,438
34.0,13,15,15,440
34.0,14,0,0,383
34.0,14,0,1,385
34.0,14,0,2,387
34.0,14,0,3,389
34.0,14,0,4,391
34.0,14,0,5,392
34.0,14,0,6,394
34.0,14,0,7,396
34.0,14,0,8,398
34.0,14,0,9,400
34.0,14,0,10,401
34.0,14,0,11,403
34.0,14,0,12,405
34.0,14,0,13,407
34.0,14,0,14,409
34.0,14,0,15,410
34.0,14,1,0,385
34.0,14,1,1,387
34.0,14,1,2,389
34.0,14,1,3,391
34.0,14,1,4,393
34.0,14,1,5,395
34.0,14,1,6,397
34.0,14,1,7,398
34.0,14,1,8,400
34.0,14,1,9,402
34.0,14,1,10,404
34.0,14,1,11,406
34.0,14,1,12,407
34.0,14,1,13,409
34.0,14,1,14,411
34.0,14,1,15,413
34.0,14,2,0,388
34.0,14,2,1,390
34.0,14,2,2,391
34.0,14,2,3,393
34.0,14,2,4,395
34.0,14,2,5,397
34.0,14,2,6,399
34.0,14,2,7,401
34.0,14,2,8,403
34.0,14,2,9,404
34.0,14,2,10,406
34.0,14,2,11,408
34.0,14,2,12,410
34.0,14,2,13,412
34.0,14,2,14,413
34.0,14,2,15,415
34.0,14,3,0,390
34.0,14,3,1,392
34.0,14,3,2,394
34.0,14,3,3,396
34.0,14,3,4,398
34.0,14,3,5,399
34.0,14,3,6,401
34.0,14,3,7,403
34.0,14,3,8,405
34.0,14,3,9,407
34.0,14,3,10,409
34.0,14,3,11,410
34.0,14,3,12,412
34.0,14,3,13,414
34.0,14,3,14,416
34.0,14,3,15,418
34.0,14,4,0,392
34.0,14,4,1,394
34.0,14,4,2,396
34.0,14,4,3,398
34.0,14,4,4,400
34.0,14,4,5,402
34.0,14,4,6,404
34.0,14,4,7,405
34.0,14,4,8,407
34.0,14,4,9,409
34.0,14,4,10,411
34.0,14,4,11,413
34.0,14,4,12,415
34.0,14,4,13,416
34.0,14,4,14,418
34.0,14,4,15,420
34.0,14,5,0,394
34.0,14,5,1,396
34.0,14,5,2,398
34.0,14,5,3,400
34.0,14,5,4,402
34.0,14,5,5,404
34.0,14,5,6,406
34.0,14,5,7,408
34.0,14,5,8,410
34.0,14,5,9,412
34.0,14,5,10,413
34.0,14,5,11,415
34.0,14,5,12,417
34.0,14,5,13,419
34.0,14,5,14,421
34.0,14,5,15,422
34.0,14,6,0,397
34.0,14,6,1,399
34.0,14,6,2,401
34.0,14,6,3,402
34.0,14,6,4,404
34.0,14,6,5,406
34.0,14,6,6,408
34.0,14,6,7,410
34.0,14,6,8,412
34.0,14,6,9,414
34.0,14,6,10,416
34.0,14,6,11,418
34.0,14,6,12,419
34.0,14,6,13,421
34.0,14,6,14,423
34.0,14,6,15,425
34.0,14,7,0,399
34.0,14,7,1,401
34.0,14,7,2,403
34.0,14,7,3,405
34.0,14,7,4,407
34.0,14,7,5,409
34.0,14,7,6,410
34.0,14,7,7,412
34.0,14,7,8,414
34.0,14,7,9,416
34.0,14,7,10,418
34.0,14,7,11,420
34.0,14,7,12,422
34.0,14,7,13,424
34.0,14,7,14,425
34.0,14,7,15,427
34.0,14,8,0,401
34.0,14,8,1,403
34.0,14,8,2,405
34.0,14,8,3,407
34.0,14,8,4,409
34.0,14,8,5,411
34.0,14,8,6,413
34.0,14,8,7,415
34.0,14,8,8,417
34.0,14,8,9,418
34.0,14,8,10,420
34.0,14,8,11,422
34.0,14,8,12,424
34.0,14,8,13,426
34.0,14,8,14,428
34.0,14,8,15,430
34.0,14,9,0,403
34.0,14,9,1,405
34.0,14,9,2,407
34.0,14,9,3,409
34.0,14,9,4,411
34.0,14,9,5,413
34.0,14,9,6,415
34.0,14,9,7,417
34.0,14,9,8,419
34.0,14,9,9,421
34.0,14,9,10,423
34.0,14,9,11,425
34.0,14,9,12,426
34.0,14,9,13,428
34.0,14,9,14,430
34.0,14,9,15,432
34.0,14,10,0,406
34.0,14,10,1,408
34.0,14,10,2,409
34.0,14,10,3,411
34.0,14,10,4,413
34.0,14,10,5,415
34.0,14,10,6,417
34.0,14,10,7,419
34.0,14,10,8,421
34.0,14,10,9,423
34.0,14,10,10,425
34.0,14,10,11,427
34.0,14,10,12,429
34.0,14,10,13,431
34.0,14,10,14,432
34.0,14,10,15,434
34.0,14,11,0,408
34.0,14,11,1,410
34.0,14,11,2,412
34.0,14,11,3,414
34.0,14,11,4,416
34.0,14,11,5,418
34.0,14,11,6,420
34.0,14,11,7,421
34.0,14,11,8,423
34.0,14,11,9,425
34.0,14,11,10,427
34.0,14,11,11,429
34.0,14,11,12,431
34.0,14,11,13,433
34.0,14,11,14,435
34.0,14,11,15,437
34.0,14,12,0,410
34.0,14,12,1,412
34.0,14,12,2,414
34.0,14,12,3,416
34.0,14,12,4,418
34.0,14,12,5,420
34.0,14,12,6,422
34.0,14,12,7,424
34.0,14,12,8,426
34.0,14,12,9,428
34.0,14,12,10,430
34.0,14,12,11,431
34.0,14,12,12,433
34.0,14,12,13,435
34.0,14,12,14,437
34.0,14,12,15,439
34.0,14,13,0,412
34.0,14,13,1,414
34.0,14,13,2,416
34.0,14,13,3,418
34.0,14,13,4,420
34.0,14,13,5,422
34.0,14,13,6,424
34.0,14,13,7,426
34.0,14,13,8,428
34.0,14,13,9,430
34.0,14,13,10,432
34.0,14,13,11,434
34.0,14,13,12,436
34.0,14,13,13,438
34.0,14,13,14,439
34.0,14,13,15,441
34.0,14,14,0,414
34.0,14,14,1,416
34.0,14,14,2,418
34.0,14,14,3,420
34.0,14,14,4,422
34.0,14,14,5,424
34.0,14,14,6,426
34.0,14,14,7,428
34.0,14,14,8,430
34.0,14,14,9,432
34.0,14,14,10,434
34.0,14,14,11,436
34.0,14,14,12,438
34.0,14,14,13,440
34.0,14,14,14,442
34.0,14,14,15,444
34.0,14,15,0,416
34.0,14,15,1,418
34.0,14,15,2,420
34.0,14,15,3,422
34.0,14,15,4,424
34.0,14,15,5,426
34.0,14,15,6,428
34.0,14,15,7,430
34.0,14,15,8,432
34.0,14,15,9,434
34.0,14,15,10,436
34.0,14,15,11,438
34.0,14,15,12,440
34.0,14,15,13,442
34.0,14,15,14,444
34.0,14,15,15,446
34.0,15,0,0,388
34.0,15,0,1,390
34.0,15,0,2,392
34.0,15,0,3,394
34.0,15,0,4,396
34.0,15,0,5,398
34.0,15,0,6,400
34.0,15,0,7,401
34.0,15,0,8,403
34.0,15,0,9,405
34.0,15,0,10,407
34.0,15,0,11,409
34.0,15,0,12,411
34.0,15,0,13,412
34.0,15,0,14,414
34.0,15,0,15,416
34.0,15,1,0,391
34.0,15,1,1,393
34.0,15,1,2,394
34.0,15,1,3,396
34.0,15,1,4,398
34.0,15,1,5,400
34.0,15,1,6,402
34.0,15,1,7,404
34.0,15,1,8,406
34.0,15,1,9,408
34.0,15,1,10,409
34.0,15,1,11,411
34.0,15,1,12,413
34.0,15,1,13,415
34.0,15,1,14,417
34.0,15,1,15,418
34.0,15,2,0,393
34.0,15,2,1,395
34.0,15,2,2,397
34.0,15,2,3,399
34.0,15,2,4,401
34.0,15,2,5,403
34.0,15,2,6,404
34.0,15,2,7,406
34.0,15,2,8,408
34.0,15,2,9,410
34.0,15,2,10,412
34.0,15,2,11,414
34.0,15,2,12,415
34.0,15,2,13,417
34.0,15,2,14,419
34.0,15,2,15,421
34.0,15,3,0,395
34.0,15,3,1,397
34.0,15,3,2,399
34.0,15,3,3,401
34.0,15,3,4,403
34.0,15,3,5,405
34.0,15,3,6,407
34.0,15,3,7,409
34.0,15,3,8,411
34.0,15,3,9,412
34.0,15,3,10,414
34.0,15,3,11,416
34.0,15,3,12,418
34.0,15,3,13,420
34.0,15,3,14,422
34.0,15,3,15,423
34.0,15,4,0,398
34.0,15,4,1,400
34.0,15,4,2,401
34.0,15,4,3,403
34.0,15,4,4,405
34.0,15,4,5,407
34.0,15,4,6,409
34.0,15,4,7,411
34.0,15,4,8,413
34.0,15,4,9,415
34.0,15,4,10,417
34.0,15,4,11,418
34.0,15,4,12,420
34.0,15,4,13,422
34.0,15,4,14,424
34.0,15,4,15,426
34.0,15,5,0,400
34.0,15,5,1,402
34.0,15,5,2,404
34.0,15,5,3,406
34.0,15,5,4,408
34.0,15,5,5,410
34.0,15,5,6,411
34.0,15,5,7,413
34.0,15,5,8,415
34.0,15,5,9,417
34.0,15,5,10,419
34.0,15,5,11,421
34.0,15,5,12,423
34.0,15,5,13,425
34.0,15,5,14,426
34.0,15,5,15,428
34.0,15,6,0,402
34.0,15,6,1,404
34.0,15,6,2,406
34.0,15,6,3,408
34.0,15,6,4,410
34.0,15,6,5,412
34.0,15,6,6,414
34.0,15,6,7,416
34.0,15,6,8,418
34.0,15,6,9,420
34.0,15,6,10,421
34.0,15,6,11,423
34.0,15,6,12,425
34.0,15,6,13,427
34.0,15,6,14,429
34.0,15,6,15,431
34.0,15,7,0,404
34.0,15,7,1,406
34.0,15,7,2,408
34.0,15,7,3,410
34.0,15,7,4,412
34.0,15,7,5,414
34.0,15,7,6,416
34.0,15,7,7,418
34.0,15,7,8,420
34.0,15,7,9,422
34.0,15,7,10,424
34.0,15,7,11,426
34.0,15,7,12,428
34.0,15,7,13,429
34.0,15,7,14,431
34.0,15,7,15,433
34.0,15,8,0,407
34.0,15,8,1,409
34.0,15,8,2,411
34.0,15,8,3,413
34.0,15,8,4,415
34.0,15,8,5,416
34.0,15,8,6,418
34.0,15,8,7,420
34.0,15,8,8,422
34.0,15,8,9,424
34.0,15,8,10,426
34.0,15,8,11,428
34.0,15,8,12,430
34.0,15,8,13,432
34.0,15,8,14,434
34.0,15,8,15,436
34.0,15,9,0,409
34.0,15,9,1,411
34.0,15,9,2,413
34.0,15,9,3,415
34.0,15,9,4,417
34.0,15,9,5,419
34.0,15,9,6,421
34.0,15,9,7,423
34.0,15,9,8,425
34.0,15,9,9,427
34.0,15,9,10,428
34.0,15,9,11,430
34.0,15,9,12,432
34.0,15,9,13,434
34.0,15,9,14,436
34.0,15,9,15,438
34.0,15,10,0,411
34.0,15,10,1,413
34.0,15,10,2,415
34.0,15,10,3,417
34.0,15,10,4,419
34.0,15,10,5,421
34.0,15,10,6,423
34.0,15,10,7,425
34.0,15,10,8,427
34.0,15,10,9,429
34.0,15,10,10,431
34.0,15,10,11,433
34.0,15,10,12,435
34.0,15,10,13,437
34.0,15,10,14,438
34.0,15,10,15,440
34.0,15,11,0,413
34.0,15,11,1,415
34.0,15,11,2,417
34.0,15,11,3,419
34.0,15,11,4,421
34.0,15,11,5,423
34.0,15,11,6,425
34.0,15,11,7,427
34.0,15,11,8,429
34.0,15,11,9,431
34.0,15,11,10,433
34.0,15,11,11,435
34.0,15,11,12,437
34.0,15,11,13,439
34.0,15,11,14,441
34.0,15,11,15,443
34.0,15,12,0,415
34.0,15,12,1,418
34.0,15,12,2,420
34.0,15,12,3,422
34.0,15,12,4,424
34.0,15,12,5,426
34.0,15,12,6,428
34.0,15,12,7,430
34.0,15,12,8,431
34.0,15,12,9,433
34.0,15,12,10,435
34.0,15,12,11,437
34.0,15,12,12,439
34.0,15,12,13,441
34.0,15,12,14,443
34.0,15,12,15,445
34.0,15,13,0,418
34.0,15,13,1,420
34.0,15,13,2,422
34.0,15,13,3,424
34.0,15,13,4,426
34.0,15,13,5,428
34.0,15,13,6,430
34.0,15,13,7,432
34.0,15,13,8,434
34.0,15,13,9,436
34.0,15,13,10,438
34.0,15,13,11,440
34.0,15,13,12,442
34.0,15,13,13,444
34.0,15,13,14,445
34.0,15,13,15,447
34.0,15,14,0,420
34.0,15,14,1,422
34.0,15,14,2,424
34.0,15,14,3,426
34.0,15,14,4,428
34.0,15,14,5,430
34.0,15,14,6,432
34.0,15,14,7,434
34.0,15,14,8,436
34.0,15,14,9,438
34.0,15,14,10,440
34.0,15,14,11,442
34.0,15,14,12,444
34.0,15,14,13,446
34.0,15,14,14,448
34.0,15,14,15,450
34.0,15,15,0,422
34.0,15,15,1,424
34.0,15,15,2,426
34.0,15,15,3,428
34.0,15,15,4,430
34.0,15,15,5,432
34.0,15,15,6,434
34.0,15,15,7,436
34.0,15,15,8,438
34.0,15,15,9,440
34.0,15,15,10,442
34.0,15,15,11,444
34.0,15,15,12,446
34.0,15,15,13,448
34.0,15,15,14,450
34.0,15,15,15,452
34.5,0,0,0,312
34.5,0,0,1,313
34.5,0,0,2,315
34.5,0,0,3,316
34.5,0,0,4,318
34.5,0,0,5,319
34.5,0,0,6,321
34.5,0,0,7,322
34.5,0,0,8,324
34.5,0,0,9,325
34.5,0,0,10,327
34.5,0,0,11,328
34.5,0,0,12,330
34.5,0,0,13,331
34.5,0,0,14,333
34.5,0,0,15,334
34.5,0,1,0,314
34.5,0,1,1,315
34.5,0,1,2,317
34.5,0,1,3,318
34.5,0,1,4,320
34.5,0,1,5,321
34.5,0,1,6,323
34.5,0,1,7,324
34.5,0,1,8,326
34.5,0,1,9,327
34.5,0,1,10,329
34.5,0,1,11,330
34.5,0,1,12,332
34.5,0,1,13,333
34.5,0,1,14,335
34.5,0,1,15,336
34.5,0,2,0,316
34.5,0,2,1,317
34.5,0,2,2,319
34.5,0,2,3,320
34.5,0,2,4,322
34.5,0,2,5,323
34.5,0,2,6,325
34.5,0,2,7,326
34.5,0,2,8,328
34.5,0,2,9,329
34.5,0,2,10,331
34.5,0,2,11,332
34.5,0,2,12,334
34.5,0,2,13,335
34.5,0,2,14,337
34.5,0,2,15,338
34.5,0,3,0,318
34.5,0,3,1,319
34.5,0,3,2,321
34.5,0,3,3,322
34.5,0,3,4,324
34.5,0,3,5,325
34.5,0,3,6,327
34.5,0,3,7,328
34.5,0,3,8,330
34.5,0,3,9,331
34.5,0,3,10,333
34.5,0,3,11,334
34.5,0,3,12,336
34.5,0,3,13,337
34.5,0,3,14,339
34.5,0,3,15,340
34.5,0,4,0,319
34.5,0,4,1,321
34.5,0,4,2,322
34.5,0,4,3,324
34.5,0,4,4,326
34.5,0,4,5,327
34.5,0,4,6,329
34.5,0,4,7,330
34.5,0,4,8,332
34.5,0,4,9,333
34.5,0,4,10,335
34.5,0,4,11,336
34.5,0,4,12,338
34.5,0,4,13,339
34.5,0,4,14,341
34.5,0,4,15,342
34.5,0,5,0,321
34.5,0,5,1,323
34.5,0,5,2,324
34.5,0,5,3,326
34.5,0,5,4,327
34.5,0,5,5,329
34.5,0,5,6,331
34.5,0,5,7,332
34.5,0,5,8,334
34.5,0,5,9,335
34.5,0,5,10,337
34.5,0,5,11,338
34.5,0,5,12,340
34.5,0,5,13,341
34.5,0,5,14,343
34.5,0,5,15,344
34.5,0,6,0,323
34.5,0,6,1,325
34.5,0,6,2,326
34.5,0,6,3,328
34.5,0,6,4,329
34.5,0,6,5,331
34.5,0,6,6,332
34.5,0,6,7,334
34.5,0,6,8,335
34.5,0,6,9,337
34.5,0,6,10,339
34.5,0,6,11,340
34.5,0,6,12,342
34.5,0,6,13,343
34.5,0,6,14,345
34.5,0,6,15,346
34.5,0,7,0,325
34.5,0,7,1,326
34.5,0,7,2,328
34.5,0,7,3,330
34.5,0,7,4,331
34.5,0,7,5,333
34.5,0,7,6,334
34.5,0,7,7,336
34.5,0,7,8,337
34.5,0,7,9,339
34.5,0,7,10,340
34.5,0,7,11,342
34.5,0,7,12,343
34.5,0,7,13,345
34.5,0,7,14,346
34.5,0,7,15,348
34.5,0,8,0,327
34.5,0,8,1,328
34.5,0,8,2,330
34.5,0,8,3,331
34.5,0,8,4,333
34.5,0,8,5,335
34.5,0,8,6,336
34.5,0,8,7,338
34.5,0,8,8,339
34.5,0,8,9,341
34.5,0,8,10,342
34.5,0,8,11,344
34.5,0,8,12,345
34.5,0,8,13,347
34.5,0,8,14,348
34.5,0,8,15,350
34.5,0,9,0,328
34.5,0,9,1,330
34.5,0,9,2,332
34.5,0,9,3,333
34.5,0,9,4,335
34.5,0,9,5,336
34.5,0,9,6,338
34.5,0,9,7,340
34.5,0,9,8,341
34.5,0,9,9,343
34.5,0,9,10,344
34.5,0,9,11,346
34.5,0,9,12,347
34.5,0,9,13,349
34.5,0,9,14,350
34.5,0,9,15,352
34.5,0,10,0,330
34.5,0,10,1,332
34.5,0,10,2,333
34.5,0,10,3,335
34.5,0,10,4,337
34.5,0,10,5,338
34.5,0,10,6,340
34.5,0,10,7,341
34.5,0,10,8,343
34.5,0,10,9,344
34.5,0,10,10,346
34.5,0,10,11,348
34.5,0,10,12,349
34.5,0,10,13,351
34.5,0,10,14,352
34.5,0,10,15,354
34.5,0,11,0,332
34.5,0,11,1,334
34.5,0,11,2,335
34.5,0,11,3,337
34.5,0,11,4,338
34.5,0,11,5,340
34.5,0,11,6,342
34.5,0,11,7,343
34.5,0,11,8,345
34.5,0,11,9,346
34.5,0,11,10,348
34.5,0,11,11,349
34.5,0,11,12,351
34.5,0,11,13,353
34.5,0,11,14,354
34.5,0,11,15,356
34.5,0,12,0,334
34.5,0,12,1,335
34.5,0,12,2,337
34.5,0,12,3,339
34.5,0,12,4,340
34.5,0,12,5,342
34.5,0,12,6,343
34.5,0,12,7,345
34.5,0,12,8,347
34.5,0,12,9,348
34.5,0,12,10,350
34.5,0,12,11,351
34.5,0,12,12,353
34.5,0,12,13,354
34.5,0,12,14,356
34.5,0,12,15,357
34.5,0,13,0,336
34.5,0,13,1,337
34.5,0,13,2,339
34.5,0,13,3,340
34.5,0,13,4,342
34.5,0,13,5,344
34.5,0,13,6,345
34.5,0,13,7,347
34.5,0,13,8,348
34.5,0,13,9,350
34.5,0,13,10,352
34.5,0,13,11,353
34.5,0,13,12,355
34.5,0,13,13,356
34.5,0,13,14,358
34.5,0,13,15,359
34.5,0,14,0,337
34.5,0,14,1,339
34.5,0,14,2,341
34.5,0,14,3,342
34.5,0,14,4,344
34.5,0,14,5,345
34.5,0,14,6,347
34.5,0,14,7,349
34.5,0,14,8,350
34.5,0,14,9,352
34.5,0,14,10,353
34.5,0,14,11,355
34.5,0,14,12,357
34.5,0,14,13,358
34.5,0,14,14,360
34.5,0,14,15,361
34.5,0,15,0,339
34.5,0,15,1,341
34.5,0,15,2,342
34.5,0,15,3,344
34.5,0,15,4,346
34.5,0,15,5,347
34.5,0,15,6,349
34.5,0,15,7,350
34.5,0,15,8,352
34.5,0,15,9,354
34.5,0,15,10,355
34.5,0,15,11,357
34.5,0,15,12,358
34.5,0,15,13,360
34.5,0,15,14,362
34.5,0,15,15,363
34.5,1,0,0,317
34.5,1,0,1,319
34.5,1,0,2,320
34.5,1,0,3,322
34.5,1,0,4,323
34.5,1,0,5,325
34.5,1,0,6,326
34.5,1,0,7,328
34.5,1,0,8,329
34.5,1,0,9,331
34.5,1,0,10,332
34.5,1,0,11,334
34.5,1,0,12,335
34.5,1,0,13,337
34.5,1,0,14,338
34.5,1,0,15,340
34.5,1,1,0,319
34.5,1,1,1,321
34.5,1,1,2,322
34.5,1,1,3,324
34.5,1,1,4,325
34.5,1,1,5,327
34.5,1,1,6,328
34.5,1,1,7,330
34.5,1,1,8,331
34.5,1,1,9,333
34.5,1,1,10,334
34.5,1,1,11,336
34.5,1,1,12,337
34.5,1,1,13,339
34.5,1,1,14,340
34.5,1,1,15,342
34.5,1,2,0,321
34.5,1,2,1,323
34.5,1,2,2,324
34.5,1,2,3,326
34.5,1,2,4,327
34.5,1,2,5,329
34.5,1,2,6,330
34.5,1,2,7,332
34.5,1,2,8,333
34.5,1,2,9,335
34.5,1,2,10,336
34.5,1,2,11,338
34.5,1,2,12,339
34.5,1,2,13,341
34.5,1,2,14,342
34.5,1,2,15,344
34.5,1,3,0,323
34.5,1,3,1,324
34.5,1,3,2,326
34.5,1,3,3,328
34.5,1,3,4,329
34.5,1,3,5,331
34.5,1,3,6,332
34.5,1,3,7,334
34.5,1,3,8,335
34.5,1,3,9,337
34.5,1,3,10,338
34.5,1,3,11,340
34.5,1,3,12,341
34.5,1,3,13,343
34.5,1,3,14,344
34.5,1,3,15,346
34.5,1,4,0,325
34.5,1,4,1,326
34.5,1,4,2,328
34.5,1,4,3,330
34.5,1,4,4,331
34.5,1,4,5,333
34.5,1,4,6,334
34.5,1,4,7,336
34.5,1,4,8,337
34.5,1,4,9,339
34.5,1,4,10,340
34.5,1,4,11,342
34.5,1,4,12,343
34.5,1,4,13,345
34.5,1,4,14,346
34.5,1,4,15,348
34.5,1,5,0,327
34.5,1,5,1,328
34.5,1,5,2,330
34.5,1,5,3,331
34.5,1,5,4,333
34.5,1,5,5,335
34.5,1,5,6,336
34.5,1,5,7,338
34.5,1,5,8,339
34.5,1,5,9,341
34.5,1,5,10,342
34.5,1,5,11,344
34.5,1,5,12,345
34.5,1,5,13,347
34.5,1,5,14,348
34.5,1,5,15,350
34.5,1,6,0,329
34.5,1,6,1,330
34.5,1,6,2,332
34.5,1,6,3,333
34.5,1,6,4,335
34.5,1,6,5,336
34.5,1,6,6,338
34.5,1,6,7,340
34.5,1,6,8,341
34.5,1,6,9,343
34.5,1,6,10,344
34.5,1,6,11,346
34.5,1,6,12,347
34.5,1,6,13,349
34.5,1,6,14,350
34.5,1,6,15,352
34.5,1,7,0,330
34.5,1,7,1,332
34.5,1,7,2,334
34.5,1,7,3,335
34.5,1,7,4,337
34.5,1,7,5,338
34.5,1,7,6,340
34.5,1,7,7,342
34.5,1,7,8,343
34.5,1,7,9,345
34.5,1,7,10,346
34.5,1,7,11,348
34.5,1,7,12,349
34.5,1,7,13,351
34.5,1,7,14,352
34.5,1,7,15,354
34.5,1,8,0,332
34.5,1,8,1,334
34.5,1,8,2,335
34.5,1,8,3,337
34.5,1,8,4,339
34.5,1,8,5,340
34.5,1,8,6,342
34.5,1,8,7,343
34.5,1,8,8,345
34.5,1,8,9,347
34.5,1,8,10,348
34.5,1,8,11,350
34.5,1,8,12,351
34.5,1,8,13,353
34.5,1,8,14,354
34.5,1,8,15,356
34.5,1,9,0,334
34.5,1,9,1,336
34.5,1,9,2,337
34.5,1,9,3,339
34.5,1,9,4,341
34.5,1,9,5,342
34.5,1,9,6,344
34.5,1,9,7,345
34.5,1,9,8,347
34.5,1,9,9,348
34.5,1,9,10,350
34.5,1,9,11,352
34.5,1,9,12,353
34.5,1,9,13,355
34.5,1,9,14,356
34.5,1,9,15,358
34.5,1,10,0,336
34.5,1,10,1,337
34.5,1,10,2,339
34.5,1,10,3,341
34.5,1,10,4,342
34.5,1,10,5,344
34.5,1,10,6,346
34.5,1,10,7,347
34.5,1,10,8,349
34.5,1,10,9,350
34.5,1,10,10,352
34.5,1,10,11,353
34.5,1,10,12,355
34.5,1,10,13,357
34.5,1,10,14,358
34.5,1,10,15,360
34.5,1,11,0,338
34.5,1,11,1,339
34.5,1,11,2,341
34.5,1,11,3,343
34.5,1,11,4,344
34.5,1,11,5,346
34.5,1,11,6,347
34.5,1,11,7,349
34.5,1,11,8,351
34.5,1,11,9,352
34.5,1,11,10,354
34.5,1,11,11,355
34.5,1,11,12,357
34.5,1,11,13,359
34.5,1,11,14,360
34.5,1,11,15,362
34.5,1,12,0,339
34.5,1,12,1,341
34.5,1,12,2,343
34.5,1,12,3,344
34.5,1,12,4,346
34.5,1,12,5,348
34.5,1,12,6,349
34.5,1,12,7,351
34.5,1,12,8,352
34.5,1,12,9,354
34.5,1,12,10,356
34.5,1,12,11,357
34.5,1,12,12,359
34.5,1,12,13,360
34.5,1,12,14,362
34.5,1,12,15,364
34.5,1,13,0,341
34.5,1,13,1,343
34.5,1,13,2,345
34.5,1,13,3,346
34.5,1,13,4,348
34.5,1,13,5,349
34.5,1,13,6,351
34.5,1,13,7,353
34.5,1,13,8,354
34.5,1,13,9,356
34.5,1,13,10,358
34.5,1,13,11,359
34.5,1,13,12,361
34.5,1,13,13,362
34.5,1,13,14,364
34.5,1,13,15,365
34.5,1,14,0,343
34.5,1,14,1,345
34.5,1,14,2,346
34.5,1,14,3,348
34.5,1,14,4,350
34.5,1,14,5,351
34.5,1,14,6,353
34.5,1,14,7,355
34.5,1,14,8,356
34.5,1,14,9,358
34.5,1,14,10,359
34.5,1,14,11,361
34.5,1,14,12,363
34.5,1,14,13,364
34.5,1,14,14,366
34.5,1,14,15,367
34.5,1,15,0,345
34.5,1,15,1,346
34.5,1,15,2,348
34.5,1,15,3,350
34.5,1,15,4,351
34.5,1,15,5,353
34.5,1,15,6,355
34.5,1,15,7,356
34.5,1,15,8,358
34.5,1,15,9,360
34.5,1,15,10,361
34.5,1,15,11,363
34.5,1,15,12,364
34.5,1,15,13,366
34.5,1,15,14,368
34.5,1,15,15,369
34.5,2,0,0,323
34.5,2,0,1,324
34.5,2,0,2,326
34.5,2,0,3,327
34.5,2,0,4,329
34.5,2,0,5,330
34.5,2,0,6,332
34.5,2,0,7,333
34.5,2,0,8,335
34.5,2,0,9,336
34.5,2,0,10,338
34.5,2,0,11,339
34.5,2,0,12,341
34.5,2,0,13,342
34.5,2,0,14,344
34.5,2,0,15,345
34.5,2,1,0,324
34.5,2,1,1,326
34.5,2,1,2,328
34.5,2,1,3,329
34.5,2,1,4,331
34.5,2,1,5,332
34.5,2,1,6,334
34.5,2,1,7,335
34.5,2,1,8,337
34.5,2,1,9,338
34.5,2,1,10,340
34.5,2,1,11,342
34.5,2,1,12,343
34.5,2,1,13,345
34.5,2,1,14,346
34.5,2,1,15,348
34.5,2,2,0,326
34.5,2,2,1,328
34.5,2,2,2,330
34.5,2,2,3,331
34.5,2,2,4,333
34.5,2,2,5,334
34.5,2,2,6,336
34.5,2,2,7,337
34.5,2,2,8,339
34.5,2,2,9,341
34.5,2,2,10,342
34.5,2,2,11,344
34.5,2,2,12,345
34.5,2,2,13,347
34.5,2,2,14,348
34.5,2,2,15,350
34.5,2,3,0,328
34.5,2,3,1,330
34.5,2,3,2,332
34.5,2,3,3,333
34.5,2,3,4,335
34.5,2,3,5,336
34.5,2,3,6,338
34.5,2,3,7,339
34.5,2,3,8,341
34.5,2,3,9,343
34.5,2,3,10,344
34.5,2,3,11,346
34.5,2,3,12,347
34.5,2,3,13,349
34.5,2,3,14,350
34.5,2,3,15,352
34.5,2,4,0,330
34.5,2,4,1,332
34.5,2,4,2,333
34.5,2,4,3,335
34.5,2,4,4,337
34.5,2,4,5,338
34.5,2,4,6,340
34.5,2,4,7,341
34.5,2,4,8,343
34.5,2,4,9,344
34.5,2,4,10,346
34.5,2,4,11,348
34.5,2,4,12,349
34.5,2,4,13,351
34.5,2,4,14,352
34.5,2,4,15,354
34.5,2,5,0,332
34.5,2,5,1,334
34.5,2,5,2,335
34.5,2,5,3,337
34.5,2,5,4,339
34.5,2,5,5,340
34.5,2,5,6,342
34.5,2,5,7,343
34.5,2,5,8,345
34.5,2,5,9,346
34.5,2,5,10,348
34.5,2,5,11,350
34.5,2,5,12,351
34.5,2,5,13,353
34.5,2,5,14,354
34.5,2,5,15,356
34.5,2,6,0,334
34.5,2,6,1,336
34.5,2,6,2,337
34.5,2,6,3,339
34.5,2,6,4,340
34.5,2,6,5,342
34.5,2,6,6,344
34.5,2,6,7,345
34.5,2,6,8,347
34.5,2,6,9,348
34.5,2,6,10,350
34.5,2,6,11,352
34.5,2,6,12,353
34.5,2,6,13,355
34.5,2,6,14,356
34.5,2,6,15,358
34.5,2,7,0,336
34.5,2,7,1,338
34.5,2,7,2,339
34.5,2,7,3,341
34.5,2,7,4,342
34.5,2,7,5,344
34.5,2,7,6,346
34.5,2,7,7,347
34.5,2,7,8,349
34.5,2,7,9,350
34.5,2,7,10,352
34.5,2,7,11,354
34.5,2,7,12,355
34.5,2,7,13,357
34.5,2,7,14,358
34.5,2,7,15,360
34.5,2,8,0,338
34.5,2,8,1,339
34.5,2,8,2,341
34.5,2,8,3,343
34.5,2,8,4,344
34.5,2,8,5,346
34.5,2,8,6,348
34.5,2,8,7,349
34.5,2,8,8,351
34.5,2,8,9,352
34.5,2,8,10,354
34.5,2,8,11,356
34.5,2,8,12,357
34.5,2,8,13,359
34.5,2,8,14,360
34.5,2,8,15,362
34.5,2,9,0,340
34.5,2,9,1,341
34.5,2,9,2,343
34.5,2,9,3,345
34.5,2,9,4,346
34.5,2,9,5,348
34.5,2,9,6,349
34.5,2,9,7,351
34.5,2,9,8,353
34.5,2,9,9,354
34.5,2,9,10,356
34.5,2,9,11,357
34.5,2,9,12,359
34.5,2,9,13,361
34.5,2,9,14,362
34.5,2,9,15,364
34.5,2,10,0,341
34.5,2,10,1,343
34.5,2,10,2,345
34.5,2,10,3,346
34.5,2,10,4,348
34.5,2,10,5,350
34.5,2,10,6,351
34.5,2,10,7,353
34.5,2,10,8,355
34.5,2,10,9,356
34.5,2,10,10,358
34.5,2,10,11,359
34.5,2,10,12,361
34.5,2,10,13,363
34.5,2,10,14,364
34.5,2,10,15,366
34.5,2,11,0,343
34.5,2,11,1,345
34.5,2,11,2,347
34.5,2,11,3,348
34.5,2,11,4,350
34.5,2,11,5,352
34.5,2,11,6,353
34.5,2,11,7,355
34.5,2,11,8,356
34.5,2,11,9,358
34.5,2,11,10,360
34.5,2,11,11,361
34.5,2,11,12,363
34.5,2,11,13,365
34.5,2,11,14,366
34.5,2,11,15,368
34.5,2,12,0,345
34.5,2,12,1,347
34.5,2,12,2,348
34.5,2,12,3,350
34.5,2,12,4,352
34.5,2,12,5,353
34.5,2,12,6,355
34.5,2,12,7,357
34.5,2,12,8,358
34.5,2,12,9,360
34.5,2,12,10,362
34.5,2,12,11,363
34.5,2,12,12,365
34.5,2,12,13,366
34.5,2,12,14,368
34.5,2,12,15,370
34.5,2,13,0,347
34.5,2,13,1,349
34.5,2,13,2,350
34.5,2,13,3,352
34.5,2,13,4,354
34.5,2,13,5,355
34.5,2,13,6,357
34.5,2,13,7,359
34.5,2,13,8,360
34.5,2,13,9,362
34.5,2,13,10,364
34.5,2,13,11,365
34.5,2,13,12,367
34.5,2,13,13,368
34.5,2,13,14,370
34.5,2,13,15,372
34.5,2,14,0,349
34.5,2,14,1,350
34.5,2,14,2,352
34.5,2,14,3,354
34.5,2,14,4,355
34.5,2,14,5,357
34.5,2,14,6,359
34.5,2,14,7,360
34.5,2,14,8,362
34.5,2,14,9,364
34.5,2,14,10,365
34.5,2,14,11,367
34.5,2,14,12,369
34.5,2,14,13,370
34.5,2,14,14,372
34.5,2,14,15,373
34.5,2,15,0,350
34.5,2,15,1,352
34.5,2,15,2,354
34.5,2,15,3,356
34.5,2,15,4,357
34.5,2,15,5,359
34.5,2,15,6,361
34.5,2,15,7,362
34.5,2,15,8,364
34.5,2,15,9,366
34.5,2,15,10,367
34.5,2,15,11,369
34.5,2,15,12,371
34.5,2,15,13,372
34.5,2,15,14,374
34.5,2,15,15,375
34.5,3,0,0,328
34.5,3,0,1,329
34.5,3,0,2,331
34.5,3,0,3,333
34.5,3,0,4,334
34.5,3,0,5,336
34.5,3,0,6,337
34.5,3,0,7,339
34.5,3,0,8,340
34.5,3,0,9,342
34.5,3,0,10,344
34.5,3,0,11,345
34.5,3,0,12,347
34.5,3,0,13,348
34.5,3,0,14,350
34.5,3,0,15,351
34.5,3,1,0,330
34.5,3,1,1,331
34.5,3,1,2,333
34.5,3,1,3,335
34.5,3,1,4,336
34.5,3,1,5,338
34.5,3,1,6,339
34.5,3,1,7,341
34.5,3,1,8,342
34.5,3,1,9,344
34.5,3,1,10,346
34.5,3,1,11,347
34.5,3,1,12,349
34.5,3,1,13,350
34.5,3,1,14,352
34.5,3,1,15,353
34.5,3,2,0,332
34.5,3,2,1,333
34.5,3,2,2,335
34.5,3,2,3,337
34.5,3,2,4,338
34.5,3,2,5,340
34.5,3,2,6,341
34.5,3,2,7,343
34.5,3,2,8,345
34.5,3,2,9,346
34.5,3,2,10,348
34.5,3,2,11,349
34.5,3,2,12,351
34.5,3,2,13,352
34.5,3,2,14,354
34.5,3,2,15,355
34.5,3,3,0,334
34.5,3,3,1,335
34.5,3,3,2,337
34.5,3,3,3,339
34.5,3,3,4,340
34.5,3,3,5,342
34.5,3,3,6,343
34.5,3,3,7,345
34.5,3,3,8,347
34.5,3,3,9,348
34.5,3,3,10,350
34.5,3,3,11,351
34.5,3,3,12,353
34.5,3,3,13,354
34.5,3,3,14,356
34.5,3,3,15,357
34.5,3,4,0,336
34.5,3,4,1,337
34.5,3,4,2,339
34.5,3,4,3,341
34.5,3,4,4,342
34.5,3,4,5,344
34.5,3,4,6,345
34.5,3,4,7,347
34.5,3,4,8,349
34.5,3,4,9,350
34.5,3,4,10,352
34.5,3,4,11,353
34.5,3,4,12,355
34.5,3,4,13,356
34.5,3,4,14,358
34.5,3,4,15,360
34.5,3,5,0,338
34.5,3,5,1,339
34.5,3,5,2,341
34.5,3,5,3,342
34.5,3,5,4,344
34.5,3,5,5,346
34.5,3,5,6,347
34.5,3,5,7,349
34.5,3,5,8,351
34.5,3,5,9,352
34.5,3,5,10,354
34.5,3,5,11,355
34.5,3,5,12,357
34.5,3,5,13,358
34.5,3,5,14,360
34.5,3,5,15,362
34.5,3,6,0,339
34.5,3,6,1,341
34.5,3,6,2,343
34.5,3,6,3,344
34.5,3,6,4,346
34.5,3,6,5,348
34.5,3,6,6,349
34.5,3,6,7,351
34.5,3,6,8,353
34.5,3,6,9,354
34.5,3,6,10,356
34.5,3,6,11,357
34.5,3,6,12,359
34.5,3,6,13,360
34.5,3,6,14,362
34.5,3,6,15,364
34.5,3,7,0,341
34.5,3,7,1,343
34.5,3,7,2,345
34.5,3,7,3,346
34.5,3,7,4,348
34.5,3,7,5,350
34.5,3,7,6,351
34.5,3,7,7,353
34.5,3,7,8,355
34.5,3,7,9,356
34.5,3,7,10,358
34.5,3,7,11,359
34.5,3,7,12,361
34.5,3,7,13,363
34.5,3,7,14,364
34.5,3,7,15,366
34.5,3,8,0,343
34.5,3,8,1,345
34.5,3,8,2,347
34.5,3,8,3,348
34.5,3,8,4,350
34.5,3,8,5,352
34.5,3,8,6,353
34.5,3,8,7,355
34.5,3,8,8,357
34.5,3,8,9,358
34.5,3,8,10,360
34.5,3,8,11,361
34.5,3,8,12,363
34.5,3,8,13,365
34.5,3,8,14,366
34.5,3,8,15,368
34.5,3,9,0,345
34.5,3,9,1,347
34.5,3,9,2,349
34.5,3,9,3,350
34.5,3,9,4,352
34.5,3,9,5,354
34.5,3,9,6,355
34.5,3,9,7,357
34.5,3,9,8,358
34.5,3,9,9,360
34.5,3,9,10,362
34.5,3,9,11,363
34.5,3,9,12,365
34.5,3,9,13,367
34.5,3,9,14,368
34.5,3,9,15,370
34.5,3,10,0,347
34.5,3,10,1,349
34.5,3,10,2,350
34.5,3,10,3,352
34.5,3,10,4,354
34.5,3,10,5,355
34.5,3,10,6,357
34.5,3,10,7,359
34.5,3,10,8,360
34.5,3,10,9,362
34.5,3,10,10,364
34.5,3,10,11,365
34.5,3,10,12,367
34.5,3,10,13,369
34.5,3,10,14,370
34.5,3,10,15,372
34.5,3,11,0,349
34.5,3,11,1,351
34.5,3,11,2,352
34.5,3,11,3,354
34.5,3,11,4,356
34.5,3,11,5,357
34.5,3,11,6,359
34.5,3,11,7,361
34.5,3,11,8,362
34.5,3,11,9,364
34.5,3,11,10,366
34.5,3,11,11,367
34.5,3,11,12,369
34.5,3,11,13,370
34.5,3,11,14,372
34.5,3,11,15,374
34.5,3,12,0,351
34.5,3,12,1,352
34.5,3,12,2,354
34.5,3,12,3,356
34.5,3,12,4,358
34.5,3,12,5,359
34.5,3,12,6,361
34.5,3,12,7,363
34.5,3,12,8,364
34.5,3,12,9,366
34.5,3,12,10,368
34.5,3,12,11,369
34.5,3,12,12,371
34.5,3,12,13,372
34.5,3,12,14,374
34.5,3,12,15,376
34.5,3,13,0,353
34.5,3,13,1,354
34.5,3,13,2,356
34.5,3,13,3,358
34.5,3,13,4,359
34.5,3,13,5,361
34.5,3,13,6,363
34.5,3,13,7,365
34.5,3,13,8,366
34.5,3,13,9,368
34.5,3,13,10,369
34.5,3,13,11,371
34.5,3,13,12,373
34.5,3,13,13,374
34.5,3,13,14,376
34.5,3,13,15,378
34.5,3,14,0,354
34.5,3,14,1,356
34.5,3,14,2,358
34.5,3,14,3,360
34.5,3,14,4,361
34.5,3,14,5,363
34.5,3,14,6,365
34.5,3,14,7,366
34.5,3,14,8,368
34.5,3,14,9,370
34.5,3,14,10,371
34.5,3,14,11,373
34.5,3,14,12,375
34.5,3,14,13,376
34.5,3,14,14,378
34.5,3,14,15,380
34.5,3,15,0,356
34.5,3,15,1,358
34.5,3,15,2,360
34.5,3,15,3,361
34.5,3,15,4,363
34.5,3,15,5,365
34.5,3,15,6,367
34.5,3,15,7,368
34.5,3,15,8,370
34.5,3,15,9,372
34.5,3,15,10,373
34.5,3,15,11,375
34.5,3,15,12,377
34.5,3,15,13,378
34.5,3,15,14,380
34.5,3,15,15,382
34.5,4,0,0,333
34.5,4,0,1,335
34.5,4,0,2,336
34.5,4,0,3,338
34.5,4,0,4,340
34.5,4,0,5,341
34.5,4,0,6,343
34.5,4,0,7,344
34.5,4,0,8,346
34.5,4,0,9,348
34.5,4,0,10,349
34.5,4,0,11,351
34.5,4,0,12,352
34.5,4,0,13,354
34.5,4,0,14,355
34.5,4,0,15,357
34.5,4,1,0,335
34.5,4,1,1,337
34.5,4,1,2,338
34.5,4,1,3,340
34.5,4,1,4,342
34.5,4,1,5,343
34.5,4,1,6,345
34.5,4,1,7,346
34.5,4,1,8,348
34.5,4,1,9,350
34.5,4,1,10,351
34.5,4,1,11,353
34.5,4,1,12,354
34.5,4,1,13,356
34.5,4,1,14,357
34.5,4,1,15,359
34.5,4,2,0,337
34.5,4,2,1,339
34.5,4,2,2,340
34.5,4,2,3,342
34.5,4,2,4,344
34.5,4,2,5,345
34.5,4,2,6,347
34.5,4,2,7,348
34.5,4,2,8,350
34.5,4,2,9,352
34.5,4,2,10,353
34.5,4,2,11,355
34.5,4,2,12,356
34.5,4,2,13,358
34.5,4,2,14,360
34.5,4,2,15,361
34.5,4,3,0,339
34.5,4,3,1,341
34.5,4,3,2,342
34.5,4,3,3,344
34.5,4,3,4,346
34.5,4,3,5,347
34.5,4,3,6,349
34.5,4,3,7,351
34.5,4,3,8,352
34.5,4,3,9,354
34.5,4,3,10,355
34.5,4,3,11,357
34.5,4,3,12,359
34.5,4,3,13,360
34.5,4,3,14,362
34.5,4,3,15,363
34.5,4,4,0,341
34.5,4,4,1,343
34.5,4,4,2,344
34.5,4,4,3,346
34.5,4,4,4,348
34.5,4,4,5,349
34.5,4,4,6,351
34.5,4,4,7,353
34.5,4,4,8,354
34.5,4,4,9,356
34.5,4,4,10,357
34.5,4,4,11,359
34.5,4,4,12,361
34.5,4,4,13,362
34.5,4,4,14,364
34.5,4,4,15,365
34.5,4,5,0,343
34.5,4,5,1,345
34.5,4,5,2,346
34.5,4,5,3,348
34.5,4,5,4,350
34.5,4,5,5,351
34.5,4,5,6,353
34.5,4,5,7,355
34.5,4,5,8,356
34.5,4,5,9,358
34.5,4,5,10,359
34.5,4,5,11,361
34.5,4,5,12,363
34.5,4,5,13,364
34.5,4,5,14,366
34.5,4,5,15,367
34.5,4,6,0,345
34.5,4,6,1,347
34.5,4,6,2,348
34.5,4,6,3,350
34.5,4,6,4,352
34.5,4,6,5,353
34.5,4,6,6,355
34.5,4,6,7,357
34.5,4,6,8,358
34.5,4,6,9,360
34.5,4,6,10,361
34.5,4,6,11,363
34.5,4,6,12,365
34.5,4,6,13,366
34.5,4,6,14,368
34.5,4,6,15,369
34.5,4,7,0,347
34.5,4,7,1,349
34.5,4,7,2,350
34.5,4,7,3,352
34.5,4,7,4,354
34.5,4,7,5,355
34.5,4,7,6,357
34.5,4,7,7,359
34.5,4,7,8,360
34.5,4,7,9,362
34.5,4,7,10,364
34.5,4,7,11,365
34.5,4,7,12,367
34.5,4,7,13,368
34.5,4,7,14,370
34.5,4,7,15,372
34.5,4,8,0,349
34.5,4,8,1,351
34.5,4,8,2,352
34.5,4,8,3,354
34.5,4,8,4,356
34.5,4,8,5,357
34.5,4,8,6,359
34.5,4,8,7,361
34.5,4,8,8,362
34.5,4,8,9,364
34.5,4,8,10,366
34.5,4,8,11,367
34.5,4,8,12,369
34.5,4,8,13,370
34.5,4,8,14,372
34.5,4,8,15,374
34.5,4,9,0,351
34.5,4,9,1,352
34.5,4,9,2,354
34.5,4,9,3,356
34.5,4,9,4,358
34.5,4,9,5,359
34.5,4,9,6,361
34.5,4,9,7,363
34.5,4,9,8,364
34.5,4,9,9,366
34.5,4,9,10,368
34.5,4,9,11,369
34.5,4,9,12,371
34.5,4,9,13,372
34.5,4,9,14,374
34.5,4,9,15,376
34.5,4,10,0,353
34.5,4,10,1,354
34.5,4,10,2,356
34.5,4,10,3,358
34.5,4,10,4,359
34.5,4,10,5,361
34.5,4,10,6,363
34.5,4,10,7,365
34.5,4,10,8,366
34.5,4,10,9,368
34.5,4,10,10,370
34.5,4,10,11,371
34.5,4,10,12,373
34.5,4,10,13,374
34.5,4,10,14,376
34.5,4,10,15,378
34.5,4,11,0,355
34.5,4,11,1,356
34.5,4,11,2,358
34.5,4,11,3,360
34.5,4,11,4,361
34.5,4,11,5,363
34.5,4,11,6,365
34.5,4,11,7,367
34.5,4,11,8,368
34.5,4,11,9,370
34.5,4,11,10,372
34.5,4,11,11,373
34.5,4,11,12,375
34.5,4,11,13,376
34.5,4,11,14,378
34.5,4,11,15,380
34.5,4,12,0,356
34.5,4,12,1,358
34.5,4,12,2,360
34.5,4,12,3,362
34.5,4,12,4,363
34.5,4,12,5,365
34.5,4,12,6,367
34.5,4,12,7,368
34.5,4,12,8,370
34.5,4,12,9,372
34.5,4,12,10,374
34.5,4,12,11,375
34.5,4,12,12,377
34.5,4,12,13,378
34.5,4,12,14,380
34.5,4,12,15,382
34.5,4,13,0,358
34.5,4,13,1,360
34.5,4,13,2,362
34.5,4,13,3,364
34.5,4,13,4,365
34.5,4,13,5,367
34.5,4,13,6,369
34.5,4,13,7,370
34.5,4,13,8,372
34.5,4,13,9,374
34.5,4,13,10,375
34.5,4,13,11,377
34.5,4,13,12,379
34.5,4,13,13,380
34.5,4,13,14,382
34.5,4,13,15,384
34.5,4,14,0,360
34.5,4,14,1,362
34.5,4,14,2,364
34.5,4,14,3,365
34.5,4,14,4,367
34.5,4,14,5,369
34.5,4,14,6,371
34.5,4,14,7,372
34.5,4,14,8,374
34.5,4,14,9,376
34.5,4,14,10,377
34.5,4,14,11,379
34.5,4,14,12,381
34.5,4,14,13,382
34.5,4,14,14,384
34.5,4,14,15,386
34.5,4,15,0,362
34.5,4,15,1,364
34.5,4,15,2,366
34.5,4,15,3,367
34.5,4,15,4,369
34.5,4,15,5,371
34.5,4,15,6,373
34.5,4,15,7,374
34.5,4,15,8,376
34.5,4,15,9,378
34.5,4,15,10,379
34.5,4,15,11,381
34.5,4,15,12,383
34.5,4,15,13,384
34.5,4,15,14,386
34.5,4,15,15,388
34.5,5,0,0,338
34.5,5,0,1,340
34.5,5,0,2,342
34.5,5,0,3,343
34.5,5,0,4,345
34.5,5,0,5,347
34.5,5,0,6,348
34.5,5,0,7,350
34.5,5,0,8,351
34.5,5,0,9,353
34.5,5,0,10,355
34.5,5,0,11,356
34.5,5,0,12,358
34.5,5,0,13,359
34.5,5,0,14,361
34.5,5,0,15,362
34.5,5,1,0,340
34.5,5,1,1,342
34.5,5,1,2,344
34.5,5,1,3,345
34.5,5,1,4,347
34.5,5,1,5,349
34.5,5,1,6,350
34.5,5,1,7,352
34.5,5,1,8,354
34.5,5,1,9,355
34.5,5,1,10,357
34.5,5,1,11,358
34.5,5,1,12,360
34.5,5,1,13,362
34.5,5,1,14,363
34.5,5,1,15,365
34.5,5,2,0,342
34.5,5,2,1,344
34.5,5,2,2,346
34.5,5,2,3,347
34.5,5,2,4,349
34.5,5,2,5,351
34.5,5,2,6,352
34.5,5,2,7,354
34.5,5,2,8,356
34.5,5,2,9,357
34.5,5,2,10,359
34.5,5,2,11,360
34.5,5,2,12,362
34.5,5,2,13,364
34.5,5,2,14,365
34.5,5,2,15,367
34.5,5,3,0,344
34.5,5,3,1,346
34.5,5,3,2,348
34.5,5,3,3,350
34.5,5,3,4,351
34.5,5,3,5,353
34.5,5,3,6,354
34.5,5,3,7,356
34.5,5,3,8,358
34.5,5,3,9,359
34.5,5,3,10,361
34.5,5,3,11,363
34.5,5,3,12,364
34.5,5,3,13,366
34.5,5,3,14,367
34.5,5,3,15,369
34.5,5,4,0,346
34.5,5,4,1,348
34.5,5,4,2,350
34.5,5,4,3,352
34.5,5,4,4,353
34.5,5,4,5,355
34.5,5,4,6,357
34.5,5,4,7,358
34.5,5,4,8,360
34.5,5,4,9,361
34.5,5,4,10,363
34.5,5,4,11,365
34.5,5,4,12,366
34.5,5,4,13,368
34.5,5,4,14,370
34.5,5,4,15,371
34.5,5,5,0,348
34.5,5,5,1,350
34.5,5,5,2,352
34.5,5,5,3,354
34.5,5,5,4,355
34.5,5,5,5,357
34.5,5,5,6,359
34.5,5,5,7,360
34.5,5,5,8,362
34.5,5,5,9,364
34.5,5,5,10,365
34.5,5,5,11,367
34.5,5,5,12,368
34.5,5,5,13,370
34.5,5,5,14,372
34.5,5,5,15,373
34.5,5,6,0,350
34.5,5,6,1,352
34.5,5,6,2,354
34.5,5,6,3,356
34.5,5,6,4,357
34.5,5,6,5,359
34.5,5,6,6,361
34.5,5,6,7,362
34.5,5,6,8,364
34.5,5,6,9,366
34.5,5,6,10,367
34.5,5,6,11,369
34.5,5,6,12,371
34.5,5,6,13,372
34.5,5,6,14,374
34.5,5,6,15,375
34.5,5,7,0,352
34.5,5,7,1,354
34.5,5,7,2,356
34.5,5,7,3,358
34.5,5,7,4,359
34.5,5,7,5,361
34.5,5,7,6,363
34.5,5,7,7,364
34.5,5,7,8,366
34.5,5,7,9,368
34.5,5,7,10,369
34.5,5,7,11,371
34.5,5,7,12,373
34.5,5,7,13,374
34.5,5,7,14,376
34.5,5,7,15,377
34.5,5,8,0,354
34.5,5,8,1,356
34.5,5,8,2,358
34.5,5,8,3,360
34.5,5,8,4,361
34.5,5,8,5,363
34.5,5,8,6,365
34.5,5,8,7,366
34.5,5,8,8,368
34.5,5,8,9,370
34.5,5,8,10,371
34.5,5,8,11,373
34.5,5,8,12,375
34.5,5,8,13,376
34.5,5,8,14,378
34.5,5,8,15,380
34.5,5,9,0,356
34.5,5,9,1,358
34.5,5,9,2,360
34.5,5,9,3,362
34.5,5,9,4,363
34.5,5,9,5,365
34.5,5,9,6,367
34.5,5,9,7,368
34.5,5,9,8,370
34.5,5,9,9,372
34.5,5,9,10,373
34.5,5,9,11,375
34.5,5,9,12,377
34.5,5,9,13,378
34.5,5,9,14,380
34.5,5,9,15,382
34.5,5,10,0,358
34.5,5,10,1,360
34.5,5,10,2,362
34.5,5,10,3,363
34.5,5,10,4,365
34.5,5,10,5,367
34.5,5,10,6,369
34.5,5,10,7,370
34.5,5,10,8,372
34.5,5,10,9,374
34.5,5,10,10,375
34.5,5,10,11,377
34.5,5,10,12,379
34.5,5,10,13,380
34.5,5,10,14,382
34.5,5,10,15,384
34.5,5,11,0,360
34.5,5,11,1,362
34.5,5,11,2,364
34.5,5,11,3,365
34.5,5,11,4,367
34.5,5,11,5,369
34.5,5,11,6,371
34.5,5,11,7,372
34.5,5,11,8,374
34.5,5,11,9,376
34.5,5,11,10,377
34.5,5,11,11,379
34.5,5,11,12,381
34.5,5,11,13,382
34.5,5,11,14,384
34.5,5,11,15,386
34.5,5,12,0,362
34.5,5,12,1,364
34.5,5,12,2,366
34.5,5,12,3,367
34.5,5,12,4,369
34.5,5,12,5,371
34.5,5,12,6,373
34.5,5,12,7,374
34.5,5,12,8,376
34.5,5,12,9,378
34.5,5,12,10,379
34.5,5,12,11,381
34.5,5,12,12,383
34.5,5,12,13,384
34.5,5,12,14,386
34.5,5,12,15,388
34.5,5,13,0,364
34.5,5,13,1,366
34.5,5,13,2,368
34.5,5,13,3,369
34.5,5,13,4,371
34.5,5,13,5,373
34.5,5,13,6,375
34.5,5,13,7,376
34.5,5,13,8,378
34.5,5,13,9,380
34.5,5,13,10,381
34.5,5,13,11,383
34.5,5,13,12,385
34.5,5,13,13,387
34.5,5,13,14,388
34.5,5,13,15,390
34.5,5,14,0,366
34.5,5,14,1,368
34.5,5,14,2,369
34.5,5,14,3,371
34.5,5,14,4,373
34.5,5,14,5,375
34.5,5,14,6,376
34.5,5,14,7,378
34.5,5,14,8,380
34.5,5,14,9,382
34.5,5,14,10,383
34.5,5,14,11,385
34.5,5,14,12,387
34.5,5,14,13,389
34.5,5,14,14,390
34.5,5,14,15,392
34.5,5,15,0,368
34.5,5,15,1,370
34.5,5,15,2,371
34.5,5,15,3,373
34.5,5,15,4,375
34.5,5,15,5,377
34.5,5,15,6,378
34.5,5,15,7,380
34.5,5,15,8,382
34.5,5,15,9,384
34.5,5,15,10,385
34.5,5,15,11,387
34.5,5,15,12,389
34.5,5,15,13,391
34.5,5,15,14,392
34.5,5,15,15,394
34.5,6,0,0,344
34.5,6,0,1,345
34.5,6,0,2,347
34.5,6,0,3,349
34.5,6,0,4,350
34.5,6,0,5,352
34.5,6,0,6,354
34.5,6,0,7,355
34.5,6,0,8,357
34.5,6,0,9,359
34.5,6,0,10,360
34.5,6,0,11,362
34.5,6,0,12,363
34.5,6,0,13,365
34.5,6,0,14,367
34.5,6,0,15,368
34.5,6,1,0,346
34.5,6,1,1,347
34.5,6,1,2,349
34.5,6,1,3,351
34.5,6,1,4,352
34.5,6,1,5,354
34.5,6,1,6,356
34.5,6,1,7,357
34.5,6,1,8,359
34.5,6,1,9,361
34.5,6,1,10,362
34.5,6,1,11,364
34.5,6,1,12,366
34.5,6,1,13,367
34.5,6,1,14,369
34.5,6,1,15,370
34.5,6,2,0,348
34.5,6,2,1,350
34.5,6,2,2,351
34.5,6,2,3,353
34.5,6,2,4,355
34.5,6,2,5,356
34.5,6,2,6,358
34.5,6,2,7,360
34.5,6,2,8,361
34.5,6,2,9,363
34.5,6,2,10,364
34.5,6,2,11,366
34.5,6,2,12,368
34.5,6,2,13,369
34.5,6,2,14,371
34.5,6,2,15,373
34.5,6,3,0,350
34.5,6,3,1,352
34.5,6,3,2,353
34.5,6,3,3,355
34.5,6,3,4,357
34.5,6,3,5,358
34.5,6,3,6,360
34.5,6,3,7,362
34.5,6,3,8,363
34.5,6,3,9,365
34.5,6,3,10,367
34.5,6,3,11,368
34.5,6,3,12,370
34.5,6,3,13,372
34.5,6,3,14,373
34.5,6,3,15,375
34.5,6,4,0,352
34.5,6,4,1,354
34.5,6,4,2,355
34.5,6,4,3,357
34.5,6,4,4,359
34.5,6,4,5,360
34.5,6,4,6,362
34.5,6,4,7,364
34.5,6,4,8,365
34.5,6,4,9,367
34.5,6,4,10,369
34.5,6,4,11,370
34.5,6,4,12,372
34.5,6,4,13,374
34.5,6,4,14,375
34.5,6,4,15,377
34.5,6,5,0,354
34.5,6,5,1,356
34.5,6,5,2,357
34.5,6,5,3,359
34.5,6,5,4,361
34.5,6,5,5,363
34.5,6,5,6,364
34.5,6,5,7,366
34.5,6,5,8,368
34.5,6,5,9,369
34.5,6,5,10,371
34.5,6,5,11,373
34.5,6,5,12,374
34.5,6,5,13,376
34.5,6,5,14,377
34.5,6,5,15,379
34.5,6,6,0,356
34.5,6,6,1,358
34.5,6,6,2,359
34.5,6,6,3,361
34.5,6,6,4,363
34.5,6,6,5,365
34.5,6,6,6,366
34.5,6,6,7,368
34.5,6,6,8,370
34.5,6,6,9,371
34.5,6,6,10,373
34.5,6,6,11,375
34.5,6,6,12,376
34.5,6,6,13,378
34.5,6,6,14,380
34.5,6,6,15,381
34.5,6,7,0,358
34.5,6,7,1,360
34.5,6,7,2,361
34.5,6,7,3,363
34.5,6,7,4,365
34.5,6,7,5,367
34.5,6,7,6,368
34.5,6,7,7,370
34.5,6,7,8,372
34.5,6,7,9,373
34.5,6,7,10,375
34.5,6,7,11,377
34.5,6,7,12,378
34.5,6,7,13,380
34.5,6,7,14,382
34.5,6,7,15,383
34.5,6,8,0,360
34.5,6,8,1,362
34.5,6,8,2,363
34.5,6,8,3,365
34.5,6,8,4,367
34.5,6,8,5,369
34.5,6,8,6,370
34.5,6,8,7,372
34.5,6,8,8,374
34.5,6,8,9,375
34.5,6,8,10,377
34.5,6,8,11,379
34.5,6,8,12,381
34.5,6,8,13,382
34.5,6,8,14,384
34.5,6,8,15,386
34.5,6,9,0,362
34.5,6,9,1,364
34.5,6,9,2,365
34.5,6,9,3,367
34.5,6,9,4,369
34.5,6,9,5,371
34.5,6,9,6,372
34.5,6,9,7,374
34.5,6,9,8,376
34.5,6,9,9,378
34.5,6,9,10,379
34.5,6,9,11,381
34.5,6,9,12,383
34.5,6,9,13,384
34.5,6,9,14,386
34.5,6,9,15,388
34.5,6,10,0,364
34.5,6,10,1,366
34.5,6,10,2,367
34.5,6,10,3,369
34.5,6,10,4,371
34.5,6,10,5,373
34.5,6,10,6,374
34.5,6,10,7,376
34.5,6,10,8,378
34.5,6,10,9,380
34.5,6,10,10,381
34.5,6,10,11,383
34.5,6,10,12,385
34.5,6,10,13,386
34.5,6,10,14,388
34.5,6,10,15,390
34.5,6,11,0,366
34.5,6,11,1,368
34.5,6,11,2,369
34.5,6,11,3,371
34.5,6,11,4,373
34.5,6,11,5,375
34.5,6,11,6,376
34.5,6,11,7,378
34.5,6,11,8,380
34.5,6,11,9,382
34.5,6,11,10,383
34.5,6,11,11,385
34.5,6,11,12,387
34.5,6,11,13,388
34.5,6,11,14,390
34.5,6,11,15,392
34.5,6,12,0,368
34.5,6,12,1,370
34.5,6,12,2,371
34.5,6,12,3,373
34.5,6,12,4,375
34.5,6,12,5,377
34.5,6,12,6,378
34.5,6,12,7,380
34.5,6,12,8,382
34.5,6,12,9,384
34.5,6,12,10,385
34.5,6,12,11,387
34.5,6,12,12,389
34.5,6,12,13,391
34.5,6,12,14,392
34.5,6,12,15,394
34.5,6,13,0,370
34.5,6,13,1,371
34.5,6,13,2,373
34.5,6,13,3,375
34.5,6,13,4,377
34.5,6,13,5,379
34.5,6,13,6,380
34.5,6,13,7,382
34.5,6,13,8,384
34.5,6,13,9,386
34.5,6,13,10,387
34.5,6,13,11,389
34.5,6,13,12,391
34.5,6,13,13,393
34.5,6,13,14,394
34.5,6,13,15,396
34.5,6,14,0,372
34.5,6,14,1,373
34.5,6,14,2,375
34.5,6,14,3,377
34.5,6,14,4,379
34.5,6,14,5,381
34.5,6,14,6,382
34.5,6,14,7,384
34.5,6,14,8,386
34.5,6,14,9,388
34.5,6,14,10,389
34.5,6,14,11,391
34.5,6,14,12,393
34.5,6,14,13,395
34.5,6,14,14,396
34.5,6,14,15,398
34.5,6,15,0,374
34.5,6,15,1,375
34.5,6,15,2,377
34.5,6,15,3,379
34.5,6,15,4,381
34.5,6,15,5,383
34.5,6,15,6,384
34.5,6,15,7,386
34.5,6,15,8,388
34.5,6,15,9,390
34.5,6,15,10,391
34.5,6,15,11,393
34.5,6,15,12,395
34.5,6,15,13,397
34.5,6,15,14,398
34.5,6,15,15,400
34.5,7,0,0,349
34.5,7,0,1,351
34.5,7,0,2,352
34.5,7,0,3,354
34.5,7,0,4,356
34.5,7,0,5,357
34.5,7,0,6,359
34.5,7,0,7,361
34.5,7,0,8,362
34.5,7,0,9,364
34.5,7,0,10,366
34.5,7,0,11,367
34.5,7,0,12,369
34.5,7,0,13,371
34.5,7,0,14,372
34.5,7,0,15,374
34.5,7,1,0,351
34.5,7,1,1,353
34.5,7,1,2,355
34.5,7,1,3,356
34.5,7,1,4,358
34.5,7,1,5,360
34.5,7,1,6,361
34.5,7,1,7,363
34.5,7,1,8,365
34.5,7,1,9,366
34.5,7,1,10,368
34.5,7,1,11,370
34.5,7,1,12,371
34.5,7,1,13,373
34.5,7,1,14,374
34.5,7,1,15,376
34.5,7,2,0,353
34.5,7,2,1,355
34.5,7,2,2,357
34.5,7,2,3,358
34.5,7,2,4,360
34.5,7,2,5,362
34.5,7,2,6,363
34.5,7,2,7,365
34.5,7,2,8,367
34.5,7,2,9,368
34.5,7,2,10,370
34.5,7,2,11,372
34.5,7,2,12,373
34.5,7,2,13,375
34.5,7,2,14,377
34.5,7,2,15,378
34.5,7,3,0,355
34.5,7,3,1,357
34.5,7,3,2,359
34.5,7,3,3,360
34.5,7,3,4,362
34.5,7,3,5,364
34.5,7,3,6,366
34.5,7,3,7,367
34.5,7,3,8,369
34.5,7,3,9,371
34.5,7,3,10,372
34.5,7,3,11,374
34.5,7,3,12,376
34.5,7,3,13,377
34.5,7,3,14,379
34.5,7,3,15,381
34.5,7,4,0,357
34.5,7,4,1,359
34.5,7,4,2,361
34.5,7,4,3,363
34.5,7,4,4,364
34.5,7,4,5,366
34.5,7,4,6,368
34.5,7,4,7,369
34.5,7,4,8,371
34.5,7,4,9,373
34.5,7,4,10,374
34.5,7,4,11,376
34.5,7,4,12,378
34.5,7,4,13,379
34.5,7,4,14,381
34.5,7,4,15,383
34.5,7,5,0,359
34.5,7,5,1,361
34.5,7,5,2,363
34.5,7,5,3,365
34.5,7,5,4,366
34.5,7,5,5,368
34.5,7,5,6,370
34.5,7,5,7,372
34.5,7,5,8,373
34.5,7,5,9,375
34.5,7,5,10,377
34.5,7,5,11,378
34.5,7,5,12,380
34.5,7,5,13,382
34.5,7,5,14,383
34.5,7,5,15,385
34.5,7,6,0,361
34.5,7,6,1,363
34.5,7,6,2,365
34.5,7,6,3,367
34.5,7,6,4,368
34.5,7,6,5,370
34.5,7,6,6,372
34.5,7,6,7,374
34.5,7,6,8,375
34.5,7,6,9,377
34.5,7,6,10,379
34.5,7,6,11,380
34.5,7,6,12,382
34.5,7,6,13,384
34.5,7,6,14,385
34.5,7,6,15,387
34.5,7,7,0,363
34.5,7,7,1,365
34.5,7,7,2,367
34.5,7,7,3,369
34.5,7,7,4,371
34.5,7,7,5,372
34.5,7,7,6,374
34.5,7,7,7,376
34.5,7,7,8,377
34.5,7,7,9,379
34.5,7,7,10,381
34.5,7,7,11,383
34.5,7,7,12,384
34.5,7,7,13,386
34.5,7,7,14,388
34.5,7,7,15,389
34.5,7,8,0,365
34.5,7,8,1,367
34.5,7,8,2,369
34.5,7,8,3,371
34.5,7,8,4,373
34.5,7,8,5,374
34.5,7,8,6,376
34.5,7,8,7,378
34.5,7,8,8,380
34.5,7,8,9,381
34.5,7,8,10,383
34.5,7,8,11,385
34.5,7,8,12,386
34.5,7,8,13,388
34.5,7,8,14,390
34.5,7,8,15,391
34.5,7,9,0,367
34.5,7,9,1,369
34.5,7,9,2,371
34.5,7,9,3,373
34.5,7,9,4,375
34.5,7,9,5,376
34.5,7,9,6,378
34.5,7,9,7,380
34.5,7,9,8,382
34.5,7,9,9,383
34.5,7,9,10,385
34.5,7,9,11,387
34.5,7,9,12,389
34.5,7,9,13,390
34.5,7,9,14,392
34.5,7,9,15,394
34.5,7,10,0,369
34.5,7,10,1,371
34.5,7,10,2,373
34.5,7,10,3,375
34.5,7,10,4,377
34.5,7,10,5,378
34.5,7,10,6,380
34.5,7,10,7,382
34.5,7,10,8,384
34.5,7,10,9,385
34.5,7,10,10,387
34.5,7,10,11,389
34.5,7,10,12,391
34.5,7,10,13,392
34.5,7,10,14,394
34.5,7,10,15,396
34.5,7,11,0,371
34.5,7,11,1,373
34.5,7,11,2,375
34.5,7,11,3,377
34.5,7,11,4,379
34.5,7,11,5,380
34.5,7,11,6,382
34.5,7,11,7,384
34.5,7,11,8,386
34.5,7,11,9,387
34.5,7,11,10,389
34.5,7,11,11,391
34.5,7,11,12,393
34.5,7,11,13,394
34.5,7,11,14,396
34.5,7,11,15,398
34.5,7,12,0,373
34.5,7,12,1,375
34.5,7,12,2,377
34.5,7,12,3,379
34.5,7,12,4,381
34.5,7,12,5,382
34.5,7,12,6,384
34.5,7,12,7,386
34.5,7,12,8,388
34.5,7,12,9,390
34.5,7,12,10,391
34.5,7,12,11,393
34.5,7,12,12,395
34.5,7,12,13,397
34.5,7,12,14,398
34.5,7,12,15,400
34.5,7,13,0,375
34.5,7,13,1,377
34.5,7,13,2,379
34.5,7,13,3,381
34.5,7,13,4,383
34.5,7,13,5,384
34.5,7,13,6,386
34.5,7,13,7,388
34.5,7,13,8,390
34.5,7,13,9,392
34.5,7,13,10,393
34.5,7,13,11,395
34.5,7,13,12,397
34.5,7,13,13,399
34.5,7,13,14,400
34.5,7,13,15,402
34.5,7,14,0,377
34.5,7,14,1,379
34.5,7,14,2,381
34.5,7,14,3,383
34.5,7,14,4,385
34.5,7,14,5,386
34.5,7,14,6,388
34.5,7,14,7,390
34.5,7,14,8,392
34.5,7,14,9,394
34.5,7,14,10,395
34.5,7,14,11,397
34.5,7,14,12,399
34.5,7,14,13,401
34.5,7,14,14,402
34.5,7,14,15,404
34.5,7,15,0,379
34.5,7,15,1,381
34.5,7,15,2,383
34.5,7,15,3,385
34.5,7,15,4,387
34.5,7,15,5,388
34.5,7,15,6,390
34.5,7,15,7,392
34.5,7,15,8,394
34.5,7,15,9,396
34.5,7,15,10,397
34.5,7,15,11,399
34.5,7,15,12,401
34.5,7,15,13,403
34.5,7,15,14,404
34.5,7,15,15,406
34.5,8,0,0,354
34.5,8,0,1,356
34.5,8,0,2,358
34.5,8,0,3,359
34.5,8,0,4,361
34.5,8,0,5,363
34.5,8,0,6,365
34.5,8,0,7,366
34.5,8,0,8,368
34.5,8,0,9,370
34.5,8,0,10,371
34.5,8,0,11,373
34.5,8,0,12,375
34.5,8,0,13,376
34.5,8,0,14,378
34.5,8,0,15,379
34.5,8,1,0,356
34.5,8,1,1,358
34.5,8,1,2,360
34.5,8,1,3,362
34.5,8,1,4,363
34.5,8,1,5,365
34.5,8,1,6,367
34.5,8,1,7,368
34.5,8,1,8,370
34.5,8,1,9,372
34.5,8,1,10,374
34.5,8,1,11,375
34.5,8,1,12,377
34.5,8,1,13,378
34.5,8,1,14,380
34.5,8,1,15,382
34.5,8,2,0,359
34.5,8,2,1,360
34.5,8,2,2,362
34.5,8,2,3,364
34.5,8,2,4,366
34.5,8,2,5,367
34.5,8,2,6,369
34.5,8,2,7,371
34.5,8,2,8,372
34.5,8,2,9,374
34.5,8,2,10,376
34.5,8,2,11,377
34.5,8,2,12,379
34.5,8,2,13,381
34.5,8,2,14,382
34.5,8,2,15,384
34.5,8,3,0,361
34.5,8,3,1,362
34.5,8,3,2,364
34.5,8,3,3,366
34.5,8,3,4,368
34.5,8,3,5,369
34.5,8,3,6,371
34.5,8,3,7,373
34.5,8,3,8,375
34.5,8,3,9,376
34.5,8,3,10,378
34.5,8,3,11,380
34.5,8,3,12,381
34.5,8,3,13,383
34.5,8,3,14,385
34.5,8,3,15,386
34.5,8,4,0,363
34.5,8,4,1,365
34.5,8,4,2,366
34.5,8,4,3,368
34.5,8,4,4,370
34.5,8,4,5,372
34.5,8,4,6,373
34.5,8,4,7,375
34.5,8,4,8,377
34.5,8,4,9,378
34.5,8,4,10,380
34.5,8,4,11,382
34.5,8,4,12,384
34.5,8,4,13,385
34.5,8,4,14,387
34.5,8,4,15,389
34.5,8,5,0,365
34.5,8,5,1,367
34.5,8,5,2,368
34.5,8,5,3,370
34.5,8,5,4,372
34.5,8,5,5,374
34.5,8,5,6,375
34.5,8,5,7,377
34.5,8,5,8,379
34.5,8,5,9,381
34.5,8,5,10,382
34.5,8,5,11,384
34.5,8,5,12,386
34.5,8,5,13,387
34.5,8,5,14,389
34.5,8,5,15,391
34.5,8,6,0,367
34.5,8,6,1,369
34.5,8,6,2,370
34.5,8,6,3,372
34.5,8,6,4,374
34.5,8,6,5,376
34.5,8,6,6,378
34.5,8,6,7,379
34.5,8,6,8,381
34.5,8,6,9,383
34.5,8,6,10,384
34.5,8,6,11,386
34.5,8,6,12,388
34.5,8,6,13,390
34.5,8,6,14,391
34.5,8,6,15,393
34.5,8,7,0,369
34.5,8,7,1,371
34.5,8,7,2,373
34.5,8,7,3,374
34.5,8,7,4,376
34.5,8,7,5,378
34.5,8,7,6,380
34.5,8,7,7,381
34.5,8,7,8,383
34.5,8,7,9,385
34.5,8,7,10,387
34.5,8,7,11,388
34.5,8,7,12,390
34.5,8,7,13,392
34.5,8,7,14,393
34.5,8,7,15,395
34.5,8,8,0,371
34.5,8,8,1,373
34.5,8,8,2,375
34.5,8,8,3,376
34.5,8,8,4,378
34.5,8,8,5,380
34.5,8,8,6,382
34.5,8,8,7,384
34.5,8,8,8,385
34.5,8,8,9,387
34.5,8,8,10,389
34.5,8,8,11,391
34.5,8,8,12,392
34.5,8,8,13,394
34.5,8,8,14,396
34.5,8,8,15,397
34.5,8,9,0,373
34.5,8,9,1,375
34.5,8,9,2,377
34.5,8,9,3,378
34.5,8,9,4,380
34.5,8,9,5,382
34.5,8,9,6,384
34.5,8,9,7,386
34.5,8,9,8,387
34.5,8,9,9,389
34.5,8,9,10,391
34.5,8,9,11,393
34.5,8,9,12,394
34.5,8,9,13,396
34.5,8,9,14,398
34.5,8,9,15,400
34.5,8,10,0,375
34.5,8,10,1,377
34.5,8,10,2,379
34.5,8,10,3,381
34.5,8,10,4,382
34.5,8,10,5,384
34.5,8,10,6,386
34.5,8,10,7,388
34.5,8,10,8,390
34.5,8,10,9,391
34.5,8,10,10,393
34.5,8,10,11,395
34.5,8,10,12,397
34.5,8,10,13,398
34.5,8,10,14,400
34.5,8,10,15,402
34.5,8,11,0,377
34.5,8,11,1,379
34.5,8,11,2,381
34.5,8,11,3,383
34.5,8,11,4,384
34.5,8,11,5,386
34.5,8,11,6,388
34.5,8,11,7,390
34.5,8,11,8,392
34.5,8,11,9,393
34.5,8,11,10,395
34.5,8,11,11,397
34.5,8,11,12,399
34.5,8,11,13,400
34.5,8,11,14,402
34.5,8,11,15,404
34.5,8,12,0,379
34.5,8,12,1,381
34.5,8,12,2,383
34.5,8,12,3,385
34.5,8,12,4,386
34.5,8,12,5,388
34.5,8,12,6,390
34.5,8,12,7,392
34.5,8,12,8,394
34.5,8,12,9,395
34.5,8,12,10,397
34.5,8,12,11,399
34.5,8,12,12,401
34.5,8,12,13,403
34.5,8,12,14,404
34.5,8,12,15,406
34.5,8,13,0,381
34.5,8,13,1,383
34.5,8,13,2,385
34.5,8,13,3,387
34.5,8,13,4,388
34.5,8,13,5,390
34.5,8,13,6,392
34.5,8,13,7,394
34.5,8,13,8,396
34.5,8,13,9,398
34.5,8,13,10,399
34.5,8,13,11,401
34.5,8,13,12,403
34.5,8,13,13,405
34.5,8,13,14,406
34.5,8,13,15,408
34.5,8,14,0,383
34.5,8,14,1,385
34.5,8,14,2,387
34.5,8,14,3,389
34.5,8,14,4,390
34.5,8,14,5,392
34.5,8,14,6,394
34.5,8,14,7,396
34.5,8,14,8,398
34.5,8,14,9,400
34.5,8,14,10,401
34.5,8,14,11,403
34.5,8,14,12,405
34.5,8,14,13,407
34.5,8,14,14,409
34.5,8,14,15,410
34.5,8,15,0,385
34.5,8,15,1,387
34.5,8,15,2,389
34.5,8,15,3,391
34.5,8,15,4,393
34.5,8,15,5,394
34.5,8,15,6,396
34.5,8,15,7,398
34.5,8,15,8,400
34.5,8,15,9,402
34.5,8,15,10,403
34.5,8,15,11,405
34.5,8,15,12,407
34.5,8,15,13,409
34.5,8,15,14,411
34.5,8,15,15,412
34.5,9,0,0,360
34.5,9,0,1,361
34.5,9,0,2,363
34.5,9,0,3,365
34.5,9,0,4,367
34.5,9,0,5,368
34.5,9,0,6,370
34.5,9,0,7,372
34.5,9,0,8,373
34.5,9,0,9,375
34.5,9,0,10,377
34.5,9,0,11,379
34.5,9,0,12,380
34.5,9,0,13,382
34.5,9,0,14,384
34.5,9,0,15,385
34.5,9,1,0,362
34.5,9,1,1,364
34.5,9,1,2,365
34.5,9,1,3,367
34.5,9,1,4,369
34.5,9,1,5,371
34.5,9,1,6,372
34.5,9,1,7,374
34.5,9,1,8,376
34.5,9,1,9,377
34.5,9,1,10,379
34.5,9,1,11,381
34.5,9,1,12,382
34.5,9,1,13,384
34.5,9,1,14,386
34.5,9,1,15,387
34.5,9,2,0,364
34.5,9,2,1,366
34.5,9,2,2,367
34.5,9,2,3,369
34.5,9,2,4,371
34.5,9,2,5,373
34.5,9,2,6,374
34.5,9,2,7,376
34.5,9,2,8,378
34.5,9,2,9,380
34.5,9,2,10,381
34.5,9,2,11,383
34.5,9,2,12,385
34.5,9,2,13,386
34.5,9,2,14,388
34.5,9,2,15,390
34.5,9,3,0,366
34.5,9,3,1,368
34.5,9,3,2,370
34.5,9,3,3,371
34.5,9,3,4,373
34.5,9,3,5,375
34.5,9,3,6,377
34.5,9,3,7,378
34.5,9,3,8,380
34.5,9,3,9,382
34.5,9,3,10,384
34.5,9,3,11,385
34.5,9,3,12,387
34.5,9,3,13,389
34.5,9,3,14,390
34.5,9,3,15,392
34.5,9,4,0,368
34.5,9,4,1,370
34.5,9,4,2,372
34.5,9,4,3,374
34.5,9,4,4,375
34.5,9,4,5,377
34.5,9,4,6,379
34.5,9,4,7,381
34.5,9,4,8,382
34.5,9,4,9,384
34.5,9,4,10,386
34.5,9,4,11,388
34.5,9,4,12,389
34.5,9,4,13,391
34.5,9,4,14,393
34.5,9,4,15,394
34.5,9,5,0,370
34.5,9,5,1,372
34.5,9,5,2,374
34.5,9,5,3,376
34.5,9,5,4,377
34.5,9,5,5,379
34.5,9,5,6,381
34.5,9,5,7,383
34.5,9,5,8,385
34.5,9,5,9,386
34.5,9,5,10,388
34.5,9,5,11,390
34.5,9,5,12,391
34.5,9,5,13,393
34.5,9,5,14,395
34.5,9,5,15,397
34.5,9,6,0,372
34.5,9,6,1,374
34.5,9,6,2,376
34.5,9,6,3,378
34.5,9,6,4,380
34.5,9,6,5,381
34.5,9,6,6,383
34.5,9,6,7,385
34.5,9,6,8,387
34.5,9,6,9,388
34.5,9,6,10,390
34.5,9,6,11,392
34.5,9,6,12,394
34.5,9,6,13,395
34.5,9,6,14,397
34.5,9,6,15,399
34.5,9,7,0,374
34.5,9,7,1,376
34.5,9,7,2,378
34.5,9,7,3,380
34.5,9,7,4,382
34.5,9,7,5,384
34.5,9,7,6,385
34.5,9,7,7,387
34.5,9,7,8,389
34.5,9,7,9,391
34.5,9,7,10,392
34.5,9,7,11,394
34.5,9,7,12,396
34.5,9,7,13,398
34.5,9,7,14,399
34.5,9,7,15,401
34.5,9,8,0,377
34.5,9,8,1,378
34.5,9,8,2,380
34.5,9,8,3,382
34.5,9,8,4,384
34.5,9,8,5,386
34.5,9,8,6,387
34.5,9,8,7,389
34.5,9,8,8,391
34.5,9,8,9,393
34.5,9,8,10,395
34.5,9,8,11,396
34.5,9,8,12,398
34.5,9,8,13,400
34.5,9,8,14,402
34.5,9,8,15,403
34.5,9,9,0,379
34.5,9,9,1,380
34.5,9,9,2,382
34.5,9,9,3,384
34.5,9,9,4,386
34.5,9,9,5,388
34.5,9,9,6,390
34.5,9,9,7,391
34.5,9,9,8,393
34.5,9,9,9,395
34.5,9,9,10,397
34.5,9,9,11,399
34.5,9,9,12,400
34.5,9,9,13,402
34.5,9,9,14,404
34.5,9,9,15,406
34.5,9,10,0,381
34.5,9,10,1,383
34.5,9,10,2,384
34.5,9,10,3,386
34.5,9,10,4,388
34.5,9,10,5,390
34.5,9,10,6,392
34.5,9,10,7,394
34.5,9,10,8,395
34.5,9,10,9,397
34.5,9,10,10,399
34.5,9,10,11,401
34.5,9,10,12,402
34.5,9,10,13,404
34.5,9,10,14,406
34.5,9,10,15,408
34.5,9,11,0,383
34.5,9,11,1,385
34.5,9,11,2,386
34.5,9,11,3,388
34.5,9,11,4,390
34.5,9,11,5,392
34.5,9,11,6,394
34.5,9,11,7,396
34.5,9,11,8,397
34.5,9,11,9,399
34.5,9,11,10,401
34.5,9,11,11,403
34.5,9,11,12,405
34.5,9,11,13,406
34.5,9,11,14,408
34.5,9,11,15,410
34.5,9,12,0,385
34.5,9,12,1,387
34.5,9,12,2,388
34.5,9,12,3,390
34.5,9,12,4,392
34.5,9,12,5,394
34.5,9,12,6,396
34.5,9,12,7,398
34.5,9,12,8,400
34.5,9,12,9,401
34.5,9,12,10,403
34.5,9,12,11,405
34.5,9,12,12,407
34.5,9,12,13,409
34.5,9,12,14,410
34.5,9,12,15,412
34.5,9,13,0,387
34.5,9,13,1,389
34.5,9,13,2,391
34.5,9,13,3,392
34.5,9,13,4,394
34.5,9,13,5,396
34.5,9,13,6,398
34.5,9,13,7,400
34.5,9,13,8,402
34.5,9,13,9,403
34.5,9,13,10,405
34.5,9,13,11,407
34.5,9,13,12,409
34.5,9,13,13,411
34.5,9,13,14,412
34.5,9,13,15,414
34.5,9,14,0,389
34.5,9,14,1,391
34.5,9,14,2,393
34.5,9,14,3,394
34.5,9,14,4,396
34.5,9,14,5,398
34.5,9,14,6,400
34.5,9,14,7,402
34.5,9,14,8,404
34.5,9,14,9,406
34.5,9,14,10,407
34.5,9,14,11,409
34.5,9,14,12,411
34.5,9,14,13,413
34.5,9,14,14,415
34.5,9,14,15,416
34.5,9,15,0,391
34.5,9,15,1,393
34.5,9,15,2,395
34.5,9,15,3,396
34.5,9,15,4,398
34.5,9,15,5,400
34.5,9,15,6,402
34.5,9,15,7,404
34.5,9,15,8,406
34.5,9,15,9,408
34.5,9,15,10,410
34.5,9,15,11,411
34.5,9,15,12,413
34.5,9,15,13,415
34.5,9,15,14,417
34.5,9,15,15,419
34.5,10,0,0,365
34.5,10,0,1,367
34.5,10,0,2,368
34.5,10,0,3,370
34.5,10,0,4,372
34.5,10,0,5,374
34.5,10,0,6,375
34.5,10,0,7,377
34.5,10,0,8,379
34.5,10,0,9,381
34.5,10,0,10,382
34.5,10,0,11,384
34.5,10,0,12,386
34.5,10,0,13,387
34.5,10,0,14,389
34.5,10,0,15,391
34.5,10,1,0,367
34.5,10,1,1,369
34.5,10,1,2,371
34.5,10,1,3,372
34.5,10,1,4,374
34.5,10,1,5,376
34.5,10,1,6,378
34.5,10,1,7,379
34.5,10,1,8,381
34.5,10,1,9,383
34.5,10,1,10,385
34.5,10,1,11,386
34.5,10,1,12,388
34.5,10,1,13,390
34.5,10,1,14,391
34.5,10,1,15,393
34.5,10,2,0,369
34.5,10,2,1,371
34.5,10,2,2,373
34.5,10,2,3,375
34.5,10,2,4,376
34.5,10,2,5,378
34.5,10,2,6,380
34.5,10,2,7,382
34.5,10,2,8,383
34.5,10,2,9,385
34.5,10,2,10,387
34.5,10,2,11,389
34.5,10,2,12,390
34.5,10,2,13,392
34.5,10,2,14,394
34.5,10,2,15,396
34.5,10,3,0,371
34.5,10,3,1,373
34.5,10,3,2,375
34.5,10,3,3,377
34.5,10,3,4,379
34.5,10,3,5,380
34.5,10,3,6,382
34.5,10,3,7,384
34.5,10,3,8,386
34.5,10,3,9,387
34.5,10,3,10,389
34.5,10,3,11,391
34.5,10,3,12,393
34.5,10,3,13,394
34.5,10,3,14,396
34.5,10,3,15,398
34.5,10,4,0,374
34.5,10,4,1,375
34.5,10,4,2,377
34.5,10,4,3,379
34.5,10,4,4,381
34.5,10,4,5,383
34.5,10,4,6,384
34.5,10,4,7,386
34.5,10,4,8,388
34.5,10,4,9,390
34.5,10,4,10,391
34.5,10,4,11,393
34.5,10,4,12,395
34.5,10,4,13,397
34.5,10,4,14,398
34.5,10,4,15,400
34.5,10,5,0,376
34.5,10,5,1,378
34.5,10,5,2,379
34.5,10,5,3,381
34.5,10,5,4,383
34.5,10,5,5,385
34.5,10,5,6,387
34.5,10,5,7,388
34.5,10,5,8,390
34.5,10,5,9,392
34.5,10,5,10,394
34.5,10,5,11,395
34.5,10,5,12,397
34.5,10,5,13,399
34.5,10,5,14,401
34.5,10,5,15,402
34.5,10,6,0,378
34.5,10,6,1,380
34.5,10,6,2,382
34.5,10,6,3,383
34.5,10,6,4,385
34.5,10,6,5,387
34.5,10,6,6,389
34.5,10,6,7,391
34.5,10,6,8,392
34.5,10,6,9,394
34.5,10,6,10,396
34.5,10,6,11,398
34.5,10,6,12,399
34.5,10,6,13,401
34.5,10,6,14,403
34.5,10,6,15,405
34.5,10,7,0,380
34.5,10,7,1,382
34.5,10,7,2,384
34.5,10,7,3,386
34.5,10,7,4,387
34.5,10,7,5,389
34.5,10,7,6,391
34.5,10,7,7,393
34.5,10,7,8,395
34.5,10,7,9,396
34.5,10,7,10,398
34.5,10,7,11,400
34.5,10,7,12,402
34.5,10,7,13,403
34.5,10,7,14,405
34.5,10,7,15,407
34.5,10,8,0,382
34.5,10,8,1,384
34.5,10,8,2,386
34.5,10,8,3,388
34.5,10,8,4,390
34.5,10,8,5,391
34.5,10,8,6,393
34.5,10,8,7,395
34.5,10,8,8,397
34.5,10,8,9,399
34.5,10,8,10,400
34.5,10,8,11,402
34.5,10,8,12,404
34.5,10,8,13,406
34.5,10,8,14,407
34.5,10,8,15,409
34.5,10,9,0,384
34.5,10,9,1,386
34.5,10,9,2,388
34.5,10,9,3,390
34.5,10,9,4,392
34.5,10,9,5,393
34.5,10,9,6,395
34.5,10,9,7,397
34.5,10,9,8,399
34.5,10,9,9,401
34.5,10,9,10,403
34.5,10,9,11,404
34.5,10,9,12,406
34.5,10,9,13,408
34.5,10,9,14,410
34.5,10,9,15,411
34.5,10,10,0,386
34.5,10,10,1,388
34.5,10,10,2,390
34.5,10,10,3,392
34.5,10,10,4,394
34.5,10,10,5,396
34.5,10,10,6,397
34.5,10,10,7,399
34.5,10,10,8,401
34.5,10,10,9,403
34.5,10,10,10,405
34.5,10,10,11,407
34.5,10,10,12,408
34.5,10,10,13,410
34.5,10,10,14,412
34.5,10,10,15,414
34.5,10,11,0,388
34.5,10,11,1,390
34.5,10,11,2,392
34.5,10,11,3,394
34.5,10,11,4,396
34.5,10,11,5,398
34.5,10,11,6,400
34.5,10,11,7,401
34.5,10,11,8,403
34.5,10,11,9,405
34.5,10,11,10,407
34.5,10,11,11,409
34.5,10,11,12,411
34.5,10,11,13,412
34.5,10,11,14,414
34.5,10,11,15,416
34.5,10,12,0,390
34.5,10,12,1,392
34.5,10,12,2,394
34.5,10,12,3,396
34.5,10,12,4,398
34.5,10,12,5,400
34.5,10,12,6,402
34.5,10,12,7,404
34.5,10,12,8,405
34.5,10,12,9,407
34.5,10,12,10,409
34.5,10,12,11,411
34.5,10,12,12,413
34.5,10,12,13,415
34.5,10,12,14,416
34.5,10,12,15,418
34.5,10,13,0,392
34.5,10,13,1,394
34.5,10,13,2,396
34.5,10,13,3,398
34.5,10,13,4,400
34.5,10,13,5,402
34.5,10,13,6,404
34.5,10,13,7,406
34.5,10,13,8,408
34.5,10,13,9,409
34.5,10,13,10,411
34.5,10,13,11,413
34.5,10,13,12,415
34.5,10,13,13,417
34.5,10,13,14,419
34.5,10,13,15,420
34.5,10,14,0,394
34.5,10,14,1,396
34.5,10,14,2,398
34.5,10,14,3,400
34.5,10,14,4,402
34.5,10,14,5,404
34.5,10,14,6,406
34.5,10,14,7,408
34.5,10,14,8,410
34.5,10,14,9,412
34.5,10,14,10,413
34.5,10,14,11,415
34.5,10,14,12,417
34.5,10,14,13,419
34.5,10,14,14,421
34.5,10,14,15,423
34.5,10,15,0,397
34.5,10,15,1,398
34.5,10,15,2,400
34.5,10,15,3,402
34.5,10,15,4,404
34.5,10,15,5,406
34.5,10,15,6,408
34.5,10,15,7,410
34.5,10,15,8,412
34.5,10,15,9,414
34.5,10,15,10,416
34.5,10,15,11,417
34.5,10,15,12,419
34.5,10,15,13,421
34.5,10,15,14,423
34.5,10,15,15,425
34.5,11,0,0,370
34.5,11,0,1,372
34.5,11,0,2,374
34.5,11,0,3,376
34.5,11,0,4,377
34.5,11,0,5,379
34.5,11,0,6,381
34.5,11,0,7,383
34.5,11,0,8,384
34.5,11,0,9,386
34.5,11,0,10,388
34.5,11,0,11,390
34.5,11,0,12,391
34.5,11,0,13,393
34.5,11,0,14,395
34.5,11,0,15,396
34.5,11,1,0,372
34.5,11,1,1,374
34.5,11,1,2,376
34.5,11,1,3,378
34.5,11,1,4,380
34.5,11,1,5,381
34.5,11,1,6,383
34.5,11,1,7,385
34.5,11,1,8,387
34.5,11,1,9,389
34.5,11,1,10,390
34.5,11,1,11,392
34.5,11,1,12,394
34.5,11,1,13,395
34.5,11,1,14,397
34.5,11,1,15,399
34.5,11,2,0,375
34.5,11,2,1,376
34.5,11,2,2,378
34.5,11,2,3,380
34.5,11,2,4,382
34.5,11,2,5,384
34.5,11,2,6,385
34.5,11,2,7,387
34.5,11,2,8,389
34.5,11,2,9,391
34.5,11,2,10,393
34.5,11,2,11,394
34.5,11,2,12,396
34.5,11,2,13,398
34.5,11,2,14,400
34.5,11,2,15,401
34.5,11,3,0,377
34.5,11,3,1,379
34.5,11,3,2,380
34.5,11,3,3,382
34.5,11,3,4,384
34.5,11,3,5,386
34.5,11,3,6,388
34.5,11,3,7,390
34.5,11,3,8,391
34.5,11,3,9,393
34.5,11,3,10,395
34.5,11,3,11,397
34.5,11,3,12,398
34.5,11,3,13,400
34.5,11,3,14,402
34.5,11,3,15,404
34.5,11,4,0,379
34.5,11,4,1,381
34.5,11,4,2,383
34.5,11,4,3,385
34.5,11,4,4,386
34.5,11,4,5,388
34.5,11,4,6,390
34.5,11,4,7,392
34.5,11,4,8,394
34.5,11,4,9,395
34.5,11,4,10,397
34.5,11,4,11,399
34.5,11,4,12,401
34.5,11,4,13,402
34.5,11,4,14,404
34.5,11,4,15,406
34.5,11,5,0,381
34.5,11,5,1,383
34.5,11,5,2,385
34.5,11,5,3,387
34.5,11,5,4,389
34.5,11,5,5,390
34.5,11,5,6,392
34.5,11,5,7,394
34.5,11,5,8,396
34.5,11,5,9,398
34.5,11,5,10,399
34.5,11,5,11,401
34.5,11,5,12,403
34.5,11,5,13,405
34.5,11,5,14,407
34.5,11,5,15,408
34.5,11,6,0,383
34.5,11,6,1,385
34.5,11,6,2,387
34.5,11,6,3,389
34.5,11,6,4,391
34.5,11,6,5,393
34.5,11,6,6,394
34.5,11,6,7,396
34.5,11,6,8,398
34.5,11,6,9,400
34.5,11,6,10,402
34.5,11,6,11,404
34.5,11,6,12,405
34.5,11,6,13,407
34.5,11,6,14,409
34.5,11,6,15,411
34.5,11,7,0,385
34.5,11,7,1,387
34.5,11,7,2,389
34.5,11,7,3,391
34.5,11,7,4,393
34.5,11,7,5,395
34.5,11,7,6,397
34.5,11,7,7,399
34.5,11,7,8,400
34.5,11,7,9,402
34.5,11,7,10,404
34.5,11,7,11,406
34.5,11,7,12,408
34.5,11,7,13,409
34.5,11,7,14,411
34.5,11,7,15,413
34.5,11,8,0,388
34.5,11,8,1,390
34.5,11,8,2,391
34.5,11,8,3,393
34.5,11,8,4,395
34.5,11,8,5,397
34.5,11,8,6,399
34.5,11,8,7,401
34.5,11,8,8,403
34.5,11,8,9,404
34.5,11,8,10,406
34.5,11,8,11,408
34.5,11,8,12,410
34.5,11,8,13,412
34.5,11,8,14,413
34.5,11,8,15,415
34.5,11,9,0,390
34.5,11,9,1,392
34.5,11,9,2,394
34.5,11,9,3,395
34.5,11,9,4,397
34.5,11,9,5,399
34.5,11,9,6,401
34.5,11,9,7,403
34.5,11,9,8,405
34.5,11,9,9,407
34.5,11,9,10,408
34.5,11,9,11,410
34.5,11,9,12,412
34.5,11,9,13,414
34.5,11,9,14,416
34.5,11,9,15,417
34.5,11,10,0,392
34.5,11,10,1,394
34.5,11,10,2,396
34.5,11,10,3,398
34.5,11,10,4,399
34.5,11,10,5,401
34.5,11,10,6,403
34.5,11,10,7,405
34.5,11,10,8,407
34.5,11,10,9,409
34.5,11,10,10,411
34.5,11,10,11,412
34.5,11,10,12,414
34.5,11,10,13,416
34.5,11,10,14,418
34.5,11,10,15,420
34.5,11,11,0,394
34.5,11,11,1,396
34.5,11,11,2,398
34.5,11,11,3,400
34.5,11,11,4,402
34.5,11,11,5,404
34.5,11,11,6,405
34.5,11,11,7,407
34.5,11,11,8,409
34.5,11,11,9,411
34.5,11,11,10,413
34.5,11,11,11,415
34.5,11,11,12,417
34.5,11,11,13,418
34.5,11,11,14,420
34.5,11,11,15,422
34.5,11,12,0,396
34.5,11,12,1,398
34.5,11,12,2,400
34.5,11,12,3,402
34.5,11,12,4,404
34.5,11,12,5,406
34.5,11,12,6,408
34.5,11,12,7,409
34.5,11,12,8,411
34.5,11,12,9,413
34.5,11,12,10,415
34.5,11,12,11,417
34.5,11,12,12,419
34.5,11,12,13,421
34.5,11,12,14,422
34.5,11,12,15,424
34.5,11,13,0,398
34.5,11,13,1,400
34.5,11,13,2,402
34.5,11,13,3,404
34.5,11,13,4,406
34.5,11,13,5,408
34.5,11,13,6,410
34.5,11,13,7,412
34.5,11,13,8,413
34.5,11,13,9,415
34.5,11,13,10,417
34.5,11,13,11,419
34.5,11,13,12,421
34.5,11,13,13,423
34.5,11,13,14,425
34.5,11,13,15,426
34.5,11,14,0,400
34.5,11,14,1,402
34.5,11,14,2,404
34.5,11,14,3,406
34.5,11,14,4,408
34.5,11,14,5,410
34.5,11,14,6,412
34.5,11,14,7,414
34.5,11,14,8,416
34.5,11,14,9,418
34.5,11,14,10,419
34.5,11,14,11,421
34.5,11,14,12,423
34.5,11,14,13,425
34.5,11,14,14,427
34.5,11,14,15,429
34.5,11,15,0,402
34.5,11,15,1,404
34.5,11,15,2,406
34.5,11,15,3,408
34.5,11,15,4,410
34.5,11,15,5,412
34.5,11,15,6,414
34.5,11,15,7,416
34.5,11,15,8,418
34.5,11,15,9,420
34.5,11,15,10,422
34.5,11,15,11,423
34.5,11,15,12,425
34.5,11,15,13,427
34.5,11,15,14,429
34.5,11,15,15,431
34.5,12,0,0,375
34.5,12,0,1,377
34.5,12,0,2,379
34.5,12,0,3,381
34.5,12,0,4,383
34.5,12,0,5,385
34.5,12,0,6,386
34.5,12,0,7,388
34.5,12,0,8,390
34.5,12,0,9,392
34.5,12,0,10,393
34.5,12,0,11,395
34.5,12,0,12,397
34.5,12,0,13,399
34.5,12,0,14,400
34.5,12,0,15,402
34.5,12,1,0,378
34.5,12,1,1,380
34.5,12,1,2,381
34.5,12,1,3,383
34.5,12,1,4,385
34.5,12,1,5,387
34.5,12,1,6,389
34.5,12,1,7,390
34.5,12,1,8,392
34.5,12,1,9,394
34.5,12,1,10,396
34.5,12,1,11,398
34.5,12,1,12,399
34.5,12,1,13,401
34.5,12,1,14,403
34.5,12,1,15,405
34.5,12,2,0,380
34.5,12,2,1,382
34.5,12,2,2,384
34.5,12,2,3,386
34.5,12,2,4,387
34.5,12,2,5,389
34.5,12,2,6,391
34.5,12,2,7,393
34.5,12,2,8,395
34.5,12,2,9,396
34.5,12,2,10,398
34.5,12,2,11,400
34.5,12,2,12,402
34.5,12,2,13,403
34.5,12,2,14,405
34.5,12,2,15,407
34.5,12,3,0,382
34.5,12,3,1,384
34.5,12,3,2,386
34.5,12,3,3,388
34.5,12,3,4,390
34.5,12,3,5,391
34.5,12,3,6,393
34.5,12,3,7,395
34.5,12,3,8,397
34.5,12,3,9,399
34.5,12,3,10,401
34.5,12,3,11,402
34.5,12,3,12,404
34.5,12,3,13,406
34.5,12,3,14,408
34.5,12,3,15,409
34.5,12,4,0,384
34.5,12,4,1,386
34.5,12,4,2,388
34.5,12,4,3,390
34.5,12,4,4,392
34.5,12,4,5,394
34.5,12,4,6,396
34.5,12,4,7,397
34.5,12,4,8,399
34.5,12,4,9,401
34.5,12,4,10,403
34.5,12,4,11,405
34.5,12,4,12,406
34.5,12,4,13,408
34.5,12,4,14,410
34.5,12,4,15,412
34.5,12,5,0,387
34.5,12,5,1,389
34.5,12,5,2,390
34.5,12,5,3,392
34.5,12,5,4,394
34.5,12,5,5,396
34.5,12,5,6,398
34.5,12,5,7,400
34.5,12,5,8,402
34.5,12,5,9,403
34.5,12,5,10,405
34.5,12,5,11,407
34.5,12,5,12,409
34.5,12,5,13,411
34.5,12,5,14,412
34.5,12,5,15,414
34.5,12,6,0,389
34.5,12,6,1,391
34.5,12,6,2,393
34.5,12,6,3,395
34.5,12,6,4,396
34.5,12,6,5,398
34.5,12,6,6,400
34.5,12,6,7,402
34.5,12,6,8,404
34.5,12,6,9,406
34.5,12,6,10,407
34.5,12,6,11,409
34.5,12,6,12,411
34.5,12,6,13,413
34.5,12,6,14,415
34.5,12,6,15,416
34.5,12,7,0,391
34.5,12,7,1,393
34.5,12,7,2,395
34.5,12,7,3,397
34.5,12,7,4,399
34.5,12,7,5,400
34.5,12,7,6,402
34.5,12,7,7,404
34.5,12,7,8,406
34.5,12,7,9,408
34.5,12,7,10,410
34.5,12,7,11,412
34.5,12,7,12,413
34.5,12,7,13,415
34.5,12,7,14,417
34.5,12,7,15,419
34.5,12,8,0,393
34.5,12,8,1,395
34.5,12,8,2,397
34.5,12,8,3,399
34.5,12,8,4,401
34.5,12,8,5,403
34.5,12,8,6,405
34.5,12,8,7,406
34.5,12,8,8,408
34.5,12,8,9,410
34.5,12,8,10,412
34.5,12,8,11,414
34.5,12,8,12,416
34.5,12,8,13,418
34.5,12,8,14,419
34.5,12,8,15,421
34.5,12,9,0,395
34.5,12,9,1,397
34.5,12,9,2,399
34.5,12,9,3,401
34.5,12,9,4,403
34.5,12,9,5,405
34.5,12,9,6,407
34.5,12,9,7,409
34.5,12,9,8,411
34.5,12,9,9,412
34.5,12,9,10,414
34.5,12,9,11,416
34.5,12,9,12,418
34.5,12,9,13,420
34.5,12,9,14,422
34.5,12,9,15,423
34.5,12,10,0,397
34.5,12,10,1,399
34.5,12,10,2,401
34.5,12,10,3,403
34.5,12,10,4,405
34.5,12,10,5,407
34.5,12,10,6,409
34.5,12,10,7,411
34.5,12,10,8,413
34.5,12,10,9,415
34.5,12,10,10,417
34.5,12,10,11,418
34.5,12,10,12,420
34.5,12,10,13,422
34.5,12,10,14,424
34.5,12,10,15,426
34.5,12,11,0,400
34.5,12,11,1,402
34.5,12,11,2,404
34.5,12,11,3,405
34.5,12,11,4,407
34.5,12,11,5,409
34.5,12,11,6,411
34.5,12,11,7,413
34.5,12,11,8,415
34.5,12,11,9,417
34.5,12,11,10,419
34.5,12,11,11,421
34.5,12,11,12,422
34.5,12,11,13,424
34.5,12,11,14,426
34.5,12,11,15,428
34.5,12,12,0,402
34.5,12,12,1,404
34.5,12,12,2,406
34.5,12,12,3,408
34.5,12,12,4,410
34.5,12,12,5,411
34.5,12,12,6,413
34.5,12,12,7,415
34.5,12,12,8,417
34.5,12,12,9,419
34.5,12,12,10,421
34.5,12,12,11,423
34.5,12,12,12,425
34.5,12,12,13,427
34.5,12,12,14,428
34.5,12,12,15,430
34.5,12,13,0,404
34.5,12,13,1,406
34.5,12,13,2,408
34.5,12,13,3,410
34.5,12,13,4,412
34.5,12,13,5,414
34.5,12,13,6,416
34.5,12,13,7,417
34.5,12,13,8,419
34.5,12,13,9,421
34.5,12,13,10,423
34.5,12,13,11,425
34.5,12,13,12,427
34.5,12,13,13,429
34.5,12,13,14,431
34.5,12,13,15,433
34.5,12,14,0,406
34.5,12,14,1,408
34.5,12,14,2,410
34.5,12,14,3,412
34.5,12,14,4,414
34.5,12,14,5,416
34.5,12,14,6,418
34.5,12,14,7,420
34.5,12,14,8,422
34.5,12,14,9,424
34.5,12,14,10,425
34.5,12,14,11,427
34.5,12,14,12,429
34.5,12,14,13,431
34.5,12,14,14,433
34.5,12,14,15,435
34.5,12,15,0,408
34.5,12,15,1,410
34.5,12,15,2,412
34.5,12,15,3,414
34.5,12,15,4,416
34.5,12,15,5,418
34.5,12,15,6,420
34.5,12,15,7,422
34.5,12,15,8,424
34.5,12,15,9,426
34.5,12,15,10,428
34.5,12,15,11,430
34.5,12,15,12,431
34.5,12,15,13,433
34.5,12,15,14,435
34.5,12,15,15,437
34.5,13,0,0,381
34.5,13,0,1,383
34.5,13,0,2,384
34.5,13,0,3,386
34.5,13,0,4,388
34.5,13,0,5,390
34.5,13,0,6,392
34.5,13,0,7,394
34.5,13,0,8,395
34.5,13,0,9,397
34.5,13,0,10,399
34.5,13,0,11,401
34.5,13,0,12,403
34.5,13,0,13,404
34.5,13,0,14,406
34.5,13,0,15,408
34.5,13,1,0,383
34.5,13,1,1,385
34.5,13,1,2,387
34.5,13,1,3,389
34.5,13,1,4,391
34.5,13,1,5,392
34.5,13,1,6,394
34.5,13,1,7,396
34.5,13,1,8,398
34.5,13,1,9,400
34.5,13,1,10,401
34.5,13,1,11,403
34.5,13,1,12,405
34.5,13,1,13,407
34.5,13,1,14,409
34.5,13,1,15,410
34.5,13,2,0,385
34.5,13,2,1,387
34.5,13,2,2,389
34.5,13,2,3,391
34.5,13,2,4,393
34.5,13,2,5,395
34.5,13,2,6,397
34.5,13,2,7,398
34.5,13,2,8,400
34.5,13,2,9,402
34.5,13,2,10,404
34.5,13,2,11,406
34.5,13,2,12,407
34.5,13,2,13,409
34.5,13,2,14,411
34.5,13,2,15,413
34.5,13,3,0,388
34.5,13,3,1,389
34.5,13,3,2,391
34.5,13,3,3,393
34.5,13,3,4,395
34.5,13,3,5,397
34.5,13,3,6,399
34.5,13,3,7,401
34.5,13,3,8,403
34.5,13,3,9,404
34.5,13,3,10,406
34.5,13,3,11,408
34.5,13,3,12,410
34.5,13,3,13,412
34.5,13,3,14,413
34.5,13,3,15,415
34.5,13,4,0,390
34.5,13,4,1,392
34.5,13,4,2,394
34.5,13,4,3,396
34.5,13,4,4,397
34.5,13,4,5,399
34.5,13,4,6,401
34.5,13,4,7,403
34.5,13,4,8,405
34.5,13,4,9,407
34.5,13,4,10,409
34.5,13,4,11,410
34.5,13,4,12,412
34.5,13,4,13,414
34.5,13,4,14,416
34.5,13,4,15,418
34.5,13,5,0,392
34.5,13,5,1,394
34.5,13,5,2,396
34.5,13,5,3,398
34.5,13,5,4,400
34.5,13,5,5,402
34.5,13,5,6,403
34.5,13,5,7,405
34.5,13,5,8,407
34.5,13,5,9,409
34.5,13,5,10,411
34.5,13,5,11,413
34.5,13,5,12,415
34.5,13,5,13,416
34.5,13,5,14,418
34.5,13,5,15,420
34.5,13,6,0,394
34.5,13,6,1,396
34.5,13,6,2,398
34.5,13,6,3,400
34.5,13,6,4,402
34.5,13,6,5,404
34.5,13,6,6,406
34.5,13,6,7,408
34.5,13,6,8,410
34.5,13,6,9,411
34.5,13,6,10,413
34.5,13,6,11,415
34.5,13,6,12,417
34.5,13,6,13,419
34.5,13,6,14,421
34.5,13,6,15,422
34.5,13,7,0,397
34.5,13,7,1,398
34.5,13,7,2,400
34.5,13,7,3,402
34.5,13,7,4,404
34.5,13,7,5,406
34.5,13,7,6,408
34.5,13,7,7,410
34.5,13,7,8,412
34.5,13,7,9,414
34.5,13,7,10,416
34.5,13,7,11,417
34.5,13,7,12,419
34.5,13,7,13,421
34.5,13,7,14,423
34.5,13,7,15,425
34.5,13,8,0,399
34.5,13,8,1,401
34.5,13,8,2,403
34.5,13,8,3,405
34.5,13,8,4,406
34.5,13,8,5,408
34.5,13,8,6,410
34.5,13,8,7,412
34.5,13,8,8,414
34.5,13,8,9,416
34.5,13,8,10,418
34.5,13,8,11,420
34.5,13,8,12,422
34.5,13,8,13,423
34.5,13,8,14,425
34.5,13,8,15,427
34.5,13,9,0,401
34.5,13,9,1,403
34.5,13,9,2,405
34.5,13,9,3,407
34.5,13,9,4,409
34.5,13,9,5,411
34.5,13,9,6,413
34.5,13,9,7,414
34.5,13,9,8,416
34.5,13,9,9,418
34.5,13,9,10,420
34.5,13,9,11,422
34.5,13,9,12,424
34.5,13,9,13,426
34.5,13,9,14,428
34.5,13,9,15,429
34.5,13,10,0,403
34.5,13,10,1,405
34.5,13,10,2,407
34.5,13,10,3,409
34.5,13,10,4,411
34.5,13,10,5,413
34.5,13,10,6,415
34.5,13,10,7,417
34.5,13,10,8,419
34.5,13,10,9,421
34.5,13,10,10,422
34.5,13,10,11,424
34.5,13,10,12,426
34.5,13,10,13,428
34.5,13,10,14,430
34.5,13,10,15,432
34.5,13,11,0,405
34.5,13,11,1,407
34.5,13,11,2,409
34.5,13,11,3,411
34.5,13,11,4,413
34.5,13,11,5,415
34.5,13,11,6,417
34.5,13,11,7,419
34.5,13,11,8,421
34.5,13,11,9,423
34.5,13,11,10,425
34.5,13,11,11,427
34.5,13,11,12,428
34.5,13,11,13,430
34.5,13,11,14,432
34.5,13,11,15,434
34.5,13,12,0,407
34.5,13,12,1,409
34.5,13,12,2,411
34.5,13,12,3,413
34.5,13,12,4,415
34.5,13,12,5,417
34.5,13,12,6,419
34.5,13,12,7,421
34.5,13,12,8,423
34.5,13,12,9,425
34.5,13,12,10,427
34.5,13,12,11,429
34.5,13,12,12,431
34.5,13,12,13,433
34.5,13,12,14,434
34.5,13,12,15,436
34.5,13,13,0,410
34.5,13,13,1,412
34.5,13,13,2,414
34.5,13,13,3,416
34.5,13,13,4,418
34.5,13,13,5,419
34.5,13,13,6,421
34.5,13,13,7,423
34.5,13,13,8,425
34.5,13,13,9,427
34.5,13,13,10,429
34.5,13,13,11,431
34.5,13,13,12,433
34.5,13,13,13,435
34.5,13,13,14,437
34.5,13,13,15,439
34.5,13,14,0,412
34.5,13,14,1,414
34.5,13,14,2,416
34.5,13,14,3,418
34.5,13,14,4,420
34.5,13,14,5,422
34.5,13,14,6,424
34.5,13,14,7,426
34.5,13,14,8,428
34.5,13,14,9,429
34.5,13,14,10,431
34.5,13,14,11,433
34.5,13,14,12,435
34.5,13,14,13,437
34.5,13,14,14,439
34.5,13,14,15,441
34.5,13,15,0,414
34.5,13,15,1,416
34.5,13,15,2,418
34.5,13,15,3,420
34.5,13,15,4,422
34.5,13,15,5,424
34.5,13,15,6,426
34.5,13,15,7,428
34.5,13,15,8,430
34.5,13,15,9,432
34.5,13,15,10,434
34.5,13,15,11,436
34.5,13,15,12,437
34.5,13,15,13,439
34.5,13,15,14,441
34.5,13,15,15,443
34.5,14,0,0,386
34.5,14,0,1,388
34.5,14,0,2,390
34.5,14,0,3,392
34.5,14,0,4,394
34.5,14,0,5,395
34.5,14,0,6,397
34.5,14,0,7,399
34.5,14,0,8,401
34.5,14,0,9,403
34.5,14,0,10,405
34.5,14,0,11,406
34.5,14,0,12,408
34.5,14,0,13,410
34.5,14,0,14,412
34.5,14,0,15,414
34.5,14,1,0,388
34.5,14,1,1,390
34.5,14,1,2,392
34.5,14,1,3,394
34.5,14,1,4,396
34.5,14,1,5,398
34.5,14,1,6,400
34.5,14,1,7,402
34.5,14,1,8,403
34.5,14,1,9,405
34.5,14,1,10,407
34.5,14,1,11,409
34.5,14,1,12,411
34.5,14,1,13,412
34.5,14,1,14,414
34.5,14,1,15,416
34.5,14,2,0,391
34.5,14,2,1,393
34.5,14,2,2,395
34.5,14,2,3,396
34.5,14,2,4,398
34.5,14,2,5,400
34.5,14,2,6,402
34.5,14,2,7,404
34.5,14,2,8,406
34.5,14,2,9,408
34.5,14,2,10,409
34.5,14,2,11,411
34.5,14,2,12,413
34.5,14,2,13,415
34.5,14,2,14,417
34.5,14,2,15,418
34.5,14,3,0,393
34.5,14,3,1,395
34.5,14,3,2,397
34.5,14,3,3,399
34.5,14,3,4,401
34.5,14,3,5,403
34.5,14,3,6,404
34.5,14,3,7,406
34.5,14,3,8,408
34.5,14,3,9,410
34.5,14,3,10,412
34.5,14,3,11,414
34.5,14,3,12,415
34.5,14,3,13,417
34.5,14,3,14,419
34.5,14,3,15,421
34.5,14,4,0,395
34.5,14,4,1,397
34.5,14,4,2,399
34.5,14,4,3,401
34.5,14,4,4,403
34.5,14,4,5,405
34.5,14,4,6,407
34.5,14,4,7,409
34.5,14,4,8,410
34.5,14,4,9,412
34.5,14,4,10,414
34.5,14,4,11,416
34.5,14,4,12,418
34.5,14,4,13,420
34.5,14,4,14,422
34.5,14,4,15,423
34.5,14,5,0,398
34.5,14,5,1,399
34.5,14,5,2,401
34.5,14,5,3,403
34.5,14,5,4,405
34.5,14,5,5,407
34.5,14,5,6,409
34.5,14,5,7,411
34.5,14,5,8,413
34.5,14,5,9,415
34.5,14,5,10,417
34.5,14,5,11,418
34.5,14,5,12,420
34.5,14,5,13,422
34.5,14,5,14,424
34.5,14,5,15,426
34.5,14,6,0,400
34.5,14,6,1,402
34.5,14,6,2,404
34.5,14,6,3,406
34.5,14,6,4,408
34.5,14,6,5,409
34.5,14,6,6,411
34.5,14,6,7,413
34.5,14,6,8,415
34.5,14,6,9,417
34.5,14,6,10,419
34.5,14,6,11,421
34.5,14,6,12,423
34.5,14,6,13,425
34.5,14,6,14,426
34.5,14,6,15,428
34.5,14,7,0,402
34.5,14,7,1,404
34.5,14,7,2,406
34.5,14,7,3,408
34.5,14,7,4,410
34.5,14,7,5,412
34.5,14,7,6,414
34.5,14,7,7,416
34.5,14,7,8,418
34.5,14,7,9,419
34.5,14,7,10,421
34.5,14,7,11,423
34.5,14,7,12,425
34.5,14,7,13,427
34.5,14,7,14,429
34.5,14,7,15,431
34.5,14,8,0,404
34.5,14,8,1,406
34.5,14,8,2,408
34.5,14,8,3,410
34.5,14,8,4,412
34.5,14,8,5,414
34.5,14,8,6,416
34.5,14,8,7,418
34.5,14,8,8,420
34.5,14,8,9,422
34.5,14,8,10,424
34.5,14,8,11,426
34.5,14,8,12,427
34.5,14,8,13,429
34.5,14,8,14,431
34.5,14,8,15,433
34.5,14,9,0,406
34.5,14,9,1,408
34.5,14,9,2,410
34.5,14,9,3,412
34.5,14,9,4,414
34.5,14,9,5,416
34.5,14,9,6,418
34.5,14,9,7,420
34.5,14,9,8,422
34.5,14,9,9,424
34.5,14,9,10,426
34.5,14,9,11,428
34.5,14,9,12,430
34.5,14,9,13,432
34.5,14,9,14,434
34.5,14,9,15,435
34.5,14,10,0,409
34.5,14,10,1,411
34.5,14,10,2,413
34.5,14,10,3,415
34.5,14,10,4,417
34.5,14,10,5,419
34.5,14,10,6,421
34.5,14,10,7,422
34.5,14,10,8,424
34.5,14,10,9,426
34.5,14,10,10,428
34.5,14,10,11,430
34.5,14,10,12,432
34.5,14,10,13,434
34.5,14,10,14,436
34.5,14,10,15,438
34.5,14,11,0,411
34.5,14,11,1,413
34.5,14,11,2,415
34.5,14,11,3,417
34.5,14,11,4,419
34.5,14,11,5,421
34.5,14,11,6,423
34.5,14,11,7,425
34.5,14,11,8,427
34.5,14,11,9,429
34.5,14,11,10,431
34.5,14,11,11,432
34.5,14,11,12,434
34.5,14,11,13,436
34.5,14,11,14,438
34.5,14,11,15,440
34.5,14,12,0,413
34.5,14,12,1,415
34.5,14,12,2,417
34.5,14,12,3,419
34.5,14,12,4,421
34.5,14,12,5,423
34.5,14,12,6,425
34.5,14,12,7,427
34.5,14,12,8,429
34.5,14,12,9,431
34.5,14,12,10,433
34.5,14,12,11,435
34.5,14,12,12,437
34.5,14,12,13,439
34.5,14,12,14,441
34.5,14,12,15,442
34.5,14,13,0,415
34.5,14,13,1,417
34.5,14,13,2,419
34.5,14,13,3,421
34.5,14,13,4,423
34.5,14,13,5,425
34.5,14,13,6,427
34.5,14,13,7,429
34.5,14,13,8,431
34.5,14,13,9,433
34.5,14,13,10,435
34.5,14,13,11,437
34.5,14,13,12,439
34.5,14,13,13,441
34.5,14,13,14,443
34.5,14,13,15,445
34.5,14,14,0,417
34.5,14,14,1,419
34.5,14,14,2,421
34.5,14,14,3,423
34.5,14,14,4,426
34.5,14,14,5,428
34.5,14,14,6,430
34.5,14,14,7,431
34.5,14,14,8,433
34.5,14,14,9,435
34.5,14,14,10,437
34.5,14,14,11,439
34.5,14,14,12,441
34.5,14,14,13,443
34.5,14,14,14,445
34.5,14,14,15,447
34.5,14,15,0,420
34.5,14,15,1,422
34.5,14,15,2,424
34.5,14,15,3,426
34.5,14,15,4,428
34.5,14,15,5,430
34.5,14,15,6,432
34.5,14,15,7,434
34.5,14,15,8,436
34.5,14,15,9,438
34.5,14,15,10,440
34.5,14,15,11,442
34.5,14,15,12,444
34.5,14,15,13,446
34.5,14,15,14,447
34.5,14,15,15,449
34.5,15,0,0,391
34.5,15,0,1,393
34.5,15,0,2,395
34.5,15,0,3,397
34.5,15,0,4,399
34.5,15,0,5,401
34.5,15,0,6,403
34.5,15,0,7,405
34.5,15,0,8,406
34.5,15,0,9,408
34.5,15,0,10,410
34.5,15,0,11,412
34.5,15,0,12,414
34.5,15,0,13,416
34.5,15,0,14,417
34.5,15,0,15,419
34.5,15,1,0,394
34.5,15,1,1,396
34.5,15,1,2,398
34.5,15,1,3,399
34.5,15,1,4,401
34.5,15,1,5,403
34.5,15,1,6,405
34.5,15,1,7,407
34.5,15,1,8,409
34.5,15,1,9,411
34.5,15,1,10,413
34.5,15,1,11,414
34.5,15,1,12,416
34.5,15,1,13,418
34.5,15,1,14,420
34.5,15,1,15,422
34.5,15,2,0,396
34.5,15,2,1,398
34.5,15,2,2,400
34.5,15,2,3,402
34.5,15,2,4,404
34.5,15,2,5,406
34.5,15,2,6,408
34.5,15,2,7,409
34.5,15,2,8,411
34.5,15,2,9,413
34.5,15,2,10,415
34.5,15,2,11,417
34.5,15,2,12,419
34.5,15,2,13,421
34.5,15,2,14,422
34.5,15,2,15,424
34.5,15,3,0,398
34.5,15,3,1,400
34.5,15,3,2,402
34.5,15,3,3,404
34.5,15,3,4,406
34.5,15,3,5,408
34.5,15,3,6,410
34.5,15,3,7,412
34.5,15,3,8,414
34.5,15,3,9,416
34.5,15,3,10,417
34.5,15,3,11,419
34.5,15,3,12,421
34.5,15,3,13,423
34.5,15,3,14,425
34.5,15,3,15,427
34.5,15,4,0,401
34.5,15,4,1,403
34.5,15,4,2,405
34.5,15,4,3,407
34.5,15,4,4,408
34.5,15,4,5,410
34.5,15,4,6,412
34.5,15,4,7,414
34.5,15,4,8,416
34.5,15,4,9,418
34.5,15,4,10,420
34.5,15,4,11,422
34.5,15,4,12,424
34.5,15,4,13,425
34.5,15,4,14,427
34.5,15,4,15,429
34.5,15,5,0,403
34.5,15,5,1,405
34.5,15,5,2,407
34.5,15,5,3,409
34.5,15,5,4,411
34.5,15,5,5,413
34.5,15,5,6,415
34.5,15,5,7,417
34.5,15,5,8,419
34.5,15,5,9,420
34.5,15,5,10,422
34.5,15,5,11,424
34.5,15,5,12,426
34.5,15,5,13,428
34.5,15,5,14,430
34.5,15,5,15,432
34.5,15,6,0,405
34.5,15,6,1,407
34.5,15,6,2,409
34.5,15,6,3,411
34.5,15,6,4,413
34.5,15,6,5,415
34.5,15,6,6,417
34.5,15,6,7,419
34.5,15,6,8,421
34.5,15,6,9,423
34.5,15,6,10,425
34.5,15,6,11,427
34.5,15,6,12,428
34.5,15,6,13,430
34.5,15,6,14,432
34.5,15,6,15,434
34.5,15,7,0,408
34.5,15,7,1,410
34.5,15,7,2,412
34.5,15,7,3,414
34.5,15,7,4,415
34.5,15,7,5,417
34.5,15,7,6,419
34.5,15,7,7,421
34.5,15,7,8,423
34.5,15,7,9,425
34.5,15,7,10,427
34.5,15,7,11,429
34.5,15,7,12,431
34.5,15,7,13,433
34.5,15,7,14,435
34.5,15,7,15,437
34.5,15,8,0,410
34.5,15,8,1,412
34.5,15,8,2,414
34.5,15,8,3,416
34.5,15,8,4,418
34.5,15,8,5,420
34.5,15,8,6,422
34.5,15,8,7,424
34.5,15,8,8,426
34.5,15,8,9,428
34.5,15,8,10,429
34.5,15,8,11,431
34.5,15,8,12,433
34.5,15,8,13,435
34.5,15,8,14,437
34.5,15,8,15,439
34.5,15,9,0,412
34.5,15,9,1,414
34.5,15,9,2,416
34.5,15,9,3,418
34.5,15,9,4,420
34.5,15,9,5,422
34.5,15,9,6,424
34.5,15,9,7,426
34.5,15,9,8,428
34.5,15,9,9,430
34.5,15,9,10,432
34.5,15,9,11,434
34.5,15,9,12,436
34.5,15,9,13,438
34.5,15,9,14,439
34.5,15,9,15,441
34.5,15,10,0,414
34.5,15,10,1,416
34.5,15,10,2,418
34.5,15,10,3,420
34.5,15,10,4,422
34.5,15,10,5,424
34.5,15,10,6,426
34.5,15,10,7,428
34.5,15,10,8,430
34.5,15,10,9,432
34.5,15,10,10,434
34.5,15,10,11,436
34.5,15,10,12,438
34.5,15,10,13,440
34.5,15,10,14,442
34.5,15,10,15,444
34.5,15,11,0,417
34.5,15,11,1,419
34.5,15,11,2,421
34.5,15,11,3,423
34.5,15,11,4,425
34.5,15,11,5,427
34.5,15,11,6,429
34.5,15,11,7,431
34.5,15,11,8,433
34.5,15,11,9,435
34.5,15,11,10,436
34.5,15,11,11,438
34.5,15,11,12,440
34.5,15,11,13,442
34.5,15,11,14,444
34.5,15,11,15,446
34.5,15,12,0,419
34.5,15,12,1,421
34.5,15,12,2,423
34.5,15,12,3,425
34.5,15,12,4,427
34.5,15,12,5,429
34.5,15,12,6,431
34.5,15,12,7,433
34.5,15,12,8,435
34.5,15,12,9,437
34.5,15,12,10,439
34.5,15,12,11,441
34.5,15,12,12,443
34.5,15,12,13,445
34.5,15,12,14,447
34.5,15,12,15,449
34.5,15,13,0,421
34.5,15,13,1,423
34.5,15,13,2,425
34.5,15,13,3,427
34.5,15,13,4,429
34.5,15,13,5,431
34.5,15,13,6,433
34.5,15,13,7,435
34.5,15,13,8,437
34.5,15,13,9,439
34.5,15,13,10,441
34.5,15,13,11,443
34.5,15,13,12,445
34.5,15,13,13,447
34.5,15,13,14,449
34.5,15,13,15,451
34.5,15,14,0,423
34.5,15,14,1,425
34.5,15,14,2,427
34.5,15,14,3,429
34.5,15,14,4,431
34.5,15,14,5,433
34.5,15,14,6,435
34.5,15,14,7,437
34.5,15,14,8,439
34.5,15,14,9,441
34.5,15,14,10,443
34.5,15,14,11,445
34.5,15,14,12,447
34.5,15,14,13,449
34.5,15,14,14,451
34.5,15,14,15,453
34.5,15,15,0,425
34.5,15,15,1,427
34.5,15,15,2,429
34.5,15,15,3,432
34.5,15,15,4,434
34.5,15,15,5,436
34.5,15,15,6,438
34.5,15,15,7,440
34.5,15,15,8,442
34.5,15,15,9,444
34.5,15,15,10,446
34.5,15,15,11,448
34.5,15,15,12,450
34.5,15,15,13,452
34.5,15,15,14,454
34.5,15,15,15,456
35.0,0,0,0,314
35.0,0,0,1,316
35.0,0,0,2,317
35.0,0,0,3,319
35.0,0,0,4,320
35.0,0,0,5,322
35.0,0,0,6,323
35.0,0,0,7,325
35.0,0,0,8,326
35.0,0,0,9,328
35.0,0,0,10,329
35.0,0,0,11,331
35.0,0,0,12,332
35.0,0,0,13,334
35.0,0,0,14,335
35.0,0,0,15,337
35.0,0,1,0,316
35.0,0,1,1,318
35.0,0,1,2,319
35.0,0,1,3,321
35.0,0,1,4,322
35.0,0,1,5,324
35.0,0,1,6,325
35.0,0,1,7,327
35.0,0,1,8,328
35.0,0,1,9,330
35.0,0,1,10,331
35.0,0,1,11,333
35.0,0,1,12,334
35.0,0,1,13,336
35.0,0,1,14,337
35.0,0,1,15,339
35.0,0,2,0,318
35.0,0,2,1,320
35.0,0,2,2,321
35.0,0,2,3,323
35.0,0,2,4,324
35.0,0,2,5,326
35.0,0,2,6,327
35.0,0,2,7,329
35.0,0,2,8,330
35.0,0,2,9,332
35.0,0,2,10,333
35.0,0,2,11,335
35.0,0,2,12,336
35.0,0,2,13,338
35.0,0,2,14,339
35.0,0,2,15,341
35.0,0,3,0,320
35.0,0,3,1,322
35.0,0,3,2,323
35.0,0,3,3,325
35.0,0,3,4,326
35.0,0,3,5,328
35.0,0,3,6,329
35.0,0,3,7,331
35.0,0,3,8,332
35.0,0,3,9,334
35.0,0,3,10,335
35.0,0,3,11,337
35.0,0,3,12,338
35.0,0,3,13,340
35.0,0,3,14,341
35.0,0,3,15,343
35.0,0,4,0,322
35.0,0,4,1,323
35.0,0,4,2,325
35.0,0,4,3,327
35.0,0,4,4,328
35.0,0,4,5,330
35.0,0,4,6,331
35.0,0,4,7,333
35.0,0,4,8,334
35.0,0,4,9,336
35.0,0,4,10,337
35.0,0,4,11,339
35.0,0,4,12,340
35.0,0,4,13,342
35.0,0,4,14,343
35.0,0,4,15,345
35.0,0,5,0,324
35.0,0,5,1,325
35.0,0,5,2,327
35.0,0,5,3,328
35.0,0,5,4,330
35.0,0,5,5,332
35.0,0,5,6,333
35.0,0,5,7,335
35.0,0,5,8,336
35.0,0,5,9,338
35.0,0,5,10,339
35.0,0,5,11,341
35.0,0,5,12,342
35.0,0,5,13,344
35.0,0,5,14,345
35.0,0,5,15,347
35.0,0,6,0,326
35.0,0,6,1,327
35.0,0,6,2,329
35.0,0,6,3,330
35.0,0,6,4,332
35.0,0,6,5,333
35.0,0,6,6,335
35.0,0,6,7,337
35.0,0,6,8,338
35.0,0,6,9,340
35.0,0,6,10,341
35.0,0,6,11,343
35.0,0,6,12,344
35.0,0,6,13,346
35.0,0,6,14,347
35.0,0,6,15,349
35.0,0,7,0,327
35.0,0,7,1,329
35.0,0,7,2,331
35.0,0,7,3,332
35.0,0,7,4,334
35.0,0,7,5,335
35.0,0,7,6,337
35.0,0,7,7,338
35.0,0,7,8,340
35.0,0,7,9,342
35.0,0,7,10,343
35.0,0,7,11,345
35.0,0,7,12,346
35.0,0,7,13,348
35.0,0,7,14,349
35.0,0,7,15,351
35.0,0,8,0,329
35.0,0,8,1,331
35.0,0,8,2,332
35.0,0,8,3,334
35.0,0,8,4,336
35.0,0,8,5,337
35.0,0,8,6,339
35.0,0,8,7,340
35.0,0,8,8,342
35.0,0,8,9,343
35.0,0,8,10,345
35.0,0,8,11,346
35.0,0,8,12,348
35.0,0,8,13,350
35.0,0,8,14,351
35.0,0,8,15,353
35.0,0,9,0,331
35.0,0,9,1,333
35.0,0,9,2,334
35.0,0,9,3,336
35.0,0,9,4,337
35.0,0,9,5,339
35.0,0,9,6,341
35.0,0,9,7,342
35.0,0,9,8,344
35.0,0,9,9,345
35.0,0,9,10,347
35.0,0,9,11,348
35.0,0,9,12,350
35.0,0,9,13,351
35.0,0,9,14,353
35.0,0,9,15,355
35.0,0,10,0,333
35.0,0,10,1,334
35.0,0,10,2,336
35.0,0,10,3,338
35.0,0,10,4,339
35.0,0,10,5,341
35.0,0,10,6,342
35.0,0,10,7,344
35.0,0,10,8,346
35.0,0,10,9,347
35.0,0,10,10,349
35.0,0,10,11,350
35.0,0,10,12,352
35.0,0,10,13,353
35.0,0,10,14,355
35.0,0,10,15,356
35.0,0,11,0,335
35.0,0,11,1,336
35.0,0,11,2,338
35.0,0,11,3,339
35.0,0,11,4,341
35.0,0,11,5,343
35.0,0,11,6,344
35.0,0,11,7,346
35.0,0,11,8,347
35.0,0,11,9,349
35.0,0,11,10,351
35.0,0,11,11,352
35.0,0,11,12,354
35.0,0,11,13,355
35.0,0,11,14,357
35.0,0,11,15,358
35.0,0,12,0,336
35.0,0,12,1,338
35.0,0,12,2,340
35.0,0,12,3,341
35.0,0,12,4,343
35.0,0,12,5,344
35.0,0,12,6,346
35.0,0,12,7,348
35.0,0,12,8,349
35.0,0,12,9,351
35.0,0,12,10,352
35.0,0,12,11,354
35.0,0,12,12,356
35.0,0,12,13,357
35.0,0,12,14,359
35.0,0,12,15,360
35.0,0,13,0,338
35.0,0,13,1,340
35.0,0,13,2,341
35.0,0,13,3,343
35.0,0,13,4,345
35.0,0,13,5,346
35.0,0,13,6,348
35.0,0,13,7,350
35.0,0,13,8,351
35.0,0,13,9,353
35.0,0,13,10,354
35.0,0,13,11,356
35.0,0,13,12,357
35.0,0,13,13,359
35.0,0,13,14,361
35.0,0,13,15,362
35.0,0,14,0,340
35.0,0,14,1,342
35.0,0,14,2,343
35.0,0,14,3,345
35.0,0,14,4,346
35.0,0,14,5,348
35.0,0,14,6,350
35.0,0,14,7,351
35.0,0,14,8,353
35.0,0,14,9,355
35.0,0,14,10,356
35.0,0,14,11,358
35.0,0,14,12,359
35.0,0,14,13,361
35.0,0,14,14,362
35.0,0,14,15,364
35.0,0,15,0,342
35.0,0,15,1,343
35.0,0,15,2,345
35.0,0,15,3,347
35.0,0,15,4,348
35.0,0,15,5,350
35.0,0,15,6,352
35.0,0,15,7,353
35.0,0,15,8,355
35.0,0,15,9,356
35.0,0,15,10,358
35.0,0,15,11,360
35.0,0,15,12,361
35.0,0,15,13,363
35.0,0,15,14,364
35.0,0,15,15,366
35.0,1,0,0,320
35.0,1,0,1,321
35.0,1,0,2,323
35.0,1,0,3,324
35.0,1,0,4,326
35.0,1,0,5,327
35.0,1,0,6,329
35.0,1,0,7,330
35.0,1,0,8,332
35.0,1,0,9,334
35.0,1,0,10,335
35.0,1,0,11,337
35.0,1,0,12,338
35.0,1,0,13,339
35.0,1,0,14,341
35.0,1,0,15,342
35.0,1,1,0,322
35.0,1,1,1,323
35.0,1,1,2,325
35.0,1,1,3,326
35.0,1,1,4,328
35.0,1,1,5,329
35.0,1,1,6,331
35.0,1,1,7,332
35.0,1,1,8,334
35.0,1,1,9,336
35.0,1,1,10,337
35.0,1,1,11,339
35.0,1,1,12,340
35.0,1,1,13,342
35.0,1,1,14,343
35.0,1,1,15,344
35.0,1,2,0,324
35.0,1,2,1,325
35.0,1,2,2,327
35.0,1,2,3,328
35.0,1,2,4,330
35.0,1,2,5,331
35.0,1,2,6,333
35.0,1,2,7,334
35.0,1,2,8,336
35.0,1,2,9,338
35.0,1,2,10,339
35.0,1,2,11,341
35.0,1,2,12,342
35.0,1,2,13,344
35.0,1,2,14,345
35.0,1,2,15,347
35.0,1,3,0,325
35.0,1,3,1,327
35.0,1,3,2,329
35.0,1,3,3,330
35.0,1,3,4,332
35.0,1,3,5,333
35.0,1,3,6,335
35.0,1,3,7,336
35.0,1,3,8,338
35.0,1,3,9,339
35.0,1,3,10,341
35.0,1,3,11,343
35.0,1,3,12,344
35.0,1,3,13,346
35.0,1,3,14,347
35.0,1,3,15,349
35.0,1,4,0,327
35.0,1,4,1,329
35.0,1,4,2,331
35.0,1,4,3,332
35.0,1,4,4,334
35.0,1,4,5,335
35.0,1,4,6,337
35.0,1,4,7,338
35.0,1,4,8,340
35.0,1,4,9,341
35.0,1,4,10,343
35.0,1,4,11,345
35.0,1,4,12,346
35.0,1,4,13,348
35.0,1,4,14,349
35.0,1,4,15,351
35.0,1,5,0,329
35.0,1,5,1,331
35.0,1,5,2,332
35.0,1,5,3,334
35.0,1,5,4,336
35.0,1,5,5,337
35.0,1,5,6,339
35.0,1,5,7,340
35.0,1,5,8,342
35.0,1,5,9,343
35.0,1,5,10,345
35.0,1,5,11,347
35.0,1,5,12,348
35.0,1,5,13,350
35.0,1,5,14,351
35.0,1,5,15,353
35.0,1,6,0,331
35.0,1,6,1,333
35.0,1,6,2,334
35.0,1,6,3,336
35.0,1,6,4,337
35.0,1,6,5,339
35.0,1,6,6,341
35.0,1,6,7,342
35.0,1,6,8,344
35.0,1,6,9,345
35.0,1,6,10,347
35.0,1,6,11,348
35.0,1,6,12,350
35.0,1,6,13,352
35.0,1,6,14,353
35.0,1,6,15,355
35.0,1,7,0,333
35.0,1,7,1,335
35.0,1,7,2,336
35.0,1,7,3,338
35.0,1,7,4,339
35.0,1,7,5,341
35.0,1,7,6,343
35.0,1,7,7,344
35.0,1,7,8,346
35.0,1,7,9,347
35.0,1,7,10,349
35.0,1,7,11,350
35.0,1,7,12,352
35.0,1,7,13,354
35.0,1,7,14,355
35.0,1,7,15,357
35.0,1,8,0,335
35.0,1,8,1,336
35.0,1,8,2,338
35.0,1,8,3,340
35.0,1,8,4,341
35.0,1,8,5,343
35.0,1,8,6,344
35.0,1,8,7,346
35.0,1,8,8,348
35.0,1,8,9,349
35.0,1,8,10,351
35.0,1,8,11,352
35.0,1,8,12,354
35.0,1,8,13,355
35.0,1,8,14,357
35.0,1,8,15,359
35.0,1,9,0,337
35.0,1,9,1,338
35.0,1,9,2,340
35.0,1,9,3,342
35.0,1,9,4,343
35.0,1,9,5,345
35.0,1,9,6,346
35.0,1,9,7,348
35.0,1,9,8,350
35.0,1,9,9,351
35.0,1,9,10,353
35.0,1,9,11,354
35.0,1,9,12,356
35.0,1,9,13,357
35.0,1,9,14,359
35.0,1,9,15,361
35.0,1,10,0,338
35.0,1,10,1,340
35.0,1,10,2,342
35.0,1,10,3,343
35.0,1,10,4,345
35.0,1,10,5,347
35.0,1,10,6,348
35.0,1,10,7,350
35.0,1,10,8,351
35.0,1,10,9,353
35.0,1,10,10,355
35.0,1,10,11,356
35.0,1,10,12,358
35.0,1,10,13,359
35.0,1,10,14,361
35.0,1,10,15,362
35.0,1,11,0,340
35.0,1,11,1,342
35.0,1,11,2,344
35.0,1,11,3,345
35.0,1,11,4,347
35.0,1,11,5,348
35.0,1,11,6,350
35.0,1,11,7,352
35.0,1,11,8,353
35.0,1,11,9,355
35.0,1,11,10,357
35.0,1,11,11,358
35.0,1,11,12,360
35.0,1,11,13,361
35.0,1,11,14,363
35.0,1,11,15,364
35.0,1,12,0,342
35.0,1,12,1,344
35.0,1,12,2,345
35.0,1,12,3,347
35.0,1,12,4,349
35.0,1,12,5,350
35.0,1,12,6,352
35.0,1,12,7,354
35.0,1,12,8,355
35.0,1,12,9,357
35.0,1,12,10,358
35.0,1,12,11,360
35.0,1,12,12,362
35.0,1,12,13,363
35.0,1,12,14,365
35.0,1,12,15,366
35.0,1,13,0,344
35.0,1,13,1,346
35.0,1,13,2,347
35.0,1,13,3,349
35.0,1,13,4,351
35.0,1,13,5,352
35.0,1,13,6,354
35.0,1,13,7,355
35.0,1,13,8,357
35.0,1,13,9,359
35.0,1,13,10,360
35.0,1,13,11,362
35.0,1,13,12,364
35.0,1,13,13,365
35.0,1,13,14,367
35.0,1,13,15,368
35.0,1,14,0,346
35.0,1,14,1,347
35.0,1,14,2,349
35.0,1,14,3,351
35.0,1,14,4,352
35.0,1,14,5,354
35.0,1,14,6,356
35.0,1,14,7,357
35.0,1,14,8,359
35.0,1,14,9,361
35.0,1,14,10,362
35.0,1,14,11,364
35.0,1,14,12,365
35.0,1,14,13,367
35.0,1,14,14,369
35.0,1,14,15,370
35.0,1,15,0,347
35.0,1,15,1,349
35.0,1,15,2,351
35.0,1,15,3,352
35.0,1,15,4,354
35.0,1,15,5,356
35.0,1,15,6,358
35.0,1,15,7,359
35.0,1,15,8,361
35.0,1,15,9,362
35.0,1,15,10,364
35.0,1,15,11,366
35.0,1,15,12,367
35.0,1,15,13,369
35.0,1,15,14,371
35.0,1,15,15,372
35.0,2,0,0,325
35.0,2,0,1,327
35.0,2,0,2,328
35.0,2,0,3,330
35.0,2,0,4,331
35.0,2,0,5,333
35.0,2,0,6,334
35.0,2,0,7,336
35.0,2,0,8,338
35.0,2,0,9,339
35.0,2,0,10,341
35.0,2,0,11,342
35.0,2,0,12,344
35.0,2,0,13,345
35.0,2,0,14,347
35.0,2,0,15,348
35.0,2,1,0,327
35.0,2,1,1,329
35.0,2,1,2,330
35.0,2,1,3,332
35.0,2,1,4,333
35.0,2,1,5,335
35.0,2,1,6,336
35.0,2,1,7,338
35.0,2,1,8,340
35.0,2,1,9,341
35.0,2,1,10,343
35.0,2,1,11,344
35.0,2,1,12,346
35.0,2,1,13,347
35.0,2,1,14,349
35.0,2,1,15,350
35.0,2,2,0,329
35.0,2,2,1,331
35.0,2,2,2,332
35.0,2,2,3,334
35.0,2,2,4,335
35.0,2,2,5,337
35.0,2,2,6,338
35.0,2,2,7,340
35.0,2,2,8,342
35.0,2,2,9,343
35.0,2,2,10,345
35.0,2,2,11,346
35.0,2,2,12,348
35.0,2,2,13,349
35.0,2,2,14,351
35.0,2,2,15,352
35.0,2,3,0,331
35.0,2,3,1,332
35.0,2,3,2,334
35.0,2,3,3,336
35.0,2,3,4,337
35.0,2,3,5,339
35.0,2,3,6,340
35.0,2,3,7,342
35.0,2,3,8,344
35.0,2,3,9,345
35.0,2,3,10,347
35.0,2,3,11,348
35.0,2,3,12,350
35.0,2,3,13,351
35.0,2,3,14,353
35.0,2,3,15,354
35.0,2,4,0,333
35.0,2,4,1,334
35.0,2,4,2,336
35.0,2,4,3,338
35.0,2,4,4,339
35.0,2,4,5,341
35.0,2,4,6,342
35.0,2,4,7,344
35.0,2,4,8,346
35.0,2,4,9,347
35.0,2,4,10,349
35.0,2,4,11,350
35.0,2,4,12,352
35.0,2,4,13,353
35.0,2,4,14,355
35.0,2,4,15,356
35.0,2,5,0,335
35.0,2,5,1,336
35.0,2,5,2,338
35.0,2,5,3,340
35.0,2,5,4,341
35.0,2,5,5,343
35.0,2,5,6,344
35.0,2,5,7,346
35.0,2,5,8,348
35.0,2,5,9,349
35.0,2,5,10,351
35.0,2,5,11,352
35.0,2,5,12,354
35.0,2,5,13,355
35.0,2,5,14,357
35.0,2,5,15,358
35.0,2,6,0,337
35.0,2,6,1,338
35.0,2,6,2,340
35.0,2,6,3,342
35.0,2,6,4,343
35.0,2,6,5,345
35.0,2,6,6,346
35.0,2,6,7,348
35.0,2,6,8,350
35.0,2,6,9,351
35.0,2,6,10,353
35.0,2,6,11,354
35.0,2,6,12,356
35.0,2,6,13,357
35.0,2,6,14,359
35.0,2,6,15,361
35.0,2,7,0,338
35.0,2,7,1,340
35.0,2,7,2,342
35.0,2,7,3,343
35.0,2,7,4,345
35.0,2,7,5,347
35.0,2,7,6,348
35.0,2,7,7,350
35.0,2,7,8,352
35.0,2,7,9,353
35.0,2,7,10,355
35.0,2,7,11,356
35.0,2,7,12,358
35.0,2,7,13,359
35.0,2,7,14,361
35.0,2,7,15,363
35.0,2,8,0,340
35.0,2,8,1,342
35.0,2,8,2,344
35.0,2,8,3,345
35.0,2,8,4,347
35.0,2,8,5,349
35.0,2,8,6,350
35.0,2,8,7,352
35.0,2,8,8,353
35.0,2,8,9,355
35.0,2,8,10,357
35.0,2,8,11,358
35.0,2,8,12,360
35.0,2,8,13,361
35.0,2,8,14,363
35.0,2,8,15,365
35.0,2,9,0,342
35.0,2,9,1,344
35.0,2,9,2,346
35.0,2,9,3,347
35.0,2,9,4,349
35.0,2,9,5,351
35.0,2,9,6,352
35.0,2,9,7,354
35.0,2,9,8,355
35.0,2,9,9,357
35.0,2,9,10,359
35.0,2,9,11,360
35.0,2,9,12,362
35.0,2,9,13,363
35.0,2,9,14,365
35.0,2,9,15,367
35.0,2,10,0,344
35.0,2,10,1,346
35.0,2,10,2,347
35.0,2,10,3,349
35.0,2,10,4,351
35.0,2,10,5,352
35.0,2,10,6,354
35.0,2,10,7,356
35.0,2,10,8,357
35.0,2,10,9,359
35.0,2,10,10,361
35.0,2,10,11,362
35.0,2,10,12,364
35.0,2,10,13,365
35.0,2,10,14,367
35.0,2,10,15,369
35.0,2,11,0,346
35.0,2,11,1,348
35.0,2,11,2,349
35.0,2,11,3,351
35.0,2,11,4,353
35.0,2,11,5,354
35.0,2,11,6,356
35.0,2,11,7,358
35.0,2,11,8,359
35.0,2,11,9,361
35.0,2,11,10,363
35.0,2,11,11,364
35.0,2,11,12,366
35.0,2,11,13,367
35.0,2,11,14,369
35.0,2,11,15,371
35.0,2,12,0,348
35.0,2,12,1,349
35.0,2,12,2,351
35.0,2,12,3,353
35.0,2,12,4,355
35.0,2,12,5,356
35.0,2,12,6,358
35.0,2,12,7,360
35.0,2,12,8,361
35.0,2,12,9,363
35.0,2,12,10,364
35.0,2,12,11,366
35.0,2,12,12,368
35.0,2,12,13,369
35.0,2,12,14,371
35.0,2,12,15,372
35.0,2,13,0,350
35.0,2,13,1,351
35.0,2,13,2,353
35.0,2,13,3,355
35.0,2,13,4,356
35.0,2,13,5,358
35.0,2,13,6,360
35.0,2,13,7,361
35.0,2,13,8,363
35.0,2,13,9,365
35.0,2,13,10,366
35.0,2,13,11,368
35.0,2,13,12,370
35.0,2,13,13,371
35.0,2,13,14,373
35.0,2,13,15,374
35.0,2,14,0,351
35.0,2,14,1,353
35.0,2,14,2,355
35.0,2,14,3,357
35.0,2,14,4,358
35.0,2,14,5,360
35.0,2,14,6,362
35.0,2,14,7,363
35.0,2,14,8,365
35.0,2,14,9,367
35.0,2,14,10,368
35.0,2,14,11,370
35.0,2,14,12,372
35.0,2,14,13,373
35.0,2,14,14,375
35.0,2,14,15,376
35.0,2,15,0,353
35.0,2,15,1,355
35.0,2,15,2,357
35.0,2,15,3,358
35.0,2,15,4,360
35.0,2,15,5,362
35.0,2,15,6,363
35.0,2,15,7,365
35.0,2,15,8,367
35.0,2,15,9,368
35.0,2,15,10,370
35.0,2,15,11,372
35.0,2,15,12,373
35.0,2,15,13,375
35.0,2,15,14,377
35.0,2,15,15,378
35.0,3,0,0,330
35.0,3,0,1,332
35.0,3,0,2,334
35.0,3,0,3,335
35.0,3,0,4,337
35.0,3,0,5,338
35.0,3,0,6,340
35.0,3,0,7,342
35.0,3,0,8,343
35.0,3,0,9,345
35.0,3,0,10,346
35.0,3,0,11,348
35.0,3,0,12,349
35.0,3,0,13,351
35.0,3,0,14,352
35.0,3,0,15,354
35.0,3,1,0,332
35.0,3,1,1,334
35.0,3,1,2,336
35.0,3,1,3,337
35.0,3,1,4,339
35.0,3,1,5,340
35.0,3,1,6,342
35.0,3,1,7,344
35.0,3,1,8,345
35.0,3,1,9,347
35.0,3,1,10,348
35.0,3,1,11,350
35.0,3,1,12,351
35.0,3,1,13,353
35.0,3,1,14,354
35.0,3,1,15,356
35.0,3,2,0,334
35.0,3,2,1,336
35.0,3,2,2,338
35.0,3,2,3,339
35.0,3,2,4,341
35.0,3,2,5,342
35.0,3,2,6,344
35.0,3,2,7,346
35.0,3,2,8,347
35.0,3,2,9,349
35.0,3,2,10,350
35.0,3,2,11,352
35.0,3,2,12,353
35.0,3,2,13,355
35.0,3,2,14,357
35.0,3,2,15,358
35.0,3,3,0,336
35.0,3,3,1,338
35.0,3,3,2,340
35.0,3,3,3,341
35.0,3,3,4,343
35.0,3,3,5,344
35.0,3,3,6,346
35.0,3,3,7,348
35.0,3,3,8,349
35.0,3,3,9,351
35.0,3,3,10,352
35.0,3,3,11,354
35.0,3,3,12,356
35.0,3,3,13,357
35.0,3,3,14,359
35.0,3,3,15,360
35.0,3,4,0,338
35.0,3,4,1,340
35.0,3,4,2,342
35.0,3,4,3,343
35.0,3,4,4,345
35.0,3,4,5,346
35.0,3,4,6,348
35.0,3,4,7,350
35.0,3,4,8,351
35.0,3,4,9,353
35.0,3,4,10,354
35.0,3,4,11,356
35.0,3,4,12,358
35.0,3,4,13,359
35.0,3,4,14,361
35.0,3,4,15,362
35.0,3,5,0,340
35.0,3,5,1,342
35.0,3,5,2,344
35.0,3,5,3,345
35.0,3,5,4,347
35.0,3,5,5,348
35.0,3,5,6,350
35.0,3,5,7,352
35.0,3,5,8,353
35.0,3,5,9,355
35.0,3,5,10,356
35.0,3,5,11,358
35.0,3,5,12,360
35.0,3,5,13,361
35.0,3,5,14,363
35.0,3,5,15,364
35.0,3,6,0,342
35.0,3,6,1,344
35.0,3,6,2,345
35.0,3,6,3,347
35.0,3,6,4,349
35.0,3,6,5,350
35.0,3,6,6,352
35.0,3,6,7,354
35.0,3,6,8,355
35.0,3,6,9,357
35.0,3,6,10,359
35.0,3,6,11,360
35.0,3,6,12,362
35.0,3,6,13,363
35.0,3,6,14,365
35.0,3,6,15,366
35.0,3,7,0,344
35.0,3,7,1,346
35.0,3,7,2,347
35.0,3,7,3,349
35.0,3,7,4,351
35.0,3,7,5,352
35.0,3,7,6,354
35.0,3,7,7,356
35.0,3,7,8,357
35.0,3,7,9,359
35.0,3,7,10,361
35.0,3,7,11,362
35.0,3,7,12,364
35.0,3,7,13,365
35.0,3,7,14,367
35.0,3,7,15,368
35.0,3,8,0,346
35.0,3,8,1,348
35.0,3,8,2,349
35.0,3,8,3,351
35.0,3,8,4,353
35.0,3,8,5,354
35.0,3,8,6,356
35.0,3,8,7,358
35.0,3,8,8,359
35.0,3,8,9,361
35.0,3,8,10,363
35.0,3,8,11,364
35.0,3,8,12,366
35.0,3,8,13,367
35.0,3,8,14,369
35.0,3,8,15,371
35.0,3,9,0,348
35.0,3,9,1,350
35.0,3,9,2,351
35.0,3,9,3,353
35.0,3,9,4,355
35.0,3,9,5,356
35.0,3,9,6,358
35.0,3,9,7,360
35.0,3,9,8,361
35.0,3,9,9,363
35.0,3,9,10,365
35.0,3,9,11,366
35.0,3,9,12,368
35.0,3,9,13,369
35.0,3,9,14,371
35.0,3,9,15,373
35.0,3,10,0,350
35.0,3,10,1,351
35.0,3,10,2,353
35.0,3,10,3,355
35.0,3,10,4,357
35.0,3,10,5,358
35.0,3,10,6,360
35.0,3,10,7,362
35.0,3,10,8,363
35.0,3,10,9,365
35.0,3,10,10,366
35.0,3,10,11,368
35.0,3,10,12,370
35.0,3,10,13,371
35.0,3,10,14,373
35.0,3,10,15,375
35.0,3,11,0,352
35.0,3,11,1,353
35.0,3,11,2,355
35.0,3,11,3,357
35.0,3,11,4,358
35.0,3,11,5,360
35.0,3,11,6,362
35.0,3,11,7,363
35.0,3,11,8,365
35.0,3,11,9,367
35.0,3,11,10,368
35.0,3,11,11,370
35.0,3,11,12,372
35.0,3,11,13,373
35.0,3,11,14,375
35.0,3,11,15,377
35.0,3,12,0,353
35.0,3,12,1,355
35.0,3,12,2,357
35.0,3,12,3,359
35.0,3,12,4,360
35.0,3,12,5,362
35.0,3,12,6,364
35.0,3,12,7,365
35.0,3,12,8,367
35.0,3,12,9,369
35.0,3,12,10,370
35.0,3,12,11,372
35.0,3,12,12,374
35.0,3,12,13,375
35.0,3,12,14,377
35.0,3,12,15,379
35.0,3,13,0,355
35.0,3,13,1,357
35.0,3,13,2,359
35.0,3,13,3,361
35.0,3,13,4,362
35.0,3,13,5,364
35.0,3,13,6,366
35.0,3,13,7,367
35.0,3,13,8,369
35.0,3,13,9,371
35.0,3,13,10,372
35.0,3,13,11,374
35.0,3,13,12,376
35.0,3,13,13,377
35.0,3,13,14,379
35.0,3,13,15,381
35.0,3,14,0,357
35.0,3,14,1,359
35.0,3,14,2,361
35.0,3,14,3,362
35.0,3,14,4,364
35.0,3,14,5,366
35.0,3,14,6,368
35.0,3,14,7,369
35.0,3,14,8,371
35.0,3,14,9,373
35.0,3,14,10,374
35.0,3,14,11,376
35.0,3,14,12,378
35.0,3,14,13,379
35.0,3,14,14,381
35.0,3,14,15,383
35.0,3,15,0,359
35.0,3,15,1,361
35.0,3,15,2,363
35.0,3,15,3,364
35.0,3,15,4,366
35.0,3,15,5,368
35.0,3,15,6,369
35.0,3,15,7,371
35.0,3,15,8,373
35.0,3,15,9,375
35.0,3,15,10,376
35.0,3,15,11,378
35.0,3,15,12,380
35.0,3,15,13,381
35.0,3,15,14,383
35.0,3,15,15,385
35.0,4,0,0,336
35.0,4,0,1,337
35.0,4,0,2,339
35.0,4,0,3,341
35.0,4,0,4,342
35.0,4,0,5,344
35.0,4,0,6,345
35.0,4,0,7,347
35.0,4,0,8,349
35.0,4,0,9,350
35.0,4,0,10,352
35.0,4,0,11,353
35.0,4,0,12,355
35.0,4,0,13,356
35.0,4,0,14,358
35.0,4,0,15,360
35.0,4,1,0,338
35.0,4,1,1,339
35.0,4,1,2,341
35.0,4,1,3,343
35.0,4,1,4,344
35.0,4,1,5,346
35.0,4,1,6,348
35.0,4,1,7,349
35.0,4,1,8,351
35.0,4,1,9,352
35.0,4,1,10,354
35.0,4,1,11,355
35.0,4,1,12,357
35.0,4,1,13,359
35.0,4,1,14,360
35.0,4,1,15,362
35.0,4,2,0,340
35.0,4,2,1,341
35.0,4,2,2,343
35.0,4,2,3,345
35.0,4,2,4,346
35.0,4,2,5,348
35.0,4,2,6,350
35.0,4,2,7,351
35.0,4,2,8,353
35.0,4,2,9,354
35.0,4,2,10,356
35.0,4,2,11,358
35.0,4,2,12,359
35.0,4,2,13,361
35.0,4,2,14,362
35.0,4,2,15,364
35.0,4,3,0,342
35.0,4,3,1,343
35.0,4,3,2,345
35.0,4,3,3,347
35.0,4,3,4,348
35.0,4,3,5,350
35.0,4,3,6,352
35.0,4,3,7,353
35.0,4,3,8,355
35.0,4,3,9,356
35.0,4,3,10,358
35.0,4,3,11,360
35.0,4,3,12,361
35.0,4,3,13,363
35.0,4,3,14,364
35.0,4,3,15,366
35.0,4,4,0,344
35.0,4,4,1,345
35.0,4,4,2,347
35.0,4,4,3,349
35.0,4,4,4,350
35.0,4,4,5,352
35.0,4,4,6,354
35.0,4,4,7,355
35.0,4,4,8,357
35.0,4,4,9,359
35.0,4,4,10,360
35.0,4,4,11,362
35.0,4,4,12,363
35.0,4,4,13,365
35.0,4,4,14,367
35.0,4,4,15,368
35.0,4,5,0,346
35.0,4,5,1,347
35.0,4,5,2,349
35.0,4,5,3,351
35.0,4,5,4,352
35.0,4,5,5,354
35.0,4,5,6,356
35.0,4,5,7,357
35.0,4,5,8,359
35.0,4,5,9,361
35.0,4,5,10,362
35.0,4,5,11,364
35.0,4,5,12,365
35.0,4,5,13,367
35.0,4,5,14,369
35.0,4,5,15,370
35.0,4,6,0,348
35.0,4,6,1,349
35.0,4,6,2,351
35.0,4,6,3,353
35.0,4,6,4,354
35.0,4,6,5,356
35.0,4,6,6,358
35.0,4,6,7,359
35.0,4,6,8,361
35.0,4,6,9,363
35.0,4,6,10,364
35.0,4,6,11,366
35.0,4,6,12,368
35.0,4,6,13,369
35.0,4,6,14,371
35.0,4,6,15,372
35.0,4,7,0,350
35.0,4,7,1,351
35.0,4,7,2,353
35.0,4,7,3,355
35.0,4,7,4,356
35.0,4,7,5,358
35.0,4,7,6,360
35.0,4,7,7,361
35.0,4,7,8,363
35.0,4,7,9,365
35.0,4,7,10,366
35.0,4,7,11,368
35.0,4,7,12,370
35.0,4,7,13,371
35.0,4,7,14,373
35.0,4,7,15,374
35.0,4,8,0,352
35.0,4,8,1,353
35.0,4,8,2,355
35.0,4,8,3,357
35.0,4,8,4,358
35.0,4,8,5,360
35.0,4,8,6,362
35.0,4,8,7,363
35.0,4,8,8,365
35.0,4,8,9,367
35.0,4,8,10,368
35.0,4,8,11,370
35.0,4,8,12,372
35.0,4,8,13,373
35.0,4,8,14,375
35.0,4,8,15,377
35.0,4,9,0,353
35.0,4,9,1,355
35.0,4,9,2,357
35.0,4,9,3,359
35.0,4,9,4,360
35.0,4,9,5,362
35.0,4,9,6,364
35.0,4,9,7,365
35.0,4,9,8,367
35.0,4,9,9,369
35.0,4,9,10,370
35.0,4,9,11,372
35.0,4,9,12,374
35.0,4,9,13,375
35.0,4,9,14,377
35.0,4,9,15,379
35.0,4,10,0,355
35.0,4,10,1,357
35.0,4,10,2,359
35.0,4,10,3,361
35.0,4,10,4,362
35.0,4,10,5,364
35.0,4,10,6,366
35.0,4,10,7,367
35.0,4,10,8,369
35.0,4,10,9,371
35.0,4,10,10,372
35.0,4,10,11,374
35.0,4,10,12,376
35.0,4,10,13,377
35.0,4,10,14,379
35.0,4,10,15,381
35.0,4,11,0,357
35.0,4,11,1,359
35.0,4,11,2,361
35.0,4,11,3,363
35.0,4,11,4,364
35.0,4,11,5,366
35.0,4,11,6,368
35.0,4,11,7,369
35.0,4,11,8,371
35.0,4,11,9,373
35.0,4,11,10,374
35.0,4,11,11,376
35.0,4,11,12,378
35.0,4,11,13,379
35.0,4,11,14,381
35.0,4,11,15,383
35.0,4,12,0,359
35.0,4,12,1,361
35.0,4,12,2,363
35.0,4,12,3,364
35.0,4,12,4,366
35.0,4,12,5,368
35.0,4,12,6,370
35.0,4,12,7,371
35.0,4,12,8,373
35.0,4,12,9,375
35.0,4,12,10,376
35.0,4,12,11,378
35.0,4,12,12,380
35.0,4,12,13,381
35.0,4,12,14,383
35.0,4,12,15,385
35.0,4,13,0,361
35.0,4,13,1,363
35.0,4,13,2,365
35.0,4,13,3,366
35.0,4,13,4,368
35.0,4,13,5,370
35.0,4,13,6,372
35.0,4,13,7,373
35.0,4,13,8,375
35.0,4,13,9,377
35.0,4,13,10,378
35.0,4,13,11,380
35.0,4,13,12,382
35.0,4,13,13,383
35.0,4,13,14,385
35.0,4,13,15,387
35.0,4,14,0,363
35.0,4,14,1,365
35.0,4,14,2,366
35.0,4,14,3,368
35.0,4,14,4,370
35.0,4,14,5,372
35.0,4,14,6,373
35.0,4,14,7,375
35.0,4,14,8,377
35.0,4,14,9,379
35.0,4,14,10,380
35.0,4,14,11,382
35.0,4,14,12,384
35.0,4,14,13,385
35.0,4,14,14,387
35.0,4,14,15,389
35.0,4,15,0,365
35.0,4,15,1,367
35.0,4,15,2,368
35.0,4,15,3,370
35.0,4,15,4,372
35.0,4,15,5,374
35.0,4,15,6,375
35.0,4,15,7,377
35.0,4,15,8,379
35.0,4,15,9,381
35.0,4,15,10,382
35.0,4,15,11,384
35.0,4,15,12,386
35.0,4,15,13,387
35.0,4,15,14,389
35.0,4,15,15,391
35.0,5,0,0,341
35.0,5,0,1,343
35.0,5,0,2,344
35.0,5,0,3,346
35.0,5,0,4,348
35.0,5,0,5,349
35.0,5,0,6,351
35.0,5,0,7,353
35.0,5,0,8,354
35.0,5,0,9,356
35.0,5,0,10,357
35.0,5,0,11,359
35.0,5,0,12,361
35.0,5,0,13,362
35.0,5,0,14,364
35.0,5,0,15,365
35.0,5,1,0,343
35.0,5,1,1,345
35.0,5,1,2,346
35.0,5,1,3,348
35.0,5,1,4,350
35.0,5,1,5,351
35.0,5,1,6,353
35.0,5,1,7,355
35.0,5,1,8,356
35.0,5,1,9,358
35.0,5,1,10,360
35.0,5,1,11,361
35.0,5,1,12,363
35.0,5,1,13,364
35.0,5,1,14,366
35.0,5,1,15,367
35.0,5,2,0,345
35.0,5,2,1,347
35.0,5,2,2,348
35.0,5,2,3,350
35.0,5,2,4,352
35.0,5,2,5,353
35.0,5,2,6,355
35.0,5,2,7,357
35.0,5,2,8,358
35.0,5,2,9,360
35.0,5,2,10,362
35.0,5,2,11,363
35.0,5,2,12,365
35.0,5,2,13,366
35.0,5,2,14,368
35.0,5,2,15,370
35.0,5,3,0,347
35.0,5,3,1,349
35.0,5,3,2,351
35.0,5,3,3,352
35.0,5,3,4,354
35.0,5,3,5,356
35.0,5,3,6,357
35.0,5,3,7,359
35.0,5,3,8,361
35.0,5,3,9,362
35.0,5,3,10,364
35.0,5,3,11,365
35.0,5,3,12,367
35.0,5,3,13,369
35.0,5,3,14,370
35.0,5,3,15,372
35.0,5,4,0,349
35.0,5,4,1,351
35.0,5,4,2,353
35.0,5,4,3,354
35.0,5,4,4,356
35.0,5,4,5,358
35.0,5,4,6,359
35.0,5,4,7,361
35.0,5,4,8,363
35.0,5,4,9,364
35.0,5,4,10,366
35.0,5,4,11,368
35.0,5,4,12,369
35.0,5,4,13,371
35.0,5,4,14,372
35.0,5,4,15,374
35.0,5,5,0,351
35.0,5,5,1,353
35.0,5,5,2,355
35.0,5,5,3,356
35.0,5,5,4,358
35.0,5,5,5,360
35.0,5,5,6,361
35.0,5,5,7,363
35.0,5,5,8,365
35.0,5,5,9,366
35.0,5,5,10,368
35.0,5,5,11,370
35.0,5,5,12,371
35.0,5,5,13,373
35.0,5,5,14,375
35.0,5,5,15,376
35.0,5,6,0,353
35.0,5,6,1,355
35.0,5,6,2,357
35.0,5,6,3,358
35.0,5,6,4,360
35.0,5,6,5,362
35.0,5,6,6,363
35.0,5,6,7,365
35.0,5,6,8,367
35.0,5,6,9,368
35.0,5,6,10,370
35.0,5,6,11,372
35.0,5,6,12,373
35.0,5,6,13,375
35.0,5,6,14,377
35.0,5,6,15,378
35.0,5,7,0,355
35.0,5,7,1,357
35.0,5,7,2,359
35.0,5,7,3,360
35.0,5,7,4,362
35.0,5,7,5,364
35.0,5,7,6,365
35.0,5,7,7,367
35.0,5,7,8,369
35.0,5,7,9,371
35.0,5,7,10,372
35.0,5,7,11,374
35.0,5,7,12,375
35.0,5,7,13,377
35.0,5,7,14,379
35.0,5,7,15,380
35.0,5,8,0,357
35.0,5,8,1,359
35.0,5,8,2,361
35.0,5,8,3,362
35.0,5,8,4,364
35.0,5,8,5,366
35.0,5,8,6,367
35.0,5,8,7,369
35.0,5,8,8,371
35.0,5,8,9,373
35.0,5,8,10,374
35.0,5,8,11,376
35.0,5,8,12,378
35.0,5,8,13,379
35.0,5,8,14,381
35.0,5,8,15,383
35.0,5,9,0,359
35.0,5,9,1,361
35.0,5,9,2,363
35.0,5,9,3,364
35.0,5,9,4,366
35.0,5,9,5,368
35.0,5,9,6,369
35.0,5,9,7,371
35.0,5,9,8,373
35.0,5,9,9,375
35.0,5,9,10,376
35.0,5,9,11,378
35.0,5,9,12,380
35.0,5,9,13,381
35.0,5,9,14,383
35.0,5,9,15,385
35.0,5,10,0,361
35.0,5,10,1,363
35.0,5,10,2,365
35.0,5,10,3,366
35.0,5,10,4,368
35.0,5,10,5,370
35.0,5,10,6,372
35.0,5,10,7,373
35.0,5,10,8,375
35.0,5,10,9,377
35.0,5,10,10,378
35.0,5,10,11,380
35.0,5,10,12,382
35.0,5,10,13,383
35.0,5,10,14,385
35.0,5,10,15,387
35.0,5,11,0,363
35.0,5,11,1,365
35.0,5,11,2,367
35.0,5,11,3,368
35.0,5,11,4,370
35.0,5,11,5,372
35.0,5,11,6,373
35.0,5,11,7,375
35.0,5,11,8,377
35.0,5,11,9,379
35.0,5,11,10,380
35.0,5,11,11,382
35.0,5,11,12,384
35.0,5,11,13,385
35.0,5,11,14,387
35.0,5,11,15,389
35.0,5,12,0,365
35.0,5,12,1,367
35.0,5,12,2,368
35.0,5,12,3,370
35.0,5,12,4,372
35.0,5,12,5,374
35.0,5,12,6,375
35.0,5,12,7,377
35.0,5,12,8,379
35.0,5,12,9,381
35.0,5,12,10,382
35.0,5,12,11,384
35.0,5,12,12,386
35.0,5,12,13,387
35.0,5,12,14,389
35.0,5,12,15,391
35.0,5,13,0,367
35.0,5,13,1,369
35.0,5,13,2,370
35.0,5,13,3,372
35.0,5,13,4,374
35.0,5,13,5,376
35.0,5,13,6,377
35.0,5,13,7,379
35.0,5,13,8,381
35.0,5,13,9,383
35.0,5,13,10,384
35.0,5,13,11,386
35.0,5,13,12,388
35.0,5,13,13,390
35.0,5,13,14,391
35.0,5,13,15,393
35.0,5,14,0,369
35.0,5,14,1,371
35.0,5,14,2,372
35.0,5,14,3,374
35.0,5,14,4,376
35.0,5,14,5,378
35.0,5,14,6,379
35.0,5,14,7,381
35.0,5,14,8,383
35.0,5,14,9,385
35.0,5,14,10,386
35.0,5,14,11,388
35.0,5,14,12,390
35.0,5,14,13,392
35.0,5,14,14,393
35.0,5,14,15,395
35.0,5,15,0,371
35.0,5,15,1,372
35.0,5,15,2,374
35.0,5,15,3,376
35.0,5,15,4,378
35.0,5,15,5,380
35.0,5,15,6,381
35.0,5,15,7,383
35.0,5,15,8,385
35.0,5,15,9,387
35.0,5,15,10,388
35.0,5,15,11,390
35.0,5,15,12,392
35.0,5,15,13,394
35.0,5,15,14,395
35.0,5,15,15,397
35.0,6,0,0,346
35.0,6,0,1,348
35.0,6,0,2,350
35.0,6,0,3,351
35.0,6,0,4,353
35.0,6,0,5,355
35.0,6,0,6,356
35.0,6,0,7,358
35.0,6,0,8,360
35.0,6,0,9,361
35.0,6,0,10,363
35.0,6,0,11,365
35.0,6,0,12,366
35.0,6,0,13,368
35.0,6,0,14,369
35.0,6,0,15,371
35.0,6,1,0,348
35.0,6,1,1,350
35.0,6,1,2,352
35.0,6,1,3,354
35.0,6,1,4,355
35.0,6,1,5,357
35.0,6,1,6,359
35.0,6,1,7,360
35.0,6,1,8,362
35.0,6,1,9,364
35.0,6,1,10,365
35.0,6,1,11,367
35.0,6,1,12,368
35.0,6,1,13,370
35.0,6,1,14,372
35.0,6,1,15,373
35.0,6,2,0,351
35.0,6,2,1,352
35.0,6,2,2,354
35.0,6,2,3,356
35.0,6,2,4,357
35.0,6,2,5,359
35.0,6,2,6,361
35.0,6,2,7,362
35.0,6,2,8,364
35.0,6,2,9,366
35.0,6,2,10,367
35.0,6,2,11,369
35.0,6,2,12,371
35.0,6,2,13,372
35.0,6,2,14,374
35.0,6,2,15,375
35.0,6,3,0,353
35.0,6,3,1,354
35.0,6,3,2,356
35.0,6,3,3,358
35.0,6,3,4,359
35.0,6,3,5,361
35.0,6,3,6,363
35.0,6,3,7,364
35.0,6,3,8,366
35.0,6,3,9,368
35.0,6,3,10,369
35.0,6,3,11,371
35.0,6,3,12,373
35.0,6,3,13,374
35.0,6,3,14,376
35.0,6,3,15,378
35.0,6,4,0,355
35.0,6,4,1,356
35.0,6,4,2,358
35.0,6,4,3,360
35.0,6,4,4,362
35.0,6,4,5,363
35.0,6,4,6,365
35.0,6,4,7,367
35.0,6,4,8,368
35.0,6,4,9,370
35.0,6,4,10,372
35.0,6,4,11,373
35.0,6,4,12,375
35.0,6,4,13,377
35.0,6,4,14,378
35.0,6,4,15,380
35.0,6,5,0,357
35.0,6,5,1,358
35.0,6,5,2,360
35.0,6,5,3,362
35.0,6,5,4,364
35.0,6,5,5,365
35.0,6,5,6,367
35.0,6,5,7,369
35.0,6,5,8,370
35.0,6,5,9,372
35.0,6,5,10,374
35.0,6,5,11,375
35.0,6,5,12,377
35.0,6,5,13,379
35.0,6,5,14,380
35.0,6,5,15,382
35.0,6,6,0,359
35.0,6,6,1,360
35.0,6,6,2,362
35.0,6,6,3,364
35.0,6,6,4,366
35.0,6,6,5,367
35.0,6,6,6,369
35.0,6,6,7,371
35.0,6,6,8,373
35.0,6,6,9,374
35.0,6,6,10,376
35.0,6,6,11,378
35.0,6,6,12,379
35.0,6,6,13,381
35.0,6,6,14,383
35.0,6,6,15,384
35.0,6,7,0,361
35.0,6,7,1,362
35.0,6,7,2,364
35.0,6,7,3,366
35.0,6,7,4,368
35.0,6,7,5,369
35.0,6,7,6,371
35.0,6,7,7,373
35.0,6,7,8,375
35.0,6,7,9,376
35.0,6,7,10,378
35.0,6,7,11,380
35.0,6,7,12,381
35.0,6,7,13,383
35.0,6,7,14,385
35.0,6,7,15,386
35.0,6,8,0,363
35.0,6,8,1,364
35.0,6,8,2,366
35.0,6,8,3,368
35.0,6,8,4,370
35.0,6,8,5,371
35.0,6,8,6,373
35.0,6,8,7,375
35.0,6,8,8,377
35.0,6,8,9,378
35.0,6,8,10,380
35.0,6,8,11,382
35.0,6,8,12,383
35.0,6,8,13,385
35.0,6,8,14,387
35.0,6,8,15,388
35.0,6,9,0,365
35.0,6,9,1,366
35.0,6,9,2,368
35.0,6,9,3,370
35.0,6,9,4,372
35.0,6,9,5,374
35.0,6,9,6,375
35.0,6,9,7,377
35.0,6,9,8,379
35.0,6,9,9,380
35.0,6,9,10,382
35.0,6,9,11,384
35.0,6,9,12,386
35.0,6,9,13,387
35.0,6,9,14,389
35.0,6,9,15,391
35.0,6,10,0,367
35.0,6,10,1,368
35.0,6,10,2,370
35.0,6,10,3,372
35.0,6,10,4,374
35.0,6,10,5,376
35.0,6,10,6,377
35.0,6,10,7,379
35.0,6,10,8,381
35.0,6,10,9,383
35.0,6,10,10,384
35.0,6,10,11,386
35.0,6,10,12,388
35.0,6,10,13,389
35.0,6,10,14,391
35.0,6,10,15,393
35.0,6,11,0,369
35.0,6,11,1,370
35.0,6,11,2,372
35.0,6,11,3,374
35.0,6,11,4,376
35.0,6,11,5,378
35.0,6,11,6,379
35.0,6,11,7,381
35.0,6,11,8,383
35.0,6,11,9,385
35.0,6,11,10,386
35.0,6,11,11,388
35.0,6,11,12,390
35.0,6,11,13,391
35.0,6,11,14,393
35.0,6,11,15,395
35.0,6,12,0,371
35.0,6,12,1,372
35.0,6,12,2,374
35.0,6,12,3,376
35.0,6,12,4,378
35.0,6,12,5,380
35.0,6,12,6,381
35.0,6,12,7,383
35.0,6,12,8,385
35.0,6,12,9,387
35.0,6,12,10,388
35.0,6,12,11,390
35.0,6,12,12,392
35.0,6,12,13,394
35.0,6,12,14,395
35.0,6,12,15,397
35.0,6,13,0,373
35.0,6,13,1,374
35.0,6,13,2,376
35.0,6,13,3,378
35.0,6,13,4,380
35.0,6,13,5,382
35.0,6,13,6,383
35.0,6,13,7,385
35.0,6,13,8,387
35.0,6,13,9,389
35.0,6,13,10,390
35.0,6,13,11,392
35.0,6,13,12,394
35.0,6,13,13,396
35.0,6,13,14,397
35.0,6,13,15,399
35.0,6,14,0,374
35.0,6,14,1,376
35.0,6,14,2,378
35.0,6,14,3,380
35.0,6,14,4,382
35.0,6,14,5,384
35.0,6,14,6,385
35.0,6,14,7,387
35.0,6,14,8,389
35.0,6,14,9,391
35.0,6,14,10,392
35.0,6,14,11,394
35.0,6,14,12,396
35.0,6,14,13,398
35.0,6,14,14,399
35.0,6,14,15,401
35.0,6,15,0,376
35.0,6,15,1,378
35.0,6,15,2,380
35.0,6,15,3,382
35.0,6,15,4,384
35.0,6,15,5,386
35.0,6,15,6,387
35.0,6,15,7,389
35.0,6,15,8,391
35.0,6,15,9,393
35.0,6,15,10,394
35.0,6,15,11,396
35.0,6,15,12,398
35.0,6,15,13,400
35.0,6,15,14,401
35.0,6,15,15,403
35.0,7,0,0,352
35.0,7,0,1,353
35.0,7,0,2,355
35.0,7,0,3,357
35.0,7,0,4,359
35.0,7,0,5,360
35.0,7,0,6,362
35.0,7,0,7,364
35.0,7,0,8,365
35.0,7,0,9,367
35.0,7,0,10,369
35.0,7,0,11,370
35.0,7,0,12,372
35.0,7,0,13,373
35.0,7,0,14,375
35.0,7,0,15,377
35.0,7,1,0,354
35.0,7,1,1,356
35.0,7,1,2,357
35.0,7,1,3,359
35.0,7,1,4,361
35.0,7,1,5,362
35.0,7,1,6,364
35.0,7,1,7,366
35.0,7,1,8,367
35.0,7,1,9,369
35.0,7,1,10,371
35.0,7,1,11,372
35.0,7,1,12,374
35.0,7,1,13,376
35.0,7,1,14,377
35.0,7,1,15,379
35.0,7,2,0,356
35.0,7,2,1,358
35.0,7,2,2,359
35.0,7,2,3,361
35.0,7,2,4,363
35.0,7,2,5,365
35.0,7,2,6,366
35.0,7,2,7,368
35.0,7,2,8,370
35.0,7,2,9,371
35.0,7,2,10,373
35.0,7,2,11,375
35.0,7,2,12,376
35.0,7,2,13,378
35.0,7,2,14,380
35.0,7,2,15,381
35.0,7,3,0,358
35.0,7,3,1,360
35.0,7,3,2,362
35.0,7,3,3,363
35.0,7,3,4,365
35.0,7,3,5,367
35.0,7,3,6,368
35.0,7,3,7,370
35.0,7,3,8,372
35.0,7,3,9,373
35.0,7,3,10,375
35.0,7,3,11,377
35.0,7,3,12,379
35.0,7,3,13,380
35.0,7,3,14,382
35.0,7,3,15,383
35.0,7,4,0,360
35.0,7,4,1,362
35.0,7,4,2,364
35.0,7,4,3,365
35.0,7,4,4,367
35.0,7,4,5,369
35.0,7,4,6,371
35.0,7,4,7,372
35.0,7,4,8,374
35.0,7,4,9,376
35.0,7,4,10,377
35.0,7,4,11,379
35.0,7,4,12,381
35.0,7,4,13,382
35.0,7,4,14,384
35.0,7,4,15,386
35.0,7,5,0,362
35.0,7,5,1,364
35.0,7,5,2,366
35.0,7,5,3,367
35.0,7,5,4,369
35.0,7,5,5,371
35.0,7,5,6,373
35.0,7,5,7,374
35.0,7,5,8,376
35.0,7,5,9,378
35.0,7,5,10,380
35.0,7,5,11,381
35.0,7,5,12,383
35.0,7,5,13,385
35.0,7,5,14,386
35.0,7,5,15,388
35.0,7,6,0,364
35.0,7,6,1,366
35.0,7,6,2,368
35.0,7,6,3,370
35.0,7,6,4,371
35.0,7,6,5,373
35.0,7,6,6,375
35.0,7,6,7,377
35.0,7,6,8,378
35.0,7,6,9,380
35.0,7,6,10,382
35.0,7,6,11,383
35.0,7,6,12,385
35.0,7,6,13,387
35.0,7,6,14,388
35.0,7,6,15,390
35.0,7,7,0,366
35.0,7,7,1,368
35.0,7,7,2,370
35.0,7,7,3,372
35.0,7,7,4,373
35.0,7,7,5,375
35.0,7,7,6,377
35.0,7,7,7,379
35.0,7,7,8,380
35.0,7,7,9,382
35.0,7,7,10,384
35.0,7,7,11,386
35.0,7,7,12,387
35.0,7,7,13,389
35.0,7,7,14,391
35.0,7,7,15,392
35.0,7,8,0,368
35.0,7,8,1,370
35.0,7,8,2,372
35.0,7,8,3,374
35.0,7,8,4,375
35.0,7,8,5,377
35.0,7,8,6,379
35.0,7,8,7,381
35.0,7,8,8,382
35.0,7,8,9,384
35.0,7,8,10,386
35.0,7,8,11,388
35.0,7,8,12,389
35.0,7,8,13,391
35.0,7,8,14,393
35.0,7,8,15,394
35.0,7,9,0,370
35.0,7,9,1,372
35.0,7,9,2,374
35.0,7,9,3,376
35.0,7,9,4,378
35.0,7,9,5,379
35.0,7,9,6,381
35.0,7,9,7,383
35.0,7,9,8,385
35.0,7,9,9,386
35.0,7,9,10,388
35.0,7,9,11,390
35.0,7,9,12,392
35.0,7,9,13,393
35.0,7,9,14,395
35.0,7,9,15,397
35.0,7,10,0,372
35.0,7,10,1,374
35.0,7,10,2,376
35.0,7,10,3,378
35.0,7,10,4,380
35.0,7,10,5,381
35.0,7,10,6,383
35.0,7,10,7,385
35.0,7,10,8,387
35.0,7,10,9,388
35.0,7,10,10,390
35.0,7,10,11,392
35.0,7,10,12,394
35.0,7,10,13,395
35.0,7,10,14,397
35.0,7,10,15,399
35.0,7,11,0,374
35.0,7,11,1,376
35.0,7,11,2,378
35.0,7,11,3,380
35.0,7,11,4,382
35.0,7,11,5,383
35.0,7,11,6,385
35.0,7,11,7,387
35.0,7,11,8,389
35.0,7,11,9,391
35.0,7,11,10,392
35.0,7,11,11,394
35.0,7,11,12,396
35.0,7,11,13,397
35.0,7,11,14,399
35.0,7,11,15,401
35.0,7,12,0,376
35.0,7,12,1,378
35.0,7,12,2,380
35.0,7,12,3,382
35.0,7,12,4,384
35.0,7,12,5,385
35.0,7,12,6,387
35.0,7,12,7,389
35.0,7,12,8,391
35.0,7,12,9,393
35.0,7,12,10,394
35.0,7,12,11,396
35.0,7,12,12,398
35.0,7,12,13,400
35.0,7,12,14,401
35.0,7,12,15,403
35.0,7,13,0,378
35.0,7,13,1,380
35.0,7,13,2,382
35.0,7,13,3,384
35.0,7,13,4,386
35.0,7,13,5,387
35.0,7,13,6,389
35.0,7,13,7,391
35.0,7,13,8,393
35.0,7,13,9,395
35.0,7,13,10,396
35.0,7,13,11,398
35.0,7,13,12,400
35.0,7,13,13,402
35.0,7,13,14,403
35.0,7,13,15,405
35.0,7,14,0,380
35.0,7,14,1,382
35.0,7,14,2,384
35.0,7,14,3,386
35.0,7,14,4,388
35.0,7,14,5,389
35.0,7,14,6,391
35.0,7,14,7,393
35.0,7,14,8,395
35.0,7,14,9,397
35.0,7,14,10,398
35.0,7,14,11,400
35.0,7,14,12,402
35.0,7,14,13,404
35.0,7,14,14,406
35.0,7,14,15,407
35.0,7,15,0,382
35.0,7,15,1,384
35.0,7,15,2,386
35.0,7,15,3,388
35.0,7,15,4,390
35.0,7,15,5,391
35.0,7,15,6,393
35.0,7,15,7,395
35.0,7,15,8,397
35.0,7,15,9,399
35.0,7,15,10,401
35.0,7,15,11,402
35.0,7,15,12,404
35.0,7,15,13,406
35.0,7,15,14,408
35.0,7,15,15,409
35.0,8,0,0,357
35.0,8,0,1,359
35.0,8,0,2,361
35.0,8,0,3,362
35.0,8,0,4,364
35.0,8,0,5,366
35.0,8,0,6,367
35.0,8,0,7,369
35.0,8,0,8,371
35.0,8,0,9,372
35.0,8,0,10,374
35.0,8,0,11,376
35.0,8,0,12,377
35.0,8,0,13,379
35.0,8,0,14,381
35.0,8,0,15,382
35.0,8,1,0,359
35.0,8,1,1,361
35.0,8,1,2,363
35.0,8,1,3,364
35.0,8,1,4,366
35.0,8,1,5,368
35.0,8,1,6,370
35.0,8,1,7,371
35.0,8,1,8,373
35.0,8,1,9,375
35.0,8,1,10,376
35.0,8,1,11,378
35.0,8,1,12,380
35.0,8,1,13,381
35.0,8,1,14,383
35.0,8,1,15,385
35.0,8,2,0,361
35.0,8,2,1,363
35.0,8,2,2,365
35.0,8,2,3,367
35.0,8,2,4,368
35.0,8,2,5,370
35.0,8,2,6,372
35.0,8,2,7,374
35.0,8,2,8,375
35.0,8,2,9,377
35.0,8,2,10,379
35.0,8,2,11,380
35.0,8,2,12,382
35.0,8,2,13,384
35.0,8,2,14,385
35.0,8,2,15,387
35.0,8,3,0,363
35.0,8,3,1,365
35.0,8,3,2,367
35.0,8,3,3,369
35.0,8,3,4,371
35.0,8,3,5,372
35.0,8,3,6,374
35.0,8,3,7,376
35.0,8,3,8,377
35.0,8,3,9,379
35.0,8,3,10,381
35.0,8,3,11,383
35.0,8,3,12,384
35.0,8,3,13,386
35.0,8,3,14,388
35.0,8,3,15,389
35.0,8,4,0,366
35.0,8,4,1,367
35.0,8,4,2,369
35.0,8,4,3,371
35.0,8,4,4,373
35.0,8,4,5,374
35.0,8,4,6,376
35.0,8,4,7,378
35.0,8,4,8,380
35.0,8,4,9,381
35.0,8,4,10,383
35.0,8,4,11,385
35.0,8,4,12,386
35.0,8,4,13,388
35.0,8,4,14,390
35.0,8,4,15,392
35.0,8,5,0,368
35.0,8,5,1,369
35.0,8,5,2,371
35.0,8,5,3,373
35.0,8,5,4,375
35.0,8,5,5,377
35.0,8,5,6,378
35.0,8,5,7,380
35.0,8,5,8,382
35.0,8,5,9,384
35.0,8,5,10,385
35.0,8,5,11,387
35.0,8,5,12,389
35.0,8,5,13,390
35.0,8,5,14,392
35.0,8,5,15,394
35.0,8,6,0,370
35.0,8,6,1,372
35.0,8,6,2,373
35.0,8,6,3,375
35.0,8,6,4,377
35.0,8,6,5,379
35.0,8,6,6,380
35.0,8,6,7,382
35.0,8,6,8,384
35.0,8,6,9,386
35.0,8,6,10,387
35.0,8,6,11,389
35.0,8,6,12,391
35.0,8,6,13,393
35.0,8,6,14,394
35.0,8,6,15,396
35.0,8,7,0,372
35.0,8,7,1,374
35.0,8,7,2,375
35.0,8,7,3,377
35.0,8,7,4,379
35.0,8,7,5,381
35.0,8,7,6,383
35.0,8,7,7,384
35.0,8,7,8,386
35.0,8,7,9,388
35.0,8,7,10,390
35.0,8,7,11,391
35.0,8,7,12,393
35.0,8,7,13,395
35.0,8,7,14,397
35.0,8,7,15,398
35.0,8,8,0,374
35.0,8,8,1,376
35.0,8,8,2,378
35.0,8,8,3,379
35.0,8,8,4,381
35.0,8,8,5,383
35.0,8,8,6,385
35.0,8,8,7,387
35.0,8,8,8,388
35.0,8,8,9,390
35.0,8,8,10,392
35.0,8,8,11,394
35.0,8,8,12,395
35.0,8,8,13,397
35.0,8,8,14,399
35.0,8,8,15,400
35.0,8,9,0,376
35.0,8,9,1,378
35.0,8,9,2,380
35.0,8,9,3,381
35.0,8,9,4,383
35.0,8,9,5,385
35.0,8,9,6,387
35.0,8,9,7,389
35.0,8,9,8,390
35.0,8,9,9,392
35.0,8,9,10,394
35.0,8,9,11,396
35.0,8,9,12,397
35.0,8,9,13,399
35.0,8,9,14,401
35.0,8,9,15,403
35.0,8,10,0,378
35.0,8,10,1,380
35.0,8,10,2,382
35.0,8,10,3,383
35.0,8,10,4,385
35.0,8,10,5,387
35.0,8,10,6,389
35.0,8,10,7,391
35.0,8,10,8,393
35.0,8,10,9,394
35.0,8,10,10,396
35.0,8,10,11,398
35.0,8,10,12,400
35.0,8,10,13,401
35.0,8,10,14,403
35.0,8,10,15,405
35.0,8,11,0,380
35.0,8,11,1,382
35.0,8,11,2,384
35.0,8,11,3,386
35.0,8,11,4,387
35.0,8,11,5,389
35.0,8,11,6,391
35.0,8,11,7,393
35.0,8,11,8,395
35.0,8,11,9,396
35.0,8,11,10,398
35.0,8,11,11,400
35.0,8,11,12,402
35.0,8,11,13,404
35.0,8,11,14,405
35.0,8,11,15,407
35.0,8,12,0,382
35.0,8,12,1,384
35.0,8,12,2,386
35.0,8,12,3,388
35.0,8,12,4,389
35.0,8,12,5,391
35.0,8,12,6,393
35.0,8,12,7,395
35.0,8,12,8,397
35.0,8,12,9,399
35.0,8,12,10,400
35.0,8,12,11,402
35.0,8,12,12,404
35.0,8,12,13,406
35.0,8,12,14,407
35.0,8,12,15,409
35.0,8,13,0,384
35.0,8,13,1,386
35.0,8,13,2,388
35.0,8,13,3,390
35.0,8,13,4,391
35.0,8,13,5,393
35.0,8,13,6,395
35.0,8,13,7,397
35.0,8,13,8,399
35.0,8,13,9,401
35.0,8,13,10,402
35.0,8,13,11,404
35.0,8,13,12,406
35.0,8,13,13,408
35.0,8,13,14,410
35.0,8,13,15,411
35.0,8,14,0,386
35.0,8,14,1,388
35.0,8,14,2,390
35.0,8,14,3,392
35.0,8,14,4,394
35.0,8,14,5,395
35.0,8,14,6,397
35.0,8,14,7,399
35.0,8,14,8,401
35.0,8,14,9,403
35.0,8,14,10,405
35.0,8,14,11,406
35.0,8,14,12,408
35.0,8,14,13,410
35.0,8,14,14,412
35.0,8,14,15,413
35.0,8,15,0,388
35.0,8,15,1,390
35.0,8,15,2,392
35.0,8,15,3,394
35.0,8,15,4,396
35.0,8,15,5,397
35.0,8,15,6,399
35.0,8,15,7,401
35.0,8,15,8,403
35.0,8,15,9,405
35.0,8,15,10,407
35.0,8,15,11,408
35.0,8,15,12,410
35.0,8,15,13,412
35.0,8,15,14,414
35.0,8,15,15,416
35.0,9,0,0,362
35.0,9,0,1,364
35.0,9,0,2,366
35.0,9,0,3,368
35.0,9,0,4,369
35.0,9,0,5,371
35.0,9,0,6,373
35.0,9,0,7,375
35.0,9,0,8,376
35.0,9,0,9,378
35.0,9,0,10,380
35.0,9,0,11,381
35.0,9,0,12,383
35.0,9,0,13,385
35.0,9,0,14,386
35.0,9,0,15,388
35.0,9,1,0,365
35.0,9,1,1,366
35.0,9,1,2,368
35.0,9,1,3,370
35.0,9,1,4,372
35.0,9,1,5,373
35.0,9,1,6,375
35.0,9,1,7,377
35.0,9,1,8,379
35.0,9,1,9,380
35.0,9,1,10,382
35.0,9,1,11,384
35.0,9,1,12,385
35.0,9,1,13,387
35.0,9,1,14,389
35.0,9,1,15,390
35.0,9,2,0,367
35.0,9,2,1,369
35.0,9,2,2,370
35.0,9,2,3,372
35.0,9,2,4,374
35.0,9,2,5,376
35.0,9,2,6,377
35.0,9,2,7,379
35.0,9,2,8,381
35.0,9,2,9,383
35.0,9,2,10,384
35.0,9,2,11,386
35.0,9,2,12,388
35.0,9,2,13,389
35.0,9,2,14,391
35.0,9,2,15,393
35.0,9,3,0,369
35.0,9,3,1,371
35.0,9,3,2,372
35.0,9,3,3,374
35.0,9,3,4,376
35.0,9,3,5,378
35.0,9,3,6,380
35.0,9,3,7,381
35.0,9,3,8,383
35.0,9,3,9,385
35.0,9,3,10,387
35.0,9,3,11,388
35.0,9,3,12,390
35.0,9,3,13,392
35.0,9,3,14,393
35.0,9,3,15,395
35.0,9,4,0,371
35.0,9,4,1,373
35.0,9,4,2,375
35.0,9,4,3,376
35.0,9,4,4,378
35.0,9,4,5,380
35.0,9,4,6,382
35.0,9,4,7,384
35.0,9,4,8,385
35.0,9,4,9,387
35.0,9,4,10,389
35.0,9,4,11,391
35.0,9,4,12,392
35.0,9,4,13,394
35.0,9,4,14,396
35.0,9,4,15,397
35.0,9,5,0,373
35.0,9,5,1,375
35.0,9,5,2,377
35.0,9,5,3,379
35.0,9,5,4,380
35.0,9,5,5,382
35.0,9,5,6,384
35.0,9,5,7,386
35.0,9,5,8,388
35.0,9,5,9,389
35.0,9,5,10,391
35.0,9,5,11,393
35.0,9,5,12,395
35.0,9,5,13,396
35.0,9,5,14,398
35.0,9,5,15,400
35.0,9,6,0,375
35.0,9,6,1,377
35.0,9,6,2,379
35.0,9,6,3,381
35.0,9,6,4,383
35.0,9,6,5,384
35.0,9,6,6,386
35.0,9,6,7,388
35.0,9,6,8,390
35.0,9,6,9,391
35.0,9,6,10,393
35.0,9,6,11,395
35.0,9,6,12,397
35.0,9,6,13,398
35.0,9,6,14,400
35.0,9,6,15,402
35.0,9,7,0,377
35.0,9,7,1,379
35.0,9,7,2,381
35.0,9,7,3,383
35.0,9,7,4,385
35.0,9,7,5,387
35.0,9,7,6,388
35.0,9,7,7,390
35.0,9,7,8,392
35.0,9,7,9,394
35.0,9,7,10,395
35.0,9,7,11,397
35.0,9,7,12,399
35.0,9,7,13,401
35.0,9,7,14,402
35.0,9,7,15,404
35.0,9,8,0,379
35.0,9,8,1,381
35.0,9,8,2,383
35.0,9,8,3,385
35.0,9,8,4,387
35.0,9,8,5,389
35.0,9,8,6,390
35.0,9,8,7,392
35.0,9,8,8,394
35.0,9,8,9,396
35.0,9,8,10,398
35.0,9,8,11,399
35.0,9,8,12,401
35.0,9,8,13,403
35.0,9,8,14,405
35.0,9,8,15,406
35.0,9,9,0,382
35.0,9,9,1,383
35.0,9,9,2,385
35.0,9,9,3,387
35.0,9,9,4,389
35.0,9,9,5,391
35.0,9,9,6,393
35.0,9,9,7,394
35.0,9,9,8,396
35.0,9,9,9,398
35.0,9,9,10,400
35.0,9,9,11,402
35.0,9,9,12,403
35.0,9,9,13,405
35.0,9,9,14,407
35.0,9,9,15,409
35.0,9,10,0,384
35.0,9,10,1,385
35.0,9,10,2,387
35.0,9,10,3,389
35.0,9,10,4,391
35.0,9,10,5,393
35.0,9,10,6,395
35.0,9,10,7,397
35.0,9,10,8,398
35.0,9,10,9,400
35.0,9,10,10,402
35.0,9,10,11,404
35.0,9,10,12,406
35.0,9,10,13,407
35.0,9,10,14,409
35.0,9,10,15,411
35.0,9,11,0,386
35.0,9,11,1,388
35.0,9,11,2,389
35.0,9,11,3,391
35.0,9,11,4,393
35.0,9,11,5,395
35.0,9,11,6,397
35.0,9,11,7,399
35.0,9,11,8,401
35.0,9,11,9,402
35.0,9,11,10,404
35.0,9,11,11,406
35.0,9,11,12,408
35.0,9,11,13,410
35.0,9,11,14,411
35.0,9,11,15,413
35.0,9,12,0,388
35.0,9,12,1,390
35.0,9,12,2,392
35.0,9,12,3,393
35.0,9,12,4,395
35.0,9,12,5,397
35.0,9,12,6,399
35.0,9,12,7,401
35.0,9,12,8,403
35.0,9,12,9,404
35.0,9,12,10,406
35.0,9,12,11,408
35.0,9,12,12,410
35.0,9,12,13,412
35.0,9,12,14,414
35.0,9,12,15,415
35.0,9,13,0,390
35.0,9,13,1,392
35.0,9,13,2,394
35.0,9,13,3,395
35.0,9,13,4,397
35.0,9,13,5,399
35.0,9,13,6,401
35.0,9,13,7,403
35.0,9,13,8,405
35.0,9,13,9,407
35.0,9,13,10,408
35.0,9,13,11,410
35.0,9,13,12,412
35.0,9,13,13,414
35.0,9,13,14,416
35.0,9,13,15,417
35.0,9,14,0,392
35.0,9,14,1,394
35.0,9,14,2,396
35.0,9,14,3,398
35.0,9,14,4,399
35.0,9,14,5,401
35.0,9,14,6,403
35.0,9,14,7,405
35.0,9,14,8,407
35.0,9,14,9,409
35.0,9,14,10,411
35.0,9,14,11,412
35.0,9,14,12,414
35.0,9,14,13,416
35.0,9,14,14,418
35.0,9,14,15,420
35.0,9,15,0,394
35.0,9,15,1,396
35.0,9,15,2,398
35.0,9,15,3,400
35.0,9,15,4,401
35.0,9,15,5,403
35.0,9,15,6,405
35.0,9,15,7,407
35.0,9,15,8,409
35.0,9,15,9,411
35.0,9,15,10,413
35.0,9,15,11,415
35.0,9,15,12,416
35.0,9,15,13,418
35.0,9,15,14,420
35.0,9,15,15,422
35.0,10,0,0,368
35.0,10,0,1,370
35.0,10,0,2,371
35.0,10,0,3,373
35.0,10,0,4,375
35.0,10,0,5,377
35.0,10,0,6,378
35.0,10,0,7,380
35.0,10,0,8,382
35.0,10,0,9,384
35.0,10,0,10,385
35.0,10,0,11,387
35.0,10,0,12,389
35.0,10,0,13,390
35.0,10,0,14,392
35.0,10,0,15,394
35.0,10,1,0,370
35.0,10,1,1,372
35.0,10,1,2,374
35.0,10,1,3,375
35.0,10,1,4,377
35.0,10,1,5,379
35.0,10,1,6,381
35.0,10,1,7,382
35.0,10,1,8,384
35.0,10,1,9,386
35.0,10,1,10,388
35.0,10,1,11,389
35.0,10,1,12,391
35.0,10,1,13,393
35.0,10,1,14,395
35.0,10,1,15,396
35.0,10,2,0,372
35.0,10,2,1,374
35.0,10,2,2,376
35.0,10,2,3,378
35.0,10,2,4,379
35.0,10,2,5,381
35.0,10,2,6,383
35.0,10,2,7,385
35.0,10,2,8,386
35.0,10,2,9,388
35.0,10,2,10,390
35.0,10,2,11,392
35.0,10,2,12,393
35.0,10,2,13,395
35.0,10,2,14,397
35.0,10,2,15,399
35.0,10,3,0,374
35.0,10,3,1,376
35.0,10,3,2,378
35.0,10,3,3,380
35.0,10,3,4,382
35.0,10,3,5,383
35.0,10,3,6,385
35.0,10,3,7,387
35.0,10,3,8,389
35.0,10,3,9,390
35.0,10,3,10,392
35.0,10,3,11,394
35.0,10,3,12,396
35.0,10,3,13,397
35.0,10,3,14,399
35.0,10,3,15,401
35.0,10,4,0,376
35.0,10,4,1,378
35.0,10,4,2,380
35.0,10,4,3,382
35.0,10,4,4,384
35.0,10,4,5,386
35.0,10,4,6,387
35.0,10,4,7,389
35.0,10,4,8,391
35.0,10,4,9,393
35.0,10,4,10,395
35.0,10,4,11,396
35.0,10,4,12,398
35.0,10,4,13,400
35.0,10,4,14,402
35.0,10,4,15,403
35.0,10,5,0,379
35.0,10,5,1,380
35.0,10,5,2,382
35.0,10,5,3,384
35.0,10,5,4,386
35.0,10,5,5,388
35.0,10,5,6,390
35.0,10,5,7,391
35.0,10,5,8,393
35.0,10,5,9,395
35.0,10,5,10,397
35.0,10,5,11,399
35.0,10,5,12,400
35.0,10,5,13,402
35.0,10,5,14,404
35.0,10,5,15,406
35.0,10,6,0,381
35.0,10,6,1,383
35.0,10,6,2,385
35.0,10,6,3,386
35.0,10,6,4,388
35.0,10,6,5,390
35.0,10,6,6,392
35.0,10,6,7,394
35.0,10,6,8,395
35.0,10,6,9,397
35.0,10,6,10,399
35.0,10,6,11,401
35.0,10,6,12,403
35.0,10,6,13,404
35.0,10,6,14,406
35.0,10,6,15,408
35.0,10,7,0,383
35.0,10,7,1,385
35.0,10,7,2,387
35.0,10,7,3,389
35.0,10,7,4,390
35.0,10,7,5,392
35.0,10,7,6,394
35.0,10,7,7,396
35.0,10,7,8,398
35.0,10,7,9,399
35.0,10,7,10,401
35.0,10,7,11,403
35.0,10,7,12,405
35.0,10,7,13,407
35.0,10,7,14,408
35.0,10,7,15,410
35.0,10,8,0,385
35.0,10,8,1,387
35.0,10,8,2,389
35.0,10,8,3,391
35.0,10,8,4,393
35.0,10,8,5,394
35.0,10,8,6,396
35.0,10,8,7,398
35.0,10,8,8,400
35.0,10,8,9,402
35.0,10,8,10,404
35.0,10,8,11,405
35.0,10,8,12,407
35.0,10,8,13,409
35.0,10,8,14,411
35.0,10,8,15,412
35.0,10,9,0,387
35.0,10,9,1,389
35.0,10,9,2,391
35.0,10,9,3,393
35.0,10,9,4,395
35.0,10,9,5,397
35.0,10,9,6,398
35.0,10,9,7,400
35.0,10,9,8,402
35.0,10,9,9,404
35.0,10,9,10,406
35.0,10,9,11,408
35.0,10,9,12,409
35.0,10,9,13,411
35.0,10,9,14,413
35.0,10,9,15,415
35.0,10,10,0,389
35.0,10,10,1,391
35.0,10,10,2,393
35.0,10,10,3,395
35.0,10,10,4,397
35.0,10,10,5,399
35.0,10,10,6,401
35.0,10,10,7,402
35.0,10,10,8,404
35.0,10,10,9,406
35.0,10,10,10,408
35.0,10,10,11,410
35.0,10,10,12,412
35.0,10,10,13,413
35.0,10,10,14,415
35.0,10,10,15,417
35.0,10,11,0,391
35.0,10,11,1,393
35.0,10,11,2,395
35.0,10,11,3,397
35.0,10,11,4,399
35.0,10,11,5,401
35.0,10,11,6,403
35.0,10,11,7,405
35.0,10,11,8,406
35.0,10,11,9,408
35.0,10,11,10,410
35.0,10,11,11,412
35.0,10,11,12,414
35.0,10,11,13,416
35.0,10,11,14,417
35.0,10,11,15,419
35.0,10,12,0,393
35.0,10,12,1,395
35.0,10,12,2,397
35.0,10,12,3,399
35.0,10,12,4,401
35.0,10,12,5,403
35.0,10,12,6,405
35.0,10,12,7,407
35.0,10,12,8,409
35.0,10,12,9,410
35.0,10,12,10,412
35.0,10,12,11,414
35.0,10,12,12,416
35.0,10,12,13,418
35.0,10,12,14,420
35.0,10,12,15,421
35.0,10,13,0,396
35.0,10,13,1,397
35.0,10,13,2,399
35.0,10,13,3,401
35.0,10,13,4,403
35.0,10,13,5,405
35.0,10,13,6,407
35.0,10,13,7,409
35.0,10,13,8,411
35.0,10,13,9,413
35.0,10,13,10,414
35.0,10,13,11,416
35.0,10,13,12,418
35.0,10,13,13,420
35.0,10,13,14,422
35.0,10,13,15,424
35.0,10,14,0,398
35.0,10,14,1,400
35.0,10,14,2,401
35.0,10,14,3,403
35.0,10,14,4,405
35.0,10,14,5,407
35.0,10,14,6,409
35.0,10,14,7,411
35.0,10,14,8,413
35.0,10,14,9,415
35.0,10,14,10,417
35.0,10,14,11,418
35.0,10,14,12,420
35.0,10,14,13,422
35.0,10,14,14,424
35.0,10,14,15,426
35.0,10,15,0,400
35.0,10,15,1,402
35.0,10,15,2,404
35.0,10,15,3,405
35.0,10,15,4,407
35.0,10,15,5,409
35.0,10,15,6,411
35.0,10,15,7,413
35.0,10,15,8,415
35.0,10,15,9,417
35.0,10,15,10,419
35.0,10,15,11,421
35.0,10,15,12,422
35.0,10,15,13,424
35.0,10,15,14,426
35.0,10,15,15,428
35.0,11,0,0,373
35.0,11,0,1,375
35.0,11,0,2,377
35.0,11,0,3,379
35.0,11,0,4,380
35.0,11,0,5,382
35.0,11,0,6,384
35.0,11,0,7,386
35.0,11,0,8,387
35.0,11,0,9,389
35.0,11,0,10,391
35.0,11,0,11,393
35.0,11,0,12,394
35.0,11,0,13,396
35.0,11,0,14,398
35.0,11,0,15,400
35.0,11,1,0,375
35.0,11,1,1,377
35.0,11,1,2,379
35.0,11,1,3,381
35.0,11,1,4,383
35.0,11,1,5,384
35.0,11,1,6,386
35.0,11,1,7,388
35.0,11,1,8,390
35.0,11,1,9,392
35.0,11,1,10,393
35.0,11,1,11,395
35.0,11,1,12,397
35.0,11,1,13,399
35.0,11,1,14,400
35.0,11,1,15,402
35.0,11,2,0,378
35.0,11,2,1,379
35.0,11,2,2,381
35.0,11,2,3,383
35.0,11,2,4,385
35.0,11,2,5,387
35.0,11,2,6,388
35.0,11,2,7,390
35.0,11,2,8,392
35.0,11,2,9,394
35.0,11,2,10,396
35.0,11,2,11,397
35.0,11,2,12,399
35.0,11,2,13,401
35.0,11,2,14,403
35.0,11,2,15,404
35.0,11,3,0,380
35.0,11,3,1,382
35.0,11,3,2,383
35.0,11,3,3,385
35.0,11,3,4,387
35.0,11,3,5,389
35.0,11,3,6,391
35.0,11,3,7,393
35.0,11,3,8,394
35.0,11,3,9,396
35.0,11,3,10,398
35.0,11,3,11,400
35.0,11,3,12,401
35.0,11,3,13,403
35.0,11,3,14,405
35.0,11,3,15,407
35.0,11,4,0,382
35.0,11,4,1,384
35.0,11,4,2,386
35.0,11,4,3,388
35.0,11,4,4,389
35.0,11,4,5,391
35.0,11,4,6,393
35.0,11,4,7,395
35.0,11,4,8,397
35.0,11,4,9,398
35.0,11,4,10,400
35.0,11,4,11,402
35.0,11,4,12,404
35.0,11,4,13,406
35.0,11,4,14,407
35.0,11,4,15,409
35.0,11,5,0,384
35.0,11,5,1,386
35.0,11,5,2,388
35.0,11,5,3,390
35.0,11,5,4,392
35.0,11,5,5,393
35.0,11,5,6,395
35.0,11,5,7,397
35.0,11,5,8,399
35.0,11,5,9,401
35.0,11,5,10,403
35.0,11,5,11,404
35.0,11,5,12,406
35.0,11,5,13,408
35.0,11,5,14,410
35.0,11,5,15,411
35.0,11,6,0,386
35.0,11,6,1,388
35.0,11,6,2,390
35.0,11,6,3,392
35.0,11,6,4,394
35.0,11,6,5,396
35.0,11,6,6,398
35.0,11,6,7,399
35.0,11,6,8,401
35.0,11,6,9,403
35.0,11,6,10,405
35.0,11,6,11,407
35.0,11,6,12,408
35.0,11,6,13,410
35.0,11,6,14,412
35.0,11,6,15,414
35.0,11,7,0,388
35.0,11,7,1,390
35.0,11,7,2,392
35.0,11,7,3,394
35.0,11,7,4,396
35.0,11,7,5,398
35.0,11,7,6,400
35.0,11,7,7,402
35.0,11,7,8,403
35.0,11,7,9,405
35.0,11,7,10,407
35.0,11,7,11,409
35.0,11,7,12,411
35.0,11,7,13,413
35.0,11,7,14,414
35.0,11,7,15,416
35.0,11,8,0,391
35.0,11,8,1,393
35.0,11,8,2,394
35.0,11,8,3,396
35.0,11,8,4,398
35.0,11,8,5,400
35.0,11,8,6,402
35.0,11,8,7,404
35.0,11,8,8,406
35.0,11,8,9,408
35.0,11,8,10,409
35.0,11,8,11,411
35.0,11,8,12,413
35.0,11,8,13,415
35.0,11,8,14,417
35.0,11,8,15,418
35.0,11,9,0,393
35.0,11,9,1,395
35.0,11,9,2,397
35.0,11,9,3,399
35.0,11,9,4,400
35.0,11,9,5,402
35.0,11,9,6,404
35.0,11,9,7,406
35.0,11,9,8,408
35.0,11,9,9,410
35.0,11,9,10,412
35.0,11,9,11,413
35.0,11,9,12,415
35.0,11,9,13,417
35.0,11,9,14,419
35.0,11,9,15,421
35.0,11,10,0,395
35.0,11,10,1,397
35.0,11,10,2,399
35.0,11,10,3,401
35.0,11,10,4,403
35.0,11,10,5,404
35.0,11,10,6,406
35.0,11,10,7,408
35.0,11,10,8,410
35.0,11,10,9,412
35.0,11,10,10,414
35.0,11,10,11,416
35.0,11,10,12,418
35.0,11,10,13,419
35.0,11,10,14,421
35.0,11,10,15,423
35.0,11,11,0,397
35.0,11,11,1,399
35.0,11,11,2,401
35.0,11,11,3,403
35.0,11,11,4,405
35.0,11,11,5,407
35.0,11,11,6,409
35.0,11,11,7,410
35.0,11,11,8,412
35.0,11,11,9,414
35.0,11,11,10,416
35.0,11,11,11,418
35.0,11,11,12,420
35.0,11,11,13,422
35.0,11,11,14,423
35.0,11,11,15,425
35.0,11,12,0,399
35.0,11,12,1,401
35.0,11,12,2,403
35.0,11,12,3,405
35.0,11,12,4,407
35.0,11,12,5,409
35.0,11,12,6,411
35.0,11,12,7,413
35.0,11,12,8,415
35.0,11,12,9,416
35.0,11,12,10,418
35.0,11,12,11,420
35.0,11,12,12,422
35.0,11,12,13,424
35.0,11,12,14,426
35.0,11,12,15,428
35.0,11,13,0,401
35.0,11,13,1,403
35.0,11,13,2,405
35.0,11,13,3,407
35.0,11,13,4,409
35.0,11,13,5,411
35.0,11,13,6,413
35.0,11,13,7,415
35.0,11,13,8,417
35.0,11,13,9,419
35.0,11,13,10,420
35.0,11,13,11,422
35.0,11,13,12,424
35.0,11,13,13,426
35.0,11,13,14,428
35.0,11,13,15,430
35.0,11,14,0,403
35.0,11,14,1,405
35.0,11,14,2,407
35.0,11,14,3,409
35.0,11,14,4,411
35.0,11,14,5,413
35.0,11,14,6,415
35.0,11,14,7,417
35.0,11,14,8,419
35.0,11,14,9,421
35.0,11,14,10,423
35.0,11,14,11,425
35.0,11,14,12,426
35.0,11,14,13,428
35.0,11,14,14,430
35.0,11,14,15,432
35.0,11,15,0,405
35.0,11,15,1,407
35.0,11,15,2,409
35.0,11,15,3,411
35.0,11,15,4,413
35.0,11,15,5,415
35.0,11,15,6,417
35.0,11,15,7,419
35.0,11,15,8,421
35.0,11,15,9,423
35.0,11,15,10,425
35.0,11,15,11,427
35.0,11,15,12,429
35.0,11,15,13,430
35.0,11,15,14,432
35.0,11,15,15,434
35.0,12,0,0,378
35.0,12,0,1,380
35.0,12,0,2,382
35.0,12,0,3,384
35.0,12,0,4,386
35.0,12,0,5,388
35.0,12,0,6,389
35.0,12,0,7,391
35.0,12,0,8,393
35.0,12,0,9,395
35.0,12,0,10,397
35.0,12,0,11,398
35.0,12,0,12,400
35.0,12,0,13,402
35.0,12,0,14,404
35.0,12,0,15,405
35.0,12,1,0,381
35.0,12,1,1,383
35.0,12,1,2,384
35.0,12,1,3,386
35.0,12,1,4,388
35.0,12,1,5,390
35.0,12,1,6,392
35.0,12,1,7,394
35.0,12,1,8,395
35.0,12,1,9,397
35.0,12,1,10,399
35.0,12,1,11,401
35.0,12,1,12,402
35.0,12,1,13,404
35.0,12,1,14,406
35.0,12,1,15,408
35.0,12,2,0,383
35.0,12,2,1,385
35.0,12,2,2,387
35.0,12,2,3,389
35.0,12,2,4,390
35.0,12,2,5,392
35.0,12,2,6,394
35.0,12,2,7,396
35.0,12,2,8,398
35.0,12,2,9,399
35.0,12,2,10,401
35.0,12,2,11,403
35.0,12,2,12,405
35.0,12,2,13,407
35.0,12,2,14,408
35.0,12,2,15,410
35.0,12,3,0,385
35.0,12,3,1,387
35.0,12,3,2,389
35.0,12,3,3,391
35.0,12,3,4,393
35.0,12,3,5,395
35.0,12,3,6,396
35.0,12,3,7,398
35.0,12,3,8,400
35.0,12,3,9,402
35.0,12,3,10,404
35.0,12,3,11,405
35.0,12,3,12,407
35.0,12,3,13,409
35.0,12,3,14,411
35.0,12,3,15,413
35.0,12,4,0,387
35.0,12,4,1,389
35.0,12,4,2,391
35.0,12,4,3,393
35.0,12,4,4,395
35.0,12,4,5,397
35.0,12,4,6,399
35.0,12,4,7,400
35.0,12,4,8,402
35.0,12,4,9,404
35.0,12,4,10,406
35.0,12,4,11,408
35.0,12,4,12,410
35.0,12,4,13,411
35.0,12,4,14,413
35.0,12,4,15,415
35.0,12,5,0,390
35.0,12,5,1,392
35.0,12,5,2,393
35.0,12,5,3,395
35.0,12,5,4,397
35.0,12,5,5,399
35.0,12,5,6,401
35.0,12,5,7,403
35.0,12,5,8,405
35.0,12,5,9,406
35.0,12,5,10,408
35.0,12,5,11,410
35.0,12,5,12,412
35.0,12,5,13,414
35.0,12,5,14,416
35.0,12,5,15,417
35.0,12,6,0,392
35.0,12,6,1,394
35.0,12,6,2,396
35.0,12,6,3,398
35.0,12,6,4,399
35.0,12,6,5,401
35.0,12,6,6,403
35.0,12,6,7,405
35.0,12,6,8,407
35.0,12,6,9,409
35.0,12,6,10,411
35.0,12,6,11,412
35.0,12,6,12,414
35.0,12,6,13,416
35.0,12,6,14,418
35.0,12,6,15,420
35.0,12,7,0,394
35.0,12,7,1,396
35.0,12,7,2,398
35.0,12,7,3,400
35.0,12,7,4,402
35.0,12,7,5,404
35.0,12,7,6,405
35.0,12,7,7,407
35.0,12,7,8,409
35.0,12,7,9,411
35.0,12,7,10,413
35.0,12,7,11,415
35.0,12,7,12,417
35.0,12,7,13,418
35.0,12,7,14,420
35.0,12,7,15,422
35.0,12,8,0,396
35.0,12,8,1,398
35.0,12,8,2,400
35.0,12,8,3,402
35.0,12,8,4,404
35.0,12,8,5,406
35.0,12,8,6,408
35.0,12,8,7,410
35.0,12,8,8,411
35.0,12,8,9,413
35.0,12,8,10,415
35.0,12,8,11,417
35.0,12,8,12,419
35.0,12,8,13,421
35.0,12,8,14,423
35.0,12,8,15,424
35.0,12,9,0,398
35.0,12,9,1,400
35.0,12,9,2,402
35.0,12,9,3,404
35.0,12,9,4,406
35.0,12,9,5,408
35.0,12,9,6,410
35.0,12,9,7,412
35.0,12,9,8,414
35.0,12,9,9,416
35.0,12,9,10,417
35.0,12,9,11,419
35.0,12,9,12,421
35.0,12,9,13,423
35.0,12,9,14,425
35.0,12,9,15,427
35.0,12,10,0,401
35.0,12,10,1,403
35.0,12,10,2,404
35.0,12,10,3,406
35.0,12,10,4,408
35.0,12,10,5,410
35.0,12,10,6,412
35.0,12,10,7,414
35.0,12,10,8,416
35.0,12,10,9,418
35.0,12,10,10,420
35.0,12,10,11,422
35.0,12,10,12,423
35.0,12,10,13,425
35.0,12,10,14,427
35.0,12,10,15,429
35.0,12,11,0,403
35.0,12,11,1,405
35.0,12,11,2,407
35.0,12,11,3,409
35.0,12,11,4,411
35.0,12,11,5,412
35.0,12,11,6,414
35.0,12,11,7,416
35.0,12,11,8,418
35.0,12,11,9,420
35.0,12,11,10,422
35.0,12,11,11,424
35.0,12,11,12,426
35.0,12,11,13,428
35.0,12,11,14,429
35.0,12,11,15,431
35.0,12,12,0,405
35.0,12,12,1,407
35.0,12,12,2,409
35.0,12,12,3,411
35.0,12,12,4,413
35.0,12,12,5,415
35.0,12,12,6,417
35.0,12,12,7,419
35.0,12,12,8,420
35.0,12,12,9,422
35.0,12,12,10,424
35.0,12,12,11,426
35.0,12,12,12,428
35.0,12,12,13,430
35.0,12,12,14,432
35.0,12,12,15,434
35.0,12,13,0,407
35.0,12,13,1,409
35.0,12,13,2,411
35.0,12,13,3,413
35.0,12,13,4,415
35.0,12,13,5,417
35.0,12,13,6,419
35.0,12,13,7,421
35.0,12,13,8,423
35.0,12,13,9,425
35.0,12,13,10,426
35.0,12,13,11,428
35.0,12,13,12,430
35.0,12,13,13,432
35.0,12,13,14,434
35.0,12,13,15,436
35.0,12,14,0,409
35.0,12,14,1,411
35.0,12,14,2,413
35.0,12,14,3,415
35.0,12,14,4,417
35.0,12,14,5,419
35.0,12,14,6,421
35.0,12,14,7,423
35.0,12,14,8,425
35.0,12,14,9,427
35.0,12,14,10,429
35.0,12,14,11,431
35.0,12,14,12,433
35.0,12,14,13,434
35.0,12,14,14,436
35.0,12,14,15,438
35.0,12,15,0,411
35.0,12,15,1,413
35.0,12,15,2,415
35.0,12,15,3,417
35.0,12,15,4,419
35.0,12,15,5,421
35.0,12,15,6,423
35.0,12,15,7,425
35.0,12,15,8,427
35.0,12,15,9,429
35.0,12,15,10,431
35.0,12,15,11,433
35.0,12,15,12,435
35.0,12,15,13,437
35.0,12,15,14,439
35.0,12,15,15,440
35.0,13,0,0,384
35.0,13,0,1,386
35.0,13,0,2,387
35.0,13,0,3,389
35.0,13,0,4,391
35.0,13,0,5,393
35.0,13,0,6,395
35.0,13,0,7,397
35.0,13,0,8,399
35.0,13,0,9,400
35.0,13,0,10,402
35.0,13,0,11,404
35.0,13,0,12,406
35.0,13,0,13,407
35.0,13,0,14,409
35.0,13,0,15,411
35.0,13,1,0,386
35.0,13,1,1,388
35.0,13,1,2,390
35.0,13,1,3,392
35.0,13,1,4,394
35.0,13,1,5,395
35.0,13,1,6,397
35.0,13,1,7,399
35.0,13,1,8,401
35.0,13,1,9,403
35.0,13,1,10,405
35.0,13,1,11,406
35.0,13,1,12,408
35.0,13,1,13,410
35.0,13,1,14,412
35.0,13,1,15,413
35.0,13,2,0,388
35.0,13,2,1,390
35.0,13,2,2,392
35.0,13,2,3,394
35.0,13,2,4,396
35.0,13,2,5,398
35.0,13,2,6,400
35.0,13,2,7,401
35.0,13,2,8,403
35.0,13,2,9,405
35.0,13,2,10,407
35.0,13,2,11,409
35.0,13,2,12,411
35.0,13,2,13,412
35.0,13,2,14,414
35.0,13,2,15,416
35.0,13,3,0,391
35.0,13,3,1,393
35.0,13,3,2,394
35.0,13,3,3,396
35.0,13,3,4,398
35.0,13,3,5,400
35.0,13,3,6,402
35.0,13,3,7,404
35.0,13,3,8,406
35.0,13,3,9,407
35.0,13,3,10,409
35.0,13,3,11,411
35.0,13,3,12,413
35.0,13,3,13,415
35.0,13,3,14,417
35.0,13,3,15,418
35.0,13,4,0,393
35.0,13,4,1,395
35.0,13,4,2,397
35.0,13,4,3,399
35.0,13,4,4,401
35.0,13,4,5,402
35.0,13,4,6,404
35.0,13,4,7,406
35.0,13,4,8,408
35.0,13,4,9,410
35.0,13,4,10,412
35.0,13,4,11,414
35.0,13,4,12,415
35.0,13,4,13,417
35.0,13,4,14,419
35.0,13,4,15,421
35.0,13,5,0,395
35.0,13,5,1,397
35.0,13,5,2,399
35.0,13,5,3,401
35.0,13,5,4,403
35.0,13,5,5,405
35.0,13,5,6,407
35.0,13,5,7,408
35.0,13,5,8,410
35.0,13,5,9,412
35.0,13,5,10,414
35.0,13,5,11,416
35.0,13,5,12,418
35.0,13,5,13,420
35.0,13,5,14,421
35.0,13,5,15,423
35.0,13,6,0,397
35.0,13,6,1,399
35.0,13,6,2,401
35.0,13,6,3,403
35.0,13,6,4,405
35.0,13,6,5,407
35.0,13,6,6,409
35.0,13,6,7,411
35.0,13,6,8,413
35.0,13,6,9,415
35.0,13,6,10,416
35.0,13,6,11,418
35.0,13,6,12,420
35.0,13,6,13,422
35.0,13,6,14,424
35.0,13,6,15,426
35.0,13,7,0,400
35.0,13,7,1,402
35.0,13,7,2,404
35.0,13,7,3,405
35.0,13,7,4,407
35.0,13,7,5,409
35.0,13,7,6,411
35.0,13,7,7,413
35.0,13,7,8,415
35.0,13,7,9,417
35.0,13,7,10,419
35.0,13,7,11,421
35.0,13,7,12,422
35.0,13,7,13,424
35.0,13,7,14,426
35.0,13,7,15,428
35.0,13,8,0,402
35.0,13,8,1,404
35.0,13,8,2,406
35.0,13,8,3,408
35.0,13,8,4,410
35.0,13,8,5,412
35.0,13,8,6,413
35.0,13,8,7,415
35.0,13,8,8,417
35.0,13,8,9,419
35.0,13,8,10,421
35.0,13,8,11,423
35.0,13,8,12,425
35.0,13,8,13,427
35.0,13,8,14,429
35.0,13,8,15,430
35.0,13,9,0,404
35.0,13,9,1,406
35.0,13,9,2,408
35.0,13,9,3,410
35.0,13,9,4,412
35.0,13,9,5,414
35.0,13,9,6,416
35.0,13,9,7,418
35.0,13,9,8,420
35.0,13,9,9,421
35.0,13,9,10,423
35.0,13,9,11,425
35.0,13,9,12,427
35.0,13,9,13,429
35.0,13,9,14,431
35.0,13,9,15,433
35.0,13,10,0,406
35.0,13,10,1,408
35.0,13,10,2,410
35.0,13,10,3,412
35.0,13,10,4,414
35.0,13,10,5,416
35.0,13,10,6,418
35.0,13,10,7,420
35.0,13,10,8,422
35.0,13,10,9,424
35.0,13,10,10,426
35.0,13,10,11,428
35.0,13,10,12,429
35.0,13,10,13,431
35.0,13,10,14,433
35.0,13,10,15,435
35.0,13,11,0,408
35.0,13,11,1,410
35.0,13,11,2,412
35.0,13,11,3,414
35.0,13,11,4,416
35.0,13,11,5,418
35.0,13,11,6,420
35.0,13,11,7,422
35.0,13,11,8,424
35.0,13,11,9,426
35.0,13,11,10,428
35.0,13,11,11,430
35.0,13,11,12,432
35.0,13,11,13,434
35.0,13,11,14,436
35.0,13,11,15,437
35.0,13,12,0,411
35.0,13,12,1,413
35.0,13,12,2,415
35.0,13,12,3,417
35.0,13,12,4,419
35.0,13,12,5,421
35.0,13,12,6,422
35.0,13,12,7,424
35.0,13,12,8,426
35.0,13,12,9,428
35.0,13,12,10,430
35.0,13,12,11,432
35.0,13,12,12,434
35.0,13,12,13,436
35.0,13,12,14,438
35.0,13,12,15,440
35.0,13,13,0,413
35.0,13,13,1,415
35.0,13,13,2,417
35.0,13,13,3,419
35.0,13,13,4,421
35.0,13,13,5,423
35.0,13,13,6,425
35.0,13,13,7,427
35.0,13,13,8,429
35.0,13,13,9,431
35.0,13,13,10,433
35.0,13,13,11,434
35.0,13,13,12,436
35.0,13,13,13,438
35.0,13,13,14,440
35.0,13,13,15,442
35.0,13,14,0,415
35.0,13,14,1,417
35.0,13,14,2,419
35.0,13,14,3,421
35.0,13,14,4,423
35.0,13,14,5,425
35.0,13,14,6,427
35.0,13,14,7,429
35.0,13,14,8,431
35.0,13,14,9,433
35.0,13,14,10,435
35.0,13,14,11,437
35.0,13,14,12,439
35.0,13,14,13,441
35.0,13,14,14,442
35.0,13,14,15,444
35.0,13,15,0,417
35.0,13,15,1,419
35.0,13,15,2,421
35.0,13,15,3,423
35.0,13,15,4,425
35.0,13,15,5,427
35.0,13,15,6,429
35.0,13,15,7,431
35.0,13,15,8,433
35.0,13,15,9,435
35.0,13,15,10,437
35.0,13,15,11,439
35.0,13,15,12,441
35.0,13,15,13,443
35.0,13,15,14,445
35.0,13,15,15,447
35.0,14,0,0,389
35.0,14,0,1,391
35.0,14,0,2,393
35.0,14,0,3,395
35.0,14,0,4,397
35.0,14,0,5,398
35.0,14,0,6,400
35.0,14,0,7,402
35.0,14,0,8,404
35.0,14,0,9,406
35.0,14,0,10,408
35.0,14,0,11,410
35.0,14,0,12,411
35.0,14,0,13,413
35.0,14,0,14,415
35.0,14,0,15,417
35.0,14,1,0,391
35.0,14,1,1,393
35.0,14,1,2,395
35.0,14,1,3,397
35.0,14,1,4,399
35.0,14,1,5,401
35.0,14,1,6,403
35.0,14,1,7,405
35.0,14,1,8,406
35.0,14,1,9,408
35.0,14,1,10,410
35.0,14,1,11,412
35.0,14,1,12,414
35.0,14,1,13,416
35.0,14,1,14,417
35.0,14,1,15,419
35.0,14,2,0,394
35.0,14,2,1,396
35.0,14,2,2,398
35.0,14,2,3,399
35.0,14,2,4,401
35.0,14,2,5,403
35.0,14,2,6,405
35.0,14,2,7,407
35.0,14,2,8,409
35.0,14,2,9,411
35.0,14,2,10,413
35.0,14,2,11,414
35.0,14,2,12,416
35.0,14,2,13,418
35.0,14,2,14,420
35.0,14,2,15,422
35.0,14,3,0,396
35.0,14,3,1,398
35.0,14,3,2,400
35.0,14,3,3,402
35.0,14,3,4,404
35.0,14,3,5,406
35.0,14,3,6,408
35.0,14,3,7,409
35.0,14,3,8,411
35.0,14,3,9,413
35.0,14,3,10,415
35.0,14,3,11,417
35.0,14,3,12,419
35.0,14,3,13,421
35.0,14,3,14,422
35.0,14,3,15,424
35.0,14,4,0,398
35.0,14,4,1,400
35.0,14,4,2,402
35.0,14,4,3,404
35.0,14,4,4,406
35.0,14,4,5,408
35.0,14,4,6,410
35.0,14,4,7,412
35.0,14,4,8,414
35.0,14,4,9,416
35.0,14,4,10,417
35.0,14,4,11,419
35.0,14,4,12,421
35.0,14,4,13,423
35.0,14,4,14,425
35.0,14,4,15,427
35.0,14,5,0,401
35.0,14,5,1,403
35.0,14,5,2,405
35.0,14,5,3,406
35.0,14,5,4,408
35.0,14,5,5,410
35.0,14,5,6,412
35.0,14,5,7,414
35.0,14,5,8,416
35.0,14,5,9,418
35.0,14,5,10,420
35.0,14,5,11,422
35.0,14,5,12,424
35.0,14,5,13,425
35.0,14,5,14,427
35.0,14,5,15,429
35.0,14,6,0,403
35.0,14,6,1,405
35.0,14,6,2,407
35.0,14,6,3,409
35.0,14,6,4,411
35.0,14,6,5,413
35.0,14,6,6,415
35.0,14,6,7,417
35.0,14,6,8,418
35.0,14,6,9,420
35.0,14,6,10,422
35.0,14,6,11,424
35.0,14,6,12,426
35.0,14,6,13,428
35.0,14,6,14,430
35.0,14,6,15,432
35.0,14,7,0,405
35.0,14,7,1,407
35.0,14,7,2,409
35.0,14,7,3,411
35.0,14,7,4,413
35.0,14,7,5,415
35.0,14,7,6,417
35.0,14,7,7,419
35.0,14,7,8,421
35.0,14,7,9,423
35.0,14,7,10,425
35.0,14,7,11,426
35.0,14,7,12,428
35.0,14,7,13,430
35.0,14,7,14,432
35.0,14,7,15,434
35.0,14,8,0,407
35.0,14,8,1,409
35.0,14,8,2,411
35.0,14,8,3,413
35.0,14,8,4,415
35.0,14,8,5,417
35.0,14,8,6,419
35.0,14,8,7,421
35.0,14,8,8,423
35.0,14,8,9,425
35.0,14,8,10,427
35.0,14,8,11,429
35.0,14,8,12,431
35.0,14,8,13,433
35.0,14,8,14,434
35.0,14,8,15,436
35.0,14,9,0,410
35.0,14,9,1,412
35.0,14,9,2,414
35.0,14,9,3,416
35.0,14,9,4,418
35.0,14,9,5,420
35.0,14,9,6,422
35.0,14,9,7,423
35.0,14,9,8,425
35.0,14,9,9,427
35.0,14,9,10,429
35.0,14,9,11,431
35.0,14,9,12,433
35.0,14,9,13,435
35.0,14,9,14,437
35.0,14,9,15,439
35.0,14,10,0,412
35.0,14,10,1,414
35.0,14,10,2,416
35.0,14,10,3,418
35.0,14,10,4,420
35.0,14,10,5,422
35.0,14,10,6,424
35.0,14,10,7,426
35.0,14,10,8,428
35.0,14,10,9,430
35.0,14,10,10,432
35.0,14,10,11,434
35.0,14,10,12,435
35.0,14,10,13,437
35.0,14,10,14,439
35.0,14,10,15,441
35.0,14,11,0,414
35.0,14,11,1,416
35.0,14,11,2,418
35.0,14,11,3,420
35.0,14,11,4,422
35.0,14,11,5,424
35.0,14,11,6,426
35.0,14,11,7,428
35.0,14,11,8,430
35.0,14,11,9,432
35.0,14,11,10,434
35.0,14,11,11,436
35.0,14,11,12,438
35.0,14,11,13,440
35.0,14,11,14,442
35.0,14,11,15,444
35.0,14,12,0,416
35.0,14,12,1,418
35.0,14,12,2,420
35.0,14,12,3,422
35.0,14,12,4,424
35.0,14,12,5,426
35.0,14,12,6,428
35.0,14,12,7,430
35.0,14,12,8,432
35.0,14,12,9,434
35.0,14,12,10,436
35.0,14,12,11,438
35.0,14,12,12,440
35.0,14,12,13,442
35.0,14,12,14,444
35.0,14,12,15,446
35.0,14,13,0,418
35.0,14,13,1,421
35.0,14,13,2,423
35.0,14,13,3,425
35.0,14,13,4,427
35.0,14,13,5,429
35.0,14,13,6,431
35.0,14,13,7,433
35.0,14,13,8,435
35.0,14,13,9,437
35.0,14,13,10,439
35.0,14,13,11,440
35.0,14,13,12,442
35.0,14,13,13,444
35.0,14,13,14,446
35.0,14,13,15,448
35.0,14,14,0,421
35.0,14,14,1,423
35.0,14,14,2,425
35.0,14,14,3,427
35.0,14,14,4,429
35.0,14,14,5,431
35.0,14,14,6,433
35.0,14,14,7,435
35.0,14,14,8,437
35.0,14,14,9,439
35.0,14,14,10,441
35.0,14,14,11,443
35.0,14,14,12,445
35.0,14,14,13,447
35.0,14,14,14,449
35.0,14,14,15,451
35.0,14,15,0,423
35.0,14,15,1,425
35.0,14,15,2,427
35.0,14,15,3,429
35.0,14,15,4,431
35.0,14,15,5,433
35.0,14,15,6,435
35.0,14,15,7,437
35.0,14,15,8,439
35.0,14,15,9,441
35.0,14,15,10,443
35.0,14,15,11,445
35.0,14,15,12,447
35.0,14,15,13,449
35.0,14,15,14,451
35.0,14,15,15,453
35.0,15,0,0,394
35.0,15,0,1,396
35.0,15,0,2,398
35.0,15,0,3,400
35.0,15,0,4,402
35.0,15,0,5,404
35.0,15,0,6,406
35.0,15,0,7,408
35.0,15,0,8,410
35.0,15,0,9,411
35.0,15,0,10,413
35.0,15,0,11,415
35.0,15,0,12,417
35.0,15,0,13,419
35.0,15,0,14,421
35.0,15,0,15,422
35.0,15,1,0,397
35.0,15,1,1,399
35.0,15,1,2,401
35.0,15,1,3,403
35.0,15,1,4,404
35.0,15,1,5,406
35.0,15,1,6,408
35.0,15,1,7,410
35.0,15,1,8,412
35.0,15,1,9,414
35.0,15,1,10,416
35.0,15,1,11,418
35.0,15,1,12,419
35.0,15,1,13,421
35.0,15,1,14,423
35.0,15,1,15,425
35.0,15,2,0,399
35.0,15,2,1,401
35.0,15,2,2,403
35.0,15,2,3,405
35.0,15,2,4,407
35.0,15,2,5,409
35.0,15,2,6,411
35.0,15,2,7,413
35.0,15,2,8,415
35.0,15,2,9,416
35.0,15,2,10,418
35.0,15,2,11,420
35.0,15,2,12,422
35.0,15,2,13,424
35.0,15,2,14,426
35.0,15,2,15,428
35.0,15,3,0,401
35.0,15,3,1,403
35.0,15,3,2,405
35.0,15,3,3,407
35.0,15,3,4,409
35.0,15,3,5,411
35.0,15,3,6,413
35.0,15,3,7,415
35.0,15,3,8,417
35.0,15,3,9,419
35.0,15,3,10,421
35.0,15,3,11,423
35.0,15,3,12,424
35.0,15,3,13,426
35.0,15,3,14,428
35.0,15,3,15,430
35.0,15,4,0,404
35.0,15,4,1,406
35.0,15,4,2,408
35.0,15,4,3,410
35.0,15,4,4,412
35.0,15,4,5,414
35.0,15,4,6,416
35.0,15,4,7,417
35.0,15,4,8,419
35.0,15,4,9,421
35.0,15,4,10,423
35.0,15,4,11,425
35.0,15,4,12,427
35.0,15,4,13,429
35.0,15,4,14,431
35.0,15,4,15,433
35.0,15,5,0,406
35.0,15,5,1,408
35.0,15,5,2,410
35.0,15,5,3,412
35.0,15,5,4,414
35.0,15,5,5,416
35.0,15,5,6,418
35.0,15,5,7,420
35.0,15,5,8,422
35.0,15,5,9,424
35.0,15,5,10,426
35.0,15,5,11,427
35.0,15,5,12,429
35.0,15,5,13,431
35.0,15,5,14,433
35.0,15,5,15,435
35.0,15,6,0,408
35.0,15,6,1,410
35.0,15,6,2,412
35.0,15,6,3,414
35.0,15,6,4,416
35.0,15,6,5,418
35.0,15,6,6,420
35.0,15,6,7,422
35.0,15,6,8,424
35.0,15,6,9,426
35.0,15,6,10,428
35.0,15,6,11,430
35.0,15,6,12,432
35.0,15,6,13,434
35.0,15,6,14,436
35.0,15,6,15,437
35.0,15,7,0,411
35.0,15,7,1,413
35.0,15,7,2,415
35.0,15,7,3,417
35.0,15,7,4,419
35.0,15,7,5,421
35.0,15,7,6,423
35.0,15,7,7,425
35.0,15,7,8,427
35.0,15,7,9,428
35.0,15,7,10,430
35.0,15,7,11,432
35.0,15,7,12,434
35.0,15,7,13,436
35.0,15,7,14,438
35.0,15,7,15,440
35.0,15,8,0,413
35.0,15,8,1,415
35.0,15,8,2,417
35.0,15,8,3,419
35.0,15,8,4,421
35.0,15,8,5,423
35.0,15,8,6,425
35.0,15,8,7,427
35.0,15,8,8,429
35.0,15,8,9,431
35.0,15,8,10,433
35.0,15,8,11,435
35.0,15,8,12,437
35.0,15,8,13,439
35.0,15,8,14,440
35.0,15,8,15,442
35.0,15,9,0,415
35.0,15,9,1,417
35.0,15,9,2,419
35.0,15,9,3,421
35.0,15,9,4,423
35.0,15,9,5,425
35.0,15,9,6,427
35.0,15,9,7,429
35.0,15,9,8,431
35.0,15,9,9,433
35.0,15,9,10,435
35.0,15,9,11,437
35.0,15,9,12,439
35.0,15,9,13,441
35.0,15,9,14,443
35.0,15,9,15,445
35.0,15,10,0,418
35.0,15,10,1,420
35.0,15,10,2,422
35.0,15,10,3,424
35.0,15,10,4,426
35.0,15,10,5,428
35.0,15,10,6,430
35.0,15,10,7,432
35.0,15,10,8,434
35.0,15,10,9,436
35.0,15,10,10,438
35.0,15,10,11,439
35.0,15,10,12,441
35.0,15,10,13,443
35.0,15,10,14,445
35.0,15,10,15,447
35.0,15,11,0,420
35.0,15,11,1,422
35.0,15,11,2,424
35.0,15,11,3,426
35.0,15,11,4,428
35.0,15,11,5,430
35.0,15,11,6,432
35.0,15,11,7,434
35.0,15,11,8,436
35.0,15,11,9,438
35.0,15,11,10,440
35.0,15,11,11,442
35.0,15,11,12,444
35.0,15,11,13,446
35.0,15,11,14,448
35.0,15,11,15,450
35.0,15,12,0,422
35.0,15,12,1,424
35.0,15,12,2,426
35.0,15,12,3,428
35.0,15,12,4,430
35.0,15,12,5,432
35.0,15,12,6,434
35.0,15,12,7,436
35.0,15,12,8,438
35.0,15,12,9,440
35.0,15,12,10,442
35.0,15,12,11,444
35.0,15,12,12,446
35.0,15,12,13,448
35.0,15,12,14,450
35.0,15,12,15,452
35.0,15,13,0,424
35.0,15,13,1,426
35.0,15,13,2,428
35.0,15,13,3,430
35.0,15,13,4,432
35.0,15,13,5,434
35.0,15,13,6,437
35.0,15,13,7,439
35.0,15,13,8,441
35.0,15,13,9,443
35.0,15,13,10,445
35.0,15,13,11,447
35.0,15,13,12,448
35.0,15,13,13,450
35.0,15,13,14,452
35.0,15,13,15,454
35.0,15,14,0,426
35.0,15,14,1,428
35.0,15,14,2,431
35.0,15,14,3,433
35.0,15,14,4,435
35.0,15,14,5,437
35.0,15,14,6,439
35.0,15,14,7,441
35.0,15,14,8,443
35.0,15,14,9,445
35.0,15,14,10,447
35.0,15,14,11,449
35.0,15,14,12,451
35.0,15,14,13,453
35.0,15,14,14,455
35.0,15,14,15,457
35.0,15,15,0,429
35.0,15,15,1,431
35.0,15,15,2,433
35.0,15,15,3,435
35.0,15,15,4,437
35.0,15,15,5,439
35.0,15,15,6,441
35.0,15,15,7,443
35.0,15,15,8,445
35.0,15,15,9,447
35.0,15,15,10,449
35.0,15,15,11,451
35.0,15,15,12,453
35.0,15,15,13,455
35.0,15,15,14,457
35.0,15,15,15,459
35.5,0,0,0,317
35.5,0,0,1,318
35.5,0,0,2,320
35.5,0,0,3,321
35.5,0,0,4,323
35.5,0,0,5,324
35.5,0,0,6,326
35.5,0,0,7,327
35.5,0,0,8,329
35.5,0,0,9,330
35.5,0,0,10,332
35.5,0,0,11,333
35.5,0,0,12,335
35.5,0,0,13,336
35.5,0,0,14,338
35.5,0,0,15,339
35.5,0,1,0,319
35.5,0,1,1,320
35.5,0,1,2,322
35.5,0,1,3,323
35.5,0,1,4,325
35.5,0,1,5,326
35.5,0,1,6,328
35.5,0,1,7,329
35.5,0,1,8,331
35.5,0,1,9,332
35.5,0,1,10,334
35.5,0,1,11,335
35.5,0,1,12,337
35.5,0,1,13,338
35.5,0,1,14,340
35.5,0,1,15,341
35.5,0,2,0,321
35.5,0,2,1,322
35.5,0,2,2,324
35.5,0,2,3,325
35.5,0,2,4,327
35.5,0,2,5,328
35.5,0,2,6,330
35.5,0,2,7,331
35.5,0,2,8,333
35.5,0,2,9,334
35.5,0,2,10,336
35.5,0,2,11,337
35.5,0,2,12,339
35.5,0,2,13,340
35.5,0,2,14,342
35.5,0,2,15,343
35.5,0,3,0,322
35.5,0,3,1,324
35.5,0,3,2,326
35.5,0,3,3,327
35.5,0,3,4,329
35.5,0,3,5,330
35.5,0,3,6,332
35.5,0,3,7,333
35.5,0,3,8,335
35.5,0,3,9,336
35.5,0,3,10,338
35.5,0,3,11,339
35.5,0,3,12,341
35.5,0,3,13,342
35.5,0,3,14,344
35.5,0,3,15,345
35.5,0,4,0,324
35.5,0,4,1,326
35.5,0,4,2,327
35.5,0,4,3,329
35.5,0,4,4,331
35.5,0,4,5,332
35.5,0,4,6,334
35.5,0,4,7,335
35.5,0,4,8,337
35.5,0,4,9,338
35.5,0,4,10,340
35.5,0,4,11,341
35.5,0,4,12,343
35.5,0,4,13,344
35.5,0,4,14,346
35.5,0,4,15,347
35.5,0,5,0,326
35.5,0,5,1,328
35.5,0,5,2,329
35.5,0,5,3,331
35.5,0,5,4,333
35.5,0,5,5,334
35.5,0,5,6,336
35.5,0,5,7,337
35.5,0,5,8,339
35.5,0,5,9,340
35.5,0,5,10,342
35.5,0,5,11,343
35.5,0,5,12,345
35.5,0,5,13,346
35.5,0,5,14,348
35.5,0,5,15,349
35.5,0,6,0,328
35.5,0,6,1,330
35.5,0,6,2,331
35.5,0,6,3,333
35.5,0,6,4,334
35.5,0,6,5,336
35.5,0,6,6,338
35.5,0,6,7,339
35.5,0,6,8,341
35.5,0,6,9,342
35.5,0,6,10,344
35.5,0,6,11,345
35.5,0,6,12,347
35.5,0,6,13,348
35.5,0,6,14,350
35.5,0,6,15,351
35.5,0,7,0,330
35.5,0,7,1,331
35.5,0,7,2,333
35.5,0,7,3,335
35.5,0,7,4,336
35.5,0,7,5,338
35.5,0,7,6,339
35.5,0,7,7,341
35.5,0,7,8,343
35.5,0,7,9,344
35.5,0,7,10,346
35.5,0,7,11,347
35.5,0,7,12,349
35.5,0,7,13,350
35.5,0,7,14,352
35.5,0,7,15,353
35.5,0,8,0,332
35.5,0,8,1,333
35.5,0,8,2,335
35.5,0,8,3,337
35.5,0,8,4,338
35.5,0,8,5,340
35.5,0,8,6,341
35.5,0,8,7,343
35.5,0,8,8,344
35.5,0,8,9,346
35.5,0,8,10,348
35.5,0,8,11,349
35.5,0,8,12,351
35.5,0,8,13,352
35.5,0,8,14,354
35.5,0,8,15,355
35.5,0,9,0,334
35.5,0,9,1,335
35.5,0,9,2,337
35.5,0,9,3,338
35.5,0,9,4,340
35.5,0,9,5,342
35.5,0,9,6,343
35.5,0,9,7,345
35.5,0,9,8,346
35.5,0,9,9,348
35.5,0,9,10,350
35.5,0,9,11,351
35.5,0,9,12,353
35.5,0,9,13,354
35.5,0,9,14,356
35.5,0,9,15,357
35.5,0,10,0,335
35.5,0,10,1,337
35.5,0,10,2,339
35.5,0,10,3,340
35.5,0,10,4,342
35.5,0,10,5,343
35.5,0,10,6,345
35.5,0,10,7,347
35.5,0,10,8,348
35.5,0,10,9,350
35.5,0,10,10,351
35.5,0,10,11,353
35.5,0,10,12,355
35.5,0,10,13,356
35.5,0,10,14,358
35.5,0,10,15,359
35.5,0,11,0,337
35.5,0,11,1,339
35.5,0,11,2,340
35.5,0,11,3,342
35.5,0,11,4,344
35.5,0,11,5,345
35.5,0,11,6,347
35.5,0,11,7,349
35.5,0,11,8,350
35.5,0,11,9,352
35.5,0,11,10,353
35.5,0,11,11,355
35.5,0,11,12,356
35.5,0,11,13,358
35.5,0,11,14,360
35.5,0,11,15,361
35.5,0,12,0,339
35.5,0,12,1,341
35.5,0,12,2,342
35.5,0,12,3,344
35.5,0,12,4,346
35.5,0,12,5,347
35.5,0,12,6,349
35.5,0,12,7,350
35.5,0,12,8,352
35.5,0,12,9,354
35.5,0,12,10,355
35.5,0,12,11,357
35.5,0,12,12,358
35.5,0,12,13,360
35.5,0,12,14,361
35.5,0,12,15,363
35.5,0,13,0,341
35.5,0,13,1,342
35.5,0,13,2,344
35.5,0,13,3,346
35.5,0,13,4,347
35.5,0,13,5,349
35.5,0,13,6,351
35.5,0,13,7,352
35.5,0,13,8,354
35.5,0,13,9,355
35.5,0,13,10,357
35.5,0,13,11,359
35.5,0,13,12,360
35.5,0,13,13,362
35.5,0,13,14,363
35.5,0,13,15,365
35.5,0,14,0,342
35.5,0,14,1,344
35.5,0,14,2,346
35.5,0,14,3,347
35.5,0,14,4,349
35.5,0,14,5,351
35.5,0,14,6,352
35.5,0,14,7,354
35.5,0,14,8,356
35.5,0,14,9,357
35.5,0,14,10,359
35.5,0,14,11,361
35.5,0,14,12,362
35.5,0,14,13,364
35.5,0,14,14,365
35.5,0,14,15,367
35.5,0,15,0,344
35.5,0,15,1,346
35.5,0,15,2,348
35.5,0,15,3,349
35.5,0,15,4,351
35.5,0,15,5,353
35.5,0,15,6,354
35.5,0,15,7,356
35.5,0,15,8,358
35.5,0,15,9,359
35.5,0,15,10,361
35.5,0,15,11,362
35.5,0,15,12,364
35.5,0,15,13,366
35.5,0,15,14,367
35.5,0,15,15,369
35.5,1,0,0,322
35.5,1,0,1,324
35.5,1,0,2,325
35.5,1,0,3,327
35.5,1,0,4,328
35.5,1,0,5,330
35.5,1,0,6,332
35.5,1,0,7,333
35.5,1,0,8,335
35.5,1,0,9,336
35.5,1,0,10,338
35.5,1,0,11,339
35.5,1,0,12,341
35.5,1,0,13,342
35.5,1,0,14,344
35.5,1,0,15,345
35.5,1,1,0,324
35.5,1,1,1,326
35.5,1,1,2,327
35.5,1,1,3,329
35.5,1,1,4,330
35.5,1,1,5,332
35.5,1,1,6,333
35.5,1,1,7,335
35.5,1,1,8,337
35.5,1,1,9,338
35.5,1,1,10,340
35.5,1,1,11,341
35.5,1,1,12,343
35.5,1,1,13,344
35.5,1,1,14,346
35.5,1,1,15,347
35.5,1,2,0,326
35.5,1,2,1,328
35.5,1,2,2,329
35.5,1,2,3,331
35.5,1,2,4,332
35.5,1,2,5,334
35.5,1,2,6,335
35.5,1,2,7,337
35.5,1,2,8,339
35.5,1,2,9,340
35.5,1,2,10,342
35.5,1,2,11,343
35.5,1,2,12,345
35.5,1,2,13,346
35.5,1,2,14,348
35.5,1,2,15,349
35.5,1,3,0,328
35.5,1,3,1,330
35.5,1,3,2,331
35.5,1,3,3,333
35.5,1,3,4,334
35.5,1,3,5,336
35.5,1,3,6,337
35.5,1,3,7,339
35.5,1,3,8,341
35.5,1,3,9,342
35.5,1,3,10,344
35.5,1,3,11,345
35.5,1,3,12,347
35.5,1,3,13,348
35.5,1,3,14,350
35.5,1,3,15,351
35.5,1,4,0,330
35.5,1,4,1,331
35.5,1,4,2,333
35.5,1,4,3,335
35.5,1,4,4,336
35.5,1,4,5,338
35.5,1,4,6,339
35.5,1,4,7,341
35.5,1,4,8,343
35.5,1,4,9,344
35.5,1,4,10,346
35.5,1,4,11,347
35.5,1,4,12,349
35.5,1,4,13,350
35.5,1,4,14,352
35.5,1,4,15,353
35.5,1,5,0,332
35.5,1,5,1,333
35.5,1,5,2,335
35.5,1,5,3,337
35.5,1,5,4,338
35.5,1,5,5,340
35.5,1,5,6,341
35.5,1,5,7,343
35.5,1,5,8,345
35.5,1,5,9,346
35.5,1,5,10,348
35.5,1,5,11,349
35.5,1,5,12,351
35.5,1,5,13,352
35.5,1,5,14,354
35.5,1,5,15,355
35.5,1,6,0,334
35.5,1,6,1,335
35.5,1,6,2,337
35.5,1,6,3,338
35.5,1,6,4,340
35.5,1,6,5,342
35.5,1,6,6,343
35.5,1,6,7,345
35.5,1,6,8,346
35.5,1,6,9,348
35.5,1,6,10,350
35.5,1,6,11,351
35.5,1,6,12,353
35.5,1,6,13,354
35.5,1,6,14,356
35.5,1,6,15,357
35.5,1,7,0,335
35.5,1,7,1,337
35.5,1,7,2,339
35.5,1,7,3,340
35.5,1,7,4,342
35.5,1,7,5,344
35.5,1,7,6,345
35.5,1,7,7,347
35.5,1,7,8,348
35.5,1,7,9,350
35.5,1,7,10,352
35.5,1,7,11,353
35.5,1,7,12,355
35.5,1,7,13,356
35.5,1,7,14,358
35.5,1,7,15,359
35.5,1,8,0,337
35.5,1,8,1,339
35.5,1,8,2,341
35.5,1,8,3,342
35.5,1,8,4,344
35.5,1,8,5,346
35.5,1,8,6,347
35.5,1,8,7,349
35.5,1,8,8,350
35.5,1,8,9,352
35.5,1,8,10,354
35.5,1,8,11,355
35.5,1,8,12,357
35.5,1,8,13,358
35.5,1,8,14,360
35.5,1,8,15,361
35.5,1,9,0,339
35.5,1,9,1,341
35.5,1,9,2,343
35.5,1,9,3,344
35.5,1,9,4,346
35.5,1,9,5,347
35.5,1,9,6,349
35.5,1,9,7,351
35.5,1,9,8,352
35.5,1,9,9,354
35.5,1,9,10,355
35.5,1,9,11,357
35.5,1,9,12,359
35.5,1,9,13,360
35.5,1,9,14,362
35.5,1,9,15,363
35.5,1,10,0,341
35.5,1,10,1,343
35.5,1,10,2,344
35.5,1,10,3,346
35.5,1,10,4,348
35.5,1,10,5,349
35.5,1,10,6,351
35.5,1,10,7,353
35.5,1,10,8,354
35.5,1,10,9,356
35.5,1,10,10,357
35.5,1,10,11,359
35.5,1,10,12,361
35.5,1,10,13,362
35.5,1,10,14,364
35.5,1,10,15,365
35.5,1,11,0,343
35.5,1,11,1,345
35.5,1,11,2,346
35.5,1,11,3,348
35.5,1,11,4,350
35.5,1,11,5,351
35.5,1,11,6,353
35.5,1,11,7,354
35.5,1,11,8,356
35.5,1,11,9,358
35.5,1,11,10,359
35.5,1,11,11,361
35.5,1,11,12,363
35.5,1,11,13,364
35.5,1,11,14,366
35.5,1,11,15,367
35.5,1,12,0,345
35.5,1,12,1,346
35.5,1,12,2,348
35.5,1,12,3,350
35.5,1,12,4,351
35.5,1,12,5,353
35.5,1,12,6,355
35.5,1,12,7,356
35.5,1,12,8,358
35.5,1,12,9,360
35.5,1,12,10,361
35.5,1,12,11,363
35.5,1,12,12,364
35.5,1,12,13,366
35.5,1,12,14,368
35.5,1,12,15,369
35.5,1,13,0,346
35.5,1,13,1,348
35.5,1,13,2,350
35.5,1,13,3,352
35.5,1,13,4,353
35.5,1,13,5,355
35.5,1,13,6,357
35.5,1,13,7,358
35.5,1,13,8,360
35.5,1,13,9,361
35.5,1,13,10,363
35.5,1,13,11,365
35.5,1,13,12,366
35.5,1,13,13,368
35.5,1,13,14,370
35.5,1,13,15,371
35.5,1,14,0,348
35.5,1,14,1,350
35.5,1,14,2,352
35.5,1,14,3,353
35.5,1,14,4,355
35.5,1,14,5,357
35.5,1,14,6,358
35.5,1,14,7,360
35.5,1,14,8,362
35.5,1,14,9,363
35.5,1,14,10,365
35.5,1,14,11,367
35.5,1,14,12,368
35.5,1,14,13,370
35.5,1,14,14,371
35.5,1,14,15,373
35.5,1,15,0,350
35.5,1,15,1,352
35.5,1,15,2,354
35.5,1,15,3,355
35.5,1,15,4,357
35.5,1,15,5,359
35.5,1,15,6,360
35.5,1,15,7,362
35.5,1,15,8,364
35.5,1,15,9,365
35.5,1,15,10,367
35.5,1,15,11,369
35.5,1,15,12,370
35.5,1,15,13,372
35.5,1,15,14,373
35.5,1,15,15,375
35.5,2,0,0,328
35.5,2,0,1,329
35.5,2,0,2,331
35.5,2,0,3,332
35.5,2,0,4,334
35.5,2,0,5,335
35.5,2,0,6,337
35.5,2,0,7,339
35.5,2,0,8,340
35.5,2,0,9,342
35.5,2,0,10,343
35.5,2,0,11,345
35.5,2,0,12,346
35.5,2,0,13,348
35.5,2,0,14,349
35.5,2,0,15,351
35.5,2,1,0,329
35.5,2,1,1,331
35.5,2,1,2,333
35.5,2,1,3,334
35.5,2,1,4,336
35.5,2,1,5,337
35.5,2,1,6,339
35.5,2,1,7,341
35.5,2,1,8,342
35.5,2,1,9,344
35.5,2,1,10,345
35.5,2,1,11,347
35.5,2,1,12,348
35.5,2,1,13,350
35.5,2,1,14,351
35.5,2,1,15,353
35.5,2,2,0,331
35.5,2,2,1,333
35.5,2,2,2,335
35.5,2,2,3,336
35.5,2,2,4,338
35.5,2,2,5,339
35.5,2,2,6,341
35.5,2,2,7,343
35.5,2,2,8,344
35.5,2,2,9,346
35.5,2,2,10,347
35.5,2,2,11,349
35.5,2,2,12,350
35.5,2,2,13,352
35.5,2,2,14,354
35.5,2,2,15,355
35.5,2,3,0,333
35.5,2,3,1,335
35.5,2,3,2,337
35.5,2,3,3,338
35.5,2,3,4,340
35.5,2,3,5,341
35.5,2,3,6,343
35.5,2,3,7,345
35.5,2,3,8,346
35.5,2,3,9,348
35.5,2,3,10,349
35.5,2,3,11,351
35.5,2,3,12,352
35.5,2,3,13,354
35.5,2,3,14,356
35.5,2,3,15,357
35.5,2,4,0,335
35.5,2,4,1,337
35.5,2,4,2,339
35.5,2,4,3,340
35.5,2,4,4,342
35.5,2,4,5,343
35.5,2,4,6,345
35.5,2,4,7,347
35.5,2,4,8,348
35.5,2,4,9,350
35.5,2,4,10,351
35.5,2,4,11,353
35.5,2,4,12,355
35.5,2,4,13,356
35.5,2,4,14,358
35.5,2,4,15,359
35.5,2,5,0,337
35.5,2,5,1,339
35.5,2,5,2,341
35.5,2,5,3,342
35.5,2,5,4,344
35.5,2,5,5,345
35.5,2,5,6,347
35.5,2,5,7,349
35.5,2,5,8,350
35.5,2,5,9,352
35.5,2,5,10,353
35.5,2,5,11,355
35.5,2,5,12,357
35.5,2,5,13,358
35.5,2,5,14,360
35.5,2,5,15,361
35.5,2,6,0,339
35.5,2,6,1,341
35.5,2,6,2,342
35.5,2,6,3,344
35.5,2,6,4,346
35.5,2,6,5,347
35.5,2,6,6,349
35.5,2,6,7,351
35.5,2,6,8,352
35.5,2,6,9,354
35.5,2,6,10,355
35.5,2,6,11,357
35.5,2,6,12,359
35.5,2,6,13,360
35.5,2,6,14,362
35.5,2,6,15,363
35.5,2,7,0,341
35.5,2,7,1,343
35.5,2,7,2,344
35.5,2,7,3,346
35.5,2,7,4,348
35.5,2,7,5,349
35.5,2,7,6,351
35.5,2,7,7,353
35.5,2,7,8,354
35.5,2,7,9,356
35.5,2,7,10,357
35.5,2,7,11,359
35.5,2,7,12,361
35.5,2,7,13,362
35.5,2,7,14,364
35.5,2,7,15,365
35.5,2,8,0,343
35.5,2,8,1,345
35.5,2,8,2,346
35.5,2,8,3,348
35.5,2,8,4,350
35.5,2,8,5,351
35.5,2,8,6,353
35.5,2,8,7,355
35.5,2,8,8,356
35.5,2,8,9,358
35.5,2,8,10,359
35.5,2,8,11,361
35.5,2,8,12,363
35.5,2,8,13,364
35.5,2,8,14,366
35.5,2,8,15,367
35.5,2,9,0,345
35.5,2,9,1,347
35.5,2,9,2,348
35.5,2,9,3,350
35.5,2,9,4,352
35.5,2,9,5,353
35.5,2,9,6,355
35.5,2,9,7,357
35.5,2,9,8,358
35.5,2,9,9,360
35.5,2,9,10,361
35.5,2,9,11,363
35.5,2,9,12,365
35.5,2,9,13,366
35.5,2,9,14,368
35.5,2,9,15,369
35.5,2,10,0,347
35.5,2,10,1,348
35.5,2,10,2,350
35.5,2,10,3,352
35.5,2,10,4,353
35.5,2,10,5,355
35.5,2,10,6,357
35.5,2,10,7,358
35.5,2,10,8,360
35.5,2,10,9,362
35.5,2,10,10,363
35.5,2,10,11,365
35.5,2,10,12,367
35.5,2,10,13,368
35.5,2,10,14,370
35.5,2,10,15,371
35.5,2,11,0,349
35.5,2,11,1,350
35.5,2,11,2,352
35.5,2,11,3,354
35.5,2,11,4,355
35.5,2,11,5,357
35.5,2,11,6,359
35.5,2,11,7,360
35.5,2,11,8,362
35.5,2,11,9,364
35.5,2,11,10,365
35.5,2,11,11,367
35.5,2,11,12,369
35.5,2,11,13,370
35.5,2,11,14,372
35.5,2,11,15,373
35.5,2,12,0,350
35.5,2,12,1,352
35.5,2,12,2,354
35.5,2,12,3,356
35.5,2,12,4,357
35.5,2,12,5,359
35.5,2,12,6,361
35.5,2,12,7,362
35.5,2,12,8,364
35.5,2,12,9,366
35.5,2,12,10,367
35.5,2,12,11,369
35.5,2,12,12,371
35.5,2,12,13,372
35.5,2,12,14,374
35.5,2,12,15,375
35.5,2,13,0,352
35.5,2,13,1,354
35.5,2,13,2,356
35.5,2,13,3,357
35.5,2,13,4,359
35.5,2,13,5,361
35.5,2,13,6,363
35.5,2,13,7,364
35.5,2,13,8,366
35.5,2,13,9,368
35.5,2,13,10,369
35.5,2,13,11,371
35.5,2,13,12,372
35.5,2,13,13,374
35.5,2,13,14,376
35.5,2,13,15,377
35.5,2,14,0,354
35.5,2,14,1,356
35.5,2,14,2,358
35.5,2,14,3,359
35.5,2,14,4,361
35.5,2,14,5,363
35.5,2,14,6,364
35.5,2,14,7,366
35.5,2,14,8,368
35.5,2,14,9,369
35.5,2,14,10,371
35.5,2,14,11,373
35.5,2,14,12,374
35.5,2,14,13,376
35.5,2,14,14,378
35.5,2,14,15,379
35.5,2,15,0,356
35.5,2,15,1,358
35.5,2,15,2,359
35.5,2,15,3,361
35.5,2,15,4,363
35.5,2,15,5,365
35.5,2,15,6,366
35.5,2,15,7,368
35.5,2,15,8,370
35.5,2,15,9,371
35.5,2,15,10,373
35.5,2,15,11,375
35.5,2,15,12,376
35.5,2,15,13,378
35.5,2,15,14,380
35.5,2,15,15,381
35.5,3,0,0,333
35.5,3,0,1,335
35.5,3,0,2,336
35.5,3,0,3,338
35.5,3,0,4,339
35.5,3,0,5,341
35.5,3,0,6,343
35.5,3,0,7,344
35.5,3,0,8,346
35.5,3,0,9,347
35.5,3,0,10,349
35.5,3,0,11,350
35.5,3,0,12,352
35.5,3,0,13,354
35.5,3,0,14,355
35.5,3,0,15,357
35.5,3,1,0,335
35.5,3,1,1,337
35.5,3,1,2,338
35.5,3,1,3,340
35.5,3,1,4,341
35.5,3,1,5,343
35.5,3,1,6,345
35.5,3,1,7,346
35.5,3,1,8,348
35.5,3,1,9,349
35.5,3,1,10,351
35.5,3,1,11,353
35.5,3,1,12,354
35.5,3,1,13,356
35.5,3,1,14,357
35.5,3,1,15,359
35.5,3,2,0,337
35.5,3,2,1,339
35.5,3,2,2,340
35.5,3,2,3,342
35.5,3,2,4,343
35.5,3,2,5,345
35.5,3,2,6,347
35.5,3,2,7,348
35.5,3,2,8,350
35.5,3,2,9,351
35.5,3,2,10,353
35.5,3,2,11,355
35.5,3,2,12,356
35.5,3,2,13,358
35.5,3,2,14,359
35.5,3,2,15,361
35.5,3,3,0,339
35.5,3,3,1,341
35.5,3,3,2,342
35.5,3,3,3,344
35.5,3,3,4,345
35.5,3,3,5,347
35.5,3,3,6,349
35.5,3,3,7,350
35.5,3,3,8,352
35.5,3,3,9,354
35.5,3,3,10,355
35.5,3,3,11,357
35.5,3,3,12,358
35.5,3,3,13,360
35.5,3,3,14,361
35.5,3,3,15,363
35.5,3,4,0,341
35.5,3,4,1,343
35.5,3,4,2,344
35.5,3,4,3,346
35.5,3,4,4,347
35.5,3,4,5,349
35.5,3,4,6,351
35.5,3,4,7,352
35.5,3,4,8,354
35.5,3,4,9,356
35.5,3,4,10,357
35.5,3,4,11,359
35.5,3,4,12,360
35.5,3,4,13,362
35.5,3,4,14,364
35.5,3,4,15,365
35.5,3,5,0,343
35.5,3,5,1,344
35.5,3,5,2,346
35.5,3,5,3,348
35.5,3,5,4,349
35.5,3,5,5,351
35.5,3,5,6,353
35.5,3,5,7,354
35.5,3,5,8,356
35.5,3,5,9,358
35.5,3,5,10,359
35.5,3,5,11,361
35.5,3,5,12,362
35.5,3,5,13,364
35.5,3,5,14,366
35.5,3,5,15,367
35.5,3,6,0,345
35.5,3,6,1,346
35.5,3,6,2,348
35.5,3,6,3,350
35.5,3,6,4,351
35.5,3,6,5,353
35.5,3,6,6,355
35.5,3,6,7,356
35.5,3,6,8,358
35.5,3,6,9,360
35.5,3,6,10,361
35.5,3,6,11,363
35.5,3,6,12,364
35.5,3,6,13,366
35.5,3,6,14,368
35.5,3,6,15,369
35.5,3,7,0,347
35.5,3,7,1,348
35.5,3,7,2,350
35.5,3,7,3,352
35.5,3,7,4,353
35.5,3,7,5,355
35.5,3,7,6,357
35.5,3,7,7,358
35.5,3,7,8,360
35.5,3,7,9,362
35.5,3,7,10,363
35.5,3,7,11,365
35.5,3,7,12,367
35.5,3,7,13,368
35.5,3,7,14,370
35.5,3,7,15,371
35.5,3,8,0,349
35.5,3,8,1,350
35.5,3,8,2,352
35.5,3,8,3,354
35.5,3,8,4,355
35.5,3,8,5,357
35.5,3,8,6,359
35.5,3,8,7,360
35.5,3,8,8,362
35.5,3,8,9,364
35.5,3,8,10,365
35.5,3,8,11,367
35.5,3,8,12,369
35.5,3,8,13,370
35.5,3,8,14,372
35.5,3,8,15,373
35.5,3,9,0,351
35.5,3,9,1,352
35.5,3,9,2,354
35.5,3,9,3,356
35.5,3,9,4,357
35.5,3,9,5,359
35.5,3,9,6,361
35.5,3,9,7,362
35.5,3,9,8,364
35.5,3,9,9,366
35.5,3,9,10,367
35.5,3,9,11,369
35.5,3,9,12,371
35.5,3,9,13,372
35.5,3,9,14,374
35.5,3,9,15,375
35.5,3,10,0,352
35.5,3,10,1,354
35.5,3,10,2,356
35.5,3,10,3,358
35.5,3,10,4,359
35.5,3,10,5,361
35.5,3,10,6,363
35.5,3,10,7,364
35.5,3,10,8,366
35.5,3,10,9,368
35.5,3,10,10,369
35.5,3,10,11,371
35.5,3,10,12,373
35.5,3,10,13,374
35.5,3,10,14,376
35.5,3,10,15,377
35.5,3,11,0,354
35.5,3,11,1,356
35.5,3,11,2,358
35.5,3,11,3,359
35.5,3,11,4,361
35.5,3,11,5,363
35.5,3,11,6,365
35.5,3,11,7,366
35.5,3,11,8,368
35.5,3,11,9,370
35.5,3,11,10,371
35.5,3,11,11,373
35.5,3,11,12,375
35.5,3,11,13,376
35.5,3,11,14,378
35.5,3,11,15,380
35.5,3,12,0,356
35.5,3,12,1,358
35.5,3,12,2,360
35.5,3,12,3,361
35.5,3,12,4,363
35.5,3,12,5,365
35.5,3,12,6,367
35.5,3,12,7,368
35.5,3,12,8,370
35.5,3,12,9,372
35.5,3,12,10,373
35.5,3,12,11,375
35.5,3,12,12,377
35.5,3,12,13,378
35.5,3,12,14,380
35.5,3,12,15,382
35.5,3,13,0,358
35.5,3,13,1,360
35.5,3,13,2,362
35.5,3,13,3,363
35.5,3,13,4,365
35.5,3,13,5,367
35.5,3,13,6,368
35.5,3,13,7,370
35.5,3,13,8,372
35.5,3,13,9,374
35.5,3,13,10,375
35.5,3,13,11,377
35.5,3,13,12,379
35.5,3,13,13,380
35.5,3,13,14,382
35.5,3,13,15,384
35.5,3,14,0,360
35.5,3,14,1,362
35.5,3,14,2,363
35.5,3,14,3,365
35.5,3,14,4,367
35.5,3,14,5,369
35.5,3,14,6,370
35.5,3,14,7,372
35.5,3,14,8,374
35.5,3,14,9,375
35.5,3,14,10,377
35.5,3,14,11,379
35.5,3,14,12,381
35.5,3,14,13,382
35.5,3,14,14,384
35.5,3,14,15,386
35.5,3,15,0,362
35.5,3,15,1,364
35.5,3,15,2,365
35.5,3,15,3,367
35.5,3,15,4,369
35.5,3,15,5,371
35.5,3,15,6,372
35.5,3,15,7,374
35.5,3,15,8,376
35.5,3,15,9,377
35.5,3,15,10,379
35.5,3,15,11,381
35.5,3,15,12,382
35.5,3,15,13,384
35.5,3,15,14,386
35.5,3,15,15,388
35.5,4,0,0,338
35.5,4,0,1,340
35.5,4,0,2,342
35.5,4,0,3,343
35.5,4,0,4,345
35.5,4,0,5,346
35.5,4,0,6,348
35.5,4,0,7,350
35.5,4,0,8,351
35.5,4,0,9,353
35.5,4,0,10,354
35.5,4,0,11,356
35.5,4,0,12,358
35.5,4,0,13,359
35.5,4,0,14,361
35.5,4,0,15,362
35.5,4,1,0,340
35.5,4,1,1,342
35.5,4,1,2,344
35.5,4,1,3,345
35.5,4,1,4,347
35.5,4,1,5,349
35.5,4,1,6,350
35.5,4,1,7,352
35.5,4,1,8,353
35.5,4,1,9,355
35.5,4,1,10,357
35.5,4,1,11,358
35.5,4,1,12,360
35.5,4,1,13,361
35.5,4,1,14,363
35.5,4,1,15,365
35.5,4,2,0,342
35.5,4,2,1,344
35.5,4,2,2,346
35.5,4,2,3,347
35.5,4,2,4,349
35.5,4,2,5,351
35.5,4,2,6,352
35.5,4,2,7,354
35.5,4,2,8,356
35.5,4,2,9,357
35.5,4,2,10,359
35.5,4,2,11,360
35.5,4,2,12,362
35.5,4,2,13,364
35.5,4,2,14,365
35.5,4,2,15,367
35.5,4,3,0,344
35.5,4,3,1,346
35.5,4,3,2,348
35.5,4,3,3,349
35.5,4,3,4,351
35.5,4,3,5,353
35.5,4,3,6,354
35.5,4,3,7,356
35.5,4,3,8,358
35.5,4,3,9,359
35.5,4,3,10,361
35.5,4,3,11,362
35.5,4,3,12,364
35.5,4,3,13,366
35.5,4,3,14,367
35.5,4,3,15,369
35.5,4,4,0,346
35.5,4,4,1,348
35.5,4,4,2,350
35.5,4,4,3,351
35.5,4,4,4,353
35.5,4,4,5,355
35.5,4,4,6,356
35.5,4,4,7,358
35.5,4,4,8,360
35.5,4,4,9,361
35.5,4,4,10,363
35.5,4,4,11,365
35.5,4,4,12,366
35.5,4,4,13,368
35.5,4,4,14,369
35.5,4,4,15,371
35.5,4,5,0,348
35.5,4,5,1,350
35.5,4,5,2,352
35.5,4,5,3,353
35.5,4,5,4,355
35.5,4,5,5,357
35.5,4,5,6,358
35.5,4,5,7,360
35.5,4,5,8,362
35.5,4,5,9,363
35.5,4,5,10,365
35.5,4,5,11,367
35.5,4,5,12,368
35.5,4,5,13,370
35.5,4,5,14,372
35.5,4,5,15,373
35.5,4,6,0,350
35.5,4,6,1,352
35.5,4,6,2,354
35.5,4,6,3,355
35.5,4,6,4,357
35.5,4,6,5,359
35.5,4,6,6,360
35.5,4,6,7,362
35.5,4,6,8,364
35.5,4,6,9,365
35.5,4,6,10,367
35.5,4,6,11,369
35.5,4,6,12,370
35.5,4,6,13,372
35.5,4,6,14,374
35.5,4,6,15,375
35.5,4,7,0,352
35.5,4,7,1,354
35.5,4,7,2,356
35.5,4,7,3,357
35.5,4,7,4,359
35.5,4,7,5,361
35.5,4,7,6,363
35.5,4,7,7,364
35.5,4,7,8,366
35.5,4,7,9,368
35.5,4,7,10,369
35.5,4,7,11,371
35.5,4,7,12,372
35.5,4,7,13,374
35.5,4,7,14,376
35.5,4,7,15,377
35.5,4,8,0,354
35.5,4,8,1,356
35.5,4,8,2,358
35.5,4,8,3,359
35.5,4,8,4,361
35.5,4,8,5,363
35.5,4,8,6,365
35.5,4,8,7,366
35.5,4,8,8,368
35.5,4,8,9,370
35.5,4,8,10,371
35.5,4,8,11,373
35.5,4,8,12,375
35.5,4,8,13,376
35.5,4,8,14,378
35.5,4,8,15,379
35.5,4,9,0,356
35.5,4,9,1,358
35.5,4,9,2,360
35.5,4,9,3,361
35.5,4,9,4,363
35.5,4,9,5,365
35.5,4,9,6,367
35.5,4,9,7,368
35.5,4,9,8,370
35.5,4,9,9,372
35.5,4,9,10,373
35.5,4,9,11,375
35.5,4,9,12,377
35.5,4,9,13,378
35.5,4,9,14,380
35.5,4,9,15,382
35.5,4,10,0,358
35.5,4,10,1,360
35.5,4,10,2,362
35.5,4,10,3,363
35.5,4,10,4,365
35.5,4,10,5,367
35.5,4,10,6,369
35.5,4,10,7,370
35.5,4,10,8,372
35.5,4,10,9,374
35.5,4,10,10,375
35.5,4,10,11,377
35.5,4,10,12,379
35.5,4,10,13,380
35.5,4,10,14,382
35.5,4,10,15,384
35.5,4,11,0,360
35.5,4,11,1,362
35.5,4,11,2,364
35.5,4,11,3,365
35.5,4,11,4,367
35.5,4,11,5,369
35.5,4,11,6,370
35.5,4,11,7,372
35.5,4,11,8,374
35.5,4,11,9,376
35.5,4,11,10,377
35.5,4,11,11,379
35.5,4,11,12,381
35.5,4,11,13,382
35.5,4,11,14,384
35.5,4,11,15,386
35.5,4,12,0,362
35.5,4,12,1,364
35.5,4,12,2,365
35.5,4,12,3,367
35.5,4,12,4,369
35.5,4,12,5,371
35.5,4,12,6,372
35.5,4,12,7,374
35.5,4,12,8,376
35.5,4,12,9,378
35.5,4,12,10,379
35.5,4,12,11,381
35.5,4,12,12,383
35.5,4,12,13,384
35.5,4,12,14,386
35.5,4,12,15,388
35.5,4,13,0,364
35.5,4,13,1,366
35.5,4,13,2,367
35.5,4,13,3,369
35.5,4,13,4,371
35.5,4,13,5,373
35.5,4,13,6,374
35.5,4,13,7,376
35.5,4,13,8,378
35.5,4,13,9,380
35.5,4,13,10,381
35.5,4,13,11,383
35.5,4,13,12,385
35.5,4,13,13,386
35.5,4,13,14,388
35.5,4,13,15,390
35.5,4,14,0,366
35.5,4,14,1,368
35.5,4,14,2,369
35.5,4,14,3,371
35.5,4,14,4,373
35.5,4,14,5,375
35.5,4,14,6,376
35.5,4,14,7,378
35.5,4,14,8,380
35.5,4,14,9,382
35.5,4,14,10,383
35.5,4,14,11,385
35.5,4,14,12,387
35.5,4,14,13,388
35.5,4,14,14,390
35.5,4,14,15,392
35.5,4,15,0,368
35.5,4,15,1,369
35.5,4,15,2,371
35.5,4,15,3,373
35.5,4,15,4,375
35.5,4,15,5,377
35.5,4,15,6,378
35.5,4,15,7,380
35.5,4,15,8,382
35.5,4,15,9,384
35.5,4,15,10,385
35.5,4,15,11,387
35.5,4,15,12,389
35.5,4,15,13,390
35.5,4,15,14,392
35.5,4,15,15,394
35.5,5,0,0,344
35.5,5,0,1,345
35.5,5,0,2,347
35.5,5,0,3,349
35.5,5,0,4,350
35.5,5,0,5,352
35.5,5,0,6,354
35.5,5,0,7,355
35.5,5,0,8,357
35.5,5,0,9,359
35.5,5,0,10,360
35.5,5,0,11,362
35.5,5,0,12,363
35.5,5,0,13,365
35.5,5,0,14,367
35.5,5,0,15,368
35.5,5,1,0,346
35.5,5,1,1,347
35.5,5,1,2,349
35.5,5,1,3,351
35.5,5,1,4,352
35.5,5,1,5,354
35.5,5,1,6,356
35.5,5,1,7,357
35.5,5,1,8,359
35.5,5,1,9,361
35.5,5,1,10,362
35.5,5,1,11,364
35.5,5,1,12,366
35.5,5,1,13,367
35.5,5,1,14,369
35.5,5,1,15,370
35.5,5,2,0,348
35.5,5,2,1,349
35.5,5,2,2,351
35.5,5,2,3,353
35.5,5,2,4,355
35.5,5,2,5,356
35.5,5,2,6,358
35.5,5,2,7,360
35.5,5,2,8,361
35.5,5,2,9,363
35.5,5,2,10,364
35.5,5,2,11,366
35.5,5,2,12,368
35.5,5,2,13,369
35.5,5,2,14,371
35.5,5,2,15,373
35.5,5,3,0,350
35.5,5,3,1,352
35.5,5,3,2,353
35.5,5,3,3,355
35.5,5,3,4,357
35.5,5,3,5,358
35.5,5,3,6,360
35.5,5,3,7,362
35.5,5,3,8,363
35.5,5,3,9,365
35.5,5,3,10,367
35.5,5,3,11,368
35.5,5,3,12,370
35.5,5,3,13,371
35.5,5,3,14,373
35.5,5,3,15,375
35.5,5,4,0,352
35.5,5,4,1,354
35.5,5,4,2,355
35.5,5,4,3,357
35.5,5,4,4,359
35.5,5,4,5,360
35.5,5,4,6,362
35.5,5,4,7,364
35.5,5,4,8,365
35.5,5,4,9,367
35.5,5,4,10,369
35.5,5,4,11,370
35.5,5,4,12,372
35.5,5,4,13,374
35.5,5,4,14,375
35.5,5,4,15,377
35.5,5,5,0,354
35.5,5,5,1,356
35.5,5,5,2,357
35.5,5,5,3,359
35.5,5,5,4,361
35.5,5,5,5,362
35.5,5,5,6,364
35.5,5,5,7,366
35.5,5,5,8,368
35.5,5,5,9,369
35.5,5,5,10,371
35.5,5,5,11,372
35.5,5,5,12,374
35.5,5,5,13,376
35.5,5,5,14,377
35.5,5,5,15,379
35.5,5,6,0,356
35.5,5,6,1,358
35.5,5,6,2,359
35.5,5,6,3,361
35.5,5,6,4,363
35.5,5,6,5,365
35.5,5,6,6,366
35.5,5,6,7,368
35.5,5,6,8,370
35.5,5,6,9,371
35.5,5,6,10,373
35.5,5,6,11,375
35.5,5,6,12,376
35.5,5,6,13,378
35.5,5,6,14,380
35.5,5,6,15,381
35.5,5,7,0,358
35.5,5,7,1,360
35.5,5,7,2,361
35.5,5,7,3,363
35.5,5,7,4,365
35.5,5,7,5,367
35.5,5,7,6,368
35.5,5,7,7,370
35.5,5,7,8,372
35.5,5,7,9,373
35.5,5,7,10,375
35.5,5,7,11,377
35.5,5,7,12,378
35.5,5,7,13,380
35.5,5,7,14,382
35.5,5,7,15,383
35.5,5,8,0,360
35.5,5,8,1,362
35.5,5,8,2,363
35.5,5,8,3,365
35.5,5,8,4,367
35.5,5,8,5,369
35.5,5,8,6,370
35.5,5,8,7,372
35.5,5,8,8,374
35.5,5,8,9,375
35.5,5,8,10,377
35.5,5,8,11,379
35.5,5,8,12,380
35.5,5,8,13,382
35.5,5,8,14,384
35.5,5,8,15,385
35.5,5,9,0,362
35.5,5,9,1,364
35.5,5,9,2,365
35.5,5,9,3,367
35.5,5,9,4,369
35.5,5,9,5,371
35.5,5,9,6,372
35.5,5,9,7,374
35.5,5,9,8,376
35.5,5,9,9,377
35.5,5,9,10,379
35.5,5,9,11,381
35.5,5,9,12,383
35.5,5,9,13,384
35.5,5,9,14,386
35.5,5,9,15,388
35.5,5,10,0,364
35.5,5,10,1,366
35.5,5,10,2,367
35.5,5,10,3,369
35.5,5,10,4,371
35.5,5,10,5,373
35.5,5,10,6,374
35.5,5,10,7,376
35.5,5,10,8,378
35.5,5,10,9,380
35.5,5,10,10,381
35.5,5,10,11,383
35.5,5,10,12,385
35.5,5,10,13,386
35.5,5,10,14,388
35.5,5,10,15,390
35.5,5,11,0,366
35.5,5,11,1,368
35.5,5,11,2,369
35.5,5,11,3,371
35.5,5,11,4,373
35.5,5,11,5,375
35.5,5,11,6,376
35.5,5,11,7,378
35.5,5,11,8,380
35.5,5,11,9,382
35.5,5,11,10,383
35.5,5,11,11,385
35.5,5,11,12,387
35.5,5,11,13,388
35.5,5,11,14,390
35.5,5,11,15,392
35.5,5,12,0,368
35.5,5,12,1,369
35.5,5,12,2,371
35.5,5,12,3,373
35.5,5,12,4,375
35.5,5,12,5,377
35.5,5,12,6,378
35.5,5,12,7,380
35.5,5,12,8,382
35.5,5,12,9,384
35.5,5,12,10,385
35.5,5,12,11,387
35.5,5,12,12,389
35.5,5,12,13,390
35.5,5,12,14,392
35.5,5,12,15,394
35.5,5,13,0,370
35.5,5,13,1,371
35.5,5,13,2,373
35.5,5,13,3,375
35.5,5,13,4,377
35.5,5,13,5,379
35.5,5,13,6,380
35.5,5,13,7,382
35.5,5,13,8,384
35.5,5,13,9,386
35.5,5,13,10,387
35.5,5,13,11,389
35.5,5,13,12,391
35.5,5,13,13,393
35.5,5,13,14,394
35.5,5,13,15,396
35.5,5,14,0,372
35.5,5,14,1,373
35.5,5,14,2,375
35.5,5,14,3,377
35.5,5,14,4,379
35.5,5,14,5,381
35.5,5,14,6,382
35.5,5,14,7,384
35.5,5,14,8,386
35.5,5,14,9,388
35.5,5,14,10,389
35.5,5,14,11,391
35.5,5,14,12,393
35.5,5,14,13,395
35.5,5,14,14,396
35.5,5,14,15,398
35.5,5,15,0,373
35.5,5,15,1,375
35.5,5,15,2,377
35.5,5,15,3,379
35.5,5,15,4,381
35.5,5,15,5,383
35.5,5,15,6,384
35.5,5,15,7,386
35.5,5,15,8,388
35.5,5,15,9,390
35.5,5,15,10,391
35.5,5,15,11,393
35.5,5,15,12,395
35.5,5,15,13,397
35.5,5,15,14,398
35.5,5,15,15,400
35.5,6,0,0,349
35.5,6,0,1,351
35.5,6,0,2,352
35.5,6,0,3,354
35.5,6,0,4,356
35.5,6,0,5,358
35.5,6,0,6,359
35.5,6,0,7,361
35.5,6,0,8,362
35.5,6,0,9,364
35.5,6,0,10,366
35.5,6,0,11,367
35.5,6,0,12,369
35.5,6,0,13,371
35.5,6,0,14,372
35.5,6,0,15,374
35.5,6,1,0,351
35.5,6,1,1,353
35.5,6,1,2,355
35.5,6,1,3,356
35.5,6,1,4,358
35.5,6,1,5,360
35.5,6,1,6,361
35.5,6,1,7,363
35.5,6,1,8,365
35.5,6,1,9,366
35.5,6,1,10,368
35.5,6,1,11,370
35.5,6,1,12,371
35.5,6,1,13,373
35.5,6,1,14,374
35.5,6,1,15,376
35.5,6,2,0,353
35.5,6,2,1,355
35.5,6,2,2,357
35.5,6,2,3,358
35.5,6,2,4,360
35.5,6,2,5,362
35.5,6,2,6,363
35.5,6,2,7,365
35.5,6,2,8,367
35.5,6,2,9,368
35.5,6,2,10,370
35.5,6,2,11,372
35.5,6,2,12,373
35.5,6,2,13,375
35.5,6,2,14,377
35.5,6,2,15,378
35.5,6,3,0,355
35.5,6,3,1,357
35.5,6,3,2,359
35.5,6,3,3,360
35.5,6,3,4,362
35.5,6,3,5,364
35.5,6,3,6,366
35.5,6,3,7,367
35.5,6,3,8,369
35.5,6,3,9,371
35.5,6,3,10,372
35.5,6,3,11,374
35.5,6,3,12,376
35.5,6,3,13,377
35.5,6,3,14,379
35.5,6,3,15,381
35.5,6,4,0,357
35.5,6,4,1,359
35.5,6,4,2,361
35.5,6,4,3,363
35.5,6,4,4,364
35.5,6,4,5,366
35.5,6,4,6,368
35.5,6,4,7,369
35.5,6,4,8,371
35.5,6,4,9,373
35.5,6,4,10,374
35.5,6,4,11,376
35.5,6,4,12,378
35.5,6,4,13,379
35.5,6,4,14,381
35.5,6,4,15,383
35.5,6,5,0,359
35.5,6,5,1,361
35.5,6,5,2,363
35.5,6,5,3,365
35.5,6,5,4,366
35.5,6,5,5,368
35.5,6,5,6,370
35.5,6,5,7,372
35.5,6,5,8,373
35.5,6,5,9,375
35.5,6,5,10,377
35.5,6,5,11,378
35.5,6,5,12,380
35.5,6,5,13,382
35.5,6,5,14,383
35.5,6,5,15,385
35.5,6,6,0,361
35.5,6,6,1,363
35.5,6,6,2,365
35.5,6,6,3,367
35.5,6,6,4,368
35.5,6,6,5,370
35.5,6,6,6,372
35.5,6,6,7,374
35.5,6,6,8,375
35.5,6,6,9,377
35.5,6,6,10,379
35.5,6,6,11,380
35.5,6,6,12,382
35.5,6,6,13,384
35.5,6,6,14,385
35.5,6,6,15,387
35.5,6,7,0,363
35.5,6,7,1,365
35.5,6,7,2,367
35.5,6,7,3,369
35.5,6,7,4,371
35.5,6,7,5,372
35.5,6,7,6,374
35.5,6,7,7,376
35.5,6,7,8,377
35.5,6,7,9,379
35.5,6,7,10,381
35.5,6,7,11,383
35.5,6,7,12,384
35.5,6,7,13,386
35.5,6,7,14,388
35.5,6,7,15,389
35.5,6,8,0,365
35.5,6,8,1,367
35.5,6,8,2,369
35.5,6,8,3,371
35.5,6,8,4,373
35.5,6,8,5,374
35.5,6,8,6,376
35.5,6,8,7,378
35.5,6,8,8,380
35.5,6,8,9,381
35.5,6,8,10,383
35.5,6,8,11,385
35.5,6,8,12,386
35.5,6,8,13,388
35.5,6,8,14,390
35.5,6,8,15,391
35.5,6,9,0,367
35.5,6,9,1,369
35.5,6,9,2,371
35.5,6,9,3,373
35.5,6,9,4,375
35.5,6,9,5,376
35.5,6,9,6,378
35.5,6,9,7,380
35.5,6,9,8,382
35.5,6,9,9,383
35.5,6,9,10,385
35.5,6,9,11,387
35.5,6,9,12,389
35.5,6,9,13,390
35.5,6,9,14,392
35.5,6,9,15,394
35.5,6,10,0,369
35.5,6,10,1,371
35.5,6,10,2,373
35.5,6,10,3,375
35.5,6,10,4,377
35.5,6,10,5,378
35.5,6,10,6,380
35.5,6,10,7,382
35.5,6,10,8,384
35.5,6,10,9,385
35.5,6,10,10,387
35.5,6,10,11,389
35.5,6,10,12,391
35.5,6,10,13,392
35.5,6,10,14,394
35.5,6,10,15,396
35.5,6,11,0,371
35.5,6,11,1,373
35.5,6,11,2,375
35.5,6,11,3,377
35.5,6,11,4,379
35.5,6,11,5,380
35.5,6,11,6,382
35.5,6,11,7,384
35.5,6,11,8,386
35.5,6,11,9,388
35.5,6,11,10,389
35.5,6,11,11,391
35.5,6,11,12,393
35.5,6,11,13,394
35.5,6,11,14,396
35.5,6,11,15,398
35.5,6,12,0,373
35.5,6,12,1,375
35.5,6,12,2,377
35.5,6,12,3,379
35.5,6,12,4,381
35.5,6,12,5,383
35.5,6,12,6,384
35.5,6,12,7,386
35.5,6,12,8,388
35.5,6,12,9,390
35.5,6,12,10,391
35.5,6,12,11,393
35.5,6,12,12,395
35.5,6,12,13,397
35.5,6,12,14,398
35.5,6,12,15,400
35.5,6,13,0,375
35.5,6,13,1,377
35.5,6,13,2,379
35.5,6,13,3,381
35.5,6,13,4,383
35.5,6,13,5,385
35.5,6,13,6,386
35.5,6,13,7,388
35.5,6,13,8,390
35.5,6,13,9,392
35.5,6,13,10,393
35.5,6,13,11,395
35.5,6,13,12,397
35.5,6,13,13,399
35.5,6,13,14,400
35.5,6,13,15,402
35.5,6,14,0,377
35.5,6,14,1,379
35.5,6,14,2,381
35.5,6,14,3,383
35.5,6,14,4,385
35.5,6,14,5,387
35.5,6,14,6,388
35.5,6,14,7,390
35.5,6,14,8,392
35.5,6,14,9,394
35.5,6,14,10,395
35.5,6,14,11,397
35.5,6,14,12,399
35.5,6,14,13,401
35.5,6,14,14,402
35.5,6,14,15,404
35.5,6,15,0,379
35.5,6,15,1,381
35.5,6,15,2,383
35.5,6,15,3,385
35.5,6,15,4,387
35.5,6,15,5,389
35.5,6,15,6,390
35.5,6,15,7,392
35.5,6,15,8,394
35.5,6,15,9,396
35.5,6,15,10,397
35.5,6,15,11,399
35.5,6,15,12,401
35.5,6,15,13,403
35.5,6,15,14,405
35.5,6,15,15,406
35.5,7,0,0,354
35.5,7,0,1,356
35.5,7,0,2,358
35.5,7,0,3,360
35.5,7,0,4,361
35.5,7,0,5,363
35.5,7,0,6,365
35.5,7,0,7,366
35.5,7,0,8,368
35.5,7,0,9,370
35.5,7,0,10,371
35.5,7,0,11,373
35.5,7,0,12,375
35.5,7,0,13,376
35.5,7,0,14,378
35.5,7,0,15,380
35.5,7,1,0,357
35.5,7,1,1,358
35.5,7,1,2,360
35.5,7,1,3,362
35.5,7,1,4,363
35.5,7,1,5,365
35.5,7,1,6,367
35.5,7,1,7,369
35.5,7,1,8,370
35.5,7,1,9,372
35.5,7,1,10,374
35.5,7,1,11,375
35.5,7,1,12,377
35.5,7,1,13,379
35.5,7,1,14,380
35.5,7,1,15,382
35.5,7,2,0,359
35.5,7,2,1,360
35.5,7,2,2,362
35.5,7,2,3,364
35.5,7,2,4,366
35.5,7,2,5,367
35.5,7,2,6,369
35.5,7,2,7,371
35.5,7,2,8,372
35.5,7,2,9,374
35.5,7,2,10,376
35.5,7,2,11,378
35.5,7,2,12,379
35.5,7,2,13,381
35.5,7,2,14,383
35.5,7,2,15,384
35.5,7,3,0,361
35.5,7,3,1,363
35.5,7,3,2,364
35.5,7,3,3,366
35.5,7,3,4,368
35.5,7,3,5,370
35.5,7,3,6,371
35.5,7,3,7,373
35.5,7,3,8,375
35.5,7,3,9,376
35.5,7,3,10,378
35.5,7,3,11,380
35.5,7,3,12,381
35.5,7,3,13,383
35.5,7,3,14,385
35.5,7,3,15,386
35.5,7,4,0,363
35.5,7,4,1,365
35.5,7,4,2,366
35.5,7,4,3,368
35.5,7,4,4,370
35.5,7,4,5,372
35.5,7,4,6,373
35.5,7,4,7,375
35.5,7,4,8,377
35.5,7,4,9,379
35.5,7,4,10,380
35.5,7,4,11,382
35.5,7,4,12,384
35.5,7,4,13,385
35.5,7,4,14,387
35.5,7,4,15,389
35.5,7,5,0,365
35.5,7,5,1,367
35.5,7,5,2,369
35.5,7,5,3,370
35.5,7,5,4,372
35.5,7,5,5,374
35.5,7,5,6,376
35.5,7,5,7,377
35.5,7,5,8,379
35.5,7,5,9,381
35.5,7,5,10,382
35.5,7,5,11,384
35.5,7,5,12,386
35.5,7,5,13,388
35.5,7,5,14,389
35.5,7,5,15,391
35.5,7,6,0,367
35.5,7,6,1,369
35.5,7,6,2,371
35.5,7,6,3,372
35.5,7,6,4,374
35.5,7,6,5,376
35.5,7,6,6,378
35.5,7,6,7,379
35.5,7,6,8,381
35.5,7,6,9,383
35.5,7,6,10,385
35.5,7,6,11,386
35.5,7,6,12,388
35.5,7,6,13,390
35.5,7,6,14,391
35.5,7,6,15,393
35.5,7,7,0,369
35.5,7,7,1,371
35.5,7,7,2,373
35.5,7,7,3,374
35.5,7,7,4,376
35.5,7,7,5,378
35.5,7,7,6,380
35.5,7,7,7,382
35.5,7,7,8,383
35.5,7,7,9,385
35.5,7,7,10,387
35.5,7,7,11,388
35.5,7,7,12,390
35.5,7,7,13,392
35.5,7,7,14,394
35.5,7,7,15,395
35.5,7,8,0,371
35.5,7,8,1,373
35.5,7,8,2,375
35.5,7,8,3,377
35.5,7,8,4,378
35.5,7,8,5,380
35.5,7,8,6,382
35.5,7,8,7,384
35.5,7,8,8,385
35.5,7,8,9,387
35.5,7,8,10,389
35.5,7,8,11,391
35.5,7,8,12,392
35.5,7,8,13,394
35.5,7,8,14,396
35.5,7,8,15,398
35.5,7,9,0,373
35.5,7,9,1,375
35.5,7,9,2,377
35.5,7,9,3,379
35.5,7,9,4,380
35.5,7,9,5,382
35.5,7,9,6,384
35.5,7,9,7,386
35.5,7,9,8,388
35.5,7,9,9,389
35.5,7,9,10,391
35.5,7,9,11,393
35.5,7,9,12,395
35.5,7,9,13,396
35.5,7,9,14,398
35.5,7,9,15,400
35.5,7,10,0,375
35.5,7,10,1,377
35.5,7,10,2,379
35.5,7,10,3,381
35.5,7,10,4,382
35.5,7,10,5,384
35.5,7,10,6,386
35.5,7,10,7,388
35.5,7,10,8,390
35.5,7,10,9,391
35.5,7,10,10,393
35.5,7,10,11,395
35.5,7,10,12,397
35.5,7,10,13,398
35.5,7,10,14,400
35.5,7,10,15,402
35.5,7,11,0,377
35.5,7,11,1,379
35.5,7,11,2,381
35.5,7,11,3,383
35.5,7,11,4,385
35.5,7,11,5,386
35.5,7,11,6,388
35.5,7,11,7,390
35.5,7,11,8,392
35.5,7,11,9,394
35.5,7,11,10,395
35.5,7,11,11,397
35.5,7,11,12,399
35.5,7,11,13,401
35.5,7,11,14,402
35.5,7,11,15,404
35.5,7,12,0,379
35.5,7,12,1,381
35.5,7,12,2,383
35.5,7,12,3,385
35.5,7,12,4,387
35.5,7,12,5,388
35.5,7,12,6,390
35.5,7,12,7,392
35.5,7,12,8,394
35.5,7,12,9,396
35.5,7,12,10,397
35.5,7,12,11,399
35.5,7,12,12,401
35.5,7,12,13,403
35.5,7,12,14,404
35.5,7,12,15,406
35.5,7,13,0,381
35.5,7,13,1,383
35.5,7,13,2,385
35.5,7,13,3,387
35.5,7,13,4,389
35.5,7,13,5,390
35.5,7,13,6,392
35.5,7,13,7,394
35.5,7,13,8,396
35.5,7,13,9,398
35.5,7,13,10,399
35.5,7,13,11,401
35.5,7,13,12,403
35.5,7,13,13,405
35.5,7,13,14,407
35.5,7,13,15,408
35.5,7,14,0,383
35.5,7,14,1,385
35.5,7,14,2,387
35.5,7,14,3,389
35.5,7,14,4,391
35.5,7,14,5,392
35.5,7,14,6,394
35.5,7,14,7,396
35.5,7,14,8,398
35.5,7,14,9,400
35.5,7,14,10,402
35.5,7,14,11,403
35.5,7,14,12,405
35.5,7,14,13,407
35.5,7,14,14,409
35.5,7,14,15,410
35.5,7,15,0,385
35.5,7,15,1,387
35.5,7,15,2,389
35.5,7,15,3,391
35.5,7,15,4,393
35.5,7,15,5,394
35.5,7,15,6,396
35.5,7,15,7,398
35.5,7,15,8,400
35.5,7,15,9,402
35.5,7,15,10,404
35.5,7,15,11,405
35.5,7,15,12,407
35.5,7,15,13,409
35.5,7,15,14,411
35.5,7,15,15,413
35.5,8,0,0,360
35.5,8,0,1,362
35.5,8,0,2,363
35.5,8,0,3,365
35.5,8,0,4,367
35.5,8,0,5,369
35.5,8,0,6,370
35.5,8,0,7,372
35.5,8,0,8,374
35.5,8,0,9,375
35.5,8,0,10,377
35.5,8,0,11,379
35.5,8,0,12,380
35.5,8,0,13,382
35.5,8,0,14,384
35.5,8,0,15,385
35.5,8,1,0,362
35.5,8,1,1,364
35.5,8,1,2,365
35.5,8,1,3,367
35.5,8,1,4,369
35.5,8,1,5,371
35.5,8,1,6,372
35.5,8,1,7,374
35.5,8,1,8,376
35.5,8,1,9,378
35.5,8,1,10,379
35.5,8,1,11,381
35.5,8,1,12,383
35.5,8,1,13,384
35.5,8,1,14,386
35.5,8,1,15,388
35.5,8,2,0,364
35.5,8,2,1,366
35.5,8,2,2,368
35.5,8,2,3,369
35.5,8,2,4,371
35.5,8,2,5,373
35.5,8,2,6,375
35.5,8,2,7,376
35.5,8,2,8,378
35.5,8,2,9,380
35.5,8,2,10,382
35.5,8,2,11,383
35.5,8,2,12,385
35.5,8,2,13,387
35.5,8,2,14,388
35.5,8,2,15,390
35.5,8,3,0,366
35.5,8,3,1,368
35.5,8,3,2,370
35.5,8,3,3,372
35.5,8,3,4,373
35.5,8,3,5,375
35.5,8,3,6,377
35.5,8,3,7,379
35.5,8,3,8,380
35.5,8,3,9,382
35.5,8,3,10,384
35.5,8,3,11,386
35.5,8,3,12,387
35.5,8,3,13,389
35.5,8,3,14,391
35.5,8,3,15,392
35.5,8,4,0,368
35.5,8,4,1,370
35.5,8,4,2,372
35.5,8,4,3,374
35.5,8,4,4,376
35.5,8,4,5,377
35.5,8,4,6,379
35.5,8,4,7,381
35.5,8,4,8,383
35.5,8,4,9,384
35.5,8,4,10,386
35.5,8,4,11,388
35.5,8,4,12,389
35.5,8,4,13,391
35.5,8,4,14,393
35.5,8,4,15,395
35.5,8,5,0,370
35.5,8,5,1,372
35.5,8,5,2,374
35.5,8,5,3,376
35.5,8,5,4,378
35.5,8,5,5,379
35.5,8,5,6,381
35.5,8,5,7,383
35.5,8,5,8,385
35.5,8,5,9,387
35.5,8,5,10,388
35.5,8,5,11,390
35.5,8,5,12,392
35.5,8,5,13,393
35.5,8,5,14,395
35.5,8,5,15,397
35.5,8,6,0,373
35.5,8,6,1,374
35.5,8,6,2,376
35.5,8,6,3,378
35.5,8,6,4,380
35.5,8,6,5,382
35.5,8,6,6,383
35.5,8,6,7,385
35.5,8,6,8,387
35.5,8,6,9,389
35.5,8,6,10,390
35.5,8,6,11,392
35.5,8,6,12,394
35.5,8,6,13,396
35.5,8,6,14,397
35.5,8,6,15,399
35.5,8,7,0,375
35.5,8,7,1,377
35.5,8,7,2,378
35.5,8,7,3,380
35.5,8,7,4,382
35.5,8,7,5,384
35.5,8,7,6,386
35.5,8,7,7,387
35.5,8,7,8,389
35.5,8,7,9,391
35.5,8,7,10,393
35.5,8,7,11,394
35.5,8,7,12,396
35.5,8,7,13,398
35.5,8,7,14,400
35.5,8,7,15,401
35.5,8,8,0,377
35.5,8,8,1,379
35.5,8,8,2,380
35.5,8,8,3,382
35.5,8,8,4,384
35.5,8,8,5,386
35.5,8,8,6,388
35.5,8,8,7,389
35.5,8,8,8,391
35.5,8,8,9,393
35.5,8,8,10,395
35.5,8,8,11,397
35.5,8,8,12,398
35.5,8,8,13,400
35.5,8,8,14,402
35.5,8,8,15,404
35.5,8,9,0,379
35.5,8,9,1,381
35.5,8,9,2,383
35.5,8,9,3,384
35.5,8,9,4,386
35.5,8,9,5,388
35.5,8,9,6,390
35.5,8,9,7,392
35.5,8,9,8,393
35.5,8,9,9,395
35.5,8,9,10,397
35.5,8,9,11,399
35.5,8,9,12,401
35.5,8,9,13,402
35.5,8,9,14,404
35.5,8,9,15,406
35.5,8,10,0,381
35.5,8,10,1,383
35.5,8,10,2,385
35.5,8,10,3,386
35.5,8,10,4,388
35.5,8,10,5,390
35.5,8,10,6,392
35.5,8,10,7,394
35.5,8,10,8,396
35.5,8,10,9,397
35.5,8,10,10,399
35.5,8,10,11,401
35.5,8,10,12,403
35.5,8,10,13,404
35.5,8,10,14,406
35.5,8,10,15,408
35.5,8,11,0,383
35.5,8,11,1,385
35.5,8,11,2,387
35.5,8,11,3,389
35.5,8,11,4,390
35.5,8,11,5,392
35.5,8,11,6,394
35.5,8,11,7,396
35.5,8,11,8,398
35.5,8,11,9,399
35.5,8,11,10,401
35.5,8,11,11,403
35.5,8,11,12,405
35.5,8,11,13,407
35.5,8,11,14,408
35.5,8,11,15,410
35.5,8,12,0,385
35.5,8,12,1,387
35.5,8,12,2,389
35.5,8,12,3,391
35.5,8,12,4,392
35.5,8,12,5,394
35.5,8,12,6,396
35.5,8,12,7,398
35.5,8,12,8,400
35.5,8,12,9,402
35.5,8,12,10,403
35.5,8,12,11,405
35.5,8,12,12,407
35.5,8,12,13,409
35.5,8,12,14,411
35.5,8,12,15,412
35.5,8,13,0,387
35.5,8,13,1,389
35.5,8,13,2,391
35.5,8,13,3,393
35.5,8,13,4,395
35.5,8,13,5,396
35.5,8,13,6,398
35.5,8,13,7,400
35.5,8,13,8,402
35.5,8,13,9,404
35.5,8,13,10,406
35.5,8,13,11,407
35.5,8,13,12,409
35.5,8,13,13,411
35.5,8,13,14,413
35.5,8,13,15,414
35.5,8,14,0,389
35.5,8,14,1,391
35.5,8,14,2,393
35.5,8,14,3,395
35.5,8,14,4,397
35.5,8,14,5,398
35.5,8,14,6,400
35.5,8,14,7,402
35.5,8,14,8,404
35.5,8,14,9,406
35.5,8,14,10,408
35.5,8,14,11,409
35.5,8,14,12,411
35.5,8,14,13,413
35.5,8,14,14,415
35.5,8,14,15,417
35.5,8,15,0,391
35.5,8,15,1,393
35.5,8,15,2,395
35.5,8,15,3,397
35.5,8,15,4,399
35.5,8,15,5,400
35.5,8,15,6,402
35.5,8,15,7,404
35.5,8,15,8,406
35.5,8,15,9,408
35.5,8,15,10,410
35.5,8,15,11,412
35.5,8,15,12,413
35.5,8,15,13,415
35.5,8,15,14,417
35.5,8,15,15,419
35.5,9,0,0,365
35.5,9,0,1,367
35.5,9,0,2,369
35.5,9,0,3,371
35.5,9,0,4,372
35.5,9,0,5,374
35.5,9,0,6,376
35.5,9,0,7,378
35.5,9,0,8,379
35.5,9,0,9,381
35.5,9,0,10,383
35.5,9,0,11,384
35.5,9,0,12,386
35.5,9,0,13,388
35.5,9,0,14,389
35.5,9,0,15,391
35.5,9,1,0,367
35.5,9,1,1,369
35.5,9,1,2,371
35.5,9,1,3,373
35.5,9,1,4,375
35.5,9,1,5,376
35.5,9,1,6,378
35.5,9,1,7,380
35.5,9,1,8,382
35.5,9,1,9,383
35.5,9,1,10,385
35.5,9,1,11,387
35.5,9,1,12,388
35.5,9,1,13,390
35.5,9,1,14,392
35.5,9,1,15,393
35.5,9,2,0,370
35.5,9,2,1,371
35.5,9,2,2,373
35.5,9,2,3,375
35.5,9,2,4,377
35.5,9,2,5,379
35.5,9,2,6,380
35.5,9,2,7,382
35.5,9,2,8,384
35.5,9,2,9,386
35.5,9,2,10,387
35.5,9,2,11,389
35.5,9,2,12,391
35.5,9,2,13,392
35.5,9,2,14,394
35.5,9,2,15,396
35.5,9,3,0,372
35.5,9,3,1,374
35.5,9,3,2,375
35.5,9,3,3,377
35.5,9,3,4,379
35.5,9,3,5,381
35.5,9,3,6,383
35.5,9,3,7,384
35.5,9,3,8,386
35.5,9,3,9,388
35.5,9,3,10,390
35.5,9,3,11,391
35.5,9,3,12,393
35.5,9,3,13,395
35.5,9,3,14,396
35.5,9,3,15,398
35.5,9,4,0,374
35.5,9,4,1,376
35.5,9,4,2,378
35.5,9,4,3,379
35.5,9,4,4,381
35.5,9,4,5,383
35.5,9,4,6,385
35.5,9,4,7,387
35.5,9,4,8,388
35.5,9,4,9,390
35.5,9,4,10,392
35.5,9,4,11,394
35.5,9,4,12,395
35.5,9,4,13,397
35.5,9,4,14,399
35.5,9,4,15,400
35.5,9,5,0,376
35.5,9,5,1,378
35.5,9,5,2,380
35.5,9,5,3,382
35.5,9,5,4,383
35.5,9,5,5,385
35.5,9,5,6,387
35.5,9,5,7,389
35.5,9,5,8,391
35.5,9,5,9,392
35.5,9,5,10,394
35.5,9,5,11,396
35.5,9,5,12,398
35.5,9,5,13,399
35.5,9,5,14,401
35.5,9,5,15,403
35.5,9,6,0,378
35.5,9,6,1,380
35.5,9,6,2,382
35.5,9,6,3,384
35.5,9,6,4,386
35.5,9,6,5,387
35.5,9,6,6,389
35.5,9,6,7,391
35.5,9,6,8,393
35.5,9,6,9,395
35.5,9,6,10,396
35.5,9,6,11,398
35.5,9,6,12,400
35.5,9,6,13,402
35.5,9,6,14,403
35.5,9,6,15,405
35.5,9,7,0,380
35.5,9,7,1,382
35.5,9,7,2,384
35.5,9,7,3,386
35.5,9,7,4,388
35.5,9,7,5,389
35.5,9,7,6,391
35.5,9,7,7,393
35.5,9,7,8,395
35.5,9,7,9,397
35.5,9,7,10,399
35.5,9,7,11,400
35.5,9,7,12,402
35.5,9,7,13,404
35.5,9,7,14,406
35.5,9,7,15,407
35.5,9,8,0,382
35.5,9,8,1,384
35.5,9,8,2,386
35.5,9,8,3,388
35.5,9,8,4,390
35.5,9,8,5,392
35.5,9,8,6,393
35.5,9,8,7,395
35.5,9,8,8,397
35.5,9,8,9,399
35.5,9,8,10,401
35.5,9,8,11,403
35.5,9,8,12,404
35.5,9,8,13,406
35.5,9,8,14,408
35.5,9,8,15,410
35.5,9,9,0,384
35.5,9,9,1,386
35.5,9,9,2,388
35.5,9,9,3,390
35.5,9,9,4,392
35.5,9,9,5,394
35.5,9,9,6,396
35.5,9,9,7,397
35.5,9,9,8,399
35.5,9,9,9,401
35.5,9,9,10,403
35.5,9,9,11,405
35.5,9,9,12,406
35.5,9,9,13,408
35.5,9,9,14,410
35.5,9,9,15,412
35.5,9,10,0,387
35.5,9,10,1,388
35.5,9,10,2,390
35.5,9,10,3,392
35.5,9,10,4,394
35.5,9,10,5,396
35.5,9,10,6,398
35.5,9,10,7,400
35.5,9,10,8,401
35.5,9,10,9,403
35.5,9,10,10,405
35.5,9,10,11,407
35.5,9,10,12,409
35.5,9,10,13,410
35.5,9,10,14,412
35.5,9,10,15,414
35.5,9,11,0,389
35.5,9,11,1,391
35.5,9,11,2,392
35.5,9,11,3,394
35.5,9,11,4,396
35.5,9,11,5,398
35.5,9,11,6,400
35.5,9,11,7,402
35.5,9,11,8,404
35.5,9,11,9,405
35.5,9,11,10,407
35.5,9,11,11,409
35.5,9,11,12,411
35.5,9,11,13,413
35.5,9,11,14,414
35.5,9,11,15,416
35.5,9,12,0,391
35.5,9,12,1,393
35.5,9,12,2,395
35.5,9,12,3,396
35.5,9,12,4,398
35.5,9,12,5,400
35.5,9,12,6,402
35.5,9,12,7,404
35.5,9,12,8,406
35.5,9,12,9,408
35.5,9,12,10,409
35.5,9,12,11,411
35.5,9,12,12,413
35.5,9,12,13,415
35.5,9,12,14,417
35.5,9,12,15,418
35.5,9,13,0,393
35.5,9,13,1,395
35.5,9,13,2,397
35.5,9,13,3,399
35.5,9,13,4,400
35.5,9,13,5,402
35.5,9,13,6,404
35.5,9,13,7,406
35.5,9,13,8,408
35.5,9,13,9,410
35.5,9,13,10,412
35.5,9,13,11,413
35.5,9,13,12,415
35.5,9,13,13,417
35.5,9,13,14,419
35.5,9,13,15,421
35.5,9,14,0,395
35.5,9,14,1,397
35.5,9,14,2,399
35.5,9,14,3,401
35.5,9,14,4,402
35.5,9,14,5,404
35.5,9,14,6,406
35.5,9,14,7,408
35.5,9,14,8,410
35.5,9,14,9,412
35.5,9,14,10,414
35.5,9,14,11,416
35.5,9,14,12,417
35.5,9,14,13,419
35.5,9,14,14,421
35.5,9,14,15,423
35.5,9,15,0,397
35.5,9,15,1,399
35.5,9,15,2,401
35.5,9,15,3,403
35.5,9,15,4,405
35.5,9,15,5,406
35.5,9,15,6,408
35.5,9,15,7,410
35.5,9,15,8,412
35.5,9,15,9,414
35.5,9,15,10,416
35.5,9,15,11,418
35.5,9,15,12,420
35.5,9,15,13,421
35.5,9,15,14,423
35.5,9,15,15,425
35.5,10,0,0,371
35.5,10,0,1,372
35.5,10,0,2,374
35.5,10,0,3,376
35.5,10,0,4,378
35.5,10,0,5,380
35.5,10,0,6,381
35.5,10,0,7,383
35.5,10,0,8,385
35.5,10,0,9,387
35.5,10,0,10,388
35.5,10,0,11,390
35.5,10,0,12,392
35.5,10,0,13,393
35.5,10,0,14,395
35.5,10,0,15,397
35.5,10,1,0,373
35.5,10,1,1,375
35.5,10,1,2,376
35.5,10,1,3,378
35.5,10,1,4,380
35.5,10,1,5,382
35.5,10,1,6,384
35.5,10,1,7,385
35.5,10,1,8,387
35.5,10,1,9,389
35.5,10,1,10,391
35.5,10,1,11,392
35.5,10,1,12,394
35.5,10,1,13,396
35.5,10,1,14,398
35.5,10,1,15,399
35.5,10,2,0,375
35.5,10,2,1,377
35.5,10,2,2,379
35.5,10,2,3,380
35.5,10,2,4,382
35.5,10,2,5,384
35.5,10,2,6,386
35.5,10,2,7,388
35.5,10,2,8,389
35.5,10,2,9,391
35.5,10,2,10,393
35.5,10,2,11,395
35.5,10,2,12,396
35.5,10,2,13,398
35.5,10,2,14,400
35.5,10,2,15,402
35.5,10,3,0,377
35.5,10,3,1,379
35.5,10,3,2,381
35.5,10,3,3,383
35.5,10,3,4,385
35.5,10,3,5,386
35.5,10,3,6,388
35.5,10,3,7,390
35.5,10,3,8,392
35.5,10,3,9,394
35.5,10,3,10,395
35.5,10,3,11,397
35.5,10,3,12,399
35.5,10,3,13,401
35.5,10,3,14,402
35.5,10,3,15,404
35.5,10,4,0,379
35.5,10,4,1,381
35.5,10,4,2,383
35.5,10,4,3,385
35.5,10,4,4,387
35.5,10,4,5,389
35.5,10,4,6,390
35.5,10,4,7,392
35.5,10,4,8,394
35.5,10,4,9,396
35.5,10,4,10,398
35.5,10,4,11,399
35.5,10,4,12,401
35.5,10,4,13,403
35.5,10,4,14,405
35.5,10,4,15,406
35.5,10,5,0,382
35.5,10,5,1,383
35.5,10,5,2,385
35.5,10,5,3,387
35.5,10,5,4,389
35.5,10,5,5,391
35.5,10,5,6,393
35.5,10,5,7,394
35.5,10,5,8,396
35.5,10,5,9,398
35.5,10,5,10,400
35.5,10,5,11,402
35.5,10,5,12,403
35.5,10,5,13,405
35.5,10,5,14,407
35.5,10,5,15,409
35.5,10,6,0,384
35.5,10,6,1,386
35.5,10,6,2,387
35.5,10,6,3,389
35.5,10,6,4,391
35.5,10,6,5,393
35.5,10,6,6,395
35.5,10,6,7,397
35.5,10,6,8,399
35.5,10,6,9,400
35.5,10,6,10,402
35.5,10,6,11,404
35.5,10,6,12,406
35.5,10,6,13,407
35.5,10,6,14,409
35.5,10,6,15,411
35.5,10,7,0,386
35.5,10,7,1,388
35.5,10,7,2,390
35.5,10,7,3,392
35.5,10,7,4,393
35.5,10,7,5,395
35.5,10,7,6,397
35.5,10,7,7,399
35.5,10,7,8,401
35.5,10,7,9,403
35.5,10,7,10,404
35.5,10,7,11,406
35.5,10,7,12,408
35.5,10,7,13,410
35.5,10,7,14,412
35.5,10,7,15,413
35.5,10,8,0,388
35.5,10,8,1,390
35.5,10,8,2,392
35.5,10,8,3,394
35.5,10,8,4,396
35.5,10,8,5,397
35.5,10,8,6,399
35.5,10,8,7,401
35.5,10,8,8,403
35.5,10,8,9,405
35.5,10,8,10,407
35.5,10,8,11,408
35.5,10,8,12,410
35.5,10,8,13,412
35.5,10,8,14,414
35.5,10,8,15,416
35.5,10,9,0,390
35.5,10,9,1,392
35.5,10,9,2,394
35.5,10,9,3,396
35.5,10,9,4,398
35.5,10,9,5,400
35.5,10,9,6,401
35.5,10,9,7,403
35.5,10,9,8,405
35.5,10,9,9,407
35.5,10,9,10,409
35.5,10,9,11,411
35.5,10,9,12,412
35.5,10,9,13,414
35.5,10,9,14,416
35.5,10,9,15,418
35.5,10,10,0,392
35.5,10,10,1,394
35.5,10,10,2,396
35.5,10,10,3,398
35.5,10,10,4,400
35.5,10,10,5,402
35.5,10,10,6,404
35.5,10,10,7,406
35.5,10,10,8,407
35.5,10,10,9,409
35.5,10,10,10,411
35.5,10,10,11,413
35.5,10,10,12,415
35.5,10,10,13,417
35.5,10,10,14,418
35.5,10,10,15,420
35.5,10,11,0,394
35.5,10,11,1,396
35.5,10,11,2,398
35.5,10,11,3,400
35.5,10,11,4,402
35.5,10,11,5,404
35.5,10,11,6,406
35.5,10,11,7,408
35.5,10,11,8,410
35.5,10,11,9,411
35.5,10,11,10,413
35.5,10,11,11,415
35.5,10,11,12,417
35.5,10,11,13,419
35.5,10,11,14,421
35.5,10,11,15,422
35.5,10,12,0,396
35.5,10,12,1,398
35.5,10,12,2,400
35.5,10,12,3,402
35.5,10,12,4,404
35.5,10,12,5,406
35.5,10,12,6,408
35.5,10,12,7,410
35.5,10,12,8,412
35.5,10,12,9,414
35.5,10,12,10,415
35.5,10,12,11,417
35.5,10,12,12,419
35.5,10,12,13,421
35.5,10,12,14,423
35.5,10,12,15,425
35.5,10,13,0,399
35.5,10,13,1,400
35.5,10,13,2,402
35.5,10,13,3,404
35.5,10,13,4,406
35.5,10,13,5,408
35.5,10,13,6,410
35.5,10,13,7,412
35.5,10,13,8,414
35.5,10,13,9,416
35.5,10,13,10,418
35.5,10,13,11,420
35.5,10,13,12,421
35.5,10,13,13,423
35.5,10,13,14,425
35.5,10,13,15,427
35.5,10,14,0,401
35.5,10,14,1,403
35.5,10,14,2,405
35.5,10,14,3,406
35.5,10,14,4,408
35.5,10,14,5,410
35.5,10,14,6,412
35.5,10,14,7,414
35.5,10,14,8,416
35.5,10,14,9,418
35.5,10,14,10,420
35.5,10,14,11,422
35.5,10,14,12,424
35.5,10,14,13,425
35.5,10,14,14,427
35.5,10,14,15,429
35.5,10,15,0,403
35.5,10,15,1,405
35.5,10,15,2,407
35.5,10,15,3,409
35.5,10,15,4,411
35.5,10,15,5,412
35.5,10,15,6,414
35.5,10,15,7,416
35.5,10,15,8,418
35.5,10,15,9,420
35.5,10,15,10,422
35.5,10,15,11,424
35.5,10,15,12,426
35.5,10,15,13,428
35.5,10,15,14,429
35.5,10,15,15,431
35.5,11,0,0,376
35.5,11,0,1,378
35.5,11,0,2,380
35.5,11,0,3,381
35.5,11,0,4,383
35.5,11,0,5,385
35.5,11,0,6,387
35.5,11,0,7,389
35.5,11,0,8,390
35.5,11,0,9,392
35.5,11,0,10,394
35.5,11,0,11,396
35.5,11,0,12,397
35.5,11,0,13,399
35.5,11,0,14,401
35.5,11,0,15,403
35.5,11,1,0,378
35.5,11,1,1,380
35.5,11,1,2,382
35.5,11,1,3,384
35.5,11,1,4,386
35.5,11,1,5,387
35.5,11,1,6,389
35.5,11,1,7,391
35.5,11,1,8,393
35.5,11,1,9,395
35.5,11,1,10,396
35.5,11,1,11,398
35.5,11,1,12,400
35.5,11,1,13,402
35.5,11,1,14,403
35.5,11,1,15,405
35.5,11,2,0,380
35.5,11,2,1,382
35.5,11,2,2,384
35.5,11,2,3,386
35.5,11,2,4,388
35.5,11,2,5,390
35.5,11,2,6,391
35.5,11,2,7,393
35.5,11,2,8,395
35.5,11,2,9,397
35.5,11,2,10,399
35.5,11,2,11,400
35.5,11,2,12,402
35.5,11,2,13,404
35.5,11,2,14,406
35.5,11,2,15,407
35.5,11,3,0,383
35.5,11,3,1,385
35.5,11,3,2,386
35.5,11,3,3,388
35.5,11,3,4,390
35.5,11,3,5,392
35.5,11,3,6,394
35.5,11,3,7,396
35.5,11,3,8,397
35.5,11,3,9,399
35.5,11,3,10,401
35.5,11,3,11,403
35.5,11,3,12,405
35.5,11,3,13,406
35.5,11,3,14,408
35.5,11,3,15,410
35.5,11,4,0,385
35.5,11,4,1,387
35.5,11,4,2,389
35.5,11,4,3,391
35.5,11,4,4,392
35.5,11,4,5,394
35.5,11,4,6,396
35.5,11,4,7,398
35.5,11,4,8,400
35.5,11,4,9,402
35.5,11,4,10,403
35.5,11,4,11,405
35.5,11,4,12,407
35.5,11,4,13,409
35.5,11,4,14,410
35.5,11,4,15,412
35.5,11,5,0,387
35.5,11,5,1,389
35.5,11,5,2,391
35.5,11,5,3,393
35.5,11,5,4,395
35.5,11,5,5,396
35.5,11,5,6,398
35.5,11,5,7,400
35.5,11,5,8,402
35.5,11,5,9,404
35.5,11,5,10,406
35.5,11,5,11,407
35.5,11,5,12,409
35.5,11,5,13,411
35.5,11,5,14,413
35.5,11,5,15,415
35.5,11,6,0,389
35.5,11,6,1,391
35.5,11,6,2,393
35.5,11,6,3,395
35.5,11,6,4,397
35.5,11,6,5,399
35.5,11,6,6,401
35.5,11,6,7,402
35.5,11,6,8,404
35.5,11,6,9,406
35.5,11,6,10,408
35.5,11,6,11,410
35.5,11,6,12,412
35.5,11,6,13,413
35.5,11,6,14,415
35.5,11,6,15,417
35.5,11,7,0,391
35.5,11,7,1,393
35.5,11,7,2,395
35.5,11,7,3,397
35.5,11,7,4,399
35.5,11,7,5,401
35.5,11,7,6,403
35.5,11,7,7,405
35.5,11,7,8,407
35.5,11,7,9,408
35.5,11,7,10,410
35.5,11,7,11,412
35.5,11,7,12,414
35.5,11,7,13,416
35.5,11,7,14,418
35.5,11,7,15,419
35.5,11,8,0,394
35.5,11,8,1,396
35.5,11,8,2,397
35.5,11,8,3,399
35.5,11,8,4,401
35.5,11,8,5,403
35.5,11,8,6,405
35.5,11,8,7,407
35.5,11,8,8,409
35.5,11,8,9,411
35.5,11,8,10,413
35.5,11,8,11,414
35.5,11,8,12,416
35.5,11,8,13,418
35.5,11,8,14,420
35.5,11,8,15,422
35.5,11,9,0,396
35.5,11,9,1,398
35.5,11,9,2,400
35.5,11,9,3,402
35.5,11,9,4,404
35.5,11,9,5,405
35.5,11,9,6,407
35.5,11,9,7,409
35.5,11,9,8,411
35.5,11,9,9,413
35.5,11,9,10,415
35.5,11,9,11,417
35.5,11,9,12,418
35.5,11,9,13,420
35.5,11,9,14,422
35.5,11,9,15,424
35.5,11,10,0,398
35.5,11,10,1,400
35.5,11,10,2,402
35.5,11,10,3,404
35.5,11,10,4,406
35.5,11,10,5,408
35.5,11,10,6,410
35.5,11,10,7,411
35.5,11,10,8,413
35.5,11,10,9,415
35.5,11,10,10,417
35.5,11,10,11,419
35.5,11,10,12,421
35.5,11,10,13,423
35.5,11,10,14,424
35.5,11,10,15,426
35.5,11,11,0,400
35.5,11,11,1,402
35.5,11,11,2,404
35.5,11,11,3,406
35.5,11,11,4,408
35.5,11,11,5,410
35.5,11,11,6,412
35.5,11,11,7,414
35.5,11,11,8,416
35.5,11,11,9,417
35.5,11,11,10,419
35.5,11,11,11,421
35.5,11,11,12,423
35.5,11,11,13,425
35.5,11,11,14,427
35.5,11,11,15,429
35.5,11,12,0,402
35.5,11,12,1,404
35.5,11,12,2,406
35.5,11,12,3,408
35.5,11,12,4,410
35.5,11,12,5,412
35.5,11,12,6,414
35.5,11,12,7,416
35.5,11,12,8,418
35.5,11,12,9,420
35.5,11,12,10,421
35.5,11,12,11,423
35.5,11,12,12,425
35.5,11,12,13,427
35.5,11,12,14,429
35.5,11,12,15,431
35.5,11,13,0,404
35.5,11,13,1,406
35.5,11,13,2,408
35.5,11,13,3,410
35.5,11,13,4,412
35.5,11,13,5,414
35.5,11,13,6,416
35.5,11,13,7,418
35.5,11,13,8,420
35.5,11,13,9,422
35.5,11,13,10,424
35.5,11,13,11,426
35.5,11,13,12,427
35.5,11,13,13,429
35.5,11,13,14,431
35.5,11,13,15,433
35.5,11,14,0,406
35.5,11,14,1,408
35.5,11,14,2,410
35.5,11,14,3,412
35.5,11,14,4,414
35.5,11,14,5,416
35.5,11,14,6,418
35.5,11,14,7,420
35.5,11,14,8,422
35.5,11,14,9,424
35.5,11,14,10,426
35.5,11,14,11,428
35.5,11,14,12,430
35.5,11,14,13,432
35.5,11,14,14,433
35.5,11,14,15,435
35.5,11,15,0,409
35.5,11,15,1,411
35.5,11,15,2,413
35.5,11,15,3,414
35.5,11,15,4,416
35.5,11,15,5,418
35.5,11,15,6,420
35.5,11,15,7,422
35.5,11,15,8,424
35.5,11,15,9,426
35.5,11,15,10,428
35.5,11,15,11,430
35.5,11,15,12,432
35.5,11,15,13,434
35.5,11,15,14,436
35.5,11,15,15,438
35.5,12,0,0,381
35.5,12,0,1,383
35.5,12,0,2,385
35.5,12,0,3,387
35.5,12,0,4,389
35.5,12,0,5,391
35.5,12,0,6,392
35.5,12,0,7,394
35.5,12,0,8,396
35.5,12,0,9,398
35.5,12,0,10,400
35.5,12,0,11,401
35.5,12,0,12,403
35.5,12,0,13,405
35.5,12,0,14,407
35.5,12,0,15,408
35.5,12,1,0,384
35.5,12,1,1,385
35.5,12,1,2,387
35.5,12,1,3,389
35.5,12,1,4,391
35.5,12,1,5,393
35.5,12,1,6,395
35.5,12,1,7,397
35.5,12,1,8,398
35.5,12,1,9,400
35.5,12,1,10,402
35.5,12,1,11,404
35.5,12,1,12,406
35.5,12,1,13,407
35.5,12,1,14,409
35.5,12,1,15,411
35.5,12,2,0,386
35.5,12,2,1,388
35.5,12,2,2,390
35.5,12,2,3,392
35.5,12,2,4,393
35.5,12,2,5,395
35.5,12,2,6,397
35.5,12,2,7,399
35.5,12,2,8,401
35.5,12,2,9,403
35.5,12,2,10,404
35.5,12,2,11,406
35.5,12,2,12,408
35.5,12,2,13,410
35.5,12,2,14,412
35.5,12,2,15,413
35.5,12,3,0,388
35.5,12,3,1,390
35.5,12,3,2,392
35.5,12,3,3,394
35.5,12,3,4,396
35.5,12,3,5,398
35.5,12,3,6,399
35.5,12,3,7,401
35.5,12,3,8,403
35.5,12,3,9,405
35.5,12,3,10,407
35.5,12,3,11,409
35.5,12,3,12,410
35.5,12,3,13,412
35.5,12,3,14,414
35.5,12,3,15,416
35.5,12,4,0,390
35.5,12,4,1,392
35.5,12,4,2,394
35.5,12,4,3,396
35.5,12,4,4,398
35.5,12,4,5,400
35.5,12,4,6,402
35.5,12,4,7,404
35.5,12,4,8,405
35.5,12,4,9,407
35.5,12,4,10,409
35.5,12,4,11,411
35.5,12,4,12,413
35.5,12,4,13,415
35.5,12,4,14,416
35.5,12,4,15,418
35.5,12,5,0,393
35.5,12,5,1,395
35.5,12,5,2,396
35.5,12,5,3,398
35.5,12,5,4,400
35.5,12,5,5,402
35.5,12,5,6,404
35.5,12,5,7,406
35.5,12,5,8,408
35.5,12,5,9,410
35.5,12,5,10,411
35.5,12,5,11,413
35.5,12,5,12,415
35.5,12,5,13,417
35.5,12,5,14,419
35.5,12,5,15,421
35.5,12,6,0,395
35.5,12,6,1,397
35.5,12,6,2,399
35.5,12,6,3,401
35.5,12,6,4,403
35.5,12,6,5,404
35.5,12,6,6,406
35.5,12,6,7,408
35.5,12,6,8,410
35.5,12,6,9,412
35.5,12,6,10,414
35.5,12,6,11,416
35.5,12,6,12,417
35.5,12,6,13,419
35.5,12,6,14,421
35.5,12,6,15,423
35.5,12,7,0,397
35.5,12,7,1,399
35.5,12,7,2,401
35.5,12,7,3,403
35.5,12,7,4,405
35.5,12,7,5,407
35.5,12,7,6,409
35.5,12,7,7,410
35.5,12,7,8,412
35.5,12,7,9,414
35.5,12,7,10,416
35.5,12,7,11,418
35.5,12,7,12,420
35.5,12,7,13,422
35.5,12,7,14,423
35.5,12,7,15,425
35.5,12,8,0,399
35.5,12,8,1,401
35.5,12,8,2,403
35.5,12,8,3,405
35.5,12,8,4,407
35.5,12,8,5,409
35.5,12,8,6,411
35.5,12,8,7,413
35.5,12,8,8,415
35.5,12,8,9,417
35.5,12,8,10,418
35.5,12,8,11,420
35.5,12,8,12,422
35.5,12,8,13,424
35.5,12,8,14,426
35.5,12,8,15,428
35.5,12,9,0,401
35.5,12,9,1,403
35.5,12,9,2,405
35.5,12,9,3,407
35.5,12,9,4,409
35.5,12,9,5,411
35.5,12,9,6,413
35.5,12,9,7,415
35.5,12,9,8,417
35.5,12,9,9,419
35.5,12,9,10,421
35.5,12,9,11,423
35.5,12,9,12,424
35.5,12,9,13,426
35.5,12,9,14,428
35.5,12,9,15,430
35.5,12,10,0,404
35.5,12,10,1,406
35.5,12,10,2,408
35.5,12,10,3,410
35.5,12,10,4,411
35.5,12,10,5,413
35.5,12,10,6,415
35.5,12,10,7,417
35.5,12,10,8,419
35.5,12,10,9,421
35.5,12,10,10,423
35.5,12,10,11,425
35.5,12,10,12,427
35.5,12,10,13,429
35.5,12,10,14,430
35.5,12,10,15,432
35.5,12,11,0,406
35.5,12,11,1,408
35.5,12,11,2,410
35.5,12,11,3,412
35.5,12,11,4,414
35.5,12,11,5,416
35.5,12,11,6,418
35.5,12,11,7,420
35.5,12,11,8,421
35.5,12,11,9,423
35.5,12,11,10,425
35.5,12,11,11,427
35.5,12,11,12,429
35.5,12,11,13,431
35.5,12,11,14,433
35.5,12,11,15,435
35.5,12,12,0,408
35.5,12,12,1,410
35.5,12,12,2,412
35.5,12,12,3,414
35.5,12,12,4,416
35.5,12,12,5,418
35.5,12,12,6,420
35.5,12,12,7,422
35.5,12,12,8,424
35.5,12,12,9,426
35.5,12,12,10,428
35.5,12,12,11,429
35.5,12,12,12,431
35.5,12,12,13,433
35.5,12,12,14,435
35.5,12,12,15,437
35.5,12,13,0,410
35.5,12,13,1,412
35.5,12,13,2,414
35.5,12,13,3,416
35.5,12,13,4,418
35.5,12,13,5,420
35.5,12,13,6,422
35.5,12,13,7,424
35.5,12,13,8,426
35.5,12,13,9,428
35.5,12,13,10,430
35.5,12,13,11,432
35.5,12,13,12,434
35.5,12,13,13,435
35.5,12,13,14,437
35.5,12,13,15,439
35.5,12,14,0,412
35.5,12,14,1,414
35.5,12,14,2,416
35.5,12,14,3,418
35.5,12,14,4,420
35.5,12,14,5,422
35.5,12,14,6,424
35.5,12,14,7,426
35.5,12,14,8,428
35.5,12,14,9,430
35.5,12,14,10,432
35.5,12,14,11,434
35.5,12,14,12,436
35.5,12,14,13,438
35.5,12,14,14,440
35.5,12,14,15,442
35.5,12,15,0,414
35.5,12,15,1,416
35.5,12,15,2,418
35.5,12,15,3,420
35.5,12,15,4,422
35.5,12,15,5,424
35.5,12,15,6,426
35.5,12,15,7,428
35.5,12,15,8,430
35.5,12,15,9,432
35.5,12,15,10,434
35.5,12,15,11,436
35.5,12,15,12,438
35.5,12,15,13,440
35.5,12,15,14,442
35.5,12,15,15,444
35.5,13,0,0,387
35.5,13,0,1,389
35.5,13,0,2,390
35.5,13,0,3,392
35.5,13,0,4,394
35.5,13,0,5,396
35.5,13,0,6,398
35.5,13,0,7,400
35.5,13,0,8,402
35.5,13,0,9,403
35.5,13,0,10,405
35.5,13,0,11,407
35.5,13,0,12,409
35.5,13,0,13,411
35.5,13,0,14,412
35.5,13,0,15,414
35.5,13,1,0,389
35.5,13,1,1,391
35.5,13,1,2,393
35.5,13,1,3,395
35.5,13,1,4,397
35.5,13,1,5,398
35.5,13,1,6,400
35.5,13,1,7,402
35.5,13,1,8,404
35.5,13,1,9,406
35.5,13,1,10,408
35.5,13,1,11,409
35.5,13,1,12,411
35.5,13,1,13,413
35.5,13,1,14,415
35.5,13,1,15,417
35.5,13,2,0,391
35.5,13,2,1,393
35.5,13,2,2,395
35.5,13,2,3,397
35.5,13,2,4,399
35.5,13,2,5,401
35.5,13,2,6,403
35.5,13,2,7,405
35.5,13,2,8,406
35.5,13,2,9,408
35.5,13,2,10,410
35.5,13,2,11,412
35.5,13,2,12,414
35.5,13,2,13,416
35.5,13,2,14,417
35.5,13,2,15,419
35.5,13,3,0,394
35.5,13,3,1,396
35.5,13,3,2,397
35.5,13,3,3,399
35.5,13,3,4,401
35.5,13,3,5,403
35.5,13,3,6,405
35.5,13,3,7,407
35.5,13,3,8,409
35.5,13,3,9,411
35.5,13,3,10,412
35.5,13,3,11,414
35.5,13,3,12,416
35.5,13,3,13,418
35.5,13,3,14,420
35.5,13,3,15,422
35.5,13,4,0,396
35.5,13,4,1,398
35.5,13,4,2,400
35.5,13,4,3,402
35.5,13,4,4,404
35.5,13,4,5,405
35.5,13,4,6,407
35.5,13,4,7,409
35.5,13,4,8,411
35.5,13,4,9,413
35.5,13,4,10,415
35.5,13,4,11,417
35.5,13,4,12,419
35.5,13,4,13,420
35.5,13,4,14,422
35.5,13,4,15,424
35.5,13,5,0,398
35.5,13,5,1,400
35.5,13,5,2,402
35.5,13,5,3,404
35.5,13,5,4,406
35.5,13,5,5,408
35.5,13,5,6,410
35.5,13,5,7,412
35.5,13,5,8,414
35.5,13,5,9,415
35.5,13,5,10,417
35.5,13,5,11,419
35.5,13,5,12,421
35.5,13,5,13,423
35.5,13,5,14,425
35.5,13,5,15,426
35.5,13,6,0,400
35.5,13,6,1,402
35.5,13,6,2,404
35.5,13,6,3,406
35.5,13,6,4,408
35.5,13,6,5,410
35.5,13,6,6,412
35.5,13,6,7,414
35.5,13,6,8,416
35.5,13,6,9,418
35.5,13,6,10,420
35.5,13,6,11,421
35.5,13,6,12,423
35.5,13,6,13,425
35.5,13,6,14,427
35.5,13,6,15,429
35.5,13,7,0,403
35.5,13,7,1,405
35.5,13,7,2,407
35.5,13,7,3,409
35.5,13,7,4,411
35.5,13,7,5,412
35.5,13,7,6,414
35.5,13,7,7,416
35.5,13,7,8,418
35.5,13,7,9,420
35.5,13,7,10,422
35.5,13,7,11,424
35.5,13,7,12,426
35.5,13,7,13,428
35.5,13,7,14,429
35.5,13,7,15,431
35.5,13,8,0,405
35.5,13,8,1,407
35.5,13,8,2,409
35.5,13,8,3,411
35.5,13,8,4,413
35.5,13,8,5,415
35.5,13,8,6,417
35.5,13,8,7,419
35.5,13,8,8,421
35.5,13,8,9,422
35.5,13,8,10,424
35.5,13,8,11,426
35.5,13,8,12,428
35.5,13,8,13,430
35.5,13,8,14,432
35.5,13,8,15,434
35.5,13,9,0,407
35.5,13,9,1,409
35.5,13,9,2,411
35.5,13,9,3,413
35.5,13,9,4,415
35.5,13,9,5,417
35.5,13,9,6,419
35.5,13,9,7,421
35.5,13,9,8,423
35.5,13,9,9,425
35.5,13,9,10,427
35.5,13,9,11,429
35.5,13,9,12,430
35.5,13,9,13,432
35.5,13,9,14,434
35.5,13,9,15,436
35.5,13,10,0,409
35.5,13,10,1,411
35.5,13,10,2,413
35.5,13,10,3,415
35.5,13,10,4,417
35.5,13,10,5,419
35.5,13,10,6,421
35.5,13,10,7,423
35.5,13,10,8,425
35.5,13,10,9,427
35.5,13,10,10,429
35.5,13,10,11,431
35.5,13,10,12,433
35.5,13,10,13,435
35.5,13,10,14,437
35.5,13,10,15,438
35.5,13,11,0,412
35.5,13,11,1,414
35.5,13,11,2,416
35.5,13,11,3,418
35.5,13,11,4,420
35.5,13,11,5,422
35.5,13,11,6,423
35.5,13,11,7,425
35.5,13,11,8,427
35.5,13,11,9,429
35.5,13,11,10,431
35.5,13,11,11,433
35.5,13,11,12,435
35.5,13,11,13,437
35.5,13,11,14,439
35.5,13,11,15,441
35.5,13,12,0,414
35.5,13,12,1,416
35.5,13,12,2,418
35.5,13,12,3,420
35.5,13,12,4,422
35.5,13,12,5,424
35.5,13,12,6,426
35.5,13,12,7,428
35.5,13,12,8,430
35.5,13,12,9,432
35.5,13,12,10,434
35.5,13,12,11,435
35.5,13,12,12,437
35.5,13,12,13,439
35.5,13,12,14,441
35.5,13,12,15,443
35.5,13,13,0,416
35.5,13,13,1,418
35.5,13,13,2,420
35.5,13,13,3,422
35.5,13,13,4,424
35.5,13,13,5,426
35.5,13,13,6,428
35.5,13,13,7,430
35.5,13,13,8,432
35.5,13,13,9,434
35.5,13,13,10,436
35.5,13,13,11,438
35.5,13,13,12,440
35.5,13,13,13,442
35.5,13,13,14,444
35.5,13,13,15,445
35.5,13,14,0,418
35.5,13,14,1,420
35.5,13,14,2,422
35.5,13,14,3,424
35.5,13,14,4,426
35.5,13,14,5,428
35.5,13,14,6,430
35.5,13,14,7,432
35.5,13,14,8,434
35.5,13,14,9,436
35.5,13,14,10,438
35.5,13,14,11,440
35.5,13,14,12,442
35.5,13,14,13,444
35.5,13,14,14,446
35.5,13,14,15,448
35.5,13,15,0,420
35.5,13,15,1,422
35.5,13,15,2,424
35.5,13,15,3,426
35.5,13,15,4,428
35.5,13,15,5,430
35.5,13,15,6,432
35.5,13,15,7,434
35.5,13,15,8,436
35.5,13,15,9,438
35.5,13,15,10,440
35.5,13,15,11,442
35.5,13,15,12,444
35.5,13,15,13,446
35.5,13,15,14,448
35.5,13,15,15,450
35.5,14,0,0,392
35.5,14,0,1,394
35.5,14,0,2,396
35.5,14,0,3,398
35.5,14,0,4,400
35.5,14,0,5,402
35.5,14,0,6,403
35.5,14,0,7,405
35.5,14,0,8,407
35.5,14,0,9,409
35.5,14,0,10,411
35.5,14,0,11,413
35.5,14,0,12,415
35.5,14,0,13,416
35.5,14,0,14,418
35.5,14,0,15,420
35.5,14,1,0,394
35.5,14,1,1,396
35.5,14,1,2,398
35.5,14,1,3,400
35.5,14,1,4,402
35.5,14,1,5,404
35.5,14,1,6,406
35.5,14,1,7,408
35.5,14,1,8,410
35.5,14,1,9,411
35.5,14,1,10,413
35.5,14,1,11,415
35.5,14,1,12,417
35.5,14,1,13,419
35.5,14,1,14,421
35.5,14,1,15,422
35.5,14,2,0,397
35.5,14,2,1,399
35.5,14,2,2,401
35.5,14,2,3,403
35.5,14,2,4,404
35.5,14,2,5,406
35.5,14,2,6,408
35.5,14,2,7,410
35.5,14,2,8,412
35.5,14,2,9,414
35.5,14,2,10,416
35.5,14,2,11,418
35.5,14,2,12,419
35.5,14,2,13,421
35.5,14,2,14,423
35.5,14,2,15,425
35.5,14,3,0,399
35.5,14,3,1,401
35.5,14,3,2,403
35.5,14,3,3,405
35.5,14,3,4,407
35.5,14,3,5,409
35.5,14,3,6,411
35.5,14,3,7,413
35.5,14,3,8,414
35.5,14,3,9,416
35.5,14,3,10,418
35.5,14,3,11,420
35.5,14,3,12,422
35.5,14,3,13,424
35.5,14,3,14,426
35.5,14,3,15,427
35.5,14,4,0,401
35.5,14,4,1,403
35.5,14,4,2,405
35.5,14,4,3,407
35.5,14,4,4,409
35.5,14,4,5,411
35.5,14,4,6,413
35.5,14,4,7,415
35.5,14,4,8,417
35.5,14,4,9,419
35.5,14,4,10,421
35.5,14,4,11,423
35.5,14,4,12,424
35.5,14,4,13,426
35.5,14,4,14,428
35.5,14,4,15,430
35.5,14,5,0,404
35.5,14,5,1,406
35.5,14,5,2,408
35.5,14,5,3,410
35.5,14,5,4,412
35.5,14,5,5,413
35.5,14,5,6,415
35.5,14,5,7,417
35.5,14,5,8,419
35.5,14,5,9,421
35.5,14,5,10,423
35.5,14,5,11,425
35.5,14,5,12,427
35.5,14,5,13,429
35.5,14,5,14,431
35.5,14,5,15,432
35.5,14,6,0,406
35.5,14,6,1,408
35.5,14,6,2,410
35.5,14,6,3,412
35.5,14,6,4,414
35.5,14,6,5,416
35.5,14,6,6,418
35.5,14,6,7,420
35.5,14,6,8,422
35.5,14,6,9,424
35.5,14,6,10,425
35.5,14,6,11,427
35.5,14,6,12,429
35.5,14,6,13,431
35.5,14,6,14,433
35.5,14,6,15,435
35.5,14,7,0,408
35.5,14,7,1,410
35.5,14,7,2,412
35.5,14,7,3,414
35.5,14,7,4,416
35.5,14,7,5,418
35.5,14,7,6,420
35.5,14,7,7,422
35.5,14,7,8,424
35.5,14,7,9,426
35.5,14,7,10,428
35.5,14,7,11,430
35.5,14,7,12,432
35.5,14,7,13,434
35.5,14,7,14,435
35.5,14,7,15,437
35.5,14,8,0,411
35.5,14,8,1,413
35.5,14,8,2,415
35.5,14,8,3,417
35.5,14,8,4,419
35.5,14,8,5,420
35.5,14,8,6,422
35.5,14,8,7,424
35.5,14,8,8,426
35.5,14,8,9,428
35.5,14,8,10,430
35.5,14,8,11,432
35.5,14,8,12,434
35.5,14,8,13,436
35.5,14,8,14,438
35.5,14,8,15,440
35.5,14,9,0,413
35.5,14,9,1,415
35.5,14,9,2,417
35.5,14,9,3,419
35.5,14,9,4,421
35.5,14,9,5,423
35.5,14,9,6,425
35.5,14,9,7,427
35.5,14,9,8,429
35.5,14,9,9,431
35.5,14,9,10,433
35.5,14,9,11,435
35.5,14,9,12,436
35.5,14,9,13,438
35.5,14,9,14,440
35.5,14,9,15,442
35.5,14,10,0,415
35.5,14,10,1,417
35.5,14,10,2,419
35.5,14,10,3,421
35.5,14,10,4,423
35.5,14,10,5,425
35.5,14,10,6,427
35.5,14,10,7,429
35.5,14,10,8,431
35.5,14,10,9,433
35.5,14,10,10,435
35.5,14,10,11,437
35.5,14,10,12,439
35.5,14,10,13,441
35.5,14,10,14,443
35.5,14,10,15,445
35.5,14,11,0,417
35.5,14,11,1,419
35.5,14,11,2,421
35.5,14,11,3,423
35.5,14,11,4,425
35.5,14,11,5,427
35.5,14,11,6,429
35.5,14,11,7,431
35.5,14,11,8,433
35.5,14,11,9,435
35.5,14,11,10,437
35.5,14,11,11,439
35.5,14,11,12,441
35.5,14,11,13,443
35.5,14,11,14,445
35.5,14,11,15,447
35.5,14,12,0,419
35.5,14,12,1,422
35.5,14,12,2,424
35.5,14,12,3,426
35.5,14,12,4,428
35.5,14,12,5,430
35.5,14,12,6,432
35.5,14,12,7,434
35.5,14,12,8,436
35.5,14,12,9,438
35.5,14,12,10,440
35.5,14,12,11,442
35.5,14,12,12,443
35.5,14,12,13,445
35.5,14,12,14,447
35.5,14,12,15,449
35.5,14,13,0,422
35.5,14,13,1,424
35.5,14,13,2,426
35.5,14,13,3,428
35.5,14,13,4,430
35.5,14,13,5,432
35.5,14,13,6,434
35.5,14,13,7,436
35.5,14,13,8,438
35.5,14,13,9,440
35.5,14,13,10,442
35.5,14,13,11,444
35.5,14,13,12,446
35.5,14,13,13,448
35.5,14,13,14,450
35.5,14,13,15,452
35.5,14,14,0,424
35.5,14,14,1,426
35.5,14,14,2,428
35.5,14,14,3,430
35.5,14,14,4,432
35.5,14,14,5,434
35.5,14,14,6,436
35.5,14,14,7,438
35.5,14,14,8,440
35.5,14,14,9,442
35.5,14,14,10,444
35.5,14,14,11,446
35.5,14,14,12,448
35.5,14,14,13,450
35.5,14,14,14,452
35.5,14,14,15,454
35.5,14,15,0,426
35.5,14,15,1,428
35.5,14,15,2,430
35.5,14,15,3,432
35.5,14,15,4,434
35.5,14,15,5,436
35.5,14,15,6,438
35.5,14,15,7,440
35.5,14,15,8,442
35.5,14,15,9,444
35.5,14,15,10,446
35.5,14,15,11,448
35.5,14,15,12,450
35.5,14,15,13,452
35.5,14,15,14,454
35.5,14,15,15,456
35.5,15,0,0,397
35.5,15,0,1,399
35.5,15,0,2,401
35.5,15,0,3,403
35.5,15,0,4,405
35.5,15,0,5,407
35.5,15,0,6,409
35.5,15,0,7,411
35.5,15,0,8,413
35.5,15,0,9,415
35.5,15,0,10,416
35.5,15,0,11,418
35.5,15,0,12,420
35.5,15,0,13,422
35.5,15,0,14,424
35.5,15,0,15,426
35.5,15,1,0,400
35.5,15,1,1,402
35.5,15,1,2,404
35.5,15,1,3,406
35.5,15,1,4,408
35.5,15,1,5,410
35.5,15,1,6,411
35.5,15,1,7,413
35.5,15,1,8,415
35.5,15,1,9,417
35.5,15,1,10,419
35.5,15,1,11,421
35.5,15,1,12,423
35.5,15,1,13,425
35.5,15,1,14,426
35.5,15,1,15,428
35.5,15,2,0,402
35.5,15,2,1,404
35.5,15,2,2,406
35.5,15,2,3,408
35.5,15,2,4,410
35.5,15,2,5,412
35.5,15,2,6,414
35.5,15,2,7,416
35.5,15,2,8,418
35.5,15,2,9,420
35.5,15,2,10,421
35.5,15,2,11,423
35.5,15,2,12,425
35.5,15,2,13,427
35.5,15,2,14,429
35.5,15,2,15,431
35.5,15,3,0,405
35.5,15,3,1,407
35.5,15,3,2,409
35.5,15,3,3,410
35.5,15,3,4,412
35.5,15,3,5,414
35.5,15,3,6,416
35.5,15,3,7,418
35.5,15,3,8,420
35.5,15,3,9,422
35.5,15,3,10,424
35.5,15,3,11,426
35.5,15,3,12,428
35.5,15,3,13,430
35.5,15,3,14,431
35.5,15,3,15,433
35.5,15,4,0,407
35.5,15,4,1,409
35.5,15,4,2,411
35.5,15,4,3,413
35.5,15,4,4,415
35.5,15,4,5,417
35.5,15,4,6,419
35.5,15,4,7,421
35.5,15,4,8,423
35.5,15,4,9,425
35.5,15,4,10,426
35.5,15,4,11,428
35.5,15,4,12,430
35.5,15,4,13,432
35.5,15,4,14,434
35.5,15,4,15,436
35.5,15,5,0,409
35.5,15,5,1,411
35.5,15,5,2,413
35.5,15,5,3,415
35.5,15,5,4,417
35.5,15,5,5,419
35.5,15,5,6,421
35.5,15,5,7,423
35.5,15,5,8,425
35.5,15,5,9,427
35.5,15,5,10,429
35.5,15,5,11,431
35.5,15,5,12,433
35.5,15,5,13,435
35.5,15,5,14,436
35.5,15,5,15,438
35.5,15,6,0,412
35.5,15,6,1,414
35.5,15,6,2,416
35.5,15,6,3,418
35.5,15,6,4,420
35.5,15,6,5,422
35.5,15,6,6,424
35.5,15,6,7,425
35.5,15,6,8,427
35.5,15,6,9,429
35.5,15,6,10,431
35.5,15,6,11,433
35.5,15,6,12,435
35.5,15,6,13,437
35.5,15,6,14,439
35.5,15,6,15,441
35.5,15,7,0,414
35.5,15,7,1,416
35.5,15,7,2,418
35.5,15,7,3,420
35.5,15,7,4,422
35.5,15,7,5,424
35.5,15,7,6,426
35.5,15,7,7,428
35.5,15,7,8,430
35.5,15,7,9,432
35.5,15,7,10,434
35.5,15,7,11,436
35.5,15,7,12,438
35.5,15,7,13,439
35.5,15,7,14,441
35.5,15,7,15,443
35.5,15,8,0,416
35.5,15,8,1,418
35.5,15,8,2,420
35.5,15,8,3,422
35.5,15,8,4,424
35.5,15,8,5,426
35.5,15,8,6,428
35.5,15,8,7,430
35.5,15,8,8,432
35.5,15,8,9,434
35.5,15,8,10,436
35.5,15,8,11,438
35.5,15,8,12,440
35.5,15,8,13,442
35.5,15,8,14,444
35.5,15,8,15,446
35.5,15,9,0,418
35.5,15,9,1,421
35.5,15,9,2,423
35.5,15,9,3,425
35.5,15,9,4,427
35.5,15,9,5,429
35.5,15,9,6,431
35.5,15,9,7,433
35.5,15,9,8,435
35.5,15,9,9,437
35.5,15,9,10,439
35.5,15,9,11,440
35.5,15,9,12,442
35.5,15,9,13,444
35.5,15,9,14,446
35.5,15,9,15,448
35.5,15,10,0,421
35.5,15,10,1,423
35.5,15,10,2,425
35.5,15,10,3,427
35.5,15,10,4,429
35.5,15,10,5,431
35.5,15,10,6,433
35.5,15,10,7,435
35.5,15,10,8,437
35.5,15,10,9,439
35.5,15,10,10,441
35.5,15,10,11,443
35.5,15,10,12,445
35.5,15,10,13,447
35.5,15,10,14,449
35.5,15,10,15,451
35.5,15,11,0,423
35.5,15,11,1,425
35.5,15,11,2,427
35.5,15,11,3,429
35.5,15,11,4,431
35.5,15,11,5,433
35.5,15,11,6,435
35.5,15,11,7,437
35.5,15,11,8,439
35.5,15,11,9,441
35.5,15,11,10,443
35.5,15,11,11,445
35.5,15,11,12,447
35.5,15,11,13,449
35.5,15,11,14,451
35.5,15,11,15,453
35.5,15,12,0,425
35.5,15,12,1,427
35.5,15,12,2,429
35.5,15,12,3,431
35.5,15,12,4,433
35.5,15,12,5,436
35.5,15,12,6,438
35.5,15,12,7,440
35.5,15,12,8,442
35.5,15,12,9,444
35.5,15,12,10,446
35.5,15,12,11,448
35.5,15,12,12,450
35.5,15,12,13,452
35.5,15,12,14,454
35.5,15,12,15,455
35.5,15,13,0,427
35.5,15,13,1,430
35.5,15,13,2,432
35.5,15,13,3,434
35.5,15,13,4,436
35.5,15,13,5,438
35.5,15,13,6,440
35.5,15,13,7,442
35.5,15,13,8,444
35.5,15,13,9,446
35.5,15,13,10,448
35.5,15,13,11,450
35.5,15,13,12,452
35.5,15,13,13,454
35.5,15,13,14,456
35.5,15,13,15,458
35.5,15,14,0,430
35.5,15,14,1,432
35.5,15,14,2,434
35.5,15,14,3,436
35.5,15,14,4,438
35.5,15,14,5,440
35.5,15,14,6,442
35.5,15,14,7,444
35.5,15,14,8,446
35.5,15,14,9,448
35.5,15,14,10,450
35.5,15,14,11,452
35.5,15,14,12,454
35.5,15,14,13,456
35.5,15,14,14,458
35.5,15,14,15,460
35.5,15,15,0,432
35.5,15,15,1,434
35.5,15,15,2,436
35.5,15,15,3,438
35.5,15,15,4,440
35.5,15,15,5,442
35.5,15,15,6,444
35.5,15,15,7,446
35.5,15,15,8,449
35.5,15,15,9,451
35.5,15,15,10,453
35.5,15,15,11,455
35.5,15,15,12,457
35.5,15,15,13,459
35.5,15,15,14,461
35.5,15,15,15,463
36.0,0,0,0,319
36.0,0,0,1,321
36.0,0,0,2,322
36.0,0,0,3,324
36.0,0,0,4,325
36.0,0,0,5,327
36.0,0,0,6,328
36.0,0,0,7,330
36.0,0,0,8,331
36.0,0,0,9,333
36.0,0,0,10,334
36.0,0,0,11,336
36.0,0,0,12,337
36.0,0,0,13,339
36.0,0,0,14,340
36.0,0,0,15,342
36.0,0,1,0,321
36.0,0,1,1,323
36.0,0,1,2,324
36.0,0,1,3,326
36.0,0,1,4,327
36.0,0,1,5,329
36.0,0,1,6,330
36.0,0,1,7,332
36.0,0,1,8,333
36.0,0,1,9,335
36.0,0,1,10,337
36.0,0,1,11,338
36.0,0,1,12,340
36.0,0,1,13,341
36.0,0,1,14,342
36.0,0,1,15,344
36.0,0,2,0,323
36.0,0,2,1,325
36.0,0,2,2,326
36.0,0,2,3,328
36.0,0,2,4,329
36.0,0,2,5,331
36.0,0,2,6,332
36.0,0,2,7,334
36.0,0,2,8,335
36.0,0,2,9,337
36.0,0,2,10,339
36.0,0,2,11,340
36.0,0,2,12,342
36.0,0,2,13,343
36.0,0,2,14,345
36.0,0,2,15,346
36.0,0,3,0,325
36.0,0,3,1,327
36.0,0,3,2,328
36.0,0,3,3,330
36.0,0,3,4,331
36.0,0,3,5,333
36.0,0,3,6,334
36.0,0,3,7,336
36.0,0,3,8,337
36.0,0,3,9,339
36.0,0,3,10,340
36.0,0,3,11,342
36.0,0,3,12,344
36.0,0,3,13,345
36.0,0,3,14,347
36.0,0,3,15,348
36.0,0,4,0,327
36.0,0,4,1,328
36.0,0,4,2,330
36.0,0,4,3,332
36.0,0,4,4,333
36.0,0,4,5,335
36.0,0,4,6,336
36.0,0,4,7,338
36.0,0,4,8,339
36.0,0,4,9,341
36.0,0,4,10,342
36.0,0,4,11,344
36.0,0,4,12,346
36.0,0,4,13,347
36.0,0,4,14,349
36.0,0,4,15,350
36.0,0,5,0,329
36.0,0,5,1,330
36.0,0,5,2,332
36.0,0,5,3,333
36.0,0,5,4,335
36.0,0,5,5,337
36.0,0,5,6,338
36.0,0,5,7,340
36.0,0,5,8,341
36.0,0,5,9,343
36.0,0,5,10,344
36.0,0,5,11,346
36.0,0,5,12,348
36.0,0,5,13,349
36.0,0,5,14,351
36.0,0,5,15,352
36.0,0,6,0,331
36.0,0,6,1,332
36.0,0,6,2,334
36.0,0,6,3,335
36.0,0,6,4,337
36.0,0,6,5,339
36.0,0,6,6,340
36.0,0,6,7,342
36.0,0,6,8,343
36.0,0,6,9,345
36.0,0,6,10,346
36.0,0,6,11,348
36.0,0,6,12,349
36.0,0,6,13,351
36.0,0,6,14,353
36.0,0,6,15,354
36.0,0,7,0,332
36.0,0,7,1,334
36.0,0,7,2,336
36.0,0,7,3,337
36.0,0,7,4,339
36.0,0,7,5,340
36.0,0,7,6,342
36.0,0,7,7,344
36.0,0,7,8,345
36.0,0,7,9,347
36.0,0,7,10,348
36.0,0,7,11,350
36.0,0,7,12,351
36.0,0,7,13,353
36.0,0,7,14,355
36.0,0,7,15,356
36.0,0,8,0,334
36.0,0,8,1,336
36.0,0,8,2,338
36.0,0,8,3,339
36.0,0,8,4,341
36.0,0,8,5,342
36.0,0,8,6,344
36.0,0,8,7,346
36.0,0,8,8,347
36.0,0,8,9,349
36.0,0,8,10,350
36.0,0,8,11,352
36.0,0,8,12,353
36.0,0,8,13,355
36.0,0,8,14,356
36.0,0,8,15,358
36.0,0,9,0,336
36.0,0,9,1,338
36.0,0,9,2,339
36.0,0,9,3,341
36.0,0,9,4,343
36.0,0,9,5,344
36.0,0,9,6,346
36.0,0,9,7,347
36.0,0,9,8,349
36.0,0,9,9,351
36.0,0,9,10,352
36.0,0,9,11,354
36.0,0,9,12,355
36.0,0,9,13,357
36.0,0,9,14,358
36.0,0,9,15,360
36.0,0,10,0,338
36.0,0,10,1,340
36.0,0,10,2,341
36.0,0,10,3,343
36.0,0,10,4,344
36.0,0,10,5,346
36.0,0,10,6,348
36.0,0,10,7,349
36.0,0,10,8,351
36.0,0,10,9,353
36.0,0,10,10,354
36.0,0,10,11,356
36.0,0,10,12,357
36.0,0,10,13,359
36.0,0,10,14,360
36.0,0,10,15,362
36.0,0,11,0,340
36.0,0,11,1,341
36.0,0,11,2,343
36.0,0,11,3,345
36.0,0,11,4,346
36.0,0,11,5,348
36.0,0,11,6,350
36.0,0,11,7,351
36.0,0,11,8,353
36.0,0,11,9,354
36.0,0,11,10,356
36.0,0,11,11,358
36.0,0,11,12,359
36.0,0,11,13,361
36.0,0,11,14,362
36.0,0,11,15,364
36.0,0,12,0,342
36.0,0,12,1,343
36.0,0,12,2,345
36.0,0,12,3,347
36.0,0,12,4,348
36.0,0,12,5,350
36.0,0,12,6,351
36.0,0,12,7,353
36.0,0,12,8,355
36.0,0,12,9,356
36.0,0,12,10,358
36.0,0,12,11,359
36.0,0,12,12,361
36.0,0,12,13,363
36.0,0,12,14,364
36.0,0,12,15,366
36.0,0,13,0,343
36.0,0,13,1,345
36.0,0,13,2,347
36.0,0,13,3,348
36.0,0,13,4,350
36.0,0,13,5,352
36.0,0,13,6,353
36.0,0,13,7,355
36.0,0,13,8,357
36.0,0,13,9,358
36.0,0,13,10,360
36.0,0,13,11,361
36.0,0,13,12,363
36.0,0,13,13,365
36.0,0,13,14,366
36.0,0,13,15,368
36.0,0,14,0,345
36.0,0,14,1,347
36.0,0,14,2,348
36.0,0,14,3,350
36.0,0,14,4,352
36.0,0,14,5,353
36.0,0,14,6,355
36.0,0,14,7,357
36.0,0,14,8,358
36.0,0,14,9,360
36.0,0,14,10,362
36.0,0,14,11,363
36.0,0,14,12,365
36.0,0,14,13,366
36.0,0,14,14,368
36.0,0,14,15,370
36.0,0,15,0,347
36.0,0,15,1,349
36.0,0,15,2,350
36.0,0,15,3,352
36.0,0,15,4,354
36.0,0,15,5,355
36.0,0,15,6,357
36.0,0,15,7,359
36.0,0,15,8,360
36.0,0,15,9,362
36.0,0,15,10,364
36.0,0,15,11,365
36.0,0,15,12,367
36.0,0,15,13,368
36.0,0,15,14,370
36.0,0,15,15,372
36.0,1,0,0,325
36.0,1,0,1,326
36.0,1,0,2,328
36.0,1,0,3,329
36.0,1,0,4,331
36.0,1,0,5,332
36.0,1,0,6,334
36.0,1,0,7,336
36.0,1,0,8,337
36.0,1,0,9,339
36.0,1,0,10,340
36.0,1,0,11,342
36.0,1,0,12,343
36.0,1,0,13,345
36.0,1,0,14,346
36.0,1,0,15,348
36.0,1,1,0,327
36.0,1,1,1,328
36.0,1,1,2,330
36.0,1,1,3,331
36.0,1,1,4,333
36.0,1,1,5,334
36.0,1,1,6,336
36.0,1,1,7,338
36.0,1,1,8,339
36.0,1,1,9,341
36.0,1,1,10,342
36.0,1,1,11,344
36.0,1,1,12,345
36.0,1,1,13,347
36.0,1,1,14,348
36.0,1,1,15,350
36.0,1,2,0,329
36.0,1,2,1,330
36.0,1,2,2,332
36.0,1,2,3,333
36.0,1,2,4,335
36.0,1,2,5,336
36.0,1,2,6,338
36.0,1,2,7,340
36.0,1,2,8,341
36.0,1,2,9,343
36.0,1,2,10,344
36.0,1,2,11,346
36.0,1,2,12,347
36.0,1,2,13,349
36.0,1,2,14,350
36.0,1,2,15,352
36.0,1,3,0,330
36.0,1,3,1,332
36.0,1,3,2,334
36.0,1,3,3,335
36.0,1,3,4,337
36.0,1,3,5,338
36.0,1,3,6,340
36.0,1,3,7,342
36.0,1,3,8,343
36.0,1,3,9,345
36.0,1,3,10,346
36.0,1,3,11,348
36.0,1,3,12,349
36.0,1,3,13,351
36.0,1,3,14,352
36.0,1,3,15,354
36.0,1,4,0,332
36.0,1,4,1,334
36.0,1,4,2,336
36.0,1,4,3,337
36.0,1,4,4,339
36.0,1,4,5,340
36.0,1,4,6,342
36.0,1,4,7,344
36.0,1,4,8,345
36.0,1,4,9,347
36.0,1,4,10,348
36.0,1,4,11,350
36.0,1,4,12,351
36.0,1,4,13,353
36.0,1,4,14,354
36.0,1,4,15,356
36.0,1,5,0,334
36.0,1,5,1,336
36.0,1,5,2,338
36.0,1,5,3,339
36.0,1,5,4,341
36.0,1,5,5,342
36.0,1,5,6,344
36.0,1,5,7,346
36.0,1,5,8,347
36.0,1,5,9,349
36.0,1,5,10,350
36.0,1,5,11,352
36.0,1,5,12,353
36.0,1,5,13,355
36.0,1,5,14,356
36.0,1,5,15,358
36.0,1,6,0,336
36.0,1,6,1,338
36.0,1,6,2,339
36.0,1,6,3,341
36.0,1,6,4,343
36.0,1,6,5,344
36.0,1,6,6,346
36.0,1,6,7,348
36.0,1,6,8,349
36.0,1,6,9,351
36.0,1,6,10,352
36.0,1,6,11,354
36.0,1,6,12,355
36.0,1,6,13,357
36.0,1,6,14,359
36.0,1,6,15,360
36.0,1,7,0,338
36.0,1,7,1,340
36.0,1,7,2,341
36.0,1,7,3,343
36.0,1,7,4,345
36.0,1,7,5,346
36.0,1,7,6,348
36.0,1,7,7,349
36.0,1,7,8,351
36.0,1,7,9,353
36.0,1,7,10,354
36.0,1,7,11,356
36.0,1,7,12,357
36.0,1,7,13,359
36.0,1,7,14,361
36.0,1,7,15,362
36.0,1,8,0,340
36.0,1,8,1,342
36.0,1,8,2,343
36.0,1,8,3,345
36.0,1,8,4,347
36.0,1,8,5,348
36.0,1,8,6,350
36.0,1,8,7,351
36.0,1,8,8,353
36.0,1,8,9,355
36.0,1,8,10,356
36.0,1,8,11,358
36.0,1,8,12,359
36.0,1,8,13,361
36.0,1,8,14,363
36.0,1,8,15,364
36.0,1,9,0,342
36.0,1,9,1,343
36.0,1,9,2,345
36.0,1,9,3,347
36.0,1,9,4,348
36.0,1,9,5,350
36.0,1,9,6,352
36.0,1,9,7,353
36.0,1,9,8,355
36.0,1,9,9,357
36.0,1,9,10,358
36.0,1,9,11,360
36.0,1,9,12,361
36.0,1,9,13,363
36.0,1,9,14,365
36.0,1,9,15,366
36.0,1,10,0,344
36.0,1,10,1,345
36.0,1,10,2,347
36.0,1,10,3,349
36.0,1,10,4,350
36.0,1,10,5,352
36.0,1,10,6,354
36.0,1,10,7,355
36.0,1,10,8,357
36.0,1,10,9,359
36.0,1,10,10,360
36.0,1,10,11,362
36.0,1,10,12,363
36.0,1,10,13,365
36.0,1,10,14,366
36.0,1,10,15,368
36.0,1,11,0,345
36.0,1,11,1,347
36.0,1,11,2,349
36.0,1,11,3,351
36.0,1,11,4,352
36.0,1,11,5,354
36.0,1,11,6,356
36.0,1,11,7,357
36.0,1,11,8,359
36.0,1,11,9,360
36.0,1,11,10,362
36.0,1,11,11,364
36.0,1,11,12,365
36.0,1,11,13,367
36.0,1,11,14,368
36.0,1,11,15,370
36.0,1,12,0,347
36.0,1,12,1,349
36.0,1,12,2,351
36.0,1,12,3,352
36.0,1,12,4,354
36.0,1,12,5,356
36.0,1,12,6,357
36.0,1,12,7,359
36.0,1,12,8,361
36.0,1,12,9,362
36.0,1,12,10,364
36.0,1,12,11,366
36.0,1,12,12,367
36.0,1,12,13,369
36.0,1,12,14,370
36.0,1,12,15,372
36.0,1,13,0,349
36.0,1,13,1,351
36.0,1,13,2,353
36.0,1,13,3,354
36.0,1,13,4,356
36.0,1,13,5,358
36.0,1,13,6,359
36.0,1,13,7,361
36.0,1,13,8,363
36.0,1,13,9,364
36.0,1,13,10,366
36.0,1,13,11,368
36.0,1,13,12,369
36.0,1,13,13,371
36.0,1,13,14,372
36.0,1,13,15,374
36.0,1,14,0,351
36.0,1,14,1,353
36.0,1,14,2,354
36.0,1,14,3,356
36.0,1,14,4,358
36.0,1,14,5,359
36.0,1,14,6,361
36.0,1,14,7,363
36.0,1,14,8,364
36.0,1,14,9,366
36.0,1,14,10,368
36.0,1,14,11,369
36.0,1,14,12,371
36.0,1,14,13,373
36.0,1,14,14,374
36.0,1,14,15,376
36.0,1,15,0,353
36.0,1,15,1,354
36.0,1,15,2,356
36.0,1,15,3,358
36.0,1,15,4,360
36.0,1,15,5,361
36.0,1,15,6,363
36.0,1,15,7,365
36.0,1,15,8,366
36.0,1,15,9,368
36.0,1,15,10,370
36.0,1,15,11,371
36.0,1,15,12,373
36.0,1,15,13,375
36.0,1,15,14,376
36.0,1,15,15,378
36.0,2,0,0,330
36.0,2,0,1,332
36.0,2,0,2,333
36.0,2,0,3,335
36.0,2,0,4,336
36.0,2,0,5,338
36.0,2,0,6,340
36.0,2,0,7,341
36.0,2,0,8,343
36.0,2,0,9,344
36.0,2,0,10,346
36.0,2,0,11,347
36.0,2,0,12,349
36.0,2,0,13,350
36.0,2,0,14,352
36.0,2,0,15,353
36.0,2,1,0,332
36.0,2,1,1,334
36.0,2,1,2,335
36.0,2,1,3,337
36.0,2,1,4,338
36.0,2,1,5,340
36.0,2,1,6,342
36.0,2,1,7,343
36.0,2,1,8,345
36.0,2,1,9,346
36.0,2,1,10,348
36.0,2,1,11,349
36.0,2,1,12,351
36.0,2,1,13,353
36.0,2,1,14,354
36.0,2,1,15,356
36.0,2,2,0,334
36.0,2,2,1,336
36.0,2,2,2,337
36.0,2,2,3,339
36.0,2,2,4,340
36.0,2,2,5,342
36.0,2,2,6,344
36.0,2,2,7,345
36.0,2,2,8,347
36.0,2,2,9,348
36.0,2,2,10,350
36.0,2,2,11,352
36.0,2,2,12,353
36.0,2,2,13,355
36.0,2,2,14,356
36.0,2,2,15,358
36.0,2,3,0,336
36.0,2,3,1,338
36.0,2,3,2,339
36.0,2,3,3,341
36.0,2,3,4,342
36.0,2,3,5,344
36.0,2,3,6,346
36.0,2,3,7,347
36.0,2,3,8,349
36.0,2,3,9,350
36.0,2,3,10,352
36.0,2,3,11,354
36.0,2,3,12,355
36.0,2,3,13,357
36.0,2,3,14,358
36.0,2,3,15,360
36.0,2,4,0,338
36.0,2,4,1,340
36.0,2,4,2,341
36.0,2,4,3,343
36.0,2,4,4,344
36.0,2,4,5,346
36.0,2,4,6,348
36.0,2,4,7,349
36.0,2,4,8,351
36.0,2,4,9,353
36.0,2,4,10,354
36.0,2,4,11,356
36.0,2,4,12,357
36.0,2,4,13,359
36.0,2,4,14,360
36.0,2,4,15,362
36.0,2,5,0,340
36.0,2,5,1,342
36.0,2,5,2,343
36.0,2,5,3,345
36.0,2,5,4,346
36.0,2,5,5,348
36.0,2,5,6,350
36.0,2,5,7,351
36.0,2,5,8,353
36.0,2,5,9,355
36.0,2,5,10,356
36.0,2,5,11,358
36.0,2,5,12,359
36.0,2,5,13,361
36.0,2,5,14,362
36.0,2,5,15,364
36.0,2,6,0,342
36.0,2,6,1,343
36.0,2,6,2,345
36.0,2,6,3,347
36.0,2,6,4,348
36.0,2,6,5,350
36.0,2,6,6,352
36.0,2,6,7,353
36.0,2,6,8,355
36.0,2,6,9,357
36.0,2,6,10,358
36.0,2,6,11,360
36.0,2,6,12,361
36.0,2,6,13,363
36.0,2,6,14,365
36.0,2,6,15,366
36.0,2,7,0,344
36.0,2,7,1,345
36.0,2,7,2,347
36.0,2,7,3,349
36.0,2,7,4,350
36.0,2,7,5,352
36.0,2,7,6,354
36.0,2,7,7,355
36.0,2,7,8,357
36.0,2,7,9,359
36.0,2,7,10,360
36.0,2,7,11,362
36.0,2,7,12,363
36.0,2,7,13,365
36.0,2,7,14,367
36.0,2,7,15,368
36.0,2,8,0,346
36.0,2,8,1,347
36.0,2,8,2,349
36.0,2,8,3,351
36.0,2,8,4,352
36.0,2,8,5,354
36.0,2,8,6,356
36.0,2,8,7,357
36.0,2,8,8,359
36.0,2,8,9,361
36.0,2,8,10,362
36.0,2,8,11,364
36.0,2,8,12,365
36.0,2,8,13,367
36.0,2,8,14,369
36.0,2,8,15,370
36.0,2,9,0,347
36.0,2,9,1,349
36.0,2,9,2,351
36.0,2,9,3,353
36.0,2,9,4,354
36.0,2,9,5,356
36.0,2,9,6,358
36.0,2,9,7,359
36.0,2,9,8,361
36.0,2,9,9,363
36.0,2,9,10,364
36.0,2,9,11,366
36.0,2,9,12,367
36.0,2,9,13,369
36.0,2,9,14,371
36.0,2,9,15,372
36.0,2,10,0,349
36.0,2,10,1,351
36.0,2,10,2,353
36.0,2,10,3,354
36.0,2,10,4,356
36.0,2,10,5,358
36.0,2,10,6,360
36.0,2,10,7,361
36.0,2,10,8,363
36.0,2,10,9,364
36.0,2,10,10,366
36.0,2,10,11,368
36.0,2,10,12,369
36.0,2,10,13,371
36.0,2,10,14,373
36.0,2,10,15,374
36.0,2,11,0,351
36.0,2,11,1,353
36.0,2,11,2,355
36.0,2,11,3,356
36.0,2,11,4,358
36.0,2,11,5,360
36.0,2,11,6,361
36.0,2,11,7,363
36.0,2,11,8,365
36.0,2,11,9,366
36.0,2,11,10,368
36.0,2,11,11,370
36.0,2,11,12,371
36.0,2,11,13,373
36.0,2,11,14,375
36.0,2,11,15,376
36.0,2,12,0,353
36.0,2,12,1,355
36.0,2,12,2,357
36.0,2,12,3,358
36.0,2,12,4,360
36.0,2,12,5,362
36.0,2,12,6,363
36.0,2,12,7,365
36.0,2,12,8,367
36.0,2,12,9,368
36.0,2,12,10,370
36.0,2,12,11,372
36.0,2,12,12,373
36.0,2,12,13,375
36.0,2,12,14,377
36.0,2,12,15,378
36.0,2,13,0,355
36.0,2,13,1,357
36.0,2,13,2,358
36.0,2,13,3,360
36.0,2,13,4,362
36.0,2,13,5,364
36.0,2,13,6,365
36.0,2,13,7,367
36.0,2,13,8,369
36.0,2,13,9,370
36.0,2,13,10,372
36.0,2,13,11,374
36.0,2,13,12,375
36.0,2,13,13,377
36.0,2,13,14,379
36.0,2,13,15,380
36.0,2,14,0,357
36.0,2,14,1,359
36.0,2,14,2,360
36.0,2,14,3,362
36.0,2,14,4,364
36.0,2,14,5,365
36.0,2,14,6,367
36.0,2,14,7,369
36.0,2,14,8,371
36.0,2,14,9,372
36.0,2,14,10,374
36.0,2,14,11,376
36.0,2,14,12,377
36.0,2,14,13,379
36.0,2,14,14,381
36.0,2,14,15,382
36.0,2,15,0,359
36.0,2,15,1,360
36.0,2,15,2,362
36.0,2,15,3,364
36.0,2,15,4,366
36.0,2,15,5,367
36.0,2,15,6,369
36.0,2,15,7,371
36.0,2,15,8,372
36.0,2,15,9,374
36.0,2,15,10,376
36.0,2,15,11,378
36.0,2,15,12,379
36.0,2,15,13,381
36.0,2,15,14,383
36.0,2,15,15,384
36.0,3,0,0,335
36.0,3,0,1,337
36.0,3,0,2,339
36.0,3,0,3,340
36.0,3,0,4,342
36.0,3,0,5,344
36.0,3,0,6,345
36.0,3,0,7,347
36.0,3,0,8,348
36.0,3,0,9,350
36.0,3,0,10,352
36.0,3,0,11,353
36.0,3,0,12,355
36.0,3,0,13,356
36.0,3,0,14,358
36.0,3,0,15,359
36.0,3,1,0,337
36.0,3,1,1,339
36.0,3,1,2,341
36.0,3,1,3,342
36.0,3,1,4,344
36.0,3,1,5,346
36.0,3,1,6,347
36.0,3,1,7,349
36.0,3,1,8,350
36.0,3,1,9,352
36.0,3,1,10,354
36.0,3,1,11,355
36.0,3,1,12,357
36.0,3,1,13,358
36.0,3,1,14,360
36.0,3,1,15,361
36.0,3,2,0,339
36.0,3,2,1,341
36.0,3,2,2,343
36.0,3,2,3,344
36.0,3,2,4,346
36.0,3,2,5,348
36.0,3,2,6,349
36.0,3,2,7,351
36.0,3,2,8,353
36.0,3,2,9,354
36.0,3,2,10,356
36.0,3,2,11,357
36.0,3,2,12,359
36.0,3,2,13,360
36.0,3,2,14,362
36.0,3,2,15,364
36.0,3,3,0,341
36.0,3,3,1,343
36.0,3,3,2,345
36.0,3,3,3,346
36.0,3,3,4,348
36.0,3,3,5,350
36.0,3,3,6,351
36.0,3,3,7,353
36.0,3,3,8,355
36.0,3,3,9,356
36.0,3,3,10,358
36.0,3,3,11,359
36.0,3,3,12,361
36.0,3,3,13,363
36.0,3,3,14,364
36.0,3,3,15,366
36.0,3,4,0,343
36.0,3,4,1,345
36.0,3,4,2,347
36.0,3,4,3,348
36.0,3,4,4,350
36.0,3,4,5,352
36.0,3,4,6,353
36.0,3,4,7,355
36.0,3,4,8,357
36.0,3,4,9,358
36.0,3,4,10,360
36.0,3,4,11,362
36.0,3,4,12,363
36.0,3,4,13,365
36.0,3,4,14,366
36.0,3,4,15,368
36.0,3,5,0,345
36.0,3,5,1,347
36.0,3,5,2,349
36.0,3,5,3,350
36.0,3,5,4,352
36.0,3,5,5,354
36.0,3,5,6,355
36.0,3,5,7,357
36.0,3,5,8,359
36.0,3,5,9,360
36.0,3,5,10,362
36.0,3,5,11,364
36.0,3,5,12,365
36.0,3,5,13,367
36.0,3,5,14,368
36.0,3,5,15,370
36.0,3,6,0,347
36.0,3,6,1,349
36.0,3,6,2,351
36.0,3,6,3,352
36.0,3,6,4,354
36.0,3,6,5,356
36.0,3,6,6,357
36.0,3,6,7,359
36.0,3,6,8,361
36.0,3,6,9,362
36.0,3,6,10,364
36.0,3,6,11,366
36.0,3,6,12,367
36.0,3,6,13,369
36.0,3,6,14,370
36.0,3,6,15,372
36.0,3,7,0,349
36.0,3,7,1,351
36.0,3,7,2,353
36.0,3,7,3,354
36.0,3,7,4,356
36.0,3,7,5,358
36.0,3,7,6,359
36.0,3,7,7,361
36.0,3,7,8,363
36.0,3,7,9,364
36.0,3,7,10,366
36.0,3,7,11,368
36.0,3,7,12,369
36.0,3,7,13,371
36.0,3,7,14,373
36.0,3,7,15,374
36.0,3,8,0,351
36.0,3,8,1,353
36.0,3,8,2,355
36.0,3,8,3,356
36.0,3,8,4,358
36.0,3,8,5,360
36.0,3,8,6,361
36.0,3,8,7,363
36.0,3,8,8,365
36.0,3,8,9,366
36.0,3,8,10,368
36.0,3,8,11,370
36.0,3,8,12,371
36.0,3,8,13,373
36.0,3,8,14,375
36.0,3,8,15,376
36.0,3,9,0,353
36.0,3,9,1,355
36.0,3,9,2,357
36.0,3,9,3,358
36.0,3,9,4,360
36.0,3,9,5,362
36.0,3,9,6,363
36.0,3,9,7,365
36.0,3,9,8,367
36.0,3,9,9,368
36.0,3,9,10,370
36.0,3,9,11,372
36.0,3,9,12,373
36.0,3,9,13,375
36.0,3,9,14,377
36.0,3,9,15,378
36.0,3,10,0,355
36.0,3,10,1,357
36.0,3,10,2,359
36.0,3,10,3,360
36.0,3,10,4,362
36.0,3,10,5,364
36.0,3,10,6,365
36.0,3,10,7,367
36.0,3,10,8,369
36.0,3,10,9,370
36.0,3,10,10,372
36.0,3,10,11,374
36.0,3,10,12,375
36.0,3,10,13,377
36.0,3,10,14,379
36.0,3,10,15,380
36.0,3,11,0,357
36.0,3,11,1,359
36.0,3,11,2,361
36.0,3,11,3,362
36.0,3,11,4,364
36.0,3,11,5,366
36.0,3,11,6,367
36.0,3,11,7,369
36.0,3,11,8,371
36.0,3,11,9,372
36.0,3,11,10,374
36.0,3,11,11,376
36.0,3,11,12,377
36.0,3,11,13,379
36.0,3,11,14,381
36.0,3,11,15,382
36.0,3,12,0,359
36.0,3,12,1,361
36.0,3,12,2,362
36.0,3,12,3,364
36.0,3,12,4,366
36.0,3,12,5,368
36.0,3,12,6,369
36.0,3,12,7,371
36.0,3,12,8,373
36.0,3,12,9,374
36.0,3,12,10,376
36.0,3,12,11,378
36.0,3,12,12,379
36.0,3,12,13,381
36.0,3,12,14,383
36.0,3,12,15,384
36.0,3,13,0,361
36.0,3,13,1,363
36.0,3,13,2,364
36.0,3,13,3,366
36.0,3,13,4,368
36.0,3,13,5,370
36.0,3,13,6,371
36.0,3,13,7,373
36.0,3,13,8,375
36.0,3,13,9,376
36.0,3,13,10,378
36.0,3,13,11,380
36.0,3,13,12,381
36.0,3,13,13,383
36.0,3,13,14,385
36.0,3,13,15,386
36.0,3,14,0,363
36.0,3,14,1,364
36.0,3,14,2,366
36.0,3,14,3,368
36.0,3,14,4,370
36.0,3,14,5,371
36.0,3,14,6,373
36.0,3,14,7,375
36.0,3,14,8,377
36.0,3,14,9,378
36.0,3,14,10,380
36.0,3,14,11,382
36.0,3,14,12,383
36.0,3,14,13,385
36.0,3,14,14,387
36.0,3,14,15,388
36.0,3,15,0,365
36.0,3,15,1,366
36.0,3,15,2,368
36.0,3,15,3,370
36.0,3,15,4,372
36.0,3,15,5,373
36.0,3,15,6,375
36.0,3,15,7,377
36.0,3,15,8,379
36.0,3,15,9,380
36.0,3,15,10,382
36.0,3,15,11,384
36.0,3,15,12,385
36.0,3,15,13,387
36.0,3,15,14,389
36.0,3,15,15,390
36.0,4,0,0,341
36.0,4,0,1,343
36.0,4,0,2,344
36.0,4,0,3,346
36.0,4,0,4,347
36.0,4,0,5,349
36.0,4,0,6,351
36.0,4,0,7,352
36.0,4,0,8,354
36.0,4,0,9,356
36.0,4,0,10,357
36.0,4,0,11,359
36.0,4,0,12,360
36.0,4,0,13,362
36.0,4,0,14,364
36.0,4,0,15,365
36.0,4,1,0,343
36.0,4,1,1,345
36.0,4,1,2,346
36.0,4,1,3,348
36.0,4,1,4,350
36.0,4,1,5,351
36.0,4,1,6,353
36.0,4,1,7,355
36.0,4,1,8,356
36.0,4,1,9,358
36.0,4,1,10,359
36.0,4,1,11,361
36.0,4,1,12,363
36.0,4,1,13,364
36.0,4,1,14,366
36.0,4,1,15,367
36.0,4,2,0,345
36.0,4,2,1,347
36.0,4,2,2,348
36.0,4,2,3,350
36.0,4,2,4,352
36.0,4,2,5,353
36.0,4,2,6,355
36.0,4,2,7,357
36.0,4,2,8,358
36.0,4,2,9,360
36.0,4,2,10,361
36.0,4,2,11,363
36.0,4,2,12,365
36.0,4,2,13,366
36.0,4,2,14,368
36.0,4,2,15,369
36.0,4,3,0,347
36.0,4,3,1,349
36.0,4,3,2,350
36.0,4,3,3,352
36.0,4,3,4,354
36.0,4,3,5,355
36.0,4,3,6,357
36.0,4,3,7,359
36.0,4,3,8,360
36.0,4,3,9,362
36.0,4,3,10,364
36.0,4,3,11,365
36.0,4,3,12,367
36.0,4,3,13,368
36.0,4,3,14,370
36.0,4,3,15,372
36.0,4,4,0,349
36.0,4,4,1,351
36.0,4,4,2,352
36.0,4,4,3,354
36.0,4,4,4,356
36.0,4,4,5,357
36.0,4,4,6,359
36.0,4,4,7,361
36.0,4,4,8,362
36.0,4,4,9,364
36.0,4,4,10,366
36.0,4,4,11,367
36.0,4,4,12,369
36.0,4,4,13,371
36.0,4,4,14,372
36.0,4,4,15,374
36.0,4,5,0,351
36.0,4,5,1,353
36.0,4,5,2,354
36.0,4,5,3,356
36.0,4,5,4,358
36.0,4,5,5,360
36.0,4,5,6,361
36.0,4,5,7,363
36.0,4,5,8,365
36.0,4,5,9,366
36.0,4,5,10,368
36.0,4,5,11,369
36.0,4,5,12,371
36.0,4,5,13,373
36.0,4,5,14,374
36.0,4,5,15,376
36.0,4,6,0,353
36.0,4,6,1,355
36.0,4,6,2,356
36.0,4,6,3,358
36.0,4,6,4,360
36.0,4,6,5,362
36.0,4,6,6,363
36.0,4,6,7,365
36.0,4,6,8,367
36.0,4,6,9,368
36.0,4,6,10,370
36.0,4,6,11,372
36.0,4,6,12,373
36.0,4,6,13,375
36.0,4,6,14,376
36.0,4,6,15,378
36.0,4,7,0,355
36.0,4,7,1,357
36.0,4,7,2,358
36.0,4,7,3,360
36.0,4,7,4,362
36.0,4,7,5,364
36.0,4,7,6,365
36.0,4,7,7,367
36.0,4,7,8,369
36.0,4,7,9,370
36.0,4,7,10,372
36.0,4,7,11,374
36.0,4,7,12,375
36.0,4,7,13,377
36.0,4,7,14,379
36.0,4,7,15,380
36.0,4,8,0,357
36.0,4,8,1,359
36.0,4,8,2,360
36.0,4,8,3,362
36.0,4,8,4,364
36.0,4,8,5,366
36.0,4,8,6,367
36.0,4,8,7,369
36.0,4,8,8,371
36.0,4,8,9,372
36.0,4,8,10,374
36.0,4,8,11,376
36.0,4,8,12,377
36.0,4,8,13,379
36.0,4,8,14,381
36.0,4,8,15,382
36.0,4,9,0,359
36.0,4,9,1,361
36.0,4,9,2,362
36.0,4,9,3,364
36.0,4,9,4,366
36.0,4,9,5,368
36.0,4,9,6,369
36.0,4,9,7,371
36.0,4,9,8,373
36.0,4,9,9,374
36.0,4,9,10,376
36.0,4,9,11,378
36.0,4,9,12,379
36.0,4,9,13,381
36.0,4,9,14,383
36.0,4,9,15,384
36.0,4,10,0,361
36.0,4,10,1,363
36.0,4,10,2,364
36.0,4,10,3,366
36.0,4,10,4,368
36.0,4,10,5,370
36.0,4,10,6,371
36.0,4,10,7,373
36.0,4,10,8,375
36.0,4,10,9,376
36.0,4,10,10,378
36.0,4,10,11,380
36.0,4,10,12,382
36.0,4,10,13,383
36.0,4,10,14,385
36.0,4,10,15,387
36.0,4,11,0,363
36.0,4,11,1,365
36.0,4,11,2,366
36.0,4,11,3,368
36.0,4,11,4,370
36.0,4,11,5,372
36.0,4,11,6,373
36.0,4,11,7,375
36.0,4,11,8,377
36.0,4,11,9,378
36.0,4,11,10,380
36.0,4,11,11,382
36.0,4,11,12,384
36.0,4,11,13,385
36.0,4,11,14,387
36.0,4,11,15,389
36.0,4,12,0,365
36.0,4,12,1,366
36.0,4,12,2,368
36.0,4,12,3,370
36.0,4,12,4,372
36.0,4,12,5,374
36.0,4,12,6,375
36.0,4,12,7,377
36.0,4,12,8,379
36.0,4,12,9,380
36.0,4,12,10,382
36.0,4,12,11,384
36.0,4,12,12,386
36.0,4,12,13,387
36.0,4,12,14,389
36.0,4,12,15,391
36.0,4,13,0,367
36.0,4,13,1,368
36.0,4,13,2,370
36.0,4,13,3,372
36.0,4,13,4,374
36.0,4,13,5,376
36.0,4,13,6,377
36.0,4,13,7,379
36.0,4,13,8,381
36.0,4,13,9,382
36.0,4,13,10,384
36.0,4,13,11,386
36.0,4,13,12,388
36.0,4,13,13,389
36.0,4,13,14,391
36.0,4,13,15,393
36.0,4,14,0,369
36.0,4,14,1,370
36.0,4,14,2,372
36.0,4,14,3,374
36.0,4,14,4,376
36.0,4,14,5,377
36.0,4,14,6,379
36.0,4,14,7,381
36.0,4,14,8,383
36.0,4,14,9,384
36.0,4,14,10,386
36.0,4,14,11,388
36.0,4,14,12,390
36.0,4,14,13,391
36.0,4,14,14,393
36.0,4,14,15,395
36.0,4,15,0,370
36.0,4,15,1,372
36.0,4,15,2,374
36.0,4,15,3,376
36.0,4,15,4,378
36.0,4,15,5,379
36.0,4,15,6,381
36.0,4,15,7,383
36.0,4,15,8,385
36.0,4,15,9,386
36.0,4,15,10,388
36.0,4,15,11,390
36.0,4,15,12,392
36.0,4,15,13,393
36.0,4,15,14,395
36.0,4,15,15,397
36.0,5,0,0,346
36.0,5,0,1,348
36.0,5,0,2,350
36.0,5,0,3,351
36.0,5,0,4,353
36.0,5,0,5,355
36.0,5,0,6,356
36.0,5,0,7,358
36.0,5,0,8,360
36.0,5,0,9,361
36.0,5,0,10,363
36.0,5,0,11,365
36.0,5,0,12,366
36.0,5,0,13,368
36.0,5,0,14,369
36.0,5,0,15,371
36.0,5,1,0,348
36.0,5,1,1,350
36.0,5,1,2,352
36.0,5,1,3,353
36.0,5,1,4,355
36.0,5,1,5,357
36.0,5,1,6,358
36.0,5,1,7,360
36.0,5,1,8,362
36.0,5,1,9,363
36.0,5,1,10,365
36.0,5,1,11,367
36.0,5,1,12,368
36.0,5,1,13,370
36.0,5,1,14,372
36.0,5,1,15,373
36.0,5,2,0,350
36.0,5,2,1,352
36.0,5,2,2,354
36.0,5,2,3,356
36.0,5,2,4,357
36.0,5,2,5,359
36.0,5,2,6,361
36.0,5,2,7,362
36.0,5,2,8,364
36.0,5,2,9,366
36.0,5,2,10,367
36.0,5,2,11,369
36.0,5,2,12,371
36.0,5,2,13,372
36.0,5,2,14,374
36.0,5,2,15,375
36.0,5,3,0,352
36.0,5,3,1,354
36.0,5,3,2,356
36.0,5,3,3,358
36.0,5,3,4,359
36.0,5,3,5,361
36.0,5,3,6,363
36.0,5,3,7,364
36.0,5,3,8,366
36.0,5,3,9,368
36.0,5,3,10,369
36.0,5,3,11,371
36.0,5,3,12,373
36.0,5,3,13,374
36.0,5,3,14,376
36.0,5,3,15,378
36.0,5,4,0,355
36.0,5,4,1,356
36.0,5,4,2,358
36.0,5,4,3,360
36.0,5,4,4,361
36.0,5,4,5,363
36.0,5,4,6,365
36.0,5,4,7,367
36.0,5,4,8,368
36.0,5,4,9,370
36.0,5,4,10,372
36.0,5,4,11,373
36.0,5,4,12,375
36.0,5,4,13,376
36.0,5,4,14,378
36.0,5,4,15,380
36.0,5,5,0,357
36.0,5,5,1,358
36.0,5,5,2,360
36.0,5,5,3,362
36.0,5,5,4,364
36.0,5,5,5,365
36.0,5,5,6,367
36.0,5,5,7,369
36.0,5,5,8,370
36.0,5,5,9,372
36.0,5,5,10,374
36.0,5,5,11,375
36.0,5,5,12,377
36.0,5,5,13,379
36.0,5,5,14,380
36.0,5,5,15,382
36.0,5,6,0,359
36.0,5,6,1,360
36.0,5,6,2,362
36.0,5,6,3,364
36.0,5,6,4,366
36.0,5,6,5,367
36.0,5,6,6,369
36.0,5,6,7,371
36.0,5,6,8,372
36.0,5,6,9,374
36.0,5,6,10,376
36.0,5,6,11,377
36.0,5,6,12,379
36.0,5,6,13,381
36.0,5,6,14,382
36.0,5,6,15,384
36.0,5,7,0,361
36.0,5,7,1,362
36.0,5,7,2,364
36.0,5,7,3,366
36.0,5,7,4,368
36.0,5,7,5,369
36.0,5,7,6,371
36.0,5,7,7,373
36.0,5,7,8,375
36.0,5,7,9,376
36.0,5,7,10,378
36.0,5,7,11,380
36.0,5,7,12,381
36.0,5,7,13,383
36.0,5,7,14,385
36.0,5,7,15,386
36.0,5,8,0,363
36.0,5,8,1,364
36.0,5,8,2,366
36.0,5,8,3,368
36.0,5,8,4,370
36.0,5,8,5,371
36.0,5,8,6,373
36.0,5,8,7,375
36.0,5,8,8,377
36.0,5,8,9,378
36.0,5,8,10,380
36.0,5,8,11,382
36.0,5,8,12,383
36.0,5,8,13,385
36.0,5,8,14,387
36.0,5,8,15,388
36.0,5,9,0,365
36.0,5,9,1,366
36.0,5,9,2,368
36.0,5,9,3,370
36.0,5,9,4,372
36.0,5,9,5,373
36.0,5,9,6,375
36.0,5,9,7,377
36.0,5,9,8,379
36.0,5,9,9,380
36.0,5,9,10,382
36.0,5,9,11,384
36.0,5,9,12,385
36.0,5,9,13,387
36.0,5,9,14,389
36.0,5,9,15,391
36.0,5,10,0,367
36.0,5,10,1,368
36.0,5,10,2,370
36.0,5,10,3,372
36.0,5,10,4,374
36.0,5,10,5,375
36.0,5,10,6,377
36.0,5,10,7,379
36.0,5,10,8,381
36.0,5,10,9,382
36.0,5,10,10,384
36.0,5,10,11,386
36.0,5,10,12,388
36.0,5,10,13,389
36.0,5,10,14,391
36.0,5,10,15,393
36.0,5,11,0,369
36.0,5,11,1,370
36.0,5,11,2,372
36.0,5,11,3,374
36.0,5,11,4,376
36.0,5,11,5,377
36.0,5,11,6,379
36.0,5,11,7,381
36.0,5,11,8,383
36.0,5,11,9,384
36.0,5,11,10,386
36.0,5,11,11,388
36.0,5,11,12,390
36.0,5,11,13,391
36.0,5,11,14,393
36.0,5,11,15,395
36.0,5,12,0,371
36.0,5,12,1,372
36.0,5,12,2,374
36.0,5,12,3,376
36.0,5,12,4,378
36.0,5,12,5,379
36.0,5,12,6,381
36.0,5,12,7,383
36.0,5,12,8,385
36.0,5,12,9,387
36.0,5,12,10,388
36.0,5,12,11,390
36.0,5,12,12,392
36.0,5,12,13,393
36.0,5,12,14,395
36.0,5,12,15,397
36.0,5,13,0,372
36.0,5,13,1,374
36.0,5,13,2,376
36.0,5,13,3,378
36.0,5,13,4,380
36.0,5,13,5,381
36.0,5,13,6,383
36.0,5,13,7,385
36.0,5,13,8,387
36.0,5,13,9,389
36.0,5,13,10,390
36.0,5,13,11,392
36.0,5,13,12,394
36.0,5,13,13,396
36.0,5,13,14,397
36.0,5,13,15,399
36.0,5,14,0,374
36.0,5,14,1,376
36.0,5,14,2,378
36.0,5,14,3,380
36.0,5,14,4,382
36.0,5,14,5,383
36.0,5,14,6,385
36.0,5,14,7,387
36.0,5,14,8,389
36.0,5,14,9,391
36.0,5,14,10,392
36.0,5,14,11,394
36.0,5,14,12,396
36.0,5,14,13,398
36.0,5,14,14,399
36.0,5,14,15,401
36.0,5,15,0,376
36.0,5,15,1,378
36.0,5,15,2,380
36.0,5,15,3,382
36.0,5,15,4,384
36.0,5,15,5,385
36.0,5,15,6,387
36.0,5,15,7,389
36.0,5,15,8,391
36.0,5,15,9,393
36.0,5,15,10,394
36.0,5,15,11,396
36.0,5,15,12,398
36.0,5,15,13,400
36.0,5,15,14,401
36.0,5,15,15,403
36.0,6,0,0,352
36.0,6,0,1,353
36.0,6,0,2,355
36.0,6,0,3,357
36.0,6,0,4,359
36.0,6,0,5,360
36.0,6,0,6,362
36.0,6,0,7,364
36.0,6,0,8,365
36.0,6,0,9,367
36.0,6,0,10,369
36.0,6,0,11,370
36.0,6,0,12,372
36.0,6,0,13,373
36.0,6,0,14,375
36.0,6,0,15,377
36.0,6,1,0,354
36.0,6,1,1,356
36.0,6,1,2,357
36.0,6,1,3,359
36.0,6,1,4,361
36.0,6,1,5,362
36.0,6,1,6,364
36.0,6,1,7,366
36.0,6,1,8,367
36.0,6,1,9,369
36.0,6,1,10,371
36.0,6,1,11,372
36.0,6,1,12,374
36.0,6,1,13,376
36.0,6,1,14,377
36.0,6,1,15,379
36.0,6,2,0,356
36.0,6,2,1,358
36.0,6,2,2,359
36.0,6,2,3,361
36.0,6,2,4,363
36.0,6,2,5,365
36.0,6,2,6,366
36.0,6,2,7,368
36.0,6,2,8,370
36.0,6,2,9,371
36.0,6,2,10,373
36.0,6,2,11,375
36.0,6,2,12,376
36.0,6,2,13,378
36.0,6,2,14,380
36.0,6,2,15,381
36.0,6,3,0,358
36.0,6,3,1,360
36.0,6,3,2,362
36.0,6,3,3,363
36.0,6,3,4,365
36.0,6,3,5,367
36.0,6,3,6,368
36.0,6,3,7,370
36.0,6,3,8,372
36.0,6,3,9,373
36.0,6,3,10,375
36.0,6,3,11,377
36.0,6,3,12,379
36.0,6,3,13,380
36.0,6,3,14,382
36.0,6,3,15,383
36.0,6,4,0,360
36.0,6,4,1,362
36.0,6,4,2,364
36.0,6,4,3,365
36.0,6,4,4,367
36.0,6,4,5,369
36.0,6,4,6,371
36.0,6,4,7,372
36.0,6,4,8,374
36.0,6,4,9,376
36.0,6,4,10,377
36.0,6,4,11,379
36.0,6,4,12,381
36.0,6,4,13,382
36.0,6,4,14,384
36.0,6,4,15,386
36.0,6,5,0,362
36.0,6,5,1,364
36.0,6,5,2,366
36.0,6,5,3,367
36.0,6,5,4,369
36.0,6,5,5,371
36.0,6,5,6,373
36.0,6,5,7,374
36.0,6,5,8,376
36.0,6,5,9,378
36.0,6,5,10,380
36.0,6,5,11,381
36.0,6,5,12,383
36.0,6,5,13,385
36.0,6,5,14,386
36.0,6,5,15,388
36.0,6,6,0,364
36.0,6,6,1,366
36.0,6,6,2,368
36.0,6,6,3,370
36.0,6,6,4,371
36.0,6,6,5,373
36.0,6,6,6,375
36.0,6,6,7,377
36.0,6,6,8,378
36.0,6,6,9,380
36.0,6,6,10,382
36.0,6,6,11,383
36.0,6,6,12,385
36.0,6,6,13,387
36.0,6,6,14,388
36.0,6,6,15,390
36.0,6,7,0,366
36.0,6,7,1,368
36.0,6,7,2,370
36.0,6,7,3,372
36.0,6,7,4,373
36.0,6,7,5,375
36.0,6,7,6,377
36.0,6,7,7,379
36.0,6,7,8,380
36.0,6,7,9,382
36.0,6,7,10,384
36.0,6,7,11,386
36.0,6,7,12,387
36.0,6,7,13,389
36.0,6,7,14,391
36.0,6,7,15,392
36.0,6,8,0,368
36.0,6,8,1,370
36.0,6,8,2,372
36.0,6,8,3,374
36.0,6,8,4,375
36.0,6,8,5,377
36.0,6,8,6,379
36.0,6,8,7,381
36.0,6,8,8,382
36.0,6,8,9,384
36.0,6,8,10,386
36.0,6,8,11,388
36.0,6,8,12,389
36.0,6,8,13,391
36.0,6,8,14,393
36.0,6,8,15,394
36.0,6,9,0,370
36.0,6,9,1,372
36.0,6,9,2,374
36.0,6,9,3,376
36.0,6,9,4,378
36.0,6,9,5,379
36.0,6,9,6,381
36.0,6,9,7,383
36.0,6,9,8,385
36.0,6,9,9,386
36.0,6,9,10,388
36.0,6,9,11,390
36.0,6,9,12,392
36.0,6,9,13,393
36.0,6,9,14,395
36.0,6,9,15,397
36.0,6,10,0,372
36.0,6,10,1,374
36.0,6,10,2,376
36.0,6,10,3,378
36.0,6,10,4,380
36.0,6,10,5,381
36.0,6,10,6,383
36.0,6,10,7,385
36.0,6,10,8,387
36.0,6,10,9,388
36.0,6,10,10,390
36.0,6,10,11,392
36.0,6,10,12,394
36.0,6,10,13,395
36.0,6,10,14,397
36.0,6,10,15,399
36.0,6,11,0,374
36.0,6,11,1,376
36.0,6,11,2,378
36.0,6,11,3,380
36.0,6,11,4,382
36.0,6,11,5,383
36.0,6,11,6,385
36.0,6,11,7,387
36.0,6,11,8,389
36.0,6,11,9,391
36.0,6,11,10,392
36.0,6,11,11,394
36.0,6,11,12,396
36.0,6,11,13,397
36.0,6,11,14,399
36.0,6,11,15,401
36.0,6,12,0,376
36.0,6,12,1,378
36.0,6,12,2,380
36.0,6,12,3,382
36.0,6,12,4,384
36.0,6,12,5,385
36.0,6,12,6,387
36.0,6,12,7,389
36.0,6,12,8,391
36.0,6,12,9,393
36.0,6,12,10,394
36.0,6,12,11,396
36.0,6,12,12,398
36.0,6,12,13,400
36.0,6,12,14,401
36.0,6,12,15,403
36.0,6,13,0,378
36.0,6,13,1,380
36.0,6,13,2,382
36.0,6,13,3,384
36.0,6,13,4,386
36.0,6,13,5,387
36.0,6,13,6,389
36.0,6,13,7,391
36.0,6,13,8,393
36.0,6,13,9,395
36.0,6,13,10,396
36.0,6,13,11,398
36.0,6,13,12,400
36.0,6,13,13,402
36.0,6,13,14,403
36.0,6,13,15,405
36.0,6,14,0,380
36.0,6,14,1,382
36.0,6,14,2,384
36.0,6,14,3,386
36.0,6,14,4,388
36.0,6,14,5,389
36.0,6,14,6,391
36.0,6,14,7,393
36.0,6,14,8,395
36.0,6,14,9,397
36.0,6,14,10,398
36.0,6,14,11,400
36.0,6,14,12,402
36.0,6,14,13,404
36.0,6,14,14,406
36.0,6,14,15,407
36.0,6,15,0,382
36.0,6,15,1,384
36.0,6,15,2,386
36.0,6,15,3,388
36.0,6,15,4,390
36.0,6,15,5,391
36.0,6,15,6,393
36.0,6,15,7,395
36.0,6,15,8,397
36.0,6,15,9,399
36.0,6,15,10,401
36.0,6,15,11,402
36.0,6,15,12,404
36.0,6,15,13,406
36.0,6,15,14,408
36.0,6,15,15,409
36.0,7,0,0,357
36.0,7,0,1,359
36.0,7,0,2,361
36.0,7,0,3,362
36.0,7,0,4,364
36.0,7,0,5,366
36.0,7,0,6,367
36.0,7,0,7,369
36.0,7,0,8,371
36.0,7,0,9,373
36.0,7,0,10,374
36.0,7,0,11,376
36.0,7,0,12,378
36.0,7,0,13,379
36.0,7,0,14,381
36.0,7,0,15,383
36.0,7,1,0,359
36.0,7,1,1,361
36.0,7,1,2,363
36.0,7,1,3,365
36.0,7,1,4,366
36.0,7,1,5,368
36.0,7,1,6,370
36.0,7,1,7,371
36.0,7,1,8,373
36.0,7,1,9,375
36.0,7,1,10,376
36.0,7,1,11,378
36.0,7,1,12,380
36.0,7,1,13,382
36.0,7,1,14,383
36.0,7,1,15,385
36.0,7,2,0,361
36.0,7,2,1,363
36.0,7,2,2,365
36.0,7,2,3,367
36.0,7,2,4,368
36.0,7,2,5,370
36.0,7,2,6,372
36.0,7,2,7,374
36.0,7,2,8,375
36.0,7,2,9,377
36.0,7,2,10,379
36.0,7,2,11,380
36.0,7,2,12,382
36.0,7,2,13,384
36.0,7,2,14,385
36.0,7,2,15,387
36.0,7,3,0,364
36.0,7,3,1,365
36.0,7,3,2,367
36.0,7,3,3,369
36.0,7,3,4,371
36.0,7,3,5,372
36.0,7,3,6,374
36.0,7,3,7,376
36.0,7,3,8,378
36.0,7,3,9,379
36.0,7,3,10,381
36.0,7,3,11,383
36.0,7,3,12,384
36.0,7,3,13,386
36.0,7,3,14,388
36.0,7,3,15,389
36.0,7,4,0,366
36.0,7,4,1,367
36.0,7,4,2,369
36.0,7,4,3,371
36.0,7,4,4,373
36.0,7,4,5,375
36.0,7,4,6,376
36.0,7,4,7,378
36.0,7,4,8,380
36.0,7,4,9,381
36.0,7,4,10,383
36.0,7,4,11,385
36.0,7,4,12,387
36.0,7,4,13,388
36.0,7,4,14,390
36.0,7,4,15,392
36.0,7,5,0,368
36.0,7,5,1,370
36.0,7,5,2,371
36.0,7,5,3,373
36.0,7,5,4,375
36.0,7,5,5,377
36.0,7,5,6,378
36.0,7,5,7,380
36.0,7,5,8,382
36.0,7,5,9,384
36.0,7,5,10,385
36.0,7,5,11,387
36.0,7,5,12,389
36.0,7,5,13,390
36.0,7,5,14,392
36.0,7,5,15,394
36.0,7,6,0,370
36.0,7,6,1,372
36.0,7,6,2,373
36.0,7,6,3,375
36.0,7,6,4,377
36.0,7,6,5,379
36.0,7,6,6,381
36.0,7,6,7,382
36.0,7,6,8,384
36.0,7,6,9,386
36.0,7,6,10,388
36.0,7,6,11,389
36.0,7,6,12,391
36.0,7,6,13,393
36.0,7,6,14,394
36.0,7,6,15,396
36.0,7,7,0,372
36.0,7,7,1,374
36.0,7,7,2,376
36.0,7,7,3,377
36.0,7,7,4,379
36.0,7,7,5,381
36.0,7,7,6,383
36.0,7,7,7,384
36.0,7,7,8,386
36.0,7,7,9,388
36.0,7,7,10,390
36.0,7,7,11,391
36.0,7,7,12,393
36.0,7,7,13,395
36.0,7,7,14,397
36.0,7,7,15,398
36.0,7,8,0,374
36.0,7,8,1,376
36.0,7,8,2,378
36.0,7,8,3,379
36.0,7,8,4,381
36.0,7,8,5,383
36.0,7,8,6,385
36.0,7,8,7,387
36.0,7,8,8,388
36.0,7,8,9,390
36.0,7,8,10,392
36.0,7,8,11,394
36.0,7,8,12,395
36.0,7,8,13,397
36.0,7,8,14,399
36.0,7,8,15,401
36.0,7,9,0,376
36.0,7,9,1,378
36.0,7,9,2,380
36.0,7,9,3,382
36.0,7,9,4,383
36.0,7,9,5,385
36.0,7,9,6,387
36.0,7,9,7,389
36.0,7,9,8,390
36.0,7,9,9,392
36.0,7,9,10,394
36.0,7,9,11,396
36.0,7,9,12,398
36.0,7,9,13,399
36.0,7,9,14,401
36.0,7,9,15,403
36.0,7,10,0,378
36.0,7,10,1,380
36.0,7,10,2,382
36.0,7,10,3,384
36.0,7,10,4,385
36.0,7,10,5,387
36.0,7,10,6,389
36.0,7,10,7,391
36.0,7,10,8,393
36.0,7,10,9,394
36.0,7,10,10,396
36.0,7,10,11,398
36.0,7,10,12,400
36.0,7,10,13,401
36.0,7,10,14,403
36.0,7,10,15,405
36.0,7,11,0,380
36.0,7,11,1,382
36.0,7,11,2,384
36.0,7,11,3,386
36.0,7,11,4,387
36.0,7,11,5,389
36.0,7,11,6,391
36.0,7,11,7,393
36.0,7,11,8,395
36.0,7,11,9,397
36.0,7,11,10,398
36.0,7,11,11,400
36.0,7,11,12,402
36.0,7,11,13,404
36.0,7,11,14,405
36.0,7,11,15,407
36.0,7,12,0,382
36.0,7,12,1,384
36.0,7,12,2,386
36.0,7,12,3,388
36.0,7,12,4,390
36.0,7,12,5,391
36.0,7,12,6,393
36.0,7,12,7,395
36.0,7,12,8,397
36.0,7,12,9,399
36.0,7,12,10,400
36.0,7,12,11,402
36.0,7,12,12,404
36.0,7,12,13,406
36.0,7,12,14,408
36.0,7,12,15,409
36.0,7,13,0,384
36.0,7,13,1,386
36.0,7,13,2,388
36.0,7,13,3,390
36.0,7,13,4,392
36.0,7,13,5,393
36.0,7,13,6,395
36.0,7,13,7,397
36.0,7,13,8,399
36.0,7,13,9,401
36.0,7,13,10,403
36.0,7,13,11,404
36.0,7,13,12,406
36.0,7,13,13,408
36.0,7,13,14,410
36.0,7,13,15,411
36.0,7,14,0,386
36.0,7,14,1,388
36.0,7,14,2,390
36.0,7,14,3,392
36.0,7,14,4,394
36.0,7,14,5,395
36.0,7,14,6,397
36.0,7,14,7,399
36.0,7,14,8,401
36.0,7,14,9,403
36.0,7,14,10,405
36.0,7,14,11,406
36.0,7,14,12,408
36.0,7,14,13,410
36.0,7,14,14,412
36.0,7,14,15,414
36.0,7,15,0,388
36.0,7,15,1,390
36.0,7,15,2,392
36.0,7,15,3,394
36.0,7,15,4,396
36.0,7,15,5,398
36.0,7,15,6,399
36.0,7,15,7,401
36.0,7,15,8,403
36.0,7,15,9,405
36.0,7,15,10,407
36.0,7,15,11,409
36.0,7,15,12,410
36.0,7,15,13,412
36.0,7,15,14,414
36.0,7,15,15,416
36.0,8,0,0,363
36.0,8,0,1,364
36.0,8,0,2,366
36.0,8,0,3,368
36.0,8,0,4,370
36.0,8,0,5,371
36.0,8,0,6,373
36.0,8,0,7,375
36.0,8,0,8,377
36.0,8,0,9,378
36.0,8,0,10,380
36.0,8,0,11,382
36.0,8,0,12,383
36.0,8,0,13,385
36.0,8,0,14,387
36.0,8,0,15,388
36.0,8,1,0,365
36.0,8,1,1,367
36.0,8,1,2,368
36.0,8,1,3,370
36.0,8,1,4,372
36.0,8,1,5,374
36.0,8,1,6,375
36.0,8,1,7,377
36.0,8,1,8,379
36.0,8,1,9,380
36.0,8,1,10,382
36.0,8,1,11,384
36.0,8,1,12,386
36.0,8,1,13,387
36.0,8,1,14,389
36.0,8,1,15,391
36.0,8,2,0,367
36.0,8,2,1,369
36.0,8,2,2,370
36.0,8,2,3,372
36.0,8,2,4,374
36.0,8,2,5,376
36.0,8,2,6,378
36.0,8,2,7,379
36.0,8,2,8,381
36.0,8,2,9,383
36.0,8,2,10,384
36.0,8,2,11,386
36.0,8,2,12,388
36.0,8,2,13,390
36.0,8,2,14,391
36.0,8,2,15,393
36.0,8,3,0,369
36.0,8,3,1,371
36.0,8,3,2,373
36.0,8,3,3,374
36.0,8,3,4,376
36.0,8,3,5,378
36.0,8,3,6,380
36.0,8,3,7,382
36.0,8,3,8,383
36.0,8,3,9,385
36.0,8,3,10,387
36.0,8,3,11,388
36.0,8,3,12,390
36.0,8,3,13,392
36.0,8,3,14,394
36.0,8,3,15,395
36.0,8,4,0,371
36.0,8,4,1,373
36.0,8,4,2,375
36.0,8,4,3,377
36.0,8,4,4,378
36.0,8,4,5,380
36.0,8,4,6,382
36.0,8,4,7,384
36.0,8,4,8,385
36.0,8,4,9,387
36.0,8,4,10,389
36.0,8,4,11,391
36.0,8,4,12,392
36.0,8,4,13,394
36.0,8,4,14,396
36.0,8,4,15,398
36.0,8,5,0,373
36.0,8,5,1,375
36.0,8,5,2,377
36.0,8,5,3,379
36.0,8,5,4,381
36.0,8,5,5,382
36.0,8,5,6,384
36.0,8,5,7,386
36.0,8,5,8,388
36.0,8,5,9,389
36.0,8,5,10,391
36.0,8,5,11,393
36.0,8,5,12,395
36.0,8,5,13,396
36.0,8,5,14,398
36.0,8,5,15,400
36.0,8,6,0,375
36.0,8,6,1,377
36.0,8,6,2,379
36.0,8,6,3,381
36.0,8,6,4,383
36.0,8,6,5,385
36.0,8,6,6,386
36.0,8,6,7,388
36.0,8,6,8,390
36.0,8,6,9,392
36.0,8,6,10,393
36.0,8,6,11,395
36.0,8,6,12,397
36.0,8,6,13,399
36.0,8,6,14,400
36.0,8,6,15,402
36.0,8,7,0,378
36.0,8,7,1,379
36.0,8,7,2,381
36.0,8,7,3,383
36.0,8,7,4,385
36.0,8,7,5,387
36.0,8,7,6,388
36.0,8,7,7,390
36.0,8,7,8,392
36.0,8,7,9,394
36.0,8,7,10,396
36.0,8,7,11,397
36.0,8,7,12,399
36.0,8,7,13,401
36.0,8,7,14,403
36.0,8,7,15,404
36.0,8,8,0,380
36.0,8,8,1,381
36.0,8,8,2,383
36.0,8,8,3,385
36.0,8,8,4,387
36.0,8,8,5,389
36.0,8,8,6,391
36.0,8,8,7,392
36.0,8,8,8,394
36.0,8,8,9,396
36.0,8,8,10,398
36.0,8,8,11,400
36.0,8,8,12,401
36.0,8,8,13,403
36.0,8,8,14,405
36.0,8,8,15,407
36.0,8,9,0,382
36.0,8,9,1,384
36.0,8,9,2,385
36.0,8,9,3,387
36.0,8,9,4,389
36.0,8,9,5,391
36.0,8,9,6,393
36.0,8,9,7,395
36.0,8,9,8,396
36.0,8,9,9,398
36.0,8,9,10,400
36.0,8,9,11,402
36.0,8,9,12,404
36.0,8,9,13,405
36.0,8,9,14,407
36.0,8,9,15,409
36.0,8,10,0,384
36.0,8,10,1,386
36.0,8,10,2,388
36.0,8,10,3,389
36.0,8,10,4,391
36.0,8,10,5,393
36.0,8,10,6,395
36.0,8,10,7,397
36.0,8,10,8,399
36.0,8,10,9,400
36.0,8,10,10,402
36.0,8,10,11,404
36.0,8,10,12,406
36.0,8,10,13,408
36.0,8,10,14,409
36.0,8,10,15,411
36.0,8,11,0,386
36.0,8,11,1,388
36.0,8,11,2,390
36.0,8,11,3,391
36.0,8,11,4,393
36.0,8,11,5,395
36.0,8,11,6,397
36.0,8,11,7,399
36.0,8,11,8,401
36.0,8,11,9,403
36.0,8,11,10,404
36.0,8,11,11,406
36.0,8,11,12,408
36.0,8,11,13,410
36.0,8,11,14,412
36.0,8,11,15,413
36.0,8,12,0,388
36.0,8,12,1,390
36.0,8,12,2,392
36.0,8,12,3,394
36.0,8,12,4,395
36.0,8,12,5,397
36.0,8,12,6,399
36.0,8,12,7,401
36.0,8,12,8,403
36.0,8,12,9,405
36.0,8,12,10,406
36.0,8,12,11,408
36.0,8,12,12,410
36.0,8,12,13,412
36.0,8,12,14,414
36.0,8,12,15,415
36.0,8,13,0,390
36.0,8,13,1,392
36.0,8,13,2,394
36.0,8,13,3,396
36.0,8,13,4,398
36.0,8,13,5,399
36.0,8,13,6,401
36.0,8,13,7,403
36.0,8,13,8,405
36.0,8,13,9,407
36.0,8,13,10,409
36.0,8,13,11,410
36.0,8,13,12,412
36.0,8,13,13,414
36.0,8,13,14,416
36.0,8,13,15,418
36.0,8,14,0,392
36.0,8,14,1,394
36.0,8,14,2,396
36.0,8,14,3,398
36.0,8,14,4,400
36.0,8,14,5,401
36.0,8,14,6,403
36.0,8,14,7,405
36.0,8,14,8,407
36.0,8,14,9,409
36.0,8,14,10,411
36.0,8,14,11,413
36.0,8,14,12,414
36.0,8,14,13,416
36.0,8,14,14,418
36.0,8,14,15,420
36.0,8,15,0,394
36.0,8,15,1,396
36.0,8,15,2,398
36.0,8,15,3,400
36.0,8,15,4,402
36.0,8,15,5,404
36.0,8,15,6,405
36.0,8,15,7,407
36.0,8,15,8,409
36.0,8,15,9,411
36.0,8,15,10,413
36.0,8,15,11,415
36.0,8,15,12,417
36.0,8,15,13,418
36.0,8,15,14,420
36.0,8,15,15,422
36.0,9,0,0,368
36.0,9,0,1,370
36.0,9,0,2,372
36.0,9,0,3,373
36.0,9,0,4,375
36.0,9,0,5,377
36.0,9,0,6,379
36.0,9,0,7,380
36.0,9,0,8,382
36.0,9,0,9,384
36.0,9,0,10,386
36.0,9,0,11,387
36.0,9,0,12,389
36.0,9,0,13,391
36.0,9,0,14,392
36.0,9,0,15,394
36.0,9,1,0,370
36.0,9,1,1,372
36.0,9,1,2,374
36.0,9,1,3,376
36.0,9,1,4,377
36.0,9,1,5,379
36.0,9,1,6,381
36.0,9,1,7,383
36.0,9,1,8,384
36.0,9,1,9,386
36.0,9,1,10,388
36.0,9,1,11,390
36.0,9,1,12,391
36.0,9,1,13,393
36.0,9,1,14,395
36.0,9,1,15,396
36.0,9,2,0,372
36.0,9,2,1,374
36.0,9,2,2,376
36.0,9,2,3,378
36.0,9,2,4,380
36.0,9,2,5,381
36.0,9,2,6,383
36.0,9,2,7,385
36.0,9,2,8,387
36.0,9,2,9,388
36.0,9,2,10,390
36.0,9,2,11,392
36.0,9,2,12,394
36.0,9,2,13,395
36.0,9,2,14,397
36.0,9,2,15,399
36.0,9,3,0,375
36.0,9,3,1,376
36.0,9,3,2,378
36.0,9,3,3,380
36.0,9,3,4,382
36.0,9,3,5,384
36.0,9,3,6,385
36.0,9,3,7,387
36.0,9,3,8,389
36.0,9,3,9,391
36.0,9,3,10,393
36.0,9,3,11,394
36.0,9,3,12,396
36.0,9,3,13,398
36.0,9,3,14,399
36.0,9,3,15,401
36.0,9,4,0,377
36.0,9,4,1,379
36.0,9,4,2,380
36.0,9,4,3,382
36.0,9,4,4,384
36.0,9,4,5,386
36.0,9,4,6,388
36.0,9,4,7,389
36.0,9,4,8,391
36.0,9,4,9,393
36.0,9,4,10,395
36.0,9,4,11,397
36.0,9,4,12,398
36.0,9,4,13,400
36.0,9,4,14,402
36.0,9,4,15,404
36.0,9,5,0,379
36.0,9,5,1,381
36.0,9,5,2,383
36.0,9,5,3,384
36.0,9,5,4,386
36.0,9,5,5,388
36.0,9,5,6,390
36.0,9,5,7,392
36.0,9,5,8,393
36.0,9,5,9,395
36.0,9,5,10,397
36.0,9,5,11,399
36.0,9,5,12,401
36.0,9,5,13,402
36.0,9,5,14,404
36.0,9,5,15,406
36.0,9,6,0,381
36.0,9,6,1,383
36.0,9,6,2,385
36.0,9,6,3,387
36.0,9,6,4,388
36.0,9,6,5,390
36.0,9,6,6,392
36.0,9,6,7,394
36.0,9,6,8,396
36.0,9,6,9,398
36.0,9,6,10,399
36.0,9,6,11,401
36.0,9,6,12,403
36.0,9,6,13,405
36.0,9,6,14,406
36.0,9,6,15,408
36.0,9,7,0,383
36.0,9,7,1,385
36.0,9,7,2,387
36.0,9,7,3,389
36.0,9,7,4,391
36.0,9,7,5,392
36.0,9,7,6,394
36.0,9,7,7,396
36.0,9,7,8,398
36.0,9,7,9,400
36.0,9,7,10,402
36.0,9,7,11,403
36.0,9,7,12,405
36.0,9,7,13,407
36.0,9,7,14,409
36.0,9,7,15,410
36.0,9,8,0,385
36.0,9,8,1,387
36.0,9,8,2,389
36.0,9,8,3,391
36.0,9,8,4,393
36.0,9,8,5,395
36.0,9,8,6,396
36.0,9,8,7,398
36.0,9,8,8,400
36.0,9,8,9,402
36.0,9,8,10,404
36.0,9,8,11,406
36.0,9,8,12,407
36.0,9,8,13,409
36.0,9,8,14,411
36.0,9,8,15,413
36.0,9,9,0,387
36.0,9,9,1,389
36.0,9,9,2,391
36.0,9,9,3,393
36.0,9,9,4,395
36.0,9,9,5,397
36.0,9,9,6,399
36.0,9,9,7,401
36.0,9,9,8,402
36.0,9,9,9,404
36.0,9,9,10,406
36.0,9,9,11,408
36.0,9,9,12,410
36.0,9,9,13,411
36.0,9,9,14,413
36.0,9,9,15,415
36.0,9,10,0,390
36.0,9,10,1,391
36.0,9,10,2,393
36.0,9,10,3,395
36.0,9,10,4,397
36.0,9,10,5,399
36.0,9,10,6,401
36.0,9,10,7,403
36.0,9,10,8,405
36.0,9,10,9,406
36.0,9,10,10,408
36.0,9,10,11,410
36.0,9,10,12,412
36.0,9,10,13,414
36.0,9,10,14,415
36.0,9,10,15,417
36.0,9,11,0,392
36.0,9,11,1,394
36.0,9,11,2,395
36.0,9,11,3,397
36.0,9,11,4,399
36.0,9,11,5,401
36.0,9,11,6,403
36.0,9,11,7,405
36.0,9,11,8,407
36.0,9,11,9,409
36.0,9,11,10,410
36.0,9,11,11,412
36.0,9,11,12,414
36.0,9,11,13,416
36.0,9,11,14,418
36.0,9,11,15,419
36.0,9,12,0,394
36.0,9,12,1,396
36.0,9,12,2,398
36.0,9,12,3,399
36.0,9,12,4,401
36.0,9,12,5,403
36.0,9,12,6,405
36.0,9,12,7,407
36.0,9,12,8,409
36.0,9,12,9,411
36.0,9,12,10,413
36.0,9,12,11,414
36.0,9,12,12,416
36.0,9,12,13,418
36.0,9,12,14,420
36.0,9,12,15,422
36.0,9,13,0,396
36.0,9,13,1,398
36.0,9,13,2,400
36.0,9,13,3,402
36.0,9,13,4,403
36.0,9,13,5,405
36.0,9,13,6,407
36.0,9,13,7,409
36.0,9,13,8,411
36.0,9,13,9,413
36.0,9,13,10,415
36.0,9,13,11,417
36.0,9,13,12,418
36.0,9,13,13,420
36.0,9,13,14,422
36.0,9,13,15,424
36.0,9,14,0,398
36.0,9,14,1,400
36.0,9,14,2,402
36.0,9,14,3,404
36.0,9,14,4,406
36.0,9,14,5,407
36.0,9,14,6,409
36.0,9,14,7,411
36.0,9,14,8,413
36.0,9,14,9,415
36.0,9,14,10,417
36.0,9,14,11,419
36.0,9,14,12,421
36.0,9,14,13,422
36.0,9,14,14,424
36.0,9,14,15,426
36.0,9,15,0,400
36.0,9,15,1,402
36.0,9,15,2,404
36.0,9,15,3,406
36.0,9,15,4,408
36.0,9,15,5,410
36.0,9,15,6,411
36.0,9,15,7,413
36.0,9,15,8,415
36.0,9,15,9,417
36.0,9,15,10,419
36.0,9,15,11,421
36.0,9,15,12,423
36.0,9,15,13,425
36.0,9,15,14,426
36.0,9,15,15,428
36.0,10,0,0,373
36.0,10,0,1,375
36.0,10,0,2,377
36.0,10,0,3,379
36.0,10,0,4,381
36.0,10,0,5,382
36.0,10,0,6,384
36.0,10,0,7,386
36.0,10,0,8,388
36.0,10,0,9,390
36.0,10,0,10,391
36.0,10,0,11,393
36.0,10,0,12,395
36.0,10,0,13,396
36.0,10,0,14,398
36.0,10,0,15,400
36.0,10,1,0,376
36.0,10,1,1,377
36.0,10,1,2,379
36.0,10,1,3,381
36.0,10,1,4,383
36.0,10,1,5,385
36.0,10,1,6,387
36.0,10,1,7,388
36.0,10,1,8,390
36.0,10,1,9,392
36.0,10,1,10,394
36.0,10,1,11,395
36.0,10,1,12,397
36.0,10,1,13,399
36.0,10,1,14,401
36.0,10,1,15,402
36.0,10,2,0,378
36.0,10,2,1,380
36.0,10,2,2,382
36.0,10,2,3,383
36.0,10,2,4,385
36.0,10,2,5,387
36.0,10,2,6,389
36.0,10,2,7,391
36.0,10,2,8,392
36.0,10,2,9,394
36.0,10,2,10,396
36.0,10,2,11,398
36.0,10,2,12,399
36.0,10,2,13,401
36.0,10,2,14,403
36.0,10,2,15,405
36.0,10,3,0,380
36.0,10,3,1,382
36.0,10,3,2,384
36.0,10,3,3,386
36.0,10,3,4,387
36.0,10,3,5,389
36.0,10,3,6,391
36.0,10,3,7,393
36.0,10,3,8,395
36.0,10,3,9,397
36.0,10,3,10,398
36.0,10,3,11,400
36.0,10,3,12,402
36.0,10,3,13,404
36.0,10,3,14,405
36.0,10,3,15,407
36.0,10,4,0,382
36.0,10,4,1,384
36.0,10,4,2,386
36.0,10,4,3,388
36.0,10,4,4,390
36.0,10,4,5,392
36.0,10,4,6,393
36.0,10,4,7,395
36.0,10,4,8,397
36.0,10,4,9,399
36.0,10,4,10,401
36.0,10,4,11,402
36.0,10,4,12,404
36.0,10,4,13,406
36.0,10,4,14,408
36.0,10,4,15,409
36.0,10,5,0,384
36.0,10,5,1,386
36.0,10,5,2,388
36.0,10,5,3,390
36.0,10,5,4,392
36.0,10,5,5,394
36.0,10,5,6,396
36.0,10,5,7,397
36.0,10,5,8,399
36.0,10,5,9,401
36.0,10,5,10,403
36.0,10,5,11,405
36.0,10,5,12,406
36.0,10,5,13,408
36.0,10,5,14,410
36.0,10,5,15,412
36.0,10,6,0,387
36.0,10,6,1,389
36.0,10,6,2,390
36.0,10,6,3,392
36.0,10,6,4,394
36.0,10,6,5,396
36.0,10,6,6,398
36.0,10,6,7,400
36.0,10,6,8,402
36.0,10,6,9,403
36.0,10,6,10,405
36.0,10,6,11,407
36.0,10,6,12,409
36.0,10,6,13,411
36.0,10,6,14,412
36.0,10,6,15,414
36.0,10,7,0,389
36.0,10,7,1,391
36.0,10,7,2,393
36.0,10,7,3,395
36.0,10,7,4,396
36.0,10,7,5,398
36.0,10,7,6,400
36.0,10,7,7,402
36.0,10,7,8,404
36.0,10,7,9,406
36.0,10,7,10,407
36.0,10,7,11,409
36.0,10,7,12,411
36.0,10,7,13,413
36.0,10,7,14,415
36.0,10,7,15,416
36.0,10,8,0,391
36.0,10,8,1,393
36.0,10,8,2,395
36.0,10,8,3,397
36.0,10,8,4,399
36.0,10,8,5,400
36.0,10,8,6,402
36.0,10,8,7,404
36.0,10,8,8,406
36.0,10,8,9,408
36.0,10,8,10,410
36.0,10,8,11,412
36.0,10,8,12,413
36.0,10,8,13,415
36.0,10,8,14,417
36.0,10,8,15,419
36.0,10,9,0,393
36.0,10,9,1,395
36.0,10,9,2,397
36.0,10,9,3,399
36.0,10,9,4,401
36.0,10,9,5,403
36.0,10,9,6,405
36.0,10,9,7,406
36.0,10,9,8,408
36.0,10,9,9,410
36.0,10,9,10,412
36.0,10,9,11,414
36.0,10,9,12,416
36.0,10,9,13,417
36.0,10,9,14,419
36.0,10,9,15,421
36.0,10,10,0,395
36.0,10,10,1,397
36.0,10,10,2,399
36.0,10,10,3,401
36.0,10,10,4,403
36.0,10,10,5,405
36.0,10,10,6,407
36.0,10,10,7,409
36.0,10,10,8,410
36.0,10,10,9,412
36.0,10,10,10,414
36.0,10,10,11,416
36.0,10,10,12,418
36.0,10,10,13,420
36.0,10,10,14,422
36.0,10,10,15,423
36.0,10,11,0,397
36.0,10,11,1,399
36.0,10,11,2,401
36.0,10,11,3,403
36.0,10,11,4,405
36.0,10,11,5,407
36.0,10,11,6,409
36.0,10,11,7,411
36.0,10,11,8,413
36.0,10,11,9,415
36.0,10,11,10,416
36.0,10,11,11,418
36.0,10,11,12,420
36.0,10,11,13,422
36.0,10,11,14,424
36.0,10,11,15,426
36.0,10,12,0,399
36.0,10,12,1,401
36.0,10,12,2,403
36.0,10,12,3,405
36.0,10,12,4,407
36.0,10,12,5,409
36.0,10,12,6,411
36.0,10,12,7,413
36.0,10,12,8,415
36.0,10,12,9,417
36.0,10,12,10,419
36.0,10,12,11,421
36.0,10,12,12,422
36.0,10,12,13,424
36.0,10,12,14,426
36.0,10,12,15,428
36.0,10,13,0,402
36.0,10,13,1,404
36.0,10,13,2,406
36.0,10,13,3,407
36.0,10,13,4,409
36.0,10,13,5,411
36.0,10,13,6,413
36.0,10,13,7,415
36.0,10,13,8,417
36.0,10,13,9,419
36.0,10,13,10,421
36.0,10,13,11,423
36.0,10,13,12,425
36.0,10,13,13,426
36.0,10,13,14,428
36.0,10,13,15,430
36.0,10,14,0,404
36.0,10,14,1,406
36.0,10,14,2,408
36.0,10,14,3,410
36.0,10,14,4,412
36.0,10,14,5,413
36.0,10,14,6,415
36.0,10,14,7,417
36.0,10,14,8,419
36.0,10,14,9,421
36.0,10,14,10,423
36.0,10,14,11,425
36.0,10,14,12,427
36.0,10,14,13,429
36.0,10,14,14,431
36.0,10,14,15,432
36.0,10,15,0,406
36.0,10,15,1,408
36.0,10,15,2,410
36.0,10,15,3,412
36.0,10,15,4,414
36.0,10,15,5,416
36.0,10,15,6,418
36.0,10,15,7,419
36.0,10,15,8,421
36.0,10,15,9,423
36.0,10,15,10,425
36.0,10,15,11,427
36.0,10,15,12,429
36.0,10,15,13,431
36.0,10,15,14,433
36.0,10,15,15,435
36.0,11,0,0,379
36.0,11,0,1,381
36.0,11,0,2,382
36.0,11,0,3,384
36.0,11,0,4,386
36.0,11,0,5,388
36.0,11,0,6,390
36.0,11,0,7,392
36.0,11,0,8,393
36.0,11,0,9,395
36.0,11,0,10,397
36.0,11,0,11,399
36.0,11,0,12,400
36.0,11,0,13,402
36.0,11,0,14,404
36.0,11,0,15,406
36.0,11,1,0,381
36.0,11,1,1,383
36.0,11,1,2,385
36.0,11,1,3,387
36.0,11,1,4,388
36.0,11,1,5,390
36.0,11,1,6,392
36.0,11,1,7,394
36.0,11,1,8,396
36.0,11,1,9,398
36.0,11,1,10,399
36.0,11,1,11,401
36.0,11,1,12,403
36.0,11,1,13,405
36.0,11,1,14,406
36.0,11,1,15,408
36.0,11,2,0,383
36.0,11,2,1,385
36.0,11,2,2,387
36.0,11,2,3,389
36.0,11,2,4,391
36.0,11,2,5,393
36.0,11,2,6,394
36.0,11,2,7,396
36.0,11,2,8,398
36.0,11,2,9,400
36.0,11,2,10,402
36.0,11,2,11,404
36.0,11,2,12,405
36.0,11,2,13,407
36.0,11,2,14,409
36.0,11,2,15,411
36.0,11,3,0,386
36.0,11,3,1,387
36.0,11,3,2,389
36.0,11,3,3,391
36.0,11,3,4,393
36.0,11,3,5,395
36.0,11,3,6,397
36.0,11,3,7,399
36.0,11,3,8,400
36.0,11,3,9,402
36.0,11,3,10,404
36.0,11,3,11,406
36.0,11,3,12,408
36.0,11,3,13,409
36.0,11,3,14,411
36.0,11,3,15,413
36.0,11,4,0,388
36.0,11,4,1,390
36.0,11,4,2,392
36.0,11,4,3,393
36.0,11,4,4,395
36.0,11,4,5,397
36.0,11,4,6,399
36.0,11,4,7,401
36.0,11,4,8,403
36.0,11,4,9,405
36.0,11,4,10,406
36.0,11,4,11,408
36.0,11,4,12,410
36.0,11,4,13,412
36.0,11,4,14,414
36.0,11,4,15,415
36.0,11,5,0,390
36.0,11,5,1,392
36.0,11,5,2,394
36.0,11,5,3,396
36.0,11,5,4,398
36.0,11,5,5,400
36.0,11,5,6,401
36.0,11,5,7,403
36.0,11,5,8,405
36.0,11,5,9,407
36.0,11,5,10,409
36.0,11,5,11,411
36.0,11,5,12,412
36.0,11,5,13,414
36.0,11,5,14,416
36.0,11,5,15,418
36.0,11,6,0,392
36.0,11,6,1,394
36.0,11,6,2,396
36.0,11,6,3,398
36.0,11,6,4,400
36.0,11,6,5,402
36.0,11,6,6,404
36.0,11,6,7,406
36.0,11,6,8,407
36.0,11,6,9,409
36.0,11,6,10,411
36.0,11,6,11,413
36.0,11,6,12,415
36.0,11,6,13,417
36.0,11,6,14,418
36.0,11,6,15,420
36.0,11,7,0,394
36.0,11,7,1,396
36.0,11,7,2,398
36.0,11,7,3,400
36.0,11,7,4,402
36.0,11,7,5,404
36.0,11,7,6,406
36.0,11,7,7,408
36.0,11,7,8,410
36.0,11,7,9,412
36.0,11,7,10,413
36.0,11,7,11,415
36.0,11,7,12,417
36.0,11,7,13,419
36.0,11,7,14,421
36.0,11,7,15,423
36.0,11,8,0,397
36.0,11,8,1,399
36.0,11,8,2,401
36.0,11,8,3,402
36.0,11,8,4,404
36.0,11,8,5,406
36.0,11,8,6,408
36.0,11,8,7,410
36.0,11,8,8,412
36.0,11,8,9,414
36.0,11,8,10,416
36.0,11,8,11,418
36.0,11,8,12,419
36.0,11,8,13,421
36.0,11,8,14,423
36.0,11,8,15,425
36.0,11,9,0,399
36.0,11,9,1,401
36.0,11,9,2,403
36.0,11,9,3,405
36.0,11,9,4,407
36.0,11,9,5,409
36.0,11,9,6,410
36.0,11,9,7,412
36.0,11,9,8,414
36.0,11,9,9,416
36.0,11,9,10,418
36.0,11,9,11,420
36.0,11,9,12,422
36.0,11,9,13,424
36.0,11,9,14,425
36.0,11,9,15,427
36.0,11,10,0,401
36.0,11,10,1,403
36.0,11,10,2,405
36.0,11,10,3,407
36.0,11,10,4,409
36.0,11,10,5,411
36.0,11,10,6,413
36.0,11,10,7,415
36.0,11,10,8,416
36.0,11,10,9,418
36.0,11,10,10,420
36.0,11,10,11,422
36.0,11,10,12,424
36.0,11,10,13,426
36.0,11,10,14,428
36.0,11,10,15,430
36.0,11,11,0,403
36.0,11,11,1,405
36.0,11,11,2,407
36.0,11,11,3,409
36.0,11,11,4,411
36.0,11,11,5,413
36.0,11,11,6,415
36.0,11,11,7,417
36.0,11,11,8,419
36.0,11,11,9,421
36.0,11,11,10,422
36.0,11,11,11,424
36.0,11,11,12,426
36.0,11,11,13,428
36.0,11,11,14,430
36.0,11,11,15,432
36.0,11,12,0,405
36.0,11,12,1,407
36.0,11,12,2,409
36.0,11,12,3,411
36.0,11,12,4,413
36.0,11,12,5,415
36.0,11,12,6,417
36.0,11,12,7,419
36.0,11,12,8,421
36.0,11,12,9,423
36.0,11,12,10,425
36.0,11,12,11,427
36.0,11,12,12,428
36.0,11,12,13,430
36.0,11,12,14,432
36.0,11,12,15,434
36.0,11,13,0,407
36.0,11,13,1,409
36.0,11,13,2,411
36.0,11,13,3,413
36.0,11,13,4,415
36.0,11,13,5,417
36.0,11,13,6,419
36.0,11,13,7,421
36.0,11,13,8,423
36.0,11,13,9,425
36.0,11,13,10,427
36.0,11,13,11,429
36.0,11,13,12,431
36.0,11,13,13,433
36.0,11,13,14,435
36.0,11,13,15,436
36.0,11,14,0,410
36.0,11,14,1,412
36.0,11,14,2,414
36.0,11,14,3,416
36.0,11,14,4,418
36.0,11,14,5,419
36.0,11,14,6,421
36.0,11,14,7,423
36.0,11,14,8,425
36.0,11,14,9,427
36.0,11,14,10,429
36.0,11,14,11,431
36.0,11,14,12,433
36.0,11,14,13,435
36.0,11,14,14,437
36.0,11,14,15,439
36.0,11,15,0,412
36.0,11,15,1,414
36.0,11,15,2,416
36.0,11,15,3,418
36.0,11,15,4,420
36.0,11,15,5,422
36.0,11,15,6,424
36.0,11,15,7,426
36.0,11,15,8,428
36.0,11,15,9,429
36.0,11,15,10,431
36.0,11,15,11,433
36.0,11,15,12,435
36.0,11,15,13,437
36.0,11,15,14,439
36.0,11,15,15,441
36.0,12,0,0,384
36.0,12,0,1,386
36.0,12,0,2,388
36.0,12,0,3,390
36.0,12,0,4,392
36.0,12,0,5,394
36.0,12,0,6,395
36.0,12,0,7,397
36.0,12,0,8,399
36.0,12,0,9,401
36.0,12,0,10,403
36.0,12,0,11,404
36.0,12,0,12,406
36.0,12,0,13,408
36.0,12,0,14,410
36.0,12,0,15,412
36.0,12,1,0,387
36.0,12,1,1,388
36.0,12,1,2,390
36.0,12,1,3,392
36.0,12,1,4,394
36.0,12,1,5,396
36.0,12,1,6,398
36.0,12,1,7,400
36.0,12,1,8,401
36.0,12,1,9,403
36.0,12,1,10,405
36.0,12,1,11,407
36.0,12,1,12,409
36.0,12,1,13,410
36.0,12,1,14,412
36.0,12,1,15,414
36.0,12,2,0,389
36.0,12,2,1,391
36.0,12,2,2,393
36.0,12,2,3,395
36.0,12,2,4,396
36.0,12,2,5,398
36.0,12,2,6,400
36.0,12,2,7,402
36.0,12,2,8,404
36.0,12,2,9,406
36.0,12,2,10,407
36.0,12,2,11,409
36.0,12,2,12,411
36.0,12,2,13,413
36.0,12,2,14,415
36.0,12,2,15,416
36.0,12,3,0,391
36.0,12,3,1,393
36.0,12,3,2,395
36.0,12,3,3,397
36.0,12,3,4,399
36.0,12,3,5,401
36.0,12,3,6,402
36.0,12,3,7,404
36.0,12,3,8,406
36.0,12,3,9,408
36.0,12,3,10,410
36.0,12,3,11,412
36.0,12,3,12,414
36.0,12,3,13,415
36.0,12,3,14,417
36.0,12,3,15,419
36.0,12,4,0,393
36.0,12,4,1,395
36.0,12,4,2,397
36.0,12,4,3,399
36.0,12,4,4,401
36.0,12,4,5,403
36.0,12,4,6,405
36.0,12,4,7,407
36.0,12,4,8,409
36.0,12,4,9,410
36.0,12,4,10,412
36.0,12,4,11,414
36.0,12,4,12,416
36.0,12,4,13,418
36.0,12,4,14,420
36.0,12,4,15,421
36.0,12,5,0,396
36.0,12,5,1,398
36.0,12,5,2,399
36.0,12,5,3,401
36.0,12,5,4,403
36.0,12,5,5,405
36.0,12,5,6,407
36.0,12,5,7,409
36.0,12,5,8,411
36.0,12,5,9,413
36.0,12,5,10,415
36.0,12,5,11,416
36.0,12,5,12,418
36.0,12,5,13,420
36.0,12,5,14,422
36.0,12,5,15,424
36.0,12,6,0,398
36.0,12,6,1,400
36.0,12,6,2,402
36.0,12,6,3,404
36.0,12,6,4,406
36.0,12,6,5,408
36.0,12,6,6,409
36.0,12,6,7,411
36.0,12,6,8,413
36.0,12,6,9,415
36.0,12,6,10,417
36.0,12,6,11,419
36.0,12,6,12,421
36.0,12,6,13,423
36.0,12,6,14,424
36.0,12,6,15,426
36.0,12,7,0,400
36.0,12,7,1,402
36.0,12,7,2,404
36.0,12,7,3,406
36.0,12,7,4,408
36.0,12,7,5,410
36.0,12,7,6,412
36.0,12,7,7,414
36.0,12,7,8,416
36.0,12,7,9,417
36.0,12,7,10,419
36.0,12,7,11,421
36.0,12,7,12,423
36.0,12,7,13,425
36.0,12,7,14,427
36.0,12,7,15,429
36.0,12,8,0,402
36.0,12,8,1,404
36.0,12,8,2,406
36.0,12,8,3,408
36.0,12,8,4,410
36.0,12,8,5,412
36.0,12,8,6,414
36.0,12,8,7,416
36.0,12,8,8,418
36.0,12,8,9,420
36.0,12,8,10,422
36.0,12,8,11,423
36.0,12,8,12,425
36.0,12,8,13,427
36.0,12,8,14,429
36.0,12,8,15,431
36.0,12,9,0,405
36.0,12,9,1,407
36.0,12,9,2,408
36.0,12,9,3,410
36.0,12,9,4,412
36.0,12,9,5,414
36.0,12,9,6,416
36.0,12,9,7,418
36.0,12,9,8,420
36.0,12,9,9,422
36.0,12,9,10,424
36.0,12,9,11,426
36.0,12,9,12,428
36.0,12,9,13,430
36.0,12,9,14,431
36.0,12,9,15,433
36.0,12,10,0,407
36.0,12,10,1,409
36.0,12,10,2,411
36.0,12,10,3,413
36.0,12,10,4,415
36.0,12,10,5,417
36.0,12,10,6,419
36.0,12,10,7,420
36.0,12,10,8,422
36.0,12,10,9,424
36.0,12,10,10,426
36.0,12,10,11,428
36.0,12,10,12,430
36.0,12,10,13,432
36.0,12,10,14,434
36.0,12,10,15,436
36.0,12,11,0,409
36.0,12,11,1,411
36.0,12,11,2,413
36.0,12,11,3,415
36.0,12,11,4,417
36.0,12,11,5,419
36.0,12,11,6,421
36.0,12,11,7,423
36.0,12,11,8,425
36.0,12,11,9,427
36.0,12,11,10,429
36.0,12,11,11,430
36.0,12,11,12,432
36.0,12,11,13,434
36.0,12,11,14,436
36.0,12,11,15,438
36.0,12,12,0,411
36.0,12,12,1,413
36.0,12,12,2,415
36.0,12,12,3,417
36.0,12,12,4,419
36.0,12,12,5,421
36.0,12,12,6,423
36.0,12,12,7,425
36.0,12,12,8,427
36.0,12,12,9,429
36.0,12,12,10,431
36.0,12,12,11,433
36.0,12,12,12,435
36.0,12,12,13,437
36.0,12,12,14,438
36.0,12,12,15,440
36.0,12,13,0,413
36.0,12,13,1,415
36.0,12,13,2,417
36.0,12,13,3,419
36.0,12,13,4,421
36.0,12,13,5,423
36.0,12,13,6,425
36.0,12,13,7,427
36.0,12,13,8,429
36.0,12,13,9,431
36.0,12,13,10,433
36.0,12,13,11,435
36.0,12,13,12,437
36.0,12,13,13,439
36.0,12,13,14,441
36.0,12,13,15,443
36.0,12,14,0,415
36.0,12,14,1,417
36.0,12,14,2,419
36.0,12,14,3,421
36.0,12,14,4,423
36.0,12,14,5,425
36.0,12,14,6,427
36.0,12,14,7,429
36.0,12,14,8,431
36.0,12,14,9,433
36.0,12,14,10,435
36.0,12,14,11,437
36.0,12,14,12,439
36.0,12,14,13,441
36.0,12,14,14,443
36.0,12,14,15,445
36.0,12,15,0,418
36.0,12,15,1,420
36.0,12,15,2,422
36.0,12,15,3,424
36.0,12,15,4,426
36.0,12,15,5,428
36.0,12,15,6,430
36.0,12,15,7,432
36.0,12,15,8,434
36.0,12,15,9,436
36.0,12,15,10,438
36.0,12,15,11,439
36.0,12,15,12,441
36.0,12,15,13,443
36.0,12,15,14,445
36.0,12,15,15,447
36.0,13,0,0,390
36.0,13,0,1,392
36.0,13,0,2,393
36.0,13,0,3,395
36.0,13,0,4,397
36.0,13,0,5,399
36.0,13,0,6,401
36.0,13,0,7,403
36.0,13,0,8,405
36.0,13,0,9,406
36.0,13,0,10,408
36.0,13,0,11,410
36.0,13,0,12,412
36.0,13,0,13,414
36.0,13,0,14,416
36.0,13,0,15,417
36.0,13,1,0,392
36.0,13,1,1,394
36.0,13,1,2,396
36.0,13,1,3,398
36.0,13,1,4,400
36.0,13,1,5,401
36.0,13,1,6,403
36.0,13,1,7,405
36.0,13,1,8,407
36.0,13,1,9,409
36.0,13,1,10,411
36.0,13,1,11,413
36.0,13,1,12,414
36.0,13,1,13,416
36.0,13,1,14,418
36.0,13,1,15,420
36.0,13,2,0,394
36.0,13,2,1,396
36.0,13,2,2,398
36.0,13,2,3,400
36.0,13,2,4,402
36.0,13,2,5,404
36.0,13,2,6,406
36.0,13,2,7,408
36.0,13,2,8,409
36.0,13,2,9,411
36.0,13,2,10,413
36.0,13,2,11,415
36.0,13,2,12,417
36.0,13,2,13,419
36.0,13,2,14,421
36.0,13,2,15,422
36.0,13,3,0,397
36.0,13,3,1,399
36.0,13,3,2,400
36.0,13,3,3,402
36.0,13,3,4,404
36.0,13,3,5,406
36.0,13,3,6,408
36.0,13,3,7,410
36.0,13,3,8,412
36.0,13,3,9,414
36.0,13,3,10,416
36.0,13,3,11,417
36.0,13,3,12,419
36.0,13,3,13,421
36.0,13,3,14,423
36.0,13,3,15,425
36.0,13,4,0,399
36.0,13,4,1,401
36.0,13,4,2,403
36.0,13,4,3,405
36.0,13,4,4,407
36.0,13,4,5,409
36.0,13,4,6,411
36.0,13,4,7,412
36.0,13,4,8,414
36.0,13,4,9,416
36.0,13,4,10,418
36.0,13,4,11,420
36.0,13,4,12,422
36.0,13,4,13,424
36.0,13,4,14,425
36.0,13,4,15,427
36.0,13,5,0,401
36.0,13,5,1,403
36.0,13,5,2,405
36.0,13,5,3,407
36.0,13,5,4,409
36.0,13,5,5,411
36.0,13,5,6,413
36.0,13,5,7,415
36.0,13,5,8,417
36.0,13,5,9,419
36.0,13,5,10,420
36.0,13,5,11,422
36.0,13,5,12,424
36.0,13,5,13,426
36.0,13,5,14,428
36.0,13,5,15,430
36.0,13,6,0,403
36.0,13,6,1,405
36.0,13,6,2,407
36.0,13,6,3,409
36.0,13,6,4,411
36.0,13,6,5,413
36.0,13,6,6,415
36.0,13,6,7,417
36.0,13,6,8,419
36.0,13,6,9,421
36.0,13,6,10,423
36.0,13,6,11,425
36.0,13,6,12,427
36.0,13,6,13,428
36.0,13,6,14,430
36.0,13,6,15,432
36.0,13,7,0,406
36.0,13,7,1,408
36.0,13,7,2,410
36.0,13,7,3,412
36.0,13,7,4,414
36.0,13,7,5,416
36.0,13,7,6,418
36.0,13,7,7,419
36.0,13,7,8,421
36.0,13,7,9,423
36.0,13,7,10,425
36.0,13,7,11,427
36.0,13,7,12,429
36.0,13,7,13,431
36.0,13,7,14,433
36.0,13,7,15,435
36.0,13,8,0,408
36.0,13,8,1,410
36.0,13,8,2,412
36.0,13,8,3,414
36.0,13,8,4,416
36.0,13,8,5,418
36.0,13,8,6,420
36.0,13,8,7,422
36.0,13,8,8,424
36.0,13,8,9,426
36.0,13,8,10,428
36.0,13,8,11,429
36.0,13,8,12,431
36.0,13,8,13,433
36.0,13,8,14,435
36.0,13,8,15,437
36.0,13,9,0,410
36.0,13,9,1,412
36.0,13,9,2,414
36.0,13,9,3,416
36.0,13,9,4,418
36.0,13,9,5,420
36.0,13,9,6,422
36.0,13,9,7,424
36.0,13,9,8,426
36.0,13,9,9,428
36.0,13,9,10,430
36.0,13,9,11,432
36.0,13,9,12,434
36.0,13,9,13,436
36.0,13,9,14,438
36.0,13,9,15,439
36.0,13,10,0,412
36.0,13,10,1,414
36.0,13,10,2,416
36.0,13,10,3,418
36.0,13,10,4,420
36.0,13,10,5,422
36.0,13,10,6,424
36.0,13,10,7,426
36.0,13,10,8,428
36.0,13,10,9,430
36.0,13,10,10,432
36.0,13,10,11,434
36.0,13,10,12,436
36.0,13,10,13,438
36.0,13,10,14,440
36.0,13,10,15,442
36.0,13,11,0,415
36.0,13,11,1,417
36.0,13,11,2,419
36.0,13,11,3,421
36.0,13,11,4,423
36.0,13,11,5,425
36.0,13,11,6,427
36.0,13,11,7,429
36.0,13,11,8,431
36.0,13,11,9,433
36.0,13,11,10,435
36.0,13,11,11,436
36.0,13,11,12,438
36.0,13,11,13,440
36.0,13,11,14,442
36.0,13,11,15,444
36.0,13,12,0,417
36.0,13,12,1,419
36.0,13,12,2,421
36.0,13,12,3,423
36.0,13,12,4,425
36.0,13,12,5,427
36.0,13,12,6,429
36.0,13,12,7,431
36.0,13,12,8,433
36.0,13,12,9,435
36.0,13,12,10,437
36.0,13,12,11,439
36.0,13,12,12,441
36.0,13,12,13,443
36.0,13,12,14,445
36.0,13,12,15,447
36.0,13,13,0,419
36.0,13,13,1,421
36.0,13,13,2,423
36.0,13,13,3,425
36.0,13,13,4,427
36.0,13,13,5,429
36.0,13,13,6,431
36.0,13,13,7,433
36.0,13,13,8,435
36.0,13,13,9,437
36.0,13,13,10,439
36.0,13,13,11,441
36.0,13,13,12,443
36.0,13,13,13,445
36.0,13,13,14,447
36.0,13,13,15,449
36.0,13,14,0,421
36.0,13,14,1,423
36.0,13,14,2,425
36.0,13,14,3,427
36.0,13,14,4,429
36.0,13,14,5,431
36.0,13,14,6,433
36.0,13,14,7,435
36.0,13,14,8,437
36.0,13,14,9,439
36.0,13,14,10,441
36.0,13,14,11,443
36.0,13,14,12,445
36.0,13,14,13,447
36.0,13,14,14,449
36.0,13,14,15,451
36.0,13,15,0,423
36.0,13,15,1,425
36.0,13,15,2,428
36.0,13,15,3,430
36.0,13,15,4,432
36.0,13,15,5,434
36.0,13,15,6,436
36.0,13,15,7,438
36.0,13,15,8,440
36.0,13,15,9,442
36.0,13,15,10,444
36.0,13,15,11,446
36.0,13,15,12,448
36.0,13,15,13,450
36.0,13,15,14,452
36.0,13,15,15,454
36.0,14,0,0,395
36.0,14,0,1,397
36.0,14,0,2,399
36.0,14,0,3,401
36.0,14,0,4,403
36.0,14,0,5,405
36.0,14,0,6,407
36.0,14,0,7,408
36.0,14,0,8,410
36.0,14,0,9,412
36.0,14,0,10,414
36.0,14,0,11,416
36.0,14,0,12,418
36.0,14,0,13,420
36.0,14,0,14,421
36.0,14,0,15,423
36.0,14,1,0,397
36.0,14,1,1,399
36.0,14,1,2,401
36.0,14,1,3,403
36.0,14,1,4,405
36.0,14,1,5,407
36.0,14,1,6,409
36.0,14,1,7,411
36.0,14,1,8,413
36.0,14,1,9,415
36.0,14,1,10,416
36.0,14,1,11,418
36.0,14,1,12,420
36.0,14,1,13,422
36.0,14,1,14,424
36.0,14,1,15,426
36.0,14,2,0,400
36.0,14,2,1,402
36.0,14,2,2,404
36.0,14,2,3,406
36.0,14,2,4,408
36.0,14,2,5,409
36.0,14,2,6,411
36.0,14,2,7,413
36.0,14,2,8,415
36.0,14,2,9,417
36.0,14,2,10,419
36.0,14,2,11,421
36.0,14,2,12,423
36.0,14,2,13,425
36.0,14,2,14,426
36.0,14,2,15,428
36.0,14,3,0,402
36.0,14,3,1,404
36.0,14,3,2,406
36.0,14,3,3,408
36.0,14,3,4,410
36.0,14,3,5,412
36.0,14,3,6,414
36.0,14,3,7,416
36.0,14,3,8,418
36.0,14,3,9,420
36.0,14,3,10,421
36.0,14,3,11,423
36.0,14,3,12,425
36.0,14,3,13,427
36.0,14,3,14,429
36.0,14,3,15,431
36.0,14,4,0,404
36.0,14,4,1,406
36.0,14,4,2,408
36.0,14,4,3,410
36.0,14,4,4,412
36.0,14,4,5,414
36.0,14,4,6,416
36.0,14,4,7,418
36.0,14,4,8,420
36.0,14,4,9,422
36.0,14,4,10,424
36.0,14,4,11,426
36.0,14,4,12,428
36.0,14,4,13,430
36.0,14,4,14,431
36.0,14,4,15,433
36.0,14,5,0,407
36.0,14,5,1,409
36.0,14,5,2,411
36.0,14,5,3,413
36.0,14,5,4,415
36.0,14,5,5,417
36.0,14,5,6,419
36.0,14,5,7,421
36.0,14,5,8,422
36.0,14,5,9,424
36.0,14,5,10,426
36.0,14,5,11,428
36.0,14,5,12,430
36.0,14,5,13,432
36.0,14,5,14,434
36.0,14,5,15,436
36.0,14,6,0,409
36.0,14,6,1,411
36.0,14,6,2,413
36.0,14,6,3,415
36.0,14,6,4,417
36.0,14,6,5,419
36.0,14,6,6,421
36.0,14,6,7,423
36.0,14,6,8,425
36.0,14,6,9,427
36.0,14,6,10,429
36.0,14,6,11,431
36.0,14,6,12,433
36.0,14,6,13,434
36.0,14,6,14,436
36.0,14,6,15,438
36.0,14,7,0,411
36.0,14,7,1,413
36.0,14,7,2,415
36.0,14,7,3,417
36.0,14,7,4,419
36.0,14,7,5,421
36.0,14,7,6,423
36.0,14,7,7,425
36.0,14,7,8,427
36.0,14,7,9,429
36.0,14,7,10,431
36.0,14,7,11,433
36.0,14,7,12,435
36.0,14,7,13,437
36.0,14,7,14,439
36.0,14,7,15,441
36.0,14,8,0,414
36.0,14,8,1,416
36.0,14,8,2,418
36.0,14,8,3,420
36.0,14,8,4,422
36.0,14,8,5,424
36.0,14,8,6,426
36.0,14,8,7,428
36.0,14,8,8,430
36.0,14,8,9,432
36.0,14,8,10,434
36.0,14,8,11,435
36.0,14,8,12,437
36.0,14,8,13,439
36.0,14,8,14,441
36.0,14,8,15,443
36.0,14,9,0,416
36.0,14,9,1,418
36.0,14,9,2,420
36.0,14,9,3,422
36.0,14,9,4,424
36.0,14,9,5,426
36.0,14,9,6,428
36.0,14,9,7,430
36.0,14,9,8,432
36.0,14,9,9,434
36.0,14,9,10,436
36.0,14,9,11,438
36.0,14,9,12,440
36.0,14,9,13,442
36.0,14,9,14,444
36.0,14,9,15,446
36.0,14,10,0,418
36.0,14,10,1,420
36.0,14,10,2,422
36.0,14,10,3,424
36.0,14,10,4,426
36.0,14,10,5,428
36.0,14,10,6,430
36.0,14,10,7,432
36.0,14,10,8,434
36.0,14,10,9,436
36.0,14,10,10,438
36.0,14,10,11,440
36.0,14,10,12,442
36.0,14,10,13,444
36.0,14,10,14,446
36.0,14,10,15,448
36.0,14,11,0,420
36.0,14,11,1,423
36.0,14,11,2,425
36.0,14,11,3,427
36.0,14,11,4,429
36.0,14,11,5,431
36.0,14,11,6,433
36.0,14,11,7,435
36.0,14,11,8,437
36.0,14,11,9,439
36.0,14,11,10,441
36.0,14,11,11,443
36.0,14,11,12,445
36.0,14,11,13,446
36.0,14,11,14,448
36.0,14,11,15,450
36.0,14,12,0,423
36.0,14,12,1,425
36.0,14,12,2,427
36.0,14,12,3,429
36.0,14,12,4,431
36.0,14,12,5,433
36.0,14,12,6,435
36.0,14,12,7,437
36.0,14,12,8,439
36.0,14,12,9,441
36.0,14,12,10,443
36.0,14,12,11,445
36.0,14,12,12,447
36.0,14,12,13,449
36.0,14,12,14,451
36.0,14,12,15,453
36.0,14,13,0,425
36.0,14,13,1,427
36.0,14,13,2,429
36.0,14,13,3,431
36.0,14,13,4,433
36.0,14,13,5,435
36.0,14,13,6,437
36.0,14,13,7,439
36.0,14,13,8,441
36.0,14,13,9,443
36.0,14,13,10,445
36.0,14,13,11,447
36.0,14,13,12,449
36.0,14,13,13,451
36.0,14,13,14,453
36.0,14,13,15,455
36.0,14,14,0,427
36.0,14,14,1,429
36.0,14,14,2,431
36.0,14,14,3,433
36.0,14,14,4,435
36.0,14,14,5,437
36.0,14,14,6,440
36.0,14,14,7,442
36.0,14,14,8,444
36.0,14,14,9,446
36.0,14,14,10,448
36.0,14,14,11,450
36.0,14,14,12,452
36.0,14,14,13,454
36.0,14,14,14,456
36.0,14,14,15,457
36.0,14,15,0,429
36.0,14,15,1,431
36.0,14,15,2,434
36.0,14,15,3,436
36.0,14,15,4,438
36.0,14,15,5,440
36.0,14,15,6,442
36.0,14,15,7,444
36.0,14,15,8,446
36.0,14,15,9,448
36.0,14,15,10,450
36.0,14,15,11,452
36.0,14,15,12,454
36.0,14,15,13,456
36.0,14,15,14,458
36.0,14,15,15,460
36.0,15,0,0,400
36.0,15,0,1,402
36.0,15,0,2,404
36.0,15,0,3,406
36.0,15,0,4,408
36.0,15,0,5,410
36.0,15,0,6,412
36.0,15,0,7,414
36.0,15,0,8,416
36.0,15,0,9,418
36.0,15,0,10,420
36.0,15,0,11,422
36.0,15,0,12,423
36.0,15,0,13,425
36.0,15,0,14,427
36.0,15,0,15,429
36.0,15,1,0,403
36.0,15,1,1,405
36.0,15,1,2,407
36.0,15,1,3,409
36.0,15,1,4,411
36.0,15,1,5,413
36.0,15,1,6,415
36.0,15,1,7,416
36.0,15,1,8,418
36.0,15,1,9,420
36.0,15,1,10,422
36.0,15,1,11,424
36.0,15,1,12,426
36.0,15,1,13,428
36.0,15,1,14,430
36.0,15,1,15,432
36.0,15,2,0,405
36.0,15,2,1,407
36.0,15,2,2,409
36.0,15,2,3,411
36.0,15,2,4,413
36.0,15,2,5,415
36.0,15,2,6,417
36.0,15,2,7,419
36.0,15,2,8,421
36.0,15,2,9,423
36.0,15,2,10,425
36.0,15,2,11,427
36.0,15,2,12,428
36.0,15,2,13,430
36.0,15,2,14,432
36.0,15,2,15,434
36.0,15,3,0,408
36.0,15,3,1,410
36.0,15,3,2,412
36.0,15,3,3,414
36.0,15,3,4,416
36.0,15,3,5,418
36.0,15,3,6,419
36.0,15,3,7,421
36.0,15,3,8,423
36.0,15,3,9,425
36.0,15,3,10,427
36.0,15,3,11,429
36.0,15,3,12,431
36.0,15,3,13,433
36.0,15,3,14,435
36.0,15,3,15,437
36.0,15,4,0,410
36.0,15,4,1,412
36.0,15,4,2,414
36.0,15,4,3,416
36.0,15,4,4,418
36.0,15,4,5,420
36.0,15,4,6,422
36.0,15,4,7,424
36.0,15,4,8,426
36.0,15,4,9,428
36.0,15,4,10,430
36.0,15,4,11,432
36.0,15,4,12,433
36.0,15,4,13,435
36.0,15,4,14,437
36.0,15,4,15,439
36.0,15,5,0,412
36.0,15,5,1,414
36.0,15,5,2,416
36.0,15,5,3,418
36.0,15,5,4,420
36.0,15,5,5,422
36.0,15,5,6,424
36.0,15,5,7,426
36.0,15,5,8,428
36.0,15,5,9,430
36.0,15,5,10,432
36.0,15,5,11,434
36.0,15,5,12,436
36.0,15,5,13,438
36.0,15,5,14,440
36.0,15,5,15,442
36.0,15,6,0,415
36.0,15,6,1,417
36.0,15,6,2,419
36.0,15,6,3,421
36.0,15,6,4,423
36.0,15,6,5,425
36.0,15,6,6,427
36.0,15,6,7,429
36.0,15,6,8,431
36.0,15,6,9,433
36.0,15,6,10,435
36.0,15,6,11,437
36.0,15,6,12,438
36.0,15,6,13,440
36.0,15,6,14,442
36.0,15,6,15,444
36.0,15,7,0,417
36.0,15,7,1,419
36.0,15,7,2,421
36.0,15,7,3,423
36.0,15,7,4,425
36.0,15,7,5,427
36.0,15,7,6,429
36.0,15,7,7,431
36.0,15,7,8,433
36.0,15,7,9,435
36.0,15,7,10,437
36.0,15,7,11,439
36.0,15,7,12,441
36.0,15,7,13,443
36.0,15,7,14,445
36.0,15,7,15,447
36.0,15,8,0,419
36.0,15,8,1,421
36.0,15,8,2,423
36.0,15,8,3,425
36.0,15,8,4,428
36.0,15,8,5,430
36.0,15,8,6,432
36.0,15,8,7,434
36.0,15,8,8,436
36.0,15,8,9,437
36.0,15,8,10,439
36.0,15,8,11,441
36.0,15,8,12,443
36.0,15,8,13,445
36.0,15,8,14,447
36.0,15,8,15,449
36.0,15,9,0,422
36.0,15,9,1,424
36.0,15,9,2,426
36.0,15,9,3,428
36.0,15,9,4,430
36.0,15,9,5,432
36.0,15,9,6,434
36.0,15,9,7,436
36.0,15,9,8,438
36.0,15,9,9,440
36.0,15,9,10,442
36.0,15,9,11,444
36.0,15,9,12,446
36.0,15,9,13,448
36.0,15,9,14,450
36.0,15,9,15,452
36.0,15,10,0,424
36.0,15,10,1,426
36.0,15,10,2,428
36.0,15,10,3,430
36.0,15,10,4,432
36.0,15,10,5,434
36.0,15,10,6,436
36.0,15,10,7,438
36.0,15,10,8,440
36.0,15,10,9,442
36.0,15,10,10,444
36.0,15,10,11,446
36.0,15,10,12,448
36.0,15,10,13,450
36.0,15,10,14,452
36.0,15,10,15,454
36.0,15,11,0,426
36.0,15,11,1,428
36.0,15,11,2,430
36.0,15,11,3,432
36.0,15,11,4,434
36.0,15,11,5,437
36.0,15,11,6,439
36.0,15,11,7,441
36.0,15,11,8,443
36.0,15,11,9,445
36.0,15,11,10,447
36.0,15,11,11,449
36.0,15,11,12,451
36.0,15,11,13,453
36.0,15,11,14,455
36.0,15,11,15,457
36.0,15,12,0,428
36.0,15,12,1,431
36.0,15,12,2,433
36.0,15,12,3,435
36.0,15,12,4,437
36.0,15,12,5,439
36.0,15,12,6,441
36.0,15,12,7,443
36.0,15,12,8,445
36.0,15,12,9,447
36.0,15,12,10,449
36.0,15,12,11,451
36.0,15,12,12,453
36.0,15,12,13,455
36.0,15,12,14,457
36.0,15,12,15,459
36.0,15,13,0,431
36.0,15,13,1,433
36.0,15,13,2,435
36.0,15,13,3,437
36.0,15,13,4,439
36.0,15,13,5,441
36.0,15,13,6,443
36.0,15,13,7,445
36.0,15,13,8,447
36.0,15,13,9,449
36.0,15,13,10,451
36.0,15,13,11,453
36.0,15,13,12,455
36.0,15,13,13,457
36.0,15,13,14,459
36.0,15,13,15,461
36.0,15,14,0,433
36.0,15,14,1,435
36.0,15,14,2,437
36.0,15,14,3,439
36.0,15,14,4,441
36.0,15,14,5,443
36.0,15,14,6,446
36.0,15,14,7,448
36.0,15,14,8,450
36.0,15,14,9,452
36.0,15,14,10,454
36.0,15,14,11,456
36.0,15,14,12,458
36.0,15,14,13,460
36.0,15,14,14,462
36.0,15,14,15,464
36.0,15,15,0,435
36.0,15,15,1,437
36.0,15,15,2,439
36.0,15,15,3,442
36.0,15,15,4,444
36.0,15,15,5,446
36.0,15,15,6,448
36.0,15,15,7,450
36.0,15,15,8,452
36.0,15,15,9,454
36.0,15,15,10,456
36.0,15,15,11,458
36.0,15,15,12,460
36.0,15,15,13,462
36.0,15,15,14,464
36.0,15,15,15,466
36.5,0,0,0,322
36.5,0,0,1,323
36.5,0,0,2,325
36.5,0,0,3,326
36.5,0,0,4,328
36.5,0,0,5,329
36.5,0,0,6,331
36.5,0,0,7,332
36.5,0,0,8,334
36.5,0,0,9,336
36.5,0,0,10,337
36.5,0,0,11,339
36.5,0,0,12,340
36.5,0,0,13,342
36.5,0,0,14,343
36.5,0,0,15,344
36.5,0,1,0,324
36.5,0,1,1,325
36.5,0,1,2,327
36.5,0,1,3,328
36.5,0,1,4,330
36.5,0,1,5,331
36.5,0,1,6,333
36.5,0,1,7,334
36.5,0,1,8,336
36.5,0,1,9,338
36.5,0,1,10,339
36.5,0,1,11,341
36.5,0,1,12,342
36.5,0,1,13,344
36.5,0,1,14,345
36.5,0,1,15,347
36.5,0,2,0,325
36.5,0,2,1,327
36.5,0,2,2,329
36.5,0,2,3,330
36.5,0,2,4,332
36.5,0,2,5,333
36.5,0,2,6,335
36.5,0,2,7,336
36.5,0,2,8,338
36.5,0,2,9,340
36.5,0,2,10,341
36.5,0,2,11,343
36.5,0,2,12,344
36.5,0,2,13,346
36.5,0,2,14,347
36.5,0,2,15,349
36.5,0,3,0,327
36.5,0,3,1,329
36.5,0,3,2,331
36.5,0,3,3,332
36.5,0,3,4,334
36.5,0,3,5,335
36.5,0,3,6,337
36.5,0,3,7,338
36.5,0,3,8,340
36.5,0,3,9,342
36.5,0,3,10,343
36.5,0,3,11,345
36.5,0,3,12,346
36.5,0,3,13,348
36.5,0,3,14,349
36.5,0,3,15,351
36.5,0,4,0,329
36.5,0,4,1,331
36.5,0,4,2,333
36.5,0,4,3,334
36.5,0,4,4,336
36.5,0,4,5,337
36.5,0,4,6,339
36.5,0,4,7,340
36.5,0,4,8,342
36.5,0,4,9,344
36.5,0,4,10,345
36.5,0,4,11,347
36.5,0,4,12,348
36.5,0,4,13,350
36.5,0,4,14,351
36.5,0,4,15,353
36.5,0,5,0,331
36.5,0,5,1,333
36.5,0,5,2,334
36.5,0,5,3,336
36.5,0,5,4,338
36.5,0,5,5,339
36.5,0,5,6,341
36.5,0,5,7,342
36.5,0,5,8,344
36.5,0,5,9,345
36.5,0,5,10,347
36.5,0,5,11,349
36.5,0,5,12,350
36.5,0,5,13,352
36.5,0,5,14,353
36.5,0,5,15,355
36.5,0,6,0,333
36.5,0,6,1,335
36.5,0,6,2,336
36.5,0,6,3,338
36.5,0,6,4,340
36.5,0,6,5,341
36.5,0,6,6,343
36.5,0,6,7,344
36.5,0,6,8,346
36.5,0,6,9,347
36.5,0,6,10,349
36.5,0,6,11,351
36.5,0,6,12,352
36.5,0,6,13,354
36.5,0,6,14,355
36.5,0,6,15,357
36.5,0,7,0,335
36.5,0,7,1,337
36.5,0,7,2,338
36.5,0,7,3,340
36.5,0,7,4,341
36.5,0,7,5,343
36.5,0,7,6,345
36.5,0,7,7,346
36.5,0,7,8,348
36.5,0,7,9,349
36.5,0,7,10,351
36.5,0,7,11,353
36.5,0,7,12,354
36.5,0,7,13,356
36.5,0,7,14,357
36.5,0,7,15,359
36.5,0,8,0,337
36.5,0,8,1,338
36.5,0,8,2,340
36.5,0,8,3,342
36.5,0,8,4,343
36.5,0,8,5,345
36.5,0,8,6,347
36.5,0,8,7,348
36.5,0,8,8,350
36.5,0,8,9,351
36.5,0,8,10,353
36.5,0,8,11,355
36.5,0,8,12,356
36.5,0,8,13,358
36.5,0,8,14,359
36.5,0,8,15,361
36.5,0,9,0,339
36.5,0,9,1,340
36.5,0,9,2,342
36.5,0,9,3,344
36.5,0,9,4,345
36.5,0,9,5,347
36.5,0,9,6,348
36.5,0,9,7,350
36.5,0,9,8,352
36.5,0,9,9,353
36.5,0,9,10,355
36.5,0,9,11,356
36.5,0,9,12,358
36.5,0,9,13,360
36.5,0,9,14,361
36.5,0,9,15,363
36.5,0,10,0,340
36.5,0,10,1,342
36.5,0,10,2,344
36.5,0,10,3,345
36.5,0,10,4,347
36.5,0,10,5,349
36.5,0,10,6,350
36.5,0,10,7,352
36.5,0,10,8,354
36.5,0,10,9,355
36.5,0,10,10,357
36.5,0,10,11,358
36.5,0,10,12,360
36.5,0,10,13,362
36.5,0,10,14,363
36.5,0,10,15,365
36.5,0,11,0,342
36.5,0,11,1,344
36.5,0,11,2,346
36.5,0,11,3,347
36.5,0,11,4,349
36.5,0,11,5,351
36.5,0,11,6,352
36.5,0,11,7,354
36.5,0,11,8,355
36.5,0,11,9,357
36.5,0,11,10,359
36.5,0,11,11,360
36.5,0,11,12,362
36.5,0,11,13,363
36.5,0,11,14,365
36.5,0,11,15,367
36.5,0,12,0,344
36.5,0,12,1,346
36.5,0,12,2,347
36.5,0,12,3,349
36.5,0,12,4,351
36.5,0,12,5,352
36.5,0,12,6,354
36.5,0,12,7,356
36.5,0,12,8,357
36.5,0,12,9,359
36.5,0,12,10,361
36.5,0,12,11,362
36.5,0,12,12,364
36.5,0,12,13,365
36.5,0,12,14,367
36.5,0,12,15,369
36.5,0,13,0,346
36.5,0,13,1,348
36.5,0,13,2,349
36.5,0,13,3,351
36.5,0,13,4,353
36.5,0,13,5,354
36.5,0,13,6,356
36.5,0,13,7,358
36.5,0,13,8,359
36.5,0,13,9,361
36.5,0,13,10,363
36.5,0,13,11,364
36.5,0,13,12,366
36.5,0,13,13,367
36.5,0,13,14,369
36.5,0,13,15,371
36.5,0,14,0,348
36.5,0,14,1,349
36.5,0,14,2,351
36.5,0,14,3,353
36.5,0,14,4,354
36.5,0,14,5,356
36.5,0,14,6,358
36.5,0,14,7,359
36.5,0,14,8,361
36.5,0,14,9,363
36.5,0,14,10,364
36.5,0,14,11,366
36.5,0,14,12,368
36.5,0,14,13,369
36.5,0,14,14,371
36.5,0,14,15,372
36.5,0,15,0,350
36.5,0,15,1,351
36.5,0,15,2,353
36.5,0,15,3,355
36.5,0,15,4,356
36.5,0,15,5,358
36.5,0,15,6,360
36.5,0,15,7,361
36.5,0,15,8,363
36.5,0,15,9,365
36.5,0,15,10,366
36.5,0,15,11,368
36.5,0,15,12,370
36.5,0,15,13,371
36.5,0,15,14,373
36.5,0,15,15,374
36.5,1,0,0,327
36.5,1,0,1,329
36.5,1,0,2,330
36.5,1,0,3,332
36.5,1,0,4,333
36.5,1,0,5,335
36.5,1,0,6,337
36.5,1,0,7,338
36.5,1,0,8,340
36.5,1,0,9,341
36.5,1,0,10,343
36.5,1,0,11,344
36.5,1,0,12,346
36.5,1,0,13,347
36.5,1,0,14,349
36.5,1,0,15,350
36.5,1,1,0,329
36.5,1,1,1,331
36.5,1,1,2,332
36.5,1,1,3,334
36.5,1,1,4,335
36.5,1,1,5,337
36.5,1,1,6,339
36.5,1,1,7,340
36.5,1,1,8,342
36.5,1,1,9,343
36.5,1,1,10,345
36.5,1,1,11,346
36.5,1,1,12,348
36.5,1,1,13,349
36.5,1,1,14,351
36.5,1,1,15,352
36.5,1,2,0,331
36.5,1,2,1,333
36.5,1,2,2,334
36.5,1,2,3,336
36.5,1,2,4,337
36.5,1,2,5,339
36.5,1,2,6,341
36.5,1,2,7,342
36.5,1,2,8,344
36.5,1,2,9,345
36.5,1,2,10,347
36.5,1,2,11,348
36.5,1,2,12,350
36.5,1,2,13,351
36.5,1,2,14,353
36.5,1,2,15,355
36.5,1,3,0,333
36.5,1,3,1,335
36.5,1,3,2,336
36.5,1,3,3,338
36.5,1,3,4,339
36.5,1,3,5,341
36.5,1,3,6,343
36.5,1,3,7,344
36.5,1,3,8,346
36.5,1,3,9,347
36.5,1,3,10,349
36.5,1,3,11,350
36.5,1,3,12,352
36.5,1,3,13,354
36.5,1,3,14,355
36.5,1,3,15,357
36.5,1,4,0,335
36.5,1,4,1,337
36.5,1,4,2,338
36.5,1,4,3,340
36.5,1,4,4,341
36.5,1,4,5,343
36.5,1,4,6,345
36.5,1,4,7,346
36.5,1,4,8,348
36.5,1,4,9,349
36.5,1,4,10,351
36.5,1,4,11,352
36.5,1,4,12,354
36.5,1,4,13,356
36.5,1,4,14,357
36.5,1,4,15,359
36.5,1,5,0,337
36.5,1,5,1,338
36.5,1,5,2,340
36.5,1,5,3,342
36.5,1,5,4,343
36.5,1,5,5,345
36.5,1,5,6,347
36.5,1,5,7,348
36.5,1,5,8,350
36.5,1,5,9,351
36.5,1,5,10,353
36.5,1,5,11,355
36.5,1,5,12,356
36.5,1,5,13,358
36.5,1,5,14,359
36.5,1,5,15,361
36.5,1,6,0,339
36.5,1,6,1,340
36.5,1,6,2,342
36.5,1,6,3,344
36.5,1,6,4,345
36.5,1,6,5,347
36.5,1,6,6,349
36.5,1,6,7,350
36.5,1,6,8,352
36.5,1,6,9,353
36.5,1,6,10,355
36.5,1,6,11,357
36.5,1,6,12,358
36.5,1,6,13,360
36.5,1,6,14,361
36.5,1,6,15,363
36.5,1,7,0,341
36.5,1,7,1,342
36.5,1,7,2,344
36.5,1,7,3,346
36.5,1,7,4,347
36.5,1,7,5,349
36.5,1,7,6,350
36.5,1,7,7,352
36.5,1,7,8,354
36.5,1,7,9,355
36.5,1,7,10,357
36.5,1,7,11,359
36.5,1,7,12,360
36.5,1,7,13,362
36.5,1,7,14,363
36.5,1,7,15,365
36.5,1,8,0,342
36.5,1,8,1,344
36.5,1,8,2,346
36.5,1,8,3,348
36.5,1,8,4,349
36.5,1,8,5,351
36.5,1,8,6,352
36.5,1,8,7,354
36.5,1,8,8,356
36.5,1,8,9,357
36.5,1,8,10,359
36.5,1,8,11,361
36.5,1,8,12,362
36.5,1,8,13,364
36.5,1,8,14,365
36.5,1,8,15,367
36.5,1,9,0,344
36.5,1,9,1,346
36.5,1,9,2,348
36.5,1,9,3,349
36.5,1,9,4,351
36.5,1,9,5,353
36.5,1,9,6,354
36.5,1,9,7,356
36.5,1,9,8,358
36.5,1,9,9,359
36.5,1,9,10,361
36.5,1,9,11,362
36.5,1,9,12,364
36.5,1,9,13,366
36.5,1,9,14,367
36.5,1,9,15,369
36.5,1,10,0,346
36.5,1,10,1,348
36.5,1,10,2,350
36.5,1,10,3,351
36.5,1,10,4,353
36.5,1,10,5,355
36.5,1,10,6,356
36.5,1,10,7,358
36.5,1,10,8,360
36.5,1,10,9,361
36.5,1,10,10,363
36.5,1,10,11,364
36.5,1,10,12,366
36.5,1,10,13,368
36.5,1,10,14,369
36.5,1,10,15,371
36.5,1,11,0,348
36.5,1,11,1,350
36.5,1,11,2,352
36.5,1,11,3,353
36.5,1,11,4,355
36.5,1,11,5,357
36.5,1,11,6,358
36.5,1,11,7,360
36.5,1,11,8,362
36.5,1,11,9,363
36.5,1,11,10,365
36.5,1,11,11,366
36.5,1,11,12,368
36.5,1,11,13,370
36.5,1,11,14,371
36.5,1,11,15,373
36.5,1,12,0,350
36.5,1,12,1,352
36.5,1,12,2,353
36.5,1,12,3,355
36.5,1,12,4,357
36.5,1,12,5,358
36.5,1,12,6,360
36.5,1,12,7,362
36.5,1,12,8,363
36.5,1,12,9,365
36.5,1,12,10,367
36.5,1,12,11,368
36.5,1,12,12,370
36.5,1,12,13,372
36.5,1,12,14,373
36.5,1,12,15,375
36.5,1,13,0,352
36.5,1,13,1,354
36.5,1,13,2,355
36.5,1,13,3,357
36.5,1,13,4,359
36.5,1,13,5,360
36.5,1,13,6,362
36.5,1,13,7,364
36.5,1,13,8,365
36.5,1,13,9,367
36.5,1,13,10,369
36.5,1,13,11,370
36.5,1,13,12,372
36.5,1,13,13,374
36.5,1,13,14,375
36.5,1,13,15,377
36.5,1,14,0,354
36.5,1,14,1,355
36.5,1,14,2,357
36.5,1,14,3,359
36.5,1,14,4,360
36.5,1,14,5,362
36.5,1,14,6,364
36.5,1,14,7,366
36.5,1,14,8,367
36.5,1,14,9,369
36.5,1,14,10,371
36.5,1,14,11,372
36.5,1,14,12,374
36.5,1,14,13,376
36.5,1,14,14,377
36.5,1,14,15,379
36.5,1,15,0,355
36.5,1,15,1,357
36.5,1,15,2,359
36.5,1,15,3,361
36.5,1,15,4,362
36.5,1,15,5,364
36.5,1,15,6,366
36.5,1,15,7,367
36.5,1,15,8,369
36.5,1,15,9,371
36.5,1,15,10,372
36.5,1,15,11,374
36.5,1,15,12,376
36.5,1,15,13,377
36.5,1,15,14,379
36.5,1,15,15,381
36.5,2,0,0,333
36.5,2,0,1,334
36.5,2,0,2,336
36.5,2,0,3,337
36.5,2,0,4,339
36.5,2,0,5,341
36.5,2,0,6,342
36.5,2,0,7,344
36.5,2,0,8,345
36.5,2,0,9,347
36.5,2,0,10,348
36.5,2,0,11,350
36.5,2,0,12,352
36.5,2,0,13,353
36.5,2,0,14,355
36.5,2,0,15,356
36.5,2,1,0,335
36.5,2,1,1,336
36.5,2,1,2,338
36.5,2,1,3,339
36.5,2,1,4,341
36.5,2,1,5,343
36.5,2,1,6,344
36.5,2,1,7,346
36.5,2,1,8,347
36.5,2,1,9,349
36.5,2,1,10,351
36.5,2,1,11,352
36.5,2,1,12,354
36.5,2,1,13,355
36.5,2,1,14,357
36.5,2,1,15,358
36.5,2,2,0,337
36.5,2,2,1,338
36.5,2,2,2,340
36.5,2,2,3,341
36.5,2,2,4,343
36.5,2,2,5,345
36.5,2,2,6,346
36.5,2,2,7,348
36.5,2,2,8,349
36.5,2,2,9,351
36.5,2,2,10,353
36.5,2,2,11,354
36.5,2,2,12,356
36.5,2,2,13,357
36.5,2,2,14,359
36.5,2,2,15,360
36.5,2,3,0,338
36.5,2,3,1,340
36.5,2,3,2,342
36.5,2,3,3,343
36.5,2,3,4,345
36.5,2,3,5,347
36.5,2,3,6,348
36.5,2,3,7,350
36.5,2,3,8,352
36.5,2,3,9,353
36.5,2,3,10,355
36.5,2,3,11,356
36.5,2,3,12,358
36.5,2,3,13,359
36.5,2,3,14,361
36.5,2,3,15,363
36.5,2,4,0,340
36.5,2,4,1,342
36.5,2,4,2,344
36.5,2,4,3,345
36.5,2,4,4,347
36.5,2,4,5,349
36.5,2,4,6,350
36.5,2,4,7,352
36.5,2,4,8,354
36.5,2,4,9,355
36.5,2,4,10,357
36.5,2,4,11,358
36.5,2,4,12,360
36.5,2,4,13,362
36.5,2,4,14,363
36.5,2,4,15,365
36.5,2,5,0,342
36.5,2,5,1,344
36.5,2,5,2,346
36.5,2,5,3,347
36.5,2,5,4,349
36.5,2,5,5,351
36.5,2,5,6,352
36.5,2,5,7,354
36.5,2,5,8,356
36.5,2,5,9,357
36.5,2,5,10,359
36.5,2,5,11,360
36.5,2,5,12,362
36.5,2,5,13,364
36.5,2,5,14,365
36.5,2,5,15,367
36.5,2,6,0,344
36.5,2,6,1,346
36.5,2,6,2,348
36.5,2,6,3,349
36.5,2,6,4,351
36.5,2,6,5,353
36.5,2,6,6,354
36.5,2,6,7,356
36.5,2,6,8,358
36.5,2,6,9,359
36.5,2,6,10,361
36.5,2,6,11,362
36.5,2,6,12,364
36.5,2,6,13,366
36.5,2,6,14,367
36.5,2,6,15,369
36.5,2,7,0,346
36.5,2,7,1,348
36.5,2,7,2,350
36.5,2,7,3,351
36.5,2,7,4,353
36.5,2,7,5,355
36.5,2,7,6,356
36.5,2,7,7,358
36.5,2,7,8,360
36.5,2,7,9,361
36.5,2,7,10,363
36.5,2,7,11,365
36.5,2,7,12,366
36.5,2,7,13,368
36.5,2,7,14,369
36.5,2,7,15,371
36.5,2,8,0,348
36.5,2,8,1,350
36.5,2,8,2,352
36.5,2,8,3,353
36.5,2,8,4,355
36.5,2,8,5,357
36.5,2,8,6,358
36.5,2,8,7,360
36.5,2,8,8,362
36.5,2,8,9,363
36.5,2,8,10,365
36.5,2,8,11,367
36.5,2,8,12,368
36.5,2,8,13,370
36.5,2,8,14,371
36.5,2,8,15,373
36.5,2,9,0,350
36.5,2,9,1,352
36.5,2,9,2,354
36.5,2,9,3,355
36.5,2,9,4,357
36.5,2,9,5,359
36.5,2,9,6,360
36.5,2,9,7,362
36.5,2,9,8,364
36.5,2,9,9,365
36.5,2,9,10,367
36.5,2,9,11,369
36.5,2,9,12,370
36.5,2,9,13,372
36.5,2,9,14,373
36.5,2,9,15,375
36.5,2,10,0,352
36.5,2,10,1,354
36.5,2,10,2,355
36.5,2,10,3,357
36.5,2,10,4,359
36.5,2,10,5,361
36.5,2,10,6,362
36.5,2,10,7,364
36.5,2,10,8,366
36.5,2,10,9,367
36.5,2,10,10,369
36.5,2,10,11,371
36.5,2,10,12,372
36.5,2,10,13,374
36.5,2,10,14,375
36.5,2,10,15,377
36.5,2,11,0,354
36.5,2,11,1,356
36.5,2,11,2,357
36.5,2,11,3,359
36.5,2,11,4,361
36.5,2,11,5,362
36.5,2,11,6,364
36.5,2,11,7,366
36.5,2,11,8,368
36.5,2,11,9,369
36.5,2,11,10,371
36.5,2,11,11,373
36.5,2,11,12,374
36.5,2,11,13,376
36.5,2,11,14,377
36.5,2,11,15,379
36.5,2,12,0,356
36.5,2,12,1,358
36.5,2,12,2,359
36.5,2,12,3,361
36.5,2,12,4,363
36.5,2,12,5,364
36.5,2,12,6,366
36.5,2,12,7,368
36.5,2,12,8,370
36.5,2,12,9,371
36.5,2,12,10,373
36.5,2,12,11,375
36.5,2,12,12,376
36.5,2,12,13,378
36.5,2,12,14,379
36.5,2,12,15,381
36.5,2,13,0,358
36.5,2,13,1,359
36.5,2,13,2,361
36.5,2,13,3,363
36.5,2,13,4,365
36.5,2,13,5,366
36.5,2,13,6,368
36.5,2,13,7,370
36.5,2,13,8,371
36.5,2,13,9,373
36.5,2,13,10,375
36.5,2,13,11,376
36.5,2,13,12,378
36.5,2,13,13,380
36.5,2,13,14,381
36.5,2,13,15,383
36.5,2,14,0,360
36.5,2,14,1,361
36.5,2,14,2,363
36.5,2,14,3,365
36.5,2,14,4,367
36.5,2,14,5,368
36.5,2,14,6,370
36.5,2,14,7,372
36.5,2,14,8,373
36.5,2,14,9,375
36.5,2,14,10,377
36.5,2,14,11,378
36.5,2,14,12,380
36.5,2,14,13,382
36.5,2,14,14,383
36.5,2,14,15,385
36.5,2,15,0,361
36.5,2,15,1,363
36.5,2,15,2,365
36.5,2,15,3,367
36.5,2,15,4,368
36.5,2,15,5,370
36.5,2,15,6,372
36.5,2,15,7,374
36.5,2,15,8,375
36.5,2,15,9,377
36.5,2,15,10,379
36.5,2,15,11,380
36.5,2,15,12,382
36.5,2,15,13,384
36.5,2,15,14,385
36.5,2,15,15,387
36.5,3,0,0,338
36.5,3,0,1,340
36.5,3,0,2,341
36.5,3,0,3,343
36.5,3,0,4,345
36.5,3,0,5,346
36.5,3,0,6,348
36.5,3,0,7,349
36.5,3,0,8,351
36.5,3,0,9,353
36.5,3,0,10,354
36.5,3,0,11,356
36.5,3,0,12,357
36.5,3,0,13,359
36.5,3,0,14,360
36.5,3,0,15,362
36.5,3,1,0,340
36.5,3,1,1,342
36.5,3,1,2,343
36.5,3,1,3,345
36.5,3,1,4,347
36.5,3,1,5,348
36.5,3,1,6,350
36.5,3,1,7,352
36.5,3,1,8,353
36.5,3,1,9,355
36.5,3,1,10,356
36.5,3,1,11,358
36.5,3,1,12,359
36.5,3,1,13,361
36.5,3,1,14,363
36.5,3,1,15,364
36.5,3,2,0,342
36.5,3,2,1,344
36.5,3,2,2,345
36.5,3,2,3,347
36.5,3,2,4,349
36.5,3,2,5,350
36.5,3,2,6,352
36.5,3,2,7,354
36.5,3,2,8,355
36.5,3,2,9,357
36.5,3,2,10,358
36.5,3,2,11,360
36.5,3,2,12,362
36.5,3,2,13,363
36.5,3,2,14,365
36.5,3,2,15,366
36.5,3,3,0,344
36.5,3,3,1,346
36.5,3,3,2,347
36.5,3,3,3,349
36.5,3,3,4,351
36.5,3,3,5,352
36.5,3,3,6,354
36.5,3,3,7,356
36.5,3,3,8,357
36.5,3,3,9,359
36.5,3,3,10,361
36.5,3,3,11,362
36.5,3,3,12,364
36.5,3,3,13,365
36.5,3,3,14,367
36.5,3,3,15,369
36.5,3,4,0,346
36.5,3,4,1,348
36.5,3,4,2,349
36.5,3,4,3,351
36.5,3,4,4,353
36.5,3,4,5,354
36.5,3,4,6,356
36.5,3,4,7,358
36.5,3,4,8,359
36.5,3,4,9,361
36.5,3,4,10,363
36.5,3,4,11,364
36.5,3,4,12,366
36.5,3,4,13,367
36.5,3,4,14,369
36.5,3,4,15,371
36.5,3,5,0,348
36.5,3,5,1,350
36.5,3,5,2,351
36.5,3,5,3,353
36.5,3,5,4,355
36.5,3,5,5,356
36.5,3,5,6,358
36.5,3,5,7,360
36.5,3,5,8,361
36.5,3,5,9,363
36.5,3,5,10,365
36.5,3,5,11,366
36.5,3,5,12,368
36.5,3,5,13,370
36.5,3,5,14,371
36.5,3,5,15,373
36.5,3,6,0,350
36.5,3,6,1,352
36.5,3,6,2,353
36.5,3,6,3,355
36.5,3,6,4,357
36.5,3,6,5,359
36.5,3,6,6,360
36.5,3,6,7,362
36.5,3,6,8,363
36.5,3,6,9,365
36.5,3,6,10,367
36.5,3,6,11,368
36.5,3,6,12,370
36.5,3,6,13,372
36.5,3,6,14,373
36.5,3,6,15,375
36.5,3,7,0,352
36.5,3,7,1,354
36.5,3,7,2,355
36.5,3,7,3,357
36.5,3,7,4,359
36.5,3,7,5,361
36.5,3,7,6,362
36.5,3,7,7,364
36.5,3,7,8,366
36.5,3,7,9,367
36.5,3,7,10,369
36.5,3,7,11,370
36.5,3,7,12,372
36.5,3,7,13,374
36.5,3,7,14,375
36.5,3,7,15,377
36.5,3,8,0,354
36.5,3,8,1,356
36.5,3,8,2,357
36.5,3,8,3,359
36.5,3,8,4,361
36.5,3,8,5,363
36.5,3,8,6,364
36.5,3,8,7,366
36.5,3,8,8,368
36.5,3,8,9,369
36.5,3,8,10,371
36.5,3,8,11,373
36.5,3,8,12,374
36.5,3,8,13,376
36.5,3,8,14,377
36.5,3,8,15,379
36.5,3,9,0,356
36.5,3,9,1,358
36.5,3,9,2,359
36.5,3,9,3,361
36.5,3,9,4,363
36.5,3,9,5,365
36.5,3,9,6,366
36.5,3,9,7,368
36.5,3,9,8,370
36.5,3,9,9,371
36.5,3,9,10,373
36.5,3,9,11,375
36.5,3,9,12,376
36.5,3,9,13,378
36.5,3,9,14,380
36.5,3,9,15,381
36.5,3,10,0,358
36.5,3,10,1,360
36.5,3,10,2,361
36.5,3,10,3,363
36.5,3,10,4,365
36.5,3,10,5,366
36.5,3,10,6,368
36.5,3,10,7,370
36.5,3,10,8,372
36.5,3,10,9,373
36.5,3,10,10,375
36.5,3,10,11,377
36.5,3,10,12,378
36.5,3,10,13,380
36.5,3,10,14,382
36.5,3,10,15,383
36.5,3,11,0,360
36.5,3,11,1,361
36.5,3,11,2,363
36.5,3,11,3,365
36.5,3,11,4,367
36.5,3,11,5,368
36.5,3,11,6,370
36.5,3,11,7,372
36.5,3,11,8,374
36.5,3,11,9,375
36.5,3,11,10,377
36.5,3,11,11,379
36.5,3,11,12,380
36.5,3,11,13,382
36.5,3,11,14,384
36.5,3,11,15,385
36.5,3,12,0,362
36.5,3,12,1,363
36.5,3,12,2,365
36.5,3,12,3,367
36.5,3,12,4,369
36.5,3,12,5,370
36.5,3,12,6,372
36.5,3,12,7,374
36.5,3,12,8,376
36.5,3,12,9,377
36.5,3,12,10,379
36.5,3,12,11,381
36.5,3,12,12,382
36.5,3,12,13,384
36.5,3,12,14,386
36.5,3,12,15,387
36.5,3,13,0,364
36.5,3,13,1,365
36.5,3,13,2,367
36.5,3,13,3,369
36.5,3,13,4,371
36.5,3,13,5,372
36.5,3,13,6,374
36.5,3,13,7,376
36.5,3,13,8,378
36.5,3,13,9,379
36.5,3,13,10,381
36.5,3,13,11,383
36.5,3,13,12,384
36.5,3,13,13,386
36.5,3,13,14,388
36.5,3,13,15,389
36.5,3,14,0,365
36.5,3,14,1,367
36.5,3,14,2,369
36.5,3,14,3,371
36.5,3,14,4,373
36.5,3,14,5,374
36.5,3,14,6,376
36.5,3,14,7,378
36.5,3,14,8,380
36.5,3,14,9,381
36.5,3,14,10,383
36.5,3,14,11,385
36.5,3,14,12,386
36.5,3,14,13,388
36.5,3,14,14,390
36.5,3,14,15,391
36.5,3,15,0,367
36.5,3,15,1,369
36.5,3,15,2,371
36.5,3,15,3,373
36.5,3,15,4,374
36.5,3,15,5,376
36.5,3,15,6,378
36.5,3,15,7,380
36.5,3,15,8,381
36.5,3,15,9,383
36.5,3,15,10,385
36.5,3,15,11,387
36.5,3,15,12,388
36.5,3,15,13,390
36.5,3,15,14,392
36.5,3,15,15,393
36.5,4,0,0,343
36.5,4,0,1,345
36.5,4,0,2,347
36.5,4,0,3,348
36.5,4,0,4,350
36.5,4,0,5,352
36.5,4,0,6,353
36.5,4,0,7,355
36.5,4,0,8,357
36.5,4,0,9,358
36.5,4,0,10,360
36.5,4,0,11,362
36.5,4,0,12,363
36.5,4,0,13,365
36.5,4,0,14,366
36.5,4,0,15,368
36.5,4,1,0,346
36.5,4,1,1,347
36.5,4,1,2,349
36.5,4,1,3,351
36.5,4,1,4,352
36.5,4,1,5,354
36.5,4,1,6,356
36.5,4,1,7,357
36.5,4,1,8,359
36.5,4,1,9,360
36.5,4,1,10,362
36.5,4,1,11,364
36.5,4,1,12,365
36.5,4,1,13,367
36.5,4,1,14,368
36.5,4,1,15,370
36.5,4,2,0,348
36.5,4,2,1,349
36.5,4,2,2,351
36.5,4,2,3,353
36.5,4,2,4,354
36.5,4,2,5,356
36.5,4,2,6,358
36.5,4,2,7,359
36.5,4,2,8,361
36.5,4,2,9,363
36.5,4,2,10,364
36.5,4,2,11,366
36.5,4,2,12,367
36.5,4,2,13,369
36.5,4,2,14,371
36.5,4,2,15,372
36.5,4,3,0,350
36.5,4,3,1,351
36.5,4,3,2,353
36.5,4,3,3,355
36.5,4,3,4,356
36.5,4,3,5,358
36.5,4,3,6,360
36.5,4,3,7,361
36.5,4,3,8,363
36.5,4,3,9,365
36.5,4,3,10,366
36.5,4,3,11,368
36.5,4,3,12,370
36.5,4,3,13,371
36.5,4,3,14,373
36.5,4,3,15,374
36.5,4,4,0,352
36.5,4,4,1,353
36.5,4,4,2,355
36.5,4,4,3,357
36.5,4,4,4,358
36.5,4,4,5,360
36.5,4,4,6,362
36.5,4,4,7,364
36.5,4,4,8,365
36.5,4,4,9,367
36.5,4,4,10,368
36.5,4,4,11,370
36.5,4,4,12,372
36.5,4,4,13,373
36.5,4,4,14,375
36.5,4,4,15,377
36.5,4,5,0,354
36.5,4,5,1,355
36.5,4,5,2,357
36.5,4,5,3,359
36.5,4,5,4,361
36.5,4,5,5,362
36.5,4,5,6,364
36.5,4,5,7,366
36.5,4,5,8,367
36.5,4,5,9,369
36.5,4,5,10,371
36.5,4,5,11,372
36.5,4,5,12,374
36.5,4,5,13,376
36.5,4,5,14,377
36.5,4,5,15,379
36.5,4,6,0,356
36.5,4,6,1,357
36.5,4,6,2,359
36.5,4,6,3,361
36.5,4,6,4,363
36.5,4,6,5,364
36.5,4,6,6,366
36.5,4,6,7,368
36.5,4,6,8,369
36.5,4,6,9,371
36.5,4,6,10,373
36.5,4,6,11,374
36.5,4,6,12,376
36.5,4,6,13,378
36.5,4,6,14,379
36.5,4,6,15,381
36.5,4,7,0,358
36.5,4,7,1,359
36.5,4,7,2,361
36.5,4,7,3,363
36.5,4,7,4,365
36.5,4,7,5,366
36.5,4,7,6,368
36.5,4,7,7,370
36.5,4,7,8,371
36.5,4,7,9,373
36.5,4,7,10,375
36.5,4,7,11,376
36.5,4,7,12,378
36.5,4,7,13,380
36.5,4,7,14,381
36.5,4,7,15,383
36.5,4,8,0,360
36.5,4,8,1,361
36.5,4,8,2,363
36.5,4,8,3,365
36.5,4,8,4,367
36.5,4,8,5,368
36.5,4,8,6,370
36.5,4,8,7,372
36.5,4,8,8,374
36.5,4,8,9,375
36.5,4,8,10,377
36.5,4,8,11,379
36.5,4,8,12,380
36.5,4,8,13,382
36.5,4,8,14,384
36.5,4,8,15,385
36.5,4,9,0,362
36.5,4,9,1,363
36.5,4,9,2,365
36.5,4,9,3,367
36.5,4,9,4,369
36.5,4,9,5,370
36.5,4,9,6,372
36.5,4,9,7,374
36.5,4,9,8,376
36.5,4,9,9,377
36.5,4,9,10,379
36.5,4,9,11,381
36.5,4,9,12,382
36.5,4,9,13,384
36.5,4,9,14,386
36.5,4,9,15,387
36.5,4,10,0,364
36.5,4,10,1,365
36.5,4,10,2,367
36.5,4,10,3,369
36.5,4,10,4,371
36.5,4,10,5,372
36.5,4,10,6,374
36.5,4,10,7,376
36.5,4,10,8,378
36.5,4,10,9,379
36.5,4,10,10,381
36.5,4,10,11,383
36.5,4,10,12,384
36.5,4,10,13,386
36.5,4,10,14,388
36.5,4,10,15,389
36.5,4,11,0,366
36.5,4,11,1,367
36.5,4,11,2,369
36.5,4,11,3,371
36.5,4,11,4,373
36.5,4,11,5,374
36.5,4,11,6,376
36.5,4,11,7,378
36.5,4,11,8,380
36.5,4,11,9,381
36.5,4,11,10,383
36.5,4,11,11,385
36.5,4,11,12,386
36.5,4,11,13,388
36.5,4,11,14,390
36.5,4,11,15,392
36.5,4,12,0,367
36.5,4,12,1,369
36.5,4,12,2,371
36.5,4,12,3,373
36.5,4,12,4,375
36.5,4,12,5,376
36.5,4,12,6,378
36.5,4,12,7,380
36.5,4,12,8,382
36.5,4,12,9,383
36.5,4,12,10,385
36.5,4,12,11,387
36.5,4,12,12,389
36.5,4,12,13,390
36.5,4,12,14,392
36.5,4,12,15,394
36.5,4,13,0,369
36.5,4,13,1,371
36.5,4,13,2,373
36.5,4,13,3,375
36.5,4,13,4,377
36.5,4,13,5,378
36.5,4,13,6,380
36.5,4,13,7,382
36.5,4,13,8,384
36.5,4,13,9,385
36.5,4,13,10,387
36.5,4,13,11,389
36.5,4,13,12,391
36.5,4,13,13,392
36.5,4,13,14,394
36.5,4,13,15,396
36.5,4,14,0,371
36.5,4,14,1,373
36.5,4,14,2,375
36.5,4,14,3,377
36.5,4,14,4,379
36.5,4,14,5,380
36.5,4,14,6,382
36.5,4,14,7,384
36.5,4,14,8,386
36.5,4,14,9,387
36.5,4,14,10,389
36.5,4,14,11,391
36.5,4,14,12,393
36.5,4,14,13,394
36.5,4,14,14,396
36.5,4,14,15,398
36.5,4,15,0,373
36.5,4,15,1,375
36.5,4,15,2,377
36.5,4,15,3,379
36.5,4,15,4,380
36.5,4,15,5,382
36.5,4,15,6,384
36.5,4,15,7,386
36.5,4,15,8,388
36.5,4,15,9,389
36.5,4,15,10,391
36.5,4,15,11,393
36.5,4,15,12,395
36.5,4,15,13,396
36.5,4,15,14,398
36.5,4,15,15,400
36.5,5,0,0,349
36.5,5,0,1,351
36.5,5,0,2,352
36.5,5,0,3,354
36.5,5,0,4,356
36.5,5,0,5,357
36.5,5,0,6,359
36.5,5,0,7,361
36.5,5,0,8,362
36.5,5,0,9,364
36.5,5,0,10,366
36.5,5,0,11,367
36.5,5,0,12,369
36.5,5,0,13,371
36.5,5,0,14,372
36.5,5,0,15,374
36.5,5,1,0,351
36.5,5,1,1,353
36.5,5,1,2,354
36.5,5,1,3,356
36.5,5,1,4,358
36.5,5,1,5,360
36.5,5,1,6,361
36.5,5,1,7,363
36.5,5,1,8,365
36.5,5,1,9,366
36.5,5,1,10,368
36.5,5,1,11,369
36.5,5,1,12,371
36.5,5,1,13,373
36.5,5,1,14,374
36.5,5,1,15,376
36.5,5,2,0,353
36.5,5,2,1,355
36.5,5,2,2,357
36.5,5,2,3,358
36.5,5,2,4,360
36.5,5,2,5,362
36.5,5,2,6,363
36.5,5,2,7,365
36.5,5,2,8,367
36.5,5,2,9,368
36.5,5,2,10,370
36.5,5,2,11,372
36.5,5,2,12,373
36.5,5,2,13,375
36.5,5,2,14,377
36.5,5,2,15,378
36.5,5,3,0,355
36.5,5,3,1,357
36.5,5,3,2,359
36.5,5,3,3,360
36.5,5,3,4,362
36.5,5,3,5,364
36.5,5,3,6,365
36.5,5,3,7,367
36.5,5,3,8,369
36.5,5,3,9,371
36.5,5,3,10,372
36.5,5,3,11,374
36.5,5,3,12,376
36.5,5,3,13,377
36.5,5,3,14,379
36.5,5,3,15,380
36.5,5,4,0,357
36.5,5,4,1,359
36.5,5,4,2,361
36.5,5,4,3,362
36.5,5,4,4,364
36.5,5,4,5,366
36.5,5,4,6,368
36.5,5,4,7,369
36.5,5,4,8,371
36.5,5,4,9,373
36.5,5,4,10,374
36.5,5,4,11,376
36.5,5,4,12,378
36.5,5,4,13,379
36.5,5,4,14,381
36.5,5,4,15,383
36.5,5,5,0,359
36.5,5,5,1,361
36.5,5,5,2,363
36.5,5,5,3,365
36.5,5,5,4,366
36.5,5,5,5,368
36.5,5,5,6,370
36.5,5,5,7,371
36.5,5,5,8,373
36.5,5,5,9,375
36.5,5,5,10,377
36.5,5,5,11,378
36.5,5,5,12,380
36.5,5,5,13,382
36.5,5,5,14,383
36.5,5,5,15,385
36.5,5,6,0,361
36.5,5,6,1,363
36.5,5,6,2,365
36.5,5,6,3,367
36.5,5,6,4,368
36.5,5,6,5,370
36.5,5,6,6,372
36.5,5,6,7,374
36.5,5,6,8,375
36.5,5,6,9,377
36.5,5,6,10,379
36.5,5,6,11,380
36.5,5,6,12,382
36.5,5,6,13,384
36.5,5,6,14,385
36.5,5,6,15,387
36.5,5,7,0,363
36.5,5,7,1,365
36.5,5,7,2,367
36.5,5,7,3,369
36.5,5,7,4,370
36.5,5,7,5,372
36.5,5,7,6,374
36.5,5,7,7,376
36.5,5,7,8,377
36.5,5,7,9,379
36.5,5,7,10,381
36.5,5,7,11,382
36.5,5,7,12,384
36.5,5,7,13,386
36.5,5,7,14,388
36.5,5,7,15,389
36.5,5,8,0,365
36.5,5,8,1,367
36.5,5,8,2,369
36.5,5,8,3,371
36.5,5,8,4,372
36.5,5,8,5,374
36.5,5,8,6,376
36.5,5,8,7,378
36.5,5,8,8,379
36.5,5,8,9,381
36.5,5,8,10,383
36.5,5,8,11,385
36.5,5,8,12,386
36.5,5,8,13,388
36.5,5,8,14,390
36.5,5,8,15,391
36.5,5,9,0,367
36.5,5,9,1,369
36.5,5,9,2,371
36.5,5,9,3,373
36.5,5,9,4,375
36.5,5,9,5,376
36.5,5,9,6,378
36.5,5,9,7,380
36.5,5,9,8,382
36.5,5,9,9,383
36.5,5,9,10,385
36.5,5,9,11,387
36.5,5,9,12,388
36.5,5,9,13,390
36.5,5,9,14,392
36.5,5,9,15,393
36.5,5,10,0,369
36.5,5,10,1,371
36.5,5,10,2,373
36.5,5,10,3,375
36.5,5,10,4,377
36.5,5,10,5,378
36.5,5,10,6,380
36.5,5,10,7,382
36.5,5,10,8,384
36.5,5,10,9,385
36.5,5,10,10,387
36.5,5,10,11,389
36.5,5,10,12,391
36.5,5,10,13,392
36.5,5,10,14,394
36.5,5,10,15,396
36.5,5,11,0,371
36.5,5,11,1,373
36.5,5,11,2,375
36.5,5,11,3,377
36.5,5,11,4,379
36.5,5,11,5,380
36.5,5,11,6,382
36.5,5,11,7,384
36.5,5,11,8,386
36.5,5,11,9,387
36.5,5,11,10,389
36.5,5,11,11,391
36.5,5,11,12,393
36.5,5,11,13,394
36.5,5,11,14,396
36.5,5,11,15,398
36.5,5,12,0,373
36.5,5,12,1,375
36.5,5,12,2,377
36.5,5,12,3,379
36.5,5,12,4,381
36.5,5,12,5,382
36.5,5,12,6,384
36.5,5,12,7,386
36.5,5,12,8,388
36.5,5,12,9,389
36.5,5,12,10,391
36.5,5,12,11,393
36.5,5,12,12,395
36.5,5,12,13,396
36.5,5,12,14,398
36.5,5,12,15,400
36.5,5,13,0,375
36.5,5,13,1,377
36.5,5,13,2,379
36.5,5,13,3,381
36.5,5,13,4,383
36.5,5,13,5,384
36.5,5,13,6,386
36.5,5,13,7,388
36.5,5,13,8,390
36.5,5,13,9,392
36.5,5,13,10,393
36.5,5,13,11,395
36.5,5,13,12,397
36.5,5,13,13,399
36.5,5,13,14,400
36.5,5,13,15,402
36.5,5,14,0,377
36.5,5,14,1,379
36.5,5,14,2,381
36.5,5,14,3,383
36.5,5,14,4,385
36.5,5,14,5,386
36.5,5,14,6,388
36.5,5,14,7,390
36.5,5,14,8,392
36.5,5,14,9,394
36.5,5,14,10,395
36.5,5,14,11,397
36.5,5,14,12,399
36.5,5,14,13,401
36.5,5,14,14,402
36.5,5,14,15,404
36.5,5,15,0,379
36.5,5,15,1,381
36.5,5,15,2,383
36.5,5,15,3,385
36.5,5,15,4,387
36.5,5,15,5,388
36.5,5,15,6,390
36.5,5,15,7,392
36.5,5,15,8,394
36.5,5,15,9,396
36.5,5,15,10,397
36.5,5,15,11,399
36.5,5,15,12,401
36.5,5,15,13,403
36.5,5,15,14,404
36.5,5,15,15,406
36.5,6,0,0,354
36.5,6,0,1,356
36.5,6,0,2,358
36.5,6,0,3,360
36.5,6,0,4,361
36.5,6,0,5,363
36.5,6,0,6,365
36.5,6,0,7,366
36.5,6,0,8,368
36.5,6,0,9,370
36.5,6,0,10,371
36.5,6,0,11,373
36.5,6,0,12,375
36.5,6,0,13,376
36.5,6,0,14,378
36.5,6,0,15,380
36.5,6,1,0,357
36.5,6,1,1,358
36.5,6,1,2,360
36.5,6,1,3,362
36.5,6,1,4,363
36.5,6,1,5,365
36.5,6,1,6,367
36.5,6,1,7,369
36.5,6,1,8,370
36.5,6,1,9,372
36.5,6,1,10,374
36.5,6,1,11,375
36.5,6,1,12,377
36.5,6,1,13,379
36.5,6,1,14,380
36.5,6,1,15,382
36.5,6,2,0,359
36.5,6,2,1,360
36.5,6,2,2,362
36.5,6,2,3,364
36.5,6,2,4,366
36.5,6,2,5,367
36.5,6,2,6,369
36.5,6,2,7,371
36.5,6,2,8,372
36.5,6,2,9,374
36.5,6,2,10,376
36.5,6,2,11,377
36.5,6,2,12,379
36.5,6,2,13,381
36.5,6,2,14,382
36.5,6,2,15,384
36.5,6,3,0,361
36.5,6,3,1,362
36.5,6,3,2,364
36.5,6,3,3,366
36.5,6,3,4,368
36.5,6,3,5,369
36.5,6,3,6,371
36.5,6,3,7,373
36.5,6,3,8,375
36.5,6,3,9,376
36.5,6,3,10,378
36.5,6,3,11,380
36.5,6,3,12,381
36.5,6,3,13,383
36.5,6,3,14,385
36.5,6,3,15,386
36.5,6,4,0,363
36.5,6,4,1,365
36.5,6,4,2,366
36.5,6,4,3,368
36.5,6,4,4,370
36.5,6,4,5,372
36.5,6,4,6,373
36.5,6,4,7,375
36.5,6,4,8,377
36.5,6,4,9,379
36.5,6,4,10,380
36.5,6,4,11,382
36.5,6,4,12,384
36.5,6,4,13,385
36.5,6,4,14,387
36.5,6,4,15,389
36.5,6,5,0,365
36.5,6,5,1,367
36.5,6,5,2,368
36.5,6,5,3,370
36.5,6,5,4,372
36.5,6,5,5,374
36.5,6,5,6,375
36.5,6,5,7,377
36.5,6,5,8,379
36.5,6,5,9,381
36.5,6,5,10,382
36.5,6,5,11,384
36.5,6,5,12,386
36.5,6,5,13,387
36.5,6,5,14,389
36.5,6,5,15,391
36.5,6,6,0,367
36.5,6,6,1,369
36.5,6,6,2,371
36.5,6,6,3,372
36.5,6,6,4,374
36.5,6,6,5,376
36.5,6,6,6,378
36.5,6,6,7,379
36.5,6,6,8,381
36.5,6,6,9,383
36.5,6,6,10,385
36.5,6,6,11,386
36.5,6,6,12,388
36.5,6,6,13,390
36.5,6,6,14,391
36.5,6,6,15,393
36.5,6,7,0,369
36.5,6,7,1,371
36.5,6,7,2,373
36.5,6,7,3,374
36.5,6,7,4,376
36.5,6,7,5,378
36.5,6,7,6,380
36.5,6,7,7,382
36.5,6,7,8,383
36.5,6,7,9,385
36.5,6,7,10,387
36.5,6,7,11,388
36.5,6,7,12,390
36.5,6,7,13,392
36.5,6,7,14,394
36.5,6,7,15,395
36.5,6,8,0,371
36.5,6,8,1,373
36.5,6,8,2,375
36.5,6,8,3,377
36.5,6,8,4,378
36.5,6,8,5,380
36.5,6,8,6,382
36.5,6,8,7,384
36.5,6,8,8,385
36.5,6,8,9,387
36.5,6,8,10,389
36.5,6,8,11,391
36.5,6,8,12,392
36.5,6,8,13,394
36.5,6,8,14,396
36.5,6,8,15,397
36.5,6,9,0,373
36.5,6,9,1,375
36.5,6,9,2,377
36.5,6,9,3,379
36.5,6,9,4,380
36.5,6,9,5,382
36.5,6,9,6,384
36.5,6,9,7,386
36.5,6,9,8,387
36.5,6,9,9,389
36.5,6,9,10,391
36.5,6,9,11,393
36.5,6,9,12,394
36.5,6,9,13,396
36.5,6,9,14,398
36.5,6,9,15,400
36.5,6,10,0,375
36.5,6,10,1,377
36.5,6,10,2,379
36.5,6,10,3,381
36.5,6,10,4,382
36.5,6,10,5,384
36.5,6,10,6,386
36.5,6,10,7,388
36.5,6,10,8,390
36.5,6,10,9,391
36.5,6,10,10,393
36.5,6,10,11,395
36.5,6,10,12,397
36.5,6,10,13,398
36.5,6,10,14,400
36.5,6,10,15,402
36.5,6,11,0,377
36.5,6,11,1,379
36.5,6,11,2,381
36.5,6,11,3,383
36.5,6,11,4,384
36.5,6,11,5,386
36.5,6,11,6,388
36.5,6,11,7,390
36.5,6,11,8,392
36.5,6,11,9,393
36.5,6,11,10,395
36.5,6,11,11,397
36.5,6,11,12,399
36.5,6,11,13,400
36.5,6,11,14,402
36.5,6,11,15,404
36.5,6,12,0,379
36.5,6,12,1,381
36.5,6,12,2,383
36.5,6,12,3,385
36.5,6,12,4,387
36.5,6,12,5,388
36.5,6,12,6,390
36.5,6,12,7,392
36.5,6,12,8,394
36.5,6,12,9,396
36.5,6,12,10,397
36.5,6,12,11,399
36.5,6,12,12,401
36.5,6,12,13,403
36.5,6,12,14,404
36.5,6,12,15,406
36.5,6,13,0,381
36.5,6,13,1,383
36.5,6,13,2,385
36.5,6,13,3,387
36.5,6,13,4,389
36.5,6,13,5,390
36.5,6,13,6,392
36.5,6,13,7,394
36.5,6,13,8,396
36.5,6,13,9,398
36.5,6,13,10,399
36.5,6,13,11,401
36.5,6,13,12,403
36.5,6,13,13,405
36.5,6,13,14,407
36.5,6,13,15,408
36.5,6,14,0,383
36.5,6,14,1,385
36.5,6,14,2,387
36.5,6,14,3,389
36.5,6,14,4,391
36.5,6,14,5,392
36.5,6,14,6,394
36.5,6,14,7,396
36.5,6,14,8,398
36.5,6,14,9,400
36.5,6,14,10,401
36.5,6,14,11,403
36.5,6,14,12,405
36.5,6,14,13,407
36.5,6,14,14,409
36.5,6,14,15,410
36.5,6,15,0,385
36.5,6,15,1,387
36.5,6,15,2,389
36.5,6,15,3,391
36.5,6,15,4,393
36.5,6,15,5,394
36.5,6,15,6,396
36.5,6,15,7,398
36.5,6,15,8,400
36.5,6,15,9,402
36.5,6,15,10,404
36.5,6,15,11,405
36.5,6,15,12,407
36.5,6,15,13,409
36.5,6,15,14,411
36.5,6,15,15,412
36.5,7,0,0,360
36.5,7,0,1,362
36.5,7,0,2,363
36.5,7,0,3,365
36.5,7,0,4,367
36.5,7,0,5,369
36.5,7,0,6,370
36.5,7,0,7,372
36.5,7,0,8,374
36.5,7,0,9,375
36.5,7,0,10,377
36.5,7,0,11,379
36.5,7,0,12,380
36.5,7,0,13,382
36.5,7,0,14,384
36.5,7,0,15,385
36.5,7,1,0,362
36.5,7,1,1,364
36.5,7,1,2,366
36.5,7,1,3,367
36.5,7,1,4,369
36.5,7,1,5,371
36.5,7,1,6,373
36.5,7,1,7,374
36.5,7,1,8,376
36.5,7,1,9,378
36.5,7,1,10,379
36.5,7,1,11,381
36.5,7,1,12,383
36.5,7,1,13,384
36.5,7,1,14,386
36.5,7,1,15,388
36.5,7,2,0,364
36.5,7,2,1,366
36.5,7,2,2,368
36.5,7,2,3,369
36.5,7,2,4,371
36.5,7,2,5,373
36.5,7,2,6,375
36.5,7,2,7,376
36.5,7,2,8,378
36.5,7,2,9,380
36.5,7,2,10,382
36.5,7,2,11,383
36.5,7,2,12,385
36.5,7,2,13,387
36.5,7,2,14,388
36.5,7,2,15,390
36.5,7,3,0,366
36.5,7,3,1,368
36.5,7,3,2,370
36.5,7,3,3,372
36.5,7,3,4,373
36.5,7,3,5,375
36.5,7,3,6,377
36.5,7,3,7,379
36.5,7,3,8,380
36.5,7,3,9,382
36.5,7,3,10,384
36.5,7,3,11,386
36.5,7,3,12,387
36.5,7,3,13,389
36.5,7,3,14,391
36.5,7,3,15,392
36.5,7,4,0,368
36.5,7,4,1,370
36.5,7,4,2,372
36.5,7,4,3,374
36.5,7,4,4,376
36.5,7,4,5,377
36.5,7,4,6,379
36.5,7,4,7,381
36.5,7,4,8,383
36.5,7,4,9,384
36.5,7,4,10,386
36.5,7,4,11,388
36.5,7,4,12,390
36.5,7,4,13,391
36.5,7,4,14,393
36.5,7,4,15,395
36.5,7,5,0,371
36.5,7,5,1,372
36.5,7,5,2,374
36.5,7,5,3,376
36.5,7,5,4,378
36.5,7,5,5,380
36.5,7,5,6,381
36.5,7,5,7,383
36.5,7,5,8,385
36.5,7,5,9,387
36.5,7,5,10,388
36.5,7,5,11,390
36.5,7,5,12,392
36.5,7,5,13,393
36.5,7,5,14,395
36.5,7,5,15,397
36.5,7,6,0,373
36.5,7,6,1,374
36.5,7,6,2,376
36.5,7,6,3,378
36.5,7,6,4,380
36.5,7,6,5,382
36.5,7,6,6,383
36.5,7,6,7,385
36.5,7,6,8,387
36.5,7,6,9,389
36.5,7,6,10,390
36.5,7,6,11,392
36.5,7,6,12,394
36.5,7,6,13,396
36.5,7,6,14,397
36.5,7,6,15,399
36.5,7,7,0,375
36.5,7,7,1,377
36.5,7,7,2,378
36.5,7,7,3,380
36.5,7,7,4,382
36.5,7,7,5,384
36.5,7,7,6,386
36.5,7,7,7,387
36.5,7,7,8,389
36.5,7,7,9,391
36.5,7,7,10,393
36.5,7,7,11,394
36.5,7,7,12,396
36.5,7,7,13,398
36.5,7,7,14,400
36.5,7,7,15,401
36.5,7,8,0,377
36.5,7,8,1,379
36.5,7,8,2,380
36.5,7,8,3,382
36.5,7,8,4,384
36.5,7,8,5,386
36.5,7,8,6,388
36.5,7,8,7,390
36.5,7,8,8,391
36.5,7,8,9,393
36.5,7,8,10,395
36.5,7,8,11,397
36.5,7,8,12,398
36.5,7,8,13,400
36.5,7,8,14,402
36.5,7,8,15,404
36.5,7,9,0,379
36.5,7,9,1,381
36.5,7,9,2,383
36.5,7,9,3,384
36.5,7,9,4,386
36.5,7,9,5,388
36.5,7,9,6,390
36.5,7,9,7,392
36.5,7,9,8,393
36.5,7,9,9,395
36.5,7,9,10,397
36.5,7,9,11,399
36.5,7,9,12,401
36.5,7,9,13,402
36.5,7,9,14,404
36.5,7,9,15,406
36.5,7,10,0,381
36.5,7,10,1,383
36.5,7,10,2,385
36.5,7,10,3,386
36.5,7,10,4,388
36.5,7,10,5,390
36.5,7,10,6,392
36.5,7,10,7,394
36.5,7,10,8,396
36.5,7,10,9,397
36.5,7,10,10,399
36.5,7,10,11,401
36.5,7,10,12,403
36.5,7,10,13,404
36.5,7,10,14,406
36.5,7,10,15,408
36.5,7,11,0,383
36.5,7,11,1,385
36.5,7,11,2,387
36.5,7,11,3,389
36.5,7,11,4,390
36.5,7,11,5,392
36.5,7,11,6,394
36.5,7,11,7,396
36.5,7,11,8,398
36.5,7,11,9,400
36.5,7,11,10,401
36.5,7,11,11,403
36.5,7,11,12,405
36.5,7,11,13,407
36.5,7,11,14,408
36.5,7,11,15,410
36.5,7,12,0,385
36.5,7,12,1,387
36.5,7,12,2,389
36.5,7,12,3,391
36.5,7,12,4,392
36.5,7,12,5,394
36.5,7,12,6,396
36.5,7,12,7,398
36.5,7,12,8,400
36.5,7,12,9,402
36.5,7,12,10,403
36.5,7,12,11,405
36.5,7,12,12,407
36.5,7,12,13,409
36.5,7,12,14,411
36.5,7,12,15,412
36.5,7,13,0,387
36.5,7,13,1,389
36.5,7,13,2,391
36.5,7,13,3,393
36.5,7,13,4,395
36.5,7,13,5,396
36.5,7,13,6,398
36.5,7,13,7,400
36.5,7,13,8,402
36.5,7,13,9,404
36.5,7,13,10,406
36.5,7,13,11,407
36.5,7,13,12,409
36.5,7,13,13,411
36.5,7,13,14,413
36.5,7,13,15,415
36.5,7,14,0,389
36.5,7,14,1,391
36.5,7,14,2,393
36.5,7,14,3,395
36.5,7,14,4,397
36.5,7,14,5,398
36.5,7,14,6,400
36.5,7,14,7,402
36.5,7,14,8,404
36.5,7,14,9,406
36.5,7,14,10,408
36.5,7,14,11,410
36.5,7,14,12,411
36.5,7,14,13,413
36.5,7,14,14,415
36.5,7,14,15,417
36.5,7,15,0,391
36.5,7,15,1,393
36.5,7,15,2,395
36.5,7,15,3,397
36.5,7,15,4,399
36.5,7,15,5,401
36.5,7,15,6,402
36.5,7,15,7,404
36.5,7,15,8,406
36.5,7,15,9,408
36.5,7,15,10,410
36.5,7,15,11,412
36.5,7,15,12,413
36.5,7,15,13,415
36.5,7,15,14,417
36.5,7,15,15,419
36.5,8,0,0,365
36.5,8,0,1,367
36.5,8,0,2,369
36.5,8,0,3,371
36.5,8,0,4,372
36.5,8,0,5,374
36.5,8,0,6,376
36.5,8,0,7,378
36.5,8,0,8,379
36.5,8,0,9,381
36.5,8,0,10,383
36.5,8,0,11,385
36.5,8,0,12,386
36.5,8,0,13,388
36.5,8,0,14,390
36.5,8,0,15,391
36.5,8,1,0,367
36.5,8,1,1,369
36.5,8,1,2,371
36.5,8,1,3,373
36.5,8,1,4,375
36.5,8,1,5,376
36.5,8,1,6,378
36.5,8,1,7,380
36.5,8,1,8,382
36.5,8,1,9,383
36.5,8,1,10,385
36.5,8,1,11,387
36.5,8,1,12,389
36.5,8,1,13,390
36.5,8,1,14,392
36.5,8,1,15,394
36.5,8,2,0,370
36.5,8,2,1,371
36.5,8,2,2,373
36.5,8,2,3,375
36.5,8,2,4,377
36.5,8,2,5,379
36.5,8,2,6,380
36.5,8,2,7,382
36.5,8,2,8,384
36.5,8,2,9,386
36.5,8,2,10,387
36.5,8,2,11,389
36.5,8,2,12,391
36.5,8,2,13,393
36.5,8,2,14,394
36.5,8,2,15,396
36.5,8,3,0,372
36.5,8,3,1,374
36.5,8,3,2,375
36.5,8,3,3,377
36.5,8,3,4,379
36.5,8,3,5,381
36.5,8,3,6,383
36.5,8,3,7,384
36.5,8,3,8,386
36.5,8,3,9,388
36.5,8,3,10,390
36.5,8,3,11,391
36.5,8,3,12,393
36.5,8,3,13,395
36.5,8,3,14,397
36.5,8,3,15,398
36.5,8,4,0,374
36.5,8,4,1,376
36.5,8,4,2,378
36.5,8,4,3,379
36.5,8,4,4,381
36.5,8,4,5,383
36.5,8,4,6,385
36.5,8,4,7,387
36.5,8,4,8,388
36.5,8,4,9,390
36.5,8,4,10,392
36.5,8,4,11,394
36.5,8,4,12,395
36.5,8,4,13,397
36.5,8,4,14,399
36.5,8,4,15,401
36.5,8,5,0,376
36.5,8,5,1,378
36.5,8,5,2,380
36.5,8,5,3,382
36.5,8,5,4,383
36.5,8,5,5,385
36.5,8,5,6,387
36.5,8,5,7,389
36.5,8,5,8,391
36.5,8,5,9,392
36.5,8,5,10,394
36.5,8,5,11,396
36.5,8,5,12,398
36.5,8,5,13,399
36.5,8,5,14,401
36.5,8,5,15,403
36.5,8,6,0,378
36.5,8,6,1,380
36.5,8,6,2,382
36.5,8,6,3,384
36.5,8,6,4,386
36.5,8,6,5,387
36.5,8,6,6,389
36.5,8,6,7,391
36.5,8,6,8,393
36.5,8,6,9,395
36.5,8,6,10,396
36.5,8,6,11,398
36.5,8,6,12,400
36.5,8,6,13,402
36.5,8,6,14,403
36.5,8,6,15,405
36.5,8,7,0,380
36.5,8,7,1,382
36.5,8,7,2,384
36.5,8,7,3,386
36.5,8,7,4,388
36.5,8,7,5,390
36.5,8,7,6,391
36.5,8,7,7,393
36.5,8,7,8,395
36.5,8,7,9,397
36.5,8,7,10,399
36.5,8,7,11,400
36.5,8,7,12,402
36.5,8,7,13,404
36.5,8,7,14,406
36.5,8,7,15,407
36.5,8,8,0,383
36.5,8,8,1,384
36.5,8,8,2,386
36.5,8,8,3,388
36.5,8,8,4,390
36.5,8,8,5,392
36.5,8,8,6,394
36.5,8,8,7,395
36.5,8,8,8,397
36.5,8,8,9,399
36.5,8,8,10,401
36.5,8,8,11,403
36.5,8,8,12,404
36.5,8,8,13,406
36.5,8,8,14,408
36.5,8,8,15,410
36.5,8,9,0,385
36.5,8,9,1,386
36.5,8,9,2,388
36.5,8,9,3,390
36.5,8,9,4,392
36.5,8,9,5,394
36.5,8,9,6,396
36.5,8,9,7,398
36.5,8,9,8,399
36.5,8,9,9,401
36.5,8,9,10,403
36.5,8,9,11,405
36.5,8,9,12,407
36.5,8,9,13,408
36.5,8,9,14,410
36.5,8,9,15,412
36.5,8,10,0,387
36.5,8,10,1,389
36.5,8,10,2,390
36.5,8,10,3,392
36.5,8,10,4,394
36.5,8,10,5,396
36.5,8,10,6,398
36.5,8,10,7,400
36.5,8,10,8,402
36.5,8,10,9,403
36.5,8,10,10,405
36.5,8,10,11,407
36.5,8,10,12,409
36.5,8,10,13,411
36.5,8,10,14,412
36.5,8,10,15,414
36.5,8,11,0,389
36.5,8,11,1,391
36.5,8,11,2,393
36.5,8,11,3,394
36.5,8,11,4,396
36.5,8,11,5,398
36.5,8,11,6,400
36.5,8,11,7,402
36.5,8,11,8,404
36.5,8,11,9,406
36.5,8,11,10,407
36.5,8,11,11,409
36.5,8,11,12,411
36.5,8,11,13,413
36.5,8,11,14,415
36.5,8,11,15,416
36.5,8,12,0,391
36.5,8,12,1,393
36.5,8,12,2,395
36.5,8,12,3,397
36.5,8,12,4,398
36.5,8,12,5,400
36.5,8,12,6,402
36.5,8,12,7,404
36.5,8,12,8,406
36.5,8,12,9,408
36.5,8,12,10,410
36.5,8,12,11,411
36.5,8,12,12,413
36.5,8,12,13,415
36.5,8,12,14,417
36.5,8,12,15,419
36.5,8,13,0,393
36.5,8,13,1,395
36.5,8,13,2,397
36.5,8,13,3,399
36.5,8,13,4,401
36.5,8,13,5,402
36.5,8,13,6,404
36.5,8,13,7,406
36.5,8,13,8,408
36.5,8,13,9,410
36.5,8,13,10,412
36.5,8,13,11,414
36.5,8,13,12,415
36.5,8,13,13,417
36.5,8,13,14,419
36.5,8,13,15,421
36.5,8,14,0,395
36.5,8,14,1,397
36.5,8,14,2,399
36.5,8,14,3,401
36.5,8,14,4,403
36.5,8,14,5,405
36.5,8,14,6,406
36.5,8,14,7,408
36.5,8,14,8,410
36.5,8,14,9,412
36.5,8,14,10,414
36.5,8,14,11,416
36.5,8,14,12,418
36.5,8,14,13,419
36.5,8,14,14,421
36.5,8,14,15,423
36.5,8,15,0,397
36.5,8,15,1,399
36.5,8,15,2,401
36.5,8,15,3,403
36.5,8,15,4,405
36.5,8,15,5,407
36.5,8,15,6,408
36.5,8,15,7,410
36.5,8,15,8,412
36.5,8,15,9,414
36.5,8,15,10,416
36.5,8,15,11,418
36.5,8,15,12,420
36.5,8,15,13,422
36.5,8,15,14,423
36.5,8,15,15,425
36.5,9,0,0,371
36.5,9,0,1,373
36.5,9,0,2,374
36.5,9,0,3,376
36.5,9,0,4,378
36.5,9,0,5,380
36.5,9,0,6,382
36.5,9,0,7,383
36.5,9,0,8,385
36.5,9,0,9,387
36.5,9,0,10,389
36.5,9,0,11,390
36.5,9,0,12,392
36.5,9,0,13,394
36.5,9,0,14,395
36.5,9,0,15,397
36.5,9,1,0,373
36.5,9,1,1,375
36.5,9,1,2,377
36.5,9,1,3,378
36.5,9,1,4,380
36.5,9,1,5,382
36.5,9,1,6,384
36.5,9,1,7,386
36.5,9,1,8,387
36.5,9,1,9,389
36.5,9,1,10,391
36.5,9,1,11,393
36.5,9,1,12,394
36.5,9,1,13,396
36.5,9,1,14,398
36.5,9,1,15,399
36.5,9,2,0,375
36.5,9,2,1,377
36.5,9,2,2,379
36.5,9,2,3,381
36.5,9,2,4,382
36.5,9,2,5,384
36.5,9,2,6,386
36.5,9,2,7,388
36.5,9,2,8,390
36.5,9,2,9,391
36.5,9,2,10,393
36.5,9,2,11,395
36.5,9,2,12,397
36.5,9,2,13,398
36.5,9,2,14,400
36.5,9,2,15,402
36.5,9,3,0,377
36.5,9,3,1,379
36.5,9,3,2,381
36.5,9,3,3,383
36.5,9,3,4,385
36.5,9,3,5,387
36.5,9,3,6,388
36.5,9,3,7,390
36.5,9,3,8,392
36.5,9,3,9,394
36.5,9,3,10,395
36.5,9,3,11,397
36.5,9,3,12,399
36.5,9,3,13,401
36.5,9,3,14,402
36.5,9,3,15,404
36.5,9,4,0,380
36.5,9,4,1,381
36.5,9,4,2,383
36.5,9,4,3,385
36.5,9,4,4,387
36.5,9,4,5,389
36.5,9,4,6,391
36.5,9,4,7,392
36.5,9,4,8,394
36.5,9,4,9,396
36.5,9,4,10,398
36.5,9,4,11,400
36.5,9,4,12,401
36.5,9,4,13,403
36.5,9,4,14,405
36.5,9,4,15,407
36.5,9,5,0,382
36.5,9,5,1,384
36.5,9,5,2,385
36.5,9,5,3,387
36.5,9,5,4,389
36.5,9,5,5,391
36.5,9,5,6,393
36.5,9,5,7,395
36.5,9,5,8,396
36.5,9,5,9,398
36.5,9,5,10,400
36.5,9,5,11,402
36.5,9,5,12,404
36.5,9,5,13,405
36.5,9,5,14,407
36.5,9,5,15,409
36.5,9,6,0,384
36.5,9,6,1,386
36.5,9,6,2,388
36.5,9,6,3,390
36.5,9,6,4,391
36.5,9,6,5,393
36.5,9,6,6,395
36.5,9,6,7,397
36.5,9,6,8,399
36.5,9,6,9,401
36.5,9,6,10,402
36.5,9,6,11,404
36.5,9,6,12,406
36.5,9,6,13,408
36.5,9,6,14,409
36.5,9,6,15,411
36.5,9,7,0,386
36.5,9,7,1,388
36.5,9,7,2,390
36.5,9,7,3,392
36.5,9,7,4,394
36.5,9,7,5,395
36.5,9,7,6,397
36.5,9,7,7,399
36.5,9,7,8,401
36.5,9,7,9,403
36.5,9,7,10,405
36.5,9,7,11,406
36.5,9,7,12,408
36.5,9,7,13,410
36.5,9,7,14,412
36.5,9,7,15,414
36.5,9,8,0,388
36.5,9,8,1,390
36.5,9,8,2,392
36.5,9,8,3,394
36.5,9,8,4,396
36.5,9,8,5,398
36.5,9,8,6,399
36.5,9,8,7,401
36.5,9,8,8,403
36.5,9,8,9,405
36.5,9,8,10,407
36.5,9,8,11,409
36.5,9,8,12,410
36.5,9,8,13,412
36.5,9,8,14,414
36.5,9,8,15,416
36.5,9,9,0,390
36.5,9,9,1,392
36.5,9,9,2,394
36.5,9,9,3,396
36.5,9,9,4,398
36.5,9,9,5,400
36.5,9,9,6,402
36.5,9,9,7,404
36.5,9,9,8,405
36.5,9,9,9,407
36.5,9,9,10,409
36.5,9,9,11,411
36.5,9,9,12,413
36.5,9,9,13,415
36.5,9,9,14,416
36.5,9,9,15,418
36.5,9,10,0,392
36.5,9,10,1,394
36.5,9,10,2,396
36.5,9,10,3,398
36.5,9,10,4,400
36.5,9,10,5,402
36.5,9,10,6,404
36.5,9,10,7,406
36.5,9,10,8,408
36.5,9,10,9,409
36.5,9,10,10,411
36.5,9,10,11,413
36.5,9,10,12,415
36.5,9,10,13,417
36.5,9,10,14,419
36.5,9,10,15,420
36.5,9,11,0,395
36.5,9,11,1,397
36.5,9,11,2,398
36.5,9,11,3,400
36.5,9,11,4,402
36.5,9,11,5,404
36.5,9,11,6,406
36.5,9,11,7,408
36.5,9,11,8,410
36.5,9,11,9,412
36.5,9,11,10,413
36.5,9,11,11,415
36.5,9,11,12,417
36.5,9,11,13,419
36.5,9,11,14,421
36.5,9,11,15,423
36.5,9,12,0,397
36.5,9,12,1,399
36.5,9,12,2,401
36.5,9,12,3,402
36.5,9,12,4,404
36.5,9,12,5,406
36.5,9,12,6,408
36.5,9,12,7,410
36.5,9,12,8,412
36.5,9,12,9,414
36.5,9,12,10,416
36.5,9,12,11,418
36.5,9,12,12,419
36.5,9,12,13,421
36.5,9,12,14,423
36.5,9,12,15,425
36.5,9,13,0,399
36.5,9,13,1,401
36.5,9,13,2,403
36.5,9,13,3,405
36.5,9,13,4,407
36.5,9,13,5,408
36.5,9,13,6,410
36.5,9,13,7,412
36.5,9,13,8,414
36.5,9,13,9,416
36.5,9,13,10,418
36.5,9,13,11,420
36.5,9,13,12,422
36.5,9,13,13,423
36.5,9,13,14,425
36.5,9,13,15,427
36.5,9,14,0,401
36.5,9,14,1,403
36.5,9,14,2,405
36.5,9,14,3,407
36.5,9,14,4,409
36.5,9,14,5,411
36.5,9,14,6,412
36.5,9,14,7,414
36.5,9,14,8,416
36.5,9,14,9,418
36.5,9,14,10,420
36.5,9,14,11,422
36.5,9,14,12,424
36.5,9,14,13,426
36.5,9,14,14,427
36.5,9,14,15,429
36.5,9,15,0,403
36.5,9,15,1,405
36.5,9,15,2,407
36.5,9,15,3,409
36.5,9,15,4,411
36.5,9,15,5,413
36.5,9,15,6,415
36.5,9,15,7,417
36.5,9,15,8,418
36.5,9,15,9,420
36.5,9,15,10,422
36.5,9,15,11,424
36.5,9,15,12,426
36.5,9,15,13,428
36.5,9,15,14,430
36.5,9,15,15,432
36.5,10,0,0,376
36.5,10,0,1,378
36.5,10,0,2,380
36.5,10,0,3,382
36.5,10,0,4,384
36.5,10,0,5,385
36.5,10,0,6,387
36.5,10,0,7,389
36.5,10,0,8,391
36.5,10,0,9,392
36.5,10,0,10,394
36.5,10,0,11,396
36.5,10,0,12,398
36.5,10,0,13,399
36.5,10,0,14,401
36.5,10,0,15,403
36.5,10,1,0,378
36.5,10,1,1,380
36.5,10,1,2,382
36.5,10,1,3,384
36.5,10,1,4,386
36.5,10,1,5,388
36.5,10,1,6,389
36.5,10,1,7,391
36.5,10,1,8,393
36.5,10,1,9,395
36.5,10,1,10,397
36.5,10,1,11,398
36.5,10,1,12,400
36.5,10,1,13,402
36.5,10,1,14,404
36.5,10,1,15,405
36.5,10,2,0,381
36.5,10,2,1,383
36.5,10,2,2,384
36.5,10,2,3,386
36.5,10,2,4,388
36.5,10,2,5,390
36.5,10,2,6,392
36.5,10,2,7,394
36.5,10,2,8,395
36.5,10,2,9,397
36.5,10,2,10,399
36.5,10,2,11,401
36.5,10,2,12,403
36.5,10,2,13,404
36.5,10,2,14,406
36.5,10,2,15,408
36.5,10,3,0,383
36.5,10,3,1,385
36.5,10,3,2,387
36.5,10,3,3,389
36.5,10,3,4,390
36.5,10,3,5,392
36.5,10,3,6,394
36.5,10,3,7,396
36.5,10,3,8,398
36.5,10,3,9,400
36.5,10,3,10,401
36.5,10,3,11,403
36.5,10,3,12,405
36.5,10,3,13,407
36.5,10,3,14,408
36.5,10,3,15,410
36.5,10,4,0,385
36.5,10,4,1,387
36.5,10,4,2,389
36.5,10,4,3,391
36.5,10,4,4,393
36.5,10,4,5,395
36.5,10,4,6,396
36.5,10,4,7,398
36.5,10,4,8,400
36.5,10,4,9,402
36.5,10,4,10,404
36.5,10,4,11,405
36.5,10,4,12,407
36.5,10,4,13,409
36.5,10,4,14,411
36.5,10,4,15,413
36.5,10,5,0,387
36.5,10,5,1,389
36.5,10,5,2,391
36.5,10,5,3,393
36.5,10,5,4,395
36.5,10,5,5,397
36.5,10,5,6,399
36.5,10,5,7,400
36.5,10,5,8,402
36.5,10,5,9,404
36.5,10,5,10,406
36.5,10,5,11,408
36.5,10,5,12,410
36.5,10,5,13,411
36.5,10,5,14,413
36.5,10,5,15,415
36.5,10,6,0,390
36.5,10,6,1,391
36.5,10,6,2,393
36.5,10,6,3,395
36.5,10,6,4,397
36.5,10,6,5,399
36.5,10,6,6,401
36.5,10,6,7,403
36.5,10,6,8,405
36.5,10,6,9,406
36.5,10,6,10,408
36.5,10,6,11,410
36.5,10,6,12,412
36.5,10,6,13,414
36.5,10,6,14,415
36.5,10,6,15,417
36.5,10,7,0,392
36.5,10,7,1,394
36.5,10,7,2,396
36.5,10,7,3,397
36.5,10,7,4,399
36.5,10,7,5,401
36.5,10,7,6,403
36.5,10,7,7,405
36.5,10,7,8,407
36.5,10,7,9,409
36.5,10,7,10,411
36.5,10,7,11,412
36.5,10,7,12,414
36.5,10,7,13,416
36.5,10,7,14,418
36.5,10,7,15,420
36.5,10,8,0,394
36.5,10,8,1,396
36.5,10,8,2,398
36.5,10,8,3,400
36.5,10,8,4,402
36.5,10,8,5,403
36.5,10,8,6,405
36.5,10,8,7,407
36.5,10,8,8,409
36.5,10,8,9,411
36.5,10,8,10,413
36.5,10,8,11,415
36.5,10,8,12,417
36.5,10,8,13,418
36.5,10,8,14,420
36.5,10,8,15,422
36.5,10,9,0,396
36.5,10,9,1,398
36.5,10,9,2,400
36.5,10,9,3,402
36.5,10,9,4,404
36.5,10,9,5,406
36.5,10,9,6,408
36.5,10,9,7,409
36.5,10,9,8,411
36.5,10,9,9,413
36.5,10,9,10,415
36.5,10,9,11,417
36.5,10,9,12,419
36.5,10,9,13,421
36.5,10,9,14,422
36.5,10,9,15,424
36.5,10,10,0,398
36.5,10,10,1,400
36.5,10,10,2,402
36.5,10,10,3,404
36.5,10,10,4,406
36.5,10,10,5,408
36.5,10,10,6,410
36.5,10,10,7,412
36.5,10,10,8,414
36.5,10,10,9,415
36.5,10,10,10,417
36.5,10,10,11,419
36.5,10,10,12,421
36.5,10,10,13,423
36.5,10,10,14,425
36.5,10,10,15,427
36.5,10,11,0,400
36.5,10,11,1,402
36.5,10,11,2,404
36.5,10,11,3,406
36.5,10,11,4,408
36.5,10,11,5,410
36.5,10,11,6,412
36.5,10,11,7,414
36.5,10,11,8,416
36.5,10,11,9,418
36.5,10,11,10,420
36.5,10,11,11,421
36.5,10,11,12,423
36.5,10,11,13,425
36.5,10,11,14,427
36.5,10,11,15,429
36.5,10,12,0,403
36.5,10,12,1,404
36.5,10,12,2,406
36.5,10,12,3,408
36.5,10,12,4,410
36.5,10,12,5,412
36.5,10,12,6,414
36.5,10,12,7,416
36.5,10,12,8,418
36.5,10,12,9,420
36.5,10,12,10,422
36.5,10,12,11,424
36.5,10,12,12,426
36.5,10,12,13,427
36.5,10,12,14,429
36.5,10,12,15,431
36.5,10,13,0,405
36.5,10,13,1,407
36.5,10,13,2,409
36.5,10,13,3,411
36.5,10,13,4,413
36.5,10,13,5,414
36.5,10,13,6,416
36.5,10,13,7,418
36.5,10,13,8,420
36.5,10,13,9,422
36.5,10,13,10,424
36.5,10,13,11,426
36.5,10,13,12,428
36.5,10,13,13,430
36.5,10,13,14,432
36.5,10,13,15,433
36.5,10,14,0,407
36.5,10,14,1,409
36.5,10,14,2,411
36.5,10,14,3,413
36.5,10,14,4,415
36.5,10,14,5,417
36.5,10,14,6,419
36.5,10,14,7,420
36.5,10,14,8,422
36.5,10,14,9,424
36.5,10,14,10,426
36.5,10,14,11,428
36.5,10,14,12,430
36.5,10,14,13,432
36.5,10,14,14,434
36.5,10,14,15,436
36.5,10,15,0,409
36.5,10,15,1,411
36.5,10,15,2,413
36.5,10,15,3,415
36.5,10,15,4,417
36.5,10,15,5,419
36.5,10,15,6,421
36.5,10,15,7,423
36.5,10,15,8,425
36.5,10,15,9,427
36.5,10,15,10,428
36.5,10,15,11,430
36.5,10,15,12,432
36.5,10,15,13,434
36.5,10,15,14,436
36.5,10,15,15,438
36.5,11,0,0,382
36.5,11,0,1,384
36.5,11,0,2,385
36.5,11,0,3,387
36.5,11,0,4,389
36.5,11,0,5,391
36.5,11,0,6,393
36.5,11,0,7,395
36.5,11,0,8,396
36.5,11,0,9,398
36.5,11,0,10,400
36.5,11,0,11,402
36.5,11,0,12,404
36.5,11,0,13,405
36.5,11,0,14,407
36.5,11,0,15,409
36.5,11,1,0,384
36.5,11,1,1,386
36.5,11,1,2,388
36.5,11,1,3,390
36.5,11,1,4,391
36.5,11,1,5,393
36.5,11,1,6,395
36.5,11,1,7,397
36.5,11,1,8,399
36.5,11,1,9,401
36.5,11,1,10,402
36.5,11,1,11,404
36.5,11,1,12,406
36.5,11,1,13,408
36.5,11,1,14,409
36.5,11,1,15,411
36.5,11,2,0,386
36.5,11,2,1,388
36.5,11,2,2,390
36.5,11,2,3,392
36.5,11,2,4,394
36.5,11,2,5,396
36.5,11,2,6,397
36.5,11,2,7,399
36.5,11,2,8,401
36.5,11,2,9,403
36.5,11,2,10,405
36.5,11,2,11,407
36.5,11,2,12,408
36.5,11,2,13,410
36.5,11,2,14,412
36.5,11,2,15,414
36.5,11,3,0,389
36.5,11,3,1,390
36.5,11,3,2,392
36.5,11,3,3,394
36.5,11,3,4,396
36.5,11,3,5,398
36.5,11,3,6,400
36.5,11,3,7,402
36.5,11,3,8,403
36.5,11,3,9,405
36.5,11,3,10,407
36.5,11,3,11,409
36.5,11,3,12,411
36.5,11,3,13,413
36.5,11,3,14,414
36.5,11,3,15,416
36.5,11,4,0,391
36.5,11,4,1,393
36.5,11,4,2,395
36.5,11,4,3,396
36.5,11,4,4,398
36.5,11,4,5,400
36.5,11,4,6,402
36.5,11,4,7,404
36.5,11,4,8,406
36.5,11,4,9,408
36.5,11,4,10,409
36.5,11,4,11,411
36.5,11,4,12,413
36.5,11,4,13,415
36.5,11,4,14,417
36.5,11,4,15,419
36.5,11,5,0,393
36.5,11,5,1,395
36.5,11,5,2,397
36.5,11,5,3,399
36.5,11,5,4,401
36.5,11,5,5,403
36.5,11,5,6,404
36.5,11,5,7,406
36.5,11,5,8,408
36.5,11,5,9,410
36.5,11,5,10,412
36.5,11,5,11,414
36.5,11,5,12,416
36.5,11,5,13,417
36.5,11,5,14,419
36.5,11,5,15,421
36.5,11,6,0,395
36.5,11,6,1,397
36.5,11,6,2,399
36.5,11,6,3,401
36.5,11,6,4,403
36.5,11,6,5,405
36.5,11,6,6,407
36.5,11,6,7,409
36.5,11,6,8,410
36.5,11,6,9,412
36.5,11,6,10,414
36.5,11,6,11,416
36.5,11,6,12,418
36.5,11,6,13,420
36.5,11,6,14,422
36.5,11,6,15,423
36.5,11,7,0,397
36.5,11,7,1,399
36.5,11,7,2,401
36.5,11,7,3,403
36.5,11,7,4,405
36.5,11,7,5,407
36.5,11,7,6,409
36.5,11,7,7,411
36.5,11,7,8,413
36.5,11,7,9,415
36.5,11,7,10,417
36.5,11,7,11,418
36.5,11,7,12,420
36.5,11,7,13,422
36.5,11,7,14,424
36.5,11,7,15,426
36.5,11,8,0,400
36.5,11,8,1,402
36.5,11,8,2,404
36.5,11,8,3,406
36.5,11,8,4,407
36.5,11,8,5,409
36.5,11,8,6,411
36.5,11,8,7,413
36.5,11,8,8,415
36.5,11,8,9,417
36.5,11,8,10,419
36.5,11,8,11,421
36.5,11,8,12,423
36.5,11,8,13,424
36.5,11,8,14,426
36.5,11,8,15,428
36.5,11,9,0,402
36.5,11,9,1,404
36.5,11,9,2,406
36.5,11,9,3,408
36.5,11,9,4,410
36.5,11,9,5,412
36.5,11,9,6,414
36.5,11,9,7,415
36.5,11,9,8,417
36.5,11,9,9,419
36.5,11,9,10,421
36.5,11,9,11,423
36.5,11,9,12,425
36.5,11,9,13,427
36.5,11,9,14,429
36.5,11,9,15,430
36.5,11,10,0,404
36.5,11,10,1,406
36.5,11,10,2,408
36.5,11,10,3,410
36.5,11,10,4,412
36.5,11,10,5,414
36.5,11,10,6,416
36.5,11,10,7,418
36.5,11,10,8,420
36.5,11,10,9,422
36.5,11,10,10,423
36.5,11,10,11,425
36.5,11,10,12,427
36.5,11,10,13,429
36.5,11,10,14,431
36.5,11,10,15,433
36.5,11,11,0,406
36.5,11,11,1,408
36.5,11,11,2,410
36.5,11,11,3,412
36.5,11,11,4,414
36.5,11,11,5,416
36.5,11,11,6,418
36.5,11,11,7,420
36.5,11,11,8,422
36.5,11,11,9,424
36.5,11,11,10,426
36.5,11,11,11,428
36.5,11,11,12,429
36.5,11,11,13,431
36.5,11,11,14,433
36.5,11,11,15,435
36.5,11,12,0,408
36.5,11,12,1,410
36.5,11,12,2,412
36.5,11,12,3,414
36.5,11,12,4,416
36.5,11,12,5,418
36.5,11,12,6,420
36.5,11,12,7,422
36.5,11,12,8,424
36.5,11,12,9,426
36.5,11,12,10,428
36.5,11,12,11,430
36.5,11,12,12,432
36.5,11,12,13,434
36.5,11,12,14,436
36.5,11,12,15,437
36.5,11,13,0,411
36.5,11,13,1,413
36.5,11,13,2,415
36.5,11,13,3,417
36.5,11,13,4,418
36.5,11,13,5,420
36.5,11,13,6,422
36.5,11,13,7,424
36.5,11,13,8,426
36.5,11,13,9,428
36.5,11,13,10,430
36.5,11,13,11,432
36.5,11,13,12,434
36.5,11,13,13,436
36.5,11,13,14,438
36.5,11,13,15,440
36.5,11,14,0,413
36.5,11,14,1,415
36.5,11,14,2,417
36.5,11,14,3,419
36.5,11,14,4,421
36.5,11,14,5,423
36.5,11,14,6,425
36.5,11,14,7,427
36.5,11,14,8,429
36.5,11,14,9,430
36.5,11,14,10,432
36.5,11,14,11,434
36.5,11,14,12,436
36.5,11,14,13,438
36.5,11,14,14,440
36.5,11,14,15,442
36.5,11,15,0,415
36.5,11,15,1,417
36.5,11,15,2,419
36.5,11,15,3,421
36.5,11,15,4,423
36.5,11,15,5,425
36.5,11,15,6,427
36.5,11,15,7,429
36.5,11,15,8,431
36.5,11,15,9,433
36.5,11,15,10,435
36.5,11,15,11,437
36.5,11,15,12,439
36.5,11,15,13,440
36.5,11,15,14,442
36.5,11,15,15,444
36.5,12,0,0,387
36.5,12,0,1,389
36.5,12,0,2,391
36.5,12,0,3,393
36.5,12,0,4,395
36.5,12,0,5,397
36.5,12,0,6,398
36.5,12,0,7,400
36.5,12,0,8,402
36.5,12,0,9,404
36.5,12,0,10,406
36.5,12,0,11,407
36.5,12,0,12,409
36.5,12,0,13,411
36.5,12,0,14,413
36.5,12,0,15,415
36.5,12,1,0,389
36.5,12,1,1,391
36.5,12,1,2,393
36.5,12,1,3,395
36.5,12,1,4,397
36.5,12,1,5,399
36.5,12,1,6,401
36.5,12,1,7,403
36.5,12,1,8,404
36.5,12,1,9,406
36.5,12,1,10,408
36.5,12,1,11,410
36.5,12,1,12,412
36.5,12,1,13,414
36.5,12,1,14,415
36.5,12,1,15,417
36.5,12,2,0,392
36.5,12,2,1,394
36.5,12,2,2,396
36.5,12,2,3,397
36.5,12,2,4,399
36.5,12,2,5,401
36.5,12,2,6,403
36.5,12,2,7,405
36.5,12,2,8,407
36.5,12,2,9,409
36.5,12,2,10,411
36.5,12,2,11,412
36.5,12,2,12,414
36.5,12,2,13,416
36.5,12,2,14,418
36.5,12,2,15,420
36.5,12,3,0,394
36.5,12,3,1,396
36.5,12,3,2,398
36.5,12,3,3,400
36.5,12,3,4,402
36.5,12,3,5,404
36.5,12,3,6,406
36.5,12,3,7,407
36.5,12,3,8,409
36.5,12,3,9,411
36.5,12,3,10,413
36.5,12,3,11,415
36.5,12,3,12,417
36.5,12,3,13,418
36.5,12,3,14,420
36.5,12,3,15,422
36.5,12,4,0,396
36.5,12,4,1,398
36.5,12,4,2,400
36.5,12,4,3,402
36.5,12,4,4,404
36.5,12,4,5,406
36.5,12,4,6,408
36.5,12,4,7,410
36.5,12,4,8,412
36.5,12,4,9,413
36.5,12,4,10,415
36.5,12,4,11,417
36.5,12,4,12,419
36.5,12,4,13,421
36.5,12,4,14,423
36.5,12,4,15,425
36.5,12,5,0,399
36.5,12,5,1,401
36.5,12,5,2,403
36.5,12,5,3,404
36.5,12,5,4,406
36.5,12,5,5,408
36.5,12,5,6,410
36.5,12,5,7,412
36.5,12,5,8,414
36.5,12,5,9,416
36.5,12,5,10,418
36.5,12,5,11,420
36.5,12,5,12,421
36.5,12,5,13,423
36.5,12,5,14,425
36.5,12,5,15,427
36.5,12,6,0,401
36.5,12,6,1,403
36.5,12,6,2,405
36.5,12,6,3,407
36.5,12,6,4,409
36.5,12,6,5,411
36.5,12,6,6,413
36.5,12,6,7,414
36.5,12,6,8,416
36.5,12,6,9,418
36.5,12,6,10,420
36.5,12,6,11,422
36.5,12,6,12,424
36.5,12,6,13,426
36.5,12,6,14,428
36.5,12,6,15,429
36.5,12,7,0,403
36.5,12,7,1,405
36.5,12,7,2,407
36.5,12,7,3,409
36.5,12,7,4,411
36.5,12,7,5,413
36.5,12,7,6,415
36.5,12,7,7,417
36.5,12,7,8,419
36.5,12,7,9,421
36.5,12,7,10,422
36.5,12,7,11,424
36.5,12,7,12,426
36.5,12,7,13,428
36.5,12,7,14,430
36.5,12,7,15,432
36.5,12,8,0,405
36.5,12,8,1,407
36.5,12,8,2,409
36.5,12,8,3,411
36.5,12,8,4,413
36.5,12,8,5,415
36.5,12,8,6,417
36.5,12,8,7,419
36.5,12,8,8,421
36.5,12,8,9,423
36.5,12,8,10,425
36.5,12,8,11,427
36.5,12,8,12,429
36.5,12,8,13,430
36.5,12,8,14,432
36.5,12,8,15,434
36.5,12,9,0,408
36.5,12,9,1,410
36.5,12,9,2,412
36.5,12,9,3,414
36.5,12,9,4,416
36.5,12,9,5,417
36.5,12,9,6,419
36.5,12,9,7,421
36.5,12,9,8,423
36.5,12,9,9,425
36.5,12,9,10,427
36.5,12,9,11,429
36.5,12,9,12,431
36.5,12,9,13,433
36.5,12,9,14,435
36.5,12,9,15,437
36.5,12,10,0,410
36.5,12,10,1,412
36.5,12,10,2,414
36.5,12,10,3,416
36.5,12,10,4,418
36.5,12,10,5,420
36.5,12,10,6,422
36.5,12,10,7,424
36.5,12,10,8,426
36.5,12,10,9,428
36.5,12,10,10,429
36.5,12,10,11,431
36.5,12,10,12,433
36.5,12,10,13,435
36.5,12,10,14,437
36.5,12,10,15,439
36.5,12,11,0,412
36.5,12,11,1,414
36.5,12,11,2,416
36.5,12,11,3,418
36.5,12,11,4,420
36.5,12,11,5,422
36.5,12,11,6,424
36.5,12,11,7,426
36.5,12,11,8,428
36.5,12,11,9,430
36.5,12,11,10,432
36.5,12,11,11,434
36.5,12,11,12,436
36.5,12,11,13,438
36.5,12,11,14,439
36.5,12,11,15,441
36.5,12,12,0,414
36.5,12,12,1,416
36.5,12,12,2,418
36.5,12,12,3,420
36.5,12,12,4,422
36.5,12,12,5,424
36.5,12,12,6,426
36.5,12,12,7,428
36.5,12,12,8,430
36.5,12,12,9,432
36.5,12,12,10,434
36.5,12,12,11,436
36.5,12,12,12,438
36.5,12,12,13,440
36.5,12,12,14,442
36.5,12,12,15,444
36.5,12,13,0,416
36.5,12,13,1,418
36.5,12,13,2,420
36.5,12,13,3,422
36.5,12,13,4,424
36.5,12,13,5,426
36.5,12,13,6,428
36.5,12,13,7,430
36.5,12,13,8,432
36.5,12,13,9,434
36.5,12,13,10,436
36.5,12,13,11,438
36.5,12,13,12,440
36.5,12,13,13,442
36.5,12,13,14,444
36.5,12,13,15,446
36.5,12,14,0,419
36.5,12,14,1,421
36.5,12,14,2,423
36.5,12,14,3,425
36.5,12,14,4,427
36.5,12,14,5,429
36.5,12,14,6,431
36.5,12,14,7,433
36.5,12,14,8,435
36.5,12,14,9,437
36.5,12,14,10,439
36.5,12,14,11,441
36.5,12,14,12,443
36.5,12,14,13,444
36.5,12,14,14,446
36.5,12,14,15,448
36.5,12,15,0,421
36.5,12,15,1,423
36.5,12,15,2,425
36.5,12,15,3,427
36.5,12,15,4,429
36.5,12,15,5,431
36.5,12,15,6,433
36.5,12,15,7,435
36.5,12,15,8,437
36.5,12,15,9,439
36.5,12,15,10,441
36.5,12,15,11,443
36.5,12,15,12,445
36.5,12,15,13,447
36.5,12,15,14,449
36.5,12,15,15,451
36.5,13,0,0,393
36.5,13,0,1,395
36.5,13,0,2,396
36.5,13,0,3,398
36.5,13,0,4,400
36.5,13,0,5,402
36.5,13,0,6,404
36.5,13,0,7,406
36.5,13,0,8,408
36.5,13,0,9,410
36.5,13,0,10,411
36.5,13,0,11,413
36.5,13,0,12,415
36.5,13,0,13,417
36.5,13,0,14,419
36.5,13,0,15,420
36.5,13,1,0,395
36.5,13,1,1,397
36.5,13,1,2,399
36.5,13,1,3,401
36.5,13,1,4,403
36.5,13,1,5,405
36.5,13,1,6,406
36.5,13,1,7,408
36.5,13,1,8,410
36.5,13,1,9,412
36.5,13,1,10,414
36.5,13,1,11,416
36.5,13,1,12,418
36.5,13,1,13,419
36.5,13,1,14,421
36.5,13,1,15,423
36.5,13,2,0,397
36.5,13,2,1,399
36.5,13,2,2,401
36.5,13,2,3,403
36.5,13,2,4,405
36.5,13,2,5,407
36.5,13,2,6,409
36.5,13,2,7,411
36.5,13,2,8,413
36.5,13,2,9,414
36.5,13,2,10,416
36.5,13,2,11,418
36.5,13,2,12,420
36.5,13,2,13,422
36.5,13,2,14,424
36.5,13,2,15,426
36.5,13,3,0,400
36.5,13,3,1,402
36.5,13,3,2,404
36.5,13,3,3,405
36.5,13,3,4,407
36.5,13,3,5,409
36.5,13,3,6,411
36.5,13,3,7,413
36.5,13,3,8,415
36.5,13,3,9,417
36.5,13,3,10,419
36.5,13,3,11,421
36.5,13,3,12,423
36.5,13,3,13,424
36.5,13,3,14,426
36.5,13,3,15,428
36.5,13,4,0,402
36.5,13,4,1,404
36.5,13,4,2,406
36.5,13,4,3,408
36.5,13,4,4,410
36.5,13,4,5,412
36.5,13,4,6,414
36.5,13,4,7,416
36.5,13,4,8,417
36.5,13,4,9,419
36.5,13,4,10,421
36.5,13,4,11,423
36.5,13,4,12,425
36.5,13,4,13,427
36.5,13,4,14,429
36.5,13,4,15,431
36.5,13,5,0,404
36.5,13,5,1,406
36.5,13,5,2,408
36.5,13,5,3,410
36.5,13,5,4,412
36.5,13,5,5,414
36.5,13,5,6,416
36.5,13,5,7,418
36.5,13,5,8,420
36.5,13,5,9,422
36.5,13,5,10,424
36.5,13,5,11,426
36.5,13,5,12,427
36.5,13,5,13,429
36.5,13,5,14,431
36.5,13,5,15,433
36.5,13,6,0,407
36.5,13,6,1,409
36.5,13,6,2,411
36.5,13,6,3,412
36.5,13,6,4,414
36.5,13,6,5,416
36.5,13,6,6,418
36.5,13,6,7,420
36.5,13,6,8,422
36.5,13,6,9,424
36.5,13,6,10,426
36.5,13,6,11,428
36.5,13,6,12,430
36.5,13,6,13,432
36.5,13,6,14,434
36.5,13,6,15,435
36.5,13,7,0,409
36.5,13,7,1,411
36.5,13,7,2,413
36.5,13,7,3,415
36.5,13,7,4,417
36.5,13,7,5,419
36.5,13,7,6,421
36.5,13,7,7,423
36.5,13,7,8,425
36.5,13,7,9,427
36.5,13,7,10,428
36.5,13,7,11,430
36.5,13,7,12,432
36.5,13,7,13,434
36.5,13,7,14,436
36.5,13,7,15,438
36.5,13,8,0,411
36.5,13,8,1,413
36.5,13,8,2,415
36.5,13,8,3,417
36.5,13,8,4,419
36.5,13,8,5,421
36.5,13,8,6,423
36.5,13,8,7,425
36.5,13,8,8,427
36.5,13,8,9,429
36.5,13,8,10,431
36.5,13,8,11,433
36.5,13,8,12,435
36.5,13,8,13,437
36.5,13,8,14,438
36.5,13,8,15,440
36.5,13,9,0,413
36.5,13,9,1,415
36.5,13,9,2,417
36.5,13,9,3,419
36.5,13,9,4,421
36.5,13,9,5,423
36.5,13,9,6,425
36.5,13,9,7,427
36.5,13,9,8,429
36.5,13,9,9,431
36.5,13,9,10,433
36.5,13,9,11,435
36.5,13,9,12,437
36.5,13,9,13,439
36.5,13,9,14,441
36.5,13,9,15,443
36.5,13,10,0,416
36.5,13,10,1,418
36.5,13,10,2,420
36.5,13,10,3,422
36.5,13,10,4,424
36.5,13,10,5,426
36.5,13,10,6,428
36.5,13,10,7,430
36.5,13,10,8,432
36.5,13,10,9,434
36.5,13,10,10,436
36.5,13,10,11,437
36.5,13,10,12,439
36.5,13,10,13,441
36.5,13,10,14,443
36.5,13,10,15,445
36.5,13,11,0,418
36.5,13,11,1,420
36.5,13,11,2,422
36.5,13,11,3,424
36.5,13,11,4,426
36.5,13,11,5,428
36.5,13,11,6,430
36.5,13,11,7,432
36.5,13,11,8,434
36.5,13,11,9,436
36.5,13,11,10,438
36.5,13,11,11,440
36.5,13,11,12,442
36.5,13,11,13,444
36.5,13,11,14,446
36.5,13,11,15,448
36.5,13,12,0,420
36.5,13,12,1,422
36.5,13,12,2,424
36.5,13,12,3,426
36.5,13,12,4,428
36.5,13,12,5,430
36.5,13,12,6,432
36.5,13,12,7,434
36.5,13,12,8,436
36.5,13,12,9,438
36.5,13,12,10,440
36.5,13,12,11,442
36.5,13,12,12,444
36.5,13,12,13,446
36.5,13,12,14,448
36.5,13,12,15,450
36.5,13,13,0,422
36.5,13,13,1,424
36.5,13,13,2,426
36.5,13,13,3,428
36.5,13,13,4,430
36.5,13,13,5,432
36.5,13,13,6,435
36.5,13,13,7,437
36.5,13,13,8,439
36.5,13,13,9,441
36.5,13,13,10,442
36.5,13,13,11,444
36.5,13,13,12,446
36.5,13,13,13,448
36.5,13,13,14,450
36.5,13,13,15,452
36.5,13,14,0,424
36.5,13,14,1,427
36.5,13,14,2,429
36.5,13,14,3,431
36.5,13,14,4,433
36.5,13,14,5,435
36.5,13,14,6,437
36.5,13,14,7,439
36.5,13,14,8,441
36.5,13,14,9,443
36.5,13,14,10,445
36.5,13,14,11,447
36.5,13,14,12,449
36.5,13,14,13,451
36.5,13,14,14,453
36.5,13,14,15,455
36.5,13,15,0,427
36.5,13,15,1,429
36.5,13,15,2,431
36.5,13,15,3,433
36.5,13,15,4,435
36.5,13,15,5,437
36.5,13,15,6,439
36.5,13,15,7,441
36.5,13,15,8,443
36.5,13,15,9,445
36.5,13,15,10,447
36.5,13,15,11,449
36.5,13,15,12,451
36.5,13,15,13,453
36.5,13,15,14,455
36.5,13,15,15,457
36.5,14,0,0,398
36.5,14,0,1,400
36.5,14,0,2,402
36.5,14,0,3,404
36.5,14,0,4,406
36.5,14,0,5,408
36.5,14,0,6,410
36.5,14,0,7,411
36.5,14,0,8,413
36.5,14,0,9,415
36.5,14,0,10,417
36.5,14,0,11,419
36.5,14,0,12,421
36.5,14,0,13,423
36.5,14,0,14,425
36.5,14,0,15,426
36.5,14,1,0,400
36.5,14,1,1,402
36.5,14,1,2,404
36.5,14,1,3,406
36.5,14,1,4,408
36.5,14,1,5,410
36.5,14,1,6,412
36.5,14,1,7,414
36.5,14,1,8,416
36.5,14,1,9,418
36.5,14,1,10,420
36.5,14,1,11,422
36.5,14,1,12,423
36.5,14,1,13,425
36.5,14,1,14,427
36.5,14,1,15,429
36.5,14,2,0,403
36.5,14,2,1,405
36.5,14,2,2,407
36.5,14,2,3,409
36.5,14,2,4,411
36.5,14,2,5,413
36.5,14,2,6,415
36.5,14,2,7,416
36.5,14,2,8,418
36.5,14,2,9,420
36.5,14,2,10,422
36.5,14,2,11,424
36.5,14,2,12,426
36.5,14,2,13,428
36.5,14,2,14,430
36.5,14,2,15,431
36.5,14,3,0,405
36.5,14,3,1,407
36.5,14,3,2,409
36.5,14,3,3,411
36.5,14,3,4,413
36.5,14,3,5,415
36.5,14,3,6,417
36.5,14,3,7,419
36.5,14,3,8,421
36.5,14,3,9,423
36.5,14,3,10,425
36.5,14,3,11,427
36.5,14,3,12,428
36.5,14,3,13,430
36.5,14,3,14,432
36.5,14,3,15,434
36.5,14,4,0,408
36.5,14,4,1,410
36.5,14,4,2,412
36.5,14,4,3,413
36.5,14,4,4,415
36.5,14,4,5,417
36.5,14,4,6,419
36.5,14,4,7,421
36.5,14,4,8,423
36.5,14,4,9,425
36.5,14,4,10,427
36.5,14,4,11,429
36.5,14,4,12,431
36.5,14,4,13,433
36.5,14,4,14,435
36.5,14,4,15,437
36.5,14,5,0,410
36.5,14,5,1,412
36.5,14,5,2,414
36.5,14,5,3,416
36.5,14,5,4,418
36.5,14,5,5,420
36.5,14,5,6,422
36.5,14,5,7,424
36.5,14,5,8,426
36.5,14,5,9,428
36.5,14,5,10,430
36.5,14,5,11,431
36.5,14,5,12,433
36.5,14,5,13,435
36.5,14,5,14,437
36.5,14,5,15,439
36.5,14,6,0,412
36.5,14,6,1,414
36.5,14,6,2,416
36.5,14,6,3,418
36.5,14,6,4,420
36.5,14,6,5,422
36.5,14,6,6,424
36.5,14,6,7,426
36.5,14,6,8,428
36.5,14,6,9,430
36.5,14,6,10,432
36.5,14,6,11,434
36.5,14,6,12,436
36.5,14,6,13,438
36.5,14,6,14,440
36.5,14,6,15,442
36.5,14,7,0,415
36.5,14,7,1,417
36.5,14,7,2,419
36.5,14,7,3,421
36.5,14,7,4,423
36.5,14,7,5,425
36.5,14,7,6,427
36.5,14,7,7,429
36.5,14,7,8,430
36.5,14,7,9,432
36.5,14,7,10,434
36.5,14,7,11,436
36.5,14,7,12,438
36.5,14,7,13,440
36.5,14,7,14,442
36.5,14,7,15,444
36.5,14,8,0,417
36.5,14,8,1,419
36.5,14,8,2,421
36.5,14,8,3,423
36.5,14,8,4,425
36.5,14,8,5,427
36.5,14,8,6,429
36.5,14,8,7,431
36.5,14,8,8,433
36.5,14,8,9,435
36.5,14,8,10,437
36.5,14,8,11,439
36.5,14,8,12,441
36.5,14,8,13,443
36.5,14,8,14,445
36.5,14,8,15,446
36.5,14,9,0,419
36.5,14,9,1,421
36.5,14,9,2,423
36.5,14,9,3,425
36.5,14,9,4,427
36.5,14,9,5,429
36.5,14,9,6,431
36.5,14,9,7,433
36.5,14,9,8,435
36.5,14,9,9,437
36.5,14,9,10,439
36.5,14,9,11,441
36.5,14,9,12,443
36.5,14,9,13,445
36.5,14,9,14,447
36.5,14,9,15,449
36.5,14,10,0,421
36.5,14,10,1,423
36.5,14,10,2,425
36.5,14,10,3,428
36.5,14,10,4,430
36.5,14,10,5,432
36.5,14,10,6,434
36.5,14,10,7,436
36.5,14,10,8,438
36.5,14,10,9,440
36.5,14,10,10,442
36.5,14,10,11,444
36.5,14,10,12,445
36.5,14,10,13,447
36.5,14,10,14,449
36.5,14,10,15,451
36.5,14,11,0,424
36.5,14,11,1,426
36.5,14,11,2,428
36.5,14,11,3,430
36.5,14,11,4,432
36.5,14,11,5,434
36.5,14,11,6,436
36.5,14,11,7,438
36.5,14,11,8,440
36.5,14,11,9,442
36.5,14,11,10,444
36.5,14,11,11,446
36.5,14,11,12,448
36.5,14,11,13,450
36.5,14,11,14,452
36.5,14,11,15,454
36.5,14,12,0,426
36.5,14,12,1,428
36.5,14,12,2,430
36.5,14,12,3,432
36.5,14,12,4,434
36.5,14,12,5,436
36.5,14,12,6,438
36.5,14,12,7,440
36.5,14,12,8,442
36.5,14,12,9,444
36.5,14,12,10,446
36.5,14,12,11,448
36.5,14,12,12,450
36.5,14,12,13,452
36.5,14,12,14,454
36.5,14,12,15,456
36.5,14,13,0,428
36.5,14,13,1,430
36.5,14,13,2,432
36.5,14,13,3,434
36.5,14,13,4,436
36.5,14,13,5,439
36.5,14,13,6,441
36.5,14,13,7,443
36.5,14,13,8,445
36.5,14,13,9,447
36.5,14,13,10,449
36.5,14,13,11,451
36.5,14,13,12,453
36.5,14,13,13,455
36.5,14,13,14,457
36.5,14,13,15,459
36.5,14,14,0,430
36.5,14,14,1,432
36.5,14,14,2,435
36.5,14,14,3,437
36.5,14,14,4,439
36.5,14,14,5,441
36.5,14,14,6,443
36.5,14,14,7,445
36.5,14,14,8,447
36.5,14,14,9,449
36.5,14,14,10,451
36.5,14,14,11,453
36.5,14,14,12,455
36.5,14,14,13,457
36.5,14,14,14,459
36.5,14,14,15,461
36.5,14,15,0,433
36.5,14,15,1,435
36.5,14,15,2,437
36.5,14,15,3,439
36.5,14,15,4,441
36.5,14,15,5,443
36.5,14,15,6,445
36.5,14,15,7,447
36.5,14,15,8,449
36.5,14,15,9,451
36.5,14,15,10,453
36.5,14,15,11,455
36.5,14,15,12,457
36.5,14,15,13,459
36.5,14,15,14,461
36.5,14,15,15,463
36.5,15,0,0,404
36.5,15,0,1,405
36.5,15,0,2,407
36.5,15,0,3,409
36.5,15,0,4,411
36.5,15,0,5,413
36.5,15,0,6,415
36.5,15,0,7,417
36.5,15,0,8,419
36.5,15,0,9,421
36.5,15,0,10,423
36.5,15,0,11,425
36.5,15,0,12,427
36.5,15,0,13,428
36.5,15,0,14,430
36.5,15,0,15,432
36.5,15,1,0,406
36.5,15,1,1,408
36.5,15,1,2,410
36.5,15,1,3,412
36.5,15,1,4,414
36.5,15,1,5,416
36.5,15,1,6,418
36.5,15,1,7,420
36.5,15,1,8,422
36.5,15,1,9,423
36.5,15,1,10,425
36.5,15,1,11,427
36.5,15,1,12,429
36.5,15,1,13,431
36.5,15,1,14,433
36.5,15,1,15,435
36.5,15,2,0,408
36.5,15,2,1,410
36.5,15,2,2,412
36.5,15,2,3,414
36.5,15,2,4,416
36.5,15,2,5,418
36.5,15,2,6,420
36.5,15,2,7,422
36.5,15,2,8,424
36.5,15,2,9,426
36.5,15,2,10,428
36.5,15,2,11,430
36.5,15,2,12,432
36.5,15,2,13,434
36.5,15,2,14,436
36.5,15,2,15,437
36.5,15,3,0,411
36.5,15,3,1,413
36.5,15,3,2,415
36.5,15,3,3,417
36.5,15,3,4,419
36.5,15,3,5,421
36.5,15,3,6,423
36.5,15,3,7,425
36.5,15,3,8,427
36.5,15,3,9,429
36.5,15,3,10,430
36.5,15,3,11,432
36.5,15,3,12,434
36.5,15,3,13,436
36.5,15,3,14,438
36.5,15,3,15,440
36.5,15,4,0,413
36.5,15,4,1,415
36.5,15,4,2,417
36.5,15,4,3,419
36.5,15,4,4,421
36.5,15,4,5,423
36.5,15,4,6,425
36.5,15,4,7,427
36.5,15,4,8,429
36.5,15,4,9,431
36.5,15,4,10,433
36.5,15,4,11,435
36.5,15,4,12,437
36.5,15,4,13,439
36.5,15,4,14,441
36.5,15,4,15,442
36.5,15,5,0,415
36.5,15,5,1,418
36.5,15,5,2,420
36.5,15,5,3,422
36.5,15,5,4,424
36.5,15,5,5,426
36.5,15,5,6,428
36.5,15,5,7,430
36.5,15,5,8,432
36.5,15,5,9,433
36.5,15,5,10,435
36.5,15,5,11,437
36.5,15,5,12,439
36.5,15,5,13,441
36.5,15,5,14,443
36.5,15,5,15,445
36.5,15,6,0,418
36.5,15,6,1,420
36.5,15,6,2,422
36.5,15,6,3,424
36.5,15,6,4,426
36.5,15,6,5,428
36.5,15,6,6,430
36.5,15,6,7,432
36.5,15,6,8,434
36.5,15,6,9,436
36.5,15,6,10,438
36.5,15,6,11,440
36.5,15,6,12,442
36.5,15,6,13,444
36.5,15,6,14,446
36.5,15,6,15,448
36.5,15,7,0,420
36.5,15,7,1,422
36.5,15,7,2,424
36.5,15,7,3,426
36.5,15,7,4,428
36.5,15,7,5,430
36.5,15,7,6,432
36.5,15,7,7,434
36.5,15,7,8,436
36.5,15,7,9,438
36.5,15,7,10,440
36.5,15,7,11,442
36.5,15,7,12,444
36.5,15,7,13,446
36.5,15,7,14,448
36.5,15,7,15,450
36.5,15,8,0,423
36.5,15,8,1,425
36.5,15,8,2,427
36.5,15,8,3,429
36.5,15,8,4,431
36.5,15,8,5,433
36.5,15,8,6,435
36.5,15,8,7,437
36.5,15,8,8,439
36.5,15,8,9,441
36.5,15,8,10,443
36.5,15,8,11,445
36.5,15,8,12,447
36.5,15,8,13,449
36.5,15,8,14,451
36.5,15,8,15,453
36.5,15,9,0,425
36.5,15,9,1,427
36.5,15,9,2,429
36.5,15,9,3,431
36.5,15,9,4,433
36.5,15,9,5,435
36.5,15,9,6,437
36.5,15,9,7,439
36.5,15,9,8,441
36.5,15,9,9,443
36.5,15,9,10,445
36.5,15,9,11,447
36.5,15,9,12,449
36.5,15,9,13,451
36.5,15,9,14,453
36.5,15,9,15,455
36.5,15,10,0,427
36.5,15,10,1,429
36.5,15,10,2,431
36.5,15,10,3,433
36.5,15,10,4,435
36.5,15,10,5,438
36.5,15,10,6,440
36.5,15,10,7,442
36.5,15,10,8,444
36.5,15,10,9,446
36.5,15,10,10,448
36.5,15,10,11,450
36.5,15,10,12,452
36.5,15,10,13,454
36.5,15,10,14,456
36.5,15,10,15,458
36.5,15,11,0,429
36.5,15,11,1,432
36.5,15,11,2,434
36.5,15,11,3,436
36.5,15,11,4,438
36.5,15,11,5,440
36.5,15,11,6,442
36.5,15,11,7,444
36.5,15,11,8,446
36.5,15,11,9,448
36.5,15,11,10,450
36.5,15,11,11,452
36.5,15,11,12,454
36.5,15,11,13,456
36.5,15,11,14,458
36.5,15,11,15,460
36.5,15,12,0,432
36.5,15,12,1,434
36.5,15,12,2,436
36.5,15,12,3,438
36.5,15,12,4,440
36.5,15,12,5,442
36.5,15,12,6,444
36.5,15,12,7,446
36.5,15,12,8,448
36.5,15,12,9,450
36.5,15,12,10,452
36.5,15,12,11,454
36.5,15,12,12,456
36.5,15,12,13,458
36.5,15,12,14,460
36.5,15,12,15,462
36.5,15,13,0,434
36.5,15,13,1,436
36.5,15,13,2,438
36.5,15,13,3,440
36.5,15,13,4,442
36.5,15,13,5,445
36.5,15,13,6,447
36.5,15,13,7,449
36.5,15,13,8,451
36.5,15,13,9,453
36.5,15,13,10,455
36.5,15,13,11,457
36.5,15,13,12,459
36.5,15,13,13,461
36.5,15,13,14,463
36.5,15,13,15,465
36.5,15,14,0,436
36.5,15,14,1,438
36.5,15,14,2,441
36.5,15,14,3,443
36.5,15,14,4,445
36.5,15,14,5,447
36.5,15,14,6,449
36.5,15,14,7,451
36.5,15,14,8,453
36.5,15,14,9,455
36.5,15,14,10,457
36.5,15,14,11,459
36.5,15,14,12,461
36.5,15,14,13,463
36.5,15,14,14,465
36.5,15,14,15,467
36.5,15,15,0,438
36.5,15,15,1,441
36.5,15,15,2,443
36.5,15,15,3,445
36.5,15,15,4,447
36.5,15,15,5,449
36.5,15,15,6,451
36.5,15,15,7,453
36.5,15,15,8,455
36.5,15,15,9,457
36.5,15,15,10,460
36.5,15,15,11,462
36.5,15,15,12,464
36.5,15,15,13,466
36.5,15,15,14,468
36.5,15,15,15,470
37.0,0,0,0,324
37.0,0,0,1,326
37.0,0,0,2,327
37.0,0,0,3,329
37.0,0,0,4,330
37.0,0,0,5,332
37.0,0,0,6,333
37.0,0,0,7,335
37.0,0,0,8,337
37.0,0,0,9,338
37.0,0,0,10,340
37.0,0,0,11,341
37.0,0,0,12,343
37.0,0,0,13,344
37.0,0,0,14,346
37.0,0,0,15,347
37.0,0,1,0,326
37.0,0,1,1,328
37.0,0,1,2,329
37.0,0,1,3,331
37.0,0,1,4,332
37.0,0,1,5,334
37.0,0,1,6,335
37.0,0,1,7,337
37.0,0,1,8,339
37.0,0,1,9,340
37.0,0,1,10,342
37.0,0,1,11,343
37.0,0,1,12,345
37.0,0,1,13,346
37.0,0,1,14,348
37.0,0,1,15,349
37.0,0,2,0,328
37.0,0,2,1,330
37.0,0,2,2,331
37.0,0,2,3,333
37.0,0,2,4,334
37.0,0,2,5,336
37.0,0,2,6,337
37.0,0,2,7,339
37.0,0,2,8,341
37.0,0,2,9,342
37.0,0,2,10,344
37.0,0,2,11,345
37.0,0,2,12,347
37.0,0,2,13,348
37.0,0,2,14,350
37.0,0,2,15,351
37.0,0,3,0,330
37.0,0,3,1,331
37.0,0,3,2,333
37.0,0,3,3,335
37.0,0,3,4,336
37.0,0,3,5,338
37.0,0,3,6,339
37.0,0,3,7,341
37.0,0,3,8,343
37.0,0,3,9,344
37.0,0,3,10,346
37.0,0,3,11,347
37.0,0,3,12,349
37.0,0,3,13,350
37.0,0,3,14,352
37.0,0,3,15,353
37.0,0,4,0,332
37.0,0,4,1,333
37.0,0,4,2,335
37.0,0,4,3,337
37.0,0,4,4,338
37.0,0,4,5,340
37.0,0,4,6,341
37.0,0,4,7,343
37.0,0,4,8,345
37.0,0,4,9,346
37.0,0,4,10,348
37.0,0,4,11,349
37.0,0,4,12,351
37.0,0,4,13,352
37.0,0,4,14,354
37.0,0,4,15,355
37.0,0,5,0,334
37.0,0,5,1,335
37.0,0,5,2,337
37.0,0,5,3,339
37.0,0,5,4,340
37.0,0,5,5,342
37.0,0,5,6,343
37.0,0,5,7,345
37.0,0,5,8,347
37.0,0,5,9,348
37.0,0,5,10,350
37.0,0,5,11,351
37.0,0,5,12,353
37.0,0,5,13,354
37.0,0,5,14,356
37.0,0,5,15,357
37.0,0,6,0,336
37.0,0,6,1,337
37.0,0,6,2,339
37.0,0,6,3,340
37.0,0,6,4,342
37.0,0,6,5,344
37.0,0,6,6,345
37.0,0,6,7,347
37.0,0,6,8,348
37.0,0,6,9,350
37.0,0,6,10,352
37.0,0,6,11,353
37.0,0,6,12,355
37.0,0,6,13,356
37.0,0,6,14,358
37.0,0,6,15,359
37.0,0,7,0,337
37.0,0,7,1,339
37.0,0,7,2,341
37.0,0,7,3,342
37.0,0,7,4,344
37.0,0,7,5,346
37.0,0,7,6,347
37.0,0,7,7,349
37.0,0,7,8,350
37.0,0,7,9,352
37.0,0,7,10,354
37.0,0,7,11,355
37.0,0,7,12,357
37.0,0,7,13,358
37.0,0,7,14,360
37.0,0,7,15,361
37.0,0,8,0,339
37.0,0,8,1,341
37.0,0,8,2,343
37.0,0,8,3,344
37.0,0,8,4,346
37.0,0,8,5,348
37.0,0,8,6,349
37.0,0,8,7,351
37.0,0,8,8,352
37.0,0,8,9,354
37.0,0,8,10,356
37.0,0,8,11,357
37.0,0,8,12,359
37.0,0,8,13,360
37.0,0,8,14,362
37.0,0,8,15,363
37.0,0,9,0,341
37.0,0,9,1,343
37.0,0,9,2,345
37.0,0,9,3,346
37.0,0,9,4,348
37.0,0,9,5,349
37.0,0,9,6,351
37.0,0,9,7,353
37.0,0,9,8,354
37.0,0,9,9,356
37.0,0,9,10,358
37.0,0,9,11,359
37.0,0,9,12,361
37.0,0,9,13,362
37.0,0,9,14,364
37.0,0,9,15,365
37.0,0,10,0,343
37.0,0,10,1,345
37.0,0,10,2,346
37.0,0,10,3,348
37.0,0,10,4,350
37.0,0,10,5,351
37.0,0,10,6,353
37.0,0,10,7,355
37.0,0,10,8,356
37.0,0,10,9,358
37.0,0,10,10,359
37.0,0,10,11,361
37.0,0,10,12,363
37.0,0,10,13,364
37.0,0,10,14,366
37.0,0,10,15,367
37.0,0,11,0,345
37.0,0,11,1,347
37.0,0,11,2,348
37.0,0,11,3,350
37.0,0,11,4,352
37.0,0,11,5,353
37.0,0,11,6,355
37.0,0,11,7,357
37.0,0,11,8,358
37.0,0,11,9,360
37.0,0,11,10,361
37.0,0,11,11,363
37.0,0,11,12,365
37.0,0,11,13,366
37.0,0,11,14,368
37.0,0,11,15,369
37.0,0,12,0,347
37.0,0,12,1,348
37.0,0,12,2,350
37.0,0,12,3,352
37.0,0,12,4,353
37.0,0,12,5,355
37.0,0,12,6,357
37.0,0,12,7,358
37.0,0,12,8,360
37.0,0,12,9,362
37.0,0,12,10,363
37.0,0,12,11,365
37.0,0,12,12,367
37.0,0,12,13,368
37.0,0,12,14,370
37.0,0,12,15,371
37.0,0,13,0,349
37.0,0,13,1,350
37.0,0,13,2,352
37.0,0,13,3,354
37.0,0,13,4,355
37.0,0,13,5,357
37.0,0,13,6,359
37.0,0,13,7,360
37.0,0,13,8,362
37.0,0,13,9,364
37.0,0,13,10,365
37.0,0,13,11,367
37.0,0,13,12,368
37.0,0,13,13,370
37.0,0,13,14,372
37.0,0,13,15,373
37.0,0,14,0,350
37.0,0,14,1,352
37.0,0,14,2,354
37.0,0,14,3,355
37.0,0,14,4,357
37.0,0,14,5,359
37.0,0,14,6,361
37.0,0,14,7,362
37.0,0,14,8,364
37.0,0,14,9,365
37.0,0,14,10,367
37.0,0,14,11,369
37.0,0,14,12,370
37.0,0,14,13,372
37.0,0,14,14,374
37.0,0,14,15,375
37.0,0,15,0,352
37.0,0,15,1,354
37.0,0,15,2,356
37.0,0,15,3,357
37.0,0,15,4,359
37.0,0,15,5,361
37.0,0,15,6,362
37.0,0,15,7,364
37.0,0,15,8,366
37.0,0,15,9,367
37.0,0,15,10,369
37.0,0,15,11,371
37.0,0,15,12,372
37.0,0,15,13,374
37.0,0,15,14,376
37.0,0,15,15,377
37.0,1,0,0,330
37.0,1,0,1,331
37.0,1,0,2,333
37.0,1,0,3,334
37.0,1,0,4,336
37.0,1,0,5,338
37.0,1,0,6,339
37.0,1,0,7,341
37.0,1,0,8,342
37.0,1,0,9,344
37.0,1,0,10,345
37.0,1,0,11,347
37.0,1,0,12,348
37.0,1,0,13,350
37.0,1,0,14,351
37.0,1,0,15,353
37.0,1,1,0,332
37.0,1,1,1,333
37.0,1,1,2,335
37.0,1,1,3,336
37.0,1,1,4,338
37.0,1,1,5,340
37.0,1,1,6,341
37.0,1,1,7,343
37.0,1,1,8,344
37.0,1,1,9,346
37.0,1,1,10,347
37.0,1,1,11,349
37.0,1,1,12,351
37.0,1,1,13,352
37.0,1,1,14,354
37.0,1,1,15,355
37.0,1,2,0,333
37.0,1,2,1,335
37.0,1,2,2,337
37.0,1,2,3,338
37.0,1,2,4,340
37.0,1,2,5,342
37.0,1,2,6,343
37.0,1,2,7,345
37.0,1,2,8,346
37.0,1,2,9,348
37.0,1,2,10,349
37.0,1,2,11,351
37.0,1,2,12,353
37.0,1,2,13,354
37.0,1,2,14,356
37.0,1,2,15,357
37.0,1,3,0,335
37.0,1,3,1,337
37.0,1,3,2,339
37.0,1,3,3,340
37.0,1,3,4,342
37.0,1,3,5,344
37.0,1,3,6,345
37.0,1,3,7,347
37.0,1,3,8,348
37.0,1,3,9,350
37.0,1,3,10,352
37.0,1,3,11,353
37.0,1,3,12,355
37.0,1,3,13,356
37.0,1,3,14,358
37.0,1,3,15,359
37.0,1,4,0,337
37.0,1,4,1,339
37.0,1,4,2,341
37.0,1,4,3,342
37.0,1,4,4,344
37.0,1,4,5,346
37.0,1,4,6,347
37.0,1,4,7,349
37.0,1,4,8,350
37.0,1,4,9,352
37.0,1,4,10,354
37.0,1,4,11,355
37.0,1,4,12,357
37.0,1,4,13,358
37.0,1,4,14,360
37.0,1,4,15,361
37.0,1,5,0,339
37.0,1,5,1,341
37.0,1,5,2,343
37.0,1,5,3,344
37.0,1,5,4,346
37.0,1,5,5,348
37.0,1,5,6,349
37.0,1,5,7,351
37.0,1,5,8,352
37.0,1,5,9,354
37.0,1,5,10,356
37.0,1,5,11,357
37.0,1,5,12,359
37.0,1,5,13,360
37.0,1,5,14,362
37.0,1,5,15,363
37.0,1,6,0,341
37.0,1,6,1,343
37.0,1,6,2,345
37.0,1,6,3,346
37.0,1,6,4,348
37.0,1,6,5,350
37.0,1,6,6,351
37.0,1,6,7,353
37.0,1,6,8,354
37.0,1,6,9,356
37.0,1,6,10,358
37.0,1,6,11,359
37.0,1,6,12,361
37.0,1,6,13,362
37.0,1,6,14,364
37.0,1,6,15,366
37.0,1,7,0,343
37.0,1,7,1,345
37.0,1,7,2,347
37.0,1,7,3,348
37.0,1,7,4,350
37.0,1,7,5,351
37.0,1,7,6,353
37.0,1,7,7,355
37.0,1,7,8,356
37.0,1,7,9,358
37.0,1,7,10,360
37.0,1,7,11,361
37.0,1,7,12,363
37.0,1,7,13,364
37.0,1,7,14,366
37.0,1,7,15,368
37.0,1,8,0,345
37.0,1,8,1,347
37.0,1,8,2,348
37.0,1,8,3,350
37.0,1,8,4,352
37.0,1,8,5,353
37.0,1,8,6,355
37.0,1,8,7,357
37.0,1,8,8,358
37.0,1,8,9,360
37.0,1,8,10,362
37.0,1,8,11,363
37.0,1,8,12,365
37.0,1,8,13,366
37.0,1,8,14,368
37.0,1,8,15,370
37.0,1,9,0,347
37.0,1,9,1,349
37.0,1,9,2,350
37.0,1,9,3,352
37.0,1,9,4,354
37.0,1,9,5,355
37.0,1,9,6,357
37.0,1,9,7,359
37.0,1,9,8,360
37.0,1,9,9,362
37.0,1,9,10,364
37.0,1,9,11,365
37.0,1,9,12,367
37.0,1,9,13,368
37.0,1,9,14,370
37.0,1,9,15,372
37.0,1,10,0,349
37.0,1,10,1,351
37.0,1,10,2,352
37.0,1,10,3,354
37.0,1,10,4,356
37.0,1,10,5,357
37.0,1,10,6,359
37.0,1,10,7,361
37.0,1,10,8,362
37.0,1,10,9,364
37.0,1,10,10,366
37.0,1,10,11,367
37.0,1,10,12,369
37.0,1,10,13,370
37.0,1,10,14,372
37.0,1,10,15,374
37.0,1,11,0,351
37.0,1,11,1,352
37.0,1,11,2,354
37.0,1,11,3,356
37.0,1,11,4,358
37.0,1,11,5,359
37.0,1,11,6,361
37.0,1,11,7,363
37.0,1,11,8,364
37.0,1,11,9,366
37.0,1,11,10,368
37.0,1,11,11,369
37.0,1,11,12,371
37.0,1,11,13,372
37.0,1,11,14,374
37.0,1,11,15,376
37.0,1,12,0,353
37.0,1,12,1,354
37.0,1,12,2,356
37.0,1,12,3,358
37.0,1,12,4,359
37.0,1,12,5,361
37.0,1,12,6,363
37.0,1,12,7,365
37.0,1,12,8,366
37.0,1,12,9,368
37.0,1,12,10,369
37.0,1,12,11,371
37.0,1,12,12,373
37.0,1,12,13,374
37.0,1,12,14,376
37.0,1,12,15,378
37.0,1,13,0,354
37.0,1,13,1,356
37.0,1,13,2,358
37.0,1,13,3,360
37.0,1,13,4,361
37.0,1,13,5,363
37.0,1,13,6,365
37.0,1,13,7,366
37.0,1,13,8,368
37.0,1,13,9,370
37.0,1,13,10,371
37.0,1,13,11,373
37.0,1,13,12,375
37.0,1,13,13,376
37.0,1,13,14,378
37.0,1,13,15,380
37.0,1,14,0,356
37.0,1,14,1,358
37.0,1,14,2,360
37.0,1,14,3,361
37.0,1,14,4,363
37.0,1,14,5,365
37.0,1,14,6,367
37.0,1,14,7,368
37.0,1,14,8,370
37.0,1,14,9,372
37.0,1,14,10,373
37.0,1,14,11,375
37.0,1,14,12,377
37.0,1,14,13,378
37.0,1,14,14,380
37.0,1,14,15,382
37.0,1,15,0,358
37.0,1,15,1,360
37.0,1,15,2,362
37.0,1,15,3,363
37.0,1,15,4,365
37.0,1,15,5,367
37.0,1,15,6,369
37.0,1,15,7,370
37.0,1,15,8,372
37.0,1,15,9,374
37.0,1,15,10,375
37.0,1,15,11,377
37.0,1,15,12,379
37.0,1,15,13,380
37.0,1,15,14,382
37.0,1,15,15,384
37.0,2,0,0,335
37.0,2,0,1,337
37.0,2,0,2,338
37.0,2,0,3,340
37.0,2,0,4,342
37.0,2,0,5,343
37.0,2,0,6,345
37.0,2,0,7,346
37.0,2,0,8,348
37.0,2,0,9,350
37.0,2,0,10,351
37.0,2,0,11,353
37.0,2,0,12,354
37.0,2,0,13,356
37.0,2,0,14,357
37.0,2,0,15,359
37.0,2,1,0,337
37.0,2,1,1,339
37.0,2,1,2,340
37.0,2,1,3,342
37.0,2,1,4,344
37.0,2,1,5,345
37.0,2,1,6,347
37.0,2,1,7,348
37.0,2,1,8,350
37.0,2,1,9,352
37.0,2,1,10,353
37.0,2,1,11,355
37.0,2,1,12,356
37.0,2,1,13,358
37.0,2,1,14,359
37.0,2,1,15,361
37.0,2,2,0,339
37.0,2,2,1,341
37.0,2,2,2,342
37.0,2,2,3,344
37.0,2,2,4,346
37.0,2,2,5,347
37.0,2,2,6,349
37.0,2,2,7,351
37.0,2,2,8,352
37.0,2,2,9,354
37.0,2,2,10,355
37.0,2,2,11,357
37.0,2,2,12,358
37.0,2,2,13,360
37.0,2,2,14,362
37.0,2,2,15,363
37.0,2,3,0,341
37.0,2,3,1,343
37.0,2,3,2,344
37.0,2,3,3,346
37.0,2,3,4,348
37.0,2,3,5,349
37.0,2,3,6,351
37.0,2,3,7,353
37.0,2,3,8,354
37.0,2,3,9,356
37.0,2,3,10,357
37.0,2,3,11,359
37.0,2,3,12,361
37.0,2,3,13,362
37.0,2,3,14,364
37.0,2,3,15,365
37.0,2,4,0,343
37.0,2,4,1,345
37.0,2,4,2,346
37.0,2,4,3,348
37.0,2,4,4,350
37.0,2,4,5,351
37.0,2,4,6,353
37.0,2,4,7,355
37.0,2,4,8,356
37.0,2,4,9,358
37.0,2,4,10,359
37.0,2,4,11,361
37.0,2,4,12,363
37.0,2,4,13,364
37.0,2,4,14,366
37.0,2,4,15,367
37.0,2,5,0,345
37.0,2,5,1,347
37.0,2,5,2,348
37.0,2,5,3,350
37.0,2,5,4,352
37.0,2,5,5,353
37.0,2,5,6,355
37.0,2,5,7,357
37.0,2,5,8,358
37.0,2,5,9,360
37.0,2,5,10,362
37.0,2,5,11,363
37.0,2,5,12,365
37.0,2,5,13,366
37.0,2,5,14,368
37.0,2,5,15,370
37.0,2,6,0,347
37.0,2,6,1,349
37.0,2,6,2,350
37.0,2,6,3,352
37.0,2,6,4,354
37.0,2,6,5,355
37.0,2,6,6,357
37.0,2,6,7,359
37.0,2,6,8,360
37.0,2,6,9,362
37.0,2,6,10,364
37.0,2,6,11,365
37.0,2,6,12,367
37.0,2,6,13,368
37.0,2,6,14,370
37.0,2,6,15,372
37.0,2,7,0,349
37.0,2,7,1,351
37.0,2,7,2,352
37.0,2,7,3,354
37.0,2,7,4,356
37.0,2,7,5,357
37.0,2,7,6,359
37.0,2,7,7,361
37.0,2,7,8,362
37.0,2,7,9,364
37.0,2,7,10,366
37.0,2,7,11,367
37.0,2,7,12,369
37.0,2,7,13,370
37.0,2,7,14,372
37.0,2,7,15,374
37.0,2,8,0,351
37.0,2,8,1,353
37.0,2,8,2,354
37.0,2,8,3,356
37.0,2,8,4,358
37.0,2,8,5,359
37.0,2,8,6,361
37.0,2,8,7,363
37.0,2,8,8,364
37.0,2,8,9,366
37.0,2,8,10,368
37.0,2,8,11,369
37.0,2,8,12,371
37.0,2,8,13,373
37.0,2,8,14,374
37.0,2,8,15,376
37.0,2,9,0,353
37.0,2,9,1,354
37.0,2,9,2,356
37.0,2,9,3,358
37.0,2,9,4,360
37.0,2,9,5,361
37.0,2,9,6,363
37.0,2,9,7,365
37.0,2,9,8,366
37.0,2,9,9,368
37.0,2,9,10,370
37.0,2,9,11,371
37.0,2,9,12,373
37.0,2,9,13,375
37.0,2,9,14,376
37.0,2,9,15,378
37.0,2,10,0,355
37.0,2,10,1,356
37.0,2,10,2,358
37.0,2,10,3,360
37.0,2,10,4,362
37.0,2,10,5,363
37.0,2,10,6,365
37.0,2,10,7,367
37.0,2,10,8,368
37.0,2,10,9,370
37.0,2,10,10,372
37.0,2,10,11,373
37.0,2,10,12,375
37.0,2,10,13,377
37.0,2,10,14,378
37.0,2,10,15,380
37.0,2,11,0,357
37.0,2,11,1,358
37.0,2,11,2,360
37.0,2,11,3,362
37.0,2,11,4,364
37.0,2,11,5,365
37.0,2,11,6,367
37.0,2,11,7,369
37.0,2,11,8,370
37.0,2,11,9,372
37.0,2,11,10,374
37.0,2,11,11,375
37.0,2,11,12,377
37.0,2,11,13,379
37.0,2,11,14,380
37.0,2,11,15,382
37.0,2,12,0,358
37.0,2,12,1,360
37.0,2,12,2,362
37.0,2,12,3,364
37.0,2,12,4,365
37.0,2,12,5,367
37.0,2,12,6,369
37.0,2,12,7,371
37.0,2,12,8,372
37.0,2,12,9,374
37.0,2,12,10,376
37.0,2,12,11,377
37.0,2,12,12,379
37.0,2,12,13,381
37.0,2,12,14,382
37.0,2,12,15,384
37.0,2,13,0,360
37.0,2,13,1,362
37.0,2,13,2,364
37.0,2,13,3,366
37.0,2,13,4,367
37.0,2,13,5,369
37.0,2,13,6,371
37.0,2,13,7,373
37.0,2,13,8,374
37.0,2,13,9,376
37.0,2,13,10,378
37.0,2,13,11,379
37.0,2,13,12,381
37.0,2,13,13,383
37.0,2,13,14,384
37.0,2,13,15,386
37.0,2,14,0,362
37.0,2,14,1,364
37.0,2,14,2,366
37.0,2,14,3,368
37.0,2,14,4,369
37.0,2,14,5,371
37.0,2,14,6,373
37.0,2,14,7,374
37.0,2,14,8,376
37.0,2,14,9,378
37.0,2,14,10,380
37.0,2,14,11,381
37.0,2,14,12,383
37.0,2,14,13,385
37.0,2,14,14,386
37.0,2,14,15,388
37.0,2,15,0,364
37.0,2,15,1,366
37.0,2,15,2,368
37.0,2,15,3,369
37.0,2,15,4,371
37.0,2,15,5,373
37.0,2,15,6,375
37.0,2,15,7,376
37.0,2,15,8,378
37.0,2,15,9,380
37.0,2,15,10,382
37.0,2,15,11,383
37.0,2,15,12,385
37.0,2,15,13,387
37.0,2,15,14,388
37.0,2,15,15,390
37.0,3,0,0,341
37.0,3,0,1,342
37.0,3,0,2,344
37.0,3,0,3,346
37.0,3,0,4,347
37.0,3,0,5,349
37.0,3,0,6,350
37.0,3,0,7,352
37.0,3,0,8,354
37.0,3,0,9,355
37.0,3,0,10,357
37.0,3,0,11,358
37.0,3,0,12,360
37.0,3,0,13,362
37.0,3,0,14,363
37.0,3,0,15,365
37.0,3,1,0,343
37.0,3,1,1,344
37.0,3,1,2,346
37.0,3,1,3,348
37.0,3,1,4,349
37.0,3,1,5,351
37.0,3,1,6,353
37.0,3,1,7,354
37.0,3,1,8,356
37.0,3,1,9,357
37.0,3,1,10,359
37.0,3,1,11,361
37.0,3,1,12,362
37.0,3,1,13,364
37.0,3,1,14,365
37.0,3,1,15,367
37.0,3,2,0,345
37.0,3,2,1,346
37.0,3,2,2,348
37.0,3,2,3,350
37.0,3,2,4,351
37.0,3,2,5,353
37.0,3,2,6,355
37.0,3,2,7,356
37.0,3,2,8,358
37.0,3,2,9,360
37.0,3,2,10,361
37.0,3,2,11,363
37.0,3,2,12,364
37.0,3,2,13,366
37.0,3,2,14,368
37.0,3,2,15,369
37.0,3,3,0,347
37.0,3,3,1,348
37.0,3,3,2,350
37.0,3,3,3,352
37.0,3,3,4,353
37.0,3,3,5,355
37.0,3,3,6,357
37.0,3,3,7,358
37.0,3,3,8,360
37.0,3,3,9,362
37.0,3,3,10,363
37.0,3,3,11,365
37.0,3,3,12,366
37.0,3,3,13,368
37.0,3,3,14,370
37.0,3,3,15,371
37.0,3,4,0,349
37.0,3,4,1,350
37.0,3,4,2,352
37.0,3,4,3,354
37.0,3,4,4,355
37.0,3,4,5,357
37.0,3,4,6,359
37.0,3,4,7,360
37.0,3,4,8,362
37.0,3,4,9,364
37.0,3,4,10,365
37.0,3,4,11,367
37.0,3,4,12,369
37.0,3,4,13,370
37.0,3,4,14,372
37.0,3,4,15,373
37.0,3,5,0,351
37.0,3,5,1,352
37.0,3,5,2,354
37.0,3,5,3,356
37.0,3,5,4,357
37.0,3,5,5,359
37.0,3,5,6,361
37.0,3,5,7,363
37.0,3,5,8,364
37.0,3,5,9,366
37.0,3,5,10,367
37.0,3,5,11,369
37.0,3,5,12,371
37.0,3,5,13,372
37.0,3,5,14,374
37.0,3,5,15,376
37.0,3,6,0,353
37.0,3,6,1,354
37.0,3,6,2,356
37.0,3,6,3,358
37.0,3,6,4,360
37.0,3,6,5,361
37.0,3,6,6,363
37.0,3,6,7,365
37.0,3,6,8,366
37.0,3,6,9,368
37.0,3,6,10,370
37.0,3,6,11,371
37.0,3,6,12,373
37.0,3,6,13,374
37.0,3,6,14,376
37.0,3,6,15,378
37.0,3,7,0,355
37.0,3,7,1,356
37.0,3,7,2,358
37.0,3,7,3,360
37.0,3,7,4,362
37.0,3,7,5,363
37.0,3,7,6,365
37.0,3,7,7,367
37.0,3,7,8,368
37.0,3,7,9,370
37.0,3,7,10,372
37.0,3,7,11,373
37.0,3,7,12,375
37.0,3,7,13,377
37.0,3,7,14,378
37.0,3,7,15,380
37.0,3,8,0,357
37.0,3,8,1,358
37.0,3,8,2,360
37.0,3,8,3,362
37.0,3,8,4,364
37.0,3,8,5,365
37.0,3,8,6,367
37.0,3,8,7,369
37.0,3,8,8,370
37.0,3,8,9,372
37.0,3,8,10,374
37.0,3,8,11,375
37.0,3,8,12,377
37.0,3,8,13,379
37.0,3,8,14,380
37.0,3,8,15,382
37.0,3,9,0,359
37.0,3,9,1,360
37.0,3,9,2,362
37.0,3,9,3,364
37.0,3,9,4,366
37.0,3,9,5,367
37.0,3,9,6,369
37.0,3,9,7,371
37.0,3,9,8,372
37.0,3,9,9,374
37.0,3,9,10,376
37.0,3,9,11,377
37.0,3,9,12,379
37.0,3,9,13,381
37.0,3,9,14,382
37.0,3,9,15,384
37.0,3,10,0,360
37.0,3,10,1,362
37.0,3,10,2,364
37.0,3,10,3,366
37.0,3,10,4,368
37.0,3,10,5,369
37.0,3,10,6,371
37.0,3,10,7,373
37.0,3,10,8,374
37.0,3,10,9,376
37.0,3,10,10,378
37.0,3,10,11,379
37.0,3,10,12,381
37.0,3,10,13,383
37.0,3,10,14,384
37.0,3,10,15,386
37.0,3,11,0,362
37.0,3,11,1,364
37.0,3,11,2,366
37.0,3,11,3,368
37.0,3,11,4,369
37.0,3,11,5,371
37.0,3,11,6,373
37.0,3,11,7,375
37.0,3,11,8,376
37.0,3,11,9,378
37.0,3,11,10,380
37.0,3,11,11,382
37.0,3,11,12,383
37.0,3,11,13,385
37.0,3,11,14,387
37.0,3,11,15,388
37.0,3,12,0,364
37.0,3,12,1,366
37.0,3,12,2,368
37.0,3,12,3,370
37.0,3,12,4,371
37.0,3,12,5,373
37.0,3,12,6,375
37.0,3,12,7,377
37.0,3,12,8,378
37.0,3,12,9,380
37.0,3,12,10,382
37.0,3,12,11,384
37.0,3,12,12,385
37.0,3,12,13,387
37.0,3,12,14,389
37.0,3,12,15,390
37.0,3,13,0,366
37.0,3,13,1,368
37.0,3,13,2,370
37.0,3,13,3,372
37.0,3,13,4,373
37.0,3,13,5,375
37.0,3,13,6,377
37.0,3,13,7,379
37.0,3,13,8,380
37.0,3,13,9,382
37.0,3,13,10,384
37.0,3,13,11,386
37.0,3,13,12,387
37.0,3,13,13,389
37.0,3,13,14,391
37.0,3,13,15,392
37.0,3,14,0,368
37.0,3,14,1,370
37.0,3,14,2,372
37.0,3,14,3,374
37.0,3,14,4,375
37.0,3,14,5,377
37.0,3,14,6,379
37.0,3,14,7,381
37.0,3,14,8,382
37.0,3,14,9,384
37.0,3,14,10,386
37.0,3,14,11,388
37.0,3,14,12,389
37.0,3,14,13,391
37.0,3,14,14,393
37.0,3,14,15,394
37.0,3,15,0,370
37.0,3,15,1,372
37.0,3,15,2,374
37.0,3,15,3,375
37.0,3,15,4,377
37.0,3,15,5,379
37.0,3,15,6,381
37.0,3,15,7,383
37.0,3,15,8,384
37.0,3,15,9,386
37.0,3,15,10,388
37.0,3,15,11,390
37.0,3,15,12,391
37.0,3,15,13,393
37.0,3,15,14,395
37.0,3,15,15,396
37.0,4,0,0,346
37.0,4,0,1,348
37.0,4,0,2,349
37.0,4,0,3,351
37.0,4,0,4,353
37.0,4,0,5,354
37.0,4,0,6,356
37.0,4,0,7,358
37.0,4,0,8,359
37.0,4,0,9,361
37.0,4,0,10,363
37.0,4,0,11,364
37.0,4,0,12,366
37.0,4,0,13,367
37.0,4,0,14,369
37.0,4,0,15,371
37.0,4,1,0,348
37.0,4,1,1,350
37.0,4,1,2,352
37.0,4,1,3,353
37.0,4,1,4,355
37.0,4,1,5,357
37.0,4,1,6,358
37.0,4,1,7,360
37.0,4,1,8,362
37.0,4,1,9,363
37.0,4,1,10,365
37.0,4,1,11,366
37.0,4,1,12,368
37.0,4,1,13,370
37.0,4,1,14,371
37.0,4,1,15,373
37.0,4,2,0,350
37.0,4,2,1,352
37.0,4,2,2,354
37.0,4,2,3,355
37.0,4,2,4,357
37.0,4,2,5,359
37.0,4,2,6,360
37.0,4,2,7,362
37.0,4,2,8,364
37.0,4,2,9,365
37.0,4,2,10,367
37.0,4,2,11,369
37.0,4,2,12,370
37.0,4,2,13,372
37.0,4,2,14,373
37.0,4,2,15,375
37.0,4,3,0,352
37.0,4,3,1,354
37.0,4,3,2,356
37.0,4,3,3,357
37.0,4,3,4,359
37.0,4,3,5,361
37.0,4,3,6,362
37.0,4,3,7,364
37.0,4,3,8,366
37.0,4,3,9,367
37.0,4,3,10,369
37.0,4,3,11,371
37.0,4,3,12,372
37.0,4,3,13,374
37.0,4,3,14,376
37.0,4,3,15,377
37.0,4,4,0,354
37.0,4,4,1,356
37.0,4,4,2,358
37.0,4,4,3,359
37.0,4,4,4,361
37.0,4,4,5,363
37.0,4,4,6,365
37.0,4,4,7,366
37.0,4,4,8,368
37.0,4,4,9,370
37.0,4,4,10,371
37.0,4,4,11,373
37.0,4,4,12,375
37.0,4,4,13,376
37.0,4,4,14,378
37.0,4,4,15,379
37.0,4,5,0,356
37.0,4,5,1,358
37.0,4,5,2,360
37.0,4,5,3,362
37.0,4,5,4,363
37.0,4,5,5,365
37.0,4,5,6,367
37.0,4,5,7,368
37.0,4,5,8,370
37.0,4,5,9,372
37.0,4,5,10,373
37.0,4,5,11,375
37.0,4,5,12,377
37.0,4,5,13,378
37.0,4,5,14,380
37.0,4,5,15,382
37.0,4,6,0,358
37.0,4,6,1,360
37.0,4,6,2,362
37.0,4,6,3,364
37.0,4,6,4,365
37.0,4,6,5,367
37.0,4,6,6,369
37.0,4,6,7,370
37.0,4,6,8,372
37.0,4,6,9,374
37.0,4,6,10,376
37.0,4,6,11,377
37.0,4,6,12,379
37.0,4,6,13,381
37.0,4,6,14,382
37.0,4,6,15,384
37.0,4,7,0,360
37.0,4,7,1,362
37.0,4,7,2,364
37.0,4,7,3,366
37.0,4,7,4,367
37.0,4,7,5,369
37.0,4,7,6,371
37.0,4,7,7,373
37.0,4,7,8,374
37.0,4,7,9,376
37.0,4,7,10,378
37.0,4,7,11,379
37.0,4,7,12,381
37.0,4,7,13,383
37.0,4,7,14,384
37.0,4,7,15,386
37.0,4,8,0,362
37.0,4,8,1,364
37.0,4,8,2,366
37.0,4,8,3,368
37.0,4,8,4,369
37.0,4,8,5,371
37.0,4,8,6,373
37.0,4,8,7,375
37.0,4,8,8,376
37.0,4,8,9,378
37.0,4,8,10,380
37.0,4,8,11,381
37.0,4,8,12,383
37.0,4,8,13,385
37.0,4,8,14,386
37.0,4,8,15,388
37.0,4,9,0,364
37.0,4,9,1,366
37.0,4,9,2,368
37.0,4,9,3,370
37.0,4,9,4,371
37.0,4,9,5,373
37.0,4,9,6,375
37.0,4,9,7,377
37.0,4,9,8,378
37.0,4,9,9,380
37.0,4,9,10,382
37.0,4,9,11,384
37.0,4,9,12,385
37.0,4,9,13,387
37.0,4,9,14,389
37.0,4,9,15,390
37.0,4,10,0,366
37.0,4,10,1,368
37.0,4,10,2,370
37.0,4,10,3,372
37.0,4,10,4,373
37.0,4,10,5,375
37.0,4,10,6,377
37.0,4,10,7,379
37.0,4,10,8,380
37.0,4,10,9,382
37.0,4,10,10,384
37.0,4,10,11,386
37.0,4,10,12,387
37.0,4,10,13,389
37.0,4,10,14,391
37.0,4,10,15,392
37.0,4,11,0,368
37.0,4,11,1,370
37.0,4,11,2,372
37.0,4,11,3,374
37.0,4,11,4,375
37.0,4,11,5,377
37.0,4,11,6,379
37.0,4,11,7,381
37.0,4,11,8,382
37.0,4,11,9,384
37.0,4,11,10,386
37.0,4,11,11,388
37.0,4,11,12,389
37.0,4,11,13,391
37.0,4,11,14,393
37.0,4,11,15,394
37.0,4,12,0,370
37.0,4,12,1,372
37.0,4,12,2,374
37.0,4,12,3,376
37.0,4,12,4,377
37.0,4,12,5,379
37.0,4,12,6,381
37.0,4,12,7,383
37.0,4,12,8,385
37.0,4,12,9,386
37.0,4,12,10,388
37.0,4,12,11,390
37.0,4,12,12,391
37.0,4,12,13,393
37.0,4,12,14,395
37.0,4,12,15,397
37.0,4,13,0,372
37.0,4,13,1,374
37.0,4,13,2,376
37.0,4,13,3,378
37.0,4,13,4,379
37.0,4,13,5,381
37.0,4,13,6,383
37.0,4,13,7,385
37.0,4,13,8,387
37.0,4,13,9,388
37.0,4,13,10,390
37.0,4,13,11,392
37.0,4,13,12,394
37.0,4,13,13,395
37.0,4,13,14,397
37.0,4,13,15,399
37.0,4,14,0,374
37.0,4,14,1,376
37.0,4,14,2,378
37.0,4,14,3,380
37.0,4,14,4,381
37.0,4,14,5,383
37.0,4,14,6,385
37.0,4,14,7,387
37.0,4,14,8,389
37.0,4,14,9,390
37.0,4,14,10,392
37.0,4,14,11,394
37.0,4,14,12,396
37.0,4,14,13,397
37.0,4,14,14,399
37.0,4,14,15,401
37.0,4,15,0,376
37.0,4,15,1,378
37.0,4,15,2,380
37.0,4,15,3,382
37.0,4,15,4,383
37.0,4,15,5,385
37.0,4,15,6,387
37.0,4,15,7,389
37.0,4,15,8,391
37.0,4,15,9,392
37.0,4,15,10,394
37.0,4,15,11,396
37.0,4,15,12,398
37.0,4,15,13,399
37.0,4,15,14,401
37.0,4,15,15,403
37.0,5,0,0,352
37.0,5,0,1,353
37.0,5,0,2,355
37.0,5,0,3,357
37.0,5,0,4,358
37.0,5,0,5,360
37.0,5,0,6,362
37.0,5,0,7,363
37.0,5,0,8,365
37.0,5,0,9,367
37.0,5,0,10,368
37.0,5,0,11,370
37.0,5,0,12,372
37.0,5,0,13,373
37.0,5,0,14,375
37.0,5,0,15,377
37.0,5,1,0,354
37.0,5,1,1,355
37.0,5,1,2,357
37.0,5,1,3,359
37.0,5,1,4,361
37.0,5,1,5,362
37.0,5,1,6,364
37.0,5,1,7,366
37.0,5,1,8,367
37.0,5,1,9,369
37.0,5,1,10,371
37.0,5,1,11,372
37.0,5,1,12,374
37.0,5,1,13,376
37.0,5,1,14,377
37.0,5,1,15,379
37.0,5,2,0,356
37.0,5,2,1,357
37.0,5,2,2,359
37.0,5,2,3,361
37.0,5,2,4,363
37.0,5,2,5,364
37.0,5,2,6,366
37.0,5,2,7,368
37.0,5,2,8,369
37.0,5,2,9,371
37.0,5,2,10,373
37.0,5,2,11,374
37.0,5,2,12,376
37.0,5,2,13,378
37.0,5,2,14,379
37.0,5,2,15,381
37.0,5,3,0,358
37.0,5,3,1,360
37.0,5,3,2,361
37.0,5,3,3,363
37.0,5,3,4,365
37.0,5,3,5,367
37.0,5,3,6,368
37.0,5,3,7,370
37.0,5,3,8,372
37.0,5,3,9,373
37.0,5,3,10,375
37.0,5,3,11,377
37.0,5,3,12,378
37.0,5,3,13,380
37.0,5,3,14,382
37.0,5,3,15,383
37.0,5,4,0,360
37.0,5,4,1,362
37.0,5,4,2,363
37.0,5,4,3,365
37.0,5,4,4,367
37.0,5,4,5,369
37.0,5,4,6,370
37.0,5,4,7,372
37.0,5,4,8,374
37.0,5,4,9,375
37.0,5,4,10,377
37.0,5,4,11,379
37.0,5,4,12,381
37.0,5,4,13,382
37.0,5,4,14,384
37.0,5,4,15,386
37.0,5,5,0,362
37.0,5,5,1,364
37.0,5,5,2,366
37.0,5,5,3,367
37.0,5,5,4,369
37.0,5,5,5,371
37.0,5,5,6,372
37.0,5,5,7,374
37.0,5,5,8,376
37.0,5,5,9,378
37.0,5,5,10,379
37.0,5,5,11,381
37.0,5,5,12,383
37.0,5,5,13,384
37.0,5,5,14,386
37.0,5,5,15,388
37.0,5,6,0,364
37.0,5,6,1,366
37.0,5,6,2,368
37.0,5,6,3,369
37.0,5,6,4,371
37.0,5,6,5,373
37.0,5,6,6,375
37.0,5,6,7,376
37.0,5,6,8,378
37.0,5,6,9,380
37.0,5,6,10,381
37.0,5,6,11,383
37.0,5,6,12,385
37.0,5,6,13,387
37.0,5,6,14,388
37.0,5,6,15,390
37.0,5,7,0,366
37.0,5,7,1,368
37.0,5,7,2,370
37.0,5,7,3,371
37.0,5,7,4,373
37.0,5,7,5,375
37.0,5,7,6,377
37.0,5,7,7,378
37.0,5,7,8,380
37.0,5,7,9,382
37.0,5,7,10,384
37.0,5,7,11,385
37.0,5,7,12,387
37.0,5,7,13,389
37.0,5,7,14,390
37.0,5,7,15,392
37.0,5,8,0,368
37.0,5,8,1,370
37.0,5,8,2,372
37.0,5,8,3,373
37.0,5,8,4,375
37.0,5,8,5,377
37.0,5,8,6,379
37.0,5,8,7,381
37.0,5,8,8,382
37.0,5,8,9,384
37.0,5,8,10,386
37.0,5,8,11,387
37.0,5,8,12,389
37.0,5,8,13,391
37.0,5,8,14,393
37.0,5,8,15,394
37.0,5,9,0,370
37.0,5,9,1,372
37.0,5,9,2,374
37.0,5,9,3,376
37.0,5,9,4,377
37.0,5,9,5,379
37.0,5,9,6,381
37.0,5,9,7,383
37.0,5,9,8,384
37.0,5,9,9,386
37.0,5,9,10,388
37.0,5,9,11,390
37.0,5,9,12,391
37.0,5,9,13,393
37.0,5,9,14,395
37.0,5,9,15,396
37.0,5,10,0,372
37.0,5,10,1,374
37.0,5,10,2,376
37.0,5,10,3,378
37.0,5,10,4,379
37.0,5,10,5,381
37.0,5,10,6,383
37.0,5,10,7,385
37.0,5,10,8,386
37.0,5,10,9,388
37.0,5,10,10,390
37.0,5,10,11,392
37.0,5,10,12,393
37.0,5,10,13,395
37.0,5,10,14,397
37.0,5,10,15,399
37.0,5,11,0,374
37.0,5,11,1,376
37.0,5,11,2,378
37.0,5,11,3,380
37.0,5,11,4,381
37.0,5,11,5,383
37.0,5,11,6,385
37.0,5,11,7,387
37.0,5,11,8,389
37.0,5,11,9,390
37.0,5,11,10,392
37.0,5,11,11,394
37.0,5,11,12,396
37.0,5,11,13,397
37.0,5,11,14,399
37.0,5,11,15,401
37.0,5,12,0,376
37.0,5,12,1,378
37.0,5,12,2,380
37.0,5,12,3,382
37.0,5,12,4,383
37.0,5,12,5,385
37.0,5,12,6,387
37.0,5,12,7,389
37.0,5,12,8,391
37.0,5,12,9,392
37.0,5,12,10,394
37.0,5,12,11,396
37.0,5,12,12,398
37.0,5,12,13,399
37.0,5,12,14,401
37.0,5,12,15,403
37.0,5,13,0,378
37.0,5,13,1,380
37.0,5,13,2,382
37.0,5,13,3,384
37.0,5,13,4,385
37.0,5,13,5,387
37.0,5,13,6,389
37.0,5,13,7,391
37.0,5,13,8,393
37.0,5,13,9,394
37.0,5,13,10,396
37.0,5,13,11,398
37.0,5,13,12,400
37.0,5,13,13,402
37.0,5,13,14,403
37.0,5,13,15,405
37.0,5,14,0,380
37.0,5,14,1,382
37.0,5,14,2,384
37.0,5,14,3,386
37.0,5,14,4,387
37.0,5,14,5,389
37.0,5,14,6,391
37.0,5,14,7,393
37.0,5,14,8,395
37.0,5,14,9,397
37.0,5,14,10,398
37.0,5,14,11,400
37.0,5,14,12,402
37.0,5,14,13,404
37.0,5,14,14,405
37.0,5,14,15,407
37.0,5,15,0,382
37.0,5,15,1,384
37.0,5,15,2,386
37.0,5,15,3,388
37.0,5,15,4,389
37.0,5,15,5,391
37.0,5,15,6,393
37.0,5,15,7,395
37.0,5,15,8,397
37.0,5,15,9,399
37.0,5,15,10,400
37.0,5,15,11,402
37.0,5,15,12,404
37.0,5,15,13,406
37.0,5,15,14,407
37.0,5,15,15,409
37.0,6,0,0,357
37.0,6,0,1,359
37.0,6,0,2,361
37.0,6,0,3,362
37.0,6,0,4,364
37.0,6,0,5,366
37.0,6,0,6,367
37.0,6,0,7,369
37.0,6,0,8,371
37.0,6,0,9,372
37.0,6,0,10,374
37.0,6,0,11,376
37.0,6,0,12,377
37.0,6,0,13,379
37.0,6,0,14,381
37.0,6,0,15,382
37.0,6,1,0,359
37.0,6,1,1,361
37.0,6,1,2,363
37.0,6,1,3,364
37.0,6,1,4,366
37.0,6,1,5,368
37.0,6,1,6,370
37.0,6,1,7,371
37.0,6,1,8,373
37.0,6,1,9,375
37.0,6,1,10,376
37.0,6,1,11,378
37.0,6,1,12,380
37.0,6,1,13,381
37.0,6,1,14,383
37.0,6,1,15,385
37.0,6,2,0,361
37.0,6,2,1,363
37.0,6,2,2,365
37.0,6,2,3,367
37.0,6,2,4,368
37.0,6,2,5,370
37.0,6,2,6,372
37.0,6,2,7,374
37.0,6,2,8,375
37.0,6,2,9,377
37.0,6,2,10,379
37.0,6,2,11,380
37.0,6,2,12,382
37.0,6,2,13,384
37.0,6,2,14,385
37.0,6,2,15,387
37.0,6,3,0,363
37.0,6,3,1,365
37.0,6,3,2,367
37.0,6,3,3,369
37.0,6,3,4,371
37.0,6,3,5,372
37.0,6,3,6,374
37.0,6,3,7,376
37.0,6,3,8,377
37.0,6,3,9,379
37.0,6,3,10,381
37.0,6,3,11,383
37.0,6,3,12,384
37.0,6,3,13,386
37.0,6,3,14,388
37.0,6,3,15,389
37.0,6,4,0,366
37.0,6,4,1,367
37.0,6,4,2,369
37.0,6,4,3,371
37.0,6,4,4,373
37.0,6,4,5,374
37.0,6,4,6,376
37.0,6,4,7,378
37.0,6,4,8,380
37.0,6,4,9,381
37.0,6,4,10,383
37.0,6,4,11,385
37.0,6,4,12,386
37.0,6,4,13,388
37.0,6,4,14,390
37.0,6,4,15,392
37.0,6,5,0,368
37.0,6,5,1,369
37.0,6,5,2,371
37.0,6,5,3,373
37.0,6,5,4,375
37.0,6,5,5,377
37.0,6,5,6,378
37.0,6,5,7,380
37.0,6,5,8,382
37.0,6,5,9,384
37.0,6,5,10,385
37.0,6,5,11,387
37.0,6,5,12,389
37.0,6,5,13,390
37.0,6,5,14,392
37.0,6,5,15,394
37.0,6,6,0,370
37.0,6,6,1,372
37.0,6,6,2,373
37.0,6,6,3,375
37.0,6,6,4,377
37.0,6,6,5,379
37.0,6,6,6,380
37.0,6,6,7,382
37.0,6,6,8,384
37.0,6,6,9,386
37.0,6,6,10,387
37.0,6,6,11,389
37.0,6,6,12,391
37.0,6,6,13,393
37.0,6,6,14,394
37.0,6,6,15,396
37.0,6,7,0,372
37.0,6,7,1,374
37.0,6,7,2,375
37.0,6,7,3,377
37.0,6,7,4,379
37.0,6,7,5,381
37.0,6,7,6,383
37.0,6,7,7,384
37.0,6,7,8,386
37.0,6,7,9,388
37.0,6,7,10,390
37.0,6,7,11,391
37.0,6,7,12,393
37.0,6,7,13,395
37.0,6,7,14,397
37.0,6,7,15,398
37.0,6,8,0,374
37.0,6,8,1,376
37.0,6,8,2,378
37.0,6,8,3,379
37.0,6,8,4,381
37.0,6,8,5,383
37.0,6,8,6,385
37.0,6,8,7,387
37.0,6,8,8,388
37.0,6,8,9,390
37.0,6,8,10,392
37.0,6,8,11,394
37.0,6,8,12,395
37.0,6,8,13,397
37.0,6,8,14,399
37.0,6,8,15,400
37.0,6,9,0,376
37.0,6,9,1,378
37.0,6,9,2,380
37.0,6,9,3,381
37.0,6,9,4,383
37.0,6,9,5,385
37.0,6,9,6,387
37.0,6,9,7,389
37.0,6,9,8,390
37.0,6,9,9,392
37.0,6,9,10,394
37.0,6,9,11,396
37.0,6,9,12,397
37.0,6,9,13,399
37.0,6,9,14,401
37.0,6,9,15,403
37.0,6,10,0,378
37.0,6,10,1,380
37.0,6,10,2,382
37.0,6,10,3,383
37.0,6,10,4,385
37.0,6,10,5,387
37.0,6,10,6,389
37.0,6,10,7,391
37.0,6,10,8,393
37.0,6,10,9,394
37.0,6,10,10,396
37.0,6,10,11,398
37.0,6,10,12,400
37.0,6,10,13,401
37.0,6,10,14,403
37.0,6,10,15,405
37.0,6,11,0,380
37.0,6,11,1,382
37.0,6,11,2,384
37.0,6,11,3,386
37.0,6,11,4,387
37.0,6,11,5,389
37.0,6,11,6,391
37.0,6,11,7,393
37.0,6,11,8,395
37.0,6,11,9,396
37.0,6,11,10,398
37.0,6,11,11,400
37.0,6,11,12,402
37.0,6,11,13,404
37.0,6,11,14,405
37.0,6,11,15,407
37.0,6,12,0,382
37.0,6,12,1,384
37.0,6,12,2,386
37.0,6,12,3,388
37.0,6,12,4,389
37.0,6,12,5,391
37.0,6,12,6,393
37.0,6,12,7,395
37.0,6,12,8,397
37.0,6,12,9,399
37.0,6,12,10,400
37.0,6,12,11,402
37.0,6,12,12,404
37.0,6,12,13,406
37.0,6,12,14,407
37.0,6,12,15,409
37.0,6,13,0,384
37.0,6,13,1,386
37.0,6,13,2,388
37.0,6,13,3,390
37.0,6,13,4,391
37.0,6,13,5,393
37.0,6,13,6,395
37.0,6,13,7,397
37.0,6,13,8,399
37.0,6,13,9,401
37.0,6,13,10,402
37.0,6,13,11,404
37.0,6,13,12,406
37.0,6,13,13,408
37.0,6,13,14,410
37.0,6,13,15,411
37.0,6,14,0,386
37.0,6,14,1,388
37.0,6,14,2,390
37.0,6,14,3,392
37.0,6,14,4,394
37.0,6,14,5,395
37.0,6,14,6,397
37.0,6,14,7,399
37.0,6,14,8,401
37.0,6,14,9,403
37.0,6,14,10,405
37.0,6,14,11,406
37.0,6,14,12,408
37.0,6,14,13,410
37.0,6,14,14,412
37.0,6,14,15,413
37.0,6,15,0,388
37.0,6,15,1,390
37.0,6,15,2,392
37.0,6,15,3,394
37.0,6,15,4,396
37.0,6,15,5,397
37.0,6,15,6,399
37.0,6,15,7,401
37.0,6,15,8,403
37.0,6,15,9,405
37.0,6,15,10,407
37.0,6,15,11,408
37.0,6,15,12,410
37.0,6,15,13,412
37.0,6,15,14,414
37.0,6,15,15,416
37.0,7,0,0,363
37.0,7,0,1,364
37.0,7,0,2,366
37.0,7,0,3,368
37.0,7,0,4,370
37.0,7,0,5,371
37.0,7,0,6,373
37.0,7,0,7,375
37.0,7,0,8,377
37.0,7,0,9,378
37.0,7,0,10,380
37.0,7,0,11,382
37.0,7,0,12,383
37.0,7,0,13,385
37.0,7,0,14,387
37.0,7,0,15,388
37.0,7,1,0,365
37.0,7,1,1,367
37.0,7,1,2,368
37.0,7,1,3,370
37.0,7,1,4,372
37.0,7,1,5,374
37.0,7,1,6,375
37.0,7,1,7,377
37.0,7,1,8,379
37.0,7,1,9,380
37.0,7,1,10,382
37.0,7,1,11,384
37.0,7,1,12,386
37.0,7,1,13,387
37.0,7,1,14,389
37.0,7,1,15,391
37.0,7,2,0,367
37.0,7,2,1,369
37.0,7,2,2,370
37.0,7,2,3,372
37.0,7,2,4,374
37.0,7,2,5,376
37.0,7,2,6,378
37.0,7,2,7,379
37.0,7,2,8,381
37.0,7,2,9,383
37.0,7,2,10,384
37.0,7,2,11,386
37.0,7,2,12,388
37.0,7,2,13,390
37.0,7,2,14,391
37.0,7,2,15,393
37.0,7,3,0,369
37.0,7,3,1,371
37.0,7,3,2,373
37.0,7,3,3,374
37.0,7,3,4,376
37.0,7,3,5,378
37.0,7,3,6,380
37.0,7,3,7,382
37.0,7,3,8,383
37.0,7,3,9,385
37.0,7,3,10,387
37.0,7,3,11,388
37.0,7,3,12,390
37.0,7,3,13,392
37.0,7,3,14,394
37.0,7,3,15,395
37.0,7,4,0,371
37.0,7,4,1,373
37.0,7,4,2,375
37.0,7,4,3,377
37.0,7,4,4,378
37.0,7,4,5,380
37.0,7,4,6,382
37.0,7,4,7,384
37.0,7,4,8,385
37.0,7,4,9,387
37.0,7,4,10,389
37.0,7,4,11,391
37.0,7,4,12,392
37.0,7,4,13,394
37.0,7,4,14,396
37.0,7,4,15,398
37.0,7,5,0,373
37.0,7,5,1,375
37.0,7,5,2,377
37.0,7,5,3,379
37.0,7,5,4,381
37.0,7,5,5,382
37.0,7,5,6,384
37.0,7,5,7,386
37.0,7,5,8,388
37.0,7,5,9,389
37.0,7,5,10,391
37.0,7,5,11,393
37.0,7,5,12,395
37.0,7,5,13,396
37.0,7,5,14,398
37.0,7,5,15,400
37.0,7,6,0,375
37.0,7,6,1,377
37.0,7,6,2,379
37.0,7,6,3,381
37.0,7,6,4,383
37.0,7,6,5,385
37.0,7,6,6,386
37.0,7,6,7,388
37.0,7,6,8,390
37.0,7,6,9,392
37.0,7,6,10,393
37.0,7,6,11,395
37.0,7,6,12,397
37.0,7,6,13,399
37.0,7,6,14,400
37.0,7,6,15,402
37.0,7,7,0,378
37.0,7,7,1,379
37.0,7,7,2,381
37.0,7,7,3,383
37.0,7,7,4,385
37.0,7,7,5,387
37.0,7,7,6,388
37.0,7,7,7,390
37.0,7,7,8,392
37.0,7,7,9,394
37.0,7,7,10,396
37.0,7,7,11,397
37.0,7,7,12,399
37.0,7,7,13,401
37.0,7,7,14,403
37.0,7,7,15,404
37.0,7,8,0,380
37.0,7,8,1,381
37.0,7,8,2,383
37.0,7,8,3,385
37.0,7,8,4,387
37.0,7,8,5,389
37.0,7,8,6,391
37.0,7,8,7,392
37.0,7,8,8,394
37.0,7,8,9,396
37.0,7,8,10,398
37.0,7,8,11,400
37.0,7,8,12,401
37.0,7,8,13,403
37.0,7,8,14,405
37.0,7,8,15,407
37.0,7,9,0,382
37.0,7,9,1,384
37.0,7,9,2,385
37.0,7,9,3,387
37.0,7,9,4,389
37.0,7,9,5,391
37.0,7,9,6,393
37.0,7,9,7,395
37.0,7,9,8,396
37.0,7,9,9,398
37.0,7,9,10,400
37.0,7,9,11,402
37.0,7,9,12,404
37.0,7,9,13,405
37.0,7,9,14,407
37.0,7,9,15,409
37.0,7,10,0,384
37.0,7,10,1,386
37.0,7,10,2,388
37.0,7,10,3,389
37.0,7,10,4,391
37.0,7,10,5,393
37.0,7,10,6,395
37.0,7,10,7,397
37.0,7,10,8,399
37.0,7,10,9,400
37.0,7,10,10,402
37.0,7,10,11,404
37.0,7,10,12,406
37.0,7,10,13,408
37.0,7,10,14,409
37.0,7,10,15,411
37.0,7,11,0,386
37.0,7,11,1,388
37.0,7,11,2,390
37.0,7,11,3,391
37.0,7,11,4,393
37.0,7,11,5,395
37.0,7,11,6,397
37.0,7,11,7,399
37.0,7,11,8,401
37.0,7,11,9,403
37.0,7,11,10,404
37.0,7,11,11,406
37.0,7,11,12,408
37.0,7,11,13,410
37.0,7,11,14,412
37.0,7,11,15,413
37.0,7,12,0,388
37.0,7,12,1,390
37.0,7,12,2,392
37.0,7,12,3,394
37.0,7,12,4,395
37.0,7,12,5,397
37.0,7,12,6,399
37.0,7,12,7,401
37.0,7,12,8,403
37.0,7,12,9,405
37.0,7,12,10,406
37.0,7,12,11,408
37.0,7,12,12,410
37.0,7,12,13,412
37.0,7,12,14,414
37.0,7,12,15,415
37.0,7,13,0,390
37.0,7,13,1,392
37.0,7,13,2,394
37.0,7,13,3,396
37.0,7,13,4,398
37.0,7,13,5,399
37.0,7,13,6,401
37.0,7,13,7,403
37.0,7,13,8,405
37.0,7,13,9,407
37.0,7,13,10,409
37.0,7,13,11,410
37.0,7,13,12,412
37.0,7,13,13,414
37.0,7,13,14,416
37.0,7,13,15,418
37.0,7,14,0,392
37.0,7,14,1,394
37.0,7,14,2,396
37.0,7,14,3,398
37.0,7,14,4,400
37.0,7,14,5,401
37.0,7,14,6,403
37.0,7,14,7,405
37.0,7,14,8,407
37.0,7,14,9,409
37.0,7,14,10,411
37.0,7,14,11,413
37.0,7,14,12,414
37.0,7,14,13,416
37.0,7,14,14,418
37.0,7,14,15,420
37.0,7,15,0,394
37.0,7,15,1,396
37.0,7,15,2,398
37.0,7,15,3,400
37.0,7,15,4,402
37.0,7,15,5,404
37.0,7,15,6,405
37.0,7,15,7,407
37.0,7,15,8,409
37.0,7,15,9,411
37.0,7,15,10,413
37.0,7,15,11,415
37.0,7,15,12,417
37.0,7,15,13,418
37.0,7,15,14,420
37.0,7,15,15,422
37.0,8,0,0,368
37.0,8,0,1,370
37.0,8,0,2,372
37.0,8,0,3,373
37.0,8,0,4,375
37.0,8,0,5,377
37.0,8,0,6,379
37.0,8,0,7,380
37.0,8,0,8,382
37.0,8,0,9,384
37.0,8,0,10,386
37.0,8,0,11,387
37.0,8,0,12,389
37.0,8,0,13,391
37.0,8,0,14,393
37.0,8,0,15,394
37.0,8,1,0,370
37.0,8,1,1,372
37.0,8,1,2,374
37.0,8,1,3,376
37.0,8,1,4,377
37.0,8,1,5,379
37.0,8,1,6,381
37.0,8,1,7,383
37.0,8,1,8,385
37.0,8,1,9,386
37.0,8,1,10,388
37.0,8,1,11,390
37.0,8,1,12,391
37.0,8,1,13,393
37.0,8,1,14,395
37.0,8,1,15,397
37.0,8,2,0,372
37.0,8,2,1,374
37.0,8,2,2,376
37.0,8,2,3,378
37.0,8,2,4,380
37.0,8,2,5,381
37.0,8,2,6,383
37.0,8,2,7,385
37.0,8,2,8,387
37.0,8,2,9,389
37.0,8,2,10,390
37.0,8,2,11,392
37.0,8,2,12,394
37.0,8,2,13,396
37.0,8,2,14,397
37.0,8,2,15,399
37.0,8,3,0,375
37.0,8,3,1,376
37.0,8,3,2,378
37.0,8,3,3,380
37.0,8,3,4,382
37.0,8,3,5,384
37.0,8,3,6,386
37.0,8,3,7,387
37.0,8,3,8,389
37.0,8,3,9,391
37.0,8,3,10,393
37.0,8,3,11,394
37.0,8,3,12,396
37.0,8,3,13,398
37.0,8,3,14,400
37.0,8,3,15,401
37.0,8,4,0,377
37.0,8,4,1,379
37.0,8,4,2,380
37.0,8,4,3,382
37.0,8,4,4,384
37.0,8,4,5,386
37.0,8,4,6,388
37.0,8,4,7,390
37.0,8,4,8,391
37.0,8,4,9,393
37.0,8,4,10,395
37.0,8,4,11,397
37.0,8,4,12,398
37.0,8,4,13,400
37.0,8,4,14,402
37.0,8,4,15,404
37.0,8,5,0,379
37.0,8,5,1,381
37.0,8,5,2,383
37.0,8,5,3,385
37.0,8,5,4,386
37.0,8,5,5,388
37.0,8,5,6,390
37.0,8,5,7,392
37.0,8,5,8,394
37.0,8,5,9,395
37.0,8,5,10,397
37.0,8,5,11,399
37.0,8,5,12,401
37.0,8,5,13,402
37.0,8,5,14,404
37.0,8,5,15,406
37.0,8,6,0,381
37.0,8,6,1,383
37.0,8,6,2,385
37.0,8,6,3,387
37.0,8,6,4,389
37.0,8,6,5,390
37.0,8,6,6,392
37.0,8,6,7,394
37.0,8,6,8,396
37.0,8,6,9,398
37.0,8,6,10,399
37.0,8,6,11,401
37.0,8,6,12,403
37.0,8,6,13,405
37.0,8,6,14,406
37.0,8,6,15,408
37.0,8,7,0,383
37.0,8,7,1,385
37.0,8,7,2,387
37.0,8,7,3,389
37.0,8,7,4,391
37.0,8,7,5,393
37.0,8,7,6,394
37.0,8,7,7,396
37.0,8,7,8,398
37.0,8,7,9,400
37.0,8,7,10,402
37.0,8,7,11,403
37.0,8,7,12,405
37.0,8,7,13,407
37.0,8,7,14,409
37.0,8,7,15,411
37.0,8,8,0,385
37.0,8,8,1,387
37.0,8,8,2,389
37.0,8,8,3,391
37.0,8,8,4,393
37.0,8,8,5,395
37.0,8,8,6,397
37.0,8,8,7,398
37.0,8,8,8,400
37.0,8,8,9,402
37.0,8,8,10,404
37.0,8,8,11,406
37.0,8,8,12,407
37.0,8,8,13,409
37.0,8,8,14,411
37.0,8,8,15,413
37.0,8,9,0,388
37.0,8,9,1,389
37.0,8,9,2,391
37.0,8,9,3,393
37.0,8,9,4,395
37.0,8,9,5,397
37.0,8,9,6,399
37.0,8,9,7,401
37.0,8,9,8,402
37.0,8,9,9,404
37.0,8,9,10,406
37.0,8,9,11,408
37.0,8,9,12,410
37.0,8,9,13,411
37.0,8,9,14,413
37.0,8,9,15,415
37.0,8,10,0,390
37.0,8,10,1,392
37.0,8,10,2,393
37.0,8,10,3,395
37.0,8,10,4,397
37.0,8,10,5,399
37.0,8,10,6,401
37.0,8,10,7,403
37.0,8,10,8,405
37.0,8,10,9,406
37.0,8,10,10,408
37.0,8,10,11,410
37.0,8,10,12,412
37.0,8,10,13,414
37.0,8,10,14,416
37.0,8,10,15,417
37.0,8,11,0,392
37.0,8,11,1,394
37.0,8,11,2,396
37.0,8,11,3,397
37.0,8,11,4,399
37.0,8,11,5,401
37.0,8,11,6,403
37.0,8,11,7,405
37.0,8,11,8,407
37.0,8,11,9,409
37.0,8,11,10,410
37.0,8,11,11,412
37.0,8,11,12,414
37.0,8,11,13,416
37.0,8,11,14,418
37.0,8,11,15,420
37.0,8,12,0,394
37.0,8,12,1,396
37.0,8,12,2,398
37.0,8,12,3,400
37.0,8,12,4,401
37.0,8,12,5,403
37.0,8,12,6,405
37.0,8,12,7,407
37.0,8,12,8,409
37.0,8,12,9,411
37.0,8,12,10,413
37.0,8,12,11,414
37.0,8,12,12,416
37.0,8,12,13,418
37.0,8,12,14,420
37.0,8,12,15,422
37.0,8,13,0,396
37.0,8,13,1,398
37.0,8,13,2,400
37.0,8,13,3,402
37.0,8,13,4,404
37.0,8,13,5,405
37.0,8,13,6,407
37.0,8,13,7,409
37.0,8,13,8,411
37.0,8,13,9,413
37.0,8,13,10,415
37.0,8,13,11,417
37.0,8,13,12,419
37.0,8,13,13,420
37.0,8,13,14,422
37.0,8,13,15,424
37.0,8,14,0,398
37.0,8,14,1,400
37.0,8,14,2,402
37.0,8,14,3,404
37.0,8,14,4,406
37.0,8,14,5,408
37.0,8,14,6,409
37.0,8,14,7,411
37.0,8,14,8,413
37.0,8,14,9,415
37.0,8,14,10,417
37.0,8,14,11,419
37.0,8,14,12,421
37.0,8,14,13,423
37.0,8,14,14,424
37.0,8,14,15,426
37.0,8,15,0,400
37.0,8,15,1,402
37.0,8,15,2,404
37.0,8,15,3,406
37.0,8,15,4,408
37.0,8,15,5,410
37.0,8,15,6,412
37.0,8,15,7,413
37.0,8,15,8,415
37.0,8,15,9,417
37.0,8,15,10,419
37.0,8,15,11,421
37.0,8,15,12,423
37.0,8,15,13,425
37.0,8,15,14,427
37.0,8,15,15,428
37.0,9,0,0,374
37.0,9,0,1,375
37.0,9,0,2,377
37.0,9,0,3,379
37.0,9,0,4,381
37.0,9,0,5,383
37.0,9,0,6,384
37.0,9,0,7,386
37.0,9,0,8,388
37.0,9,0,9,390
37.0,9,0,10,391
37.0,9,0,11,393
37.0,9,0,12,395
37.0,9,0,13,397
37.0,9,0,14,398
37.0,9,0,15,400
37.0,9,1,0,376
37.0,9,1,1,378
37.0,9,1,2,379
37.0,9,1,3,381
37.0,9,1,4,383
37.0,9,1,5,385
37.0,9,1,6,387
37.0,9,1,7,388
37.0,9,1,8,390
37.0,9,1,9,392
37.0,9,1,10,394
37.0,9,1,11,396
37.0,9,1,12,397
37.0,9,1,13,399
37.0,9,1,14,401
37.0,9,1,15,403
37.0,9,2,0,378
37.0,9,2,1,380
37.0,9,2,2,382
37.0,9,2,3,384
37.0,9,2,4,385
37.0,9,2,5,387
37.0,9,2,6,389
37.0,9,2,7,391
37.0,9,2,8,393
37.0,9,2,9,394
37.0,9,2,10,396
37.0,9,2,11,398
37.0,9,2,12,400
37.0,9,2,13,401
37.0,9,2,14,403
37.0,9,2,15,405
37.0,9,3,0,380
37.0,9,3,1,382
37.0,9,3,2,384
37.0,9,3,3,386
37.0,9,3,4,388
37.0,9,3,5,389
37.0,9,3,6,391
37.0,9,3,7,393
37.0,9,3,8,395
37.0,9,3,9,397
37.0,9,3,10,398
37.0,9,3,11,400
37.0,9,3,12,402
37.0,9,3,13,404
37.0,9,3,14,406
37.0,9,3,15,407
37.0,9,4,0,382
37.0,9,4,1,384
37.0,9,4,2,386
37.0,9,4,3,388
37.0,9,4,4,390
37.0,9,4,5,392
37.0,9,4,6,394
37.0,9,4,7,395
37.0,9,4,8,397
37.0,9,4,9,399
37.0,9,4,10,401
37.0,9,4,11,403
37.0,9,4,12,404
37.0,9,4,13,406
37.0,9,4,14,408
37.0,9,4,15,410
37.0,9,5,0,385
37.0,9,5,1,387
37.0,9,5,2,388
37.0,9,5,3,390
37.0,9,5,4,392
37.0,9,5,5,394
37.0,9,5,6,396
37.0,9,5,7,398
37.0,9,5,8,399
37.0,9,5,9,401
37.0,9,5,10,403
37.0,9,5,11,405
37.0,9,5,12,407
37.0,9,5,13,408
37.0,9,5,14,410
37.0,9,5,15,412
37.0,9,6,0,387
37.0,9,6,1,389
37.0,9,6,2,391
37.0,9,6,3,392
37.0,9,6,4,394
37.0,9,6,5,396
37.0,9,6,6,398
37.0,9,6,7,400
37.0,9,6,8,402
37.0,9,6,9,404
37.0,9,6,10,405
37.0,9,6,11,407
37.0,9,6,12,409
37.0,9,6,13,411
37.0,9,6,14,413
37.0,9,6,15,414
37.0,9,7,0,389
37.0,9,7,1,391
37.0,9,7,2,393
37.0,9,7,3,395
37.0,9,7,4,397
37.0,9,7,5,398
37.0,9,7,6,400
37.0,9,7,7,402
37.0,9,7,8,404
37.0,9,7,9,406
37.0,9,7,10,408
37.0,9,7,11,409
37.0,9,7,12,411
37.0,9,7,13,413
37.0,9,7,14,415
37.0,9,7,15,417
37.0,9,8,0,391
37.0,9,8,1,393
37.0,9,8,2,395
37.0,9,8,3,397
37.0,9,8,4,399
37.0,9,8,5,401
37.0,9,8,6,403
37.0,9,8,7,404
37.0,9,8,8,406
37.0,9,8,9,408
37.0,9,8,10,410
37.0,9,8,11,412
37.0,9,8,12,414
37.0,9,8,13,415
37.0,9,8,14,417
37.0,9,8,15,419
37.0,9,9,0,393
37.0,9,9,1,395
37.0,9,9,2,397
37.0,9,9,3,399
37.0,9,9,4,401
37.0,9,9,5,403
37.0,9,9,6,405
37.0,9,9,7,407
37.0,9,9,8,408
37.0,9,9,9,410
37.0,9,9,10,412
37.0,9,9,11,414
37.0,9,9,12,416
37.0,9,9,13,418
37.0,9,9,14,419
37.0,9,9,15,421
37.0,9,10,0,395
37.0,9,10,1,397
37.0,9,10,2,399
37.0,9,10,3,401
37.0,9,10,4,403
37.0,9,10,5,405
37.0,9,10,6,407
37.0,9,10,7,409
37.0,9,10,8,411
37.0,9,10,9,413
37.0,9,10,10,414
37.0,9,10,11,416
37.0,9,10,12,418
37.0,9,10,13,420
37.0,9,10,14,422
37.0,9,10,15,424
37.0,9,11,0,398
37.0,9,11,1,399
37.0,9,11,2,401
37.0,9,11,3,403
37.0,9,11,4,405
37.0,9,11,5,407
37.0,9,11,6,409
37.0,9,11,7,411
37.0,9,11,8,413
37.0,9,11,9,415
37.0,9,11,10,417
37.0,9,11,11,418
37.0,9,11,12,420
37.0,9,11,13,422
37.0,9,11,14,424
37.0,9,11,15,426
37.0,9,12,0,400
37.0,9,12,1,402
37.0,9,12,2,404
37.0,9,12,3,406
37.0,9,12,4,407
37.0,9,12,5,409
37.0,9,12,6,411
37.0,9,12,7,413
37.0,9,12,8,415
37.0,9,12,9,417
37.0,9,12,10,419
37.0,9,12,11,421
37.0,9,12,12,423
37.0,9,12,13,424
37.0,9,12,14,426
37.0,9,12,15,428
37.0,9,13,0,402
37.0,9,13,1,404
37.0,9,13,2,406
37.0,9,13,3,408
37.0,9,13,4,410
37.0,9,13,5,412
37.0,9,13,6,413
37.0,9,13,7,415
37.0,9,13,8,417
37.0,9,13,9,419
37.0,9,13,10,421
37.0,9,13,11,423
37.0,9,13,12,425
37.0,9,13,13,427
37.0,9,13,14,428
37.0,9,13,15,430
37.0,9,14,0,404
37.0,9,14,1,406
37.0,9,14,2,408
37.0,9,14,3,410
37.0,9,14,4,412
37.0,9,14,5,414
37.0,9,14,6,416
37.0,9,14,7,418
37.0,9,14,8,419
37.0,9,14,9,421
37.0,9,14,10,423
37.0,9,14,11,425
37.0,9,14,12,427
37.0,9,14,13,429
37.0,9,14,14,431
37.0,9,14,15,433
37.0,9,15,0,406
37.0,9,15,1,408
37.0,9,15,2,410
37.0,9,15,3,412
37.0,9,15,4,414
37.0,9,15,5,416
37.0,9,15,6,418
37.0,9,15,7,420
37.0,9,15,8,422
37.0,9,15,9,423
37.0,9,15,10,425
37.0,9,15,11,427
37.0,9,15,12,429
37.0,9,15,13,431
37.0,9,15,14,433
37.0,9,15,15,435
37.0,10,0,0,379
37.0,10,0,1,381
37.0,10,0,2,383
37.0,10,0,3,385
37.0,10,0,4,386
37.0,10,0,5,388
37.0,10,0,6,390
37.0,10,0,7,392
37.0,10,0,8,394
37.0,10,0,9,395
37.0,10,0,10,397
37.0,10,0,11,399
37.0,10,0,12,401
37.0,10,0,13,403
37.0,10,0,14,404
37.0,10,0,15,406
37.0,10,1,0,381
37.0,10,1,1,383
37.0,10,1,2,385
37.0,10,1,3,387
37.0,10,1,4,389
37.0,10,1,5,391
37.0,10,1,6,392
37.0,10,1,7,394
37.0,10,1,8,396
37.0,10,1,9,398
37.0,10,1,10,400
37.0,10,1,11,401
37.0,10,1,12,403
37.0,10,1,13,405
37.0,10,1,14,407
37.0,10,1,15,408
37.0,10,2,0,384
37.0,10,2,1,385
37.0,10,2,2,387
37.0,10,2,3,389
37.0,10,2,4,391
37.0,10,2,5,393
37.0,10,2,6,395
37.0,10,2,7,397
37.0,10,2,8,398
37.0,10,2,9,400
37.0,10,2,10,402
37.0,10,2,11,404
37.0,10,2,12,406
37.0,10,2,13,407
37.0,10,2,14,409
37.0,10,2,15,411
37.0,10,3,0,386
37.0,10,3,1,388
37.0,10,3,2,390
37.0,10,3,3,391
37.0,10,3,4,393
37.0,10,3,5,395
37.0,10,3,6,397
37.0,10,3,7,399
37.0,10,3,8,401
37.0,10,3,9,403
37.0,10,3,10,404
37.0,10,3,11,406
37.0,10,3,12,408
37.0,10,3,13,410
37.0,10,3,14,411
37.0,10,3,15,413
37.0,10,4,0,388
37.0,10,4,1,390
37.0,10,4,2,392
37.0,10,4,3,394
37.0,10,4,4,396
37.0,10,4,5,397
37.0,10,4,6,399
37.0,10,4,7,401
37.0,10,4,8,403
37.0,10,4,9,405
37.0,10,4,10,407
37.0,10,4,11,408
37.0,10,4,12,410
37.0,10,4,13,412
37.0,10,4,14,414
37.0,10,4,15,416
37.0,10,5,0,390
37.0,10,5,1,392
37.0,10,5,2,394
37.0,10,5,3,396
37.0,10,5,4,398
37.0,10,5,5,400
37.0,10,5,6,402
37.0,10,5,7,403
37.0,10,5,8,405
37.0,10,5,9,407
37.0,10,5,10,409
37.0,10,5,11,411
37.0,10,5,12,413
37.0,10,5,13,414
37.0,10,5,14,416
37.0,10,5,15,418
37.0,10,6,0,393
37.0,10,6,1,394
37.0,10,6,2,396
37.0,10,6,3,398
37.0,10,6,4,400
37.0,10,6,5,402
37.0,10,6,6,404
37.0,10,6,7,406
37.0,10,6,8,408
37.0,10,6,9,409
37.0,10,6,10,411
37.0,10,6,11,413
37.0,10,6,12,415
37.0,10,6,13,417
37.0,10,6,14,419
37.0,10,6,15,420
37.0,10,7,0,395
37.0,10,7,1,397
37.0,10,7,2,399
37.0,10,7,3,400
37.0,10,7,4,402
37.0,10,7,5,404
37.0,10,7,6,406
37.0,10,7,7,408
37.0,10,7,8,410
37.0,10,7,9,412
37.0,10,7,10,414
37.0,10,7,11,415
37.0,10,7,12,417
37.0,10,7,13,419
37.0,10,7,14,421
37.0,10,7,15,423
37.0,10,8,0,397
37.0,10,8,1,399
37.0,10,8,2,401
37.0,10,8,3,403
37.0,10,8,4,405
37.0,10,8,5,407
37.0,10,8,6,408
37.0,10,8,7,410
37.0,10,8,8,412
37.0,10,8,9,414
37.0,10,8,10,416
37.0,10,8,11,418
37.0,10,8,12,420
37.0,10,8,13,421
37.0,10,8,14,423
37.0,10,8,15,425
37.0,10,9,0,399
37.0,10,9,1,401
37.0,10,9,2,403
37.0,10,9,3,405
37.0,10,9,4,407
37.0,10,9,5,409
37.0,10,9,6,411
37.0,10,9,7,413
37.0,10,9,8,414
37.0,10,9,9,416
37.0,10,9,10,418
37.0,10,9,11,420
37.0,10,9,12,422
37.0,10,9,13,424
37.0,10,9,14,426
37.0,10,9,15,427
37.0,10,10,0,401
37.0,10,10,1,403
37.0,10,10,2,405
37.0,10,10,3,407
37.0,10,10,4,409
37.0,10,10,5,411
37.0,10,10,6,413
37.0,10,10,7,415
37.0,10,10,8,417
37.0,10,10,9,419
37.0,10,10,10,420
37.0,10,10,11,422
37.0,10,10,12,424
37.0,10,10,13,426
37.0,10,10,14,428
37.0,10,10,15,430
37.0,10,11,0,403
37.0,10,11,1,405
37.0,10,11,2,407
37.0,10,11,3,409
37.0,10,11,4,411
37.0,10,11,5,413
37.0,10,11,6,415
37.0,10,11,7,417
37.0,10,11,8,419
37.0,10,11,9,421
37.0,10,11,10,423
37.0,10,11,11,425
37.0,10,11,12,427
37.0,10,11,13,428
37.0,10,11,14,430
37.0,10,11,15,432
37.0,10,12,0,406
37.0,10,12,1,408
37.0,10,12,2,410
37.0,10,12,3,411
37.0,10,12,4,413
37.0,10,12,5,415
37.0,10,12,6,417
37.0,10,12,7,419
37.0,10,12,8,421
37.0,10,12,9,423
37.0,10,12,10,425
37.0,10,12,11,427
37.0,10,12,12,429
37.0,10,12,13,431
37.0,10,12,14,433
37.0,10,12,15,434
37.0,10,13,0,408
37.0,10,13,1,410
37.0,10,13,2,412
37.0,10,13,3,414
37.0,10,13,4,416
37.0,10,13,5,418
37.0,10,13,6,420
37.0,10,13,7,421
37.0,10,13,8,423
37.0,10,13,9,425
37.0,10,13,10,427
37.0,10,13,11,429
37.0,10,13,12,431
37.0,10,13,13,433
37.0,10,13,14,435
37.0,10,13,15,437
37.0,10,14,0,410
37.0,10,14,1,412
37.0,10,14,2,414
37.0,10,14,3,416
37.0,10,14,4,418
37.0,10,14,5,420
37.0,10,14,6,422
37.0,10,14,7,424
37.0,10,14,8,426
37.0,10,14,9,428
37.0,10,14,10,429
37.0,10,14,11,431
37.0,10,14,12,433
37.0,10,14,13,435
37.0,10,14,14,437
37.0,10,14,15,439
37.0,10,15,0,412
37.0,10,15,1,414
37.0,10,15,2,416
37.0,10,15,3,418
37.0,10,15,4,420
37.0,10,15,5,422
37.0,10,15,6,424
37.0,10,15,7,426
37.0,10,15,8,428
37.0,10,15,9,430
37.0,10,15,10,432
37.0,10,15,11,434
37.0,10,15,12,435
37.0,10,15,13,437
37.0,10,15,14,439
37.0,10,15,15,441
37.0,11,0,0,385
37.0,11,0,1,386
37.0,11,0,2,388
37.0,11,0,3,390
37.0,11,0,4,392
37.0,11,0,5,394
37.0,11,0,6,396
37.0,11,0,7,398
37.0,11,0,8,399
37.0,11,0,9,401
37.0,11,0,10,403
37.0,11,0,11,405
37.0,11,0,12,407
37.0,11,0,13,408
37.0,11,0,14,410
37.0,11,0,15,412
37.0,11,1,0,387
37.0,11,1,1,389
37.0,11,1,2,391
37.0,11,1,3,393
37.0,11,1,4,394
37.0,11,1,5,396
37.0,11,1,6,398
37.0,11,1,7,400
37.0,11,1,8,402
37.0,11,1,9,404
37.0,11,1,10,405
37.0,11,1,11,407
37.0,11,1,12,409
37.0,11,1,13,411
37.0,11,1,14,413
37.0,11,1,15,414
37.0,11,2,0,389
37.0,11,2,1,391
37.0,11,2,2,393
37.0,11,2,3,395
37.0,11,2,4,397
37.0,11,2,5,399
37.0,11,2,6,400
37.0,11,2,7,402
37.0,11,2,8,404
37.0,11,2,9,406
37.0,11,2,10,408
37.0,11,2,11,410
37.0,11,2,12,411
37.0,11,2,13,413
37.0,11,2,14,415
37.0,11,2,15,417
37.0,11,3,0,391
37.0,11,3,1,393
37.0,11,3,2,395
37.0,11,3,3,397
37.0,11,3,4,399
37.0,11,3,5,401
37.0,11,3,6,403
37.0,11,3,7,405
37.0,11,3,8,407
37.0,11,3,9,408
37.0,11,3,10,410
37.0,11,3,11,412
37.0,11,3,12,414
37.0,11,3,13,416
37.0,11,3,14,417
37.0,11,3,15,419
37.0,11,4,0,394
37.0,11,4,1,396
37.0,11,4,2,398
37.0,11,4,3,399
37.0,11,4,4,401
37.0,11,4,5,403
37.0,11,4,6,405
37.0,11,4,7,407
37.0,11,4,8,409
37.0,11,4,9,411
37.0,11,4,10,413
37.0,11,4,11,414
37.0,11,4,12,416
37.0,11,4,13,418
37.0,11,4,14,420
37.0,11,4,15,422
37.0,11,5,0,396
37.0,11,5,1,398
37.0,11,5,2,400
37.0,11,5,3,402
37.0,11,5,4,404
37.0,11,5,5,406
37.0,11,5,6,407
37.0,11,5,7,409
37.0,11,5,8,411
37.0,11,5,9,413
37.0,11,5,10,415
37.0,11,5,11,417
37.0,11,5,12,419
37.0,11,5,13,420
37.0,11,5,14,422
37.0,11,5,15,424
37.0,11,6,0,398
37.0,11,6,1,400
37.0,11,6,2,402
37.0,11,6,3,404
37.0,11,6,4,406
37.0,11,6,5,408
37.0,11,6,6,410
37.0,11,6,7,412
37.0,11,6,8,414
37.0,11,6,9,415
37.0,11,6,10,417
37.0,11,6,11,419
37.0,11,6,12,421
37.0,11,6,13,423
37.0,11,6,14,425
37.0,11,6,15,427
37.0,11,7,0,400
37.0,11,7,1,402
37.0,11,7,2,404
37.0,11,7,3,406
37.0,11,7,4,408
37.0,11,7,5,410
37.0,11,7,6,412
37.0,11,7,7,414
37.0,11,7,8,416
37.0,11,7,9,418
37.0,11,7,10,420
37.0,11,7,11,422
37.0,11,7,12,423
37.0,11,7,13,425
37.0,11,7,14,427
37.0,11,7,15,429
37.0,11,8,0,403
37.0,11,8,1,405
37.0,11,8,2,407
37.0,11,8,3,409
37.0,11,8,4,410
37.0,11,8,5,412
37.0,11,8,6,414
37.0,11,8,7,416
37.0,11,8,8,418
37.0,11,8,9,420
37.0,11,8,10,422
37.0,11,8,11,424
37.0,11,8,12,426
37.0,11,8,13,428
37.0,11,8,14,429
37.0,11,8,15,431
37.0,11,9,0,405
37.0,11,9,1,407
37.0,11,9,2,409
37.0,11,9,3,411
37.0,11,9,4,413
37.0,11,9,5,415
37.0,11,9,6,417
37.0,11,9,7,419
37.0,11,9,8,420
37.0,11,9,9,422
37.0,11,9,10,424
37.0,11,9,11,426
37.0,11,9,12,428
37.0,11,9,13,430
37.0,11,9,14,432
37.0,11,9,15,434
37.0,11,10,0,407
37.0,11,10,1,409
37.0,11,10,2,411
37.0,11,10,3,413
37.0,11,10,4,415
37.0,11,10,5,417
37.0,11,10,6,419
37.0,11,10,7,421
37.0,11,10,8,423
37.0,11,10,9,425
37.0,11,10,10,427
37.0,11,10,11,428
37.0,11,10,12,430
37.0,11,10,13,432
37.0,11,10,14,434
37.0,11,10,15,436
37.0,11,11,0,409
37.0,11,11,1,411
37.0,11,11,2,413
37.0,11,11,3,415
37.0,11,11,4,417
37.0,11,11,5,419
37.0,11,11,6,421
37.0,11,11,7,423
37.0,11,11,8,425
37.0,11,11,9,427
37.0,11,11,10,429
37.0,11,11,11,431
37.0,11,11,12,433
37.0,11,11,13,435
37.0,11,11,14,436
37.0,11,11,15,438
37.0,11,12,0,411
37.0,11,12,1,413
37.0,11,12,2,415
37.0,11,12,3,417
37.0,11,12,4,419
37.0,11,12,5,421
37.0,11,12,6,423
37.0,11,12,7,425
37.0,11,12,8,427
37.0,11,12,9,429
37.0,11,12,10,431
37.0,11,12,11,433
37.0,11,12,12,435
37.0,11,12,13,437
37.0,11,12,14,439
37.0,11,12,15,441
37.0,11,13,0,414
37.0,11,13,1,416
37.0,11,13,2,418
37.0,11,13,3,420
37.0,11,13,4,422
37.0,11,13,5,424
37.0,11,13,6,426
37.0,11,13,7,428
37.0,11,13,8,430
37.0,11,13,9,431
37.0,11,13,10,433
37.0,11,13,11,435
37.0,11,13,12,437
37.0,11,13,13,439
37.0,11,13,14,441
37.0,11,13,15,443
37.0,11,14,0,416
37.0,11,14,1,418
37.0,11,14,2,420
37.0,11,14,3,422
37.0,11,14,4,424
37.0,11,14,5,426
37.0,11,14,6,428
37.0,11,14,7,430
37.0,11,14,8,432
37.0,11,14,9,434
37.0,11,14,10,436
37.0,11,14,11,438
37.0,11,14,12,440
37.0,11,14,13,441
37.0,11,14,14,443
37.0,11,14,15,445
37.0,11,15,0,418
37.0,11,15,1,420
37.0,11,15,2,422
37.0,11,15,3,424
37.0,11,15,4,426
37.0,11,15,5,428
37.0,11,15,6,430
37.0,11,15,7,432
37.0,11,15,8,434
37.0,11,15,9,436
37.0,11,15,10,438
37.0,11,15,11,440
37.0,11,15,12,442
37.0,11,15,13,444
37.0,11,15,14,446
37.0,11,15,15,448
37.0,12,0,0,390
37.0,12,0,1,392
37.0,12,0,2,394
37.0,12,0,3,396
37.0,12,0,4,398
37.0,12,0,5,399
37.0,12,0,6,401
37.0,12,0,7,403
37.0,12,0,8,405
37.0,12,0,9,407
37.0,12,0,10,409
37.0,12,0,11,411
37.0,12,0,12,412
37.0,12,0,13,414
37.0,12,0,14,416
37.0,12,0,15,418
37.0,12,1,0,392
37.0,12,1,1,394
37.0,12,1,2,396
37.0,12,1,3,398
37.0,12,1,4,400
37.0,12,1,5,402
37.0,12,1,6,404
37.0,12,1,7,406
37.0,12,1,8,408
37.0,12,1,9,409
37.0,12,1,10,411
37.0,12,1,11,413
37.0,12,1,12,415
37.0,12,1,13,417
37.0,12,1,14,418
37.0,12,1,15,420
37.0,12,2,0,395
37.0,12,2,1,397
37.0,12,2,2,399
37.0,12,2,3,400
37.0,12,2,4,402
37.0,12,2,5,404
37.0,12,2,6,406
37.0,12,2,7,408
37.0,12,2,8,410
37.0,12,2,9,412
37.0,12,2,10,414
37.0,12,2,11,415
37.0,12,2,12,417
37.0,12,2,13,419
37.0,12,2,14,421
37.0,12,2,15,423
37.0,12,3,0,397
37.0,12,3,1,399
37.0,12,3,2,401
37.0,12,3,3,403
37.0,12,3,4,405
37.0,12,3,5,407
37.0,12,3,6,409
37.0,12,3,7,410
37.0,12,3,8,412
37.0,12,3,9,414
37.0,12,3,10,416
37.0,12,3,11,418
37.0,12,3,12,420
37.0,12,3,13,422
37.0,12,3,14,423
37.0,12,3,15,425
37.0,12,4,0,399
37.0,12,4,1,401
37.0,12,4,2,403
37.0,12,4,3,405
37.0,12,4,4,407
37.0,12,4,5,409
37.0,12,4,6,411
37.0,12,4,7,413
37.0,12,4,8,415
37.0,12,4,9,417
37.0,12,4,10,418
37.0,12,4,11,420
37.0,12,4,12,422
37.0,12,4,13,424
37.0,12,4,14,426
37.0,12,4,15,428
37.0,12,5,0,402
37.0,12,5,1,404
37.0,12,5,2,406
37.0,12,5,3,408
37.0,12,5,4,409
37.0,12,5,5,411
37.0,12,5,6,413
37.0,12,5,7,415
37.0,12,5,8,417
37.0,12,5,9,419
37.0,12,5,10,421
37.0,12,5,11,423
37.0,12,5,12,425
37.0,12,5,13,426
37.0,12,5,14,428
37.0,12,5,15,430
37.0,12,6,0,404
37.0,12,6,1,406
37.0,12,6,2,408
37.0,12,6,3,410
37.0,12,6,4,412
37.0,12,6,5,414
37.0,12,6,6,416
37.0,12,6,7,418
37.0,12,6,8,419
37.0,12,6,9,421
37.0,12,6,10,423
37.0,12,6,11,425
37.0,12,6,12,427
37.0,12,6,13,429
37.0,12,6,14,431
37.0,12,6,15,433
37.0,12,7,0,406
37.0,12,7,1,408
37.0,12,7,2,410
37.0,12,7,3,412
37.0,12,7,4,414
37.0,12,7,5,416
37.0,12,7,6,418
37.0,12,7,7,420
37.0,12,7,8,422
37.0,12,7,9,424
37.0,12,7,10,426
37.0,12,7,11,428
37.0,12,7,12,429
37.0,12,7,13,431
37.0,12,7,14,433
37.0,12,7,15,435
37.0,12,8,0,408
37.0,12,8,1,410
37.0,12,8,2,412
37.0,12,8,3,414
37.0,12,8,4,416
37.0,12,8,5,418
37.0,12,8,6,420
37.0,12,8,7,422
37.0,12,8,8,424
37.0,12,8,9,426
37.0,12,8,10,428
37.0,12,8,11,430
37.0,12,8,12,432
37.0,12,8,13,434
37.0,12,8,14,436
37.0,12,8,15,437
37.0,12,9,0,411
37.0,12,9,1,413
37.0,12,9,2,415
37.0,12,9,3,417
37.0,12,9,4,419
37.0,12,9,5,421
37.0,12,9,6,423
37.0,12,9,7,425
37.0,12,9,8,426
37.0,12,9,9,428
37.0,12,9,10,430
37.0,12,9,11,432
37.0,12,9,12,434
37.0,12,9,13,436
37.0,12,9,14,438
37.0,12,9,15,440
37.0,12,10,0,413
37.0,12,10,1,415
37.0,12,10,2,417
37.0,12,10,3,419
37.0,12,10,4,421
37.0,12,10,5,423
37.0,12,10,6,425
37.0,12,10,7,427
37.0,12,10,8,429
37.0,12,10,9,431
37.0,12,10,10,433
37.0,12,10,11,435
37.0,12,10,12,437
37.0,12,10,13,438
37.0,12,10,14,440
37.0,12,10,15,442
37.0,12,11,0,415
37.0,12,11,1,417
37.0,12,11,2,419
37.0,12,11,3,421
37.0,12,11,4,423
37.0,12,11,5,425
37.0,12,11,6,427
37.0,12,11,7,429
37.0,12,11,8,431
37.0,12,11,9,433
37.0,12,11,10,435
37.0,12,11,11,437
37.0,12,11,12,439
37.0,12,11,13,441
37.0,12,11,14,443
37.0,12,11,15,445
37.0,12,12,0,417
37.0,12,12,1,419
37.0,12,12,2,421
37.0,12,12,3,423
37.0,12,12,4,425
37.0,12,12,5,427
37.0,12,12,6,429
37.0,12,12,7,431
37.0,12,12,8,433
37.0,12,12,9,435
37.0,12,12,10,437
37.0,12,12,11,439
37.0,12,12,12,441
37.0,12,12,13,443
37.0,12,12,14,445
37.0,12,12,15,447
37.0,12,13,0,420
37.0,12,13,1,422
37.0,12,13,2,424
37.0,12,13,3,426
37.0,12,13,4,428
37.0,12,13,5,430
37.0,12,13,6,432
37.0,12,13,7,434
37.0,12,13,8,436
37.0,12,13,9,438
37.0,12,13,10,440
37.0,12,13,11,442
37.0,12,13,12,444
37.0,12,13,13,445
37.0,12,13,14,447
37.0,12,13,15,449
37.0,12,14,0,422
37.0,12,14,1,424
37.0,12,14,2,426
37.0,12,14,3,428
37.0,12,14,4,430
37.0,12,14,5,432
37.0,12,14,6,434
37.0,12,14,7,436
37.0,12,14,8,438
37.0,12,14,9,440
37.0,12,14,10,442
37.0,12,14,11,444
37.0,12,14,12,446
37.0,12,14,13,448
37.0,12,14,14,450
37.0,12,14,15,452
37.0,12,15,0,424
37.0,12,15,1,426
37.0,12,15,2,428
37.0,12,15,3,430
37.0,12,15,4,432
37.0,12,15,5,434
37.0,12,15,6,436
37.0,12,15,7,438
37.0,12,15,8,440
37.0,12,15,9,442
37.0,12,15,10,444
37.0,12,15,11,446
37.0,12,15,12,448
37.0,12,15,13,450
37.0,12,15,14,452
37.0,12,15,15,454
37.0,13,0,0,396
37.0,13,0,1,397
37.0,13,0,2,399
37.0,13,0,3,401
37.0,13,0,4,403
37.0,13,0,5,405
37.0,13,0,6,407
37.0,13,0,7,409
37.0,13,0,8,411
37.0,13,0,9,413
37.0,13,0,10,415
37.0,13,0,11,416
37.0,13,0,12,418
37.0,13,0,13,420
37.0,13,0,14,422
37.0,13,0,15,424
37.0,13,1,0,398
37.0,13,1,1,400
37.0,13,1,2,402
37.0,13,1,3,404
37.0,13,1,4,406
37.0,13,1,5,408
37.0,13,1,6,409
37.0,13,1,7,411
37.0,13,1,8,413
37.0,13,1,9,415
37.0,13,1,10,417
37.0,13,1,11,419
37.0,13,1,12,421
37.0,13,1,13,423
37.0,13,1,14,424
37.0,13,1,15,426
37.0,13,2,0,400
37.0,13,2,1,402
37.0,13,2,2,404
37.0,13,2,3,406
37.0,13,2,4,408
37.0,13,2,5,410
37.0,13,2,6,412
37.0,13,2,7,414
37.0,13,2,8,416
37.0,13,2,9,418
37.0,13,2,10,419
37.0,13,2,11,421
37.0,13,2,12,423
37.0,13,2,13,425
37.0,13,2,14,427
37.0,13,2,15,429
37.0,13,3,0,403
37.0,13,3,1,405
37.0,13,3,2,407
37.0,13,3,3,409
37.0,13,3,4,410
37.0,13,3,5,412
37.0,13,3,6,414
37.0,13,3,7,416
37.0,13,3,8,418
37.0,13,3,9,420
37.0,13,3,10,422
37.0,13,3,11,424
37.0,13,3,12,426
37.0,13,3,13,428
37.0,13,3,14,429
37.0,13,3,15,431
37.0,13,4,0,405
37.0,13,4,1,407
37.0,13,4,2,409
37.0,13,4,3,411
37.0,13,4,4,413
37.0,13,4,5,415
37.0,13,4,6,417
37.0,13,4,7,419
37.0,13,4,8,421
37.0,13,4,9,422
37.0,13,4,10,424
37.0,13,4,11,426
37.0,13,4,12,428
37.0,13,4,13,430
37.0,13,4,14,432
37.0,13,4,15,434
37.0,13,5,0,407
37.0,13,5,1,409
37.0,13,5,2,411
37.0,13,5,3,413
37.0,13,5,4,415
37.0,13,5,5,417
37.0,13,5,6,419
37.0,13,5,7,421
37.0,13,5,8,423
37.0,13,5,9,425
37.0,13,5,10,427
37.0,13,5,11,429
37.0,13,5,12,431
37.0,13,5,13,433
37.0,13,5,14,434
37.0,13,5,15,436
37.0,13,6,0,410
37.0,13,6,1,412
37.0,13,6,2,414
37.0,13,6,3,416
37.0,13,6,4,418
37.0,13,6,5,420
37.0,13,6,6,421
37.0,13,6,7,423
37.0,13,6,8,425
37.0,13,6,9,427
37.0,13,6,10,429
37.0,13,6,11,431
37.0,13,6,12,433
37.0,13,6,13,435
37.0,13,6,14,437
37.0,13,6,15,439
37.0,13,7,0,412
37.0,13,7,1,414
37.0,13,7,2,416
37.0,13,7,3,418
37.0,13,7,4,420
37.0,13,7,5,422
37.0,13,7,6,424
37.0,13,7,7,426
37.0,13,7,8,428
37.0,13,7,9,430
37.0,13,7,10,432
37.0,13,7,11,434
37.0,13,7,12,435
37.0,13,7,13,437
37.0,13,7,14,439
37.0,13,7,15,441
37.0,13,8,0,414
37.0,13,8,1,416
37.0,13,8,2,418
37.0,13,8,3,420
37.0,13,8,4,422
37.0,13,8,5,424
37.0,13,8,6,426
37.0,13,8,7,428
37.0,13,8,8,430
37.0,13,8,9,432
37.0,13,8,10,434
37.0,13,8,11,436
37.0,13,8,12,438
37.0,13,8,13,440
37.0,13,8,14,442
37.0,13,8,15,444
37.0,13,9,0,416
37.0,13,9,1,418
37.0,13,9,2,421
37.0,13,9,3,423
37.0,13,9,4,425
37.0,13,9,5,427
37.0,13,9,6,429
37.0,13,9,7,431
37.0,13,9,8,433
37.0,13,9,9,434
37.0,13,9,10,436
37.0,13,9,11,438
37.0,13,9,12,440
37.0,13,9,13,442
37.0,13,9,14,444
37.0,13,9,15,446
37.0,13,10,0,419
37.0,13,10,1,421
37.0,13,10,2,423
37.0,13,10,3,425
37.0,13,10,4,427
37.0,13,10,5,429
37.0,13,10,6,431
37.0,13,10,7,433
37.0,13,10,8,435
37.0,13,10,9,437
37.0,13,10,10,439
37.0,13,10,11,441
37.0,13,10,12,443
37.0,13,10,13,445
37.0,13,10,14,447
37.0,13,10,15,448
37.0,13,11,0,421
37.0,13,11,1,423
37.0,13,11,2,425
37.0,13,11,3,427
37.0,13,11,4,429
37.0,13,11,5,431
37.0,13,11,6,433
37.0,13,11,7,435
37.0,13,11,8,437
37.0,13,11,9,439
37.0,13,11,10,441
37.0,13,11,11,443
37.0,13,11,12,445
37.0,13,11,13,447
37.0,13,11,14,449
37.0,13,11,15,451
37.0,13,12,0,423
37.0,13,12,1,425
37.0,13,12,2,427
37.0,13,12,3,429
37.0,13,12,4,431
37.0,13,12,5,433
37.0,13,12,6,435
37.0,13,12,7,438
37.0,13,12,8,440
37.0,13,12,9,442
37.0,13,12,10,443
37.0,13,12,11,445
37.0,13,12,12,447
37.0,13,12,13,449
37.0,13,12,14,451
37.0,13,12,15,453
37.0,13,13,0,425
37.0,13,13,1,428
37.0,13,13,2,430
37.0,13,13,3,432
37.0,13,13,4,434
37.0,13,13,5,436
37.0,13,13,6,438
37.0,13,13,7,440
37.0,13,13,8,442
37.0,13,13,9,444
37.0,13,13,10,446
37.0,13,13,11,448
37.0,13,13,12,450
37.0,13,13,13,452
37.0,13,13,14,454
37.0,13,13,15,456
37.0,13,14,0,428
37.0,13,14,1,430
37.0,13,14,2,432
37.0,13,14,3,434
37.0,13,14,4,436
37.0,13,14,5,438
37.0,13,14,6,440
37.0,13,14,7,442
37.0,13,14,8,444
37.0,13,14,9,446
37.0,13,14,10,448
37.0,13,14,11,450
37.0,13,14,12,452
37.0,13,14,13,454
37.0,13,14,14,456
37.0,13,14,15,458
37.0,13,15,0,430
37.0,13,15,1,432
37.0,13,15,2,434
37.0,13,15,3,436
37.0,13,15,4,438
37.0,13,15,5,440
37.0,13,15,6,442
37.0,13,15,7,444
37.0,13,15,8,446
37.0,13,15,9,448
37.0,13,15,10,450
37.0,13,15,11,452
37.0,13,15,12,454
37.0,13,15,13,456
37.0,13,15,14,458
37.0,13,15,15,460
37.0,14,0,0,401
37.0,14,0,1,403
37.0,14,0,2,405
37.0,14,0,3,407
37.0,14,0,4,409
37.0,14,0,5,411
37.0,14,0,6,413
37.0,14,0,7,415
37.0,14,0,8,416
37.0,14,0,9,418
37.0,14,0,10,420
37.0,14,0,11,422
37.0,14,0,12,424
37.0,14,0,13,426
37.0,14,0,14,428
37.0,14,0,15,430
37.0,14,1,0,403
37.0,14,1,1,405
37.0,14,1,2,407
37.0,14,1,3,409
37.0,14,1,4,411
37.0,14,1,5,413
37.0,14,1,6,415
37.0,14,1,7,417
37.0,14,1,8,419
37.0,14,1,9,421
37.0,14,1,10,423
37.0,14,1,11,425
37.0,14,1,12,427
37.0,14,1,13,428
37.0,14,1,14,430
37.0,14,1,15,432
37.0,14,2,0,406
37.0,14,2,1,408
37.0,14,2,2,410
37.0,14,2,3,412
37.0,14,2,4,414
37.0,14,2,5,416
37.0,14,2,6,418
37.0,14,2,7,420
37.0,14,2,8,421
37.0,14,2,9,423
37.0,14,2,10,425
37.0,14,2,11,427
37.0,14,2,12,429
37.0,14,2,13,431
37.0,14,2,14,433
37.0,14,2,15,435
37.0,14,3,0,408
37.0,14,3,1,410
37.0,14,3,2,412
37.0,14,3,3,414
37.0,14,3,4,416
37.0,14,3,5,418
37.0,14,3,6,420
37.0,14,3,7,422
37.0,14,3,8,424
37.0,14,3,9,426
37.0,14,3,10,428
37.0,14,3,11,430
37.0,14,3,12,432
37.0,14,3,13,433
37.0,14,3,14,435
37.0,14,3,15,437
37.0,14,4,0,411
37.0,14,4,1,413
37.0,14,4,2,415
37.0,14,4,3,417
37.0,14,4,4,419
37.0,14,4,5,421
37.0,14,4,6,423
37.0,14,4,7,424
37.0,14,4,8,426
37.0,14,4,9,428
37.0,14,4,10,430
37.0,14,4,11,432
37.0,14,4,12,434
37.0,14,4,13,436
37.0,14,4,14,438
37.0,14,4,15,440
37.0,14,5,0,413
37.0,14,5,1,415
37.0,14,5,2,417
37.0,14,5,3,419
37.0,14,5,4,421
37.0,14,5,5,423
37.0,14,5,6,425
37.0,14,5,7,427
37.0,14,5,8,429
37.0,14,5,9,431
37.0,14,5,10,433
37.0,14,5,11,435
37.0,14,5,12,437
37.0,14,5,13,439
37.0,14,5,14,440
37.0,14,5,15,442
37.0,14,6,0,415
37.0,14,6,1,417
37.0,14,6,2,419
37.0,14,6,3,421
37.0,14,6,4,423
37.0,14,6,5,425
37.0,14,6,6,427
37.0,14,6,7,429
37.0,14,6,8,431
37.0,14,6,9,433
37.0,14,6,10,435
37.0,14,6,11,437
37.0,14,6,12,439
37.0,14,6,13,441
37.0,14,6,14,443
37.0,14,6,15,445
37.0,14,7,0,418
37.0,14,7,1,420
37.0,14,7,2,422
37.0,14,7,3,424
37.0,14,7,4,426
37.0,14,7,5,428
37.0,14,7,6,430
37.0,14,7,7,432
37.0,14,7,8,434
37.0,14,7,9,436
37.0,14,7,10,438
37.0,14,7,11,440
37.0,14,7,12,442
37.0,14,7,13,443
37.0,14,7,14,445
37.0,14,7,15,447
37.0,14,8,0,420
37.0,14,8,1,422
37.0,14,8,2,424
37.0,14,8,3,426
37.0,14,8,4,428
37.0,14,8,5,430
37.0,14,8,6,432
37.0,14,8,7,434
37.0,14,8,8,436
37.0,14,8,9,438
37.0,14,8,10,440
37.0,14,8,11,442
37.0,14,8,12,444
37.0,14,8,13,446
37.0,14,8,14,448
37.0,14,8,15,450
37.0,14,9,0,422
37.0,14,9,1,424
37.0,14,9,2,426
37.0,14,9,3,428
37.0,14,9,4,430
37.0,14,9,5,432
37.0,14,9,6,435
37.0,14,9,7,437
37.0,14,9,8,439
37.0,14,9,9,441
37.0,14,9,10,442
37.0,14,9,11,444
37.0,14,9,12,446
37.0,14,9,13,448
37.0,14,9,14,450
37.0,14,9,15,452
37.0,14,10,0,425
37.0,14,10,1,427
37.0,14,10,2,429
37.0,14,10,3,431
37.0,14,10,4,433
37.0,14,10,5,435
37.0,14,10,6,437
37.0,14,10,7,439
37.0,14,10,8,441
37.0,14,10,9,443
37.0,14,10,10,445
37.0,14,10,11,447
37.0,14,10,12,449
37.0,14,10,13,451
37.0,14,10,14,453
37.0,14,10,15,455
37.0,14,11,0,427
37.0,14,11,1,429
37.0,14,11,2,431
37.0,14,11,3,433
37.0,14,11,4,435
37.0,14,11,5,437
37.0,14,11,6,439
37.0,14,11,7,441
37.0,14,11,8,443
37.0,14,11,9,445
37.0,14,11,10,447
37.0,14,11,11,449
37.0,14,11,12,451
37.0,14,11,13,453
37.0,14,11,14,455
37.0,14,11,15,457
37.0,14,12,0,429
37.0,14,12,1,431
37.0,14,12,2,433
37.0,14,12,3,435
37.0,14,12,4,437
37.0,14,12,5,439
37.0,14,12,6,442
37.0,14,12,7,444
37.0,14,12,8,446
37.0,14,12,9,448
37.0,14,12,10,450
37.0,14,12,11,452
37.0,14,12,12,454
37.0,14,12,13,456
37.0,14,12,14,458
37.0,14,12,15,460
37.0,14,13,0,431
37.0,14,13,1,433
37.0,14,13,2,436
37.0,14,13,3,438
37.0,14,13,4,440
37.0,14,13,5,442
37.0,14,13,6,444
37.0,14,13,7,446
37.0,14,13,8,448
37.0,14,13,9,450
37.0,14,13,10,452
37.0,14,13,11,454
37.0,14,13,12,456
37.0,14,13,13,458
37.0,14,13,14,460
37.0,14,13,15,462
37.0,14,14,0,434
37.0,14,14,1,436
37.0,14,14,2,438
37.0,14,14,3,440
37.0,14,14,4,442
37.0,14,14,5,444
37.0,14,14,6,446
37.0,14,14,7,448
37.0,14,14,8,450
37.0,14,14,9,452
37.0,14,14,10,454
37.0,14,14,11,456
37.0,14,14,12,458
37.0,14,14,13,460
37.0,14,14,14,462
37.0,14,14,15,464
37.0,14,15,0,436
37.0,14,15,1,438
37.0,14,15,2,440
37.0,14,15,3,442
37.0,14,15,4,444
37.0,14,15,5,446
37.0,14,15,6,448
37.0,14,15,7,451
37.0,14,15,8,453
37.0,14,15,9,455
37.0,14,15,10,457
37.0,14,15,11,459
37.0,14,15,12,461
37.0,14,15,13,463
37.0,14,15,14,465
37.0,14,15,15,467
37.0,15,0,0,407
37.0,15,0,1,409
37.0,15,0,2,411
37.0,15,0,3,412
37.0,15,0,4,414
37.0,15,0,5,416
37.0,15,0,6,418
37.0,15,0,7,420
37.0,15,0,8,422
37.0,15,0,9,424
37.0,15,0,10,426
37.0,15,0,11,428
37.0,15,0,12,430
37.0,15,0,13,432
37.0,15,0,14,434
37.0,15,0,15,435
37.0,15,1,0,409
37.0,15,1,1,411
37.0,15,1,2,413
37.0,15,1,3,415
37.0,15,1,4,417
37.0,15,1,5,419
37.0,15,1,6,421
37.0,15,1,7,423
37.0,15,1,8,425
37.0,15,1,9,427
37.0,15,1,10,429
37.0,15,1,11,431
37.0,15,1,12,432
37.0,15,1,13,434
37.0,15,1,14,436
37.0,15,1,15,438
37.0,15,2,0,411
37.0,15,2,1,413
37.0,15,2,2,415
37.0,15,2,3,417
37.0,15,2,4,419
37.0,15,2,5,421
37.0,15,2,6,423
37.0,15,2,7,425
37.0,15,2,8,427
37.0,15,2,9,429
37.0,15,2,10,431
37.0,15,2,11,433
37.0,15,2,12,435
37.0,15,2,13,437
37.0,15,2,14,439
37.0,15,2,15,441
37.0,15,3,0,414
37.0,15,3,1,416
37.0,15,3,2,418
37.0,15,3,3,420
37.0,15,3,4,422
37.0,15,3,5,424
37.0,15,3,6,426
37.0,15,3,7,428
37.0,15,3,8,430
37.0,15,3,9,432
37.0,15,3,10,434
37.0,15,3,11,436
37.0,15,3,12,438
37.0,15,3,13,439
37.0,15,3,14,441
37.0,15,3,15,443
37.0,15,4,0,416
37.0,15,4,1,418
37.0,15,4,2,420
37.0,15,4,3,422
37.0,15,4,4,424
37.0,15,4,5,426
37.0,15,4,6,428
37.0,15,4,7,430
37.0,15,4,8,432
37.0,15,4,9,434
37.0,15,4,10,436
37.0,15,4,11,438
37.0,15,4,12,440
37.0,15,4,13,442
37.0,15,4,14,444
37.0,15,4,15,446
37.0,15,5,0,419
37.0,15,5,1,421
37.0,15,5,2,423
37.0,15,5,3,425
37.0,15,5,4,427
37.0,15,5,5,429
37.0,15,5,6,431
37.0,15,5,7,433
37.0,15,5,8,435
37.0,15,5,9,437
37.0,15,5,10,439
37.0,15,5,11,441
37.0,15,5,12,443
37.0,15,5,13,445
37.0,15,5,14,446
37.0,15,5,15,448
37.0,15,6,0,421
37.0,15,6,1,423
37.0,15,6,2,425
37.0,15,6,3,427
37.0,15,6,4,429
37.0,15,6,5,431
37.0,15,6,6,433
37.0,15,6,7,435
37.0,15,6,8,437
37.0,15,6,9,439
37.0,15,6,10,441
37.0,15,6,11,443
37.0,15,6,12,445
37.0,15,6,13,447
37.0,15,6,14,449
37.0,15,6,15,451
37.0,15,7,0,423
37.0,15,7,1,425
37.0,15,7,2,427
37.0,15,7,3,430
37.0,15,7,4,432
37.0,15,7,5,434
37.0,15,7,6,436
37.0,15,7,7,438
37.0,15,7,8,440
37.0,15,7,9,442
37.0,15,7,10,444
37.0,15,7,11,446
37.0,15,7,12,448
37.0,15,7,13,450
37.0,15,7,14,452
37.0,15,7,15,453
37.0,15,8,0,426
37.0,15,8,1,428
37.0,15,8,2,430
37.0,15,8,3,432
37.0,15,8,4,434
37.0,15,8,5,436
37.0,15,8,6,438
37.0,15,8,7,440
37.0,15,8,8,442
37.0,15,8,9,444
37.0,15,8,10,446
37.0,15,8,11,448
37.0,15,8,12,450
37.0,15,8,13,452
37.0,15,8,14,454
37.0,15,8,15,456
37.0,15,9,0,428
37.0,15,9,1,430
37.0,15,9,2,432
37.0,15,9,3,434
37.0,15,9,4,436
37.0,15,9,5,438
37.0,15,9,6,440
37.0,15,9,7,443
37.0,15,9,8,445
37.0,15,9,9,447
37.0,15,9,10,449
37.0,15,9,11,451
37.0,15,9,12,453
37.0,15,9,13,455
37.0,15,9,14,457
37.0,15,9,15,458
37.0,15,10,0,430
37.0,15,10,1,432
37.0,15,10,2,435
37.0,15,10,3,437
37.0,15,10,4,439
37.0,15,10,5,441
37.0,15,10,6,443
37.0,15,10,7,445
37.0,15,10,8,447
37.0,15,10,9,449
37.0,15,10,10,451
37.0,15,10,11,453
37.0,15,10,12,455
37.0,15,10,13,457
37.0,15,10,14,459
37.0,15,10,15,461
37.0,15,11,0,433
37.0,15,11,1,435
37.0,15,11,2,437
37.0,15,11,3,439
37.0,15,11,4,441
37.0,15,11,5,443
37.0,15,11,6,445
37.0,15,11,7,447
37.0,15,11,8,449
37.0,15,11,9,451
37.0,15,11,10,453
37.0,15,11,11,455
37.0,15,11,12,457
37.0,15,11,13,459
37.0,15,11,14,461
37.0,15,11,15,463
37.0,15,12,0,435
37.0,15,12,1,437
37.0,15,12,2,439
37.0,15,12,3,441
37.0,15,12,4,443
37.0,15,12,5,446
37.0,15,12,6,448
37.0,15,12,7,450
37.0,15,12,8,452
37.0,15,12,9,454
37.0,15,12,10,456
37.0,15,12,11,458
37.0,15,12,12,460
37.0,15,12,13,462
37.0,15,12,14,464
37.0,15,12,15,466
37.0,15,13,0,437
37.0,15,13,1,439
37.0,15,13,2,442
37.0,15,13,3,444
37.0,15,13,4,446
37.0,15,13,5,448
37.0,15,13,6,450
37.0,15,13,7,452
37.0,15,13,8,454
37.0,15,13,9,456
37.0,15,13,10,458
37.0,15,13,11,460
37.0,15,13,12,462
37.0,15,13,13,464
37.0,15,13,14,466
37.0,15,13,15,468
37.0,15,14,0,440
37.0,15,14,1,442
37.0,15,14,2,444
37.0,15,14,3,446
37.0,15,14,4,448
37.0,15,14,5,450
37.0,15,14,6,452
37.0,15,14,7,454
37.0,15,14,8,456
37.0,15,14,9,459
37.0,15,14,10,461
37.0,15,14,11,463
37.0,15,14,12,465
37.0,15,14,13,467
37.0,15,14,14,469
37.0,15,14,15,471
37.0,15,15,0,442
37.0,15,15,1,444
37.0,15,15,2,446
37.0,15,15,3,448
37.0,15,15,4,450
37.0,15,15,5,453
37.0,15,15,6,455
37.0,15,15,7,457
37.0,15,15,8,459
37.0,15,15,9,461
37.0,15,15,10,463
37.0,15,15,11,465
37.0,15,15,12,467
37.0,15,15,13,469
37.0,15,15,14,471
37.0,15,15,15,473
37.5,0,0,0,326
37.5,0,0,1,328
37.5,0,0,2,330
37.5,0,0,3,331
37.5,0,0,4,333
37.5,0,0,5,334
37.5,0,0,6,336
37.5,0,0,7,337
37.5,0,0,8,339
37.5,0,0,9,341
37.5,0,0,10,342
37.5,0,0,11,344
37.5,0,0,12,345
37.5,0,0,13,347
37.5,0,0,14,348
37.5,0,0,15,350
37.5,0,1,0,328
37.5,0,1,1,330
37.5,0,1,2,332
37.5,0,1,3,333
37.5,0,1,4,335
37.5,0,1,5,336
37.5,0,1,6,338
37.5,0,1,7,340
37.5,0,1,8,341
37.5,0,1,9,343
37.5,0,1,10,344
37.5,0,1,11,346
37.5,0,1,12,347
37.5,0,1,13,349
37.5,0,1,14,350
37.5,0,1,15,352
37.5,0,2,0,330
37.5,0,2,1,332
37.5,0,2,2,334
37.5,0,2,3,335
37.5,0,2,4,337
37.5,0,2,5,338
37.5,0,2,6,340
37.5,0,2,7,342
37.5,0,2,8,343
37.5,0,2,9,345
37.5,0,2,10,346
37.5,0,2,11,348
37.5,0,2,12,349
37.5,0,2,13,351
37.5,0,2,14,352
37.5,0,2,15,354
37.5,0,3,0,332
37.5,0,3,1,334
37.5,0,3,2,336
37.5,0,3,3,337
37.5,0,3,4,339
37.5,0,3,5,340
37.5,0,3,6,342
37.5,0,3,7,344
37.5,0,3,8,345
37.5,0,3,9,347
37.5,0,3,10,348
37.5,0,3,11,350
37.5,0,3,12,351
37.5,0,3,13,353
37.5,0,3,14,354
37.5,0,3,15,356
37.5,0,4,0,334
37.5,0,4,1,336
37.5,0,4,2,338
37.5,0,4,3,339
37.5,0,4,4,341
37.5,0,4,5,342
37.5,0,4,6,344
37.5,0,4,7,346
37.5,0,4,8,347
37.5,0,4,9,349
37.5,0,4,10,350
37.5,0,4,11,352
37.5,0,4,12,353
37.5,0,4,13,355
37.5,0,4,14,356
37.5,0,4,15,358
37.5,0,5,0,336
37.5,0,5,1,338
37.5,0,5,2,339
37.5,0,5,3,341
37.5,0,5,4,343
37.5,0,5,5,344
37.5,0,5,6,346
37.5,0,5,7,348
37.5,0,5,8,349
37.5,0,5,9,351
37.5,0,5,10,352
37.5,0,5,11,354
37.5,0,5,12,355
37.5,0,5,13,357
37.5,0,5,14,359
37.5,0,5,15,360
37.5,0,6,0,338
37.5,0,6,1,340
37.5,0,6,2,341
37.5,0,6,3,343
37.5,0,6,4,345
37.5,0,6,5,346
37.5,0,6,6,348
37.5,0,6,7,349
37.5,0,6,8,351
37.5,0,6,9,353
37.5,0,6,10,354
37.5,0,6,11,356
37.5,0,6,12,357
37.5,0,6,13,359
37.5,0,6,14,361
37.5,0,6,15,362
37.5,0,7,0,340
37.5,0,7,1,342
37.5,0,7,2,343
37.5,0,7,3,345
37.5,0,7,4,347
37.5,0,7,5,348
37.5,0,7,6,350
37.5,0,7,7,351
37.5,0,7,8,353
37.5,0,7,9,355
37.5,0,7,10,356
37.5,0,7,11,358
37.5,0,7,12,359
37.5,0,7,13,361
37.5,0,7,14,363
37.5,0,7,15,364
37.5,0,8,0,342
37.5,0,8,1,344
37.5,0,8,2,345
37.5,0,8,3,347
37.5,0,8,4,348
37.5,0,8,5,350
37.5,0,8,6,352
37.5,0,8,7,353
37.5,0,8,8,355
37.5,0,8,9,357
37.5,0,8,10,358
37.5,0,8,11,360
37.5,0,8,12,361
37.5,0,8,13,363
37.5,0,8,14,365
37.5,0,8,15,366
37.5,0,9,0,344
37.5,0,9,1,345
37.5,0,9,2,347
37.5,0,9,3,349
37.5,0,9,4,350
37.5,0,9,5,352
37.5,0,9,6,354
37.5,0,9,7,355
37.5,0,9,8,357
37.5,0,9,9,359
37.5,0,9,10,360
37.5,0,9,11,362
37.5,0,9,12,363
37.5,0,9,13,365
37.5,0,9,14,367
37.5,0,9,15,368
37.5,0,10,0,346
37.5,0,10,1,347
37.5,0,10,2,349
37.5,0,10,3,351
37.5,0,10,4,352
37.5,0,10,5,354
37.5,0,10,6,356
37.5,0,10,7,357
37.5,0,10,8,359
37.5,0,10,9,361
37.5,0,10,10,362
37.5,0,10,11,364
37.5,0,10,12,365
37.5,0,10,13,367
37.5,0,10,14,369
37.5,0,10,15,370
37.5,0,11,0,347
37.5,0,11,1,349
37.5,0,11,2,351
37.5,0,11,3,353
37.5,0,11,4,354
37.5,0,11,5,356
37.5,0,11,6,358
37.5,0,11,7,359
37.5,0,11,8,361
37.5,0,11,9,362
37.5,0,11,10,364
37.5,0,11,11,366
37.5,0,11,12,367
37.5,0,11,13,369
37.5,0,11,14,371
37.5,0,11,15,372
37.5,0,12,0,349
37.5,0,12,1,351
37.5,0,12,2,353
37.5,0,12,3,354
37.5,0,12,4,356
37.5,0,12,5,358
37.5,0,12,6,359
37.5,0,12,7,361
37.5,0,12,8,363
37.5,0,12,9,364
37.5,0,12,10,366
37.5,0,12,11,368
37.5,0,12,12,369
37.5,0,12,13,371
37.5,0,12,14,373
37.5,0,12,15,374
37.5,0,13,0,351
37.5,0,13,1,353
37.5,0,13,2,355
37.5,0,13,3,356
37.5,0,13,4,358
37.5,0,13,5,360
37.5,0,13,6,361
37.5,0,13,7,363
37.5,0,13,8,365
37.5,0,13,9,366
37.5,0,13,10,368
37.5,0,13,11,370
37.5,0,13,12,371
37.5,0,13,13,373
37.5,0,13,14,374
37.5,0,13,15,376
37.5,0,14,0,353
37.5,0,14,1,355
37.5,0,14,2,356
37.5,0,14,3,358
37.5,0,14,4,360
37.5,0,14,5,362
37.5,0,14,6,363
37.5,0,14,7,365
37.5,0,14,8,367
37.5,0,14,9,368
37.5,0,14,10,370
37.5,0,14,11,372
37.5,0,14,12,373
37.5,0,14,13,375
37.5,0,14,14,376
37.5,0,14,15,378
37.5,0,15,0,355
37.5,0,15,1,357
37.5,0,15,2,358
37.5,0,15,3,360
37.5,0,15,4,362
37.5,0,15,5,363
37.5,0,15,6,365
37.5,0,15,7,367
37.5,0,15,8,368
37.5,0,15,9,370
37.5,0,15,10,372
37.5,0,15,11,373
37.5,0,15,12,375
37.5,0,15,13,377
37.5,0,15,14,378
37.5,0,15,15,380
37.5,1,0,0,332
37.5,1,0,1,334
37.5,1,0,2,335
37.5,1,0,3,337
37.5,1,0,4,338
37.5,1,0,5,340
37.5,1,0,6,342
37.5,1,0,7,343
37.5,1,0,8,345
37.5,1,0,9,346
37.5,1,0,10,348
37.5,1,0,11,349
37.5,1,0,12,351
37.5,1,0,13,353
37.5,1,0,14,354
37.5,1,0,15,356
37.5,1,1,0,334
37.5,1,1,1,336
37.5,1,1,2,337
37.5,1,1,3,339
37.5,1,1,4,340
37.5,1,1,5,342
37.5,1,1,6,344
37.5,1,1,7,345
37.5,1,1,8,347
37.5,1,1,9,348
37.5,1,1,10,350
37.5,1,1,11,352
37.5,1,1,12,353
37.5,1,1,13,355
37.5,1,1,14,356
37.5,1,1,15,358
37.5,1,2,0,336
37.5,1,2,1,338
37.5,1,2,2,339
37.5,1,2,3,341
37.5,1,2,4,343
37.5,1,2,5,344
37.5,1,2,6,346
37.5,1,2,7,347
37.5,1,2,8,349
37.5,1,2,9,351
37.5,1,2,10,352
37.5,1,2,11,354
37.5,1,2,12,355
37.5,1,2,13,357
37.5,1,2,14,358
37.5,1,2,15,360
37.5,1,3,0,338
37.5,1,3,1,340
37.5,1,3,2,341
37.5,1,3,3,343
37.5,1,3,4,345
37.5,1,3,5,346
37.5,1,3,6,348
37.5,1,3,7,349
37.5,1,3,8,351
37.5,1,3,9,353
37.5,1,3,10,354
37.5,1,3,11,356
37.5,1,3,12,357
37.5,1,3,13,359
37.5,1,3,14,360
37.5,1,3,15,362
37.5,1,4,0,340
37.5,1,4,1,342
37.5,1,4,2,343
37.5,1,4,3,345
37.5,1,4,4,347
37.5,1,4,5,348
37.5,1,4,6,350
37.5,1,4,7,351
37.5,1,4,8,353
37.5,1,4,9,355
37.5,1,4,10,356
37.5,1,4,11,358
37.5,1,4,12,359
37.5,1,4,13,361
37.5,1,4,14,363
37.5,1,4,15,364
37.5,1,5,0,342
37.5,1,5,1,344
37.5,1,5,2,345
37.5,1,5,3,347
37.5,1,5,4,349
37.5,1,5,5,350
37.5,1,5,6,352
37.5,1,5,7,353
37.5,1,5,8,355
37.5,1,5,9,357
37.5,1,5,10,358
37.5,1,5,11,360
37.5,1,5,12,361
37.5,1,5,13,363
37.5,1,5,14,365
37.5,1,5,15,366
37.5,1,6,0,344
37.5,1,6,1,345
37.5,1,6,2,347
37.5,1,6,3,349
37.5,1,6,4,350
37.5,1,6,5,352
37.5,1,6,6,354
37.5,1,6,7,355
37.5,1,6,8,357
37.5,1,6,9,359
37.5,1,6,10,360
37.5,1,6,11,362
37.5,1,6,12,363
37.5,1,6,13,365
37.5,1,6,14,367
37.5,1,6,15,368
37.5,1,7,0,346
37.5,1,7,1,347
37.5,1,7,2,349
37.5,1,7,3,351
37.5,1,7,4,352
37.5,1,7,5,354
37.5,1,7,6,356
37.5,1,7,7,357
37.5,1,7,8,359
37.5,1,7,9,361
37.5,1,7,10,362
37.5,1,7,11,364
37.5,1,7,12,366
37.5,1,7,13,367
37.5,1,7,14,369
37.5,1,7,15,370
37.5,1,8,0,348
37.5,1,8,1,349
37.5,1,8,2,351
37.5,1,8,3,353
37.5,1,8,4,354
37.5,1,8,5,356
37.5,1,8,6,358
37.5,1,8,7,359
37.5,1,8,8,361
37.5,1,8,9,363
37.5,1,8,10,364
37.5,1,8,11,366
37.5,1,8,12,368
37.5,1,8,13,369
37.5,1,8,14,371
37.5,1,8,15,372
37.5,1,9,0,350
37.5,1,9,1,351
37.5,1,9,2,353
37.5,1,9,3,355
37.5,1,9,4,356
37.5,1,9,5,358
37.5,1,9,6,360
37.5,1,9,7,361
37.5,1,9,8,363
37.5,1,9,9,365
37.5,1,9,10,366
37.5,1,9,11,368
37.5,1,9,12,370
37.5,1,9,13,371
37.5,1,9,14,373
37.5,1,9,15,374
37.5,1,10,0,351
37.5,1,10,1,353
37.5,1,10,2,355
37.5,1,10,3,357
37.5,1,10,4,358
37.5,1,10,5,360
37.5,1,10,6,362
37.5,1,10,7,363
37.5,1,10,8,365
37.5,1,10,9,367
37.5,1,10,10,368
37.5,1,10,11,370
37.5,1,10,12,372
37.5,1,10,13,373
37.5,1,10,14,375
37.5,1,10,15,376
37.5,1,11,0,353
37.5,1,11,1,355
37.5,1,11,2,357
37.5,1,11,3,359
37.5,1,11,4,360
37.5,1,11,5,362
37.5,1,11,6,364
37.5,1,11,7,365
37.5,1,11,8,367
37.5,1,11,9,369
37.5,1,11,10,370
37.5,1,11,11,372
37.5,1,11,12,374
37.5,1,11,13,375
37.5,1,11,14,377
37.5,1,11,15,378
37.5,1,12,0,355
37.5,1,12,1,357
37.5,1,12,2,359
37.5,1,12,3,360
37.5,1,12,4,362
37.5,1,12,5,364
37.5,1,12,6,366
37.5,1,12,7,367
37.5,1,12,8,369
37.5,1,12,9,371
37.5,1,12,10,372
37.5,1,12,11,374
37.5,1,12,12,376
37.5,1,12,13,377
37.5,1,12,14,379
37.5,1,12,15,380
37.5,1,13,0,357
37.5,1,13,1,359
37.5,1,13,2,361
37.5,1,13,3,362
37.5,1,13,4,364
37.5,1,13,5,366
37.5,1,13,6,367
37.5,1,13,7,369
37.5,1,13,8,371
37.5,1,13,9,373
37.5,1,13,10,374
37.5,1,13,11,376
37.5,1,13,12,378
37.5,1,13,13,379
37.5,1,13,14,381
37.5,1,13,15,382
37.5,1,14,0,359
37.5,1,14,1,361
37.5,1,14,2,362
37.5,1,14,3,364
37.5,1,14,4,366
37.5,1,14,5,368
37.5,1,14,6,369
37.5,1,14,7,371
37.5,1,14,8,373
37.5,1,14,9,374
37.5,1,14,10,376
37.5,1,14,11,378
37.5,1,14,12,380
37.5,1,14,13,381
37.5,1,14,14,383
37.5,1,14,15,384
37.5,1,15,0,361
37.5,1,15,1,363
37.5,1,15,2,364
37.5,1,15,3,366
37.5,1,15,4,368
37.5,1,15,5,370
37.5,1,15,6,371
37.5,1,15,7,373
37.5,1,15,8,375
37.5,1,15,9,376
37.5,1,15,10,378
37.5,1,15,11,380
37.5,1,15,12,381
37.5,1,15,13,383
37.5,1,15,14,385
37.5,1,15,15,386
37.5,2,0,0,338
37.5,2,0,1,339
37.5,2,0,2,341
37.5,2,0,3,342
37.5,2,0,4,344
37.5,2,0,5,346
37.5,2,0,6,347
37.5,2,0,7,349
37.5,2,0,8,351
37.5,2,0,9,352
37.5,2,0,10,354
37.5,2,0,11,355
37.5,2,0,12,357
37.5,2,0,13,358
37.5,2,0,14,360
37.5,2,0,15,362
37.5,2,1,0,340
37.5,2,1,1,341
37.5,2,1,2,343
37.5,2,1,3,345
37.5,2,1,4,346
37.5,2,1,5,348
37.5,2,1,6,349
37.5,2,1,7,351
37.5,2,1,8,353
37.5,2,1,9,354
37.5,2,1,10,356
37.5,2,1,11,357
37.5,2,1,12,359
37.5,2,1,13,361
37.5,2,1,14,362
37.5,2,1,15,364
37.5,2,2,0,342
37.5,2,2,1,343
37.5,2,2,2,345
37.5,2,2,3,347
37.5,2,2,4,348
37.5,2,2,5,350
37.5,2,2,6,352
37.5,2,2,7,353
37.5,2,2,8,355
37.5,2,2,9,356
37.5,2,2,10,358
37.5,2,2,11,360
37.5,2,2,12,361
37.5,2,2,13,363
37.5,2,2,14,364
37.5,2,2,15,366
37.5,2,3,0,344
37.5,2,3,1,345
37.5,2,3,2,347
37.5,2,3,3,349
37.5,2,3,4,350
37.5,2,3,5,352
37.5,2,3,6,354
37.5,2,3,7,355
37.5,2,3,8,357
37.5,2,3,9,358
37.5,2,3,10,360
37.5,2,3,11,362
37.5,2,3,12,363
37.5,2,3,13,365
37.5,2,3,14,366
37.5,2,3,15,368
37.5,2,4,0,346
37.5,2,4,1,347
37.5,2,4,2,349
37.5,2,4,3,351
37.5,2,4,4,352
37.5,2,4,5,354
37.5,2,4,6,356
37.5,2,4,7,357
37.5,2,4,8,359
37.5,2,4,9,361
37.5,2,4,10,362
37.5,2,4,11,364
37.5,2,4,12,365
37.5,2,4,13,367
37.5,2,4,14,369
37.5,2,4,15,370
37.5,2,5,0,348
37.5,2,5,1,349
37.5,2,5,2,351
37.5,2,5,3,353
37.5,2,5,4,354
37.5,2,5,5,356
37.5,2,5,6,358
37.5,2,5,7,359
37.5,2,5,8,361
37.5,2,5,9,363
37.5,2,5,10,364
37.5,2,5,11,366
37.5,2,5,12,367
37.5,2,5,13,369
37.5,2,5,14,371
37.5,2,5,15,372
37.5,2,6,0,350
37.5,2,6,1,351
37.5,2,6,2,353
37.5,2,6,3,355
37.5,2,6,4,356
37.5,2,6,5,358
37.5,2,6,6,360
37.5,2,6,7,361
37.5,2,6,8,363
37.5,2,6,9,365
37.5,2,6,10,366
37.5,2,6,11,368
37.5,2,6,12,370
37.5,2,6,13,371
37.5,2,6,14,373
37.5,2,6,15,374
37.5,2,7,0,352
37.5,2,7,1,353
37.5,2,7,2,355
37.5,2,7,3,357
37.5,2,7,4,358
37.5,2,7,5,360
37.5,2,7,6,362
37.5,2,7,7,363
37.5,2,7,8,365
37.5,2,7,9,367
37.5,2,7,10,368
37.5,2,7,11,370
37.5,2,7,12,372
37.5,2,7,13,373
37.5,2,7,14,375
37.5,2,7,15,376
37.5,2,8,0,353
37.5,2,8,1,355
37.5,2,8,2,357
37.5,2,8,3,359
37.5,2,8,4,360
37.5,2,8,5,362
37.5,2,8,6,364
37.5,2,8,7,365
37.5,2,8,8,367
37.5,2,8,9,369
37.5,2,8,10,370
37.5,2,8,11,372
37.5,2,8,12,374
37.5,2,8,13,375
37.5,2,8,14,377
37.5,2,8,15,379
37.5,2,9,0,355
37.5,2,9,1,357
37.5,2,9,2,359
37.5,2,9,3,361
37.5,2,9,4,362
37.5,2,9,5,364
37.5,2,9,6,366
37.5,2,9,7,367
37.5,2,9,8,369
37.5,2,9,9,371
37.5,2,9,10,372
37.5,2,9,11,374
37.5,2,9,12,376
37.5,2,9,13,377
37.5,2,9,14,379
37.5,2,9,15,381
37.5,2,10,0,357
37.5,2,10,1,359
37.5,2,10,2,361
37.5,2,10,3,363
37.5,2,10,4,364
37.5,2,10,5,366
37.5,2,10,6,368
37.5,2,10,7,369
37.5,2,10,8,371
37.5,2,10,9,373
37.5,2,10,10,374
37.5,2,10,11,376
37.5,2,10,12,378
37.5,2,10,13,379
37.5,2,10,14,381
37.5,2,10,15,383
37.5,2,11,0,359
37.5,2,11,1,361
37.5,2,11,2,363
37.5,2,11,3,364
37.5,2,11,4,366
37.5,2,11,5,368
37.5,2,11,6,370
37.5,2,11,7,371
37.5,2,11,8,373
37.5,2,11,9,375
37.5,2,11,10,376
37.5,2,11,11,378
37.5,2,11,12,380
37.5,2,11,13,381
37.5,2,11,14,383
37.5,2,11,15,385
37.5,2,12,0,361
37.5,2,12,1,363
37.5,2,12,2,365
37.5,2,12,3,366
37.5,2,12,4,368
37.5,2,12,5,370
37.5,2,12,6,372
37.5,2,12,7,373
37.5,2,12,8,375
37.5,2,12,9,377
37.5,2,12,10,378
37.5,2,12,11,380
37.5,2,12,12,382
37.5,2,12,13,384
37.5,2,12,14,385
37.5,2,12,15,387
37.5,2,13,0,363
37.5,2,13,1,365
37.5,2,13,2,367
37.5,2,13,3,368
37.5,2,13,4,370
37.5,2,13,5,372
37.5,2,13,6,374
37.5,2,13,7,375
37.5,2,13,8,377
37.5,2,13,9,379
37.5,2,13,10,380
37.5,2,13,11,382
37.5,2,13,12,384
37.5,2,13,13,386
37.5,2,13,14,387
37.5,2,13,15,389
37.5,2,14,0,365
37.5,2,14,1,367
37.5,2,14,2,369
37.5,2,14,3,370
37.5,2,14,4,372
37.5,2,14,5,374
37.5,2,14,6,376
37.5,2,14,7,377
37.5,2,14,8,379
37.5,2,14,9,381
37.5,2,14,10,382
37.5,2,14,11,384
37.5,2,14,12,386
37.5,2,14,13,388
37.5,2,14,14,389
37.5,2,14,15,391
37.5,2,15,0,367
37.5,2,15,1,369
37.5,2,15,2,370
37.5,2,15,3,372
37.5,2,15,4,374
37.5,2,15,5,376
37.5,2,15,6,377
37.5,2,15,7,379
37.5,2,15,8,381
37.5,2,15,9,383
37.5,2,15,10,384
37.5,2,15,11,386
37.5,2,15,12,388
37.5,2,15,13,390
37.5,2,15,14,391
37.5,2,15,15,393
37.5,3,0,0,343
37.5,3,0,1,345
37.5,3,0,2,346
37.5,3,0,3,348
37.5,3,0,4,350
37.5,3,0,5,351
37.5,3,0,6,353
37.5,3,0,7,355
37.5,3,0,8,356
37.5,3,0,9,358
37.5,3,0,10,360
37.5,3,0,11,361
37.5,3,0,12,363
37.5,3,0,13,364
37.5,3,0,14,366
37.5,3,0,15,367
37.5,3,1,0,345
37.5,3,1,1,347
37.5,3,1,2,349
37.5,3,1,3,350
37.5,3,1,4,352
37.5,3,1,5,354
37.5,3,1,6,355
37.5,3,1,7,357
37.5,3,1,8,358
37.5,3,1,9,360
37.5,3,1,10,362
37.5,3,1,11,363
37.5,3,1,12,365
37.5,3,1,13,367
37.5,3,1,14,368
37.5,3,1,15,370
37.5,3,2,0,347
37.5,3,2,1,349
37.5,3,2,2,351
37.5,3,2,3,352
37.5,3,2,4,354
37.5,3,2,5,356
37.5,3,2,6,357
37.5,3,2,7,359
37.5,3,2,8,361
37.5,3,2,9,362
37.5,3,2,10,364
37.5,3,2,11,365
37.5,3,2,12,367
37.5,3,2,13,369
37.5,3,2,14,370
37.5,3,2,15,372
37.5,3,3,0,349
37.5,3,3,1,351
37.5,3,3,2,353
37.5,3,3,3,354
37.5,3,3,4,356
37.5,3,3,5,358
37.5,3,3,6,359
37.5,3,3,7,361
37.5,3,3,8,363
37.5,3,3,9,364
37.5,3,3,10,366
37.5,3,3,11,368
37.5,3,3,12,369
37.5,3,3,13,371
37.5,3,3,14,372
37.5,3,3,15,374
37.5,3,4,0,351
37.5,3,4,1,353
37.5,3,4,2,355
37.5,3,4,3,356
37.5,3,4,4,358
37.5,3,4,5,360
37.5,3,4,6,361
37.5,3,4,7,363
37.5,3,4,8,365
37.5,3,4,9,366
37.5,3,4,10,368
37.5,3,4,11,370
37.5,3,4,12,371
37.5,3,4,13,373
37.5,3,4,14,375
37.5,3,4,15,376
37.5,3,5,0,353
37.5,3,5,1,355
37.5,3,5,2,357
37.5,3,5,3,358
37.5,3,5,4,360
37.5,3,5,5,362
37.5,3,5,6,364
37.5,3,5,7,365
37.5,3,5,8,367
37.5,3,5,9,369
37.5,3,5,10,370
37.5,3,5,11,372
37.5,3,5,12,374
37.5,3,5,13,375
37.5,3,5,14,377
37.5,3,5,15,378
37.5,3,6,0,355
37.5,3,6,1,357
37.5,3,6,2,359
37.5,3,6,3,360
37.5,3,6,4,362
37.5,3,6,5,364
37.5,3,6,6,366
37.5,3,6,7,367
37.5,3,6,8,369
37.5,3,6,9,371
37.5,3,6,10,372
37.5,3,6,11,374
37.5,3,6,12,376
37.5,3,6,13,377
37.5,3,6,14,379
37.5,3,6,15,381
37.5,3,7,0,357
37.5,3,7,1,359
37.5,3,7,2,361
37.5,3,7,3,362
37.5,3,7,4,364
37.5,3,7,5,366
37.5,3,7,6,368
37.5,3,7,7,369
37.5,3,7,8,371
37.5,3,7,9,373
37.5,3,7,10,374
37.5,3,7,11,376
37.5,3,7,12,378
37.5,3,7,13,379
37.5,3,7,14,381
37.5,3,7,15,383
37.5,3,8,0,359
37.5,3,8,1,361
37.5,3,8,2,363
37.5,3,8,3,365
37.5,3,8,4,366
37.5,3,8,5,368
37.5,3,8,6,370
37.5,3,8,7,371
37.5,3,8,8,373
37.5,3,8,9,375
37.5,3,8,10,376
37.5,3,8,11,378
37.5,3,8,12,380
37.5,3,8,13,381
37.5,3,8,14,383
37.5,3,8,15,385
37.5,3,9,0,361
37.5,3,9,1,363
37.5,3,9,2,365
37.5,3,9,3,367
37.5,3,9,4,368
37.5,3,9,5,370
37.5,3,9,6,372
37.5,3,9,7,373
37.5,3,9,8,375
37.5,3,9,9,377
37.5,3,9,10,379
37.5,3,9,11,380
37.5,3,9,12,382
37.5,3,9,13,384
37.5,3,9,14,385
37.5,3,9,15,387
37.5,3,10,0,363
37.5,3,10,1,365
37.5,3,10,2,367
37.5,3,10,3,368
37.5,3,10,4,370
37.5,3,10,5,372
37.5,3,10,6,374
37.5,3,10,7,375
37.5,3,10,8,377
37.5,3,10,9,379
37.5,3,10,10,381
37.5,3,10,11,382
37.5,3,10,12,384
37.5,3,10,13,386
37.5,3,10,14,387
37.5,3,10,15,389
37.5,3,11,0,365
37.5,3,11,1,367
37.5,3,11,2,369
37.5,3,11,3,370
37.5,3,11,4,372
37.5,3,11,5,374
37.5,3,11,6,376
37.5,3,11,7,377
37.5,3,11,8,379
37.5,3,11,9,381
37.5,3,11,10,383
37.5,3,11,11,384
37.5,3,11,12,386
37.5,3,11,13,388
37.5,3,11,14,389
37.5,3,11,15,391
37.5,3,12,0,367
37.5,3,12,1,369
37.5,3,12,2,371
37.5,3,12,3,372
37.5,3,12,4,374
37.5,3,12,5,376
37.5,3,12,6,378
37.5,3,12,7,379
37.5,3,12,8,381
37.5,3,12,9,383
37.5,3,12,10,385
37.5,3,12,11,386
37.5,3,12,12,388
37.5,3,12,13,390
37.5,3,12,14,391
37.5,3,12,15,393
37.5,3,13,0,369
37.5,3,13,1,371
37.5,3,13,2,373
37.5,3,13,3,374
37.5,3,13,4,376
37.5,3,13,5,378
37.5,3,13,6,380
37.5,3,13,7,381
37.5,3,13,8,383
37.5,3,13,9,385
37.5,3,13,10,387
37.5,3,13,11,388
37.5,3,13,12,390
37.5,3,13,13,392
37.5,3,13,14,394
37.5,3,13,15,395
37.5,3,14,0,371
37.5,3,14,1,373
37.5,3,14,2,375
37.5,3,14,3,376
37.5,3,14,4,378
37.5,3,14,5,380
37.5,3,14,6,382
37.5,3,14,7,383
37.5,3,14,8,385
37.5,3,14,9,387
37.5,3,14,10,389
37.5,3,14,11,390
37.5,3,14,12,392
37.5,3,14,13,394
37.5,3,14,14,396
37.5,3,14,15,397
37.5,3,15,0,373
37.5,3,15,1,375
37.5,3,15,2,376
37.5,3,15,3,378
37.5,3,15,4,380
37.5,3,15,5,382
37.5,3,15,6,384
37.5,3,15,7,385
37.5,3,15,8,387
37.5,3,15,9,389
37.5,3,15,10,391
37.5,3,15,11,392
37.5,3,15,12,394
37.5,3,15,13,396
37.5,3,15,14,398
37.5,3,15,15,399
37.5,4,0,0,349
37.5,4,0,1,350
37.5,4,0,2,352
37.5,4,0,3,354
37.5,4,0,4,355
37.5,4,0,5,357
37.5,4,0,6,359
37.5,4,0,7,360
37.5,4,0,8,362
37.5,4,0,9,364
37.5,4,0,10,365
37.5,4,0,11,367
37.5,4,0,12,369
37.5,4,0,13,370
37.5,4,0,14,372
37.5,4,0,15,373
37.5,4,1,0,351
37.5,4,1,1,352
37.5,4,1,2,354
37.5,4,1,3,356
37.5,4,1,4,358
37.5,4,1,5,359
37.5,4,1,6,361
37.5,4,1,7,363
37.5,4,1,8,364
37.5,4,1,9,366
37.5,4,1,10,368
37.5,4,1,11,369
37.5,4,1,12,371
37.5,4,1,13,372
37.5,4,1,14,374
37.5,4,1,15,376
37.5,4,2,0,353
37.5,4,2,1,355
37.5,4,2,2,356
37.5,4,2,3,358
37.5,4,2,4,360
37.5,4,2,5,361
37.5,4,2,6,363
37.5,4,2,7,365
37.5,4,2,8,366
37.5,4,2,9,368
37.5,4,2,10,370
37.5,4,2,11,371
37.5,4,2,12,373
37.5,4,2,13,375
37.5,4,2,14,376
37.5,4,2,15,378
37.5,4,3,0,355
37.5,4,3,1,357
37.5,4,3,2,358
37.5,4,3,3,360
37.5,4,3,4,362
37.5,4,3,5,363
37.5,4,3,6,365
37.5,4,3,7,367
37.5,4,3,8,369
37.5,4,3,9,370
37.5,4,3,10,372
37.5,4,3,11,374
37.5,4,3,12,375
37.5,4,3,13,377
37.5,4,3,14,378
37.5,4,3,15,380
37.5,4,4,0,357
37.5,4,4,1,359
37.5,4,4,2,360
37.5,4,4,3,362
37.5,4,4,4,364
37.5,4,4,5,366
37.5,4,4,6,367
37.5,4,4,7,369
37.5,4,4,8,371
37.5,4,4,9,372
37.5,4,4,10,374
37.5,4,4,11,376
37.5,4,4,12,377
37.5,4,4,13,379
37.5,4,4,14,381
37.5,4,4,15,382
37.5,4,5,0,359
37.5,4,5,1,361
37.5,4,5,2,362
37.5,4,5,3,364
37.5,4,5,4,366
37.5,4,5,5,368
37.5,4,5,6,369
37.5,4,5,7,371
37.5,4,5,8,373
37.5,4,5,9,375
37.5,4,5,10,376
37.5,4,5,11,378
37.5,4,5,12,380
37.5,4,5,13,381
37.5,4,5,14,383
37.5,4,5,15,385
37.5,4,6,0,361
37.5,4,6,1,363
37.5,4,6,2,365
37.5,4,6,3,366
37.5,4,6,4,368
37.5,4,6,5,370
37.5,4,6,6,372
37.5,4,6,7,373
37.5,4,6,8,375
37.5,4,6,9,377
37.5,4,6,10,378
37.5,4,6,11,380
37.5,4,6,12,382
37.5,4,6,13,383
37.5,4,6,14,385
37.5,4,6,15,387
37.5,4,7,0,363
37.5,4,7,1,365
37.5,4,7,2,367
37.5,4,7,3,368
37.5,4,7,4,370
37.5,4,7,5,372
37.5,4,7,6,374
37.5,4,7,7,375
37.5,4,7,8,377
37.5,4,7,9,379
37.5,4,7,10,380
37.5,4,7,11,382
37.5,4,7,12,384
37.5,4,7,13,386
37.5,4,7,14,387
37.5,4,7,15,389
37.5,4,8,0,365
37.5,4,8,1,367
37.5,4,8,2,369
37.5,4,8,3,370
37.5,4,8,4,372
37.5,4,8,5,374
37.5,4,8,6,376
37.5,4,8,7,377
37.5,4,8,8,379
37.5,4,8,9,381
37.5,4,8,10,383
37.5,4,8,11,384
37.5,4,8,12,386
37.5,4,8,13,388
37.5,4,8,14,389
37.5,4,8,15,391
37.5,4,9,0,367
37.5,4,9,1,369
37.5,4,9,2,371
37.5,4,9,3,372
37.5,4,9,4,374
37.5,4,9,5,376
37.5,4,9,6,378
37.5,4,9,7,379
37.5,4,9,8,381
37.5,4,9,9,383
37.5,4,9,10,385
37.5,4,9,11,386
37.5,4,9,12,388
37.5,4,9,13,390
37.5,4,9,14,391
37.5,4,9,15,393
37.5,4,10,0,369
37.5,4,10,1,371
37.5,4,10,2,373
37.5,4,10,3,374
37.5,4,10,4,376
37.5,4,10,5,378
37.5,4,10,6,380
37.5,4,10,7,382
37.5,4,10,8,383
37.5,4,10,9,385
37.5,4,10,10,387
37.5,4,10,11,388
37.5,4,10,12,390
37.5,4,10,13,392
37.5,4,10,14,394
37.5,4,10,15,395
37.5,4,11,0,371
37.5,4,11,1,373
37.5,4,11,2,375
37.5,4,11,3,376
37.5,4,11,4,378
37.5,4,11,5,380
37.5,4,11,6,382
37.5,4,11,7,384
37.5,4,11,8,385
37.5,4,11,9,387
37.5,4,11,10,389
37.5,4,11,11,391
37.5,4,11,12,392
37.5,4,11,13,394
37.5,4,11,14,396
37.5,4,11,15,397
37.5,4,12,0,373
37.5,4,12,1,375
37.5,4,12,2,377
37.5,4,12,3,378
37.5,4,12,4,380
37.5,4,12,5,382
37.5,4,12,6,384
37.5,4,12,7,386
37.5,4,12,8,387
37.5,4,12,9,389
37.5,4,12,10,391
37.5,4,12,11,393
37.5,4,12,12,394
37.5,4,12,13,396
37.5,4,12,14,398
37.5,4,12,15,400
37.5,4,13,0,375
37.5,4,13,1,377
37.5,4,13,2,379
37.5,4,13,3,380
37.5,4,13,4,382
37.5,4,13,5,384
37.5,4,13,6,386
37.5,4,13,7,388
37.5,4,13,8,389
37.5,4,13,9,391
37.5,4,13,10,393
37.5,4,13,11,395
37.5,4,13,12,396
37.5,4,13,13,398
37.5,4,13,14,400
37.5,4,13,15,402
37.5,4,14,0,377
37.5,4,14,1,379
37.5,4,14,2,381
37.5,4,14,3,382
37.5,4,14,4,384
37.5,4,14,5,386
37.5,4,14,6,388
37.5,4,14,7,390
37.5,4,14,8,391
37.5,4,14,9,393
37.5,4,14,10,395
37.5,4,14,11,397
37.5,4,14,12,399
37.5,4,14,13,400
37.5,4,14,14,402
37.5,4,14,15,404
37.5,4,15,0,379
37.5,4,15,1,381
37.5,4,15,2,383
37.5,4,15,3,384
37.5,4,15,4,386
37.5,4,15,5,388
37.5,4,15,6,390
37.5,4,15,7,392
37.5,4,15,8,393
37.5,4,15,9,395
37.5,4,15,10,397
37.5,4,15,11,399
37.5,4,15,12,401
37.5,4,15,13,402
37.5,4,15,14,404
37.5,4,15,15,406
37.5,5,0,0,354
37.5,5,0,1,356
37.5,5,0,2,358
37.5,5,0,3,359
37.5,5,0,4,361
37.5,5,0,5,363
37.5,5,0,6,364
37.5,5,0,7,366
37.5,5,0,8,368
37.5,5,0,9,369
37.5,5,0,10,371
37.5,5,0,11,373
37.5,5,0,12,374
37.5,5,0,13,376
37.5,5,0,14,378
37.5,5,0,15,379
37.5,5,1,0,356
37.5,5,1,1,358
37.5,5,1,2,360
37.5,5,1,3,362
37.5,5,1,4,363
37.5,5,1,5,365
37.5,5,1,6,367
37.5,5,1,7,368
37.5,5,1,8,370
37.5,5,1,9,372
37.5,5,1,10,373
37.5,5,1,11,375
37.5,5,1,12,377
37.5,5,1,13,378
37.5,5,1,14,380
37.5,5,1,15,382
37.5,5,2,0,358
37.5,5,2,1,360
37.5,5,2,2,362
37.5,5,2,3,364
37.5,5,2,4,365
37.5,5,2,5,367
37.5,5,2,6,369
37.5,5,2,7,371
37.5,5,2,8,372
37.5,5,2,9,374
37.5,5,2,10,376
37.5,5,2,11,377
37.5,5,2,12,379
37.5,5,2,13,381
37.5,5,2,14,382
37.5,5,2,15,384
37.5,5,3,0,361
37.5,5,3,1,362
37.5,5,3,2,364
37.5,5,3,3,366
37.5,5,3,4,368
37.5,5,3,5,369
37.5,5,3,6,371
37.5,5,3,7,373
37.5,5,3,8,374
37.5,5,3,9,376
37.5,5,3,10,378
37.5,5,3,11,379
37.5,5,3,12,381
37.5,5,3,13,383
37.5,5,3,14,384
37.5,5,3,15,386
37.5,5,4,0,363
37.5,5,4,1,364
37.5,5,4,2,366
37.5,5,4,3,368
37.5,5,4,4,370
37.5,5,4,5,371
37.5,5,4,6,373
37.5,5,4,7,375
37.5,5,4,8,377
37.5,5,4,9,378
37.5,5,4,10,380
37.5,5,4,11,382
37.5,5,4,12,383
37.5,5,4,13,385
37.5,5,4,14,387
37.5,5,4,15,388
37.5,5,5,0,365
37.5,5,5,1,366
37.5,5,5,2,368
37.5,5,5,3,370
37.5,5,5,4,372
37.5,5,5,5,374
37.5,5,5,6,375
37.5,5,5,7,377
37.5,5,5,8,379
37.5,5,5,9,380
37.5,5,5,10,382
37.5,5,5,11,384
37.5,5,5,12,386
37.5,5,5,13,387
37.5,5,5,14,389
37.5,5,5,15,391
37.5,5,6,0,367
37.5,5,6,1,369
37.5,5,6,2,370
37.5,5,6,3,372
37.5,5,6,4,374
37.5,5,6,5,376
37.5,5,6,6,377
37.5,5,6,7,379
37.5,5,6,8,381
37.5,5,6,9,383
37.5,5,6,10,384
37.5,5,6,11,386
37.5,5,6,12,388
37.5,5,6,13,389
37.5,5,6,14,391
37.5,5,6,15,393
37.5,5,7,0,369
37.5,5,7,1,371
37.5,5,7,2,372
37.5,5,7,3,374
37.5,5,7,4,376
37.5,5,7,5,378
37.5,5,7,6,380
37.5,5,7,7,381
37.5,5,7,8,383
37.5,5,7,9,385
37.5,5,7,10,386
37.5,5,7,11,388
37.5,5,7,12,390
37.5,5,7,13,392
37.5,5,7,14,393
37.5,5,7,15,395
37.5,5,8,0,371
37.5,5,8,1,373
37.5,5,8,2,374
37.5,5,8,3,376
37.5,5,8,4,378
37.5,5,8,5,380
37.5,5,8,6,382
37.5,5,8,7,383
37.5,5,8,8,385
37.5,5,8,9,387
37.5,5,8,10,389
37.5,5,8,11,390
37.5,5,8,12,392
37.5,5,8,13,394
37.5,5,8,14,396
37.5,5,8,15,397
37.5,5,9,0,373
37.5,5,9,1,375
37.5,5,9,2,377
37.5,5,9,3,378
37.5,5,9,4,380
37.5,5,9,5,382
37.5,5,9,6,384
37.5,5,9,7,385
37.5,5,9,8,387
37.5,5,9,9,389
37.5,5,9,10,391
37.5,5,9,11,393
37.5,5,9,12,394
37.5,5,9,13,396
37.5,5,9,14,398
37.5,5,9,15,399
37.5,5,10,0,375
37.5,5,10,1,377
37.5,5,10,2,379
37.5,5,10,3,380
37.5,5,10,4,382
37.5,5,10,5,384
37.5,5,10,6,386
37.5,5,10,7,388
37.5,5,10,8,389
37.5,5,10,9,391
37.5,5,10,10,393
37.5,5,10,11,395
37.5,5,10,12,396
37.5,5,10,13,398
37.5,5,10,14,400
37.5,5,10,15,402
37.5,5,11,0,377
37.5,5,11,1,379
37.5,5,11,2,381
37.5,5,11,3,382
37.5,5,11,4,384
37.5,5,11,5,386
37.5,5,11,6,388
37.5,5,11,7,390
37.5,5,11,8,391
37.5,5,11,9,393
37.5,5,11,10,395
37.5,5,11,11,397
37.5,5,11,12,399
37.5,5,11,13,400
37.5,5,11,14,402
37.5,5,11,15,404
37.5,5,12,0,379
37.5,5,12,1,381
37.5,5,12,2,383
37.5,5,12,3,384
37.5,5,12,4,386
37.5,5,12,5,388
37.5,5,12,6,390
37.5,5,12,7,392
37.5,5,12,8,394
37.5,5,12,9,395
37.5,5,12,10,397
37.5,5,12,11,399
37.5,5,12,12,401
37.5,5,12,13,402
37.5,5,12,14,404
37.5,5,12,15,406
37.5,5,13,0,381
37.5,5,13,1,383
37.5,5,13,2,385
37.5,5,13,3,386
37.5,5,13,4,388
37.5,5,13,5,390
37.5,5,13,6,392
37.5,5,13,7,394
37.5,5,13,8,396
37.5,5,13,9,397
37.5,5,13,10,399
37.5,5,13,11,401
37.5,5,13,12,403
37.5,5,13,13,405
37.5,5,13,14,406
37.5,5,13,15,408
37.5,5,14,0,383
37.5,5,14,1,385
37.5,5,14,2,387
37.5,5,14,3,389
37.5,5,14,4,390
37.5,5,14,5,392
37.5,5,14,6,394
37.5,5,14,7,396
37.5,5,14,8,398
37.5,5,14,9,399
37.5,5,14,10,401
37.5,5,14,11,403
37.5,5,14,12,405
37.5,5,14,13,407
37.5,5,14,14,408
37.5,5,14,15,410
37.5,5,15,0,385
37.5,5,15,1,387
37.5,5,15,2,389
37.5,5,15,3,391
37.5,5,15,4,392
37.5,5,15,5,394
37.5,5,15,6,396
37.5,5,15,7,398
37.5,5,15,8,400
37.5,5,15,9,402
37.5,5,15,10,403
37.5,5,15,11,405
37.5,5,15,12,407
37.5,5,15,13,409
37.5,5,15,14,410
37.5,5,15,15,412
37.5,6,0,0,360
37.5,6,0,1,361
37.5,6,0,2,363
37.5,6,0,3,365
37.5,6,0,4,367
37.5,6,0,5,368
37.5,6,0,6,370
37.5,6,0,7,372
37.5,6,0,8,374
37.5,6,0,9,375
37.5,6,0,10,377
37.5,6,0,11,379
37.5,6,0,12,380
37.5,6,0,13,382
37.5,6,0,14,384
37.5,6,0,15,385
37.5,6,1,0,362
37.5,6,1,1,364
37.5,6,1,2,365
37.5,6,1,3,367
37.5,6,1,4,369
37.5,6,1,5,371
37.5,6,1,6,372
37.5,6,1,7,374
37.5,6,1,8,376
37.5,6,1,9,378
37.5,6,1,10,379
37.5,6,1,11,381
37.5,6,1,12,383
37.5,6,1,13,384
37.5,6,1,14,386
37.5,6,1,15,388
37.5,6,2,0,364
37.5,6,2,1,366
37.5,6,2,2,368
37.5,6,2,3,369
37.5,6,2,4,371
37.5,6,2,5,373
37.5,6,2,6,375
37.5,6,2,7,376
37.5,6,2,8,378
37.5,6,2,9,380
37.5,6,2,10,381
37.5,6,2,11,383
37.5,6,2,12,385
37.5,6,2,13,387
37.5,6,2,14,388
37.5,6,2,15,390
37.5,6,3,0,366
37.5,6,3,1,368
37.5,6,3,2,370
37.5,6,3,3,372
37.5,6,3,4,373
37.5,6,3,5,375
37.5,6,3,6,377
37.5,6,3,7,379
37.5,6,3,8,380
37.5,6,3,9,382
37.5,6,3,10,384
37.5,6,3,11,385
37.5,6,3,12,387
37.5,6,3,13,389
37.5,6,3,14,391
37.5,6,3,15,392
37.5,6,4,0,368
37.5,6,4,1,370
37.5,6,4,2,372
37.5,6,4,3,374
37.5,6,4,4,375
37.5,6,4,5,377
37.5,6,4,6,379
37.5,6,4,7,381
37.5,6,4,8,382
37.5,6,4,9,384
37.5,6,4,10,386
37.5,6,4,11,388
37.5,6,4,12,389
37.5,6,4,13,391
37.5,6,4,14,393
37.5,6,4,15,394
37.5,6,5,0,370
37.5,6,5,1,372
37.5,6,5,2,374
37.5,6,5,3,376
37.5,6,5,4,378
37.5,6,5,5,379
37.5,6,5,6,381
37.5,6,5,7,383
37.5,6,5,8,385
37.5,6,5,9,386
37.5,6,5,10,388
37.5,6,5,11,390
37.5,6,5,12,392
37.5,6,5,13,393
37.5,6,5,14,395
37.5,6,5,15,397
37.5,6,6,0,372
37.5,6,6,1,374
37.5,6,6,2,376
37.5,6,6,3,378
37.5,6,6,4,380
37.5,6,6,5,382
37.5,6,6,6,383
37.5,6,6,7,385
37.5,6,6,8,387
37.5,6,6,9,389
37.5,6,6,10,390
37.5,6,6,11,392
37.5,6,6,12,394
37.5,6,6,13,396
37.5,6,6,14,397
37.5,6,6,15,399
37.5,6,7,0,375
37.5,6,7,1,376
37.5,6,7,2,378
37.5,6,7,3,380
37.5,6,7,4,382
37.5,6,7,5,384
37.5,6,7,6,385
37.5,6,7,7,387
37.5,6,7,8,389
37.5,6,7,9,391
37.5,6,7,10,393
37.5,6,7,11,394
37.5,6,7,12,396
37.5,6,7,13,398
37.5,6,7,14,399
37.5,6,7,15,401
37.5,6,8,0,377
37.5,6,8,1,379
37.5,6,8,2,380
37.5,6,8,3,382
37.5,6,8,4,384
37.5,6,8,5,386
37.5,6,8,6,388
37.5,6,8,7,389
37.5,6,8,8,391
37.5,6,8,9,393
37.5,6,8,10,395
37.5,6,8,11,396
37.5,6,8,12,398
37.5,6,8,13,400
37.5,6,8,14,402
37.5,6,8,15,403
37.5,6,9,0,379
37.5,6,9,1,381
37.5,6,9,2,382
37.5,6,9,3,384
37.5,6,9,4,386
37.5,6,9,5,388
37.5,6,9,6,390
37.5,6,9,7,392
37.5,6,9,8,393
37.5,6,9,9,395
37.5,6,9,10,397
37.5,6,9,11,399
37.5,6,9,12,400
37.5,6,9,13,402
37.5,6,9,14,404
37.5,6,9,15,406
37.5,6,10,0,381
37.5,6,10,1,383
37.5,6,10,2,385
37.5,6,10,3,386
37.5,6,10,4,388
37.5,6,10,5,390
37.5,6,10,6,392
37.5,6,10,7,394
37.5,6,10,8,395
37.5,6,10,9,397
37.5,6,10,10,399
37.5,6,10,11,401
37.5,6,10,12,403
37.5,6,10,13,404
37.5,6,10,14,406
37.5,6,10,15,408
37.5,6,11,0,383
37.5,6,11,1,385
37.5,6,11,2,387
37.5,6,11,3,388
37.5,6,11,4,390
37.5,6,11,5,392
37.5,6,11,6,394
37.5,6,11,7,396
37.5,6,11,8,398
37.5,6,11,9,399
37.5,6,11,10,401
37.5,6,11,11,403
37.5,6,11,12,405
37.5,6,11,13,407
37.5,6,11,14,408
37.5,6,11,15,410
37.5,6,12,0,385
37.5,6,12,1,387
37.5,6,12,2,389
37.5,6,12,3,390
37.5,6,12,4,392
37.5,6,12,5,394
37.5,6,12,6,396
37.5,6,12,7,398
37.5,6,12,8,400
37.5,6,12,9,402
37.5,6,12,10,403
37.5,6,12,11,405
37.5,6,12,12,407
37.5,6,12,13,409
37.5,6,12,14,410
37.5,6,12,15,412
37.5,6,13,0,387
37.5,6,13,1,389
37.5,6,13,2,391
37.5,6,13,3,393
37.5,6,13,4,394
37.5,6,13,5,396
37.5,6,13,6,398
37.5,6,13,7,400
37.5,6,13,8,402
37.5,6,13,9,404
37.5,6,13,10,405
37.5,6,13,11,407
37.5,6,13,12,409
37.5,6,13,13,411
37.5,6,13,14,413
37.5,6,13,15,414
37.5,6,14,0,389
37.5,6,14,1,391
37.5,6,14,2,393
37.5,6,14,3,395
37.5,6,14,4,396
37.5,6,14,5,398
37.5,6,14,6,400
37.5,6,14,7,402
37.5,6,14,8,404
37.5,6,14,9,406
37.5,6,14,10,408
37.5,6,14,11,409
37.5,6,14,12,411
37.5,6,14,13,413
37.5,6,14,14,415
37.5,6,14,15,417
37.5,6,15,0,391
37.5,6,15,1,393
37.5,6,15,2,395
37.5,6,15,3,397
37.5,6,15,4,399
37.5,6,15,5,400
37.5,6,15,6,402
37.5,6,15,7,404
37.5,6,15,8,406
37.5,6,15,9,408
37.5,6,15,10,410
37.5,6,15,11,411
37.5,6,15,12,413
37.5,6,15,13,415
37.5,6,15,14,417
37.5,6,15,15,419
37.5,7,0,0,365
37.5,7,0,1,367
37.5,7,0,2,369
37.5,7,0,3,371
37.5,7,0,4,372
37.5,7,0,5,374
37.5,7,0,6,376
37.5,7,0,7,378
37.5,7,0,8,379
37.5,7,0,9,381
37.5,7,0,10,383
37.5,7,0,11,384
37.5,7,0,12,386
37.5,7,0,13,388
37.5,7,0,14,390
37.5,7,0,15,391
37.5,7,1,0,367
37.5,7,1,1,369
37.5,7,1,2,371
37.5,7,1,3,373
37.5,7,1,4,375
37.5,7,1,5,376
37.5,7,1,6,378
37.5,7,1,7,380
37.5,7,1,8,382
37.5,7,1,9,383
37.5,7,1,10,385
37.5,7,1,11,387
37.5,7,1,12,388
37.5,7,1,13,390
37.5,7,1,14,392
37.5,7,1,15,394
37.5,7,2,0,370
37.5,7,2,1,371
37.5,7,2,2,373
37.5,7,2,3,375
37.5,7,2,4,377
37.5,7,2,5,379
37.5,7,2,6,380
37.5,7,2,7,382
37.5,7,2,8,384
37.5,7,2,9,386
37.5,7,2,10,387
37.5,7,2,11,389
37.5,7,2,12,391
37.5,7,2,13,393
37.5,7,2,14,394
37.5,7,2,15,396
37.5,7,3,0,372
37.5,7,3,1,374
37.5,7,3,2,375
37.5,7,3,3,377
37.5,7,3,4,379
37.5,7,3,5,381
37.5,7,3,6,383
37.5,7,3,7,384
37.5,7,3,8,386
37.5,7,3,9,388
37.5,7,3,10,390
37.5,7,3,11,391
37.5,7,3,12,393
37.5,7,3,13,395
37.5,7,3,14,397
37.5,7,3,15,398
37.5,7,4,0,374
37.5,7,4,1,376
37.5,7,4,2,378
37.5,7,4,3,379
37.5,7,4,4,381
37.5,7,4,5,383
37.5,7,4,6,385
37.5,7,4,7,387
37.5,7,4,8,388
37.5,7,4,9,390
37.5,7,4,10,392
37.5,7,4,11,394
37.5,7,4,12,395
37.5,7,4,13,397
37.5,7,4,14,399
37.5,7,4,15,401
37.5,7,5,0,376
37.5,7,5,1,378
37.5,7,5,2,380
37.5,7,5,3,382
37.5,7,5,4,383
37.5,7,5,5,385
37.5,7,5,6,387
37.5,7,5,7,389
37.5,7,5,8,391
37.5,7,5,9,392
37.5,7,5,10,394
37.5,7,5,11,396
37.5,7,5,12,398
37.5,7,5,13,399
37.5,7,5,14,401
37.5,7,5,15,403
37.5,7,6,0,378
37.5,7,6,1,380
37.5,7,6,2,382
37.5,7,6,3,384
37.5,7,6,4,386
37.5,7,6,5,387
37.5,7,6,6,389
37.5,7,6,7,391
37.5,7,6,8,393
37.5,7,6,9,395
37.5,7,6,10,396
37.5,7,6,11,398
37.5,7,6,12,400
37.5,7,6,13,402
37.5,7,6,14,403
37.5,7,6,15,405
37.5,7,7,0,380
37.5,7,7,1,382
37.5,7,7,2,384
37.5,7,7,3,386
37.5,7,7,4,388
37.5,7,7,5,390
37.5,7,7,6,391
37.5,7,7,7,393
37.5,7,7,8,395
37.5,7,7,9,397
37.5,7,7,10,399
37.5,7,7,11,400
37.5,7,7,12,402
37.5,7,7,13,404
37.5,7,7,14,406
37.5,7,7,15,407
37.5,7,8,0,382
37.5,7,8,1,384
37.5,7,8,2,386
37.5,7,8,3,388
37.5,7,8,4,390
37.5,7,8,5,392
37.5,7,8,6,394
37.5,7,8,7,395
37.5,7,8,8,397
37.5,7,8,9,399
37.5,7,8,10,401
37.5,7,8,11,403
37.5,7,8,12,404
37.5,7,8,13,406
37.5,7,8,14,408
37.5,7,8,15,410
37.5,7,9,0,385
37.5,7,9,1,386
37.5,7,9,2,388
37.5,7,9,3,390
37.5,7,9,4,392
37.5,7,9,5,394
37.5,7,9,6,396
37.5,7,9,7,398
37.5,7,9,8,399
37.5,7,9,9,401
37.5,7,9,10,403
37.5,7,9,11,405
37.5,7,9,12,407
37.5,7,9,13,408
37.5,7,9,14,410
37.5,7,9,15,412
37.5,7,10,0,387
37.5,7,10,1,389
37.5,7,10,2,390
37.5,7,10,3,392
37.5,7,10,4,394
37.5,7,10,5,396
37.5,7,10,6,398
37.5,7,10,7,400
37.5,7,10,8,402
37.5,7,10,9,403
37.5,7,10,10,405
37.5,7,10,11,407
37.5,7,10,12,409
37.5,7,10,13,411
37.5,7,10,14,412
37.5,7,10,15,414
37.5,7,11,0,389
37.5,7,11,1,391
37.5,7,11,2,393
37.5,7,11,3,394
37.5,7,11,4,396
37.5,7,11,5,398
37.5,7,11,6,400
37.5,7,11,7,402
37.5,7,11,8,404
37.5,7,11,9,406
37.5,7,11,10,407
37.5,7,11,11,409
37.5,7,11,12,411
37.5,7,11,13,413
37.5,7,11,14,415
37.5,7,11,15,416
37.5,7,12,0,391
37.5,7,12,1,393
37.5,7,12,2,395
37.5,7,12,3,397
37.5,7,12,4,398
37.5,7,12,5,400
37.5,7,12,6,402
37.5,7,12,7,404
37.5,7,12,8,406
37.5,7,12,9,408
37.5,7,12,10,410
37.5,7,12,11,411
37.5,7,12,12,413
37.5,7,12,13,415
37.5,7,12,14,417
37.5,7,12,15,419
37.5,7,13,0,393
37.5,7,13,1,395
37.5,7,13,2,397
37.5,7,13,3,399
37.5,7,13,4,400
37.5,7,13,5,402
37.5,7,13,6,404
37.5,7,13,7,406
37.5,7,13,8,408
37.5,7,13,9,410
37.5,7,13,10,412
37.5,7,13,11,414
37.5,7,13,12,415
37.5,7,13,13,417
37.5,7,13,14,419
37.5,7,13,15,421
37.5,7,14,0,395
37.5,7,14,1,397
37.5,7,14,2,399
37.5,7,14,3,401
37.5,7,14,4,403
37.5,7,14,5,404
37.5,7,14,6,406
37.5,7,14,7,408
37.5,7,14,8,410
37.5,7,14,9,412
37.5,7,14,10,414
37.5,7,14,11,416
37.5,7,14,12,418
37.5,7,14,13,419
37.5,7,14,14,421
37.5,7,14,15,423
37.5,7,15,0,397
37.5,7,15,1,399
37.5,7,15,2,401
37.5,7,15,3,403
37.5,7,15,4,405
37.5,7,15,5,407
37.5,7,15,6,408
37.5,7,15,7,410
37.5,7,15,8,412
37.5,7,15,9,414
37.5,7,15,10,416
37.5,7,15,11,418
37.5,7,15,12,420
37.5,7,15,13,421
37.5,7,15,14,423
37.5,7,15,15,425
37.5,8,0,0,371
37.5,8,0,1,373
37.5,8,0,2,374
37.5,8,0,3,376
37.5,8,0,4,378
37.5,8,0,5,380
37.5,8,0,6,382
37.5,8,0,7,383
37.5,8,0,8,385
37.5,8,0,9,387
37.5,8,0,10,389
37.5,8,0,11,390
37.5,8,0,12,392
37.5,8,0,13,394
37.5,8,0,14,395
37.5,8,0,15,397
37.5,8,1,0,373
37.5,8,1,1,375
37.5,8,1,2,377
37.5,8,1,3,378
37.5,8,1,4,380
37.5,8,1,5,382
37.5,8,1,6,384
37.5,8,1,7,386
37.5,8,1,8,387
37.5,8,1,9,389
37.5,8,1,10,391
37.5,8,1,11,393
37.5,8,1,12,394
37.5,8,1,13,396
37.5,8,1,14,398
37.5,8,1,15,400
37.5,8,2,0,375
37.5,8,2,1,377
37.5,8,2,2,379
37.5,8,2,3,381
37.5,8,2,4,383
37.5,8,2,5,384
37.5,8,2,6,386
37.5,8,2,7,388
37.5,8,2,8,390
37.5,8,2,9,391
37.5,8,2,10,393
37.5,8,2,11,395
37.5,8,2,12,397
37.5,8,2,13,398
37.5,8,2,14,400
37.5,8,2,15,402
37.5,8,3,0,377
37.5,8,3,1,379
37.5,8,3,2,381
37.5,8,3,3,383
37.5,8,3,4,385
37.5,8,3,5,387
37.5,8,3,6,388
37.5,8,3,7,390
37.5,8,3,8,392
37.5,8,3,9,394
37.5,8,3,10,396
37.5,8,3,11,397
37.5,8,3,12,399
37.5,8,3,13,401
37.5,8,3,14,403
37.5,8,3,15,404
37.5,8,4,0,380
37.5,8,4,1,381
37.5,8,4,2,383
37.5,8,4,3,385
37.5,8,4,4,387
37.5,8,4,5,389
37.5,8,4,6,391
37.5,8,4,7,392
37.5,8,4,8,394
37.5,8,4,9,396
37.5,8,4,10,398
37.5,8,4,11,400
37.5,8,4,12,401
37.5,8,4,13,403
37.5,8,4,14,405
37.5,8,4,15,407
37.5,8,5,0,382
37.5,8,5,1,384
37.5,8,5,2,386
37.5,8,5,3,387
37.5,8,5,4,389
37.5,8,5,5,391
37.5,8,5,6,393
37.5,8,5,7,395
37.5,8,5,8,397
37.5,8,5,9,398
37.5,8,5,10,400
37.5,8,5,11,402
37.5,8,5,12,404
37.5,8,5,13,405
37.5,8,5,14,407
37.5,8,5,15,409
37.5,8,6,0,384
37.5,8,6,1,386
37.5,8,6,2,388
37.5,8,6,3,390
37.5,8,6,4,391
37.5,8,6,5,393
37.5,8,6,6,395
37.5,8,6,7,397
37.5,8,6,8,399
37.5,8,6,9,401
37.5,8,6,10,402
37.5,8,6,11,404
37.5,8,6,12,406
37.5,8,6,13,408
37.5,8,6,14,410
37.5,8,6,15,411
37.5,8,7,0,386
37.5,8,7,1,388
37.5,8,7,2,390
37.5,8,7,3,392
37.5,8,7,4,394
37.5,8,7,5,395
37.5,8,7,6,397
37.5,8,7,7,399
37.5,8,7,8,401
37.5,8,7,9,403
37.5,8,7,10,405
37.5,8,7,11,406
37.5,8,7,12,408
37.5,8,7,13,410
37.5,8,7,14,412
37.5,8,7,15,414
37.5,8,8,0,388
37.5,8,8,1,390
37.5,8,8,2,392
37.5,8,8,3,394
37.5,8,8,4,396
37.5,8,8,5,398
37.5,8,8,6,400
37.5,8,8,7,401
37.5,8,8,8,403
37.5,8,8,9,405
37.5,8,8,10,407
37.5,8,8,11,409
37.5,8,8,12,411
37.5,8,8,13,412
37.5,8,8,14,414
37.5,8,8,15,416
37.5,8,9,0,390
37.5,8,9,1,392
37.5,8,9,2,394
37.5,8,9,3,396
37.5,8,9,4,398
37.5,8,9,5,400
37.5,8,9,6,402
37.5,8,9,7,404
37.5,8,9,8,405
37.5,8,9,9,407
37.5,8,9,10,409
37.5,8,9,11,411
37.5,8,9,12,413
37.5,8,9,13,415
37.5,8,9,14,416
37.5,8,9,15,418
37.5,8,10,0,393
37.5,8,10,1,394
37.5,8,10,2,396
37.5,8,10,3,398
37.5,8,10,4,400
37.5,8,10,5,402
37.5,8,10,6,404
37.5,8,10,7,406
37.5,8,10,8,408
37.5,8,10,9,409
37.5,8,10,10,411
37.5,8,10,11,413
37.5,8,10,12,415
37.5,8,10,13,417
37.5,8,10,14,419
37.5,8,10,15,420
37.5,8,11,0,395
37.5,8,11,1,397
37.5,8,11,2,398
37.5,8,11,3,400
37.5,8,11,4,402
37.5,8,11,5,404
37.5,8,11,6,406
37.5,8,11,7,408
37.5,8,11,8,410
37.5,8,11,9,412
37.5,8,11,10,414
37.5,8,11,11,415
37.5,8,11,12,417
37.5,8,11,13,419
37.5,8,11,14,421
37.5,8,11,15,423
37.5,8,12,0,397
37.5,8,12,1,399
37.5,8,12,2,401
37.5,8,12,3,403
37.5,8,12,4,404
37.5,8,12,5,406
37.5,8,12,6,408
37.5,8,12,7,410
37.5,8,12,8,412
37.5,8,12,9,414
37.5,8,12,10,416
37.5,8,12,11,418
37.5,8,12,12,419
37.5,8,12,13,421
37.5,8,12,14,423
37.5,8,12,15,425
37.5,8,13,0,399
37.5,8,13,1,401
37.5,8,13,2,403
37.5,8,13,3,405
37.5,8,13,4,407
37.5,8,13,5,408
37.5,8,13,6,410
37.5,8,13,7,412
37.5,8,13,8,414
37.5,8,13,9,416
37.5,8,13,10,418
37.5,8,13,11,420
37.5,8,13,12,422
37.5,8,13,13,423
37.5,8,13,14,425
37.5,8,13,15,427
37.5,8,14,0,401
37.5,8,14,1,403
37.5,8,14,2,405
37.5,8,14,3,407
37.5,8,14,4,409
37.5,8,14,5,411
37.5,8,14,6,413
37.5,8,14,7,414
37.5,8,14,8,416
37.5,8,14,9,418
37.5,8,14,10,420
37.5,8,14,11,422
37.5,8,14,12,424
37.5,8,14,13,426
37.5,8,14,14,428
37.5,8,14,15,429
37.5,8,15,0,403
37.5,8,15,1,405
37.5,8,15,2,407
37.5,8,15,3,409
37.5,8,15,4,411
37.5,8,15,5,413
37.5,8,15,6,415
37.5,8,15,7,417
37.5,8,15,8,418
37.5,8,15,9,420
37.5,8,15,10,422
37.5,8,15,11,424
37.5,8,15,12,426
37.5,8,15,13,428
37.5,8,15,14,430
37.5,8,15,15,432
37.5,9,0,0,376
37.5,9,0,1,378
37.5,9,0,2,380
37.5,9,0,3,382
37.5,9,0,4,384
37.5,9,0,5,385
37.5,9,0,6,387
37.5,9,0,7,389
37.5,9,0,8,391
37.5,9,0,9,393
37.5,9,0,10,394
37.5,9,0,11,396
37.5,9,0,12,398
37.5,9,0,13,400
37.5,9,0,14,401
37.5,9,0,15,403
37.5,9,1,0,379
37.5,9,1,1,380
37.5,9,1,2,382
37.5,9,1,3,384
37.5,9,1,4,386
37.5,9,1,5,388
37.5,9,1,6,390
37.5,9,1,7,391
37.5,9,1,8,393
37.5,9,1,9,395
37.5,9,1,10,397
37.5,9,1,11,399
37.5,9,1,12,400
37.5,9,1,13,402
37.5,9,1,14,404
37.5,9,1,15,406
37.5,9,2,0,381
37.5,9,2,1,383
37.5,9,2,2,385
37.5,9,2,3,386
37.5,9,2,4,388
37.5,9,2,5,390
37.5,9,2,6,392
37.5,9,2,7,394
37.5,9,2,8,396
37.5,9,2,9,397
37.5,9,2,10,399
37.5,9,2,11,401
37.5,9,2,12,403
37.5,9,2,13,404
37.5,9,2,14,406
37.5,9,2,15,408
37.5,9,3,0,383
37.5,9,3,1,385
37.5,9,3,2,387
37.5,9,3,3,389
37.5,9,3,4,391
37.5,9,3,5,392
37.5,9,3,6,394
37.5,9,3,7,396
37.5,9,3,8,398
37.5,9,3,9,400
37.5,9,3,10,401
37.5,9,3,11,403
37.5,9,3,12,405
37.5,9,3,13,407
37.5,9,3,14,409
37.5,9,3,15,410
37.5,9,4,0,385
37.5,9,4,1,387
37.5,9,4,2,389
37.5,9,4,3,391
37.5,9,4,4,393
37.5,9,4,5,395
37.5,9,4,6,396
37.5,9,4,7,398
37.5,9,4,8,400
37.5,9,4,9,402
37.5,9,4,10,404
37.5,9,4,11,406
37.5,9,4,12,407
37.5,9,4,13,409
37.5,9,4,14,411
37.5,9,4,15,413
37.5,9,5,0,388
37.5,9,5,1,389
37.5,9,5,2,391
37.5,9,5,3,393
37.5,9,5,4,395
37.5,9,5,5,397
37.5,9,5,6,399
37.5,9,5,7,401
37.5,9,5,8,402
37.5,9,5,9,404
37.5,9,5,10,406
37.5,9,5,11,408
37.5,9,5,12,410
37.5,9,5,13,411
37.5,9,5,14,413
37.5,9,5,15,415
37.5,9,6,0,390
37.5,9,6,1,392
37.5,9,6,2,394
37.5,9,6,3,395
37.5,9,6,4,397
37.5,9,6,5,399
37.5,9,6,6,401
37.5,9,6,7,403
37.5,9,6,8,405
37.5,9,6,9,407
37.5,9,6,10,408
37.5,9,6,11,410
37.5,9,6,12,412
37.5,9,6,13,414
37.5,9,6,14,416
37.5,9,6,15,417
37.5,9,7,0,392
37.5,9,7,1,394
37.5,9,7,2,396
37.5,9,7,3,398
37.5,9,7,4,400
37.5,9,7,5,401
37.5,9,7,6,403
37.5,9,7,7,405
37.5,9,7,8,407
37.5,9,7,9,409
37.5,9,7,10,411
37.5,9,7,11,413
37.5,9,7,12,414
37.5,9,7,13,416
37.5,9,7,14,418
37.5,9,7,15,420
37.5,9,8,0,394
37.5,9,8,1,396
37.5,9,8,2,398
37.5,9,8,3,400
37.5,9,8,4,402
37.5,9,8,5,404
37.5,9,8,6,406
37.5,9,8,7,407
37.5,9,8,8,409
37.5,9,8,9,411
37.5,9,8,10,413
37.5,9,8,11,415
37.5,9,8,12,417
37.5,9,8,13,418
37.5,9,8,14,420
37.5,9,8,15,422
37.5,9,9,0,396
37.5,9,9,1,398
37.5,9,9,2,400
37.5,9,9,3,402
37.5,9,9,4,404
37.5,9,9,5,406
37.5,9,9,6,408
37.5,9,9,7,410
37.5,9,9,8,411
37.5,9,9,9,413
37.5,9,9,10,415
37.5,9,9,11,417
37.5,9,9,12,419
37.5,9,9,13,421
37.5,9,9,14,423
37.5,9,9,15,424
37.5,9,10,0,398
37.5,9,10,1,400
37.5,9,10,2,402
37.5,9,10,3,404
37.5,9,10,4,406
37.5,9,10,5,408
37.5,9,10,6,410
37.5,9,10,7,412
37.5,9,10,8,414
37.5,9,10,9,416
37.5,9,10,10,417
37.5,9,10,11,419
37.5,9,10,12,421
37.5,9,10,13,423
37.5,9,10,14,425
37.5,9,10,15,427
37.5,9,11,0,401
37.5,9,11,1,402
37.5,9,11,2,404
37.5,9,11,3,406
37.5,9,11,4,408
37.5,9,11,5,410
37.5,9,11,6,412
37.5,9,11,7,414
37.5,9,11,8,416
37.5,9,11,9,418
37.5,9,11,10,420
37.5,9,11,11,422
37.5,9,11,12,423
37.5,9,11,13,425
37.5,9,11,14,427
37.5,9,11,15,429
37.5,9,12,0,403
37.5,9,12,1,405
37.5,9,12,2,407
37.5,9,12,3,409
37.5,9,12,4,410
37.5,9,12,5,412
37.5,9,12,6,414
37.5,9,12,7,416
37.5,9,12,8,418
37.5,9,12,9,420
37.5,9,12,10,422
37.5,9,12,11,424
37.5,9,12,12,426
37.5,9,12,13,428
37.5,9,12,14,429
37.5,9,12,15,431
37.5,9,13,0,405
37.5,9,13,1,407
37.5,9,13,2,409
37.5,9,13,3,411
37.5,9,13,4,413
37.5,9,13,5,415
37.5,9,13,6,417
37.5,9,13,7,418
37.5,9,13,8,420
37.5,9,13,9,422
37.5,9,13,10,424
37.5,9,13,11,426
37.5,9,13,12,428
37.5,9,13,13,430
37.5,9,13,14,432
37.5,9,13,15,434
37.5,9,14,0,407
37.5,9,14,1,409
37.5,9,14,2,411
37.5,9,14,3,413
37.5,9,14,4,415
37.5,9,14,5,417
37.5,9,14,6,419
37.5,9,14,7,421
37.5,9,14,8,423
37.5,9,14,9,424
37.5,9,14,10,426
37.5,9,14,11,428
37.5,9,14,12,430
37.5,9,14,13,432
37.5,9,14,14,434
37.5,9,14,15,436
37.5,9,15,0,409
37.5,9,15,1,411
37.5,9,15,2,413
37.5,9,15,3,415
37.5,9,15,4,417
37.5,9,15,5,419
37.5,9,15,6,421
37.5,9,15,7,423
37.5,9,15,8,425
37.5,9,15,9,427
37.5,9,15,10,429
37.5,9,15,11,430
37.5,9,15,12,432
37.5,9,15,13,434
37.5,9,15,14,436
37.5,9,15,15,438
37.5,10,0,0,382
37.5,10,0,1,384
37.5,10,0,2,386
37.5,10,0,3,387
37.5,10,0,4,389
37.5,10,0,5,391
37.5,10,0,6,393
37.5,10,0,7,395
37.5,10,0,8,397
37.5,10,0,9,398
37.5,10,0,10,400
37.5,10,0,11,402
37.5,10,0,12,404
37.5,10,0,13,406
37.5,10,0,14,407
37.5,10,0,15,409
37.5,10,1,0,384
37.5,10,1,1,386
37.5,10,1,2,388
37.5,10,1,3,390
37.5,10,1,4,392
37.5,10,1,5,393
37.5,10,1,6,395
37.5,10,1,7,397
37.5,10,1,8,399
37.5,10,1,9,401
37.5,10,1,10,403
37.5,10,1,11,404
37.5,10,1,12,406
37.5,10,1,13,408
37.5,10,1,14,410
37.5,10,1,15,411
37.5,10,2,0,386
37.5,10,2,1,388
37.5,10,2,2,390
37.5,10,2,3,392
37.5,10,2,4,394
37.5,10,2,5,396
37.5,10,2,6,398
37.5,10,2,7,400
37.5,10,2,8,401
37.5,10,2,9,403
37.5,10,2,10,405
37.5,10,2,11,407
37.5,10,2,12,409
37.5,10,2,13,410
37.5,10,2,14,412
37.5,10,2,15,414
37.5,10,3,0,389
37.5,10,3,1,391
37.5,10,3,2,393
37.5,10,3,3,394
37.5,10,3,4,396
37.5,10,3,5,398
37.5,10,3,6,400
37.5,10,3,7,402
37.5,10,3,8,404
37.5,10,3,9,406
37.5,10,3,10,407
37.5,10,3,11,409
37.5,10,3,12,411
37.5,10,3,13,413
37.5,10,3,14,415
37.5,10,3,15,416
37.5,10,4,0,391
37.5,10,4,1,393
37.5,10,4,2,395
37.5,10,4,3,397
37.5,10,4,4,399
37.5,10,4,5,400
37.5,10,4,6,402
37.5,10,4,7,404
37.5,10,4,8,406
37.5,10,4,9,408
37.5,10,4,10,410
37.5,10,4,11,412
37.5,10,4,12,413
37.5,10,4,13,415
37.5,10,4,14,417
37.5,10,4,15,419
37.5,10,5,0,393
37.5,10,5,1,395
37.5,10,5,2,397
37.5,10,5,3,399
37.5,10,5,4,401
37.5,10,5,5,403
37.5,10,5,6,405
37.5,10,5,7,407
37.5,10,5,8,408
37.5,10,5,9,410
37.5,10,5,10,412
37.5,10,5,11,414
37.5,10,5,12,416
37.5,10,5,13,418
37.5,10,5,14,419
37.5,10,5,15,421
37.5,10,6,0,395
37.5,10,6,1,397
37.5,10,6,2,399
37.5,10,6,3,401
37.5,10,6,4,403
37.5,10,6,5,405
37.5,10,6,6,407
37.5,10,6,7,409
37.5,10,6,8,411
37.5,10,6,9,413
37.5,10,6,10,414
37.5,10,6,11,416
37.5,10,6,12,418
37.5,10,6,13,420
37.5,10,6,14,422
37.5,10,6,15,424
37.5,10,7,0,398
37.5,10,7,1,400
37.5,10,7,2,402
37.5,10,7,3,403
37.5,10,7,4,405
37.5,10,7,5,407
37.5,10,7,6,409
37.5,10,7,7,411
37.5,10,7,8,413
37.5,10,7,9,415
37.5,10,7,10,417
37.5,10,7,11,419
37.5,10,7,12,420
37.5,10,7,13,422
37.5,10,7,14,424
37.5,10,7,15,426
37.5,10,8,0,400
37.5,10,8,1,402
37.5,10,8,2,404
37.5,10,8,3,406
37.5,10,8,4,408
37.5,10,8,5,410
37.5,10,8,6,411
37.5,10,8,7,413
37.5,10,8,8,415
37.5,10,8,9,417
37.5,10,8,10,419
37.5,10,8,11,421
37.5,10,8,12,423
37.5,10,8,13,425
37.5,10,8,14,426
37.5,10,8,15,428
37.5,10,9,0,402
37.5,10,9,1,404
37.5,10,9,2,406
37.5,10,9,3,408
37.5,10,9,4,410
37.5,10,9,5,412
37.5,10,9,6,414
37.5,10,9,7,416
37.5,10,9,8,418
37.5,10,9,9,419
37.5,10,9,10,421
37.5,10,9,11,423
37.5,10,9,12,425
37.5,10,9,13,427
37.5,10,9,14,429
37.5,10,9,15,431
37.5,10,10,0,404
37.5,10,10,1,406
37.5,10,10,2,408
37.5,10,10,3,410
37.5,10,10,4,412
37.5,10,10,5,414
37.5,10,10,6,416
37.5,10,10,7,418
37.5,10,10,8,420
37.5,10,10,9,422
37.5,10,10,10,424
37.5,10,10,11,426
37.5,10,10,12,427
37.5,10,10,13,429
37.5,10,10,14,431
37.5,10,10,15,433
37.5,10,11,0,406
37.5,10,11,1,408
37.5,10,11,2,410
37.5,10,11,3,412
37.5,10,11,4,414
37.5,10,11,5,416
37.5,10,11,6,418
37.5,10,11,7,420
37.5,10,11,8,422
37.5,10,11,9,424
37.5,10,11,10,426
37.5,10,11,11,428
37.5,10,11,12,430
37.5,10,11,13,432
37.5,10,11,14,433
37.5,10,11,15,435
37.5,10,12,0,409
37.5,10,12,1,411
37.5,10,12,2,413
37.5,10,12,3,415
37.5,10,12,4,417
37.5,10,12,5,418
37.5,10,12,6,420
37.5,10,12,7,422
37.5,10,12,8,424
37.5,10,12,9,426
37.5,10,12,10,428
37.5,10,12,11,430
37.5,10,12,12,432
37.5,10,12,13,434
37.5,10,12,14,436
37.5,10,12,15,438
37.5,10,13,0,411
37.5,10,13,1,413
37.5,10,13,2,415
37.5,10,13,3,417
37.5,10,13,4,419
37.5,10,13,5,421
37.5,10,13,6,423
37.5,10,13,7,425
37.5,10,13,8,427
37.5,10,13,9,428
37.5,10,13,10,430
37.5,10,13,11,432
37.5,10,13,12,434
37.5,10,13,13,436
37.5,10,13,14,438
37.5,10,13,15,440
37.5,10,14,0,413
37.5,10,14,1,415
37.5,10,14,2,417
37.5,10,14,3,419
37.5,10,14,4,421
37.5,10,14,5,423
37.5,10,14,6,425
37.5,10,14,7,427
37.5,10,14,8,429
37.5,10,14,9,431
37.5,10,14,10,433
37.5,10,14,11,435
37.5,10,14,12,437
37.5,10,14,13,438
37.5,10,14,14,440
37.5,10,14,15,442
37.5,10,15,0,415
37.5,10,15,1,417
37.5,10,15,2,419
37.5,10,15,3,421
37.5,10,15,4,423
37.5,10,15,5,425
37.5,10,15,6,427
37.5,10,15,7,429
37.5,10,15,8,431
37.5,10,15,9,433
37.5,10,15,10,435
37.5,10,15,11,437
37.5,10,15,12,439
37.5,10,15,13,441
37.5,10,15,14,443
37.5,10,15,15,444
37.5,11,0,0,387
37.5,11,0,1,389
37.5,11,0,2,391
37.5,11,0,3,393
37.5,11,0,4,395
37.5,11,0,5,397
37.5,11,0,6,399
37.5,11,0,7,401
37.5,11,0,8,402
37.5,11,0,9,404
37.5,11,0,10,406
37.5,11,0,11,408
37.5,11,0,12,410
37.5,11,0,13,411
37.5,11,0,14,413
37.5,11,0,15,415
37.5,11,1,0,390
37.5,11,1,1,392
37.5,11,1,2,394
37.5,11,1,3,395
37.5,11,1,4,397
37.5,11,1,5,399
37.5,11,1,6,401
37.5,11,1,7,403
37.5,11,1,8,405
37.5,11,1,9,407
37.5,11,1,10,408
37.5,11,1,11,410
37.5,11,1,12,412
37.5,11,1,13,414
37.5,11,1,14,416
37.5,11,1,15,417
37.5,11,2,0,392
37.5,11,2,1,394
37.5,11,2,2,396
37.5,11,2,3,398
37.5,11,2,4,400
37.5,11,2,5,402
37.5,11,2,6,403
37.5,11,2,7,405
37.5,11,2,8,407
37.5,11,2,9,409
37.5,11,2,10,411
37.5,11,2,11,413
37.5,11,2,12,415
37.5,11,2,13,416
37.5,11,2,14,418
37.5,11,2,15,420
37.5,11,3,0,394
37.5,11,3,1,396
37.5,11,3,2,398
37.5,11,3,3,400
37.5,11,3,4,402
37.5,11,3,5,404
37.5,11,3,6,406
37.5,11,3,7,408
37.5,11,3,8,410
37.5,11,3,9,411
37.5,11,3,10,413
37.5,11,3,11,415
37.5,11,3,12,417
37.5,11,3,13,419
37.5,11,3,14,421
37.5,11,3,15,422
37.5,11,4,0,397
37.5,11,4,1,399
37.5,11,4,2,401
37.5,11,4,3,402
37.5,11,4,4,404
37.5,11,4,5,406
37.5,11,4,6,408
37.5,11,4,7,410
37.5,11,4,8,412
37.5,11,4,9,414
37.5,11,4,10,416
37.5,11,4,11,418
37.5,11,4,12,419
37.5,11,4,13,421
37.5,11,4,14,423
37.5,11,4,15,425
37.5,11,5,0,399
37.5,11,5,1,401
37.5,11,5,2,403
37.5,11,5,3,405
37.5,11,5,4,407
37.5,11,5,5,409
37.5,11,5,6,411
37.5,11,5,7,412
37.5,11,5,8,414
37.5,11,5,9,416
37.5,11,5,10,418
37.5,11,5,11,420
37.5,11,5,12,422
37.5,11,5,13,424
37.5,11,5,14,425
37.5,11,5,15,427
37.5,11,6,0,401
37.5,11,6,1,403
37.5,11,6,2,405
37.5,11,6,3,407
37.5,11,6,4,409
37.5,11,6,5,411
37.5,11,6,6,413
37.5,11,6,7,415
37.5,11,6,8,417
37.5,11,6,9,419
37.5,11,6,10,420
37.5,11,6,11,422
37.5,11,6,12,424
37.5,11,6,13,426
37.5,11,6,14,428
37.5,11,6,15,430
37.5,11,7,0,403
37.5,11,7,1,405
37.5,11,7,2,407
37.5,11,7,3,409
37.5,11,7,4,411
37.5,11,7,5,413
37.5,11,7,6,415
37.5,11,7,7,417
37.5,11,7,8,419
37.5,11,7,9,421
37.5,11,7,10,423
37.5,11,7,11,425
37.5,11,7,12,427
37.5,11,7,13,428
37.5,11,7,14,430
37.5,11,7,15,432
37.5,11,8,0,406
37.5,11,8,1,408
37.5,11,8,2,410
37.5,11,8,3,412
37.5,11,8,4,414
37.5,11,8,5,416
37.5,11,8,6,417
37.5,11,8,7,419
37.5,11,8,8,421
37.5,11,8,9,423
37.5,11,8,10,425
37.5,11,8,11,427
37.5,11,8,12,429
37.5,11,8,13,431
37.5,11,8,14,433
37.5,11,8,15,435
37.5,11,9,0,408
37.5,11,9,1,410
37.5,11,9,2,412
37.5,11,9,3,414
37.5,11,9,4,416
37.5,11,9,5,418
37.5,11,9,6,420
37.5,11,9,7,422
37.5,11,9,8,424
37.5,11,9,9,426
37.5,11,9,10,427
37.5,11,9,11,429
37.5,11,9,12,431
37.5,11,9,13,433
37.5,11,9,14,435
37.5,11,9,15,437
37.5,11,10,0,410
37.5,11,10,1,412
37.5,11,10,2,414
37.5,11,10,3,416
37.5,11,10,4,418
37.5,11,10,5,420
37.5,11,10,6,422
37.5,11,10,7,424
37.5,11,10,8,426
37.5,11,10,9,428
37.5,11,10,10,430
37.5,11,10,11,432
37.5,11,10,12,434
37.5,11,10,13,435
37.5,11,10,14,437
37.5,11,10,15,439
37.5,11,11,0,412
37.5,11,11,1,414
37.5,11,11,2,416
37.5,11,11,3,418
37.5,11,11,4,420
37.5,11,11,5,422
37.5,11,11,6,424
37.5,11,11,7,426
37.5,11,11,8,428
37.5,11,11,9,430
37.5,11,11,10,432
37.5,11,11,11,434
37.5,11,11,12,436
37.5,11,11,13,438
37.5,11,11,14,440
37.5,11,11,15,442
37.5,11,12,0,415
37.5,11,12,1,417
37.5,11,12,2,419
37.5,11,12,3,421
37.5,11,12,4,423
37.5,11,12,5,425
37.5,11,12,6,427
37.5,11,12,7,429
37.5,11,12,8,430
37.5,11,12,9,432
37.5,11,12,10,434
37.5,11,12,11,436
37.5,11,12,12,438
37.5,11,12,13,440
37.5,11,12,14,442
37.5,11,12,15,444
37.5,11,13,0,417
37.5,11,13,1,419
37.5,11,13,2,421
37.5,11,13,3,423
37.5,11,13,4,425
37.5,11,13,5,427
37.5,11,13,6,429
37.5,11,13,7,431
37.5,11,13,8,433
37.5,11,13,9,435
37.5,11,13,10,437
37.5,11,13,11,439
37.5,11,13,12,441
37.5,11,13,13,442
37.5,11,13,14,444
37.5,11,13,15,446
37.5,11,14,0,419
37.5,11,14,1,421
37.5,11,14,2,423
37.5,11,14,3,425
37.5,11,14,4,427
37.5,11,14,5,429
37.5,11,14,6,431
37.5,11,14,7,433
37.5,11,14,8,435
37.5,11,14,9,437
37.5,11,14,10,439
37.5,11,14,11,441
37.5,11,14,12,443
37.5,11,14,13,445
37.5,11,14,14,447
37.5,11,14,15,449
37.5,11,15,0,421
37.5,11,15,1,423
37.5,11,15,2,425
37.5,11,15,3,427
37.5,11,15,4,429
37.5,11,15,5,431
37.5,11,15,6,433
37.5,11,15,7,435
37.5,11,15,8,437
37.5,11,15,9,439
37.5,11,15,10,441
37.5,11,15,11,443
37.5,11,15,12,445
37.5,11,15,13,447
37.5,11,15,14,449
37.5,11,15,15,451
37.5,12,0,0,393
37.5,12,0,1,395
37.5,12,0,2,397
37.5,12,0,3,399
37.5,12,0,4,401
37.5,12,0,5,402
37.5,12,0,6,404
37.5,12,0,7,406
37.5,12,0,8,408
37.5,12,0,9,410
37.5,12,0,10,412
37.5,12,0,11,414
37.5,12,0,12,415
37.5,12,0,13,417
37.5,12,0,14,419
37.5,12,0,15,421
37.5,12,1,0,395
37.5,12,1,1,397
37.5,12,1,2,399
37.5,12,1,3,401
37.5,12,1,4,403
37.5,12,1,5,405
37.5,12,1,6,407
37.5,12,1,7,409
37.5,12,1,8,411
37.5,12,1,9,412
37.5,12,1,10,414
37.5,12,1,11,416
37.5,12,1,12,418
37.5,12,1,13,420
37.5,12,1,14,422
37.5,12,1,15,423
37.5,12,2,0,398
37.5,12,2,1,400
37.5,12,2,2,402
37.5,12,2,3,403
37.5,12,2,4,405
37.5,12,2,5,407
37.5,12,2,6,409
37.5,12,2,7,411
37.5,12,2,8,413
37.5,12,2,9,415
37.5,12,2,10,417
37.5,12,2,11,419
37.5,12,2,12,420
37.5,12,2,13,422
37.5,12,2,14,424
37.5,12,2,15,426
37.5,12,3,0,400
37.5,12,3,1,402
37.5,12,3,2,404
37.5,12,3,3,406
37.5,12,3,4,408
37.5,12,3,5,410
37.5,12,3,6,412
37.5,12,3,7,414
37.5,12,3,8,415
37.5,12,3,9,417
37.5,12,3,10,419
37.5,12,3,11,421
37.5,12,3,12,423
37.5,12,3,13,425
37.5,12,3,14,427
37.5,12,3,15,428
37.5,12,4,0,402
37.5,12,4,1,404
37.5,12,4,2,406
37.5,12,4,3,408
37.5,12,4,4,410
37.5,12,4,5,412
37.5,12,4,6,414
37.5,12,4,7,416
37.5,12,4,8,418
37.5,12,4,9,420
37.5,12,4,10,422
37.5,12,4,11,423
37.5,12,4,12,425
37.5,12,4,13,427
37.5,12,4,14,429
37.5,12,4,15,431
37.5,12,5,0,405
37.5,12,5,1,407
37.5,12,5,2,409
37.5,12,5,3,411
37.5,12,5,4,412
37.5,12,5,5,414
37.5,12,5,6,416
37.5,12,5,7,418
37.5,12,5,8,420
37.5,12,5,9,422
37.5,12,5,10,424
37.5,12,5,11,426
37.5,12,5,12,428
37.5,12,5,13,430
37.5,12,5,14,432
37.5,12,5,15,433
37.5,12,6,0,407
37.5,12,6,1,409
37.5,12,6,2,411
37.5,12,6,3,413
37.5,12,6,4,415
37.5,12,6,5,417
37.5,12,6,6,419
37.5,12,6,7,421
37.5,12,6,8,423
37.5,12,6,9,425
37.5,12,6,10,426
37.5,12,6,11,428
37.5,12,6,12,430
37.5,12,6,13,432
37.5,12,6,14,434
37.5,12,6,15,436
37.5,12,7,0,409
37.5,12,7,1,411
37.5,12,7,2,413
37.5,12,7,3,415
37.5,12,7,4,417
37.5,12,7,5,419
37.5,12,7,6,421
37.5,12,7,7,423
37.5,12,7,8,425
37.5,12,7,9,427
37.5,12,7,10,429
37.5,12,7,11,431
37.5,12,7,12,433
37.5,12,7,13,435
37.5,12,7,14,436
37.5,12,7,15,438
37.5,12,8,0,411
37.5,12,8,1,413
37.5,12,8,2,415
37.5,12,8,3,417
37.5,12,8,4,419
37.5,12,8,5,421
37.5,12,8,6,423
37.5,12,8,7,425
37.5,12,8,8,427
37.5,12,8,9,429
37.5,12,8,10,431
37.5,12,8,11,433
37.5,12,8,12,435
37.5,12,8,13,437
37.5,12,8,14,439
37.5,12,8,15,441
37.5,12,9,0,414
37.5,12,9,1,416
37.5,12,9,2,418
37.5,12,9,3,420
37.5,12,9,4,422
37.5,12,9,5,424
37.5,12,9,6,426
37.5,12,9,7,428
37.5,12,9,8,430
37.5,12,9,9,432
37.5,12,9,10,434
37.5,12,9,11,436
37.5,12,9,12,437
37.5,12,9,13,439
37.5,12,9,14,441
37.5,12,9,15,443
37.5,12,10,0,416
37.5,12,10,1,418
37.5,12,10,2,420
37.5,12,10,3,422
37.5,12,10,4,424
37.5,12,10,5,426
37.5,12,10,6,428
37.5,12,10,7,430
37.5,12,10,8,432
37.5,12,10,9,434
37.5,12,10,10,436
37.5,12,10,11,438
37.5,12,10,12,440
37.5,12,10,13,442
37.5,12,10,14,444
37.5,12,10,15,446
37.5,12,11,0,418
37.5,12,11,1,420
37.5,12,11,2,422
37.5,12,11,3,424
37.5,12,11,4,426
37.5,12,11,5,428
37.5,12,11,6,430
37.5,12,11,7,432
37.5,12,11,8,434
37.5,12,11,9,436
37.5,12,11,10,438
37.5,12,11,11,440
37.5,12,11,12,442
37.5,12,11,13,444
37.5,12,11,14,446
37.5,12,11,15,448
37.5,12,12,0,420
37.5,12,12,1,422
37.5,12,12,2,425
37.5,12,12,3,427
37.5,12,12,4,429
37.5,12,12,5,431
37.5,12,12,6,433
37.5,12,12,7,435
37.5,12,12,8,437
37.5,12,12,9,439
37.5,12,12,10,441
37.5,12,12,11,443
37.5,12,12,12,445
37.5,12,12,13,446
37.5,12,12,14,448
37.5,12,12,15,450
37.5,12,13,0,423
37.5,12,13,1,425
37.5,12,13,2,427
37.5,12,13,3,429
37.5,12,13,4,431
37.5,12,13,5,433
37.5,12,13,6,435
37.5,12,13,7,437
37.5,12,13,8,439
37.5,12,13,9,441
37.5,12,13,10,443
37.5,12,13,11,445
37.5,12,13,12,447
37.5,12,13,13,449
37.5,12,13,14,451
37.5,12,13,15,453
37.5,12,14,0,425
37.5,12,14,1,427
37.5,12,14,2,429
37.5,12,14,3,431
37.5,12,14,4,433
37.5,12,14,5,435
37.5,12,14,6,437
37.5,12,14,7,439
37.5,12,14,8,441
37.5,12,14,9,443
37.5,12,14,10,445
37.5,12,14,11,447
37.5,12,14,12,449
37.5,12,14,13,451
37.5,12,14,14,453
37.5,12,14,15,455
37.5,12,15,0,427
37.5,12,15,1,429
37.5,12,15,2,431
37.5,12,15,3,433
37.5,12,15,4,435
37.5,12,15,5,437
37.5,12,15,6,439
37.5,12,15,7,441
37.5,12,15,8,443
37.5,12,15,9,445
37.5,12,15,10,447
37.5,12,15,11,449
37.5,12,15,12,451
37.5,12,15,13,453
37.5,12,15,14,455
37.5,12,15,15,457
37.5,13,0,0,398
37.5,13,0,1,400
37.5,13,0,2,402
37.5,13,0,3,404
37.5,13,0,4,406
37.5,13,0,5,408
37.5,13,0,6,410
37.5,13,0,7,412
37.5,13,0,8,414
37.5,13,0,9,416
37.5,13,0,10,418
37.5,13,0,11,419
37.5,13,0,12,421
37.5,13,0,13,423
37.5,13,0,14,425
37.5,13,0,15,427
37.5,13,1,0,401
37.5,13,1,1,403
37.5,13,1,2,405
37.5,13,1,3,407
37.5,13,1,4,409
37.5,13,1,5,411
37.5,13,1,6,413
37.5,13,1,7,414
37.5,13,1,8,416
37.5,13,1,9,418
37.5,13,1,10,420
37.5,13,1,11,422
37.5,13,1,12,424
37.5,13,1,13,426
37.5,13,1,14,428
37.5,13,1,15,429
37.5,13,2,0,403
37.5,13,2,1,405
37.5,13,2,2,407
37.5,13,2,3,409
37.5,13,2,4,411
37.5,13,2,5,413
37.5,13,2,6,415
37.5,13,2,7,417
37.5,13,2,8,419
37.5,13,2,9,421
37.5,13,2,10,423
37.5,13,2,11,424
37.5,13,2,12,426
37.5,13,2,13,428
37.5,13,2,14,430
37.5,13,2,15,432
37.5,13,3,0,406
37.5,13,3,1,408
37.5,13,3,2,410
37.5,13,3,3,412
37.5,13,3,4,414
37.5,13,3,5,415
37.5,13,3,6,417
37.5,13,3,7,419
37.5,13,3,8,421
37.5,13,3,9,423
37.5,13,3,10,425
37.5,13,3,11,427
37.5,13,3,12,429
37.5,13,3,13,431
37.5,13,3,14,433
37.5,13,3,15,434
37.5,13,4,0,408
37.5,13,4,1,410
37.5,13,4,2,412
37.5,13,4,3,414
37.5,13,4,4,416
37.5,13,4,5,418
37.5,13,4,6,420
37.5,13,4,7,422
37.5,13,4,8,424
37.5,13,4,9,426
37.5,13,4,10,428
37.5,13,4,11,429
37.5,13,4,12,431
37.5,13,4,13,433
37.5,13,4,14,435
37.5,13,4,15,437
37.5,13,5,0,410
37.5,13,5,1,412
37.5,13,5,2,414
37.5,13,5,3,416
37.5,13,5,4,418
37.5,13,5,5,420
37.5,13,5,6,422
37.5,13,5,7,424
37.5,13,5,8,426
37.5,13,5,9,428
37.5,13,5,10,430
37.5,13,5,11,432
37.5,13,5,12,434
37.5,13,5,13,436
37.5,13,5,14,438
37.5,13,5,15,440
37.5,13,6,0,413
37.5,13,6,1,415
37.5,13,6,2,417
37.5,13,6,3,419
37.5,13,6,4,421
37.5,13,6,5,423
37.5,13,6,6,425
37.5,13,6,7,427
37.5,13,6,8,429
37.5,13,6,9,431
37.5,13,6,10,432
37.5,13,6,11,434
37.5,13,6,12,436
37.5,13,6,13,438
37.5,13,6,14,440
37.5,13,6,15,442
37.5,13,7,0,415
37.5,13,7,1,417
37.5,13,7,2,419
37.5,13,7,3,421
37.5,13,7,4,423
37.5,13,7,5,425
37.5,13,7,6,427
37.5,13,7,7,429
37.5,13,7,8,431
37.5,13,7,9,433
37.5,13,7,10,435
37.5,13,7,11,437
37.5,13,7,12,439
37.5,13,7,13,441
37.5,13,7,14,443
37.5,13,7,15,444
37.5,13,8,0,417
37.5,13,8,1,419
37.5,13,8,2,421
37.5,13,8,3,423
37.5,13,8,4,425
37.5,13,8,5,427
37.5,13,8,6,429
37.5,13,8,7,431
37.5,13,8,8,433
37.5,13,8,9,435
37.5,13,8,10,437
37.5,13,8,11,439
37.5,13,8,12,441
37.5,13,8,13,443
37.5,13,8,14,445
37.5,13,8,15,447
37.5,13,9,0,420
37.5,13,9,1,422
37.5,13,9,2,424
37.5,13,9,3,426
37.5,13,9,4,428
37.5,13,9,5,430
37.5,13,9,6,432
37.5,13,9,7,434
37.5,13,9,8,436
37.5,13,9,9,438
37.5,13,9,10,440
37.5,13,9,11,442
37.5,13,9,12,444
37.5,13,9,13,446
37.5,13,9,14,447
37.5,13,9,15,449
37.5,13,10,0,422
37.5,13,10,1,424
37.5,13,10,2,426
37.5,13,10,3,428
37.5,13,10,4,430
37.5,13,10,5,432
37.5,13,10,6,434
37.5,13,10,7,436
37.5,13,10,8,438
37.5,13,10,9,440
37.5,13,10,10,442
37.5,13,10,11,444
37.5,13,10,12,446
37.5,13,10,13,448
37.5,13,10,14,450
37.5,13,10,15,452
37.5,13,11,0,424
37.5,13,11,1,426
37.5,13,11,2,428
37.5,13,11,3,430
37.5,13,11,4,432
37.5,13,11,5,434
37.5,13,11,6,436
37.5,13,11,7,438
37.5,13,11,8,440
37.5,13,11,9,442
37.5,13,11,10,444
37.5,13,11,11,446
37.5,13,11,12,448
37.5,13,11,13,450
37.5,13,11,14,452
37.5,13,11,15,454
37.5,13,12,0,426
37.5,13,12,1,428
37.5,13,12,2,431
37.5,13,12,3,433
37.5,13,12,4,435
37.5,13,12,5,437
37.5,13,12,6,439
37.5,13,12,7,441
37.5,13,12,8,443
37.5,13,12,9,445
37.5,13,12,10,447
37.5,13,12,11,449
37.5,13,12,12,451
37.5,13,12,13,453
37.5,13,12,14,455
37.5,13,12,15,457
37.5,13,13,0,429
37.5,13,13,1,431
37.5,13,13,2,433
37.5,13,13,3,435
37.5,13,13,4,437
37.5,13,13,5,439
37.5,13,13,6,441
37.5,13,13,7,443
37.5,13,13,8,445
37.5,13,13,9,447
37.5,13,13,10,449
37.5,13,13,11,451
37.5,13,13,12,453
37.5,13,13,13,455
37.5,13,13,14,457
37.5,13,13,15,459
37.5,13,14,0,431
37.5,13,14,1,433
37.5,13,14,2,435
37.5,13,14,3,437
37.5,13,14,4,439
37.5,13,14,5,441
37.5,13,14,6,443
37.5,13,14,7,445
37.5,13,14,8,447
37.5,13,14,9,449
37.5,13,14,10,451
37.5,13,14,11,453
37.5,13,14,12,456
37.5,13,14,13,457
37.5,13,14,14,459
37.5,13,14,15,461
37.5,13,15,0,433
37.5,13,15,1,435
37.5,13,15,2,437
37.5,13,15,3,439
37.5,13,15,4,441
37.5,13,15,5,444
37.5,13,15,6,446
37.5,13,15,7,448
37.5,13,15,8,450
37.5,13,15,9,452
37.5,13,15,10,454
37.5,13,15,11,456
37.5,13,15,12,458
37.5,13,15,13,460
37.5,13,15,14,462
37.5,13,15,15,464
37.5,14,0,0,404
37.5,14,0,1,406
37.5,14,0,2,408
37.5,14,0,3,410
37.5,14,0,4,412
37.5,14,0,5,414
37.5,14,0,6,416
37.5,14,0,7,418
37.5,14,0,8,420
37.5,14,0,9,422
37.5,14,0,10,423
37.5,14,0,11,425
37.5,14,0,12,427
37.5,14,0,13,429
37.5,14,0,14,431
37.5,14,0,15,433
37.5,14,1,0,406
37.5,14,1,1,408
37.5,14,1,2,410
37.5,14,1,3,412
37.5,14,1,4,414
37.5,14,1,5,416
37.5,14,1,6,418
37.5,14,1,7,420
37.5,14,1,8,422
37.5,14,1,9,424
37.5,14,1,10,426
37.5,14,1,11,428
37.5,14,1,12,430
37.5,14,1,13,432
37.5,14,1,14,433
37.5,14,1,15,435
37.5,14,2,0,409
37.5,14,2,1,411
37.5,14,2,2,413
37.5,14,2,3,415
37.5,14,2,4,417
37.5,14,2,5,419
37.5,14,2,6,421
37.5,14,2,7,423
37.5,14,2,8,425
37.5,14,2,9,427
37.5,14,2,10,428
37.5,14,2,11,430
37.5,14,2,12,432
37.5,14,2,13,434
37.5,14,2,14,436
37.5,14,2,15,438
37.5,14,3,0,411
37.5,14,3,1,413
37.5,14,3,2,415
37.5,14,3,3,417
37.5,14,3,4,419
37.5,14,3,5,421
37.5,14,3,6,423
37.5,14,3,7,425
37.5,14,3,8,427
37.5,14,3,9,429
37.5,14,3,10,431
37.5,14,3,11,433
37.5,14,3,12,435
37.5,14,3,13,437
37.5,14,3,14,439
37.5,14,3,15,441
37.5,14,4,0,414
37.5,14,4,1,416
37.5,14,4,2,418
37.5,14,4,3,420
37.5,14,4,4,422
37.5,14,4,5,424
37.5,14,4,6,426
37.5,14,4,7,428
37.5,14,4,8,430
37.5,14,4,9,432
37.5,14,4,10,433
37.5,14,4,11,435
37.5,14,4,12,437
37.5,14,4,13,439
37.5,14,4,14,441
37.5,14,4,15,443
37.5,14,5,0,416
37.5,14,5,1,418
37.5,14,5,2,420
37.5,14,5,3,422
37.5,14,5,4,424
37.5,14,5,5,426
37.5,14,5,6,428
37.5,14,5,7,430
37.5,14,5,8,432
37.5,14,5,9,434
37.5,14,5,10,436
37.5,14,5,11,438
37.5,14,5,12,440
37.5,14,5,13,442
37.5,14,5,14,444
37.5,14,5,15,446
37.5,14,6,0,418
37.5,14,6,1,420
37.5,14,6,2,422
37.5,14,6,3,425
37.5,14,6,4,427
37.5,14,6,5,429
37.5,14,6,6,431
37.5,14,6,7,433
37.5,14,6,8,435
37.5,14,6,9,436
37.5,14,6,10,438
37.5,14,6,11,440
37.5,14,6,12,442
37.5,14,6,13,444
37.5,14,6,14,446
37.5,14,6,15,448
37.5,14,7,0,421
37.5,14,7,1,423
37.5,14,7,2,425
37.5,14,7,3,427
37.5,14,7,4,429
37.5,14,7,5,431
37.5,14,7,6,433
37.5,14,7,7,435
37.5,14,7,8,437
37.5,14,7,9,439
37.5,14,7,10,441
37.5,14,7,11,443
37.5,14,7,12,445
37.5,14,7,13,447
37.5,14,7,14,449
37.5,14,7,15,451
37.5,14,8,0,423
37.5,14,8,1,425
37.5,14,8,2,427
37.5,14,8,3,429
37.5,14,8,4,431
37.5,14,8,5,433
37.5,14,8,6,435
37.5,14,8,7,437
37.5,14,8,8,439
37.5,14,8,9,441
37.5,14,8,10,443
37.5,14,8,11,445
37.5,14,8,12,447
37.5,14,8,13,449
37.5,14,8,14,451
37.5,14,8,15,453
37.5,14,9,0,425
37.5,14,9,1,427
37.5,14,9,2,430
37.5,14,9,3,432
37.5,14,9,4,434
37.5,14,9,5,436
37.5,14,9,6,438
37.5,14,9,7,440
37.5,14,9,8,442
37.5,14,9,9,444
37.5,14,9,10,446
37.5,14,9,11,448
37.5,14,9,12,450
37.5,14,9,13,452
37.5,14,9,14,454
37.5,14,9,15,456
37.5,14,10,0,428
37.5,14,10,1,430
37.5,14,10,2,432
37.5,14,10,3,434
37.5,14,10,4,436
37.5,14,10,5,438
37.5,14,10,6,440
37.5,14,10,7,442
37.5,14,10,8,444
37.5,14,10,9,446
37.5,14,10,10,448
37.5,14,10,11,450
37.5,14,10,12,452
37.5,14,10,13,454
37.5,14,10,14,456
37.5,14,10,15,458
37.5,14,11,0,430
37.5,14,11,1,432
37.5,14,11,2,434
37.5,14,11,3,436
37.5,14,11,4,438
37.5,14,11,5,440
37.5,14,11,6,442
37.5,14,11,7,445
37.5,14,11,8,447
37.5,14,11,9,449
37.5,14,11,10,451
37.5,14,11,11,453
37.5,14,11,12,455
37.5,14,11,13,457
37.5,14,11,14,459
37.5,14,11,15,461
37.5,14,12,0,432
37.5,14,12,1,434
37.5,14,12,2,437
37.5,14,12,3,439
37.5,14,12,4,441
37.5,14,12,5,443
37.5,14,12,6,445
37.5,14,12,7,447
37.5,14,12,8,449
37.5,14,12,9,451
37.5,14,12,10,453
37.5,14,12,11,455
37.5,14,12,12,457
37.5,14,12,13,459
37.5,14,12,14,461
37.5,14,12,15,463
37.5,14,13,0,435
37.5,14,13,1,437
37.5,14,13,2,439
37.5,14,13,3,441
37.5,14,13,4,443
37.5,14,13,5,445
37.5,14,13,6,447
37.5,14,13,7,449
37.5,14,13,8,451
37.5,14,13,9,453
37.5,14,13,10,455
37.5,14,13,11,457
37.5,14,13,12,459
37.5,14,13,13,461
37.5,14,13,14,463
37.5,14,13,15,465
37.5,14,14,0,437
37.5,14,14,1,439
37.5,14,14,2,441
37.5,14,14,3,443
37.5,14,14,4,445
37.5,14,14,5,447
37.5,14,14,6,450
37.5,14,14,7,452
37.5,14,14,8,454
37.5,14,14,9,456
37.5,14,14,10,458
37.5,14,14,11,460
37.5,14,14,12,462
37.5,14,14,13,464
37.5,14,14,14,466
37.5,14,14,15,468
37.5,14,15,0,439
37.5,14,15,1,441
37.5,14,15,2,443
37.5,14,15,3,445
37.5,14,15,4,448
37.5,14,15,5,450
37.5,14,15,6,452
37.5,14,15,7,454
37.5,14,15,8,456
37.5,14,15,9,458
37.5,14,15,10,460
37.5,14,15,11,462
37.5,14,15,12,464
37.5,14,15,13,466
37.5,14,15,14,468
37.5,14,15,15,470
37.5,15,0,0,410
37.5,15,0,1,412
37.5,15,0,2,414
37.5,15,0,3,416
37.5,15,0,4,418
37.5,15,0,5,420
37.5,15,0,6,421
37.5,15,0,7,423
37.5,15,0,8,425
37.5,15,0,9,427
37.5,15,0,10,429
37.5,15,0,11,431
37.5,15,0,12,433
37.5,15,0,13,435
37.5,15,0,14,437
37.5,15,0,15,439
37.5,15,1,0,412
37.5,15,1,1,414
37.5,15,1,2,416
37.5,15,1,3,418
37.5,15,1,4,420
37.5,15,1,5,422
37.5,15,1,6,424
37.5,15,1,7,426
37.5,15,1,8,428
37.5,15,1,9,430
37.5,15,1,10,432
37.5,15,1,11,434
37.5,15,1,12,436
37.5,15,1,13,438
37.5,15,1,14,439
37.5,15,1,15,441
37.5,15,2,0,414
37.5,15,2,1,417
37.5,15,2,2,419
37.5,15,2,3,421
37.5,15,2,4,423
37.5,15,2,5,425
37.5,15,2,6,427
37.5,15,2,7,428
37.5,15,2,8,430
37.5,15,2,9,432
37.5,15,2,10,434
37.5,15,2,11,436
37.5,15,2,12,438
37.5,15,2,13,440
37.5,15,2,14,442
37.5,15,2,15,444
37.5,15,3,0,417
37.5,15,3,1,419
37.5,15,3,2,421
37.5,15,3,3,423
37.5,15,3,4,425
37.5,15,3,5,427
37.5,15,3,6,429
37.5,15,3,7,431
37.5,15,3,8,433
37.5,15,3,9,435
37.5,15,3,10,437
37.5,15,3,11,439
37.5,15,3,12,441
37.5,15,3,13,443
37.5,15,3,14,445
37.5,15,3,15,447
37.5,15,4,0,419
37.5,15,4,1,421
37.5,15,4,2,423
37.5,15,4,3,425
37.5,15,4,4,427
37.5,15,4,5,430
37.5,15,4,6,432
37.5,15,4,7,434
37.5,15,4,8,435
37.5,15,4,9,437
37.5,15,4,10,439
37.5,15,4,11,441
37.5,15,4,12,443
37.5,15,4,13,445
37.5,15,4,14,447
37.5,15,4,15,449
37.5,15,5,0,422
37.5,15,5,1,424
37.5,15,5,2,426
37.5,15,5,3,428
37.5,15,5,4,430
37.5,15,5,5,432
37.5,15,5,6,434
37.5,15,5,7,436
37.5,15,5,8,438
37.5,15,5,9,440
37.5,15,5,10,442
37.5,15,5,11,444
37.5,15,5,12,446
37.5,15,5,13,448
37.5,15,5,14,450
37.5,15,5,15,452
37.5,15,6,0,424
37.5,15,6,1,426
37.5,15,6,2,428
37.5,15,6,3,430
37.5,15,6,4,432
37.5,15,6,5,434
37.5,15,6,6,436
37.5,15,6,7,438
37.5,15,6,8,440
37.5,15,6,9,442
37.5,15,6,10,444
37.5,15,6,11,446
37.5,15,6,12,448
37.5,15,6,13,450
37.5,15,6,14,452
37.5,15,6,15,454
37.5,15,7,0,427
37.5,15,7,1,429
37.5,15,7,2,431
37.5,15,7,3,433
37.5,15,7,4,435
37.5,15,7,5,437
37.5,15,7,6,439
37.5,15,7,7,441
37.5,15,7,8,443
37.5,15,7,9,445
37.5,15,7,10,447
37.5,15,7,11,449
37.5,15,7,12,451
37.5,15,7,13,453
37.5,15,7,14,455
37.5,15,7,15,457
37.5,15,8,0,429
37.5,15,8,1,431
37.5,15,8,2,433
37.5,15,8,3,435
37.5,15,8,4,437
37.5,15,8,5,439
37.5,15,8,6,441
37.5,15,8,7,443
37.5,15,8,8,445
37.5,15,8,9,447
37.5,15,8,10,449
37.5,15,8,11,451
37.5,15,8,12,453
37.5,15,8,13,455
37.5,15,8,14,457
37.5,15,8,15,459
37.5,15,9,0,431
37.5,15,9,1,433
37.5,15,9,2,435
37.5,15,9,3,438
37.5,15,9,4,440
37.5,15,9,5,442
37.5,15,9,6,444
37.5,15,9,7,446
37.5,15,9,8,448
37.5,15,9,9,450
37.5,15,9,10,452
37.5,15,9,11,454
37.5,15,9,12,456
37.5,15,9,13,458
37.5,15,9,14,460
37.5,15,9,15,462
37.5,15,10,0,434
37.5,15,10,1,436
37.5,15,10,2,438
37.5,15,10,3,440
37.5,15,10,4,442
37.5,15,10,5,444
37.5,15,10,6,446
37.5,15,10,7,448
37.5,15,10,8,450
37.5,15,10,9,452
37.5,15,10,10,454
37.5,15,10,11,456
37.5,15,10,12,458
37.5,15,10,13,460
37.5,15,10,14,462
37.5,15,10,15,464
37.5,15,11,0,436
37.5,15,11,1,438
37.5,15,11,2,440
37.5,15,11,3,442
37.5,15,11,4,444
37.5,15,11,5,446
37.5,15,11,6,449
37.5,15,11,7,451
37.5,15,11,8,453
37.5,15,11,9,455
37.5,15,11,10,457
37.5,15,11,11,459
37.5,15,11,12,461
37.5,15,11,13,463
37.5,15,11,14,465
37.5,15,11,15,467
37.5,15,12,0,438
37.5,15,12,1,440
37.5,15,12,2,443
37.5,15,12,3,445
37.5,15,12,4,447
37.5,15,12,5,449
37.5,15,12,6,451
37.5,15,12,7,453
37.5,15,12,8,455
37.5,15,12,9,457
37.5,15,12,10,459
37.5,15,12,11,461
37.5,15,12,12,463
37.5,15,12,13,465
37.5,15,12,14,467
37.5,15,12,15,469
37.5,15,13,0,441
37.5,15,13,1,443
37.5,15,13,2,445
37.5,15,13,3,447
37.5,15,13,4,449
37.5,15,13,5,451
37.5,15,13,6,453
37.5,15,13,7,455
37.5,15,13,8,457
37.5,15,13,9,460
37.5,15,13,10,462
37.5,15,13,11,464
37.5,15,13,12,466
37.5,15,13,13,468
37.5,15,13,14,470
37.5,15,13,15,472
37.5,15,14,0,443
37.5,15,14,1,445
37.5,15,14,2,447
37.5,15,14,3,449
37.5,15,14,4,451
37.5,15,14,5,454
37.5,15,14,6,456
37.5,15,14,7,458
37.5,15,14,8,460
37.5,15,14,9,462
37.5,15,14,10,464
37.5,15,14,11,466
37.5,15,14,12,468
37.5,15,14,13,470
37.5,15,14,14,472
37.5,15,14,15,474
37.5,15,15,0,445
37.5,15,15,1,447
37.5,15,15,2,449
37.5,15,15,3,452
37.5,15,15,4,454
37.5,15,15,5,456
37.5,15,15,6,458
37.5,15,15,7,460
37.5,15,15,8,462
37.5,15,15,9,464
37.5,15,15,10,466
37.5,15,15,11,469
37.5,15,15,12,471
37.5,15,15,13,473
37.5,15,15,14,475
37.5,15,15,15,477
38.0,0,0,0,329
38.0,0,0,1,330
38.0,0,0,2,332
38.0,0,0,3,334
38.0,0,0,4,335
38.0,0,0,5,337
38.0,0,0,6,338
38.0,0,0,7,340
38.0,0,0,8,342
38.0,0,0,9,343
38.0,0,0,10,345
38.0,0,0,11,346
38.0,0,0,12,348
38.0,0,0,13,349
38.0,0,0,14,351
38.0,0,0,15,352
38.0,0,1,0,331
38.0,0,1,1,332
38.0,0,1,2,334
38.0,0,1,3,336
38.0,0,1,4,337
38.0,0,1,5,339
38.0,0,1,6,340
38.0,0,1,7,342
38.0,0,1,8,344
38.0,0,1,9,345
38.0,0,1,10,347
38.0,0,1,11,348
38.0,0,1,12,350
38.0,0,1,13,351
38.0,0,1,14,353
38.0,0,1,15,354
38.0,0,2,0,333
38.0,0,2,1,334
38.0,0,2,2,336
38.0,0,2,3,338
38.0,0,2,4,339
38.0,0,2,5,341
38.0,0,2,6,342
38.0,0,2,7,344
38.0,0,2,8,346
38.0,0,2,9,347
38.0,0,2,10,349
38.0,0,2,11,350
38.0,0,2,12,352
38.0,0,2,13,353
38.0,0,2,14,355
38.0,0,2,15,356
38.0,0,3,0,335
38.0,0,3,1,336
38.0,0,3,2,338
38.0,0,3,3,340
38.0,0,3,4,341
38.0,0,3,5,343
38.0,0,3,6,344
38.0,0,3,7,346
38.0,0,3,8,348
38.0,0,3,9,349
38.0,0,3,10,351
38.0,0,3,11,352
38.0,0,3,12,354
38.0,0,3,13,356
38.0,0,3,14,357
38.0,0,3,15,359
38.0,0,4,0,337
38.0,0,4,1,338
38.0,0,4,2,340
38.0,0,4,3,342
38.0,0,4,4,343
38.0,0,4,5,345
38.0,0,4,6,346
38.0,0,4,7,348
38.0,0,4,8,350
38.0,0,4,9,351
38.0,0,4,10,353
38.0,0,4,11,354
38.0,0,4,12,356
38.0,0,4,13,358
38.0,0,4,14,359
38.0,0,4,15,361
38.0,0,5,0,339
38.0,0,5,1,340
38.0,0,5,2,342
38.0,0,5,3,344
38.0,0,5,4,345
38.0,0,5,5,347
38.0,0,5,6,348
38.0,0,5,7,350
38.0,0,5,8,352
38.0,0,5,9,353
38.0,0,5,10,355
38.0,0,5,11,356
38.0,0,5,12,358
38.0,0,5,13,360
38.0,0,5,14,361
38.0,0,5,15,363
38.0,0,6,0,341
38.0,0,6,1,342
38.0,0,6,2,344
38.0,0,6,3,346
38.0,0,6,4,347
38.0,0,6,5,349
38.0,0,6,6,350
38.0,0,6,7,352
38.0,0,6,8,354
38.0,0,6,9,355
38.0,0,6,10,357
38.0,0,6,11,358
38.0,0,6,12,360
38.0,0,6,13,362
38.0,0,6,14,363
38.0,0,6,15,365
38.0,0,7,0,342
38.0,0,7,1,344
38.0,0,7,2,346
38.0,0,7,3,347
38.0,0,7,4,349
38.0,0,7,5,351
38.0,0,7,6,352
38.0,0,7,7,354
38.0,0,7,8,356
38.0,0,7,9,357
38.0,0,7,10,359
38.0,0,7,11,361
38.0,0,7,12,362
38.0,0,7,13,364
38.0,0,7,14,365
38.0,0,7,15,367
38.0,0,8,0,344
38.0,0,8,1,346
38.0,0,8,2,348
38.0,0,8,3,349
38.0,0,8,4,351
38.0,0,8,5,353
38.0,0,8,6,354
38.0,0,8,7,356
38.0,0,8,8,358
38.0,0,8,9,359
38.0,0,8,10,361
38.0,0,8,11,363
38.0,0,8,12,364
38.0,0,8,13,366
38.0,0,8,14,367
38.0,0,8,15,369
38.0,0,9,0,346
38.0,0,9,1,348
38.0,0,9,2,350
38.0,0,9,3,351
38.0,0,9,4,353
38.0,0,9,5,355
38.0,0,9,6,356
38.0,0,9,7,358
38.0,0,9,8,360
38.0,0,9,9,361
38.0,0,9,10,363
38.0,0,9,11,364
38.0,0,9,12,366
38.0,0,9,13,368
38.0,0,9,14,369
38.0,0,9,15,371
38.0,0,10,0,348
38.0,0,10,1,350
38.0,0,10,2,352
38.0,0,10,3,353
38.0,0,10,4,355
38.0,0,10,5,357
38.0,0,10,6,358
38.0,0,10,7,360
38.0,0,10,8,362
38.0,0,10,9,363
38.0,0,10,10,365
38.0,0,10,11,366
38.0,0,10,12,368
38.0,0,10,13,370
38.0,0,10,14,371
38.0,0,10,15,373
38.0,0,11,0,350
38.0,0,11,1,352
38.0,0,11,2,353
38.0,0,11,3,355
38.0,0,11,4,357
38.0,0,11,5,359
38.0,0,11,6,360
38.0,0,11,7,362
38.0,0,11,8,364
38.0,0,11,9,365
38.0,0,11,10,367
38.0,0,11,11,368
38.0,0,11,12,370
38.0,0,11,13,372
38.0,0,11,14,373
38.0,0,11,15,375
38.0,0,12,0,352
38.0,0,12,1,354
38.0,0,12,2,355
38.0,0,12,3,357
38.0,0,12,4,359
38.0,0,12,5,360
38.0,0,12,6,362
38.0,0,12,7,364
38.0,0,12,8,365
38.0,0,12,9,367
38.0,0,12,10,369
38.0,0,12,11,370
38.0,0,12,12,372
38.0,0,12,13,374
38.0,0,12,14,375
38.0,0,12,15,377
38.0,0,13,0,354
38.0,0,13,1,355
38.0,0,13,2,357
38.0,0,13,3,359
38.0,0,13,4,361
38.0,0,13,5,362
38.0,0,13,6,364
38.0,0,13,7,366
38.0,0,13,8,367
38.0,0,13,9,369
38.0,0,13,10,371
38.0,0,13,11,372
38.0,0,13,12,374
38.0,0,13,13,376
38.0,0,13,14,377
38.0,0,13,15,379
38.0,0,14,0,356
38.0,0,14,1,357
38.0,0,14,2,359
38.0,0,14,3,361
38.0,0,14,4,362
38.0,0,14,5,364
38.0,0,14,6,366
38.0,0,14,7,368
38.0,0,14,8,369
38.0,0,14,9,371
38.0,0,14,10,373
38.0,0,14,11,374
38.0,0,14,12,376
38.0,0,14,13,378
38.0,0,14,14,379
38.0,0,14,15,381
38.0,0,15,0,357
38.0,0,15,1,359
38.0,0,15,2,361
38.0,0,15,3,363
38.0,0,15,4,364
38.0,0,15,5,366
38.0,0,15,6,368
38.0,0,15,7,369
38.0,0,15,8,371
38.0,0,15,9,373
38.0,0,15,10,375
38.0,0,15,11,376
38.0,0,15,12,378
38.0,0,15,13,380
38.0,0,15,14,381
38.0,0,15,15,383
38.0,1,0,0,334
38.0,1,0,1,336
38.0,1,0,2,338
38.0,1,0,3,339
38.0,1,0,4,341
38.0,1,0,5,343
38.0,1,0,6,344
38.0,1,0,7,346
38.0,1,0,8,347
38.0,1,0,9,349
38.0,1,0,10,350
38.0,1,0,11,352
38.0,1,0,12,354
38.0,1,0,13,355
38.0,1,0,14,357
38.0,1,0,15,358
38.0,1,1,0,336
38.0,1,1,1,338
38.0,1,1,2,340
38.0,1,1,3,341
38.0,1,1,4,343
38.0,1,1,5,345
38.0,1,1,6,346
38.0,1,1,7,348
38.0,1,1,8,349
38.0,1,1,9,351
38.0,1,1,10,353
38.0,1,1,11,354
38.0,1,1,12,356
38.0,1,1,13,357
38.0,1,1,14,359
38.0,1,1,15,360
38.0,1,2,0,338
38.0,1,2,1,340
38.0,1,2,2,342
38.0,1,2,3,343
38.0,1,2,4,345
38.0,1,2,5,347
38.0,1,2,6,348
38.0,1,2,7,350
38.0,1,2,8,352
38.0,1,2,9,353
38.0,1,2,10,355
38.0,1,2,11,356
38.0,1,2,12,358
38.0,1,2,13,359
38.0,1,2,14,361
38.0,1,2,15,363
38.0,1,3,0,340
38.0,1,3,1,342
38.0,1,3,2,344
38.0,1,3,3,345
38.0,1,3,4,347
38.0,1,3,5,349
38.0,1,3,6,350
38.0,1,3,7,352
38.0,1,3,8,354
38.0,1,3,9,355
38.0,1,3,10,357
38.0,1,3,11,358
38.0,1,3,12,360
38.0,1,3,13,362
38.0,1,3,14,363
38.0,1,3,15,365
38.0,1,4,0,342
38.0,1,4,1,344
38.0,1,4,2,346
38.0,1,4,3,347
38.0,1,4,4,349
38.0,1,4,5,351
38.0,1,4,6,352
38.0,1,4,7,354
38.0,1,4,8,356
38.0,1,4,9,357
38.0,1,4,10,359
38.0,1,4,11,360
38.0,1,4,12,362
38.0,1,4,13,364
38.0,1,4,14,365
38.0,1,4,15,367
38.0,1,5,0,344
38.0,1,5,1,346
38.0,1,5,2,348
38.0,1,5,3,349
38.0,1,5,4,351
38.0,1,5,5,353
38.0,1,5,6,354
38.0,1,5,7,356
38.0,1,5,8,358
38.0,1,5,9,359
38.0,1,5,10,361
38.0,1,5,11,363
38.0,1,5,12,364
38.0,1,5,13,366
38.0,1,5,14,367
38.0,1,5,15,369
38.0,1,6,0,346
38.0,1,6,1,348
38.0,1,6,2,350
38.0,1,6,3,351
38.0,1,6,4,353
38.0,1,6,5,355
38.0,1,6,6,356
38.0,1,6,7,358
38.0,1,6,8,360
38.0,1,6,9,361
38.0,1,6,10,363
38.0,1,6,11,365
38.0,1,6,12,366
38.0,1,6,13,368
38.0,1,6,14,369
38.0,1,6,15,371
38.0,1,7,0,348
38.0,1,7,1,350
38.0,1,7,2,352
38.0,1,7,3,353
38.0,1,7,4,355
38.0,1,7,5,357
38.0,1,7,6,358
38.0,1,7,7,360
38.0,1,7,8,362
38.0,1,7,9,363
38.0,1,7,10,365
38.0,1,7,11,367
38.0,1,7,12,368
38.0,1,7,13,370
38.0,1,7,14,371
38.0,1,7,15,373
38.0,1,8,0,350
38.0,1,8,1,352
38.0,1,8,2,354
38.0,1,8,3,355
38.0,1,8,4,357
38.0,1,8,5,359
38.0,1,8,6,360
38.0,1,8,7,362
38.0,1,8,8,364
38.0,1,8,9,365
38.0,1,8,10,367
38.0,1,8,11,369
38.0,1,8,12,370
38.0,1,8,13,372
38.0,1,8,14,374
38.0,1,8,15,375
38.0,1,9,0,352
38.0,1,9,1,354
38.0,1,9,2,356
38.0,1,9,3,357
38.0,1,9,4,359
38.0,1,9,5,361
38.0,1,9,6,362
38.0,1,9,7,364
38.0,1,9,8,366
38.0,1,9,9,367
38.0,1,9,10,369
38.0,1,9,11,371
38.0,1,9,12,372
38.0,1,9,13,374
38.0,1,9,14,376
38.0,1,9,15,377
38.0,1,10,0,354
38.0,1,10,1,356
38.0,1,10,2,358
38.0,1,10,3,359
38.0,1,10,4,361
38.0,1,10,5,363
38.0,1,10,6,364
38.0,1,10,7,366
38.0,1,10,8,368
38.0,1,10,9,369
38.0,1,10,10,371
38.0,1,10,11,373
38.0,1,10,12,374
38.0,1,10,13,376
38.0,1,10,14,378
38.0,1,10,15,379
38.0,1,11,0,356
38.0,1,11,1,358
38.0,1,11,2,359
38.0,1,11,3,361
38.0,1,11,4,363
38.0,1,11,5,365
38.0,1,11,6,366
38.0,1,11,7,368
38.0,1,11,8,370
38.0,1,11,9,371
38.0,1,11,10,373
38.0,1,11,11,375
38.0,1,11,12,376
38.0,1,11,13,378
38.0,1,11,14,380
38.0,1,11,15,381
38.0,1,12,0,358
38.0,1,12,1,360
38.0,1,12,2,361
38.0,1,12,3,363
38.0,1,12,4,365
38.0,1,12,5,367
38.0,1,12,6,368
38.0,1,12,7,370
38.0,1,12,8,372
38.0,1,12,9,373
38.0,1,12,10,375
38.0,1,12,11,377
38.0,1,12,12,378
38.0,1,12,13,380
38.0,1,12,14,382
38.0,1,12,15,383
38.0,1,13,0,360
38.0,1,13,1,361
38.0,1,13,2,363
38.0,1,13,3,365
38.0,1,13,4,367
38.0,1,13,5,368
38.0,1,13,6,370
38.0,1,13,7,372
38.0,1,13,8,374
38.0,1,13,9,375
38.0,1,13,10,377
38.0,1,13,11,379
38.0,1,13,12,380
38.0,1,13,13,382
38.0,1,13,14,384
38.0,1,13,15,385
38.0,1,14,0,362
38.0,1,14,1,363
38.0,1,14,2,365
38.0,1,14,3,367
38.0,1,14,4,369
38.0,1,14,5,370
38.0,1,14,6,372
38.0,1,14,7,374
38.0,1,14,8,376
38.0,1,14,9,377
38.0,1,14,10,379
38.0,1,14,11,381
38.0,1,14,12,382
38.0,1,14,13,384
38.0,1,14,14,386
38.0,1,14,15,387
38.0,1,15,0,363
38.0,1,15,1,365
38.0,1,15,2,367
38.0,1,15,3,369
38.0,1,15,4,371
38.0,1,15,5,372
38.0,1,15,6,374
38.0,1,15,7,376
38.0,1,15,8,377
38.0,1,15,9,379
38.0,1,15,10,381
38.0,1,15,11,383
38.0,1,15,12,384
38.0,1,15,13,386
38.0,1,15,14,388
38.0,1,15,15,389
38.0,2,0,0,340
38.0,2,0,1,342
38.0,2,0,2,343
38.0,2,0,3,345
38.0,2,0,4,347
38.0,2,0,5,348
38.0,2,0,6,350
38.0,2,0,7,352
38.0,2,0,8,353
38.0,2,0,9,355
38.0,2,0,10,356
38.0,2,0,11,358
38.0,2,0,12,360
38.0,2,0,13,361
38.0,2,0,14,363
38.0,2,0,15,364
38.0,2,1,0,342
38.0,2,1,1,344
38.0,2,1,2,345
38.0,2,1,3,347
38.0,2,1,4,349
38.0,2,1,5,350
38.0,2,1,6,352
38.0,2,1,7,354
38.0,2,1,8,355
38.0,2,1,9,357
38.0,2,1,10,358
38.0,2,1,11,360
38.0,2,1,12,362
38.0,2,1,13,363
38.0,2,1,14,365
38.0,2,1,15,366
38.0,2,2,0,344
38.0,2,2,1,346
38.0,2,2,2,347
38.0,2,2,3,349
38.0,2,2,4,351
38.0,2,2,5,352
38.0,2,2,6,354
38.0,2,2,7,356
38.0,2,2,8,357
38.0,2,2,9,359
38.0,2,2,10,361
38.0,2,2,11,362
38.0,2,2,12,364
38.0,2,2,13,365
38.0,2,2,14,367
38.0,2,2,15,369
38.0,2,3,0,346
38.0,2,3,1,348
38.0,2,3,2,350
38.0,2,3,3,351
38.0,2,3,4,353
38.0,2,3,5,355
38.0,2,3,6,356
38.0,2,3,7,358
38.0,2,3,8,359
38.0,2,3,9,361
38.0,2,3,10,363
38.0,2,3,11,364
38.0,2,3,12,366
38.0,2,3,13,368
38.0,2,3,14,369
38.0,2,3,15,371
38.0,2,4,0,348
38.0,2,4,1,350
38.0,2,4,2,352
38.0,2,4,3,353
38.0,2,4,4,355
38.0,2,4,5,357
38.0,2,4,6,358
38.0,2,4,7,360
38.0,2,4,8,362
38.0,2,4,9,363
38.0,2,4,10,365
38.0,2,4,11,366
38.0,2,4,12,368
38.0,2,4,13,370
38.0,2,4,14,371
38.0,2,4,15,373
38.0,2,5,0,350
38.0,2,5,1,352
38.0,2,5,2,354
38.0,2,5,3,355
38.0,2,5,4,357
38.0,2,5,5,359
38.0,2,5,6,360
38.0,2,5,7,362
38.0,2,5,8,364
38.0,2,5,9,365
38.0,2,5,10,367
38.0,2,5,11,369
38.0,2,5,12,370
38.0,2,5,13,372
38.0,2,5,14,373
38.0,2,5,15,375
38.0,2,6,0,352
38.0,2,6,1,354
38.0,2,6,2,356
38.0,2,6,3,357
38.0,2,6,4,359
38.0,2,6,5,361
38.0,2,6,6,362
38.0,2,6,7,364
38.0,2,6,8,366
38.0,2,6,9,367
38.0,2,6,10,369
38.0,2,6,11,371
38.0,2,6,12,372
38.0,2,6,13,374
38.0,2,6,14,376
38.0,2,6,15,377
38.0,2,7,0,354
38.0,2,7,1,356
38.0,2,7,2,358
38.0,2,7,3,359
38.0,2,7,4,361
38.0,2,7,5,363
38.0,2,7,6,364
38.0,2,7,7,366
38.0,2,7,8,368
38.0,2,7,9,369
38.0,2,7,10,371
38.0,2,7,11,373
38.0,2,7,12,374
38.0,2,7,13,376
38.0,2,7,14,378
38.0,2,7,15,379
38.0,2,8,0,356
38.0,2,8,1,358
38.0,2,8,2,360
38.0,2,8,3,361
38.0,2,8,4,363
38.0,2,8,5,365
38.0,2,8,6,366
38.0,2,8,7,368
38.0,2,8,8,370
38.0,2,8,9,371
38.0,2,8,10,373
38.0,2,8,11,375
38.0,2,8,12,376
38.0,2,8,13,378
38.0,2,8,14,380
38.0,2,8,15,381
38.0,2,9,0,358
38.0,2,9,1,360
38.0,2,9,2,362
38.0,2,9,3,363
38.0,2,9,4,365
38.0,2,9,5,367
38.0,2,9,6,368
38.0,2,9,7,370
38.0,2,9,8,372
38.0,2,9,9,374
38.0,2,9,10,375
38.0,2,9,11,377
38.0,2,9,12,379
38.0,2,9,13,380
38.0,2,9,14,382
38.0,2,9,15,383
38.0,2,10,0,360
38.0,2,10,1,362
38.0,2,10,2,363
38.0,2,10,3,365
38.0,2,10,4,367
38.0,2,10,5,369
38.0,2,10,6,370
38.0,2,10,7,372
38.0,2,10,8,374
38.0,2,10,9,376
38.0,2,10,10,377
38.0,2,10,11,379
38.0,2,10,12,381
38.0,2,10,13,382
38.0,2,10,14,384
38.0,2,10,15,386
38.0,2,11,0,362
38.0,2,11,1,364
38.0,2,11,2,365
38.0,2,11,3,367
38.0,2,11,4,369
38.0,2,11,5,371
38.0,2,11,6,372
38.0,2,11,7,374
38.0,2,11,8,376
38.0,2,11,9,378
38.0,2,11,10,379
38.0,2,11,11,381
38.0,2,11,12,383
38.0,2,11,13,384
38.0,2,11,14,386
38.0,2,11,15,388
38.0,2,12,0,364
38.0,2,12,1,366
38.0,2,12,2,367
38.0,2,12,3,369
38.0,2,12,4,371
38.0,2,12,5,373
38.0,2,12,6,374
38.0,2,12,7,376
38.0,2,12,8,378
38.0,2,12,9,380
38.0,2,12,10,381
38.0,2,12,11,383
38.0,2,12,12,385
38.0,2,12,13,386
38.0,2,12,14,388
38.0,2,12,15,390
38.0,2,13,0,366
38.0,2,13,1,368
38.0,2,13,2,369
38.0,2,13,3,371
38.0,2,13,4,373
38.0,2,13,5,375
38.0,2,13,6,376
38.0,2,13,7,378
38.0,2,13,8,380
38.0,2,13,9,382
38.0,2,13,10,383
38.0,2,13,11,385
38.0,2,13,12,387
38.0,2,13,13,388
38.0,2,13,14,390
38.0,2,13,15,392
38.0,2,14,0,368
38.0,2,14,1,369
38.0,2,14,2,371
38.0,2,14,3,373
38.0,2,14,4,375
38.0,2,14,5,377
38.0,2,14,6,378
38.0,2,14,7,380
38.0,2,14,8,382
38.0,2,14,9,384
38.0,2,14,10,385
38.0,2,14,11,387
38.0,2,14,12,389
38.0,2,14,13,390
38.0,2,14,14,392
38.0,2,14,15,394
38.0,2,15,0,370
38.0,2,15,1,371
38.0,2,15,2,373
38.0,2,15,3,375
38.0,2,15,4,377
38.0,2,15,5,378
38.0,2,15,6,380
38.0,2,15,7,382
38.0,2,15,8,384
38.0,2,15,9,386
38.0,2,15,10,387
38.0,2,15,11,389
38.0,2,15,12,391
38.0,2,15,13,392
38.0,2,15,14,394
38.0,2,15,15,396
38.0,3,0,0,346
38.0,3,0,1,347
38.0,3,0,2,349
38.0,3,0,3,351
38.0,3,0,4,352
38.0,3,0,5,354
38.0,3,0,6,356
38.0,3,0,7,357
38.0,3,0,8,359
38.0,3,0,9,361
38.0,3,0,10,362
38.0,3,0,11,364
38.0,3,0,12,365
38.0,3,0,13,367
38.0,3,0,14,369
38.0,3,0,15,370
38.0,3,1,0,348
38.0,3,1,1,349
38.0,3,1,2,351
38.0,3,1,3,353
38.0,3,1,4,354
38.0,3,1,5,356
38.0,3,1,6,358
38.0,3,1,7,359
38.0,3,1,8,361
38.0,3,1,9,363
38.0,3,1,10,364
38.0,3,1,11,366
38.0,3,1,12,368
38.0,3,1,13,369
38.0,3,1,14,371
38.0,3,1,15,372
38.0,3,2,0,350
38.0,3,2,1,351
38.0,3,2,2,353
38.0,3,2,3,355
38.0,3,2,4,357
38.0,3,2,5,358
38.0,3,2,6,360
38.0,3,2,7,362
38.0,3,2,8,363
38.0,3,2,9,365
38.0,3,2,10,367
38.0,3,2,11,368
38.0,3,2,12,370
38.0,3,2,13,371
38.0,3,2,14,373
38.0,3,2,15,375
38.0,3,3,0,352
38.0,3,3,1,354
38.0,3,3,2,355
38.0,3,3,3,357
38.0,3,3,4,359
38.0,3,3,5,360
38.0,3,3,6,362
38.0,3,3,7,364
38.0,3,3,8,365
38.0,3,3,9,367
38.0,3,3,10,369
38.0,3,3,11,370
38.0,3,3,12,372
38.0,3,3,13,374
38.0,3,3,14,375
38.0,3,3,15,377
38.0,3,4,0,354
38.0,3,4,1,356
38.0,3,4,2,357
38.0,3,4,3,359
38.0,3,4,4,361
38.0,3,4,5,362
38.0,3,4,6,364
38.0,3,4,7,366
38.0,3,4,8,367
38.0,3,4,9,369
38.0,3,4,10,371
38.0,3,4,11,372
38.0,3,4,12,374
38.0,3,4,13,376
38.0,3,4,14,377
38.0,3,4,15,379
38.0,3,5,0,356
38.0,3,5,1,358
38.0,3,5,2,359
38.0,3,5,3,361
38.0,3,5,4,363
38.0,3,5,5,365
38.0,3,5,6,366
38.0,3,5,7,368
38.0,3,5,8,370
38.0,3,5,9,371
38.0,3,5,10,373
38.0,3,5,11,375
38.0,3,5,12,376
38.0,3,5,13,378
38.0,3,5,14,380
38.0,3,5,15,381
38.0,3,6,0,358
38.0,3,6,1,360
38.0,3,6,2,361
38.0,3,6,3,363
38.0,3,6,4,365
38.0,3,6,5,367
38.0,3,6,6,368
38.0,3,6,7,370
38.0,3,6,8,372
38.0,3,6,9,373
38.0,3,6,10,375
38.0,3,6,11,377
38.0,3,6,12,378
38.0,3,6,13,380
38.0,3,6,14,382
38.0,3,6,15,383
38.0,3,7,0,360
38.0,3,7,1,362
38.0,3,7,2,363
38.0,3,7,3,365
38.0,3,7,4,367
38.0,3,7,5,369
38.0,3,7,6,370
38.0,3,7,7,372
38.0,3,7,8,374
38.0,3,7,9,375
38.0,3,7,10,377
38.0,3,7,11,379
38.0,3,7,12,381
38.0,3,7,13,382
38.0,3,7,14,384
38.0,3,7,15,386
38.0,3,8,0,362
38.0,3,8,1,364
38.0,3,8,2,365
38.0,3,8,3,367
38.0,3,8,4,369
38.0,3,8,5,371
38.0,3,8,6,372
38.0,3,8,7,374
38.0,3,8,8,376
38.0,3,8,9,378
38.0,3,8,10,379
38.0,3,8,11,381
38.0,3,8,12,383
38.0,3,8,13,384
38.0,3,8,14,386
38.0,3,8,15,388
38.0,3,9,0,364
38.0,3,9,1,366
38.0,3,9,2,367
38.0,3,9,3,369
38.0,3,9,4,371
38.0,3,9,5,373
38.0,3,9,6,374
38.0,3,9,7,376
38.0,3,9,8,378
38.0,3,9,9,380
38.0,3,9,10,381
38.0,3,9,11,383
38.0,3,9,12,385
38.0,3,9,13,386
38.0,3,9,14,388
38.0,3,9,15,390
38.0,3,10,0,366
38.0,3,10,1,368
38.0,3,10,2,369
38.0,3,10,3,371
38.0,3,10,4,373
38.0,3,10,5,375
38.0,3,10,6,377
38.0,3,10,7,378
38.0,3,10,8,380
38.0,3,10,9,382
38.0,3,10,10,383
38.0,3,10,11,385
38.0,3,10,12,387
38.0,3,10,13,389
38.0,3,10,14,390
38.0,3,10,15,392
38.0,3,11,0,368
38.0,3,11,1,370
38.0,3,11,2,371
38.0,3,11,3,373
38.0,3,11,4,375
38.0,3,11,5,377
38.0,3,11,6,379
38.0,3,11,7,380
38.0,3,11,8,382
38.0,3,11,9,384
38.0,3,11,10,385
38.0,3,11,11,387
38.0,3,11,12,389
38.0,3,11,13,391
38.0,3,11,14,392
38.0,3,11,15,394
38.0,3,12,0,370
38.0,3,12,1,372
38.0,3,12,2,373
38.0,3,12,3,375
38.0,3,12,4,377
38.0,3,12,5,379
38.0,3,12,6,381
38.0,3,12,7,382
38.0,3,12,8,384
38.0,3,12,9,386
38.0,3,12,10,388
38.0,3,12,11,389
38.0,3,12,12,391
38.0,3,12,13,393
38.0,3,12,14,394
38.0,3,12,15,396
38.0,3,13,0,372
38.0,3,13,1,374
38.0,3,13,2,375
38.0,3,13,3,377
38.0,3,13,4,379
38.0,3,13,5,381
38.0,3,13,6,383
38.0,3,13,7,384
38.0,3,13,8,386
38.0,3,13,9,388
38.0,3,13,10,390
38.0,3,13,11,391
38.0,3,13,12,393
38.0,3,13,13,395
38.0,3,13,14,396
38.0,3,13,15,398
38.0,3,14,0,374
38.0,3,14,1,376
38.0,3,14,2,377
38.0,3,14,3,379
38.0,3,14,4,381
38.0,3,14,5,383
38.0,3,14,6,385
38.0,3,14,7,386
38.0,3,14,8,388
38.0,3,14,9,390
38.0,3,14,10,392
38.0,3,14,11,393
38.0,3,14,12,395
38.0,3,14,13,397
38.0,3,14,14,399
38.0,3,14,15,400
38.0,3,15,0,376
38.0,3,15,1,377
38.0,3,15,2,379
38.0,3,15,3,381
38.0,3,15,4,383
38.0,3,15,5,385
38.0,3,15,6,387
38.0,3,15,7,388
38.0,3,15,8,390
38.0,3,15,9,392
38.0,3,15,10,394
38.0,3,15,11,395
38.0,3,15,12,397
38.0,3,15,13,399
38.0,3,15,14,401
38.0,3,15,15,402
38.0,4,0,0,351
38.0,4,0,1,353
38.0,4,0,2,355
38.0,4,0,3,356
38.0,4,0,4,358
38.0,4,0,5,360
38.0,4,0,6,361
38.0,4,0,7,363
38.0,4,0,8,365
38.0,4,0,9,366
38.0,4,0,10,368
38.0,4,0,11,370
38.0,4,0,12,371
38.0,4,0,13,373
38.0,4,0,14,375
38.0,4,0,15,376
38.0,4,1,0,353
38.0,4,1,1,355
38.0,4,1,2,357
38.0,4,1,3,358
38.0,4,1,4,360
38.0,4,1,5,362
38.0,4,1,6,364
38.0,4,1,7,365
38.0,4,1,8,367
38.0,4,1,9,369
38.0,4,1,10,370
38.0,4,1,11,372
38.0,4,1,12,374
38.0,4,1,13,375
38.0,4,1,14,377
38.0,4,1,15,378
38.0,4,2,0,355
38.0,4,2,1,357
38.0,4,2,2,359
38.0,4,2,3,361
38.0,4,2,4,362
38.0,4,2,5,364
38.0,4,2,6,366
38.0,4,2,7,367
38.0,4,2,8,369
38.0,4,2,9,371
38.0,4,2,10,372
38.0,4,2,11,374
38.0,4,2,12,376
38.0,4,2,13,377
38.0,4,2,14,379
38.0,4,2,15,381
38.0,4,3,0,358
38.0,4,3,1,359
38.0,4,3,2,361
38.0,4,3,3,363
38.0,4,3,4,364
38.0,4,3,5,366
38.0,4,3,6,368
38.0,4,3,7,370
38.0,4,3,8,371
38.0,4,3,9,373
38.0,4,3,10,375
38.0,4,3,11,376
38.0,4,3,12,378
38.0,4,3,13,380
38.0,4,3,14,381
38.0,4,3,15,383
38.0,4,4,0,360
38.0,4,4,1,361
38.0,4,4,2,363
38.0,4,4,3,365
38.0,4,4,4,367
38.0,4,4,5,368
38.0,4,4,6,370
38.0,4,4,7,372
38.0,4,4,8,373
38.0,4,4,9,375
38.0,4,4,10,377
38.0,4,4,11,379
38.0,4,4,12,380
38.0,4,4,13,382
38.0,4,4,14,383
38.0,4,4,15,385
38.0,4,5,0,362
38.0,4,5,1,363
38.0,4,5,2,365
38.0,4,5,3,367
38.0,4,5,4,369
38.0,4,5,5,370
38.0,4,5,6,372
38.0,4,5,7,374
38.0,4,5,8,376
38.0,4,5,9,377
38.0,4,5,10,379
38.0,4,5,11,381
38.0,4,5,12,382
38.0,4,5,13,384
38.0,4,5,14,386
38.0,4,5,15,387
38.0,4,6,0,364
38.0,4,6,1,365
38.0,4,6,2,367
38.0,4,6,3,369
38.0,4,6,4,371
38.0,4,6,5,373
38.0,4,6,6,374
38.0,4,6,7,376
38.0,4,6,8,378
38.0,4,6,9,379
38.0,4,6,10,381
38.0,4,6,11,383
38.0,4,6,12,385
38.0,4,6,13,386
38.0,4,6,14,388
38.0,4,6,15,390
38.0,4,7,0,366
38.0,4,7,1,368
38.0,4,7,2,369
38.0,4,7,3,371
38.0,4,7,4,373
38.0,4,7,5,375
38.0,4,7,6,376
38.0,4,7,7,378
38.0,4,7,8,380
38.0,4,7,9,382
38.0,4,7,10,383
38.0,4,7,11,385
38.0,4,7,12,387
38.0,4,7,13,388
38.0,4,7,14,390
38.0,4,7,15,392
38.0,4,8,0,368
38.0,4,8,1,370
38.0,4,8,2,371
38.0,4,8,3,373
38.0,4,8,4,375
38.0,4,8,5,377
38.0,4,8,6,378
38.0,4,8,7,380
38.0,4,8,8,382
38.0,4,8,9,384
38.0,4,8,10,385
38.0,4,8,11,387
38.0,4,8,12,389
38.0,4,8,13,391
38.0,4,8,14,392
38.0,4,8,15,394
38.0,4,9,0,370
38.0,4,9,1,372
38.0,4,9,2,373
38.0,4,9,3,375
38.0,4,9,4,377
38.0,4,9,5,379
38.0,4,9,6,381
38.0,4,9,7,382
38.0,4,9,8,384
38.0,4,9,9,386
38.0,4,9,10,388
38.0,4,9,11,389
38.0,4,9,12,391
38.0,4,9,13,393
38.0,4,9,14,394
38.0,4,9,15,396
38.0,4,10,0,372
38.0,4,10,1,374
38.0,4,10,2,375
38.0,4,10,3,377
38.0,4,10,4,379
38.0,4,10,5,381
38.0,4,10,6,383
38.0,4,10,7,384
38.0,4,10,8,386
38.0,4,10,9,388
38.0,4,10,10,390
38.0,4,10,11,391
38.0,4,10,12,393
38.0,4,10,13,395
38.0,4,10,14,397
38.0,4,10,15,398
38.0,4,11,0,374
38.0,4,11,1,376
38.0,4,11,2,377
38.0,4,11,3,379
38.0,4,11,4,381
38.0,4,11,5,383
38.0,4,11,6,385
38.0,4,11,7,386
38.0,4,11,8,388
38.0,4,11,9,390
38.0,4,11,10,392
38.0,4,11,11,393
38.0,4,11,12,395
38.0,4,11,13,397
38.0,4,11,14,399
38.0,4,11,15,400
38.0,4,12,0,376
38.0,4,12,1,378
38.0,4,12,2,379
38.0,4,12,3,381
38.0,4,12,4,383
38.0,4,12,5,385
38.0,4,12,6,387
38.0,4,12,7,388
38.0,4,12,8,390
38.0,4,12,9,392
38.0,4,12,10,394
38.0,4,12,11,396
38.0,4,12,12,397
38.0,4,12,13,399
38.0,4,12,14,401
38.0,4,12,15,402
38.0,4,13,0,378
38.0,4,13,1,380
38.0,4,13,2,381
38.0,4,13,3,383
38.0,4,13,4,385
38.0,4,13,5,387
38.0,4,13,6,389
38.0,4,13,7,391
38.0,4,13,8,392
38.0,4,13,9,394
38.0,4,13,10,396
38.0,4,13,11,398
38.0,4,13,12,399
38.0,4,13,13,401
38.0,4,13,14,403
38.0,4,13,15,405
38.0,4,14,0,380
38.0,4,14,1,382
38.0,4,14,2,383
38.0,4,14,3,385
38.0,4,14,4,387
38.0,4,14,5,389
38.0,4,14,6,391
38.0,4,14,7,393
38.0,4,14,8,394
38.0,4,14,9,396
38.0,4,14,10,398
38.0,4,14,11,400
38.0,4,14,12,401
38.0,4,14,13,403
38.0,4,14,14,405
38.0,4,14,15,407
38.0,4,15,0,382
38.0,4,15,1,384
38.0,4,15,2,385
38.0,4,15,3,387
38.0,4,15,4,389
38.0,4,15,5,391
38.0,4,15,6,393
38.0,4,15,7,395
38.0,4,15,8,396
38.0,4,15,9,398
38.0,4,15,10,400
38.0,4,15,11,402
38.0,4,15,12,404
38.0,4,15,13,405
38.0,4,15,14,407
38.0,4,15,15,409
38.0,5,0,0,357
38.0,5,0,1,359
38.0,5,0,2,360
38.0,5,0,3,362
38.0,5,0,4,364
38.0,5,0,5,365
38.0,5,0,6,367
38.0,5,0,7,369
38.0,5,0,8,371
38.0,5,0,9,372
38.0,5,0,10,374
38.0,5,0,11,376
38.0,5,0,12,377
38.0,5,0,13,379
38.0,5,0,14,381
38.0,5,0,15,382
38.0,5,1,0,359
38.0,5,1,1,361
38.0,5,1,2,362
38.0,5,1,3,364
38.0,5,1,4,366
38.0,5,1,5,368
38.0,5,1,6,369
38.0,5,1,7,371
38.0,5,1,8,373
38.0,5,1,9,374
38.0,5,1,10,376
38.0,5,1,11,378
38.0,5,1,12,379
38.0,5,1,13,381
38.0,5,1,14,383
38.0,5,1,15,384
38.0,5,2,0,361
38.0,5,2,1,363
38.0,5,2,2,365
38.0,5,2,3,366
38.0,5,2,4,368
38.0,5,2,5,370
38.0,5,2,6,372
38.0,5,2,7,373
38.0,5,2,8,375
38.0,5,2,9,377
38.0,5,2,10,378
38.0,5,2,11,380
38.0,5,2,12,382
38.0,5,2,13,383
38.0,5,2,14,385
38.0,5,2,15,387
38.0,5,3,0,363
38.0,5,3,1,365
38.0,5,3,2,367
38.0,5,3,3,368
38.0,5,3,4,370
38.0,5,3,5,372
38.0,5,3,6,374
38.0,5,3,7,375
38.0,5,3,8,377
38.0,5,3,9,379
38.0,5,3,10,381
38.0,5,3,11,382
38.0,5,3,12,384
38.0,5,3,13,386
38.0,5,3,14,387
38.0,5,3,15,389
38.0,5,4,0,365
38.0,5,4,1,367
38.0,5,4,2,369
38.0,5,4,3,371
38.0,5,4,4,372
38.0,5,4,5,374
38.0,5,4,6,376
38.0,5,4,7,378
38.0,5,4,8,379
38.0,5,4,9,381
38.0,5,4,10,383
38.0,5,4,11,385
38.0,5,4,12,386
38.0,5,4,13,388
38.0,5,4,14,390
38.0,5,4,15,391
38.0,5,5,0,367
38.0,5,5,1,369
38.0,5,5,2,371
38.0,5,5,3,373
38.0,5,5,4,375
38.0,5,5,5,376
38.0,5,5,6,378
38.0,5,5,7,380
38.0,5,5,8,382
38.0,5,5,9,383
38.0,5,5,10,385
38.0,5,5,11,387
38.0,5,5,12,388
38.0,5,5,13,390
38.0,5,5,14,392
38.0,5,5,15,394
38.0,5,6,0,369
38.0,5,6,1,371
38.0,5,6,2,373
38.0,5,6,3,375
38.0,5,6,4,377
38.0,5,6,5,378
38.0,5,6,6,380
38.0,5,6,7,382
38.0,5,6,8,384
38.0,5,6,9,385
38.0,5,6,10,387
38.0,5,6,11,389
38.0,5,6,12,391
38.0,5,6,13,392
38.0,5,6,14,394
38.0,5,6,15,396
38.0,5,7,0,372
38.0,5,7,1,373
38.0,5,7,2,375
38.0,5,7,3,377
38.0,5,7,4,379
38.0,5,7,5,381
38.0,5,7,6,382
38.0,5,7,7,384
38.0,5,7,8,386
38.0,5,7,9,388
38.0,5,7,10,389
38.0,5,7,11,391
38.0,5,7,12,393
38.0,5,7,13,395
38.0,5,7,14,396
38.0,5,7,15,398
38.0,5,8,0,374
38.0,5,8,1,375
38.0,5,8,2,377
38.0,5,8,3,379
38.0,5,8,4,381
38.0,5,8,5,383
38.0,5,8,6,384
38.0,5,8,7,386
38.0,5,8,8,388
38.0,5,8,9,390
38.0,5,8,10,392
38.0,5,8,11,393
38.0,5,8,12,395
38.0,5,8,13,397
38.0,5,8,14,398
38.0,5,8,15,400
38.0,5,9,0,376
38.0,5,9,1,378
38.0,5,9,2,379
38.0,5,9,3,381
38.0,5,9,4,383
38.0,5,9,5,385
38.0,5,9,6,387
38.0,5,9,7,388
38.0,5,9,8,390
38.0,5,9,9,392
38.0,5,9,10,394
38.0,5,9,11,395
38.0,5,9,12,397
38.0,5,9,13,399
38.0,5,9,14,401
38.0,5,9,15,402
38.0,5,10,0,378
38.0,5,10,1,380
38.0,5,10,2,381
38.0,5,10,3,383
38.0,5,10,4,385
38.0,5,10,5,387
38.0,5,10,6,389
38.0,5,10,7,390
38.0,5,10,8,392
38.0,5,10,9,394
38.0,5,10,10,396
38.0,5,10,11,398
38.0,5,10,12,399
38.0,5,10,13,401
38.0,5,10,14,403
38.0,5,10,15,405
38.0,5,11,0,380
38.0,5,11,1,382
38.0,5,11,2,383
38.0,5,11,3,385
38.0,5,11,4,387
38.0,5,11,5,389
38.0,5,11,6,391
38.0,5,11,7,393
38.0,5,11,8,394
38.0,5,11,9,396
38.0,5,11,10,398
38.0,5,11,11,400
38.0,5,11,12,401
38.0,5,11,13,403
38.0,5,11,14,405
38.0,5,11,15,407
38.0,5,12,0,382
38.0,5,12,1,384
38.0,5,12,2,385
38.0,5,12,3,387
38.0,5,12,4,389
38.0,5,12,5,391
38.0,5,12,6,393
38.0,5,12,7,395
38.0,5,12,8,396
38.0,5,12,9,398
38.0,5,12,10,400
38.0,5,12,11,402
38.0,5,12,12,404
38.0,5,12,13,405
38.0,5,12,14,407
38.0,5,12,15,409
38.0,5,13,0,384
38.0,5,13,1,386
38.0,5,13,2,388
38.0,5,13,3,389
38.0,5,13,4,391
38.0,5,13,5,393
38.0,5,13,6,395
38.0,5,13,7,397
38.0,5,13,8,399
38.0,5,13,9,400
38.0,5,13,10,402
38.0,5,13,11,404
38.0,5,13,12,406
38.0,5,13,13,408
38.0,5,13,14,409
38.0,5,13,15,411
38.0,5,14,0,386
38.0,5,14,1,388
38.0,5,14,2,390
38.0,5,14,3,391
38.0,5,14,4,393
38.0,5,14,5,395
38.0,5,14,6,397
38.0,5,14,7,399
38.0,5,14,8,401
38.0,5,14,9,402
38.0,5,14,10,404
38.0,5,14,11,406
38.0,5,14,12,408
38.0,5,14,13,410
38.0,5,14,14,411
38.0,5,14,15,413
38.0,5,15,0,388
38.0,5,15,1,390
38.0,5,15,2,392
38.0,5,15,3,393
38.0,5,15,4,395
38.0,5,15,5,397
38.0,5,15,6,399
38.0,5,15,7,401
38.0,5,15,8,403
38.0,5,15,9,404
38.0,5,15,10,406
38.0,5,15,11,408
38.0,5,15,12,410
38.0,5,15,13,412
38.0,5,15,14,414
38.0,5,15,15,415
38.0,6,0,0,362
38.0,6,0,1,364
38.0,6,0,2,366
38.0,6,0,3,368
38.0,6,0,4,369
38.0,6,0,5,371
38.0,6,0,6,373
38.0,6,0,7,375
38.0,6,0,8,376
38.0,6,0,9,378
38.0,6,0,10,380
38.0,6,0,11,381
38.0,6,0,12,383
38.0,6,0,13,385
38.0,6,0,14,386
38.0,6,0,15,388
38.0,6,1,0,365
38.0,6,1,1,366
38.0,6,1,2,368
38.0,6,1,3,370
38.0,6,1,4,372
38.0,6,1,5,373
38.0,6,1,6,375
38.0,6,1,7,377
38.0,6,1,8,379
38.0,6,1,9,380
38.0,6,1,10,382
38.0,6,1,11,384
38.0,6,1,12,385
38.0,6,1,13,387
38.0,6,1,14,389
38.0,6,1,15,390
38.0,6,2,0,367
38.0,6,2,1,369
38.0,6,2,2,370
38.0,6,2,3,372
38.0,6,2,4,374
38.0,6,2,5,376
38.0,6,2,6,377
38.0,6,2,7,379
38.0,6,2,8,381
38.0,6,2,9,383
38.0,6,2,10,384
38.0,6,2,11,386
38.0,6,2,12,388
38.0,6,2,13,389
38.0,6,2,14,391
38.0,6,2,15,393
38.0,6,3,0,369
38.0,6,3,1,371
38.0,6,3,2,372
38.0,6,3,3,374
38.0,6,3,4,376
38.0,6,3,5,378
38.0,6,3,6,380
38.0,6,3,7,381
38.0,6,3,8,383
38.0,6,3,9,385
38.0,6,3,10,387
38.0,6,3,11,388
38.0,6,3,12,390
38.0,6,3,13,392
38.0,6,3,14,393
38.0,6,3,15,395
38.0,6,4,0,371
38.0,6,4,1,373
38.0,6,4,2,375
38.0,6,4,3,376
38.0,6,4,4,378
38.0,6,4,5,380
38.0,6,4,6,382
38.0,6,4,7,384
38.0,6,4,8,385
38.0,6,4,9,387
38.0,6,4,10,389
38.0,6,4,11,391
38.0,6,4,12,392
38.0,6,4,13,394
38.0,6,4,14,396
38.0,6,4,15,397
38.0,6,5,0,373
38.0,6,5,1,375
38.0,6,5,2,377
38.0,6,5,3,379
38.0,6,5,4,380
38.0,6,5,5,382
38.0,6,5,6,384
38.0,6,5,7,386
38.0,6,5,8,388
38.0,6,5,9,389
38.0,6,5,10,391
38.0,6,5,11,393
38.0,6,5,12,395
38.0,6,5,13,396
38.0,6,5,14,398
38.0,6,5,15,400
38.0,6,6,0,375
38.0,6,6,1,377
38.0,6,6,2,379
38.0,6,6,3,381
38.0,6,6,4,383
38.0,6,6,5,384
38.0,6,6,6,386
38.0,6,6,7,388
38.0,6,6,8,390
38.0,6,6,9,391
38.0,6,6,10,393
38.0,6,6,11,395
38.0,6,6,12,397
38.0,6,6,13,398
38.0,6,6,14,400
38.0,6,6,15,402
38.0,6,7,0,377
38.0,6,7,1,379
38.0,6,7,2,381
38.0,6,7,3,383
38.0,6,7,4,385
38.0,6,7,5,387
38.0,6,7,6,388
38.0,6,7,7,390
38.0,6,7,8,392
38.0,6,7,9,394
38.0,6,7,10,395
38.0,6,7,11,397
38.0,6,7,12,399
38.0,6,7,13,401
38.0,6,7,14,402
38.0,6,7,15,404
38.0,6,8,0,379
38.0,6,8,1,381
38.0,6,8,2,383
38.0,6,8,3,385
38.0,6,8,4,387
38.0,6,8,5,389
38.0,6,8,6,390
38.0,6,8,7,392
38.0,6,8,8,394
38.0,6,8,9,396
38.0,6,8,10,398
38.0,6,8,11,399
38.0,6,8,12,401
38.0,6,8,13,403
38.0,6,8,14,405
38.0,6,8,15,406
38.0,6,9,0,382
38.0,6,9,1,383
38.0,6,9,2,385
38.0,6,9,3,387
38.0,6,9,4,389
38.0,6,9,5,391
38.0,6,9,6,393
38.0,6,9,7,394
38.0,6,9,8,396
38.0,6,9,9,398
38.0,6,9,10,400
38.0,6,9,11,402
38.0,6,9,12,403
38.0,6,9,13,405
38.0,6,9,14,407
38.0,6,9,15,409
38.0,6,10,0,384
38.0,6,10,1,385
38.0,6,10,2,387
38.0,6,10,3,389
38.0,6,10,4,391
38.0,6,10,5,393
38.0,6,10,6,395
38.0,6,10,7,397
38.0,6,10,8,398
38.0,6,10,9,400
38.0,6,10,10,402
38.0,6,10,11,404
38.0,6,10,12,406
38.0,6,10,13,407
38.0,6,10,14,409
38.0,6,10,15,411
38.0,6,11,0,386
38.0,6,11,1,388
38.0,6,11,2,389
38.0,6,11,3,391
38.0,6,11,4,393
38.0,6,11,5,395
38.0,6,11,6,397
38.0,6,11,7,399
38.0,6,11,8,401
38.0,6,11,9,402
38.0,6,11,10,404
38.0,6,11,11,406
38.0,6,11,12,408
38.0,6,11,13,410
38.0,6,11,14,411
38.0,6,11,15,413
38.0,6,12,0,388
38.0,6,12,1,390
38.0,6,12,2,392
38.0,6,12,3,393
38.0,6,12,4,395
38.0,6,12,5,397
38.0,6,12,6,399
38.0,6,12,7,401
38.0,6,12,8,403
38.0,6,12,9,404
38.0,6,12,10,406
38.0,6,12,11,408
38.0,6,12,12,410
38.0,6,12,13,412
38.0,6,12,14,414
38.0,6,12,15,415
38.0,6,13,0,390
38.0,6,13,1,392
38.0,6,13,2,394
38.0,6,13,3,395
38.0,6,13,4,397
38.0,6,13,5,399
38.0,6,13,6,401
38.0,6,13,7,403
38.0,6,13,8,405
38.0,6,13,9,407
38.0,6,13,10,408
38.0,6,13,11,410
38.0,6,13,12,412
38.0,6,13,13,414
38.0,6,13,14,416
38.0,6,13,15,417
38.0,6,14,0,392
38.0,6,14,1,394
38.0,6,14,2,396
38.0,6,14,3,398
38.0,6,14,4,399
38.0,6,14,5,401
38.0,6,14,6,403
38.0,6,14,7,405
38.0,6,14,8,407
38.0,6,14,9,409
38.0,6,14,10,411
38.0,6,14,11,412
38.0,6,14,12,414
38.0,6,14,13,416
38.0,6,14,14,418
38.0,6,14,15,420
38.0,6,15,0,394
38.0,6,15,1,396
38.0,6,15,2,398
38.0,6,15,3,400
38.0,6,15,4,401
38.0,6,15,5,403
38.0,6,15,6,405
38.0,6,15,7,407
38.0,6,15,8,409
38.0,6,15,9,411
38.0,6,15,10,413
38.0,6,15,11,415
38.0,6,15,12,416
38.0,6,15,13,418
38.0,6,15,14,420
38.0,6,15,15,422
38.0,7,0,0,368
38.0,7,0,1,370
38.0,7,0,2,372
38.0,7,0,3,373
38.0,7,0,4,375
38.0,7,0,5,377
38.0,7,0,6,379
38.0,7,0,7,380
38.0,7,0,8,382
38.0,7,0,9,384
38.0,7,0,10,386
38.0,7,0,11,387
38.0,7,0,12,389
38.0,7,0,13,391
38.0,7,0,14,392
38.0,7,0,15,394
38.0,7,1,0,370
38.0,7,1,1,372
38.0,7,1,2,374
38.0,7,1,3,376
38.0,7,1,4,377
38.0,7,1,5,379
38.0,7,1,6,381
38.0,7,1,7,383
38.0,7,1,8,384
38.0,7,1,9,386
38.0,7,1,10,388
38.0,7,1,11,390
38.0,7,1,12,391
38.0,7,1,13,393
38.0,7,1,14,395
38.0,7,1,15,396
38.0,7,2,0,372
38.0,7,2,1,374
38.0,7,2,2,376
38.0,7,2,3,378
38.0,7,2,4,380
38.0,7,2,5,381
38.0,7,2,6,383
38.0,7,2,7,385
38.0,7,2,8,387
38.0,7,2,9,388
38.0,7,2,10,390
38.0,7,2,11,392
38.0,7,2,12,394
38.0,7,2,13,395
38.0,7,2,14,397
38.0,7,2,15,399
38.0,7,3,0,375
38.0,7,3,1,376
38.0,7,3,2,378
38.0,7,3,3,380
38.0,7,3,4,382
38.0,7,3,5,384
38.0,7,3,6,385
38.0,7,3,7,387
38.0,7,3,8,389
38.0,7,3,9,391
38.0,7,3,10,393
38.0,7,3,11,394
38.0,7,3,12,396
38.0,7,3,13,398
38.0,7,3,14,399
38.0,7,3,15,401
38.0,7,4,0,377
38.0,7,4,1,379
38.0,7,4,2,380
38.0,7,4,3,382
38.0,7,4,4,384
38.0,7,4,5,386
38.0,7,4,6,388
38.0,7,4,7,389
38.0,7,4,8,391
38.0,7,4,9,393
38.0,7,4,10,395
38.0,7,4,11,397
38.0,7,4,12,398
38.0,7,4,13,400
38.0,7,4,14,402
38.0,7,4,15,404
38.0,7,5,0,379
38.0,7,5,1,381
38.0,7,5,2,383
38.0,7,5,3,384
38.0,7,5,4,386
38.0,7,5,5,388
38.0,7,5,6,390
38.0,7,5,7,392
38.0,7,5,8,393
38.0,7,5,9,395
38.0,7,5,10,397
38.0,7,5,11,399
38.0,7,5,12,401
38.0,7,5,13,402
38.0,7,5,14,404
38.0,7,5,15,406
38.0,7,6,0,381
38.0,7,6,1,383
38.0,7,6,2,385
38.0,7,6,3,387
38.0,7,6,4,388
38.0,7,6,5,390
38.0,7,6,6,392
38.0,7,6,7,394
38.0,7,6,8,396
38.0,7,6,9,398
38.0,7,6,10,399
38.0,7,6,11,401
38.0,7,6,12,403
38.0,7,6,13,405
38.0,7,6,14,406
38.0,7,6,15,408
38.0,7,7,0,383
38.0,7,7,1,385
38.0,7,7,2,387
38.0,7,7,3,389
38.0,7,7,4,391
38.0,7,7,5,392
38.0,7,7,6,394
38.0,7,7,7,396
38.0,7,7,8,398
38.0,7,7,9,400
38.0,7,7,10,402
38.0,7,7,11,403
38.0,7,7,12,405
38.0,7,7,13,407
38.0,7,7,14,409
38.0,7,7,15,410
38.0,7,8,0,385
38.0,7,8,1,387
38.0,7,8,2,389
38.0,7,8,3,391
38.0,7,8,4,393
38.0,7,8,5,395
38.0,7,8,6,396
38.0,7,8,7,398
38.0,7,8,8,400
38.0,7,8,9,402
38.0,7,8,10,404
38.0,7,8,11,406
38.0,7,8,12,407
38.0,7,8,13,409
38.0,7,8,14,411
38.0,7,8,15,413
38.0,7,9,0,387
38.0,7,9,1,389
38.0,7,9,2,391
38.0,7,9,3,393
38.0,7,9,4,395
38.0,7,9,5,397
38.0,7,9,6,399
38.0,7,9,7,401
38.0,7,9,8,402
38.0,7,9,9,404
38.0,7,9,10,406
38.0,7,9,11,408
38.0,7,9,12,410
38.0,7,9,13,411
38.0,7,9,14,413
38.0,7,9,15,415
38.0,7,10,0,390
38.0,7,10,1,391
38.0,7,10,2,393
38.0,7,10,3,395
38.0,7,10,4,397
38.0,7,10,5,399
38.0,7,10,6,401
38.0,7,10,7,403
38.0,7,10,8,405
38.0,7,10,9,406
38.0,7,10,10,408
38.0,7,10,11,410
38.0,7,10,12,412
38.0,7,10,13,414
38.0,7,10,14,415
38.0,7,10,15,417
38.0,7,11,0,392
38.0,7,11,1,394
38.0,7,11,2,395
38.0,7,11,3,397
38.0,7,11,4,399
38.0,7,11,5,401
38.0,7,11,6,403
38.0,7,11,7,405
38.0,7,11,8,407
38.0,7,11,9,409
38.0,7,11,10,410
38.0,7,11,11,412
38.0,7,11,12,414
38.0,7,11,13,416
38.0,7,11,14,418
38.0,7,11,15,419
38.0,7,12,0,394
38.0,7,12,1,396
38.0,7,12,2,398
38.0,7,12,3,399
38.0,7,12,4,401
38.0,7,12,5,403
38.0,7,12,6,405
38.0,7,12,7,407
38.0,7,12,8,409
38.0,7,12,9,411
38.0,7,12,10,413
38.0,7,12,11,414
38.0,7,12,12,416
38.0,7,12,13,418
38.0,7,12,14,420
38.0,7,12,15,422
38.0,7,13,0,396
38.0,7,13,1,398
38.0,7,13,2,400
38.0,7,13,3,402
38.0,7,13,4,403
38.0,7,13,5,405
38.0,7,13,6,407
38.0,7,13,7,409
38.0,7,13,8,411
38.0,7,13,9,413
38.0,7,13,10,415
38.0,7,13,11,417
38.0,7,13,12,418
38.0,7,13,13,420
38.0,7,13,14,422
38.0,7,13,15,424
38.0,7,14,0,398
38.0,7,14,1,400
38.0,7,14,2,402
38.0,7,14,3,404
38.0,7,14,4,406
38.0,7,14,5,407
38.0,7,14,6,409
38.0,7,14,7,411
38.0,7,14,8,413
38.0,7,14,9,415
38.0,7,14,10,417
38.0,7,14,11,419
38.0,7,14,12,421
38.0,7,14,13,422
38.0,7,14,14,424
38.0,7,14,15,426
38.0,7,15,0,400
38.0,7,15,1,402
38.0,7,15,2,404
38.0,7,15,3,406
38.0,7,15,4,408
38.0,7,15,5,410
38.0,7,15,6,411
38.0,7,15,7,413
38.0,7,15,8,415
38.0,7,15,9,417
38.0,7,15,10,419
38.0,7,15,11,421
38.0,7,15,12,423
38.0,7,15,13,425
38.0,7,15,14,426
38.0,7,15,15,428
38.0,8,0,0,374
38.0,8,0,1,375
38.0,8,0,2,377
38.0,8,0,3,379
38.0,8,0,4,381
38.0,8,0,5,383
38.0,8,0,6,384
38.0,8,0,7,386
38.0,8,0,8,388
38.0,8,0,9,390
38.0,8,0,10,391
38.0,8,0,11,393
38.0,8,0,12,395
38.0,8,0,13,397
38.0,8,0,14,398
38.0,8,0,15,400
38.0,8,1,0,376
38.0,8,1,1,378
38.0,8,1,2,379
38.0,8,1,3,381
38.0,8,1,4,383
38.0,8,1,5,385
38.0,8,1,6,387
38.0,8,1,7,388
38.0,8,1,8,390
38.0,8,1,9,392
38.0,8,1,10,394
38.0,8,1,11,396
38.0,8,1,12,397
38.0,8,1,13,399
38.0,8,1,14,401
38.0,8,1,15,403
38.0,8,2,0,378
38.0,8,2,1,380
38.0,8,2,2,382
38.0,8,2,3,384
38.0,8,2,4,385
38.0,8,2,5,387
38.0,8,2,6,389
38.0,8,2,7,391
38.0,8,2,8,393
38.0,8,2,9,394
38.0,8,2,10,396
38.0,8,2,11,398
38.0,8,2,12,400
38.0,8,2,13,401
38.0,8,2,14,403
38.0,8,2,15,405
38.0,8,3,0,380
38.0,8,3,1,382
38.0,8,3,2,384
38.0,8,3,3,386
38.0,8,3,4,388
38.0,8,3,5,389
38.0,8,3,6,391
38.0,8,3,7,393
38.0,8,3,8,395
38.0,8,3,9,397
38.0,8,3,10,398
38.0,8,3,11,400
38.0,8,3,12,402
38.0,8,3,13,404
38.0,8,3,14,406
38.0,8,3,15,407
38.0,8,4,0,382
38.0,8,4,1,384
38.0,8,4,2,386
38.0,8,4,3,388
38.0,8,4,4,390
38.0,8,4,5,392
38.0,8,4,6,394
38.0,8,4,7,395
38.0,8,4,8,397
38.0,8,4,9,399
38.0,8,4,10,401
38.0,8,4,11,403
38.0,8,4,12,404
38.0,8,4,13,406
38.0,8,4,14,408
38.0,8,4,15,410
38.0,8,5,0,385
38.0,8,5,1,387
38.0,8,5,2,388
38.0,8,5,3,390
38.0,8,5,4,392
38.0,8,5,5,394
38.0,8,5,6,396
38.0,8,5,7,398
38.0,8,5,8,399
38.0,8,5,9,401
38.0,8,5,10,403
38.0,8,5,11,405
38.0,8,5,12,407
38.0,8,5,13,408
38.0,8,5,14,410
38.0,8,5,15,412
38.0,8,6,0,387
38.0,8,6,1,389
38.0,8,6,2,391
38.0,8,6,3,392
38.0,8,6,4,394
38.0,8,6,5,396
38.0,8,6,6,398
38.0,8,6,7,400
38.0,8,6,8,402
38.0,8,6,9,404
38.0,8,6,10,405
38.0,8,6,11,407
38.0,8,6,12,409
38.0,8,6,13,411
38.0,8,6,14,413
38.0,8,6,15,414
38.0,8,7,0,389
38.0,8,7,1,391
38.0,8,7,2,393
38.0,8,7,3,395
38.0,8,7,4,397
38.0,8,7,5,398
38.0,8,7,6,400
38.0,8,7,7,402
38.0,8,7,8,404
38.0,8,7,9,406
38.0,8,7,10,408
38.0,8,7,11,409
38.0,8,7,12,411
38.0,8,7,13,413
38.0,8,7,14,415
38.0,8,7,15,417
38.0,8,8,0,391
38.0,8,8,1,393
38.0,8,8,2,395
38.0,8,8,3,397
38.0,8,8,4,399
38.0,8,8,5,401
38.0,8,8,6,403
38.0,8,8,7,404
38.0,8,8,8,406
38.0,8,8,9,408
38.0,8,8,10,410
38.0,8,8,11,412
38.0,8,8,12,414
38.0,8,8,13,415
38.0,8,8,14,417
38.0,8,8,15,419
38.0,8,9,0,393
38.0,8,9,1,395
38.0,8,9,2,397
38.0,8,9,3,399
38.0,8,9,4,401
38.0,8,9,5,403
38.0,8,9,6,405
38.0,8,9,7,407
38.0,8,9,8,408
38.0,8,9,9,410
38.0,8,9,10,412
38.0,8,9,11,414
38.0,8,9,12,416
38.0,8,9,13,418
38.0,8,9,14,419
38.0,8,9,15,421
38.0,8,10,0,395
38.0,8,10,1,397
38.0,8,10,2,399
38.0,8,10,3,401
38.0,8,10,4,403
38.0,8,10,5,405
38.0,8,10,6,407
38.0,8,10,7,409
38.0,8,10,8,411
38.0,8,10,9,413
38.0,8,10,10,414
38.0,8,10,11,416
38.0,8,10,12,418
38.0,8,10,13,420
38.0,8,10,14,422
38.0,8,10,15,424
38.0,8,11,0,398
38.0,8,11,1,399
38.0,8,11,2,401
38.0,8,11,3,403
38.0,8,11,4,405
38.0,8,11,5,407
38.0,8,11,6,409
38.0,8,11,7,411
38.0,8,11,8,413
38.0,8,11,9,415
38.0,8,11,10,417
38.0,8,11,11,418
38.0,8,11,12,420
38.0,8,11,13,422
38.0,8,11,14,424
38.0,8,11,15,426
38.0,8,12,0,400
38.0,8,12,1,402
38.0,8,12,2,404
38.0,8,12,3,406
38.0,8,12,4,407
38.0,8,12,5,409
38.0,8,12,6,411
38.0,8,12,7,413
38.0,8,12,8,415
38.0,8,12,9,417
38.0,8,12,10,419
38.0,8,12,11,421
38.0,8,12,12,423
38.0,8,12,13,424
38.0,8,12,14,426
38.0,8,12,15,428
38.0,8,13,0,402
38.0,8,13,1,404
38.0,8,13,2,406
38.0,8,13,3,408
38.0,8,13,4,410
38.0,8,13,5,412
38.0,8,13,6,413
38.0,8,13,7,415
38.0,8,13,8,417
38.0,8,13,9,419
38.0,8,13,10,421
38.0,8,13,11,423
38.0,8,13,12,425
38.0,8,13,13,427
38.0,8,13,14,428
38.0,8,13,15,430
38.0,8,14,0,404
38.0,8,14,1,406
38.0,8,14,2,408
38.0,8,14,3,410
38.0,8,14,4,412
38.0,8,14,5,414
38.0,8,14,6,416
38.0,8,14,7,417
38.0,8,14,8,419
38.0,8,14,9,421
38.0,8,14,10,423
38.0,8,14,11,425
38.0,8,14,12,427
38.0,8,14,13,429
38.0,8,14,14,431
38.0,8,14,15,433
38.0,8,15,0,406
38.0,8,15,1,408
38.0,8,15,2,410
38.0,8,15,3,412
38.0,8,15,4,414
38.0,8,15,5,416
38.0,8,15,6,418
38.0,8,15,7,420
38.0,8,15,8,422
38.0,8,15,9,423
38.0,8,15,10,425
38.0,8,15,11,427
38.0,8,15,12,429
38.0,8,15,13,431
38.0,8,15,14,433
38.0,8,15,15,435
38.0,9,0,0,379
38.0,9,0,1,381
38.0,9,0,2,383
38.0,9,0,3,385
38.0,9,0,4,386
38.0,9,0,5,388
38.0,9,0,6,390
38.0,9,0,7,392
38.0,9,0,8,394
38.0,9,0,9,396
38.0,9,0,10,397
38.0,9,0,11,399
38.0,9,0,12,401
38.0,9,0,13,403
38.0,9,0,14,404
38.0,9,0,15,406
38.0,9,1,0,381
38.0,9,1,1,383
38.0,9,1,2,385
38.0,9,1,3,387
38.0,9,1,4,389
38.0,9,1,5,391
38.0,9,1,6,392
38.0,9,1,7,394
38.0,9,1,8,396
38.0,9,1,9,398
38.0,9,1,10,400
38.0,9,1,11,401
38.0,9,1,12,403
38.0,9,1,13,405
38.0,9,1,14,407
38.0,9,1,15,409
38.0,9,2,0,384
38.0,9,2,1,386
38.0,9,2,2,387
38.0,9,2,3,389
38.0,9,2,4,391
38.0,9,2,5,393
38.0,9,2,6,395
38.0,9,2,7,397
38.0,9,2,8,398
38.0,9,2,9,400
38.0,9,2,10,402
38.0,9,2,11,404
38.0,9,2,12,406
38.0,9,2,13,407
38.0,9,2,14,409
38.0,9,2,15,411
38.0,9,3,0,386
38.0,9,3,1,388
38.0,9,3,2,390
38.0,9,3,3,392
38.0,9,3,4,393
38.0,9,3,5,395
38.0,9,3,6,397
38.0,9,3,7,399
38.0,9,3,8,401
38.0,9,3,9,403
38.0,9,3,10,404
38.0,9,3,11,406
38.0,9,3,12,408
38.0,9,3,13,410
38.0,9,3,14,412
38.0,9,3,15,413
38.0,9,4,0,388
38.0,9,4,1,390
38.0,9,4,2,392
38.0,9,4,3,394
38.0,9,4,4,396
38.0,9,4,5,398
38.0,9,4,6,399
38.0,9,4,7,401
38.0,9,4,8,403
38.0,9,4,9,405
38.0,9,4,10,407
38.0,9,4,11,409
38.0,9,4,12,410
38.0,9,4,13,412
38.0,9,4,14,414
38.0,9,4,15,416
38.0,9,5,0,390
38.0,9,5,1,392
38.0,9,5,2,394
38.0,9,5,3,396
38.0,9,5,4,398
38.0,9,5,5,400
38.0,9,5,6,402
38.0,9,5,7,404
38.0,9,5,8,405
38.0,9,5,9,407
38.0,9,5,10,409
38.0,9,5,11,411
38.0,9,5,12,413
38.0,9,5,13,415
38.0,9,5,14,416
38.0,9,5,15,418
38.0,9,6,0,393
38.0,9,6,1,395
38.0,9,6,2,396
38.0,9,6,3,398
38.0,9,6,4,400
38.0,9,6,5,402
38.0,9,6,6,404
38.0,9,6,7,406
38.0,9,6,8,408
38.0,9,6,9,410
38.0,9,6,10,411
38.0,9,6,11,413
38.0,9,6,12,415
38.0,9,6,13,417
38.0,9,6,14,419
38.0,9,6,15,421
38.0,9,7,0,395
38.0,9,7,1,397
38.0,9,7,2,399
38.0,9,7,3,401
38.0,9,7,4,402
38.0,9,7,5,404
38.0,9,7,6,406
38.0,9,7,7,408
38.0,9,7,8,410
38.0,9,7,9,412
38.0,9,7,10,414
38.0,9,7,11,416
38.0,9,7,12,417
38.0,9,7,13,419
38.0,9,7,14,421
38.0,9,7,15,423
38.0,9,8,0,397
38.0,9,8,1,399
38.0,9,8,2,401
38.0,9,8,3,403
38.0,9,8,4,405
38.0,9,8,5,407
38.0,9,8,6,409
38.0,9,8,7,410
38.0,9,8,8,412
38.0,9,8,9,414
38.0,9,8,10,416
38.0,9,8,11,418
38.0,9,8,12,420
38.0,9,8,13,422
38.0,9,8,14,423
38.0,9,8,15,425
38.0,9,9,0,399
38.0,9,9,1,401
38.0,9,9,2,403
38.0,9,9,3,405
38.0,9,9,4,407
38.0,9,9,5,409
38.0,9,9,6,411
38.0,9,9,7,413
38.0,9,9,8,415
38.0,9,9,9,416
38.0,9,9,10,418
38.0,9,9,11,420
38.0,9,9,12,422
38.0,9,9,13,424
38.0,9,9,14,426
38.0,9,9,15,428
38.0,9,10,0,401
38.0,9,10,1,403
38.0,9,10,2,405
38.0,9,10,3,407
38.0,9,10,4,409
38.0,9,10,5,411
38.0,9,10,6,413
38.0,9,10,7,415
38.0,9,10,8,417
38.0,9,10,9,419
38.0,9,10,10,421
38.0,9,10,11,422
38.0,9,10,12,424
38.0,9,10,13,426
38.0,9,10,14,428
38.0,9,10,15,430
38.0,9,11,0,403
38.0,9,11,1,405
38.0,9,11,2,407
38.0,9,11,3,409
38.0,9,11,4,411
38.0,9,11,5,413
38.0,9,11,6,415
38.0,9,11,7,417
38.0,9,11,8,419
38.0,9,11,9,421
38.0,9,11,10,423
38.0,9,11,11,425
38.0,9,11,12,427
38.0,9,11,13,428
38.0,9,11,14,430
38.0,9,11,15,432
38.0,9,12,0,406
38.0,9,12,1,408
38.0,9,12,2,410
38.0,9,12,3,412
38.0,9,12,4,414
38.0,9,12,5,415
38.0,9,12,6,417
38.0,9,12,7,419
38.0,9,12,8,421
38.0,9,12,9,423
38.0,9,12,10,425
38.0,9,12,11,427
38.0,9,12,12,429
38.0,9,12,13,431
38.0,9,12,14,433
38.0,9,12,15,434
38.0,9,13,0,408
38.0,9,13,1,410
38.0,9,13,2,412
38.0,9,13,3,414
38.0,9,13,4,416
38.0,9,13,5,418
38.0,9,13,6,420
38.0,9,13,7,422
38.0,9,13,8,423
38.0,9,13,9,425
38.0,9,13,10,427
38.0,9,13,11,429
38.0,9,13,12,431
38.0,9,13,13,433
38.0,9,13,14,435
38.0,9,13,15,437
38.0,9,14,0,410
38.0,9,14,1,412
38.0,9,14,2,414
38.0,9,14,3,416
38.0,9,14,4,418
38.0,9,14,5,420
38.0,9,14,6,422
38.0,9,14,7,424
38.0,9,14,8,426
38.0,9,14,9,428
38.0,9,14,10,430
38.0,9,14,11,431
38.0,9,14,12,433
38.0,9,14,13,435
38.0,9,14,14,437
38.0,9,14,15,439
38.0,9,15,0,412
38.0,9,15,1,414
38.0,9,15,2,416
38.0,9,15,3,418
38.0,9,15,4,420
38.0,9,15,5,422
38.0,9,15,6,424
38.0,9,15,7,426
38.0,9,15,8,428
38.0,9,15,9,430
38.0,9,15,10,432
38.0,9,15,11,434
38.0,9,15,12,436
38.0,9,15,13,437
38.0,9,15,14,439
38.0,9,15,15,441
38.0,10,0,0,385
38.0,10,0,1,387
38.0,10,0,2,388
38.0,10,0,3,390
38.0,10,0,4,392
38.0,10,0,5,394
38.0,10,0,6,396
38.0,10,0,7,398
38.0,10,0,8,400
38.0,10,0,9,401
38.0,10,0,10,403
38.0,10,0,11,405
38.0,10,0,12,407
38.0,10,0,13,409
38.0,10,0,14,410
38.0,10,0,15,412
38.0,10,1,0,387
38.0,10,1,1,389
38.0,10,1,2,391
38.0,10,1,3,393
38.0,10,1,4,395
38.0,10,1,5,396
38.0,10,1,6,398
38.0,10,1,7,400
38.0,10,1,8,402
38.0,10,1,9,404
38.0,10,1,10,406
38.0,10,1,11,407
38.0,10,1,12,409
38.0,10,1,13,411
38.0,10,1,14,413
38.0,10,1,15,415
38.0,10,2,0,389
38.0,10,2,1,391
38.0,10,2,2,393
38.0,10,2,3,395
38.0,10,2,4,397
38.0,10,2,5,399
38.0,10,2,6,401
38.0,10,2,7,402
38.0,10,2,8,404
38.0,10,2,9,406
38.0,10,2,10,408
38.0,10,2,11,410
38.0,10,2,12,412
38.0,10,2,13,413
38.0,10,2,14,415
38.0,10,2,15,417
38.0,10,3,0,392
38.0,10,3,1,394
38.0,10,3,2,395
38.0,10,3,3,397
38.0,10,3,4,399
38.0,10,3,5,401
38.0,10,3,6,403
38.0,10,3,7,405
38.0,10,3,8,407
38.0,10,3,9,409
38.0,10,3,10,410
38.0,10,3,11,412
38.0,10,3,12,414
38.0,10,3,13,416
38.0,10,3,14,418
38.0,10,3,15,419
38.0,10,4,0,394
38.0,10,4,1,396
38.0,10,4,2,398
38.0,10,4,3,400
38.0,10,4,4,402
38.0,10,4,5,403
38.0,10,4,6,405
38.0,10,4,7,407
38.0,10,4,8,409
38.0,10,4,9,411
38.0,10,4,10,413
38.0,10,4,11,415
38.0,10,4,12,416
38.0,10,4,13,418
38.0,10,4,14,420
38.0,10,4,15,422
38.0,10,5,0,396
38.0,10,5,1,398
38.0,10,5,2,400
38.0,10,5,3,402
38.0,10,5,4,404
38.0,10,5,5,406
38.0,10,5,6,408
38.0,10,5,7,410
38.0,10,5,8,411
38.0,10,5,9,413
38.0,10,5,10,415
38.0,10,5,11,417
38.0,10,5,12,419
38.0,10,5,13,421
38.0,10,5,14,422
38.0,10,5,15,424
38.0,10,6,0,398
38.0,10,6,1,400
38.0,10,6,2,402
38.0,10,6,3,404
38.0,10,6,4,406
38.0,10,6,5,408
38.0,10,6,6,410
38.0,10,6,7,412
38.0,10,6,8,414
38.0,10,6,9,416
38.0,10,6,10,417
38.0,10,6,11,419
38.0,10,6,12,421
38.0,10,6,13,423
38.0,10,6,14,425
38.0,10,6,15,427
38.0,10,7,0,401
38.0,10,7,1,403
38.0,10,7,2,405
38.0,10,7,3,406
38.0,10,7,4,408
38.0,10,7,5,410
38.0,10,7,6,412
38.0,10,7,7,414
38.0,10,7,8,416
38.0,10,7,9,418
38.0,10,7,10,420
38.0,10,7,11,422
38.0,10,7,12,424
38.0,10,7,13,425
38.0,10,7,14,427
38.0,10,7,15,429
38.0,10,8,0,403
38.0,10,8,1,405
38.0,10,8,2,407
38.0,10,8,3,409
38.0,10,8,4,411
38.0,10,8,5,413
38.0,10,8,6,415
38.0,10,8,7,416
38.0,10,8,8,418
38.0,10,8,9,420
38.0,10,8,10,422
38.0,10,8,11,424
38.0,10,8,12,426
38.0,10,8,13,428
38.0,10,8,14,430
38.0,10,8,15,431
38.0,10,9,0,405
38.0,10,9,1,407
38.0,10,9,2,409
38.0,10,9,3,411
38.0,10,9,4,413
38.0,10,9,5,415
38.0,10,9,6,417
38.0,10,9,7,419
38.0,10,9,8,421
38.0,10,9,9,423
38.0,10,9,10,424
38.0,10,9,11,426
38.0,10,9,12,428
38.0,10,9,13,430
38.0,10,9,14,432
38.0,10,9,15,434
38.0,10,10,0,407
38.0,10,10,1,409
38.0,10,10,2,411
38.0,10,10,3,413
38.0,10,10,4,415
38.0,10,10,5,417
38.0,10,10,6,419
38.0,10,10,7,421
38.0,10,10,8,423
38.0,10,10,9,425
38.0,10,10,10,427
38.0,10,10,11,429
38.0,10,10,12,431
38.0,10,10,13,432
38.0,10,10,14,434
38.0,10,10,15,436
38.0,10,11,0,409
38.0,10,11,1,411
38.0,10,11,2,413
38.0,10,11,3,415
38.0,10,11,4,417
38.0,10,11,5,419
38.0,10,11,6,421
38.0,10,11,7,423
38.0,10,11,8,425
38.0,10,11,9,427
38.0,10,11,10,429
38.0,10,11,11,431
38.0,10,11,12,433
38.0,10,11,13,435
38.0,10,11,14,437
38.0,10,11,15,439
38.0,10,12,0,412
38.0,10,12,1,414
38.0,10,12,2,416
38.0,10,12,3,418
38.0,10,12,4,420
38.0,10,12,5,422
38.0,10,12,6,424
38.0,10,12,7,426
38.0,10,12,8,427
38.0,10,12,9,429
38.0,10,12,10,431
38.0,10,12,11,433
38.0,10,12,12,435
38.0,10,12,13,437
38.0,10,12,14,439
38.0,10,12,15,441
38.0,10,13,0,414
38.0,10,13,1,416
38.0,10,13,2,418
38.0,10,13,3,420
38.0,10,13,4,422
38.0,10,13,5,424
38.0,10,13,6,426
38.0,10,13,7,428
38.0,10,13,8,430
38.0,10,13,9,432
38.0,10,13,10,434
38.0,10,13,11,436
38.0,10,13,12,437
38.0,10,13,13,439
38.0,10,13,14,441
38.0,10,13,15,443
38.0,10,14,0,416
38.0,10,14,1,418
38.0,10,14,2,420
38.0,10,14,3,422
38.0,10,14,4,424
38.0,10,14,5,426
38.0,10,14,6,428
38.0,10,14,7,430
38.0,10,14,8,432
38.0,10,14,9,434
38.0,10,14,10,436
38.0,10,14,11,438
38.0,10,14,12,440
38.0,10,14,13,442
38.0,10,14,14,444
38.0,10,14,15,445
38.0,10,15,0,418
38.0,10,15,1,420
38.0,10,15,2,422
38.0,10,15,3,424
38.0,10,15,4,426
38.0,10,15,5,428
38.0,10,15,6,430
38.0,10,15,7,432
38.0,10,15,8,434
38.0,10,15,9,436
38.0,10,15,10,438
38.0,10,15,11,440
38.0,10,15,12,442
38.0,10,15,13,444
38.0,10,15,14,446
38.0,10,15,15,448
38.0,11,0,0,390
38.0,11,0,1,392
38.0,11,0,2,394
38.0,11,0,3,396
38.0,11,0,4,398
38.0,11,0,5,400
38.0,11,0,6,402
38.0,11,0,7,403
38.0,11,0,8,405
38.0,11,0,9,407
38.0,11,0,10,409
38.0,11,0,11,411
38.0,11,0,12,413
38.0,11,0,13,414
38.0,11,0,14,416
38.0,11,0,15,418
38.0,11,1,0,393
38.0,11,1,1,395
38.0,11,1,2,396
38.0,11,1,3,398
38.0,11,1,4,400
38.0,11,1,5,402
38.0,11,1,6,404
38.0,11,1,7,406
38.0,11,1,8,408
38.0,11,1,9,410
38.0,11,1,10,411
38.0,11,1,11,413
38.0,11,1,12,415
38.0,11,1,13,417
38.0,11,1,14,419
38.0,11,1,15,421
38.0,11,2,0,395
38.0,11,2,1,397
38.0,11,2,2,399
38.0,11,2,3,401
38.0,11,2,4,403
38.0,11,2,5,405
38.0,11,2,6,406
38.0,11,2,7,408
38.0,11,2,8,410
38.0,11,2,9,412
38.0,11,2,10,414
38.0,11,2,11,416
38.0,11,2,12,418
38.0,11,2,13,419
38.0,11,2,14,421
38.0,11,2,15,423
38.0,11,3,0,397
38.0,11,3,1,399
38.0,11,3,2,401
38.0,11,3,3,403
38.0,11,3,4,405
38.0,11,3,5,407
38.0,11,3,6,409
38.0,11,3,7,411
38.0,11,3,8,413
38.0,11,3,9,414
38.0,11,3,10,416
38.0,11,3,11,418
38.0,11,3,12,420
38.0,11,3,13,422
38.0,11,3,14,424
38.0,11,3,15,426
38.0,11,4,0,400
38.0,11,4,1,402
38.0,11,4,2,403
38.0,11,4,3,405
38.0,11,4,4,407
38.0,11,4,5,409
38.0,11,4,6,411
38.0,11,4,7,413
38.0,11,4,8,415
38.0,11,4,9,417
38.0,11,4,10,419
38.0,11,4,11,421
38.0,11,4,12,422
38.0,11,4,13,424
38.0,11,4,14,426
38.0,11,4,15,428
38.0,11,5,0,402
38.0,11,5,1,404
38.0,11,5,2,406
38.0,11,5,3,408
38.0,11,5,4,410
38.0,11,5,5,412
38.0,11,5,6,414
38.0,11,5,7,415
38.0,11,5,8,417
38.0,11,5,9,419
38.0,11,5,10,421
38.0,11,5,11,423
38.0,11,5,12,425
38.0,11,5,13,427
38.0,11,5,14,429
38.0,11,5,15,430
38.0,11,6,0,404
38.0,11,6,1,406
38.0,11,6,2,408
38.0,11,6,3,410
38.0,11,6,4,412
38.0,11,6,5,414
38.0,11,6,6,416
38.0,11,6,7,418
38.0,11,6,8,420
38.0,11,6,9,422
38.0,11,6,10,424
38.0,11,6,11,425
38.0,11,6,12,427
38.0,11,6,13,429
38.0,11,6,14,431
38.0,11,6,15,433
38.0,11,7,0,406
38.0,11,7,1,408
38.0,11,7,2,410
38.0,11,7,3,412
38.0,11,7,4,414
38.0,11,7,5,416
38.0,11,7,6,418
38.0,11,7,7,420
38.0,11,7,8,422
38.0,11,7,9,424
38.0,11,7,10,426
38.0,11,7,11,428
38.0,11,7,12,430
38.0,11,7,13,432
38.0,11,7,14,433
38.0,11,7,15,435
38.0,11,8,0,409
38.0,11,8,1,411
38.0,11,8,2,413
38.0,11,8,3,415
38.0,11,8,4,417
38.0,11,8,5,419
38.0,11,8,6,421
38.0,11,8,7,422
38.0,11,8,8,424
38.0,11,8,9,426
38.0,11,8,10,428
38.0,11,8,11,430
38.0,11,8,12,432
38.0,11,8,13,434
38.0,11,8,14,436
38.0,11,8,15,438
38.0,11,9,0,411
38.0,11,9,1,413
38.0,11,9,2,415
38.0,11,9,3,417
38.0,11,9,4,419
38.0,11,9,5,421
38.0,11,9,6,423
38.0,11,9,7,425
38.0,11,9,8,427
38.0,11,9,9,429
38.0,11,9,10,431
38.0,11,9,11,433
38.0,11,9,12,434
38.0,11,9,13,436
38.0,11,9,14,438
38.0,11,9,15,440
38.0,11,10,0,413
38.0,11,10,1,415
38.0,11,10,2,417
38.0,11,10,3,419
38.0,11,10,4,421
38.0,11,10,5,423
38.0,11,10,6,425
38.0,11,10,7,427
38.0,11,10,8,429
38.0,11,10,9,431
38.0,11,10,10,433
38.0,11,10,11,435
38.0,11,10,12,437
38.0,11,10,13,439
38.0,11,10,14,441
38.0,11,10,15,443
38.0,11,11,0,415
38.0,11,11,1,417
38.0,11,11,2,419
38.0,11,11,3,421
38.0,11,11,4,423
38.0,11,11,5,425
38.0,11,11,6,427
38.0,11,11,7,429
38.0,11,11,8,431
38.0,11,11,9,433
38.0,11,11,10,435
38.0,11,11,11,437
38.0,11,11,12,439
38.0,11,11,13,441
38.0,11,11,14,443
38.0,11,11,15,445
38.0,11,12,0,418
38.0,11,12,1,420
38.0,11,12,2,422
38.0,11,12,3,424
38.0,11,12,4,426
38.0,11,12,5,428
38.0,11,12,6,430
38.0,11,12,7,432
38.0,11,12,8,434
38.0,11,12,9,436
38.0,11,12,10,438
38.0,11,12,11,440
38.0,11,12,12,441
38.0,11,12,13,443
38.0,11,12,14,445
38.0,11,12,15,447
38.0,11,13,0,420
38.0,11,13,1,422
38.0,11,13,2,424
38.0,11,13,3,426
38.0,11,13,4,428
38.0,11,13,5,430
38.0,11,13,6,432
38.0,11,13,7,434
38.0,11,13,8,436
38.0,11,13,9,438
38.0,11,13,10,440
38.0,11,13,11,442
38.0,11,13,12,444
38.0,11,13,13,446
38.0,11,13,14,448
38.0,11,13,15,450
38.0,11,14,0,422
38.0,11,14,1,424
38.0,11,14,2,426
38.0,11,14,3,428
38.0,11,14,4,430
38.0,11,14,5,432
38.0,11,14,6,434
38.0,11,14,7,436
38.0,11,14,8,438
38.0,11,14,9,440
38.0,11,14,10,442
38.0,11,14,11,444
38.0,11,14,12,446
38.0,11,14,13,448
38.0,11,14,14,450
38.0,11,14,15,452
38.0,11,15,0,424
38.0,11,15,1,426
38.0,11,15,2,428
38.0,11,15,3,430
38.0,11,15,4,432
38.0,11,15,5,434
38.0,11,15,6,436
38.0,11,15,7,438
38.0,11,15,8,440
38.0,11,15,9,442
38.0,11,15,10,444
38.0,11,15,11,446
38.0,11,15,12,448
38.0,11,15,13,450
38.0,11,15,14,452
38.0,11,15,15,454
38.0,12,0,0,396
38.0,12,0,1,398
38.0,12,0,2,400
38.0,12,0,3,402
38.0,12,0,4,404
38.0,12,0,5,405
38.0,12,0,6,407
38.0,12,0,7,409
38.0,12,0,8,411
38.0,12,0,9,413
38.0,12,0,10,415
38.0,12,0,11,417
38.0,12,0,12,419
38.0,12,0,13,420
38.0,12,0,14,422
38.0,12,0,15,424
38.0,12,1,0,398
38.0,12,1,1,400
38.0,12,1,2,402
38.0,12,1,3,404
38.0,12,1,4,406
38.0,12,1,5,408
38.0,12,1,6,410
38.0,12,1,7,412
38.0,12,1,8,414
38.0,12,1,9,415
38.0,12,1,10,417
38.0,12,1,11,419
38.0,12,1,12,421
38.0,12,1,13,423
38.0,12,1,14,425
38.0,12,1,15,427
38.0,12,2,0,401
38.0,12,2,1,403
38.0,12,2,2,405
38.0,12,2,3,406
38.0,12,2,4,408
38.0,12,2,5,410
38.0,12,2,6,412
38.0,12,2,7,414
38.0,12,2,8,416
38.0,12,2,9,418
38.0,12,2,10,420
38.0,12,2,11,422
38.0,12,2,12,424
38.0,12,2,13,425
38.0,12,2,14,427
38.0,12,2,15,429
38.0,12,3,0,403
38.0,12,3,1,405
38.0,12,3,2,407
38.0,12,3,3,409
38.0,12,3,4,411
38.0,12,3,5,413
38.0,12,3,6,415
38.0,12,3,7,417
38.0,12,3,8,418
38.0,12,3,9,420
38.0,12,3,10,422
38.0,12,3,11,424
38.0,12,3,12,426
38.0,12,3,13,428
38.0,12,3,14,430
38.0,12,3,15,432
38.0,12,4,0,405
38.0,12,4,1,407
38.0,12,4,2,409
38.0,12,4,3,411
38.0,12,4,4,413
38.0,12,4,5,415
38.0,12,4,6,417
38.0,12,4,7,419
38.0,12,4,8,421
38.0,12,4,9,423
38.0,12,4,10,425
38.0,12,4,11,427
38.0,12,4,12,429
38.0,12,4,13,430
38.0,12,4,14,432
38.0,12,4,15,434
38.0,12,5,0,408
38.0,12,5,1,410
38.0,12,5,2,412
38.0,12,5,3,414
38.0,12,5,4,416
38.0,12,5,5,418
38.0,12,5,6,419
38.0,12,5,7,421
38.0,12,5,8,423
38.0,12,5,9,425
38.0,12,5,10,427
38.0,12,5,11,429
38.0,12,5,12,431
38.0,12,5,13,433
38.0,12,5,14,435
38.0,12,5,15,437
38.0,12,6,0,410
38.0,12,6,1,412
38.0,12,6,2,414
38.0,12,6,3,416
38.0,12,6,4,418
38.0,12,6,5,420
38.0,12,6,6,422
38.0,12,6,7,424
38.0,12,6,8,426
38.0,12,6,9,428
38.0,12,6,10,430
38.0,12,6,11,432
38.0,12,6,12,433
38.0,12,6,13,435
38.0,12,6,14,437
38.0,12,6,15,439
38.0,12,7,0,412
38.0,12,7,1,414
38.0,12,7,2,416
38.0,12,7,3,418
38.0,12,7,4,420
38.0,12,7,5,422
38.0,12,7,6,424
38.0,12,7,7,426
38.0,12,7,8,428
38.0,12,7,9,430
38.0,12,7,10,432
38.0,12,7,11,434
38.0,12,7,12,436
38.0,12,7,13,438
38.0,12,7,14,440
38.0,12,7,15,442
38.0,12,8,0,415
38.0,12,8,1,417
38.0,12,8,2,419
38.0,12,8,3,421
38.0,12,8,4,423
38.0,12,8,5,425
38.0,12,8,6,427
38.0,12,8,7,429
38.0,12,8,8,430
38.0,12,8,9,432
38.0,12,8,10,434
38.0,12,8,11,436
38.0,12,8,12,438
38.0,12,8,13,440
38.0,12,8,14,442
38.0,12,8,15,444
38.0,12,9,0,417
38.0,12,9,1,419
38.0,12,9,2,421
38.0,12,9,3,423
38.0,12,9,4,425
38.0,12,9,5,427
38.0,12,9,6,429
38.0,12,9,7,431
38.0,12,9,8,433
38.0,12,9,9,435
38.0,12,9,10,437
38.0,12,9,11,439
38.0,12,9,12,441
38.0,12,9,13,443
38.0,12,9,14,445
38.0,12,9,15,446
38.0,12,10,0,419
38.0,12,10,1,421
38.0,12,10,2,423
38.0,12,10,3,425
38.0,12,10,4,427
38.0,12,10,5,429
38.0,12,10,6,431
38.0,12,10,7,433
38.0,12,10,8,435
38.0,12,10,9,437
38.0,12,10,10,439
38.0,12,10,11,441
38.0,12,10,12,443
38.0,12,10,13,445
38.0,12,10,14,447
38.0,12,10,15,449
38.0,12,11,0,421
38.0,12,11,1,423
38.0,12,11,2,425
38.0,12,11,3,427
38.0,12,11,4,430
38.0,12,11,5,432
38.0,12,11,6,434
38.0,12,11,7,436
38.0,12,11,8,438
38.0,12,11,9,440
38.0,12,11,10,442
38.0,12,11,11,443
38.0,12,11,12,445
38.0,12,11,13,447
38.0,12,11,14,449
38.0,12,11,15,451
38.0,12,12,0,424
38.0,12,12,1,426
38.0,12,12,2,428
38.0,12,12,3,430
38.0,12,12,4,432
38.0,12,12,5,434
38.0,12,12,6,436
38.0,12,12,7,438
38.0,12,12,8,440
38.0,12,12,9,442
38.0,12,12,10,444
38.0,12,12,11,446
38.0,12,12,12,448
38.0,12,12,13,450
38.0,12,12,14,452
38.0,12,12,15,454
38.0,12,13,0,426
38.0,12,13,1,428
38.0,12,13,2,430
38.0,12,13,3,432
38.0,12,13,4,434
38.0,12,13,5,436
38.0,12,13,6,438
38.0,12,13,7,440
38.0,12,13,8,442
38.0,12,13,9,444
38.0,12,13,10,446
38.0,12,13,11,448
38.0,12,13,12,450
38.0,12,13,13,452
38.0,12,13,14,454
38.0,12,13,15,456
38.0,12,14,0,428
38.0,12,14,1,430
38.0,12,14,2,432
38.0,12,14,3,434
38.0,12,14,4,436
38.0,12,14,5,438
38.0,12,14,6,440
38.0,12,14,7,442
38.0,12,14,8,444
38.0,12,14,9,446
38.0,12,14,10,449
38.0,12,14,11,451
38.0,12,14,12,452
38.0,12,14,13,454
38.0,12,14,14,456
38.0,12,14,15,458
38.0,12,15,0,430
38.0,12,15,1,432
38.0,12,15,2,434
38.0,12,15,3,436
38.0,12,15,4,439
38.0,12,15,5,441
38.0,12,15,6,443
38.0,12,15,7,445
38.0,12,15,8,447
38.0,12,15,9,449
38.0,12,15,10,451
38.0,12,15,11,453
38.0,12,15,12,455
38.0,12,15,13,457
38.0,12,15,14,459
38.0,12,15,15,461
38.0,13,0,0,401
38.0,13,0,1,403
38.0,13,0,2,405
38.0,13,0,3,407
38.0,13,0,4,409
38.0,13,0,5,411
38.0,13,0,6,413
38.0,13,0,7,415
38.0,13,0,8,417
38.0,13,0,9,419
38.0,13,0,10,421
38.0,13,0,11,423
38.0,13,0,12,424
38.0,13,0,13,426
38.0,13,0,14,428
38.0,13,0,15,430
38.0,13,1,0,404
38.0,13,1,1,406
38.0,13,1,2,408
38.0,13,1,3,410
38.0,13,1,4,412
38.0,13,1,5,414
38.0,13,1,6,416
38.0,13,1,7,418
38.0,13,1,8,419
38.0,13,1,9,421
38.0,13,1,10,423
38.0,13,1,11,425
38.0,13,1,12,427
38.0,13,1,13,429
38.0,13,1,14,431
38.0,13,1,15,433
38.0,13,2,0,406
38.0,13,2,1,408
38.0,13,2,2,410
38.0,13,2,3,412
38.0,13,2,4,414
38.0,13,2,5,416
38.0,13,2,6,418
38.0,13,2,7,420
38.0,13,2,8,422
38.0,13,2,9,424
38.0,13,2,10,426
38.0,13,2,11,428
38.0,13,2,12,430
38.0,13,2,13,431
38.0,13,2,14,433
38.0,13,2,15,435
38.0,13,3,0,409
38.0,13,3,1,411
38.0,13,3,2,413
38.0,13,3,3,415
38.0,13,3,4,417
38.0,13,3,5,419
38.0,13,3,6,421
38.0,13,3,7,422
38.0,13,3,8,424
38.0,13,3,9,426
38.0,13,3,10,428
38.0,13,3,11,430
38.0,13,3,12,432
38.0,13,3,13,434
38.0,13,3,14,436
38.0,13,3,15,438
38.0,13,4,0,411
38.0,13,4,1,413
38.0,13,4,2,415
38.0,13,4,3,417
38.0,13,4,4,419
38.0,13,4,5,421
38.0,13,4,6,423
38.0,13,4,7,425
38.0,13,4,8,427
38.0,13,4,9,429
38.0,13,4,10,431
38.0,13,4,11,433
38.0,13,4,12,435
38.0,13,4,13,436
38.0,13,4,14,438
38.0,13,4,15,440
38.0,13,5,0,413
38.0,13,5,1,415
38.0,13,5,2,417
38.0,13,5,3,419
38.0,13,5,4,421
38.0,13,5,5,423
38.0,13,5,6,425
38.0,13,5,7,427
38.0,13,5,8,429
38.0,13,5,9,431
38.0,13,5,10,433
38.0,13,5,11,435
38.0,13,5,12,437
38.0,13,5,13,439
38.0,13,5,14,441
38.0,13,5,15,443
38.0,13,6,0,416
38.0,13,6,1,418
38.0,13,6,2,420
38.0,13,6,3,422
38.0,13,6,4,424
38.0,13,6,5,426
38.0,13,6,6,428
38.0,13,6,7,430
38.0,13,6,8,432
38.0,13,6,9,434
38.0,13,6,10,436
38.0,13,6,11,438
38.0,13,6,12,440
38.0,13,6,13,441
38.0,13,6,14,443
38.0,13,6,15,445
38.0,13,7,0,418
38.0,13,7,1,420
38.0,13,7,2,422
38.0,13,7,3,424
38.0,13,7,4,426
38.0,13,7,5,428
38.0,13,7,6,430
38.0,13,7,7,432
38.0,13,7,8,434
38.0,13,7,9,436
38.0,13,7,10,438
38.0,13,7,11,440
38.0,13,7,12,442
38.0,13,7,13,444
38.0,13,7,14,446
38.0,13,7,15,448
38.0,13,8,0,420
38.0,13,8,1,422
38.0,13,8,2,424
38.0,13,8,3,427
38.0,13,8,4,429
38.0,13,8,5,431
38.0,13,8,6,433
38.0,13,8,7,435
38.0,13,8,8,437
38.0,13,8,9,439
38.0,13,8,10,441
38.0,13,8,11,442
38.0,13,8,12,444
38.0,13,8,13,446
38.0,13,8,14,448
38.0,13,8,15,450
38.0,13,9,0,423
38.0,13,9,1,425
38.0,13,9,2,427
38.0,13,9,3,429
38.0,13,9,4,431
38.0,13,9,5,433
38.0,13,9,6,435
38.0,13,9,7,437
38.0,13,9,8,439
38.0,13,9,9,441
38.0,13,9,10,443
38.0,13,9,11,445
38.0,13,9,12,447
38.0,13,9,13,449
38.0,13,9,14,451
38.0,13,9,15,453
38.0,13,10,0,425
38.0,13,10,1,427
38.0,13,10,2,429
38.0,13,10,3,431
38.0,13,10,4,433
38.0,13,10,5,435
38.0,13,10,6,437
38.0,13,10,7,439
38.0,13,10,8,441
38.0,13,10,9,443
38.0,13,10,10,445
38.0,13,10,11,447
38.0,13,10,12,449
38.0,13,10,13,451
38.0,13,10,14,453
38.0,13,10,15,455
38.0,13,11,0,427
38.0,13,11,1,429
38.0,13,11,2,431
38.0,13,11,3,434
38.0,13,11,4,436
38.0,13,11,5,438
38.0,13,11,6,440
38.0,13,11,7,442
38.0,13,11,8,444
38.0,13,11,9,446
38.0,13,11,10,448
38.0,13,11,11,450
38.0,13,11,12,452
38.0,13,11,13,454
38.0,13,11,14,456
38.0,13,11,15,458
38.0,13,12,0,430
38.0,13,12,1,432
38.0,13,12,2,434
38.0,13,12,3,436
38.0,13,12,4,438
38.0,13,12,5,440
38.0,13,12,6,442
38.0,13,12,7,444
38.0,13,12,8,446
38.0,13,12,9,448
38.0,13,12,10,450
38.0,13,12,11,452
38.0,13,12,12,454
38.0,13,12,13,456
38.0,13,12,14,458
38.0,13,12,15,460
38.0,13,13,0,432
38.0,13,13,1,434
38.0,13,13,2,436
38.0,13,13,3,438
38.0,13,13,4,440
38.0,13,13,5,442
38.0,13,13,6,444
38.0,13,13,7,446
38.0,13,13,8,448
38.0,13,13,9,450
38.0,13,13,10,452
38.0,13,13,11,454
38.0,13,13,12,457
38.0,13,13,13,459
38.0,13,13,14,460
38.0,13,13,15,462
38.0,13,14,0,434
38.0,13,14,1,436
38.0,13,14,2,438
38.0,13,14,3,440
38.0,13,14,4,442
38.0,13,14,5,445
38.0,13,14,6,447
38.0,13,14,7,449
38.0,13,14,8,451
38.0,13,14,9,453
38.0,13,14,10,455
38.0,13,14,11,457
38.0,13,14,12,459
38.0,13,14,13,461
38.0,13,14,14,463
38.0,13,14,15,465
38.0,13,15,0,436
38.0,13,15,1,438
38.0,13,15,2,441
38.0,13,15,3,443
38.0,13,15,4,445
38.0,13,15,5,447
38.0,13,15,6,449
38.0,13,15,7,451
38.0,13,15,8,453
38.0,13,15,9,455
38.0,13,15,10,457
38.0,13,15,11,459
38.0,13,15,12,461
38.0,13,15,13,463
38.0,13,15,14,465
38.0,13,15,15,467
38.0,14,0,0,407
38.0,14,0,1,409
38.0,14,0,2,411
38.0,14,0,3,413
38.0,14,0,4,415
38.0,14,0,5,417
38.0,14,0,6,419
38.0,14,0,7,421
38.0,14,0,8,423
38.0,14,0,9,425
38.0,14,0,10,427
38.0,14,0,11,428
38.0,14,0,12,430
38.0,14,0,13,432
38.0,14,0,14,434
38.0,14,0,15,436
38.0,14,1,0,409
38.0,14,1,1,411
38.0,14,1,2,413
38.0,14,1,3,415
38.0,14,1,4,417
38.0,14,1,5,419
38.0,14,1,6,421
38.0,14,1,7,423
38.0,14,1,8,425
38.0,14,1,9,427
38.0,14,1,10,429
38.0,14,1,11,431
38.0,14,1,12,433
38.0,14,1,13,435
38.0,14,1,14,437
38.0,14,1,15,439
38.0,14,2,0,412
38.0,14,2,1,414
38.0,14,2,2,416
38.0,14,2,3,418
38.0,14,2,4,420
38.0,14,2,5,422
38.0,14,2,6,424
38.0,14,2,7,426
38.0,14,2,8,428
38.0,14,2,9,430
38.0,14,2,10,432
38.0,14,2,11,434
38.0,14,2,12,435
38.0,14,2,13,437
38.0,14,2,14,439
38.0,14,2,15,441
38.0,14,3,0,414
38.0,14,3,1,416
38.0,14,3,2,418
38.0,14,3,3,420
38.0,14,3,4,422
38.0,14,3,5,424
38.0,14,3,6,426
38.0,14,3,7,428
38.0,14,3,8,430
38.0,14,3,9,432
38.0,14,3,10,434
38.0,14,3,11,436
38.0,14,3,12,438
38.0,14,3,13,440
38.0,14,3,14,442
38.0,14,3,15,444
38.0,14,4,0,417
38.0,14,4,1,419
38.0,14,4,2,421
38.0,14,4,3,423
38.0,14,4,4,425
38.0,14,4,5,427
38.0,14,4,6,429
38.0,14,4,7,431
38.0,14,4,8,433
38.0,14,4,9,435
38.0,14,4,10,437
38.0,14,4,11,439
38.0,14,4,12,441
38.0,14,4,13,443
38.0,14,4,14,444
38.0,14,4,15,446
38.0,14,5,0,419
38.0,14,5,1,421
38.0,14,5,2,423
38.0,14,5,3,425
38.0,14,5,4,427
38.0,14,5,5,429
38.0,14,5,6,431
38.0,14,5,7,433
38.0,14,5,8,435
38.0,14,5,9,437
38.0,14,5,10,439
38.0,14,5,11,441
38.0,14,5,12,443
38.0,14,5,13,445
38.0,14,5,14,447
38.0,14,5,15,449
38.0,14,6,0,422
38.0,14,6,1,424
38.0,14,6,2,426
38.0,14,6,3,428
38.0,14,6,4,430
38.0,14,6,5,432
38.0,14,6,6,434
38.0,14,6,7,436
38.0,14,6,8,438
38.0,14,6,9,440
38.0,14,6,10,442
38.0,14,6,11,444
38.0,14,6,12,446
38.0,14,6,13,448
38.0,14,6,14,450
38.0,14,6,15,451
38.0,14,7,0,424
38.0,14,7,1,426
38.0,14,7,2,428
38.0,14,7,3,430
38.0,14,7,4,432
38.0,14,7,5,434
38.0,14,7,6,436
38.0,14,7,7,438
38.0,14,7,8,440
38.0,14,7,9,442
38.0,14,7,10,444
38.0,14,7,11,446
38.0,14,7,12,448
38.0,14,7,13,450
38.0,14,7,14,452
38.0,14,7,15,454
38.0,14,8,0,426
38.0,14,8,1,428
38.0,14,8,2,430
38.0,14,8,3,432
38.0,14,8,4,435
38.0,14,8,5,437
38.0,14,8,6,439
38.0,14,8,7,441
38.0,14,8,8,443
38.0,14,8,9,445
38.0,14,8,10,447
38.0,14,8,11,449
38.0,14,8,12,451
38.0,14,8,13,453
38.0,14,8,14,455
38.0,14,8,15,457
38.0,14,9,0,429
38.0,14,9,1,431
38.0,14,9,2,433
38.0,14,9,3,435
38.0,14,9,4,437
38.0,14,9,5,439
38.0,14,9,6,441
38.0,14,9,7,443
38.0,14,9,8,445
38.0,14,9,9,447
38.0,14,9,10,449
38.0,14,9,11,451
38.0,14,9,12,453
38.0,14,9,13,455
38.0,14,9,14,457
38.0,14,9,15,459
38.0,14,10,0,431
38.0,14,10,1,433
38.0,14,10,2,435
38.0,14,10,3,437
38.0,14,10,4,439
38.0,14,10,5,441
38.0,14,10,6,443
38.0,14,10,7,445
38.0,14,10,8,447
38.0,14,10,9,450
38.0,14,10,10,452
38.0,14,10,11,454
38.0,14,10,12,456
38.0,14,10,13,458
38.0,14,10,14,460
38.0,14,10,15,462
38.0,14,11,0,433
38.0,14,11,1,435
38.0,14,11,2,437
38.0,14,11,3,440
38.0,14,11,4,442
38.0,14,11,5,444
38.0,14,11,6,446
38.0,14,11,7,448
38.0,14,11,8,450
38.0,14,11,9,452
38.0,14,11,10,454
38.0,14,11,11,456
38.0,14,11,12,458
38.0,14,11,13,460
38.0,14,11,14,462
38.0,14,11,15,464
38.0,14,12,0,435
38.0,14,12,1,438
38.0,14,12,2,440
38.0,14,12,3,442
38.0,14,12,4,444
38.0,14,12,5,446
38.0,14,12,6,448
38.0,14,12,7,450
38.0,14,12,8,452
38.0,14,12,9,454
38.0,14,12,10,456
38.0,14,12,11,458
38.0,14,12,12,460
38.0,14,12,13,462
38.0,14,12,14,464
38.0,14,12,15,466
38.0,14,13,0,438
38.0,14,13,1,440
38.0,14,13,2,442
38.0,14,13,3,444
38.0,14,13,4,446
38.0,14,13,5,448
38.0,14,13,6,450
38.0,14,13,7,453
38.0,14,13,8,455
38.0,14,13,9,457
38.0,14,13,10,459
38.0,14,13,11,461
38.0,14,13,12,463
38.0,14,13,13,465
38.0,14,13,14,467
38.0,14,13,15,469
38.0,14,14,0,440
38.0,14,14,1,442
38.0,14,14,2,444
38.0,14,14,3,446
38.0,14,14,4,449
38.0,14,14,5,451
38.0,14,14,6,453
38.0,14,14,7,455
38.0,14,14,8,457
38.0,14,14,9,459
38.0,14,14,10,461
38.0,14,14,11,463
38.0,14,14,12,465
38.0,14,14,13,467
38.0,14,14,14,469
38.0,14,14,15,471
38.0,14,15,0,442
38.0,14,15,1,444
38.0,14,15,2,447
38.0,14,15,3,449
38.0,14,15,4,451
38.0,14,15,5,453
38.0,14,15,6,455
38.0,14,15,7,457
38.0,14,15,8,459
38.0,14,15,9,461
38.0,14,15,10,464
38.0,14,15,11,466
38.0,14,15,12,468
38.0,14,15,13,470
38.0,14,15,14,472
38.0,14,15,15,474
38.0,15,0,0,413
38.0,15,0,1,415
38.0,15,0,2,417
38.0,15,0,3,419
38.0,15,0,4,421
38.0,15,0,5,423
38.0,15,0,6,425
38.0,15,0,7,427
38.0,15,0,8,429
38.0,15,0,9,430
38.0,15,0,10,432
38.0,15,0,11,434
38.0,15,0,12,436
38.0,15,0,13,438
38.0,15,0,14,440
38.0,15,0,15,442
38.0,15,1,0,415
38.0,15,1,1,417
38.0,15,1,2,419
38.0,15,1,3,421
38.0,15,1,4,423
38.0,15,1,5,425
38.0,15,1,6,427
38.0,15,1,7,429
38.0,15,1,8,431
38.0,15,1,9,433
38.0,15,1,10,435
38.0,15,1,11,437
38.0,15,1,12,439
38.0,15,1,13,441
38.0,15,1,14,443
38.0,15,1,15,445
38.0,15,2,0,418
38.0,15,2,1,420
38.0,15,2,2,422
38.0,15,2,3,424
38.0,15,2,4,426
38.0,15,2,5,428
38.0,15,2,6,430
38.0,15,2,7,432
38.0,15,2,8,434
38.0,15,2,9,436
38.0,15,2,10,438
38.0,15,2,11,440
38.0,15,2,12,441
38.0,15,2,13,443
38.0,15,2,14,445
38.0,15,2,15,447
38.0,15,3,0,420
38.0,15,3,1,422
38.0,15,3,2,424
38.0,15,3,3,426
38.0,15,3,4,428
38.0,15,3,5,430
38.0,15,3,6,432
38.0,15,3,7,434
38.0,15,3,8,436
38.0,15,3,9,438
38.0,15,3,10,440
38.0,15,3,11,442
38.0,15,3,12,444
38.0,15,3,13,446
38.0,15,3,14,448
38.0,15,3,15,450
38.0,15,4,0,422
38.0,15,4,1,425
38.0,15,4,2,427
38.0,15,4,3,429
38.0,15,4,4,431
38.0,15,4,5,433
38.0,15,4,6,435
38.0,15,4,7,437
38.0,15,4,8,439
38.0,15,4,9,441
38.0,15,4,10,443
38.0,15,4,11,445
38.0,15,4,12,447
38.0,15,4,13,449
38.0,15,4,14,451
38.0,15,4,15,452
38.0,15,5,0,425
38.0,15,5,1,427
38.0,15,5,2,429
38.0,15,5,3,431
38.0,15,5,4,433
38.0,15,5,5,435
38.0,15,5,6,437
38.0,15,5,7,439
38.0,15,5,8,441
38.0,15,5,9,443
38.0,15,5,10,445
38.0,15,5,11,447
38.0,15,5,12,449
38.0,15,5,13,451
38.0,15,5,14,453
38.0,15,5,15,455
38.0,15,6,0,427
38.0,15,6,1,429
38.0,15,6,2,431
38.0,15,6,3,434
38.0,15,6,4,436
38.0,15,6,5,438
38.0,15,6,6,440
38.0,15,6,7,442
38.0,15,6,8,444
38.0,15,6,9,446
38.0,15,6,10,448
38.0,15,6,11,450
38.0,15,6,12,452
38.0,15,6,13,454
38.0,15,6,14,456
38.0,15,6,15,458
38.0,15,7,0,430
38.0,15,7,1,432
38.0,15,7,2,434
38.0,15,7,3,436
38.0,15,7,4,438
38.0,15,7,5,440
38.0,15,7,6,442
38.0,15,7,7,444
38.0,15,7,8,446
38.0,15,7,9,448
38.0,15,7,10,450
38.0,15,7,11,452
38.0,15,7,12,454
38.0,15,7,13,456
38.0,15,7,14,458
38.0,15,7,15,460
38.0,15,8,0,432
38.0,15,8,1,434
38.0,15,8,2,436
38.0,15,8,3,438
38.0,15,8,4,440
38.0,15,8,5,443
38.0,15,8,6,445
38.0,15,8,7,447
38.0,15,8,8,449
38.0,15,8,9,451
38.0,15,8,10,453
38.0,15,8,11,455
38.0,15,8,12,457
38.0,15,8,13,459
38.0,15,8,14,461
38.0,15,8,15,463
38.0,15,9,0,434
38.0,15,9,1,437
38.0,15,9,2,439
38.0,15,9,3,441
38.0,15,9,4,443
38.0,15,9,5,445
38.0,15,9,6,447
38.0,15,9,7,449
38.0,15,9,8,451
38.0,15,9,9,453
38.0,15,9,10,455
38.0,15,9,11,457
38.0,15,9,12,459
38.0,15,9,13,461
38.0,15,9,14,463
38.0,15,9,15,465
38.0,15,10,0,437
38.0,15,10,1,439
38.0,15,10,2,441
38.0,15,10,3,443
38.0,15,10,4,445
38.0,15,10,5,447
38.0,15,10,6,449
38.0,15,10,7,452
38.0,15,10,8,454
38.0,15,10,9,456
38.0,15,10,10,458
38.0,15,10,11,460
38.0,15,10,12,462
38.0,15,10,13,464
38.0,15,10,14,466
38.0,15,10,15,468
38.0,15,11,0,439
38.0,15,11,1,441
38.0,15,11,2,443
38.0,15,11,3,446
38.0,15,11,4,448
38.0,15,11,5,450
38.0,15,11,6,452
38.0,15,11,7,454
38.0,15,11,8,456
38.0,15,11,9,458
38.0,15,11,10,460
38.0,15,11,11,462
38.0,15,11,12,464
38.0,15,11,13,466
38.0,15,11,14,468
38.0,15,11,15,470
38.0,15,12,0,441
38.0,15,12,1,444
38.0,15,12,2,446
38.0,15,12,3,448
38.0,15,12,4,450
38.0,15,12,5,452
38.0,15,12,6,454
38.0,15,12,7,456
38.0,15,12,8,458
38.0,15,12,9,461
38.0,15,12,10,463
38.0,15,12,11,465
38.0,15,12,12,467
38.0,15,12,13,469
38.0,15,12,14,471
38.0,15,12,15,473
38.0,15,13,0,444
38.0,15,13,1,446
38.0,15,13,2,448
38.0,15,13,3,450
38.0,15,13,4,452
38.0,15,13,5,455
38.0,15,13,6,457
38.0,15,13,7,459
38.0,15,13,8,461
38.0,15,13,9,463
38.0,15,13,10,465
38.0,15,13,11,467
38.0,15,13,12,469
38.0,15,13,13,471
38.0,15,13,14,473
38.0,15,13,15,475
38.0,15,14,0,446
38.0,15,14,1,448
38.0,15,14,2,450
38.0,15,14,3,453
38.0,15,14,4,455
38.0,15,14,5,457
38.0,15,14,6,459
38.0,15,14,7,461
38.0,15,14,8,463
38.0,15,14,9,465
38.0,15,14,10,467
38.0,15,14,11,470
38.0,15,14,12,472
38.0,15,14,13,474
38.0,15,14,14,476
38.0,15,14,15,478
38.0,15,15,0,448
38.0,15,15,1,451
38.0,15,15,2,453
38.0,15,15,3,455
38.0,15,15,4,457
38.0,15,15,5,459
38.0,15,15,6,461
38.0,15,15,7,464
38.0,15,15,8,466
38.0,15,15,9,468
38.0,15,15,10,470
38.0,15,15,11,472
38.0,15,15,12,474
38.0,15,15,13,476
38.0,15,15,14,478
38.0,15,15,15,480
38.5,0,0,0,331
38.5,0,0,1,333
38.5,0,0,2,335
38.5,0,0,3,336
38.5,0,0,4,338
38.5,0,0,5,339
38.5,0,0,6,341
38.5,0,0,7,342
38.5,0,0,8,344
38.5,0,0,9,346
38.5,0,0,10,347
38.5,0,0,11,349
38.5,0,0,12,350
38.5,0,0,13,352
38.5,0,0,14,353
38.5,0,0,15,355
38.5,0,1,0,333
38.5,0,1,1,335
38.5,0,1,2,337
38.5,0,1,3,338
38.5,0,1,4,340
38.5,0,1,5,341
38.5,0,1,6,343
38.5,0,1,7,345
38.5,0,1,8,346
38.5,0,1,9,348
38.5,0,1,10,349
38.5,0,1,11,351
38.5,0,1,12,352
38.5,0,1,13,354
38.5,0,1,14,355
38.5,0,1,15,357
38.5,0,2,0,335
38.5,0,2,1,337
38.5,0,2,2,339
38.5,0,2,3,340
38.5,0,2,4,342
38.5,0,2,5,343
38.5,0,2,6,345
38.5,0,2,7,347
38.5,0,2,8,348
38.5,0,2,9,350
38.5,0,2,10,351
38.5,0,2,11,353
38.5,0,2,12,354
38.5,0,2,13,356
38.5,0,2,14,358
38.5,0,2,15,359
38.5,0,3,0,337
38.5,0,3,1,339
38.5,0,3,2,341
38.5,0,3,3,342
38.5,0,3,4,344
38.5,0,3,5,345
38.5,0,3,6,347
38.5,0,3,7,349
38.5,0,3,8,350
38.5,0,3,9,352
38.5,0,3,10,353
38.5,0,3,11,355
38.5,0,3,12,357
38.5,0,3,13,358
38.5,0,3,14,360
38.5,0,3,15,361
38.5,0,4,0,339
38.5,0,4,1,341
38.5,0,4,2,343
38.5,0,4,3,344
38.5,0,4,4,346
38.5,0,4,5,347
38.5,0,4,6,349
38.5,0,4,7,351
38.5,0,4,8,352
38.5,0,4,9,354
38.5,0,4,10,355
38.5,0,4,11,357
38.5,0,4,12,359
38.5,0,4,13,360
38.5,0,4,14,362
38.5,0,4,15,363
38.5,0,5,0,341
38.5,0,5,1,343
38.5,0,5,2,344
38.5,0,5,3,346
38.5,0,5,4,348
38.5,0,5,5,349
38.5,0,5,6,351
38.5,0,5,7,353
38.5,0,5,8,354
38.5,0,5,9,356
38.5,0,5,10,357
38.5,0,5,11,359
38.5,0,5,12,361
38.5,0,5,13,362
38.5,0,5,14,364
38.5,0,5,15,365
38.5,0,6,0,343
38.5,0,6,1,345
38.5,0,6,2,346
38.5,0,6,3,348
38.5,0,6,4,350
38.5,0,6,5,351
38.5,0,6,6,353
38.5,0,6,7,355
38.5,0,6,8,356
38.5,0,6,9,358
38.5,0,6,10,360
38.5,0,6,11,361
38.5,0,6,12,363
38.5,0,6,13,364
38.5,0,6,14,366
38.5,0,6,15,367
38.5,0,7,0,345
38.5,0,7,1,347
38.5,0,7,2,348
38.5,0,7,3,350
38.5,0,7,4,352
38.5,0,7,5,353
38.5,0,7,6,355
38.5,0,7,7,357
38.5,0,7,8,358
38.5,0,7,9,360
38.5,0,7,10,362
38.5,0,7,11,363
38.5,0,7,12,365
38.5,0,7,13,366
38.5,0,7,14,368
38.5,0,7,15,370
38.5,0,8,0,347
38.5,0,8,1,349
38.5,0,8,2,350
38.5,0,8,3,352
38.5,0,8,4,354
38.5,0,8,5,355
38.5,0,8,6,357
38.5,0,8,7,359
38.5,0,8,8,360
38.5,0,8,9,362
38.5,0,8,10,364
38.5,0,8,11,365
38.5,0,8,12,367
38.5,0,8,13,368
38.5,0,8,14,370
38.5,0,8,15,372
38.5,0,9,0,349
38.5,0,9,1,351
38.5,0,9,2,352
38.5,0,9,3,354
38.5,0,9,4,356
38.5,0,9,5,357
38.5,0,9,6,359
38.5,0,9,7,361
38.5,0,9,8,362
38.5,0,9,9,364
38.5,0,9,10,366
38.5,0,9,11,367
38.5,0,9,12,369
38.5,0,9,13,370
38.5,0,9,14,372
38.5,0,9,15,374
38.5,0,10,0,351
38.5,0,10,1,352
38.5,0,10,2,354
38.5,0,10,3,356
38.5,0,10,4,358
38.5,0,10,5,359
38.5,0,10,6,361
38.5,0,10,7,363
38.5,0,10,8,364
38.5,0,10,9,366
38.5,0,10,10,368
38.5,0,10,11,369
38.5,0,10,12,371
38.5,0,10,13,372
38.5,0,10,14,374
38.5,0,10,15,376
38.5,0,11,0,353
38.5,0,11,1,354
38.5,0,11,2,356
38.5,0,11,3,358
38.5,0,11,4,359
38.5,0,11,5,361
38.5,0,11,6,363
38.5,0,11,7,365
38.5,0,11,8,366
38.5,0,11,9,368
38.5,0,11,10,370
38.5,0,11,11,371
38.5,0,11,12,373
38.5,0,11,13,374
38.5,0,11,14,376
38.5,0,11,15,378
38.5,0,12,0,354
38.5,0,12,1,356
38.5,0,12,2,358
38.5,0,12,3,360
38.5,0,12,4,361
38.5,0,12,5,363
38.5,0,12,6,365
38.5,0,12,7,366
38.5,0,12,8,368
38.5,0,12,9,370
38.5,0,12,10,371
38.5,0,12,11,373
38.5,0,12,12,375
38.5,0,12,13,376
38.5,0,12,14,378
38.5,0,12,15,380
38.5,0,13,0,356
38.5,0,13,1,358
38.5,0,13,2,360
38.5,0,13,3,362
38.5,0,13,4,363
38.5,0,13,5,365
38.5,0,13,6,367
38.5,0,13,7,368
38.5,0,13,8,370
38.5,0,13,9,372
38.5,0,13,10,373
38.5,0,13,11,375
38.5,0,13,12,377
38.5,0,13,13,378
38.5,0,13,14,380
38.5,0,13,15,382
38.5,0,14,0,358
38.5,0,14,1,360
38.5,0,14,2,362
38.5,0,14,3,363
38.5,0,14,4,365
38.5,0,14,5,367
38.5,0,14,6,369
38.5,0,14,7,370
38.5,0,14,8,372
38.5,0,14,9,374
38.5,0,14,10,375
38.5,0,14,11,377
38.5,0,14,12,379
38.5,0,14,13,380
38.5,0,14,14,382
38.5,0,14,15,384
38.5,0,15,0,360
38.5,0,15,1,362
38.5,0,15,2,364
38.5,0,15,3,365
38.5,0,15,4,367
38.5,0,15,5,369
38.5,0,15,6,370
38.5,0,15,7,372
38.5,0,15,8,374
38.5,0,15,9,376
38.5,0,15,10,377
38.5,0,15,11,379
38.5,0,15,12,381
38.5,0,15,13,382
38.5,0,15,14,384
38.5,0,15,15,386
38.5,1,0,0,337
38.5,1,0,1,339
38.5,1,0,2,340
38.5,1,0,3,342
38.5,1,0,4,343
38.5,1,0,5,345
38.5,1,0,6,347
38.5,1,0,7,348
38.5,1,0,8,350
38.5,1,0,9,351
38.5,1,0,10,353
38.5,1,0,11,355
38.5,1,0,12,356
38.5,1,0,13,358
38.5,1,0,14,359
38.5,1,0,15,361
38.5,1,1,0,339
38.5,1,1,1,341
38.5,1,1,2,342
38.5,1,1,3,344
38.5,1,1,4,346
38.5,1,1,5,347
38.5,1,1,6,349
38.5,1,1,7,350
38.5,1,1,8,352
38.5,1,1,9,354
38.5,1,1,10,355
38.5,1,1,11,357
38.5,1,1,12,358
38.5,1,1,13,360
38.5,1,1,14,361
38.5,1,1,15,363
38.5,1,2,0,341
38.5,1,2,1,343
38.5,1,2,2,344
38.5,1,2,3,346
38.5,1,2,4,348
38.5,1,2,5,349
38.5,1,2,6,351
38.5,1,2,7,352
38.5,1,2,8,354
38.5,1,2,9,356
38.5,1,2,10,357
38.5,1,2,11,359
38.5,1,2,12,360
38.5,1,2,13,362
38.5,1,2,14,364
38.5,1,2,15,365
38.5,1,3,0,343
38.5,1,3,1,345
38.5,1,3,2,346
38.5,1,3,3,348
38.5,1,3,4,350
38.5,1,3,5,351
38.5,1,3,6,353
38.5,1,3,7,355
38.5,1,3,8,356
38.5,1,3,9,358
38.5,1,3,10,359
38.5,1,3,11,361
38.5,1,3,12,363
38.5,1,3,13,364
38.5,1,3,14,366
38.5,1,3,15,367
38.5,1,4,0,345
38.5,1,4,1,347
38.5,1,4,2,348
38.5,1,4,3,350
38.5,1,4,4,352
38.5,1,4,5,353
38.5,1,4,6,355
38.5,1,4,7,357
38.5,1,4,8,358
38.5,1,4,9,360
38.5,1,4,10,361
38.5,1,4,11,363
38.5,1,4,12,365
38.5,1,4,13,366
38.5,1,4,14,368
38.5,1,4,15,369
38.5,1,5,0,347
38.5,1,5,1,349
38.5,1,5,2,350
38.5,1,5,3,352
38.5,1,5,4,354
38.5,1,5,5,355
38.5,1,5,6,357
38.5,1,5,7,359
38.5,1,5,8,360
38.5,1,5,9,362
38.5,1,5,10,364
38.5,1,5,11,365
38.5,1,5,12,367
38.5,1,5,13,368
38.5,1,5,14,370
38.5,1,5,15,372
38.5,1,6,0,349
38.5,1,6,1,351
38.5,1,6,2,352
38.5,1,6,3,354
38.5,1,6,4,356
38.5,1,6,5,357
38.5,1,6,6,359
38.5,1,6,7,361
38.5,1,6,8,362
38.5,1,6,9,364
38.5,1,6,10,366
38.5,1,6,11,367
38.5,1,6,12,369
38.5,1,6,13,371
38.5,1,6,14,372
38.5,1,6,15,374
38.5,1,7,0,351
38.5,1,7,1,353
38.5,1,7,2,354
38.5,1,7,3,356
38.5,1,7,4,358
38.5,1,7,5,359
38.5,1,7,6,361
38.5,1,7,7,363
38.5,1,7,8,364
38.5,1,7,9,366
38.5,1,7,10,368
38.5,1,7,11,369
38.5,1,7,12,371
38.5,1,7,13,373
38.5,1,7,14,374
38.5,1,7,15,376
38.5,1,8,0,353
38.5,1,8,1,355
38.5,1,8,2,356
38.5,1,8,3,358
38.5,1,8,4,360
38.5,1,8,5,361
38.5,1,8,6,363
38.5,1,8,7,365
38.5,1,8,8,366
38.5,1,8,9,368
38.5,1,8,10,370
38.5,1,8,11,371
38.5,1,8,12,373
38.5,1,8,13,375
38.5,1,8,14,376
38.5,1,8,15,378
38.5,1,9,0,355
38.5,1,9,1,356
38.5,1,9,2,358
38.5,1,9,3,360
38.5,1,9,4,362
38.5,1,9,5,363
38.5,1,9,6,365
38.5,1,9,7,367
38.5,1,9,8,368
38.5,1,9,9,370
38.5,1,9,10,372
38.5,1,9,11,373
38.5,1,9,12,375
38.5,1,9,13,377
38.5,1,9,14,378
38.5,1,9,15,380
38.5,1,10,0,357
38.5,1,10,1,358
38.5,1,10,2,360
38.5,1,10,3,362
38.5,1,10,4,364
38.5,1,10,5,365
38.5,1,10,6,367
38.5,1,10,7,369
38.5,1,10,8,370
38.5,1,10,9,372
38.5,1,10,10,374
38.5,1,10,11,375
38.5,1,10,12,377
38.5,1,10,13,379
38.5,1,10,14,380
38.5,1,10,15,382
38.5,1,11,0,359
38.5,1,11,1,360
38.5,1,11,2,362
38.5,1,11,3,364
38.5,1,11,4,366
38.5,1,11,5,367
38.5,1,11,6,369
38.5,1,11,7,371
38.5,1,11,8,372
38.5,1,11,9,374
38.5,1,11,10,376
38.5,1,11,11,377
38.5,1,11,12,379
38.5,1,11,13,381
38.5,1,11,14,382
38.5,1,11,15,384
38.5,1,12,0,360
38.5,1,12,1,362
38.5,1,12,2,364
38.5,1,12,3,366
38.5,1,12,4,367
38.5,1,12,5,369
38.5,1,12,6,371
38.5,1,12,7,373
38.5,1,12,8,374
38.5,1,12,9,376
38.5,1,12,10,378
38.5,1,12,11,379
38.5,1,12,12,381
38.5,1,12,13,383
38.5,1,12,14,384
38.5,1,12,15,386
38.5,1,13,0,362
38.5,1,13,1,364
38.5,1,13,2,366
38.5,1,13,3,368
38.5,1,13,4,369
38.5,1,13,5,371
38.5,1,13,6,373
38.5,1,13,7,375
38.5,1,13,8,376
38.5,1,13,9,378
38.5,1,13,10,380
38.5,1,13,11,381
38.5,1,13,12,383
38.5,1,13,13,385
38.5,1,13,14,386
38.5,1,13,15,388
38.5,1,14,0,364
38.5,1,14,1,366
38.5,1,14,2,368
38.5,1,14,3,370
38.5,1,14,4,371
38.5,1,14,5,373
38.5,1,14,6,375
38.5,1,14,7,377
38.5,1,14,8,378
38.5,1,14,9,380
38.5,1,14,10,382
38.5,1,14,11,383
38.5,1,14,12,385
38.5,1,14,13,387
38.5,1,14,14,388
38.5,1,14,15,390
38.5,1,15,0,366
38.5,1,15,1,368
38.5,1,15,2,370
38.5,1,15,3,371
38.5,1,15,4,373
38.5,1,15,5,375
38.5,1,15,6,377
38.5,1,15,7,379
38.5,1,15,8,380
38.5,1,15,9,382
38.5,1,15,10,384
38.5,1,15,11,385
38.5,1,15,12,387
38.5,1,15,13,389
38.5,1,15,14,390
38.5,1,15,15,392
38.5,2,0,0,343
38.5,2,0,1,344
38.5,2,0,2,346
38.5,2,0,3,348
38.5,2,0,4,349
38.5,2,0,5,351
38.5,2,0,6,352
38.5,2,0,7,354
38.5,2,0,8,356
38.5,2,0,9,357
38.5,2,0,10,359
38.5,2,0,11,361
38.5,2,0,12,362
38.5,2,0,13,364
38.5,2,0,14,365
38.5,2,0,15,367
38.5,2,1,0,345
38.5,2,1,1,346
38.5,2,1,2,348
38.5,2,1,3,350
38.5,2,1,4,351
38.5,2,1,5,353
38.5,2,1,6,355
38.5,2,1,7,356
38.5,2,1,8,358
38.5,2,1,9,360
38.5,2,1,10,361
38.5,2,1,11,363
38.5,2,1,12,364
38.5,2,1,13,366
38.5,2,1,14,368
38.5,2,1,15,369
38.5,2,2,0,347
38.5,2,2,1,348
38.5,2,2,2,350
38.5,2,2,3,352
38.5,2,2,4,353
38.5,2,2,5,355
38.5,2,2,6,357
38.5,2,2,7,358
38.5,2,2,8,360
38.5,2,2,9,362
38.5,2,2,10,363
38.5,2,2,11,365
38.5,2,2,12,367
38.5,2,2,13,368
38.5,2,2,14,370
38.5,2,2,15,371
38.5,2,3,0,349
38.5,2,3,1,350
38.5,2,3,2,352
38.5,2,3,3,354
38.5,2,3,4,355
38.5,2,3,5,357
38.5,2,3,6,359
38.5,2,3,7,360
38.5,2,3,8,362
38.5,2,3,9,364
38.5,2,3,10,365
38.5,2,3,11,367
38.5,2,3,12,369
38.5,2,3,13,370
38.5,2,3,14,372
38.5,2,3,15,373
38.5,2,4,0,351
38.5,2,4,1,352
38.5,2,4,2,354
38.5,2,4,3,356
38.5,2,4,4,358
38.5,2,4,5,359
38.5,2,4,6,361
38.5,2,4,7,363
38.5,2,4,8,364
38.5,2,4,9,366
38.5,2,4,10,368
38.5,2,4,11,369
38.5,2,4,12,371
38.5,2,4,13,372
38.5,2,4,14,374
38.5,2,4,15,376
38.5,2,5,0,353
38.5,2,5,1,354
38.5,2,5,2,356
38.5,2,5,3,358
38.5,2,5,4,360
38.5,2,5,5,361
38.5,2,5,6,363
38.5,2,5,7,365
38.5,2,5,8,366
38.5,2,5,9,368
38.5,2,5,10,370
38.5,2,5,11,371
38.5,2,5,12,373
38.5,2,5,13,375
38.5,2,5,14,376
38.5,2,5,15,378
38.5,2,6,0,355
38.5,2,6,1,356
38.5,2,6,2,358
38.5,2,6,3,360
38.5,2,6,4,362
38.5,2,6,5,363
38.5,2,6,6,365
38.5,2,6,7,367
38.5,2,6,8,368
38.5,2,6,9,370
38.5,2,6,10,372
38.5,2,6,11,373
38.5,2,6,12,375
38.5,2,6,13,377
38.5,2,6,14,378
38.5,2,6,15,380
38.5,2,7,0,357
38.5,2,7,1,358
38.5,2,7,2,360
38.5,2,7,3,362
38.5,2,7,4,364
38.5,2,7,5,365
38.5,2,7,6,367
38.5,2,7,7,369
38.5,2,7,8,370
38.5,2,7,9,372
38.5,2,7,10,374
38.5,2,7,11,375
38.5,2,7,12,377
38.5,2,7,13,379
38.5,2,7,14,380
38.5,2,7,15,382
38.5,2,8,0,359
38.5,2,8,1,360
38.5,2,8,2,362
38.5,2,8,3,364
38.5,2,8,4,366
38.5,2,8,5,367
38.5,2,8,6,369
38.5,2,8,7,371
38.5,2,8,8,373
38.5,2,8,9,374
38.5,2,8,10,376
38.5,2,8,11,378
38.5,2,8,12,379
38.5,2,8,13,381
38.5,2,8,14,383
38.5,2,8,15,384
38.5,2,9,0,361
38.5,2,9,1,362
38.5,2,9,2,364
38.5,2,9,3,366
38.5,2,9,4,368
38.5,2,9,5,369
38.5,2,9,6,371
38.5,2,9,7,373
38.5,2,9,8,375
38.5,2,9,9,376
38.5,2,9,10,378
38.5,2,9,11,380
38.5,2,9,12,381
38.5,2,9,13,383
38.5,2,9,14,385
38.5,2,9,15,386
38.5,2,10,0,363
38.5,2,10,1,364
38.5,2,10,2,366
38.5,2,10,3,368
38.5,2,10,4,370
38.5,2,10,5,371
38.5,2,10,6,373
38.5,2,10,7,375
38.5,2,10,8,377
38.5,2,10,9,378
38.5,2,10,10,380
38.5,2,10,11,382
38.5,2,10,12,383
38.5,2,10,13,385
38.5,2,10,14,387
38.5,2,10,15,388
38.5,2,11,0,365
38.5,2,11,1,366
38.5,2,11,2,368
38.5,2,11,3,370
38.5,2,11,4,372
38.5,2,11,5,373
38.5,2,11,6,375
38.5,2,11,7,377
38.5,2,11,8,379
38.5,2,11,9,380
38.5,2,11,10,382
38.5,2,11,11,384
38.5,2,11,12,385
38.5,2,11,13,387
38.5,2,11,14,389
38.5,2,11,15,390
38.5,2,12,0,367
38.5,2,12,1,368
38.5,2,12,2,370
38.5,2,12,3,372
38.5,2,12,4,374
38.5,2,12,5,375
38.5,2,12,6,377
38.5,2,12,7,379
38.5,2,12,8,381
38.5,2,12,9,382
38.5,2,12,10,384
38.5,2,12,11,386
38.5,2,12,12,387
38.5,2,12,13,389
38.5,2,12,14,391
38.5,2,12,15,393
38.5,2,13,0,368
38.5,2,13,1,370
38.5,2,13,2,372
38.5,2,13,3,374
38.5,2,13,4,376
38.5,2,13,5,377
38.5,2,13,6,379
38.5,2,13,7,381
38.5,2,13,8,383
38.5,2,13,9,384
38.5,2,13,10,386
38.5,2,13,11,388
38.5,2,13,12,390
38.5,2,13,13,391
38.5,2,13,14,393
38.5,2,13,15,395
38.5,2,14,0,370
38.5,2,14,1,372
38.5,2,14,2,374
38.5,2,14,3,376
38.5,2,14,4,378
38.5,2,14,5,379
38.5,2,14,6,381
38.5,2,14,7,383
38.5,2,14,8,385
38.5,2,14,9,386
38.5,2,14,10,388
38.5,2,14,11,390
38.5,2,14,12,392
38.5,2,14,13,393
38.5,2,14,14,395
38.5,2,14,15,397
38.5,2,15,0,372
38.5,2,15,1,374
38.5,2,15,2,376
38.5,2,15,3,378
38.5,2,15,4,379
38.5,2,15,5,381
38.5,2,15,6,383
38.5,2,15,7,385
38.5,2,15,8,387
38.5,2,15,9,388
38.5,2,15,10,390
38.5,2,15,11,392
38.5,2,15,12,394
38.5,2,15,13,395
38.5,2,15,14,397
38.5,2,15,15,399
38.5,3,0,0,348
38.5,3,0,1,350
38.5,3,0,2,352
38.5,3,0,3,353
38.5,3,0,4,355
38.5,3,0,5,357
38.5,3,0,6,358
38.5,3,0,7,360
38.5,3,0,8,362
38.5,3,0,9,363
38.5,3,0,10,365
38.5,3,0,11,366
38.5,3,0,12,368
38.5,3,0,13,370
38.5,3,0,14,371
38.5,3,0,15,373
38.5,3,1,0,350
38.5,3,1,1,352
38.5,3,1,2,354
38.5,3,1,3,355
38.5,3,1,4,357
38.5,3,1,5,359
38.5,3,1,6,360
38.5,3,1,7,362
38.5,3,1,8,364
38.5,3,1,9,365
38.5,3,1,10,367
38.5,3,1,11,369
38.5,3,1,12,370
38.5,3,1,13,372
38.5,3,1,14,374
38.5,3,1,15,375
38.5,3,2,0,352
38.5,3,2,1,354
38.5,3,2,2,356
38.5,3,2,3,357
38.5,3,2,4,359
38.5,3,2,5,361
38.5,3,2,6,363
38.5,3,2,7,364
38.5,3,2,8,366
38.5,3,2,9,368
38.5,3,2,10,369
38.5,3,2,11,371
38.5,3,2,12,373
38.5,3,2,13,374
38.5,3,2,14,376
38.5,3,2,15,377
38.5,3,3,0,354
38.5,3,3,1,356
38.5,3,3,2,358
38.5,3,3,3,360
38.5,3,3,4,361
38.5,3,3,5,363
38.5,3,3,6,365
38.5,3,3,7,366
38.5,3,3,8,368
38.5,3,3,9,370
38.5,3,3,10,371
38.5,3,3,11,373
38.5,3,3,12,375
38.5,3,3,13,376
38.5,3,3,14,378
38.5,3,3,15,380
38.5,3,4,0,356
38.5,3,4,1,358
38.5,3,4,2,360
38.5,3,4,3,362
38.5,3,4,4,363
38.5,3,4,5,365
38.5,3,4,6,367
38.5,3,4,7,369
38.5,3,4,8,370
38.5,3,4,9,372
38.5,3,4,10,374
38.5,3,4,11,375
38.5,3,4,12,377
38.5,3,4,13,379
38.5,3,4,14,380
38.5,3,4,15,382
38.5,3,5,0,359
38.5,3,5,1,360
38.5,3,5,2,362
38.5,3,5,3,364
38.5,3,5,4,365
38.5,3,5,5,367
38.5,3,5,6,369
38.5,3,5,7,371
38.5,3,5,8,372
38.5,3,5,9,374
38.5,3,5,10,376
38.5,3,5,11,377
38.5,3,5,12,379
38.5,3,5,13,381
38.5,3,5,14,382
38.5,3,5,15,384
38.5,3,6,0,361
38.5,3,6,1,362
38.5,3,6,2,364
38.5,3,6,3,366
38.5,3,6,4,368
38.5,3,6,5,369
38.5,3,6,6,371
38.5,3,6,7,373
38.5,3,6,8,374
38.5,3,6,9,376
38.5,3,6,10,378
38.5,3,6,11,380
38.5,3,6,12,381
38.5,3,6,13,383
38.5,3,6,14,385
38.5,3,6,15,386
38.5,3,7,0,363
38.5,3,7,1,364
38.5,3,7,2,366
38.5,3,7,3,368
38.5,3,7,4,370
38.5,3,7,5,371
38.5,3,7,6,373
38.5,3,7,7,375
38.5,3,7,8,377
38.5,3,7,9,378
38.5,3,7,10,380
38.5,3,7,11,382
38.5,3,7,12,383
38.5,3,7,13,385
38.5,3,7,14,387
38.5,3,7,15,388
38.5,3,8,0,365
38.5,3,8,1,366
38.5,3,8,2,368
38.5,3,8,3,370
38.5,3,8,4,372
38.5,3,8,5,373
38.5,3,8,6,375
38.5,3,8,7,377
38.5,3,8,8,379
38.5,3,8,9,380
38.5,3,8,10,382
38.5,3,8,11,384
38.5,3,8,12,385
38.5,3,8,13,387
38.5,3,8,14,389
38.5,3,8,15,391
38.5,3,9,0,367
38.5,3,9,1,368
38.5,3,9,2,370
38.5,3,9,3,372
38.5,3,9,4,374
38.5,3,9,5,375
38.5,3,9,6,377
38.5,3,9,7,379
38.5,3,9,8,381
38.5,3,9,9,382
38.5,3,9,10,384
38.5,3,9,11,386
38.5,3,9,12,388
38.5,3,9,13,389
38.5,3,9,14,391
38.5,3,9,15,393
38.5,3,10,0,369
38.5,3,10,1,370
38.5,3,10,2,372
38.5,3,10,3,374
38.5,3,10,4,376
38.5,3,10,5,378
38.5,3,10,6,379
38.5,3,10,7,381
38.5,3,10,8,383
38.5,3,10,9,385
38.5,3,10,10,386
38.5,3,10,11,388
38.5,3,10,12,390
38.5,3,10,13,391
38.5,3,10,14,393
38.5,3,10,15,395
38.5,3,11,0,371
38.5,3,11,1,372
38.5,3,11,2,374
38.5,3,11,3,376
38.5,3,11,4,378
38.5,3,11,5,380
38.5,3,11,6,381
38.5,3,11,7,383
38.5,3,11,8,385
38.5,3,11,9,387
38.5,3,11,10,388
38.5,3,11,11,390
38.5,3,11,12,392
38.5,3,11,13,393
38.5,3,11,14,395
38.5,3,11,15,397
38.5,3,12,0,373
38.5,3,12,1,374
38.5,3,12,2,376
38.5,3,12,3,378
38.5,3,12,4,380
38.5,3,12,5,382
38.5,3,12,6,383
38.5,3,12,7,385
38.5,3,12,8,387
38.5,3,12,9,389
38.5,3,12,10,390
38.5,3,12,11,392
38.5,3,12,12,394
38.5,3,12,13,396
38.5,3,12,14,397
38.5,3,12,15,399
38.5,3,13,0,374
38.5,3,13,1,376
38.5,3,13,2,378
38.5,3,13,3,380
38.5,3,13,4,382
38.5,3,13,5,384
38.5,3,13,6,385
38.5,3,13,7,387
38.5,3,13,8,389
38.5,3,13,9,391
38.5,3,13,10,392
38.5,3,13,11,394
38.5,3,13,12,396
38.5,3,13,13,398
38.5,3,13,14,399
38.5,3,13,15,401
38.5,3,14,0,376
38.5,3,14,1,378
38.5,3,14,2,380
38.5,3,14,3,382
38.5,3,14,4,384
38.5,3,14,5,386
38.5,3,14,6,387
38.5,3,14,7,389
38.5,3,14,8,391
38.5,3,14,9,393
38.5,3,14,10,394
38.5,3,14,11,396
38.5,3,14,12,398
38.5,3,14,13,400
38.5,3,14,14,401
38.5,3,14,15,403
38.5,3,15,0,378
38.5,3,15,1,380
38.5,3,15,2,382
38.5,3,15,3,384
38.5,3,15,4,386
38.5,3,15,5,388
38.5,3,15,6,389
38.5,3,15,7,391
38.5,3,15,8,393
38.5,3,15,9,395
38.5,3,15,10,397
38.5,3,15,11,398
38.5,3,15,12,400
38.5,3,15,13,402
38.5,3,15,14,404
38.5,3,15,15,405
38.5,4,0,0,354
38.5,4,0,1,356
38.5,4,0,2,357
38.5,4,0,3,359
38.5,4,0,4,361
38.5,4,0,5,362
38.5,4,0,6,364
38.5,4,0,7,366
38.5,4,0,8,367
38.5,4,0,9,369
38.5,4,0,10,371
38.5,4,0,11,372
38.5,4,0,12,374
38.5,4,0,13,376
38.5,4,0,14,377
38.5,4,0,15,379
38.5,4,1,0,356
38.5,4,1,1,358
38.5,4,1,2,359
38.5,4,1,3,361
38.5,4,1,4,363
38.5,4,1,5,365
38.5,4,1,6,366
38.5,4,1,7,368
38.5,4,1,8,370
38.5,4,1,9,371
38.5,4,1,10,373
38.5,4,1,11,375
38.5,4,1,12,376
38.5,4,1,13,378
38.5,4,1,14,380
38.5,4,1,15,381
38.5,4,2,0,358
38.5,4,2,1,360
38.5,4,2,2,362
38.5,4,2,3,363
38.5,4,2,4,365
38.5,4,2,5,367
38.5,4,2,6,368
38.5,4,2,7,370
38.5,4,2,8,372
38.5,4,2,9,374
38.5,4,2,10,375
38.5,4,2,11,377
38.5,4,2,12,379
38.5,4,2,13,380
38.5,4,2,14,382
38.5,4,2,15,383
38.5,4,3,0,360
38.5,4,3,1,362
38.5,4,3,2,364
38.5,4,3,3,365
38.5,4,3,4,367
38.5,4,3,5,369
38.5,4,3,6,371
38.5,4,3,7,372
38.5,4,3,8,374
38.5,4,3,9,376
38.5,4,3,10,377
38.5,4,3,11,379
38.5,4,3,12,381
38.5,4,3,13,382
38.5,4,3,14,384
38.5,4,3,15,386
38.5,4,4,0,362
38.5,4,4,1,364
38.5,4,4,2,366
38.5,4,4,3,368
38.5,4,4,4,369
38.5,4,4,5,371
38.5,4,4,6,373
38.5,4,4,7,374
38.5,4,4,8,376
38.5,4,4,9,378
38.5,4,4,10,380
38.5,4,4,11,381
38.5,4,4,12,383
38.5,4,4,13,385
38.5,4,4,14,386
38.5,4,4,15,388
38.5,4,5,0,364
38.5,4,5,1,366
38.5,4,5,2,368
38.5,4,5,3,370
38.5,4,5,4,371
38.5,4,5,5,373
38.5,4,5,6,375
38.5,4,5,7,377
38.5,4,5,8,378
38.5,4,5,9,380
38.5,4,5,10,382
38.5,4,5,11,383
38.5,4,5,12,385
38.5,4,5,13,387
38.5,4,5,14,389
38.5,4,5,15,390
38.5,4,6,0,366
38.5,4,6,1,368
38.5,4,6,2,370
38.5,4,6,3,372
38.5,4,6,4,373
38.5,4,6,5,375
38.5,4,6,6,377
38.5,4,6,7,379
38.5,4,6,8,380
38.5,4,6,9,382
38.5,4,6,10,384
38.5,4,6,11,386
38.5,4,6,12,387
38.5,4,6,13,389
38.5,4,6,14,391
38.5,4,6,15,392
38.5,4,7,0,368
38.5,4,7,1,370
38.5,4,7,2,372
38.5,4,7,3,374
38.5,4,7,4,376
38.5,4,7,5,377
38.5,4,7,6,379
38.5,4,7,7,381
38.5,4,7,8,383
38.5,4,7,9,384
38.5,4,7,10,386
38.5,4,7,11,388
38.5,4,7,12,390
38.5,4,7,13,391
38.5,4,7,14,393
38.5,4,7,15,395
38.5,4,8,0,370
38.5,4,8,1,372
38.5,4,8,2,374
38.5,4,8,3,376
38.5,4,8,4,378
38.5,4,8,5,379
38.5,4,8,6,381
38.5,4,8,7,383
38.5,4,8,8,385
38.5,4,8,9,386
38.5,4,8,10,388
38.5,4,8,11,390
38.5,4,8,12,392
38.5,4,8,13,393
38.5,4,8,14,395
38.5,4,8,15,397
38.5,4,9,0,373
38.5,4,9,1,374
38.5,4,9,2,376
38.5,4,9,3,378
38.5,4,9,4,380
38.5,4,9,5,382
38.5,4,9,6,383
38.5,4,9,7,385
38.5,4,9,8,387
38.5,4,9,9,389
38.5,4,9,10,390
38.5,4,9,11,392
38.5,4,9,12,394
38.5,4,9,13,396
38.5,4,9,14,397
38.5,4,9,15,399
38.5,4,10,0,375
38.5,4,10,1,376
38.5,4,10,2,378
38.5,4,10,3,380
38.5,4,10,4,382
38.5,4,10,5,384
38.5,4,10,6,385
38.5,4,10,7,387
38.5,4,10,8,389
38.5,4,10,9,391
38.5,4,10,10,392
38.5,4,10,11,394
38.5,4,10,12,396
38.5,4,10,13,398
38.5,4,10,14,399
38.5,4,10,15,401
38.5,4,11,0,377
38.5,4,11,1,378
38.5,4,11,2,380
38.5,4,11,3,382
38.5,4,11,4,384
38.5,4,11,5,386
38.5,4,11,6,387
38.5,4,11,7,389
38.5,4,11,8,391
38.5,4,11,9,393
38.5,4,11,10,395
38.5,4,11,11,396
38.5,4,11,12,398
38.5,4,11,13,400
38.5,4,11,14,402
38.5,4,11,15,403
38.5,4,12,0,379
38.5,4,12,1,380
38.5,4,12,2,382
38.5,4,12,3,384
38.5,4,12,4,386
38.5,4,12,5,388
38.5,4,12,6,390
38.5,4,12,7,391
38.5,4,12,8,393
38.5,4,12,9,395
38.5,4,12,10,397
38.5,4,12,11,398
38.5,4,12,12,400
38.5,4,12,13,402
38.5,4,12,14,404
38.5,4,12,15,405
38.5,4,13,0,381
38.5,4,13,1,382
38.5,4,13,2,384
38.5,4,13,3,386
38.5,4,13,4,388
38.5,4,13,5,390
38.5,4,13,6,392
38.5,4,13,7,393
38.5,4,13,8,395
38.5,4,13,9,397
38.5,4,13,10,399
38.5,4,13,11,401
38.5,4,13,12,402
38.5,4,13,13,404
38.5,4,13,14,406
38.5,4,13,15,408
38.5,4,14,0,383
38.5,4,14,1,384
38.5,4,14,2,386
38.5,4,14,3,388
38.5,4,14,4,390
38.5,4,14,5,392
38.5,4,14,6,394
38.5,4,14,7,395
38.5,4,14,8,397
38.5,4,14,9,399
38.5,4,14,10,401
38.5,4,14,11,403
38.5,4,14,12,404
38.5,4,14,13,406
38.5,4,14,14,408
38.5,4,14,15,410
38.5,4,15,0,384
38.5,4,15,1,386
38.5,4,15,2,388
38.5,4,15,3,390
38.5,4,15,4,392
38.5,4,15,5,394
38.5,4,15,6,396
38.5,4,15,7,397
38.5,4,15,8,399
38.5,4,15,9,401
38.5,4,15,10,403
38.5,4,15,11,405
38.5,4,15,12,406
38.5,4,15,13,408
38.5,4,15,14,410
38.5,4,15,15,412
38.5,5,0,0,359
38.5,5,0,1,361
38.5,5,0,2,363
38.5,5,0,3,365
38.5,5,0,4,366
38.5,5,0,5,368
38.5,5,0,6,370
38.5,5,0,7,372
38.5,5,0,8,373
38.5,5,0,9,375
38.5,5,0,10,377
38.5,5,0,11,378
38.5,5,0,12,380
38.5,5,0,13,382
38.5,5,0,14,383
38.5,5,0,15,385
38.5,5,1,0,362
38.5,5,1,1,363
38.5,5,1,2,365
38.5,5,1,3,367
38.5,5,1,4,369
38.5,5,1,5,370
38.5,5,1,6,372
38.5,5,1,7,374
38.5,5,1,8,376
38.5,5,1,9,377
38.5,5,1,10,379
38.5,5,1,11,381
38.5,5,1,12,382
38.5,5,1,13,384
38.5,5,1,14,386
38.5,5,1,15,387
38.5,5,2,0,364
38.5,5,2,1,366
38.5,5,2,2,367
38.5,5,2,3,369
38.5,5,2,4,371
38.5,5,2,5,373
38.5,5,2,6,374
38.5,5,2,7,376
38.5,5,2,8,378
38.5,5,2,9,379
38.5,5,2,10,381
38.5,5,2,11,383
38.5,5,2,12,385
38.5,5,2,13,386
38.5,5,2,14,388
38.5,5,2,15,390
38.5,5,3,0,366
38.5,5,3,1,368
38.5,5,3,2,369
38.5,5,3,3,371
38.5,5,3,4,373
38.5,5,3,5,375
38.5,5,3,6,376
38.5,5,3,7,378
38.5,5,3,8,380
38.5,5,3,9,382
38.5,5,3,10,383
38.5,5,3,11,385
38.5,5,3,12,387
38.5,5,3,13,389
38.5,5,3,14,390
38.5,5,3,15,392
38.5,5,4,0,368
38.5,5,4,1,370
38.5,5,4,2,372
38.5,5,4,3,373
38.5,5,4,4,375
38.5,5,4,5,377
38.5,5,4,6,379
38.5,5,4,7,380
38.5,5,4,8,382
38.5,5,4,9,384
38.5,5,4,10,386
38.5,5,4,11,387
38.5,5,4,12,389
38.5,5,4,13,391
38.5,5,4,14,392
38.5,5,4,15,394
38.5,5,5,0,370
38.5,5,5,1,372
38.5,5,5,2,374
38.5,5,5,3,376
38.5,5,5,4,377
38.5,5,5,5,379
38.5,5,5,6,381
38.5,5,5,7,383
38.5,5,5,8,384
38.5,5,5,9,386
38.5,5,5,10,388
38.5,5,5,11,390
38.5,5,5,12,391
38.5,5,5,13,393
38.5,5,5,14,395
38.5,5,5,15,396
38.5,5,6,0,372
38.5,5,6,1,374
38.5,5,6,2,376
38.5,5,6,3,378
38.5,5,6,4,379
38.5,5,6,5,381
38.5,5,6,6,383
38.5,5,6,7,385
38.5,5,6,8,387
38.5,5,6,9,388
38.5,5,6,10,390
38.5,5,6,11,392
38.5,5,6,12,394
38.5,5,6,13,395
38.5,5,6,14,397
38.5,5,6,15,399
38.5,5,7,0,374
38.5,5,7,1,376
38.5,5,7,2,378
38.5,5,7,3,380
38.5,5,7,4,382
38.5,5,7,5,383
38.5,5,7,6,385
38.5,5,7,7,387
38.5,5,7,8,389
38.5,5,7,9,390
38.5,5,7,10,392
38.5,5,7,11,394
38.5,5,7,12,396
38.5,5,7,13,397
38.5,5,7,14,399
38.5,5,7,15,401
38.5,5,8,0,376
38.5,5,8,1,378
38.5,5,8,2,380
38.5,5,8,3,382
38.5,5,8,4,384
38.5,5,8,5,385
38.5,5,8,6,387
38.5,5,8,7,389
38.5,5,8,8,391
38.5,5,8,9,393
38.5,5,8,10,394
38.5,5,8,11,396
38.5,5,8,12,398
38.5,5,8,13,400
38.5,5,8,14,401
38.5,5,8,15,403
38.5,5,9,0,378
38.5,5,9,1,380
38.5,5,9,2,382
38.5,5,9,3,384
38.5,5,9,4,386
38.5,5,9,5,388
38.5,5,9,6,389
38.5,5,9,7,391
38.5,5,9,8,393
38.5,5,9,9,395
38.5,5,9,10,397
38.5,5,9,11,398
38.5,5,9,12,400
38.5,5,9,13,402
38.5,5,9,14,404
38.5,5,9,15,405
38.5,5,10,0,380
38.5,5,10,1,382
38.5,5,10,2,384
38.5,5,10,3,386
38.5,5,10,4,388
38.5,5,10,5,390
38.5,5,10,6,392
38.5,5,10,7,393
38.5,5,10,8,395
38.5,5,10,9,397
38.5,5,10,10,399
38.5,5,10,11,400
38.5,5,10,12,402
38.5,5,10,13,404
38.5,5,10,14,406
38.5,5,10,15,408
38.5,5,11,0,383
38.5,5,11,1,384
38.5,5,11,2,386
38.5,5,11,3,388
38.5,5,11,4,390
38.5,5,11,5,392
38.5,5,11,6,394
38.5,5,11,7,395
38.5,5,11,8,397
38.5,5,11,9,399
38.5,5,11,10,401
38.5,5,11,11,403
38.5,5,11,12,404
38.5,5,11,13,406
38.5,5,11,14,408
38.5,5,11,15,410
38.5,5,12,0,385
38.5,5,12,1,386
38.5,5,12,2,388
38.5,5,12,3,390
38.5,5,12,4,392
38.5,5,12,5,394
38.5,5,12,6,396
38.5,5,12,7,398
38.5,5,12,8,399
38.5,5,12,9,401
38.5,5,12,10,403
38.5,5,12,11,405
38.5,5,12,12,407
38.5,5,12,13,408
38.5,5,12,14,410
38.5,5,12,15,412
38.5,5,13,0,387
38.5,5,13,1,388
38.5,5,13,2,390
38.5,5,13,3,392
38.5,5,13,4,394
38.5,5,13,5,396
38.5,5,13,6,398
38.5,5,13,7,400
38.5,5,13,8,401
38.5,5,13,9,403
38.5,5,13,10,405
38.5,5,13,11,407
38.5,5,13,12,409
38.5,5,13,13,411
38.5,5,13,14,412
38.5,5,13,15,414
38.5,5,14,0,389
38.5,5,14,1,390
38.5,5,14,2,392
38.5,5,14,3,394
38.5,5,14,4,396
38.5,5,14,5,398
38.5,5,14,6,400
38.5,5,14,7,402
38.5,5,14,8,404
38.5,5,14,9,405
38.5,5,14,10,407
38.5,5,14,11,409
38.5,5,14,12,411
38.5,5,14,13,413
38.5,5,14,14,414
38.5,5,14,15,416
38.5,5,15,0,391
38.5,5,15,1,392
38.5,5,15,2,394
38.5,5,15,3,396
38.5,5,15,4,398
38.5,5,15,5,400
38.5,5,15,6,402
38.5,5,15,7,404
38.5,5,15,8,406
38.5,5,15,9,407
38.5,5,15,10,409
38.5,5,15,11,411
38.5,5,15,12,413
38.5,5,15,13,415
38.5,5,15,14,417
38.5,5,15,15,418
38.5,6,0,0,365
38.5,6,0,1,367
38.5,6,0,2,369
38.5,6,0,3,370
38.5,6,0,4,372
38.5,6,0,5,374
38.5,6,0,6,376
38.5,6,0,7,377
38.5,6,0,8,379
38.5,6,0,9,381
38.5,6,0,10,383
38.5,6,0,11,384
38.5,6,0,12,386
38.5,6,0,13,388
38.5,6,0,14,389
38.5,6,0,15,391
38.5,6,1,0,367
38.5,6,1,1,369
38.5,6,1,2,371
38.5,6,1,3,373
38.5,6,1,4,374
38.5,6,1,5,376
38.5,6,1,6,378
38.5,6,1,7,380
38.5,6,1,8,381
38.5,6,1,9,383
38.5,6,1,10,385
38.5,6,1,11,387
38.5,6,1,12,388
38.5,6,1,13,390
38.5,6,1,14,392
38.5,6,1,15,393
38.5,6,2,0,369
38.5,6,2,1,371
38.5,6,2,2,373
38.5,6,2,3,375
38.5,6,2,4,377
38.5,6,2,5,378
38.5,6,2,6,380
38.5,6,2,7,382
38.5,6,2,8,384
38.5,6,2,9,385
38.5,6,2,10,387
38.5,6,2,11,389
38.5,6,2,12,391
38.5,6,2,13,392
38.5,6,2,14,394
38.5,6,2,15,396
38.5,6,3,0,372
38.5,6,3,1,373
38.5,6,3,2,375
38.5,6,3,3,377
38.5,6,3,4,379
38.5,6,3,5,381
38.5,6,3,6,382
38.5,6,3,7,384
38.5,6,3,8,386
38.5,6,3,9,388
38.5,6,3,10,389
38.5,6,3,11,391
38.5,6,3,12,393
38.5,6,3,13,395
38.5,6,3,14,396
38.5,6,3,15,398
38.5,6,4,0,374
38.5,6,4,1,376
38.5,6,4,2,377
38.5,6,4,3,379
38.5,6,4,4,381
38.5,6,4,5,383
38.5,6,4,6,385
38.5,6,4,7,386
38.5,6,4,8,388
38.5,6,4,9,390
38.5,6,4,10,392
38.5,6,4,11,393
38.5,6,4,12,395
38.5,6,4,13,397
38.5,6,4,14,399
38.5,6,4,15,400
38.5,6,5,0,376
38.5,6,5,1,378
38.5,6,5,2,380
38.5,6,5,3,381
38.5,6,5,4,383
38.5,6,5,5,385
38.5,6,5,6,387
38.5,6,5,7,389
38.5,6,5,8,390
38.5,6,5,9,392
38.5,6,5,10,394
38.5,6,5,11,396
38.5,6,5,12,397
38.5,6,5,13,399
38.5,6,5,14,401
38.5,6,5,15,403
38.5,6,6,0,378
38.5,6,6,1,380
38.5,6,6,2,382
38.5,6,6,3,384
38.5,6,6,4,385
38.5,6,6,5,387
38.5,6,6,6,389
38.5,6,6,7,391
38.5,6,6,8,393
38.5,6,6,9,394
38.5,6,6,10,396
38.5,6,6,11,398
38.5,6,6,12,400
38.5,6,6,13,401
38.5,6,6,14,403
38.5,6,6,15,405
38.5,6,7,0,380
38.5,6,7,1,382
38.5,6,7,2,384
38.5,6,7,3,386
38.5,6,7,4,388
38.5,6,7,5,389
38.5,6,7,6,391
38.5,6,7,7,393
38.5,6,7,8,395
38.5,6,7,9,397
38.5,6,7,10,398
38.5,6,7,11,400
38.5,6,7,12,402
38.5,6,7,13,404
38.5,6,7,14,405
38.5,6,7,15,407
38.5,6,8,0,382
38.5,6,8,1,384
38.5,6,8,2,386
38.5,6,8,3,388
38.5,6,8,4,390
38.5,6,8,5,392
38.5,6,8,6,393
38.5,6,8,7,395
38.5,6,8,8,397
38.5,6,8,9,399
38.5,6,8,10,401
38.5,6,8,11,402
38.5,6,8,12,404
38.5,6,8,13,406
38.5,6,8,14,408
38.5,6,8,15,409
38.5,6,9,0,384
38.5,6,9,1,386
38.5,6,9,2,388
38.5,6,9,3,390
38.5,6,9,4,392
38.5,6,9,5,394
38.5,6,9,6,396
38.5,6,9,7,397
38.5,6,9,8,399
38.5,6,9,9,401
38.5,6,9,10,403
38.5,6,9,11,405
38.5,6,9,12,406
38.5,6,9,13,408
38.5,6,9,14,410
38.5,6,9,15,412
38.5,6,10,0,386
38.5,6,10,1,388
38.5,6,10,2,390
38.5,6,10,3,392
38.5,6,10,4,394
38.5,6,10,5,396
38.5,6,10,6,398
38.5,6,10,7,399
38.5,6,10,8,401
38.5,6,10,9,403
38.5,6,10,10,405
38.5,6,10,11,407
38.5,6,10,12,409
38.5,6,10,13,410
38.5,6,10,14,412
38.5,6,10,15,414
38.5,6,11,0,389
38.5,6,11,1,390
38.5,6,11,2,392
38.5,6,11,3,394
38.5,6,11,4,396
38.5,6,11,5,398
38.5,6,11,6,400
38.5,6,11,7,402
38.5,6,11,8,403
38.5,6,11,9,405
38.5,6,11,10,407
38.5,6,11,11,409
38.5,6,11,12,411
38.5,6,11,13,413
38.5,6,11,14,414
38.5,6,11,15,416
38.5,6,12,0,391
38.5,6,12,1,392
38.5,6,12,2,394
38.5,6,12,3,396
38.5,6,12,4,398
38.5,6,12,5,400
38.5,6,12,6,402
38.5,6,12,7,404
38.5,6,12,8,406
38.5,6,12,9,407
38.5,6,12,10,409
38.5,6,12,11,411
38.5,6,12,12,413
38.5,6,12,13,415
38.5,6,12,14,417
38.5,6,12,15,418
38.5,6,13,0,393
38.5,6,13,1,395
38.5,6,13,2,396
38.5,6,13,3,398
38.5,6,13,4,400
38.5,6,13,5,402
38.5,6,13,6,404
38.5,6,13,7,406
38.5,6,13,8,408
38.5,6,13,9,410
38.5,6,13,10,411
38.5,6,13,11,413
38.5,6,13,12,415
38.5,6,13,13,417
38.5,6,13,14,419
38.5,6,13,15,421
38.5,6,14,0,395
38.5,6,14,1,397
38.5,6,14,2,399
38.5,6,14,3,400
38.5,6,14,4,402
38.5,6,14,5,404
38.5,6,14,6,406
38.5,6,14,7,408
38.5,6,14,8,410
38.5,6,14,9,412
38.5,6,14,10,414
38.5,6,14,11,415
38.5,6,14,12,417
38.5,6,14,13,419
38.5,6,14,14,421
38.5,6,14,15,423
38.5,6,15,0,397
38.5,6,15,1,399
38.5,6,15,2,401
38.5,6,15,3,402
38.5,6,15,4,404
38.5,6,15,5,406
38.5,6,15,6,408
38.5,6,15,7,410
38.5,6,15,8,412
38.5,6,15,9,414
38.5,6,15,10,416
38.5,6,15,11,418
38.5,6,15,12,419
38.5,6,15,13,421
38.5,6,15,14,423
38.5,6,15,15,425
38.5,7,0,0,371
38.5,7,0,1,372
38.5,7,0,2,374
38.5,7,0,3,376
38.5,7,0,4,378
38.5,7,0,5,380
38.5,7,0,6,381
38.5,7,0,7,383
38.5,7,0,8,385
38.5,7,0,9,387
38.5,7,0,10,388
38.5,7,0,11,390
38.5,7,0,12,392
38.5,7,0,13,394
38.5,7,0,14,395
38.5,7,0,15,397
38.5,7,1,0,373
38.5,7,1,1,375
38.5,7,1,2,377
38.5,7,1,3,378
38.5,7,1,4,380
38.5,7,1,5,382
38.5,7,1,6,384
38.5,7,1,7,385
38.5,7,1,8,387
38.5,7,1,9,389
38.5,7,1,10,391
38.5,7,1,11,393
38.5,7,1,12,394
38.5,7,1,13,396
38.5,7,1,14,398
38.5,7,1,15,399
38.5,7,2,0,375
38.5,7,2,1,377
38.5,7,2,2,379
38.5,7,2,3,381
38.5,7,2,4,382
38.5,7,2,5,384
38.5,7,2,6,386
38.5,7,2,7,388
38.5,7,2,8,390
38.5,7,2,9,391
38.5,7,2,10,393
38.5,7,2,11,395
38.5,7,2,12,397
38.5,7,2,13,398
38.5,7,2,14,400
38.5,7,2,15,402
38.5,7,3,0,377
38.5,7,3,1,379
38.5,7,3,2,381
38.5,7,3,3,383
38.5,7,3,4,385
38.5,7,3,5,386
38.5,7,3,6,388
38.5,7,3,7,390
38.5,7,3,8,392
38.5,7,3,9,394
38.5,7,3,10,395
38.5,7,3,11,397
38.5,7,3,12,399
38.5,7,3,13,401
38.5,7,3,14,402
38.5,7,3,15,404
38.5,7,4,0,380
38.5,7,4,1,381
38.5,7,4,2,383
38.5,7,4,3,385
38.5,7,4,4,387
38.5,7,4,5,389
38.5,7,4,6,391
38.5,7,4,7,392
38.5,7,4,8,394
38.5,7,4,9,396
38.5,7,4,10,398
38.5,7,4,11,399
38.5,7,4,12,401
38.5,7,4,13,403
38.5,7,4,14,405
38.5,7,4,15,406
38.5,7,5,0,382
38.5,7,5,1,384
38.5,7,5,2,385
38.5,7,5,3,387
38.5,7,5,4,389
38.5,7,5,5,391
38.5,7,5,6,393
38.5,7,5,7,395
38.5,7,5,8,396
38.5,7,5,9,398
38.5,7,5,10,400
38.5,7,5,11,402
38.5,7,5,12,404
38.5,7,5,13,405
38.5,7,5,14,407
38.5,7,5,15,409
38.5,7,6,0,384
38.5,7,6,1,386
38.5,7,6,2,388
38.5,7,6,3,389
38.5,7,6,4,391
38.5,7,6,5,393
38.5,7,6,6,395
38.5,7,6,7,397
38.5,7,6,8,399
38.5,7,6,9,400
38.5,7,6,10,402
38.5,7,6,11,404
38.5,7,6,12,406
38.5,7,6,13,408
38.5,7,6,14,409
38.5,7,6,15,411
38.5,7,7,0,386
38.5,7,7,1,388
38.5,7,7,2,390
38.5,7,7,3,392
38.5,7,7,4,394
38.5,7,7,5,395
38.5,7,7,6,397
38.5,7,7,7,399
38.5,7,7,8,401
38.5,7,7,9,403
38.5,7,7,10,404
38.5,7,7,11,406
38.5,7,7,12,408
38.5,7,7,13,410
38.5,7,7,14,412
38.5,7,7,15,413
38.5,7,8,0,388
38.5,7,8,1,390
38.5,7,8,2,392
38.5,7,8,3,394
38.5,7,8,4,396
38.5,7,8,5,398
38.5,7,8,6,399
38.5,7,8,7,401
38.5,7,8,8,403
38.5,7,8,9,405
38.5,7,8,10,407
38.5,7,8,11,409
38.5,7,8,12,410
38.5,7,8,13,412
38.5,7,8,14,414
38.5,7,8,15,416
38.5,7,9,0,390
38.5,7,9,1,392
38.5,7,9,2,394
38.5,7,9,3,396
38.5,7,9,4,398
38.5,7,9,5,400
38.5,7,9,6,402
38.5,7,9,7,403
38.5,7,9,8,405
38.5,7,9,9,407
38.5,7,9,10,409
38.5,7,9,11,411
38.5,7,9,12,413
38.5,7,9,13,414
38.5,7,9,14,416
38.5,7,9,15,418
38.5,7,10,0,392
38.5,7,10,1,394
38.5,7,10,2,396
38.5,7,10,3,398
38.5,7,10,4,400
38.5,7,10,5,402
38.5,7,10,6,404
38.5,7,10,7,406
38.5,7,10,8,408
38.5,7,10,9,409
38.5,7,10,10,411
38.5,7,10,11,413
38.5,7,10,12,415
38.5,7,10,13,417
38.5,7,10,14,418
38.5,7,10,15,420
38.5,7,11,0,394
38.5,7,11,1,396
38.5,7,11,2,398
38.5,7,11,3,400
38.5,7,11,4,402
38.5,7,11,5,404
38.5,7,11,6,406
38.5,7,11,7,408
38.5,7,11,8,410
38.5,7,11,9,412
38.5,7,11,10,413
38.5,7,11,11,415
38.5,7,11,12,417
38.5,7,11,13,419
38.5,7,11,14,421
38.5,7,11,15,423
38.5,7,12,0,397
38.5,7,12,1,399
38.5,7,12,2,400
38.5,7,12,3,402
38.5,7,12,4,404
38.5,7,12,5,406
38.5,7,12,6,408
38.5,7,12,7,410
38.5,7,12,8,412
38.5,7,12,9,414
38.5,7,12,10,416
38.5,7,12,11,417
38.5,7,12,12,419
38.5,7,12,13,421
38.5,7,12,14,423
38.5,7,12,15,425
38.5,7,13,0,399
38.5,7,13,1,401
38.5,7,13,2,403
38.5,7,13,3,404
38.5,7,13,4,406
38.5,7,13,5,408
38.5,7,13,6,410
38.5,7,13,7,412
38.5,7,13,8,414
38.5,7,13,9,416
38.5,7,13,10,418
38.5,7,13,11,420
38.5,7,13,12,421
38.5,7,13,13,423
38.5,7,13,14,425
38.5,7,13,15,427
38.5,7,14,0,401
38.5,7,14,1,403
38.5,7,14,2,405
38.5,7,14,3,407
38.5,7,14,4,409
38.5,7,14,5,410
38.5,7,14,6,412
38.5,7,14,7,414
38.5,7,14,8,416
38.5,7,14,9,418
38.5,7,14,10,420
38.5,7,14,11,422
38.5,7,14,12,424
38.5,7,14,13,426
38.5,7,14,14,427
38.5,7,14,15,429
38.5,7,15,0,403
38.5,7,15,1,405
38.5,7,15,2,407
38.5,7,15,3,409
38.5,7,15,4,411
38.5,7,15,5,413
38.5,7,15,6,415
38.5,7,15,7,416
38.5,7,15,8,418
38.5,7,15,9,420
38.5,7,15,10,422
38.5,7,15,11,424
38.5,7,15,12,426
38.5,7,15,13,428
38.5,7,15,14,430
38.5,7,15,15,431
38.5,8,0,0,376
38.5,8,0,1,378
38.5,8,0,2,380
38.5,8,0,3,382
38.5,8,0,4,384
38.5,8,0,5,385
38.5,8,0,6,387
38.5,8,0,7,389
38.5,8,0,8,391
38.5,8,0,9,393
38.5,8,0,10,394
38.5,8,0,11,396
38.5,8,0,12,398
38.5,8,0,13,400
38.5,8,0,14,401
38.5,8,0,15,403
38.5,8,1,0,379
38.5,8,1,1,380
38.5,8,1,2,382
38.5,8,1,3,384
38.5,8,1,4,386
38.5,8,1,5,388
38.5,8,1,6,390
38.5,8,1,7,391
38.5,8,1,8,393
38.5,8,1,9,395
38.5,8,1,10,397
38.5,8,1,11,398
38.5,8,1,12,400
38.5,8,1,13,402
38.5,8,1,14,404
38.5,8,1,15,405
38.5,8,2,0,381
38.5,8,2,1,383
38.5,8,2,2,385
38.5,8,2,3,386
38.5,8,2,4,388
38.5,8,2,5,390
38.5,8,2,6,392
38.5,8,2,7,394
38.5,8,2,8,395
38.5,8,2,9,397
38.5,8,2,10,399
38.5,8,2,11,401
38.5,8,2,12,403
38.5,8,2,13,404
38.5,8,2,14,406
38.5,8,2,15,408
38.5,8,3,0,383
38.5,8,3,1,385
38.5,8,3,2,387
38.5,8,3,3,389
38.5,8,3,4,390
38.5,8,3,5,392
38.5,8,3,6,394
38.5,8,3,7,396
38.5,8,3,8,398
38.5,8,3,9,400
38.5,8,3,10,401
38.5,8,3,11,403
38.5,8,3,12,405
38.5,8,3,13,407
38.5,8,3,14,409
38.5,8,3,15,410
38.5,8,4,0,385
38.5,8,4,1,387
38.5,8,4,2,389
38.5,8,4,3,391
38.5,8,4,4,393
38.5,8,4,5,395
38.5,8,4,6,396
38.5,8,4,7,398
38.5,8,4,8,400
38.5,8,4,9,402
38.5,8,4,10,404
38.5,8,4,11,406
38.5,8,4,12,407
38.5,8,4,13,409
38.5,8,4,14,411
38.5,8,4,15,413
38.5,8,5,0,387
38.5,8,5,1,389
38.5,8,5,2,391
38.5,8,5,3,393
38.5,8,5,4,395
38.5,8,5,5,397
38.5,8,5,6,399
38.5,8,5,7,401
38.5,8,5,8,402
38.5,8,5,9,404
38.5,8,5,10,406
38.5,8,5,11,408
38.5,8,5,12,410
38.5,8,5,13,411
38.5,8,5,14,413
38.5,8,5,15,415
38.5,8,6,0,390
38.5,8,6,1,392
38.5,8,6,2,393
38.5,8,6,3,395
38.5,8,6,4,397
38.5,8,6,5,399
38.5,8,6,6,401
38.5,8,6,7,403
38.5,8,6,8,405
38.5,8,6,9,407
38.5,8,6,10,408
38.5,8,6,11,410
38.5,8,6,12,412
38.5,8,6,13,414
38.5,8,6,14,416
38.5,8,6,15,417
38.5,8,7,0,392
38.5,8,7,1,394
38.5,8,7,2,396
38.5,8,7,3,398
38.5,8,7,4,399
38.5,8,7,5,401
38.5,8,7,6,403
38.5,8,7,7,405
38.5,8,7,8,407
38.5,8,7,9,409
38.5,8,7,10,411
38.5,8,7,11,412
38.5,8,7,12,414
38.5,8,7,13,416
38.5,8,7,14,418
38.5,8,7,15,420
38.5,8,8,0,394
38.5,8,8,1,396
38.5,8,8,2,398
38.5,8,8,3,400
38.5,8,8,4,402
38.5,8,8,5,404
38.5,8,8,6,405
38.5,8,8,7,407
38.5,8,8,8,409
38.5,8,8,9,411
38.5,8,8,10,413
38.5,8,8,11,415
38.5,8,8,12,417
38.5,8,8,13,418
38.5,8,8,14,420
38.5,8,8,15,422
38.5,8,9,0,396
38.5,8,9,1,398
38.5,8,9,2,400
38.5,8,9,3,402
38.5,8,9,4,404
38.5,8,9,5,406
38.5,8,9,6,408
38.5,8,9,7,410
38.5,8,9,8,411
38.5,8,9,9,413
38.5,8,9,10,415
38.5,8,9,11,417
38.5,8,9,12,419
38.5,8,9,13,421
38.5,8,9,14,423
38.5,8,9,15,424
38.5,8,10,0,398
38.5,8,10,1,400
38.5,8,10,2,402
38.5,8,10,3,404
38.5,8,10,4,406
38.5,8,10,5,408
38.5,8,10,6,410
38.5,8,10,7,412
38.5,8,10,8,414
38.5,8,10,9,416
38.5,8,10,10,417
38.5,8,10,11,419
38.5,8,10,12,421
38.5,8,10,13,423
38.5,8,10,14,425
38.5,8,10,15,427
38.5,8,11,0,400
38.5,8,11,1,402
38.5,8,11,2,404
38.5,8,11,3,406
38.5,8,11,4,408
38.5,8,11,5,410
38.5,8,11,6,412
38.5,8,11,7,414
38.5,8,11,8,416
38.5,8,11,9,418
38.5,8,11,10,420
38.5,8,11,11,422
38.5,8,11,12,423
38.5,8,11,13,425
38.5,8,11,14,427
38.5,8,11,15,429
38.5,8,12,0,403
38.5,8,12,1,405
38.5,8,12,2,407
38.5,8,12,3,408
38.5,8,12,4,410
38.5,8,12,5,412
38.5,8,12,6,414
38.5,8,12,7,416
38.5,8,12,8,418
38.5,8,12,9,420
38.5,8,12,10,422
38.5,8,12,11,424
38.5,8,12,12,426
38.5,8,12,13,428
38.5,8,12,14,429
38.5,8,12,15,431
38.5,8,13,0,405
38.5,8,13,1,407
38.5,8,13,2,409
38.5,8,13,3,411
38.5,8,13,4,413
38.5,8,13,5,415
38.5,8,13,6,416
38.5,8,13,7,418
38.5,8,13,8,420
38.5,8,13,9,422
38.5,8,13,10,424
38.5,8,13,11,426
38.5,8,13,12,428
38.5,8,13,13,430
38.5,8,13,14,432
38.5,8,13,15,433
38.5,8,14,0,407
38.5,8,14,1,409
38.5,8,14,2,411
38.5,8,14,3,413
38.5,8,14,4,415
38.5,8,14,5,417
38.5,8,14,6,419
38.5,8,14,7,421
38.5,8,14,8,422
38.5,8,14,9,424
38.5,8,14,10,426
38.5,8,14,11,428
38.5,8,14,12,430
38.5,8,14,13,432
38.5,8,14,14,434
38.5,8,14,15,436
38.5,8,15,0,409
38.5,8,15,1,411
38.5,8,15,2,413
38.5,8,15,3,415
38.5,8,15,4,417
38.5,8,15,5,419
38.5,8,15,6,421
38.5,8,15,7,423
38.5,8,15,8,425
38.5,8,15,9,427
38.5,8,15,10,429
38.5,8,15,11,430
38.5,8,15,12,432
38.5,8,15,13,434
38.5,8,15,14,436
38.5,8,15,15,438
38.5,9,0,0,382
38.5,9,0,1,384
38.5,9,0,2,386
38.5,9,0,3,387
38.5,9,0,4,389
38.5,9,0,5,391
38.5,9,0,6,393
38.5,9,0,7,395
38.5,9,0,8,397
38.5,9,0,9,398
38.5,9,0,10,400
38.5,9,0,11,402
38.5,9,0,12,404
38.5,9,0,13,406
38.5,9,0,14,407
38.5,9,0,15,409
38.5,9,1,0,384
38.5,9,1,1,386
38.5,9,1,2,388
38.5,9,1,3,390
38.5,9,1,4,392
38.5,9,1,5,394
38.5,9,1,6,395
38.5,9,1,7,397
38.5,9,1,8,399
38.5,9,1,9,401
38.5,9,1,10,403
38.5,9,1,11,404
38.5,9,1,12,406
38.5,9,1,13,408
38.5,9,1,14,410
38.5,9,1,15,412
38.5,9,2,0,386
38.5,9,2,1,388
38.5,9,2,2,390
38.5,9,2,3,392
38.5,9,2,4,394
38.5,9,2,5,396
38.5,9,2,6,398
38.5,9,2,7,400
38.5,9,2,8,401
38.5,9,2,9,403
38.5,9,2,10,405
38.5,9,2,11,407
38.5,9,2,12,409
38.5,9,2,13,410
38.5,9,2,14,412
38.5,9,2,15,414
38.5,9,3,0,389
38.5,9,3,1,391
38.5,9,3,2,393
38.5,9,3,3,394
38.5,9,3,4,396
38.5,9,3,5,398
38.5,9,3,6,400
38.5,9,3,7,402
38.5,9,3,8,404
38.5,9,3,9,406
38.5,9,3,10,407
38.5,9,3,11,409
38.5,9,3,12,411
38.5,9,3,13,413
38.5,9,3,14,415
38.5,9,3,15,416
38.5,9,4,0,391
38.5,9,4,1,393
38.5,9,4,2,395
38.5,9,4,3,397
38.5,9,4,4,399
38.5,9,4,5,400
38.5,9,4,6,402
38.5,9,4,7,404
38.5,9,4,8,406
38.5,9,4,9,408
38.5,9,4,10,410
38.5,9,4,11,412
38.5,9,4,12,413
38.5,9,4,13,415
38.5,9,4,14,417
38.5,9,4,15,419
38.5,9,5,0,393
38.5,9,5,1,395
38.5,9,5,2,397
38.5,9,5,3,399
38.5,9,5,4,401
38.5,9,5,5,403
38.5,9,5,6,405
38.5,9,5,7,407
38.5,9,5,8,408
38.5,9,5,9,410
38.5,9,5,10,412
38.5,9,5,11,414
38.5,9,5,12,416
38.5,9,5,13,418
38.5,9,5,14,419
38.5,9,5,15,421
38.5,9,6,0,395
38.5,9,6,1,397
38.5,9,6,2,399
38.5,9,6,3,401
38.5,9,6,4,403
38.5,9,6,5,405
38.5,9,6,6,407
38.5,9,6,7,409
38.5,9,6,8,411
38.5,9,6,9,413
38.5,9,6,10,414
38.5,9,6,11,416
38.5,9,6,12,418
38.5,9,6,13,420
38.5,9,6,14,422
38.5,9,6,15,424
38.5,9,7,0,398
38.5,9,7,1,400
38.5,9,7,2,402
38.5,9,7,3,404
38.5,9,7,4,405
38.5,9,7,5,407
38.5,9,7,6,409
38.5,9,7,7,411
38.5,9,7,8,413
38.5,9,7,9,415
38.5,9,7,10,417
38.5,9,7,11,419
38.5,9,7,12,420
38.5,9,7,13,422
38.5,9,7,14,424
38.5,9,7,15,426
38.5,9,8,0,400
38.5,9,8,1,402
38.5,9,8,2,404
38.5,9,8,3,406
38.5,9,8,4,408
38.5,9,8,5,410
38.5,9,8,6,412
38.5,9,8,7,413
38.5,9,8,8,415
38.5,9,8,9,417
38.5,9,8,10,419
38.5,9,8,11,421
38.5,9,8,12,423
38.5,9,8,13,425
38.5,9,8,14,427
38.5,9,8,15,428
38.5,9,9,0,402
38.5,9,9,1,404
38.5,9,9,2,406
38.5,9,9,3,408
38.5,9,9,4,410
38.5,9,9,5,412
38.5,9,9,6,414
38.5,9,9,7,416
38.5,9,9,8,418
38.5,9,9,9,419
38.5,9,9,10,421
38.5,9,9,11,423
38.5,9,9,12,425
38.5,9,9,13,427
38.5,9,9,14,429
38.5,9,9,15,431
38.5,9,10,0,404
38.5,9,10,1,406
38.5,9,10,2,408
38.5,9,10,3,410
38.5,9,10,4,412
38.5,9,10,5,414
38.5,9,10,6,416
38.5,9,10,7,418
38.5,9,10,8,420
38.5,9,10,9,422
38.5,9,10,10,424
38.5,9,10,11,426
38.5,9,10,12,427
38.5,9,10,13,429
38.5,9,10,14,431
38.5,9,10,15,433
38.5,9,11,0,406
38.5,9,11,1,408
38.5,9,11,2,410
38.5,9,11,3,412
38.5,9,11,4,414
38.5,9,11,5,416
38.5,9,11,6,418
38.5,9,11,7,420
38.5,9,11,8,422
38.5,9,11,9,424
38.5,9,11,10,426
38.5,9,11,11,428
38.5,9,11,12,430
38.5,9,11,13,432
38.5,9,11,14,433
38.5,9,11,15,435
38.5,9,12,0,409
38.5,9,12,1,411
38.5,9,12,2,413
38.5,9,12,3,415
38.5,9,12,4,417
38.5,9,12,5,419
38.5,9,12,6,420
38.5,9,12,7,422
38.5,9,12,8,424
38.5,9,12,9,426
38.5,9,12,10,428
38.5,9,12,11,430
38.5,9,12,12,432
38.5,9,12,13,434
38.5,9,12,14,436
38.5,9,12,15,438
38.5,9,13,0,411
38.5,9,13,1,413
38.5,9,13,2,415
38.5,9,13,3,417
38.5,9,13,4,419
38.5,9,13,5,421
38.5,9,13,6,423
38.5,9,13,7,425
38.5,9,13,8,427
38.5,9,13,9,429
38.5,9,13,10,430
38.5,9,13,11,432
38.5,9,13,12,434
38.5,9,13,13,436
38.5,9,13,14,438
38.5,9,13,15,440
38.5,9,14,0,413
38.5,9,14,1,415
38.5,9,14,2,417
38.5,9,14,3,419
38.5,9,14,4,421
38.5,9,14,5,423
38.5,9,14,6,425
38.5,9,14,7,427
38.5,9,14,8,429
38.5,9,14,9,431
38.5,9,14,10,433
38.5,9,14,11,435
38.5,9,14,12,437
38.5,9,14,13,438
38.5,9,14,14,440
38.5,9,14,15,442
38.5,9,15,0,415
38.5,9,15,1,417
38.5,9,15,2,419
38.5,9,15,3,421
38.5,9,15,4,423
38.5,9,15,5,425
38.5,9,15,6,427
38.5,9,15,7,429
38.5,9,15,8,431
38.5,9,15,9,433
38.5,9,15,10,435
38.5,9,15,11,437
38.5,9,15,12,439
38.5,9,15,13,441
38.5,9,15,14,443
38.5,9,15,15,445
38.5,10,0,0,388
38.5,10,0,1,389
38.5,10,0,2,391
38.5,10,0,3,393
38.5,10,0,4,395
38.5,10,0,5,397
38.5,10,0,6,399
38.5,10,0,7,401
38.5,10,0,8,402
38.5,10,0,9,404
38.5,10,0,10,406
38.5,10,0,11,408
38.5,10,0,12,410
38.5,10,0,13,412
38.5,10,0,14,413
38.5,10,0,15,415
38.5,10,1,0,390
38.5,10,1,1,392
38.5,10,1,2,394
38.5,10,1,3,396
38.5,10,1,4,397
38.5,10,1,5,399
38.5,10,1,6,401
38.5,10,1,7,403
38.5,10,1,8,405
38.5,10,1,9,407
38.5,10,1,10,409
38.5,10,1,11,410
38.5,10,1,12,412
38.5,10,1,13,414
38.5,10,1,14,416
38.5,10,1,15,418
38.5,10,2,0,392
38.5,10,2,1,394
38.5,10,2,2,396
38.5,10,2,3,398
38.5,10,2,4,400
38.5,10,2,5,402
38.5,10,2,6,404
38.5,10,2,7,405
38.5,10,2,8,407
38.5,10,2,9,409
38.5,10,2,10,411
38.5,10,2,11,413
38.5,10,2,12,415
38.5,10,2,13,416
38.5,10,2,14,418
38.5,10,2,15,420
38.5,10,3,0,394
38.5,10,3,1,396
38.5,10,3,2,398
38.5,10,3,3,400
38.5,10,3,4,402
38.5,10,3,5,404
38.5,10,3,6,406
38.5,10,3,7,408
38.5,10,3,8,410
38.5,10,3,9,412
38.5,10,3,10,413
38.5,10,3,11,415
38.5,10,3,12,417
38.5,10,3,13,419
38.5,10,3,14,421
38.5,10,3,15,423
38.5,10,4,0,397
38.5,10,4,1,399
38.5,10,4,2,401
38.5,10,4,3,403
38.5,10,4,4,404
38.5,10,4,5,406
38.5,10,4,6,408
38.5,10,4,7,410
38.5,10,4,8,412
38.5,10,4,9,414
38.5,10,4,10,416
38.5,10,4,11,418
38.5,10,4,12,419
38.5,10,4,13,421
38.5,10,4,14,423
38.5,10,4,15,425
38.5,10,5,0,399
38.5,10,5,1,401
38.5,10,5,2,403
38.5,10,5,3,405
38.5,10,5,4,407
38.5,10,5,5,409
38.5,10,5,6,411
38.5,10,5,7,413
38.5,10,5,8,414
38.5,10,5,9,416
38.5,10,5,10,418
38.5,10,5,11,420
38.5,10,5,12,422
38.5,10,5,13,424
38.5,10,5,14,426
38.5,10,5,15,427
38.5,10,6,0,401
38.5,10,6,1,403
38.5,10,6,2,405
38.5,10,6,3,407
38.5,10,6,4,409
38.5,10,6,5,411
38.5,10,6,6,413
38.5,10,6,7,415
38.5,10,6,8,417
38.5,10,6,9,419
38.5,10,6,10,421
38.5,10,6,11,422
38.5,10,6,12,424
38.5,10,6,13,426
38.5,10,6,14,428
38.5,10,6,15,430
38.5,10,7,0,404
38.5,10,7,1,406
38.5,10,7,2,408
38.5,10,7,3,409
38.5,10,7,4,411
38.5,10,7,5,413
38.5,10,7,6,415
38.5,10,7,7,417
38.5,10,7,8,419
38.5,10,7,9,421
38.5,10,7,10,423
38.5,10,7,11,425
38.5,10,7,12,427
38.5,10,7,13,429
38.5,10,7,14,430
38.5,10,7,15,432
38.5,10,8,0,406
38.5,10,8,1,408
38.5,10,8,2,410
38.5,10,8,3,412
38.5,10,8,4,414
38.5,10,8,5,416
38.5,10,8,6,418
38.5,10,8,7,420
38.5,10,8,8,421
38.5,10,8,9,423
38.5,10,8,10,425
38.5,10,8,11,427
38.5,10,8,12,429
38.5,10,8,13,431
38.5,10,8,14,433
38.5,10,8,15,435
38.5,10,9,0,408
38.5,10,9,1,410
38.5,10,9,2,412
38.5,10,9,3,414
38.5,10,9,4,416
38.5,10,9,5,418
38.5,10,9,6,420
38.5,10,9,7,422
38.5,10,9,8,424
38.5,10,9,9,426
38.5,10,9,10,428
38.5,10,9,11,429
38.5,10,9,12,431
38.5,10,9,13,433
38.5,10,9,14,435
38.5,10,9,15,437
38.5,10,10,0,410
38.5,10,10,1,412
38.5,10,10,2,414
38.5,10,10,3,416
38.5,10,10,4,418
38.5,10,10,5,420
38.5,10,10,6,422
38.5,10,10,7,424
38.5,10,10,8,426
38.5,10,10,9,428
38.5,10,10,10,430
38.5,10,10,11,432
38.5,10,10,12,434
38.5,10,10,13,436
38.5,10,10,14,438
38.5,10,10,15,439
38.5,10,11,0,412
38.5,10,11,1,414
38.5,10,11,2,416
38.5,10,11,3,418
38.5,10,11,4,420
38.5,10,11,5,422
38.5,10,11,6,424
38.5,10,11,7,426
38.5,10,11,8,428
38.5,10,11,9,430
38.5,10,11,10,432
38.5,10,11,11,434
38.5,10,11,12,436
38.5,10,11,13,438
38.5,10,11,14,440
38.5,10,11,15,442
38.5,10,12,0,415
38.5,10,12,1,417
38.5,10,12,2,419
38.5,10,12,3,421
38.5,10,12,4,423
38.5,10,12,5,425
38.5,10,12,6,427
38.5,10,12,7,429
38.5,10,12,8,431
38.5,10,12,9,433
38.5,10,12,10,435
38.5,10,12,11,436
38.5,10,12,12,438
38.5,10,12,13,440
38.5,10,12,14,442
38.5,10,12,15,444
38.5,10,13,0,417
38.5,10,13,1,419
38.5,10,13,2,421
38.5,10,13,3,423
38.5,10,13,4,425
38.5,10,13,5,427
38.5,10,13,6,429
38.5,10,13,7,431
38.5,10,13,8,433
38.5,10,13,9,435
38.5,10,13,10,437
38.5,10,13,11,439
38.5,10,13,12,441
38.5,10,13,13,443
38.5,10,13,14,445
38.5,10,13,15,446
38.5,10,14,0,419
38.5,10,14,1,421
38.5,10,14,2,423
38.5,10,14,3,425
38.5,10,14,4,427
38.5,10,14,5,429
38.5,10,14,6,431
38.5,10,14,7,433
38.5,10,14,8,435
38.5,10,14,9,437
38.5,10,14,10,439
38.5,10,14,11,441
38.5,10,14,12,443
38.5,10,14,13,445
38.5,10,14,14,447
38.5,10,14,15,449
38.5,10,15,0,421
38.5,10,15,1,423
38.5,10,15,2,425
38.5,10,15,3,427
38.5,10,15,4,429
38.5,10,15,5,431
38.5,10,15,6,433
38.5,10,15,7,435
38.5,10,15,8,437
38.5,10,15,9,439
38.5,10,15,10,441
38.5,10,15,11,443
38.5,10,15,12,445
38.5,10,15,13,447
38.5,10,15,14,449
38.5,10,15,15,451
38.5,11,0,0,393
38.5,11,0,1,395
38.5,11,0,2,397
38.5,11,0,3,399
38.5,11,0,4,401
38.5,11,0,5,403
38.5,11,0,6,405
38.5,11,0,7,406
38.5,11,0,8,408
38.5,11,0,9,410
38.5,11,0,10,412
38.5,11,0,11,414
38.5,11,0,12,416
38.5,11,0,13,417
38.5,11,0,14,419
38.5,11,0,15,421
38.5,11,1,0,396
38.5,11,1,1,397
38.5,11,1,2,399
38.5,11,1,3,401
38.5,11,1,4,403
38.5,11,1,5,405
38.5,11,1,6,407
38.5,11,1,7,409
38.5,11,1,8,411
38.5,11,1,9,413
38.5,11,1,10,414
38.5,11,1,11,416
38.5,11,1,12,418
38.5,11,1,13,420
38.5,11,1,14,422
38.5,11,1,15,424
38.5,11,2,0,398
38.5,11,2,1,400
38.5,11,2,2,402
38.5,11,2,3,404
38.5,11,2,4,406
38.5,11,2,5,408
38.5,11,2,6,409
38.5,11,2,7,411
38.5,11,2,8,413
38.5,11,2,9,415
38.5,11,2,10,417
38.5,11,2,11,419
38.5,11,2,12,421
38.5,11,2,13,422
38.5,11,2,14,424
38.5,11,2,15,426
38.5,11,3,0,400
38.5,11,3,1,402
38.5,11,3,2,404
38.5,11,3,3,406
38.5,11,3,4,408
38.5,11,3,5,410
38.5,11,3,6,412
38.5,11,3,7,414
38.5,11,3,8,416
38.5,11,3,9,418
38.5,11,3,10,419
38.5,11,3,11,421
38.5,11,3,12,423
38.5,11,3,13,425
38.5,11,3,14,427
38.5,11,3,15,429
38.5,11,4,0,403
38.5,11,4,1,405
38.5,11,4,2,406
38.5,11,4,3,408
38.5,11,4,4,410
38.5,11,4,5,412
38.5,11,4,6,414
38.5,11,4,7,416
38.5,11,4,8,418
38.5,11,4,9,420
38.5,11,4,10,422
38.5,11,4,11,424
38.5,11,4,12,426
38.5,11,4,13,427
38.5,11,4,14,429
38.5,11,4,15,431
38.5,11,5,0,405
38.5,11,5,1,407
38.5,11,5,2,409
38.5,11,5,3,411
38.5,11,5,4,413
38.5,11,5,5,415
38.5,11,5,6,417
38.5,11,5,7,419
38.5,11,5,8,420
38.5,11,5,9,422
38.5,11,5,10,424
38.5,11,5,11,426
38.5,11,5,12,428
38.5,11,5,13,430
38.5,11,5,14,432
38.5,11,5,15,434
38.5,11,6,0,407
38.5,11,6,1,409
38.5,11,6,2,411
38.5,11,6,3,413
38.5,11,6,4,415
38.5,11,6,5,417
38.5,11,6,6,419
38.5,11,6,7,421
38.5,11,6,8,423
38.5,11,6,9,425
38.5,11,6,10,427
38.5,11,6,11,429
38.5,11,6,12,430
38.5,11,6,13,432
38.5,11,6,14,434
38.5,11,6,15,436
38.5,11,7,0,409
38.5,11,7,1,411
38.5,11,7,2,413
38.5,11,7,3,415
38.5,11,7,4,417
38.5,11,7,5,419
38.5,11,7,6,421
38.5,11,7,7,423
38.5,11,7,8,425
38.5,11,7,9,427
38.5,11,7,10,429
38.5,11,7,11,431
38.5,11,7,12,433
38.5,11,7,13,435
38.5,11,7,14,437
38.5,11,7,15,439
38.5,11,8,0,412
38.5,11,8,1,414
38.5,11,8,2,416
38.5,11,8,3,418
38.5,11,8,4,420
38.5,11,8,5,422
38.5,11,8,6,424
38.5,11,8,7,426
38.5,11,8,8,428
38.5,11,8,9,429
38.5,11,8,10,431
38.5,11,8,11,433
38.5,11,8,12,435
38.5,11,8,13,437
38.5,11,8,14,439
38.5,11,8,15,441
38.5,11,9,0,414
38.5,11,9,1,416
38.5,11,9,2,418
38.5,11,9,3,420
38.5,11,9,4,422
38.5,11,9,5,424
38.5,11,9,6,426
38.5,11,9,7,428
38.5,11,9,8,430
38.5,11,9,9,432
38.5,11,9,10,434
38.5,11,9,11,436
38.5,11,9,12,438
38.5,11,9,13,440
38.5,11,9,14,441
38.5,11,9,15,443
38.5,11,10,0,416
38.5,11,10,1,418
38.5,11,10,2,420
38.5,11,10,3,422
38.5,11,10,4,424
38.5,11,10,5,426
38.5,11,10,6,428
38.5,11,10,7,430
38.5,11,10,8,432
38.5,11,10,9,434
38.5,11,10,10,436
38.5,11,10,11,438
38.5,11,10,12,440
38.5,11,10,13,442
38.5,11,10,14,444
38.5,11,10,15,446
38.5,11,11,0,418
38.5,11,11,1,420
38.5,11,11,2,423
38.5,11,11,3,425
38.5,11,11,4,427
38.5,11,11,5,429
38.5,11,11,6,431
38.5,11,11,7,433
38.5,11,11,8,435
38.5,11,11,9,437
38.5,11,11,10,438
38.5,11,11,11,440
38.5,11,11,12,442
38.5,11,11,13,444
38.5,11,11,14,446
38.5,11,11,15,448
38.5,11,12,0,421
38.5,11,12,1,423
38.5,11,12,2,425
38.5,11,12,3,427
38.5,11,12,4,429
38.5,11,12,5,431
38.5,11,12,6,433
38.5,11,12,7,435
38.5,11,12,8,437
38.5,11,12,9,439
38.5,11,12,10,441
38.5,11,12,11,443
38.5,11,12,12,445
38.5,11,12,13,447
38.5,11,12,14,449
38.5,11,12,15,451
38.5,11,13,0,423
38.5,11,13,1,425
38.5,11,13,2,427
38.5,11,13,3,429
38.5,11,13,4,431
38.5,11,13,5,433
38.5,11,13,6,435
38.5,11,13,7,437
38.5,11,13,8,439
38.5,11,13,9,441
38.5,11,13,10,443
38.5,11,13,11,445
38.5,11,13,12,447
38.5,11,13,13,449
38.5,11,13,14,451
38.5,11,13,15,453
38.5,11,14,0,425
38.5,11,14,1,427
38.5,11,14,2,429
38.5,11,14,3,431
38.5,11,14,4,433
38.5,11,14,5,435
38.5,11,14,6,437
38.5,11,14,7,439
38.5,11,14,8,441
38.5,11,14,9,443
38.5,11,14,10,445
38.5,11,14,11,447
38.5,11,14,12,449
38.5,11,14,13,451
38.5,11,14,14,453
38.5,11,14,15,455
38.5,11,15,0,427
38.5,11,15,1,429
38.5,11,15,2,431
38.5,11,15,3,433
38.5,11,15,4,436
38.5,11,15,5,438
38.5,11,15,6,440
38.5,11,15,7,442
38.5,11,15,8,444
38.5,11,15,9,446
38.5,11,15,10,448
38.5,11,15,11,450
38.5,11,15,12,452
38.5,11,15,13,454
38.5,11,15,14,456
38.5,11,15,15,458
38.5,12,0,0,399
38.5,12,0,1,401
38.5,12,0,2,403
38.5,12,0,3,405
38.5,12,0,4,407
38.5,12,0,5,408
38.5,12,0,6,410
38.5,12,0,7,412
38.5,12,0,8,414
38.5,12,0,9,416
38.5,12,0,10,418
38.5,12,0,11,420
38.5,12,0,12,422
38.5,12,0,13,423
38.5,12,0,14,425
38.5,12,0,15,427
38.5,12,1,0,401
38.5,12,1,1,403
38.5,12,1,2,405
38.5,12,1,3,407
38.5,12,1,4,409
38.5,12,1,5,411
38.5,12,1,6,413
38.5,12,1,7,415
38.5,12,1,8,417
38.5,12,1,9,419
38.5,12,1,10,420
38.5,12,1,11,422
38.5,12,1,12,424
38.5,12,1,13,426
38.5,12,1,14,428
38.5,12,1,15,430
38.5,12,2,0,404
38.5,12,2,1,406
38.5,12,2,2,408
38.5,12,2,3,409
38.5,12,2,4,411
38.5,12,2,5,413
38.5,12,2,6,415
38.5,12,2,7,417
38.5,12,2,8,419
38.5,12,2,9,421
38.5,12,2,10,423
38.5,12,2,11,425
38.5,12,2,12,427
38.5,12,2,13,429
38.5,12,2,14,430
38.5,12,2,15,432
38.5,12,3,0,406
38.5,12,3,1,408
38.5,12,3,2,410
38.5,12,3,3,412
38.5,12,3,4,414
38.5,12,3,5,416
38.5,12,3,6,418
38.5,12,3,7,420
38.5,12,3,8,422
38.5,12,3,9,423
38.5,12,3,10,425
38.5,12,3,11,427
38.5,12,3,12,429
38.5,12,3,13,431
38.5,12,3,14,433
38.5,12,3,15,435
38.5,12,4,0,408
38.5,12,4,1,410
38.5,12,4,2,412
38.5,12,4,3,414
38.5,12,4,4,416
38.5,12,4,5,418
38.5,12,4,6,420
38.5,12,4,7,422
38.5,12,4,8,424
38.5,12,4,9,426
38.5,12,4,10,428
38.5,12,4,11,430
38.5,12,4,12,432
38.5,12,4,13,434
38.5,12,4,14,435
38.5,12,4,15,437
38.5,12,5,0,411
38.5,12,5,1,413
38.5,12,5,2,415
38.5,12,5,3,417
38.5,12,5,4,419
38.5,12,5,5,421
38.5,12,5,6,423
38.5,12,5,7,425
38.5,12,5,8,426
38.5,12,5,9,428
38.5,12,5,10,430
38.5,12,5,11,432
38.5,12,5,12,434
38.5,12,5,13,436
38.5,12,5,14,438
38.5,12,5,15,440
38.5,12,6,0,413
38.5,12,6,1,415
38.5,12,6,2,417
38.5,12,6,3,419
38.5,12,6,4,421
38.5,12,6,5,423
38.5,12,6,6,425
38.5,12,6,7,427
38.5,12,6,8,429
38.5,12,6,9,431
38.5,12,6,10,433
38.5,12,6,11,435
38.5,12,6,12,437
38.5,12,6,13,439
38.5,12,6,14,440
38.5,12,6,15,442
38.5,12,7,0,415
38.5,12,7,1,417
38.5,12,7,2,419
38.5,12,7,3,421
38.5,12,7,4,423
38.5,12,7,5,425
38.5,12,7,6,427
38.5,12,7,7,429
38.5,12,7,8,431
38.5,12,7,9,433
38.5,12,7,10,435
38.5,12,7,11,437
38.5,12,7,12,439
38.5,12,7,13,441
38.5,12,7,14,443
38.5,12,7,15,445
38.5,12,8,0,418
38.5,12,8,1,420
38.5,12,8,2,422
38.5,12,8,3,424
38.5,12,8,4,426
38.5,12,8,5,428
38.5,12,8,6,430
38.5,12,8,7,432
38.5,12,8,8,434
38.5,12,8,9,436
38.5,12,8,10,438
38.5,12,8,11,440
38.5,12,8,12,441
38.5,12,8,13,443
38.5,12,8,14,445
38.5,12,8,15,447
38.5,12,9,0,420
38.5,12,9,1,422
38.5,12,9,2,424
38.5,12,9,3,426
38.5,12,9,4,428
38.5,12,9,5,430
38.5,12,9,6,432
38.5,12,9,7,434
38.5,12,9,8,436
38.5,12,9,9,438
38.5,12,9,10,440
38.5,12,9,11,442
38.5,12,9,12,444
38.5,12,9,13,446
38.5,12,9,14,448
38.5,12,9,15,450
38.5,12,10,0,422
38.5,12,10,1,424
38.5,12,10,2,426
38.5,12,10,3,428
38.5,12,10,4,430
38.5,12,10,5,432
38.5,12,10,6,434
38.5,12,10,7,436
38.5,12,10,8,438
38.5,12,10,9,440
38.5,12,10,10,442
38.5,12,10,11,444
38.5,12,10,12,446
38.5,12,10,13,448
38.5,12,10,14,450
38.5,12,10,15,452
38.5,12,11,0,424
38.5,12,11,1,426
38.5,12,11,2,429
38.5,12,11,3,431
38.5,12,11,4,433
38.5,12,11,5,435
38.5,12,11,6,437
38.5,12,11,7,439
38.5,12,11,8,441
38.5,12,11,9,443
38.5,12,11,10,445
38.5,12,11,11,447
38.5,12,11,12,449
38.5,12,11,13,451
38.5,12,11,14,453
38.5,12,11,15,455
38.5,12,12,0,427
38.5,12,12,1,429
38.5,12,12,2,431
38.5,12,12,3,433
38.5,12,12,4,435
38.5,12,12,5,437
38.5,12,12,6,439
38.5,12,12,7,441
38.5,12,12,8,443
38.5,12,12,9,445
38.5,12,12,10,447
38.5,12,12,11,449
38.5,12,12,12,451
38.5,12,12,13,453
38.5,12,12,14,455
38.5,12,12,15,457
38.5,12,13,0,429
38.5,12,13,1,431
38.5,12,13,2,433
38.5,12,13,3,435
38.5,12,13,4,437
38.5,12,13,5,439
38.5,12,13,6,441
38.5,12,13,7,443
38.5,12,13,8,445
38.5,12,13,9,447
38.5,12,13,10,449
38.5,12,13,11,451
38.5,12,13,12,453
38.5,12,13,13,455
38.5,12,13,14,457
38.5,12,13,15,459
38.5,12,14,0,431
38.5,12,14,1,433
38.5,12,14,2,435
38.5,12,14,3,437
38.5,12,14,4,440
38.5,12,14,5,442
38.5,12,14,6,444
38.5,12,14,7,446
38.5,12,14,8,448
38.5,12,14,9,450
38.5,12,14,10,452
38.5,12,14,11,454
38.5,12,14,12,456
38.5,12,14,13,458
38.5,12,14,14,460
38.5,12,14,15,462
38.5,12,15,0,433
38.5,12,15,1,435
38.5,12,15,2,438
38.5,12,15,3,440
38.5,12,15,4,442
38.5,12,15,5,444
38.5,12,15,6,446
38.5,12,15,7,448
38.5,12,15,8,450
38.5,12,15,9,452
38.5,12,15,10,454
38.5,12,15,11,456
38.5,12,15,12,458
38.5,12,15,13,460
38.5,12,15,14,462
38.5,12,15,15,464
38.5,13,0,0,404
38.5,13,0,1,406
38.5,13,0,2,408
38.5,13,0,3,410
38.5,13,0,4,412
38.5,13,0,5,414
38.5,13,0,6,416
38.5,13,0,7,418
38.5,13,0,8,420
38.5,13,0,9,422
38.5,13,0,10,424
38.5,13,0,11,426
38.5,13,0,12,428
38.5,13,0,13,429
38.5,13,0,14,431
38.5,13,0,15,433
38.5,13,1,0,407
38.5,13,1,1,409
38.5,13,1,2,411
38.5,13,1,3,413
38.5,13,1,4,415
38.5,13,1,5,417
38.5,13,1,6,419
38.5,13,1,7,421
38.5,13,1,8,423
38.5,13,1,9,424
38.5,13,1,10,426
38.5,13,1,11,428
38.5,13,1,12,430
38.5,13,1,13,432
38.5,13,1,14,434
38.5,13,1,15,436
38.5,13,2,0,409
38.5,13,2,1,411
38.5,13,2,2,413
38.5,13,2,3,415
38.5,13,2,4,417
38.5,13,2,5,419
38.5,13,2,6,421
38.5,13,2,7,423
38.5,13,2,8,425
38.5,13,2,9,427
38.5,13,2,10,429
38.5,13,2,11,431
38.5,13,2,12,433
38.5,13,2,13,435
38.5,13,2,14,436
38.5,13,2,15,438
38.5,13,3,0,412
38.5,13,3,1,414
38.5,13,3,2,416
38.5,13,3,3,418
38.5,13,3,4,420
38.5,13,3,5,422
38.5,13,3,6,424
38.5,13,3,7,426
38.5,13,3,8,428
38.5,13,3,9,429
38.5,13,3,10,431
38.5,13,3,11,433
38.5,13,3,12,435
38.5,13,3,13,437
38.5,13,3,14,439
38.5,13,3,15,441
38.5,13,4,0,414
38.5,13,4,1,416
38.5,13,4,2,418
38.5,13,4,3,420
38.5,13,4,4,422
38.5,13,4,5,424
38.5,13,4,6,426
38.5,13,4,7,428
38.5,13,4,8,430
38.5,13,4,9,432
38.5,13,4,10,434
38.5,13,4,11,436
38.5,13,4,12,438
38.5,13,4,13,440
38.5,13,4,14,442
38.5,13,4,15,443
38.5,13,5,0,416
38.5,13,5,1,418
38.5,13,5,2,420
38.5,13,5,3,423
38.5,13,5,4,425
38.5,13,5,5,427
38.5,13,5,6,429
38.5,13,5,7,430
38.5,13,5,8,432
38.5,13,5,9,434
38.5,13,5,10,436
38.5,13,5,11,438
38.5,13,5,12,440
38.5,13,5,13,442
38.5,13,5,14,444
38.5,13,5,15,446
38.5,13,6,0,419
38.5,13,6,1,421
38.5,13,6,2,423
38.5,13,6,3,425
38.5,13,6,4,427
38.5,13,6,5,429
38.5,13,6,6,431
38.5,13,6,7,433
38.5,13,6,8,435
38.5,13,6,9,437
38.5,13,6,10,439
38.5,13,6,11,441
38.5,13,6,12,443
38.5,13,6,13,445
38.5,13,6,14,447
38.5,13,6,15,449
38.5,13,7,0,421
38.5,13,7,1,423
38.5,13,7,2,425
38.5,13,7,3,427
38.5,13,7,4,429
38.5,13,7,5,431
38.5,13,7,6,433
38.5,13,7,7,435
38.5,13,7,8,437
38.5,13,7,9,439
38.5,13,7,10,441
38.5,13,7,11,443
38.5,13,7,12,445
38.5,13,7,13,447
38.5,13,7,14,449
38.5,13,7,15,451
38.5,13,8,0,423
38.5,13,8,1,426
38.5,13,8,2,428
38.5,13,8,3,430
38.5,13,8,4,432
38.5,13,8,5,434
38.5,13,8,6,436
38.5,13,8,7,438
38.5,13,8,8,440
38.5,13,8,9,442
38.5,13,8,10,444
38.5,13,8,11,446
38.5,13,8,12,448
38.5,13,8,13,450
38.5,13,8,14,452
38.5,13,8,15,454
38.5,13,9,0,426
38.5,13,9,1,428
38.5,13,9,2,430
38.5,13,9,3,432
38.5,13,9,4,434
38.5,13,9,5,436
38.5,13,9,6,438
38.5,13,9,7,440
38.5,13,9,8,442
38.5,13,9,9,444
38.5,13,9,10,446
38.5,13,9,11,448
38.5,13,9,12,450
38.5,13,9,13,452
38.5,13,9,14,454
38.5,13,9,15,456
38.5,13,10,0,428
38.5,13,10,1,430
38.5,13,10,2,432
38.5,13,10,3,434
38.5,13,10,4,436
38.5,13,10,5,438
38.5,13,10,6,441
38.5,13,10,7,443
38.5,13,10,8,445
38.5,13,10,9,447
38.5,13,10,10,449
38.5,13,10,11,451
38.5,13,10,12,453
38.5,13,10,13,455
38.5,13,10,14,457
38.5,13,10,15,459
38.5,13,11,0,430
38.5,13,11,1,433
38.5,13,11,2,435
38.5,13,11,3,437
38.5,13,11,4,439
38.5,13,11,5,441
38.5,13,11,6,443
38.5,13,11,7,445
38.5,13,11,8,447
38.5,13,11,9,449
38.5,13,11,10,451
38.5,13,11,11,453
38.5,13,11,12,455
38.5,13,11,13,457
38.5,13,11,14,459
38.5,13,11,15,461
38.5,13,12,0,433
38.5,13,12,1,435
38.5,13,12,2,437
38.5,13,12,3,439
38.5,13,12,4,441
38.5,13,12,5,443
38.5,13,12,6,445
38.5,13,12,7,447
38.5,13,12,8,449
38.5,13,12,9,451
38.5,13,12,10,453
38.5,13,12,11,455
38.5,13,12,12,457
38.5,13,12,13,459
38.5,13,12,14,461
38.5,13,12,15,463
38.5,13,13,0,435
38.5,13,13,1,437
38.5,13,13,2,439
38.5,13,13,3,441
38.5,13,13,4,443
38.5,13,13,5,446
38.5,13,13,6,448
38.5,13,13,7,450
38.5,13,13,8,452
38.5,13,13,9,454
38.5,13,13,10,456
38.5,13,13,11,458
38.5,13,13,12,460
38.5,13,13,13,462
38.5,13,13,14,464
38.5,13,13,15,466
38.5,13,14,0,437
38.5,13,14,1,439
38.5,13,14,2,441
38.5,13,14,3,444
38.5,13,14,4,446
38.5,13,14,5,448
38.5,13,14,6,450
38.5,13,14,7,452
38.5,13,14,8,454
38.5,13,14,9,456
38.5,13,14,10,458
38.5,13,14,11,460
38.5,13,14,12,462
38.5,13,14,13,464
38.5,13,14,14,466
38.5,13,14,15,468
38.5,13,15,0,439
38.5,13,15,1,442
38.5,13,15,2,444
38.5,13,15,3,446
38.5,13,15,4,448
38.5,13,15,5,450
38.5,13,15,6,452
38.5,13,15,7,454
38.5,13,15,8,456
38.5,13,15,9,458
38.5,13,15,10,461
38.5,13,15,11,463
38.5,13,15,12,465
38.5,13,15,13,467
38.5,13,15,14,469
38.5,13,15,15,471
38.5,14,0,0,410
38.5,14,0,1,412
38.5,14,0,2,414
38.5,14,0,3,416
38.5,14,0,4,418
38.5,14,0,5,420
38.5,14,0,6,422
38.5,14,0,7,424
38.5,14,0,8,426
38.5,14,0,9,428
38.5,14,0,10,430
38.5,14,0,11,432
38.5,14,0,12,434
38.5,14,0,13,435
38.5,14,0,14,437
38.5,14,0,15,439
38.5,14,1,0,412
38.5,14,1,1,415
38.5,14,1,2,417
38.5,14,1,3,419
38.5,14,1,4,421
38.5,14,1,5,422
38.5,14,1,6,424
38.5,14,1,7,426
38.5,14,1,8,428
38.5,14,1,9,430
38.5,14,1,10,432
38.5,14,1,11,434
38.5,14,1,12,436
38.5,14,1,13,438
38.5,14,1,14,440
38.5,14,1,15,442
38.5,14,2,0,415
38.5,14,2,1,417
38.5,14,2,2,419
38.5,14,2,3,421
38.5,14,2,4,423
38.5,14,2,5,425
38.5,14,2,6,427
38.5,14,2,7,429
38.5,14,2,8,431
38.5,14,2,9,433
38.5,14,2,10,435
38.5,14,2,11,437
38.5,14,2,12,439
38.5,14,2,13,441
38.5,14,2,14,443
38.5,14,2,15,444
38.5,14,3,0,417
38.5,14,3,1,419
38.5,14,3,2,421
38.5,14,3,3,423
38.5,14,3,4,425
38.5,14,3,5,428
38.5,14,3,6,429
38.5,14,3,7,431
38.5,14,3,8,433
38.5,14,3,9,435
38.5,14,3,10,437
38.5,14,3,11,439
38.5,14,3,12,441
38.5,14,3,13,443
38.5,14,3,14,445
38.5,14,3,15,447
38.5,14,4,0,420
38.5,14,4,1,422
38.5,14,4,2,424
38.5,14,4,3,426
38.5,14,4,4,428
38.5,14,4,5,430
38.5,14,4,6,432
38.5,14,4,7,434
38.5,14,4,8,436
38.5,14,4,9,438
38.5,14,4,10,440
38.5,14,4,11,442
38.5,14,4,12,444
38.5,14,4,13,446
38.5,14,4,14,448
38.5,14,4,15,450
38.5,14,5,0,422
38.5,14,5,1,424
38.5,14,5,2,426
38.5,14,5,3,428
38.5,14,5,4,430
38.5,14,5,5,432
38.5,14,5,6,434
38.5,14,5,7,436
38.5,14,5,8,438
38.5,14,5,9,440
38.5,14,5,10,442
38.5,14,5,11,444
38.5,14,5,12,446
38.5,14,5,13,448
38.5,14,5,14,450
38.5,14,5,15,452
38.5,14,6,0,425
38.5,14,6,1,427
38.5,14,6,2,429
38.5,14,6,3,431
38.5,14,6,4,433
38.5,14,6,5,435
38.5,14,6,6,437
38.5,14,6,7,439
38.5,14,6,8,441
38.5,14,6,9,443
38.5,14,6,10,445
38.5,14,6,11,447
38.5,14,6,12,449
38.5,14,6,13,451
38.5,14,6,14,453
38.5,14,6,15,455
38.5,14,7,0,427
38.5,14,7,1,429
38.5,14,7,2,431
38.5,14,7,3,433
38.5,14,7,4,435
38.5,14,7,5,437
38.5,14,7,6,439
38.5,14,7,7,441
38.5,14,7,8,443
38.5,14,7,9,445
38.5,14,7,10,447
38.5,14,7,11,449
38.5,14,7,12,451
38.5,14,7,13,453
38.5,14,7,14,455
38.5,14,7,15,457
38.5,14,8,0,429
38.5,14,8,1,431
38.5,14,8,2,434
38.5,14,8,3,436
38.5,14,8,4,438
38.5,14,8,5,440
38.5,14,8,6,442
38.5,14,8,7,444
38.5,14,8,8,446
38.5,14,8,9,448
38.5,14,8,10,450
38.5,14,8,11,452
38.5,14,8,12,454
38.5,14,8,13,456
38.5,14,8,14,458
38.5,14,8,15,460
38.5,14,9,0,432
38.5,14,9,1,434
38.5,14,9,2,436
38.5,14,9,3,438
38.5,14,9,4,440
38.5,14,9,5,442
38.5,14,9,6,444
38.5,14,9,7,446
38.5,14,9,8,448
38.5,14,9,9,450
38.5,14,9,10,452
38.5,14,9,11,454
38.5,14,9,12,456
38.5,14,9,13,458
38.5,14,9,14,460
38.5,14,9,15,462
38.5,14,10,0,434
38.5,14,10,1,436
38.5,14,10,2,438
38.5,14,10,3,440
38.5,14,10,4,442
38.5,14,10,5,445
38.5,14,10,6,447
38.5,14,10,7,449
38.5,14,10,8,451
38.5,14,10,9,453
38.5,14,10,10,455
38.5,14,10,11,457
38.5,14,10,12,459
38.5,14,10,13,461
38.5,14,10,14,463
38.5,14,10,15,465
38.5,14,11,0,436
38.5,14,11,1,439
38.5,14,11,2,441
38.5,14,11,3,443
38.5,14,11,4,445
38.5,14,11,5,447
38.5,14,11,6,449
38.5,14,11,7,451
38.5,14,11,8,453
38.5,14,11,9,455
38.5,14,11,10,457
38.5,14,11,11,459
38.5,14,11,12,461
38.5,14,11,13,463
38.5,14,11,14,465
38.5,14,11,15,467
38.5,14,12,0,439
38.5,14,12,1,441
38.5,14,12,2,443
38.5,14,12,3,445
38.5,14,12,4,447
38.5,14,12,5,449
38.5,14,12,6,451
38.5,14,12,7,454
38.5,14,12,8,456
38.5,14,12,9,458
38.5,14,12,10,460
38.5,14,12,11,462
38.5,14,12,12,464
38.5,14,12,13,466
38.5,14,12,14,468
38.5,14,12,15,470
38.5,14,13,0,441
38.5,14,13,1,443
38.5,14,13,2,445
38.5,14,13,3,447
38.5,14,13,4,450
38.5,14,13,5,452
38.5,14,13,6,454
38.5,14,13,7,456
38.5,14,13,8,458
38.5,14,13,9,460
38.5,14,13,10,462
38.5,14,13,11,464
38.5,14,13,12,466
38.5,14,13,13,468
38.5,14,13,14,470
38.5,14,13,15,472
38.5,14,14,0,443
38.5,14,14,1,445
38.5,14,14,2,448
38.5,14,14,3,450
38.5,14,14,4,452
38.5,14,14,5,454
38.5,14,14,6,456
38.5,14,14,7,458
38.5,14,14,8,460
38.5,14,14,9,462
38.5,14,14,10,465
38.5,14,14,11,467
38.5,14,14,12,469
38.5,14,14,13,471
38.5,14,14,14,473
38.5,14,14,15,475
38.5,14,15,0,446
38.5,14,15,1,448
38.5,14,15,2,450
38.5,14,15,3,452
38.5,14,15,4,454
38.5,14,15,5,456
38.5,14,15,6,459
38.5,14,15,7,461
38.5,14,15,8,463
38.5,14,15,9,465
38.5,14,15,10,467
38.5,14,15,11,469
38.5,14,15,12,471
38.5,14,15,13,473
38.5,14,15,14,475
38.5,14,15,15,477
38.5,15,0,0,416
38.5,15,0,1,418
38.5,15,0,2,420
38.5,15,0,3,422
38.5,15,0,4,424
38.5,15,0,5,426
38.5,15,0,6,428
38.5,15,0,7,430
38.5,15,0,8,432
38.5,15,0,9,434
38.5,15,0,10,436
38.5,15,0,11,438
38.5,15,0,12,439
38.5,15,0,13,441
38.5,15,0,14,443
38.5,15,0,15,445
38.5,15,1,0,418
38.5,15,1,1,420
38.5,15,1,2,422
38.5,15,1,3,424
38.5,15,1,4,426
38.5,15,1,5,428
38.5,15,1,6,430
38.5,15,1,7,432
38.5,15,1,8,434
38.5,15,1,9,436
38.5,15,1,10,438
38.5,15,1,11,440
38.5,15,1,12,442
38.5,15,1,13,444
38.5,15,1,14,446
38.5,15,1,15,448
38.5,15,2,0,421
38.5,15,2,1,423
38.5,15,2,2,425
38.5,15,2,3,427
38.5,15,2,4,429
38.5,15,2,5,431
38.5,15,2,6,433
38.5,15,2,7,435
38.5,15,2,8,437
38.5,15,2,9,439
38.5,15,2,10,441
38.5,15,2,11,443
38.5,15,2,12,445
38.5,15,2,13,447
38.5,15,2,14,449
38.5,15,2,15,451
38.5,15,3,0,423
38.5,15,3,1,425
38.5,15,3,2,427
38.5,15,3,3,429
38.5,15,3,4,431
38.5,15,3,5,433
38.5,15,3,6,435
38.5,15,3,7,437
38.5,15,3,8,439
38.5,15,3,9,441
38.5,15,3,10,443
38.5,15,3,11,445
38.5,15,3,12,447
38.5,15,3,13,449
38.5,15,3,14,451
38.5,15,3,15,453
38.5,15,4,0,426
38.5,15,4,1,428
38.5,15,4,2,430
38.5,15,4,3,432
38.5,15,4,4,434
38.5,15,4,5,436
38.5,15,4,6,438
38.5,15,4,7,440
38.5,15,4,8,442
38.5,15,4,9,444
38.5,15,4,10,446
38.5,15,4,11,448
38.5,15,4,12,450
38.5,15,4,13,452
38.5,15,4,14,454
38.5,15,4,15,456
38.5,15,5,0,428
38.5,15,5,1,430
38.5,15,5,2,432
38.5,15,5,3,434
38.5,15,5,4,436
38.5,15,5,5,438
38.5,15,5,6,440
38.5,15,5,7,442
38.5,15,5,8,444
38.5,15,5,9,447
38.5,15,5,10,449
38.5,15,5,11,451
38.5,15,5,12,453
38.5,15,5,13,454
38.5,15,5,14,456
38.5,15,5,15,458
38.5,15,6,0,430
38.5,15,6,1,433
38.5,15,6,2,435
38.5,15,6,3,437
38.5,15,6,4,439
38.5,15,6,5,441
38.5,15,6,6,443
38.5,15,6,7,445
38.5,15,6,8,447
38.5,15,6,9,449
38.5,15,6,10,451
38.5,15,6,11,453
38.5,15,6,12,455
38.5,15,6,13,457
38.5,15,6,14,459
38.5,15,6,15,461
38.5,15,7,0,433
38.5,15,7,1,435
38.5,15,7,2,437
38.5,15,7,3,439
38.5,15,7,4,441
38.5,15,7,5,443
38.5,15,7,6,445
38.5,15,7,7,447
38.5,15,7,8,450
38.5,15,7,9,452
38.5,15,7,10,454
38.5,15,7,11,456
38.5,15,7,12,458
38.5,15,7,13,460
38.5,15,7,14,462
38.5,15,7,15,464
38.5,15,8,0,435
38.5,15,8,1,437
38.5,15,8,2,439
38.5,15,8,3,442
38.5,15,8,4,444
38.5,15,8,5,446
38.5,15,8,6,448
38.5,15,8,7,450
38.5,15,8,8,452
38.5,15,8,9,454
38.5,15,8,10,456
38.5,15,8,11,458
38.5,15,8,12,460
38.5,15,8,13,462
38.5,15,8,14,464
38.5,15,8,15,466
38.5,15,9,0,438
38.5,15,9,1,440
38.5,15,9,2,442
38.5,15,9,3,444
38.5,15,9,4,446
38.5,15,9,5,448
38.5,15,9,6,450
38.5,15,9,7,452
38.5,15,9,8,454
38.5,15,9,9,457
38.5,15,9,10,459
38.5,15,9,11,461
38.5,15,9,12,463
38.5,15,9,13,465
38.5,15,9,14,467
38.5,15,9,15,469
38.5,15,10,0,440
38.5,15,10,1,442
38.5,15,10,2,444
38.5,15,10,3,446
38.5,15,10,4,449
38.5,15,10,5,451
38.5,15,10,6,453
38.5,15,10,7,455
38.5,15,10,8,457
38.5,15,10,9,459
38.5,15,10,10,461
38.5,15,10,11,463
38.5,15,10,12,465
38.5,15,10,13,467
38.5,15,10,14,469
38.5,15,10,15,471
38.5,15,11,0,442
38.5,15,11,1,445
38.5,15,11,2,447
38.5,15,11,3,449
38.5,15,11,4,451
38.5,15,11,5,453
38.5,15,11,6,455
38.5,15,11,7,457
38.5,15,11,8,459
38.5,15,11,9,461
38.5,15,11,10,464
38.5,15,11,11,466
38.5,15,11,12,468
38.5,15,11,13,470
38.5,15,11,14,472
38.5,15,11,15,474
38.5,15,12,0,445
38.5,15,12,1,447
38.5,15,12,2,449
38.5,15,12,3,451
38.5,15,12,4,453
38.5,15,12,5,456
38.5,15,12,6,458
38.5,15,12,7,460
38.5,15,12,8,462
38.5,15,12,9,464
38.5,15,12,10,466
38.5,15,12,11,468
38.5,15,12,12,470
38.5,15,12,13,472
38.5,15,12,14,474
38.5,15,12,15,476
38.5,15,13,0,447
38.5,15,13,1,449
38.5,15,13,2,451
38.5,15,13,3,454
38.5,15,13,4,456
38.5,15,13,5,458
38.5,15,13,6,460
38.5,15,13,7,462
38.5,15,13,8,464
38.5,15,13,9,466
38.5,15,13,10,468
38.5,15,13,11,471
38.5,15,13,12,473
38.5,15,13,13,475
38.5,15,13,14,477
38.5,15,13,15,479
38.5,15,14,0,449
38.5,15,14,1,452
38.5,15,14,2,454
38.5,15,14,3,456
38.5,15,14,4,458
38.5,15,14,5,460
38.5,15,14,6,462
38.5,15,14,7,465
38.5,15,14,8,467
38.5,15,14,9,469
38.5,15,14,10,471
38.5,15,14,11,473
38.5,15,14,12,475
38.5,15,14,13,477
38.5,15,14,14,479
38.5,15,14,15,481
38.5,15,15,0,452
38.5,15,15,1,454
38.5,15,15,2,456
38.5,15,15,3,458
38.5,15,15,4,460
38.5,15,15,5,463
38.5,15,15,6,465
38.5,15,15,7,467
38.5,15,15,8,469
38.5,15,15,9,471
38.5,15,15,10,473
38.5,15,15,11,475
38.5,15,15,12,478
38.5,15,15,13,480
38.5,15,15,14,482
38.5,15,15,15,484
39.0,0,0,0,334
39.0,0,0,1,335
39.0,0,0,2,337
39.0,0,0,3,339
39.0,0,0,4,340
39.0,0,0,5,342
39.0,0,0,6,343
39.0,0,0,7,345
39.0,0,0,8,347
39.0,0,0,9,348
39.0,0,0,10,350
39.0,0,0,11,351
39.0,0,0,12,353
39.0,0,0,13,354
39.0,0,0,14,356
39.0,0,0,15,357
39.0,0,1,0,336
39.0,0,1,1,337
39.0,0,1,2,339
39.0,0,1,3,341
39.0,0,1,4,342
39.0,0,1,5,344
39.0,0,1,6,345
39.0,0,1,7,347
39.0,0,1,8,349
39.0,0,1,9,350
39.0,0,1,10,352
39.0,0,1,11,353
39.0,0,1,12,355
39.0,0,1,13,357
39.0,0,1,14,358
39.0,0,1,15,360
39.0,0,2,0,338
39.0,0,2,1,339
39.0,0,2,2,341
39.0,0,2,3,343
39.0,0,2,4,344
39.0,0,2,5,346
39.0,0,2,6,348
39.0,0,2,7,349
39.0,0,2,8,351
39.0,0,2,9,352
39.0,0,2,10,354
39.0,0,2,11,355
39.0,0,2,12,357
39.0,0,2,13,359
39.0,0,2,14,360
39.0,0,2,15,362
39.0,0,3,0,340
39.0,0,3,1,341
39.0,0,3,2,343
39.0,0,3,3,345
39.0,0,3,4,346
39.0,0,3,5,348
39.0,0,3,6,350
39.0,0,3,7,351
39.0,0,3,8,353
39.0,0,3,9,354
39.0,0,3,10,356
39.0,0,3,11,358
39.0,0,3,12,359
39.0,0,3,13,361
39.0,0,3,14,362
39.0,0,3,15,364
39.0,0,4,0,342
39.0,0,4,1,343
39.0,0,4,2,345
39.0,0,4,3,347
39.0,0,4,4,348
39.0,0,4,5,350
39.0,0,4,6,352
39.0,0,4,7,353
39.0,0,4,8,355
39.0,0,4,9,356
39.0,0,4,10,358
39.0,0,4,11,360
39.0,0,4,12,361
39.0,0,4,13,363
39.0,0,4,14,364
39.0,0,4,15,366
39.0,0,5,0,344
39.0,0,5,1,345
39.0,0,5,2,347
39.0,0,5,3,349
39.0,0,5,4,350
39.0,0,5,5,352
39.0,0,5,6,354
39.0,0,5,7,355
39.0,0,5,8,357
39.0,0,5,9,358
39.0,0,5,10,360
39.0,0,5,11,362
39.0,0,5,12,363
39.0,0,5,13,365
39.0,0,5,14,366
39.0,0,5,15,368
39.0,0,6,0,346
39.0,0,6,1,347
39.0,0,6,2,349
39.0,0,6,3,351
39.0,0,6,4,352
39.0,0,6,5,354
39.0,0,6,6,356
39.0,0,6,7,357
39.0,0,6,8,359
39.0,0,6,9,361
39.0,0,6,10,362
39.0,0,6,11,364
39.0,0,6,12,365
39.0,0,6,13,367
39.0,0,6,14,369
39.0,0,6,15,370
39.0,0,7,0,348
39.0,0,7,1,349
39.0,0,7,2,351
39.0,0,7,3,353
39.0,0,7,4,354
39.0,0,7,5,356
39.0,0,7,6,358
39.0,0,7,7,359
39.0,0,7,8,361
39.0,0,7,9,363
39.0,0,7,10,364
39.0,0,7,11,366
39.0,0,7,12,367
39.0,0,7,13,369
39.0,0,7,14,371
39.0,0,7,15,372
39.0,0,8,0,349
39.0,0,8,1,351
39.0,0,8,2,353
39.0,0,8,3,355
39.0,0,8,4,356
39.0,0,8,5,358
39.0,0,8,6,360
39.0,0,8,7,361
39.0,0,8,8,363
39.0,0,8,9,365
39.0,0,8,10,366
39.0,0,8,11,368
39.0,0,8,12,369
39.0,0,8,13,371
39.0,0,8,14,373
39.0,0,8,15,374
39.0,0,9,0,351
39.0,0,9,1,353
39.0,0,9,2,355
39.0,0,9,3,357
39.0,0,9,4,358
39.0,0,9,5,360
39.0,0,9,6,362
39.0,0,9,7,363
39.0,0,9,8,365
39.0,0,9,9,367
39.0,0,9,10,368
39.0,0,9,11,370
39.0,0,9,12,371
39.0,0,9,13,373
39.0,0,9,14,375
39.0,0,9,15,376
39.0,0,10,0,353
39.0,0,10,1,355
39.0,0,10,2,357
39.0,0,10,3,358
39.0,0,10,4,360
39.0,0,10,5,362
39.0,0,10,6,364
39.0,0,10,7,365
39.0,0,10,8,367
39.0,0,10,9,369
39.0,0,10,10,370
39.0,0,10,11,372
39.0,0,10,12,374
39.0,0,10,13,375
39.0,0,10,14,377
39.0,0,10,15,378
39.0,0,11,0,355
39.0,0,11,1,357
39.0,0,11,2,359
39.0,0,11,3,360
39.0,0,11,4,362
39.0,0,11,5,364
39.0,0,11,6,365
39.0,0,11,7,367
39.0,0,11,8,369
39.0,0,11,9,371
39.0,0,11,10,372
39.0,0,11,11,374
39.0,0,11,12,376
39.0,0,11,13,377
39.0,0,11,14,379
39.0,0,11,15,380
39.0,0,12,0,357
39.0,0,12,1,359
39.0,0,12,2,361
39.0,0,12,3,362
39.0,0,12,4,364
39.0,0,12,5,366
39.0,0,12,6,367
39.0,0,12,7,369
39.0,0,12,8,371
39.0,0,12,9,373
39.0,0,12,10,374
39.0,0,12,11,376
39.0,0,12,12,378
39.0,0,12,13,379
39.0,0,12,14,381
39.0,0,12,15,382
39.0,0,13,0,359
39.0,0,13,1,361
39.0,0,13,2,362
39.0,0,13,3,364
39.0,0,13,4,366
39.0,0,13,5,368
39.0,0,13,6,369
39.0,0,13,7,371
39.0,0,13,8,373
39.0,0,13,9,374
39.0,0,13,10,376
39.0,0,13,11,378
39.0,0,13,12,379
39.0,0,13,13,381
39.0,0,13,14,383
39.0,0,13,15,384
39.0,0,14,0,361
39.0,0,14,1,363
39.0,0,14,2,364
39.0,0,14,3,366
39.0,0,14,4,368
39.0,0,14,5,370
39.0,0,14,6,371
39.0,0,14,7,373
39.0,0,14,8,375
39.0,0,14,9,376
39.0,0,14,10,378
39.0,0,14,11,380
39.0,0,14,12,381
39.0,0,14,13,383
39.0,0,14,14,385
39.0,0,14,15,386
39.0,0,15,0,363
39.0,0,15,1,364
39.0,0,15,2,366
39.0,0,15,3,368
39.0,0,15,4,370
39.0,0,15,5,371
39.0,0,15,6,373
39.0,0,15,7,375
39.0,0,15,8,377
39.0,0,15,9,378
39.0,0,15,10,380
39.0,0,15,11,382
39.0,0,15,12,383
39.0,0,15,13,385
39.0,0,15,14,387
39.0,0,15,15,388
39.0,1,0,0,339
39.0,1,0,1,341
39.0,1,0,2,343
39.0,1,0,3,344
39.0,1,0,4,346
39.0,1,0,5,348
39.0,1,0,6,349
39.0,1,0,7,351
39.0,1,0,8,352
39.0,1,0,9,354
39.0,1,0,10,356
39.0,1,0,11,357
39.0,1,0,12,359
39.0,1,0,13,360
39.0,1,0,14,362
39.0,1,0,15,364
39.0,1,1,0,341
39.0,1,1,1,343
39.0,1,1,2,345
39.0,1,1,3,346
39.0,1,1,4,348
39.0,1,1,5,350
39.0,1,1,6,351
39.0,1,1,7,353
39.0,1,1,8,355
39.0,1,1,9,356
39.0,1,1,10,358
39.0,1,1,11,359
39.0,1,1,12,361
39.0,1,1,13,363
39.0,1,1,14,364
39.0,1,1,15,366
39.0,1,2,0,343
39.0,1,2,1,345
39.0,1,2,2,347
39.0,1,2,3,348
39.0,1,2,4,350
39.0,1,2,5,352
39.0,1,2,6,353
39.0,1,2,7,355
39.0,1,2,8,357
39.0,1,2,9,358
39.0,1,2,10,360
39.0,1,2,11,362
39.0,1,2,12,363
39.0,1,2,13,365
39.0,1,2,14,366
39.0,1,2,15,368
39.0,1,3,0,345
39.0,1,3,1,347
39.0,1,3,2,349
39.0,1,3,3,351
39.0,1,3,4,352
39.0,1,3,5,354
39.0,1,3,6,355
39.0,1,3,7,357
39.0,1,3,8,359
39.0,1,3,9,360
39.0,1,3,10,362
39.0,1,3,11,364
39.0,1,3,12,365
39.0,1,3,13,367
39.0,1,3,14,368
39.0,1,3,15,370
39.0,1,4,0,347
39.0,1,4,1,349
39.0,1,4,2,351
39.0,1,4,3,353
39.0,1,4,4,354
39.0,1,4,5,356
39.0,1,4,6,358
39.0,1,4,7,359
39.0,1,4,8,361
39.0,1,4,9,363
39.0,1,4,10,364
39.0,1,4,11,366
39.0,1,4,12,367
39.0,1,4,13,369
39.0,1,4,14,371
39.0,1,4,15,372
39.0,1,5,0,349
39.0,1,5,1,351
39.0,1,5,2,353
39.0,1,5,3,355
39.0,1,5,4,356
39.0,1,5,5,358
39.0,1,5,6,360
39.0,1,5,7,361
39.0,1,5,8,363
39.0,1,5,9,365
39.0,1,5,10,366
39.0,1,5,11,368
39.0,1,5,12,369
39.0,1,5,13,371
39.0,1,5,14,373
39.0,1,5,15,374
39.0,1,6,0,351
39.0,1,6,1,353
39.0,1,6,2,355
39.0,1,6,3,357
39.0,1,6,4,358
39.0,1,6,5,360
39.0,1,6,6,362
39.0,1,6,7,363
39.0,1,6,8,365
39.0,1,6,9,367
39.0,1,6,10,368
39.0,1,6,11,370
39.0,1,6,12,372
39.0,1,6,13,373
39.0,1,6,14,375
39.0,1,6,15,376
39.0,1,7,0,353
39.0,1,7,1,355
39.0,1,7,2,357
39.0,1,7,3,359
39.0,1,7,4,360
39.0,1,7,5,362
39.0,1,7,6,364
39.0,1,7,7,365
39.0,1,7,8,367
39.0,1,7,9,369
39.0,1,7,10,370
39.0,1,7,11,372
39.0,1,7,12,374
39.0,1,7,13,375
39.0,1,7,14,377
39.0,1,7,15,379
39.0,1,8,0,355
39.0,1,8,1,357
39.0,1,8,2,359
39.0,1,8,3,361
39.0,1,8,4,362
39.0,1,8,5,364
39.0,1,8,6,366
39.0,1,8,7,367
39.0,1,8,8,369
39.0,1,8,9,371
39.0,1,8,10,372
39.0,1,8,11,374
39.0,1,8,12,376
39.0,1,8,13,377
39.0,1,8,14,379
39.0,1,8,15,381
39.0,1,9,0,357
39.0,1,9,1,359
39.0,1,9,2,361
39.0,1,9,3,363
39.0,1,9,4,364
39.0,1,9,5,366
39.0,1,9,6,368
39.0,1,9,7,369
39.0,1,9,8,371
39.0,1,9,9,373
39.0,1,9,10,374
39.0,1,9,11,376
39.0,1,9,12,378
39.0,1,9,13,379
39.0,1,9,14,381
39.0,1,9,15,383
39.0,1,10,0,359
39.0,1,10,1,361
39.0,1,10,2,363
39.0,1,10,3,365
39.0,1,10,4,366
39.0,1,10,5,368
39.0,1,10,6,370
39.0,1,10,7,371
39.0,1,10,8,373
39.0,1,10,9,375
39.0,1,10,10,376
39.0,1,10,11,378
39.0,1,10,12,380
39.0,1,10,13,382
39.0,1,10,14,383
39.0,1,10,15,385
39.0,1,11,0,361
39.0,1,11,1,363
39.0,1,11,2,365
39.0,1,11,3,366
39.0,1,11,4,368
39.0,1,11,5,370
39.0,1,11,6,372
39.0,1,11,7,373
39.0,1,11,8,375
39.0,1,11,9,377
39.0,1,11,10,379
39.0,1,11,11,380
39.0,1,11,12,382
39.0,1,11,13,384
39.0,1,11,14,385
39.0,1,11,15,387
39.0,1,12,0,363
39.0,1,12,1,365
39.0,1,12,2,367
39.0,1,12,3,368
39.0,1,12,4,370
39.0,1,12,5,372
39.0,1,12,6,374
39.0,1,12,7,375
39.0,1,12,8,377
39.0,1,12,9,379
39.0,1,12,10,381
39.0,1,12,11,382
39.0,1,12,12,384
39.0,1,12,13,386
39.0,1,12,14,387
39.0,1,12,15,389
39.0,1,13,0,365
39.0,1,13,1,367
39.0,1,13,2,369
39.0,1,13,3,370
39.0,1,13,4,372
39.0,1,13,5,374
39.0,1,13,6,376
39.0,1,13,7,377
39.0,1,13,8,379
39.0,1,13,9,381
39.0,1,13,10,383
39.0,1,13,11,384
39.0,1,13,12,386
39.0,1,13,13,388
39.0,1,13,14,389
39.0,1,13,15,391
39.0,1,14,0,367
39.0,1,14,1,369
39.0,1,14,2,371
39.0,1,14,3,372
39.0,1,14,4,374
39.0,1,14,5,376
39.0,1,14,6,378
39.0,1,14,7,379
39.0,1,14,8,381
39.0,1,14,9,383
39.0,1,14,10,385
39.0,1,14,11,386
39.0,1,14,12,388
39.0,1,14,13,390
39.0,1,14,14,391
39.0,1,14,15,393
39.0,1,15,0,369
39.0,1,15,1,371
39.0,1,15,2,372
39.0,1,15,3,374
39.0,1,15,4,376
39.0,1,15,5,378
39.0,1,15,6,380
39.0,1,15,7,381
39.0,1,15,8,383
39.0,1,15,9,385
39.0,1,15,10,386
39.0,1,15,11,388
39.0,1,15,12,390
39.0,1,15,13,392
39.0,1,15,14,393
39.0,1,15,15,395
39.0,2,0,0,345
39.0,2,0,1,347
39.0,2,0,2,348
39.0,2,0,3,350
39.0,2,0,4,352
39.0,2,0,5,353
39.0,2,0,6,355
39.0,2,0,7,357
39.0,2,0,8,358
39.0,2,0,9,360
39.0,2,0,10,362
39.0,2,0,11,363
39.0,2,0,12,365
39.0,2,0,13,366
39.0,2,0,14,368
39.0,2,0,15,370
39.0,2,1,0,347
39.0,2,1,1,349
39.0,2,1,2,351
39.0,2,1,3,352
39.0,2,1,4,354
39.0,2,1,5,356
39.0,2,1,6,357
39.0,2,1,7,359
39.0,2,1,8,360
39.0,2,1,9,362
39.0,2,1,10,364
39.0,2,1,11,365
39.0,2,1,12,367
39.0,2,1,13,369
39.0,2,1,14,370
39.0,2,1,15,372
39.0,2,2,0,349
39.0,2,2,1,351
39.0,2,2,2,353
39.0,2,2,3,354
39.0,2,2,4,356
39.0,2,2,5,358
39.0,2,2,6,359
39.0,2,2,7,361
39.0,2,2,8,363
39.0,2,2,9,364
39.0,2,2,10,366
39.0,2,2,11,368
39.0,2,2,12,369
39.0,2,2,13,371
39.0,2,2,14,372
39.0,2,2,15,374
39.0,2,3,0,351
39.0,2,3,1,353
39.0,2,3,2,355
39.0,2,3,3,356
39.0,2,3,4,358
39.0,2,3,5,360
39.0,2,3,6,361
39.0,2,3,7,363
39.0,2,3,8,365
39.0,2,3,9,366
39.0,2,3,10,368
39.0,2,3,11,370
39.0,2,3,12,371
39.0,2,3,13,373
39.0,2,3,14,375
39.0,2,3,15,376
39.0,2,4,0,353
39.0,2,4,1,355
39.0,2,4,2,357
39.0,2,4,3,358
39.0,2,4,4,360
39.0,2,4,5,362
39.0,2,4,6,364
39.0,2,4,7,365
39.0,2,4,8,367
39.0,2,4,9,369
39.0,2,4,10,370
39.0,2,4,11,372
39.0,2,4,12,374
39.0,2,4,13,375
39.0,2,4,14,377
39.0,2,4,15,378
39.0,2,5,0,355
39.0,2,5,1,357
39.0,2,5,2,359
39.0,2,5,3,360
39.0,2,5,4,362
39.0,2,5,5,364
39.0,2,5,6,366
39.0,2,5,7,367
39.0,2,5,8,369
39.0,2,5,9,371
39.0,2,5,10,372
39.0,2,5,11,374
39.0,2,5,12,376
39.0,2,5,13,377
39.0,2,5,14,379
39.0,2,5,15,381
39.0,2,6,0,357
39.0,2,6,1,359
39.0,2,6,2,361
39.0,2,6,3,363
39.0,2,6,4,364
39.0,2,6,5,366
39.0,2,6,6,368
39.0,2,6,7,369
39.0,2,6,8,371
39.0,2,6,9,373
39.0,2,6,10,374
39.0,2,6,11,376
39.0,2,6,12,378
39.0,2,6,13,379
39.0,2,6,14,381
39.0,2,6,15,383
39.0,2,7,0,359
39.0,2,7,1,361
39.0,2,7,2,363
39.0,2,7,3,365
39.0,2,7,4,366
39.0,2,7,5,368
39.0,2,7,6,370
39.0,2,7,7,371
39.0,2,7,8,373
39.0,2,7,9,375
39.0,2,7,10,377
39.0,2,7,11,378
39.0,2,7,12,380
39.0,2,7,13,382
39.0,2,7,14,383
39.0,2,7,15,385
39.0,2,8,0,361
39.0,2,8,1,363
39.0,2,8,2,365
39.0,2,8,3,367
39.0,2,8,4,368
39.0,2,8,5,370
39.0,2,8,6,372
39.0,2,8,7,374
39.0,2,8,8,375
39.0,2,8,9,377
39.0,2,8,10,379
39.0,2,8,11,380
39.0,2,8,12,382
39.0,2,8,13,384
39.0,2,8,14,385
39.0,2,8,15,387
39.0,2,9,0,363
39.0,2,9,1,365
39.0,2,9,2,367
39.0,2,9,3,369
39.0,2,9,4,370
39.0,2,9,5,372
39.0,2,9,6,374
39.0,2,9,7,376
39.0,2,9,8,377
39.0,2,9,9,379
39.0,2,9,10,381
39.0,2,9,11,382
39.0,2,9,12,384
39.0,2,9,13,386
39.0,2,9,14,387
39.0,2,9,15,389
39.0,2,10,0,365
39.0,2,10,1,367
39.0,2,10,2,369
39.0,2,10,3,371
39.0,2,10,4,372
39.0,2,10,5,374
39.0,2,10,6,376
39.0,2,10,7,378
39.0,2,10,8,379
39.0,2,10,9,381
39.0,2,10,10,383
39.0,2,10,11,384
39.0,2,10,12,386
39.0,2,10,13,388
39.0,2,10,14,390
39.0,2,10,15,391
39.0,2,11,0,367
39.0,2,11,1,369
39.0,2,11,2,371
39.0,2,11,3,373
39.0,2,11,4,374
39.0,2,11,5,376
39.0,2,11,6,378
39.0,2,11,7,380
39.0,2,11,8,381
39.0,2,11,9,383
39.0,2,11,10,385
39.0,2,11,11,387
39.0,2,11,12,388
39.0,2,11,13,390
39.0,2,11,14,392
39.0,2,11,15,393
39.0,2,12,0,369
39.0,2,12,1,371
39.0,2,12,2,373
39.0,2,12,3,375
39.0,2,12,4,376
39.0,2,12,5,378
39.0,2,12,6,380
39.0,2,12,7,382
39.0,2,12,8,383
39.0,2,12,9,385
39.0,2,12,10,387
39.0,2,12,11,389
39.0,2,12,12,390
39.0,2,12,13,392
39.0,2,12,14,394
39.0,2,12,15,395
39.0,2,13,0,371
39.0,2,13,1,373
39.0,2,13,2,375
39.0,2,13,3,377
39.0,2,13,4,378
39.0,2,13,5,380
39.0,2,13,6,382
39.0,2,13,7,384
39.0,2,13,8,385
39.0,2,13,9,387
39.0,2,13,10,389
39.0,2,13,11,391
39.0,2,13,12,392
39.0,2,13,13,394
39.0,2,13,14,396
39.0,2,13,15,398
39.0,2,14,0,373
39.0,2,14,1,375
39.0,2,14,2,377
39.0,2,14,3,379
39.0,2,14,4,380
39.0,2,14,5,382
39.0,2,14,6,384
39.0,2,14,7,386
39.0,2,14,8,387
39.0,2,14,9,389
39.0,2,14,10,391
39.0,2,14,11,393
39.0,2,14,12,394
39.0,2,14,13,396
39.0,2,14,14,398
39.0,2,14,15,400
39.0,2,15,0,375
39.0,2,15,1,377
39.0,2,15,2,379
39.0,2,15,3,380
39.0,2,15,4,382
39.0,2,15,5,384
39.0,2,15,6,386
39.0,2,15,7,388
39.0,2,15,8,389
39.0,2,15,9,391
39.0,2,15,10,393
39.0,2,15,11,395
39.0,2,15,12,396
39.0,2,15,13,398
39.0,2,15,14,400
39.0,2,15,15,402
39.0,3,0,0,351
39.0,3,0,1,352
39.0,3,0,2,354
39.0,3,0,3,356
39.0,3,0,4,358
39.0,3,0,5,359
39.0,3,0,6,361
39.0,3,0,7,363
39.0,3,0,8,364
39.0,3,0,9,366
39.0,3,0,10,368
39.0,3,0,11,369
39.0,3,0,12,371
39.0,3,0,13,372
39.0,3,0,14,374
39.0,3,0,15,376
39.0,3,1,0,353
39.0,3,1,1,355
39.0,3,1,2,356
39.0,3,1,3,358
39.0,3,1,4,360
39.0,3,1,5,361
39.0,3,1,6,363
39.0,3,1,7,365
39.0,3,1,8,366
39.0,3,1,9,368
39.0,3,1,10,370
39.0,3,1,11,371
39.0,3,1,12,373
39.0,3,1,13,375
39.0,3,1,14,376
39.0,3,1,15,378
39.0,3,2,0,355
39.0,3,2,1,357
39.0,3,2,2,358
39.0,3,2,3,360
39.0,3,2,4,362
39.0,3,2,5,364
39.0,3,2,6,365
39.0,3,2,7,367
39.0,3,2,8,369
39.0,3,2,9,370
39.0,3,2,10,372
39.0,3,2,11,374
39.0,3,2,12,375
39.0,3,2,13,377
39.0,3,2,14,379
39.0,3,2,15,380
39.0,3,3,0,357
39.0,3,3,1,359
39.0,3,3,2,360
39.0,3,3,3,362
39.0,3,3,4,364
39.0,3,3,5,366
39.0,3,3,6,367
39.0,3,3,7,369
39.0,3,3,8,371
39.0,3,3,9,372
39.0,3,3,10,374
39.0,3,3,11,376
39.0,3,3,12,377
39.0,3,3,13,379
39.0,3,3,14,381
39.0,3,3,15,382
39.0,3,4,0,359
39.0,3,4,1,361
39.0,3,4,2,363
39.0,3,4,3,364
39.0,3,4,4,366
39.0,3,4,5,368
39.0,3,4,6,369
39.0,3,4,7,371
39.0,3,4,8,373
39.0,3,4,9,375
39.0,3,4,10,376
39.0,3,4,11,378
39.0,3,4,12,380
39.0,3,4,13,381
39.0,3,4,14,383
39.0,3,4,15,385
39.0,3,5,0,361
39.0,3,5,1,363
39.0,3,5,2,365
39.0,3,5,3,366
39.0,3,5,4,368
39.0,3,5,5,370
39.0,3,5,6,372
39.0,3,5,7,373
39.0,3,5,8,375
39.0,3,5,9,377
39.0,3,5,10,378
39.0,3,5,11,380
39.0,3,5,12,382
39.0,3,5,13,383
39.0,3,5,14,385
39.0,3,5,15,387
39.0,3,6,0,363
39.0,3,6,1,365
39.0,3,6,2,367
39.0,3,6,3,368
39.0,3,6,4,370
39.0,3,6,5,372
39.0,3,6,6,374
39.0,3,6,7,375
39.0,3,6,8,377
39.0,3,6,9,379
39.0,3,6,10,381
39.0,3,6,11,382
39.0,3,6,12,384
39.0,3,6,13,386
39.0,3,6,14,387
39.0,3,6,15,389
39.0,3,7,0,365
39.0,3,7,1,367
39.0,3,7,2,369
39.0,3,7,3,371
39.0,3,7,4,372
39.0,3,7,5,374
39.0,3,7,6,376
39.0,3,7,7,378
39.0,3,7,8,379
39.0,3,7,9,381
39.0,3,7,10,383
39.0,3,7,11,384
39.0,3,7,12,386
39.0,3,7,13,388
39.0,3,7,14,390
39.0,3,7,15,391
39.0,3,8,0,367
39.0,3,8,1,369
39.0,3,8,2,371
39.0,3,8,3,373
39.0,3,8,4,374
39.0,3,8,5,376
39.0,3,8,6,378
39.0,3,8,7,380
39.0,3,8,8,381
39.0,3,8,9,383
39.0,3,8,10,385
39.0,3,8,11,387
39.0,3,8,12,388
39.0,3,8,13,390
39.0,3,8,14,392
39.0,3,8,15,393
39.0,3,9,0,369
39.0,3,9,1,371
39.0,3,9,2,373
39.0,3,9,3,375
39.0,3,9,4,376
39.0,3,9,5,378
39.0,3,9,6,380
39.0,3,9,7,382
39.0,3,9,8,383
39.0,3,9,9,385
39.0,3,9,10,387
39.0,3,9,11,389
39.0,3,9,12,390
39.0,3,9,13,392
39.0,3,9,14,394
39.0,3,9,15,396
39.0,3,10,0,371
39.0,3,10,1,373
39.0,3,10,2,375
39.0,3,10,3,377
39.0,3,10,4,378
39.0,3,10,5,380
39.0,3,10,6,382
39.0,3,10,7,384
39.0,3,10,8,386
39.0,3,10,9,387
39.0,3,10,10,389
39.0,3,10,11,391
39.0,3,10,12,393
39.0,3,10,13,394
39.0,3,10,14,396
39.0,3,10,15,398
39.0,3,11,0,373
39.0,3,11,1,375
39.0,3,11,2,377
39.0,3,11,3,379
39.0,3,11,4,381
39.0,3,11,5,382
39.0,3,11,6,384
39.0,3,11,7,386
39.0,3,11,8,388
39.0,3,11,9,389
39.0,3,11,10,391
39.0,3,11,11,393
39.0,3,11,12,395
39.0,3,11,13,396
39.0,3,11,14,398
39.0,3,11,15,400
39.0,3,12,0,375
39.0,3,12,1,377
39.0,3,12,2,379
39.0,3,12,3,381
39.0,3,12,4,383
39.0,3,12,5,384
39.0,3,12,6,386
39.0,3,12,7,388
39.0,3,12,8,390
39.0,3,12,9,391
39.0,3,12,10,393
39.0,3,12,11,395
39.0,3,12,12,397
39.0,3,12,13,398
39.0,3,12,14,400
39.0,3,12,15,402
39.0,3,13,0,377
39.0,3,13,1,379
39.0,3,13,2,381
39.0,3,13,3,383
39.0,3,13,4,385
39.0,3,13,5,386
39.0,3,13,6,388
39.0,3,13,7,390
39.0,3,13,8,392
39.0,3,13,9,394
39.0,3,13,10,395
39.0,3,13,11,397
39.0,3,13,12,399
39.0,3,13,13,401
39.0,3,13,14,402
39.0,3,13,15,404
39.0,3,14,0,379
39.0,3,14,1,381
39.0,3,14,2,383
39.0,3,14,3,385
39.0,3,14,4,387
39.0,3,14,5,388
39.0,3,14,6,390
39.0,3,14,7,392
39.0,3,14,8,394
39.0,3,14,9,396
39.0,3,14,10,397
39.0,3,14,11,399
39.0,3,14,12,401
39.0,3,14,13,403
39.0,3,14,14,404
39.0,3,14,15,406
39.0,3,15,0,381
39.0,3,15,1,383
39.0,3,15,2,385
39.0,3,15,3,387
39.0,3,15,4,389
39.0,3,15,5,390
39.0,3,15,6,392
39.0,3,15,7,394
39.0,3,15,8,396
39.0,3,15,9,398
39.0,3,15,10,399
39.0,3,15,11,401
39.0,3,15,12,403
39.0,3,15,13,405
39.0,3,15,14,406
39.0,3,15,15,408
39.0,4,0,0,356
39.0,4,0,1,358
39.0,4,0,2,360
39.0,4,0,3,362
39.0,4,0,4,363
39.0,4,0,5,365
39.0,4,0,6,367
39.0,4,0,7,368
39.0,4,0,8,370
39.0,4,0,9,372
39.0,4,0,10,373
39.0,4,0,11,375
39.0,4,0,12,377
39.0,4,0,13,378
39.0,4,0,14,380
39.0,4,0,15,382
39.0,4,1,0,359
39.0,4,1,1,360
39.0,4,1,2,362
39.0,4,1,3,364
39.0,4,1,4,365
39.0,4,1,5,367
39.0,4,1,6,369
39.0,4,1,7,371
39.0,4,1,8,372
39.0,4,1,9,374
39.0,4,1,10,376
39.0,4,1,11,377
39.0,4,1,12,379
39.0,4,1,13,381
39.0,4,1,14,382
39.0,4,1,15,384
39.0,4,2,0,361
39.0,4,2,1,362
39.0,4,2,2,364
39.0,4,2,3,366
39.0,4,2,4,368
39.0,4,2,5,369
39.0,4,2,6,371
39.0,4,2,7,373
39.0,4,2,8,375
39.0,4,2,9,376
39.0,4,2,10,378
39.0,4,2,11,380
39.0,4,2,12,381
39.0,4,2,13,383
39.0,4,2,14,385
39.0,4,2,15,386
39.0,4,3,0,363
39.0,4,3,1,365
39.0,4,3,2,366
39.0,4,3,3,368
39.0,4,3,4,370
39.0,4,3,5,372
39.0,4,3,6,373
39.0,4,3,7,375
39.0,4,3,8,377
39.0,4,3,9,378
39.0,4,3,10,380
39.0,4,3,11,382
39.0,4,3,12,384
39.0,4,3,13,385
39.0,4,3,14,387
39.0,4,3,15,389
39.0,4,4,0,365
39.0,4,4,1,367
39.0,4,4,2,368
39.0,4,4,3,370
39.0,4,4,4,372
39.0,4,4,5,374
39.0,4,4,6,375
39.0,4,4,7,377
39.0,4,4,8,379
39.0,4,4,9,381
39.0,4,4,10,382
39.0,4,4,11,384
39.0,4,4,12,386
39.0,4,4,13,387
39.0,4,4,14,389
39.0,4,4,15,391
39.0,4,5,0,367
39.0,4,5,1,369
39.0,4,5,2,371
39.0,4,5,3,372
39.0,4,5,4,374
39.0,4,5,5,376
39.0,4,5,6,378
39.0,4,5,7,379
39.0,4,5,8,381
39.0,4,5,9,383
39.0,4,5,10,385
39.0,4,5,11,386
39.0,4,5,12,388
39.0,4,5,13,390
39.0,4,5,14,391
39.0,4,5,15,393
39.0,4,6,0,369
39.0,4,6,1,371
39.0,4,6,2,373
39.0,4,6,3,374
39.0,4,6,4,376
39.0,4,6,5,378
39.0,4,6,6,380
39.0,4,6,7,382
39.0,4,6,8,383
39.0,4,6,9,385
39.0,4,6,10,387
39.0,4,6,11,388
39.0,4,6,12,390
39.0,4,6,13,392
39.0,4,6,14,394
39.0,4,6,15,395
39.0,4,7,0,371
39.0,4,7,1,373
39.0,4,7,2,375
39.0,4,7,3,377
39.0,4,7,4,378
39.0,4,7,5,380
39.0,4,7,6,382
39.0,4,7,7,384
39.0,4,7,8,385
39.0,4,7,9,387
39.0,4,7,10,389
39.0,4,7,11,391
39.0,4,7,12,392
39.0,4,7,13,394
39.0,4,7,14,396
39.0,4,7,15,398
39.0,4,8,0,373
39.0,4,8,1,375
39.0,4,8,2,377
39.0,4,8,3,379
39.0,4,8,4,380
39.0,4,8,5,382
39.0,4,8,6,384
39.0,4,8,7,386
39.0,4,8,8,388
39.0,4,8,9,389
39.0,4,8,10,391
39.0,4,8,11,393
39.0,4,8,12,395
39.0,4,8,13,396
39.0,4,8,14,398
39.0,4,8,15,400
39.0,4,9,0,375
39.0,4,9,1,377
39.0,4,9,2,379
39.0,4,9,3,381
39.0,4,9,4,383
39.0,4,9,5,384
39.0,4,9,6,386
39.0,4,9,7,388
39.0,4,9,8,390
39.0,4,9,9,391
39.0,4,9,10,393
39.0,4,9,11,395
39.0,4,9,12,397
39.0,4,9,13,398
39.0,4,9,14,400
39.0,4,9,15,402
39.0,4,10,0,377
39.0,4,10,1,379
39.0,4,10,2,381
39.0,4,10,3,383
39.0,4,10,4,385
39.0,4,10,5,386
39.0,4,10,6,388
39.0,4,10,7,390
39.0,4,10,8,392
39.0,4,10,9,394
39.0,4,10,10,395
39.0,4,10,11,397
39.0,4,10,12,399
39.0,4,10,13,401
39.0,4,10,14,402
39.0,4,10,15,404
39.0,4,11,0,379
39.0,4,11,1,381
39.0,4,11,2,383
39.0,4,11,3,385
39.0,4,11,4,387
39.0,4,11,5,388
39.0,4,11,6,390
39.0,4,11,7,392
39.0,4,11,8,394
39.0,4,11,9,396
39.0,4,11,10,397
39.0,4,11,11,399
39.0,4,11,12,401
39.0,4,11,13,403
39.0,4,11,14,405
39.0,4,11,15,406
39.0,4,12,0,381
39.0,4,12,1,383
39.0,4,12,2,385
39.0,4,12,3,387
39.0,4,12,4,389
39.0,4,12,5,391
39.0,4,12,6,392
39.0,4,12,7,394
39.0,4,12,8,396
39.0,4,12,9,398
39.0,4,12,10,400
39.0,4,12,11,401
39.0,4,12,12,403
39.0,4,12,13,405
39.0,4,12,14,407
39.0,4,12,15,408
39.0,4,13,0,383
39.0,4,13,1,385
39.0,4,13,2,387
39.0,4,13,3,389
39.0,4,13,4,391
39.0,4,13,5,393
39.0,4,13,6,394
39.0,4,13,7,396
39.0,4,13,8,398
39.0,4,13,9,400
39.0,4,13,10,402
39.0,4,13,11,403
39.0,4,13,12,405
39.0,4,13,13,407
39.0,4,13,14,409
39.0,4,13,15,411
39.0,4,14,0,385
39.0,4,14,1,387
39.0,4,14,2,389
39.0,4,14,3,391
39.0,4,14,4,393
39.0,4,14,5,395
39.0,4,14,6,396
39.0,4,14,7,398
39.0,4,14,8,400
39.0,4,14,9,402
39.0,4,14,10,404
39.0,4,14,11,406
39.0,4,14,12,407
39.0,4,14,13,409
39.0,4,14,14,411
39.0,4,14,15,413
39.0,4,15,0,387
39.0,4,15,1,389
39.0,4,15,2,391
39.0,4,15,3,393
39.0,4,15,4,395
39.0,4,15,5,397
39.0,4,15,6,399
39.0,4,15,7,400
39.0,4,15,8,402
39.0,4,15,9,404
39.0,4,15,10,406
39.0,4,15,11,408
39.0,4,15,12,409
39.0,4,15,13,411
39.0,4,15,14,413
39.0,4,15,15,415
39.0,5,0,0,362
39.0,5,0,1,364
39.0,5,0,2,366
39.0,5,0,3,367
39.0,5,0,4,369
39.0,5,0,5,371
39.0,5,0,6,373
39.0,5,0,7,374
39.0,5,0,8,376
39.0,5,0,9,378
39.0,5,0,10,379
39.0,5,0,11,381
39.0,5,0,12,383
39.0,5,0,13,384
39.0,5,0,14,386
39.0,5,0,15,388
39.0,5,1,0,364
39.0,5,1,1,366
39.0,5,1,2,368
39.0,5,1,3,370
39.0,5,1,4,371
39.0,5,1,5,373
39.0,5,1,6,375
39.0,5,1,7,377
39.0,5,1,8,378
39.0,5,1,9,380
39.0,5,1,10,382
39.0,5,1,11,383
39.0,5,1,12,385
39.0,5,1,13,387
39.0,5,1,14,388
39.0,5,1,15,390
39.0,5,2,0,366
39.0,5,2,1,368
39.0,5,2,2,370
39.0,5,2,3,372
39.0,5,2,4,374
39.0,5,2,5,375
39.0,5,2,6,377
39.0,5,2,7,379
39.0,5,2,8,380
39.0,5,2,9,382
39.0,5,2,10,384
39.0,5,2,11,386
39.0,5,2,12,387
39.0,5,2,13,389
39.0,5,2,14,391
39.0,5,2,15,392
39.0,5,3,0,369
39.0,5,3,1,370
39.0,5,3,2,372
39.0,5,3,3,374
39.0,5,3,4,376
39.0,5,3,5,377
39.0,5,3,6,379
39.0,5,3,7,381
39.0,5,3,8,383
39.0,5,3,9,384
39.0,5,3,10,386
39.0,5,3,11,388
39.0,5,3,12,390
39.0,5,3,13,391
39.0,5,3,14,393
39.0,5,3,15,395
39.0,5,4,0,371
39.0,5,4,1,372
39.0,5,4,2,374
39.0,5,4,3,376
39.0,5,4,4,378
39.0,5,4,5,380
39.0,5,4,6,381
39.0,5,4,7,383
39.0,5,4,8,385
39.0,5,4,9,387
39.0,5,4,10,388
39.0,5,4,11,390
39.0,5,4,12,392
39.0,5,4,13,394
39.0,5,4,14,395
39.0,5,4,15,397
39.0,5,5,0,373
39.0,5,5,1,375
39.0,5,5,2,376
39.0,5,5,3,378
39.0,5,5,4,380
39.0,5,5,5,382
39.0,5,5,6,384
39.0,5,5,7,385
39.0,5,5,8,387
39.0,5,5,9,389
39.0,5,5,10,391
39.0,5,5,11,392
39.0,5,5,12,394
39.0,5,5,13,396
39.0,5,5,14,398
39.0,5,5,15,399
39.0,5,6,0,375
39.0,5,6,1,377
39.0,5,6,2,379
39.0,5,6,3,380
39.0,5,6,4,382
39.0,5,6,5,384
39.0,5,6,6,386
39.0,5,6,7,388
39.0,5,6,8,389
39.0,5,6,9,391
39.0,5,6,10,393
39.0,5,6,11,395
39.0,5,6,12,396
39.0,5,6,13,398
39.0,5,6,14,400
39.0,5,6,15,402
39.0,5,7,0,377
39.0,5,7,1,379
39.0,5,7,2,381
39.0,5,7,3,383
39.0,5,7,4,384
39.0,5,7,5,386
39.0,5,7,6,388
39.0,5,7,7,390
39.0,5,7,8,392
39.0,5,7,9,393
39.0,5,7,10,395
39.0,5,7,11,397
39.0,5,7,12,399
39.0,5,7,13,400
39.0,5,7,14,402
39.0,5,7,15,404
39.0,5,8,0,379
39.0,5,8,1,381
39.0,5,8,2,383
39.0,5,8,3,385
39.0,5,8,4,386
39.0,5,8,5,388
39.0,5,8,6,390
39.0,5,8,7,392
39.0,5,8,8,394
39.0,5,8,9,396
39.0,5,8,10,397
39.0,5,8,11,399
39.0,5,8,12,401
39.0,5,8,13,403
39.0,5,8,14,404
39.0,5,8,15,406
39.0,5,9,0,381
39.0,5,9,1,383
39.0,5,9,2,385
39.0,5,9,3,387
39.0,5,9,4,389
39.0,5,9,5,390
39.0,5,9,6,392
39.0,5,9,7,394
39.0,5,9,8,396
39.0,5,9,9,398
39.0,5,9,10,399
39.0,5,9,11,401
39.0,5,9,12,403
39.0,5,9,13,405
39.0,5,9,14,407
39.0,5,9,15,408
39.0,5,10,0,383
39.0,5,10,1,385
39.0,5,10,2,387
39.0,5,10,3,389
39.0,5,10,4,391
39.0,5,10,5,393
39.0,5,10,6,394
39.0,5,10,7,396
39.0,5,10,8,398
39.0,5,10,9,400
39.0,5,10,10,402
39.0,5,10,11,403
39.0,5,10,12,405
39.0,5,10,13,407
39.0,5,10,14,409
39.0,5,10,15,411
39.0,5,11,0,385
39.0,5,11,1,387
39.0,5,11,2,389
39.0,5,11,3,391
39.0,5,11,4,393
39.0,5,11,5,395
39.0,5,11,6,397
39.0,5,11,7,398
39.0,5,11,8,400
39.0,5,11,9,402
39.0,5,11,10,404
39.0,5,11,11,406
39.0,5,11,12,407
39.0,5,11,13,409
39.0,5,11,14,411
39.0,5,11,15,413
39.0,5,12,0,387
39.0,5,12,1,389
39.0,5,12,2,391
39.0,5,12,3,393
39.0,5,12,4,395
39.0,5,12,5,397
39.0,5,12,6,399
39.0,5,12,7,400
39.0,5,12,8,402
39.0,5,12,9,404
39.0,5,12,10,406
39.0,5,12,11,408
39.0,5,12,12,410
39.0,5,12,13,411
39.0,5,12,14,413
39.0,5,12,15,415
39.0,5,13,0,389
39.0,5,13,1,391
39.0,5,13,2,393
39.0,5,13,3,395
39.0,5,13,4,397
39.0,5,13,5,399
39.0,5,13,6,401
39.0,5,13,7,403
39.0,5,13,8,404
39.0,5,13,9,406
39.0,5,13,10,408
39.0,5,13,11,410
39.0,5,13,12,412
39.0,5,13,13,414
39.0,5,13,14,415
39.0,5,13,15,417
39.0,5,14,0,391
39.0,5,14,1,393
39.0,5,14,2,395
39.0,5,14,3,397
39.0,5,14,4,399
39.0,5,14,5,401
39.0,5,14,6,403
39.0,5,14,7,405
39.0,5,14,8,407
39.0,5,14,9,408
39.0,5,14,10,410
39.0,5,14,11,412
39.0,5,14,12,414
39.0,5,14,13,416
39.0,5,14,14,417
39.0,5,14,15,419
39.0,5,15,0,393
39.0,5,15,1,395
39.0,5,15,2,397
39.0,5,15,3,399
39.0,5,15,4,401
39.0,5,15,5,403
39.0,5,15,6,405
39.0,5,15,7,407
39.0,5,15,8,409
39.0,5,15,9,410
39.0,5,15,10,412
39.0,5,15,11,414
39.0,5,15,12,416
39.0,5,15,13,418
39.0,5,15,14,420
39.0,5,15,15,421
39.0,6,0,0,368
39.0,6,0,1,370
39.0,6,0,2,371
39.0,6,0,3,373
39.0,6,0,4,375
39.0,6,0,5,377
39.0,6,0,6,378
39.0,6,0,7,380
39.0,6,0,8,382
39.0,6,0,9,384
39.0,6,0,10,385
39.0,6,0,11,387
39.0,6,0,12,389
39.0,6,0,13,390
39.0,6,0,14,392
39.0,6,0,15,394
39.0,6,1,0,370
39.0,6,1,1,372
39.0,6,1,2,374
39.0,6,1,3,375
39.0,6,1,4,377
39.0,6,1,5,379
39.0,6,1,6,381
39.0,6,1,7,382
39.0,6,1,8,384
39.0,6,1,9,386
39.0,6,1,10,388
39.0,6,1,11,389
39.0,6,1,12,391
39.0,6,1,13,393
39.0,6,1,14,395
39.0,6,1,15,396
39.0,6,2,0,372
39.0,6,2,1,374
39.0,6,2,2,376
39.0,6,2,3,378
39.0,6,2,4,379
39.0,6,2,5,381
39.0,6,2,6,383
39.0,6,2,7,385
39.0,6,2,8,386
39.0,6,2,9,388
39.0,6,2,10,390
39.0,6,2,11,392
39.0,6,2,12,393
39.0,6,2,13,395
39.0,6,2,14,397
39.0,6,2,15,399
39.0,6,3,0,374
39.0,6,3,1,376
39.0,6,3,2,378
39.0,6,3,3,380
39.0,6,3,4,382
39.0,6,3,5,383
39.0,6,3,6,385
39.0,6,3,7,387
39.0,6,3,8,389
39.0,6,3,9,390
39.0,6,3,10,392
39.0,6,3,11,394
39.0,6,3,12,396
39.0,6,3,13,397
39.0,6,3,14,399
39.0,6,3,15,401
39.0,6,4,0,376
39.0,6,4,1,378
39.0,6,4,2,380
39.0,6,4,3,382
39.0,6,4,4,384
39.0,6,4,5,386
39.0,6,4,6,387
39.0,6,4,7,389
39.0,6,4,8,391
39.0,6,4,9,393
39.0,6,4,10,395
39.0,6,4,11,396
39.0,6,4,12,398
39.0,6,4,13,400
39.0,6,4,14,402
39.0,6,4,15,403
39.0,6,5,0,379
39.0,6,5,1,380
39.0,6,5,2,382
39.0,6,5,3,384
39.0,6,5,4,386
39.0,6,5,5,388
39.0,6,5,6,390
39.0,6,5,7,391
39.0,6,5,8,393
39.0,6,5,9,395
39.0,6,5,10,397
39.0,6,5,11,399
39.0,6,5,12,400
39.0,6,5,13,402
39.0,6,5,14,404
39.0,6,5,15,406
39.0,6,6,0,381
39.0,6,6,1,383
39.0,6,6,2,385
39.0,6,6,3,386
39.0,6,6,4,388
39.0,6,6,5,390
39.0,6,6,6,392
39.0,6,6,7,394
39.0,6,6,8,395
39.0,6,6,9,397
39.0,6,6,10,399
39.0,6,6,11,401
39.0,6,6,12,403
39.0,6,6,13,404
39.0,6,6,14,406
39.0,6,6,15,408
39.0,6,7,0,383
39.0,6,7,1,385
39.0,6,7,2,387
39.0,6,7,3,389
39.0,6,7,4,390
39.0,6,7,5,392
39.0,6,7,6,394
39.0,6,7,7,396
39.0,6,7,8,398
39.0,6,7,9,399
39.0,6,7,10,401
39.0,6,7,11,403
39.0,6,7,12,405
39.0,6,7,13,407
39.0,6,7,14,408
39.0,6,7,15,410
39.0,6,8,0,385
39.0,6,8,1,387
39.0,6,8,2,389
39.0,6,8,3,391
39.0,6,8,4,393
39.0,6,8,5,394
39.0,6,8,6,396
39.0,6,8,7,398
39.0,6,8,8,400
39.0,6,8,9,402
39.0,6,8,10,403
39.0,6,8,11,405
39.0,6,8,12,407
39.0,6,8,13,409
39.0,6,8,14,411
39.0,6,8,15,412
39.0,6,9,0,387
39.0,6,9,1,389
39.0,6,9,2,391
39.0,6,9,3,393
39.0,6,9,4,395
39.0,6,9,5,397
39.0,6,9,6,398
39.0,6,9,7,400
39.0,6,9,8,402
39.0,6,9,9,404
39.0,6,9,10,406
39.0,6,9,11,408
39.0,6,9,12,409
39.0,6,9,13,411
39.0,6,9,14,413
39.0,6,9,15,415
39.0,6,10,0,389
39.0,6,10,1,391
39.0,6,10,2,393
39.0,6,10,3,395
39.0,6,10,4,397
39.0,6,10,5,399
39.0,6,10,6,401
39.0,6,10,7,402
39.0,6,10,8,404
39.0,6,10,9,406
39.0,6,10,10,408
39.0,6,10,11,410
39.0,6,10,12,412
39.0,6,10,13,413
39.0,6,10,14,415
39.0,6,10,15,417
39.0,6,11,0,391
39.0,6,11,1,393
39.0,6,11,2,395
39.0,6,11,3,397
39.0,6,11,4,399
39.0,6,11,5,401
39.0,6,11,6,403
39.0,6,11,7,405
39.0,6,11,8,406
39.0,6,11,9,408
39.0,6,11,10,410
39.0,6,11,11,412
39.0,6,11,12,414
39.0,6,11,13,416
39.0,6,11,14,417
39.0,6,11,15,419
39.0,6,12,0,393
39.0,6,12,1,395
39.0,6,12,2,397
39.0,6,12,3,399
39.0,6,12,4,401
39.0,6,12,5,403
39.0,6,12,6,405
39.0,6,12,7,407
39.0,6,12,8,409
39.0,6,12,9,410
39.0,6,12,10,412
39.0,6,12,11,414
39.0,6,12,12,416
39.0,6,12,13,418
39.0,6,12,14,420
39.0,6,12,15,421
39.0,6,13,0,395
39.0,6,13,1,397
39.0,6,13,2,399
39.0,6,13,3,401
39.0,6,13,4,403
39.0,6,13,5,405
39.0,6,13,6,407
39.0,6,13,7,409
39.0,6,13,8,411
39.0,6,13,9,413
39.0,6,13,10,414
39.0,6,13,11,416
39.0,6,13,12,418
39.0,6,13,13,420
39.0,6,13,14,422
39.0,6,13,15,424
39.0,6,14,0,398
39.0,6,14,1,399
39.0,6,14,2,401
39.0,6,14,3,403
39.0,6,14,4,405
39.0,6,14,5,407
39.0,6,14,6,409
39.0,6,14,7,411
39.0,6,14,8,413
39.0,6,14,9,415
39.0,6,14,10,417
39.0,6,14,11,418
39.0,6,14,12,420
39.0,6,14,13,422
39.0,6,14,14,424
39.0,6,14,15,426
39.0,6,15,0,400
39.0,6,15,1,402
39.0,6,15,2,403
39.0,6,15,3,405
39.0,6,15,4,407
39.0,6,15,5,409
39.0,6,15,6,411
39.0,6,15,7,413
39.0,6,15,8,415
39.0,6,15,9,417
39.0,6,15,10,419
39.0,6,15,11,421
39.0,6,15,12,422
39.0,6,15,13,424
39.0,6,15,14,426
39.0,6,15,15,428
39.0,7,0,0,373
39.0,7,0,1,375
39.0,7,0,2,377
39.0,7,0,3,379
39.0,7,0,4,381
39.0,7,0,5,382
39.0,7,0,6,384
39.0,7,0,7,386
39.0,7,0,8,388
39.0,7,0,9,390
39.0,7,0,10,391
39.0,7,0,11,393
39.0,7,0,12,395
39.0,7,0,13,396
39.0,7,0,14,398
39.0,7,0,15,400
39.0,7,1,0,376
39.0,7,1,1,377
39.0,7,1,2,379
39.0,7,1,3,381
39.0,7,1,4,383
39.0,7,1,5,385
39.0,7,1,6,387
39.0,7,1,7,388
39.0,7,1,8,390
39.0,7,1,9,392
39.0,7,1,10,394
39.0,7,1,11,395
39.0,7,1,12,397
39.0,7,1,13,399
39.0,7,1,14,401
39.0,7,1,15,402
39.0,7,2,0,378
39.0,7,2,1,380
39.0,7,2,2,382
39.0,7,2,3,383
39.0,7,2,4,385
39.0,7,2,5,387
39.0,7,2,6,389
39.0,7,2,7,391
39.0,7,2,8,392
39.0,7,2,9,394
39.0,7,2,10,396
39.0,7,2,11,398
39.0,7,2,12,399
39.0,7,2,13,401
39.0,7,2,14,403
39.0,7,2,15,405
39.0,7,3,0,380
39.0,7,3,1,382
39.0,7,3,2,384
39.0,7,3,3,386
39.0,7,3,4,387
39.0,7,3,5,389
39.0,7,3,6,391
39.0,7,3,7,393
39.0,7,3,8,395
39.0,7,3,9,397
39.0,7,3,10,398
39.0,7,3,11,400
39.0,7,3,12,402
39.0,7,3,13,404
39.0,7,3,14,405
39.0,7,3,15,407
39.0,7,4,0,382
39.0,7,4,1,384
39.0,7,4,2,386
39.0,7,4,3,388
39.0,7,4,4,390
39.0,7,4,5,392
39.0,7,4,6,393
39.0,7,4,7,395
39.0,7,4,8,397
39.0,7,4,9,399
39.0,7,4,10,401
39.0,7,4,11,402
39.0,7,4,12,404
39.0,7,4,13,406
39.0,7,4,14,408
39.0,7,4,15,409
39.0,7,5,0,384
39.0,7,5,1,386
39.0,7,5,2,388
39.0,7,5,3,390
39.0,7,5,4,392
39.0,7,5,5,394
39.0,7,5,6,396
39.0,7,5,7,397
39.0,7,5,8,399
39.0,7,5,9,401
39.0,7,5,10,403
39.0,7,5,11,405
39.0,7,5,12,406
39.0,7,5,13,408
39.0,7,5,14,410
39.0,7,5,15,412
39.0,7,6,0,387
39.0,7,6,1,389
39.0,7,6,2,390
39.0,7,6,3,392
39.0,7,6,4,394
39.0,7,6,5,396
39.0,7,6,6,398
39.0,7,6,7,400
39.0,7,6,8,402
39.0,7,6,9,403
39.0,7,6,10,405
39.0,7,6,11,407
39.0,7,6,12,409
39.0,7,6,13,411
39.0,7,6,14,412
39.0,7,6,15,414
39.0,7,7,0,389
39.0,7,7,1,391
39.0,7,7,2,393
39.0,7,7,3,395
39.0,7,7,4,396
39.0,7,7,5,398
39.0,7,7,6,400
39.0,7,7,7,402
39.0,7,7,8,404
39.0,7,7,9,406
39.0,7,7,10,407
39.0,7,7,11,409
39.0,7,7,12,411
39.0,7,7,13,413
39.0,7,7,14,415
39.0,7,7,15,416
39.0,7,8,0,391
39.0,7,8,1,393
39.0,7,8,2,395
39.0,7,8,3,397
39.0,7,8,4,399
39.0,7,8,5,400
39.0,7,8,6,402
39.0,7,8,7,404
39.0,7,8,8,406
39.0,7,8,9,408
39.0,7,8,10,410
39.0,7,8,11,412
39.0,7,8,12,413
39.0,7,8,13,415
39.0,7,8,14,417
39.0,7,8,15,419
39.0,7,9,0,393
39.0,7,9,1,395
39.0,7,9,2,397
39.0,7,9,3,399
39.0,7,9,4,401
39.0,7,9,5,403
39.0,7,9,6,405
39.0,7,9,7,406
39.0,7,9,8,408
39.0,7,9,9,410
39.0,7,9,10,412
39.0,7,9,11,414
39.0,7,9,12,416
39.0,7,9,13,417
39.0,7,9,14,419
39.0,7,9,15,421
39.0,7,10,0,395
39.0,7,10,1,397
39.0,7,10,2,399
39.0,7,10,3,401
39.0,7,10,4,403
39.0,7,10,5,405
39.0,7,10,6,407
39.0,7,10,7,409
39.0,7,10,8,410
39.0,7,10,9,412
39.0,7,10,10,414
39.0,7,10,11,416
39.0,7,10,12,418
39.0,7,10,13,420
39.0,7,10,14,422
39.0,7,10,15,423
39.0,7,11,0,397
39.0,7,11,1,399
39.0,7,11,2,401
39.0,7,11,3,403
39.0,7,11,4,405
39.0,7,11,5,407
39.0,7,11,6,409
39.0,7,11,7,411
39.0,7,11,8,413
39.0,7,11,9,415
39.0,7,11,10,416
39.0,7,11,11,418
39.0,7,11,12,420
39.0,7,11,13,422
39.0,7,11,14,424
39.0,7,11,15,426
39.0,7,12,0,399
39.0,7,12,1,401
39.0,7,12,2,403
39.0,7,12,3,405
39.0,7,12,4,407
39.0,7,12,5,409
39.0,7,12,6,411
39.0,7,12,7,413
39.0,7,12,8,415
39.0,7,12,9,417
39.0,7,12,10,419
39.0,7,12,11,421
39.0,7,12,12,422
39.0,7,12,13,424
39.0,7,12,14,426
39.0,7,12,15,428
39.0,7,13,0,402
39.0,7,13,1,404
39.0,7,13,2,406
39.0,7,13,3,407
39.0,7,13,4,409
39.0,7,13,5,411
39.0,7,13,6,413
39.0,7,13,7,415
39.0,7,13,8,417
39.0,7,13,9,419
39.0,7,13,10,421
39.0,7,13,11,423
39.0,7,13,12,425
39.0,7,13,13,426
39.0,7,13,14,428
39.0,7,13,15,430
39.0,7,14,0,404
39.0,7,14,1,406
39.0,7,14,2,408
39.0,7,14,3,410
39.0,7,14,4,412
39.0,7,14,5,413
39.0,7,14,6,415
39.0,7,14,7,417
39.0,7,14,8,419
39.0,7,14,9,421
39.0,7,14,10,423
39.0,7,14,11,425
39.0,7,14,12,427
39.0,7,14,13,429
39.0,7,14,14,431
39.0,7,14,15,432
39.0,7,15,0,406
39.0,7,15,1,408
39.0,7,15,2,410
39.0,7,15,3,412
39.0,7,15,4,414
39.0,7,15,5,416
39.0,7,15,6,418
39.0,7,15,7,419
39.0,7,15,8,421
39.0,7,15,9,423
39.0,7,15,10,425
39.0,7,15,11,427
39.0,7,15,12,429
39.0,7,15,13,431
39.0,7,15,14,433
39.0,7,15,15,435
39.0,8,0,0,379
39.0,8,0,1,381
39.0,8,0,2,383
39.0,8,0,3,385
39.0,8,0,4,386
39.0,8,0,5,388
39.0,8,0,6,390
39.0,8,0,7,392
39.0,8,0,8,394
39.0,8,0,9,395
39.0,8,0,10,397
39.0,8,0,11,399
39.0,8,0,12,401
39.0,8,0,13,402
39.0,8,0,14,404
39.0,8,0,15,406
39.0,8,1,0,381
39.0,8,1,1,383
39.0,8,1,2,385
39.0,8,1,3,387
39.0,8,1,4,389
39.0,8,1,5,391
39.0,8,1,6,392
39.0,8,1,7,394
39.0,8,1,8,396
39.0,8,1,9,398
39.0,8,1,10,400
39.0,8,1,11,401
39.0,8,1,12,403
39.0,8,1,13,405
39.0,8,1,14,407
39.0,8,1,15,408
39.0,8,2,0,384
39.0,8,2,1,385
39.0,8,2,2,387
39.0,8,2,3,389
39.0,8,2,4,391
39.0,8,2,5,393
39.0,8,2,6,395
39.0,8,2,7,397
39.0,8,2,8,398
39.0,8,2,9,400
39.0,8,2,10,402
39.0,8,2,11,404
39.0,8,2,12,406
39.0,8,2,13,407
39.0,8,2,14,409
39.0,8,2,15,411
39.0,8,3,0,386
39.0,8,3,1,388
39.0,8,3,2,390
39.0,8,3,3,391
39.0,8,3,4,393
39.0,8,3,5,395
39.0,8,3,6,397
39.0,8,3,7,399
39.0,8,3,8,401
39.0,8,3,9,403
39.0,8,3,10,404
39.0,8,3,11,406
39.0,8,3,12,408
39.0,8,3,13,410
39.0,8,3,14,411
39.0,8,3,15,413
39.0,8,4,0,388
39.0,8,4,1,390
39.0,8,4,2,392
39.0,8,4,3,394
39.0,8,4,4,396
39.0,8,4,5,397
39.0,8,4,6,399
39.0,8,4,7,401
39.0,8,4,8,403
39.0,8,4,9,405
39.0,8,4,10,407
39.0,8,4,11,408
39.0,8,4,12,410
39.0,8,4,13,412
39.0,8,4,14,414
39.0,8,4,15,416
39.0,8,5,0,390
39.0,8,5,1,392
39.0,8,5,2,394
39.0,8,5,3,396
39.0,8,5,4,398
39.0,8,5,5,400
39.0,8,5,6,402
39.0,8,5,7,403
39.0,8,5,8,405
39.0,8,5,9,407
39.0,8,5,10,409
39.0,8,5,11,411
39.0,8,5,12,413
39.0,8,5,13,414
39.0,8,5,14,416
39.0,8,5,15,418
39.0,8,6,0,393
39.0,8,6,1,394
39.0,8,6,2,396
39.0,8,6,3,398
39.0,8,6,4,400
39.0,8,6,5,402
39.0,8,6,6,404
39.0,8,6,7,406
39.0,8,6,8,408
39.0,8,6,9,409
39.0,8,6,10,411
39.0,8,6,11,413
39.0,8,6,12,415
39.0,8,6,13,417
39.0,8,6,14,419
39.0,8,6,15,420
39.0,8,7,0,395
39.0,8,7,1,397
39.0,8,7,2,399
39.0,8,7,3,400
39.0,8,7,4,402
39.0,8,7,5,404
39.0,8,7,6,406
39.0,8,7,7,408
39.0,8,7,8,410
39.0,8,7,9,412
39.0,8,7,10,414
39.0,8,7,11,415
39.0,8,7,12,417
39.0,8,7,13,419
39.0,8,7,14,421
39.0,8,7,15,423
39.0,8,8,0,397
39.0,8,8,1,399
39.0,8,8,2,401
39.0,8,8,3,403
39.0,8,8,4,405
39.0,8,8,5,407
39.0,8,8,6,408
39.0,8,8,7,410
39.0,8,8,8,412
39.0,8,8,9,414
39.0,8,8,10,416
39.0,8,8,11,418
39.0,8,8,12,420
39.0,8,8,13,421
39.0,8,8,14,423
39.0,8,8,15,425
39.0,8,9,0,399
39.0,8,9,1,401
39.0,8,9,2,403
39.0,8,9,3,405
39.0,8,9,4,407
39.0,8,9,5,409
39.0,8,9,6,411
39.0,8,9,7,413
39.0,8,9,8,414
39.0,8,9,9,416
39.0,8,9,10,418
39.0,8,9,11,420
39.0,8,9,12,422
39.0,8,9,13,424
39.0,8,9,14,426
39.0,8,9,15,427
39.0,8,10,0,401
39.0,8,10,1,403
39.0,8,10,2,405
39.0,8,10,3,407
39.0,8,10,4,409
39.0,8,10,5,411
39.0,8,10,6,413
39.0,8,10,7,415
39.0,8,10,8,417
39.0,8,10,9,419
39.0,8,10,10,420
39.0,8,10,11,422
39.0,8,10,12,424
39.0,8,10,13,426
39.0,8,10,14,428
39.0,8,10,15,430
39.0,8,11,0,403
39.0,8,11,1,405
39.0,8,11,2,407
39.0,8,11,3,409
39.0,8,11,4,411
39.0,8,11,5,413
39.0,8,11,6,415
39.0,8,11,7,417
39.0,8,11,8,419
39.0,8,11,9,421
39.0,8,11,10,423
39.0,8,11,11,425
39.0,8,11,12,427
39.0,8,11,13,428
39.0,8,11,14,430
39.0,8,11,15,432
39.0,8,12,0,406
39.0,8,12,1,408
39.0,8,12,2,410
39.0,8,12,3,411
39.0,8,12,4,413
39.0,8,12,5,415
39.0,8,12,6,417
39.0,8,12,7,419
39.0,8,12,8,421
39.0,8,12,9,423
39.0,8,12,10,425
39.0,8,12,11,427
39.0,8,12,12,429
39.0,8,12,13,431
39.0,8,12,14,433
39.0,8,12,15,434
39.0,8,13,0,408
39.0,8,13,1,410
39.0,8,13,2,412
39.0,8,13,3,414
39.0,8,13,4,416
39.0,8,13,5,418
39.0,8,13,6,420
39.0,8,13,7,421
39.0,8,13,8,423
39.0,8,13,9,425
39.0,8,13,10,427
39.0,8,13,11,429
39.0,8,13,12,431
39.0,8,13,13,433
39.0,8,13,14,435
39.0,8,13,15,437
39.0,8,14,0,410
39.0,8,14,1,412
39.0,8,14,2,414
39.0,8,14,3,416
39.0,8,14,4,418
39.0,8,14,5,420
39.0,8,14,6,422
39.0,8,14,7,424
39.0,8,14,8,426
39.0,8,14,9,428
39.0,8,14,10,429
39.0,8,14,11,431
39.0,8,14,12,433
39.0,8,14,13,435
39.0,8,14,14,437
39.0,8,14,15,439
39.0,8,15,0,412
39.0,8,15,1,414
39.0,8,15,2,416
39.0,8,15,3,418
39.0,8,15,4,420
39.0,8,15,5,422
39.0,8,15,6,424
39.0,8,15,7,426
39.0,8,15,8,428
39.0,8,15,9,430
39.0,8,15,10,432
39.0,8,15,11,434
39.0,8,15,12,435
39.0,8,15,13,437
39.0,8,15,14,439
39.0,8,15,15,441
39.0,9,0,0,385
39.0,9,0,1,387
39.0,9,0,2,388
39.0,9,0,3,390
39.0,9,0,4,392
39.0,9,0,5,394
39.0,9,0,6,396
39.0,9,0,7,398
39.0,9,0,8,400
39.0,9,0,9,401
39.0,9,0,10,403
39.0,9,0,11,405
39.0,9,0,12,407
39.0,9,0,13,409
39.0,9,0,14,410
39.0,9,0,15,412
39.0,9,1,0,387
39.0,9,1,1,389
39.0,9,1,2,391
39.0,9,1,3,393
39.0,9,1,4,395
39.0,9,1,5,396
39.0,9,1,6,398
39.0,9,1,7,400
39.0,9,1,8,402
39.0,9,1,9,404
39.0,9,1,10,406
39.0,9,1,11,407
39.0,9,1,12,409
39.0,9,1,13,411
39.0,9,1,14,413
39.0,9,1,15,415
39.0,9,2,0,389
39.0,9,2,1,391
39.0,9,2,2,393
39.0,9,2,3,395
39.0,9,2,4,397
39.0,9,2,5,399
39.0,9,2,6,401
39.0,9,2,7,402
39.0,9,2,8,404
39.0,9,2,9,406
39.0,9,2,10,408
39.0,9,2,11,410
39.0,9,2,12,412
39.0,9,2,13,413
39.0,9,2,14,415
39.0,9,2,15,417
39.0,9,3,0,392
39.0,9,3,1,394
39.0,9,3,2,395
39.0,9,3,3,397
39.0,9,3,4,399
39.0,9,3,5,401
39.0,9,3,6,403
39.0,9,3,7,405
39.0,9,3,8,407
39.0,9,3,9,409
39.0,9,3,10,410
39.0,9,3,11,412
39.0,9,3,12,414
39.0,9,3,13,416
39.0,9,3,14,418
39.0,9,3,15,419
39.0,9,4,0,394
39.0,9,4,1,396
39.0,9,4,2,398
39.0,9,4,3,400
39.0,9,4,4,402
39.0,9,4,5,403
39.0,9,4,6,405
39.0,9,4,7,407
39.0,9,4,8,409
39.0,9,4,9,411
39.0,9,4,10,413
39.0,9,4,11,415
39.0,9,4,12,416
39.0,9,4,13,418
39.0,9,4,14,420
39.0,9,4,15,422
39.0,9,5,0,396
39.0,9,5,1,398
39.0,9,5,2,400
39.0,9,5,3,402
39.0,9,5,4,404
39.0,9,5,5,406
39.0,9,5,6,408
39.0,9,5,7,410
39.0,9,5,8,411
39.0,9,5,9,413
39.0,9,5,10,415
39.0,9,5,11,417
39.0,9,5,12,419
39.0,9,5,13,421
39.0,9,5,14,422
39.0,9,5,15,424
39.0,9,6,0,398
39.0,9,6,1,400
39.0,9,6,2,402
39.0,9,6,3,404
39.0,9,6,4,406
39.0,9,6,5,408
39.0,9,6,6,410
39.0,9,6,7,412
39.0,9,6,8,414
39.0,9,6,9,416
39.0,9,6,10,417
39.0,9,6,11,419
39.0,9,6,12,421
39.0,9,6,13,423
39.0,9,6,14,425
39.0,9,6,15,427
39.0,9,7,0,401
39.0,9,7,1,403
39.0,9,7,2,405
39.0,9,7,3,406
39.0,9,7,4,408
39.0,9,7,5,410
39.0,9,7,6,412
39.0,9,7,7,414
39.0,9,7,8,416
39.0,9,7,9,418
39.0,9,7,10,420
39.0,9,7,11,422
39.0,9,7,12,424
39.0,9,7,13,425
39.0,9,7,14,427
39.0,9,7,15,429
39.0,9,8,0,403
39.0,9,8,1,405
39.0,9,8,2,407
39.0,9,8,3,409
39.0,9,8,4,411
39.0,9,8,5,413
39.0,9,8,6,415
39.0,9,8,7,416
39.0,9,8,8,418
39.0,9,8,9,420
39.0,9,8,10,422
39.0,9,8,11,424
39.0,9,8,12,426
39.0,9,8,13,428
39.0,9,8,14,430
39.0,9,8,15,431
39.0,9,9,0,405
39.0,9,9,1,407
39.0,9,9,2,409
39.0,9,9,3,411
39.0,9,9,4,413
39.0,9,9,5,415
39.0,9,9,6,417
39.0,9,9,7,419
39.0,9,9,8,421
39.0,9,9,9,423
39.0,9,9,10,424
39.0,9,9,11,426
39.0,9,9,12,428
39.0,9,9,13,430
39.0,9,9,14,432
39.0,9,9,15,434
39.0,9,10,0,407
39.0,9,10,1,409
39.0,9,10,2,411
39.0,9,10,3,413
39.0,9,10,4,415
39.0,9,10,5,417
39.0,9,10,6,419
39.0,9,10,7,421
39.0,9,10,8,423
39.0,9,10,9,425
39.0,9,10,10,427
39.0,9,10,11,429
39.0,9,10,12,431
39.0,9,10,13,432
39.0,9,10,14,434
39.0,9,10,15,436
39.0,9,11,0,409
39.0,9,11,1,411
39.0,9,11,2,413
39.0,9,11,3,415
39.0,9,11,4,417
39.0,9,11,5,419
39.0,9,11,6,421
39.0,9,11,7,423
39.0,9,11,8,425
39.0,9,11,9,427
39.0,9,11,10,429
39.0,9,11,11,431
39.0,9,11,12,433
39.0,9,11,13,435
39.0,9,11,14,437
39.0,9,11,15,439
39.0,9,12,0,412
39.0,9,12,1,414
39.0,9,12,2,416
39.0,9,12,3,418
39.0,9,12,4,420
39.0,9,12,5,422
39.0,9,12,6,424
39.0,9,12,7,426
39.0,9,12,8,427
39.0,9,12,9,429
39.0,9,12,10,431
39.0,9,12,11,433
39.0,9,12,12,435
39.0,9,12,13,437
39.0,9,12,14,439
39.0,9,12,15,441
39.0,9,13,0,414
39.0,9,13,1,416
39.0,9,13,2,418
39.0,9,13,3,420
39.0,9,13,4,422
39.0,9,13,5,424
39.0,9,13,6,426
39.0,9,13,7,428
39.0,9,13,8,430
39.0,9,13,9,432
39.0,9,13,10,434
39.0,9,13,11,436
39.0,9,13,12,437
39.0,9,13,13,439
39.0,9,13,14,441
39.0,9,13,15,443
39.0,9,14,0,416
39.0,9,14,1,418
39.0,9,14,2,420
39.0,9,14,3,422
39.0,9,14,4,424
39.0,9,14,5,426
39.0,9,14,6,428
39.0,9,14,7,430
39.0,9,14,8,432
39.0,9,14,9,434
39.0,9,14,10,436
39.0,9,14,11,438
39.0,9,14,12,440
39.0,9,14,13,442
39.0,9,14,14,444
39.0,9,14,15,445
39.0,9,15,0,418
39.0,9,15,1,420
39.0,9,15,2,422
39.0,9,15,3,424
39.0,9,15,4,426
39.0,9,15,5,428
39.0,9,15,6,430
39.0,9,15,7,432
39.0,9,15,8,434
39.0,9,15,9,436
39.0,9,15,10,438
39.0,9,15,11,440
39.0,9,15,12,442
39.0,9,15,13,444
39.0,9,15,14,446
39.0,9,15,15,448
39.0,10,0,0,390
39.0,10,0,1,392
39.0,10,0,2,394
39.0,10,0,3,396
39.0,10,0,4,398
39.0,10,0,5,400
39.0,10,0,6,402
39.0,10,0,7,404
39.0,10,0,8,405
39.0,10,0,9,407
39.0,10,0,10,409
39.0,10,0,11,411
39.0,10,0,12,413
39.0,10,0,13,415
39.0,10,0,14,416
39.0,10,0,15,418
39.0,10,1,0,393
39.0,10,1,1,395
39.0,10,1,2,397
39.0,10,1,3,398
39.0,10,1,4,400
39.0,10,1,5,402
39.0,10,1,6,404
39.0,10,1,7,406
39.0,10,1,8,408
39.0,10,1,9,410
39.0,10,1,10,412
39.0,10,1,11,413
39.0,10,1,12,415
39.0,10,1,13,417
39.0,10,1,14,419
39.0,10,1,15,421
39.0,10,2,0,395
39.0,10,2,1,397
39.0,10,2,2,399
39.0,10,2,3,401
39.0,10,2,4,403
39.0,10,2,5,405
39.0,10,2,6,407
39.0,10,2,7,408
39.0,10,2,8,410
39.0,10,2,9,412
39.0,10,2,10,414
39.0,10,2,11,416
39.0,10,2,12,418
39.0,10,2,13,419
39.0,10,2,14,421
39.0,10,2,15,423
39.0,10,3,0,397
39.0,10,3,1,399
39.0,10,3,2,401
39.0,10,3,3,403
39.0,10,3,4,405
39.0,10,3,5,407
39.0,10,3,6,409
39.0,10,3,7,411
39.0,10,3,8,413
39.0,10,3,9,415
39.0,10,3,10,416
39.0,10,3,11,418
39.0,10,3,12,420
39.0,10,3,13,422
39.0,10,3,14,424
39.0,10,3,15,426
39.0,10,4,0,400
39.0,10,4,1,402
39.0,10,4,2,404
39.0,10,4,3,406
39.0,10,4,4,407
39.0,10,4,5,409
39.0,10,4,6,411
39.0,10,4,7,413
39.0,10,4,8,415
39.0,10,4,9,417
39.0,10,4,10,419
39.0,10,4,11,421
39.0,10,4,12,423
39.0,10,4,13,424
39.0,10,4,14,426
39.0,10,4,15,428
39.0,10,5,0,402
39.0,10,5,1,404
39.0,10,5,2,406
39.0,10,5,3,408
39.0,10,5,4,410
39.0,10,5,5,412
39.0,10,5,6,414
39.0,10,5,7,416
39.0,10,5,8,417
39.0,10,5,9,419
39.0,10,5,10,421
39.0,10,5,11,423
39.0,10,5,12,425
39.0,10,5,13,427
39.0,10,5,14,429
39.0,10,5,15,431
39.0,10,6,0,404
39.0,10,6,1,406
39.0,10,6,2,408
39.0,10,6,3,410
39.0,10,6,4,412
39.0,10,6,5,414
39.0,10,6,6,416
39.0,10,6,7,418
39.0,10,6,8,420
39.0,10,6,9,422
39.0,10,6,10,424
39.0,10,6,11,426
39.0,10,6,12,427
39.0,10,6,13,429
39.0,10,6,14,431
39.0,10,6,15,433
39.0,10,7,0,407
39.0,10,7,1,409
39.0,10,7,2,410
39.0,10,7,3,412
39.0,10,7,4,414
39.0,10,7,5,416
39.0,10,7,6,418
39.0,10,7,7,420
39.0,10,7,8,422
39.0,10,7,9,424
39.0,10,7,10,426
39.0,10,7,11,428
39.0,10,7,12,430
39.0,10,7,13,432
39.0,10,7,14,434
39.0,10,7,15,435
39.0,10,8,0,409
39.0,10,8,1,411
39.0,10,8,2,413
39.0,10,8,3,415
39.0,10,8,4,417
39.0,10,8,5,419
39.0,10,8,6,421
39.0,10,8,7,423
39.0,10,8,8,425
39.0,10,8,9,426
39.0,10,8,10,428
39.0,10,8,11,430
39.0,10,8,12,432
39.0,10,8,13,434
39.0,10,8,14,436
39.0,10,8,15,438
39.0,10,9,0,411
39.0,10,9,1,413
39.0,10,9,2,415
39.0,10,9,3,417
39.0,10,9,4,419
39.0,10,9,5,421
39.0,10,9,6,423
39.0,10,9,7,425
39.0,10,9,8,427
39.0,10,9,9,429
39.0,10,9,10,431
39.0,10,9,11,433
39.0,10,9,12,435
39.0,10,9,13,436
39.0,10,9,14,438
39.0,10,9,15,440
39.0,10,10,0,413
39.0,10,10,1,415
39.0,10,10,2,417
39.0,10,10,3,419
39.0,10,10,4,421
39.0,10,10,5,423
39.0,10,10,6,425
39.0,10,10,7,427
39.0,10,10,8,429
39.0,10,10,9,431
39.0,10,10,10,433
39.0,10,10,11,435
39.0,10,10,12,437
39.0,10,10,13,439
39.0,10,10,14,441
39.0,10,10,15,443
39.0,10,11,0,415
39.0,10,11,1,417
39.0,10,11,2,420
39.0,10,11,3,422
39.0,10,11,4,424
39.0,10,11,5,426
39.0,10,11,6,428
39.0,10,11,7,429
39.0,10,11,8,431
39.0,10,11,9,433
39.0,10,11,10,435
39.0,10,11,11,437
39.0,10,11,12,439
39.0,10,11,13,441
39.0,10,11,14,443
39.0,10,11,15,445
39.0,10,12,0,418
39.0,10,12,1,420
39.0,10,12,2,422
39.0,10,12,3,424
39.0,10,12,4,426
39.0,10,12,5,428
39.0,10,12,6,430
39.0,10,12,7,432
39.0,10,12,8,434
39.0,10,12,9,436
39.0,10,12,10,438
39.0,10,12,11,440
39.0,10,12,12,442
39.0,10,12,13,444
39.0,10,12,14,445
39.0,10,12,15,447
39.0,10,13,0,420
39.0,10,13,1,422
39.0,10,13,2,424
39.0,10,13,3,426
39.0,10,13,4,428
39.0,10,13,5,430
39.0,10,13,6,432
39.0,10,13,7,434
39.0,10,13,8,436
39.0,10,13,9,438
39.0,10,13,10,440
39.0,10,13,11,442
39.0,10,13,12,444
39.0,10,13,13,446
39.0,10,13,14,448
39.0,10,13,15,450
39.0,10,14,0,422
39.0,10,14,1,424
39.0,10,14,2,426
39.0,10,14,3,428
39.0,10,14,4,430
39.0,10,14,5,432
39.0,10,14,6,434
39.0,10,14,7,436
39.0,10,14,8,438
39.0,10,14,9,440
39.0,10,14,10,442
39.0,10,14,11,444
39.0,10,14,12,446
39.0,10,14,13,448
39.0,10,14,14,450
39.0,10,14,15,452
39.0,10,15,0,424
39.0,10,15,1,426
39.0,10,15,2,428
39.0,10,15,3,430
39.0,10,15,4,432
39.0,10,15,5,435
39.0,10,15,6,437
39.0,10,15,7,439
39.0,10,15,8,441
39.0,10,15,9,443
39.0,10,15,10,445
39.0,10,15,11,447
39.0,10,15,12,449
39.0,10,15,13,450
39.0,10,15,14,452
39.0,10,15,15,454
39.0,11,0,0,396
39.0,11,0,1,398
39.0,11,0,2,400
39.0,11,0,3,402
39.0,11,0,4,404
39.0,11,0,5,406
39.0,11,0,6,408
39.0,11,0,7,409
39.0,11,0,8,411
39.0,11,0,9,413
39.0,11,0,10,415
39.0,11,0,11,417
39.0,11,0,12,419
39.0,11,0,13,421
39.0,11,0,14,422
39.0,11,0,15,424
39.0,11,1,0,398
39.0,11,1,1,400
39.0,11,1,2,402
39.0,11,1,3,404
39.0,11,1,4,406
39.0,11,1,5,408
39.0,11,1,6,410
39.0,11,1,7,412
39.0,11,1,8,414
39.0,11,1,9,416
39.0,11,1,10,418
39.0,11,1,11,419
39.0,11,1,12,421
39.0,11,1,13,423
39.0,11,1,14,425
39.0,11,1,15,427
39.0,11,2,0,401
39.0,11,2,1,403
39.0,11,2,2,405
39.0,11,2,3,407
39.0,11,2,4,409
39.0,11,2,5,410
39.0,11,2,6,412
39.0,11,2,7,414
39.0,11,2,8,416
39.0,11,2,9,418
39.0,11,2,10,420
39.0,11,2,11,422
39.0,11,2,12,424
39.0,11,2,13,426
39.0,11,2,14,427
39.0,11,2,15,429
39.0,11,3,0,403
39.0,11,3,1,405
39.0,11,3,2,407
39.0,11,3,3,409
39.0,11,3,4,411
39.0,11,3,5,413
39.0,11,3,6,415
39.0,11,3,7,417
39.0,11,3,8,419
39.0,11,3,9,421
39.0,11,3,10,422
39.0,11,3,11,424
39.0,11,3,12,426
39.0,11,3,13,428
39.0,11,3,14,430
39.0,11,3,15,432
39.0,11,4,0,405
39.0,11,4,1,407
39.0,11,4,2,409
39.0,11,4,3,411
39.0,11,4,4,413
39.0,11,4,5,415
39.0,11,4,6,417
39.0,11,4,7,419
39.0,11,4,8,421
39.0,11,4,9,423
39.0,11,4,10,425
39.0,11,4,11,427
39.0,11,4,12,429
39.0,11,4,13,431
39.0,11,4,14,432
39.0,11,4,15,434
39.0,11,5,0,408
39.0,11,5,1,410
39.0,11,5,2,412
39.0,11,5,3,414
39.0,11,5,4,416
39.0,11,5,5,418
39.0,11,5,6,420
39.0,11,5,7,422
39.0,11,5,8,424
39.0,11,5,9,425
39.0,11,5,10,427
39.0,11,5,11,429
39.0,11,5,12,431
39.0,11,5,13,433
39.0,11,5,14,435
39.0,11,5,15,437
39.0,11,6,0,410
39.0,11,6,1,412
39.0,11,6,2,414
39.0,11,6,3,416
39.0,11,6,4,418
39.0,11,6,5,420
39.0,11,6,6,422
39.0,11,6,7,424
39.0,11,6,8,426
39.0,11,6,9,428
39.0,11,6,10,430
39.0,11,6,11,432
39.0,11,6,12,434
39.0,11,6,13,435
39.0,11,6,14,437
39.0,11,6,15,439
39.0,11,7,0,412
39.0,11,7,1,414
39.0,11,7,2,416
39.0,11,7,3,418
39.0,11,7,4,420
39.0,11,7,5,422
39.0,11,7,6,424
39.0,11,7,7,426
39.0,11,7,8,428
39.0,11,7,9,430
39.0,11,7,10,432
39.0,11,7,11,434
39.0,11,7,12,436
39.0,11,7,13,438
39.0,11,7,14,440
39.0,11,7,15,442
39.0,11,8,0,415
39.0,11,8,1,417
39.0,11,8,2,419
39.0,11,8,3,421
39.0,11,8,4,423
39.0,11,8,5,425
39.0,11,8,6,427
39.0,11,8,7,429
39.0,11,8,8,431
39.0,11,8,9,433
39.0,11,8,10,435
39.0,11,8,11,437
39.0,11,8,12,438
39.0,11,8,13,440
39.0,11,8,14,442
39.0,11,8,15,444
39.0,11,9,0,417
39.0,11,9,1,419
39.0,11,9,2,421
39.0,11,9,3,423
39.0,11,9,4,425
39.0,11,9,5,427
39.0,11,9,6,429
39.0,11,9,7,431
39.0,11,9,8,433
39.0,11,9,9,435
39.0,11,9,10,437
39.0,11,9,11,439
39.0,11,9,12,441
39.0,11,9,13,443
39.0,11,9,14,445
39.0,11,9,15,447
39.0,11,10,0,419
39.0,11,10,1,421
39.0,11,10,2,423
39.0,11,10,3,425
39.0,11,10,4,427
39.0,11,10,5,429
39.0,11,10,6,431
39.0,11,10,7,433
39.0,11,10,8,435
39.0,11,10,9,437
39.0,11,10,10,439
39.0,11,10,11,441
39.0,11,10,12,443
39.0,11,10,13,445
39.0,11,10,14,447
39.0,11,10,15,449
39.0,11,11,0,421
39.0,11,11,1,424
39.0,11,11,2,426
39.0,11,11,3,428
39.0,11,11,4,430
39.0,11,11,5,432
39.0,11,11,6,434
39.0,11,11,7,436
39.0,11,11,8,438
39.0,11,11,9,440
39.0,11,11,10,442
39.0,11,11,11,444
39.0,11,11,12,446
39.0,11,11,13,448
39.0,11,11,14,450
39.0,11,11,15,451
39.0,11,12,0,424
39.0,11,12,1,426
39.0,11,12,2,428
39.0,11,12,3,430
39.0,11,12,4,432
39.0,11,12,5,434
39.0,11,12,6,436
39.0,11,12,7,438
39.0,11,12,8,440
39.0,11,12,9,442
39.0,11,12,10,444
39.0,11,12,11,446
39.0,11,12,12,448
39.0,11,12,13,450
39.0,11,12,14,452
39.0,11,12,15,454
39.0,11,13,0,426
39.0,11,13,1,428
39.0,11,13,2,430
39.0,11,13,3,432
39.0,11,13,4,434
39.0,11,13,5,436
39.0,11,13,6,438
39.0,11,13,7,440
39.0,11,13,8,442
39.0,11,13,9,444
39.0,11,13,10,446
39.0,11,13,11,448
39.0,11,13,12,450
39.0,11,13,13,452
39.0,11,13,14,454
39.0,11,13,15,456
39.0,11,14,0,428
39.0,11,14,1,430
39.0,11,14,2,432
39.0,11,14,3,434
39.0,11,14,4,436
39.0,11,14,5,439
39.0,11,14,6,441
39.0,11,14,7,443
39.0,11,14,8,445
39.0,11,14,9,447
39.0,11,14,10,449
39.0,11,14,11,451
39.0,11,14,12,453
39.0,11,14,13,455
39.0,11,14,14,457
39.0,11,14,15,459
39.0,11,15,0,430
39.0,11,15,1,432
39.0,11,15,2,435
39.0,11,15,3,437
39.0,11,15,4,439
39.0,11,15,5,441
39.0,11,15,6,443
39.0,11,15,7,445
39.0,11,15,8,447
39.0,11,15,9,449
39.0,11,15,10,451
39.0,11,15,11,453
39.0,11,15,12,455
39.0,11,15,13,457
39.0,11,15,14,459
39.0,11,15,15,461
39.0,12,0,0,402
39.0,12,0,1,404
39.0,12,0,2,406
39.0,12,0,3,408
39.0,12,0,4,410
39.0,12,0,5,411
39.0,12,0,6,413
39.0,12,0,7,415
39.0,12,0,8,417
39.0,12,0,9,419
39.0,12,0,10,421
39.0,12,0,11,423
39.0,12,0,12,425
39.0,12,0,13,427
39.0,12,0,14,428
39.0,12,0,15,430
39.0,12,1,0,404
39.0,12,1,1,406
39.0,12,1,2,408
39.0,12,1,3,410
39.0,12,1,4,412
39.0,12,1,5,414
39.0,12,1,6,416
39.0,12,1,7,418
39.0,12,1,8,420
39.0,12,1,9,422
39.0,12,1,10,423
39.0,12,1,11,425
39.0,12,1,12,427
39.0,12,1,13,429
39.0,12,1,14,431
39.0,12,1,15,433
39.0,12,2,0,407
39.0,12,2,1,409
39.0,12,2,2,410
39.0,12,2,3,412
39.0,12,2,4,414
39.0,12,2,5,416
39.0,12,2,6,418
39.0,12,2,7,420
39.0,12,2,8,422
39.0,12,2,9,424
39.0,12,2,10,426
39.0,12,2,11,428
39.0,12,2,12,430
39.0,12,2,13,432
39.0,12,2,14,434
39.0,12,2,15,435
39.0,12,3,0,409
39.0,12,3,1,411
39.0,12,3,2,413
39.0,12,3,3,415
39.0,12,3,4,417
39.0,12,3,5,419
39.0,12,3,6,421
39.0,12,3,7,423
39.0,12,3,8,425
39.0,12,3,9,427
39.0,12,3,10,428
39.0,12,3,11,430
39.0,12,3,12,432
39.0,12,3,13,434
39.0,12,3,14,436
39.0,12,3,15,438
39.0,12,4,0,411
39.0,12,4,1,413
39.0,12,4,2,415
39.0,12,4,3,417
39.0,12,4,4,419
39.0,12,4,5,421
39.0,12,4,6,423
39.0,12,4,7,425
39.0,12,4,8,427
39.0,12,4,9,429
39.0,12,4,10,431
39.0,12,4,11,433
39.0,12,4,12,435
39.0,12,4,13,437
39.0,12,4,14,439
39.0,12,4,15,441
39.0,12,5,0,414
39.0,12,5,1,416
39.0,12,5,2,418
39.0,12,5,3,420
39.0,12,5,4,422
39.0,12,5,5,424
39.0,12,5,6,426
39.0,12,5,7,428
39.0,12,5,8,430
39.0,12,5,9,432
39.0,12,5,10,433
39.0,12,5,11,435
39.0,12,5,12,437
39.0,12,5,13,439
39.0,12,5,14,441
39.0,12,5,15,443
39.0,12,6,0,416
39.0,12,6,1,418
39.0,12,6,2,420
39.0,12,6,3,422
39.0,12,6,4,424
39.0,12,6,5,426
39.0,12,6,6,428
39.0,12,6,7,430
39.0,12,6,8,432
39.0,12,6,9,434
39.0,12,6,10,436
39.0,12,6,11,438
39.0,12,6,12,440
39.0,12,6,13,442
39.0,12,6,14,444
39.0,12,6,15,446
39.0,12,7,0,418
39.0,12,7,1,420
39.0,12,7,2,422
39.0,12,7,3,424
39.0,12,7,4,426
39.0,12,7,5,428
39.0,12,7,6,430
39.0,12,7,7,432
39.0,12,7,8,434
39.0,12,7,9,436
39.0,12,7,10,438
39.0,12,7,11,440
39.0,12,7,12,442
39.0,12,7,13,444
39.0,12,7,14,446
39.0,12,7,15,448
39.0,12,8,0,421
39.0,12,8,1,423
39.0,12,8,2,425
39.0,12,8,3,427
39.0,12,8,4,429
39.0,12,8,5,431
39.0,12,8,6,433
39.0,12,8,7,435
39.0,12,8,8,437
39.0,12,8,9,439
39.0,12,8,10,441
39.0,12,8,11,443
39.0,12,8,12,445
39.0,12,8,13,447
39.0,12,8,14,449
39.0,12,8,15,451
39.0,12,9,0,423
39.0,12,9,1,425
39.0,12,9,2,427
39.0,12,9,3,429
39.0,12,9,4,431
39.0,12,9,5,433
39.0,12,9,6,435
39.0,12,9,7,437
39.0,12,9,8,439
39.0,12,9,9,441
39.0,12,9,10,443
39.0,12,9,11,445
39.0,12,9,12,447
39.0,12,9,13,449
39.0,12,9,14,451
39.0,12,9,15,453
39.0,12,10,0,425
39.0,12,10,1,427
39.0,12,10,2,429
39.0,12,10,3,431
39.0,12,10,4,434
39.0,12,10,5,436
39.0,12,10,6,438
39.0,12,10,7,440
39.0,12,10,8,442
39.0,12,10,9,444
39.0,12,10,10,446
39.0,12,10,11,448
39.0,12,10,12,450
39.0,12,10,13,452
39.0,12,10,14,454
39.0,12,10,15,455
39.0,12,11,0,428
39.0,12,11,1,430
39.0,12,11,2,432
39.0,12,11,3,434
39.0,12,11,4,436
39.0,12,11,5,438
39.0,12,11,6,440
39.0,12,11,7,442
39.0,12,11,8,444
39.0,12,11,9,446
39.0,12,11,10,448
39.0,12,11,11,450
39.0,12,11,12,452
39.0,12,11,13,454
39.0,12,11,14,456
39.0,12,11,15,458
39.0,12,12,0,430
39.0,12,12,1,432
39.0,12,12,2,434
39.0,12,12,3,436
39.0,12,12,4,438
39.0,12,12,5,440
39.0,12,12,6,442
39.0,12,12,7,444
39.0,12,12,8,446
39.0,12,12,9,448
39.0,12,12,10,450
39.0,12,12,11,452
39.0,12,12,12,454
39.0,12,12,13,456
39.0,12,12,14,458
39.0,12,12,15,460
39.0,12,13,0,432
39.0,12,13,1,434
39.0,12,13,2,436
39.0,12,13,3,438
39.0,12,13,4,440
39.0,12,13,5,443
39.0,12,13,6,445
39.0,12,13,7,447
39.0,12,13,8,449
39.0,12,13,9,451
39.0,12,13,10,453
39.0,12,13,11,455
39.0,12,13,12,457
39.0,12,13,13,459
39.0,12,13,14,461
39.0,12,13,15,463
39.0,12,14,0,434
39.0,12,14,1,436
39.0,12,14,2,439
39.0,12,14,3,441
39.0,12,14,4,443
39.0,12,14,5,445
39.0,12,14,6,447
39.0,12,14,7,449
39.0,12,14,8,451
39.0,12,14,9,453
39.0,12,14,10,455
39.0,12,14,11,457
39.0,12,14,12,459
39.0,12,14,13,461
39.0,12,14,14,463
39.0,12,14,15,465
39.0,12,15,0,437
39.0,12,15,1,439
39.0,12,15,2,441
39.0,12,15,3,443
39.0,12,15,4,445
39.0,12,15,5,447
39.0,12,15,6,449
39.0,12,15,7,451
39.0,12,15,8,453
39.0,12,15,9,455
39.0,12,15,10,457
39.0,12,15,11,459
39.0,12,15,12,462
39.0,12,15,13,464
39.0,12,15,14,466
39.0,12,15,15,468
39.0,13,0,0,407
39.0,13,0,1,409
39.0,13,0,2,411
39.0,13,0,3,413
39.0,13,0,4,415
39.0,13,0,5,417
39.0,13,0,6,419
39.0,13,0,7,421
39.0,13,0,8,423
39.0,13,0,9,425
39.0,13,0,10,427
39.0,13,0,11,429
39.0,13,0,12,431
39.0,13,0,13,433
39.0,13,0,14,434
39.0,13,0,15,436
39.0,13,1,0,410
39.0,13,1,1,412
39.0,13,1,2,414
39.0,13,1,3,416
39.0,13,1,4,418
39.0,13,1,5,420
39.0,13,1,6,422
39.0,13,1,7,424
39.0,13,1,8,426
39.0,13,1,9,428
39.0,13,1,10,429
39.0,13,1,11,431
39.0,13,1,12,433
39.0,13,1,13,435
39.0,13,1,14,437
39.0,13,1,15,439
39.0,13,2,0,412
39.0,13,2,1,414
39.0,13,2,2,416
39.0,13,2,3,418
39.0,13,2,4,420
39.0,13,2,5,422
39.0,13,2,6,424
39.0,13,2,7,426
39.0,13,2,8,428
39.0,13,2,9,430
39.0,13,2,10,432
39.0,13,2,11,434
39.0,13,2,12,436
39.0,13,2,13,438
39.0,13,2,14,440
39.0,13,2,15,442
39.0,13,3,0,415
39.0,13,3,1,417
39.0,13,3,2,419
39.0,13,3,3,421
39.0,13,3,4,423
39.0,13,3,5,425
39.0,13,3,6,427
39.0,13,3,7,429
39.0,13,3,8,431
39.0,13,3,9,433
39.0,13,3,10,435
39.0,13,3,11,436
39.0,13,3,12,438
39.0,13,3,13,440
39.0,13,3,14,442
39.0,13,3,15,444
39.0,13,4,0,417
39.0,13,4,1,419
39.0,13,4,2,421
39.0,13,4,3,423
39.0,13,4,4,425
39.0,13,4,5,427
39.0,13,4,6,429
39.0,13,4,7,431
39.0,13,4,8,433
39.0,13,4,9,435
39.0,13,4,10,437
39.0,13,4,11,439
39.0,13,4,12,441
39.0,13,4,13,443
39.0,13,4,14,445
39.0,13,4,15,447
39.0,13,5,0,419
39.0,13,5,1,422
39.0,13,5,2,424
39.0,13,5,3,426
39.0,13,5,4,428
39.0,13,5,5,430
39.0,13,5,6,432
39.0,13,5,7,434
39.0,13,5,8,436
39.0,13,5,9,438
39.0,13,5,10,440
39.0,13,5,11,442
39.0,13,5,12,443
39.0,13,5,13,445
39.0,13,5,14,447
39.0,13,5,15,449
39.0,13,6,0,422
39.0,13,6,1,424
39.0,13,6,2,426
39.0,13,6,3,428
39.0,13,6,4,430
39.0,13,6,5,432
39.0,13,6,6,434
39.0,13,6,7,436
39.0,13,6,8,438
39.0,13,6,9,440
39.0,13,6,10,442
39.0,13,6,11,444
39.0,13,6,12,446
39.0,13,6,13,448
39.0,13,6,14,450
39.0,13,6,15,452
39.0,13,7,0,424
39.0,13,7,1,426
39.0,13,7,2,428
39.0,13,7,3,430
39.0,13,7,4,432
39.0,13,7,5,434
39.0,13,7,6,437
39.0,13,7,7,439
39.0,13,7,8,441
39.0,13,7,9,443
39.0,13,7,10,445
39.0,13,7,11,447
39.0,13,7,12,448
39.0,13,7,13,450
39.0,13,7,14,452
39.0,13,7,15,454
39.0,13,8,0,427
39.0,13,8,1,429
39.0,13,8,2,431
39.0,13,8,3,433
39.0,13,8,4,435
39.0,13,8,5,437
39.0,13,8,6,439
39.0,13,8,7,441
39.0,13,8,8,443
39.0,13,8,9,445
39.0,13,8,10,447
39.0,13,8,11,449
39.0,13,8,12,451
39.0,13,8,13,453
39.0,13,8,14,455
39.0,13,8,15,457
39.0,13,9,0,429
39.0,13,9,1,431
39.0,13,9,2,433
39.0,13,9,3,435
39.0,13,9,4,437
39.0,13,9,5,439
39.0,13,9,6,441
39.0,13,9,7,443
39.0,13,9,8,445
39.0,13,9,9,447
39.0,13,9,10,449
39.0,13,9,11,451
39.0,13,9,12,453
39.0,13,9,13,455
39.0,13,9,14,457
39.0,13,9,15,459
39.0,13,10,0,431
39.0,13,10,1,433
39.0,13,10,2,435
39.0,13,10,3,438
39.0,13,10,4,440
39.0,13,10,5,442
39.0,13,10,6,444
39.0,13,10,7,446
39.0,13,10,8,448
39.0,13,10,9,450
39.0,13,10,10,452
39.0,13,10,11,454
39.0,13,10,12,456
39.0,13,10,13,458
39.0,13,10,14,460
39.0,13,10,15,462
39.0,13,11,0,434
39.0,13,11,1,436
39.0,13,11,2,438
39.0,13,11,3,440
39.0,13,11,4,442
39.0,13,11,5,444
39.0,13,11,6,446
39.0,13,11,7,448
39.0,13,11,8,450
39.0,13,11,9,452
39.0,13,11,10,454
39.0,13,11,11,456
39.0,13,11,12,458
39.0,13,11,13,460
39.0,13,11,14,462
39.0,13,11,15,464
39.0,13,12,0,436
39.0,13,12,1,438
39.0,13,12,2,440
39.0,13,12,3,442
39.0,13,12,4,444
39.0,13,12,5,446
39.0,13,12,6,448
39.0,13,12,7,451
39.0,13,12,8,453
39.0,13,12,9,455
39.0,13,12,10,457
39.0,13,12,11,459
39.0,13,12,12,461
39.0,13,12,13,463
39.0,13,12,14,465
39.0,13,12,15,467
39.0,13,13,0,438
39.0,13,13,1,440
39.0,13,13,2,442
39.0,13,13,3,445
39.0,13,13,4,447
39.0,13,13,5,449
39.0,13,13,6,451
39.0,13,13,7,453
39.0,13,13,8,455
39.0,13,13,9,457
39.0,13,13,10,459
39.0,13,13,11,461
39.0,13,13,12,463
39.0,13,13,13,465
39.0,13,13,14,467
39.0,13,13,15,469
39.0,13,14,0,440
39.0,13,14,1,443
39.0,13,14,2,445
39.0,13,14,3,447
39.0,13,14,4,449
39.0,13,14,5,451
39.0,13,14,6,453
39.0,13,14,7,455
39.0,13,14,8,457
39.0,13,14,9,459
39.0,13,14,10,462
39.0,13,14,11,464
39.0,13,14,12,466
39.0,13,14,13,468
39.0,13,14,14,470
39.0,13,14,15,472
39.0,13,15,0,443
39.0,13,15,1,445
39.0,13,15,2,447
39.0,13,15,3,449
39.0,13,15,4,451
39.0,13,15,5,453
39.0,13,15,6,456
39.0,13,15,7,458
39.0,13,15,8,460
39.0,13,15,9,462
39.0,13,15,10,464
39.0,13,15,11,466
39.0,13,15,12,468
39.0,13,15,13,470
39.0,13,15,14,472
39.0,13,15,15,474
39.0,14,0,0,413
39.0,14,0,1,415
39.0,14,0,2,417
39.0,14,0,3,419
39.0,14,0,4,421
39.0,14,0,5,423
39.0,14,0,6,425
39.0,14,0,7,427
39.0,14,0,8,429
39.0,14,0,9,431
39.0,14,0,10,433
39.0,14,0,11,435
39.0,14,0,12,437
39.0,14,0,13,439
39.0,14,0,14,440
39.0,14,0,15,442
39.0,14,1,0,416
39.0,14,1,1,418
39.0,14,1,2,420
39.0,14,1,3,422
39.0,14,1,4,424
39.0,14,1,5,426
39.0,14,1,6,428
39.0,14,1,7,430
39.0,14,1,8,432
39.0,14,1,9,433
39.0,14,1,10,435
39.0,14,1,11,437
39.0,14,1,12,439
39.0,14,1,13,441
39.0,14,1,14,443
39.0,14,1,15,445
39.0,14,2,0,418
39.0,14,2,1,420
39.0,14,2,2,422
39.0,14,2,3,424
39.0,14,2,4,426
39.0,14,2,5,428
39.0,14,2,6,430
39.0,14,2,7,432
39.0,14,2,8,434
39.0,14,2,9,436
39.0,14,2,10,438
39.0,14,2,11,440
39.0,14,2,12,442
39.0,14,2,13,444
39.0,14,2,14,446
39.0,14,2,15,448
39.0,14,3,0,420
39.0,14,3,1,422
39.0,14,3,2,425
39.0,14,3,3,427
39.0,14,3,4,429
39.0,14,3,5,431
39.0,14,3,6,433
39.0,14,3,7,435
39.0,14,3,8,437
39.0,14,3,9,439
39.0,14,3,10,441
39.0,14,3,11,443
39.0,14,3,12,445
39.0,14,3,13,446
39.0,14,3,14,448
39.0,14,3,15,450
39.0,14,4,0,423
39.0,14,4,1,425
39.0,14,4,2,427
39.0,14,4,3,429
39.0,14,4,4,431
39.0,14,4,5,433
39.0,14,4,6,435
39.0,14,4,7,437
39.0,14,4,8,439
39.0,14,4,9,441
39.0,14,4,10,443
39.0,14,4,11,445
39.0,14,4,12,447
39.0,14,4,13,449
39.0,14,4,14,451
39.0,14,4,15,453
39.0,14,5,0,425
39.0,14,5,1,427
39.0,14,5,2,429
39.0,14,5,3,432
39.0,14,5,4,434
39.0,14,5,5,436
39.0,14,5,6,438
39.0,14,5,7,440
39.0,14,5,8,442
39.0,14,5,9,444
39.0,14,5,10,446
39.0,14,5,11,448
39.0,14,5,12,450
39.0,14,5,13,452
39.0,14,5,14,454
39.0,14,5,15,456
39.0,14,6,0,428
39.0,14,6,1,430
39.0,14,6,2,432
39.0,14,6,3,434
39.0,14,6,4,436
39.0,14,6,5,438
39.0,14,6,6,440
39.0,14,6,7,442
39.0,14,6,8,444
39.0,14,6,9,446
39.0,14,6,10,448
39.0,14,6,11,450
39.0,14,6,12,452
39.0,14,6,13,454
39.0,14,6,14,456
39.0,14,6,15,458
39.0,14,7,0,430
39.0,14,7,1,432
39.0,14,7,2,434
39.0,14,7,3,436
39.0,14,7,4,438
39.0,14,7,5,441
39.0,14,7,6,443
39.0,14,7,7,445
39.0,14,7,8,447
39.0,14,7,9,449
39.0,14,7,10,451
39.0,14,7,11,453
39.0,14,7,12,455
39.0,14,7,13,457
39.0,14,7,14,459
39.0,14,7,15,461
39.0,14,8,0,432
39.0,14,8,1,435
39.0,14,8,2,437
39.0,14,8,3,439
39.0,14,8,4,441
39.0,14,8,5,443
39.0,14,8,6,445
39.0,14,8,7,447
39.0,14,8,8,449
39.0,14,8,9,451
39.0,14,8,10,453
39.0,14,8,11,455
39.0,14,8,12,457
39.0,14,8,13,459
39.0,14,8,14,461
39.0,14,8,15,463
39.0,14,9,0,435
39.0,14,9,1,437
39.0,14,9,2,439
39.0,14,9,3,441
39.0,14,9,4,443
39.0,14,9,5,445
39.0,14,9,6,447
39.0,14,9,7,450
39.0,14,9,8,452
39.0,14,9,9,454
39.0,14,9,10,456
39.0,14,9,11,458
39.0,14,9,12,460
39.0,14,9,13,462
39.0,14,9,14,464
39.0,14,9,15,466
39.0,14,10,0,437
39.0,14,10,1,439
39.0,14,10,2,441
39.0,14,10,3,444
39.0,14,10,4,446
39.0,14,10,5,448
39.0,14,10,6,450
39.0,14,10,7,452
39.0,14,10,8,454
39.0,14,10,9,456
39.0,14,10,10,458
39.0,14,10,11,460
39.0,14,10,12,462
39.0,14,10,13,464
39.0,14,10,14,466
39.0,14,10,15,468
39.0,14,11,0,440
39.0,14,11,1,442
39.0,14,11,2,444
39.0,14,11,3,446
39.0,14,11,4,448
39.0,14,11,5,450
39.0,14,11,6,452
39.0,14,11,7,454
39.0,14,11,8,457
39.0,14,11,9,459
39.0,14,11,10,461
39.0,14,11,11,463
39.0,14,11,12,465
39.0,14,11,13,467
39.0,14,11,14,469
39.0,14,11,15,471
39.0,14,12,0,442
39.0,14,12,1,444
39.0,14,12,2,446
39.0,14,12,3,448
39.0,14,12,4,450
39.0,14,12,5,453
39.0,14,12,6,455
39.0,14,12,7,457
39.0,14,12,8,459
39.0,14,12,9,461
39.0,14,12,10,463
39.0,14,12,11,465
39.0,14,12,12,467
39.0,14,12,13,469
39.0,14,12,14,471
39.0,14,12,15,473
39.0,14,13,0,444
39.0,14,13,1,446
39.0,14,13,2,449
39.0,14,13,3,451
39.0,14,13,4,453
39.0,14,13,5,455
39.0,14,13,6,457
39.0,14,13,7,459
39.0,14,13,8,461
39.0,14,13,9,463
39.0,14,13,10,466
39.0,14,13,11,468
39.0,14,13,12,470
39.0,14,13,13,472
39.0,14,13,14,474
39.0,14,13,15,476
39.0,14,14,0,447
39.0,14,14,1,449
39.0,14,14,2,451
39.0,14,14,3,453
39.0,14,14,4,455
39.0,14,14,5,457
39.0,14,14,6,460
39.0,14,14,7,462
39.0,14,14,8,464
39.0,14,14,9,466
39.0,14,14,10,468
39.0,14,14,11,470
39.0,14,14,12,472
39.0,14,14,13,474
39.0,14,14,14,476
39.0,14,14,15,478
39.0,14,15,0,449
39.0,14,15,1,451
39.0,14,15,2,453
39.0,14,15,3,455
39.0,14,15,4,458
39.0,14,15,5,460
39.0,14,15,6,462
39.0,14,15,7,464
39.0,14,15,8,466
39.0,14,15,9,468
39.0,14,15,10,470
39.0,14,15,11,472
39.0,14,15,12,475
39.0,14,15,13,477
39.0,14,15,14,479
39.0,14,15,15,481
39.0,15,0,0,419
39.0,15,0,1,421
39.0,15,0,2,423
39.0,15,0,3,425
39.0,15,0,4,427
39.0,15,0,5,429
39.0,15,0,6,431
39.0,15,0,7,433
39.0,15,0,8,435
39.0,15,0,9,437
39.0,15,0,10,439
39.0,15,0,11,441
39.0,15,0,12,443
39.0,15,0,13,445
39.0,15,0,14,447
39.0,15,0,15,448
39.0,15,1,0,421
39.0,15,1,1,423
39.0,15,1,2,425
39.0,15,1,3,427
39.0,15,1,4,429
39.0,15,1,5,431
39.0,15,1,6,433
39.0,15,1,7,435
39.0,15,1,8,437
39.0,15,1,9,439
39.0,15,1,10,441
39.0,15,1,11,443
39.0,15,1,12,445
39.0,15,1,13,447
39.0,15,1,14,449
39.0,15,1,15,451
39.0,15,2,0,424
39.0,15,2,1,426
39.0,15,2,2,428
39.0,15,2,3,430
39.0,15,2,4,432
39.0,15,2,5,434
39.0,15,2,6,436
39.0,15,2,7,438
39.0,15,2,8,440
39.0,15,2,9,442
39.0,15,2,10,444
39.0,15,2,11,446
39.0,15,2,12,448
39.0,15,2,13,450
39.0,15,2,14,452
39.0,15,2,15,454
39.0,15,3,0,426
39.0,15,3,1,428
39.0,15,3,2,430
39.0,15,3,3,432
39.0,15,3,4,434
39.0,15,3,5,437
39.0,15,3,6,439
39.0,15,3,7,441
39.0,15,3,8,443
39.0,15,3,9,445
39.0,15,3,10,447
39.0,15,3,11,449
39.0,15,3,12,451
39.0,15,3,13,453
39.0,15,3,14,455
39.0,15,3,15,456
39.0,15,4,0,429
39.0,15,4,1,431
39.0,15,4,2,433
39.0,15,4,3,435
39.0,15,4,4,437
39.0,15,4,5,439
39.0,15,4,6,441
39.0,15,4,7,443
39.0,15,4,8,445
39.0,15,4,9,447
39.0,15,4,10,449
39.0,15,4,11,451
39.0,15,4,12,453
39.0,15,4,13,455
39.0,15,4,14,457
39.0,15,4,15,459
39.0,15,5,0,431
39.0,15,5,1,433
39.0,15,5,2,435
39.0,15,5,3,437
39.0,15,5,4,440
39.0,15,5,5,442
39.0,15,5,6,444
39.0,15,5,7,446
39.0,15,5,8,448
39.0,15,5,9,450
39.0,15,5,10,452
39.0,15,5,11,454
39.0,15,5,12,456
39.0,15,5,13,458
39.0,15,5,14,460
39.0,15,5,15,462
39.0,15,6,0,434
39.0,15,6,1,436
39.0,15,6,2,438
39.0,15,6,3,440
39.0,15,6,4,442
39.0,15,6,5,444
39.0,15,6,6,446
39.0,15,6,7,448
39.0,15,6,8,450
39.0,15,6,9,452
39.0,15,6,10,454
39.0,15,6,11,456
39.0,15,6,12,458
39.0,15,6,13,460
39.0,15,6,14,462
39.0,15,6,15,464
39.0,15,7,0,436
39.0,15,7,1,438
39.0,15,7,2,440
39.0,15,7,3,442
39.0,15,7,4,444
39.0,15,7,5,447
39.0,15,7,6,449
39.0,15,7,7,451
39.0,15,7,8,453
39.0,15,7,9,455
39.0,15,7,10,457
39.0,15,7,11,459
39.0,15,7,12,461
39.0,15,7,13,463
39.0,15,7,14,465
39.0,15,7,15,467
39.0,15,8,0,438
39.0,15,8,1,441
39.0,15,8,2,443
39.0,15,8,3,445
39.0,15,8,4,447
39.0,15,8,5,449
39.0,15,8,6,451
39.0,15,8,7,453
39.0,15,8,8,455
39.0,15,8,9,457
39.0,15,8,10,459
39.0,15,8,11,461
39.0,15,8,12,464
39.0,15,8,13,466
39.0,15,8,14,468
39.0,15,8,15,470
39.0,15,9,0,441
39.0,15,9,1,443
39.0,15,9,2,445
39.0,15,9,3,447
39.0,15,9,4,449
39.0,15,9,5,452
39.0,15,9,6,454
39.0,15,9,7,456
39.0,15,9,8,458
39.0,15,9,9,460
39.0,15,9,10,462
39.0,15,9,11,464
39.0,15,9,12,466
39.0,15,9,13,468
39.0,15,9,14,470
39.0,15,9,15,472
39.0,15,10,0,443
39.0,15,10,1,445
39.0,15,10,2,448
39.0,15,10,3,450
39.0,15,10,4,452
39.0,15,10,5,454
39.0,15,10,6,456
39.0,15,10,7,458
39.0,15,10,8,460
39.0,15,10,9,462
39.0,15,10,10,464
39.0,15,10,11,467
39.0,15,10,12,469
39.0,15,10,13,471
39.0,15,10,14,473
39.0,15,10,15,475
39.0,15,11,0,446
39.0,15,11,1,448
39.0,15,11,2,450
39.0,15,11,3,452
39.0,15,11,4,454
39.0,15,11,5,456
39.0,15,11,6,459
39.0,15,11,7,461
39.0,15,11,8,463
39.0,15,11,9,465
39.0,15,11,10,467
39.0,15,11,11,469
39.0,15,11,12,471
39.0,15,11,13,473
39.0,15,11,14,475
39.0,15,11,15,477
39.0,15,12,0,448
39.0,15,12,1,450
39.0,15,12,2,452
39.0,15,12,3,455
39.0,15,12,4,457
39.0,15,12,5,459
39.0,15,12,6,461
39.0,15,12,7,463
39.0,15,12,8,465
39.0,15,12,9,467
39.0,15,12,10,469
39.0,15,12,11,472
39.0,15,12,12,474
39.0,15,12,13,476
39.0,15,12,14,478
39.0,15,12,15,480
39.0,15,13,0,450
39.0,15,13,1,453
39.0,15,13,2,455
39.0,15,13,3,457
39.0,15,13,4,459
39.0,15,13,5,461
39.0,15,13,6,463
39.0,15,13,7,466
39.0,15,13,8,468
39.0,15,13,9,470
39.0,15,13,10,472
39.0,15,13,11,474
39.0,15,13,12,476
39.0,15,13,13,478
39.0,15,13,14,480
39.0,15,13,15,482
39.0,15,14,0,453
39.0,15,14,1,455
39.0,15,14,2,457
39.0,15,14,3,459
39.0,15,14,4,461
39.0,15,14,5,464
39.0,15,14,6,466
39.0,15,14,7,468
39.0,15,14,8,470
39.0,15,14,9,472
39.0,15,14,10,474
39.0,15,14,11,476
39.0,15,14,12,479
39.0,15,14,13,481
39.0,15,14,14,483
39.0,15,14,15,485
39.0,15,15,0,455
39.0,15,15,1,457
39.0,15,15,2,459
39.0,15,15,3,462
39.0,15,15,4,464
39.0,15,15,5,466
39.0,15,15,6,468
39.0,15,15,7,470
39.0,15,15,8,473
39.0,15,15,9,475
39.0,15,15,10,477
39.0,15,15,11,479
39.0,15,15,12,481
39.0,15,15,13,483
39.0,15,15,14,485
39.0,15,15,15,487
39.5,0,0,0,336
39.5,0,0,1,338
39.5,0,0,2,339
39.5,0,0,3,341
39.5,0,0,4,343
39.5,0,0,5,344
39.5,0,0,6,346
39.5,0,0,7,347
39.5,0,0,8,349
39.5,0,0,9,351
39.5,0,0,10,352
39.5,0,0,11,354
39.5,0,0,12,355
39.5,0,0,13,357
39.5,0,0,14,358
39.5,0,0,15,360
39.5,0,1,0,338
39.5,0,1,1,340
39.5,0,1,2,341
39.5,0,1,3,343
39.5,0,1,4,345
39.5,0,1,5,346
39.5,0,1,6,348
39.5,0,1,7,350
39.5,0,1,8,351
39.5,0,1,9,353
39.5,0,1,10,354
39.5,0,1,11,356
39.5,0,1,12,358
39.5,0,1,13,359
39.5,0,1,14,361
39.5,0,1,15,362
39.5,0,2,0,340
39.5,0,2,1,342
39.5,0,2,2,343
39.5,0,2,3,345
39.5,0,2,4,347
39.5,0,2,5,348
39.5,0,2,6,350
39.5,0,2,7,352
39.5,0,2,8,353
39.5,0,2,9,355
39.5,0,2,10,356
39.5,0,2,11,358
39.5,0,2,12,360
39.5,0,2,13,361
39.5,0,2,14,363
39.5,0,2,15,364
39.5,0,3,0,342
39.5,0,3,1,344
39.5,0,3,2,346
39.5,0,3,3,347
39.5,0,3,4,349
39.5,0,3,5,350
39.5,0,3,6,352
39.5,0,3,7,354
39.5,0,3,8,355
39.5,0,3,9,357
39.5,0,3,10,359
39.5,0,3,11,360
39.5,0,3,12,362
39.5,0,3,13,363
39.5,0,3,14,365
39.5,0,3,15,367
39.5,0,4,0,344
39.5,0,4,1,346
39.5,0,4,2,348
39.5,0,4,3,349
39.5,0,4,4,351
39.5,0,4,5,353
39.5,0,4,6,354
39.5,0,4,7,356
39.5,0,4,8,357
39.5,0,4,9,359
39.5,0,4,10,361
39.5,0,4,11,362
39.5,0,4,12,364
39.5,0,4,13,365
39.5,0,4,14,367
39.5,0,4,15,369
39.5,0,5,0,346
39.5,0,5,1,348
39.5,0,5,2,350
39.5,0,5,3,351
39.5,0,5,4,353
39.5,0,5,5,355
39.5,0,5,6,356
39.5,0,5,7,358
39.5,0,5,8,359
39.5,0,5,9,361
39.5,0,5,10,363
39.5,0,5,11,364
39.5,0,5,12,366
39.5,0,5,13,368
39.5,0,5,14,369
39.5,0,5,15,371
39.5,0,6,0,348
39.5,0,6,1,350
39.5,0,6,2,351
39.5,0,6,3,353
39.5,0,6,4,355
39.5,0,6,5,357
39.5,0,6,6,358
39.5,0,6,7,360
39.5,0,6,8,362
39.5,0,6,9,363
39.5,0,6,10,365
39.5,0,6,11,366
39.5,0,6,12,368
39.5,0,6,13,370
39.5,0,6,14,371
39.5,0,6,15,373
39.5,0,7,0,350
39.5,0,7,1,352
39.5,0,7,2,353
39.5,0,7,3,355
39.5,0,7,4,357
39.5,0,7,5,359
39.5,0,7,6,360
39.5,0,7,7,362
39.5,0,7,8,364
39.5,0,7,9,365
39.5,0,7,10,367
39.5,0,7,11,368
39.5,0,7,12,370
39.5,0,7,13,372
39.5,0,7,14,373
39.5,0,7,15,375
39.5,0,8,0,352
39.5,0,8,1,354
39.5,0,8,2,355
39.5,0,8,3,357
39.5,0,8,4,359
39.5,0,8,5,361
39.5,0,8,6,362
39.5,0,8,7,364
39.5,0,8,8,366
39.5,0,8,9,367
39.5,0,8,10,369
39.5,0,8,11,371
39.5,0,8,12,372
39.5,0,8,13,374
39.5,0,8,14,375
39.5,0,8,15,377
39.5,0,9,0,354
39.5,0,9,1,356
39.5,0,9,2,357
39.5,0,9,3,359
39.5,0,9,4,361
39.5,0,9,5,363
39.5,0,9,6,364
39.5,0,9,7,366
39.5,0,9,8,368
39.5,0,9,9,369
39.5,0,9,10,371
39.5,0,9,11,373
39.5,0,9,12,374
39.5,0,9,13,376
39.5,0,9,14,377
39.5,0,9,15,379
39.5,0,10,0,356
39.5,0,10,1,358
39.5,0,10,2,359
39.5,0,10,3,361
39.5,0,10,4,363
39.5,0,10,5,364
39.5,0,10,6,366
39.5,0,10,7,368
39.5,0,10,8,370
39.5,0,10,9,371
39.5,0,10,10,373
39.5,0,10,11,375
39.5,0,10,12,376
39.5,0,10,13,378
39.5,0,10,14,380
39.5,0,10,15,381
39.5,0,11,0,358
39.5,0,11,1,360
39.5,0,11,2,361
39.5,0,11,3,363
39.5,0,11,4,365
39.5,0,11,5,366
39.5,0,11,6,368
39.5,0,11,7,370
39.5,0,11,8,372
39.5,0,11,9,373
39.5,0,11,10,375
39.5,0,11,11,377
39.5,0,11,12,378
39.5,0,11,13,380
39.5,0,11,14,382
39.5,0,11,15,383
39.5,0,12,0,360
39.5,0,12,1,361
39.5,0,12,2,363
39.5,0,12,3,365
39.5,0,12,4,367
39.5,0,12,5,368
39.5,0,12,6,370
39.5,0,12,7,372
39.5,0,12,8,374
39.5,0,12,9,375
39.5,0,12,10,377
39.5,0,12,11,379
39.5,0,12,12,380
39.5,0,12,13,382
39.5,0,12,14,384
39.5,0,12,15,385
39.5,0,13,0,362
39.5,0,13,1,363
39.5,0,13,2,365
39.5,0,13,3,367
39.5,0,13,4,369
39.5,0,13,5,370
39.5,0,13,6,372
39.5,0,13,7,374
39.5,0,13,8,375
39.5,0,13,9,377
39.5,0,13,10,379
39.5,0,13,11,381
39.5,0,13,12,382
39.5,0,13,13,384
39.5,0,13,14,386
39.5,0,13,15,387
39.5,0,14,0,363
39.5,0,14,1,365
39.5,0,14,2,367
39.5,0,14,3,369
39.5,0,14,4,370
39.5,0,14,5,372
39.5,0,14,6,374
39.5,0,14,7,376
39.5,0,14,8,377
39.5,0,14,9,379
39.5,0,14,10,381
39.5,0,14,11,383
39.5,0,14,12,384
39.5,0,14,13,386
39.5,0,14,14,388
39.5,0,14,15,389
39.5,0,15,0,365
39.5,0,15,1,367
39.5,0,15,2,369
39.5,0,15,3,371
39.5,0,15,4,372
39.5,0,15,5,374
39.5,0,15,6,376
39.5,0,15,7,378
39.5,0,15,8,379
39.5,0,15,9,381
39.5,0,15,10,383
39.5,0,15,11,385
39.5,0,15,12,386
39.5,0,15,13,388
39.5,0,15,14,390
39.5,0,15,15,391
39.5,1,0,0,342
39.5,1,0,1,344
39.5,1,0,2,345
39.5,1,0,3,347
39.5,1,0,4,348
39.5,1,0,5,350
39.5,1,0,6,352
39.5,1,0,7,353
39.5,1,0,8,355
39.5,1,0,9,357
39.5,1,0,10,358
39.5,1,0,11,360
39.5,1,0,12,361
39.5,1,0,13,363
39.5,1,0,14,365
39.5,1,0,15,366
39.5,1,1,0,344
39.5,1,1,1,346
39.5,1,1,2,347
39.5,1,1,3,349
39.5,1,1,4,351
39.5,1,1,5,352
39.5,1,1,6,354
39.5,1,1,7,356
39.5,1,1,8,357
39.5,1,1,9,359
39.5,1,1,10,360
39.5,1,1,11,362
39.5,1,1,12,364
39.5,1,1,13,365
39.5,1,1,14,367
39.5,1,1,15,368
39.5,1,2,0,346
39.5,1,2,1,348
39.5,1,2,2,349
39.5,1,2,3,351
39.5,1,2,4,353
39.5,1,2,5,354
39.5,1,2,6,356
39.5,1,2,7,358
39.5,1,2,8,359
39.5,1,2,9,361
39.5,1,2,10,363
39.5,1,2,11,364
39.5,1,2,12,366
39.5,1,2,13,367
39.5,1,2,14,369
39.5,1,2,15,371
39.5,1,3,0,348
39.5,1,3,1,350
39.5,1,3,2,351
39.5,1,3,3,353
39.5,1,3,4,355
39.5,1,3,5,356
39.5,1,3,6,358
39.5,1,3,7,360
39.5,1,3,8,361
39.5,1,3,9,363
39.5,1,3,10,365
39.5,1,3,11,366
39.5,1,3,12,368
39.5,1,3,13,370
39.5,1,3,14,371
39.5,1,3,15,373
39.5,1,4,0,350
39.5,1,4,1,352
39.5,1,4,2,353
39.5,1,4,3,355
39.5,1,4,4,357
39.5,1,4,5,358
39.5,1,4,6,360
39.5,1,4,7,362
39.5,1,4,8,363
39.5,1,4,9,365
39.5,1,4,10,367
39.5,1,4,11,368
39.5,1,4,12,370
39.5,1,4,13,372
39.5,1,4,14,373
39.5,1,4,15,375
39.5,1,5,0,352
39.5,1,5,1,354
39.5,1,5,2,355
39.5,1,5,3,357
39.5,1,5,4,359
39.5,1,5,5,361
39.5,1,5,6,362
39.5,1,5,7,364
39.5,1,5,8,366
39.5,1,5,9,367
39.5,1,5,10,369
39.5,1,5,11,371
39.5,1,5,12,372
39.5,1,5,13,374
39.5,1,5,14,375
39.5,1,5,15,377
39.5,1,6,0,354
39.5,1,6,1,356
39.5,1,6,2,357
39.5,1,6,3,359
39.5,1,6,4,361
39.5,1,6,5,363
39.5,1,6,6,364
39.5,1,6,7,366
39.5,1,6,8,368
39.5,1,6,9,369
39.5,1,6,10,371
39.5,1,6,11,373
39.5,1,6,12,374
39.5,1,6,13,376
39.5,1,6,14,378
39.5,1,6,15,379
39.5,1,7,0,356
39.5,1,7,1,358
39.5,1,7,2,359
39.5,1,7,3,361
39.5,1,7,4,363
39.5,1,7,5,365
39.5,1,7,6,366
39.5,1,7,7,368
39.5,1,7,8,370
39.5,1,7,9,371
39.5,1,7,10,373
39.5,1,7,11,375
39.5,1,7,12,376
39.5,1,7,13,378
39.5,1,7,14,380
39.5,1,7,15,381
39.5,1,8,0,358
39.5,1,8,1,360
39.5,1,8,2,361
39.5,1,8,3,363
39.5,1,8,4,365
39.5,1,8,5,367
39.5,1,8,6,368
39.5,1,8,7,370
39.5,1,8,8,372
39.5,1,8,9,373
39.5,1,8,10,375
39.5,1,8,11,377
39.5,1,8,12,378
39.5,1,8,13,380
39.5,1,8,14,382
39.5,1,8,15,383
39.5,1,9,0,360
39.5,1,9,1,362
39.5,1,9,2,363
39.5,1,9,3,365
39.5,1,9,4,367
39.5,1,9,5,369
39.5,1,9,6,370
39.5,1,9,7,372
39.5,1,9,8,374
39.5,1,9,9,375
39.5,1,9,10,377
39.5,1,9,11,379
39.5,1,9,12,381
39.5,1,9,13,382
39.5,1,9,14,384
39.5,1,9,15,386
39.5,1,10,0,362
39.5,1,10,1,364
39.5,1,10,2,365
39.5,1,10,3,367
39.5,1,10,4,369
39.5,1,10,5,371
39.5,1,10,6,372
39.5,1,10,7,374
39.5,1,10,8,376
39.5,1,10,9,378
39.5,1,10,10,379
39.5,1,10,11,381
39.5,1,10,12,383
39.5,1,10,13,384
39.5,1,10,14,386
39.5,1,10,15,388
39.5,1,11,0,364
39.5,1,11,1,366
39.5,1,11,2,367
39.5,1,11,3,369
39.5,1,11,4,371
39.5,1,11,5,373
39.5,1,11,6,374
39.5,1,11,7,376
39.5,1,11,8,378
39.5,1,11,9,380
39.5,1,11,10,381
39.5,1,11,11,383
39.5,1,11,12,385
39.5,1,11,13,386
39.5,1,11,14,388
39.5,1,11,15,390
39.5,1,12,0,366
39.5,1,12,1,368
39.5,1,12,2,369
39.5,1,12,3,371
39.5,1,12,4,373
39.5,1,12,5,375
39.5,1,12,6,376
39.5,1,12,7,378
39.5,1,12,8,380
39.5,1,12,9,382
39.5,1,12,10,383
39.5,1,12,11,385
39.5,1,12,12,387
39.5,1,12,13,388
39.5,1,12,14,390
39.5,1,12,15,392
39.5,1,13,0,368
39.5,1,13,1,369
39.5,1,13,2,371
39.5,1,13,3,373
39.5,1,13,4,375
39.5,1,13,5,377
39.5,1,13,6,378
39.5,1,13,7,380
39.5,1,13,8,382
39.5,1,13,9,384
39.5,1,13,10,385
39.5,1,13,11,387
39.5,1,13,12,389
39.5,1,13,13,390
39.5,1,13,14,392
39.5,1,13,15,394
39.5,1,14,0,370
39.5,1,14,1,371
39.5,1,14,2,373
39.5,1,14,3,375
39.5,1,14,4,377
39.5,1,14,5,379
39.5,1,14,6,380
39.5,1,14,7,382
39.5,1,14,8,384
39.5,1,14,9,386
39.5,1,14,10,387
39.5,1,14,11,389
39.5,1,14,12,391
39.5,1,14,13,392
39.5,1,14,14,394
39.5,1,14,15,396
39.5,1,15,0,371
39.5,1,15,1,373
39.5,1,15,2,375
39.5,1,15,3,377
39.5,1,15,4,379
39.5,1,15,5,381
39.5,1,15,6,382
39.5,1,15,7,384
39.5,1,15,8,386
39.5,1,15,9,388
39.5,1,15,10,389
39.5,1,15,11,391
39.5,1,15,12,393
39.5,1,15,13,394
39.5,1,15,14,396
39.5,1,15,15,398
39.5,2,0,0,348
39.5,2,0,1,349
39.5,2,0,2,351
39.5,2,0,3,353
39.5,2,0,4,354
39.5,2,0,5,356
39.5,2,0,6,358
39.5,2,0,7,359
39.5,2,0,8,361
39.5,2,0,9,363
39.5,2,0,10,364
39.5,2,0,11,366
39.5,2,0,12,367
39.5,2,0,13,369
39.5,2,0,14,371
39.5,2,0,15,372
39.5,2,1,0,350
39.5,2,1,1,351
39.5,2,1,2,353
39.5,2,1,3,355
39.5,2,1,4,356
39.5,2,1,5,358
39.5,2,1,6,360
39.5,2,1,7,361
39.5,2,1,8,363
39.5,2,1,9,365
39.5,2,1,10,366
39.5,2,1,11,368
39.5,2,1,12,370
39.5,2,1,13,371
39.5,2,1,14,373
39.5,2,1,15,375
39.5,2,2,0,352
39.5,2,2,1,353
39.5,2,2,2,355
39.5,2,2,3,357
39.5,2,2,4,359
39.5,2,2,5,360
39.5,2,2,6,362
39.5,2,2,7,364
39.5,2,2,8,365
39.5,2,2,9,367
39.5,2,2,10,369
39.5,2,2,11,370
39.5,2,2,12,372
39.5,2,2,13,373
39.5,2,2,14,375
39.5,2,2,15,377
39.5,2,3,0,354
39.5,2,3,1,356
39.5,2,3,2,357
39.5,2,3,3,359
39.5,2,3,4,361
39.5,2,3,5,362
39.5,2,3,6,364
39.5,2,3,7,366
39.5,2,3,8,367
39.5,2,3,9,369
39.5,2,3,10,371
39.5,2,3,11,372
39.5,2,3,12,374
39.5,2,3,13,376
39.5,2,3,14,377
39.5,2,3,15,379
39.5,2,4,0,356
39.5,2,4,1,358
39.5,2,4,2,359
39.5,2,4,3,361
39.5,2,4,4,363
39.5,2,4,5,364
39.5,2,4,6,366
39.5,2,4,7,368
39.5,2,4,8,370
39.5,2,4,9,371
39.5,2,4,10,373
39.5,2,4,11,375
39.5,2,4,12,376
39.5,2,4,13,378
39.5,2,4,14,380
39.5,2,4,15,381
39.5,2,5,0,358
39.5,2,5,1,360
39.5,2,5,2,361
39.5,2,5,3,363
39.5,2,5,4,365
39.5,2,5,5,367
39.5,2,5,6,368
39.5,2,5,7,370
39.5,2,5,8,372
39.5,2,5,9,373
39.5,2,5,10,375
39.5,2,5,11,377
39.5,2,5,12,378
39.5,2,5,13,380
39.5,2,5,14,382
39.5,2,5,15,383
39.5,2,6,0,360
39.5,2,6,1,362
39.5,2,6,2,363
39.5,2,6,3,365
39.5,2,6,4,367
39.5,2,6,5,369
39.5,2,6,6,370
39.5,2,6,7,372
39.5,2,6,8,374
39.5,2,6,9,375
39.5,2,6,10,377
39.5,2,6,11,379
39.5,2,6,12,381
39.5,2,6,13,382
39.5,2,6,14,384
39.5,2,6,15,386
39.5,2,7,0,362
39.5,2,7,1,364
39.5,2,7,2,365
39.5,2,7,3,367
39.5,2,7,4,369
39.5,2,7,5,371
39.5,2,7,6,372
39.5,2,7,7,374
39.5,2,7,8,376
39.5,2,7,9,378
39.5,2,7,10,379
39.5,2,7,11,381
39.5,2,7,12,383
39.5,2,7,13,384
39.5,2,7,14,386
39.5,2,7,15,388
39.5,2,8,0,364
39.5,2,8,1,366
39.5,2,8,2,367
39.5,2,8,3,369
39.5,2,8,4,371
39.5,2,8,5,373
39.5,2,8,6,375
39.5,2,8,7,376
39.5,2,8,8,378
39.5,2,8,9,380
39.5,2,8,10,381
39.5,2,8,11,383
39.5,2,8,12,385
39.5,2,8,13,386
39.5,2,8,14,388
39.5,2,8,15,390
39.5,2,9,0,366
39.5,2,9,1,368
39.5,2,9,2,370
39.5,2,9,3,371
39.5,2,9,4,373
39.5,2,9,5,375
39.5,2,9,6,377
39.5,2,9,7,378
39.5,2,9,8,380
39.5,2,9,9,382
39.5,2,9,10,383
39.5,2,9,11,385
39.5,2,9,12,387
39.5,2,9,13,389
39.5,2,9,14,390
39.5,2,9,15,392
39.5,2,10,0,368
39.5,2,10,1,370
39.5,2,10,2,372
39.5,2,10,3,373
39.5,2,10,4,375
39.5,2,10,5,377
39.5,2,10,6,379
39.5,2,10,7,380
39.5,2,10,8,382
39.5,2,10,9,384
39.5,2,10,10,386
39.5,2,10,11,387
39.5,2,10,12,389
39.5,2,10,13,391
39.5,2,10,14,392
39.5,2,10,15,394
39.5,2,11,0,370
39.5,2,11,1,372
39.5,2,11,2,374
39.5,2,11,3,375
39.5,2,11,4,377
39.5,2,11,5,379
39.5,2,11,6,381
39.5,2,11,7,382
39.5,2,11,8,384
39.5,2,11,9,386
39.5,2,11,10,388
39.5,2,11,11,389
39.5,2,11,12,391
39.5,2,11,13,393
39.5,2,11,14,394
39.5,2,11,15,396
39.5,2,12,0,372
39.5,2,12,1,374
39.5,2,12,2,375
39.5,2,12,3,377
39.5,2,12,4,379
39.5,2,12,5,381
39.5,2,12,6,383
39.5,2,12,7,384
39.5,2,12,8,386
39.5,2,12,9,388
39.5,2,12,10,390
39.5,2,12,11,391
39.5,2,12,12,393
39.5,2,12,13,395
39.5,2,12,14,397
39.5,2,12,15,398
39.5,2,13,0,374
39.5,2,13,1,376
39.5,2,13,2,377
39.5,2,13,3,379
39.5,2,13,4,381
39.5,2,13,5,383
39.5,2,13,6,385
39.5,2,13,7,386
39.5,2,13,8,388
39.5,2,13,9,390
39.5,2,13,10,392
39.5,2,13,11,393
39.5,2,13,12,395
39.5,2,13,13,397
39.5,2,13,14,399
39.5,2,13,15,400
39.5,2,14,0,376
39.5,2,14,1,378
39.5,2,14,2,379
39.5,2,14,3,381
39.5,2,14,4,383
39.5,2,14,5,385
39.5,2,14,6,387
39.5,2,14,7,388
39.5,2,14,8,390
39.5,2,14,9,392
39.5,2,14,10,394
39.5,2,14,11,396
39.5,2,14,12,397
39.5,2,14,13,399
39.5,2,14,14,401
39.5,2,14,15,402
39.5,2,15,0,378
39.5,2,15,1,380
39.5,2,15,2,381
39.5,2,15,3,383
39.5,2,15,4,385
39.5,2,15,5,387
39.5,2,15,6,389
39.5,2,15,7,390
39.5,2,15,8,392
39.5,2,15,9,394
39.5,2,15,10,396
39.5,2,15,11,398
39.5,2,15,12,399
39.5,2,15,13,401
39.5,2,15,14,403
39.5,2,15,15,405
39.5,3,0,0,353
39.5,3,0,1,355
39.5,3,0,2,357
39.5,3,0,3,358
39.5,3,0,4,360
39.5,3,0,5,362
39.5,3,0,6,364
39.5,3,0,7,365
39.5,3,0,8,367
39.5,3,0,9,369
39.5,3,0,10,370
39.5,3,0,11,372
39.5,3,0,12,373
39.5,3,0,13,375
39.5,3,0,14,377
39.5,3,0,15,378
39.5,3,1,0,355
39.5,3,1,1,357
39.5,3,1,2,359
39.5,3,1,3,361
39.5,3,1,4,362
39.5,3,1,5,364
39.5,3,1,6,366
39.5,3,1,7,367
39.5,3,1,8,369
39.5,3,1,9,371
39.5,3,1,10,372
39.5,3,1,11,374
39.5,3,1,12,376
39.5,3,1,13,377
39.5,3,1,14,379
39.5,3,1,15,381
39.5,3,2,0,357
39.5,3,2,1,359
39.5,3,2,2,361
39.5,3,2,3,363
39.5,3,2,4,364
39.5,3,2,5,366
39.5,3,2,6,368
39.5,3,2,7,370
39.5,3,2,8,371
39.5,3,2,9,373
39.5,3,2,10,375
39.5,3,2,11,376
39.5,3,2,12,378
39.5,3,2,13,380
39.5,3,2,14,381
39.5,3,2,15,383
39.5,3,3,0,360
39.5,3,3,1,361
39.5,3,3,2,363
39.5,3,3,3,365
39.5,3,3,4,367
39.5,3,3,5,368
39.5,3,3,6,370
39.5,3,3,7,372
39.5,3,3,8,373
39.5,3,3,9,375
39.5,3,3,10,377
39.5,3,3,11,379
39.5,3,3,12,380
39.5,3,3,13,382
39.5,3,3,14,384
39.5,3,3,15,385
39.5,3,4,0,362
39.5,3,4,1,363
39.5,3,4,2,365
39.5,3,4,3,367
39.5,3,4,4,369
39.5,3,4,5,370
39.5,3,4,6,372
39.5,3,4,7,374
39.5,3,4,8,376
39.5,3,4,9,377
39.5,3,4,10,379
39.5,3,4,11,381
39.5,3,4,12,382
39.5,3,4,13,384
39.5,3,4,14,386
39.5,3,4,15,387
39.5,3,5,0,364
39.5,3,5,1,366
39.5,3,5,2,367
39.5,3,5,3,369
39.5,3,5,4,371
39.5,3,5,5,373
39.5,3,5,6,374
39.5,3,5,7,376
39.5,3,5,8,378
39.5,3,5,9,379
39.5,3,5,10,381
39.5,3,5,11,383
39.5,3,5,12,385
39.5,3,5,13,386
39.5,3,5,14,388
39.5,3,5,15,390
39.5,3,6,0,366
39.5,3,6,1,368
39.5,3,6,2,369
39.5,3,6,3,371
39.5,3,6,4,373
39.5,3,6,5,375
39.5,3,6,6,376
39.5,3,6,7,378
39.5,3,6,8,380
39.5,3,6,9,382
39.5,3,6,10,383
39.5,3,6,11,385
39.5,3,6,12,387
39.5,3,6,13,388
39.5,3,6,14,390
39.5,3,6,15,392
39.5,3,7,0,368
39.5,3,7,1,370
39.5,3,7,2,371
39.5,3,7,3,373
39.5,3,7,4,375
39.5,3,7,5,377
39.5,3,7,6,379
39.5,3,7,7,380
39.5,3,7,8,382
39.5,3,7,9,384
39.5,3,7,10,386
39.5,3,7,11,387
39.5,3,7,12,389
39.5,3,7,13,391
39.5,3,7,14,392
39.5,3,7,15,394
39.5,3,8,0,370
39.5,3,8,1,372
39.5,3,8,2,374
39.5,3,8,3,375
39.5,3,8,4,377
39.5,3,8,5,379
39.5,3,8,6,381
39.5,3,8,7,382
39.5,3,8,8,384
39.5,3,8,9,386
39.5,3,8,10,388
39.5,3,8,11,389
39.5,3,8,12,391
39.5,3,8,13,393
39.5,3,8,14,395
39.5,3,8,15,396
39.5,3,9,0,372
39.5,3,9,1,374
39.5,3,9,2,376
39.5,3,9,3,377
39.5,3,9,4,379
39.5,3,9,5,381
39.5,3,9,6,383
39.5,3,9,7,385
39.5,3,9,8,386
39.5,3,9,9,388
39.5,3,9,10,390
39.5,3,9,11,392
39.5,3,9,12,393
39.5,3,9,13,395
39.5,3,9,14,397
39.5,3,9,15,398
39.5,3,10,0,374
39.5,3,10,1,376
39.5,3,10,2,378
39.5,3,10,3,379
39.5,3,10,4,381
39.5,3,10,5,383
39.5,3,10,6,385
39.5,3,10,7,387
39.5,3,10,8,388
39.5,3,10,9,390
39.5,3,10,10,392
39.5,3,10,11,394
39.5,3,10,12,395
39.5,3,10,13,397
39.5,3,10,14,399
39.5,3,10,15,401
39.5,3,11,0,376
39.5,3,11,1,378
39.5,3,11,2,380
39.5,3,11,3,381
39.5,3,11,4,383
39.5,3,11,5,385
39.5,3,11,6,387
39.5,3,11,7,389
39.5,3,11,8,390
39.5,3,11,9,392
39.5,3,11,10,394
39.5,3,11,11,396
39.5,3,11,12,397
39.5,3,11,13,399
39.5,3,11,14,401
39.5,3,11,15,403
39.5,3,12,0,378
39.5,3,12,1,380
39.5,3,12,2,382
39.5,3,12,3,383
39.5,3,12,4,385
39.5,3,12,5,387
39.5,3,12,6,389
39.5,3,12,7,391
39.5,3,12,8,393
39.5,3,12,9,394
39.5,3,12,10,396
39.5,3,12,11,398
39.5,3,12,12,400
39.5,3,12,13,401
39.5,3,12,14,403
39.5,3,12,15,405
39.5,3,13,0,380
39.5,3,13,1,382
39.5,3,13,2,384
39.5,3,13,3,386
39.5,3,13,4,387
39.5,3,13,5,389
39.5,3,13,6,391
39.5,3,13,7,393
39.5,3,13,8,395
39.5,3,13,9,396
39.5,3,13,10,398
39.5,3,13,11,400
39.5,3,13,12,402
39.5,3,13,13,403
39.5,3,13,14,405
39.5,3,13,15,407
39.5,3,14,0,382
39.5,3,14,1,384
39.5,3,14,2,386
39.5,3,14,3,388
39.5,3,14,4,389
39.5,3,14,5,391
39.5,3,14,6,393
39.5,3,14,7,395
39.5,3,14,8,397
39.5,3,14,9,398
39.5,3,14,10,400
39.5,3,14,11,402
39.5,3,14,12,404
39.5,3,14,13,406
39.5,3,14,14,407
39.5,3,14,15,409
39.5,3,15,0,384
39.5,3,15,1,386
39.5,3,15,2,388
39.5,3,15,3,390
39.5,3,15,4,391
39.5,3,15,5,393
39.5,3,15,6,395
39.5,3,15,7,397
39.5,3,15,8,399
39.5,3,15,9,400
39.5,3,15,10,402
39.5,3,15,11,404
39.5,3,15,12,406
39.5,3,15,13,408
39.5,3,15,14,409
39.5,3,15,15,411
39.5,4,0,0,359
39.5,4,0,1,361
39.5,4,0,2,362
39.5,4,0,3,364
39.5,4,0,4,366
39.5,4,0,5,368
39.5,4,0,6,369
39.5,4,0,7,371
39.5,4,0,8,373
39.5,4,0,9,374
39.5,4,0,10,376
39.5,4,0,11,378
39.5,4,0,12,380
39.5,4,0,13,381
39.5,4,0,14,383
39.5,4,0,15,384
39.5,4,1,0,361
39.5,4,1,1,363
39.5,4,1,2,365
39.5,4,1,3,366
39.5,4,1,4,368
39.5,4,1,5,370
39.5,4,1,6,372
39.5,4,1,7,373
39.5,4,1,8,375
39.5,4,1,9,377
39.5,4,1,10,378
39.5,4,1,11,380
39.5,4,1,12,382
39.5,4,1,13,383
39.5,4,1,14,385
39.5,4,1,15,387
39.5,4,2,0,363
39.5,4,2,1,365
39.5,4,2,2,367
39.5,4,2,3,369
39.5,4,2,4,370
39.5,4,2,5,372
39.5,4,2,6,374
39.5,4,2,7,376
39.5,4,2,8,377
39.5,4,2,9,379
39.5,4,2,10,381
39.5,4,2,11,382
39.5,4,2,12,384
39.5,4,2,13,386
39.5,4,2,14,387
39.5,4,2,15,389
39.5,4,3,0,365
39.5,4,3,1,367
39.5,4,3,2,369
39.5,4,3,3,371
39.5,4,3,4,373
39.5,4,3,5,374
39.5,4,3,6,376
39.5,4,3,7,378
39.5,4,3,8,379
39.5,4,3,9,381
39.5,4,3,10,383
39.5,4,3,11,385
39.5,4,3,12,386
39.5,4,3,13,388
39.5,4,3,14,390
39.5,4,3,15,391
39.5,4,4,0,368
39.5,4,4,1,369
39.5,4,4,2,371
39.5,4,4,3,373
39.5,4,4,4,375
39.5,4,4,5,376
39.5,4,4,6,378
39.5,4,4,7,380
39.5,4,4,8,382
39.5,4,4,9,383
39.5,4,4,10,385
39.5,4,4,11,387
39.5,4,4,12,389
39.5,4,4,13,390
39.5,4,4,14,392
39.5,4,4,15,394
39.5,4,5,0,370
39.5,4,5,1,371
39.5,4,5,2,373
39.5,4,5,3,375
39.5,4,5,4,377
39.5,4,5,5,379
39.5,4,5,6,380
39.5,4,5,7,382
39.5,4,5,8,384
39.5,4,5,9,386
39.5,4,5,10,387
39.5,4,5,11,389
39.5,4,5,12,391
39.5,4,5,13,393
39.5,4,5,14,394
39.5,4,5,15,396
39.5,4,6,0,372
39.5,4,6,1,374
39.5,4,6,2,375
39.5,4,6,3,377
39.5,4,6,4,379
39.5,4,6,5,381
39.5,4,6,6,383
39.5,4,6,7,384
39.5,4,6,8,386
39.5,4,6,9,388
39.5,4,6,10,390
39.5,4,6,11,391
39.5,4,6,12,393
39.5,4,6,13,395
39.5,4,6,14,396
39.5,4,6,15,398
39.5,4,7,0,374
39.5,4,7,1,376
39.5,4,7,2,377
39.5,4,7,3,379
39.5,4,7,4,381
39.5,4,7,5,383
39.5,4,7,6,385
39.5,4,7,7,386
39.5,4,7,8,388
39.5,4,7,9,390
39.5,4,7,10,392
39.5,4,7,11,393
39.5,4,7,12,395
39.5,4,7,13,397
39.5,4,7,14,399
39.5,4,7,15,400
39.5,4,8,0,376
39.5,4,8,1,378
39.5,4,8,2,380
39.5,4,8,3,381
39.5,4,8,4,383
39.5,4,8,5,385
39.5,4,8,6,387
39.5,4,8,7,389
39.5,4,8,8,390
39.5,4,8,9,392
39.5,4,8,10,394
39.5,4,8,11,396
39.5,4,8,12,397
39.5,4,8,13,399
39.5,4,8,14,401
39.5,4,8,15,403
39.5,4,9,0,378
39.5,4,9,1,380
39.5,4,9,2,382
39.5,4,9,3,383
39.5,4,9,4,385
39.5,4,9,5,387
39.5,4,9,6,389
39.5,4,9,7,391
39.5,4,9,8,393
39.5,4,9,9,394
39.5,4,9,10,396
39.5,4,9,11,398
39.5,4,9,12,400
39.5,4,9,13,401
39.5,4,9,14,403
39.5,4,9,15,405
39.5,4,10,0,380
39.5,4,10,1,382
39.5,4,10,2,384
39.5,4,10,3,386
39.5,4,10,4,387
39.5,4,10,5,389
39.5,4,10,6,391
39.5,4,10,7,393
39.5,4,10,8,395
39.5,4,10,9,396
39.5,4,10,10,398
39.5,4,10,11,400
39.5,4,10,12,402
39.5,4,10,13,404
39.5,4,10,14,405
39.5,4,10,15,407
39.5,4,11,0,382
39.5,4,11,1,384
39.5,4,11,2,386
39.5,4,11,3,388
39.5,4,11,4,389
39.5,4,11,5,391
39.5,4,11,6,393
39.5,4,11,7,395
39.5,4,11,8,397
39.5,4,11,9,399
39.5,4,11,10,400
39.5,4,11,11,402
39.5,4,11,12,404
39.5,4,11,13,406
39.5,4,11,14,407
39.5,4,11,15,409
39.5,4,12,0,384
39.5,4,12,1,386
39.5,4,12,2,388
39.5,4,12,3,390
39.5,4,12,4,392
39.5,4,12,5,393
39.5,4,12,6,395
39.5,4,12,7,397
39.5,4,12,8,399
39.5,4,12,9,401
39.5,4,12,10,402
39.5,4,12,11,404
39.5,4,12,12,406
39.5,4,12,13,408
39.5,4,12,14,410
39.5,4,12,15,411
39.5,4,13,0,386
39.5,4,13,1,388
39.5,4,13,2,390
39.5,4,13,3,392
39.5,4,13,4,394
39.5,4,13,5,395
39.5,4,13,6,397
39.5,4,13,7,399
39.5,4,13,8,401
39.5,4,13,9,403
39.5,4,13,10,405
39.5,4,13,11,406
39.5,4,13,12,408
39.5,4,13,13,410
39.5,4,13,14,412
39.5,4,13,15,414
39.5,4,14,0,388
39.5,4,14,1,390
39.5,4,14,2,392
39.5,4,14,3,394
39.5,4,14,4,396
39.5,4,14,5,398
39.5,4,14,6,399
39.5,4,14,7,401
39.5,4,14,8,403
39.5,4,14,9,405
39.5,4,14,10,407
39.5,4,14,11,409
39.5,4,14,12,410
39.5,4,14,13,412
39.5,4,14,14,414
39.5,4,14,15,416
39.5,4,15,0,390
39.5,4,15,1,392
39.5,4,15,2,394
39.5,4,15,3,396
39.5,4,15,4,398
39.5,4,15,5,400
39.5,4,15,6,401
39.5,4,15,7,403
39.5,4,15,8,405
39.5,4,15,9,407
39.5,4,15,10,409
39.5,4,15,11,411
39.5,4,15,12,412
39.5,4,15,13,414
39.5,4,15,14,416
39.5,4,15,15,418
39.5,5,0,0,365
39.5,5,0,1,366
39.5,5,0,2,368
39.5,5,0,3,370
39.5,5,0,4,372
39.5,5,0,5,374
39.5,5,0,6,375
39.5,5,0,7,377
39.5,5,0,8,379
39.5,5,0,9,380
39.5,5,0,10,382
39.5,5,0,11,384
39.5,5,0,12,386
39.5,5,0,13,387
39.5,5,0,14,389
39.5,5,0,15,391
39.5,5,1,0,367
39.5,5,1,1,369
39.5,5,1,2,370
39.5,5,1,3,372
39.5,5,1,4,374
39.5,5,1,5,376
39.5,5,1,6,378
39.5,5,1,7,379
39.5,5,1,8,381
39.5,5,1,9,383
39.5,5,1,10,384
39.5,5,1,11,386
39.5,5,1,12,388
39.5,5,1,13,390
39.5,5,1,14,391
39.5,5,1,15,393
39.5,5,2,0,369
39.5,5,2,1,371
39.5,5,2,2,373
39.5,5,2,3,374
39.5,5,2,4,376
39.5,5,2,5,378
39.5,5,2,6,380
39.5,5,2,7,382
39.5,5,2,8,383
39.5,5,2,9,385
39.5,5,2,10,387
39.5,5,2,11,388
39.5,5,2,12,390
39.5,5,2,13,392
39.5,5,2,14,394
39.5,5,2,15,395
39.5,5,3,0,371
39.5,5,3,1,373
39.5,5,3,2,375
39.5,5,3,3,377
39.5,5,3,4,378
39.5,5,3,5,380
39.5,5,3,6,382
39.5,5,3,7,384
39.5,5,3,8,386
39.5,5,3,9,387
39.5,5,3,10,389
39.5,5,3,11,391
39.5,5,3,12,392
39.5,5,3,13,394
39.5,5,3,14,396
39.5,5,3,15,398
39.5,5,4,0,373
39.5,5,4,1,375
39.5,5,4,2,377
39.5,5,4,3,379
39.5,5,4,4,381
39.5,5,4,5,382
39.5,5,4,6,384
39.5,5,4,7,386
39.5,5,4,8,388
39.5,5,4,9,390
39.5,5,4,10,391
39.5,5,4,11,393
39.5,5,4,12,395
39.5,5,4,13,396
39.5,5,4,14,398
39.5,5,4,15,400
39.5,5,5,0,376
39.5,5,5,1,377
39.5,5,5,2,379
39.5,5,5,3,381
39.5,5,5,4,383
39.5,5,5,5,385
39.5,5,5,6,386
39.5,5,5,7,388
39.5,5,5,8,390
39.5,5,5,9,392
39.5,5,5,10,394
39.5,5,5,11,395
39.5,5,5,12,397
39.5,5,5,13,399
39.5,5,5,14,400
39.5,5,5,15,402
39.5,5,6,0,378
39.5,5,6,1,379
39.5,5,6,2,381
39.5,5,6,3,383
39.5,5,6,4,385
39.5,5,6,5,387
39.5,5,6,6,389
39.5,5,6,7,390
39.5,5,6,8,392
39.5,5,6,9,394
39.5,5,6,10,396
39.5,5,6,11,398
39.5,5,6,12,399
39.5,5,6,13,401
39.5,5,6,14,403
39.5,5,6,15,404
39.5,5,7,0,380
39.5,5,7,1,382
39.5,5,7,2,383
39.5,5,7,3,385
39.5,5,7,4,387
39.5,5,7,5,389
39.5,5,7,6,391
39.5,5,7,7,393
39.5,5,7,8,394
39.5,5,7,9,396
39.5,5,7,10,398
39.5,5,7,11,400
39.5,5,7,12,401
39.5,5,7,13,403
39.5,5,7,14,405
39.5,5,7,15,407
39.5,5,8,0,382
39.5,5,8,1,384
39.5,5,8,2,386
39.5,5,8,3,387
39.5,5,8,4,389
39.5,5,8,5,391
39.5,5,8,6,393
39.5,5,8,7,395
39.5,5,8,8,397
39.5,5,8,9,398
39.5,5,8,10,400
39.5,5,8,11,402
39.5,5,8,12,404
39.5,5,8,13,405
39.5,5,8,14,407
39.5,5,8,15,409
39.5,5,9,0,384
39.5,5,9,1,386
39.5,5,9,2,388
39.5,5,9,3,390
39.5,5,9,4,391
39.5,5,9,5,393
39.5,5,9,6,395
39.5,5,9,7,397
39.5,5,9,8,399
39.5,5,9,9,401
39.5,5,9,10,402
39.5,5,9,11,404
39.5,5,9,12,406
39.5,5,9,13,408
39.5,5,9,14,409
39.5,5,9,15,411
39.5,5,10,0,386
39.5,5,10,1,388
39.5,5,10,2,390
39.5,5,10,3,392
39.5,5,10,4,394
39.5,5,10,5,395
39.5,5,10,6,397
39.5,5,10,7,399
39.5,5,10,8,401
39.5,5,10,9,403
39.5,5,10,10,405
39.5,5,10,11,406
39.5,5,10,12,408
39.5,5,10,13,410
39.5,5,10,14,412
39.5,5,10,15,413
39.5,5,11,0,388
39.5,5,11,1,390
39.5,5,11,2,392
39.5,5,11,3,394
39.5,5,11,4,396
39.5,5,11,5,398
39.5,5,11,6,399
39.5,5,11,7,401
39.5,5,11,8,403
39.5,5,11,9,405
39.5,5,11,10,407
39.5,5,11,11,409
39.5,5,11,12,410
39.5,5,11,13,412
39.5,5,11,14,414
39.5,5,11,15,416
39.5,5,12,0,390
39.5,5,12,1,392
39.5,5,12,2,394
39.5,5,12,3,396
39.5,5,12,4,398
39.5,5,12,5,400
39.5,5,12,6,401
39.5,5,12,7,403
39.5,5,12,8,405
39.5,5,12,9,407
39.5,5,12,10,409
39.5,5,12,11,411
39.5,5,12,12,413
39.5,5,12,13,414
39.5,5,12,14,416
39.5,5,12,15,418
39.5,5,13,0,392
39.5,5,13,1,394
39.5,5,13,2,396
39.5,5,13,3,398
39.5,5,13,4,400
39.5,5,13,5,402
39.5,5,13,6,404
39.5,5,13,7,405
39.5,5,13,8,407
39.5,5,13,9,409
39.5,5,13,10,411
39.5,5,13,11,413
39.5,5,13,12,415
39.5,5,13,13,417
39.5,5,13,14,418
39.5,5,13,15,420
39.5,5,14,0,394
39.5,5,14,1,396
39.5,5,14,2,398
39.5,5,14,3,400
39.5,5,14,4,402
39.5,5,14,5,404
39.5,5,14,6,406
39.5,5,14,7,408
39.5,5,14,8,409
39.5,5,14,9,411
39.5,5,14,10,413
39.5,5,14,11,415
39.5,5,14,12,417
39.5,5,14,13,419
39.5,5,14,14,420
39.5,5,14,15,422
39.5,5,15,0,396
39.5,5,15,1,398
39.5,5,15,2,400
39.5,5,15,3,402
39.5,5,15,4,404
39.5,5,15,5,406
39.5,5,15,6,408
39.5,5,15,7,410
39.5,5,15,8,412
39.5,5,15,9,413
39.5,5,15,10,415
39.5,5,15,11,417
39.5,5,15,12,419
39.5,5,15,13,421
39.5,5,15,14,423
39.5,5,15,15,424
39.5,6,0,0,370
39.5,6,0,1,372
39.5,6,0,2,374
39.5,6,0,3,376
39.5,6,0,4,378
39.5,6,0,5,379
39.5,6,0,6,381
39.5,6,0,7,383
39.5,6,0,8,385
39.5,6,0,9,386
39.5,6,0,10,388
39.5,6,0,11,390
39.5,6,0,12,392
39.5,6,0,13,393
39.5,6,0,14,395
39.5,6,0,15,397
39.5,6,1,0,373
39.5,6,1,1,374
39.5,6,1,2,376
39.5,6,1,3,378
39.5,6,1,4,380
39.5,6,1,5,382
39.5,6,1,6,383
39.5,6,1,7,385
39.5,6,1,8,387
39.5,6,1,9,389
39.5,6,1,10,390
39.5,6,1,11,392
39.5,6,1,12,394
39.5,6,1,13,396
39.5,6,1,14,397
39.5,6,1,15,399
39.5,6,2,0,375
39.5,6,2,1,377
39.5,6,2,2,378
39.5,6,2,3,380
39.5,6,2,4,382
39.5,6,2,5,384
39.5,6,2,6,386
39.5,6,2,7,387
39.5,6,2,8,389
39.5,6,2,9,391
39.5,6,2,10,393
39.5,6,2,11,395
39.5,6,2,12,396
39.5,6,2,13,398
39.5,6,2,14,400
39.5,6,2,15,401
39.5,6,3,0,377
39.5,6,3,1,379
39.5,6,3,2,381
39.5,6,3,3,383
39.5,6,3,4,384
39.5,6,3,5,386
39.5,6,3,6,388
39.5,6,3,7,390
39.5,6,3,8,392
39.5,6,3,9,393
39.5,6,3,10,395
39.5,6,3,11,397
39.5,6,3,12,399
39.5,6,3,13,400
39.5,6,3,14,402
39.5,6,3,15,404
39.5,6,4,0,379
39.5,6,4,1,381
39.5,6,4,2,383
39.5,6,4,3,385
39.5,6,4,4,387
39.5,6,4,5,388
39.5,6,4,6,390
39.5,6,4,7,392
39.5,6,4,8,394
39.5,6,4,9,396
39.5,6,4,10,397
39.5,6,4,11,399
39.5,6,4,12,401
39.5,6,4,13,403
39.5,6,4,14,404
39.5,6,4,15,406
39.5,6,5,0,381
39.5,6,5,1,383
39.5,6,5,2,385
39.5,6,5,3,387
39.5,6,5,4,389
39.5,6,5,5,391
39.5,6,5,6,392
39.5,6,5,7,394
39.5,6,5,8,396
39.5,6,5,9,398
39.5,6,5,10,400
39.5,6,5,11,401
39.5,6,5,12,403
39.5,6,5,13,405
39.5,6,5,14,407
39.5,6,5,15,408
39.5,6,6,0,384
39.5,6,6,1,385
39.5,6,6,2,387
39.5,6,6,3,389
39.5,6,6,4,391
39.5,6,6,5,393
39.5,6,6,6,395
39.5,6,6,7,397
39.5,6,6,8,398
39.5,6,6,9,400
39.5,6,6,10,402
39.5,6,6,11,404
39.5,6,6,12,406
39.5,6,6,13,407
39.5,6,6,14,409
39.5,6,6,15,411
39.5,6,7,0,386
39.5,6,7,1,388
39.5,6,7,2,389
39.5,6,7,3,391
39.5,6,7,4,393
39.5,6,7,5,395
39.5,6,7,6,397
39.5,6,7,7,399
39.5,6,7,8,401
39.5,6,7,9,402
39.5,6,7,10,404
39.5,6,7,11,406
39.5,6,7,12,408
39.5,6,7,13,410
39.5,6,7,14,411
39.5,6,7,15,413
39.5,6,8,0,388
39.5,6,8,1,390
39.5,6,8,2,392
39.5,6,8,3,394
39.5,6,8,4,395
39.5,6,8,5,397
39.5,6,8,6,399
39.5,6,8,7,401
39.5,6,8,8,403
39.5,6,8,9,405
39.5,6,8,10,406
39.5,6,8,11,408
39.5,6,8,12,410
39.5,6,8,13,412
39.5,6,8,14,414
39.5,6,8,15,415
39.5,6,9,0,390
39.5,6,9,1,392
39.5,6,9,2,394
39.5,6,9,3,396
39.5,6,9,4,398
39.5,6,9,5,399
39.5,6,9,6,401
39.5,6,9,7,403
39.5,6,9,8,405
39.5,6,9,9,407
39.5,6,9,10,409
39.5,6,9,11,410
39.5,6,9,12,412
39.5,6,9,13,414
39.5,6,9,14,416
39.5,6,9,15,418
39.5,6,10,0,392
39.5,6,10,1,394
39.5,6,10,2,396
39.5,6,10,3,398
39.5,6,10,4,400
39.5,6,10,5,402
39.5,6,10,6,403
39.5,6,10,7,405
39.5,6,10,8,407
39.5,6,10,9,409
39.5,6,10,10,411
39.5,6,10,11,413
39.5,6,10,12,415
39.5,6,10,13,416
39.5,6,10,14,418
39.5,6,10,15,420
39.5,6,11,0,394
39.5,6,11,1,396
39.5,6,11,2,398
39.5,6,11,3,400
39.5,6,11,4,402
39.5,6,11,5,404
39.5,6,11,6,406
39.5,6,11,7,408
39.5,6,11,8,409
39.5,6,11,9,411
39.5,6,11,10,413
39.5,6,11,11,415
39.5,6,11,12,417
39.5,6,11,13,419
39.5,6,11,14,420
39.5,6,11,15,422
39.5,6,12,0,396
39.5,6,12,1,398
39.5,6,12,2,400
39.5,6,12,3,402
39.5,6,12,4,404
39.5,6,12,5,406
39.5,6,12,6,408
39.5,6,12,7,410
39.5,6,12,8,412
39.5,6,12,9,413
39.5,6,12,10,415
39.5,6,12,11,417
39.5,6,12,12,419
39.5,6,12,13,421
39.5,6,12,14,423
39.5,6,12,15,424
39.5,6,13,0,398
39.5,6,13,1,400
39.5,6,13,2,402
39.5,6,13,3,404
39.5,6,13,4,406
39.5,6,13,5,408
39.5,6,13,6,410
39.5,6,13,7,412
39.5,6,13,8,414
39.5,6,13,9,416
39.5,6,13,10,417
39.5,6,13,11,419
39.5,6,13,12,421
39.5,6,13,13,423
39.5,6,13,14,425
39.5,6,13,15,427
39.5,6,14,0,400
39.5,6,14,1,402
39.5,6,14,2,404
39.5,6,14,3,406
39.5,6,14,4,408
39.5,6,14,5,410
39.5,6,14,6,412
39.5,6,14,7,414
39.5,6,14,8,416
39.5,6,14,9,418
39.5,6,14,10,420
39.5,6,14,11,421
39.5,6,14,12,423
39.5,6,14,13,425
39.5,6,14,14,427
39.5,6,14,15,429
39.5,6,15,0,402
39.5,6,15,1,404
39.5,6,15,2,406
39.5,6,15,3,408
39.5,6,15,4,410
39.5,6,15,5,412
39.5,6,15,6,414
39.5,6,15,7,416
39.5,6,15,8,418
39.5,6,15,9,420
39.5,6,15,10,422
39.5,6,15,11,424
39.5,6,15,12,426
39.5,6,15,13,427
39.5,6,15,14,429
39.5,6,15,15,431
39.5,7,0,0,376
39.5,7,0,1,378
39.5,7,0,2,380
39.5,7,0,3,382
39.5,7,0,4,383
39.5,7,0,5,385
39.5,7,0,6,387
39.5,7,0,7,389
39.5,7,0,8,391
39.5,7,0,9,392
39.5,7,0,10,394
39.5,7,0,11,396
39.5,7,0,12,398
39.5,7,0,13,399
39.5,7,0,14,401
39.5,7,0,15,403
39.5,7,1,0,378
39.5,7,1,1,380
39.5,7,1,2,382
39.5,7,1,3,384
39.5,7,1,4,386
39.5,7,1,5,388
39.5,7,1,6,389
39.5,7,1,7,391
39.5,7,1,8,393
39.5,7,1,9,395
39.5,7,1,10,396
39.5,7,1,11,398
39.5,7,1,12,400
39.5,7,1,13,402
39.5,7,1,14,404
39.5,7,1,15,405
39.5,7,2,0,381
39.5,7,2,1,382
39.5,7,2,2,384
39.5,7,2,3,386
39.5,7,2,4,388
39.5,7,2,5,390
39.5,7,2,6,392
39.5,7,2,7,393
39.5,7,2,8,395
39.5,7,2,9,397
39.5,7,2,10,399
39.5,7,2,11,401
39.5,7,2,12,402
39.5,7,2,13,404
39.5,7,2,14,406
39.5,7,2,15,408
39.5,7,3,0,383
39.5,7,3,1,385
39.5,7,3,2,387
39.5,7,3,3,388
39.5,7,3,4,390
39.5,7,3,5,392
39.5,7,3,6,394
39.5,7,3,7,396
39.5,7,3,8,398
39.5,7,3,9,399
39.5,7,3,10,401
39.5,7,3,11,403
39.5,7,3,12,405
39.5,7,3,13,407
39.5,7,3,14,408
39.5,7,3,15,410
39.5,7,4,0,385
39.5,7,4,1,387
39.5,7,4,2,389
39.5,7,4,3,391
39.5,7,4,4,393
39.5,7,4,5,394
39.5,7,4,6,396
39.5,7,4,7,398
39.5,7,4,8,400
39.5,7,4,9,402
39.5,7,4,10,404
39.5,7,4,11,405
39.5,7,4,12,407
39.5,7,4,13,409
39.5,7,4,14,411
39.5,7,4,15,412
39.5,7,5,0,387
39.5,7,5,1,389
39.5,7,5,2,391
39.5,7,5,3,393
39.5,7,5,4,395
39.5,7,5,5,397
39.5,7,5,6,398
39.5,7,5,7,400
39.5,7,5,8,402
39.5,7,5,9,404
39.5,7,5,10,406
39.5,7,5,11,408
39.5,7,5,12,409
39.5,7,5,13,411
39.5,7,5,14,413
39.5,7,5,15,415
39.5,7,6,0,389
39.5,7,6,1,391
39.5,7,6,2,393
39.5,7,6,3,395
39.5,7,6,4,397
39.5,7,6,5,399
39.5,7,6,6,401
39.5,7,6,7,403
39.5,7,6,8,404
39.5,7,6,9,406
39.5,7,6,10,408
39.5,7,6,11,410
39.5,7,6,12,412
39.5,7,6,13,414
39.5,7,6,14,415
39.5,7,6,15,417
39.5,7,7,0,392
39.5,7,7,1,394
39.5,7,7,2,395
39.5,7,7,3,397
39.5,7,7,4,399
39.5,7,7,5,401
39.5,7,7,6,403
39.5,7,7,7,405
39.5,7,7,8,407
39.5,7,7,9,409
39.5,7,7,10,410
39.5,7,7,11,412
39.5,7,7,12,414
39.5,7,7,13,416
39.5,7,7,14,418
39.5,7,7,15,419
39.5,7,8,0,394
39.5,7,8,1,396
39.5,7,8,2,398
39.5,7,8,3,400
39.5,7,8,4,401
39.5,7,8,5,403
39.5,7,8,6,405
39.5,7,8,7,407
39.5,7,8,8,409
39.5,7,8,9,411
39.5,7,8,10,413
39.5,7,8,11,415
39.5,7,8,12,416
39.5,7,8,13,418
39.5,7,8,14,420
39.5,7,8,15,422
39.5,7,9,0,396
39.5,7,9,1,398
39.5,7,9,2,400
39.5,7,9,3,402
39.5,7,9,4,404
39.5,7,9,5,406
39.5,7,9,6,407
39.5,7,9,7,409
39.5,7,9,8,411
39.5,7,9,9,413
39.5,7,9,10,415
39.5,7,9,11,417
39.5,7,9,12,419
39.5,7,9,13,420
39.5,7,9,14,422
39.5,7,9,15,424
39.5,7,10,0,398
39.5,7,10,1,400
39.5,7,10,2,402
39.5,7,10,3,404
39.5,7,10,4,406
39.5,7,10,5,408
39.5,7,10,6,410
39.5,7,10,7,412
39.5,7,10,8,413
39.5,7,10,9,415
39.5,7,10,10,417
39.5,7,10,11,419
39.5,7,10,12,421
39.5,7,10,13,423
39.5,7,10,14,425
39.5,7,10,15,426
39.5,7,11,0,400
39.5,7,11,1,402
39.5,7,11,2,404
39.5,7,11,3,406
39.5,7,11,4,408
39.5,7,11,5,410
39.5,7,11,6,412
39.5,7,11,7,414
39.5,7,11,8,416
39.5,7,11,9,418
39.5,7,11,10,419
39.5,7,11,11,421
39.5,7,11,12,423
39.5,7,11,13,425
39.5,7,11,14,427
39.5,7,11,15,429
39.5,7,12,0,402
39.5,7,12,1,404
39.5,7,12,2,406
39.5,7,12,3,408
39.5,7,12,4,410
39.5,7,12,5,412
39.5,7,12,6,414
39.5,7,12,7,416
39.5,7,12,8,418
39.5,7,12,9,420
39.5,7,12,10,422
39.5,7,12,11,424
39.5,7,12,12,425
39.5,7,12,13,427
39.5,7,12,14,429
39.5,7,12,15,431
39.5,7,13,0,404
39.5,7,13,1,406
39.5,7,13,2,408
39.5,7,13,3,410
39.5,7,13,4,412
39.5,7,13,5,414
39.5,7,13,6,416
39.5,7,13,7,418
39.5,7,13,8,420
39.5,7,13,9,422
39.5,7,13,10,424
39.5,7,13,11,426
39.5,7,13,12,428
39.5,7,13,13,430
39.5,7,13,14,431
39.5,7,13,15,433
39.5,7,14,0,407
39.5,7,14,1,409
39.5,7,14,2,411
39.5,7,14,3,413
39.5,7,14,4,415
39.5,7,14,5,416
39.5,7,14,6,418
39.5,7,14,7,420
39.5,7,14,8,422
39.5,7,14,9,424
39.5,7,14,10,426
39.5,7,14,11,428
39.5,7,14,12,430
39.5,7,14,13,432
39.5,7,14,14,434
39.5,7,14,15,436
39.5,7,15,0,409
39.5,7,15,1,411
39.5,7,15,2,413
39.5,7,15,3,415
39.5,7,15,4,417
39.5,7,15,5,419
39.5,7,15,6,421
39.5,7,15,7,423
39.5,7,15,8,424
39.5,7,15,9,426
39.5,7,15,10,428
39.5,7,15,11,430
39.5,7,15,12,432
39.5,7,15,13,434
39.5,7,15,14,436
39.5,7,15,15,438
39.5,8,0,0,382
39.5,8,0,1,384
39.5,8,0,2,386
39.5,8,0,3,387
39.5,8,0,4,389
39.5,8,0,5,391
39.5,8,0,6,393
39.5,8,0,7,395
39.5,8,0,8,396
39.5,8,0,9,398
39.5,8,0,10,400
39.5,8,0,11,402
39.5,8,0,12,404
39.5,8,0,13,405
39.5,8,0,14,407
39.5,8,0,15,409
39.5,8,1,0,384
39.5,8,1,1,386
39.5,8,1,2,388
39.5,8,1,3,390
39.5,8,1,4,392
39.5,8,1,5,393
39.5,8,1,6,395
39.5,8,1,7,397
39.5,8,1,8,399
39.5,8,1,9,401
39.5,8,1,10,402
39.5,8,1,11,404
39.5,8,1,12,406
39.5,8,1,13,408
39.5,8,1,14,410
39.5,8,1,15,411
39.5,8,2,0,386
39.5,8,2,1,388
39.5,8,2,2,390
39.5,8,2,3,392
39.5,8,2,4,394
39.5,8,2,5,396
39.5,8,2,6,398
39.5,8,2,7,399
39.5,8,2,8,401
39.5,8,2,9,403
39.5,8,2,10,405
39.5,8,2,11,407
39.5,8,2,12,408
39.5,8,2,13,410
39.5,8,2,14,412
39.5,8,2,15,414
39.5,8,3,0,389
39.5,8,3,1,391
39.5,8,3,2,392
39.5,8,3,3,394
39.5,8,3,4,396
39.5,8,3,5,398
39.5,8,3,6,400
39.5,8,3,7,402
39.5,8,3,8,404
39.5,8,3,9,405
39.5,8,3,10,407
39.5,8,3,11,409
39.5,8,3,12,411
39.5,8,3,13,413
39.5,8,3,14,414
39.5,8,3,15,416
39.5,8,4,0,391
39.5,8,4,1,393
39.5,8,4,2,395
39.5,8,4,3,397
39.5,8,4,4,398
39.5,8,4,5,400
39.5,8,4,6,402
39.5,8,4,7,404
39.5,8,4,8,406
39.5,8,4,9,408
39.5,8,4,10,410
39.5,8,4,11,411
39.5,8,4,12,413
39.5,8,4,13,415
39.5,8,4,14,417
39.5,8,4,15,419
39.5,8,5,0,393
39.5,8,5,1,395
39.5,8,5,2,397
39.5,8,5,3,399
39.5,8,5,4,401
39.5,8,5,5,403
39.5,8,5,6,405
39.5,8,5,7,406
39.5,8,5,8,408
39.5,8,5,9,410
39.5,8,5,10,412
39.5,8,5,11,414
39.5,8,5,12,416
39.5,8,5,13,417
39.5,8,5,14,419
39.5,8,5,15,421
39.5,8,6,0,395
39.5,8,6,1,397
39.5,8,6,2,399
39.5,8,6,3,401
39.5,8,6,4,403
39.5,8,6,5,405
39.5,8,6,6,407
39.5,8,6,7,409
39.5,8,6,8,411
39.5,8,6,9,412
39.5,8,6,10,414
39.5,8,6,11,416
39.5,8,6,12,418
39.5,8,6,13,420
39.5,8,6,14,422
39.5,8,6,15,423
39.5,8,7,0,398
39.5,8,7,1,400
39.5,8,7,2,401
39.5,8,7,3,403
39.5,8,7,4,405
39.5,8,7,5,407
39.5,8,7,6,409
39.5,8,7,7,411
39.5,8,7,8,413
39.5,8,7,9,415
39.5,8,7,10,417
39.5,8,7,11,418
39.5,8,7,12,420
39.5,8,7,13,422
39.5,8,7,14,424
39.5,8,7,15,426
39.5,8,8,0,400
39.5,8,8,1,402
39.5,8,8,2,404
39.5,8,8,3,406
39.5,8,8,4,408
39.5,8,8,5,409
39.5,8,8,6,411
39.5,8,8,7,413
39.5,8,8,8,415
39.5,8,8,9,417
39.5,8,8,10,419
39.5,8,8,11,421
39.5,8,8,12,423
39.5,8,8,13,425
39.5,8,8,14,426
39.5,8,8,15,428
39.5,8,9,0,402
39.5,8,9,1,404
39.5,8,9,2,406
39.5,8,9,3,408
39.5,8,9,4,410
39.5,8,9,5,412
39.5,8,9,6,414
39.5,8,9,7,416
39.5,8,9,8,417
39.5,8,9,9,419
39.5,8,9,10,421
39.5,8,9,11,423
39.5,8,9,12,425
39.5,8,9,13,427
39.5,8,9,14,429
39.5,8,9,15,431
39.5,8,10,0,404
39.5,8,10,1,406
39.5,8,10,2,408
39.5,8,10,3,410
39.5,8,10,4,412
39.5,8,10,5,414
39.5,8,10,6,416
39.5,8,10,7,418
39.5,8,10,8,420
39.5,8,10,9,422
39.5,8,10,10,424
39.5,8,10,11,425
39.5,8,10,12,427
39.5,8,10,13,429
39.5,8,10,14,431
39.5,8,10,15,433
39.5,8,11,0,406
39.5,8,11,1,408
39.5,8,11,2,410
39.5,8,11,3,412
39.5,8,11,4,414
39.5,8,11,5,416
39.5,8,11,6,418
39.5,8,11,7,420
39.5,8,11,8,422
39.5,8,11,9,424
39.5,8,11,10,426
39.5,8,11,11,428
39.5,8,11,12,430
39.5,8,11,13,431
39.5,8,11,14,433
39.5,8,11,15,435
39.5,8,12,0,408
39.5,8,12,1,410
39.5,8,12,2,412
39.5,8,12,3,414
39.5,8,12,4,416
39.5,8,12,5,418
39.5,8,12,6,420
39.5,8,12,7,422
39.5,8,12,8,424
39.5,8,12,9,426
39.5,8,12,10,428
39.5,8,12,11,430
39.5,8,12,12,432
39.5,8,12,13,434
39.5,8,12,14,436
39.5,8,12,15,438
39.5,8,13,0,411
39.5,8,13,1,413
39.5,8,13,2,415
39.5,8,13,3,417
39.5,8,13,4,419
39.5,8,13,5,421
39.5,8,13,6,423
39.5,8,13,7,425
39.5,8,13,8,426
39.5,8,13,9,428
39.5,8,13,10,430
39.5,8,13,11,432
39.5,8,13,12,434
39.5,8,13,13,436
39.5,8,13,14,438
39.5,8,13,15,440
39.5,8,14,0,413
39.5,8,14,1,415
39.5,8,14,2,417
39.5,8,14,3,419
39.5,8,14,4,421
39.5,8,14,5,423
39.5,8,14,6,425
39.5,8,14,7,427
39.5,8,14,8,429
39.5,8,14,9,431
39.5,8,14,10,433
39.5,8,14,11,434
39.5,8,14,12,436
39.5,8,14,13,438
39.5,8,14,14,440
39.5,8,14,15,442
39.5,8,15,0,415
39.5,8,15,1,417
39.5,8,15,2,419
39.5,8,15,3,421
39.5,8,15,4,423
39.5,8,15,5,425
39.5,8,15,6,427
39.5,8,15,7,429
39.5,8,15,8,431
39.5,8,15,9,433
39.5,8,15,10,435
39.5,8,15,11,437
39.5,8,15,12,439
39.5,8,15,13,441
39.5,8,15,14,442
39.5,8,15,15,444
39.5,9,0,0,387
39.5,9,0,1,389
39.5,9,0,2,391
39.5,9,0,3,393
39.5,9,0,4,395
39.5,9,0,5,397
39.5,9,0,6,399
39.5,9,0,7,401
39.5,9,0,8,402
39.5,9,0,9,404
39.5,9,0,10,406
39.5,9,0,11,408
39.5,9,0,12,410
39.5,9,0,13,411
39.5,9,0,14,413
39.5,9,0,15,415
39.5,9,1,0,390
39.5,9,1,1,392
39.5,9,1,2,394
39.5,9,1,3,396
39.5,9,1,4,397
39.5,9,1,5,399
39.5,9,1,6,401
39.5,9,1,7,403
39.5,9,1,8,405
39.5,9,1,9,407
39.5,9,1,10,409
39.5,9,1,11,410
39.5,9,1,12,412
39.5,9,1,13,414
39.5,9,1,14,416
39.5,9,1,15,418
39.5,9,2,0,392
39.5,9,2,1,394
39.5,9,2,2,396
39.5,9,2,3,398
39.5,9,2,4,400
39.5,9,2,5,402
39.5,9,2,6,404
39.5,9,2,7,405
39.5,9,2,8,407
39.5,9,2,9,409
39.5,9,2,10,411
39.5,9,2,11,413
39.5,9,2,12,415
39.5,9,2,13,416
39.5,9,2,14,418
39.5,9,2,15,420
39.5,9,3,0,394
39.5,9,3,1,396
39.5,9,3,2,398
39.5,9,3,3,400
39.5,9,3,4,402
39.5,9,3,5,404
39.5,9,3,6,406
39.5,9,3,7,408
39.5,9,3,8,410
39.5,9,3,9,411
39.5,9,3,10,413
39.5,9,3,11,415
39.5,9,3,12,417
39.5,9,3,13,419
39.5,9,3,14,421
39.5,9,3,15,422
39.5,9,4,0,397
39.5,9,4,1,399
39.5,9,4,2,401
39.5,9,4,3,403
39.5,9,4,4,404
39.5,9,4,5,406
39.5,9,4,6,408
39.5,9,4,7,410
39.5,9,4,8,412
39.5,9,4,9,414
39.5,9,4,10,416
39.5,9,4,11,418
39.5,9,4,12,419
39.5,9,4,13,421
39.5,9,4,14,423
39.5,9,4,15,425
39.5,9,5,0,399
39.5,9,5,1,401
39.5,9,5,2,403
39.5,9,5,3,405
39.5,9,5,4,407
39.5,9,5,5,409
39.5,9,5,6,411
39.5,9,5,7,412
39.5,9,5,8,414
39.5,9,5,9,416
39.5,9,5,10,418
39.5,9,5,11,420
39.5,9,5,12,422
39.5,9,5,13,424
39.5,9,5,14,426
39.5,9,5,15,427
39.5,9,6,0,401
39.5,9,6,1,403
39.5,9,6,2,405
39.5,9,6,3,407
39.5,9,6,4,409
39.5,9,6,5,411
39.5,9,6,6,413
39.5,9,6,7,415
39.5,9,6,8,417
39.5,9,6,9,419
39.5,9,6,10,421
39.5,9,6,11,422
39.5,9,6,12,424
39.5,9,6,13,426
39.5,9,6,14,428
39.5,9,6,15,430
39.5,9,7,0,404
39.5,9,7,1,405
39.5,9,7,2,407
39.5,9,7,3,409
39.5,9,7,4,411
39.5,9,7,5,413
39.5,9,7,6,415
39.5,9,7,7,417
39.5,9,7,8,419
39.5,9,7,9,421
39.5,9,7,10,423
39.5,9,7,11,425
39.5,9,7,12,427
39.5,9,7,13,428
39.5,9,7,14,430
39.5,9,7,15,432
39.5,9,8,0,406
39.5,9,8,1,408
39.5,9,8,2,410
39.5,9,8,3,412
39.5,9,8,4,414
39.5,9,8,5,416
39.5,9,8,6,418
39.5,9,8,7,419
39.5,9,8,8,421
39.5,9,8,9,423
39.5,9,8,10,425
39.5,9,8,11,427
39.5,9,8,12,429
39.5,9,8,13,431
39.5,9,8,14,433
39.5,9,8,15,435
39.5,9,9,0,408
39.5,9,9,1,410
39.5,9,9,2,412
39.5,9,9,3,414
39.5,9,9,4,416
39.5,9,9,5,418
39.5,9,9,6,420
39.5,9,9,7,422
39.5,9,9,8,424
39.5,9,9,9,426
39.5,9,9,10,428
39.5,9,9,11,429
39.5,9,9,12,431
39.5,9,9,13,433
39.5,9,9,14,435
39.5,9,9,15,437
39.5,9,10,0,410
39.5,9,10,1,412
39.5,9,10,2,414
39.5,9,10,3,416
39.5,9,10,4,418
39.5,9,10,5,420
39.5,9,10,6,422
39.5,9,10,7,424
39.5,9,10,8,426
39.5,9,10,9,428
39.5,9,10,10,430
39.5,9,10,11,432
39.5,9,10,12,434
39.5,9,10,13,436
39.5,9,10,14,437
39.5,9,10,15,439
39.5,9,11,0,412
39.5,9,11,1,414
39.5,9,11,2,416
39.5,9,11,3,418
39.5,9,11,4,420
39.5,9,11,5,422
39.5,9,11,6,424
39.5,9,11,7,426
39.5,9,11,8,428
39.5,9,11,9,430
39.5,9,11,10,432
39.5,9,11,11,434
39.5,9,11,12,436
39.5,9,11,13,438
39.5,9,11,14,440
39.5,9,11,15,442
39.5,9,12,0,415
39.5,9,12,1,417
39.5,9,12,2,419
39.5,9,12,3,421
39.5,9,12,4,423
39.5,9,12,5,425
39.5,9,12,6,427
39.5,9,12,7,429
39.5,9,12,8,431
39.5,9,12,9,433
39.5,9,12,10,434
39.5,9,12,11,436
39.5,9,12,12,438
39.5,9,12,13,440
39.5,9,12,14,442
39.5,9,12,15,444
39.5,9,13,0,417
39.5,9,13,1,419
39.5,9,13,2,421
39.5,9,13,3,423
39.5,9,13,4,425
39.5,9,13,5,427
39.5,9,13,6,429
39.5,9,13,7,431
39.5,9,13,8,433
39.5,9,13,9,435
39.5,9,13,10,437
39.5,9,13,11,439
39.5,9,13,12,441
39.5,9,13,13,443
39.5,9,13,14,444
39.5,9,13,15,446
39.5,9,14,0,419
39.5,9,14,1,421
39.5,9,14,2,423
39.5,9,14,3,425
39.5,9,14,4,427
39.5,9,14,5,429
39.5,9,14,6,431
39.5,9,14,7,433
39.5,9,14,8,435
39.5,9,14,9,437
39.5,9,14,10,439
39.5,9,14,11,441
39.5,9,14,12,443
39.5,9,14,13,445
39.5,9,14,14,447
39.5,9,14,15,449
39.5,9,15,0,421
39.5,9,15,1,423
39.5,9,15,2,425
39.5,9,15,3,427
39.5,9,15,4,429
39.5,9,15,5,431
39.5,9,15,6,433
39.5,9,15,7,435
39.5,9,15,8,437
39.5,9,15,9,439
39.5,9,15,10,441
39.5,9,15,11,443
39.5,9,15,12,445
39.5,9,15,13,447
39.5,9,15,14,449
39.5,9,15,15,451
39.5,10,0,0,393
39.5,10,0,1,395
39.5,10,0,2,397
39.5,10,0,3,399
39.5,10,0,4,401
39.5,10,0,5,403
39.5,10,0,6,405
39.5,10,0,7,406
39.5,10,0,8,408
39.5,10,0,9,410
39.5,10,0,10,412
39.5,10,0,11,414
39.5,10,0,12,416
39.5,10,0,13,418
39.5,10,0,14,419
39.5,10,0,15,421
39.5,10,1,0,396
39.5,10,1,1,397
39.5,10,1,2,399
39.5,10,1,3,401
39.5,10,1,4,403
39.5,10,1,5,405
39.5,10,1,6,407
39.5,10,1,7,409
39.5,10,1,8,411
39.5,10,1,9,413
39.5,10,1,10,415
39.5,10,1,11,416
39.5,10,1,12,418
39.5,10,1,13,420
39.5,10,1,14,422
39.5,10,1,15,424
39.5,10,2,0,398
39.5,10,2,1,400
39.5,10,2,2,402
39.5,10,2,3,404
39.5,10,2,4,406
39.5,10,2,5,408
39.5,10,2,6,409
39.5,10,2,7,411
39.5,10,2,8,413
39.5,10,2,9,415
39.5,10,2,10,417
39.5,10,2,11,419
39.5,10,2,12,421
39.5,10,2,13,423
39.5,10,2,14,424
39.5,10,2,15,426
39.5,10,3,0,400
39.5,10,3,1,402
39.5,10,3,2,404
39.5,10,3,3,406
39.5,10,3,4,408
39.5,10,3,5,410
39.5,10,3,6,412
39.5,10,3,7,414
39.5,10,3,8,416
39.5,10,3,9,418
39.5,10,3,10,419
39.5,10,3,11,421
39.5,10,3,12,423
39.5,10,3,13,425
39.5,10,3,14,427
39.5,10,3,15,429
39.5,10,4,0,403
39.5,10,4,1,405
39.5,10,4,2,407
39.5,10,4,3,408
39.5,10,4,4,410
39.5,10,4,5,412
39.5,10,4,6,414
39.5,10,4,7,416
39.5,10,4,8,418
39.5,10,4,9,420
39.5,10,4,10,422
39.5,10,4,11,424
39.5,10,4,12,426
39.5,10,4,13,427
39.5,10,4,14,429
39.5,10,4,15,431
39.5,10,5,0,405
39.5,10,5,1,407
39.5,10,5,2,409
39.5,10,5,3,411
39.5,10,5,4,413
39.5,10,5,5,415
39.5,10,5,6,417
39.5,10,5,7,419
39.5,10,5,8,420
39.5,10,5,9,422
39.5,10,5,10,424
39.5,10,5,11,426
39.5,10,5,12,428
39.5,10,5,13,430
39.5,10,5,14,432
39.5,10,5,15,434
39.5,10,6,0,407
39.5,10,6,1,409
39.5,10,6,2,411
39.5,10,6,3,413
39.5,10,6,4,415
39.5,10,6,5,417
39.5,10,6,6,419
39.5,10,6,7,421
39.5,10,6,8,423
39.5,10,6,9,425
39.5,10,6,10,427
39.5,10,6,11,429
39.5,10,6,12,430
39.5,10,6,13,432
39.5,10,6,14,434
39.5,10,6,15,436
39.5,10,7,0,409
39.5,10,7,1,411
39.5,10,7,2,413
39.5,10,7,3,415
39.5,10,7,4,417
39.5,10,7,5,419
39.5,10,7,6,421
39.5,10,7,7,423
39.5,10,7,8,425
39.5,10,7,9,427
39.5,10,7,10,429
39.5,10,7,11,431
39.5,10,7,12,433
39.5,10,7,13,435
39.5,10,7,14,437
39.5,10,7,15,439
39.5,10,8,0,412
39.5,10,8,1,414
39.5,10,8,2,416
39.5,10,8,3,418
39.5,10,8,4,420
39.5,10,8,5,422
39.5,10,8,6,424
39.5,10,8,7,426
39.5,10,8,8,428
39.5,10,8,9,430
39.5,10,8,10,431
39.5,10,8,11,433
39.5,10,8,12,435
39.5,10,8,13,437
39.5,10,8,14,439
39.5,10,8,15,441
39.5,10,9,0,414
39.5,10,9,1,416
39.5,10,9,2,418
39.5,10,9,3,420
39.5,10,9,4,422
39.5,10,9,5,424
39.5,10,9,6,426
39.5,10,9,7,428
39.5,10,9,8,430
39.5,10,9,9,432
39.5,10,9,10,434
39.5,10,9,11,436
39.5,10,9,12,438
39.5,10,9,13,440
39.5,10,9,14,442
39.5,10,9,15,443
39.5,10,10,0,416
39.5,10,10,1,418
39.5,10,10,2,420
39.5,10,10,3,422
39.5,10,10,4,424
39.5,10,10,5,426
39.5,10,10,6,428
39.5,10,10,7,430
39.5,10,10,8,432
39.5,10,10,9,434
39.5,10,10,10,436
39.5,10,10,11,438
39.5,10,10,12,440
39.5,10,10,13,442
39.5,10,10,14,444
39.5,10,10,15,446
39.5,10,11,0,418
39.5,10,11,1,421
39.5,10,11,2,423
39.5,10,11,3,425
39.5,10,11,4,427
39.5,10,11,5,429
39.5,10,11,6,431
39.5,10,11,7,433
39.5,10,11,8,435
39.5,10,11,9,437
39.5,10,11,10,439
39.5,10,11,11,440
39.5,10,11,12,442
39.5,10,11,13,444
39.5,10,11,14,446
39.5,10,11,15,448
39.5,10,12,0,421
39.5,10,12,1,423
39.5,10,12,2,425
39.5,10,12,3,427
39.5,10,12,4,429
39.5,10,12,5,431
39.5,10,12,6,433
39.5,10,12,7,435
39.5,10,12,8,437
39.5,10,12,9,439
39.5,10,12,10,441
39.5,10,12,11,443
39.5,10,12,12,445
39.5,10,12,13,447
39.5,10,12,14,449
39.5,10,12,15,451
39.5,10,13,0,423
39.5,10,13,1,425
39.5,10,13,2,427
39.5,10,13,3,429
39.5,10,13,4,431
39.5,10,13,5,433
39.5,10,13,6,435
39.5,10,13,7,437
39.5,10,13,8,439
39.5,10,13,9,441
39.5,10,13,10,443
39.5,10,13,11,445
39.5,10,13,12,447
39.5,10,13,13,449
39.5,10,13,14,451
39.5,10,13,15,453
39.5,10,14,0,425
39.5,10,14,1,427
39.5,10,14,2,429
39.5,10,14,3,431
39.5,10,14,4,433
39.5,10,14,5,435
39.5,10,14,6,437
39.5,10,14,7,439
39.5,10,14,8,441
39.5,10,14,9,443
39.5,10,14,10,445
39.5,10,14,11,447
39.5,10,14,12,449
39.5,10,14,13,451
39.5,10,14,14,453
39.5,10,14,15,455
39.5,10,15,0,427
39.5,10,15,1,429
39.5,10,15,2,431
39.5,10,15,3,434
39.5,10,15,4,436
39.5,10,15,5,438
39.5,10,15,6,440
39.5,10,15,7,442
39.5,10,15,8,444
39.5,10,15,9,446
39.5,10,15,10,448
39.5,10,15,11,450
39.5,10,15,12,452
39.5,10,15,13,454
39.5,10,15,14,456
39.5,10,15,15,458
39.5,11,0,0,399
39.5,11,0,1,401
39.5,11,0,2,403
39.5,11,0,3,405
39.5,11,0,4,407
39.5,11,0,5,409
39.5,11,0,6,410
39.5,11,0,7,412
39.5,11,0,8,414
39.5,11,0,9,416
39.5,11,0,10,418
39.5,11,0,11,420
39.5,11,0,12,422
39.5,11,0,13,424
39.5,11,0,14,425
39.5,11,0,15,427
39.5,11,1,0,401
39.5,11,1,1,403
39.5,11,1,2,405
39.5,11,1,3,407
39.5,11,1,4,409
39.5,11,1,5,411
39.5,11,1,6,413
39.5,11,1,7,415
39.5,11,1,8,417
39.5,11,1,9,419
39.5,11,1,10,421
39.5,11,1,11,422
39.5,11,1,12,424
39.5,11,1,13,426
39.5,11,1,14,428
39.5,11,1,15,430
39.5,11,2,0,404
39.5,11,2,1,406
39.5,11,2,2,408
39.5,11,2,3,410
39.5,11,2,4,412
39.5,11,2,5,413
39.5,11,2,6,415
39.5,11,2,7,417
39.5,11,2,8,419
39.5,11,2,9,421
39.5,11,2,10,423
39.5,11,2,11,425
39.5,11,2,12,427
39.5,11,2,13,429
39.5,11,2,14,431
39.5,11,2,15,432
39.5,11,3,0,406
39.5,11,3,1,408
39.5,11,3,2,410
39.5,11,3,3,412
39.5,11,3,4,414
39.5,11,3,5,416
39.5,11,3,6,418
39.5,11,3,7,420
39.5,11,3,8,422
39.5,11,3,9,424
39.5,11,3,10,426
39.5,11,3,11,427
39.5,11,3,12,429
39.5,11,3,13,431
39.5,11,3,14,433
39.5,11,3,15,435
39.5,11,4,0,408
39.5,11,4,1,410
39.5,11,4,2,412
39.5,11,4,3,414
39.5,11,4,4,416
39.5,11,4,5,418
39.5,11,4,6,420
39.5,11,4,7,422
39.5,11,4,8,424
39.5,11,4,9,426
39.5,11,4,10,428
39.5,11,4,11,430
39.5,11,4,12,432
39.5,11,4,13,434
39.5,11,4,14,436
39.5,11,4,15,437
39.5,11,5,0,411
39.5,11,5,1,413
39.5,11,5,2,415
39.5,11,5,3,417
39.5,11,5,4,419
39.5,11,5,5,421
39.5,11,5,6,423
39.5,11,5,7,425
39.5,11,5,8,427
39.5,11,5,9,429
39.5,11,5,10,430
39.5,11,5,11,432
39.5,11,5,12,434
39.5,11,5,13,436
39.5,11,5,14,438
39.5,11,5,15,440
39.5,11,6,0,413
39.5,11,6,1,415
39.5,11,6,2,417
39.5,11,6,3,419
39.5,11,6,4,421
39.5,11,6,5,423
39.5,11,6,6,425
39.5,11,6,7,427
39.5,11,6,8,429
39.5,11,6,9,431
39.5,11,6,10,433
39.5,11,6,11,435
39.5,11,6,12,437
39.5,11,6,13,439
39.5,11,6,14,441
39.5,11,6,15,442
39.5,11,7,0,415
39.5,11,7,1,417
39.5,11,7,2,419
39.5,11,7,3,421
39.5,11,7,4,423
39.5,11,7,5,425
39.5,11,7,6,427
39.5,11,7,7,429
39.5,11,7,8,431
39.5,11,7,9,433
39.5,11,7,10,435
39.5,11,7,11,437
39.5,11,7,12,439
39.5,11,7,13,441
39.5,11,7,14,443
39.5,11,7,15,445
39.5,11,8,0,418
39.5,11,8,1,420
39.5,11,8,2,422
39.5,11,8,3,424
39.5,11,8,4,426
39.5,11,8,5,428
39.5,11,8,6,430
39.5,11,8,7,432
39.5,11,8,8,434
39.5,11,8,9,436
39.5,11,8,10,438
39.5,11,8,11,440
39.5,11,8,12,442
39.5,11,8,13,444
39.5,11,8,14,445
39.5,11,8,15,447
39.5,11,9,0,420
39.5,11,9,1,422
39.5,11,9,2,424
39.5,11,9,3,426
39.5,11,9,4,428
39.5,11,9,5,430
39.5,11,9,6,432
39.5,11,9,7,434
39.5,11,9,8,436
39.5,11,9,9,438
39.5,11,9,10,440
39.5,11,9,11,442
39.5,11,9,12,444
39.5,11,9,13,446
39.5,11,9,14,448
39.5,11,9,15,450
39.5,11,10,0,422
39.5,11,10,1,424
39.5,11,10,2,426
39.5,11,10,3,428
39.5,11,10,4,430
39.5,11,10,5,433
39.5,11,10,6,435
39.5,11,10,7,437
39.5,11,10,8,439
39.5,11,10,9,441
39.5,11,10,10,443
39.5,11,10,11,444
39.5,11,10,12,446
39.5,11,10,13,448
39.5,11,10,14,450
39.5,11,10,15,452
39.5,11,11,0,425
39.5,11,11,1,427
39.5,11,11,2,429
39.5,11,11,3,431
39.5,11,11,4,433
39.5,11,11,5,435
39.5,11,11,6,437
39.5,11,11,7,439
39.5,11,11,8,441
39.5,11,11,9,443
39.5,11,11,10,445
39.5,11,11,11,447
39.5,11,11,12,449
39.5,11,11,13,451
39.5,11,11,14,453
39.5,11,11,15,455
39.5,11,12,0,427
39.5,11,12,1,429
39.5,11,12,2,431
39.5,11,12,3,433
39.5,11,12,4,435
39.5,11,12,5,437
39.5,11,12,6,439
39.5,11,12,7,441
39.5,11,12,8,443
39.5,11,12,9,445
39.5,11,12,10,447
39.5,11,12,11,449
39.5,11,12,12,451
39.5,11,12,13,453
39.5,11,12,14,455
39.5,11,12,15,457
39.5,11,13,0,429
39.5,11,13,1,431
39.5,11,13,2,433
39.5,11,13,3,435
39.5,11,13,4,437
39.5,11,13,5,439
39.5,11,13,6,441
39.5,11,13,7,444
39.5,11,13,8,446
39.5,11,13,9,448
39.5,11,13,10,450
39.5,11,13,11,452
39.5,11,13,12,454
39.5,11,13,13,456
39.5,11,13,14,458
39.5,11,13,15,460
39.5,11,14,0,431
39.5,11,14,1,433
39.5,11,14,2,435
39.5,11,14,3,438
39.5,11,14,4,440
39.5,11,14,5,442
39.5,11,14,6,444
39.5,11,14,7,446
39.5,11,14,8,448
39.5,11,14,9,450
39.5,11,14,10,452
39.5,11,14,11,454
39.5,11,14,12,456
39.5,11,14,13,458
39.5,11,14,14,460
39.5,11,14,15,462
39.5,11,15,0,433
39.5,11,15,1,436
39.5,11,15,2,438
39.5,11,15,3,440
39.5,11,15,4,442
39.5,11,15,5,444
39.5,11,15,6,446
39.5,11,15,7,448
39.5,11,15,8,450
39.5,11,15,9,452
39.5,11,15,10,454
39.5,11,15,11,456
39.5,11,15,12,458
39.5,11,15,13,460
39.5,11,15,14,462
39.5,11,15,15,464
39.5,12,0,0,405
39.5,12,0,1,407
39.5,12,0,2,409
39.5,12,0,3,411
39.5,12,0,4,412
39.5,12,0,5,414
39.5,12,0,6,416
39.5,12,0,7,418
39.5,12,0,8,420
39.5,12,0,9,422
39.5,12,0,10,424
39.5,12,0,11,426
39.5,12,0,12,428
39.5,12,0,13,430
39.5,12,0,14,432
39.5,12,0,15,433
39.5,12,1,0,407
39.5,12,1,1,409
39.5,12,1,2,411
39.5,12,1,3,413
39.5,12,1,4,415
39.5,12,1,5,417
39.5,12,1,6,419
39.5,12,1,7,421
39.5,12,1,8,423
39.5,12,1,9,425
39.5,12,1,10,427
39.5,12,1,11,428
39.5,12,1,12,430
39.5,12,1,13,432
39.5,12,1,14,434
39.5,12,1,15,436
39.5,12,2,0,409
39.5,12,2,1,411
39.5,12,2,2,413
39.5,12,2,3,415
39.5,12,2,4,417
39.5,12,2,5,419
39.5,12,2,6,421
39.5,12,2,7,423
39.5,12,2,8,425
39.5,12,2,9,427
39.5,12,2,10,429
39.5,12,2,11,431
39.5,12,2,12,433
39.5,12,2,13,435
39.5,12,2,14,437
39.5,12,2,15,439
39.5,12,3,0,412
39.5,12,3,1,414
39.5,12,3,2,416
39.5,12,3,3,418
39.5,12,3,4,420
39.5,12,3,5,422
39.5,12,3,6,424
39.5,12,3,7,426
39.5,12,3,8,428
39.5,12,3,9,430
39.5,12,3,10,432
39.5,12,3,11,434
39.5,12,3,12,435
39.5,12,3,13,437
39.5,12,3,14,439
39.5,12,3,15,441
39.5,12,4,0,414
39.5,12,4,1,416
39.5,12,4,2,418
39.5,12,4,3,420
39.5,12,4,4,422
39.5,12,4,5,424
39.5,12,4,6,426
39.5,12,4,7,428
39.5,12,4,8,430
39.5,12,4,9,432
39.5,12,4,10,434
39.5,12,4,11,436
39.5,12,4,12,438
39.5,12,4,13,440
39.5,12,4,14,442
39.5,12,4,15,444
39.5,12,5,0,417
39.5,12,5,1,419
39.5,12,5,2,421
39.5,12,5,3,423
39.5,12,5,4,425
39.5,12,5,5,427
39.5,12,5,6,429
39.5,12,5,7,431
39.5,12,5,8,433
39.5,12,5,9,435
39.5,12,5,10,437
39.5,12,5,11,439
39.5,12,5,12,440
39.5,12,5,13,442
39.5,12,5,14,444
39.5,12,5,15,446
39.5,12,6,0,419
39.5,12,6,1,421
39.5,12,6,2,423
39.5,12,6,3,425
39.5,12,6,4,427
39.5,12,6,5,429
39.5,12,6,6,431
39.5,12,6,7,433
39.5,12,6,8,435
39.5,12,6,9,437
39.5,12,6,10,439
39.5,12,6,11,441
39.5,12,6,12,443
39.5,12,6,13,445
39.5,12,6,14,447
39.5,12,6,15,449
39.5,12,7,0,421
39.5,12,7,1,423
39.5,12,7,2,425
39.5,12,7,3,428
39.5,12,7,4,430
39.5,12,7,5,432
39.5,12,7,6,434
39.5,12,7,7,436
39.5,12,7,8,438
39.5,12,7,9,440
39.5,12,7,10,442
39.5,12,7,11,444
39.5,12,7,12,445
39.5,12,7,13,447
39.5,12,7,14,449
39.5,12,7,15,451
39.5,12,8,0,424
39.5,12,8,1,426
39.5,12,8,2,428
39.5,12,8,3,430
39.5,12,8,4,432
39.5,12,8,5,434
39.5,12,8,6,436
39.5,12,8,7,438
39.5,12,8,8,440
39.5,12,8,9,442
39.5,12,8,10,444
39.5,12,8,11,446
39.5,12,8,12,448
39.5,12,8,13,450
39.5,12,8,14,452
39.5,12,8,15,454
39.5,12,9,0,426
39.5,12,9,1,428
39.5,12,9,2,430
39.5,12,9,3,432
39.5,12,9,4,434
39.5,12,9,5,436
39.5,12,9,6,438
39.5,12,9,7,440
39.5,12,9,8,442
39.5,12,9,9,444
39.5,12,9,10,446
39.5,12,9,11,448
39.5,12,9,12,450
39.5,12,9,13,452
39.5,12,9,14,454
39.5,12,9,15,456
39.5,12,10,0,428
39.5,12,10,1,430
39.5,12,10,2,433
39.5,12,10,3,435
39.5,12,10,4,437
39.5,12,10,5,439
39.5,12,10,6,441
39.5,12,10,7,443
39.5,12,10,8,445
39.5,12,10,9,447
39.5,12,10,10,449
39.5,12,10,11,451
39.5,12,10,12,453
39.5,12,10,13,455
39.5,12,10,14,457
39.5,12,10,15,459
39.5,12,11,0,431
39.5,12,11,1,433
39.5,12,11,2,435
39.5,12,11,3,437
39.5,12,11,4,439
39.5,12,11,5,441
39.5,12,11,6,443
39.5,12,11,7,445
39.5,12,11,8,447
39.5,12,11,9,449
39.5,12,11,10,451
39.5,12,11,11,453
39.5,12,11,12,455
39.5,12,11,13,457
39.5,12,11,14,459
39.5,12,11,15,461
39.5,12,12,0,433
39.5,12,12,1,435
39.5,12,12,2,437
39.5,12,12,3,439
39.5,12,12,4,441
39.5,12,12,5,443
39.5,12,12,6,445
39.5,12,12,7,448
39.5,12,12,8,450
39.5,12,12,9,452
39.5,12,12,10,454
39.5,12,12,11,456
39.5,12,12,12,458
39.5,12,12,13,460
39.5,12,12,14,462
39.5,12,12,15,464
39.5,12,13,0,435
39.5,12,13,1,437
39.5,12,13,2,439
39.5,12,13,3,442
39.5,12,13,4,444
39.5,12,13,5,446
39.5,12,13,6,448
39.5,12,13,7,450
39.5,12,13,8,452
39.5,12,13,9,454
39.5,12,13,10,456
39.5,12,13,11,458
39.5,12,13,12,460
39.5,12,13,13,462
39.5,12,13,14,464
39.5,12,13,15,466
39.5,12,14,0,437
39.5,12,14,1,440
39.5,12,14,2,442
39.5,12,14,3,444
39.5,12,14,4,446
39.5,12,14,5,448
39.5,12,14,6,450
39.5,12,14,7,452
39.5,12,14,8,454
39.5,12,14,9,456
39.5,12,14,10,458
39.5,12,14,11,460
39.5,12,14,12,462
39.5,12,14,13,465
39.5,12,14,14,467
39.5,12,14,15,469
39.5,12,15,0,440
39.5,12,15,1,442
39.5,12,15,2,444
39.5,12,15,3,446
39.5,12,15,4,448
39.5,12,15,5,450
39.5,12,15,6,452
39.5,12,15,7,455
39.5,12,15,8,457
39.5,12,15,9,459
39.5,12,15,10,461
39.5,12,15,11,463
39.5,12,15,12,465
39.5,12,15,13,467
39.5,12,15,14,469
39.5,12,15,15,471
39.5,13,0,0,410
39.5,13,0,1,412
39.5,13,0,2,414
39.5,13,0,3,416
39.5,13,0,4,418
39.5,13,0,5,420
39.5,13,0,6,422
39.5,13,0,7,424
39.5,13,0,8,426
39.5,13,0,9,428
39.5,13,0,10,430
39.5,13,0,11,432
39.5,13,0,12,434
39.5,13,0,13,436
39.5,13,0,14,438
39.5,13,0,15,439
39.5,13,1,0,413
39.5,13,1,1,415
39.5,13,1,2,417
39.5,13,1,3,419
39.5,13,1,4,421
39.5,13,1,5,423
39.5,13,1,6,425
39.5,13,1,7,427
39.5,13,1,8,429
39.5,13,1,9,431
39.5,13,1,10,433
39.5,13,1,11,434
39.5,13,1,12,436
39.5,13,1,13,438
39.5,13,1,14,440
39.5,13,1,15,442
39.5,13,2,0,415
39.5,13,2,1,417
39.5,13,2,2,419
39.5,13,2,3,421
39.5,13,2,4,423
39.5,13,2,5,425
39.5,13,2,6,427
39.5,13,2,7,429
39.5,13,2,8,431
39.5,13,2,9,433
39.5,13,2,10,435
39.5,13,2,11,437
39.5,13,2,12,439
39.5,13,2,13,441
39.5,13,2,14,443
39.5,13,2,15,445
39.5,13,3,0,418
39.5,13,3,1,420
39.5,13,3,2,422
39.5,13,3,3,424
39.5,13,3,4,426
39.5,13,3,5,428
39.5,13,3,6,430
39.5,13,3,7,432
39.5,13,3,8,434
39.5,13,3,9,436
39.5,13,3,10,438
39.5,13,3,11,440
39.5,13,3,12,442
39.5,13,3,13,444
39.5,13,3,14,445
39.5,13,3,15,447
39.5,13,4,0,420
39.5,13,4,1,422
39.5,13,4,2,424
39.5,13,4,3,426
39.5,13,4,4,428
39.5,13,4,5,430
39.5,13,4,6,432
39.5,13,4,7,434
39.5,13,4,8,436
39.5,13,4,9,438
39.5,13,4,10,440
39.5,13,4,11,442
39.5,13,4,12,444
39.5,13,4,13,446
39.5,13,4,14,448
39.5,13,4,15,450
39.5,13,5,0,423
39.5,13,5,1,425
39.5,13,5,2,427
39.5,13,5,3,429
39.5,13,5,4,431
39.5,13,5,5,433
39.5,13,5,6,435
39.5,13,5,7,437
39.5,13,5,8,439
39.5,13,5,9,441
39.5,13,5,10,443
39.5,13,5,11,445
39.5,13,5,12,447
39.5,13,5,13,449
39.5,13,5,14,451
39.5,13,5,15,453
39.5,13,6,0,425
39.5,13,6,1,427
39.5,13,6,2,429
39.5,13,6,3,431
39.5,13,6,4,433
39.5,13,6,5,435
39.5,13,6,6,437
39.5,13,6,7,439
39.5,13,6,8,441
39.5,13,6,9,443
39.5,13,6,10,445
39.5,13,6,11,447
39.5,13,6,12,449
39.5,13,6,13,451
39.5,13,6,14,453
39.5,13,6,15,455
39.5,13,7,0,427
39.5,13,7,1,429
39.5,13,7,2,431
39.5,13,7,3,434
39.5,13,7,4,436
39.5,13,7,5,438
39.5,13,7,6,440
39.5,13,7,7,442
39.5,13,7,8,444
39.5,13,7,9,446
39.5,13,7,10,448
39.5,13,7,11,450
39.5,13,7,12,452
39.5,13,7,13,454
39.5,13,7,14,456
39.5,13,7,15,458
39.5,13,8,0,430
39.5,13,8,1,432
39.5,13,8,2,434
39.5,13,8,3,436
39.5,13,8,4,438
39.5,13,8,5,440
39.5,13,8,6,442
39.5,13,8,7,444
39.5,13,8,8,446
39.5,13,8,9,448
39.5,13,8,10,450
39.5,13,8,11,452
39.5,13,8,12,454
39.5,13,8,13,456
39.5,13,8,14,458
39.5,13,8,15,460
39.5,13,9,0,432
39.5,13,9,1,434
39.5,13,9,2,436
39.5,13,9,3,438
39.5,13,9,4,440
39.5,13,9,5,442
39.5,13,9,6,445
39.5,13,9,7,447
39.5,13,9,8,449
39.5,13,9,9,451
39.5,13,9,10,453
39.5,13,9,11,455
39.5,13,9,12,457
39.5,13,9,13,459
39.5,13,9,14,461
39.5,13,9,15,463
39.5,13,10,0,434
39.5,13,10,1,436
39.5,13,10,2,439
39.5,13,10,3,441
39.5,13,10,4,443
39.5,13,10,5,445
39.5,13,10,6,447
39.5,13,10,7,449
39.5,13,10,8,451
39.5,13,10,9,453
39.5,13,10,10,455
39.5,13,10,11,457
39.5,13,10,12,459
39.5,13,10,13,461
39.5,13,10,14,463
39.5,13,10,15,465
39.5,13,11,0,437
39.5,13,11,1,439
39.5,13,11,2,441
39.5,13,11,3,443
39.5,13,11,4,445
39.5,13,11,5,447
39.5,13,11,6,449
39.5,13,11,7,451
39.5,13,11,8,454
39.5,13,11,9,456
39.5,13,11,10,458
39.5,13,11,11,460
39.5,13,11,12,462
39.5,13,11,13,464
39.5,13,11,14,466
39.5,13,11,15,468
39.5,13,12,0,439
39.5,13,12,1,441
39.5,13,12,2,443
39.5,13,12,3,445
39.5,13,12,4,448
39.5,13,12,5,450
39.5,13,12,6,452
39.5,13,12,7,454
39.5,13,12,8,456
39.5,13,12,9,458
39.5,13,12,10,460
39.5,13,12,11,462
39.5,13,12,12,464
39.5,13,12,13,466
39.5,13,12,14,468
39.5,13,12,15,470
39.5,13,13,0,441
39.5,13,13,1,443
39.5,13,13,2,446
39.5,13,13,3,448
39.5,13,13,4,450
39.5,13,13,5,452
39.5,13,13,6,454
39.5,13,13,7,456
39.5,13,13,8,458
39.5,13,13,9,460
39.5,13,13,10,462
39.5,13,13,11,465
39.5,13,13,12,467
39.5,13,13,13,469
39.5,13,13,14,471
39.5,13,13,15,473
39.5,13,14,0,444
39.5,13,14,1,446
39.5,13,14,2,448
39.5,13,14,3,450
39.5,13,14,4,452
39.5,13,14,5,454
39.5,13,14,6,456
39.5,13,14,7,459
39.5,13,14,8,461
39.5,13,14,9,463
39.5,13,14,10,465
39.5,13,14,11,467
39.5,13,14,12,469
39.5,13,14,13,471
39.5,13,14,14,473
39.5,13,14,15,475
39.5,13,15,0,446
39.5,13,15,1,448
39.5,13,15,2,450
39.5,13,15,3,452
39.5,13,15,4,455
39.5,13,15,5,457
39.5,13,15,6,459
39.5,13,15,7,461
39.5,13,15,8,463
39.5,13,15,9,465
39.5,13,15,10,467
39.5,13,15,11,469
39.5,13,15,12,471
39.5,13,15,13,473
39.5,13,15,14,476
39.5,13,15,15,478
39.5,14,0,0,416
39.5,14,0,1,418
39.5,14,0,2,420
39.5,14,0,3,422
39.5,14,0,4,424
39.5,14,0,5,426
39.5,14,0,6,428
39.5,14,0,7,430
39.5,14,0,8,432
39.5,14,0,9,434
39.5,14,0,10,436
39.5,14,0,11,438
39.5,14,0,12,440
39.5,14,0,13,442
39.5,14,0,14,444
39.5,14,0,15,446
39.5,14,1,0,419
39.5,14,1,1,421
39.5,14,1,2,423
39.5,14,1,3,425
39.5,14,1,4,427
39.5,14,1,5,429
39.5,14,1,6,431
39.5,14,1,7,433
39.5,14,1,8,435
39.5,14,1,9,437
39.5,14,1,10,439
39.5,14,1,11,441
39.5,14,1,12,442
39.5,14,1,13,444
39.5,14,1,14,446
39.5,14,1,15,448
39.5,14,2,0,421
39.5,14,2,1,423
39.5,14,2,2,425
39.5,14,2,3,427
39.5,14,2,4,429
39.5,14,2,5,431
39.5,14,2,6,433
39.5,14,2,7,435
39.5,14,2,8,437
39.5,14,2,9,439
39.5,14,2,10,441
39.5,14,2,11,443
39.5,14,2,12,445
39.5,14,2,13,447
39.5,14,2,14,449
39.5,14,2,15,451
39.5,14,3,0,423
39.5,14,3,1,426
39.5,14,3,2,428
39.5,14,3,3,430
39.5,14,3,4,432
39.5,14,3,5,434
39.5,14,3,6,436
39.5,14,3,7,438
39.5,14,3,8,440
39.5,14,3,9,442
39.5,14,3,10,444
39.5,14,3,11,446
39.5,14,3,12,448
39.5,14,3,13,450
39.5,14,3,14,452
39.5,14,3,15,454
39.5,14,4,0,426
39.5,14,4,1,428
39.5,14,4,2,430
39.5,14,4,3,432
39.5,14,4,4,434
39.5,14,4,5,436
39.5,14,4,6,438
39.5,14,4,7,440
39.5,14,4,8,442
39.5,14,4,9,444
39.5,14,4,10,446
39.5,14,4,11,448
39.5,14,4,12,450
39.5,14,4,13,452
39.5,14,4,14,454
39.5,14,4,15,456
39.5,14,5,0,428
39.5,14,5,1,430
39.5,14,5,2,433
39.5,14,5,3,435
39.5,14,5,4,437
39.5,14,5,5,439
39.5,14,5,6,441
39.5,14,5,7,443
39.5,14,5,8,445
39.5,14,5,9,447
39.5,14,5,10,449
39.5,14,5,11,451
39.5,14,5,12,453
39.5,14,5,13,455
39.5,14,5,14,457
39.5,14,5,15,459
39.5,14,6,0,431
39.5,14,6,1,433
39.5,14,6,2,435
39.5,14,6,3,437
39.5,14,6,4,439
39.5,14,6,5,441
39.5,14,6,6,443
39.5,14,6,7,445
39.5,14,6,8,447
39.5,14,6,9,449
39.5,14,6,10,451
39.5,14,6,11,453
39.5,14,6,12,455
39.5,14,6,13,457
39.5,14,6,14,459
39.5,14,6,15,461
39.5,14,7,0,433
39.5,14,7,1,435
39.5,14,7,2,437
39.5,14,7,3,440
39.5,14,7,4,442
39.5,14,7,5,444
39.5,14,7,6,446
39.5,14,7,7,448
39.5,14,7,8,450
39.5,14,7,9,452
39.5,14,7,10,454
39.5,14,7,11,456
39.5,14,7,12,458
39.5,14,7,13,460
39.5,14,7,14,462
39.5,14,7,15,464
39.5,14,8,0,436
39.5,14,8,1,438
39.5,14,8,2,440
39.5,14,8,3,442
39.5,14,8,4,444
39.5,14,8,5,446
39.5,14,8,6,448
39.5,14,8,7,450
39.5,14,8,8,452
39.5,14,8,9,454
39.5,14,8,10,457
39.5,14,8,11,459
39.5,14,8,12,461
39.5,14,8,13,463
39.5,14,8,14,465
39.5,14,8,15,467
39.5,14,9,0,438
39.5,14,9,1,440
39.5,14,9,2,442
39.5,14,9,3,444
39.5,14,9,4,447
39.5,14,9,5,449
39.5,14,9,6,451
39.5,14,9,7,453
39.5,14,9,8,455
39.5,14,9,9,457
39.5,14,9,10,459
39.5,14,9,11,461
39.5,14,9,12,463
39.5,14,9,13,465
39.5,14,9,14,467
39.5,14,9,15,469
39.5,14,10,0,440
39.5,14,10,1,443
39.5,14,10,2,445
39.5,14,10,3,447
39.5,14,10,4,449
39.5,14,10,5,451
39.5,14,10,6,453
39.5,14,10,7,455
39.5,14,10,8,457
39.5,14,10,9,459
39.5,14,10,10,462
39.5,14,10,11,464
39.5,14,10,12,466
39.5,14,10,13,468
39.5,14,10,14,470
39.5,14,10,15,472
39.5,14,11,0,443
39.5,14,11,1,445
39.5,14,11,2,447
39.5,14,11,3,449
39.5,14,11,4,451
39.5,14,11,5,453
39.5,14,11,6,456
39.5,14,11,7,458
39.5,14,11,8,460
39.5,14,11,9,462
39.5,14,11,10,464
39.5,14,11,11,466
39.5,14,11,12,468
39.5,14,11,13,470
39.5,14,11,14,472
39.5,14,11,15,474
39.5,14,12,0,445
39.5,14,12,1,447
39.5,14,12,2,449
39.5,14,12,3,452
39.5,14,12,4,454
39.5,14,12,5,456
39.5,14,12,6,458
39.5,14,12,7,460
39.5,14,12,8,462
39.5,14,12,9,464
39.5,14,12,10,466
39.5,14,12,11,469
39.5,14,12,12,471
39.5,14,12,13,473
39.5,14,12,14,475
39.5,14,12,15,477
39.5,14,13,0,447
39.5,14,13,1,450
39.5,14,13,2,452
39.5,14,13,3,454
39.5,14,13,4,456
39.5,14,13,5,458
39.5,14,13,6,460
39.5,14,13,7,463
39.5,14,13,8,465
39.5,14,13,9,467
39.5,14,13,10,469
39.5,14,13,11,471
39.5,14,13,12,473
39.5,14,13,13,475
39.5,14,13,14,477
39.5,14,13,15,479
39.5,14,14,0,450
39.5,14,14,1,452
39.5,14,14,2,454
39.5,14,14,3,456
39.5,14,14,4,459
39.5,14,14,5,461
39.5,14,14,6,463
39.5,14,14,7,465
39.5,14,14,8,467
39.5,14,14,9,469
39.5,14,14,10,471
39.5,14,14,11,473
39.5,14,14,12,476
39.5,14,14,13,478
39.5,14,14,14,480
39.5,14,14,15,482
39.5,14,15,0,452
39.5,14,15,1,454
39.5,14,15,2,457
39.5,14,15,3,459
39.5,14,15,4,461
39.5,14,15,5,463
39.5,14,15,6,465
39.5,14,15,7,467
39.5,14,15,8,470
39.5,14,15,9,472
39.5,14,15,10,474
39.5,14,15,11,476
39.5,14,15,12,478
39.5,14,15,13,480
39.5,14,15,14,482
39.5,14,15,15,484
39.5,15,0,0,422
39.5,15,0,1,424
39.5,15,0,2,426
39.5,15,0,3,428
39.5,15,0,4,430
39.5,15,0,5,432
39.5,15,0,6,434
39.5,15,0,7,436
39.5,15,0,8,438
39.5,15,0,9,440
39.5,15,0,10,442
39.5,15,0,11,444
39.5,15,0,12,446
39.5,15,0,13,448
39.5,15,0,14,450
39.5,15,0,15,452
39.5,15,1,0,424
39.5,15,1,1,426
39.5,15,1,2,428
39.5,15,1,3,430
39.5,15,1,4,433
39.5,15,1,5,435
39.5,15,1,6,437
39.5,15,1,7,439
39.5,15,1,8,441
39.5,15,1,9,443
39.5,15,1,10,445
39.5,15,1,11,447
39.5,15,1,12,449
39.5,15,1,13,451
39.5,15,1,14,452
39.5,15,1,15,454
39.5,15,2,0,427
39.5,15,2,1,429
39.5,15,2,2,431
39.5,15,2,3,433
39.5,15,2,4,435
39.5,15,2,5,437
39.5,15,2,6,439
39.5,15,2,7,441
39.5,15,2,8,443
39.5,15,2,9,445
39.5,15,2,10,447
39.5,15,2,11,449
39.5,15,2,12,451
39.5,15,2,13,453
39.5,15,2,14,455
39.5,15,2,15,457
39.5,15,3,0,429
39.5,15,3,1,431
39.5,15,3,2,433
39.5,15,3,3,436
39.5,15,3,4,438
39.5,15,3,5,440
39.5,15,3,6,442
39.5,15,3,7,444
39.5,15,3,8,446
39.5,15,3,9,448
39.5,15,3,10,450
39.5,15,3,11,452
39.5,15,3,12,454
39.5,15,3,13,456
39.5,15,3,14,458
39.5,15,3,15,460
39.5,15,4,0,432
39.5,15,4,1,434
39.5,15,4,2,436
39.5,15,4,3,438
39.5,15,4,4,440
39.5,15,4,5,442
39.5,15,4,6,444
39.5,15,4,7,446
39.5,15,4,8,448
39.5,15,4,9,450
39.5,15,4,10,452
39.5,15,4,11,454
39.5,15,4,12,456
39.5,15,4,13,458
39.5,15,4,14,460
39.5,15,4,15,462
39.5,15,5,0,434
39.5,15,5,1,436
39.5,15,5,2,438
39.5,15,5,3,441
39.5,15,5,4,443
39.5,15,5,5,445
39.5,15,5,6,447
39.5,15,5,7,449
39.5,15,5,8,451
39.5,15,5,9,453
39.5,15,5,10,455
39.5,15,5,11,457
39.5,15,5,12,459
39.5,15,5,13,461
39.5,15,5,14,463
39.5,15,5,15,465
39.5,15,6,0,437
39.5,15,6,1,439
39.5,15,6,2,441
39.5,15,6,3,443
39.5,15,6,4,445
39.5,15,6,5,447
39.5,15,6,6,449
39.5,15,6,7,451
39.5,15,6,8,454
39.5,15,6,9,456
39.5,15,6,10,458
39.5,15,6,11,460
39.5,15,6,12,462
39.5,15,6,13,464
39.5,15,6,14,466
39.5,15,6,15,468
39.5,15,7,0,439
39.5,15,7,1,441
39.5,15,7,2,443
39.5,15,7,3,446
39.5,15,7,4,448
39.5,15,7,5,450
39.5,15,7,6,452
39.5,15,7,7,454
39.5,15,7,8,456
39.5,15,7,9,458
39.5,15,7,10,460
39.5,15,7,11,462
39.5,15,7,12,464
39.5,15,7,13,466
39.5,15,7,14,468
39.5,15,7,15,470
39.5,15,8,0,442
39.5,15,8,1,444
39.5,15,8,2,446
39.5,15,8,3,448
39.5,15,8,4,450
39.5,15,8,5,452
39.5,15,8,6,454
39.5,15,8,7,457
39.5,15,8,8,459
39.5,15,8,9,461
39.5,15,8,10,463
39.5,15,8,11,465
39.5,15,8,12,467
39.5,15,8,13,469
39.5,15,8,14,471
39.5,15,8,15,473
39.5,15,9,0,444
39.5,15,9,1,446
39.5,15,9,2,448
39.5,15,9,3,451
39.5,15,9,4,453
39.5,15,9,5,455
39.5,15,9,6,457
39.5,15,9,7,459
39.5,15,9,8,461
39.5,15,9,9,463
39.5,15,9,10,465
39.5,15,9,11,467
39.5,15,9,12,469
39.5,15,9,13,472
39.5,15,9,14,474
39.5,15,9,15,476
39.5,15,10,0,446
39.5,15,10,1,449
39.5,15,10,2,451
39.5,15,10,3,453
39.5,15,10,4,455
39.5,15,10,5,457
39.5,15,10,6,459
39.5,15,10,7,462
39.5,15,10,8,464
39.5,15,10,9,466
39.5,15,10,10,468
39.5,15,10,11,470
39.5,15,10,12,472
39.5,15,10,13,474
39.5,15,10,14,476
39.5,15,10,15,478
39.5,15,11,0,449
39.5,15,11,1,451
39.5,15,11,2,453
39.5,15,11,3,455
39.5,15,11,4,458
39.5,15,11,5,460
39.5,15,11,6,462
39.5,15,11,7,464
39.5,15,11,8,466
39.5,15,11,9,468
39.5,15,11,10,470
39.5,15,11,11,472
39.5,15,11,12,475
39.5,15,11,13,477
39.5,15,11,14,479
39.5,15,11,15,481
39.5,15,12,0,451
39.5,15,12,1,453
39.5,15,12,2,456
39.5,15,12,3,458
39.5,15,12,4,460
39.5,15,12,5,462
39.5,15,12,6,464
39.5,15,12,7,466
39.5,15,12,8,469
39.5,15,12,9,471
39.5,15,12,10,473
39.5,15,12,11,475
39.5,15,12,12,477
39.5,15,12,13,479
39.5,15,12,14,481
39.5,15,12,15,483
39.5,15,13,0,454
39.5,15,13,1,456
39.5,15,13,2,458
39.5,15,13,3,460
39.5,15,13,4,462
39.5,15,13,5,465
39.5,15,13,6,467
39.5,15,13,7,469
39.5,15,13,8,471
39.5,15,13,9,473
39.5,15,13,10,475
39.5,15,13,11,477
39.5,15,13,12,480
39.5,15,13,13,482
39.5,15,13,14,484
39.5,15,13,15,486
39.5,15,14,0,456
39.5,15,14,1,458
39.5,15,14,2,460
39.5,15,14,3,463
39.5,15,14,4,465
39.5,15,14,5,467
39.5,15,14,6,469
39.5,15,14,7,471
39.5,15,14,8,474
39.5,15,14,9,476
39.5,15,14,10,478
39.5,15,14,11,480
39.5,15,14,12,482
39.5,15,14,13,484
39.5,15,14,14,486
39.5,15,14,15,488
39.5,15,15,0,458
39.5,15,15,1,461
39.5,15,15,2,463
39.5,15,15,3,465
39.5,15,15,4,467
39.5,15,15,5,469
39.5,15,15,6,472
39.5,15,15,7,474
39.5,15,15,8,476
39.5,15,15,9,478
39.5,15,15,10,480
39.5,15,15,11,482
39.5,15,15,12,485
39.5,15,15,13,487
39.5,15,15,14,489
39.5,15,15,15,491
40.0,0,0,0,339
40.0,0,0,1,340
40.0,0,0,2,342
40.0,0,0,3,344
40.0,0,0,4,345
40.0,0,0,5,347
40.0,0,0,6,348
40.0,0,0,7,350
40.0,0,0,8,352
40.0,0,0,9,353
40.0,0,0,10,355
40.0,0,0,11,356
40.0,0,0,12,358
40.0,0,0,13,360
40.0,0,0,14,361
40.0,0,0,15,363
40.0,0,1,0,341
40.0,0,1,1,342
40.0,0,1,2,344
40.0,0,1,3,346
40.0,0,1,4,347
40.0,0,1,5,349
40.0,0,1,6,350
40.0,0,1,7,352
40.0,0,1,8,354
40.0,0,1,9,355
40.0,0,1,10,357
40.0,0,1,11,359
40.0,0,1,12,360
40.0,0,1,13,362
40.0,0,1,14,363
40.0,0,1,15,365
40.0,0,2,0,343
40.0,0,2,1,344
40.0,0,2,2,346
40.0,0,2,3,348
40.0,0,2,4,349
40.0,0,2,5,351
40.0,0,2,6,353
40.0,0,2,7,354
40.0,0,2,8,356
40.0,0,2,9,357
40.0,0,2,10,359
40.0,0,2,11,361
40.0,0,2,12,362
40.0,0,2,13,364
40.0,0,2,14,365
40.0,0,2,15,367
40.0,0,3,0,345
40.0,0,3,1,346
40.0,0,3,2,348
40.0,0,3,3,350
40.0,0,3,4,351
40.0,0,3,5,353
40.0,0,3,6,355
40.0,0,3,7,356
40.0,0,3,8,358
40.0,0,3,9,360
40.0,0,3,10,361
40.0,0,3,11,363
40.0,0,3,12,364
40.0,0,3,13,366
40.0,0,3,14,368
40.0,0,3,15,369
40.0,0,4,0,347
40.0,0,4,1,348
40.0,0,4,2,350
40.0,0,4,3,352
40.0,0,4,4,353
40.0,0,4,5,355
40.0,0,4,6,357
40.0,0,4,7,358
40.0,0,4,8,360
40.0,0,4,9,362
40.0,0,4,10,363
40.0,0,4,11,365
40.0,0,4,12,366
40.0,0,4,13,368
40.0,0,4,14,370
40.0,0,4,15,371
40.0,0,5,0,349
40.0,0,5,1,350
40.0,0,5,2,352
40.0,0,5,3,354
40.0,0,5,4,355
40.0,0,5,5,357
40.0,0,5,6,359
40.0,0,5,7,360
40.0,0,5,8,362
40.0,0,5,9,364
40.0,0,5,10,365
40.0,0,5,11,367
40.0,0,5,12,369
40.0,0,5,13,370
40.0,0,5,14,372
40.0,0,5,15,373
40.0,0,6,0,351
40.0,0,6,1,352
40.0,0,6,2,354
40.0,0,6,3,356
40.0,0,6,4,357
40.0,0,6,5,359
40.0,0,6,6,361
40.0,0,6,7,362
40.0,0,6,8,364
40.0,0,6,9,366
40.0,0,6,10,367
40.0,0,6,11,369
40.0,0,6,12,371
40.0,0,6,13,372
40.0,0,6,14,374
40.0,0,6,15,376
40.0,0,7,0,353
40.0,0,7,1,354
40.0,0,7,2,356
40.0,0,7,3,358
40.0,0,7,4,359
40.0,0,7,5,361
40.0,0,7,6,363
40.0,0,7,7,364
40.0,0,7,8,366
40.0,0,7,9,368
40.0,0,7,10,369
40.0,0,7,11,371
40.0,0,7,12,373
40.0,0,7,13,374
40.0,0,7,14,376
40.0,0,7,15,378
40.0,0,8,0,355
40.0,0,8,1,356
40.0,0,8,2,358
40.0,0,8,3,360
40.0,0,8,4,361
40.0,0,8,5,363
40.0,0,8,6,365
40.0,0,8,7,367
40.0,0,8,8,368
40.0,0,8,9,370
40.0,0,8,10,372
40.0,0,8,11,373
40.0,0,8,12,375
40.0,0,8,13,376
40.0,0,8,14,378
40.0,0,8,15,380
40.0,0,9,0,356
40.0,0,9,1,358
40.0,0,9,2,360
40.0,0,9,3,362
40.0,0,9,4,363
40.0,0,9,5,365
40.0,0,9,6,367
40.0,0,9,7,369
40.0,0,9,8,370
40.0,0,9,9,372
40.0,0,9,10,374
40.0,0,9,11,375
40.0,0,9,12,377
40.0,0,9,13,379
40.0,0,9,14,380
40.0,0,9,15,382
40.0,0,10,0,358
40.0,0,10,1,360
40.0,0,10,2,362
40.0,0,10,3,364
40.0,0,10,4,365
40.0,0,10,5,367
40.0,0,10,6,369
40.0,0,10,7,371
40.0,0,10,8,372
40.0,0,10,9,374
40.0,0,10,10,376
40.0,0,10,11,377
40.0,0,10,12,379
40.0,0,10,13,381
40.0,0,10,14,382
40.0,0,10,15,384
40.0,0,11,0,360
40.0,0,11,1,362
40.0,0,11,2,364
40.0,0,11,3,366
40.0,0,11,4,367
40.0,0,11,5,369
40.0,0,11,6,371
40.0,0,11,7,373
40.0,0,11,8,374
40.0,0,11,9,376
40.0,0,11,10,378
40.0,0,11,11,379
40.0,0,11,12,381
40.0,0,11,13,383
40.0,0,11,14,384
40.0,0,11,15,386
40.0,0,12,0,362
40.0,0,12,1,364
40.0,0,12,2,366
40.0,0,12,3,368
40.0,0,12,4,369
40.0,0,12,5,371
40.0,0,12,6,373
40.0,0,12,7,374
40.0,0,12,8,376
40.0,0,12,9,378
40.0,0,12,10,380
40.0,0,12,11,381
40.0,0,12,12,383
40.0,0,12,13,385
40.0,0,12,14,386
40.0,0,12,15,388
40.0,0,13,0,364
40.0,0,13,1,366
40.0,0,13,2,368
40.0,0,13,3,369
40.0,0,13,4,371
40.0,0,13,5,373
40.0,0,13,6,375
40.0,0,13,7,376
40.0,0,13,8,378
40.0,0,13,9,380
40.0,0,13,10,382
40.0,0,13,11,383
40.0,0,13,12,385
40.0,0,13,13,387
40.0,0,13,14,388
40.0,0,13,15,390
40.0,0,14,0,366
40.0,0,14,1,368
40.0,0,14,2,370
40.0,0,14,3,371
40.0,0,14,4,373
40.0,0,14,5,375
40.0,0,14,6,377
40.0,0,14,7,378
40.0,0,14,8,380
40.0,0,14,9,382
40.0,0,14,10,384
40.0,0,14,11,385
40.0,0,14,12,387
40.0,0,14,13,389
40.0,0,14,14,390
40.0,0,14,15,392
40.0,0,15,0,368
40.0,0,15,1,370
40.0,0,15,2,372
40.0,0,15,3,373
40.0,0,15,4,375
40.0,0,15,5,377
40.0,0,15,6,379
40.0,0,15,7,380
40.0,0,15,8,382
40.0,0,15,9,384
40.0,0,15,10,386
40.0,0,15,11,387
40.0,0,15,12,389
40.0,0,15,13,391
40.0,0,15,14,392
40.0,0,15,15,394
40.0,1,0,0,344
40.0,1,0,1,346
40.0,1,0,2,348
40.0,1,0,3,349
40.0,1,0,4,351
40.0,1,0,5,353
40.0,1,0,6,354
40.0,1,0,7,356
40.0,1,0,8,358
40.0,1,0,9,359
40.0,1,0,10,361
40.0,1,0,11,362
40.0,1,0,12,364
40.0,1,0,13,366
40.0,1,0,14,367
40.0,1,0,15,369
40.0,1,1,0,346
40.0,1,1,1,348
40.0,1,1,2,350
40.0,1,1,3,351
40.0,1,1,4,353
40.0,1,1,5,355
40.0,1,1,6,356
40.0,1,1,7,358
40.0,1,1,8,360
40.0,1,1,9,361
40.0,1,1,10,363
40.0,1,1,11,365
40.0,1,1,12,366
40.0,1,1,13,368
40.0,1,1,14,369
40.0,1,1,15,371
40.0,1,2,0,348
40.0,1,2,1,350
40.0,1,2,2,352
40.0,1,2,3,354
40.0,1,2,4,355
40.0,1,2,5,357
40.0,1,2,6,359
40.0,1,2,7,360
40.0,1,2,8,362
40.0,1,2,9,364
40.0,1,2,10,365
40.0,1,2,11,367
40.0,1,2,12,368
40.0,1,2,13,370
40.0,1,2,14,372
40.0,1,2,15,373
40.0,1,3,0,350
40.0,1,3,1,352
40.0,1,3,2,354
40.0,1,3,3,356
40.0,1,3,4,357
40.0,1,3,5,359
40.0,1,3,6,361
40.0,1,3,7,362
40.0,1,3,8,364
40.0,1,3,9,366
40.0,1,3,10,367
40.0,1,3,11,369
40.0,1,3,12,371
40.0,1,3,13,372
40.0,1,3,14,374
40.0,1,3,15,375
40.0,1,4,0,353
40.0,1,4,1,354
40.0,1,4,2,356
40.0,1,4,3,358
40.0,1,4,4,359
40.0,1,4,5,361
40.0,1,4,6,363
40.0,1,4,7,364
40.0,1,4,8,366
40.0,1,4,9,368
40.0,1,4,10,369
40.0,1,4,11,371
40.0,1,4,12,373
40.0,1,4,13,374
40.0,1,4,14,376
40.0,1,4,15,378
40.0,1,5,0,355
40.0,1,5,1,356
40.0,1,5,2,358
40.0,1,5,3,360
40.0,1,5,4,361
40.0,1,5,5,363
40.0,1,5,6,365
40.0,1,5,7,367
40.0,1,5,8,368
40.0,1,5,9,370
40.0,1,5,10,372
40.0,1,5,11,373
40.0,1,5,12,375
40.0,1,5,13,376
40.0,1,5,14,378
40.0,1,5,15,380
40.0,1,6,0,357
40.0,1,6,1,358
40.0,1,6,2,360
40.0,1,6,3,362
40.0,1,6,4,363
40.0,1,6,5,365
40.0,1,6,6,367
40.0,1,6,7,369
40.0,1,6,8,370
40.0,1,6,9,372
40.0,1,6,10,374
40.0,1,6,11,375
40.0,1,6,12,377
40.0,1,6,13,379
40.0,1,6,14,380
40.0,1,6,15,382
40.0,1,7,0,359
40.0,1,7,1,360
40.0,1,7,2,362
40.0,1,7,3,364
40.0,1,7,4,366
40.0,1,7,5,367
40.0,1,7,6,369
40.0,1,7,7,371
40.0,1,7,8,372
40.0,1,7,9,374
40.0,1,7,10,376
40.0,1,7,11,377
40.0,1,7,12,379
40.0,1,7,13,381
40.0,1,7,14,382
40.0,1,7,15,384
40.0,1,8,0,361
40.0,1,8,1,362
40.0,1,8,2,364
40.0,1,8,3,366
40.0,1,8,4,368
40.0,1,8,5,369
40.0,1,8,6,371
40.0,1,8,7,373
40.0,1,8,8,374
40.0,1,8,9,376
40.0,1,8,10,378
40.0,1,8,11,380
40.0,1,8,12,381
40.0,1,8,13,383
40.0,1,8,14,385
40.0,1,8,15,386
40.0,1,9,0,363
40.0,1,9,1,364
40.0,1,9,2,366
40.0,1,9,3,368
40.0,1,9,4,370
40.0,1,9,5,371
40.0,1,9,6,373
40.0,1,9,7,375
40.0,1,9,8,376
40.0,1,9,9,378
40.0,1,9,10,380
40.0,1,9,11,382
40.0,1,9,12,383
40.0,1,9,13,385
40.0,1,9,14,387
40.0,1,9,15,388
40.0,1,10,0,364
40.0,1,10,1,366
40.0,1,10,2,368
40.0,1,10,3,370
40.0,1,10,4,372
40.0,1,10,5,373
40.0,1,10,6,375
40.0,1,10,7,377
40.0,1,10,8,379
40.0,1,10,9,380
40.0,1,10,10,382
40.0,1,10,11,384
40.0,1,10,12,385
40.0,1,10,13,387
40.0,1,10,14,389
40.0,1,10,15,390
40.0,1,11,0,366
40.0,1,11,1,368
40.0,1,11,2,370
40.0,1,11,3,372
40.0,1,11,4,374
40.0,1,11,5,375
40.0,1,11,6,377
40.0,1,11,7,379
40.0,1,11,8,381
40.0,1,11,9,382
40.0,1,11,10,384
40.0,1,11,11,386
40.0,1,11,12,387
40.0,1,11,13,389
40.0,1,11,14,391
40.0,1,11,15,392
40.0,1,12,0,368
40.0,1,12,1,370
40.0,1,12,2,372
40.0,1,12,3,374
40.0,1,12,4,376
40.0,1,12,5,377
40.0,1,12,6,379
40.0,1,12,7,381
40.0,1,12,8,383
40.0,1,12,9,384
40.0,1,12,10,386
40.0,1,12,11,388
40.0,1,12,12,389
40.0,1,12,13,391
40.0,1,12,14,393
40.0,1,12,15,395
40.0,1,13,0,370
40.0,1,13,1,372
40.0,1,13,2,374
40.0,1,13,3,376
40.0,1,13,4,378
40.0,1,13,5,379
40.0,1,13,6,381
40.0,1,13,7,383
40.0,1,13,8,385
40.0,1,13,9,386
40.0,1,13,10,388
40.0,1,13,11,390
40.0,1,13,12,392
40.0,1,13,13,393
40.0,1,13,14,395
40.0,1,13,15,397
40.0,1,14,0,372
40.0,1,14,1,374
40.0,1,14,2,376
40.0,1,14,3,378
40.0,1,14,4,379
40.0,1,14,5,381
40.0,1,14,6,383
40.0,1,14,7,385
40.0,1,14,8,387
40.0,1,14,9,388
40.0,1,14,10,390
40.0,1,14,11,392
40.0,1,14,12,394
40.0,1,14,13,395
40.0,1,14,14,397
40.0,1,14,15,399
40.0,1,15,0,374
40.0,1,15,1,376
40.0,1,15,2,378
40.0,1,15,3,380
40.0,1,15,4,381
40.0,1,15,5,383
40.0,1,15,6,385
40.0,1,15,7,387
40.0,1,15,8,389
40.0,1,15,9,390
40.0,1,15,10,392
40.0,1,15,11,394
40.0,1,15,12,396
40.0,1,15,13,397
40.0,1,15,14,399
40.0,1,15,15,401
40.0,2,0,0,350
40.0,2,0,1,352
40.0,2,0,2,353
40.0,2,0,3,355
40.0,2,0,4,357
40.0,2,0,5,359
40.0,2,0,6,360
40.0,2,0,7,362
40.0,2,0,8,364
40.0,2,0,9,365
40.0,2,0,10,367
40.0,2,0,11,368
40.0,2,0,12,370
40.0,2,0,13,372
40.0,2,0,14,373
40.0,2,0,15,375
40.0,2,1,0,352
40.0,2,1,1,354
40.0,2,1,2,356
40.0,2,1,3,357
40.0,2,1,4,359
40.0,2,1,5,361
40.0,2,1,6,362
40.0,2,1,7,364
40.0,2,1,8,366
40.0,2,1,9,367
40.0,2,1,10,369
40.0,2,1,11,371
40.0,2,1,12,372
40.0,2,1,13,374
40.0,2,1,14,376
40.0,2,1,15,377
40.0,2,2,0,354
40.0,2,2,1,356
40.0,2,2,2,358
40.0,2,2,3,359
40.0,2,2,4,361
40.0,2,2,5,363
40.0,2,2,6,365
40.0,2,2,7,366
40.0,2,2,8,368
40.0,2,2,9,370
40.0,2,2,10,371
40.0,2,2,11,373
40.0,2,2,12,375
40.0,2,2,13,376
40.0,2,2,14,378
40.0,2,2,15,379
40.0,2,3,0,356
40.0,2,3,1,358
40.0,2,3,2,360
40.0,2,3,3,362
40.0,2,3,4,363
40.0,2,3,5,365
40.0,2,3,6,367
40.0,2,3,7,368
40.0,2,3,8,370
40.0,2,3,9,372
40.0,2,3,10,373
40.0,2,3,11,375
40.0,2,3,12,377
40.0,2,3,13,378
40.0,2,3,14,380
40.0,2,3,15,382
40.0,2,4,0,358
40.0,2,4,1,360
40.0,2,4,2,362
40.0,2,4,3,364
40.0,2,4,4,365
40.0,2,4,5,367
40.0,2,4,6,369
40.0,2,4,7,371
40.0,2,4,8,372
40.0,2,4,9,374
40.0,2,4,10,376
40.0,2,4,11,377
40.0,2,4,12,379
40.0,2,4,13,381
40.0,2,4,14,382
40.0,2,4,15,384
40.0,2,5,0,360
40.0,2,5,1,362
40.0,2,5,2,364
40.0,2,5,3,366
40.0,2,5,4,367
40.0,2,5,5,369
40.0,2,5,6,371
40.0,2,5,7,373
40.0,2,5,8,374
40.0,2,5,9,376
40.0,2,5,10,378
40.0,2,5,11,379
40.0,2,5,12,381
40.0,2,5,13,383
40.0,2,5,14,384
40.0,2,5,15,386
40.0,2,6,0,363
40.0,2,6,1,364
40.0,2,6,2,366
40.0,2,6,3,368
40.0,2,6,4,370
40.0,2,6,5,371
40.0,2,6,6,373
40.0,2,6,7,375
40.0,2,6,8,376
40.0,2,6,9,378
40.0,2,6,10,380
40.0,2,6,11,382
40.0,2,6,12,383
40.0,2,6,13,385
40.0,2,6,14,387
40.0,2,6,15,388
40.0,2,7,0,365
40.0,2,7,1,366
40.0,2,7,2,368
40.0,2,7,3,370
40.0,2,7,4,372
40.0,2,7,5,373
40.0,2,7,6,375
40.0,2,7,7,377
40.0,2,7,8,379
40.0,2,7,9,380
40.0,2,7,10,382
40.0,2,7,11,384
40.0,2,7,12,385
40.0,2,7,13,387
40.0,2,7,14,389
40.0,2,7,15,390
40.0,2,8,0,367
40.0,2,8,1,368
40.0,2,8,2,370
40.0,2,8,3,372
40.0,2,8,4,374
40.0,2,8,5,375
40.0,2,8,6,377
40.0,2,8,7,379
40.0,2,8,8,381
40.0,2,8,9,382
40.0,2,8,10,384
40.0,2,8,11,386
40.0,2,8,12,388
40.0,2,8,13,389
40.0,2,8,14,391
40.0,2,8,15,393
40.0,2,9,0,369
40.0,2,9,1,370
40.0,2,9,2,372
40.0,2,9,3,374
40.0,2,9,4,376
40.0,2,9,5,378
40.0,2,9,6,379
40.0,2,9,7,381
40.0,2,9,8,383
40.0,2,9,9,385
40.0,2,9,10,386
40.0,2,9,11,388
40.0,2,9,12,390
40.0,2,9,13,391
40.0,2,9,14,393
40.0,2,9,15,395
40.0,2,10,0,371
40.0,2,10,1,372
40.0,2,10,2,374
40.0,2,10,3,376
40.0,2,10,4,378
40.0,2,10,5,380
40.0,2,10,6,381
40.0,2,10,7,383
40.0,2,10,8,385
40.0,2,10,9,387
40.0,2,10,10,388
40.0,2,10,11,390
40.0,2,10,12,392
40.0,2,10,13,394
40.0,2,10,14,395
40.0,2,10,15,397
40.0,2,11,0,373
40.0,2,11,1,374
40.0,2,11,2,376
40.0,2,11,3,378
40.0,2,11,4,380
40.0,2,11,5,382
40.0,2,11,6,383
40.0,2,11,7,385
40.0,2,11,8,387
40.0,2,11,9,389
40.0,2,11,10,390
40.0,2,11,11,392
40.0,2,11,12,394
40.0,2,11,13,396
40.0,2,11,14,397
40.0,2,11,15,399
40.0,2,12,0,375
40.0,2,12,1,376
40.0,2,12,2,378
40.0,2,12,3,380
40.0,2,12,4,382
40.0,2,12,5,384
40.0,2,12,6,385
40.0,2,12,7,387
40.0,2,12,8,389
40.0,2,12,9,391
40.0,2,12,10,392
40.0,2,12,11,394
40.0,2,12,12,396
40.0,2,12,13,398
40.0,2,12,14,399
40.0,2,12,15,401
40.0,2,13,0,377
40.0,2,13,1,378
40.0,2,13,2,380
40.0,2,13,3,382
40.0,2,13,4,384
40.0,2,13,5,386
40.0,2,13,6,387
40.0,2,13,7,389
40.0,2,13,8,391
40.0,2,13,9,393
40.0,2,13,10,395
40.0,2,13,11,396
40.0,2,13,12,398
40.0,2,13,13,400
40.0,2,13,14,402
40.0,2,13,15,403
40.0,2,14,0,378
40.0,2,14,1,380
40.0,2,14,2,382
40.0,2,14,3,384
40.0,2,14,4,386
40.0,2,14,5,388
40.0,2,14,6,389
40.0,2,14,7,391
40.0,2,14,8,393
40.0,2,14,9,395
40.0,2,14,10,397
40.0,2,14,11,398
40.0,2,14,12,400
40.0,2,14,13,402
40.0,2,14,14,404
40.0,2,14,15,405
40.0,2,15,0,380
40.0,2,15,1,382
40.0,2,15,2,384
40.0,2,15,3,386
40.0,2,15,4,388
40.0,2,15,5,390
40.0,2,15,6,391
40.0,2,15,7,393
40.0,2,15,8,395
40.0,2,15,9,397
40.0,2,15,10,399
40.0,2,15,11,400
40.0,2,15,12,402
40.0,2,15,13,404
40.0,2,15,14,406
40.0,2,15,15,407
40.0,3,0,0,356
40.0,3,0,1,358
40.0,3,0,2,359
40.0,3,0,3,361
40.0,3,0,4,363
40.0,3,0,5,364
40.0,3,0,6,366
40.0,3,0,7,368
40.0,3,0,8,370
40.0,3,0,9,371
40.0,3,0,10,373
40.0,3,0,11,375
40.0,3,0,12,376
40.0,3,0,13,378
40.0,3,0,14,379
40.0,3,0,15,381
40.0,3,1,0,358
40.0,3,1,1,360
40.0,3,1,2,361
40.0,3,1,3,363
40.0,3,1,4,365
40.0,3,1,5,367
40.0,3,1,6,368
40.0,3,1,7,370
40.0,3,1,8,372
40.0,3,1,9,373
40.0,3,1,10,375
40.0,3,1,11,377
40.0,3,1,12,378
40.0,3,1,13,380
40.0,3,1,14,382
40.0,3,1,15,383
40.0,3,2,0,360
40.0,3,2,1,362
40.0,3,2,2,364
40.0,3,2,3,365
40.0,3,2,4,367
40.0,3,2,5,369
40.0,3,2,6,371
40.0,3,2,7,372
40.0,3,2,8,374
40.0,3,2,9,376
40.0,3,2,10,377
40.0,3,2,11,379
40.0,3,2,12,381
40.0,3,2,13,382
40.0,3,2,14,384
40.0,3,2,15,386
40.0,3,3,0,362
40.0,3,3,1,364
40.0,3,3,2,366
40.0,3,3,3,367
40.0,3,3,4,369
40.0,3,3,5,371
40.0,3,3,6,373
40.0,3,3,7,374
40.0,3,3,8,376
40.0,3,3,9,378
40.0,3,3,10,380
40.0,3,3,11,381
40.0,3,3,12,383
40.0,3,3,13,385
40.0,3,3,14,386
40.0,3,3,15,388
40.0,3,4,0,364
40.0,3,4,1,366
40.0,3,4,2,368
40.0,3,4,3,370
40.0,3,4,4,371
40.0,3,4,5,373
40.0,3,4,6,375
40.0,3,4,7,377
40.0,3,4,8,378
40.0,3,4,9,380
40.0,3,4,10,382
40.0,3,4,11,383
40.0,3,4,12,385
40.0,3,4,13,387
40.0,3,4,14,389
40.0,3,4,15,390
40.0,3,5,0,366
40.0,3,5,1,368
40.0,3,5,2,370
40.0,3,5,3,372
40.0,3,5,4,373
40.0,3,5,5,375
40.0,3,5,6,377
40.0,3,5,7,379
40.0,3,5,8,380
40.0,3,5,9,382
40.0,3,5,10,384
40.0,3,5,11,386
40.0,3,5,12,387
40.0,3,5,13,389
40.0,3,5,14,391
40.0,3,5,15,392
40.0,3,6,0,368
40.0,3,6,1,370
40.0,3,6,2,372
40.0,3,6,3,374
40.0,3,6,4,376
40.0,3,6,5,377
40.0,3,6,6,379
40.0,3,6,7,381
40.0,3,6,8,383
40.0,3,6,9,384
40.0,3,6,10,386
40.0,3,6,11,388
40.0,3,6,12,390
40.0,3,6,13,391
40.0,3,6,14,393
40.0,3,6,15,395
40.0,3,7,0,371
40.0,3,7,1,372
40.0,3,7,2,374
40.0,3,7,3,376
40.0,3,7,4,378
40.0,3,7,5,380
40.0,3,7,6,381
40.0,3,7,7,383
40.0,3,7,8,385
40.0,3,7,9,387
40.0,3,7,10,388
40.0,3,7,11,390
40.0,3,7,12,392
40.0,3,7,13,393
40.0,3,7,14,395
40.0,3,7,15,397
40.0,3,8,0,373
40.0,3,8,1,374
40.0,3,8,2,376
40.0,3,8,3,378
40.0,3,8,4,380
40.0,3,8,5,382
40.0,3,8,6,383
40.0,3,8,7,385
40.0,3,8,8,387
40.0,3,8,9,389
40.0,3,8,10,390
40.0,3,8,11,392
40.0,3,8,12,394
40.0,3,8,13,396
40.0,3,8,14,397
40.0,3,8,15,399
40.0,3,9,0,375
40.0,3,9,1,376
40.0,3,9,2,378
40.0,3,9,3,380
40.0,3,9,4,382
40.0,3,9,5,384
40.0,3,9,6,385
40.0,3,9,7,387
40.0,3,9,8,389
40.0,3,9,9,391
40.0,3,9,10,393
40.0,3,9,11,394
40.0,3,9,12,396
40.0,3,9,13,398
40.0,3,9,14,400
40.0,3,9,15,401
40.0,3,10,0,377
40.0,3,10,1,378
40.0,3,10,2,380
40.0,3,10,3,382
40.0,3,10,4,384
40.0,3,10,5,386
40.0,3,10,6,388
40.0,3,10,7,389
40.0,3,10,8,391
40.0,3,10,9,393
40.0,3,10,10,395
40.0,3,10,11,396
40.0,3,10,12,398
40.0,3,10,13,400
40.0,3,10,14,402
40.0,3,10,15,403
40.0,3,11,0,379
40.0,3,11,1,381
40.0,3,11,2,382
40.0,3,11,3,384
40.0,3,11,4,386
40.0,3,11,5,388
40.0,3,11,6,390
40.0,3,11,7,391
40.0,3,11,8,393
40.0,3,11,9,395
40.0,3,11,10,397
40.0,3,11,11,399
40.0,3,11,12,400
40.0,3,11,13,402
40.0,3,11,14,404
40.0,3,11,15,406
40.0,3,12,0,381
40.0,3,12,1,383
40.0,3,12,2,384
40.0,3,12,3,386
40.0,3,12,4,388
40.0,3,12,5,390
40.0,3,12,6,392
40.0,3,12,7,394
40.0,3,12,8,395
40.0,3,12,9,397
40.0,3,12,10,399
40.0,3,12,11,401
40.0,3,12,12,402
40.0,3,12,13,404
40.0,3,12,14,406
40.0,3,12,15,408
40.0,3,13,0,383
40.0,3,13,1,385
40.0,3,13,2,386
40.0,3,13,3,388
40.0,3,13,4,390
40.0,3,13,5,392
40.0,3,13,6,394
40.0,3,13,7,396
40.0,3,13,8,397
40.0,3,13,9,399
40.0,3,13,10,401
40.0,3,13,11,403
40.0,3,13,12,405
40.0,3,13,13,406
40.0,3,13,14,408
40.0,3,13,15,410
40.0,3,14,0,385
40.0,3,14,1,387
40.0,3,14,2,388
40.0,3,14,3,390
40.0,3,14,4,392
40.0,3,14,5,394
40.0,3,14,6,396
40.0,3,14,7,398
40.0,3,14,8,399
40.0,3,14,9,401
40.0,3,14,10,403
40.0,3,14,11,405
40.0,3,14,12,407
40.0,3,14,13,408
40.0,3,14,14,410
40.0,3,14,15,412
40.0,3,15,0,387
40.0,3,15,1,389
40.0,3,15,2,390
40.0,3,15,3,392
40.0,3,15,4,394
40.0,3,15,5,396
40.0,3,15,6,398
40.0,3,15,7,400
40.0,3,15,8,402
40.0,3,15,9,403
40.0,3,15,10,405
40.0,3,15,11,407
40.0,3,15,12,409
40.0,3,15,13,411
40.0,3,15,14,412
40.0,3,15,15,414
40.0,4,0,0,362
40.0,4,0,1,363
40.0,4,0,2,365
40.0,4,0,3,367
40.0,4,0,4,369
40.0,4,0,5,370
40.0,4,0,6,372
40.0,4,0,7,374
40.0,4,0,8,375
40.0,4,0,9,377
40.0,4,0,10,379
40.0,4,0,11,381
40.0,4,0,12,382
40.0,4,0,13,384
40.0,4,0,14,386
40.0,4,0,15,387
40.0,4,1,0,364
40.0,4,1,1,366
40.0,4,1,2,367
40.0,4,1,3,369
40.0,4,1,4,371
40.0,4,1,5,373
40.0,4,1,6,374
40.0,4,1,7,376
40.0,4,1,8,378
40.0,4,1,9,379
40.0,4,1,10,381
40.0,4,1,11,383
40.0,4,1,12,385
40.0,4,1,13,386
40.0,4,1,14,388
40.0,4,1,15,390
40.0,4,2,0,366
40.0,4,2,1,368
40.0,4,2,2,369
40.0,4,2,3,371
40.0,4,2,4,373
40.0,4,2,5,375
40.0,4,2,6,377
40.0,4,2,7,378
40.0,4,2,8,380
40.0,4,2,9,382
40.0,4,2,10,383
40.0,4,2,11,385
40.0,4,2,12,387
40.0,4,2,13,389
40.0,4,2,14,390
40.0,4,2,15,392
40.0,4,3,0,368
40.0,4,3,1,370
40.0,4,3,2,372
40.0,4,3,3,373
40.0,4,3,4,375
40.0,4,3,5,377
40.0,4,3,6,379
40.0,4,3,7,380
40.0,4,3,8,382
40.0,4,3,9,384
40.0,4,3,10,386
40.0,4,3,11,387
40.0,4,3,12,389
40.0,4,3,13,391
40.0,4,3,14,393
40.0,4,3,15,394
40.0,4,4,0,370
40.0,4,4,1,372
40.0,4,4,2,374
40.0,4,4,3,376
40.0,4,4,4,377
40.0,4,4,5,379
40.0,4,4,6,381
40.0,4,4,7,383
40.0,4,4,8,384
40.0,4,4,9,386
40.0,4,4,10,388
40.0,4,4,11,390
40.0,4,4,12,391
40.0,4,4,13,393
40.0,4,4,14,395
40.0,4,4,15,396
40.0,4,5,0,372
40.0,4,5,1,374
40.0,4,5,2,376
40.0,4,5,3,378
40.0,4,5,4,380
40.0,4,5,5,381
40.0,4,5,6,383
40.0,4,5,7,385
40.0,4,5,8,387
40.0,4,5,9,388
40.0,4,5,10,390
40.0,4,5,11,392
40.0,4,5,12,394
40.0,4,5,13,395
40.0,4,5,14,397
40.0,4,5,15,399
40.0,4,6,0,374
40.0,4,6,1,376
40.0,4,6,2,378
40.0,4,6,3,380
40.0,4,6,4,382
40.0,4,6,5,383
40.0,4,6,6,385
40.0,4,6,7,387
40.0,4,6,8,389
40.0,4,6,9,391
40.0,4,6,10,392
40.0,4,6,11,394
40.0,4,6,12,396
40.0,4,6,13,398
40.0,4,6,14,399
40.0,4,6,15,401
40.0,4,7,0,377
40.0,4,7,1,378
40.0,4,7,2,380
40.0,4,7,3,382
40.0,4,7,4,384
40.0,4,7,5,386
40.0,4,7,6,387
40.0,4,7,7,389
40.0,4,7,8,391
40.0,4,7,9,393
40.0,4,7,10,395
40.0,4,7,11,396
40.0,4,7,12,398
40.0,4,7,13,400
40.0,4,7,14,402
40.0,4,7,15,403
40.0,4,8,0,379
40.0,4,8,1,380
40.0,4,8,2,382
40.0,4,8,3,384
40.0,4,8,4,386
40.0,4,8,5,388
40.0,4,8,6,390
40.0,4,8,7,391
40.0,4,8,8,393
40.0,4,8,9,395
40.0,4,8,10,397
40.0,4,8,11,399
40.0,4,8,12,400
40.0,4,8,13,402
40.0,4,8,14,404
40.0,4,8,15,406
40.0,4,9,0,381
40.0,4,9,1,383
40.0,4,9,2,384
40.0,4,9,3,386
40.0,4,9,4,388
40.0,4,9,5,390
40.0,4,9,6,392
40.0,4,9,7,394
40.0,4,9,8,395
40.0,4,9,9,397
40.0,4,9,10,399
40.0,4,9,11,401
40.0,4,9,12,402
40.0,4,9,13,404
40.0,4,9,14,406
40.0,4,9,15,408
40.0,4,10,0,383
40.0,4,10,1,385
40.0,4,10,2,386
40.0,4,10,3,388
40.0,4,10,4,390
40.0,4,10,5,392
40.0,4,10,6,394
40.0,4,10,7,396
40.0,4,10,8,397
40.0,4,10,9,399
40.0,4,10,10,401
40.0,4,10,11,403
40.0,4,10,12,405
40.0,4,10,13,406
40.0,4,10,14,408
40.0,4,10,15,410
40.0,4,11,0,385
40.0,4,11,1,387
40.0,4,11,2,389
40.0,4,11,3,390
40.0,4,11,4,392
40.0,4,11,5,394
40.0,4,11,6,396
40.0,4,11,7,398
40.0,4,11,8,400
40.0,4,11,9,401
40.0,4,11,10,403
40.0,4,11,11,405
40.0,4,11,12,407
40.0,4,11,13,409
40.0,4,11,14,410
40.0,4,11,15,412
40.0,4,12,0,387
40.0,4,12,1,389
40.0,4,12,2,391
40.0,4,12,3,392
40.0,4,12,4,394
40.0,4,12,5,396
40.0,4,12,6,398
40.0,4,12,7,400
40.0,4,12,8,402
40.0,4,12,9,404
40.0,4,12,10,405
40.0,4,12,11,407
40.0,4,12,12,409
40.0,4,12,13,411
40.0,4,12,14,413
40.0,4,12,15,414
40.0,4,13,0,389
40.0,4,13,1,391
40.0,4,13,2,393
40.0,4,13,3,395
40.0,4,13,4,396
40.0,4,13,5,398
40.0,4,13,6,400
40.0,4,13,7,402
40.0,4,13,8,404
40.0,4,13,9,406
40.0,4,13,10,408
40.0,4,13,11,409
40.0,4,13,12,411
40.0,4,13,13,413
40.0,4,13,14,415
40.0,4,13,15,417
40.0,4,14,0,391
40.0,4,14,1,393
40.0,4,14,2,395
40.0,4,14,3,397
40.0,4,14,4,398
40.0,4,14,5,400
40.0,4,14,6,402
40.0,4,14,7,404
40.0,4,14,8,406
40.0,4,14,9,408
40.0,4,14,10,410
40.0,4,14,11,411
40.0,4,14,12,413
40.0,4,14,13,415
40.0,4,14,14,417
40.0,4,14,15,419
40.0,4,15,0,393
40.0,4,15,1,395
40.0,4,15,2,397
40.0,4,15,3,399
40.0,4,15,4,401
40.0,4,15,5,402
40.0,4,15,6,404
40.0,4,15,7,406
40.0,4,15,8,408
40.0,4,15,9,410
40.0,4,15,10,412
40.0,4,15,11,414
40.0,4,15,12,415
40.0,4,15,13,417
40.0,4,15,14,419
40.0,4,15,15,421
40.0,5,0,0,367
40.0,5,0,1,369
40.0,5,0,2,371
40.0,5,0,3,373
40.0,5,0,4,374
40.0,5,0,5,376
40.0,5,0,6,378
40.0,5,0,7,380
40.0,5,0,8,381
40.0,5,0,9,383
40.0,5,0,10,385
40.0,5,0,11,387
40.0,5,0,12,388
40.0,5,0,13,390
40.0,5,0,14,392
40.0,5,0,15,393
40.0,5,1,0,370
40.0,5,1,1,371
40.0,5,1,2,373
40.0,5,1,3,375
40.0,5,1,4,377
40.0,5,1,5,378
40.0,5,1,6,380
40.0,5,1,7,382
40.0,5,1,8,384
40.0,5,1,9,385
40.0,5,1,10,387
40.0,5,1,11,389
40.0,5,1,12,391
40.0,5,1,13,392
40.0,5,1,14,394
40.0,5,1,15,396
40.0,5,2,0,372
40.0,5,2,1,374
40.0,5,2,2,375
40.0,5,2,3,377
40.0,5,2,4,379
40.0,5,2,5,381
40.0,5,2,6,382
40.0,5,2,7,384
40.0,5,2,8,386
40.0,5,2,9,388
40.0,5,2,10,390
40.0,5,2,11,391
40.0,5,2,12,393
40.0,5,2,13,395
40.0,5,2,14,396
40.0,5,2,15,398
40.0,5,3,0,374
40.0,5,3,1,376
40.0,5,3,2,378
40.0,5,3,3,379
40.0,5,3,4,381
40.0,5,3,5,383
40.0,5,3,6,385
40.0,5,3,7,387
40.0,5,3,8,388
40.0,5,3,9,390
40.0,5,3,10,392
40.0,5,3,11,394
40.0,5,3,12,395
40.0,5,3,13,397
40.0,5,3,14,399
40.0,5,3,15,400
40.0,5,4,0,376
40.0,5,4,1,378
40.0,5,4,2,380
40.0,5,4,3,382
40.0,5,4,4,383
40.0,5,4,5,385
40.0,5,4,6,387
40.0,5,4,7,389
40.0,5,4,8,391
40.0,5,4,9,392
40.0,5,4,10,394
40.0,5,4,11,396
40.0,5,4,12,398
40.0,5,4,13,399
40.0,5,4,14,401
40.0,5,4,15,403
40.0,5,5,0,378
40.0,5,5,1,380
40.0,5,5,2,382
40.0,5,5,3,384
40.0,5,5,4,386
40.0,5,5,5,387
40.0,5,5,6,389
40.0,5,5,7,391
40.0,5,5,8,393
40.0,5,5,9,395
40.0,5,5,10,396
40.0,5,5,11,398
40.0,5,5,12,400
40.0,5,5,13,402
40.0,5,5,14,403
40.0,5,5,15,405
40.0,5,6,0,380
40.0,5,6,1,382
40.0,5,6,2,384
40.0,5,6,3,386
40.0,5,6,4,388
40.0,5,6,5,390
40.0,5,6,6,391
40.0,5,6,7,393
40.0,5,6,8,395
40.0,5,6,9,397
40.0,5,6,10,399
40.0,5,6,11,400
40.0,5,6,12,402
40.0,5,6,13,404
40.0,5,6,14,406
40.0,5,6,15,407
40.0,5,7,0,382
40.0,5,7,1,384
40.0,5,7,2,386
40.0,5,7,3,388
40.0,5,7,4,390
40.0,5,7,5,392
40.0,5,7,6,394
40.0,5,7,7,395
40.0,5,7,8,397
40.0,5,7,9,399
40.0,5,7,10,401
40.0,5,7,11,403
40.0,5,7,12,404
40.0,5,7,13,406
40.0,5,7,14,408
40.0,5,7,15,410
40.0,5,8,0,385
40.0,5,8,1,386
40.0,5,8,2,388
40.0,5,8,3,390
40.0,5,8,4,392
40.0,5,8,5,394
40.0,5,8,6,396
40.0,5,8,7,398
40.0,5,8,8,399
40.0,5,8,9,401
40.0,5,8,10,403
40.0,5,8,11,405
40.0,5,8,12,407
40.0,5,8,13,408
40.0,5,8,14,410
40.0,5,8,15,412
40.0,5,9,0,387
40.0,5,9,1,389
40.0,5,9,2,390
40.0,5,9,3,392
40.0,5,9,4,394
40.0,5,9,5,396
40.0,5,9,6,398
40.0,5,9,7,400
40.0,5,9,8,402
40.0,5,9,9,403
40.0,5,9,10,405
40.0,5,9,11,407
40.0,5,9,12,409
40.0,5,9,13,411
40.0,5,9,14,412
40.0,5,9,15,414
40.0,5,10,0,389
40.0,5,10,1,391
40.0,5,10,2,393
40.0,5,10,3,395
40.0,5,10,4,396
40.0,5,10,5,398
40.0,5,10,6,400
40.0,5,10,7,402
40.0,5,10,8,404
40.0,5,10,9,406
40.0,5,10,10,407
40.0,5,10,11,409
40.0,5,10,12,411
40.0,5,10,13,413
40.0,5,10,14,415
40.0,5,10,15,416
40.0,5,11,0,391
40.0,5,11,1,393
40.0,5,11,2,395
40.0,5,11,3,397
40.0,5,11,4,399
40.0,5,11,5,400
40.0,5,11,6,402
40.0,5,11,7,404
40.0,5,11,8,406
40.0,5,11,9,408
40.0,5,11,10,410
40.0,5,11,11,411
40.0,5,11,12,413
40.0,5,11,13,415
40.0,5,11,14,417
40.0,5,11,15,419
40.0,5,12,0,393
40.0,5,12,1,395
40.0,5,12,2,397
40.0,5,12,3,399
40.0,5,12,4,401
40.0,5,12,5,403
40.0,5,12,6,404
40.0,5,12,7,406
40.0,5,12,8,408
40.0,5,12,9,410
40.0,5,12,10,412
40.0,5,12,11,414
40.0,5,12,12,415
40.0,5,12,13,417
40.0,5,12,14,419
40.0,5,12,15,421
40.0,5,13,0,395
40.0,5,13,1,397
40.0,5,13,2,399
40.0,5,13,3,401
40.0,5,13,4,403
40.0,5,13,5,405
40.0,5,13,6,407
40.0,5,13,7,408
40.0,5,13,8,410
40.0,5,13,9,412
40.0,5,13,10,414
40.0,5,13,11,416
40.0,5,13,12,418
40.0,5,13,13,419
40.0,5,13,14,421
40.0,5,13,15,423
40.0,5,14,0,397
40.0,5,14,1,399
40.0,5,14,2,401
40.0,5,14,3,403
40.0,5,14,4,405
40.0,5,14,5,407
40.0,5,14,6,409
40.0,5,14,7,411
40.0,5,14,8,412
40.0,5,14,9,414
40.0,5,14,10,416
40.0,5,14,11,418
40.0,5,14,12,420
40.0,5,14,13,422
40.0,5,14,14,424
40.0,5,14,15,425
40.0,5,15,0,399
40.0,5,15,1,401
40.0,5,15,2,403
40.0,5,15,3,405
40.0,5,15,4,407
40.0,5,15,5,409
40.0,5,15,6,411
40.0,5,15,7,413
40.0,5,15,8,415
40.0,5,15,9,416
40.0,5,15,10,418
40.0,5,15,11,420
40.0,5,15,12,422
40.0,5,15,13,424
40.0,5,15,14,426
40.0,5,15,15,428
40.0,6,0,0,373
40.0,6,0,1,375
40.0,6,0,2,377
40.0,6,0,3,378
40.0,6,0,4,380
40.0,6,0,5,382
40.0,6,0,6,384
40.0,6,0,7,386
40.0,6,0,8,387
40.0,6,0,9,389
40.0,6,0,10,391
40.0,6,0,11,393
40.0,6,0,12,394
40.0,6,0,13,396
40.0,6,0,14,398
40.0,6,0,15,400
40.0,6,1,0,375
40.0,6,1,1,377
40.0,6,1,2,379
40.0,6,1,3,381
40.0,6,1,4,383
40.0,6,1,5,384
40.0,6,1,6,386
40.0,6,1,7,388
40.0,6,1,8,390
40.0,6,1,9,392
40.0,6,1,10,393
40.0,6,1,11,395
40.0,6,1,12,397
40.0,6,1,13,399
40.0,6,1,14,400
40.0,6,1,15,402
40.0,6,2,0,378
40.0,6,2,1,379
40.0,6,2,2,381
40.0,6,2,3,383
40.0,6,2,4,385
40.0,6,2,5,387
40.0,6,2,6,388
40.0,6,2,7,390
40.0,6,2,8,392
40.0,6,2,9,394
40.0,6,2,10,396
40.0,6,2,11,397
40.0,6,2,12,399
40.0,6,2,13,401
40.0,6,2,14,403
40.0,6,2,15,404
40.0,6,3,0,380
40.0,6,3,1,382
40.0,6,3,2,383
40.0,6,3,3,385
40.0,6,3,4,387
40.0,6,3,5,389
40.0,6,3,6,391
40.0,6,3,7,393
40.0,6,3,8,394
40.0,6,3,9,396
40.0,6,3,10,398
40.0,6,3,11,400
40.0,6,3,12,401
40.0,6,3,13,403
40.0,6,3,14,405
40.0,6,3,15,407
40.0,6,4,0,382
40.0,6,4,1,384
40.0,6,4,2,386
40.0,6,4,3,388
40.0,6,4,4,389
40.0,6,4,5,391
40.0,6,4,6,393
40.0,6,4,7,395
40.0,6,4,8,397
40.0,6,4,9,398
40.0,6,4,10,400
40.0,6,4,11,402
40.0,6,4,12,404
40.0,6,4,13,406
40.0,6,4,14,407
40.0,6,4,15,409
40.0,6,5,0,384
40.0,6,5,1,386
40.0,6,5,2,388
40.0,6,5,3,390
40.0,6,5,4,392
40.0,6,5,5,393
40.0,6,5,6,395
40.0,6,5,7,397
40.0,6,5,8,399
40.0,6,5,9,401
40.0,6,5,10,403
40.0,6,5,11,404
40.0,6,5,12,406
40.0,6,5,13,408
40.0,6,5,14,410
40.0,6,5,15,411
40.0,6,6,0,386
40.0,6,6,1,388
40.0,6,6,2,390
40.0,6,6,3,392
40.0,6,6,4,394
40.0,6,6,5,396
40.0,6,6,6,398
40.0,6,6,7,399
40.0,6,6,8,401
40.0,6,6,9,403
40.0,6,6,10,405
40.0,6,6,11,407
40.0,6,6,12,408
40.0,6,6,13,410
40.0,6,6,14,412
40.0,6,6,15,414
40.0,6,7,0,388
40.0,6,7,1,390
40.0,6,7,2,392
40.0,6,7,3,394
40.0,6,7,4,396
40.0,6,7,5,398
40.0,6,7,6,400
40.0,6,7,7,402
40.0,6,7,8,403
40.0,6,7,9,405
40.0,6,7,10,407
40.0,6,7,11,409
40.0,6,7,12,411
40.0,6,7,13,413
40.0,6,7,14,414
40.0,6,7,15,416
40.0,6,8,0,391
40.0,6,8,1,393
40.0,6,8,2,394
40.0,6,8,3,396
40.0,6,8,4,398
40.0,6,8,5,400
40.0,6,8,6,402
40.0,6,8,7,404
40.0,6,8,8,406
40.0,6,8,9,408
40.0,6,8,10,409
40.0,6,8,11,411
40.0,6,8,12,413
40.0,6,8,13,415
40.0,6,8,14,417
40.0,6,8,15,418
40.0,6,9,0,393
40.0,6,9,1,395
40.0,6,9,2,397
40.0,6,9,3,399
40.0,6,9,4,400
40.0,6,9,5,402
40.0,6,9,6,404
40.0,6,9,7,406
40.0,6,9,8,408
40.0,6,9,9,410
40.0,6,9,10,412
40.0,6,9,11,413
40.0,6,9,12,415
40.0,6,9,13,417
40.0,6,9,14,419
40.0,6,9,15,421
40.0,6,10,0,395
40.0,6,10,1,397
40.0,6,10,2,399
40.0,6,10,3,401
40.0,6,10,4,403
40.0,6,10,5,404
40.0,6,10,6,406
40.0,6,10,7,408
40.0,6,10,8,410
40.0,6,10,9,412
40.0,6,10,10,414
40.0,6,10,11,416
40.0,6,10,12,418
40.0,6,10,13,419
40.0,6,10,14,421
40.0,6,10,15,423
40.0,6,11,0,397
40.0,6,11,1,399
40.0,6,11,2,401
40.0,6,11,3,403
40.0,6,11,4,405
40.0,6,11,5,407
40.0,6,11,6,409
40.0,6,11,7,410
40.0,6,11,8,412
40.0,6,11,9,414
40.0,6,11,10,416
40.0,6,11,11,418
40.0,6,11,12,420
40.0,6,11,13,422
40.0,6,11,14,423
40.0,6,11,15,425
40.0,6,12,0,399
40.0,6,12,1,401
40.0,6,12,2,403
40.0,6,12,3,405
40.0,6,12,4,407
40.0,6,12,5,409
40.0,6,12,6,411
40.0,6,12,7,413
40.0,6,12,8,415
40.0,6,12,9,416
40.0,6,12,10,418
40.0,6,12,11,420
40.0,6,12,12,422
40.0,6,12,13,424
40.0,6,12,14,426
40.0,6,12,15,428
40.0,6,13,0,401
40.0,6,13,1,403
40.0,6,13,2,405
40.0,6,13,3,407
40.0,6,13,4,409
40.0,6,13,5,411
40.0,6,13,6,413
40.0,6,13,7,415
40.0,6,13,8,417
40.0,6,13,9,419
40.0,6,13,10,420
40.0,6,13,11,422
40.0,6,13,12,424
40.0,6,13,13,426
40.0,6,13,14,428
40.0,6,13,15,430
40.0,6,14,0,403
40.0,6,14,1,405
40.0,6,14,2,407
40.0,6,14,3,409
40.0,6,14,4,411
40.0,6,14,5,413
40.0,6,14,6,415
40.0,6,14,7,417
40.0,6,14,8,419
40.0,6,14,9,421
40.0,6,14,10,423
40.0,6,14,11,425
40.0,6,14,12,426
40.0,6,14,13,428
40.0,6,14,14,430
40.0,6,14,15,432
40.0,6,15,0,405
40.0,6,15,1,407
40.0,6,15,2,409
40.0,6,15,3,411
40.0,6,15,4,413
40.0,6,15,5,415
40.0,6,15,6,417
40.0,6,15,7,419
40.0,6,15,8,421
40.0,6,15,9,423
40.0,6,15,10,425
40.0,6,15,11,427
40.0,6,15,12,429
40.0,6,15,13,430
40.0,6,15,14,432
40.0,6,15,15,434
40.0,7,0,0,379
40.0,7,0,1,381
40.0,7,0,2,382
40.0,7,0,3,384
40.0,7,0,4,386
40.0,7,0,5,388
40.0,7,0,6,390
40.0,7,0,7,392
40.0,7,0,8,393
40.0,7,0,9,395
40.0,7,0,10,397
40.0,7,0,11,399
40.0,7,0,12,400
40.0,7,0,13,402
40.0,7,0,14,404
40.0,7,0,15,406
40.0,7,1,0,381
40.0,7,1,1,383
40.0,7,1,2,385
40.0,7,1,3,387
40.0,7,1,4,388
40.0,7,1,5,390
40.0,7,1,6,392
40.0,7,1,7,394
40.0,7,1,8,396
40.0,7,1,9,398
40.0,7,1,10,399
40.0,7,1,11,401
40.0,7,1,12,403
40.0,7,1,13,405
40.0,7,1,14,406
40.0,7,1,15,408
40.0,7,2,0,383
40.0,7,2,1,385
40.0,7,2,2,387
40.0,7,2,3,389
40.0,7,2,4,391
40.0,7,2,5,393
40.0,7,2,6,394
40.0,7,2,7,396
40.0,7,2,8,398
40.0,7,2,9,400
40.0,7,2,10,402
40.0,7,2,11,403
40.0,7,2,12,405
40.0,7,2,13,407
40.0,7,2,14,409
40.0,7,2,15,411
40.0,7,3,0,386
40.0,7,3,1,387
40.0,7,3,2,389
40.0,7,3,3,391
40.0,7,3,4,393
40.0,7,3,5,395
40.0,7,3,6,397
40.0,7,3,7,399
40.0,7,3,8,400
40.0,7,3,9,402
40.0,7,3,10,404
40.0,7,3,11,406
40.0,7,3,12,408
40.0,7,3,13,409
40.0,7,3,14,411
40.0,7,3,15,413
40.0,7,4,0,388
40.0,7,4,1,390
40.0,7,4,2,392
40.0,7,4,3,393
40.0,7,4,4,395
40.0,7,4,5,397
40.0,7,4,6,399
40.0,7,4,7,401
40.0,7,4,8,403
40.0,7,4,9,405
40.0,7,4,10,406
40.0,7,4,11,408
40.0,7,4,12,410
40.0,7,4,13,412
40.0,7,4,14,414
40.0,7,4,15,415
40.0,7,5,0,390
40.0,7,5,1,392
40.0,7,5,2,394
40.0,7,5,3,396
40.0,7,5,4,398
40.0,7,5,5,400
40.0,7,5,6,401
40.0,7,5,7,403
40.0,7,5,8,405
40.0,7,5,9,407
40.0,7,5,10,409
40.0,7,5,11,411
40.0,7,5,12,412
40.0,7,5,13,414
40.0,7,5,14,416
40.0,7,5,15,418
40.0,7,6,0,392
40.0,7,6,1,394
40.0,7,6,2,396
40.0,7,6,3,398
40.0,7,6,4,400
40.0,7,6,5,402
40.0,7,6,6,404
40.0,7,6,7,406
40.0,7,6,8,407
40.0,7,6,9,409
40.0,7,6,10,411
40.0,7,6,11,413
40.0,7,6,12,415
40.0,7,6,13,417
40.0,7,6,14,418
40.0,7,6,15,420
40.0,7,7,0,394
40.0,7,7,1,396
40.0,7,7,2,398
40.0,7,7,3,400
40.0,7,7,4,402
40.0,7,7,5,404
40.0,7,7,6,406
40.0,7,7,7,408
40.0,7,7,8,410
40.0,7,7,9,412
40.0,7,7,10,413
40.0,7,7,11,415
40.0,7,7,12,417
40.0,7,7,13,419
40.0,7,7,14,421
40.0,7,7,15,423
40.0,7,8,0,397
40.0,7,8,1,399
40.0,7,8,2,401
40.0,7,8,3,402
40.0,7,8,4,404
40.0,7,8,5,406
40.0,7,8,6,408
40.0,7,8,7,410
40.0,7,8,8,412
40.0,7,8,9,414
40.0,7,8,10,416
40.0,7,8,11,418
40.0,7,8,12,419
40.0,7,8,13,421
40.0,7,8,14,423
40.0,7,8,15,425
40.0,7,9,0,399
40.0,7,9,1,401
40.0,7,9,2,403
40.0,7,9,3,405
40.0,7,9,4,407
40.0,7,9,5,408
40.0,7,9,6,410
40.0,7,9,7,412
40.0,7,9,8,414
40.0,7,9,9,416
40.0,7,9,10,418
40.0,7,9,11,420
40.0,7,9,12,422
40.0,7,9,13,424
40.0,7,9,14,425
40.0,7,9,15,427
40.0,7,10,0,401
40.0,7,10,1,403
40.0,7,10,2,405
40.0,7,10,3,407
40.0,7,10,4,409
40.0,7,10,5,411
40.0,7,10,6,413
40.0,7,10,7,415
40.0,7,10,8,416
40.0,7,10,9,418
40.0,7,10,10,420
40.0,7,10,11,422
40.0,7,10,12,424
40.0,7,10,13,426
40.0,7,10,14,428
40.0,7,10,15,429
40.0,7,11,0,403
40.0,7,11,1,405
40.0,7,11,2,407
40.0,7,11,3,409
40.0,7,11,4,411
40.0,7,11,5,413
40.0,7,11,6,415
40.0,7,11,7,417
40.0,7,11,8,419
40.0,7,11,9,421
40.0,7,11,10,422
40.0,7,11,11,424
40.0,7,11,12,426
40.0,7,11,13,428
40.0,7,11,14,430
40.0,7,11,15,432
40.0,7,12,0,405
40.0,7,12,1,407
40.0,7,12,2,409
40.0,7,12,3,411
40.0,7,12,4,413
40.0,7,12,5,415
40.0,7,12,6,417
40.0,7,12,7,419
40.0,7,12,8,421
40.0,7,12,9,423
40.0,7,12,10,425
40.0,7,12,11,427
40.0,7,12,12,428
40.0,7,12,13,430
40.0,7,12,14,432
40.0,7,12,15,434
40.0,7,13,0,407
40.0,7,13,1,409
40.0,7,13,2,411
40.0,7,13,3,413
40.0,7,13,4,415
40.0,7,13,5,417
40.0,7,13,6,419
40.0,7,13,7,421
40.0,7,13,8,423
40.0,7,13,9,425
40.0,7,13,10,427
40.0,7,13,11,429
40.0,7,13,12,431
40.0,7,13,13,433
40.0,7,13,14,435
40.0,7,13,15,436
40.0,7,14,0,410
40.0,7,14,1,412
40.0,7,14,2,414
40.0,7,14,3,416
40.0,7,14,4,417
40.0,7,14,5,419
40.0,7,14,6,421
40.0,7,14,7,423
40.0,7,14,8,425
40.0,7,14,9,427
40.0,7,14,10,429
40.0,7,14,11,431
40.0,7,14,12,433
40.0,7,14,13,435
40.0,7,14,14,437
40.0,7,14,15,439
40.0,7,15,0,412
40.0,7,15,1,414
40.0,7,15,2,416
40.0,7,15,3,418
40.0,7,15,4,420
40.0,7,15,5,422
40.0,7,15,6,424
40.0,7,15,7,426
40.0,7,15,8,427
40.0,7,15,9,429
40.0,7,15,10,431
40.0,7,15,11,433
40.0,7,15,12,435
40.0,7,15,13,437
40.0,7,15,14,439
40.0,7,15,15,441
40.0,8,0,0,385
40.0,8,0,1,386
40.0,8,0,2,388
40.0,8,0,3,390
40.0,8,0,4,392
40.0,8,0,5,394
40.0,8,0,6,396
40.0,8,0,7,398
40.0,8,0,8,399
40.0,8,0,9,401
40.0,8,0,10,403
40.0,8,0,11,405
40.0,8,0,12,407
40.0,8,0,13,408
40.0,8,0,14,410
40.0,8,0,15,412
40.0,8,1,0,387
40.0,8,1,1,389
40.0,8,1,2,391
40.0,8,1,3,393
40.0,8,1,4,394
40.0,8,1,5,396
40.0,8,1,6,398
40.0,8,1,7,400
40.0,8,1,8,402
40.0,8,1,9,404
40.0,8,1,10,405
40.0,8,1,11,407
40.0,8,1,12,409
40.0,8,1,13,411
40.0,8,1,14,413
40.0,8,1,15,414
40.0,8,2,0,389
40.0,8,2,1,391
40.0,8,2,2,393
40.0,8,2,3,395
40.0,8,2,4,397
40.0,8,2,5,399
40.0,8,2,6,400
40.0,8,2,7,402
40.0,8,2,8,404
40.0,8,2,9,406
40.0,8,2,10,408
40.0,8,2,11,410
40.0,8,2,12,411
40.0,8,2,13,413
40.0,8,2,14,415
40.0,8,2,15,417
40.0,8,3,0,391
40.0,8,3,1,393
40.0,8,3,2,395
40.0,8,3,3,397
40.0,8,3,4,399
40.0,8,3,5,401
40.0,8,3,6,403
40.0,8,3,7,405
40.0,8,3,8,407
40.0,8,3,9,408
40.0,8,3,10,410
40.0,8,3,11,412
40.0,8,3,12,414
40.0,8,3,13,416
40.0,8,3,14,417
40.0,8,3,15,419
40.0,8,4,0,394
40.0,8,4,1,396
40.0,8,4,2,398
40.0,8,4,3,399
40.0,8,4,4,401
40.0,8,4,5,403
40.0,8,4,6,405
40.0,8,4,7,407
40.0,8,4,8,409
40.0,8,4,9,411
40.0,8,4,10,413
40.0,8,4,11,414
40.0,8,4,12,416
40.0,8,4,13,418
40.0,8,4,14,420
40.0,8,4,15,422
40.0,8,5,0,396
40.0,8,5,1,398
40.0,8,5,2,400
40.0,8,5,3,402
40.0,8,5,4,404
40.0,8,5,5,406
40.0,8,5,6,407
40.0,8,5,7,409
40.0,8,5,8,411
40.0,8,5,9,413
40.0,8,5,10,415
40.0,8,5,11,417
40.0,8,5,12,419
40.0,8,5,13,420
40.0,8,5,14,422
40.0,8,5,15,424
40.0,8,6,0,398
40.0,8,6,1,400
40.0,8,6,2,402
40.0,8,6,3,404
40.0,8,6,4,406
40.0,8,6,5,408
40.0,8,6,6,410
40.0,8,6,7,412
40.0,8,6,8,414
40.0,8,6,9,415
40.0,8,6,10,417
40.0,8,6,11,419
40.0,8,6,12,421
40.0,8,6,13,423
40.0,8,6,14,425
40.0,8,6,15,427
40.0,8,7,0,400
40.0,8,7,1,402
40.0,8,7,2,404
40.0,8,7,3,406
40.0,8,7,4,408
40.0,8,7,5,410
40.0,8,7,6,412
40.0,8,7,7,414
40.0,8,7,8,416
40.0,8,7,9,418
40.0,8,7,10,420
40.0,8,7,11,422
40.0,8,7,12,423
40.0,8,7,13,425
40.0,8,7,14,427
40.0,8,7,15,429
40.0,8,8,0,403
40.0,8,8,1,405
40.0,8,8,2,407
40.0,8,8,3,409
40.0,8,8,4,410
40.0,8,8,5,412
40.0,8,8,6,414
40.0,8,8,7,416
40.0,8,8,8,418
40.0,8,8,9,420
40.0,8,8,10,422
40.0,8,8,11,424
40.0,8,8,12,426
40.0,8,8,13,428
40.0,8,8,14,429
40.0,8,8,15,431
40.0,8,9,0,405
40.0,8,9,1,407
40.0,8,9,2,409
40.0,8,9,3,411
40.0,8,9,4,413
40.0,8,9,5,415
40.0,8,9,6,417
40.0,8,9,7,419
40.0,8,9,8,420
40.0,8,9,9,422
40.0,8,9,10,424
40.0,8,9,11,426
40.0,8,9,12,428
40.0,8,9,13,430
40.0,8,9,14,432
40.0,8,9,15,434
40.0,8,10,0,407
40.0,8,10,1,409
40.0,8,10,2,411
40.0,8,10,3,413
40.0,8,10,4,415
40.0,8,10,5,417
40.0,8,10,6,419
40.0,8,10,7,421
40.0,8,10,8,423
40.0,8,10,9,425
40.0,8,10,10,427
40.0,8,10,11,428
40.0,8,10,12,430
40.0,8,10,13,432
40.0,8,10,14,434
40.0,8,10,15,436
40.0,8,11,0,409
40.0,8,11,1,411
40.0,8,11,2,413
40.0,8,11,3,415
40.0,8,11,4,417
40.0,8,11,5,419
40.0,8,11,6,421
40.0,8,11,7,423
40.0,8,11,8,425
40.0,8,11,9,427
40.0,8,11,10,429
40.0,8,11,11,431
40.0,8,11,12,433
40.0,8,11,13,435
40.0,8,11,14,436
40.0,8,11,15,438
40.0,8,12,0,411
40.0,8,12,1,413
40.0,8,12,2,415
40.0,8,12,3,417
40.0,8,12,4,419
40.0,8,12,5,421
40.0,8,12,6,423
40.0,8,12,7,425
40.0,8,12,8,427
40.0,8,12,9,429
40.0,8,12,10,431
40.0,8,12,11,433
40.0,8,12,12,435
40.0,8,12,13,437
40.0,8,12,14,439
40.0,8,12,15,441
40.0,8,13,0,414
40.0,8,13,1,416
40.0,8,13,2,418
40.0,8,13,3,420
40.0,8,13,4,422
40.0,8,13,5,424
40.0,8,13,6,426
40.0,8,13,7,428
40.0,8,13,8,430
40.0,8,13,9,431
40.0,8,13,10,433
40.0,8,13,11,435
40.0,8,13,12,437
40.0,8,13,13,439
40.0,8,13,14,441
40.0,8,13,15,443
40.0,8,14,0,416
40.0,8,14,1,418
40.0,8,14,2,420
40.0,8,14,3,422
40.0,8,14,4,424
40.0,8,14,5,426
40.0,8,14,6,428
40.0,8,14,7,430
40.0,8,14,8,432
40.0,8,14,9,434
40.0,8,14,10,436
40.0,8,14,11,438
40.0,8,14,12,440
40.0,8,14,13,441
40.0,8,14,14,443
40.0,8,14,15,445
40.0,8,15,0,418
40.0,8,15,1,420
40.0,8,15,2,422
40.0,8,15,3,424
40.0,8,15,4,426
40.0,8,15,5,428
40.0,8,15,6,430
40.0,8,15,7,432
40.0,8,15,8,434
40.0,8,15,9,436
40.0,8,15,10,438
40.0,8,15,11,440
40.0,8,15,12,442
40.0,8,15,13,444
40.0,8,15,14,446
40.0,8,15,15,448
40.0,9,0,0,390
40.0,9,0,1,392
40.0,9,0,2,394
40.0,9,0,3,396
40.0,9,0,4,398
40.0,9,0,5,400
40.0,9,0,6,402
40.0,9,0,7,403
40.0,9,0,8,405
40.0,9,0,9,407
40.0,9,0,10,409
40.0,9,0,11,411
40.0,9,0,12,413
40.0,9,0,13,414
40.0,9,0,14,416
40.0,9,0,15,418
40.0,9,1,0,393
40.0,9,1,1,395
40.0,9,1,2,396
40.0,9,1,3,398
40.0,9,1,4,400
40.0,9,1,5,402
40.0,9,1,6,404
40.0,9,1,7,406
40.0,9,1,8,408
40.0,9,1,9,410
40.0,9,1,10,411
40.0,9,1,11,413
40.0,9,1,12,415
40.0,9,1,13,417
40.0,9,1,14,419
40.0,9,1,15,421
40.0,9,2,0,395
40.0,9,2,1,397
40.0,9,2,2,399
40.0,9,2,3,401
40.0,9,2,4,403
40.0,9,2,5,405
40.0,9,2,6,406
40.0,9,2,7,408
40.0,9,2,8,410
40.0,9,2,9,412
40.0,9,2,10,414
40.0,9,2,11,416
40.0,9,2,12,418
40.0,9,2,13,419
40.0,9,2,14,421
40.0,9,2,15,423
40.0,9,3,0,397
40.0,9,3,1,399
40.0,9,3,2,401
40.0,9,3,3,403
40.0,9,3,4,405
40.0,9,3,5,407
40.0,9,3,6,409
40.0,9,3,7,411
40.0,9,3,8,413
40.0,9,3,9,414
40.0,9,3,10,416
40.0,9,3,11,418
40.0,9,3,12,420
40.0,9,3,13,422
40.0,9,3,14,424
40.0,9,3,15,426
40.0,9,4,0,400
40.0,9,4,1,402
40.0,9,4,2,403
40.0,9,4,3,405
40.0,9,4,4,407
40.0,9,4,5,409
40.0,9,4,6,411
40.0,9,4,7,413
40.0,9,4,8,415
40.0,9,4,9,417
40.0,9,4,10,419
40.0,9,4,11,421
40.0,9,4,12,422
40.0,9,4,13,424
40.0,9,4,14,426
40.0,9,4,15,428
40.0,9,5,0,402
40.0,9,5,1,404
40.0,9,5,2,406
40.0,9,5,3,408
40.0,9,5,4,410
40.0,9,5,5,412
40.0,9,5,6,414
40.0,9,5,7,415
40.0,9,5,8,417
40.0,9,5,9,419
40.0,9,5,10,421
40.0,9,5,11,423
40.0,9,5,12,425
40.0,9,5,13,427
40.0,9,5,14,429
40.0,9,5,15,430
40.0,9,6,0,404
40.0,9,6,1,406
40.0,9,6,2,408
40.0,9,6,3,410
40.0,9,6,4,412
40.0,9,6,5,414
40.0,9,6,6,416
40.0,9,6,7,418
40.0,9,6,8,420
40.0,9,6,9,422
40.0,9,6,10,424
40.0,9,6,11,425
40.0,9,6,12,427
40.0,9,6,13,429
40.0,9,6,14,431
40.0,9,6,15,433
40.0,9,7,0,406
40.0,9,7,1,408
40.0,9,7,2,410
40.0,9,7,3,412
40.0,9,7,4,414
40.0,9,7,5,416
40.0,9,7,6,418
40.0,9,7,7,420
40.0,9,7,8,422
40.0,9,7,9,424
40.0,9,7,10,426
40.0,9,7,11,428
40.0,9,7,12,430
40.0,9,7,13,432
40.0,9,7,14,433
40.0,9,7,15,435
40.0,9,8,0,409
40.0,9,8,1,411
40.0,9,8,2,413
40.0,9,8,3,415
40.0,9,8,4,417
40.0,9,8,5,419
40.0,9,8,6,421
40.0,9,8,7,422
40.0,9,8,8,424
40.0,9,8,9,426
40.0,9,8,10,428
40.0,9,8,11,430
40.0,9,8,12,432
40.0,9,8,13,434
40.0,9,8,14,436
40.0,9,8,15,438
40.0,9,9,0,411
40.0,9,9,1,413
40.0,9,9,2,415
40.0,9,9,3,417
40.0,9,9,4,419
40.0,9,9,5,421
40.0,9,9,6,423
40.0,9,9,7,425
40.0,9,9,8,427
40.0,9,9,9,429
40.0,9,9,10,431
40.0,9,9,11,433
40.0,9,9,12,434
40.0,9,9,13,436
40.0,9,9,14,438
40.0,9,9,15,440
40.0,9,10,0,413
40.0,9,10,1,415
40.0,9,10,2,417
40.0,9,10,3,419
40.0,9,10,4,421
40.0,9,10,5,423
40.0,9,10,6,425
40.0,9,10,7,427
40.0,9,10,8,429
40.0,9,10,9,431
40.0,9,10,10,433
40.0,9,10,11,435
40.0,9,10,12,437
40.0,9,10,13,439
40.0,9,10,14,441
40.0,9,10,15,443
40.0,9,11,0,415
40.0,9,11,1,417
40.0,9,11,2,419
40.0,9,11,3,421
40.0,9,11,4,423
40.0,9,11,5,425
40.0,9,11,6,427
40.0,9,11,7,429
40.0,9,11,8,431
40.0,9,11,9,433
40.0,9,11,10,435
40.0,9,11,11,437
40.0,9,11,12,439
40.0,9,11,13,441
40.0,9,11,14,443
40.0,9,11,15,445
40.0,9,12,0,418
40.0,9,12,1,420
40.0,9,12,2,422
40.0,9,12,3,424
40.0,9,12,4,426
40.0,9,12,5,428
40.0,9,12,6,430
40.0,9,12,7,432
40.0,9,12,8,434
40.0,9,12,9,436
40.0,9,12,10,438
40.0,9,12,11,440
40.0,9,12,12,441
40.0,9,12,13,443
40.0,9,12,14,445
40.0,9,12,15,447
40.0,9,13,0,420
40.0,9,13,1,422
40.0,9,13,2,424
40.0,9,13,3,426
40.0,9,13,4,428
40.0,9,13,5,430
40.0,9,13,6,432
40.0,9,13,7,434
40.0,9,13,8,436
40.0,9,13,9,438
40.0,9,13,10,440
40.0,9,13,11,442
40.0,9,13,12,444
40.0,9,13,13,446
40.0,9,13,14,448
40.0,9,13,15,450
40.0,9,14,0,422
40.0,9,14,1,424
40.0,9,14,2,426
40.0,9,14,3,428
40.0,9,14,4,430
40.0,9,14,5,432
40.0,9,14,6,434
40.0,9,14,7,436
40.0,9,14,8,438
40.0,9,14,9,440
40.0,9,14,10,442
40.0,9,14,11,444
40.0,9,14,12,446
40.0,9,14,13,448
40.0,9,14,14,450
40.0,9,14,15,452
40.0,9,15,0,424
40.0,9,15,1,426
40.0,9,15,2,428
40.0,9,15,3,430
40.0,9,15,4,432
40.0,9,15,5,434
40.0,9,15,6,436
40.0,9,15,7,438
40.0,9,15,8,440
40.0,9,15,9,442
40.0,9,15,10,444
40.0,9,15,11,446
40.0,9,15,12,448
40.0,9,15,13,450
40.0,9,15,14,452
40.0,9,15,15,454
40.0,10,0,0,396
40.0,10,0,1,398
40.0,10,0,2,400
40.0,10,0,3,402
40.0,10,0,4,404
40.0,10,0,5,406
40.0,10,0,6,408
40.0,10,0,7,409
40.0,10,0,8,411
40.0,10,0,9,413
40.0,10,0,10,415
40.0,10,0,11,417
40.0,10,0,12,419
40.0,10,0,13,421
40.0,10,0,14,422
40.0,10,0,15,424
40.0,10,1,0,398
40.0,10,1,1,400
40.0,10,1,2,402
40.0,10,1,3,404
40.0,10,1,4,406
40.0,10,1,5,408
40.0,10,1,6,410
40.0,10,1,7,412
40.0,10,1,8,414
40.0,10,1,9,416
40.0,10,1,10,418
40.0,10,1,11,419
40.0,10,1,12,421
40.0,10,1,13,423
40.0,10,1,14,425
40.0,10,1,15,427
40.0,10,2,0,401
40.0,10,2,1,403
40.0,10,2,2,405
40.0,10,2,3,407
40.0,10,2,4,409
40.0,10,2,5,410
40.0,10,2,6,412
40.0,10,2,7,414
40.0,10,2,8,416
40.0,10,2,9,418
40.0,10,2,10,420
40.0,10,2,11,422
40.0,10,2,12,424
40.0,10,2,13,426
40.0,10,2,14,427
40.0,10,2,15,429
40.0,10,3,0,403
40.0,10,3,1,405
40.0,10,3,2,407
40.0,10,3,3,409
40.0,10,3,4,411
40.0,10,3,5,413
40.0,10,3,6,415
40.0,10,3,7,417
40.0,10,3,8,419
40.0,10,3,9,421
40.0,10,3,10,422
40.0,10,3,11,424
40.0,10,3,12,426
40.0,10,3,13,428
40.0,10,3,14,430
40.0,10,3,15,432
40.0,10,4,0,405
40.0,10,4,1,407
40.0,10,4,2,409
40.0,10,4,3,411
40.0,10,4,4,413
40.0,10,4,5,415
40.0,10,4,6,417
40.0,10,4,7,419
40.0,10,4,8,421
40.0,10,4,9,423
40.0,10,4,10,425
40.0,10,4,11,427
40.0,10,4,12,429
40.0,10,4,13,431
40.0,10,4,14,432
40.0,10,4,15,434
40.0,10,5,0,408
40.0,10,5,1,410
40.0,10,5,2,412
40.0,10,5,3,414
40.0,10,5,4,416
40.0,10,5,5,418
40.0,10,5,6,420
40.0,10,5,7,422
40.0,10,5,8,424
40.0,10,5,9,425
40.0,10,5,10,427
40.0,10,5,11,429
40.0,10,5,12,431
40.0,10,5,13,433
40.0,10,5,14,435
40.0,10,5,15,437
40.0,10,6,0,410
40.0,10,6,1,412
40.0,10,6,2,414
40.0,10,6,3,416
40.0,10,6,4,418
40.0,10,6,5,420
40.0,10,6,6,422
40.0,10,6,7,424
40.0,10,6,8,426
40.0,10,6,9,428
40.0,10,6,10,430
40.0,10,6,11,432
40.0,10,6,12,434
40.0,10,6,13,435
40.0,10,6,14,437
40.0,10,6,15,439
40.0,10,7,0,412
40.0,10,7,1,414
40.0,10,7,2,416
40.0,10,7,3,418
40.0,10,7,4,420
40.0,10,7,5,422
40.0,10,7,6,424
40.0,10,7,7,426
40.0,10,7,8,428
40.0,10,7,9,430
40.0,10,7,10,432
40.0,10,7,11,434
40.0,10,7,12,436
40.0,10,7,13,438
40.0,10,7,14,440
40.0,10,7,15,442
40.0,10,8,0,415
40.0,10,8,1,417
40.0,10,8,2,419
40.0,10,8,3,421
40.0,10,8,4,423
40.0,10,8,5,425
40.0,10,8,6,427
40.0,10,8,7,429
40.0,10,8,8,431
40.0,10,8,9,433
40.0,10,8,10,435
40.0,10,8,11,437
40.0,10,8,12,438
40.0,10,8,13,440
40.0,10,8,14,442
40.0,10,8,15,444
40.0,10,9,0,417
40.0,10,9,1,419
40.0,10,9,2,421
40.0,10,9,3,423
40.0,10,9,4,425
40.0,10,9,5,427
40.0,10,9,6,429
40.0,10,9,7,431
40.0,10,9,8,433
40.0,10,9,9,435
40.0,10,9,10,437
40.0,10,9,11,439
40.0,10,9,12,441
40.0,10,9,13,443
40.0,10,9,14,445
40.0,10,9,15,447
40.0,10,10,0,419
40.0,10,10,1,421
40.0,10,10,2,423
40.0,10,10,3,425
40.0,10,10,4,427
40.0,10,10,5,429
40.0,10,10,6,431
40.0,10,10,7,433
40.0,10,10,8,435
40.0,10,10,9,437
40.0,10,10,10,439
40.0,10,10,11,441
40.0,10,10,12,443
40.0,10,10,13,445
40.0,10,10,14,447
40.0,10,10,15,449
40.0,10,11,0,421
40.0,10,11,1,424
40.0,10,11,2,426
40.0,10,11,3,428
40.0,10,11,4,430
40.0,10,11,5,432
40.0,10,11,6,434
40.0,10,11,7,436
40.0,10,11,8,438
40.0,10,11,9,440
40.0,10,11,10,442
40.0,10,11,11,444
40.0,10,11,12,446
40.0,10,11,13,448
40.0,10,11,14,450
40.0,10,11,15,451
40.0,10,12,0,424
40.0,10,12,1,426
40.0,10,12,2,428
40.0,10,12,3,430
40.0,10,12,4,432
40.0,10,12,5,434
40.0,10,12,6,436
40.0,10,12,7,438
40.0,10,12,8,440
40.0,10,12,9,442
40.0,10,12,10,444
40.0,10,12,11,446
40.0,10,12,12,448
40.0,10,12,13,450
40.0,10,12,14,452
40.0,10,12,15,454
40.0,10,13,0,426
40.0,10,13,1,428
40.0,10,13,2,430
40.0,10,13,3,432
40.0,10,13,4,434
40.0,10,13,5,436
40.0,10,13,6,438
40.0,10,13,7,440
40.0,10,13,8,442
40.0,10,13,9,444
40.0,10,13,10,446
40.0,10,13,11,448
40.0,10,13,12,450
40.0,10,13,13,452
40.0,10,13,14,454
40.0,10,13,15,456
40.0,10,14,0,428
40.0,10,14,1,430
40.0,10,14,2,432
40.0,10,14,3,434
40.0,10,14,4,436
40.0,10,14,5,439
40.0,10,14,6,441
40.0,10,14,7,443
40.0,10,14,8,445
40.0,10,14,9,447
40.0,10,14,10,449
40.0,10,14,11,451
40.0,10,14,12,453
40.0,10,14,13,455
40.0,10,14,14,457
40.0,10,14,15,459
40.0,10,15,0,430
40.0,10,15,1,432
40.0,10,15,2,435
40.0,10,15,3,437
40.0,10,15,4,439
40.0,10,15,5,441
40.0,10,15,6,443
40.0,10,15,7,445
40.0,10,15,8,447
40.0,10,15,9,449
40.0,10,15,10,451
40.0,10,15,11,453
40.0,10,15,12,455
40.0,10,15,13,457
40.0,10,15,14,459
40.0,10,15,15,461
40.0,11,0,0,402
40.0,11,0,1,404
40.0,11,0,2,406
40.0,11,0,3,408
40.0,11,0,4,410
40.0,11,0,5,412
40.0,11,0,6,413
40.0,11,0,7,415
40.0,11,0,8,417
40.0,11,0,9,419
40.0,11,0,10,421
40.0,11,0,11,423
40.0,11,0,12,425
40.0,11,0,13,427
40.0,11,0,14,428
40.0,11,0,15,430
40.0,11,1,0,404
40.0,11,1,1,406
40.0,11,1,2,408
40.0,11,1,3,410
40.0,11,1,4,412
40.0,11,1,5,414
40.0,11,1,6,416
40.0,11,1,7,418
40.0,11,1,8,420
40.0,11,1,9,422
40.0,11,1,10,424
40.0,11,1,11,425
40.0,11,1,12,427
40.0,11,1,13,429
40.0,11,1,14,431
40.0,11,1,15,433
40.0,11,2,0,407
40.0,11,2,1,409
40.0,11,2,2,411
40.0,11,2,3,413
40.0,11,2,4,414
40.0,11,2,5,416
40.0,11,2,6,418
40.0,11,2,7,420
40.0,11,2,8,422
40.0,11,2,9,424
40.0,11,2,10,426
40.0,11,2,11,428
40.0,11,2,12,430
40.0,11,2,13,432
40.0,11,2,14,434
40.0,11,2,15,435
40.0,11,3,0,409
40.0,11,3,1,411
40.0,11,3,2,413
40.0,11,3,3,415
40.0,11,3,4,417
40.0,11,3,5,419
40.0,11,3,6,421
40.0,11,3,7,423
40.0,11,3,8,425
40.0,11,3,9,427
40.0,11,3,10,429
40.0,11,3,11,430
40.0,11,3,12,432
40.0,11,3,13,434
40.0,11,3,14,436
40.0,11,3,15,438
40.0,11,4,0,411
40.0,11,4,1,413
40.0,11,4,2,415
40.0,11,4,3,417
40.0,11,4,4,419
40.0,11,4,5,421
40.0,11,4,6,423
40.0,11,4,7,425
40.0,11,4,8,427
40.0,11,4,9,429
40.0,11,4,10,431
40.0,11,4,11,433
40.0,11,4,12,435
40.0,11,4,13,437
40.0,11,4,14,439
40.0,11,4,15,441
40.0,11,5,0,414
40.0,11,5,1,416
40.0,11,5,2,418
40.0,11,5,3,420
40.0,11,5,4,422
40.0,11,5,5,424
40.0,11,5,6,426
40.0,11,5,7,428
40.0,11,5,8,430
40.0,11,5,9,432
40.0,11,5,10,434
40.0,11,5,11,435
40.0,11,5,12,437
40.0,11,5,13,439
40.0,11,5,14,441
40.0,11,5,15,443
40.0,11,6,0,416
40.0,11,6,1,418
40.0,11,6,2,420
40.0,11,6,3,422
40.0,11,6,4,424
40.0,11,6,5,426
40.0,11,6,6,428
40.0,11,6,7,430
40.0,11,6,8,432
40.0,11,6,9,434
40.0,11,6,10,436
40.0,11,6,11,438
40.0,11,6,12,440
40.0,11,6,13,442
40.0,11,6,14,444
40.0,11,6,15,446
40.0,11,7,0,418
40.0,11,7,1,420
40.0,11,7,2,422
40.0,11,7,3,425
40.0,11,7,4,427
40.0,11,7,5,429
40.0,11,7,6,431
40.0,11,7,7,433
40.0,11,7,8,435
40.0,11,7,9,436
40.0,11,7,10,438
40.0,11,7,11,440
40.0,11,7,12,442
40.0,11,7,13,444
40.0,11,7,14,446
40.0,11,7,15,448
40.0,11,8,0,421
40.0,11,8,1,423
40.0,11,8,2,425
40.0,11,8,3,427
40.0,11,8,4,429
40.0,11,8,5,431
40.0,11,8,6,433
40.0,11,8,7,435
40.0,11,8,8,437
40.0,11,8,9,439
40.0,11,8,10,441
40.0,11,8,11,443
40.0,11,8,12,445
40.0,11,8,13,447
40.0,11,8,14,449
40.0,11,8,15,451
40.0,11,9,0,423
40.0,11,9,1,425
40.0,11,9,2,427
40.0,11,9,3,429
40.0,11,9,4,431
40.0,11,9,5,433
40.0,11,9,6,435
40.0,11,9,7,437
40.0,11,9,8,439
40.0,11,9,9,441
40.0,11,9,10,443
40.0,11,9,11,445
40.0,11,9,12,447
40.0,11,9,13,449
40.0,11,9,14,451
40.0,11,9,15,453
40.0,11,10,0,425
40.0,11,10,1,427
40.0,11,10,2,429
40.0,11,10,3,432
40.0,11,10,4,434
40.0,11,10,5,436
40.0,11,10,6,438
40.0,11,10,7,440
40.0,11,10,8,442
40.0,11,10,9,444
40.0,11,10,10,446
40.0,11,10,11,448
40.0,11,10,12,450
40.0,11,10,13,452
40.0,11,10,14,454
40.0,11,10,15,456
40.0,11,11,0,428
40.0,11,11,1,430
40.0,11,11,2,432
40.0,11,11,3,434
40.0,11,11,4,436
40.0,11,11,5,438
40.0,11,11,6,440
40.0,11,11,7,442
40.0,11,11,8,444
40.0,11,11,9,446
40.0,11,11,10,448
40.0,11,11,11,450
40.0,11,11,12,452
40.0,11,11,13,454
40.0,11,11,14,456
40.0,11,11,15,458
40.0,11,12,0,430
40.0,11,12,1,432
40.0,11,12,2,434
40.0,11,12,3,436
40.0,11,12,4,438
40.0,11,12,5,440
40.0,11,12,6,442
40.0,11,12,7,444
40.0,11,12,8,446
40.0,11,12,9,448
40.0,11,12,10,450
40.0,11,12,11,452
40.0,11,12,12,454
40.0,11,12,13,456
40.0,11,12,14,458
40.0,11,12,15,460
40.0,11,13,0,432
40.0,11,13,1,434
40.0,11,13,2,436
40.0,11,13,3,438
40.0,11,13,4,441
40.0,11,13,5,443
40.0,11,13,6,445
40.0,11,13,7,447
40.0,11,13,8,449
40.0,11,13,9,451
40.0,11,13,10,453
40.0,11,13,11,455
40.0,11,13,12,457
40.0,11,13,13,459
40.0,11,13,14,461
40.0,11,13,15,463
40.0,11,14,0,434
40.0,11,14,1,437
40.0,11,14,2,439
40.0,11,14,3,441
40.0,11,14,4,443
40.0,11,14,5,445
40.0,11,14,6,447
40.0,11,14,7,449
40.0,11,14,8,451
40.0,11,14,9,453
40.0,11,14,10,455
40.0,11,14,11,457
40.0,11,14,12,459
40.0,11,14,13,461
40.0,11,14,14,463
40.0,11,14,15,465
40.0,11,15,0,437
40.0,11,15,1,439
40.0,11,15,2,441
40.0,11,15,3,443
40.0,11,15,4,445
40.0,11,15,5,447
40.0,11,15,6,449
40.0,11,15,7,451
40.0,11,15,8,453
40.0,11,15,9,455
40.0,11,15,10,458
40.0,11,15,11,460
40.0,11,15,12,462
40.0,11,15,13,464
40.0,11,15,14,466
40.0,11,15,15,468
40.0,12,0,0,408
40.0,12,0,1,410
40.0,12,0,2,412
40.0,12,0,3,413
40.0,12,0,4,415
40.0,12,0,5,417
40.0,12,0,6,419
40.0,12,0,7,421
40.0,12,0,8,423
40.0,12,0,9,425
40.0,12,0,10,427
40.0,12,0,11,429
40.0,12,0,12,431
40.0,12,0,13,433
40.0,12,0,14,435
40.0,12,0,15,436
40.0,12,1,0,410
40.0,12,1,1,412
40.0,12,1,2,414
40.0,12,1,3,416
40.0,12,1,4,418
40.0,12,1,5,420
40.0,12,1,6,422
40.0,12,1,7,424
40.0,12,1,8,426
40.0,12,1,9,428
40.0,12,1,10,430
40.0,12,1,11,432
40.0,12,1,12,433
40.0,12,1,13,435
40.0,12,1,14,437
40.0,12,1,15,439
40.0,12,2,0,412
40.0,12,2,1,414
40.0,12,2,2,416
40.0,12,2,3,418
40.0,12,2,4,420
40.0,12,2,5,422
40.0,12,2,6,424
40.0,12,2,7,426
40.0,12,2,8,428
40.0,12,2,9,430
40.0,12,2,10,432
40.0,12,2,11,434
40.0,12,2,12,436
40.0,12,2,13,438
40.0,12,2,14,440
40.0,12,2,15,442
40.0,12,3,0,415
40.0,12,3,1,417
40.0,12,3,2,419
40.0,12,3,3,421
40.0,12,3,4,423
40.0,12,3,5,425
40.0,12,3,6,427
40.0,12,3,7,429
40.0,12,3,8,431
40.0,12,3,9,433
40.0,12,3,10,435
40.0,12,3,11,437
40.0,12,3,12,439
40.0,12,3,13,441
40.0,12,3,14,442
40.0,12,3,15,444
40.0,12,4,0,417
40.0,12,4,1,419
40.0,12,4,2,421
40.0,12,4,3,423
40.0,12,4,4,425
40.0,12,4,5,427
40.0,12,4,6,429
40.0,12,4,7,431
40.0,12,4,8,433
40.0,12,4,9,435
40.0,12,4,10,437
40.0,12,4,11,439
40.0,12,4,12,441
40.0,12,4,13,443
40.0,12,4,14,445
40.0,12,4,15,447
40.0,12,5,0,420
40.0,12,5,1,422
40.0,12,5,2,424
40.0,12,5,3,426
40.0,12,5,4,428
40.0,12,5,5,430
40.0,12,5,6,432
40.0,12,5,7,434
40.0,12,5,8,436
40.0,12,5,9,438
40.0,12,5,10,440
40.0,12,5,11,442
40.0,12,5,12,444
40.0,12,5,13,446
40.0,12,5,14,448
40.0,12,5,15,449
40.0,12,6,0,422
40.0,12,6,1,424
40.0,12,6,2,426
40.0,12,6,3,428
40.0,12,6,4,430
40.0,12,6,5,432
40.0,12,6,6,434
40.0,12,6,7,436
40.0,12,6,8,438
40.0,12,6,9,440
40.0,12,6,10,442
40.0,12,6,11,444
40.0,12,6,12,446
40.0,12,6,13,448
40.0,12,6,14,450
40.0,12,6,15,452
40.0,12,7,0,424
40.0,12,7,1,426
40.0,12,7,2,429
40.0,12,7,3,431
40.0,12,7,4,433
40.0,12,7,5,435
40.0,12,7,6,437
40.0,12,7,7,439
40.0,12,7,8,441
40.0,12,7,9,443
40.0,12,7,10,445
40.0,12,7,11,447
40.0,12,7,12,449
40.0,12,7,13,451
40.0,12,7,14,453
40.0,12,7,15,455
40.0,12,8,0,427
40.0,12,8,1,429
40.0,12,8,2,431
40.0,12,8,3,433
40.0,12,8,4,435
40.0,12,8,5,437
40.0,12,8,6,439
40.0,12,8,7,441
40.0,12,8,8,443
40.0,12,8,9,445
40.0,12,8,10,447
40.0,12,8,11,449
40.0,12,8,12,451
40.0,12,8,13,453
40.0,12,8,14,455
40.0,12,8,15,457
40.0,12,9,0,429
40.0,12,9,1,431
40.0,12,9,2,433
40.0,12,9,3,435
40.0,12,9,4,437
40.0,12,9,5,439
40.0,12,9,6,442
40.0,12,9,7,444
40.0,12,9,8,446
40.0,12,9,9,448
40.0,12,9,10,450
40.0,12,9,11,452
40.0,12,9,12,454
40.0,12,9,13,456
40.0,12,9,14,458
40.0,12,9,15,460
40.0,12,10,0,431
40.0,12,10,1,434
40.0,12,10,2,436
40.0,12,10,3,438
40.0,12,10,4,440
40.0,12,10,5,442
40.0,12,10,6,444
40.0,12,10,7,446
40.0,12,10,8,448
40.0,12,10,9,450
40.0,12,10,10,452
40.0,12,10,11,454
40.0,12,10,12,456
40.0,12,10,13,458
40.0,12,10,14,460
40.0,12,10,15,462
40.0,12,11,0,434
40.0,12,11,1,436
40.0,12,11,2,438
40.0,12,11,3,440
40.0,12,11,4,442
40.0,12,11,5,444
40.0,12,11,6,446
40.0,12,11,7,448
40.0,12,11,8,450
40.0,12,11,9,452
40.0,12,11,10,455
40.0,12,11,11,457
40.0,12,11,12,459
40.0,12,11,13,461
40.0,12,11,14,463
40.0,12,11,15,465
40.0,12,12,0,436
40.0,12,12,1,438
40.0,12,12,2,440
40.0,12,12,3,442
40.0,12,12,4,444
40.0,12,12,5,447
40.0,12,12,6,449
40.0,12,12,7,451
40.0,12,12,8,453
40.0,12,12,9,455
40.0,12,12,10,457
40.0,12,12,11,459
40.0,12,12,12,461
40.0,12,12,13,463
40.0,12,12,14,465
40.0,12,12,15,467
40.0,12,13,0,438
40.0,12,13,1,440
40.0,12,13,2,443
40.0,12,13,3,445
40.0,12,13,4,447
40.0,12,13,5,449
40.0,12,13,6,451
40.0,12,13,7,453
40.0,12,13,8,455
40.0,12,13,9,457
40.0,12,13,10,459
40.0,12,13,11,461
40.0,12,13,12,463
40.0,12,13,13,465
40.0,12,13,14,467
40.0,12,13,15,469
40.0,12,14,0,441
40.0,12,14,1,443
40.0,12,14,2,445
40.0,12,14,3,447
40.0,12,14,4,449
40.0,12,14,5,451
40.0,12,14,6,453
40.0,12,14,7,455
40.0,12,14,8,458
40.0,12,14,9,460
40.0,12,14,10,462
40.0,12,14,11,464
40.0,12,14,12,466
40.0,12,14,13,468
40.0,12,14,14,470
40.0,12,14,15,472
40.0,12,15,0,443
40.0,12,15,1,445
40.0,12,15,2,447
40.0,12,15,3,449
40.0,12,15,4,451
40.0,12,15,5,454
40.0,12,15,6,456
40.0,12,15,7,458
40.0,12,15,8,460
40.0,12,15,9,462
40.0,12,15,10,464
40.0,12,15,11,466
40.0,12,15,12,468
40.0,12,15,13,470
40.0,12,15,14,472
40.0,12,15,15,474
40.0,13,0,0,413
40.0,13,0,1,415
40.0,13,0,2,417
40.0,13,0,3,419
40.0,13,0,4,421
40.0,13,0,5,423
40.0,13,0,6,425
40.0,13,0,7,427
40.0,13,0,8,429
40.0,13,0,9,431
40.0,13,0,10,433
40.0,13,0,11,435
40.0,13,0,12,437
40.0,13,0,13,439
40.0,13,0,14,441
40.0,13,0,15,443
40.0,13,1,0,416
40.0,13,1,1,418
40.0,13,1,2,420
40.0,13,1,3,422
40.0,13,1,4,424
40.0,13,1,5,426
40.0,13,1,6,428
40.0,13,1,7,430
40.0,13,1,8,432
40.0,13,1,9,434
40.0,13,1,10,436
40.0,13,1,11,438
40.0,13,1,12,440
40.0,13,1,13,441
40.0,13,1,14,443
40.0,13,1,15,445
40.0,13,2,0,418
40.0,13,2,1,420
40.0,13,2,2,422
40.0,13,2,3,424
40.0,13,2,4,426
40.0,13,2,5,428
40.0,13,2,6,430
40.0,13,2,7,432
40.0,13,2,8,434
40.0,13,2,9,436
40.0,13,2,10,438
40.0,13,2,11,440
40.0,13,2,12,442
40.0,13,2,13,444
40.0,13,2,14,446
40.0,13,2,15,448
40.0,13,3,0,421
40.0,13,3,1,423
40.0,13,3,2,425
40.0,13,3,3,427
40.0,13,3,4,429
40.0,13,3,5,431
40.0,13,3,6,433
40.0,13,3,7,435
40.0,13,3,8,437
40.0,13,3,9,439
40.0,13,3,10,441
40.0,13,3,11,443
40.0,13,3,12,445
40.0,13,3,13,447
40.0,13,3,14,449
40.0,13,3,15,451
40.0,13,4,0,423
40.0,13,4,1,425
40.0,13,4,2,427
40.0,13,4,3,429
40.0,13,4,4,431
40.0,13,4,5,433
40.0,13,4,6,435
40.0,13,4,7,437
40.0,13,4,8,439
40.0,13,4,9,441
40.0,13,4,10,443
40.0,13,4,11,445
40.0,13,4,12,447
40.0,13,4,13,449
40.0,13,4,14,451
40.0,13,4,15,453
40.0,13,5,0,426
40.0,13,5,1,428
40.0,13,5,2,430
40.0,13,5,3,432
40.0,13,5,4,434
40.0,13,5,5,436
40.0,13,5,6,438
40.0,13,5,7,440
40.0,13,5,8,442
40.0,13,5,9,444
40.0,13,5,10,446
40.0,13,5,11,448
40.0,13,5,12,450
40.0,13,5,13,452
40.0,13,5,14,454
40.0,13,5,15,456
40.0,13,6,0,428
40.0,13,6,1,430
40.0,13,6,2,432
40.0,13,6,3,434
40.0,13,6,4,436
40.0,13,6,5,438
40.0,13,6,6,440
40.0,13,6,7,442
40.0,13,6,8,444
40.0,13,6,9,446
40.0,13,6,10,448
40.0,13,6,11,450
40.0,13,6,12,452
40.0,13,6,13,454
40.0,13,6,14,456
40.0,13,6,15,458
40.0,13,7,0,430
40.0,13,7,1,432
40.0,13,7,2,435
40.0,13,7,3,437
40.0,13,7,4,439
40.0,13,7,5,441
40.0,13,7,6,443
40.0,13,7,7,445
40.0,13,7,8,447
40.0,13,7,9,449
40.0,13,7,10,451
40.0,13,7,11,453
40.0,13,7,12,455
40.0,13,7,13,457
40.0,13,7,14,459
40.0,13,7,15,461
40.0,13,8,0,433
40.0,13,8,1,435
40.0,13,8,2,437
40.0,13,8,3,439
40.0,13,8,4,441
40.0,13,8,5,443
40.0,13,8,6,445
40.0,13,8,7,447
40.0,13,8,8,449
40.0,13,8,9,451
40.0,13,8,10,453
40.0,13,8,11,456
40.0,13,8,12,458
40.0,13,8,13,460
40.0,13,8,14,462
40.0,13,8,15,464
40.0,13,9,0,435
40.0,13,9,1,437
40.0,13,9,2,439
40.0,13,9,3,441
40.0,13,9,4,444
40.0,13,9,5,446
40.0,13,9,6,448
40.0,13,9,7,450
40.0,13,9,8,452
40.0,13,9,9,454
40.0,13,9,10,456
40.0,13,9,11,458
40.0,13,9,12,460
40.0,13,9,13,462
40.0,13,9,14,464
40.0,13,9,15,466
40.0,13,10,0,437
40.0,13,10,1,440
40.0,13,10,2,442
40.0,13,10,3,444
40.0,13,10,4,446
40.0,13,10,5,448
40.0,13,10,6,450
40.0,13,10,7,452
40.0,13,10,8,454
40.0,13,10,9,456
40.0,13,10,10,458
40.0,13,10,11,460
40.0,13,10,12,463
40.0,13,10,13,465
40.0,13,10,14,467
40.0,13,10,15,469
40.0,13,11,0,440
40.0,13,11,1,442
40.0,13,11,2,444
40.0,13,11,3,446
40.0,13,11,4,448
40.0,13,11,5,450
40.0,13,11,6,453
40.0,13,11,7,455
40.0,13,11,8,457
40.0,13,11,9,459
40.0,13,11,10,461
40.0,13,11,11,463
40.0,13,11,12,465
40.0,13,11,13,467
40.0,13,11,14,469
40.0,13,11,15,471
40.0,13,12,0,442
40.0,13,12,1,444
40.0,13,12,2,446
40.0,13,12,3,449
40.0,13,12,4,451
40.0,13,12,5,453
40.0,13,12,6,455
40.0,13,12,7,457
40.0,13,12,8,459
40.0,13,12,9,461
40.0,13,12,10,463
40.0,13,12,11,465
40.0,13,12,12,467
40.0,13,12,13,470
40.0,13,12,14,472
40.0,13,12,15,474
40.0,13,13,0,444
40.0,13,13,1,447
40.0,13,13,2,449
40.0,13,13,3,451
40.0,13,13,4,453
40.0,13,13,5,455
40.0,13,13,6,457
40.0,13,13,7,460
40.0,13,13,8,462
40.0,13,13,9,464
40.0,13,13,10,466
40.0,13,13,11,468
40.0,13,13,12,470
40.0,13,13,13,472
40.0,13,13,14,474
40.0,13,13,15,476
40.0,13,14,0,447
40.0,13,14,1,449
40.0,13,14,2,451
40.0,13,14,3,453
40.0,13,14,4,455
40.0,13,14,5,458
40.0,13,14,6,460
40.0,13,14,7,462
40.0,13,14,8,464
40.0,13,14,9,466
40.0,13,14,10,468
40.0,13,14,11,470
40.0,13,14,12,472
40.0,13,14,13,474
40.0,13,14,14,477
40.0,13,14,15,479
40.0,13,15,0,449
40.0,13,15,1,451
40.0,13,15,2,453
40.0,13,15,3,456
40.0,13,15,4,458
40.0,13,15,5,460
40.0,13,15,6,462
40.0,13,15,7,464
40.0,13,15,8,466
40.0,13,15,9,469
40.0,13,15,10,471
40.0,13,15,11,473
40.0,13,15,12,475
40.0,13,15,13,477
40.0,13,15,14,479
40.0,13,15,15,481
40.0,14,0,0,419
40.0,14,0,1,421
40.0,14,0,2,423
40.0,14,0,3,425
40.0,14,0,4,427
40.0,14,0,5,429
40.0,14,0,6,431
40.0,14,0,7,433
40.0,14,0,8,435
40.0,14,0,9,437
40.0,14,0,10,439
40.0,14,0,11,441
40.0,14,0,12,443
40.0,14,0,13,445
40.0,14,0,14,447
40.0,14,0,15,449
40.0,14,1,0,422
40.0,14,1,1,424
40.0,14,1,2,426
40.0,14,1,3,428
40.0,14,1,4,430
40.0,14,1,5,432
40.0,14,1,6,434
40.0,14,1,7,436
40.0,14,1,8,438
40.0,14,1,9,440
40.0,14,1,10,442
40.0,14,1,11,444
40.0,14,1,12,446
40.0,14,1,13,448
40.0,14,1,14,450
40.0,14,1,15,452
40.0,14,2,0,424
40.0,14,2,1,426
40.0,14,2,2,428
40.0,14,2,3,430
40.0,14,2,4,432
40.0,14,2,5,434
40.0,14,2,6,436
40.0,14,2,7,438
40.0,14,2,8,440
40.0,14,2,9,442
40.0,14,2,10,444
40.0,14,2,11,446
40.0,14,2,12,448
40.0,14,2,13,450
40.0,14,2,14,452
40.0,14,2,15,454
40.0,14,3,0,427
40.0,14,3,1,429
40.0,14,3,2,431
40.0,14,3,3,433
40.0,14,3,4,435
40.0,14,3,5,437
40.0,14,3,6,439
40.0,14,3,7,441
40.0,14,3,8,443
40.0,14,3,9,445
40.0,14,3,10,447
40.0,14,3,11,449
40.0,14,3,12,451
40.0,14,3,13,453
40.0,14,3,14,455
40.0,14,3,15,457
40.0,14,4,0,429
40.0,14,4,1,431
40.0,14,4,2,433
40.0,14,4,3,435
40.0,14,4,4,437
40.0,14,4,5,439
40.0,14,4,6,441
40.0,14,4,7,443
40.0,14,4,8,446
40.0,14,4,9,448
40.0,14,4,10,450
40.0,14,4,11,452
40.0,14,4,12,454
40.0,14,4,13,456
40.0,14,4,14,458
40.0,14,4,15,460
40.0,14,5,0,431
40.0,14,5,1,434
40.0,14,5,2,436
40.0,14,5,3,438
40.0,14,5,4,440
40.0,14,5,5,442
40.0,14,5,6,444
40.0,14,5,7,446
40.0,14,5,8,448
40.0,14,5,9,450
40.0,14,5,10,452
40.0,14,5,11,454
40.0,14,5,12,456
40.0,14,5,13,458
40.0,14,5,14,460
40.0,14,5,15,462
40.0,14,6,0,434
40.0,14,6,1,436
40.0,14,6,2,438
40.0,14,6,3,440
40.0,14,6,4,442
40.0,14,6,5,444
40.0,14,6,6,447
40.0,14,6,7,449
40.0,14,6,8,451
40.0,14,6,9,453
40.0,14,6,10,455
40.0,14,6,11,457
40.0,14,6,12,459
40.0,14,6,13,461
40.0,14,6,14,463
40.0,14,6,15,465
40.0,14,7,0,436
40.0,14,7,1,438
40.0,14,7,2,441
40.0,14,7,3,443
40.0,14,7,4,445
40.0,14,7,5,447
40.0,14,7,6,449
40.0,14,7,7,451
40.0,14,7,8,453
40.0,14,7,9,455
40.0,14,7,10,457
40.0,14,7,11,459
40.0,14,7,12,461
40.0,14,7,13,463
40.0,14,7,14,465
40.0,14,7,15,467
40.0,14,8,0,439
40.0,14,8,1,441
40.0,14,8,2,443
40.0,14,8,3,445
40.0,14,8,4,447
40.0,14,8,5,449
40.0,14,8,6,452
40.0,14,8,7,454
40.0,14,8,8,456
40.0,14,8,9,458
40.0,14,8,10,460
40.0,14,8,11,462
40.0,14,8,12,464
40.0,14,8,13,466
40.0,14,8,14,468
40.0,14,8,15,470
40.0,14,9,0,441
40.0,14,9,1,443
40.0,14,9,2,445
40.0,14,9,3,448
40.0,14,9,4,450
40.0,14,9,5,452
40.0,14,9,6,454
40.0,14,9,7,456
40.0,14,9,8,458
40.0,14,9,9,460
40.0,14,9,10,462
40.0,14,9,11,464
40.0,14,9,12,466
40.0,14,9,13,468
40.0,14,9,14,471
40.0,14,9,15,473
40.0,14,10,0,444
40.0,14,10,1,446
40.0,14,10,2,448
40.0,14,10,3,450
40.0,14,10,4,452
40.0,14,10,5,454
40.0,14,10,6,456
40.0,14,10,7,459
40.0,14,10,8,461
40.0,14,10,9,463
40.0,14,10,10,465
40.0,14,10,11,467
40.0,14,10,12,469
40.0,14,10,13,471
40.0,14,10,14,473
40.0,14,10,15,475
40.0,14,11,0,446
40.0,14,11,1,448
40.0,14,11,2,450
40.0,14,11,3,452
40.0,14,11,4,455
40.0,14,11,5,457
40.0,14,11,6,459
40.0,14,11,7,461
40.0,14,11,8,463
40.0,14,11,9,465
40.0,14,11,10,467
40.0,14,11,11,469
40.0,14,11,12,471
40.0,14,11,13,474
40.0,14,11,14,476
40.0,14,11,15,478
40.0,14,12,0,448
40.0,14,12,1,451
40.0,14,12,2,453
40.0,14,12,3,455
40.0,14,12,4,457
40.0,14,12,5,459
40.0,14,12,6,461
40.0,14,12,7,463
40.0,14,12,8,466
40.0,14,12,9,468
40.0,14,12,10,470
40.0,14,12,11,472
40.0,14,12,12,474
40.0,14,12,13,476
40.0,14,12,14,478
40.0,14,12,15,480
40.0,14,13,0,451
40.0,14,13,1,453
40.0,14,13,2,455
40.0,14,13,3,457
40.0,14,13,4,459
40.0,14,13,5,462
40.0,14,13,6,464
40.0,14,13,7,466
40.0,14,13,8,468
40.0,14,13,9,470
40.0,14,13,10,472
40.0,14,13,11,474
40.0,14,13,12,476
40.0,14,13,13,479
40.0,14,13,14,481
40.0,14,13,15,483
40.0,14,14,0,453
40.0,14,14,1,455
40.0,14,14,2,457
40.0,14,14,3,460
40.0,14,14,4,462
40.0,14,14,5,464
40.0,14,14,6,466
40.0,14,14,7,468
40.0,14,14,8,470
40.0,14,14,9,473
40.0,14,14,10,475
40.0,14,14,11,477
40.0,14,14,12,479
40.0,14,14,13,481
40.0,14,14,14,483
40.0,14,14,15,485
40.0,14,15,0,455
40.0,14,15,1,458
40.0,14,15,2,460
40.0,14,15,3,462
40.0,14,15,4,464
40.0,14,15,5,466
40.0,14,15,6,469
40.0,14,15,7,471
40.0,14,15,8,473
40.0,14,15,9,475
40.0,14,15,10,477
40.0,14,15,11,479
40.0,14,15,12,481
40.0,14,15,13,484
40.0,14,15,14,486
40.0,14,15,15,488
40.0,15,0,0,425
40.0,15,0,1,427
40.0,15,0,2,429
40.0,15,0,3,431
40.0,15,0,4,433
40.0,15,0,5,435
40.0,15,0,6,437
40.0,15,0,7,439
40.0,15,0,8,441
40.0,15,0,9,443
40.0,15,0,10,445
40.0,15,0,11,447
40.0,15,0,12,449
40.0,15,0,13,451
40.0,15,0,14,453
40.0,15,0,15,455
40.0,15,1,0,427
40.0,15,1,1,429
40.0,15,1,2,431
40.0,15,1,3,434
40.0,15,1,4,436
40.0,15,1,5,438
40.0,15,1,6,440
40.0,15,1,7,442
40.0,15,1,8,444
40.0,15,1,9,446
40.0,15,1,10,448
40.0,15,1,11,450
40.0,15,1,12,452
40.0,15,1,13,454
40.0,15,1,14,456
40.0,15,1,15,458
40.0,15,2,0,430
40.0,15,2,1,432
40.0,15,2,2,434
40.0,15,2,3,436
40.0,15,2,4,438
40.0,15,2,5,440
40.0,15,2,6,442
40.0,15,2,7,444
40.0,15,2,8,446
40.0,15,2,9,448
40.0,15,2,10,450
40.0,15,2,11,452
40.0,15,2,12,454
40.0,15,2,13,456
40.0,15,2,14,458
40.0,15,2,15,460
40.0,15,3,0,432
40.0,15,3,1,434
40.0,15,3,2,437
40.0,15,3,3,439
40.0,15,3,4,441
40.0,15,3,5,443
40.0,15,3,6,445
40.0,15,3,7,447
40.0,15,3,8,449
40.0,15,3,9,451
40.0,15,3,10,453
40.0,15,3,11,455
40.0,15,3,12,457
40.0,15,3,13,459
40.0,15,3,14,461
40.0,15,3,15,463
40.0,15,4,0,435
40.0,15,4,1,437
40.0,15,4,2,439
40.0,15,4,3,441
40.0,15,4,4,443
40.0,15,4,5,445
40.0,15,4,6,448
40.0,15,4,7,450
40.0,15,4,8,452
40.0,15,4,9,454
40.0,15,4,10,456
40.0,15,4,11,458
40.0,15,4,12,460
40.0,15,4,13,462
40.0,15,4,14,464
40.0,15,4,15,466
40.0,15,5,0,437
40.0,15,5,1,440
40.0,15,5,2,442
40.0,15,5,3,444
40.0,15,5,4,446
40.0,15,5,5,448
40.0,15,5,6,450
40.0,15,5,7,452
40.0,15,5,8,454
40.0,15,5,9,456
40.0,15,5,10,458
40.0,15,5,11,460
40.0,15,5,12,462
40.0,15,5,13,464
40.0,15,5,14,466
40.0,15,5,15,468
40.0,15,6,0,440
40.0,15,6,1,442
40.0,15,6,2,444
40.0,15,6,3,446
40.0,15,6,4,448
40.0,15,6,5,451
40.0,15,6,6,453
40.0,15,6,7,455
40.0,15,6,8,457
40.0,15,6,9,459
40.0,15,6,10,461
40.0,15,6,11,463
40.0,15,6,12,465
40.0,15,6,13,467
40.0,15,6,14,469
40.0,15,6,15,471
40.0,15,7,0,442
40.0,15,7,1,444
40.0,15,7,2,447
40.0,15,7,3,449
40.0,15,7,4,451
40.0,15,7,5,453
40.0,15,7,6,455
40.0,15,7,7,457
40.0,15,7,8,459
40.0,15,7,9,461
40.0,15,7,10,464
40.0,15,7,11,466
40.0,15,7,12,468
40.0,15,7,13,470
40.0,15,7,14,472
40.0,15,7,15,474
40.0,15,8,0,445
40.0,15,8,1,447
40.0,15,8,2,449
40.0,15,8,3,451
40.0,15,8,4,453
40.0,15,8,5,456
40.0,15,8,6,458
40.0,15,8,7,460
40.0,15,8,8,462
40.0,15,8,9,464
40.0,15,8,10,466
40.0,15,8,11,468
40.0,15,8,12,470
40.0,15,8,13,472
40.0,15,8,14,474
40.0,15,8,15,476
40.0,15,9,0,447
40.0,15,9,1,449
40.0,15,9,2,452
40.0,15,9,3,454
40.0,15,9,4,456
40.0,15,9,5,458
40.0,15,9,6,460
40.0,15,9,7,462
40.0,15,9,8,464
40.0,15,9,9,467
40.0,15,9,10,469
40.0,15,9,11,471
40.0,15,9,12,473
40.0,15,9,13,475
40.0,15,9,14,477
40.0,15,9,15,479
40.0,15,10,0,450
40.0,15,10,1,452
40.0,15,10,2,454
40.0,15,10,3,456
40.0,15,10,4,458
40.0,15,10,5,461
40.0,15,10,6,463
40.0,15,10,7,465
40.0,15,10,8,467
40.0,15,10,9,469
40.0,15,10,10,471
40.0,15,10,11,473
40.0,15,10,12,475
40.0,15,10,13,477
40.0,15,10,14,480
40.0,15,10,15,482
40.0,15,11,0,452
40.0,15,11,1,454
40.0,15,11,2,456
40.0,15,11,3,459
40.0,15,11,4,461
40.0,15,11,5,463
40.0,15,11,6,465
40.0,15,11,7,467
40.0,15,11,8,469
40.0,15,11,9,472
40.0,15,11,10,474
40.0,15,11,11,476
40.0,15,11,12,478
40.0,15,11,13,480
40.0,15,11,14,482
40.0,15,11,15,484
40.0,15,12,0,454
40.0,15,12,1,457
40.0,15,12,2,459
40.0,15,12,3,461
40.0,15,12,4,463
40.0,15,12,5,465
40.0,15,12,6,468
40.0,15,12,7,470
40.0,15,12,8,472
40.0,15,12,9,474
40.0,15,12,10,476
40.0,15,12,11,478
40.0,15,12,12,480
40.0,15,12,13,483
40.0,15,12,14,485
40.0,15,12,15,487
40.0,15,13,0,457
40.0,15,13,1,459
40.0,15,13,2,461
40.0,15,13,3,464
40.0,15,13,4,466
40.0,15,13,5,468
40.0,15,13,6,470
40.0,15,13,7,472
40.0,15,13,8,474
40.0,15,13,9,477
40.0,15,13,10,479
40.0,15,13,11,481
40.0,15,13,12,483
40.0,15,13,13,485
40.0,15,13,14,487
40.0,15,13,15,489
40.0,15,14,0,459
40.0,15,14,1,461
40.0,15,14,2,464
40.0,15,14,3,466
40.0,15,14,4,468
40.0,15,14,5,470
40.0,15,14,6,473
40.0,15,14,7,475
40.0,15,14,8,477
40.0,15,14,9,479
40.0,15,14,10,481
40.0,15,14,11,483
40.0,15,14,12,486
40.0,15,14,13,488
40.0,15,14,14,490
40.0,15,14,15,492
40.0,15,15,0,462
40.0,15,15,1,464
40.0,15,15,2,466
40.0,15,15,3,468
40.0,15,15,4,471
40.0,15,15,5,473
40.0,15,15,6,475
40.0,15,15,7,477
40.0,15,15,8,479
40.0,15,15,9,482
40.0,15,15,10,484
40.0,15,15,11,486
40.0,15,15,12,488
40.0,15,15,13,490
40.0,15,15,14,492
40.0,15,15,15,494
40.5,0,0,0,341
40.5,0,0,1,342
40.5,0,0,2,344
40.5,0,0,3,346
40.5,0,0,4,347
40.5,0,0,5,349
40.5,0,0,6,351
40.5,0,0,7,352
40.5,0,0,8,354
40.5,0,0,9,355
40.5,0,0,10,357
40.5,0,0,11,359
40.5,0,0,12,360
40.5,0,0,13,362
40.5,0,0,14,363
40.5,0,0,15,365
40.5,0,1,0,343
40.5,0,1,1,344
40.5,0,1,2,346
40.5,0,1,3,348
40.5,0,1,4,349
40.5,0,1,5,351
40.5,0,1,6,353
40.5,0,1,7,354
40.5,0,1,8,356
40.5,0,1,9,358
40.5,0,1,10,359
40.5,0,1,11,361
40.5,0,1,12,362
40.5,0,1,13,364
40.5,0,1,14,366
40.5,0,1,15,367
40.5,0,2,0,345
40.5,0,2,1,346
40.5,0,2,2,348
40.5,0,2,3,350
40.5,0,2,4,352
40.5,0,2,5,353
40.5,0,2,6,355
40.5,0,2,7,356
40.5,0,2,8,358
40.5,0,2,9,360
40.5,0,2,10,361
40.5,0,2,11,363
40.5,0,2,12,365
40.5,0,2,13,366
40.5,0,2,14,368
40.5,0,2,15,369
40.5,0,3,0,347
40.5,0,3,1,349
40.5,0,3,2,350
40.5,0,3,3,352
40.5,0,3,4,354
40.5,0,3,5,355
40.5,0,3,6,357
40.5,0,3,7,359
40.5,0,3,8,360
40.5,0,3,9,362
40.5,0,3,10,363
40.5,0,3,11,365
40.5,0,3,12,367
40.5,0,3,13,368
40.5,0,3,14,370
40.5,0,3,15,371
40.5,0,4,0,349
40.5,0,4,1,351
40.5,0,4,2,352
40.5,0,4,3,354
40.5,0,4,4,356
40.5,0,4,5,357
40.5,0,4,6,359
40.5,0,4,7,361
40.5,0,4,8,362
40.5,0,4,9,364
40.5,0,4,10,366
40.5,0,4,11,367
40.5,0,4,12,369
40.5,0,4,13,370
40.5,0,4,14,372
40.5,0,4,15,374
40.5,0,5,0,351
40.5,0,5,1,353
40.5,0,5,2,354
40.5,0,5,3,356
40.5,0,5,4,358
40.5,0,5,5,359
40.5,0,5,6,361
40.5,0,5,7,363
40.5,0,5,8,364
40.5,0,5,9,366
40.5,0,5,10,368
40.5,0,5,11,369
40.5,0,5,12,371
40.5,0,5,13,373
40.5,0,5,14,374
40.5,0,5,15,376
40.5,0,6,0,353
40.5,0,6,1,355
40.5,0,6,2,356
40.5,0,6,3,358
40.5,0,6,4,360
40.5,0,6,5,361
40.5,0,6,6,363
40.5,0,6,7,365
40.5,0,6,8,366
40.5,0,6,9,368
40.5,0,6,10,370
40.5,0,6,11,371
40.5,0,6,12,373
40.5,0,6,13,375
40.5,0,6,14,376
40.5,0,6,15,378
40.5,0,7,0,355
40.5,0,7,1,357
40.5,0,7,2,358
40.5,0,7,3,360
40.5,0,7,4,362
40.5,0,7,5,363
40.5,0,7,6,365
40.5,0,7,7,367
40.5,0,7,8,368
40.5,0,7,9,370
40.5,0,7,10,372
40.5,0,7,11,373
40.5,0,7,12,375
40.5,0,7,13,377
40.5,0,7,14,378
40.5,0,7,15,380
40.5,0,8,0,357
40.5,0,8,1,359
40.5,0,8,2,360
40.5,0,8,3,362
40.5,0,8,4,364
40.5,0,8,5,365
40.5,0,8,6,367
40.5,0,8,7,369
40.5,0,8,8,371
40.5,0,8,9,372
40.5,0,8,10,374
40.5,0,8,11,376
40.5,0,8,12,377
40.5,0,8,13,379
40.5,0,8,14,381
40.5,0,8,15,382
40.5,0,9,0,359
40.5,0,9,1,360
40.5,0,9,2,362
40.5,0,9,3,364
40.5,0,9,4,366
40.5,0,9,5,367
40.5,0,9,6,369
40.5,0,9,7,371
40.5,0,9,8,373
40.5,0,9,9,374
40.5,0,9,10,376
40.5,0,9,11,378
40.5,0,9,12,379
40.5,0,9,13,381
40.5,0,9,14,383
40.5,0,9,15,384
40.5,0,10,0,361
40.5,0,10,1,362
40.5,0,10,2,364
40.5,0,10,3,366
40.5,0,10,4,368
40.5,0,10,5,369
40.5,0,10,6,371
40.5,0,10,7,373
40.5,0,10,8,375
40.5,0,10,9,376
40.5,0,10,10,378
40.5,0,10,11,380
40.5,0,10,12,381
40.5,0,10,13,383
40.5,0,10,14,385
40.5,0,10,15,386
40.5,0,11,0,363
40.5,0,11,1,364
40.5,0,11,2,366
40.5,0,11,3,368
40.5,0,11,4,370
40.5,0,11,5,371
40.5,0,11,6,373
40.5,0,11,7,375
40.5,0,11,8,377
40.5,0,11,9,378
40.5,0,11,10,380
40.5,0,11,11,382
40.5,0,11,12,383
40.5,0,11,13,385
40.5,0,11,14,387
40.5,0,11,15,388
40.5,0,12,0,365
40.5,0,12,1,366
40.5,0,12,2,368
40.5,0,12,3,370
40.5,0,12,4,372
40.5,0,12,5,373
40.5,0,12,6,375
40.5,0,12,7,377
40.5,0,12,8,379
40.5,0,12,9,380
40.5,0,12,10,382
40.5,0,12,11,384
40.5,0,12,12,385
40.5,0,12,13,387
40.5,0,12,14,389
40.5,0,12,15,390
40.5,0,13,0,366
40.5,0,13,1,368
40.5,0,13,2,370
40.5,0,13,3,372
40.5,0,13,4,374
40.5,0,13,5,375
40.5,0,13,6,377
40.5,0,13,7,379
40.5,0,13,8,381
40.5,0,13,9,382
40.5,0,13,10,384
40.5,0,13,11,386
40.5,0,13,12,387
40.5,0,13,13,389
40.5,0,13,14,391
40.5,0,13,15,393
40.5,0,14,0,368
40.5,0,14,1,370
40.5,0,14,2,372
40.5,0,14,3,374
40.5,0,14,4,376
40.5,0,14,5,377
40.5,0,14,6,379
40.5,0,14,7,381
40.5,0,14,8,383
40.5,0,14,9,384
40.5,0,14,10,386
40.5,0,14,11,388
40.5,0,14,12,389
40.5,0,14,13,391
40.5,0,14,14,393
40.5,0,14,15,395
40.5,0,15,0,370
40.5,0,15,1,372
40.5,0,15,2,374
40.5,0,15,3,376
40.5,0,15,4,377
40.5,0,15,5,379
40.5,0,15,6,381
40.5,0,15,7,383
40.5,0,15,8,385
40.5,0,15,9,386
40.5,0,15,10,388
40.5,0,15,11,390
40.5,0,15,12,391
40.5,0,15,13,393
40.5,0,15,14,395
40.5,0,15,15,397
40.5,1,0,0,346
40.5,1,0,1,348
40.5,1,0,2,350
40.5,1,0,3,352
40.5,1,0,4,353
40.5,1,0,5,355
40.5,1,0,6,357
40.5,1,0,7,358
40.5,1,0,8,360
40.5,1,0,9,361
40.5,1,0,10,363
40.5,1,0,11,365
40.5,1,0,12,366
40.5,1,0,13,368
40.5,1,0,14,370
40.5,1,0,15,371
40.5,1,1,0,349
40.5,1,1,1,350
40.5,1,1,2,352
40.5,1,1,3,354
40.5,1,1,4,355
40.5,1,1,5,357
40.5,1,1,6,359
40.5,1,1,7,360
40.5,1,1,8,362
40.5,1,1,9,364
40.5,1,1,10,365
40.5,1,1,11,367
40.5,1,1,12,369
40.5,1,1,13,370
40.5,1,1,14,372
40.5,1,1,15,373
40.5,1,2,0,351
40.5,1,2,1,352
40.5,1,2,2,354
40.5,1,2,3,356
40.5,1,2,4,357
40.5,1,2,5,359
40.5,1,2,6,361
40.5,1,2,7,362
40.5,1,2,8,364
40.5,1,2,9,366
40.5,1,2,10,367
40.5,1,2,11,369
40.5,1,2,12,371
40.5,1,2,13,372
40.5,1,2,14,374
40.5,1,2,15,376
40.5,1,3,0,353
40.5,1,3,1,354
40.5,1,3,2,356
40.5,1,3,3,358
40.5,1,3,4,360
40.5,1,3,5,361
40.5,1,3,6,363
40.5,1,3,7,365
40.5,1,3,8,366
40.5,1,3,9,368
40.5,1,3,10,370
40.5,1,3,11,371
40.5,1,3,12,373
40.5,1,3,13,375
40.5,1,3,14,376
40.5,1,3,15,378
40.5,1,4,0,355
40.5,1,4,1,356
40.5,1,4,2,358
40.5,1,4,3,360
40.5,1,4,4,362
40.5,1,4,5,363
40.5,1,4,6,365
40.5,1,4,7,367
40.5,1,4,8,368
40.5,1,4,9,370
40.5,1,4,10,372
40.5,1,4,11,373
40.5,1,4,12,375
40.5,1,4,13,377
40.5,1,4,14,378
40.5,1,4,15,380
40.5,1,5,0,357
40.5,1,5,1,359
40.5,1,5,2,360
40.5,1,5,3,362
40.5,1,5,4,364
40.5,1,5,5,365
40.5,1,5,6,367
40.5,1,5,7,369
40.5,1,5,8,371
40.5,1,5,9,372
40.5,1,5,10,374
40.5,1,5,11,376
40.5,1,5,12,377
40.5,1,5,13,379
40.5,1,5,14,381
40.5,1,5,15,382
40.5,1,6,0,359
40.5,1,6,1,361
40.5,1,6,2,362
40.5,1,6,3,364
40.5,1,6,4,366
40.5,1,6,5,368
40.5,1,6,6,369
40.5,1,6,7,371
40.5,1,6,8,373
40.5,1,6,9,374
40.5,1,6,10,376
40.5,1,6,11,378
40.5,1,6,12,379
40.5,1,6,13,381
40.5,1,6,14,383
40.5,1,6,15,384
40.5,1,7,0,361
40.5,1,7,1,363
40.5,1,7,2,364
40.5,1,7,3,366
40.5,1,7,4,368
40.5,1,7,5,370
40.5,1,7,6,371
40.5,1,7,7,373
40.5,1,7,8,375
40.5,1,7,9,376
40.5,1,7,10,378
40.5,1,7,11,380
40.5,1,7,12,381
40.5,1,7,13,383
40.5,1,7,14,385
40.5,1,7,15,386
40.5,1,8,0,363
40.5,1,8,1,365
40.5,1,8,2,366
40.5,1,8,3,368
40.5,1,8,4,370
40.5,1,8,5,372
40.5,1,8,6,373
40.5,1,8,7,375
40.5,1,8,8,377
40.5,1,8,9,379
40.5,1,8,10,380
40.5,1,8,11,382
40.5,1,8,12,384
40.5,1,8,13,385
40.5,1,8,14,387
40.5,1,8,15,389
40.5,1,9,0,365
40.5,1,9,1,367
40.5,1,9,2,368
40.5,1,9,3,370
40.5,1,9,4,372
40.5,1,9,5,374
40.5,1,9,6,375
40.5,1,9,7,377
40.5,1,9,8,379
40.5,1,9,9,381
40.5,1,9,10,382
40.5,1,9,11,384
40.5,1,9,12,386
40.5,1,9,13,387
40.5,1,9,14,389
40.5,1,9,15,391
40.5,1,10,0,367
40.5,1,10,1,369
40.5,1,10,2,370
40.5,1,10,3,372
40.5,1,10,4,374
40.5,1,10,5,376
40.5,1,10,6,377
40.5,1,10,7,379
40.5,1,10,8,381
40.5,1,10,9,383
40.5,1,10,10,384
40.5,1,10,11,386
40.5,1,10,12,388
40.5,1,10,13,390
40.5,1,10,14,391
40.5,1,10,15,393
40.5,1,11,0,369
40.5,1,11,1,371
40.5,1,11,2,372
40.5,1,11,3,374
40.5,1,11,4,376
40.5,1,11,5,378
40.5,1,11,6,379
40.5,1,11,7,381
40.5,1,11,8,383
40.5,1,11,9,385
40.5,1,11,10,386
40.5,1,11,11,388
40.5,1,11,12,390
40.5,1,11,13,392
40.5,1,11,14,393
40.5,1,11,15,395
40.5,1,12,0,371
40.5,1,12,1,373
40.5,1,12,2,374
40.5,1,12,3,376
40.5,1,12,4,378
40.5,1,12,5,380
40.5,1,12,6,381
40.5,1,12,7,383
40.5,1,12,8,385
40.5,1,12,9,387
40.5,1,12,10,389
40.5,1,12,11,390
40.5,1,12,12,392
40.5,1,12,13,394
40.5,1,12,14,395
40.5,1,12,15,397
40.5,1,13,0,373
40.5,1,13,1,375
40.5,1,13,2,376
40.5,1,13,3,378
40.5,1,13,4,380
40.5,1,13,5,382
40.5,1,13,6,383
40.5,1,13,7,385
40.5,1,13,8,387
40.5,1,13,9,389
40.5,1,13,10,391
40.5,1,13,11,392
40.5,1,13,12,394
40.5,1,13,13,396
40.5,1,13,14,397
40.5,1,13,15,399
40.5,1,14,0,375
40.5,1,14,1,376
40.5,1,14,2,378
40.5,1,14,3,380
40.5,1,14,4,382
40.5,1,14,5,384
40.5,1,14,6,385
40.5,1,14,7,387
40.5,1,14,8,389
40.5,1,14,9,391
40.5,1,14,10,393
40.5,1,14,11,394
40.5,1,14,12,396
40.5,1,14,13,398
40.5,1,14,14,400
40.5,1,14,15,401
40.5,1,15,0,377
40.5,1,15,1,378
40.5,1,15,2,380
40.5,1,15,3,382
40.5,1,15,4,384
40.5,1,15,5,386
40.5,1,15,6,387
40.5,1,15,7,389
40.5,1,15,8,391
40.5,1,15,9,393
40.5,1,15,10,395
40.5,1,15,11,396
40.5,1,15,12,398
40.5,1,15,13,400
40.5,1,15,14,402
40.5,1,15,15,403
40.5,2,0,0,352
40.5,2,0,1,354
40.5,2,0,2,356
40.5,2,0,3,357
40.5,2,0,4,359
40.5,2,0,5,361
40.5,2,0,6,363
40.5,2,0,7,364
40.5,2,0,8,366
40.5,2,0,9,368
40.5,2,0,10,369
40.5,2,0,11,371
40.5,2,0,12,372
40.5,2,0,13,374
40.5,2,0,14,376
40.5,2,0,15,377
40.5,2,1,0,354
40.5,2,1,1,356
40.5,2,1,2,358
40.5,2,1,3,360
40.5,2,1,4,361
40.5,2,1,5,363
40.5,2,1,6,365
40.5,2,1,7,366
40.5,2,1,8,368
40.5,2,1,9,370
40.5,2,1,10,371
40.5,2,1,11,373
40.5,2,1,12,375
40.5,2,1,13,376
40.5,2,1,14,378
40.5,2,1,15,380
40.5,2,2,0,357
40.5,2,2,1,358
40.5,2,2,2,360
40.5,2,2,3,362
40.5,2,2,4,363
40.5,2,2,5,365
40.5,2,2,6,367
40.5,2,2,7,369
40.5,2,2,8,370
40.5,2,2,9,372
40.5,2,2,10,374
40.5,2,2,11,375
40.5,2,2,12,377
40.5,2,2,13,379
40.5,2,2,14,380
40.5,2,2,15,382
40.5,2,3,0,359
40.5,2,3,1,360
40.5,2,3,2,362
40.5,2,3,3,364
40.5,2,3,4,366
40.5,2,3,5,367
40.5,2,3,6,369
40.5,2,3,7,371
40.5,2,3,8,372
40.5,2,3,9,374
40.5,2,3,10,376
40.5,2,3,11,377
40.5,2,3,12,379
40.5,2,3,13,381
40.5,2,3,14,382
40.5,2,3,15,384
40.5,2,4,0,361
40.5,2,4,1,362
40.5,2,4,2,364
40.5,2,4,3,366
40.5,2,4,4,368
40.5,2,4,5,369
40.5,2,4,6,371
40.5,2,4,7,373
40.5,2,4,8,375
40.5,2,4,9,376
40.5,2,4,10,378
40.5,2,4,11,380
40.5,2,4,12,381
40.5,2,4,13,383
40.5,2,4,14,385
40.5,2,4,15,386
40.5,2,5,0,363
40.5,2,5,1,365
40.5,2,5,2,366
40.5,2,5,3,368
40.5,2,5,4,370
40.5,2,5,5,372
40.5,2,5,6,373
40.5,2,5,7,375
40.5,2,5,8,377
40.5,2,5,9,378
40.5,2,5,10,380
40.5,2,5,11,382
40.5,2,5,12,384
40.5,2,5,13,385
40.5,2,5,14,387
40.5,2,5,15,389
40.5,2,6,0,365
40.5,2,6,1,367
40.5,2,6,2,368
40.5,2,6,3,370
40.5,2,6,4,372
40.5,2,6,5,374
40.5,2,6,6,375
40.5,2,6,7,377
40.5,2,6,8,379
40.5,2,6,9,381
40.5,2,6,10,382
40.5,2,6,11,384
40.5,2,6,12,386
40.5,2,6,13,387
40.5,2,6,14,389
40.5,2,6,15,391
40.5,2,7,0,367
40.5,2,7,1,369
40.5,2,7,2,370
40.5,2,7,3,372
40.5,2,7,4,374
40.5,2,7,5,376
40.5,2,7,6,378
40.5,2,7,7,379
40.5,2,7,8,381
40.5,2,7,9,383
40.5,2,7,10,384
40.5,2,7,11,386
40.5,2,7,12,388
40.5,2,7,13,390
40.5,2,7,14,391
40.5,2,7,15,393
40.5,2,8,0,369
40.5,2,8,1,371
40.5,2,8,2,372
40.5,2,8,3,374
40.5,2,8,4,376
40.5,2,8,5,378
40.5,2,8,6,380
40.5,2,8,7,381
40.5,2,8,8,383
40.5,2,8,9,385
40.5,2,8,10,387
40.5,2,8,11,388
40.5,2,8,12,390
40.5,2,8,13,392
40.5,2,8,14,393
40.5,2,8,15,395
40.5,2,9,0,371
40.5,2,9,1,373
40.5,2,9,2,375
40.5,2,9,3,376
40.5,2,9,4,378
40.5,2,9,5,380
40.5,2,9,6,382
40.5,2,9,7,383
40.5,2,9,8,385
40.5,2,9,9,387
40.5,2,9,10,389
40.5,2,9,11,390
40.5,2,9,12,392
40.5,2,9,13,394
40.5,2,9,14,396
40.5,2,9,15,397
40.5,2,10,0,373
40.5,2,10,1,375
40.5,2,10,2,377
40.5,2,10,3,378
40.5,2,10,4,380
40.5,2,10,5,382
40.5,2,10,6,384
40.5,2,10,7,386
40.5,2,10,8,387
40.5,2,10,9,389
40.5,2,10,10,391
40.5,2,10,11,393
40.5,2,10,12,394
40.5,2,10,13,396
40.5,2,10,14,398
40.5,2,10,15,399
40.5,2,11,0,375
40.5,2,11,1,377
40.5,2,11,2,379
40.5,2,11,3,380
40.5,2,11,4,382
40.5,2,11,5,384
40.5,2,11,6,386
40.5,2,11,7,388
40.5,2,11,8,389
40.5,2,11,9,391
40.5,2,11,10,393
40.5,2,11,11,395
40.5,2,11,12,396
40.5,2,11,13,398
40.5,2,11,14,400
40.5,2,11,15,402
40.5,2,12,0,377
40.5,2,12,1,379
40.5,2,12,2,381
40.5,2,12,3,382
40.5,2,12,4,384
40.5,2,12,5,386
40.5,2,12,6,388
40.5,2,12,7,390
40.5,2,12,8,391
40.5,2,12,9,393
40.5,2,12,10,395
40.5,2,12,11,397
40.5,2,12,12,399
40.5,2,12,13,400
40.5,2,12,14,402
40.5,2,12,15,404
40.5,2,13,0,379
40.5,2,13,1,381
40.5,2,13,2,383
40.5,2,13,3,384
40.5,2,13,4,386
40.5,2,13,5,388
40.5,2,13,6,390
40.5,2,13,7,392
40.5,2,13,8,393
40.5,2,13,9,395
40.5,2,13,10,397
40.5,2,13,11,399
40.5,2,13,12,401
40.5,2,13,13,402
40.5,2,13,14,404
40.5,2,13,15,406
40.5,2,14,0,381
40.5,2,14,1,383
40.5,2,14,2,385
40.5,2,14,3,386
40.5,2,14,4,388
40.5,2,14,5,390
40.5,2,14,6,392
40.5,2,14,7,394
40.5,2,14,8,396
40.5,2,14,9,397
40.5,2,14,10,399
40.5,2,14,11,401
40.5,2,14,12,403
40.5,2,14,13,404
40.5,2,14,14,406
40.5,2,14,15,408
40.5,2,15,0,383
40.5,2,15,1,385
40.5,2,15,2,387
40.5,2,15,3,388
40.5,2,15,4,390
40.5,2,15,5,392
40.5,2,15,6,394
40.5,2,15,7,396
40.5,2,15,8,398
40.5,2,15,9,399
40.5,2,15,10,401
40.5,2,15,11,403
40.5,2,15,12,405
40.5,2,15,13,407
40.5,2,15,14,408
40.5,2,15,15,410
40.5,3,0,0,358
40.5,3,0,1,360
40.5,3,0,2,362
40.5,3,0,3,363
40.5,3,0,4,365
40.5,3,0,5,367
40.5,3,0,6,368
40.5,3,0,7,370
40.5,3,0,8,372
40.5,3,0,9,374
40.5,3,0,10,375
40.5,3,0,11,377
40.5,3,0,12,379
40.5,3,0,13,380
40.5,3,0,14,382
40.5,3,0,15,384
40.5,3,1,0,360
40.5,3,1,1,362
40.5,3,1,2,364
40.5,3,1,3,365
40.5,3,1,4,367
40.5,3,1,5,369
40.5,3,1,6,371
40.5,3,1,7,372
40.5,3,1,8,374
40.5,3,1,9,376
40.5,3,1,10,377
40.5,3,1,11,379
40.5,3,1,12,381
40.5,3,1,13,383
40.5,3,1,14,384
40.5,3,1,15,386
40.5,3,2,0,362
40.5,3,2,1,364
40.5,3,2,2,366
40.5,3,2,3,368
40.5,3,2,4,369
40.5,3,2,5,371
40.5,3,2,6,373
40.5,3,2,7,375
40.5,3,2,8,376
40.5,3,2,9,378
40.5,3,2,10,380
40.5,3,2,11,381
40.5,3,2,12,383
40.5,3,2,13,385
40.5,3,2,14,386
40.5,3,2,15,388
40.5,3,3,0,364
40.5,3,3,1,366
40.5,3,3,2,368
40.5,3,3,3,370
40.5,3,3,4,372
40.5,3,3,5,373
40.5,3,3,6,375
40.5,3,3,7,377
40.5,3,3,8,379
40.5,3,3,9,380
40.5,3,3,10,382
40.5,3,3,11,384
40.5,3,3,12,385
40.5,3,3,13,387
40.5,3,3,14,389
40.5,3,3,15,390
40.5,3,4,0,367
40.5,3,4,1,368
40.5,3,4,2,370
40.5,3,4,3,372
40.5,3,4,4,374
40.5,3,4,5,375
40.5,3,4,6,377
40.5,3,4,7,379
40.5,3,4,8,381
40.5,3,4,9,382
40.5,3,4,10,384
40.5,3,4,11,386
40.5,3,4,12,388
40.5,3,4,13,389
40.5,3,4,14,391
40.5,3,4,15,393
40.5,3,5,0,369
40.5,3,5,1,371
40.5,3,5,2,372
40.5,3,5,3,374
40.5,3,5,4,376
40.5,3,5,5,378
40.5,3,5,6,379
40.5,3,5,7,381
40.5,3,5,8,383
40.5,3,5,9,385
40.5,3,5,10,386
40.5,3,5,11,388
40.5,3,5,12,390
40.5,3,5,13,392
40.5,3,5,14,393
40.5,3,5,15,395
40.5,3,6,0,371
40.5,3,6,1,373
40.5,3,6,2,374
40.5,3,6,3,376
40.5,3,6,4,378
40.5,3,6,5,380
40.5,3,6,6,382
40.5,3,6,7,383
40.5,3,6,8,385
40.5,3,6,9,387
40.5,3,6,10,389
40.5,3,6,11,390
40.5,3,6,12,392
40.5,3,6,13,394
40.5,3,6,14,395
40.5,3,6,15,397
40.5,3,7,0,373
40.5,3,7,1,375
40.5,3,7,2,377
40.5,3,7,3,378
40.5,3,7,4,380
40.5,3,7,5,382
40.5,3,7,6,384
40.5,3,7,7,385
40.5,3,7,8,387
40.5,3,7,9,389
40.5,3,7,10,391
40.5,3,7,11,392
40.5,3,7,12,394
40.5,3,7,13,396
40.5,3,7,14,398
40.5,3,7,15,399
40.5,3,8,0,375
40.5,3,8,1,377
40.5,3,8,2,379
40.5,3,8,3,380
40.5,3,8,4,382
40.5,3,8,5,384
40.5,3,8,6,386
40.5,3,8,7,388
40.5,3,8,8,389
40.5,3,8,9,391
40.5,3,8,10,393
40.5,3,8,11,395
40.5,3,8,12,396
40.5,3,8,13,398
40.5,3,8,14,400
40.5,3,8,15,402
40.5,3,9,0,377
40.5,3,9,1,379
40.5,3,9,2,381
40.5,3,9,3,383
40.5,3,9,4,384
40.5,3,9,5,386
40.5,3,9,6,388
40.5,3,9,7,390
40.5,3,9,8,392
40.5,3,9,9,393
40.5,3,9,10,395
40.5,3,9,11,397
40.5,3,9,12,399
40.5,3,9,13,400
40.5,3,9,14,402
40.5,3,9,15,404
40.5,3,10,0,379
40.5,3,10,1,381
40.5,3,10,2,383
40.5,3,10,3,385
40.5,3,10,4,386
40.5,3,10,5,388
40.5,3,10,6,390
40.5,3,10,7,392
40.5,3,10,8,394
40.5,3,10,9,395
40.5,3,10,10,397
40.5,3,10,11,399
40.5,3,10,12,401
40.5,3,10,13,403
40.5,3,10,14,404
40.5,3,10,15,406
40.5,3,11,0,381
40.5,3,11,1,383
40.5,3,11,2,385
40.5,3,11,3,387
40.5,3,11,4,388
40.5,3,11,5,390
40.5,3,11,6,392
40.5,3,11,7,394
40.5,3,11,8,396
40.5,3,11,9,398
40.5,3,11,10,399
40.5,3,11,11,401
40.5,3,11,12,403
40.5,3,11,13,405
40.5,3,11,14,406
40.5,3,11,15,408
40.5,3,12,0,383
40.5,3,12,1,385
40.5,3,12,2,387
40.5,3,12,3,389
40.5,3,12,4,391
40.5,3,12,5,392
40.5,3,12,6,394
40.5,3,12,7,396
40.5,3,12,8,398
40.5,3,12,9,400
40.5,3,12,10,401
40.5,3,12,11,403
40.5,3,12,12,405
40.5,3,12,13,407
40.5,3,12,14,409
40.5,3,12,15,410
40.5,3,13,0,385
40.5,3,13,1,387
40.5,3,13,2,389
40.5,3,13,3,391
40.5,3,13,4,393
40.5,3,13,5,394
40.5,3,13,6,396
40.5,3,13,7,398
40.5,3,13,8,400
40.5,3,13,9,402
40.5,3,13,10,404
40.5,3,13,11,405
40.5,3,13,12,407
40.5,3,13,13,409
40.5,3,13,14,411
40.5,3,13,15,413
40.5,3,14,0,387
40.5,3,14,1,389
40.5,3,14,2,391
40.5,3,14,3,393
40.5,3,14,4,395
40.5,3,14,5,397
40.5,3,14,6,398
40.5,3,14,7,400
40.5,3,14,8,402
40.5,3,14,9,404
40.5,3,14,10,406
40.5,3,14,11,407
40.5,3,14,12,409
40.5,3,14,13,411
40.5,3,14,14,413
40.5,3,14,15,415
40.5,3,15,0,389
40.5,3,15,1,391
40.5,3,15,2,393
40.5,3,15,3,395
40.5,3,15,4,397
40.5,3,15,5,399
40.5,3,15,6,400
40.5,3,15,7,402
40.5,3,15,8,404
40.5,3,15,9,406
40.5,3,15,10,408
40.5,3,15,11,410
40.5,3,15,12,411
40.5,3,15,13,413
40.5,3,15,14,415
40.5,3,15,15,417
40.5,4,0,0,364
40.5,4,0,1,366
40.5,4,0,2,367
40.5,4,0,3,369
40.5,4,0,4,371
40.5,4,0,5,373
40.5,4,0,6,374
40.5,4,0,7,376
40.5,4,0,8,378
40.5,4,0,9,380
40.5,4,0,10,381
40.5,4,0,11,383
40.5,4,0,12,385
40.5,4,0,13,386
40.5,4,0,14,388
40.5,4,0,15,390
40.5,4,1,0,366
40.5,4,1,1,368
40.5,4,1,2,370
40.5,4,1,3,371
40.5,4,1,4,373
40.5,4,1,5,375
40.5,4,1,6,377
40.5,4,1,7,378
40.5,4,1,8,380
40.5,4,1,9,382
40.5,4,1,10,384
40.5,4,1,11,385
40.5,4,1,12,387
40.5,4,1,13,389
40.5,4,1,14,390
40.5,4,1,15,392
40.5,4,2,0,368
40.5,4,2,1,370
40.5,4,2,2,372
40.5,4,2,3,374
40.5,4,2,4,375
40.5,4,2,5,377
40.5,4,2,6,379
40.5,4,2,7,381
40.5,4,2,8,382
40.5,4,2,9,384
40.5,4,2,10,386
40.5,4,2,11,388
40.5,4,2,12,389
40.5,4,2,13,391
40.5,4,2,14,393
40.5,4,2,15,394
40.5,4,3,0,370
40.5,4,3,1,372
40.5,4,3,2,374
40.5,4,3,3,376
40.5,4,3,4,378
40.5,4,3,5,379
40.5,4,3,6,381
40.5,4,3,7,383
40.5,4,3,8,385
40.5,4,3,9,386
40.5,4,3,10,388
40.5,4,3,11,390
40.5,4,3,12,392
40.5,4,3,13,393
40.5,4,3,14,395
40.5,4,3,15,397
40.5,4,4,0,373
40.5,4,4,1,374
40.5,4,4,2,376
40.5,4,4,3,378
40.5,4,4,4,380
40.5,4,4,5,382
40.5,4,4,6,383
40.5,4,4,7,385
40.5,4,4,8,387
40.5,4,4,9,389
40.5,4,4,10,390
40.5,4,4,11,392
40.5,4,4,12,394
40.5,4,4,13,396
40.5,4,4,14,397
40.5,4,4,15,399
40.5,4,5,0,375
40.5,4,5,1,376
40.5,4,5,2,378
40.5,4,5,3,380
40.5,4,5,4,382
40.5,4,5,5,384
40.5,4,5,6,386
40.5,4,5,7,387
40.5,4,5,8,389
40.5,4,5,9,391
40.5,4,5,10,393
40.5,4,5,11,394
40.5,4,5,12,396
40.5,4,5,13,398
40.5,4,5,14,400
40.5,4,5,15,401
40.5,4,6,0,377
40.5,4,6,1,379
40.5,4,6,2,380
40.5,4,6,3,382
40.5,4,6,4,384
40.5,4,6,5,386
40.5,4,6,6,388
40.5,4,6,7,390
40.5,4,6,8,391
40.5,4,6,9,393
40.5,4,6,10,395
40.5,4,6,11,397
40.5,4,6,12,398
40.5,4,6,13,400
40.5,4,6,14,402
40.5,4,6,15,404
40.5,4,7,0,379
40.5,4,7,1,381
40.5,4,7,2,383
40.5,4,7,3,384
40.5,4,7,4,386
40.5,4,7,5,388
40.5,4,7,6,390
40.5,4,7,7,392
40.5,4,7,8,393
40.5,4,7,9,395
40.5,4,7,10,397
40.5,4,7,11,399
40.5,4,7,12,401
40.5,4,7,13,402
40.5,4,7,14,404
40.5,4,7,15,406
40.5,4,8,0,381
40.5,4,8,1,383
40.5,4,8,2,385
40.5,4,8,3,387
40.5,4,8,4,388
40.5,4,8,5,390
40.5,4,8,6,392
40.5,4,8,7,394
40.5,4,8,8,396
40.5,4,8,9,397
40.5,4,8,10,399
40.5,4,8,11,401
40.5,4,8,12,403
40.5,4,8,13,405
40.5,4,8,14,406
40.5,4,8,15,408
40.5,4,9,0,383
40.5,4,9,1,385
40.5,4,9,2,387
40.5,4,9,3,389
40.5,4,9,4,391
40.5,4,9,5,392
40.5,4,9,6,394
40.5,4,9,7,396
40.5,4,9,8,398
40.5,4,9,9,400
40.5,4,9,10,401
40.5,4,9,11,403
40.5,4,9,12,405
40.5,4,9,13,407
40.5,4,9,14,409
40.5,4,9,15,410
40.5,4,10,0,385
40.5,4,10,1,387
40.5,4,10,2,389
40.5,4,10,3,391
40.5,4,10,4,393
40.5,4,10,5,395
40.5,4,10,6,396
40.5,4,10,7,398
40.5,4,10,8,400
40.5,4,10,9,402
40.5,4,10,10,404
40.5,4,10,11,405
40.5,4,10,12,407
40.5,4,10,13,409
40.5,4,10,14,411
40.5,4,10,15,413
40.5,4,11,0,387
40.5,4,11,1,389
40.5,4,11,2,391
40.5,4,11,3,393
40.5,4,11,4,395
40.5,4,11,5,397
40.5,4,11,6,398
40.5,4,11,7,400
40.5,4,11,8,402
40.5,4,11,9,404
40.5,4,11,10,406
40.5,4,11,11,408
40.5,4,11,12,409
40.5,4,11,13,411
40.5,4,11,14,413
40.5,4,11,15,415
40.5,4,12,0,389
40.5,4,12,1,391
40.5,4,12,2,393
40.5,4,12,3,395
40.5,4,12,4,397
40.5,4,12,5,399
40.5,4,12,6,401
40.5,4,12,7,402
40.5,4,12,8,404
40.5,4,12,9,406
40.5,4,12,10,408
40.5,4,12,11,410
40.5,4,12,12,412
40.5,4,12,13,413
40.5,4,12,14,415
40.5,4,12,15,417
40.5,4,13,0,391
40.5,4,13,1,393
40.5,4,13,2,395
40.5,4,13,3,397
40.5,4,13,4,399
40.5,4,13,5,401
40.5,4,13,6,403
40.5,4,13,7,405
40.5,4,13,8,406
40.5,4,13,9,408
40.5,4,13,10,410
40.5,4,13,11,412
40.5,4,13,12,414
40.5,4,13,13,416
40.5,4,13,14,417
40.5,4,13,15,419
40.5,4,14,0,393
40.5,4,14,1,395
40.5,4,14,2,397
40.5,4,14,3,399
40.5,4,14,4,401
40.5,4,14,5,403
40.5,4,14,6,405
40.5,4,14,7,407
40.5,4,14,8,409
40.5,4,14,9,410
40.5,4,14,10,412
40.5,4,14,11,414
40.5,4,14,12,416
40.5,4,14,13,418
40.5,4,14,14,420
40.5,4,14,15,421
40.5,4,15,0,395
40.5,4,15,1,397
40.5,4,15,2,399
40.5,4,15,3,401
40.5,4,15,4,403
40.5,4,15,5,405
40.5,4,15,6,407
40.5,4,15,7,409
40.5,4,15,8,411
40.5,4,15,9,412
40.5,4,15,10,414
40.5,4,15,11,416
40.5,4,15,12,418
40.5,4,15,13,420
40.5,4,15,14,422
40.5,4,15,15,424
40.5,5,0,0,370
40.5,5,0,1,371
40.5,5,0,2,373
40.5,5,0,3,375
40.5,5,0,4,377
40.5,5,0,5,379
40.5,5,0,6,380
40.5,5,0,7,382
40.5,5,0,8,384
40.5,5,0,9,386
40.5,5,0,10,387
40.5,5,0,11,389
40.5,5,0,12,391
40.5,5,0,13,393
40.5,5,0,14,394
40.5,5,0,15,396
40.5,5,1,0,372
40.5,5,1,1,374
40.5,5,1,2,375
40.5,5,1,3,377
40.5,5,1,4,379
40.5,5,1,5,381
40.5,5,1,6,383
40.5,5,1,7,384
40.5,5,1,8,386
40.5,5,1,9,388
40.5,5,1,10,390
40.5,5,1,11,391
40.5,5,1,12,393
40.5,5,1,13,395
40.5,5,1,14,397
40.5,5,1,15,398
40.5,5,2,0,374
40.5,5,2,1,376
40.5,5,2,2,378
40.5,5,2,3,380
40.5,5,2,4,381
40.5,5,2,5,383
40.5,5,2,6,385
40.5,5,2,7,387
40.5,5,2,8,388
40.5,5,2,9,390
40.5,5,2,10,392
40.5,5,2,11,394
40.5,5,2,12,395
40.5,5,2,13,397
40.5,5,2,14,399
40.5,5,2,15,401
40.5,5,3,0,376
40.5,5,3,1,378
40.5,5,3,2,380
40.5,5,3,3,382
40.5,5,3,4,384
40.5,5,3,5,385
40.5,5,3,6,387
40.5,5,3,7,389
40.5,5,3,8,391
40.5,5,3,9,393
40.5,5,3,10,394
40.5,5,3,11,396
40.5,5,3,12,398
40.5,5,3,13,400
40.5,5,3,14,401
40.5,5,3,15,403
40.5,5,4,0,378
40.5,5,4,1,380
40.5,5,4,2,382
40.5,5,4,3,384
40.5,5,4,4,386
40.5,5,4,5,388
40.5,5,4,6,389
40.5,5,4,7,391
40.5,5,4,8,393
40.5,5,4,9,395
40.5,5,4,10,397
40.5,5,4,11,398
40.5,5,4,12,400
40.5,5,4,13,402
40.5,5,4,14,404
40.5,5,4,15,405
40.5,5,5,0,381
40.5,5,5,1,382
40.5,5,5,2,384
40.5,5,5,3,386
40.5,5,5,4,388
40.5,5,5,5,390
40.5,5,5,6,392
40.5,5,5,7,393
40.5,5,5,8,395
40.5,5,5,9,397
40.5,5,5,10,399
40.5,5,5,11,401
40.5,5,5,12,402
40.5,5,5,13,404
40.5,5,5,14,406
40.5,5,5,15,408
40.5,5,6,0,383
40.5,5,6,1,385
40.5,5,6,2,387
40.5,5,6,3,388
40.5,5,6,4,390
40.5,5,6,5,392
40.5,5,6,6,394
40.5,5,6,7,396
40.5,5,6,8,398
40.5,5,6,9,399
40.5,5,6,10,401
40.5,5,6,11,403
40.5,5,6,12,405
40.5,5,6,13,406
40.5,5,6,14,408
40.5,5,6,15,410
40.5,5,7,0,385
40.5,5,7,1,387
40.5,5,7,2,389
40.5,5,7,3,391
40.5,5,7,4,392
40.5,5,7,5,394
40.5,5,7,6,396
40.5,5,7,7,398
40.5,5,7,8,400
40.5,5,7,9,402
40.5,5,7,10,403
40.5,5,7,11,405
40.5,5,7,12,407
40.5,5,7,13,409
40.5,5,7,14,411
40.5,5,7,15,412
40.5,5,8,0,387
40.5,5,8,1,389
40.5,5,8,2,391
40.5,5,8,3,393
40.5,5,8,4,395
40.5,5,8,5,396
40.5,5,8,6,398
40.5,5,8,7,400
40.5,5,8,8,402
40.5,5,8,9,404
40.5,5,8,10,406
40.5,5,8,11,407
40.5,5,8,12,409
40.5,5,8,13,411
40.5,5,8,14,413
40.5,5,8,15,415
40.5,5,9,0,389
40.5,5,9,1,391
40.5,5,9,2,393
40.5,5,9,3,395
40.5,5,9,4,397
40.5,5,9,5,399
40.5,5,9,6,400
40.5,5,9,7,402
40.5,5,9,8,404
40.5,5,9,9,406
40.5,5,9,10,408
40.5,5,9,11,410
40.5,5,9,12,411
40.5,5,9,13,413
40.5,5,9,14,415
40.5,5,9,15,417
40.5,5,10,0,391
40.5,5,10,1,393
40.5,5,10,2,395
40.5,5,10,3,397
40.5,5,10,4,399
40.5,5,10,5,401
40.5,5,10,6,403
40.5,5,10,7,405
40.5,5,10,8,406
40.5,5,10,9,408
40.5,5,10,10,410
40.5,5,10,11,412
40.5,5,10,12,414
40.5,5,10,13,416
40.5,5,10,14,417
40.5,5,10,15,419
40.5,5,11,0,393
40.5,5,11,1,395
40.5,5,11,2,397
40.5,5,11,3,399
40.5,5,11,4,401
40.5,5,11,5,403
40.5,5,11,6,405
40.5,5,11,7,407
40.5,5,11,8,409
40.5,5,11,9,410
40.5,5,11,10,412
40.5,5,11,11,414
40.5,5,11,12,416
40.5,5,11,13,418
40.5,5,11,14,420
40.5,5,11,15,421
40.5,5,12,0,395
40.5,5,12,1,397
40.5,5,12,2,399
40.5,5,12,3,401
40.5,5,12,4,403
40.5,5,12,5,405
40.5,5,12,6,407
40.5,5,12,7,409
40.5,5,12,8,411
40.5,5,12,9,413
40.5,5,12,10,414
40.5,5,12,11,416
40.5,5,12,12,418
40.5,5,12,13,420
40.5,5,12,14,422
40.5,5,12,15,424
40.5,5,13,0,398
40.5,5,13,1,400
40.5,5,13,2,401
40.5,5,13,3,403
40.5,5,13,4,405
40.5,5,13,5,407
40.5,5,13,6,409
40.5,5,13,7,411
40.5,5,13,8,413
40.5,5,13,9,415
40.5,5,13,10,417
40.5,5,13,11,418
40.5,5,13,12,420
40.5,5,13,13,422
40.5,5,13,14,424
40.5,5,13,15,426
40.5,5,14,0,400
40.5,5,14,1,402
40.5,5,14,2,404
40.5,5,14,3,405
40.5,5,14,4,407
40.5,5,14,5,409
40.5,5,14,6,411
40.5,5,14,7,413
40.5,5,14,8,415
40.5,5,14,9,417
40.5,5,14,10,419
40.5,5,14,11,421
40.5,5,14,12,423
40.5,5,14,13,424
40.5,5,14,14,426
40.5,5,14,15,428
40.5,5,15,0,402
40.5,5,15,1,404
40.5,5,15,2,406
40.5,5,15,3,408
40.5,5,15,4,409
40.5,5,15,5,411
40.5,5,15,6,413
40.5,5,15,7,415
40.5,5,15,8,417
40.5,5,15,9,419
40.5,5,15,10,421
40.5,5,15,11,423
40.5,5,15,12,425
40.5,5,15,13,427
40.5,5,15,14,428
40.5,5,15,15,430
40.5,6,0,0,375
40.5,6,0,1,377
40.5,6,0,2,379
40.5,6,0,3,381
40.5,6,0,4,383
40.5,6,0,5,385
40.5,6,0,6,386
40.5,6,0,7,388
40.5,6,0,8,390
40.5,6,0,9,392
40.5,6,0,10,393
40.5,6,0,11,395
40.5,6,0,12,397
40.5,6,0,13,399
40.5,6,0,14,400
40.5,6,0,15,402
40.5,6,1,0,378
40.5,6,1,1,380
40.5,6,1,2,381
40.5,6,1,3,383
40.5,6,1,4,385
40.5,6,1,5,387
40.5,6,1,6,389
40.5,6,1,7,390
40.5,6,1,8,392
40.5,6,1,9,394
40.5,6,1,10,396
40.5,6,1,11,398
40.5,6,1,12,399
40.5,6,1,13,401
40.5,6,1,14,403
40.5,6,1,15,405
40.5,6,2,0,380
40.5,6,2,1,382
40.5,6,2,2,384
40.5,6,2,3,385
40.5,6,2,4,387
40.5,6,2,5,389
40.5,6,2,6,391
40.5,6,2,7,393
40.5,6,2,8,395
40.5,6,2,9,396
40.5,6,2,10,398
40.5,6,2,11,400
40.5,6,2,12,402
40.5,6,2,13,403
40.5,6,2,14,405
40.5,6,2,15,407
40.5,6,3,0,382
40.5,6,3,1,384
40.5,6,3,2,386
40.5,6,3,3,388
40.5,6,3,4,390
40.5,6,3,5,391
40.5,6,3,6,393
40.5,6,3,7,395
40.5,6,3,8,397
40.5,6,3,9,399
40.5,6,3,10,400
40.5,6,3,11,402
40.5,6,3,12,404
40.5,6,3,13,406
40.5,6,3,14,408
40.5,6,3,15,409
40.5,6,4,0,384
40.5,6,4,1,386
40.5,6,4,2,388
40.5,6,4,3,390
40.5,6,4,4,392
40.5,6,4,5,394
40.5,6,4,6,396
40.5,6,4,7,397
40.5,6,4,8,399
40.5,6,4,9,401
40.5,6,4,10,403
40.5,6,4,11,405
40.5,6,4,12,406
40.5,6,4,13,408
40.5,6,4,14,410
40.5,6,4,15,412
40.5,6,5,0,387
40.5,6,5,1,388
40.5,6,5,2,390
40.5,6,5,3,392
40.5,6,5,4,394
40.5,6,5,5,396
40.5,6,5,6,398
40.5,6,5,7,400
40.5,6,5,8,401
40.5,6,5,9,403
40.5,6,5,10,405
40.5,6,5,11,407
40.5,6,5,12,409
40.5,6,5,13,410
40.5,6,5,14,412
40.5,6,5,15,414
40.5,6,6,0,389
40.5,6,6,1,391
40.5,6,6,2,393
40.5,6,6,3,394
40.5,6,6,4,396
40.5,6,6,5,398
40.5,6,6,6,400
40.5,6,6,7,402
40.5,6,6,8,404
40.5,6,6,9,406
40.5,6,6,10,407
40.5,6,6,11,409
40.5,6,6,12,411
40.5,6,6,13,413
40.5,6,6,14,415
40.5,6,6,15,416
40.5,6,7,0,391
40.5,6,7,1,393
40.5,6,7,2,395
40.5,6,7,3,397
40.5,6,7,4,399
40.5,6,7,5,400
40.5,6,7,6,402
40.5,6,7,7,404
40.5,6,7,8,406
40.5,6,7,9,408
40.5,6,7,10,410
40.5,6,7,11,412
40.5,6,7,12,413
40.5,6,7,13,415
40.5,6,7,14,417
40.5,6,7,15,419
40.5,6,8,0,393
40.5,6,8,1,395
40.5,6,8,2,397
40.5,6,8,3,399
40.5,6,8,4,401
40.5,6,8,5,403
40.5,6,8,6,405
40.5,6,8,7,406
40.5,6,8,8,408
40.5,6,8,9,410
40.5,6,8,10,412
40.5,6,8,11,414
40.5,6,8,12,416
40.5,6,8,13,417
40.5,6,8,14,419
40.5,6,8,15,421
40.5,6,9,0,395
40.5,6,9,1,397
40.5,6,9,2,399
40.5,6,9,3,401
40.5,6,9,4,403
40.5,6,9,5,405
40.5,6,9,6,407
40.5,6,9,7,409
40.5,6,9,8,410
40.5,6,9,9,412
40.5,6,9,10,414
40.5,6,9,11,416
40.5,6,9,12,418
40.5,6,9,13,420
40.5,6,9,14,422
40.5,6,9,15,423
40.5,6,10,0,397
40.5,6,10,1,399
40.5,6,10,2,401
40.5,6,10,3,403
40.5,6,10,4,405
40.5,6,10,5,407
40.5,6,10,6,409
40.5,6,10,7,411
40.5,6,10,8,413
40.5,6,10,9,415
40.5,6,10,10,416
40.5,6,10,11,418
40.5,6,10,12,420
40.5,6,10,13,422
40.5,6,10,14,424
40.5,6,10,15,426
40.5,6,11,0,400
40.5,6,11,1,402
40.5,6,11,2,403
40.5,6,11,3,405
40.5,6,11,4,407
40.5,6,11,5,409
40.5,6,11,6,411
40.5,6,11,7,413
40.5,6,11,8,415
40.5,6,11,9,417
40.5,6,11,10,419
40.5,6,11,11,421
40.5,6,11,12,422
40.5,6,11,13,424
40.5,6,11,14,426
40.5,6,11,15,428
40.5,6,12,0,402
40.5,6,12,1,404
40.5,6,12,2,406
40.5,6,12,3,408
40.5,6,12,4,409
40.5,6,12,5,411
40.5,6,12,6,413
40.5,6,12,7,415
40.5,6,12,8,417
40.5,6,12,9,419
40.5,6,12,10,421
40.5,6,12,11,423
40.5,6,12,12,425
40.5,6,12,13,427
40.5,6,12,14,428
40.5,6,12,15,430
40.5,6,13,0,404
40.5,6,13,1,406
40.5,6,13,2,408
40.5,6,13,3,410
40.5,6,13,4,412
40.5,6,13,5,414
40.5,6,13,6,415
40.5,6,13,7,417
40.5,6,13,8,419
40.5,6,13,9,421
40.5,6,13,10,423
40.5,6,13,11,425
40.5,6,13,12,427
40.5,6,13,13,429
40.5,6,13,14,431
40.5,6,13,15,432
40.5,6,14,0,406
40.5,6,14,1,408
40.5,6,14,2,410
40.5,6,14,3,412
40.5,6,14,4,414
40.5,6,14,5,416
40.5,6,14,6,418
40.5,6,14,7,420
40.5,6,14,8,422
40.5,6,14,9,423
40.5,6,14,10,425
40.5,6,14,11,427
40.5,6,14,12,429
40.5,6,14,13,431
40.5,6,14,14,433
40.5,6,14,15,435
40.5,6,15,0,408
40.5,6,15,1,410
40.5,6,15,2,412
40.5,6,15,3,414
40.5,6,15,4,416
40.5,6,15,5,418
40.5,6,15,6,420
40.5,6,15,7,422
40.5,6,15,8,424
40.5,6,15,9,426
40.5,6,15,10,428
40.5,6,15,11,429
40.5,6,15,12,431
40.5,6,15,13,433
40.5,6,15,14,435
40.5,6,15,15,437
40.5,7,0,0,381
40.5,7,0,1,383
40.5,7,0,2,385
40.5,7,0,3,387
40.5,7,0,4,389
40.5,7,0,5,390
40.5,7,0,6,392
40.5,7,0,7,394
40.5,7,0,8,396
40.5,7,0,9,398
40.5,7,0,10,399
40.5,7,0,11,401
40.5,7,0,12,403
40.5,7,0,13,405
40.5,7,0,14,407
40.5,7,0,15,408
40.5,7,1,0,383
40.5,7,1,1,385
40.5,7,1,2,387
40.5,7,1,3,389
40.5,7,1,4,391
40.5,7,1,5,393
40.5,7,1,6,395
40.5,7,1,7,396
40.5,7,1,8,398
40.5,7,1,9,400
40.5,7,1,10,402
40.5,7,1,11,404
40.5,7,1,12,405
40.5,7,1,13,407
40.5,7,1,14,409
40.5,7,1,15,411
40.5,7,2,0,386
40.5,7,2,1,388
40.5,7,2,2,390
40.5,7,2,3,391
40.5,7,2,4,393
40.5,7,2,5,395
40.5,7,2,6,397
40.5,7,2,7,399
40.5,7,2,8,401
40.5,7,2,9,402
40.5,7,2,10,404
40.5,7,2,11,406
40.5,7,2,12,408
40.5,7,2,13,410
40.5,7,2,14,411
40.5,7,2,15,413
40.5,7,3,0,388
40.5,7,3,1,390
40.5,7,3,2,392
40.5,7,3,3,394
40.5,7,3,4,396
40.5,7,3,5,397
40.5,7,3,6,399
40.5,7,3,7,401
40.5,7,3,8,403
40.5,7,3,9,405
40.5,7,3,10,407
40.5,7,3,11,408
40.5,7,3,12,410
40.5,7,3,13,412
40.5,7,3,14,414
40.5,7,3,15,416
40.5,7,4,0,390
40.5,7,4,1,392
40.5,7,4,2,394
40.5,7,4,3,396
40.5,7,4,4,398
40.5,7,4,5,400
40.5,7,4,6,402
40.5,7,4,7,403
40.5,7,4,8,405
40.5,7,4,9,407
40.5,7,4,10,409
40.5,7,4,11,411
40.5,7,4,12,413
40.5,7,4,13,414
40.5,7,4,14,416
40.5,7,4,15,418
40.5,7,5,0,393
40.5,7,5,1,394
40.5,7,5,2,396
40.5,7,5,3,398
40.5,7,5,4,400
40.5,7,5,5,402
40.5,7,5,6,404
40.5,7,5,7,406
40.5,7,5,8,408
40.5,7,5,9,409
40.5,7,5,10,411
40.5,7,5,11,413
40.5,7,5,12,415
40.5,7,5,13,417
40.5,7,5,14,419
40.5,7,5,15,420
40.5,7,6,0,395
40.5,7,6,1,397
40.5,7,6,2,399
40.5,7,6,3,401
40.5,7,6,4,402
40.5,7,6,5,404
40.5,7,6,6,406
40.5,7,6,7,408
40.5,7,6,8,410
40.5,7,6,9,412
40.5,7,6,10,414
40.5,7,6,11,416
40.5,7,6,12,417
40.5,7,6,13,419
40.5,7,6,14,421
40.5,7,6,15,423
40.5,7,7,0,397
40.5,7,7,1,399
40.5,7,7,2,401
40.5,7,7,3,403
40.5,7,7,4,405
40.5,7,7,5,407
40.5,7,7,6,408
40.5,7,7,7,410
40.5,7,7,8,412
40.5,7,7,9,414
40.5,7,7,10,416
40.5,7,7,11,418
40.5,7,7,12,420
40.5,7,7,13,422
40.5,7,7,14,423
40.5,7,7,15,425
40.5,7,8,0,399
40.5,7,8,1,401
40.5,7,8,2,403
40.5,7,8,3,405
40.5,7,8,4,407
40.5,7,8,5,409
40.5,7,8,6,411
40.5,7,8,7,413
40.5,7,8,8,415
40.5,7,8,9,416
40.5,7,8,10,418
40.5,7,8,11,420
40.5,7,8,12,422
40.5,7,8,13,424
40.5,7,8,14,426
40.5,7,8,15,428
40.5,7,9,0,401
40.5,7,9,1,403
40.5,7,9,2,405
40.5,7,9,3,407
40.5,7,9,4,409
40.5,7,9,5,411
40.5,7,9,6,413
40.5,7,9,7,415
40.5,7,9,8,417
40.5,7,9,9,419
40.5,7,9,10,421
40.5,7,9,11,422
40.5,7,9,12,424
40.5,7,9,13,426
40.5,7,9,14,428
40.5,7,9,15,430
40.5,7,10,0,404
40.5,7,10,1,406
40.5,7,10,2,407
40.5,7,10,3,409
40.5,7,10,4,411
40.5,7,10,5,413
40.5,7,10,6,415
40.5,7,10,7,417
40.5,7,10,8,419
40.5,7,10,9,421
40.5,7,10,10,423
40.5,7,10,11,425
40.5,7,10,12,427
40.5,7,10,13,429
40.5,7,10,14,430
40.5,7,10,15,432
40.5,7,11,0,406
40.5,7,11,1,408
40.5,7,11,2,410
40.5,7,11,3,412
40.5,7,11,4,414
40.5,7,11,5,416
40.5,7,11,6,417
40.5,7,11,7,419
40.5,7,11,8,421
40.5,7,11,9,423
40.5,7,11,10,425
40.5,7,11,11,427
40.5,7,11,12,429
40.5,7,11,13,431
40.5,7,11,14,433
40.5,7,11,15,435
40.5,7,12,0,408
40.5,7,12,1,410
40.5,7,12,2,412
40.5,7,12,3,414
40.5,7,12,4,416
40.5,7,12,5,418
40.5,7,12,6,420
40.5,7,12,7,422
40.5,7,12,8,424
40.5,7,12,9,425
40.5,7,12,10,427
40.5,7,12,11,429
40.5,7,12,12,431
40.5,7,12,13,433
40.5,7,12,14,435
40.5,7,12,15,437
40.5,7,13,0,410
40.5,7,13,1,412
40.5,7,13,2,414
40.5,7,13,3,416
40.5,7,13,4,418
40.5,7,13,5,420
40.5,7,13,6,422
40.5,7,13,7,424
40.5,7,13,8,426
40.5,7,13,9,428
40.5,7,13,10,430
40.5,7,13,11,432
40.5,7,13,12,433
40.5,7,13,13,435
40.5,7,13,14,437
40.5,7,13,15,439
40.5,7,14,0,412
40.5,7,14,1,414
40.5,7,14,2,416
40.5,7,14,3,418
40.5,7,14,4,420
40.5,7,14,5,422
40.5,7,14,6,424
40.5,7,14,7,426
40.5,7,14,8,428
40.5,7,14,9,430
40.5,7,14,10,432
40.5,7,14,11,434
40.5,7,14,12,436
40.5,7,14,13,438
40.5,7,14,14,440
40.5,7,14,15,441
40.5,7,15,0,414
40.5,7,15,1,416
40.5,7,15,2,418
40.5,7,15,3,420
40.5,7,15,4,422
40.5,7,15,5,424
40.5,7,15,6,426
40.5,7,15,7,428
40.5,7,15,8,430
40.5,7,15,9,432
40.5,7,15,10,434
40.5,7,15,11,436
40.5,7,15,12,438
40.5,7,15,13,440
40.5,7,15,14,442
40.5,7,15,15,444
40.5,8,0,0,387
40.5,8,0,1,389
40.5,8,0,2,391
40.5,8,0,3,393
40.5,8,0,4,395
40.5,8,0,5,396
40.5,8,0,6,398
40.5,8,0,7,400
40.5,8,0,8,402
40.5,8,0,9,404
40.5,8,0,10,406
40.5,8,0,11,407
40.5,8,0,12,409
40.5,8,0,13,411
40.5,8,0,14,413
40.5,8,0,15,414
40.5,8,1,0,389
40.5,8,1,1,391
40.5,8,1,2,393
40.5,8,1,3,395
40.5,8,1,4,397
40.5,8,1,5,399
40.5,8,1,6,401
40.5,8,1,7,402
40.5,8,1,8,404
40.5,8,1,9,406
40.5,8,1,10,408
40.5,8,1,11,410
40.5,8,1,12,412
40.5,8,1,13,413
40.5,8,1,14,415
40.5,8,1,15,417
40.5,8,2,0,392
40.5,8,2,1,394
40.5,8,2,2,395
40.5,8,2,3,397
40.5,8,2,4,399
40.5,8,2,5,401
40.5,8,2,6,403
40.5,8,2,7,405
40.5,8,2,8,407
40.5,8,2,9,409
40.5,8,2,10,410
40.5,8,2,11,412
40.5,8,2,12,414
40.5,8,2,13,416
40.5,8,2,14,418
40.5,8,2,15,419
40.5,8,3,0,394
40.5,8,3,1,396
40.5,8,3,2,398
40.5,8,3,3,400
40.5,8,3,4,402
40.5,8,3,5,403
40.5,8,3,6,405
40.5,8,3,7,407
40.5,8,3,8,409
40.5,8,3,9,411
40.5,8,3,10,413
40.5,8,3,11,415
40.5,8,3,12,416
40.5,8,3,13,418
40.5,8,3,14,420
40.5,8,3,15,422
40.5,8,4,0,396
40.5,8,4,1,398
40.5,8,4,2,400
40.5,8,4,3,402
40.5,8,4,4,404
40.5,8,4,5,406
40.5,8,4,6,408
40.5,8,4,7,410
40.5,8,4,8,411
40.5,8,4,9,413
40.5,8,4,10,415
40.5,8,4,11,417
40.5,8,4,12,419
40.5,8,4,13,421
40.5,8,4,14,423
40.5,8,4,15,424
40.5,8,5,0,398
40.5,8,5,1,400
40.5,8,5,2,402
40.5,8,5,3,404
40.5,8,5,4,406
40.5,8,5,5,408
40.5,8,5,6,410
40.5,8,5,7,412
40.5,8,5,8,414
40.5,8,5,9,416
40.5,8,5,10,418
40.5,8,5,11,419
40.5,8,5,12,421
40.5,8,5,13,423
40.5,8,5,14,425
40.5,8,5,15,427
40.5,8,6,0,401
40.5,8,6,1,403
40.5,8,6,2,405
40.5,8,6,3,407
40.5,8,6,4,409
40.5,8,6,5,410
40.5,8,6,6,412
40.5,8,6,7,414
40.5,8,6,8,416
40.5,8,6,9,418
40.5,8,6,10,420
40.5,8,6,11,422
40.5,8,6,12,424
40.5,8,6,13,426
40.5,8,6,14,427
40.5,8,6,15,429
40.5,8,7,0,403
40.5,8,7,1,405
40.5,8,7,2,407
40.5,8,7,3,409
40.5,8,7,4,411
40.5,8,7,5,413
40.5,8,7,6,415
40.5,8,7,7,417
40.5,8,7,8,419
40.5,8,7,9,420
40.5,8,7,10,422
40.5,8,7,11,424
40.5,8,7,12,426
40.5,8,7,13,428
40.5,8,7,14,430
40.5,8,7,15,432
40.5,8,8,0,405
40.5,8,8,1,407
40.5,8,8,2,409
40.5,8,8,3,411
40.5,8,8,4,413
40.5,8,8,5,415
40.5,8,8,6,417
40.5,8,8,7,419
40.5,8,8,8,421
40.5,8,8,9,423
40.5,8,8,10,425
40.5,8,8,11,427
40.5,8,8,12,428
40.5,8,8,13,430
40.5,8,8,14,432
40.5,8,8,15,434
40.5,8,9,0,407
40.5,8,9,1,409
40.5,8,9,2,411
40.5,8,9,3,413
40.5,8,9,4,415
40.5,8,9,5,417
40.5,8,9,6,419
40.5,8,9,7,421
40.5,8,9,8,423
40.5,8,9,9,425
40.5,8,9,10,427
40.5,8,9,11,429
40.5,8,9,12,431
40.5,8,9,13,433
40.5,8,9,14,435
40.5,8,9,15,436
40.5,8,10,0,410
40.5,8,10,1,412
40.5,8,10,2,414
40.5,8,10,3,416
40.5,8,10,4,418
40.5,8,10,5,420
40.5,8,10,6,422
40.5,8,10,7,423
40.5,8,10,8,425
40.5,8,10,9,427
40.5,8,10,10,429
40.5,8,10,11,431
40.5,8,10,12,433
40.5,8,10,13,435
40.5,8,10,14,437
40.5,8,10,15,439
40.5,8,11,0,412
40.5,8,11,1,414
40.5,8,11,2,416
40.5,8,11,3,418
40.5,8,11,4,420
40.5,8,11,5,422
40.5,8,11,6,424
40.5,8,11,7,426
40.5,8,11,8,428
40.5,8,11,9,430
40.5,8,11,10,432
40.5,8,11,11,434
40.5,8,11,12,435
40.5,8,11,13,437
40.5,8,11,14,439
40.5,8,11,15,441
40.5,8,12,0,414
40.5,8,12,1,416
40.5,8,12,2,418
40.5,8,12,3,420
40.5,8,12,4,422
40.5,8,12,5,424
40.5,8,12,6,426
40.5,8,12,7,428
40.5,8,12,8,430
40.5,8,12,9,432
40.5,8,12,10,434
40.5,8,12,11,436
40.5,8,12,12,438
40.5,8,12,13,440
40.5,8,12,14,442
40.5,8,12,15,443
40.5,8,13,0,416
40.5,8,13,1,418
40.5,8,13,2,420
40.5,8,13,3,422
40.5,8,13,4,424
40.5,8,13,5,426
40.5,8,13,6,428
40.5,8,13,7,430
40.5,8,13,8,432
40.5,8,13,9,434
40.5,8,13,10,436
40.5,8,13,11,438
40.5,8,13,12,440
40.5,8,13,13,442
40.5,8,13,14,444
40.5,8,13,15,446
40.5,8,14,0,418
40.5,8,14,1,420
40.5,8,14,2,422
40.5,8,14,3,424
40.5,8,14,4,427
40.5,8,14,5,429
40.5,8,14,6,431
40.5,8,14,7,433
40.5,8,14,8,434
40.5,8,14,9,436
40.5,8,14,10,438
40.5,8,14,11,440
40.5,8,14,12,442
40.5,8,14,13,444
40.5,8,14,14,446
40.5,8,14,15,448
40.5,8,15,0,421
40.5,8,15,1,423
40.5,8,15,2,425
40.5,8,15,3,427
40.5,8,15,4,429
40.5,8,15,5,431
40.5,8,15,6,433
40.5,8,15,7,435
40.5,8,15,8,437
40.5,8,15,9,439
40.5,8,15,10,441
40.5,8,15,11,443
40.5,8,15,12,445
40.5,8,15,13,447
40.5,8,15,14,449
40.5,8,15,15,450
40.5,9,0,0,393
40.5,9,0,1,395
40.5,9,0,2,397
40.5,9,0,3,399
40.5,9,0,4,400
40.5,9,0,5,402
40.5,9,0,6,404
40.5,9,0,7,406
40.5,9,0,8,408
40.5,9,0,9,410
40.5,9,0,10,412
40.5,9,0,11,413
40.5,9,0,12,415
40.5,9,0,13,417
40.5,9,0,14,419
40.5,9,0,15,421
40.5,9,1,0,395
40.5,9,1,1,397
40.5,9,1,2,399
40.5,9,1,3,401
40.5,9,1,4,403
40.5,9,1,5,405
40.5,9,1,6,407
40.5,9,1,7,408
40.5,9,1,8,410
40.5,9,1,9,412
40.5,9,1,10,414
40.5,9,1,11,416
40.5,9,1,12,418
40.5,9,1,13,420
40.5,9,1,14,421
40.5,9,1,15,423
40.5,9,2,0,397
40.5,9,2,1,399
40.5,9,2,2,401
40.5,9,2,3,403
40.5,9,2,4,405
40.5,9,2,5,407
40.5,9,2,6,409
40.5,9,2,7,411
40.5,9,2,8,413
40.5,9,2,9,415
40.5,9,2,10,417
40.5,9,2,11,418
40.5,9,2,12,420
40.5,9,2,13,422
40.5,9,2,14,424
40.5,9,2,15,426
40.5,9,3,0,400
40.5,9,3,1,402
40.5,9,3,2,404
40.5,9,3,3,406
40.5,9,3,4,408
40.5,9,3,5,409
40.5,9,3,6,411
40.5,9,3,7,413
40.5,9,3,8,415
40.5,9,3,9,417
40.5,9,3,10,419
40.5,9,3,11,421
40.5,9,3,12,423
40.5,9,3,13,425
40.5,9,3,14,426
40.5,9,3,15,428
40.5,9,4,0,402
40.5,9,4,1,404
40.5,9,4,2,406
40.5,9,4,3,408
40.5,9,4,4,410
40.5,9,4,5,412
40.5,9,4,6,414
40.5,9,4,7,416
40.5,9,4,8,418
40.5,9,4,9,420
40.5,9,4,10,421
40.5,9,4,11,423
40.5,9,4,12,425
40.5,9,4,13,427
40.5,9,4,14,429
40.5,9,4,15,431
40.5,9,5,0,404
40.5,9,5,1,406
40.5,9,5,2,408
40.5,9,5,3,410
40.5,9,5,4,412
40.5,9,5,5,414
40.5,9,5,6,416
40.5,9,5,7,418
40.5,9,5,8,420
40.5,9,5,9,422
40.5,9,5,10,424
40.5,9,5,11,426
40.5,9,5,12,428
40.5,9,5,13,429
40.5,9,5,14,431
40.5,9,5,15,433
40.5,9,6,0,407
40.5,9,6,1,409
40.5,9,6,2,411
40.5,9,6,3,413
40.5,9,6,4,415
40.5,9,6,5,417
40.5,9,6,6,419
40.5,9,6,7,420
40.5,9,6,8,422
40.5,9,6,9,424
40.5,9,6,10,426
40.5,9,6,11,428
40.5,9,6,12,430
40.5,9,6,13,432
40.5,9,6,14,434
40.5,9,6,15,436
40.5,9,7,0,409
40.5,9,7,1,411
40.5,9,7,2,413
40.5,9,7,3,415
40.5,9,7,4,417
40.5,9,7,5,419
40.5,9,7,6,421
40.5,9,7,7,423
40.5,9,7,8,425
40.5,9,7,9,427
40.5,9,7,10,429
40.5,9,7,11,431
40.5,9,7,12,432
40.5,9,7,13,434
40.5,9,7,14,436
40.5,9,7,15,438
40.5,9,8,0,411
40.5,9,8,1,413
40.5,9,8,2,415
40.5,9,8,3,417
40.5,9,8,4,419
40.5,9,8,5,421
40.5,9,8,6,423
40.5,9,8,7,425
40.5,9,8,8,427
40.5,9,8,9,429
40.5,9,8,10,431
40.5,9,8,11,433
40.5,9,8,12,435
40.5,9,8,13,437
40.5,9,8,14,439
40.5,9,8,15,441
40.5,9,9,0,414
40.5,9,9,1,416
40.5,9,9,2,418
40.5,9,9,3,420
40.5,9,9,4,422
40.5,9,9,5,424
40.5,9,9,6,426
40.5,9,9,7,428
40.5,9,9,8,429
40.5,9,9,9,431
40.5,9,9,10,433
40.5,9,9,11,435
40.5,9,9,12,437
40.5,9,9,13,439
40.5,9,9,14,441
40.5,9,9,15,443
40.5,9,10,0,416
40.5,9,10,1,418
40.5,9,10,2,420
40.5,9,10,3,422
40.5,9,10,4,424
40.5,9,10,5,426
40.5,9,10,6,428
40.5,9,10,7,430
40.5,9,10,8,432
40.5,9,10,9,434
40.5,9,10,10,436
40.5,9,10,11,438
40.5,9,10,12,440
40.5,9,10,13,442
40.5,9,10,14,443
40.5,9,10,15,445
40.5,9,11,0,418
40.5,9,11,1,420
40.5,9,11,2,422
40.5,9,11,3,424
40.5,9,11,4,426
40.5,9,11,5,428
40.5,9,11,6,430
40.5,9,11,7,432
40.5,9,11,8,434
40.5,9,11,9,436
40.5,9,11,10,438
40.5,9,11,11,440
40.5,9,11,12,442
40.5,9,11,13,444
40.5,9,11,14,446
40.5,9,11,15,448
40.5,9,12,0,420
40.5,9,12,1,422
40.5,9,12,2,424
40.5,9,12,3,426
40.5,9,12,4,428
40.5,9,12,5,430
40.5,9,12,6,432
40.5,9,12,7,434
40.5,9,12,8,436
40.5,9,12,9,438
40.5,9,12,10,440
40.5,9,12,11,442
40.5,9,12,12,444
40.5,9,12,13,446
40.5,9,12,14,448
40.5,9,12,15,450
40.5,9,13,0,422
40.5,9,13,1,425
40.5,9,13,2,427
40.5,9,13,3,429
40.5,9,13,4,431
40.5,9,13,5,433
40.5,9,13,6,435
40.5,9,13,7,437
40.5,9,13,8,439
40.5,9,13,9,441
40.5,9,13,10,443
40.5,9,13,11,445
40.5,9,13,12,447
40.5,9,13,13,449
40.5,9,13,14,451
40.5,9,13,15,452
40.5,9,14,0,425
40.5,9,14,1,427
40.5,9,14,2,429
40.5,9,14,3,431
40.5,9,14,4,433
40.5,9,14,5,435
40.5,9,14,6,437
40.5,9,14,7,439
40.5,9,14,8,441
40.5,9,14,9,443
40.5,9,14,10,445
40.5,9,14,11,447
40.5,9,14,12,449
40.5,9,14,13,451
40.5,9,14,14,453
40.5,9,14,15,455
40.5,9,15,0,427
40.5,9,15,1,429
40.5,9,15,2,431
40.5,9,15,3,433
40.5,9,15,4,435
40.5,9,15,5,437
40.5,9,15,6,439
40.5,9,15,7,441
40.5,9,15,8,443
40.5,9,15,9,445
40.5,9,15,10,447
40.5,9,15,11,449
40.5,9,15,12,451
40.5,9,15,13,453
40.5,9,15,14,455
40.5,9,15,15,457
40.5,10,0,0,399
40.5,10,0,1,400
40.5,10,0,2,402
40.5,10,0,3,404
40.5,10,0,4,406
40.5,10,0,5,408
40.5,10,0,6,410
40.5,10,0,7,412
40.5,10,0,8,414
40.5,10,0,9,416
40.5,10,0,10,418
40.5,10,0,11,420
40.5,10,0,12,421
40.5,10,0,13,423
40.5,10,0,14,425
40.5,10,0,15,427
40.5,10,1,0,401
40.5,10,1,1,403
40.5,10,1,2,405
40.5,10,1,3,407
40.5,10,1,4,409
40.5,10,1,5,411
40.5,10,1,6,413
40.5,10,1,7,414
40.5,10,1,8,416
40.5,10,1,9,418
40.5,10,1,10,420
40.5,10,1,11,422
40.5,10,1,12,424
40.5,10,1,13,426
40.5,10,1,14,428
40.5,10,1,15,429
40.5,10,2,0,403
40.5,10,2,1,405
40.5,10,2,2,407
40.5,10,2,3,409
40.5,10,2,4,411
40.5,10,2,5,413
40.5,10,2,6,415
40.5,10,2,7,417
40.5,10,2,8,419
40.5,10,2,9,421
40.5,10,2,10,423
40.5,10,2,11,425
40.5,10,2,12,426
40.5,10,2,13,428
40.5,10,2,14,430
40.5,10,2,15,432
40.5,10,3,0,406
40.5,10,3,1,408
40.5,10,3,2,410
40.5,10,3,3,412
40.5,10,3,4,414
40.5,10,3,5,416
40.5,10,3,6,417
40.5,10,3,7,419
40.5,10,3,8,421
40.5,10,3,9,423
40.5,10,3,10,425
40.5,10,3,11,427
40.5,10,3,12,429
40.5,10,3,13,431
40.5,10,3,14,433
40.5,10,3,15,435
40.5,10,4,0,408
40.5,10,4,1,410
40.5,10,4,2,412
40.5,10,4,3,414
40.5,10,4,4,416
40.5,10,4,5,418
40.5,10,4,6,420
40.5,10,4,7,422
40.5,10,4,8,424
40.5,10,4,9,426
40.5,10,4,10,428
40.5,10,4,11,430
40.5,10,4,12,431
40.5,10,4,13,433
40.5,10,4,14,435
40.5,10,4,15,437
40.5,10,5,0,410
40.5,10,5,1,412
40.5,10,5,2,414
40.5,10,5,3,416
40.5,10,5,4,418
40.5,10,5,5,420
40.5,10,5,6,422
40.5,10,5,7,424
40.5,10,5,8,426
40.5,10,5,9,428
40.5,10,5,10,430
40.5,10,5,11,432
40.5,10,5,12,434
40.5,10,5,13,436
40.5,10,5,14,438
40.5,10,5,15,440
40.5,10,6,0,413
40.5,10,6,1,415
40.5,10,6,2,417
40.5,10,6,3,419
40.5,10,6,4,421
40.5,10,6,5,423
40.5,10,6,6,425
40.5,10,6,7,427
40.5,10,6,8,429
40.5,10,6,9,431
40.5,10,6,10,432
40.5,10,6,11,434
40.5,10,6,12,436
40.5,10,6,13,438
40.5,10,6,14,440
40.5,10,6,15,442
40.5,10,7,0,415
40.5,10,7,1,417
40.5,10,7,2,419
40.5,10,7,3,421
40.5,10,7,4,423
40.5,10,7,5,425
40.5,10,7,6,427
40.5,10,7,7,429
40.5,10,7,8,431
40.5,10,7,9,433
40.5,10,7,10,435
40.5,10,7,11,437
40.5,10,7,12,439
40.5,10,7,13,441
40.5,10,7,14,443
40.5,10,7,15,445
40.5,10,8,0,417
40.5,10,8,1,419
40.5,10,8,2,421
40.5,10,8,3,423
40.5,10,8,4,425
40.5,10,8,5,427
40.5,10,8,6,429
40.5,10,8,7,431
40.5,10,8,8,433
40.5,10,8,9,435
40.5,10,8,10,437
40.5,10,8,11,439
40.5,10,8,12,441
40.5,10,8,13,443
40.5,10,8,14,445
40.5,10,8,15,447
40.5,10,9,0,420
40.5,10,9,1,422
40.5,10,9,2,424
40.5,10,9,3,426
40.5,10,9,4,428
40.5,10,9,5,430
40.5,10,9,6,432
40.5,10,9,7,434
40.5,10,9,8,436
40.5,10,9,9,438
40.5,10,9,10,440
40.5,10,9,11,442
40.5,10,9,12,444
40.5,10,9,13,446
40.5,10,9,14,448
40.5,10,9,15,449
40.5,10,10,0,422
40.5,10,10,1,424
40.5,10,10,2,426
40.5,10,10,3,428
40.5,10,10,4,430
40.5,10,10,5,432
40.5,10,10,6,434
40.5,10,10,7,436
40.5,10,10,8,438
40.5,10,10,9,440
40.5,10,10,10,442
40.5,10,10,11,444
40.5,10,10,12,446
40.5,10,10,13,448
40.5,10,10,14,450
40.5,10,10,15,452
40.5,10,11,0,424
40.5,10,11,1,426
40.5,10,11,2,428
40.5,10,11,3,430
40.5,10,11,4,432
40.5,10,11,5,434
40.5,10,11,6,436
40.5,10,11,7,438
40.5,10,11,8,441
40.5,10,11,9,443
40.5,10,11,10,444
40.5,10,11,11,446
40.5,10,11,12,448
40.5,10,11,13,450
40.5,10,11,14,452
40.5,10,11,15,454
40.5,10,12,0,426
40.5,10,12,1,429
40.5,10,12,2,431
40.5,10,12,3,433
40.5,10,12,4,435
40.5,10,12,5,437
40.5,10,12,6,439
40.5,10,12,7,441
40.5,10,12,8,443
40.5,10,12,9,445
40.5,10,12,10,447
40.5,10,12,11,449
40.5,10,12,12,451
40.5,10,12,13,453
40.5,10,12,14,455
40.5,10,12,15,457
40.5,10,13,0,429
40.5,10,13,1,431
40.5,10,13,2,433
40.5,10,13,3,435
40.5,10,13,4,437
40.5,10,13,5,439
40.5,10,13,6,441
40.5,10,13,7,443
40.5,10,13,8,445
40.5,10,13,9,447
40.5,10,13,10,449
40.5,10,13,11,451
40.5,10,13,12,453
40.5,10,13,13,455
40.5,10,13,14,457
40.5,10,13,15,459
40.5,10,14,0,431
40.5,10,14,1,433
40.5,10,14,2,435
40.5,10,14,3,437
40.5,10,14,4,439
40.5,10,14,5,441
40.5,10,14,6,443
40.5,10,14,7,445
40.5,10,14,8,447
40.5,10,14,9,450
40.5,10,14,10,452
40.5,10,14,11,454
40.5,10,14,12,456
40.5,10,14,13,458
40.5,10,14,14,460
40.5,10,14,15,462
40.5,10,15,0,433
40.5,10,15,1,435
40.5,10,15,2,437
40.5,10,15,3,439
40.5,10,15,4,442
40.5,10,15,5,444
40.5,10,15,6,446
40.5,10,15,7,448
40.5,10,15,8,450
40.5,10,15,9,452
40.5,10,15,10,454
40.5,10,15,11,456
40.5,10,15,12,458
40.5,10,15,13,460
40.5,10,15,14,462
40.5,10,15,15,464
40.5,11,0,0,404
40.5,11,0,1,406
40.5,11,0,2,408
40.5,11,0,3,410
40.5,11,0,4,412
40.5,11,0,5,414
40.5,11,0,6,416
40.5,11,0,7,418
40.5,11,0,8,420
40.5,11,0,9,422
40.5,11,0,10,424
40.5,11,0,11,426
40.5,11,0,12,427
40.5,11,0,13,429
40.5,11,0,14,431
40.5,11,0,15,433
40.5,11,1,0,407
40.5,11,1,1,409
40.5,11,1,2,411
40.5,11,1,3,413
40.5,11,1,4,415
40.5,11,1,5,417
40.5,11,1,6,419
40.5,11,1,7,421
40.5,11,1,8,422
40.5,11,1,9,424
40.5,11,1,10,426
40.5,11,1,11,428
40.5,11,1,12,430
40.5,11,1,13,432
40.5,11,1,14,434
40.5,11,1,15,436
40.5,11,2,0,409
40.5,11,2,1,411
40.5,11,2,2,413
40.5,11,2,3,415
40.5,11,2,4,417
40.5,11,2,5,419
40.5,11,2,6,421
40.5,11,2,7,423
40.5,11,2,8,425
40.5,11,2,9,427
40.5,11,2,10,429
40.5,11,2,11,431
40.5,11,2,12,433
40.5,11,2,13,434
40.5,11,2,14,436
40.5,11,2,15,438
40.5,11,3,0,412
40.5,11,3,1,414
40.5,11,3,2,416
40.5,11,3,3,418
40.5,11,3,4,420
40.5,11,3,5,422
40.5,11,3,6,424
40.5,11,3,7,425
40.5,11,3,8,427
40.5,11,3,9,429
40.5,11,3,10,431
40.5,11,3,11,433
40.5,11,3,12,435
40.5,11,3,13,437
40.5,11,3,14,439
40.5,11,3,15,441
40.5,11,4,0,414
40.5,11,4,1,416
40.5,11,4,2,418
40.5,11,4,3,420
40.5,11,4,4,422
40.5,11,4,5,424
40.5,11,4,6,426
40.5,11,4,7,428
40.5,11,4,8,430
40.5,11,4,9,432
40.5,11,4,10,434
40.5,11,4,11,436
40.5,11,4,12,438
40.5,11,4,13,440
40.5,11,4,14,441
40.5,11,4,15,443
40.5,11,5,0,416
40.5,11,5,1,418
40.5,11,5,2,420
40.5,11,5,3,422
40.5,11,5,4,424
40.5,11,5,5,426
40.5,11,5,6,428
40.5,11,5,7,430
40.5,11,5,8,432
40.5,11,5,9,434
40.5,11,5,10,436
40.5,11,5,11,438
40.5,11,5,12,440
40.5,11,5,13,442
40.5,11,5,14,444
40.5,11,5,15,446
40.5,11,6,0,419
40.5,11,6,1,421
40.5,11,6,2,423
40.5,11,6,3,425
40.5,11,6,4,427
40.5,11,6,5,429
40.5,11,6,6,431
40.5,11,6,7,433
40.5,11,6,8,435
40.5,11,6,9,437
40.5,11,6,10,439
40.5,11,6,11,441
40.5,11,6,12,443
40.5,11,6,13,445
40.5,11,6,14,447
40.5,11,6,15,448
40.5,11,7,0,421
40.5,11,7,1,423
40.5,11,7,2,425
40.5,11,7,3,427
40.5,11,7,4,429
40.5,11,7,5,431
40.5,11,7,6,433
40.5,11,7,7,435
40.5,11,7,8,437
40.5,11,7,9,439
40.5,11,7,10,441
40.5,11,7,11,443
40.5,11,7,12,445
40.5,11,7,13,447
40.5,11,7,14,449
40.5,11,7,15,451
40.5,11,8,0,423
40.5,11,8,1,425
40.5,11,8,2,428
40.5,11,8,3,430
40.5,11,8,4,432
40.5,11,8,5,434
40.5,11,8,6,436
40.5,11,8,7,438
40.5,11,8,8,440
40.5,11,8,9,442
40.5,11,8,10,444
40.5,11,8,11,446
40.5,11,8,12,448
40.5,11,8,13,450
40.5,11,8,14,452
40.5,11,8,15,453
40.5,11,9,0,426
40.5,11,9,1,428
40.5,11,9,2,430
40.5,11,9,3,432
40.5,11,9,4,434
40.5,11,9,5,436
40.5,11,9,6,438
40.5,11,9,7,440
40.5,11,9,8,442
40.5,11,9,9,444
40.5,11,9,10,446
40.5,11,9,11,448
40.5,11,9,12,450
40.5,11,9,13,452
40.5,11,9,14,454
40.5,11,9,15,456
40.5,11,10,0,428
40.5,11,10,1,430
40.5,11,10,2,432
40.5,11,10,3,434
40.5,11,10,4,436
40.5,11,10,5,438
40.5,11,10,6,440
40.5,11,10,7,442
40.5,11,10,8,445
40.5,11,10,9,447
40.5,11,10,10,449
40.5,11,10,11,451
40.5,11,10,12,453
40.5,11,10,13,455
40.5,11,10,14,456
40.5,11,10,15,458
40.5,11,11,0,430
40.5,11,11,1,432
40.5,11,11,2,435
40.5,11,11,3,437
40.5,11,11,4,439
40.5,11,11,5,441
40.5,11,11,6,443
40.5,11,11,7,445
40.5,11,11,8,447
40.5,11,11,9,449
40.5,11,11,10,451
40.5,11,11,11,453
40.5,11,11,12,455
40.5,11,11,13,457
40.5,11,11,14,459
40.5,11,11,15,461
40.5,11,12,0,433
40.5,11,12,1,435
40.5,11,12,2,437
40.5,11,12,3,439
40.5,11,12,4,441
40.5,11,12,5,443
40.5,11,12,6,445
40.5,11,12,7,447
40.5,11,12,8,449
40.5,11,12,9,451
40.5,11,12,10,453
40.5,11,12,11,455
40.5,11,12,12,457
40.5,11,12,13,459
40.5,11,12,14,461
40.5,11,12,15,463
40.5,11,13,0,435
40.5,11,13,1,437
40.5,11,13,2,439
40.5,11,13,3,441
40.5,11,13,4,443
40.5,11,13,5,445
40.5,11,13,6,447
40.5,11,13,7,450
40.5,11,13,8,452
40.5,11,13,9,454
40.5,11,13,10,456
40.5,11,13,11,458
40.5,11,13,12,460
40.5,11,13,13,462
40.5,11,13,14,464
40.5,11,13,15,466
40.5,11,14,0,437
40.5,11,14,1,439
40.5,11,14,2,441
40.5,11,14,3,444
40.5,11,14,4,446
40.5,11,14,5,448
40.5,11,14,6,450
40.5,11,14,7,452
40.5,11,14,8,454
40.5,11,14,9,456
40.5,11,14,10,458
40.5,11,14,11,460
40.5,11,14,12,462
40.5,11,14,13,464
40.5,11,14,14,466
40.5,11,14,15,468
40.5,11,15,0,439
40.5,11,15,1,442
40.5,11,15,2,444
40.5,11,15,3,446
40.5,11,15,4,448
40.5,11,15,5,450
40.5,11,15,6,452
40.5,11,15,7,454
40.5,11,15,8,456
40.5,11,15,9,458
40.5,11,15,10,460
40.5,11,15,11,463
40.5,11,15,12,465
40.5,11,15,13,467
40.5,11,15,14,469
40.5,11,15,15,471
40.5,12,0,0,410
40.5,12,0,1,412
40.5,12,0,2,414
40.5,12,0,3,416
40.5,12,0,4,418
40.5,12,0,5,420
40.5,12,0,6,422
40.5,12,0,7,424
40.5,12,0,8,426
40.5,12,0,9,428
40.5,12,0,10,430
40.5,12,0,11,432
40.5,12,0,12,434
40.5,12,0,13,435
40.5,12,0,14,437
40.5,12,0,15,439
40.5,12,1,0,413
40.5,12,1,1,415
40.5,12,1,2,417
40.5,12,1,3,419
40.5,12,1,4,421
40.5,12,1,5,423
40.5,12,1,6,425
40.5,12,1,7,427
40.5,12,1,8,428
40.5,12,1,9,430
40.5,12,1,10,432
40.5,12,1,11,434
40.5,12,1,12,436
40.5,12,1,13,438
40.5,12,1,14,440
40.5,12,1,15,442
40.5,12,2,0,415
40.5,12,2,1,417
40.5,12,2,2,419
40.5,12,2,3,421
40.5,12,2,4,423
40.5,12,2,5,425
40.5,12,2,6,427
40.5,12,2,7,429
40.5,12,2,8,431
40.5,12,2,9,433
40.5,12,2,10,435
40.5,12,2,11,437
40.5,12,2,12,439
40.5,12,2,13,441
40.5,12,2,14,443
40.5,12,2,15,445
40.5,12,3,0,417
40.5,12,3,1,420
40.5,12,3,2,422
40.5,12,3,3,424
40.5,12,3,4,426
40.5,12,3,5,428
40.5,12,3,6,430
40.5,12,3,7,432
40.5,12,3,8,434
40.5,12,3,9,436
40.5,12,3,10,437
40.5,12,3,11,439
40.5,12,3,12,441
40.5,12,3,13,443
40.5,12,3,14,445
40.5,12,3,15,447
40.5,12,4,0,420
40.5,12,4,1,422
40.5,12,4,2,424
40.5,12,4,3,426
40.5,12,4,4,428
40.5,12,4,5,430
40.5,12,4,6,432
40.5,12,4,7,434
40.5,12,4,8,436
40.5,12,4,9,438
40.5,12,4,10,440
40.5,12,4,11,442
40.5,12,4,12,444
40.5,12,4,13,446
40.5,12,4,14,448
40.5,12,4,15,450
40.5,12,5,0,422
40.5,12,5,1,424
40.5,12,5,2,426
40.5,12,5,3,428
40.5,12,5,4,431
40.5,12,5,5,433
40.5,12,5,6,435
40.5,12,5,7,437
40.5,12,5,8,439
40.5,12,5,9,441
40.5,12,5,10,443
40.5,12,5,11,445
40.5,12,5,12,446
40.5,12,5,13,448
40.5,12,5,14,450
40.5,12,5,15,452
40.5,12,6,0,425
40.5,12,6,1,427
40.5,12,6,2,429
40.5,12,6,3,431
40.5,12,6,4,433
40.5,12,6,5,435
40.5,12,6,6,437
40.5,12,6,7,439
40.5,12,6,8,441
40.5,12,6,9,443
40.5,12,6,10,445
40.5,12,6,11,447
40.5,12,6,12,449
40.5,12,6,13,451
40.5,12,6,14,453
40.5,12,6,15,455
40.5,12,7,0,427
40.5,12,7,1,429
40.5,12,7,2,431
40.5,12,7,3,433
40.5,12,7,4,435
40.5,12,7,5,437
40.5,12,7,6,439
40.5,12,7,7,442
40.5,12,7,8,444
40.5,12,7,9,446
40.5,12,7,10,448
40.5,12,7,11,450
40.5,12,7,12,452
40.5,12,7,13,454
40.5,12,7,14,455
40.5,12,7,15,457
40.5,12,8,0,429
40.5,12,8,1,432
40.5,12,8,2,434
40.5,12,8,3,436
40.5,12,8,4,438
40.5,12,8,5,440
40.5,12,8,6,442
40.5,12,8,7,444
40.5,12,8,8,446
40.5,12,8,9,448
40.5,12,8,10,450
40.5,12,8,11,452
40.5,12,8,12,454
40.5,12,8,13,456
40.5,12,8,14,458
40.5,12,8,15,460
40.5,12,9,0,432
40.5,12,9,1,434
40.5,12,9,2,436
40.5,12,9,3,438
40.5,12,9,4,440
40.5,12,9,5,442
40.5,12,9,6,444
40.5,12,9,7,446
40.5,12,9,8,448
40.5,12,9,9,450
40.5,12,9,10,452
40.5,12,9,11,455
40.5,12,9,12,457
40.5,12,9,13,459
40.5,12,9,14,461
40.5,12,9,15,462
40.5,12,10,0,434
40.5,12,10,1,436
40.5,12,10,2,438
40.5,12,10,3,440
40.5,12,10,4,443
40.5,12,10,5,445
40.5,12,10,6,447
40.5,12,10,7,449
40.5,12,10,8,451
40.5,12,10,9,453
40.5,12,10,10,455
40.5,12,10,11,457
40.5,12,10,12,459
40.5,12,10,13,461
40.5,12,10,14,463
40.5,12,10,15,465
40.5,12,11,0,436
40.5,12,11,1,439
40.5,12,11,2,441
40.5,12,11,3,443
40.5,12,11,4,445
40.5,12,11,5,447
40.5,12,11,6,449
40.5,12,11,7,451
40.5,12,11,8,453
40.5,12,11,9,455
40.5,12,11,10,457
40.5,12,11,11,459
40.5,12,11,12,461
40.5,12,11,13,463
40.5,12,11,14,465
40.5,12,11,15,468
40.5,12,12,0,439
40.5,12,12,1,441
40.5,12,12,2,443
40.5,12,12,3,445
40.5,12,12,4,447
40.5,12,12,5,449
40.5,12,12,6,452
40.5,12,12,7,454
40.5,12,12,8,456
40.5,12,12,9,458
40.5,12,12,10,460
40.5,12,12,11,462
40.5,12,12,12,464
40.5,12,12,13,466
40.5,12,12,14,468
40.5,12,12,15,470
40.5,12,13,0,441
40.5,12,13,1,443
40.5,12,13,2,445
40.5,12,13,3,448
40.5,12,13,4,450
40.5,12,13,5,452
40.5,12,13,6,454
40.5,12,13,7,456
40.5,12,13,8,458
40.5,12,13,9,460
40.5,12,13,10,462
40.5,12,13,11,464
40.5,12,13,12,466
40.5,12,13,13,468
40.5,12,13,14,470
40.5,12,13,15,472
40.5,12,14,0,443
40.5,12,14,1,446
40.5,12,14,2,448
40.5,12,14,3,450
40.5,12,14,4,452
40.5,12,14,5,454
40.5,12,14,6,456
40.5,12,14,7,458
40.5,12,14,8,460
40.5,12,14,9,463
40.5,12,14,10,465
40.5,12,14,11,467
40.5,12,14,12,469
40.5,12,14,13,471
40.5,12,14,14,473
40.5,12,14,15,475
40.5,12,15,0,446
40.5,12,15,1,448
40.5,12,15,2,450
40.5,12,15,3,452
40.5,12,15,4,454
40.5,12,15,5,456
40.5,12,15,6,459
40.5,12,15,7,461
40.5,12,15,8,463
40.5,12,15,9,465
40.5,12,15,10,467
40.5,12,15,11,469
40.5,12,15,12,471
40.5,12,15,13,473
40.5,12,15,14,475
40.5,12,15,15,477
40.5,13,0,0,416
40.5,13,0,1,418
40.5,13,0,2,420
40.5,13,0,3,422
40.5,13,0,4,424
40.5,13,0,5,426
40.5,13,0,6,428
40.5,13,0,7,430
40.5,13,0,8,432
40.5,13,0,9,434
40.5,13,0,10,436
40.5,13,0,11,438
40.5,13,0,12,440
40.5,13,0,13,442
40.5,13,0,14,444
40.5,13,0,15,445
40.5,13,1,0,418
40.5,13,1,1,420
40.5,13,1,2,422
40.5,13,1,3,425
40.5,13,1,4,427
40.5,13,1,5,429
40.5,13,1,6,431
40.5,13,1,7,433
40.5,13,1,8,435
40.5,13,1,9,436
40.5,13,1,10,438
40.5,13,1,11,440
40.5,13,1,12,442
40.5,13,1,13,444
40.5,13,1,14,446
40.5,13,1,15,448
40.5,13,2,0,421
40.5,13,2,1,423
40.5,13,2,2,425
40.5,13,2,3,427
40.5,13,2,4,429
40.5,13,2,5,431
40.5,13,2,6,433
40.5,13,2,7,435
40.5,13,2,8,437
40.5,13,2,9,439
40.5,13,2,10,441
40.5,13,2,11,443
40.5,13,2,12,445
40.5,13,2,13,447
40.5,13,2,14,449
40.5,13,2,15,451
40.5,13,3,0,423
40.5,13,3,1,425
40.5,13,3,2,427
40.5,13,3,3,430
40.5,13,3,4,432
40.5,13,3,5,434
40.5,13,3,6,436
40.5,13,3,7,438
40.5,13,3,8,440
40.5,13,3,9,442
40.5,13,3,10,444
40.5,13,3,11,446
40.5,13,3,12,448
40.5,13,3,13,450
40.5,13,3,14,452
40.5,13,3,15,453
40.5,13,4,0,426
40.5,13,4,1,428
40.5,13,4,2,430
40.5,13,4,3,432
40.5,13,4,4,434
40.5,13,4,5,436
40.5,13,4,6,438
40.5,13,4,7,440
40.5,13,4,8,442
40.5,13,4,9,444
40.5,13,4,10,446
40.5,13,4,11,448
40.5,13,4,12,450
40.5,13,4,13,452
40.5,13,4,14,454
40.5,13,4,15,456
40.5,13,5,0,428
40.5,13,5,1,430
40.5,13,5,2,432
40.5,13,5,3,435
40.5,13,5,4,437
40.5,13,5,5,439
40.5,13,5,6,441
40.5,13,5,7,443
40.5,13,5,8,445
40.5,13,5,9,447
40.5,13,5,10,449
40.5,13,5,11,451
40.5,13,5,12,453
40.5,13,5,13,455
40.5,13,5,14,457
40.5,13,5,15,459
40.5,13,6,0,431
40.5,13,6,1,433
40.5,13,6,2,435
40.5,13,6,3,437
40.5,13,6,4,439
40.5,13,6,5,441
40.5,13,6,6,443
40.5,13,6,7,445
40.5,13,6,8,447
40.5,13,6,9,449
40.5,13,6,10,451
40.5,13,6,11,453
40.5,13,6,12,455
40.5,13,6,13,457
40.5,13,6,14,459
40.5,13,6,15,461
40.5,13,7,0,433
40.5,13,7,1,435
40.5,13,7,2,437
40.5,13,7,3,439
40.5,13,7,4,442
40.5,13,7,5,444
40.5,13,7,6,446
40.5,13,7,7,448
40.5,13,7,8,450
40.5,13,7,9,452
40.5,13,7,10,454
40.5,13,7,11,456
40.5,13,7,12,458
40.5,13,7,13,460
40.5,13,7,14,462
40.5,13,7,15,464
40.5,13,8,0,435
40.5,13,8,1,438
40.5,13,8,2,440
40.5,13,8,3,442
40.5,13,8,4,444
40.5,13,8,5,446
40.5,13,8,6,448
40.5,13,8,7,450
40.5,13,8,8,452
40.5,13,8,9,454
40.5,13,8,10,456
40.5,13,8,11,458
40.5,13,8,12,460
40.5,13,8,13,462
40.5,13,8,14,464
40.5,13,8,15,466
40.5,13,9,0,438
40.5,13,9,1,440
40.5,13,9,2,442
40.5,13,9,3,444
40.5,13,9,4,446
40.5,13,9,5,449
40.5,13,9,6,451
40.5,13,9,7,453
40.5,13,9,8,455
40.5,13,9,9,457
40.5,13,9,10,459
40.5,13,9,11,461
40.5,13,9,12,463
40.5,13,9,13,465
40.5,13,9,14,467
40.5,13,9,15,469
40.5,13,10,0,440
40.5,13,10,1,442
40.5,13,10,2,445
40.5,13,10,3,447
40.5,13,10,4,449
40.5,13,10,5,451
40.5,13,10,6,453
40.5,13,10,7,455
40.5,13,10,8,457
40.5,13,10,9,459
40.5,13,10,10,461
40.5,13,10,11,463
40.5,13,10,12,465
40.5,13,10,13,468
40.5,13,10,14,470
40.5,13,10,15,472
40.5,13,11,0,443
40.5,13,11,1,445
40.5,13,11,2,447
40.5,13,11,3,449
40.5,13,11,4,451
40.5,13,11,5,453
40.5,13,11,6,455
40.5,13,11,7,458
40.5,13,11,8,460
40.5,13,11,9,462
40.5,13,11,10,464
40.5,13,11,11,466
40.5,13,11,12,468
40.5,13,11,13,470
40.5,13,11,14,472
40.5,13,11,15,474
40.5,13,12,0,445
40.5,13,12,1,447
40.5,13,12,2,449
40.5,13,12,3,451
40.5,13,12,4,454
40.5,13,12,5,456
40.5,13,12,6,458
40.5,13,12,7,460
40.5,13,12,8,462
40.5,13,12,9,464
40.5,13,12,10,466
40.5,13,12,11,468
40.5,13,12,12,470
40.5,13,12,13,473
40.5,13,12,14,475
40.5,13,12,15,477
40.5,13,13,0,447
40.5,13,13,1,450
40.5,13,13,2,452
40.5,13,13,3,454
40.5,13,13,4,456
40.5,13,13,5,458
40.5,13,13,6,460
40.5,13,13,7,462
40.5,13,13,8,465
40.5,13,13,9,467
40.5,13,13,10,469
40.5,13,13,11,471
40.5,13,13,12,473
40.5,13,13,13,475
40.5,13,13,14,477
40.5,13,13,15,479
40.5,13,14,0,450
40.5,13,14,1,452
40.5,13,14,2,454
40.5,13,14,3,456
40.5,13,14,4,458
40.5,13,14,5,461
40.5,13,14,6,463
40.5,13,14,7,465
40.5,13,14,8,467
40.5,13,14,9,469
40.5,13,14,10,471
40.5,13,14,11,473
40.5,13,14,12,475
40.5,13,14,13,477
40.5,13,14,14,480
40.5,13,14,15,482
40.5,13,15,0,452
40.5,13,15,1,454
40.5,13,15,2,456
40.5,13,15,3,459
40.5,13,15,4,461
40.5,13,15,5,463
40.5,13,15,6,465
40.5,13,15,7,467
40.5,13,15,8,469
40.5,13,15,9,471
40.5,13,15,10,474
40.5,13,15,11,476
40.5,13,15,12,478
40.5,13,15,13,480
40.5,13,15,14,482
40.5,13,15,15,484
40.5,14,0,0,422
40.5,14,0,1,424
40.5,14,0,2,426
40.5,14,0,3,428
40.5,14,0,4,430
40.5,14,0,5,432
40.5,14,0,6,434
40.5,14,0,7,436
40.5,14,0,8,438
40.5,14,0,9,440
40.5,14,0,10,442
40.5,14,0,11,444
40.5,14,0,12,446
40.5,14,0,13,448
40.5,14,0,14,450
40.5,14,0,15,452
40.5,14,1,0,424
40.5,14,1,1,426
40.5,14,1,2,428
40.5,14,1,3,430
40.5,14,1,4,432
40.5,14,1,5,434
40.5,14,1,6,437
40.5,14,1,7,439
40.5,14,1,8,441
40.5,14,1,9,443
40.5,14,1,10,445
40.5,14,1,11,447
40.5,14,1,12,449
40.5,14,1,13,450
40.5,14,1,14,452
40.5,14,1,15,454
40.5,14,2,0,427
40.5,14,2,1,429
40.5,14,2,2,431
40.5,14,2,3,433
40.5,14,2,4,435
40.5,14,2,5,437
40.5,14,2,6,439
40.5,14,2,7,441
40.5,14,2,8,443
40.5,14,2,9,445
40.5,14,2,10,447
40.5,14,2,11,449
40.5,14,2,12,451
40.5,14,2,13,453
40.5,14,2,14,455
40.5,14,2,15,457
40.5,14,3,0,429
40.5,14,3,1,431
40.5,14,3,2,433
40.5,14,3,3,436
40.5,14,3,4,438
40.5,14,3,5,440
40.5,14,3,6,442
40.5,14,3,7,444
40.5,14,3,8,446
40.5,14,3,9,448
40.5,14,3,10,450
40.5,14,3,11,452
40.5,14,3,12,454
40.5,14,3,13,456
40.5,14,3,14,458
40.5,14,3,15,460
40.5,14,4,0,432
40.5,14,4,1,434
40.5,14,4,2,436
40.5,14,4,3,438
40.5,14,4,4,440
40.5,14,4,5,442
40.5,14,4,6,444
40.5,14,4,7,446
40.5,14,4,8,448
40.5,14,4,9,450
40.5,14,4,10,452
40.5,14,4,11,454
40.5,14,4,12,456
40.5,14,4,13,458
40.5,14,4,14,460
40.5,14,4,15,462
40.5,14,5,0,434
40.5,14,5,1,436
40.5,14,5,2,438
40.5,14,5,3,441
40.5,14,5,4,443
40.5,14,5,5,445
40.5,14,5,6,447
40.5,14,5,7,449
40.5,14,5,8,451
40.5,14,5,9,453
40.5,14,5,10,455
40.5,14,5,11,457
40.5,14,5,12,459
40.5,14,5,13,461
40.5,14,5,14,463
40.5,14,5,15,465
40.5,14,6,0,437
40.5,14,6,1,439
40.5,14,6,2,441
40.5,14,6,3,443
40.5,14,6,4,445
40.5,14,6,5,447
40.5,14,6,6,449
40.5,14,6,7,451
40.5,14,6,8,453
40.5,14,6,9,456
40.5,14,6,10,458
40.5,14,6,11,460
40.5,14,6,12,462
40.5,14,6,13,464
40.5,14,6,14,466
40.5,14,6,15,468
40.5,14,7,0,439
40.5,14,7,1,441
40.5,14,7,2,443
40.5,14,7,3,446
40.5,14,7,4,448
40.5,14,7,5,450
40.5,14,7,6,452
40.5,14,7,7,454
40.5,14,7,8,456
40.5,14,7,9,458
40.5,14,7,10,460
40.5,14,7,11,462
40.5,14,7,12,464
40.5,14,7,13,466
40.5,14,7,14,468
40.5,14,7,15,470
40.5,14,8,0,442
40.5,14,8,1,444
40.5,14,8,2,446
40.5,14,8,3,448
40.5,14,8,4,450
40.5,14,8,5,452
40.5,14,8,6,454
40.5,14,8,7,456
40.5,14,8,8,459
40.5,14,8,9,461
40.5,14,8,10,463
40.5,14,8,11,465
40.5,14,8,12,467
40.5,14,8,13,469
40.5,14,8,14,471
40.5,14,8,15,473
40.5,14,9,0,444
40.5,14,9,1,446
40.5,14,9,2,448
40.5,14,9,3,450
40.5,14,9,4,453
40.5,14,9,5,455
40.5,14,9,6,457
40.5,14,9,7,459
40.5,14,9,8,461
40.5,14,9,9,463
40.5,14,9,10,465
40.5,14,9,11,467
40.5,14,9,12,469
40.5,14,9,13,471
40.5,14,9,14,473
40.5,14,9,15,476
40.5,14,10,0,446
40.5,14,10,1,449
40.5,14,10,2,451
40.5,14,10,3,453
40.5,14,10,4,455
40.5,14,10,5,457
40.5,14,10,6,459
40.5,14,10,7,461
40.5,14,10,8,464
40.5,14,10,9,466
40.5,14,10,10,468
40.5,14,10,11,470
40.5,14,10,12,472
40.5,14,10,13,474
40.5,14,10,14,476
40.5,14,10,15,478
40.5,14,11,0,449
40.5,14,11,1,451
40.5,14,11,2,453
40.5,14,11,3,455
40.5,14,11,4,458
40.5,14,11,5,460
40.5,14,11,6,462
40.5,14,11,7,464
40.5,14,11,8,466
40.5,14,11,9,468
40.5,14,11,10,470
40.5,14,11,11,472
40.5,14,11,12,474
40.5,14,11,13,477
40.5,14,11,14,479
40.5,14,11,15,481
40.5,14,12,0,451
40.5,14,12,1,453
40.5,14,12,2,456
40.5,14,12,3,458
40.5,14,12,4,460
40.5,14,12,5,462
40.5,14,12,6,464
40.5,14,12,7,466
40.5,14,12,8,469
40.5,14,12,9,471
40.5,14,12,10,473
40.5,14,12,11,475
40.5,14,12,12,477
40.5,14,12,13,479
40.5,14,12,14,481
40.5,14,12,15,483
40.5,14,13,0,454
40.5,14,13,1,456
40.5,14,13,2,458
40.5,14,13,3,460
40.5,14,13,4,462
40.5,14,13,5,465
40.5,14,13,6,467
40.5,14,13,7,469
40.5,14,13,8,471
40.5,14,13,9,473
40.5,14,13,10,475
40.5,14,13,11,477
40.5,14,13,12,480
40.5,14,13,13,482
40.5,14,13,14,484
40.5,14,13,15,486
40.5,14,14,0,456
40.5,14,14,1,458
40.5,14,14,2,460
40.5,14,14,3,463
40.5,14,14,4,465
40.5,14,14,5,467
40.5,14,14,6,469
40.5,14,14,7,471
40.5,14,14,8,473
40.5,14,14,9,476
40.5,14,14,10,478
40.5,14,14,11,480
40.5,14,14,12,482
40.5,14,14,13,484
40.5,14,14,14,486
40.5,14,14,15,488
40.5,14,15,0,458
40.5,14,15,1,460
40.5,14,15,2,463
40.5,14,15,3,465
40.5,14,15,4,467
40.5,14,15,5,469
40.5,14,15,6,472
40.5,14,15,7,474
40.5,14,15,8,476
40.5,14,15,9,478
40.5,14,15,10,480
40.5,14,15,11,482
40.5,14,15,12,484
40.5,14,15,13,487
40.5,14,15,14,489
40.5,14,15,15,491
40.5,15,0,0,427
40.5,15,0,1,430
40.5,15,0,2,432
40.5,15,0,3,434
40.5,15,0,4,436
40.5,15,0,5,438
40.5,15,0,6,440
40.5,15,0,7,442
40.5,15,0,8,444
40.5,15,0,9,446
40.5,15,0,10,448
40.5,15,0,11,450
40.5,15,0,12,452
40.5,15,0,13,454
40.5,15,0,14,456
40.5,15,0,15,458
40.5,15,1,0,430
40.5,15,1,1,432
40.5,15,1,2,434
40.5,15,1,3,436
40.5,15,1,4,438
40.5,15,1,5,440
40.5,15,1,6,443
40.5,15,1,7,445
40.5,15,1,8,447
40.5,15,1,9,449
40.5,15,1,10,451
40.5,15,1,11,453
40.5,15,1,12,455
40.5,15,1,13,457
40.5,15,1,14,459
40.5,15,1,15,461
40.5,15,2,0,433
40.5,15,2,1,435
40.5,15,2,2,437
40.5,15,2,3,439
40.5,15,2,4,441
40.5,15,2,5,443
40.5,15,2,6,445
40.5,15,2,7,447
40.5,15,2,8,449
40.5,15,2,9,451
40.5,15,2,10,453
40.5,15,2,11,455
40.5,15,2,12,457
40.5,15,2,13,459
40.5,15,2,14,461
40.5,15,2,15,463
40.5,15,3,0,435
40.5,15,3,1,437
40.5,15,3,2,439
40.5,15,3,3,441
40.5,15,3,4,444
40.5,15,3,5,446
40.5,15,3,6,448
40.5,15,3,7,450
40.5,15,3,8,452
40.5,15,3,9,454
40.5,15,3,10,456
40.5,15,3,11,458
40.5,15,3,12,460
40.5,15,3,13,462
40.5,15,3,14,464
40.5,15,3,15,466
40.5,15,4,0,438
40.5,15,4,1,440
40.5,15,4,2,442
40.5,15,4,3,444
40.5,15,4,4,446
40.5,15,4,5,448
40.5,15,4,6,450
40.5,15,4,7,452
40.5,15,4,8,455
40.5,15,4,9,457
40.5,15,4,10,459
40.5,15,4,11,461
40.5,15,4,12,463
40.5,15,4,13,465
40.5,15,4,14,467
40.5,15,4,15,469
40.5,15,5,0,440
40.5,15,5,1,442
40.5,15,5,2,444
40.5,15,5,3,447
40.5,15,5,4,449
40.5,15,5,5,451
40.5,15,5,6,453
40.5,15,5,7,455
40.5,15,5,8,457
40.5,15,5,9,459
40.5,15,5,10,461
40.5,15,5,11,463
40.5,15,5,12,465
40.5,15,5,13,467
40.5,15,5,14,469
40.5,15,5,15,471
40.5,15,6,0,443
40.5,15,6,1,445
40.5,15,6,2,447
40.5,15,6,3,449
40.5,15,6,4,451
40.5,15,6,5,453
40.5,15,6,6,456
40.5,15,6,7,458
40.5,15,6,8,460
40.5,15,6,9,462
40.5,15,6,10,464
40.5,15,6,11,466
40.5,15,6,12,468
40.5,15,6,13,470
40.5,15,6,14,472
40.5,15,6,15,474
40.5,15,7,0,445
40.5,15,7,1,447
40.5,15,7,2,449
40.5,15,7,3,452
40.5,15,7,4,454
40.5,15,7,5,456
40.5,15,7,6,458
40.5,15,7,7,460
40.5,15,7,8,462
40.5,15,7,9,464
40.5,15,7,10,466
40.5,15,7,11,469
40.5,15,7,12,471
40.5,15,7,13,473
40.5,15,7,14,475
40.5,15,7,15,477
40.5,15,8,0,448
40.5,15,8,1,450
40.5,15,8,2,452
40.5,15,8,3,454
40.5,15,8,4,456
40.5,15,8,5,458
40.5,15,8,6,461
40.5,15,8,7,463
40.5,15,8,8,465
40.5,15,8,9,467
40.5,15,8,10,469
40.5,15,8,11,471
40.5,15,8,12,473
40.5,15,8,13,475
40.5,15,8,14,477
40.5,15,8,15,479
40.5,15,9,0,450
40.5,15,9,1,452
40.5,15,9,2,454
40.5,15,9,3,457
40.5,15,9,4,459
40.5,15,9,5,461
40.5,15,9,6,463
40.5,15,9,7,465
40.5,15,9,8,467
40.5,15,9,9,470
40.5,15,9,10,472
40.5,15,9,11,474
40.5,15,9,12,476
40.5,15,9,13,478
40.5,15,9,14,480
40.5,15,9,15,482
40.5,15,10,0,453
40.5,15,10,1,455
40.5,15,10,2,457
40.5,15,10,3,459
40.5,15,10,4,461
40.5,15,10,5,463
40.5,15,10,6,466
40.5,15,10,7,468
40.5,15,10,8,470
40.5,15,10,9,472
40.5,15,10,10,474
40.5,15,10,11,476
40.5,15,10,12,478
40.5,15,10,13,481
40.5,15,10,14,483
40.5,15,10,15,485
40.5,15,11,0,455
40.5,15,11,1,457
40.5,15,11,2,459
40.5,15,11,3,462
40.5,15,11,4,464
40.5,15,11,5,466
40.5,15,11,6,468
40.5,15,11,7,470
40.5,15,11,8,472
40.5,15,11,9,475
40.5,15,11,10,477
40.5,15,11,11,479
40.5,15,11,12,481
40.5,15,11,13,483
40.5,15,11,14,485
40.5,15,11,15,487
40.5,15,12,0,457
40.5,15,12,1,460
40.5,15,12,2,462
40.5,15,12,3,464
40.5,15,12,4,466
40.5,15,12,5,468
40.5,15,12,6,471
40.5,15,12,7,473
40.5,15,12,8,475
40.5,15,12,9,477
40.5,15,12,10,479
40.5,15,12,11,481
40.5,15,12,12,484
40.5,15,12,13,486
40.5,15,12,14,488
40.5,15,12,15,490
40.5,15,13,0,460
40.5,15,13,1,462
40.5,15,13,2,464
40.5,15,13,3,466
40.5,15,13,4,469
40.5,15,13,5,471
40.5,15,13,6,473
40.5,15,13,7,475
40.5,15,13,8,477
40.5,15,13,9,480
40.5,15,13,10,482
40.5,15,13,11,484
40.5,15,13,12,486
40.5,15,13,13,488
40.5,15,13,14,490
40.5,15,13,15,492
40.5,15,14,0,462
40.5,15,14,1,464
40.5,15,14,2,467
40.5,15,14,3,469
40.5,15,14,4,471
40.5,15,14,5,473
40.5,15,14,6,476
40.5,15,14,7,478
40.5,15,14,8,480
40.5,15,14,9,482
40.5,15,14,10,484
40.5,15,14,11,486
40.5,15,14,12,489
40.5,15,14,13,491
40.5,15,14,14,493
40.5,15,14,15,495
40.5,15,15,0,465
40.5,15,15,1,467
40.5,15,15,2,469
40.5,15,15,3,471
40.5,15,15,4,474
40.5,15,15,5,476
40.5,15,15,6,478
40.5,15,15,7,480
40.5,15,15,8,482
40.5,15,15,9,485
40.5,15,15,10,487
40.5,15,15,11,489
40.5,15,15,12,491
40.5,15,15,13,493
40.5,15,15,14,495
40.5,15,15,15,498
41.0,0,0,0,343
41.0,0,0,1,345
41.0,0,0,2,346
41.0,0,0,3,348
41.0,0,0,4,350
41.0,0,0,5,351
41.0,0,0,6,353
41.0,0,0,7,354
41.0,0,0,8,356
41.0,0,0,9,358
41.0,0,0,10,359
41.0,0,0,11,361
41.0,0,0,12,362
41.0,0,0,13,364
41.0,0,0,14,366
41.0,0,0,15,367
41.0,0,1,0,345
41.0,0,1,1,347
41.0,0,1,2,348
41.0,0,1,3,350
41.0,0,1,4,352
41.0,0,1,5,353
41.0,0,1,6,355
41.0,0,1,7,357
41.0,0,1,8,358
41.0,0,1,9,360
41.0,0,1,10,361
41.0,0,1,11,363
41.0,0,1,12,365
41.0,0,1,13,366
41.0,0,1,14,368
41.0,0,1,15,369
41.0,0,2,0,347
41.0,0,2,1,349
41.0,0,2,2,350
41.0,0,2,3,352
41.0,0,2,4,354
41.0,0,2,5,355
41.0,0,2,6,357
41.0,0,2,7,359
41.0,0,2,8,360
41.0,0,2,9,362
41.0,0,2,10,364
41.0,0,2,11,365
41.0,0,2,12,367
41.0,0,2,13,368
41.0,0,2,14,370
41.0,0,2,15,372
41.0,0,3,0,349
41.0,0,3,1,351
41.0,0,3,2,352
41.0,0,3,3,354
41.0,0,3,4,356
41.0,0,3,5,357
41.0,0,3,6,359
41.0,0,3,7,361
41.0,0,3,8,362
41.0,0,3,9,364
41.0,0,3,10,366
41.0,0,3,11,367
41.0,0,3,12,369
41.0,0,3,13,371
41.0,0,3,14,372
41.0,0,3,15,374
41.0,0,4,0,351
41.0,0,4,1,353
41.0,0,4,2,354
41.0,0,4,3,356
41.0,0,4,4,358
41.0,0,4,5,360
41.0,0,4,6,361
41.0,0,4,7,363
41.0,0,4,8,365
41.0,0,4,9,366
41.0,0,4,10,368
41.0,0,4,11,370
41.0,0,4,12,371
41.0,0,4,13,373
41.0,0,4,14,374
41.0,0,4,15,376
41.0,0,5,0,353
41.0,0,5,1,355
41.0,0,5,2,357
41.0,0,5,3,358
41.0,0,5,4,360
41.0,0,5,5,362
41.0,0,5,6,363
41.0,0,5,7,365
41.0,0,5,8,367
41.0,0,5,9,368
41.0,0,5,10,370
41.0,0,5,11,372
41.0,0,5,12,373
41.0,0,5,13,375
41.0,0,5,14,377
41.0,0,5,15,378
41.0,0,6,0,355
41.0,0,6,1,357
41.0,0,6,2,359
41.0,0,6,3,360
41.0,0,6,4,362
41.0,0,6,5,364
41.0,0,6,6,365
41.0,0,6,7,367
41.0,0,6,8,369
41.0,0,6,9,370
41.0,0,6,10,372
41.0,0,6,11,374
41.0,0,6,12,375
41.0,0,6,13,377
41.0,0,6,14,379
41.0,0,6,15,380
41.0,0,7,0,357
41.0,0,7,1,359
41.0,0,7,2,361
41.0,0,7,3,362
41.0,0,7,4,364
41.0,0,7,5,366
41.0,0,7,6,367
41.0,0,7,7,369
41.0,0,7,8,371
41.0,0,7,9,372
41.0,0,7,10,374
41.0,0,7,11,376
41.0,0,7,12,377
41.0,0,7,13,379
41.0,0,7,14,381
41.0,0,7,15,382
41.0,0,8,0,359
41.0,0,8,1,361
41.0,0,8,2,363
41.0,0,8,3,364
41.0,0,8,4,366
41.0,0,8,5,368
41.0,0,8,6,369
41.0,0,8,7,371
41.0,0,8,8,373
41.0,0,8,9,375
41.0,0,8,10,376
41.0,0,8,11,378
41.0,0,8,12,380
41.0,0,8,13,381
41.0,0,8,14,383
41.0,0,8,15,385
41.0,0,9,0,361
41.0,0,9,1,363
41.0,0,9,2,365
41.0,0,9,3,366
41.0,0,9,4,368
41.0,0,9,5,370
41.0,0,9,6,371
41.0,0,9,7,373
41.0,0,9,8,375
41.0,0,9,9,377
41.0,0,9,10,378
41.0,0,9,11,380
41.0,0,9,12,382
41.0,0,9,13,383
41.0,0,9,14,385
41.0,0,9,15,387
41.0,0,10,0,363
41.0,0,10,1,365
41.0,0,10,2,367
41.0,0,10,3,368
41.0,0,10,4,370
41.0,0,10,5,372
41.0,0,10,6,373
41.0,0,10,7,375
41.0,0,10,8,377
41.0,0,10,9,379
41.0,0,10,10,380
41.0,0,10,11,382
41.0,0,10,12,384
41.0,0,10,13,385
41.0,0,10,14,387
41.0,0,10,15,389
41.0,0,11,0,365
41.0,0,11,1,367
41.0,0,11,2,368
41.0,0,11,3,370
41.0,0,11,4,372
41.0,0,11,5,374
41.0,0,11,6,376
41.0,0,11,7,377
41.0,0,11,8,379
41.0,0,11,9,381
41.0,0,11,10,382
41.0,0,11,11,384
41.0,0,11,12,386
41.0,0,11,13,387
41.0,0,11,14,389
41.0,0,11,15,391
41.0,0,12,0,367
41.0,0,12,1,369
41.0,0,12,2,370
41.0,0,12,3,372
41.0,0,12,4,374
41.0,0,12,5,376
41.0,0,12,6,377
41.0,0,12,7,379
41.0,0,12,8,381
41.0,0,12,9,383
41.0,0,12,10,384
41.0,0,12,11,386
41.0,0,12,12,388
41.0,0,12,13,390
41.0,0,12,14,391
41.0,0,12,15,393
41.0,0,13,0,369
41.0,0,13,1,371
41.0,0,13,2,372
41.0,0,13,3,374
41.0,0,13,4,376
41.0,0,13,5,378
41.0,0,13,6,379
41.0,0,13,7,381
41.0,0,13,8,383
41.0,0,13,9,385
41.0,0,13,10,386
41.0,0,13,11,388
41.0,0,13,12,390
41.0,0,13,13,392
41.0,0,13,14,393
41.0,0,13,15,395
41.0,0,14,0,371
41.0,0,14,1,373
41.0,0,14,2,374
41.0,0,14,3,376
41.0,0,14,4,378
41.0,0,14,5,380
41.0,0,14,6,381
41.0,0,14,7,383
41.0,0,14,8,385
41.0,0,14,9,387
41.0,0,14,10,388
41.0,0,14,11,390
41.0,0,14,12,392
41.0,0,14,13,394
41.0,0,14,14,395
41.0,0,14,15,397
41.0,0,15,0,373
41.0,0,15,1,374
41.0,0,15,2,376
41.0,0,15,3,378
41.0,0,15,4,380
41.0,0,15,5,382
41.0,0,15,6,383
41.0,0,15,7,385
41.0,0,15,8,387
41.0,0,15,9,389
41.0,0,15,10,390
41.0,0,15,11,392
41.0,0,15,12,394
41.0,0,15,13,396
41.0,0,15,14,397
41.0,0,15,15,399
41.0,1,0,0,349
41.0,1,0,1,350
41.0,1,0,2,352
41.0,1,0,3,354
41.0,1,0,4,355
41.0,1,0,5,357
41.0,1,0,6,359
41.0,1,0,7,360
41.0,1,0,8,362
41.0,1,0,9,364
41.0,1,0,10,365
41.0,1,0,11,367
41.0,1,0,12,369
41.0,1,0,13,370
41.0,1,0,14,372
41.0,1,0,15,373
41.0,1,1,0,351
41.0,1,1,1,352
41.0,1,1,2,354
41.0,1,1,3,356
41.0,1,1,4,358
41.0,1,1,5,359
41.0,1,1,6,361
41.0,1,1,7,363
41.0,1,1,8,364
41.0,1,1,9,366
41.0,1,1,10,368
41.0,1,1,11,369
41.0,1,1,12,371
41.0,1,1,13,372
41.0,1,1,14,374
41.0,1,1,15,376
41.0,1,2,0,353
41.0,1,2,1,355
41.0,1,2,2,356
41.0,1,2,3,358
41.0,1,2,4,360
41.0,1,2,5,361
41.0,1,2,6,363
41.0,1,2,7,365
41.0,1,2,8,366
41.0,1,2,9,368
41.0,1,2,10,370
41.0,1,2,11,371
41.0,1,2,12,373
41.0,1,2,13,375
41.0,1,2,14,376
41.0,1,2,15,378
41.0,1,3,0,355
41.0,1,3,1,357
41.0,1,3,2,358
41.0,1,3,3,360
41.0,1,3,4,362
41.0,1,3,5,364
41.0,1,3,6,365
41.0,1,3,7,367
41.0,1,3,8,369
41.0,1,3,9,370
41.0,1,3,10,372
41.0,1,3,11,374
41.0,1,3,12,375
41.0,1,3,13,377
41.0,1,3,14,379
41.0,1,3,15,380
41.0,1,4,0,357
41.0,1,4,1,359
41.0,1,4,2,360
41.0,1,4,3,362
41.0,1,4,4,364
41.0,1,4,5,366
41.0,1,4,6,367
41.0,1,4,7,369
41.0,1,4,8,371
41.0,1,4,9,372
41.0,1,4,10,374
41.0,1,4,11,376
41.0,1,4,12,377
41.0,1,4,13,379
41.0,1,4,14,381
41.0,1,4,15,382
41.0,1,5,0,359
41.0,1,5,1,361
41.0,1,5,2,363
41.0,1,5,3,364
41.0,1,5,4,366
41.0,1,5,5,368
41.0,1,5,6,369
41.0,1,5,7,371
41.0,1,5,8,373
41.0,1,5,9,375
41.0,1,5,10,376
41.0,1,5,11,378
41.0,1,5,12,380
41.0,1,5,13,381
41.0,1,5,14,383
41.0,1,5,15,385
41.0,1,6,0,361
41.0,1,6,1,363
41.0,1,6,2,365
41.0,1,6,3,366
41.0,1,6,4,368
41.0,1,6,5,370
41.0,1,6,6,372
41.0,1,6,7,373
41.0,1,6,8,375
41.0,1,6,9,377
41.0,1,6,10,378
41.0,1,6,11,380
41.0,1,6,12,382
41.0,1,6,13,383
41.0,1,6,14,385
41.0,1,6,15,387
41.0,1,7,0,363
41.0,1,7,1,365
41.0,1,7,2,367
41.0,1,7,3,368
41.0,1,7,4,370
41.0,1,7,5,372
41.0,1,7,6,374
41.0,1,7,7,375
41.0,1,7,8,377
41.0,1,7,9,379
41.0,1,7,10,381
41.0,1,7,11,382
41.0,1,7,12,384
41.0,1,7,13,386
41.0,1,7,14,387
41.0,1,7,15,389
41.0,1,8,0,365
41.0,1,8,1,367
41.0,1,8,2,369
41.0,1,8,3,370
41.0,1,8,4,372
41.0,1,8,5,374
41.0,1,8,6,376
41.0,1,8,7,377
41.0,1,8,8,379
41.0,1,8,9,381
41.0,1,8,10,383
41.0,1,8,11,384
41.0,1,8,12,386
41.0,1,8,13,388
41.0,1,8,14,389
41.0,1,8,15,391
41.0,1,9,0,367
41.0,1,9,1,369
41.0,1,9,2,371
41.0,1,9,3,372
41.0,1,9,4,374
41.0,1,9,5,376
41.0,1,9,6,378
41.0,1,9,7,380
41.0,1,9,8,381
41.0,1,9,9,383
41.0,1,9,10,385
41.0,1,9,11,386
41.0,1,9,12,388
41.0,1,9,13,390
41.0,1,9,14,392
41.0,1,9,15,393
41.0,1,10,0,369
41.0,1,10,1,371
41.0,1,10,2,373
41.0,1,10,3,375
41.0,1,10,4,376
41.0,1,10,5,378
41.0,1,10,6,380
41.0,1,10,7,382
41.0,1,10,8,383
41.0,1,10,9,385
41.0,1,10,10,387
41.0,1,10,11,389
41.0,1,10,12,390
41.0,1,10,13,392
41.0,1,10,14,394
41.0,1,10,15,395
41.0,1,11,0,371
41.0,1,11,1,373
41.0,1,11,2,375
41.0,1,11,3,377
41.0,1,11,4,378
41.0,1,11,5,380
41.0,1,11,6,382
41.0,1,11,7,384
41.0,1,11,8,385
41.0,1,11,9,387
41.0,1,11,10,389
41.0,1,11,11,391
41.0,1,11,12,392
41.0,1,11,13,394
41.0,1,11,14,396
41.0,1,11,15,397
41.0,1,12,0,373
41.0,1,12,1,375
41.0,1,12,2,377
41.0,1,12,3,379
41.0,1,12,4,380
41.0,1,12,5,382
41.0,1,12,6,384
41.0,1,12,7,386
41.0,1,12,8,387
41.0,1,12,9,389
41.0,1,12,10,391
41.0,1,12,11,393
41.0,1,12,12,394
41.0,1,12,13,396
41.0,1,12,14,398
41.0,1,12,15,400
41.0,1,13,0,375
41.0,1,13,1,377
41.0,1,13,2,379
41.0,1,13,3,381
41.0,1,13,4,382
41.0,1,13,5,384
41.0,1,13,6,386
41.0,1,13,7,388
41.0,1,13,8,389
41.0,1,13,9,391
41.0,1,13,10,393
41.0,1,13,11,395
41.0,1,13,12,397
41.0,1,13,13,398
41.0,1,13,14,400
41.0,1,13,15,402
41.0,1,14,0,377
41.0,1,14,1,379
41.0,1,14,2,381
41.0,1,14,3,382
41.0,1,14,4,384
41.0,1,14,5,386
41.0,1,14,6,388
41.0,1,14,7,390
41.0,1,14,8,392
41.0,1,14,9,393
41.0,1,14,10,395
41.0,1,14,11,397
41.0,1,14,12,399
41.0,1,14,13,400
41.0,1,14,14,402
41.0,1,14,15,404
41.0,1,15,0,379
41.0,1,15,1,381
41.0,1,15,2,383
41.0,1,15,3,384
41.0,1,15,4,386
41.0,1,15,5,388
41.0,1,15,6,390
41.0,1,15,7,392
41.0,1,15,8,394
41.0,1,15,9,395
41.0,1,15,10,397
41.0,1,15,11,399
41.0,1,15,12,401
41.0,1,15,13,402
41.0,1,15,14,404
41.0,1,15,15,406
41.0,2,0,0,355
41.0,2,0,1,356
41.0,2,0,2,358
41.0,2,0,3,360
41.0,2,0,4,361
41.0,2,0,5,363
41.0,2,0,6,365
41.0,2,0,7,366
41.0,2,0,8,368
41.0,2,0,9,370
41.0,2,0,10,371
41.0,2,0,11,373
41.0,2,0,12,375
41.0,2,0,13,376
41.0,2,0,14,378
41.0,2,0,15,380
41.0,2,1,0,357
41.0,2,1,1,358
41.0,2,1,2,360
41.0,2,1,3,362
41.0,2,1,4,364
41.0,2,1,5,365
41.0,2,1,6,367
41.0,2,1,7,369
41.0,2,1,8,370
41.0,2,1,9,372
41.0,2,1,10,374
41.0,2,1,11,375
41.0,2,1,12,377
41.0,2,1,13,379
41.0,2,1,14,380
41.0,2,1,15,382
41.0,2,2,0,359
41.0,2,2,1,361
41.0,2,2,2,362
41.0,2,2,3,364
41.0,2,2,4,366
41.0,2,2,5,367
41.0,2,2,6,369
41.0,2,2,7,371
41.0,2,2,8,373
41.0,2,2,9,374
41.0,2,2,10,376
41.0,2,2,11,378
41.0,2,2,12,379
41.0,2,2,13,381
41.0,2,2,14,383
41.0,2,2,15,384
41.0,2,3,0,361
41.0,2,3,1,363
41.0,2,3,2,364
41.0,2,3,3,366
41.0,2,3,4,368
41.0,2,3,5,370
41.0,2,3,6,371
41.0,2,3,7,373
41.0,2,3,8,375
41.0,2,3,9,376
41.0,2,3,10,378
41.0,2,3,11,380
41.0,2,3,12,382
41.0,2,3,13,383
41.0,2,3,14,385
41.0,2,3,15,387
41.0,2,4,0,363
41.0,2,4,1,365
41.0,2,4,2,367
41.0,2,4,3,368
41.0,2,4,4,370
41.0,2,4,5,372
41.0,2,4,6,373
41.0,2,4,7,375
41.0,2,4,8,377
41.0,2,4,9,379
41.0,2,4,10,380
41.0,2,4,11,382
41.0,2,4,12,384
41.0,2,4,13,385
41.0,2,4,14,387
41.0,2,4,15,389
41.0,2,5,0,365
41.0,2,5,1,367
41.0,2,5,2,369
41.0,2,5,3,370
41.0,2,5,4,372
41.0,2,5,5,374
41.0,2,5,6,376
41.0,2,5,7,377
41.0,2,5,8,379
41.0,2,5,9,381
41.0,2,5,10,383
41.0,2,5,11,384
41.0,2,5,12,386
41.0,2,5,13,388
41.0,2,5,14,389
41.0,2,5,15,391
41.0,2,6,0,367
41.0,2,6,1,369
41.0,2,6,2,371
41.0,2,6,3,372
41.0,2,6,4,374
41.0,2,6,5,376
41.0,2,6,6,378
41.0,2,6,7,380
41.0,2,6,8,381
41.0,2,6,9,383
41.0,2,6,10,385
41.0,2,6,11,386
41.0,2,6,12,388
41.0,2,6,13,390
41.0,2,6,14,392
41.0,2,6,15,393
41.0,2,7,0,369
41.0,2,7,1,371
41.0,2,7,2,373
41.0,2,7,3,375
41.0,2,7,4,376
41.0,2,7,5,378
41.0,2,7,6,380
41.0,2,7,7,382
41.0,2,7,8,383
41.0,2,7,9,385
41.0,2,7,10,387
41.0,2,7,11,389
41.0,2,7,12,390
41.0,2,7,13,392
41.0,2,7,14,394
41.0,2,7,15,395
41.0,2,8,0,371
41.0,2,8,1,373
41.0,2,8,2,375
41.0,2,8,3,377
41.0,2,8,4,378
41.0,2,8,5,380
41.0,2,8,6,382
41.0,2,8,7,384
41.0,2,8,8,386
41.0,2,8,9,387
41.0,2,8,10,389
41.0,2,8,11,391
41.0,2,8,12,392
41.0,2,8,13,394
41.0,2,8,14,396
41.0,2,8,15,398
41.0,2,9,0,373
41.0,2,9,1,375
41.0,2,9,2,377
41.0,2,9,3,379
41.0,2,9,4,381
41.0,2,9,5,382
41.0,2,9,6,384
41.0,2,9,7,386
41.0,2,9,8,388
41.0,2,9,9,389
41.0,2,9,10,391
41.0,2,9,11,393
41.0,2,9,12,395
41.0,2,9,13,396
41.0,2,9,14,398
41.0,2,9,15,400
41.0,2,10,0,375
41.0,2,10,1,377
41.0,2,10,2,379
41.0,2,10,3,381
41.0,2,10,4,383
41.0,2,10,5,384
41.0,2,10,6,386
41.0,2,10,7,388
41.0,2,10,8,390
41.0,2,10,9,392
41.0,2,10,10,393
41.0,2,10,11,395
41.0,2,10,12,397
41.0,2,10,13,399
41.0,2,10,14,400
41.0,2,10,15,402
41.0,2,11,0,377
41.0,2,11,1,379
41.0,2,11,2,381
41.0,2,11,3,383
41.0,2,11,4,385
41.0,2,11,5,386
41.0,2,11,6,388
41.0,2,11,7,390
41.0,2,11,8,392
41.0,2,11,9,394
41.0,2,11,10,395
41.0,2,11,11,397
41.0,2,11,12,399
41.0,2,11,13,401
41.0,2,11,14,402
41.0,2,11,15,404
41.0,2,12,0,379
41.0,2,12,1,381
41.0,2,12,2,383
41.0,2,12,3,385
41.0,2,12,4,387
41.0,2,12,5,388
41.0,2,12,6,390
41.0,2,12,7,392
41.0,2,12,8,394
41.0,2,12,9,396
41.0,2,12,10,397
41.0,2,12,11,399
41.0,2,12,12,401
41.0,2,12,13,403
41.0,2,12,14,405
41.0,2,12,15,406
41.0,2,13,0,381
41.0,2,13,1,383
41.0,2,13,2,385
41.0,2,13,3,387
41.0,2,13,4,389
41.0,2,13,5,391
41.0,2,13,6,392
41.0,2,13,7,394
41.0,2,13,8,396
41.0,2,13,9,398
41.0,2,13,10,400
41.0,2,13,11,401
41.0,2,13,12,403
41.0,2,13,13,405
41.0,2,13,14,407
41.0,2,13,15,408
41.0,2,14,0,383
41.0,2,14,1,385
41.0,2,14,2,387
41.0,2,14,3,389
41.0,2,14,4,391
41.0,2,14,5,393
41.0,2,14,6,394
41.0,2,14,7,396
41.0,2,14,8,398
41.0,2,14,9,400
41.0,2,14,10,402
41.0,2,14,11,403
41.0,2,14,12,405
41.0,2,14,13,407
41.0,2,14,14,409
41.0,2,14,15,411
41.0,2,15,0,385
41.0,2,15,1,387
41.0,2,15,2,389
41.0,2,15,3,391
41.0,2,15,4,393
41.0,2,15,5,395
41.0,2,15,6,396
41.0,2,15,7,398
41.0,2,15,8,400
41.0,2,15,9,402
41.0,2,15,10,404
41.0,2,15,11,406
41.0,2,15,12,407
41.0,2,15,13,409
41.0,2,15,14,411
41.0,2,15,15,413
41.0,3,0,0,360
41.0,3,0,1,362
41.0,3,0,2,364
41.0,3,0,3,366
41.0,3,0,4,367
41.0,3,0,5,369
41.0,3,0,6,371
41.0,3,0,7,372
41.0,3,0,8,374
41.0,3,0,9,376
41.0,3,0,10,378
41.0,3,0,11,379
41.0,3,0,12,381
41.0,3,0,13,383
41.0,3,0,14,384
41.0,3,0,15,386
41.0,3,1,0,362
41.0,3,1,1,364
41.0,3,1,2,366
41.0,3,1,3,368
41.0,3,1,4,370
41.0,3,1,5,371
41.0,3,1,6,373
41.0,3,1,7,375
41.0,3,1,8,376
41.0,3,1,9,378
41.0,3,1,10,380
41.0,3,1,11,382
41.0,3,1,12,383
41.0,3,1,13,385
41.0,3,1,14,387
41.0,3,1,15,388
41.0,3,2,0,365
41.0,3,2,1,366
41.0,3,2,2,368
41.0,3,2,3,370
41.0,3,2,4,372
41.0,3,2,5,373
41.0,3,2,6,375
41.0,3,2,7,377
41.0,3,2,8,379
41.0,3,2,9,380
41.0,3,2,10,382
41.0,3,2,11,384
41.0,3,2,12,386
41.0,3,2,13,387
41.0,3,2,14,389
41.0,3,2,15,391
41.0,3,3,0,367
41.0,3,3,1,369
41.0,3,3,2,370
41.0,3,3,3,372
41.0,3,3,4,374
41.0,3,3,5,376
41.0,3,3,6,377
41.0,3,3,7,379
41.0,3,3,8,381
41.0,3,3,9,383
41.0,3,3,10,384
41.0,3,3,11,386
41.0,3,3,12,388
41.0,3,3,13,389
41.0,3,3,14,391
41.0,3,3,15,393
41.0,3,4,0,369
41.0,3,4,1,371
41.0,3,4,2,373
41.0,3,4,3,374
41.0,3,4,4,376
41.0,3,4,5,378
41.0,3,4,6,380
41.0,3,4,7,381
41.0,3,4,8,383
41.0,3,4,9,385
41.0,3,4,10,387
41.0,3,4,11,388
41.0,3,4,12,390
41.0,3,4,13,392
41.0,3,4,14,393
41.0,3,4,15,395
41.0,3,5,0,371
41.0,3,5,1,373
41.0,3,5,2,375
41.0,3,5,3,376
41.0,3,5,4,378
41.0,3,5,5,380
41.0,3,5,6,382
41.0,3,5,7,384
41.0,3,5,8,385
41.0,3,5,9,387
41.0,3,5,10,389
41.0,3,5,11,391
41.0,3,5,12,392
41.0,3,5,13,394
41.0,3,5,14,396
41.0,3,5,15,397
41.0,3,6,0,373
41.0,3,6,1,375
41.0,3,6,2,377
41.0,3,6,3,379
41.0,3,6,4,380
41.0,3,6,5,382
41.0,3,6,6,384
41.0,3,6,7,386
41.0,3,6,8,388
41.0,3,6,9,389
41.0,3,6,10,391
41.0,3,6,11,393
41.0,3,6,12,395
41.0,3,6,13,396
41.0,3,6,14,398
41.0,3,6,15,400
41.0,3,7,0,375
41.0,3,7,1,377
41.0,3,7,2,379
41.0,3,7,3,381
41.0,3,7,4,383
41.0,3,7,5,384
41.0,3,7,6,386
41.0,3,7,7,388
41.0,3,7,8,390
41.0,3,7,9,391
41.0,3,7,10,393
41.0,3,7,11,395
41.0,3,7,12,397
41.0,3,7,13,398
41.0,3,7,14,400
41.0,3,7,15,402
41.0,3,8,0,377
41.0,3,8,1,379
41.0,3,8,2,381
41.0,3,8,3,383
41.0,3,8,4,385
41.0,3,8,5,386
41.0,3,8,6,388
41.0,3,8,7,390
41.0,3,8,8,392
41.0,3,8,9,394
41.0,3,8,10,395
41.0,3,8,11,397
41.0,3,8,12,399
41.0,3,8,13,401
41.0,3,8,14,402
41.0,3,8,15,404
41.0,3,9,0,379
41.0,3,9,1,381
41.0,3,9,2,383
41.0,3,9,3,385
41.0,3,9,4,387
41.0,3,9,5,389
41.0,3,9,6,390
41.0,3,9,7,392
41.0,3,9,8,394
41.0,3,9,9,396
41.0,3,9,10,398
41.0,3,9,11,399
41.0,3,9,12,401
41.0,3,9,13,403
41.0,3,9,14,405
41.0,3,9,15,406
41.0,3,10,0,381
41.0,3,10,1,383
41.0,3,10,2,385
41.0,3,10,3,387
41.0,3,10,4,389
41.0,3,10,5,391
41.0,3,10,6,393
41.0,3,10,7,394
41.0,3,10,8,396
41.0,3,10,9,398
41.0,3,10,10,400
41.0,3,10,11,402
41.0,3,10,12,403
41.0,3,10,13,405
41.0,3,10,14,407
41.0,3,10,15,409
41.0,3,11,0,383
41.0,3,11,1,385
41.0,3,11,2,387
41.0,3,11,3,389
41.0,3,11,4,391
41.0,3,11,5,393
41.0,3,11,6,395
41.0,3,11,7,396
41.0,3,11,8,398
41.0,3,11,9,400
41.0,3,11,10,402
41.0,3,11,11,404
41.0,3,11,12,405
41.0,3,11,13,407
41.0,3,11,14,409
41.0,3,11,15,411
41.0,3,12,0,386
41.0,3,12,1,387
41.0,3,12,2,389
41.0,3,12,3,391
41.0,3,12,4,393
41.0,3,12,5,395
41.0,3,12,6,397
41.0,3,12,7,399
41.0,3,12,8,400
41.0,3,12,9,402
41.0,3,12,10,404
41.0,3,12,11,406
41.0,3,12,12,408
41.0,3,12,13,409
41.0,3,12,14,411
41.0,3,12,15,413
41.0,3,13,0,388
41.0,3,13,1,389
41.0,3,13,2,391
41.0,3,13,3,393
41.0,3,13,4,395
41.0,3,13,5,397
41.0,3,13,6,399
41.0,3,13,7,401
41.0,3,13,8,402
41.0,3,13,9,404
41.0,3,13,10,406
41.0,3,13,11,408
41.0,3,13,12,410
41.0,3,13,13,412
41.0,3,13,14,413
41.0,3,13,15,415
41.0,3,14,0,390
41.0,3,14,1,391
41.0,3,14,2,393
41.0,3,14,3,395
41.0,3,14,4,397
41.0,3,14,5,399
41.0,3,14,6,401
41.0,3,14,7,403
41.0,3,14,8,405
41.0,3,14,9,406
41.0,3,14,10,408
41.0,3,14,11,410
41.0,3,14,12,412
41.0,3,14,13,414
41.0,3,14,14,415
41.0,3,14,15,417
41.0,3,15,0,392
41.0,3,15,1,393
41.0,3,15,2,395
41.0,3,15,3,397
41.0,3,15,4,399
41.0,3,15,5,401
41.0,3,15,6,403
41.0,3,15,7,405
41.0,3,15,8,407
41.0,3,15,9,409
41.0,3,15,10,410
41.0,3,15,11,412
41.0,3,15,12,414
41.0,3,15,13,416
41.0,3,15,14,418
41.0,3,15,15,419
41.0,4,0,0,366
41.0,4,0,1,368
41.0,4,0,2,370
41.0,4,0,3,371
41.0,4,0,4,373
41.0,4,0,5,375
41.0,4,0,6,377
41.0,4,0,7,379
41.0,4,0,8,380
41.0,4,0,9,382
41.0,4,0,10,384
41.0,4,0,11,385
41.0,4,0,12,387
41.0,4,0,13,389
41.0,4,0,14,390
41.0,4,0,15,392
41.0,4,1,0,368
41.0,4,1,1,370
41.0,4,1,2,372
41.0,4,1,3,374
41.0,4,1,4,376
41.0,4,1,5,377
41.0,4,1,6,379
41.0,4,1,7,381
41.0,4,1,8,383
41.0,4,1,9,384
41.0,4,1,10,386
41.0,4,1,11,388
41.0,4,1,12,389
41.0,4,1,13,391
41.0,4,1,14,393
41.0,4,1,15,395
41.0,4,2,0,371
41.0,4,2,1,372
41.0,4,2,2,374
41.0,4,2,3,376
41.0,4,2,4,378
41.0,4,2,5,380
41.0,4,2,6,381
41.0,4,2,7,383
41.0,4,2,8,385
41.0,4,2,9,387
41.0,4,2,10,388
41.0,4,2,11,390
41.0,4,2,12,392
41.0,4,2,13,393
41.0,4,2,14,395
41.0,4,2,15,397
41.0,4,3,0,373
41.0,4,3,1,375
41.0,4,3,2,376
41.0,4,3,3,378
41.0,4,3,4,380
41.0,4,3,5,382
41.0,4,3,6,384
41.0,4,3,7,385
41.0,4,3,8,387
41.0,4,3,9,389
41.0,4,3,10,391
41.0,4,3,11,392
41.0,4,3,12,394
41.0,4,3,13,396
41.0,4,3,14,397
41.0,4,3,15,399
41.0,4,4,0,375
41.0,4,4,1,377
41.0,4,4,2,379
41.0,4,4,3,380
41.0,4,4,4,382
41.0,4,4,5,384
41.0,4,4,6,386
41.0,4,4,7,388
41.0,4,4,8,389
41.0,4,4,9,391
41.0,4,4,10,393
41.0,4,4,11,395
41.0,4,4,12,396
41.0,4,4,13,398
41.0,4,4,14,400
41.0,4,4,15,402
41.0,4,5,0,377
41.0,4,5,1,379
41.0,4,5,2,381
41.0,4,5,3,383
41.0,4,5,4,384
41.0,4,5,5,386
41.0,4,5,6,388
41.0,4,5,7,390
41.0,4,5,8,392
41.0,4,5,9,393
41.0,4,5,10,395
41.0,4,5,11,397
41.0,4,5,12,399
41.0,4,5,13,400
41.0,4,5,14,402
41.0,4,5,15,404
41.0,4,6,0,379
41.0,4,6,1,381
41.0,4,6,2,383
41.0,4,6,3,385
41.0,4,6,4,387
41.0,4,6,5,388
41.0,4,6,6,390
41.0,4,6,7,392
41.0,4,6,8,394
41.0,4,6,9,396
41.0,4,6,10,397
41.0,4,6,11,399
41.0,4,6,12,401
41.0,4,6,13,403
41.0,4,6,14,404
41.0,4,6,15,406
41.0,4,7,0,381
41.0,4,7,1,383
41.0,4,7,2,385
41.0,4,7,3,387
41.0,4,7,4,389
41.0,4,7,5,391
41.0,4,7,6,392
41.0,4,7,7,394
41.0,4,7,8,396
41.0,4,7,9,398
41.0,4,7,10,400
41.0,4,7,11,401
41.0,4,7,12,403
41.0,4,7,13,405
41.0,4,7,14,407
41.0,4,7,15,408
41.0,4,8,0,383
41.0,4,8,1,385
41.0,4,8,2,387
41.0,4,8,3,389
41.0,4,8,4,391
41.0,4,8,5,393
41.0,4,8,6,395
41.0,4,8,7,396
41.0,4,8,8,398
41.0,4,8,9,400
41.0,4,8,10,402
41.0,4,8,11,404
41.0,4,8,12,405
41.0,4,8,13,407
41.0,4,8,14,409
41.0,4,8,15,411
41.0,4,9,0,386
41.0,4,9,1,387
41.0,4,9,2,389
41.0,4,9,3,391
41.0,4,9,4,393
41.0,4,9,5,395
41.0,4,9,6,397
41.0,4,9,7,399
41.0,4,9,8,400
41.0,4,9,9,402
41.0,4,9,10,404
41.0,4,9,11,406
41.0,4,9,12,408
41.0,4,9,13,409
41.0,4,9,14,411
41.0,4,9,15,413
41.0,4,10,0,388
41.0,4,10,1,389
41.0,4,10,2,391
41.0,4,10,3,393
41.0,4,10,4,395
41.0,4,10,5,397
41.0,4,10,6,399
41.0,4,10,7,401
41.0,4,10,8,403
41.0,4,10,9,404
41.0,4,10,10,406
41.0,4,10,11,408
41.0,4,10,12,410
41.0,4,10,13,412
41.0,4,10,14,413
41.0,4,10,15,415
41.0,4,11,0,390
41.0,4,11,1,392
41.0,4,11,2,393
41.0,4,11,3,395
41.0,4,11,4,397
41.0,4,11,5,399
41.0,4,11,6,401
41.0,4,11,7,403
41.0,4,11,8,405
41.0,4,11,9,407
41.0,4,11,10,408
41.0,4,11,11,410
41.0,4,11,12,412
41.0,4,11,13,414
41.0,4,11,14,416
41.0,4,11,15,417
41.0,4,12,0,392
41.0,4,12,1,394
41.0,4,12,2,396
41.0,4,12,3,397
41.0,4,12,4,399
41.0,4,12,5,401
41.0,4,12,6,403
41.0,4,12,7,405
41.0,4,12,8,407
41.0,4,12,9,409
41.0,4,12,10,411
41.0,4,12,11,412
41.0,4,12,12,414
41.0,4,12,13,416
41.0,4,12,14,418
41.0,4,12,15,420
41.0,4,13,0,394
41.0,4,13,1,396
41.0,4,13,2,398
41.0,4,13,3,400
41.0,4,13,4,401
41.0,4,13,5,403
41.0,4,13,6,405
41.0,4,13,7,407
41.0,4,13,8,409
41.0,4,13,9,411
41.0,4,13,10,413
41.0,4,13,11,415
41.0,4,13,12,416
41.0,4,13,13,418
41.0,4,13,14,420
41.0,4,13,15,422
41.0,4,14,0,396
41.0,4,14,1,398
41.0,4,14,2,400
41.0,4,14,3,402
41.0,4,14,4,404
41.0,4,14,5,405
41.0,4,14,6,407
41.0,4,14,7,409
41.0,4,14,8,411
41.0,4,14,9,413
41.0,4,14,10,415
41.0,4,14,11,417
41.0,4,14,12,419
41.0,4,14,13,420
41.0,4,14,14,422
41.0,4,14,15,424
41.0,4,15,0,398
41.0,4,15,1,400
41.0,4,15,2,402
41.0,4,15,3,404
41.0,4,15,4,406
41.0,4,15,5,408
41.0,4,15,6,409
41.0,4,15,7,411
41.0,4,15,8,413
41.0,4,15,9,415
41.0,4,15,10,417
41.0,4,15,11,419
41.0,4,15,12,421
41.0,4,15,13,423
41.0,4,15,14,424
41.0,4,15,15,426
41.0,5,0,0,372
41.0,5,0,1,374
41.0,5,0,2,376
41.0,5,0,3,377
41.0,5,0,4,379
41.0,5,0,5,381
41.0,5,0,6,383
41.0,5,0,7,385
41.0,5,0,8,386
41.0,5,0,9,388
41.0,5,0,10,390
41.0,5,0,11,392
41.0,5,0,12,393
41.0,5,0,13,395
41.0,5,0,14,397
41.0,5,0,15,398
41.0,5,1,0,374
41.0,5,1,1,376
41.0,5,1,2,378
41.0,5,1,3,380
41.0,5,1,4,381
41.0,5,1,5,383
41.0,5,1,6,385
41.0,5,1,7,387
41.0,5,1,8,389
41.0,5,1,9,390
41.0,5,1,10,392
41.0,5,1,11,394
41.0,5,1,12,396
41.0,5,1,13,397
41.0,5,1,14,399
41.0,5,1,15,401
41.0,5,2,0,376
41.0,5,2,1,378
41.0,5,2,2,380
41.0,5,2,3,382
41.0,5,2,4,384
41.0,5,2,5,386
41.0,5,2,6,387
41.0,5,2,7,389
41.0,5,2,8,391
41.0,5,2,9,393
41.0,5,2,10,394
41.0,5,2,11,396
41.0,5,2,12,398
41.0,5,2,13,400
41.0,5,2,14,401
41.0,5,2,15,403
41.0,5,3,0,379
41.0,5,3,1,380
41.0,5,3,2,382
41.0,5,3,3,384
41.0,5,3,4,386
41.0,5,3,5,388
41.0,5,3,6,390
41.0,5,3,7,391
41.0,5,3,8,393
41.0,5,3,9,395
41.0,5,3,10,397
41.0,5,3,11,399
41.0,5,3,12,400
41.0,5,3,13,402
41.0,5,3,14,404
41.0,5,3,15,406
41.0,5,4,0,381
41.0,5,4,1,383
41.0,5,4,2,385
41.0,5,4,3,386
41.0,5,4,4,388
41.0,5,4,5,390
41.0,5,4,6,392
41.0,5,4,7,394
41.0,5,4,8,396
41.0,5,4,9,397
41.0,5,4,10,399
41.0,5,4,11,401
41.0,5,4,12,403
41.0,5,4,13,404
41.0,5,4,14,406
41.0,5,4,15,408
41.0,5,5,0,383
41.0,5,5,1,385
41.0,5,5,2,387
41.0,5,5,3,389
41.0,5,5,4,390
41.0,5,5,5,392
41.0,5,5,6,394
41.0,5,5,7,396
41.0,5,5,8,398
41.0,5,5,9,400
41.0,5,5,10,401
41.0,5,5,11,403
41.0,5,5,12,405
41.0,5,5,13,407
41.0,5,5,14,408
41.0,5,5,15,410
41.0,5,6,0,385
41.0,5,6,1,387
41.0,5,6,2,389
41.0,5,6,3,391
41.0,5,6,4,393
41.0,5,6,5,395
41.0,5,6,6,396
41.0,5,6,7,398
41.0,5,6,8,400
41.0,5,6,9,402
41.0,5,6,10,404
41.0,5,6,11,405
41.0,5,6,12,407
41.0,5,6,13,409
41.0,5,6,14,411
41.0,5,6,15,413
41.0,5,7,0,387
41.0,5,7,1,389
41.0,5,7,2,391
41.0,5,7,3,393
41.0,5,7,4,395
41.0,5,7,5,397
41.0,5,7,6,399
41.0,5,7,7,400
41.0,5,7,8,402
41.0,5,7,9,404
41.0,5,7,10,406
41.0,5,7,11,408
41.0,5,7,12,410
41.0,5,7,13,411
41.0,5,7,14,413
41.0,5,7,15,415
41.0,5,8,0,389
41.0,5,8,1,391
41.0,5,8,2,393
41.0,5,8,3,395
41.0,5,8,4,397
41.0,5,8,5,399
41.0,5,8,6,401
41.0,5,8,7,403
41.0,5,8,8,405
41.0,5,8,9,406
41.0,5,8,10,408
41.0,5,8,11,410
41.0,5,8,12,412
41.0,5,8,13,414
41.0,5,8,14,415
41.0,5,8,15,417
41.0,5,9,0,392
41.0,5,9,1,394
41.0,5,9,2,395
41.0,5,9,3,397
41.0,5,9,4,399
41.0,5,9,5,401
41.0,5,9,6,403
41.0,5,9,7,405
41.0,5,9,8,407
41.0,5,9,9,409
41.0,5,9,10,410
41.0,5,9,11,412
41.0,5,9,12,414
41.0,5,9,13,416
41.0,5,9,14,418
41.0,5,9,15,419
41.0,5,10,0,394
41.0,5,10,1,396
41.0,5,10,2,398
41.0,5,10,3,400
41.0,5,10,4,401
41.0,5,10,5,403
41.0,5,10,6,405
41.0,5,10,7,407
41.0,5,10,8,409
41.0,5,10,9,411
41.0,5,10,10,413
41.0,5,10,11,414
41.0,5,10,12,416
41.0,5,10,13,418
41.0,5,10,14,420
41.0,5,10,15,422
41.0,5,11,0,396
41.0,5,11,1,398
41.0,5,11,2,400
41.0,5,11,3,402
41.0,5,11,4,404
41.0,5,11,5,405
41.0,5,11,6,407
41.0,5,11,7,409
41.0,5,11,8,411
41.0,5,11,9,413
41.0,5,11,10,415
41.0,5,11,11,417
41.0,5,11,12,419
41.0,5,11,13,420
41.0,5,11,14,422
41.0,5,11,15,424
41.0,5,12,0,398
41.0,5,12,1,400
41.0,5,12,2,402
41.0,5,12,3,404
41.0,5,12,4,406
41.0,5,12,5,408
41.0,5,12,6,410
41.0,5,12,7,411
41.0,5,12,8,413
41.0,5,12,9,415
41.0,5,12,10,417
41.0,5,12,11,419
41.0,5,12,12,421
41.0,5,12,13,423
41.0,5,12,14,424
41.0,5,12,15,426
41.0,5,13,0,400
41.0,5,13,1,402
41.0,5,13,2,404
41.0,5,13,3,406
41.0,5,13,4,408
41.0,5,13,5,410
41.0,5,13,6,412
41.0,5,13,7,414
41.0,5,13,8,415
41.0,5,13,9,417
41.0,5,13,10,419
41.0,5,13,11,421
41.0,5,13,12,423
41.0,5,13,13,425
41.0,5,13,14,427
41.0,5,13,15,429
41.0,5,14,0,402
41.0,5,14,1,404
41.0,5,14,2,406
41.0,5,14,3,408
41.0,5,14,4,410
41.0,5,14,5,412
41.0,5,14,6,414
41.0,5,14,7,416
41.0,5,14,8,418
41.0,5,14,9,420
41.0,5,14,10,421
41.0,5,14,11,423
41.0,5,14,12,425
41.0,5,14,13,427
41.0,5,14,14,429
41.0,5,14,15,431
41.0,5,15,0,404
41.0,5,15,1,406
41.0,5,15,2,408
41.0,5,15,3,410
41.0,5,15,4,412
41.0,5,15,5,414
41.0,5,15,6,416
41.0,5,15,7,418
41.0,5,15,8,420
41.0,5,15,9,422
41.0,5,15,10,424
41.0,5,15,11,425
41.0,5,15,12,427
41.0,5,15,13,429
41.0,5,15,14,431
41.0,5,15,15,433
41.0,6,0,0,378
41.0,6,0,1,380
41.0,6,0,2,381
41.0,6,0,3,383
41.0,6,0,4,385
41.0,6,0,5,387
41.0,6,0,6,389
41.0,6,0,7,391
41.0,6,0,8,392
41.0,6,0,9,394
41.0,6,0,10,396
41.0,6,0,11,398
41.0,6,0,12,399
41.0,6,0,13,401
41.0,6,0,14,403
41.0,6,0,15,405
41.0,6,1,0,380
41.0,6,1,1,382
41.0,6,1,2,384
41.0,6,1,3,386
41.0,6,1,4,387
41.0,6,1,5,389
41.0,6,1,6,391
41.0,6,1,7,393
41.0,6,1,8,395
41.0,6,1,9,396
41.0,6,1,10,398
41.0,6,1,11,400
41.0,6,1,12,402
41.0,6,1,13,404
41.0,6,1,14,405
41.0,6,1,15,407
41.0,6,2,0,382
41.0,6,2,1,384
41.0,6,2,2,386
41.0,6,2,3,388
41.0,6,2,4,390
41.0,6,2,5,392
41.0,6,2,6,393
41.0,6,2,7,395
41.0,6,2,8,397
41.0,6,2,9,399
41.0,6,2,10,401
41.0,6,2,11,402
41.0,6,2,12,404
41.0,6,2,13,406
41.0,6,2,14,408
41.0,6,2,15,409
41.0,6,3,0,385
41.0,6,3,1,386
41.0,6,3,2,388
41.0,6,3,3,390
41.0,6,3,4,392
41.0,6,3,5,394
41.0,6,3,6,396
41.0,6,3,7,398
41.0,6,3,8,399
41.0,6,3,9,401
41.0,6,3,10,403
41.0,6,3,11,405
41.0,6,3,12,407
41.0,6,3,13,408
41.0,6,3,14,410
41.0,6,3,15,412
41.0,6,4,0,387
41.0,6,4,1,389
41.0,6,4,2,391
41.0,6,4,3,392
41.0,6,4,4,394
41.0,6,4,5,396
41.0,6,4,6,398
41.0,6,4,7,400
41.0,6,4,8,402
41.0,6,4,9,404
41.0,6,4,10,405
41.0,6,4,11,407
41.0,6,4,12,409
41.0,6,4,13,411
41.0,6,4,14,413
41.0,6,4,15,414
41.0,6,5,0,389
41.0,6,5,1,391
41.0,6,5,2,393
41.0,6,5,3,395
41.0,6,5,4,397
41.0,6,5,5,398
41.0,6,5,6,400
41.0,6,5,7,402
41.0,6,5,8,404
41.0,6,5,9,406
41.0,6,5,10,408
41.0,6,5,11,409
41.0,6,5,12,411
41.0,6,5,13,413
41.0,6,5,14,415
41.0,6,5,15,417
41.0,6,6,0,391
41.0,6,6,1,393
41.0,6,6,2,395
41.0,6,6,3,397
41.0,6,6,4,399
41.0,6,6,5,401
41.0,6,6,6,403
41.0,6,6,7,404
41.0,6,6,8,406
41.0,6,6,9,408
41.0,6,6,10,410
41.0,6,6,11,412
41.0,6,6,12,414
41.0,6,6,13,415
41.0,6,6,14,417
41.0,6,6,15,419
41.0,6,7,0,393
41.0,6,7,1,395
41.0,6,7,2,397
41.0,6,7,3,399
41.0,6,7,4,401
41.0,6,7,5,403
41.0,6,7,6,405
41.0,6,7,7,407
41.0,6,7,8,409
41.0,6,7,9,410
41.0,6,7,10,412
41.0,6,7,11,414
41.0,6,7,12,416
41.0,6,7,13,418
41.0,6,7,14,420
41.0,6,7,15,421
41.0,6,8,0,396
41.0,6,8,1,398
41.0,6,8,2,399
41.0,6,8,3,401
41.0,6,8,4,403
41.0,6,8,5,405
41.0,6,8,6,407
41.0,6,8,7,409
41.0,6,8,8,411
41.0,6,8,9,413
41.0,6,8,10,415
41.0,6,8,11,416
41.0,6,8,12,418
41.0,6,8,13,420
41.0,6,8,14,422
41.0,6,8,15,424
41.0,6,9,0,398
41.0,6,9,1,400
41.0,6,9,2,402
41.0,6,9,3,404
41.0,6,9,4,405
41.0,6,9,5,407
41.0,6,9,6,409
41.0,6,9,7,411
41.0,6,9,8,413
41.0,6,9,9,415
41.0,6,9,10,417
41.0,6,9,11,419
41.0,6,9,12,421
41.0,6,9,13,422
41.0,6,9,14,424
41.0,6,9,15,426
41.0,6,10,0,400
41.0,6,10,1,402
41.0,6,10,2,404
41.0,6,10,3,406
41.0,6,10,4,408
41.0,6,10,5,410
41.0,6,10,6,412
41.0,6,10,7,413
41.0,6,10,8,415
41.0,6,10,9,417
41.0,6,10,10,419
41.0,6,10,11,421
41.0,6,10,12,423
41.0,6,10,13,425
41.0,6,10,14,427
41.0,6,10,15,428
41.0,6,11,0,402
41.0,6,11,1,404
41.0,6,11,2,406
41.0,6,11,3,408
41.0,6,11,4,410
41.0,6,11,5,412
41.0,6,11,6,414
41.0,6,11,7,416
41.0,6,11,8,418
41.0,6,11,9,419
41.0,6,11,10,421
41.0,6,11,11,423
41.0,6,11,12,425
41.0,6,11,13,427
41.0,6,11,14,429
41.0,6,11,15,431
41.0,6,12,0,404
41.0,6,12,1,406
41.0,6,12,2,408
41.0,6,12,3,410
41.0,6,12,4,412
41.0,6,12,5,414
41.0,6,12,6,416
41.0,6,12,7,418
41.0,6,12,8,420
41.0,6,12,9,422
41.0,6,12,10,424
41.0,6,12,11,425
41.0,6,12,12,427
41.0,6,12,13,429
41.0,6,12,14,431
41.0,6,12,15,433
41.0,6,13,0,406
41.0,6,13,1,408
41.0,6,13,2,410
41.0,6,13,3,412
41.0,6,13,4,414
41.0,6,13,5,416
41.0,6,13,6,418
41.0,6,13,7,420
41.0,6,13,8,422
41.0,6,13,9,424
41.0,6,13,10,426
41.0,6,13,11,428
41.0,6,13,12,430
41.0,6,13,13,431
41.0,6,13,14,433
41.0,6,13,15,435
41.0,6,14,0,408
41.0,6,14,1,410
41.0,6,14,2,412
41.0,6,14,3,414
41.0,6,14,4,416
41.0,6,14,5,418
41.0,6,14,6,420
41.0,6,14,7,422
41.0,6,14,8,424
41.0,6,14,9,426
41.0,6,14,10,428
41.0,6,14,11,430
41.0,6,14,12,432
41.0,6,14,13,434
41.0,6,14,14,436
41.0,6,14,15,437
41.0,6,15,0,411
41.0,6,15,1,413
41.0,6,15,2,415
41.0,6,15,3,417
41.0,6,15,4,419
41.0,6,15,5,420
41.0,6,15,6,422
41.0,6,15,7,424
41.0,6,15,8,426
41.0,6,15,9,428
41.0,6,15,10,430
41.0,6,15,11,432
41.0,6,15,12,434
41.0,6,15,13,436
41.0,6,15,14,438
41.0,6,15,15,440
41.0,7,0,0,384
41.0,7,0,1,385
41.0,7,0,2,387
41.0,7,0,3,389
41.0,7,0,4,391
41.0,7,0,5,393
41.0,7,0,6,395
41.0,7,0,7,397
41.0,7,0,8,398
41.0,7,0,9,400
41.0,7,0,10,402
41.0,7,0,11,404
41.0,7,0,12,406
41.0,7,0,13,407
41.0,7,0,14,409
41.0,7,0,15,411
41.0,7,1,0,386
41.0,7,1,1,388
41.0,7,1,2,390
41.0,7,1,3,392
41.0,7,1,4,393
41.0,7,1,5,395
41.0,7,1,6,397
41.0,7,1,7,399
41.0,7,1,8,401
41.0,7,1,9,403
41.0,7,1,10,404
41.0,7,1,11,406
41.0,7,1,12,408
41.0,7,1,13,410
41.0,7,1,14,412
41.0,7,1,15,413
41.0,7,2,0,388
41.0,7,2,1,390
41.0,7,2,2,392
41.0,7,2,3,394
41.0,7,2,4,396
41.0,7,2,5,398
41.0,7,2,6,399
41.0,7,2,7,401
41.0,7,2,8,403
41.0,7,2,9,405
41.0,7,2,10,407
41.0,7,2,11,409
41.0,7,2,12,410
41.0,7,2,13,412
41.0,7,2,14,414
41.0,7,2,15,416
41.0,7,3,0,390
41.0,7,3,1,392
41.0,7,3,2,394
41.0,7,3,3,396
41.0,7,3,4,398
41.0,7,3,5,400
41.0,7,3,6,402
41.0,7,3,7,404
41.0,7,3,8,406
41.0,7,3,9,407
41.0,7,3,10,409
41.0,7,3,11,411
41.0,7,3,12,413
41.0,7,3,13,415
41.0,7,3,14,416
41.0,7,3,15,418
41.0,7,4,0,393
41.0,7,4,1,395
41.0,7,4,2,397
41.0,7,4,3,398
41.0,7,4,4,400
41.0,7,4,5,402
41.0,7,4,6,404
41.0,7,4,7,406
41.0,7,4,8,408
41.0,7,4,9,410
41.0,7,4,10,412
41.0,7,4,11,413
41.0,7,4,12,415
41.0,7,4,13,417
41.0,7,4,14,419
41.0,7,4,15,421
41.0,7,5,0,395
41.0,7,5,1,397
41.0,7,5,2,399
41.0,7,5,3,401
41.0,7,5,4,403
41.0,7,5,5,405
41.0,7,5,6,406
41.0,7,5,7,408
41.0,7,5,8,410
41.0,7,5,9,412
41.0,7,5,10,414
41.0,7,5,11,416
41.0,7,5,12,418
41.0,7,5,13,419
41.0,7,5,14,421
41.0,7,5,15,423
41.0,7,6,0,397
41.0,7,6,1,399
41.0,7,6,2,401
41.0,7,6,3,403
41.0,7,6,4,405
41.0,7,6,5,407
41.0,7,6,6,409
41.0,7,6,7,411
41.0,7,6,8,413
41.0,7,6,9,414
41.0,7,6,10,416
41.0,7,6,11,418
41.0,7,6,12,420
41.0,7,6,13,422
41.0,7,6,14,424
41.0,7,6,15,425
41.0,7,7,0,399
41.0,7,7,1,401
41.0,7,7,2,403
41.0,7,7,3,405
41.0,7,7,4,407
41.0,7,7,5,409
41.0,7,7,6,411
41.0,7,7,7,413
41.0,7,7,8,415
41.0,7,7,9,417
41.0,7,7,10,419
41.0,7,7,11,420
41.0,7,7,12,422
41.0,7,7,13,424
41.0,7,7,14,426
41.0,7,7,15,428
41.0,7,8,0,402
41.0,7,8,1,404
41.0,7,8,2,406
41.0,7,8,3,408
41.0,7,8,4,409
41.0,7,8,5,411
41.0,7,8,6,413
41.0,7,8,7,415
41.0,7,8,8,417
41.0,7,8,9,419
41.0,7,8,10,421
41.0,7,8,11,423
41.0,7,8,12,425
41.0,7,8,13,427
41.0,7,8,14,428
41.0,7,8,15,430
41.0,7,9,0,404
41.0,7,9,1,406
41.0,7,9,2,408
41.0,7,9,3,410
41.0,7,9,4,412
41.0,7,9,5,414
41.0,7,9,6,416
41.0,7,9,7,418
41.0,7,9,8,419
41.0,7,9,9,421
41.0,7,9,10,423
41.0,7,9,11,425
41.0,7,9,12,427
41.0,7,9,13,429
41.0,7,9,14,431
41.0,7,9,15,433
41.0,7,10,0,406
41.0,7,10,1,408
41.0,7,10,2,410
41.0,7,10,3,412
41.0,7,10,4,414
41.0,7,10,5,416
41.0,7,10,6,418
41.0,7,10,7,420
41.0,7,10,8,422
41.0,7,10,9,424
41.0,7,10,10,426
41.0,7,10,11,427
41.0,7,10,12,429
41.0,7,10,13,431
41.0,7,10,14,433
41.0,7,10,15,435
41.0,7,11,0,408
41.0,7,11,1,410
41.0,7,11,2,412
41.0,7,11,3,414
41.0,7,11,4,416
41.0,7,11,5,418
41.0,7,11,6,420
41.0,7,11,7,422
41.0,7,11,8,424
41.0,7,11,9,426
41.0,7,11,10,428
41.0,7,11,11,430
41.0,7,11,12,432
41.0,7,11,13,434
41.0,7,11,14,435
41.0,7,11,15,437
41.0,7,12,0,410
41.0,7,12,1,412
41.0,7,12,2,414
41.0,7,12,3,416
41.0,7,12,4,418
41.0,7,12,5,420
41.0,7,12,6,422
41.0,7,12,7,424
41.0,7,12,8,426
41.0,7,12,9,428
41.0,7,12,10,430
41.0,7,12,11,432
41.0,7,12,12,434
41.0,7,12,13,436
41.0,7,12,14,438
41.0,7,12,15,440
41.0,7,13,0,413
41.0,7,13,1,415
41.0,7,13,2,417
41.0,7,13,3,419
41.0,7,13,4,421
41.0,7,13,5,423
41.0,7,13,6,425
41.0,7,13,7,427
41.0,7,13,8,428
41.0,7,13,9,430
41.0,7,13,10,432
41.0,7,13,11,434
41.0,7,13,12,436
41.0,7,13,13,438
41.0,7,13,14,440
41.0,7,13,15,442
41.0,7,14,0,415
41.0,7,14,1,417
41.0,7,14,2,419
41.0,7,14,3,421
41.0,7,14,4,423
41.0,7,14,5,425
41.0,7,14,6,427
41.0,7,14,7,429
41.0,7,14,8,431
41.0,7,14,9,433
41.0,7,14,10,435
41.0,7,14,11,437
41.0,7,14,12,438
41.0,7,14,13,440
41.0,7,14,14,442
41.0,7,14,15,444
41.0,7,15,0,417
41.0,7,15,1,419
41.0,7,15,2,421
41.0,7,15,3,423
41.0,7,15,4,425
41.0,7,15,5,427
41.0,7,15,6,429
41.0,7,15,7,431
41.0,7,15,8,433
41.0,7,15,9,435
41.0,7,15,10,437
41.0,7,15,11,439
41.0,7,15,12,441
41.0,7,15,13,443
41.0,7,15,14,445
41.0,7,15,15,447
41.0,8,0,0,389
41.0,8,0,1,391
41.0,8,0,2,393
41.0,8,0,3,395
41.0,8,0,4,397
41.0,8,0,5,399
41.0,8,0,6,401
41.0,8,0,7,403
41.0,8,0,8,404
41.0,8,0,9,406
41.0,8,0,10,408
41.0,8,0,11,410
41.0,8,0,12,412
41.0,8,0,13,414
41.0,8,0,14,415
41.0,8,0,15,417
41.0,8,1,0,392
41.0,8,1,1,394
41.0,8,1,2,396
41.0,8,1,3,397
41.0,8,1,4,399
41.0,8,1,5,401
41.0,8,1,6,403
41.0,8,1,7,405
41.0,8,1,8,407
41.0,8,1,9,409
41.0,8,1,10,411
41.0,8,1,11,412
41.0,8,1,12,414
41.0,8,1,13,416
41.0,8,1,14,418
41.0,8,1,15,420
41.0,8,2,0,394
41.0,8,2,1,396
41.0,8,2,2,398
41.0,8,2,3,400
41.0,8,2,4,402
41.0,8,2,5,404
41.0,8,2,6,406
41.0,8,2,7,407
41.0,8,2,8,409
41.0,8,2,9,411
41.0,8,2,10,413
41.0,8,2,11,415
41.0,8,2,12,417
41.0,8,2,13,418
41.0,8,2,14,420
41.0,8,2,15,422
41.0,8,3,0,396
41.0,8,3,1,398
41.0,8,3,2,400
41.0,8,3,3,402
41.0,8,3,4,404
41.0,8,3,5,406
41.0,8,3,6,408
41.0,8,3,7,410
41.0,8,3,8,412
41.0,8,3,9,414
41.0,8,3,10,415
41.0,8,3,11,417
41.0,8,3,12,419
41.0,8,3,13,421
41.0,8,3,14,423
41.0,8,3,15,425
41.0,8,4,0,399
41.0,8,4,1,401
41.0,8,4,2,403
41.0,8,4,3,405
41.0,8,4,4,406
41.0,8,4,5,408
41.0,8,4,6,410
41.0,8,4,7,412
41.0,8,4,8,414
41.0,8,4,9,416
41.0,8,4,10,418
41.0,8,4,11,420
41.0,8,4,12,422
41.0,8,4,13,423
41.0,8,4,14,425
41.0,8,4,15,427
41.0,8,5,0,401
41.0,8,5,1,403
41.0,8,5,2,405
41.0,8,5,3,407
41.0,8,5,4,409
41.0,8,5,5,411
41.0,8,5,6,413
41.0,8,5,7,415
41.0,8,5,8,416
41.0,8,5,9,418
41.0,8,5,10,420
41.0,8,5,11,422
41.0,8,5,12,424
41.0,8,5,13,426
41.0,8,5,14,428
41.0,8,5,15,430
41.0,8,6,0,403
41.0,8,6,1,405
41.0,8,6,2,407
41.0,8,6,3,409
41.0,8,6,4,411
41.0,8,6,5,413
41.0,8,6,6,415
41.0,8,6,7,417
41.0,8,6,8,419
41.0,8,6,9,421
41.0,8,6,10,423
41.0,8,6,11,424
41.0,8,6,12,426
41.0,8,6,13,428
41.0,8,6,14,430
41.0,8,6,15,432
41.0,8,7,0,406
41.0,8,7,1,408
41.0,8,7,2,409
41.0,8,7,3,411
41.0,8,7,4,413
41.0,8,7,5,415
41.0,8,7,6,417
41.0,8,7,7,419
41.0,8,7,8,421
41.0,8,7,9,423
41.0,8,7,10,425
41.0,8,7,11,427
41.0,8,7,12,429
41.0,8,7,13,431
41.0,8,7,14,432
41.0,8,7,15,434
41.0,8,8,0,408
41.0,8,8,1,410
41.0,8,8,2,412
41.0,8,8,3,414
41.0,8,8,4,416
41.0,8,8,5,418
41.0,8,8,6,420
41.0,8,8,7,422
41.0,8,8,8,423
41.0,8,8,9,425
41.0,8,8,10,427
41.0,8,8,11,429
41.0,8,8,12,431
41.0,8,8,13,433
41.0,8,8,14,435
41.0,8,8,15,437
41.0,8,9,0,410
41.0,8,9,1,412
41.0,8,9,2,414
41.0,8,9,3,416
41.0,8,9,4,418
41.0,8,9,5,420
41.0,8,9,6,422
41.0,8,9,7,424
41.0,8,9,8,426
41.0,8,9,9,428
41.0,8,9,10,430
41.0,8,9,11,432
41.0,8,9,12,433
41.0,8,9,13,435
41.0,8,9,14,437
41.0,8,9,15,439
41.0,8,10,0,412
41.0,8,10,1,414
41.0,8,10,2,416
41.0,8,10,3,418
41.0,8,10,4,420
41.0,8,10,5,422
41.0,8,10,6,424
41.0,8,10,7,426
41.0,8,10,8,428
41.0,8,10,9,430
41.0,8,10,10,432
41.0,8,10,11,434
41.0,8,10,12,436
41.0,8,10,13,438
41.0,8,10,14,440
41.0,8,10,15,442
41.0,8,11,0,414
41.0,8,11,1,416
41.0,8,11,2,419
41.0,8,11,3,421
41.0,8,11,4,423
41.0,8,11,5,425
41.0,8,11,6,426
41.0,8,11,7,428
41.0,8,11,8,430
41.0,8,11,9,432
41.0,8,11,10,434
41.0,8,11,11,436
41.0,8,11,12,438
41.0,8,11,13,440
41.0,8,11,14,442
41.0,8,11,15,444
41.0,8,12,0,417
41.0,8,12,1,419
41.0,8,12,2,421
41.0,8,12,3,423
41.0,8,12,4,425
41.0,8,12,5,427
41.0,8,12,6,429
41.0,8,12,7,431
41.0,8,12,8,433
41.0,8,12,9,435
41.0,8,12,10,437
41.0,8,12,11,439
41.0,8,12,12,441
41.0,8,12,13,442
41.0,8,12,14,444
41.0,8,12,15,446
41.0,8,13,0,419
41.0,8,13,1,421
41.0,8,13,2,423
41.0,8,13,3,425
41.0,8,13,4,427
41.0,8,13,5,429
41.0,8,13,6,431
41.0,8,13,7,433
41.0,8,13,8,435
41.0,8,13,9,437
41.0,8,13,10,439
41.0,8,13,11,441
41.0,8,13,12,443
41.0,8,13,13,445
41.0,8,13,14,447
41.0,8,13,15,449
41.0,8,14,0,421
41.0,8,14,1,423
41.0,8,14,2,425
41.0,8,14,3,427
41.0,8,14,4,429
41.0,8,14,5,431
41.0,8,14,6,433
41.0,8,14,7,435
41.0,8,14,8,437
41.0,8,14,9,439
41.0,8,14,10,441
41.0,8,14,11,443
41.0,8,14,12,445
41.0,8,14,13,447
41.0,8,14,14,449
41.0,8,14,15,451
41.0,8,15,0,423
41.0,8,15,1,425
41.0,8,15,2,427
41.0,8,15,3,429
41.0,8,15,4,431
41.0,8,15,5,433
41.0,8,15,6,435
41.0,8,15,7,437
41.0,8,15,8,439
41.0,8,15,9,441
41.0,8,15,10,443
41.0,8,15,11,445
41.0,8,15,12,447
41.0,8,15,13,449
41.0,8,15,14,451
41.0,8,15,15,453
41.0,9,0,0,395
41.0,9,0,1,397
41.0,9,0,2,399
41.0,9,0,3,401
41.0,9,0,4,403
41.0,9,0,5,405
41.0,9,0,6,407
41.0,9,0,7,409
41.0,9,0,8,410
41.0,9,0,9,412
41.0,9,0,10,414
41.0,9,0,11,416
41.0,9,0,12,418
41.0,9,0,13,420
41.0,9,0,14,422
41.0,9,0,15,423
41.0,9,1,0,398
41.0,9,1,1,400
41.0,9,1,2,402
41.0,9,1,3,403
41.0,9,1,4,405
41.0,9,1,5,407
41.0,9,1,6,409
41.0,9,1,7,411
41.0,9,1,8,413
41.0,9,1,9,415
41.0,9,1,10,417
41.0,9,1,11,419
41.0,9,1,12,420
41.0,9,1,13,422
41.0,9,1,14,424
41.0,9,1,15,426
41.0,9,2,0,400
41.0,9,2,1,402
41.0,9,2,2,404
41.0,9,2,3,406
41.0,9,2,4,408
41.0,9,2,5,410
41.0,9,2,6,412
41.0,9,2,7,413
41.0,9,2,8,415
41.0,9,2,9,417
41.0,9,2,10,419
41.0,9,2,11,421
41.0,9,2,12,423
41.0,9,2,13,425
41.0,9,2,14,427
41.0,9,2,15,428
41.0,9,3,0,402
41.0,9,3,1,404
41.0,9,3,2,406
41.0,9,3,3,408
41.0,9,3,4,410
41.0,9,3,5,412
41.0,9,3,6,414
41.0,9,3,7,416
41.0,9,3,8,418
41.0,9,3,9,420
41.0,9,3,10,422
41.0,9,3,11,423
41.0,9,3,12,425
41.0,9,3,13,427
41.0,9,3,14,429
41.0,9,3,15,431
41.0,9,4,0,405
41.0,9,4,1,407
41.0,9,4,2,409
41.0,9,4,3,411
41.0,9,4,4,413
41.0,9,4,5,414
41.0,9,4,6,416
41.0,9,4,7,418
41.0,9,4,8,420
41.0,9,4,9,422
41.0,9,4,10,424
41.0,9,4,11,426
41.0,9,4,12,428
41.0,9,4,13,430
41.0,9,4,14,432
41.0,9,4,15,433
41.0,9,5,0,407
41.0,9,5,1,409
41.0,9,5,2,411
41.0,9,5,3,413
41.0,9,5,4,415
41.0,9,5,5,417
41.0,9,5,6,419
41.0,9,5,7,421
41.0,9,5,8,423
41.0,9,5,9,425
41.0,9,5,10,426
41.0,9,5,11,428
41.0,9,5,12,430
41.0,9,5,13,432
41.0,9,5,14,434
41.0,9,5,15,436
41.0,9,6,0,409
41.0,9,6,1,411
41.0,9,6,2,413
41.0,9,6,3,415
41.0,9,6,4,417
41.0,9,6,5,419
41.0,9,6,6,421
41.0,9,6,7,423
41.0,9,6,8,425
41.0,9,6,9,427
41.0,9,6,10,429
41.0,9,6,11,431
41.0,9,6,12,433
41.0,9,6,13,435
41.0,9,6,14,437
41.0,9,6,15,438
41.0,9,7,0,412
41.0,9,7,1,414
41.0,9,7,2,416
41.0,9,7,3,418
41.0,9,7,4,420
41.0,9,7,5,422
41.0,9,7,6,424
41.0,9,7,7,425
41.0,9,7,8,427
41.0,9,7,9,429
41.0,9,7,10,431
41.0,9,7,11,433
41.0,9,7,12,435
41.0,9,7,13,437
41.0,9,7,14,439
41.0,9,7,15,441
41.0,9,8,0,414
41.0,9,8,1,416
41.0,9,8,2,418
41.0,9,8,3,420
41.0,9,8,4,422
41.0,9,8,5,424
41.0,9,8,6,426
41.0,9,8,7,428
41.0,9,8,8,430
41.0,9,8,9,432
41.0,9,8,10,434
41.0,9,8,11,436
41.0,9,8,12,438
41.0,9,8,13,439
41.0,9,8,14,441
41.0,9,8,15,443
41.0,9,9,0,416
41.0,9,9,1,418
41.0,9,9,2,420
41.0,9,9,3,422
41.0,9,9,4,424
41.0,9,9,5,426
41.0,9,9,6,428
41.0,9,9,7,430
41.0,9,9,8,432
41.0,9,9,9,434
41.0,9,9,10,436
41.0,9,9,11,438
41.0,9,9,12,440
41.0,9,9,13,442
41.0,9,9,14,444
41.0,9,9,15,446
41.0,9,10,0,418
41.0,9,10,1,420
41.0,9,10,2,422
41.0,9,10,3,425
41.0,9,10,4,427
41.0,9,10,5,429
41.0,9,10,6,431
41.0,9,10,7,433
41.0,9,10,8,435
41.0,9,10,9,436
41.0,9,10,10,438
41.0,9,10,11,440
41.0,9,10,12,442
41.0,9,10,13,444
41.0,9,10,14,446
41.0,9,10,15,448
41.0,9,11,0,421
41.0,9,11,1,423
41.0,9,11,2,425
41.0,9,11,3,427
41.0,9,11,4,429
41.0,9,11,5,431
41.0,9,11,6,433
41.0,9,11,7,435
41.0,9,11,8,437
41.0,9,11,9,439
41.0,9,11,10,441
41.0,9,11,11,443
41.0,9,11,12,445
41.0,9,11,13,447
41.0,9,11,14,449
41.0,9,11,15,451
41.0,9,12,0,423
41.0,9,12,1,425
41.0,9,12,2,427
41.0,9,12,3,429
41.0,9,12,4,431
41.0,9,12,5,433
41.0,9,12,6,435
41.0,9,12,7,437
41.0,9,12,8,439
41.0,9,12,9,441
41.0,9,12,10,443
41.0,9,12,11,445
41.0,9,12,12,447
41.0,9,12,13,449
41.0,9,12,14,451
41.0,9,12,15,453
41.0,9,13,0,425
41.0,9,13,1,427
41.0,9,13,2,429
41.0,9,13,3,431
41.0,9,13,4,433
41.0,9,13,5,435
41.0,9,13,6,437
41.0,9,13,7,439
41.0,9,13,8,441
41.0,9,13,9,443
41.0,9,13,10,445
41.0,9,13,11,447
41.0,9,13,12,449
41.0,9,13,13,451
41.0,9,13,14,453
41.0,9,13,15,455
41.0,9,14,0,427
41.0,9,14,1,429
41.0,9,14,2,431
41.0,9,14,3,434
41.0,9,14,4,436
41.0,9,14,5,438
41.0,9,14,6,440
41.0,9,14,7,442
41.0,9,14,8,444
41.0,9,14,9,446
41.0,9,14,10,448
41.0,9,14,11,450
41.0,9,14,12,452
41.0,9,14,13,454
41.0,9,14,14,456
41.0,9,14,15,458
41.0,9,15,0,430
41.0,9,15,1,432
41.0,9,15,2,434
41.0,9,15,3,436
41.0,9,15,4,438
41.0,9,15,5,440
41.0,9,15,6,442
41.0,9,15,7,444
41.0,9,15,8,446
41.0,9,15,9,448
41.0,9,15,10,450
41.0,9,15,11,452
41.0,9,15,12,454
41.0,9,15,13,456
41.0,9,15,14,458
41.0,9,15,15,460
41.0,10,0,0,401
41.0,10,0,1,403
41.0,10,0,2,405
41.0,10,0,3,407
41.0,10,0,4,409
41.0,10,0,5,411
41.0,10,0,6,413
41.0,10,0,7,415
41.0,10,0,8,417
41.0,10,0,9,418
41.0,10,0,10,420
41.0,10,0,11,422
41.0,10,0,12,424
41.0,10,0,13,426
41.0,10,0,14,428
41.0,10,0,15,430
41.0,10,1,0,403
41.0,10,1,1,405
41.0,10,1,2,407
41.0,10,1,3,409
41.0,10,1,4,411
41.0,10,1,5,413
41.0,10,1,6,415
41.0,10,1,7,417
41.0,10,1,8,419
41.0,10,1,9,421
41.0,10,1,10,423
41.0,10,1,11,425
41.0,10,1,12,427
41.0,10,1,13,428
41.0,10,1,14,430
41.0,10,1,15,432
41.0,10,2,0,406
41.0,10,2,1,408
41.0,10,2,2,410
41.0,10,2,3,412
41.0,10,2,4,414
41.0,10,2,5,416
41.0,10,2,6,418
41.0,10,2,7,420
41.0,10,2,8,422
41.0,10,2,9,423
41.0,10,2,10,425
41.0,10,2,11,427
41.0,10,2,12,429
41.0,10,2,13,431
41.0,10,2,14,433
41.0,10,2,15,435
41.0,10,3,0,408
41.0,10,3,1,410
41.0,10,3,2,412
41.0,10,3,3,414
41.0,10,3,4,416
41.0,10,3,5,418
41.0,10,3,6,420
41.0,10,3,7,422
41.0,10,3,8,424
41.0,10,3,9,426
41.0,10,3,10,428
41.0,10,3,11,430
41.0,10,3,12,432
41.0,10,3,13,434
41.0,10,3,14,435
41.0,10,3,15,437
41.0,10,4,0,411
41.0,10,4,1,413
41.0,10,4,2,415
41.0,10,4,3,417
41.0,10,4,4,419
41.0,10,4,5,421
41.0,10,4,6,423
41.0,10,4,7,424
41.0,10,4,8,426
41.0,10,4,9,428
41.0,10,4,10,430
41.0,10,4,11,432
41.0,10,4,12,434
41.0,10,4,13,436
41.0,10,4,14,438
41.0,10,4,15,440
41.0,10,5,0,413
41.0,10,5,1,415
41.0,10,5,2,417
41.0,10,5,3,419
41.0,10,5,4,421
41.0,10,5,5,423
41.0,10,5,6,425
41.0,10,5,7,427
41.0,10,5,8,429
41.0,10,5,9,431
41.0,10,5,10,433
41.0,10,5,11,435
41.0,10,5,12,437
41.0,10,5,13,439
41.0,10,5,14,440
41.0,10,5,15,442
41.0,10,6,0,415
41.0,10,6,1,417
41.0,10,6,2,419
41.0,10,6,3,421
41.0,10,6,4,423
41.0,10,6,5,425
41.0,10,6,6,427
41.0,10,6,7,429
41.0,10,6,8,431
41.0,10,6,9,433
41.0,10,6,10,435
41.0,10,6,11,437
41.0,10,6,12,439
41.0,10,6,13,441
41.0,10,6,14,443
41.0,10,6,15,445
41.0,10,7,0,418
41.0,10,7,1,420
41.0,10,7,2,422
41.0,10,7,3,424
41.0,10,7,4,426
41.0,10,7,5,428
41.0,10,7,6,430
41.0,10,7,7,432
41.0,10,7,8,434
41.0,10,7,9,436
41.0,10,7,10,438
41.0,10,7,11,440
41.0,10,7,12,442
41.0,10,7,13,443
41.0,10,7,14,445
41.0,10,7,15,447
41.0,10,8,0,420
41.0,10,8,1,422
41.0,10,8,2,424
41.0,10,8,3,426
41.0,10,8,4,428
41.0,10,8,5,430
41.0,10,8,6,432
41.0,10,8,7,434
41.0,10,8,8,436
41.0,10,8,9,438
41.0,10,8,10,440
41.0,10,8,11,442
41.0,10,8,12,444
41.0,10,8,13,446
41.0,10,8,14,448
41.0,10,8,15,450
41.0,10,9,0,422
41.0,10,9,1,424
41.0,10,9,2,426
41.0,10,9,3,428
41.0,10,9,4,430
41.0,10,9,5,433
41.0,10,9,6,435
41.0,10,9,7,437
41.0,10,9,8,439
41.0,10,9,9,441
41.0,10,9,10,443
41.0,10,9,11,444
41.0,10,9,12,446
41.0,10,9,13,448
41.0,10,9,14,450
41.0,10,9,15,452
41.0,10,10,0,425
41.0,10,10,1,427
41.0,10,10,2,429
41.0,10,10,3,431
41.0,10,10,4,433
41.0,10,10,5,435
41.0,10,10,6,437
41.0,10,10,7,439
41.0,10,10,8,441
41.0,10,10,9,443
41.0,10,10,10,445
41.0,10,10,11,447
41.0,10,10,12,449
41.0,10,10,13,451
41.0,10,10,14,453
41.0,10,10,15,455
41.0,10,11,0,427
41.0,10,11,1,429
41.0,10,11,2,431
41.0,10,11,3,433
41.0,10,11,4,435
41.0,10,11,5,437
41.0,10,11,6,439
41.0,10,11,7,441
41.0,10,11,8,443
41.0,10,11,9,445
41.0,10,11,10,447
41.0,10,11,11,449
41.0,10,11,12,451
41.0,10,11,13,453
41.0,10,11,14,455
41.0,10,11,15,457
41.0,10,12,0,429
41.0,10,12,1,431
41.0,10,12,2,433
41.0,10,12,3,435
41.0,10,12,4,437
41.0,10,12,5,440
41.0,10,12,6,442
41.0,10,12,7,444
41.0,10,12,8,446
41.0,10,12,9,448
41.0,10,12,10,450
41.0,10,12,11,452
41.0,10,12,12,454
41.0,10,12,13,456
41.0,10,12,14,458
41.0,10,12,15,460
41.0,10,13,0,431
41.0,10,13,1,433
41.0,10,13,2,436
41.0,10,13,3,438
41.0,10,13,4,440
41.0,10,13,5,442
41.0,10,13,6,444
41.0,10,13,7,446
41.0,10,13,8,448
41.0,10,13,9,450
41.0,10,13,10,452
41.0,10,13,11,454
41.0,10,13,12,456
41.0,10,13,13,458
41.0,10,13,14,460
41.0,10,13,15,462
41.0,10,14,0,434
41.0,10,14,1,436
41.0,10,14,2,438
41.0,10,14,3,440
41.0,10,14,4,442
41.0,10,14,5,444
41.0,10,14,6,446
41.0,10,14,7,448
41.0,10,14,8,450
41.0,10,14,9,452
41.0,10,14,10,454
41.0,10,14,11,456
41.0,10,14,12,458
41.0,10,14,13,460
41.0,10,14,14,462
41.0,10,14,15,464
41.0,10,15,0,436
41.0,10,15,1,438
41.0,10,15,2,440
41.0,10,15,3,442
41.0,10,15,4,444
41.0,10,15,5,446
41.0,10,15,6,448
41.0,10,15,7,451
41.0,10,15,8,453
41.0,10,15,9,455
41.0,10,15,10,457
41.0,10,15,11,459
41.0,10,15,12,461
41.0,10,15,13,463
41.0,10,15,14,465
41.0,10,15,15,467
41.0,11,0,0,407
41.0,11,0,1,409
41.0,11,0,2,411
41.0,11,0,3,413
41.0,11,0,4,415
41.0,11,0,5,417
41.0,11,0,6,419
41.0,11,0,7,421
41.0,11,0,8,423
41.0,11,0,9,424
41.0,11,0,10,426
41.0,11,0,11,428
41.0,11,0,12,430
41.0,11,0,13,432
41.0,11,0,14,434
41.0,11,0,15,436
41.0,11,1,0,409
41.0,11,1,1,411
41.0,11,1,2,413
41.0,11,1,3,415
41.0,11,1,4,417
41.0,11,1,5,419
41.0,11,1,6,421
41.0,11,1,7,423
41.0,11,1,8,425
41.0,11,1,9,427
41.0,11,1,10,429
41.0,11,1,11,431
41.0,11,1,12,433
41.0,11,1,13,435
41.0,11,1,14,437
41.0,11,1,15,438
41.0,11,2,0,412
41.0,11,2,1,414
41.0,11,2,2,416
41.0,11,2,3,418
41.0,11,2,4,420
41.0,11,2,5,422
41.0,11,2,6,424
41.0,11,2,7,426
41.0,11,2,8,428
41.0,11,2,9,430
41.0,11,2,10,431
41.0,11,2,11,433
41.0,11,2,12,435
41.0,11,2,13,437
41.0,11,2,14,439
41.0,11,2,15,441
41.0,11,3,0,414
41.0,11,3,1,416
41.0,11,3,2,418
41.0,11,3,3,420
41.0,11,3,4,422
41.0,11,3,5,424
41.0,11,3,6,426
41.0,11,3,7,428
41.0,11,3,8,430
41.0,11,3,9,432
41.0,11,3,10,434
41.0,11,3,11,436
41.0,11,3,12,438
41.0,11,3,13,440
41.0,11,3,14,442
41.0,11,3,15,444
41.0,11,4,0,417
41.0,11,4,1,419
41.0,11,4,2,421
41.0,11,4,3,423
41.0,11,4,4,425
41.0,11,4,5,427
41.0,11,4,6,429
41.0,11,4,7,431
41.0,11,4,8,433
41.0,11,4,9,435
41.0,11,4,10,437
41.0,11,4,11,438
41.0,11,4,12,440
41.0,11,4,13,442
41.0,11,4,14,444
41.0,11,4,15,446
41.0,11,5,0,419
41.0,11,5,1,421
41.0,11,5,2,423
41.0,11,5,3,425
41.0,11,5,4,427
41.0,11,5,5,429
41.0,11,5,6,431
41.0,11,5,7,433
41.0,11,5,8,435
41.0,11,5,9,437
41.0,11,5,10,439
41.0,11,5,11,441
41.0,11,5,12,443
41.0,11,5,13,445
41.0,11,5,14,447
41.0,11,5,15,449
41.0,11,6,0,421
41.0,11,6,1,423
41.0,11,6,2,425
41.0,11,6,3,428
41.0,11,6,4,430
41.0,11,6,5,432
41.0,11,6,6,434
41.0,11,6,7,436
41.0,11,6,8,438
41.0,11,6,9,440
41.0,11,6,10,442
41.0,11,6,11,444
41.0,11,6,12,445
41.0,11,6,13,447
41.0,11,6,14,449
41.0,11,6,15,451
41.0,11,7,0,424
41.0,11,7,1,426
41.0,11,7,2,428
41.0,11,7,3,430
41.0,11,7,4,432
41.0,11,7,5,434
41.0,11,7,6,436
41.0,11,7,7,438
41.0,11,7,8,440
41.0,11,7,9,442
41.0,11,7,10,444
41.0,11,7,11,446
41.0,11,7,12,448
41.0,11,7,13,450
41.0,11,7,14,452
41.0,11,7,15,454
41.0,11,8,0,426
41.0,11,8,1,428
41.0,11,8,2,430
41.0,11,8,3,432
41.0,11,8,4,434
41.0,11,8,5,436
41.0,11,8,6,438
41.0,11,8,7,440
41.0,11,8,8,442
41.0,11,8,9,444
41.0,11,8,10,446
41.0,11,8,11,448
41.0,11,8,12,450
41.0,11,8,13,452
41.0,11,8,14,454
41.0,11,8,15,456
41.0,11,9,0,428
41.0,11,9,1,430
41.0,11,9,2,433
41.0,11,9,3,435
41.0,11,9,4,437
41.0,11,9,5,439
41.0,11,9,6,441
41.0,11,9,7,443
41.0,11,9,8,445
41.0,11,9,9,447
41.0,11,9,10,449
41.0,11,9,11,451
41.0,11,9,12,453
41.0,11,9,13,455
41.0,11,9,14,457
41.0,11,9,15,459
41.0,11,10,0,431
41.0,11,10,1,433
41.0,11,10,2,435
41.0,11,10,3,437
41.0,11,10,4,439
41.0,11,10,5,441
41.0,11,10,6,443
41.0,11,10,7,445
41.0,11,10,8,447
41.0,11,10,9,449
41.0,11,10,10,451
41.0,11,10,11,453
41.0,11,10,12,455
41.0,11,10,13,457
41.0,11,10,14,459
41.0,11,10,15,461
41.0,11,11,0,433
41.0,11,11,1,435
41.0,11,11,2,437
41.0,11,11,3,439
41.0,11,11,4,441
41.0,11,11,5,444
41.0,11,11,6,446
41.0,11,11,7,448
41.0,11,11,8,450
41.0,11,11,9,452
41.0,11,11,10,454
41.0,11,11,11,456
41.0,11,11,12,458
41.0,11,11,13,460
41.0,11,11,14,462
41.0,11,11,15,464
41.0,11,12,0,435
41.0,11,12,1,437
41.0,11,12,2,440
41.0,11,12,3,442
41.0,11,12,4,444
41.0,11,12,5,446
41.0,11,12,6,448
41.0,11,12,7,450
41.0,11,12,8,452
41.0,11,12,9,454
41.0,11,12,10,456
41.0,11,12,11,458
41.0,11,12,12,460
41.0,11,12,13,462
41.0,11,12,14,464
41.0,11,12,15,466
41.0,11,13,0,438
41.0,11,13,1,440
41.0,11,13,2,442
41.0,11,13,3,444
41.0,11,13,4,446
41.0,11,13,5,448
41.0,11,13,6,450
41.0,11,13,7,452
41.0,11,13,8,454
41.0,11,13,9,457
41.0,11,13,10,459
41.0,11,13,11,461
41.0,11,13,12,463
41.0,11,13,13,465
41.0,11,13,14,467
41.0,11,13,15,469
41.0,11,14,0,440
41.0,11,14,1,442
41.0,11,14,2,444
41.0,11,14,3,446
41.0,11,14,4,448
41.0,11,14,5,451
41.0,11,14,6,453
41.0,11,14,7,455
41.0,11,14,8,457
41.0,11,14,9,459
41.0,11,14,10,461
41.0,11,14,11,463
41.0,11,14,12,465
41.0,11,14,13,467
41.0,11,14,14,469
41.0,11,14,15,471
41.0,11,15,0,442
41.0,11,15,1,444
41.0,11,15,2,446
41.0,11,15,3,449
41.0,11,15,4,451
41.0,11,15,5,453
41.0,11,15,6,455
41.0,11,15,7,457
41.0,11,15,8,459
41.0,11,15,9,461
41.0,11,15,10,463
41.0,11,15,11,465
41.0,11,15,12,467
41.0,11,15,13,470
41.0,11,15,14,472
41.0,11,15,15,474
41.0,12,0,0,413
41.0,12,0,1,415
41.0,12,0,2,417
41.0,12,0,3,419
41.0,12,0,4,421
41.0,12,0,5,423
41.0,12,0,6,425
41.0,12,0,7,427
41.0,12,0,8,429
41.0,12,0,9,431
41.0,12,0,10,432
41.0,12,0,11,434
41.0,12,0,12,436
41.0,12,0,13,438
41.0,12,0,14,440
41.0,12,0,15,442
41.0,12,1,0,415
41.0,12,1,1,417
41.0,12,1,2,419
41.0,12,1,3,421
41.0,12,1,4,423
41.0,12,1,5,425
41.0,12,1,6,427
41.0,12,1,7,429
41.0,12,1,8,431
41.0,12,1,9,433
41.0,12,1,10,435
41.0,12,1,11,437
41.0,12,1,12,439
41.0,12,1,13,441
41.0,12,1,14,443
41.0,12,1,15,445
41.0,12,2,0,418
41.0,12,2,1,420
41.0,12,2,2,422
41.0,12,2,3,424
41.0,12,2,4,426
41.0,12,2,5,428
41.0,12,2,6,430
41.0,12,2,7,432
41.0,12,2,8,434
41.0,12,2,9,436
41.0,12,2,10,438
41.0,12,2,11,440
41.0,12,2,12,442
41.0,12,2,13,443
41.0,12,2,14,445
41.0,12,2,15,447
41.0,12,3,0,420
41.0,12,3,1,422
41.0,12,3,2,424
41.0,12,3,3,426
41.0,12,3,4,428
41.0,12,3,5,430
41.0,12,3,6,432
41.0,12,3,7,434
41.0,12,3,8,436
41.0,12,3,9,438
41.0,12,3,10,440
41.0,12,3,11,442
41.0,12,3,12,444
41.0,12,3,13,446
41.0,12,3,14,448
41.0,12,3,15,450
41.0,12,4,0,423
41.0,12,4,1,425
41.0,12,4,2,427
41.0,12,4,3,429
41.0,12,4,4,431
41.0,12,4,5,433
41.0,12,4,6,435
41.0,12,4,7,437
41.0,12,4,8,439
41.0,12,4,9,441
41.0,12,4,10,443
41.0,12,4,11,445
41.0,12,4,12,447
41.0,12,4,13,449
41.0,12,4,14,451
41.0,12,4,15,453
41.0,12,5,0,425
41.0,12,5,1,427
41.0,12,5,2,429
41.0,12,5,3,431
41.0,12,5,4,433
41.0,12,5,5,435
41.0,12,5,6,437
41.0,12,5,7,439
41.0,12,5,8,441
41.0,12,5,9,443
41.0,12,5,10,445
41.0,12,5,11,447
41.0,12,5,12,449
41.0,12,5,13,451
41.0,12,5,14,453
41.0,12,5,15,455
41.0,12,6,0,427
41.0,12,6,1,429
41.0,12,6,2,432
41.0,12,6,3,434
41.0,12,6,4,436
41.0,12,6,5,438
41.0,12,6,6,440
41.0,12,6,7,442
41.0,12,6,8,444
41.0,12,6,9,446
41.0,12,6,10,448
41.0,12,6,11,450
41.0,12,6,12,452
41.0,12,6,13,454
41.0,12,6,14,456
41.0,12,6,15,458
41.0,12,7,0,430
41.0,12,7,1,432
41.0,12,7,2,434
41.0,12,7,3,436
41.0,12,7,4,438
41.0,12,7,5,440
41.0,12,7,6,442
41.0,12,7,7,444
41.0,12,7,8,446
41.0,12,7,9,448
41.0,12,7,10,450
41.0,12,7,11,452
41.0,12,7,12,454
41.0,12,7,13,456
41.0,12,7,14,458
41.0,12,7,15,460
41.0,12,8,0,432
41.0,12,8,1,434
41.0,12,8,2,436
41.0,12,8,3,438
41.0,12,8,4,441
41.0,12,8,5,443
41.0,12,8,6,445
41.0,12,8,7,447
41.0,12,8,8,449
41.0,12,8,9,451
41.0,12,8,10,453
41.0,12,8,11,455
41.0,12,8,12,457
41.0,12,8,13,459
41.0,12,8,14,461
41.0,12,8,15,463
41.0,12,9,0,435
41.0,12,9,1,437
41.0,12,9,2,439
41.0,12,9,3,441
41.0,12,9,4,443
41.0,12,9,5,445
41.0,12,9,6,447
41.0,12,9,7,449
41.0,12,9,8,451
41.0,12,9,9,453
41.0,12,9,10,455
41.0,12,9,11,457
41.0,12,9,12,459
41.0,12,9,13,461
41.0,12,9,14,463
41.0,12,9,15,465
41.0,12,10,0,437
41.0,12,10,1,439
41.0,12,10,2,441
41.0,12,10,3,443
41.0,12,10,4,445
41.0,12,10,5,447
41.0,12,10,6,450
41.0,12,10,7,452
41.0,12,10,8,454
41.0,12,10,9,456
41.0,12,10,10,458
41.0,12,10,11,460
41.0,12,10,12,462
41.0,12,10,13,464
41.0,12,10,14,466
41.0,12,10,15,468
41.0,12,11,0,439
41.0,12,11,1,441
41.0,12,11,2,444
41.0,12,11,3,446
41.0,12,11,4,448
41.0,12,11,5,450
41.0,12,11,6,452
41.0,12,11,7,454
41.0,12,11,8,456
41.0,12,11,9,458
41.0,12,11,10,460
41.0,12,11,11,462
41.0,12,11,12,464
41.0,12,11,13,466
41.0,12,11,14,468
41.0,12,11,15,470
41.0,12,12,0,442
41.0,12,12,1,444
41.0,12,12,2,446
41.0,12,12,3,448
41.0,12,12,4,450
41.0,12,12,5,452
41.0,12,12,6,454
41.0,12,12,7,456
41.0,12,12,8,459
41.0,12,12,9,461
41.0,12,12,10,463
41.0,12,12,11,465
41.0,12,12,12,467
41.0,12,12,13,469
41.0,12,12,14,471
41.0,12,12,15,473
41.0,12,13,0,444
41.0,12,13,1,446
41.0,12,13,2,448
41.0,12,13,3,450
41.0,12,13,4,453
41.0,12,13,5,455
41.0,12,13,6,457
41.0,12,13,7,459
41.0,12,13,8,461
41.0,12,13,9,463
41.0,12,13,10,465
41.0,12,13,11,467
41.0,12,13,12,469
41.0,12,13,13,471
41.0,12,13,14,473
41.0,12,13,15,475
41.0,12,14,0,446
41.0,12,14,1,448
41.0,12,14,2,451
41.0,12,14,3,453
41.0,12,14,4,455
41.0,12,14,5,457
41.0,12,14,6,459
41.0,12,14,7,461
41.0,12,14,8,463
41.0,12,14,9,465
41.0,12,14,10,468
41.0,12,14,11,470
41.0,12,14,12,472
41.0,12,14,13,474
41.0,12,14,14,476
41.0,12,14,15,478
41.0,12,15,0,448
41.0,12,15,1,451
41.0,12,15,2,453
41.0,12,15,3,455
41.0,12,15,4,457
41.0,12,15,5,459
41.0,12,15,6,462
41.0,12,15,7,464
41.0,12,15,8,466
41.0,12,15,9,468
41.0,12,15,10,470
41.0,12,15,11,472
41.0,12,15,12,474
41.0,12,15,13,476
41.0,12,15,14,478
41.0,12,15,15,480
41.0,13,0,0,419
41.0,13,0,1,421
41.0,13,0,2,423
41.0,13,0,3,425
41.0,13,0,4,427
41.0,13,0,5,429
41.0,13,0,6,431
41.0,13,0,7,433
41.0,13,0,8,435
41.0,13,0,9,437
41.0,13,0,10,439
41.0,13,0,11,441
41.0,13,0,12,442
41.0,13,0,13,444
41.0,13,0,14,446
41.0,13,0,15,448
41.0,13,1,0,421
41.0,13,1,1,423
41.0,13,1,2,425
41.0,13,1,3,427
41.0,13,1,4,429
41.0,13,1,5,431
41.0,13,1,6,433
41.0,13,1,7,435
41.0,13,1,8,437
41.0,13,1,9,439
41.0,13,1,10,441
41.0,13,1,11,443
41.0,13,1,12,445
41.0,13,1,13,447
41.0,13,1,14,449
41.0,13,1,15,451
41.0,13,2,0,424
41.0,13,2,1,426
41.0,13,2,2,428
41.0,13,2,3,430
41.0,13,2,4,432
41.0,13,2,5,434
41.0,13,2,6,436
41.0,13,2,7,438
41.0,13,2,8,440
41.0,13,2,9,442
41.0,13,2,10,444
41.0,13,2,11,446
41.0,13,2,12,448
41.0,13,2,13,450
41.0,13,2,14,452
41.0,13,2,15,454
41.0,13,3,0,426
41.0,13,3,1,428
41.0,13,3,2,430
41.0,13,3,3,432
41.0,13,3,4,434
41.0,13,3,5,436
41.0,13,3,6,438
41.0,13,3,7,440
41.0,13,3,8,442
41.0,13,3,9,444
41.0,13,3,10,446
41.0,13,3,11,448
41.0,13,3,12,450
41.0,13,3,13,452
41.0,13,3,14,454
41.0,13,3,15,456
41.0,13,4,0,428
41.0,13,4,1,431
41.0,13,4,2,433
41.0,13,4,3,435
41.0,13,4,4,437
41.0,13,4,5,439
41.0,13,4,6,441
41.0,13,4,7,443
41.0,13,4,8,445
41.0,13,4,9,447
41.0,13,4,10,449
41.0,13,4,11,451
41.0,13,4,12,453
41.0,13,4,13,455
41.0,13,4,14,457
41.0,13,4,15,459
41.0,13,5,0,431
41.0,13,5,1,433
41.0,13,5,2,435
41.0,13,5,3,437
41.0,13,5,4,439
41.0,13,5,5,441
41.0,13,5,6,443
41.0,13,5,7,446
41.0,13,5,8,448
41.0,13,5,9,450
41.0,13,5,10,452
41.0,13,5,11,454
41.0,13,5,12,456
41.0,13,5,13,458
41.0,13,5,14,460
41.0,13,5,15,462
41.0,13,6,0,433
41.0,13,6,1,436
41.0,13,6,2,438
41.0,13,6,3,440
41.0,13,6,4,442
41.0,13,6,5,444
41.0,13,6,6,446
41.0,13,6,7,448
41.0,13,6,8,450
41.0,13,6,9,452
41.0,13,6,10,454
41.0,13,6,11,456
41.0,13,6,12,458
41.0,13,6,13,460
41.0,13,6,14,462
41.0,13,6,15,464
41.0,13,7,0,436
41.0,13,7,1,438
41.0,13,7,2,440
41.0,13,7,3,442
41.0,13,7,4,444
41.0,13,7,5,446
41.0,13,7,6,448
41.0,13,7,7,451
41.0,13,7,8,453
41.0,13,7,9,455
41.0,13,7,10,457
41.0,13,7,11,459
41.0,13,7,12,461
41.0,13,7,13,463
41.0,13,7,14,465
41.0,13,7,15,467
41.0,13,8,0,438
41.0,13,8,1,440
41.0,13,8,2,443
41.0,13,8,3,445
41.0,13,8,4,447
41.0,13,8,5,449
41.0,13,8,6,451
41.0,13,8,7,453
41.0,13,8,8,455
41.0,13,8,9,457
41.0,13,8,10,459
41.0,13,8,11,461
41.0,13,8,12,463
41.0,13,8,13,465
41.0,13,8,14,467
41.0,13,8,15,469
41.0,13,9,0,441
41.0,13,9,1,443
41.0,13,9,2,445
41.0,13,9,3,447
41.0,13,9,4,449
41.0,13,9,5,451
41.0,13,9,6,453
41.0,13,9,7,456
41.0,13,9,8,458
41.0,13,9,9,460
41.0,13,9,10,462
41.0,13,9,11,464
41.0,13,9,12,466
41.0,13,9,13,468
41.0,13,9,14,470
41.0,13,9,15,472
41.0,13,10,0,443
41.0,13,10,1,445
41.0,13,10,2,447
41.0,13,10,3,450
41.0,13,10,4,452
41.0,13,10,5,454
41.0,13,10,6,456
41.0,13,10,7,458
41.0,13,10,8,460
41.0,13,10,9,462
41.0,13,10,10,464
41.0,13,10,11,466
41.0,13,10,12,468
41.0,13,10,13,470
41.0,13,10,14,473
41.0,13,10,15,475
41.0,13,11,0,445
41.0,13,11,1,448
41.0,13,11,2,450
41.0,13,11,3,452
41.0,13,11,4,454
41.0,13,11,5,456
41.0,13,11,6,458
41.0,13,11,7,460
41.0,13,11,8,463
41.0,13,11,9,465
41.0,13,11,10,467
41.0,13,11,11,469
41.0,13,11,12,471
41.0,13,11,13,473
41.0,13,11,14,475
41.0,13,11,15,477
41.0,13,12,0,448
41.0,13,12,1,450
41.0,13,12,2,452
41.0,13,12,3,454
41.0,13,12,4,456
41.0,13,12,5,459
41.0,13,12,6,461
41.0,13,12,7,463
41.0,13,12,8,465
41.0,13,12,9,467
41.0,13,12,10,469
41.0,13,12,11,471
41.0,13,12,12,473
41.0,13,12,13,475
41.0,13,12,14,478
41.0,13,12,15,480
41.0,13,13,0,450
41.0,13,13,1,452
41.0,13,13,2,455
41.0,13,13,3,457
41.0,13,13,4,459
41.0,13,13,5,461
41.0,13,13,6,463
41.0,13,13,7,465
41.0,13,13,8,467
41.0,13,13,9,470
41.0,13,13,10,472
41.0,13,13,11,474
41.0,13,13,12,476
41.0,13,13,13,478
41.0,13,13,14,480
41.0,13,13,15,482
41.0,13,14,0,452
41.0,13,14,1,455
41.0,13,14,2,457
41.0,13,14,3,459
41.0,13,14,4,461
41.0,13,14,5,463
41.0,13,14,6,466
41.0,13,14,7,468
41.0,13,14,8,470
41.0,13,14,9,472
41.0,13,14,10,474
41.0,13,14,11,476
41.0,13,14,12,478
41.0,13,14,13,480
41.0,13,14,14,483
41.0,13,14,15,485
41.0,13,15,0,455
41.0,13,15,1,457
41.0,13,15,2,459
41.0,13,15,3,461
41.0,13,15,4,464
41.0,13,15,5,466
41.0,13,15,6,468
41.0,13,15,7,470
41.0,13,15,8,472
41.0,13,15,9,474
41.0,13,15,10,477
41.0,13,15,11,479
41.0,13,15,12,481
41.0,13,15,13,483
41.0,13,15,14,485
41.0,13,15,15,487
41.0,14,0,0,424
41.0,14,0,1,426
41.0,14,0,2,428
41.0,14,0,3,431
41.0,14,0,4,433
41.0,14,0,5,435
41.0,14,0,6,437
41.0,14,0,7,439
41.0,14,0,8,441
41.0,14,0,9,443
41.0,14,0,10,445
41.0,14,0,11,447
41.0,14,0,12,449
41.0,14,0,13,451
41.0,14,0,14,453
41.0,14,0,15,455
41.0,14,1,0,427
41.0,14,1,1,429
41.0,14,1,2,431
41.0,14,1,3,433
41.0,14,1,4,435
41.0,14,1,5,437
41.0,14,1,6,439
41.0,14,1,7,441
41.0,14,1,8,443
41.0,14,1,9,445
41.0,14,1,10,447
41.0,14,1,11,449
41.0,14,1,12,451
41.0,14,1,13,453
41.0,14,1,14,455
41.0,14,1,15,457
41.0,14,2,0,429
41.0,14,2,1,432
41.0,14,2,2,434
41.0,14,2,3,436
41.0,14,2,4,438
41.0,14,2,5,440
41.0,14,2,6,442
41.0,14,2,7,444
41.0,14,2,8,446
41.0,14,2,9,448
41.0,14,2,10,450
41.0,14,2,11,452
41.0,14,2,12,454
41.0,14,2,13,456
41.0,14,2,14,458
41.0,14,2,15,460
41.0,14,3,0,432
41.0,14,3,1,434
41.0,14,3,2,436
41.0,14,3,3,438
41.0,14,3,4,440
41.0,14,3,5,442
41.0,14,3,6,444
41.0,14,3,7,447
41.0,14,3,8,449
41.0,14,3,9,451
41.0,14,3,10,453
41.0,14,3,11,455
41.0,14,3,12,457
41.0,14,3,13,459
41.0,14,3,14,461
41.0,14,3,15,463
41.0,14,4,0,434
41.0,14,4,1,437
41.0,14,4,2,439
41.0,14,4,3,441
41.0,14,4,4,443
41.0,14,4,5,445
41.0,14,4,6,447
41.0,14,4,7,449
41.0,14,4,8,451
41.0,14,4,9,453
41.0,14,4,10,455
41.0,14,4,11,457
41.0,14,4,12,459
41.0,14,4,13,461
41.0,14,4,14,463
41.0,14,4,15,465
41.0,14,5,0,437
41.0,14,5,1,439
41.0,14,5,2,441
41.0,14,5,3,443
41.0,14,5,4,445
41.0,14,5,5,448
41.0,14,5,6,450
41.0,14,5,7,452
41.0,14,5,8,454
41.0,14,5,9,456
41.0,14,5,10,458
41.0,14,5,11,460
41.0,14,5,12,462
41.0,14,5,13,464
41.0,14,5,14,466
41.0,14,5,15,468
41.0,14,6,0,439
41.0,14,6,1,442
41.0,14,6,2,444
41.0,14,6,3,446
41.0,14,6,4,448
41.0,14,6,5,450
41.0,14,6,6,452
41.0,14,6,7,454
41.0,14,6,8,456
41.0,14,6,9,458
41.0,14,6,10,460
41.0,14,6,11,463
41.0,14,6,12,465
41.0,14,6,13,467
41.0,14,6,14,469
41.0,14,6,15,471
41.0,14,7,0,442
41.0,14,7,1,444
41.0,14,7,2,446
41.0,14,7,3,448
41.0,14,7,4,450
41.0,14,7,5,453
41.0,14,7,6,455
41.0,14,7,7,457
41.0,14,7,8,459
41.0,14,7,9,461
41.0,14,7,10,463
41.0,14,7,11,465
41.0,14,7,12,467
41.0,14,7,13,469
41.0,14,7,14,471
41.0,14,7,15,473
41.0,14,8,0,444
41.0,14,8,1,447
41.0,14,8,2,449
41.0,14,8,3,451
41.0,14,8,4,453
41.0,14,8,5,455
41.0,14,8,6,457
41.0,14,8,7,459
41.0,14,8,8,461
41.0,14,8,9,464
41.0,14,8,10,466
41.0,14,8,11,468
41.0,14,8,12,470
41.0,14,8,13,472
41.0,14,8,14,474
41.0,14,8,15,476
41.0,14,9,0,447
41.0,14,9,1,449
41.0,14,9,2,451
41.0,14,9,3,453
41.0,14,9,4,455
41.0,14,9,5,458
41.0,14,9,6,460
41.0,14,9,7,462
41.0,14,9,8,464
41.0,14,9,9,466
41.0,14,9,10,468
41.0,14,9,11,470
41.0,14,9,12,472
41.0,14,9,13,474
41.0,14,9,14,476
41.0,14,9,15,479
41.0,14,10,0,449
41.0,14,10,1,451
41.0,14,10,2,454
41.0,14,10,3,456
41.0,14,10,4,458
41.0,14,10,5,460
41.0,14,10,6,462
41.0,14,10,7,464
41.0,14,10,8,467
41.0,14,10,9,469
41.0,14,10,10,471
41.0,14,10,11,473
41.0,14,10,12,475
41.0,14,10,13,477
41.0,14,10,14,479
41.0,14,10,15,481
41.0,14,11,0,452
41.0,14,11,1,454
41.0,14,11,2,456
41.0,14,11,3,458
41.0,14,11,4,460
41.0,14,11,5,463
41.0,14,11,6,465
41.0,14,11,7,467
41.0,14,11,8,469
41.0,14,11,9,471
41.0,14,11,10,473
41.0,14,11,11,475
41.0,14,11,12,477
41.0,14,11,13,480
41.0,14,11,14,482
41.0,14,11,15,484
41.0,14,12,0,454
41.0,14,12,1,456
41.0,14,12,2,458
41.0,14,12,3,461
41.0,14,12,4,463
41.0,14,12,5,465
41.0,14,12,6,467
41.0,14,12,7,469
41.0,14,12,8,472
41.0,14,12,9,474
41.0,14,12,10,476
41.0,14,12,11,478
41.0,14,12,12,480
41.0,14,12,13,482
41.0,14,12,14,484
41.0,14,12,15,486
41.0,14,13,0,456
41.0,14,13,1,459
41.0,14,13,2,461
41.0,14,13,3,463
41.0,14,13,4,465
41.0,14,13,5,467
41.0,14,13,6,470
41.0,14,13,7,472
41.0,14,13,8,474
41.0,14,13,9,476
41.0,14,13,10,478
41.0,14,13,11,480
41.0,14,13,12,483
41.0,14,13,13,485
41.0,14,13,14,487
41.0,14,13,15,489
41.0,14,14,0,459
41.0,14,14,1,461
41.0,14,14,2,463
41.0,14,14,3,465
41.0,14,14,4,468
41.0,14,14,5,470
41.0,14,14,6,472
41.0,14,14,7,474
41.0,14,14,8,476
41.0,14,14,9,479
41.0,14,14,10,481
41.0,14,14,11,483
41.0,14,14,12,485
41.0,14,14,13,487
41.0,14,14,14,489
41.0,14,14,15,491
41.0,14,15,0,461
41.0,14,15,1,463
41.0,14,15,2,466
41.0,14,15,3,468
41.0,14,15,4,470
41.0,14,15,5,472
41.0,14,15,6,475
41.0,14,15,7,477
41.0,14,15,8,479
41.0,14,15,9,481
41.0,14,15,10,483
41.0,14,15,11,485
41.0,14,15,12,488
41.0,14,15,13,490
41.0,14,15,14,492
41.0,14,15,15,494
41.0,15,0,0,430
41.0,15,0,1,432
41.0,15,0,2,434
41.0,15,0,3,436
41.0,15,0,4,439
41.0,15,0,5,441
41.0,15,0,6,443
41.0,15,0,7,445
41.0,15,0,8,447
41.0,15,0,9,449
41.0,15,0,10,451
41.0,15,0,11,453
41.0,15,0,12,455
41.0,15,0,13,457
41.0,15,0,14,459
41.0,15,0,15,461
41.0,15,1,0,433
41.0,15,1,1,435
41.0,15,1,2,437
41.0,15,1,3,439
41.0,15,1,4,441
41.0,15,1,5,443
41.0,15,1,6,445
41.0,15,1,7,447
41.0,15,1,8,449
41.0,15,1,9,451
41.0,15,1,10,453
41.0,15,1,11,456
41.0,15,1,12,458
41.0,15,1,13,460
41.0,15,1,14,462
41.0,15,1,15,464
41.0,15,2,0,435
41.0,15,2,1,437
41.0,15,2,2,440
41.0,15,2,3,442
41.0,15,2,4,444
41.0,15,2,5,446
41.0,15,2,6,448
41.0,15,2,7,450
41.0,15,2,8,452
41.0,15,2,9,454
41.0,15,2,10,456
41.0,15,2,11,458
41.0,15,2,12,460
41.0,15,2,13,462
41.0,15,2,14,464
41.0,15,2,15,466
41.0,15,3,0,438
41.0,15,3,1,440
41.0,15,3,2,442
41.0,15,3,3,444
41.0,15,3,4,446
41.0,15,3,5,448
41.0,15,3,6,451
41.0,15,3,7,453
41.0,15,3,8,455
41.0,15,3,9,457
41.0,15,3,10,459
41.0,15,3,11,461
41.0,15,3,12,463
41.0,15,3,13,465
41.0,15,3,14,467
41.0,15,3,15,469
41.0,15,4,0,440
41.0,15,4,1,443
41.0,15,4,2,445
41.0,15,4,3,447
41.0,15,4,4,449
41.0,15,4,5,451
41.0,15,4,6,453
41.0,15,4,7,455
41.0,15,4,8,457
41.0,15,4,9,459
41.0,15,4,10,462
41.0,15,4,11,464
41.0,15,4,12,466
41.0,15,4,13,468
41.0,15,4,14,470
41.0,15,4,15,472
41.0,15,5,0,443
41.0,15,5,1,445
41.0,15,5,2,447
41.0,15,5,3,449
41.0,15,5,4,452
41.0,15,5,5,454
41.0,15,5,6,456
41.0,15,5,7,458
41.0,15,5,8,460
41.0,15,5,9,462
41.0,15,5,10,464
41.0,15,5,11,466
41.0,15,5,12,468
41.0,15,5,13,470
41.0,15,5,14,472
41.0,15,5,15,474
41.0,15,6,0,445
41.0,15,6,1,448
41.0,15,6,2,450
41.0,15,6,3,452
41.0,15,6,4,454
41.0,15,6,5,456
41.0,15,6,6,458
41.0,15,6,7,461
41.0,15,6,8,463
41.0,15,6,9,465
41.0,15,6,10,467
41.0,15,6,11,469
41.0,15,6,12,471
41.0,15,6,13,473
41.0,15,6,14,475
41.0,15,6,15,477
41.0,15,7,0,448
41.0,15,7,1,450
41.0,15,7,2,452
41.0,15,7,3,454
41.0,15,7,4,457
41.0,15,7,5,459
41.0,15,7,6,461
41.0,15,7,7,463
41.0,15,7,8,465
41.0,15,7,9,467
41.0,15,7,10,469
41.0,15,7,11,472
41.0,15,7,12,474
41.0,15,7,13,476
41.0,15,7,14,478
41.0,15,7,15,480
41.0,15,8,0,450
41.0,15,8,1,453
41.0,15,8,2,455
41.0,15,8,3,457
41.0,15,8,4,459
41.0,15,8,5,461
41.0,15,8,6,464
41.0,15,8,7,466
41.0,15,8,8,468
41.0,15,8,9,470
41.0,15,8,10,472
41.0,15,8,11,474
41.0,15,8,12,476
41.0,15,8,13,478
41.0,15,8,14,480
41.0,15,8,15,482
41.0,15,9,0,453
41.0,15,9,1,455
41.0,15,9,2,457
41.0,15,9,3,460
41.0,15,9,4,462
41.0,15,9,5,464
41.0,15,9,6,466
41.0,15,9,7,468
41.0,15,9,8,470
41.0,15,9,9,472
41.0,15,9,10,475
41.0,15,9,11,477
41.0,15,9,12,479
41.0,15,9,13,481
41.0,15,9,14,483
41.0,15,9,15,485
41.0,15,10,0,455
41.0,15,10,1,458
41.0,15,10,2,460
41.0,15,10,3,462
41.0,15,10,4,464
41.0,15,10,5,466
41.0,15,10,6,469
41.0,15,10,7,471
41.0,15,10,8,473
41.0,15,10,9,475
41.0,15,10,10,477
41.0,15,10,11,479
41.0,15,10,12,481
41.0,15,10,13,484
41.0,15,10,14,486
41.0,15,10,15,488
41.0,15,11,0,458
41.0,15,11,1,460
41.0,15,11,2,462
41.0,15,11,3,464
41.0,15,11,4,467
41.0,15,11,5,469
41.0,15,11,6,471
41.0,15,11,7,473
41.0,15,11,8,475
41.0,15,11,9,478
41.0,15,11,10,480
41.0,15,11,11,482
41.0,15,11,12,484
41.0,15,11,13,486
41.0,15,11,14,488
41.0,15,11,15,490
41.0,15,12,0,460
41.0,15,12,1,462
41.0,15,12,2,465
41.0,15,12,3,467
41.0,15,12,4,469
41.0,15,12,5,471
41.0,15,12,6,474
41.0,15,12,7,476
41.0,15,12,8,478
41.0,15,12,9,480
41.0,15,12,10,482
41.0,15,12,11,484
41.0,15,12,12,487
41.0,15,12,13,489
41.0,15,12,14,491
41.0,15,12,15,493
41.0,15,13,0,463
41.0,15,13,1,465
41.0,15,13,2,467
41.0,15,13,3,469
41.0,15,13,4,472
41.0,15,13,5,474
41.0,15,13,6,476
41.0,15,13,7,478
41.0,15,13,8,480
41.0,15,13,9,483
41.0,15,13,10,485
41.0,15,13,11,487
41.0,15,13,12,489
41.0,15,13,13,491
41.0,15,13,14,493
41.0,15,13,15,496
41.0,15,14,0,465
41.0,15,14,1,467
41.0,15,14,2,470
41.0,15,14,3,472
41.0,15,14,4,474
41.0,15,14,5,476
41.0,15,14,6,479
41.0,15,14,7,481
41.0,15,14,8,483
41.0,15,14,9,485
41.0,15,14,10,487
41.0,15,14,11,490
41.0,15,14,12,492
41.0,15,14,13,494
41.0,15,14,14,496
41.0,15,14,15,498
41.0,15,15,0,467
41.0,15,15,1,470
41.0,15,15,2,472
41.0,15,15,3,474
41.0,15,15,4,477
41.0,15,15,5,479
41.0,15,15,6,481
41.0,15,15,7,483
41.0,15,15,8,485
41.0,15,15,9,488
41.0,15,15,10,490
41.0,15,15,11,492
41.0,15,15,12,494
41.0,15,15,13,496
41.0,15,15,14,499
41.0,15,15,15,501
41.5,0,0,0,345
41.5,0,0,1,347
41.5,0,0,2,348
41.5,0,0,3,350
41.5,0,0,4,352
41.5,0,0,5,353
41.5,0,0,6,355
41.5,0,0,7,357
41.5,0,0,8,358
41.5,0,0,9,360
41.5,0,0,10,362
41.5,0,0,11,363
41.5,0,0,12,365
41.5,0,0,13,366
41.5,0,0,14,368
41.5,0,0,15,370
41.5,0,1,0,347
41.5,0,1,1,349
41.5,0,1,2,350
41.5,0,1,3,352
41.5,0,1,4,354
41.5,0,1,5,356
41.5,0,1,6,357
41.5,0,1,7,359
41.5,0,1,8,360
41.5,0,1,9,362
41.5,0,1,10,364
41.5,0,1,11,365
41.5,0,1,12,367
41.5,0,1,13,369
41.5,0,1,14,370
41.5,0,1,15,372
41.5,0,2,0,349
41.5,0,2,1,351
41.5,0,2,2,353
41.5,0,2,3,354
41.5,0,2,4,356
41.5,0,2,5,358
41.5,0,2,6,359
41.5,0,2,7,361
41.5,0,2,8,363
41.5,0,2,9,364
41.5,0,2,10,366
41.5,0,2,11,368
41.5,0,2,12,369
41.5,0,2,13,371
41.5,0,2,14,372
41.5,0,2,15,374
41.5,0,3,0,351
41.5,0,3,1,353
41.5,0,3,2,355
41.5,0,3,3,356
41.5,0,3,4,358
41.5,0,3,5,360
41.5,0,3,6,361
41.5,0,3,7,363
41.5,0,3,8,365
41.5,0,3,9,366
41.5,0,3,10,368
41.5,0,3,11,370
41.5,0,3,12,371
41.5,0,3,13,373
41.5,0,3,14,375
41.5,0,3,15,376
41.5,0,4,0,353
41.5,0,4,1,355
41.5,0,4,2,357
41.5,0,4,3,358
41.5,0,4,4,360
41.5,0,4,5,362
41.5,0,4,6,364
41.5,0,4,7,365
41.5,0,4,8,367
41.5,0,4,9,369
41.5,0,4,10,370
41.5,0,4,11,372
41.5,0,4,12,373
41.5,0,4,13,375
41.5,0,4,14,377
41.5,0,4,15,378
41.5,0,5,0,355
41.5,0,5,1,357
41.5,0,5,2,359
41.5,0,5,3,360
41.5,0,5,4,362
41.5,0,5,5,364
41.5,0,5,6,366
41.5,0,5,7,367
41.5,0,5,8,369
41.5,0,5,9,371
41.5,0,5,10,372
41.5,0,5,11,374
41.5,0,5,12,376
41.5,0,5,13,377
41.5,0,5,14,379
41.5,0,5,15,381
41.5,0,6,0,357
41.5,0,6,1,359
41.5,0,6,2,361
41.5,0,6,3,363
41.5,0,6,4,364
41.5,0,6,5,366
41.5,0,6,6,368
41.5,0,6,7,369
41.5,0,6,8,371
41.5,0,6,9,373
41.5,0,6,10,374
41.5,0,6,11,376
41.5,0,6,12,378
41.5,0,6,13,379
41.5,0,6,14,381
41.5,0,6,15,383
41.5,0,7,0,359
41.5,0,7,1,361
41.5,0,7,2,363
41.5,0,7,3,365
41.5,0,7,4,366
41.5,0,7,5,368
41.5,0,7,6,370
41.5,0,7,7,371
41.5,0,7,8,373
41.5,0,7,9,375
41.5,0,7,10,377
41.5,0,7,11,378
41.5,0,7,12,380
41.5,0,7,13,382
41.5,0,7,14,383
41.5,0,7,15,385
41.5,0,8,0,361
41.5,0,8,1,363
41.5,0,8,2,365
41.5,0,8,3,367
41.5,0,8,4,368
41.5,0,8,5,370
41.5,0,8,6,372
41.5,0,8,7,374
41.5,0,8,8,375
41.5,0,8,9,377
41.5,0,8,10,379
41.5,0,8,11,380
41.5,0,8,12,382
41.5,0,8,13,384
41.5,0,8,14,385
41.5,0,8,15,387
41.5,0,9,0,363
41.5,0,9,1,365
41.5,0,9,2,367
41.5,0,9,3,369
41.5,0,9,4,370
41.5,0,9,5,372
41.5,0,9,6,374
41.5,0,9,7,376
41.5,0,9,8,377
41.5,0,9,9,379
41.5,0,9,10,381
41.5,0,9,11,382
41.5,0,9,12,384
41.5,0,9,13,386
41.5,0,9,14,387
41.5,0,9,15,389
41.5,0,10,0,365
41.5,0,10,1,367
41.5,0,10,2,369
41.5,0,10,3,371
41.5,0,10,4,372
41.5,0,10,5,374
41.5,0,10,6,376
41.5,0,10,7,378
41.5,0,10,8,379
41.5,0,10,9,381
41.5,0,10,10,383
41.5,0,10,11,384
41.5,0,10,12,386
41.5,0,10,13,388
41.5,0,10,14,390
41.5,0,10,15,391
41.5,0,11,0,367
41.5,0,11,1,369
41.5,0,11,2,371
41.5,0,11,3,373
41.5,0,11,4,374
41.5,0,11,5,376
41.5,0,11,6,378
41.5,0,11,7,380
41.5,0,11,8,381
41.5,0,11,9,383
41.5,0,11,10,385
41.5,0,11,11,387
41.5,0,11,12,388
41.5,0,11,13,390
41.5,0,11,14,392
41.5,0,11,15,393
41.5,0,12,0,369
41.5,0,12,1,371
41.5,0,12,2,373
41.5,0,12,3,375
41.5,0,12,4,376
41.5,0,12,5,378
41.5,0,12,6,380
41.5,0,12,7,382
41.5,0,12,8,383
41.5,0,12,9,385
41.5,0,12,10,387
41.5,0,12,11,389
41.5,0,12,12,390
41.5,0,12,13,392
41.5,0,12,14,394
41.5,0,12,15,395
41.5,0,13,0,371
41.5,0,13,1,373
41.5,0,13,2,375
41.5,0,13,3,377
41.5,0,13,4,378
41.5,0,13,5,380
41.5,0,13,6,382
41.5,0,13,7,384
41.5,0,13,8,385
41.5,0,13,9,387
41.5,0,13,10,389
41.5,0,13,11,391
41.5,0,13,12,392
41.5,0,13,13,394
41.5,0,13,14,396
41.5,0,13,15,397
41.5,0,14,0,373
41.5,0,14,1,375
41.5,0,14,2,377
41.5,0,14,3,378
41.5,0,14,4,380
41.5,0,14,5,382
41.5,0,14,6,384
41.5,0,14,7,386
41.5,0,14,8,387
41.5,0,14,9,389
41.5,0,14,10,391
41.5,0,14,11,393
41.5,0,14,12,394
41.5,0,14,13,396
41.5,0,14,14,398
41.5,0,14,15,400
41.5,0,15,0,375
41.5,0,15,1,377
41.5,0,15,2,379
41.5,0,15,3,380
41.5,0,15,4,382
41.5,0,15,5,384
41.5,0,15,6,386
41.5,0,15,7,388
41.5,0,15,8,389
41.5,0,15,9,391
41.5,0,15,10,393
41.5,0,15,11,395
41.5,0,15,12,396
41.5,0,15,13,398
41.5,0,15,14,400
41.5,0,15,15,402
41.5,1,0,0,351
41.5,1,0,1,353
41.5,1,0,2,354
41.5,1,0,3,356
41.5,1,0,4,358
41.5,1,0,5,359
41.5,1,0,6,361
41.5,1,0,7,363
41.5,1,0,8,364
41.5,1,0,9,366
41.5,1,0,10,368
41.5,1,0,11,369
41.5,1,0,12,371
41.5,1,0,13,373
41.5,1,0,14,374
41.5,1,0,15,376
41.5,1,1,0,353
41.5,1,1,1,355
41.5,1,1,2,356
41.5,1,1,3,358
41.5,1,1,4,360
41.5,1,1,5,362
41.5,1,1,6,363
41.5,1,1,7,365
41.5,1,1,8,367
41.5,1,1,9,368
41.5,1,1,10,370
41.5,1,1,11,372
41.5,1,1,12,373
41.5,1,1,13,375
41.5,1,1,14,376
41.5,1,1,15,378
41.5,1,2,0,355
41.5,1,2,1,357
41.5,1,2,2,359
41.5,1,2,3,360
41.5,1,2,4,362
41.5,1,2,5,364
41.5,1,2,6,365
41.5,1,2,7,367
41.5,1,2,8,369
41.5,1,2,9,370
41.5,1,2,10,372
41.5,1,2,11,374
41.5,1,2,12,375
41.5,1,2,13,377
41.5,1,2,14,379
41.5,1,2,15,380
41.5,1,3,0,357
41.5,1,3,1,359
41.5,1,3,2,361
41.5,1,3,3,362
41.5,1,3,4,364
41.5,1,3,5,366
41.5,1,3,6,368
41.5,1,3,7,369
41.5,1,3,8,371
41.5,1,3,9,373
41.5,1,3,10,374
41.5,1,3,11,376
41.5,1,3,12,378
41.5,1,3,13,379
41.5,1,3,14,381
41.5,1,3,15,383
41.5,1,4,0,359
41.5,1,4,1,361
41.5,1,4,2,363
41.5,1,4,3,365
41.5,1,4,4,366
41.5,1,4,5,368
41.5,1,4,6,370
41.5,1,4,7,371
41.5,1,4,8,373
41.5,1,4,9,375
41.5,1,4,10,376
41.5,1,4,11,378
41.5,1,4,12,380
41.5,1,4,13,381
41.5,1,4,14,383
41.5,1,4,15,385
41.5,1,5,0,361
41.5,1,5,1,363
41.5,1,5,2,365
41.5,1,5,3,367
41.5,1,5,4,368
41.5,1,5,5,370
41.5,1,5,6,372
41.5,1,5,7,374
41.5,1,5,8,375
41.5,1,5,9,377
41.5,1,5,10,379
41.5,1,5,11,380
41.5,1,5,12,382
41.5,1,5,13,384
41.5,1,5,14,385
41.5,1,5,15,387
41.5,1,6,0,363
41.5,1,6,1,365
41.5,1,6,2,367
41.5,1,6,3,369
41.5,1,6,4,370
41.5,1,6,5,372
41.5,1,6,6,374
41.5,1,6,7,376
41.5,1,6,8,377
41.5,1,6,9,379
41.5,1,6,10,381
41.5,1,6,11,382
41.5,1,6,12,384
41.5,1,6,13,386
41.5,1,6,14,388
41.5,1,6,15,389
41.5,1,7,0,365
41.5,1,7,1,367
41.5,1,7,2,369
41.5,1,7,3,371
41.5,1,7,4,373
41.5,1,7,5,374
41.5,1,7,6,376
41.5,1,7,7,378
41.5,1,7,8,379
41.5,1,7,9,381
41.5,1,7,10,383
41.5,1,7,11,385
41.5,1,7,12,386
41.5,1,7,13,388
41.5,1,7,14,390
41.5,1,7,15,391
41.5,1,8,0,367
41.5,1,8,1,369
41.5,1,8,2,371
41.5,1,8,3,373
41.5,1,8,4,375
41.5,1,8,5,376
41.5,1,8,6,378
41.5,1,8,7,380
41.5,1,8,8,382
41.5,1,8,9,383
41.5,1,8,10,385
41.5,1,8,11,387
41.5,1,8,12,388
41.5,1,8,13,390
41.5,1,8,14,392
41.5,1,8,15,394
41.5,1,9,0,369
41.5,1,9,1,371
41.5,1,9,2,373
41.5,1,9,3,375
41.5,1,9,4,377
41.5,1,9,5,378
41.5,1,9,6,380
41.5,1,9,7,382
41.5,1,9,8,384
41.5,1,9,9,385
41.5,1,9,10,387
41.5,1,9,11,389
41.5,1,9,12,391
41.5,1,9,13,392
41.5,1,9,14,394
41.5,1,9,15,396
41.5,1,10,0,371
41.5,1,10,1,373
41.5,1,10,2,375
41.5,1,10,3,377
41.5,1,10,4,379
41.5,1,10,5,380
41.5,1,10,6,382
41.5,1,10,7,384
41.5,1,10,8,386
41.5,1,10,9,388
41.5,1,10,10,389
41.5,1,10,11,391
41.5,1,10,12,393
41.5,1,10,13,394
41.5,1,10,14,396
41.5,1,10,15,398
41.5,1,11,0,373
41.5,1,11,1,375
41.5,1,11,2,377
41.5,1,11,3,379
41.5,1,11,4,381
41.5,1,11,5,382
41.5,1,11,6,384
41.5,1,11,7,386
41.5,1,11,8,388
41.5,1,11,9,390
41.5,1,11,10,391
41.5,1,11,11,393
41.5,1,11,12,395
41.5,1,11,13,397
41.5,1,11,14,398
41.5,1,11,15,400
41.5,1,12,0,375
41.5,1,12,1,377
41.5,1,12,2,379
41.5,1,12,3,381
41.5,1,12,4,383
41.5,1,12,5,385
41.5,1,12,6,386
41.5,1,12,7,388
41.5,1,12,8,390
41.5,1,12,9,392
41.5,1,12,10,393
41.5,1,12,11,395
41.5,1,12,12,397
41.5,1,12,13,399
41.5,1,12,14,400
41.5,1,12,15,402
41.5,1,13,0,377
41.5,1,13,1,379
41.5,1,13,2,381
41.5,1,13,3,383
41.5,1,13,4,385
41.5,1,13,5,387
41.5,1,13,6,388
41.5,1,13,7,390
41.5,1,13,8,392
41.5,1,13,9,394
41.5,1,13,10,395
41.5,1,13,11,397
41.5,1,13,12,399
41.5,1,13,13,401
41.5,1,13,14,402
41.5,1,13,15,404
41.5,1,14,0,379
41.5,1,14,1,381
41.5,1,14,2,383
41.5,1,14,3,385
41.5,1,14,4,387
41.5,1,14,5,389
41.5,1,14,6,390
41.5,1,14,7,392
41.5,1,14,8,394
41.5,1,14,9,396
41.5,1,14,10,398
41.5,1,14,11,399
41.5,1,14,12,401
41.5,1,14,13,403
41.5,1,14,14,405
41.5,1,14,15,406
41.5,1,15,0,381
41.5,1,15,1,383
41.5,1,15,2,385
41.5,1,15,3,387
41.5,1,15,4,389
41.5,1,15,5,391
41.5,1,15,6,392
41.5,1,15,7,394
41.5,1,15,8,396
41.5,1,15,9,398
41.5,1,15,10,400
41.5,1,15,11,401
41.5,1,15,12,403
41.5,1,15,13,405
41.5,1,15,14,407
41.5,1,15,15,408
41.5,2,0,0,357
41.5,2,0,1,358
41.5,2,0,2,360
41.5,2,0,3,362
41.5,2,0,4,364
41.5,2,0,5,365
41.5,2,0,6,367
41.5,2,0,7,369
41.5,2,0,8,370
41.5,2,0,9,372
41.5,2,0,10,374
41.5,2,0,11,376
41.5,2,0,12,377
41.5,2,0,13,379
41.5,2,0,14,380
41.5,2,0,15,382
41.5,2,1,0,359
41.5,2,1,1,361
41.5,2,1,2,362
41.5,2,1,3,364
41.5,2,1,4,366
41.5,2,1,5,368
41.5,2,1,6,369
41.5,2,1,7,371
41.5,2,1,8,373
41.5,2,1,9,374
41.5,2,1,10,376
41.5,2,1,11,378
41.5,2,1,12,379
41.5,2,1,13,381
41.5,2,1,14,383
41.5,2,1,15,384
41.5,2,2,0,361
41.5,2,2,1,363
41.5,2,2,2,365
41.5,2,2,3,366
41.5,2,2,4,368
41.5,2,2,5,370
41.5,2,2,6,371
41.5,2,2,7,373
41.5,2,2,8,375
41.5,2,2,9,377
41.5,2,2,10,378
41.5,2,2,11,380
41.5,2,2,12,382
41.5,2,2,13,383
41.5,2,2,14,385
41.5,2,2,15,387
41.5,2,3,0,363
41.5,2,3,1,365
41.5,2,3,2,367
41.5,2,3,3,368
41.5,2,3,4,370
41.5,2,3,5,372
41.5,2,3,6,374
41.5,2,3,7,375
41.5,2,3,8,377
41.5,2,3,9,379
41.5,2,3,10,381
41.5,2,3,11,382
41.5,2,3,12,384
41.5,2,3,13,386
41.5,2,3,14,387
41.5,2,3,15,389
41.5,2,4,0,365
41.5,2,4,1,367
41.5,2,4,2,369
41.5,2,4,3,371
41.5,2,4,4,372
41.5,2,4,5,374
41.5,2,4,6,376
41.5,2,4,7,378
41.5,2,4,8,379
41.5,2,4,9,381
41.5,2,4,10,383
41.5,2,4,11,384
41.5,2,4,12,386
41.5,2,4,13,388
41.5,2,4,14,390
41.5,2,4,15,391
41.5,2,5,0,367
41.5,2,5,1,369
41.5,2,5,2,371
41.5,2,5,3,373
41.5,2,5,4,374
41.5,2,5,5,376
41.5,2,5,6,378
41.5,2,5,7,380
41.5,2,5,8,381
41.5,2,5,9,383
41.5,2,5,10,385
41.5,2,5,11,387
41.5,2,5,12,388
41.5,2,5,13,390
41.5,2,5,14,392
41.5,2,5,15,393
41.5,2,6,0,369
41.5,2,6,1,371
41.5,2,6,2,373
41.5,2,6,3,375
41.5,2,6,4,377
41.5,2,6,5,378
41.5,2,6,6,380
41.5,2,6,7,382
41.5,2,6,8,384
41.5,2,6,9,385
41.5,2,6,10,387
41.5,2,6,11,389
41.5,2,6,12,391
41.5,2,6,13,392
41.5,2,6,14,394
41.5,2,6,15,396
41.5,2,7,0,371
41.5,2,7,1,373
41.5,2,7,2,375
41.5,2,7,3,377
41.5,2,7,4,379
41.5,2,7,5,381
41.5,2,7,6,382
41.5,2,7,7,384
41.5,2,7,8,386
41.5,2,7,9,388
41.5,2,7,10,389
41.5,2,7,11,391
41.5,2,7,12,393
41.5,2,7,13,394
41.5,2,7,14,396
41.5,2,7,15,398
41.5,2,8,0,374
41.5,2,8,1,375
41.5,2,8,2,377
41.5,2,8,3,379
41.5,2,8,4,381
41.5,2,8,5,383
41.5,2,8,6,384
41.5,2,8,7,386
41.5,2,8,8,388
41.5,2,8,9,390
41.5,2,8,10,391
41.5,2,8,11,393
41.5,2,8,12,395
41.5,2,8,13,397
41.5,2,8,14,398
41.5,2,8,15,400
41.5,2,9,0,376
41.5,2,9,1,377
41.5,2,9,2,379
41.5,2,9,3,381
41.5,2,9,4,383
41.5,2,9,5,385
41.5,2,9,6,387
41.5,2,9,7,388
41.5,2,9,8,390
41.5,2,9,9,392
41.5,2,9,10,394
41.5,2,9,11,395
41.5,2,9,12,397
41.5,2,9,13,399
41.5,2,9,14,401
41.5,2,9,15,402
41.5,2,10,0,378
41.5,2,10,1,379
41.5,2,10,2,381
41.5,2,10,3,383
41.5,2,10,4,385
41.5,2,10,5,387
41.5,2,10,6,389
41.5,2,10,7,390
41.5,2,10,8,392
41.5,2,10,9,394
41.5,2,10,10,396
41.5,2,10,11,398
41.5,2,10,12,399
41.5,2,10,13,401
41.5,2,10,14,403
41.5,2,10,15,404
41.5,2,11,0,380
41.5,2,11,1,382
41.5,2,11,2,383
41.5,2,11,3,385
41.5,2,11,4,387
41.5,2,11,5,389
41.5,2,11,6,391
41.5,2,11,7,393
41.5,2,11,8,394
41.5,2,11,9,396
41.5,2,11,10,398
41.5,2,11,11,400
41.5,2,11,12,401
41.5,2,11,13,403
41.5,2,11,14,405
41.5,2,11,15,407
41.5,2,12,0,382
41.5,2,12,1,384
41.5,2,12,2,385
41.5,2,12,3,387
41.5,2,12,4,389
41.5,2,12,5,391
41.5,2,12,6,393
41.5,2,12,7,395
41.5,2,12,8,396
41.5,2,12,9,398
41.5,2,12,10,400
41.5,2,12,11,402
41.5,2,12,12,404
41.5,2,12,13,405
41.5,2,12,14,407
41.5,2,12,15,409
41.5,2,13,0,384
41.5,2,13,1,386
41.5,2,13,2,387
41.5,2,13,3,389
41.5,2,13,4,391
41.5,2,13,5,393
41.5,2,13,6,395
41.5,2,13,7,397
41.5,2,13,8,398
41.5,2,13,9,400
41.5,2,13,10,402
41.5,2,13,11,404
41.5,2,13,12,406
41.5,2,13,13,407
41.5,2,13,14,409
41.5,2,13,15,411
41.5,2,14,0,386
41.5,2,14,1,388
41.5,2,14,2,389
41.5,2,14,3,391
41.5,2,14,4,393
41.5,2,14,5,395
41.5,2,14,6,397
41.5,2,14,7,399
41.5,2,14,8,401
41.5,2,14,9,402
41.5,2,14,10,404
41.5,2,14,11,406
41.5,2,14,12,408
41.5,2,14,13,410
41.5,2,14,14,411
41.5,2,14,15,413
41.5,2,15,0,388
41.5,2,15,1,390
41.5,2,15,2,391
41.5,2,15,3,393
41.5,2,15,4,395
41.5,2,15,5,397
41.5,2,15,6,399
41.5,2,15,7,401
41.5,2,15,8,403
41.5,2,15,9,404
41.5,2,15,10,406
41.5,2,15,11,408
41.5,2,15,12,410
41.5,2,15,13,412
41.5,2,15,14,413
41.5,2,15,15,415
41.5,3,0,0,363
41.5,3,0,1,364
41.5,3,0,2,366
41.5,3,0,3,368
41.5,3,0,4,370
41.5,3,0,5,371
41.5,3,0,6,373
41.5,3,0,7,375
41.5,3,0,8,377
41.5,3,0,9,378
41.5,3,0,10,380
41.5,3,0,11,382
41.5,3,0,12,383
41.5,3,0,13,385
41.5,3,0,14,387
41.5,3,0,15,388
41.5,3,1,0,365
41.5,3,1,1,367
41.5,3,1,2,368
41.5,3,1,3,370
41.5,3,1,4,372
41.5,3,1,5,374
41.5,3,1,6,375
41.5,3,1,7,377
41.5,3,1,8,379
41.5,3,1,9,381
41.5,3,1,10,382
41.5,3,1,11,384
41.5,3,1,12,386
41.5,3,1,13,387
41.5,3,1,14,389
41.5,3,1,15,391
41.5,3,2,0,367
41.5,3,2,1,369
41.5,3,2,2,371
41.5,3,2,3,372
41.5,3,2,4,374
41.5,3,2,5,376
41.5,3,2,6,378
41.5,3,2,7,379
41.5,3,2,8,381
41.5,3,2,9,383
41.5,3,2,10,385
41.5,3,2,11,386
41.5,3,2,12,388
41.5,3,2,13,390
41.5,3,2,14,391
41.5,3,2,15,393
41.5,3,3,0,369
41.5,3,3,1,371
41.5,3,3,2,373
41.5,3,3,3,374
41.5,3,3,4,376
41.5,3,3,5,378
41.5,3,3,6,380
41.5,3,3,7,382
41.5,3,3,8,383
41.5,3,3,9,385
41.5,3,3,10,387
41.5,3,3,11,389
41.5,3,3,12,390
41.5,3,3,13,392
41.5,3,3,14,394
41.5,3,3,15,395
41.5,3,4,0,371
41.5,3,4,1,373
41.5,3,4,2,375
41.5,3,4,3,377
41.5,3,4,4,378
41.5,3,4,5,380
41.5,3,4,6,382
41.5,3,4,7,384
41.5,3,4,8,386
41.5,3,4,9,387
41.5,3,4,10,389
41.5,3,4,11,391
41.5,3,4,12,392
41.5,3,4,13,394
41.5,3,4,14,396
41.5,3,4,15,398
41.5,3,5,0,373
41.5,3,5,1,375
41.5,3,5,2,377
41.5,3,5,3,379
41.5,3,5,4,381
41.5,3,5,5,382
41.5,3,5,6,384
41.5,3,5,7,386
41.5,3,5,8,388
41.5,3,5,9,390
41.5,3,5,10,391
41.5,3,5,11,393
41.5,3,5,12,395
41.5,3,5,13,396
41.5,3,5,14,398
41.5,3,5,15,400
41.5,3,6,0,375
41.5,3,6,1,377
41.5,3,6,2,379
41.5,3,6,3,381
41.5,3,6,4,383
41.5,3,6,5,385
41.5,3,6,6,386
41.5,3,6,7,388
41.5,3,6,8,390
41.5,3,6,9,392
41.5,3,6,10,393
41.5,3,6,11,395
41.5,3,6,12,397
41.5,3,6,13,399
41.5,3,6,14,400
41.5,3,6,15,402
41.5,3,7,0,378
41.5,3,7,1,379
41.5,3,7,2,381
41.5,3,7,3,383
41.5,3,7,4,385
41.5,3,7,5,387
41.5,3,7,6,389
41.5,3,7,7,390
41.5,3,7,8,392
41.5,3,7,9,394
41.5,3,7,10,396
41.5,3,7,11,397
41.5,3,7,12,399
41.5,3,7,13,401
41.5,3,7,14,403
41.5,3,7,15,404
41.5,3,8,0,380
41.5,3,8,1,382
41.5,3,8,2,383
41.5,3,8,3,385
41.5,3,8,4,387
41.5,3,8,5,389
41.5,3,8,6,391
41.5,3,8,7,393
41.5,3,8,8,394
41.5,3,8,9,396
41.5,3,8,10,398
41.5,3,8,11,400
41.5,3,8,12,401
41.5,3,8,13,403
41.5,3,8,14,405
41.5,3,8,15,407
41.5,3,9,0,382
41.5,3,9,1,384
41.5,3,9,2,386
41.5,3,9,3,387
41.5,3,9,4,389
41.5,3,9,5,391
41.5,3,9,6,393
41.5,3,9,7,395
41.5,3,9,8,396
41.5,3,9,9,398
41.5,3,9,10,400
41.5,3,9,11,402
41.5,3,9,12,404
41.5,3,9,13,405
41.5,3,9,14,407
41.5,3,9,15,409
41.5,3,10,0,384
41.5,3,10,1,386
41.5,3,10,2,388
41.5,3,10,3,389
41.5,3,10,4,391
41.5,3,10,5,393
41.5,3,10,6,395
41.5,3,10,7,397
41.5,3,10,8,399
41.5,3,10,9,400
41.5,3,10,10,402
41.5,3,10,11,404
41.5,3,10,12,406
41.5,3,10,13,408
41.5,3,10,14,409
41.5,3,10,15,411
41.5,3,11,0,386
41.5,3,11,1,388
41.5,3,11,2,390
41.5,3,11,3,392
41.5,3,11,4,393
41.5,3,11,5,395
41.5,3,11,6,397
41.5,3,11,7,399
41.5,3,11,8,401
41.5,3,11,9,403
41.5,3,11,10,404
41.5,3,11,11,406
41.5,3,11,12,408
41.5,3,11,13,410
41.5,3,11,14,412
41.5,3,11,15,413
41.5,3,12,0,388
41.5,3,12,1,390
41.5,3,12,2,392
41.5,3,12,3,394
41.5,3,12,4,395
41.5,3,12,5,397
41.5,3,12,6,399
41.5,3,12,7,401
41.5,3,12,8,403
41.5,3,12,9,405
41.5,3,12,10,407
41.5,3,12,11,408
41.5,3,12,12,410
41.5,3,12,13,412
41.5,3,12,14,414
41.5,3,12,15,416
41.5,3,13,0,390
41.5,3,13,1,392
41.5,3,13,2,394
41.5,3,13,3,396
41.5,3,13,4,398
41.5,3,13,5,399
41.5,3,13,6,401
41.5,3,13,7,403
41.5,3,13,8,405
41.5,3,13,9,407
41.5,3,13,10,409
41.5,3,13,11,411
41.5,3,13,12,412
41.5,3,13,13,414
41.5,3,13,14,416
41.5,3,13,15,418
41.5,3,14,0,392
41.5,3,14,1,394
41.5,3,14,2,396
41.5,3,14,3,398
41.5,3,14,4,400
41.5,3,14,5,402
41.5,3,14,6,403
41.5,3,14,7,405
41.5,3,14,8,407
41.5,3,14,9,409
41.5,3,14,10,411
41.5,3,14,11,413
41.5,3,14,12,414
41.5,3,14,13,416
41.5,3,14,14,418
41.5,3,14,15,420
41.5,3,15,0,394
41.5,3,15,1,396
41.5,3,15,2,398
41.5,3,15,3,400
41.5,3,15,4,402
41.5,3,15,5,404
41.5,3,15,6,405
41.5,3,15,7,407
41.5,3,15,8,409
41.5,3,15,9,411
41.5,3,15,10,413
41.5,3,15,11,415
41.5,3,15,12,417
41.5,3,15,13,418
41.5,3,15,14,420
41.5,3,15,15,422
41.5,4,0,0,368
41.5,4,0,1,370
41.5,4,0,2,372
41.5,4,0,3,374
41.5,4,0,4,376
41.5,4,0,5,377
41.5,4,0,6,379
41.5,4,0,7,381
41.5,4,0,8,383
41.5,4,0,9,384
41.5,4,0,10,386
41.5,4,0,11,388
41.5,4,0,12,390
41.5,4,0,13,391
41.5,4,0,14,393
41.5,4,0,15,395
41.5,4,1,0,371
41.5,4,1,1,372
41.5,4,1,2,374
41.5,4,1,3,376
41.5,4,1,4,378
41.5,4,1,5,380
41.5,4,1,6,381
41.5,4,1,7,383
41.5,4,1,8,385
41.5,4,1,9,387
41.5,4,1,10,388
41.5,4,1,11,390
41.5,4,1,12,392
41.5,4,1,13,394
41.5,4,1,14,395
41.5,4,1,15,397
41.5,4,2,0,373
41.5,4,2,1,375
41.5,4,2,2,377
41.5,4,2,3,378
41.5,4,2,4,380
41.5,4,2,5,382
41.5,4,2,6,384
41.5,4,2,7,385
41.5,4,2,8,387
41.5,4,2,9,389
41.5,4,2,10,391
41.5,4,2,11,392
41.5,4,2,12,394
41.5,4,2,13,396
41.5,4,2,14,398
41.5,4,2,15,399
41.5,4,3,0,375
41.5,4,3,1,377
41.5,4,3,2,379
41.5,4,3,3,381
41.5,4,3,4,382
41.5,4,3,5,384
41.5,4,3,6,386
41.5,4,3,7,388
41.5,4,3,8,390
41.5,4,3,9,391
41.5,4,3,10,393
41.5,4,3,11,395
41.5,4,3,12,397
41.5,4,3,13,398
41.5,4,3,14,400
41.5,4,3,15,402
41.5,4,4,0,377
41.5,4,4,1,379
41.5,4,4,2,381
41.5,4,4,3,383
41.5,4,4,4,385
41.5,4,4,5,386
41.5,4,4,6,388
41.5,4,4,7,390
41.5,4,4,8,392
41.5,4,4,9,394
41.5,4,4,10,395
41.5,4,4,11,397
41.5,4,4,12,399
41.5,4,4,13,401
41.5,4,4,14,402
41.5,4,4,15,404
41.5,4,5,0,379
41.5,4,5,1,381
41.5,4,5,2,383
41.5,4,5,3,385
41.5,4,5,4,387
41.5,4,5,5,389
41.5,4,5,6,390
41.5,4,5,7,392
41.5,4,5,8,394
41.5,4,5,9,396
41.5,4,5,10,398
41.5,4,5,11,399
41.5,4,5,12,401
41.5,4,5,13,403
41.5,4,5,14,405
41.5,4,5,15,406
41.5,4,6,0,382
41.5,4,6,1,383
41.5,4,6,2,385
41.5,4,6,3,387
41.5,4,6,4,389
41.5,4,6,5,391
41.5,4,6,6,393
41.5,4,6,7,394
41.5,4,6,8,396
41.5,4,6,9,398
41.5,4,6,10,400
41.5,4,6,11,402
41.5,4,6,12,403
41.5,4,6,13,405
41.5,4,6,14,407
41.5,4,6,15,409
41.5,4,7,0,384
41.5,4,7,1,386
41.5,4,7,2,387
41.5,4,7,3,389
41.5,4,7,4,391
41.5,4,7,5,393
41.5,4,7,6,395
41.5,4,7,7,397
41.5,4,7,8,398
41.5,4,7,9,400
41.5,4,7,10,402
41.5,4,7,11,404
41.5,4,7,12,406
41.5,4,7,13,407
41.5,4,7,14,409
41.5,4,7,15,411
41.5,4,8,0,386
41.5,4,8,1,388
41.5,4,8,2,390
41.5,4,8,3,391
41.5,4,8,4,393
41.5,4,8,5,395
41.5,4,8,6,397
41.5,4,8,7,399
41.5,4,8,8,401
41.5,4,8,9,403
41.5,4,8,10,404
41.5,4,8,11,406
41.5,4,8,12,408
41.5,4,8,13,410
41.5,4,8,14,411
41.5,4,8,15,413
41.5,4,9,0,388
41.5,4,9,1,390
41.5,4,9,2,392
41.5,4,9,3,394
41.5,4,9,4,395
41.5,4,9,5,397
41.5,4,9,6,399
41.5,4,9,7,401
41.5,4,9,8,403
41.5,4,9,9,405
41.5,4,9,10,407
41.5,4,9,11,408
41.5,4,9,12,410
41.5,4,9,13,412
41.5,4,9,14,414
41.5,4,9,15,416
41.5,4,10,0,390
41.5,4,10,1,392
41.5,4,10,2,394
41.5,4,10,3,396
41.5,4,10,4,398
41.5,4,10,5,400
41.5,4,10,6,401
41.5,4,10,7,403
41.5,4,10,8,405
41.5,4,10,9,407
41.5,4,10,10,409
41.5,4,10,11,411
41.5,4,10,12,412
41.5,4,10,13,414
41.5,4,10,14,416
41.5,4,10,15,418
41.5,4,11,0,392
41.5,4,11,1,394
41.5,4,11,2,396
41.5,4,11,3,398
41.5,4,11,4,400
41.5,4,11,5,402
41.5,4,11,6,404
41.5,4,11,7,405
41.5,4,11,8,407
41.5,4,11,9,409
41.5,4,11,10,411
41.5,4,11,11,413
41.5,4,11,12,415
41.5,4,11,13,416
41.5,4,11,14,418
41.5,4,11,15,420
41.5,4,12,0,394
41.5,4,12,1,396
41.5,4,12,2,398
41.5,4,12,3,400
41.5,4,12,4,402
41.5,4,12,5,404
41.5,4,12,6,406
41.5,4,12,7,408
41.5,4,12,8,409
41.5,4,12,9,411
41.5,4,12,10,413
41.5,4,12,11,415
41.5,4,12,12,417
41.5,4,12,13,419
41.5,4,12,14,420
41.5,4,12,15,422
41.5,4,13,0,396
41.5,4,13,1,398
41.5,4,13,2,400
41.5,4,13,3,402
41.5,4,13,4,404
41.5,4,13,5,406
41.5,4,13,6,408
41.5,4,13,7,410
41.5,4,13,8,412
41.5,4,13,9,413
41.5,4,13,10,415
41.5,4,13,11,417
41.5,4,13,12,419
41.5,4,13,13,421
41.5,4,13,14,423
41.5,4,13,15,424
41.5,4,14,0,398
41.5,4,14,1,400
41.5,4,14,2,402
41.5,4,14,3,404
41.5,4,14,4,406
41.5,4,14,5,408
41.5,4,14,6,410
41.5,4,14,7,412
41.5,4,14,8,414
41.5,4,14,9,416
41.5,4,14,10,417
41.5,4,14,11,419
41.5,4,14,12,421
41.5,4,14,13,423
41.5,4,14,14,425
41.5,4,14,15,427
41.5,4,15,0,400
41.5,4,15,1,402
41.5,4,15,2,404
41.5,4,15,3,406
41.5,4,15,4,408
41.5,4,15,5,410
41.5,4,15,6,412
41.5,4,15,7,414
41.5,4,15,8,416
41.5,4,15,9,418
41.5,4,15,10,420
41.5,4,15,11,421
41.5,4,15,12,423
41.5,4,15,13,425
41.5,4,15,14,427
41.5,4,15,15,429
41.5,5,0,0,374
41.5,5,0,1,376
41.5,5,0,2,378
41.5,5,0,3,380
41.5,5,0,4,382
41.5,5,0,5,383
41.5,5,0,6,385
41.5,5,0,7,387
41.5,5,0,8,389
41.5,5,0,9,390
41.5,5,0,10,392
41.5,5,0,11,394
41.5,5,0,12,396
41.5,5,0,13,397
41.5,5,0,14,399
41.5,5,0,15,401
41.5,5,1,0,377
41.5,5,1,1,378
41.5,5,1,2,380
41.5,5,1,3,382
41.5,5,1,4,384
41.5,5,1,5,386
41.5,5,1,6,387
41.5,5,1,7,389
41.5,5,1,8,391
41.5,5,1,9,393
41.5,5,1,10,395
41.5,5,1,11,396
41.5,5,1,12,398
41.5,5,1,13,400
41.5,5,1,14,402
41.5,5,1,15,403
41.5,5,2,0,379
41.5,5,2,1,381
41.5,5,2,2,382
41.5,5,2,3,384
41.5,5,2,4,386
41.5,5,2,5,388
41.5,5,2,6,390
41.5,5,2,7,392
41.5,5,2,8,393
41.5,5,2,9,395
41.5,5,2,10,397
41.5,5,2,11,399
41.5,5,2,12,400
41.5,5,2,13,402
41.5,5,2,14,404
41.5,5,2,15,406
41.5,5,3,0,381
41.5,5,3,1,383
41.5,5,3,2,385
41.5,5,3,3,387
41.5,5,3,4,388
41.5,5,3,5,390
41.5,5,3,6,392
41.5,5,3,7,394
41.5,5,3,8,396
41.5,5,3,9,397
41.5,5,3,10,399
41.5,5,3,11,401
41.5,5,3,12,403
41.5,5,3,13,405
41.5,5,3,14,406
41.5,5,3,15,408
41.5,5,4,0,383
41.5,5,4,1,385
41.5,5,4,2,387
41.5,5,4,3,389
41.5,5,4,4,391
41.5,5,4,5,393
41.5,5,4,6,394
41.5,5,4,7,396
41.5,5,4,8,398
41.5,5,4,9,400
41.5,5,4,10,402
41.5,5,4,11,403
41.5,5,4,12,405
41.5,5,4,13,407
41.5,5,4,14,409
41.5,5,4,15,410
41.5,5,5,0,385
41.5,5,5,1,387
41.5,5,5,2,389
41.5,5,5,3,391
41.5,5,5,4,393
41.5,5,5,5,395
41.5,5,5,6,397
41.5,5,5,7,398
41.5,5,5,8,400
41.5,5,5,9,402
41.5,5,5,10,404
41.5,5,5,11,406
41.5,5,5,12,408
41.5,5,5,13,409
41.5,5,5,14,411
41.5,5,5,15,413
41.5,5,6,0,388
41.5,5,6,1,390
41.5,5,6,2,391
41.5,5,6,3,393
41.5,5,6,4,395
41.5,5,6,5,397
41.5,5,6,6,399
41.5,5,6,7,401
41.5,5,6,8,403
41.5,5,6,9,404
41.5,5,6,10,406
41.5,5,6,11,408
41.5,5,6,12,410
41.5,5,6,13,412
41.5,5,6,14,413
41.5,5,6,15,415
41.5,5,7,0,390
41.5,5,7,1,392
41.5,5,7,2,394
41.5,5,7,3,395
41.5,5,7,4,397
41.5,5,7,5,399
41.5,5,7,6,401
41.5,5,7,7,403
41.5,5,7,8,405
41.5,5,7,9,407
41.5,5,7,10,408
41.5,5,7,11,410
41.5,5,7,12,412
41.5,5,7,13,414
41.5,5,7,14,416
41.5,5,7,15,418
41.5,5,8,0,392
41.5,5,8,1,394
41.5,5,8,2,396
41.5,5,8,3,398
41.5,5,8,4,400
41.5,5,8,5,401
41.5,5,8,6,403
41.5,5,8,7,405
41.5,5,8,8,407
41.5,5,8,9,409
41.5,5,8,10,411
41.5,5,8,11,413
41.5,5,8,12,414
41.5,5,8,13,416
41.5,5,8,14,418
41.5,5,8,15,420
41.5,5,9,0,394
41.5,5,9,1,396
41.5,5,9,2,398
41.5,5,9,3,400
41.5,5,9,4,402
41.5,5,9,5,404
41.5,5,9,6,406
41.5,5,9,7,407
41.5,5,9,8,409
41.5,5,9,9,411
41.5,5,9,10,413
41.5,5,9,11,415
41.5,5,9,12,417
41.5,5,9,13,418
41.5,5,9,14,420
41.5,5,9,15,422
41.5,5,10,0,396
41.5,5,10,1,398
41.5,5,10,2,400
41.5,5,10,3,402
41.5,5,10,4,404
41.5,5,10,5,406
41.5,5,10,6,408
41.5,5,10,7,410
41.5,5,10,8,412
41.5,5,10,9,413
41.5,5,10,10,415
41.5,5,10,11,417
41.5,5,10,12,419
41.5,5,10,13,421
41.5,5,10,14,423
41.5,5,10,15,424
41.5,5,11,0,398
41.5,5,11,1,400
41.5,5,11,2,402
41.5,5,11,3,404
41.5,5,11,4,406
41.5,5,11,5,408
41.5,5,11,6,410
41.5,5,11,7,412
41.5,5,11,8,414
41.5,5,11,9,416
41.5,5,11,10,417
41.5,5,11,11,419
41.5,5,11,12,421
41.5,5,11,13,423
41.5,5,11,14,425
41.5,5,11,15,427
41.5,5,12,0,400
41.5,5,12,1,402
41.5,5,12,2,404
41.5,5,12,3,406
41.5,5,12,4,408
41.5,5,12,5,410
41.5,5,12,6,412
41.5,5,12,7,414
41.5,5,12,8,416
41.5,5,12,9,418
41.5,5,12,10,420
41.5,5,12,11,422
41.5,5,12,12,423
41.5,5,12,13,425
41.5,5,12,14,427
41.5,5,12,15,429
41.5,5,13,0,403
41.5,5,13,1,405
41.5,5,13,2,407
41.5,5,13,3,408
41.5,5,13,4,410
41.5,5,13,5,412
41.5,5,13,6,414
41.5,5,13,7,416
41.5,5,13,8,418
41.5,5,13,9,420
41.5,5,13,10,422
41.5,5,13,11,424
41.5,5,13,12,426
41.5,5,13,13,428
41.5,5,13,14,429
41.5,5,13,15,431
41.5,5,14,0,405
41.5,5,14,1,407
41.5,5,14,2,409
41.5,5,14,3,411
41.5,5,14,4,413
41.5,5,14,5,414
41.5,5,14,6,416
41.5,5,14,7,418
41.5,5,14,8,420
41.5,5,14,9,422
41.5,5,14,10,424
41.5,5,14,11,426
41.5,5,14,12,428
41.5,5,14,13,430
41.5,5,14,14,432
41.5,5,14,15,433
41.5,5,15,0,407
41.5,5,15,1,409
41.5,5,15,2,411
41.5,5,15,3,413
41.5,5,15,4,415
41.5,5,15,5,417
41.5,5,15,6,419
41.5,5,15,7,421
41.5,5,15,8,422
41.5,5,15,9,424
41.5,5,15,10,426
41.5,5,15,11,428
41.5,5,15,12,430
41.5,5,15,13,432
41.5,5,15,14,434
41.5,5,15,15,436
41.5,6,0,0,380
41.5,6,0,1,382
41.5,6,0,2,384
41.5,6,0,3,386
41.5,6,0,4,388
41.5,6,0,5,389
41.5,6,0,6,391
41.5,6,0,7,393
41.5,6,0,8,395
41.5,6,0,9,397
41.5,6,0,10,398
41.5,6,0,11,400
41.5,6,0,12,402
41.5,6,0,13,404
41.5,6,0,14,405
41.5,6,0,15,407
41.5,6,1,0,382
41.5,6,1,1,384
41.5,6,1,2,386
41.5,6,1,3,388
41.5,6,1,4,390
41.5,6,1,5,392
41.5,6,1,6,394
41.5,6,1,7,395
41.5,6,1,8,397
41.5,6,1,9,399
41.5,6,1,10,401
41.5,6,1,11,403
41.5,6,1,12,404
41.5,6,1,13,406
41.5,6,1,14,408
41.5,6,1,15,410
41.5,6,2,0,385
41.5,6,2,1,387
41.5,6,2,2,388
41.5,6,2,3,390
41.5,6,2,4,392
41.5,6,2,5,394
41.5,6,2,6,396
41.5,6,2,7,398
41.5,6,2,8,400
41.5,6,2,9,401
41.5,6,2,10,403
41.5,6,2,11,405
41.5,6,2,12,407
41.5,6,2,13,409
41.5,6,2,14,410
41.5,6,2,15,412
41.5,6,3,0,387
41.5,6,3,1,389
41.5,6,3,2,391
41.5,6,3,3,393
41.5,6,3,4,395
41.5,6,3,5,396
41.5,6,3,6,398
41.5,6,3,7,400
41.5,6,3,8,402
41.5,6,3,9,404
41.5,6,3,10,406
41.5,6,3,11,407
41.5,6,3,12,409
41.5,6,3,13,411
41.5,6,3,14,413
41.5,6,3,15,414
41.5,6,4,0,389
41.5,6,4,1,391
41.5,6,4,2,393
41.5,6,4,3,395
41.5,6,4,4,397
41.5,6,4,5,399
41.5,6,4,6,401
41.5,6,4,7,402
41.5,6,4,8,404
41.5,6,4,9,406
41.5,6,4,10,408
41.5,6,4,11,410
41.5,6,4,12,412
41.5,6,4,13,413
41.5,6,4,14,415
41.5,6,4,15,417
41.5,6,5,0,391
41.5,6,5,1,393
41.5,6,5,2,395
41.5,6,5,3,397
41.5,6,5,4,399
41.5,6,5,5,401
41.5,6,5,6,403
41.5,6,5,7,405
41.5,6,5,8,407
41.5,6,5,9,408
41.5,6,5,10,410
41.5,6,5,11,412
41.5,6,5,12,414
41.5,6,5,13,416
41.5,6,5,14,417
41.5,6,5,15,419
41.5,6,6,0,394
41.5,6,6,1,396
41.5,6,6,2,398
41.5,6,6,3,399
41.5,6,6,4,401
41.5,6,6,5,403
41.5,6,6,6,405
41.5,6,6,7,407
41.5,6,6,8,409
41.5,6,6,9,411
41.5,6,6,10,413
41.5,6,6,11,414
41.5,6,6,12,416
41.5,6,6,13,418
41.5,6,6,14,420
41.5,6,6,15,422
41.5,6,7,0,396
41.5,6,7,1,398
41.5,6,7,2,400
41.5,6,7,3,402
41.5,6,7,4,404
41.5,6,7,5,405
41.5,6,7,6,407
41.5,6,7,7,409
41.5,6,7,8,411
41.5,6,7,9,413
41.5,6,7,10,415
41.5,6,7,11,417
41.5,6,7,12,419
41.5,6,7,13,420
41.5,6,7,14,422
41.5,6,7,15,424
41.5,6,8,0,398
41.5,6,8,1,400
41.5,6,8,2,402
41.5,6,8,3,404
41.5,6,8,4,406
41.5,6,8,5,408
41.5,6,8,6,410
41.5,6,8,7,412
41.5,6,8,8,413
41.5,6,8,9,415
41.5,6,8,10,417
41.5,6,8,11,419
41.5,6,8,12,421
41.5,6,8,13,423
41.5,6,8,14,425
41.5,6,8,15,426
41.5,6,9,0,400
41.5,6,9,1,402
41.5,6,9,2,404
41.5,6,9,3,406
41.5,6,9,4,408
41.5,6,9,5,410
41.5,6,9,6,412
41.5,6,9,7,414
41.5,6,9,8,416
41.5,6,9,9,418
41.5,6,9,10,419
41.5,6,9,11,421
41.5,6,9,12,423
41.5,6,9,13,425
41.5,6,9,14,427
41.5,6,9,15,429
41.5,6,10,0,402
41.5,6,10,1,404
41.5,6,10,2,406
41.5,6,10,3,408
41.5,6,10,4,410
41.5,6,10,5,412
41.5,6,10,6,414
41.5,6,10,7,416
41.5,6,10,8,418
41.5,6,10,9,420
41.5,6,10,10,422
41.5,6,10,11,424
41.5,6,10,12,425
41.5,6,10,13,427
41.5,6,10,14,429
41.5,6,10,15,431
41.5,6,11,0,405
41.5,6,11,1,407
41.5,6,11,2,409
41.5,6,11,3,411
41.5,6,11,4,412
41.5,6,11,5,414
41.5,6,11,6,416
41.5,6,11,7,418
41.5,6,11,8,420
41.5,6,11,9,422
41.5,6,11,10,424
41.5,6,11,11,426
41.5,6,11,12,428
41.5,6,11,13,430
41.5,6,11,14,432
41.5,6,11,15,433
41.5,6,12,0,407
41.5,6,12,1,409
41.5,6,12,2,411
41.5,6,12,3,413
41.5,6,12,4,415
41.5,6,12,5,417
41.5,6,12,6,419
41.5,6,12,7,420
41.5,6,12,8,422
41.5,6,12,9,424
41.5,6,12,10,426
41.5,6,12,11,428
41.5,6,12,12,430
41.5,6,12,13,432
41.5,6,12,14,434
41.5,6,12,15,436
41.5,6,13,0,409
41.5,6,13,1,411
41.5,6,13,2,413
41.5,6,13,3,415
41.5,6,13,4,417
41.5,6,13,5,419
41.5,6,13,6,421
41.5,6,13,7,423
41.5,6,13,8,425
41.5,6,13,9,427
41.5,6,13,10,428
41.5,6,13,11,430
41.5,6,13,12,432
41.5,6,13,13,434
41.5,6,13,14,436
41.5,6,13,15,438
41.5,6,14,0,411
41.5,6,14,1,413
41.5,6,14,2,415
41.5,6,14,3,417
41.5,6,14,4,419
41.5,6,14,5,421
41.5,6,14,6,423
41.5,6,14,7,425
41.5,6,14,8,427
41.5,6,14,9,429
41.5,6,14,10,431
41.5,6,14,11,433
41.5,6,14,12,435
41.5,6,14,13,436
41.5,6,14,14,438
41.5,6,14,15,440
41.5,6,15,0,413
41.5,6,15,1,415
41.5,6,15,2,417
41.5,6,15,3,419
41.5,6,15,4,421
41.5,6,15,5,423
41.5,6,15,6,425
41.5,6,15,7,427
41.5,6,15,8,429
41.5,6,15,9,431
41.5,6,15,10,433
41.5,6,15,11,435
41.5,6,15,12,437
41.5,6,15,13,439
41.5,6,15,14,441
41.5,6,15,15,443
41.5,7,0,0,386
41.5,7,0,1,388
41.5,7,0,2,390
41.5,7,0,3,392
41.5,7,0,4,394
41.5,7,0,5,395
41.5,7,0,6,397
41.5,7,0,7,399
41.5,7,0,8,401
41.5,7,0,9,403
41.5,7,0,10,405
41.5,7,0,11,406
41.5,7,0,12,408
41.5,7,0,13,410
41.5,7,0,14,412
41.5,7,0,15,413
41.5,7,1,0,388
41.5,7,1,1,390
41.5,7,1,2,392
41.5,7,1,3,394
41.5,7,1,4,396
41.5,7,1,5,398
41.5,7,1,6,400
41.5,7,1,7,401
41.5,7,1,8,403
41.5,7,1,9,405
41.5,7,1,10,407
41.5,7,1,11,409
41.5,7,1,12,411
41.5,7,1,13,412
41.5,7,1,14,414
41.5,7,1,15,416
41.5,7,2,0,391
41.5,7,2,1,393
41.5,7,2,2,394
41.5,7,2,3,396
41.5,7,2,4,398
41.5,7,2,5,400
41.5,7,2,6,402
41.5,7,2,7,404
41.5,7,2,8,406
41.5,7,2,9,408
41.5,7,2,10,409
41.5,7,2,11,411
41.5,7,2,12,413
41.5,7,2,13,415
41.5,7,2,14,417
41.5,7,2,15,418
41.5,7,3,0,393
41.5,7,3,1,395
41.5,7,3,2,397
41.5,7,3,3,399
41.5,7,3,4,401
41.5,7,3,5,402
41.5,7,3,6,404
41.5,7,3,7,406
41.5,7,3,8,408
41.5,7,3,9,410
41.5,7,3,10,412
41.5,7,3,11,414
41.5,7,3,12,415
41.5,7,3,13,417
41.5,7,3,14,419
41.5,7,3,15,421
41.5,7,4,0,395
41.5,7,4,1,397
41.5,7,4,2,399
41.5,7,4,3,401
41.5,7,4,4,403
41.5,7,4,5,405
41.5,7,4,6,407
41.5,7,4,7,409
41.5,7,4,8,410
41.5,7,4,9,412
41.5,7,4,10,414
41.5,7,4,11,416
41.5,7,4,12,418
41.5,7,4,13,420
41.5,7,4,14,422
41.5,7,4,15,423
41.5,7,5,0,397
41.5,7,5,1,399
41.5,7,5,2,401
41.5,7,5,3,403
41.5,7,5,4,405
41.5,7,5,5,407
41.5,7,5,6,409
41.5,7,5,7,411
41.5,7,5,8,413
41.5,7,5,9,415
41.5,7,5,10,417
41.5,7,5,11,418
41.5,7,5,12,420
41.5,7,5,13,422
41.5,7,5,14,424
41.5,7,5,15,426
41.5,7,6,0,400
41.5,7,6,1,402
41.5,7,6,2,404
41.5,7,6,3,406
41.5,7,6,4,408
41.5,7,6,5,409
41.5,7,6,6,411
41.5,7,6,7,413
41.5,7,6,8,415
41.5,7,6,9,417
41.5,7,6,10,419
41.5,7,6,11,421
41.5,7,6,12,423
41.5,7,6,13,424
41.5,7,6,14,426
41.5,7,6,15,428
41.5,7,7,0,402
41.5,7,7,1,404
41.5,7,7,2,406
41.5,7,7,3,408
41.5,7,7,4,410
41.5,7,7,5,412
41.5,7,7,6,414
41.5,7,7,7,416
41.5,7,7,8,417
41.5,7,7,9,419
41.5,7,7,10,421
41.5,7,7,11,423
41.5,7,7,12,425
41.5,7,7,13,427
41.5,7,7,14,429
41.5,7,7,15,431
41.5,7,8,0,404
41.5,7,8,1,406
41.5,7,8,2,408
41.5,7,8,3,410
41.5,7,8,4,412
41.5,7,8,5,414
41.5,7,8,6,416
41.5,7,8,7,418
41.5,7,8,8,420
41.5,7,8,9,422
41.5,7,8,10,424
41.5,7,8,11,425
41.5,7,8,12,427
41.5,7,8,13,429
41.5,7,8,14,431
41.5,7,8,15,433
41.5,7,9,0,406
41.5,7,9,1,408
41.5,7,9,2,410
41.5,7,9,3,412
41.5,7,9,4,414
41.5,7,9,5,416
41.5,7,9,6,418
41.5,7,9,7,420
41.5,7,9,8,422
41.5,7,9,9,424
41.5,7,9,10,426
41.5,7,9,11,428
41.5,7,9,12,430
41.5,7,9,13,432
41.5,7,9,14,433
41.5,7,9,15,435
41.5,7,10,0,409
41.5,7,10,1,411
41.5,7,10,2,413
41.5,7,10,3,415
41.5,7,10,4,417
41.5,7,10,5,419
41.5,7,10,6,421
41.5,7,10,7,422
41.5,7,10,8,424
41.5,7,10,9,426
41.5,7,10,10,428
41.5,7,10,11,430
41.5,7,10,12,432
41.5,7,10,13,434
41.5,7,10,14,436
41.5,7,10,15,438
41.5,7,11,0,411
41.5,7,11,1,413
41.5,7,11,2,415
41.5,7,11,3,417
41.5,7,11,4,419
41.5,7,11,5,421
41.5,7,11,6,423
41.5,7,11,7,425
41.5,7,11,8,427
41.5,7,11,9,429
41.5,7,11,10,431
41.5,7,11,11,432
41.5,7,11,12,434
41.5,7,11,13,436
41.5,7,11,14,438
41.5,7,11,15,440
41.5,7,12,0,413
41.5,7,12,1,415
41.5,7,12,2,417
41.5,7,12,3,419
41.5,7,12,4,421
41.5,7,12,5,423
41.5,7,12,6,425
41.5,7,12,7,427
41.5,7,12,8,429
41.5,7,12,9,431
41.5,7,12,10,433
41.5,7,12,11,435
41.5,7,12,12,437
41.5,7,12,13,439
41.5,7,12,14,440
41.5,7,12,15,442
41.5,7,13,0,415
41.5,7,13,1,417
41.5,7,13,2,419
41.5,7,13,3,421
41.5,7,13,4,423
41.5,7,13,5,425
41.5,7,13,6,427
41.5,7,13,7,429
41.5,7,13,8,431
41.5,7,13,9,433
41.5,7,13,10,435
41.5,7,13,11,437
41.5,7,13,12,439
41.5,7,13,13,441
41.5,7,13,14,443
41.5,7,13,15,445
41.5,7,14,0,417
41.5,7,14,1,419
41.5,7,14,2,421
41.5,7,14,3,423
41.5,7,14,4,425
41.5,7,14,5,427
41.5,7,14,6,429
41.5,7,14,7,431
41.5,7,14,8,433
41.5,7,14,9,435
41.5,7,14,10,437
41.5,7,14,11,439
41.5,7,14,12,441
41.5,7,14,13,443
41.5,7,14,14,445
41.5,7,14,15,447
41.5,7,15,0,419
41.5,7,15,1,422
41.5,7,15,2,424
41.5,7,15,3,426
41.5,7,15,4,428
41.5,7,15,5,430
41.5,7,15,6,432
41.5,7,15,7,434
41.5,7,15,8,436
41.5,7,15,9,438
41.5,7,15,10,440
41.5,7,15,11,442
41.5,7,15,12,444
41.5,7,15,13,445
41.5,7,15,14,447
41.5,7,15,15,449
41.5,8,0,0,392
41.5,8,0,1,394
41.5,8,0,2,396
41.5,8,0,3,398
41.5,8,0,4,399
41.5,8,0,5,401
41.5,8,0,6,403
41.5,8,0,7,405
41.5,8,0,8,407
41.5,8,0,9,409
41.5,8,0,10,411
41.5,8,0,11,412
41.5,8,0,12,414
41.5,8,0,13,416
41.5,8,0,14,418
41.5,8,0,15,420
41.5,8,1,0,394
41.5,8,1,1,396
41.5,8,1,2,398
41.5,8,1,3,400
41.5,8,1,4,402
41.5,8,1,5,404
41.5,8,1,6,406
41.5,8,1,7,408
41.5,8,1,8,409
41.5,8,1,9,411
41.5,8,1,10,413
41.5,8,1,11,415
41.5,8,1,12,417
41.5,8,1,13,419
41.5,8,1,14,420
41.5,8,1,15,422
41.5,8,2,0,397
41.5,8,2,1,399
41.5,8,2,2,400
41.5,8,2,3,402
41.5,8,2,4,404
41.5,8,2,5,406
41.5,8,2,6,408
41.5,8,2,7,410
41.5,8,2,8,412
41.5,8,2,9,414
41.5,8,2,10,416
41.5,8,2,11,417
41.5,8,2,12,419
41.5,8,2,13,421
41.5,8,2,14,423
41.5,8,2,15,425
41.5,8,3,0,399
41.5,8,3,1,401
41.5,8,3,2,403
41.5,8,3,3,405
41.5,8,3,4,407
41.5,8,3,5,409
41.5,8,3,6,410
41.5,8,3,7,412
41.5,8,3,8,414
41.5,8,3,9,416
41.5,8,3,10,418
41.5,8,3,11,420
41.5,8,3,12,422
41.5,8,3,13,424
41.5,8,3,14,425
41.5,8,3,15,427
41.5,8,4,0,401
41.5,8,4,1,403
41.5,8,4,2,405
41.5,8,4,3,407
41.5,8,4,4,409
41.5,8,4,5,411
41.5,8,4,6,413
41.5,8,4,7,415
41.5,8,4,8,417
41.5,8,4,9,419
41.5,8,4,10,420
41.5,8,4,11,422
41.5,8,4,12,424
41.5,8,4,13,426
41.5,8,4,14,428
41.5,8,4,15,430
41.5,8,5,0,404
41.5,8,5,1,405
41.5,8,5,2,407
41.5,8,5,3,409
41.5,8,5,4,411
41.5,8,5,5,413
41.5,8,5,6,415
41.5,8,5,7,417
41.5,8,5,8,419
41.5,8,5,9,421
41.5,8,5,10,423
41.5,8,5,11,425
41.5,8,5,12,427
41.5,8,5,13,428
41.5,8,5,14,430
41.5,8,5,15,432
41.5,8,6,0,406
41.5,8,6,1,408
41.5,8,6,2,410
41.5,8,6,3,412
41.5,8,6,4,414
41.5,8,6,5,416
41.5,8,6,6,418
41.5,8,6,7,420
41.5,8,6,8,421
41.5,8,6,9,423
41.5,8,6,10,425
41.5,8,6,11,427
41.5,8,6,12,429
41.5,8,6,13,431
41.5,8,6,14,433
41.5,8,6,15,435
41.5,8,7,0,408
41.5,8,7,1,410
41.5,8,7,2,412
41.5,8,7,3,414
41.5,8,7,4,416
41.5,8,7,5,418
41.5,8,7,6,420
41.5,8,7,7,422
41.5,8,7,8,424
41.5,8,7,9,426
41.5,8,7,10,428
41.5,8,7,11,430
41.5,8,7,12,431
41.5,8,7,13,433
41.5,8,7,14,435
41.5,8,7,15,437
41.5,8,8,0,410
41.5,8,8,1,412
41.5,8,8,2,414
41.5,8,8,3,416
41.5,8,8,4,418
41.5,8,8,5,420
41.5,8,8,6,422
41.5,8,8,7,424
41.5,8,8,8,426
41.5,8,8,9,428
41.5,8,8,10,430
41.5,8,8,11,432
41.5,8,8,12,434
41.5,8,8,13,436
41.5,8,8,14,438
41.5,8,8,15,440
41.5,8,9,0,413
41.5,8,9,1,415
41.5,8,9,2,417
41.5,8,9,3,419
41.5,8,9,4,421
41.5,8,9,5,423
41.5,8,9,6,425
41.5,8,9,7,427
41.5,8,9,8,428
41.5,8,9,9,430
41.5,8,9,10,432
41.5,8,9,11,434
41.5,8,9,12,436
41.5,8,9,13,438
41.5,8,9,14,440
41.5,8,9,15,442
41.5,8,10,0,415
41.5,8,10,1,417
41.5,8,10,2,419
41.5,8,10,3,421
41.5,8,10,4,423
41.5,8,10,5,425
41.5,8,10,6,427
41.5,8,10,7,429
41.5,8,10,8,431
41.5,8,10,9,433
41.5,8,10,10,435
41.5,8,10,11,437
41.5,8,10,12,439
41.5,8,10,13,441
41.5,8,10,14,442
41.5,8,10,15,444
41.5,8,11,0,417
41.5,8,11,1,419
41.5,8,11,2,421
41.5,8,11,3,423
41.5,8,11,4,425
41.5,8,11,5,427
41.5,8,11,6,429
41.5,8,11,7,431
41.5,8,11,8,433
41.5,8,11,9,435
41.5,8,11,10,437
41.5,8,11,11,439
41.5,8,11,12,441
41.5,8,11,13,443
41.5,8,11,14,445
41.5,8,11,15,447
41.5,8,12,0,419
41.5,8,12,1,421
41.5,8,12,2,423
41.5,8,12,3,425
41.5,8,12,4,427
41.5,8,12,5,429
41.5,8,12,6,431
41.5,8,12,7,433
41.5,8,12,8,435
41.5,8,12,9,437
41.5,8,12,10,439
41.5,8,12,11,441
41.5,8,12,12,443
41.5,8,12,13,445
41.5,8,12,14,447
41.5,8,12,15,449
41.5,8,13,0,421
41.5,8,13,1,424
41.5,8,13,2,426
41.5,8,13,3,428
41.5,8,13,4,430
41.5,8,13,5,432
41.5,8,13,6,434
41.5,8,13,7,436
41.5,8,13,8,438
41.5,8,13,9,440
41.5,8,13,10,442
41.5,8,13,11,444
41.5,8,13,12,446
41.5,8,13,13,448
41.5,8,13,14,450
41.5,8,13,15,451
41.5,8,14,0,424
41.5,8,14,1,426
41.5,8,14,2,428
41.5,8,14,3,430
41.5,8,14,4,432
41.5,8,14,5,434
41.5,8,14,6,436
41.5,8,14,7,438
41.5,8,14,8,440
41.5,8,14,9,442
41.5,8,14,10,444
41.5,8,14,11,446
41.5,8,14,12,448
41.5,8,14,13,450
41.5,8,14,14,452
41.5,8,14,15,454
41.5,8,15,0,426
41.5,8,15,1,428
41.5,8,15,2,430
41.5,8,15,3,432
41.5,8,15,4,434
41.5,8,15,5,436
41.5,8,15,6,438
41.5,8,15,7,440
41.5,8,15,8,442
41.5,8,15,9,444
41.5,8,15,10,446
41.5,8,15,11,448
41.5,8,15,12,450
41.5,8,15,13,452
41.5,8,15,14,454
41.5,8,15,15,456
41.5,9,0,0,398
41.5,9,0,1,400
41.5,9,0,2,402
41.5,9,0,3,404
41.5,9,0,4,405
41.5,9,0,5,407
41.5,9,0,6,409
41.5,9,0,7,411
41.5,9,0,8,413
41.5,9,0,9,415
41.5,9,0,10,417
41.5,9,0,11,419
41.5,9,0,12,421
41.5,9,0,13,422
41.5,9,0,14,424
41.5,9,0,15,426
41.5,9,1,0,400
41.5,9,1,1,402
41.5,9,1,2,404
41.5,9,1,3,406
41.5,9,1,4,408
41.5,9,1,5,410
41.5,9,1,6,412
41.5,9,1,7,414
41.5,9,1,8,416
41.5,9,1,9,417
41.5,9,1,10,419
41.5,9,1,11,421
41.5,9,1,12,423
41.5,9,1,13,425
41.5,9,1,14,427
41.5,9,1,15,429
41.5,9,2,0,403
41.5,9,2,1,404
41.5,9,2,2,406
41.5,9,2,3,408
41.5,9,2,4,410
41.5,9,2,5,412
41.5,9,2,6,414
41.5,9,2,7,416
41.5,9,2,8,418
41.5,9,2,9,420
41.5,9,2,10,422
41.5,9,2,11,424
41.5,9,2,12,426
41.5,9,2,13,427
41.5,9,2,14,429
41.5,9,2,15,431
41.5,9,3,0,405
41.5,9,3,1,407
41.5,9,3,2,409
41.5,9,3,3,411
41.5,9,3,4,413
41.5,9,3,5,415
41.5,9,3,6,417
41.5,9,3,7,419
41.5,9,3,8,420
41.5,9,3,9,422
41.5,9,3,10,424
41.5,9,3,11,426
41.5,9,3,12,428
41.5,9,3,13,430
41.5,9,3,14,432
41.5,9,3,15,434
41.5,9,4,0,407
41.5,9,4,1,409
41.5,9,4,2,411
41.5,9,4,3,413
41.5,9,4,4,415
41.5,9,4,5,417
41.5,9,4,6,419
41.5,9,4,7,421
41.5,9,4,8,423
41.5,9,4,9,425
41.5,9,4,10,427
41.5,9,4,11,429
41.5,9,4,12,431
41.5,9,4,13,432
41.5,9,4,14,434
41.5,9,4,15,436
41.5,9,5,0,410
41.5,9,5,1,412
41.5,9,5,2,414
41.5,9,5,3,416
41.5,9,5,4,418
41.5,9,5,5,419
41.5,9,5,6,421
41.5,9,5,7,423
41.5,9,5,8,425
41.5,9,5,9,427
41.5,9,5,10,429
41.5,9,5,11,431
41.5,9,5,12,433
41.5,9,5,13,435
41.5,9,5,14,437
41.5,9,5,15,439
41.5,9,6,0,412
41.5,9,6,1,414
41.5,9,6,2,416
41.5,9,6,3,418
41.5,9,6,4,420
41.5,9,6,5,422
41.5,9,6,6,424
41.5,9,6,7,426
41.5,9,6,8,428
41.5,9,6,9,430
41.5,9,6,10,432
41.5,9,6,11,434
41.5,9,6,12,435
41.5,9,6,13,437
41.5,9,6,14,439
41.5,9,6,15,441
41.5,9,7,0,414
41.5,9,7,1,416
41.5,9,7,2,418
41.5,9,7,3,420
41.5,9,7,4,422
41.5,9,7,5,424
41.5,9,7,6,426
41.5,9,7,7,428
41.5,9,7,8,430
41.5,9,7,9,432
41.5,9,7,10,434
41.5,9,7,11,436
41.5,9,7,12,438
41.5,9,7,13,440
41.5,9,7,14,442
41.5,9,7,15,444
41.5,9,8,0,416
41.5,9,8,1,419
41.5,9,8,2,421
41.5,9,8,3,423
41.5,9,8,4,425
41.5,9,8,5,427
41.5,9,8,6,429
41.5,9,8,7,431
41.5,9,8,8,433
41.5,9,8,9,434
41.5,9,8,10,436
41.5,9,8,11,438
41.5,9,8,12,440
41.5,9,8,13,442
41.5,9,8,14,444
41.5,9,8,15,446
41.5,9,9,0,419
41.5,9,9,1,421
41.5,9,9,2,423
41.5,9,9,3,425
41.5,9,9,4,427
41.5,9,9,5,429
41.5,9,9,6,431
41.5,9,9,7,433
41.5,9,9,8,435
41.5,9,9,9,437
41.5,9,9,10,439
41.5,9,9,11,441
41.5,9,9,12,443
41.5,9,9,13,445
41.5,9,9,14,447
41.5,9,9,15,449
41.5,9,10,0,421
41.5,9,10,1,423
41.5,9,10,2,425
41.5,9,10,3,427
41.5,9,10,4,429
41.5,9,10,5,431
41.5,9,10,6,433
41.5,9,10,7,435
41.5,9,10,8,437
41.5,9,10,9,439
41.5,9,10,10,441
41.5,9,10,11,443
41.5,9,10,12,445
41.5,9,10,13,447
41.5,9,10,14,449
41.5,9,10,15,451
41.5,9,11,0,423
41.5,9,11,1,425
41.5,9,11,2,427
41.5,9,11,3,429
41.5,9,11,4,432
41.5,9,11,5,434
41.5,9,11,6,436
41.5,9,11,7,438
41.5,9,11,8,440
41.5,9,11,9,442
41.5,9,11,10,444
41.5,9,11,11,446
41.5,9,11,12,448
41.5,9,11,13,449
41.5,9,11,14,451
41.5,9,11,15,453
41.5,9,12,0,426
41.5,9,12,1,428
41.5,9,12,2,430
41.5,9,12,3,432
41.5,9,12,4,434
41.5,9,12,5,436
41.5,9,12,6,438
41.5,9,12,7,440
41.5,9,12,8,442
41.5,9,12,9,444
41.5,9,12,10,446
41.5,9,12,11,448
41.5,9,12,12,450
41.5,9,12,13,452
41.5,9,12,14,454
41.5,9,12,15,456
41.5,9,13,0,428
41.5,9,13,1,430
41.5,9,13,2,432
41.5,9,13,3,434
41.5,9,13,4,436
41.5,9,13,5,438
41.5,9,13,6,440
41.5,9,13,7,442
41.5,9,13,8,444
41.5,9,13,9,446
41.5,9,13,10,448
41.5,9,13,11,450
41.5,9,13,12,452
41.5,9,13,13,454
41.5,9,13,14,456
41.5,9,13,15,458
41.5,9,14,0,430
41.5,9,14,1,432
41.5,9,14,2,434
41.5,9,14,3,436
41.5,9,14,4,438
41.5,9,14,5,440
41.5,9,14,6,442
41.5,9,14,7,445
41.5,9,14,8,447
41.5,9,14,9,449
41.5,9,14,10,451
41.5,9,14,11,453
41.5,9,14,12,455
41.5,9,14,13,457
41.5,9,14,14,459
41.5,9,14,15,461
41.5,9,15,0,432
41.5,9,15,1,434
41.5,9,15,2,436
41.5,9,15,3,439
41.5,9,15,4,441
41.5,9,15,5,443
41.5,9,15,6,445
41.5,9,15,7,447
41.5,9,15,8,449
41.5,9,15,9,451
41.5,9,15,10,453
41.5,9,15,11,455
41.5,9,15,12,457
41.5,9,15,13,459
41.5,9,15,14,461
41.5,9,15,15,463
41.5,10,0,0,404
41.5,10,0,1,406
41.5,10,0,2,408
41.5,10,0,3,409
41.5,10,0,4,411
41.5,10,0,5,413
41.5,10,0,6,415
41.5,10,0,7,417
41.5,10,0,8,419
41.5,10,0,9,421
41.5,10,0,10,423
41.5,10,0,11,425
41.5,10,0,12,427
41.5,10,0,13,429
41.5,10,0,14,430
41.5,10,0,15,432
41.5,10,1,0,406
41.5,10,1,1,408
41.5,10,1,2,410
41.5,10,1,3,412
41.5,10,1,4,414
41.5,10,1,5,416
41.5,10,1,6,418
41.5,10,1,7,420
41.5,10,1,8,422
41.5,10,1,9,424
41.5,10,1,10,425
41.5,10,1,11,427
41.5,10,1,12,429
41.5,10,1,13,431
41.5,10,1,14,433
41.5,10,1,15,435
41.5,10,2,0,408
41.5,10,2,1,410
41.5,10,2,2,412
41.5,10,2,3,414
41.5,10,2,4,416
41.5,10,2,5,418
41.5,10,2,6,420
41.5,10,2,7,422
41.5,10,2,8,424
41.5,10,2,9,426
41.5,10,2,10,428
41.5,10,2,11,430
41.5,10,2,12,432
41.5,10,2,13,434
41.5,10,2,14,436
41.5,10,2,15,437
41.5,10,3,0,411
41.5,10,3,1,413
41.5,10,3,2,415
41.5,10,3,3,417
41.5,10,3,4,419
41.5,10,3,5,421
41.5,10,3,6,423
41.5,10,3,7,425
41.5,10,3,8,427
41.5,10,3,9,429
41.5,10,3,10,431
41.5,10,3,11,432
41.5,10,3,12,434
41.5,10,3,13,436
41.5,10,3,14,438
41.5,10,3,15,440
41.5,10,4,0,413
41.5,10,4,1,415
41.5,10,4,2,417
41.5,10,4,3,419
41.5,10,4,4,421
41.5,10,4,5,423
41.5,10,4,6,425
41.5,10,4,7,427
41.5,10,4,8,429
41.5,10,4,9,431
41.5,10,4,10,433
41.5,10,4,11,435
41.5,10,4,12,437
41.5,10,4,13,439
41.5,10,4,14,441
41.5,10,4,15,443
41.5,10,5,0,416
41.5,10,5,1,418
41.5,10,5,2,420
41.5,10,5,3,422
41.5,10,5,4,424
41.5,10,5,5,426
41.5,10,5,6,428
41.5,10,5,7,430
41.5,10,5,8,432
41.5,10,5,9,434
41.5,10,5,10,436
41.5,10,5,11,437
41.5,10,5,12,439
41.5,10,5,13,441
41.5,10,5,14,443
41.5,10,5,15,445
41.5,10,6,0,418
41.5,10,6,1,420
41.5,10,6,2,422
41.5,10,6,3,424
41.5,10,6,4,426
41.5,10,6,5,428
41.5,10,6,6,430
41.5,10,6,7,432
41.5,10,6,8,434
41.5,10,6,9,436
41.5,10,6,10,438
41.5,10,6,11,440
41.5,10,6,12,442
41.5,10,6,13,444
41.5,10,6,14,446
41.5,10,6,15,448
41.5,10,7,0,420
41.5,10,7,1,422
41.5,10,7,2,424
41.5,10,7,3,426
41.5,10,7,4,428
41.5,10,7,5,430
41.5,10,7,6,432
41.5,10,7,7,434
41.5,10,7,8,436
41.5,10,7,9,438
41.5,10,7,10,440
41.5,10,7,11,442
41.5,10,7,12,444
41.5,10,7,13,446
41.5,10,7,14,448
41.5,10,7,15,450
41.5,10,8,0,423
41.5,10,8,1,425
41.5,10,8,2,427
41.5,10,8,3,429
41.5,10,8,4,431
41.5,10,8,5,433
41.5,10,8,6,435
41.5,10,8,7,437
41.5,10,8,8,439
41.5,10,8,9,441
41.5,10,8,10,443
41.5,10,8,11,445
41.5,10,8,12,447
41.5,10,8,13,449
41.5,10,8,14,451
41.5,10,8,15,453
41.5,10,9,0,425
41.5,10,9,1,427
41.5,10,9,2,429
41.5,10,9,3,431
41.5,10,9,4,433
41.5,10,9,5,435
41.5,10,9,6,437
41.5,10,9,7,439
41.5,10,9,8,441
41.5,10,9,9,443
41.5,10,9,10,445
41.5,10,9,11,447
41.5,10,9,12,449
41.5,10,9,13,451
41.5,10,9,14,453
41.5,10,9,15,455
41.5,10,10,0,427
41.5,10,10,1,429
41.5,10,10,2,431
41.5,10,10,3,433
41.5,10,10,4,436
41.5,10,10,5,438
41.5,10,10,6,440
41.5,10,10,7,442
41.5,10,10,8,444
41.5,10,10,9,446
41.5,10,10,10,448
41.5,10,10,11,450
41.5,10,10,12,452
41.5,10,10,13,454
41.5,10,10,14,456
41.5,10,10,15,458
41.5,10,11,0,430
41.5,10,11,1,432
41.5,10,11,2,434
41.5,10,11,3,436
41.5,10,11,4,438
41.5,10,11,5,440
41.5,10,11,6,442
41.5,10,11,7,444
41.5,10,11,8,446
41.5,10,11,9,448
41.5,10,11,10,450
41.5,10,11,11,452
41.5,10,11,12,454
41.5,10,11,13,456
41.5,10,11,14,458
41.5,10,11,15,460
41.5,10,12,0,432
41.5,10,12,1,434
41.5,10,12,2,436
41.5,10,12,3,438
41.5,10,12,4,440
41.5,10,12,5,442
41.5,10,12,6,444
41.5,10,12,7,446
41.5,10,12,8,448
41.5,10,12,9,450
41.5,10,12,10,453
41.5,10,12,11,455
41.5,10,12,12,457
41.5,10,12,13,459
41.5,10,12,14,461
41.5,10,12,15,463
41.5,10,13,0,434
41.5,10,13,1,436
41.5,10,13,2,438
41.5,10,13,3,440
41.5,10,13,4,443
41.5,10,13,5,445
41.5,10,13,6,447
41.5,10,13,7,449
41.5,10,13,8,451
41.5,10,13,9,453
41.5,10,13,10,455
41.5,10,13,11,457
41.5,10,13,12,459
41.5,10,13,13,461
41.5,10,13,14,463
41.5,10,13,15,465
41.5,10,14,0,436
41.5,10,14,1,438
41.5,10,14,2,441
41.5,10,14,3,443
41.5,10,14,4,445
41.5,10,14,5,447
41.5,10,14,6,449
41.5,10,14,7,451
41.5,10,14,8,453
41.5,10,14,9,455
41.5,10,14,10,457
41.5,10,14,11,459
41.5,10,14,12,461
41.5,10,14,13,463
41.5,10,14,14,465
41.5,10,14,15,467
41.5,10,15,0,439
41.5,10,15,1,441
41.5,10,15,2,443
41.5,10,15,3,445
41.5,10,15,4,447
41.5,10,15,5,449
41.5,10,15,6,451
41.5,10,15,7,453
41.5,10,15,8,455
41.5,10,15,9,458
41.5,10,15,10,460
41.5,10,15,11,462
41.5,10,15,12,464
41.5,10,15,13,466
41.5,10,15,14,468
41.5,10,15,15,470
41.5,11,0,0,409
41.5,11,0,1,411
41.5,11,0,2,413
41.5,11,0,3,415
41.5,11,0,4,417
41.5,11,0,5,419
41.5,11,0,6,421
41.5,11,0,7,423
41.5,11,0,8,425
41.5,11,0,9,427
41.5,11,0,10,429
41.5,11,0,11,431
41.5,11,0,12,433
41.5,11,0,13,435
41.5,11,0,14,437
41.5,11,0,15,439
41.5,11,1,0,412
41.5,11,1,1,414
41.5,11,1,2,416
41.5,11,1,3,418
41.5,11,1,4,420
41.5,11,1,5,422
41.5,11,1,6,424
41.5,11,1,7,426
41.5,11,1,8,428
41.5,11,1,9,430
41.5,11,1,10,432
41.5,11,1,11,434
41.5,11,1,12,435
41.5,11,1,13,437
41.5,11,1,14,439
41.5,11,1,15,441
41.5,11,2,0,414
41.5,11,2,1,416
41.5,11,2,2,418
41.5,11,2,3,420
41.5,11,2,4,422
41.5,11,2,5,424
41.5,11,2,6,426
41.5,11,2,7,428
41.5,11,2,8,430
41.5,11,2,9,432
41.5,11,2,10,434
41.5,11,2,11,436
41.5,11,2,12,438
41.5,11,2,13,440
41.5,11,2,14,442
41.5,11,2,15,444
41.5,11,3,0,417
41.5,11,3,1,419
41.5,11,3,2,421
41.5,11,3,3,423
41.5,11,3,4,425
41.5,11,3,5,427
41.5,11,3,6,429
41.5,11,3,7,431
41.5,11,3,8,433
41.5,11,3,9,435
41.5,11,3,10,437
41.5,11,3,11,439
41.5,11,3,12,441
41.5,11,3,13,443
41.5,11,3,14,445
41.5,11,3,15,446
41.5,11,4,0,419
41.5,11,4,1,421
41.5,11,4,2,423
41.5,11,4,3,425
41.5,11,4,4,427
41.5,11,4,5,429
41.5,11,4,6,431
41.5,11,4,7,433
41.5,11,4,8,435
41.5,11,4,9,437
41.5,11,4,10,439
41.5,11,4,11,441
41.5,11,4,12,443
41.5,11,4,13,445
41.5,11,4,14,447
41.5,11,4,15,449
41.5,11,5,0,422
41.5,11,5,1,424
41.5,11,5,2,426
41.5,11,5,3,428
41.5,11,5,4,430
41.5,11,5,5,432
41.5,11,5,6,434
41.5,11,5,7,436
41.5,11,5,8,438
41.5,11,5,9,440
41.5,11,5,10,442
41.5,11,5,11,444
41.5,11,5,12,446
41.5,11,5,13,448
41.5,11,5,14,450
41.5,11,5,15,452
41.5,11,6,0,424
41.5,11,6,1,426
41.5,11,6,2,428
41.5,11,6,3,430
41.5,11,6,4,432
41.5,11,6,5,434
41.5,11,6,6,436
41.5,11,6,7,438
41.5,11,6,8,440
41.5,11,6,9,442
41.5,11,6,10,444
41.5,11,6,11,446
41.5,11,6,12,448
41.5,11,6,13,450
41.5,11,6,14,452
41.5,11,6,15,454
41.5,11,7,0,426
41.5,11,7,1,428
41.5,11,7,2,431
41.5,11,7,3,433
41.5,11,7,4,435
41.5,11,7,5,437
41.5,11,7,6,439
41.5,11,7,7,441
41.5,11,7,8,443
41.5,11,7,9,445
41.5,11,7,10,447
41.5,11,7,11,449
41.5,11,7,12,451
41.5,11,7,13,453
41.5,11,7,14,455
41.5,11,7,15,457
41.5,11,8,0,429
41.5,11,8,1,431
41.5,11,8,2,433
41.5,11,8,3,435
41.5,11,8,4,437
41.5,11,8,5,439
41.5,11,8,6,441
41.5,11,8,7,443
41.5,11,8,8,445
41.5,11,8,9,447
41.5,11,8,10,449
41.5,11,8,11,451
41.5,11,8,12,453
41.5,11,8,13,455
41.5,11,8,14,457
41.5,11,8,15,459
41.5,11,9,0,431
41.5,11,9,1,433
41.5,11,9,2,435
41.5,11,9,3,437
41.5,11,9,4,439
41.5,11,9,5,442
41.5,11,9,6,444
41.5,11,9,7,446
41.5,11,9,8,448
41.5,11,9,9,450
41.5,11,9,10,452
41.5,11,9,11,454
41.5,11,9,12,456
41.5,11,9,13,458
41.5,11,9,14,460
41.5,11,9,15,462
41.5,11,10,0,433
41.5,11,10,1,436
41.5,11,10,2,438
41.5,11,10,3,440
41.5,11,10,4,442
41.5,11,10,5,444
41.5,11,10,6,446
41.5,11,10,7,448
41.5,11,10,8,450
41.5,11,10,9,452
41.5,11,10,10,454
41.5,11,10,11,456
41.5,11,10,12,458
41.5,11,10,13,460
41.5,11,10,14,462
41.5,11,10,15,464
41.5,11,11,0,436
41.5,11,11,1,438
41.5,11,11,2,440
41.5,11,11,3,442
41.5,11,11,4,444
41.5,11,11,5,446
41.5,11,11,6,448
41.5,11,11,7,450
41.5,11,11,8,453
41.5,11,11,9,455
41.5,11,11,10,457
41.5,11,11,11,459
41.5,11,11,12,461
41.5,11,11,13,463
41.5,11,11,14,465
41.5,11,11,15,467
41.5,11,12,0,438
41.5,11,12,1,440
41.5,11,12,2,442
41.5,11,12,3,444
41.5,11,12,4,447
41.5,11,12,5,449
41.5,11,12,6,451
41.5,11,12,7,453
41.5,11,12,8,455
41.5,11,12,9,457
41.5,11,12,10,459
41.5,11,12,11,461
41.5,11,12,12,463
41.5,11,12,13,465
41.5,11,12,14,467
41.5,11,12,15,469
41.5,11,13,0,440
41.5,11,13,1,443
41.5,11,13,2,445
41.5,11,13,3,447
41.5,11,13,4,449
41.5,11,13,5,451
41.5,11,13,6,453
41.5,11,13,7,455
41.5,11,13,8,457
41.5,11,13,9,459
41.5,11,13,10,461
41.5,11,13,11,464
41.5,11,13,12,466
41.5,11,13,13,468
41.5,11,13,14,470
41.5,11,13,15,472
41.5,11,14,0,443
41.5,11,14,1,445
41.5,11,14,2,447
41.5,11,14,3,449
41.5,11,14,4,451
41.5,11,14,5,453
41.5,11,14,6,456
41.5,11,14,7,458
41.5,11,14,8,460
41.5,11,14,9,462
41.5,11,14,10,464
41.5,11,14,11,466
41.5,11,14,12,468
41.5,11,14,13,470
41.5,11,14,14,472
41.5,11,14,15,474
41.5,11,15,0,445
41.5,11,15,1,447
41.5,11,15,2,449
41.5,11,15,3,451
41.5,11,15,4,454
41.5,11,15,5,456
41.5,11,15,6,458
41.5,11,15,7,460
41.5,11,15,8,462
41.5,11,15,9,464
41.5,11,15,10,466
41.5,11,15,11,468
41.5,11,15,12,470
41.5,11,15,13,472
41.5,11,15,14,475
41.5,11,15,15,477
41.5,12,0,0,415
41.5,12,0,1,417
41.5,12,0,2,419
41.5,12,0,3,421
41.5,12,0,4,423
41.5,12,0,5,425
41.5,12,0,6,427
41.5,12,0,7,429
41.5,12,0,8,431
41.5,12,0,9,433
41.5,12,0,10,435
41.5,12,0,11,437
41.5,12,0,12,439
41.5,12,0,13,441
41.5,12,0,14,443
41.5,12,0,15,445
41.5,12,1,0,418
41.5,12,1,1,420
41.5,12,1,2,422
41.5,12,1,3,424
41.5,12,1,4,426
41.5,12,1,5,428
41.5,12,1,6,430
41.5,12,1,7,432
41.5,12,1,8,434
41.5,12,1,9,436
41.5,12,1,10,438
41.5,12,1,11,440
41.5,12,1,12,442
41.5,12,1,13,444
41.5,12,1,14,446
41.5,12,1,15,448
41.5,12,2,0,420
41.5,12,2,1,422
41.5,12,2,2,424
41.5,12,2,3,426
41.5,12,2,4,428
41.5,12,2,5,430
41.5,12,2,6,432
41.5,12,2,7,434
41.5,12,2,8,436
41.5,12,2,9,438
41.5,12,2,10,440
41.5,12,2,11,442
41.5,12,2,12,444
41.5,12,2,13,446
41.5,12,2,14,448
41.5,12,2,15,450
41.5,12,3,0,423
41.5,12,3,1,425
41.5,12,3,2,427
41.5,12,3,3,429
41.5,12,3,4,431
41.5,12,3,5,433
41.5,12,3,6,435
41.5,12,3,7,437
41.5,12,3,8,439
41.5,12,3,9,441
41.5,12,3,10,443
41.5,12,3,11,445
41.5,12,3,12,447
41.5,12,3,13,449
41.5,12,3,14,451
41.5,12,3,15,453
41.5,12,4,0,425
41.5,12,4,1,427
41.5,12,4,2,429
41.5,12,4,3,431
41.5,12,4,4,433
41.5,12,4,5,436
41.5,12,4,6,438
41.5,12,4,7,440
41.5,12,4,8,442
41.5,12,4,9,444
41.5,12,4,10,446
41.5,12,4,11,448
41.5,12,4,12,450
41.5,12,4,13,452
41.5,12,4,14,453
41.5,12,4,15,455
41.5,12,5,0,428
41.5,12,5,1,430
41.5,12,5,2,432
41.5,12,5,3,434
41.5,12,5,4,436
41.5,12,5,5,438
41.5,12,5,6,440
41.5,12,5,7,442
41.5,12,5,8,444
41.5,12,5,9,446
41.5,12,5,10,448
41.5,12,5,11,450
41.5,12,5,12,452
41.5,12,5,13,454
41.5,12,5,14,456
41.5,12,5,15,458
41.5,12,6,0,430
41.5,12,6,1,432
41.5,12,6,2,434
41.5,12,6,3,436
41.5,12,6,4,438
41.5,12,6,5,440
41.5,12,6,6,443
41.5,12,6,7,445
41.5,12,6,8,447
41.5,12,6,9,449
41.5,12,6,10,451
41.5,12,6,11,453
41.5,12,6,12,455
41.5,12,6,13,457
41.5,12,6,14,459
41.5,12,6,15,461
41.5,12,7,0,432
41.5,12,7,1,435
41.5,12,7,2,437
41.5,12,7,3,439
41.5,12,7,4,441
41.5,12,7,5,443
41.5,12,7,6,445
41.5,12,7,7,447
41.5,12,7,8,449
41.5,12,7,9,451
41.5,12,7,10,453
41.5,12,7,11,455
41.5,12,7,12,457
41.5,12,7,13,459
41.5,12,7,14,461
41.5,12,7,15,463
41.5,12,8,0,435
41.5,12,8,1,437
41.5,12,8,2,439
41.5,12,8,3,441
41.5,12,8,4,443
41.5,12,8,5,445
41.5,12,8,6,448
41.5,12,8,7,450
41.5,12,8,8,452
41.5,12,8,9,454
41.5,12,8,10,456
41.5,12,8,11,458
41.5,12,8,12,460
41.5,12,8,13,462
41.5,12,8,14,464
41.5,12,8,15,466
41.5,12,9,0,437
41.5,12,9,1,439
41.5,12,9,2,442
41.5,12,9,3,444
41.5,12,9,4,446
41.5,12,9,5,448
41.5,12,9,6,450
41.5,12,9,7,452
41.5,12,9,8,454
41.5,12,9,9,456
41.5,12,9,10,458
41.5,12,9,11,460
41.5,12,9,12,462
41.5,12,9,13,464
41.5,12,9,14,466
41.5,12,9,15,468
41.5,12,10,0,440
41.5,12,10,1,442
41.5,12,10,2,444
41.5,12,10,3,446
41.5,12,10,4,448
41.5,12,10,5,450
41.5,12,10,6,452
41.5,12,10,7,454
41.5,12,10,8,457
41.5,12,10,9,459
41.5,12,10,10,461
41.5,12,10,11,463
41.5,12,10,12,465
41.5,12,10,13,467
41.5,12,10,14,469
41.5,12,10,15,471
41.5,12,11,0,442
41.5,12,11,1,444
41.5,12,11,2,446
41.5,12,11,3,448
41.5,12,11,4,451
41.5,12,11,5,453
41.5,12,11,6,455
41.5,12,11,7,457
41.5,12,11,8,459
41.5,12,11,9,461
41.5,12,11,10,463
41.5,12,11,11,465
41.5,12,11,12,467
41.5,12,11,13,469
41.5,12,11,14,471
41.5,12,11,15,473
41.5,12,12,0,444
41.5,12,12,1,447
41.5,12,12,2,449
41.5,12,12,3,451
41.5,12,12,4,453
41.5,12,12,5,455
41.5,12,12,6,457
41.5,12,12,7,459
41.5,12,12,8,461
41.5,12,12,9,464
41.5,12,12,10,466
41.5,12,12,11,468
41.5,12,12,12,470
41.5,12,12,13,472
41.5,12,12,14,474
41.5,12,12,15,476
41.5,12,13,0,447
41.5,12,13,1,449
41.5,12,13,2,451
41.5,12,13,3,453
41.5,12,13,4,455
41.5,12,13,5,458
41.5,12,13,6,460
41.5,12,13,7,462
41.5,12,13,8,464
41.5,12,13,9,466
41.5,12,13,10,468
41.5,12,13,11,470
41.5,12,13,12,472
41.5,12,13,13,474
41.5,12,13,14,476
41.5,12,13,15,478
41.5,12,14,0,449
41.5,12,14,1,451
41.5,12,14,2,453
41.5,12,14,3,456
41.5,12,14,4,458
41.5,12,14,5,460
41.5,12,14,6,462
41.5,12,14,7,464
41.5,12,14,8,466
41.5,12,14,9,468
41.5,12,14,10,471
41.5,12,14,11,473
41.5,12,14,12,475
41.5,12,14,13,477
41.5,12,14,14,479
41.5,12,14,15,481
41.5,12,15,0,451
41.5,12,15,1,454
41.5,12,15,2,456
41.5,12,15,3,458
41.5,12,15,4,460
41.5,12,15,5,462
41.5,12,15,6,464
41.5,12,15,7,467
41.5,12,15,8,469
41.5,12,15,9,471
41.5,12,15,10,473
41.5,12,15,11,475
41.5,12,15,12,477
41.5,12,15,13,479
41.5,12,15,14,481
41.5,12,15,15,483
41.5,13,0,0,421
41.5,13,0,1,423
41.5,13,0,2,425
41.5,13,0,3,427
41.5,13,0,4,429
41.5,13,0,5,431
41.5,13,0,6,433
41.5,13,0,7,435
41.5,13,0,8,437
41.5,13,0,9,439
41.5,13,0,10,441
41.5,13,0,11,443
41.5,13,0,12,445
41.5,13,0,13,447
41.5,13,0,14,449
41.5,13,0,15,451
41.5,13,1,0,424
41.5,13,1,1,426
41.5,13,1,2,428
41.5,13,1,3,430
41.5,13,1,4,432
41.5,13,1,5,434
41.5,13,1,6,436
41.5,13,1,7,438
41.5,13,1,8,440
41.5,13,1,9,442
41.5,13,1,10,444
41.5,13,1,11,446
41.5,13,1,12,448
41.5,13,1,13,450
41.5,13,1,14,452
41.5,13,1,15,454
41.5,13,2,0,426
41.5,13,2,1,428
41.5,13,2,2,430
41.5,13,2,3,432
41.5,13,2,4,434
41.5,13,2,5,437
41.5,13,2,6,439
41.5,13,2,7,441
41.5,13,2,8,443
41.5,13,2,9,445
41.5,13,2,10,447
41.5,13,2,11,449
41.5,13,2,12,451
41.5,13,2,13,453
41.5,13,2,14,455
41.5,13,2,15,457
41.5,13,3,0,429
41.5,13,3,1,431
41.5,13,3,2,433
41.5,13,3,3,435
41.5,13,3,4,437
41.5,13,3,5,439
41.5,13,3,6,441
41.5,13,3,7,443
41.5,13,3,8,445
41.5,13,3,9,447
41.5,13,3,10,449
41.5,13,3,11,451
41.5,13,3,12,453
41.5,13,3,13,455
41.5,13,3,14,457
41.5,13,3,15,459
41.5,13,4,0,431
41.5,13,4,1,433
41.5,13,4,2,435
41.5,13,4,3,438
41.5,13,4,4,440
41.5,13,4,5,442
41.5,13,4,6,444
41.5,13,4,7,446
41.5,13,4,8,448
41.5,13,4,9,450
41.5,13,4,10,452
41.5,13,4,11,454
41.5,13,4,12,456
41.5,13,4,13,458
41.5,13,4,14,460
41.5,13,4,15,462
41.5,13,5,0,434
41.5,13,5,1,436
41.5,13,5,2,438
41.5,13,5,3,440
41.5,13,5,4,442
41.5,13,5,5,444
41.5,13,5,6,446
41.5,13,5,7,448
41.5,13,5,8,450
41.5,13,5,9,452
41.5,13,5,10,454
41.5,13,5,11,456
41.5,13,5,12,459
41.5,13,5,13,461
41.5,13,5,14,463
41.5,13,5,15,465
41.5,13,6,0,436
41.5,13,6,1,438
41.5,13,6,2,440
41.5,13,6,3,443
41.5,13,6,4,445
41.5,13,6,5,447
41.5,13,6,6,449
41.5,13,6,7,451
41.5,13,6,8,453
41.5,13,6,9,455
41.5,13,6,10,457
41.5,13,6,11,459
41.5,13,6,12,461
41.5,13,6,13,463
41.5,13,6,14,465
41.5,13,6,15,467
41.5,13,7,0,439
41.5,13,7,1,441
41.5,13,7,2,443
41.5,13,7,3,445
41.5,13,7,4,447
41.5,13,7,5,449
41.5,13,7,6,451
41.5,13,7,7,453
41.5,13,7,8,455
41.5,13,7,9,458
41.5,13,7,10,460
41.5,13,7,11,462
41.5,13,7,12,464
41.5,13,7,13,466
41.5,13,7,14,468
41.5,13,7,15,470
41.5,13,8,0,441
41.5,13,8,1,443
41.5,13,8,2,445
41.5,13,8,3,447
41.5,13,8,4,450
41.5,13,8,5,452
41.5,13,8,6,454
41.5,13,8,7,456
41.5,13,8,8,458
41.5,13,8,9,460
41.5,13,8,10,462
41.5,13,8,11,464
41.5,13,8,12,466
41.5,13,8,13,468
41.5,13,8,14,470
41.5,13,8,15,472
41.5,13,9,0,443
41.5,13,9,1,446
41.5,13,9,2,448
41.5,13,9,3,450
41.5,13,9,4,452
41.5,13,9,5,454
41.5,13,9,6,456
41.5,13,9,7,458
41.5,13,9,8,461
41.5,13,9,9,463
41.5,13,9,10,465
41.5,13,9,11,467
41.5,13,9,12,469
41.5,13,9,13,471
41.5,13,9,14,473
41.5,13,9,15,475
41.5,13,10,0,446
41.5,13,10,1,448
41.5,13,10,2,450
41.5,13,10,3,452
41.5,13,10,4,455
41.5,13,10,5,457
41.5,13,10,6,459
41.5,13,10,7,461
41.5,13,10,8,463
41.5,13,10,9,465
41.5,13,10,10,467
41.5,13,10,11,469
41.5,13,10,12,471
41.5,13,10,13,473
41.5,13,10,14,475
41.5,13,10,15,478
41.5,13,11,0,448
41.5,13,11,1,450
41.5,13,11,2,453
41.5,13,11,3,455
41.5,13,11,4,457
41.5,13,11,5,459
41.5,13,11,6,461
41.5,13,11,7,463
41.5,13,11,8,465
41.5,13,11,9,468
41.5,13,11,10,470
41.5,13,11,11,472
41.5,13,11,12,474
41.5,13,11,13,476
41.5,13,11,14,478
41.5,13,11,15,480
41.5,13,12,0,451
41.5,13,12,1,453
41.5,13,12,2,455
41.5,13,12,3,457
41.5,13,12,4,459
41.5,13,12,5,462
41.5,13,12,6,464
41.5,13,12,7,466
41.5,13,12,8,468
41.5,13,12,9,470
41.5,13,12,10,472
41.5,13,12,11,474
41.5,13,12,12,476
41.5,13,12,13,478
41.5,13,12,14,481
41.5,13,12,15,483
41.5,13,13,0,453
41.5,13,13,1,455
41.5,13,13,2,457
41.5,13,13,3,460
41.5,13,13,4,462
41.5,13,13,5,464
41.5,13,13,6,466
41.5,13,13,7,468
41.5,13,13,8,470
41.5,13,13,9,473
41.5,13,13,10,475
41.5,13,13,11,477
41.5,13,13,12,479
41.5,13,13,13,481
41.5,13,13,14,483
41.5,13,13,15,485
41.5,13,14,0,455
41.5,13,14,1,458
41.5,13,14,2,460
41.5,13,14,3,462
41.5,13,14,4,464
41.5,13,14,5,466
41.5,13,14,6,469
41.5,13,14,7,471
41.5,13,14,8,473
41.5,13,14,9,475
41.5,13,14,10,477
41.5,13,14,11,479
41.5,13,14,12,481
41.5,13,14,13,484
41.5,13,14,14,486
41.5,13,14,15,488
41.5,13,15,0,458
41.5,13,15,1,460
41.5,13,15,2,462
41.5,13,15,3,464
41.5,13,15,4,467
41.5,13,15,5,469
41.5,13,15,6,471
41.5,13,15,7,473
41.5,13,15,8,475
41.5,13,15,9,477
41.5,13,15,10,480
41.5,13,15,11,482
41.5,13,15,12,484
41.5,13,15,13,486
41.5,13,15,14,488
41.5,13,15,15,490
41.5,14,0,0,427
41.5,14,0,1,429
41.5,14,0,2,431
41.5,14,0,3,433
41.5,14,0,4,435
41.5,14,0,5,437
41.5,14,0,6,439
41.5,14,0,7,441
41.5,14,0,8,443
41.5,14,0,9,445
41.5,14,0,10,447
41.5,14,0,11,449
41.5,14,0,12,451
41.5,14,0,13,453
41.5,14,0,14,455
41.5,14,0,15,457
41.5,14,1,0,430
41.5,14,1,1,432
41.5,14,1,2,434
41.5,14,1,3,436
41.5,14,1,4,438
41.5,14,1,5,440
41.5,14,1,6,442
41.5,14,1,7,444
41.5,14,1,8,446
41.5,14,1,9,448
41.5,14,1,10,450
41.5,14,1,11,452
41.5,14,1,12,454
41.5,14,1,13,456
41.5,14,1,14,458
41.5,14,1,15,460
41.5,14,2,0,432
41.5,14,2,1,434
41.5,14,2,2,436
41.5,14,2,3,438
41.5,14,2,4,441
41.5,14,2,5,443
41.5,14,2,6,445
41.5,14,2,7,447
41.5,14,2,8,449
41.5,14,2,9,451
41.5,14,2,10,453
41.5,14,2,11,455
41.5,14,2,12,457
41.5,14,2,13,459
41.5,14,2,14,461
41.5,14,2,15,463
41.5,14,3,0,435
41.5,14,3,1,437
41.5,14,3,2,439
41.5,14,3,3,441
41.5,14,3,4,443
41.5,14,3,5,445
41.5,14,3,6,447
41.5,14,3,7,449
41.5,14,3,8,451
41.5,14,3,9,453
41.5,14,3,10,456
41.5,14,3,11,458
41.5,14,3,12,460
41.5,14,3,13,462
41.5,14,3,14,464
41.5,14,3,15,466
41.5,14,4,0,437
41.5,14,4,1,439
41.5,14,4,2,441
41.5,14,4,3,444
41.5,14,4,4,446
41.5,14,4,5,448
41.5,14,4,6,450
41.5,14,4,7,452
41.5,14,4,8,454
41.5,14,4,9,456
41.5,14,4,10,458
41.5,14,4,11,460
41.5,14,4,12,462
41.5,14,4,13,464
41.5,14,4,14,466
41.5,14,4,15,468
41.5,14,5,0,440
41.5,14,5,1,442
41.5,14,5,2,444
41.5,14,5,3,446
41.5,14,5,4,448
41.5,14,5,5,450
41.5,14,5,6,452
41.5,14,5,7,455
41.5,14,5,8,457
41.5,14,5,9,459
41.5,14,5,10,461
41.5,14,5,11,463
41.5,14,5,12,465
41.5,14,5,13,467
41.5,14,5,14,469
41.5,14,5,15,471
41.5,14,6,0,442
41.5,14,6,1,444
41.5,14,6,2,447
41.5,14,6,3,449
41.5,14,6,4,451
41.5,14,6,5,453
41.5,14,6,6,455
41.5,14,6,7,457
41.5,14,6,8,459
41.5,14,6,9,461
41.5,14,6,10,463
41.5,14,6,11,465
41.5,14,6,12,468
41.5,14,6,13,470
41.5,14,6,14,472
41.5,14,6,15,474
41.5,14,7,0,445
41.5,14,7,1,447
41.5,14,7,2,449
41.5,14,7,3,451
41.5,14,7,4,453
41.5,14,7,5,455
41.5,14,7,6,458
41.5,14,7,7,460
41.5,14,7,8,462
41.5,14,7,9,464
41.5,14,7,10,466
41.5,14,7,11,468
41.5,14,7,12,470
41.5,14,7,13,472
41.5,14,7,14,474
41.5,14,7,15,476
41.5,14,8,0,447
41.5,14,8,1,449
41.5,14,8,2,452
41.5,14,8,3,454
41.5,14,8,4,456
41.5,14,8,5,458
41.5,14,8,6,460
41.5,14,8,7,462
41.5,14,8,8,464
41.5,14,8,9,466
41.5,14,8,10,469
41.5,14,8,11,471
41.5,14,8,12,473
41.5,14,8,13,475
41.5,14,8,14,477
41.5,14,8,15,479
41.5,14,9,0,450
41.5,14,9,1,452
41.5,14,9,2,454
41.5,14,9,3,456
41.5,14,9,4,458
41.5,14,9,5,460
41.5,14,9,6,463
41.5,14,9,7,465
41.5,14,9,8,467
41.5,14,9,9,469
41.5,14,9,10,471
41.5,14,9,11,473
41.5,14,9,12,475
41.5,14,9,13,477
41.5,14,9,14,479
41.5,14,9,15,482
41.5,14,10,0,452
41.5,14,10,1,454
41.5,14,10,2,456
41.5,14,10,3,459
41.5,14,10,4,461
41.5,14,10,5,463
41.5,14,10,6,465
41.5,14,10,7,467
41.5,14,10,8,469
41.5,14,10,9,472
41.5,14,10,10,474
41.5,14,10,11,476
41.5,14,10,12,478
41.5,14,10,13,480
41.5,14,10,14,482
41.5,14,10,15,484
41.5,14,11,0,454
41.5,14,11,1,457
41.5,14,11,2,459
41.5,14,11,3,461
41.5,14,11,4,463
41.5,14,11,5,465
41.5,14,11,6,468
41.5,14,11,7,470
41.5,14,11,8,472
41.5,14,11,9,474
41.5,14,11,10,476
41.5,14,11,11,478
41.5,14,11,12,480
41.5,14,11,13,483
41.5,14,11,14,485
41.5,14,11,15,487
41.5,14,12,0,457
41.5,14,12,1,459
41.5,14,12,2,461
41.5,14,12,3,464
41.5,14,12,4,466
41.5,14,12,5,468
41.5,14,12,6,470
41.5,14,12,7,472
41.5,14,12,8,474
41.5,14,12,9,477
41.5,14,12,10,479
41.5,14,12,11,481
41.5,14,12,12,483
41.5,14,12,13,485
41.5,14,12,14,487
41.5,14,12,15,489
41.5,14,13,0,459
41.5,14,13,1,462
41.5,14,13,2,464
41.5,14,13,3,466
41.5,14,13,4,468
41.5,14,13,5,470
41.5,14,13,6,473
41.5,14,13,7,475
41.5,14,13,8,477
41.5,14,13,9,479
41.5,14,13,10,481
41.5,14,13,11,483
41.5,14,13,12,486
41.5,14,13,13,488
41.5,14,13,14,490
41.5,14,13,15,492
41.5,14,14,0,462
41.5,14,14,1,464
41.5,14,14,2,466
41.5,14,14,3,468
41.5,14,14,4,471
41.5,14,14,5,473
41.5,14,14,6,475
41.5,14,14,7,477
41.5,14,14,8,479
41.5,14,14,9,482
41.5,14,14,10,484
41.5,14,14,11,486
41.5,14,14,12,488
41.5,14,14,13,490
41.5,14,14,14,492
41.5,14,14,15,494
41.5,14,15,0,464
41.5,14,15,1,466
41.5,14,15,2,469
41.5,14,15,3,471
41.5,14,15,4,473
41.5,14,15,5,475
41.5,14,15,6,478
41.5,14,15,7,480
41.5,14,15,8,482
41.5,14,15,9,484
41.5,14,15,10,486
41.5,14,15,11,488
41.5,14,15,12,491
41.5,14,15,13,493
41.5,14,15,14,495
41.5,14,15,15,497
41.5,15,0,0,433
41.5,15,0,1,435
41.5,15,0,2,437
41.5,15,0,3,439
41.5,15,0,4,441
41.5,15,0,5,443
41.5,15,0,6,445
41.5,15,0,7,447
41.5,15,0,8,450
41.5,15,0,9,452
41.5,15,0,10,454
41.5,15,0,11,456
41.5,15,0,12,458
41.5,15,0,13,460
41.5,15,0,14,462
41.5,15,0,15,464
41.5,15,1,0,435
41.5,15,1,1,438
41.5,15,1,2,440
41.5,15,1,3,442
41.5,15,1,4,444
41.5,15,1,5,446
41.5,15,1,6,448
41.5,15,1,7,450
41.5,15,1,8,452
41.5,15,1,9,454
41.5,15,1,10,456
41.5,15,1,11,458
41.5,15,1,12,460
41.5,15,1,13,462
41.5,15,1,14,464
41.5,15,1,15,466
41.5,15,2,0,438
41.5,15,2,1,440
41.5,15,2,2,442
41.5,15,2,3,444
41.5,15,2,4,447
41.5,15,2,5,449
41.5,15,2,6,451
41.5,15,2,7,453
41.5,15,2,8,455
41.5,15,2,9,457
41.5,15,2,10,459
41.5,15,2,11,461
41.5,15,2,12,463
41.5,15,2,13,465
41.5,15,2,14,467
41.5,15,2,15,469
41.5,15,3,0,441
41.5,15,3,1,443
41.5,15,3,2,445
41.5,15,3,3,447
41.5,15,3,4,449
41.5,15,3,5,451
41.5,15,3,6,453
41.5,15,3,7,456
41.5,15,3,8,458
41.5,15,3,9,460
41.5,15,3,10,462
41.5,15,3,11,464
41.5,15,3,12,466
41.5,15,3,13,468
41.5,15,3,14,470
41.5,15,3,15,472
41.5,15,4,0,443
41.5,15,4,1,445
41.5,15,4,2,448
41.5,15,4,3,450
41.5,15,4,4,452
41.5,15,4,5,454
41.5,15,4,6,456
41.5,15,4,7,458
41.5,15,4,8,460
41.5,15,4,9,462
41.5,15,4,10,464
41.5,15,4,11,467
41.5,15,4,12,469
41.5,15,4,13,471
41.5,15,4,14,473
41.5,15,4,15,475
41.5,15,5,0,446
41.5,15,5,1,448
41.5,15,5,2,450
41.5,15,5,3,452
41.5,15,5,4,454
41.5,15,5,5,457
41.5,15,5,6,459
41.5,15,5,7,461
41.5,15,5,8,463
41.5,15,5,9,465
41.5,15,5,10,467
41.5,15,5,11,469
41.5,15,5,12,471
41.5,15,5,13,473
41.5,15,5,14,475
41.5,15,5,15,477
41.5,15,6,0,448
41.5,15,6,1,450
41.5,15,6,2,453
41.5,15,6,3,455
41.5,15,6,4,457
41.5,15,6,5,459
41.5,15,6,6,461
41.5,15,6,7,463
41.5,15,6,8,466
41.5,15,6,9,468
41.5,15,6,10,470
41.5,15,6,11,472
41.5,15,6,12,474
41.5,15,6,13,476
41.5,15,6,14,478
41.5,15,6,15,480
41.5,15,7,0,451
41.5,15,7,1,453
41.5,15,7,2,455
41.5,15,7,3,457
41.5,15,7,4,460
41.5,15,7,5,462
41.5,15,7,6,464
41.5,15,7,7,466
41.5,15,7,8,468
41.5,15,7,9,470
41.5,15,7,10,472
41.5,15,7,11,474
41.5,15,7,12,477
41.5,15,7,13,479
41.5,15,7,14,481
41.5,15,7,15,483
41.5,15,8,0,453
41.5,15,8,1,455
41.5,15,8,2,458
41.5,15,8,3,460
41.5,15,8,4,462
41.5,15,8,5,464
41.5,15,8,6,466
41.5,15,8,7,469
41.5,15,8,8,471
41.5,15,8,9,473
41.5,15,8,10,475
41.5,15,8,11,477
41.5,15,8,12,479
41.5,15,8,13,481
41.5,15,8,14,483
41.5,15,8,15,485
41.5,15,9,0,456
41.5,15,9,1,458
41.5,15,9,2,460
41.5,15,9,3,462
41.5,15,9,4,465
41.5,15,9,5,467
41.5,15,9,6,469
41.5,15,9,7,471
41.5,15,9,8,473
41.5,15,9,9,475
41.5,15,9,10,478
41.5,15,9,11,480
41.5,15,9,12,482
41.5,15,9,13,484
41.5,15,9,14,486
41.5,15,9,15,488
41.5,15,10,0,458
41.5,15,10,1,460
41.5,15,10,2,463
41.5,15,10,3,465
41.5,15,10,4,467
41.5,15,10,5,469
41.5,15,10,6,472
41.5,15,10,7,474
41.5,15,10,8,476
41.5,15,10,9,478
41.5,15,10,10,480
41.5,15,10,11,482
41.5,15,10,12,484
41.5,15,10,13,487
41.5,15,10,14,489
41.5,15,10,15,491
41.5,15,11,0,461
41.5,15,11,1,463
41.5,15,11,2,465
41.5,15,11,3,467
41.5,15,11,4,470
41.5,15,11,5,472
41.5,15,11,6,474
41.5,15,11,7,476
41.5,15,11,8,478
41.5,15,11,9,481
41.5,15,11,10,483
41.5,15,11,11,485
41.5,15,11,12,487
41.5,15,11,13,489
41.5,15,11,14,491
41.5,15,11,15,493
41.5,15,12,0,463
41.5,15,12,1,465
41.5,15,12,2,468
41.5,15,12,3,470
41.5,15,12,4,472
41.5,15,12,5,474
41.5,15,12,6,477
41.5,15,12,7,479
41.5,15,12,8,481
41.5,15,12,9,483
41.5,15,12,10,485
41.5,15,12,11,488
41.5,15,12,12,490
41.5,15,12,13,492
41.5,15,12,14,494
41.5,15,12,15,496
41.5,15,13,0,466
41.5,15,13,1,468
41.5,15,13,2,470
41.5,15,13,3,472
41.5,15,13,4,475
41.5,15,13,5,477
41.5,15,13,6,479
41.5,15,13,7,481
41.5,15,13,8,484
41.5,15,13,9,486
41.5,15,13,10,488
41.5,15,13,11,490
41.5,15,13,12,492
41.5,15,13,13,494
41.5,15,13,14,497
41.5,15,13,15,499
41.5,15,14,0,468
41.5,15,14,1,470
41.5,15,14,2,473
41.5,15,14,3,475
41.5,15,14,4,477
41.5,15,14,5,479
41.5,15,14,6,482
41.5,15,14,7,484
41.5,15,14,8,486
41.5,15,14,9,488
41.5,15,14,10,490
41.5,15,14,11,493
41.5,15,14,12,495
41.5,15,14,13,497
41.5,15,14,14,499
41.5,15,14,15,501
41.5,15,15,0,470
41.5,15,15,1,473
41.5,15,15,2,475
41.5,15,15,3,477
41.5,15,15,4,480
41.5,15,15,5,482
41.5,15,15,6,484
41.5,15,15,7,486
41.5,15,15,8,489
41.5,15,15,9,491
41.5,15,15,10,493
41.5,15,15,11,495
41.5,15,15,12,497
41.5,15,15,13,500
41.5,15,15,14,502
41.5,15,15,15,504
42.0,0,0,0,347
42.0,0,0,1,349
42.0,0,0,2,351
42.0,0,0,3,352
42.0,0,0,4,354
42.0,0,0,5,356
42.0,0,0,6,357
42.0,0,0,7,359
42.0,0,0,8,361
42.0,0,0,9,362
42.0,0,0,10,364
42.0,0,0,11,365
42.0,0,0,12,367
42.0,0,0,13,369
42.0,0,0,14,370
42.0,0,0,15,372
42.0,0,1,0,349
42.0,0,1,1,351
42.0,0,1,2,353
42.0,0,1,3,354
42.0,0,1,4,356
42.0,0,1,5,358
42.0,0,1,6,359
42.0,0,1,7,361
42.0,0,1,8,363
42.0,0,1,9,364
42.0,0,1,10,366
42.0,0,1,11,368
42.0,0,1,12,369
42.0,0,1,13,371
42.0,0,1,14,373
42.0,0,1,15,374
42.0,0,2,0,351
42.0,0,2,1,353
42.0,0,2,2,355
42.0,0,2,3,356
42.0,0,2,4,358
42.0,0,2,5,360
42.0,0,2,6,362
42.0,0,2,7,363
42.0,0,2,8,365
42.0,0,2,9,367
42.0,0,2,10,368
42.0,0,2,11,370
42.0,0,2,12,371
42.0,0,2,13,373
42.0,0,2,14,375
42.0,0,2,15,376
42.0,0,3,0,353
42.0,0,3,1,355
42.0,0,3,2,357
42.0,0,3,3,359
42.0,0,3,4,360
42.0,0,3,5,362
42.0,0,3,6,364
42.0,0,3,7,365
42.0,0,3,8,367
42.0,0,3,9,369
42.0,0,3,10,370
42.0,0,3,11,372
42.0,0,3,12,374
42.0,0,3,13,375
42.0,0,3,14,377
42.0,0,3,15,379
42.0,0,4,0,355
42.0,0,4,1,357
42.0,0,4,2,359
42.0,0,4,3,361
42.0,0,4,4,362
42.0,0,4,5,364
42.0,0,4,6,366
42.0,0,4,7,367
42.0,0,4,8,369
42.0,0,4,9,371
42.0,0,4,10,373
42.0,0,4,11,374
42.0,0,4,12,376
42.0,0,4,13,377
42.0,0,4,14,379
42.0,0,4,15,381
42.0,0,5,0,358
42.0,0,5,1,359
42.0,0,5,2,361
42.0,0,5,3,363
42.0,0,5,4,364
42.0,0,5,5,366
42.0,0,5,6,368
42.0,0,5,7,370
42.0,0,5,8,371
42.0,0,5,9,373
42.0,0,5,10,375
42.0,0,5,11,376
42.0,0,5,12,378
42.0,0,5,13,380
42.0,0,5,14,381
42.0,0,5,15,383
42.0,0,6,0,360
42.0,0,6,1,361
42.0,0,6,2,363
42.0,0,6,3,365
42.0,0,6,4,367
42.0,0,6,5,368
42.0,0,6,6,370
42.0,0,6,7,372
42.0,0,6,8,373
42.0,0,6,9,375
42.0,0,6,10,377
42.0,0,6,11,378
42.0,0,6,12,380
42.0,0,6,13,382
42.0,0,6,14,383
42.0,0,6,15,385
42.0,0,7,0,362
42.0,0,7,1,363
42.0,0,7,2,365
42.0,0,7,3,367
42.0,0,7,4,369
42.0,0,7,5,370
42.0,0,7,6,372
42.0,0,7,7,374
42.0,0,7,8,375
42.0,0,7,9,377
42.0,0,7,10,379
42.0,0,7,11,381
42.0,0,7,12,382
42.0,0,7,13,384
42.0,0,7,14,386
42.0,0,7,15,387
42.0,0,8,0,364
42.0,0,8,1,365
42.0,0,8,2,367
42.0,0,8,3,369
42.0,0,8,4,371
42.0,0,8,5,372
42.0,0,8,6,374
42.0,0,8,7,376
42.0,0,8,8,378
42.0,0,8,9,379
42.0,0,8,10,381
42.0,0,8,11,383
42.0,0,8,12,384
42.0,0,8,13,386
42.0,0,8,14,388
42.0,0,8,15,389
42.0,0,9,0,366
42.0,0,9,1,367
42.0,0,9,2,369
42.0,0,9,3,371
42.0,0,9,4,373
42.0,0,9,5,374
42.0,0,9,6,376
42.0,0,9,7,378
42.0,0,9,8,380
42.0,0,9,9,381
42.0,0,9,10,383
42.0,0,9,11,385
42.0,0,9,12,386
42.0,0,9,13,388
42.0,0,9,14,390
42.0,0,9,15,392
42.0,0,10,0,368
42.0,0,10,1,369
42.0,0,10,2,371
42.0,0,10,3,373
42.0,0,10,4,375
42.0,0,10,5,376
42.0,0,10,6,378
42.0,0,10,7,380
42.0,0,10,8,382
42.0,0,10,9,383
42.0,0,10,10,385
42.0,0,10,11,387
42.0,0,10,12,389
42.0,0,10,13,390
42.0,0,10,14,392
42.0,0,10,15,394
42.0,0,11,0,370
42.0,0,11,1,371
42.0,0,11,2,373
42.0,0,11,3,375
42.0,0,11,4,377
42.0,0,11,5,378
42.0,0,11,6,380
42.0,0,11,7,382
42.0,0,11,8,384
42.0,0,11,9,385
42.0,0,11,10,387
42.0,0,11,11,389
42.0,0,11,12,391
42.0,0,11,13,392
42.0,0,11,14,394
42.0,0,11,15,396
42.0,0,12,0,371
42.0,0,12,1,373
42.0,0,12,2,375
42.0,0,12,3,377
42.0,0,12,4,379
42.0,0,12,5,380
42.0,0,12,6,382
42.0,0,12,7,384
42.0,0,12,8,386
42.0,0,12,9,388
42.0,0,12,10,389
42.0,0,12,11,391
42.0,0,12,12,393
42.0,0,12,13,394
42.0,0,12,14,396
42.0,0,12,15,398
42.0,0,13,0,373
42.0,0,13,1,375
42.0,0,13,2,377
42.0,0,13,3,379
42.0,0,13,4,381
42.0,0,13,5,382
42.0,0,13,6,384
42.0,0,13,7,386
42.0,0,13,8,388
42.0,0,13,9,390
42.0,0,13,10,391
42.0,0,13,11,393
42.0,0,13,12,395
42.0,0,13,13,397
42.0,0,13,14,398
42.0,0,13,15,400
42.0,0,14,0,375
42.0,0,14,1,377
42.0,0,14,2,379
42.0,0,14,3,381
42.0,0,14,4,383
42.0,0,14,5,384
42.0,0,14,6,386
42.0,0,14,7,388
42.0,0,14,8,390
42.0,0,14,9,392
42.0,0,14,10,393
42.0,0,14,11,395
42.0,0,14,12,397
42.0,0,14,13,399
42.0,0,14,14,400
42.0,0,14,15,402
42.0,0,15,0,377
42.0,0,15,1,379
42.0,0,15,2,381
42.0,0,15,3,383
42.0,0,15,4,385
42.0,0,15,5,386
42.0,0,15,6,388
42.0,0,15,7,390
42.0,0,15,8,392
42.0,0,15,9,394
42.0,0,15,10,395
42.0,0,15,11,397
42.0,0,15,12,399
42.0,0,15,13,401
42.0,0,15,14,402
42.0,0,15,15,404
42.0,1,0,0,353
42.0,1,0,1,355
42.0,1,0,2,357
42.0,1,0,3,358
42.0,1,0,4,360
42.0,1,0,5,362
42.0,1,0,6,363
42.0,1,0,7,365
42.0,1,0,8,367
42.0,1,0,9,368
42.0,1,0,10,370
42.0,1,0,11,372
42.0,1,0,12,373
42.0,1,0,13,375
42.0,1,0,14,377
42.0,1,0,15,378
42.0,1,1,0,355
42.0,1,1,1,357
42.0,1,1,2,359
42.0,1,1,3,360
42.0,1,1,4,362
42.0,1,1,5,364
42.0,1,1,6,366
42.0,1,1,7,367
42.0,1,1,8,369
42.0,1,1,9,371
42.0,1,1,10,372
42.0,1,1,11,374
42.0,1,1,12,376
42.0,1,1,13,377
42.0,1,1,14,379
42.0,1,1,15,380
42.0,1,2,0,357
42.0,1,2,1,359
42.0,1,2,2,361
42.0,1,2,3,363
42.0,1,2,4,364
42.0,1,2,5,366
42.0,1,2,6,368
42.0,1,2,7,369
42.0,1,2,8,371
42.0,1,2,9,373
42.0,1,2,10,374
42.0,1,2,11,376
42.0,1,2,12,378
42.0,1,2,13,379
42.0,1,2,14,381
42.0,1,2,15,383
42.0,1,3,0,359
42.0,1,3,1,361
42.0,1,3,2,363
42.0,1,3,3,365
42.0,1,3,4,366
42.0,1,3,5,368
42.0,1,3,6,370
42.0,1,3,7,372
42.0,1,3,8,373
42.0,1,3,9,375
42.0,1,3,10,377
42.0,1,3,11,378
42.0,1,3,12,380
42.0,1,3,13,382
42.0,1,3,14,383
42.0,1,3,15,385
42.0,1,4,0,362
42.0,1,4,1,363
42.0,1,4,2,365
42.0,1,4,3,367
42.0,1,4,4,369
42.0,1,4,5,370
42.0,1,4,6,372
42.0,1,4,7,374
42.0,1,4,8,375
42.0,1,4,9,377
42.0,1,4,10,379
42.0,1,4,11,381
42.0,1,4,12,382
42.0,1,4,13,384
42.0,1,4,14,386
42.0,1,4,15,387
42.0,1,5,0,364
42.0,1,5,1,365
42.0,1,5,2,367
42.0,1,5,3,369
42.0,1,5,4,371
42.0,1,5,5,372
42.0,1,5,6,374
42.0,1,5,7,376
42.0,1,5,8,378
42.0,1,5,9,379
42.0,1,5,10,381
42.0,1,5,11,383
42.0,1,5,12,384
42.0,1,5,13,386
42.0,1,5,14,388
42.0,1,5,15,389
42.0,1,6,0,366
42.0,1,6,1,367
42.0,1,6,2,369
42.0,1,6,3,371
42.0,1,6,4,373
42.0,1,6,5,375
42.0,1,6,6,376
42.0,1,6,7,378
42.0,1,6,8,380
42.0,1,6,9,381
42.0,1,6,10,383
42.0,1,6,11,385
42.0,1,6,12,387
42.0,1,6,13,388
42.0,1,6,14,390
42.0,1,6,15,392
42.0,1,7,0,368
42.0,1,7,1,369
42.0,1,7,2,371
42.0,1,7,3,373
42.0,1,7,4,375
42.0,1,7,5,377
42.0,1,7,6,378
42.0,1,7,7,380
42.0,1,7,8,382
42.0,1,7,9,384
42.0,1,7,10,385
42.0,1,7,11,387
42.0,1,7,12,389
42.0,1,7,13,390
42.0,1,7,14,392
42.0,1,7,15,394
42.0,1,8,0,370
42.0,1,8,1,372
42.0,1,8,2,373
42.0,1,8,3,375
42.0,1,8,4,377
42.0,1,8,5,379
42.0,1,8,6,380
42.0,1,8,7,382
42.0,1,8,8,384
42.0,1,8,9,386
42.0,1,8,10,387
42.0,1,8,11,389
42.0,1,8,12,391
42.0,1,8,13,393
42.0,1,8,14,394
42.0,1,8,15,396
42.0,1,9,0,372
42.0,1,9,1,374
42.0,1,9,2,375
42.0,1,9,3,377
42.0,1,9,4,379
42.0,1,9,5,381
42.0,1,9,6,383
42.0,1,9,7,384
42.0,1,9,8,386
42.0,1,9,9,388
42.0,1,9,10,390
42.0,1,9,11,391
42.0,1,9,12,393
42.0,1,9,13,395
42.0,1,9,14,396
42.0,1,9,15,398
42.0,1,10,0,374
42.0,1,10,1,376
42.0,1,10,2,377
42.0,1,10,3,379
42.0,1,10,4,381
42.0,1,10,5,383
42.0,1,10,6,385
42.0,1,10,7,386
42.0,1,10,8,388
42.0,1,10,9,390
42.0,1,10,10,392
42.0,1,10,11,393
42.0,1,10,12,395
42.0,1,10,13,397
42.0,1,10,14,399
42.0,1,10,15,400
42.0,1,11,0,376
42.0,1,11,1,378
42.0,1,11,2,379
42.0,1,11,3,381
42.0,1,11,4,383
42.0,1,11,5,385
42.0,1,11,6,387
42.0,1,11,7,388
42.0,1,11,8,390
42.0,1,11,9,392
42.0,1,11,10,394
42.0,1,11,11,396
42.0,1,11,12,397
42.0,1,11,13,399
42.0,1,11,14,401
42.0,1,11,15,403
42.0,1,12,0,378
42.0,1,12,1,380
42.0,1,12,2,381
42.0,1,12,3,383
42.0,1,12,4,385
42.0,1,12,5,387
42.0,1,12,6,389
42.0,1,12,7,391
42.0,1,12,8,392
42.0,1,12,9,394
42.0,1,12,10,396
42.0,1,12,11,398
42.0,1,12,12,399
42.0,1,12,13,401
42.0,1,12,14,403
42.0,1,12,15,405
42.0,1,13,0,380
42.0,1,13,1,382
42.0,1,13,2,383
42.0,1,13,3,385
42.0,1,13,4,387
42.0,1,13,5,389
42.0,1,13,6,391
42.0,1,13,7,393
42.0,1,13,8,394
42.0,1,13,9,396
42.0,1,13,10,398
42.0,1,13,11,400
42.0,1,13,12,402
42.0,1,13,13,403
42.0,1,13,14,405
42.0,1,13,15,407
42.0,1,14,0,382
42.0,1,14,1,384
42.0,1,14,2,385
42.0,1,14,3,387
42.0,1,14,4,389
42.0,1,14,5,391
42.0,1,14,6,393
42.0,1,14,7,395
42.0,1,14,8,396
42.0,1,14,9,398
42.0,1,14,10,400
42.0,1,14,11,402
42.0,1,14,12,404
42.0,1,14,13,405
42.0,1,14,14,407
42.0,1,14,15,409
42.0,1,15,0,384
42.0,1,15,1,386
42.0,1,15,2,387
42.0,1,15,3,389
42.0,1,15,4,391
42.0,1,15,5,393
42.0,1,15,6,395
42.0,1,15,7,397
42.0,1,15,8,398
42.0,1,15,9,400
42.0,1,15,10,402
42.0,1,15,11,404
42.0,1,15,12,406
42.0,1,15,13,407
42.0,1,15,14,409
42.0,1,15,15,411
42.0,2,0,0,359
42.0,2,0,1,361
42.0,2,0,2,362
42.0,2,0,3,364
42.0,2,0,4,366
42.0,2,0,5,368
42.0,2,0,6,369
42.0,2,0,7,371
42.0,2,0,8,373
42.0,2,0,9,375
42.0,2,0,10,376
42.0,2,0,11,378
42.0,2,0,12,380
42.0,2,0,13,381
42.0,2,0,14,383
42.0,2,0,15,385
42.0,2,1,0,361
42.0,2,1,1,363
42.0,2,1,2,365
42.0,2,1,3,366
42.0,2,1,4,368
42.0,2,1,5,370
42.0,2,1,6,372
42.0,2,1,7,373
42.0,2,1,8,375
42.0,2,1,9,377
42.0,2,1,10,378
42.0,2,1,11,380
42.0,2,1,12,382
42.0,2,1,13,383
42.0,2,1,14,385
42.0,2,1,15,387
42.0,2,2,0,363
42.0,2,2,1,365
42.0,2,2,2,367
42.0,2,2,3,369
42.0,2,2,4,370
42.0,2,2,5,372
42.0,2,2,6,374
42.0,2,2,7,376
42.0,2,2,8,377
42.0,2,2,9,379
42.0,2,2,10,381
42.0,2,2,11,382
42.0,2,2,12,384
42.0,2,2,13,386
42.0,2,2,14,387
42.0,2,2,15,389
42.0,2,3,0,365
42.0,2,3,1,367
42.0,2,3,2,369
42.0,2,3,3,371
42.0,2,3,4,373
42.0,2,3,5,374
42.0,2,3,6,376
42.0,2,3,7,378
42.0,2,3,8,379
42.0,2,3,9,381
42.0,2,3,10,383
42.0,2,3,11,385
42.0,2,3,12,386
42.0,2,3,13,388
42.0,2,3,14,390
42.0,2,3,15,391
42.0,2,4,0,368
42.0,2,4,1,369
42.0,2,4,2,371
42.0,2,4,3,373
42.0,2,4,4,375
42.0,2,4,5,376
42.0,2,4,6,378
42.0,2,4,7,380
42.0,2,4,8,382
42.0,2,4,9,383
42.0,2,4,10,385
42.0,2,4,11,387
42.0,2,4,12,389
42.0,2,4,13,390
42.0,2,4,14,392
42.0,2,4,15,394
42.0,2,5,0,370
42.0,2,5,1,371
42.0,2,5,2,373
42.0,2,5,3,375
42.0,2,5,4,377
42.0,2,5,5,379
42.0,2,5,6,380
42.0,2,5,7,382
42.0,2,5,8,384
42.0,2,5,9,386
42.0,2,5,10,387
42.0,2,5,11,389
42.0,2,5,12,391
42.0,2,5,13,393
42.0,2,5,14,394
42.0,2,5,15,396
42.0,2,6,0,372
42.0,2,6,1,374
42.0,2,6,2,375
42.0,2,6,3,377
42.0,2,6,4,379
42.0,2,6,5,381
42.0,2,6,6,383
42.0,2,6,7,384
42.0,2,6,8,386
42.0,2,6,9,388
42.0,2,6,10,390
42.0,2,6,11,391
42.0,2,6,12,393
42.0,2,6,13,395
42.0,2,6,14,396
42.0,2,6,15,398
42.0,2,7,0,374
42.0,2,7,1,376
42.0,2,7,2,377
42.0,2,7,3,379
42.0,2,7,4,381
42.0,2,7,5,383
42.0,2,7,6,385
42.0,2,7,7,386
42.0,2,7,8,388
42.0,2,7,9,390
42.0,2,7,10,392
42.0,2,7,11,393
42.0,2,7,12,395
42.0,2,7,13,397
42.0,2,7,14,399
42.0,2,7,15,400
42.0,2,8,0,376
42.0,2,8,1,378
42.0,2,8,2,380
42.0,2,8,3,381
42.0,2,8,4,383
42.0,2,8,5,385
42.0,2,8,6,387
42.0,2,8,7,389
42.0,2,8,8,390
42.0,2,8,9,392
42.0,2,8,10,394
42.0,2,8,11,396
42.0,2,8,12,397
42.0,2,8,13,399
42.0,2,8,14,401
42.0,2,8,15,403
42.0,2,9,0,378
42.0,2,9,1,380
42.0,2,9,2,382
42.0,2,9,3,383
42.0,2,9,4,385
42.0,2,9,5,387
42.0,2,9,6,389
42.0,2,9,7,391
42.0,2,9,8,393
42.0,2,9,9,394
42.0,2,9,10,396
42.0,2,9,11,398
42.0,2,9,12,400
42.0,2,9,13,401
42.0,2,9,14,403
42.0,2,9,15,405
42.0,2,10,0,380
42.0,2,10,1,382
42.0,2,10,2,384
42.0,2,10,3,386
42.0,2,10,4,387
42.0,2,10,5,389
42.0,2,10,6,391
42.0,2,10,7,393
42.0,2,10,8,395
42.0,2,10,9,396
42.0,2,10,10,398
42.0,2,10,11,400
42.0,2,10,12,402
42.0,2,10,13,404
42.0,2,10,14,405
42.0,2,10,15,407
42.0,2,11,0,382
42.0,2,11,1,384
42.0,2,11,2,386
42.0,2,11,3,388
42.0,2,11,4,389
42.0,2,11,5,391
42.0,2,11,6,393
42.0,2,11,7,395
42.0,2,11,8,397
42.0,2,11,9,399
42.0,2,11,10,400
42.0,2,11,11,402
42.0,2,11,12,404
42.0,2,11,13,406
42.0,2,11,14,407
42.0,2,11,15,409
42.0,2,12,0,384
42.0,2,12,1,386
42.0,2,12,2,388
42.0,2,12,3,390
42.0,2,12,4,392
42.0,2,12,5,393
42.0,2,12,6,395
42.0,2,12,7,397
42.0,2,12,8,399
42.0,2,12,9,401
42.0,2,12,10,403
42.0,2,12,11,404
42.0,2,12,12,406
42.0,2,12,13,408
42.0,2,12,14,410
42.0,2,12,15,411
42.0,2,13,0,386
42.0,2,13,1,388
42.0,2,13,2,390
42.0,2,13,3,392
42.0,2,13,4,394
42.0,2,13,5,395
42.0,2,13,6,397
42.0,2,13,7,399
42.0,2,13,8,401
42.0,2,13,9,403
42.0,2,13,10,405
42.0,2,13,11,406
42.0,2,13,12,408
42.0,2,13,13,410
42.0,2,13,14,412
42.0,2,13,15,414
42.0,2,14,0,388
42.0,2,14,1,390
42.0,2,14,2,392
42.0,2,14,3,394
42.0,2,14,4,396
42.0,2,14,5,398
42.0,2,14,6,399
42.0,2,14,7,401
42.0,2,14,8,403
42.0,2,14,9,405
42.0,2,14,10,407
42.0,2,14,11,409
42.0,2,14,12,410
42.0,2,14,13,412
42.0,2,14,14,414
42.0,2,14,15,416
42.0,2,15,0,390
42.0,2,15,1,392
42.0,2,15,2,394
42.0,2,15,3,396
42.0,2,15,4,398
42.0,2,15,5,400
42.0,2,15,6,401
42.0,2,15,7,403
42.0,2,15,8,405
42.0,2,15,9,407
42.0,2,15,10,409
42.0,2,15,11,411
42.0,2,15,12,412
42.0,2,15,13,414
42.0,2,15,14,416
42.0,2,15,15,418
42.0,3,0,0,365
42.0,3,0,1,367
42.0,3,0,2,368
42.0,3,0,3,370
42.0,3,0,4,372
42.0,3,0,5,374
42.0,3,0,6,375
42.0,3,0,7,377
42.0,3,0,8,379
42.0,3,0,9,381
42.0,3,0,10,382
42.0,3,0,11,384
42.0,3,0,12,386
42.0,3,0,13,387
42.0,3,0,14,389
42.0,3,0,15,391
42.0,3,1,0,367
42.0,3,1,1,369
42.0,3,1,2,371
42.0,3,1,3,372
42.0,3,1,4,374
42.0,3,1,5,376
42.0,3,1,6,378
42.0,3,1,7,379
42.0,3,1,8,381
42.0,3,1,9,383
42.0,3,1,10,385
42.0,3,1,11,386
42.0,3,1,12,388
42.0,3,1,13,390
42.0,3,1,14,391
42.0,3,1,15,393
42.0,3,2,0,369
42.0,3,2,1,371
42.0,3,2,2,373
42.0,3,2,3,375
42.0,3,2,4,376
42.0,3,2,5,378
42.0,3,2,6,380
42.0,3,2,7,382
42.0,3,2,8,383
42.0,3,2,9,385
42.0,3,2,10,387
42.0,3,2,11,389
42.0,3,2,12,390
42.0,3,2,13,392
42.0,3,2,14,394
42.0,3,2,15,396
42.0,3,3,0,371
42.0,3,3,1,373
42.0,3,3,2,375
42.0,3,3,3,377
42.0,3,3,4,379
42.0,3,3,5,380
42.0,3,3,6,382
42.0,3,3,7,384
42.0,3,3,8,386
42.0,3,3,9,387
42.0,3,3,10,389
42.0,3,3,11,391
42.0,3,3,12,393
42.0,3,3,13,394
42.0,3,3,14,396
42.0,3,3,15,398
42.0,3,4,0,374
42.0,3,4,1,375
42.0,3,4,2,377
42.0,3,4,3,379
42.0,3,4,4,381
42.0,3,4,5,383
42.0,3,4,6,384
42.0,3,4,7,386
42.0,3,4,8,388
42.0,3,4,9,390
42.0,3,4,10,391
42.0,3,4,11,393
42.0,3,4,12,395
42.0,3,4,13,397
42.0,3,4,14,398
42.0,3,4,15,400
42.0,3,5,0,376
42.0,3,5,1,378
42.0,3,5,2,379
42.0,3,5,3,381
42.0,3,5,4,383
42.0,3,5,5,385
42.0,3,5,6,387
42.0,3,5,7,388
42.0,3,5,8,390
42.0,3,5,9,392
42.0,3,5,10,394
42.0,3,5,11,395
42.0,3,5,12,397
42.0,3,5,13,399
42.0,3,5,14,401
42.0,3,5,15,402
42.0,3,6,0,378
42.0,3,6,1,380
42.0,3,6,2,382
42.0,3,6,3,383
42.0,3,6,4,385
42.0,3,6,5,387
42.0,3,6,6,389
42.0,3,6,7,391
42.0,3,6,8,392
42.0,3,6,9,394
42.0,3,6,10,396
42.0,3,6,11,398
42.0,3,6,12,399
42.0,3,6,13,401
42.0,3,6,14,403
42.0,3,6,15,405
42.0,3,7,0,380
42.0,3,7,1,382
42.0,3,7,2,384
42.0,3,7,3,386
42.0,3,7,4,387
42.0,3,7,5,389
42.0,3,7,6,391
42.0,3,7,7,393
42.0,3,7,8,395
42.0,3,7,9,396
42.0,3,7,10,398
42.0,3,7,11,400
42.0,3,7,12,402
42.0,3,7,13,403
42.0,3,7,14,405
42.0,3,7,15,407
42.0,3,8,0,382
42.0,3,8,1,384
42.0,3,8,2,386
42.0,3,8,3,388
42.0,3,8,4,390
42.0,3,8,5,391
42.0,3,8,6,393
42.0,3,8,7,395
42.0,3,8,8,397
42.0,3,8,9,399
42.0,3,8,10,400
42.0,3,8,11,402
42.0,3,8,12,404
42.0,3,8,13,406
42.0,3,8,14,407
42.0,3,8,15,409
42.0,3,9,0,384
42.0,3,9,1,386
42.0,3,9,2,388
42.0,3,9,3,390
42.0,3,9,4,392
42.0,3,9,5,393
42.0,3,9,6,395
42.0,3,9,7,397
42.0,3,9,8,399
42.0,3,9,9,401
42.0,3,9,10,403
42.0,3,9,11,404
42.0,3,9,12,406
42.0,3,9,13,408
42.0,3,9,14,410
42.0,3,9,15,411
42.0,3,10,0,386
42.0,3,10,1,388
42.0,3,10,2,390
42.0,3,10,3,392
42.0,3,10,4,394
42.0,3,10,5,396
42.0,3,10,6,397
42.0,3,10,7,399
42.0,3,10,8,401
42.0,3,10,9,403
42.0,3,10,10,405
42.0,3,10,11,407
42.0,3,10,12,408
42.0,3,10,13,410
42.0,3,10,14,412
42.0,3,10,15,414
42.0,3,11,0,388
42.0,3,11,1,390
42.0,3,11,2,392
42.0,3,11,3,394
42.0,3,11,4,396
42.0,3,11,5,398
42.0,3,11,6,400
42.0,3,11,7,401
42.0,3,11,8,403
42.0,3,11,9,405
42.0,3,11,10,407
42.0,3,11,11,409
42.0,3,11,12,411
42.0,3,11,13,412
42.0,3,11,14,414
42.0,3,11,15,416
42.0,3,12,0,390
42.0,3,12,1,392
42.0,3,12,2,394
42.0,3,12,3,396
42.0,3,12,4,398
42.0,3,12,5,400
42.0,3,12,6,402
42.0,3,12,7,404
42.0,3,12,8,405
42.0,3,12,9,407
42.0,3,12,10,409
42.0,3,12,11,411
42.0,3,12,12,413
42.0,3,12,13,415
42.0,3,12,14,416
42.0,3,12,15,418
42.0,3,13,0,392
42.0,3,13,1,394
42.0,3,13,2,396
42.0,3,13,3,398
42.0,3,13,4,400
42.0,3,13,5,402
42.0,3,13,6,404
42.0,3,13,7,406
42.0,3,13,8,408
42.0,3,13,9,409
42.0,3,13,10,411
42.0,3,13,11,413
42.0,3,13,12,415
42.0,3,13,13,417
42.0,3,13,14,419
42.0,3,13,15,420
42.0,3,14,0,394
42.0,3,14,1,396
42.0,3,14,2,398
42.0,3,14,3,400
42.0,3,14,4,402
42.0,3,14,5,404
42.0,3,14,6,406
42.0,3,14,7,408
42.0,3,14,8,410
42.0,3,14,9,412
42.0,3,14,10,413
42.0,3,14,11,415
42.0,3,14,12,417
42.0,3,14,13,419
42.0,3,14,14,421
42.0,3,14,15,423
42.0,3,15,0,397
42.0,3,15,1,398
42.0,3,15,2,400
42.0,3,15,3,402
42.0,3,15,4,404
42.0,3,15,5,406
42.0,3,15,6,408
42.0,3,15,7,410
42.0,3,15,8,412
42.0,3,15,9,414
42.0,3,15,10,416
42.0,3,15,11,417
42.0,3,15,12,419
42.0,3,15,13,421
42.0,3,15,14,423
42.0,3,15,15,425
42.0,4,0,0,371
42.0,4,0,1,373
42.0,4,0,2,374
42.0,4,0,3,376
42.0,4,0,4,378
42.0,4,0,5,380
42.0,4,0,6,382
42.0,4,0,7,383
42.0,4,0,8,385
42.0,4,0,9,387
42.0,4,0,10,389
42.0,4,0,11,390
42.0,4,0,12,392
42.0,4,0,13,394
42.0,4,0,14,395
42.0,4,0,15,397
42.0,4,1,0,373
42.0,4,1,1,375
42.0,4,1,2,377
42.0,4,1,3,378
42.0,4,1,4,380
42.0,4,1,5,382
42.0,4,1,6,384
42.0,4,1,7,386
42.0,4,1,8,387
42.0,4,1,9,389
42.0,4,1,10,391
42.0,4,1,11,393
42.0,4,1,12,394
42.0,4,1,13,396
42.0,4,1,14,398
42.0,4,1,15,400
42.0,4,2,0,375
42.0,4,2,1,377
42.0,4,2,2,379
42.0,4,2,3,381
42.0,4,2,4,383
42.0,4,2,5,384
42.0,4,2,6,386
42.0,4,2,7,388
42.0,4,2,8,390
42.0,4,2,9,391
42.0,4,2,10,393
42.0,4,2,11,395
42.0,4,2,12,397
42.0,4,2,13,398
42.0,4,2,14,400
42.0,4,2,15,402
42.0,4,3,0,377
42.0,4,3,1,379
42.0,4,3,2,381
42.0,4,3,3,383
42.0,4,3,4,385
42.0,4,3,5,387
42.0,4,3,6,388
42.0,4,3,7,390
42.0,4,3,8,392
42.0,4,3,9,394
42.0,4,3,10,396
42.0,4,3,11,397
42.0,4,3,12,399
42.0,4,3,13,401
42.0,4,3,14,403
42.0,4,3,15,404
42.0,4,4,0,380
42.0,4,4,1,381
42.0,4,4,2,383
42.0,4,4,3,385
42.0,4,4,4,387
42.0,4,4,5,389
42.0,4,4,6,391
42.0,4,4,7,392
42.0,4,4,8,394
42.0,4,4,9,396
42.0,4,4,10,398
42.0,4,4,11,400
42.0,4,4,12,401
42.0,4,4,13,403
42.0,4,4,14,405
42.0,4,4,15,407
42.0,4,5,0,382
42.0,4,5,1,384
42.0,4,5,2,386
42.0,4,5,3,387
42.0,4,5,4,389
42.0,4,5,5,391
42.0,4,5,6,393
42.0,4,5,7,395
42.0,4,5,8,396
42.0,4,5,9,398
42.0,4,5,10,400
42.0,4,5,11,402
42.0,4,5,12,404
42.0,4,5,13,405
42.0,4,5,14,407
42.0,4,5,15,409
42.0,4,6,0,384
42.0,4,6,1,386
42.0,4,6,2,388
42.0,4,6,3,390
42.0,4,6,4,391
42.0,4,6,5,393
42.0,4,6,6,395
42.0,4,6,7,397
42.0,4,6,8,399
42.0,4,6,9,401
42.0,4,6,10,402
42.0,4,6,11,404
42.0,4,6,12,406
42.0,4,6,13,408
42.0,4,6,14,409
42.0,4,6,15,411
42.0,4,7,0,386
42.0,4,7,1,388
42.0,4,7,2,390
42.0,4,7,3,392
42.0,4,7,4,394
42.0,4,7,5,395
42.0,4,7,6,397
42.0,4,7,7,399
42.0,4,7,8,401
42.0,4,7,9,403
42.0,4,7,10,405
42.0,4,7,11,406
42.0,4,7,12,408
42.0,4,7,13,410
42.0,4,7,14,412
42.0,4,7,15,414
42.0,4,8,0,388
42.0,4,8,1,390
42.0,4,8,2,392
42.0,4,8,3,394
42.0,4,8,4,396
42.0,4,8,5,398
42.0,4,8,6,400
42.0,4,8,7,401
42.0,4,8,8,403
42.0,4,8,9,405
42.0,4,8,10,407
42.0,4,8,11,409
42.0,4,8,12,410
42.0,4,8,13,412
42.0,4,8,14,414
42.0,4,8,15,416
42.0,4,9,0,390
42.0,4,9,1,392
42.0,4,9,2,394
42.0,4,9,3,396
42.0,4,9,4,398
42.0,4,9,5,400
42.0,4,9,6,402
42.0,4,9,7,404
42.0,4,9,8,405
42.0,4,9,9,407
42.0,4,9,10,409
42.0,4,9,11,411
42.0,4,9,12,413
42.0,4,9,13,415
42.0,4,9,14,416
42.0,4,9,15,418
42.0,4,10,0,392
42.0,4,10,1,394
42.0,4,10,2,396
42.0,4,10,3,398
42.0,4,10,4,400
42.0,4,10,5,402
42.0,4,10,6,404
42.0,4,10,7,406
42.0,4,10,8,408
42.0,4,10,9,409
42.0,4,10,10,411
42.0,4,10,11,413
42.0,4,10,12,415
42.0,4,10,13,417
42.0,4,10,14,419
42.0,4,10,15,420
42.0,4,11,0,395
42.0,4,11,1,397
42.0,4,11,2,398
42.0,4,11,3,400
42.0,4,11,4,402
42.0,4,11,5,404
42.0,4,11,6,406
42.0,4,11,7,408
42.0,4,11,8,410
42.0,4,11,9,412
42.0,4,11,10,414
42.0,4,11,11,415
42.0,4,11,12,417
42.0,4,11,13,419
42.0,4,11,14,421
42.0,4,11,15,423
42.0,4,12,0,397
42.0,4,12,1,399
42.0,4,12,2,401
42.0,4,12,3,402
42.0,4,12,4,404
42.0,4,12,5,406
42.0,4,12,6,408
42.0,4,12,7,410
42.0,4,12,8,412
42.0,4,12,9,414
42.0,4,12,10,416
42.0,4,12,11,418
42.0,4,12,12,419
42.0,4,12,13,421
42.0,4,12,14,423
42.0,4,12,15,425
42.0,4,13,0,399
42.0,4,13,1,401
42.0,4,13,2,403
42.0,4,13,3,405
42.0,4,13,4,407
42.0,4,13,5,408
42.0,4,13,6,410
42.0,4,13,7,412
42.0,4,13,8,414
42.0,4,13,9,416
42.0,4,13,10,418
42.0,4,13,11,420
42.0,4,13,12,422
42.0,4,13,13,423
42.0,4,13,14,425
42.0,4,13,15,427
42.0,4,14,0,401
42.0,4,14,1,403
42.0,4,14,2,405
42.0,4,14,3,407
42.0,4,14,4,409
42.0,4,14,5,411
42.0,4,14,6,412
42.0,4,14,7,414
42.0,4,14,8,416
42.0,4,14,9,418
42.0,4,14,10,420
42.0,4,14,11,422
42.0,4,14,12,424
42.0,4,14,13,426
42.0,4,14,14,428
42.0,4,14,15,429
42.0,4,15,0,403
42.0,4,15,1,405
42.0,4,15,2,407
42.0,4,15,3,409
42.0,4,15,4,411
42.0,4,15,5,413
42.0,4,15,6,415
42.0,4,15,7,417
42.0,4,15,8,418
42.0,4,15,9,420
42.0,4,15,10,422
42.0,4,15,11,424
42.0,4,15,12,426
42.0,4,15,13,428
42.0,4,15,14,430
42.0,4,15,15,432
42.0,5,0,0,377
42.0,5,0,1,379
42.0,5,0,2,380
42.0,5,0,3,382
42.0,5,0,4,384
42.0,5,0,5,386
42.0,5,0,6,388
42.0,5,0,7,389
42.0,5,0,8,391
42.0,5,0,9,393
42.0,5,0,10,395
42.0,5,0,11,396
42.0,5,0,12,398
42.0,5,0,13,400
42.0,5,0,14,402
42.0,5,0,15,403
42.0,5,1,0,379
42.0,5,1,1,381
42.0,5,1,2,383
42.0,5,1,3,384
42.0,5,1,4,386
42.0,5,1,5,388
42.0,5,1,6,390
42.0,5,1,7,392
42.0,5,1,8,394
42.0,5,1,9,395
42.0,5,1,10,397
42.0,5,1,11,399
42.0,5,1,12,401
42.0,5,1,13,402
42.0,5,1,14,404
42.0,5,1,15,406
42.0,5,2,0,381
42.0,5,2,1,383
42.0,5,2,2,385
42.0,5,2,3,387
42.0,5,2,4,389
42.0,5,2,5,390
42.0,5,2,6,392
42.0,5,2,7,394
42.0,5,2,8,396
42.0,5,2,9,398
42.0,5,2,10,399
42.0,5,2,11,401
42.0,5,2,12,403
42.0,5,2,13,405
42.0,5,2,14,407
42.0,5,2,15,408
42.0,5,3,0,383
42.0,5,3,1,385
42.0,5,3,2,387
42.0,5,3,3,389
42.0,5,3,4,391
42.0,5,3,5,393
42.0,5,3,6,395
42.0,5,3,7,396
42.0,5,3,8,398
42.0,5,3,9,400
42.0,5,3,10,402
42.0,5,3,11,404
42.0,5,3,12,405
42.0,5,3,13,407
42.0,5,3,14,409
42.0,5,3,15,411
42.0,5,4,0,386
42.0,5,4,1,388
42.0,5,4,2,389
42.0,5,4,3,391
42.0,5,4,4,393
42.0,5,4,5,395
42.0,5,4,6,397
42.0,5,4,7,399
42.0,5,4,8,400
42.0,5,4,9,402
42.0,5,4,10,404
42.0,5,4,11,406
42.0,5,4,12,408
42.0,5,4,13,410
42.0,5,4,14,411
42.0,5,4,15,413
42.0,5,5,0,388
42.0,5,5,1,390
42.0,5,5,2,392
42.0,5,5,3,394
42.0,5,5,4,395
42.0,5,5,5,397
42.0,5,5,6,399
42.0,5,5,7,401
42.0,5,5,8,403
42.0,5,5,9,405
42.0,5,5,10,406
42.0,5,5,11,408
42.0,5,5,12,410
42.0,5,5,13,412
42.0,5,5,14,414
42.0,5,5,15,415
42.0,5,6,0,390
42.0,5,6,1,392
42.0,5,6,2,394
42.0,5,6,3,396
42.0,5,6,4,398
42.0,5,6,5,400
42.0,5,6,6,401
42.0,5,6,7,403
42.0,5,6,8,405
42.0,5,6,9,407
42.0,5,6,10,409
42.0,5,6,11,411
42.0,5,6,12,412
42.0,5,6,13,414
42.0,5,6,14,416
42.0,5,6,15,418
42.0,5,7,0,392
42.0,5,7,1,394
42.0,5,7,2,396
42.0,5,7,3,398
42.0,5,7,4,400
42.0,5,7,5,402
42.0,5,7,6,404
42.0,5,7,7,405
42.0,5,7,8,407
42.0,5,7,9,409
42.0,5,7,10,411
42.0,5,7,11,413
42.0,5,7,12,415
42.0,5,7,13,417
42.0,5,7,14,418
42.0,5,7,15,420
42.0,5,8,0,394
42.0,5,8,1,396
42.0,5,8,2,398
42.0,5,8,3,400
42.0,5,8,4,402
42.0,5,8,5,404
42.0,5,8,6,406
42.0,5,8,7,408
42.0,5,8,8,410
42.0,5,8,9,411
42.0,5,8,10,413
42.0,5,8,11,415
42.0,5,8,12,417
42.0,5,8,13,419
42.0,5,8,14,421
42.0,5,8,15,422
42.0,5,9,0,397
42.0,5,9,1,399
42.0,5,9,2,400
42.0,5,9,3,402
42.0,5,9,4,404
42.0,5,9,5,406
42.0,5,9,6,408
42.0,5,9,7,410
42.0,5,9,8,412
42.0,5,9,9,414
42.0,5,9,10,416
42.0,5,9,11,417
42.0,5,9,12,419
42.0,5,9,13,421
42.0,5,9,14,423
42.0,5,9,15,425
42.0,5,10,0,399
42.0,5,10,1,401
42.0,5,10,2,403
42.0,5,10,3,405
42.0,5,10,4,406
42.0,5,10,5,408
42.0,5,10,6,410
42.0,5,10,7,412
42.0,5,10,8,414
42.0,5,10,9,416
42.0,5,10,10,418
42.0,5,10,11,420
42.0,5,10,12,422
42.0,5,10,13,423
42.0,5,10,14,425
42.0,5,10,15,427
42.0,5,11,0,401
42.0,5,11,1,403
42.0,5,11,2,405
42.0,5,11,3,407
42.0,5,11,4,409
42.0,5,11,5,411
42.0,5,11,6,413
42.0,5,11,7,414
42.0,5,11,8,416
42.0,5,11,9,418
42.0,5,11,10,420
42.0,5,11,11,422
42.0,5,11,12,424
42.0,5,11,13,426
42.0,5,11,14,428
42.0,5,11,15,429
42.0,5,12,0,403
42.0,5,12,1,405
42.0,5,12,2,407
42.0,5,12,3,409
42.0,5,12,4,411
42.0,5,12,5,413
42.0,5,12,6,415
42.0,5,12,7,417
42.0,5,12,8,419
42.0,5,12,9,420
42.0,5,12,10,422
42.0,5,12,11,424
42.0,5,12,12,426
42.0,5,12,13,428
42.0,5,12,14,430
42.0,5,12,15,432
42.0,5,13,0,405
42.0,5,13,1,407
42.0,5,13,2,409
42.0,5,13,3,411
42.0,5,13,4,413
42.0,5,13,5,415
42.0,5,13,6,417
42.0,5,13,7,419
42.0,5,13,8,421
42.0,5,13,9,423
42.0,5,13,10,425
42.0,5,13,11,426
42.0,5,13,12,428
42.0,5,13,13,430
42.0,5,13,14,432
42.0,5,13,15,434
42.0,5,14,0,407
42.0,5,14,1,409
42.0,5,14,2,411
42.0,5,14,3,413
42.0,5,14,4,415
42.0,5,14,5,417
42.0,5,14,6,419
42.0,5,14,7,421
42.0,5,14,8,423
42.0,5,14,9,425
42.0,5,14,10,427
42.0,5,14,11,429
42.0,5,14,12,431
42.0,5,14,13,432
42.0,5,14,14,434
42.0,5,14,15,436
42.0,5,15,0,409
42.0,5,15,1,411
42.0,5,15,2,413
42.0,5,15,3,415
42.0,5,15,4,417
42.0,5,15,5,419
42.0,5,15,6,421
42.0,5,15,7,423
42.0,5,15,8,425
42.0,5,15,9,427
42.0,5,15,10,429
42.0,5,15,11,431
42.0,5,15,12,433
42.0,5,15,13,435
42.0,5,15,14,437
42.0,5,15,15,438
42.0,6,0,0,383
42.0,6,0,1,384
42.0,6,0,2,386
42.0,6,0,3,388
42.0,6,0,4,390
42.0,6,0,5,392
42.0,6,0,6,394
42.0,6,0,7,395
42.0,6,0,8,397
42.0,6,0,9,399
42.0,6,0,10,401
42.0,6,0,11,403
42.0,6,0,12,404
42.0,6,0,13,406
42.0,6,0,14,408
42.0,6,0,15,410
42.0,6,1,0,385
42.0,6,1,1,387
42.0,6,1,2,389
42.0,6,1,3,390
42.0,6,1,4,392
42.0,6,1,5,394
42.0,6,1,6,396
42.0,6,1,7,398
42.0,6,1,8,400
42.0,6,1,9,401
42.0,6,1,10,403
42.0,6,1,11,405
42.0,6,1,12,407
42.0,6,1,13,409
42.0,6,1,14,410
42.0,6,1,15,412
42.0,6,2,0,387
42.0,6,2,1,389
42.0,6,2,2,391
42.0,6,2,3,393
42.0,6,2,4,395
42.0,6,2,5,397
42.0,6,2,6,398
42.0,6,2,7,400
42.0,6,2,8,402
42.0,6,2,9,404
42.0,6,2,10,406
42.0,6,2,11,408
42.0,6,2,12,409
42.0,6,2,13,411
42.0,6,2,14,413
42.0,6,2,15,415
42.0,6,3,0,389
42.0,6,3,1,391
42.0,6,3,2,393
42.0,6,3,3,395
42.0,6,3,4,397
42.0,6,3,5,399
42.0,6,3,6,401
42.0,6,3,7,403
42.0,6,3,8,404
42.0,6,3,9,406
42.0,6,3,10,408
42.0,6,3,11,410
42.0,6,3,12,412
42.0,6,3,13,414
42.0,6,3,14,415
42.0,6,3,15,417
42.0,6,4,0,392
42.0,6,4,1,394
42.0,6,4,2,396
42.0,6,4,3,397
42.0,6,4,4,399
42.0,6,4,5,401
42.0,6,4,6,403
42.0,6,4,7,405
42.0,6,4,8,407
42.0,6,4,9,409
42.0,6,4,10,410
42.0,6,4,11,412
42.0,6,4,12,414
42.0,6,4,13,416
42.0,6,4,14,418
42.0,6,4,15,420
42.0,6,5,0,394
42.0,6,5,1,396
42.0,6,5,2,398
42.0,6,5,3,400
42.0,6,5,4,402
42.0,6,5,5,403
42.0,6,5,6,405
42.0,6,5,7,407
42.0,6,5,8,409
42.0,6,5,9,411
42.0,6,5,10,413
42.0,6,5,11,415
42.0,6,5,12,416
42.0,6,5,13,418
42.0,6,5,14,420
42.0,6,5,15,422
42.0,6,6,0,396
42.0,6,6,1,398
42.0,6,6,2,400
42.0,6,6,3,402
42.0,6,6,4,404
42.0,6,6,5,406
42.0,6,6,6,408
42.0,6,6,7,410
42.0,6,6,8,411
42.0,6,6,9,413
42.0,6,6,10,415
42.0,6,6,11,417
42.0,6,6,12,419
42.0,6,6,13,421
42.0,6,6,14,423
42.0,6,6,15,424
42.0,6,7,0,398
42.0,6,7,1,400
42.0,6,7,2,402
42.0,6,7,3,404
42.0,6,7,4,406
42.0,6,7,5,408
42.0,6,7,6,410
42.0,6,7,7,412
42.0,6,7,8,414
42.0,6,7,9,416
42.0,6,7,10,417
42.0,6,7,11,419
42.0,6,7,12,421
42.0,6,7,13,423
42.0,6,7,14,425
42.0,6,7,15,427
42.0,6,8,0,401
42.0,6,8,1,403
42.0,6,8,2,405
42.0,6,8,3,406
42.0,6,8,4,408
42.0,6,8,5,410
42.0,6,8,6,412
42.0,6,8,7,414
42.0,6,8,8,416
42.0,6,8,9,418
42.0,6,8,10,420
42.0,6,8,11,422
42.0,6,8,12,424
42.0,6,8,13,425
42.0,6,8,14,427
42.0,6,8,15,429
42.0,6,9,0,403
42.0,6,9,1,405
42.0,6,9,2,407
42.0,6,9,3,409
42.0,6,9,4,411
42.0,6,9,5,413
42.0,6,9,6,414
42.0,6,9,7,416
42.0,6,9,8,418
42.0,6,9,9,420
42.0,6,9,10,422
42.0,6,9,11,424
42.0,6,9,12,426
42.0,6,9,13,428
42.0,6,9,14,430
42.0,6,9,15,431
42.0,6,10,0,405
42.0,6,10,1,407
42.0,6,10,2,409
42.0,6,10,3,411
42.0,6,10,4,413
42.0,6,10,5,415
42.0,6,10,6,417
42.0,6,10,7,419
42.0,6,10,8,421
42.0,6,10,9,422
42.0,6,10,10,424
42.0,6,10,11,426
42.0,6,10,12,428
42.0,6,10,13,430
42.0,6,10,14,432
42.0,6,10,15,434
42.0,6,11,0,407
42.0,6,11,1,409
42.0,6,11,2,411
42.0,6,11,3,413
42.0,6,11,4,415
42.0,6,11,5,417
42.0,6,11,6,419
42.0,6,11,7,421
42.0,6,11,8,423
42.0,6,11,9,425
42.0,6,11,10,427
42.0,6,11,11,429
42.0,6,11,12,430
42.0,6,11,13,432
42.0,6,11,14,434
42.0,6,11,15,436
42.0,6,12,0,409
42.0,6,12,1,411
42.0,6,12,2,413
42.0,6,12,3,415
42.0,6,12,4,417
42.0,6,12,5,419
42.0,6,12,6,421
42.0,6,12,7,423
42.0,6,12,8,425
42.0,6,12,9,427
42.0,6,12,10,429
42.0,6,12,11,431
42.0,6,12,12,433
42.0,6,12,13,435
42.0,6,12,14,437
42.0,6,12,15,438
42.0,6,13,0,411
42.0,6,13,1,413
42.0,6,13,2,415
42.0,6,13,3,417
42.0,6,13,4,419
42.0,6,13,5,421
42.0,6,13,6,423
42.0,6,13,7,425
42.0,6,13,8,427
42.0,6,13,9,429
42.0,6,13,10,431
42.0,6,13,11,433
42.0,6,13,12,435
42.0,6,13,13,437
42.0,6,13,14,439
42.0,6,13,15,441
42.0,6,14,0,414
42.0,6,14,1,416
42.0,6,14,2,418
42.0,6,14,3,420
42.0,6,14,4,422
42.0,6,14,5,424
42.0,6,14,6,426
42.0,6,14,7,428
42.0,6,14,8,430
42.0,6,14,9,431
42.0,6,14,10,433
42.0,6,14,11,435
42.0,6,14,12,437
42.0,6,14,13,439
42.0,6,14,14,441
42.0,6,14,15,443
42.0,6,15,0,416
42.0,6,15,1,418
42.0,6,15,2,420
42.0,6,15,3,422
42.0,6,15,4,424
42.0,6,15,5,426
42.0,6,15,6,428
42.0,6,15,7,430
42.0,6,15,8,432
42.0,6,15,9,434
42.0,6,15,10,436
42.0,6,15,11,438
42.0,6,15,12,440
42.0,6,15,13,441
42.0,6,15,14,443
42.0,6,15,15,445
42.0,7,0,0,388
42.0,7,0,1,390
42.0,7,0,2,392
42.0,7,0,3,394
42.0,7,0,4,396
42.0,7,0,5,398
42.0,7,0,6,400
42.0,7,0,7,402
42.0,7,0,8,403
42.0,7,0,9,405
42.0,7,0,10,407
42.0,7,0,11,409
42.0,7,0,12,411
42.0,7,0,13,412
42.0,7,0,14,414
42.0,7,0,15,416
42.0,7,1,0,391
42.0,7,1,1,393
42.0,7,1,2,395
42.0,7,1,3,396
42.0,7,1,4,398
42.0,7,1,5,400
42.0,7,1,6,402
42.0,7,1,7,404
42.0,7,1,8,406
42.0,7,1,9,408
42.0,7,1,10,410
42.0,7,1,11,411
42.0,7,1,12,413
42.0,7,1,13,415
42.0,7,1,14,417
42.0,7,1,15,419
42.0,7,2,0,393
42.0,7,2,1,395
42.0,7,2,2,397
42.0,7,2,3,399
42.0,7,2,4,401
42.0,7,2,5,403
42.0,7,2,6,405
42.0,7,2,7,406
42.0,7,2,8,408
42.0,7,2,9,410
42.0,7,2,10,412
42.0,7,2,11,414
42.0,7,2,12,416
42.0,7,2,13,417
42.0,7,2,14,419
42.0,7,2,15,421
42.0,7,3,0,395
42.0,7,3,1,397
42.0,7,3,2,399
42.0,7,3,3,401
42.0,7,3,4,403
42.0,7,3,5,405
42.0,7,3,6,407
42.0,7,3,7,409
42.0,7,3,8,411
42.0,7,3,9,413
42.0,7,3,10,414
42.0,7,3,11,416
42.0,7,3,12,418
42.0,7,3,13,420
42.0,7,3,14,422
42.0,7,3,15,424
42.0,7,4,0,398
42.0,7,4,1,400
42.0,7,4,2,402
42.0,7,4,3,404
42.0,7,4,4,405
42.0,7,4,5,407
42.0,7,4,6,409
42.0,7,4,7,411
42.0,7,4,8,413
42.0,7,4,9,415
42.0,7,4,10,417
42.0,7,4,11,419
42.0,7,4,12,420
42.0,7,4,13,422
42.0,7,4,14,424
42.0,7,4,15,426
42.0,7,5,0,400
42.0,7,5,1,402
42.0,7,5,2,404
42.0,7,5,3,406
42.0,7,5,4,408
42.0,7,5,5,410
42.0,7,5,6,412
42.0,7,5,7,414
42.0,7,5,8,415
42.0,7,5,9,417
42.0,7,5,10,419
42.0,7,5,11,421
42.0,7,5,12,423
42.0,7,5,13,425
42.0,7,5,14,427
42.0,7,5,15,428
42.0,7,6,0,402
42.0,7,6,1,404
42.0,7,6,2,406
42.0,7,6,3,408
42.0,7,6,4,410
42.0,7,6,5,412
42.0,7,6,6,414
42.0,7,6,7,416
42.0,7,6,8,418
42.0,7,6,9,420
42.0,7,6,10,422
42.0,7,6,11,423
42.0,7,6,12,425
42.0,7,6,13,427
42.0,7,6,14,429
42.0,7,6,15,431
42.0,7,7,0,405
42.0,7,7,1,406
42.0,7,7,2,408
42.0,7,7,3,410
42.0,7,7,4,412
42.0,7,7,5,414
42.0,7,7,6,416
42.0,7,7,7,418
42.0,7,7,8,420
42.0,7,7,9,422
42.0,7,7,10,424
42.0,7,7,11,426
42.0,7,7,12,428
42.0,7,7,13,430
42.0,7,7,14,431
42.0,7,7,15,433
42.0,7,8,0,407
42.0,7,8,1,409
42.0,7,8,2,411
42.0,7,8,3,413
42.0,7,8,4,415
42.0,7,8,5,417
42.0,7,8,6,419
42.0,7,8,7,421
42.0,7,8,8,422
42.0,7,8,9,424
42.0,7,8,10,426
42.0,7,8,11,428
42.0,7,8,12,430
42.0,7,8,13,432
42.0,7,8,14,434
42.0,7,8,15,436
42.0,7,9,0,409
42.0,7,9,1,411
42.0,7,9,2,413
42.0,7,9,3,415
42.0,7,9,4,417
42.0,7,9,5,419
42.0,7,9,6,421
42.0,7,9,7,423
42.0,7,9,8,425
42.0,7,9,9,427
42.0,7,9,10,429
42.0,7,9,11,431
42.0,7,9,12,432
42.0,7,9,13,434
42.0,7,9,14,436
42.0,7,9,15,438
42.0,7,10,0,411
42.0,7,10,1,413
42.0,7,10,2,415
42.0,7,10,3,417
42.0,7,10,4,419
42.0,7,10,5,421
42.0,7,10,6,423
42.0,7,10,7,425
42.0,7,10,8,427
42.0,7,10,9,429
42.0,7,10,10,431
42.0,7,10,11,433
42.0,7,10,12,435
42.0,7,10,13,437
42.0,7,10,14,439
42.0,7,10,15,440
42.0,7,11,0,413
42.0,7,11,1,415
42.0,7,11,2,417
42.0,7,11,3,419
42.0,7,11,4,421
42.0,7,11,5,423
42.0,7,11,6,425
42.0,7,11,7,427
42.0,7,11,8,429
42.0,7,11,9,431
42.0,7,11,10,433
42.0,7,11,11,435
42.0,7,11,12,437
42.0,7,11,13,439
42.0,7,11,14,441
42.0,7,11,15,443
42.0,7,12,0,416
42.0,7,12,1,418
42.0,7,12,2,420
42.0,7,12,3,422
42.0,7,12,4,424
42.0,7,12,5,426
42.0,7,12,6,428
42.0,7,12,7,430
42.0,7,12,8,432
42.0,7,12,9,434
42.0,7,12,10,436
42.0,7,12,11,437
42.0,7,12,12,439
42.0,7,12,13,441
42.0,7,12,14,443
42.0,7,12,15,445
42.0,7,13,0,418
42.0,7,13,1,420
42.0,7,13,2,422
42.0,7,13,3,424
42.0,7,13,4,426
42.0,7,13,5,428
42.0,7,13,6,430
42.0,7,13,7,432
42.0,7,13,8,434
42.0,7,13,9,436
42.0,7,13,10,438
42.0,7,13,11,440
42.0,7,13,12,442
42.0,7,13,13,444
42.0,7,13,14,446
42.0,7,13,15,448
42.0,7,14,0,420
42.0,7,14,1,422
42.0,7,14,2,424
42.0,7,14,3,426
42.0,7,14,4,428
42.0,7,14,5,430
42.0,7,14,6,432
42.0,7,14,7,434
42.0,7,14,8,436
42.0,7,14,9,438
42.0,7,14,10,440
42.0,7,14,11,442
42.0,7,14,12,444
42.0,7,14,13,446
42.0,7,14,14,448
42.0,7,14,15,450
42.0,7,15,0,422
42.0,7,15,1,424
42.0,7,15,2,426
42.0,7,15,3,428
42.0,7,15,4,430
42.0,7,15,5,432
42.0,7,15,6,434
42.0,7,15,7,436
42.0,7,15,8,438
42.0,7,15,9,440
42.0,7,15,10,442
42.0,7,15,11,444
42.0,7,15,12,446
42.0,7,15,13,448
42.0,7,15,14,450
42.0,7,15,15,452
42.0,8,0,0,394
42.0,8,0,1,396
42.0,8,0,2,398
42.0,8,0,3,400
42.0,8,0,4,402
42.0,8,0,5,404
42.0,8,0,6,406
42.0,8,0,7,408
42.0,8,0,8,410
42.0,8,0,9,411
42.0,8,0,10,413
42.0,8,0,11,415
42.0,8,0,12,417
42.0,8,0,13,419
42.0,8,0,14,421
42.0,8,0,15,422
42.0,8,1,0,397
42.0,8,1,1,399
42.0,8,1,2,401
42.0,8,1,3,403
42.0,8,1,4,404
42.0,8,1,5,406
42.0,8,1,6,408
42.0,8,1,7,410
42.0,8,1,8,412
42.0,8,1,9,414
42.0,8,1,10,416
42.0,8,1,11,418
42.0,8,1,12,419
42.0,8,1,13,421
42.0,8,1,14,423
42.0,8,1,15,425
42.0,8,2,0,399
42.0,8,2,1,401
42.0,8,2,2,403
42.0,8,2,3,405
42.0,8,2,4,407
42.0,8,2,5,409
42.0,8,2,6,411
42.0,8,2,7,413
42.0,8,2,8,414
42.0,8,2,9,416
42.0,8,2,10,418
42.0,8,2,11,420
42.0,8,2,12,422
42.0,8,2,13,424
42.0,8,2,14,426
42.0,8,2,15,427
42.0,8,3,0,401
42.0,8,3,1,403
42.0,8,3,2,405
42.0,8,3,3,407
42.0,8,3,4,409
42.0,8,3,5,411
42.0,8,3,6,413
42.0,8,3,7,415
42.0,8,3,8,417
42.0,8,3,9,419
42.0,8,3,10,421
42.0,8,3,11,423
42.0,8,3,12,424
42.0,8,3,13,426
42.0,8,3,14,428
42.0,8,3,15,430
42.0,8,4,0,404
42.0,8,4,1,406
42.0,8,4,2,408
42.0,8,4,3,410
42.0,8,4,4,412
42.0,8,4,5,414
42.0,8,4,6,415
42.0,8,4,7,417
42.0,8,4,8,419
42.0,8,4,9,421
42.0,8,4,10,423
42.0,8,4,11,425
42.0,8,4,12,427
42.0,8,4,13,429
42.0,8,4,14,431
42.0,8,4,15,432
42.0,8,5,0,406
42.0,8,5,1,408
42.0,8,5,2,410
42.0,8,5,3,412
42.0,8,5,4,414
42.0,8,5,5,416
42.0,8,5,6,418
42.0,8,5,7,420
42.0,8,5,8,422
42.0,8,5,9,424
42.0,8,5,10,426
42.0,8,5,11,427
42.0,8,5,12,429
42.0,8,5,13,431
42.0,8,5,14,433
42.0,8,5,15,435
42.0,8,6,0,408
42.0,8,6,1,410
42.0,8,6,2,412
42.0,8,6,3,414
42.0,8,6,4,416
42.0,8,6,5,418
42.0,8,6,6,420
42.0,8,6,7,422
42.0,8,6,8,424
42.0,8,6,9,426
42.0,8,6,10,428
42.0,8,6,11,430
42.0,8,6,12,432
42.0,8,6,13,434
42.0,8,6,14,436
42.0,8,6,15,437
42.0,8,7,0,411
42.0,8,7,1,413
42.0,8,7,2,415
42.0,8,7,3,417
42.0,8,7,4,419
42.0,8,7,5,421
42.0,8,7,6,423
42.0,8,7,7,425
42.0,8,7,8,426
42.0,8,7,9,428
42.0,8,7,10,430
42.0,8,7,11,432
42.0,8,7,12,434
42.0,8,7,13,436
42.0,8,7,14,438
42.0,8,7,15,440
42.0,8,8,0,413
42.0,8,8,1,415
42.0,8,8,2,417
42.0,8,8,3,419
42.0,8,8,4,421
42.0,8,8,5,423
42.0,8,8,6,425
42.0,8,8,7,427
42.0,8,8,8,429
42.0,8,8,9,431
42.0,8,8,10,433
42.0,8,8,11,435
42.0,8,8,12,437
42.0,8,8,13,438
42.0,8,8,14,440
42.0,8,8,15,442
42.0,8,9,0,415
42.0,8,9,1,417
42.0,8,9,2,419
42.0,8,9,3,421
42.0,8,9,4,423
42.0,8,9,5,425
42.0,8,9,6,427
42.0,8,9,7,429
42.0,8,9,8,431
42.0,8,9,9,433
42.0,8,9,10,435
42.0,8,9,11,437
42.0,8,9,12,439
42.0,8,9,13,441
42.0,8,9,14,443
42.0,8,9,15,445
42.0,8,10,0,417
42.0,8,10,1,419
42.0,8,10,2,422
42.0,8,10,3,424
42.0,8,10,4,426
42.0,8,10,5,428
42.0,8,10,6,430
42.0,8,10,7,432
42.0,8,10,8,434
42.0,8,10,9,435
42.0,8,10,10,437
42.0,8,10,11,439
42.0,8,10,12,441
42.0,8,10,13,443
42.0,8,10,14,445
42.0,8,10,15,447
42.0,8,11,0,420
42.0,8,11,1,422
42.0,8,11,2,424
42.0,8,11,3,426
42.0,8,11,4,428
42.0,8,11,5,430
42.0,8,11,6,432
42.0,8,11,7,434
42.0,8,11,8,436
42.0,8,11,9,438
42.0,8,11,10,440
42.0,8,11,11,442
42.0,8,11,12,444
42.0,8,11,13,446
42.0,8,11,14,448
42.0,8,11,15,450
42.0,8,12,0,422
42.0,8,12,1,424
42.0,8,12,2,426
42.0,8,12,3,428
42.0,8,12,4,430
42.0,8,12,5,432
42.0,8,12,6,434
42.0,8,12,7,436
42.0,8,12,8,438
42.0,8,12,9,440
42.0,8,12,10,442
42.0,8,12,11,444
42.0,8,12,12,446
42.0,8,12,13,448
42.0,8,12,14,450
42.0,8,12,15,452
42.0,8,13,0,424
42.0,8,13,1,426
42.0,8,13,2,428
42.0,8,13,3,430
42.0,8,13,4,432
42.0,8,13,5,434
42.0,8,13,6,436
42.0,8,13,7,438
42.0,8,13,8,440
42.0,8,13,9,442
42.0,8,13,10,444
42.0,8,13,11,446
42.0,8,13,12,448
42.0,8,13,13,450
42.0,8,13,14,452
42.0,8,13,15,454
42.0,8,14,0,426
42.0,8,14,1,428
42.0,8,14,2,431
42.0,8,14,3,433
42.0,8,14,4,435
42.0,8,14,5,437
42.0,8,14,6,439
42.0,8,14,7,441
42.0,8,14,8,443
42.0,8,14,9,445
42.0,8,14,10,447
42.0,8,14,11,449
42.0,8,14,12,451
42.0,8,14,13,453
42.0,8,14,14,455
42.0,8,14,15,457
42.0,8,15,0,429
42.0,8,15,1,431
42.0,8,15,2,433
42.0,8,15,3,435
42.0,8,15,4,437
42.0,8,15,5,439
42.0,8,15,6,441
42.0,8,15,7,443
42.0,8,15,8,445
42.0,8,15,9,447
42.0,8,15,10,449
42.0,8,15,11,451
42.0,8,15,12,453
42.0,8,15,13,455
42.0,8,15,14,457
42.0,8,15,15,459
42.0,9,0,0,400
42.0,9,0,1,402
42.0,9,0,2,404
42.0,9,0,3,406
42.0,9,0,4,408
42.0,9,0,5,410
42.0,9,0,6,412
42.0,9,0,7,414
42.0,9,0,8,416
42.0,9,0,9,418
42.0,9,0,10,419
42.0,9,0,11,421
42.0,9,0,12,423
42.0,9,0,13,425
42.0,9,0,14,427
42.0,9,0,15,429
42.0,9,1,0,403
42.0,9,1,1,405
42.0,9,1,2,407
42.0,9,1,3,409
42.0,9,1,4,410
42.0,9,1,5,412
42.0,9,1,6,414
42.0,9,1,7,416
42.0,9,1,8,418
42.0,9,1,9,420
42.0,9,1,10,422
42.0,9,1,11,424
42.0,9,1,12,426
42.0,9,1,13,428
42.0,9,1,14,429
42.0,9,1,15,431
42.0,9,2,0,405
42.0,9,2,1,407
42.0,9,2,2,409
42.0,9,2,3,411
42.0,9,2,4,413
42.0,9,2,5,415
42.0,9,2,6,417
42.0,9,2,7,419
42.0,9,2,8,421
42.0,9,2,9,423
42.0,9,2,10,424
42.0,9,2,11,426
42.0,9,2,12,428
42.0,9,2,13,430
42.0,9,2,14,432
42.0,9,2,15,434
42.0,9,3,0,407
42.0,9,3,1,409
42.0,9,3,2,411
42.0,9,3,3,413
42.0,9,3,4,415
42.0,9,3,5,417
42.0,9,3,6,419
42.0,9,3,7,421
42.0,9,3,8,423
42.0,9,3,9,425
42.0,9,3,10,427
42.0,9,3,11,429
42.0,9,3,12,431
42.0,9,3,13,433
42.0,9,3,14,435
42.0,9,3,15,436
42.0,9,4,0,410
42.0,9,4,1,412
42.0,9,4,2,414
42.0,9,4,3,416
42.0,9,4,4,418
42.0,9,4,5,420
42.0,9,4,6,422
42.0,9,4,7,424
42.0,9,4,8,426
42.0,9,4,9,427
42.0,9,4,10,429
42.0,9,4,11,431
42.0,9,4,12,433
42.0,9,4,13,435
42.0,9,4,14,437
42.0,9,4,15,439
42.0,9,5,0,412
42.0,9,5,1,414
42.0,9,5,2,416
42.0,9,5,3,418
42.0,9,5,4,420
42.0,9,5,5,422
42.0,9,5,6,424
42.0,9,5,7,426
42.0,9,5,8,428
42.0,9,5,9,430
42.0,9,5,10,432
42.0,9,5,11,434
42.0,9,5,12,436
42.0,9,5,13,438
42.0,9,5,14,440
42.0,9,5,15,441
42.0,9,6,0,414
42.0,9,6,1,416
42.0,9,6,2,419
42.0,9,6,3,421
42.0,9,6,4,423
42.0,9,6,5,425
42.0,9,6,6,426
42.0,9,6,7,428
42.0,9,6,8,430
42.0,9,6,9,432
42.0,9,6,10,434
42.0,9,6,11,436
42.0,9,6,12,438
42.0,9,6,13,440
42.0,9,6,14,442
42.0,9,6,15,444
42.0,9,7,0,417
42.0,9,7,1,419
42.0,9,7,2,421
42.0,9,7,3,423
42.0,9,7,4,425
42.0,9,7,5,427
42.0,9,7,6,429
42.0,9,7,7,431
42.0,9,7,8,433
42.0,9,7,9,435
42.0,9,7,10,437
42.0,9,7,11,439
42.0,9,7,12,441
42.0,9,7,13,443
42.0,9,7,14,445
42.0,9,7,15,446
42.0,9,8,0,419
42.0,9,8,1,421
42.0,9,8,2,423
42.0,9,8,3,425
42.0,9,8,4,427
42.0,9,8,5,429
42.0,9,8,6,431
42.0,9,8,7,433
42.0,9,8,8,435
42.0,9,8,9,437
42.0,9,8,10,439
42.0,9,8,11,441
42.0,9,8,12,443
42.0,9,8,13,445
42.0,9,8,14,447
42.0,9,8,15,449
42.0,9,9,0,421
42.0,9,9,1,423
42.0,9,9,2,426
42.0,9,9,3,428
42.0,9,9,4,430
42.0,9,9,5,432
42.0,9,9,6,434
42.0,9,9,7,436
42.0,9,9,8,438
42.0,9,9,9,440
42.0,9,9,10,442
42.0,9,9,11,444
42.0,9,9,12,446
42.0,9,9,13,447
42.0,9,9,14,449
42.0,9,9,15,451
42.0,9,10,0,424
42.0,9,10,1,426
42.0,9,10,2,428
42.0,9,10,3,430
42.0,9,10,4,432
42.0,9,10,5,434
42.0,9,10,6,436
42.0,9,10,7,438
42.0,9,10,8,440
42.0,9,10,9,442
42.0,9,10,10,444
42.0,9,10,11,446
42.0,9,10,12,448
42.0,9,10,13,450
42.0,9,10,14,452
42.0,9,10,15,454
42.0,9,11,0,426
42.0,9,11,1,428
42.0,9,11,2,430
42.0,9,11,3,432
42.0,9,11,4,434
42.0,9,11,5,436
42.0,9,11,6,438
42.0,9,11,7,440
42.0,9,11,8,442
42.0,9,11,9,444
42.0,9,11,10,446
42.0,9,11,11,448
42.0,9,11,12,450
42.0,9,11,13,452
42.0,9,11,14,454
42.0,9,11,15,456
42.0,9,12,0,428
42.0,9,12,1,430
42.0,9,12,2,432
42.0,9,12,3,434
42.0,9,12,4,437
42.0,9,12,5,439
42.0,9,12,6,441
42.0,9,12,7,443
42.0,9,12,8,445
42.0,9,12,9,447
42.0,9,12,10,449
42.0,9,12,11,451
42.0,9,12,12,453
42.0,9,12,13,455
42.0,9,12,14,457
42.0,9,12,15,459
42.0,9,13,0,430
42.0,9,13,1,433
42.0,9,13,2,435
42.0,9,13,3,437
42.0,9,13,4,439
42.0,9,13,5,441
42.0,9,13,6,443
42.0,9,13,7,445
42.0,9,13,8,447
42.0,9,13,9,449
42.0,9,13,10,451
42.0,9,13,11,453
42.0,9,13,12,455
42.0,9,13,13,457
42.0,9,13,14,459
42.0,9,13,15,461
42.0,9,14,0,433
42.0,9,14,1,435
42.0,9,14,2,437
42.0,9,14,3,439
42.0,9,14,4,441
42.0,9,14,5,443
42.0,9,14,6,445
42.0,9,14,7,447
42.0,9,14,8,449
42.0,9,14,9,451
42.0,9,14,10,453
42.0,9,14,11,455
42.0,9,14,12,457
42.0,9,14,13,459
42.0,9,14,14,461
42.0,9,14,15,463
42.0,9,15,0,435
42.0,9,15,1,437
42.0,9,15,2,439
42.0,9,15,3,441
42.0,9,15,4,443
42.0,9,15,5,445
42.0,9,15,6,448
42.0,9,15,7,450
42.0,9,15,8,452
42.0,9,15,9,454
42.0,9,15,10,456
42.0,9,15,11,458
42.0,9,15,12,460
42.0,9,15,13,462
42.0,9,15,14,464
42.0,9,15,15,466
42.0,10,0,0,406
42.0,10,0,1,408
42.0,10,0,2,410
42.0,10,0,3,412
42.0,10,0,4,414
42.0,10,0,5,416
42.0,10,0,6,418
42.0,10,0,7,420
42.0,10,0,8,422
42.0,10,0,9,424
42.0,10,0,10,426
42.0,10,0,11,427
42.0,10,0,12,429
42.0,10,0,13,431
42.0,10,0,14,433
42.0,10,0,15,435
42.0,10,1,0,409
42.0,10,1,1,411
42.0,10,1,2,413
42.0,10,1,3,415
42.0,10,1,4,417
42.0,10,1,5,418
42.0,10,1,6,420
42.0,10,1,7,422
42.0,10,1,8,424
42.0,10,1,9,426
42.0,10,1,10,428
42.0,10,1,11,430
42.0,10,1,12,432
42.0,10,1,13,434
42.0,10,1,14,436
42.0,10,1,15,438
42.0,10,2,0,411
42.0,10,2,1,413
42.0,10,2,2,415
42.0,10,2,3,417
42.0,10,2,4,419
42.0,10,2,5,421
42.0,10,2,6,423
42.0,10,2,7,425
42.0,10,2,8,427
42.0,10,2,9,429
42.0,10,2,10,431
42.0,10,2,11,433
42.0,10,2,12,435
42.0,10,2,13,436
42.0,10,2,14,438
42.0,10,2,15,440
42.0,10,3,0,413
42.0,10,3,1,415
42.0,10,3,2,417
42.0,10,3,3,419
42.0,10,3,4,421
42.0,10,3,5,423
42.0,10,3,6,425
42.0,10,3,7,427
42.0,10,3,8,429
42.0,10,3,9,431
42.0,10,3,10,433
42.0,10,3,11,435
42.0,10,3,12,437
42.0,10,3,13,439
42.0,10,3,14,441
42.0,10,3,15,443
42.0,10,4,0,416
42.0,10,4,1,418
42.0,10,4,2,420
42.0,10,4,3,422
42.0,10,4,4,424
42.0,10,4,5,426
42.0,10,4,6,428
42.0,10,4,7,430
42.0,10,4,8,432
42.0,10,4,9,434
42.0,10,4,10,436
42.0,10,4,11,438
42.0,10,4,12,440
42.0,10,4,13,442
42.0,10,4,14,443
42.0,10,4,15,445
42.0,10,5,0,418
42.0,10,5,1,420
42.0,10,5,2,422
42.0,10,5,3,424
42.0,10,5,4,426
42.0,10,5,5,428
42.0,10,5,6,430
42.0,10,5,7,432
42.0,10,5,8,434
42.0,10,5,9,436
42.0,10,5,10,438
42.0,10,5,11,440
42.0,10,5,12,442
42.0,10,5,13,444
42.0,10,5,14,446
42.0,10,5,15,448
42.0,10,6,0,421
42.0,10,6,1,423
42.0,10,6,2,425
42.0,10,6,3,427
42.0,10,6,4,429
42.0,10,6,5,431
42.0,10,6,6,433
42.0,10,6,7,435
42.0,10,6,8,437
42.0,10,6,9,439
42.0,10,6,10,441
42.0,10,6,11,443
42.0,10,6,12,445
42.0,10,6,13,447
42.0,10,6,14,449
42.0,10,6,15,450
42.0,10,7,0,423
42.0,10,7,1,425
42.0,10,7,2,427
42.0,10,7,3,429
42.0,10,7,4,431
42.0,10,7,5,433
42.0,10,7,6,435
42.0,10,7,7,437
42.0,10,7,8,439
42.0,10,7,9,441
42.0,10,7,10,443
42.0,10,7,11,445
42.0,10,7,12,447
42.0,10,7,13,449
42.0,10,7,14,451
42.0,10,7,15,453
42.0,10,8,0,425
42.0,10,8,1,427
42.0,10,8,2,429
42.0,10,8,3,431
42.0,10,8,4,434
42.0,10,8,5,436
42.0,10,8,6,438
42.0,10,8,7,440
42.0,10,8,8,442
42.0,10,8,9,444
42.0,10,8,10,446
42.0,10,8,11,448
42.0,10,8,12,450
42.0,10,8,13,452
42.0,10,8,14,454
42.0,10,8,15,456
42.0,10,9,0,428
42.0,10,9,1,430
42.0,10,9,2,432
42.0,10,9,3,434
42.0,10,9,4,436
42.0,10,9,5,438
42.0,10,9,6,440
42.0,10,9,7,442
42.0,10,9,8,444
42.0,10,9,9,446
42.0,10,9,10,448
42.0,10,9,11,450
42.0,10,9,12,452
42.0,10,9,13,454
42.0,10,9,14,456
42.0,10,9,15,458
42.0,10,10,0,430
42.0,10,10,1,432
42.0,10,10,2,434
42.0,10,10,3,436
42.0,10,10,4,438
42.0,10,10,5,440
42.0,10,10,6,442
42.0,10,10,7,444
42.0,10,10,8,446
42.0,10,10,9,449
42.0,10,10,10,451
42.0,10,10,11,453
42.0,10,10,12,455
42.0,10,10,13,457
42.0,10,10,14,459
42.0,10,10,15,460
42.0,10,11,0,432
42.0,10,11,1,434
42.0,10,11,2,436
42.0,10,11,3,439
42.0,10,11,4,441
42.0,10,11,5,443
42.0,10,11,6,445
42.0,10,11,7,447
42.0,10,11,8,449
42.0,10,11,9,451
42.0,10,11,10,453
42.0,10,11,11,455
42.0,10,11,12,457
42.0,10,11,13,459
42.0,10,11,14,461
42.0,10,11,15,463
42.0,10,12,0,435
42.0,10,12,1,437
42.0,10,12,2,439
42.0,10,12,3,441
42.0,10,12,4,443
42.0,10,12,5,445
42.0,10,12,6,447
42.0,10,12,7,449
42.0,10,12,8,451
42.0,10,12,9,453
42.0,10,12,10,455
42.0,10,12,11,457
42.0,10,12,12,459
42.0,10,12,13,461
42.0,10,12,14,463
42.0,10,12,15,465
42.0,10,13,0,437
42.0,10,13,1,439
42.0,10,13,2,441
42.0,10,13,3,443
42.0,10,13,4,445
42.0,10,13,5,447
42.0,10,13,6,449
42.0,10,13,7,452
42.0,10,13,8,454
42.0,10,13,9,456
42.0,10,13,10,458
42.0,10,13,11,460
42.0,10,13,12,462
42.0,10,13,13,464
42.0,10,13,14,466
42.0,10,13,15,468
42.0,10,14,0,439
42.0,10,14,1,441
42.0,10,14,2,443
42.0,10,14,3,446
42.0,10,14,4,448
42.0,10,14,5,450
42.0,10,14,6,452
42.0,10,14,7,454
42.0,10,14,8,456
42.0,10,14,9,458
42.0,10,14,10,460
42.0,10,14,11,462
42.0,10,14,12,464
42.0,10,14,13,466
42.0,10,14,14,468
42.0,10,14,15,470
42.0,10,15,0,441
42.0,10,15,1,444
42.0,10,15,2,446
42.0,10,15,3,448
42.0,10,15,4,450
42.0,10,15,5,452
42.0,10,15,6,454
42.0,10,15,7,456
42.0,10,15,8,458
42.0,10,15,9,460
42.0,10,15,10,462
42.0,10,15,11,465
42.0,10,15,12,467
42.0,10,15,13,469
42.0,10,15,14,471
42.0,10,15,15,473
42.0,11,0,0,412
42.0,11,0,1,414
42.0,11,0,2,416
42.0,11,0,3,418
42.0,11,0,4,420
42.0,11,0,5,422
42.0,11,0,6,424
42.0,11,0,7,426
42.0,11,0,8,428
42.0,11,0,9,430
42.0,11,0,10,432
42.0,11,0,11,434
42.0,11,0,12,436
42.0,11,0,13,438
42.0,11,0,14,439
42.0,11,0,15,441
42.0,11,1,0,414
42.0,11,1,1,417
42.0,11,1,2,419
42.0,11,1,3,421
42.0,11,1,4,423
42.0,11,1,5,425
42.0,11,1,6,427
42.0,11,1,7,428
42.0,11,1,8,430
42.0,11,1,9,432
42.0,11,1,10,434
42.0,11,1,11,436
42.0,11,1,12,438
42.0,11,1,13,440
42.0,11,1,14,442
42.0,11,1,15,444
42.0,11,2,0,417
42.0,11,2,1,419
42.0,11,2,2,421
42.0,11,2,3,423
42.0,11,2,4,425
42.0,11,2,5,427
42.0,11,2,6,429
42.0,11,2,7,431
42.0,11,2,8,433
42.0,11,2,9,435
42.0,11,2,10,437
42.0,11,2,11,439
42.0,11,2,12,441
42.0,11,2,13,443
42.0,11,2,14,445
42.0,11,2,15,447
42.0,11,3,0,419
42.0,11,3,1,421
42.0,11,3,2,424
42.0,11,3,3,426
42.0,11,3,4,428
42.0,11,3,5,430
42.0,11,3,6,432
42.0,11,3,7,434
42.0,11,3,8,436
42.0,11,3,9,438
42.0,11,3,10,440
42.0,11,3,11,441
42.0,11,3,12,443
42.0,11,3,13,445
42.0,11,3,14,447
42.0,11,3,15,449
42.0,11,4,0,422
42.0,11,4,1,424
42.0,11,4,2,426
42.0,11,4,3,428
42.0,11,4,4,430
42.0,11,4,5,432
42.0,11,4,6,434
42.0,11,4,7,436
42.0,11,4,8,438
42.0,11,4,9,440
42.0,11,4,10,442
42.0,11,4,11,444
42.0,11,4,12,446
42.0,11,4,13,448
42.0,11,4,14,450
42.0,11,4,15,452
42.0,11,5,0,424
42.0,11,5,1,426
42.0,11,5,2,428
42.0,11,5,3,430
42.0,11,5,4,433
42.0,11,5,5,435
42.0,11,5,6,437
42.0,11,5,7,439
42.0,11,5,8,441
42.0,11,5,9,443
42.0,11,5,10,445
42.0,11,5,11,447
42.0,11,5,12,449
42.0,11,5,13,451
42.0,11,5,14,452
42.0,11,5,15,454
42.0,11,6,0,427
42.0,11,6,1,429
42.0,11,6,2,431
42.0,11,6,3,433
42.0,11,6,4,435
42.0,11,6,5,437
42.0,11,6,6,439
42.0,11,6,7,441
42.0,11,6,8,443
42.0,11,6,9,445
42.0,11,6,10,447
42.0,11,6,11,449
42.0,11,6,12,451
42.0,11,6,13,453
42.0,11,6,14,455
42.0,11,6,15,457
42.0,11,7,0,429
42.0,11,7,1,431
42.0,11,7,2,433
42.0,11,7,3,435
42.0,11,7,4,437
42.0,11,7,5,439
42.0,11,7,6,442
42.0,11,7,7,444
42.0,11,7,8,446
42.0,11,7,9,448
42.0,11,7,10,450
42.0,11,7,11,452
42.0,11,7,12,454
42.0,11,7,13,456
42.0,11,7,14,458
42.0,11,7,15,460
42.0,11,8,0,431
42.0,11,8,1,434
42.0,11,8,2,436
42.0,11,8,3,438
42.0,11,8,4,440
42.0,11,8,5,442
42.0,11,8,6,444
42.0,11,8,7,446
42.0,11,8,8,448
42.0,11,8,9,450
42.0,11,8,10,452
42.0,11,8,11,454
42.0,11,8,12,456
42.0,11,8,13,458
42.0,11,8,14,460
42.0,11,8,15,462
42.0,11,9,0,434
42.0,11,9,1,436
42.0,11,9,2,438
42.0,11,9,3,440
42.0,11,9,4,442
42.0,11,9,5,444
42.0,11,9,6,446
42.0,11,9,7,448
42.0,11,9,8,451
42.0,11,9,9,453
42.0,11,9,10,455
42.0,11,9,11,457
42.0,11,9,12,459
42.0,11,9,13,461
42.0,11,9,14,463
42.0,11,9,15,465
42.0,11,10,0,436
42.0,11,10,1,438
42.0,11,10,2,440
42.0,11,10,3,443
42.0,11,10,4,445
42.0,11,10,5,447
42.0,11,10,6,449
42.0,11,10,7,451
42.0,11,10,8,453
42.0,11,10,9,455
42.0,11,10,10,457
42.0,11,10,11,459
42.0,11,10,12,461
42.0,11,10,13,463
42.0,11,10,14,465
42.0,11,10,15,467
42.0,11,11,0,439
42.0,11,11,1,441
42.0,11,11,2,443
42.0,11,11,3,445
42.0,11,11,4,447
42.0,11,11,5,449
42.0,11,11,6,451
42.0,11,11,7,453
42.0,11,11,8,455
42.0,11,11,9,457
42.0,11,11,10,460
42.0,11,11,11,462
42.0,11,11,12,464
42.0,11,11,13,466
42.0,11,11,14,468
42.0,11,11,15,470
42.0,11,12,0,441
42.0,11,12,1,443
42.0,11,12,2,445
42.0,11,12,3,447
42.0,11,12,4,449
42.0,11,12,5,452
42.0,11,12,6,454
42.0,11,12,7,456
42.0,11,12,8,458
42.0,11,12,9,460
42.0,11,12,10,462
42.0,11,12,11,464
42.0,11,12,12,466
42.0,11,12,13,468
42.0,11,12,14,470
42.0,11,12,15,472
42.0,11,13,0,443
42.0,11,13,1,445
42.0,11,13,2,447
42.0,11,13,3,450
42.0,11,13,4,452
42.0,11,13,5,454
42.0,11,13,6,456
42.0,11,13,7,458
42.0,11,13,8,460
42.0,11,13,9,462
42.0,11,13,10,464
42.0,11,13,11,466
42.0,11,13,12,469
42.0,11,13,13,471
42.0,11,13,14,473
42.0,11,13,15,475
42.0,11,14,0,445
42.0,11,14,1,448
42.0,11,14,2,450
42.0,11,14,3,452
42.0,11,14,4,454
42.0,11,14,5,456
42.0,11,14,6,458
42.0,11,14,7,461
42.0,11,14,8,463
42.0,11,14,9,465
42.0,11,14,10,467
42.0,11,14,11,469
42.0,11,14,12,471
42.0,11,14,13,473
42.0,11,14,14,475
42.0,11,14,15,477
42.0,11,15,0,448
42.0,11,15,1,450
42.0,11,15,2,452
42.0,11,15,3,454
42.0,11,15,4,456
42.0,11,15,5,459
42.0,11,15,6,461
42.0,11,15,7,463
42.0,11,15,8,465
42.0,11,15,9,467
42.0,11,15,10,469
42.0,11,15,11,471
42.0,11,15,12,473
42.0,11,15,13,475
42.0,11,15,14,478
42.0,11,15,15,480
42.0,12,0,0,418
42.0,12,0,1,420
42.0,12,0,2,422
42.0,12,0,3,424
42.0,12,0,4,426
42.0,12,0,5,428
42.0,12,0,6,430
42.0,12,0,7,432
42.0,12,0,8,434
42.0,12,0,9,436
42.0,12,0,10,438
42.0,12,0,11,440
42.0,12,0,12,442
42.0,12,0,13,444
42.0,12,0,14,446
42.0,12,0,15,448
42.0,12,1,0,420
42.0,12,1,1,422
42.0,12,1,2,425
42.0,12,1,3,427
42.0,12,1,4,429
42.0,12,1,5,431
42.0,12,1,6,433
42.0,12,1,7,435
42.0,12,1,8,437
42.0,12,1,9,439
42.0,12,1,10,441
42.0,12,1,11,443
42.0,12,1,12,444
42.0,12,1,13,446
42.0,12,1,14,448
42.0,12,1,15,450
42.0,12,2,0,423
42.0,12,2,1,425
42.0,12,2,2,427
42.0,12,2,3,429
42.0,12,2,4,431
42.0,12,2,5,433
42.0,12,2,6,435
42.0,12,2,7,437
42.0,12,2,8,439
42.0,12,2,9,441
42.0,12,2,10,443
42.0,12,2,11,445
42.0,12,2,12,447
42.0,12,2,13,449
42.0,12,2,14,451
42.0,12,2,15,453
42.0,12,3,0,425
42.0,12,3,1,427
42.0,12,3,2,430
42.0,12,3,3,432
42.0,12,3,4,434
42.0,12,3,5,436
42.0,12,3,6,438
42.0,12,3,7,440
42.0,12,3,8,442
42.0,12,3,9,444
42.0,12,3,10,446
42.0,12,3,11,448
42.0,12,3,12,450
42.0,12,3,13,452
42.0,12,3,14,454
42.0,12,3,15,456
42.0,12,4,0,428
42.0,12,4,1,430
42.0,12,4,2,432
42.0,12,4,3,434
42.0,12,4,4,436
42.0,12,4,5,438
42.0,12,4,6,440
42.0,12,4,7,442
42.0,12,4,8,444
42.0,12,4,9,446
42.0,12,4,10,448
42.0,12,4,11,450
42.0,12,4,12,452
42.0,12,4,13,454
42.0,12,4,14,456
42.0,12,4,15,458
42.0,12,5,0,430
42.0,12,5,1,432
42.0,12,5,2,435
42.0,12,5,3,437
42.0,12,5,4,439
42.0,12,5,5,441
42.0,12,5,6,443
42.0,12,5,7,445
42.0,12,5,8,447
42.0,12,5,9,449
42.0,12,5,10,451
42.0,12,5,11,453
42.0,12,5,12,455
42.0,12,5,13,457
42.0,12,5,14,459
42.0,12,5,15,461
42.0,12,6,0,433
42.0,12,6,1,435
42.0,12,6,2,437
42.0,12,6,3,439
42.0,12,6,4,441
42.0,12,6,5,443
42.0,12,6,6,445
42.0,12,6,7,447
42.0,12,6,8,449
42.0,12,6,9,451
42.0,12,6,10,454
42.0,12,6,11,456
42.0,12,6,12,458
42.0,12,6,13,460
42.0,12,6,14,462
42.0,12,6,15,464
42.0,12,7,0,435
42.0,12,7,1,437
42.0,12,7,2,439
42.0,12,7,3,442
42.0,12,7,4,444
42.0,12,7,5,446
42.0,12,7,6,448
42.0,12,7,7,450
42.0,12,7,8,452
42.0,12,7,9,454
42.0,12,7,10,456
42.0,12,7,11,458
42.0,12,7,12,460
42.0,12,7,13,462
42.0,12,7,14,464
42.0,12,7,15,466
42.0,12,8,0,438
42.0,12,8,1,440
42.0,12,8,2,442
42.0,12,8,3,444
42.0,12,8,4,446
42.0,12,8,5,448
42.0,12,8,6,450
42.0,12,8,7,452
42.0,12,8,8,454
42.0,12,8,9,457
42.0,12,8,10,459
42.0,12,8,11,461
42.0,12,8,12,463
42.0,12,8,13,465
42.0,12,8,14,467
42.0,12,8,15,469
42.0,12,9,0,440
42.0,12,9,1,442
42.0,12,9,2,444
42.0,12,9,3,446
42.0,12,9,4,449
42.0,12,9,5,451
42.0,12,9,6,453
42.0,12,9,7,455
42.0,12,9,8,457
42.0,12,9,9,459
42.0,12,9,10,461
42.0,12,9,11,463
42.0,12,9,12,465
42.0,12,9,13,467
42.0,12,9,14,469
42.0,12,9,15,471
42.0,12,10,0,442
42.0,12,10,1,445
42.0,12,10,2,447
42.0,12,10,3,449
42.0,12,10,4,451
42.0,12,10,5,453
42.0,12,10,6,455
42.0,12,10,7,457
42.0,12,10,8,459
42.0,12,10,9,462
42.0,12,10,10,464
42.0,12,10,11,466
42.0,12,10,12,468
42.0,12,10,13,470
42.0,12,10,14,472
42.0,12,10,15,474
42.0,12,11,0,445
42.0,12,11,1,447
42.0,12,11,2,449
42.0,12,11,3,451
42.0,12,11,4,453
42.0,12,11,5,456
42.0,12,11,6,458
42.0,12,11,7,460
42.0,12,11,8,462
42.0,12,11,9,464
42.0,12,11,10,466
42.0,12,11,11,468
42.0,12,11,12,470
42.0,12,11,13,472
42.0,12,11,14,474
42.0,12,11,15,476
42.0,12,12,0,447
42.0,12,12,1,449
42.0,12,12,2,452
42.0,12,12,3,454
42.0,12,12,4,456
42.0,12,12,5,458
42.0,12,12,6,460
42.0,12,12,7,462
42.0,12,12,8,464
42.0,12,12,9,466
42.0,12,12,10,469
42.0,12,12,11,471
42.0,12,12,12,473
42.0,12,12,13,475
42.0,12,12,14,477
42.0,12,12,15,479
42.0,12,13,0,449
42.0,12,13,1,452
42.0,12,13,2,454
42.0,12,13,3,456
42.0,12,13,4,458
42.0,12,13,5,460
42.0,12,13,6,463
42.0,12,13,7,465
42.0,12,13,8,467
42.0,12,13,9,469
42.0,12,13,10,471
42.0,12,13,11,473
42.0,12,13,12,475
42.0,12,13,13,477
42.0,12,13,14,479
42.0,12,13,15,481
42.0,12,14,0,452
42.0,12,14,1,454
42.0,12,14,2,456
42.0,12,14,3,458
42.0,12,14,4,461
42.0,12,14,5,463
42.0,12,14,6,465
42.0,12,14,7,467
42.0,12,14,8,469
42.0,12,14,9,471
42.0,12,14,10,473
42.0,12,14,11,476
42.0,12,14,12,478
42.0,12,14,13,480
42.0,12,14,14,482
42.0,12,14,15,484
42.0,12,15,0,454
42.0,12,15,1,456
42.0,12,15,2,459
42.0,12,15,3,461
42.0,12,15,4,463
42.0,12,15,5,465
42.0,12,15,6,467
42.0,12,15,7,469
42.0,12,15,8,472
42.0,12,15,9,474
42.0,12,15,10,476
42.0,12,15,11,478
42.0,12,15,12,480
42.0,12,15,13,482
42.0,12,15,14,484
42.0,12,15,15,486
42.0,13,0,0,424
42.0,13,0,1,426
42.0,13,0,2,428
42.0,13,0,3,430
42.0,13,0,4,432
42.0,13,0,5,434
42.0,13,0,6,436
42.0,13,0,7,438
42.0,13,0,8,440
42.0,13,0,9,442
42.0,13,0,10,444
42.0,13,0,11,446
42.0,13,0,12,448
42.0,13,0,13,450
42.0,13,0,14,452
42.0,13,0,15,454
42.0,13,1,0,426
42.0,13,1,1,428
42.0,13,1,2,431
42.0,13,1,3,433
42.0,13,1,4,435
42.0,13,1,5,437
42.0,13,1,6,439
42.0,13,1,7,441
42.0,13,1,8,443
42.0,13,1,9,445
42.0,13,1,10,447
42.0,13,1,11,449
42.0,13,1,12,451
42.0,13,1,13,453
42.0,13,1,14,455
42.0,13,1,15,457
42.0,13,2,0,429
42.0,13,2,1,431
42.0,13,2,2,433
42.0,13,2,3,435
42.0,13,2,4,437
42.0,13,2,5,439
42.0,13,2,6,441
42.0,13,2,7,443
42.0,13,2,8,445
42.0,13,2,9,447
42.0,13,2,10,449
42.0,13,2,11,451
42.0,13,2,12,453
42.0,13,2,13,455
42.0,13,2,14,457
42.0,13,2,15,459
42.0,13,3,0,431
42.0,13,3,1,434
42.0,13,3,2,436
42.0,13,3,3,438
42.0,13,3,4,440
42.0,13,3,5,442
42.0,13,3,6,444
42.0,13,3,7,446
42.0,13,3,8,448
42.0,13,3,9,450
42.0,13,3,10,452
42.0,13,3,11,454
42.0,13,3,12,456
42.0,13,3,13,458
42.0,13,3,14,460
42.0,13,3,15,462
42.0,13,4,0,434
42.0,13,4,1,436
42.0,13,4,2,438
42.0,13,4,3,440
42.0,13,4,4,442
42.0,13,4,5,444
42.0,13,4,6,447
42.0,13,4,7,449
42.0,13,4,8,451
42.0,13,4,9,453
42.0,13,4,10,455
42.0,13,4,11,457
42.0,13,4,12,459
42.0,13,4,13,461
42.0,13,4,14,463
42.0,13,4,15,465
42.0,13,5,0,436
42.0,13,5,1,439
42.0,13,5,2,441
42.0,13,5,3,443
42.0,13,5,4,445
42.0,13,5,5,447
42.0,13,5,6,449
42.0,13,5,7,451
42.0,13,5,8,453
42.0,13,5,9,455
42.0,13,5,10,457
42.0,13,5,11,459
42.0,13,5,12,461
42.0,13,5,13,463
42.0,13,5,14,465
42.0,13,5,15,467
42.0,13,6,0,439
42.0,13,6,1,441
42.0,13,6,2,443
42.0,13,6,3,445
42.0,13,6,4,447
42.0,13,6,5,450
42.0,13,6,6,452
42.0,13,6,7,454
42.0,13,6,8,456
42.0,13,6,9,458
42.0,13,6,10,460
42.0,13,6,11,462
42.0,13,6,12,464
42.0,13,6,13,466
42.0,13,6,14,468
42.0,13,6,15,470
42.0,13,7,0,441
42.0,13,7,1,443
42.0,13,7,2,446
42.0,13,7,3,448
42.0,13,7,4,450
42.0,13,7,5,452
42.0,13,7,6,454
42.0,13,7,7,456
42.0,13,7,8,458
42.0,13,7,9,460
42.0,13,7,10,462
42.0,13,7,11,465
42.0,13,7,12,467
42.0,13,7,13,469
42.0,13,7,14,471
42.0,13,7,15,473
42.0,13,8,0,444
42.0,13,8,1,446
42.0,13,8,2,448
42.0,13,8,3,450
42.0,13,8,4,452
42.0,13,8,5,455
42.0,13,8,6,457
42.0,13,8,7,459
42.0,13,8,8,461
42.0,13,8,9,463
42.0,13,8,10,465
42.0,13,8,11,467
42.0,13,8,12,469
42.0,13,8,13,471
42.0,13,8,14,473
42.0,13,8,15,475
42.0,13,9,0,446
42.0,13,9,1,448
42.0,13,9,2,451
42.0,13,9,3,453
42.0,13,9,4,455
42.0,13,9,5,457
42.0,13,9,6,459
42.0,13,9,7,461
42.0,13,9,8,463
42.0,13,9,9,466
42.0,13,9,10,468
42.0,13,9,11,470
42.0,13,9,12,472
42.0,13,9,13,474
42.0,13,9,14,476
42.0,13,9,15,478
42.0,13,10,0,449
42.0,13,10,1,451
42.0,13,10,2,453
42.0,13,10,3,455
42.0,13,10,4,457
42.0,13,10,5,460
42.0,13,10,6,462
42.0,13,10,7,464
42.0,13,10,8,466
42.0,13,10,9,468
42.0,13,10,10,470
42.0,13,10,11,472
42.0,13,10,12,474
42.0,13,10,13,476
42.0,13,10,14,478
42.0,13,10,15,481
42.0,13,11,0,451
42.0,13,11,1,453
42.0,13,11,2,455
42.0,13,11,3,458
42.0,13,11,4,460
42.0,13,11,5,462
42.0,13,11,6,464
42.0,13,11,7,466
42.0,13,11,8,468
42.0,13,11,9,471
42.0,13,11,10,473
42.0,13,11,11,475
42.0,13,11,12,477
42.0,13,11,13,479
42.0,13,11,14,481
42.0,13,11,15,483
42.0,13,12,0,453
42.0,13,12,1,456
42.0,13,12,2,458
42.0,13,12,3,460
42.0,13,12,4,462
42.0,13,12,5,464
42.0,13,12,6,467
42.0,13,12,7,469
42.0,13,12,8,471
42.0,13,12,9,473
42.0,13,12,10,475
42.0,13,12,11,477
42.0,13,12,12,479
42.0,13,12,13,482
42.0,13,12,14,484
42.0,13,12,15,486
42.0,13,13,0,456
42.0,13,13,1,458
42.0,13,13,2,460
42.0,13,13,3,462
42.0,13,13,4,465
42.0,13,13,5,467
42.0,13,13,6,469
42.0,13,13,7,471
42.0,13,13,8,473
42.0,13,13,9,476
42.0,13,13,10,478
42.0,13,13,11,480
42.0,13,13,12,482
42.0,13,13,13,484
42.0,13,13,14,486
42.0,13,13,15,488
42.0,13,14,0,458
42.0,13,14,1,460
42.0,13,14,2,463
42.0,13,14,3,465
42.0,13,14,4,467
42.0,13,14,5,469
42.0,13,14,6,471
42.0,13,14,7,474
42.0,13,14,8,476
42.0,13,14,9,478
42.0,13,14,10,480
42.0,13,14,11,482
42.0,13,14,12,484
42.0,13,14,13,487
42.0,13,14,14,489
42.0,13,14,15,491
42.0,13,15,0,461
42.0,13,15,1,463
42.0,13,15,2,465
42.0,13,15,3,467
42.0,13,15,4,470
42.0,13,15,5,472
42.0,13,15,6,474
42.0,13,15,7,476
42.0,13,15,8,478
42.0,13,15,9,480
42.0,13,15,10,483
42.0,13,15,11,485
42.0,13,15,12,487
42.0,13,15,13,489
42.0,13,15,14,491
42.0,13,15,15,493
42.0,14,0,0,430
42.0,14,0,1,432
42.0,14,0,2,434
42.0,14,0,3,436
42.0,14,0,4,438
42.0,14,0,5,440
42.0,14,0,6,442
42.0,14,0,7,444
42.0,14,0,8,446
42.0,14,0,9,448
42.0,14,0,10,450
42.0,14,0,11,452
42.0,14,0,12,454
42.0,14,0,13,456
42.0,14,0,14,458
42.0,14,0,15,460
42.0,14,1,0,432
42.0,14,1,1,434
42.0,14,1,2,437
42.0,14,1,3,439
42.0,14,1,4,441
42.0,14,1,5,443
42.0,14,1,6,445
42.0,14,1,7,447
42.0,14,1,8,449
42.0,14,1,9,451
42.0,14,1,10,453
42.0,14,1,11,455
42.0,14,1,12,457
42.0,14,1,13,459
42.0,14,1,14,461
42.0,14,1,15,463
42.0,14,2,0,435
42.0,14,2,1,437
42.0,14,2,2,439
42.0,14,2,3,441
42.0,14,2,4,443
42.0,14,2,5,445
42.0,14,2,6,447
42.0,14,2,7,450
42.0,14,2,8,452
42.0,14,2,9,454
42.0,14,2,10,456
42.0,14,2,11,458
42.0,14,2,12,460
42.0,14,2,13,462
42.0,14,2,14,464
42.0,14,2,15,466
42.0,14,3,0,437
42.0,14,3,1,440
42.0,14,3,2,442
42.0,14,3,3,444
42.0,14,3,4,446
42.0,14,3,5,448
42.0,14,3,6,450
42.0,14,3,7,452
42.0,14,3,8,454
42.0,14,3,9,456
42.0,14,3,10,458
42.0,14,3,11,460
42.0,14,3,12,462
42.0,14,3,13,464
42.0,14,3,14,466
42.0,14,3,15,468
42.0,14,4,0,440
42.0,14,4,1,442
42.0,14,4,2,444
42.0,14,4,3,446
42.0,14,4,4,448
42.0,14,4,5,451
42.0,14,4,6,453
42.0,14,4,7,455
42.0,14,4,8,457
42.0,14,4,9,459
42.0,14,4,10,461
42.0,14,4,11,463
42.0,14,4,12,465
42.0,14,4,13,467
42.0,14,4,14,469
42.0,14,4,15,471
42.0,14,5,0,442
42.0,14,5,1,445
42.0,14,5,2,447
42.0,14,5,3,449
42.0,14,5,4,451
42.0,14,5,5,453
42.0,14,5,6,455
42.0,14,5,7,457
42.0,14,5,8,460
42.0,14,5,9,462
42.0,14,5,10,464
42.0,14,5,11,466
42.0,14,5,12,468
42.0,14,5,13,470
42.0,14,5,14,472
42.0,14,5,15,474
42.0,14,6,0,445
42.0,14,6,1,447
42.0,14,6,2,449
42.0,14,6,3,451
42.0,14,6,4,454
42.0,14,6,5,456
42.0,14,6,6,458
42.0,14,6,7,460
42.0,14,6,8,462
42.0,14,6,9,464
42.0,14,6,10,466
42.0,14,6,11,468
42.0,14,6,12,470
42.0,14,6,13,473
42.0,14,6,14,475
42.0,14,6,15,477
42.0,14,7,0,447
42.0,14,7,1,450
42.0,14,7,2,452
42.0,14,7,3,454
42.0,14,7,4,456
42.0,14,7,5,458
42.0,14,7,6,460
42.0,14,7,7,463
42.0,14,7,8,465
42.0,14,7,9,467
42.0,14,7,10,469
42.0,14,7,11,471
42.0,14,7,12,473
42.0,14,7,13,475
42.0,14,7,14,477
42.0,14,7,15,479
42.0,14,8,0,450
42.0,14,8,1,452
42.0,14,8,2,454
42.0,14,8,3,457
42.0,14,8,4,459
42.0,14,8,5,461
42.0,14,8,6,463
42.0,14,8,7,465
42.0,14,8,8,467
42.0,14,8,9,469
42.0,14,8,10,472
42.0,14,8,11,474
42.0,14,8,12,476
42.0,14,8,13,478
42.0,14,8,14,480
42.0,14,8,15,482
42.0,14,9,0,452
42.0,14,9,1,455
42.0,14,9,2,457
42.0,14,9,3,459
42.0,14,9,4,461
42.0,14,9,5,463
42.0,14,9,6,466
42.0,14,9,7,468
42.0,14,9,8,470
42.0,14,9,9,472
42.0,14,9,10,474
42.0,14,9,11,476
42.0,14,9,12,478
42.0,14,9,13,480
42.0,14,9,14,483
42.0,14,9,15,485
42.0,14,10,0,455
42.0,14,10,1,457
42.0,14,10,2,459
42.0,14,10,3,462
42.0,14,10,4,464
42.0,14,10,5,466
42.0,14,10,6,468
42.0,14,10,7,470
42.0,14,10,8,472
42.0,14,10,9,475
42.0,14,10,10,477
42.0,14,10,11,479
42.0,14,10,12,481
42.0,14,10,13,483
42.0,14,10,14,485
42.0,14,10,15,487
42.0,14,11,0,457
42.0,14,11,1,460
42.0,14,11,2,462
42.0,14,11,3,464
42.0,14,11,4,466
42.0,14,11,5,468
42.0,14,11,6,471
42.0,14,11,7,473
42.0,14,11,8,475
42.0,14,11,9,477
42.0,14,11,10,479
42.0,14,11,11,481
42.0,14,11,12,483
42.0,14,11,13,486
42.0,14,11,14,488
42.0,14,11,15,490
42.0,14,12,0,460
42.0,14,12,1,462
42.0,14,12,2,464
42.0,14,12,3,466
42.0,14,12,4,469
42.0,14,12,5,471
42.0,14,12,6,473
42.0,14,12,7,475
42.0,14,12,8,477
42.0,14,12,9,480
42.0,14,12,10,482
42.0,14,12,11,484
42.0,14,12,12,486
42.0,14,12,13,488
42.0,14,12,14,490
42.0,14,12,15,492
42.0,14,13,0,462
42.0,14,13,1,464
42.0,14,13,2,467
42.0,14,13,3,469
42.0,14,13,4,471
42.0,14,13,5,473
42.0,14,13,6,476
42.0,14,13,7,478
42.0,14,13,8,480
42.0,14,13,9,482
42.0,14,13,10,484
42.0,14,13,11,486
42.0,14,13,12,489
42.0,14,13,13,491
42.0,14,13,14,493
42.0,14,13,15,495
42.0,14,14,0,465
42.0,14,14,1,467
42.0,14,14,2,469
42.0,14,14,3,471
42.0,14,14,4,474
42.0,14,14,5,476
42.0,14,14,6,478
42.0,14,14,7,480
42.0,14,14,8,482
42.0,14,14,9,485
42.0,14,14,10,487
42.0,14,14,11,489
42.0,14,14,12,491
42.0,14,14,13,493
42.0,14,14,14,495
42.0,14,14,15,498
42.0,14,15,0,467
42.0,14,15,1,469
42.0,14,15,2,472
42.0,14,15,3,474
42.0,14,15,4,476
42.0,14,15,5,478
42.0,14,15,6,481
42.0,14,15,7,483
42.0,14,15,8,485
42.0,14,15,9,487
42.0,14,15,10,489
42.0,14,15,11,492
42.0,14,15,12,494
42.0,14,15,13,496
42.0,14,15,14,498
42.0,14,15,15,500
42.0,15,0,0,436
42.0,15,0,1,438
42.0,15,0,2,440
42.0,15,0,3,442
42.0,15,0,4,444
42.0,15,0,5,446
42.0,15,0,6,448
42.0,15,0,7,450
42.0,15,0,8,452
42.0,15,0,9,454
42.0,15,0,10,456
42.0,15,0,11,459
42.0,15,0,12,461
42.0,15,0,13,463
42.0,15,0,14,465
42.0,15,0,15,467
42.0,15,1,0,438
42.0,15,1,1,440
42.0,15,1,2,442
42.0,15,1,3,445
42.0,15,1,4,447
42.0,15,1,5,449
42.0,15,1,6,451
42.0,15,1,7,453
42.0,15,1,8,455
42.0,15,1,9,457
42.0,15,1,10,459
42.0,15,1,11,461
42.0,15,1,12,463
42.0,15,1,13,465
42.0,15,1,14,467
42.0,15,1,15,469
42.0,15,2,0,441
42.0,15,2,1,443
42.0,15,2,2,445
42.0,15,2,3,447
42.0,15,2,4,449
42.0,15,2,5,452
42.0,15,2,6,454
42.0,15,2,7,456
42.0,15,2,8,458
42.0,15,2,9,460
42.0,15,2,10,462
42.0,15,2,11,464
42.0,15,2,12,466
42.0,15,2,13,468
42.0,15,2,14,470
42.0,15,2,15,472
42.0,15,3,0,443
42.0,15,3,1,446
42.0,15,3,2,448
42.0,15,3,3,450
42.0,15,3,4,452
42.0,15,3,5,454
42.0,15,3,6,456
42.0,15,3,7,458
42.0,15,3,8,460
42.0,15,3,9,463
42.0,15,3,10,465
42.0,15,3,11,467
42.0,15,3,12,469
42.0,15,3,13,471
42.0,15,3,14,473
42.0,15,3,15,475
42.0,15,4,0,446
42.0,15,4,1,448
42.0,15,4,2,450
42.0,15,4,3,452
42.0,15,4,4,455
42.0,15,4,5,457
42.0,15,4,6,459
42.0,15,4,7,461
42.0,15,4,8,463
42.0,15,4,9,465
42.0,15,4,10,467
42.0,15,4,11,469
42.0,15,4,12,472
42.0,15,4,13,474
42.0,15,4,14,476
42.0,15,4,15,478
42.0,15,5,0,449
42.0,15,5,1,451
42.0,15,5,2,453
42.0,15,5,3,455
42.0,15,5,4,457
42.0,15,5,5,459
42.0,15,5,6,462
42.0,15,5,7,464
42.0,15,5,8,466
42.0,15,5,9,468
42.0,15,5,10,470
42.0,15,5,11,472
42.0,15,5,12,474
42.0,15,5,13,476
42.0,15,5,14,478
42.0,15,5,15,480
42.0,15,6,0,451
42.0,15,6,1,453
42.0,15,6,2,455
42.0,15,6,3,458
42.0,15,6,4,460
42.0,15,6,5,462
42.0,15,6,6,464
42.0,15,6,7,466
42.0,15,6,8,468
42.0,15,6,9,471
42.0,15,6,10,473
42.0,15,6,11,475
42.0,15,6,12,477
42.0,15,6,13,479
42.0,15,6,14,481
42.0,15,6,15,483
42.0,15,7,0,454
42.0,15,7,1,456
42.0,15,7,2,458
42.0,15,7,3,460
42.0,15,7,4,462
42.0,15,7,5,465
42.0,15,7,6,467
42.0,15,7,7,469
42.0,15,7,8,471
42.0,15,7,9,473
42.0,15,7,10,475
42.0,15,7,11,477
42.0,15,7,12,480
42.0,15,7,13,482
42.0,15,7,14,484
42.0,15,7,15,486
42.0,15,8,0,456
42.0,15,8,1,458
42.0,15,8,2,461
42.0,15,8,3,463
42.0,15,8,4,465
42.0,15,8,5,467
42.0,15,8,6,469
42.0,15,8,7,472
42.0,15,8,8,474
42.0,15,8,9,476
42.0,15,8,10,478
42.0,15,8,11,480
42.0,15,8,12,482
42.0,15,8,13,484
42.0,15,8,14,486
42.0,15,8,15,489
42.0,15,9,0,459
42.0,15,9,1,461
42.0,15,9,2,463
42.0,15,9,3,465
42.0,15,9,4,468
42.0,15,9,5,470
42.0,15,9,6,472
42.0,15,9,7,474
42.0,15,9,8,476
42.0,15,9,9,478
42.0,15,9,10,481
42.0,15,9,11,483
42.0,15,9,12,485
42.0,15,9,13,487
42.0,15,9,14,489
42.0,15,9,15,491
42.0,15,10,0,461
42.0,15,10,1,463
42.0,15,10,2,466
42.0,15,10,3,468
42.0,15,10,4,470
42.0,15,10,5,472
42.0,15,10,6,474
42.0,15,10,7,477
42.0,15,10,8,479
42.0,15,10,9,481
42.0,15,10,10,483
42.0,15,10,11,485
42.0,15,10,12,488
42.0,15,10,13,490
42.0,15,10,14,492
42.0,15,10,15,494
42.0,15,11,0,464
42.0,15,11,1,466
42.0,15,11,2,468
42.0,15,11,3,470
42.0,15,11,4,473
42.0,15,11,5,475
42.0,15,11,6,477
42.0,15,11,7,479
42.0,15,11,8,481
42.0,15,11,9,484
42.0,15,11,10,486
42.0,15,11,11,488
42.0,15,11,12,490
42.0,15,11,13,492
42.0,15,11,14,494
42.0,15,11,15,497
42.0,15,12,0,466
42.0,15,12,1,468
42.0,15,12,2,471
42.0,15,12,3,473
42.0,15,12,4,475
42.0,15,12,5,477
42.0,15,12,6,480
42.0,15,12,7,482
42.0,15,12,8,484
42.0,15,12,9,486
42.0,15,12,10,488
42.0,15,12,11,491
42.0,15,12,12,493
42.0,15,12,13,495
42.0,15,12,14,497
42.0,15,12,15,499
42.0,15,13,0,469
42.0,15,13,1,471
42.0,15,13,2,473
42.0,15,13,3,475
42.0,15,13,4,478
42.0,15,13,5,480
42.0,15,13,6,482
42.0,15,13,7,484
42.0,15,13,8,487
42.0,15,13,9,489
42.0,15,13,10,491
42.0,15,13,11,493
42.0,15,13,12,495
42.0,15,13,13,497
42.0,15,13,14,500
42.0,15,13,15,502
42.0,15,14,0,471
42.0,15,14,1,473
42.0,15,14,2,476
42.0,15,14,3,478
42.0,15,14,4,480
42.0,15,14,5,482
42.0,15,14,6,485
42.0,15,14,7,487
42.0,15,14,8,489
42.0,15,14,9,491
42.0,15,14,10,494
42.0,15,14,11,496
42.0,15,14,12,498
42.0,15,14,13,500
42.0,15,14,14,502
42.0,15,14,15,504
42.0,15,15,0,473
42.0,15,15,1,476
42.0,15,15,2,478
42.0,15,15,3,480
42.0,15,15,4,483
42.0,15,15,5,485
42.0,15,15,6,487
42.0,15,15,7,489
42.0,15,15,8,492
42.0,15,15,9,494
42.0,15,15,10,496
42.0,15,15,11,498
42.0,15,15,12,500
42.0,15,15,13,503
42.0,15,15,14,505
42.0,15,15,15,507
42.5,0,0,0,349
42.5,0,0,1,351
42.5,0,0,2,353
42.5,0,0,3,354
42.5,0,0,4,356
42.5,0,0,5,358
42.5,0,0,6,360
42.5,0,0,7,361
42.5,0,0,8,363
42.5,0,0,9,364
42.5,0,0,10,366
42.5,0,0,11,368
42.5,0,0,12,369
42.5,0,0,13,371
42.5,0,0,14,373
42.5,0,0,15,374
42.5,0,1,0,351
42.5,0,1,1,353
42.5,0,1,2,355
42.5,0,1,3,357
42.5,0,1,4,358
42.5,0,1,5,360
42.5,0,1,6,362
42.5,0,1,7,363
42.5,0,1,8,365
42.5,0,1,9,367
42.5,0,1,10,368
42.5,0,1,11,370
42.5,0,1,12,372
42.5,0,1,13,373
42.5,0,1,14,375
42.5,0,1,15,376
42.5,0,2,0,354
42.5,0,2,1,355
42.5,0,2,2,357
42.5,0,2,3,359
42.5,0,2,4,360
42.5,0,2,5,362
42.5,0,2,6,364
42.5,0,2,7,366
42.5,0,2,8,367
42.5,0,2,9,369
42.5,0,2,10,371
42.5,0,2,11,372
42.5,0,2,12,374
42.5,0,2,13,375
42.5,0,2,14,377
42.5,0,2,15,379
42.5,0,3,0,356
42.5,0,3,1,357
42.5,0,3,2,359
42.5,0,3,3,361
42.5,0,3,4,363
42.5,0,3,5,364
42.5,0,3,6,366
42.5,0,3,7,368
42.5,0,3,8,369
42.5,0,3,9,371
42.5,0,3,10,373
42.5,0,3,11,374
42.5,0,3,12,376
42.5,0,3,13,378
42.5,0,3,14,379
42.5,0,3,15,381
42.5,0,4,0,358
42.5,0,4,1,359
42.5,0,4,2,361
42.5,0,4,3,363
42.5,0,4,4,365
42.5,0,4,5,366
42.5,0,4,6,368
42.5,0,4,7,370
42.5,0,4,8,371
42.5,0,4,9,373
42.5,0,4,10,375
42.5,0,4,11,377
42.5,0,4,12,378
42.5,0,4,13,380
42.5,0,4,14,381
42.5,0,4,15,383
42.5,0,5,0,360
42.5,0,5,1,362
42.5,0,5,2,363
42.5,0,5,3,365
42.5,0,5,4,367
42.5,0,5,5,368
42.5,0,5,6,370
42.5,0,5,7,372
42.5,0,5,8,374
42.5,0,5,9,375
42.5,0,5,10,377
42.5,0,5,11,379
42.5,0,5,12,380
42.5,0,5,13,382
42.5,0,5,14,384
42.5,0,5,15,385
42.5,0,6,0,362
42.5,0,6,1,364
42.5,0,6,2,365
42.5,0,6,3,367
42.5,0,6,4,369
42.5,0,6,5,371
42.5,0,6,6,372
42.5,0,6,7,374
42.5,0,6,8,376
42.5,0,6,9,377
42.5,0,6,10,379
42.5,0,6,11,381
42.5,0,6,12,383
42.5,0,6,13,384
42.5,0,6,14,386
42.5,0,6,15,388
42.5,0,7,0,364
42.5,0,7,1,366
42.5,0,7,2,367
42.5,0,7,3,369
42.5,0,7,4,371
42.5,0,7,5,373
42.5,0,7,6,374
42.5,0,7,7,376
42.5,0,7,8,378
42.5,0,7,9,380
42.5,0,7,10,381
42.5,0,7,11,383
42.5,0,7,12,385
42.5,0,7,13,386
42.5,0,7,14,388
42.5,0,7,15,390
42.5,0,8,0,366
42.5,0,8,1,368
42.5,0,8,2,369
42.5,0,8,3,371
42.5,0,8,4,373
42.5,0,8,5,375
42.5,0,8,6,376
42.5,0,8,7,378
42.5,0,8,8,380
42.5,0,8,9,382
42.5,0,8,10,383
42.5,0,8,11,385
42.5,0,8,12,387
42.5,0,8,13,388
42.5,0,8,14,390
42.5,0,8,15,392
42.5,0,9,0,368
42.5,0,9,1,370
42.5,0,9,2,371
42.5,0,9,3,373
42.5,0,9,4,375
42.5,0,9,5,377
42.5,0,9,6,379
42.5,0,9,7,380
42.5,0,9,8,382
42.5,0,9,9,384
42.5,0,9,10,385
42.5,0,9,11,387
42.5,0,9,12,389
42.5,0,9,13,391
42.5,0,9,14,392
42.5,0,9,15,394
42.5,0,10,0,370
42.5,0,10,1,372
42.5,0,10,2,373
42.5,0,10,3,375
42.5,0,10,4,377
42.5,0,10,5,379
42.5,0,10,6,381
42.5,0,10,7,382
42.5,0,10,8,384
42.5,0,10,9,386
42.5,0,10,10,388
42.5,0,10,11,389
42.5,0,10,12,391
42.5,0,10,13,393
42.5,0,10,14,394
42.5,0,10,15,396
42.5,0,11,0,372
42.5,0,11,1,374
42.5,0,11,2,375
42.5,0,11,3,377
42.5,0,11,4,379
42.5,0,11,5,381
42.5,0,11,6,383
42.5,0,11,7,384
42.5,0,11,8,386
42.5,0,11,9,388
42.5,0,11,10,390
42.5,0,11,11,391
42.5,0,11,12,393
42.5,0,11,13,395
42.5,0,11,14,397
42.5,0,11,15,398
42.5,0,12,0,374
42.5,0,12,1,376
42.5,0,12,2,377
42.5,0,12,3,379
42.5,0,12,4,381
42.5,0,12,5,383
42.5,0,12,6,385
42.5,0,12,7,386
42.5,0,12,8,388
42.5,0,12,9,390
42.5,0,12,10,392
42.5,0,12,11,393
42.5,0,12,12,395
42.5,0,12,13,397
42.5,0,12,14,399
42.5,0,12,15,400
42.5,0,13,0,376
42.5,0,13,1,378
42.5,0,13,2,379
42.5,0,13,3,381
42.5,0,13,4,383
42.5,0,13,5,385
42.5,0,13,6,387
42.5,0,13,7,388
42.5,0,13,8,390
42.5,0,13,9,392
42.5,0,13,10,394
42.5,0,13,11,396
42.5,0,13,12,397
42.5,0,13,13,399
42.5,0,13,14,401
42.5,0,13,15,402
42.5,0,14,0,378
42.5,0,14,1,380
42.5,0,14,2,381
42.5,0,14,3,383
42.5,0,14,4,385
42.5,0,14,5,387
42.5,0,14,6,389
42.5,0,14,7,390
42.5,0,14,8,392
42.5,0,14,9,394
42.5,0,14,10,396
42.5,0,14,11,398
42.5,0,14,12,399
42.5,0,14,13,401
42.5,0,14,14,403
42.5,0,14,15,405
42.5,0,15,0,380
42.5,0,15,1,382
42.5,0,15,2,383
42.5,0,15,3,385
42.5,0,15,4,387
42.5,0,15,5,389
42.5,0,15,6,391
42.5,0,15,7,393
42.5,0,15,8,394
42.5,0,15,9,396
42.5,0,15,10,398
42.5,0,15,11,400
42.5,0,15,12,401
42.5,0,15,13,403
42.5,0,15,14,405
42.5,0,15,15,407
42.5,1,0,0,355
42.5,1,0,1,357
42.5,1,0,2,359
42.5,1,0,3,360
42.5,1,0,4,362
42.5,1,0,5,364
42.5,1,0,6,366
42.5,1,0,7,367
42.5,1,0,8,369
42.5,1,0,9,371
42.5,1,0,10,372
42.5,1,0,11,374
42.5,1,0,12,376
42.5,1,0,13,377
42.5,1,0,14,379
42.5,1,0,15,381
42.5,1,1,0,357
42.5,1,1,1,359
42.5,1,1,2,361
42.5,1,1,3,363
42.5,1,1,4,364
42.5,1,1,5,366
42.5,1,1,6,368
42.5,1,1,7,370
42.5,1,1,8,371
42.5,1,1,9,373
42.5,1,1,10,375
42.5,1,1,11,376
42.5,1,1,12,378
42.5,1,1,13,380
42.5,1,1,14,381
42.5,1,1,15,383
42.5,1,2,0,360
42.5,1,2,1,361
42.5,1,2,2,363
42.5,1,2,3,365
42.5,1,2,4,367
42.5,1,2,5,368
42.5,1,2,6,370
42.5,1,2,7,372
42.5,1,2,8,373
42.5,1,2,9,375
42.5,1,2,10,377
42.5,1,2,11,378
42.5,1,2,12,380
42.5,1,2,13,382
42.5,1,2,14,383
42.5,1,2,15,385
42.5,1,3,0,362
42.5,1,3,1,363
42.5,1,3,2,365
42.5,1,3,3,367
42.5,1,3,4,369
42.5,1,3,5,370
42.5,1,3,6,372
42.5,1,3,7,374
42.5,1,3,8,376
42.5,1,3,9,377
42.5,1,3,10,379
42.5,1,3,11,381
42.5,1,3,12,382
42.5,1,3,13,384
42.5,1,3,14,386
42.5,1,3,15,387
42.5,1,4,0,364
42.5,1,4,1,366
42.5,1,4,2,367
42.5,1,4,3,369
42.5,1,4,4,371
42.5,1,4,5,373
42.5,1,4,6,374
42.5,1,4,7,376
42.5,1,4,8,378
42.5,1,4,9,380
42.5,1,4,10,381
42.5,1,4,11,383
42.5,1,4,12,385
42.5,1,4,13,386
42.5,1,4,14,388
42.5,1,4,15,390
42.5,1,5,0,366
42.5,1,5,1,368
42.5,1,5,2,369
42.5,1,5,3,371
42.5,1,5,4,373
42.5,1,5,5,375
42.5,1,5,6,376
42.5,1,5,7,378
42.5,1,5,8,380
42.5,1,5,9,382
42.5,1,5,10,383
42.5,1,5,11,385
42.5,1,5,12,387
42.5,1,5,13,389
42.5,1,5,14,390
42.5,1,5,15,392
42.5,1,6,0,368
42.5,1,6,1,370
42.5,1,6,2,372
42.5,1,6,3,373
42.5,1,6,4,375
42.5,1,6,5,377
42.5,1,6,6,379
42.5,1,6,7,380
42.5,1,6,8,382
42.5,1,6,9,384
42.5,1,6,10,386
42.5,1,6,11,387
42.5,1,6,12,389
42.5,1,6,13,391
42.5,1,6,14,392
42.5,1,6,15,394
42.5,1,7,0,370
42.5,1,7,1,372
42.5,1,7,2,374
42.5,1,7,3,375
42.5,1,7,4,377
42.5,1,7,5,379
42.5,1,7,6,381
42.5,1,7,7,383
42.5,1,7,8,384
42.5,1,7,9,386
42.5,1,7,10,388
42.5,1,7,11,389
42.5,1,7,12,391
42.5,1,7,13,393
42.5,1,7,14,395
42.5,1,7,15,396
42.5,1,8,0,372
42.5,1,8,1,374
42.5,1,8,2,376
42.5,1,8,3,377
42.5,1,8,4,379
42.5,1,8,5,381
42.5,1,8,6,383
42.5,1,8,7,385
42.5,1,8,8,386
42.5,1,8,9,388
42.5,1,8,10,390
42.5,1,8,11,392
42.5,1,8,12,393
42.5,1,8,13,395
42.5,1,8,14,397
42.5,1,8,15,399
42.5,1,9,0,374
42.5,1,9,1,376
42.5,1,9,2,378
42.5,1,9,3,380
42.5,1,9,4,381
42.5,1,9,5,383
42.5,1,9,6,385
42.5,1,9,7,387
42.5,1,9,8,389
42.5,1,9,9,390
42.5,1,9,10,392
42.5,1,9,11,394
42.5,1,9,12,396
42.5,1,9,13,397
42.5,1,9,14,399
42.5,1,9,15,401
42.5,1,10,0,376
42.5,1,10,1,378
42.5,1,10,2,380
42.5,1,10,3,382
42.5,1,10,4,383
42.5,1,10,5,385
42.5,1,10,6,387
42.5,1,10,7,389
42.5,1,10,8,391
42.5,1,10,9,392
42.5,1,10,10,394
42.5,1,10,11,396
42.5,1,10,12,398
42.5,1,10,13,399
42.5,1,10,14,401
42.5,1,10,15,403
42.5,1,11,0,378
42.5,1,11,1,380
42.5,1,11,2,382
42.5,1,11,3,384
42.5,1,11,4,385
42.5,1,11,5,387
42.5,1,11,6,389
42.5,1,11,7,391
42.5,1,11,8,393
42.5,1,11,9,394
42.5,1,11,10,396
42.5,1,11,11,398
42.5,1,11,12,400
42.5,1,11,13,402
42.5,1,11,14,403
42.5,1,11,15,405
42.5,1,12,0,380
42.5,1,12,1,382
42.5,1,12,2,384
42.5,1,12,3,386
42.5,1,12,4,388
42.5,1,12,5,389
42.5,1,12,6,391
42.5,1,12,7,393
42.5,1,12,8,395
42.5,1,12,9,397
42.5,1,12,10,398
42.5,1,12,11,400
42.5,1,12,12,402
42.5,1,12,13,404
42.5,1,12,14,405
42.5,1,12,15,407
42.5,1,13,0,382
42.5,1,13,1,384
42.5,1,13,2,386
42.5,1,13,3,388
42.5,1,13,4,390
42.5,1,13,5,391
42.5,1,13,6,393
42.5,1,13,7,395
42.5,1,13,8,397
42.5,1,13,9,399
42.5,1,13,10,400
42.5,1,13,11,402
42.5,1,13,12,404
42.5,1,13,13,406
42.5,1,13,14,408
42.5,1,13,15,409
42.5,1,14,0,384
42.5,1,14,1,386
42.5,1,14,2,388
42.5,1,14,3,390
42.5,1,14,4,392
42.5,1,14,5,393
42.5,1,14,6,395
42.5,1,14,7,397
42.5,1,14,8,399
42.5,1,14,9,401
42.5,1,14,10,403
42.5,1,14,11,404
42.5,1,14,12,406
42.5,1,14,13,408
42.5,1,14,14,410
42.5,1,14,15,411
42.5,1,15,0,386
42.5,1,15,1,388
42.5,1,15,2,390
42.5,1,15,3,392
42.5,1,15,4,394
42.5,1,15,5,395
42.5,1,15,6,397
42.5,1,15,7,399
42.5,1,15,8,401
42.5,1,15,9,403
42.5,1,15,10,405
42.5,1,15,11,406
42.5,1,15,12,408
42.5,1,15,13,410
42.5,1,15,14,412
42.5,1,15,15,414
42.5,2,0,0,361
42.5,2,0,1,363
42.5,2,0,2,365
42.5,2,0,3,367
42.5,2,0,4,368
42.5,2,0,5,370
42.5,2,0,6,372
42.5,2,0,7,373
42.5,2,0,8,375
42.5,2,0,9,377
42.5,2,0,10,379
42.5,2,0,11,380
42.5,2,0,12,382
42.5,2,0,13,384
42.5,2,0,14,385
42.5,2,0,15,387
42.5,2,1,0,363
42.5,2,1,1,365
42.5,2,1,2,367
42.5,2,1,3,369
42.5,2,1,4,370
42.5,2,1,5,372
42.5,2,1,6,374
42.5,2,1,7,376
42.5,2,1,8,377
42.5,2,1,9,379
42.5,2,1,10,381
42.5,2,1,11,383
42.5,2,1,12,384
42.5,2,1,13,386
42.5,2,1,14,388
42.5,2,1,15,389
42.5,2,2,0,366
42.5,2,2,1,367
42.5,2,2,2,369
42.5,2,2,3,371
42.5,2,2,4,373
42.5,2,2,5,374
42.5,2,2,6,376
42.5,2,2,7,378
42.5,2,2,8,380
42.5,2,2,9,381
42.5,2,2,10,383
42.5,2,2,11,385
42.5,2,2,12,386
42.5,2,2,13,388
42.5,2,2,14,390
42.5,2,2,15,392
42.5,2,3,0,368
42.5,2,3,1,370
42.5,2,3,2,371
42.5,2,3,3,373
42.5,2,3,4,375
42.5,2,3,5,377
42.5,2,3,6,378
42.5,2,3,7,380
42.5,2,3,8,382
42.5,2,3,9,384
42.5,2,3,10,385
42.5,2,3,11,387
42.5,2,3,12,389
42.5,2,3,13,390
42.5,2,3,14,392
42.5,2,3,15,394
42.5,2,4,0,370
42.5,2,4,1,372
42.5,2,4,2,373
42.5,2,4,3,375
42.5,2,4,4,377
42.5,2,4,5,379
42.5,2,4,6,381
42.5,2,4,7,382
42.5,2,4,8,384
42.5,2,4,9,386
42.5,2,4,10,388
42.5,2,4,11,389
42.5,2,4,12,391
42.5,2,4,13,393
42.5,2,4,14,394
42.5,2,4,15,396
42.5,2,5,0,372
42.5,2,5,1,374
42.5,2,5,2,376
42.5,2,5,3,377
42.5,2,5,4,379
42.5,2,5,5,381
42.5,2,5,6,383
42.5,2,5,7,385
42.5,2,5,8,386
42.5,2,5,9,388
42.5,2,5,10,390
42.5,2,5,11,392
42.5,2,5,12,393
42.5,2,5,13,395
42.5,2,5,14,397
42.5,2,5,15,398
42.5,2,6,0,374
42.5,2,6,1,376
42.5,2,6,2,378
42.5,2,6,3,380
42.5,2,6,4,381
42.5,2,6,5,383
42.5,2,6,6,385
42.5,2,6,7,387
42.5,2,6,8,388
42.5,2,6,9,390
42.5,2,6,10,392
42.5,2,6,11,394
42.5,2,6,12,395
42.5,2,6,13,397
42.5,2,6,14,399
42.5,2,6,15,401
42.5,2,7,0,376
42.5,2,7,1,378
42.5,2,7,2,380
42.5,2,7,3,382
42.5,2,7,4,383
42.5,2,7,5,385
42.5,2,7,6,387
42.5,2,7,7,389
42.5,2,7,8,391
42.5,2,7,9,392
42.5,2,7,10,394
42.5,2,7,11,396
42.5,2,7,12,398
42.5,2,7,13,399
42.5,2,7,14,401
42.5,2,7,15,403
42.5,2,8,0,378
42.5,2,8,1,380
42.5,2,8,2,382
42.5,2,8,3,384
42.5,2,8,4,386
42.5,2,8,5,387
42.5,2,8,6,389
42.5,2,8,7,391
42.5,2,8,8,393
42.5,2,8,9,395
42.5,2,8,10,396
42.5,2,8,11,398
42.5,2,8,12,400
42.5,2,8,13,402
42.5,2,8,14,403
42.5,2,8,15,405
42.5,2,9,0,380
42.5,2,9,1,382
42.5,2,9,2,384
42.5,2,9,3,386
42.5,2,9,4,388
42.5,2,9,5,390
42.5,2,9,6,391
42.5,2,9,7,393
42.5,2,9,8,395
42.5,2,9,9,397
42.5,2,9,10,399
42.5,2,9,11,400
42.5,2,9,12,402
42.5,2,9,13,404
42.5,2,9,14,406
42.5,2,9,15,407
42.5,2,10,0,382
42.5,2,10,1,384
42.5,2,10,2,386
42.5,2,10,3,388
42.5,2,10,4,390
42.5,2,10,5,392
42.5,2,10,6,394
42.5,2,10,7,395
42.5,2,10,8,397
42.5,2,10,9,399
42.5,2,10,10,401
42.5,2,10,11,403
42.5,2,10,12,404
42.5,2,10,13,406
42.5,2,10,14,408
42.5,2,10,15,410
42.5,2,11,0,384
42.5,2,11,1,386
42.5,2,11,2,388
42.5,2,11,3,390
42.5,2,11,4,392
42.5,2,11,5,394
42.5,2,11,6,396
42.5,2,11,7,397
42.5,2,11,8,399
42.5,2,11,9,401
42.5,2,11,10,403
42.5,2,11,11,405
42.5,2,11,12,406
42.5,2,11,13,408
42.5,2,11,14,410
42.5,2,11,15,412
42.5,2,12,0,386
42.5,2,12,1,388
42.5,2,12,2,390
42.5,2,12,3,392
42.5,2,12,4,394
42.5,2,12,5,396
42.5,2,12,6,398
42.5,2,12,7,400
42.5,2,12,8,401
42.5,2,12,9,403
42.5,2,12,10,405
42.5,2,12,11,407
42.5,2,12,12,409
42.5,2,12,13,410
42.5,2,12,14,412
42.5,2,12,15,414
42.5,2,13,0,389
42.5,2,13,1,390
42.5,2,13,2,392
42.5,2,13,3,394
42.5,2,13,4,396
42.5,2,13,5,398
42.5,2,13,6,400
42.5,2,13,7,402
42.5,2,13,8,403
42.5,2,13,9,405
42.5,2,13,10,407
42.5,2,13,11,409
42.5,2,13,12,411
42.5,2,13,13,413
42.5,2,13,14,414
42.5,2,13,15,416
42.5,2,14,0,391
42.5,2,14,1,392
42.5,2,14,2,394
42.5,2,14,3,396
42.5,2,14,4,398
42.5,2,14,5,400
42.5,2,14,6,402
42.5,2,14,7,404
42.5,2,14,8,406
42.5,2,14,9,407
42.5,2,14,10,409
42.5,2,14,11,411
42.5,2,14,12,413
42.5,2,14,13,415
42.5,2,14,14,417
42.5,2,14,15,418
42.5,2,15,0,393
42.5,2,15,1,394
42.5,2,15,2,396
42.5,2,15,3,398
42.5,2,15,4,400
42.5,2,15,5,402
42.5,2,15,6,404
42.5,2,15,7,406
42.5,2,15,8,408
42.5,2,15,9,410
42.5,2,15,10,411
42.5,2,15,11,413
42.5,2,15,12,415
42.5,2,15,13,417
42.5,2,15,14,419
42.5,2,15,15,420
42.5,3,0,0,367
42.5,3,0,1,369
42.5,3,0,2,371
42.5,3,0,3,373
42.5,3,0,4,374
42.5,3,0,5,376
42.5,3,0,6,378
42.5,3,0,7,380
42.5,3,0,8,381
42.5,3,0,9,383
42.5,3,0,10,385
42.5,3,0,11,386
42.5,3,0,12,388
42.5,3,0,13,390
42.5,3,0,14,392
42.5,3,0,15,393
42.5,3,1,0,369
42.5,3,1,1,371
42.5,3,1,2,373
42.5,3,1,3,375
42.5,3,1,4,377
42.5,3,1,5,378
42.5,3,1,6,380
42.5,3,1,7,382
42.5,3,1,8,384
42.5,3,1,9,385
42.5,3,1,10,387
42.5,3,1,11,389
42.5,3,1,12,391
42.5,3,1,13,392
42.5,3,1,14,394
42.5,3,1,15,396
42.5,3,2,0,372
42.5,3,2,1,373
42.5,3,2,2,375
42.5,3,2,3,377
42.5,3,2,4,379
42.5,3,2,5,381
42.5,3,2,6,382
42.5,3,2,7,384
42.5,3,2,8,386
42.5,3,2,9,388
42.5,3,2,10,389
42.5,3,2,11,391
42.5,3,2,12,393
42.5,3,2,13,395
42.5,3,2,14,396
42.5,3,2,15,398
42.5,3,3,0,374
42.5,3,3,1,376
42.5,3,3,2,377
42.5,3,3,3,379
42.5,3,3,4,381
42.5,3,3,5,383
42.5,3,3,6,385
42.5,3,3,7,386
42.5,3,3,8,388
42.5,3,3,9,390
42.5,3,3,10,392
42.5,3,3,11,393
42.5,3,3,12,395
42.5,3,3,13,397
42.5,3,3,14,399
42.5,3,3,15,400
42.5,3,4,0,376
42.5,3,4,1,378
42.5,3,4,2,380
42.5,3,4,3,381
42.5,3,4,4,383
42.5,3,4,5,385
42.5,3,4,6,387
42.5,3,4,7,389
42.5,3,4,8,390
42.5,3,4,9,392
42.5,3,4,10,394
42.5,3,4,11,396
42.5,3,4,12,397
42.5,3,4,13,399
42.5,3,4,14,401
42.5,3,4,15,403
42.5,3,5,0,378
42.5,3,5,1,380
42.5,3,5,2,382
42.5,3,5,3,384
42.5,3,5,4,385
42.5,3,5,5,387
42.5,3,5,6,389
42.5,3,5,7,391
42.5,3,5,8,393
42.5,3,5,9,394
42.5,3,5,10,396
42.5,3,5,11,398
42.5,3,5,12,400
42.5,3,5,13,401
42.5,3,5,14,403
42.5,3,5,15,405
42.5,3,6,0,380
42.5,3,6,1,382
42.5,3,6,2,384
42.5,3,6,3,386
42.5,3,6,4,388
42.5,3,6,5,389
42.5,3,6,6,391
42.5,3,6,7,393
42.5,3,6,8,395
42.5,3,6,9,397
42.5,3,6,10,398
42.5,3,6,11,400
42.5,3,6,12,402
42.5,3,6,13,404
42.5,3,6,14,406
42.5,3,6,15,407
42.5,3,7,0,382
42.5,3,7,1,384
42.5,3,7,2,386
42.5,3,7,3,388
42.5,3,7,4,390
42.5,3,7,5,392
42.5,3,7,6,393
42.5,3,7,7,395
42.5,3,7,8,397
42.5,3,7,9,399
42.5,3,7,10,401
42.5,3,7,11,402
42.5,3,7,12,404
42.5,3,7,13,406
42.5,3,7,14,408
42.5,3,7,15,410
42.5,3,8,0,384
42.5,3,8,1,386
42.5,3,8,2,388
42.5,3,8,3,390
42.5,3,8,4,392
42.5,3,8,5,394
42.5,3,8,6,396
42.5,3,8,7,397
42.5,3,8,8,399
42.5,3,8,9,401
42.5,3,8,10,403
42.5,3,8,11,405
42.5,3,8,12,406
42.5,3,8,13,408
42.5,3,8,14,410
42.5,3,8,15,412
42.5,3,9,0,387
42.5,3,9,1,388
42.5,3,9,2,390
42.5,3,9,3,392
42.5,3,9,4,394
42.5,3,9,5,396
42.5,3,9,6,398
42.5,3,9,7,400
42.5,3,9,8,401
42.5,3,9,9,403
42.5,3,9,10,405
42.5,3,9,11,407
42.5,3,9,12,409
42.5,3,9,13,411
42.5,3,9,14,412
42.5,3,9,15,414
42.5,3,10,0,389
42.5,3,10,1,391
42.5,3,10,2,392
42.5,3,10,3,394
42.5,3,10,4,396
42.5,3,10,5,398
42.5,3,10,6,400
42.5,3,10,7,402
42.5,3,10,8,404
42.5,3,10,9,405
42.5,3,10,10,407
42.5,3,10,11,409
42.5,3,10,12,411
42.5,3,10,13,413
42.5,3,10,14,415
42.5,3,10,15,416
42.5,3,11,0,391
42.5,3,11,1,393
42.5,3,11,2,395
42.5,3,11,3,396
42.5,3,11,4,398
42.5,3,11,5,400
42.5,3,11,6,402
42.5,3,11,7,404
42.5,3,11,8,406
42.5,3,11,9,408
42.5,3,11,10,409
42.5,3,11,11,411
42.5,3,11,12,413
42.5,3,11,13,415
42.5,3,11,14,417
42.5,3,11,15,419
42.5,3,12,0,393
42.5,3,12,1,395
42.5,3,12,2,397
42.5,3,12,3,399
42.5,3,12,4,400
42.5,3,12,5,402
42.5,3,12,6,404
42.5,3,12,7,406
42.5,3,12,8,408
42.5,3,12,9,410
42.5,3,12,10,412
42.5,3,12,11,414
42.5,3,12,12,415
42.5,3,12,13,417
42.5,3,12,14,419
42.5,3,12,15,421
42.5,3,13,0,395
42.5,3,13,1,397
42.5,3,13,2,399
42.5,3,13,3,401
42.5,3,13,4,403
42.5,3,13,5,404
42.5,3,13,6,406
42.5,3,13,7,408
42.5,3,13,8,410
42.5,3,13,9,412
42.5,3,13,10,414
42.5,3,13,11,416
42.5,3,13,12,418
42.5,3,13,13,419
42.5,3,13,14,421
42.5,3,13,15,423
42.5,3,14,0,397
42.5,3,14,1,399
42.5,3,14,2,401
42.5,3,14,3,403
42.5,3,14,4,405
42.5,3,14,5,407
42.5,3,14,6,408
42.5,3,14,7,410
42.5,3,14,8,412
42.5,3,14,9,414
42.5,3,14,10,416
42.5,3,14,11,418
42.5,3,14,12,420
42.5,3,14,13,422
42.5,3,14,14,423
42.5,3,14,15,425
42.5,3,15,0,399
42.5,3,15,1,401
42.5,3,15,2,403
42.5,3,15,3,405
42.5,3,15,4,407
42.5,3,15,5,409
42.5,3,15,6,411
42.5,3,15,7,412
42.5,3,15,8,414
42.5,3,15,9,416
42.5,3,15,10,418
42.5,3,15,11,420
42.5,3,15,12,422
42.5,3,15,13,424
42.5,3,15,14,426
42.5,3,15,15,427
42.5,4,0,0,373
42.5,4,0,1,375
42.5,4,0,2,377
42.5,4,0,3,379
42.5,4,0,4,380
42.5,4,0,5,382
42.5,4,0,6,384
42.5,4,0,7,386
42.5,4,0,8,387
42.5,4,0,9,389
42.5,4,0,10,391
42.5,4,0,11,393
42.5,4,0,12,394
42.5,4,0,13,396
42.5,4,0,14,398
42.5,4,0,15,400
42.5,4,1,0,375
42.5,4,1,1,377
42.5,4,1,2,379
42.5,4,1,3,381
42.5,4,1,4,383
42.5,4,1,5,384
42.5,4,1,6,386
42.5,4,1,7,388
42.5,4,1,8,390
42.5,4,1,9,392
42.5,4,1,10,393
42.5,4,1,11,395
42.5,4,1,12,397
42.5,4,1,13,399
42.5,4,1,14,400
42.5,4,1,15,402
42.5,4,2,0,378
42.5,4,2,1,379
42.5,4,2,2,381
42.5,4,2,3,383
42.5,4,2,4,385
42.5,4,2,5,387
42.5,4,2,6,389
42.5,4,2,7,390
42.5,4,2,8,392
42.5,4,2,9,394
42.5,4,2,10,396
42.5,4,2,11,397
42.5,4,2,12,399
42.5,4,2,13,401
42.5,4,2,14,403
42.5,4,2,15,404
42.5,4,3,0,380
42.5,4,3,1,382
42.5,4,3,2,383
42.5,4,3,3,385
42.5,4,3,4,387
42.5,4,3,5,389
42.5,4,3,6,391
42.5,4,3,7,393
42.5,4,3,8,394
42.5,4,3,9,396
42.5,4,3,10,398
42.5,4,3,11,400
42.5,4,3,12,402
42.5,4,3,13,403
42.5,4,3,14,405
42.5,4,3,15,407
42.5,4,4,0,382
42.5,4,4,1,384
42.5,4,4,2,386
42.5,4,4,3,388
42.5,4,4,4,389
42.5,4,4,5,391
42.5,4,4,6,393
42.5,4,4,7,395
42.5,4,4,8,397
42.5,4,4,9,399
42.5,4,4,10,400
42.5,4,4,11,402
42.5,4,4,12,404
42.5,4,4,13,406
42.5,4,4,14,407
42.5,4,4,15,409
42.5,4,5,0,384
42.5,4,5,1,386
42.5,4,5,2,388
42.5,4,5,3,390
42.5,4,5,4,392
42.5,4,5,5,393
42.5,4,5,6,395
42.5,4,5,7,397
42.5,4,5,8,399
42.5,4,5,9,401
42.5,4,5,10,403
42.5,4,5,11,404
42.5,4,5,12,406
42.5,4,5,13,408
42.5,4,5,14,410
42.5,4,5,15,411
42.5,4,6,0,386
42.5,4,6,1,388
42.5,4,6,2,390
42.5,4,6,3,392
42.5,4,6,4,394
42.5,4,6,5,396
42.5,4,6,6,398
42.5,4,6,7,399
42.5,4,6,8,401
42.5,4,6,9,403
42.5,4,6,10,405
42.5,4,6,11,407
42.5,4,6,12,408
42.5,4,6,13,410
42.5,4,6,14,412
42.5,4,6,15,414
42.5,4,7,0,389
42.5,4,7,1,390
42.5,4,7,2,392
42.5,4,7,3,394
42.5,4,7,4,396
42.5,4,7,5,398
42.5,4,7,6,400
42.5,4,7,7,402
42.5,4,7,8,403
42.5,4,7,9,405
42.5,4,7,10,407
42.5,4,7,11,409
42.5,4,7,12,411
42.5,4,7,13,413
42.5,4,7,14,414
42.5,4,7,15,416
42.5,4,8,0,391
42.5,4,8,1,393
42.5,4,8,2,394
42.5,4,8,3,396
42.5,4,8,4,398
42.5,4,8,5,400
42.5,4,8,6,402
42.5,4,8,7,404
42.5,4,8,8,406
42.5,4,8,9,408
42.5,4,8,10,409
42.5,4,8,11,411
42.5,4,8,12,413
42.5,4,8,13,415
42.5,4,8,14,417
42.5,4,8,15,418
42.5,4,9,0,393
42.5,4,9,1,395
42.5,4,9,2,397
42.5,4,9,3,399
42.5,4,9,4,400
42.5,4,9,5,402
42.5,4,9,6,404
42.5,4,9,7,406
42.5,4,9,8,408
42.5,4,9,9,410
42.5,4,9,10,412
42.5,4,9,11,413
42.5,4,9,12,415
42.5,4,9,13,417
42.5,4,9,14,419
42.5,4,9,15,421
42.5,4,10,0,395
42.5,4,10,1,397
42.5,4,10,2,399
42.5,4,10,3,401
42.5,4,10,4,403
42.5,4,10,5,405
42.5,4,10,6,406
42.5,4,10,7,408
42.5,4,10,8,410
42.5,4,10,9,412
42.5,4,10,10,414
42.5,4,10,11,416
42.5,4,10,12,418
42.5,4,10,13,419
42.5,4,10,14,421
42.5,4,10,15,423
42.5,4,11,0,397
42.5,4,11,1,399
42.5,4,11,2,401
42.5,4,11,3,403
42.5,4,11,4,405
42.5,4,11,5,407
42.5,4,11,6,409
42.5,4,11,7,410
42.5,4,11,8,412
42.5,4,11,9,414
42.5,4,11,10,416
42.5,4,11,11,418
42.5,4,11,12,420
42.5,4,11,13,422
42.5,4,11,14,423
42.5,4,11,15,425
42.5,4,12,0,399
42.5,4,12,1,401
42.5,4,12,2,403
42.5,4,12,3,405
42.5,4,12,4,407
42.5,4,12,5,409
42.5,4,12,6,411
42.5,4,12,7,413
42.5,4,12,8,415
42.5,4,12,9,416
42.5,4,12,10,418
42.5,4,12,11,420
42.5,4,12,12,422
42.5,4,12,13,424
42.5,4,12,14,426
42.5,4,12,15,428
42.5,4,13,0,401
42.5,4,13,1,403
42.5,4,13,2,405
42.5,4,13,3,407
42.5,4,13,4,409
42.5,4,13,5,411
42.5,4,13,6,413
42.5,4,13,7,415
42.5,4,13,8,417
42.5,4,13,9,419
42.5,4,13,10,421
42.5,4,13,11,422
42.5,4,13,12,424
42.5,4,13,13,426
42.5,4,13,14,428
42.5,4,13,15,430
42.5,4,14,0,403
42.5,4,14,1,405
42.5,4,14,2,407
42.5,4,14,3,409
42.5,4,14,4,411
42.5,4,14,5,413
42.5,4,14,6,415
42.5,4,14,7,417
42.5,4,14,8,419
42.5,4,14,9,421
42.5,4,14,10,423
42.5,4,14,11,425
42.5,4,14,12,426
42.5,4,14,13,428
42.5,4,14,14,430
42.5,4,14,15,432
42.5,4,15,0,405
42.5,4,15,1,407
42.5,4,15,2,409
42.5,4,15,3,411
42.5,4,15,4,413
42.5,4,15,5,415
42.5,4,15,6,417
42.5,4,15,7,419
42.5,4,15,8,421
42.5,4,15,9,423
42.5,4,15,10,425
42.5,4,15,11,427
42.5,4,15,12,429
42.5,4,15,13,431
42.5,4,15,14,432
42.5,4,15,15,434
42.5,5,0,0,379
42.5,5,0,1,381
42.5,5,0,2,383
42.5,5,0,3,385
42.5,5,0,4,386
42.5,5,0,5,388
42.5,5,0,6,390
42.5,5,0,7,392
42.5,5,0,8,394
42.5,5,0,9,395
42.5,5,0,10,397
42.5,5,0,11,399
42.5,5,0,12,401
42.5,5,0,13,402
42.5,5,0,14,404
42.5,5,0,15,406
42.5,5,1,0,381
42.5,5,1,1,383
42.5,5,1,2,385
42.5,5,1,3,387
42.5,5,1,4,389
42.5,5,1,5,391
42.5,5,1,6,392
42.5,5,1,7,394
42.5,5,1,8,396
42.5,5,1,9,398
42.5,5,1,10,400
42.5,5,1,11,401
42.5,5,1,12,403
42.5,5,1,13,405
42.5,5,1,14,407
42.5,5,1,15,408
42.5,5,2,0,384
42.5,5,2,1,385
42.5,5,2,2,387
42.5,5,2,3,389
42.5,5,2,4,391
42.5,5,2,5,393
42.5,5,2,6,395
42.5,5,2,7,397
42.5,5,2,8,398
42.5,5,2,9,400
42.5,5,2,10,402
42.5,5,2,11,404
42.5,5,2,12,406
42.5,5,2,13,407
42.5,5,2,14,409
42.5,5,2,15,411
42.5,5,3,0,386
42.5,5,3,1,388
42.5,5,3,2,390
42.5,5,3,3,391
42.5,5,3,4,393
42.5,5,3,5,395
42.5,5,3,6,397
42.5,5,3,7,399
42.5,5,3,8,401
42.5,5,3,9,403
42.5,5,3,10,404
42.5,5,3,11,406
42.5,5,3,12,408
42.5,5,3,13,410
42.5,5,3,14,411
42.5,5,3,15,413
42.5,5,4,0,388
42.5,5,4,1,390
42.5,5,4,2,392
42.5,5,4,3,394
42.5,5,4,4,396
42.5,5,4,5,397
42.5,5,4,6,399
42.5,5,4,7,401
42.5,5,4,8,403
42.5,5,4,9,405
42.5,5,4,10,407
42.5,5,4,11,408
42.5,5,4,12,410
42.5,5,4,13,412
42.5,5,4,14,414
42.5,5,4,15,416
42.5,5,5,0,390
42.5,5,5,1,392
42.5,5,5,2,394
42.5,5,5,3,396
42.5,5,5,4,398
42.5,5,5,5,400
42.5,5,5,6,402
42.5,5,5,7,403
42.5,5,5,8,405
42.5,5,5,9,407
42.5,5,5,10,409
42.5,5,5,11,411
42.5,5,5,12,413
42.5,5,5,13,414
42.5,5,5,14,416
42.5,5,5,15,418
42.5,5,6,0,392
42.5,5,6,1,394
42.5,5,6,2,396
42.5,5,6,3,398
42.5,5,6,4,400
42.5,5,6,5,402
42.5,5,6,6,404
42.5,5,6,7,406
42.5,5,6,8,408
42.5,5,6,9,409
42.5,5,6,10,411
42.5,5,6,11,413
42.5,5,6,12,415
42.5,5,6,13,417
42.5,5,6,14,419
42.5,5,6,15,420
42.5,5,7,0,395
42.5,5,7,1,397
42.5,5,7,2,399
42.5,5,7,3,400
42.5,5,7,4,402
42.5,5,7,5,404
42.5,5,7,6,406
42.5,5,7,7,408
42.5,5,7,8,410
42.5,5,7,9,412
42.5,5,7,10,414
42.5,5,7,11,415
42.5,5,7,12,417
42.5,5,7,13,419
42.5,5,7,14,421
42.5,5,7,15,423
42.5,5,8,0,397
42.5,5,8,1,399
42.5,5,8,2,401
42.5,5,8,3,403
42.5,5,8,4,405
42.5,5,8,5,407
42.5,5,8,6,408
42.5,5,8,7,410
42.5,5,8,8,412
42.5,5,8,9,414
42.5,5,8,10,416
42.5,5,8,11,418
42.5,5,8,12,420
42.5,5,8,13,421
42.5,5,8,14,423
42.5,5,8,15,425
42.5,5,9,0,399
42.5,5,9,1,401
42.5,5,9,2,403
42.5,5,9,3,405
42.5,5,9,4,407
42.5,5,9,5,409
42.5,5,9,6,411
42.5,5,9,7,413
42.5,5,9,8,414
42.5,5,9,9,416
42.5,5,9,10,418
42.5,5,9,11,420
42.5,5,9,12,422
42.5,5,9,13,424
42.5,5,9,14,426
42.5,5,9,15,427
42.5,5,10,0,401
42.5,5,10,1,403
42.5,5,10,2,405
42.5,5,10,3,407
42.5,5,10,4,409
42.5,5,10,5,411
42.5,5,10,6,413
42.5,5,10,7,415
42.5,5,10,8,417
42.5,5,10,9,419
42.5,5,10,10,420
42.5,5,10,11,422
42.5,5,10,12,424
42.5,5,10,13,426
42.5,5,10,14,428
42.5,5,10,15,430
42.5,5,11,0,403
42.5,5,11,1,405
42.5,5,11,2,407
42.5,5,11,3,409
42.5,5,11,4,411
42.5,5,11,5,413
42.5,5,11,6,415
42.5,5,11,7,417
42.5,5,11,8,419
42.5,5,11,9,421
42.5,5,11,10,423
42.5,5,11,11,425
42.5,5,11,12,426
42.5,5,11,13,428
42.5,5,11,14,430
42.5,5,11,15,432
42.5,5,12,0,406
42.5,5,12,1,408
42.5,5,12,2,409
42.5,5,12,3,411
42.5,5,12,4,413
42.5,5,12,5,415
42.5,5,12,6,417
42.5,5,12,7,419
42.5,5,12,8,421
42.5,5,12,9,423
42.5,5,12,10,425
42.5,5,12,11,427
42.5,5,12,12,429
42.5,5,12,13,431
42.5,5,12,14,432
42.5,5,12,15,434
42.5,5,13,0,408
42.5,5,13,1,410
42.5,5,13,2,412
42.5,5,13,3,414
42.5,5,13,4,416
42.5,5,13,5,418
42.5,5,13,6,419
42.5,5,13,7,421
42.5,5,13,8,423
42.5,5,13,9,425
42.5,5,13,10,427
42.5,5,13,11,429
42.5,5,13,12,431
42.5,5,13,13,433
42.5,5,13,14,435
42.5,5,13,15,437
42.5,5,14,0,410
42.5,5,14,1,412
42.5,5,14,2,414
42.5,5,14,3,416
42.5,5,14,4,418
42.5,5,14,5,420
42.5,5,14,6,422
42.5,5,14,7,424
42.5,5,14,8,426
42.5,5,14,9,427
42.5,5,14,10,429
42.5,5,14,11,431
42.5,5,14,12,433
42.5,5,14,13,435
42.5,5,14,14,437
42.5,5,14,15,439
42.5,5,15,0,412
42.5,5,15,1,414
42.5,5,15,2,416
42.5,5,15,3,418
42.5,5,15,4,420
42.5,5,15,5,422
42.5,5,15,6,424
42.5,5,15,7,426
42.5,5,15,8,428
42.5,5,15,9,430
42.5,5,15,10,432
42.5,5,15,11,434
42.5,5,15,12,435
42.5,5,15,13,437
42.5,5,15,14,439
42.5,5,15,15,441
42.5,6,0,0,385
42.5,6,0,1,387
42.5,6,0,2,389
42.5,6,0,3,391
42.5,6,0,4,392
42.5,6,0,5,394
42.5,6,0,6,396
42.5,6,0,7,398
42.5,6,0,8,400
42.5,6,0,9,402
42.5,6,0,10,403
42.5,6,0,11,405
42.5,6,0,12,407
42.5,6,0,13,409
42.5,6,0,14,411
42.5,6,0,15,412
42.5,6,1,0,387
42.5,6,1,1,389
42.5,6,1,2,391
42.5,6,1,3,393
42.5,6,1,4,395
42.5,6,1,5,397
42.5,6,1,6,399
42.5,6,1,7,400
42.5,6,1,8,402
42.5,6,1,9,404
42.5,6,1,10,406
42.5,6,1,11,408
42.5,6,1,12,409
42.5,6,1,13,411
42.5,6,1,14,413
42.5,6,1,15,415
42.5,6,2,0,390
42.5,6,2,1,391
42.5,6,2,2,393
42.5,6,2,3,395
42.5,6,2,4,397
42.5,6,2,5,399
42.5,6,2,6,401
42.5,6,2,7,403
42.5,6,2,8,405
42.5,6,2,9,406
42.5,6,2,10,408
42.5,6,2,11,410
42.5,6,2,12,412
42.5,6,2,13,414
42.5,6,2,14,415
42.5,6,2,15,417
42.5,6,3,0,392
42.5,6,3,1,394
42.5,6,3,2,396
42.5,6,3,3,398
42.5,6,3,4,399
42.5,6,3,5,401
42.5,6,3,6,403
42.5,6,3,7,405
42.5,6,3,8,407
42.5,6,3,9,409
42.5,6,3,10,411
42.5,6,3,11,412
42.5,6,3,12,414
42.5,6,3,13,416
42.5,6,3,14,418
42.5,6,3,15,420
42.5,6,4,0,394
42.5,6,4,1,396
42.5,6,4,2,398
42.5,6,4,3,400
42.5,6,4,4,402
42.5,6,4,5,404
42.5,6,4,6,406
42.5,6,4,7,407
42.5,6,4,8,409
42.5,6,4,9,411
42.5,6,4,10,413
42.5,6,4,11,415
42.5,6,4,12,417
42.5,6,4,13,419
42.5,6,4,14,420
42.5,6,4,15,422
42.5,6,5,0,396
42.5,6,5,1,398
42.5,6,5,2,400
42.5,6,5,3,402
42.5,6,5,4,404
42.5,6,5,5,406
42.5,6,5,6,408
42.5,6,5,7,410
42.5,6,5,8,412
42.5,6,5,9,414
42.5,6,5,10,415
42.5,6,5,11,417
42.5,6,5,12,419
42.5,6,5,13,421
42.5,6,5,14,423
42.5,6,5,15,425
42.5,6,6,0,399
42.5,6,6,1,401
42.5,6,6,2,403
42.5,6,6,3,404
42.5,6,6,4,406
42.5,6,6,5,408
42.5,6,6,6,410
42.5,6,6,7,412
42.5,6,6,8,414
42.5,6,6,9,416
42.5,6,6,10,418
42.5,6,6,11,420
42.5,6,6,12,421
42.5,6,6,13,423
42.5,6,6,14,425
42.5,6,6,15,427
42.5,6,7,0,401
42.5,6,7,1,403
42.5,6,7,2,405
42.5,6,7,3,407
42.5,6,7,4,409
42.5,6,7,5,411
42.5,6,7,6,413
42.5,6,7,7,414
42.5,6,7,8,416
42.5,6,7,9,418
42.5,6,7,10,420
42.5,6,7,11,422
42.5,6,7,12,424
42.5,6,7,13,426
42.5,6,7,14,428
42.5,6,7,15,429
42.5,6,8,0,403
42.5,6,8,1,405
42.5,6,8,2,407
42.5,6,8,3,409
42.5,6,8,4,411
42.5,6,8,5,413
42.5,6,8,6,415
42.5,6,8,7,417
42.5,6,8,8,419
42.5,6,8,9,421
42.5,6,8,10,422
42.5,6,8,11,424
42.5,6,8,12,426
42.5,6,8,13,428
42.5,6,8,14,430
42.5,6,8,15,432
42.5,6,9,0,405
42.5,6,9,1,407
42.5,6,9,2,409
42.5,6,9,3,411
42.5,6,9,4,413
42.5,6,9,5,415
42.5,6,9,6,417
42.5,6,9,7,419
42.5,6,9,8,421
42.5,6,9,9,423
42.5,6,9,10,425
42.5,6,9,11,427
42.5,6,9,12,429
42.5,6,9,13,430
42.5,6,9,14,432
42.5,6,9,15,434
42.5,6,10,0,408
42.5,6,10,1,410
42.5,6,10,2,411
42.5,6,10,3,413
42.5,6,10,4,415
42.5,6,10,5,417
42.5,6,10,6,419
42.5,6,10,7,421
42.5,6,10,8,423
42.5,6,10,9,425
42.5,6,10,10,427
42.5,6,10,11,429
42.5,6,10,12,431
42.5,6,10,13,433
42.5,6,10,14,435
42.5,6,10,15,436
42.5,6,11,0,410
42.5,6,11,1,412
42.5,6,11,2,414
42.5,6,11,3,416
42.5,6,11,4,418
42.5,6,11,5,420
42.5,6,11,6,422
42.5,6,11,7,424
42.5,6,11,8,425
42.5,6,11,9,427
42.5,6,11,10,429
42.5,6,11,11,431
42.5,6,11,12,433
42.5,6,11,13,435
42.5,6,11,14,437
42.5,6,11,15,439
42.5,6,12,0,412
42.5,6,12,1,414
42.5,6,12,2,416
42.5,6,12,3,418
42.5,6,12,4,420
42.5,6,12,5,422
42.5,6,12,6,424
42.5,6,12,7,426
42.5,6,12,8,428
42.5,6,12,9,430
42.5,6,12,10,432
42.5,6,12,11,434
42.5,6,12,12,435
42.5,6,12,13,437
42.5,6,12,14,439
42.5,6,12,15,441
42.5,6,13,0,414
42.5,6,13,1,416
42.5,6,13,2,418
42.5,6,13,3,420
42.5,6,13,4,422
42.5,6,13,5,424
42.5,6,13,6,426
42.5,6,13,7,428
42.5,6,13,8,430
42.5,6,13,9,432
42.5,6,13,10,434
42.5,6,13,11,436
42.5,6,13,12,438
42.5,6,13,13,440
42.5,6,13,14,442
42.5,6,13,15,443
42.5,6,14,0,416
42.5,6,14,1,418
42.5,6,14,2,420
42.5,6,14,3,422
42.5,6,14,4,424
42.5,6,14,5,426
42.5,6,14,6,428
42.5,6,14,7,430
42.5,6,14,8,432
42.5,6,14,9,434
42.5,6,14,10,436
42.5,6,14,11,438
42.5,6,14,12,440
42.5,6,14,13,442
42.5,6,14,14,444
42.5,6,14,15,446
42.5,6,15,0,418
42.5,6,15,1,420
42.5,6,15,2,422
42.5,6,15,3,424
42.5,6,15,4,426
42.5,6,15,5,428
42.5,6,15,6,430
42.5,6,15,7,432
42.5,6,15,8,434
42.5,6,15,9,436
42.5,6,15,10,438
42.5,6,15,11,440
42.5,6,15,12,442
42.5,6,15,13,444
42.5,6,15,14,446
42.5,6,15,15,448
42.5,7,0,0,391
42.5,7,0,1,393
42.5,7,0,2,395
42.5,7,0,3,397
42.5,7,0,4,398
42.5,7,0,5,400
42.5,7,0,6,402
42.5,7,0,7,404
42.5,7,0,8,406
42.5,7,0,9,408
42.5,7,0,10,410
42.5,7,0,11,411
42.5,7,0,12,413
42.5,7,0,13,415
42.5,7,0,14,417
42.5,7,0,15,419
42.5,7,1,0,393
42.5,7,1,1,395
42.5,7,1,2,397
42.5,7,1,3,399
42.5,7,1,4,401
42.5,7,1,5,403
42.5,7,1,6,405
42.5,7,1,7,407
42.5,7,1,8,408
42.5,7,1,9,410
42.5,7,1,10,412
42.5,7,1,11,414
42.5,7,1,12,416
42.5,7,1,13,418
42.5,7,1,14,419
42.5,7,1,15,421
42.5,7,2,0,396
42.5,7,2,1,398
42.5,7,2,2,399
42.5,7,2,3,401
42.5,7,2,4,403
42.5,7,2,5,405
42.5,7,2,6,407
42.5,7,2,7,409
42.5,7,2,8,411
42.5,7,2,9,413
42.5,7,2,10,415
42.5,7,2,11,416
42.5,7,2,12,418
42.5,7,2,13,420
42.5,7,2,14,422
42.5,7,2,15,424
42.5,7,3,0,398
42.5,7,3,1,400
42.5,7,3,2,402
42.5,7,3,3,404
42.5,7,3,4,406
42.5,7,3,5,408
42.5,7,3,6,409
42.5,7,3,7,411
42.5,7,3,8,413
42.5,7,3,9,415
42.5,7,3,10,417
42.5,7,3,11,419
42.5,7,3,12,421
42.5,7,3,13,423
42.5,7,3,14,424
42.5,7,3,15,426
42.5,7,4,0,400
42.5,7,4,1,402
42.5,7,4,2,404
42.5,7,4,3,406
42.5,7,4,4,408
42.5,7,4,5,410
42.5,7,4,6,412
42.5,7,4,7,414
42.5,7,4,8,416
42.5,7,4,9,418
42.5,7,4,10,419
42.5,7,4,11,421
42.5,7,4,12,423
42.5,7,4,13,425
42.5,7,4,14,427
42.5,7,4,15,429
42.5,7,5,0,402
42.5,7,5,1,404
42.5,7,5,2,406
42.5,7,5,3,408
42.5,7,5,4,410
42.5,7,5,5,412
42.5,7,5,6,414
42.5,7,5,7,416
42.5,7,5,8,418
42.5,7,5,9,420
42.5,7,5,10,422
42.5,7,5,11,424
42.5,7,5,12,426
42.5,7,5,13,427
42.5,7,5,14,429
42.5,7,5,15,431
42.5,7,6,0,405
42.5,7,6,1,407
42.5,7,6,2,409
42.5,7,6,3,411
42.5,7,6,4,413
42.5,7,6,5,415
42.5,7,6,6,417
42.5,7,6,7,418
42.5,7,6,8,420
42.5,7,6,9,422
42.5,7,6,10,424
42.5,7,6,11,426
42.5,7,6,12,428
42.5,7,6,13,430
42.5,7,6,14,432
42.5,7,6,15,434
42.5,7,7,0,407
42.5,7,7,1,409
42.5,7,7,2,411
42.5,7,7,3,413
42.5,7,7,4,415
42.5,7,7,5,417
42.5,7,7,6,419
42.5,7,7,7,421
42.5,7,7,8,423
42.5,7,7,9,425
42.5,7,7,10,427
42.5,7,7,11,428
42.5,7,7,12,430
42.5,7,7,13,432
42.5,7,7,14,434
42.5,7,7,15,436
42.5,7,8,0,409
42.5,7,8,1,411
42.5,7,8,2,413
42.5,7,8,3,415
42.5,7,8,4,417
42.5,7,8,5,419
42.5,7,8,6,421
42.5,7,8,7,423
42.5,7,8,8,425
42.5,7,8,9,427
42.5,7,8,10,429
42.5,7,8,11,431
42.5,7,8,12,433
42.5,7,8,13,435
42.5,7,8,14,437
42.5,7,8,15,438
42.5,7,9,0,412
42.5,7,9,1,414
42.5,7,9,2,416
42.5,7,9,3,418
42.5,7,9,4,420
42.5,7,9,5,422
42.5,7,9,6,423
42.5,7,9,7,425
42.5,7,9,8,427
42.5,7,9,9,429
42.5,7,9,10,431
42.5,7,9,11,433
42.5,7,9,12,435
42.5,7,9,13,437
42.5,7,9,14,439
42.5,7,9,15,441
42.5,7,10,0,414
42.5,7,10,1,416
42.5,7,10,2,418
42.5,7,10,3,420
42.5,7,10,4,422
42.5,7,10,5,424
42.5,7,10,6,426
42.5,7,10,7,428
42.5,7,10,8,430
42.5,7,10,9,432
42.5,7,10,10,434
42.5,7,10,11,436
42.5,7,10,12,437
42.5,7,10,13,439
42.5,7,10,14,441
42.5,7,10,15,443
42.5,7,11,0,416
42.5,7,11,1,418
42.5,7,11,2,420
42.5,7,11,3,422
42.5,7,11,4,424
42.5,7,11,5,426
42.5,7,11,6,428
42.5,7,11,7,430
42.5,7,11,8,432
42.5,7,11,9,434
42.5,7,11,10,436
42.5,7,11,11,438
42.5,7,11,12,440
42.5,7,11,13,442
42.5,7,11,14,444
42.5,7,11,15,446
42.5,7,12,0,418
42.5,7,12,1,420
42.5,7,12,2,422
42.5,7,12,3,424
42.5,7,12,4,426
42.5,7,12,5,428
42.5,7,12,6,430
42.5,7,12,7,432
42.5,7,12,8,434
42.5,7,12,9,436
42.5,7,12,10,438
42.5,7,12,11,440
42.5,7,12,12,442
42.5,7,12,13,444
42.5,7,12,14,446
42.5,7,12,15,448
42.5,7,13,0,420
42.5,7,13,1,422
42.5,7,13,2,425
42.5,7,13,3,427
42.5,7,13,4,429
42.5,7,13,5,431
42.5,7,13,6,433
42.5,7,13,7,435
42.5,7,13,8,437
42.5,7,13,9,439
42.5,7,13,10,441
42.5,7,13,11,443
42.5,7,13,12,444
42.5,7,13,13,446
42.5,7,13,14,448
42.5,7,13,15,450
42.5,7,14,0,423
42.5,7,14,1,425
42.5,7,14,2,427
42.5,7,14,3,429
42.5,7,14,4,431
42.5,7,14,5,433
42.5,7,14,6,435
42.5,7,14,7,437
42.5,7,14,8,439
42.5,7,14,9,441
42.5,7,14,10,443
42.5,7,14,11,445
42.5,7,14,12,447
42.5,7,14,13,449
42.5,7,14,14,451
42.5,7,14,15,453
42.5,7,15,0,425
42.5,7,15,1,427
42.5,7,15,2,429
42.5,7,15,3,431
42.5,7,15,4,433
42.5,7,15,5,435
42.5,7,15,6,437
42.5,7,15,7,439
42.5,7,15,8,441
42.5,7,15,9,443
42.5,7,15,10,445
42.5,7,15,11,447
42.5,7,15,12,449
42.5,7,15,13,451
42.5,7,15,14,453
42.5,7,15,15,455
42.5,8,0,0,397
42.5,8,0,1,399
42.5,8,0,2,401
42.5,8,0,3,403
42.5,8,0,4,405
42.5,8,0,5,406
42.5,8,0,6,408
42.5,8,0,7,410
42.5,8,0,8,412
42.5,8,0,9,414
42.5,8,0,10,416
42.5,8,0,11,418
42.5,8,0,12,420
42.5,8,0,13,421
42.5,8,0,14,423
42.5,8,0,15,425
42.5,8,1,0,399
42.5,8,1,1,401
42.5,8,1,2,403
42.5,8,1,3,405
42.5,8,1,4,407
42.5,8,1,5,409
42.5,8,1,6,411
42.5,8,1,7,413
42.5,8,1,8,415
42.5,8,1,9,416
42.5,8,1,10,418
42.5,8,1,11,420
42.5,8,1,12,422
42.5,8,1,13,424
42.5,8,1,14,426
42.5,8,1,15,428
42.5,8,2,0,402
42.5,8,2,1,404
42.5,8,2,2,405
42.5,8,2,3,407
42.5,8,2,4,409
42.5,8,2,5,411
42.5,8,2,6,413
42.5,8,2,7,415
42.5,8,2,8,417
42.5,8,2,9,419
42.5,8,2,10,421
42.5,8,2,11,423
42.5,8,2,12,425
42.5,8,2,13,426
42.5,8,2,14,428
42.5,8,2,15,430
42.5,8,3,0,404
42.5,8,3,1,406
42.5,8,3,2,408
42.5,8,3,3,410
42.5,8,3,4,412
42.5,8,3,5,414
42.5,8,3,6,416
42.5,8,3,7,418
42.5,8,3,8,419
42.5,8,3,9,421
42.5,8,3,10,423
42.5,8,3,11,425
42.5,8,3,12,427
42.5,8,3,13,429
42.5,8,3,14,431
42.5,8,3,15,433
42.5,8,4,0,406
42.5,8,4,1,408
42.5,8,4,2,410
42.5,8,4,3,412
42.5,8,4,4,414
42.5,8,4,5,416
42.5,8,4,6,418
42.5,8,4,7,420
42.5,8,4,8,422
42.5,8,4,9,424
42.5,8,4,10,426
42.5,8,4,11,428
42.5,8,4,12,430
42.5,8,4,13,431
42.5,8,4,14,433
42.5,8,4,15,435
42.5,8,5,0,409
42.5,8,5,1,411
42.5,8,5,2,413
42.5,8,5,3,415
42.5,8,5,4,417
42.5,8,5,5,419
42.5,8,5,6,420
42.5,8,5,7,422
42.5,8,5,8,424
42.5,8,5,9,426
42.5,8,5,10,428
42.5,8,5,11,430
42.5,8,5,12,432
42.5,8,5,13,434
42.5,8,5,14,436
42.5,8,5,15,438
42.5,8,6,0,411
42.5,8,6,1,413
42.5,8,6,2,415
42.5,8,6,3,417
42.5,8,6,4,419
42.5,8,6,5,421
42.5,8,6,6,423
42.5,8,6,7,425
42.5,8,6,8,427
42.5,8,6,9,429
42.5,8,6,10,431
42.5,8,6,11,433
42.5,8,6,12,434
42.5,8,6,13,436
42.5,8,6,14,438
42.5,8,6,15,440
42.5,8,7,0,413
42.5,8,7,1,415
42.5,8,7,2,417
42.5,8,7,3,419
42.5,8,7,4,421
42.5,8,7,5,423
42.5,8,7,6,425
42.5,8,7,7,427
42.5,8,7,8,429
42.5,8,7,9,431
42.5,8,7,10,433
42.5,8,7,11,435
42.5,8,7,12,437
42.5,8,7,13,439
42.5,8,7,14,441
42.5,8,7,15,443
42.5,8,8,0,416
42.5,8,8,1,418
42.5,8,8,2,420
42.5,8,8,3,422
42.5,8,8,4,424
42.5,8,8,5,426
42.5,8,8,6,428
42.5,8,8,7,430
42.5,8,8,8,432
42.5,8,8,9,433
42.5,8,8,10,435
42.5,8,8,11,437
42.5,8,8,12,439
42.5,8,8,13,441
42.5,8,8,14,443
42.5,8,8,15,445
42.5,8,9,0,418
42.5,8,9,1,420
42.5,8,9,2,422
42.5,8,9,3,424
42.5,8,9,4,426
42.5,8,9,5,428
42.5,8,9,6,430
42.5,8,9,7,432
42.5,8,9,8,434
42.5,8,9,9,436
42.5,8,9,10,438
42.5,8,9,11,440
42.5,8,9,12,442
42.5,8,9,13,444
42.5,8,9,14,446
42.5,8,9,15,447
42.5,8,10,0,420
42.5,8,10,1,422
42.5,8,10,2,424
42.5,8,10,3,426
42.5,8,10,4,428
42.5,8,10,5,430
42.5,8,10,6,432
42.5,8,10,7,434
42.5,8,10,8,436
42.5,8,10,9,438
42.5,8,10,10,440
42.5,8,10,11,442
42.5,8,10,12,444
42.5,8,10,13,446
42.5,8,10,14,448
42.5,8,10,15,450
42.5,8,11,0,422
42.5,8,11,1,424
42.5,8,11,2,426
42.5,8,11,3,428
42.5,8,11,4,431
42.5,8,11,5,433
42.5,8,11,6,435
42.5,8,11,7,437
42.5,8,11,8,439
42.5,8,11,9,441
42.5,8,11,10,443
42.5,8,11,11,445
42.5,8,11,12,446
42.5,8,11,13,448
42.5,8,11,14,450
42.5,8,11,15,452
42.5,8,12,0,425
42.5,8,12,1,427
42.5,8,12,2,429
42.5,8,12,3,431
42.5,8,12,4,433
42.5,8,12,5,435
42.5,8,12,6,437
42.5,8,12,7,439
42.5,8,12,8,441
42.5,8,12,9,443
42.5,8,12,10,445
42.5,8,12,11,447
42.5,8,12,12,449
42.5,8,12,13,451
42.5,8,12,14,453
42.5,8,12,15,455
42.5,8,13,0,427
42.5,8,13,1,429
42.5,8,13,2,431
42.5,8,13,3,433
42.5,8,13,4,435
42.5,8,13,5,437
42.5,8,13,6,439
42.5,8,13,7,441
42.5,8,13,8,443
42.5,8,13,9,445
42.5,8,13,10,447
42.5,8,13,11,449
42.5,8,13,12,451
42.5,8,13,13,453
42.5,8,13,14,455
42.5,8,13,15,457
42.5,8,14,0,429
42.5,8,14,1,431
42.5,8,14,2,433
42.5,8,14,3,435
42.5,8,14,4,437
42.5,8,14,5,439
42.5,8,14,6,441
42.5,8,14,7,444
42.5,8,14,8,446
42.5,8,14,9,448
42.5,8,14,10,450
42.5,8,14,11,452
42.5,8,14,12,454
42.5,8,14,13,456
42.5,8,14,14,458
42.5,8,14,15,460
42.5,8,15,0,431
42.5,8,15,1,433
42.5,8,15,2,435
42.5,8,15,3,438
42.5,8,15,4,440
42.5,8,15,5,442
42.5,8,15,6,444
42.5,8,15,7,446
42.5,8,15,8,448
42.5,8,15,9,450
42.5,8,15,10,452
42.5,8,15,11,454
42.5,8,15,12,456
42.5,8,15,13,458
42.5,8,15,14,460
42.5,8,15,15,462
42.5,9,0,0,403
42.5,9,0,1,405
42.5,9,0,2,407
42.5,9,0,3,409
42.5,9,0,4,411
42.5,9,0,5,413
42.5,9,0,6,414
42.5,9,0,7,416
42.5,9,0,8,418
42.5,9,0,9,420
42.5,9,0,10,422
42.5,9,0,11,424
42.5,9,0,12,426
42.5,9,0,13,428
42.5,9,0,14,430
42.5,9,0,15,431
42.5,9,1,0,405
42.5,9,1,1,407
42.5,9,1,2,409
42.5,9,1,3,411
42.5,9,1,4,413
42.5,9,1,5,415
42.5,9,1,6,417
42.5,9,1,7,419
42.5,9,1,8,421
42.5,9,1,9,423
42.5,9,1,10,425
42.5,9,1,11,426
42.5,9,1,12,428
42.5,9,1,13,430
42.5,9,1,14,432
42.5,9,1,15,434
42.5,9,2,0,408
42.5,9,2,1,410
42.5,9,2,2,412
42.5,9,2,3,414
42.5,9,2,4,415
42.5,9,2,5,417
42.5,9,2,6,419
42.5,9,2,7,421
42.5,9,2,8,423
42.5,9,2,9,425
42.5,9,2,10,427
42.5,9,2,11,429
42.5,9,2,12,431
42.5,9,2,13,433
42.5,9,2,14,435
42.5,9,2,15,437
42.5,9,3,0,410
42.5,9,3,1,412
42.5,9,3,2,414
42.5,9,3,3,416
42.5,9,3,4,418
42.5,9,3,5,420
42.5,9,3,6,422
42.5,9,3,7,424
42.5,9,3,8,426
42.5,9,3,9,428
42.5,9,3,10,430
42.5,9,3,11,432
42.5,9,3,12,433
42.5,9,3,13,435
42.5,9,3,14,437
42.5,9,3,15,439
42.5,9,4,0,412
42.5,9,4,1,414
42.5,9,4,2,416
42.5,9,4,3,418
42.5,9,4,4,420
42.5,9,4,5,422
42.5,9,4,6,424
42.5,9,4,7,426
42.5,9,4,8,428
42.5,9,4,9,430
42.5,9,4,10,432
42.5,9,4,11,434
42.5,9,4,12,436
42.5,9,4,13,438
42.5,9,4,14,440
42.5,9,4,15,442
42.5,9,5,0,415
42.5,9,5,1,417
42.5,9,5,2,419
42.5,9,5,3,421
42.5,9,5,4,423
42.5,9,5,5,425
42.5,9,5,6,427
42.5,9,5,7,429
42.5,9,5,8,431
42.5,9,5,9,433
42.5,9,5,10,435
42.5,9,5,11,437
42.5,9,5,12,438
42.5,9,5,13,440
42.5,9,5,14,442
42.5,9,5,15,444
42.5,9,6,0,417
42.5,9,6,1,419
42.5,9,6,2,421
42.5,9,6,3,423
42.5,9,6,4,425
42.5,9,6,5,427
42.5,9,6,6,429
42.5,9,6,7,431
42.5,9,6,8,433
42.5,9,6,9,435
42.5,9,6,10,437
42.5,9,6,11,439
42.5,9,6,12,441
42.5,9,6,13,443
42.5,9,6,14,445
42.5,9,6,15,447
42.5,9,7,0,419
42.5,9,7,1,421
42.5,9,7,2,423
42.5,9,7,3,426
42.5,9,7,4,428
42.5,9,7,5,430
42.5,9,7,6,432
42.5,9,7,7,434
42.5,9,7,8,436
42.5,9,7,9,438
42.5,9,7,10,440
42.5,9,7,11,441
42.5,9,7,12,443
42.5,9,7,13,445
42.5,9,7,14,447
42.5,9,7,15,449
42.5,9,8,0,422
42.5,9,8,1,424
42.5,9,8,2,426
42.5,9,8,3,428
42.5,9,8,4,430
42.5,9,8,5,432
42.5,9,8,6,434
42.5,9,8,7,436
42.5,9,8,8,438
42.5,9,8,9,440
42.5,9,8,10,442
42.5,9,8,11,444
42.5,9,8,12,446
42.5,9,8,13,448
42.5,9,8,14,450
42.5,9,8,15,452
42.5,9,9,0,424
42.5,9,9,1,426
42.5,9,9,2,428
42.5,9,9,3,430
42.5,9,9,4,432
42.5,9,9,5,434
42.5,9,9,6,436
42.5,9,9,7,438
42.5,9,9,8,440
42.5,9,9,9,442
42.5,9,9,10,444
42.5,9,9,11,446
42.5,9,9,12,448
42.5,9,9,13,450
42.5,9,9,14,452
42.5,9,9,15,454
42.5,9,10,0,426
42.5,9,10,1,428
42.5,9,10,2,431
42.5,9,10,3,433
42.5,9,10,4,435
42.5,9,10,5,437
42.5,9,10,6,439
42.5,9,10,7,441
42.5,9,10,8,443
42.5,9,10,9,445
42.5,9,10,10,447
42.5,9,10,11,449
42.5,9,10,12,451
42.5,9,10,13,453
42.5,9,10,14,455
42.5,9,10,15,457
42.5,9,11,0,429
42.5,9,11,1,431
42.5,9,11,2,433
42.5,9,11,3,435
42.5,9,11,4,437
42.5,9,11,5,439
42.5,9,11,6,441
42.5,9,11,7,443
42.5,9,11,8,445
42.5,9,11,9,447
42.5,9,11,10,449
42.5,9,11,11,451
42.5,9,11,12,453
42.5,9,11,13,455
42.5,9,11,14,457
42.5,9,11,15,459
42.5,9,12,0,431
42.5,9,12,1,433
42.5,9,12,2,435
42.5,9,12,3,437
42.5,9,12,4,439
42.5,9,12,5,441
42.5,9,12,6,443
42.5,9,12,7,445
42.5,9,12,8,448
42.5,9,12,9,450
42.5,9,12,10,452
42.5,9,12,11,454
42.5,9,12,12,456
42.5,9,12,13,458
42.5,9,12,14,460
42.5,9,12,15,462
42.5,9,13,0,433
42.5,9,13,1,435
42.5,9,13,2,437
42.5,9,13,3,440
42.5,9,13,4,442
42.5,9,13,5,444
42.5,9,13,6,446
42.5,9,13,7,448
42.5,9,13,8,450
42.5,9,13,9,452
42.5,9,13,10,454
42.5,9,13,11,456
42.5,9,13,12,458
42.5,9,13,13,460
42.5,9,13,14,462
42.5,9,13,15,464
42.5,9,14,0,435
42.5,9,14,1,438
42.5,9,14,2,440
42.5,9,14,3,442
42.5,9,14,4,444
42.5,9,14,5,446
42.5,9,14,6,448
42.5,9,14,7,450
42.5,9,14,8,452
42.5,9,14,9,454
42.5,9,14,10,456
42.5,9,14,11,458
42.5,9,14,12,460
42.5,9,14,13,462
42.5,9,14,14,464
42.5,9,14,15,466
42.5,9,15,0,438
42.5,9,15,1,440
42.5,9,15,2,442
42.5,9,15,3,444
42.5,9,15,4,446
42.5,9,15,5,448
42.5,9,15,6,450
42.5,9,15,7,452
42.5,9,15,8,455
42.5,9,15,9,457
42.5,9,15,10,459
42.5,9,15,11,461
42.5,9,15,12,463
42.5,9,15,13,465
42.5,9,15,14,467
42.5,9,15,15,469
42.5,10,0,0,409
42.5,10,0,1,411
42.5,10,0,2,413
42.5,10,0,3,415
42.5,10,0,4,417
42.5,10,0,5,419
42.5,10,0,6,421
42.5,10,0,7,422
42.5,10,0,8,424
42.5,10,0,9,426
42.5,10,0,10,428
42.5,10,0,11,430
42.5,10,0,12,432
42.5,10,0,13,434
42.5,10,0,14,436
42.5,10,0,15,438
42.5,10,1,0,411
42.5,10,1,1,413
42.5,10,1,2,415
42.5,10,1,3,417
42.5,10,1,4,419
42.5,10,1,5,421
42.5,10,1,6,423
42.5,10,1,7,425
42.5,10,1,8,427
42.5,10,1,9,429
42.5,10,1,10,431
42.5,10,1,11,433
42.5,10,1,12,435
42.5,10,1,13,437
42.5,10,1,14,438
42.5,10,1,15,440
42.5,10,2,0,414
42.5,10,2,1,416
42.5,10,2,2,418
42.5,10,2,3,420
42.5,10,2,4,422
42.5,10,2,5,424
42.5,10,2,6,426
42.5,10,2,7,428
42.5,10,2,8,430
42.5,10,2,9,431
42.5,10,2,10,433
42.5,10,2,11,435
42.5,10,2,12,437
42.5,10,2,13,439
42.5,10,2,14,441
42.5,10,2,15,443
42.5,10,3,0,416
42.5,10,3,1,418
42.5,10,3,2,420
42.5,10,3,3,422
42.5,10,3,4,424
42.5,10,3,5,426
42.5,10,3,6,428
42.5,10,3,7,430
42.5,10,3,8,432
42.5,10,3,9,434
42.5,10,3,10,436
42.5,10,3,11,438
42.5,10,3,12,440
42.5,10,3,13,442
42.5,10,3,14,444
42.5,10,3,15,446
42.5,10,4,0,418
42.5,10,4,1,420
42.5,10,4,2,422
42.5,10,4,3,425
42.5,10,4,4,427
42.5,10,4,5,429
42.5,10,4,6,431
42.5,10,4,7,433
42.5,10,4,8,435
42.5,10,4,9,437
42.5,10,4,10,438
42.5,10,4,11,440
42.5,10,4,12,442
42.5,10,4,13,444
42.5,10,4,14,446
42.5,10,4,15,448
42.5,10,5,0,421
42.5,10,5,1,423
42.5,10,5,2,425
42.5,10,5,3,427
42.5,10,5,4,429
42.5,10,5,5,431
42.5,10,5,6,433
42.5,10,5,7,435
42.5,10,5,8,437
42.5,10,5,9,439
42.5,10,5,10,441
42.5,10,5,11,443
42.5,10,5,12,445
42.5,10,5,13,447
42.5,10,5,14,449
42.5,10,5,15,451
42.5,10,6,0,423
42.5,10,6,1,425
42.5,10,6,2,427
42.5,10,6,3,429
42.5,10,6,4,431
42.5,10,6,5,433
42.5,10,6,6,435
42.5,10,6,7,437
42.5,10,6,8,440
42.5,10,6,9,441
42.5,10,6,10,443
42.5,10,6,11,445
42.5,10,6,12,447
42.5,10,6,13,449
42.5,10,6,14,451
42.5,10,6,15,453
42.5,10,7,0,426
42.5,10,7,1,428
42.5,10,7,2,430
42.5,10,7,3,432
42.5,10,7,4,434
42.5,10,7,5,436
42.5,10,7,6,438
42.5,10,7,7,440
42.5,10,7,8,442
42.5,10,7,9,444
42.5,10,7,10,446
42.5,10,7,11,448
42.5,10,7,12,450
42.5,10,7,13,452
42.5,10,7,14,454
42.5,10,7,15,456
42.5,10,8,0,428
42.5,10,8,1,430
42.5,10,8,2,432
42.5,10,8,3,434
42.5,10,8,4,436
42.5,10,8,5,438
42.5,10,8,6,440
42.5,10,8,7,442
42.5,10,8,8,444
42.5,10,8,9,446
42.5,10,8,10,448
42.5,10,8,11,450
42.5,10,8,12,452
42.5,10,8,13,454
42.5,10,8,14,456
42.5,10,8,15,458
42.5,10,9,0,430
42.5,10,9,1,432
42.5,10,9,2,434
42.5,10,9,3,437
42.5,10,9,4,439
42.5,10,9,5,441
42.5,10,9,6,443
42.5,10,9,7,445
42.5,10,9,8,447
42.5,10,9,9,449
42.5,10,9,10,451
42.5,10,9,11,453
42.5,10,9,12,455
42.5,10,9,13,457
42.5,10,9,14,459
42.5,10,9,15,461
42.5,10,10,0,433
42.5,10,10,1,435
42.5,10,10,2,437
42.5,10,10,3,439
42.5,10,10,4,441
42.5,10,10,5,443
42.5,10,10,6,445
42.5,10,10,7,447
42.5,10,10,8,449
42.5,10,10,9,451
42.5,10,10,10,453
42.5,10,10,11,455
42.5,10,10,12,457
42.5,10,10,13,459
42.5,10,10,14,461
42.5,10,10,15,463
42.5,10,11,0,435
42.5,10,11,1,437
42.5,10,11,2,439
42.5,10,11,3,441
42.5,10,11,4,443
42.5,10,11,5,445
42.5,10,11,6,448
42.5,10,11,7,450
42.5,10,11,8,452
42.5,10,11,9,454
42.5,10,11,10,456
42.5,10,11,11,458
42.5,10,11,12,460
42.5,10,11,13,462
42.5,10,11,14,464
42.5,10,11,15,466
42.5,10,12,0,437
42.5,10,12,1,439
42.5,10,12,2,442
42.5,10,12,3,444
42.5,10,12,4,446
42.5,10,12,5,448
42.5,10,12,6,450
42.5,10,12,7,452
42.5,10,12,8,454
42.5,10,12,9,456
42.5,10,12,10,458
42.5,10,12,11,460
42.5,10,12,12,462
42.5,10,12,13,464
42.5,10,12,14,466
42.5,10,12,15,468
42.5,10,13,0,440
42.5,10,13,1,442
42.5,10,13,2,444
42.5,10,13,3,446
42.5,10,13,4,448
42.5,10,13,5,450
42.5,10,13,6,452
42.5,10,13,7,454
42.5,10,13,8,456
42.5,10,13,9,459
42.5,10,13,10,461
42.5,10,13,11,463
42.5,10,13,12,465
42.5,10,13,13,467
42.5,10,13,14,469
42.5,10,13,15,471
42.5,10,14,0,442
42.5,10,14,1,444
42.5,10,14,2,446
42.5,10,14,3,448
42.5,10,14,4,450
42.5,10,14,5,453
42.5,10,14,6,455
42.5,10,14,7,457
42.5,10,14,8,459
42.5,10,14,9,461
42.5,10,14,10,463
42.5,10,14,11,465
42.5,10,14,12,467
42.5,10,14,13,469
42.5,10,14,14,471
42.5,10,14,15,473
42.5,10,15,0,444
42.5,10,15,1,446
42.5,10,15,2,448
42.5,10,15,3,451
42.5,10,15,4,453
42.5,10,15,5,455
42.5,10,15,6,457
42.5,10,15,7,459
42.5,10,15,8,461
42.5,10,15,9,463
42.5,10,15,10,465
42.5,10,15,11,467
42.5,10,15,12,470
42.5,10,15,13,472
42.5,10,15,14,474
42.5,10,15,15,476
42.5,11,0,0,415
42.5,11,0,1,417
42.5,11,0,2,419
42.5,11,0,3,421
42.5,11,0,4,423
42.5,11,0,5,425
42.5,11,0,6,427
42.5,11,0,7,429
42.5,11,0,8,431
42.5,11,0,9,433
42.5,11,0,10,434
42.5,11,0,11,436
42.5,11,0,12,438
42.5,11,0,13,440
42.5,11,0,14,442
42.5,11,0,15,444
42.5,11,1,0,417
42.5,11,1,1,419
42.5,11,1,2,421
42.5,11,1,3,423
42.5,11,1,4,425
42.5,11,1,5,427
42.5,11,1,6,429
42.5,11,1,7,431
42.5,11,1,8,433
42.5,11,1,9,435
42.5,11,1,10,437
42.5,11,1,11,439
42.5,11,1,12,441
42.5,11,1,13,443
42.5,11,1,14,445
42.5,11,1,15,447
42.5,11,2,0,420
42.5,11,2,1,422
42.5,11,2,2,424
42.5,11,2,3,426
42.5,11,2,4,428
42.5,11,2,5,430
42.5,11,2,6,432
42.5,11,2,7,434
42.5,11,2,8,436
42.5,11,2,9,438
42.5,11,2,10,440
42.5,11,2,11,442
42.5,11,2,12,444
42.5,11,2,13,446
42.5,11,2,14,447
42.5,11,2,15,449
42.5,11,3,0,422
42.5,11,3,1,424
42.5,11,3,2,426
42.5,11,3,3,428
42.5,11,3,4,430
42.5,11,3,5,432
42.5,11,3,6,434
42.5,11,3,7,436
42.5,11,3,8,438
42.5,11,3,9,440
42.5,11,3,10,442
42.5,11,3,11,444
42.5,11,3,12,446
42.5,11,3,13,448
42.5,11,3,14,450
42.5,11,3,15,452
42.5,11,4,0,424
42.5,11,4,1,427
42.5,11,4,2,429
42.5,11,4,3,431
42.5,11,4,4,433
42.5,11,4,5,435
42.5,11,4,6,437
42.5,11,4,7,439
42.5,11,4,8,441
42.5,11,4,9,443
42.5,11,4,10,445
42.5,11,4,11,447
42.5,11,4,12,449
42.5,11,4,13,451
42.5,11,4,14,453
42.5,11,4,15,455
42.5,11,5,0,427
42.5,11,5,1,429
42.5,11,5,2,431
42.5,11,5,3,433
42.5,11,5,4,435
42.5,11,5,5,437
42.5,11,5,6,439
42.5,11,5,7,441
42.5,11,5,8,443
42.5,11,5,9,445
42.5,11,5,10,447
42.5,11,5,11,449
42.5,11,5,12,451
42.5,11,5,13,453
42.5,11,5,14,455
42.5,11,5,15,457
42.5,11,6,0,429
42.5,11,6,1,431
42.5,11,6,2,434
42.5,11,6,3,436
42.5,11,6,4,438
42.5,11,6,5,440
42.5,11,6,6,442
42.5,11,6,7,444
42.5,11,6,8,446
42.5,11,6,9,448
42.5,11,6,10,450
42.5,11,6,11,452
42.5,11,6,12,454
42.5,11,6,13,456
42.5,11,6,14,458
42.5,11,6,15,460
42.5,11,7,0,432
42.5,11,7,1,434
42.5,11,7,2,436
42.5,11,7,3,438
42.5,11,7,4,440
42.5,11,7,5,442
42.5,11,7,6,444
42.5,11,7,7,446
42.5,11,7,8,448
42.5,11,7,9,450
42.5,11,7,10,452
42.5,11,7,11,454
42.5,11,7,12,456
42.5,11,7,13,458
42.5,11,7,14,460
42.5,11,7,15,462
42.5,11,8,0,434
42.5,11,8,1,436
42.5,11,8,2,438
42.5,11,8,3,440
42.5,11,8,4,443
42.5,11,8,5,445
42.5,11,8,6,447
42.5,11,8,7,449
42.5,11,8,8,451
42.5,11,8,9,453
42.5,11,8,10,455
42.5,11,8,11,457
42.5,11,8,12,459
42.5,11,8,13,461
42.5,11,8,14,463
42.5,11,8,15,465
42.5,11,9,0,437
42.5,11,9,1,439
42.5,11,9,2,441
42.5,11,9,3,443
42.5,11,9,4,445
42.5,11,9,5,447
42.5,11,9,6,449
42.5,11,9,7,451
42.5,11,9,8,453
42.5,11,9,9,455
42.5,11,9,10,457
42.5,11,9,11,459
42.5,11,9,12,462
42.5,11,9,13,464
42.5,11,9,14,466
42.5,11,9,15,468
42.5,11,10,0,439
42.5,11,10,1,441
42.5,11,10,2,443
42.5,11,10,3,445
42.5,11,10,4,447
42.5,11,10,5,450
42.5,11,10,6,452
42.5,11,10,7,454
42.5,11,10,8,456
42.5,11,10,9,458
42.5,11,10,10,460
42.5,11,10,11,462
42.5,11,10,12,464
42.5,11,10,13,466
42.5,11,10,14,468
42.5,11,10,15,470
42.5,11,11,0,441
42.5,11,11,1,443
42.5,11,11,2,446
42.5,11,11,3,448
42.5,11,11,4,450
42.5,11,11,5,452
42.5,11,11,6,454
42.5,11,11,7,456
42.5,11,11,8,458
42.5,11,11,9,460
42.5,11,11,10,462
42.5,11,11,11,464
42.5,11,11,12,467
42.5,11,11,13,469
42.5,11,11,14,471
42.5,11,11,15,473
42.5,11,12,0,444
42.5,11,12,1,446
42.5,11,12,2,448
42.5,11,12,3,450
42.5,11,12,4,452
42.5,11,12,5,454
42.5,11,12,6,456
42.5,11,12,7,459
42.5,11,12,8,461
42.5,11,12,9,463
42.5,11,12,10,465
42.5,11,12,11,467
42.5,11,12,12,469
42.5,11,12,13,471
42.5,11,12,14,473
42.5,11,12,15,475
42.5,11,13,0,446
42.5,11,13,1,448
42.5,11,13,2,450
42.5,11,13,3,452
42.5,11,13,4,455
42.5,11,13,5,457
42.5,11,13,6,459
42.5,11,13,7,461
42.5,11,13,8,463
42.5,11,13,9,465
42.5,11,13,10,467
42.5,11,13,11,469
42.5,11,13,12,471
42.5,11,13,13,474
42.5,11,13,14,476
42.5,11,13,15,478
42.5,11,14,0,448
42.5,11,14,1,450
42.5,11,14,2,453
42.5,11,14,3,455
42.5,11,14,4,457
42.5,11,14,5,459
42.5,11,14,6,461
42.5,11,14,7,463
42.5,11,14,8,466
42.5,11,14,9,468
42.5,11,14,10,470
42.5,11,14,11,472
42.5,11,14,12,474
42.5,11,14,13,476
42.5,11,14,14,478
42.5,11,14,15,480
42.5,11,15,0,451
42.5,11,15,1,453
42.5,11,15,2,455
42.5,11,15,3,457
42.5,11,15,4,459
42.5,11,15,5,461
42.5,11,15,6,464
42.5,11,15,7,466
42.5,11,15,8,468
42.5,11,15,9,470
42.5,11,15,10,472
42.5,11,15,11,474
42.5,11,15,12,476
42.5,11,15,13,478
42.5,11,15,14,481
42.5,11,15,15,483
42.5,12,0,0,421
42.5,12,0,1,423
42.5,12,0,2,425
42.5,12,0,3,427
42.5,12,0,4,429
42.5,12,0,5,431
42.5,12,0,6,433
42.5,12,0,7,435
42.5,12,0,8,437
42.5,12,0,9,439
42.5,12,0,10,441
42.5,12,0,11,443
42.5,12,0,12,445
42.5,12,0,13,447
42.5,12,0,14,448
42.5,12,0,15,450
42.5,12,1,0,423
42.5,12,1,1,425
42.5,12,1,2,427
42.5,12,1,3,429
42.5,12,1,4,431
42.5,12,1,5,433
42.5,12,1,6,435
42.5,12,1,7,437
42.5,12,1,8,439
42.5,12,1,9,441
42.5,12,1,10,443
42.5,12,1,11,445
42.5,12,1,12,447
42.5,12,1,13,449
42.5,12,1,14,451
42.5,12,1,15,453
42.5,12,2,0,426
42.5,12,2,1,428
42.5,12,2,2,430
42.5,12,2,3,432
42.5,12,2,4,434
42.5,12,2,5,436
42.5,12,2,6,438
42.5,12,2,7,440
42.5,12,2,8,442
42.5,12,2,9,444
42.5,12,2,10,446
42.5,12,2,11,448
42.5,12,2,12,450
42.5,12,2,13,452
42.5,12,2,14,454
42.5,12,2,15,456
42.5,12,3,0,428
42.5,12,3,1,430
42.5,12,3,2,432
42.5,12,3,3,434
42.5,12,3,4,436
42.5,12,3,5,438
42.5,12,3,6,440
42.5,12,3,7,443
42.5,12,3,8,445
42.5,12,3,9,447
42.5,12,3,10,449
42.5,12,3,11,451
42.5,12,3,12,453
42.5,12,3,13,455
42.5,12,3,14,457
42.5,12,3,15,459
42.5,12,4,0,431
42.5,12,4,1,433
42.5,12,4,2,435
42.5,12,4,3,437
42.5,12,4,4,439
42.5,12,4,5,441
42.5,12,4,6,443
42.5,12,4,7,445
42.5,12,4,8,447
42.5,12,4,9,449
42.5,12,4,10,451
42.5,12,4,11,453
42.5,12,4,12,455
42.5,12,4,13,457
42.5,12,4,14,459
42.5,12,4,15,461
42.5,12,5,0,433
42.5,12,5,1,435
42.5,12,5,2,437
42.5,12,5,3,439
42.5,12,5,4,441
42.5,12,5,5,444
42.5,12,5,6,446
42.5,12,5,7,448
42.5,12,5,8,450
42.5,12,5,9,452
42.5,12,5,10,454
42.5,12,5,11,456
42.5,12,5,12,458
42.5,12,5,13,460
42.5,12,5,14,462
42.5,12,5,15,464
42.5,12,6,0,435
42.5,12,6,1,438
42.5,12,6,2,440
42.5,12,6,3,442
42.5,12,6,4,444
42.5,12,6,5,446
42.5,12,6,6,448
42.5,12,6,7,450
42.5,12,6,8,452
42.5,12,6,9,454
42.5,12,6,10,456
42.5,12,6,11,458
42.5,12,6,12,460
42.5,12,6,13,462
42.5,12,6,14,464
42.5,12,6,15,466
42.5,12,7,0,438
42.5,12,7,1,440
42.5,12,7,2,442
42.5,12,7,3,444
42.5,12,7,4,446
42.5,12,7,5,449
42.5,12,7,6,451
42.5,12,7,7,453
42.5,12,7,8,455
42.5,12,7,9,457
42.5,12,7,10,459
42.5,12,7,11,461
42.5,12,7,12,463
42.5,12,7,13,465
42.5,12,7,14,467
42.5,12,7,15,469
42.5,12,8,0,440
42.5,12,8,1,443
42.5,12,8,2,445
42.5,12,8,3,447
42.5,12,8,4,449
42.5,12,8,5,451
42.5,12,8,6,453
42.5,12,8,7,455
42.5,12,8,8,457
42.5,12,8,9,459
42.5,12,8,10,461
42.5,12,8,11,464
42.5,12,8,12,466
42.5,12,8,13,468
42.5,12,8,14,470
42.5,12,8,15,472
42.5,12,9,0,443
42.5,12,9,1,445
42.5,12,9,2,447
42.5,12,9,3,449
42.5,12,9,4,451
42.5,12,9,5,454
42.5,12,9,6,456
42.5,12,9,7,458
42.5,12,9,8,460
42.5,12,9,9,462
42.5,12,9,10,464
42.5,12,9,11,466
42.5,12,9,12,468
42.5,12,9,13,470
42.5,12,9,14,472
42.5,12,9,15,474
42.5,12,10,0,445
42.5,12,10,1,447
42.5,12,10,2,450
42.5,12,10,3,452
42.5,12,10,4,454
42.5,12,10,5,456
42.5,12,10,6,458
42.5,12,10,7,460
42.5,12,10,8,462
42.5,12,10,9,464
42.5,12,10,10,467
42.5,12,10,11,469
42.5,12,10,12,471
42.5,12,10,13,473
42.5,12,10,14,475
42.5,12,10,15,477
42.5,12,11,0,448
42.5,12,11,1,450
42.5,12,11,2,452
42.5,12,11,3,454
42.5,12,11,4,456
42.5,12,11,5,458
42.5,12,11,6,461
42.5,12,11,7,463
42.5,12,11,8,465
42.5,12,11,9,467
42.5,12,11,10,469
42.5,12,11,11,471
42.5,12,11,12,473
42.5,12,11,13,475
42.5,12,11,14,477
42.5,12,11,15,479
42.5,12,12,0,450
42.5,12,12,1,452
42.5,12,12,2,454
42.5,12,12,3,457
42.5,12,12,4,459
42.5,12,12,5,461
42.5,12,12,6,463
42.5,12,12,7,465
42.5,12,12,8,467
42.5,12,12,9,469
42.5,12,12,10,472
42.5,12,12,11,474
42.5,12,12,12,476
42.5,12,12,13,478
42.5,12,12,14,480
42.5,12,12,15,482
42.5,12,13,0,452
42.5,12,13,1,455
42.5,12,13,2,457
42.5,12,13,3,459
42.5,12,13,4,461
42.5,12,13,5,463
42.5,12,13,6,465
42.5,12,13,7,468
42.5,12,13,8,470
42.5,12,13,9,472
42.5,12,13,10,474
42.5,12,13,11,476
42.5,12,13,12,478
42.5,12,13,13,480
42.5,12,13,14,482
42.5,12,13,15,484
42.5,12,14,0,455
42.5,12,14,1,457
42.5,12,14,2,459
42.5,12,14,3,461
42.5,12,14,4,463
42.5,12,14,5,466
42.5,12,14,6,468
42.5,12,14,7,470
42.5,12,14,8,472
42.5,12,14,9,474
42.5,12,14,10,476
42.5,12,14,11,479
42.5,12,14,12,481
42.5,12,14,13,483
42.5,12,14,14,485
42.5,12,14,15,487
42.5,12,15,0,457
42.5,12,15,1,459
42.5,12,15,2,461
42.5,12,15,3,464
42.5,12,15,4,466
42.5,12,15,5,468
42.5,12,15,6,470
42.5,12,15,7,472
42.5,12,15,8,475
42.5,12,15,9,477
42.5,12,15,10,479
42.5,12,15,11,481
42.5,12,15,12,483
42.5,12,15,13,485
42.5,12,15,14,487
42.5,12,15,15,489
42.5,13,0,0,426
42.5,13,0,1,429
42.5,13,0,2,431
42.5,13,0,3,433
42.5,13,0,4,435
42.5,13,0,5,437
42.5,13,0,6,439
42.5,13,0,7,441
42.5,13,0,8,443
42.5,13,0,9,445
42.5,13,0,10,447
42.5,13,0,11,449
42.5,13,0,12,451
42.5,13,0,13,453
42.5,13,0,14,455
42.5,13,0,15,457
42.5,13,1,0,429
42.5,13,1,1,431
42.5,13,1,2,433
42.5,13,1,3,435
42.5,13,1,4,437
42.5,13,1,5,439
42.5,13,1,6,441
42.5,13,1,7,444
42.5,13,1,8,446
42.5,13,1,9,448
42.5,13,1,10,450
42.5,13,1,11,452
42.5,13,1,12,454
42.5,13,1,13,456
42.5,13,1,14,458
42.5,13,1,15,460
42.5,13,2,0,432
42.5,13,2,1,434
42.5,13,2,2,436
42.5,13,2,3,438
42.5,13,2,4,440
42.5,13,2,5,442
42.5,13,2,6,444
42.5,13,2,7,446
42.5,13,2,8,448
42.5,13,2,9,450
42.5,13,2,10,452
42.5,13,2,11,454
42.5,13,2,12,456
42.5,13,2,13,458
42.5,13,2,14,460
42.5,13,2,15,462
42.5,13,3,0,434
42.5,13,3,1,436
42.5,13,3,2,438
42.5,13,3,3,440
42.5,13,3,4,443
42.5,13,3,5,445
42.5,13,3,6,447
42.5,13,3,7,449
42.5,13,3,8,451
42.5,13,3,9,453
42.5,13,3,10,455
42.5,13,3,11,457
42.5,13,3,12,459
42.5,13,3,13,461
42.5,13,3,14,463
42.5,13,3,15,465
42.5,13,4,0,437
42.5,13,4,1,439
42.5,13,4,2,441
42.5,13,4,3,443
42.5,13,4,4,445
42.5,13,4,5,447
42.5,13,4,6,449
42.5,13,4,7,451
42.5,13,4,8,453
42.5,13,4,9,456
42.5,13,4,10,458
42.5,13,4,11,460
42.5,13,4,12,462
42.5,13,4,13,464
42.5,13,4,14,466
42.5,13,4,15,468
42.5,13,5,0,439
42.5,13,5,1,441
42.5,13,5,2,443
42.5,13,5,3,446
42.5,13,5,4,448
42.5,13,5,5,450
42.5,13,5,6,452
42.5,13,5,7,454
42.5,13,5,8,456
42.5,13,5,9,458
42.5,13,5,10,460
42.5,13,5,11,462
42.5,13,5,12,464
42.5,13,5,13,466
42.5,13,5,14,468
42.5,13,5,15,470
42.5,13,6,0,442
42.5,13,6,1,444
42.5,13,6,2,446
42.5,13,6,3,448
42.5,13,6,4,450
42.5,13,6,5,452
42.5,13,6,6,454
42.5,13,6,7,457
42.5,13,6,8,459
42.5,13,6,9,461
42.5,13,6,10,463
42.5,13,6,11,465
42.5,13,6,12,467
42.5,13,6,13,469
42.5,13,6,14,471
42.5,13,6,15,473
42.5,13,7,0,444
42.5,13,7,1,446
42.5,13,7,2,448
42.5,13,7,3,451
42.5,13,7,4,453
42.5,13,7,5,455
42.5,13,7,6,457
42.5,13,7,7,459
42.5,13,7,8,461
42.5,13,7,9,463
42.5,13,7,10,465
42.5,13,7,11,467
42.5,13,7,12,470
42.5,13,7,13,472
42.5,13,7,14,474
42.5,13,7,15,476
42.5,13,8,0,447
42.5,13,8,1,449
42.5,13,8,2,451
42.5,13,8,3,453
42.5,13,8,4,455
42.5,13,8,5,457
42.5,13,8,6,460
42.5,13,8,7,462
42.5,13,8,8,464
42.5,13,8,9,466
42.5,13,8,10,468
42.5,13,8,11,470
42.5,13,8,12,472
42.5,13,8,13,474
42.5,13,8,14,476
42.5,13,8,15,478
42.5,13,9,0,449
42.5,13,9,1,451
42.5,13,9,2,453
42.5,13,9,3,456
42.5,13,9,4,458
42.5,13,9,5,460
42.5,13,9,6,462
42.5,13,9,7,464
42.5,13,9,8,466
42.5,13,9,9,468
42.5,13,9,10,471
42.5,13,9,11,473
42.5,13,9,12,475
42.5,13,9,13,477
42.5,13,9,14,479
42.5,13,9,15,481
42.5,13,10,0,451
42.5,13,10,1,454
42.5,13,10,2,456
42.5,13,10,3,458
42.5,13,10,4,460
42.5,13,10,5,462
42.5,13,10,6,465
42.5,13,10,7,467
42.5,13,10,8,469
42.5,13,10,9,471
42.5,13,10,10,473
42.5,13,10,11,475
42.5,13,10,12,477
42.5,13,10,13,479
42.5,13,10,14,481
42.5,13,10,15,484
42.5,13,11,0,454
42.5,13,11,1,456
42.5,13,11,2,458
42.5,13,11,3,461
42.5,13,11,4,463
42.5,13,11,5,465
42.5,13,11,6,467
42.5,13,11,7,469
42.5,13,11,8,471
42.5,13,11,9,473
42.5,13,11,10,476
42.5,13,11,11,478
42.5,13,11,12,480
42.5,13,11,13,482
42.5,13,11,14,484
42.5,13,11,15,486
42.5,13,12,0,456
42.5,13,12,1,459
42.5,13,12,2,461
42.5,13,12,3,463
42.5,13,12,4,465
42.5,13,12,5,467
42.5,13,12,6,470
42.5,13,12,7,472
42.5,13,12,8,474
42.5,13,12,9,476
42.5,13,12,10,478
42.5,13,12,11,480
42.5,13,12,12,482
42.5,13,12,13,485
42.5,13,12,14,487
42.5,13,12,15,489
42.5,13,13,0,459
42.5,13,13,1,461
42.5,13,13,2,463
42.5,13,13,3,465
42.5,13,13,4,468
42.5,13,13,5,470
42.5,13,13,6,472
42.5,13,13,7,474
42.5,13,13,8,476
42.5,13,13,9,479
42.5,13,13,10,481
42.5,13,13,11,483
42.5,13,13,12,485
42.5,13,13,13,487
42.5,13,13,14,489
42.5,13,13,15,491
42.5,13,14,0,461
42.5,13,14,1,463
42.5,13,14,2,466
42.5,13,14,3,468
42.5,13,14,4,470
42.5,13,14,5,472
42.5,13,14,6,474
42.5,13,14,7,477
42.5,13,14,8,479
42.5,13,14,9,481
42.5,13,14,10,483
42.5,13,14,11,485
42.5,13,14,12,487
42.5,13,14,13,490
42.5,13,14,14,492
42.5,13,14,15,494
42.5,13,15,0,463
42.5,13,15,1,466
42.5,13,15,2,468
42.5,13,15,3,470
42.5,13,15,4,472
42.5,13,15,5,475
42.5,13,15,6,477
42.5,13,15,7,479
42.5,13,15,8,481
42.5,13,15,9,483
42.5,13,15,10,486
42.5,13,15,11,488
42.5,13,15,12,490
42.5,13,15,13,492
42.5,13,15,14,494
42.5,13,15,15,496
42.5,14,0,0,432
42.5,14,0,1,435
42.5,14,0,2,437
42.5,14,0,3,439
42.5,14,0,4,441
42.5,14,0,5,443
42.5,14,0,6,445
42.5,14,0,7,447
42.5,14,0,8,449
42.5,14,0,9,451
42.5,14,0,10,453
42.5,14,0,11,455
42.5,14,0,12,457
42.5,14,0,13,459
42.5,14,0,14,461
42.5,14,0,15,463
42.5,14,1,0,435
42.5,14,1,1,437
42.5,14,1,2,439
42.5,14,1,3,441
42.5,14,1,4,443
42.5,14,1,5,446
42.5,14,1,6,448
42.5,14,1,7,450
42.5,14,1,8,452
42.5,14,1,9,454
42.5,14,1,10,456
42.5,14,1,11,458
42.5,14,1,12,460
42.5,14,1,13,462
42.5,14,1,14,464
42.5,14,1,15,466
42.5,14,2,0,438
42.5,14,2,1,440
42.5,14,2,2,442
42.5,14,2,3,444
42.5,14,2,4,446
42.5,14,2,5,448
42.5,14,2,6,450
42.5,14,2,7,452
42.5,14,2,8,454
42.5,14,2,9,456
42.5,14,2,10,459
42.5,14,2,11,461
42.5,14,2,12,463
42.5,14,2,13,465
42.5,14,2,14,467
42.5,14,2,15,469
42.5,14,3,0,440
42.5,14,3,1,442
42.5,14,3,2,444
42.5,14,3,3,447
42.5,14,3,4,449
42.5,14,3,5,451
42.5,14,3,6,453
42.5,14,3,7,455
42.5,14,3,8,457
42.5,14,3,9,459
42.5,14,3,10,461
42.5,14,3,11,463
42.5,14,3,12,465
42.5,14,3,13,467
42.5,14,3,14,469
42.5,14,3,15,471
42.5,14,4,0,443
42.5,14,4,1,445
42.5,14,4,2,447
42.5,14,4,3,449
42.5,14,4,4,451
42.5,14,4,5,453
42.5,14,4,6,456
42.5,14,4,7,458
42.5,14,4,8,460
42.5,14,4,9,462
42.5,14,4,10,464
42.5,14,4,11,466
42.5,14,4,12,468
42.5,14,4,13,470
42.5,14,4,14,472
42.5,14,4,15,474
42.5,14,5,0,445
42.5,14,5,1,447
42.5,14,5,2,450
42.5,14,5,3,452
42.5,14,5,4,454
42.5,14,5,5,456
42.5,14,5,6,458
42.5,14,5,7,460
42.5,14,5,8,462
42.5,14,5,9,464
42.5,14,5,10,467
42.5,14,5,11,469
42.5,14,5,12,471
42.5,14,5,13,473
42.5,14,5,14,475
42.5,14,5,15,477
42.5,14,6,0,448
42.5,14,6,1,450
42.5,14,6,2,452
42.5,14,6,3,454
42.5,14,6,4,456
42.5,14,6,5,459
42.5,14,6,6,461
42.5,14,6,7,463
42.5,14,6,8,465
42.5,14,6,9,467
42.5,14,6,10,469
42.5,14,6,11,471
42.5,14,6,12,473
42.5,14,6,13,475
42.5,14,6,14,478
42.5,14,6,15,480
42.5,14,7,0,450
42.5,14,7,1,452
42.5,14,7,2,455
42.5,14,7,3,457
42.5,14,7,4,459
42.5,14,7,5,461
42.5,14,7,6,463
42.5,14,7,7,465
42.5,14,7,8,468
42.5,14,7,9,470
42.5,14,7,10,472
42.5,14,7,11,474
42.5,14,7,12,476
42.5,14,7,13,478
42.5,14,7,14,480
42.5,14,7,15,482
42.5,14,8,0,453
42.5,14,8,1,455
42.5,14,8,2,457
42.5,14,8,3,459
42.5,14,8,4,462
42.5,14,8,5,464
42.5,14,8,6,466
42.5,14,8,7,468
42.5,14,8,8,470
42.5,14,8,9,472
42.5,14,8,10,474
42.5,14,8,11,477
42.5,14,8,12,479
42.5,14,8,13,481
42.5,14,8,14,483
42.5,14,8,15,485
42.5,14,9,0,455
42.5,14,9,1,457
42.5,14,9,2,460
42.5,14,9,3,462
42.5,14,9,4,464
42.5,14,9,5,466
42.5,14,9,6,468
42.5,14,9,7,471
42.5,14,9,8,473
42.5,14,9,9,475
42.5,14,9,10,477
42.5,14,9,11,479
42.5,14,9,12,481
42.5,14,9,13,483
42.5,14,9,14,486
42.5,14,9,15,488
42.5,14,10,0,458
42.5,14,10,1,460
42.5,14,10,2,462
42.5,14,10,3,464
42.5,14,10,4,467
42.5,14,10,5,469
42.5,14,10,6,471
42.5,14,10,7,473
42.5,14,10,8,475
42.5,14,10,9,478
42.5,14,10,10,480
42.5,14,10,11,482
42.5,14,10,12,484
42.5,14,10,13,486
42.5,14,10,14,488
42.5,14,10,15,490
42.5,14,11,0,460
42.5,14,11,1,462
42.5,14,11,2,465
42.5,14,11,3,467
42.5,14,11,4,469
42.5,14,11,5,471
42.5,14,11,6,474
42.5,14,11,7,476
42.5,14,11,8,478
42.5,14,11,9,480
42.5,14,11,10,482
42.5,14,11,11,484
42.5,14,11,12,487
42.5,14,11,13,489
42.5,14,11,14,491
42.5,14,11,15,493
42.5,14,12,0,463
42.5,14,12,1,465
42.5,14,12,2,467
42.5,14,12,3,469
42.5,14,12,4,472
42.5,14,12,5,474
42.5,14,12,6,476
42.5,14,12,7,478
42.5,14,12,8,480
42.5,14,12,9,483
42.5,14,12,10,485
42.5,14,12,11,487
42.5,14,12,12,489
42.5,14,12,13,491
42.5,14,12,14,493
42.5,14,12,15,496
42.5,14,13,0,465
42.5,14,13,1,467
42.5,14,13,2,470
42.5,14,13,3,472
42.5,14,13,4,474
42.5,14,13,5,476
42.5,14,13,6,479
42.5,14,13,7,481
42.5,14,13,8,483
42.5,14,13,9,485
42.5,14,13,10,487
42.5,14,13,11,490
42.5,14,13,12,492
42.5,14,13,13,494
42.5,14,13,14,496
42.5,14,13,15,498
42.5,14,14,0,467
42.5,14,14,1,470
42.5,14,14,2,472
42.5,14,14,3,474
42.5,14,14,4,477
42.5,14,14,5,479
42.5,14,14,6,481
42.5,14,14,7,483
42.5,14,14,8,485
42.5,14,14,9,488
42.5,14,14,10,490
42.5,14,14,11,492
42.5,14,14,12,494
42.5,14,14,13,496
42.5,14,14,14,499
42.5,14,14,15,501
42.5,14,15,0,470
42.5,14,15,1,472
42.5,14,15,2,474
42.5,14,15,3,477
42.5,14,15,4,479
42.5,14,15,5,481
42.5,14,15,6,484
42.5,14,15,7,486
42.5,14,15,8,488
42.5,14,15,9,490
42.5,14,15,10,492
42.5,14,15,11,495
42.5,14,15,12,497
42.5,14,15,13,499
42.5,14,15,14,501
42.5,14,15,15,503
42.5,15,0,0,438
42.5,15,0,1,440
42.5,15,0,2,443
42.5,15,0,3,445
42.5,15,0,4,447
42.5,15,0,5,449
42.5,15,0,6,451
42.5,15,0,7,453
42.5,15,0,8,455
42.5,15,0,9,457
42.5,15,0,10,459
42.5,15,0,11,461
42.5,15,0,12,463
42.5,15,0,13,465
42.5,15,0,14,467
42.5,15,0,15,469
42.5,15,1,0,441
42.5,15,1,1,443
42.5,15,1,2,445
42.5,15,1,3,447
42.5,15,1,4,450
42.5,15,1,5,452
42.5,15,1,6,454
42.5,15,1,7,456
42.5,15,1,8,458
42.5,15,1,9,460
42.5,15,1,10,462
42.5,15,1,11,464
42.5,15,1,12,466
42.5,15,1,13,468
42.5,15,1,14,470
42.5,15,1,15,472
42.5,15,2,0,444
42.5,15,2,1,446
42.5,15,2,2,448
42.5,15,2,3,450
42.5,15,2,4,452
42.5,15,2,5,454
42.5,15,2,6,456
42.5,15,2,7,459
42.5,15,2,8,461
42.5,15,2,9,463
42.5,15,2,10,465
42.5,15,2,11,467
42.5,15,2,12,469
42.5,15,2,13,471
42.5,15,2,14,473
42.5,15,2,15,475
42.5,15,3,0,446
42.5,15,3,1,448
42.5,15,3,2,451
42.5,15,3,3,453
42.5,15,3,4,455
42.5,15,3,5,457
42.5,15,3,6,459
42.5,15,3,7,461
42.5,15,3,8,463
42.5,15,3,9,465
42.5,15,3,10,468
42.5,15,3,11,470
42.5,15,3,12,472
42.5,15,3,13,474
42.5,15,3,14,476
42.5,15,3,15,478
42.5,15,4,0,449
42.5,15,4,1,451
42.5,15,4,2,453
42.5,15,4,3,455
42.5,15,4,4,457
42.5,15,4,5,460
42.5,15,4,6,462
42.5,15,4,7,464
42.5,15,4,8,466
42.5,15,4,9,468
42.5,15,4,10,470
42.5,15,4,11,472
42.5,15,4,12,474
42.5,15,4,13,477
42.5,15,4,14,479
42.5,15,4,15,481
42.5,15,5,0,451
42.5,15,5,1,454
42.5,15,5,2,456
42.5,15,5,3,458
42.5,15,5,4,460
42.5,15,5,5,462
42.5,15,5,6,464
42.5,15,5,7,467
42.5,15,5,8,469
42.5,15,5,9,471
42.5,15,5,10,473
42.5,15,5,11,475
42.5,15,5,12,477
42.5,15,5,13,479
42.5,15,5,14,481
42.5,15,5,15,483
42.5,15,6,0,454
42.5,15,6,1,456
42.5,15,6,2,458
42.5,15,6,3,461
42.5,15,6,4,463
42.5,15,6,5,465
42.5,15,6,6,467
42.5,15,6,7,469
42.5,15,6,8,471
42.5,15,6,9,474
42.5,15,6,10,476
42.5,15,6,11,478
42.5,15,6,12,480
42.5,15,6,13,482
42.5,15,6,14,484
42.5,15,6,15,486
42.5,15,7,0,456
42.5,15,7,1,459
42.5,15,7,2,461
42.5,15,7,3,463
42.5,15,7,4,465
42.5,15,7,5,468
42.5,15,7,6,470
42.5,15,7,7,472
42.5,15,7,8,474
42.5,15,7,9,476
42.5,15,7,10,478
42.5,15,7,11,480
42.5,15,7,12,483
42.5,15,7,13,485
42.5,15,7,14,487
42.5,15,7,15,489
42.5,15,8,0,459
42.5,15,8,1,461
42.5,15,8,2,463
42.5,15,8,3,466
42.5,15,8,4,468
42.5,15,8,5,470
42.5,15,8,6,472
42.5,15,8,7,474
42.5,15,8,8,477
42.5,15,8,9,479
42.5,15,8,10,481
42.5,15,8,11,483
42.5,15,8,12,485
42.5,15,8,13,487
42.5,15,8,14,490
42.5,15,8,15,492
42.5,15,9,0,461
42.5,15,9,1,464
42.5,15,9,2,466
42.5,15,9,3,468
42.5,15,9,4,470
42.5,15,9,5,473
42.5,15,9,6,475
42.5,15,9,7,477
42.5,15,9,8,479
42.5,15,9,9,481
42.5,15,9,10,484
42.5,15,9,11,486
42.5,15,9,12,488
42.5,15,9,13,490
42.5,15,9,14,492
42.5,15,9,15,494
42.5,15,10,0,464
42.5,15,10,1,466
42.5,15,10,2,469
42.5,15,10,3,471
42.5,15,10,4,473
42.5,15,10,5,475
42.5,15,10,6,477
42.5,15,10,7,480
42.5,15,10,8,482
42.5,15,10,9,484
42.5,15,10,10,486
42.5,15,10,11,488
42.5,15,10,12,491
42.5,15,10,13,493
42.5,15,10,14,495
42.5,15,10,15,497
42.5,15,11,0,466
42.5,15,11,1,469
42.5,15,11,2,471
42.5,15,11,3,473
42.5,15,11,4,476
42.5,15,11,5,478
42.5,15,11,6,480
42.5,15,11,7,482
42.5,15,11,8,484
42.5,15,11,9,487
42.5,15,11,10,489
42.5,15,11,11,491
42.5,15,11,12,493
42.5,15,11,13,495
42.5,15,11,14,498
42.5,15,11,15,500
42.5,15,12,0,469
42.5,15,12,1,471
42.5,15,12,2,474
42.5,15,12,3,476
42.5,15,12,4,478
42.5,15,12,5,480
42.5,15,12,6,483
42.5,15,12,7,485
42.5,15,12,8,487
42.5,15,12,9,489
42.5,15,12,10,491
42.5,15,12,11,494
42.5,15,12,12,496
42.5,15,12,13,498
42.5,15,12,14,500
42.5,15,12,15,502
42.5,15,13,0,471
42.5,15,13,1,474
42.5,15,13,2,476
42.5,15,13,3,478
42.5,15,13,4,481
42.5,15,13,5,483
42.5,15,13,6,485
42.5,15,13,7,487
42.5,15,13,8,490
42.5,15,13,9,492
42.5,15,13,10,494
42.5,15,13,11,496
42.5,15,13,12,498
42.5,15,13,13,501
42.5,15,13,14,503
42.5,15,13,15,505
42.5,15,14,0,474
42.5,15,14,1,476
42.5,15,14,2,479
42.5,15,14,3,481
42.5,15,14,4,483
42.5,15,14,5,485
42.5,15,14,6,488
42.5,15,14,7,490
42.5,15,14,8,492
42.5,15,14,9,494
42.5,15,14,10,497
42.5,15,14,11,499
42.5,15,14,12,501
42.5,15,14,13,503
42.5,15,14,14,505
42.5,15,14,15,508
42.5,15,15,0,476
42.5,15,15,1,479
42.5,15,15,2,481
42.5,15,15,3,483
42.5,15,15,4,486
42.5,15,15,5,488
42.5,15,15,6,490
42.5,15,15,7,492
42.5,15,15,8,495
42.5,15,15,9,497
42.5,15,15,10,499
42.5,15,15,11,501
42.5,15,15,12,504
42.5,15,15,13,506
42.5,15,15,14,508
42.5,15,15,15,510
43.0,0,0,0,352
43.0,0,0,1,353
43.0,0,0,2,355
43.0,0,0,3,357
43.0,0,0,4,358
43.0,0,0,5,360
43.0,0,0,6,362
43.0,0,0,7,363
43.0,0,0,8,365
43.0,0,0,9,367
43.0,0,0,10,368
43.0,0,0,11,370
43.0,0,0,12,372
43.0,0,0,13,373
43.0,0,0,14,375
43.0,0,0,15,377
43.0,0,1,0,354
43.0,0,1,1,355
43.0,0,1,2,357
43.0,0,1,3,359
43.0,0,1,4,361
43.0,0,1,5,362
43.0,0,1,6,364
43.0,0,1,7,366
43.0,0,1,8,367
43.0,0,1,9,369
43.0,0,1,10,371
43.0,0,1,11,372
43.0,0,1,12,374
43.0,0,1,13,376
43.0,0,1,14,377
43.0,0,1,15,379
43.0,0,2,0,356
43.0,0,2,1,358
43.0,0,2,2,359
43.0,0,2,3,361
43.0,0,2,4,363
43.0,0,2,5,364
43.0,0,2,6,366
43.0,0,2,7,368
43.0,0,2,8,369
43.0,0,2,9,371
43.0,0,2,10,373
43.0,0,2,11,374
43.0,0,2,12,376
43.0,0,2,13,378
43.0,0,2,14,379
43.0,0,2,15,381
43.0,0,3,0,358
43.0,0,3,1,360
43.0,0,3,2,361
43.0,0,3,3,363
43.0,0,3,4,365
43.0,0,3,5,367
43.0,0,3,6,368
43.0,0,3,7,370
43.0,0,3,8,372
43.0,0,3,9,373
43.0,0,3,10,375
43.0,0,3,11,377
43.0,0,3,12,378
43.0,0,3,13,380
43.0,0,3,14,382
43.0,0,3,15,383
43.0,0,4,0,360
43.0,0,4,1,362
43.0,0,4,2,363
43.0,0,4,3,365
43.0,0,4,4,367
43.0,0,4,5,369
43.0,0,4,6,370
43.0,0,4,7,372
43.0,0,4,8,374
43.0,0,4,9,376
43.0,0,4,10,377
43.0,0,4,11,379
43.0,0,4,12,381
43.0,0,4,13,382
43.0,0,4,14,384
43.0,0,4,15,386
43.0,0,5,0,362
43.0,0,5,1,364
43.0,0,5,2,366
43.0,0,5,3,367
43.0,0,5,4,369
43.0,0,5,5,371
43.0,0,5,6,373
43.0,0,5,7,374
43.0,0,5,8,376
43.0,0,5,9,378
43.0,0,5,10,379
43.0,0,5,11,381
43.0,0,5,12,383
43.0,0,5,13,384
43.0,0,5,14,386
43.0,0,5,15,388
43.0,0,6,0,364
43.0,0,6,1,366
43.0,0,6,2,368
43.0,0,6,3,369
43.0,0,6,4,371
43.0,0,6,5,373
43.0,0,6,6,375
43.0,0,6,7,376
43.0,0,6,8,378
43.0,0,6,9,380
43.0,0,6,10,382
43.0,0,6,11,383
43.0,0,6,12,385
43.0,0,6,13,387
43.0,0,6,14,388
43.0,0,6,15,390
43.0,0,7,0,366
43.0,0,7,1,368
43.0,0,7,2,370
43.0,0,7,3,371
43.0,0,7,4,373
43.0,0,7,5,375
43.0,0,7,6,377
43.0,0,7,7,378
43.0,0,7,8,380
43.0,0,7,9,382
43.0,0,7,10,384
43.0,0,7,11,385
43.0,0,7,12,387
43.0,0,7,13,389
43.0,0,7,14,390
43.0,0,7,15,392
43.0,0,8,0,368
43.0,0,8,1,370
43.0,0,8,2,372
43.0,0,8,3,374
43.0,0,8,4,375
43.0,0,8,5,377
43.0,0,8,6,379
43.0,0,8,7,381
43.0,0,8,8,382
43.0,0,8,9,384
43.0,0,8,10,386
43.0,0,8,11,387
43.0,0,8,12,389
43.0,0,8,13,391
43.0,0,8,14,393
43.0,0,8,15,394
43.0,0,9,0,370
43.0,0,9,1,372
43.0,0,9,2,374
43.0,0,9,3,376
43.0,0,9,4,377
43.0,0,9,5,379
43.0,0,9,6,381
43.0,0,9,7,383
43.0,0,9,8,384
43.0,0,9,9,386
43.0,0,9,10,388
43.0,0,9,11,390
43.0,0,9,12,391
43.0,0,9,13,393
43.0,0,9,14,395
43.0,0,9,15,396
43.0,0,10,0,372
43.0,0,10,1,374
43.0,0,10,2,376
43.0,0,10,3,378
43.0,0,10,4,379
43.0,0,10,5,381
43.0,0,10,6,383
43.0,0,10,7,385
43.0,0,10,8,386
43.0,0,10,9,388
43.0,0,10,10,390
43.0,0,10,11,392
43.0,0,10,12,393
43.0,0,10,13,395
43.0,0,10,14,397
43.0,0,10,15,399
43.0,0,11,0,374
43.0,0,11,1,376
43.0,0,11,2,378
43.0,0,11,3,380
43.0,0,11,4,381
43.0,0,11,5,383
43.0,0,11,6,385
43.0,0,11,7,387
43.0,0,11,8,389
43.0,0,11,9,390
43.0,0,11,10,392
43.0,0,11,11,394
43.0,0,11,12,396
43.0,0,11,13,397
43.0,0,11,14,399
43.0,0,11,15,401
43.0,0,12,0,376
43.0,0,12,1,378
43.0,0,12,2,380
43.0,0,12,3,382
43.0,0,12,4,383
43.0,0,12,5,385
43.0,0,12,6,387
43.0,0,12,7,389
43.0,0,12,8,391
43.0,0,12,9,392
43.0,0,12,10,394
43.0,0,12,11,396
43.0,0,12,12,398
43.0,0,12,13,399
43.0,0,12,14,401
43.0,0,12,15,403
43.0,0,13,0,378
43.0,0,13,1,380
43.0,0,13,2,382
43.0,0,13,3,384
43.0,0,13,4,385
43.0,0,13,5,387
43.0,0,13,6,389
43.0,0,13,7,391
43.0,0,13,8,393
43.0,0,13,9,394
43.0,0,13,10,396
43.0,0,13,11,398
43.0,0,13,12,400
43.0,0,13,13,402
43.0,0,13,14,403
43.0,0,13,15,405
43.0,0,14,0,380
43.0,0,14,1,382
43.0,0,14,2,384
43.0,0,14,3,386
43.0,0,14,4,387
43.0,0,14,5,389
43.0,0,14,6,391
43.0,0,14,7,393
43.0,0,14,8,395
43.0,0,14,9,397
43.0,0,14,10,398
43.0,0,14,11,400
43.0,0,14,12,402
43.0,0,14,13,404
43.0,0,14,14,405
43.0,0,14,15,407
43.0,0,15,0,382
43.0,0,15,1,384
43.0,0,15,2,386
43.0,0,15,3,388
43.0,0,15,4,389
43.0,0,15,5,391
43.0,0,15,6,393
43.0,0,15,7,395
43.0,0,15,8,397
43.0,0,15,9,399
43.0,0,15,10,400
43.0,0,15,11,402
43.0,0,15,12,404
43.0,0,15,13,406
43.0,0,15,14,407
43.0,0,15,15,409
43.0,1,0,0,358
43.0,1,0,1,359
43.0,1,0,2,361
43.0,1,0,3,363
43.0,1,0,4,364
43.0,1,0,5,366
43.0,1,0,6,368
43.0,1,0,7,370
43.0,1,0,8,371
43.0,1,0,9,373
43.0,1,0,10,375
43.0,1,0,11,376
43.0,1,0,12,378
43.0,1,0,13,380
43.0,1,0,14,381
43.0,1,0,15,383
43.0,1,1,0,360
43.0,1,1,1,361
43.0,1,1,2,363
43.0,1,1,3,365
43.0,1,1,4,367
43.0,1,1,5,368
43.0,1,1,6,370
43.0,1,1,7,372
43.0,1,1,8,374
43.0,1,1,9,375
43.0,1,1,10,377
43.0,1,1,11,379
43.0,1,1,12,380
43.0,1,1,13,382
43.0,1,1,14,384
43.0,1,1,15,385
43.0,1,2,0,362
43.0,1,2,1,364
43.0,1,2,2,365
43.0,1,2,3,367
43.0,1,2,4,369
43.0,1,2,5,371
43.0,1,2,6,372
43.0,1,2,7,374
43.0,1,2,8,376
43.0,1,2,9,377
43.0,1,2,10,379
43.0,1,2,11,381
43.0,1,2,12,383
43.0,1,2,13,384
43.0,1,2,14,386
43.0,1,2,15,388
43.0,1,3,0,364
43.0,1,3,1,366
43.0,1,3,2,367
43.0,1,3,3,369
43.0,1,3,4,371
43.0,1,3,5,373
43.0,1,3,6,374
43.0,1,3,7,376
43.0,1,3,8,378
43.0,1,3,9,380
43.0,1,3,10,381
43.0,1,3,11,383
43.0,1,3,12,385
43.0,1,3,13,386
43.0,1,3,14,388
43.0,1,3,15,390
43.0,1,4,0,366
43.0,1,4,1,368
43.0,1,4,2,370
43.0,1,4,3,371
43.0,1,4,4,373
43.0,1,4,5,375
43.0,1,4,6,377
43.0,1,4,7,378
43.0,1,4,8,380
43.0,1,4,9,382
43.0,1,4,10,384
43.0,1,4,11,385
43.0,1,4,12,387
43.0,1,4,13,389
43.0,1,4,14,390
43.0,1,4,15,392
43.0,1,5,0,368
43.0,1,5,1,370
43.0,1,5,2,372
43.0,1,5,3,374
43.0,1,5,4,375
43.0,1,5,5,377
43.0,1,5,6,379
43.0,1,5,7,381
43.0,1,5,8,382
43.0,1,5,9,384
43.0,1,5,10,386
43.0,1,5,11,388
43.0,1,5,12,389
43.0,1,5,13,391
43.0,1,5,14,393
43.0,1,5,15,394
43.0,1,6,0,370
43.0,1,6,1,372
43.0,1,6,2,374
43.0,1,6,3,376
43.0,1,6,4,377
43.0,1,6,5,379
43.0,1,6,6,381
43.0,1,6,7,383
43.0,1,6,8,384
43.0,1,6,9,386
43.0,1,6,10,388
43.0,1,6,11,390
43.0,1,6,12,391
43.0,1,6,13,393
43.0,1,6,14,395
43.0,1,6,15,397
43.0,1,7,0,372
43.0,1,7,1,374
43.0,1,7,2,376
43.0,1,7,3,378
43.0,1,7,4,380
43.0,1,7,5,381
43.0,1,7,6,383
43.0,1,7,7,385
43.0,1,7,8,387
43.0,1,7,9,388
43.0,1,7,10,390
43.0,1,7,11,392
43.0,1,7,12,394
43.0,1,7,13,395
43.0,1,7,14,397
43.0,1,7,15,399
43.0,1,8,0,374
43.0,1,8,1,376
43.0,1,8,2,378
43.0,1,8,3,380
43.0,1,8,4,382
43.0,1,8,5,383
43.0,1,8,6,385
43.0,1,8,7,387
43.0,1,8,8,389
43.0,1,8,9,391
43.0,1,8,10,392
43.0,1,8,11,394
43.0,1,8,12,396
43.0,1,8,13,398
43.0,1,8,14,399
43.0,1,8,15,401
43.0,1,9,0,376
43.0,1,9,1,378
43.0,1,9,2,380
43.0,1,9,3,382
43.0,1,9,4,384
43.0,1,9,5,386
43.0,1,9,6,387
43.0,1,9,7,389
43.0,1,9,8,391
43.0,1,9,9,393
43.0,1,9,10,394
43.0,1,9,11,396
43.0,1,9,12,398
43.0,1,9,13,400
43.0,1,9,14,401
43.0,1,9,15,403
43.0,1,10,0,378
43.0,1,10,1,380
43.0,1,10,2,382
43.0,1,10,3,384
43.0,1,10,4,386
43.0,1,10,5,388
43.0,1,10,6,389
43.0,1,10,7,391
43.0,1,10,8,393
43.0,1,10,9,395
43.0,1,10,10,397
43.0,1,10,11,398
43.0,1,10,12,400
43.0,1,10,13,402
43.0,1,10,14,404
43.0,1,10,15,405
43.0,1,11,0,381
43.0,1,11,1,382
43.0,1,11,2,384
43.0,1,11,3,386
43.0,1,11,4,388
43.0,1,11,5,390
43.0,1,11,6,392
43.0,1,11,7,393
43.0,1,11,8,395
43.0,1,11,9,397
43.0,1,11,10,399
43.0,1,11,11,401
43.0,1,11,12,402
43.0,1,11,13,404
43.0,1,11,14,406
43.0,1,11,15,408
43.0,1,12,0,383
43.0,1,12,1,384
43.0,1,12,2,386
43.0,1,12,3,388
43.0,1,12,4,390
43.0,1,12,5,392
43.0,1,12,6,394
43.0,1,12,7,395
43.0,1,12,8,397
43.0,1,12,9,399
43.0,1,12,10,401
43.0,1,12,11,403
43.0,1,12,12,404
43.0,1,12,13,406
43.0,1,12,14,408
43.0,1,12,15,410
43.0,1,13,0,385
43.0,1,13,1,386
43.0,1,13,2,388
43.0,1,13,3,390
43.0,1,13,4,392
43.0,1,13,5,394
43.0,1,13,6,396
43.0,1,13,7,398
43.0,1,13,8,399
43.0,1,13,9,401
43.0,1,13,10,403
43.0,1,13,11,405
43.0,1,13,12,407
43.0,1,13,13,408
43.0,1,13,14,410
43.0,1,13,15,412
43.0,1,14,0,387
43.0,1,14,1,388
43.0,1,14,2,390
43.0,1,14,3,392
43.0,1,14,4,394
43.0,1,14,5,396
43.0,1,14,6,398
43.0,1,14,7,400
43.0,1,14,8,401
43.0,1,14,9,403
43.0,1,14,10,405
43.0,1,14,11,407
43.0,1,14,12,409
43.0,1,14,13,410
43.0,1,14,14,412
43.0,1,14,15,414
43.0,1,15,0,389
43.0,1,15,1,390
43.0,1,15,2,392
43.0,1,15,3,394
43.0,1,15,4,396
43.0,1,15,5,398
43.0,1,15,6,400
43.0,1,15,7,402
43.0,1,15,8,403
43.0,1,15,9,405
43.0,1,15,10,407
43.0,1,15,11,409
43.0,1,15,12,411
43.0,1,15,13,413
43.0,1,15,14,414
43.0,1,15,15,416
43.0,2,0,0,363
43.0,2,0,1,365
43.0,2,0,2,367
43.0,2,0,3,369
43.0,2,0,4,371
43.0,2,0,5,372
43.0,2,0,6,374
43.0,2,0,7,376
43.0,2,0,8,377
43.0,2,0,9,379
43.0,2,0,10,381
43.0,2,0,11,383
43.0,2,0,12,384
43.0,2,0,13,386
43.0,2,0,14,388
43.0,2,0,15,389
43.0,2,1,0,366
43.0,2,1,1,367
43.0,2,1,2,369
43.0,2,1,3,371
43.0,2,1,4,373
43.0,2,1,5,375
43.0,2,1,6,376
43.0,2,1,7,378
43.0,2,1,8,380
43.0,2,1,9,381
43.0,2,1,10,383
43.0,2,1,11,385
43.0,2,1,12,387
43.0,2,1,13,388
43.0,2,1,14,390
43.0,2,1,15,392
43.0,2,2,0,368
43.0,2,2,1,370
43.0,2,2,2,371
43.0,2,2,3,373
43.0,2,2,4,375
43.0,2,2,5,377
43.0,2,2,6,379
43.0,2,2,7,380
43.0,2,2,8,382
43.0,2,2,9,384
43.0,2,2,10,385
43.0,2,2,11,387
43.0,2,2,12,389
43.0,2,2,13,391
43.0,2,2,14,392
43.0,2,2,15,394
43.0,2,3,0,370
43.0,2,3,1,372
43.0,2,3,2,374
43.0,2,3,3,375
43.0,2,3,4,377
43.0,2,3,5,379
43.0,2,3,6,381
43.0,2,3,7,383
43.0,2,3,8,384
43.0,2,3,9,386
43.0,2,3,10,388
43.0,2,3,11,389
43.0,2,3,12,391
43.0,2,3,13,393
43.0,2,3,14,395
43.0,2,3,15,396
43.0,2,4,0,372
43.0,2,4,1,374
43.0,2,4,2,376
43.0,2,4,3,378
43.0,2,4,4,379
43.0,2,4,5,381
43.0,2,4,6,383
43.0,2,4,7,385
43.0,2,4,8,386
43.0,2,4,9,388
43.0,2,4,10,390
43.0,2,4,11,392
43.0,2,4,12,393
43.0,2,4,13,395
43.0,2,4,14,397
43.0,2,4,15,399
43.0,2,5,0,374
43.0,2,5,1,376
43.0,2,5,2,378
43.0,2,5,3,380
43.0,2,5,4,382
43.0,2,5,5,383
43.0,2,5,6,385
43.0,2,5,7,387
43.0,2,5,8,389
43.0,2,5,9,390
43.0,2,5,10,392
43.0,2,5,11,394
43.0,2,5,12,396
43.0,2,5,13,397
43.0,2,5,14,399
43.0,2,5,15,401
43.0,2,6,0,376
43.0,2,6,1,378
43.0,2,6,2,380
43.0,2,6,3,382
43.0,2,6,4,384
43.0,2,6,5,386
43.0,2,6,6,387
43.0,2,6,7,389
43.0,2,6,8,391
43.0,2,6,9,393
43.0,2,6,10,394
43.0,2,6,11,396
43.0,2,6,12,398
43.0,2,6,13,400
43.0,2,6,14,401
43.0,2,6,15,403
43.0,2,7,0,379
43.0,2,7,1,380
43.0,2,7,2,382
43.0,2,7,3,384
43.0,2,7,4,386
43.0,2,7,5,388
43.0,2,7,6,390
43.0,2,7,7,391
43.0,2,7,8,393
43.0,2,7,9,395
43.0,2,7,10,397
43.0,2,7,11,398
43.0,2,7,12,400
43.0,2,7,13,402
43.0,2,7,14,404
43.0,2,7,15,405
43.0,2,8,0,381
43.0,2,8,1,382
43.0,2,8,2,384
43.0,2,8,3,386
43.0,2,8,4,388
43.0,2,8,5,390
43.0,2,8,6,392
43.0,2,8,7,393
43.0,2,8,8,395
43.0,2,8,9,397
43.0,2,8,10,399
43.0,2,8,11,401
43.0,2,8,12,402
43.0,2,8,13,404
43.0,2,8,14,406
43.0,2,8,15,408
43.0,2,9,0,383
43.0,2,9,1,385
43.0,2,9,2,386
43.0,2,9,3,388
43.0,2,9,4,390
43.0,2,9,5,392
43.0,2,9,6,394
43.0,2,9,7,396
43.0,2,9,8,397
43.0,2,9,9,399
43.0,2,9,10,401
43.0,2,9,11,403
43.0,2,9,12,405
43.0,2,9,13,406
43.0,2,9,14,408
43.0,2,9,15,410
43.0,2,10,0,385
43.0,2,10,1,387
43.0,2,10,2,389
43.0,2,10,3,390
43.0,2,10,4,392
43.0,2,10,5,394
43.0,2,10,6,396
43.0,2,10,7,398
43.0,2,10,8,400
43.0,2,10,9,401
43.0,2,10,10,403
43.0,2,10,11,405
43.0,2,10,12,407
43.0,2,10,13,409
43.0,2,10,14,410
43.0,2,10,15,412
43.0,2,11,0,387
43.0,2,11,1,389
43.0,2,11,2,391
43.0,2,11,3,393
43.0,2,11,4,394
43.0,2,11,5,396
43.0,2,11,6,398
43.0,2,11,7,400
43.0,2,11,8,402
43.0,2,11,9,404
43.0,2,11,10,405
43.0,2,11,11,407
43.0,2,11,12,409
43.0,2,11,13,411
43.0,2,11,14,413
43.0,2,11,15,414
43.0,2,12,0,389
43.0,2,12,1,391
43.0,2,12,2,393
43.0,2,12,3,395
43.0,2,12,4,396
43.0,2,12,5,398
43.0,2,12,6,400
43.0,2,12,7,402
43.0,2,12,8,404
43.0,2,12,9,406
43.0,2,12,10,408
43.0,2,12,11,409
43.0,2,12,12,411
43.0,2,12,13,413
43.0,2,12,14,415
43.0,2,12,15,417
43.0,2,13,0,391
43.0,2,13,1,393
43.0,2,13,2,395
43.0,2,13,3,397
43.0,2,13,4,399
43.0,2,13,5,400
43.0,2,13,6,402
43.0,2,13,7,404
43.0,2,13,8,406
43.0,2,13,9,408
43.0,2,13,10,410
43.0,2,13,11,412
43.0,2,13,12,413
43.0,2,13,13,415
43.0,2,13,14,417
43.0,2,13,15,419
43.0,2,14,0,393
43.0,2,14,1,395
43.0,2,14,2,397
43.0,2,14,3,399
43.0,2,14,4,401
43.0,2,14,5,403
43.0,2,14,6,404
43.0,2,14,7,406
43.0,2,14,8,408
43.0,2,14,9,410
43.0,2,14,10,412
43.0,2,14,11,414
43.0,2,14,12,415
43.0,2,14,13,417
43.0,2,14,14,419
43.0,2,14,15,421
43.0,2,15,0,395
43.0,2,15,1,397
43.0,2,15,2,399
43.0,2,15,3,401
43.0,2,15,4,403
43.0,2,15,5,405
43.0,2,15,6,406
43.0,2,15,7,408
43.0,2,15,8,410
43.0,2,15,9,412
43.0,2,15,10,414
43.0,2,15,11,416
43.0,2,15,12,418
43.0,2,15,13,419
43.0,2,15,14,421
43.0,2,15,15,423
43.0,3,0,0,369
43.0,3,0,1,371
43.0,3,0,2,373
43.0,3,0,3,375
43.0,3,0,4,377
43.0,3,0,5,378
43.0,3,0,6,380
43.0,3,0,7,382
43.0,3,0,8,384
43.0,3,0,9,385
43.0,3,0,10,387
43.0,3,0,11,389
43.0,3,0,12,391
43.0,3,0,13,392
43.0,3,0,14,394
43.0,3,0,15,396
43.0,3,1,0,372
43.0,3,1,1,373
43.0,3,1,2,375
43.0,3,1,3,377
43.0,3,1,4,379
43.0,3,1,5,381
43.0,3,1,6,382
43.0,3,1,7,384
43.0,3,1,8,386
43.0,3,1,9,388
43.0,3,1,10,389
43.0,3,1,11,391
43.0,3,1,12,393
43.0,3,1,13,395
43.0,3,1,14,396
43.0,3,1,15,398
43.0,3,2,0,374
43.0,3,2,1,376
43.0,3,2,2,378
43.0,3,2,3,379
43.0,3,2,4,381
43.0,3,2,5,383
43.0,3,2,6,385
43.0,3,2,7,387
43.0,3,2,8,388
43.0,3,2,9,390
43.0,3,2,10,392
43.0,3,2,11,394
43.0,3,2,12,395
43.0,3,2,13,397
43.0,3,2,14,399
43.0,3,2,15,400
43.0,3,3,0,376
43.0,3,3,1,378
43.0,3,3,2,380
43.0,3,3,3,382
43.0,3,3,4,383
43.0,3,3,5,385
43.0,3,3,6,387
43.0,3,3,7,389
43.0,3,3,8,391
43.0,3,3,9,392
43.0,3,3,10,394
43.0,3,3,11,396
43.0,3,3,12,398
43.0,3,3,13,399
43.0,3,3,14,401
43.0,3,3,15,403
43.0,3,4,0,378
43.0,3,4,1,380
43.0,3,4,2,382
43.0,3,4,3,384
43.0,3,4,4,386
43.0,3,4,5,387
43.0,3,4,6,389
43.0,3,4,7,391
43.0,3,4,8,393
43.0,3,4,9,395
43.0,3,4,10,396
43.0,3,4,11,398
43.0,3,4,12,400
43.0,3,4,13,402
43.0,3,4,14,403
43.0,3,4,15,405
43.0,3,5,0,380
43.0,3,5,1,382
43.0,3,5,2,384
43.0,3,5,3,386
43.0,3,5,4,388
43.0,3,5,5,390
43.0,3,5,6,391
43.0,3,5,7,393
43.0,3,5,8,395
43.0,3,5,9,397
43.0,3,5,10,399
43.0,3,5,11,400
43.0,3,5,12,402
43.0,3,5,13,404
43.0,3,5,14,406
43.0,3,5,15,407
43.0,3,6,0,383
43.0,3,6,1,384
43.0,3,6,2,386
43.0,3,6,3,388
43.0,3,6,4,390
43.0,3,6,5,392
43.0,3,6,6,394
43.0,3,6,7,396
43.0,3,6,8,397
43.0,3,6,9,399
43.0,3,6,10,401
43.0,3,6,11,403
43.0,3,6,12,404
43.0,3,6,13,406
43.0,3,6,14,408
43.0,3,6,15,410
43.0,3,7,0,385
43.0,3,7,1,387
43.0,3,7,2,388
43.0,3,7,3,390
43.0,3,7,4,392
43.0,3,7,5,394
43.0,3,7,6,396
43.0,3,7,7,398
43.0,3,7,8,400
43.0,3,7,9,401
43.0,3,7,10,403
43.0,3,7,11,405
43.0,3,7,12,407
43.0,3,7,13,409
43.0,3,7,14,410
43.0,3,7,15,412
43.0,3,8,0,387
43.0,3,8,1,389
43.0,3,8,2,391
43.0,3,8,3,393
43.0,3,8,4,394
43.0,3,8,5,396
43.0,3,8,6,398
43.0,3,8,7,400
43.0,3,8,8,402
43.0,3,8,9,404
43.0,3,8,10,405
43.0,3,8,11,407
43.0,3,8,12,409
43.0,3,8,13,411
43.0,3,8,14,413
43.0,3,8,15,414
43.0,3,9,0,389
43.0,3,9,1,391
43.0,3,9,2,393
43.0,3,9,3,395
43.0,3,9,4,397
43.0,3,9,5,398
43.0,3,9,6,400
43.0,3,9,7,402
43.0,3,9,8,404
43.0,3,9,9,406
43.0,3,9,10,408
43.0,3,9,11,409
43.0,3,9,12,411
43.0,3,9,13,413
43.0,3,9,14,415
43.0,3,9,15,417
43.0,3,10,0,391
43.0,3,10,1,393
43.0,3,10,2,395
43.0,3,10,3,397
43.0,3,10,4,399
43.0,3,10,5,401
43.0,3,10,6,402
43.0,3,10,7,404
43.0,3,10,8,406
43.0,3,10,9,408
43.0,3,10,10,410
43.0,3,10,11,412
43.0,3,10,12,414
43.0,3,10,13,415
43.0,3,10,14,417
43.0,3,10,15,419
43.0,3,11,0,393
43.0,3,11,1,395
43.0,3,11,2,397
43.0,3,11,3,399
43.0,3,11,4,401
43.0,3,11,5,403
43.0,3,11,6,405
43.0,3,11,7,406
43.0,3,11,8,408
43.0,3,11,9,410
43.0,3,11,10,412
43.0,3,11,11,414
43.0,3,11,12,416
43.0,3,11,13,418
43.0,3,11,14,419
43.0,3,11,15,421
43.0,3,12,0,395
43.0,3,12,1,397
43.0,3,12,2,399
43.0,3,12,3,401
43.0,3,12,4,403
43.0,3,12,5,405
43.0,3,12,6,407
43.0,3,12,7,409
43.0,3,12,8,411
43.0,3,12,9,412
43.0,3,12,10,414
43.0,3,12,11,416
43.0,3,12,12,418
43.0,3,12,13,420
43.0,3,12,14,422
43.0,3,12,15,423
43.0,3,13,0,397
43.0,3,13,1,399
43.0,3,13,2,401
43.0,3,13,3,403
43.0,3,13,4,405
43.0,3,13,5,407
43.0,3,13,6,409
43.0,3,13,7,411
43.0,3,13,8,413
43.0,3,13,9,415
43.0,3,13,10,416
43.0,3,13,11,418
43.0,3,13,12,420
43.0,3,13,13,422
43.0,3,13,14,424
43.0,3,13,15,426
43.0,3,14,0,399
43.0,3,14,1,401
43.0,3,14,2,403
43.0,3,14,3,405
43.0,3,14,4,407
43.0,3,14,5,409
43.0,3,14,6,411
43.0,3,14,7,413
43.0,3,14,8,415
43.0,3,14,9,417
43.0,3,14,10,419
43.0,3,14,11,420
43.0,3,14,12,422
43.0,3,14,13,424
43.0,3,14,14,426
43.0,3,14,15,428
43.0,3,15,0,401
43.0,3,15,1,403
43.0,3,15,2,405
43.0,3,15,3,407
43.0,3,15,4,409
43.0,3,15,5,411
43.0,3,15,6,413
43.0,3,15,7,415
43.0,3,15,8,417
43.0,3,15,9,419
43.0,3,15,10,421
43.0,3,15,11,423
43.0,3,15,12,424
43.0,3,15,13,426
43.0,3,15,14,428
43.0,3,15,15,430
43.0,4,0,0,375
43.0,4,0,1,377
43.0,4,0,2,379
43.0,4,0,3,381
43.0,4,0,4,383
43.0,4,0,5,385
43.0,4,0,6,386
43.0,4,0,7,388
43.0,4,0,8,390
43.0,4,0,9,392
43.0,4,0,10,393
43.0,4,0,11,395
43.0,4,0,12,397
43.0,4,0,13,399
43.0,4,0,14,400
43.0,4,0,15,402
43.0,4,1,0,378
43.0,4,1,1,380
43.0,4,1,2,381
43.0,4,1,3,383
43.0,4,1,4,385
43.0,4,1,5,387
43.0,4,1,6,389
43.0,4,1,7,390
43.0,4,1,8,392
43.0,4,1,9,394
43.0,4,1,10,396
43.0,4,1,11,398
43.0,4,1,12,399
43.0,4,1,13,401
43.0,4,1,14,403
43.0,4,1,15,405
43.0,4,2,0,380
43.0,4,2,1,382
43.0,4,2,2,384
43.0,4,2,3,385
43.0,4,2,4,387
43.0,4,2,5,389
43.0,4,2,6,391
43.0,4,2,7,393
43.0,4,2,8,395
43.0,4,2,9,396
43.0,4,2,10,398
43.0,4,2,11,400
43.0,4,2,12,402
43.0,4,2,13,403
43.0,4,2,14,405
43.0,4,2,15,407
43.0,4,3,0,382
43.0,4,3,1,384
43.0,4,3,2,386
43.0,4,3,3,388
43.0,4,3,4,390
43.0,4,3,5,391
43.0,4,3,6,393
43.0,4,3,7,395
43.0,4,3,8,397
43.0,4,3,9,399
43.0,4,3,10,400
43.0,4,3,11,402
43.0,4,3,12,404
43.0,4,3,13,406
43.0,4,3,14,408
43.0,4,3,15,409
43.0,4,4,0,384
43.0,4,4,1,386
43.0,4,4,2,388
43.0,4,4,3,390
43.0,4,4,4,392
43.0,4,4,5,394
43.0,4,4,6,396
43.0,4,4,7,397
43.0,4,4,8,399
43.0,4,4,9,401
43.0,4,4,10,403
43.0,4,4,11,405
43.0,4,4,12,406
43.0,4,4,13,408
43.0,4,4,14,410
43.0,4,4,15,412
43.0,4,5,0,387
43.0,4,5,1,388
43.0,4,5,2,390
43.0,4,5,3,392
43.0,4,5,4,394
43.0,4,5,5,396
43.0,4,5,6,398
43.0,4,5,7,400
43.0,4,5,8,401
43.0,4,5,9,403
43.0,4,5,10,405
43.0,4,5,11,407
43.0,4,5,12,409
43.0,4,5,13,411
43.0,4,5,14,412
43.0,4,5,15,414
43.0,4,6,0,389
43.0,4,6,1,391
43.0,4,6,2,393
43.0,4,6,3,394
43.0,4,6,4,396
43.0,4,6,5,398
43.0,4,6,6,400
43.0,4,6,7,402
43.0,4,6,8,404
43.0,4,6,9,406
43.0,4,6,10,407
43.0,4,6,11,409
43.0,4,6,12,411
43.0,4,6,13,413
43.0,4,6,14,415
43.0,4,6,15,416
43.0,4,7,0,391
43.0,4,7,1,393
43.0,4,7,2,395
43.0,4,7,3,397
43.0,4,7,4,399
43.0,4,7,5,400
43.0,4,7,6,402
43.0,4,7,7,404
43.0,4,7,8,406
43.0,4,7,9,408
43.0,4,7,10,410
43.0,4,7,11,412
43.0,4,7,12,413
43.0,4,7,13,415
43.0,4,7,14,417
43.0,4,7,15,419
43.0,4,8,0,393
43.0,4,8,1,395
43.0,4,8,2,397
43.0,4,8,3,399
43.0,4,8,4,401
43.0,4,8,5,403
43.0,4,8,6,405
43.0,4,8,7,406
43.0,4,8,8,408
43.0,4,8,9,410
43.0,4,8,10,412
43.0,4,8,11,414
43.0,4,8,12,416
43.0,4,8,13,417
43.0,4,8,14,419
43.0,4,8,15,421
43.0,4,9,0,395
43.0,4,9,1,397
43.0,4,9,2,399
43.0,4,9,3,401
43.0,4,9,4,403
43.0,4,9,5,405
43.0,4,9,6,407
43.0,4,9,7,409
43.0,4,9,8,411
43.0,4,9,9,412
43.0,4,9,10,414
43.0,4,9,11,416
43.0,4,9,12,418
43.0,4,9,13,420
43.0,4,9,14,422
43.0,4,9,15,423
43.0,4,10,0,397
43.0,4,10,1,399
43.0,4,10,2,401
43.0,4,10,3,403
43.0,4,10,4,405
43.0,4,10,5,407
43.0,4,10,6,409
43.0,4,10,7,411
43.0,4,10,8,413
43.0,4,10,9,415
43.0,4,10,10,416
43.0,4,10,11,418
43.0,4,10,12,420
43.0,4,10,13,422
43.0,4,10,14,424
43.0,4,10,15,426
43.0,4,11,0,400
43.0,4,11,1,402
43.0,4,11,2,403
43.0,4,11,3,405
43.0,4,11,4,407
43.0,4,11,5,409
43.0,4,11,6,411
43.0,4,11,7,413
43.0,4,11,8,415
43.0,4,11,9,417
43.0,4,11,10,419
43.0,4,11,11,421
43.0,4,11,12,422
43.0,4,11,13,424
43.0,4,11,14,426
43.0,4,11,15,428
43.0,4,12,0,402
43.0,4,12,1,404
43.0,4,12,2,406
43.0,4,12,3,408
43.0,4,12,4,409
43.0,4,12,5,411
43.0,4,12,6,413
43.0,4,12,7,415
43.0,4,12,8,417
43.0,4,12,9,419
43.0,4,12,10,421
43.0,4,12,11,423
43.0,4,12,12,425
43.0,4,12,13,427
43.0,4,12,14,428
43.0,4,12,15,430
43.0,4,13,0,404
43.0,4,13,1,406
43.0,4,13,2,408
43.0,4,13,3,410
43.0,4,13,4,412
43.0,4,13,5,414
43.0,4,13,6,416
43.0,4,13,7,417
43.0,4,13,8,419
43.0,4,13,9,421
43.0,4,13,10,423
43.0,4,13,11,425
43.0,4,13,12,427
43.0,4,13,13,429
43.0,4,13,14,431
43.0,4,13,15,432
43.0,4,14,0,406
43.0,4,14,1,408
43.0,4,14,2,410
43.0,4,14,3,412
43.0,4,14,4,414
43.0,4,14,5,416
43.0,4,14,6,418
43.0,4,14,7,420
43.0,4,14,8,422
43.0,4,14,9,423
43.0,4,14,10,425
43.0,4,14,11,427
43.0,4,14,12,429
43.0,4,14,13,431
43.0,4,14,14,433
43.0,4,14,15,435
43.0,4,15,0,408
43.0,4,15,1,410
43.0,4,15,2,412
43.0,4,15,3,414
43.0,4,15,4,416
43.0,4,15,5,418
43.0,4,15,6,420
43.0,4,15,7,422
43.0,4,15,8,424
43.0,4,15,9,426
43.0,4,15,10,428
43.0,4,15,11,429
43.0,4,15,12,431
43.0,4,15,13,433
43.0,4,15,14,435
43.0,4,15,15,437
43.0,5,0,0,381
43.0,5,0,1,383
43.0,5,0,2,385
43.0,5,0,3,387
43.0,5,0,4,389
43.0,5,0,5,391
43.0,5,0,6,392
43.0,5,0,7,394
43.0,5,0,8,396
43.0,5,0,9,398
43.0,5,0,10,400
43.0,5,0,11,401
43.0,5,0,12,403
43.0,5,0,13,405
43.0,5,0,14,407
43.0,5,0,15,409
43.0,5,1,0,384
43.0,5,1,1,386
43.0,5,1,2,387
43.0,5,1,3,389
43.0,5,1,4,391
43.0,5,1,5,393
43.0,5,1,6,395
43.0,5,1,7,397
43.0,5,1,8,398
43.0,5,1,9,400
43.0,5,1,10,402
43.0,5,1,11,404
43.0,5,1,12,406
43.0,5,1,13,407
43.0,5,1,14,409
43.0,5,1,15,411
43.0,5,2,0,386
43.0,5,2,1,388
43.0,5,2,2,390
43.0,5,2,3,392
43.0,5,2,4,393
43.0,5,2,5,395
43.0,5,2,6,397
43.0,5,2,7,399
43.0,5,2,8,401
43.0,5,2,9,403
43.0,5,2,10,404
43.0,5,2,11,406
43.0,5,2,12,408
43.0,5,2,13,410
43.0,5,2,14,412
43.0,5,2,15,413
43.0,5,3,0,388
43.0,5,3,1,390
43.0,5,3,2,392
43.0,5,3,3,394
43.0,5,3,4,396
43.0,5,3,5,398
43.0,5,3,6,399
43.0,5,3,7,401
43.0,5,3,8,403
43.0,5,3,9,405
43.0,5,3,10,407
43.0,5,3,11,409
43.0,5,3,12,410
43.0,5,3,13,412
43.0,5,3,14,414
43.0,5,3,15,416
43.0,5,4,0,390
43.0,5,4,1,392
43.0,5,4,2,394
43.0,5,4,3,396
43.0,5,4,4,398
43.0,5,4,5,400
43.0,5,4,6,402
43.0,5,4,7,404
43.0,5,4,8,406
43.0,5,4,9,407
43.0,5,4,10,409
43.0,5,4,11,411
43.0,5,4,12,413
43.0,5,4,13,415
43.0,5,4,14,416
43.0,5,4,15,418
43.0,5,5,0,393
43.0,5,5,1,395
43.0,5,5,2,397
43.0,5,5,3,398
43.0,5,5,4,400
43.0,5,5,5,402
43.0,5,5,6,404
43.0,5,5,7,406
43.0,5,5,8,408
43.0,5,5,9,410
43.0,5,5,10,412
43.0,5,5,11,413
43.0,5,5,12,415
43.0,5,5,13,417
43.0,5,5,14,419
43.0,5,5,15,421
43.0,5,6,0,395
43.0,5,6,1,397
43.0,5,6,2,399
43.0,5,6,3,401
43.0,5,6,4,403
43.0,5,6,5,405
43.0,5,6,6,406
43.0,5,6,7,408
43.0,5,6,8,410
43.0,5,6,9,412
43.0,5,6,10,414
43.0,5,6,11,416
43.0,5,6,12,418
43.0,5,6,13,419
43.0,5,6,14,421
43.0,5,6,15,423
43.0,5,7,0,397
43.0,5,7,1,399
43.0,5,7,2,401
43.0,5,7,3,403
43.0,5,7,4,405
43.0,5,7,5,407
43.0,5,7,6,409
43.0,5,7,7,411
43.0,5,7,8,412
43.0,5,7,9,414
43.0,5,7,10,416
43.0,5,7,11,418
43.0,5,7,12,420
43.0,5,7,13,422
43.0,5,7,14,424
43.0,5,7,15,425
43.0,5,8,0,399
43.0,5,8,1,401
43.0,5,8,2,403
43.0,5,8,3,405
43.0,5,8,4,407
43.0,5,8,5,409
43.0,5,8,6,411
43.0,5,8,7,413
43.0,5,8,8,415
43.0,5,8,9,417
43.0,5,8,10,419
43.0,5,8,11,420
43.0,5,8,12,422
43.0,5,8,13,424
43.0,5,8,14,426
43.0,5,8,15,428
43.0,5,9,0,402
43.0,5,9,1,404
43.0,5,9,2,405
43.0,5,9,3,407
43.0,5,9,4,409
43.0,5,9,5,411
43.0,5,9,6,413
43.0,5,9,7,415
43.0,5,9,8,417
43.0,5,9,9,419
43.0,5,9,10,421
43.0,5,9,11,423
43.0,5,9,12,425
43.0,5,9,13,426
43.0,5,9,14,428
43.0,5,9,15,430
43.0,5,10,0,404
43.0,5,10,1,406
43.0,5,10,2,408
43.0,5,10,3,410
43.0,5,10,4,412
43.0,5,10,5,414
43.0,5,10,6,415
43.0,5,10,7,417
43.0,5,10,8,419
43.0,5,10,9,421
43.0,5,10,10,423
43.0,5,10,11,425
43.0,5,10,12,427
43.0,5,10,13,429
43.0,5,10,14,431
43.0,5,10,15,432
43.0,5,11,0,406
43.0,5,11,1,408
43.0,5,11,2,410
43.0,5,11,3,412
43.0,5,11,4,414
43.0,5,11,5,416
43.0,5,11,6,418
43.0,5,11,7,420
43.0,5,11,8,422
43.0,5,11,9,423
43.0,5,11,10,425
43.0,5,11,11,427
43.0,5,11,12,429
43.0,5,11,13,431
43.0,5,11,14,433
43.0,5,11,15,435
43.0,5,12,0,408
43.0,5,12,1,410
43.0,5,12,2,412
43.0,5,12,3,414
43.0,5,12,4,416
43.0,5,12,5,418
43.0,5,12,6,420
43.0,5,12,7,422
43.0,5,12,8,424
43.0,5,12,9,426
43.0,5,12,10,428
43.0,5,12,11,430
43.0,5,12,12,431
43.0,5,12,13,433
43.0,5,12,14,435
43.0,5,12,15,437
43.0,5,13,0,410
43.0,5,13,1,412
43.0,5,13,2,414
43.0,5,13,3,416
43.0,5,13,4,418
43.0,5,13,5,420
43.0,5,13,6,422
43.0,5,13,7,424
43.0,5,13,8,426
43.0,5,13,9,428
43.0,5,13,10,430
43.0,5,13,11,432
43.0,5,13,12,434
43.0,5,13,13,436
43.0,5,13,14,437
43.0,5,13,15,439
43.0,5,14,0,412
43.0,5,14,1,414
43.0,5,14,2,416
43.0,5,14,3,418
43.0,5,14,4,420
43.0,5,14,5,422
43.0,5,14,6,424
43.0,5,14,7,426
43.0,5,14,8,428
43.0,5,14,9,430
43.0,5,14,10,432
43.0,5,14,11,434
43.0,5,14,12,436
43.0,5,14,13,438
43.0,5,14,14,440
43.0,5,14,15,442
43.0,5,15,0,414
43.0,5,15,1,416
43.0,5,15,2,419
43.0,5,15,3,421
43.0,5,15,4,423
43.0,5,15,5,425
43.0,5,15,6,426
43.0,5,15,7,428
43.0,5,15,8,430
43.0,5,15,9,432
43.0,5,15,10,434
43.0,5,15,11,436
43.0,5,15,12,438
43.0,5,15,13,440
43.0,5,15,14,442
43.0,5,15,15,444
43.0,6,0,0,387
43.0,6,0,1,389
43.0,6,0,2,391
43.0,6,0,3,393
43.0,6,0,4,395
43.0,6,0,5,397
43.0,6,0,6,399
43.0,6,0,7,400
43.0,6,0,8,402
43.0,6,0,9,404
43.0,6,0,10,406
43.0,6,0,11,408
43.0,6,0,12,410
43.0,6,0,13,411
43.0,6,0,14,413
43.0,6,0,15,415
43.0,6,1,0,390
43.0,6,1,1,392
43.0,6,1,2,393
43.0,6,1,3,395
43.0,6,1,4,397
43.0,6,1,5,399
43.0,6,1,6,401
43.0,6,1,7,403
43.0,6,1,8,405
43.0,6,1,9,407
43.0,6,1,10,408
43.0,6,1,11,410
43.0,6,1,12,412
43.0,6,1,13,414
43.0,6,1,14,416
43.0,6,1,15,417
43.0,6,2,0,392
43.0,6,2,1,394
43.0,6,2,2,396
43.0,6,2,3,398
43.0,6,2,4,400
43.0,6,2,5,402
43.0,6,2,6,403
43.0,6,2,7,405
43.0,6,2,8,407
43.0,6,2,9,409
43.0,6,2,10,411
43.0,6,2,11,413
43.0,6,2,12,414
43.0,6,2,13,416
43.0,6,2,14,418
43.0,6,2,15,420
43.0,6,3,0,394
43.0,6,3,1,396
43.0,6,3,2,398
43.0,6,3,3,400
43.0,6,3,4,402
43.0,6,3,5,404
43.0,6,3,6,406
43.0,6,3,7,408
43.0,6,3,8,409
43.0,6,3,9,411
43.0,6,3,10,413
43.0,6,3,11,415
43.0,6,3,12,417
43.0,6,3,13,419
43.0,6,3,14,421
43.0,6,3,15,422
43.0,6,4,0,397
43.0,6,4,1,399
43.0,6,4,2,400
43.0,6,4,3,402
43.0,6,4,4,404
43.0,6,4,5,406
43.0,6,4,6,408
43.0,6,4,7,410
43.0,6,4,8,412
43.0,6,4,9,414
43.0,6,4,10,416
43.0,6,4,11,417
43.0,6,4,12,419
43.0,6,4,13,421
43.0,6,4,14,423
43.0,6,4,15,425
43.0,6,5,0,399
43.0,6,5,1,401
43.0,6,5,2,403
43.0,6,5,3,405
43.0,6,5,4,407
43.0,6,5,5,409
43.0,6,5,6,410
43.0,6,5,7,412
43.0,6,5,8,414
43.0,6,5,9,416
43.0,6,5,10,418
43.0,6,5,11,420
43.0,6,5,12,422
43.0,6,5,13,424
43.0,6,5,14,425
43.0,6,5,15,427
43.0,6,6,0,401
43.0,6,6,1,403
43.0,6,6,2,405
43.0,6,6,3,407
43.0,6,6,4,409
43.0,6,6,5,411
43.0,6,6,6,413
43.0,6,6,7,415
43.0,6,6,8,417
43.0,6,6,9,418
43.0,6,6,10,420
43.0,6,6,11,422
43.0,6,6,12,424
43.0,6,6,13,426
43.0,6,6,14,428
43.0,6,6,15,430
43.0,6,7,0,403
43.0,6,7,1,405
43.0,6,7,2,407
43.0,6,7,3,409
43.0,6,7,4,411
43.0,6,7,5,413
43.0,6,7,6,415
43.0,6,7,7,417
43.0,6,7,8,419
43.0,6,7,9,421
43.0,6,7,10,423
43.0,6,7,11,425
43.0,6,7,12,426
43.0,6,7,13,428
43.0,6,7,14,430
43.0,6,7,15,432
43.0,6,8,0,406
43.0,6,8,1,408
43.0,6,8,2,410
43.0,6,8,3,412
43.0,6,8,4,414
43.0,6,8,5,415
43.0,6,8,6,417
43.0,6,8,7,419
43.0,6,8,8,421
43.0,6,8,9,423
43.0,6,8,10,425
43.0,6,8,11,427
43.0,6,8,12,429
43.0,6,8,13,431
43.0,6,8,14,433
43.0,6,8,15,434
43.0,6,9,0,408
43.0,6,9,1,410
43.0,6,9,2,412
43.0,6,9,3,414
43.0,6,9,4,416
43.0,6,9,5,418
43.0,6,9,6,420
43.0,6,9,7,422
43.0,6,9,8,424
43.0,6,9,9,425
43.0,6,9,10,427
43.0,6,9,11,429
43.0,6,9,12,431
43.0,6,9,13,433
43.0,6,9,14,435
43.0,6,9,15,437
43.0,6,10,0,410
43.0,6,10,1,412
43.0,6,10,2,414
43.0,6,10,3,416
43.0,6,10,4,418
43.0,6,10,5,420
43.0,6,10,6,422
43.0,6,10,7,424
43.0,6,10,8,426
43.0,6,10,9,428
43.0,6,10,10,430
43.0,6,10,11,432
43.0,6,10,12,434
43.0,6,10,13,435
43.0,6,10,14,437
43.0,6,10,15,439
43.0,6,11,0,412
43.0,6,11,1,414
43.0,6,11,2,416
43.0,6,11,3,418
43.0,6,11,4,420
43.0,6,11,5,422
43.0,6,11,6,424
43.0,6,11,7,426
43.0,6,11,8,428
43.0,6,11,9,430
43.0,6,11,10,432
43.0,6,11,11,434
43.0,6,11,12,436
43.0,6,11,13,438
43.0,6,11,14,440
43.0,6,11,15,442
43.0,6,12,0,414
43.0,6,12,1,416
43.0,6,12,2,418
43.0,6,12,3,421
43.0,6,12,4,423
43.0,6,12,5,424
43.0,6,12,6,426
43.0,6,12,7,428
43.0,6,12,8,430
43.0,6,12,9,432
43.0,6,12,10,434
43.0,6,12,11,436
43.0,6,12,12,438
43.0,6,12,13,440
43.0,6,12,14,442
43.0,6,12,15,444
43.0,6,13,0,417
43.0,6,13,1,419
43.0,6,13,2,421
43.0,6,13,3,423
43.0,6,13,4,425
43.0,6,13,5,427
43.0,6,13,6,429
43.0,6,13,7,431
43.0,6,13,8,433
43.0,6,13,9,435
43.0,6,13,10,437
43.0,6,13,11,439
43.0,6,13,12,440
43.0,6,13,13,442
43.0,6,13,14,444
43.0,6,13,15,446
43.0,6,14,0,419
43.0,6,14,1,421
43.0,6,14,2,423
43.0,6,14,3,425
43.0,6,14,4,427
43.0,6,14,5,429
43.0,6,14,6,431
43.0,6,14,7,433
43.0,6,14,8,435
43.0,6,14,9,437
43.0,6,14,10,439
43.0,6,14,11,441
43.0,6,14,12,443
43.0,6,14,13,445
43.0,6,14,14,447
43.0,6,14,15,449
43.0,6,15,0,421
43.0,6,15,1,423
43.0,6,15,2,425
43.0,6,15,3,427
43.0,6,15,4,429
43.0,6,15,5,431
43.0,6,15,6,433
43.0,6,15,7,435
43.0,6,15,8,437
43.0,6,15,9,439
43.0,6,15,10,441
43.0,6,15,11,443
43.0,6,15,12,445
43.0,6,15,13,447
43.0,6,15,14,449
43.0,6,15,15,451
43.0,7,0,0,393
43.0,7,0,1,395
43.0,7,0,2,397
43.0,7,0,3,399
43.0,7,0,4,401
43.0,7,0,5,403
43.0,7,0,6,405
43.0,7,0,7,407
43.0,7,0,8,408
43.0,7,0,9,410
43.0,7,0,10,412
43.0,7,0,11,414
43.0,7,0,12,416
43.0,7,0,13,418
43.0,7,0,14,419
43.0,7,0,15,421
43.0,7,1,0,396
43.0,7,1,1,398
43.0,7,1,2,400
43.0,7,1,3,401
43.0,7,1,4,403
43.0,7,1,5,405
43.0,7,1,6,407
43.0,7,1,7,409
43.0,7,1,8,411
43.0,7,1,9,413
43.0,7,1,10,415
43.0,7,1,11,417
43.0,7,1,12,418
43.0,7,1,13,420
43.0,7,1,14,422
43.0,7,1,15,424
43.0,7,2,0,398
43.0,7,2,1,400
43.0,7,2,2,402
43.0,7,2,3,404
43.0,7,2,4,406
43.0,7,2,5,408
43.0,7,2,6,410
43.0,7,2,7,411
43.0,7,2,8,413
43.0,7,2,9,415
43.0,7,2,10,417
43.0,7,2,11,419
43.0,7,2,12,421
43.0,7,2,13,423
43.0,7,2,14,425
43.0,7,2,15,426
43.0,7,3,0,400
43.0,7,3,1,402
43.0,7,3,2,404
43.0,7,3,3,406
43.0,7,3,4,408
43.0,7,3,5,410
43.0,7,3,6,412
43.0,7,3,7,414
43.0,7,3,8,416
43.0,7,3,9,418
43.0,7,3,10,420
43.0,7,3,11,421
43.0,7,3,12,423
43.0,7,3,13,425
43.0,7,3,14,427
43.0,7,3,15,429
43.0,7,4,0,403
43.0,7,4,1,405
43.0,7,4,2,407
43.0,7,4,3,409
43.0,7,4,4,411
43.0,7,4,5,412
43.0,7,4,6,414
43.0,7,4,7,416
43.0,7,4,8,418
43.0,7,4,9,420
43.0,7,4,10,422
43.0,7,4,11,424
43.0,7,4,12,426
43.0,7,4,13,428
43.0,7,4,14,429
43.0,7,4,15,431
43.0,7,5,0,405
43.0,7,5,1,407
43.0,7,5,2,409
43.0,7,5,3,411
43.0,7,5,4,413
43.0,7,5,5,415
43.0,7,5,6,417
43.0,7,5,7,419
43.0,7,5,8,421
43.0,7,5,9,423
43.0,7,5,10,424
43.0,7,5,11,426
43.0,7,5,12,428
43.0,7,5,13,430
43.0,7,5,14,432
43.0,7,5,15,434
43.0,7,6,0,407
43.0,7,6,1,409
43.0,7,6,2,411
43.0,7,6,3,413
43.0,7,6,4,415
43.0,7,6,5,417
43.0,7,6,6,419
43.0,7,6,7,421
43.0,7,6,8,423
43.0,7,6,9,425
43.0,7,6,10,427
43.0,7,6,11,429
43.0,7,6,12,431
43.0,7,6,13,433
43.0,7,6,14,434
43.0,7,6,15,436
43.0,7,7,0,410
43.0,7,7,1,412
43.0,7,7,2,414
43.0,7,7,3,416
43.0,7,7,4,418
43.0,7,7,5,420
43.0,7,7,6,421
43.0,7,7,7,423
43.0,7,7,8,425
43.0,7,7,9,427
43.0,7,7,10,429
43.0,7,7,11,431
43.0,7,7,12,433
43.0,7,7,13,435
43.0,7,7,14,437
43.0,7,7,15,439
43.0,7,8,0,412
43.0,7,8,1,414
43.0,7,8,2,416
43.0,7,8,3,418
43.0,7,8,4,420
43.0,7,8,5,422
43.0,7,8,6,424
43.0,7,8,7,426
43.0,7,8,8,428
43.0,7,8,9,430
43.0,7,8,10,432
43.0,7,8,11,434
43.0,7,8,12,435
43.0,7,8,13,437
43.0,7,8,14,439
43.0,7,8,15,441
43.0,7,9,0,414
43.0,7,9,1,416
43.0,7,9,2,418
43.0,7,9,3,420
43.0,7,9,4,422
43.0,7,9,5,424
43.0,7,9,6,426
43.0,7,9,7,428
43.0,7,9,8,430
43.0,7,9,9,432
43.0,7,9,10,434
43.0,7,9,11,436
43.0,7,9,12,438
43.0,7,9,13,440
43.0,7,9,14,442
43.0,7,9,15,444
43.0,7,10,0,416
43.0,7,10,1,418
43.0,7,10,2,420
43.0,7,10,3,422
43.0,7,10,4,424
43.0,7,10,5,426
43.0,7,10,6,428
43.0,7,10,7,430
43.0,7,10,8,432
43.0,7,10,9,434
43.0,7,10,10,436
43.0,7,10,11,438
43.0,7,10,12,440
43.0,7,10,13,442
43.0,7,10,14,444
43.0,7,10,15,446
43.0,7,11,0,419
43.0,7,11,1,421
43.0,7,11,2,423
43.0,7,11,3,425
43.0,7,11,4,427
43.0,7,11,5,429
43.0,7,11,6,431
43.0,7,11,7,433
43.0,7,11,8,435
43.0,7,11,9,437
43.0,7,11,10,439
43.0,7,11,11,441
43.0,7,11,12,443
43.0,7,11,13,445
43.0,7,11,14,446
43.0,7,11,15,448
43.0,7,12,0,421
43.0,7,12,1,423
43.0,7,12,2,425
43.0,7,12,3,427
43.0,7,12,4,429
43.0,7,12,5,431
43.0,7,12,6,433
43.0,7,12,7,435
43.0,7,12,8,437
43.0,7,12,9,439
43.0,7,12,10,441
43.0,7,12,11,443
43.0,7,12,12,445
43.0,7,12,13,447
43.0,7,12,14,449
43.0,7,12,15,451
43.0,7,13,0,423
43.0,7,13,1,425
43.0,7,13,2,427
43.0,7,13,3,429
43.0,7,13,4,431
43.0,7,13,5,433
43.0,7,13,6,435
43.0,7,13,7,437
43.0,7,13,8,439
43.0,7,13,9,441
43.0,7,13,10,443
43.0,7,13,11,445
43.0,7,13,12,447
43.0,7,13,13,449
43.0,7,13,14,451
43.0,7,13,15,453
43.0,7,14,0,425
43.0,7,14,1,427
43.0,7,14,2,429
43.0,7,14,3,431
43.0,7,14,4,434
43.0,7,14,5,436
43.0,7,14,6,438
43.0,7,14,7,440
43.0,7,14,8,442
43.0,7,14,9,444
43.0,7,14,10,446
43.0,7,14,11,448
43.0,7,14,12,450
43.0,7,14,13,452
43.0,7,14,14,454
43.0,7,14,15,455
43.0,7,15,0,427
43.0,7,15,1,430
43.0,7,15,2,432
43.0,7,15,3,434
43.0,7,15,4,436
43.0,7,15,5,438
43.0,7,15,6,440
43.0,7,15,7,442
43.0,7,15,8,444
43.0,7,15,9,446
43.0,7,15,10,448
43.0,7,15,11,450
43.0,7,15,12,452
43.0,7,15,13,454
43.0,7,15,14,456
43.0,7,15,15,458
43.0,8,0,0,399
43.0,8,0,1,401
43.0,8,0,2,403
43.0,8,0,3,405
43.0,8,0,4,407
43.0,8,0,5,409
43.0,8,0,6,411
43.0,8,0,7,413
43.0,8,0,8,415
43.0,8,0,9,417
43.0,8,0,10,418
43.0,8,0,11,420
43.0,8,0,12,422
43.0,8,0,13,424
43.0,8,0,14,426
43.0,8,0,15,428
43.0,8,1,0,402
43.0,8,1,1,404
43.0,8,1,2,406
43.0,8,1,3,408
43.0,8,1,4,409
43.0,8,1,5,411
43.0,8,1,6,413
43.0,8,1,7,415
43.0,8,1,8,417
43.0,8,1,9,419
43.0,8,1,10,421
43.0,8,1,11,423
43.0,8,1,12,425
43.0,8,1,13,427
43.0,8,1,14,428
43.0,8,1,15,430
43.0,8,2,0,404
43.0,8,2,1,406
43.0,8,2,2,408
43.0,8,2,3,410
43.0,8,2,4,412
43.0,8,2,5,414
43.0,8,2,6,416
43.0,8,2,7,418
43.0,8,2,8,420
43.0,8,2,9,422
43.0,8,2,10,423
43.0,8,2,11,425
43.0,8,2,12,427
43.0,8,2,13,429
43.0,8,2,14,431
43.0,8,2,15,433
43.0,8,3,0,406
43.0,8,3,1,408
43.0,8,3,2,410
43.0,8,3,3,412
43.0,8,3,4,414
43.0,8,3,5,416
43.0,8,3,6,418
43.0,8,3,7,420
43.0,8,3,8,422
43.0,8,3,9,424
43.0,8,3,10,426
43.0,8,3,11,428
43.0,8,3,12,430
43.0,8,3,13,432
43.0,8,3,14,433
43.0,8,3,15,435
43.0,8,4,0,409
43.0,8,4,1,411
43.0,8,4,2,413
43.0,8,4,3,415
43.0,8,4,4,417
43.0,8,4,5,419
43.0,8,4,6,421
43.0,8,4,7,423
43.0,8,4,8,425
43.0,8,4,9,426
43.0,8,4,10,428
43.0,8,4,11,430
43.0,8,4,12,432
43.0,8,4,13,434
43.0,8,4,14,436
43.0,8,4,15,438
43.0,8,5,0,411
43.0,8,5,1,413
43.0,8,5,2,415
43.0,8,5,3,417
43.0,8,5,4,419
43.0,8,5,5,421
43.0,8,5,6,423
43.0,8,5,7,425
43.0,8,5,8,427
43.0,8,5,9,429
43.0,8,5,10,431
43.0,8,5,11,433
43.0,8,5,12,435
43.0,8,5,13,437
43.0,8,5,14,438
43.0,8,5,15,440
43.0,8,6,0,413
43.0,8,6,1,416
43.0,8,6,2,418
43.0,8,6,3,420
43.0,8,6,4,422
43.0,8,6,5,424
43.0,8,6,6,425
43.0,8,6,7,427
43.0,8,6,8,429
43.0,8,6,9,431
43.0,8,6,10,433
43.0,8,6,11,435
43.0,8,6,12,437
43.0,8,6,13,439
43.0,8,6,14,441
43.0,8,6,15,443
43.0,8,7,0,416
43.0,8,7,1,418
43.0,8,7,2,420
43.0,8,7,3,422
43.0,8,7,4,424
43.0,8,7,5,426
43.0,8,7,6,428
43.0,8,7,7,430
43.0,8,7,8,432
43.0,8,7,9,434
43.0,8,7,10,436
43.0,8,7,11,438
43.0,8,7,12,440
43.0,8,7,13,442
43.0,8,7,14,443
43.0,8,7,15,445
43.0,8,8,0,418
43.0,8,8,1,420
43.0,8,8,2,422
43.0,8,8,3,424
43.0,8,8,4,426
43.0,8,8,5,428
43.0,8,8,6,430
43.0,8,8,7,432
43.0,8,8,8,434
43.0,8,8,9,436
43.0,8,8,10,438
43.0,8,8,11,440
43.0,8,8,12,442
43.0,8,8,13,444
43.0,8,8,14,446
43.0,8,8,15,448
43.0,8,9,0,420
43.0,8,9,1,422
43.0,8,9,2,425
43.0,8,9,3,427
43.0,8,9,4,429
43.0,8,9,5,431
43.0,8,9,6,433
43.0,8,9,7,435
43.0,8,9,8,437
43.0,8,9,9,439
43.0,8,9,10,441
43.0,8,9,11,443
43.0,8,9,12,444
43.0,8,9,13,446
43.0,8,9,14,448
43.0,8,9,15,450
43.0,8,10,0,423
43.0,8,10,1,425
43.0,8,10,2,427
43.0,8,10,3,429
43.0,8,10,4,431
43.0,8,10,5,433
43.0,8,10,6,435
43.0,8,10,7,437
43.0,8,10,8,439
43.0,8,10,9,441
43.0,8,10,10,443
43.0,8,10,11,445
43.0,8,10,12,447
43.0,8,10,13,449
43.0,8,10,14,451
43.0,8,10,15,453
43.0,8,11,0,425
43.0,8,11,1,427
43.0,8,11,2,429
43.0,8,11,3,431
43.0,8,11,4,433
43.0,8,11,5,435
43.0,8,11,6,437
43.0,8,11,7,439
43.0,8,11,8,441
43.0,8,11,9,443
43.0,8,11,10,445
43.0,8,11,11,447
43.0,8,11,12,449
43.0,8,11,13,451
43.0,8,11,14,453
43.0,8,11,15,455
43.0,8,12,0,427
43.0,8,12,1,429
43.0,8,12,2,431
43.0,8,12,3,433
43.0,8,12,4,436
43.0,8,12,5,438
43.0,8,12,6,440
43.0,8,12,7,442
43.0,8,12,8,444
43.0,8,12,9,446
43.0,8,12,10,448
43.0,8,12,11,450
43.0,8,12,12,452
43.0,8,12,13,454
43.0,8,12,14,456
43.0,8,12,15,458
43.0,8,13,0,429
43.0,8,13,1,432
43.0,8,13,2,434
43.0,8,13,3,436
43.0,8,13,4,438
43.0,8,13,5,440
43.0,8,13,6,442
43.0,8,13,7,444
43.0,8,13,8,446
43.0,8,13,9,448
43.0,8,13,10,450
43.0,8,13,11,452
43.0,8,13,12,454
43.0,8,13,13,456
43.0,8,13,14,458
43.0,8,13,15,460
43.0,8,14,0,432
43.0,8,14,1,434
43.0,8,14,2,436
43.0,8,14,3,438
43.0,8,14,4,440
43.0,8,14,5,442
43.0,8,14,6,444
43.0,8,14,7,446
43.0,8,14,8,448
43.0,8,14,9,450
43.0,8,14,10,452
43.0,8,14,11,454
43.0,8,14,12,456
43.0,8,14,13,458
43.0,8,14,14,460
43.0,8,14,15,462
43.0,8,15,0,434
43.0,8,15,1,436
43.0,8,15,2,438
43.0,8,15,3,440
43.0,8,15,4,442
43.0,8,15,5,444
43.0,8,15,6,447
43.0,8,15,7,449
43.0,8,15,8,451
43.0,8,15,9,453
43.0,8,15,10,455
43.0,8,15,11,457
43.0,8,15,12,459
43.0,8,15,13,461
43.0,8,15,14,463
43.0,8,15,15,465
43.0,9,0,0,405
43.0,9,0,1,407
43.0,9,0,2,409
43.0,9,0,3,411
43.0,9,0,4,413
43.0,9,0,5,415
43.0,9,0,6,417
43.0,9,0,7,419
43.0,9,0,8,421
43.0,9,0,9,423
43.0,9,0,10,425
43.0,9,0,11,427
43.0,9,0,12,428
43.0,9,0,13,430
43.0,9,0,14,432
43.0,9,0,15,434
43.0,9,1,0,408
43.0,9,1,1,410
43.0,9,1,2,412
43.0,9,1,3,414
43.0,9,1,4,416
43.0,9,1,5,418
43.0,9,1,6,420
43.0,9,1,7,421
43.0,9,1,8,423
43.0,9,1,9,425
43.0,9,1,10,427
43.0,9,1,11,429
43.0,9,1,12,431
43.0,9,1,13,433
43.0,9,1,14,435
43.0,9,1,15,437
43.0,9,2,0,410
43.0,9,2,1,412
43.0,9,2,2,414
43.0,9,2,3,416
43.0,9,2,4,418
43.0,9,2,5,420
43.0,9,2,6,422
43.0,9,2,7,424
43.0,9,2,8,426
43.0,9,2,9,428
43.0,9,2,10,430
43.0,9,2,11,432
43.0,9,2,12,434
43.0,9,2,13,435
43.0,9,2,14,437
43.0,9,2,15,439
43.0,9,3,0,413
43.0,9,3,1,415
43.0,9,3,2,417
43.0,9,3,3,419
43.0,9,3,4,421
43.0,9,3,5,423
43.0,9,3,6,424
43.0,9,3,7,426
43.0,9,3,8,428
43.0,9,3,9,430
43.0,9,3,10,432
43.0,9,3,11,434
43.0,9,3,12,436
43.0,9,3,13,438
43.0,9,3,14,440
43.0,9,3,15,442
43.0,9,4,0,415
43.0,9,4,1,417
43.0,9,4,2,419
43.0,9,4,3,421
43.0,9,4,4,423
43.0,9,4,5,425
43.0,9,4,6,427
43.0,9,4,7,429
43.0,9,4,8,431
43.0,9,4,9,433
43.0,9,4,10,435
43.0,9,4,11,437
43.0,9,4,12,439
43.0,9,4,13,441
43.0,9,4,14,443
43.0,9,4,15,444
43.0,9,5,0,417
43.0,9,5,1,419
43.0,9,5,2,421
43.0,9,5,3,423
43.0,9,5,4,425
43.0,9,5,5,427
43.0,9,5,6,429
43.0,9,5,7,431
43.0,9,5,8,433
43.0,9,5,9,435
43.0,9,5,10,437
43.0,9,5,11,439
43.0,9,5,12,441
43.0,9,5,13,443
43.0,9,5,14,445
43.0,9,5,15,447
43.0,9,6,0,420
43.0,9,6,1,422
43.0,9,6,2,424
43.0,9,6,3,426
43.0,9,6,4,428
43.0,9,6,5,430
43.0,9,6,6,432
43.0,9,6,7,434
43.0,9,6,8,436
43.0,9,6,9,438
43.0,9,6,10,440
43.0,9,6,11,442
43.0,9,6,12,444
43.0,9,6,13,446
43.0,9,6,14,448
43.0,9,6,15,449
43.0,9,7,0,422
43.0,9,7,1,424
43.0,9,7,2,426
43.0,9,7,3,428
43.0,9,7,4,430
43.0,9,7,5,432
43.0,9,7,6,434
43.0,9,7,7,436
43.0,9,7,8,438
43.0,9,7,9,440
43.0,9,7,10,442
43.0,9,7,11,444
43.0,9,7,12,446
43.0,9,7,13,448
43.0,9,7,14,450
43.0,9,7,15,452
43.0,9,8,0,424
43.0,9,8,1,426
43.0,9,8,2,429
43.0,9,8,3,431
43.0,9,8,4,433
43.0,9,8,5,435
43.0,9,8,6,437
43.0,9,8,7,439
43.0,9,8,8,441
43.0,9,8,9,443
43.0,9,8,10,445
43.0,9,8,11,447
43.0,9,8,12,449
43.0,9,8,13,451
43.0,9,8,14,453
43.0,9,8,15,455
43.0,9,9,0,427
43.0,9,9,1,429
43.0,9,9,2,431
43.0,9,9,3,433
43.0,9,9,4,435
43.0,9,9,5,437
43.0,9,9,6,439
43.0,9,9,7,441
43.0,9,9,8,443
43.0,9,9,9,445
43.0,9,9,10,447
43.0,9,9,11,449
43.0,9,9,12,451
43.0,9,9,13,453
43.0,9,9,14,455
43.0,9,9,15,457
43.0,9,10,0,429
43.0,9,10,1,431
43.0,9,10,2,433
43.0,9,10,3,435
43.0,9,10,4,437
43.0,9,10,5,439
43.0,9,10,6,441
43.0,9,10,7,443
43.0,9,10,8,446
43.0,9,10,9,448
43.0,9,10,10,450
43.0,9,10,11,452
43.0,9,10,12,454
43.0,9,10,13,456
43.0,9,10,14,458
43.0,9,10,15,460
43.0,9,11,0,431
43.0,9,11,1,433
43.0,9,11,2,436
43.0,9,11,3,438
43.0,9,11,4,440
43.0,9,11,5,442
43.0,9,11,6,444
43.0,9,11,7,446
43.0,9,11,8,448
43.0,9,11,9,450
43.0,9,11,10,452
43.0,9,11,11,454
43.0,9,11,12,456
43.0,9,11,13,458
43.0,9,11,14,460
43.0,9,11,15,462
43.0,9,12,0,434
43.0,9,12,1,436
43.0,9,12,2,438
43.0,9,12,3,440
43.0,9,12,4,442
43.0,9,12,5,444
43.0,9,12,6,446
43.0,9,12,7,448
43.0,9,12,8,450
43.0,9,12,9,452
43.0,9,12,10,454
43.0,9,12,11,456
43.0,9,12,12,458
43.0,9,12,13,460
43.0,9,12,14,462
43.0,9,12,15,464
43.0,9,13,0,436
43.0,9,13,1,438
43.0,9,13,2,440
43.0,9,13,3,442
43.0,9,13,4,444
43.0,9,13,5,446
43.0,9,13,6,449
43.0,9,13,7,451
43.0,9,13,8,453
43.0,9,13,9,455
43.0,9,13,10,457
43.0,9,13,11,459
43.0,9,13,12,461
43.0,9,13,13,463
43.0,9,13,14,465
43.0,9,13,15,467
43.0,9,14,0,438
43.0,9,14,1,440
43.0,9,14,2,442
43.0,9,14,3,445
43.0,9,14,4,447
43.0,9,14,5,449
43.0,9,14,6,451
43.0,9,14,7,453
43.0,9,14,8,455
43.0,9,14,9,457
43.0,9,14,10,459
43.0,9,14,11,461
43.0,9,14,12,463
43.0,9,14,13,465
43.0,9,14,14,467
43.0,9,14,15,469
43.0,9,15,0,440
43.0,9,15,1,443
43.0,9,15,2,445
43.0,9,15,3,447
43.0,9,15,4,449
43.0,9,15,5,451
43.0,9,15,6,453
43.0,9,15,7,455
43.0,9,15,8,457
43.0,9,15,9,459
43.0,9,15,10,462
43.0,9,15,11,464
43.0,9,15,12,466
43.0,9,15,13,468
43.0,9,15,14,470
43.0,9,15,15,472
43.0,10,0,0,411
43.0,10,0,1,413
43.0,10,0,2,415
43.0,10,0,3,417
43.0,10,0,4,419
43.0,10,0,5,421
43.0,10,0,6,423
43.0,10,0,7,425
43.0,10,0,8,427
43.0,10,0,9,429
43.0,10,0,10,431
43.0,10,0,11,433
43.0,10,0,12,435
43.0,10,0,13,437
43.0,10,0,14,439
43.0,10,0,15,440
43.0,10,1,0,414
43.0,10,1,1,416
43.0,10,1,2,418
43.0,10,1,3,420
43.0,10,1,4,422
43.0,10,1,5,424
43.0,10,1,6,426
43.0,10,1,7,428
43.0,10,1,8,430
43.0,10,1,9,432
43.0,10,1,10,434
43.0,10,1,11,435
43.0,10,1,12,437
43.0,10,1,13,439
43.0,10,1,14,441
43.0,10,1,15,443
43.0,10,2,0,416
43.0,10,2,1,418
43.0,10,2,2,420
43.0,10,2,3,422
43.0,10,2,4,424
43.0,10,2,5,426
43.0,10,2,6,428
43.0,10,2,7,430
43.0,10,2,8,432
43.0,10,2,9,434
43.0,10,2,10,436
43.0,10,2,11,438
43.0,10,2,12,440
43.0,10,2,13,442
43.0,10,2,14,444
43.0,10,2,15,446
43.0,10,3,0,419
43.0,10,3,1,421
43.0,10,3,2,423
43.0,10,3,3,425
43.0,10,3,4,427
43.0,10,3,5,429
43.0,10,3,6,431
43.0,10,3,7,433
43.0,10,3,8,435
43.0,10,3,9,437
43.0,10,3,10,439
43.0,10,3,11,441
43.0,10,3,12,443
43.0,10,3,13,445
43.0,10,3,14,446
43.0,10,3,15,448
43.0,10,4,0,421
43.0,10,4,1,423
43.0,10,4,2,425
43.0,10,4,3,427
43.0,10,4,4,429
43.0,10,4,5,431
43.0,10,4,6,433
43.0,10,4,7,435
43.0,10,4,8,437
43.0,10,4,9,439
43.0,10,4,10,441
43.0,10,4,11,443
43.0,10,4,12,445
43.0,10,4,13,447
43.0,10,4,14,449
43.0,10,4,15,451
43.0,10,5,0,423
43.0,10,5,1,426
43.0,10,5,2,428
43.0,10,5,3,430
43.0,10,5,4,432
43.0,10,5,5,434
43.0,10,5,6,436
43.0,10,5,7,438
43.0,10,5,8,440
43.0,10,5,9,442
43.0,10,5,10,444
43.0,10,5,11,446
43.0,10,5,12,448
43.0,10,5,13,450
43.0,10,5,14,452
43.0,10,5,15,454
43.0,10,6,0,426
43.0,10,6,1,428
43.0,10,6,2,430
43.0,10,6,3,432
43.0,10,6,4,434
43.0,10,6,5,436
43.0,10,6,6,438
43.0,10,6,7,440
43.0,10,6,8,442
43.0,10,6,9,444
43.0,10,6,10,446
43.0,10,6,11,448
43.0,10,6,12,450
43.0,10,6,13,452
43.0,10,6,14,454
43.0,10,6,15,456
43.0,10,7,0,428
43.0,10,7,1,430
43.0,10,7,2,432
43.0,10,7,3,434
43.0,10,7,4,437
43.0,10,7,5,439
43.0,10,7,6,441
43.0,10,7,7,443
43.0,10,7,8,445
43.0,10,7,9,447
43.0,10,7,10,449
43.0,10,7,11,451
43.0,10,7,12,453
43.0,10,7,13,455
43.0,10,7,14,457
43.0,10,7,15,459
43.0,10,8,0,431
43.0,10,8,1,433
43.0,10,8,2,435
43.0,10,8,3,437
43.0,10,8,4,439
43.0,10,8,5,441
43.0,10,8,6,443
43.0,10,8,7,445
43.0,10,8,8,447
43.0,10,8,9,449
43.0,10,8,10,451
43.0,10,8,11,453
43.0,10,8,12,455
43.0,10,8,13,457
43.0,10,8,14,459
43.0,10,8,15,461
43.0,10,9,0,433
43.0,10,9,1,435
43.0,10,9,2,437
43.0,10,9,3,439
43.0,10,9,4,441
43.0,10,9,5,443
43.0,10,9,6,446
43.0,10,9,7,448
43.0,10,9,8,450
43.0,10,9,9,452
43.0,10,9,10,454
43.0,10,9,11,456
43.0,10,9,12,458
43.0,10,9,13,460
43.0,10,9,14,462
43.0,10,9,15,464
43.0,10,10,0,435
43.0,10,10,1,437
43.0,10,10,2,440
43.0,10,10,3,442
43.0,10,10,4,444
43.0,10,10,5,446
43.0,10,10,6,448
43.0,10,10,7,450
43.0,10,10,8,452
43.0,10,10,9,454
43.0,10,10,10,456
43.0,10,10,11,458
43.0,10,10,12,460
43.0,10,10,13,462
43.0,10,10,14,464
43.0,10,10,15,466
43.0,10,11,0,438
43.0,10,11,1,440
43.0,10,11,2,442
43.0,10,11,3,444
43.0,10,11,4,446
43.0,10,11,5,448
43.0,10,11,6,450
43.0,10,11,7,452
43.0,10,11,8,455
43.0,10,11,9,457
43.0,10,11,10,459
43.0,10,11,11,461
43.0,10,11,12,463
43.0,10,11,13,465
43.0,10,11,14,467
43.0,10,11,15,469
43.0,10,12,0,440
43.0,10,12,1,442
43.0,10,12,2,444
43.0,10,12,3,446
43.0,10,12,4,449
43.0,10,12,5,451
43.0,10,12,6,453
43.0,10,12,7,455
43.0,10,12,8,457
43.0,10,12,9,459
43.0,10,12,10,461
43.0,10,12,11,463
43.0,10,12,12,465
43.0,10,12,13,467
43.0,10,12,14,469
43.0,10,12,15,471
43.0,10,13,0,442
43.0,10,13,1,444
43.0,10,13,2,447
43.0,10,13,3,449
43.0,10,13,4,451
43.0,10,13,5,453
43.0,10,13,6,455
43.0,10,13,7,457
43.0,10,13,8,459
43.0,10,13,9,461
43.0,10,13,10,463
43.0,10,13,11,466
43.0,10,13,12,468
43.0,10,13,13,470
43.0,10,13,14,472
43.0,10,13,15,474
43.0,10,14,0,445
43.0,10,14,1,447
43.0,10,14,2,449
43.0,10,14,3,451
43.0,10,14,4,453
43.0,10,14,5,455
43.0,10,14,6,457
43.0,10,14,7,460
43.0,10,14,8,462
43.0,10,14,9,464
43.0,10,14,10,466
43.0,10,14,11,468
43.0,10,14,12,470
43.0,10,14,13,472
43.0,10,14,14,474
43.0,10,14,15,476
43.0,10,15,0,447
43.0,10,15,1,449
43.0,10,15,2,451
43.0,10,15,3,453
43.0,10,15,4,456
43.0,10,15,5,458
43.0,10,15,6,460
43.0,10,15,7,462
43.0,10,15,8,464
43.0,10,15,9,466
43.0,10,15,10,468
43.0,10,15,11,470
43.0,10,15,12,472
43.0,10,15,13,475
43.0,10,15,14,477
43.0,10,15,15,479
43.0,11,0,0,417
43.0,11,0,1,419
43.0,11,0,2,421
43.0,11,0,3,423
43.0,11,0,4,425
43.0,11,0,5,427
43.0,11,0,6,429
43.0,11,0,7,431
43.0,11,0,8,433
43.0,11,0,9,435
43.0,11,0,10,437
43.0,11,0,11,439
43.0,11,0,12,441
43.0,11,0,13,443
43.0,11,0,14,445
43.0,11,0,15,447
43.0,11,1,0,420
43.0,11,1,1,422
43.0,11,1,2,424
43.0,11,1,3,426
43.0,11,1,4,428
43.0,11,1,5,430
43.0,11,1,6,432
43.0,11,1,7,434
43.0,11,1,8,436
43.0,11,1,9,438
43.0,11,1,10,440
43.0,11,1,11,442
43.0,11,1,12,444
43.0,11,1,13,446
43.0,11,1,14,448
43.0,11,1,15,450
43.0,11,2,0,422
43.0,11,2,1,424
43.0,11,2,2,426
43.0,11,2,3,428
43.0,11,2,4,430
43.0,11,2,5,432
43.0,11,2,6,434
43.0,11,2,7,436
43.0,11,2,8,438
43.0,11,2,9,440
43.0,11,2,10,442
43.0,11,2,11,444
43.0,11,2,12,446
43.0,11,2,13,448
43.0,11,2,14,450
43.0,11,2,15,452
43.0,11,3,0,425
43.0,11,3,1,427
43.0,11,3,2,429
43.0,11,3,3,431
43.0,11,3,4,433
43.0,11,3,5,435
43.0,11,3,6,437
43.0,11,3,7,439
43.0,11,3,8,441
43.0,11,3,9,443
43.0,11,3,10,445
43.0,11,3,11,447
43.0,11,3,12,449
43.0,11,3,13,451
43.0,11,3,14,453
43.0,11,3,15,455
43.0,11,4,0,427
43.0,11,4,1,429
43.0,11,4,2,431
43.0,11,4,3,433
43.0,11,4,4,435
43.0,11,4,5,437
43.0,11,4,6,440
43.0,11,4,7,442
43.0,11,4,8,444
43.0,11,4,9,446
43.0,11,4,10,448
43.0,11,4,11,450
43.0,11,4,12,452
43.0,11,4,13,454
43.0,11,4,14,456
43.0,11,4,15,458
43.0,11,5,0,430
43.0,11,5,1,432
43.0,11,5,2,434
43.0,11,5,3,436
43.0,11,5,4,438
43.0,11,5,5,440
43.0,11,5,6,442
43.0,11,5,7,444
43.0,11,5,8,446
43.0,11,5,9,448
43.0,11,5,10,450
43.0,11,5,11,452
43.0,11,5,12,454
43.0,11,5,13,456
43.0,11,5,14,458
43.0,11,5,15,460
43.0,11,6,0,432
43.0,11,6,1,434
43.0,11,6,2,436
43.0,11,6,3,438
43.0,11,6,4,440
43.0,11,6,5,442
43.0,11,6,6,445
43.0,11,6,7,447
43.0,11,6,8,449
43.0,11,6,9,451
43.0,11,6,10,453
43.0,11,6,11,455
43.0,11,6,12,457
43.0,11,6,13,459
43.0,11,6,14,461
43.0,11,6,15,463
43.0,11,7,0,434
43.0,11,7,1,437
43.0,11,7,2,439
43.0,11,7,3,441
43.0,11,7,4,443
43.0,11,7,5,445
43.0,11,7,6,447
43.0,11,7,7,449
43.0,11,7,8,451
43.0,11,7,9,453
43.0,11,7,10,455
43.0,11,7,11,457
43.0,11,7,12,459
43.0,11,7,13,461
43.0,11,7,14,463
43.0,11,7,15,465
43.0,11,8,0,437
43.0,11,8,1,439
43.0,11,8,2,441
43.0,11,8,3,443
43.0,11,8,4,445
43.0,11,8,5,447
43.0,11,8,6,450
43.0,11,8,7,452
43.0,11,8,8,454
43.0,11,8,9,456
43.0,11,8,10,458
43.0,11,8,11,460
43.0,11,8,12,462
43.0,11,8,13,464
43.0,11,8,14,466
43.0,11,8,15,468
43.0,11,9,0,439
43.0,11,9,1,441
43.0,11,9,2,444
43.0,11,9,3,446
43.0,11,9,4,448
43.0,11,9,5,450
43.0,11,9,6,452
43.0,11,9,7,454
43.0,11,9,8,456
43.0,11,9,9,458
43.0,11,9,10,460
43.0,11,9,11,462
43.0,11,9,12,464
43.0,11,9,13,466
43.0,11,9,14,468
43.0,11,9,15,470
43.0,11,10,0,442
43.0,11,10,1,444
43.0,11,10,2,446
43.0,11,10,3,448
43.0,11,10,4,450
43.0,11,10,5,452
43.0,11,10,6,454
43.0,11,10,7,457
43.0,11,10,8,459
43.0,11,10,9,461
43.0,11,10,10,463
43.0,11,10,11,465
43.0,11,10,12,467
43.0,11,10,13,469
43.0,11,10,14,471
43.0,11,10,15,473
43.0,11,11,0,444
43.0,11,11,1,446
43.0,11,11,2,448
43.0,11,11,3,450
43.0,11,11,4,453
43.0,11,11,5,455
43.0,11,11,6,457
43.0,11,11,7,459
43.0,11,11,8,461
43.0,11,11,9,463
43.0,11,11,10,465
43.0,11,11,11,467
43.0,11,11,12,469
43.0,11,11,13,471
43.0,11,11,14,474
43.0,11,11,15,476
43.0,11,12,0,446
43.0,11,12,1,449
43.0,11,12,2,451
43.0,11,12,3,453
43.0,11,12,4,455
43.0,11,12,5,457
43.0,11,12,6,459
43.0,11,12,7,461
43.0,11,12,8,464
43.0,11,12,9,466
43.0,11,12,10,468
43.0,11,12,11,470
43.0,11,12,12,472
43.0,11,12,13,474
43.0,11,12,14,476
43.0,11,12,15,478
43.0,11,13,0,449
43.0,11,13,1,451
43.0,11,13,2,453
43.0,11,13,3,455
43.0,11,13,4,457
43.0,11,13,5,460
43.0,11,13,6,462
43.0,11,13,7,464
43.0,11,13,8,466
43.0,11,13,9,468
43.0,11,13,10,470
43.0,11,13,11,472
43.0,11,13,12,474
43.0,11,13,13,476
43.0,11,13,14,479
43.0,11,13,15,481
43.0,11,14,0,451
43.0,11,14,1,453
43.0,11,14,2,455
43.0,11,14,3,458
43.0,11,14,4,460
43.0,11,14,5,462
43.0,11,14,6,464
43.0,11,14,7,466
43.0,11,14,8,468
43.0,11,14,9,471
43.0,11,14,10,473
43.0,11,14,11,475
43.0,11,14,12,477
43.0,11,14,13,479
43.0,11,14,14,481
43.0,11,14,15,483
43.0,11,15,0,453
43.0,11,15,1,456
43.0,11,15,2,458
43.0,11,15,3,460
43.0,11,15,4,462
43.0,11,15,5,464
43.0,11,15,6,467
43.0,11,15,7,469
43.0,11,15,8,471
43.0,11,15,9,473
43.0,11,15,10,475
43.0,11,15,11,477
43.0,11,15,12,479
43.0,11,15,13,481
43.0,11,15,14,484
43.0,11,15,15,486
43.0,12,0,0,423
43.0,12,0,1,425
43.0,12,0,2,427
43.0,12,0,3,429
43.0,12,0,4,431
43.0,12,0,5,433
43.0,12,0,6,435
43.0,12,0,7,437
43.0,12,0,8,439
43.0,12,0,9,441
43.0,12,0,10,443
43.0,12,0,11,445
43.0,12,0,12,447
43.0,12,0,13,449
43.0,12,0,14,451
43.0,12,0,15,453
43.0,12,1,0,426
43.0,12,1,1,428
43.0,12,1,2,430
43.0,12,1,3,432
43.0,12,1,4,434
43.0,12,1,5,436
43.0,12,1,6,438
43.0,12,1,7,440
43.0,12,1,8,442
43.0,12,1,9,444
43.0,12,1,10,446
43.0,12,1,11,448
43.0,12,1,12,450
43.0,12,1,13,452
43.0,12,1,14,454
43.0,12,1,15,456
43.0,12,2,0,428
43.0,12,2,1,430
43.0,12,2,2,432
43.0,12,2,3,434
43.0,12,2,4,437
43.0,12,2,5,439
43.0,12,2,6,441
43.0,12,2,7,443
43.0,12,2,8,445
43.0,12,2,9,447
43.0,12,2,10,449
43.0,12,2,11,451
43.0,12,2,12,453
43.0,12,2,13,455
43.0,12,2,14,457
43.0,12,2,15,459
43.0,12,3,0,431
43.0,12,3,1,433
43.0,12,3,2,435
43.0,12,3,3,437
43.0,12,3,4,439
43.0,12,3,5,441
43.0,12,3,6,443
43.0,12,3,7,445
43.0,12,3,8,447
43.0,12,3,9,449
43.0,12,3,10,451
43.0,12,3,11,453
43.0,12,3,12,455
43.0,12,3,13,457
43.0,12,3,14,459
43.0,12,3,15,461
43.0,12,4,0,433
43.0,12,4,1,435
43.0,12,4,2,437
43.0,12,4,3,440
43.0,12,4,4,442
43.0,12,4,5,444
43.0,12,4,6,446
43.0,12,4,7,448
43.0,12,4,8,450
43.0,12,4,9,452
43.0,12,4,10,454
43.0,12,4,11,456
43.0,12,4,12,458
43.0,12,4,13,460
43.0,12,4,14,462
43.0,12,4,15,464
43.0,12,5,0,436
43.0,12,5,1,438
43.0,12,5,2,440
43.0,12,5,3,442
43.0,12,5,4,444
43.0,12,5,5,446
43.0,12,5,6,448
43.0,12,5,7,450
43.0,12,5,8,453
43.0,12,5,9,455
43.0,12,5,10,457
43.0,12,5,11,459
43.0,12,5,12,461
43.0,12,5,13,463
43.0,12,5,14,465
43.0,12,5,15,467
43.0,12,6,0,438
43.0,12,6,1,440
43.0,12,6,2,442
43.0,12,6,3,445
43.0,12,6,4,447
43.0,12,6,5,449
43.0,12,6,6,451
43.0,12,6,7,453
43.0,12,6,8,455
43.0,12,6,9,457
43.0,12,6,10,459
43.0,12,6,11,461
43.0,12,6,12,463
43.0,12,6,13,465
43.0,12,6,14,467
43.0,12,6,15,469
43.0,12,7,0,441
43.0,12,7,1,443
43.0,12,7,2,445
43.0,12,7,3,447
43.0,12,7,4,449
43.0,12,7,5,451
43.0,12,7,6,453
43.0,12,7,7,456
43.0,12,7,8,458
43.0,12,7,9,460
43.0,12,7,10,462
43.0,12,7,11,464
43.0,12,7,12,466
43.0,12,7,13,468
43.0,12,7,14,470
43.0,12,7,15,472
43.0,12,8,0,443
43.0,12,8,1,445
43.0,12,8,2,447
43.0,12,8,3,450
43.0,12,8,4,452
43.0,12,8,5,454
43.0,12,8,6,456
43.0,12,8,7,458
43.0,12,8,8,460
43.0,12,8,9,462
43.0,12,8,10,464
43.0,12,8,11,466
43.0,12,8,12,468
43.0,12,8,13,471
43.0,12,8,14,473
43.0,12,8,15,475
43.0,12,9,0,446
43.0,12,9,1,448
43.0,12,9,2,450
43.0,12,9,3,452
43.0,12,9,4,454
43.0,12,9,5,456
43.0,12,9,6,458
43.0,12,9,7,461
43.0,12,9,8,463
43.0,12,9,9,465
43.0,12,9,10,467
43.0,12,9,11,469
43.0,12,9,12,471
43.0,12,9,13,473
43.0,12,9,14,475
43.0,12,9,15,477
43.0,12,10,0,448
43.0,12,10,1,450
43.0,12,10,2,452
43.0,12,10,3,454
43.0,12,10,4,457
43.0,12,10,5,459
43.0,12,10,6,461
43.0,12,10,7,463
43.0,12,10,8,465
43.0,12,10,9,467
43.0,12,10,10,469
43.0,12,10,11,472
43.0,12,10,12,474
43.0,12,10,13,476
43.0,12,10,14,478
43.0,12,10,15,480
43.0,12,11,0,450
43.0,12,11,1,453
43.0,12,11,2,455
43.0,12,11,3,457
43.0,12,11,4,459
43.0,12,11,5,461
43.0,12,11,6,463
43.0,12,11,7,466
43.0,12,11,8,468
43.0,12,11,9,470
43.0,12,11,10,472
43.0,12,11,11,474
43.0,12,11,12,476
43.0,12,11,13,478
43.0,12,11,14,480
43.0,12,11,15,482
43.0,12,12,0,453
43.0,12,12,1,455
43.0,12,12,2,457
43.0,12,12,3,459
43.0,12,12,4,462
43.0,12,12,5,464
43.0,12,12,6,466
43.0,12,12,7,468
43.0,12,12,8,470
43.0,12,12,9,472
43.0,12,12,10,474
43.0,12,12,11,477
43.0,12,12,12,479
43.0,12,12,13,481
43.0,12,12,14,483
43.0,12,12,15,485
43.0,12,13,0,455
43.0,12,13,1,457
43.0,12,13,2,460
43.0,12,13,3,462
43.0,12,13,4,464
43.0,12,13,5,466
43.0,12,13,6,468
43.0,12,13,7,471
43.0,12,13,8,473
43.0,12,13,9,475
43.0,12,13,10,477
43.0,12,13,11,479
43.0,12,13,12,481
43.0,12,13,13,483
43.0,12,13,14,485
43.0,12,13,15,487
43.0,12,14,0,457
43.0,12,14,1,460
43.0,12,14,2,462
43.0,12,14,3,464
43.0,12,14,4,466
43.0,12,14,5,469
43.0,12,14,6,471
43.0,12,14,7,473
43.0,12,14,8,475
43.0,12,14,9,477
43.0,12,14,10,479
43.0,12,14,11,482
43.0,12,14,12,484
43.0,12,14,13,486
43.0,12,14,14,488
43.0,12,14,15,490
43.0,12,15,0,460
43.0,12,15,1,462
43.0,12,15,2,464
43.0,12,15,3,467
43.0,12,15,4,469
43.0,12,15,5,471
43.0,12,15,6,473
43.0,12,15,7,475
43.0,12,15,8,478
43.0,12,15,9,480
43.0,12,15,10,482
43.0,12,15,11,484
43.0,12,15,12,486
43.0,12,15,13,488
43.0,12,15,14,490
43.0,12,15,15,493
43.0,13,0,0,429
43.0,13,0,1,431
43.0,13,0,2,433
43.0,13,0,3,435
43.0,13,0,4,437
43.0,13,0,5,440
43.0,13,0,6,442
43.0,13,0,7,444
43.0,13,0,8,446
43.0,13,0,9,448
43.0,13,0,10,450
43.0,13,0,11,452
43.0,13,0,12,454
43.0,13,0,13,456
43.0,13,0,14,458
43.0,13,0,15,460
43.0,13,1,0,432
43.0,13,1,1,434
43.0,13,1,2,436
43.0,13,1,3,438
43.0,13,1,4,440
43.0,13,1,5,442
43.0,13,1,6,444
43.0,13,1,7,446
43.0,13,1,8,448
43.0,13,1,9,450
43.0,13,1,10,452
43.0,13,1,11,454
43.0,13,1,12,456
43.0,13,1,13,458
43.0,13,1,14,460
43.0,13,1,15,462
43.0,13,2,0,434
43.0,13,2,1,436
43.0,13,2,2,439
43.0,13,2,3,441
43.0,13,2,4,443
43.0,13,2,5,445
43.0,13,2,6,447
43.0,13,2,7,449
43.0,13,2,8,451
43.0,13,2,9,453
43.0,13,2,10,455
43.0,13,2,11,457
43.0,13,2,12,459
43.0,13,2,13,461
43.0,13,2,14,463
43.0,13,2,15,465
43.0,13,3,0,437
43.0,13,3,1,439
43.0,13,3,2,441
43.0,13,3,3,443
43.0,13,3,4,445
43.0,13,3,5,447
43.0,13,3,6,449
43.0,13,3,7,452
43.0,13,3,8,454
43.0,13,3,9,456
43.0,13,3,10,458
43.0,13,3,11,460
43.0,13,3,12,462
43.0,13,3,13,464
43.0,13,3,14,466
43.0,13,3,15,468
43.0,13,4,0,439
43.0,13,4,1,442
43.0,13,4,2,444
43.0,13,4,3,446
43.0,13,4,4,448
43.0,13,4,5,450
43.0,13,4,6,452
43.0,13,4,7,454
43.0,13,4,8,456
43.0,13,4,9,458
43.0,13,4,10,460
43.0,13,4,11,462
43.0,13,4,12,465
43.0,13,4,13,467
43.0,13,4,14,469
43.0,13,4,15,471
43.0,13,5,0,442
43.0,13,5,1,444
43.0,13,5,2,446
43.0,13,5,3,448
43.0,13,5,4,450
43.0,13,5,5,453
43.0,13,5,6,455
43.0,13,5,7,457
43.0,13,5,8,459
43.0,13,5,9,461
43.0,13,5,10,463
43.0,13,5,11,465
43.0,13,5,12,467
43.0,13,5,13,469
43.0,13,5,14,471
43.0,13,5,15,473
43.0,13,6,0,444
43.0,13,6,1,447
43.0,13,6,2,449
43.0,13,6,3,451
43.0,13,6,4,453
43.0,13,6,5,455
43.0,13,6,6,457
43.0,13,6,7,459
43.0,13,6,8,461
43.0,13,6,9,464
43.0,13,6,10,466
43.0,13,6,11,468
43.0,13,6,12,470
43.0,13,6,13,472
43.0,13,6,14,474
43.0,13,6,15,476
43.0,13,7,0,447
43.0,13,7,1,449
43.0,13,7,2,451
43.0,13,7,3,453
43.0,13,7,4,456
43.0,13,7,5,458
43.0,13,7,6,460
43.0,13,7,7,462
43.0,13,7,8,464
43.0,13,7,9,466
43.0,13,7,10,468
43.0,13,7,11,470
43.0,13,7,12,472
43.0,13,7,13,475
43.0,13,7,14,477
43.0,13,7,15,479
43.0,13,8,0,449
43.0,13,8,1,452
43.0,13,8,2,454
43.0,13,8,3,456
43.0,13,8,4,458
43.0,13,8,5,460
43.0,13,8,6,462
43.0,13,8,7,465
43.0,13,8,8,467
43.0,13,8,9,469
43.0,13,8,10,471
43.0,13,8,11,473
43.0,13,8,12,475
43.0,13,8,13,477
43.0,13,8,14,479
43.0,13,8,15,481
43.0,13,9,0,452
43.0,13,9,1,454
43.0,13,9,2,456
43.0,13,9,3,458
43.0,13,9,4,461
43.0,13,9,5,463
43.0,13,9,6,465
43.0,13,9,7,467
43.0,13,9,8,469
43.0,13,9,9,471
43.0,13,9,10,473
43.0,13,9,11,476
43.0,13,9,12,478
43.0,13,9,13,480
43.0,13,9,14,482
43.0,13,9,15,484
43.0,13,10,0,454
43.0,13,10,1,456
43.0,13,10,2,459
43.0,13,10,3,461
43.0,13,10,4,463
43.0,13,10,5,465
43.0,13,10,6,467
43.0,13,10,7,470
43.0,13,10,8,472
43.0,13,10,9,474
43.0,13,10,10,476
43.0,13,10,11,478
43.0,13,10,12,480
43.0,13,10,13,482
43.0,13,10,14,484
43.0,13,10,15,487
43.0,13,11,0,457
43.0,13,11,1,459
43.0,13,11,2,461
43.0,13,11,3,463
43.0,13,11,4,466
43.0,13,11,5,468
43.0,13,11,6,470
43.0,13,11,7,472
43.0,13,11,8,474
43.0,13,11,9,476
43.0,13,11,10,479
43.0,13,11,11,481
43.0,13,11,12,483
43.0,13,11,13,485
43.0,13,11,14,487
43.0,13,11,15,489
43.0,13,12,0,459
43.0,13,12,1,461
43.0,13,12,2,464
43.0,13,12,3,466
43.0,13,12,4,468
43.0,13,12,5,470
43.0,13,12,6,472
43.0,13,12,7,475
43.0,13,12,8,477
43.0,13,12,9,479
43.0,13,12,10,481
43.0,13,12,11,483
43.0,13,12,12,485
43.0,13,12,13,488
43.0,13,12,14,490
43.0,13,12,15,492
43.0,13,13,0,462
43.0,13,13,1,464
43.0,13,13,2,466
43.0,13,13,3,468
43.0,13,13,4,471
43.0,13,13,5,473
43.0,13,13,6,475
43.0,13,13,7,477
43.0,13,13,8,479
43.0,13,13,9,481
43.0,13,13,10,484
43.0,13,13,11,486
43.0,13,13,12,488
43.0,13,13,13,490
43.0,13,13,14,492
43.0,13,13,15,494
43.0,13,14,0,464
43.0,13,14,1,466
43.0,13,14,2,468
43.0,13,14,3,471
43.0,13,14,4,473
43.0,13,14,5,475
43.0,13,14,6,477
43.0,13,14,7,480
43.0,13,14,8,482
43.0,13,14,9,484
43.0,13,14,10,486
43.0,13,14,11,488
43.0,13,14,12,491
43.0,13,14,13,493
43.0,13,14,14,495
43.0,13,14,15,497
43.0,13,15,0,466
43.0,13,15,1,469
43.0,13,15,2,471
43.0,13,15,3,473
43.0,13,15,4,475
43.0,13,15,5,478
43.0,13,15,6,480
43.0,13,15,7,482
43.0,13,15,8,484
43.0,13,15,9,486
43.0,13,15,10,489
43.0,13,15,11,491
43.0,13,15,12,493
43.0,13,15,13,495
43.0,13,15,14,497
43.0,13,15,15,499
43.0,14,0,0,435
43.0,14,0,1,437
43.0,14,0,2,439
43.0,14,0,3,441
43.0,14,0,4,444
43.0,14,0,5,446
43.0,14,0,6,448
43.0,14,0,7,450
43.0,14,0,8,452
43.0,14,0,9,454
43.0,14,0,10,456
43.0,14,0,11,458
43.0,14,0,12,460
43.0,14,0,13,462
43.0,14,0,14,464
43.0,14,0,15,466
43.0,14,1,0,438
43.0,14,1,1,440
43.0,14,1,2,442
43.0,14,1,3,444
43.0,14,1,4,446
43.0,14,1,5,448
43.0,14,1,6,450
43.0,14,1,7,452
43.0,14,1,8,455
43.0,14,1,9,457
43.0,14,1,10,459
43.0,14,1,11,461
43.0,14,1,12,463
43.0,14,1,13,465
43.0,14,1,14,467
43.0,14,1,15,469
43.0,14,2,0,440
43.0,14,2,1,442
43.0,14,2,2,445
43.0,14,2,3,447
43.0,14,2,4,449
43.0,14,2,5,451
43.0,14,2,6,453
43.0,14,2,7,455
43.0,14,2,8,457
43.0,14,2,9,459
43.0,14,2,10,461
43.0,14,2,11,463
43.0,14,2,12,466
43.0,14,2,13,468
43.0,14,2,14,470
43.0,14,2,15,472
43.0,14,3,0,443
43.0,14,3,1,445
43.0,14,3,2,447
43.0,14,3,3,449
43.0,14,3,4,452
43.0,14,3,5,454
43.0,14,3,6,456
43.0,14,3,7,458
43.0,14,3,8,460
43.0,14,3,9,462
43.0,14,3,10,464
43.0,14,3,11,466
43.0,14,3,12,468
43.0,14,3,13,470
43.0,14,3,14,472
43.0,14,3,15,474
43.0,14,4,0,445
43.0,14,4,1,448
43.0,14,4,2,450
43.0,14,4,3,452
43.0,14,4,4,454
43.0,14,4,5,456
43.0,14,4,6,458
43.0,14,4,7,461
43.0,14,4,8,463
43.0,14,4,9,465
43.0,14,4,10,467
43.0,14,4,11,469
43.0,14,4,12,471
43.0,14,4,13,473
43.0,14,4,14,475
43.0,14,4,15,477
43.0,14,5,0,448
43.0,14,5,1,450
43.0,14,5,2,452
43.0,14,5,3,455
43.0,14,5,4,457
43.0,14,5,5,459
43.0,14,5,6,461
43.0,14,5,7,463
43.0,14,5,8,465
43.0,14,5,9,467
43.0,14,5,10,469
43.0,14,5,11,472
43.0,14,5,12,474
43.0,14,5,13,476
43.0,14,5,14,478
43.0,14,5,15,480
43.0,14,6,0,451
43.0,14,6,1,453
43.0,14,6,2,455
43.0,14,6,3,457
43.0,14,6,4,459
43.0,14,6,5,461
43.0,14,6,6,464
43.0,14,6,7,466
43.0,14,6,8,468
43.0,14,6,9,470
43.0,14,6,10,472
43.0,14,6,11,474
43.0,14,6,12,476
43.0,14,6,13,478
43.0,14,6,14,481
43.0,14,6,15,483
43.0,14,7,0,453
43.0,14,7,1,455
43.0,14,7,2,458
43.0,14,7,3,460
43.0,14,7,4,462
43.0,14,7,5,464
43.0,14,7,6,466
43.0,14,7,7,468
43.0,14,7,8,471
43.0,14,7,9,473
43.0,14,7,10,475
43.0,14,7,11,477
43.0,14,7,12,479
43.0,14,7,13,481
43.0,14,7,14,483
43.0,14,7,15,485
43.0,14,8,0,456
43.0,14,8,1,458
43.0,14,8,2,460
43.0,14,8,3,462
43.0,14,8,4,464
43.0,14,8,5,467
43.0,14,8,6,469
43.0,14,8,7,471
43.0,14,8,8,473
43.0,14,8,9,475
43.0,14,8,10,477
43.0,14,8,11,480
43.0,14,8,12,482
43.0,14,8,13,484
43.0,14,8,14,486
43.0,14,8,15,488
43.0,14,9,0,458
43.0,14,9,1,460
43.0,14,9,2,463
43.0,14,9,3,465
43.0,14,9,4,467
43.0,14,9,5,469
43.0,14,9,6,471
43.0,14,9,7,474
43.0,14,9,8,476
43.0,14,9,9,478
43.0,14,9,10,480
43.0,14,9,11,482
43.0,14,9,12,484
43.0,14,9,13,486
43.0,14,9,14,489
43.0,14,9,15,491
43.0,14,10,0,461
43.0,14,10,1,463
43.0,14,10,2,465
43.0,14,10,3,467
43.0,14,10,4,470
43.0,14,10,5,472
43.0,14,10,6,474
43.0,14,10,7,476
43.0,14,10,8,478
43.0,14,10,9,480
43.0,14,10,10,483
43.0,14,10,11,485
43.0,14,10,12,487
43.0,14,10,13,489
43.0,14,10,14,491
43.0,14,10,15,493
43.0,14,11,0,463
43.0,14,11,1,465
43.0,14,11,2,468
43.0,14,11,3,470
43.0,14,11,4,472
43.0,14,11,5,474
43.0,14,11,6,476
43.0,14,11,7,479
43.0,14,11,8,481
43.0,14,11,9,483
43.0,14,11,10,485
43.0,14,11,11,487
43.0,14,11,12,490
43.0,14,11,13,492
43.0,14,11,14,494
43.0,14,11,15,496
43.0,14,12,0,466
43.0,14,12,1,468
43.0,14,12,2,470
43.0,14,12,3,472
43.0,14,12,4,475
43.0,14,12,5,477
43.0,14,12,6,479
43.0,14,12,7,481
43.0,14,12,8,483
43.0,14,12,9,486
43.0,14,12,10,488
43.0,14,12,11,490
43.0,14,12,12,492
43.0,14,12,13,494
43.0,14,12,14,496
43.0,14,12,15,499
43.0,14,13,0,468
43.0,14,13,1,470
43.0,14,13,2,473
43.0,14,13,3,475
43.0,14,13,4,477
43.0,14,13,5,479
43.0,14,13,6,482
43.0,14,13,7,484
43.0,14,13,8,486
43.0,14,13,9,488
43.0,14,13,10,490
43.0,14,13,11,493
43.0,14,13,12,495
43.0,14,13,13,497
43.0,14,13,14,499
43.0,14,13,15,501
43.0,14,14,0,470
43.0,14,14,1,473
43.0,14,14,2,475
43.0,14,14,3,477
43.0,14,14,4,480
43.0,14,14,5,482
43.0,14,14,6,484
43.0,14,14,7,486
43.0,14,14,8,489
43.0,14,14,9,491
43.0,14,14,10,493
43.0,14,14,11,495
43.0,14,14,12,497
43.0,14,14,13,500
43.0,14,14,14,502
43.0,14,14,15,504
43.0,14,15,0,473
43.0,14,15,1,475
43.0,14,15,2,477
43.0,14,15,3,480
43.0,14,15,4,482
43.0,14,15,5,484
43.0,14,15,6,487
43.0,14,15,7,489
43.0,14,15,8,491
43.0,14,15,9,493
43.0,14,15,10,495
43.0,14,15,11,498
43.0,14,15,12,500
43.0,14,15,13,502
43.0,14,15,14,504
43.0,14,15,15,506
43.0,15,0,0,441
43.0,15,0,1,443
43.0,15,0,2,445
43.0,15,0,3,448
43.0,15,0,4,450
43.0,15,0,5,452
43.0,15,0,6,454
43.0,15,0,7,456
43.0,15,0,8,458
43.0,15,0,9,460
43.0,15,0,10,462
43.0,15,0,11,464
43.0,15,0,12,466
43.0,15,0,13,468
43.0,15,0,14,470
43.0,15,0,15,472
43.0,15,1,0,444
43.0,15,1,1,446
43.0,15,1,2,448
43.0,15,1,3,450
43.0,15,1,4,452
43.0,15,1,5,454
43.0,15,1,6,457
43.0,15,1,7,459
43.0,15,1,8,461
43.0,15,1,9,463
43.0,15,1,10,465
43.0,15,1,11,467
43.0,15,1,12,469
43.0,15,1,13,471
43.0,15,1,14,473
43.0,15,1,15,475
43.0,15,2,0,446
43.0,15,2,1,449
43.0,15,2,2,451
43.0,15,2,3,453
43.0,15,2,4,455
43.0,15,2,5,457
43.0,15,2,6,459
43.0,15,2,7,461
43.0,15,2,8,464
43.0,15,2,9,466
43.0,15,2,10,468
43.0,15,2,11,470
43.0,15,2,12,472
43.0,15,2,13,474
43.0,15,2,14,476
43.0,15,2,15,478
43.0,15,3,0,449
43.0,15,3,1,451
43.0,15,3,2,453
43.0,15,3,3,456
43.0,15,3,4,458
43.0,15,3,5,460
43.0,15,3,6,462
43.0,15,3,7,464
43.0,15,3,8,466
43.0,15,3,9,468
43.0,15,3,10,470
43.0,15,3,11,473
43.0,15,3,12,475
43.0,15,3,13,477
43.0,15,3,14,479
43.0,15,3,15,481
43.0,15,4,0,452
43.0,15,4,1,454
43.0,15,4,2,456
43.0,15,4,3,458
43.0,15,4,4,460
43.0,15,4,5,463
43.0,15,4,6,465
43.0,15,4,7,467
43.0,15,4,8,469
43.0,15,4,9,471
43.0,15,4,10,473
43.0,15,4,11,475
43.0,15,4,12,477
43.0,15,4,13,480
43.0,15,4,14,482
43.0,15,4,15,484
43.0,15,5,0,454
43.0,15,5,1,456
43.0,15,5,2,459
43.0,15,5,3,461
43.0,15,5,4,463
43.0,15,5,5,465
43.0,15,5,6,467
43.0,15,5,7,470
43.0,15,5,8,472
43.0,15,5,9,474
43.0,15,5,10,476
43.0,15,5,11,478
43.0,15,5,12,480
43.0,15,5,13,482
43.0,15,5,14,484
43.0,15,5,15,486
43.0,15,6,0,457
43.0,15,6,1,459
43.0,15,6,2,461
43.0,15,6,3,463
43.0,15,6,4,466
43.0,15,6,5,468
43.0,15,6,6,470
43.0,15,6,7,472
43.0,15,6,8,474
43.0,15,6,9,476
43.0,15,6,10,479
43.0,15,6,11,481
43.0,15,6,12,483
43.0,15,6,13,485
43.0,15,6,14,487
43.0,15,6,15,489
43.0,15,7,0,459
43.0,15,7,1,462
43.0,15,7,2,464
43.0,15,7,3,466
43.0,15,7,4,468
43.0,15,7,5,470
43.0,15,7,6,473
43.0,15,7,7,475
43.0,15,7,8,477
43.0,15,7,9,479
43.0,15,7,10,481
43.0,15,7,11,483
43.0,15,7,12,486
43.0,15,7,13,488
43.0,15,7,14,490
43.0,15,7,15,492
43.0,15,8,0,462
43.0,15,8,1,464
43.0,15,8,2,466
43.0,15,8,3,469
43.0,15,8,4,471
43.0,15,8,5,473
43.0,15,8,6,475
43.0,15,8,7,477
43.0,15,8,8,480
43.0,15,8,9,482
43.0,15,8,10,484
43.0,15,8,11,486
43.0,15,8,12,488
43.0,15,8,13,490
43.0,15,8,14,493
43.0,15,8,15,495
43.0,15,9,0,464
43.0,15,9,1,467
43.0,15,9,2,469
43.0,15,9,3,471
43.0,15,9,4,473
43.0,15,9,5,476
43.0,15,9,6,478
43.0,15,9,7,480
43.0,15,9,8,482
43.0,15,9,9,484
43.0,15,9,10,487
43.0,15,9,11,489
43.0,15,9,12,491
43.0,15,9,13,493
43.0,15,9,14,495
43.0,15,9,15,497
43.0,15,10,0,467
43.0,15,10,1,469
43.0,15,10,2,471
43.0,15,10,3,474
43.0,15,10,4,476
43.0,15,10,5,478
43.0,15,10,6,480
43.0,15,10,7,483
43.0,15,10,8,485
43.0,15,10,9,487
43.0,15,10,10,489
43.0,15,10,11,491
43.0,15,10,12,494
43.0,15,10,13,496
43.0,15,10,14,498
43.0,15,10,15,500
43.0,15,11,0,469
43.0,15,11,1,472
43.0,15,11,2,474
43.0,15,11,3,476
43.0,15,11,4,479
43.0,15,11,5,481
43.0,15,11,6,483
43.0,15,11,7,485
43.0,15,11,8,487
43.0,15,11,9,490
43.0,15,11,10,492
43.0,15,11,11,494
43.0,15,11,12,496
43.0,15,11,13,498
43.0,15,11,14,501
43.0,15,11,15,503
43.0,15,12,0,472
43.0,15,12,1,474
43.0,15,12,2,477
43.0,15,12,3,479
43.0,15,12,4,481
43.0,15,12,5,483
43.0,15,12,6,486
43.0,15,12,7,488
43.0,15,12,8,490
43.0,15,12,9,492
43.0,15,12,10,495
43.0,15,12,11,497
43.0,15,12,12,499
43.0,15,12,13,501
43.0,15,12,14,503
43.0,15,12,15,505
43.0,15,13,0,474
43.0,15,13,1,477
43.0,15,13,2,479
43.0,15,13,3,481
43.0,15,13,4,484
43.0,15,13,5,486
43.0,15,13,6,488
43.0,15,13,7,490
43.0,15,13,8,493
43.0,15,13,9,495
43.0,15,13,10,497
43.0,15,13,11,499
43.0,15,13,12,502
43.0,15,13,13,504
43.0,15,13,14,506
43.0,15,13,15,508
43.0,15,14,0,477
43.0,15,14,1,479
43.0,15,14,2,482
43.0,15,14,3,484
43.0,15,14,4,486
43.0,15,14,5,488
43.0,15,14,6,491
43.0,15,14,7,493
43.0,15,14,8,495
43.0,15,14,9,497
43.0,15,14,10,500
43.0,15,14,11,502
43.0,15,14,12,504
43.0,15,14,13,506
43.0,15,14,14,509
43.0,15,14,15,511
43.0,15,15,0,479
43.0,15,15,1,482
43.0,15,15,2,484
43.0,15,15,3,486
43.0,15,15,4,489
43.0,15,15,5,491
43.0,15,15,6,493
43.0,15,15,7,495
43.0,15,15,8,498
43.0,15,15,9,500
43.0,15,15,10,502
43.0,15,15,11,505
43.0,15,15,12,507
43.0,15,15,13,509
43.0,15,15,14,511
43.0,15,15,15,513
43.5,0,0,0,354
43.5,0,0,1,355
43.5,0,0,2,357
43.5,0,0,3,359
43.5,0,0,4,361
43.5,0,0,5,362
43.5,0,0,6,364
43.5,0,0,7,366
43.5,0,0,8,367
43.5,0,0,9,369
43.5,0,0,10,371
43.5,0,0,11,372
43.5,0,0,12,374
43.5,0,0,13,376
43.5,0,0,14,377
43.5,0,0,15,379
43.5,0,1,0,356
43.5,0,1,1,358
43.5,0,1,2,359
43.5,0,1,3,361
43.5,0,1,4,363
43.5,0,1,5,364
43.5,0,1,6,366
43.5,0,1,7,368
43.5,0,1,8,370
43.5,0,1,9,371
43.5,0,1,10,373
43.5,0,1,11,375
43.5,0,1,12,376
43.5,0,1,13,378
43.5,0,1,14,380
43.5,0,1,15,381
43.5,0,2,0,358
43.5,0,2,1,360
43.5,0,2,2,361
43.5,0,2,3,363
43.5,0,2,4,365
43.5,0,2,5,367
43.5,0,2,6,368
43.5,0,2,7,370
43.5,0,2,8,372
43.5,0,2,9,373
43.5,0,2,10,375
43.5,0,2,11,377
43.5,0,2,12,378
43.5,0,2,13,380
43.5,0,2,14,382
43.5,0,2,15,383
43.5,0,3,0,360
43.5,0,3,1,362
43.5,0,3,2,364
43.5,0,3,3,365
43.5,0,3,4,367
43.5,0,3,5,369
43.5,0,3,6,371
43.5,0,3,7,372
43.5,0,3,8,374
43.5,0,3,9,376
43.5,0,3,10,377
43.5,0,3,11,379
43.5,0,3,12,381
43.5,0,3,13,382
43.5,0,3,14,384
43.5,0,3,15,386
43.5,0,4,0,362
43.5,0,4,1,364
43.5,0,4,2,366
43.5,0,4,3,367
43.5,0,4,4,369
43.5,0,4,5,371
43.5,0,4,6,373
43.5,0,4,7,374
43.5,0,4,8,376
43.5,0,4,9,378
43.5,0,4,10,380
43.5,0,4,11,381
43.5,0,4,12,383
43.5,0,4,13,385
43.5,0,4,14,386
43.5,0,4,15,388
43.5,0,5,0,364
43.5,0,5,1,366
43.5,0,5,2,368
43.5,0,5,3,370
43.5,0,5,4,371
43.5,0,5,5,373
43.5,0,5,6,375
43.5,0,5,7,377
43.5,0,5,8,378
43.5,0,5,9,380
43.5,0,5,10,382
43.5,0,5,11,383
43.5,0,5,12,385
43.5,0,5,13,387
43.5,0,5,14,388
43.5,0,5,15,390
43.5,0,6,0,366
43.5,0,6,1,368
43.5,0,6,2,370
43.5,0,6,3,372
43.5,0,6,4,373
43.5,0,6,5,375
43.5,0,6,6,377
43.5,0,6,7,379
43.5,0,6,8,380
43.5,0,6,9,382
43.5,0,6,10,384
43.5,0,6,11,386
43.5,0,6,12,387
43.5,0,6,13,389
43.5,0,6,14,391
43.5,0,6,15,392
43.5,0,7,0,368
43.5,0,7,1,370
43.5,0,7,2,372
43.5,0,7,3,374
43.5,0,7,4,376
43.5,0,7,5,377
43.5,0,7,6,379
43.5,0,7,7,381
43.5,0,7,8,383
43.5,0,7,9,384
43.5,0,7,10,386
43.5,0,7,11,388
43.5,0,7,12,389
43.5,0,7,13,391
43.5,0,7,14,393
43.5,0,7,15,395
43.5,0,8,0,370
43.5,0,8,1,372
43.5,0,8,2,374
43.5,0,8,3,376
43.5,0,8,4,378
43.5,0,8,5,379
43.5,0,8,6,381
43.5,0,8,7,383
43.5,0,8,8,385
43.5,0,8,9,386
43.5,0,8,10,388
43.5,0,8,11,390
43.5,0,8,12,392
43.5,0,8,13,393
43.5,0,8,14,395
43.5,0,8,15,397
43.5,0,9,0,372
43.5,0,9,1,374
43.5,0,9,2,376
43.5,0,9,3,378
43.5,0,9,4,380
43.5,0,9,5,381
43.5,0,9,6,383
43.5,0,9,7,385
43.5,0,9,8,387
43.5,0,9,9,389
43.5,0,9,10,390
43.5,0,9,11,392
43.5,0,9,12,394
43.5,0,9,13,396
43.5,0,9,14,397
43.5,0,9,15,399
43.5,0,10,0,374
43.5,0,10,1,376
43.5,0,10,2,378
43.5,0,10,3,380
43.5,0,10,4,382
43.5,0,10,5,384
43.5,0,10,6,385
43.5,0,10,7,387
43.5,0,10,8,389
43.5,0,10,9,391
43.5,0,10,10,392
43.5,0,10,11,394
43.5,0,10,12,396
43.5,0,10,13,398
43.5,0,10,14,399
43.5,0,10,15,401
43.5,0,11,0,376
43.5,0,11,1,378
43.5,0,11,2,380
43.5,0,11,3,382
43.5,0,11,4,384
43.5,0,11,5,386
43.5,0,11,6,387
43.5,0,11,7,389
43.5,0,11,8,391
43.5,0,11,9,393
43.5,0,11,10,395
43.5,0,11,11,396
43.5,0,11,12,398
43.5,0,11,13,400
43.5,0,11,14,402
43.5,0,11,15,403
43.5,0,12,0,378
43.5,0,12,1,380
43.5,0,12,2,382
43.5,0,12,3,384
43.5,0,12,4,386
43.5,0,12,5,388
43.5,0,12,6,389
43.5,0,12,7,391
43.5,0,12,8,393
43.5,0,12,9,395
43.5,0,12,10,397
43.5,0,12,11,398
43.5,0,12,12,400
43.5,0,12,13,402
43.5,0,12,14,404
43.5,0,12,15,405
43.5,0,13,0,380
43.5,0,13,1,382
43.5,0,13,2,384
43.5,0,13,3,386
43.5,0,13,4,388
43.5,0,13,5,390
43.5,0,13,6,392
43.5,0,13,7,393
43.5,0,13,8,395
43.5,0,13,9,397
43.5,0,13,10,399
43.5,0,13,11,400
43.5,0,13,12,402
43.5,0,13,13,404
43.5,0,13,14,406
43.5,0,13,15,408
43.5,0,14,0,382
43.5,0,14,1,384
43.5,0,14,2,386
43.5,0,14,3,388
43.5,0,14,4,390
43.5,0,14,5,392
43.5,0,14,6,394
43.5,0,14,7,395
43.5,0,14,8,397
43.5,0,14,9,399
43.5,0,14,10,401
43.5,0,14,11,403
43.5,0,14,12,404
43.5,0,14,13,406
43.5,0,14,14,408
43.5,0,14,15,410
43.5,0,15,0,384
43.5,0,15,1,386
43.5,0,15,2,388
43.5,0,15,3,390
43.5,0,15,4,392
43.5,0,15,5,394
43.5,0,15,6,396
43.5,0,15,7,397
43.5,0,15,8,399
43.5,0,15,9,401
43.5,0,15,10,403
43.5,0,15,11,405
43.5,0,15,12,406
43.5,0,15,13,408
43.5,0,15,14,410
43.5,0,15,15,412
43.5,1,0,0,360
43.5,1,0,1,362
43.5,1,0,2,363
43.5,1,0,3,365
43.5,1,0,4,367
43.5,1,0,5,368
43.5,1,0,6,370
43.5,1,0,7,372
43.5,1,0,8,374
43.5,1,0,9,375
43.5,1,0,10,377
43.5,1,0,11,379
43.5,1,0,12,380
43.5,1,0,13,382
43.5,1,0,14,384
43.5,1,0,15,385
43.5,1,1,0,362
43.5,1,1,1,364
43.5,1,1,2,365
43.5,1,1,3,367
43.5,1,1,4,369
43.5,1,1,5,371
43.5,1,1,6,372
43.5,1,1,7,374
43.5,1,1,8,376
43.5,1,1,9,378
43.5,1,1,10,379
43.5,1,1,11,381
43.5,1,1,12,383
43.5,1,1,13,384
43.5,1,1,14,386
43.5,1,1,15,388
43.5,1,2,0,364
43.5,1,2,1,366
43.5,1,2,2,368
43.5,1,2,3,369
43.5,1,2,4,371
43.5,1,2,5,373
43.5,1,2,6,375
43.5,1,2,7,376
43.5,1,2,8,378
43.5,1,2,9,380
43.5,1,2,10,382
43.5,1,2,11,383
43.5,1,2,12,385
43.5,1,2,13,387
43.5,1,2,14,388
43.5,1,2,15,390
43.5,1,3,0,366
43.5,1,3,1,368
43.5,1,3,2,370
43.5,1,3,3,372
43.5,1,3,4,373
43.5,1,3,5,375
43.5,1,3,6,377
43.5,1,3,7,379
43.5,1,3,8,380
43.5,1,3,9,382
43.5,1,3,10,384
43.5,1,3,11,385
43.5,1,3,12,387
43.5,1,3,13,389
43.5,1,3,14,391
43.5,1,3,15,392
43.5,1,4,0,368
43.5,1,4,1,370
43.5,1,4,2,372
43.5,1,4,3,374
43.5,1,4,4,375
43.5,1,4,5,377
43.5,1,4,6,379
43.5,1,4,7,381
43.5,1,4,8,383
43.5,1,4,9,384
43.5,1,4,10,386
43.5,1,4,11,388
43.5,1,4,12,389
43.5,1,4,13,391
43.5,1,4,14,393
43.5,1,4,15,395
43.5,1,5,0,370
43.5,1,5,1,372
43.5,1,5,2,374
43.5,1,5,3,376
43.5,1,5,4,378
43.5,1,5,5,379
43.5,1,5,6,381
43.5,1,5,7,383
43.5,1,5,8,385
43.5,1,5,9,386
43.5,1,5,10,388
43.5,1,5,11,390
43.5,1,5,12,392
43.5,1,5,13,393
43.5,1,5,14,395
43.5,1,5,15,397
43.5,1,6,0,373
43.5,1,6,1,374
43.5,1,6,2,376
43.5,1,6,3,378
43.5,1,6,4,380
43.5,1,6,5,382
43.5,1,6,6,383
43.5,1,6,7,385
43.5,1,6,8,387
43.5,1,6,9,389
43.5,1,6,10,390
43.5,1,6,11,392
43.5,1,6,12,394
43.5,1,6,13,396
43.5,1,6,14,397
43.5,1,6,15,399
43.5,1,7,0,375
43.5,1,7,1,376
43.5,1,7,2,378
43.5,1,7,3,380
43.5,1,7,4,382
43.5,1,7,5,384
43.5,1,7,6,386
43.5,1,7,7,387
43.5,1,7,8,389
43.5,1,7,9,391
43.5,1,7,10,393
43.5,1,7,11,394
43.5,1,7,12,396
43.5,1,7,13,398
43.5,1,7,14,400
43.5,1,7,15,401
43.5,1,8,0,377
43.5,1,8,1,379
43.5,1,8,2,380
43.5,1,8,3,382
43.5,1,8,4,384
43.5,1,8,5,386
43.5,1,8,6,388
43.5,1,8,7,389
43.5,1,8,8,391
43.5,1,8,9,393
43.5,1,8,10,395
43.5,1,8,11,397
43.5,1,8,12,398
43.5,1,8,13,400
43.5,1,8,14,402
43.5,1,8,15,403
43.5,1,9,0,379
43.5,1,9,1,381
43.5,1,9,2,382
43.5,1,9,3,384
43.5,1,9,4,386
43.5,1,9,5,388
43.5,1,9,6,390
43.5,1,9,7,392
43.5,1,9,8,393
43.5,1,9,9,395
43.5,1,9,10,397
43.5,1,9,11,399
43.5,1,9,12,400
43.5,1,9,13,402
43.5,1,9,14,404
43.5,1,9,15,406
43.5,1,10,0,381
43.5,1,10,1,383
43.5,1,10,2,385
43.5,1,10,3,386
43.5,1,10,4,388
43.5,1,10,5,390
43.5,1,10,6,392
43.5,1,10,7,394
43.5,1,10,8,396
43.5,1,10,9,397
43.5,1,10,10,399
43.5,1,10,11,401
43.5,1,10,12,403
43.5,1,10,13,404
43.5,1,10,14,406
43.5,1,10,15,408
43.5,1,11,0,383
43.5,1,11,1,385
43.5,1,11,2,387
43.5,1,11,3,388
43.5,1,11,4,390
43.5,1,11,5,392
43.5,1,11,6,394
43.5,1,11,7,396
43.5,1,11,8,398
43.5,1,11,9,399
43.5,1,11,10,401
43.5,1,11,11,403
43.5,1,11,12,405
43.5,1,11,13,407
43.5,1,11,14,408
43.5,1,11,15,410
43.5,1,12,0,385
43.5,1,12,1,387
43.5,1,12,2,389
43.5,1,12,3,391
43.5,1,12,4,392
43.5,1,12,5,394
43.5,1,12,6,396
43.5,1,12,7,398
43.5,1,12,8,400
43.5,1,12,9,402
43.5,1,12,10,403
43.5,1,12,11,405
43.5,1,12,12,407
43.5,1,12,13,409
43.5,1,12,14,411
43.5,1,12,15,412
43.5,1,13,0,387
43.5,1,13,1,389
43.5,1,13,2,391
43.5,1,13,3,393
43.5,1,13,4,394
43.5,1,13,5,396
43.5,1,13,6,398
43.5,1,13,7,400
43.5,1,13,8,402
43.5,1,13,9,404
43.5,1,13,10,405
43.5,1,13,11,407
43.5,1,13,12,409
43.5,1,13,13,411
43.5,1,13,14,413
43.5,1,13,15,414
43.5,1,14,0,389
43.5,1,14,1,391
43.5,1,14,2,393
43.5,1,14,3,395
43.5,1,14,4,397
43.5,1,14,5,398
43.5,1,14,6,400
43.5,1,14,7,402
43.5,1,14,8,404
43.5,1,14,9,406
43.5,1,14,10,408
43.5,1,14,11,409
43.5,1,14,12,411
43.5,1,14,13,413
43.5,1,14,14,415
43.5,1,14,15,417
43.5,1,15,0,391
43.5,1,15,1,393
43.5,1,15,2,395
43.5,1,15,3,397
43.5,1,15,4,399
43.5,1,15,5,400
43.5,1,15,6,402
43.5,1,15,7,404
43.5,1,15,8,406
43.5,1,15,9,408
43.5,1,15,10,410
43.5,1,15,11,412
43.5,1,15,12,413
43.5,1,15,13,415
43.5,1,15,14,417
43.5,1,15,15,419
43.5,2,0,0,366
43.5,2,0,1,368
43.5,2,0,2,369
43.5,2,0,3,371
43.5,2,0,4,373
43.5,2,0,5,375
43.5,2,0,6,376
43.5,2,0,7,378
43.5,2,0,8,380
43.5,2,0,9,382
43.5,2,0,10,383
43.5,2,0,11,385
43.5,2,0,12,387
43.5,2,0,13,388
43.5,2,0,14,390
43.5,2,0,15,392
43.5,2,1,0,368
43.5,2,1,1,370
43.5,2,1,2,372
43.5,2,1,3,373
43.5,2,1,4,375
43.5,2,1,5,377
43.5,2,1,6,379
43.5,2,1,7,380
43.5,2,1,8,382
43.5,2,1,9,384
43.5,2,1,10,386
43.5,2,1,11,387
43.5,2,1,12,389
43.5,2,1,13,391
43.5,2,1,14,392
43.5,2,1,15,394
43.5,2,2,0,370
43.5,2,2,1,372
43.5,2,2,2,374
43.5,2,2,3,376
43.5,2,2,4,377
43.5,2,2,5,379
43.5,2,2,6,381
43.5,2,2,7,383
43.5,2,2,8,384
43.5,2,2,9,386
43.5,2,2,10,388
43.5,2,2,11,390
43.5,2,2,12,391
43.5,2,2,13,393
43.5,2,2,14,395
43.5,2,2,15,396
43.5,2,3,0,372
43.5,2,3,1,374
43.5,2,3,2,376
43.5,2,3,3,378
43.5,2,3,4,380
43.5,2,3,5,381
43.5,2,3,6,383
43.5,2,3,7,385
43.5,2,3,8,387
43.5,2,3,9,388
43.5,2,3,10,390
43.5,2,3,11,392
43.5,2,3,12,394
43.5,2,3,13,395
43.5,2,3,14,397
43.5,2,3,15,399
43.5,2,4,0,374
43.5,2,4,1,376
43.5,2,4,2,378
43.5,2,4,3,380
43.5,2,4,4,382
43.5,2,4,5,384
43.5,2,4,6,385
43.5,2,4,7,387
43.5,2,4,8,389
43.5,2,4,9,391
43.5,2,4,10,392
43.5,2,4,11,394
43.5,2,4,12,396
43.5,2,4,13,398
43.5,2,4,14,399
43.5,2,4,15,401
43.5,2,5,0,377
43.5,2,5,1,378
43.5,2,5,2,380
43.5,2,5,3,382
43.5,2,5,4,384
43.5,2,5,5,386
43.5,2,5,6,388
43.5,2,5,7,389
43.5,2,5,8,391
43.5,2,5,9,393
43.5,2,5,10,395
43.5,2,5,11,396
43.5,2,5,12,398
43.5,2,5,13,400
43.5,2,5,14,402
43.5,2,5,15,403
43.5,2,6,0,379
43.5,2,6,1,381
43.5,2,6,2,382
43.5,2,6,3,384
43.5,2,6,4,386
43.5,2,6,5,388
43.5,2,6,6,390
43.5,2,6,7,392
43.5,2,6,8,393
43.5,2,6,9,395
43.5,2,6,10,397
43.5,2,6,11,399
43.5,2,6,12,400
43.5,2,6,13,402
43.5,2,6,14,404
43.5,2,6,15,406
43.5,2,7,0,381
43.5,2,7,1,383
43.5,2,7,2,385
43.5,2,7,3,386
43.5,2,7,4,388
43.5,2,7,5,390
43.5,2,7,6,392
43.5,2,7,7,394
43.5,2,7,8,396
43.5,2,7,9,397
43.5,2,7,10,399
43.5,2,7,11,401
43.5,2,7,12,403
43.5,2,7,13,404
43.5,2,7,14,406
43.5,2,7,15,408
43.5,2,8,0,383
43.5,2,8,1,385
43.5,2,8,2,387
43.5,2,8,3,389
43.5,2,8,4,390
43.5,2,8,5,392
43.5,2,8,6,394
43.5,2,8,7,396
43.5,2,8,8,398
43.5,2,8,9,400
43.5,2,8,10,401
43.5,2,8,11,403
43.5,2,8,12,405
43.5,2,8,13,407
43.5,2,8,14,408
43.5,2,8,15,410
43.5,2,9,0,385
43.5,2,9,1,387
43.5,2,9,2,389
43.5,2,9,3,391
43.5,2,9,4,393
43.5,2,9,5,394
43.5,2,9,6,396
43.5,2,9,7,398
43.5,2,9,8,400
43.5,2,9,9,402
43.5,2,9,10,404
43.5,2,9,11,405
43.5,2,9,12,407
43.5,2,9,13,409
43.5,2,9,14,411
43.5,2,9,15,412
43.5,2,10,0,387
43.5,2,10,1,389
43.5,2,10,2,391
43.5,2,10,3,393
43.5,2,10,4,395
43.5,2,10,5,397
43.5,2,10,6,398
43.5,2,10,7,400
43.5,2,10,8,402
43.5,2,10,9,404
43.5,2,10,10,406
43.5,2,10,11,408
43.5,2,10,12,409
43.5,2,10,13,411
43.5,2,10,14,413
43.5,2,10,15,415
43.5,2,11,0,389
43.5,2,11,1,391
43.5,2,11,2,393
43.5,2,11,3,395
43.5,2,11,4,397
43.5,2,11,5,399
43.5,2,11,6,401
43.5,2,11,7,402
43.5,2,11,8,404
43.5,2,11,9,406
43.5,2,11,10,408
43.5,2,11,11,410
43.5,2,11,12,412
43.5,2,11,13,413
43.5,2,11,14,415
43.5,2,11,15,417
43.5,2,12,0,391
43.5,2,12,1,393
43.5,2,12,2,395
43.5,2,12,3,397
43.5,2,12,4,399
43.5,2,12,5,401
43.5,2,12,6,403
43.5,2,12,7,405
43.5,2,12,8,406
43.5,2,12,9,408
43.5,2,12,10,410
43.5,2,12,11,412
43.5,2,12,12,414
43.5,2,12,13,416
43.5,2,12,14,417
43.5,2,12,15,419
43.5,2,13,0,393
43.5,2,13,1,395
43.5,2,13,2,397
43.5,2,13,3,399
43.5,2,13,4,401
43.5,2,13,5,403
43.5,2,13,6,405
43.5,2,13,7,407
43.5,2,13,8,409
43.5,2,13,9,410
43.5,2,13,10,412
43.5,2,13,11,414
43.5,2,13,12,416
43.5,2,13,13,418
43.5,2,13,14,420
43.5,2,13,15,421
43.5,2,14,0,395
43.5,2,14,1,397
43.5,2,14,2,399
43.5,2,14,3,401
43.5,2,14,4,403
43.5,2,14,5,405
43.5,2,14,6,407
43.5,2,14,7,409
43.5,2,14,8,411
43.5,2,14,9,413
43.5,2,14,10,414
43.5,2,14,11,416
43.5,2,14,12,418
43.5,2,14,13,420
43.5,2,14,14,422
43.5,2,14,15,424
43.5,2,15,0,397
43.5,2,15,1,399
43.5,2,15,2,401
43.5,2,15,3,403
43.5,2,15,4,405
43.5,2,15,5,407
43.5,2,15,6,409
43.5,2,15,7,411
43.5,2,15,8,413
43.5,2,15,9,415
43.5,2,15,10,417
43.5,2,15,11,418
43.5,2,15,12,420
43.5,2,15,13,422
43.5,2,15,14,424
43.5,2,15,15,426
43.5,3,0,0,372
43.5,3,0,1,374
43.5,3,0,2,375
43.5,3,0,3,377
43.5,3,0,4,379
43.5,3,0,5,381
43.5,3,0,6,383
43.5,3,0,7,384
43.5,3,0,8,386
43.5,3,0,9,388
43.5,3,0,10,390
43.5,3,0,11,391
43.5,3,0,12,393
43.5,3,0,13,395
43.5,3,0,14,396
43.5,3,0,15,398
43.5,3,1,0,374
43.5,3,1,1,376
43.5,3,1,2,378
43.5,3,1,3,379
43.5,3,1,4,381
43.5,3,1,5,383
43.5,3,1,6,385
43.5,3,1,7,387
43.5,3,1,8,388
43.5,3,1,9,390
43.5,3,1,10,392
43.5,3,1,11,394
43.5,3,1,12,395
43.5,3,1,13,397
43.5,3,1,14,399
43.5,3,1,15,401
43.5,3,2,0,376
43.5,3,2,1,378
43.5,3,2,2,380
43.5,3,2,3,382
43.5,3,2,4,384
43.5,3,2,5,385
43.5,3,2,6,387
43.5,3,2,7,389
43.5,3,2,8,391
43.5,3,2,9,392
43.5,3,2,10,394
43.5,3,2,11,396
43.5,3,2,12,398
43.5,3,2,13,399
43.5,3,2,14,401
43.5,3,2,15,403
43.5,3,3,0,378
43.5,3,3,1,380
43.5,3,3,2,382
43.5,3,3,3,384
43.5,3,3,4,386
43.5,3,3,5,388
43.5,3,3,6,389
43.5,3,3,7,391
43.5,3,3,8,393
43.5,3,3,9,395
43.5,3,3,10,397
43.5,3,3,11,398
43.5,3,3,12,400
43.5,3,3,13,402
43.5,3,3,14,404
43.5,3,3,15,405
43.5,3,4,0,381
43.5,3,4,1,382
43.5,3,4,2,384
43.5,3,4,3,386
43.5,3,4,4,388
43.5,3,4,5,390
43.5,3,4,6,392
43.5,3,4,7,393
43.5,3,4,8,395
43.5,3,4,9,397
43.5,3,4,10,399
43.5,3,4,11,401
43.5,3,4,12,402
43.5,3,4,13,404
43.5,3,4,14,406
43.5,3,4,15,408
43.5,3,5,0,383
43.5,3,5,1,385
43.5,3,5,2,387
43.5,3,5,3,388
43.5,3,5,4,390
43.5,3,5,5,392
43.5,3,5,6,394
43.5,3,5,7,396
43.5,3,5,8,398
43.5,3,5,9,399
43.5,3,5,10,401
43.5,3,5,11,403
43.5,3,5,12,405
43.5,3,5,13,406
43.5,3,5,14,408
43.5,3,5,15,410
43.5,3,6,0,385
43.5,3,6,1,387
43.5,3,6,2,389
43.5,3,6,3,391
43.5,3,6,4,392
43.5,3,6,5,394
43.5,3,6,6,396
43.5,3,6,7,398
43.5,3,6,8,400
43.5,3,6,9,402
43.5,3,6,10,403
43.5,3,6,11,405
43.5,3,6,12,407
43.5,3,6,13,409
43.5,3,6,14,411
43.5,3,6,15,412
43.5,3,7,0,387
43.5,3,7,1,389
43.5,3,7,2,391
43.5,3,7,3,393
43.5,3,7,4,395
43.5,3,7,5,397
43.5,3,7,6,398
43.5,3,7,7,400
43.5,3,7,8,402
43.5,3,7,9,404
43.5,3,7,10,406
43.5,3,7,11,407
43.5,3,7,12,409
43.5,3,7,13,411
43.5,3,7,14,413
43.5,3,7,15,415
43.5,3,8,0,389
43.5,3,8,1,391
43.5,3,8,2,393
43.5,3,8,3,395
43.5,3,8,4,397
43.5,3,8,5,399
43.5,3,8,6,401
43.5,3,8,7,402
43.5,3,8,8,404
43.5,3,8,9,406
43.5,3,8,10,408
43.5,3,8,11,410
43.5,3,8,12,412
43.5,3,8,13,413
43.5,3,8,14,415
43.5,3,8,15,417
43.5,3,9,0,391
43.5,3,9,1,393
43.5,3,9,2,395
43.5,3,9,3,397
43.5,3,9,4,399
43.5,3,9,5,401
43.5,3,9,6,403
43.5,3,9,7,405
43.5,3,9,8,406
43.5,3,9,9,408
43.5,3,9,10,410
43.5,3,9,11,412
43.5,3,9,12,414
43.5,3,9,13,416
43.5,3,9,14,417
43.5,3,9,15,419
43.5,3,10,0,394
43.5,3,10,1,395
43.5,3,10,2,397
43.5,3,10,3,399
43.5,3,10,4,401
43.5,3,10,5,403
43.5,3,10,6,405
43.5,3,10,7,407
43.5,3,10,8,409
43.5,3,10,9,411
43.5,3,10,10,412
43.5,3,10,11,414
43.5,3,10,12,416
43.5,3,10,13,418
43.5,3,10,14,420
43.5,3,10,15,422
43.5,3,11,0,396
43.5,3,11,1,398
43.5,3,11,2,400
43.5,3,11,3,401
43.5,3,11,4,403
43.5,3,11,5,405
43.5,3,11,6,407
43.5,3,11,7,409
43.5,3,11,8,411
43.5,3,11,9,413
43.5,3,11,10,415
43.5,3,11,11,416
43.5,3,11,12,418
43.5,3,11,13,420
43.5,3,11,14,422
43.5,3,11,15,424
43.5,3,12,0,398
43.5,3,12,1,400
43.5,3,12,2,402
43.5,3,12,3,404
43.5,3,12,4,405
43.5,3,12,5,407
43.5,3,12,6,409
43.5,3,12,7,411
43.5,3,12,8,413
43.5,3,12,9,415
43.5,3,12,10,417
43.5,3,12,11,419
43.5,3,12,12,421
43.5,3,12,13,422
43.5,3,12,14,424
43.5,3,12,15,426
43.5,3,13,0,400
43.5,3,13,1,402
43.5,3,13,2,404
43.5,3,13,3,406
43.5,3,13,4,408
43.5,3,13,5,410
43.5,3,13,6,411
43.5,3,13,7,413
43.5,3,13,8,415
43.5,3,13,9,417
43.5,3,13,10,419
43.5,3,13,11,421
43.5,3,13,12,423
43.5,3,13,13,425
43.5,3,13,14,426
43.5,3,13,15,428
43.5,3,14,0,402
43.5,3,14,1,404
43.5,3,14,2,406
43.5,3,14,3,408
43.5,3,14,4,410
43.5,3,14,5,412
43.5,3,14,6,414
43.5,3,14,7,416
43.5,3,14,8,417
43.5,3,14,9,419
43.5,3,14,10,421
43.5,3,14,11,423
43.5,3,14,12,425
43.5,3,14,13,427
43.5,3,14,14,429
43.5,3,14,15,431
43.5,3,15,0,404
43.5,3,15,1,406
43.5,3,15,2,408
43.5,3,15,3,410
43.5,3,15,4,412
43.5,3,15,5,414
43.5,3,15,6,416
43.5,3,15,7,418
43.5,3,15,8,420
43.5,3,15,9,421
43.5,3,15,10,423
43.5,3,15,11,425
43.5,3,15,12,427
43.5,3,15,13,429
43.5,3,15,14,431
43.5,3,15,15,433
43.5,4,0,0,378
43.5,4,0,1,380
43.5,4,0,2,381
43.5,4,0,3,383
43.5,4,0,4,385
43.5,4,0,5,387
43.5,4,0,6,389
43.5,4,0,7,391
43.5,4,0,8,392
43.5,4,0,9,394
43.5,4,0,10,396
43.5,4,0,11,398
43.5,4,0,12,399
43.5,4,0,13,401
43.5,4,0,14,403
43.5,4,0,15,405
43.5,4,1,0,380
43.5,4,1,1,382
43.5,4,1,2,384
43.5,4,1,3,386
43.5,4,1,4,387
43.5,4,1,5,389
43.5,4,1,6,391
43.5,4,1,7,393
43.5,4,1,8,395
43.5,4,1,9,396
43.5,4,1,10,398
43.5,4,1,11,400
43.5,4,1,12,402
43.5,4,1,13,404
43.5,4,1,14,405
43.5,4,1,15,407
43.5,4,2,0,382
43.5,4,2,1,384
43.5,4,2,2,386
43.5,4,2,3,388
43.5,4,2,4,390
43.5,4,2,5,392
43.5,4,2,6,393
43.5,4,2,7,395
43.5,4,2,8,397
43.5,4,2,9,399
43.5,4,2,10,401
43.5,4,2,11,402
43.5,4,2,12,404
43.5,4,2,13,406
43.5,4,2,14,408
43.5,4,2,15,409
43.5,4,3,0,385
43.5,4,3,1,386
43.5,4,3,2,388
43.5,4,3,3,390
43.5,4,3,4,392
43.5,4,3,5,394
43.5,4,3,6,396
43.5,4,3,7,398
43.5,4,3,8,399
43.5,4,3,9,401
43.5,4,3,10,403
43.5,4,3,11,405
43.5,4,3,12,407
43.5,4,3,13,408
43.5,4,3,14,410
43.5,4,3,15,412
43.5,4,4,0,387
43.5,4,4,1,389
43.5,4,4,2,391
43.5,4,4,3,392
43.5,4,4,4,394
43.5,4,4,5,396
43.5,4,4,6,398
43.5,4,4,7,400
43.5,4,4,8,402
43.5,4,4,9,403
43.5,4,4,10,405
43.5,4,4,11,407
43.5,4,4,12,409
43.5,4,4,13,411
43.5,4,4,14,412
43.5,4,4,15,414
43.5,4,5,0,389
43.5,4,5,1,391
43.5,4,5,2,393
43.5,4,5,3,395
43.5,4,5,4,397
43.5,4,5,5,398
43.5,4,5,6,400
43.5,4,5,7,402
43.5,4,5,8,404
43.5,4,5,9,406
43.5,4,5,10,408
43.5,4,5,11,409
43.5,4,5,12,411
43.5,4,5,13,413
43.5,4,5,14,415
43.5,4,5,15,417
43.5,4,6,0,391
43.5,4,6,1,393
43.5,4,6,2,395
43.5,4,6,3,397
43.5,4,6,4,399
43.5,4,6,5,401
43.5,4,6,6,403
43.5,4,6,7,404
43.5,4,6,8,406
43.5,4,6,9,408
43.5,4,6,10,410
43.5,4,6,11,412
43.5,4,6,12,414
43.5,4,6,13,415
43.5,4,6,14,417
43.5,4,6,15,419
43.5,4,7,0,393
43.5,4,7,1,395
43.5,4,7,2,397
43.5,4,7,3,399
43.5,4,7,4,401
43.5,4,7,5,403
43.5,4,7,6,405
43.5,4,7,7,407
43.5,4,7,8,409
43.5,4,7,9,410
43.5,4,7,10,412
43.5,4,7,11,414
43.5,4,7,12,416
43.5,4,7,13,418
43.5,4,7,14,420
43.5,4,7,15,421
43.5,4,8,0,396
43.5,4,8,1,398
43.5,4,8,2,399
43.5,4,8,3,401
43.5,4,8,4,403
43.5,4,8,5,405
43.5,4,8,6,407
43.5,4,8,7,409
43.5,4,8,8,411
43.5,4,8,9,413
43.5,4,8,10,415
43.5,4,8,11,416
43.5,4,8,12,418
43.5,4,8,13,420
43.5,4,8,14,422
43.5,4,8,15,424
43.5,4,9,0,398
43.5,4,9,1,400
43.5,4,9,2,402
43.5,4,9,3,404
43.5,4,9,4,405
43.5,4,9,5,407
43.5,4,9,6,409
43.5,4,9,7,411
43.5,4,9,8,413
43.5,4,9,9,415
43.5,4,9,10,417
43.5,4,9,11,419
43.5,4,9,12,421
43.5,4,9,13,422
43.5,4,9,14,424
43.5,4,9,15,426
43.5,4,10,0,400
43.5,4,10,1,402
43.5,4,10,2,404
43.5,4,10,3,406
43.5,4,10,4,408
43.5,4,10,5,410
43.5,4,10,6,412
43.5,4,10,7,413
43.5,4,10,8,415
43.5,4,10,9,417
43.5,4,10,10,419
43.5,4,10,11,421
43.5,4,10,12,423
43.5,4,10,13,425
43.5,4,10,14,426
43.5,4,10,15,428
43.5,4,11,0,402
43.5,4,11,1,404
43.5,4,11,2,406
43.5,4,11,3,408
43.5,4,11,4,410
43.5,4,11,5,412
43.5,4,11,6,414
43.5,4,11,7,416
43.5,4,11,8,418
43.5,4,11,9,419
43.5,4,11,10,421
43.5,4,11,11,423
43.5,4,11,12,425
43.5,4,11,13,427
43.5,4,11,14,429
43.5,4,11,15,431
43.5,4,12,0,404
43.5,4,12,1,406
43.5,4,12,2,408
43.5,4,12,3,410
43.5,4,12,4,412
43.5,4,12,5,414
43.5,4,12,6,416
43.5,4,12,7,418
43.5,4,12,8,420
43.5,4,12,9,422
43.5,4,12,10,424
43.5,4,12,11,425
43.5,4,12,12,427
43.5,4,12,13,429
43.5,4,12,14,431
43.5,4,12,15,433
43.5,4,13,0,406
43.5,4,13,1,408
43.5,4,13,2,410
43.5,4,13,3,412
43.5,4,13,4,414
43.5,4,13,5,416
43.5,4,13,6,418
43.5,4,13,7,420
43.5,4,13,8,422
43.5,4,13,9,424
43.5,4,13,10,426
43.5,4,13,11,428
43.5,4,13,12,430
43.5,4,13,13,431
43.5,4,13,14,433
43.5,4,13,15,435
43.5,4,14,0,408
43.5,4,14,1,410
43.5,4,14,2,412
43.5,4,14,3,414
43.5,4,14,4,416
43.5,4,14,5,418
43.5,4,14,6,420
43.5,4,14,7,422
43.5,4,14,8,424
43.5,4,14,9,426
43.5,4,14,10,428
43.5,4,14,11,430
43.5,4,14,12,432
43.5,4,14,13,434
43.5,4,14,14,436
43.5,4,14,15,437
43.5,4,15,0,411
43.5,4,15,1,413
43.5,4,15,2,415
43.5,4,15,3,417
43.5,4,15,4,419
43.5,4,15,5,420
43.5,4,15,6,422
43.5,4,15,7,424
43.5,4,15,8,426
43.5,4,15,9,428
43.5,4,15,10,430
43.5,4,15,11,432
43.5,4,15,12,434
43.5,4,15,13,436
43.5,4,15,14,438
43.5,4,15,15,440
43.5,5,0,0,384
43.5,5,0,1,386
43.5,5,0,2,388
43.5,5,0,3,389
43.5,5,0,4,391
43.5,5,0,5,393
43.5,5,0,6,395
43.5,5,0,7,397
43.5,5,0,8,399
43.5,5,0,9,400
43.5,5,0,10,402
43.5,5,0,11,404
43.5,5,0,12,406
43.5,5,0,13,408
43.5,5,0,14,409
43.5,5,0,15,411
43.5,5,1,0,386
43.5,5,1,1,388
43.5,5,1,2,390
43.5,5,1,3,392
43.5,5,1,4,394
43.5,5,1,5,395
43.5,5,1,6,397
43.5,5,1,7,399
43.5,5,1,8,401
43.5,5,1,9,403
43.5,5,1,10,405
43.5,5,1,11,406
43.5,5,1,12,408
43.5,5,1,13,410
43.5,5,1,14,412
43.5,5,1,15,414
43.5,5,2,0,388
43.5,5,2,1,390
43.5,5,2,2,392
43.5,5,2,3,394
43.5,5,2,4,396
43.5,5,2,5,398
43.5,5,2,6,400
43.5,5,2,7,401
43.5,5,2,8,403
43.5,5,2,9,405
43.5,5,2,10,407
43.5,5,2,11,409
43.5,5,2,12,411
43.5,5,2,13,412
43.5,5,2,14,414
43.5,5,2,15,416
43.5,5,3,0,391
43.5,5,3,1,393
43.5,5,3,2,394
43.5,5,3,3,396
43.5,5,3,4,398
43.5,5,3,5,400
43.5,5,3,6,402
43.5,5,3,7,404
43.5,5,3,8,406
43.5,5,3,9,408
43.5,5,3,10,409
43.5,5,3,11,411
43.5,5,3,12,413
43.5,5,3,13,415
43.5,5,3,14,417
43.5,5,3,15,418
43.5,5,4,0,393
43.5,5,4,1,395
43.5,5,4,2,397
43.5,5,4,3,399
43.5,5,4,4,401
43.5,5,4,5,402
43.5,5,4,6,404
43.5,5,4,7,406
43.5,5,4,8,408
43.5,5,4,9,410
43.5,5,4,10,412
43.5,5,4,11,414
43.5,5,4,12,415
43.5,5,4,13,417
43.5,5,4,14,419
43.5,5,4,15,421
43.5,5,5,0,395
43.5,5,5,1,397
43.5,5,5,2,399
43.5,5,5,3,401
43.5,5,5,4,403
43.5,5,5,5,405
43.5,5,5,6,407
43.5,5,5,7,409
43.5,5,5,8,410
43.5,5,5,9,412
43.5,5,5,10,414
43.5,5,5,11,416
43.5,5,5,12,418
43.5,5,5,13,420
43.5,5,5,14,421
43.5,5,5,15,423
43.5,5,6,0,397
43.5,5,6,1,399
43.5,5,6,2,401
43.5,5,6,3,403
43.5,5,6,4,405
43.5,5,6,5,407
43.5,5,6,6,409
43.5,5,6,7,411
43.5,5,6,8,413
43.5,5,6,9,415
43.5,5,6,10,416
43.5,5,6,11,418
43.5,5,6,12,420
43.5,5,6,13,422
43.5,5,6,14,424
43.5,5,6,15,426
43.5,5,7,0,400
43.5,5,7,1,402
43.5,5,7,2,404
43.5,5,7,3,405
43.5,5,7,4,407
43.5,5,7,5,409
43.5,5,7,6,411
43.5,5,7,7,413
43.5,5,7,8,415
43.5,5,7,9,417
43.5,5,7,10,419
43.5,5,7,11,421
43.5,5,7,12,423
43.5,5,7,13,424
43.5,5,7,14,426
43.5,5,7,15,428
43.5,5,8,0,402
43.5,5,8,1,404
43.5,5,8,2,406
43.5,5,8,3,408
43.5,5,8,4,410
43.5,5,8,5,412
43.5,5,8,6,414
43.5,5,8,7,415
43.5,5,8,8,417
43.5,5,8,9,419
43.5,5,8,10,421
43.5,5,8,11,423
43.5,5,8,12,425
43.5,5,8,13,427
43.5,5,8,14,429
43.5,5,8,15,430
43.5,5,9,0,404
43.5,5,9,1,406
43.5,5,9,2,408
43.5,5,9,3,410
43.5,5,9,4,412
43.5,5,9,5,414
43.5,5,9,6,416
43.5,5,9,7,418
43.5,5,9,8,420
43.5,5,9,9,422
43.5,5,9,10,423
43.5,5,9,11,425
43.5,5,9,12,427
43.5,5,9,13,429
43.5,5,9,14,431
43.5,5,9,15,433
43.5,5,10,0,406
43.5,5,10,1,408
43.5,5,10,2,410
43.5,5,10,3,412
43.5,5,10,4,414
43.5,5,10,5,416
43.5,5,10,6,418
43.5,5,10,7,420
43.5,5,10,8,422
43.5,5,10,9,424
43.5,5,10,10,426
43.5,5,10,11,428
43.5,5,10,12,430
43.5,5,10,13,431
43.5,5,10,14,433
43.5,5,10,15,435
43.5,5,11,0,408
43.5,5,11,1,410
43.5,5,11,2,412
43.5,5,11,3,414
43.5,5,11,4,416
43.5,5,11,5,418
43.5,5,11,6,420
43.5,5,11,7,422
43.5,5,11,8,424
43.5,5,11,9,426
43.5,5,11,10,428
43.5,5,11,11,430
43.5,5,11,12,432
43.5,5,11,13,434
43.5,5,11,14,436
43.5,5,11,15,437
43.5,5,12,0,411
43.5,5,12,1,413
43.5,5,12,2,415
43.5,5,12,3,417
43.5,5,12,4,419
43.5,5,12,5,421
43.5,5,12,6,423
43.5,5,12,7,424
43.5,5,12,8,426
43.5,5,12,9,428
43.5,5,12,10,430
43.5,5,12,11,432
43.5,5,12,12,434
43.5,5,12,13,436
43.5,5,12,14,438
43.5,5,12,15,440
43.5,5,13,0,413
43.5,5,13,1,415
43.5,5,13,2,417
43.5,5,13,3,419
43.5,5,13,4,421
43.5,5,13,5,423
43.5,5,13,6,425
43.5,5,13,7,427
43.5,5,13,8,429
43.5,5,13,9,431
43.5,5,13,10,433
43.5,5,13,11,434
43.5,5,13,12,436
43.5,5,13,13,438
43.5,5,13,14,440
43.5,5,13,15,442
43.5,5,14,0,415
43.5,5,14,1,417
43.5,5,14,2,419
43.5,5,14,3,421
43.5,5,14,4,423
43.5,5,14,5,425
43.5,5,14,6,427
43.5,5,14,7,429
43.5,5,14,8,431
43.5,5,14,9,433
43.5,5,14,10,435
43.5,5,14,11,437
43.5,5,14,12,439
43.5,5,14,13,441
43.5,5,14,14,442
43.5,5,14,15,444
43.5,5,15,0,417
43.5,5,15,1,419
43.5,5,15,2,421
43.5,5,15,3,423
43.5,5,15,4,425
43.5,5,15,5,427
43.5,5,15,6,429
43.5,5,15,7,431
43.5,5,15,8,433
43.5,5,15,9,435
43.5,5,15,10,437
43.5,5,15,11,439
43.5,5,15,12,441
43.5,5,15,13,443
43.5,5,15,14,445
43.5,5,15,15,447
43.5,6,0,0,390
43.5,6,0,1,392
43.5,6,0,2,394
43.5,6,0,3,395
43.5,6,0,4,397
43.5,6,0,5,399
43.5,6,0,6,401
43.5,6,0,7,403
43.5,6,0,8,405
43.5,6,0,9,407
43.5,6,0,10,408
43.5,6,0,11,410
43.5,6,0,12,412
43.5,6,0,13,414
43.5,6,0,14,416
43.5,6,0,15,417
43.5,6,1,0,392
43.5,6,1,1,394
43.5,6,1,2,396
43.5,6,1,3,398
43.5,6,1,4,400
43.5,6,1,5,402
43.5,6,1,6,403
43.5,6,1,7,405
43.5,6,1,8,407
43.5,6,1,9,409
43.5,6,1,10,411
43.5,6,1,11,413
43.5,6,1,12,415
43.5,6,1,13,416
43.5,6,1,14,418
43.5,6,1,15,420
43.5,6,2,0,394
43.5,6,2,1,396
43.5,6,2,2,398
43.5,6,2,3,400
43.5,6,2,4,402
43.5,6,2,5,404
43.5,6,2,6,406
43.5,6,2,7,408
43.5,6,2,8,410
43.5,6,2,9,411
43.5,6,2,10,413
43.5,6,2,11,415
43.5,6,2,12,417
43.5,6,2,13,419
43.5,6,2,14,421
43.5,6,2,15,422
43.5,6,3,0,397
43.5,6,3,1,399
43.5,6,3,2,401
43.5,6,3,3,403
43.5,6,3,4,404
43.5,6,3,5,406
43.5,6,3,6,408
43.5,6,3,7,410
43.5,6,3,8,412
43.5,6,3,9,414
43.5,6,3,10,416
43.5,6,3,11,418
43.5,6,3,12,419
43.5,6,3,13,421
43.5,6,3,14,423
43.5,6,3,15,425
43.5,6,4,0,399
43.5,6,4,1,401
43.5,6,4,2,403
43.5,6,4,3,405
43.5,6,4,4,407
43.5,6,4,5,409
43.5,6,4,6,411
43.5,6,4,7,413
43.5,6,4,8,414
43.5,6,4,9,416
43.5,6,4,10,418
43.5,6,4,11,420
43.5,6,4,12,422
43.5,6,4,13,424
43.5,6,4,14,426
43.5,6,4,15,427
43.5,6,5,0,401
43.5,6,5,1,403
43.5,6,5,2,405
43.5,6,5,3,407
43.5,6,5,4,409
43.5,6,5,5,411
43.5,6,5,6,413
43.5,6,5,7,415
43.5,6,5,8,417
43.5,6,5,9,419
43.5,6,5,10,421
43.5,6,5,11,422
43.5,6,5,12,424
43.5,6,5,13,426
43.5,6,5,14,428
43.5,6,5,15,430
43.5,6,6,0,404
43.5,6,6,1,406
43.5,6,6,2,408
43.5,6,6,3,410
43.5,6,6,4,411
43.5,6,6,5,413
43.5,6,6,6,415
43.5,6,6,7,417
43.5,6,6,8,419
43.5,6,6,9,421
43.5,6,6,10,423
43.5,6,6,11,425
43.5,6,6,12,427
43.5,6,6,13,429
43.5,6,6,14,430
43.5,6,6,15,432
43.5,6,7,0,406
43.5,6,7,1,408
43.5,6,7,2,410
43.5,6,7,3,412
43.5,6,7,4,414
43.5,6,7,5,416
43.5,6,7,6,418
43.5,6,7,7,420
43.5,6,7,8,422
43.5,6,7,9,423
43.5,6,7,10,425
43.5,6,7,11,427
43.5,6,7,12,429
43.5,6,7,13,431
43.5,6,7,14,433
43.5,6,7,15,435
43.5,6,8,0,408
43.5,6,8,1,410
43.5,6,8,2,412
43.5,6,8,3,414
43.5,6,8,4,416
43.5,6,8,5,418
43.5,6,8,6,420
43.5,6,8,7,422
43.5,6,8,8,424
43.5,6,8,9,426
43.5,6,8,10,428
43.5,6,8,11,430
43.5,6,8,12,432
43.5,6,8,13,433
43.5,6,8,14,435
43.5,6,8,15,437
43.5,6,9,0,410
43.5,6,9,1,412
43.5,6,9,2,414
43.5,6,9,3,416
43.5,6,9,4,418
43.5,6,9,5,420
43.5,6,9,6,422
43.5,6,9,7,424
43.5,6,9,8,426
43.5,6,9,9,428
43.5,6,9,10,430
43.5,6,9,11,432
43.5,6,9,12,434
43.5,6,9,13,436
43.5,6,9,14,438
43.5,6,9,15,440
43.5,6,10,0,413
43.5,6,10,1,415
43.5,6,10,2,417
43.5,6,10,3,419
43.5,6,10,4,421
43.5,6,10,5,423
43.5,6,10,6,425
43.5,6,10,7,427
43.5,6,10,8,429
43.5,6,10,9,430
43.5,6,10,10,432
43.5,6,10,11,434
43.5,6,10,12,436
43.5,6,10,13,438
43.5,6,10,14,440
43.5,6,10,15,442
43.5,6,11,0,415
43.5,6,11,1,417
43.5,6,11,2,419
43.5,6,11,3,421
43.5,6,11,4,423
43.5,6,11,5,425
43.5,6,11,6,427
43.5,6,11,7,429
43.5,6,11,8,431
43.5,6,11,9,433
43.5,6,11,10,435
43.5,6,11,11,437
43.5,6,11,12,439
43.5,6,11,13,440
43.5,6,11,14,442
43.5,6,11,15,444
43.5,6,12,0,417
43.5,6,12,1,419
43.5,6,12,2,421
43.5,6,12,3,423
43.5,6,12,4,425
43.5,6,12,5,427
43.5,6,12,6,429
43.5,6,12,7,431
43.5,6,12,8,433
43.5,6,12,9,435
43.5,6,12,10,437
43.5,6,12,11,439
43.5,6,12,12,441
43.5,6,12,13,443
43.5,6,12,14,445
43.5,6,12,15,447
43.5,6,13,0,419
43.5,6,13,1,421
43.5,6,13,2,423
43.5,6,13,3,425
43.5,6,13,4,427
43.5,6,13,5,429
43.5,6,13,6,431
43.5,6,13,7,433
43.5,6,13,8,435
43.5,6,13,9,437
43.5,6,13,10,439
43.5,6,13,11,441
43.5,6,13,12,443
43.5,6,13,13,445
43.5,6,13,14,447
43.5,6,13,15,449
43.5,6,14,0,421
43.5,6,14,1,423
43.5,6,14,2,426
43.5,6,14,3,428
43.5,6,14,4,430
43.5,6,14,5,432
43.5,6,14,6,434
43.5,6,14,7,436
43.5,6,14,8,438
43.5,6,14,9,440
43.5,6,14,10,442
43.5,6,14,11,444
43.5,6,14,12,446
43.5,6,14,13,447
43.5,6,14,14,449
43.5,6,14,15,451
43.5,6,15,0,424
43.5,6,15,1,426
43.5,6,15,2,428
43.5,6,15,3,430
43.5,6,15,4,432
43.5,6,15,5,434
43.5,6,15,6,436
43.5,6,15,7,438
43.5,6,15,8,440
43.5,6,15,9,442
43.5,6,15,10,444
43.5,6,15,11,446
43.5,6,15,12,448
43.5,6,15,13,450
43.5,6,15,14,452
43.5,6,15,15,454
43.5,7,0,0,396
43.5,7,0,1,398
43.5,7,0,2,400
43.5,7,0,3,402
43.5,7,0,4,403
43.5,7,0,5,405
43.5,7,0,6,407
43.5,7,0,7,409
43.5,7,0,8,411
43.5,7,0,9,413
43.5,7,0,10,415
43.5,7,0,11,417
43.5,7,0,12,418
43.5,7,0,13,420
43.5,7,0,14,422
43.5,7,0,15,424
43.5,7,1,0,398
43.5,7,1,1,400
43.5,7,1,2,402
43.5,7,1,3,404
43.5,7,1,4,406
43.5,7,1,5,408
43.5,7,1,6,410
43.5,7,1,7,412
43.5,7,1,8,413
43.5,7,1,9,415
43.5,7,1,10,417
43.5,7,1,11,419
43.5,7,1,12,421
43.5,7,1,13,423
43.5,7,1,14,425
43.5,7,1,15,426
43.5,7,2,0,401
43.5,7,2,1,402
43.5,7,2,2,404
43.5,7,2,3,406
43.5,7,2,4,408
43.5,7,2,5,410
43.5,7,2,6,412
43.5,7,2,7,414
43.5,7,2,8,416
43.5,7,2,9,418
43.5,7,2,10,420
43.5,7,2,11,422
43.5,7,2,12,423
43.5,7,2,13,425
43.5,7,2,14,427
43.5,7,2,15,429
43.5,7,3,0,403
43.5,7,3,1,405
43.5,7,3,2,407
43.5,7,3,3,409
43.5,7,3,4,411
43.5,7,3,5,413
43.5,7,3,6,415
43.5,7,3,7,416
43.5,7,3,8,418
43.5,7,3,9,420
43.5,7,3,10,422
43.5,7,3,11,424
43.5,7,3,12,426
43.5,7,3,13,428
43.5,7,3,14,430
43.5,7,3,15,432
43.5,7,4,0,405
43.5,7,4,1,407
43.5,7,4,2,409
43.5,7,4,3,411
43.5,7,4,4,413
43.5,7,4,5,415
43.5,7,4,6,417
43.5,7,4,7,419
43.5,7,4,8,421
43.5,7,4,9,423
43.5,7,4,10,425
43.5,7,4,11,427
43.5,7,4,12,428
43.5,7,4,13,430
43.5,7,4,14,432
43.5,7,4,15,434
43.5,7,5,0,408
43.5,7,5,1,410
43.5,7,5,2,412
43.5,7,5,3,413
43.5,7,5,4,415
43.5,7,5,5,417
43.5,7,5,6,419
43.5,7,5,7,421
43.5,7,5,8,423
43.5,7,5,9,425
43.5,7,5,10,427
43.5,7,5,11,429
43.5,7,5,12,431
43.5,7,5,13,433
43.5,7,5,14,435
43.5,7,5,15,437
43.5,7,6,0,410
43.5,7,6,1,412
43.5,7,6,2,414
43.5,7,6,3,416
43.5,7,6,4,418
43.5,7,6,5,420
43.5,7,6,6,422
43.5,7,6,7,424
43.5,7,6,8,426
43.5,7,6,9,428
43.5,7,6,10,429
43.5,7,6,11,431
43.5,7,6,12,433
43.5,7,6,13,435
43.5,7,6,14,437
43.5,7,6,15,439
43.5,7,7,0,412
43.5,7,7,1,414
43.5,7,7,2,416
43.5,7,7,3,418
43.5,7,7,4,420
43.5,7,7,5,422
43.5,7,7,6,424
43.5,7,7,7,426
43.5,7,7,8,428
43.5,7,7,9,430
43.5,7,7,10,432
43.5,7,7,11,434
43.5,7,7,12,436
43.5,7,7,13,438
43.5,7,7,14,440
43.5,7,7,15,441
43.5,7,8,0,414
43.5,7,8,1,416
43.5,7,8,2,418
43.5,7,8,3,420
43.5,7,8,4,422
43.5,7,8,5,424
43.5,7,8,6,426
43.5,7,8,7,428
43.5,7,8,8,430
43.5,7,8,9,432
43.5,7,8,10,434
43.5,7,8,11,436
43.5,7,8,12,438
43.5,7,8,13,440
43.5,7,8,14,442
43.5,7,8,15,444
43.5,7,9,0,417
43.5,7,9,1,419
43.5,7,9,2,421
43.5,7,9,3,423
43.5,7,9,4,425
43.5,7,9,5,427
43.5,7,9,6,429
43.5,7,9,7,431
43.5,7,9,8,433
43.5,7,9,9,435
43.5,7,9,10,437
43.5,7,9,11,439
43.5,7,9,12,441
43.5,7,9,13,442
43.5,7,9,14,444
43.5,7,9,15,446
43.5,7,10,0,419
43.5,7,10,1,421
43.5,7,10,2,423
43.5,7,10,3,425
43.5,7,10,4,427
43.5,7,10,5,429
43.5,7,10,6,431
43.5,7,10,7,433
43.5,7,10,8,435
43.5,7,10,9,437
43.5,7,10,10,439
43.5,7,10,11,441
43.5,7,10,12,443
43.5,7,10,13,445
43.5,7,10,14,447
43.5,7,10,15,449
43.5,7,11,0,421
43.5,7,11,1,423
43.5,7,11,2,425
43.5,7,11,3,427
43.5,7,11,4,429
43.5,7,11,5,431
43.5,7,11,6,433
43.5,7,11,7,435
43.5,7,11,8,437
43.5,7,11,9,439
43.5,7,11,10,441
43.5,7,11,11,443
43.5,7,11,12,445
43.5,7,11,13,447
43.5,7,11,14,449
43.5,7,11,15,451
43.5,7,12,0,423
43.5,7,12,1,426
43.5,7,12,2,428
43.5,7,12,3,430
43.5,7,12,4,432
43.5,7,12,5,434
43.5,7,12,6,436
43.5,7,12,7,438
43.5,7,12,8,440
43.5,7,12,9,442
43.5,7,12,10,444
43.5,7,12,11,446
43.5,7,12,12,448
43.5,7,12,13,450
43.5,7,12,14,452
43.5,7,12,15,454
43.5,7,13,0,426
43.5,7,13,1,428
43.5,7,13,2,430
43.5,7,13,3,432
43.5,7,13,4,434
43.5,7,13,5,436
43.5,7,13,6,438
43.5,7,13,7,440
43.5,7,13,8,442
43.5,7,13,9,444
43.5,7,13,10,446
43.5,7,13,11,448
43.5,7,13,12,450
43.5,7,13,13,452
43.5,7,13,14,454
43.5,7,13,15,456
43.5,7,14,0,428
43.5,7,14,1,430
43.5,7,14,2,432
43.5,7,14,3,434
43.5,7,14,4,436
43.5,7,14,5,438
43.5,7,14,6,440
43.5,7,14,7,442
43.5,7,14,8,444
43.5,7,14,9,446
43.5,7,14,10,448
43.5,7,14,11,450
43.5,7,14,12,452
43.5,7,14,13,454
43.5,7,14,14,456
43.5,7,14,15,458
43.5,7,15,0,430
43.5,7,15,1,432
43.5,7,15,2,434
43.5,7,15,3,436
43.5,7,15,4,438
43.5,7,15,5,441
43.5,7,15,6,443
43.5,7,15,7,445
43.5,7,15,8,447
43.5,7,15,9,449
43.5,7,15,10,451
43.5,7,15,11,453
43.5,7,15,12,455
43.5,7,15,13,457
43.5,7,15,14,459
43.5,7,15,15,461
43.5,8,0,0,402
43.5,8,0,1,404
43.5,8,0,2,406
43.5,8,0,3,408
43.5,8,0,4,410
43.5,8,0,5,412
43.5,8,0,6,413
43.5,8,0,7,415
43.5,8,0,8,417
43.5,8,0,9,419
43.5,8,0,10,421
43.5,8,0,11,423
43.5,8,0,12,425
43.5,8,0,13,427
43.5,8,0,14,428
43.5,8,0,15,430
43.5,8,1,0,404
43.5,8,1,1,406
43.5,8,1,2,408
43.5,8,1,3,410
43.5,8,1,4,412
43.5,8,1,5,414
43.5,8,1,6,416
43.5,8,1,7,418
43.5,8,1,8,420
43.5,8,1,9,422
43.5,8,1,10,424
43.5,8,1,11,425
43.5,8,1,12,427
43.5,8,1,13,429
43.5,8,1,14,431
43.5,8,1,15,433
43.5,8,2,0,407
43.5,8,2,1,409
43.5,8,2,2,411
43.5,8,2,3,413
43.5,8,2,4,414
43.5,8,2,5,416
43.5,8,2,6,418
43.5,8,2,7,420
43.5,8,2,8,422
43.5,8,2,9,424
43.5,8,2,10,426
43.5,8,2,11,428
43.5,8,2,12,430
43.5,8,2,13,432
43.5,8,2,14,434
43.5,8,2,15,435
43.5,8,3,0,409
43.5,8,3,1,411
43.5,8,3,2,413
43.5,8,3,3,415
43.5,8,3,4,417
43.5,8,3,5,419
43.5,8,3,6,421
43.5,8,3,7,423
43.5,8,3,8,425
43.5,8,3,9,427
43.5,8,3,10,429
43.5,8,3,11,430
43.5,8,3,12,432
43.5,8,3,13,434
43.5,8,3,14,436
43.5,8,3,15,438
43.5,8,4,0,411
43.5,8,4,1,413
43.5,8,4,2,415
43.5,8,4,3,417
43.5,8,4,4,419
43.5,8,4,5,421
43.5,8,4,6,423
43.5,8,4,7,425
43.5,8,4,8,427
43.5,8,4,9,429
43.5,8,4,10,431
43.5,8,4,11,433
43.5,8,4,12,435
43.5,8,4,13,437
43.5,8,4,14,439
43.5,8,4,15,441
43.5,8,5,0,414
43.5,8,5,1,416
43.5,8,5,2,418
43.5,8,5,3,420
43.5,8,5,4,422
43.5,8,5,5,424
43.5,8,5,6,426
43.5,8,5,7,428
43.5,8,5,8,430
43.5,8,5,9,432
43.5,8,5,10,434
43.5,8,5,11,435
43.5,8,5,12,437
43.5,8,5,13,439
43.5,8,5,14,441
43.5,8,5,15,443
43.5,8,6,0,416
43.5,8,6,1,418
43.5,8,6,2,420
43.5,8,6,3,422
43.5,8,6,4,424
43.5,8,6,5,426
43.5,8,6,6,428
43.5,8,6,7,430
43.5,8,6,8,432
43.5,8,6,9,434
43.5,8,6,10,436
43.5,8,6,11,438
43.5,8,6,12,440
43.5,8,6,13,442
43.5,8,6,14,444
43.5,8,6,15,446
43.5,8,7,0,418
43.5,8,7,1,420
43.5,8,7,2,422
43.5,8,7,3,425
43.5,8,7,4,427
43.5,8,7,5,429
43.5,8,7,6,431
43.5,8,7,7,433
43.5,8,7,8,435
43.5,8,7,9,436
43.5,8,7,10,438
43.5,8,7,11,440
43.5,8,7,12,442
43.5,8,7,13,444
43.5,8,7,14,446
43.5,8,7,15,448
43.5,8,8,0,421
43.5,8,8,1,423
43.5,8,8,2,425
43.5,8,8,3,427
43.5,8,8,4,429
43.5,8,8,5,431
43.5,8,8,6,433
43.5,8,8,7,435
43.5,8,8,8,437
43.5,8,8,9,439
43.5,8,8,10,441
43.5,8,8,11,443
43.5,8,8,12,445
43.5,8,8,13,447
43.5,8,8,14,449
43.5,8,8,15,451
43.5,8,9,0,423
43.5,8,9,1,425
43.5,8,9,2,427
43.5,8,9,3,429
43.5,8,9,4,431
43.5,8,9,5,433
43.5,8,9,6,435
43.5,8,9,7,437
43.5,8,9,8,439
43.5,8,9,9,441
43.5,8,9,10,443
43.5,8,9,11,445
43.5,8,9,12,447
43.5,8,9,13,449
43.5,8,9,14,451
43.5,8,9,15,453
43.5,8,10,0,425
43.5,8,10,1,427
43.5,8,10,2,429
43.5,8,10,3,432
43.5,8,10,4,434
43.5,8,10,5,436
43.5,8,10,6,438
43.5,8,10,7,440
43.5,8,10,8,442
43.5,8,10,9,444
43.5,8,10,10,446
43.5,8,10,11,448
43.5,8,10,12,450
43.5,8,10,13,452
43.5,8,10,14,454
43.5,8,10,15,456
43.5,8,11,0,428
43.5,8,11,1,430
43.5,8,11,2,432
43.5,8,11,3,434
43.5,8,11,4,436
43.5,8,11,5,438
43.5,8,11,6,440
43.5,8,11,7,442
43.5,8,11,8,444
43.5,8,11,9,446
43.5,8,11,10,448
43.5,8,11,11,450
43.5,8,11,12,452
43.5,8,11,13,454
43.5,8,11,14,456
43.5,8,11,15,458
43.5,8,12,0,430
43.5,8,12,1,432
43.5,8,12,2,434
43.5,8,12,3,436
43.5,8,12,4,438
43.5,8,12,5,440
43.5,8,12,6,442
43.5,8,12,7,444
43.5,8,12,8,446
43.5,8,12,9,448
43.5,8,12,10,450
43.5,8,12,11,452
43.5,8,12,12,454
43.5,8,12,13,456
43.5,8,12,14,458
43.5,8,12,15,460
43.5,8,13,0,432
43.5,8,13,1,434
43.5,8,13,2,436
43.5,8,13,3,438
43.5,8,13,4,441
43.5,8,13,5,443
43.5,8,13,6,445
43.5,8,13,7,447
43.5,8,13,8,449
43.5,8,13,9,451
43.5,8,13,10,453
43.5,8,13,11,455
43.5,8,13,12,457
43.5,8,13,13,459
43.5,8,13,14,461
43.5,8,13,15,463
43.5,8,14,0,434
43.5,8,14,1,437
43.5,8,14,2,439
43.5,8,14,3,441
43.5,8,14,4,443
43.5,8,14,5,445
43.5,8,14,6,447
43.5,8,14,7,449
43.5,8,14,8,451
43.5,8,14,9,453
43.5,8,14,10,455
43.5,8,14,11,457
43.5,8,14,12,459
43.5,8,14,13,461
43.5,8,14,14,463
43.5,8,14,15,465
43.5,8,15,0,437
43.5,8,15,1,439
43.5,8,15,2,441
43.5,8,15,3,443
43.5,8,15,4,445
43.5,8,15,5,447
43.5,8,15,6,449
43.5,8,15,7,451
43.5,8,15,8,453
43.5,8,15,9,455
43.5,8,15,10,458
43.5,8,15,11,460
43.5,8,15,12,462
43.5,8,15,13,464
43.5,8,15,14,466
43.5,8,15,15,468
43.5,9,0,0,408
43.5,9,0,1,410
43.5,9,0,2,412
43.5,9,0,3,414
43.5,9,0,4,416
43.5,9,0,5,418
43.5,9,0,6,420
43.5,9,0,7,422
43.5,9,0,8,423
43.5,9,0,9,425
43.5,9,0,10,427
43.5,9,0,11,429
43.5,9,0,12,431
43.5,9,0,13,433
43.5,9,0,14,435
43.5,9,0,15,437
43.5,9,1,0,410
43.5,9,1,1,412
43.5,9,1,2,414
43.5,9,1,3,416
43.5,9,1,4,418
43.5,9,1,5,420
43.5,9,1,6,422
43.5,9,1,7,424
43.5,9,1,8,426
43.5,9,1,9,428
43.5,9,1,10,430
43.5,9,1,11,432
43.5,9,1,12,434
43.5,9,1,13,436
43.5,9,1,14,438
43.5,9,1,15,439
43.5,9,2,0,413
43.5,9,2,1,415
43.5,9,2,2,417
43.5,9,2,3,419
43.5,9,2,4,421
43.5,9,2,5,423
43.5,9,2,6,425
43.5,9,2,7,427
43.5,9,2,8,429
43.5,9,2,9,431
43.5,9,2,10,432
43.5,9,2,11,434
43.5,9,2,12,436
43.5,9,2,13,438
43.5,9,2,14,440
43.5,9,2,15,442
43.5,9,3,0,415
43.5,9,3,1,417
43.5,9,3,2,419
43.5,9,3,3,421
43.5,9,3,4,423
43.5,9,3,5,425
43.5,9,3,6,427
43.5,9,3,7,429
43.5,9,3,8,431
43.5,9,3,9,433
43.5,9,3,10,435
43.5,9,3,11,437
43.5,9,3,12,439
43.5,9,3,13,441
43.5,9,3,14,443
43.5,9,3,15,445
43.5,9,4,0,418
43.5,9,4,1,420
43.5,9,4,2,422
43.5,9,4,3,424
43.5,9,4,4,426
43.5,9,4,5,428
43.5,9,4,6,430
43.5,9,4,7,432
43.5,9,4,8,434
43.5,9,4,9,436
43.5,9,4,10,438
43.5,9,4,11,439
43.5,9,4,12,441
43.5,9,4,13,443
43.5,9,4,14,445
43.5,9,4,15,447
43.5,9,5,0,420
43.5,9,5,1,422
43.5,9,5,2,424
43.5,9,5,3,426
43.5,9,5,4,428
43.5,9,5,5,430
43.5,9,5,6,432
43.5,9,5,7,434
43.5,9,5,8,436
43.5,9,5,9,438
43.5,9,5,10,440
43.5,9,5,11,442
43.5,9,5,12,444
43.5,9,5,13,446
43.5,9,5,14,448
43.5,9,5,15,450
43.5,9,6,0,422
43.5,9,6,1,424
43.5,9,6,2,426
43.5,9,6,3,428
43.5,9,6,4,430
43.5,9,6,5,433
43.5,9,6,6,435
43.5,9,6,7,437
43.5,9,6,8,439
43.5,9,6,9,441
43.5,9,6,10,443
43.5,9,6,11,444
43.5,9,6,12,446
43.5,9,6,13,448
43.5,9,6,14,450
43.5,9,6,15,452
43.5,9,7,0,425
43.5,9,7,1,427
43.5,9,7,2,429
43.5,9,7,3,431
43.5,9,7,4,433
43.5,9,7,5,435
43.5,9,7,6,437
43.5,9,7,7,439
43.5,9,7,8,441
43.5,9,7,9,443
43.5,9,7,10,445
43.5,9,7,11,447
43.5,9,7,12,449
43.5,9,7,13,451
43.5,9,7,14,453
43.5,9,7,15,455
43.5,9,8,0,427
43.5,9,8,1,429
43.5,9,8,2,431
43.5,9,8,3,433
43.5,9,8,4,435
43.5,9,8,5,437
43.5,9,8,6,439
43.5,9,8,7,441
43.5,9,8,8,443
43.5,9,8,9,445
43.5,9,8,10,447
43.5,9,8,11,449
43.5,9,8,12,451
43.5,9,8,13,453
43.5,9,8,14,455
43.5,9,8,15,457
43.5,9,9,0,429
43.5,9,9,1,431
43.5,9,9,2,434
43.5,9,9,3,436
43.5,9,9,4,438
43.5,9,9,5,440
43.5,9,9,6,442
43.5,9,9,7,444
43.5,9,9,8,446
43.5,9,9,9,448
43.5,9,9,10,450
43.5,9,9,11,452
43.5,9,9,12,454
43.5,9,9,13,456
43.5,9,9,14,458
43.5,9,9,15,460
43.5,9,10,0,432
43.5,9,10,1,434
43.5,9,10,2,436
43.5,9,10,3,438
43.5,9,10,4,440
43.5,9,10,5,442
43.5,9,10,6,444
43.5,9,10,7,446
43.5,9,10,8,448
43.5,9,10,9,450
43.5,9,10,10,452
43.5,9,10,11,454
43.5,9,10,12,456
43.5,9,10,13,458
43.5,9,10,14,460
43.5,9,10,15,462
43.5,9,11,0,434
43.5,9,11,1,436
43.5,9,11,2,438
43.5,9,11,3,440
43.5,9,11,4,442
43.5,9,11,5,445
43.5,9,11,6,447
43.5,9,11,7,449
43.5,9,11,8,451
43.5,9,11,9,453
43.5,9,11,10,455
43.5,9,11,11,457
43.5,9,11,12,459
43.5,9,11,13,461
43.5,9,11,14,463
43.5,9,11,15,465
43.5,9,12,0,436
43.5,9,12,1,438
43.5,9,12,2,441
43.5,9,12,3,443
43.5,9,12,4,445
43.5,9,12,5,447
43.5,9,12,6,449
43.5,9,12,7,451
43.5,9,12,8,453
43.5,9,12,9,455
43.5,9,12,10,457
43.5,9,12,11,459
43.5,9,12,12,461
43.5,9,12,13,463
43.5,9,12,14,465
43.5,9,12,15,467
43.5,9,13,0,439
43.5,9,13,1,441
43.5,9,13,2,443
43.5,9,13,3,445
43.5,9,13,4,447
43.5,9,13,5,449
43.5,9,13,6,451
43.5,9,13,7,453
43.5,9,13,8,455
43.5,9,13,9,458
43.5,9,13,10,460
43.5,9,13,11,462
43.5,9,13,12,464
43.5,9,13,13,466
43.5,9,13,14,468
43.5,9,13,15,470
43.5,9,14,0,441
43.5,9,14,1,443
43.5,9,14,2,445
43.5,9,14,3,447
43.5,9,14,4,449
43.5,9,14,5,452
43.5,9,14,6,454
43.5,9,14,7,456
43.5,9,14,8,458
43.5,9,14,9,460
43.5,9,14,10,462
43.5,9,14,11,464
43.5,9,14,12,466
43.5,9,14,13,468
43.5,9,14,14,470
43.5,9,14,15,472
43.5,9,15,0,443
43.5,9,15,1,445
43.5,9,15,2,447
43.5,9,15,3,450
43.5,9,15,4,452
43.5,9,15,5,454
43.5,9,15,6,456
43.5,9,15,7,458
43.5,9,15,8,460
43.5,9,15,9,462
43.5,9,15,10,464
43.5,9,15,11,466
43.5,9,15,12,469
43.5,9,15,13,471
43.5,9,15,14,473
43.5,9,15,15,475
43.5,10,0,0,414
43.5,10,0,1,416
43.5,10,0,2,418
43.5,10,0,3,420
43.5,10,0,4,422
43.5,10,0,5,424
43.5,10,0,6,426
43.5,10,0,7,428
43.5,10,0,8,430
43.5,10,0,9,432
43.5,10,0,10,434
43.5,10,0,11,436
43.5,10,0,12,437
43.5,10,0,13,439
43.5,10,0,14,441
43.5,10,0,15,443
43.5,10,1,0,416
43.5,10,1,1,418
43.5,10,1,2,420
43.5,10,1,3,422
43.5,10,1,4,424
43.5,10,1,5,426
43.5,10,1,6,428
43.5,10,1,7,430
43.5,10,1,8,432
43.5,10,1,9,434
43.5,10,1,10,436
43.5,10,1,11,438
43.5,10,1,12,440
43.5,10,1,13,442
43.5,10,1,14,444
43.5,10,1,15,446
43.5,10,2,0,419
43.5,10,2,1,421
43.5,10,2,2,423
43.5,10,2,3,425
43.5,10,2,4,427
43.5,10,2,5,429
43.5,10,2,6,431
43.5,10,2,7,433
43.5,10,2,8,435
43.5,10,2,9,437
43.5,10,2,10,439
43.5,10,2,11,441
43.5,10,2,12,443
43.5,10,2,13,445
43.5,10,2,14,447
43.5,10,2,15,449
43.5,10,3,0,421
43.5,10,3,1,423
43.5,10,3,2,425
43.5,10,3,3,427
43.5,10,3,4,429
43.5,10,3,5,431
43.5,10,3,6,433
43.5,10,3,7,435
43.5,10,3,8,437
43.5,10,3,9,439
43.5,10,3,10,441
43.5,10,3,11,443
43.5,10,3,12,445
43.5,10,3,13,447
43.5,10,3,14,449
43.5,10,3,15,451
43.5,10,4,0,424
43.5,10,4,1,426
43.5,10,4,2,428
43.5,10,4,3,430
43.5,10,4,4,432
43.5,10,4,5,434
43.5,10,4,6,436
43.5,10,4,7,438
43.5,10,4,8,440
43.5,10,4,9,442
43.5,10,4,10,444
43.5,10,4,11,446
43.5,10,4,12,448
43.5,10,4,13,450
43.5,10,4,14,452
43.5,10,4,15,454
43.5,10,5,0,426
43.5,10,5,1,428
43.5,10,5,2,430
43.5,10,5,3,432
43.5,10,5,4,434
43.5,10,5,5,436
43.5,10,5,6,438
43.5,10,5,7,440
43.5,10,5,8,442
43.5,10,5,9,444
43.5,10,5,10,446
43.5,10,5,11,448
43.5,10,5,12,450
43.5,10,5,13,452
43.5,10,5,14,454
43.5,10,5,15,456
43.5,10,6,0,428
43.5,10,6,1,431
43.5,10,6,2,433
43.5,10,6,3,435
43.5,10,6,4,437
43.5,10,6,5,439
43.5,10,6,6,441
43.5,10,6,7,443
43.5,10,6,8,445
43.5,10,6,9,447
43.5,10,6,10,449
43.5,10,6,11,451
43.5,10,6,12,453
43.5,10,6,13,455
43.5,10,6,14,457
43.5,10,6,15,459
43.5,10,7,0,431
43.5,10,7,1,433
43.5,10,7,2,435
43.5,10,7,3,437
43.5,10,7,4,439
43.5,10,7,5,441
43.5,10,7,6,443
43.5,10,7,7,445
43.5,10,7,8,447
43.5,10,7,9,450
43.5,10,7,10,452
43.5,10,7,11,454
43.5,10,7,12,456
43.5,10,7,13,458
43.5,10,7,14,460
43.5,10,7,15,462
43.5,10,8,0,433
43.5,10,8,1,435
43.5,10,8,2,438
43.5,10,8,3,440
43.5,10,8,4,442
43.5,10,8,5,444
43.5,10,8,6,446
43.5,10,8,7,448
43.5,10,8,8,450
43.5,10,8,9,452
43.5,10,8,10,454
43.5,10,8,11,456
43.5,10,8,12,458
43.5,10,8,13,460
43.5,10,8,14,462
43.5,10,8,15,464
43.5,10,9,0,436
43.5,10,9,1,438
43.5,10,9,2,440
43.5,10,9,3,442
43.5,10,9,4,444
43.5,10,9,5,446
43.5,10,9,6,448
43.5,10,9,7,450
43.5,10,9,8,452
43.5,10,9,9,455
43.5,10,9,10,457
43.5,10,9,11,459
43.5,10,9,12,461
43.5,10,9,13,463
43.5,10,9,14,465
43.5,10,9,15,467
43.5,10,10,0,438
43.5,10,10,1,440
43.5,10,10,2,442
43.5,10,10,3,444
43.5,10,10,4,447
43.5,10,10,5,449
43.5,10,10,6,451
43.5,10,10,7,453
43.5,10,10,8,455
43.5,10,10,9,457
43.5,10,10,10,459
43.5,10,10,11,461
43.5,10,10,12,463
43.5,10,10,13,465
43.5,10,10,14,467
43.5,10,10,15,469
43.5,10,11,0,440
43.5,10,11,1,443
43.5,10,11,2,445
43.5,10,11,3,447
43.5,10,11,4,449
43.5,10,11,5,451
43.5,10,11,6,453
43.5,10,11,7,455
43.5,10,11,8,457
43.5,10,11,9,459
43.5,10,11,10,461
43.5,10,11,11,464
43.5,10,11,12,466
43.5,10,11,13,468
43.5,10,11,14,470
43.5,10,11,15,472
43.5,10,12,0,443
43.5,10,12,1,445
43.5,10,12,2,447
43.5,10,12,3,449
43.5,10,12,4,451
43.5,10,12,5,453
43.5,10,12,6,456
43.5,10,12,7,458
43.5,10,12,8,460
43.5,10,12,9,462
43.5,10,12,10,464
43.5,10,12,11,466
43.5,10,12,12,468
43.5,10,12,13,470
43.5,10,12,14,472
43.5,10,12,15,474
43.5,10,13,0,445
43.5,10,13,1,447
43.5,10,13,2,449
43.5,10,13,3,452
43.5,10,13,4,454
43.5,10,13,5,456
43.5,10,13,6,458
43.5,10,13,7,460
43.5,10,13,8,462
43.5,10,13,9,464
43.5,10,13,10,466
43.5,10,13,11,468
43.5,10,13,12,471
43.5,10,13,13,473
43.5,10,13,14,475
43.5,10,13,15,477
43.5,10,14,0,447
43.5,10,14,1,450
43.5,10,14,2,452
43.5,10,14,3,454
43.5,10,14,4,456
43.5,10,14,5,458
43.5,10,14,6,460
43.5,10,14,7,462
43.5,10,14,8,465
43.5,10,14,9,467
43.5,10,14,10,469
43.5,10,14,11,471
43.5,10,14,12,473
43.5,10,14,13,475
43.5,10,14,14,477
43.5,10,14,15,479
43.5,10,15,0,450
43.5,10,15,1,452
43.5,10,15,2,454
43.5,10,15,3,456
43.5,10,15,4,458
43.5,10,15,5,461
43.5,10,15,6,463
43.5,10,15,7,465
43.5,10,15,8,467
43.5,10,15,9,469
43.5,10,15,10,471
43.5,10,15,11,473
43.5,10,15,12,475
43.5,10,15,13,477
43.5,10,15,14,480
43.5,10,15,15,482
43.5,11,0,0,420
43.5,11,0,1,422
43.5,11,0,2,424
43.5,11,0,3,426
43.5,11,0,4,428
43.5,11,0,5,430
43.5,11,0,6,432
43.5,11,0,7,434
43.5,11,0,8,436
43.5,11,0,9,438
43.5,11,0,10,440
43.5,11,0,11,442
43.5,11,0,12,444
43.5,11,0,13,446
43.5,11,0,14,448
43.5,11,0,15,450
43.5,11,1,0,422
43.5,11,1,1,424
43.5,11,1,2,426
43.5,11,1,3,428
43.5,11,1,4,431
43.5,11,1,5,433
43.5,11,1,6,435
43.5,11,1,7,437
43.5,11,1,8,439
43.5,11,1,9,441
43.5,11,1,10,443
43.5,11,1,11,445
43.5,11,1,12,446
43.5,11,1,13,448
43.5,11,1,14,450
43.5,11,1,15,452
43.5,11,2,0,425
43.5,11,2,1,427
43.5,11,2,2,429
43.5,11,2,3,431
43.5,11,2,4,433
43.5,11,2,5,435
43.5,11,2,6,437
43.5,11,2,7,439
43.5,11,2,8,441
43.5,11,2,9,443
43.5,11,2,10,445
43.5,11,2,11,447
43.5,11,2,12,449
43.5,11,2,13,451
43.5,11,2,14,453
43.5,11,2,15,455
43.5,11,3,0,427
43.5,11,3,1,429
43.5,11,3,2,431
43.5,11,3,3,434
43.5,11,3,4,436
43.5,11,3,5,438
43.5,11,3,6,440
43.5,11,3,7,442
43.5,11,3,8,444
43.5,11,3,9,446
43.5,11,3,10,448
43.5,11,3,11,450
43.5,11,3,12,452
43.5,11,3,13,454
43.5,11,3,14,456
43.5,11,3,15,458
43.5,11,4,0,430
43.5,11,4,1,432
43.5,11,4,2,434
43.5,11,4,3,436
43.5,11,4,4,438
43.5,11,4,5,440
43.5,11,4,6,442
43.5,11,4,7,444
43.5,11,4,8,446
43.5,11,4,9,448
43.5,11,4,10,450
43.5,11,4,11,452
43.5,11,4,12,454
43.5,11,4,13,456
43.5,11,4,14,458
43.5,11,4,15,460
43.5,11,5,0,432
43.5,11,5,1,434
43.5,11,5,2,436
43.5,11,5,3,439
43.5,11,5,4,441
43.5,11,5,5,443
43.5,11,5,6,445
43.5,11,5,7,447
43.5,11,5,8,449
43.5,11,5,9,451
43.5,11,5,10,453
43.5,11,5,11,455
43.5,11,5,12,457
43.5,11,5,13,459
43.5,11,5,14,461
43.5,11,5,15,463
43.5,11,6,0,435
43.5,11,6,1,437
43.5,11,6,2,439
43.5,11,6,3,441
43.5,11,6,4,443
43.5,11,6,5,445
43.5,11,6,6,447
43.5,11,6,7,449
43.5,11,6,8,451
43.5,11,6,9,454
43.5,11,6,10,456
43.5,11,6,11,458
43.5,11,6,12,460
43.5,11,6,13,462
43.5,11,6,14,464
43.5,11,6,15,466
43.5,11,7,0,437
43.5,11,7,1,439
43.5,11,7,2,441
43.5,11,7,3,444
43.5,11,7,4,446
43.5,11,7,5,448
43.5,11,7,6,450
43.5,11,7,7,452
43.5,11,7,8,454
43.5,11,7,9,456
43.5,11,7,10,458
43.5,11,7,11,460
43.5,11,7,12,462
43.5,11,7,13,464
43.5,11,7,14,466
43.5,11,7,15,468
43.5,11,8,0,440
43.5,11,8,1,442
43.5,11,8,2,444
43.5,11,8,3,446
43.5,11,8,4,448
43.5,11,8,5,450
43.5,11,8,6,452
43.5,11,8,7,454
43.5,11,8,8,457
43.5,11,8,9,459
43.5,11,8,10,461
43.5,11,8,11,463
43.5,11,8,12,465
43.5,11,8,13,467
43.5,11,8,14,469
43.5,11,8,15,471
43.5,11,9,0,442
43.5,11,9,1,444
43.5,11,9,2,446
43.5,11,9,3,448
43.5,11,9,4,451
43.5,11,9,5,453
43.5,11,9,6,455
43.5,11,9,7,457
43.5,11,9,8,459
43.5,11,9,9,461
43.5,11,9,10,463
43.5,11,9,11,465
43.5,11,9,12,467
43.5,11,9,13,469
43.5,11,9,14,471
43.5,11,9,15,473
43.5,11,10,0,444
43.5,11,10,1,447
43.5,11,10,2,449
43.5,11,10,3,451
43.5,11,10,4,453
43.5,11,10,5,455
43.5,11,10,6,457
43.5,11,10,7,459
43.5,11,10,8,462
43.5,11,10,9,464
43.5,11,10,10,466
43.5,11,10,11,468
43.5,11,10,12,470
43.5,11,10,13,472
43.5,11,10,14,474
43.5,11,10,15,476
43.5,11,11,0,447
43.5,11,11,1,449
43.5,11,11,2,451
43.5,11,11,3,453
43.5,11,11,4,455
43.5,11,11,5,458
43.5,11,11,6,460
43.5,11,11,7,462
43.5,11,11,8,464
43.5,11,11,9,466
43.5,11,11,10,468
43.5,11,11,11,470
43.5,11,11,12,472
43.5,11,11,13,474
43.5,11,11,14,476
43.5,11,11,15,479
43.5,11,12,0,449
43.5,11,12,1,451
43.5,11,12,2,454
43.5,11,12,3,456
43.5,11,12,4,458
43.5,11,12,5,460
43.5,11,12,6,462
43.5,11,12,7,464
43.5,11,12,8,466
43.5,11,12,9,469
43.5,11,12,10,471
43.5,11,12,11,473
43.5,11,12,12,475
43.5,11,12,13,477
43.5,11,12,14,479
43.5,11,12,15,481
43.5,11,13,0,452
43.5,11,13,1,454
43.5,11,13,2,456
43.5,11,13,3,458
43.5,11,13,4,460
43.5,11,13,5,462
43.5,11,13,6,465
43.5,11,13,7,467
43.5,11,13,8,469
43.5,11,13,9,471
43.5,11,13,10,473
43.5,11,13,11,475
43.5,11,13,12,477
43.5,11,13,13,479
43.5,11,13,14,482
43.5,11,13,15,484
43.5,11,14,0,454
43.5,11,14,1,456
43.5,11,14,2,458
43.5,11,14,3,460
43.5,11,14,4,463
43.5,11,14,5,465
43.5,11,14,6,467
43.5,11,14,7,469
43.5,11,14,8,471
43.5,11,14,9,473
43.5,11,14,10,476
43.5,11,14,11,478
43.5,11,14,12,480
43.5,11,14,13,482
43.5,11,14,14,484
43.5,11,14,15,486
43.5,11,15,0,456
43.5,11,15,1,458
43.5,11,15,2,461
43.5,11,15,3,463
43.5,11,15,4,465
43.5,11,15,5,467
43.5,11,15,6,469
43.5,11,15,7,472
43.5,11,15,8,474
43.5,11,15,9,476
43.5,11,15,10,478
43.5,11,15,11,480
43.5,11,15,12,482
43.5,11,15,13,484
43.5,11,15,14,487
43.5,11,15,15,489
43.5,12,0,0,426
43.5,12,0,1,428
43.5,12,0,2,430
43.5,12,0,3,432
43.5,12,0,4,434
43.5,12,0,5,436
43.5,12,0,6,438
43.5,12,0,7,440
43.5,12,0,8,442
43.5,12,0,9,444
43.5,12,0,10,446
43.5,12,0,11,448
43.5,12,0,12,450
43.5,12,0,13,452
43.5,12,0,14,454
43.5,12,0,15,456
43.5,12,1,0,428
43.5,12,1,1,430
43.5,12,1,2,433
43.5,12,1,3,435
43.5,12,1,4,437
43.5,12,1,5,439
43.5,12,1,6,441
43.5,12,1,7,443
43.5,12,1,8,445
43.5,12,1,9,447
43.5,12,1,10,449
43.5,12,1,11,451
43.5,12,1,12,453
43.5,12,1,13,455
43.5,12,1,14,457
43.5,12,1,15,459
43.5,12,2,0,431
43.5,12,2,1,433
43.5,12,2,2,435
43.5,12,2,3,437
43.5,12,2,4,439
43.5,12,2,5,441
43.5,12,2,6,443
43.5,12,2,7,445
43.5,12,2,8,447
43.5,12,2,9,450
43.5,12,2,10,452
43.5,12,2,11,454
43.5,12,2,12,456
43.5,12,2,13,458
43.5,12,2,14,460
43.5,12,2,15,462
43.5,12,3,0,433
43.5,12,3,1,436
43.5,12,3,2,438
43.5,12,3,3,440
43.5,12,3,4,442
43.5,12,3,5,444
43.5,12,3,6,446
43.5,12,3,7,448
43.5,12,3,8,450
43.5,12,3,9,452
43.5,12,3,10,454
43.5,12,3,11,456
43.5,12,3,12,458
43.5,12,3,13,460
43.5,12,3,14,462
43.5,12,3,15,464
43.5,12,4,0,436
43.5,12,4,1,438
43.5,12,4,2,440
43.5,12,4,3,442
43.5,12,4,4,444
43.5,12,4,5,447
43.5,12,4,6,449
43.5,12,4,7,451
43.5,12,4,8,453
43.5,12,4,9,455
43.5,12,4,10,457
43.5,12,4,11,459
43.5,12,4,12,461
43.5,12,4,13,463
43.5,12,4,14,465
43.5,12,4,15,467
43.5,12,5,0,438
43.5,12,5,1,441
43.5,12,5,2,443
43.5,12,5,3,445
43.5,12,5,4,447
43.5,12,5,5,449
43.5,12,5,6,451
43.5,12,5,7,453
43.5,12,5,8,455
43.5,12,5,9,457
43.5,12,5,10,459
43.5,12,5,11,462
43.5,12,5,12,464
43.5,12,5,13,466
43.5,12,5,14,468
43.5,12,5,15,470
43.5,12,6,0,441
43.5,12,6,1,443
43.5,12,6,2,445
43.5,12,6,3,447
43.5,12,6,4,450
43.5,12,6,5,452
43.5,12,6,6,454
43.5,12,6,7,456
43.5,12,6,8,458
43.5,12,6,9,460
43.5,12,6,10,462
43.5,12,6,11,464
43.5,12,6,12,466
43.5,12,6,13,468
43.5,12,6,14,470
43.5,12,6,15,472
43.5,12,7,0,443
43.5,12,7,1,446
43.5,12,7,2,448
43.5,12,7,3,450
43.5,12,7,4,452
43.5,12,7,5,454
43.5,12,7,6,456
43.5,12,7,7,458
43.5,12,7,8,460
43.5,12,7,9,463
43.5,12,7,10,465
43.5,12,7,11,467
43.5,12,7,12,469
43.5,12,7,13,471
43.5,12,7,14,473
43.5,12,7,15,475
43.5,12,8,0,446
43.5,12,8,1,448
43.5,12,8,2,450
43.5,12,8,3,452
43.5,12,8,4,455
43.5,12,8,5,457
43.5,12,8,6,459
43.5,12,8,7,461
43.5,12,8,8,463
43.5,12,8,9,465
43.5,12,8,10,467
43.5,12,8,11,469
43.5,12,8,12,471
43.5,12,8,13,473
43.5,12,8,14,476
43.5,12,8,15,478
43.5,12,9,0,448
43.5,12,9,1,451
43.5,12,9,2,453
43.5,12,9,3,455
43.5,12,9,4,457
43.5,12,9,5,459
43.5,12,9,6,461
43.5,12,9,7,463
43.5,12,9,8,466
43.5,12,9,9,468
43.5,12,9,10,470
43.5,12,9,11,472
43.5,12,9,12,474
43.5,12,9,13,476
43.5,12,9,14,478
43.5,12,9,15,480
43.5,12,10,0,451
43.5,12,10,1,453
43.5,12,10,2,455
43.5,12,10,3,457
43.5,12,10,4,460
43.5,12,10,5,462
43.5,12,10,6,464
43.5,12,10,7,466
43.5,12,10,8,468
43.5,12,10,9,470
43.5,12,10,10,472
43.5,12,10,11,474
43.5,12,10,12,477
43.5,12,10,13,479
43.5,12,10,14,481
43.5,12,10,15,483
43.5,12,11,0,453
43.5,12,11,1,455
43.5,12,11,2,458
43.5,12,11,3,460
43.5,12,11,4,462
43.5,12,11,5,464
43.5,12,11,6,466
43.5,12,11,7,468
43.5,12,11,8,471
43.5,12,11,9,473
43.5,12,11,10,475
43.5,12,11,11,477
43.5,12,11,12,479
43.5,12,11,13,481
43.5,12,11,14,483
43.5,12,11,15,485
43.5,12,12,0,456
43.5,12,12,1,458
43.5,12,12,2,460
43.5,12,12,3,462
43.5,12,12,4,464
43.5,12,12,5,467
43.5,12,12,6,469
43.5,12,12,7,471
43.5,12,12,8,473
43.5,12,12,9,475
43.5,12,12,10,477
43.5,12,12,11,480
43.5,12,12,12,482
43.5,12,12,13,484
43.5,12,12,14,486
43.5,12,12,15,488
43.5,12,13,0,458
43.5,12,13,1,460
43.5,12,13,2,462
43.5,12,13,3,465
43.5,12,13,4,467
43.5,12,13,5,469
43.5,12,13,6,471
43.5,12,13,7,473
43.5,12,13,8,476
43.5,12,13,9,478
43.5,12,13,10,480
43.5,12,13,11,482
43.5,12,13,12,484
43.5,12,13,13,486
43.5,12,13,14,488
43.5,12,13,15,491
43.5,12,14,0,460
43.5,12,14,1,463
43.5,12,14,2,465
43.5,12,14,3,467
43.5,12,14,4,469
43.5,12,14,5,472
43.5,12,14,6,474
43.5,12,14,7,476
43.5,12,14,8,478
43.5,12,14,9,480
43.5,12,14,10,482
43.5,12,14,11,485
43.5,12,14,12,487
43.5,12,14,13,489
43.5,12,14,14,491
43.5,12,14,15,493
43.5,12,15,0,463
43.5,12,15,1,465
43.5,12,15,2,467
43.5,12,15,3,469
43.5,12,15,4,472
43.5,12,15,5,474
43.5,12,15,6,476
43.5,12,15,7,478
43.5,12,15,8,481
43.5,12,15,9,483
43.5,12,15,10,485
43.5,12,15,11,487
43.5,12,15,12,489
43.5,12,15,13,491
43.5,12,15,14,493
43.5,12,15,15,496
43.5,13,0,0,432
43.5,13,0,1,434
43.5,13,0,2,436
43.5,13,0,3,438
43.5,13,0,4,440
43.5,13,0,5,442
43.5,13,0,6,444
43.5,13,0,7,446
43.5,13,0,8,448
43.5,13,0,9,450
43.5,13,0,10,452
43.5,13,0,11,455
43.5,13,0,12,457
43.5,13,0,13,459
43.5,13,0,14,461
43.5,13,0,15,462
43.5,13,1,0,434
43.5,13,1,1,437
43.5,13,1,2,439
43.5,13,1,3,441
43.5,13,1,4,443
43.5,13,1,5,445
43.5,13,1,6,447
43.5,13,1,7,449
43.5,13,1,8,451
43.5,13,1,9,453
43.5,13,1,10,455
43.5,13,1,11,457
43.5,13,1,12,459
43.5,13,1,13,461
43.5,13,1,14,463
43.5,13,1,15,465
43.5,13,2,0,437
43.5,13,2,1,439
43.5,13,2,2,441
43.5,13,2,3,443
43.5,13,2,4,445
43.5,13,2,5,448
43.5,13,2,6,450
43.5,13,2,7,452
43.5,13,2,8,454
43.5,13,2,9,456
43.5,13,2,10,458
43.5,13,2,11,460
43.5,13,2,12,462
43.5,13,2,13,464
43.5,13,2,14,466
43.5,13,2,15,468
43.5,13,3,0,440
43.5,13,3,1,442
43.5,13,3,2,444
43.5,13,3,3,446
43.5,13,3,4,448
43.5,13,3,5,450
43.5,13,3,6,452
43.5,13,3,7,454
43.5,13,3,8,456
43.5,13,3,9,459
43.5,13,3,10,461
43.5,13,3,11,463
43.5,13,3,12,465
43.5,13,3,13,467
43.5,13,3,14,469
43.5,13,3,15,471
43.5,13,4,0,442
43.5,13,4,1,444
43.5,13,4,2,446
43.5,13,4,3,449
43.5,13,4,4,451
43.5,13,4,5,453
43.5,13,4,6,455
43.5,13,4,7,457
43.5,13,4,8,459
43.5,13,4,9,461
43.5,13,4,10,463
43.5,13,4,11,465
43.5,13,4,12,467
43.5,13,4,13,469
43.5,13,4,14,471
43.5,13,4,15,474
43.5,13,5,0,445
43.5,13,5,1,447
43.5,13,5,2,449
43.5,13,5,3,451
43.5,13,5,4,453
43.5,13,5,5,455
43.5,13,5,6,458
43.5,13,5,7,460
43.5,13,5,8,462
43.5,13,5,9,464
43.5,13,5,10,466
43.5,13,5,11,468
43.5,13,5,12,470
43.5,13,5,13,472
43.5,13,5,14,474
43.5,13,5,15,476
43.5,13,6,0,447
43.5,13,6,1,449
43.5,13,6,2,452
43.5,13,6,3,454
43.5,13,6,4,456
43.5,13,6,5,458
43.5,13,6,6,460
43.5,13,6,7,462
43.5,13,6,8,464
43.5,13,6,9,466
43.5,13,6,10,469
43.5,13,6,11,471
43.5,13,6,12,473
43.5,13,6,13,475
43.5,13,6,14,477
43.5,13,6,15,479
43.5,13,7,0,450
43.5,13,7,1,452
43.5,13,7,2,454
43.5,13,7,3,456
43.5,13,7,4,458
43.5,13,7,5,461
43.5,13,7,6,463
43.5,13,7,7,465
43.5,13,7,8,467
43.5,13,7,9,469
43.5,13,7,10,471
43.5,13,7,11,473
43.5,13,7,12,475
43.5,13,7,13,477
43.5,13,7,14,480
43.5,13,7,15,482
43.5,13,8,0,452
43.5,13,8,1,454
43.5,13,8,2,457
43.5,13,8,3,459
43.5,13,8,4,461
43.5,13,8,5,463
43.5,13,8,6,465
43.5,13,8,7,467
43.5,13,8,8,470
43.5,13,8,9,472
43.5,13,8,10,474
43.5,13,8,11,476
43.5,13,8,12,478
43.5,13,8,13,480
43.5,13,8,14,482
43.5,13,8,15,484
43.5,13,9,0,455
43.5,13,9,1,457
43.5,13,9,2,459
43.5,13,9,3,461
43.5,13,9,4,463
43.5,13,9,5,466
43.5,13,9,6,468
43.5,13,9,7,470
43.5,13,9,8,472
43.5,13,9,9,474
43.5,13,9,10,476
43.5,13,9,11,479
43.5,13,9,12,481
43.5,13,9,13,483
43.5,13,9,14,485
43.5,13,9,15,487
43.5,13,10,0,457
43.5,13,10,1,459
43.5,13,10,2,462
43.5,13,10,3,464
43.5,13,10,4,466
43.5,13,10,5,468
43.5,13,10,6,470
43.5,13,10,7,473
43.5,13,10,8,475
43.5,13,10,9,477
43.5,13,10,10,479
43.5,13,10,11,481
43.5,13,10,12,483
43.5,13,10,13,485
43.5,13,10,14,487
43.5,13,10,15,490
43.5,13,11,0,460
43.5,13,11,1,462
43.5,13,11,2,464
43.5,13,11,3,466
43.5,13,11,4,468
43.5,13,11,5,471
43.5,13,11,6,473
43.5,13,11,7,475
43.5,13,11,8,477
43.5,13,11,9,479
43.5,13,11,10,482
43.5,13,11,11,484
43.5,13,11,12,486
43.5,13,11,13,488
43.5,13,11,14,490
43.5,13,11,15,492
43.5,13,12,0,462
43.5,13,12,1,464
43.5,13,12,2,467
43.5,13,12,3,469
43.5,13,12,4,471
43.5,13,12,5,473
43.5,13,12,6,475
43.5,13,12,7,478
43.5,13,12,8,480
43.5,13,12,9,482
43.5,13,12,10,484
43.5,13,12,11,486
43.5,13,12,12,488
43.5,13,12,13,491
43.5,13,12,14,493
43.5,13,12,15,495
43.5,13,13,0,464
43.5,13,13,1,467
43.5,13,13,2,469
43.5,13,13,3,471
43.5,13,13,4,473
43.5,13,13,5,476
43.5,13,13,6,478
43.5,13,13,7,480
43.5,13,13,8,482
43.5,13,13,9,484
43.5,13,13,10,487
43.5,13,13,11,489
43.5,13,13,12,491
43.5,13,13,13,493
43.5,13,13,14,495
43.5,13,13,15,497
43.5,13,14,0,467
43.5,13,14,1,469
43.5,13,14,2,471
43.5,13,14,3,474
43.5,13,14,4,476
43.5,13,14,5,478
43.5,13,14,6,480
43.5,13,14,7,483
43.5,13,14,8,485
43.5,13,14,9,487
43.5,13,14,10,489
43.5,13,14,11,491
43.5,13,14,12,494
43.5,13,14,13,496
43.5,13,14,14,498
43.5,13,14,15,500
43.5,13,15,0,469
43.5,13,15,1,472
43.5,13,15,2,474
43.5,13,15,3,476
43.5,13,15,4,478
43.5,13,15,5,481
43.5,13,15,6,483
43.5,13,15,7,485
43.5,13,15,8,487
43.5,13,15,9,490
43.5,13,15,10,492
43.5,13,15,11,494
43.5,13,15,12,496
43.5,13,15,13,498
43.5,13,15,14,500
43.5,13,15,15,503
43.5,14,0,0,438
43.5,14,0,1,440
43.5,14,0,2,442
43.5,14,0,3,444
43.5,14,0,4,446
43.5,14,0,5,448
43.5,14,0,6,451
43.5,14,0,7,453
43.5,14,0,8,455
43.5,14,0,9,457
43.5,14,0,10,459
43.5,14,0,11,461
43.5,14,0,12,463
43.5,14,0,13,465
43.5,14,0,14,467
43.5,14,0,15,469
43.5,14,1,0,440
43.5,14,1,1,443
43.5,14,1,2,445
43.5,14,1,3,447
43.5,14,1,4,449
43.5,14,1,5,451
43.5,14,1,6,453
43.5,14,1,7,455
43.5,14,1,8,457
43.5,14,1,9,459
43.5,14,1,10,462
43.5,14,1,11,464
43.5,14,1,12,466
43.5,14,1,13,468
43.5,14,1,14,470
43.5,14,1,15,472
43.5,14,2,0,443
43.5,14,2,1,445
43.5,14,2,2,447
43.5,14,2,3,450
43.5,14,2,4,452
43.5,14,2,5,454
43.5,14,2,6,456
43.5,14,2,7,458
43.5,14,2,8,460
43.5,14,2,9,462
43.5,14,2,10,464
43.5,14,2,11,466
43.5,14,2,12,468
43.5,14,2,13,470
43.5,14,2,14,473
43.5,14,2,15,475
43.5,14,3,0,446
43.5,14,3,1,448
43.5,14,3,2,450
43.5,14,3,3,452
43.5,14,3,4,454
43.5,14,3,5,456
43.5,14,3,6,459
43.5,14,3,7,461
43.5,14,3,8,463
43.5,14,3,9,465
43.5,14,3,10,467
43.5,14,3,11,469
43.5,14,3,12,471
43.5,14,3,13,473
43.5,14,3,14,475
43.5,14,3,15,477
43.5,14,4,0,448
43.5,14,4,1,450
43.5,14,4,2,453
43.5,14,4,3,455
43.5,14,4,4,457
43.5,14,4,5,459
43.5,14,4,6,461
43.5,14,4,7,463
43.5,14,4,8,466
43.5,14,4,9,468
43.5,14,4,10,470
43.5,14,4,11,472
43.5,14,4,12,474
43.5,14,4,13,476
43.5,14,4,14,478
43.5,14,4,15,480
43.5,14,5,0,451
43.5,14,5,1,453
43.5,14,5,2,455
43.5,14,5,3,457
43.5,14,5,4,460
43.5,14,5,5,462
43.5,14,5,6,464
43.5,14,5,7,466
43.5,14,5,8,468
43.5,14,5,9,470
43.5,14,5,10,472
43.5,14,5,11,475
43.5,14,5,12,477
43.5,14,5,13,479
43.5,14,5,14,481
43.5,14,5,15,483
43.5,14,6,0,453
43.5,14,6,1,456
43.5,14,6,2,458
43.5,14,6,3,460
43.5,14,6,4,462
43.5,14,6,5,464
43.5,14,6,6,467
43.5,14,6,7,469
43.5,14,6,8,471
43.5,14,6,9,473
43.5,14,6,10,475
43.5,14,6,11,477
43.5,14,6,12,479
43.5,14,6,13,481
43.5,14,6,14,484
43.5,14,6,15,486
43.5,14,7,0,456
43.5,14,7,1,458
43.5,14,7,2,460
43.5,14,7,3,463
43.5,14,7,4,465
43.5,14,7,5,467
43.5,14,7,6,469
43.5,14,7,7,471
43.5,14,7,8,473
43.5,14,7,9,476
43.5,14,7,10,478
43.5,14,7,11,480
43.5,14,7,12,482
43.5,14,7,13,484
43.5,14,7,14,486
43.5,14,7,15,488
43.5,14,8,0,458
43.5,14,8,1,461
43.5,14,8,2,463
43.5,14,8,3,465
43.5,14,8,4,467
43.5,14,8,5,470
43.5,14,8,6,472
43.5,14,8,7,474
43.5,14,8,8,476
43.5,14,8,9,478
43.5,14,8,10,480
43.5,14,8,11,483
43.5,14,8,12,485
43.5,14,8,13,487
43.5,14,8,14,489
43.5,14,8,15,491
43.5,14,9,0,461
43.5,14,9,1,463
43.5,14,9,2,465
43.5,14,9,3,468
43.5,14,9,4,470
43.5,14,9,5,472
43.5,14,9,6,474
43.5,14,9,7,477
43.5,14,9,8,479
43.5,14,9,9,481
43.5,14,9,10,483
43.5,14,9,11,485
43.5,14,9,12,487
43.5,14,9,13,489
43.5,14,9,14,492
43.5,14,9,15,494
43.5,14,10,0,463
43.5,14,10,1,466
43.5,14,10,2,468
43.5,14,10,3,470
43.5,14,10,4,472
43.5,14,10,5,475
43.5,14,10,6,477
43.5,14,10,7,479
43.5,14,10,8,481
43.5,14,10,9,483
43.5,14,10,10,486
43.5,14,10,11,488
43.5,14,10,12,490
43.5,14,10,13,492
43.5,14,10,14,494
43.5,14,10,15,496
43.5,14,11,0,466
43.5,14,11,1,468
43.5,14,11,2,470
43.5,14,11,3,473
43.5,14,11,4,475
43.5,14,11,5,477
43.5,14,11,6,479
43.5,14,11,7,482
43.5,14,11,8,484
43.5,14,11,9,486
43.5,14,11,10,488
43.5,14,11,11,490
43.5,14,11,12,493
43.5,14,11,13,495
43.5,14,11,14,497
43.5,14,11,15,499
43.5,14,12,0,468
43.5,14,12,1,471
43.5,14,12,2,473
43.5,14,12,3,475
43.5,14,12,4,478
43.5,14,12,5,480
43.5,14,12,6,482
43.5,14,12,7,484
43.5,14,12,8,486
43.5,14,12,9,489
43.5,14,12,10,491
43.5,14,12,11,493
43.5,14,12,12,495
43.5,14,12,13,497
43.5,14,12,14,500
43.5,14,12,15,502
43.5,14,13,0,471
43.5,14,13,1,473
43.5,14,13,2,475
43.5,14,13,3,478
43.5,14,13,4,480
43.5,14,13,5,482
43.5,14,13,6,485
43.5,14,13,7,487
43.5,14,13,8,489
43.5,14,13,9,491
43.5,14,13,10,493
43.5,14,13,11,496
43.5,14,13,12,498
43.5,14,13,13,500
43.5,14,13,14,502
43.5,14,13,15,504
43.5,14,14,0,473
43.5,14,14,1,476
43.5,14,14,2,478
43.5,14,14,3,480
43.5,14,14,4,483
43.5,14,14,5,485
43.5,14,14,6,487
43.5,14,14,7,489
43.5,14,14,8,492
43.5,14,14,9,494
43.5,14,14,10,496
43.5,14,14,11,498
43.5,14,14,12,500
43.5,14,14,13,503
43.5,14,14,14,505
43.5,14,14,15,507
43.5,14,15,0,476
43.5,14,15,1,478
43.5,14,15,2,480
43.5,14,15,3,483
43.5,14,15,4,485
43.5,14,15,5,487
43.5,14,15,6,490
43.5,14,15,7,492
43.5,14,15,8,494
43.5,14,15,9,496
43.5,14,15,10,499
43.5,14,15,11,501
43.5,14,15,12,503
43.5,14,15,13,505
43.5,14,15,14,507
43.5,14,15,15,510
43.5,15,0,0,444
43.5,15,0,1,446
43.5,15,0,2,448
43.5,15,0,3,450
43.5,15,0,4,452
43.5,15,0,5,455
43.5,15,0,6,457
43.5,15,0,7,459
43.5,15,0,8,461
43.5,15,0,9,463
43.5,15,0,10,465
43.5,15,0,11,467
43.5,15,0,12,469
43.5,15,0,13,471
43.5,15,0,14,473
43.5,15,0,15,475
43.5,15,1,0,446
43.5,15,1,1,449
43.5,15,1,2,451
43.5,15,1,3,453
43.5,15,1,4,455
43.5,15,1,5,457
43.5,15,1,6,459
43.5,15,1,7,462
43.5,15,1,8,464
43.5,15,1,9,466
43.5,15,1,10,468
43.5,15,1,11,470
43.5,15,1,12,472
43.5,15,1,13,474
43.5,15,1,14,476
43.5,15,1,15,478
43.5,15,2,0,449
43.5,15,2,1,451
43.5,15,2,2,454
43.5,15,2,3,456
43.5,15,2,4,458
43.5,15,2,5,460
43.5,15,2,6,462
43.5,15,2,7,464
43.5,15,2,8,466
43.5,15,2,9,469
43.5,15,2,10,471
43.5,15,2,11,473
43.5,15,2,12,475
43.5,15,2,13,477
43.5,15,2,14,479
43.5,15,2,15,481
43.5,15,3,0,452
43.5,15,3,1,454
43.5,15,3,2,456
43.5,15,3,3,458
43.5,15,3,4,461
43.5,15,3,5,463
43.5,15,3,6,465
43.5,15,3,7,467
43.5,15,3,8,469
43.5,15,3,9,471
43.5,15,3,10,473
43.5,15,3,11,476
43.5,15,3,12,478
43.5,15,3,13,480
43.5,15,3,14,482
43.5,15,3,15,484
43.5,15,4,0,454
43.5,15,4,1,457
43.5,15,4,2,459
43.5,15,4,3,461
43.5,15,4,4,463
43.5,15,4,5,465
43.5,15,4,6,468
43.5,15,4,7,470
43.5,15,4,8,472
43.5,15,4,9,474
43.5,15,4,10,476
43.5,15,4,11,478
43.5,15,4,12,480
43.5,15,4,13,483
43.5,15,4,14,485
43.5,15,4,15,487
43.5,15,5,0,457
43.5,15,5,1,459
43.5,15,5,2,461
43.5,15,5,3,464
43.5,15,5,4,466
43.5,15,5,5,468
43.5,15,5,6,470
43.5,15,5,7,472
43.5,15,5,8,475
43.5,15,5,9,477
43.5,15,5,10,479
43.5,15,5,11,481
43.5,15,5,12,483
43.5,15,5,13,485
43.5,15,5,14,487
43.5,15,5,15,489
43.5,15,6,0,460
43.5,15,6,1,462
43.5,15,6,2,464
43.5,15,6,3,466
43.5,15,6,4,469
43.5,15,6,5,471
43.5,15,6,6,473
43.5,15,6,7,475
43.5,15,6,8,477
43.5,15,6,9,479
43.5,15,6,10,482
43.5,15,6,11,484
43.5,15,6,12,486
43.5,15,6,13,488
43.5,15,6,14,490
43.5,15,6,15,492
43.5,15,7,0,462
43.5,15,7,1,464
43.5,15,7,2,467
43.5,15,7,3,469
43.5,15,7,4,471
43.5,15,7,5,473
43.5,15,7,6,476
43.5,15,7,7,478
43.5,15,7,8,480
43.5,15,7,9,482
43.5,15,7,10,484
43.5,15,7,11,486
43.5,15,7,12,489
43.5,15,7,13,491
43.5,15,7,14,493
43.5,15,7,15,495
43.5,15,8,0,465
43.5,15,8,1,467
43.5,15,8,2,469
43.5,15,8,3,472
43.5,15,8,4,474
43.5,15,8,5,476
43.5,15,8,6,478
43.5,15,8,7,480
43.5,15,8,8,483
43.5,15,8,9,485
43.5,15,8,10,487
43.5,15,8,11,489
43.5,15,8,12,491
43.5,15,8,13,493
43.5,15,8,14,496
43.5,15,8,15,498
43.5,15,9,0,467
43.5,15,9,1,470
43.5,15,9,2,472
43.5,15,9,3,474
43.5,15,9,4,476
43.5,15,9,5,479
43.5,15,9,6,481
43.5,15,9,7,483
43.5,15,9,8,485
43.5,15,9,9,487
43.5,15,9,10,490
43.5,15,9,11,492
43.5,15,9,12,494
43.5,15,9,13,496
43.5,15,9,14,498
43.5,15,9,15,500
43.5,15,10,0,470
43.5,15,10,1,472
43.5,15,10,2,474
43.5,15,10,3,477
43.5,15,10,4,479
43.5,15,10,5,481
43.5,15,10,6,483
43.5,15,10,7,486
43.5,15,10,8,488
43.5,15,10,9,490
43.5,15,10,10,492
43.5,15,10,11,495
43.5,15,10,12,497
43.5,15,10,13,499
43.5,15,10,14,501
43.5,15,10,15,503
43.5,15,11,0,472
43.5,15,11,1,475
43.5,15,11,2,477
43.5,15,11,3,479
43.5,15,11,4,482
43.5,15,11,5,484
43.5,15,11,6,486
43.5,15,11,7,488
43.5,15,11,8,491
43.5,15,11,9,493
43.5,15,11,10,495
43.5,15,11,11,497
43.5,15,11,12,499
43.5,15,11,13,502
43.5,15,11,14,504
43.5,15,11,15,506
43.5,15,12,0,475
43.5,15,12,1,477
43.5,15,12,2,479
43.5,15,12,3,482
43.5,15,12,4,484
43.5,15,12,5,486
43.5,15,12,6,489
43.5,15,12,7,491
43.5,15,12,8,493
43.5,15,12,9,495
43.5,15,12,10,498
43.5,15,12,11,500
43.5,15,12,12,502
43.5,15,12,13,504
43.5,15,12,14,506
43.5,15,12,15,509
43.5,15,13,0,477
43.5,15,13,1,480
43.5,15,13,2,482
43.5,15,13,3,484
43.5,15,13,4,487
43.5,15,13,5,489
43.5,15,13,6,491
43.5,15,13,7,493
43.5,15,13,8,496
43.5,15,13,9,498
43.5,15,13,10,500
43.5,15,13,11,502
43.5,15,13,12,505
43.5,15,13,13,507
43.5,15,13,14,509
43.5,15,13,15,511
43.5,15,14,0,480
43.5,15,14,1,482
43.5,15,14,2,485
43.5,15,14,3,487
43.5,15,14,4,489
43.5,15,14,5,491
43.5,15,14,6,494
43.5,15,14,7,496
43.5,15,14,8,498
43.5,15,14,9,501
43.5,15,14,10,503
43.5,15,14,11,505
43.5,15,14,12,507
43.5,15,14,13,510
43.5,15,14,14,512
43.5,15,14,15,514
43.5,15,15,0,482
43.5,15,15,1,485
43.5,15,15,2,487
43.5,15,15,3,489
43.5,15,15,4,492
43.5,15,15,5,494
43.5,15,15,6,496
43.5,15,15,7,499
43.5,15,15,8,501
43.5,15,15,9,503
43.5,15,15,10,505
43.5,15,15,11,508
43.5,15,15,12,510
43.5,15,15,13,512
43.5,15,15,14,514
43.5,15,15,15,517
44.0,0,0,0,356
44.0,0,0,1,358
44.0,0,0,2,359
44.0,0,0,3,361
44.0,0,0,4,363
44.0,0,0,5,365
44.0,0,0,6,366
44.0,0,0,7,368
44.0,0,0,8,370
44.0,0,0,9,371
44.0,0,0,10,373
44.0,0,0,11,375
44.0,0,0,12,376
44.0,0,0,13,378
44.0,0,0,14,380
44.0,0,0,15,381
44.0,0,1,0,358
44.0,0,1,1,360
44.0,0,1,2,362
44.0,0,1,3,363
44.0,0,1,4,365
44.0,0,1,5,367
44.0,0,1,6,368
44.0,0,1,7,370
44.0,0,1,8,372
44.0,0,1,9,374
44.0,0,1,10,375
44.0,0,1,11,377
44.0,0,1,12,379
44.0,0,1,13,380
44.0,0,1,14,382
44.0,0,1,15,384
44.0,0,2,0,360
44.0,0,2,1,362
44.0,0,2,2,364
44.0,0,2,3,365
44.0,0,2,4,367
44.0,0,2,5,369
44.0,0,2,6,371
44.0,0,2,7,372
44.0,0,2,8,374
44.0,0,2,9,376
44.0,0,2,10,377
44.0,0,2,11,379
44.0,0,2,12,381
44.0,0,2,13,383
44.0,0,2,14,384
44.0,0,2,15,386
44.0,0,3,0,362
44.0,0,3,1,364
44.0,0,3,2,366
44.0,0,3,3,368
44.0,0,3,4,369
44.0,0,3,5,371
44.0,0,3,6,373
44.0,0,3,7,375
44.0,0,3,8,376
44.0,0,3,9,378
44.0,0,3,10,380
44.0,0,3,11,381
44.0,0,3,12,383
44.0,0,3,13,385
44.0,0,3,14,386
44.0,0,3,15,388
44.0,0,4,0,364
44.0,0,4,1,366
44.0,0,4,2,368
44.0,0,4,3,370
44.0,0,4,4,372
44.0,0,4,5,373
44.0,0,4,6,375
44.0,0,4,7,377
44.0,0,4,8,378
44.0,0,4,9,380
44.0,0,4,10,382
44.0,0,4,11,384
44.0,0,4,12,385
44.0,0,4,13,387
44.0,0,4,14,389
44.0,0,4,15,390
44.0,0,5,0,367
44.0,0,5,1,368
44.0,0,5,2,370
44.0,0,5,3,372
44.0,0,5,4,374
44.0,0,5,5,375
44.0,0,5,6,377
44.0,0,5,7,379
44.0,0,5,8,381
44.0,0,5,9,382
44.0,0,5,10,384
44.0,0,5,11,386
44.0,0,5,12,388
44.0,0,5,13,389
44.0,0,5,14,391
44.0,0,5,15,393
44.0,0,6,0,369
44.0,0,6,1,370
44.0,0,6,2,372
44.0,0,6,3,374
44.0,0,6,4,376
44.0,0,6,5,378
44.0,0,6,6,379
44.0,0,6,7,381
44.0,0,6,8,383
44.0,0,6,9,385
44.0,0,6,10,386
44.0,0,6,11,388
44.0,0,6,12,390
44.0,0,6,13,391
44.0,0,6,14,393
44.0,0,6,15,395
44.0,0,7,0,371
44.0,0,7,1,372
44.0,0,7,2,374
44.0,0,7,3,376
44.0,0,7,4,378
44.0,0,7,5,380
44.0,0,7,6,381
44.0,0,7,7,383
44.0,0,7,8,385
44.0,0,7,9,387
44.0,0,7,10,388
44.0,0,7,11,390
44.0,0,7,12,392
44.0,0,7,13,394
44.0,0,7,14,395
44.0,0,7,15,397
44.0,0,8,0,373
44.0,0,8,1,375
44.0,0,8,2,376
44.0,0,8,3,378
44.0,0,8,4,380
44.0,0,8,5,382
44.0,0,8,6,384
44.0,0,8,7,385
44.0,0,8,8,387
44.0,0,8,9,389
44.0,0,8,10,391
44.0,0,8,11,392
44.0,0,8,12,394
44.0,0,8,13,396
44.0,0,8,14,398
44.0,0,8,15,399
44.0,0,9,0,375
44.0,0,9,1,377
44.0,0,9,2,378
44.0,0,9,3,380
44.0,0,9,4,382
44.0,0,9,5,384
44.0,0,9,6,386
44.0,0,9,7,387
44.0,0,9,8,389
44.0,0,9,9,391
44.0,0,9,10,393
44.0,0,9,11,394
44.0,0,9,12,396
44.0,0,9,13,398
44.0,0,9,14,400
44.0,0,9,15,401
44.0,0,10,0,377
44.0,0,10,1,379
44.0,0,10,2,380
44.0,0,10,3,382
44.0,0,10,4,384
44.0,0,10,5,386
44.0,0,10,6,388
44.0,0,10,7,390
44.0,0,10,8,391
44.0,0,10,9,393
44.0,0,10,10,395
44.0,0,10,11,397
44.0,0,10,12,398
44.0,0,10,13,400
44.0,0,10,14,402
44.0,0,10,15,404
44.0,0,11,0,379
44.0,0,11,1,381
44.0,0,11,2,383
44.0,0,11,3,384
44.0,0,11,4,386
44.0,0,11,5,388
44.0,0,11,6,390
44.0,0,11,7,392
44.0,0,11,8,393
44.0,0,11,9,395
44.0,0,11,10,397
44.0,0,11,11,399
44.0,0,11,12,401
44.0,0,11,13,402
44.0,0,11,14,404
44.0,0,11,15,406
44.0,0,12,0,381
44.0,0,12,1,383
44.0,0,12,2,385
44.0,0,12,3,386
44.0,0,12,4,388
44.0,0,12,5,390
44.0,0,12,6,392
44.0,0,12,7,394
44.0,0,12,8,396
44.0,0,12,9,397
44.0,0,12,10,399
44.0,0,12,11,401
44.0,0,12,12,403
44.0,0,12,13,404
44.0,0,12,14,406
44.0,0,12,15,408
44.0,0,13,0,383
44.0,0,13,1,385
44.0,0,13,2,387
44.0,0,13,3,388
44.0,0,13,4,390
44.0,0,13,5,392
44.0,0,13,6,394
44.0,0,13,7,396
44.0,0,13,8,398
44.0,0,13,9,399
44.0,0,13,10,401
44.0,0,13,11,403
44.0,0,13,12,405
44.0,0,13,13,407
44.0,0,13,14,408
44.0,0,13,15,410
44.0,0,14,0,385
44.0,0,14,1,387
44.0,0,14,2,389
44.0,0,14,3,390
44.0,0,14,4,392
44.0,0,14,5,394
44.0,0,14,6,396
44.0,0,14,7,398
44.0,0,14,8,400
44.0,0,14,9,401
44.0,0,14,10,403
44.0,0,14,11,405
44.0,0,14,12,407
44.0,0,14,13,409
44.0,0,14,14,410
44.0,0,14,15,412
44.0,0,15,0,387
44.0,0,15,1,389
44.0,0,15,2,391
44.0,0,15,3,392
44.0,0,15,4,394
44.0,0,15,5,396
44.0,0,15,6,398
44.0,0,15,7,400
44.0,0,15,8,402
44.0,0,15,9,404
44.0,0,15,10,405
44.0,0,15,11,407
44.0,0,15,12,409
44.0,0,15,13,411
44.0,0,15,14,413
44.0,0,15,15,414
44.0,1,0,0,362
44.0,1,0,1,364
44.0,1,0,2,366
44.0,1,0,3,367
44.0,1,0,4,369
44.0,1,0,5,371
44.0,1,0,6,372
44.0,1,0,7,374
44.0,1,0,8,376
44.0,1,0,9,378
44.0,1,0,10,379
44.0,1,0,11,381
44.0,1,0,12,383
44.0,1,0,13,384
44.0,1,0,14,386
44.0,1,0,15,388
44.0,1,1,0,364
44.0,1,1,1,366
44.0,1,1,2,368
44.0,1,1,3,369
44.0,1,1,4,371
44.0,1,1,5,373
44.0,1,1,6,375
44.0,1,1,7,376
44.0,1,1,8,378
44.0,1,1,9,380
44.0,1,1,10,382
44.0,1,1,11,383
44.0,1,1,12,385
44.0,1,1,13,387
44.0,1,1,14,388
44.0,1,1,15,390
44.0,1,2,0,366
44.0,1,2,1,368
44.0,1,2,2,370
44.0,1,2,3,372
44.0,1,2,4,373
44.0,1,2,5,375
44.0,1,2,6,377
44.0,1,2,7,379
44.0,1,2,8,380
44.0,1,2,9,382
44.0,1,2,10,384
44.0,1,2,11,386
44.0,1,2,12,387
44.0,1,2,13,389
44.0,1,2,14,391
44.0,1,2,15,392
44.0,1,3,0,368
44.0,1,3,1,370
44.0,1,3,2,372
44.0,1,3,3,374
44.0,1,3,4,376
44.0,1,3,5,377
44.0,1,3,6,379
44.0,1,3,7,381
44.0,1,3,8,383
44.0,1,3,9,384
44.0,1,3,10,386
44.0,1,3,11,388
44.0,1,3,12,390
44.0,1,3,13,391
44.0,1,3,14,393
44.0,1,3,15,395
44.0,1,4,0,371
44.0,1,4,1,372
44.0,1,4,2,374
44.0,1,4,3,376
44.0,1,4,4,378
44.0,1,4,5,380
44.0,1,4,6,381
44.0,1,4,7,383
44.0,1,4,8,385
44.0,1,4,9,387
44.0,1,4,10,388
44.0,1,4,11,390
44.0,1,4,12,392
44.0,1,4,13,394
44.0,1,4,14,395
44.0,1,4,15,397
44.0,1,5,0,373
44.0,1,5,1,375
44.0,1,5,2,376
44.0,1,5,3,378
44.0,1,5,4,380
44.0,1,5,5,382
44.0,1,5,6,384
44.0,1,5,7,385
44.0,1,5,8,387
44.0,1,5,9,389
44.0,1,5,10,391
44.0,1,5,11,392
44.0,1,5,12,394
44.0,1,5,13,396
44.0,1,5,14,398
44.0,1,5,15,399
44.0,1,6,0,375
44.0,1,6,1,377
44.0,1,6,2,379
44.0,1,6,3,380
44.0,1,6,4,382
44.0,1,6,5,384
44.0,1,6,6,386
44.0,1,6,7,388
44.0,1,6,8,389
44.0,1,6,9,391
44.0,1,6,10,393
44.0,1,6,11,395
44.0,1,6,12,396
44.0,1,6,13,398
44.0,1,6,14,400
44.0,1,6,15,402
44.0,1,7,0,377
44.0,1,7,1,379
44.0,1,7,2,381
44.0,1,7,3,382
44.0,1,7,4,384
44.0,1,7,5,386
44.0,1,7,6,388
44.0,1,7,7,390
44.0,1,7,8,391
44.0,1,7,9,393
44.0,1,7,10,395
44.0,1,7,11,397
44.0,1,7,12,399
44.0,1,7,13,400
44.0,1,7,14,402
44.0,1,7,15,404
44.0,1,8,0,379
44.0,1,8,1,381
44.0,1,8,2,383
44.0,1,8,3,385
44.0,1,8,4,386
44.0,1,8,5,388
44.0,1,8,6,390
44.0,1,8,7,392
44.0,1,8,8,394
44.0,1,8,9,395
44.0,1,8,10,397
44.0,1,8,11,399
44.0,1,8,12,401
44.0,1,8,13,403
44.0,1,8,14,404
44.0,1,8,15,406
44.0,1,9,0,381
44.0,1,9,1,383
44.0,1,9,2,385
44.0,1,9,3,387
44.0,1,9,4,389
44.0,1,9,5,390
44.0,1,9,6,392
44.0,1,9,7,394
44.0,1,9,8,396
44.0,1,9,9,398
44.0,1,9,10,399
44.0,1,9,11,401
44.0,1,9,12,403
44.0,1,9,13,405
44.0,1,9,14,406
44.0,1,9,15,408
44.0,1,10,0,383
44.0,1,10,1,385
44.0,1,10,2,387
44.0,1,10,3,389
44.0,1,10,4,391
44.0,1,10,5,392
44.0,1,10,6,394
44.0,1,10,7,396
44.0,1,10,8,398
44.0,1,10,9,400
44.0,1,10,10,402
44.0,1,10,11,403
44.0,1,10,12,405
44.0,1,10,13,407
44.0,1,10,14,409
44.0,1,10,15,410
44.0,1,11,0,385
44.0,1,11,1,387
44.0,1,11,2,389
44.0,1,11,3,391
44.0,1,11,4,393
44.0,1,11,5,395
44.0,1,11,6,396
44.0,1,11,7,398
44.0,1,11,8,400
44.0,1,11,9,402
44.0,1,11,10,404
44.0,1,11,11,406
44.0,1,11,12,407
44.0,1,11,13,409
44.0,1,11,14,411
44.0,1,11,15,413
44.0,1,12,0,387
44.0,1,12,1,389
44.0,1,12,2,391
44.0,1,12,3,393
44.0,1,12,4,395
44.0,1,12,5,397
44.0,1,12,6,399
44.0,1,12,7,400
44.0,1,12,8,402
44.0,1,12,9,404
44.0,1,12,10,406
44.0,1,12,11,408
44.0,1,12,12,409
44.0,1,12,13,411
44.0,1,12,14,413
44.0,1,12,15,415
44.0,1,13,0,389
44.0,1,13,1,391
44.0,1,13,2,393
44.0,1,13,3,395
44.0,1,13,4,397
44.0,1,13,5,399
44.0,1,13,6,401
44.0,1,13,7,402
44.0,1,13,8,404
44.0,1,13,9,406
44.0,1,13,10,408
44.0,1,13,11,410
44.0,1,13,12,412
44.0,1,13,13,413
44.0,1,13,14,415
44.0,1,13,15,417
44.0,1,14,0,391
44.0,1,14,1,393
44.0,1,14,2,395
44.0,1,14,3,397
44.0,1,14,4,399
44.0,1,14,5,401
44.0,1,14,6,403
44.0,1,14,7,405
44.0,1,14,8,406
44.0,1,14,9,408
44.0,1,14,10,410
44.0,1,14,11,412
44.0,1,14,12,414
44.0,1,14,13,416
44.0,1,14,14,417
44.0,1,14,15,419
44.0,1,15,0,393
44.0,1,15,1,395
44.0,1,15,2,397
44.0,1,15,3,399
44.0,1,15,4,401
44.0,1,15,5,403
44.0,1,15,6,405
44.0,1,15,7,407
44.0,1,15,8,409
44.0,1,15,9,410
44.0,1,15,10,412
44.0,1,15,11,414
44.0,1,15,12,416
44.0,1,15,13,418
44.0,1,15,14,420
44.0,1,15,15,421
44.0,2,0,0,368
44.0,2,0,1,370
44.0,2,0,2,372
44.0,2,0,3,373
44.0,2,0,4,375
44.0,2,0,5,377
44.0,2,0,6,379
44.0,2,0,7,380
44.0,2,0,8,382
44.0,2,0,9,384
44.0,2,0,10,386
44.0,2,0,11,387
44.0,2,0,12,389
44.0,2,0,13,391
44.0,2,0,14,392
44.0,2,0,15,394
44.0,2,1,0,370
44.0,2,1,1,372
44.0,2,1,2,374
44.0,2,1,3,376
44.0,2,1,4,377
44.0,2,1,5,379
44.0,2,1,6,381
44.0,2,1,7,383
44.0,2,1,8,384
44.0,2,1,9,386
44.0,2,1,10,388
44.0,2,1,11,390
44.0,2,1,12,391
44.0,2,1,13,393
44.0,2,1,14,395
44.0,2,1,15,397
44.0,2,2,0,372
44.0,2,2,1,374
44.0,2,2,2,376
44.0,2,2,3,378
44.0,2,2,4,380
44.0,2,2,5,381
44.0,2,2,6,383
44.0,2,2,7,385
44.0,2,2,8,387
44.0,2,2,9,389
44.0,2,2,10,390
44.0,2,2,11,392
44.0,2,2,12,394
44.0,2,2,13,395
44.0,2,2,14,397
44.0,2,2,15,399
44.0,2,3,0,375
44.0,2,3,1,376
44.0,2,3,2,378
44.0,2,3,3,380
44.0,2,3,4,382
44.0,2,3,5,384
44.0,2,3,6,385
44.0,2,3,7,387
44.0,2,3,8,389
44.0,2,3,9,391
44.0,2,3,10,393
44.0,2,3,11,394
44.0,2,3,12,396
44.0,2,3,13,398
44.0,2,3,14,400
44.0,2,3,15,401
44.0,2,4,0,377
44.0,2,4,1,379
44.0,2,4,2,380
44.0,2,4,3,382
44.0,2,4,4,384
44.0,2,4,5,386
44.0,2,4,6,388
44.0,2,4,7,390
44.0,2,4,8,391
44.0,2,4,9,393
44.0,2,4,10,395
44.0,2,4,11,397
44.0,2,4,12,398
44.0,2,4,13,400
44.0,2,4,14,402
44.0,2,4,15,404
44.0,2,5,0,379
44.0,2,5,1,381
44.0,2,5,2,383
44.0,2,5,3,384
44.0,2,5,4,386
44.0,2,5,5,388
44.0,2,5,6,390
44.0,2,5,7,392
44.0,2,5,8,394
44.0,2,5,9,395
44.0,2,5,10,397
44.0,2,5,11,399
44.0,2,5,12,401
44.0,2,5,13,402
44.0,2,5,14,404
44.0,2,5,15,406
44.0,2,6,0,381
44.0,2,6,1,383
44.0,2,6,2,385
44.0,2,6,3,387
44.0,2,6,4,389
44.0,2,6,5,390
44.0,2,6,6,392
44.0,2,6,7,394
44.0,2,6,8,396
44.0,2,6,9,398
44.0,2,6,10,399
44.0,2,6,11,401
44.0,2,6,12,403
44.0,2,6,13,405
44.0,2,6,14,406
44.0,2,6,15,408
44.0,2,7,0,383
44.0,2,7,1,385
44.0,2,7,2,387
44.0,2,7,3,389
44.0,2,7,4,391
44.0,2,7,5,393
44.0,2,7,6,394
44.0,2,7,7,396
44.0,2,7,8,398
44.0,2,7,9,400
44.0,2,7,10,402
44.0,2,7,11,403
44.0,2,7,12,405
44.0,2,7,13,407
44.0,2,7,14,409
44.0,2,7,15,410
44.0,2,8,0,385
44.0,2,8,1,387
44.0,2,8,2,389
44.0,2,8,3,391
44.0,2,8,4,393
44.0,2,8,5,395
44.0,2,8,6,397
44.0,2,8,7,398
44.0,2,8,8,400
44.0,2,8,9,402
44.0,2,8,10,404
44.0,2,8,11,406
44.0,2,8,12,407
44.0,2,8,13,409
44.0,2,8,14,411
44.0,2,8,15,413
44.0,2,9,0,387
44.0,2,9,1,389
44.0,2,9,2,391
44.0,2,9,3,393
44.0,2,9,4,395
44.0,2,9,5,397
44.0,2,9,6,399
44.0,2,9,7,401
44.0,2,9,8,402
44.0,2,9,9,404
44.0,2,9,10,406
44.0,2,9,11,408
44.0,2,9,12,410
44.0,2,9,13,411
44.0,2,9,14,413
44.0,2,9,15,415
44.0,2,10,0,390
44.0,2,10,1,391
44.0,2,10,2,393
44.0,2,10,3,395
44.0,2,10,4,397
44.0,2,10,5,399
44.0,2,10,6,401
44.0,2,10,7,403
44.0,2,10,8,405
44.0,2,10,9,406
44.0,2,10,10,408
44.0,2,10,11,410
44.0,2,10,12,412
44.0,2,10,13,414
44.0,2,10,14,415
44.0,2,10,15,417
44.0,2,11,0,392
44.0,2,11,1,394
44.0,2,11,2,396
44.0,2,11,3,397
44.0,2,11,4,399
44.0,2,11,5,401
44.0,2,11,6,403
44.0,2,11,7,405
44.0,2,11,8,407
44.0,2,11,9,409
44.0,2,11,10,410
44.0,2,11,11,412
44.0,2,11,12,414
44.0,2,11,13,416
44.0,2,11,14,418
44.0,2,11,15,420
44.0,2,12,0,394
44.0,2,12,1,396
44.0,2,12,2,398
44.0,2,12,3,400
44.0,2,12,4,401
44.0,2,12,5,403
44.0,2,12,6,405
44.0,2,12,7,407
44.0,2,12,8,409
44.0,2,12,9,411
44.0,2,12,10,413
44.0,2,12,11,414
44.0,2,12,12,416
44.0,2,12,13,418
44.0,2,12,14,420
44.0,2,12,15,422
44.0,2,13,0,396
44.0,2,13,1,398
44.0,2,13,2,400
44.0,2,13,3,402
44.0,2,13,4,404
44.0,2,13,5,405
44.0,2,13,6,407
44.0,2,13,7,409
44.0,2,13,8,411
44.0,2,13,9,413
44.0,2,13,10,415
44.0,2,13,11,417
44.0,2,13,12,418
44.0,2,13,13,420
44.0,2,13,14,422
44.0,2,13,15,424
44.0,2,14,0,398
44.0,2,14,1,400
44.0,2,14,2,402
44.0,2,14,3,404
44.0,2,14,4,406
44.0,2,14,5,408
44.0,2,14,6,409
44.0,2,14,7,411
44.0,2,14,8,413
44.0,2,14,9,415
44.0,2,14,10,417
44.0,2,14,11,419
44.0,2,14,12,421
44.0,2,14,13,423
44.0,2,14,14,424
44.0,2,14,15,426
44.0,2,15,0,400
44.0,2,15,1,402
44.0,2,15,2,404
44.0,2,15,3,406
44.0,2,15,4,408
44.0,2,15,5,410
44.0,2,15,6,412
44.0,2,15,7,413
44.0,2,15,8,415
44.0,2,15,9,417
44.0,2,15,10,419
44.0,2,15,11,421
44.0,2,15,12,423
44.0,2,15,13,425
44.0,2,15,14,427
44.0,2,15,15,428
44.0,3,0,0,374
44.0,3,0,1,376
44.0,3,0,2,378
44.0,3,0,3,380
44.0,3,0,4,381
44.0,3,0,5,383
44.0,3,0,6,385
44.0,3,0,7,387
44.0,3,0,8,388
44.0,3,0,9,390
44.0,3,0,10,392
44.0,3,0,11,394
44.0,3,0,12,395
44.0,3,0,13,397
44.0,3,0,14,399
44.0,3,0,15,401
44.0,3,1,0,376
44.0,3,1,1,378
44.0,3,1,2,380
44.0,3,1,3,382
44.0,3,1,4,384
44.0,3,1,5,385
44.0,3,1,6,387
44.0,3,1,7,389
44.0,3,1,8,391
44.0,3,1,9,393
44.0,3,1,10,394
44.0,3,1,11,396
44.0,3,1,12,398
44.0,3,1,13,400
44.0,3,1,14,401
44.0,3,1,15,403
44.0,3,2,0,379
44.0,3,2,1,380
44.0,3,2,2,382
44.0,3,2,3,384
44.0,3,2,4,386
44.0,3,2,5,388
44.0,3,2,6,390
44.0,3,2,7,391
44.0,3,2,8,393
44.0,3,2,9,395
44.0,3,2,10,397
44.0,3,2,11,398
44.0,3,2,12,400
44.0,3,2,13,402
44.0,3,2,14,404
44.0,3,2,15,405
44.0,3,3,0,381
44.0,3,3,1,383
44.0,3,3,2,384
44.0,3,3,3,386
44.0,3,3,4,388
44.0,3,3,5,390
44.0,3,3,6,392
44.0,3,3,7,394
44.0,3,3,8,395
44.0,3,3,9,397
44.0,3,3,10,399
44.0,3,3,11,401
44.0,3,3,12,403
44.0,3,3,13,404
44.0,3,3,14,406
44.0,3,3,15,408
44.0,3,4,0,383
44.0,3,4,1,385
44.0,3,4,2,387
44.0,3,4,3,389
44.0,3,4,4,390
44.0,3,4,5,392
44.0,3,4,6,394
44.0,3,4,7,396
44.0,3,4,8,398
44.0,3,4,9,400
44.0,3,4,10,401
44.0,3,4,11,403
44.0,3,4,12,405
44.0,3,4,13,407
44.0,3,4,14,408
44.0,3,4,15,410
44.0,3,5,0,385
44.0,3,5,1,387
44.0,3,5,2,389
44.0,3,5,3,391
44.0,3,5,4,393
44.0,3,5,5,395
44.0,3,5,6,396
44.0,3,5,7,398
44.0,3,5,8,400
44.0,3,5,9,402
44.0,3,5,10,404
44.0,3,5,11,405
44.0,3,5,12,407
44.0,3,5,13,409
44.0,3,5,14,411
44.0,3,5,15,413
44.0,3,6,0,387
44.0,3,6,1,389
44.0,3,6,2,391
44.0,3,6,3,393
44.0,3,6,4,395
44.0,3,6,5,397
44.0,3,6,6,399
44.0,3,6,7,400
44.0,3,6,8,402
44.0,3,6,9,404
44.0,3,6,10,406
44.0,3,6,11,408
44.0,3,6,12,410
44.0,3,6,13,411
44.0,3,6,14,413
44.0,3,6,15,415
44.0,3,7,0,390
44.0,3,7,1,391
44.0,3,7,2,393
44.0,3,7,3,395
44.0,3,7,4,397
44.0,3,7,5,399
44.0,3,7,6,401
44.0,3,7,7,403
44.0,3,7,8,405
44.0,3,7,9,406
44.0,3,7,10,408
44.0,3,7,11,410
44.0,3,7,12,412
44.0,3,7,13,414
44.0,3,7,14,415
44.0,3,7,15,417
44.0,3,8,0,392
44.0,3,8,1,394
44.0,3,8,2,396
44.0,3,8,3,397
44.0,3,8,4,399
44.0,3,8,5,401
44.0,3,8,6,403
44.0,3,8,7,405
44.0,3,8,8,407
44.0,3,8,9,409
44.0,3,8,10,410
44.0,3,8,11,412
44.0,3,8,12,414
44.0,3,8,13,416
44.0,3,8,14,418
44.0,3,8,15,420
44.0,3,9,0,394
44.0,3,9,1,396
44.0,3,9,2,398
44.0,3,9,3,400
44.0,3,9,4,402
44.0,3,9,5,403
44.0,3,9,6,405
44.0,3,9,7,407
44.0,3,9,8,409
44.0,3,9,9,411
44.0,3,9,10,413
44.0,3,9,11,415
44.0,3,9,12,416
44.0,3,9,13,418
44.0,3,9,14,420
44.0,3,9,15,422
44.0,3,10,0,396
44.0,3,10,1,398
44.0,3,10,2,400
44.0,3,10,3,402
44.0,3,10,4,404
44.0,3,10,5,406
44.0,3,10,6,407
44.0,3,10,7,409
44.0,3,10,8,411
44.0,3,10,9,413
44.0,3,10,10,415
44.0,3,10,11,417
44.0,3,10,12,419
44.0,3,10,13,420
44.0,3,10,14,422
44.0,3,10,15,424
44.0,3,11,0,398
44.0,3,11,1,400
44.0,3,11,2,402
44.0,3,11,3,404
44.0,3,11,4,406
44.0,3,11,5,408
44.0,3,11,6,410
44.0,3,11,7,412
44.0,3,11,8,413
44.0,3,11,9,415
44.0,3,11,10,417
44.0,3,11,11,419
44.0,3,11,12,421
44.0,3,11,13,423
44.0,3,11,14,425
44.0,3,11,15,426
44.0,3,12,0,400
44.0,3,12,1,402
44.0,3,12,2,404
44.0,3,12,3,406
44.0,3,12,4,408
44.0,3,12,5,410
44.0,3,12,6,412
44.0,3,12,7,414
44.0,3,12,8,416
44.0,3,12,9,418
44.0,3,12,10,419
44.0,3,12,11,421
44.0,3,12,12,423
44.0,3,12,13,425
44.0,3,12,14,427
44.0,3,12,15,429
44.0,3,13,0,402
44.0,3,13,1,404
44.0,3,13,2,406
44.0,3,13,3,408
44.0,3,13,4,410
44.0,3,13,5,412
44.0,3,13,6,414
44.0,3,13,7,416
44.0,3,13,8,418
44.0,3,13,9,420
44.0,3,13,10,422
44.0,3,13,11,423
44.0,3,13,12,425
44.0,3,13,13,427
44.0,3,13,14,429
44.0,3,13,15,431
44.0,3,14,0,404
44.0,3,14,1,406
44.0,3,14,2,408
44.0,3,14,3,410
44.0,3,14,4,412
44.0,3,14,5,414
44.0,3,14,6,416
44.0,3,14,7,418
44.0,3,14,8,420
44.0,3,14,9,422
44.0,3,14,10,424
44.0,3,14,11,426
44.0,3,14,12,428
44.0,3,14,13,429
44.0,3,14,14,431
44.0,3,14,15,433
44.0,3,15,0,407
44.0,3,15,1,408
44.0,3,15,2,410
44.0,3,15,3,412
44.0,3,15,4,414
44.0,3,15,5,416
44.0,3,15,6,418
44.0,3,15,7,420
44.0,3,15,8,422
44.0,3,15,9,424
44.0,3,15,10,426
44.0,3,15,11,428
44.0,3,15,12,430
44.0,3,15,13,432
44.0,3,15,14,434
44.0,3,15,15,435
44.0,4,0,0,380
44.0,4,0,1,382
44.0,4,0,2,384
44.0,4,0,3,386
44.0,4,0,4,387
44.0,4,0,5,389
44.0,4,0,6,391
44.0,4,0,7,393
44.0,4,0,8,395
44.0,4,0,9,397
44.0,4,0,10,398
44.0,4,0,11,400
44.0,4,0,12,402
44.0,4,0,13,404
44.0,4,0,14,405
44.0,4,0,15,407
44.0,4,1,0,382
44.0,4,1,1,384
44.0,4,1,2,386
44.0,4,1,3,388
44.0,4,1,4,390
44.0,4,1,5,392
44.0,4,1,6,393
44.0,4,1,7,395
44.0,4,1,8,397
44.0,4,1,9,399
44.0,4,1,10,401
44.0,4,1,11,403
44.0,4,1,12,404
44.0,4,1,13,406
44.0,4,1,14,408
44.0,4,1,15,410
44.0,4,2,0,385
44.0,4,2,1,387
44.0,4,2,2,388
44.0,4,2,3,390
44.0,4,2,4,392
44.0,4,2,5,394
44.0,4,2,6,396
44.0,4,2,7,398
44.0,4,2,8,399
44.0,4,2,9,401
44.0,4,2,10,403
44.0,4,2,11,405
44.0,4,2,12,407
44.0,4,2,13,408
44.0,4,2,14,410
44.0,4,2,15,412
44.0,4,3,0,387
44.0,4,3,1,389
44.0,4,3,2,391
44.0,4,3,3,393
44.0,4,3,4,394
44.0,4,3,5,396
44.0,4,3,6,398
44.0,4,3,7,400
44.0,4,3,8,402
44.0,4,3,9,404
44.0,4,3,10,405
44.0,4,3,11,407
44.0,4,3,12,409
44.0,4,3,13,411
44.0,4,3,14,413
44.0,4,3,15,414
44.0,4,4,0,389
44.0,4,4,1,391
44.0,4,4,2,393
44.0,4,4,3,395
44.0,4,4,4,397
44.0,4,4,5,399
44.0,4,4,6,400
44.0,4,4,7,402
44.0,4,4,8,404
44.0,4,4,9,406
44.0,4,4,10,408
44.0,4,4,11,410
44.0,4,4,12,411
44.0,4,4,13,413
44.0,4,4,14,415
44.0,4,4,15,417
44.0,4,5,0,391
44.0,4,5,1,393
44.0,4,5,2,395
44.0,4,5,3,397
44.0,4,5,4,399
44.0,4,5,5,401
44.0,4,5,6,403
44.0,4,5,7,405
44.0,4,5,8,406
44.0,4,5,9,408
44.0,4,5,10,410
44.0,4,5,11,412
44.0,4,5,12,414
44.0,4,5,13,416
44.0,4,5,14,417
44.0,4,5,15,419
44.0,4,6,0,394
44.0,4,6,1,396
44.0,4,6,2,397
44.0,4,6,3,399
44.0,4,6,4,401
44.0,4,6,5,403
44.0,4,6,6,405
44.0,4,6,7,407
44.0,4,6,8,409
44.0,4,6,9,411
44.0,4,6,10,412
44.0,4,6,11,414
44.0,4,6,12,416
44.0,4,6,13,418
44.0,4,6,14,420
44.0,4,6,15,422
44.0,4,7,0,396
44.0,4,7,1,398
44.0,4,7,2,400
44.0,4,7,3,402
44.0,4,7,4,404
44.0,4,7,5,405
44.0,4,7,6,407
44.0,4,7,7,409
44.0,4,7,8,411
44.0,4,7,9,413
44.0,4,7,10,415
44.0,4,7,11,417
44.0,4,7,12,418
44.0,4,7,13,420
44.0,4,7,14,422
44.0,4,7,15,424
44.0,4,8,0,398
44.0,4,8,1,400
44.0,4,8,2,402
44.0,4,8,3,404
44.0,4,8,4,406
44.0,4,8,5,408
44.0,4,8,6,410
44.0,4,8,7,411
44.0,4,8,8,413
44.0,4,8,9,415
44.0,4,8,10,417
44.0,4,8,11,419
44.0,4,8,12,421
44.0,4,8,13,423
44.0,4,8,14,424
44.0,4,8,15,426
44.0,4,9,0,400
44.0,4,9,1,402
44.0,4,9,2,404
44.0,4,9,3,406
44.0,4,9,4,408
44.0,4,9,5,410
44.0,4,9,6,412
44.0,4,9,7,414
44.0,4,9,8,416
44.0,4,9,9,418
44.0,4,9,10,419
44.0,4,9,11,421
44.0,4,9,12,423
44.0,4,9,13,425
44.0,4,9,14,427
44.0,4,9,15,429
44.0,4,10,0,402
44.0,4,10,1,404
44.0,4,10,2,406
44.0,4,10,3,408
44.0,4,10,4,410
44.0,4,10,5,412
44.0,4,10,6,414
44.0,4,10,7,416
44.0,4,10,8,418
44.0,4,10,9,420
44.0,4,10,10,422
44.0,4,10,11,424
44.0,4,10,12,425
44.0,4,10,13,427
44.0,4,10,14,429
44.0,4,10,15,431
44.0,4,11,0,405
44.0,4,11,1,407
44.0,4,11,2,408
44.0,4,11,3,410
44.0,4,11,4,412
44.0,4,11,5,414
44.0,4,11,6,416
44.0,4,11,7,418
44.0,4,11,8,420
44.0,4,11,9,422
44.0,4,11,10,424
44.0,4,11,11,426
44.0,4,11,12,428
44.0,4,11,13,430
44.0,4,11,14,431
44.0,4,11,15,433
44.0,4,12,0,407
44.0,4,12,1,409
44.0,4,12,2,411
44.0,4,12,3,413
44.0,4,12,4,415
44.0,4,12,5,417
44.0,4,12,6,418
44.0,4,12,7,420
44.0,4,12,8,422
44.0,4,12,9,424
44.0,4,12,10,426
44.0,4,12,11,428
44.0,4,12,12,430
44.0,4,12,13,432
44.0,4,12,14,434
44.0,4,12,15,436
44.0,4,13,0,409
44.0,4,13,1,411
44.0,4,13,2,413
44.0,4,13,3,415
44.0,4,13,4,417
44.0,4,13,5,419
44.0,4,13,6,421
44.0,4,13,7,423
44.0,4,13,8,425
44.0,4,13,9,427
44.0,4,13,10,428
44.0,4,13,11,430
44.0,4,13,12,432
44.0,4,13,13,434
44.0,4,13,14,436
44.0,4,13,15,438
44.0,4,14,0,411
44.0,4,14,1,413
44.0,4,14,2,415
44.0,4,14,3,417
44.0,4,14,4,419
44.0,4,14,5,421
44.0,4,14,6,423
44.0,4,14,7,425
44.0,4,14,8,427
44.0,4,14,9,429
44.0,4,14,10,431
44.0,4,14,11,433
44.0,4,14,12,434
44.0,4,14,13,436
44.0,4,14,14,438
44.0,4,14,15,440
44.0,4,15,0,413
44.0,4,15,1,415
44.0,4,15,2,417
44.0,4,15,3,419
44.0,4,15,4,421
44.0,4,15,5,423
44.0,4,15,6,425
44.0,4,15,7,427
44.0,4,15,8,429
44.0,4,15,9,431
44.0,4,15,10,433
44.0,4,15,11,435
44.0,4,15,12,437
44.0,4,15,13,439
44.0,4,15,14,441
44.0,4,15,15,442
44.0,5,0,0,386
44.0,5,0,1,388
44.0,5,0,2,390
44.0,5,0,3,392
44.0,5,0,4,394
44.0,5,0,5,396
44.0,5,0,6,397
44.0,5,0,7,399
44.0,5,0,8,401
44.0,5,0,9,403
44.0,5,0,10,405
44.0,5,0,11,406
44.0,5,0,12,408
44.0,5,0,13,410
44.0,5,0,14,412
44.0,5,0,15,414
44.0,5,1,0,388
44.0,5,1,1,390
44.0,5,1,2,392
44.0,5,1,3,394
44.0,5,1,4,396
44.0,5,1,5,398
44.0,5,1,6,400
44.0,5,1,7,402
44.0,5,1,8,403
44.0,5,1,9,405
44.0,5,1,10,407
44.0,5,1,11,409
44.0,5,1,12,411
44.0,5,1,13,413
44.0,5,1,14,414
44.0,5,1,15,416
44.0,5,2,0,391
44.0,5,2,1,393
44.0,5,2,2,395
44.0,5,2,3,396
44.0,5,2,4,398
44.0,5,2,5,400
44.0,5,2,6,402
44.0,5,2,7,404
44.0,5,2,8,406
44.0,5,2,9,408
44.0,5,2,10,410
44.0,5,2,11,411
44.0,5,2,12,413
44.0,5,2,13,415
44.0,5,2,14,417
44.0,5,2,15,419
44.0,5,3,0,393
44.0,5,3,1,395
44.0,5,3,2,397
44.0,5,3,3,399
44.0,5,3,4,401
44.0,5,3,5,403
44.0,5,3,6,404
44.0,5,3,7,406
44.0,5,3,8,408
44.0,5,3,9,410
44.0,5,3,10,412
44.0,5,3,11,414
44.0,5,3,12,416
44.0,5,3,13,417
44.0,5,3,14,419
44.0,5,3,15,421
44.0,5,4,0,395
44.0,5,4,1,397
44.0,5,4,2,399
44.0,5,4,3,401
44.0,5,4,4,403
44.0,5,4,5,405
44.0,5,4,6,407
44.0,5,4,7,409
44.0,5,4,8,411
44.0,5,4,9,412
44.0,5,4,10,414
44.0,5,4,11,416
44.0,5,4,12,418
44.0,5,4,13,420
44.0,5,4,14,422
44.0,5,4,15,423
44.0,5,5,0,398
44.0,5,5,1,400
44.0,5,5,2,402
44.0,5,5,3,403
44.0,5,5,4,405
44.0,5,5,5,407
44.0,5,5,6,409
44.0,5,5,7,411
44.0,5,5,8,413
44.0,5,5,9,415
44.0,5,5,10,417
44.0,5,5,11,419
44.0,5,5,12,420
44.0,5,5,13,422
44.0,5,5,14,424
44.0,5,5,15,426
44.0,5,6,0,400
44.0,5,6,1,402
44.0,5,6,2,404
44.0,5,6,3,406
44.0,5,6,4,408
44.0,5,6,5,410
44.0,5,6,6,411
44.0,5,6,7,413
44.0,5,6,8,415
44.0,5,6,9,417
44.0,5,6,10,419
44.0,5,6,11,421
44.0,5,6,12,423
44.0,5,6,13,425
44.0,5,6,14,426
44.0,5,6,15,428
44.0,5,7,0,402
44.0,5,7,1,404
44.0,5,7,2,406
44.0,5,7,3,408
44.0,5,7,4,410
44.0,5,7,5,412
44.0,5,7,6,414
44.0,5,7,7,416
44.0,5,7,8,418
44.0,5,7,9,420
44.0,5,7,10,421
44.0,5,7,11,423
44.0,5,7,12,425
44.0,5,7,13,427
44.0,5,7,14,429
44.0,5,7,15,431
44.0,5,8,0,404
44.0,5,8,1,406
44.0,5,8,2,408
44.0,5,8,3,410
44.0,5,8,4,412
44.0,5,8,5,414
44.0,5,8,6,416
44.0,5,8,7,418
44.0,5,8,8,420
44.0,5,8,9,422
44.0,5,8,10,424
44.0,5,8,11,426
44.0,5,8,12,428
44.0,5,8,13,429
44.0,5,8,14,431
44.0,5,8,15,433
44.0,5,9,0,407
44.0,5,9,1,409
44.0,5,9,2,411
44.0,5,9,3,413
44.0,5,9,4,414
44.0,5,9,5,416
44.0,5,9,6,418
44.0,5,9,7,420
44.0,5,9,8,422
44.0,5,9,9,424
44.0,5,9,10,426
44.0,5,9,11,428
44.0,5,9,12,430
44.0,5,9,13,432
44.0,5,9,14,434
44.0,5,9,15,435
44.0,5,10,0,409
44.0,5,10,1,411
44.0,5,10,2,413
44.0,5,10,3,415
44.0,5,10,4,417
44.0,5,10,5,419
44.0,5,10,6,421
44.0,5,10,7,423
44.0,5,10,8,425
44.0,5,10,9,426
44.0,5,10,10,428
44.0,5,10,11,430
44.0,5,10,12,432
44.0,5,10,13,434
44.0,5,10,14,436
44.0,5,10,15,438
44.0,5,11,0,411
44.0,5,11,1,413
44.0,5,11,2,415
44.0,5,11,3,417
44.0,5,11,4,419
44.0,5,11,5,421
44.0,5,11,6,423
44.0,5,11,7,425
44.0,5,11,8,427
44.0,5,11,9,429
44.0,5,11,10,431
44.0,5,11,11,433
44.0,5,11,12,434
44.0,5,11,13,436
44.0,5,11,14,438
44.0,5,11,15,440
44.0,5,12,0,413
44.0,5,12,1,415
44.0,5,12,2,417
44.0,5,12,3,419
44.0,5,12,4,421
44.0,5,12,5,423
44.0,5,12,6,425
44.0,5,12,7,427
44.0,5,12,8,429
44.0,5,12,9,431
44.0,5,12,10,433
44.0,5,12,11,435
44.0,5,12,12,437
44.0,5,12,13,439
44.0,5,12,14,441
44.0,5,12,15,443
44.0,5,13,0,415
44.0,5,13,1,417
44.0,5,13,2,419
44.0,5,13,3,421
44.0,5,13,4,423
44.0,5,13,5,425
44.0,5,13,6,427
44.0,5,13,7,429
44.0,5,13,8,431
44.0,5,13,9,433
44.0,5,13,10,435
44.0,5,13,11,437
44.0,5,13,12,439
44.0,5,13,13,441
44.0,5,13,14,443
44.0,5,13,15,445
44.0,5,14,0,417
44.0,5,14,1,420
44.0,5,14,2,422
44.0,5,14,3,424
44.0,5,14,4,426
44.0,5,14,5,428
44.0,5,14,6,430
44.0,5,14,7,432
44.0,5,14,8,434
44.0,5,14,9,436
44.0,5,14,10,437
44.0,5,14,11,439
44.0,5,14,12,441
44.0,5,14,13,443
44.0,5,14,14,445
44.0,5,14,15,447
44.0,5,15,0,420
44.0,5,15,1,422
44.0,5,15,2,424
44.0,5,15,3,426
44.0,5,15,4,428
44.0,5,15,5,430
44.0,5,15,6,432
44.0,5,15,7,434
44.0,5,15,8,436
44.0,5,15,9,438
44.0,5,15,10,440
44.0,5,15,11,442
44.0,5,15,12,444
44.0,5,15,13,446
44.0,5,15,14,448
44.0,5,15,15,449
44.0,6,0,0,392
44.0,6,0,1,394
44.0,6,0,2,396
44.0,6,0,3,398
44.0,6,0,4,400
44.0,6,0,5,402
44.0,6,0,6,404
44.0,6,0,7,405
44.0,6,0,8,407
44.0,6,0,9,409
44.0,6,0,10,411
44.0,6,0,11,413
44.0,6,0,12,415
44.0,6,0,13,416
44.0,6,0,14,418
44.0,6,0,15,420
44.0,6,1,0,395
44.0,6,1,1,396
44.0,6,1,2,398
44.0,6,1,3,400
44.0,6,1,4,402
44.0,6,1,5,404
44.0,6,1,6,406
44.0,6,1,7,408
44.0,6,1,8,410
44.0,6,1,9,412
44.0,6,1,10,413
44.0,6,1,11,415
44.0,6,1,12,417
44.0,6,1,13,419
44.0,6,1,14,421
44.0,6,1,15,423
44.0,6,2,0,397
44.0,6,2,1,399
44.0,6,2,2,401
44.0,6,2,3,403
44.0,6,2,4,405
44.0,6,2,5,407
44.0,6,2,6,408
44.0,6,2,7,410
44.0,6,2,8,412
44.0,6,2,9,414
44.0,6,2,10,416
44.0,6,2,11,418
44.0,6,2,12,420
44.0,6,2,13,421
44.0,6,2,14,423
44.0,6,2,15,425
44.0,6,3,0,399
44.0,6,3,1,401
44.0,6,3,2,403
44.0,6,3,3,405
44.0,6,3,4,407
44.0,6,3,5,409
44.0,6,3,6,411
44.0,6,3,7,413
44.0,6,3,8,415
44.0,6,3,9,416
44.0,6,3,10,418
44.0,6,3,11,420
44.0,6,3,12,422
44.0,6,3,13,424
44.0,6,3,14,426
44.0,6,3,15,428
44.0,6,4,0,402
44.0,6,4,1,404
44.0,6,4,2,405
44.0,6,4,3,407
44.0,6,4,4,409
44.0,6,4,5,411
44.0,6,4,6,413
44.0,6,4,7,415
44.0,6,4,8,417
44.0,6,4,9,419
44.0,6,4,10,421
44.0,6,4,11,423
44.0,6,4,12,425
44.0,6,4,13,426
44.0,6,4,14,428
44.0,6,4,15,430
44.0,6,5,0,404
44.0,6,5,1,406
44.0,6,5,2,408
44.0,6,5,3,410
44.0,6,5,4,412
44.0,6,5,5,414
44.0,6,5,6,416
44.0,6,5,7,417
44.0,6,5,8,419
44.0,6,5,9,421
44.0,6,5,10,423
44.0,6,5,11,425
44.0,6,5,12,427
44.0,6,5,13,429
44.0,6,5,14,431
44.0,6,5,15,433
44.0,6,6,0,406
44.0,6,6,1,408
44.0,6,6,2,410
44.0,6,6,3,412
44.0,6,6,4,414
44.0,6,6,5,416
44.0,6,6,6,418
44.0,6,6,7,420
44.0,6,6,8,422
44.0,6,6,9,424
44.0,6,6,10,426
44.0,6,6,11,427
44.0,6,6,12,429
44.0,6,6,13,431
44.0,6,6,14,433
44.0,6,6,15,435
44.0,6,7,0,408
44.0,6,7,1,410
44.0,6,7,2,412
44.0,6,7,3,414
44.0,6,7,4,416
44.0,6,7,5,418
44.0,6,7,6,420
44.0,6,7,7,422
44.0,6,7,8,424
44.0,6,7,9,426
44.0,6,7,10,428
44.0,6,7,11,430
44.0,6,7,12,432
44.0,6,7,13,434
44.0,6,7,14,436
44.0,6,7,15,437
44.0,6,8,0,411
44.0,6,8,1,413
44.0,6,8,2,415
44.0,6,8,3,417
44.0,6,8,4,419
44.0,6,8,5,421
44.0,6,8,6,423
44.0,6,8,7,425
44.0,6,8,8,426
44.0,6,8,9,428
44.0,6,8,10,430
44.0,6,8,11,432
44.0,6,8,12,434
44.0,6,8,13,436
44.0,6,8,14,438
44.0,6,8,15,440
44.0,6,9,0,413
44.0,6,9,1,415
44.0,6,9,2,417
44.0,6,9,3,419
44.0,6,9,4,421
44.0,6,9,5,423
44.0,6,9,6,425
44.0,6,9,7,427
44.0,6,9,8,429
44.0,6,9,9,431
44.0,6,9,10,433
44.0,6,9,11,435
44.0,6,9,12,437
44.0,6,9,13,438
44.0,6,9,14,440
44.0,6,9,15,442
44.0,6,10,0,415
44.0,6,10,1,417
44.0,6,10,2,419
44.0,6,10,3,421
44.0,6,10,4,423
44.0,6,10,5,425
44.0,6,10,6,427
44.0,6,10,7,429
44.0,6,10,8,431
44.0,6,10,9,433
44.0,6,10,10,435
44.0,6,10,11,437
44.0,6,10,12,439
44.0,6,10,13,441
44.0,6,10,14,443
44.0,6,10,15,445
44.0,6,11,0,417
44.0,6,11,1,419
44.0,6,11,2,421
44.0,6,11,3,423
44.0,6,11,4,426
44.0,6,11,5,428
44.0,6,11,6,430
44.0,6,11,7,431
44.0,6,11,8,433
44.0,6,11,9,435
44.0,6,11,10,437
44.0,6,11,11,439
44.0,6,11,12,441
44.0,6,11,13,443
44.0,6,11,14,445
44.0,6,11,15,447
44.0,6,12,0,420
44.0,6,12,1,422
44.0,6,12,2,424
44.0,6,12,3,426
44.0,6,12,4,428
44.0,6,12,5,430
44.0,6,12,6,432
44.0,6,12,7,434
44.0,6,12,8,436
44.0,6,12,9,438
44.0,6,12,10,440
44.0,6,12,11,442
44.0,6,12,12,444
44.0,6,12,13,446
44.0,6,12,14,448
44.0,6,12,15,449
44.0,6,13,0,422
44.0,6,13,1,424
44.0,6,13,2,426
44.0,6,13,3,428
44.0,6,13,4,430
44.0,6,13,5,432
44.0,6,13,6,434
44.0,6,13,7,436
44.0,6,13,8,438
44.0,6,13,9,440
44.0,6,13,10,442
44.0,6,13,11,444
44.0,6,13,12,446
44.0,6,13,13,448
44.0,6,13,14,450
44.0,6,13,15,452
44.0,6,14,0,424
44.0,6,14,1,426
44.0,6,14,2,428
44.0,6,14,3,430
44.0,6,14,4,432
44.0,6,14,5,434
44.0,6,14,6,436
44.0,6,14,7,438
44.0,6,14,8,440
44.0,6,14,9,442
44.0,6,14,10,444
44.0,6,14,11,446
44.0,6,14,12,448
44.0,6,14,13,450
44.0,6,14,14,452
44.0,6,14,15,454
44.0,6,15,0,426
44.0,6,15,1,428
44.0,6,15,2,430
44.0,6,15,3,432
44.0,6,15,4,434
44.0,6,15,5,437
44.0,6,15,6,439
44.0,6,15,7,441
44.0,6,15,8,443
44.0,6,15,9,445
44.0,6,15,10,447
44.0,6,15,11,449
44.0,6,15,12,451
44.0,6,15,13,453
44.0,6,15,14,455
44.0,6,15,15,456
44.0,7,0,0,398
44.0,7,0,1,400
44.0,7,0,2,402
44.0,7,0,3,404
44.0,7,0,4,406
44.0,7,0,5,408
44.0,7,0,6,410
44.0,7,0,7,412
44.0,7,0,8,414
44.0,7,0,9,415
44.0,7,0,10,417
44.0,7,0,11,419
44.0,7,0,12,421
44.0,7,0,13,423
44.0,7,0,14,425
44.0,7,0,15,427
44.0,7,1,0,401
44.0,7,1,1,403
44.0,7,1,2,405
44.0,7,1,3,406
44.0,7,1,4,408
44.0,7,1,5,410
44.0,7,1,6,412
44.0,7,1,7,414
44.0,7,1,8,416
44.0,7,1,9,418
44.0,7,1,10,420
44.0,7,1,11,422
44.0,7,1,12,424
44.0,7,1,13,425
44.0,7,1,14,427
44.0,7,1,15,429
44.0,7,2,0,403
44.0,7,2,1,405
44.0,7,2,2,407
44.0,7,2,3,409
44.0,7,2,4,411
44.0,7,2,5,413
44.0,7,2,6,415
44.0,7,2,7,417
44.0,7,2,8,419
44.0,7,2,9,420
44.0,7,2,10,422
44.0,7,2,11,424
44.0,7,2,12,426
44.0,7,2,13,428
44.0,7,2,14,430
44.0,7,2,15,432
44.0,7,3,0,405
44.0,7,3,1,407
44.0,7,3,2,409
44.0,7,3,3,411
44.0,7,3,4,413
44.0,7,3,5,415
44.0,7,3,6,417
44.0,7,3,7,419
44.0,7,3,8,421
44.0,7,3,9,423
44.0,7,3,10,425
44.0,7,3,11,427
44.0,7,3,12,429
44.0,7,3,13,430
44.0,7,3,14,432
44.0,7,3,15,434
44.0,7,4,0,408
44.0,7,4,1,410
44.0,7,4,2,412
44.0,7,4,3,414
44.0,7,4,4,416
44.0,7,4,5,418
44.0,7,4,6,420
44.0,7,4,7,421
44.0,7,4,8,423
44.0,7,4,9,425
44.0,7,4,10,427
44.0,7,4,11,429
44.0,7,4,12,431
44.0,7,4,13,433
44.0,7,4,14,435
44.0,7,4,15,437
44.0,7,5,0,410
44.0,7,5,1,412
44.0,7,5,2,414
44.0,7,5,3,416
44.0,7,5,4,418
44.0,7,5,5,420
44.0,7,5,6,422
44.0,7,5,7,424
44.0,7,5,8,426
44.0,7,5,9,428
44.0,7,5,10,430
44.0,7,5,11,432
44.0,7,5,12,434
44.0,7,5,13,435
44.0,7,5,14,437
44.0,7,5,15,439
44.0,7,6,0,412
44.0,7,6,1,414
44.0,7,6,2,416
44.0,7,6,3,418
44.0,7,6,4,420
44.0,7,6,5,422
44.0,7,6,6,424
44.0,7,6,7,426
44.0,7,6,8,428
44.0,7,6,9,430
44.0,7,6,10,432
44.0,7,6,11,434
44.0,7,6,12,436
44.0,7,6,13,438
44.0,7,6,14,440
44.0,7,6,15,442
44.0,7,7,0,415
44.0,7,7,1,417
44.0,7,7,2,419
44.0,7,7,3,421
44.0,7,7,4,423
44.0,7,7,5,425
44.0,7,7,6,427
44.0,7,7,7,429
44.0,7,7,8,431
44.0,7,7,9,433
44.0,7,7,10,435
44.0,7,7,11,437
44.0,7,7,12,438
44.0,7,7,13,440
44.0,7,7,14,442
44.0,7,7,15,444
44.0,7,8,0,417
44.0,7,8,1,419
44.0,7,8,2,421
44.0,7,8,3,423
44.0,7,8,4,425
44.0,7,8,5,427
44.0,7,8,6,429
44.0,7,8,7,431
44.0,7,8,8,433
44.0,7,8,9,435
44.0,7,8,10,437
44.0,7,8,11,439
44.0,7,8,12,441
44.0,7,8,13,443
44.0,7,8,14,445
44.0,7,8,15,447
44.0,7,9,0,419
44.0,7,9,1,421
44.0,7,9,2,423
44.0,7,9,3,425
44.0,7,9,4,427
44.0,7,9,5,429
44.0,7,9,6,431
44.0,7,9,7,433
44.0,7,9,8,435
44.0,7,9,9,437
44.0,7,9,10,439
44.0,7,9,11,441
44.0,7,9,12,443
44.0,7,9,13,445
44.0,7,9,14,447
44.0,7,9,15,449
44.0,7,10,0,422
44.0,7,10,1,424
44.0,7,10,2,426
44.0,7,10,3,428
44.0,7,10,4,430
44.0,7,10,5,432
44.0,7,10,6,434
44.0,7,10,7,436
44.0,7,10,8,438
44.0,7,10,9,440
44.0,7,10,10,442
44.0,7,10,11,444
44.0,7,10,12,446
44.0,7,10,13,448
44.0,7,10,14,450
44.0,7,10,15,452
44.0,7,11,0,424
44.0,7,11,1,426
44.0,7,11,2,428
44.0,7,11,3,430
44.0,7,11,4,432
44.0,7,11,5,434
44.0,7,11,6,436
44.0,7,11,7,438
44.0,7,11,8,440
44.0,7,11,9,442
44.0,7,11,10,444
44.0,7,11,11,446
44.0,7,11,12,448
44.0,7,11,13,450
44.0,7,11,14,452
44.0,7,11,15,454
44.0,7,12,0,426
44.0,7,12,1,428
44.0,7,12,2,430
44.0,7,12,3,432
44.0,7,12,4,434
44.0,7,12,5,436
44.0,7,12,6,438
44.0,7,12,7,440
44.0,7,12,8,442
44.0,7,12,9,444
44.0,7,12,10,446
44.0,7,12,11,448
44.0,7,12,12,450
44.0,7,12,13,452
44.0,7,12,14,454
44.0,7,12,15,456
44.0,7,13,0,428
44.0,7,13,1,430
44.0,7,13,2,432
44.0,7,13,3,435
44.0,7,13,4,437
44.0,7,13,5,439
44.0,7,13,6,441
44.0,7,13,7,443
44.0,7,13,8,445
44.0,7,13,9,447
44.0,7,13,10,449
44.0,7,13,11,451
44.0,7,13,12,453
44.0,7,13,13,455
44.0,7,13,14,457
44.0,7,13,15,459
44.0,7,14,0,431
44.0,7,14,1,433
44.0,7,14,2,435
44.0,7,14,3,437
44.0,7,14,4,439
44.0,7,14,5,441
44.0,7,14,6,443
44.0,7,14,7,445
44.0,7,14,8,447
44.0,7,14,9,449
44.0,7,14,10,451
44.0,7,14,11,453
44.0,7,14,12,455
44.0,7,14,13,457
44.0,7,14,14,459
44.0,7,14,15,461
44.0,7,15,0,433
44.0,7,15,1,435
44.0,7,15,2,437
44.0,7,15,3,439
44.0,7,15,4,441
44.0,7,15,5,443
44.0,7,15,6,445
44.0,7,15,7,447
44.0,7,15,8,449
44.0,7,15,9,451
44.0,7,15,10,454
44.0,7,15,11,456
44.0,7,15,12,458
44.0,7,15,13,460
44.0,7,15,14,462
44.0,7,15,15,464
44.0,8,0,0,404
44.0,8,0,1,406
44.0,8,0,2,408
44.0,8,0,3,410
44.0,8,0,4,412
44.0,8,0,5,414
44.0,8,0,6,416
44.0,8,0,7,418
44.0,8,0,8,420
44.0,8,0,9,422
44.0,8,0,10,424
44.0,8,0,11,426
44.0,8,0,12,427
44.0,8,0,13,429
44.0,8,0,14,431
44.0,8,0,15,433
44.0,8,1,0,407
44.0,8,1,1,409
44.0,8,1,2,411
44.0,8,1,3,413
44.0,8,1,4,415
44.0,8,1,5,417
44.0,8,1,6,419
44.0,8,1,7,420
44.0,8,1,8,422
44.0,8,1,9,424
44.0,8,1,10,426
44.0,8,1,11,428
44.0,8,1,12,430
44.0,8,1,13,432
44.0,8,1,14,434
44.0,8,1,15,436
44.0,8,2,0,409
44.0,8,2,1,411
44.0,8,2,2,413
44.0,8,2,3,415
44.0,8,2,4,417
44.0,8,2,5,419
44.0,8,2,6,421
44.0,8,2,7,423
44.0,8,2,8,425
44.0,8,2,9,427
44.0,8,2,10,429
44.0,8,2,11,431
44.0,8,2,12,433
44.0,8,2,13,434
44.0,8,2,14,436
44.0,8,2,15,438
44.0,8,3,0,412
44.0,8,3,1,414
44.0,8,3,2,416
44.0,8,3,3,418
44.0,8,3,4,420
44.0,8,3,5,421
44.0,8,3,6,423
44.0,8,3,7,425
44.0,8,3,8,427
44.0,8,3,9,429
44.0,8,3,10,431
44.0,8,3,11,433
44.0,8,3,12,435
44.0,8,3,13,437
44.0,8,3,14,439
44.0,8,3,15,441
44.0,8,4,0,414
44.0,8,4,1,416
44.0,8,4,2,418
44.0,8,4,3,420
44.0,8,4,4,422
44.0,8,4,5,424
44.0,8,4,6,426
44.0,8,4,7,428
44.0,8,4,8,430
44.0,8,4,9,432
44.0,8,4,10,434
44.0,8,4,11,436
44.0,8,4,12,438
44.0,8,4,13,440
44.0,8,4,14,441
44.0,8,4,15,443
44.0,8,5,0,416
44.0,8,5,1,418
44.0,8,5,2,420
44.0,8,5,3,422
44.0,8,5,4,424
44.0,8,5,5,426
44.0,8,5,6,428
44.0,8,5,7,430
44.0,8,5,8,432
44.0,8,5,9,434
44.0,8,5,10,436
44.0,8,5,11,438
44.0,8,5,12,440
44.0,8,5,13,442
44.0,8,5,14,444
44.0,8,5,15,446
44.0,8,6,0,419
44.0,8,6,1,421
44.0,8,6,2,423
44.0,8,6,3,425
44.0,8,6,4,427
44.0,8,6,5,429
44.0,8,6,6,431
44.0,8,6,7,433
44.0,8,6,8,435
44.0,8,6,9,437
44.0,8,6,10,439
44.0,8,6,11,441
44.0,8,6,12,443
44.0,8,6,13,445
44.0,8,6,14,446
44.0,8,6,15,448
44.0,8,7,0,421
44.0,8,7,1,423
44.0,8,7,2,425
44.0,8,7,3,427
44.0,8,7,4,429
44.0,8,7,5,431
44.0,8,7,6,433
44.0,8,7,7,435
44.0,8,7,8,437
44.0,8,7,9,439
44.0,8,7,10,441
44.0,8,7,11,443
44.0,8,7,12,445
44.0,8,7,13,447
44.0,8,7,14,449
44.0,8,7,15,451
44.0,8,8,0,423
44.0,8,8,1,425
44.0,8,8,2,427
44.0,8,8,3,430
44.0,8,8,4,432
44.0,8,8,5,434
44.0,8,8,6,436
44.0,8,8,7,438
44.0,8,8,8,440
44.0,8,8,9,442
44.0,8,8,10,444
44.0,8,8,11,446
44.0,8,8,12,448
44.0,8,8,13,450
44.0,8,8,14,451
44.0,8,8,15,453
44.0,8,9,0,426
44.0,8,9,1,428
44.0,8,9,2,430
44.0,8,9,3,432
44.0,8,9,4,434
44.0,8,9,5,436
44.0,8,9,6,438
44.0,8,9,7,440
44.0,8,9,8,442
44.0,8,9,9,444
44.0,8,9,10,446
44.0,8,9,11,448
44.0,8,9,12,450
44.0,8,9,13,452
44.0,8,9,14,454
44.0,8,9,15,456
44.0,8,10,0,428
44.0,8,10,1,430
44.0,8,10,2,432
44.0,8,10,3,434
44.0,8,10,4,436
44.0,8,10,5,438
44.0,8,10,6,440
44.0,8,10,7,442
44.0,8,10,8,444
44.0,8,10,9,446
44.0,8,10,10,448
44.0,8,10,11,450
44.0,8,10,12,452
44.0,8,10,13,454
44.0,8,10,14,456
44.0,8,10,15,458
44.0,8,11,0,430
44.0,8,11,1,432
44.0,8,11,2,434
44.0,8,11,3,437
44.0,8,11,4,439
44.0,8,11,5,441
44.0,8,11,6,443
44.0,8,11,7,445
44.0,8,11,8,447
44.0,8,11,9,449
44.0,8,11,10,451
44.0,8,11,11,453
44.0,8,11,12,455
44.0,8,11,13,457
44.0,8,11,14,459
44.0,8,11,15,461
44.0,8,12,0,433
44.0,8,12,1,435
44.0,8,12,2,437
44.0,8,12,3,439
44.0,8,12,4,441
44.0,8,12,5,443
44.0,8,12,6,445
44.0,8,12,7,447
44.0,8,12,8,449
44.0,8,12,9,451
44.0,8,12,10,453
44.0,8,12,11,455
44.0,8,12,12,457
44.0,8,12,13,459
44.0,8,12,14,461
44.0,8,12,15,463
44.0,8,13,0,435
44.0,8,13,1,437
44.0,8,13,2,439
44.0,8,13,3,441
44.0,8,13,4,443
44.0,8,13,5,445
44.0,8,13,6,447
44.0,8,13,7,450
44.0,8,13,8,452
44.0,8,13,9,454
44.0,8,13,10,456
44.0,8,13,11,458
44.0,8,13,12,460
44.0,8,13,13,462
44.0,8,13,14,464
44.0,8,13,15,466
44.0,8,14,0,437
44.0,8,14,1,439
44.0,8,14,2,441
44.0,8,14,3,443
44.0,8,14,4,446
44.0,8,14,5,448
44.0,8,14,6,450
44.0,8,14,7,452
44.0,8,14,8,454
44.0,8,14,9,456
44.0,8,14,10,458
44.0,8,14,11,460
44.0,8,14,12,462
44.0,8,14,13,464
44.0,8,14,14,466
44.0,8,14,15,468
44.0,8,15,0,439
44.0,8,15,1,441
44.0,8,15,2,444
44.0,8,15,3,446
44.0,8,15,4,448
44.0,8,15,5,450
44.0,8,15,6,452
44.0,8,15,7,454
44.0,8,15,8,456
44.0,8,15,9,458
44.0,8,15,10,460
44.0,8,15,11,462
44.0,8,15,12,464
44.0,8,15,13,467
44.0,8,15,14,469
44.0,8,15,15,471
44.0,9,0,0,410
44.0,9,0,1,412
44.0,9,0,2,414
44.0,9,0,3,416
44.0,9,0,4,418
44.0,9,0,5,420
44.0,9,0,6,422
44.0,9,0,7,424
44.0,9,0,8,426
44.0,9,0,9,428
44.0,9,0,10,430
44.0,9,0,11,432
44.0,9,0,12,434
44.0,9,0,13,436
44.0,9,0,14,438
44.0,9,0,15,439
44.0,9,1,0,413
44.0,9,1,1,415
44.0,9,1,2,417
44.0,9,1,3,419
44.0,9,1,4,421
44.0,9,1,5,423
44.0,9,1,6,425
44.0,9,1,7,427
44.0,9,1,8,429
44.0,9,1,9,431
44.0,9,1,10,433
44.0,9,1,11,434
44.0,9,1,12,436
44.0,9,1,13,438
44.0,9,1,14,440
44.0,9,1,15,442
44.0,9,2,0,415
44.0,9,2,1,417
44.0,9,2,2,419
44.0,9,2,3,421
44.0,9,2,4,423
44.0,9,2,5,425
44.0,9,2,6,427
44.0,9,2,7,429
44.0,9,2,8,431
44.0,9,2,9,433
44.0,9,2,10,435
44.0,9,2,11,437
44.0,9,2,12,439
44.0,9,2,13,441
44.0,9,2,14,443
44.0,9,2,15,445
44.0,9,3,0,418
44.0,9,3,1,420
44.0,9,3,2,422
44.0,9,3,3,424
44.0,9,3,4,426
44.0,9,3,5,428
44.0,9,3,6,430
44.0,9,3,7,432
44.0,9,3,8,434
44.0,9,3,9,436
44.0,9,3,10,438
44.0,9,3,11,440
44.0,9,3,12,442
44.0,9,3,13,444
44.0,9,3,14,445
44.0,9,3,15,447
44.0,9,4,0,420
44.0,9,4,1,422
44.0,9,4,2,424
44.0,9,4,3,426
44.0,9,4,4,428
44.0,9,4,5,430
44.0,9,4,6,432
44.0,9,4,7,434
44.0,9,4,8,436
44.0,9,4,9,438
44.0,9,4,10,440
44.0,9,4,11,442
44.0,9,4,12,444
44.0,9,4,13,446
44.0,9,4,14,448
44.0,9,4,15,450
44.0,9,5,0,423
44.0,9,5,1,425
44.0,9,5,2,427
44.0,9,5,3,429
44.0,9,5,4,431
44.0,9,5,5,433
44.0,9,5,6,435
44.0,9,5,7,437
44.0,9,5,8,439
44.0,9,5,9,441
44.0,9,5,10,443
44.0,9,5,11,445
44.0,9,5,12,447
44.0,9,5,13,449
44.0,9,5,14,451
44.0,9,5,15,453
44.0,9,6,0,425
44.0,9,6,1,427
44.0,9,6,2,429
44.0,9,6,3,431
44.0,9,6,4,433
44.0,9,6,5,435
44.0,9,6,6,437
44.0,9,6,7,439
44.0,9,6,8,441
44.0,9,6,9,443
44.0,9,6,10,445
44.0,9,6,11,447
44.0,9,6,12,449
44.0,9,6,13,451
44.0,9,6,14,453
44.0,9,6,15,455
44.0,9,7,0,427
44.0,9,7,1,429
44.0,9,7,2,431
44.0,9,7,3,434
44.0,9,7,4,436
44.0,9,7,5,438
44.0,9,7,6,440
44.0,9,7,7,442
44.0,9,7,8,444
44.0,9,7,9,446
44.0,9,7,10,448
44.0,9,7,11,450
44.0,9,7,12,452
44.0,9,7,13,454
44.0,9,7,14,456
44.0,9,7,15,458
44.0,9,8,0,430
44.0,9,8,1,432
44.0,9,8,2,434
44.0,9,8,3,436
44.0,9,8,4,438
44.0,9,8,5,440
44.0,9,8,6,442
44.0,9,8,7,444
44.0,9,8,8,446
44.0,9,8,9,448
44.0,9,8,10,450
44.0,9,8,11,452
44.0,9,8,12,454
44.0,9,8,13,456
44.0,9,8,14,458
44.0,9,8,15,460
44.0,9,9,0,432
44.0,9,9,1,434
44.0,9,9,2,436
44.0,9,9,3,438
44.0,9,9,4,440
44.0,9,9,5,442
44.0,9,9,6,445
44.0,9,9,7,447
44.0,9,9,8,449
44.0,9,9,9,451
44.0,9,9,10,453
44.0,9,9,11,455
44.0,9,9,12,457
44.0,9,9,13,459
44.0,9,9,14,461
44.0,9,9,15,463
44.0,9,10,0,434
44.0,9,10,1,436
44.0,9,10,2,439
44.0,9,10,3,441
44.0,9,10,4,443
44.0,9,10,5,445
44.0,9,10,6,447
44.0,9,10,7,449
44.0,9,10,8,451
44.0,9,10,9,453
44.0,9,10,10,455
44.0,9,10,11,457
44.0,9,10,12,459
44.0,9,10,13,461
44.0,9,10,14,463
44.0,9,10,15,465
44.0,9,11,0,437
44.0,9,11,1,439
44.0,9,11,2,441
44.0,9,11,3,443
44.0,9,11,4,445
44.0,9,11,5,447
44.0,9,11,6,449
44.0,9,11,7,451
44.0,9,11,8,454
44.0,9,11,9,456
44.0,9,11,10,458
44.0,9,11,11,460
44.0,9,11,12,462
44.0,9,11,13,464
44.0,9,11,14,466
44.0,9,11,15,468
44.0,9,12,0,439
44.0,9,12,1,441
44.0,9,12,2,443
44.0,9,12,3,445
44.0,9,12,4,448
44.0,9,12,5,450
44.0,9,12,6,452
44.0,9,12,7,454
44.0,9,12,8,456
44.0,9,12,9,458
44.0,9,12,10,460
44.0,9,12,11,462
44.0,9,12,12,464
44.0,9,12,13,466
44.0,9,12,14,468
44.0,9,12,15,470
44.0,9,13,0,441
44.0,9,13,1,443
44.0,9,13,2,446
44.0,9,13,3,448
44.0,9,13,4,450
44.0,9,13,5,452
44.0,9,13,6,454
44.0,9,13,7,456
44.0,9,13,8,458
44.0,9,13,9,460
44.0,9,13,10,462
44.0,9,13,11,465
44.0,9,13,12,467
44.0,9,13,13,469
44.0,9,13,14,471
44.0,9,13,15,473
44.0,9,14,0,444
44.0,9,14,1,446
44.0,9,14,2,448
44.0,9,14,3,450
44.0,9,14,4,452
44.0,9,14,5,454
44.0,9,14,6,456
44.0,9,14,7,459
44.0,9,14,8,461
44.0,9,14,9,463
44.0,9,14,10,465
44.0,9,14,11,467
44.0,9,14,12,469
44.0,9,14,13,471
44.0,9,14,14,473
44.0,9,14,15,475
44.0,9,15,0,446
44.0,9,15,1,448
44.0,9,15,2,450
44.0,9,15,3,452
44.0,9,15,4,455
44.0,9,15,5,457
44.0,9,15,6,459
44.0,9,15,7,461
44.0,9,15,8,463
44.0,9,15,9,465
44.0,9,15,10,467
44.0,9,15,11,469
44.0,9,15,12,471
44.0,9,15,13,473
44.0,9,15,14,476
44.0,9,15,15,478
44.0,10,0,0,416
44.0,10,0,1,418
44.0,10,0,2,420
44.0,10,0,3,422
44.0,10,0,4,424
44.0,10,0,5,426
44.0,10,0,6,428
44.0,10,0,7,430
44.0,10,0,8,432
44.0,10,0,9,434
44.0,10,0,10,436
44.0,10,0,11,438
44.0,10,0,12,440
44.0,10,0,13,442
44.0,10,0,14,444
44.0,10,0,15,446
44.0,10,1,0,419
44.0,10,1,1,421
44.0,10,1,2,423
44.0,10,1,3,425
44.0,10,1,4,427
44.0,10,1,5,429
44.0,10,1,6,431
44.0,10,1,7,433
44.0,10,1,8,435
44.0,10,1,9,437
44.0,10,1,10,439
44.0,10,1,11,441
44.0,10,1,12,443
44.0,10,1,13,445
44.0,10,1,14,447
44.0,10,1,15,449
44.0,10,2,0,421
44.0,10,2,1,423
44.0,10,2,2,425
44.0,10,2,3,428
44.0,10,2,4,430
44.0,10,2,5,432
44.0,10,2,6,434
44.0,10,2,7,436
44.0,10,2,8,438
44.0,10,2,9,440
44.0,10,2,10,442
44.0,10,2,11,444
44.0,10,2,12,445
44.0,10,2,13,447
44.0,10,2,14,449
44.0,10,2,15,451
44.0,10,3,0,424
44.0,10,3,1,426
44.0,10,3,2,428
44.0,10,3,3,430
44.0,10,3,4,432
44.0,10,3,5,434
44.0,10,3,6,436
44.0,10,3,7,438
44.0,10,3,8,440
44.0,10,3,9,442
44.0,10,3,10,444
44.0,10,3,11,446
44.0,10,3,12,448
44.0,10,3,13,450
44.0,10,3,14,452
44.0,10,3,15,454
44.0,10,4,0,426
44.0,10,4,1,428
44.0,10,4,2,430
44.0,10,4,3,433
44.0,10,4,4,435
44.0,10,4,5,437
44.0,10,4,6,439
44.0,10,4,7,441
44.0,10,4,8,443
44.0,10,4,9,445
44.0,10,4,10,447
44.0,10,4,11,449
44.0,10,4,12,451
44.0,10,4,13,453
44.0,10,4,14,455
44.0,10,4,15,457
44.0,10,5,0,429
44.0,10,5,1,431
44.0,10,5,2,433
44.0,10,5,3,435
44.0,10,5,4,437
44.0,10,5,5,439
44.0,10,5,6,441
44.0,10,5,7,443
44.0,10,5,8,445
44.0,10,5,9,447
44.0,10,5,10,449
44.0,10,5,11,451
44.0,10,5,12,453
44.0,10,5,13,455
44.0,10,5,14,457
44.0,10,5,15,459
44.0,10,6,0,431
44.0,10,6,1,433
44.0,10,6,2,435
44.0,10,6,3,437
44.0,10,6,4,440
44.0,10,6,5,442
44.0,10,6,6,444
44.0,10,6,7,446
44.0,10,6,8,448
44.0,10,6,9,450
44.0,10,6,10,452
44.0,10,6,11,454
44.0,10,6,12,456
44.0,10,6,13,458
44.0,10,6,14,460
44.0,10,6,15,462
44.0,10,7,0,434
44.0,10,7,1,436
44.0,10,7,2,438
44.0,10,7,3,440
44.0,10,7,4,442
44.0,10,7,5,444
44.0,10,7,6,446
44.0,10,7,7,448
44.0,10,7,8,450
44.0,10,7,9,452
44.0,10,7,10,454
44.0,10,7,11,456
44.0,10,7,12,458
44.0,10,7,13,460
44.0,10,7,14,462
44.0,10,7,15,464
44.0,10,8,0,436
44.0,10,8,1,438
44.0,10,8,2,440
44.0,10,8,3,442
44.0,10,8,4,444
44.0,10,8,5,447
44.0,10,8,6,449
44.0,10,8,7,451
44.0,10,8,8,453
44.0,10,8,9,455
44.0,10,8,10,457
44.0,10,8,11,459
44.0,10,8,12,461
44.0,10,8,13,463
44.0,10,8,14,465
44.0,10,8,15,467
44.0,10,9,0,438
44.0,10,9,1,441
44.0,10,9,2,443
44.0,10,9,3,445
44.0,10,9,4,447
44.0,10,9,5,449
44.0,10,9,6,451
44.0,10,9,7,453
44.0,10,9,8,455
44.0,10,9,9,457
44.0,10,9,10,459
44.0,10,9,11,461
44.0,10,9,12,463
44.0,10,9,13,465
44.0,10,9,14,468
44.0,10,9,15,470
44.0,10,10,0,441
44.0,10,10,1,443
44.0,10,10,2,445
44.0,10,10,3,447
44.0,10,10,4,449
44.0,10,10,5,451
44.0,10,10,6,454
44.0,10,10,7,456
44.0,10,10,8,458
44.0,10,10,9,460
44.0,10,10,10,462
44.0,10,10,11,464
44.0,10,10,12,466
44.0,10,10,13,468
44.0,10,10,14,470
44.0,10,10,15,472
44.0,10,11,0,443
44.0,10,11,1,445
44.0,10,11,2,447
44.0,10,11,3,450
44.0,10,11,4,452
44.0,10,11,5,454
44.0,10,11,6,456
44.0,10,11,7,458
44.0,10,11,8,460
44.0,10,11,9,462
44.0,10,11,10,464
44.0,10,11,11,466
44.0,10,11,12,468
44.0,10,11,13,471
44.0,10,11,14,473
44.0,10,11,15,475
44.0,10,12,0,445
44.0,10,12,1,448
44.0,10,12,2,450
44.0,10,12,3,452
44.0,10,12,4,454
44.0,10,12,5,456
44.0,10,12,6,458
44.0,10,12,7,461
44.0,10,12,8,463
44.0,10,12,9,465
44.0,10,12,10,467
44.0,10,12,11,469
44.0,10,12,12,471
44.0,10,12,13,473
44.0,10,12,14,475
44.0,10,12,15,477
44.0,10,13,0,448
44.0,10,13,1,450
44.0,10,13,2,452
44.0,10,13,3,454
44.0,10,13,4,457
44.0,10,13,5,459
44.0,10,13,6,461
44.0,10,13,7,463
44.0,10,13,8,465
44.0,10,13,9,467
44.0,10,13,10,469
44.0,10,13,11,471
44.0,10,13,12,473
44.0,10,13,13,476
44.0,10,13,14,478
44.0,10,13,15,480
44.0,10,14,0,450
44.0,10,14,1,452
44.0,10,14,2,455
44.0,10,14,3,457
44.0,10,14,4,459
44.0,10,14,5,461
44.0,10,14,6,463
44.0,10,14,7,465
44.0,10,14,8,467
44.0,10,14,9,470
44.0,10,14,10,472
44.0,10,14,11,474
44.0,10,14,12,476
44.0,10,14,13,478
44.0,10,14,14,480
44.0,10,14,15,482
44.0,10,15,0,452
44.0,10,15,1,455
44.0,10,15,2,457
44.0,10,15,3,459
44.0,10,15,4,461
44.0,10,15,5,463
44.0,10,15,6,466
44.0,10,15,7,468
44.0,10,15,8,470
44.0,10,15,9,472
44.0,10,15,10,474
44.0,10,15,11,476
44.0,10,15,12,478
44.0,10,15,13,480
44.0,10,15,14,483
44.0,10,15,15,485
44.0,11,0,0,422
44.0,11,0,1,424
44.0,11,0,2,427
44.0,11,0,3,429
44.0,11,0,4,431
44.0,11,0,5,433
44.0,11,0,6,435
44.0,11,0,7,437
44.0,11,0,8,439
44.0,11,0,9,441
44.0,11,0,10,443
44.0,11,0,11,445
44.0,11,0,12,447
44.0,11,0,13,449
44.0,11,0,14,450
44.0,11,0,15,452
44.0,11,1,0,425
44.0,11,1,1,427
44.0,11,1,2,429
44.0,11,1,3,431
44.0,11,1,4,433
44.0,11,1,5,435
44.0,11,1,6,437
44.0,11,1,7,439
44.0,11,1,8,441
44.0,11,1,9,443
44.0,11,1,10,445
44.0,11,1,11,447
44.0,11,1,12,449
44.0,11,1,13,451
44.0,11,1,14,453
44.0,11,1,15,455
44.0,11,2,0,427
44.0,11,2,1,430
44.0,11,2,2,432
44.0,11,2,3,434
44.0,11,2,4,436
44.0,11,2,5,438
44.0,11,2,6,440
44.0,11,2,7,442
44.0,11,2,8,444
44.0,11,2,9,446
44.0,11,2,10,448
44.0,11,2,11,450
44.0,11,2,12,452
44.0,11,2,13,454
44.0,11,2,14,456
44.0,11,2,15,458
44.0,11,3,0,430
44.0,11,3,1,432
44.0,11,3,2,434
44.0,11,3,3,436
44.0,11,3,4,438
44.0,11,3,5,440
44.0,11,3,6,442
44.0,11,3,7,444
44.0,11,3,8,447
44.0,11,3,9,449
44.0,11,3,10,451
44.0,11,3,11,453
44.0,11,3,12,455
44.0,11,3,13,457
44.0,11,3,14,459
44.0,11,3,15,461
44.0,11,4,0,432
44.0,11,4,1,435
44.0,11,4,2,437
44.0,11,4,3,439
44.0,11,4,4,441
44.0,11,4,5,443
44.0,11,4,6,445
44.0,11,4,7,447
44.0,11,4,8,449
44.0,11,4,9,451
44.0,11,4,10,453
44.0,11,4,11,455
44.0,11,4,12,457
44.0,11,4,13,459
44.0,11,4,14,461
44.0,11,4,15,463
44.0,11,5,0,435
44.0,11,5,1,437
44.0,11,5,2,439
44.0,11,5,3,441
44.0,11,5,4,443
44.0,11,5,5,445
44.0,11,5,6,448
44.0,11,5,7,450
44.0,11,5,8,452
44.0,11,5,9,454
44.0,11,5,10,456
44.0,11,5,11,458
44.0,11,5,12,460
44.0,11,5,13,462
44.0,11,5,14,464
44.0,11,5,15,466
44.0,11,6,0,437
44.0,11,6,1,440
44.0,11,6,2,442
44.0,11,6,3,444
44.0,11,6,4,446
44.0,11,6,5,448
44.0,11,6,6,450
44.0,11,6,7,452
44.0,11,6,8,454
44.0,11,6,9,456
44.0,11,6,10,458
44.0,11,6,11,460
44.0,11,6,12,462
44.0,11,6,13,464
44.0,11,6,14,466
44.0,11,6,15,469
44.0,11,7,0,440
44.0,11,7,1,442
44.0,11,7,2,444
44.0,11,7,3,446
44.0,11,7,4,448
44.0,11,7,5,451
44.0,11,7,6,453
44.0,11,7,7,455
44.0,11,7,8,457
44.0,11,7,9,459
44.0,11,7,10,461
44.0,11,7,11,463
44.0,11,7,12,465
44.0,11,7,13,467
44.0,11,7,14,469
44.0,11,7,15,471
44.0,11,8,0,442
44.0,11,8,1,444
44.0,11,8,2,447
44.0,11,8,3,449
44.0,11,8,4,451
44.0,11,8,5,453
44.0,11,8,6,455
44.0,11,8,7,457
44.0,11,8,8,459
44.0,11,8,9,461
44.0,11,8,10,464
44.0,11,8,11,466
44.0,11,8,12,468
44.0,11,8,13,470
44.0,11,8,14,472
44.0,11,8,15,474
44.0,11,9,0,445
44.0,11,9,1,447
44.0,11,9,2,449
44.0,11,9,3,451
44.0,11,9,4,453
44.0,11,9,5,456
44.0,11,9,6,458
44.0,11,9,7,460
44.0,11,9,8,462
44.0,11,9,9,464
44.0,11,9,10,466
44.0,11,9,11,468
44.0,11,9,12,470
44.0,11,9,13,472
44.0,11,9,14,474
44.0,11,9,15,476
44.0,11,10,0,447
44.0,11,10,1,449
44.0,11,10,2,452
44.0,11,10,3,454
44.0,11,10,4,456
44.0,11,10,5,458
44.0,11,10,6,460
44.0,11,10,7,462
44.0,11,10,8,464
44.0,11,10,9,466
44.0,11,10,10,469
44.0,11,10,11,471
44.0,11,10,12,473
44.0,11,10,13,475
44.0,11,10,14,477
44.0,11,10,15,479
44.0,11,11,0,450
44.0,11,11,1,452
44.0,11,11,2,454
44.0,11,11,3,456
44.0,11,11,4,458
44.0,11,11,5,460
44.0,11,11,6,463
44.0,11,11,7,465
44.0,11,11,8,467
44.0,11,11,9,469
44.0,11,11,10,471
44.0,11,11,11,473
44.0,11,11,12,475
44.0,11,11,13,477
44.0,11,11,14,479
44.0,11,11,15,481
44.0,11,12,0,452
44.0,11,12,1,454
44.0,11,12,2,456
44.0,11,12,3,459
44.0,11,12,4,461
44.0,11,12,5,463
44.0,11,12,6,465
44.0,11,12,7,467
44.0,11,12,8,469
44.0,11,12,9,471
44.0,11,12,10,474
44.0,11,12,11,476
44.0,11,12,12,478
44.0,11,12,13,480
44.0,11,12,14,482
44.0,11,12,15,484
44.0,11,13,0,454
44.0,11,13,1,457
44.0,11,13,2,459
44.0,11,13,3,461
44.0,11,13,4,463
44.0,11,13,5,465
44.0,11,13,6,467
44.0,11,13,7,470
44.0,11,13,8,472
44.0,11,13,9,474
44.0,11,13,10,476
44.0,11,13,11,478
44.0,11,13,12,480
44.0,11,13,13,482
44.0,11,13,14,485
44.0,11,13,15,487
44.0,11,14,0,457
44.0,11,14,1,459
44.0,11,14,2,461
44.0,11,14,3,463
44.0,11,14,4,466
44.0,11,14,5,468
44.0,11,14,6,470
44.0,11,14,7,472
44.0,11,14,8,474
44.0,11,14,9,476
44.0,11,14,10,479
44.0,11,14,11,481
44.0,11,14,12,483
44.0,11,14,13,485
44.0,11,14,14,487
44.0,11,14,15,489
44.0,11,15,0,459
44.0,11,15,1,461
44.0,11,15,2,464
44.0,11,15,3,466
44.0,11,15,4,468
44.0,11,15,5,470
44.0,11,15,6,472
44.0,11,15,7,475
44.0,11,15,8,477
44.0,11,15,9,479
44.0,11,15,10,481
44.0,11,15,11,483
44.0,11,15,12,485
44.0,11,15,13,487
44.0,11,15,14,490
44.0,11,15,15,492
44.0,12,0,0,428
44.0,12,0,1,431
44.0,12,0,2,433
44.0,12,0,3,435
44.0,12,0,4,437
44.0,12,0,5,439
44.0,12,0,6,441
44.0,12,0,7,443
44.0,12,0,8,445
44.0,12,0,9,447
44.0,12,0,10,449
44.0,12,0,11,451
44.0,12,0,12,453
44.0,12,0,13,455
44.0,12,0,14,457
44.0,12,0,15,459
44.0,12,1,0,431
44.0,12,1,1,433
44.0,12,1,2,435
44.0,12,1,3,437
44.0,12,1,4,439
44.0,12,1,5,441
44.0,12,1,6,444
44.0,12,1,7,446
44.0,12,1,8,448
44.0,12,1,9,450
44.0,12,1,10,452
44.0,12,1,11,454
44.0,12,1,12,456
44.0,12,1,13,458
44.0,12,1,14,460
44.0,12,1,15,462
44.0,12,2,0,434
44.0,12,2,1,436
44.0,12,2,2,438
44.0,12,2,3,440
44.0,12,2,4,442
44.0,12,2,5,444
44.0,12,2,6,446
44.0,12,2,7,448
44.0,12,2,8,450
44.0,12,2,9,452
44.0,12,2,10,454
44.0,12,2,11,456
44.0,12,2,12,458
44.0,12,2,13,460
44.0,12,2,14,462
44.0,12,2,15,464
44.0,12,3,0,436
44.0,12,3,1,438
44.0,12,3,2,440
44.0,12,3,3,442
44.0,12,3,4,445
44.0,12,3,5,447
44.0,12,3,6,449
44.0,12,3,7,451
44.0,12,3,8,453
44.0,12,3,9,455
44.0,12,3,10,457
44.0,12,3,11,459
44.0,12,3,12,461
44.0,12,3,13,463
44.0,12,3,14,465
44.0,12,3,15,467
44.0,12,4,0,439
44.0,12,4,1,441
44.0,12,4,2,443
44.0,12,4,3,445
44.0,12,4,4,447
44.0,12,4,5,449
44.0,12,4,6,451
44.0,12,4,7,453
44.0,12,4,8,456
44.0,12,4,9,458
44.0,12,4,10,460
44.0,12,4,11,462
44.0,12,4,12,464
44.0,12,4,13,466
44.0,12,4,14,468
44.0,12,4,15,470
44.0,12,5,0,441
44.0,12,5,1,443
44.0,12,5,2,445
44.0,12,5,3,448
44.0,12,5,4,450
44.0,12,5,5,452
44.0,12,5,6,454
44.0,12,5,7,456
44.0,12,5,8,458
44.0,12,5,9,460
44.0,12,5,10,462
44.0,12,5,11,464
44.0,12,5,12,466
44.0,12,5,13,468
44.0,12,5,14,470
44.0,12,5,15,473
44.0,12,6,0,444
44.0,12,6,1,446
44.0,12,6,2,448
44.0,12,6,3,450
44.0,12,6,4,452
44.0,12,6,5,454
44.0,12,6,6,457
44.0,12,6,7,459
44.0,12,6,8,461
44.0,12,6,9,463
44.0,12,6,10,465
44.0,12,6,11,467
44.0,12,6,12,469
44.0,12,6,13,471
44.0,12,6,14,473
44.0,12,6,15,475
44.0,12,7,0,446
44.0,12,7,1,448
44.0,12,7,2,451
44.0,12,7,3,453
44.0,12,7,4,455
44.0,12,7,5,457
44.0,12,7,6,459
44.0,12,7,7,461
44.0,12,7,8,463
44.0,12,7,9,465
44.0,12,7,10,468
44.0,12,7,11,470
44.0,12,7,12,472
44.0,12,7,13,474
44.0,12,7,14,476
44.0,12,7,15,478
44.0,12,8,0,449
44.0,12,8,1,451
44.0,12,8,2,453
44.0,12,8,3,455
44.0,12,8,4,457
44.0,12,8,5,460
44.0,12,8,6,462
44.0,12,8,7,464
44.0,12,8,8,466
44.0,12,8,9,468
44.0,12,8,10,470
44.0,12,8,11,472
44.0,12,8,12,474
44.0,12,8,13,476
44.0,12,8,14,478
44.0,12,8,15,481
44.0,12,9,0,451
44.0,12,9,1,453
44.0,12,9,2,455
44.0,12,9,3,458
44.0,12,9,4,460
44.0,12,9,5,462
44.0,12,9,6,464
44.0,12,9,7,466
44.0,12,9,8,468
44.0,12,9,9,471
44.0,12,9,10,473
44.0,12,9,11,475
44.0,12,9,12,477
44.0,12,9,13,479
44.0,12,9,14,481
44.0,12,9,15,483
44.0,12,10,0,454
44.0,12,10,1,456
44.0,12,10,2,458
44.0,12,10,3,460
44.0,12,10,4,462
44.0,12,10,5,465
44.0,12,10,6,467
44.0,12,10,7,469
44.0,12,10,8,471
44.0,12,10,9,473
44.0,12,10,10,475
44.0,12,10,11,477
44.0,12,10,12,480
44.0,12,10,13,482
44.0,12,10,14,484
44.0,12,10,15,486
44.0,12,11,0,456
44.0,12,11,1,458
44.0,12,11,2,460
44.0,12,11,3,463
44.0,12,11,4,465
44.0,12,11,5,467
44.0,12,11,6,469
44.0,12,11,7,471
44.0,12,11,8,474
44.0,12,11,9,476
44.0,12,11,10,478
44.0,12,11,11,480
44.0,12,11,12,482
44.0,12,11,13,484
44.0,12,11,14,486
44.0,12,11,15,488
44.0,12,12,0,458
44.0,12,12,1,461
44.0,12,12,2,463
44.0,12,12,3,465
44.0,12,12,4,467
44.0,12,12,5,470
44.0,12,12,6,472
44.0,12,12,7,474
44.0,12,12,8,476
44.0,12,12,9,478
44.0,12,12,10,480
44.0,12,12,11,483
44.0,12,12,12,485
44.0,12,12,13,487
44.0,12,12,14,489
44.0,12,12,15,491
44.0,12,13,0,461
44.0,12,13,1,463
44.0,12,13,2,465
44.0,12,13,3,468
44.0,12,13,4,470
44.0,12,13,5,472
44.0,12,13,6,474
44.0,12,13,7,476
44.0,12,13,8,479
44.0,12,13,9,481
44.0,12,13,10,483
44.0,12,13,11,485
44.0,12,13,12,487
44.0,12,13,13,489
44.0,12,13,14,491
44.0,12,13,15,494
44.0,12,14,0,463
44.0,12,14,1,465
44.0,12,14,2,468
44.0,12,14,3,470
44.0,12,14,4,472
44.0,12,14,5,474
44.0,12,14,6,477
44.0,12,14,7,479
44.0,12,14,8,481
44.0,12,14,9,483
44.0,12,14,10,485
44.0,12,14,11,488
44.0,12,14,12,490
44.0,12,14,13,492
44.0,12,14,14,494
44.0,12,14,15,496
44.0,12,15,0,466
44.0,12,15,1,468
44.0,12,15,2,470
44.0,12,15,3,472
44.0,12,15,4,475
44.0,12,15,5,477
44.0,12,15,6,479
44.0,12,15,7,481
44.0,12,15,8,484
44.0,12,15,9,486
44.0,12,15,10,488
44.0,12,15,11,490
44.0,12,15,12,492
44.0,12,15,13,494
44.0,12,15,14,497
44.0,12,15,15,499
44.0,13,0,0,434
44.0,13,0,1,437
44.0,13,0,2,439
44.0,13,0,3,441
44.0,13,0,4,443
44.0,13,0,5,445
44.0,13,0,6,447
44.0,13,0,7,449
44.0,13,0,8,451
44.0,13,0,9,453
44.0,13,0,10,455
44.0,13,0,11,457
44.0,13,0,12,459
44.0,13,0,13,461
44.0,13,0,14,463
44.0,13,0,15,465
44.0,13,1,0,437
44.0,13,1,1,439
44.0,13,1,2,441
44.0,13,1,3,443
44.0,13,1,4,446
44.0,13,1,5,448
44.0,13,1,6,450
44.0,13,1,7,452
44.0,13,1,8,454
44.0,13,1,9,456
44.0,13,1,10,458
44.0,13,1,11,460
44.0,13,1,12,462
44.0,13,1,13,464
44.0,13,1,14,466
44.0,13,1,15,468
44.0,13,2,0,440
44.0,13,2,1,442
44.0,13,2,2,444
44.0,13,2,3,446
44.0,13,2,4,448
44.0,13,2,5,450
44.0,13,2,6,452
44.0,13,2,7,455
44.0,13,2,8,457
44.0,13,2,9,459
44.0,13,2,10,461
44.0,13,2,11,463
44.0,13,2,12,465
44.0,13,2,13,467
44.0,13,2,14,469
44.0,13,2,15,471
44.0,13,3,0,442
44.0,13,3,1,444
44.0,13,3,2,447
44.0,13,3,3,449
44.0,13,3,4,451
44.0,13,3,5,453
44.0,13,3,6,455
44.0,13,3,7,457
44.0,13,3,8,459
44.0,13,3,9,461
44.0,13,3,10,463
44.0,13,3,11,466
44.0,13,3,12,468
44.0,13,3,13,470
44.0,13,3,14,472
44.0,13,3,15,474
44.0,13,4,0,445
44.0,13,4,1,447
44.0,13,4,2,449
44.0,13,4,3,451
44.0,13,4,4,453
44.0,13,4,5,456
44.0,13,4,6,458
44.0,13,4,7,460
44.0,13,4,8,462
44.0,13,4,9,464
44.0,13,4,10,466
44.0,13,4,11,468
44.0,13,4,12,470
44.0,13,4,13,472
44.0,13,4,14,474
44.0,13,4,15,476
44.0,13,5,0,447
44.0,13,5,1,450
44.0,13,5,2,452
44.0,13,5,3,454
44.0,13,5,4,456
44.0,13,5,5,458
44.0,13,5,6,460
44.0,13,5,7,462
44.0,13,5,8,465
44.0,13,5,9,467
44.0,13,5,10,469
44.0,13,5,11,471
44.0,13,5,12,473
44.0,13,5,13,475
44.0,13,5,14,477
44.0,13,5,15,479
44.0,13,6,0,450
44.0,13,6,1,452
44.0,13,6,2,454
44.0,13,6,3,456
44.0,13,6,4,459
44.0,13,6,5,461
44.0,13,6,6,463
44.0,13,6,7,465
44.0,13,6,8,467
44.0,13,6,9,469
44.0,13,6,10,471
44.0,13,6,11,474
44.0,13,6,12,476
44.0,13,6,13,478
44.0,13,6,14,480
44.0,13,6,15,482
44.0,13,7,0,452
44.0,13,7,1,455
44.0,13,7,2,457
44.0,13,7,3,459
44.0,13,7,4,461
44.0,13,7,5,463
44.0,13,7,6,466
44.0,13,7,7,468
44.0,13,7,8,470
44.0,13,7,9,472
44.0,13,7,10,474
44.0,13,7,11,476
44.0,13,7,12,478
44.0,13,7,13,480
44.0,13,7,14,483
44.0,13,7,15,485
44.0,13,8,0,455
44.0,13,8,1,457
44.0,13,8,2,459
44.0,13,8,3,462
44.0,13,8,4,464
44.0,13,8,5,466
44.0,13,8,6,468
44.0,13,8,7,470
44.0,13,8,8,472
44.0,13,8,9,475
44.0,13,8,10,477
44.0,13,8,11,479
44.0,13,8,12,481
44.0,13,8,13,483
44.0,13,8,14,485
44.0,13,8,15,487
44.0,13,9,0,457
44.0,13,9,1,460
44.0,13,9,2,462
44.0,13,9,3,464
44.0,13,9,4,466
44.0,13,9,5,469
44.0,13,9,6,471
44.0,13,9,7,473
44.0,13,9,8,475
44.0,13,9,9,477
44.0,13,9,10,479
44.0,13,9,11,482
44.0,13,9,12,484
44.0,13,9,13,486
44.0,13,9,14,488
44.0,13,9,15,490
44.0,13,10,0,460
44.0,13,10,1,462
44.0,13,10,2,464
44.0,13,10,3,467
44.0,13,10,4,469
44.0,13,10,5,471
44.0,13,10,6,473
44.0,13,10,7,475
44.0,13,10,8,478
44.0,13,10,9,480
44.0,13,10,10,482
44.0,13,10,11,484
44.0,13,10,12,486
44.0,13,10,13,488
44.0,13,10,14,491
44.0,13,10,15,493
44.0,13,11,0,462
44.0,13,11,1,465
44.0,13,11,2,467
44.0,13,11,3,469
44.0,13,11,4,471
44.0,13,11,5,474
44.0,13,11,6,476
44.0,13,11,7,478
44.0,13,11,8,480
44.0,13,11,9,482
44.0,13,11,10,485
44.0,13,11,11,487
44.0,13,11,12,489
44.0,13,11,13,491
44.0,13,11,14,493
44.0,13,11,15,495
44.0,13,12,0,465
44.0,13,12,1,467
44.0,13,12,2,469
44.0,13,12,3,472
44.0,13,12,4,474
44.0,13,12,5,476
44.0,13,12,6,478
44.0,13,12,7,481
44.0,13,12,8,483
44.0,13,12,9,485
44.0,13,12,10,487
44.0,13,12,11,489
44.0,13,12,12,491
44.0,13,12,13,494
44.0,13,12,14,496
44.0,13,12,15,498
44.0,13,13,0,467
44.0,13,13,1,470
44.0,13,13,2,472
44.0,13,13,3,474
44.0,13,13,4,476
44.0,13,13,5,479
44.0,13,13,6,481
44.0,13,13,7,483
44.0,13,13,8,485
44.0,13,13,9,488
44.0,13,13,10,490
44.0,13,13,11,492
44.0,13,13,12,494
44.0,13,13,13,496
44.0,13,13,14,498
44.0,13,13,15,501
44.0,13,14,0,470
44.0,13,14,1,472
44.0,13,14,2,474
44.0,13,14,3,477
44.0,13,14,4,479
44.0,13,14,5,481
44.0,13,14,6,483
44.0,13,14,7,486
44.0,13,14,8,488
44.0,13,14,9,490
44.0,13,14,10,492
44.0,13,14,11,494
44.0,13,14,12,497
44.0,13,14,13,499
44.0,13,14,14,501
44.0,13,14,15,503
44.0,13,15,0,472
44.0,13,15,1,474
44.0,13,15,2,477
44.0,13,15,3,479
44.0,13,15,4,481
44.0,13,15,5,484
44.0,13,15,6,486
44.0,13,15,7,488
44.0,13,15,8,490
44.0,13,15,9,493
44.0,13,15,10,495
44.0,13,15,11,497
44.0,13,15,12,499
44.0,13,15,13,501
44.0,13,15,14,504
44.0,13,15,15,506
44.0,14,0,0,441
44.0,14,0,1,443
44.0,14,0,2,445
44.0,14,0,3,447
44.0,14,0,4,449
44.0,14,0,5,451
44.0,14,0,6,453
44.0,14,0,7,455
44.0,14,0,8,457
44.0,14,0,9,460
44.0,14,0,10,462
44.0,14,0,11,464
44.0,14,0,12,466
44.0,14,0,13,468
44.0,14,0,14,470
44.0,14,0,15,472
44.0,14,1,0,443
44.0,14,1,1,445
44.0,14,1,2,447
44.0,14,1,3,450
44.0,14,1,4,452
44.0,14,1,5,454
44.0,14,1,6,456
44.0,14,1,7,458
44.0,14,1,8,460
44.0,14,1,9,462
44.0,14,1,10,464
44.0,14,1,11,466
44.0,14,1,12,469
44.0,14,1,13,471
44.0,14,1,14,473
44.0,14,1,15,475
44.0,14,2,0,446
44.0,14,2,1,448
44.0,14,2,2,450
44.0,14,2,3,452
44.0,14,2,4,454
44.0,14,2,5,457
44.0,14,2,6,459
44.0,14,2,7,461
44.0,14,2,8,463
44.0,14,2,9,465
44.0,14,2,10,467
44.0,14,2,11,469
44.0,14,2,12,471
44.0,14,2,13,473
44.0,14,2,14,475
44.0,14,2,15,477
44.0,14,3,0,448
44.0,14,3,1,451
44.0,14,3,2,453
44.0,14,3,3,455
44.0,14,3,4,457
44.0,14,3,5,459
44.0,14,3,6,461
44.0,14,3,7,464
44.0,14,3,8,466
44.0,14,3,9,468
44.0,14,3,10,470
44.0,14,3,11,472
44.0,14,3,12,474
44.0,14,3,13,476
44.0,14,3,14,478
44.0,14,3,15,480
44.0,14,4,0,451
44.0,14,4,1,453
44.0,14,4,2,455
44.0,14,4,3,458
44.0,14,4,4,460
44.0,14,4,5,462
44.0,14,4,6,464
44.0,14,4,7,466
44.0,14,4,8,468
44.0,14,4,9,471
44.0,14,4,10,473
44.0,14,4,11,475
44.0,14,4,12,477
44.0,14,4,13,479
44.0,14,4,14,481
44.0,14,4,15,483
44.0,14,5,0,454
44.0,14,5,1,456
44.0,14,5,2,458
44.0,14,5,3,460
44.0,14,5,4,462
44.0,14,5,5,465
44.0,14,5,6,467
44.0,14,5,7,469
44.0,14,5,8,471
44.0,14,5,9,473
44.0,14,5,10,475
44.0,14,5,11,477
44.0,14,5,12,480
44.0,14,5,13,482
44.0,14,5,14,484
44.0,14,5,15,486
44.0,14,6,0,456
44.0,14,6,1,458
44.0,14,6,2,461
44.0,14,6,3,463
44.0,14,6,4,465
44.0,14,6,5,467
44.0,14,6,6,469
44.0,14,6,7,472
44.0,14,6,8,474
44.0,14,6,9,476
44.0,14,6,10,478
44.0,14,6,11,480
44.0,14,6,12,482
44.0,14,6,13,484
44.0,14,6,14,487
44.0,14,6,15,489
44.0,14,7,0,459
44.0,14,7,1,461
44.0,14,7,2,463
44.0,14,7,3,465
44.0,14,7,4,468
44.0,14,7,5,470
44.0,14,7,6,472
44.0,14,7,7,474
44.0,14,7,8,476
44.0,14,7,9,479
44.0,14,7,10,481
44.0,14,7,11,483
44.0,14,7,12,485
44.0,14,7,13,487
44.0,14,7,14,489
44.0,14,7,15,491
44.0,14,8,0,461
44.0,14,8,1,464
44.0,14,8,2,466
44.0,14,8,3,468
44.0,14,8,4,470
44.0,14,8,5,472
44.0,14,8,6,475
44.0,14,8,7,477
44.0,14,8,8,479
44.0,14,8,9,481
44.0,14,8,10,483
44.0,14,8,11,486
44.0,14,8,12,488
44.0,14,8,13,490
44.0,14,8,14,492
44.0,14,8,15,494
44.0,14,9,0,464
44.0,14,9,1,466
44.0,14,9,2,468
44.0,14,9,3,471
44.0,14,9,4,473
44.0,14,9,5,475
44.0,14,9,6,477
44.0,14,9,7,479
44.0,14,9,8,482
44.0,14,9,9,484
44.0,14,9,10,486
44.0,14,9,11,488
44.0,14,9,12,490
44.0,14,9,13,493
44.0,14,9,14,495
44.0,14,9,15,497
44.0,14,10,0,466
44.0,14,10,1,469
44.0,14,10,2,471
44.0,14,10,3,473
44.0,14,10,4,475
44.0,14,10,5,478
44.0,14,10,6,480
44.0,14,10,7,482
44.0,14,10,8,484
44.0,14,10,9,486
44.0,14,10,10,489
44.0,14,10,11,491
44.0,14,10,12,493
44.0,14,10,13,495
44.0,14,10,14,497
44.0,14,10,15,499
44.0,14,11,0,469
44.0,14,11,1,471
44.0,14,11,2,473
44.0,14,11,3,476
44.0,14,11,4,478
44.0,14,11,5,480
44.0,14,11,6,482
44.0,14,11,7,485
44.0,14,11,8,487
44.0,14,11,9,489
44.0,14,11,10,491
44.0,14,11,11,493
44.0,14,11,12,496
44.0,14,11,13,498
44.0,14,11,14,500
44.0,14,11,15,502
44.0,14,12,0,471
44.0,14,12,1,474
44.0,14,12,2,476
44.0,14,12,3,478
44.0,14,12,4,480
44.0,14,12,5,483
44.0,14,12,6,485
44.0,14,12,7,487
44.0,14,12,8,489
44.0,14,12,9,492
44.0,14,12,10,494
44.0,14,12,11,496
44.0,14,12,12,498
44.0,14,12,13,500
44.0,14,12,14,503
44.0,14,12,15,505
44.0,14,13,0,474
44.0,14,13,1,476
44.0,14,13,2,478
44.0,14,13,3,481
44.0,14,13,4,483
44.0,14,13,5,485
44.0,14,13,6,488
44.0,14,13,7,490
44.0,14,13,8,492
44.0,14,13,9,494
44.0,14,13,10,497
44.0,14,13,11,499
44.0,14,13,12,501
44.0,14,13,13,503
44.0,14,13,14,505
44.0,14,13,15,507
44.0,14,14,0,476
44.0,14,14,1,479
44.0,14,14,2,481
44.0,14,14,3,483
44.0,14,14,4,486
44.0,14,14,5,488
44.0,14,14,6,490
44.0,14,14,7,492
44.0,14,14,8,495
44.0,14,14,9,497
44.0,14,14,10,499
44.0,14,14,11,501
44.0,14,14,12,504
44.0,14,14,13,506
44.0,14,14,14,508
44.0,14,14,15,510
44.0,14,15,0,479
44.0,14,15,1,481
44.0,14,15,2,483
44.0,14,15,3,486
44.0,14,15,4,488
44.0,14,15,5,490
44.0,14,15,6,493
44.0,14,15,7,495
44.0,14,15,8,497
44.0,14,15,9,499
44.0,14,15,10,502
44.0,14,15,11,504
44.0,14,15,12,506
44.0,14,15,13,508
44.0,14,15,14,511
44.0,14,15,15,513
44.0,15,0,0,447
44.0,15,0,1,449
44.0,15,0,2,451
44.0,15,0,3,453
44.0,15,0,4,455
44.0,15,0,5,457
44.0,15,0,6,460
44.0,15,0,7,462
44.0,15,0,8,464
44.0,15,0,9,466
44.0,15,0,10,468
44.0,15,0,11,470
44.0,15,0,12,472
44.0,15,0,13,474
44.0,15,0,14,476
44.0,15,0,15,478
44.0,15,1,0,449
44.0,15,1,1,451
44.0,15,1,2,454
44.0,15,1,3,456
44.0,15,1,4,458
44.0,15,1,5,460
44.0,15,1,6,462
44.0,15,1,7,464
44.0,15,1,8,467
44.0,15,1,9,469
44.0,15,1,10,471
44.0,15,1,11,473
44.0,15,1,12,475
44.0,15,1,13,477
44.0,15,1,14,479
44.0,15,1,15,481
44.0,15,2,0,452
44.0,15,2,1,454
44.0,15,2,2,456
44.0,15,2,3,459
44.0,15,2,4,461
44.0,15,2,5,463
44.0,15,2,6,465
44.0,15,2,7,467
44.0,15,2,8,469
44.0,15,2,9,471
44.0,15,2,10,474
44.0,15,2,11,476
44.0,15,2,12,478
44.0,15,2,13,480
44.0,15,2,14,482
44.0,15,2,15,484
44.0,15,3,0,455
44.0,15,3,1,457
44.0,15,3,2,459
44.0,15,3,3,461
44.0,15,3,4,463
44.0,15,3,5,466
44.0,15,3,6,468
44.0,15,3,7,470
44.0,15,3,8,472
44.0,15,3,9,474
44.0,15,3,10,476
44.0,15,3,11,478
44.0,15,3,12,481
44.0,15,3,13,483
44.0,15,3,14,485
44.0,15,3,15,487
44.0,15,4,0,457
44.0,15,4,1,459
44.0,15,4,2,462
44.0,15,4,3,464
44.0,15,4,4,466
44.0,15,4,5,468
44.0,15,4,6,470
44.0,15,4,7,473
44.0,15,4,8,475
44.0,15,4,9,477
44.0,15,4,10,479
44.0,15,4,11,481
44.0,15,4,12,483
44.0,15,4,13,485
44.0,15,4,14,488
44.0,15,4,15,490
44.0,15,5,0,460
44.0,15,5,1,462
44.0,15,5,2,464
44.0,15,5,3,467
44.0,15,5,4,469
44.0,15,5,5,471
44.0,15,5,6,473
44.0,15,5,7,475
44.0,15,5,8,478
44.0,15,5,9,480
44.0,15,5,10,482
44.0,15,5,11,484
44.0,15,5,12,486
44.0,15,5,13,488
44.0,15,5,14,490
44.0,15,5,15,493
44.0,15,6,0,462
44.0,15,6,1,465
44.0,15,6,2,467
44.0,15,6,3,469
44.0,15,6,4,471
44.0,15,6,5,474
44.0,15,6,6,476
44.0,15,6,7,478
44.0,15,6,8,480
44.0,15,6,9,482
44.0,15,6,10,485
44.0,15,6,11,487
44.0,15,6,12,489
44.0,15,6,13,491
44.0,15,6,14,493
44.0,15,6,15,495
44.0,15,7,0,465
44.0,15,7,1,467
44.0,15,7,2,470
44.0,15,7,3,472
44.0,15,7,4,474
44.0,15,7,5,476
44.0,15,7,6,479
44.0,15,7,7,481
44.0,15,7,8,483
44.0,15,7,9,485
44.0,15,7,10,487
44.0,15,7,11,489
44.0,15,7,12,492
44.0,15,7,13,494
44.0,15,7,14,496
44.0,15,7,15,498
44.0,15,8,0,468
44.0,15,8,1,470
44.0,15,8,2,472
44.0,15,8,3,474
44.0,15,8,4,477
44.0,15,8,5,479
44.0,15,8,6,481
44.0,15,8,7,483
44.0,15,8,8,486
44.0,15,8,9,488
44.0,15,8,10,490
44.0,15,8,11,492
44.0,15,8,12,494
44.0,15,8,13,497
44.0,15,8,14,499
44.0,15,8,15,501
44.0,15,9,0,470
44.0,15,9,1,472
44.0,15,9,2,475
44.0,15,9,3,477
44.0,15,9,4,479
44.0,15,9,5,482
44.0,15,9,6,484
44.0,15,9,7,486
44.0,15,9,8,488
44.0,15,9,9,490
44.0,15,9,10,493
44.0,15,9,11,495
44.0,15,9,12,497
44.0,15,9,13,499
44.0,15,9,14,501
44.0,15,9,15,504
44.0,15,10,0,473
44.0,15,10,1,475
44.0,15,10,2,477
44.0,15,10,3,480
44.0,15,10,4,482
44.0,15,10,5,484
44.0,15,10,6,486
44.0,15,10,7,489
44.0,15,10,8,491
44.0,15,10,9,493
44.0,15,10,10,495
44.0,15,10,11,498
44.0,15,10,12,500
44.0,15,10,13,502
44.0,15,10,14,504
44.0,15,10,15,506
44.0,15,11,0,475
44.0,15,11,1,478
44.0,15,11,2,480
44.0,15,11,3,482
44.0,15,11,4,484
44.0,15,11,5,487
44.0,15,11,6,489
44.0,15,11,7,491
44.0,15,11,8,494
44.0,15,11,9,496
44.0,15,11,10,498
44.0,15,11,11,500
44.0,15,11,12,502
44.0,15,11,13,505
44.0,15,11,14,507
44.0,15,11,15,509
44.0,15,12,0,478
44.0,15,12,1,480
44.0,15,12,2,482
44.0,15,12,3,485
44.0,15,12,4,487
44.0,15,12,5,489
44.0,15,12,6,492
44.0,15,12,7,494
44.0,15,12,8,496
44.0,15,12,9,498
44.0,15,12,10,501
44.0,15,12,11,503
44.0,15,12,12,505
44.0,15,12,13,507
44.0,15,12,14,510
44.0,15,12,15,512
44.0,15,13,0,480
44.0,15,13,1,483
44.0,15,13,2,485
44.0,15,13,3,487
44.0,15,13,4,490
44.0,15,13,5,492
44.0,15,13,6,494
44.0,15,13,7,497
44.0,15,13,8,499
44.0,15,13,9,501
44.0,15,13,10,503
44.0,15,13,11,506
44.0,15,13,12,508
44.0,15,13,13,510
44.0,15,13,14,512
44.0,15,13,15,514
44.0,15,14,0,483
44.0,15,14,1,485
44.0,15,14,2,488
44.0,15,14,3,490
44.0,15,14,4,492
44.0,15,14,5,494
44.0,15,14,6,497
44.0,15,14,7,499
44.0,15,14,8,501
44.0,15,14,9,504
44.0,15,14,10,506
44.0,15,14,11,508
44.0,15,14,12,510
44.0,15,14,13,513
44.0,15,14,14,515
44.0,15,14,15,517
44.0,15,15,0,485
44.0,15,15,1,488
44.0,15,15,2,490
44.0,15,15,3,492
44.0,15,15,4,495
44.0,15,15,5,497
44.0,15,15,6,499
44.0,15,15,7,502
44.0,15,15,8,504
44.0,15,15,9,506
44.0,15,15,10,509
44.0,15,15,11,511
44.0,15,15,12,513
44.0,15,15,13,515
44.0,15,15,14,518
44.0,15,15,15,520
44.5,0,0,0,358
44.5,0,0,1,360
44.5,0,0,2,362
44.5,0,0,3,363
44.5,0,0,4,365
44.5,0,0,5,367
44.5,0,0,6,369
44.5,0,0,7,370
44.5,0,0,8,372
44.5,0,0,9,374
44.5,0,0,10,375
44.5,0,0,11,377
44.5,0,0,12,379
44.5,0,0,13,380
44.5,0,0,14,382
44.5,0,0,15,384
44.5,0,1,0,360
44.5,0,1,1,362
44.5,0,1,2,364
44.5,0,1,3,366
44.5,0,1,4,367
44.5,0,1,5,369
44.5,0,1,6,371
44.5,0,1,7,372
44.5,0,1,8,374
44.5,0,1,9,376
44.5,0,1,10,378
44.5,0,1,11,379
44.5,0,1,12,381
44.5,0,1,13,383
44.5,0,1,14,384
44.5,0,1,15,386
44.5,0,2,0,362
44.5,0,2,1,364
44.5,0,2,2,366
44.5,0,2,3,368
44.5,0,2,4,369
44.5,0,2,5,371
44.5,0,2,6,373
44.5,0,2,7,375
44.5,0,2,8,376
44.5,0,2,9,378
44.5,0,2,10,380
44.5,0,2,11,382
44.5,0,2,12,383
44.5,0,2,13,385
44.5,0,2,14,387
44.5,0,2,15,388
44.5,0,3,0,365
44.5,0,3,1,366
44.5,0,3,2,368
44.5,0,3,3,370
44.5,0,3,4,372
44.5,0,3,5,373
44.5,0,3,6,375
44.5,0,3,7,377
44.5,0,3,8,379
44.5,0,3,9,380
44.5,0,3,10,382
44.5,0,3,11,384
44.5,0,3,12,385
44.5,0,3,13,387
44.5,0,3,14,389
44.5,0,3,15,390
44.5,0,4,0,367
44.5,0,4,1,368
44.5,0,4,2,370
44.5,0,4,3,372
44.5,0,4,4,374
44.5,0,4,5,376
44.5,0,4,6,377
44.5,0,4,7,379
44.5,0,4,8,381
44.5,0,4,9,383
44.5,0,4,10,384
44.5,0,4,11,386
44.5,0,4,12,388
44.5,0,4,13,389
44.5,0,4,14,391
44.5,0,4,15,393
44.5,0,5,0,369
44.5,0,5,1,371
44.5,0,5,2,372
44.5,0,5,3,374
44.5,0,5,4,376
44.5,0,5,5,378
44.5,0,5,6,379
44.5,0,5,7,381
44.5,0,5,8,383
44.5,0,5,9,385
44.5,0,5,10,386
44.5,0,5,11,388
44.5,0,5,12,390
44.5,0,5,13,392
44.5,0,5,14,393
44.5,0,5,15,395
44.5,0,6,0,371
44.5,0,6,1,373
44.5,0,6,2,374
44.5,0,6,3,376
44.5,0,6,4,378
44.5,0,6,5,380
44.5,0,6,6,382
44.5,0,6,7,383
44.5,0,6,8,385
44.5,0,6,9,387
44.5,0,6,10,389
44.5,0,6,11,390
44.5,0,6,12,392
44.5,0,6,13,394
44.5,0,6,14,396
44.5,0,6,15,397
44.5,0,7,0,373
44.5,0,7,1,375
44.5,0,7,2,377
44.5,0,7,3,378
44.5,0,7,4,380
44.5,0,7,5,382
44.5,0,7,6,384
44.5,0,7,7,386
44.5,0,7,8,387
44.5,0,7,9,389
44.5,0,7,10,391
44.5,0,7,11,393
44.5,0,7,12,394
44.5,0,7,13,396
44.5,0,7,14,398
44.5,0,7,15,399
44.5,0,8,0,375
44.5,0,8,1,377
44.5,0,8,2,379
44.5,0,8,3,381
44.5,0,8,4,382
44.5,0,8,5,384
44.5,0,8,6,386
44.5,0,8,7,388
44.5,0,8,8,389
44.5,0,8,9,391
44.5,0,8,10,393
44.5,0,8,11,395
44.5,0,8,12,397
44.5,0,8,13,398
44.5,0,8,14,400
44.5,0,8,15,402
44.5,0,9,0,377
44.5,0,9,1,379
44.5,0,9,2,381
44.5,0,9,3,383
44.5,0,9,4,384
44.5,0,9,5,386
44.5,0,9,6,388
44.5,0,9,7,390
44.5,0,9,8,392
44.5,0,9,9,393
44.5,0,9,10,395
44.5,0,9,11,397
44.5,0,9,12,399
44.5,0,9,13,400
44.5,0,9,14,402
44.5,0,9,15,404
44.5,0,10,0,379
44.5,0,10,1,381
44.5,0,10,2,383
44.5,0,10,3,385
44.5,0,10,4,387
44.5,0,10,5,388
44.5,0,10,6,390
44.5,0,10,7,392
44.5,0,10,8,394
44.5,0,10,9,396
44.5,0,10,10,397
44.5,0,10,11,399
44.5,0,10,12,401
44.5,0,10,13,403
44.5,0,10,14,404
44.5,0,10,15,406
44.5,0,11,0,381
44.5,0,11,1,383
44.5,0,11,2,385
44.5,0,11,3,387
44.5,0,11,4,389
44.5,0,11,5,390
44.5,0,11,6,392
44.5,0,11,7,394
44.5,0,11,8,396
44.5,0,11,9,398
44.5,0,11,10,399
44.5,0,11,11,401
44.5,0,11,12,403
44.5,0,11,13,405
44.5,0,11,14,407
44.5,0,11,15,408
44.5,0,12,0,383
44.5,0,12,1,385
44.5,0,12,2,387
44.5,0,12,3,389
44.5,0,12,4,391
44.5,0,12,5,392
44.5,0,12,6,394
44.5,0,12,7,396
44.5,0,12,8,398
44.5,0,12,9,400
44.5,0,12,10,402
44.5,0,12,11,403
44.5,0,12,12,405
44.5,0,12,13,407
44.5,0,12,14,409
44.5,0,12,15,410
44.5,0,13,0,385
44.5,0,13,1,387
44.5,0,13,2,389
44.5,0,13,3,391
44.5,0,13,4,393
44.5,0,13,5,395
44.5,0,13,6,396
44.5,0,13,7,398
44.5,0,13,8,400
44.5,0,13,9,402
44.5,0,13,10,404
44.5,0,13,11,405
44.5,0,13,12,407
44.5,0,13,13,409
44.5,0,13,14,411
44.5,0,13,15,413
44.5,0,14,0,387
44.5,0,14,1,389
44.5,0,14,2,391
44.5,0,14,3,393
44.5,0,14,4,395
44.5,0,14,5,397
44.5,0,14,6,398
44.5,0,14,7,400
44.5,0,14,8,402
44.5,0,14,9,404
44.5,0,14,10,406
44.5,0,14,11,408
44.5,0,14,12,409
44.5,0,14,13,411
44.5,0,14,14,413
44.5,0,14,15,415
44.5,0,15,0,389
44.5,0,15,1,391
44.5,0,15,2,393
44.5,0,15,3,395
44.5,0,15,4,397
44.5,0,15,5,399
44.5,0,15,6,400
44.5,0,15,7,402
44.5,0,15,8,404
44.5,0,15,9,406
44.5,0,15,10,408
44.5,0,15,11,410
44.5,0,15,12,411
44.5,0,15,13,413
44.5,0,15,14,415
44.5,0,15,15,417
44.5,1,0,0,364
44.5,1,0,1,366
44.5,1,0,2,368
44.5,1,0,3,370
44.5,1,0,4,371
44.5,1,0,5,373
44.5,1,0,6,375
44.5,1,0,7,377
44.5,1,0,8,378
44.5,1,0,9,380
44.5,1,0,10,382
44.5,1,0,11,383
44.5,1,0,12,385
44.5,1,0,13,387
44.5,1,0,14,388
44.5,1,0,15,390
44.5,1,1,0,366
44.5,1,1,1,368
44.5,1,1,2,370
44.5,1,1,3,372
44.5,1,1,4,374
44.5,1,1,5,375
44.5,1,1,6,377
44.5,1,1,7,379
44.5,1,1,8,381
44.5,1,1,9,382
44.5,1,1,10,384
44.5,1,1,11,386
44.5,1,1,12,387
44.5,1,1,13,389
44.5,1,1,14,391
44.5,1,1,15,392
44.5,1,2,0,369
44.5,1,2,1,370
44.5,1,2,2,372
44.5,1,2,3,374
44.5,1,2,4,376
44.5,1,2,5,378
44.5,1,2,6,379
44.5,1,2,7,381
44.5,1,2,8,383
44.5,1,2,9,385
44.5,1,2,10,386
44.5,1,2,11,388
44.5,1,2,12,390
44.5,1,2,13,391
44.5,1,2,14,393
44.5,1,2,15,395
44.5,1,3,0,371
44.5,1,3,1,373
44.5,1,3,2,374
44.5,1,3,3,376
44.5,1,3,4,378
44.5,1,3,5,380
44.5,1,3,6,382
44.5,1,3,7,383
44.5,1,3,8,385
44.5,1,3,9,387
44.5,1,3,10,389
44.5,1,3,11,390
44.5,1,3,12,392
44.5,1,3,13,394
44.5,1,3,14,395
44.5,1,3,15,397
44.5,1,4,0,373
44.5,1,4,1,375
44.5,1,4,2,377
44.5,1,4,3,378
44.5,1,4,4,380
44.5,1,4,5,382
44.5,1,4,6,384
44.5,1,4,7,386
44.5,1,4,8,387
44.5,1,4,9,389
44.5,1,4,10,391
44.5,1,4,11,393
44.5,1,4,12,394
44.5,1,4,13,396
44.5,1,4,14,398
44.5,1,4,15,399
44.5,1,5,0,375
44.5,1,5,1,377
44.5,1,5,2,379
44.5,1,5,3,381
44.5,1,5,4,382
44.5,1,5,5,384
44.5,1,5,6,386
44.5,1,5,7,388
44.5,1,5,8,389
44.5,1,5,9,391
44.5,1,5,10,393
44.5,1,5,11,395
44.5,1,5,12,397
44.5,1,5,13,398
44.5,1,5,14,400
44.5,1,5,15,402
44.5,1,6,0,377
44.5,1,6,1,379
44.5,1,6,2,381
44.5,1,6,3,383
44.5,1,6,4,385
44.5,1,6,5,386
44.5,1,6,6,388
44.5,1,6,7,390
44.5,1,6,8,392
44.5,1,6,9,393
44.5,1,6,10,395
44.5,1,6,11,397
44.5,1,6,12,399
44.5,1,6,13,401
44.5,1,6,14,402
44.5,1,6,15,404
44.5,1,7,0,379
44.5,1,7,1,381
44.5,1,7,2,383
44.5,1,7,3,385
44.5,1,7,4,387
44.5,1,7,5,388
44.5,1,7,6,390
44.5,1,7,7,392
44.5,1,7,8,394
44.5,1,7,9,396
44.5,1,7,10,397
44.5,1,7,11,399
44.5,1,7,12,401
44.5,1,7,13,403
44.5,1,7,14,405
44.5,1,7,15,406
44.5,1,8,0,381
44.5,1,8,1,383
44.5,1,8,2,385
44.5,1,8,3,387
44.5,1,8,4,389
44.5,1,8,5,391
44.5,1,8,6,392
44.5,1,8,7,394
44.5,1,8,8,396
44.5,1,8,9,398
44.5,1,8,10,400
44.5,1,8,11,401
44.5,1,8,12,403
44.5,1,8,13,405
44.5,1,8,14,407
44.5,1,8,15,409
44.5,1,9,0,383
44.5,1,9,1,385
44.5,1,9,2,387
44.5,1,9,3,389
44.5,1,9,4,391
44.5,1,9,5,393
44.5,1,9,6,395
44.5,1,9,7,396
44.5,1,9,8,398
44.5,1,9,9,400
44.5,1,9,10,402
44.5,1,9,11,404
44.5,1,9,12,405
44.5,1,9,13,407
44.5,1,9,14,409
44.5,1,9,15,411
44.5,1,10,0,386
44.5,1,10,1,387
44.5,1,10,2,389
44.5,1,10,3,391
44.5,1,10,4,393
44.5,1,10,5,395
44.5,1,10,6,397
44.5,1,10,7,399
44.5,1,10,8,400
44.5,1,10,9,402
44.5,1,10,10,404
44.5,1,10,11,406
44.5,1,10,12,408
44.5,1,10,13,409
44.5,1,10,14,411
44.5,1,10,15,413
44.5,1,11,0,388
44.5,1,11,1,390
44.5,1,11,2,391
44.5,1,11,3,393
44.5,1,11,4,395
44.5,1,11,5,397
44.5,1,11,6,399
44.5,1,11,7,401
44.5,1,11,8,403
44.5,1,11,9,404
44.5,1,11,10,406
44.5,1,11,11,408
44.5,1,11,12,410
44.5,1,11,13,412
44.5,1,11,14,413
44.5,1,11,15,415
44.5,1,12,0,390
44.5,1,12,1,392
44.5,1,12,2,394
44.5,1,12,3,395
44.5,1,12,4,397
44.5,1,12,5,399
44.5,1,12,6,401
44.5,1,12,7,403
44.5,1,12,8,405
44.5,1,12,9,407
44.5,1,12,10,408
44.5,1,12,11,410
44.5,1,12,12,412
44.5,1,12,13,414
44.5,1,12,14,416
44.5,1,12,15,417
44.5,1,13,0,392
44.5,1,13,1,394
44.5,1,13,2,396
44.5,1,13,3,397
44.5,1,13,4,399
44.5,1,13,5,401
44.5,1,13,6,403
44.5,1,13,7,405
44.5,1,13,8,407
44.5,1,13,9,409
44.5,1,13,10,411
44.5,1,13,11,412
44.5,1,13,12,414
44.5,1,13,13,416
44.5,1,13,14,418
44.5,1,13,15,420
44.5,1,14,0,394
44.5,1,14,1,396
44.5,1,14,2,398
44.5,1,14,3,400
44.5,1,14,4,401
44.5,1,14,5,403
44.5,1,14,6,405
44.5,1,14,7,407
44.5,1,14,8,409
44.5,1,14,9,411
44.5,1,14,10,413
44.5,1,14,11,414
44.5,1,14,12,416
44.5,1,14,13,418
44.5,1,14,14,420
44.5,1,14,15,422
44.5,1,15,0,396
44.5,1,15,1,398
44.5,1,15,2,400
44.5,1,15,3,402
44.5,1,15,4,404
44.5,1,15,5,405
44.5,1,15,6,407
44.5,1,15,7,409
44.5,1,15,8,411
44.5,1,15,9,413
44.5,1,15,10,415
44.5,1,15,11,417
44.5,1,15,12,418
44.5,1,15,13,420
44.5,1,15,14,422
44.5,1,15,15,424
44.5,2,0,0,370
44.5,2,0,1,372
44.5,2,0,2,374
44.5,2,0,3,376
44.5,2,0,4,377
44.5,2,0,5,379
44.5,2,0,6,381
44.5,2,0,7,383
44.5,2,0,8,385
44.5,2,0,9,386
44.5,2,0,10,388
44.5,2,0,11,390
44.5,2,0,12,392
44.5,2,0,13,393
44.5,2,0,14,395
44.5,2,0,15,397
44.5,2,1,0,373
44.5,2,1,1,374
44.5,2,1,2,376
44.5,2,1,3,378
44.5,2,1,4,380
44.5,2,1,5,382
44.5,2,1,6,383
44.5,2,1,7,385
44.5,2,1,8,387
44.5,2,1,9,389
44.5,2,1,10,390
44.5,2,1,11,392
44.5,2,1,12,394
44.5,2,1,13,396
44.5,2,1,14,397
44.5,2,1,15,399
44.5,2,2,0,375
44.5,2,2,1,377
44.5,2,2,2,378
44.5,2,2,3,380
44.5,2,2,4,382
44.5,2,2,5,384
44.5,2,2,6,386
44.5,2,2,7,387
44.5,2,2,8,389
44.5,2,2,9,391
44.5,2,2,10,393
44.5,2,2,11,394
44.5,2,2,12,396
44.5,2,2,13,398
44.5,2,2,14,400
44.5,2,2,15,401
44.5,2,3,0,377
44.5,2,3,1,379
44.5,2,3,2,381
44.5,2,3,3,382
44.5,2,3,4,384
44.5,2,3,5,386
44.5,2,3,6,388
44.5,2,3,7,390
44.5,2,3,8,391
44.5,2,3,9,393
44.5,2,3,10,395
44.5,2,3,11,397
44.5,2,3,12,399
44.5,2,3,13,400
44.5,2,3,14,402
44.5,2,3,15,404
44.5,2,4,0,379
44.5,2,4,1,381
44.5,2,4,2,383
44.5,2,4,3,385
44.5,2,4,4,386
44.5,2,4,5,388
44.5,2,4,6,390
44.5,2,4,7,392
44.5,2,4,8,394
44.5,2,4,9,396
44.5,2,4,10,397
44.5,2,4,11,399
44.5,2,4,12,401
44.5,2,4,13,403
44.5,2,4,14,404
44.5,2,4,15,406
44.5,2,5,0,381
44.5,2,5,1,383
44.5,2,5,2,385
44.5,2,5,3,387
44.5,2,5,4,389
44.5,2,5,5,391
44.5,2,5,6,392
44.5,2,5,7,394
44.5,2,5,8,396
44.5,2,5,9,398
44.5,2,5,10,400
44.5,2,5,11,401
44.5,2,5,12,403
44.5,2,5,13,405
44.5,2,5,14,407
44.5,2,5,15,408
44.5,2,6,0,383
44.5,2,6,1,385
44.5,2,6,2,387
44.5,2,6,3,389
44.5,2,6,4,391
44.5,2,6,5,393
44.5,2,6,6,395
44.5,2,6,7,396
44.5,2,6,8,398
44.5,2,6,9,400
44.5,2,6,10,402
44.5,2,6,11,404
44.5,2,6,12,405
44.5,2,6,13,407
44.5,2,6,14,409
44.5,2,6,15,411
44.5,2,7,0,386
44.5,2,7,1,388
44.5,2,7,2,389
44.5,2,7,3,391
44.5,2,7,4,393
44.5,2,7,5,395
44.5,2,7,6,397
44.5,2,7,7,399
44.5,2,7,8,400
44.5,2,7,9,402
44.5,2,7,10,404
44.5,2,7,11,406
44.5,2,7,12,408
44.5,2,7,13,409
44.5,2,7,14,411
44.5,2,7,15,413
44.5,2,8,0,388
44.5,2,8,1,390
44.5,2,8,2,392
44.5,2,8,3,393
44.5,2,8,4,395
44.5,2,8,5,397
44.5,2,8,6,399
44.5,2,8,7,401
44.5,2,8,8,403
44.5,2,8,9,405
44.5,2,8,10,406
44.5,2,8,11,408
44.5,2,8,12,410
44.5,2,8,13,412
44.5,2,8,14,414
44.5,2,8,15,415
44.5,2,9,0,390
44.5,2,9,1,392
44.5,2,9,2,394
44.5,2,9,3,396
44.5,2,9,4,397
44.5,2,9,5,399
44.5,2,9,6,401
44.5,2,9,7,403
44.5,2,9,8,405
44.5,2,9,9,407
44.5,2,9,10,409
44.5,2,9,11,410
44.5,2,9,12,412
44.5,2,9,13,414
44.5,2,9,14,416
44.5,2,9,15,418
44.5,2,10,0,392
44.5,2,10,1,394
44.5,2,10,2,396
44.5,2,10,3,398
44.5,2,10,4,400
44.5,2,10,5,402
44.5,2,10,6,403
44.5,2,10,7,405
44.5,2,10,8,407
44.5,2,10,9,409
44.5,2,10,10,411
44.5,2,10,11,413
44.5,2,10,12,414
44.5,2,10,13,416
44.5,2,10,14,418
44.5,2,10,15,420
44.5,2,11,0,394
44.5,2,11,1,396
44.5,2,11,2,398
44.5,2,11,3,400
44.5,2,11,4,402
44.5,2,11,5,404
44.5,2,11,6,406
44.5,2,11,7,407
44.5,2,11,8,409
44.5,2,11,9,411
44.5,2,11,10,413
44.5,2,11,11,415
44.5,2,11,12,417
44.5,2,11,13,418
44.5,2,11,14,420
44.5,2,11,15,422
44.5,2,12,0,396
44.5,2,12,1,398
44.5,2,12,2,400
44.5,2,12,3,402
44.5,2,12,4,404
44.5,2,12,5,406
44.5,2,12,6,408
44.5,2,12,7,410
44.5,2,12,8,411
44.5,2,12,9,413
44.5,2,12,10,415
44.5,2,12,11,417
44.5,2,12,12,419
44.5,2,12,13,421
44.5,2,12,14,423
44.5,2,12,15,424
44.5,2,13,0,398
44.5,2,13,1,400
44.5,2,13,2,402
44.5,2,13,3,404
44.5,2,13,4,406
44.5,2,13,5,408
44.5,2,13,6,410
44.5,2,13,7,412
44.5,2,13,8,414
44.5,2,13,9,416
44.5,2,13,10,417
44.5,2,13,11,419
44.5,2,13,12,421
44.5,2,13,13,423
44.5,2,13,14,425
44.5,2,13,15,427
44.5,2,14,0,400
44.5,2,14,1,402
44.5,2,14,2,404
44.5,2,14,3,406
44.5,2,14,4,408
44.5,2,14,5,410
44.5,2,14,6,412
44.5,2,14,7,414
44.5,2,14,8,416
44.5,2,14,9,418
44.5,2,14,10,420
44.5,2,14,11,421
44.5,2,14,12,423
44.5,2,14,13,425
44.5,2,14,14,427
44.5,2,14,15,429
44.5,2,15,0,402
44.5,2,15,1,404
44.5,2,15,2,406
44.5,2,15,3,408
44.5,2,15,4,410
44.5,2,15,5,412
44.5,2,15,6,414
44.5,2,15,7,416
44.5,2,15,8,418
44.5,2,15,9,420
44.5,2,15,10,422
44.5,2,15,11,424
44.5,2,15,12,425
44.5,2,15,13,427
44.5,2,15,14,429
44.5,2,15,15,431
44.5,3,0,0,376
44.5,3,0,1,378
44.5,3,0,2,380
44.5,3,0,3,382
44.5,3,0,4,384
44.5,3,0,5,386
44.5,3,0,6,387
44.5,3,0,7,389
44.5,3,0,8,391
44.5,3,0,9,393
44.5,3,0,10,394
44.5,3,0,11,396
44.5,3,0,12,398
44.5,3,0,13,400
44.5,3,0,14,401
44.5,3,0,15,403
44.5,3,1,0,379
44.5,3,1,1,380
44.5,3,1,2,382
44.5,3,1,3,384
44.5,3,1,4,386
44.5,3,1,5,388
44.5,3,1,6,390
44.5,3,1,7,391
44.5,3,1,8,393
44.5,3,1,9,395
44.5,3,1,10,397
44.5,3,1,11,399
44.5,3,1,12,400
44.5,3,1,13,402
44.5,3,1,14,404
44.5,3,1,15,406
44.5,3,2,0,381
44.5,3,2,1,383
44.5,3,2,2,385
44.5,3,2,3,386
44.5,3,2,4,388
44.5,3,2,5,390
44.5,3,2,6,392
44.5,3,2,7,394
44.5,3,2,8,396
44.5,3,2,9,397
44.5,3,2,10,399
44.5,3,2,11,401
44.5,3,2,12,403
44.5,3,2,13,404
44.5,3,2,14,406
44.5,3,2,15,408
44.5,3,3,0,383
44.5,3,3,1,385
44.5,3,3,2,387
44.5,3,3,3,389
44.5,3,3,4,391
44.5,3,3,5,392
44.5,3,3,6,394
44.5,3,3,7,396
44.5,3,3,8,398
44.5,3,3,9,400
44.5,3,3,10,401
44.5,3,3,11,403
44.5,3,3,12,405
44.5,3,3,13,407
44.5,3,3,14,409
44.5,3,3,15,410
44.5,3,4,0,385
44.5,3,4,1,387
44.5,3,4,2,389
44.5,3,4,3,391
44.5,3,4,4,393
44.5,3,4,5,395
44.5,3,4,6,397
44.5,3,4,7,398
44.5,3,4,8,400
44.5,3,4,9,402
44.5,3,4,10,404
44.5,3,4,11,406
44.5,3,4,12,407
44.5,3,4,13,409
44.5,3,4,14,411
44.5,3,4,15,413
44.5,3,5,0,388
44.5,3,5,1,389
44.5,3,5,2,391
44.5,3,5,3,393
44.5,3,5,4,395
44.5,3,5,5,397
44.5,3,5,6,399
44.5,3,5,7,401
44.5,3,5,8,402
44.5,3,5,9,404
44.5,3,5,10,406
44.5,3,5,11,408
44.5,3,5,12,410
44.5,3,5,13,412
44.5,3,5,14,413
44.5,3,5,15,415
44.5,3,6,0,390
44.5,3,6,1,392
44.5,3,6,2,394
44.5,3,6,3,395
44.5,3,6,4,397
44.5,3,6,5,399
44.5,3,6,6,401
44.5,3,6,7,403
44.5,3,6,8,405
44.5,3,6,9,407
44.5,3,6,10,408
44.5,3,6,11,410
44.5,3,6,12,412
44.5,3,6,13,414
44.5,3,6,14,416
44.5,3,6,15,417
44.5,3,7,0,392
44.5,3,7,1,394
44.5,3,7,2,396
44.5,3,7,3,398
44.5,3,7,4,400
44.5,3,7,5,401
44.5,3,7,6,403
44.5,3,7,7,405
44.5,3,7,8,407
44.5,3,7,9,409
44.5,3,7,10,411
44.5,3,7,11,413
44.5,3,7,12,414
44.5,3,7,13,416
44.5,3,7,14,418
44.5,3,7,15,420
44.5,3,8,0,394
44.5,3,8,1,396
44.5,3,8,2,398
44.5,3,8,3,400
44.5,3,8,4,402
44.5,3,8,5,404
44.5,3,8,6,406
44.5,3,8,7,407
44.5,3,8,8,409
44.5,3,8,9,411
44.5,3,8,10,413
44.5,3,8,11,415
44.5,3,8,12,417
44.5,3,8,13,419
44.5,3,8,14,420
44.5,3,8,15,422
44.5,3,9,0,396
44.5,3,9,1,398
44.5,3,9,2,400
44.5,3,9,3,402
44.5,3,9,4,404
44.5,3,9,5,406
44.5,3,9,6,408
44.5,3,9,7,410
44.5,3,9,8,412
44.5,3,9,9,413
44.5,3,9,10,415
44.5,3,9,11,417
44.5,3,9,12,419
44.5,3,9,13,421
44.5,3,9,14,423
44.5,3,9,15,424
44.5,3,10,0,398
44.5,3,10,1,400
44.5,3,10,2,402
44.5,3,10,3,404
44.5,3,10,4,406
44.5,3,10,5,408
44.5,3,10,6,410
44.5,3,10,7,412
44.5,3,10,8,414
44.5,3,10,9,416
44.5,3,10,10,418
44.5,3,10,11,419
44.5,3,10,12,421
44.5,3,10,13,423
44.5,3,10,14,425
44.5,3,10,15,427
44.5,3,11,0,401
44.5,3,11,1,403
44.5,3,11,2,404
44.5,3,11,3,406
44.5,3,11,4,408
44.5,3,11,5,410
44.5,3,11,6,412
44.5,3,11,7,414
44.5,3,11,8,416
44.5,3,11,9,418
44.5,3,11,10,420
44.5,3,11,11,422
44.5,3,11,12,424
44.5,3,11,13,425
44.5,3,11,14,427
44.5,3,11,15,429
44.5,3,12,0,403
44.5,3,12,1,405
44.5,3,12,2,407
44.5,3,12,3,409
44.5,3,12,4,411
44.5,3,12,5,412
44.5,3,12,6,414
44.5,3,12,7,416
44.5,3,12,8,418
44.5,3,12,9,420
44.5,3,12,10,422
44.5,3,12,11,424
44.5,3,12,12,426
44.5,3,12,13,428
44.5,3,12,14,429
44.5,3,12,15,431
44.5,3,13,0,405
44.5,3,13,1,407
44.5,3,13,2,409
44.5,3,13,3,411
44.5,3,13,4,413
44.5,3,13,5,415
44.5,3,13,6,417
44.5,3,13,7,418
44.5,3,13,8,420
44.5,3,13,9,422
44.5,3,13,10,424
44.5,3,13,11,426
44.5,3,13,12,428
44.5,3,13,13,430
44.5,3,13,14,432
44.5,3,13,15,434
44.5,3,14,0,407
44.5,3,14,1,409
44.5,3,14,2,411
44.5,3,14,3,413
44.5,3,14,4,415
44.5,3,14,5,417
44.5,3,14,6,419
44.5,3,14,7,421
44.5,3,14,8,423
44.5,3,14,9,425
44.5,3,14,10,426
44.5,3,14,11,428
44.5,3,14,12,430
44.5,3,14,13,432
44.5,3,14,14,434
44.5,3,14,15,436
44.5,3,15,0,409
44.5,3,15,1,411
44.5,3,15,2,413
44.5,3,15,3,415
44.5,3,15,4,417
44.5,3,15,5,419
44.5,3,15,6,421
44.5,3,15,7,423
44.5,3,15,8,425
44.5,3,15,9,427
44.5,3,15,10,429
44.5,3,15,11,431
44.5,3,15,12,432
44.5,3,15,13,434
44.5,3,15,14,436
44.5,3,15,15,438
44.5,4,0,0,382
44.5,4,0,1,384
44.5,4,0,2,386
44.5,4,0,3,388
44.5,4,0,4,390
44.5,4,0,5,392
44.5,4,0,6,394
44.5,4,0,7,395
44.5,4,0,8,397
44.5,4,0,9,399
44.5,4,0,10,401
44.5,4,0,11,403
44.5,4,0,12,404
44.5,4,0,13,406
44.5,4,0,14,408
44.5,4,0,15,410
44.5,4,1,0,385
44.5,4,1,1,387
44.5,4,1,2,389
44.5,4,1,3,390
44.5,4,1,4,392
44.5,4,1,5,394
44.5,4,1,6,396
44.5,4,1,7,398
44.5,4,1,8,400
44.5,4,1,9,401
44.5,4,1,10,403
44.5,4,1,11,405
44.5,4,1,12,407
44.5,4,1,13,409
44.5,4,1,14,410
44.5,4,1,15,412
44.5,4,2,0,387
44.5,4,2,1,389
44.5,4,2,2,391
44.5,4,2,3,393
44.5,4,2,4,395
44.5,4,2,5,396
44.5,4,2,6,398
44.5,4,2,7,400
44.5,4,2,8,402
44.5,4,2,9,404
44.5,4,2,10,406
44.5,4,2,11,407
44.5,4,2,12,409
44.5,4,2,13,411
44.5,4,2,14,413
44.5,4,2,15,415
44.5,4,3,0,389
44.5,4,3,1,391
44.5,4,3,2,393
44.5,4,3,3,395
44.5,4,3,4,397
44.5,4,3,5,399
44.5,4,3,6,401
44.5,4,3,7,402
44.5,4,3,8,404
44.5,4,3,9,406
44.5,4,3,10,408
44.5,4,3,11,410
44.5,4,3,12,412
44.5,4,3,13,413
44.5,4,3,14,415
44.5,4,3,15,417
44.5,4,4,0,392
44.5,4,4,1,393
44.5,4,4,2,395
44.5,4,4,3,397
44.5,4,4,4,399
44.5,4,4,5,401
44.5,4,4,6,403
44.5,4,4,7,405
44.5,4,4,8,407
44.5,4,4,9,409
44.5,4,4,10,410
44.5,4,4,11,412
44.5,4,4,12,414
44.5,4,4,13,416
44.5,4,4,14,418
44.5,4,4,15,419
44.5,4,5,0,394
44.5,4,5,1,396
44.5,4,5,2,398
44.5,4,5,3,400
44.5,4,5,4,401
44.5,4,5,5,403
44.5,4,5,6,405
44.5,4,5,7,407
44.5,4,5,8,409
44.5,4,5,9,411
44.5,4,5,10,413
44.5,4,5,11,415
44.5,4,5,12,416
44.5,4,5,13,418
44.5,4,5,14,420
44.5,4,5,15,422
44.5,4,6,0,396
44.5,4,6,1,398
44.5,4,6,2,400
44.5,4,6,3,402
44.5,4,6,4,404
44.5,4,6,5,406
44.5,4,6,6,408
44.5,4,6,7,409
44.5,4,6,8,411
44.5,4,6,9,413
44.5,4,6,10,415
44.5,4,6,11,417
44.5,4,6,12,419
44.5,4,6,13,421
44.5,4,6,14,422
44.5,4,6,15,424
44.5,4,7,0,398
44.5,4,7,1,400
44.5,4,7,2,402
44.5,4,7,3,404
44.5,4,7,4,406
44.5,4,7,5,408
44.5,4,7,6,410
44.5,4,7,7,412
44.5,4,7,8,414
44.5,4,7,9,415
44.5,4,7,10,417
44.5,4,7,11,419
44.5,4,7,12,421
44.5,4,7,13,423
44.5,4,7,14,425
44.5,4,7,15,427
44.5,4,8,0,400
44.5,4,8,1,402
44.5,4,8,2,404
44.5,4,8,3,406
44.5,4,8,4,408
44.5,4,8,5,410
44.5,4,8,6,412
44.5,4,8,7,414
44.5,4,8,8,416
44.5,4,8,9,418
44.5,4,8,10,420
44.5,4,8,11,422
44.5,4,8,12,423
44.5,4,8,13,425
44.5,4,8,14,427
44.5,4,8,15,429
44.5,4,9,0,403
44.5,4,9,1,405
44.5,4,9,2,407
44.5,4,9,3,409
44.5,4,9,4,411
44.5,4,9,5,412
44.5,4,9,6,414
44.5,4,9,7,416
44.5,4,9,8,418
44.5,4,9,9,420
44.5,4,9,10,422
44.5,4,9,11,424
44.5,4,9,12,426
44.5,4,9,13,428
44.5,4,9,14,429
44.5,4,9,15,431
44.5,4,10,0,405
44.5,4,10,1,407
44.5,4,10,2,409
44.5,4,10,3,411
44.5,4,10,4,413
44.5,4,10,5,415
44.5,4,10,6,417
44.5,4,10,7,419
44.5,4,10,8,420
44.5,4,10,9,422
44.5,4,10,10,424
44.5,4,10,11,426
44.5,4,10,12,428
44.5,4,10,13,430
44.5,4,10,14,432
44.5,4,10,15,434
44.5,4,11,0,407
44.5,4,11,1,409
44.5,4,11,2,411
44.5,4,11,3,413
44.5,4,11,4,415
44.5,4,11,5,417
44.5,4,11,6,419
44.5,4,11,7,421
44.5,4,11,8,423
44.5,4,11,9,425
44.5,4,11,10,427
44.5,4,11,11,428
44.5,4,11,12,430
44.5,4,11,13,432
44.5,4,11,14,434
44.5,4,11,15,436
44.5,4,12,0,409
44.5,4,12,1,411
44.5,4,12,2,413
44.5,4,12,3,415
44.5,4,12,4,417
44.5,4,12,5,419
44.5,4,12,6,421
44.5,4,12,7,423
44.5,4,12,8,425
44.5,4,12,9,427
44.5,4,12,10,429
44.5,4,12,11,431
44.5,4,12,12,433
44.5,4,12,13,435
44.5,4,12,14,436
44.5,4,12,15,438
44.5,4,13,0,411
44.5,4,13,1,413
44.5,4,13,2,415
44.5,4,13,3,417
44.5,4,13,4,419
44.5,4,13,5,421
44.5,4,13,6,423
44.5,4,13,7,425
44.5,4,13,8,427
44.5,4,13,9,429
44.5,4,13,10,431
44.5,4,13,11,433
44.5,4,13,12,435
44.5,4,13,13,437
44.5,4,13,14,439
44.5,4,13,15,441
44.5,4,14,0,413
44.5,4,14,1,416
44.5,4,14,2,418
44.5,4,14,3,420
44.5,4,14,4,422
44.5,4,14,5,424
44.5,4,14,6,425
44.5,4,14,7,427
44.5,4,14,8,429
44.5,4,14,9,431
44.5,4,14,10,433
44.5,4,14,11,435
44.5,4,14,12,437
44.5,4,14,13,439
44.5,4,14,14,441
44.5,4,14,15,443
44.5,4,15,0,416
44.5,4,15,1,418
44.5,4,15,2,420
44.5,4,15,3,422
44.5,4,15,4,424
44.5,4,15,5,426
44.5,4,15,6,428
44.5,4,15,7,430
44.5,4,15,8,432
44.5,4,15,9,434
44.5,4,15,10,436
44.5,4,15,11,437
44.5,4,15,12,439
44.5,4,15,13,441
44.5,4,15,14,443
44.5,4,15,15,445
44.5,5,0,0,389
44.5,5,0,1,390
44.5,5,0,2,392
44.5,5,0,3,394
44.5,5,0,4,396
44.5,5,0,5,398
44.5,5,0,6,400
44.5,5,0,7,402
44.5,5,0,8,404
44.5,5,0,9,405
44.5,5,0,10,407
44.5,5,0,11,409
44.5,5,0,12,411
44.5,5,0,13,413
44.5,5,0,14,414
44.5,5,0,15,416
44.5,5,1,0,391
44.5,5,1,1,393
44.5,5,1,2,395
44.5,5,1,3,397
44.5,5,1,4,398
44.5,5,1,5,400
44.5,5,1,6,402
44.5,5,1,7,404
44.5,5,1,8,406
44.5,5,1,9,408
44.5,5,1,10,410
44.5,5,1,11,411
44.5,5,1,12,413
44.5,5,1,13,415
44.5,5,1,14,417
44.5,5,1,15,419
44.5,5,2,0,393
44.5,5,2,1,395
44.5,5,2,2,397
44.5,5,2,3,399
44.5,5,2,4,401
44.5,5,2,5,403
44.5,5,2,6,405
44.5,5,2,7,406
44.5,5,2,8,408
44.5,5,2,9,410
44.5,5,2,10,412
44.5,5,2,11,414
44.5,5,2,12,416
44.5,5,2,13,418
44.5,5,2,14,419
44.5,5,2,15,421
44.5,5,3,0,396
44.5,5,3,1,397
44.5,5,3,2,399
44.5,5,3,3,401
44.5,5,3,4,403
44.5,5,3,5,405
44.5,5,3,6,407
44.5,5,3,7,409
44.5,5,3,8,411
44.5,5,3,9,413
44.5,5,3,10,414
44.5,5,3,11,416
44.5,5,3,12,418
44.5,5,3,13,420
44.5,5,3,14,422
44.5,5,3,15,424
44.5,5,4,0,398
44.5,5,4,1,400
44.5,5,4,2,402
44.5,5,4,3,404
44.5,5,4,4,406
44.5,5,4,5,407
44.5,5,4,6,409
44.5,5,4,7,411
44.5,5,4,8,413
44.5,5,4,9,415
44.5,5,4,10,417
44.5,5,4,11,419
44.5,5,4,12,421
44.5,5,4,13,422
44.5,5,4,14,424
44.5,5,4,15,426
44.5,5,5,0,400
44.5,5,5,1,402
44.5,5,5,2,404
44.5,5,5,3,406
44.5,5,5,4,408
44.5,5,5,5,410
44.5,5,5,6,412
44.5,5,5,7,414
44.5,5,5,8,415
44.5,5,5,9,417
44.5,5,5,10,419
44.5,5,5,11,421
44.5,5,5,12,423
44.5,5,5,13,425
44.5,5,5,14,427
44.5,5,5,15,429
44.5,5,6,0,402
44.5,5,6,1,404
44.5,5,6,2,406
44.5,5,6,3,408
44.5,5,6,4,410
44.5,5,6,5,412
44.5,5,6,6,414
44.5,5,6,7,416
44.5,5,6,8,418
44.5,5,6,9,420
44.5,5,6,10,422
44.5,5,6,11,424
44.5,5,6,12,425
44.5,5,6,13,427
44.5,5,6,14,429
44.5,5,6,15,431
44.5,5,7,0,405
44.5,5,7,1,407
44.5,5,7,2,409
44.5,5,7,3,411
44.5,5,7,4,412
44.5,5,7,5,414
44.5,5,7,6,416
44.5,5,7,7,418
44.5,5,7,8,420
44.5,5,7,9,422
44.5,5,7,10,424
44.5,5,7,11,426
44.5,5,7,12,428
44.5,5,7,13,430
44.5,5,7,14,432
44.5,5,7,15,433
44.5,5,8,0,407
44.5,5,8,1,409
44.5,5,8,2,411
44.5,5,8,3,413
44.5,5,8,4,415
44.5,5,8,5,417
44.5,5,8,6,419
44.5,5,8,7,421
44.5,5,8,8,423
44.5,5,8,9,424
44.5,5,8,10,426
44.5,5,8,11,428
44.5,5,8,12,430
44.5,5,8,13,432
44.5,5,8,14,434
44.5,5,8,15,436
44.5,5,9,0,409
44.5,5,9,1,411
44.5,5,9,2,413
44.5,5,9,3,415
44.5,5,9,4,417
44.5,5,9,5,419
44.5,5,9,6,421
44.5,5,9,7,423
44.5,5,9,8,425
44.5,5,9,9,427
44.5,5,9,10,429
44.5,5,9,11,431
44.5,5,9,12,433
44.5,5,9,13,434
44.5,5,9,14,436
44.5,5,9,15,438
44.5,5,10,0,411
44.5,5,10,1,413
44.5,5,10,2,415
44.5,5,10,3,417
44.5,5,10,4,419
44.5,5,10,5,421
44.5,5,10,6,423
44.5,5,10,7,425
44.5,5,10,8,427
44.5,5,10,9,429
44.5,5,10,10,431
44.5,5,10,11,433
44.5,5,10,12,435
44.5,5,10,13,437
44.5,5,10,14,439
44.5,5,10,15,441
44.5,5,11,0,414
44.5,5,11,1,416
44.5,5,11,2,418
44.5,5,11,3,420
44.5,5,11,4,422
44.5,5,11,5,424
44.5,5,11,6,426
44.5,5,11,7,427
44.5,5,11,8,429
44.5,5,11,9,431
44.5,5,11,10,433
44.5,5,11,11,435
44.5,5,11,12,437
44.5,5,11,13,439
44.5,5,11,14,441
44.5,5,11,15,443
44.5,5,12,0,416
44.5,5,12,1,418
44.5,5,12,2,420
44.5,5,12,3,422
44.5,5,12,4,424
44.5,5,12,5,426
44.5,5,12,6,428
44.5,5,12,7,430
44.5,5,12,8,432
44.5,5,12,9,434
44.5,5,12,10,436
44.5,5,12,11,438
44.5,5,12,12,440
44.5,5,12,13,441
44.5,5,12,14,443
44.5,5,12,15,445
44.5,5,13,0,418
44.5,5,13,1,420
44.5,5,13,2,422
44.5,5,13,3,424
44.5,5,13,4,426
44.5,5,13,5,428
44.5,5,13,6,430
44.5,5,13,7,432
44.5,5,13,8,434
44.5,5,13,9,436
44.5,5,13,10,438
44.5,5,13,11,440
44.5,5,13,12,442
44.5,5,13,13,444
44.5,5,13,14,446
44.5,5,13,15,448
44.5,5,14,0,420
44.5,5,14,1,422
44.5,5,14,2,424
44.5,5,14,3,426
44.5,5,14,4,428
44.5,5,14,5,430
44.5,5,14,6,432
44.5,5,14,7,434
44.5,5,14,8,436
44.5,5,14,9,438
44.5,5,14,10,440
44.5,5,14,11,442
44.5,5,14,12,444
44.5,5,14,13,446
44.5,5,14,14,448
44.5,5,14,15,450
44.5,5,15,0,422
44.5,5,15,1,424
44.5,5,15,2,426
44.5,5,15,3,428
44.5,5,15,4,430
44.5,5,15,5,432
44.5,5,15,6,434
44.5,5,15,7,436
44.5,5,15,8,438
44.5,5,15,9,440
44.5,5,15,10,442
44.5,5,15,11,444
44.5,5,15,12,446
44.5,5,15,13,448
44.5,5,15,14,450
44.5,5,15,15,452
44.5,6,0,0,395
44.5,6,0,1,397
44.5,6,0,2,398
44.5,6,0,3,400
44.5,6,0,4,402
44.5,6,0,5,404
44.5,6,0,6,406
44.5,6,0,7,408
44.5,6,0,8,410
44.5,6,0,9,412
44.5,6,0,10,414
44.5,6,0,11,415
44.5,6,0,12,417
44.5,6,0,13,419
44.5,6,0,14,421
44.5,6,0,15,423
44.5,6,1,0,397
44.5,6,1,1,399
44.5,6,1,2,401
44.5,6,1,3,403
44.5,6,1,4,405
44.5,6,1,5,407
44.5,6,1,6,409
44.5,6,1,7,410
44.5,6,1,8,412
44.5,6,1,9,414
44.5,6,1,10,416
44.5,6,1,11,418
44.5,6,1,12,420
44.5,6,1,13,422
44.5,6,1,14,423
44.5,6,1,15,425
44.5,6,2,0,399
44.5,6,2,1,401
44.5,6,2,2,403
44.5,6,2,3,405
44.5,6,2,4,407
44.5,6,2,5,409
44.5,6,2,6,411
44.5,6,2,7,413
44.5,6,2,8,415
44.5,6,2,9,417
44.5,6,2,10,418
44.5,6,2,11,420
44.5,6,2,12,422
44.5,6,2,13,424
44.5,6,2,14,426
44.5,6,2,15,428
44.5,6,3,0,402
44.5,6,3,1,404
44.5,6,3,2,406
44.5,6,3,3,408
44.5,6,3,4,409
44.5,6,3,5,411
44.5,6,3,6,413
44.5,6,3,7,415
44.5,6,3,8,417
44.5,6,3,9,419
44.5,6,3,10,421
44.5,6,3,11,423
44.5,6,3,12,425
44.5,6,3,13,427
44.5,6,3,14,428
44.5,6,3,15,430
44.5,6,4,0,404
44.5,6,4,1,406
44.5,6,4,2,408
44.5,6,4,3,410
44.5,6,4,4,412
44.5,6,4,5,414
44.5,6,4,6,416
44.5,6,4,7,418
44.5,6,4,8,420
44.5,6,4,9,421
44.5,6,4,10,423
44.5,6,4,11,425
44.5,6,4,12,427
44.5,6,4,13,429
44.5,6,4,14,431
44.5,6,4,15,433
44.5,6,5,0,406
44.5,6,5,1,408
44.5,6,5,2,410
44.5,6,5,3,412
44.5,6,5,4,414
44.5,6,5,5,416
44.5,6,5,6,418
44.5,6,5,7,420
44.5,6,5,8,422
44.5,6,5,9,424
44.5,6,5,10,426
44.5,6,5,11,428
44.5,6,5,12,430
44.5,6,5,13,431
44.5,6,5,14,433
44.5,6,5,15,435
44.5,6,6,0,409
44.5,6,6,1,411
44.5,6,6,2,413
44.5,6,6,3,415
44.5,6,6,4,417
44.5,6,6,5,419
44.5,6,6,6,421
44.5,6,6,7,422
44.5,6,6,8,424
44.5,6,6,9,426
44.5,6,6,10,428
44.5,6,6,11,430
44.5,6,6,12,432
44.5,6,6,13,434
44.5,6,6,14,436
44.5,6,6,15,438
44.5,6,7,0,411
44.5,6,7,1,413
44.5,6,7,2,415
44.5,6,7,3,417
44.5,6,7,4,419
44.5,6,7,5,421
44.5,6,7,6,423
44.5,6,7,7,425
44.5,6,7,8,427
44.5,6,7,9,429
44.5,6,7,10,431
44.5,6,7,11,433
44.5,6,7,12,434
44.5,6,7,13,436
44.5,6,7,14,438
44.5,6,7,15,440
44.5,6,8,0,413
44.5,6,8,1,415
44.5,6,8,2,417
44.5,6,8,3,419
44.5,6,8,4,421
44.5,6,8,5,423
44.5,6,8,6,425
44.5,6,8,7,427
44.5,6,8,8,429
44.5,6,8,9,431
44.5,6,8,10,433
44.5,6,8,11,435
44.5,6,8,12,437
44.5,6,8,13,439
44.5,6,8,14,441
44.5,6,8,15,443
44.5,6,9,0,415
44.5,6,9,1,418
44.5,6,9,2,420
44.5,6,9,3,422
44.5,6,9,4,424
44.5,6,9,5,426
44.5,6,9,6,428
44.5,6,9,7,430
44.5,6,9,8,431
44.5,6,9,9,433
44.5,6,9,10,435
44.5,6,9,11,437
44.5,6,9,12,439
44.5,6,9,13,441
44.5,6,9,14,443
44.5,6,9,15,445
44.5,6,10,0,418
44.5,6,10,1,420
44.5,6,10,2,422
44.5,6,10,3,424
44.5,6,10,4,426
44.5,6,10,5,428
44.5,6,10,6,430
44.5,6,10,7,432
44.5,6,10,8,434
44.5,6,10,9,436
44.5,6,10,10,438
44.5,6,10,11,440
44.5,6,10,12,442
44.5,6,10,13,444
44.5,6,10,14,446
44.5,6,10,15,447
44.5,6,11,0,420
44.5,6,11,1,422
44.5,6,11,2,424
44.5,6,11,3,426
44.5,6,11,4,428
44.5,6,11,5,430
44.5,6,11,6,432
44.5,6,11,7,434
44.5,6,11,8,436
44.5,6,11,9,438
44.5,6,11,10,440
44.5,6,11,11,442
44.5,6,11,12,444
44.5,6,11,13,446
44.5,6,11,14,448
44.5,6,11,15,450
44.5,6,12,0,422
44.5,6,12,1,424
44.5,6,12,2,426
44.5,6,12,3,428
44.5,6,12,4,430
44.5,6,12,5,432
44.5,6,12,6,434
44.5,6,12,7,436
44.5,6,12,8,438
44.5,6,12,9,440
44.5,6,12,10,442
44.5,6,12,11,444
44.5,6,12,12,446
44.5,6,12,13,448
44.5,6,12,14,450
44.5,6,12,15,452
44.5,6,13,0,424
44.5,6,13,1,427
44.5,6,13,2,429
44.5,6,13,3,431
44.5,6,13,4,433
44.5,6,13,5,435
44.5,6,13,6,437
44.5,6,13,7,439
44.5,6,13,8,441
44.5,6,13,9,443
44.5,6,13,10,445
44.5,6,13,11,447
44.5,6,13,12,449
44.5,6,13,13,451
44.5,6,13,14,453
44.5,6,13,15,455
44.5,6,14,0,427
44.5,6,14,1,429
44.5,6,14,2,431
44.5,6,14,3,433
44.5,6,14,4,435
44.5,6,14,5,437
44.5,6,14,6,439
44.5,6,14,7,441
44.5,6,14,8,443
44.5,6,14,9,445
44.5,6,14,10,447
44.5,6,14,11,449
44.5,6,14,12,451
44.5,6,14,13,453
44.5,6,14,14,455
44.5,6,14,15,457
44.5,6,15,0,429
44.5,6,15,1,431
44.5,6,15,2,433
44.5,6,15,3,435
44.5,6,15,4,437
44.5,6,15,5,439
44.5,6,15,6,441
44.5,6,15,7,443
44.5,6,15,8,445
44.5,6,15,9,447
44.5,6,15,10,449
44.5,6,15,11,451
44.5,6,15,12,453
44.5,6,15,13,455
44.5,6,15,14,457
44.5,6,15,15,459
44.5,7,0,0,401
44.5,7,0,1,403
44.5,7,0,2,405
44.5,7,0,3,407
44.5,7,0,4,408
44.5,7,0,5,410
44.5,7,0,6,412
44.5,7,0,7,414
44.5,7,0,8,416
44.5,7,0,9,418
44.5,7,0,10,420
44.5,7,0,11,422
44.5,7,0,12,424
44.5,7,0,13,425
44.5,7,0,14,427
44.5,7,0,15,429
44.5,7,1,0,403
44.5,7,1,1,405
44.5,7,1,2,407
44.5,7,1,3,409
44.5,7,1,4,411
44.5,7,1,5,413
44.5,7,1,6,415
44.5,7,1,7,417
44.5,7,1,8,419
44.5,7,1,9,421
44.5,7,1,10,422
44.5,7,1,11,424
44.5,7,1,12,426
44.5,7,1,13,428
44.5,7,1,14,430
44.5,7,1,15,432
44.5,7,2,0,405
44.5,7,2,1,407
44.5,7,2,2,409
44.5,7,2,3,411
44.5,7,2,4,413
44.5,7,2,5,415
44.5,7,2,6,417
44.5,7,2,7,419
44.5,7,2,8,421
44.5,7,2,9,423
44.5,7,2,10,425
44.5,7,2,11,427
44.5,7,2,12,429
44.5,7,2,13,431
44.5,7,2,14,432
44.5,7,2,15,434
44.5,7,3,0,408
44.5,7,3,1,410
44.5,7,3,2,412
44.5,7,3,3,414
44.5,7,3,4,416
44.5,7,3,5,418
44.5,7,3,6,420
44.5,7,3,7,422
44.5,7,3,8,424
44.5,7,3,9,426
44.5,7,3,10,427
44.5,7,3,11,429
44.5,7,3,12,431
44.5,7,3,13,433
44.5,7,3,14,435
44.5,7,3,15,437
44.5,7,4,0,410
44.5,7,4,1,412
44.5,7,4,2,414
44.5,7,4,3,416
44.5,7,4,4,418
44.5,7,4,5,420
44.5,7,4,6,422
44.5,7,4,7,424
44.5,7,4,8,426
44.5,7,4,9,428
44.5,7,4,10,430
44.5,7,4,11,432
44.5,7,4,12,434
44.5,7,4,13,436
44.5,7,4,14,438
44.5,7,4,15,439
44.5,7,5,0,413
44.5,7,5,1,415
44.5,7,5,2,417
44.5,7,5,3,419
44.5,7,5,4,421
44.5,7,5,5,423
44.5,7,5,6,425
44.5,7,5,7,427
44.5,7,5,8,428
44.5,7,5,9,430
44.5,7,5,10,432
44.5,7,5,11,434
44.5,7,5,12,436
44.5,7,5,13,438
44.5,7,5,14,440
44.5,7,5,15,442
44.5,7,6,0,415
44.5,7,6,1,417
44.5,7,6,2,419
44.5,7,6,3,421
44.5,7,6,4,423
44.5,7,6,5,425
44.5,7,6,6,427
44.5,7,6,7,429
44.5,7,6,8,431
44.5,7,6,9,433
44.5,7,6,10,435
44.5,7,6,11,437
44.5,7,6,12,439
44.5,7,6,13,441
44.5,7,6,14,443
44.5,7,6,15,444
44.5,7,7,0,417
44.5,7,7,1,419
44.5,7,7,2,421
44.5,7,7,3,423
44.5,7,7,4,425
44.5,7,7,5,427
44.5,7,7,6,429
44.5,7,7,7,431
44.5,7,7,8,433
44.5,7,7,9,435
44.5,7,7,10,437
44.5,7,7,11,439
44.5,7,7,12,441
44.5,7,7,13,443
44.5,7,7,14,445
44.5,7,7,15,447
44.5,7,8,0,420
44.5,7,8,1,422
44.5,7,8,2,424
44.5,7,8,3,426
44.5,7,8,4,428
44.5,7,8,5,430
44.5,7,8,6,432
44.5,7,8,7,434
44.5,7,8,8,436
44.5,7,8,9,438
44.5,7,8,10,440
44.5,7,8,11,442
44.5,7,8,12,444
44.5,7,8,13,446
44.5,7,8,14,447
44.5,7,8,15,449
44.5,7,9,0,422
44.5,7,9,1,424
44.5,7,9,2,426
44.5,7,9,3,428
44.5,7,9,4,430
44.5,7,9,5,432
44.5,7,9,6,434
44.5,7,9,7,436
44.5,7,9,8,438
44.5,7,9,9,440
44.5,7,9,10,442
44.5,7,9,11,444
44.5,7,9,12,446
44.5,7,9,13,448
44.5,7,9,14,450
44.5,7,9,15,452
44.5,7,10,0,424
44.5,7,10,1,426
44.5,7,10,2,428
44.5,7,10,3,430
44.5,7,10,4,432
44.5,7,10,5,434
44.5,7,10,6,436
44.5,7,10,7,439
44.5,7,10,8,441
44.5,7,10,9,443
44.5,7,10,10,445
44.5,7,10,11,446
44.5,7,10,12,448
44.5,7,10,13,450
44.5,7,10,14,452
44.5,7,10,15,454
44.5,7,11,0,426
44.5,7,11,1,429
44.5,7,11,2,431
44.5,7,11,3,433
44.5,7,11,4,435
44.5,7,11,5,437
44.5,7,11,6,439
44.5,7,11,7,441
44.5,7,11,8,443
44.5,7,11,9,445
44.5,7,11,10,447
44.5,7,11,11,449
44.5,7,11,12,451
44.5,7,11,13,453
44.5,7,11,14,455
44.5,7,11,15,457
44.5,7,12,0,429
44.5,7,12,1,431
44.5,7,12,2,433
44.5,7,12,3,435
44.5,7,12,4,437
44.5,7,12,5,439
44.5,7,12,6,441
44.5,7,12,7,443
44.5,7,12,8,445
44.5,7,12,9,447
44.5,7,12,10,449
44.5,7,12,11,451
44.5,7,12,12,453
44.5,7,12,13,455
44.5,7,12,14,457
44.5,7,12,15,459
44.5,7,13,0,431
44.5,7,13,1,433
44.5,7,13,2,435
44.5,7,13,3,437
44.5,7,13,4,439
44.5,7,13,5,441
44.5,7,13,6,443
44.5,7,13,7,446
44.5,7,13,8,448
44.5,7,13,9,450
44.5,7,13,10,452
44.5,7,13,11,454
44.5,7,13,12,456
44.5,7,13,13,458
44.5,7,13,14,460
44.5,7,13,15,462
44.5,7,14,0,433
44.5,7,14,1,435
44.5,7,14,2,437
44.5,7,14,3,440
44.5,7,14,4,442
44.5,7,14,5,444
44.5,7,14,6,446
44.5,7,14,7,448
44.5,7,14,8,450
44.5,7,14,9,452
44.5,7,14,10,454
44.5,7,14,11,456
44.5,7,14,12,458
44.5,7,14,13,460
44.5,7,14,14,462
44.5,7,14,15,464
44.5,7,15,0,435
44.5,7,15,1,438
44.5,7,15,2,440
44.5,7,15,3,442
44.5,7,15,4,444
44.5,7,15,5,446
44.5,7,15,6,448
44.5,7,15,7,450
44.5,7,15,8,452
44.5,7,15,9,454
44.5,7,15,10,456
44.5,7,15,11,458
44.5,7,15,12,460
44.5,7,15,13,462
44.5,7,15,14,464
44.5,7,15,15,466
44.5,8,0,0,407
44.5,8,0,1,409
44.5,8,0,2,411
44.5,8,0,3,413
44.5,8,0,4,415
44.5,8,0,5,417
44.5,8,0,6,419
44.5,8,0,7,421
44.5,8,0,8,422
44.5,8,0,9,424
44.5,8,0,10,426
44.5,8,0,11,428
44.5,8,0,12,430
44.5,8,0,13,432
44.5,8,0,14,434
44.5,8,0,15,436
44.5,8,1,0,409
44.5,8,1,1,411
44.5,8,1,2,413
44.5,8,1,3,415
44.5,8,1,4,417
44.5,8,1,5,419
44.5,8,1,6,421
44.5,8,1,7,423
44.5,8,1,8,425
44.5,8,1,9,427
44.5,8,1,10,429
44.5,8,1,11,431
44.5,8,1,12,433
44.5,8,1,13,435
44.5,8,1,14,436
44.5,8,1,15,438
44.5,8,2,0,412
44.5,8,2,1,414
44.5,8,2,2,416
44.5,8,2,3,418
44.5,8,2,4,420
44.5,8,2,5,422
44.5,8,2,6,424
44.5,8,2,7,426
44.5,8,2,8,428
44.5,8,2,9,429
44.5,8,2,10,431
44.5,8,2,11,433
44.5,8,2,12,435
44.5,8,2,13,437
44.5,8,2,14,439
44.5,8,2,15,441
44.5,8,3,0,414
44.5,8,3,1,416
44.5,8,3,2,418
44.5,8,3,3,420
44.5,8,3,4,422
44.5,8,3,5,424
44.5,8,3,6,426
44.5,8,3,7,428
44.5,8,3,8,430
44.5,8,3,9,432
44.5,8,3,10,434
44.5,8,3,11,436
44.5,8,3,12,438
44.5,8,3,13,440
44.5,8,3,14,442
44.5,8,3,15,444
44.5,8,4,0,416
44.5,8,4,1,419
44.5,8,4,2,421
44.5,8,4,3,423
44.5,8,4,4,425
44.5,8,4,5,427
44.5,8,4,6,429
44.5,8,4,7,431
44.5,8,4,8,433
44.5,8,4,9,434
44.5,8,4,10,436
44.5,8,4,11,438
44.5,8,4,12,440
44.5,8,4,13,442
44.5,8,4,14,444
44.5,8,4,15,446
44.5,8,5,0,419
44.5,8,5,1,421
44.5,8,5,2,423
44.5,8,5,3,425
44.5,8,5,4,427
44.5,8,5,5,429
44.5,8,5,6,431
44.5,8,5,7,433
44.5,8,5,8,435
44.5,8,5,9,437
44.5,8,5,10,439
44.5,8,5,11,441
44.5,8,5,12,443
44.5,8,5,13,445
44.5,8,5,14,447
44.5,8,5,15,449
44.5,8,6,0,421
44.5,8,6,1,423
44.5,8,6,2,425
44.5,8,6,3,427
44.5,8,6,4,429
44.5,8,6,5,431
44.5,8,6,6,433
44.5,8,6,7,435
44.5,8,6,8,437
44.5,8,6,9,439
44.5,8,6,10,441
44.5,8,6,11,443
44.5,8,6,12,445
44.5,8,6,13,447
44.5,8,6,14,449
44.5,8,6,15,451
44.5,8,7,0,424
44.5,8,7,1,426
44.5,8,7,2,428
44.5,8,7,3,430
44.5,8,7,4,432
44.5,8,7,5,434
44.5,8,7,6,436
44.5,8,7,7,438
44.5,8,7,8,440
44.5,8,7,9,442
44.5,8,7,10,444
44.5,8,7,11,446
44.5,8,7,12,448
44.5,8,7,13,450
44.5,8,7,14,452
44.5,8,7,15,454
44.5,8,8,0,426
44.5,8,8,1,428
44.5,8,8,2,430
44.5,8,8,3,432
44.5,8,8,4,434
44.5,8,8,5,436
44.5,8,8,6,438
44.5,8,8,7,440
44.5,8,8,8,442
44.5,8,8,9,444
44.5,8,8,10,446
44.5,8,8,11,448
44.5,8,8,12,450
44.5,8,8,13,452
44.5,8,8,14,454
44.5,8,8,15,456
44.5,8,9,0,428
44.5,8,9,1,430
44.5,8,9,2,432
44.5,8,9,3,435
44.5,8,9,4,437
44.5,8,9,5,439
44.5,8,9,6,441
44.5,8,9,7,443
44.5,8,9,8,445
44.5,8,9,9,447
44.5,8,9,10,449
44.5,8,9,11,451
44.5,8,9,12,453
44.5,8,9,13,455
44.5,8,9,14,457
44.5,8,9,15,459
44.5,8,10,0,431
44.5,8,10,1,433
44.5,8,10,2,435
44.5,8,10,3,437
44.5,8,10,4,439
44.5,8,10,5,441
44.5,8,10,6,443
44.5,8,10,7,445
44.5,8,10,8,447
44.5,8,10,9,449
44.5,8,10,10,451
44.5,8,10,11,453
44.5,8,10,12,455
44.5,8,10,13,457
44.5,8,10,14,459
44.5,8,10,15,461
44.5,8,11,0,433
44.5,8,11,1,435
44.5,8,11,2,437
44.5,8,11,3,439
44.5,8,11,4,441
44.5,8,11,5,443
44.5,8,11,6,445
44.5,8,11,7,448
44.5,8,11,8,450
44.5,8,11,9,452
44.5,8,11,10,454
44.5,8,11,11,456
44.5,8,11,12,458
44.5,8,11,13,460
44.5,8,11,14,462
44.5,8,11,15,464
44.5,8,12,0,435
44.5,8,12,1,437
44.5,8,12,2,439
44.5,8,12,3,442
44.5,8,12,4,444
44.5,8,12,5,446
44.5,8,12,6,448
44.5,8,12,7,450
44.5,8,12,8,452
44.5,8,12,9,454
44.5,8,12,10,456
44.5,8,12,11,458
44.5,8,12,12,460
44.5,8,12,13,462
44.5,8,12,14,464
44.5,8,12,15,466
44.5,8,13,0,438
44.5,8,13,1,440
44.5,8,13,2,442
44.5,8,13,3,444
44.5,8,13,4,446
44.5,8,13,5,448
44.5,8,13,6,450
44.5,8,13,7,452
44.5,8,13,8,454
44.5,8,13,9,456
44.5,8,13,10,458
44.5,8,13,11,461
44.5,8,13,12,463
44.5,8,13,13,465
44.5,8,13,14,467
44.5,8,13,15,469
44.5,8,14,0,440
44.5,8,14,1,442
44.5,8,14,2,444
44.5,8,14,3,446
44.5,8,14,4,448
44.5,8,14,5,450
44.5,8,14,6,453
44.5,8,14,7,455
44.5,8,14,8,457
44.5,8,14,9,459
44.5,8,14,10,461
44.5,8,14,11,463
44.5,8,14,12,465
44.5,8,14,13,467
44.5,8,14,14,469
44.5,8,14,15,471
44.5,8,15,0,442
44.5,8,15,1,444
44.5,8,15,2,446
44.5,8,15,3,449
44.5,8,15,4,451
44.5,8,15,5,453
44.5,8,15,6,455
44.5,8,15,7,457
44.5,8,15,8,459
44.5,8,15,9,461
44.5,8,15,10,463
44.5,8,15,11,465
44.5,8,15,12,467
44.5,8,15,13,469
44.5,8,15,14,471
44.5,8,15,15,473
44.5,9,0,0,413
44.5,9,0,1,415
44.5,9,0,2,417
44.5,9,0,3,419
44.5,9,0,4,421
44.5,9,0,5,423
44.5,9,0,6,425
44.5,9,0,7,427
44.5,9,0,8,429
44.5,9,0,9,431
44.5,9,0,10,433
44.5,9,0,11,435
44.5,9,0,12,436
44.5,9,0,13,438
44.5,9,0,14,440
44.5,9,0,15,442
44.5,9,1,0,415
44.5,9,1,1,417
44.5,9,1,2,419
44.5,9,1,3,421
44.5,9,1,4,423
44.5,9,1,5,425
44.5,9,1,6,427
44.5,9,1,7,429
44.5,9,1,8,431
44.5,9,1,9,433
44.5,9,1,10,435
44.5,9,1,11,437
44.5,9,1,12,439
44.5,9,1,13,441
44.5,9,1,14,443
44.5,9,1,15,445
44.5,9,2,0,418
44.5,9,2,1,420
44.5,9,2,2,422
44.5,9,2,3,424
44.5,9,2,4,426
44.5,9,2,5,428
44.5,9,2,6,430
44.5,9,2,7,432
44.5,9,2,8,434
44.5,9,2,9,436
44.5,9,2,10,438
44.5,9,2,11,440
44.5,9,2,12,442
44.5,9,2,13,444
44.5,9,2,14,446
44.5,9,2,15,448
44.5,9,3,0,420
44.5,9,3,1,422
44.5,9,3,2,424
44.5,9,3,3,426
44.5,9,3,4,428
44.5,9,3,5,430
44.5,9,3,6,432
44.5,9,3,7,434
44.5,9,3,8,436
44.5,9,3,9,438
44.5,9,3,10,440
44.5,9,3,11,442
44.5,9,3,12,444
44.5,9,3,13,446
44.5,9,3,14,448
44.5,9,3,15,450
44.5,9,4,0,423
44.5,9,4,1,425
44.5,9,4,2,427
44.5,9,4,3,429
44.5,9,4,4,431
44.5,9,4,5,433
44.5,9,4,6,435
44.5,9,4,7,437
44.5,9,4,8,439
44.5,9,4,9,441
44.5,9,4,10,443
44.5,9,4,11,445
44.5,9,4,12,447
44.5,9,4,13,449
44.5,9,4,14,451
44.5,9,4,15,453
44.5,9,5,0,425
44.5,9,5,1,427
44.5,9,5,2,429
44.5,9,5,3,431
44.5,9,5,4,433
44.5,9,5,5,435
44.5,9,5,6,437
44.5,9,5,7,439
44.5,9,5,8,441
44.5,9,5,9,443
44.5,9,5,10,445
44.5,9,5,11,447
44.5,9,5,12,449
44.5,9,5,13,451
44.5,9,5,14,453
44.5,9,5,15,455
44.5,9,6,0,428
44.5,9,6,1,430
44.5,9,6,2,432
44.5,9,6,3,434
44.5,9,6,4,436
44.5,9,6,5,438
44.5,9,6,6,440
44.5,9,6,7,442
44.5,9,6,8,444
44.5,9,6,9,446
44.5,9,6,10,448
44.5,9,6,11,450
44.5,9,6,12,452
44.5,9,6,13,454
44.5,9,6,14,456
44.5,9,6,15,458
44.5,9,7,0,430
44.5,9,7,1,432
44.5,9,7,2,434
44.5,9,7,3,436
44.5,9,7,4,438
44.5,9,7,5,440
44.5,9,7,6,442
44.5,9,7,7,444
44.5,9,7,8,446
44.5,9,7,9,449
44.5,9,7,10,451
44.5,9,7,11,453
44.5,9,7,12,455
44.5,9,7,13,457
44.5,9,7,14,459
44.5,9,7,15,460
44.5,9,8,0,432
44.5,9,8,1,434
44.5,9,8,2,437
44.5,9,8,3,439
44.5,9,8,4,441
44.5,9,8,5,443
44.5,9,8,6,445
44.5,9,8,7,447
44.5,9,8,8,449
44.5,9,8,9,451
44.5,9,8,10,453
44.5,9,8,11,455
44.5,9,8,12,457
44.5,9,8,13,459
44.5,9,8,14,461
44.5,9,8,15,463
44.5,9,9,0,435
44.5,9,9,1,437
44.5,9,9,2,439
44.5,9,9,3,441
44.5,9,9,4,443
44.5,9,9,5,445
44.5,9,9,6,447
44.5,9,9,7,449
44.5,9,9,8,451
44.5,9,9,9,453
44.5,9,9,10,456
44.5,9,9,11,458
44.5,9,9,12,460
44.5,9,9,13,462
44.5,9,9,14,464
44.5,9,9,15,466
44.5,9,10,0,437
44.5,9,10,1,439
44.5,9,10,2,441
44.5,9,10,3,443
44.5,9,10,4,446
44.5,9,10,5,448
44.5,9,10,6,450
44.5,9,10,7,452
44.5,9,10,8,454
44.5,9,10,9,456
44.5,9,10,10,458
44.5,9,10,11,460
44.5,9,10,12,462
44.5,9,10,13,464
44.5,9,10,14,466
44.5,9,10,15,468
44.5,9,11,0,439
44.5,9,11,1,442
44.5,9,11,2,444
44.5,9,11,3,446
44.5,9,11,4,448
44.5,9,11,5,450
44.5,9,11,6,452
44.5,9,11,7,454
44.5,9,11,8,456
44.5,9,11,9,458
44.5,9,11,10,460
44.5,9,11,11,462
44.5,9,11,12,465
44.5,9,11,13,467
44.5,9,11,14,469
44.5,9,11,15,471
44.5,9,12,0,442
44.5,9,12,1,444
44.5,9,12,2,446
44.5,9,12,3,448
44.5,9,12,4,450
44.5,9,12,5,452
44.5,9,12,6,455
44.5,9,12,7,457
44.5,9,12,8,459
44.5,9,12,9,461
44.5,9,12,10,463
44.5,9,12,11,465
44.5,9,12,12,467
44.5,9,12,13,469
44.5,9,12,14,471
44.5,9,12,15,473
44.5,9,13,0,444
44.5,9,13,1,446
44.5,9,13,2,448
44.5,9,13,3,451
44.5,9,13,4,453
44.5,9,13,5,455
44.5,9,13,6,457
44.5,9,13,7,459
44.5,9,13,8,461
44.5,9,13,9,463
44.5,9,13,10,465
44.5,9,13,11,467
44.5,9,13,12,469
44.5,9,13,13,472
44.5,9,13,14,474
44.5,9,13,15,476
44.5,9,14,0,446
44.5,9,14,1,449
44.5,9,14,2,451
44.5,9,14,3,453
44.5,9,14,4,455
44.5,9,14,5,457
44.5,9,14,6,459
44.5,9,14,7,461
44.5,9,14,8,464
44.5,9,14,9,466
44.5,9,14,10,468
44.5,9,14,11,470
44.5,9,14,12,472
44.5,9,14,13,474
44.5,9,14,14,476
44.5,9,14,15,478
44.5,9,15,0,449
44.5,9,15,1,451
44.5,9,15,2,453
44.5,9,15,3,455
44.5,9,15,4,457
44.5,9,15,5,460
44.5,9,15,6,462
44.5,9,15,7,464
44.5,9,15,8,466
44.5,9,15,9,468
44.5,9,15,10,470
44.5,9,15,11,472
44.5,9,15,12,474
44.5,9,15,13,476
44.5,9,15,14,478
44.5,9,15,15,481
44.5,10,0,0,419
44.5,10,0,1,421
44.5,10,0,2,423
44.5,10,0,3,425
44.5,10,0,4,427
44.5,10,0,5,429
44.5,10,0,6,431
44.5,10,0,7,433
44.5,10,0,8,435
44.5,10,0,9,437
44.5,10,0,10,439
44.5,10,0,11,441
44.5,10,0,12,443
44.5,10,0,13,445
44.5,10,0,14,447
44.5,10,0,15,449
44.5,10,1,0,421
44.5,10,1,1,424
44.5,10,1,2,426
44.5,10,1,3,428
44.5,10,1,4,430
44.5,10,1,5,432
44.5,10,1,6,434
44.5,10,1,7,436
44.5,10,1,8,438
44.5,10,1,9,440
44.5,10,1,10,442
44.5,10,1,11,444
44.5,10,1,12,446
44.5,10,1,13,448
44.5,10,1,14,449
44.5,10,1,15,451
44.5,10,2,0,424
44.5,10,2,1,426
44.5,10,2,2,428
44.5,10,2,3,430
44.5,10,2,4,432
44.5,10,2,5,434
44.5,10,2,6,436
44.5,10,2,7,438
44.5,10,2,8,440
44.5,10,2,9,442
44.5,10,2,10,444
44.5,10,2,11,446
44.5,10,2,12,448
44.5,10,2,13,450
44.5,10,2,14,452
44.5,10,2,15,454
44.5,10,3,0,426
44.5,10,3,1,429
44.5,10,3,2,431
44.5,10,3,3,433
44.5,10,3,4,435
44.5,10,3,5,437
44.5,10,3,6,439
44.5,10,3,7,441
44.5,10,3,8,443
44.5,10,3,9,445
44.5,10,3,10,447
44.5,10,3,11,449
44.5,10,3,12,451
44.5,10,3,13,453
44.5,10,3,14,455
44.5,10,3,15,457
44.5,10,4,0,429
44.5,10,4,1,431
44.5,10,4,2,433
44.5,10,4,3,435
44.5,10,4,4,437
44.5,10,4,5,439
44.5,10,4,6,441
44.5,10,4,7,443
44.5,10,4,8,445
44.5,10,4,9,447
44.5,10,4,10,449
44.5,10,4,11,451
44.5,10,4,12,453
44.5,10,4,13,455
44.5,10,4,14,457
44.5,10,4,15,459
44.5,10,5,0,431
44.5,10,5,1,433
44.5,10,5,2,436
44.5,10,5,3,438
44.5,10,5,4,440
44.5,10,5,5,442
44.5,10,5,6,444
44.5,10,5,7,446
44.5,10,5,8,448
44.5,10,5,9,450
44.5,10,5,10,452
44.5,10,5,11,454
44.5,10,5,12,456
44.5,10,5,13,458
44.5,10,5,14,460
44.5,10,5,15,462
44.5,10,6,0,434
44.5,10,6,1,436
44.5,10,6,2,438
44.5,10,6,3,440
44.5,10,6,4,442
44.5,10,6,5,444
44.5,10,6,6,446
44.5,10,6,7,448
44.5,10,6,8,451
44.5,10,6,9,453
44.5,10,6,10,455
44.5,10,6,11,457
44.5,10,6,12,459
44.5,10,6,13,461
44.5,10,6,14,463
44.5,10,6,15,465
44.5,10,7,0,436
44.5,10,7,1,438
44.5,10,7,2,441
44.5,10,7,3,443
44.5,10,7,4,445
44.5,10,7,5,447
44.5,10,7,6,449
44.5,10,7,7,451
44.5,10,7,8,453
44.5,10,7,9,455
44.5,10,7,10,457
44.5,10,7,11,459
44.5,10,7,12,461
44.5,10,7,13,463
44.5,10,7,14,465
44.5,10,7,15,467
44.5,10,8,0,439
44.5,10,8,1,441
44.5,10,8,2,443
44.5,10,8,3,445
44.5,10,8,4,447
44.5,10,8,5,449
44.5,10,8,6,451
44.5,10,8,7,453
44.5,10,8,8,456
44.5,10,8,9,458
44.5,10,8,10,460
44.5,10,8,11,462
44.5,10,8,12,464
44.5,10,8,13,466
44.5,10,8,14,468
44.5,10,8,15,470
44.5,10,9,0,441
44.5,10,9,1,443
44.5,10,9,2,445
44.5,10,9,3,448
44.5,10,9,4,450
44.5,10,9,5,452
44.5,10,9,6,454
44.5,10,9,7,456
44.5,10,9,8,458
44.5,10,9,9,460
44.5,10,9,10,462
44.5,10,9,11,464
44.5,10,9,12,466
44.5,10,9,13,468
44.5,10,9,14,470
44.5,10,9,15,472
44.5,10,10,0,443
44.5,10,10,1,446
44.5,10,10,2,448
44.5,10,10,3,450
44.5,10,10,4,452
44.5,10,10,5,454
44.5,10,10,6,456
44.5,10,10,7,458
44.5,10,10,8,461
44.5,10,10,9,463
44.5,10,10,10,465
44.5,10,10,11,467
44.5,10,10,12,469
44.5,10,10,13,471
44.5,10,10,14,473
44.5,10,10,15,475
44.5,10,11,0,446
44.5,10,11,1,448
44.5,10,11,2,450
44.5,10,11,3,452
44.5,10,11,4,455
44.5,10,11,5,457
44.5,10,11,6,459
44.5,10,11,7,461
44.5,10,11,8,463
44.5,10,11,9,465
44.5,10,11,10,467
44.5,10,11,11,469
44.5,10,11,12,471
44.5,10,11,13,473
44.5,10,11,14,476
44.5,10,11,15,478
44.5,10,12,0,448
44.5,10,12,1,450
44.5,10,12,2,453
44.5,10,12,3,455
44.5,10,12,4,457
44.5,10,12,5,459
44.5,10,12,6,461
44.5,10,12,7,463
44.5,10,12,8,465
44.5,10,12,9,468
44.5,10,12,10,470
44.5,10,12,11,472
44.5,10,12,12,474
44.5,10,12,13,476
44.5,10,12,14,478
44.5,10,12,15,480
44.5,10,13,0,451
44.5,10,13,1,453
44.5,10,13,2,455
44.5,10,13,3,457
44.5,10,13,4,459
44.5,10,13,5,462
44.5,10,13,6,464
44.5,10,13,7,466
44.5,10,13,8,468
44.5,10,13,9,470
44.5,10,13,10,472
44.5,10,13,11,474
44.5,10,13,12,476
44.5,10,13,13,478
44.5,10,13,14,481
44.5,10,13,15,483
44.5,10,14,0,453
44.5,10,14,1,455
44.5,10,14,2,457
44.5,10,14,3,460
44.5,10,14,4,462
44.5,10,14,5,464
44.5,10,14,6,466
44.5,10,14,7,468
44.5,10,14,8,470
44.5,10,14,9,473
44.5,10,14,10,475
44.5,10,14,11,477
44.5,10,14,12,479
44.5,10,14,13,481
44.5,10,14,14,483
44.5,10,14,15,485
44.5,10,15,0,455
44.5,10,15,1,457
44.5,10,15,2,460
44.5,10,15,3,462
44.5,10,15,4,464
44.5,10,15,5,466
44.5,10,15,6,468
44.5,10,15,7,471
44.5,10,15,8,473
44.5,10,15,9,475
44.5,10,15,10,477
44.5,10,15,11,479
44.5,10,15,12,481
44.5,10,15,13,483
44.5,10,15,14,486
44.5,10,15,15,488
44.5,11,0,0,425
44.5,11,0,1,427
44.5,11,0,2,429
44.5,11,0,3,431
44.5,11,0,4,433
44.5,11,0,5,435
44.5,11,0,6,437
44.5,11,0,7,439
44.5,11,0,8,441
44.5,11,0,9,443
44.5,11,0,10,445
44.5,11,0,11,447
44.5,11,0,12,449
44.5,11,0,13,451
44.5,11,0,14,453
44.5,11,0,15,455
44.5,11,1,0,428
44.5,11,1,1,430
44.5,11,1,2,432
44.5,11,1,3,434
44.5,11,1,4,436
44.5,11,1,5,438
44.5,11,1,6,440
44.5,11,1,7,442
44.5,11,1,8,444
44.5,11,1,9,446
44.5,11,1,10,448
44.5,11,1,11,450
44.5,11,1,12,452
44.5,11,1,13,454
44.5,11,1,14,456
44.5,11,1,15,458
44.5,11,2,0,430
44.5,11,2,1,432
44.5,11,2,2,434
44.5,11,2,3,436
44.5,11,2,4,438
44.5,11,2,5,441
44.5,11,2,6,443
44.5,11,2,7,445
44.5,11,2,8,447
44.5,11,2,9,449
44.5,11,2,10,451
44.5,11,2,11,453
44.5,11,2,12,455
44.5,11,2,13,457
44.5,11,2,14,459
44.5,11,2,15,461
44.5,11,3,0,433
44.5,11,3,1,435
44.5,11,3,2,437
44.5,11,3,3,439
44.5,11,3,4,441
44.5,11,3,5,443
44.5,11,3,6,445
44.5,11,3,7,447
44.5,11,3,8,449
44.5,11,3,9,451
44.5,11,3,10,453
44.5,11,3,11,455
44.5,11,3,12,457
44.5,11,3,13,459
44.5,11,3,14,461
44.5,11,3,15,463
44.5,11,4,0,435
44.5,11,4,1,437
44.5,11,4,2,439
44.5,11,4,3,441
44.5,11,4,4,444
44.5,11,4,5,446
44.5,11,4,6,448
44.5,11,4,7,450
44.5,11,4,8,452
44.5,11,4,9,454
44.5,11,4,10,456
44.5,11,4,11,458
44.5,11,4,12,460
44.5,11,4,13,462
44.5,11,4,14,464
44.5,11,4,15,466
44.5,11,5,0,438
44.5,11,5,1,440
44.5,11,5,2,442
44.5,11,5,3,444
44.5,11,5,4,446
44.5,11,5,5,448
44.5,11,5,6,450
44.5,11,5,7,452
44.5,11,5,8,454
44.5,11,5,9,457
44.5,11,5,10,459
44.5,11,5,11,461
44.5,11,5,12,463
44.5,11,5,13,465
44.5,11,5,14,467
44.5,11,5,15,469
44.5,11,6,0,440
44.5,11,6,1,442
44.5,11,6,2,444
44.5,11,6,3,447
44.5,11,6,4,449
44.5,11,6,5,451
44.5,11,6,6,453
44.5,11,6,7,455
44.5,11,6,8,457
44.5,11,6,9,459
44.5,11,6,10,461
44.5,11,6,11,463
44.5,11,6,12,465
44.5,11,6,13,467
44.5,11,6,14,469
44.5,11,6,15,471
44.5,11,7,0,443
44.5,11,7,1,445
44.5,11,7,2,447
44.5,11,7,3,449
44.5,11,7,4,451
44.5,11,7,5,453
44.5,11,7,6,455
44.5,11,7,7,458
44.5,11,7,8,460
44.5,11,7,9,462
44.5,11,7,10,464
44.5,11,7,11,466
44.5,11,7,12,468
44.5,11,7,13,470
44.5,11,7,14,472
44.5,11,7,15,474
44.5,11,8,0,445
44.5,11,8,1,447
44.5,11,8,2,449
44.5,11,8,3,452
44.5,11,8,4,454
44.5,11,8,5,456
44.5,11,8,6,458
44.5,11,8,7,460
44.5,11,8,8,462
44.5,11,8,9,464
44.5,11,8,10,466
44.5,11,8,11,468
44.5,11,8,12,471
44.5,11,8,13,473
44.5,11,8,14,475
44.5,11,8,15,477
44.5,11,9,0,447
44.5,11,9,1,450
44.5,11,9,2,452
44.5,11,9,3,454
44.5,11,9,4,456
44.5,11,9,5,458
44.5,11,9,6,460
44.5,11,9,7,463
44.5,11,9,8,465
44.5,11,9,9,467
44.5,11,9,10,469
44.5,11,9,11,471
44.5,11,9,12,473
44.5,11,9,13,475
44.5,11,9,14,477
44.5,11,9,15,479
44.5,11,10,0,450
44.5,11,10,1,452
44.5,11,10,2,454
44.5,11,10,3,456
44.5,11,10,4,459
44.5,11,10,5,461
44.5,11,10,6,463
44.5,11,10,7,465
44.5,11,10,8,467
44.5,11,10,9,469
44.5,11,10,10,471
44.5,11,10,11,474
44.5,11,10,12,476
44.5,11,10,13,478
44.5,11,10,14,480
44.5,11,10,15,482
44.5,11,11,0,452
44.5,11,11,1,455
44.5,11,11,2,457
44.5,11,11,3,459
44.5,11,11,4,461
44.5,11,11,5,463
44.5,11,11,6,465
44.5,11,11,7,468
44.5,11,11,8,470
44.5,11,11,9,472
44.5,11,11,10,474
44.5,11,11,11,476
44.5,11,11,12,478
44.5,11,11,13,480
44.5,11,11,14,482
44.5,11,11,15,484
44.5,11,12,0,455
44.5,11,12,1,457
44.5,11,12,2,459
44.5,11,12,3,461
44.5,11,12,4,464
44.5,11,12,5,466
44.5,11,12,6,468
44.5,11,12,7,470
44.5,11,12,8,472
44.5,11,12,9,474
44.5,11,12,10,477
44.5,11,12,11,479
44.5,11,12,12,481
44.5,11,12,13,483
44.5,11,12,14,485
44.5,11,12,15,487
44.5,11,13,0,457
44.5,11,13,1,459
44.5,11,13,2,462
44.5,11,13,3,464
44.5,11,13,4,466
44.5,11,13,5,468
44.5,11,13,6,470
44.5,11,13,7,473
44.5,11,13,8,475
44.5,11,13,9,477
44.5,11,13,10,479
44.5,11,13,11,481
44.5,11,13,12,483
44.5,11,13,13,485
44.5,11,13,14,488
44.5,11,13,15,490
44.5,11,14,0,459
44.5,11,14,1,462
44.5,11,14,2,464
44.5,11,14,3,466
44.5,11,14,4,468
44.5,11,14,5,471
44.5,11,14,6,473
44.5,11,14,7,475
44.5,11,14,8,477
44.5,11,14,9,479
44.5,11,14,10,482
44.5,11,14,11,484
44.5,11,14,12,486
44.5,11,14,13,488
44.5,11,14,14,490
44.5,11,14,15,492
44.5,11,15,0,462
44.5,11,15,1,464
44.5,11,15,2,466
44.5,11,15,3,469
44.5,11,15,4,471
44.5,11,15,5,473
44.5,11,15,6,475
44.5,11,15,7,477
44.5,11,15,8,480
44.5,11,15,9,482
44.5,11,15,10,484
44.5,11,15,11,486
44.5,11,15,12,488
44.5,11,15,13,490
44.5,11,15,14,493
44.5,11,15,15,495
44.5,12,0,0,431
44.5,12,0,1,433
44.5,12,0,2,435
44.5,12,0,3,437
44.5,12,0,4,439
44.5,12,0,5,442
44.5,12,0,6,444
44.5,12,0,7,446
44.5,12,0,8,448
44.5,12,0,9,450
44.5,12,0,10,452
44.5,12,0,11,454
44.5,12,0,12,456
44.5,12,0,13,458
44.5,12,0,14,460
44.5,12,0,15,462
44.5,12,1,0,434
44.5,12,1,1,436
44.5,12,1,2,438
44.5,12,1,3,440
44.5,12,1,4,442
44.5,12,1,5,444
44.5,12,1,6,446
44.5,12,1,7,448
44.5,12,1,8,450
44.5,12,1,9,452
44.5,12,1,10,454
44.5,12,1,11,456
44.5,12,1,12,459
44.5,12,1,13,461
44.5,12,1,14,463
44.5,12,1,15,465
44.5,12,2,0,436
44.5,12,2,1,438
44.5,12,2,2,441
44.5,12,2,3,443
44.5,12,2,4,445
44.5,12,2,5,447
44.5,12,2,6,449
44.5,12,2,7,451
44.5,12,2,8,453
44.5,12,2,9,455
44.5,12,2,10,457
44.5,12,2,11,459
44.5,12,2,12,461
44.5,12,2,13,463
44.5,12,2,14,465
44.5,12,2,15,467
44.5,12,3,0,439
44.5,12,3,1,441
44.5,12,3,2,443
44.5,12,3,3,445
44.5,12,3,4,447
44.5,12,3,5,449
44.5,12,3,6,452
44.5,12,3,7,454
44.5,12,3,8,456
44.5,12,3,9,458
44.5,12,3,10,460
44.5,12,3,11,462
44.5,12,3,12,464
44.5,12,3,13,466
44.5,12,3,14,468
44.5,12,3,15,470
44.5,12,4,0,441
44.5,12,4,1,444
44.5,12,4,2,446
44.5,12,4,3,448
44.5,12,4,4,450
44.5,12,4,5,452
44.5,12,4,6,454
44.5,12,4,7,456
44.5,12,4,8,458
44.5,12,4,9,460
44.5,12,4,10,463
44.5,12,4,11,465
44.5,12,4,12,467
44.5,12,4,13,469
44.5,12,4,14,471
44.5,12,4,15,473
44.5,12,5,0,444
44.5,12,5,1,446
44.5,12,5,2,448
44.5,12,5,3,450
44.5,12,5,4,453
44.5,12,5,5,455
44.5,12,5,6,457
44.5,12,5,7,459
44.5,12,5,8,461
44.5,12,5,9,463
44.5,12,5,10,465
44.5,12,5,11,467
44.5,12,5,12,469
44.5,12,5,13,471
44.5,12,5,14,473
44.5,12,5,15,475
44.5,12,6,0,446
44.5,12,6,1,449
44.5,12,6,2,451
44.5,12,6,3,453
44.5,12,6,4,455
44.5,12,6,5,457
44.5,12,6,6,459
44.5,12,6,7,461
44.5,12,6,8,464
44.5,12,6,9,466
44.5,12,6,10,468
44.5,12,6,11,470
44.5,12,6,12,472
44.5,12,6,13,474
44.5,12,6,14,476
44.5,12,6,15,478
44.5,12,7,0,449
44.5,12,7,1,451
44.5,12,7,2,453
44.5,12,7,3,455
44.5,12,7,4,458
44.5,12,7,5,460
44.5,12,7,6,462
44.5,12,7,7,464
44.5,12,7,8,466
44.5,12,7,9,468
44.5,12,7,10,470
44.5,12,7,11,473
44.5,12,7,12,475
44.5,12,7,13,477
44.5,12,7,14,479
44.5,12,7,15,481
44.5,12,8,0,451
44.5,12,8,1,454
44.5,12,8,2,456
44.5,12,8,3,458
44.5,12,8,4,460
44.5,12,8,5,462
44.5,12,8,6,465
44.5,12,8,7,467
44.5,12,8,8,469
44.5,12,8,9,471
44.5,12,8,10,473
44.5,12,8,11,475
44.5,12,8,12,477
44.5,12,8,13,479
44.5,12,8,14,481
44.5,12,8,15,483
44.5,12,9,0,454
44.5,12,9,1,456
44.5,12,9,2,458
44.5,12,9,3,461
44.5,12,9,4,463
44.5,12,9,5,465
44.5,12,9,6,467
44.5,12,9,7,469
44.5,12,9,8,471
44.5,12,9,9,474
44.5,12,9,10,476
44.5,12,9,11,478
44.5,12,9,12,480
44.5,12,9,13,482
44.5,12,9,14,484
44.5,12,9,15,486
44.5,12,10,0,456
44.5,12,10,1,459
44.5,12,10,2,461
44.5,12,10,3,463
44.5,12,10,4,465
44.5,12,10,5,467
44.5,12,10,6,470
44.5,12,10,7,472
44.5,12,10,8,474
44.5,12,10,9,476
44.5,12,10,10,478
44.5,12,10,11,480
44.5,12,10,12,482
44.5,12,10,13,485
44.5,12,10,14,487
44.5,12,10,15,489
44.5,12,11,0,459
44.5,12,11,1,461
44.5,12,11,2,463
44.5,12,11,3,465
44.5,12,11,4,468
44.5,12,11,5,470
44.5,12,11,6,472
44.5,12,11,7,474
44.5,12,11,8,476
44.5,12,11,9,479
44.5,12,11,10,481
44.5,12,11,11,483
44.5,12,11,12,485
44.5,12,11,13,487
44.5,12,11,14,489
44.5,12,11,15,491
44.5,12,12,0,461
44.5,12,12,1,463
44.5,12,12,2,466
44.5,12,12,3,468
44.5,12,12,4,470
44.5,12,12,5,472
44.5,12,12,6,475
44.5,12,12,7,477
44.5,12,12,8,479
44.5,12,12,9,481
44.5,12,12,10,483
44.5,12,12,11,485
44.5,12,12,12,488
44.5,12,12,13,490
44.5,12,12,14,492
44.5,12,12,15,494
44.5,12,13,0,464
44.5,12,13,1,466
44.5,12,13,2,468
44.5,12,13,3,470
44.5,12,13,4,473
44.5,12,13,5,475
44.5,12,13,6,477
44.5,12,13,7,479
44.5,12,13,8,482
44.5,12,13,9,484
44.5,12,13,10,486
44.5,12,13,11,488
44.5,12,13,12,490
44.5,12,13,13,492
44.5,12,13,14,494
44.5,12,13,15,497
44.5,12,14,0,466
44.5,12,14,1,468
44.5,12,14,2,471
44.5,12,14,3,473
44.5,12,14,4,475
44.5,12,14,5,477
44.5,12,14,6,480
44.5,12,14,7,482
44.5,12,14,8,484
44.5,12,14,9,486
44.5,12,14,10,488
44.5,12,14,11,491
44.5,12,14,12,493
44.5,12,14,13,495
44.5,12,14,14,497
44.5,12,14,15,499
44.5,12,15,0,468
44.5,12,15,1,471
44.5,12,15,2,473
44.5,12,15,3,475
44.5,12,15,4,478
44.5,12,15,5,480
44.5,12,15,6,482
44.5,12,15,7,484
44.5,12,15,8,487
44.5,12,15,9,489
44.5,12,15,10,491
44.5,12,15,11,493
44.5,12,15,12,495
44.5,12,15,13,497
44.5,12,15,14,500
44.5,12,15,15,502
44.5,13,0,0,437
44.5,13,0,1,439
44.5,13,0,2,441
44.5,13,0,3,444
44.5,13,0,4,446
44.5,13,0,5,448
44.5,13,0,6,450
44.5,13,0,7,452
44.5,13,0,8,454
44.5,13,0,9,456
44.5,13,0,10,458
44.5,13,0,11,460
44.5,13,0,12,462
44.5,13,0,13,464
44.5,13,0,14,466
44.5,13,0,15,468
44.5,13,1,0,440
44.5,13,1,1,442
44.5,13,1,2,444
44.5,13,1,3,446
44.5,13,1,4,448
44.5,13,1,5,450
44.5,13,1,6,453
44.5,13,1,7,455
44.5,13,1,8,457
44.5,13,1,9,459
44.5,13,1,10,461
44.5,13,1,11,463
44.5,13,1,12,465
44.5,13,1,13,467
44.5,13,1,14,469
44.5,13,1,15,471
44.5,13,2,0,442
44.5,13,2,1,445
44.5,13,2,2,447
44.5,13,2,3,449
44.5,13,2,4,451
44.5,13,2,5,453
44.5,13,2,6,455
44.5,13,2,7,457
44.5,13,2,8,459
44.5,13,2,9,462
44.5,13,2,10,464
44.5,13,2,11,466
44.5,13,2,12,468
44.5,13,2,13,470
44.5,13,2,14,472
44.5,13,2,15,474
44.5,13,3,0,445
44.5,13,3,1,447
44.5,13,3,2,449
44.5,13,3,3,452
44.5,13,3,4,454
44.5,13,3,5,456
44.5,13,3,6,458
44.5,13,3,7,460
44.5,13,3,8,462
44.5,13,3,9,464
44.5,13,3,10,466
44.5,13,3,11,468
44.5,13,3,12,470
44.5,13,3,13,473
44.5,13,3,14,475
44.5,13,3,15,477
44.5,13,4,0,448
44.5,13,4,1,450
44.5,13,4,2,452
44.5,13,4,3,454
44.5,13,4,4,456
44.5,13,4,5,458
44.5,13,4,6,461
44.5,13,4,7,463
44.5,13,4,8,465
44.5,13,4,9,467
44.5,13,4,10,469
44.5,13,4,11,471
44.5,13,4,12,473
44.5,13,4,13,475
44.5,13,4,14,477
44.5,13,4,15,479
44.5,13,5,0,450
44.5,13,5,1,452
44.5,13,5,2,455
44.5,13,5,3,457
44.5,13,5,4,459
44.5,13,5,5,461
44.5,13,5,6,463
44.5,13,5,7,465
44.5,13,5,8,467
44.5,13,5,9,470
44.5,13,5,10,472
44.5,13,5,11,474
44.5,13,5,12,476
44.5,13,5,13,478
44.5,13,5,14,480
44.5,13,5,15,482
44.5,13,6,0,453
44.5,13,6,1,455
44.5,13,6,2,457
44.5,13,6,3,459
44.5,13,6,4,462
44.5,13,6,5,464
44.5,13,6,6,466
44.5,13,6,7,468
44.5,13,6,8,470
44.5,13,6,9,472
44.5,13,6,10,474
44.5,13,6,11,477
44.5,13,6,12,479
44.5,13,6,13,481
44.5,13,6,14,483
44.5,13,6,15,485
44.5,13,7,0,455
44.5,13,7,1,457
44.5,13,7,2,460
44.5,13,7,3,462
44.5,13,7,4,464
44.5,13,7,5,466
44.5,13,7,6,468
44.5,13,7,7,471
44.5,13,7,8,473
44.5,13,7,9,475
44.5,13,7,10,477
44.5,13,7,11,479
44.5,13,7,12,481
44.5,13,7,13,483
44.5,13,7,14,486
44.5,13,7,15,488
44.5,13,8,0,458
44.5,13,8,1,460
44.5,13,8,2,462
44.5,13,8,3,464
44.5,13,8,4,467
44.5,13,8,5,469
44.5,13,8,6,471
44.5,13,8,7,473
44.5,13,8,8,475
44.5,13,8,9,478
44.5,13,8,10,480
44.5,13,8,11,482
44.5,13,8,12,484
44.5,13,8,13,486
44.5,13,8,14,488
44.5,13,8,15,490
44.5,13,9,0,460
44.5,13,9,1,463
44.5,13,9,2,465
44.5,13,9,3,467
44.5,13,9,4,469
44.5,13,9,5,471
44.5,13,9,6,474
44.5,13,9,7,476
44.5,13,9,8,478
44.5,13,9,9,480
44.5,13,9,10,482
44.5,13,9,11,484
44.5,13,9,12,487
44.5,13,9,13,489
44.5,13,9,14,491
44.5,13,9,15,493
44.5,13,10,0,463
44.5,13,10,1,465
44.5,13,10,2,467
44.5,13,10,3,470
44.5,13,10,4,472
44.5,13,10,5,474
44.5,13,10,6,476
44.5,13,10,7,478
44.5,13,10,8,481
44.5,13,10,9,483
44.5,13,10,10,485
44.5,13,10,11,487
44.5,13,10,12,489
44.5,13,10,13,491
44.5,13,10,14,494
44.5,13,10,15,496
44.5,13,11,0,465
44.5,13,11,1,468
44.5,13,11,2,470
44.5,13,11,3,472
44.5,13,11,4,474
44.5,13,11,5,477
44.5,13,11,6,479
44.5,13,11,7,481
44.5,13,11,8,483
44.5,13,11,9,485
44.5,13,11,10,488
44.5,13,11,11,490
44.5,13,11,12,492
44.5,13,11,13,494
44.5,13,11,14,496
44.5,13,11,15,498
44.5,13,12,0,468
44.5,13,12,1,470
44.5,13,12,2,472
44.5,13,12,3,475
44.5,13,12,4,477
44.5,13,12,5,479
44.5,13,12,6,481
44.5,13,12,7,484
44.5,13,12,8,486
44.5,13,12,9,488
44.5,13,12,10,490
44.5,13,12,11,492
44.5,13,12,12,495
44.5,13,12,13,497
44.5,13,12,14,499
44.5,13,12,15,501
44.5,13,13,0,470
44.5,13,13,1,472
44.5,13,13,2,475
44.5,13,13,3,477
44.5,13,13,4,479
44.5,13,13,5,482
44.5,13,13,6,484
44.5,13,13,7,486
44.5,13,13,8,488
44.5,13,13,9,491
44.5,13,13,10,493
44.5,13,13,11,495
44.5,13,13,12,497
44.5,13,13,13,499
44.5,13,13,14,501
44.5,13,13,15,504
44.5,13,14,0,473
44.5,13,14,1,475
44.5,13,14,2,477
44.5,13,14,3,480
44.5,13,14,4,482
44.5,13,14,5,484
44.5,13,14,6,486
44.5,13,14,7,489
44.5,13,14,8,491
44.5,13,14,9,493
44.5,13,14,10,495
44.5,13,14,11,497
44.5,13,14,12,500
44.5,13,14,13,502
44.5,13,14,14,504
44.5,13,14,15,506
44.5,13,15,0,475
44.5,13,15,1,477
44.5,13,15,2,480
44.5,13,15,3,482
44.5,13,15,4,484
44.5,13,15,5,487
44.5,13,15,6,489
44.5,13,15,7,491
44.5,13,15,8,493
44.5,13,15,9,496
44.5,13,15,10,498
44.5,13,15,11,500
44.5,13,15,12,502
44.5,13,15,13,504
44.5,13,15,14,507
44.5,13,15,15,509
44.5,14,0,0,443
44.5,14,0,1,445
44.5,14,0,2,448
44.5,14,0,3,450
44.5,14,0,4,452
44.5,14,0,5,454
44.5,14,0,6,456
44.5,14,0,7,458
44.5,14,0,8,460
44.5,14,0,9,462
44.5,14,0,10,464
44.5,14,0,11,467
44.5,14,0,12,469
44.5,14,0,13,471
44.5,14,0,14,473
44.5,14,0,15,475
44.5,14,1,0,446
44.5,14,1,1,448
44.5,14,1,2,450
44.5,14,1,3,452
44.5,14,1,4,455
44.5,14,1,5,457
44.5,14,1,6,459
44.5,14,1,7,461
44.5,14,1,8,463
44.5,14,1,9,465
44.5,14,1,10,467
44.5,14,1,11,469
44.5,14,1,12,471
44.5,14,1,13,474
44.5,14,1,14,476
44.5,14,1,15,478
44.5,14,2,0,449
44.5,14,2,1,451
44.5,14,2,2,453
44.5,14,2,3,455
44.5,14,2,4,457
44.5,14,2,5,459
44.5,14,2,6,462
44.5,14,2,7,464
44.5,14,2,8,466
44.5,14,2,9,468
44.5,14,2,10,470
44.5,14,2,11,472
44.5,14,2,12,474
44.5,14,2,13,476
44.5,14,2,14,478
44.5,14,2,15,480
44.5,14,3,0,451
44.5,14,3,1,453
44.5,14,3,2,456
44.5,14,3,3,458
44.5,14,3,4,460
44.5,14,3,5,462
44.5,14,3,6,464
44.5,14,3,7,466
44.5,14,3,8,469
44.5,14,3,9,471
44.5,14,3,10,473
44.5,14,3,11,475
44.5,14,3,12,477
44.5,14,3,13,479
44.5,14,3,14,481
44.5,14,3,15,483
44.5,14,4,0,454
44.5,14,4,1,456
44.5,14,4,2,458
44.5,14,4,3,460
44.5,14,4,4,463
44.5,14,4,5,465
44.5,14,4,6,467
44.5,14,4,7,469
44.5,14,4,8,471
44.5,14,4,9,473
44.5,14,4,10,476
44.5,14,4,11,478
44.5,14,4,12,480
44.5,14,4,13,482
44.5,14,4,14,484
44.5,14,4,15,486
44.5,14,5,0,456
44.5,14,5,1,459
44.5,14,5,2,461
44.5,14,5,3,463
44.5,14,5,4,465
44.5,14,5,5,467
44.5,14,5,6,470
44.5,14,5,7,472
44.5,14,5,8,474
44.5,14,5,9,476
44.5,14,5,10,478
44.5,14,5,11,480
44.5,14,5,12,483
44.5,14,5,13,485
44.5,14,5,14,487
44.5,14,5,15,489
44.5,14,6,0,459
44.5,14,6,1,461
44.5,14,6,2,463
44.5,14,6,3,466
44.5,14,6,4,468
44.5,14,6,5,470
44.5,14,6,6,472
44.5,14,6,7,475
44.5,14,6,8,477
44.5,14,6,9,479
44.5,14,6,10,481
44.5,14,6,11,483
44.5,14,6,12,485
44.5,14,6,13,487
44.5,14,6,14,490
44.5,14,6,15,492
44.5,14,7,0,462
44.5,14,7,1,464
44.5,14,7,2,466
44.5,14,7,3,468
44.5,14,7,4,471
44.5,14,7,5,473
44.5,14,7,6,475
44.5,14,7,7,477
44.5,14,7,8,479
44.5,14,7,9,482
44.5,14,7,10,484
44.5,14,7,11,486
44.5,14,7,12,488
44.5,14,7,13,490
44.5,14,7,14,492
44.5,14,7,15,494
44.5,14,8,0,464
44.5,14,8,1,466
44.5,14,8,2,469
44.5,14,8,3,471
44.5,14,8,4,473
44.5,14,8,5,475
44.5,14,8,6,478
44.5,14,8,7,480
44.5,14,8,8,482
44.5,14,8,9,484
44.5,14,8,10,486
44.5,14,8,11,489
44.5,14,8,12,491
44.5,14,8,13,493
44.5,14,8,14,495
44.5,14,8,15,497
44.5,14,9,0,467
44.5,14,9,1,469
44.5,14,9,2,471
44.5,14,9,3,474
44.5,14,9,4,476
44.5,14,9,5,478
44.5,14,9,6,480
44.5,14,9,7,482
44.5,14,9,8,485
44.5,14,9,9,487
44.5,14,9,10,489
44.5,14,9,11,491
44.5,14,9,12,493
44.5,14,9,13,496
44.5,14,9,14,498
44.5,14,9,15,500
44.5,14,10,0,469
44.5,14,10,1,472
44.5,14,10,2,474
44.5,14,10,3,476
44.5,14,10,4,478
44.5,14,10,5,481
44.5,14,10,6,483
44.5,14,10,7,485
44.5,14,10,8,487
44.5,14,10,9,489
44.5,14,10,10,492
44.5,14,10,11,494
44.5,14,10,12,496
44.5,14,10,13,498
44.5,14,10,14,500
44.5,14,10,15,503
44.5,14,11,0,472
44.5,14,11,1,474
44.5,14,11,2,476
44.5,14,11,3,479
44.5,14,11,4,481
44.5,14,11,5,483
44.5,14,11,6,485
44.5,14,11,7,488
44.5,14,11,8,490
44.5,14,11,9,492
44.5,14,11,10,494
44.5,14,11,11,497
44.5,14,11,12,499
44.5,14,11,13,501
44.5,14,11,14,503
44.5,14,11,15,505
44.5,14,12,0,474
44.5,14,12,1,477
44.5,14,12,2,479
44.5,14,12,3,481
44.5,14,12,4,483
44.5,14,12,5,486
44.5,14,12,6,488
44.5,14,12,7,490
44.5,14,12,8,493
44.5,14,12,9,495
44.5,14,12,10,497
44.5,14,12,11,499
44.5,14,12,12,501
44.5,14,12,13,504
44.5,14,12,14,506
44.5,14,12,15,508
44.5,14,13,0,477
44.5,14,13,1,479
44.5,14,13,2,481
44.5,14,13,3,484
44.5,14,13,4,486
44.5,14,13,5,488
44.5,14,13,6,491
44.5,14,13,7,493
44.5,14,13,8,495
44.5,14,13,9,497
44.5,14,13,10,500
44.5,14,13,11,502
44.5,14,13,12,504
44.5,14,13,13,506
44.5,14,13,14,508
44.5,14,13,15,511
44.5,14,14,0,479
44.5,14,14,1,482
44.5,14,14,2,484
44.5,14,14,3,486
44.5,14,14,4,489
44.5,14,14,5,491
44.5,14,14,6,493
44.5,14,14,7,495
44.5,14,14,8,498
44.5,14,14,9,500
44.5,14,14,10,502
44.5,14,14,11,504
44.5,14,14,12,507
44.5,14,14,13,509
44.5,14,14,14,511
44.5,14,14,15,513
44.5,14,15,0,482
44.5,14,15,1,484
44.5,14,15,2,486
44.5,14,15,3,489
44.5,14,15,4,491
44.5,14,15,5,493
44.5,14,15,6,496
44.5,14,15,7,498
44.5,14,15,8,500
44.5,14,15,9,502
44.5,14,15,10,505
44.5,14,15,11,507
44.5,14,15,12,509
44.5,14,15,13,511
44.5,14,15,14,514
44.5,14,15,15,516
44.5,15,0,0,449
44.5,15,0,1,452
44.5,15,0,2,454
44.5,15,0,3,456
44.5,15,0,4,458
44.5,15,0,5,460
44.5,15,0,6,462
44.5,15,0,7,464
44.5,15,0,8,467
44.5,15,0,9,469
44.5,15,0,10,471
44.5,15,0,11,473
44.5,15,0,12,475
44.5,15,0,13,477
44.5,15,0,14,479
44.5,15,0,15,481
44.5,15,1,0,452
44.5,15,1,1,454
44.5,15,1,2,456
44.5,15,1,3,459
44.5,15,1,4,461
44.5,15,1,5,463
44.5,15,1,6,465
44.5,15,1,7,467
44.5,15,1,8,469
44.5,15,1,9,472
44.5,15,1,10,474
44.5,15,1,11,476
44.5,15,1,12,478
44.5,15,1,13,480
44.5,15,1,14,482
44.5,15,1,15,484
44.5,15,2,0,455
44.5,15,2,1,457
44.5,15,2,2,459
44.5,15,2,3,461
44.5,15,2,4,464
44.5,15,2,5,466
44.5,15,2,6,468
44.5,15,2,7,470
44.5,15,2,8,472
44.5,15,2,9,474
44.5,15,2,10,476
44.5,15,2,11,479
44.5,15,2,12,481
44.5,15,2,13,483
44.5,15,2,14,485
44.5,15,2,15,487
44.5,15,3,0,457
44.5,15,3,1,460
44.5,15,3,2,462
44.5,15,3,3,464
44.5,15,3,4,466
44.5,15,3,5,468
44.5,15,3,6,471
44.5,15,3,7,473
44.5,15,3,8,475
44.5,15,3,9,477
44.5,15,3,10,479
44.5,15,3,11,481
44.5,15,3,12,484
44.5,15,3,13,486
44.5,15,3,14,488
44.5,15,3,15,490
44.5,15,4,0,460
44.5,15,4,1,462
44.5,15,4,2,465
44.5,15,4,3,467
44.5,15,4,4,469
44.5,15,4,5,471
44.5,15,4,6,473
44.5,15,4,7,476
44.5,15,4,8,478
44.5,15,4,9,480
44.5,15,4,10,482
44.5,15,4,11,484
44.5,15,4,12,486
44.5,15,4,13,488
44.5,15,4,14,491
44.5,15,4,15,493
44.5,15,5,0,463
44.5,15,5,1,465
44.5,15,5,2,467
44.5,15,5,3,469
44.5,15,5,4,472
44.5,15,5,5,474
44.5,15,5,6,476
44.5,15,5,7,478
44.5,15,5,8,480
44.5,15,5,9,483
44.5,15,5,10,485
44.5,15,5,11,487
44.5,15,5,12,489
44.5,15,5,13,491
44.5,15,5,14,493
44.5,15,5,15,496
44.5,15,6,0,465
44.5,15,6,1,468
44.5,15,6,2,470
44.5,15,6,3,472
44.5,15,6,4,474
44.5,15,6,5,477
44.5,15,6,6,479
44.5,15,6,7,481
44.5,15,6,8,483
44.5,15,6,9,485
44.5,15,6,10,488
44.5,15,6,11,490
44.5,15,6,12,492
44.5,15,6,13,494
44.5,15,6,14,496
44.5,15,6,15,498
44.5,15,7,0,468
44.5,15,7,1,470
44.5,15,7,2,472
44.5,15,7,3,475
44.5,15,7,4,477
44.5,15,7,5,479
44.5,15,7,6,481
44.5,15,7,7,484
44.5,15,7,8,486
44.5,15,7,9,488
44.5,15,7,10,490
44.5,15,7,11,493
44.5,15,7,12,495
44.5,15,7,13,497
44.5,15,7,14,499
44.5,15,7,15,501
44.5,15,8,0,470
44.5,15,8,1,473
44.5,15,8,2,475
44.5,15,8,3,477
44.5,15,8,4,480
44.5,15,8,5,482
44.5,15,8,6,484
44.5,15,8,7,486
44.5,15,8,8,489
44.5,15,8,9,491
44.5,15,8,10,493
44.5,15,8,11,495
44.5,15,8,12,497
44.5,15,8,13,500
44.5,15,8,14,502
44.5,15,8,15,504
44.5,15,9,0,473
44.5,15,9,1,475
44.5,15,9,2,478
44.5,15,9,3,480
44.5,15,9,4,482
44.5,15,9,5,485
44.5,15,9,6,487
44.5,15,9,7,489
44.5,15,9,8,491
44.5,15,9,9,494
44.5,15,9,10,496
44.5,15,9,11,498
44.5,15,9,12,500
44.5,15,9,13,502
44.5,15,9,14,505
44.5,15,9,15,507
44.5,15,10,0,476
44.5,15,10,1,478
44.5,15,10,2,480
44.5,15,10,3,483
44.5,15,10,4,485
44.5,15,10,5,487
44.5,15,10,6,489
44.5,15,10,7,492
44.5,15,10,8,494
44.5,15,10,9,496
44.5,15,10,10,498
44.5,15,10,11,501
44.5,15,10,12,503
44.5,15,10,13,505
44.5,15,10,14,507
44.5,15,10,15,509
44.5,15,11,0,478
44.5,15,11,1,481
44.5,15,11,2,483
44.5,15,11,3,485
44.5,15,11,4,487
44.5,15,11,5,490
44.5,15,11,6,492
44.5,15,11,7,494
44.5,15,11,8,497
44.5,15,11,9,499
44.5,15,11,10,501
44.5,15,11,11,503
44.5,15,11,12,506
44.5,15,11,13,508
44.5,15,11,14,510
44.5,15,11,15,512
44.5,15,12,0,481
44.5,15,12,1,483
44.5,15,12,2,485
44.5,15,12,3,488
44.5,15,12,4,490
44.5,15,12,5,492
44.5,15,12,6,495
44.5,15,12,7,497
44.5,15,12,8,499
44.5,15,12,9,502
44.5,15,12,10,504
44.5,15,12,11,506
44.5,15,12,12,508
44.5,15,12,13,510
44.5,15,12,14,513
44.5,15,12,15,515
44.5,15,13,0,483
44.5,15,13,1,486
44.5,15,13,2,488
44.5,15,13,3,490
44.5,15,13,4,493
44.5,15,13,5,495
44.5,15,13,6,497
44.5,15,13,7,500
44.5,15,13,8,502
44.5,15,13,9,504
44.5,15,13,10,506
44.5,15,13,11,509
44.5,15,13,12,511
44.5,15,13,13,513
44.5,15,13,14,515
44.5,15,13,15,518
44.5,15,14,0,486
44.5,15,14,1,488
44.5,15,14,2,491
44.5,15,14,3,493
44.5,15,14,4,495
44.5,15,14,5,498
44.5,15,14,6,500
44.5,15,14,7,502
44.5,15,14,8,504
44.5,15,14,9,507
44.5,15,14,10,509
44.5,15,14,11,511
44.5,15,14,12,514
44.5,15,14,13,516
44.5,15,14,14,518
44.5,15,14,15,520
44.5,15,15,0,488
44.5,15,15,1,491
44.5,15,15,2,493
44.5,15,15,3,495
44.5,15,15,4,498
44.5,15,15,5,500
44.5,15,15,6,502
44.5,15,15,7,505
44.5,15,15,8,507
44.5,15,15,9,509
44.5,15,15,10,512
44.5,15,15,11,514
44.5,15,15,12,516
44.5,15,15,13,518
44.5,15,15,14,521
44.5,15,15,15,523
45.0,0,0,0,360
45.0,0,0,1,362
45.0,0,0,2,364
45.0,0,0,3,366
45.0,0,0,4,367
45.0,0,0,5,369
45.0,0,0,6,371
45.0,0,0,7,373
45.0,0,0,8,374
45.0,0,0,9,376
45.0,0,0,10,378
45.0,0,0,11,379
45.0,0,0,12,381
45.0,0,0,13,383
45.0,0,0,14,384
45.0,0,0,15,386
45.0,0,1,0,363
45.0,0,1,1,364
45.0,0,1,2,366
45.0,0,1,3,368
45.0,0,1,4,370
45.0,0,1,5,371
45.0,0,1,6,373
45.0,0,1,7,375
45.0,0,1,8,376
45.0,0,1,9,378
45.0,0,1,10,380
45.0,0,1,11,382
45.0,0,1,12,383
45.0,0,1,13,385
45.0,0,1,14,387
45.0,0,1,15,388
45.0,0,2,0,365
45.0,0,2,1,366
45.0,0,2,2,368
45.0,0,2,3,370
45.0,0,2,4,372
45.0,0,2,5,374
45.0,0,2,6,375
45.0,0,2,7,377
45.0,0,2,8,379
45.0,0,2,9,380
45.0,0,2,10,382
45.0,0,2,11,384
45.0,0,2,12,386
45.0,0,2,13,387
45.0,0,2,14,389
45.0,0,2,15,391
45.0,0,3,0,367
45.0,0,3,1,369
45.0,0,3,2,370
45.0,0,3,3,372
45.0,0,3,4,374
45.0,0,3,5,376
45.0,0,3,6,377
45.0,0,3,7,379
45.0,0,3,8,381
45.0,0,3,9,383
45.0,0,3,10,384
45.0,0,3,11,386
45.0,0,3,12,388
45.0,0,3,13,390
45.0,0,3,14,391
45.0,0,3,15,393
45.0,0,4,0,369
45.0,0,4,1,371
45.0,0,4,2,373
45.0,0,4,3,374
45.0,0,4,4,376
45.0,0,4,5,378
45.0,0,4,6,380
45.0,0,4,7,381
45.0,0,4,8,383
45.0,0,4,9,385
45.0,0,4,10,387
45.0,0,4,11,388
45.0,0,4,12,390
45.0,0,4,13,392
45.0,0,4,14,393
45.0,0,4,15,395
45.0,0,5,0,371
45.0,0,5,1,373
45.0,0,5,2,375
45.0,0,5,3,376
45.0,0,5,4,378
45.0,0,5,5,380
45.0,0,5,6,382
45.0,0,5,7,384
45.0,0,5,8,385
45.0,0,5,9,387
45.0,0,5,10,389
45.0,0,5,11,391
45.0,0,5,12,392
45.0,0,5,13,394
45.0,0,5,14,396
45.0,0,5,15,397
45.0,0,6,0,373
45.0,0,6,1,375
45.0,0,6,2,377
45.0,0,6,3,379
45.0,0,6,4,380
45.0,0,6,5,382
45.0,0,6,6,384
45.0,0,6,7,386
45.0,0,6,8,388
45.0,0,6,9,389
45.0,0,6,10,391
45.0,0,6,11,393
45.0,0,6,12,395
45.0,0,6,13,396
45.0,0,6,14,398
45.0,0,6,15,400
45.0,0,7,0,375
45.0,0,7,1,377
45.0,0,7,2,379
45.0,0,7,3,381
45.0,0,7,4,383
45.0,0,7,5,384
45.0,0,7,6,386
45.0,0,7,7,388
45.0,0,7,8,390
45.0,0,7,9,391
45.0,0,7,10,393
45.0,0,7,11,395
45.0,0,7,12,397
45.0,0,7,13,398
45.0,0,7,14,400
45.0,0,7,15,402
45.0,0,8,0,377
45.0,0,8,1,379
45.0,0,8,2,381
45.0,0,8,3,383
45.0,0,8,4,385
45.0,0,8,5,386
45.0,0,8,6,388
45.0,0,8,7,390
45.0,0,8,8,392
45.0,0,8,9,394
45.0,0,8,10,395
45.0,0,8,11,397
45.0,0,8,12,399
45.0,0,8,13,401
45.0,0,8,14,402
45.0,0,8,15,404
45.0,0,9,0,379
45.0,0,9,1,381
45.0,0,9,2,383
45.0,0,9,3,385
45.0,0,9,4,387
45.0,0,9,5,389
45.0,0,9,6,390
45.0,0,9,7,392
45.0,0,9,8,394
45.0,0,9,9,396
45.0,0,9,10,398
45.0,0,9,11,399
45.0,0,9,12,401
45.0,0,9,13,403
45.0,0,9,14,405
45.0,0,9,15,406
45.0,0,10,0,381
45.0,0,10,1,383
45.0,0,10,2,385
45.0,0,10,3,387
45.0,0,10,4,389
45.0,0,10,5,391
45.0,0,10,6,393
45.0,0,10,7,394
45.0,0,10,8,396
45.0,0,10,9,398
45.0,0,10,10,400
45.0,0,10,11,402
45.0,0,10,12,403
45.0,0,10,13,405
45.0,0,10,14,407
45.0,0,10,15,409
45.0,0,11,0,384
45.0,0,11,1,385
45.0,0,11,2,387
45.0,0,11,3,389
45.0,0,11,4,391
45.0,0,11,5,393
45.0,0,11,6,395
45.0,0,11,7,396
45.0,0,11,8,398
45.0,0,11,9,400
45.0,0,11,10,402
45.0,0,11,11,404
45.0,0,11,12,405
45.0,0,11,13,407
45.0,0,11,14,409
45.0,0,11,15,411
45.0,0,12,0,386
45.0,0,12,1,387
45.0,0,12,2,389
45.0,0,12,3,391
45.0,0,12,4,393
45.0,0,12,5,395
45.0,0,12,6,397
45.0,0,12,7,399
45.0,0,12,8,400
45.0,0,12,9,402
45.0,0,12,10,404
45.0,0,12,11,406
45.0,0,12,12,408
45.0,0,12,13,409
45.0,0,12,14,411
45.0,0,12,15,413
45.0,0,13,0,388
45.0,0,13,1,389
45.0,0,13,2,391
45.0,0,13,3,393
45.0,0,13,4,395
45.0,0,13,5,397
45.0,0,13,6,399
45.0,0,13,7,401
45.0,0,13,8,403
45.0,0,13,9,404
45.0,0,13,10,406
45.0,0,13,11,408
45.0,0,13,12,410
45.0,0,13,13,412
45.0,0,13,14,413
45.0,0,13,15,415
45.0,0,14,0,390
45.0,0,14,1,392
45.0,0,14,2,393
45.0,0,14,3,395
45.0,0,14,4,397
45.0,0,14,5,399
45.0,0,14,6,401
45.0,0,14,7,403
45.0,0,14,8,405
45.0,0,14,9,406
45.0,0,14,10,408
45.0,0,14,11,410
45.0,0,14,12,412
45.0,0,14,13,414
45.0,0,14,14,416
45.0,0,14,15,417
45.0,0,15,0,392
45.0,0,15,1,394
45.0,0,15,2,395
45.0,0,15,3,397
45.0,0,15,4,399
45.0,0,15,5,401
45.0,0,15,6,403
45.0,0,15,7,405
45.0,0,15,8,407
45.0,0,15,9,409
45.0,0,15,10,410
45.0,0,15,11,412
45.0,0,15,12,414
45.0,0,15,13,416
45.0,0,15,14,418
45.0,0,15,15,419
45.0,1,0,0,366
45.0,1,0,1,368
45.0,1,0,2,370
45.0,1,0,3,372
45.0,1,0,4,374
45.0,1,0,5,375
45.0,1,0,6,377
45.0,1,0,7,379
45.0,1,0,8,381
45.0,1,0,9,382
45.0,1,0,10,384
45.0,1,0,11,386
45.0,1,0,12,387
45.0,1,0,13,389
45.0,1,0,14,391
45.0,1,0,15,393
45.0,1,1,0,369
45.0,1,1,1,370
45.0,1,1,2,372
45.0,1,1,3,374
45.0,1,1,4,376
45.0,1,1,5,378
45.0,1,1,6,379
45.0,1,1,7,381
45.0,1,1,8,383
45.0,1,1,9,385
45.0,1,1,10,386
45.0,1,1,11,388
45.0,1,1,12,390
45.0,1,1,13,391
45.0,1,1,14,393
45.0,1,1,15,395
45.0,1,2,0,371
45.0,1,2,1,373
45.0,1,2,2,374
45.0,1,2,3,376
45.0,1,2,4,378
45.0,1,2,5,380
45.0,1,2,6,382
45.0,1,2,7,383
45.0,1,2,8,385
45.0,1,2,9,387
45.0,1,2,10,389
45.0,1,2,11,390
45.0,1,2,12,392
45.0,1,2,13,394
45.0,1,2,14,396
45.0,1,2,15,397
45.0,1,3,0,373
45.0,1,3,1,375
45.0,1,3,2,377
45.0,1,3,3,378
45.0,1,3,4,380
45.0,1,3,5,382
45.0,1,3,6,384
45.0,1,3,7,386
45.0,1,3,8,387
45.0,1,3,9,389
45.0,1,3,10,391
45.0,1,3,11,393
45.0,1,3,12,394
45.0,1,3,13,396
45.0,1,3,14,398
45.0,1,3,15,400
45.0,1,4,0,375
45.0,1,4,1,377
45.0,1,4,2,379
45.0,1,4,3,381
45.0,1,4,4,382
45.0,1,4,5,384
45.0,1,4,6,386
45.0,1,4,7,388
45.0,1,4,8,390
45.0,1,4,9,391
45.0,1,4,10,393
45.0,1,4,11,395
45.0,1,4,12,397
45.0,1,4,13,398
45.0,1,4,14,400
45.0,1,4,15,402
45.0,1,5,0,377
45.0,1,5,1,379
45.0,1,5,2,381
45.0,1,5,3,383
45.0,1,5,4,385
45.0,1,5,5,387
45.0,1,5,6,388
45.0,1,5,7,390
45.0,1,5,8,392
45.0,1,5,9,394
45.0,1,5,10,395
45.0,1,5,11,397
45.0,1,5,12,399
45.0,1,5,13,401
45.0,1,5,14,402
45.0,1,5,15,404
45.0,1,6,0,379
45.0,1,6,1,381
45.0,1,6,2,383
45.0,1,6,3,385
45.0,1,6,4,387
45.0,1,6,5,389
45.0,1,6,6,391
45.0,1,6,7,392
45.0,1,6,8,394
45.0,1,6,9,396
45.0,1,6,10,398
45.0,1,6,11,399
45.0,1,6,12,401
45.0,1,6,13,403
45.0,1,6,14,405
45.0,1,6,15,406
45.0,1,7,0,382
45.0,1,7,1,383
45.0,1,7,2,385
45.0,1,7,3,387
45.0,1,7,4,389
45.0,1,7,5,391
45.0,1,7,6,393
45.0,1,7,7,395
45.0,1,7,8,396
45.0,1,7,9,398
45.0,1,7,10,400
45.0,1,7,11,402
45.0,1,7,12,403
45.0,1,7,13,405
45.0,1,7,14,407
45.0,1,7,15,409
45.0,1,8,0,384
45.0,1,8,1,386
45.0,1,8,2,387
45.0,1,8,3,389
45.0,1,8,4,391
45.0,1,8,5,393
45.0,1,8,6,395
45.0,1,8,7,397
45.0,1,8,8,399
45.0,1,8,9,400
45.0,1,8,10,402
45.0,1,8,11,404
45.0,1,8,12,406
45.0,1,8,13,407
45.0,1,8,14,409
45.0,1,8,15,411
45.0,1,9,0,386
45.0,1,9,1,388
45.0,1,9,2,390
45.0,1,9,3,391
45.0,1,9,4,393
45.0,1,9,5,395
45.0,1,9,6,397
45.0,1,9,7,399
45.0,1,9,8,401
45.0,1,9,9,403
45.0,1,9,10,404
45.0,1,9,11,406
45.0,1,9,12,408
45.0,1,9,13,410
45.0,1,9,14,412
45.0,1,9,15,413
45.0,1,10,0,388
45.0,1,10,1,390
45.0,1,10,2,392
45.0,1,10,3,394
45.0,1,10,4,395
45.0,1,10,5,397
45.0,1,10,6,399
45.0,1,10,7,401
45.0,1,10,8,403
45.0,1,10,9,405
45.0,1,10,10,407
45.0,1,10,11,408
45.0,1,10,12,410
45.0,1,10,13,412
45.0,1,10,14,414
45.0,1,10,15,416
45.0,1,11,0,390
45.0,1,11,1,392
45.0,1,11,2,394
45.0,1,11,3,396
45.0,1,11,4,398
45.0,1,11,5,399
45.0,1,11,6,401
45.0,1,11,7,403
45.0,1,11,8,405
45.0,1,11,9,407
45.0,1,11,10,409
45.0,1,11,11,411
45.0,1,11,12,412
45.0,1,11,13,414
45.0,1,11,14,416
45.0,1,11,15,418
45.0,1,12,0,392
45.0,1,12,1,394
45.0,1,12,2,396
45.0,1,12,3,398
45.0,1,12,4,400
45.0,1,12,5,402
45.0,1,12,6,403
45.0,1,12,7,405
45.0,1,12,8,407
45.0,1,12,9,409
45.0,1,12,10,411
45.0,1,12,11,413
45.0,1,12,12,415
45.0,1,12,13,416
45.0,1,12,14,418
45.0,1,12,15,420
45.0,1,13,0,394
45.0,1,13,1,396
45.0,1,13,2,398
45.0,1,13,3,400
45.0,1,13,4,402
45.0,1,13,5,404
45.0,1,13,6,406
45.0,1,13,7,407
45.0,1,13,8,409
45.0,1,13,9,411
45.0,1,13,10,413
45.0,1,13,11,415
45.0,1,13,12,417
45.0,1,13,13,419
45.0,1,13,14,420
45.0,1,13,15,422
45.0,1,14,0,396
45.0,1,14,1,398
45.0,1,14,2,400
45.0,1,14,3,402
45.0,1,14,4,404
45.0,1,14,5,406
45.0,1,14,6,408
45.0,1,14,7,410
45.0,1,14,8,411
45.0,1,14,9,413
45.0,1,14,10,415
45.0,1,14,11,417
45.0,1,14,12,419
45.0,1,14,13,421
45.0,1,14,14,423
45.0,1,14,15,424
45.0,1,15,0,398
45.0,1,15,1,400
45.0,1,15,2,402
45.0,1,15,3,404
45.0,1,15,4,406
45.0,1,15,5,408
45.0,1,15,6,410
45.0,1,15,7,412
45.0,1,15,8,414
45.0,1,15,9,415
45.0,1,15,10,417
45.0,1,15,11,419
45.0,1,15,12,421
45.0,1,15,13,423
45.0,1,15,14,425
45.0,1,15,15,427
45.0,2,0,0,373
45.0,2,0,1,374
45.0,2,0,2,376
45.0,2,0,3,378
45.0,2,0,4,380
45.0,2,0,5,382
45.0,2,0,6,383
45.0,2,0,7,385
45.0,2,0,8,387
45.0,2,0,9,389
45.0,2,0,10,390
45.0,2,0,11,392
45.0,2,0,12,394
45.0,2,0,13,396
45.0,2,0,14,397
45.0,2,0,15,399
45.0,2,1,0,375
45.0,2,1,1,377
45.0,2,1,2,378
45.0,2,1,3,380
45.0,2,1,4,382
45.0,2,1,5,384
45.0,2,1,6,386
45.0,2,1,7,387
45.0,2,1,8,389
45.0,2,1,9,391
45.0,2,1,10,393
45.0,2,1,11,395
45.0,2,1,12,396
45.0,2,1,13,398
45.0,2,1,14,400
45.0,2,1,15,401
45.0,2,2,0,377
45.0,2,2,1,379
45.0,2,2,2,381
45.0,2,2,3,383
45.0,2,2,4,384
45.0,2,2,5,386
45.0,2,2,6,388
45.0,2,2,7,390
45.0,2,2,8,392
45.0,2,2,9,393
45.0,2,2,10,395
45.0,2,2,11,397
45.0,2,2,12,399
45.0,2,2,13,400
45.0,2,2,14,402
45.0,2,2,15,404
45.0,2,3,0,379
45.0,2,3,1,381
45.0,2,3,2,383
45.0,2,3,3,385
45.0,2,3,4,387
45.0,2,3,5,388
45.0,2,3,6,390
45.0,2,3,7,392
45.0,2,3,8,394
45.0,2,3,9,396
45.0,2,3,10,397
45.0,2,3,11,399
45.0,2,3,12,401
45.0,2,3,13,403
45.0,2,3,14,404
45.0,2,3,15,406
45.0,2,4,0,381
45.0,2,4,1,383
45.0,2,4,2,385
45.0,2,4,3,387
45.0,2,4,4,389
45.0,2,4,5,391
45.0,2,4,6,393
45.0,2,4,7,394
45.0,2,4,8,396
45.0,2,4,9,398
45.0,2,4,10,400
45.0,2,4,11,402
45.0,2,4,12,403
45.0,2,4,13,405
45.0,2,4,14,407
45.0,2,4,15,409
45.0,2,5,0,384
45.0,2,5,1,386
45.0,2,5,2,387
45.0,2,5,3,389
45.0,2,5,4,391
45.0,2,5,5,393
45.0,2,5,6,395
45.0,2,5,7,397
45.0,2,5,8,398
45.0,2,5,9,400
45.0,2,5,10,402
45.0,2,5,11,404
45.0,2,5,12,406
45.0,2,5,13,407
45.0,2,5,14,409
45.0,2,5,15,411
45.0,2,6,0,386
45.0,2,6,1,388
45.0,2,6,2,390
45.0,2,6,3,391
45.0,2,6,4,393
45.0,2,6,5,395
45.0,2,6,6,397
45.0,2,6,7,399
45.0,2,6,8,401
45.0,2,6,9,403
45.0,2,6,10,404
45.0,2,6,11,406
45.0,2,6,12,408
45.0,2,6,13,410
45.0,2,6,14,411
45.0,2,6,15,413
45.0,2,7,0,388
45.0,2,7,1,390
45.0,2,7,2,392
45.0,2,7,3,394
45.0,2,7,4,396
45.0,2,7,5,397
45.0,2,7,6,399
45.0,2,7,7,401
45.0,2,7,8,403
45.0,2,7,9,405
45.0,2,7,10,407
45.0,2,7,11,408
45.0,2,7,12,410
45.0,2,7,13,412
45.0,2,7,14,414
45.0,2,7,15,416
45.0,2,8,0,390
45.0,2,8,1,392
45.0,2,8,2,394
45.0,2,8,3,396
45.0,2,8,4,398
45.0,2,8,5,400
45.0,2,8,6,401
45.0,2,8,7,403
45.0,2,8,8,405
45.0,2,8,9,407
45.0,2,8,10,409
45.0,2,8,11,411
45.0,2,8,12,412
45.0,2,8,13,414
45.0,2,8,14,416
45.0,2,8,15,418
45.0,2,9,0,392
45.0,2,9,1,394
45.0,2,9,2,396
45.0,2,9,3,398
45.0,2,9,4,400
45.0,2,9,5,402
45.0,2,9,6,404
45.0,2,9,7,406
45.0,2,9,8,407
45.0,2,9,9,409
45.0,2,9,10,411
45.0,2,9,11,413
45.0,2,9,12,415
45.0,2,9,13,417
45.0,2,9,14,418
45.0,2,9,15,420
45.0,2,10,0,394
45.0,2,10,1,396
45.0,2,10,2,398
45.0,2,10,3,400
45.0,2,10,4,402
45.0,2,10,5,404
45.0,2,10,6,406
45.0,2,10,7,408
45.0,2,10,8,410
45.0,2,10,9,411
45.0,2,10,10,413
45.0,2,10,11,415
45.0,2,10,12,417
45.0,2,10,13,419
45.0,2,10,14,421
45.0,2,10,15,422
45.0,2,11,0,397
45.0,2,11,1,398
45.0,2,11,2,400
45.0,2,11,3,402
45.0,2,11,4,404
45.0,2,11,5,406
45.0,2,11,6,408
45.0,2,11,7,410
45.0,2,11,8,412
45.0,2,11,9,414
45.0,2,11,10,416
45.0,2,11,11,417
45.0,2,11,12,419
45.0,2,11,13,421
45.0,2,11,14,423
45.0,2,11,15,425
45.0,2,12,0,399
45.0,2,12,1,401
45.0,2,12,2,403
45.0,2,12,3,404
45.0,2,12,4,406
45.0,2,12,5,408
45.0,2,12,6,410
45.0,2,12,7,412
45.0,2,12,8,414
45.0,2,12,9,416
45.0,2,12,10,418
45.0,2,12,11,420
45.0,2,12,12,421
45.0,2,12,13,423
45.0,2,12,14,425
45.0,2,12,15,427
45.0,2,13,0,401
45.0,2,13,1,403
45.0,2,13,2,405
45.0,2,13,3,407
45.0,2,13,4,409
45.0,2,13,5,410
45.0,2,13,6,412
45.0,2,13,7,414
45.0,2,13,8,416
45.0,2,13,9,418
45.0,2,13,10,420
45.0,2,13,11,422
45.0,2,13,12,424
45.0,2,13,13,426
45.0,2,13,14,427
45.0,2,13,15,429
45.0,2,14,0,403
45.0,2,14,1,405
45.0,2,14,2,407
45.0,2,14,3,409
45.0,2,14,4,411
45.0,2,14,5,413
45.0,2,14,6,415
45.0,2,14,7,416
45.0,2,14,8,418
45.0,2,14,9,420
45.0,2,14,10,422
45.0,2,14,11,424
45.0,2,14,12,426
45.0,2,14,13,428
45.0,2,14,14,430
45.0,2,14,15,431
45.0,2,15,0,405
45.0,2,15,1,407
45.0,2,15,2,409
45.0,2,15,3,411
45.0,2,15,4,413
45.0,2,15,5,415
45.0,2,15,6,417
45.0,2,15,7,419
45.0,2,15,8,420
45.0,2,15,9,422
45.0,2,15,10,424
45.0,2,15,11,426
45.0,2,15,12,428
45.0,2,15,13,430
45.0,2,15,14,432
45.0,2,15,15,434
45.0,3,0,0,379
45.0,3,0,1,381
45.0,3,0,2,382
45.0,3,0,3,384
45.0,3,0,4,386
45.0,3,0,5,388
45.0,3,0,6,390
45.0,3,0,7,391
45.0,3,0,8,393
45.0,3,0,9,395
45.0,3,0,10,397
45.0,3,0,11,399
45.0,3,0,12,400
45.0,3,0,13,402
45.0,3,0,14,404
45.0,3,0,15,406
45.0,3,1,0,381
45.0,3,1,1,383
45.0,3,1,2,385
45.0,3,1,3,387
45.0,3,1,4,388
45.0,3,1,5,390
45.0,3,1,6,392
45.0,3,1,7,394
45.0,3,1,8,396
45.0,3,1,9,397
45.0,3,1,10,399
45.0,3,1,11,401
45.0,3,1,12,403
45.0,3,1,13,405
45.0,3,1,14,406
45.0,3,1,15,408
45.0,3,2,0,383
45.0,3,2,1,385
45.0,3,2,2,387
45.0,3,2,3,389
45.0,3,2,4,391
45.0,3,2,5,393
45.0,3,2,6,394
45.0,3,2,7,396
45.0,3,2,8,398
45.0,3,2,9,400
45.0,3,2,10,402
45.0,3,2,11,403
45.0,3,2,12,405
45.0,3,2,13,407
45.0,3,2,14,409
45.0,3,2,15,410
45.0,3,3,0,385
45.0,3,3,1,387
45.0,3,3,2,389
45.0,3,3,3,391
45.0,3,3,4,393
45.0,3,3,5,395
45.0,3,3,6,397
45.0,3,3,7,399
45.0,3,3,8,400
45.0,3,3,9,402
45.0,3,3,10,404
45.0,3,3,11,406
45.0,3,3,12,408
45.0,3,3,13,409
45.0,3,3,14,411
45.0,3,3,15,413
45.0,3,4,0,388
45.0,3,4,1,390
45.0,3,4,2,392
45.0,3,4,3,393
45.0,3,4,4,395
45.0,3,4,5,397
45.0,3,4,6,399
45.0,3,4,7,401
45.0,3,4,8,403
45.0,3,4,9,404
45.0,3,4,10,406
45.0,3,4,11,408
45.0,3,4,12,410
45.0,3,4,13,412
45.0,3,4,14,414
45.0,3,4,15,415
45.0,3,5,0,390
45.0,3,5,1,392
45.0,3,5,2,394
45.0,3,5,3,396
45.0,3,5,4,398
45.0,3,5,5,399
45.0,3,5,6,401
45.0,3,5,7,403
45.0,3,5,8,405
45.0,3,5,9,407
45.0,3,5,10,409
45.0,3,5,11,410
45.0,3,5,12,412
45.0,3,5,13,414
45.0,3,5,14,416
45.0,3,5,15,418
45.0,3,6,0,392
45.0,3,6,1,394
45.0,3,6,2,396
45.0,3,6,3,398
45.0,3,6,4,400
45.0,3,6,5,402
45.0,3,6,6,404
45.0,3,6,7,405
45.0,3,6,8,407
45.0,3,6,9,409
45.0,3,6,10,411
45.0,3,6,11,413
45.0,3,6,12,415
45.0,3,6,13,416
45.0,3,6,14,418
45.0,3,6,15,420
45.0,3,7,0,394
45.0,3,7,1,396
45.0,3,7,2,398
45.0,3,7,3,400
45.0,3,7,4,402
45.0,3,7,5,404
45.0,3,7,6,406
45.0,3,7,7,408
45.0,3,7,8,410
45.0,3,7,9,411
45.0,3,7,10,413
45.0,3,7,11,415
45.0,3,7,12,417
45.0,3,7,13,419
45.0,3,7,14,421
45.0,3,7,15,422
45.0,3,8,0,397
45.0,3,8,1,398
45.0,3,8,2,400
45.0,3,8,3,402
45.0,3,8,4,404
45.0,3,8,5,406
45.0,3,8,6,408
45.0,3,8,7,410
45.0,3,8,8,412
45.0,3,8,9,414
45.0,3,8,10,416
45.0,3,8,11,417
45.0,3,8,12,419
45.0,3,8,13,421
45.0,3,8,14,423
45.0,3,8,15,425
45.0,3,9,0,399
45.0,3,9,1,401
45.0,3,9,2,403
45.0,3,9,3,405
45.0,3,9,4,406
45.0,3,9,5,408
45.0,3,9,6,410
45.0,3,9,7,412
45.0,3,9,8,414
45.0,3,9,9,416
45.0,3,9,10,418
45.0,3,9,11,420
45.0,3,9,12,422
45.0,3,9,13,423
45.0,3,9,14,425
45.0,3,9,15,427
45.0,3,10,0,401
45.0,3,10,1,403
45.0,3,10,2,405
45.0,3,10,3,407
45.0,3,10,4,409
45.0,3,10,5,411
45.0,3,10,6,413
45.0,3,10,7,414
45.0,3,10,8,416
45.0,3,10,9,418
45.0,3,10,10,420
45.0,3,10,11,422
45.0,3,10,12,424
45.0,3,10,13,426
45.0,3,10,14,428
45.0,3,10,15,429
45.0,3,11,0,403
45.0,3,11,1,405
45.0,3,11,2,407
45.0,3,11,3,409
45.0,3,11,4,411
45.0,3,11,5,413
45.0,3,11,6,415
45.0,3,11,7,417
45.0,3,11,8,419
45.0,3,11,9,420
45.0,3,11,10,422
45.0,3,11,11,424
45.0,3,11,12,426
45.0,3,11,13,428
45.0,3,11,14,430
45.0,3,11,15,432
45.0,3,12,0,405
45.0,3,12,1,407
45.0,3,12,2,409
45.0,3,12,3,411
45.0,3,12,4,413
45.0,3,12,5,415
45.0,3,12,6,417
45.0,3,12,7,419
45.0,3,12,8,421
45.0,3,12,9,423
45.0,3,12,10,425
45.0,3,12,11,426
45.0,3,12,12,428
45.0,3,12,13,430
45.0,3,12,14,432
45.0,3,12,15,434
45.0,3,13,0,407
45.0,3,13,1,409
45.0,3,13,2,411
45.0,3,13,3,413
45.0,3,13,4,415
45.0,3,13,5,417
45.0,3,13,6,419
45.0,3,13,7,421
45.0,3,13,8,423
45.0,3,13,9,425
45.0,3,13,10,427
45.0,3,13,11,429
45.0,3,13,12,431
45.0,3,13,13,433
45.0,3,13,14,434
45.0,3,13,15,436
45.0,3,14,0,409
45.0,3,14,1,411
45.0,3,14,2,413
45.0,3,14,3,415
45.0,3,14,4,417
45.0,3,14,5,419
45.0,3,14,6,421
45.0,3,14,7,423
45.0,3,14,8,425
45.0,3,14,9,427
45.0,3,14,10,429
45.0,3,14,11,431
45.0,3,14,12,433
45.0,3,14,13,435
45.0,3,14,14,437
45.0,3,14,15,439
45.0,3,15,0,412
45.0,3,15,1,414
45.0,3,15,2,416
45.0,3,15,3,418
45.0,3,15,4,420
45.0,3,15,5,422
45.0,3,15,6,423
45.0,3,15,7,425
45.0,3,15,8,427
45.0,3,15,9,429
45.0,3,15,10,431
45.0,3,15,11,433
45.0,3,15,12,435
45.0,3,15,13,437
45.0,3,15,14,439
45.0,3,15,15,441
45.0,4,0,0,385
45.0,4,0,1,387
45.0,4,0,2,389
45.0,4,0,3,390
45.0,4,0,4,392
45.0,4,0,5,394
45.0,4,0,6,396
45.0,4,0,7,398
45.0,4,0,8,400
45.0,4,0,9,401
45.0,4,0,10,403
45.0,4,0,11,405
45.0,4,0,12,407
45.0,4,0,13,409
45.0,4,0,14,410
45.0,4,0,15,412
45.0,4,1,0,387
45.0,4,1,1,389
45.0,4,1,2,391
45.0,4,1,3,393
45.0,4,1,4,395
45.0,4,1,5,397
45.0,4,1,6,398
45.0,4,1,7,400
45.0,4,1,8,402
45.0,4,1,9,404
45.0,4,1,10,406
45.0,4,1,11,407
45.0,4,1,12,409
45.0,4,1,13,411
45.0,4,1,14,413
45.0,4,1,15,415
45.0,4,2,0,389
45.0,4,2,1,391
45.0,4,2,2,393
45.0,4,2,3,395
45.0,4,2,4,397
45.0,4,2,5,399
45.0,4,2,6,401
45.0,4,2,7,403
45.0,4,2,8,404
45.0,4,2,9,406
45.0,4,2,10,408
45.0,4,2,11,410
45.0,4,2,12,412
45.0,4,2,13,414
45.0,4,2,14,415
45.0,4,2,15,417
45.0,4,3,0,392
45.0,4,3,1,394
45.0,4,3,2,396
45.0,4,3,3,397
45.0,4,3,4,399
45.0,4,3,5,401
45.0,4,3,6,403
45.0,4,3,7,405
45.0,4,3,8,407
45.0,4,3,9,409
45.0,4,3,10,410
45.0,4,3,11,412
45.0,4,3,12,414
45.0,4,3,13,416
45.0,4,3,14,418
45.0,4,3,15,420
45.0,4,4,0,394
45.0,4,4,1,396
45.0,4,4,2,398
45.0,4,4,3,400
45.0,4,4,4,402
45.0,4,4,5,404
45.0,4,4,6,405
45.0,4,4,7,407
45.0,4,4,8,409
45.0,4,4,9,411
45.0,4,4,10,413
45.0,4,4,11,415
45.0,4,4,12,417
45.0,4,4,13,418
45.0,4,4,14,420
45.0,4,4,15,422
45.0,4,5,0,396
45.0,4,5,1,398
45.0,4,5,2,400
45.0,4,5,3,402
45.0,4,5,4,404
45.0,4,5,5,406
45.0,4,5,6,408
45.0,4,5,7,410
45.0,4,5,8,412
45.0,4,5,9,413
45.0,4,5,10,415
45.0,4,5,11,417
45.0,4,5,12,419
45.0,4,5,13,421
45.0,4,5,14,423
45.0,4,5,15,424
45.0,4,6,0,398
45.0,4,6,1,400
45.0,4,6,2,402
45.0,4,6,3,404
45.0,4,6,4,406
45.0,4,6,5,408
45.0,4,6,6,410
45.0,4,6,7,412
45.0,4,6,8,414
45.0,4,6,9,416
45.0,4,6,10,418
45.0,4,6,11,419
45.0,4,6,12,421
45.0,4,6,13,423
45.0,4,6,14,425
45.0,4,6,15,427
45.0,4,7,0,401
45.0,4,7,1,403
45.0,4,7,2,405
45.0,4,7,3,407
45.0,4,7,4,409
45.0,4,7,5,410
45.0,4,7,6,412
45.0,4,7,7,414
45.0,4,7,8,416
45.0,4,7,9,418
45.0,4,7,10,420
45.0,4,7,11,422
45.0,4,7,12,424
45.0,4,7,13,426
45.0,4,7,14,427
45.0,4,7,15,429
45.0,4,8,0,403
45.0,4,8,1,405
45.0,4,8,2,407
45.0,4,8,3,409
45.0,4,8,4,411
45.0,4,8,5,413
45.0,4,8,6,415
45.0,4,8,7,417
45.0,4,8,8,418
45.0,4,8,9,420
45.0,4,8,10,422
45.0,4,8,11,424
45.0,4,8,12,426
45.0,4,8,13,428
45.0,4,8,14,430
45.0,4,8,15,432
45.0,4,9,0,405
45.0,4,9,1,407
45.0,4,9,2,409
45.0,4,9,3,411
45.0,4,9,4,413
45.0,4,9,5,415
45.0,4,9,6,417
45.0,4,9,7,419
45.0,4,9,8,421
45.0,4,9,9,423
45.0,4,9,10,425
45.0,4,9,11,426
45.0,4,9,12,428
45.0,4,9,13,430
45.0,4,9,14,432
45.0,4,9,15,434
45.0,4,10,0,407
45.0,4,10,1,409
45.0,4,10,2,411
45.0,4,10,3,413
45.0,4,10,4,415
45.0,4,10,5,417
45.0,4,10,6,419
45.0,4,10,7,421
45.0,4,10,8,423
45.0,4,10,9,425
45.0,4,10,10,427
45.0,4,10,11,429
45.0,4,10,12,431
45.0,4,10,13,433
45.0,4,10,14,434
45.0,4,10,15,436
45.0,4,11,0,410
45.0,4,11,1,412
45.0,4,11,2,414
45.0,4,11,3,416
45.0,4,11,4,418
45.0,4,11,5,419
45.0,4,11,6,421
45.0,4,11,7,423
45.0,4,11,8,425
45.0,4,11,9,427
45.0,4,11,10,429
45.0,4,11,11,431
45.0,4,11,12,433
45.0,4,11,13,435
45.0,4,11,14,437
45.0,4,11,15,439
45.0,4,12,0,412
45.0,4,12,1,414
45.0,4,12,2,416
45.0,4,12,3,418
45.0,4,12,4,420
45.0,4,12,5,422
45.0,4,12,6,424
45.0,4,12,7,426
45.0,4,12,8,428
45.0,4,12,9,430
45.0,4,12,10,431
45.0,4,12,11,433
45.0,4,12,12,435
45.0,4,12,13,437
45.0,4,12,14,439
45.0,4,12,15,441
45.0,4,13,0,414
45.0,4,13,1,416
45.0,4,13,2,418
45.0,4,13,3,420
45.0,4,13,4,422
45.0,4,13,5,424
45.0,4,13,6,426
45.0,4,13,7,428
45.0,4,13,8,430
45.0,4,13,9,432
45.0,4,13,10,434
45.0,4,13,11,436
45.0,4,13,12,438
45.0,4,13,13,440
45.0,4,13,14,441
45.0,4,13,15,443
45.0,4,14,0,416
45.0,4,14,1,418
45.0,4,14,2,420
45.0,4,14,3,422
45.0,4,14,4,424
45.0,4,14,5,426
45.0,4,14,6,428
45.0,4,14,7,430
45.0,4,14,8,432
45.0,4,14,9,434
45.0,4,14,10,436
45.0,4,14,11,438
45.0,4,14,12,440
45.0,4,14,13,442
45.0,4,14,14,444
45.0,4,14,15,446
45.0,4,15,0,418
45.0,4,15,1,420
45.0,4,15,2,422
45.0,4,15,3,424
45.0,4,15,4,426
45.0,4,15,5,428
45.0,4,15,6,430
45.0,4,15,7,432
45.0,4,15,8,434
45.0,4,15,9,436
45.0,4,15,10,438
45.0,4,15,11,440
45.0,4,15,12,442
45.0,4,15,13,444
45.0,4,15,14,446
45.0,4,15,15,448
45.0,5,0,0,391
45.0,5,0,1,393
45.0,5,0,2,395
45.0,5,0,3,397
45.0,5,0,4,399
45.0,5,0,5,400
45.0,5,0,6,402
45.0,5,0,7,404
45.0,5,0,8,406
45.0,5,0,9,408
45.0,5,0,10,410
45.0,5,0,11,411
45.0,5,0,12,413
45.0,5,0,13,415
45.0,5,0,14,417
45.0,5,0,15,419
45.0,5,1,0,393
45.0,5,1,1,395
45.0,5,1,2,397
45.0,5,1,3,399
45.0,5,1,4,401
45.0,5,1,5,403
45.0,5,1,6,405
45.0,5,1,7,407
45.0,5,1,8,408
45.0,5,1,9,410
45.0,5,1,10,412
45.0,5,1,11,414
45.0,5,1,12,416
45.0,5,1,13,418
45.0,5,1,14,419
45.0,5,1,15,421
45.0,5,2,0,396
45.0,5,2,1,398
45.0,5,2,2,399
45.0,5,2,3,401
45.0,5,2,4,403
45.0,5,2,5,405
45.0,5,2,6,407
45.0,5,2,7,409
45.0,5,2,8,411
45.0,5,2,9,413
45.0,5,2,10,415
45.0,5,2,11,416
45.0,5,2,12,418
45.0,5,2,13,420
45.0,5,2,14,422
45.0,5,2,15,424
45.0,5,3,0,398
45.0,5,3,1,400
45.0,5,3,2,402
45.0,5,3,3,404
45.0,5,3,4,406
45.0,5,3,5,408
45.0,5,3,6,409
45.0,5,3,7,411
45.0,5,3,8,413
45.0,5,3,9,415
45.0,5,3,10,417
45.0,5,3,11,419
45.0,5,3,12,421
45.0,5,3,13,423
45.0,5,3,14,424
45.0,5,3,15,426
45.0,5,4,0,400
45.0,5,4,1,402
45.0,5,4,2,404
45.0,5,4,3,406
45.0,5,4,4,408
45.0,5,4,5,410
45.0,5,4,6,412
45.0,5,4,7,414
45.0,5,4,8,416
45.0,5,4,9,418
45.0,5,4,10,419
45.0,5,4,11,421
45.0,5,4,12,423
45.0,5,4,13,425
45.0,5,4,14,427
45.0,5,4,15,429
45.0,5,5,0,403
45.0,5,5,1,405
45.0,5,5,2,406
45.0,5,5,3,408
45.0,5,5,4,410
45.0,5,5,5,412
45.0,5,5,6,414
45.0,5,5,7,416
45.0,5,5,8,418
45.0,5,5,9,420
45.0,5,5,10,422
45.0,5,5,11,424
45.0,5,5,12,426
45.0,5,5,13,427
45.0,5,5,14,429
45.0,5,5,15,431
45.0,5,6,0,405
45.0,5,6,1,407
45.0,5,6,2,409
45.0,5,6,3,411
45.0,5,6,4,413
45.0,5,6,5,415
45.0,5,6,6,417
45.0,5,6,7,419
45.0,5,6,8,420
45.0,5,6,9,422
45.0,5,6,10,424
45.0,5,6,11,426
45.0,5,6,12,428
45.0,5,6,13,430
45.0,5,6,14,432
45.0,5,6,15,434
45.0,5,7,0,407
45.0,5,7,1,409
45.0,5,7,2,411
45.0,5,7,3,413
45.0,5,7,4,415
45.0,5,7,5,417
45.0,5,7,6,419
45.0,5,7,7,421
45.0,5,7,8,423
45.0,5,7,9,425
45.0,5,7,10,427
45.0,5,7,11,429
45.0,5,7,12,430
45.0,5,7,13,432
45.0,5,7,14,434
45.0,5,7,15,436
45.0,5,8,0,409
45.0,5,8,1,411
45.0,5,8,2,413
45.0,5,8,3,415
45.0,5,8,4,417
45.0,5,8,5,419
45.0,5,8,6,421
45.0,5,8,7,423
45.0,5,8,8,425
45.0,5,8,9,427
45.0,5,8,10,429
45.0,5,8,11,431
45.0,5,8,12,433
45.0,5,8,13,435
45.0,5,8,14,437
45.0,5,8,15,438
45.0,5,9,0,412
45.0,5,9,1,414
45.0,5,9,2,416
45.0,5,9,3,418
45.0,5,9,4,420
45.0,5,9,5,422
45.0,5,9,6,424
45.0,5,9,7,426
45.0,5,9,8,427
45.0,5,9,9,429
45.0,5,9,10,431
45.0,5,9,11,433
45.0,5,9,12,435
45.0,5,9,13,437
45.0,5,9,14,439
45.0,5,9,15,441
45.0,5,10,0,414
45.0,5,10,1,416
45.0,5,10,2,418
45.0,5,10,3,420
45.0,5,10,4,422
45.0,5,10,5,424
45.0,5,10,6,426
45.0,5,10,7,428
45.0,5,10,8,430
45.0,5,10,9,432
45.0,5,10,10,434
45.0,5,10,11,436
45.0,5,10,12,438
45.0,5,10,13,439
45.0,5,10,14,441
45.0,5,10,15,443
45.0,5,11,0,416
45.0,5,11,1,418
45.0,5,11,2,420
45.0,5,11,3,422
45.0,5,11,4,424
45.0,5,11,5,426
45.0,5,11,6,428
45.0,5,11,7,430
45.0,5,11,8,432
45.0,5,11,9,434
45.0,5,11,10,436
45.0,5,11,11,438
45.0,5,11,12,440
45.0,5,11,13,442
45.0,5,11,14,444
45.0,5,11,15,446
45.0,5,12,0,418
45.0,5,12,1,420
45.0,5,12,2,422
45.0,5,12,3,424
45.0,5,12,4,426
45.0,5,12,5,428
45.0,5,12,6,430
45.0,5,12,7,432
45.0,5,12,8,434
45.0,5,12,9,436
45.0,5,12,10,438
45.0,5,12,11,440
45.0,5,12,12,442
45.0,5,12,13,444
45.0,5,12,14,446
45.0,5,12,15,448
45.0,5,13,0,420
45.0,5,13,1,423
45.0,5,13,2,425
45.0,5,13,3,427
45.0,5,13,4,429
45.0,5,13,5,431
45.0,5,13,6,433
45.0,5,13,7,435
45.0,5,13,8,437
45.0,5,13,9,439
45.0,5,13,10,441
45.0,5,13,11,443
45.0,5,13,12,445
45.0,5,13,13,446
45.0,5,13,14,448
45.0,5,13,15,450
45.0,5,14,0,423
45.0,5,14,1,425
45.0,5,14,2,427
45.0,5,14,3,429
45.0,5,14,4,431
45.0,5,14,5,433
45.0,5,14,6,435
45.0,5,14,7,437
45.0,5,14,8,439
45.0,5,14,9,441
45.0,5,14,10,443
45.0,5,14,11,445
45.0,5,14,12,447
45.0,5,14,13,449
45.0,5,14,14,451
45.0,5,14,15,453
45.0,5,15,0,425
45.0,5,15,1,427
45.0,5,15,2,429
45.0,5,15,3,431
45.0,5,15,4,433
45.0,5,15,5,435
45.0,5,15,6,437
45.0,5,15,7,439
45.0,5,15,8,441
45.0,5,15,9,443
45.0,5,15,10,445
45.0,5,15,11,447
45.0,5,15,12,449
45.0,5,15,13,451
45.0,5,15,14,453
45.0,5,15,15,455
45.0,6,0,0,397
45.0,6,0,1,399
45.0,6,0,2,401
45.0,6,0,3,403
45.0,6,0,4,405
45.0,6,0,5,407
45.0,6,0,6,409
45.0,6,0,7,410
45.0,6,0,8,412
45.0,6,0,9,414
45.0,6,0,10,416
45.0,6,0,11,418
45.0,6,0,12,420
45.0,6,0,13,422
45.0,6,0,14,423
45.0,6,0,15,425
45.0,6,1,0,399
45.0,6,1,1,401
45.0,6,1,2,403
45.0,6,1,3,405
45.0,6,1,4,407
45.0,6,1,5,409
45.0,6,1,6,411
45.0,6,1,7,413
45.0,6,1,8,415
45.0,6,1,9,417
45.0,6,1,10,419
45.0,6,1,11,420
45.0,6,1,12,422
45.0,6,1,13,424
45.0,6,1,14,426
45.0,6,1,15,428
45.0,6,2,0,402
45.0,6,2,1,404
45.0,6,2,2,406
45.0,6,2,3,408
45.0,6,2,4,410
45.0,6,2,5,412
45.0,6,2,6,413
45.0,6,2,7,415
45.0,6,2,8,417
45.0,6,2,9,419
45.0,6,2,10,421
45.0,6,2,11,423
45.0,6,2,12,425
45.0,6,2,13,427
45.0,6,2,14,429
45.0,6,2,15,430
45.0,6,3,0,404
45.0,6,3,1,406
45.0,6,3,2,408
45.0,6,3,3,410
45.0,6,3,4,412
45.0,6,3,5,414
45.0,6,3,6,416
45.0,6,3,7,418
45.0,6,3,8,420
45.0,6,3,9,422
45.0,6,3,10,424
45.0,6,3,11,425
45.0,6,3,12,427
45.0,6,3,13,429
45.0,6,3,14,431
45.0,6,3,15,433
45.0,6,4,0,407
45.0,6,4,1,409
45.0,6,4,2,410
45.0,6,4,3,412
45.0,6,4,4,414
45.0,6,4,5,416
45.0,6,4,6,418
45.0,6,4,7,420
45.0,6,4,8,422
45.0,6,4,9,424
45.0,6,4,10,426
45.0,6,4,11,428
45.0,6,4,12,430
45.0,6,4,13,432
45.0,6,4,14,434
45.0,6,4,15,435
45.0,6,5,0,409
45.0,6,5,1,411
45.0,6,5,2,413
45.0,6,5,3,415
45.0,6,5,4,417
45.0,6,5,5,419
45.0,6,5,6,421
45.0,6,5,7,423
45.0,6,5,8,425
45.0,6,5,9,427
45.0,6,5,10,428
45.0,6,5,11,430
45.0,6,5,12,432
45.0,6,5,13,434
45.0,6,5,14,436
45.0,6,5,15,438
45.0,6,6,0,411
45.0,6,6,1,413
45.0,6,6,2,415
45.0,6,6,3,417
45.0,6,6,4,419
45.0,6,6,5,421
45.0,6,6,6,423
45.0,6,6,7,425
45.0,6,6,8,427
45.0,6,6,9,429
45.0,6,6,10,431
45.0,6,6,11,433
45.0,6,6,12,435
45.0,6,6,13,437
45.0,6,6,14,439
45.0,6,6,15,440
45.0,6,7,0,413
45.0,6,7,1,415
45.0,6,7,2,418
45.0,6,7,3,420
45.0,6,7,4,422
45.0,6,7,5,423
45.0,6,7,6,425
45.0,6,7,7,427
45.0,6,7,8,429
45.0,6,7,9,431
45.0,6,7,10,433
45.0,6,7,11,435
45.0,6,7,12,437
45.0,6,7,13,439
45.0,6,7,14,441
45.0,6,7,15,443
45.0,6,8,0,416
45.0,6,8,1,418
45.0,6,8,2,420
45.0,6,8,3,422
45.0,6,8,4,424
45.0,6,8,5,426
45.0,6,8,6,428
45.0,6,8,7,430
45.0,6,8,8,432
45.0,6,8,9,434
45.0,6,8,10,436
45.0,6,8,11,438
45.0,6,8,12,440
45.0,6,8,13,441
45.0,6,8,14,443
45.0,6,8,15,445
45.0,6,9,0,418
45.0,6,9,1,420
45.0,6,9,2,422
45.0,6,9,3,424
45.0,6,9,4,426
45.0,6,9,5,428
45.0,6,9,6,430
45.0,6,9,7,432
45.0,6,9,8,434
45.0,6,9,9,436
45.0,6,9,10,438
45.0,6,9,11,440
45.0,6,9,12,442
45.0,6,9,13,444
45.0,6,9,14,446
45.0,6,9,15,448
45.0,6,10,0,420
45.0,6,10,1,422
45.0,6,10,2,424
45.0,6,10,3,426
45.0,6,10,4,428
45.0,6,10,5,431
45.0,6,10,6,433
45.0,6,10,7,435
45.0,6,10,8,437
45.0,6,10,9,438
45.0,6,10,10,440
45.0,6,10,11,442
45.0,6,10,12,444
45.0,6,10,13,446
45.0,6,10,14,448
45.0,6,10,15,450
45.0,6,11,0,423
45.0,6,11,1,425
45.0,6,11,2,427
45.0,6,11,3,429
45.0,6,11,4,431
45.0,6,11,5,433
45.0,6,11,6,435
45.0,6,11,7,437
45.0,6,11,8,439
45.0,6,11,9,441
45.0,6,11,10,443
45.0,6,11,11,445
45.0,6,11,12,447
45.0,6,11,13,449
45.0,6,11,14,451
45.0,6,11,15,453
45.0,6,12,0,425
45.0,6,12,1,427
45.0,6,12,2,429
45.0,6,12,3,431
45.0,6,12,4,433
45.0,6,12,5,435
45.0,6,12,6,437
45.0,6,12,7,439
45.0,6,12,8,441
45.0,6,12,9,443
45.0,6,12,10,445
45.0,6,12,11,447
45.0,6,12,12,449
45.0,6,12,13,451
45.0,6,12,14,453
45.0,6,12,15,455
45.0,6,13,0,427
45.0,6,13,1,429
45.0,6,13,2,431
45.0,6,13,3,433
45.0,6,13,4,435
45.0,6,13,5,437
45.0,6,13,6,439
45.0,6,13,7,441
45.0,6,13,8,443
45.0,6,13,9,446
45.0,6,13,10,448
45.0,6,13,11,450
45.0,6,13,12,451
45.0,6,13,13,453
45.0,6,13,14,455
45.0,6,13,15,457
45.0,6,14,0,429
45.0,6,14,1,431
45.0,6,14,2,433
45.0,6,14,3,436
45.0,6,14,4,438
45.0,6,14,5,440
45.0,6,14,6,442
45.0,6,14,7,444
45.0,6,14,8,446
45.0,6,14,9,448
45.0,6,14,10,450
45.0,6,14,11,452
45.0,6,14,12,454
45.0,6,14,13,456
45.0,6,14,14,458
45.0,6,14,15,460
45.0,6,15,0,431
45.0,6,15,1,434
45.0,6,15,2,436
45.0,6,15,3,438
45.0,6,15,4,440
45.0,6,15,5,442
45.0,6,15,6,444
45.0,6,15,7,446
45.0,6,15,8,448
45.0,6,15,9,450
45.0,6,15,10,452
45.0,6,15,11,454
45.0,6,15,12,456
45.0,6,15,13,458
45.0,6,15,14,460
45.0,6,15,15,462
45.0,7,0,0,403
45.0,7,0,1,405
45.0,7,0,2,407
45.0,7,0,3,409
45.0,7,0,4,411
45.0,7,0,5,413
45.0,7,0,6,415
45.0,7,0,7,417
45.0,7,0,8,419
45.0,7,0,9,421
45.0,7,0,10,422
45.0,7,0,11,424
45.0,7,0,12,426
45.0,7,0,13,428
45.0,7,0,14,430
45.0,7,0,15,432
45.0,7,1,0,406
45.0,7,1,1,408
45.0,7,1,2,410
45.0,7,1,3,412
45.0,7,1,4,413
45.0,7,1,5,415
45.0,7,1,6,417
45.0,7,1,7,419
45.0,7,1,8,421
45.0,7,1,9,423
45.0,7,1,10,425
45.0,7,1,11,427
45.0,7,1,12,429
45.0,7,1,13,431
45.0,7,1,14,433
45.0,7,1,15,434
45.0,7,2,0,408
45.0,7,2,1,410
45.0,7,2,2,412
45.0,7,2,3,414
45.0,7,2,4,416
45.0,7,2,5,418
45.0,7,2,6,420
45.0,7,2,7,422
45.0,7,2,8,424
45.0,7,2,9,426
45.0,7,2,10,428
45.0,7,2,11,429
45.0,7,2,12,431
45.0,7,2,13,433
45.0,7,2,14,435
45.0,7,2,15,437
45.0,7,3,0,410
45.0,7,3,1,412
45.0,7,3,2,414
45.0,7,3,3,416
45.0,7,3,4,418
45.0,7,3,5,420
45.0,7,3,6,422
45.0,7,3,7,424
45.0,7,3,8,426
45.0,7,3,9,428
45.0,7,3,10,430
45.0,7,3,11,432
45.0,7,3,12,434
45.0,7,3,13,436
45.0,7,3,14,438
45.0,7,3,15,440
45.0,7,4,0,413
45.0,7,4,1,415
45.0,7,4,2,417
45.0,7,4,3,419
45.0,7,4,4,421
45.0,7,4,5,423
45.0,7,4,6,425
45.0,7,4,7,427
45.0,7,4,8,429
45.0,7,4,9,431
45.0,7,4,10,433
45.0,7,4,11,434
45.0,7,4,12,436
45.0,7,4,13,438
45.0,7,4,14,440
45.0,7,4,15,442
45.0,7,5,0,415
45.0,7,5,1,417
45.0,7,5,2,419
45.0,7,5,3,421
45.0,7,5,4,423
45.0,7,5,5,425
45.0,7,5,6,427
45.0,7,5,7,429
45.0,7,5,8,431
45.0,7,5,9,433
45.0,7,5,10,435
45.0,7,5,11,437
45.0,7,5,12,439
45.0,7,5,13,441
45.0,7,5,14,443
45.0,7,5,15,445
45.0,7,6,0,417
45.0,7,6,1,420
45.0,7,6,2,422
45.0,7,6,3,424
45.0,7,6,4,426
45.0,7,6,5,428
45.0,7,6,6,430
45.0,7,6,7,432
45.0,7,6,8,434
45.0,7,6,9,436
45.0,7,6,10,438
45.0,7,6,11,439
45.0,7,6,12,441
45.0,7,6,13,443
45.0,7,6,14,445
45.0,7,6,15,447
45.0,7,7,0,420
45.0,7,7,1,422
45.0,7,7,2,424
45.0,7,7,3,426
45.0,7,7,4,428
45.0,7,7,5,430
45.0,7,7,6,432
45.0,7,7,7,434
45.0,7,7,8,436
45.0,7,7,9,438
45.0,7,7,10,440
45.0,7,7,11,442
45.0,7,7,12,444
45.0,7,7,13,446
45.0,7,7,14,448
45.0,7,7,15,450
45.0,7,8,0,422
45.0,7,8,1,424
45.0,7,8,2,426
45.0,7,8,3,428
45.0,7,8,4,430
45.0,7,8,5,432
45.0,7,8,6,434
45.0,7,8,7,436
45.0,7,8,8,438
45.0,7,8,9,440
45.0,7,8,10,442
45.0,7,8,11,444
45.0,7,8,12,446
45.0,7,8,13,448
45.0,7,8,14,450
45.0,7,8,15,452
45.0,7,9,0,424
45.0,7,9,1,427
45.0,7,9,2,429
45.0,7,9,3,431
45.0,7,9,4,433
45.0,7,9,5,435
45.0,7,9,6,437
45.0,7,9,7,439
45.0,7,9,8,441
45.0,7,9,9,443
45.0,7,9,10,445
45.0,7,9,11,447
45.0,7,9,12,449
45.0,7,9,13,451
45.0,7,9,14,453
45.0,7,9,15,455
45.0,7,10,0,427
45.0,7,10,1,429
45.0,7,10,2,431
45.0,7,10,3,433
45.0,7,10,4,435
45.0,7,10,5,437
45.0,7,10,6,439
45.0,7,10,7,441
45.0,7,10,8,443
45.0,7,10,9,445
45.0,7,10,10,447
45.0,7,10,11,449
45.0,7,10,12,451
45.0,7,10,13,453
45.0,7,10,14,455
45.0,7,10,15,457
45.0,7,11,0,429
45.0,7,11,1,431
45.0,7,11,2,433
45.0,7,11,3,435
45.0,7,11,4,437
45.0,7,11,5,439
45.0,7,11,6,442
45.0,7,11,7,444
45.0,7,11,8,446
45.0,7,11,9,448
45.0,7,11,10,450
45.0,7,11,11,452
45.0,7,11,12,454
45.0,7,11,13,456
45.0,7,11,14,458
45.0,7,11,15,460
45.0,7,12,0,431
45.0,7,12,1,433
45.0,7,12,2,436
45.0,7,12,3,438
45.0,7,12,4,440
45.0,7,12,5,442
45.0,7,12,6,444
45.0,7,12,7,446
45.0,7,12,8,448
45.0,7,12,9,450
45.0,7,12,10,452
45.0,7,12,11,454
45.0,7,12,12,456
45.0,7,12,13,458
45.0,7,12,14,460
45.0,7,12,15,462
45.0,7,13,0,434
45.0,7,13,1,436
45.0,7,13,2,438
45.0,7,13,3,440
45.0,7,13,4,442
45.0,7,13,5,444
45.0,7,13,6,446
45.0,7,13,7,448
45.0,7,13,8,450
45.0,7,13,9,452
45.0,7,13,10,454
45.0,7,13,11,456
45.0,7,13,12,458
45.0,7,13,13,460
45.0,7,13,14,462
45.0,7,13,15,464
45.0,7,14,0,436
45.0,7,14,1,438
45.0,7,14,2,440
45.0,7,14,3,442
45.0,7,14,4,444
45.0,7,14,5,446
45.0,7,14,6,449
45.0,7,14,7,451
45.0,7,14,8,453
45.0,7,14,9,455
45.0,7,14,10,457
45.0,7,14,11,459
45.0,7,14,12,461
45.0,7,14,13,463
45.0,7,14,14,465
45.0,7,14,15,467
45.0,7,15,0,438
45.0,7,15,1,440
45.0,7,15,2,442
45.0,7,15,3,445
45.0,7,15,4,447
45.0,7,15,5,449
45.0,7,15,6,451
45.0,7,15,7,453
45.0,7,15,8,455
45.0,7,15,9,457
45.0,7,15,10,459
45.0,7,15,11,461
45.0,7,15,12,463
45.0,7,15,13,465
45.0,7,15,14,467
45.0,7,15,15,469
45.0,8,0,0,409
45.0,8,0,1,411
45.0,8,0,2,413
45.0,8,0,3,415
45.0,8,0,4,417
45.0,8,0,5,419
45.0,8,0,6,421
45.0,8,0,7,423
45.0,8,0,8,425
45.0,8,0,9,427
45.0,8,0,10,429
45.0,8,0,11,431
45.0,8,0,12,433
45.0,8,0,13,435
45.0,8,0,14,436
45.0,8,0,15,438
45.0,8,1,0,412
45.0,8,1,1,414
45.0,8,1,2,416
45.0,8,1,3,418
45.0,8,1,4,420
45.0,8,1,5,422
45.0,8,1,6,424
45.0,8,1,7,426
45.0,8,1,8,428
45.0,8,1,9,430
45.0,8,1,10,431
45.0,8,1,11,433
45.0,8,1,12,435
45.0,8,1,13,437
45.0,8,1,14,439
45.0,8,1,15,441
45.0,8,2,0,414
45.0,8,2,1,416
45.0,8,2,2,418
45.0,8,2,3,420
45.0,8,2,4,422
45.0,8,2,5,424
45.0,8,2,6,426
45.0,8,2,7,428
45.0,8,2,8,430
45.0,8,2,9,432
45.0,8,2,10,434
45.0,8,2,11,436
45.0,8,2,12,438
45.0,8,2,13,440
45.0,8,2,14,442
45.0,8,2,15,444
45.0,8,3,0,417
45.0,8,3,1,419
45.0,8,3,2,421
45.0,8,3,3,423
45.0,8,3,4,425
45.0,8,3,5,427
45.0,8,3,6,429
45.0,8,3,7,431
45.0,8,3,8,433
45.0,8,3,9,435
45.0,8,3,10,437
45.0,8,3,11,439
45.0,8,3,12,440
45.0,8,3,13,442
45.0,8,3,14,444
45.0,8,3,15,446
45.0,8,4,0,419
45.0,8,4,1,421
45.0,8,4,2,423
45.0,8,4,3,425
45.0,8,4,4,427
45.0,8,4,5,429
45.0,8,4,6,431
45.0,8,4,7,433
45.0,8,4,8,435
45.0,8,4,9,437
45.0,8,4,10,439
45.0,8,4,11,441
45.0,8,4,12,443
45.0,8,4,13,445
45.0,8,4,14,447
45.0,8,4,15,449
45.0,8,5,0,421
45.0,8,5,1,424
45.0,8,5,2,426
45.0,8,5,3,428
45.0,8,5,4,430
45.0,8,5,5,432
45.0,8,5,6,434
45.0,8,5,7,436
45.0,8,5,8,438
45.0,8,5,9,440
45.0,8,5,10,442
45.0,8,5,11,444
45.0,8,5,12,446
45.0,8,5,13,448
45.0,8,5,14,449
45.0,8,5,15,451
45.0,8,6,0,424
45.0,8,6,1,426
45.0,8,6,2,428
45.0,8,6,3,430
45.0,8,6,4,432
45.0,8,6,5,434
45.0,8,6,6,436
45.0,8,6,7,438
45.0,8,6,8,440
45.0,8,6,9,442
45.0,8,6,10,444
45.0,8,6,11,446
45.0,8,6,12,448
45.0,8,6,13,450
45.0,8,6,14,452
45.0,8,6,15,454
45.0,8,7,0,426
45.0,8,7,1,428
45.0,8,7,2,430
45.0,8,7,3,432
45.0,8,7,4,434
45.0,8,7,5,437
45.0,8,7,6,439
45.0,8,7,7,441
45.0,8,7,8,443
45.0,8,7,9,445
45.0,8,7,10,447
45.0,8,7,11,449
45.0,8,7,12,451
45.0,8,7,13,453
45.0,8,7,14,455
45.0,8,7,15,457
45.0,8,8,0,429
45.0,8,8,1,431
45.0,8,8,2,433
45.0,8,8,3,435
45.0,8,8,4,437
45.0,8,8,5,439
45.0,8,8,6,441
45.0,8,8,7,443
45.0,8,8,8,445
45.0,8,8,9,447
45.0,8,8,10,449
45.0,8,8,11,451
45.0,8,8,12,453
45.0,8,8,13,455
45.0,8,8,14,457
45.0,8,8,15,459
45.0,8,9,0,431
45.0,8,9,1,433
45.0,8,9,2,435
45.0,8,9,3,437
45.0,8,9,4,439
45.0,8,9,5,441
45.0,8,9,6,443
45.0,8,9,7,445
45.0,8,9,8,448
45.0,8,9,9,450
45.0,8,9,10,452
45.0,8,9,11,454
45.0,8,9,12,456
45.0,8,9,13,458
45.0,8,9,14,460
45.0,8,9,15,462
45.0,8,10,0,433
45.0,8,10,1,435
45.0,8,10,2,437
45.0,8,10,3,440
45.0,8,10,4,442
45.0,8,10,5,444
45.0,8,10,6,446
45.0,8,10,7,448
45.0,8,10,8,450
45.0,8,10,9,452
45.0,8,10,10,454
45.0,8,10,11,456
45.0,8,10,12,458
45.0,8,10,13,460
45.0,8,10,14,462
45.0,8,10,15,464
45.0,8,11,0,436
45.0,8,11,1,438
45.0,8,11,2,440
45.0,8,11,3,442
45.0,8,11,4,444
45.0,8,11,5,446
45.0,8,11,6,448
45.0,8,11,7,450
45.0,8,11,8,452
45.0,8,11,9,454
45.0,8,11,10,456
45.0,8,11,11,459
45.0,8,11,12,461
45.0,8,11,13,463
45.0,8,11,14,465
45.0,8,11,15,467
45.0,8,12,0,438
45.0,8,12,1,440
45.0,8,12,2,442
45.0,8,12,3,444
45.0,8,12,4,446
45.0,8,12,5,449
45.0,8,12,6,451
45.0,8,12,7,453
45.0,8,12,8,455
45.0,8,12,9,457
45.0,8,12,10,459
45.0,8,12,11,461
45.0,8,12,12,463
45.0,8,12,13,465
45.0,8,12,14,467
45.0,8,12,15,469
45.0,8,13,0,440
45.0,8,13,1,442
45.0,8,13,2,445
45.0,8,13,3,447
45.0,8,13,4,449
45.0,8,13,5,451
45.0,8,13,6,453
45.0,8,13,7,455
45.0,8,13,8,457
45.0,8,13,9,459
45.0,8,13,10,461
45.0,8,13,11,463
45.0,8,13,12,465
45.0,8,13,13,467
45.0,8,13,14,469
45.0,8,13,15,471
45.0,8,14,0,442
45.0,8,14,1,445
45.0,8,14,2,447
45.0,8,14,3,449
45.0,8,14,4,451
45.0,8,14,5,453
45.0,8,14,6,455
45.0,8,14,7,457
45.0,8,14,8,460
45.0,8,14,9,462
45.0,8,14,10,464
45.0,8,14,11,466
45.0,8,14,12,468
45.0,8,14,13,470
45.0,8,14,14,472
45.0,8,14,15,474
45.0,8,15,0,445
45.0,8,15,1,447
45.0,8,15,2,449
45.0,8,15,3,451
45.0,8,15,4,453
45.0,8,15,5,456
45.0,8,15,6,458
45.0,8,15,7,460
45.0,8,15,8,462
45.0,8,15,9,464
45.0,8,15,10,466
45.0,8,15,11,468
45.0,8,15,12,470
45.0,8,15,13,472
45.0,8,15,14,474
45.0,8,15,15,476
45.0,9,0,0,415
45.0,9,0,1,417
45.0,9,0,2,419
45.0,9,0,3,421
45.0,9,0,4,423
45.0,9,0,5,425
45.0,9,0,6,427
45.0,9,0,7,429
45.0,9,0,8,431
45.0,9,0,9,433
45.0,9,0,10,435
45.0,9,0,11,437
45.0,9,0,12,439
45.0,9,0,13,441
45.0,9,0,14,443
45.0,9,0,15,445
45.0,9,1,0,418
45.0,9,1,1,420
45.0,9,1,2,422
45.0,9,1,3,424
45.0,9,1,4,426
45.0,9,1,5,428
45.0,9,1,6,430
45.0,9,1,7,432
45.0,9,1,8,434
45.0,9,1,9,436
45.0,9,1,10,438
45.0,9,1,11,440
45.0,9,1,12,442
45.0,9,1,13,444
45.0,9,1,14,446
45.0,9,1,15,448
45.0,9,2,0,420
45.0,9,2,1,422
45.0,9,2,2,424
45.0,9,2,3,427
45.0,9,2,4,429
45.0,9,2,5,431
45.0,9,2,6,433
45.0,9,2,7,435
45.0,9,2,8,437
45.0,9,2,9,439
45.0,9,2,10,441
45.0,9,2,11,442
45.0,9,2,12,444
45.0,9,2,13,446
45.0,9,2,14,448
45.0,9,2,15,450
45.0,9,3,0,423
45.0,9,3,1,425
45.0,9,3,2,427
45.0,9,3,3,429
45.0,9,3,4,431
45.0,9,3,5,433
45.0,9,3,6,435
45.0,9,3,7,437
45.0,9,3,8,439
45.0,9,3,9,441
45.0,9,3,10,443
45.0,9,3,11,445
45.0,9,3,12,447
45.0,9,3,13,449
45.0,9,3,14,451
45.0,9,3,15,453
45.0,9,4,0,425
45.0,9,4,1,427
45.0,9,4,2,429
45.0,9,4,3,432
45.0,9,4,4,434
45.0,9,4,5,436
45.0,9,4,6,438
45.0,9,4,7,440
45.0,9,4,8,442
45.0,9,4,9,444
45.0,9,4,10,446
45.0,9,4,11,448
45.0,9,4,12,450
45.0,9,4,13,452
45.0,9,4,14,454
45.0,9,4,15,456
45.0,9,5,0,428
45.0,9,5,1,430
45.0,9,5,2,432
45.0,9,5,3,434
45.0,9,5,4,436
45.0,9,5,5,438
45.0,9,5,6,440
45.0,9,5,7,442
45.0,9,5,8,444
45.0,9,5,9,446
45.0,9,5,10,448
45.0,9,5,11,450
45.0,9,5,12,452
45.0,9,5,13,454
45.0,9,5,14,456
45.0,9,5,15,458
45.0,9,6,0,430
45.0,9,6,1,432
45.0,9,6,2,434
45.0,9,6,3,436
45.0,9,6,4,439
45.0,9,6,5,441
45.0,9,6,6,443
45.0,9,6,7,445
45.0,9,6,8,447
45.0,9,6,9,449
45.0,9,6,10,451
45.0,9,6,11,453
45.0,9,6,12,455
45.0,9,6,13,457
45.0,9,6,14,459
45.0,9,6,15,461
45.0,9,7,0,433
45.0,9,7,1,435
45.0,9,7,2,437
45.0,9,7,3,439
45.0,9,7,4,441
45.0,9,7,5,443
45.0,9,7,6,445
45.0,9,7,7,447
45.0,9,7,8,449
45.0,9,7,9,451
45.0,9,7,10,453
45.0,9,7,11,455
45.0,9,7,12,457
45.0,9,7,13,459
45.0,9,7,14,461
45.0,9,7,15,463
45.0,9,8,0,435
45.0,9,8,1,437
45.0,9,8,2,439
45.0,9,8,3,441
45.0,9,8,4,443
45.0,9,8,5,446
45.0,9,8,6,448
45.0,9,8,7,450
45.0,9,8,8,452
45.0,9,8,9,454
45.0,9,8,10,456
45.0,9,8,11,458
45.0,9,8,12,460
45.0,9,8,13,462
45.0,9,8,14,464
45.0,9,8,15,466
45.0,9,9,0,437
45.0,9,9,1,440
45.0,9,9,2,442
45.0,9,9,3,444
45.0,9,9,4,446
45.0,9,9,5,448
45.0,9,9,6,450
45.0,9,9,7,452
45.0,9,9,8,454
45.0,9,9,9,456
45.0,9,9,10,458
45.0,9,9,11,460
45.0,9,9,12,462
45.0,9,9,13,464
45.0,9,9,14,466
45.0,9,9,15,468
45.0,9,10,0,440
45.0,9,10,1,442
45.0,9,10,2,444
45.0,9,10,3,446
45.0,9,10,4,448
45.0,9,10,5,450
45.0,9,10,6,452
45.0,9,10,7,455
45.0,9,10,8,457
45.0,9,10,9,459
45.0,9,10,10,461
45.0,9,10,11,463
45.0,9,10,12,465
45.0,9,10,13,467
45.0,9,10,14,469
45.0,9,10,15,471
45.0,9,11,0,442
45.0,9,11,1,444
45.0,9,11,2,446
45.0,9,11,3,449
45.0,9,11,4,451
45.0,9,11,5,453
45.0,9,11,6,455
45.0,9,11,7,457
45.0,9,11,8,459
45.0,9,11,9,461
45.0,9,11,10,463
45.0,9,11,11,465
45.0,9,11,12,467
45.0,9,11,13,469
45.0,9,11,14,471
45.0,9,11,15,474
45.0,9,12,0,444
45.0,9,12,1,447
45.0,9,12,2,449
45.0,9,12,3,451
45.0,9,12,4,453
45.0,9,12,5,455
45.0,9,12,6,457
45.0,9,12,7,459
45.0,9,12,8,462
45.0,9,12,9,464
45.0,9,12,10,466
45.0,9,12,11,468
45.0,9,12,12,470
45.0,9,12,13,472
45.0,9,12,14,474
45.0,9,12,15,476
45.0,9,13,0,447
45.0,9,13,1,449
45.0,9,13,2,451
45.0,9,13,3,453
45.0,9,13,4,455
45.0,9,13,5,458
45.0,9,13,6,460
45.0,9,13,7,462
45.0,9,13,8,464
45.0,9,13,9,466
45.0,9,13,10,468
45.0,9,13,11,470
45.0,9,13,12,472
45.0,9,13,13,474
45.0,9,13,14,476
45.0,9,13,15,479
45.0,9,14,0,449
45.0,9,14,1,451
45.0,9,14,2,453
45.0,9,14,3,456
45.0,9,14,4,458
45.0,9,14,5,460
45.0,9,14,6,462
45.0,9,14,7,464
45.0,9,14,8,466
45.0,9,14,9,469
45.0,9,14,10,471
45.0,9,14,11,473
45.0,9,14,12,475
45.0,9,14,13,477
45.0,9,14,14,479
45.0,9,14,15,481
45.0,9,15,0,451
45.0,9,15,1,454
45.0,9,15,2,456
45.0,9,15,3,458
45.0,9,15,4,460
45.0,9,15,5,462
45.0,9,15,6,465
45.0,9,15,7,467
45.0,9,15,8,469
45.0,9,15,9,471
45.0,9,15,10,473
45.0,9,15,11,475
45.0,9,15,12,477
45.0,9,15,13,479
45.0,9,15,14,481
45.0,9,15,15,484
45.0,10,0,0,422
45.0,10,0,1,424
45.0,10,0,2,426
45.0,10,0,3,428
45.0,10,0,4,430
45.0,10,0,5,432
45.0,10,0,6,434
45.0,10,0,7,436
45.0,10,0,8,438
45.0,10,0,9,440
45.0,10,0,10,442
45.0,10,0,11,444
45.0,10,0,12,446
45.0,10,0,13,448
45.0,10,0,14,450
45.0,10,0,15,451
45.0,10,1,0,424
45.0,10,1,1,426
45.0,10,1,2,428
45.0,10,1,3,430
45.0,10,1,4,432
45.0,10,1,5,434
45.0,10,1,6,436
45.0,10,1,7,438
45.0,10,1,8,440
45.0,10,1,9,442
45.0,10,1,10,444
45.0,10,1,11,446
45.0,10,1,12,448
45.0,10,1,13,450
45.0,10,1,14,452
45.0,10,1,15,454
45.0,10,2,0,427
45.0,10,2,1,429
45.0,10,2,2,431
45.0,10,2,3,433
45.0,10,2,4,435
45.0,10,2,5,437
45.0,10,2,6,439
45.0,10,2,7,441
45.0,10,2,8,443
45.0,10,2,9,445
45.0,10,2,10,447
45.0,10,2,11,449
45.0,10,2,12,451
45.0,10,2,13,453
45.0,10,2,14,455
45.0,10,2,15,457
45.0,10,3,0,429
45.0,10,3,1,431
45.0,10,3,2,433
45.0,10,3,3,435
45.0,10,3,4,437
45.0,10,3,5,439
45.0,10,3,6,442
45.0,10,3,7,444
45.0,10,3,8,446
45.0,10,3,9,448
45.0,10,3,10,450
45.0,10,3,11,452
45.0,10,3,12,454
45.0,10,3,13,456
45.0,10,3,14,458
45.0,10,3,15,460
45.0,10,4,0,432
45.0,10,4,1,434
45.0,10,4,2,436
45.0,10,4,3,438
45.0,10,4,4,440
45.0,10,4,5,442
45.0,10,4,6,444
45.0,10,4,7,446
45.0,10,4,8,448
45.0,10,4,9,450
45.0,10,4,10,452
45.0,10,4,11,454
45.0,10,4,12,456
45.0,10,4,13,458
45.0,10,4,14,460
45.0,10,4,15,462
45.0,10,5,0,434
45.0,10,5,1,436
45.0,10,5,2,438
45.0,10,5,3,440
45.0,10,5,4,442
45.0,10,5,5,445
45.0,10,5,6,447
45.0,10,5,7,449
45.0,10,5,8,451
45.0,10,5,9,453
45.0,10,5,10,455
45.0,10,5,11,457
45.0,10,5,12,459
45.0,10,5,13,461
45.0,10,5,14,463
45.0,10,5,15,465
45.0,10,6,0,436
45.0,10,6,1,439
45.0,10,6,2,441
45.0,10,6,3,443
45.0,10,6,4,445
45.0,10,6,5,447
45.0,10,6,6,449
45.0,10,6,7,451
45.0,10,6,8,453
45.0,10,6,9,455
45.0,10,6,10,457
45.0,10,6,11,459
45.0,10,6,12,461
45.0,10,6,13,464
45.0,10,6,14,466
45.0,10,6,15,468
45.0,10,7,0,439
45.0,10,7,1,441
45.0,10,7,2,443
45.0,10,7,3,445
45.0,10,7,4,447
45.0,10,7,5,450
45.0,10,7,6,452
45.0,10,7,7,454
45.0,10,7,8,456
45.0,10,7,9,458
45.0,10,7,10,460
45.0,10,7,11,462
45.0,10,7,12,464
45.0,10,7,13,466
45.0,10,7,14,468
45.0,10,7,15,470
45.0,10,8,0,441
45.0,10,8,1,444
45.0,10,8,2,446
45.0,10,8,3,448
45.0,10,8,4,450
45.0,10,8,5,452
45.0,10,8,6,454
45.0,10,8,7,456
45.0,10,8,8,458
45.0,10,8,9,460
45.0,10,8,10,463
45.0,10,8,11,465
45.0,10,8,12,467
45.0,10,8,13,469
45.0,10,8,14,471
45.0,10,8,15,473
45.0,10,9,0,444
45.0,10,9,1,446
45.0,10,9,2,448
45.0,10,9,3,450
45.0,10,9,4,452
45.0,10,9,5,455
45.0,10,9,6,457
45.0,10,9,7,459
45.0,10,9,8,461
45.0,10,9,9,463
45.0,10,9,10,465
45.0,10,9,11,467
45.0,10,9,12,469
45.0,10,9,13,471
45.0,10,9,14,473
45.0,10,9,15,475
45.0,10,10,0,446
45.0,10,10,1,448
45.0,10,10,2,451
45.0,10,10,3,453
45.0,10,10,4,455
45.0,10,10,5,457
45.0,10,10,6,459
45.0,10,10,7,461
45.0,10,10,8,463
45.0,10,10,9,466
45.0,10,10,10,468
45.0,10,10,11,470
45.0,10,10,12,472
45.0,10,10,13,474
45.0,10,10,14,476
45.0,10,10,15,478
45.0,10,11,0,449
45.0,10,11,1,451
45.0,10,11,2,453
45.0,10,11,3,455
45.0,10,11,4,457
45.0,10,11,5,459
45.0,10,11,6,462
45.0,10,11,7,464
45.0,10,11,8,466
45.0,10,11,9,468
45.0,10,11,10,470
45.0,10,11,11,472
45.0,10,11,12,474
45.0,10,11,13,476
45.0,10,11,14,478
45.0,10,11,15,480
45.0,10,12,0,451
45.0,10,12,1,453
45.0,10,12,2,455
45.0,10,12,3,458
45.0,10,12,4,460
45.0,10,12,5,462
45.0,10,12,6,464
45.0,10,12,7,466
45.0,10,12,8,468
45.0,10,12,9,470
45.0,10,12,10,473
45.0,10,12,11,475
45.0,10,12,12,477
45.0,10,12,13,479
45.0,10,12,14,481
45.0,10,12,15,483
45.0,10,13,0,453
45.0,10,13,1,456
45.0,10,13,2,458
45.0,10,13,3,460
45.0,10,13,4,462
45.0,10,13,5,464
45.0,10,13,6,467
45.0,10,13,7,469
45.0,10,13,8,471
45.0,10,13,9,473
45.0,10,13,10,475
45.0,10,13,11,477
45.0,10,13,12,479
45.0,10,13,13,481
45.0,10,13,14,484
45.0,10,13,15,486
45.0,10,14,0,456
45.0,10,14,1,458
45.0,10,14,2,460
45.0,10,14,3,462
45.0,10,14,4,465
45.0,10,14,5,467
45.0,10,14,6,469
45.0,10,14,7,471
45.0,10,14,8,473
45.0,10,14,9,475
45.0,10,14,10,478
45.0,10,14,11,480
45.0,10,14,12,482
45.0,10,14,13,484
45.0,10,14,14,486
45.0,10,14,15,488
45.0,10,15,0,458
45.0,10,15,1,460
45.0,10,15,2,463
45.0,10,15,3,465
45.0,10,15,4,467
45.0,10,15,5,469
45.0,10,15,6,471
45.0,10,15,7,474
45.0,10,15,8,476
45.0,10,15,9,478
45.0,10,15,10,480
45.0,10,15,11,482
45.0,10,15,12,484
45.0,10,15,13,486
45.0,10,15,14,489
45.0,10,15,15,491
45.0,11,0,0,428
45.0,11,0,1,430
45.0,11,0,2,432
45.0,11,0,3,434
45.0,11,0,4,436
45.0,11,0,5,438
45.0,11,0,6,440
45.0,11,0,7,442
45.0,11,0,8,444
45.0,11,0,9,446
45.0,11,0,10,448
45.0,11,0,11,450
45.0,11,0,12,452
45.0,11,0,13,454
45.0,11,0,14,456
45.0,11,0,15,458
45.0,11,1,0,430
45.0,11,1,1,432
45.0,11,1,2,434
45.0,11,1,3,436
45.0,11,1,4,439
45.0,11,1,5,441
45.0,11,1,6,443
45.0,11,1,7,445
45.0,11,1,8,447
45.0,11,1,9,449
45.0,11,1,10,451
45.0,11,1,11,453
45.0,11,1,12,455
45.0,11,1,13,457
45.0,11,1,14,459
45.0,11,1,15,461
45.0,11,2,0,433
45.0,11,2,1,435
45.0,11,2,2,437
45.0,11,2,3,439
45.0,11,2,4,441
45.0,11,2,5,443
45.0,11,2,6,445
45.0,11,2,7,447
45.0,11,2,8,449
45.0,11,2,9,451
45.0,11,2,10,453
45.0,11,2,11,456
45.0,11,2,12,458
45.0,11,2,13,460
45.0,11,2,14,462
45.0,11,2,15,464
45.0,11,3,0,435
45.0,11,3,1,437
45.0,11,3,2,440
45.0,11,3,3,442
45.0,11,3,4,444
45.0,11,3,5,446
45.0,11,3,6,448
45.0,11,3,7,450
45.0,11,3,8,452
45.0,11,3,9,454
45.0,11,3,10,456
45.0,11,3,11,458
45.0,11,3,12,460
45.0,11,3,13,462
45.0,11,3,14,464
45.0,11,3,15,466
45.0,11,4,0,438
45.0,11,4,1,440
45.0,11,4,2,442
45.0,11,4,3,444
45.0,11,4,4,446
45.0,11,4,5,448
45.0,11,4,6,451
45.0,11,4,7,453
45.0,11,4,8,455
45.0,11,4,9,457
45.0,11,4,10,459
45.0,11,4,11,461
45.0,11,4,12,463
45.0,11,4,13,465
45.0,11,4,14,467
45.0,11,4,15,469
45.0,11,5,0,440
45.0,11,5,1,442
45.0,11,5,2,445
45.0,11,5,3,447
45.0,11,5,4,449
45.0,11,5,5,451
45.0,11,5,6,453
45.0,11,5,7,455
45.0,11,5,8,457
45.0,11,5,9,459
45.0,11,5,10,461
45.0,11,5,11,463
45.0,11,5,12,466
45.0,11,5,13,468
45.0,11,5,14,470
45.0,11,5,15,472
45.0,11,6,0,443
45.0,11,6,1,445
45.0,11,6,2,447
45.0,11,6,3,449
45.0,11,6,4,451
45.0,11,6,5,454
45.0,11,6,6,456
45.0,11,6,7,458
45.0,11,6,8,460
45.0,11,6,9,462
45.0,11,6,10,464
45.0,11,6,11,466
45.0,11,6,12,468
45.0,11,6,13,470
45.0,11,6,14,472
45.0,11,6,15,474
45.0,11,7,0,445
45.0,11,7,1,447
45.0,11,7,2,450
45.0,11,7,3,452
45.0,11,7,4,454
45.0,11,7,5,456
45.0,11,7,6,458
45.0,11,7,7,460
45.0,11,7,8,462
45.0,11,7,9,465
45.0,11,7,10,467
45.0,11,7,11,469
45.0,11,7,12,471
45.0,11,7,13,473
45.0,11,7,14,475
45.0,11,7,15,477
45.0,11,8,0,448
45.0,11,8,1,450
45.0,11,8,2,452
45.0,11,8,3,454
45.0,11,8,4,456
45.0,11,8,5,459
45.0,11,8,6,461
45.0,11,8,7,463
45.0,11,8,8,465
45.0,11,8,9,467
45.0,11,8,10,469
45.0,11,8,11,471
45.0,11,8,12,473
45.0,11,8,13,475
45.0,11,8,14,478
45.0,11,8,15,480
45.0,11,9,0,450
45.0,11,9,1,452
45.0,11,9,2,455
45.0,11,9,3,457
45.0,11,9,4,459
45.0,11,9,5,461
45.0,11,9,6,463
45.0,11,9,7,465
45.0,11,9,8,468
45.0,11,9,9,470
45.0,11,9,10,472
45.0,11,9,11,474
45.0,11,9,12,476
45.0,11,9,13,478
45.0,11,9,14,480
45.0,11,9,15,482
45.0,11,10,0,453
45.0,11,10,1,455
45.0,11,10,2,457
45.0,11,10,3,459
45.0,11,10,4,461
45.0,11,10,5,464
45.0,11,10,6,466
45.0,11,10,7,468
45.0,11,10,8,470
45.0,11,10,9,472
45.0,11,10,10,474
45.0,11,10,11,476
45.0,11,10,12,479
45.0,11,10,13,481
45.0,11,10,14,483
45.0,11,10,15,485
45.0,11,11,0,455
45.0,11,11,1,457
45.0,11,11,2,460
45.0,11,11,3,462
45.0,11,11,4,464
45.0,11,11,5,466
45.0,11,11,6,468
45.0,11,11,7,470
45.0,11,11,8,473
45.0,11,11,9,475
45.0,11,11,10,477
45.0,11,11,11,479
45.0,11,11,12,481
45.0,11,11,13,483
45.0,11,11,14,485
45.0,11,11,15,487
45.0,11,12,0,458
45.0,11,12,1,460
45.0,11,12,2,462
45.0,11,12,3,464
45.0,11,12,4,466
45.0,11,12,5,469
45.0,11,12,6,471
45.0,11,12,7,473
45.0,11,12,8,475
45.0,11,12,9,477
45.0,11,12,10,479
45.0,11,12,11,482
45.0,11,12,12,484
45.0,11,12,13,486
45.0,11,12,14,488
45.0,11,12,15,490
45.0,11,13,0,460
45.0,11,13,1,462
45.0,11,13,2,464
45.0,11,13,3,467
45.0,11,13,4,469
45.0,11,13,5,471
45.0,11,13,6,473
45.0,11,13,7,475
45.0,11,13,8,478
45.0,11,13,9,480
45.0,11,13,10,482
45.0,11,13,11,484
45.0,11,13,12,486
45.0,11,13,13,488
45.0,11,13,14,491
45.0,11,13,15,493
45.0,11,14,0,462
45.0,11,14,1,465
45.0,11,14,2,467
45.0,11,14,3,469
45.0,11,14,4,471
45.0,11,14,5,474
45.0,11,14,6,476
45.0,11,14,7,478
45.0,11,14,8,480
45.0,11,14,9,482
45.0,11,14,10,484
45.0,11,14,11,487
45.0,11,14,12,489
45.0,11,14,13,491
45.0,11,14,14,493
45.0,11,14,15,495
45.0,11,15,0,465
45.0,11,15,1,467
45.0,11,15,2,469
45.0,11,15,3,471
45.0,11,15,4,474
45.0,11,15,5,476
45.0,11,15,6,478
45.0,11,15,7,480
45.0,11,15,8,483
45.0,11,15,9,485
45.0,11,15,10,487
45.0,11,15,11,489
45.0,11,15,12,491
45.0,11,15,13,493
45.0,11,15,14,496
45.0,11,15,15,498
45.0,12,0,0,434
45.0,12,0,1,436
45.0,12,0,2,438
45.0,12,0,3,440
45.0,12,0,4,442
45.0,12,0,5,444
45.0,12,0,6,446
45.0,12,0,7,448
45.0,12,0,8,450
45.0,12,0,9,452
45.0,12,0,10,455
45.0,12,0,11,457
45.0,12,0,12,459
45.0,12,0,13,461
45.0,12,0,14,463
45.0,12,0,15,465
45.0,12,1,0,436
45.0,12,1,1,438
45.0,12,1,2,441
45.0,12,1,3,443
45.0,12,1,4,445
45.0,12,1,5,447
45.0,12,1,6,449
45.0,12,1,7,451
45.0,12,1,8,453
45.0,12,1,9,455
45.0,12,1,10,457
45.0,12,1,11,459
45.0,12,1,12,461
45.0,12,1,13,463
45.0,12,1,14,465
45.0,12,1,15,467
45.0,12,2,0,439
45.0,12,2,1,441
45.0,12,2,2,443
45.0,12,2,3,445
45.0,12,2,4,447
45.0,12,2,5,450
45.0,12,2,6,452
45.0,12,2,7,454
45.0,12,2,8,456
45.0,12,2,9,458
45.0,12,2,10,460
45.0,12,2,11,462
45.0,12,2,12,464
45.0,12,2,13,466
45.0,12,2,14,468
45.0,12,2,15,470
45.0,12,3,0,442
45.0,12,3,1,444
45.0,12,3,2,446
45.0,12,3,3,448
45.0,12,3,4,450
45.0,12,3,5,452
45.0,12,3,6,454
45.0,12,3,7,456
45.0,12,3,8,459
45.0,12,3,9,461
45.0,12,3,10,463
45.0,12,3,11,465
45.0,12,3,12,467
45.0,12,3,13,469
45.0,12,3,14,471
45.0,12,3,15,473
45.0,12,4,0,444
45.0,12,4,1,446
45.0,12,4,2,448
45.0,12,4,3,451
45.0,12,4,4,453
45.0,12,4,5,455
45.0,12,4,6,457
45.0,12,4,7,459
45.0,12,4,8,461
45.0,12,4,9,463
45.0,12,4,10,465
45.0,12,4,11,467
45.0,12,4,12,470
45.0,12,4,13,472
45.0,12,4,14,474
45.0,12,4,15,476
45.0,12,5,0,447
45.0,12,5,1,449
45.0,12,5,2,451
45.0,12,5,3,453
45.0,12,5,4,455
45.0,12,5,5,457
45.0,12,5,6,460
45.0,12,5,7,462
45.0,12,5,8,464
45.0,12,5,9,466
45.0,12,5,10,468
45.0,12,5,11,470
45.0,12,5,12,472
45.0,12,5,13,474
45.0,12,5,14,476
45.0,12,5,15,478
45.0,12,6,0,449
45.0,12,6,1,451
45.0,12,6,2,454
45.0,12,6,3,456
45.0,12,6,4,458
45.0,12,6,5,460
45.0,12,6,6,462
45.0,12,6,7,464
45.0,12,6,8,466
45.0,12,6,9,469
45.0,12,6,10,471
45.0,12,6,11,473
45.0,12,6,12,475
45.0,12,6,13,477
45.0,12,6,14,479
45.0,12,6,15,481
45.0,12,7,0,452
45.0,12,7,1,454
45.0,12,7,2,456
45.0,12,7,3,458
45.0,12,7,4,460
45.0,12,7,5,463
45.0,12,7,6,465
45.0,12,7,7,467
45.0,12,7,8,469
45.0,12,7,9,471
45.0,12,7,10,473
45.0,12,7,11,475
45.0,12,7,12,478
45.0,12,7,13,480
45.0,12,7,14,482
45.0,12,7,15,484
45.0,12,8,0,454
45.0,12,8,1,456
45.0,12,8,2,459
45.0,12,8,3,461
45.0,12,8,4,463
45.0,12,8,5,465
45.0,12,8,6,467
45.0,12,8,7,470
45.0,12,8,8,472
45.0,12,8,9,474
45.0,12,8,10,476
45.0,12,8,11,478
45.0,12,8,12,480
45.0,12,8,13,482
45.0,12,8,14,484
45.0,12,8,15,486
45.0,12,9,0,457
45.0,12,9,1,459
45.0,12,9,2,461
45.0,12,9,3,463
45.0,12,9,4,466
45.0,12,9,5,468
45.0,12,9,6,470
45.0,12,9,7,472
45.0,12,9,8,474
45.0,12,9,9,476
45.0,12,9,10,479
45.0,12,9,11,481
45.0,12,9,12,483
45.0,12,9,13,485
45.0,12,9,14,487
45.0,12,9,15,489
45.0,12,10,0,459
45.0,12,10,1,461
45.0,12,10,2,464
45.0,12,10,3,466
45.0,12,10,4,468
45.0,12,10,5,470
45.0,12,10,6,472
45.0,12,10,7,475
45.0,12,10,8,477
45.0,12,10,9,479
45.0,12,10,10,481
45.0,12,10,11,483
45.0,12,10,12,485
45.0,12,10,13,488
45.0,12,10,14,490
45.0,12,10,15,492
45.0,12,11,0,462
45.0,12,11,1,464
45.0,12,11,2,466
45.0,12,11,3,468
45.0,12,11,4,471
45.0,12,11,5,473
45.0,12,11,6,475
45.0,12,11,7,477
45.0,12,11,8,479
45.0,12,11,9,482
45.0,12,11,10,484
45.0,12,11,11,486
45.0,12,11,12,488
45.0,12,11,13,490
45.0,12,11,14,492
45.0,12,11,15,494
45.0,12,12,0,464
45.0,12,12,1,466
45.0,12,12,2,469
45.0,12,12,3,471
45.0,12,12,4,473
45.0,12,12,5,475
45.0,12,12,6,478
45.0,12,12,7,480
45.0,12,12,8,482
45.0,12,12,9,484
45.0,12,12,10,486
45.0,12,12,11,488
45.0,12,12,12,491
45.0,12,12,13,493
45.0,12,12,14,495
45.0,12,12,15,497
45.0,12,13,0,467
45.0,12,13,1,469
45.0,12,13,2,471
45.0,12,13,3,473
45.0,12,13,4,476
45.0,12,13,5,478
45.0,12,13,6,480
45.0,12,13,7,482
45.0,12,13,8,484
45.0,12,13,9,487
45.0,12,13,10,489
45.0,12,13,11,491
45.0,12,13,12,493
45.0,12,13,13,495
45.0,12,13,14,498
45.0,12,13,15,500
45.0,12,14,0,469
45.0,12,14,1,471
45.0,12,14,2,474
45.0,12,14,3,476
45.0,12,14,4,478
45.0,12,14,5,480
45.0,12,14,6,483
45.0,12,14,7,485
45.0,12,14,8,487
45.0,12,14,9,489
45.0,12,14,10,491
45.0,12,14,11,494
45.0,12,14,12,496
45.0,12,14,13,498
45.0,12,14,14,500
45.0,12,14,15,502
45.0,12,15,0,471
45.0,12,15,1,474
45.0,12,15,2,476
45.0,12,15,3,478
45.0,12,15,4,481
45.0,12,15,5,483
45.0,12,15,6,485
45.0,12,15,7,487
45.0,12,15,8,490
45.0,12,15,9,492
45.0,12,15,10,494
45.0,12,15,11,496
45.0,12,15,12,498
45.0,12,15,13,501
45.0,12,15,14,503
45.0,12,15,15,505
45.0,13,0,0,440
45.0,13,0,1,442
45.0,13,0,2,444
45.0,13,0,3,446
45.0,13,0,4,448
45.0,13,0,5,451
45.0,13,0,6,453
45.0,13,0,7,455
45.0,13,0,8,457
45.0,13,0,9,459
45.0,13,0,10,461
45.0,13,0,11,463
45.0,13,0,12,465
45.0,13,0,13,467
45.0,13,0,14,469
45.0,13,0,15,471
45.0,13,1,0,443
45.0,13,1,1,445
45.0,13,1,2,447
45.0,13,1,3,449
45.0,13,1,4,451
45.0,13,1,5,453
45.0,13,1,6,455
45.0,13,1,7,457
45.0,13,1,8,460
45.0,13,1,9,462
45.0,13,1,10,464
45.0,13,1,11,466
45.0,13,1,12,468
45.0,13,1,13,470
45.0,13,1,14,472
45.0,13,1,15,474
45.0,13,2,0,445
45.0,13,2,1,447
45.0,13,2,2,449
45.0,13,2,3,452
45.0,13,2,4,454
45.0,13,2,5,456
45.0,13,2,6,458
45.0,13,2,7,460
45.0,13,2,8,462
45.0,13,2,9,464
45.0,13,2,10,466
45.0,13,2,11,469
45.0,13,2,12,471
45.0,13,2,13,473
45.0,13,2,14,475
45.0,13,2,15,477
45.0,13,3,0,448
45.0,13,3,1,450
45.0,13,3,2,452
45.0,13,3,3,454
45.0,13,3,4,456
45.0,13,3,5,459
45.0,13,3,6,461
45.0,13,3,7,463
45.0,13,3,8,465
45.0,13,3,9,467
45.0,13,3,10,469
45.0,13,3,11,471
45.0,13,3,12,473
45.0,13,3,13,475
45.0,13,3,14,478
45.0,13,3,15,480
45.0,13,4,0,450
45.0,13,4,1,453
45.0,13,4,2,455
45.0,13,4,3,457
45.0,13,4,4,459
45.0,13,4,5,461
45.0,13,4,6,463
45.0,13,4,7,466
45.0,13,4,8,468
45.0,13,4,9,470
45.0,13,4,10,472
45.0,13,4,11,474
45.0,13,4,12,476
45.0,13,4,13,478
45.0,13,4,14,480
45.0,13,4,15,482
45.0,13,5,0,453
45.0,13,5,1,455
45.0,13,5,2,457
45.0,13,5,3,460
45.0,13,5,4,462
45.0,13,5,5,464
45.0,13,5,6,466
45.0,13,5,7,468
45.0,13,5,8,470
45.0,13,5,9,473
45.0,13,5,10,475
45.0,13,5,11,477
45.0,13,5,12,479
45.0,13,5,13,481
45.0,13,5,14,483
45.0,13,5,15,485
45.0,13,6,0,455
45.0,13,6,1,458
45.0,13,6,2,460
45.0,13,6,3,462
45.0,13,6,4,464
45.0,13,6,5,467
45.0,13,6,6,469
45.0,13,6,7,471
45.0,13,6,8,473
45.0,13,6,9,475
45.0,13,6,10,477
45.0,13,6,11,479
45.0,13,6,12,482
45.0,13,6,13,484
45.0,13,6,14,486
45.0,13,6,15,488
45.0,13,7,0,458
45.0,13,7,1,460
45.0,13,7,2,463
45.0,13,7,3,465
45.0,13,7,4,467
45.0,13,7,5,469
45.0,13,7,6,471
45.0,13,7,7,474
45.0,13,7,8,476
45.0,13,7,9,478
45.0,13,7,10,480
45.0,13,7,11,482
45.0,13,7,12,484
45.0,13,7,13,486
45.0,13,7,14,489
45.0,13,7,15,491
45.0,13,8,0,461
45.0,13,8,1,463
45.0,13,8,2,465
45.0,13,8,3,467
45.0,13,8,4,470
45.0,13,8,5,472
45.0,13,8,6,474
45.0,13,8,7,476
45.0,13,8,8,478
45.0,13,8,9,481
45.0,13,8,10,483
45.0,13,8,11,485
45.0,13,8,12,487
45.0,13,8,13,489
45.0,13,8,14,491
45.0,13,8,15,493
45.0,13,9,0,463
45.0,13,9,1,465
45.0,13,9,2,468
45.0,13,9,3,470
45.0,13,9,4,472
45.0,13,9,5,474
45.0,13,9,6,477
45.0,13,9,7,479
45.0,13,9,8,481
45.0,13,9,9,483
45.0,13,9,10,485
45.0,13,9,11,487
45.0,13,9,12,490
45.0,13,9,13,492
45.0,13,9,14,494
45.0,13,9,15,496
45.0,13,10,0,466
45.0,13,10,1,468
45.0,13,10,2,470
45.0,13,10,3,472
45.0,13,10,4,475
45.0,13,10,5,477
45.0,13,10,6,479
45.0,13,10,7,481
45.0,13,10,8,484
45.0,13,10,9,486
45.0,13,10,10,488
45.0,13,10,11,490
45.0,13,10,12,492
45.0,13,10,13,494
45.0,13,10,14,497
45.0,13,10,15,499
45.0,13,11,0,468
45.0,13,11,1,470
45.0,13,11,2,473
45.0,13,11,3,475
45.0,13,11,4,477
45.0,13,11,5,479
45.0,13,11,6,482
45.0,13,11,7,484
45.0,13,11,8,486
45.0,13,11,9,488
45.0,13,11,10,491
45.0,13,11,11,493
45.0,13,11,12,495
45.0,13,11,13,497
45.0,13,11,14,499
45.0,13,11,15,501
45.0,13,12,0,471
45.0,13,12,1,473
45.0,13,12,2,475
45.0,13,12,3,477
45.0,13,12,4,480
45.0,13,12,5,482
45.0,13,12,6,484
45.0,13,12,7,487
45.0,13,12,8,489
45.0,13,12,9,491
45.0,13,12,10,493
45.0,13,12,11,495
45.0,13,12,12,498
45.0,13,12,13,500
45.0,13,12,14,502
45.0,13,12,15,504
45.0,13,13,0,473
45.0,13,13,1,475
45.0,13,13,2,478
45.0,13,13,3,480
45.0,13,13,4,482
45.0,13,13,5,485
45.0,13,13,6,487
45.0,13,13,7,489
45.0,13,13,8,491
45.0,13,13,9,494
45.0,13,13,10,496
45.0,13,13,11,498
45.0,13,13,12,500
45.0,13,13,13,502
45.0,13,13,14,505
45.0,13,13,15,507
45.0,13,14,0,476
45.0,13,14,1,478
45.0,13,14,2,480
45.0,13,14,3,483
45.0,13,14,4,485
45.0,13,14,5,487
45.0,13,14,6,489
45.0,13,14,7,492
45.0,13,14,8,494
45.0,13,14,9,496
45.0,13,14,10,498
45.0,13,14,11,501
45.0,13,14,12,503
45.0,13,14,13,505
45.0,13,14,14,507
45.0,13,14,15,509
45.0,13,15,0,478
45.0,13,15,1,480
45.0,13,15,2,483
45.0,13,15,3,485
45.0,13,15,4,487
45.0,13,15,5,490
45.0,13,15,6,492
45.0,13,15,7,494
45.0,13,15,8,496
45.0,13,15,9,499
45.0,13,15,10,501
45.0,13,15,11,503
45.0,13,15,12,505
45.0,13,15,13,508
45.0,13,15,14,510
45.0,13,15,15,512
45.0,14,0,0,446
45.0,14,0,1,448
45.0,14,0,2,450
45.0,14,0,3,452
45.0,14,0,4,455
45.0,14,0,5,457
45.0,14,0,6,459
45.0,14,0,7,461
45.0,14,0,8,463
45.0,14,0,9,465
45.0,14,0,10,467
45.0,14,0,11,469
45.0,14,0,12,472
45.0,14,0,13,474
45.0,14,0,14,476
45.0,14,0,15,478
45.0,14,1,0,449
45.0,14,1,1,451
45.0,14,1,2,453
45.0,14,1,3,455
45.0,14,1,4,457
45.0,14,1,5,460
45.0,14,1,6,462
45.0,14,1,7,464
45.0,14,1,8,466
45.0,14,1,9,468
45.0,14,1,10,470
45.0,14,1,11,472
45.0,14,1,12,474
45.0,14,1,13,476
45.0,14,1,14,478
45.0,14,1,15,481
45.0,14,2,0,451
45.0,14,2,1,454
45.0,14,2,2,456
45.0,14,2,3,458
45.0,14,2,4,460
45.0,14,2,5,462
45.0,14,2,6,464
45.0,14,2,7,467
45.0,14,2,8,469
45.0,14,2,9,471
45.0,14,2,10,473
45.0,14,2,11,475
45.0,14,2,12,477
45.0,14,2,13,479
45.0,14,2,14,481
45.0,14,2,15,483
45.0,14,3,0,454
45.0,14,3,1,456
45.0,14,3,2,458
45.0,14,3,3,461
45.0,14,3,4,463
45.0,14,3,5,465
45.0,14,3,6,467
45.0,14,3,7,469
45.0,14,3,8,471
45.0,14,3,9,474
45.0,14,3,10,476
45.0,14,3,11,478
45.0,14,3,12,480
45.0,14,3,13,482
45.0,14,3,14,484
45.0,14,3,15,486
45.0,14,4,0,457
45.0,14,4,1,459
45.0,14,4,2,461
45.0,14,4,3,463
45.0,14,4,4,465
45.0,14,4,5,468
45.0,14,4,6,470
45.0,14,4,7,472
45.0,14,4,8,474
45.0,14,4,9,476
45.0,14,4,10,478
45.0,14,4,11,481
45.0,14,4,12,483
45.0,14,4,13,485
45.0,14,4,14,487
45.0,14,4,15,489
45.0,14,5,0,459
45.0,14,5,1,461
45.0,14,5,2,464
45.0,14,5,3,466
45.0,14,5,4,468
45.0,14,5,5,470
45.0,14,5,6,473
45.0,14,5,7,475
45.0,14,5,8,477
45.0,14,5,9,479
45.0,14,5,10,481
45.0,14,5,11,483
45.0,14,5,12,486
45.0,14,5,13,488
45.0,14,5,14,490
45.0,14,5,15,492
45.0,14,6,0,462
45.0,14,6,1,464
45.0,14,6,2,466
45.0,14,6,3,469
45.0,14,6,4,471
45.0,14,6,5,473
45.0,14,6,6,475
45.0,14,6,7,477
45.0,14,6,8,480
45.0,14,6,9,482
45.0,14,6,10,484
45.0,14,6,11,486
45.0,14,6,12,488
45.0,14,6,13,490
45.0,14,6,14,493
45.0,14,6,15,495
45.0,14,7,0,464
45.0,14,7,1,467
45.0,14,7,2,469
45.0,14,7,3,471
45.0,14,7,4,473
45.0,14,7,5,476
45.0,14,7,6,478
45.0,14,7,7,480
45.0,14,7,8,482
45.0,14,7,9,484
45.0,14,7,10,487
45.0,14,7,11,489
45.0,14,7,12,491
45.0,14,7,13,493
45.0,14,7,14,495
45.0,14,7,15,497
45.0,14,8,0,467
45.0,14,8,1,469
45.0,14,8,2,472
45.0,14,8,3,474
45.0,14,8,4,476
45.0,14,8,5,478
45.0,14,8,6,481
45.0,14,8,7,483
45.0,14,8,8,485
45.0,14,8,9,487
45.0,14,8,10,489
45.0,14,8,11,492
45.0,14,8,12,494
45.0,14,8,13,496
45.0,14,8,14,498
45.0,14,8,15,500
45.0,14,9,0,470
45.0,14,9,1,472
45.0,14,9,2,474
45.0,14,9,3,476
45.0,14,9,4,479
45.0,14,9,5,481
45.0,14,9,6,483
45.0,14,9,7,485
45.0,14,9,8,488
45.0,14,9,9,490
45.0,14,9,10,492
45.0,14,9,11,494
45.0,14,9,12,496
45.0,14,9,13,499
45.0,14,9,14,501
45.0,14,9,15,503
45.0,14,10,0,472
45.0,14,10,1,474
45.0,14,10,2,477
45.0,14,10,3,479
45.0,14,10,4,481
45.0,14,10,5,484
45.0,14,10,6,486
45.0,14,10,7,488
45.0,14,10,8,490
45.0,14,10,9,493
45.0,14,10,10,495
45.0,14,10,11,497
45.0,14,10,12,499
45.0,14,10,13,501
45.0,14,10,14,503
45.0,14,10,15,506
45.0,14,11,0,475
45.0,14,11,1,477
45.0,14,11,2,479
45.0,14,11,3,482
45.0,14,11,4,484
45.0,14,11,5,486
45.0,14,11,6,488
45.0,14,11,7,491
45.0,14,11,8,493
45.0,14,11,9,495
45.0,14,11,10,497
45.0,14,11,11,500
45.0,14,11,12,502
45.0,14,11,13,504
45.0,14,11,14,506
45.0,14,11,15,508
45.0,14,12,0,477
45.0,14,12,1,479
45.0,14,12,2,482
45.0,14,12,3,484
45.0,14,12,4,486
45.0,14,12,5,489
45.0,14,12,6,491
45.0,14,12,7,493
45.0,14,12,8,496
45.0,14,12,9,498
45.0,14,12,10,500
45.0,14,12,11,502
45.0,14,12,12,504
45.0,14,12,13,507
45.0,14,12,14,509
45.0,14,12,15,511
45.0,14,13,0,480
45.0,14,13,1,482
45.0,14,13,2,484
45.0,14,13,3,487
45.0,14,13,4,489
45.0,14,13,5,491
45.0,14,13,6,494
45.0,14,13,7,496
45.0,14,13,8,498
45.0,14,13,9,500
45.0,14,13,10,503
45.0,14,13,11,505
45.0,14,13,12,507
45.0,14,13,13,509
45.0,14,13,14,512
45.0,14,13,15,514
45.0,14,14,0,482
45.0,14,14,1,485
45.0,14,14,2,487
45.0,14,14,3,489
45.0,14,14,4,492
45.0,14,14,5,494
45.0,14,14,6,496
45.0,14,14,7,498
45.0,14,14,8,501
45.0,14,14,9,503
45.0,14,14,10,505
45.0,14,14,11,508
45.0,14,14,12,510
45.0,14,14,13,512
45.0,14,14,14,514
45.0,14,14,15,516
45.0,14,15,0,485
45.0,14,15,1,487
45.0,14,15,2,489
45.0,14,15,3,492
45.0,14,15,4,494
45.0,14,15,5,496
45.0,14,15,6,499
45.0,14,15,7,501
45.0,14,15,8,503
45.0,14,15,9,506
45.0,14,15,10,508
45.0,14,15,11,510
45.0,14,15,12,512
45.0,14,15,13,515
45.0,14,15,14,517
45.0,14,15,15,519
45.0,15,0,0,452
45.0,15,0,1,454
45.0,15,0,2,457
45.0,15,0,3,459
45.0,15,0,4,461
45.0,15,0,5,463
45.0,15,0,6,465
45.0,15,0,7,467
45.0,15,0,8,470
45.0,15,0,9,472
45.0,15,0,10,474
45.0,15,0,11,476
45.0,15,0,12,478
45.0,15,0,13,480
45.0,15,0,14,482
45.0,15,0,15,484
45.0,15,1,0,455
45.0,15,1,1,457
45.0,15,1,2,459
45.0,15,1,3,461
45.0,15,1,4,464
45.0,15,1,5,466
45.0,15,1,6,468
45.0,15,1,7,470
45.0,15,1,8,472
45.0,15,1,9,474
45.0,15,1,10,477
45.0,15,1,11,479
45.0,15,1,12,481
45.0,15,1,13,483
45.0,15,1,14,485
45.0,15,1,15,487
45.0,15,2,0,458
45.0,15,2,1,460
45.0,15,2,2,462
45.0,15,2,3,464
45.0,15,2,4,466
45.0,15,2,5,469
45.0,15,2,6,471
45.0,15,2,7,473
45.0,15,2,8,475
45.0,15,2,9,477
45.0,15,2,10,479
45.0,15,2,11,482
45.0,15,2,12,484
45.0,15,2,13,486
45.0,15,2,14,488
45.0,15,2,15,490
45.0,15,3,0,460
45.0,15,3,1,462
45.0,15,3,2,465
45.0,15,3,3,467
45.0,15,3,4,469
45.0,15,3,5,471
45.0,15,3,6,474
45.0,15,3,7,476
45.0,15,3,8,478
45.0,15,3,9,480
45.0,15,3,10,482
45.0,15,3,11,484
45.0,15,3,12,487
45.0,15,3,13,489
45.0,15,3,14,491
45.0,15,3,15,493
45.0,15,4,0,463
45.0,15,4,1,465
45.0,15,4,2,467
45.0,15,4,3,470
45.0,15,4,4,472
45.0,15,4,5,474
45.0,15,4,6,476
45.0,15,4,7,479
45.0,15,4,8,481
45.0,15,4,9,483
45.0,15,4,10,485
45.0,15,4,11,487
45.0,15,4,12,489
45.0,15,4,13,492
45.0,15,4,14,494
45.0,15,4,15,496
45.0,15,5,0,466
45.0,15,5,1,468
45.0,15,5,2,470
45.0,15,5,3,472
45.0,15,5,4,475
45.0,15,5,5,477
45.0,15,5,6,479
45.0,15,5,7,481
45.0,15,5,8,483
45.0,15,5,9,486
45.0,15,5,10,488
45.0,15,5,11,490
45.0,15,5,12,492
45.0,15,5,13,494
45.0,15,5,14,496
45.0,15,5,15,499
45.0,15,6,0,468
45.0,15,6,1,470
45.0,15,6,2,473
45.0,15,6,3,475
45.0,15,6,4,477
45.0,15,6,5,480
45.0,15,6,6,482
45.0,15,6,7,484
45.0,15,6,8,486
45.0,15,6,9,488
45.0,15,6,10,491
45.0,15,6,11,493
45.0,15,6,12,495
45.0,15,6,13,497
45.0,15,6,14,499
45.0,15,6,15,501
45.0,15,7,0,471
45.0,15,7,1,473
45.0,15,7,2,475
45.0,15,7,3,478
45.0,15,7,4,480
45.0,15,7,5,482
45.0,15,7,6,484
45.0,15,7,7,487
45.0,15,7,8,489
45.0,15,7,9,491
45.0,15,7,10,493
45.0,15,7,11,496
45.0,15,7,12,498
45.0,15,7,13,500
45.0,15,7,14,502
45.0,15,7,15,504
45.0,15,8,0,473
45.0,15,8,1,476
45.0,15,8,2,478
45.0,15,8,3,480
45.0,15,8,4,483
45.0,15,8,5,485
45.0,15,8,6,487
45.0,15,8,7,489
45.0,15,8,8,492
45.0,15,8,9,494
45.0,15,8,10,496
45.0,15,8,11,498
45.0,15,8,12,501
45.0,15,8,13,503
45.0,15,8,14,505
45.0,15,8,15,507
45.0,15,9,0,476
45.0,15,9,1,478
45.0,15,9,2,481
45.0,15,9,3,483
45.0,15,9,4,485
45.0,15,9,5,488
45.0,15,9,6,490
45.0,15,9,7,492
45.0,15,9,8,494
45.0,15,9,9,497
45.0,15,9,10,499
45.0,15,9,11,501
45.0,15,9,12,503
45.0,15,9,13,505
45.0,15,9,14,508
45.0,15,9,15,510
45.0,15,10,0,479
45.0,15,10,1,481
45.0,15,10,2,483
45.0,15,10,3,486
45.0,15,10,4,488
45.0,15,10,5,490
45.0,15,10,6,492
45.0,15,10,7,495
45.0,15,10,8,497
45.0,15,10,9,499
45.0,15,10,10,502
45.0,15,10,11,504
45.0,15,10,12,506
45.0,15,10,13,508
45.0,15,10,14,510
45.0,15,10,15,513
45.0,15,11,0,481
45.0,15,11,1,484
45.0,15,11,2,486
45.0,15,11,3,488
45.0,15,11,4,491
45.0,15,11,5,493
45.0,15,11,6,495
45.0,15,11,7,497
45.0,15,11,8,500
45.0,15,11,9,502
45.0,15,11,10,504
45.0,15,11,11,506
45.0,15,11,12,509
45.0,15,11,13,511
45.0,15,11,14,513
45.0,15,11,15,515
45.0,15,12,0,484
45.0,15,12,1,486
45.0,15,12,2,488
45.0,15,12,3,491
45.0,15,12,4,493
45.0,15,12,5,495
45.0,15,12,6,498
45.0,15,12,7,500
45.0,15,12,8,502
45.0,15,12,9,505
45.0,15,12,10,507
45.0,15,12,11,509
45.0,15,12,12,511
45.0,15,12,13,514
45.0,15,12,14,516
45.0,15,12,15,518
45.0,15,13,0,486
45.0,15,13,1,489
45.0,15,13,2,491
45.0,15,13,3,493
45.0,15,13,4,496
45.0,15,13,5,498
45.0,15,13,6,500
45.0,15,13,7,503
45.0,15,13,8,505
45.0,15,13,9,507
45.0,15,13,10,510
45.0,15,13,11,512
45.0,15,13,12,514
45.0,15,13,13,516
45.0,15,13,14,519
45.0,15,13,15,521
45.0,15,14,0,489
45.0,15,14,1,491
45.0,15,14,2,494
45.0,15,14,3,496
45.0,15,14,4,498
45.0,15,14,5,501
45.0,15,14,6,503
45.0,15,14,7,505
45.0,15,14,8,508
45.0,15,14,9,510
45.0,15,14,10,512
45.0,15,14,11,514
45.0,15,14,12,517
45.0,15,14,13,519
45.0,15,14,14,521
45.0,15,14,15,524
45.0,15,15,0,491
45.0,15,15,1,494
45.0,15,15,2,496
45.0,15,15,3,498
45.0,15,15,4,501
45.0,15,15,5,503
45.0,15,15,6,506
45.0,15,15,7,508
45.0,15,15,8,510
45.0,15,15,9,513
45.0,15,15,10,515
45.0,15,15,11,517
45.0,15,15,12,519
45.0,15,15,13,522
45.0,15,15,14,524
45.0,15,15,15,526
45.5,0,0,0,363
45.5,0,0,1,364
45.5,0,0,2,366
45.5,0,0,3,368
45.5,0,0,4,370
45.5,0,0,5,371
45.5,0,0,6,373
45.5,0,0,7,375
45.5,0,0,8,377
45.5,0,0,9,378
45.5,0,0,10,380
45.5,0,0,11,382
45.5,0,0,12,383
45.5,0,0,13,385
45.5,0,0,14,387
45.5,0,0,15,388
45.5,0,1,0,365
45.5,0,1,1,367
45.5,0,1,2,368
45.5,0,1,3,370
45.5,0,1,4,372
45.5,0,1,5,374
45.5,0,1,6,375
45.5,0,1,7,377
45.5,0,1,8,379
45.5,0,1,9,381
45.5,0,1,10,382
45.5,0,1,11,384
45.5,0,1,12,386
45.5,0,1,13,387
45.5,0,1,14,389
45.5,0,1,15,391
45.5,0,2,0,367
45.5,0,2,1,369
45.5,0,2,2,370
45.5,0,2,3,372
45.5,0,2,4,374
45.5,0,2,5,376
45.5,0,2,6,378
45.5,0,2,7,379
45.5,0,2,8,381
45.5,0,2,9,383
45.5,0,2,10,385
45.5,0,2,11,386
45.5,0,2,12,388
45.5,0,2,13,390
45.5,0,2,14,391
45.5,0,2,15,393
45.5,0,3,0,369
45.5,0,3,1,371
45.5,0,3,2,373
45.5,0,3,3,374
45.5,0,3,4,376
45.5,0,3,5,378
45.5,0,3,6,380
45.5,0,3,7,382
45.5,0,3,8,383
45.5,0,3,9,385
45.5,0,3,10,387
45.5,0,3,11,388
45.5,0,3,12,390
45.5,0,3,13,392
45.5,0,3,14,394
45.5,0,3,15,395
45.5,0,4,0,371
45.5,0,4,1,373
45.5,0,4,2,375
45.5,0,4,3,377
45.5,0,4,4,378
45.5,0,4,5,380
45.5,0,4,6,382
45.5,0,4,7,384
45.5,0,4,8,386
45.5,0,4,9,387
45.5,0,4,10,389
45.5,0,4,11,391
45.5,0,4,12,392
45.5,0,4,13,394
45.5,0,4,14,396
45.5,0,4,15,398
45.5,0,5,0,373
45.5,0,5,1,375
45.5,0,5,2,377
45.5,0,5,3,379
45.5,0,5,4,381
45.5,0,5,5,382
45.5,0,5,6,384
45.5,0,5,7,386
45.5,0,5,8,388
45.5,0,5,9,389
45.5,0,5,10,391
45.5,0,5,11,393
45.5,0,5,12,395
45.5,0,5,13,396
45.5,0,5,14,398
45.5,0,5,15,400
45.5,0,6,0,375
45.5,0,6,1,377
45.5,0,6,2,379
45.5,0,6,3,381
45.5,0,6,4,383
45.5,0,6,5,385
45.5,0,6,6,386
45.5,0,6,7,388
45.5,0,6,8,390
45.5,0,6,9,392
45.5,0,6,10,393
45.5,0,6,11,395
45.5,0,6,12,397
45.5,0,6,13,399
45.5,0,6,14,400
45.5,0,6,15,402
45.5,0,7,0,378
45.5,0,7,1,379
45.5,0,7,2,381
45.5,0,7,3,383
45.5,0,7,4,385
45.5,0,7,5,387
45.5,0,7,6,389
45.5,0,7,7,390
45.5,0,7,8,392
45.5,0,7,9,394
45.5,0,7,10,396
45.5,0,7,11,397
45.5,0,7,12,399
45.5,0,7,13,401
45.5,0,7,14,403
45.5,0,7,15,404
45.5,0,8,0,380
45.5,0,8,1,382
45.5,0,8,2,383
45.5,0,8,3,385
45.5,0,8,4,387
45.5,0,8,5,389
45.5,0,8,6,391
45.5,0,8,7,392
45.5,0,8,8,394
45.5,0,8,9,396
45.5,0,8,10,398
45.5,0,8,11,400
45.5,0,8,12,401
45.5,0,8,13,403
45.5,0,8,14,405
45.5,0,8,15,407
45.5,0,9,0,382
45.5,0,9,1,384
45.5,0,9,2,385
45.5,0,9,3,387
45.5,0,9,4,389
45.5,0,9,5,391
45.5,0,9,6,393
45.5,0,9,7,395
45.5,0,9,8,396
45.5,0,9,9,398
45.5,0,9,10,400
45.5,0,9,11,402
45.5,0,9,12,404
45.5,0,9,13,405
45.5,0,9,14,407
45.5,0,9,15,409
45.5,0,10,0,384
45.5,0,10,1,386
45.5,0,10,2,388
45.5,0,10,3,389
45.5,0,10,4,391
45.5,0,10,5,393
45.5,0,10,6,395
45.5,0,10,7,397
45.5,0,10,8,399
45.5,0,10,9,400
45.5,0,10,10,402
45.5,0,10,11,404
45.5,0,10,12,406
45.5,0,10,13,408
45.5,0,10,14,409
45.5,0,10,15,411
45.5,0,11,0,386
45.5,0,11,1,388
45.5,0,11,2,390
45.5,0,11,3,392
45.5,0,11,4,393
45.5,0,11,5,395
45.5,0,11,6,397
45.5,0,11,7,399
45.5,0,11,8,401
45.5,0,11,9,403
45.5,0,11,10,404
45.5,0,11,11,406
45.5,0,11,12,408
45.5,0,11,13,410
45.5,0,11,14,412
45.5,0,11,15,413
45.5,0,12,0,388
45.5,0,12,1,390
45.5,0,12,2,392
45.5,0,12,3,394
45.5,0,12,4,395
45.5,0,12,5,397
45.5,0,12,6,399
45.5,0,12,7,401
45.5,0,12,8,403
45.5,0,12,9,405
45.5,0,12,10,407
45.5,0,12,11,408
45.5,0,12,12,410
45.5,0,12,13,412
45.5,0,12,14,414
45.5,0,12,15,416
45.5,0,13,0,390
45.5,0,13,1,392
45.5,0,13,2,394
45.5,0,13,3,396
45.5,0,13,4,398
45.5,0,13,5,399
45.5,0,13,6,401
45.5,0,13,7,403
45.5,0,13,8,405
45.5,0,13,9,407
45.5,0,13,10,409
45.5,0,13,11,410
45.5,0,13,12,412
45.5,0,13,13,414
45.5,0,13,14,416
45.5,0,13,15,418
45.5,0,14,0,392
45.5,0,14,1,394
45.5,0,14,2,396
45.5,0,14,3,398
45.5,0,14,4,400
45.5,0,14,5,401
45.5,0,14,6,403
45.5,0,14,7,405
45.5,0,14,8,407
45.5,0,14,9,409
45.5,0,14,10,411
45.5,0,14,11,413
45.5,0,14,12,414
45.5,0,14,13,416
45.5,0,14,14,418
45.5,0,14,15,420
45.5,0,15,0,394
45.5,0,15,1,396
45.5,0,15,2,398
45.5,0,15,3,400
45.5,0,15,4,402
45.5,0,15,5,404
45.5,0,15,6,405
45.5,0,15,7,407
45.5,0,15,8,409
45.5,0,15,9,411
45.5,0,15,10,413
45.5,0,15,11,415
45.5,0,15,12,417
45.5,0,15,13,418
45.5,0,15,14,420
45.5,0,15,15,422
45.5,1,0,0,369
45.5,1,0,1,371
45.5,1,0,2,372
45.5,1,0,3,374
45.5,1,0,4,376
45.5,1,0,5,378
45.5,1,0,6,379
45.5,1,0,7,381
45.5,1,0,8,383
45.5,1,0,9,385
45.5,1,0,10,386
45.5,1,0,11,388
45.5,1,0,12,390
45.5,1,0,13,392
45.5,1,0,14,393
45.5,1,0,15,395
45.5,1,1,0,371
45.5,1,1,1,373
45.5,1,1,2,375
45.5,1,1,3,376
45.5,1,1,4,378
45.5,1,1,5,380
45.5,1,1,6,382
45.5,1,1,7,383
45.5,1,1,8,385
45.5,1,1,9,387
45.5,1,1,10,389
45.5,1,1,11,390
45.5,1,1,12,392
45.5,1,1,13,394
45.5,1,1,14,396
45.5,1,1,15,397
45.5,1,2,0,373
45.5,1,2,1,375
45.5,1,2,2,377
45.5,1,2,3,379
45.5,1,2,4,380
45.5,1,2,5,382
45.5,1,2,6,384
45.5,1,2,7,386
45.5,1,2,8,388
45.5,1,2,9,389
45.5,1,2,10,391
45.5,1,2,11,393
45.5,1,2,12,395
45.5,1,2,13,396
45.5,1,2,14,398
45.5,1,2,15,400
45.5,1,3,0,375
45.5,1,3,1,377
45.5,1,3,2,379
45.5,1,3,3,381
45.5,1,3,4,383
45.5,1,3,5,384
45.5,1,3,6,386
45.5,1,3,7,388
45.5,1,3,8,390
45.5,1,3,9,392
45.5,1,3,10,393
45.5,1,3,11,395
45.5,1,3,12,397
45.5,1,3,13,399
45.5,1,3,14,400
45.5,1,3,15,402
45.5,1,4,0,378
45.5,1,4,1,379
45.5,1,4,2,381
45.5,1,4,3,383
45.5,1,4,4,385
45.5,1,4,5,387
45.5,1,4,6,388
45.5,1,4,7,390
45.5,1,4,8,392
45.5,1,4,9,394
45.5,1,4,10,396
45.5,1,4,11,397
45.5,1,4,12,399
45.5,1,4,13,401
45.5,1,4,14,403
45.5,1,4,15,404
45.5,1,5,0,380
45.5,1,5,1,382
45.5,1,5,2,383
45.5,1,5,3,385
45.5,1,5,4,387
45.5,1,5,5,389
45.5,1,5,6,391
45.5,1,5,7,393
45.5,1,5,8,394
45.5,1,5,9,396
45.5,1,5,10,398
45.5,1,5,11,400
45.5,1,5,12,401
45.5,1,5,13,403
45.5,1,5,14,405
45.5,1,5,15,407
45.5,1,6,0,382
45.5,1,6,1,384
45.5,1,6,2,386
45.5,1,6,3,387
45.5,1,6,4,389
45.5,1,6,5,391
45.5,1,6,6,393
45.5,1,6,7,395
45.5,1,6,8,397
45.5,1,6,9,398
45.5,1,6,10,400
45.5,1,6,11,402
45.5,1,6,12,404
45.5,1,6,13,405
45.5,1,6,14,407
45.5,1,6,15,409
45.5,1,7,0,384
45.5,1,7,1,386
45.5,1,7,2,388
45.5,1,7,3,390
45.5,1,7,4,391
45.5,1,7,5,393
45.5,1,7,6,395
45.5,1,7,7,397
45.5,1,7,8,399
45.5,1,7,9,401
45.5,1,7,10,402
45.5,1,7,11,404
45.5,1,7,12,406
45.5,1,7,13,408
45.5,1,7,14,410
45.5,1,7,15,411
45.5,1,8,0,386
45.5,1,8,1,388
45.5,1,8,2,390
45.5,1,8,3,392
45.5,1,8,4,394
45.5,1,8,5,395
45.5,1,8,6,397
45.5,1,8,7,399
45.5,1,8,8,401
45.5,1,8,9,403
45.5,1,8,10,405
45.5,1,8,11,406
45.5,1,8,12,408
45.5,1,8,13,410
45.5,1,8,14,412
45.5,1,8,15,414
45.5,1,9,0,388
45.5,1,9,1,390
45.5,1,9,2,392
45.5,1,9,3,394
45.5,1,9,4,396
45.5,1,9,5,398
45.5,1,9,6,399
45.5,1,9,7,401
45.5,1,9,8,403
45.5,1,9,9,405
45.5,1,9,10,407
45.5,1,9,11,409
45.5,1,9,12,410
45.5,1,9,13,412
45.5,1,9,14,414
45.5,1,9,15,416
45.5,1,10,0,390
45.5,1,10,1,392
45.5,1,10,2,394
45.5,1,10,3,396
45.5,1,10,4,398
45.5,1,10,5,400
45.5,1,10,6,402
45.5,1,10,7,404
45.5,1,10,8,405
45.5,1,10,9,407
45.5,1,10,10,409
45.5,1,10,11,411
45.5,1,10,12,413
45.5,1,10,13,414
45.5,1,10,14,416
45.5,1,10,15,418
45.5,1,11,0,392
45.5,1,11,1,394
45.5,1,11,2,396
45.5,1,11,3,398
45.5,1,11,4,400
45.5,1,11,5,402
45.5,1,11,6,404
45.5,1,11,7,406
45.5,1,11,8,408
45.5,1,11,9,409
45.5,1,11,10,411
45.5,1,11,11,413
45.5,1,11,12,415
45.5,1,11,13,417
45.5,1,11,14,419
45.5,1,11,15,420
45.5,1,12,0,395
45.5,1,12,1,396
45.5,1,12,2,398
45.5,1,12,3,400
45.5,1,12,4,402
45.5,1,12,5,404
45.5,1,12,6,406
45.5,1,12,7,408
45.5,1,12,8,410
45.5,1,12,9,412
45.5,1,12,10,413
45.5,1,12,11,415
45.5,1,12,12,417
45.5,1,12,13,419
45.5,1,12,14,421
45.5,1,12,15,423
45.5,1,13,0,397
45.5,1,13,1,399
45.5,1,13,2,400
45.5,1,13,3,402
45.5,1,13,4,404
45.5,1,13,5,406
45.5,1,13,6,408
45.5,1,13,7,410
45.5,1,13,8,412
45.5,1,13,9,414
45.5,1,13,10,416
45.5,1,13,11,417
45.5,1,13,12,419
45.5,1,13,13,421
45.5,1,13,14,423
45.5,1,13,15,425
45.5,1,14,0,399
45.5,1,14,1,401
45.5,1,14,2,403
45.5,1,14,3,404
45.5,1,14,4,406
45.5,1,14,5,408
45.5,1,14,6,410
45.5,1,14,7,412
45.5,1,14,8,414
45.5,1,14,9,416
45.5,1,14,10,418
45.5,1,14,11,420
45.5,1,14,12,421
45.5,1,14,13,423
45.5,1,14,14,425
45.5,1,14,15,427
45.5,1,15,0,401
45.5,1,15,1,403
45.5,1,15,2,405
45.5,1,15,3,407
45.5,1,15,4,408
45.5,1,15,5,410
45.5,1,15,6,412
45.5,1,15,7,414
45.5,1,15,8,416
45.5,1,15,9,418
45.5,1,15,10,420
45.5,1,15,11,422
45.5,1,15,12,424
45.5,1,15,13,425
45.5,1,15,14,427
45.5,1,15,15,429
45.5,2,0,0,375
45.5,2,0,1,377
45.5,2,0,2,379
45.5,2,0,3,380
45.5,2,0,4,382
45.5,2,0,5,384
45.5,2,0,6,386
45.5,2,0,7,388
45.5,2,0,8,389
45.5,2,0,9,391
45.5,2,0,10,393
45.5,2,0,11,395
45.5,2,0,12,396
45.5,2,0,13,398
45.5,2,0,14,400
45.5,2,0,15,402
45.5,2,1,0,377
45.5,2,1,1,379
45.5,2,1,2,381
45.5,2,1,3,383
45.5,2,1,4,384
45.5,2,1,5,386
45.5,2,1,6,388
45.5,2,1,7,390
45.5,2,1,8,392
45.5,2,1,9,393
45.5,2,1,10,395
45.5,2,1,11,397
45.5,2,1,12,399
45.5,2,1,13,400
45.5,2,1,14,402
45.5,2,1,15,404
45.5,2,2,0,379
45.5,2,2,1,381
45.5,2,2,2,383
45.5,2,2,3,385
45.5,2,2,4,387
45.5,2,2,5,389
45.5,2,2,6,390
45.5,2,2,7,392
45.5,2,2,8,394
45.5,2,2,9,396
45.5,2,2,10,398
45.5,2,2,11,399
45.5,2,2,12,401
45.5,2,2,13,403
45.5,2,2,14,405
45.5,2,2,15,406
45.5,2,3,0,382
45.5,2,3,1,383
45.5,2,3,2,385
45.5,2,3,3,387
45.5,2,3,4,389
45.5,2,3,5,391
45.5,2,3,6,393
45.5,2,3,7,394
45.5,2,3,8,396
45.5,2,3,9,398
45.5,2,3,10,400
45.5,2,3,11,402
45.5,2,3,12,403
45.5,2,3,13,405
45.5,2,3,14,407
45.5,2,3,15,409
45.5,2,4,0,384
45.5,2,4,1,386
45.5,2,4,2,388
45.5,2,4,3,389
45.5,2,4,4,391
45.5,2,4,5,393
45.5,2,4,6,395
45.5,2,4,7,397
45.5,2,4,8,399
45.5,2,4,9,400
45.5,2,4,10,402
45.5,2,4,11,404
45.5,2,4,12,406
45.5,2,4,13,408
45.5,2,4,14,409
45.5,2,4,15,411
45.5,2,5,0,386
45.5,2,5,1,388
45.5,2,5,2,390
45.5,2,5,3,392
45.5,2,5,4,394
45.5,2,5,5,395
45.5,2,5,6,397
45.5,2,5,7,399
45.5,2,5,8,401
45.5,2,5,9,403
45.5,2,5,10,405
45.5,2,5,11,406
45.5,2,5,12,408
45.5,2,5,13,410
45.5,2,5,14,412
45.5,2,5,15,413
45.5,2,6,0,388
45.5,2,6,1,390
45.5,2,6,2,392
45.5,2,6,3,394
45.5,2,6,4,396
45.5,2,6,5,398
45.5,2,6,6,399
45.5,2,6,7,401
45.5,2,6,8,403
45.5,2,6,9,405
45.5,2,6,10,407
45.5,2,6,11,409
45.5,2,6,12,410
45.5,2,6,13,412
45.5,2,6,14,414
45.5,2,6,15,416
45.5,2,7,0,390
45.5,2,7,1,392
45.5,2,7,2,394
45.5,2,7,3,396
45.5,2,7,4,398
45.5,2,7,5,400
45.5,2,7,6,402
45.5,2,7,7,404
45.5,2,7,8,405
45.5,2,7,9,407
45.5,2,7,10,409
45.5,2,7,11,411
45.5,2,7,12,413
45.5,2,7,13,415
45.5,2,7,14,416
45.5,2,7,15,418
45.5,2,8,0,393
45.5,2,8,1,394
45.5,2,8,2,396
45.5,2,8,3,398
45.5,2,8,4,400
45.5,2,8,5,402
45.5,2,8,6,404
45.5,2,8,7,406
45.5,2,8,8,408
45.5,2,8,9,410
45.5,2,8,10,411
45.5,2,8,11,413
45.5,2,8,12,415
45.5,2,8,13,417
45.5,2,8,14,419
45.5,2,8,15,420
45.5,2,9,0,395
45.5,2,9,1,397
45.5,2,9,2,399
45.5,2,9,3,400
45.5,2,9,4,402
45.5,2,9,5,404
45.5,2,9,6,406
45.5,2,9,7,408
45.5,2,9,8,410
45.5,2,9,9,412
45.5,2,9,10,414
45.5,2,9,11,415
45.5,2,9,12,417
45.5,2,9,13,419
45.5,2,9,14,421
45.5,2,9,15,423
45.5,2,10,0,397
45.5,2,10,1,399
45.5,2,10,2,401
45.5,2,10,3,403
45.5,2,10,4,405
45.5,2,10,5,406
45.5,2,10,6,408
45.5,2,10,7,410
45.5,2,10,8,412
45.5,2,10,9,414
45.5,2,10,10,416
45.5,2,10,11,418
45.5,2,10,12,420
45.5,2,10,13,421
45.5,2,10,14,423
45.5,2,10,15,425
45.5,2,11,0,399
45.5,2,11,1,401
45.5,2,11,2,403
45.5,2,11,3,405
45.5,2,11,4,407
45.5,2,11,5,409
45.5,2,11,6,411
45.5,2,11,7,412
45.5,2,11,8,414
45.5,2,11,9,416
45.5,2,11,10,418
45.5,2,11,11,420
45.5,2,11,12,422
45.5,2,11,13,424
45.5,2,11,14,426
45.5,2,11,15,427
45.5,2,12,0,401
45.5,2,12,1,403
45.5,2,12,2,405
45.5,2,12,3,407
45.5,2,12,4,409
45.5,2,12,5,411
45.5,2,12,6,413
45.5,2,12,7,415
45.5,2,12,8,417
45.5,2,12,9,418
45.5,2,12,10,420
45.5,2,12,11,422
45.5,2,12,12,424
45.5,2,12,13,426
45.5,2,12,14,428
45.5,2,12,15,430
45.5,2,13,0,403
45.5,2,13,1,405
45.5,2,13,2,407
45.5,2,13,3,409
45.5,2,13,4,411
45.5,2,13,5,413
45.5,2,13,6,415
45.5,2,13,7,417
45.5,2,13,8,419
45.5,2,13,9,421
45.5,2,13,10,423
45.5,2,13,11,424
45.5,2,13,12,426
45.5,2,13,13,428
45.5,2,13,14,430
45.5,2,13,15,432
45.5,2,14,0,405
45.5,2,14,1,407
45.5,2,14,2,409
45.5,2,14,3,411
45.5,2,14,4,413
45.5,2,14,5,415
45.5,2,14,6,417
45.5,2,14,7,419
45.5,2,14,8,421
45.5,2,14,9,423
45.5,2,14,10,425
45.5,2,14,11,427
45.5,2,14,12,429
45.5,2,14,13,430
45.5,2,14,14,432
45.5,2,14,15,434
45.5,2,15,0,407
45.5,2,15,1,409
45.5,2,15,2,411
45.5,2,15,3,413
45.5,2,15,4,415
45.5,2,15,5,417
45.5,2,15,6,419
45.5,2,15,7,421
45.5,2,15,8,423
45.5,2,15,9,425
45.5,2,15,10,427
45.5,2,15,11,429
45.5,2,15,12,431
45.5,2,15,13,433
45.5,2,15,14,434
45.5,2,15,15,436
45.5,3,0,0,381
45.5,3,0,1,383
45.5,3,0,2,385
45.5,3,0,3,387
45.5,3,0,4,388
45.5,3,0,5,390
45.5,3,0,6,392
45.5,3,0,7,394
45.5,3,0,8,396
45.5,3,0,9,398
45.5,3,0,10,399
45.5,3,0,11,401
45.5,3,0,12,403
45.5,3,0,13,405
45.5,3,0,14,406
45.5,3,0,15,408
45.5,3,1,0,383
45.5,3,1,1,385
45.5,3,1,2,387
45.5,3,1,3,389
45.5,3,1,4,391
45.5,3,1,5,393
45.5,3,1,6,394
45.5,3,1,7,396
45.5,3,1,8,398
45.5,3,1,9,400
45.5,3,1,10,402
45.5,3,1,11,403
45.5,3,1,12,405
45.5,3,1,13,407
45.5,3,1,14,409
45.5,3,1,15,411
45.5,3,2,0,386
45.5,3,2,1,387
45.5,3,2,2,389
45.5,3,2,3,391
45.5,3,2,4,393
45.5,3,2,5,395
45.5,3,2,6,397
45.5,3,2,7,399
45.5,3,2,8,400
45.5,3,2,9,402
45.5,3,2,10,404
45.5,3,2,11,406
45.5,3,2,12,408
45.5,3,2,13,409
45.5,3,2,14,411
45.5,3,2,15,413
45.5,3,3,0,388
45.5,3,3,1,390
45.5,3,3,2,392
45.5,3,3,3,394
45.5,3,3,4,395
45.5,3,3,5,397
45.5,3,3,6,399
45.5,3,3,7,401
45.5,3,3,8,403
45.5,3,3,9,405
45.5,3,3,10,406
45.5,3,3,11,408
45.5,3,3,12,410
45.5,3,3,13,412
45.5,3,3,14,414
45.5,3,3,15,415
45.5,3,4,0,390
45.5,3,4,1,392
45.5,3,4,2,394
45.5,3,4,3,396
45.5,3,4,4,398
45.5,3,4,5,400
45.5,3,4,6,401
45.5,3,4,7,403
45.5,3,4,8,405
45.5,3,4,9,407
45.5,3,4,10,409
45.5,3,4,11,411
45.5,3,4,12,412
45.5,3,4,13,414
45.5,3,4,14,416
45.5,3,4,15,418
45.5,3,5,0,392
45.5,3,5,1,394
45.5,3,5,2,396
45.5,3,5,3,398
45.5,3,5,4,400
45.5,3,5,5,402
45.5,3,5,6,404
45.5,3,5,7,406
45.5,3,5,8,407
45.5,3,5,9,409
45.5,3,5,10,411
45.5,3,5,11,413
45.5,3,5,12,415
45.5,3,5,13,417
45.5,3,5,14,418
45.5,3,5,15,420
45.5,3,6,0,395
45.5,3,6,1,397
45.5,3,6,2,398
45.5,3,6,3,400
45.5,3,6,4,402
45.5,3,6,5,404
45.5,3,6,6,406
45.5,3,6,7,408
45.5,3,6,8,410
45.5,3,6,9,412
45.5,3,6,10,413
45.5,3,6,11,415
45.5,3,6,12,417
45.5,3,6,13,419
45.5,3,6,14,421
45.5,3,6,15,423
45.5,3,7,0,397
45.5,3,7,1,399
45.5,3,7,2,401
45.5,3,7,3,403
45.5,3,7,4,405
45.5,3,7,5,406
45.5,3,7,6,408
45.5,3,7,7,410
45.5,3,7,8,412
45.5,3,7,9,414
45.5,3,7,10,416
45.5,3,7,11,418
45.5,3,7,12,420
45.5,3,7,13,421
45.5,3,7,14,423
45.5,3,7,15,425
45.5,3,8,0,399
45.5,3,8,1,401
45.5,3,8,2,403
45.5,3,8,3,405
45.5,3,8,4,407
45.5,3,8,5,409
45.5,3,8,6,411
45.5,3,8,7,412
45.5,3,8,8,414
45.5,3,8,9,416
45.5,3,8,10,418
45.5,3,8,11,420
45.5,3,8,12,422
45.5,3,8,13,424
45.5,3,8,14,426
45.5,3,8,15,427
45.5,3,9,0,401
45.5,3,9,1,403
45.5,3,9,2,405
45.5,3,9,3,407
45.5,3,9,4,409
45.5,3,9,5,411
45.5,3,9,6,413
45.5,3,9,7,415
45.5,3,9,8,417
45.5,3,9,9,419
45.5,3,9,10,420
45.5,3,9,11,422
45.5,3,9,12,424
45.5,3,9,13,426
45.5,3,9,14,428
45.5,3,9,15,430
45.5,3,10,0,403
45.5,3,10,1,405
45.5,3,10,2,407
45.5,3,10,3,409
45.5,3,10,4,411
45.5,3,10,5,413
45.5,3,10,6,415
45.5,3,10,7,417
45.5,3,10,8,419
45.5,3,10,9,421
45.5,3,10,10,423
45.5,3,10,11,425
45.5,3,10,12,426
45.5,3,10,13,428
45.5,3,10,14,430
45.5,3,10,15,432
45.5,3,11,0,406
45.5,3,11,1,408
45.5,3,11,2,409
45.5,3,11,3,411
45.5,3,11,4,413
45.5,3,11,5,415
45.5,3,11,6,417
45.5,3,11,7,419
45.5,3,11,8,421
45.5,3,11,9,423
45.5,3,11,10,425
45.5,3,11,11,427
45.5,3,11,12,429
45.5,3,11,13,431
45.5,3,11,14,432
45.5,3,11,15,434
45.5,3,12,0,408
45.5,3,12,1,410
45.5,3,12,2,412
45.5,3,12,3,414
45.5,3,12,4,416
45.5,3,12,5,418
45.5,3,12,6,420
45.5,3,12,7,421
45.5,3,12,8,423
45.5,3,12,9,425
45.5,3,12,10,427
45.5,3,12,11,429
45.5,3,12,12,431
45.5,3,12,13,433
45.5,3,12,14,435
45.5,3,12,15,437
45.5,3,13,0,410
45.5,3,13,1,412
45.5,3,13,2,414
45.5,3,13,3,416
45.5,3,13,4,418
45.5,3,13,5,420
45.5,3,13,6,422
45.5,3,13,7,424
45.5,3,13,8,426
45.5,3,13,9,428
45.5,3,13,10,429
45.5,3,13,11,431
45.5,3,13,12,433
45.5,3,13,13,435
45.5,3,13,14,437
45.5,3,13,15,439
45.5,3,14,0,412
45.5,3,14,1,414
45.5,3,14,2,416
45.5,3,14,3,418
45.5,3,14,4,420
45.5,3,14,5,422
45.5,3,14,6,424
45.5,3,14,7,426
45.5,3,14,8,428
45.5,3,14,9,430
45.5,3,14,10,432
45.5,3,14,11,434
45.5,3,14,12,436
45.5,3,14,13,437
45.5,3,14,14,439
45.5,3,14,15,441
45.5,3,15,0,414
45.5,3,15,1,416
45.5,3,15,2,418
45.5,3,15,3,420
45.5,3,15,4,422
45.5,3,15,5,424
45.5,3,15,6,426
45.5,3,15,7,428
45.5,3,15,8,430
45.5,3,15,9,432
45.5,3,15,10,434
45.5,3,15,11,436
45.5,3,15,12,438
45.5,3,15,13,440
45.5,3,15,14,442
45.5,3,15,15,444
45.5,4,0,0,387
45.5,4,0,1,389
45.5,4,0,2,391
45.5,4,0,3,393
45.5,4,0,4,395
45.5,4,0,5,397
45.5,4,0,6,398
45.5,4,0,7,400
45.5,4,0,8,402
45.5,4,0,9,404
45.5,4,0,10,406
45.5,4,0,11,408
45.5,4,0,12,409
45.5,4,0,13,411
45.5,4,0,14,413
45.5,4,0,15,415
45.5,4,1,0,390
45.5,4,1,1,391
45.5,4,1,2,393
45.5,4,1,3,395
45.5,4,1,4,397
45.5,4,1,5,399
45.5,4,1,6,401
45.5,4,1,7,403
45.5,4,1,8,405
45.5,4,1,9,406
45.5,4,1,10,408
45.5,4,1,11,410
45.5,4,1,12,412
45.5,4,1,13,414
45.5,4,1,14,415
45.5,4,1,15,417
45.5,4,2,0,392
45.5,4,2,1,394
45.5,4,2,2,396
45.5,4,2,3,398
45.5,4,2,4,399
45.5,4,2,5,401
45.5,4,2,6,403
45.5,4,2,7,405
45.5,4,2,8,407
45.5,4,2,9,409
45.5,4,2,10,411
45.5,4,2,11,412
45.5,4,2,12,414
45.5,4,2,13,416
45.5,4,2,14,418
45.5,4,2,15,420
45.5,4,3,0,394
45.5,4,3,1,396
45.5,4,3,2,398
45.5,4,3,3,400
45.5,4,3,4,402
45.5,4,3,5,404
45.5,4,3,6,406
45.5,4,3,7,407
45.5,4,3,8,409
45.5,4,3,9,411
45.5,4,3,10,413
45.5,4,3,11,415
45.5,4,3,12,417
45.5,4,3,13,419
45.5,4,3,14,420
45.5,4,3,15,422
45.5,4,4,0,396
45.5,4,4,1,398
45.5,4,4,2,400
45.5,4,4,3,402
45.5,4,4,4,404
45.5,4,4,5,406
45.5,4,4,6,408
45.5,4,4,7,410
45.5,4,4,8,412
45.5,4,4,9,414
45.5,4,4,10,415
45.5,4,4,11,417
45.5,4,4,12,419
45.5,4,4,13,421
45.5,4,4,14,423
45.5,4,4,15,425
45.5,4,5,0,399
45.5,4,5,1,401
45.5,4,5,2,403
45.5,4,5,3,405
45.5,4,5,4,406
45.5,4,5,5,408
45.5,4,5,6,410
45.5,4,5,7,412
45.5,4,5,8,414
45.5,4,5,9,416
45.5,4,5,10,418
45.5,4,5,11,420
45.5,4,5,12,422
45.5,4,5,13,423
45.5,4,5,14,425
45.5,4,5,15,427
45.5,4,6,0,401
45.5,4,6,1,403
45.5,4,6,2,405
45.5,4,6,3,407
45.5,4,6,4,409
45.5,4,6,5,411
45.5,4,6,6,413
45.5,4,6,7,414
45.5,4,6,8,416
45.5,4,6,9,418
45.5,4,6,10,420
45.5,4,6,11,422
45.5,4,6,12,424
45.5,4,6,13,426
45.5,4,6,14,428
45.5,4,6,15,429
45.5,4,7,0,403
45.5,4,7,1,405
45.5,4,7,2,407
45.5,4,7,3,409
45.5,4,7,4,411
45.5,4,7,5,413
45.5,4,7,6,415
45.5,4,7,7,417
45.5,4,7,8,419
45.5,4,7,9,421
45.5,4,7,10,423
45.5,4,7,11,424
45.5,4,7,12,426
45.5,4,7,13,428
45.5,4,7,14,430
45.5,4,7,15,432
45.5,4,8,0,405
45.5,4,8,1,407
45.5,4,8,2,409
45.5,4,8,3,411
45.5,4,8,4,413
45.5,4,8,5,415
45.5,4,8,6,417
45.5,4,8,7,419
45.5,4,8,8,421
45.5,4,8,9,423
45.5,4,8,10,425
45.5,4,8,11,427
45.5,4,8,12,429
45.5,4,8,13,431
45.5,4,8,14,432
45.5,4,8,15,434
45.5,4,9,0,408
45.5,4,9,1,410
45.5,4,9,2,412
45.5,4,9,3,414
45.5,4,9,4,416
45.5,4,9,5,418
45.5,4,9,6,419
45.5,4,9,7,421
45.5,4,9,8,423
45.5,4,9,9,425
45.5,4,9,10,427
45.5,4,9,11,429
45.5,4,9,12,431
45.5,4,9,13,433
45.5,4,9,14,435
45.5,4,9,15,437
45.5,4,10,0,410
45.5,4,10,1,412
45.5,4,10,2,414
45.5,4,10,3,416
45.5,4,10,4,418
45.5,4,10,5,420
45.5,4,10,6,422
45.5,4,10,7,424
45.5,4,10,8,426
45.5,4,10,9,428
45.5,4,10,10,430
45.5,4,10,11,431
45.5,4,10,12,433
45.5,4,10,13,435
45.5,4,10,14,437
45.5,4,10,15,439
45.5,4,11,0,412
45.5,4,11,1,414
45.5,4,11,2,416
45.5,4,11,3,418
45.5,4,11,4,420
45.5,4,11,5,422
45.5,4,11,6,424
45.5,4,11,7,426
45.5,4,11,8,428
45.5,4,11,9,430
45.5,4,11,10,432
45.5,4,11,11,434
45.5,4,11,12,436
45.5,4,11,13,438
45.5,4,11,14,439
45.5,4,11,15,441
45.5,4,12,0,414
45.5,4,12,1,416
45.5,4,12,2,418
45.5,4,12,3,420
45.5,4,12,4,422
45.5,4,12,5,424
45.5,4,12,6,426
45.5,4,12,7,428
45.5,4,12,8,430
45.5,4,12,9,432
45.5,4,12,10,434
45.5,4,12,11,436
45.5,4,12,12,438
45.5,4,12,13,440
45.5,4,12,14,442
45.5,4,12,15,444
45.5,4,13,0,416
45.5,4,13,1,418
45.5,4,13,2,421
45.5,4,13,3,423
45.5,4,13,4,425
45.5,4,13,5,427
45.5,4,13,6,429
45.5,4,13,7,431
45.5,4,13,8,432
45.5,4,13,9,434
45.5,4,13,10,436
45.5,4,13,11,438
45.5,4,13,12,440
45.5,4,13,13,442
45.5,4,13,14,444
45.5,4,13,15,446
45.5,4,14,0,419
45.5,4,14,1,421
45.5,4,14,2,423
45.5,4,14,3,425
45.5,4,14,4,427
45.5,4,14,5,429
45.5,4,14,6,431
45.5,4,14,7,433
45.5,4,14,8,435
45.5,4,14,9,437
45.5,4,14,10,439
45.5,4,14,11,441
45.5,4,14,12,443
45.5,4,14,13,445
45.5,4,14,14,446
45.5,4,14,15,448
45.5,4,15,0,421
45.5,4,15,1,423
45.5,4,15,2,425
45.5,4,15,3,427
45.5,4,15,4,429
45.5,4,15,5,431
45.5,4,15,6,433
45.5,4,15,7,435
45.5,4,15,8,437
45.5,4,15,9,439
45.5,4,15,10,441
45.5,4,15,11,443
45.5,4,15,12,445
45.5,4,15,13,447
45.5,4,15,14,449
45.5,4,15,15,451
45.5,5,0,0,393
45.5,5,0,1,395
45.5,5,0,2,397
45.5,5,0,3,399
45.5,5,0,4,401
45.5,5,0,5,403
45.5,5,0,6,405
45.5,5,0,7,407
45.5,5,0,8,408
45.5,5,0,9,410
45.5,5,0,10,412
45.5,5,0,11,414
45.5,5,0,12,416
45.5,5,0,13,418
45.5,5,0,14,419
45.5,5,0,15,421
45.5,5,1,0,396
45.5,5,1,1,398
45.5,5,1,2,400
45.5,5,1,3,401
45.5,5,1,4,403
45.5,5,1,5,405
45.5,5,1,6,407
45.5,5,1,7,409
45.5,5,1,8,411
45.5,5,1,9,413
45.5,5,1,10,415
45.5,5,1,11,417
45.5,5,1,12,418
45.5,5,1,13,420
45.5,5,1,14,422
45.5,5,1,15,424
45.5,5,2,0,398
45.5,5,2,1,400
45.5,5,2,2,402
45.5,5,2,3,404
45.5,5,2,4,406
45.5,5,2,5,408
45.5,5,2,6,410
45.5,5,2,7,411
45.5,5,2,8,413
45.5,5,2,9,415
45.5,5,2,10,417
45.5,5,2,11,419
45.5,5,2,12,421
45.5,5,2,13,423
45.5,5,2,14,425
45.5,5,2,15,426
45.5,5,3,0,400
45.5,5,3,1,402
45.5,5,3,2,404
45.5,5,3,3,406
45.5,5,3,4,408
45.5,5,3,5,410
45.5,5,3,6,412
45.5,5,3,7,414
45.5,5,3,8,416
45.5,5,3,9,418
45.5,5,3,10,420
45.5,5,3,11,421
45.5,5,3,12,423
45.5,5,3,13,425
45.5,5,3,14,427
45.5,5,3,15,429
45.5,5,4,0,403
45.5,5,4,1,405
45.5,5,4,2,407
45.5,5,4,3,409
45.5,5,4,4,411
45.5,5,4,5,412
45.5,5,4,6,414
45.5,5,4,7,416
45.5,5,4,8,418
45.5,5,4,9,420
45.5,5,4,10,422
45.5,5,4,11,424
45.5,5,4,12,426
45.5,5,4,13,428
45.5,5,4,14,429
45.5,5,4,15,431
45.5,5,5,0,405
45.5,5,5,1,407
45.5,5,5,2,409
45.5,5,5,3,411
45.5,5,5,4,413
45.5,5,5,5,415
45.5,5,5,6,417
45.5,5,5,7,419
45.5,5,5,8,421
45.5,5,5,9,423
45.5,5,5,10,424
45.5,5,5,11,426
45.5,5,5,12,428
45.5,5,5,13,430
45.5,5,5,14,432
45.5,5,5,15,434
45.5,5,6,0,407
45.5,5,6,1,409
45.5,5,6,2,411
45.5,5,6,3,413
45.5,5,6,4,415
45.5,5,6,5,417
45.5,5,6,6,419
45.5,5,6,7,421
45.5,5,6,8,423
45.5,5,6,9,425
45.5,5,6,10,427
45.5,5,6,11,429
45.5,5,6,12,431
45.5,5,6,13,433
45.5,5,6,14,434
45.5,5,6,15,436
45.5,5,7,0,410
45.5,5,7,1,412
45.5,5,7,2,414
45.5,5,7,3,416
45.5,5,7,4,418
45.5,5,7,5,420
45.5,5,7,6,421
45.5,5,7,7,423
45.5,5,7,8,425
45.5,5,7,9,427
45.5,5,7,10,429
45.5,5,7,11,431
45.5,5,7,12,433
45.5,5,7,13,435
45.5,5,7,14,437
45.5,5,7,15,439
45.5,5,8,0,412
45.5,5,8,1,414
45.5,5,8,2,416
45.5,5,8,3,418
45.5,5,8,4,420
45.5,5,8,5,422
45.5,5,8,6,424
45.5,5,8,7,426
45.5,5,8,8,428
45.5,5,8,9,430
45.5,5,8,10,432
45.5,5,8,11,434
45.5,5,8,12,435
45.5,5,8,13,437
45.5,5,8,14,439
45.5,5,8,15,441
45.5,5,9,0,414
45.5,5,9,1,416
45.5,5,9,2,418
45.5,5,9,3,420
45.5,5,9,4,422
45.5,5,9,5,424
45.5,5,9,6,426
45.5,5,9,7,428
45.5,5,9,8,430
45.5,5,9,9,432
45.5,5,9,10,434
45.5,5,9,11,436
45.5,5,9,12,438
45.5,5,9,13,440
45.5,5,9,14,442
45.5,5,9,15,444
45.5,5,10,0,416
45.5,5,10,1,418
45.5,5,10,2,420
45.5,5,10,3,422
45.5,5,10,4,424
45.5,5,10,5,426
45.5,5,10,6,428
45.5,5,10,7,430
45.5,5,10,8,432
45.5,5,10,9,434
45.5,5,10,10,436
45.5,5,10,11,438
45.5,5,10,12,440
45.5,5,10,13,442
45.5,5,10,14,444
45.5,5,10,15,446
45.5,5,11,0,419
45.5,5,11,1,421
45.5,5,11,2,423
45.5,5,11,3,425
45.5,5,11,4,427
45.5,5,11,5,429
45.5,5,11,6,431
45.5,5,11,7,433
45.5,5,11,8,435
45.5,5,11,9,437
45.5,5,11,10,439
45.5,5,11,11,441
45.5,5,11,12,443
45.5,5,11,13,445
45.5,5,11,14,446
45.5,5,11,15,448
45.5,5,12,0,421
45.5,5,12,1,423
45.5,5,12,2,425
45.5,5,12,3,427
45.5,5,12,4,429
45.5,5,12,5,431
45.5,5,12,6,433
45.5,5,12,7,435
45.5,5,12,8,437
45.5,5,12,9,439
45.5,5,12,10,441
45.5,5,12,11,443
45.5,5,12,12,445
45.5,5,12,13,447
45.5,5,12,14,449
45.5,5,12,15,451
45.5,5,13,0,423
45.5,5,13,1,425
45.5,5,13,2,427
45.5,5,13,3,429
45.5,5,13,4,431
45.5,5,13,5,433
45.5,5,13,6,435
45.5,5,13,7,437
45.5,5,13,8,439
45.5,5,13,9,441
45.5,5,13,10,443
45.5,5,13,11,445
45.5,5,13,12,447
45.5,5,13,13,449
45.5,5,13,14,451
45.5,5,13,15,453
45.5,5,14,0,425
45.5,5,14,1,427
45.5,5,14,2,429
45.5,5,14,3,431
45.5,5,14,4,434
45.5,5,14,5,436
45.5,5,14,6,438
45.5,5,14,7,440
45.5,5,14,8,442
45.5,5,14,9,444
45.5,5,14,10,446
45.5,5,14,11,448
45.5,5,14,12,450
45.5,5,14,13,452
45.5,5,14,14,454
45.5,5,14,15,455
45.5,5,15,0,427
45.5,5,15,1,430
45.5,5,15,2,432
45.5,5,15,3,434
45.5,5,15,4,436
45.5,5,15,5,438
45.5,5,15,6,440
45.5,5,15,7,442
45.5,5,15,8,444
45.5,5,15,9,446
45.5,5,15,10,448
45.5,5,15,11,450
45.5,5,15,12,452
45.5,5,15,13,454
45.5,5,15,14,456
45.5,5,15,15,458
45.5,6,0,0,399
45.5,6,0,1,401
45.5,6,0,2,403
45.5,6,0,3,405
45.5,6,0,4,407
45.5,6,0,5,409
45.5,6,0,6,411
45.5,6,0,7,413
45.5,6,0,8,415
45.5,6,0,9,417
45.5,6,0,10,419
45.5,6,0,11,421
45.5,6,0,12,422
45.5,6,0,13,424
45.5,6,0,14,426
45.5,6,0,15,428
45.5,6,1,0,402
45.5,6,1,1,404
45.5,6,1,2,406
45.5,6,1,3,408
45.5,6,1,4,410
45.5,6,1,5,412
45.5,6,1,6,414
45.5,6,1,7,415
45.5,6,1,8,417
45.5,6,1,9,419
45.5,6,1,10,421
45.5,6,1,11,423
45.5,6,1,12,425
45.5,6,1,13,427
45.5,6,1,14,429
45.5,6,1,15,430
45.5,6,2,0,404
45.5,6,2,1,406
45.5,6,2,2,408
45.5,6,2,3,410
45.5,6,2,4,412
45.5,6,2,5,414
45.5,6,2,6,416
45.5,6,2,7,418
45.5,6,2,8,420
45.5,6,2,9,422
45.5,6,2,10,424
45.5,6,2,11,426
45.5,6,2,12,427
45.5,6,2,13,429
45.5,6,2,14,431
45.5,6,2,15,433
45.5,6,3,0,407
45.5,6,3,1,409
45.5,6,3,2,411
45.5,6,3,3,413
45.5,6,3,4,415
45.5,6,3,5,417
45.5,6,3,6,418
45.5,6,3,7,420
45.5,6,3,8,422
45.5,6,3,9,424
45.5,6,3,10,426
45.5,6,3,11,428
45.5,6,3,12,430
45.5,6,3,13,432
45.5,6,3,14,434
45.5,6,3,15,436
45.5,6,4,0,409
45.5,6,4,1,411
45.5,6,4,2,413
45.5,6,4,3,415
45.5,6,4,4,417
45.5,6,4,5,419
45.5,6,4,6,421
45.5,6,4,7,423
45.5,6,4,8,425
45.5,6,4,9,427
45.5,6,4,10,429
45.5,6,4,11,431
45.5,6,4,12,432
45.5,6,4,13,434
45.5,6,4,14,436
45.5,6,4,15,438
45.5,6,5,0,411
45.5,6,5,1,413
45.5,6,5,2,415
45.5,6,5,3,417
45.5,6,5,4,419
45.5,6,5,5,421
45.5,6,5,6,423
45.5,6,5,7,425
45.5,6,5,8,427
45.5,6,5,9,429
45.5,6,5,10,431
45.5,6,5,11,433
45.5,6,5,12,435
45.5,6,5,13,437
45.5,6,5,14,439
45.5,6,5,15,441
45.5,6,6,0,414
45.5,6,6,1,416
45.5,6,6,2,418
45.5,6,6,3,420
45.5,6,6,4,422
45.5,6,6,5,424
45.5,6,6,6,426
45.5,6,6,7,428
45.5,6,6,8,430
45.5,6,6,9,432
45.5,6,6,10,434
45.5,6,6,11,435
45.5,6,6,12,437
45.5,6,6,13,439
45.5,6,6,14,441
45.5,6,6,15,443
45.5,6,7,0,416
45.5,6,7,1,418
45.5,6,7,2,420
45.5,6,7,3,422
45.5,6,7,4,424
45.5,6,7,5,426
45.5,6,7,6,428
45.5,6,7,7,430
45.5,6,7,8,432
45.5,6,7,9,434
45.5,6,7,10,436
45.5,6,7,11,438
45.5,6,7,12,440
45.5,6,7,13,442
45.5,6,7,14,444
45.5,6,7,15,446
45.5,6,8,0,418
45.5,6,8,1,420
45.5,6,8,2,422
45.5,6,8,3,424
45.5,6,8,4,426
45.5,6,8,5,428
45.5,6,8,6,430
45.5,6,8,7,432
45.5,6,8,8,434
45.5,6,8,9,436
45.5,6,8,10,438
45.5,6,8,11,440
45.5,6,8,12,442
45.5,6,8,13,444
45.5,6,8,14,446
45.5,6,8,15,448
45.5,6,9,0,421
45.5,6,9,1,423
45.5,6,9,2,425
45.5,6,9,3,427
45.5,6,9,4,429
45.5,6,9,5,431
45.5,6,9,6,433
45.5,6,9,7,435
45.5,6,9,8,437
45.5,6,9,9,439
45.5,6,9,10,441
45.5,6,9,11,443
45.5,6,9,12,445
45.5,6,9,13,447
45.5,6,9,14,449
45.5,6,9,15,451
45.5,6,10,0,423
45.5,6,10,1,425
45.5,6,10,2,427
45.5,6,10,3,429
45.5,6,10,4,431
45.5,6,10,5,433
45.5,6,10,6,435
45.5,6,10,7,437
45.5,6,10,8,439
45.5,6,10,9,441
45.5,6,10,10,443
45.5,6,10,11,445
45.5,6,10,12,447
45.5,6,10,13,449
45.5,6,10,14,451
45.5,6,10,15,453
45.5,6,11,0,425
45.5,6,11,1,427
45.5,6,11,2,429
45.5,6,11,3,431
45.5,6,11,4,433
45.5,6,11,5,435
45.5,6,11,6,438
45.5,6,11,7,440
45.5,6,11,8,442
45.5,6,11,9,444
45.5,6,11,10,446
45.5,6,11,11,448
45.5,6,11,12,450
45.5,6,11,13,451
45.5,6,11,14,453
45.5,6,11,15,455
45.5,6,12,0,427
45.5,6,12,1,430
45.5,6,12,2,432
45.5,6,12,3,434
45.5,6,12,4,436
45.5,6,12,5,438
45.5,6,12,6,440
45.5,6,12,7,442
45.5,6,12,8,444
45.5,6,12,9,446
45.5,6,12,10,448
45.5,6,12,11,450
45.5,6,12,12,452
45.5,6,12,13,454
45.5,6,12,14,456
45.5,6,12,15,458
45.5,6,13,0,430
45.5,6,13,1,432
45.5,6,13,2,434
45.5,6,13,3,436
45.5,6,13,4,438
45.5,6,13,5,440
45.5,6,13,6,442
45.5,6,13,7,444
45.5,6,13,8,446
45.5,6,13,9,448
45.5,6,13,10,450
45.5,6,13,11,452
45.5,6,13,12,454
45.5,6,13,13,456
45.5,6,13,14,458
45.5,6,13,15,460
45.5,6,14,0,432
45.5,6,14,1,434
45.5,6,14,2,436
45.5,6,14,3,438
45.5,6,14,4,440
45.5,6,14,5,442
45.5,6,14,6,444
45.5,6,14,7,446
45.5,6,14,8,449
45.5,6,14,9,451
45.5,6,14,10,453
45.5,6,14,11,455
45.5,6,14,12,457
45.5,6,14,13,459
45.5,6,14,14,461
45.5,6,14,15,463
45.5,6,15,0,434
45.5,6,15,1,436
45.5,6,15,2,438
45.5,6,15,3,440
45.5,6,15,4,443
45.5,6,15,5,445
45.5,6,15,6,447
45.5,6,15,7,449
45.5,6,15,8,451
45.5,6,15,9,453
45.5,6,15,10,455
45.5,6,15,11,457
45.5,6,15,12,459
45.5,6,15,13,461
45.5,6,15,14,463
45.5,6,15,15,465
45.5,7,0,0,406
45.5,7,0,1,408
45.5,7,0,2,410
45.5,7,0,3,412
45.5,7,0,4,414
45.5,7,0,5,415
45.5,7,0,6,417
45.5,7,0,7,419
45.5,7,0,8,421
45.5,7,0,9,423
45.5,7,0,10,425
45.5,7,0,11,427
45.5,7,0,12,429
45.5,7,0,13,431
45.5,7,0,14,433
45.5,7,0,15,434
45.5,7,1,0,408
45.5,7,1,1,410
45.5,7,1,2,412
45.5,7,1,3,414
45.5,7,1,4,416
45.5,7,1,5,418
45.5,7,1,6,420
45.5,7,1,7,422
45.5,7,1,8,424
45.5,7,1,9,426
45.5,7,1,10,428
45.5,7,1,11,430
45.5,7,1,12,431
45.5,7,1,13,433
45.5,7,1,14,435
45.5,7,1,15,437
45.5,7,2,0,411
45.5,7,2,1,413
45.5,7,2,2,415
45.5,7,2,3,417
45.5,7,2,4,418
45.5,7,2,5,420
45.5,7,2,6,422
45.5,7,2,7,424
45.5,7,2,8,426
45.5,7,2,9,428
45.5,7,2,10,430
45.5,7,2,11,432
45.5,7,2,12,434
45.5,7,2,13,436
45.5,7,2,14,438
45.5,7,2,15,440
45.5,7,3,0,413
45.5,7,3,1,415
45.5,7,3,2,417
45.5,7,3,3,419
45.5,7,3,4,421
45.5,7,3,5,423
45.5,7,3,6,425
45.5,7,3,7,427
45.5,7,3,8,429
45.5,7,3,9,431
45.5,7,3,10,433
45.5,7,3,11,435
45.5,7,3,12,437
45.5,7,3,13,438
45.5,7,3,14,440
45.5,7,3,15,442
45.5,7,4,0,415
45.5,7,4,1,417
45.5,7,4,2,419
45.5,7,4,3,421
45.5,7,4,4,423
45.5,7,4,5,425
45.5,7,4,6,427
45.5,7,4,7,429
45.5,7,4,8,431
45.5,7,4,9,433
45.5,7,4,10,435
45.5,7,4,11,437
45.5,7,4,12,439
45.5,7,4,13,441
45.5,7,4,14,443
45.5,7,4,15,445
45.5,7,5,0,418
45.5,7,5,1,420
45.5,7,5,2,422
45.5,7,5,3,424
45.5,7,5,4,426
45.5,7,5,5,428
45.5,7,5,6,430
45.5,7,5,7,432
45.5,7,5,8,434
45.5,7,5,9,436
45.5,7,5,10,438
45.5,7,5,11,440
45.5,7,5,12,442
45.5,7,5,13,444
45.5,7,5,14,445
45.5,7,5,15,447
45.5,7,6,0,420
45.5,7,6,1,422
45.5,7,6,2,424
45.5,7,6,3,426
45.5,7,6,4,428
45.5,7,6,5,430
45.5,7,6,6,432
45.5,7,6,7,434
45.5,7,6,8,436
45.5,7,6,9,438
45.5,7,6,10,440
45.5,7,6,11,442
45.5,7,6,12,444
45.5,7,6,13,446
45.5,7,6,14,448
45.5,7,6,15,450
45.5,7,7,0,422
45.5,7,7,1,424
45.5,7,7,2,427
45.5,7,7,3,429
45.5,7,7,4,431
45.5,7,7,5,433
45.5,7,7,6,435
45.5,7,7,7,437
45.5,7,7,8,439
45.5,7,7,9,441
45.5,7,7,10,443
45.5,7,7,11,445
45.5,7,7,12,447
45.5,7,7,13,449
45.5,7,7,14,451
45.5,7,7,15,452
45.5,7,8,0,425
45.5,7,8,1,427
45.5,7,8,2,429
45.5,7,8,3,431
45.5,7,8,4,433
45.5,7,8,5,435
45.5,7,8,6,437
45.5,7,8,7,439
45.5,7,8,8,441
45.5,7,8,9,443
45.5,7,8,10,445
45.5,7,8,11,447
45.5,7,8,12,449
45.5,7,8,13,451
45.5,7,8,14,453
45.5,7,8,15,455
45.5,7,9,0,427
45.5,7,9,1,429
45.5,7,9,2,431
45.5,7,9,3,433
45.5,7,9,4,435
45.5,7,9,5,437
45.5,7,9,6,439
45.5,7,9,7,442
45.5,7,9,8,444
45.5,7,9,9,446
45.5,7,9,10,448
45.5,7,9,11,450
45.5,7,9,12,452
45.5,7,9,13,454
45.5,7,9,14,455
45.5,7,9,15,457
45.5,7,10,0,429
45.5,7,10,1,432
45.5,7,10,2,434
45.5,7,10,3,436
45.5,7,10,4,438
45.5,7,10,5,440
45.5,7,10,6,442
45.5,7,10,7,444
45.5,7,10,8,446
45.5,7,10,9,448
45.5,7,10,10,450
45.5,7,10,11,452
45.5,7,10,12,454
45.5,7,10,13,456
45.5,7,10,14,458
45.5,7,10,15,460
45.5,7,11,0,432
45.5,7,11,1,434
45.5,7,11,2,436
45.5,7,11,3,438
45.5,7,11,4,440
45.5,7,11,5,442
45.5,7,11,6,444
45.5,7,11,7,446
45.5,7,11,8,448
45.5,7,11,9,450
45.5,7,11,10,452
45.5,7,11,11,454
45.5,7,11,12,456
45.5,7,11,13,458
45.5,7,11,14,460
45.5,7,11,15,462
45.5,7,12,0,434
45.5,7,12,1,436
45.5,7,12,2,438
45.5,7,12,3,440
45.5,7,12,4,442
45.5,7,12,5,445
45.5,7,12,6,447
45.5,7,12,7,449
45.5,7,12,8,451
45.5,7,12,9,453
45.5,7,12,10,455
45.5,7,12,11,457
45.5,7,12,12,459
45.5,7,12,13,461
45.5,7,12,14,463
45.5,7,12,15,465
45.5,7,13,0,436
45.5,7,13,1,438
45.5,7,13,2,441
45.5,7,13,3,443
45.5,7,13,4,445
45.5,7,13,5,447
45.5,7,13,6,449
45.5,7,13,7,451
45.5,7,13,8,453
45.5,7,13,9,455
45.5,7,13,10,457
45.5,7,13,11,459
45.5,7,13,12,461
45.5,7,13,13,463
45.5,7,13,14,465
45.5,7,13,15,467
45.5,7,14,0,439
45.5,7,14,1,441
45.5,7,14,2,443
45.5,7,14,3,445
45.5,7,14,4,447
45.5,7,14,5,449
45.5,7,14,6,451
45.5,7,14,7,453
45.5,7,14,8,455
45.5,7,14,9,458
45.5,7,14,10,460
45.5,7,14,11,462
45.5,7,14,12,464
45.5,7,14,13,466
45.5,7,14,14,468
45.5,7,14,15,470
45.5,7,15,0,441
45.5,7,15,1,443
45.5,7,15,2,445
45.5,7,15,3,447
45.5,7,15,4,449
45.5,7,15,5,452
45.5,7,15,6,454
45.5,7,15,7,456
45.5,7,15,8,458
45.5,7,15,9,460
45.5,7,15,10,462
45.5,7,15,11,464
45.5,7,15,12,466
45.5,7,15,13,468
45.5,7,15,14,470
45.5,7,15,15,472
45.5,8,0,0,412
45.5,8,0,1,414
45.5,8,0,2,416
45.5,8,0,3,418
45.5,8,0,4,420
45.5,8,0,5,422
45.5,8,0,6,424
45.5,8,0,7,426
45.5,8,0,8,428
45.5,8,0,9,430
45.5,8,0,10,432
45.5,8,0,11,433
45.5,8,0,12,435
45.5,8,0,13,437
45.5,8,0,14,439
45.5,8,0,15,441
45.5,8,1,0,414
45.5,8,1,1,416
45.5,8,1,2,418
45.5,8,1,3,420
45.5,8,1,4,422
45.5,8,1,5,424
45.5,8,1,6,426
45.5,8,1,7,428
45.5,8,1,8,430
45.5,8,1,9,432
45.5,8,1,10,434
45.5,8,1,11,436
45.5,8,1,12,438
45.5,8,1,13,440
45.5,8,1,14,442
45.5,8,1,15,444
45.5,8,2,0,417
45.5,8,2,1,419
45.5,8,2,2,421
45.5,8,2,3,423
45.5,8,2,4,425
45.5,8,2,5,427
45.5,8,2,6,429
45.5,8,2,7,431
45.5,8,2,8,433
45.5,8,2,9,435
45.5,8,2,10,437
45.5,8,2,11,439
45.5,8,2,12,441
45.5,8,2,13,443
45.5,8,2,14,444
45.5,8,2,15,446
45.5,8,3,0,419
45.5,8,3,1,421
45.5,8,3,2,423
45.5,8,3,3,425
45.5,8,3,4,427
45.5,8,3,5,429
45.5,8,3,6,431
45.5,8,3,7,433
45.5,8,3,8,435
45.5,8,3,9,437
45.5,8,3,10,439
45.5,8,3,11,441
45.5,8,3,12,443
45.5,8,3,13,445
45.5,8,3,14,447
45.5,8,3,15,449
45.5,8,4,0,422
45.5,8,4,1,424
45.5,8,4,2,426
45.5,8,4,3,428
45.5,8,4,4,430
45.5,8,4,5,432
45.5,8,4,6,434
45.5,8,4,7,436
45.5,8,4,8,438
45.5,8,4,9,440
45.5,8,4,10,442
45.5,8,4,11,444
45.5,8,4,12,446
45.5,8,4,13,448
45.5,8,4,14,450
45.5,8,4,15,452
45.5,8,5,0,424
45.5,8,5,1,426
45.5,8,5,2,428
45.5,8,5,3,430
45.5,8,5,4,432
45.5,8,5,5,434
45.5,8,5,6,436
45.5,8,5,7,438
45.5,8,5,8,440
45.5,8,5,9,442
45.5,8,5,10,444
45.5,8,5,11,446
45.5,8,5,12,448
45.5,8,5,13,450
45.5,8,5,14,452
45.5,8,5,15,454
45.5,8,6,0,426
45.5,8,6,1,429
45.5,8,6,2,431
45.5,8,6,3,433
45.5,8,6,4,435
45.5,8,6,5,437
45.5,8,6,6,439
45.5,8,6,7,441
45.5,8,6,8,443
45.5,8,6,9,445
45.5,8,6,10,447
45.5,8,6,11,449
45.5,8,6,12,451
45.5,8,6,13,453
45.5,8,6,14,455
45.5,8,6,15,457
45.5,8,7,0,429
45.5,8,7,1,431
45.5,8,7,2,433
45.5,8,7,3,435
45.5,8,7,4,437
45.5,8,7,5,439
45.5,8,7,6,441
45.5,8,7,7,443
45.5,8,7,8,445
45.5,8,7,9,447
45.5,8,7,10,449
45.5,8,7,11,451
45.5,8,7,12,453
45.5,8,7,13,455
45.5,8,7,14,457
45.5,8,7,15,459
45.5,8,8,0,431
45.5,8,8,1,433
45.5,8,8,2,435
45.5,8,8,3,438
45.5,8,8,4,440
45.5,8,8,5,442
45.5,8,8,6,444
45.5,8,8,7,446
45.5,8,8,8,448
45.5,8,8,9,450
45.5,8,8,10,452
45.5,8,8,11,454
45.5,8,8,12,456
45.5,8,8,13,458
45.5,8,8,14,460
45.5,8,8,15,462
45.5,8,9,0,434
45.5,8,9,1,436
45.5,8,9,2,438
45.5,8,9,3,440
45.5,8,9,4,442
45.5,8,9,5,444
45.5,8,9,6,446
45.5,8,9,7,448
45.5,8,9,8,450
45.5,8,9,9,452
45.5,8,9,10,454
45.5,8,9,11,456
45.5,8,9,12,458
45.5,8,9,13,460
45.5,8,9,14,462
45.5,8,9,15,464
45.5,8,10,0,436
45.5,8,10,1,438
45.5,8,10,2,440
45.5,8,10,3,442
45.5,8,10,4,444
45.5,8,10,5,446
45.5,8,10,6,449
45.5,8,10,7,451
45.5,8,10,8,453
45.5,8,10,9,455
45.5,8,10,10,457
45.5,8,10,11,459
45.5,8,10,12,461
45.5,8,10,13,463
45.5,8,10,14,465
45.5,8,10,15,467
45.5,8,11,0,438
45.5,8,11,1,440
45.5,8,11,2,443
45.5,8,11,3,445
45.5,8,11,4,447
45.5,8,11,5,449
45.5,8,11,6,451
45.5,8,11,7,453
45.5,8,11,8,455
45.5,8,11,9,457
45.5,8,11,10,459
45.5,8,11,11,461
45.5,8,11,12,463
45.5,8,11,13,465
45.5,8,11,14,467
45.5,8,11,15,469
45.5,8,12,0,441
45.5,8,12,1,443
45.5,8,12,2,445
45.5,8,12,3,447
45.5,8,12,4,449
45.5,8,12,5,451
45.5,8,12,6,453
45.5,8,12,7,455
45.5,8,12,8,458
45.5,8,12,9,460
45.5,8,12,10,462
45.5,8,12,11,464
45.5,8,12,12,466
45.5,8,12,13,468
45.5,8,12,14,470
45.5,8,12,15,472
45.5,8,13,0,443
45.5,8,13,1,445
45.5,8,13,2,447
45.5,8,13,3,449
45.5,8,13,4,452
45.5,8,13,5,454
45.5,8,13,6,456
45.5,8,13,7,458
45.5,8,13,8,460
45.5,8,13,9,462
45.5,8,13,10,464
45.5,8,13,11,466
45.5,8,13,12,468
45.5,8,13,13,470
45.5,8,13,14,472
45.5,8,13,15,474
45.5,8,14,0,445
45.5,8,14,1,447
45.5,8,14,2,450
45.5,8,14,3,452
45.5,8,14,4,454
45.5,8,14,5,456
45.5,8,14,6,458
45.5,8,14,7,460
45.5,8,14,8,462
45.5,8,14,9,464
45.5,8,14,10,467
45.5,8,14,11,469
45.5,8,14,12,471
45.5,8,14,13,473
45.5,8,14,14,475
45.5,8,14,15,477
45.5,8,15,0,448
45.5,8,15,1,450
45.5,8,15,2,452
45.5,8,15,3,454
45.5,8,15,4,456
45.5,8,15,5,458
45.5,8,15,6,460
45.5,8,15,7,463
45.5,8,15,8,465
45.5,8,15,9,467
45.5,8,15,10,469
45.5,8,15,11,471
45.5,8,15,12,473
45.5,8,15,13,475
45.5,8,15,14,477
45.5,8,15,15,479
45.5,9,0,0,418
45.5,9,0,1,420
45.5,9,0,2,422
45.5,9,0,3,424
45.5,9,0,4,426
45.5,9,0,5,428
45.5,9,0,6,430
45.5,9,0,7,432
45.5,9,0,8,434
45.5,9,0,9,436
45.5,9,0,10,438
45.5,9,0,11,440
45.5,9,0,12,442
45.5,9,0,13,444
45.5,9,0,14,446
45.5,9,0,15,448
45.5,9,1,0,420
45.5,9,1,1,423
45.5,9,1,2,425
45.5,9,1,3,427
45.5,9,1,4,429
45.5,9,1,5,431
45.5,9,1,6,433
45.5,9,1,7,435
45.5,9,1,8,437
45.5,9,1,9,439
45.5,9,1,10,441
45.5,9,1,11,443
45.5,9,1,12,445
45.5,9,1,13,446
45.5,9,1,14,448
45.5,9,1,15,450
45.5,9,2,0,423
45.5,9,2,1,425
45.5,9,2,2,427
45.5,9,2,3,429
45.5,9,2,4,431
45.5,9,2,5,433
45.5,9,2,6,435
45.5,9,2,7,437
45.5,9,2,8,439
45.5,9,2,9,441
45.5,9,2,10,443
45.5,9,2,11,445
45.5,9,2,12,447
45.5,9,2,13,449
45.5,9,2,14,451
45.5,9,2,15,453
45.5,9,3,0,425
45.5,9,3,1,428
45.5,9,3,2,430
45.5,9,3,3,432
45.5,9,3,4,434
45.5,9,3,5,436
45.5,9,3,6,438
45.5,9,3,7,440
45.5,9,3,8,442
45.5,9,3,9,444
45.5,9,3,10,446
45.5,9,3,11,448
45.5,9,3,12,450
45.5,9,3,13,452
45.5,9,3,14,454
45.5,9,3,15,456
45.5,9,4,0,428
45.5,9,4,1,430
45.5,9,4,2,432
45.5,9,4,3,434
45.5,9,4,4,436
45.5,9,4,5,438
45.5,9,4,6,440
45.5,9,4,7,442
45.5,9,4,8,444
45.5,9,4,9,446
45.5,9,4,10,448
45.5,9,4,11,450
45.5,9,4,12,452
45.5,9,4,13,454
45.5,9,4,14,456
45.5,9,4,15,458
45.5,9,5,0,430
45.5,9,5,1,432
45.5,9,5,2,435
45.5,9,5,3,437
45.5,9,5,4,439
45.5,9,5,5,441
45.5,9,5,6,443
45.5,9,5,7,445
45.5,9,5,8,447
45.5,9,5,9,449
45.5,9,5,10,451
45.5,9,5,11,453
45.5,9,5,12,455
45.5,9,5,13,457
45.5,9,5,14,459
45.5,9,5,15,461
45.5,9,6,0,433
45.5,9,6,1,435
45.5,9,6,2,437
45.5,9,6,3,439
45.5,9,6,4,441
45.5,9,6,5,443
45.5,9,6,6,445
45.5,9,6,7,447
45.5,9,6,8,449
45.5,9,6,9,452
45.5,9,6,10,454
45.5,9,6,11,456
45.5,9,6,12,458
45.5,9,6,13,460
45.5,9,6,14,462
45.5,9,6,15,464
45.5,9,7,0,435
45.5,9,7,1,437
45.5,9,7,2,439
45.5,9,7,3,442
45.5,9,7,4,444
45.5,9,7,5,446
45.5,9,7,6,448
45.5,9,7,7,450
45.5,9,7,8,452
45.5,9,7,9,454
45.5,9,7,10,456
45.5,9,7,11,458
45.5,9,7,12,460
45.5,9,7,13,462
45.5,9,7,14,464
45.5,9,7,15,466
45.5,9,8,0,438
45.5,9,8,1,440
45.5,9,8,2,442
45.5,9,8,3,444
45.5,9,8,4,446
45.5,9,8,5,448
45.5,9,8,6,450
45.5,9,8,7,452
45.5,9,8,8,455
45.5,9,8,9,457
45.5,9,8,10,459
45.5,9,8,11,461
45.5,9,8,12,463
45.5,9,8,13,465
45.5,9,8,14,467
45.5,9,8,15,469
45.5,9,9,0,440
45.5,9,9,1,442
45.5,9,9,2,444
45.5,9,9,3,446
45.5,9,9,4,449
45.5,9,9,5,451
45.5,9,9,6,453
45.5,9,9,7,455
45.5,9,9,8,457
45.5,9,9,9,459
45.5,9,9,10,461
45.5,9,9,11,463
45.5,9,9,12,465
45.5,9,9,13,467
45.5,9,9,14,469
45.5,9,9,15,471
45.5,9,10,0,442
45.5,9,10,1,445
45.5,9,10,2,447
45.5,9,10,3,449
45.5,9,10,4,451
45.5,9,10,5,453
45.5,9,10,6,455
45.5,9,10,7,457
45.5,9,10,8,459
45.5,9,10,9,462
45.5,9,10,10,464
45.5,9,10,11,466
45.5,9,10,12,468
45.5,9,10,13,470
45.5,9,10,14,472
45.5,9,10,15,474
45.5,9,11,0,445
45.5,9,11,1,447
45.5,9,11,2,449
45.5,9,11,3,451
45.5,9,11,4,453
45.5,9,11,5,456
45.5,9,11,6,458
45.5,9,11,7,460
45.5,9,11,8,462
45.5,9,11,9,464
45.5,9,11,10,466
45.5,9,11,11,468
45.5,9,11,12,470
45.5,9,11,13,472
45.5,9,11,14,474
45.5,9,11,15,476
45.5,9,12,0,447
45.5,9,12,1,449
45.5,9,12,2,452
45.5,9,12,3,454
45.5,9,12,4,456
45.5,9,12,5,458
45.5,9,12,6,460
45.5,9,12,7,462
45.5,9,12,8,464
45.5,9,12,9,467
45.5,9,12,10,469
45.5,9,12,11,471
45.5,9,12,12,473
45.5,9,12,13,475
45.5,9,12,14,477
45.5,9,12,15,479
45.5,9,13,0,450
45.5,9,13,1,452
45.5,9,13,2,454
45.5,9,13,3,456
45.5,9,13,4,458
45.5,9,13,5,460
45.5,9,13,6,463
45.5,9,13,7,465
45.5,9,13,8,467
45.5,9,13,9,469
45.5,9,13,10,471
45.5,9,13,11,473
45.5,9,13,12,475
45.5,9,13,13,477
45.5,9,13,14,479
45.5,9,13,15,481
45.5,9,14,0,452
45.5,9,14,1,454
45.5,9,14,2,456
45.5,9,14,3,458
45.5,9,14,4,461
45.5,9,14,5,463
45.5,9,14,6,465
45.5,9,14,7,467
45.5,9,14,8,469
45.5,9,14,9,471
45.5,9,14,10,474
45.5,9,14,11,476
45.5,9,14,12,478
45.5,9,14,13,480
45.5,9,14,14,482
45.5,9,14,15,484
45.5,9,15,0,454
45.5,9,15,1,456
45.5,9,15,2,459
45.5,9,15,3,461
45.5,9,15,4,463
45.5,9,15,5,465
45.5,9,15,6,467
45.5,9,15,7,470
45.5,9,15,8,472
45.5,9,15,9,474
45.5,9,15,10,476
45.5,9,15,11,478
45.5,9,15,12,480
45.5,9,15,13,482
45.5,9,15,14,484
45.5,9,15,15,486
45.5,10,0,0,424
45.5,10,0,1,426
45.5,10,0,2,428
45.5,10,0,3,430
45.5,10,0,4,432
45.5,10,0,5,434
45.5,10,0,6,436
45.5,10,0,7,438
45.5,10,0,8,440
45.5,10,0,9,442
45.5,10,0,10,444
45.5,10,0,11,446
45.5,10,0,12,448
45.5,10,0,13,450
45.5,10,0,14,452
45.5,10,0,15,454
45.5,10,1,0,427
45.5,10,1,1,429
45.5,10,1,2,431
45.5,10,1,3,433
45.5,10,1,4,435
45.5,10,1,5,437
45.5,10,1,6,439
45.5,10,1,7,441
45.5,10,1,8,443
45.5,10,1,9,445
45.5,10,1,10,447
45.5,10,1,11,449
45.5,10,1,12,451
45.5,10,1,13,453
45.5,10,1,14,455
45.5,10,1,15,457
45.5,10,2,0,429
45.5,10,2,1,431
45.5,10,2,2,433
45.5,10,2,3,435
45.5,10,2,4,438
45.5,10,2,5,440
45.5,10,2,6,442
45.5,10,2,7,444
45.5,10,2,8,446
45.5,10,2,9,448
45.5,10,2,10,450
45.5,10,2,11,452
45.5,10,2,12,454
45.5,10,2,13,456
45.5,10,2,14,458
45.5,10,2,15,460
45.5,10,3,0,432
45.5,10,3,1,434
45.5,10,3,2,436
45.5,10,3,3,438
45.5,10,3,4,440
45.5,10,3,5,442
45.5,10,3,6,444
45.5,10,3,7,446
45.5,10,3,8,448
45.5,10,3,9,450
45.5,10,3,10,452
45.5,10,3,11,454
45.5,10,3,12,456
45.5,10,3,13,458
45.5,10,3,14,460
45.5,10,3,15,462
45.5,10,4,0,434
45.5,10,4,1,436
45.5,10,4,2,438
45.5,10,4,3,441
45.5,10,4,4,443
45.5,10,4,5,445
45.5,10,4,6,447
45.5,10,4,7,449
45.5,10,4,8,451
45.5,10,4,9,453
45.5,10,4,10,455
45.5,10,4,11,457
45.5,10,4,12,459
45.5,10,4,13,461
45.5,10,4,14,463
45.5,10,4,15,465
45.5,10,5,0,437
45.5,10,5,1,439
45.5,10,5,2,441
45.5,10,5,3,443
45.5,10,5,4,445
45.5,10,5,5,447
45.5,10,5,6,449
45.5,10,5,7,451
45.5,10,5,8,454
45.5,10,5,9,456
45.5,10,5,10,458
45.5,10,5,11,460
45.5,10,5,12,462
45.5,10,5,13,464
45.5,10,5,14,466
45.5,10,5,15,468
45.5,10,6,0,439
45.5,10,6,1,441
45.5,10,6,2,443
45.5,10,6,3,446
45.5,10,6,4,448
45.5,10,6,5,450
45.5,10,6,6,452
45.5,10,6,7,454
45.5,10,6,8,456
45.5,10,6,9,458
45.5,10,6,10,460
45.5,10,6,11,462
45.5,10,6,12,464
45.5,10,6,13,466
45.5,10,6,14,468
45.5,10,6,15,470
45.5,10,7,0,442
45.5,10,7,1,444
45.5,10,7,2,446
45.5,10,7,3,448
45.5,10,7,4,450
45.5,10,7,5,452
45.5,10,7,6,454
45.5,10,7,7,457
45.5,10,7,8,459
45.5,10,7,9,461
45.5,10,7,10,463
45.5,10,7,11,465
45.5,10,7,12,467
45.5,10,7,13,469
45.5,10,7,14,471
45.5,10,7,15,473
45.5,10,8,0,444
45.5,10,8,1,446
45.5,10,8,2,448
45.5,10,8,3,451
45.5,10,8,4,453
45.5,10,8,5,455
45.5,10,8,6,457
45.5,10,8,7,459
45.5,10,8,8,461
45.5,10,8,9,463
45.5,10,8,10,465
45.5,10,8,11,467
45.5,10,8,12,470
45.5,10,8,13,472
45.5,10,8,14,474
45.5,10,8,15,476
45.5,10,9,0,447
45.5,10,9,1,449
45.5,10,9,2,451
45.5,10,9,3,453
45.5,10,9,4,455
45.5,10,9,5,457
45.5,10,9,6,459
45.5,10,9,7,462
45.5,10,9,8,464
45.5,10,9,9,466
45.5,10,9,10,468
45.5,10,9,11,470
45.5,10,9,12,472
45.5,10,9,13,474
45.5,10,9,14,476
45.5,10,9,15,478
45.5,10,10,0,449
45.5,10,10,1,451
45.5,10,10,2,453
45.5,10,10,3,456
45.5,10,10,4,458
45.5,10,10,5,460
45.5,10,10,6,462
45.5,10,10,7,464
45.5,10,10,8,466
45.5,10,10,9,468
45.5,10,10,10,470
45.5,10,10,11,473
45.5,10,10,12,475
45.5,10,10,13,477
45.5,10,10,14,479
45.5,10,10,15,481
45.5,10,11,0,451
45.5,10,11,1,454
45.5,10,11,2,456
45.5,10,11,3,458
45.5,10,11,4,460
45.5,10,11,5,462
45.5,10,11,6,464
45.5,10,11,7,467
45.5,10,11,8,469
45.5,10,11,9,471
45.5,10,11,10,473
45.5,10,11,11,475
45.5,10,11,12,477
45.5,10,11,13,479
45.5,10,11,14,481
45.5,10,11,15,483
45.5,10,12,0,454
45.5,10,12,1,456
45.5,10,12,2,458
45.5,10,12,3,460
45.5,10,12,4,463
45.5,10,12,5,465
45.5,10,12,6,467
45.5,10,12,7,469
45.5,10,12,8,471
45.5,10,12,9,473
45.5,10,12,10,476
45.5,10,12,11,478
45.5,10,12,12,480
45.5,10,12,13,482
45.5,10,12,14,484
45.5,10,12,15,486
45.5,10,13,0,456
45.5,10,13,1,458
45.5,10,13,2,461
45.5,10,13,3,463
45.5,10,13,4,465
45.5,10,13,5,467
45.5,10,13,6,469
45.5,10,13,7,472
45.5,10,13,8,474
45.5,10,13,9,476
45.5,10,13,10,478
45.5,10,13,11,480
45.5,10,13,12,482
45.5,10,13,13,484
45.5,10,13,14,486
45.5,10,13,15,489
45.5,10,14,0,459
45.5,10,14,1,461
45.5,10,14,2,463
45.5,10,14,3,465
45.5,10,14,4,467
45.5,10,14,5,470
45.5,10,14,6,472
45.5,10,14,7,474
45.5,10,14,8,476
45.5,10,14,9,478
45.5,10,14,10,480
45.5,10,14,11,483
45.5,10,14,12,485
45.5,10,14,13,487
45.5,10,14,14,489
45.5,10,14,15,491
45.5,10,15,0,461
45.5,10,15,1,463
45.5,10,15,2,465
45.5,10,15,3,468
45.5,10,15,4,470
45.5,10,15,5,472
45.5,10,15,6,474
45.5,10,15,7,476
45.5,10,15,8,479
45.5,10,15,9,481
45.5,10,15,10,483
45.5,10,15,11,485
45.5,10,15,12,487
45.5,10,15,13,489
45.5,10,15,14,492
45.5,10,15,15,494
45.5,11,0,0,430
45.5,11,0,1,432
45.5,11,0,2,434
45.5,11,0,3,437
45.5,11,0,4,439
45.5,11,0,5,441
45.5,11,0,6,443
45.5,11,0,7,445
45.5,11,0,8,447
45.5,11,0,9,449
45.5,11,0,10,451
45.5,11,0,11,453
45.5,11,0,12,455
45.5,11,0,13,457
45.5,11,0,14,459
45.5,11,0,15,461
45.5,11,1,0,433
45.5,11,1,1,435
45.5,11,1,2,437
45.5,11,1,3,439
45.5,11,1,4,441
45.5,11,1,5,443
45.5,11,1,6,445
45.5,11,1,7,447
45.5,11,1,8,450
45.5,11,1,9,452
45.5,11,1,10,454
45.5,11,1,11,456
45.5,11,1,12,458
45.5,11,1,13,460
45.5,11,1,14,462
45.5,11,1,15,464
45.5,11,2,0,435
45.5,11,2,1,438
45.5,11,2,2,440
45.5,11,2,3,442
45.5,11,2,4,444
45.5,11,2,5,446
45.5,11,2,6,448
45.5,11,2,7,450
45.5,11,2,8,452
45.5,11,2,9,454
45.5,11,2,10,456
45.5,11,2,11,458
45.5,11,2,12,460
45.5,11,2,13,462
45.5,11,2,14,464
45.5,11,2,15,466
45.5,11,3,0,438
45.5,11,3,1,440
45.5,11,3,2,442
45.5,11,3,3,444
45.5,11,3,4,446
45.5,11,3,5,449
45.5,11,3,6,451
45.5,11,3,7,453
45.5,11,3,8,455
45.5,11,3,9,457
45.5,11,3,10,459
45.5,11,3,11,461
45.5,11,3,12,463
45.5,11,3,13,465
45.5,11,3,14,467
45.5,11,3,15,469
45.5,11,4,0,441
45.5,11,4,1,443
45.5,11,4,2,445
45.5,11,4,3,447
45.5,11,4,4,449
45.5,11,4,5,451
45.5,11,4,6,453
45.5,11,4,7,455
45.5,11,4,8,457
45.5,11,4,9,460
45.5,11,4,10,462
45.5,11,4,11,464
45.5,11,4,12,466
45.5,11,4,13,468
45.5,11,4,14,470
45.5,11,4,15,472
45.5,11,5,0,443
45.5,11,5,1,445
45.5,11,5,2,447
45.5,11,5,3,450
45.5,11,5,4,452
45.5,11,5,5,454
45.5,11,5,6,456
45.5,11,5,7,458
45.5,11,5,8,460
45.5,11,5,9,462
45.5,11,5,10,464
45.5,11,5,11,466
45.5,11,5,12,468
45.5,11,5,13,470
45.5,11,5,14,473
45.5,11,5,15,475
45.5,11,6,0,446
45.5,11,6,1,448
45.5,11,6,2,450
45.5,11,6,3,452
45.5,11,6,4,454
45.5,11,6,5,456
45.5,11,6,6,458
45.5,11,6,7,461
45.5,11,6,8,463
45.5,11,6,9,465
45.5,11,6,10,467
45.5,11,6,11,469
45.5,11,6,12,471
45.5,11,6,13,473
45.5,11,6,14,475
45.5,11,6,15,477
45.5,11,7,0,448
45.5,11,7,1,450
45.5,11,7,2,452
45.5,11,7,3,455
45.5,11,7,4,457
45.5,11,7,5,459
45.5,11,7,6,461
45.5,11,7,7,463
45.5,11,7,8,465
45.5,11,7,9,467
45.5,11,7,10,470
45.5,11,7,11,472
45.5,11,7,12,474
45.5,11,7,13,476
45.5,11,7,14,478
45.5,11,7,15,480
45.5,11,8,0,451
45.5,11,8,1,453
45.5,11,8,2,455
45.5,11,8,3,457
45.5,11,8,4,459
45.5,11,8,5,461
45.5,11,8,6,464
45.5,11,8,7,466
45.5,11,8,8,468
45.5,11,8,9,470
45.5,11,8,10,472
45.5,11,8,11,474
45.5,11,8,12,476
45.5,11,8,13,478
45.5,11,8,14,480
45.5,11,8,15,483
45.5,11,9,0,453
45.5,11,9,1,455
45.5,11,9,2,457
45.5,11,9,3,460
45.5,11,9,4,462
45.5,11,9,5,464
45.5,11,9,6,466
45.5,11,9,7,468
45.5,11,9,8,470
45.5,11,9,9,473
45.5,11,9,10,475
45.5,11,9,11,477
45.5,11,9,12,479
45.5,11,9,13,481
45.5,11,9,14,483
45.5,11,9,15,485
45.5,11,10,0,455
45.5,11,10,1,458
45.5,11,10,2,460
45.5,11,10,3,462
45.5,11,10,4,464
45.5,11,10,5,467
45.5,11,10,6,469
45.5,11,10,7,471
45.5,11,10,8,473
45.5,11,10,9,475
45.5,11,10,10,477
45.5,11,10,11,479
45.5,11,10,12,482
45.5,11,10,13,484
45.5,11,10,14,486
45.5,11,10,15,488
45.5,11,11,0,458
45.5,11,11,1,460
45.5,11,11,2,462
45.5,11,11,3,465
45.5,11,11,4,467
45.5,11,11,5,469
45.5,11,11,6,471
45.5,11,11,7,473
45.5,11,11,8,476
45.5,11,11,9,478
45.5,11,11,10,480
45.5,11,11,11,482
45.5,11,11,12,484
45.5,11,11,13,486
45.5,11,11,14,488
45.5,11,11,15,490
45.5,11,12,0,460
45.5,11,12,1,463
45.5,11,12,2,465
45.5,11,12,3,467
45.5,11,12,4,469
45.5,11,12,5,472
45.5,11,12,6,474
45.5,11,12,7,476
45.5,11,12,8,478
45.5,11,12,9,480
45.5,11,12,10,482
45.5,11,12,11,485
45.5,11,12,12,487
45.5,11,12,13,489
45.5,11,12,14,491
45.5,11,12,15,493
45.5,11,13,0,463
45.5,11,13,1,465
45.5,11,13,2,467
45.5,11,13,3,470
45.5,11,13,4,472
45.5,11,13,5,474
45.5,11,13,6,476
45.5,11,13,7,478
45.5,11,13,8,481
45.5,11,13,9,483
45.5,11,13,10,485
45.5,11,13,11,487
45.5,11,13,12,489
45.5,11,13,13,491
45.5,11,13,14,494
45.5,11,13,15,496
45.5,11,14,0,465
45.5,11,14,1,467
45.5,11,14,2,470
45.5,11,14,3,472
45.5,11,14,4,474
45.5,11,14,5,476
45.5,11,14,6,479
45.5,11,14,7,481
45.5,11,14,8,483
45.5,11,14,9,485
45.5,11,14,10,487
45.5,11,14,11,490
45.5,11,14,12,492
45.5,11,14,13,494
45.5,11,14,14,496
45.5,11,14,15,498
45.5,11,15,0,468
45.5,11,15,1,470
45.5,11,15,2,472
45.5,11,15,3,474
45.5,11,15,4,477
45.5,11,15,5,479
45.5,11,15,6,481
45.5,11,15,7,483
45.5,11,15,8,486
45.5,11,15,9,488
45.5,11,15,10,490
45.5,11,15,11,492
45.5,11,15,12,494
45.5,11,15,13,496
45.5,11,15,14,499
45.5,11,15,15,501
45.5,12,0,0,436
45.5,12,0,1,439
45.5,12,0,2,441
45.5,12,0,3,443
45.5,12,0,4,445
45.5,12,0,5,447
45.5,12,0,6,449
45.5,12,0,7,451
45.5,12,0,8,453
45.5,12,0,9,455
45.5,12,0,10,457
45.5,12,0,11,459
45.5,12,0,12,461
45.5,12,0,13,463
45.5,12,0,14,465
45.5,12,0,15,467
45.5,12,1,0,439
45.5,12,1,1,441
45.5,12,1,2,443
45.5,12,1,3,445
45.5,12,1,4,448
45.5,12,1,5,450
45.5,12,1,6,452
45.5,12,1,7,454
45.5,12,1,8,456
45.5,12,1,9,458
45.5,12,1,10,460
45.5,12,1,11,462
45.5,12,1,12,464
45.5,12,1,13,466
45.5,12,1,14,468
45.5,12,1,15,470
45.5,12,2,0,442
45.5,12,2,1,444
45.5,12,2,2,446
45.5,12,2,3,448
45.5,12,2,4,450
45.5,12,2,5,452
45.5,12,2,6,454
45.5,12,2,7,457
45.5,12,2,8,459
45.5,12,2,9,461
45.5,12,2,10,463
45.5,12,2,11,465
45.5,12,2,12,467
45.5,12,2,13,469
45.5,12,2,14,471
45.5,12,2,15,473
45.5,12,3,0,444
45.5,12,3,1,446
45.5,12,3,2,449
45.5,12,3,3,451
45.5,12,3,4,453
45.5,12,3,5,455
45.5,12,3,6,457
45.5,12,3,7,459
45.5,12,3,8,461
45.5,12,3,9,463
45.5,12,3,10,466
45.5,12,3,11,468
45.5,12,3,12,470
45.5,12,3,13,472
45.5,12,3,14,474
45.5,12,3,15,476
45.5,12,4,0,447
45.5,12,4,1,449
45.5,12,4,2,451
45.5,12,4,3,453
45.5,12,4,4,456
45.5,12,4,5,458
45.5,12,4,6,460
45.5,12,4,7,462
45.5,12,4,8,464
45.5,12,4,9,466
45.5,12,4,10,468
45.5,12,4,11,470
45.5,12,4,12,472
45.5,12,4,13,474
45.5,12,4,14,477
45.5,12,4,15,479
45.5,12,5,0,449
45.5,12,5,1,452
45.5,12,5,2,454
45.5,12,5,3,456
45.5,12,5,4,458
45.5,12,5,5,460
45.5,12,5,6,462
45.5,12,5,7,465
45.5,12,5,8,467
45.5,12,5,9,469
45.5,12,5,10,471
45.5,12,5,11,473
45.5,12,5,12,475
45.5,12,5,13,477
45.5,12,5,14,479
45.5,12,5,15,481
45.5,12,6,0,452
45.5,12,6,1,454
45.5,12,6,2,456
45.5,12,6,3,459
45.5,12,6,4,461
45.5,12,6,5,463
45.5,12,6,6,465
45.5,12,6,7,467
45.5,12,6,8,469
45.5,12,6,9,471
45.5,12,6,10,474
45.5,12,6,11,476
45.5,12,6,12,478
45.5,12,6,13,480
45.5,12,6,14,482
45.5,12,6,15,484
45.5,12,7,0,454
45.5,12,7,1,457
45.5,12,7,2,459
45.5,12,7,3,461
45.5,12,7,4,463
45.5,12,7,5,465
45.5,12,7,6,468
45.5,12,7,7,470
45.5,12,7,8,472
45.5,12,7,9,474
45.5,12,7,10,476
45.5,12,7,11,478
45.5,12,7,12,480
45.5,12,7,13,483
45.5,12,7,14,485
45.5,12,7,15,487
45.5,12,8,0,457
45.5,12,8,1,459
45.5,12,8,2,461
45.5,12,8,3,464
45.5,12,8,4,466
45.5,12,8,5,468
45.5,12,8,6,470
45.5,12,8,7,472
45.5,12,8,8,475
45.5,12,8,9,477
45.5,12,8,10,479
45.5,12,8,11,481
45.5,12,8,12,483
45.5,12,8,13,485
45.5,12,8,14,487
45.5,12,8,15,489
45.5,12,9,0,459
45.5,12,9,1,462
45.5,12,9,2,464
45.5,12,9,3,466
45.5,12,9,4,468
45.5,12,9,5,471
45.5,12,9,6,473
45.5,12,9,7,475
45.5,12,9,8,477
45.5,12,9,9,479
45.5,12,9,10,482
45.5,12,9,11,484
45.5,12,9,12,486
45.5,12,9,13,488
45.5,12,9,14,490
45.5,12,9,15,492
45.5,12,10,0,462
45.5,12,10,1,464
45.5,12,10,2,466
45.5,12,10,3,469
45.5,12,10,4,471
45.5,12,10,5,473
45.5,12,10,6,475
45.5,12,10,7,478
45.5,12,10,8,480
45.5,12,10,9,482
45.5,12,10,10,484
45.5,12,10,11,486
45.5,12,10,12,488
45.5,12,10,13,491
45.5,12,10,14,493
45.5,12,10,15,495
45.5,12,11,0,464
45.5,12,11,1,467
45.5,12,11,2,469
45.5,12,11,3,471
45.5,12,11,4,473
45.5,12,11,5,476
45.5,12,11,6,478
45.5,12,11,7,480
45.5,12,11,8,482
45.5,12,11,9,485
45.5,12,11,10,487
45.5,12,11,11,489
45.5,12,11,12,491
45.5,12,11,13,493
45.5,12,11,14,495
45.5,12,11,15,497
45.5,12,12,0,467
45.5,12,12,1,469
45.5,12,12,2,471
45.5,12,12,3,474
45.5,12,12,4,476
45.5,12,12,5,478
45.5,12,12,6,480
45.5,12,12,7,483
45.5,12,12,8,485
45.5,12,12,9,487
45.5,12,12,10,489
45.5,12,12,11,491
45.5,12,12,12,494
45.5,12,12,13,496
45.5,12,12,14,498
45.5,12,12,15,500
45.5,12,13,0,469
45.5,12,13,1,472
45.5,12,13,2,474
45.5,12,13,3,476
45.5,12,13,4,479
45.5,12,13,5,481
45.5,12,13,6,483
45.5,12,13,7,485
45.5,12,13,8,487
45.5,12,13,9,490
45.5,12,13,10,492
45.5,12,13,11,494
45.5,12,13,12,496
45.5,12,13,13,498
45.5,12,13,14,501
45.5,12,13,15,503
45.5,12,14,0,472
45.5,12,14,1,474
45.5,12,14,2,476
45.5,12,14,3,479
45.5,12,14,4,481
45.5,12,14,5,483
45.5,12,14,6,486
45.5,12,14,7,488
45.5,12,14,8,490
45.5,12,14,9,492
45.5,12,14,10,494
45.5,12,14,11,497
45.5,12,14,12,499
45.5,12,14,13,501
45.5,12,14,14,503
45.5,12,14,15,505
45.5,12,15,0,474
45.5,12,15,1,477
45.5,12,15,2,479
45.5,12,15,3,481
45.5,12,15,4,483
45.5,12,15,5,486
45.5,12,15,6,488
45.5,12,15,7,490
45.5,12,15,8,493
45.5,12,15,9,495
45.5,12,15,10,497
45.5,12,15,11,499
45.5,12,15,12,501
45.5,12,15,13,504
45.5,12,15,14,506
45.5,12,15,15,508
45.5,13,0,0,443
45.5,13,0,1,445
45.5,13,0,2,447
45.5,13,0,3,449
45.5,13,0,4,451
45.5,13,0,5,453
45.5,13,0,6,455
45.5,13,0,7,458
45.5,13,0,8,460
45.5,13,0,9,462
45.5,13,0,10,464
45.5,13,0,11,466
45.5,13,0,12,468
45.5,13,0,13,470
45.5,13,0,14,472
45.5,13,0,15,474
45.5,13,1,0,445
45.5,13,1,1,447
45.5,13,1,2,450
45.5,13,1,3,452
45.5,13,1,4,454
45.5,13,1,5,456
45.5,13,1,6,458
45.5,13,1,7,460
45.5,13,1,8,462
45.5,13,1,9,464
45.5,13,1,10,467
45.5,13,1,11,469
45.5,13,1,12,471
45.5,13,1,13,473
45.5,13,1,14,475
45.5,13,1,15,477
45.5,13,2,0,448
45.5,13,2,1,450
45.5,13,2,2,452
45.5,13,2,3,454
45.5,13,2,4,457
45.5,13,2,5,459
45.5,13,2,6,461
45.5,13,2,7,463
45.5,13,2,8,465
45.5,13,2,9,467
45.5,13,2,10,469
45.5,13,2,11,471
45.5,13,2,12,474
45.5,13,2,13,476
45.5,13,2,14,478
45.5,13,2,15,480
45.5,13,3,0,450
45.5,13,3,1,453
45.5,13,3,2,455
45.5,13,3,3,457
45.5,13,3,4,459
45.5,13,3,5,461
45.5,13,3,6,464
45.5,13,3,7,466
45.5,13,3,8,468
45.5,13,3,9,470
45.5,13,3,10,472
45.5,13,3,11,474
45.5,13,3,12,476
45.5,13,3,13,478
45.5,13,3,14,480
45.5,13,3,15,483
45.5,13,4,0,453
45.5,13,4,1,455
45.5,13,4,2,458
45.5,13,4,3,460
45.5,13,4,4,462
45.5,13,4,5,464
45.5,13,4,6,466
45.5,13,4,7,468
45.5,13,4,8,471
45.5,13,4,9,473
45.5,13,4,10,475
45.5,13,4,11,477
45.5,13,4,12,479
45.5,13,4,13,481
45.5,13,4,14,483
45.5,13,4,15,485
45.5,13,5,0,456
45.5,13,5,1,458
45.5,13,5,2,460
45.5,13,5,3,462
45.5,13,5,4,465
45.5,13,5,5,467
45.5,13,5,6,469
45.5,13,5,7,471
45.5,13,5,8,473
45.5,13,5,9,475
45.5,13,5,10,478
45.5,13,5,11,480
45.5,13,5,12,482
45.5,13,5,13,484
45.5,13,5,14,486
45.5,13,5,15,488
45.5,13,6,0,458
45.5,13,6,1,461
45.5,13,6,2,463
45.5,13,6,3,465
45.5,13,6,4,467
45.5,13,6,5,469
45.5,13,6,6,472
45.5,13,6,7,474
45.5,13,6,8,476
45.5,13,6,9,478
45.5,13,6,10,480
45.5,13,6,11,482
45.5,13,6,12,485
45.5,13,6,13,487
45.5,13,6,14,489
45.5,13,6,15,491
45.5,13,7,0,461
45.5,13,7,1,463
45.5,13,7,2,465
45.5,13,7,3,468
45.5,13,7,4,470
45.5,13,7,5,472
45.5,13,7,6,474
45.5,13,7,7,476
45.5,13,7,8,479
45.5,13,7,9,481
45.5,13,7,10,483
45.5,13,7,11,485
45.5,13,7,12,487
45.5,13,7,13,489
45.5,13,7,14,492
45.5,13,7,15,494
45.5,13,8,0,463
45.5,13,8,1,466
45.5,13,8,2,468
45.5,13,8,3,470
45.5,13,8,4,472
45.5,13,8,5,475
45.5,13,8,6,477
45.5,13,8,7,479
45.5,13,8,8,481
45.5,13,8,9,483
45.5,13,8,10,486
45.5,13,8,11,488
45.5,13,8,12,490
45.5,13,8,13,492
45.5,13,8,14,494
45.5,13,8,15,496
45.5,13,9,0,466
45.5,13,9,1,468
45.5,13,9,2,471
45.5,13,9,3,473
45.5,13,9,4,475
45.5,13,9,5,477
45.5,13,9,6,479
45.5,13,9,7,482
45.5,13,9,8,484
45.5,13,9,9,486
45.5,13,9,10,488
45.5,13,9,11,490
45.5,13,9,12,493
45.5,13,9,13,495
45.5,13,9,14,497
45.5,13,9,15,499
45.5,13,10,0,468
45.5,13,10,1,471
45.5,13,10,2,473
45.5,13,10,3,475
45.5,13,10,4,478
45.5,13,10,5,480
45.5,13,10,6,482
45.5,13,10,7,484
45.5,13,10,8,487
45.5,13,10,9,489
45.5,13,10,10,491
45.5,13,10,11,493
45.5,13,10,12,495
45.5,13,10,13,497
45.5,13,10,14,500
45.5,13,10,15,502
45.5,13,11,0,471
45.5,13,11,1,473
45.5,13,11,2,476
45.5,13,11,3,478
45.5,13,11,4,480
45.5,13,11,5,482
45.5,13,11,6,485
45.5,13,11,7,487
45.5,13,11,8,489
45.5,13,11,9,491
45.5,13,11,10,494
45.5,13,11,11,496
45.5,13,11,12,498
45.5,13,11,13,500
45.5,13,11,14,502
45.5,13,11,15,504
45.5,13,12,0,474
45.5,13,12,1,476
45.5,13,12,2,478
45.5,13,12,3,480
45.5,13,12,4,483
45.5,13,12,5,485
45.5,13,12,6,487
45.5,13,12,7,490
45.5,13,12,8,492
45.5,13,12,9,494
45.5,13,12,10,496
45.5,13,12,11,498
45.5,13,12,12,501
45.5,13,12,13,503
45.5,13,12,14,505
45.5,13,12,15,507
45.5,13,13,0,476
45.5,13,13,1,478
45.5,13,13,2,481
45.5,13,13,3,483
45.5,13,13,4,485
45.5,13,13,5,488
45.5,13,13,6,490
45.5,13,13,7,492
45.5,13,13,8,494
45.5,13,13,9,497
45.5,13,13,10,499
45.5,13,13,11,501
45.5,13,13,12,503
45.5,13,13,13,505
45.5,13,13,14,508
45.5,13,13,15,510
45.5,13,14,0,478
45.5,13,14,1,481
45.5,13,14,2,483
45.5,13,14,3,485
45.5,13,14,4,488
45.5,13,14,5,490
45.5,13,14,6,492
45.5,13,14,7,495
45.5,13,14,8,497
45.5,13,14,9,499
45.5,13,14,10,501
45.5,13,14,11,504
45.5,13,14,12,506
45.5,13,14,13,508
45.5,13,14,14,510
45.5,13,14,15,512
45.5,13,15,0,481
45.5,13,15,1,483
45.5,13,15,2,486
45.5,13,15,3,488
45.5,13,15,4,490
45.5,13,15,5,493
45.5,13,15,6,495
45.5,13,15,7,497
45.5,13,15,8,499
45.5,13,15,9,502
45.5,13,15,10,504
45.5,13,15,11,506
45.5,13,15,12,508
45.5,13,15,13,511
45.5,13,15,14,513
45.5,13,15,15,515
45.5,14,0,0,449
45.5,14,0,1,451
45.5,14,0,2,453
45.5,14,0,3,455
45.5,14,0,4,457
45.5,14,0,5,460
45.5,14,0,6,462
45.5,14,0,7,464
45.5,14,0,8,466
45.5,14,0,9,468
45.5,14,0,10,470
45.5,14,0,11,472
45.5,14,0,12,474
45.5,14,0,13,476
45.5,14,0,14,479
45.5,14,0,15,481
45.5,14,1,0,451
45.5,14,1,1,454
45.5,14,1,2,456
45.5,14,1,3,458
45.5,14,1,4,460
45.5,14,1,5,462
45.5,14,1,6,465
45.5,14,1,7,467
45.5,14,1,8,469
45.5,14,1,9,471
45.5,14,1,10,473
45.5,14,1,11,475
45.5,14,1,12,477
45.5,14,1,13,479
45.5,14,1,14,481
45.5,14,1,15,484
45.5,14,2,0,454
45.5,14,2,1,456
45.5,14,2,2,459
45.5,14,2,3,461
45.5,14,2,4,463
45.5,14,2,5,465
45.5,14,2,6,467
45.5,14,2,7,469
45.5,14,2,8,472
45.5,14,2,9,474
45.5,14,2,10,476
45.5,14,2,11,478
45.5,14,2,12,480
45.5,14,2,13,482
45.5,14,2,14,484
45.5,14,2,15,486
45.5,14,3,0,457
45.5,14,3,1,459
45.5,14,3,2,461
45.5,14,3,3,463
45.5,14,3,4,466
45.5,14,3,5,468
45.5,14,3,6,470
45.5,14,3,7,472
45.5,14,3,8,474
45.5,14,3,9,477
45.5,14,3,10,479
45.5,14,3,11,481
45.5,14,3,12,483
45.5,14,3,13,485
45.5,14,3,14,487
45.5,14,3,15,489
45.5,14,4,0,459
45.5,14,4,1,462
45.5,14,4,2,464
45.5,14,4,3,466
45.5,14,4,4,468
45.5,14,4,5,471
45.5,14,4,6,473
45.5,14,4,7,475
45.5,14,4,8,477
45.5,14,4,9,479
45.5,14,4,10,481
45.5,14,4,11,484
45.5,14,4,12,486
45.5,14,4,13,488
45.5,14,4,14,490
45.5,14,4,15,492
45.5,14,5,0,462
45.5,14,5,1,464
45.5,14,5,2,467
45.5,14,5,3,469
45.5,14,5,4,471
45.5,14,5,5,473
45.5,14,5,6,475
45.5,14,5,7,478
45.5,14,5,8,480
45.5,14,5,9,482
45.5,14,5,10,484
45.5,14,5,11,486
45.5,14,5,12,489
45.5,14,5,13,491
45.5,14,5,14,493
45.5,14,5,15,495
45.5,14,6,0,465
45.5,14,6,1,467
45.5,14,6,2,469
45.5,14,6,3,471
45.5,14,6,4,474
45.5,14,6,5,476
45.5,14,6,6,478
45.5,14,6,7,480
45.5,14,6,8,483
45.5,14,6,9,485
45.5,14,6,10,487
45.5,14,6,11,489
45.5,14,6,12,491
45.5,14,6,13,493
45.5,14,6,14,496
45.5,14,6,15,498
45.5,14,7,0,467
45.5,14,7,1,470
45.5,14,7,2,472
45.5,14,7,3,474
45.5,14,7,4,476
45.5,14,7,5,479
45.5,14,7,6,481
45.5,14,7,7,483
45.5,14,7,8,485
45.5,14,7,9,487
45.5,14,7,10,490
45.5,14,7,11,492
45.5,14,7,12,494
45.5,14,7,13,496
45.5,14,7,14,498
45.5,14,7,15,500
45.5,14,8,0,470
45.5,14,8,1,472
45.5,14,8,2,474
45.5,14,8,3,477
45.5,14,8,4,479
45.5,14,8,5,481
45.5,14,8,6,484
45.5,14,8,7,486
45.5,14,8,8,488
45.5,14,8,9,490
45.5,14,8,10,492
45.5,14,8,11,495
45.5,14,8,12,497
45.5,14,8,13,499
45.5,14,8,14,501
45.5,14,8,15,503
45.5,14,9,0,472
45.5,14,9,1,475
45.5,14,9,2,477
45.5,14,9,3,479
45.5,14,9,4,482
45.5,14,9,5,484
45.5,14,9,6,486
45.5,14,9,7,488
45.5,14,9,8,491
45.5,14,9,9,493
45.5,14,9,10,495
45.5,14,9,11,497
45.5,14,9,12,499
45.5,14,9,13,502
45.5,14,9,14,504
45.5,14,9,15,506
45.5,14,10,0,475
45.5,14,10,1,477
45.5,14,10,2,480
45.5,14,10,3,482
45.5,14,10,4,484
45.5,14,10,5,487
45.5,14,10,6,489
45.5,14,10,7,491
45.5,14,10,8,493
45.5,14,10,9,496
45.5,14,10,10,498
45.5,14,10,11,500
45.5,14,10,12,502
45.5,14,10,13,504
45.5,14,10,14,507
45.5,14,10,15,509
45.5,14,11,0,478
45.5,14,11,1,480
45.5,14,11,2,482
45.5,14,11,3,485
45.5,14,11,4,487
45.5,14,11,5,489
45.5,14,11,6,491
45.5,14,11,7,494
45.5,14,11,8,496
45.5,14,11,9,498
45.5,14,11,10,500
45.5,14,11,11,503
45.5,14,11,12,505
45.5,14,11,13,507
45.5,14,11,14,509
45.5,14,11,15,512
45.5,14,12,0,480
45.5,14,12,1,482
45.5,14,12,2,485
45.5,14,12,3,487
45.5,14,12,4,489
45.5,14,12,5,492
45.5,14,12,6,494
45.5,14,12,7,496
45.5,14,12,8,499
45.5,14,12,9,501
45.5,14,12,10,503
45.5,14,12,11,505
45.5,14,12,12,508
45.5,14,12,13,510
45.5,14,12,14,512
45.5,14,12,15,514
45.5,14,13,0,483
45.5,14,13,1,485
45.5,14,13,2,487
45.5,14,13,3,490
45.5,14,13,4,492
45.5,14,13,5,494
45.5,14,13,6,497
45.5,14,13,7,499
45.5,14,13,8,501
45.5,14,13,9,503
45.5,14,13,10,506
45.5,14,13,11,508
45.5,14,13,12,510
45.5,14,13,13,512
45.5,14,13,14,515
45.5,14,13,15,517
45.5,14,14,0,485
45.5,14,14,1,488
45.5,14,14,2,490
45.5,14,14,3,492
45.5,14,14,4,495
45.5,14,14,5,497
45.5,14,14,6,499
45.5,14,14,7,502
45.5,14,14,8,504
45.5,14,14,9,506
45.5,14,14,10,508
45.5,14,14,11,511
45.5,14,14,12,513
45.5,14,14,13,515
45.5,14,14,14,517
45.5,14,14,15,520
45.5,14,15,0,488
45.5,14,15,1,490
45.5,14,15,2,492
45.5,14,15,3,495
45.5,14,15,4,497
45.5,14,15,5,499
45.5,14,15,6,502
45.5,14,15,7,504
45.5,14,15,8,506
45.5,14,15,9,509
45.5,14,15,10,511
45.5,14,15,11,513
45.5,14,15,12,516
45.5,14,15,13,518
45.5,14,15,14,520
45.5,14,15,15,522
45.5,15,0,0,455
45.5,15,0,1,457
45.5,15,0,2,459
45.5,15,0,3,462
45.5,15,0,4,464
45.5,15,0,5,466
45.5,15,0,6,468
45.5,15,0,7,470
45.5,15,0,8,472
45.5,15,0,9,475
45.5,15,0,10,477
45.5,15,0,11,479
45.5,15,0,12,481
45.5,15,0,13,483
45.5,15,0,14,485
45.5,15,0,15,487
45.5,15,1,0,458
45.5,15,1,1,460
45.5,15,1,2,462
45.5,15,1,3,464
45.5,15,1,4,467
45.5,15,1,5,469
45.5,15,1,6,471
45.5,15,1,7,473
45.5,15,1,8,475
45.5,15,1,9,477
45.5,15,1,10,480
45.5,15,1,11,482
45.5,15,1,12,484
45.5,15,1,13,486
45.5,15,1,14,488
45.5,15,1,15,490
45.5,15,2,0,460
45.5,15,2,1,463
45.5,15,2,2,465
45.5,15,2,3,467
45.5,15,2,4,469
45.5,15,2,5,471
45.5,15,2,6,474
45.5,15,2,7,476
45.5,15,2,8,478
45.5,15,2,9,480
45.5,15,2,10,482
45.5,15,2,11,485
45.5,15,2,12,487
45.5,15,2,13,489
45.5,15,2,14,491
45.5,15,2,15,493
45.5,15,3,0,463
45.5,15,3,1,465
45.5,15,3,2,468
45.5,15,3,3,470
45.5,15,3,4,472
45.5,15,3,5,474
45.5,15,3,6,476
45.5,15,3,7,479
45.5,15,3,8,481
45.5,15,3,9,483
45.5,15,3,10,485
45.5,15,3,11,487
45.5,15,3,12,490
45.5,15,3,13,492
45.5,15,3,14,494
45.5,15,3,15,496
45.5,15,4,0,466
45.5,15,4,1,468
45.5,15,4,2,470
45.5,15,4,3,473
45.5,15,4,4,475
45.5,15,4,5,477
45.5,15,4,6,479
45.5,15,4,7,481
45.5,15,4,8,484
45.5,15,4,9,486
45.5,15,4,10,488
45.5,15,4,11,490
45.5,15,4,12,492
45.5,15,4,13,495
45.5,15,4,14,497
45.5,15,4,15,499
45.5,15,5,0,468
45.5,15,5,1,471
45.5,15,5,2,473
45.5,15,5,3,475
45.5,15,5,4,477
45.5,15,5,5,480
45.5,15,5,6,482
45.5,15,5,7,484
45.5,15,5,8,486
45.5,15,5,9,489
45.5,15,5,10,491
45.5,15,5,11,493
45.5,15,5,12,495
45.5,15,5,13,497
45.5,15,5,14,500
45.5,15,5,15,502
45.5,15,6,0,471
45.5,15,6,1,473
45.5,15,6,2,476
45.5,15,6,3,478
45.5,15,6,4,480
45.5,15,6,5,482
45.5,15,6,6,485
45.5,15,6,7,487
45.5,15,6,8,489
45.5,15,6,9,491
45.5,15,6,10,494
45.5,15,6,11,496
45.5,15,6,12,498
45.5,15,6,13,500
45.5,15,6,14,502
45.5,15,6,15,505
45.5,15,7,0,474
45.5,15,7,1,476
45.5,15,7,2,478
45.5,15,7,3,481
45.5,15,7,4,483
45.5,15,7,5,485
45.5,15,7,6,487
45.5,15,7,7,490
45.5,15,7,8,492
45.5,15,7,9,494
45.5,15,7,10,496
45.5,15,7,11,499
45.5,15,7,12,501
45.5,15,7,13,503
45.5,15,7,14,505
45.5,15,7,15,507
45.5,15,8,0,476
45.5,15,8,1,479
45.5,15,8,2,481
45.5,15,8,3,483
45.5,15,8,4,486
45.5,15,8,5,488
45.5,15,8,6,490
45.5,15,8,7,492
45.5,15,8,8,495
45.5,15,8,9,497
45.5,15,8,10,499
45.5,15,8,11,501
45.5,15,8,12,504
45.5,15,8,13,506
45.5,15,8,14,508
45.5,15,8,15,510
45.5,15,9,0,479
45.5,15,9,1,481
45.5,15,9,2,484
45.5,15,9,3,486
45.5,15,9,4,488
45.5,15,9,5,491
45.5,15,9,6,493
45.5,15,9,7,495
45.5,15,9,8,497
45.5,15,9,9,500
45.5,15,9,10,502
45.5,15,9,11,504
45.5,15,9,12,506
45.5,15,9,13,509
45.5,15,9,14,511
45.5,15,9,15,513
45.5,15,10,0,482
45.5,15,10,1,484
45.5,15,10,2,486
45.5,15,10,3,489
45.5,15,10,4,491
45.5,15,10,5,493
45.5,15,10,6,495
45.5,15,10,7,498
45.5,15,10,8,500
45.5,15,10,9,502
45.5,15,10,10,505
45.5,15,10,11,507
45.5,15,10,12,509
45.5,15,10,13,511
45.5,15,10,14,514
45.5,15,10,15,516
45.5,15,11,0,484
45.5,15,11,1,486
45.5,15,11,2,489
45.5,15,11,3,491
45.5,15,11,4,494
45.5,15,11,5,496
45.5,15,11,6,498
45.5,15,11,7,500
45.5,15,11,8,503
45.5,15,11,9,505
45.5,15,11,10,507
45.5,15,11,11,510
45.5,15,11,12,512
45.5,15,11,13,514
45.5,15,11,14,516
45.5,15,11,15,519
45.5,15,12,0,487
45.5,15,12,1,489
45.5,15,12,2,491
45.5,15,12,3,494
45.5,15,12,4,496
45.5,15,12,5,498
45.5,15,12,6,501
45.5,15,12,7,503
45.5,15,12,8,505
45.5,15,12,9,508
45.5,15,12,10,510
45.5,15,12,11,512
45.5,15,12,12,515
45.5,15,12,13,517
45.5,15,12,14,519
45.5,15,12,15,521
45.5,15,13,0,489
45.5,15,13,1,492
45.5,15,13,2,494
45.5,15,13,3,496
45.5,15,13,4,499
45.5,15,13,5,501
45.5,15,13,6,503
45.5,15,13,7,506
45.5,15,13,8,508
45.5,15,13,9,510
45.5,15,13,10,513
45.5,15,13,11,515
45.5,15,13,12,517
45.5,15,13,13,520
45.5,15,13,14,522
45.5,15,13,15,524
45.5,15,14,0,492
45.5,15,14,1,494
45.5,15,14,2,497
45.5,15,14,3,499
45.5,15,14,4,501
45.5,15,14,5,504
45.5,15,14,6,506
45.5,15,14,7,508
45.5,15,14,8,511
45.5,15,14,9,513
45.5,15,14,10,515
45.5,15,14,11,518
45.5,15,14,12,520
45.5,15,14,13,522
45.5,15,14,14,524
45.5,15,14,15,527
45.5,15,15,0,494
45.5,15,15,1,497
45.5,15,15,2,499
45.5,15,15,3,502
45.5,15,15,4,504
45.5,15,15,5,506
45.5,15,15,6,509
45.5,15,15,7,511
45.5,15,15,8,513
45.5,15,15,9,516
45.5,15,15,10,518
45.5,15,15,11,520
45.5,15,15,12,523
45.5,15,15,13,525
45.5,15,15,14,527
45.5,15,15,15,529
46.0,0,0,0,365
46.0,0,0,1,367
46.0,0,0,2,368
46.0,0,0,3,370
46.0,0,0,4,372
46.0,0,0,5,374
46.0,0,0,6,375
46.0,0,0,7,377
46.0,0,0,8,379
46.0,0,0,9,381
46.0,0,0,10,382
46.0,0,0,11,384
46.0,0,0,12,386
46.0,0,0,13,387
46.0,0,0,14,389
46.0,0,0,15,391
46.0,0,1,0,367
46.0,0,1,1,369
46.0,0,1,2,371
46.0,0,1,3,372
46.0,0,1,4,374
46.0,0,1,5,376
46.0,0,1,6,378
46.0,0,1,7,379
46.0,0,1,8,381
46.0,0,1,9,383
46.0,0,1,10,385
46.0,0,1,11,386
46.0,0,1,12,388
46.0,0,1,13,390
46.0,0,1,14,391
46.0,0,1,15,393
46.0,0,2,0,369
46.0,0,2,1,371
46.0,0,2,2,373
46.0,0,2,3,375
46.0,0,2,4,376
46.0,0,2,5,378
46.0,0,2,6,380
46.0,0,2,7,382
46.0,0,2,8,383
46.0,0,2,9,385
46.0,0,2,10,387
46.0,0,2,11,389
46.0,0,2,12,390
46.0,0,2,13,392
46.0,0,2,14,394
46.0,0,2,15,395
46.0,0,3,0,371
46.0,0,3,1,373
46.0,0,3,2,375
46.0,0,3,3,377
46.0,0,3,4,379
46.0,0,3,5,380
46.0,0,3,6,382
46.0,0,3,7,384
46.0,0,3,8,386
46.0,0,3,9,387
46.0,0,3,10,389
46.0,0,3,11,391
46.0,0,3,12,393
46.0,0,3,13,394
46.0,0,3,14,396
46.0,0,3,15,398
46.0,0,4,0,373
46.0,0,4,1,375
46.0,0,4,2,377
46.0,0,4,3,379
46.0,0,4,4,381
46.0,0,4,5,383
46.0,0,4,6,384
46.0,0,4,7,386
46.0,0,4,8,388
46.0,0,4,9,390
46.0,0,4,10,391
46.0,0,4,11,393
46.0,0,4,12,395
46.0,0,4,13,397
46.0,0,4,14,398
46.0,0,4,15,400
46.0,0,5,0,376
46.0,0,5,1,377
46.0,0,5,2,379
46.0,0,5,3,381
46.0,0,5,4,383
46.0,0,5,5,385
46.0,0,5,6,387
46.0,0,5,7,388
46.0,0,5,8,390
46.0,0,5,9,392
46.0,0,5,10,394
46.0,0,5,11,395
46.0,0,5,12,397
46.0,0,5,13,399
46.0,0,5,14,401
46.0,0,5,15,402
46.0,0,6,0,378
46.0,0,6,1,380
46.0,0,6,2,381
46.0,0,6,3,383
46.0,0,6,4,385
46.0,0,6,5,387
46.0,0,6,6,389
46.0,0,6,7,391
46.0,0,6,8,392
46.0,0,6,9,394
46.0,0,6,10,396
46.0,0,6,11,398
46.0,0,6,12,399
46.0,0,6,13,401
46.0,0,6,14,403
46.0,0,6,15,405
46.0,0,7,0,380
46.0,0,7,1,382
46.0,0,7,2,384
46.0,0,7,3,385
46.0,0,7,4,387
46.0,0,7,5,389
46.0,0,7,6,391
46.0,0,7,7,393
46.0,0,7,8,395
46.0,0,7,9,396
46.0,0,7,10,398
46.0,0,7,11,400
46.0,0,7,12,402
46.0,0,7,13,403
46.0,0,7,14,405
46.0,0,7,15,407
46.0,0,8,0,382
46.0,0,8,1,384
46.0,0,8,2,386
46.0,0,8,3,388
46.0,0,8,4,389
46.0,0,8,5,391
46.0,0,8,6,393
46.0,0,8,7,395
46.0,0,8,8,397
46.0,0,8,9,399
46.0,0,8,10,400
46.0,0,8,11,402
46.0,0,8,12,404
46.0,0,8,13,406
46.0,0,8,14,407
46.0,0,8,15,409
46.0,0,9,0,384
46.0,0,9,1,386
46.0,0,9,2,388
46.0,0,9,3,390
46.0,0,9,4,392
46.0,0,9,5,393
46.0,0,9,6,395
46.0,0,9,7,397
46.0,0,9,8,399
46.0,0,9,9,401
46.0,0,9,10,402
46.0,0,9,11,404
46.0,0,9,12,406
46.0,0,9,13,408
46.0,0,9,14,410
46.0,0,9,15,411
46.0,0,10,0,386
46.0,0,10,1,388
46.0,0,10,2,390
46.0,0,10,3,392
46.0,0,10,4,394
46.0,0,10,5,396
46.0,0,10,6,397
46.0,0,10,7,399
46.0,0,10,8,401
46.0,0,10,9,403
46.0,0,10,10,405
46.0,0,10,11,406
46.0,0,10,12,408
46.0,0,10,13,410
46.0,0,10,14,412
46.0,0,10,15,414
46.0,0,11,0,388
46.0,0,11,1,390
46.0,0,11,2,392
46.0,0,11,3,394
46.0,0,11,4,396
46.0,0,11,5,398
46.0,0,11,6,400
46.0,0,11,7,401
46.0,0,11,8,403
46.0,0,11,9,405
46.0,0,11,10,407
46.0,0,11,11,409
46.0,0,11,12,410
46.0,0,11,13,412
46.0,0,11,14,414
46.0,0,11,15,416
46.0,0,12,0,390
46.0,0,12,1,392
46.0,0,12,2,394
46.0,0,12,3,396
46.0,0,12,4,398
46.0,0,12,5,400
46.0,0,12,6,402
46.0,0,12,7,403
46.0,0,12,8,405
46.0,0,12,9,407
46.0,0,12,10,409
46.0,0,12,11,411
46.0,0,12,12,413
46.0,0,12,13,414
46.0,0,12,14,416
46.0,0,12,15,418
46.0,0,13,0,392
46.0,0,13,1,394
46.0,0,13,2,396
46.0,0,13,3,398
46.0,0,13,4,400
46.0,0,13,5,402
46.0,0,13,6,404
46.0,0,13,7,406
46.0,0,13,8,407
46.0,0,13,9,409
46.0,0,13,10,411
46.0,0,13,11,413
46.0,0,13,12,415
46.0,0,13,13,417
46.0,0,13,14,418
46.0,0,13,15,420
46.0,0,14,0,394
46.0,0,14,1,396
46.0,0,14,2,398
46.0,0,14,3,400
46.0,0,14,4,402
46.0,0,14,5,404
46.0,0,14,6,406
46.0,0,14,7,408
46.0,0,14,8,410
46.0,0,14,9,411
46.0,0,14,10,413
46.0,0,14,11,415
46.0,0,14,12,417
46.0,0,14,13,419
46.0,0,14,14,421
46.0,0,14,15,422
46.0,0,15,0,396
46.0,0,15,1,398
46.0,0,15,2,400
46.0,0,15,3,402
46.0,0,15,4,404
46.0,0,15,5,406
46.0,0,15,6,408
46.0,0,15,7,410
46.0,0,15,8,412
46.0,0,15,9,414
46.0,0,15,10,415
46.0,0,15,11,417
46.0,0,15,12,419
46.0,0,15,13,421
46.0,0,15,14,423
46.0,0,15,15,425
46.0,1,0,0,371
46.0,1,0,1,373
46.0,1,0,2,375
46.0,1,0,3,376
46.0,1,0,4,378
46.0,1,0,5,380
46.0,1,0,6,382
46.0,1,0,7,384
46.0,1,0,8,385
46.0,1,0,9,387
46.0,1,0,10,389
46.0,1,0,11,390
46.0,1,0,12,392
46.0,1,0,13,394
46.0,1,0,14,396
46.0,1,0,15,397
46.0,1,1,0,373
46.0,1,1,1,375
46.0,1,1,2,377
46.0,1,1,3,379
46.0,1,1,4,380
46.0,1,1,5,382
46.0,1,1,6,384
46.0,1,1,7,386
46.0,1,1,8,388
46.0,1,1,9,389
46.0,1,1,10,391
46.0,1,1,11,393
46.0,1,1,12,395
46.0,1,1,13,396
46.0,1,1,14,398
46.0,1,1,15,400
46.0,1,2,0,375
46.0,1,2,1,377
46.0,1,2,2,379
46.0,1,2,3,381
46.0,1,2,4,383
46.0,1,2,5,385
46.0,1,2,6,386
46.0,1,2,7,388
46.0,1,2,8,390
46.0,1,2,9,392
46.0,1,2,10,393
46.0,1,2,11,395
46.0,1,2,12,397
46.0,1,2,13,399
46.0,1,2,14,400
46.0,1,2,15,402
46.0,1,3,0,378
46.0,1,3,1,379
46.0,1,3,2,381
46.0,1,3,3,383
46.0,1,3,4,385
46.0,1,3,5,387
46.0,1,3,6,389
46.0,1,3,7,390
46.0,1,3,8,392
46.0,1,3,9,394
46.0,1,3,10,396
46.0,1,3,11,398
46.0,1,3,12,399
46.0,1,3,13,401
46.0,1,3,14,403
46.0,1,3,15,404
46.0,1,4,0,380
46.0,1,4,1,382
46.0,1,4,2,384
46.0,1,4,3,385
46.0,1,4,4,387
46.0,1,4,5,389
46.0,1,4,6,391
46.0,1,4,7,393
46.0,1,4,8,394
46.0,1,4,9,396
46.0,1,4,10,398
46.0,1,4,11,400
46.0,1,4,12,402
46.0,1,4,13,403
46.0,1,4,14,405
46.0,1,4,15,407
46.0,1,5,0,382
46.0,1,5,1,384
46.0,1,5,2,386
46.0,1,5,3,388
46.0,1,5,4,389
46.0,1,5,5,391
46.0,1,5,6,393
46.0,1,5,7,395
46.0,1,5,8,397
46.0,1,5,9,399
46.0,1,5,10,400
46.0,1,5,11,402
46.0,1,5,12,404
46.0,1,5,13,406
46.0,1,5,14,407
46.0,1,5,15,409
46.0,1,6,0,384
46.0,1,6,1,386
46.0,1,6,2,388
46.0,1,6,3,390
46.0,1,6,4,392
46.0,1,6,5,393
46.0,1,6,6,395
46.0,1,6,7,397
46.0,1,6,8,399
46.0,1,6,9,401
46.0,1,6,10,403
46.0,1,6,11,404
46.0,1,6,12,406
46.0,1,6,13,408
46.0,1,6,14,410
46.0,1,6,15,411
46.0,1,7,0,386
46.0,1,7,1,388
46.0,1,7,2,390
46.0,1,7,3,392
46.0,1,7,4,394
46.0,1,7,5,396
46.0,1,7,6,398
46.0,1,7,7,399
46.0,1,7,8,401
46.0,1,7,9,403
46.0,1,7,10,405
46.0,1,7,11,407
46.0,1,7,12,408
46.0,1,7,13,410
46.0,1,7,14,412
46.0,1,7,15,414
46.0,1,8,0,388
46.0,1,8,1,390
46.0,1,8,2,392
46.0,1,8,3,394
46.0,1,8,4,396
46.0,1,8,5,398
46.0,1,8,6,400
46.0,1,8,7,402
46.0,1,8,8,403
46.0,1,8,9,405
46.0,1,8,10,407
46.0,1,8,11,409
46.0,1,8,12,411
46.0,1,8,13,413
46.0,1,8,14,414
46.0,1,8,15,416
46.0,1,9,0,391
46.0,1,9,1,393
46.0,1,9,2,394
46.0,1,9,3,396
46.0,1,9,4,398
46.0,1,9,5,400
46.0,1,9,6,402
46.0,1,9,7,404
46.0,1,9,8,406
46.0,1,9,9,407
46.0,1,9,10,409
46.0,1,9,11,411
46.0,1,9,12,413
46.0,1,9,13,415
46.0,1,9,14,417
46.0,1,9,15,418
46.0,1,10,0,393
46.0,1,10,1,395
46.0,1,10,2,397
46.0,1,10,3,398
46.0,1,10,4,400
46.0,1,10,5,402
46.0,1,10,6,404
46.0,1,10,7,406
46.0,1,10,8,408
46.0,1,10,9,410
46.0,1,10,10,412
46.0,1,10,11,413
46.0,1,10,12,415
46.0,1,10,13,417
46.0,1,10,14,419
46.0,1,10,15,421
46.0,1,11,0,395
46.0,1,11,1,397
46.0,1,11,2,399
46.0,1,11,3,401
46.0,1,11,4,403
46.0,1,11,5,404
46.0,1,11,6,406
46.0,1,11,7,408
46.0,1,11,8,410
46.0,1,11,9,412
46.0,1,11,10,414
46.0,1,11,11,416
46.0,1,11,12,417
46.0,1,11,13,419
46.0,1,11,14,421
46.0,1,11,15,423
46.0,1,12,0,397
46.0,1,12,1,399
46.0,1,12,2,401
46.0,1,12,3,403
46.0,1,12,4,405
46.0,1,12,5,407
46.0,1,12,6,408
46.0,1,12,7,410
46.0,1,12,8,412
46.0,1,12,9,414
46.0,1,12,10,416
46.0,1,12,11,418
46.0,1,12,12,420
46.0,1,12,13,421
46.0,1,12,14,423
46.0,1,12,15,425
46.0,1,13,0,399
46.0,1,13,1,401
46.0,1,13,2,403
46.0,1,13,3,405
46.0,1,13,4,407
46.0,1,13,5,409
46.0,1,13,6,411
46.0,1,13,7,412
46.0,1,13,8,414
46.0,1,13,9,416
46.0,1,13,10,418
46.0,1,13,11,420
46.0,1,13,12,422
46.0,1,13,13,424
46.0,1,13,14,426
46.0,1,13,15,427
46.0,1,14,0,401
46.0,1,14,1,403
46.0,1,14,2,405
46.0,1,14,3,407
46.0,1,14,4,409
46.0,1,14,5,411
46.0,1,14,6,413
46.0,1,14,7,415
46.0,1,14,8,417
46.0,1,14,9,418
46.0,1,14,10,420
46.0,1,14,11,422
46.0,1,14,12,424
46.0,1,14,13,426
46.0,1,14,14,428
46.0,1,14,15,430
46.0,1,15,0,403
46.0,1,15,1,405
46.0,1,15,2,407
46.0,1,15,3,409
46.0,1,15,4,411
46.0,1,15,5,413
46.0,1,15,6,415
46.0,1,15,7,417
46.0,1,15,8,419
46.0,1,15,9,421
46.0,1,15,10,422
46.0,1,15,11,424
46.0,1,15,12,426
46.0,1,15,13,428
46.0,1,15,14,430
46.0,1,15,15,432
46.0,2,0,0,377
46.0,2,0,1,379
46.0,2,0,2,381
46.0,2,0,3,383
46.0,2,0,4,385
46.0,2,0,5,386
46.0,2,0,6,388
46.0,2,0,7,390
46.0,2,0,8,392
46.0,2,0,9,393
46.0,2,0,10,395
46.0,2,0,11,397
46.0,2,0,12,399
46.0,2,0,13,401
46.0,2,0,14,402
46.0,2,0,15,404
46.0,2,1,0,379
46.0,2,1,1,381
46.0,2,1,2,383
46.0,2,1,3,385
46.0,2,1,4,387
46.0,2,1,5,389
46.0,2,1,6,390
46.0,2,1,7,392
46.0,2,1,8,394
46.0,2,1,9,396
46.0,2,1,10,398
46.0,2,1,11,399
46.0,2,1,12,401
46.0,2,1,13,403
46.0,2,1,14,405
46.0,2,1,15,406
46.0,2,2,0,382
46.0,2,2,1,384
46.0,2,2,2,385
46.0,2,2,3,387
46.0,2,2,4,389
46.0,2,2,5,391
46.0,2,2,6,393
46.0,2,2,7,395
46.0,2,2,8,396
46.0,2,2,9,398
46.0,2,2,10,400
46.0,2,2,11,402
46.0,2,2,12,404
46.0,2,2,13,405
46.0,2,2,14,407
46.0,2,2,15,409
46.0,2,3,0,384
46.0,2,3,1,386
46.0,2,3,2,388
46.0,2,3,3,390
46.0,2,3,4,391
46.0,2,3,5,393
46.0,2,3,6,395
46.0,2,3,7,397
46.0,2,3,8,399
46.0,2,3,9,401
46.0,2,3,10,402
46.0,2,3,11,404
46.0,2,3,12,406
46.0,2,3,13,408
46.0,2,3,14,409
46.0,2,3,15,411
46.0,2,4,0,386
46.0,2,4,1,388
46.0,2,4,2,390
46.0,2,4,3,392
46.0,2,4,4,394
46.0,2,4,5,396
46.0,2,4,6,397
46.0,2,4,7,399
46.0,2,4,8,401
46.0,2,4,9,403
46.0,2,4,10,405
46.0,2,4,11,406
46.0,2,4,12,408
46.0,2,4,13,410
46.0,2,4,14,412
46.0,2,4,15,414
46.0,2,5,0,388
46.0,2,5,1,390
46.0,2,5,2,392
46.0,2,5,3,394
46.0,2,5,4,396
46.0,2,5,5,398
46.0,2,5,6,400
46.0,2,5,7,402
46.0,2,5,8,403
46.0,2,5,9,405
46.0,2,5,10,407
46.0,2,5,11,409
46.0,2,5,12,411
46.0,2,5,13,412
46.0,2,5,14,414
46.0,2,5,15,416
46.0,2,6,0,391
46.0,2,6,1,392
46.0,2,6,2,394
46.0,2,6,3,396
46.0,2,6,4,398
46.0,2,6,5,400
46.0,2,6,6,402
46.0,2,6,7,404
46.0,2,6,8,406
46.0,2,6,9,407
46.0,2,6,10,409
46.0,2,6,11,411
46.0,2,6,12,413
46.0,2,6,13,415
46.0,2,6,14,417
46.0,2,6,15,418
46.0,2,7,0,393
46.0,2,7,1,395
46.0,2,7,2,397
46.0,2,7,3,399
46.0,2,7,4,400
46.0,2,7,5,402
46.0,2,7,6,404
46.0,2,7,7,406
46.0,2,7,8,408
46.0,2,7,9,410
46.0,2,7,10,412
46.0,2,7,11,413
46.0,2,7,12,415
46.0,2,7,13,417
46.0,2,7,14,419
46.0,2,7,15,421
46.0,2,8,0,395
46.0,2,8,1,397
46.0,2,8,2,399
46.0,2,8,3,401
46.0,2,8,4,403
46.0,2,8,5,405
46.0,2,8,6,406
46.0,2,8,7,408
46.0,2,8,8,410
46.0,2,8,9,412
46.0,2,8,10,414
46.0,2,8,11,416
46.0,2,8,12,418
46.0,2,8,13,419
46.0,2,8,14,421
46.0,2,8,15,423
46.0,2,9,0,397
46.0,2,9,1,399
46.0,2,9,2,401
46.0,2,9,3,403
46.0,2,9,4,405
46.0,2,9,5,407
46.0,2,9,6,409
46.0,2,9,7,411
46.0,2,9,8,412
46.0,2,9,9,414
46.0,2,9,10,416
46.0,2,9,11,418
46.0,2,9,12,420
46.0,2,9,13,422
46.0,2,9,14,424
46.0,2,9,15,425
46.0,2,10,0,399
46.0,2,10,1,401
46.0,2,10,2,403
46.0,2,10,3,405
46.0,2,10,4,407
46.0,2,10,5,409
46.0,2,10,6,411
46.0,2,10,7,413
46.0,2,10,8,415
46.0,2,10,9,417
46.0,2,10,10,418
46.0,2,10,11,420
46.0,2,10,12,422
46.0,2,10,13,424
46.0,2,10,14,426
46.0,2,10,15,428
46.0,2,11,0,401
46.0,2,11,1,403
46.0,2,11,2,405
46.0,2,11,3,407
46.0,2,11,4,409
46.0,2,11,5,411
46.0,2,11,6,413
46.0,2,11,7,415
46.0,2,11,8,417
46.0,2,11,9,419
46.0,2,11,10,421
46.0,2,11,11,423
46.0,2,11,12,424
46.0,2,11,13,426
46.0,2,11,14,428
46.0,2,11,15,430
46.0,2,12,0,404
46.0,2,12,1,406
46.0,2,12,2,407
46.0,2,12,3,409
46.0,2,12,4,411
46.0,2,12,5,413
46.0,2,12,6,415
46.0,2,12,7,417
46.0,2,12,8,419
46.0,2,12,9,421
46.0,2,12,10,423
46.0,2,12,11,425
46.0,2,12,12,427
46.0,2,12,13,429
46.0,2,12,14,430
46.0,2,12,15,432
46.0,2,13,0,406
46.0,2,13,1,408
46.0,2,13,2,410
46.0,2,13,3,412
46.0,2,13,4,414
46.0,2,13,5,416
46.0,2,13,6,417
46.0,2,13,7,419
46.0,2,13,8,421
46.0,2,13,9,423
46.0,2,13,10,425
46.0,2,13,11,427
46.0,2,13,12,429
46.0,2,13,13,431
46.0,2,13,14,433
46.0,2,13,15,435
46.0,2,14,0,408
46.0,2,14,1,410
46.0,2,14,2,412
46.0,2,14,3,414
46.0,2,14,4,416
46.0,2,14,5,418
46.0,2,14,6,420
46.0,2,14,7,422
46.0,2,14,8,423
46.0,2,14,9,425
46.0,2,14,10,427
46.0,2,14,11,429
46.0,2,14,12,431
46.0,2,14,13,433
46.0,2,14,14,435
46.0,2,14,15,437
46.0,2,15,0,410
46.0,2,15,1,412
46.0,2,15,2,414
46.0,2,15,3,416
46.0,2,15,4,418
46.0,2,15,5,420
46.0,2,15,6,422
46.0,2,15,7,424
46.0,2,15,8,426
46.0,2,15,9,428
46.0,2,15,10,430
46.0,2,15,11,431
46.0,2,15,12,433
46.0,2,15,13,435
46.0,2,15,14,437
46.0,2,15,15,439
46.0,3,0,0,383
46.0,3,0,1,385
46.0,3,0,2,387
46.0,3,0,3,389
46.0,3,0,4,391
46.0,3,0,5,393
46.0,3,0,6,394
46.0,3,0,7,396
46.0,3,0,8,398
46.0,3,0,9,400
46.0,3,0,10,402
46.0,3,0,11,404
46.0,3,0,12,405
46.0,3,0,13,407
46.0,3,0,14,409
46.0,3,0,15,411
46.0,3,1,0,386
46.0,3,1,1,388
46.0,3,1,2,389
46.0,3,1,3,391
46.0,3,1,4,393
46.0,3,1,5,395
46.0,3,1,6,397
46.0,3,1,7,399
46.0,3,1,8,401
46.0,3,1,9,402
46.0,3,1,10,404
46.0,3,1,11,406
46.0,3,1,12,408
46.0,3,1,13,410
46.0,3,1,14,411
46.0,3,1,15,413
46.0,3,2,0,388
46.0,3,2,1,390
46.0,3,2,2,392
46.0,3,2,3,394
46.0,3,2,4,396
46.0,3,2,5,397
46.0,3,2,6,399
46.0,3,2,7,401
46.0,3,2,8,403
46.0,3,2,9,405
46.0,3,2,10,407
46.0,3,2,11,408
46.0,3,2,12,410
46.0,3,2,13,412
46.0,3,2,14,414
46.0,3,2,15,416
46.0,3,3,0,390
46.0,3,3,1,392
46.0,3,3,2,394
46.0,3,3,3,396
46.0,3,3,4,398
46.0,3,3,5,400
46.0,3,3,6,402
46.0,3,3,7,403
46.0,3,3,8,405
46.0,3,3,9,407
46.0,3,3,10,409
46.0,3,3,11,411
46.0,3,3,12,413
46.0,3,3,13,414
46.0,3,3,14,416
46.0,3,3,15,418
46.0,3,4,0,393
46.0,3,4,1,394
46.0,3,4,2,396
46.0,3,4,3,398
46.0,3,4,4,400
46.0,3,4,5,402
46.0,3,4,6,404
46.0,3,4,7,406
46.0,3,4,8,408
46.0,3,4,9,409
46.0,3,4,10,411
46.0,3,4,11,413
46.0,3,4,12,415
46.0,3,4,13,417
46.0,3,4,14,419
46.0,3,4,15,420
46.0,3,5,0,395
46.0,3,5,1,397
46.0,3,5,2,399
46.0,3,5,3,401
46.0,3,5,4,402
46.0,3,5,5,404
46.0,3,5,6,406
46.0,3,5,7,408
46.0,3,5,8,410
46.0,3,5,9,412
46.0,3,5,10,414
46.0,3,5,11,416
46.0,3,5,12,417
46.0,3,5,13,419
46.0,3,5,14,421
46.0,3,5,15,423
46.0,3,6,0,397
46.0,3,6,1,399
46.0,3,6,2,401
46.0,3,6,3,403
46.0,3,6,4,405
46.0,3,6,5,407
46.0,3,6,6,409
46.0,3,6,7,410
46.0,3,6,8,412
46.0,3,6,9,414
46.0,3,6,10,416
46.0,3,6,11,418
46.0,3,6,12,420
46.0,3,6,13,422
46.0,3,6,14,423
46.0,3,6,15,425
46.0,3,7,0,399
46.0,3,7,1,401
46.0,3,7,2,403
46.0,3,7,3,405
46.0,3,7,4,407
46.0,3,7,5,409
46.0,3,7,6,411
46.0,3,7,7,413
46.0,3,7,8,415
46.0,3,7,9,416
46.0,3,7,10,418
46.0,3,7,11,420
46.0,3,7,12,422
46.0,3,7,13,424
46.0,3,7,14,426
46.0,3,7,15,428
46.0,3,8,0,401
46.0,3,8,1,403
46.0,3,8,2,405
46.0,3,8,3,407
46.0,3,8,4,409
46.0,3,8,5,411
46.0,3,8,6,413
46.0,3,8,7,415
46.0,3,8,8,417
46.0,3,8,9,419
46.0,3,8,10,421
46.0,3,8,11,423
46.0,3,8,12,424
46.0,3,8,13,426
46.0,3,8,14,428
46.0,3,8,15,430
46.0,3,9,0,404
46.0,3,9,1,406
46.0,3,9,2,408
46.0,3,9,3,410
46.0,3,9,4,411
46.0,3,9,5,413
46.0,3,9,6,415
46.0,3,9,7,417
46.0,3,9,8,419
46.0,3,9,9,421
46.0,3,9,10,423
46.0,3,9,11,425
46.0,3,9,12,427
46.0,3,9,13,429
46.0,3,9,14,430
46.0,3,9,15,432
46.0,3,10,0,406
46.0,3,10,1,408
46.0,3,10,2,410
46.0,3,10,3,412
46.0,3,10,4,414
46.0,3,10,5,416
46.0,3,10,6,418
46.0,3,10,7,420
46.0,3,10,8,421
46.0,3,10,9,423
46.0,3,10,10,425
46.0,3,10,11,427
46.0,3,10,12,429
46.0,3,10,13,431
46.0,3,10,14,433
46.0,3,10,15,435
46.0,3,11,0,408
46.0,3,11,1,410
46.0,3,11,2,412
46.0,3,11,3,414
46.0,3,11,4,416
46.0,3,11,5,418
46.0,3,11,6,420
46.0,3,11,7,422
46.0,3,11,8,424
46.0,3,11,9,426
46.0,3,11,10,428
46.0,3,11,11,429
46.0,3,11,12,431
46.0,3,11,13,433
46.0,3,11,14,435
46.0,3,11,15,437
46.0,3,12,0,410
46.0,3,12,1,412
46.0,3,12,2,414
46.0,3,12,3,416
46.0,3,12,4,418
46.0,3,12,5,420
46.0,3,12,6,422
46.0,3,12,7,424
46.0,3,12,8,426
46.0,3,12,9,428
46.0,3,12,10,430
46.0,3,12,11,432
46.0,3,12,12,434
46.0,3,12,13,436
46.0,3,12,14,437
46.0,3,12,15,439
46.0,3,13,0,412
46.0,3,13,1,414
46.0,3,13,2,416
46.0,3,13,3,418
46.0,3,13,4,420
46.0,3,13,5,422
46.0,3,13,6,424
46.0,3,13,7,426
46.0,3,13,8,428
46.0,3,13,9,430
46.0,3,13,10,432
46.0,3,13,11,434
46.0,3,13,12,436
46.0,3,13,13,438
46.0,3,13,14,440
46.0,3,13,15,442
46.0,3,14,0,414
46.0,3,14,1,417
46.0,3,14,2,419
46.0,3,14,3,421
46.0,3,14,4,423
46.0,3,14,5,425
46.0,3,14,6,427
46.0,3,14,7,428
46.0,3,14,8,430
46.0,3,14,9,432
46.0,3,14,10,434
46.0,3,14,11,436
46.0,3,14,12,438
46.0,3,14,13,440
46.0,3,14,14,442
46.0,3,14,15,444
46.0,3,15,0,417
46.0,3,15,1,419
46.0,3,15,2,421
46.0,3,15,3,423
46.0,3,15,4,425
46.0,3,15,5,427
46.0,3,15,6,429
46.0,3,15,7,431
46.0,3,15,8,433
46.0,3,15,9,435
46.0,3,15,10,437
46.0,3,15,11,439
46.0,3,15,12,440
46.0,3,15,13,442
46.0,3,15,14,444
46.0,3,15,15,446
46.0,4,0,0,390
46.0,4,0,1,391
46.0,4,0,2,393
46.0,4,0,3,395
46.0,4,0,4,397
46.0,4,0,5,399
46.0,4,0,6,401
46.0,4,0,7,403
46.0,4,0,8,405
46.0,4,0,9,406
46.0,4,0,10,408
46.0,4,0,11,410
46.0,4,0,12,412
46.0,4,0,13,414
46.0,4,0,14,415
46.0,4,0,15,417
46.0,4,1,0,392
46.0,4,1,1,394
46.0,4,1,2,396
46.0,4,1,3,398
46.0,4,1,4,400
46.0,4,1,5,401
46.0,4,1,6,403
46.0,4,1,7,405
46.0,4,1,8,407
46.0,4,1,9,409
46.0,4,1,10,411
46.0,4,1,11,413
46.0,4,1,12,414
46.0,4,1,13,416
46.0,4,1,14,418
46.0,4,1,15,420
46.0,4,2,0,394
46.0,4,2,1,396
46.0,4,2,2,398
46.0,4,2,3,400
46.0,4,2,4,402
46.0,4,2,5,404
46.0,4,2,6,406
46.0,4,2,7,408
46.0,4,2,8,409
46.0,4,2,9,411
46.0,4,2,10,413
46.0,4,2,11,415
46.0,4,2,12,417
46.0,4,2,13,419
46.0,4,2,14,420
46.0,4,2,15,422
46.0,4,3,0,397
46.0,4,3,1,398
46.0,4,3,2,400
46.0,4,3,3,402
46.0,4,3,4,404
46.0,4,3,5,406
46.0,4,3,6,408
46.0,4,3,7,410
46.0,4,3,8,412
46.0,4,3,9,414
46.0,4,3,10,416
46.0,4,3,11,417
46.0,4,3,12,419
46.0,4,3,13,421
46.0,4,3,14,423
46.0,4,3,15,425
46.0,4,4,0,399
46.0,4,4,1,401
46.0,4,4,2,403
46.0,4,4,3,405
46.0,4,4,4,407
46.0,4,4,5,409
46.0,4,4,6,410
46.0,4,4,7,412
46.0,4,4,8,414
46.0,4,4,9,416
46.0,4,4,10,418
46.0,4,4,11,420
46.0,4,4,12,422
46.0,4,4,13,424
46.0,4,4,14,425
46.0,4,4,15,427
46.0,4,5,0,401
46.0,4,5,1,403
46.0,4,5,2,405
46.0,4,5,3,407
46.0,4,5,4,409
46.0,4,5,5,411
46.0,4,5,6,413
46.0,4,5,7,415
46.0,4,5,8,417
46.0,4,5,9,418
46.0,4,5,10,420
46.0,4,5,11,422
46.0,4,5,12,424
46.0,4,5,13,426
46.0,4,5,14,428
46.0,4,5,15,430
46.0,4,6,0,403
46.0,4,6,1,405
46.0,4,6,2,407
46.0,4,6,3,409
46.0,4,6,4,411
46.0,4,6,5,413
46.0,4,6,6,415
46.0,4,6,7,417
46.0,4,6,8,419
46.0,4,6,9,421
46.0,4,6,10,423
46.0,4,6,11,425
46.0,4,6,12,427
46.0,4,6,13,428
46.0,4,6,14,430
46.0,4,6,15,432
46.0,4,7,0,406
46.0,4,7,1,408
46.0,4,7,2,410
46.0,4,7,3,412
46.0,4,7,4,414
46.0,4,7,5,416
46.0,4,7,6,417
46.0,4,7,7,419
46.0,4,7,8,421
46.0,4,7,9,423
46.0,4,7,10,425
46.0,4,7,11,427
46.0,4,7,12,429
46.0,4,7,13,431
46.0,4,7,14,433
46.0,4,7,15,435
46.0,4,8,0,408
46.0,4,8,1,410
46.0,4,8,2,412
46.0,4,8,3,414
46.0,4,8,4,416
46.0,4,8,5,418
46.0,4,8,6,420
46.0,4,8,7,422
46.0,4,8,8,424
46.0,4,8,9,426
46.0,4,8,10,427
46.0,4,8,11,429
46.0,4,8,12,431
46.0,4,8,13,433
46.0,4,8,14,435
46.0,4,8,15,437
46.0,4,9,0,410
46.0,4,9,1,412
46.0,4,9,2,414
46.0,4,9,3,416
46.0,4,9,4,418
46.0,4,9,5,420
46.0,4,9,6,422
46.0,4,9,7,424
46.0,4,9,8,426
46.0,4,9,9,428
46.0,4,9,10,430
46.0,4,9,11,432
46.0,4,9,12,434
46.0,4,9,13,436
46.0,4,9,14,437
46.0,4,9,15,439
46.0,4,10,0,412
46.0,4,10,1,414
46.0,4,10,2,416
46.0,4,10,3,418
46.0,4,10,4,420
46.0,4,10,5,422
46.0,4,10,6,424
46.0,4,10,7,426
46.0,4,10,8,428
46.0,4,10,9,430
46.0,4,10,10,432
46.0,4,10,11,434
46.0,4,10,12,436
46.0,4,10,13,438
46.0,4,10,14,440
46.0,4,10,15,442
46.0,4,11,0,415
46.0,4,11,1,417
46.0,4,11,2,419
46.0,4,11,3,421
46.0,4,11,4,423
46.0,4,11,5,425
46.0,4,11,6,427
46.0,4,11,7,429
46.0,4,11,8,431
46.0,4,11,9,433
46.0,4,11,10,434
46.0,4,11,11,436
46.0,4,11,12,438
46.0,4,11,13,440
46.0,4,11,14,442
46.0,4,11,15,444
46.0,4,12,0,417
46.0,4,12,1,419
46.0,4,12,2,421
46.0,4,12,3,423
46.0,4,12,4,425
46.0,4,12,5,427
46.0,4,12,6,429
46.0,4,12,7,431
46.0,4,12,8,433
46.0,4,12,9,435
46.0,4,12,10,437
46.0,4,12,11,439
46.0,4,12,12,441
46.0,4,12,13,443
46.0,4,12,14,445
46.0,4,12,15,446
46.0,4,13,0,419
46.0,4,13,1,421
46.0,4,13,2,423
46.0,4,13,3,425
46.0,4,13,4,427
46.0,4,13,5,429
46.0,4,13,6,431
46.0,4,13,7,433
46.0,4,13,8,435
46.0,4,13,9,437
46.0,4,13,10,439
46.0,4,13,11,441
46.0,4,13,12,443
46.0,4,13,13,445
46.0,4,13,14,447
46.0,4,13,15,449
46.0,4,14,0,421
46.0,4,14,1,423
46.0,4,14,2,425
46.0,4,14,3,427
46.0,4,14,4,429
46.0,4,14,5,431
46.0,4,14,6,433
46.0,4,14,7,435
46.0,4,14,8,437
46.0,4,14,9,439
46.0,4,14,10,441
46.0,4,14,11,443
46.0,4,14,12,445
46.0,4,14,13,447
46.0,4,14,14,449
46.0,4,14,15,451
46.0,4,15,0,423
46.0,4,15,1,425
46.0,4,15,2,427
46.0,4,15,3,430
46.0,4,15,4,432
46.0,4,15,5,434
46.0,4,15,6,436
46.0,4,15,7,438
46.0,4,15,8,440
46.0,4,15,9,442
46.0,4,15,10,444
46.0,4,15,11,446
46.0,4,15,12,448
46.0,4,15,13,450
46.0,4,15,14,451
46.0,4,15,15,453
46.0,5,0,0,396
46.0,5,0,1,398
46.0,5,0,2,400
46.0,5,0,3,402
46.0,5,0,4,403
46.0,5,0,5,405
46.0,5,0,6,407
46.0,5,0,7,409
46.0,5,0,8,411
46.0,5,0,9,413
46.0,5,0,10,415
46.0,5,0,11,417
46.0,5,0,12,418
46.0,5,0,13,420
46.0,5,0,14,422
46.0,5,0,15,424
46.0,5,1,0,398
46.0,5,1,1,400
46.0,5,1,2,402
46.0,5,1,3,404
46.0,5,1,4,406
46.0,5,1,5,408
46.0,5,1,6,410
46.0,5,1,7,412
46.0,5,1,8,413
46.0,5,1,9,415
46.0,5,1,10,417
46.0,5,1,11,419
46.0,5,1,12,421
46.0,5,1,13,423
46.0,5,1,14,425
46.0,5,1,15,426
46.0,5,2,0,400
46.0,5,2,1,402
46.0,5,2,2,404
46.0,5,2,3,406
46.0,5,2,4,408
46.0,5,2,5,410
46.0,5,2,6,412
46.0,5,2,7,414
46.0,5,2,8,416
46.0,5,2,9,418
46.0,5,2,10,420
46.0,5,2,11,422
46.0,5,2,12,423
46.0,5,2,13,425
46.0,5,2,14,427
46.0,5,2,15,429
46.0,5,3,0,403
46.0,5,3,1,405
46.0,5,3,2,407
46.0,5,3,3,409
46.0,5,3,4,411
46.0,5,3,5,413
46.0,5,3,6,415
46.0,5,3,7,416
46.0,5,3,8,418
46.0,5,3,9,420
46.0,5,3,10,422
46.0,5,3,11,424
46.0,5,3,12,426
46.0,5,3,13,428
46.0,5,3,14,430
46.0,5,3,15,431
46.0,5,4,0,405
46.0,5,4,1,407
46.0,5,4,2,409
46.0,5,4,3,411
46.0,5,4,4,413
46.0,5,4,5,415
46.0,5,4,6,417
46.0,5,4,7,419
46.0,5,4,8,421
46.0,5,4,9,423
46.0,5,4,10,425
46.0,5,4,11,426
46.0,5,4,12,428
46.0,5,4,13,430
46.0,5,4,14,432
46.0,5,4,15,434
46.0,5,5,0,408
46.0,5,5,1,410
46.0,5,5,2,411
46.0,5,5,3,413
46.0,5,5,4,415
46.0,5,5,5,417
46.0,5,5,6,419
46.0,5,5,7,421
46.0,5,5,8,423
46.0,5,5,9,425
46.0,5,5,10,427
46.0,5,5,11,429
46.0,5,5,12,431
46.0,5,5,13,433
46.0,5,5,14,435
46.0,5,5,15,436
46.0,5,6,0,410
46.0,5,6,1,412
46.0,5,6,2,414
46.0,5,6,3,416
46.0,5,6,4,418
46.0,5,6,5,420
46.0,5,6,6,422
46.0,5,6,7,424
46.0,5,6,8,426
46.0,5,6,9,428
46.0,5,6,10,429
46.0,5,6,11,431
46.0,5,6,12,433
46.0,5,6,13,435
46.0,5,6,14,437
46.0,5,6,15,439
46.0,5,7,0,412
46.0,5,7,1,414
46.0,5,7,2,416
46.0,5,7,3,418
46.0,5,7,4,420
46.0,5,7,5,422
46.0,5,7,6,424
46.0,5,7,7,426
46.0,5,7,8,428
46.0,5,7,9,430
46.0,5,7,10,432
46.0,5,7,11,434
46.0,5,7,12,436
46.0,5,7,13,438
46.0,5,7,14,440
46.0,5,7,15,441
46.0,5,8,0,414
46.0,5,8,1,416
46.0,5,8,2,418
46.0,5,8,3,420
46.0,5,8,4,422
46.0,5,8,5,424
46.0,5,8,6,426
46.0,5,8,7,428
46.0,5,8,8,430
46.0,5,8,9,432
46.0,5,8,10,434
46.0,5,8,11,436
46.0,5,8,12,438
46.0,5,8,13,440
46.0,5,8,14,442
46.0,5,8,15,444
46.0,5,9,0,417
46.0,5,9,1,419
46.0,5,9,2,421
46.0,5,9,3,423
46.0,5,9,4,425
46.0,5,9,5,427
46.0,5,9,6,429
46.0,5,9,7,431
46.0,5,9,8,433
46.0,5,9,9,435
46.0,5,9,10,437
46.0,5,9,11,439
46.0,5,9,12,441
46.0,5,9,13,442
46.0,5,9,14,444
46.0,5,9,15,446
46.0,5,10,0,419
46.0,5,10,1,421
46.0,5,10,2,423
46.0,5,10,3,425
46.0,5,10,4,427
46.0,5,10,5,429
46.0,5,10,6,431
46.0,5,10,7,433
46.0,5,10,8,435
46.0,5,10,9,437
46.0,5,10,10,439
46.0,5,10,11,441
46.0,5,10,12,443
46.0,5,10,13,445
46.0,5,10,14,447
46.0,5,10,15,449
46.0,5,11,0,421
46.0,5,11,1,423
46.0,5,11,2,425
46.0,5,11,3,427
46.0,5,11,4,429
46.0,5,11,5,431
46.0,5,11,6,433
46.0,5,11,7,435
46.0,5,11,8,437
46.0,5,11,9,439
46.0,5,11,10,441
46.0,5,11,11,443
46.0,5,11,12,445
46.0,5,11,13,447
46.0,5,11,14,449
46.0,5,11,15,451
46.0,5,12,0,423
46.0,5,12,1,425
46.0,5,12,2,428
46.0,5,12,3,430
46.0,5,12,4,432
46.0,5,12,5,434
46.0,5,12,6,436
46.0,5,12,7,438
46.0,5,12,8,440
46.0,5,12,9,442
46.0,5,12,10,444
46.0,5,12,11,446
46.0,5,12,12,448
46.0,5,12,13,450
46.0,5,12,14,452
46.0,5,12,15,454
46.0,5,13,0,426
46.0,5,13,1,428
46.0,5,13,2,430
46.0,5,13,3,432
46.0,5,13,4,434
46.0,5,13,5,436
46.0,5,13,6,438
46.0,5,13,7,440
46.0,5,13,8,442
46.0,5,13,9,444
46.0,5,13,10,446
46.0,5,13,11,448
46.0,5,13,12,450
46.0,5,13,13,452
46.0,5,13,14,454
46.0,5,13,15,456
46.0,5,14,0,428
46.0,5,14,1,430
46.0,5,14,2,432
46.0,5,14,3,434
46.0,5,14,4,436
46.0,5,14,5,438
46.0,5,14,6,440
46.0,5,14,7,442
46.0,5,14,8,444
46.0,5,14,9,446
46.0,5,14,10,448
46.0,5,14,11,450
46.0,5,14,12,452
46.0,5,14,13,454
46.0,5,14,14,456
46.0,5,14,15,458
46.0,5,15,0,430
46.0,5,15,1,432
46.0,5,15,2,434
46.0,5,15,3,436
46.0,5,15,4,438
46.0,5,15,5,440
46.0,5,15,6,443
46.0,5,15,7,445
46.0,5,15,8,447
46.0,5,15,9,449
46.0,5,15,10,451
46.0,5,15,11,453
46.0,5,15,12,455
46.0,5,15,13,457
46.0,5,15,14,459
46.0,5,15,15,461
46.0,6,0,0,402
46.0,6,0,1,404
46.0,6,0,2,406
46.0,6,0,3,408
46.0,6,0,4,410
46.0,6,0,5,412
46.0,6,0,6,414
46.0,6,0,7,416
46.0,6,0,8,417
46.0,6,0,9,419
46.0,6,0,10,421
46.0,6,0,11,423
46.0,6,0,12,425
46.0,6,0,13,427
46.0,6,0,14,429
46.0,6,0,15,431
46.0,6,1,0,404
46.0,6,1,1,406
46.0,6,1,2,408
46.0,6,1,3,410
46.0,6,1,4,412
46.0,6,1,5,414
46.0,6,1,6,416
46.0,6,1,7,418
46.0,6,1,8,420
46.0,6,1,9,422
46.0,6,1,10,424
46.0,6,1,11,426
46.0,6,1,12,428
46.0,6,1,13,429
46.0,6,1,14,431
46.0,6,1,15,433
46.0,6,2,0,407
46.0,6,2,1,409
46.0,6,2,2,411
46.0,6,2,3,413
46.0,6,2,4,415
46.0,6,2,5,417
46.0,6,2,6,419
46.0,6,2,7,420
46.0,6,2,8,422
46.0,6,2,9,424
46.0,6,2,10,426
46.0,6,2,11,428
46.0,6,2,12,430
46.0,6,2,13,432
46.0,6,2,14,434
46.0,6,2,15,436
46.0,6,3,0,409
46.0,6,3,1,411
46.0,6,3,2,413
46.0,6,3,3,415
46.0,6,3,4,417
46.0,6,3,5,419
46.0,6,3,6,421
46.0,6,3,7,423
46.0,6,3,8,425
46.0,6,3,9,427
46.0,6,3,10,429
46.0,6,3,11,431
46.0,6,3,12,433
46.0,6,3,13,434
46.0,6,3,14,436
46.0,6,3,15,438
46.0,6,4,0,412
46.0,6,4,1,414
46.0,6,4,2,416
46.0,6,4,3,418
46.0,6,4,4,420
46.0,6,4,5,421
46.0,6,4,6,423
46.0,6,4,7,425
46.0,6,4,8,427
46.0,6,4,9,429
46.0,6,4,10,431
46.0,6,4,11,433
46.0,6,4,12,435
46.0,6,4,13,437
46.0,6,4,14,439
46.0,6,4,15,441
46.0,6,5,0,414
46.0,6,5,1,416
46.0,6,5,2,418
46.0,6,5,3,420
46.0,6,5,4,422
46.0,6,5,5,424
46.0,6,5,6,426
46.0,6,5,7,428
46.0,6,5,8,430
46.0,6,5,9,432
46.0,6,5,10,434
46.0,6,5,11,436
46.0,6,5,12,438
46.0,6,5,13,439
46.0,6,5,14,441
46.0,6,5,15,443
46.0,6,6,0,416
46.0,6,6,1,418
46.0,6,6,2,420
46.0,6,6,3,422
46.0,6,6,4,424
46.0,6,6,5,426
46.0,6,6,6,428
46.0,6,6,7,430
46.0,6,6,8,432
46.0,6,6,9,434
46.0,6,6,10,436
46.0,6,6,11,438
46.0,6,6,12,440
46.0,6,6,13,442
46.0,6,6,14,444
46.0,6,6,15,446
46.0,6,7,0,419
46.0,6,7,1,421
46.0,6,7,2,423
46.0,6,7,3,425
46.0,6,7,4,427
46.0,6,7,5,429
46.0,6,7,6,431
46.0,6,7,7,433
46.0,6,7,8,435
46.0,6,7,9,437
46.0,6,7,10,439
46.0,6,7,11,441
46.0,6,7,12,443
46.0,6,7,13,444
46.0,6,7,14,446
46.0,6,7,15,448
46.0,6,8,0,421
46.0,6,8,1,423
46.0,6,8,2,425
46.0,6,8,3,427
46.0,6,8,4,429
46.0,6,8,5,431
46.0,6,8,6,433
46.0,6,8,7,435
46.0,6,8,8,437
46.0,6,8,9,439
46.0,6,8,10,441
46.0,6,8,11,443
46.0,6,8,12,445
46.0,6,8,13,447
46.0,6,8,14,449
46.0,6,8,15,451
46.0,6,9,0,423
46.0,6,9,1,425
46.0,6,9,2,427
46.0,6,9,3,429
46.0,6,9,4,431
46.0,6,9,5,433
46.0,6,9,6,435
46.0,6,9,7,437
46.0,6,9,8,439
46.0,6,9,9,441
46.0,6,9,10,443
46.0,6,9,11,445
46.0,6,9,12,447
46.0,6,9,13,449
46.0,6,9,14,451
46.0,6,9,15,453
46.0,6,10,0,425
46.0,6,10,1,428
46.0,6,10,2,430
46.0,6,10,3,432
46.0,6,10,4,434
46.0,6,10,5,436
46.0,6,10,6,438
46.0,6,10,7,440
46.0,6,10,8,442
46.0,6,10,9,444
46.0,6,10,10,446
46.0,6,10,11,448
46.0,6,10,12,450
46.0,6,10,13,452
46.0,6,10,14,454
46.0,6,10,15,456
46.0,6,11,0,428
46.0,6,11,1,430
46.0,6,11,2,432
46.0,6,11,3,434
46.0,6,11,4,436
46.0,6,11,5,438
46.0,6,11,6,440
46.0,6,11,7,442
46.0,6,11,8,444
46.0,6,11,9,446
46.0,6,11,10,448
46.0,6,11,11,450
46.0,6,11,12,452
46.0,6,11,13,454
46.0,6,11,14,456
46.0,6,11,15,458
46.0,6,12,0,430
46.0,6,12,1,432
46.0,6,12,2,434
46.0,6,12,3,436
46.0,6,12,4,438
46.0,6,12,5,440
46.0,6,12,6,443
46.0,6,12,7,445
46.0,6,12,8,447
46.0,6,12,9,449
46.0,6,12,10,451
46.0,6,12,11,453
46.0,6,12,12,455
46.0,6,12,13,457
46.0,6,12,14,459
46.0,6,12,15,461
46.0,6,13,0,432
46.0,6,13,1,434
46.0,6,13,2,437
46.0,6,13,3,439
46.0,6,13,4,441
46.0,6,13,5,443
46.0,6,13,6,445
46.0,6,13,7,447
46.0,6,13,8,449
46.0,6,13,9,451
46.0,6,13,10,453
46.0,6,13,11,455
46.0,6,13,12,457
46.0,6,13,13,459
46.0,6,13,14,461
46.0,6,13,15,463
46.0,6,14,0,435
46.0,6,14,1,437
46.0,6,14,2,439
46.0,6,14,3,441
46.0,6,14,4,443
46.0,6,14,5,445
46.0,6,14,6,447
46.0,6,14,7,449
46.0,6,14,8,451
46.0,6,14,9,453
46.0,6,14,10,455
46.0,6,14,11,457
46.0,6,14,12,459
46.0,6,14,13,461
46.0,6,14,14,463
46.0,6,14,15,465
46.0,6,15,0,437
46.0,6,15,1,439
46.0,6,15,2,441
46.0,6,15,3,443
46.0,6,15,4,445
46.0,6,15,5,447
46.0,6,15,6,449
46.0,6,15,7,452
46.0,6,15,8,454
46.0,6,15,9,456
46.0,6,15,10,458
46.0,6,15,11,460
46.0,6,15,12,462
46.0,6,15,13,464
46.0,6,15,14,466
46.0,6,15,15,468
46.0,7,0,0,408
46.0,7,0,1,410
46.0,7,0,2,412
46.0,7,0,3,414
46.0,7,0,4,416
46.0,7,0,5,418
46.0,7,0,6,420
46.0,7,0,7,422
46.0,7,0,8,424
46.0,7,0,9,426
46.0,7,0,10,428
46.0,7,0,11,430
46.0,7,0,12,431
46.0,7,0,13,433
46.0,7,0,14,435
46.0,7,0,15,437
46.0,7,1,0,411
46.0,7,1,1,413
46.0,7,1,2,415
46.0,7,1,3,417
46.0,7,1,4,419
46.0,7,1,5,421
46.0,7,1,6,423
46.0,7,1,7,424
46.0,7,1,8,426
46.0,7,1,9,428
46.0,7,1,10,430
46.0,7,1,11,432
46.0,7,1,12,434
46.0,7,1,13,436
46.0,7,1,14,438
46.0,7,1,15,440
46.0,7,2,0,413
46.0,7,2,1,415
46.0,7,2,2,417
46.0,7,2,3,419
46.0,7,2,4,421
46.0,7,2,5,423
46.0,7,2,6,425
46.0,7,2,7,427
46.0,7,2,8,429
46.0,7,2,9,431
46.0,7,2,10,433
46.0,7,2,11,435
46.0,7,2,12,437
46.0,7,2,13,439
46.0,7,2,14,440
46.0,7,2,15,442
46.0,7,3,0,415
46.0,7,3,1,417
46.0,7,3,2,420
46.0,7,3,3,422
46.0,7,3,4,424
46.0,7,3,5,426
46.0,7,3,6,428
46.0,7,3,7,429
46.0,7,3,8,431
46.0,7,3,9,433
46.0,7,3,10,435
46.0,7,3,11,437
46.0,7,3,12,439
46.0,7,3,13,441
46.0,7,3,14,443
46.0,7,3,15,445
46.0,7,4,0,418
46.0,7,4,1,420
46.0,7,4,2,422
46.0,7,4,3,424
46.0,7,4,4,426
46.0,7,4,5,428
46.0,7,4,6,430
46.0,7,4,7,432
46.0,7,4,8,434
46.0,7,4,9,436
46.0,7,4,10,438
46.0,7,4,11,440
46.0,7,4,12,442
46.0,7,4,13,444
46.0,7,4,14,446
46.0,7,4,15,448
46.0,7,5,0,420
46.0,7,5,1,422
46.0,7,5,2,424
46.0,7,5,3,426
46.0,7,5,4,428
46.0,7,5,5,430
46.0,7,5,6,432
46.0,7,5,7,434
46.0,7,5,8,436
46.0,7,5,9,438
46.0,7,5,10,440
46.0,7,5,11,442
46.0,7,5,12,444
46.0,7,5,13,446
46.0,7,5,14,448
46.0,7,5,15,450
46.0,7,6,0,423
46.0,7,6,1,425
46.0,7,6,2,427
46.0,7,6,3,429
46.0,7,6,4,431
46.0,7,6,5,433
46.0,7,6,6,435
46.0,7,6,7,437
46.0,7,6,8,439
46.0,7,6,9,441
46.0,7,6,10,443
46.0,7,6,11,445
46.0,7,6,12,447
46.0,7,6,13,449
46.0,7,6,14,451
46.0,7,6,15,453
46.0,7,7,0,425
46.0,7,7,1,427
46.0,7,7,2,429
46.0,7,7,3,431
46.0,7,7,4,433
46.0,7,7,5,435
46.0,7,7,6,437
46.0,7,7,7,439
46.0,7,7,8,441
46.0,7,7,9,443
46.0,7,7,10,445
46.0,7,7,11,447
46.0,7,7,12,449
46.0,7,7,13,451
46.0,7,7,14,453
46.0,7,7,15,455
46.0,7,8,0,427
46.0,7,8,1,429
46.0,7,8,2,432
46.0,7,8,3,434
46.0,7,8,4,436
46.0,7,8,5,438
46.0,7,8,6,440
46.0,7,8,7,442
46.0,7,8,8,444
46.0,7,8,9,446
46.0,7,8,10,448
46.0,7,8,11,450
46.0,7,8,12,452
46.0,7,8,13,454
46.0,7,8,14,456
46.0,7,8,15,458
46.0,7,9,0,430
46.0,7,9,1,432
46.0,7,9,2,434
46.0,7,9,3,436
46.0,7,9,4,438
46.0,7,9,5,440
46.0,7,9,6,442
46.0,7,9,7,444
46.0,7,9,8,446
46.0,7,9,9,448
46.0,7,9,10,450
46.0,7,9,11,452
46.0,7,9,12,454
46.0,7,9,13,456
46.0,7,9,14,458
46.0,7,9,15,460
46.0,7,10,0,432
46.0,7,10,1,434
46.0,7,10,2,436
46.0,7,10,3,438
46.0,7,10,4,440
46.0,7,10,5,443
46.0,7,10,6,445
46.0,7,10,7,447
46.0,7,10,8,449
46.0,7,10,9,451
46.0,7,10,10,453
46.0,7,10,11,455
46.0,7,10,12,457
46.0,7,10,13,459
46.0,7,10,14,461
46.0,7,10,15,463
46.0,7,11,0,434
46.0,7,11,1,436
46.0,7,11,2,439
46.0,7,11,3,441
46.0,7,11,4,443
46.0,7,11,5,445
46.0,7,11,6,447
46.0,7,11,7,449
46.0,7,11,8,451
46.0,7,11,9,453
46.0,7,11,10,455
46.0,7,11,11,457
46.0,7,11,12,459
46.0,7,11,13,461
46.0,7,11,14,463
46.0,7,11,15,465
46.0,7,12,0,437
46.0,7,12,1,439
46.0,7,12,2,441
46.0,7,12,3,443
46.0,7,12,4,445
46.0,7,12,5,447
46.0,7,12,6,449
46.0,7,12,7,451
46.0,7,12,8,453
46.0,7,12,9,456
46.0,7,12,10,458
46.0,7,12,11,460
46.0,7,12,12,462
46.0,7,12,13,464
46.0,7,12,14,466
46.0,7,12,15,468
46.0,7,13,0,439
46.0,7,13,1,441
46.0,7,13,2,443
46.0,7,13,3,445
46.0,7,13,4,447
46.0,7,13,5,450
46.0,7,13,6,452
46.0,7,13,7,454
46.0,7,13,8,456
46.0,7,13,9,458
46.0,7,13,10,460
46.0,7,13,11,462
46.0,7,13,12,464
46.0,7,13,13,466
46.0,7,13,14,468
46.0,7,13,15,470
46.0,7,14,0,441
46.0,7,14,1,443
46.0,7,14,2,446
46.0,7,14,3,448
46.0,7,14,4,450
46.0,7,14,5,452
46.0,7,14,6,454
46.0,7,14,7,456
46.0,7,14,8,458
46.0,7,14,9,460
46.0,7,14,10,462
46.0,7,14,11,464
46.0,7,14,12,467
46.0,7,14,13,469
46.0,7,14,14,471
46.0,7,14,15,473
46.0,7,15,0,444
46.0,7,15,1,446
46.0,7,15,2,448
46.0,7,15,3,450
46.0,7,15,4,452
46.0,7,15,5,454
46.0,7,15,6,456
46.0,7,15,7,459
46.0,7,15,8,461
46.0,7,15,9,463
46.0,7,15,10,465
46.0,7,15,11,467
46.0,7,15,12,469
46.0,7,15,13,471
46.0,7,15,14,473
46.0,7,15,15,475
46.0,8,0,0,414
46.0,8,0,1,416
46.0,8,0,2,418
46.0,8,0,3,420
46.0,8,0,4,422
46.0,8,0,5,424
46.0,8,0,6,426
46.0,8,0,7,428
46.0,8,0,8,430
46.0,8,0,9,432
46.0,8,0,10,434
46.0,8,0,11,436
46.0,8,0,12,438
46.0,8,0,13,440
46.0,8,0,14,442
46.0,8,0,15,444
46.0,8,1,0,417
46.0,8,1,1,419
46.0,8,1,2,421
46.0,8,1,3,423
46.0,8,1,4,425
46.0,8,1,5,427
46.0,8,1,6,429
46.0,8,1,7,431
46.0,8,1,8,433
46.0,8,1,9,435
46.0,8,1,10,437
46.0,8,1,11,439
46.0,8,1,12,441
46.0,8,1,13,443
46.0,8,1,14,445
46.0,8,1,15,446
46.0,8,2,0,419
46.0,8,2,1,421
46.0,8,2,2,423
46.0,8,2,3,425
46.0,8,2,4,427
46.0,8,2,5,429
46.0,8,2,6,431
46.0,8,2,7,433
46.0,8,2,8,435
46.0,8,2,9,437
46.0,8,2,10,439
46.0,8,2,11,441
46.0,8,2,12,443
46.0,8,2,13,445
46.0,8,2,14,447
46.0,8,2,15,449
46.0,8,3,0,422
46.0,8,3,1,424
46.0,8,3,2,426
46.0,8,3,3,428
46.0,8,3,4,430
46.0,8,3,5,432
46.0,8,3,6,434
46.0,8,3,7,436
46.0,8,3,8,438
46.0,8,3,9,440
46.0,8,3,10,442
46.0,8,3,11,444
46.0,8,3,12,446
46.0,8,3,13,448
46.0,8,3,14,450
46.0,8,3,15,452
46.0,8,4,0,424
46.0,8,4,1,426
46.0,8,4,2,428
46.0,8,4,3,430
46.0,8,4,4,432
46.0,8,4,5,434
46.0,8,4,6,437
46.0,8,4,7,439
46.0,8,4,8,441
46.0,8,4,9,443
46.0,8,4,10,445
46.0,8,4,11,447
46.0,8,4,12,448
46.0,8,4,13,450
46.0,8,4,14,452
46.0,8,4,15,454
46.0,8,5,0,427
46.0,8,5,1,429
46.0,8,5,2,431
46.0,8,5,3,433
46.0,8,5,4,435
46.0,8,5,5,437
46.0,8,5,6,439
46.0,8,5,7,441
46.0,8,5,8,443
46.0,8,5,9,445
46.0,8,5,10,447
46.0,8,5,11,449
46.0,8,5,12,451
46.0,8,5,13,453
46.0,8,5,14,455
46.0,8,5,15,457
46.0,8,6,0,429
46.0,8,6,1,431
46.0,8,6,2,433
46.0,8,6,3,435
46.0,8,6,4,437
46.0,8,6,5,439
46.0,8,6,6,442
46.0,8,6,7,444
46.0,8,6,8,446
46.0,8,6,9,448
46.0,8,6,10,450
46.0,8,6,11,452
46.0,8,6,12,454
46.0,8,6,13,456
46.0,8,6,14,458
46.0,8,6,15,460
46.0,8,7,0,431
46.0,8,7,1,434
46.0,8,7,2,436
46.0,8,7,3,438
46.0,8,7,4,440
46.0,8,7,5,442
46.0,8,7,6,444
46.0,8,7,7,446
46.0,8,7,8,448
46.0,8,7,9,450
46.0,8,7,10,452
46.0,8,7,11,454
46.0,8,7,12,456
46.0,8,7,13,458
46.0,8,7,14,460
46.0,8,7,15,462
46.0,8,8,0,434
46.0,8,8,1,436
46.0,8,8,2,438
46.0,8,8,3,440
46.0,8,8,4,442
46.0,8,8,5,444
46.0,8,8,6,446
46.0,8,8,7,449
46.0,8,8,8,451
46.0,8,8,9,453
46.0,8,8,10,455
46.0,8,8,11,457
46.0,8,8,12,459
46.0,8,8,13,461
46.0,8,8,14,463
46.0,8,8,15,465
46.0,8,9,0,436
46.0,8,9,1,438
46.0,8,9,2,440
46.0,8,9,3,443
46.0,8,9,4,445
46.0,8,9,5,447
46.0,8,9,6,449
46.0,8,9,7,451
46.0,8,9,8,453
46.0,8,9,9,455
46.0,8,9,10,457
46.0,8,9,11,459
46.0,8,9,12,461
46.0,8,9,13,463
46.0,8,9,14,465
46.0,8,9,15,467
46.0,8,10,0,439
46.0,8,10,1,441
46.0,8,10,2,443
46.0,8,10,3,445
46.0,8,10,4,447
46.0,8,10,5,449
46.0,8,10,6,451
46.0,8,10,7,453
46.0,8,10,8,455
46.0,8,10,9,458
46.0,8,10,10,460
46.0,8,10,11,462
46.0,8,10,12,464
46.0,8,10,13,466
46.0,8,10,14,468
46.0,8,10,15,470
46.0,8,11,0,441
46.0,8,11,1,443
46.0,8,11,2,445
46.0,8,11,3,447
46.0,8,11,4,450
46.0,8,11,5,452
46.0,8,11,6,454
46.0,8,11,7,456
46.0,8,11,8,458
46.0,8,11,9,460
46.0,8,11,10,462
46.0,8,11,11,464
46.0,8,11,12,466
46.0,8,11,13,468
46.0,8,11,14,470
46.0,8,11,15,472
46.0,8,12,0,443
46.0,8,12,1,445
46.0,8,12,2,448
46.0,8,12,3,450
46.0,8,12,4,452
46.0,8,12,5,454
46.0,8,12,6,456
46.0,8,12,7,458
46.0,8,12,8,460
46.0,8,12,9,462
46.0,8,12,10,465
46.0,8,12,11,467
46.0,8,12,12,469
46.0,8,12,13,471
46.0,8,12,14,473
46.0,8,12,15,475
46.0,8,13,0,446
46.0,8,13,1,448
46.0,8,13,2,450
46.0,8,13,3,452
46.0,8,13,4,454
46.0,8,13,5,456
46.0,8,13,6,459
46.0,8,13,7,461
46.0,8,13,8,463
46.0,8,13,9,465
46.0,8,13,10,467
46.0,8,13,11,469
46.0,8,13,12,471
46.0,8,13,13,473
46.0,8,13,14,475
46.0,8,13,15,477
46.0,8,14,0,448
46.0,8,14,1,450
46.0,8,14,2,452
46.0,8,14,3,454
46.0,8,14,4,457
46.0,8,14,5,459
46.0,8,14,6,461
46.0,8,14,7,463
46.0,8,14,8,465
46.0,8,14,9,467
46.0,8,14,10,469
46.0,8,14,11,472
46.0,8,14,12,474
46.0,8,14,13,476
46.0,8,14,14,478
46.0,8,14,15,480
46.0,8,15,0,450
46.0,8,15,1,452
46.0,8,15,2,455
46.0,8,15,3,457
46.0,8,15,4,459
46.0,8,15,5,461
46.0,8,15,6,463
46.0,8,15,7,465
46.0,8,15,8,468
46.0,8,15,9,470
46.0,8,15,10,472
46.0,8,15,11,474
46.0,8,15,12,476
46.0,8,15,13,478
46.0,8,15,14,480
46.0,8,15,15,482
46.0,9,0,0,421
46.0,9,0,1,423
46.0,9,0,2,425
46.0,9,0,3,427
46.0,9,0,4,429
46.0,9,0,5,431
46.0,9,0,6,433
46.0,9,0,7,435
46.0,9,0,8,437
46.0,9,0,9,439
46.0,9,0,10,441
46.0,9,0,11,443
46.0,9,0,12,445
46.0,9,0,13,447
46.0,9,0,14,448
46.0,9,0,15,450
46.0,9,1,0,423
46.0,9,1,1,425
46.0,9,1,2,427
46.0,9,1,3,429
46.0,9,1,4,431
46.0,9,1,5,433
46.0,9,1,6,435
46.0,9,1,7,437
46.0,9,1,8,439
46.0,9,1,9,441
46.0,9,1,10,443
46.0,9,1,11,445
46.0,9,1,12,447
46.0,9,1,13,449
46.0,9,1,14,451
46.0,9,1,15,453
46.0,9,2,0,426
46.0,9,2,1,428
46.0,9,2,2,430
46.0,9,2,3,432
46.0,9,2,4,434
46.0,9,2,5,436
46.0,9,2,6,438
46.0,9,2,7,440
46.0,9,2,8,442
46.0,9,2,9,444
46.0,9,2,10,446
46.0,9,2,11,448
46.0,9,2,12,450
46.0,9,2,13,452
46.0,9,2,14,454
46.0,9,2,15,456
46.0,9,3,0,428
46.0,9,3,1,430
46.0,9,3,2,432
46.0,9,3,3,434
46.0,9,3,4,436
46.0,9,3,5,438
46.0,9,3,6,440
46.0,9,3,7,443
46.0,9,3,8,445
46.0,9,3,9,447
46.0,9,3,10,449
46.0,9,3,11,451
46.0,9,3,12,453
46.0,9,3,13,455
46.0,9,3,14,457
46.0,9,3,15,458
46.0,9,4,0,431
46.0,9,4,1,433
46.0,9,4,2,435
46.0,9,4,3,437
46.0,9,4,4,439
46.0,9,4,5,441
46.0,9,4,6,443
46.0,9,4,7,445
46.0,9,4,8,447
46.0,9,4,9,449
46.0,9,4,10,451
46.0,9,4,11,453
46.0,9,4,12,455
46.0,9,4,13,457
46.0,9,4,14,459
46.0,9,4,15,461
46.0,9,5,0,433
46.0,9,5,1,435
46.0,9,5,2,437
46.0,9,5,3,439
46.0,9,5,4,441
46.0,9,5,5,444
46.0,9,5,6,446
46.0,9,5,7,448
46.0,9,5,8,450
46.0,9,5,9,452
46.0,9,5,10,454
46.0,9,5,11,456
46.0,9,5,12,458
46.0,9,5,13,460
46.0,9,5,14,462
46.0,9,5,15,464
46.0,9,6,0,435
46.0,9,6,1,438
46.0,9,6,2,440
46.0,9,6,3,442
46.0,9,6,4,444
46.0,9,6,5,446
46.0,9,6,6,448
46.0,9,6,7,450
46.0,9,6,8,452
46.0,9,6,9,454
46.0,9,6,10,456
46.0,9,6,11,458
46.0,9,6,12,460
46.0,9,6,13,462
46.0,9,6,14,464
46.0,9,6,15,466
46.0,9,7,0,438
46.0,9,7,1,440
46.0,9,7,2,442
46.0,9,7,3,444
46.0,9,7,4,446
46.0,9,7,5,449
46.0,9,7,6,451
46.0,9,7,7,453
46.0,9,7,8,455
46.0,9,7,9,457
46.0,9,7,10,459
46.0,9,7,11,461
46.0,9,7,12,463
46.0,9,7,13,465
46.0,9,7,14,467
46.0,9,7,15,469
46.0,9,8,0,440
46.0,9,8,1,442
46.0,9,8,2,445
46.0,9,8,3,447
46.0,9,8,4,449
46.0,9,8,5,451
46.0,9,8,6,453
46.0,9,8,7,455
46.0,9,8,8,457
46.0,9,8,9,459
46.0,9,8,10,461
46.0,9,8,11,463
46.0,9,8,12,466
46.0,9,8,13,468
46.0,9,8,14,470
46.0,9,8,15,472
46.0,9,9,0,443
46.0,9,9,1,445
46.0,9,9,2,447
46.0,9,9,3,449
46.0,9,9,4,451
46.0,9,9,5,453
46.0,9,9,6,456
46.0,9,9,7,458
46.0,9,9,8,460
46.0,9,9,9,462
46.0,9,9,10,464
46.0,9,9,11,466
46.0,9,9,12,468
46.0,9,9,13,470
46.0,9,9,14,472
46.0,9,9,15,474
46.0,9,10,0,445
46.0,9,10,1,447
46.0,9,10,2,449
46.0,9,10,3,452
46.0,9,10,4,454
46.0,9,10,5,456
46.0,9,10,6,458
46.0,9,10,7,460
46.0,9,10,8,462
46.0,9,10,9,464
46.0,9,10,10,466
46.0,9,10,11,469
46.0,9,10,12,471
46.0,9,10,13,473
46.0,9,10,14,475
46.0,9,10,15,477
46.0,9,11,0,448
46.0,9,11,1,450
46.0,9,11,2,452
46.0,9,11,3,454
46.0,9,11,4,456
46.0,9,11,5,458
46.0,9,11,6,461
46.0,9,11,7,463
46.0,9,11,8,465
46.0,9,11,9,467
46.0,9,11,10,469
46.0,9,11,11,471
46.0,9,11,12,473
46.0,9,11,13,475
46.0,9,11,14,477
46.0,9,11,15,479
46.0,9,12,0,450
46.0,9,12,1,452
46.0,9,12,2,454
46.0,9,12,3,456
46.0,9,12,4,459
46.0,9,12,5,461
46.0,9,12,6,463
46.0,9,12,7,465
46.0,9,12,8,467
46.0,9,12,9,469
46.0,9,12,10,471
46.0,9,12,11,474
46.0,9,12,12,476
46.0,9,12,13,478
46.0,9,12,14,480
46.0,9,12,15,482
46.0,9,13,0,452
46.0,9,13,1,454
46.0,9,13,2,457
46.0,9,13,3,459
46.0,9,13,4,461
46.0,9,13,5,463
46.0,9,13,6,465
46.0,9,13,7,468
46.0,9,13,8,470
46.0,9,13,9,472
46.0,9,13,10,474
46.0,9,13,11,476
46.0,9,13,12,478
46.0,9,13,13,480
46.0,9,13,14,482
46.0,9,13,15,484
46.0,9,14,0,455
46.0,9,14,1,457
46.0,9,14,2,459
46.0,9,14,3,461
46.0,9,14,4,463
46.0,9,14,5,466
46.0,9,14,6,468
46.0,9,14,7,470
46.0,9,14,8,472
46.0,9,14,9,474
46.0,9,14,10,476
46.0,9,14,11,479
46.0,9,14,12,481
46.0,9,14,13,483
46.0,9,14,14,485
46.0,9,14,15,487
46.0,9,15,0,457
46.0,9,15,1,459
46.0,9,15,2,461
46.0,9,15,3,464
46.0,9,15,4,466
46.0,9,15,5,468
46.0,9,15,6,470
46.0,9,15,7,472
46.0,9,15,8,475
46.0,9,15,9,477
46.0,9,15,10,479
46.0,9,15,11,481
46.0,9,15,12,483
46.0,9,15,13,485
46.0,9,15,14,487
46.0,9,15,15,489
46.0,10,0,0,427
46.0,10,0,1,429
46.0,10,0,2,431
46.0,10,0,3,433
46.0,10,0,4,435
46.0,10,0,5,437
46.0,10,0,6,439
46.0,10,0,7,441
46.0,10,0,8,443
46.0,10,0,9,445
46.0,10,0,10,447
46.0,10,0,11,449
46.0,10,0,12,451
46.0,10,0,13,453
46.0,10,0,14,455
46.0,10,0,15,457
46.0,10,1,0,429
46.0,10,1,1,431
46.0,10,1,2,433
46.0,10,1,3,436
46.0,10,1,4,438
46.0,10,1,5,440
46.0,10,1,6,442
46.0,10,1,7,444
46.0,10,1,8,446
46.0,10,1,9,448
46.0,10,1,10,450
46.0,10,1,11,452
46.0,10,1,12,454
46.0,10,1,13,456
46.0,10,1,14,458
46.0,10,1,15,460
46.0,10,2,0,432
46.0,10,2,1,434
46.0,10,2,2,436
46.0,10,2,3,438
46.0,10,2,4,440
46.0,10,2,5,442
46.0,10,2,6,444
46.0,10,2,7,446
46.0,10,2,8,448
46.0,10,2,9,450
46.0,10,2,10,453
46.0,10,2,11,455
46.0,10,2,12,457
46.0,10,2,13,459
46.0,10,2,14,461
46.0,10,2,15,463
46.0,10,3,0,434
46.0,10,3,1,436
46.0,10,3,2,439
46.0,10,3,3,441
46.0,10,3,4,443
46.0,10,3,5,445
46.0,10,3,6,447
46.0,10,3,7,449
46.0,10,3,8,451
46.0,10,3,9,453
46.0,10,3,10,455
46.0,10,3,11,457
46.0,10,3,12,459
46.0,10,3,13,461
46.0,10,3,14,463
46.0,10,3,15,465
46.0,10,4,0,437
46.0,10,4,1,439
46.0,10,4,2,441
46.0,10,4,3,443
46.0,10,4,4,445
46.0,10,4,5,447
46.0,10,4,6,450
46.0,10,4,7,452
46.0,10,4,8,454
46.0,10,4,9,456
46.0,10,4,10,458
46.0,10,4,11,460
46.0,10,4,12,462
46.0,10,4,13,464
46.0,10,4,14,466
46.0,10,4,15,468
46.0,10,5,0,439
46.0,10,5,1,442
46.0,10,5,2,444
46.0,10,5,3,446
46.0,10,5,4,448
46.0,10,5,5,450
46.0,10,5,6,452
46.0,10,5,7,454
46.0,10,5,8,456
46.0,10,5,9,458
46.0,10,5,10,460
46.0,10,5,11,462
46.0,10,5,12,465
46.0,10,5,13,467
46.0,10,5,14,469
46.0,10,5,15,471
46.0,10,6,0,442
46.0,10,6,1,444
46.0,10,6,2,446
46.0,10,6,3,448
46.0,10,6,4,450
46.0,10,6,5,453
46.0,10,6,6,455
46.0,10,6,7,457
46.0,10,6,8,459
46.0,10,6,9,461
46.0,10,6,10,463
46.0,10,6,11,465
46.0,10,6,12,467
46.0,10,6,13,469
46.0,10,6,14,471
46.0,10,6,15,473
46.0,10,7,0,444
46.0,10,7,1,447
46.0,10,7,2,449
46.0,10,7,3,451
46.0,10,7,4,453
46.0,10,7,5,455
46.0,10,7,6,457
46.0,10,7,7,459
46.0,10,7,8,461
46.0,10,7,9,464
46.0,10,7,10,466
46.0,10,7,11,468
46.0,10,7,12,470
46.0,10,7,13,472
46.0,10,7,14,474
46.0,10,7,15,476
46.0,10,8,0,447
46.0,10,8,1,449
46.0,10,8,2,451
46.0,10,8,3,453
46.0,10,8,4,456
46.0,10,8,5,458
46.0,10,8,6,460
46.0,10,8,7,462
46.0,10,8,8,464
46.0,10,8,9,466
46.0,10,8,10,468
46.0,10,8,11,470
46.0,10,8,12,472
46.0,10,8,13,474
46.0,10,8,14,477
46.0,10,8,15,479
46.0,10,9,0,449
46.0,10,9,1,451
46.0,10,9,2,454
46.0,10,9,3,456
46.0,10,9,4,458
46.0,10,9,5,460
46.0,10,9,6,462
46.0,10,9,7,464
46.0,10,9,8,467
46.0,10,9,9,469
46.0,10,9,10,471
46.0,10,9,11,473
46.0,10,9,12,475
46.0,10,9,13,477
46.0,10,9,14,479
46.0,10,9,15,481
46.0,10,10,0,452
46.0,10,10,1,454
46.0,10,10,2,456
46.0,10,10,3,458
46.0,10,10,4,460
46.0,10,10,5,463
46.0,10,10,6,465
46.0,10,10,7,467
46.0,10,10,8,469
46.0,10,10,9,471
46.0,10,10,10,473
46.0,10,10,11,475
46.0,10,10,12,478
46.0,10,10,13,480
46.0,10,10,14,482
46.0,10,10,15,484
46.0,10,11,0,454
46.0,10,11,1,456
46.0,10,11,2,459
46.0,10,11,3,461
46.0,10,11,4,463
46.0,10,11,5,465
46.0,10,11,6,467
46.0,10,11,7,469
46.0,10,11,8,472
46.0,10,11,9,474
46.0,10,11,10,476
46.0,10,11,11,478
46.0,10,11,12,480
46.0,10,11,13,482
46.0,10,11,14,484
46.0,10,11,15,486
46.0,10,12,0,457
46.0,10,12,1,459
46.0,10,12,2,461
46.0,10,12,3,463
46.0,10,12,4,465
46.0,10,12,5,468
46.0,10,12,6,470
46.0,10,12,7,472
46.0,10,12,8,474
46.0,10,12,9,476
46.0,10,12,10,478
46.0,10,12,11,481
46.0,10,12,12,483
46.0,10,12,13,485
46.0,10,12,14,487
46.0,10,12,15,489
46.0,10,13,0,459
46.0,10,13,1,461
46.0,10,13,2,463
46.0,10,13,3,466
46.0,10,13,4,468
46.0,10,13,5,470
46.0,10,13,6,472
46.0,10,13,7,474
46.0,10,13,8,477
46.0,10,13,9,479
46.0,10,13,10,481
46.0,10,13,11,483
46.0,10,13,12,485
46.0,10,13,13,487
46.0,10,13,14,489
46.0,10,13,15,492
46.0,10,14,0,461
46.0,10,14,1,464
46.0,10,14,2,466
46.0,10,14,3,468
46.0,10,14,4,470
46.0,10,14,5,473
46.0,10,14,6,475
46.0,10,14,7,477
46.0,10,14,8,479
46.0,10,14,9,481
46.0,10,14,10,483
46.0,10,14,11,486
46.0,10,14,12,488
46.0,10,14,13,490
46.0,10,14,14,492
46.0,10,14,15,494
46.0,10,15,0,464
46.0,10,15,1,466
46.0,10,15,2,468
46.0,10,15,3,470
46.0,10,15,4,473
46.0,10,15,5,475
46.0,10,15,6,477
46.0,10,15,7,479
46.0,10,15,8,482
46.0,10,15,9,484
46.0,10,15,10,486
46.0,10,15,11,488
46.0,10,15,12,490
46.0,10,15,13,492
46.0,10,15,14,495
46.0,10,15,15,497
46.0,11,0,0,433
46.0,11,0,1,435
46.0,11,0,2,437
46.0,11,0,3,439
46.0,11,0,4,441
46.0,11,0,5,443
46.0,11,0,6,445
46.0,11,0,7,448
46.0,11,0,8,450
46.0,11,0,9,452
46.0,11,0,10,454
46.0,11,0,11,456
46.0,11,0,12,458
46.0,11,0,13,460
46.0,11,0,14,462
46.0,11,0,15,464
46.0,11,1,0,435
46.0,11,1,1,438
46.0,11,1,2,440
46.0,11,1,3,442
46.0,11,1,4,444
46.0,11,1,5,446
46.0,11,1,6,448
46.0,11,1,7,450
46.0,11,1,8,452
46.0,11,1,9,454
46.0,11,1,10,456
46.0,11,1,11,458
46.0,11,1,12,460
46.0,11,1,13,462
46.0,11,1,14,464
46.0,11,1,15,466
46.0,11,2,0,438
46.0,11,2,1,440
46.0,11,2,2,442
46.0,11,2,3,444
46.0,11,2,4,447
46.0,11,2,5,449
46.0,11,2,6,451
46.0,11,2,7,453
46.0,11,2,8,455
46.0,11,2,9,457
46.0,11,2,10,459
46.0,11,2,11,461
46.0,11,2,12,463
46.0,11,2,13,465
46.0,11,2,14,467
46.0,11,2,15,469
46.0,11,3,0,441
46.0,11,3,1,443
46.0,11,3,2,445
46.0,11,3,3,447
46.0,11,3,4,449
46.0,11,3,5,451
46.0,11,3,6,453
46.0,11,3,7,456
46.0,11,3,8,458
46.0,11,3,9,460
46.0,11,3,10,462
46.0,11,3,11,464
46.0,11,3,12,466
46.0,11,3,13,468
46.0,11,3,14,470
46.0,11,3,15,472
46.0,11,4,0,443
46.0,11,4,1,445
46.0,11,4,2,448
46.0,11,4,3,450
46.0,11,4,4,452
46.0,11,4,5,454
46.0,11,4,6,456
46.0,11,4,7,458
46.0,11,4,8,460
46.0,11,4,9,462
46.0,11,4,10,464
46.0,11,4,11,467
46.0,11,4,12,469
46.0,11,4,13,471
46.0,11,4,14,473
46.0,11,4,15,475
46.0,11,5,0,446
46.0,11,5,1,448
46.0,11,5,2,450
46.0,11,5,3,452
46.0,11,5,4,454
46.0,11,5,5,457
46.0,11,5,6,459
46.0,11,5,7,461
46.0,11,5,8,463
46.0,11,5,9,465
46.0,11,5,10,467
46.0,11,5,11,469
46.0,11,5,12,471
46.0,11,5,13,473
46.0,11,5,14,475
46.0,11,5,15,477
46.0,11,6,0,448
46.0,11,6,1,450
46.0,11,6,2,453
46.0,11,6,3,455
46.0,11,6,4,457
46.0,11,6,5,459
46.0,11,6,6,461
46.0,11,6,7,463
46.0,11,6,8,466
46.0,11,6,9,468
46.0,11,6,10,470
46.0,11,6,11,472
46.0,11,6,12,474
46.0,11,6,13,476
46.0,11,6,14,478
46.0,11,6,15,480
46.0,11,7,0,451
46.0,11,7,1,453
46.0,11,7,2,455
46.0,11,7,3,457
46.0,11,7,4,460
46.0,11,7,5,462
46.0,11,7,6,464
46.0,11,7,7,466
46.0,11,7,8,468
46.0,11,7,9,470
46.0,11,7,10,472
46.0,11,7,11,475
46.0,11,7,12,477
46.0,11,7,13,479
46.0,11,7,14,481
46.0,11,7,15,483
46.0,11,8,0,453
46.0,11,8,1,456
46.0,11,8,2,458
46.0,11,8,3,460
46.0,11,8,4,462
46.0,11,8,5,464
46.0,11,8,6,466
46.0,11,8,7,469
46.0,11,8,8,471
46.0,11,8,9,473
46.0,11,8,10,475
46.0,11,8,11,477
46.0,11,8,12,479
46.0,11,8,13,481
46.0,11,8,14,483
46.0,11,8,15,486
46.0,11,9,0,456
46.0,11,9,1,458
46.0,11,9,2,460
46.0,11,9,3,462
46.0,11,9,4,465
46.0,11,9,5,467
46.0,11,9,6,469
46.0,11,9,7,471
46.0,11,9,8,473
46.0,11,9,9,475
46.0,11,9,10,478
46.0,11,9,11,480
46.0,11,9,12,482
46.0,11,9,13,484
46.0,11,9,14,486
46.0,11,9,15,488
46.0,11,10,0,458
46.0,11,10,1,461
46.0,11,10,2,463
46.0,11,10,3,465
46.0,11,10,4,467
46.0,11,10,5,469
46.0,11,10,6,472
46.0,11,10,7,474
46.0,11,10,8,476
46.0,11,10,9,478
46.0,11,10,10,480
46.0,11,10,11,482
46.0,11,10,12,484
46.0,11,10,13,487
46.0,11,10,14,489
46.0,11,10,15,491
46.0,11,11,0,461
46.0,11,11,1,463
46.0,11,11,2,465
46.0,11,11,3,467
46.0,11,11,4,470
46.0,11,11,5,472
46.0,11,11,6,474
46.0,11,11,7,476
46.0,11,11,8,478
46.0,11,11,9,481
46.0,11,11,10,483
46.0,11,11,11,485
46.0,11,11,12,487
46.0,11,11,13,489
46.0,11,11,14,491
46.0,11,11,15,493
46.0,11,12,0,463
46.0,11,12,1,465
46.0,11,12,2,468
46.0,11,12,3,470
46.0,11,12,4,472
46.0,11,12,5,474
46.0,11,12,6,477
46.0,11,12,7,479
46.0,11,12,8,481
46.0,11,12,9,483
46.0,11,12,10,485
46.0,11,12,11,488
46.0,11,12,12,490
46.0,11,12,13,492
46.0,11,12,14,494
46.0,11,12,15,496
46.0,11,13,0,466
46.0,11,13,1,468
46.0,11,13,2,470
46.0,11,13,3,472
46.0,11,13,4,475
46.0,11,13,5,477
46.0,11,13,6,479
46.0,11,13,7,481
46.0,11,13,8,484
46.0,11,13,9,486
46.0,11,13,10,488
46.0,11,13,11,490
46.0,11,13,12,492
46.0,11,13,13,494
46.0,11,13,14,497
46.0,11,13,15,499
46.0,11,14,0,468
46.0,11,14,1,470
46.0,11,14,2,473
46.0,11,14,3,475
46.0,11,14,4,477
46.0,11,14,5,479
46.0,11,14,6,482
46.0,11,14,7,484
46.0,11,14,8,486
46.0,11,14,9,488
46.0,11,14,10,490
46.0,11,14,11,493
46.0,11,14,12,495
46.0,11,14,13,497
46.0,11,14,14,499
46.0,11,14,15,501
46.0,11,15,0,470
46.0,11,15,1,473
46.0,11,15,2,475
46.0,11,15,3,477
46.0,11,15,4,480
46.0,11,15,5,482
46.0,11,15,6,484
46.0,11,15,7,486
46.0,11,15,8,489
46.0,11,15,9,491
46.0,11,15,10,493
46.0,11,15,11,495
46.0,11,15,12,497
46.0,11,15,13,500
46.0,11,15,14,502
46.0,11,15,15,504
46.0,12,0,0,439
46.0,12,0,1,441
46.0,12,0,2,443
46.0,12,0,3,446
46.0,12,0,4,448
46.0,12,0,5,450
46.0,12,0,6,452
46.0,12,0,7,454
46.0,12,0,8,456
46.0,12,0,9,458
46.0,12,0,10,460
46.0,12,0,11,462
46.0,12,0,12,464
46.0,12,0,13,466
46.0,12,0,14,468
46.0,12,0,15,470
46.0,12,1,0,442
46.0,12,1,1,444
46.0,12,1,2,446
46.0,12,1,3,448
46.0,12,1,4,450
46.0,12,1,5,452
46.0,12,1,6,455
46.0,12,1,7,457
46.0,12,1,8,459
46.0,12,1,9,461
46.0,12,1,10,463
46.0,12,1,11,465
46.0,12,1,12,467
46.0,12,1,13,469
46.0,12,1,14,471
46.0,12,1,15,473
46.0,12,2,0,444
46.0,12,2,1,447
46.0,12,2,2,449
46.0,12,2,3,451
46.0,12,2,4,453
46.0,12,2,5,455
46.0,12,2,6,457
46.0,12,2,7,459
46.0,12,2,8,461
46.0,12,2,9,464
46.0,12,2,10,466
46.0,12,2,11,468
46.0,12,2,12,470
46.0,12,2,13,472
46.0,12,2,14,474
46.0,12,2,15,476
46.0,12,3,0,447
46.0,12,3,1,449
46.0,12,3,2,451
46.0,12,3,3,453
46.0,12,3,4,456
46.0,12,3,5,458
46.0,12,3,6,460
46.0,12,3,7,462
46.0,12,3,8,464
46.0,12,3,9,466
46.0,12,3,10,468
46.0,12,3,11,470
46.0,12,3,12,473
46.0,12,3,13,475
46.0,12,3,14,477
46.0,12,3,15,479
46.0,12,4,0,450
46.0,12,4,1,452
46.0,12,4,2,454
46.0,12,4,3,456
46.0,12,4,4,458
46.0,12,4,5,460
46.0,12,4,6,463
46.0,12,4,7,465
46.0,12,4,8,467
46.0,12,4,9,469
46.0,12,4,10,471
46.0,12,4,11,473
46.0,12,4,12,475
46.0,12,4,13,477
46.0,12,4,14,479
46.0,12,4,15,482
46.0,12,5,0,452
46.0,12,5,1,454
46.0,12,5,2,457
46.0,12,5,3,459
46.0,12,5,4,461
46.0,12,5,5,463
46.0,12,5,6,465
46.0,12,5,7,467
46.0,12,5,8,470
46.0,12,5,9,472
46.0,12,5,10,474
46.0,12,5,11,476
46.0,12,5,12,478
46.0,12,5,13,480
46.0,12,5,14,482
46.0,12,5,15,484
46.0,12,6,0,455
46.0,12,6,1,457
46.0,12,6,2,459
46.0,12,6,3,461
46.0,12,6,4,464
46.0,12,6,5,466
46.0,12,6,6,468
46.0,12,6,7,470
46.0,12,6,8,472
46.0,12,6,9,474
46.0,12,6,10,476
46.0,12,6,11,479
46.0,12,6,12,481
46.0,12,6,13,483
46.0,12,6,14,485
46.0,12,6,15,487
46.0,12,7,0,457
46.0,12,7,1,459
46.0,12,7,2,462
46.0,12,7,3,464
46.0,12,7,4,466
46.0,12,7,5,468
46.0,12,7,6,471
46.0,12,7,7,473
46.0,12,7,8,475
46.0,12,7,9,477
46.0,12,7,10,479
46.0,12,7,11,481
46.0,12,7,12,483
46.0,12,7,13,486
46.0,12,7,14,488
46.0,12,7,15,490
46.0,12,8,0,460
46.0,12,8,1,462
46.0,12,8,2,464
46.0,12,8,3,467
46.0,12,8,4,469
46.0,12,8,5,471
46.0,12,8,6,473
46.0,12,8,7,475
46.0,12,8,8,477
46.0,12,8,9,480
46.0,12,8,10,482
46.0,12,8,11,484
46.0,12,8,12,486
46.0,12,8,13,488
46.0,12,8,14,490
46.0,12,8,15,492
46.0,12,9,0,462
46.0,12,9,1,465
46.0,12,9,2,467
46.0,12,9,3,469
46.0,12,9,4,471
46.0,12,9,5,474
46.0,12,9,6,476
46.0,12,9,7,478
46.0,12,9,8,480
46.0,12,9,9,482
46.0,12,9,10,484
46.0,12,9,11,487
46.0,12,9,12,489
46.0,12,9,13,491
46.0,12,9,14,493
46.0,12,9,15,495
46.0,12,10,0,465
46.0,12,10,1,467
46.0,12,10,2,469
46.0,12,10,3,472
46.0,12,10,4,474
46.0,12,10,5,476
46.0,12,10,6,478
46.0,12,10,7,481
46.0,12,10,8,483
46.0,12,10,9,485
46.0,12,10,10,487
46.0,12,10,11,489
46.0,12,10,12,491
46.0,12,10,13,494
46.0,12,10,14,496
46.0,12,10,15,498
46.0,12,11,0,467
46.0,12,11,1,470
46.0,12,11,2,472
46.0,12,11,3,474
46.0,12,11,4,476
46.0,12,11,5,479
46.0,12,11,6,481
46.0,12,11,7,483
46.0,12,11,8,485
46.0,12,11,9,488
46.0,12,11,10,490
46.0,12,11,11,492
46.0,12,11,12,494
46.0,12,11,13,496
46.0,12,11,14,498
46.0,12,11,15,501
46.0,12,12,0,470
46.0,12,12,1,472
46.0,12,12,2,474
46.0,12,12,3,477
46.0,12,12,4,479
46.0,12,12,5,481
46.0,12,12,6,483
46.0,12,12,7,486
46.0,12,12,8,488
46.0,12,12,9,490
46.0,12,12,10,492
46.0,12,12,11,494
46.0,12,12,12,497
46.0,12,12,13,499
46.0,12,12,14,501
46.0,12,12,15,503
46.0,12,13,0,472
46.0,12,13,1,475
46.0,12,13,2,477
46.0,12,13,3,479
46.0,12,13,4,481
46.0,12,13,5,484
46.0,12,13,6,486
46.0,12,13,7,488
46.0,12,13,8,490
46.0,12,13,9,493
46.0,12,13,10,495
46.0,12,13,11,497
46.0,12,13,12,499
46.0,12,13,13,501
46.0,12,13,14,504
46.0,12,13,15,506
46.0,12,14,0,475
46.0,12,14,1,477
46.0,12,14,2,479
46.0,12,14,3,482
46.0,12,14,4,484
46.0,12,14,5,486
46.0,12,14,6,488
46.0,12,14,7,491
46.0,12,14,8,493
46.0,12,14,9,495
46.0,12,14,10,497
46.0,12,14,11,500
46.0,12,14,12,502
46.0,12,14,13,504
46.0,12,14,14,506
46.0,12,14,15,508
46.0,12,15,0,477
46.0,12,15,1,479
46.0,12,15,2,482
46.0,12,15,3,484
46.0,12,15,4,486
46.0,12,15,5,489
46.0,12,15,6,491
46.0,12,15,7,493
46.0,12,15,8,496
46.0,12,15,9,498
46.0,12,15,10,500
46.0,12,15,11,502
46.0,12,15,12,504
46.0,12,15,13,507
46.0,12,15,14,509
46.0,12,15,15,511
46.0,13,0,0,445
46.0,13,0,1,447
46.0,13,0,2,450
46.0,13,0,3,452
46.0,13,0,4,454
46.0,13,0,5,456
46.0,13,0,6,458
46.0,13,0,7,460
46.0,13,0,8,462
46.0,13,0,9,465
46.0,13,0,10,467
46.0,13,0,11,469
46.0,13,0,12,471
46.0,13,0,13,473
46.0,13,0,14,475
46.0,13,0,15,477
46.0,13,1,0,448
46.0,13,1,1,450
46.0,13,1,2,452
46.0,13,1,3,455
46.0,13,1,4,457
46.0,13,1,5,459
46.0,13,1,6,461
46.0,13,1,7,463
46.0,13,1,8,465
46.0,13,1,9,467
46.0,13,1,10,469
46.0,13,1,11,472
46.0,13,1,12,474
46.0,13,1,13,476
46.0,13,1,14,478
46.0,13,1,15,480
46.0,13,2,0,451
46.0,13,2,1,453
46.0,13,2,2,455
46.0,13,2,3,457
46.0,13,2,4,459
46.0,13,2,5,462
46.0,13,2,6,464
46.0,13,2,7,466
46.0,13,2,8,468
46.0,13,2,9,470
46.0,13,2,10,472
46.0,13,2,11,474
46.0,13,2,12,476
46.0,13,2,13,479
46.0,13,2,14,481
46.0,13,2,15,483
46.0,13,3,0,453
46.0,13,3,1,455
46.0,13,3,2,458
46.0,13,3,3,460
46.0,13,3,4,462
46.0,13,3,5,464
46.0,13,3,6,466
46.0,13,3,7,469
46.0,13,3,8,471
46.0,13,3,9,473
46.0,13,3,10,475
46.0,13,3,11,477
46.0,13,3,12,479
46.0,13,3,13,481
46.0,13,3,14,483
46.0,13,3,15,485
46.0,13,4,0,456
46.0,13,4,1,458
46.0,13,4,2,460
46.0,13,4,3,463
46.0,13,4,4,465
46.0,13,4,5,467
46.0,13,4,6,469
46.0,13,4,7,471
46.0,13,4,8,473
46.0,13,4,9,476
46.0,13,4,10,478
46.0,13,4,11,480
46.0,13,4,12,482
46.0,13,4,13,484
46.0,13,4,14,486
46.0,13,4,15,488
46.0,13,5,0,459
46.0,13,5,1,461
46.0,13,5,2,463
46.0,13,5,3,465
46.0,13,5,4,467
46.0,13,5,5,470
46.0,13,5,6,472
46.0,13,5,7,474
46.0,13,5,8,476
46.0,13,5,9,478
46.0,13,5,10,480
46.0,13,5,11,483
46.0,13,5,12,485
46.0,13,5,13,487
46.0,13,5,14,489
46.0,13,5,15,491
46.0,13,6,0,461
46.0,13,6,1,463
46.0,13,6,2,466
46.0,13,6,3,468
46.0,13,6,4,470
46.0,13,6,5,472
46.0,13,6,6,474
46.0,13,6,7,477
46.0,13,6,8,479
46.0,13,6,9,481
46.0,13,6,10,483
46.0,13,6,11,485
46.0,13,6,12,488
46.0,13,6,13,490
46.0,13,6,14,492
46.0,13,6,15,494
46.0,13,7,0,464
46.0,13,7,1,466
46.0,13,7,2,468
46.0,13,7,3,470
46.0,13,7,4,473
46.0,13,7,5,475
46.0,13,7,6,477
46.0,13,7,7,479
46.0,13,7,8,482
46.0,13,7,9,484
46.0,13,7,10,486
46.0,13,7,11,488
46.0,13,7,12,490
46.0,13,7,13,492
46.0,13,7,14,495
46.0,13,7,15,497
46.0,13,8,0,466
46.0,13,8,1,469
46.0,13,8,2,471
46.0,13,8,3,473
46.0,13,8,4,475
46.0,13,8,5,478
46.0,13,8,6,480
46.0,13,8,7,482
46.0,13,8,8,484
46.0,13,8,9,486
46.0,13,8,10,489
46.0,13,8,11,491
46.0,13,8,12,493
46.0,13,8,13,495
46.0,13,8,14,497
46.0,13,8,15,499
46.0,13,9,0,469
46.0,13,9,1,471
46.0,13,9,2,473
46.0,13,9,3,476
46.0,13,9,4,478
46.0,13,9,5,480
46.0,13,9,6,482
46.0,13,9,7,485
46.0,13,9,8,487
46.0,13,9,9,489
46.0,13,9,10,491
46.0,13,9,11,493
46.0,13,9,12,496
46.0,13,9,13,498
46.0,13,9,14,500
46.0,13,9,15,502
46.0,13,10,0,471
46.0,13,10,1,474
46.0,13,10,2,476
46.0,13,10,3,478
46.0,13,10,4,481
46.0,13,10,5,483
46.0,13,10,6,485
46.0,13,10,7,487
46.0,13,10,8,490
46.0,13,10,9,492
46.0,13,10,10,494
46.0,13,10,11,496
46.0,13,10,12,498
46.0,13,10,13,501
46.0,13,10,14,503
46.0,13,10,15,505
46.0,13,11,0,474
46.0,13,11,1,476
46.0,13,11,2,479
46.0,13,11,3,481
46.0,13,11,4,483
46.0,13,11,5,485
46.0,13,11,6,488
46.0,13,11,7,490
46.0,13,11,8,492
46.0,13,11,9,494
46.0,13,11,10,497
46.0,13,11,11,499
46.0,13,11,12,501
46.0,13,11,13,503
46.0,13,11,14,505
46.0,13,11,15,508
46.0,13,12,0,476
46.0,13,12,1,479
46.0,13,12,2,481
46.0,13,12,3,483
46.0,13,12,4,486
46.0,13,12,5,488
46.0,13,12,6,490
46.0,13,12,7,493
46.0,13,12,8,495
46.0,13,12,9,497
46.0,13,12,10,499
46.0,13,12,11,501
46.0,13,12,12,504
46.0,13,12,13,506
46.0,13,12,14,508
46.0,13,12,15,510
46.0,13,13,0,479
46.0,13,13,1,481
46.0,13,13,2,484
46.0,13,13,3,486
46.0,13,13,4,488
46.0,13,13,5,491
46.0,13,13,6,493
46.0,13,13,7,495
46.0,13,13,8,497
46.0,13,13,9,500
46.0,13,13,10,502
46.0,13,13,11,504
46.0,13,13,12,506
46.0,13,13,13,509
46.0,13,13,14,511
46.0,13,13,15,513
46.0,13,14,0,481
46.0,13,14,1,484
46.0,13,14,2,486
46.0,13,14,3,488
46.0,13,14,4,491
46.0,13,14,5,493
46.0,13,14,6,495
46.0,13,14,7,498
46.0,13,14,8,500
46.0,13,14,9,502
46.0,13,14,10,504
46.0,13,14,11,507
46.0,13,14,12,509
46.0,13,14,13,511
46.0,13,14,14,513
46.0,13,14,15,516
46.0,13,15,0,484
46.0,13,15,1,486
46.0,13,15,2,489
46.0,13,15,3,491
46.0,13,15,4,493
46.0,13,15,5,496
46.0,13,15,6,498
46.0,13,15,7,500
46.0,13,15,8,503
46.0,13,15,9,505
46.0,13,15,10,507
46.0,13,15,11,509
46.0,13,15,12,512
46.0,13,15,13,514
46.0,13,15,14,516
46.0,13,15,15,518
46.0,14,0,0,451
46.0,14,0,1,454
46.0,14,0,2,456
46.0,14,0,3,458
46.0,14,0,4,460
46.0,14,0,5,462
46.0,14,0,6,465
46.0,14,0,7,467
46.0,14,0,8,469
46.0,14,0,9,471
46.0,14,0,10,473
46.0,14,0,11,475
46.0,14,0,12,477
46.0,14,0,13,479
46.0,14,0,14,481
46.0,14,0,15,484
46.0,14,1,0,454
46.0,14,1,1,456
46.0,14,1,2,459
46.0,14,1,3,461
46.0,14,1,4,463
46.0,14,1,5,465
46.0,14,1,6,467
46.0,14,1,7,470
46.0,14,1,8,472
46.0,14,1,9,474
46.0,14,1,10,476
46.0,14,1,11,478
46.0,14,1,12,480
46.0,14,1,13,482
46.0,14,1,14,484
46.0,14,1,15,486
46.0,14,2,0,457
46.0,14,2,1,459
46.0,14,2,2,461
46.0,14,2,3,464
46.0,14,2,4,466
46.0,14,2,5,468
46.0,14,2,6,470
46.0,14,2,7,472
46.0,14,2,8,474
46.0,14,2,9,477
46.0,14,2,10,479
46.0,14,2,11,481
46.0,14,2,12,483
46.0,14,2,13,485
46.0,14,2,14,487
46.0,14,2,15,489
46.0,14,3,0,460
46.0,14,3,1,462
46.0,14,3,2,464
46.0,14,3,3,466
46.0,14,3,4,468
46.0,14,3,5,471
46.0,14,3,6,473
46.0,14,3,7,475
46.0,14,3,8,477
46.0,14,3,9,479
46.0,14,3,10,482
46.0,14,3,11,484
46.0,14,3,12,486
46.0,14,3,13,488
46.0,14,3,14,490
46.0,14,3,15,492
46.0,14,4,0,462
46.0,14,4,1,464
46.0,14,4,2,467
46.0,14,4,3,469
46.0,14,4,4,471
46.0,14,4,5,473
46.0,14,4,6,476
46.0,14,4,7,478
46.0,14,4,8,480
46.0,14,4,9,482
46.0,14,4,10,484
46.0,14,4,11,487
46.0,14,4,12,489
46.0,14,4,13,491
46.0,14,4,14,493
46.0,14,4,15,495
46.0,14,5,0,465
46.0,14,5,1,467
46.0,14,5,2,469
46.0,14,5,3,472
46.0,14,5,4,474
46.0,14,5,5,476
46.0,14,5,6,478
46.0,14,5,7,481
46.0,14,5,8,483
46.0,14,5,9,485
46.0,14,5,10,487
46.0,14,5,11,489
46.0,14,5,12,491
46.0,14,5,13,494
46.0,14,5,14,496
46.0,14,5,15,498
46.0,14,6,0,468
46.0,14,6,1,470
46.0,14,6,2,472
46.0,14,6,3,474
46.0,14,6,4,477
46.0,14,6,5,479
46.0,14,6,6,481
46.0,14,6,7,483
46.0,14,6,8,486
46.0,14,6,9,488
46.0,14,6,10,490
46.0,14,6,11,492
46.0,14,6,12,494
46.0,14,6,13,496
46.0,14,6,14,499
46.0,14,6,15,501
46.0,14,7,0,470
46.0,14,7,1,472
46.0,14,7,2,475
46.0,14,7,3,477
46.0,14,7,4,479
46.0,14,7,5,482
46.0,14,7,6,484
46.0,14,7,7,486
46.0,14,7,8,488
46.0,14,7,9,490
46.0,14,7,10,493
46.0,14,7,11,495
46.0,14,7,12,497
46.0,14,7,13,499
46.0,14,7,14,501
46.0,14,7,15,504
46.0,14,8,0,473
46.0,14,8,1,475
46.0,14,8,2,477
46.0,14,8,3,480
46.0,14,8,4,482
46.0,14,8,5,484
46.0,14,8,6,486
46.0,14,8,7,489
46.0,14,8,8,491
46.0,14,8,9,493
46.0,14,8,10,495
46.0,14,8,11,498
46.0,14,8,12,500
46.0,14,8,13,502
46.0,14,8,14,504
46.0,14,8,15,506
46.0,14,9,0,475
46.0,14,9,1,478
46.0,14,9,2,480
46.0,14,9,3,482
46.0,14,9,4,485
46.0,14,9,5,487
46.0,14,9,6,489
46.0,14,9,7,491
46.0,14,9,8,494
46.0,14,9,9,496
46.0,14,9,10,498
46.0,14,9,11,500
46.0,14,9,12,503
46.0,14,9,13,505
46.0,14,9,14,507
46.0,14,9,15,509
46.0,14,10,0,478
46.0,14,10,1,480
46.0,14,10,2,483
46.0,14,10,3,485
46.0,14,10,4,487
46.0,14,10,5,490
46.0,14,10,6,492
46.0,14,10,7,494
46.0,14,10,8,496
46.0,14,10,9,499
46.0,14,10,10,501
46.0,14,10,11,503
46.0,14,10,12,505
46.0,14,10,13,507
46.0,14,10,14,510
46.0,14,10,15,512
46.0,14,11,0,480
46.0,14,11,1,483
46.0,14,11,2,485
46.0,14,11,3,488
46.0,14,11,4,490
46.0,14,11,5,492
46.0,14,11,6,494
46.0,14,11,7,497
46.0,14,11,8,499
46.0,14,11,9,501
46.0,14,11,10,504
46.0,14,11,11,506
46.0,14,11,12,508
46.0,14,11,13,510
46.0,14,11,14,512
46.0,14,11,15,515
46.0,14,12,0,483
46.0,14,12,1,485
46.0,14,12,2,488
46.0,14,12,3,490
46.0,14,12,4,492
46.0,14,12,5,495
46.0,14,12,6,497
46.0,14,12,7,499
46.0,14,12,8,502
46.0,14,12,9,504
46.0,14,12,10,506
46.0,14,12,11,508
46.0,14,12,12,511
46.0,14,12,13,513
46.0,14,12,14,515
46.0,14,12,15,517
46.0,14,13,0,486
46.0,14,13,1,488
46.0,14,13,2,490
46.0,14,13,3,493
46.0,14,13,4,495
46.0,14,13,5,497
46.0,14,13,6,500
46.0,14,13,7,502
46.0,14,13,8,504
46.0,14,13,9,507
46.0,14,13,10,509
46.0,14,13,11,511
46.0,14,13,12,513
46.0,14,13,13,516
46.0,14,13,14,518
46.0,14,13,15,520
46.0,14,14,0,488
46.0,14,14,1,490
46.0,14,14,2,493
46.0,14,14,3,495
46.0,14,14,4,498
46.0,14,14,5,500
46.0,14,14,6,502
46.0,14,14,7,505
46.0,14,14,8,507
46.0,14,14,9,509
46.0,14,14,10,511
46.0,14,14,11,514
46.0,14,14,12,516
46.0,14,14,13,518
46.0,14,14,14,521
46.0,14,14,15,523
46.0,14,15,0,491
46.0,14,15,1,493
46.0,14,15,2,495
46.0,14,15,3,498
46.0,14,15,4,500
46.0,14,15,5,503
46.0,14,15,6,505
46.0,14,15,7,507
46.0,14,15,8,510
46.0,14,15,9,512
46.0,14,15,10,514
46.0,14,15,11,516
46.0,14,15,12,519
46.0,14,15,13,521
46.0,14,15,14,523
46.0,14,15,15,525
46.0,15,0,0,458
46.0,15,0,1,460
46.0,15,0,2,462
46.0,15,0,3,464
46.0,15,0,4,467
46.0,15,0,5,469
46.0,15,0,6,471
46.0,15,0,7,473
46.0,15,0,8,475
46.0,15,0,9,477
46.0,15,0,10,480
46.0,15,0,11,482
46.0,15,0,12,484
46.0,15,0,13,486
46.0,15,0,14,488
46.0,15,0,15,490
46.0,15,1,0,460
46.0,15,1,1,463
46.0,15,1,2,465
46.0,15,1,3,467
46.0,15,1,4,469
46.0,15,1,5,472
46.0,15,1,6,474
46.0,15,1,7,476
46.0,15,1,8,478
46.0,15,1,9,480
46.0,15,1,10,482
46.0,15,1,11,485
46.0,15,1,12,487
46.0,15,1,13,489
46.0,15,1,14,491
46.0,15,1,15,493
46.0,15,2,0,463
46.0,15,2,1,465
46.0,15,2,2,468
46.0,15,2,3,470
46.0,15,2,4,472
46.0,15,2,5,474
46.0,15,2,6,477
46.0,15,2,7,479
46.0,15,2,8,481
46.0,15,2,9,483
46.0,15,2,10,485
46.0,15,2,11,488
46.0,15,2,12,490
46.0,15,2,13,492
46.0,15,2,14,494
46.0,15,2,15,496
46.0,15,3,0,466
46.0,15,3,1,468
46.0,15,3,2,470
46.0,15,3,3,473
46.0,15,3,4,475
46.0,15,3,5,477
46.0,15,3,6,479
46.0,15,3,7,482
46.0,15,3,8,484
46.0,15,3,9,486
46.0,15,3,10,488
46.0,15,3,11,490
46.0,15,3,12,493
46.0,15,3,13,495
46.0,15,3,14,497
46.0,15,3,15,499
46.0,15,4,0,469
46.0,15,4,1,471
46.0,15,4,2,473
46.0,15,4,3,475
46.0,15,4,4,478
46.0,15,4,5,480
46.0,15,4,6,482
46.0,15,4,7,484
46.0,15,4,8,487
46.0,15,4,9,489
46.0,15,4,10,491
46.0,15,4,11,493
46.0,15,4,12,495
46.0,15,4,13,498
46.0,15,4,14,500
46.0,15,4,15,502
46.0,15,5,0,471
46.0,15,5,1,474
46.0,15,5,2,476
46.0,15,5,3,478
46.0,15,5,4,480
46.0,15,5,5,483
46.0,15,5,6,485
46.0,15,5,7,487
46.0,15,5,8,489
46.0,15,5,9,492
46.0,15,5,10,494
46.0,15,5,11,496
46.0,15,5,12,498
46.0,15,5,13,500
46.0,15,5,14,503
46.0,15,5,15,505
46.0,15,6,0,474
46.0,15,6,1,476
46.0,15,6,2,479
46.0,15,6,3,481
46.0,15,6,4,483
46.0,15,6,5,485
46.0,15,6,6,488
46.0,15,6,7,490
46.0,15,6,8,492
46.0,15,6,9,494
46.0,15,6,10,497
46.0,15,6,11,499
46.0,15,6,12,501
46.0,15,6,13,503
46.0,15,6,14,505
46.0,15,6,15,508
46.0,15,7,0,477
46.0,15,7,1,479
46.0,15,7,2,481
46.0,15,7,3,484
46.0,15,7,4,486
46.0,15,7,5,488
46.0,15,7,6,490
46.0,15,7,7,493
46.0,15,7,8,495
46.0,15,7,9,497
46.0,15,7,10,499
46.0,15,7,11,502
46.0,15,7,12,504
46.0,15,7,13,506
46.0,15,7,14,508
46.0,15,7,15,510
46.0,15,8,0,479
46.0,15,8,1,482
46.0,15,8,2,484
46.0,15,8,3,486
46.0,15,8,4,489
46.0,15,8,5,491
46.0,15,8,6,493
46.0,15,8,7,495
46.0,15,8,8,498
46.0,15,8,9,500
46.0,15,8,10,502
46.0,15,8,11,504
46.0,15,8,12,507
46.0,15,8,13,509
46.0,15,8,14,511
46.0,15,8,15,513
46.0,15,9,0,482
46.0,15,9,1,484
46.0,15,9,2,487
46.0,15,9,3,489
46.0,15,9,4,491
46.0,15,9,5,494
46.0,15,9,6,496
46.0,15,9,7,498
46.0,15,9,8,500
46.0,15,9,9,503
46.0,15,9,10,505
46.0,15,9,11,507
46.0,15,9,12,509
46.0,15,9,13,512
46.0,15,9,14,514
46.0,15,9,15,516
46.0,15,10,0,484
46.0,15,10,1,487
46.0,15,10,2,489
46.0,15,10,3,492
46.0,15,10,4,494
46.0,15,10,5,496
46.0,15,10,6,499
46.0,15,10,7,501
46.0,15,10,8,503
46.0,15,10,9,505
46.0,15,10,10,508
46.0,15,10,11,510
46.0,15,10,12,512
46.0,15,10,13,514
46.0,15,10,14,517
46.0,15,10,15,519
46.0,15,11,0,487
46.0,15,11,1,489
46.0,15,11,2,492
46.0,15,11,3,494
46.0,15,11,4,497
46.0,15,11,5,499
46.0,15,11,6,501
46.0,15,11,7,504
46.0,15,11,8,506
46.0,15,11,9,508
46.0,15,11,10,510
46.0,15,11,11,513
46.0,15,11,12,515
46.0,15,11,13,517
46.0,15,11,14,519
46.0,15,11,15,522
46.0,15,12,0,490
46.0,15,12,1,492
46.0,15,12,2,494
46.0,15,12,3,497
46.0,15,12,4,499
46.0,15,12,5,502
46.0,15,12,6,504
46.0,15,12,7,506
46.0,15,12,8,509
46.0,15,12,9,511
46.0,15,12,10,513
46.0,15,12,11,515
46.0,15,12,12,518
46.0,15,12,13,520
46.0,15,12,14,522
46.0,15,12,15,524
46.0,15,13,0,492
46.0,15,13,1,495
46.0,15,13,2,497
46.0,15,13,3,499
46.0,15,13,4,502
46.0,15,13,5,504
46.0,15,13,6,507
46.0,15,13,7,509
46.0,15,13,8,511
46.0,15,13,9,514
46.0,15,13,10,516
46.0,15,13,11,518
46.0,15,13,12,520
46.0,15,13,13,523
46.0,15,13,14,525
46.0,15,13,15,527
46.0,15,14,0,495
46.0,15,14,1,497
46.0,15,14,2,500
46.0,15,14,3,502
46.0,15,14,4,504
46.0,15,14,5,507
46.0,15,14,6,509
46.0,15,14,7,512
46.0,15,14,8,514
46.0,15,14,9,516
46.0,15,14,10,519
46.0,15,14,11,521
46.0,15,14,12,523
46.0,15,14,13,525
46.0,15,14,14,528
46.0,15,14,15,530
46.0,15,15,0,497
46.0,15,15,1,500
46.0,15,15,2,502
46.0,15,15,3,505
46.0,15,15,4,507
46.0,15,15,5,509
46.0,15,15,6,512
46.0,15,15,7,514
46.0,15,15,8,516
46.0,15,15,9,519
46.0,15,15,10,521
46.0,15,15,11,523
46.0,15,15,12,526
46.0,15,15,13,528
46.0,15,15,14,530
46.0,15,15,15,533
46.5,0,0,0,367
46.5,0,0,1,369
46.5,0,0,2,371
46.5,0,0,3,372
46.5,0,0,4,374
46.5,0,0,5,376
46.5,0,0,6,378
46.5,0,0,7,379
46.5,0,0,8,381
46.5,0,0,9,383
46.5,0,0,10,385
46.5,0,0,11,386
46.5,0,0,12,388
46.5,0,0,13,390
46.5,0,0,14,391
46.5,0,0,15,393
46.5,0,1,0,369
46.5,0,1,1,371
46.5,0,1,2,373
46.5,0,1,3,375
46.5,0,1,4,376
46.5,0,1,5,378
46.5,0,1,6,380
46.5,0,1,7,382
46.5,0,1,8,383
46.5,0,1,9,385
46.5,0,1,10,387
46.5,0,1,11,389
46.5,0,1,12,390
46.5,0,1,13,392
46.5,0,1,14,394
46.5,0,1,15,395
46.5,0,2,0,371
46.5,0,2,1,373
46.5,0,2,2,375
46.5,0,2,3,377
46.5,0,2,4,379
46.5,0,2,5,380
46.5,0,2,6,382
46.5,0,2,7,384
46.5,0,2,8,386
46.5,0,2,9,387
46.5,0,2,10,389
46.5,0,2,11,391
46.5,0,2,12,393
46.5,0,2,13,394
46.5,0,2,14,396
46.5,0,2,15,398
46.5,0,3,0,374
46.5,0,3,1,375
46.5,0,3,2,377
46.5,0,3,3,379
46.5,0,3,4,381
46.5,0,3,5,383
46.5,0,3,6,384
46.5,0,3,7,386
46.5,0,3,8,388
46.5,0,3,9,390
46.5,0,3,10,392
46.5,0,3,11,393
46.5,0,3,12,395
46.5,0,3,13,397
46.5,0,3,14,398
46.5,0,3,15,400
46.5,0,4,0,376
46.5,0,4,1,378
46.5,0,4,2,379
46.5,0,4,3,381
46.5,0,4,4,383
46.5,0,4,5,385
46.5,0,4,6,387
46.5,0,4,7,388
46.5,0,4,8,390
46.5,0,4,9,392
46.5,0,4,10,394
46.5,0,4,11,396
46.5,0,4,12,397
46.5,0,4,13,399
46.5,0,4,14,401
46.5,0,4,15,402
46.5,0,5,0,378
46.5,0,5,1,380
46.5,0,5,2,382
46.5,0,5,3,383
46.5,0,5,4,385
46.5,0,5,5,387
46.5,0,5,6,389
46.5,0,5,7,391
46.5,0,5,8,392
46.5,0,5,9,394
46.5,0,5,10,396
46.5,0,5,11,398
46.5,0,5,12,400
46.5,0,5,13,401
46.5,0,5,14,403
46.5,0,5,15,405
46.5,0,6,0,380
46.5,0,6,1,382
46.5,0,6,2,384
46.5,0,6,3,386
46.5,0,6,4,387
46.5,0,6,5,389
46.5,0,6,6,391
46.5,0,6,7,393
46.5,0,6,8,395
46.5,0,6,9,397
46.5,0,6,10,398
46.5,0,6,11,400
46.5,0,6,12,402
46.5,0,6,13,404
46.5,0,6,14,405
46.5,0,6,15,407
46.5,0,7,0,382
46.5,0,7,1,384
46.5,0,7,2,386
46.5,0,7,3,388
46.5,0,7,4,390
46.5,0,7,5,391
46.5,0,7,6,393
46.5,0,7,7,395
46.5,0,7,8,397
46.5,0,7,9,399
46.5,0,7,10,401
46.5,0,7,11,402
46.5,0,7,12,404
46.5,0,7,13,406
46.5,0,7,14,408
46.5,0,7,15,409
46.5,0,8,0,384
46.5,0,8,1,386
46.5,0,8,2,388
46.5,0,8,3,390
46.5,0,8,4,392
46.5,0,8,5,394
46.5,0,8,6,395
46.5,0,8,7,397
46.5,0,8,8,399
46.5,0,8,9,401
46.5,0,8,10,403
46.5,0,8,11,405
46.5,0,8,12,406
46.5,0,8,13,408
46.5,0,8,14,410
46.5,0,8,15,412
46.5,0,9,0,386
46.5,0,9,1,388
46.5,0,9,2,390
46.5,0,9,3,392
46.5,0,9,4,394
46.5,0,9,5,396
46.5,0,9,6,398
46.5,0,9,7,399
46.5,0,9,8,401
46.5,0,9,9,403
46.5,0,9,10,405
46.5,0,9,11,407
46.5,0,9,12,409
46.5,0,9,13,410
46.5,0,9,14,412
46.5,0,9,15,414
46.5,0,10,0,389
46.5,0,10,1,390
46.5,0,10,2,392
46.5,0,10,3,394
46.5,0,10,4,396
46.5,0,10,5,398
46.5,0,10,6,400
46.5,0,10,7,402
46.5,0,10,8,403
46.5,0,10,9,405
46.5,0,10,10,407
46.5,0,10,11,409
46.5,0,10,12,411
46.5,0,10,13,413
46.5,0,10,14,414
46.5,0,10,15,416
46.5,0,11,0,391
46.5,0,11,1,393
46.5,0,11,2,394
46.5,0,11,3,396
46.5,0,11,4,398
46.5,0,11,5,400
46.5,0,11,6,402
46.5,0,11,7,404
46.5,0,11,8,406
46.5,0,11,9,408
46.5,0,11,10,409
46.5,0,11,11,411
46.5,0,11,12,413
46.5,0,11,13,415
46.5,0,11,14,417
46.5,0,11,15,418
46.5,0,12,0,393
46.5,0,12,1,395
46.5,0,12,2,397
46.5,0,12,3,398
46.5,0,12,4,400
46.5,0,12,5,402
46.5,0,12,6,404
46.5,0,12,7,406
46.5,0,12,8,408
46.5,0,12,9,410
46.5,0,12,10,412
46.5,0,12,11,413
46.5,0,12,12,415
46.5,0,12,13,417
46.5,0,12,14,419
46.5,0,12,15,421
46.5,0,13,0,395
46.5,0,13,1,397
46.5,0,13,2,399
46.5,0,13,3,401
46.5,0,13,4,402
46.5,0,13,5,404
46.5,0,13,6,406
46.5,0,13,7,408
46.5,0,13,8,410
46.5,0,13,9,412
46.5,0,13,10,414
46.5,0,13,11,416
46.5,0,13,12,417
46.5,0,13,13,419
46.5,0,13,14,421
46.5,0,13,15,423
46.5,0,14,0,397
46.5,0,14,1,399
46.5,0,14,2,401
46.5,0,14,3,403
46.5,0,14,4,405
46.5,0,14,5,406
46.5,0,14,6,408
46.5,0,14,7,410
46.5,0,14,8,412
46.5,0,14,9,414
46.5,0,14,10,416
46.5,0,14,11,418
46.5,0,14,12,420
46.5,0,14,13,421
46.5,0,14,14,423
46.5,0,14,15,425
46.5,0,15,0,399
46.5,0,15,1,401
46.5,0,15,2,403
46.5,0,15,3,405
46.5,0,15,4,407
46.5,0,15,5,409
46.5,0,15,6,410
46.5,0,15,7,412
46.5,0,15,8,414
46.5,0,15,9,416
46.5,0,15,10,418
46.5,0,15,11,420
46.5,0,15,12,422
46.5,0,15,13,424
46.5,0,15,14,425
46.5,0,15,15,427
46.5,1,0,0,373
46.5,1,0,1,375
46.5,1,0,2,377
46.5,1,0,3,379
46.5,1,0,4,381
46.5,1,0,5,382
46.5,1,0,6,384
46.5,1,0,7,386
46.5,1,0,8,388
46.5,1,0,9,389
46.5,1,0,10,391
46.5,1,0,11,393
46.5,1,0,12,395
46.5,1,0,13,396
46.5,1,0,14,398
46.5,1,0,15,400
46.5,1,1,0,375
46.5,1,1,1,377
46.5,1,1,2,379
46.5,1,1,3,381
46.5,1,1,4,383
46.5,1,1,5,385
46.5,1,1,6,386
46.5,1,1,7,388
46.5,1,1,8,390
46.5,1,1,9,392
46.5,1,1,10,393
46.5,1,1,11,395
46.5,1,1,12,397
46.5,1,1,13,399
46.5,1,1,14,400
46.5,1,1,15,402
46.5,1,2,0,378
46.5,1,2,1,380
46.5,1,2,2,381
46.5,1,2,3,383
46.5,1,2,4,385
46.5,1,2,5,387
46.5,1,2,6,389
46.5,1,2,7,390
46.5,1,2,8,392
46.5,1,2,9,394
46.5,1,2,10,396
46.5,1,2,11,398
46.5,1,2,12,399
46.5,1,2,13,401
46.5,1,2,14,403
46.5,1,2,15,405
46.5,1,3,0,380
46.5,1,3,1,382
46.5,1,3,2,384
46.5,1,3,3,385
46.5,1,3,4,387
46.5,1,3,5,389
46.5,1,3,6,391
46.5,1,3,7,393
46.5,1,3,8,395
46.5,1,3,9,396
46.5,1,3,10,398
46.5,1,3,11,400
46.5,1,3,12,402
46.5,1,3,13,403
46.5,1,3,14,405
46.5,1,3,15,407
46.5,1,4,0,382
46.5,1,4,1,384
46.5,1,4,2,386
46.5,1,4,3,388
46.5,1,4,4,390
46.5,1,4,5,391
46.5,1,4,6,393
46.5,1,4,7,395
46.5,1,4,8,397
46.5,1,4,9,399
46.5,1,4,10,400
46.5,1,4,11,402
46.5,1,4,12,404
46.5,1,4,13,406
46.5,1,4,14,408
46.5,1,4,15,409
46.5,1,5,0,384
46.5,1,5,1,386
46.5,1,5,2,388
46.5,1,5,3,390
46.5,1,5,4,392
46.5,1,5,5,394
46.5,1,5,6,395
46.5,1,5,7,397
46.5,1,5,8,399
46.5,1,5,9,401
46.5,1,5,10,403
46.5,1,5,11,405
46.5,1,5,12,406
46.5,1,5,13,408
46.5,1,5,14,410
46.5,1,5,15,412
46.5,1,6,0,387
46.5,1,6,1,388
46.5,1,6,2,390
46.5,1,6,3,392
46.5,1,6,4,394
46.5,1,6,5,396
46.5,1,6,6,398
46.5,1,6,7,400
46.5,1,6,8,401
46.5,1,6,9,403
46.5,1,6,10,405
46.5,1,6,11,407
46.5,1,6,12,409
46.5,1,6,13,410
46.5,1,6,14,412
46.5,1,6,15,414
46.5,1,7,0,389
46.5,1,7,1,391
46.5,1,7,2,392
46.5,1,7,3,394
46.5,1,7,4,396
46.5,1,7,5,398
46.5,1,7,6,400
46.5,1,7,7,402
46.5,1,7,8,404
46.5,1,7,9,405
46.5,1,7,10,407
46.5,1,7,11,409
46.5,1,7,12,411
46.5,1,7,13,413
46.5,1,7,14,415
46.5,1,7,15,416
46.5,1,8,0,391
46.5,1,8,1,393
46.5,1,8,2,395
46.5,1,8,3,397
46.5,1,8,4,398
46.5,1,8,5,400
46.5,1,8,6,402
46.5,1,8,7,404
46.5,1,8,8,406
46.5,1,8,9,408
46.5,1,8,10,410
46.5,1,8,11,411
46.5,1,8,12,413
46.5,1,8,13,415
46.5,1,8,14,417
46.5,1,8,15,419
46.5,1,9,0,393
46.5,1,9,1,395
46.5,1,9,2,397
46.5,1,9,3,399
46.5,1,9,4,401
46.5,1,9,5,403
46.5,1,9,6,404
46.5,1,9,7,406
46.5,1,9,8,408
46.5,1,9,9,410
46.5,1,9,10,412
46.5,1,9,11,414
46.5,1,9,12,415
46.5,1,9,13,417
46.5,1,9,14,419
46.5,1,9,15,421
46.5,1,10,0,395
46.5,1,10,1,397
46.5,1,10,2,399
46.5,1,10,3,401
46.5,1,10,4,403
46.5,1,10,5,405
46.5,1,10,6,407
46.5,1,10,7,408
46.5,1,10,8,410
46.5,1,10,9,412
46.5,1,10,10,414
46.5,1,10,11,416
46.5,1,10,12,418
46.5,1,10,13,420
46.5,1,10,14,421
46.5,1,10,15,423
46.5,1,11,0,397
46.5,1,11,1,399
46.5,1,11,2,401
46.5,1,11,3,403
46.5,1,11,4,405
46.5,1,11,5,407
46.5,1,11,6,409
46.5,1,11,7,411
46.5,1,11,8,413
46.5,1,11,9,414
46.5,1,11,10,416
46.5,1,11,11,418
46.5,1,11,12,420
46.5,1,11,13,422
46.5,1,11,14,424
46.5,1,11,15,425
46.5,1,12,0,399
46.5,1,12,1,401
46.5,1,12,2,403
46.5,1,12,3,405
46.5,1,12,4,407
46.5,1,12,5,409
46.5,1,12,6,411
46.5,1,12,7,413
46.5,1,12,8,415
46.5,1,12,9,417
46.5,1,12,10,418
46.5,1,12,11,420
46.5,1,12,12,422
46.5,1,12,13,424
46.5,1,12,14,426
46.5,1,12,15,428
46.5,1,13,0,401
46.5,1,13,1,403
46.5,1,13,2,405
46.5,1,13,3,407
46.5,1,13,4,409
46.5,1,13,5,411
46.5,1,13,6,413
46.5,1,13,7,415
46.5,1,13,8,417
46.5,1,13,9,419
46.5,1,13,10,421
46.5,1,13,11,423
46.5,1,13,12,424
46.5,1,13,13,426
46.5,1,13,14,428
46.5,1,13,15,430
46.5,1,14,0,404
46.5,1,14,1,406
46.5,1,14,2,407
46.5,1,14,3,409
46.5,1,14,4,411
46.5,1,14,5,413
46.5,1,14,6,415
46.5,1,14,7,417
46.5,1,14,8,419
46.5,1,14,9,421
46.5,1,14,10,423
46.5,1,14,11,425
46.5,1,14,12,427
46.5,1,14,13,429
46.5,1,14,14,430
46.5,1,14,15,432
46.5,1,15,0,406
46.5,1,15,1,408
46.5,1,15,2,410
46.5,1,15,3,412
46.5,1,15,4,414
46.5,1,15,5,415
46.5,1,15,6,417
46.5,1,15,7,419
46.5,1,15,8,421
46.5,1,15,9,423
46.5,1,15,10,425
46.5,1,15,11,427
46.5,1,15,12,429
46.5,1,15,13,431
46.5,1,15,14,433
46.5,1,15,15,434
46.5,2,0,0,379
46.5,2,0,1,381
46.5,2,0,2,383
46.5,2,0,3,385
46.5,2,0,4,387
46.5,2,0,5,389
46.5,2,0,6,390
46.5,2,0,7,392
46.5,2,0,8,394
46.5,2,0,9,396
46.5,2,0,10,398
46.5,2,0,11,399
46.5,2,0,12,401
46.5,2,0,13,403
46.5,2,0,14,405
46.5,2,0,15,406
46.5,2,1,0,382
46.5,2,1,1,384
46.5,2,1,2,385
46.5,2,1,3,387
46.5,2,1,4,389
46.5,2,1,5,391
46.5,2,1,6,393
46.5,2,1,7,395
46.5,2,1,8,396
46.5,2,1,9,398
46.5,2,1,10,400
46.5,2,1,11,402
46.5,2,1,12,404
46.5,2,1,13,405
46.5,2,1,14,407
46.5,2,1,15,409
46.5,2,2,0,384
46.5,2,2,1,386
46.5,2,2,2,388
46.5,2,2,3,390
46.5,2,2,4,391
46.5,2,2,5,393
46.5,2,2,6,395
46.5,2,2,7,397
46.5,2,2,8,399
46.5,2,2,9,401
46.5,2,2,10,402
46.5,2,2,11,404
46.5,2,2,12,406
46.5,2,2,13,408
46.5,2,2,14,410
46.5,2,2,15,411
46.5,2,3,0,386
46.5,2,3,1,388
46.5,2,3,2,390
46.5,2,3,3,392
46.5,2,3,4,394
46.5,2,3,5,396
46.5,2,3,6,397
46.5,2,3,7,399
46.5,2,3,8,401
46.5,2,3,9,403
46.5,2,3,10,405
46.5,2,3,11,407
46.5,2,3,12,408
46.5,2,3,13,410
46.5,2,3,14,412
46.5,2,3,15,414
46.5,2,4,0,389
46.5,2,4,1,390
46.5,2,4,2,392
46.5,2,4,3,394
46.5,2,4,4,396
46.5,2,4,5,398
46.5,2,4,6,400
46.5,2,4,7,402
46.5,2,4,8,403
46.5,2,4,9,405
46.5,2,4,10,407
46.5,2,4,11,409
46.5,2,4,12,411
46.5,2,4,13,413
46.5,2,4,14,414
46.5,2,4,15,416
46.5,2,5,0,391
46.5,2,5,1,393
46.5,2,5,2,395
46.5,2,5,3,396
46.5,2,5,4,398
46.5,2,5,5,400
46.5,2,5,6,402
46.5,2,5,7,404
46.5,2,5,8,406
46.5,2,5,9,408
46.5,2,5,10,409
46.5,2,5,11,411
46.5,2,5,12,413
46.5,2,5,13,415
46.5,2,5,14,417
46.5,2,5,15,419
46.5,2,6,0,393
46.5,2,6,1,395
46.5,2,6,2,397
46.5,2,6,3,399
46.5,2,6,4,401
46.5,2,6,5,403
46.5,2,6,6,404
46.5,2,6,7,406
46.5,2,6,8,408
46.5,2,6,9,410
46.5,2,6,10,412
46.5,2,6,11,414
46.5,2,6,12,415
46.5,2,6,13,417
46.5,2,6,14,419
46.5,2,6,15,421
46.5,2,7,0,395
46.5,2,7,1,397
46.5,2,7,2,399
46.5,2,7,3,401
46.5,2,7,4,403
46.5,2,7,5,405
46.5,2,7,6,407
46.5,2,7,7,409
46.5,2,7,8,410
46.5,2,7,9,412
46.5,2,7,10,414
46.5,2,7,11,416
46.5,2,7,12,418
46.5,2,7,13,420
46.5,2,7,14,421
46.5,2,7,15,423
46.5,2,8,0,397
46.5,2,8,1,399
46.5,2,8,2,401
46.5,2,8,3,403
46.5,2,8,4,405
46.5,2,8,5,407
46.5,2,8,6,409
46.5,2,8,7,411
46.5,2,8,8,413
46.5,2,8,9,415
46.5,2,8,10,416
46.5,2,8,11,418
46.5,2,8,12,420
46.5,2,8,13,422
46.5,2,8,14,424
46.5,2,8,15,426
46.5,2,9,0,400
46.5,2,9,1,402
46.5,2,9,2,403
46.5,2,9,3,405
46.5,2,9,4,407
46.5,2,9,5,409
46.5,2,9,6,411
46.5,2,9,7,413
46.5,2,9,8,415
46.5,2,9,9,417
46.5,2,9,10,419
46.5,2,9,11,421
46.5,2,9,12,422
46.5,2,9,13,424
46.5,2,9,14,426
46.5,2,9,15,428
46.5,2,10,0,402
46.5,2,10,1,404
46.5,2,10,2,406
46.5,2,10,3,408
46.5,2,10,4,410
46.5,2,10,5,411
46.5,2,10,6,413
46.5,2,10,7,415
46.5,2,10,8,417
46.5,2,10,9,419
46.5,2,10,10,421
46.5,2,10,11,423
46.5,2,10,12,425
46.5,2,10,13,427
46.5,2,10,14,428
46.5,2,10,15,430
46.5,2,11,0,404
46.5,2,11,1,406
46.5,2,11,2,408
46.5,2,11,3,410
46.5,2,11,4,412
46.5,2,11,5,414
46.5,2,11,6,416
46.5,2,11,7,418
46.5,2,11,8,419
46.5,2,11,9,421
46.5,2,11,10,423
46.5,2,11,11,425
46.5,2,11,12,427
46.5,2,11,13,429
46.5,2,11,14,431
46.5,2,11,15,433
46.5,2,12,0,406
46.5,2,12,1,408
46.5,2,12,2,410
46.5,2,12,3,412
46.5,2,12,4,414
46.5,2,12,5,416
46.5,2,12,6,418
46.5,2,12,7,420
46.5,2,12,8,422
46.5,2,12,9,424
46.5,2,12,10,425
46.5,2,12,11,427
46.5,2,12,12,429
46.5,2,12,13,431
46.5,2,12,14,433
46.5,2,12,15,435
46.5,2,13,0,408
46.5,2,13,1,410
46.5,2,13,2,412
46.5,2,13,3,414
46.5,2,13,4,416
46.5,2,13,5,418
46.5,2,13,6,420
46.5,2,13,7,422
46.5,2,13,8,424
46.5,2,13,9,426
46.5,2,13,10,428
46.5,2,13,11,430
46.5,2,13,12,432
46.5,2,13,13,433
46.5,2,13,14,435
46.5,2,13,15,437
46.5,2,14,0,410
46.5,2,14,1,412
46.5,2,14,2,414
46.5,2,14,3,416
46.5,2,14,4,418
46.5,2,14,5,420
46.5,2,14,6,422
46.5,2,14,7,424
46.5,2,14,8,426
46.5,2,14,9,428
46.5,2,14,10,430
46.5,2,14,11,432
46.5,2,14,12,434
46.5,2,14,13,436
46.5,2,14,14,438
46.5,2,14,15,439
46.5,2,15,0,412
46.5,2,15,1,414
46.5,2,15,2,416
46.5,2,15,3,418
46.5,2,15,4,420
46.5,2,15,5,422
46.5,2,15,6,424
46.5,2,15,7,426
46.5,2,15,8,428
46.5,2,15,9,430
46.5,2,15,10,432
46.5,2,15,11,434
46.5,2,15,12,436
46.5,2,15,13,438
46.5,2,15,14,440
46.5,2,15,15,442
46.5,3,0,0,386
46.5,3,0,1,388
46.5,3,0,2,389
46.5,3,0,3,391
46.5,3,0,4,393
46.5,3,0,5,395
46.5,3,0,6,397
46.5,3,0,7,399
46.5,3,0,8,401
46.5,3,0,9,402
46.5,3,0,10,404
46.5,3,0,11,406
46.5,3,0,12,408
46.5,3,0,13,410
46.5,3,0,14,411
46.5,3,0,15,413
46.5,3,1,0,388
46.5,3,1,1,390
46.5,3,1,2,392
46.5,3,1,3,394
46.5,3,1,4,396
46.5,3,1,5,397
46.5,3,1,6,399
46.5,3,1,7,401
46.5,3,1,8,403
46.5,3,1,9,405
46.5,3,1,10,407
46.5,3,1,11,408
46.5,3,1,12,410
46.5,3,1,13,412
46.5,3,1,14,414
46.5,3,1,15,416
46.5,3,2,0,390
46.5,3,2,1,392
46.5,3,2,2,394
46.5,3,2,3,396
46.5,3,2,4,398
46.5,3,2,5,400
46.5,3,2,6,402
46.5,3,2,7,404
46.5,3,2,8,405
46.5,3,2,9,407
46.5,3,2,10,409
46.5,3,2,11,411
46.5,3,2,12,413
46.5,3,2,13,414
46.5,3,2,14,416
46.5,3,2,15,418
46.5,3,3,0,393
46.5,3,3,1,395
46.5,3,3,2,396
46.5,3,3,3,398
46.5,3,3,4,400
46.5,3,3,5,402
46.5,3,3,6,404
46.5,3,3,7,406
46.5,3,3,8,408
46.5,3,3,9,410
46.5,3,3,10,411
46.5,3,3,11,413
46.5,3,3,12,415
46.5,3,3,13,417
46.5,3,3,14,419
46.5,3,3,15,421
46.5,3,4,0,395
46.5,3,4,1,397
46.5,3,4,2,399
46.5,3,4,3,401
46.5,3,4,4,403
46.5,3,4,5,404
46.5,3,4,6,406
46.5,3,4,7,408
46.5,3,4,8,410
46.5,3,4,9,412
46.5,3,4,10,414
46.5,3,4,11,416
46.5,3,4,12,418
46.5,3,4,13,419
46.5,3,4,14,421
46.5,3,4,15,423
46.5,3,5,0,397
46.5,3,5,1,399
46.5,3,5,2,401
46.5,3,5,3,403
46.5,3,5,4,405
46.5,3,5,5,407
46.5,3,5,6,409
46.5,3,5,7,411
46.5,3,5,8,412
46.5,3,5,9,414
46.5,3,5,10,416
46.5,3,5,11,418
46.5,3,5,12,420
46.5,3,5,13,422
46.5,3,5,14,424
46.5,3,5,15,425
46.5,3,6,0,399
46.5,3,6,1,401
46.5,3,6,2,403
46.5,3,6,3,405
46.5,3,6,4,407
46.5,3,6,5,409
46.5,3,6,6,411
46.5,3,6,7,413
46.5,3,6,8,415
46.5,3,6,9,417
46.5,3,6,10,419
46.5,3,6,11,420
46.5,3,6,12,422
46.5,3,6,13,424
46.5,3,6,14,426
46.5,3,6,15,428
46.5,3,7,0,402
46.5,3,7,1,404
46.5,3,7,2,406
46.5,3,7,3,408
46.5,3,7,4,409
46.5,3,7,5,411
46.5,3,7,6,413
46.5,3,7,7,415
46.5,3,7,8,417
46.5,3,7,9,419
46.5,3,7,10,421
46.5,3,7,11,423
46.5,3,7,12,425
46.5,3,7,13,427
46.5,3,7,14,428
46.5,3,7,15,430
46.5,3,8,0,404
46.5,3,8,1,406
46.5,3,8,2,408
46.5,3,8,3,410
46.5,3,8,4,412
46.5,3,8,5,414
46.5,3,8,6,416
46.5,3,8,7,418
46.5,3,8,8,419
46.5,3,8,9,421
46.5,3,8,10,423
46.5,3,8,11,425
46.5,3,8,12,427
46.5,3,8,13,429
46.5,3,8,14,431
46.5,3,8,15,433
46.5,3,9,0,406
46.5,3,9,1,408
46.5,3,9,2,410
46.5,3,9,3,412
46.5,3,9,4,414
46.5,3,9,5,416
46.5,3,9,6,418
46.5,3,9,7,420
46.5,3,9,8,422
46.5,3,9,9,424
46.5,3,9,10,426
46.5,3,9,11,427
46.5,3,9,12,429
46.5,3,9,13,431
46.5,3,9,14,433
46.5,3,9,15,435
46.5,3,10,0,408
46.5,3,10,1,410
46.5,3,10,2,412
46.5,3,10,3,414
46.5,3,10,4,416
46.5,3,10,5,418
46.5,3,10,6,420
46.5,3,10,7,422
46.5,3,10,8,424
46.5,3,10,9,426
46.5,3,10,10,428
46.5,3,10,11,430
46.5,3,10,12,432
46.5,3,10,13,434
46.5,3,10,14,435
46.5,3,10,15,437
46.5,3,11,0,411
46.5,3,11,1,413
46.5,3,11,2,415
46.5,3,11,3,417
46.5,3,11,4,418
46.5,3,11,5,420
46.5,3,11,6,422
46.5,3,11,7,424
46.5,3,11,8,426
46.5,3,11,9,428
46.5,3,11,10,430
46.5,3,11,11,432
46.5,3,11,12,434
46.5,3,11,13,436
46.5,3,11,14,438
46.5,3,11,15,440
46.5,3,12,0,413
46.5,3,12,1,415
46.5,3,12,2,417
46.5,3,12,3,419
46.5,3,12,4,421
46.5,3,12,5,423
46.5,3,12,6,425
46.5,3,12,7,427
46.5,3,12,8,429
46.5,3,12,9,431
46.5,3,12,10,432
46.5,3,12,11,434
46.5,3,12,12,436
46.5,3,12,13,438
46.5,3,12,14,440
46.5,3,12,15,442
46.5,3,13,0,415
46.5,3,13,1,417
46.5,3,13,2,419
46.5,3,13,3,421
46.5,3,13,4,423
46.5,3,13,5,425
46.5,3,13,6,427
46.5,3,13,7,429
46.5,3,13,8,431
46.5,3,13,9,433
46.5,3,13,10,435
46.5,3,13,11,437
46.5,3,13,12,439
46.5,3,13,13,441
46.5,3,13,14,442
46.5,3,13,15,444
46.5,3,14,0,417
46.5,3,14,1,419
46.5,3,14,2,421
46.5,3,14,3,423
46.5,3,14,4,425
46.5,3,14,5,427
46.5,3,14,6,429
46.5,3,14,7,431
46.5,3,14,8,433
46.5,3,14,9,435
46.5,3,14,10,437
46.5,3,14,11,439
46.5,3,14,12,441
46.5,3,14,13,443
46.5,3,14,14,445
46.5,3,14,15,447
46.5,3,15,0,419
46.5,3,15,1,421
46.5,3,15,2,423
46.5,3,15,3,425
46.5,3,15,4,427
46.5,3,15,5,429
46.5,3,15,6,431
46.5,3,15,7,433
46.5,3,15,8,435
46.5,3,15,9,437
46.5,3,15,10,439
46.5,3,15,11,441
46.5,3,15,12,443
46.5,3,15,13,445
46.5,3,15,14,447
46.5,3,15,15,449
46.5,4,0,0,392
46.5,4,0,1,394
46.5,4,0,2,396
46.5,4,0,3,398
46.5,4,0,4,400
46.5,4,0,5,401
46.5,4,0,6,403
46.5,4,0,7,405
46.5,4,0,8,407
46.5,4,0,9,409
46.5,4,0,10,411
46.5,4,0,11,413
46.5,4,0,12,414
46.5,4,0,13,416
46.5,4,0,14,418
46.5,4,0,15,420
46.5,4,1,0,394
46.5,4,1,1,396
46.5,4,1,2,398
46.5,4,1,3,400
46.5,4,1,4,402
46.5,4,1,5,404
46.5,4,1,6,406
46.5,4,1,7,408
46.5,4,1,8,409
46.5,4,1,9,411
46.5,4,1,10,413
46.5,4,1,11,415
46.5,4,1,12,417
46.5,4,1,13,419
46.5,4,1,14,421
46.5,4,1,15,422
46.5,4,2,0,397
46.5,4,2,1,399
46.5,4,2,2,401
46.5,4,2,3,402
46.5,4,2,4,404
46.5,4,2,5,406
46.5,4,2,6,408
46.5,4,2,7,410
46.5,4,2,8,412
46.5,4,2,9,414
46.5,4,2,10,416
46.5,4,2,11,418
46.5,4,2,12,419
46.5,4,2,13,421
46.5,4,2,14,423
46.5,4,2,15,425
46.5,4,3,0,399
46.5,4,3,1,401
46.5,4,3,2,403
46.5,4,3,3,405
46.5,4,3,4,407
46.5,4,3,5,409
46.5,4,3,6,411
46.5,4,3,7,412
46.5,4,3,8,414
46.5,4,3,9,416
46.5,4,3,10,418
46.5,4,3,11,420
46.5,4,3,12,422
46.5,4,3,13,424
46.5,4,3,14,425
46.5,4,3,15,427
46.5,4,4,0,401
46.5,4,4,1,403
46.5,4,4,2,405
46.5,4,4,3,407
46.5,4,4,4,409
46.5,4,4,5,411
46.5,4,4,6,413
46.5,4,4,7,415
46.5,4,4,8,417
46.5,4,4,9,419
46.5,4,4,10,421
46.5,4,4,11,422
46.5,4,4,12,424
46.5,4,4,13,426
46.5,4,4,14,428
46.5,4,4,15,430
46.5,4,5,0,404
46.5,4,5,1,406
46.5,4,5,2,408
46.5,4,5,3,409
46.5,4,5,4,411
46.5,4,5,5,413
46.5,4,5,6,415
46.5,4,5,7,417
46.5,4,5,8,419
46.5,4,5,9,421
46.5,4,5,10,423
46.5,4,5,11,425
46.5,4,5,12,427
46.5,4,5,13,429
46.5,4,5,14,430
46.5,4,5,15,432
46.5,4,6,0,406
46.5,4,6,1,408
46.5,4,6,2,410
46.5,4,6,3,412
46.5,4,6,4,414
46.5,4,6,5,416
46.5,4,6,6,418
46.5,4,6,7,420
46.5,4,6,8,422
46.5,4,6,9,423
46.5,4,6,10,425
46.5,4,6,11,427
46.5,4,6,12,429
46.5,4,6,13,431
46.5,4,6,14,433
46.5,4,6,15,435
46.5,4,7,0,408
46.5,4,7,1,410
46.5,4,7,2,412
46.5,4,7,3,414
46.5,4,7,4,416
46.5,4,7,5,418
46.5,4,7,6,420
46.5,4,7,7,422
46.5,4,7,8,424
46.5,4,7,9,426
46.5,4,7,10,428
46.5,4,7,11,430
46.5,4,7,12,432
46.5,4,7,13,433
46.5,4,7,14,435
46.5,4,7,15,437
46.5,4,8,0,410
46.5,4,8,1,412
46.5,4,8,2,414
46.5,4,8,3,416
46.5,4,8,4,418
46.5,4,8,5,420
46.5,4,8,6,422
46.5,4,8,7,424
46.5,4,8,8,426
46.5,4,8,9,428
46.5,4,8,10,430
46.5,4,8,11,432
46.5,4,8,12,434
46.5,4,8,13,436
46.5,4,8,14,438
46.5,4,8,15,440
46.5,4,9,0,413
46.5,4,9,1,415
46.5,4,9,2,417
46.5,4,9,3,419
46.5,4,9,4,421
46.5,4,9,5,423
46.5,4,9,6,425
46.5,4,9,7,427
46.5,4,9,8,429
46.5,4,9,9,431
46.5,4,9,10,432
46.5,4,9,11,434
46.5,4,9,12,436
46.5,4,9,13,438
46.5,4,9,14,440
46.5,4,9,15,442
46.5,4,10,0,415
46.5,4,10,1,417
46.5,4,10,2,419
46.5,4,10,3,421
46.5,4,10,4,423
46.5,4,10,5,425
46.5,4,10,6,427
46.5,4,10,7,429
46.5,4,10,8,431
46.5,4,10,9,433
46.5,4,10,10,435
46.5,4,10,11,437
46.5,4,10,12,439
46.5,4,10,13,441
46.5,4,10,14,442
46.5,4,10,15,444
46.5,4,11,0,417
46.5,4,11,1,419
46.5,4,11,2,421
46.5,4,11,3,423
46.5,4,11,4,425
46.5,4,11,5,427
46.5,4,11,6,429
46.5,4,11,7,431
46.5,4,11,8,433
46.5,4,11,9,435
46.5,4,11,10,437
46.5,4,11,11,439
46.5,4,11,12,441
46.5,4,11,13,443
46.5,4,11,14,445
46.5,4,11,15,447
46.5,4,12,0,419
46.5,4,12,1,421
46.5,4,12,2,423
46.5,4,12,3,425
46.5,4,12,4,428
46.5,4,12,5,430
46.5,4,12,6,432
46.5,4,12,7,434
46.5,4,12,8,436
46.5,4,12,9,437
46.5,4,12,10,439
46.5,4,12,11,441
46.5,4,12,12,443
46.5,4,12,13,445
46.5,4,12,14,447
46.5,4,12,15,449
46.5,4,13,0,422
46.5,4,13,1,424
46.5,4,13,2,426
46.5,4,13,3,428
46.5,4,13,4,430
46.5,4,13,5,432
46.5,4,13,6,434
46.5,4,13,7,436
46.5,4,13,8,438
46.5,4,13,9,440
46.5,4,13,10,442
46.5,4,13,11,444
46.5,4,13,12,446
46.5,4,13,13,448
46.5,4,13,14,450
46.5,4,13,15,452
46.5,4,14,0,424
46.5,4,14,1,426
46.5,4,14,2,428
46.5,4,14,3,430
46.5,4,14,4,432
46.5,4,14,5,434
46.5,4,14,6,436
46.5,4,14,7,438
46.5,4,14,8,440
46.5,4,14,9,442
46.5,4,14,10,444
46.5,4,14,11,446
46.5,4,14,12,448
46.5,4,14,13,450
46.5,4,14,14,452
46.5,4,14,15,454
46.5,4,15,0,426
46.5,4,15,1,428
46.5,4,15,2,430
46.5,4,15,3,432
46.5,4,15,4,434
46.5,4,15,5,436
46.5,4,15,6,438
46.5,4,15,7,440
46.5,4,15,8,442
46.5,4,15,9,444
46.5,4,15,10,446
46.5,4,15,11,448
46.5,4,15,12,450
46.5,4,15,13,452
46.5,4,15,14,454
46.5,4,15,15,456
46.5,5,0,0,398
46.5,5,0,1,400
46.5,5,0,2,402
46.5,5,0,3,404
46.5,5,0,4,406
46.5,5,0,5,408
46.5,5,0,6,410
46.5,5,0,7,412
46.5,5,0,8,414
46.5,5,0,9,415
46.5,5,0,10,417
46.5,5,0,11,419
46.5,5,0,12,421
46.5,5,0,13,423
46.5,5,0,14,425
46.5,5,0,15,426
46.5,5,1,0,401
46.5,5,1,1,403
46.5,5,1,2,404
46.5,5,1,3,406
46.5,5,1,4,408
46.5,5,1,5,410
46.5,5,1,6,412
46.5,5,1,7,414
46.5,5,1,8,416
46.5,5,1,9,418
46.5,5,1,10,420
46.5,5,1,11,422
46.5,5,1,12,423
46.5,5,1,13,425
46.5,5,1,14,427
46.5,5,1,15,429
46.5,5,2,0,403
46.5,5,2,1,405
46.5,5,2,2,407
46.5,5,2,3,409
46.5,5,2,4,411
46.5,5,2,5,413
46.5,5,2,6,415
46.5,5,2,7,417
46.5,5,2,8,418
46.5,5,2,9,420
46.5,5,2,10,422
46.5,5,2,11,424
46.5,5,2,12,426
46.5,5,2,13,428
46.5,5,2,14,430
46.5,5,2,15,432
46.5,5,3,0,405
46.5,5,3,1,407
46.5,5,3,2,409
46.5,5,3,3,411
46.5,5,3,4,413
46.5,5,3,5,415
46.5,5,3,6,417
46.5,5,3,7,419
46.5,5,3,8,421
46.5,5,3,9,423
46.5,5,3,10,425
46.5,5,3,11,427
46.5,5,3,12,429
46.5,5,3,13,430
46.5,5,3,14,432
46.5,5,3,15,434
46.5,5,4,0,408
46.5,5,4,1,410
46.5,5,4,2,412
46.5,5,4,3,414
46.5,5,4,4,416
46.5,5,4,5,418
46.5,5,4,6,419
46.5,5,4,7,421
46.5,5,4,8,423
46.5,5,4,9,425
46.5,5,4,10,427
46.5,5,4,11,429
46.5,5,4,12,431
46.5,5,4,13,433
46.5,5,4,14,435
46.5,5,4,15,437
46.5,5,5,0,410
46.5,5,5,1,412
46.5,5,5,2,414
46.5,5,5,3,416
46.5,5,5,4,418
46.5,5,5,5,420
46.5,5,5,6,422
46.5,5,5,7,424
46.5,5,5,8,426
46.5,5,5,9,428
46.5,5,5,10,430
46.5,5,5,11,432
46.5,5,5,12,433
46.5,5,5,13,435
46.5,5,5,14,437
46.5,5,5,15,439
46.5,5,6,0,412
46.5,5,6,1,414
46.5,5,6,2,416
46.5,5,6,3,418
46.5,5,6,4,420
46.5,5,6,5,422
46.5,5,6,6,424
46.5,5,6,7,426
46.5,5,6,8,428
46.5,5,6,9,430
46.5,5,6,10,432
46.5,5,6,11,434
46.5,5,6,12,436
46.5,5,6,13,438
46.5,5,6,14,440
46.5,5,6,15,442
46.5,5,7,0,415
46.5,5,7,1,417
46.5,5,7,2,419
46.5,5,7,3,421
46.5,5,7,4,423
46.5,5,7,5,425
46.5,5,7,6,427
46.5,5,7,7,429
46.5,5,7,8,431
46.5,5,7,9,433
46.5,5,7,10,435
46.5,5,7,11,436
46.5,5,7,12,438
46.5,5,7,13,440
46.5,5,7,14,442
46.5,5,7,15,444
46.5,5,8,0,417
46.5,5,8,1,419
46.5,5,8,2,421
46.5,5,8,3,423
46.5,5,8,4,425
46.5,5,8,5,427
46.5,5,8,6,429
46.5,5,8,7,431
46.5,5,8,8,433
46.5,5,8,9,435
46.5,5,8,10,437
46.5,5,8,11,439
46.5,5,8,12,441
46.5,5,8,13,443
46.5,5,8,14,445
46.5,5,8,15,447
46.5,5,9,0,419
46.5,5,9,1,421
46.5,5,9,2,423
46.5,5,9,3,425
46.5,5,9,4,427
46.5,5,9,5,429
46.5,5,9,6,431
46.5,5,9,7,433
46.5,5,9,8,435
46.5,5,9,9,437
46.5,5,9,10,439
46.5,5,9,11,441
46.5,5,9,12,443
46.5,5,9,13,445
46.5,5,9,14,447
46.5,5,9,15,449
46.5,5,10,0,421
46.5,5,10,1,424
46.5,5,10,2,426
46.5,5,10,3,428
46.5,5,10,4,430
46.5,5,10,5,432
46.5,5,10,6,434
46.5,5,10,7,436
46.5,5,10,8,438
46.5,5,10,9,440
46.5,5,10,10,442
46.5,5,10,11,444
46.5,5,10,12,446
46.5,5,10,13,448
46.5,5,10,14,450
46.5,5,10,15,451
46.5,5,11,0,424
46.5,5,11,1,426
46.5,5,11,2,428
46.5,5,11,3,430
46.5,5,11,4,432
46.5,5,11,5,434
46.5,5,11,6,436
46.5,5,11,7,438
46.5,5,11,8,440
46.5,5,11,9,442
46.5,5,11,10,444
46.5,5,11,11,446
46.5,5,11,12,448
46.5,5,11,13,450
46.5,5,11,14,452
46.5,5,11,15,454
46.5,5,12,0,426
46.5,5,12,1,428
46.5,5,12,2,430
46.5,5,12,3,432
46.5,5,12,4,434
46.5,5,12,5,436
46.5,5,12,6,438
46.5,5,12,7,440
46.5,5,12,8,442
46.5,5,12,9,444
46.5,5,12,10,446
46.5,5,12,11,448
46.5,5,12,12,450
46.5,5,12,13,452
46.5,5,12,14,454
46.5,5,12,15,456
46.5,5,13,0,428
46.5,5,13,1,430
46.5,5,13,2,432
46.5,5,13,3,435
46.5,5,13,4,437
46.5,5,13,5,439
46.5,5,13,6,441
46.5,5,13,7,443
46.5,5,13,8,445
46.5,5,13,9,447
46.5,5,13,10,449
46.5,5,13,11,451
46.5,5,13,12,453
46.5,5,13,13,455
46.5,5,13,14,457
46.5,5,13,15,459
46.5,5,14,0,430
46.5,5,14,1,433
46.5,5,14,2,435
46.5,5,14,3,437
46.5,5,14,4,439
46.5,5,14,5,441
46.5,5,14,6,443
46.5,5,14,7,445
46.5,5,14,8,447
46.5,5,14,9,449
46.5,5,14,10,451
46.5,5,14,11,453
46.5,5,14,12,455
46.5,5,14,13,457
46.5,5,14,14,459
46.5,5,14,15,461
46.5,5,15,0,433
46.5,5,15,1,435
46.5,5,15,2,437
46.5,5,15,3,439
46.5,5,15,4,441
46.5,5,15,5,443
46.5,5,15,6,445
46.5,5,15,7,447
46.5,5,15,8,449
46.5,5,15,9,451
46.5,5,15,10,453
46.5,5,15,11,455
46.5,5,15,12,457
46.5,5,15,13,459
46.5,5,15,14,461
46.5,5,15,15,463
46.5,6,0,0,404
46.5,6,0,1,406
46.5,6,0,2,408
46.5,6,0,3,410
46.5,6,0,4,412
46.5,6,0,5,414
46.5,6,0,6,416
46.5,6,0,7,418
46.5,6,0,8,420
46.5,6,0,9,422
46.5,6,0,10,424
46.5,6,0,11,426
46.5,6,0,12,428
46.5,6,0,13,429
46.5,6,0,14,431
46.5,6,0,15,433
46.5,6,1,0,407
46.5,6,1,1,409
46.5,6,1,2,411
46.5,6,1,3,413
46.5,6,1,4,415
46.5,6,1,5,417
46.5,6,1,6,419
46.5,6,1,7,421
46.5,6,1,8,422
46.5,6,1,9,424
46.5,6,1,10,426
46.5,6,1,11,428
46.5,6,1,12,430
46.5,6,1,13,432
46.5,6,1,14,434
46.5,6,1,15,436
46.5,6,2,0,409
46.5,6,2,1,411
46.5,6,2,2,413
46.5,6,2,3,415
46.5,6,2,4,417
46.5,6,2,5,419
46.5,6,2,6,421
46.5,6,2,7,423
46.5,6,2,8,425
46.5,6,2,9,427
46.5,6,2,10,429
46.5,6,2,11,431
46.5,6,2,12,433
46.5,6,2,13,435
46.5,6,2,14,436
46.5,6,2,15,438
46.5,6,3,0,412
46.5,6,3,1,414
46.5,6,3,2,416
46.5,6,3,3,418
46.5,6,3,4,420
46.5,6,3,5,422
46.5,6,3,6,424
46.5,6,3,7,426
46.5,6,3,8,428
46.5,6,3,9,429
46.5,6,3,10,431
46.5,6,3,11,433
46.5,6,3,12,435
46.5,6,3,13,437
46.5,6,3,14,439
46.5,6,3,15,441
46.5,6,4,0,414
46.5,6,4,1,416
46.5,6,4,2,418
46.5,6,4,3,420
46.5,6,4,4,422
46.5,6,4,5,424
46.5,6,4,6,426
46.5,6,4,7,428
46.5,6,4,8,430
46.5,6,4,9,432
46.5,6,4,10,434
46.5,6,4,11,436
46.5,6,4,12,438
46.5,6,4,13,440
46.5,6,4,14,442
46.5,6,4,15,443
46.5,6,5,0,416
46.5,6,5,1,418
46.5,6,5,2,420
46.5,6,5,3,422
46.5,6,5,4,425
46.5,6,5,5,427
46.5,6,5,6,428
46.5,6,5,7,430
46.5,6,5,8,432
46.5,6,5,9,434
46.5,6,5,10,436
46.5,6,5,11,438
46.5,6,5,12,440
46.5,6,5,13,442
46.5,6,5,14,444
46.5,6,5,15,446
46.5,6,6,0,419
46.5,6,6,1,421
46.5,6,6,2,423
46.5,6,6,3,425
46.5,6,6,4,427
46.5,6,6,5,429
46.5,6,6,6,431
46.5,6,6,7,433
46.5,6,6,8,435
46.5,6,6,9,437
46.5,6,6,10,439
46.5,6,6,11,441
46.5,6,6,12,443
46.5,6,6,13,445
46.5,6,6,14,447
46.5,6,6,15,449
46.5,6,7,0,421
46.5,6,7,1,423
46.5,6,7,2,425
46.5,6,7,3,427
46.5,6,7,4,429
46.5,6,7,5,431
46.5,6,7,6,433
46.5,6,7,7,435
46.5,6,7,8,437
46.5,6,7,9,439
46.5,6,7,10,441
46.5,6,7,11,443
46.5,6,7,12,445
46.5,6,7,13,447
46.5,6,7,14,449
46.5,6,7,15,451
46.5,6,8,0,423
46.5,6,8,1,426
46.5,6,8,2,428
46.5,6,8,3,430
46.5,6,8,4,432
46.5,6,8,5,434
46.5,6,8,6,436
46.5,6,8,7,438
46.5,6,8,8,440
46.5,6,8,9,442
46.5,6,8,10,444
46.5,6,8,11,446
46.5,6,8,12,448
46.5,6,8,13,450
46.5,6,8,14,452
46.5,6,8,15,454
46.5,6,9,0,426
46.5,6,9,1,428
46.5,6,9,2,430
46.5,6,9,3,432
46.5,6,9,4,434
46.5,6,9,5,436
46.5,6,9,6,438
46.5,6,9,7,440
46.5,6,9,8,442
46.5,6,9,9,444
46.5,6,9,10,446
46.5,6,9,11,448
46.5,6,9,12,450
46.5,6,9,13,452
46.5,6,9,14,454
46.5,6,9,15,456
46.5,6,10,0,428
46.5,6,10,1,430
46.5,6,10,2,432
46.5,6,10,3,434
46.5,6,10,4,436
46.5,6,10,5,438
46.5,6,10,6,441
46.5,6,10,7,443
46.5,6,10,8,445
46.5,6,10,9,447
46.5,6,10,10,449
46.5,6,10,11,451
46.5,6,10,12,453
46.5,6,10,13,455
46.5,6,10,14,457
46.5,6,10,15,459
46.5,6,11,0,430
46.5,6,11,1,432
46.5,6,11,2,435
46.5,6,11,3,437
46.5,6,11,4,439
46.5,6,11,5,441
46.5,6,11,6,443
46.5,6,11,7,445
46.5,6,11,8,447
46.5,6,11,9,449
46.5,6,11,10,451
46.5,6,11,11,453
46.5,6,11,12,455
46.5,6,11,13,457
46.5,6,11,14,459
46.5,6,11,15,461
46.5,6,12,0,433
46.5,6,12,1,435
46.5,6,12,2,437
46.5,6,12,3,439
46.5,6,12,4,441
46.5,6,12,5,443
46.5,6,12,6,445
46.5,6,12,7,447
46.5,6,12,8,449
46.5,6,12,9,451
46.5,6,12,10,453
46.5,6,12,11,455
46.5,6,12,12,457
46.5,6,12,13,459
46.5,6,12,14,461
46.5,6,12,15,463
46.5,6,13,0,435
46.5,6,13,1,437
46.5,6,13,2,439
46.5,6,13,3,441
46.5,6,13,4,443
46.5,6,13,5,445
46.5,6,13,6,448
46.5,6,13,7,450
46.5,6,13,8,452
46.5,6,13,9,454
46.5,6,13,10,456
46.5,6,13,11,458
46.5,6,13,12,460
46.5,6,13,13,462
46.5,6,13,14,464
46.5,6,13,15,466
46.5,6,14,0,437
46.5,6,14,1,439
46.5,6,14,2,441
46.5,6,14,3,444
46.5,6,14,4,446
46.5,6,14,5,448
46.5,6,14,6,450
46.5,6,14,7,452
46.5,6,14,8,454
46.5,6,14,9,456
46.5,6,14,10,458
46.5,6,14,11,460
46.5,6,14,12,462
46.5,6,14,13,464
46.5,6,14,14,466
46.5,6,14,15,468
46.5,6,15,0,439
46.5,6,15,1,442
46.5,6,15,2,444
46.5,6,15,3,446
46.5,6,15,4,448
46.5,6,15,5,450
46.5,6,15,6,452
46.5,6,15,7,454
46.5,6,15,8,456
46.5,6,15,9,458
46.5,6,15,10,461
46.5,6,15,11,463
46.5,6,15,12,465
46.5,6,15,13,467
46.5,6,15,14,469
46.5,6,15,15,471
46.5,7,0,0,411
46.5,7,0,1,413
46.5,7,0,2,415
46.5,7,0,3,417
46.5,7,0,4,419
46.5,7,0,5,421
46.5,7,0,6,423
46.5,7,0,7,424
46.5,7,0,8,426
46.5,7,0,9,428
46.5,7,0,10,430
46.5,7,0,11,432
46.5,7,0,12,434
46.5,7,0,13,436
46.5,7,0,14,438
46.5,7,0,15,440
46.5,7,1,0,413
46.5,7,1,1,415
46.5,7,1,2,417
46.5,7,1,3,419
46.5,7,1,4,421
46.5,7,1,5,423
46.5,7,1,6,425
46.5,7,1,7,427
46.5,7,1,8,429
46.5,7,1,9,431
46.5,7,1,10,433
46.5,7,1,11,435
46.5,7,1,12,437
46.5,7,1,13,439
46.5,7,1,14,441
46.5,7,1,15,442
46.5,7,2,0,416
46.5,7,2,1,418
46.5,7,2,2,420
46.5,7,2,3,422
46.5,7,2,4,424
46.5,7,2,5,426
46.5,7,2,6,428
46.5,7,2,7,430
46.5,7,2,8,432
46.5,7,2,9,434
46.5,7,2,10,435
46.5,7,2,11,437
46.5,7,2,12,439
46.5,7,2,13,441
46.5,7,2,14,443
46.5,7,2,15,445
46.5,7,3,0,418
46.5,7,3,1,420
46.5,7,3,2,422
46.5,7,3,3,424
46.5,7,3,4,426
46.5,7,3,5,428
46.5,7,3,6,430
46.5,7,3,7,432
46.5,7,3,8,434
46.5,7,3,9,436
46.5,7,3,10,438
46.5,7,3,11,440
46.5,7,3,12,442
46.5,7,3,13,444
46.5,7,3,14,446
46.5,7,3,15,448
46.5,7,4,0,420
46.5,7,4,1,422
46.5,7,4,2,425
46.5,7,4,3,427
46.5,7,4,4,429
46.5,7,4,5,431
46.5,7,4,6,433
46.5,7,4,7,435
46.5,7,4,8,437
46.5,7,4,9,439
46.5,7,4,10,441
46.5,7,4,11,443
46.5,7,4,12,444
46.5,7,4,13,446
46.5,7,4,14,448
46.5,7,4,15,450
46.5,7,5,0,423
46.5,7,5,1,425
46.5,7,5,2,427
46.5,7,5,3,429
46.5,7,5,4,431
46.5,7,5,5,433
46.5,7,5,6,435
46.5,7,5,7,437
46.5,7,5,8,439
46.5,7,5,9,441
46.5,7,5,10,443
46.5,7,5,11,445
46.5,7,5,12,447
46.5,7,5,13,449
46.5,7,5,14,451
46.5,7,5,15,453
46.5,7,6,0,425
46.5,7,6,1,427
46.5,7,6,2,429
46.5,7,6,3,431
46.5,7,6,4,433
46.5,7,6,5,436
46.5,7,6,6,438
46.5,7,6,7,440
46.5,7,6,8,442
46.5,7,6,9,444
46.5,7,6,10,446
46.5,7,6,11,448
46.5,7,6,12,450
46.5,7,6,13,452
46.5,7,6,14,454
46.5,7,6,15,455
46.5,7,7,0,428
46.5,7,7,1,430
46.5,7,7,2,432
46.5,7,7,3,434
46.5,7,7,4,436
46.5,7,7,5,438
46.5,7,7,6,440
46.5,7,7,7,442
46.5,7,7,8,444
46.5,7,7,9,446
46.5,7,7,10,448
46.5,7,7,11,450
46.5,7,7,12,452
46.5,7,7,13,454
46.5,7,7,14,456
46.5,7,7,15,458
46.5,7,8,0,430
46.5,7,8,1,432
46.5,7,8,2,434
46.5,7,8,3,436
46.5,7,8,4,438
46.5,7,8,5,440
46.5,7,8,6,442
46.5,7,8,7,445
46.5,7,8,8,447
46.5,7,8,9,449
46.5,7,8,10,451
46.5,7,8,11,453
46.5,7,8,12,455
46.5,7,8,13,457
46.5,7,8,14,459
46.5,7,8,15,461
46.5,7,9,0,432
46.5,7,9,1,434
46.5,7,9,2,437
46.5,7,9,3,439
46.5,7,9,4,441
46.5,7,9,5,443
46.5,7,9,6,445
46.5,7,9,7,447
46.5,7,9,8,449
46.5,7,9,9,451
46.5,7,9,10,453
46.5,7,9,11,455
46.5,7,9,12,457
46.5,7,9,13,459
46.5,7,9,14,461
46.5,7,9,15,463
46.5,7,10,0,435
46.5,7,10,1,437
46.5,7,10,2,439
46.5,7,10,3,441
46.5,7,10,4,443
46.5,7,10,5,445
46.5,7,10,6,447
46.5,7,10,7,449
46.5,7,10,8,451
46.5,7,10,9,453
46.5,7,10,10,456
46.5,7,10,11,458
46.5,7,10,12,460
46.5,7,10,13,462
46.5,7,10,14,464
46.5,7,10,15,466
46.5,7,11,0,437
46.5,7,11,1,439
46.5,7,11,2,441
46.5,7,11,3,443
46.5,7,11,4,446
46.5,7,11,5,448
46.5,7,11,6,450
46.5,7,11,7,452
46.5,7,11,8,454
46.5,7,11,9,456
46.5,7,11,10,458
46.5,7,11,11,460
46.5,7,11,12,462
46.5,7,11,13,464
46.5,7,11,14,466
46.5,7,11,15,468
46.5,7,12,0,439
46.5,7,12,1,441
46.5,7,12,2,444
46.5,7,12,3,446
46.5,7,12,4,448
46.5,7,12,5,450
46.5,7,12,6,452
46.5,7,12,7,454
46.5,7,12,8,456
46.5,7,12,9,458
46.5,7,12,10,460
46.5,7,12,11,462
46.5,7,12,12,464
46.5,7,12,13,467
46.5,7,12,14,469
46.5,7,12,15,471
46.5,7,13,0,442
46.5,7,13,1,444
46.5,7,13,2,446
46.5,7,13,3,448
46.5,7,13,4,450
46.5,7,13,5,452
46.5,7,13,6,454
46.5,7,13,7,457
46.5,7,13,8,459
46.5,7,13,9,461
46.5,7,13,10,463
46.5,7,13,11,465
46.5,7,13,12,467
46.5,7,13,13,469
46.5,7,13,14,471
46.5,7,13,15,473
46.5,7,14,0,444
46.5,7,14,1,446
46.5,7,14,2,448
46.5,7,14,3,450
46.5,7,14,4,453
46.5,7,14,5,455
46.5,7,14,6,457
46.5,7,14,7,459
46.5,7,14,8,461
46.5,7,14,9,463
46.5,7,14,10,465
46.5,7,14,11,467
46.5,7,14,12,469
46.5,7,14,13,471
46.5,7,14,14,473
46.5,7,14,15,476
46.5,7,15,0,446
46.5,7,15,1,448
46.5,7,15,2,451
46.5,7,15,3,453
46.5,7,15,4,455
46.5,7,15,5,457
46.5,7,15,6,459
46.5,7,15,7,461
46.5,7,15,8,463
46.5,7,15,9,466
46.5,7,15,10,468
46.5,7,15,11,470
46.5,7,15,12,472
46.5,7,15,13,474
46.5,7,15,14,476
46.5,7,15,15,478
46.5,8,0,0,417
46.5,8,0,1,419
46.5,8,0,2,421
46.5,8,0,3,423
46.5,8,0,4,425
46.5,8,0,5,427
46.5,8,0,6,429
46.5,8,0,7,431
46.5,8,0,8,433
46.5,8,0,9,435
46.5,8,0,10,437
46.5,8,0,11,439
46.5,8,0,12,441
46.5,8,0,13,443
46.5,8,0,14,445
46.5,8,0,15,446
46.5,8,1,0,419
46.5,8,1,1,421
46.5,8,1,2,423
46.5,8,1,3,425
46.5,8,1,4,428
46.5,8,1,5,430
46.5,8,1,6,432
46.5,8,1,7,434
46.5,8,1,8,436
46.5,8,1,9,437
46.5,8,1,10,439
46.5,8,1,11,441
46.5,8,1,12,443
46.5,8,1,13,445
46.5,8,1,14,447
46.5,8,1,15,449
46.5,8,2,0,422
46.5,8,2,1,424
46.5,8,2,2,426
46.5,8,2,3,428
46.5,8,2,4,430
46.5,8,2,5,432
46.5,8,2,6,434
46.5,8,2,7,436
46.5,8,2,8,438
46.5,8,2,9,440
46.5,8,2,10,442
46.5,8,2,11,444
46.5,8,2,12,446
46.5,8,2,13,448
46.5,8,2,14,450
46.5,8,2,15,452
46.5,8,3,0,424
46.5,8,3,1,426
46.5,8,3,2,428
46.5,8,3,3,431
46.5,8,3,4,433
46.5,8,3,5,435
46.5,8,3,6,437
46.5,8,3,7,439
46.5,8,3,8,441
46.5,8,3,9,443
46.5,8,3,10,445
46.5,8,3,11,447
46.5,8,3,12,449
46.5,8,3,13,451
46.5,8,3,14,453
46.5,8,3,15,454
46.5,8,4,0,427
46.5,8,4,1,429
46.5,8,4,2,431
46.5,8,4,3,433
46.5,8,4,4,435
46.5,8,4,5,437
46.5,8,4,6,439
46.5,8,4,7,441
46.5,8,4,8,443
46.5,8,4,9,445
46.5,8,4,10,447
46.5,8,4,11,449
46.5,8,4,12,451
46.5,8,4,13,453
46.5,8,4,14,455
46.5,8,4,15,457
46.5,8,5,0,429
46.5,8,5,1,431
46.5,8,5,2,433
46.5,8,5,3,436
46.5,8,5,4,438
46.5,8,5,5,440
46.5,8,5,6,442
46.5,8,5,7,444
46.5,8,5,8,446
46.5,8,5,9,448
46.5,8,5,10,450
46.5,8,5,11,452
46.5,8,5,12,454
46.5,8,5,13,456
46.5,8,5,14,458
46.5,8,5,15,460
46.5,8,6,0,432
46.5,8,6,1,434
46.5,8,6,2,436
46.5,8,6,3,438
46.5,8,6,4,440
46.5,8,6,5,442
46.5,8,6,6,444
46.5,8,6,7,446
46.5,8,6,8,448
46.5,8,6,9,450
46.5,8,6,10,452
46.5,8,6,11,454
46.5,8,6,12,456
46.5,8,6,13,458
46.5,8,6,14,460
46.5,8,6,15,462
46.5,8,7,0,434
46.5,8,7,1,436
46.5,8,7,2,438
46.5,8,7,3,440
46.5,8,7,4,443
46.5,8,7,5,445
46.5,8,7,6,447
46.5,8,7,7,449
46.5,8,7,8,451
46.5,8,7,9,453
46.5,8,7,10,455
46.5,8,7,11,457
46.5,8,7,12,459
46.5,8,7,13,461
46.5,8,7,14,463
46.5,8,7,15,465
46.5,8,8,0,437
46.5,8,8,1,439
46.5,8,8,2,441
46.5,8,8,3,443
46.5,8,8,4,445
46.5,8,8,5,447
46.5,8,8,6,449
46.5,8,8,7,451
46.5,8,8,8,453
46.5,8,8,9,455
46.5,8,8,10,457
46.5,8,8,11,459
46.5,8,8,12,461
46.5,8,8,13,464
46.5,8,8,14,466
46.5,8,8,15,468
46.5,8,9,0,439
46.5,8,9,1,441
46.5,8,9,2,443
46.5,8,9,3,445
46.5,8,9,4,447
46.5,8,9,5,450
46.5,8,9,6,452
46.5,8,9,7,454
46.5,8,9,8,456
46.5,8,9,9,458
46.5,8,9,10,460
46.5,8,9,11,462
46.5,8,9,12,464
46.5,8,9,13,466
46.5,8,9,14,468
46.5,8,9,15,470
46.5,8,10,0,441
46.5,8,10,1,443
46.5,8,10,2,446
46.5,8,10,3,448
46.5,8,10,4,450
46.5,8,10,5,452
46.5,8,10,6,454
46.5,8,10,7,456
46.5,8,10,8,458
46.5,8,10,9,460
46.5,8,10,10,462
46.5,8,10,11,464
46.5,8,10,12,467
46.5,8,10,13,469
46.5,8,10,14,471
46.5,8,10,15,473
46.5,8,11,0,444
46.5,8,11,1,446
46.5,8,11,2,448
46.5,8,11,3,450
46.5,8,11,4,452
46.5,8,11,5,454
46.5,8,11,6,457
46.5,8,11,7,459
46.5,8,11,8,461
46.5,8,11,9,463
46.5,8,11,10,465
46.5,8,11,11,467
46.5,8,11,12,469
46.5,8,11,13,471
46.5,8,11,14,473
46.5,8,11,15,475
46.5,8,12,0,446
46.5,8,12,1,448
46.5,8,12,2,450
46.5,8,12,3,453
46.5,8,12,4,455
46.5,8,12,5,457
46.5,8,12,6,459
46.5,8,12,7,461
46.5,8,12,8,463
46.5,8,12,9,465
46.5,8,12,10,467
46.5,8,12,11,469
46.5,8,12,12,472
46.5,8,12,13,474
46.5,8,12,14,476
46.5,8,12,15,478
46.5,8,13,0,448
46.5,8,13,1,451
46.5,8,13,2,453
46.5,8,13,3,455
46.5,8,13,4,457
46.5,8,13,5,459
46.5,8,13,6,461
46.5,8,13,7,463
46.5,8,13,8,466
46.5,8,13,9,468
46.5,8,13,10,470
46.5,8,13,11,472
46.5,8,13,12,474
46.5,8,13,13,476
46.5,8,13,14,478
46.5,8,13,15,480
46.5,8,14,0,451
46.5,8,14,1,453
46.5,8,14,2,455
46.5,8,14,3,457
46.5,8,14,4,459
46.5,8,14,5,462
46.5,8,14,6,464
46.5,8,14,7,466
46.5,8,14,8,468
46.5,8,14,9,470
46.5,8,14,10,472
46.5,8,14,11,474
46.5,8,14,12,476
46.5,8,14,13,479
46.5,8,14,14,481
46.5,8,14,15,483
46.5,8,15,0,453
46.5,8,15,1,455
46.5,8,15,2,457
46.5,8,15,3,460
46.5,8,15,4,462
46.5,8,15,5,464
46.5,8,15,6,466
46.5,8,15,7,468
46.5,8,15,8,470
46.5,8,15,9,473
46.5,8,15,10,475
46.5,8,15,11,477
46.5,8,15,12,479
46.5,8,15,13,481
46.5,8,15,14,483
46.5,8,15,15,485
46.5,9,0,0,423
46.5,9,0,1,425
46.5,9,0,2,427
46.5,9,0,3,429
46.5,9,0,4,431
46.5,9,0,5,433
46.5,9,0,6,435
46.5,9,0,7,437
46.5,9,0,8,439
46.5,9,0,9,441
46.5,9,0,10,443
46.5,9,0,11,445
46.5,9,0,12,447
46.5,9,0,13,449
46.5,9,0,14,451
46.5,9,0,15,453
46.5,9,1,0,426
46.5,9,1,1,428
46.5,9,1,2,430
46.5,9,1,3,432
46.5,9,1,4,434
46.5,9,1,5,436
46.5,9,1,6,438
46.5,9,1,7,440
46.5,9,1,8,442
46.5,9,1,9,444
46.5,9,1,10,446
46.5,9,1,11,448
46.5,9,1,12,450
46.5,9,1,13,452
46.5,9,1,14,454
46.5,9,1,15,456
46.5,9,2,0,428
46.5,9,2,1,430
46.5,9,2,2,432
46.5,9,2,3,434
46.5,9,2,4,436
46.5,9,2,5,439
46.5,9,2,6,441
46.5,9,2,7,443
46.5,9,2,8,445
46.5,9,2,9,447
46.5,9,2,10,449
46.5,9,2,11,451
46.5,9,2,12,453
46.5,9,2,13,455
46.5,9,2,14,457
46.5,9,2,15,459
46.5,9,3,0,431
46.5,9,3,1,433
46.5,9,3,2,435
46.5,9,3,3,437
46.5,9,3,4,439
46.5,9,3,5,441
46.5,9,3,6,443
46.5,9,3,7,445
46.5,9,3,8,447
46.5,9,3,9,449
46.5,9,3,10,451
46.5,9,3,11,453
46.5,9,3,12,455
46.5,9,3,13,457
46.5,9,3,14,459
46.5,9,3,15,461
46.5,9,4,0,433
46.5,9,4,1,435
46.5,9,4,2,437
46.5,9,4,3,439
46.5,9,4,4,442
46.5,9,4,5,444
46.5,9,4,6,446
46.5,9,4,7,448
46.5,9,4,8,450
46.5,9,4,9,452
46.5,9,4,10,454
46.5,9,4,11,456
46.5,9,4,12,458
46.5,9,4,13,460
46.5,9,4,14,462
46.5,9,4,15,464
46.5,9,5,0,436
46.5,9,5,1,438
46.5,9,5,2,440
46.5,9,5,3,442
46.5,9,5,4,444
46.5,9,5,5,446
46.5,9,5,6,448
46.5,9,5,7,450
46.5,9,5,8,452
46.5,9,5,9,454
46.5,9,5,10,457
46.5,9,5,11,459
46.5,9,5,12,461
46.5,9,5,13,463
46.5,9,5,14,465
46.5,9,5,15,467
46.5,9,6,0,438
46.5,9,6,1,440
46.5,9,6,2,442
46.5,9,6,3,445
46.5,9,6,4,447
46.5,9,6,5,449
46.5,9,6,6,451
46.5,9,6,7,453
46.5,9,6,8,455
46.5,9,6,9,457
46.5,9,6,10,459
46.5,9,6,11,461
46.5,9,6,12,463
46.5,9,6,13,465
46.5,9,6,14,467
46.5,9,6,15,469
46.5,9,7,0,441
46.5,9,7,1,443
46.5,9,7,2,445
46.5,9,7,3,447
46.5,9,7,4,449
46.5,9,7,5,451
46.5,9,7,6,453
46.5,9,7,7,455
46.5,9,7,8,458
46.5,9,7,9,460
46.5,9,7,10,462
46.5,9,7,11,464
46.5,9,7,12,466
46.5,9,7,13,468
46.5,9,7,14,470
46.5,9,7,15,472
46.5,9,8,0,443
46.5,9,8,1,445
46.5,9,8,2,447
46.5,9,8,3,450
46.5,9,8,4,452
46.5,9,8,5,454
46.5,9,8,6,456
46.5,9,8,7,458
46.5,9,8,8,460
46.5,9,8,9,462
46.5,9,8,10,464
46.5,9,8,11,466
46.5,9,8,12,468
46.5,9,8,13,470
46.5,9,8,14,472
46.5,9,8,15,475
46.5,9,9,0,445
46.5,9,9,1,448
46.5,9,9,2,450
46.5,9,9,3,452
46.5,9,9,4,454
46.5,9,9,5,456
46.5,9,9,6,458
46.5,9,9,7,461
46.5,9,9,8,463
46.5,9,9,9,465
46.5,9,9,10,467
46.5,9,9,11,469
46.5,9,9,12,471
46.5,9,9,13,473
46.5,9,9,14,475
46.5,9,9,15,477
46.5,9,10,0,448
46.5,9,10,1,450
46.5,9,10,2,452
46.5,9,10,3,454
46.5,9,10,4,457
46.5,9,10,5,459
46.5,9,10,6,461
46.5,9,10,7,463
46.5,9,10,8,465
46.5,9,10,9,467
46.5,9,10,10,469
46.5,9,10,11,471
46.5,9,10,12,474
46.5,9,10,13,476
46.5,9,10,14,478
46.5,9,10,15,480
46.5,9,11,0,450
46.5,9,11,1,452
46.5,9,11,2,455
46.5,9,11,3,457
46.5,9,11,4,459
46.5,9,11,5,461
46.5,9,11,6,463
46.5,9,11,7,465
46.5,9,11,8,468
46.5,9,11,9,470
46.5,9,11,10,472
46.5,9,11,11,474
46.5,9,11,12,476
46.5,9,11,13,478
46.5,9,11,14,480
46.5,9,11,15,482
46.5,9,12,0,453
46.5,9,12,1,455
46.5,9,12,2,457
46.5,9,12,3,459
46.5,9,12,4,461
46.5,9,12,5,464
46.5,9,12,6,466
46.5,9,12,7,468
46.5,9,12,8,470
46.5,9,12,9,472
46.5,9,12,10,474
46.5,9,12,11,476
46.5,9,12,12,479
46.5,9,12,13,481
46.5,9,12,14,483
46.5,9,12,15,485
46.5,9,13,0,455
46.5,9,13,1,457
46.5,9,13,2,459
46.5,9,13,3,462
46.5,9,13,4,464
46.5,9,13,5,466
46.5,9,13,6,468
46.5,9,13,7,470
46.5,9,13,8,473
46.5,9,13,9,475
46.5,9,13,10,477
46.5,9,13,11,479
46.5,9,13,12,481
46.5,9,13,13,483
46.5,9,13,14,485
46.5,9,13,15,487
46.5,9,14,0,457
46.5,9,14,1,460
46.5,9,14,2,462
46.5,9,14,3,464
46.5,9,14,4,466
46.5,9,14,5,469
46.5,9,14,6,471
46.5,9,14,7,473
46.5,9,14,8,475
46.5,9,14,9,477
46.5,9,14,10,479
46.5,9,14,11,481
46.5,9,14,12,484
46.5,9,14,13,486
46.5,9,14,14,488
46.5,9,14,15,490
46.5,9,15,0,460
46.5,9,15,1,462
46.5,9,15,2,464
46.5,9,15,3,466
46.5,9,15,4,469
46.5,9,15,5,471
46.5,9,15,6,473
46.5,9,15,7,475
46.5,9,15,8,477
46.5,9,15,9,480
46.5,9,15,10,482
46.5,9,15,11,484
46.5,9,15,12,486
46.5,9,15,13,488
46.5,9,15,14,490
46.5,9,15,15,492
46.5,10,0,0,429
46.5,10,0,1,431
46.5,10,0,2,434
46.5,10,0,3,436
46.5,10,0,4,438
46.5,10,0,5,440
46.5,10,0,6,442
46.5,10,0,7,444
46.5,10,0,8,446
46.5,10,0,9,448
46.5,10,0,10,450
46.5,10,0,11,452
46.5,10,0,12,454
46.5,10,0,13,456
46.5,10,0,14,458
46.5,10,0,15,460
46.5,10,1,0,432
46.5,10,1,1,434
46.5,10,1,2,436
46.5,10,1,3,438
46.5,10,1,4,440
46.5,10,1,5,442
46.5,10,1,6,444
46.5,10,1,7,446
46.5,10,1,8,449
46.5,10,1,9,451
46.5,10,1,10,453
46.5,10,1,11,455
46.5,10,1,12,457
46.5,10,1,13,459
46.5,10,1,14,461
46.5,10,1,15,463
46.5,10,2,0,434
46.5,10,2,1,437
46.5,10,2,2,439
46.5,10,2,3,441
46.5,10,2,4,443
46.5,10,2,5,445
46.5,10,2,6,447
46.5,10,2,7,449
46.5,10,2,8,451
46.5,10,2,9,453
46.5,10,2,10,455
46.5,10,2,11,457
46.5,10,2,12,459
46.5,10,2,13,461
46.5,10,2,14,463
46.5,10,2,15,465
46.5,10,3,0,437
46.5,10,3,1,439
46.5,10,3,2,441
46.5,10,3,3,443
46.5,10,3,4,446
46.5,10,3,5,448
46.5,10,3,6,450
46.5,10,3,7,452
46.5,10,3,8,454
46.5,10,3,9,456
46.5,10,3,10,458
46.5,10,3,11,460
46.5,10,3,12,462
46.5,10,3,13,464
46.5,10,3,14,466
46.5,10,3,15,468
46.5,10,4,0,440
46.5,10,4,1,442
46.5,10,4,2,444
46.5,10,4,3,446
46.5,10,4,4,448
46.5,10,4,5,450
46.5,10,4,6,452
46.5,10,4,7,454
46.5,10,4,8,456
46.5,10,4,9,459
46.5,10,4,10,461
46.5,10,4,11,463
46.5,10,4,12,465
46.5,10,4,13,467
46.5,10,4,14,469
46.5,10,4,15,471
46.5,10,5,0,442
46.5,10,5,1,444
46.5,10,5,2,446
46.5,10,5,3,449
46.5,10,5,4,451
46.5,10,5,5,453
46.5,10,5,6,455
46.5,10,5,7,457
46.5,10,5,8,459
46.5,10,5,9,461
46.5,10,5,10,463
46.5,10,5,11,465
46.5,10,5,12,467
46.5,10,5,13,469
46.5,10,5,14,471
46.5,10,5,15,473
46.5,10,6,0,445
46.5,10,6,1,447
46.5,10,6,2,449
46.5,10,6,3,451
46.5,10,6,4,453
46.5,10,6,5,455
46.5,10,6,6,457
46.5,10,6,7,460
46.5,10,6,8,462
46.5,10,6,9,464
46.5,10,6,10,466
46.5,10,6,11,468
46.5,10,6,12,470
46.5,10,6,13,472
46.5,10,6,14,474
46.5,10,6,15,476
46.5,10,7,0,447
46.5,10,7,1,449
46.5,10,7,2,451
46.5,10,7,3,454
46.5,10,7,4,456
46.5,10,7,5,458
46.5,10,7,6,460
46.5,10,7,7,462
46.5,10,7,8,464
46.5,10,7,9,466
46.5,10,7,10,468
46.5,10,7,11,471
46.5,10,7,12,473
46.5,10,7,13,475
46.5,10,7,14,477
46.5,10,7,15,479
46.5,10,8,0,450
46.5,10,8,1,452
46.5,10,8,2,454
46.5,10,8,3,456
46.5,10,8,4,458
46.5,10,8,5,460
46.5,10,8,6,463
46.5,10,8,7,465
46.5,10,8,8,467
46.5,10,8,9,469
46.5,10,8,10,471
46.5,10,8,11,473
46.5,10,8,12,475
46.5,10,8,13,477
46.5,10,8,14,479
46.5,10,8,15,482
46.5,10,9,0,452
46.5,10,9,1,454
46.5,10,9,2,456
46.5,10,9,3,459
46.5,10,9,4,461
46.5,10,9,5,463
46.5,10,9,6,465
46.5,10,9,7,467
46.5,10,9,8,469
46.5,10,9,9,472
46.5,10,9,10,474
46.5,10,9,11,476
46.5,10,9,12,478
46.5,10,9,13,480
46.5,10,9,14,482
46.5,10,9,15,484
46.5,10,10,0,454
46.5,10,10,1,457
46.5,10,10,2,459
46.5,10,10,3,461
46.5,10,10,4,463
46.5,10,10,5,465
46.5,10,10,6,468
46.5,10,10,7,470
46.5,10,10,8,472
46.5,10,10,9,474
46.5,10,10,10,476
46.5,10,10,11,478
46.5,10,10,12,480
46.5,10,10,13,483
46.5,10,10,14,485
46.5,10,10,15,487
46.5,10,11,0,457
46.5,10,11,1,459
46.5,10,11,2,461
46.5,10,11,3,464
46.5,10,11,4,466
46.5,10,11,5,468
46.5,10,11,6,470
46.5,10,11,7,472
46.5,10,11,8,475
46.5,10,11,9,477
46.5,10,11,10,479
46.5,10,11,11,481
46.5,10,11,12,483
46.5,10,11,13,485
46.5,10,11,14,487
46.5,10,11,15,489
46.5,10,12,0,459
46.5,10,12,1,462
46.5,10,12,2,464
46.5,10,12,3,466
46.5,10,12,4,468
46.5,10,12,5,470
46.5,10,12,6,473
46.5,10,12,7,475
46.5,10,12,8,477
46.5,10,12,9,479
46.5,10,12,10,481
46.5,10,12,11,483
46.5,10,12,12,486
46.5,10,12,13,488
46.5,10,12,14,490
46.5,10,12,15,492
46.5,10,13,0,462
46.5,10,13,1,464
46.5,10,13,2,466
46.5,10,13,3,468
46.5,10,13,4,471
46.5,10,13,5,473
46.5,10,13,6,475
46.5,10,13,7,477
46.5,10,13,8,480
46.5,10,13,9,482
46.5,10,13,10,484
46.5,10,13,11,486
46.5,10,13,12,488
46.5,10,13,13,490
46.5,10,13,14,492
46.5,10,13,15,495
46.5,10,14,0,464
46.5,10,14,1,466
46.5,10,14,2,469
46.5,10,14,3,471
46.5,10,14,4,473
46.5,10,14,5,475
46.5,10,14,6,478
46.5,10,14,7,480
46.5,10,14,8,482
46.5,10,14,9,484
46.5,10,14,10,486
46.5,10,14,11,489
46.5,10,14,12,491
46.5,10,14,13,493
46.5,10,14,14,495
46.5,10,14,15,497
46.5,10,15,0,467
46.5,10,15,1,469
46.5,10,15,2,471
46.5,10,15,3,473
46.5,10,15,4,476
46.5,10,15,5,478
46.5,10,15,6,480
46.5,10,15,7,482
46.5,10,15,8,485
46.5,10,15,9,487
46.5,10,15,10,489
46.5,10,15,11,491
46.5,10,15,12,493
46.5,10,15,13,495
46.5,10,15,14,498
46.5,10,15,15,500
46.5,11,0,0,436
46.5,11,0,1,438
46.5,11,0,2,440
46.5,11,0,3,442
46.5,11,0,4,444
46.5,11,0,5,446
46.5,11,0,6,448
46.5,11,0,7,450
46.5,11,0,8,452
46.5,11,0,9,454
46.5,11,0,10,456
46.5,11,0,11,458
46.5,11,0,12,460
46.5,11,0,13,462
46.5,11,0,14,465
46.5,11,0,15,467
46.5,11,1,0,438
46.5,11,1,1,440
46.5,11,1,2,442
46.5,11,1,3,445
46.5,11,1,4,447
46.5,11,1,5,449
46.5,11,1,6,451
46.5,11,1,7,453
46.5,11,1,8,455
46.5,11,1,9,457
46.5,11,1,10,459
46.5,11,1,11,461
46.5,11,1,12,463
46.5,11,1,13,465
46.5,11,1,14,467
46.5,11,1,15,469
46.5,11,2,0,441
46.5,11,2,1,443
46.5,11,2,2,445
46.5,11,2,3,447
46.5,11,2,4,449
46.5,11,2,5,451
46.5,11,2,6,454
46.5,11,2,7,456
46.5,11,2,8,458
46.5,11,2,9,460
46.5,11,2,10,462
46.5,11,2,11,464
46.5,11,2,12,466
46.5,11,2,13,468
46.5,11,2,14,470
46.5,11,2,15,472
46.5,11,3,0,443
46.5,11,3,1,446
46.5,11,3,2,448
46.5,11,3,3,450
46.5,11,3,4,452
46.5,11,3,5,454
46.5,11,3,6,456
46.5,11,3,7,458
46.5,11,3,8,460
46.5,11,3,9,463
46.5,11,3,10,465
46.5,11,3,11,467
46.5,11,3,12,469
46.5,11,3,13,471
46.5,11,3,14,473
46.5,11,3,15,475
46.5,11,4,0,446
46.5,11,4,1,448
46.5,11,4,2,450
46.5,11,4,3,452
46.5,11,4,4,455
46.5,11,4,5,457
46.5,11,4,6,459
46.5,11,4,7,461
46.5,11,4,8,463
46.5,11,4,9,465
46.5,11,4,10,467
46.5,11,4,11,469
46.5,11,4,12,471
46.5,11,4,13,474
46.5,11,4,14,476
46.5,11,4,15,478
46.5,11,5,0,448
46.5,11,5,1,451
46.5,11,5,2,453
46.5,11,5,3,455
46.5,11,5,4,457
46.5,11,5,5,459
46.5,11,5,6,461
46.5,11,5,7,464
46.5,11,5,8,466
46.5,11,5,9,468
46.5,11,5,10,470
46.5,11,5,11,472
46.5,11,5,12,474
46.5,11,5,13,476
46.5,11,5,14,478
46.5,11,5,15,480
46.5,11,6,0,451
46.5,11,6,1,453
46.5,11,6,2,455
46.5,11,6,3,458
46.5,11,6,4,460
46.5,11,6,5,462
46.5,11,6,6,464
46.5,11,6,7,466
46.5,11,6,8,468
46.5,11,6,9,471
46.5,11,6,10,473
46.5,11,6,11,475
46.5,11,6,12,477
46.5,11,6,13,479
46.5,11,6,14,481
46.5,11,6,15,483
46.5,11,7,0,454
46.5,11,7,1,456
46.5,11,7,2,458
46.5,11,7,3,460
46.5,11,7,4,462
46.5,11,7,5,465
46.5,11,7,6,467
46.5,11,7,7,469
46.5,11,7,8,471
46.5,11,7,9,473
46.5,11,7,10,475
46.5,11,7,11,477
46.5,11,7,12,480
46.5,11,7,13,482
46.5,11,7,14,484
46.5,11,7,15,486
46.5,11,8,0,456
46.5,11,8,1,458
46.5,11,8,2,461
46.5,11,8,3,463
46.5,11,8,4,465
46.5,11,8,5,467
46.5,11,8,6,469
46.5,11,8,7,471
46.5,11,8,8,474
46.5,11,8,9,476
46.5,11,8,10,478
46.5,11,8,11,480
46.5,11,8,12,482
46.5,11,8,13,484
46.5,11,8,14,486
46.5,11,8,15,488
46.5,11,9,0,459
46.5,11,9,1,461
46.5,11,9,2,463
46.5,11,9,3,465
46.5,11,9,4,467
46.5,11,9,5,470
46.5,11,9,6,472
46.5,11,9,7,474
46.5,11,9,8,476
46.5,11,9,9,478
46.5,11,9,10,481
46.5,11,9,11,483
46.5,11,9,12,485
46.5,11,9,13,487
46.5,11,9,14,489
46.5,11,9,15,491
46.5,11,10,0,461
46.5,11,10,1,463
46.5,11,10,2,466
46.5,11,10,3,468
46.5,11,10,4,470
46.5,11,10,5,472
46.5,11,10,6,474
46.5,11,10,7,477
46.5,11,10,8,479
46.5,11,10,9,481
46.5,11,10,10,483
46.5,11,10,11,485
46.5,11,10,12,487
46.5,11,10,13,490
46.5,11,10,14,492
46.5,11,10,15,494
46.5,11,11,0,464
46.5,11,11,1,466
46.5,11,11,2,468
46.5,11,11,3,470
46.5,11,11,4,473
46.5,11,11,5,475
46.5,11,11,6,477
46.5,11,11,7,479
46.5,11,11,8,481
46.5,11,11,9,484
46.5,11,11,10,486
46.5,11,11,11,488
46.5,11,11,12,490
46.5,11,11,13,492
46.5,11,11,14,494
46.5,11,11,15,496
46.5,11,12,0,466
46.5,11,12,1,468
46.5,11,12,2,471
46.5,11,12,3,473
46.5,11,12,4,475
46.5,11,12,5,477
46.5,11,12,6,480
46.5,11,12,7,482
46.5,11,12,8,484
46.5,11,12,9,486
46.5,11,12,10,488
46.5,11,12,11,491
46.5,11,12,12,493
46.5,11,12,13,495
46.5,11,12,14,497
46.5,11,12,15,499
46.5,11,13,0,468
46.5,11,13,1,471
46.5,11,13,2,473
46.5,11,13,3,475
46.5,11,13,4,478
46.5,11,13,5,480
46.5,11,13,6,482
46.5,11,13,7,484
46.5,11,13,8,486
46.5,11,13,9,489
46.5,11,13,10,491
46.5,11,13,11,493
46.5,11,13,12,495
46.5,11,13,13,497
46.5,11,13,14,500
46.5,11,13,15,502
46.5,11,14,0,471
46.5,11,14,1,473
46.5,11,14,2,475
46.5,11,14,3,478
46.5,11,14,4,480
46.5,11,14,5,482
46.5,11,14,6,485
46.5,11,14,7,487
46.5,11,14,8,489
46.5,11,14,9,491
46.5,11,14,10,493
46.5,11,14,11,496
46.5,11,14,12,498
46.5,11,14,13,500
46.5,11,14,14,502
46.5,11,14,15,504
46.5,11,15,0,473
46.5,11,15,1,476
46.5,11,15,2,478
46.5,11,15,3,480
46.5,11,15,4,483
46.5,11,15,5,485
46.5,11,15,6,487
46.5,11,15,7,489
46.5,11,15,8,492
46.5,11,15,9,494
46.5,11,15,10,496
46.5,11,15,11,498
46.5,11,15,12,500
46.5,11,15,13,503
46.5,11,15,14,505
46.5,11,15,15,507
46.5,12,0,0,442
46.5,12,0,1,444
46.5,12,0,2,446
46.5,12,0,3,448
46.5,12,0,4,450
46.5,12,0,5,452
46.5,12,0,6,455
46.5,12,0,7,457
46.5,12,0,8,459
46.5,12,0,9,461
46.5,12,0,10,463
46.5,12,0,11,465
46.5,12,0,12,467
46.5,12,0,13,469
46.5,12,0,14,471
46.5,12,0,15,473
46.5,12,1,0,444
46.5,12,1,1,447
46.5,12,1,2,449
46.5,12,1,3,451
46.5,12,1,4,453
46.5,12,1,5,455
46.5,12,1,6,457
46.5,12,1,7,459
46.5,12,1,8,462
46.5,12,1,9,464
46.5,12,1,10,466
46.5,12,1,11,468
46.5,12,1,12,470
46.5,12,1,13,472
46.5,12,1,14,474
46.5,12,1,15,476
46.5,12,2,0,447
46.5,12,2,1,449
46.5,12,2,2,451
46.5,12,2,3,454
46.5,12,2,4,456
46.5,12,2,5,458
46.5,12,2,6,460
46.5,12,2,7,462
46.5,12,2,8,464
46.5,12,2,9,466
46.5,12,2,10,468
46.5,12,2,11,471
46.5,12,2,12,473
46.5,12,2,13,475
46.5,12,2,14,477
46.5,12,2,15,479
46.5,12,3,0,450
46.5,12,3,1,452
46.5,12,3,2,454
46.5,12,3,3,456
46.5,12,3,4,458
46.5,12,3,5,461
46.5,12,3,6,463
46.5,12,3,7,465
46.5,12,3,8,467
46.5,12,3,9,469
46.5,12,3,10,471
46.5,12,3,11,473
46.5,12,3,12,475
46.5,12,3,13,478
46.5,12,3,14,480
46.5,12,3,15,482
46.5,12,4,0,452
46.5,12,4,1,455
46.5,12,4,2,457
46.5,12,4,3,459
46.5,12,4,4,461
46.5,12,4,5,463
46.5,12,4,6,465
46.5,12,4,7,468
46.5,12,4,8,470
46.5,12,4,9,472
46.5,12,4,10,474
46.5,12,4,11,476
46.5,12,4,12,478
46.5,12,4,13,480
46.5,12,4,14,482
46.5,12,4,15,484
46.5,12,5,0,455
46.5,12,5,1,457
46.5,12,5,2,459
46.5,12,5,3,462
46.5,12,5,4,464
46.5,12,5,5,466
46.5,12,5,6,468
46.5,12,5,7,470
46.5,12,5,8,472
46.5,12,5,9,475
46.5,12,5,10,477
46.5,12,5,11,479
46.5,12,5,12,481
46.5,12,5,13,483
46.5,12,5,14,485
46.5,12,5,15,487
46.5,12,6,0,457
46.5,12,6,1,460
46.5,12,6,2,462
46.5,12,6,3,464
46.5,12,6,4,466
46.5,12,6,5,469
46.5,12,6,6,471
46.5,12,6,7,473
46.5,12,6,8,475
46.5,12,6,9,477
46.5,12,6,10,479
46.5,12,6,11,482
46.5,12,6,12,484
46.5,12,6,13,486
46.5,12,6,14,488
46.5,12,6,15,490
46.5,12,7,0,460
46.5,12,7,1,462
46.5,12,7,2,465
46.5,12,7,3,467
46.5,12,7,4,469
46.5,12,7,5,471
46.5,12,7,6,473
46.5,12,7,7,476
46.5,12,7,8,478
46.5,12,7,9,480
46.5,12,7,10,482
46.5,12,7,11,484
46.5,12,7,12,486
46.5,12,7,13,489
46.5,12,7,14,491
46.5,12,7,15,493
46.5,12,8,0,463
46.5,12,8,1,465
46.5,12,8,2,467
46.5,12,8,3,469
46.5,12,8,4,472
46.5,12,8,5,474
46.5,12,8,6,476
46.5,12,8,7,478
46.5,12,8,8,480
46.5,12,8,9,483
46.5,12,8,10,485
46.5,12,8,11,487
46.5,12,8,12,489
46.5,12,8,13,491
46.5,12,8,14,493
46.5,12,8,15,495
46.5,12,9,0,465
46.5,12,9,1,467
46.5,12,9,2,470
46.5,12,9,3,472
46.5,12,9,4,474
46.5,12,9,5,476
46.5,12,9,6,479
46.5,12,9,7,481
46.5,12,9,8,483
46.5,12,9,9,485
46.5,12,9,10,487
46.5,12,9,11,490
46.5,12,9,12,492
46.5,12,9,13,494
46.5,12,9,14,496
46.5,12,9,15,498
46.5,12,10,0,468
46.5,12,10,1,470
46.5,12,10,2,472
46.5,12,10,3,474
46.5,12,10,4,477
46.5,12,10,5,479
46.5,12,10,6,481
46.5,12,10,7,483
46.5,12,10,8,486
46.5,12,10,9,488
46.5,12,10,10,490
46.5,12,10,11,492
46.5,12,10,12,494
46.5,12,10,13,497
46.5,12,10,14,499
46.5,12,10,15,501
46.5,12,11,0,470
46.5,12,11,1,472
46.5,12,11,2,475
46.5,12,11,3,477
46.5,12,11,4,479
46.5,12,11,5,482
46.5,12,11,6,484
46.5,12,11,7,486
46.5,12,11,8,488
46.5,12,11,9,490
46.5,12,11,10,493
46.5,12,11,11,495
46.5,12,11,12,497
46.5,12,11,13,499
46.5,12,11,14,501
46.5,12,11,15,504
46.5,12,12,0,473
46.5,12,12,1,475
46.5,12,12,2,477
46.5,12,12,3,480
46.5,12,12,4,482
46.5,12,12,5,484
46.5,12,12,6,486
46.5,12,12,7,489
46.5,12,12,8,491
46.5,12,12,9,493
46.5,12,12,10,495
46.5,12,12,11,498
46.5,12,12,12,500
46.5,12,12,13,502
46.5,12,12,14,504
46.5,12,12,15,506
46.5,12,13,0,475
46.5,12,13,1,477
46.5,12,13,2,480
46.5,12,13,3,482
46.5,12,13,4,484
46.5,12,13,5,487
46.5,12,13,6,489
46.5,12,13,7,491
46.5,12,13,8,493
46.5,12,13,9,496
46.5,12,13,10,498
46.5,12,13,11,500
46.5,12,13,12,502
46.5,12,13,13,505
46.5,12,13,14,507
46.5,12,13,15,509
46.5,12,14,0,478
46.5,12,14,1,480
46.5,12,14,2,482
46.5,12,14,3,485
46.5,12,14,4,487
46.5,12,14,5,489
46.5,12,14,6,491
46.5,12,14,7,494
46.5,12,14,8,496
46.5,12,14,9,498
46.5,12,14,10,501
46.5,12,14,11,503
46.5,12,14,12,505
46.5,12,14,13,507
46.5,12,14,14,509
46.5,12,14,15,512
46.5,12,15,0,480
46.5,12,15,1,482
46.5,12,15,2,485
46.5,12,15,3,487
46.5,12,15,4,489
46.5,12,15,5,492
46.5,12,15,6,494
46.5,12,15,7,496
46.5,12,15,8,499
46.5,12,15,9,501
46.5,12,15,10,503
46.5,12,15,11,505
46.5,12,15,12,508
46.5,12,15,13,510
46.5,12,15,14,512
46.5,12,15,15,514
46.5,13,0,0,448
46.5,13,0,1,450
46.5,13,0,2,452
46.5,13,0,3,455
46.5,13,0,4,457
46.5,13,0,5,459
46.5,13,0,6,461
46.5,13,0,7,463
46.5,13,0,8,465
46.5,13,0,9,467
46.5,13,0,10,469
46.5,13,0,11,472
46.5,13,0,12,474
46.5,13,0,13,476
46.5,13,0,14,478
46.5,13,0,15,480
46.5,13,1,0,451
46.5,13,1,1,453
46.5,13,1,2,455
46.5,13,1,3,457
46.5,13,1,4,459
46.5,13,1,5,462
46.5,13,1,6,464
46.5,13,1,7,466
46.5,13,1,8,468
46.5,13,1,9,470
46.5,13,1,10,472
46.5,13,1,11,474
46.5,13,1,12,476
46.5,13,1,13,479
46.5,13,1,14,481
46.5,13,1,15,483
46.5,13,2,0,453
46.5,13,2,1,456
46.5,13,2,2,458
46.5,13,2,3,460
46.5,13,2,4,462
46.5,13,2,5,464
46.5,13,2,6,467
46.5,13,2,7,469
46.5,13,2,8,471
46.5,13,2,9,473
46.5,13,2,10,475
46.5,13,2,11,477
46.5,13,2,12,479
46.5,13,2,13,481
46.5,13,2,14,484
46.5,13,2,15,486
46.5,13,3,0,456
46.5,13,3,1,458
46.5,13,3,2,460
46.5,13,3,3,463
46.5,13,3,4,465
46.5,13,3,5,467
46.5,13,3,6,469
46.5,13,3,7,471
46.5,13,3,8,474
46.5,13,3,9,476
46.5,13,3,10,478
46.5,13,3,11,480
46.5,13,3,12,482
46.5,13,3,13,484
46.5,13,3,14,486
46.5,13,3,15,488
46.5,13,4,0,459
46.5,13,4,1,461
46.5,13,4,2,463
46.5,13,4,3,465
46.5,13,4,4,468
46.5,13,4,5,470
46.5,13,4,6,472
46.5,13,4,7,474
46.5,13,4,8,476
46.5,13,4,9,479
46.5,13,4,10,481
46.5,13,4,11,483
46.5,13,4,12,485
46.5,13,4,13,487
46.5,13,4,14,489
46.5,13,4,15,491
46.5,13,5,0,461
46.5,13,5,1,464
46.5,13,5,2,466
46.5,13,5,3,468
46.5,13,5,4,470
46.5,13,5,5,472
46.5,13,5,6,475
46.5,13,5,7,477
46.5,13,5,8,479
46.5,13,5,9,481
46.5,13,5,10,483
46.5,13,5,11,486
46.5,13,5,12,488
46.5,13,5,13,490
46.5,13,5,14,492
46.5,13,5,15,494
46.5,13,6,0,464
46.5,13,6,1,466
46.5,13,6,2,468
46.5,13,6,3,471
46.5,13,6,4,473
46.5,13,6,5,475
46.5,13,6,6,477
46.5,13,6,7,480
46.5,13,6,8,482
46.5,13,6,9,484
46.5,13,6,10,486
46.5,13,6,11,488
46.5,13,6,12,490
46.5,13,6,13,493
46.5,13,6,14,495
46.5,13,6,15,497
46.5,13,7,0,467
46.5,13,7,1,469
46.5,13,7,2,471
46.5,13,7,3,473
46.5,13,7,4,476
46.5,13,7,5,478
46.5,13,7,6,480
46.5,13,7,7,482
46.5,13,7,8,484
46.5,13,7,9,487
46.5,13,7,10,489
46.5,13,7,11,491
46.5,13,7,12,493
46.5,13,7,13,495
46.5,13,7,14,498
46.5,13,7,15,500
46.5,13,8,0,469
46.5,13,8,1,471
46.5,13,8,2,474
46.5,13,8,3,476
46.5,13,8,4,478
46.5,13,8,5,480
46.5,13,8,6,483
46.5,13,8,7,485
46.5,13,8,8,487
46.5,13,8,9,489
46.5,13,8,10,492
46.5,13,8,11,494
46.5,13,8,12,496
46.5,13,8,13,498
46.5,13,8,14,500
46.5,13,8,15,502
46.5,13,9,0,472
46.5,13,9,1,474
46.5,13,9,2,476
46.5,13,9,3,479
46.5,13,9,4,481
46.5,13,9,5,483
46.5,13,9,6,485
46.5,13,9,7,488
46.5,13,9,8,490
46.5,13,9,9,492
46.5,13,9,10,494
46.5,13,9,11,496
46.5,13,9,12,499
46.5,13,9,13,501
46.5,13,9,14,503
46.5,13,9,15,505
46.5,13,10,0,474
46.5,13,10,1,477
46.5,13,10,2,479
46.5,13,10,3,481
46.5,13,10,4,483
46.5,13,10,5,486
46.5,13,10,6,488
46.5,13,10,7,490
46.5,13,10,8,493
46.5,13,10,9,495
46.5,13,10,10,497
46.5,13,10,11,499
46.5,13,10,12,501
46.5,13,10,13,504
46.5,13,10,14,506
46.5,13,10,15,508
46.5,13,11,0,477
46.5,13,11,1,479
46.5,13,11,2,481
46.5,13,11,3,484
46.5,13,11,4,486
46.5,13,11,5,488
46.5,13,11,6,491
46.5,13,11,7,493
46.5,13,11,8,495
46.5,13,11,9,497
46.5,13,11,10,500
46.5,13,11,11,502
46.5,13,11,12,504
46.5,13,11,13,506
46.5,13,11,14,508
46.5,13,11,15,511
46.5,13,12,0,479
46.5,13,12,1,482
46.5,13,12,2,484
46.5,13,12,3,486
46.5,13,12,4,489
46.5,13,12,5,491
46.5,13,12,6,493
46.5,13,12,7,496
46.5,13,12,8,498
46.5,13,12,9,500
46.5,13,12,10,502
46.5,13,12,11,505
46.5,13,12,12,507
46.5,13,12,13,509
46.5,13,12,14,511
46.5,13,12,15,513
46.5,13,13,0,482
46.5,13,13,1,484
46.5,13,13,2,487
46.5,13,13,3,489
46.5,13,13,4,491
46.5,13,13,5,494
46.5,13,13,6,496
46.5,13,13,7,498
46.5,13,13,8,500
46.5,13,13,9,503
46.5,13,13,10,505
46.5,13,13,11,507
46.5,13,13,12,509
46.5,13,13,13,512
46.5,13,13,14,514
46.5,13,13,15,516
46.5,13,14,0,484
46.5,13,14,1,487
46.5,13,14,2,489
46.5,13,14,3,491
46.5,13,14,4,494
46.5,13,14,5,496
46.5,13,14,6,498
46.5,13,14,7,501
46.5,13,14,8,503
46.5,13,14,9,505
46.5,13,14,10,508
46.5,13,14,11,510
46.5,13,14,12,512
46.5,13,14,13,514
46.5,13,14,14,517
46.5,13,14,15,519
46.5,13,15,0,487
46.5,13,15,1,489
46.5,13,15,2,492
46.5,13,15,3,494
46.5,13,15,4,496
46.5,13,15,5,499
46.5,13,15,6,501
46.5,13,15,7,503
46.5,13,15,8,506
46.5,13,15,9,508
46.5,13,15,10,510
46.5,13,15,11,512
46.5,13,15,12,515
46.5,13,15,13,517
46.5,13,15,14,519
46.5,13,15,15,521
46.5,14,0,0,454
46.5,14,0,1,456
46.5,14,0,2,459
46.5,14,0,3,461
46.5,14,0,4,463
46.5,14,0,5,465
46.5,14,0,6,467
46.5,14,0,7,470
46.5,14,0,8,472
46.5,14,0,9,474
46.5,14,0,10,476
46.5,14,0,11,478
46.5,14,0,12,480
46.5,14,0,13,482
46.5,14,0,14,484
46.5,14,0,15,487
46.5,14,1,0,457
46.5,14,1,1,459
46.5,14,1,2,461
46.5,14,1,3,464
46.5,14,1,4,466
46.5,14,1,5,468
46.5,14,1,6,470
46.5,14,1,7,472
46.5,14,1,8,475
46.5,14,1,9,477
46.5,14,1,10,479
46.5,14,1,11,481
46.5,14,1,12,483
46.5,14,1,13,485
46.5,14,1,14,487
46.5,14,1,15,489
46.5,14,2,0,460
46.5,14,2,1,462
46.5,14,2,2,464
46.5,14,2,3,466
46.5,14,2,4,469
46.5,14,2,5,471
46.5,14,2,6,473
46.5,14,2,7,475
46.5,14,2,8,477
46.5,14,2,9,480
46.5,14,2,10,482
46.5,14,2,11,484
46.5,14,2,12,486
46.5,14,2,13,488
46.5,14,2,14,490
46.5,14,2,15,492
46.5,14,3,0,462
46.5,14,3,1,465
46.5,14,3,2,467
46.5,14,3,3,469
46.5,14,3,4,471
46.5,14,3,5,474
46.5,14,3,6,476
46.5,14,3,7,478
46.5,14,3,8,480
46.5,14,3,9,482
46.5,14,3,10,485
46.5,14,3,11,487
46.5,14,3,12,489
46.5,14,3,13,491
46.5,14,3,14,493
46.5,14,3,15,495
46.5,14,4,0,465
46.5,14,4,1,467
46.5,14,4,2,470
46.5,14,4,3,472
46.5,14,4,4,474
46.5,14,4,5,476
46.5,14,4,6,479
46.5,14,4,7,481
46.5,14,4,8,483
46.5,14,4,9,485
46.5,14,4,10,487
46.5,14,4,11,490
46.5,14,4,12,492
46.5,14,4,13,494
46.5,14,4,14,496
46.5,14,4,15,498
46.5,14,5,0,468
46.5,14,5,1,470
46.5,14,5,2,472
46.5,14,5,3,475
46.5,14,5,4,477
46.5,14,5,5,479
46.5,14,5,6,481
46.5,14,5,7,484
46.5,14,5,8,486
46.5,14,5,9,488
46.5,14,5,10,490
46.5,14,5,11,492
46.5,14,5,12,494
46.5,14,5,13,497
46.5,14,5,14,499
46.5,14,5,15,501
46.5,14,6,0,470
46.5,14,6,1,473
46.5,14,6,2,475
46.5,14,6,3,477
46.5,14,6,4,480
46.5,14,6,5,482
46.5,14,6,6,484
46.5,14,6,7,486
46.5,14,6,8,488
46.5,14,6,9,491
46.5,14,6,10,493
46.5,14,6,11,495
46.5,14,6,12,497
46.5,14,6,13,499
46.5,14,6,14,502
46.5,14,6,15,504
46.5,14,7,0,473
46.5,14,7,1,475
46.5,14,7,2,478
46.5,14,7,3,480
46.5,14,7,4,482
46.5,14,7,5,484
46.5,14,7,6,487
46.5,14,7,7,489
46.5,14,7,8,491
46.5,14,7,9,493
46.5,14,7,10,496
46.5,14,7,11,498
46.5,14,7,12,500
46.5,14,7,13,502
46.5,14,7,14,504
46.5,14,7,15,507
46.5,14,8,0,476
46.5,14,8,1,478
46.5,14,8,2,480
46.5,14,8,3,483
46.5,14,8,4,485
46.5,14,8,5,487
46.5,14,8,6,489
46.5,14,8,7,492
46.5,14,8,8,494
46.5,14,8,9,496
46.5,14,8,10,498
46.5,14,8,11,501
46.5,14,8,12,503
46.5,14,8,13,505
46.5,14,8,14,507
46.5,14,8,15,509
46.5,14,9,0,478
46.5,14,9,1,481
46.5,14,9,2,483
46.5,14,9,3,485
46.5,14,9,4,488
46.5,14,9,5,490
46.5,14,9,6,492
46.5,14,9,7,494
46.5,14,9,8,497
46.5,14,9,9,499
46.5,14,9,10,501
46.5,14,9,11,503
46.5,14,9,12,506
46.5,14,9,13,508
46.5,14,9,14,510
46.5,14,9,15,512
46.5,14,10,0,481
46.5,14,10,1,483
46.5,14,10,2,486
46.5,14,10,3,488
46.5,14,10,4,490
46.5,14,10,5,492
46.5,14,10,6,495
46.5,14,10,7,497
46.5,14,10,8,499
46.5,14,10,9,502
46.5,14,10,10,504
46.5,14,10,11,506
46.5,14,10,12,508
46.5,14,10,13,511
46.5,14,10,14,513
46.5,14,10,15,515
46.5,14,11,0,483
46.5,14,11,1,486
46.5,14,11,2,488
46.5,14,11,3,490
46.5,14,11,4,493
46.5,14,11,5,495
46.5,14,11,6,497
46.5,14,11,7,500
46.5,14,11,8,502
46.5,14,11,9,504
46.5,14,11,10,507
46.5,14,11,11,509
46.5,14,11,12,511
46.5,14,11,13,513
46.5,14,11,14,516
46.5,14,11,15,518
46.5,14,12,0,486
46.5,14,12,1,488
46.5,14,12,2,491
46.5,14,12,3,493
46.5,14,12,4,495
46.5,14,12,5,498
46.5,14,12,6,500
46.5,14,12,7,502
46.5,14,12,8,505
46.5,14,12,9,507
46.5,14,12,10,509
46.5,14,12,11,512
46.5,14,12,12,514
46.5,14,12,13,516
46.5,14,12,14,518
46.5,14,12,15,521
46.5,14,13,0,489
46.5,14,13,1,491
46.5,14,13,2,493
46.5,14,13,3,496
46.5,14,13,4,498
46.5,14,13,5,500
46.5,14,13,6,503
46.5,14,13,7,505
46.5,14,13,8,507
46.5,14,13,9,510
46.5,14,13,10,512
46.5,14,13,11,514
46.5,14,13,12,517
46.5,14,13,13,519
46.5,14,13,14,521
46.5,14,13,15,523
46.5,14,14,0,491
46.5,14,14,1,493
46.5,14,14,2,496
46.5,14,14,3,498
46.5,14,14,4,501
46.5,14,14,5,503
46.5,14,14,6,505
46.5,14,14,7,508
46.5,14,14,8,510
46.5,14,14,9,512
46.5,14,14,10,515
46.5,14,14,11,517
46.5,14,14,12,519
46.5,14,14,13,521
46.5,14,14,14,524
46.5,14,14,15,526
46.5,14,15,0,494
46.5,14,15,1,496
46.5,14,15,2,498
46.5,14,15,3,501
46.5,14,15,4,503
46.5,14,15,5,506
46.5,14,15,6,508
46.5,14,15,7,510
46.5,14,15,8,513
46.5,14,15,9,515
46.5,14,15,10,517
46.5,14,15,11,520
46.5,14,15,12,522
46.5,14,15,13,524
46.5,14,15,14,526
46.5,14,15,15,529
46.5,15,0,0,460
46.5,15,0,1,463
46.5,15,0,2,465
46.5,15,0,3,467
46.5,15,0,4,469
46.5,15,0,5,472
46.5,15,0,6,474
46.5,15,0,7,476
46.5,15,0,8,478
46.5,15,0,9,480
46.5,15,0,10,483
46.5,15,0,11,485
46.5,15,0,12,487
46.5,15,0,13,489
46.5,15,0,14,491
46.5,15,0,15,493
46.5,15,1,0,463
46.5,15,1,1,465
46.5,15,1,2,468
46.5,15,1,3,470
46.5,15,1,4,472
46.5,15,1,5,474
46.5,15,1,6,477
46.5,15,1,7,479
46.5,15,1,8,481
46.5,15,1,9,483
46.5,15,1,10,485
46.5,15,1,11,488
46.5,15,1,12,490
46.5,15,1,13,492
46.5,15,1,14,494
46.5,15,1,15,496
46.5,15,2,0,466
46.5,15,2,1,468
46.5,15,2,2,471
46.5,15,2,3,473
46.5,15,2,4,475
46.5,15,2,5,477
46.5,15,2,6,480
46.5,15,2,7,482
46.5,15,2,8,484
46.5,15,2,9,486
46.5,15,2,10,488
46.5,15,2,11,490
46.5,15,2,12,493
46.5,15,2,13,495
46.5,15,2,14,497
46.5,15,2,15,499
46.5,15,3,0,469
46.5,15,3,1,471
46.5,15,3,2,473
46.5,15,3,3,476
46.5,15,3,4,478
46.5,15,3,5,480
46.5,15,3,6,482
46.5,15,3,7,485
46.5,15,3,8,487
46.5,15,3,9,489
46.5,15,3,10,491
46.5,15,3,11,493
46.5,15,3,12,496
46.5,15,3,13,498
46.5,15,3,14,500
46.5,15,3,15,502
46.5,15,4,0,471
46.5,15,4,1,474
46.5,15,4,2,476
46.5,15,4,3,478
46.5,15,4,4,481
46.5,15,4,5,483
46.5,15,4,6,485
46.5,15,4,7,487
46.5,15,4,8,490
46.5,15,4,9,492
46.5,15,4,10,494
46.5,15,4,11,496
46.5,15,4,12,498
46.5,15,4,13,501
46.5,15,4,14,503
46.5,15,4,15,505
46.5,15,5,0,474
46.5,15,5,1,476
46.5,15,5,2,479
46.5,15,5,3,481
46.5,15,5,4,483
46.5,15,5,5,486
46.5,15,5,6,488
46.5,15,5,7,490
46.5,15,5,8,492
46.5,15,5,9,495
46.5,15,5,10,497
46.5,15,5,11,499
46.5,15,5,12,501
46.5,15,5,13,503
46.5,15,5,14,506
46.5,15,5,15,508
46.5,15,6,0,477
46.5,15,6,1,479
46.5,15,6,2,481
46.5,15,6,3,484
46.5,15,6,4,486
46.5,15,6,5,488
46.5,15,6,6,491
46.5,15,6,7,493
46.5,15,6,8,495
46.5,15,6,9,497
46.5,15,6,10,500
46.5,15,6,11,502
46.5,15,6,12,504
46.5,15,6,13,506
46.5,15,6,14,509
46.5,15,6,15,511
46.5,15,7,0,480
46.5,15,7,1,482
46.5,15,7,2,484
46.5,15,7,3,487
46.5,15,7,4,489
46.5,15,7,5,491
46.5,15,7,6,493
46.5,15,7,7,496
46.5,15,7,8,498
46.5,15,7,9,500
46.5,15,7,10,502
46.5,15,7,11,505
46.5,15,7,12,507
46.5,15,7,13,509
46.5,15,7,14,511
46.5,15,7,15,514
46.5,15,8,0,482
46.5,15,8,1,485
46.5,15,8,2,487
46.5,15,8,3,489
46.5,15,8,4,492
46.5,15,8,5,494
46.5,15,8,6,496
46.5,15,8,7,498
46.5,15,8,8,501
46.5,15,8,9,503
46.5,15,8,10,505
46.5,15,8,11,508
46.5,15,8,12,510
46.5,15,8,13,512
46.5,15,8,14,514
46.5,15,8,15,516
46.5,15,9,0,485
46.5,15,9,1,487
46.5,15,9,2,490
46.5,15,9,3,492
46.5,15,9,4,494
46.5,15,9,5,497
46.5,15,9,6,499
46.5,15,9,7,501
46.5,15,9,8,503
46.5,15,9,9,506
46.5,15,9,10,508
46.5,15,9,11,510
46.5,15,9,12,513
46.5,15,9,13,515
46.5,15,9,14,517
46.5,15,9,15,519
46.5,15,10,0,487
46.5,15,10,1,490
46.5,15,10,2,492
46.5,15,10,3,495
46.5,15,10,4,497
46.5,15,10,5,499
46.5,15,10,6,502
46.5,15,10,7,504
46.5,15,10,8,506
46.5,15,10,9,509
46.5,15,10,10,511
46.5,15,10,11,513
46.5,15,10,12,515
46.5,15,10,13,518
46.5,15,10,14,520
46.5,15,10,15,522
46.5,15,11,0,490
46.5,15,11,1,492
46.5,15,11,2,495
46.5,15,11,3,497
46.5,15,11,4,500
46.5,15,11,5,502
46.5,15,11,6,504
46.5,15,11,7,507
46.5,15,11,8,509
46.5,15,11,9,511
46.5,15,11,10,514
46.5,15,11,11,516
46.5,15,11,12,518
46.5,15,11,13,520
46.5,15,11,14,523
46.5,15,11,15,525
46.5,15,12,0,493
46.5,15,12,1,495
46.5,15,12,2,497
46.5,15,12,3,500
46.5,15,12,4,502
46.5,15,12,5,505
46.5,15,12,6,507
46.5,15,12,7,509
46.5,15,12,8,512
46.5,15,12,9,514
46.5,15,12,10,516
46.5,15,12,11,519
46.5,15,12,12,521
46.5,15,12,13,523
46.5,15,12,14,525
46.5,15,12,15,528
46.5,15,13,0,495
46.5,15,13,1,498
46.5,15,13,2,500
46.5,15,13,3,502
46.5,15,13,4,505
46.5,15,13,5,507
46.5,15,13,6,510
46.5,15,13,7,512
46.5,15,13,8,514
46.5,15,13,9,517
46.5,15,13,10,519
46.5,15,13,11,521
46.5,15,13,12,524
46.5,15,13,13,526
46.5,15,13,14,528
46.5,15,13,15,530
46.5,15,14,0,498
46.5,15,14,1,500
46.5,15,14,2,503
46.5,15,14,3,505
46.5,15,14,4,507
46.5,15,14,5,510
46.5,15,14,6,512
46.5,15,14,7,515
46.5,15,14,8,517
46.5,15,14,9,519
46.5,15,14,10,522
46.5,15,14,11,524
46.5,15,14,12,526
46.5,15,14,13,529
46.5,15,14,14,531
46.5,15,14,15,533
46.5,15,15,0,500
46.5,15,15,1,503
46.5,15,15,2,505
46.5,15,15,3,508
46.5,15,15,4,510
46.5,15,15,5,513
46.5,15,15,6,515
46.5,15,15,7,517
46.5,15,15,8,520
46.5,15,15,9,522
46.5,15,15,10,524
46.5,15,15,11,527
46.5,15,15,12,529
46.5,15,15,13,531
46.5,15,15,14,534
46.5,15,15,15,536
47.0,0,0,0,369
47.0,0,0,1,371
47.0,0,0,2,373
47.0,0,0,3,375
47.0,0,0,4,376
47.0,0,0,5,378
47.0,0,0,6,380
47.0,0,0,7,382
47.0,0,0,8,383
47.0,0,0,9,385
47.0,0,0,10,387
47.0,0,0,11,389
47.0,0,0,12,390
47.0,0,0,13,392
47.0,0,0,14,394
47.0,0,0,15,396
47.0,0,1,0,371
47.0,0,1,1,373
47.0,0,1,2,375
47.0,0,1,3,377
47.0,0,1,4,379
47.0,0,1,5,380
47.0,0,1,6,382
47.0,0,1,7,384
47.0,0,1,8,386
47.0,0,1,9,388
47.0,0,1,10,389
47.0,0,1,11,391
47.0,0,1,12,393
47.0,0,1,13,394
47.0,0,1,14,396
47.0,0,1,15,398
47.0,0,2,0,374
47.0,0,2,1,376
47.0,0,2,2,377
47.0,0,2,3,379
47.0,0,2,4,381
47.0,0,2,5,383
47.0,0,2,6,385
47.0,0,2,7,386
47.0,0,2,8,388
47.0,0,2,9,390
47.0,0,2,10,392
47.0,0,2,11,393
47.0,0,2,12,395
47.0,0,2,13,397
47.0,0,2,14,399
47.0,0,2,15,400
47.0,0,3,0,376
47.0,0,3,1,378
47.0,0,3,2,380
47.0,0,3,3,381
47.0,0,3,4,383
47.0,0,3,5,385
47.0,0,3,6,387
47.0,0,3,7,389
47.0,0,3,8,390
47.0,0,3,9,392
47.0,0,3,10,394
47.0,0,3,11,396
47.0,0,3,12,397
47.0,0,3,13,399
47.0,0,3,14,401
47.0,0,3,15,403
47.0,0,4,0,378
47.0,0,4,1,380
47.0,0,4,2,382
47.0,0,4,3,384
47.0,0,4,4,385
47.0,0,4,5,387
47.0,0,4,6,389
47.0,0,4,7,391
47.0,0,4,8,393
47.0,0,4,9,394
47.0,0,4,10,396
47.0,0,4,11,398
47.0,0,4,12,400
47.0,0,4,13,401
47.0,0,4,14,403
47.0,0,4,15,405
47.0,0,5,0,380
47.0,0,5,1,382
47.0,0,5,2,384
47.0,0,5,3,386
47.0,0,5,4,388
47.0,0,5,5,389
47.0,0,5,6,391
47.0,0,5,7,393
47.0,0,5,8,395
47.0,0,5,9,397
47.0,0,5,10,398
47.0,0,5,11,400
47.0,0,5,12,402
47.0,0,5,13,404
47.0,0,5,14,406
47.0,0,5,15,407
47.0,0,6,0,382
47.0,0,6,1,384
47.0,0,6,2,386
47.0,0,6,3,388
47.0,0,6,4,390
47.0,0,6,5,392
47.0,0,6,6,393
47.0,0,6,7,395
47.0,0,6,8,397
47.0,0,6,9,399
47.0,0,6,10,401
47.0,0,6,11,403
47.0,0,6,12,404
47.0,0,6,13,406
47.0,0,6,14,408
47.0,0,6,15,410
47.0,0,7,0,385
47.0,0,7,1,386
47.0,0,7,2,388
47.0,0,7,3,390
47.0,0,7,4,392
47.0,0,7,5,394
47.0,0,7,6,396
47.0,0,7,7,398
47.0,0,7,8,399
47.0,0,7,9,401
47.0,0,7,10,403
47.0,0,7,11,405
47.0,0,7,12,407
47.0,0,7,13,408
47.0,0,7,14,410
47.0,0,7,15,412
47.0,0,8,0,387
47.0,0,8,1,389
47.0,0,8,2,390
47.0,0,8,3,392
47.0,0,8,4,394
47.0,0,8,5,396
47.0,0,8,6,398
47.0,0,8,7,400
47.0,0,8,8,402
47.0,0,8,9,403
47.0,0,8,10,405
47.0,0,8,11,407
47.0,0,8,12,409
47.0,0,8,13,411
47.0,0,8,14,412
47.0,0,8,15,414
47.0,0,9,0,389
47.0,0,9,1,391
47.0,0,9,2,393
47.0,0,9,3,394
47.0,0,9,4,396
47.0,0,9,5,398
47.0,0,9,6,400
47.0,0,9,7,402
47.0,0,9,8,404
47.0,0,9,9,406
47.0,0,9,10,407
47.0,0,9,11,409
47.0,0,9,12,411
47.0,0,9,13,413
47.0,0,9,14,415
47.0,0,9,15,416
47.0,0,10,0,391
47.0,0,10,1,393
47.0,0,10,2,395
47.0,0,10,3,397
47.0,0,10,4,398
47.0,0,10,5,400
47.0,0,10,6,402
47.0,0,10,7,404
47.0,0,10,8,406
47.0,0,10,9,408
47.0,0,10,10,410
47.0,0,10,11,411
47.0,0,10,12,413
47.0,0,10,13,415
47.0,0,10,14,417
47.0,0,10,15,419
47.0,0,11,0,393
47.0,0,11,1,395
47.0,0,11,2,397
47.0,0,11,3,399
47.0,0,11,4,401
47.0,0,11,5,403
47.0,0,11,6,404
47.0,0,11,7,406
47.0,0,11,8,408
47.0,0,11,9,410
47.0,0,11,10,412
47.0,0,11,11,414
47.0,0,11,12,415
47.0,0,11,13,417
47.0,0,11,14,419
47.0,0,11,15,421
47.0,0,12,0,395
47.0,0,12,1,397
47.0,0,12,2,399
47.0,0,12,3,401
47.0,0,12,4,403
47.0,0,12,5,405
47.0,0,12,6,407
47.0,0,12,7,408
47.0,0,12,8,410
47.0,0,12,9,412
47.0,0,12,10,414
47.0,0,12,11,416
47.0,0,12,12,418
47.0,0,12,13,420
47.0,0,12,14,421
47.0,0,12,15,423
47.0,0,13,0,397
47.0,0,13,1,399
47.0,0,13,2,401
47.0,0,13,3,403
47.0,0,13,4,405
47.0,0,13,5,407
47.0,0,13,6,409
47.0,0,13,7,411
47.0,0,13,8,412
47.0,0,13,9,414
47.0,0,13,10,416
47.0,0,13,11,418
47.0,0,13,12,420
47.0,0,13,13,422
47.0,0,13,14,424
47.0,0,13,15,425
47.0,0,14,0,399
47.0,0,14,1,401
47.0,0,14,2,403
47.0,0,14,3,405
47.0,0,14,4,407
47.0,0,14,5,409
47.0,0,14,6,411
47.0,0,14,7,413
47.0,0,14,8,415
47.0,0,14,9,416
47.0,0,14,10,418
47.0,0,14,11,420
47.0,0,14,12,422
47.0,0,14,13,424
47.0,0,14,14,426
47.0,0,14,15,428
47.0,0,15,0,401
47.0,0,15,1,403
47.0,0,15,2,405
47.0,0,15,3,407
47.0,0,15,4,409
47.0,0,15,5,411
47.0,0,15,6,413
47.0,0,15,7,415
47.0,0,15,8,417
47.0,0,15,9,419
47.0,0,15,10,421
47.0,0,15,11,422
47.0,0,15,12,424
47.0,0,15,13,426
47.0,0,15,14,428
47.0,0,15,15,430
47.0,1,0,0,376
47.0,1,0,1,377
47.0,1,0,2,379
47.0,1,0,3,381
47.0,1,0,4,383
47.0,1,0,5,385
47.0,1,0,6,386
47.0,1,0,7,388
47.0,1,0,8,390
47.0,1,0,9,392
47.0,1,0,10,394
47.0,1,0,11,395
47.0,1,0,12,397
47.0,1,0,13,399
47.0,1,0,14,400
47.0,1,0,15,402
47.0,1,1,0,378
47.0,1,1,1,380
47.0,1,1,2,381
47.0,1,1,3,383
47.0,1,1,4,385
47.0,1,1,5,387
47.0,1,1,6,389
47.0,1,1,7,391
47.0,1,1,8,392
47.0,1,1,9,394
47.0,1,1,10,396
47.0,1,1,11,398
47.0,1,1,12,399
47.0,1,1,13,401
47.0,1,1,14,403
47.0,1,1,15,405
47.0,1,2,0,380
47.0,1,2,1,382
47.0,1,2,2,384
47.0,1,2,3,386
47.0,1,2,4,387
47.0,1,2,5,389
47.0,1,2,6,391
47.0,1,2,7,393
47.0,1,2,8,395
47.0,1,2,9,396
47.0,1,2,10,398
47.0,1,2,11,400
47.0,1,2,12,402
47.0,1,2,13,404
47.0,1,2,14,405
47.0,1,2,15,407
47.0,1,3,0,382
47.0,1,3,1,384
47.0,1,3,2,386
47.0,1,3,3,388
47.0,1,3,4,390
47.0,1,3,5,392
47.0,1,3,6,393
47.0,1,3,7,395
47.0,1,3,8,397
47.0,1,3,9,399
47.0,1,3,10,401
47.0,1,3,11,402
47.0,1,3,12,404
47.0,1,3,13,406
47.0,1,3,14,408
47.0,1,3,15,409
47.0,1,4,0,384
47.0,1,4,1,386
47.0,1,4,2,388
47.0,1,4,3,390
47.0,1,4,4,392
47.0,1,4,5,394
47.0,1,4,6,396
47.0,1,4,7,397
47.0,1,4,8,399
47.0,1,4,9,401
47.0,1,4,10,403
47.0,1,4,11,405
47.0,1,4,12,406
47.0,1,4,13,408
47.0,1,4,14,410
47.0,1,4,15,412
47.0,1,5,0,387
47.0,1,5,1,389
47.0,1,5,2,390
47.0,1,5,3,392
47.0,1,5,4,394
47.0,1,5,5,396
47.0,1,5,6,398
47.0,1,5,7,400
47.0,1,5,8,402
47.0,1,5,9,403
47.0,1,5,10,405
47.0,1,5,11,407
47.0,1,5,12,409
47.0,1,5,13,411
47.0,1,5,14,412
47.0,1,5,15,414
47.0,1,6,0,389
47.0,1,6,1,391
47.0,1,6,2,393
47.0,1,6,3,395
47.0,1,6,4,396
47.0,1,6,5,398
47.0,1,6,6,400
47.0,1,6,7,402
47.0,1,6,8,404
47.0,1,6,9,406
47.0,1,6,10,408
47.0,1,6,11,409
47.0,1,6,12,411
47.0,1,6,13,413
47.0,1,6,14,415
47.0,1,6,15,417
47.0,1,7,0,391
47.0,1,7,1,393
47.0,1,7,2,395
47.0,1,7,3,397
47.0,1,7,4,399
47.0,1,7,5,401
47.0,1,7,6,402
47.0,1,7,7,404
47.0,1,7,8,406
47.0,1,7,9,408
47.0,1,7,10,410
47.0,1,7,11,412
47.0,1,7,12,413
47.0,1,7,13,415
47.0,1,7,14,417
47.0,1,7,15,419
47.0,1,8,0,393
47.0,1,8,1,395
47.0,1,8,2,397
47.0,1,8,3,399
47.0,1,8,4,401
47.0,1,8,5,403
47.0,1,8,6,405
47.0,1,8,7,407
47.0,1,8,8,408
47.0,1,8,9,410
47.0,1,8,10,412
47.0,1,8,11,414
47.0,1,8,12,416
47.0,1,8,13,418
47.0,1,8,14,419
47.0,1,8,15,421
47.0,1,9,0,395
47.0,1,9,1,397
47.0,1,9,2,399
47.0,1,9,3,401
47.0,1,9,4,403
47.0,1,9,5,405
47.0,1,9,6,407
47.0,1,9,7,409
47.0,1,9,8,411
47.0,1,9,9,412
47.0,1,9,10,414
47.0,1,9,11,416
47.0,1,9,12,418
47.0,1,9,13,420
47.0,1,9,14,422
47.0,1,9,15,423
47.0,1,10,0,398
47.0,1,10,1,399
47.0,1,10,2,401
47.0,1,10,3,403
47.0,1,10,4,405
47.0,1,10,5,407
47.0,1,10,6,409
47.0,1,10,7,411
47.0,1,10,8,413
47.0,1,10,9,415
47.0,1,10,10,417
47.0,1,10,11,418
47.0,1,10,12,420
47.0,1,10,13,422
47.0,1,10,14,424
47.0,1,10,15,426
47.0,1,11,0,400
47.0,1,11,1,402
47.0,1,11,2,404
47.0,1,11,3,406
47.0,1,11,4,407
47.0,1,11,5,409
47.0,1,11,6,411
47.0,1,11,7,413
47.0,1,11,8,415
47.0,1,11,9,417
47.0,1,11,10,419
47.0,1,11,11,421
47.0,1,11,12,423
47.0,1,11,13,424
47.0,1,11,14,426
47.0,1,11,15,428
47.0,1,12,0,402
47.0,1,12,1,404
47.0,1,12,2,406
47.0,1,12,3,408
47.0,1,12,4,410
47.0,1,12,5,412
47.0,1,12,6,413
47.0,1,12,7,415
47.0,1,12,8,417
47.0,1,12,9,419
47.0,1,12,10,421
47.0,1,12,11,423
47.0,1,12,12,425
47.0,1,12,13,427
47.0,1,12,14,429
47.0,1,12,15,430
47.0,1,13,0,404
47.0,1,13,1,406
47.0,1,13,2,408
47.0,1,13,3,410
47.0,1,13,4,412
47.0,1,13,5,414
47.0,1,13,6,416
47.0,1,13,7,418
47.0,1,13,8,419
47.0,1,13,9,421
47.0,1,13,10,423
47.0,1,13,11,425
47.0,1,13,12,427
47.0,1,13,13,429
47.0,1,13,14,431
47.0,1,13,15,433
47.0,1,14,0,406
47.0,1,14,1,408
47.0,1,14,2,410
47.0,1,14,3,412
47.0,1,14,4,414
47.0,1,14,5,416
47.0,1,14,6,418
47.0,1,14,7,420
47.0,1,14,8,422
47.0,1,14,9,424
47.0,1,14,10,425
47.0,1,14,11,427
47.0,1,14,12,429
47.0,1,14,13,431
47.0,1,14,14,433
47.0,1,14,15,435
47.0,1,15,0,408
47.0,1,15,1,410
47.0,1,15,2,412
47.0,1,15,3,414
47.0,1,15,4,416
47.0,1,15,5,418
47.0,1,15,6,420
47.0,1,15,7,422
47.0,1,15,8,424
47.0,1,15,9,426
47.0,1,15,10,428
47.0,1,15,11,430
47.0,1,15,12,431
47.0,1,15,13,433
47.0,1,15,14,435
47.0,1,15,15,437
47.0,2,0,0,382
47.0,2,0,1,384
47.0,2,0,2,386
47.0,2,0,3,387
47.0,2,0,4,389
47.0,2,0,5,391
47.0,2,0,6,393
47.0,2,0,7,395
47.0,2,0,8,396
47.0,2,0,9,398
47.0,2,0,10,400
47.0,2,0,11,402
47.0,2,0,12,404
47.0,2,0,13,405
47.0,2,0,14,407
47.0,2,0,15,409
47.0,2,1,0,384
47.0,2,1,1,386
47.0,2,1,2,388
47.0,2,1,3,390
47.0,2,1,4,392
47.0,2,1,5,393
47.0,2,1,6,395
47.0,2,1,7,397
47.0,2,1,8,399
47.0,2,1,9,401
47.0,2,1,10,402
47.0,2,1,11,404
47.0,2,1,12,406
47.0,2,1,13,408
47.0,2,1,14,410
47.0,2,1,15,411
47.0,2,2,0,386
47.0,2,2,1,388
47.0,2,2,2,390
47.0,2,2,3,392
47.0,2,2,4,394
47.0,2,2,5,396
47.0,2,2,6,398
47.0,2,2,7,399
47.0,2,2,8,401
47.0,2,2,9,403
47.0,2,2,10,405
47.0,2,2,11,407
47.0,2,2,12,408
47.0,2,2,13,410
47.0,2,2,14,412
47.0,2,2,15,414
47.0,2,3,0,389
47.0,2,3,1,391
47.0,2,3,2,392
47.0,2,3,3,394
47.0,2,3,4,396
47.0,2,3,5,398
47.0,2,3,6,400
47.0,2,3,7,402
47.0,2,3,8,404
47.0,2,3,9,405
47.0,2,3,10,407
47.0,2,3,11,409
47.0,2,3,12,411
47.0,2,3,13,413
47.0,2,3,14,414
47.0,2,3,15,416
47.0,2,4,0,391
47.0,2,4,1,393
47.0,2,4,2,395
47.0,2,4,3,397
47.0,2,4,4,398
47.0,2,4,5,400
47.0,2,4,6,402
47.0,2,4,7,404
47.0,2,4,8,406
47.0,2,4,9,408
47.0,2,4,10,410
47.0,2,4,11,411
47.0,2,4,12,413
47.0,2,4,13,415
47.0,2,4,14,417
47.0,2,4,15,419
47.0,2,5,0,393
47.0,2,5,1,395
47.0,2,5,2,397
47.0,2,5,3,399
47.0,2,5,4,401
47.0,2,5,5,403
47.0,2,5,6,405
47.0,2,5,7,406
47.0,2,5,8,408
47.0,2,5,9,410
47.0,2,5,10,412
47.0,2,5,11,414
47.0,2,5,12,416
47.0,2,5,13,417
47.0,2,5,14,419
47.0,2,5,15,421
47.0,2,6,0,395
47.0,2,6,1,397
47.0,2,6,2,399
47.0,2,6,3,401
47.0,2,6,4,403
47.0,2,6,5,405
47.0,2,6,6,407
47.0,2,6,7,409
47.0,2,6,8,411
47.0,2,6,9,412
47.0,2,6,10,414
47.0,2,6,11,416
47.0,2,6,12,418
47.0,2,6,13,420
47.0,2,6,14,422
47.0,2,6,15,423
47.0,2,7,0,398
47.0,2,7,1,400
47.0,2,7,2,401
47.0,2,7,3,403
47.0,2,7,4,405
47.0,2,7,5,407
47.0,2,7,6,409
47.0,2,7,7,411
47.0,2,7,8,413
47.0,2,7,9,415
47.0,2,7,10,417
47.0,2,7,11,418
47.0,2,7,12,420
47.0,2,7,13,422
47.0,2,7,14,424
47.0,2,7,15,426
47.0,2,8,0,400
47.0,2,8,1,402
47.0,2,8,2,404
47.0,2,8,3,406
47.0,2,8,4,408
47.0,2,8,5,409
47.0,2,8,6,411
47.0,2,8,7,413
47.0,2,8,8,415
47.0,2,8,9,417
47.0,2,8,10,419
47.0,2,8,11,421
47.0,2,8,12,423
47.0,2,8,13,425
47.0,2,8,14,426
47.0,2,8,15,428
47.0,2,9,0,402
47.0,2,9,1,404
47.0,2,9,2,406
47.0,2,9,3,408
47.0,2,9,4,410
47.0,2,9,5,412
47.0,2,9,6,414
47.0,2,9,7,416
47.0,2,9,8,417
47.0,2,9,9,419
47.0,2,9,10,421
47.0,2,9,11,423
47.0,2,9,12,425
47.0,2,9,13,427
47.0,2,9,14,429
47.0,2,9,15,431
47.0,2,10,0,404
47.0,2,10,1,406
47.0,2,10,2,408
47.0,2,10,3,410
47.0,2,10,4,412
47.0,2,10,5,414
47.0,2,10,6,416
47.0,2,10,7,418
47.0,2,10,8,420
47.0,2,10,9,422
47.0,2,10,10,424
47.0,2,10,11,425
47.0,2,10,12,427
47.0,2,10,13,429
47.0,2,10,14,431
47.0,2,10,15,433
47.0,2,11,0,406
47.0,2,11,1,408
47.0,2,11,2,410
47.0,2,11,3,412
47.0,2,11,4,414
47.0,2,11,5,416
47.0,2,11,6,418
47.0,2,11,7,420
47.0,2,11,8,422
47.0,2,11,9,424
47.0,2,11,10,426
47.0,2,11,11,428
47.0,2,11,12,430
47.0,2,11,13,431
47.0,2,11,14,433
47.0,2,11,15,435
47.0,2,12,0,408
47.0,2,12,1,410
47.0,2,12,2,412
47.0,2,12,3,414
47.0,2,12,4,416
47.0,2,12,5,418
47.0,2,12,6,420
47.0,2,12,7,422
47.0,2,12,8,424
47.0,2,12,9,426
47.0,2,12,10,428
47.0,2,12,11,430
47.0,2,12,12,432
47.0,2,12,13,434
47.0,2,12,14,436
47.0,2,12,15,438
47.0,2,13,0,411
47.0,2,13,1,413
47.0,2,13,2,415
47.0,2,13,3,417
47.0,2,13,4,419
47.0,2,13,5,421
47.0,2,13,6,423
47.0,2,13,7,425
47.0,2,13,8,426
47.0,2,13,9,428
47.0,2,13,10,430
47.0,2,13,11,432
47.0,2,13,12,434
47.0,2,13,13,436
47.0,2,13,14,438
47.0,2,13,15,440
47.0,2,14,0,413
47.0,2,14,1,415
47.0,2,14,2,417
47.0,2,14,3,419
47.0,2,14,4,421
47.0,2,14,5,423
47.0,2,14,6,425
47.0,2,14,7,427
47.0,2,14,8,429
47.0,2,14,9,431
47.0,2,14,10,433
47.0,2,14,11,434
47.0,2,14,12,436
47.0,2,14,13,438
47.0,2,14,14,440
47.0,2,14,15,442
47.0,2,15,0,415
47.0,2,15,1,417
47.0,2,15,2,419
47.0,2,15,3,421
47.0,2,15,4,423
47.0,2,15,5,425
47.0,2,15,6,427
47.0,2,15,7,429
47.0,2,15,8,431
47.0,2,15,9,433
47.0,2,15,10,435
47.0,2,15,11,437
47.0,2,15,12,439
47.0,2,15,13,441
47.0,2,15,14,442
47.0,2,15,15,444
47.0,3,0,0,388
47.0,3,0,1,390
47.0,3,0,2,392
47.0,3,0,3,394
47.0,3,0,4,396
47.0,3,0,5,397
47.0,3,0,6,399
47.0,3,0,7,401
47.0,3,0,8,403
47.0,3,0,9,405
47.0,3,0,10,407
47.0,3,0,11,408
47.0,3,0,12,410
47.0,3,0,13,412
47.0,3,0,14,414
47.0,3,0,15,416
47.0,3,1,0,390
47.0,3,1,1,392
47.0,3,1,2,394
47.0,3,1,3,396
47.0,3,1,4,398
47.0,3,1,5,400
47.0,3,1,6,402
47.0,3,1,7,404
47.0,3,1,8,405
47.0,3,1,9,407
47.0,3,1,10,409
47.0,3,1,11,411
47.0,3,1,12,413
47.0,3,1,13,415
47.0,3,1,14,416
47.0,3,1,15,418
47.0,3,2,0,393
47.0,3,2,1,395
47.0,3,2,2,397
47.0,3,2,3,398
47.0,3,2,4,400
47.0,3,2,5,402
47.0,3,2,6,404
47.0,3,2,7,406
47.0,3,2,8,408
47.0,3,2,9,410
47.0,3,2,10,412
47.0,3,2,11,413
47.0,3,2,12,415
47.0,3,2,13,417
47.0,3,2,14,419
47.0,3,2,15,421
47.0,3,3,0,395
47.0,3,3,1,397
47.0,3,3,2,399
47.0,3,3,3,401
47.0,3,3,4,403
47.0,3,3,5,405
47.0,3,3,6,406
47.0,3,3,7,408
47.0,3,3,8,410
47.0,3,3,9,412
47.0,3,3,10,414
47.0,3,3,11,416
47.0,3,3,12,418
47.0,3,3,13,419
47.0,3,3,14,421
47.0,3,3,15,423
47.0,3,4,0,397
47.0,3,4,1,399
47.0,3,4,2,401
47.0,3,4,3,403
47.0,3,4,4,405
47.0,3,4,5,407
47.0,3,4,6,409
47.0,3,4,7,411
47.0,3,4,8,413
47.0,3,4,9,414
47.0,3,4,10,416
47.0,3,4,11,418
47.0,3,4,12,420
47.0,3,4,13,422
47.0,3,4,14,424
47.0,3,4,15,426
47.0,3,5,0,400
47.0,3,5,1,402
47.0,3,5,2,403
47.0,3,5,3,405
47.0,3,5,4,407
47.0,3,5,5,409
47.0,3,5,6,411
47.0,3,5,7,413
47.0,3,5,8,415
47.0,3,5,9,417
47.0,3,5,10,419
47.0,3,5,11,421
47.0,3,5,12,422
47.0,3,5,13,424
47.0,3,5,14,426
47.0,3,5,15,428
47.0,3,6,0,402
47.0,3,6,1,404
47.0,3,6,2,406
47.0,3,6,3,408
47.0,3,6,4,410
47.0,3,6,5,412
47.0,3,6,6,414
47.0,3,6,7,415
47.0,3,6,8,417
47.0,3,6,9,419
47.0,3,6,10,421
47.0,3,6,11,423
47.0,3,6,12,425
47.0,3,6,13,427
47.0,3,6,14,429
47.0,3,6,15,430
47.0,3,7,0,404
47.0,3,7,1,406
47.0,3,7,2,408
47.0,3,7,3,410
47.0,3,7,4,412
47.0,3,7,5,414
47.0,3,7,6,416
47.0,3,7,7,418
47.0,3,7,8,420
47.0,3,7,9,422
47.0,3,7,10,423
47.0,3,7,11,425
47.0,3,7,12,427
47.0,3,7,13,429
47.0,3,7,14,431
47.0,3,7,15,433
47.0,3,8,0,406
47.0,3,8,1,408
47.0,3,8,2,410
47.0,3,8,3,412
47.0,3,8,4,414
47.0,3,8,5,416
47.0,3,8,6,418
47.0,3,8,7,420
47.0,3,8,8,422
47.0,3,8,9,424
47.0,3,8,10,426
47.0,3,8,11,428
47.0,3,8,12,430
47.0,3,8,13,432
47.0,3,8,14,433
47.0,3,8,15,435
47.0,3,9,0,409
47.0,3,9,1,411
47.0,3,9,2,413
47.0,3,9,3,415
47.0,3,9,4,417
47.0,3,9,5,418
47.0,3,9,6,420
47.0,3,9,7,422
47.0,3,9,8,424
47.0,3,9,9,426
47.0,3,9,10,428
47.0,3,9,11,430
47.0,3,9,12,432
47.0,3,9,13,434
47.0,3,9,14,436
47.0,3,9,15,438
47.0,3,10,0,411
47.0,3,10,1,413
47.0,3,10,2,415
47.0,3,10,3,417
47.0,3,10,4,419
47.0,3,10,5,421
47.0,3,10,6,423
47.0,3,10,7,425
47.0,3,10,8,427
47.0,3,10,9,429
47.0,3,10,10,430
47.0,3,10,11,432
47.0,3,10,12,434
47.0,3,10,13,436
47.0,3,10,14,438
47.0,3,10,15,440
47.0,3,11,0,413
47.0,3,11,1,415
47.0,3,11,2,417
47.0,3,11,3,419
47.0,3,11,4,421
47.0,3,11,5,423
47.0,3,11,6,425
47.0,3,11,7,427
47.0,3,11,8,429
47.0,3,11,9,431
47.0,3,11,10,433
47.0,3,11,11,435
47.0,3,11,12,437
47.0,3,11,13,439
47.0,3,11,14,440
47.0,3,11,15,442
47.0,3,12,0,415
47.0,3,12,1,417
47.0,3,12,2,419
47.0,3,12,3,421
47.0,3,12,4,423
47.0,3,12,5,425
47.0,3,12,6,427
47.0,3,12,7,429
47.0,3,12,8,431
47.0,3,12,9,433
47.0,3,12,10,435
47.0,3,12,11,437
47.0,3,12,12,439
47.0,3,12,13,441
47.0,3,12,14,443
47.0,3,12,15,445
47.0,3,13,0,417
47.0,3,13,1,419
47.0,3,13,2,421
47.0,3,13,3,423
47.0,3,13,4,425
47.0,3,13,5,427
47.0,3,13,6,429
47.0,3,13,7,431
47.0,3,13,8,433
47.0,3,13,9,435
47.0,3,13,10,437
47.0,3,13,11,439
47.0,3,13,12,441
47.0,3,13,13,443
47.0,3,13,14,445
47.0,3,13,15,447
47.0,3,14,0,420
47.0,3,14,1,422
47.0,3,14,2,424
47.0,3,14,3,426
47.0,3,14,4,428
47.0,3,14,5,430
47.0,3,14,6,432
47.0,3,14,7,434
47.0,3,14,8,436
47.0,3,14,9,438
47.0,3,14,10,440
47.0,3,14,11,442
47.0,3,14,12,444
47.0,3,14,13,446
47.0,3,14,14,447
47.0,3,14,15,449
47.0,3,15,0,422
47.0,3,15,1,424
47.0,3,15,2,426
47.0,3,15,3,428
47.0,3,15,4,430
47.0,3,15,5,432
47.0,3,15,6,434
47.0,3,15,7,436
47.0,3,15,8,438
47.0,3,15,9,440
47.0,3,15,10,442
47.0,3,15,11,444
47.0,3,15,12,446
47.0,3,15,13,448
47.0,3,15,14,450
47.0,3,15,15,452
47.0,4,0,0,394
47.0,4,0,1,396
47.0,4,0,2,398
47.0,4,0,3,400
47.0,4,0,4,402
47.0,4,0,5,404
47.0,4,0,6,406
47.0,4,0,7,408
47.0,4,0,8,410
47.0,4,0,9,411
47.0,4,0,10,413
47.0,4,0,11,415
47.0,4,0,12,417
47.0,4,0,13,419
47.0,4,0,14,421
47.0,4,0,15,422
47.0,4,1,0,397
47.0,4,1,1,399
47.0,4,1,2,401
47.0,4,1,3,402
47.0,4,1,4,404
47.0,4,1,5,406
47.0,4,1,6,408
47.0,4,1,7,410
47.0,4,1,8,412
47.0,4,1,9,414
47.0,4,1,10,416
47.0,4,1,11,418
47.0,4,1,12,419
47.0,4,1,13,421
47.0,4,1,14,423
47.0,4,1,15,425
47.0,4,2,0,399
47.0,4,2,1,401
47.0,4,2,2,403
47.0,4,2,3,405
47.0,4,2,4,407
47.0,4,2,5,409
47.0,4,2,6,411
47.0,4,2,7,413
47.0,4,2,8,414
47.0,4,2,9,416
47.0,4,2,10,418
47.0,4,2,11,420
47.0,4,2,12,422
47.0,4,2,13,424
47.0,4,2,14,426
47.0,4,2,15,427
47.0,4,3,0,401
47.0,4,3,1,403
47.0,4,3,2,405
47.0,4,3,3,407
47.0,4,3,4,409
47.0,4,3,5,411
47.0,4,3,6,413
47.0,4,3,7,415
47.0,4,3,8,417
47.0,4,3,9,419
47.0,4,3,10,421
47.0,4,3,11,423
47.0,4,3,12,424
47.0,4,3,13,426
47.0,4,3,14,428
47.0,4,3,15,430
47.0,4,4,0,404
47.0,4,4,1,406
47.0,4,4,2,408
47.0,4,4,3,410
47.0,4,4,4,412
47.0,4,4,5,414
47.0,4,4,6,415
47.0,4,4,7,417
47.0,4,4,8,419
47.0,4,4,9,421
47.0,4,4,10,423
47.0,4,4,11,425
47.0,4,4,12,427
47.0,4,4,13,429
47.0,4,4,14,431
47.0,4,4,15,432
47.0,4,5,0,406
47.0,4,5,1,408
47.0,4,5,2,410
47.0,4,5,3,412
47.0,4,5,4,414
47.0,4,5,5,416
47.0,4,5,6,418
47.0,4,5,7,420
47.0,4,5,8,422
47.0,4,5,9,424
47.0,4,5,10,426
47.0,4,5,11,427
47.0,4,5,12,429
47.0,4,5,13,431
47.0,4,5,14,433
47.0,4,5,15,435
47.0,4,6,0,408
47.0,4,6,1,410
47.0,4,6,2,412
47.0,4,6,3,414
47.0,4,6,4,416
47.0,4,6,5,418
47.0,4,6,6,420
47.0,4,6,7,422
47.0,4,6,8,424
47.0,4,6,9,426
47.0,4,6,10,428
47.0,4,6,11,430
47.0,4,6,12,432
47.0,4,6,13,434
47.0,4,6,14,436
47.0,4,6,15,437
47.0,4,7,0,411
47.0,4,7,1,413
47.0,4,7,2,415
47.0,4,7,3,417
47.0,4,7,4,419
47.0,4,7,5,421
47.0,4,7,6,423
47.0,4,7,7,425
47.0,4,7,8,426
47.0,4,7,9,428
47.0,4,7,10,430
47.0,4,7,11,432
47.0,4,7,12,434
47.0,4,7,13,436
47.0,4,7,14,438
47.0,4,7,15,440
47.0,4,8,0,413
47.0,4,8,1,415
47.0,4,8,2,417
47.0,4,8,3,419
47.0,4,8,4,421
47.0,4,8,5,423
47.0,4,8,6,425
47.0,4,8,7,427
47.0,4,8,8,429
47.0,4,8,9,431
47.0,4,8,10,433
47.0,4,8,11,435
47.0,4,8,12,437
47.0,4,8,13,438
47.0,4,8,14,440
47.0,4,8,15,442
47.0,4,9,0,415
47.0,4,9,1,417
47.0,4,9,2,419
47.0,4,9,3,421
47.0,4,9,4,423
47.0,4,9,5,425
47.0,4,9,6,427
47.0,4,9,7,429
47.0,4,9,8,431
47.0,4,9,9,433
47.0,4,9,10,435
47.0,4,9,11,437
47.0,4,9,12,439
47.0,4,9,13,441
47.0,4,9,14,443
47.0,4,9,15,445
47.0,4,10,0,417
47.0,4,10,1,419
47.0,4,10,2,422
47.0,4,10,3,424
47.0,4,10,4,426
47.0,4,10,5,428
47.0,4,10,6,430
47.0,4,10,7,432
47.0,4,10,8,434
47.0,4,10,9,435
47.0,4,10,10,437
47.0,4,10,11,439
47.0,4,10,12,441
47.0,4,10,13,443
47.0,4,10,14,445
47.0,4,10,15,447
47.0,4,11,0,420
47.0,4,11,1,422
47.0,4,11,2,424
47.0,4,11,3,426
47.0,4,11,4,428
47.0,4,11,5,430
47.0,4,11,6,432
47.0,4,11,7,434
47.0,4,11,8,436
47.0,4,11,9,438
47.0,4,11,10,440
47.0,4,11,11,442
47.0,4,11,12,444
47.0,4,11,13,446
47.0,4,11,14,448
47.0,4,11,15,450
47.0,4,12,0,422
47.0,4,12,1,424
47.0,4,12,2,426
47.0,4,12,3,428
47.0,4,12,4,430
47.0,4,12,5,432
47.0,4,12,6,434
47.0,4,12,7,436
47.0,4,12,8,438
47.0,4,12,9,440
47.0,4,12,10,442
47.0,4,12,11,444
47.0,4,12,12,446
47.0,4,12,13,448
47.0,4,12,14,450
47.0,4,12,15,452
47.0,4,13,0,424
47.0,4,13,1,426
47.0,4,13,2,428
47.0,4,13,3,430
47.0,4,13,4,432
47.0,4,13,5,434
47.0,4,13,6,436
47.0,4,13,7,438
47.0,4,13,8,440
47.0,4,13,9,442
47.0,4,13,10,444
47.0,4,13,11,446
47.0,4,13,12,448
47.0,4,13,13,450
47.0,4,13,14,452
47.0,4,13,15,454
47.0,4,14,0,426
47.0,4,14,1,428
47.0,4,14,2,430
47.0,4,14,3,433
47.0,4,14,4,435
47.0,4,14,5,437
47.0,4,14,6,439
47.0,4,14,7,441
47.0,4,14,8,443
47.0,4,14,9,445
47.0,4,14,10,447
47.0,4,14,11,449
47.0,4,14,12,451
47.0,4,14,13,453
47.0,4,14,14,455
47.0,4,14,15,457
47.0,4,15,0,429
47.0,4,15,1,431
47.0,4,15,2,433
47.0,4,15,3,435
47.0,4,15,4,437
47.0,4,15,5,439
47.0,4,15,6,441
47.0,4,15,7,443
47.0,4,15,8,445
47.0,4,15,9,447
47.0,4,15,10,449
47.0,4,15,11,451
47.0,4,15,12,453
47.0,4,15,13,455
47.0,4,15,14,457
47.0,4,15,15,459
47.0,5,0,0,401
47.0,5,0,1,403
47.0,5,0,2,405
47.0,5,0,3,406
47.0,5,0,4,408
47.0,5,0,5,410
47.0,5,0,6,412
47.0,5,0,7,414
47.0,5,0,8,416
47.0,5,0,9,418
47.0,5,0,10,420
47.0,5,0,11,422
47.0,5,0,12,424
47.0,5,0,13,425
47.0,5,0,14,427
47.0,5,0,15,429
47.0,5,1,0,403
47.0,5,1,1,405
47.0,5,1,2,407
47.0,5,1,3,409
47.0,5,1,4,411
47.0,5,1,5,413
47.0,5,1,6,415
47.0,5,1,7,417
47.0,5,1,8,419
47.0,5,1,9,420
47.0,5,1,10,422
47.0,5,1,11,424
47.0,5,1,12,426
47.0,5,1,13,428
47.0,5,1,14,430
47.0,5,1,15,432
47.0,5,2,0,405
47.0,5,2,1,407
47.0,5,2,2,409
47.0,5,2,3,411
47.0,5,2,4,413
47.0,5,2,5,415
47.0,5,2,6,417
47.0,5,2,7,419
47.0,5,2,8,421
47.0,5,2,9,423
47.0,5,2,10,425
47.0,5,2,11,427
47.0,5,2,12,429
47.0,5,2,13,430
47.0,5,2,14,432
47.0,5,2,15,434
47.0,5,3,0,408
47.0,5,3,1,410
47.0,5,3,2,412
47.0,5,3,3,414
47.0,5,3,4,416
47.0,5,3,5,418
47.0,5,3,6,420
47.0,5,3,7,422
47.0,5,3,8,423
47.0,5,3,9,425
47.0,5,3,10,427
47.0,5,3,11,429
47.0,5,3,12,431
47.0,5,3,13,433
47.0,5,3,14,435
47.0,5,3,15,437
47.0,5,4,0,410
47.0,5,4,1,412
47.0,5,4,2,414
47.0,5,4,3,416
47.0,5,4,4,418
47.0,5,4,5,420
47.0,5,4,6,422
47.0,5,4,7,424
47.0,5,4,8,426
47.0,5,4,9,428
47.0,5,4,10,430
47.0,5,4,11,432
47.0,5,4,12,434
47.0,5,4,13,436
47.0,5,4,14,437
47.0,5,4,15,439
47.0,5,5,0,412
47.0,5,5,1,415
47.0,5,5,2,417
47.0,5,5,3,419
47.0,5,5,4,421
47.0,5,5,5,422
47.0,5,5,6,424
47.0,5,5,7,426
47.0,5,5,8,428
47.0,5,5,9,430
47.0,5,5,10,432
47.0,5,5,11,434
47.0,5,5,12,436
47.0,5,5,13,438
47.0,5,5,14,440
47.0,5,5,15,442
47.0,5,6,0,415
47.0,5,6,1,417
47.0,5,6,2,419
47.0,5,6,3,421
47.0,5,6,4,423
47.0,5,6,5,425
47.0,5,6,6,427
47.0,5,6,7,429
47.0,5,6,8,431
47.0,5,6,9,433
47.0,5,6,10,435
47.0,5,6,11,437
47.0,5,6,12,439
47.0,5,6,13,441
47.0,5,6,14,442
47.0,5,6,15,444
47.0,5,7,0,417
47.0,5,7,1,419
47.0,5,7,2,421
47.0,5,7,3,423
47.0,5,7,4,425
47.0,5,7,5,427
47.0,5,7,6,429
47.0,5,7,7,431
47.0,5,7,8,433
47.0,5,7,9,435
47.0,5,7,10,437
47.0,5,7,11,439
47.0,5,7,12,441
47.0,5,7,13,443
47.0,5,7,14,445
47.0,5,7,15,447
47.0,5,8,0,419
47.0,5,8,1,422
47.0,5,8,2,424
47.0,5,8,3,426
47.0,5,8,4,428
47.0,5,8,5,430
47.0,5,8,6,432
47.0,5,8,7,434
47.0,5,8,8,436
47.0,5,8,9,438
47.0,5,8,10,440
47.0,5,8,11,442
47.0,5,8,12,443
47.0,5,8,13,445
47.0,5,8,14,447
47.0,5,8,15,449
47.0,5,9,0,422
47.0,5,9,1,424
47.0,5,9,2,426
47.0,5,9,3,428
47.0,5,9,4,430
47.0,5,9,5,432
47.0,5,9,6,434
47.0,5,9,7,436
47.0,5,9,8,438
47.0,5,9,9,440
47.0,5,9,10,442
47.0,5,9,11,444
47.0,5,9,12,446
47.0,5,9,13,448
47.0,5,9,14,450
47.0,5,9,15,452
47.0,5,10,0,424
47.0,5,10,1,426
47.0,5,10,2,428
47.0,5,10,3,430
47.0,5,10,4,432
47.0,5,10,5,434
47.0,5,10,6,436
47.0,5,10,7,438
47.0,5,10,8,440
47.0,5,10,9,442
47.0,5,10,10,444
47.0,5,10,11,446
47.0,5,10,12,448
47.0,5,10,13,450
47.0,5,10,14,452
47.0,5,10,15,454
47.0,5,11,0,426
47.0,5,11,1,428
47.0,5,11,2,431
47.0,5,11,3,433
47.0,5,11,4,435
47.0,5,11,5,437
47.0,5,11,6,439
47.0,5,11,7,441
47.0,5,11,8,443
47.0,5,11,9,445
47.0,5,11,10,447
47.0,5,11,11,449
47.0,5,11,12,451
47.0,5,11,13,453
47.0,5,11,14,455
47.0,5,11,15,457
47.0,5,12,0,429
47.0,5,12,1,431
47.0,5,12,2,433
47.0,5,12,3,435
47.0,5,12,4,437
47.0,5,12,5,439
47.0,5,12,6,441
47.0,5,12,7,443
47.0,5,12,8,445
47.0,5,12,9,447
47.0,5,12,10,449
47.0,5,12,11,451
47.0,5,12,12,453
47.0,5,12,13,455
47.0,5,12,14,457
47.0,5,12,15,459
47.0,5,13,0,431
47.0,5,13,1,433
47.0,5,13,2,435
47.0,5,13,3,437
47.0,5,13,4,439
47.0,5,13,5,441
47.0,5,13,6,443
47.0,5,13,7,445
47.0,5,13,8,447
47.0,5,13,9,449
47.0,5,13,10,452
47.0,5,13,11,454
47.0,5,13,12,456
47.0,5,13,13,458
47.0,5,13,14,460
47.0,5,13,15,461
47.0,5,14,0,433
47.0,5,14,1,435
47.0,5,14,2,437
47.0,5,14,3,439
47.0,5,14,4,442
47.0,5,14,5,444
47.0,5,14,6,446
47.0,5,14,7,448
47.0,5,14,8,450
47.0,5,14,9,452
47.0,5,14,10,454
47.0,5,14,11,456
47.0,5,14,12,458
47.0,5,14,13,460
47.0,5,14,14,462
47.0,5,14,15,464
47.0,5,15,0,435
47.0,5,15,1,437
47.0,5,15,2,440
47.0,5,15,3,442
47.0,5,15,4,444
47.0,5,15,5,446
47.0,5,15,6,448
47.0,5,15,7,450
47.0,5,15,8,452
47.0,5,15,9,454
47.0,5,15,10,456
47.0,5,15,11,458
47.0,5,15,12,460
47.0,5,15,13,462
47.0,5,15,14,464
47.0,5,15,15,466
47.0,6,0,0,407
47.0,6,0,1,409
47.0,6,0,2,411
47.0,6,0,3,413
47.0,6,0,4,415
47.0,6,0,5,417
47.0,6,0,6,419
47.0,6,0,7,421
47.0,6,0,8,423
47.0,6,0,9,424
47.0,6,0,10,426
47.0,6,0,11,428
47.0,6,0,12,430
47.0,6,0,13,432
47.0,6,0,14,434
47.0,6,0,15,436
47.0,6,1,0,409
47.0,6,1,1,411
47.0,6,1,2,413
47.0,6,1,3,415
47.0,6,1,4,417
47.0,6,1,5,419
47.0,6,1,6,421
47.0,6,1,7,423
47.0,6,1,8,425
47.0,6,1,9,427
47.0,6,1,10,429
47.0,6,1,11,431
47.0,6,1,12,433
47.0,6,1,13,435
47.0,6,1,14,437
47.0,6,1,15,438
47.0,6,2,0,412
47.0,6,2,1,414
47.0,6,2,2,416
47.0,6,2,3,418
47.0,6,2,4,420
47.0,6,2,5,422
47.0,6,2,6,424
47.0,6,2,7,426
47.0,6,2,8,428
47.0,6,2,9,430
47.0,6,2,10,431
47.0,6,2,11,433
47.0,6,2,12,435
47.0,6,2,13,437
47.0,6,2,14,439
47.0,6,2,15,441
47.0,6,3,0,414
47.0,6,3,1,416
47.0,6,3,2,418
47.0,6,3,3,420
47.0,6,3,4,422
47.0,6,3,5,424
47.0,6,3,6,426
47.0,6,3,7,428
47.0,6,3,8,430
47.0,6,3,9,432
47.0,6,3,10,434
47.0,6,3,11,436
47.0,6,3,12,438
47.0,6,3,13,440
47.0,6,3,14,442
47.0,6,3,15,444
47.0,6,4,0,417
47.0,6,4,1,419
47.0,6,4,2,421
47.0,6,4,3,423
47.0,6,4,4,425
47.0,6,4,5,427
47.0,6,4,6,429
47.0,6,4,7,431
47.0,6,4,8,433
47.0,6,4,9,435
47.0,6,4,10,437
47.0,6,4,11,438
47.0,6,4,12,440
47.0,6,4,13,442
47.0,6,4,14,444
47.0,6,4,15,446
47.0,6,5,0,419
47.0,6,5,1,421
47.0,6,5,2,423
47.0,6,5,3,425
47.0,6,5,4,427
47.0,6,5,5,429
47.0,6,5,6,431
47.0,6,5,7,433
47.0,6,5,8,435
47.0,6,5,9,437
47.0,6,5,10,439
47.0,6,5,11,441
47.0,6,5,12,443
47.0,6,5,13,445
47.0,6,5,14,447
47.0,6,5,15,449
47.0,6,6,0,421
47.0,6,6,1,423
47.0,6,6,2,425
47.0,6,6,3,427
47.0,6,6,4,430
47.0,6,6,5,432
47.0,6,6,6,434
47.0,6,6,7,436
47.0,6,6,8,438
47.0,6,6,9,440
47.0,6,6,10,442
47.0,6,6,11,443
47.0,6,6,12,445
47.0,6,6,13,447
47.0,6,6,14,449
47.0,6,6,15,451
47.0,6,7,0,424
47.0,6,7,1,426
47.0,6,7,2,428
47.0,6,7,3,430
47.0,6,7,4,432
47.0,6,7,5,434
47.0,6,7,6,436
47.0,6,7,7,438
47.0,6,7,8,440
47.0,6,7,9,442
47.0,6,7,10,444
47.0,6,7,11,446
47.0,6,7,12,448
47.0,6,7,13,450
47.0,6,7,14,452
47.0,6,7,15,454
47.0,6,8,0,426
47.0,6,8,1,428
47.0,6,8,2,430
47.0,6,8,3,432
47.0,6,8,4,434
47.0,6,8,5,436
47.0,6,8,6,438
47.0,6,8,7,440
47.0,6,8,8,442
47.0,6,8,9,444
47.0,6,8,10,446
47.0,6,8,11,448
47.0,6,8,12,450
47.0,6,8,13,452
47.0,6,8,14,454
47.0,6,8,15,456
47.0,6,9,0,428
47.0,6,9,1,430
47.0,6,9,2,433
47.0,6,9,3,435
47.0,6,9,4,437
47.0,6,9,5,439
47.0,6,9,6,441
47.0,6,9,7,443
47.0,6,9,8,445
47.0,6,9,9,447
47.0,6,9,10,449
47.0,6,9,11,451
47.0,6,9,12,453
47.0,6,9,13,455
47.0,6,9,14,457
47.0,6,9,15,459
47.0,6,10,0,431
47.0,6,10,1,433
47.0,6,10,2,435
47.0,6,10,3,437
47.0,6,10,4,439
47.0,6,10,5,441
47.0,6,10,6,443
47.0,6,10,7,445
47.0,6,10,8,447
47.0,6,10,9,449
47.0,6,10,10,451
47.0,6,10,11,453
47.0,6,10,12,455
47.0,6,10,13,457
47.0,6,10,14,459
47.0,6,10,15,461
47.0,6,11,0,433
47.0,6,11,1,435
47.0,6,11,2,437
47.0,6,11,3,439
47.0,6,11,4,441
47.0,6,11,5,444
47.0,6,11,6,446
47.0,6,11,7,448
47.0,6,11,8,450
47.0,6,11,9,452
47.0,6,11,10,454
47.0,6,11,11,456
47.0,6,11,12,458
47.0,6,11,13,460
47.0,6,11,14,462
47.0,6,11,15,464
47.0,6,12,0,435
47.0,6,12,1,437
47.0,6,12,2,440
47.0,6,12,3,442
47.0,6,12,4,444
47.0,6,12,5,446
47.0,6,12,6,448
47.0,6,12,7,450
47.0,6,12,8,452
47.0,6,12,9,454
47.0,6,12,10,456
47.0,6,12,11,458
47.0,6,12,12,460
47.0,6,12,13,462
47.0,6,12,14,464
47.0,6,12,15,466
47.0,6,13,0,438
47.0,6,13,1,440
47.0,6,13,2,442
47.0,6,13,3,444
47.0,6,13,4,446
47.0,6,13,5,448
47.0,6,13,6,450
47.0,6,13,7,452
47.0,6,13,8,454
47.0,6,13,9,457
47.0,6,13,10,459
47.0,6,13,11,461
47.0,6,13,12,463
47.0,6,13,13,465
47.0,6,13,14,467
47.0,6,13,15,469
47.0,6,14,0,440
47.0,6,14,1,442
47.0,6,14,2,444
47.0,6,14,3,446
47.0,6,14,4,448
47.0,6,14,5,451
47.0,6,14,6,453
47.0,6,14,7,455
47.0,6,14,8,457
47.0,6,14,9,459
47.0,6,14,10,461
47.0,6,14,11,463
47.0,6,14,12,465
47.0,6,14,13,467
47.0,6,14,14,469
47.0,6,14,15,471
47.0,6,15,0,442
47.0,6,15,1,444
47.0,6,15,2,446
47.0,6,15,3,449
47.0,6,15,4,451
47.0,6,15,5,453
47.0,6,15,6,455
47.0,6,15,7,457
47.0,6,15,8,459
47.0,6,15,9,461
47.0,6,15,10,463
47.0,6,15,11,465
47.0,6,15,12,467
47.0,6,15,13,470
47.0,6,15,14,472
47.0,6,15,15,474
47.0,7,0,0,413
47.0,7,0,1,415
47.0,7,0,2,417
47.0,7,0,3,419
47.0,7,0,4,421
47.0,7,0,5,423
47.0,7,0,6,425
47.0,7,0,7,427
47.0,7,0,8,429
47.0,7,0,9,431
47.0,7,0,10,433
47.0,7,0,11,435
47.0,7,0,12,437
47.0,7,0,13,439
47.0,7,0,14,441
47.0,7,0,15,442
47.0,7,1,0,416
47.0,7,1,1,418
47.0,7,1,2,420
47.0,7,1,3,422
47.0,7,1,4,424
47.0,7,1,5,426
47.0,7,1,6,428
47.0,7,1,7,430
47.0,7,1,8,432
47.0,7,1,9,434
47.0,7,1,10,436
47.0,7,1,11,437
47.0,7,1,12,439
47.0,7,1,13,441
47.0,7,1,14,443
47.0,7,1,15,445
47.0,7,2,0,418
47.0,7,2,1,420
47.0,7,2,2,422
47.0,7,2,3,424
47.0,7,2,4,426
47.0,7,2,5,428
47.0,7,2,6,430
47.0,7,2,7,432
47.0,7,2,8,434
47.0,7,2,9,436
47.0,7,2,10,438
47.0,7,2,11,440
47.0,7,2,12,442
47.0,7,2,13,444
47.0,7,2,14,446
47.0,7,2,15,448
47.0,7,3,0,421
47.0,7,3,1,423
47.0,7,3,2,425
47.0,7,3,3,427
47.0,7,3,4,429
47.0,7,3,5,431
47.0,7,3,6,433
47.0,7,3,7,435
47.0,7,3,8,437
47.0,7,3,9,439
47.0,7,3,10,441
47.0,7,3,11,443
47.0,7,3,12,445
47.0,7,3,13,447
47.0,7,3,14,448
47.0,7,3,15,450
47.0,7,4,0,423
47.0,7,4,1,425
47.0,7,4,2,427
47.0,7,4,3,429
47.0,7,4,4,431
47.0,7,4,5,433
47.0,7,4,6,435
47.0,7,4,7,437
47.0,7,4,8,439
47.0,7,4,9,441
47.0,7,4,10,443
47.0,7,4,11,445
47.0,7,4,12,447
47.0,7,4,13,449
47.0,7,4,14,451
47.0,7,4,15,453
47.0,7,5,0,425
47.0,7,5,1,427
47.0,7,5,2,430
47.0,7,5,3,432
47.0,7,5,4,434
47.0,7,5,5,436
47.0,7,5,6,438
47.0,7,5,7,440
47.0,7,5,8,442
47.0,7,5,9,444
47.0,7,5,10,446
47.0,7,5,11,448
47.0,7,5,12,450
47.0,7,5,13,452
47.0,7,5,14,454
47.0,7,5,15,456
47.0,7,6,0,428
47.0,7,6,1,430
47.0,7,6,2,432
47.0,7,6,3,434
47.0,7,6,4,436
47.0,7,6,5,438
47.0,7,6,6,440
47.0,7,6,7,442
47.0,7,6,8,444
47.0,7,6,9,446
47.0,7,6,10,448
47.0,7,6,11,450
47.0,7,6,12,452
47.0,7,6,13,454
47.0,7,6,14,456
47.0,7,6,15,458
47.0,7,7,0,430
47.0,7,7,1,432
47.0,7,7,2,434
47.0,7,7,3,437
47.0,7,7,4,439
47.0,7,7,5,441
47.0,7,7,6,443
47.0,7,7,7,445
47.0,7,7,8,447
47.0,7,7,9,449
47.0,7,7,10,451
47.0,7,7,11,453
47.0,7,7,12,455
47.0,7,7,13,457
47.0,7,7,14,459
47.0,7,7,15,461
47.0,7,8,0,433
47.0,7,8,1,435
47.0,7,8,2,437
47.0,7,8,3,439
47.0,7,8,4,441
47.0,7,8,5,443
47.0,7,8,6,445
47.0,7,8,7,447
47.0,7,8,8,449
47.0,7,8,9,451
47.0,7,8,10,453
47.0,7,8,11,455
47.0,7,8,12,457
47.0,7,8,13,459
47.0,7,8,14,461
47.0,7,8,15,463
47.0,7,9,0,435
47.0,7,9,1,437
47.0,7,9,2,439
47.0,7,9,3,441
47.0,7,9,4,443
47.0,7,9,5,446
47.0,7,9,6,448
47.0,7,9,7,450
47.0,7,9,8,452
47.0,7,9,9,454
47.0,7,9,10,456
47.0,7,9,11,458
47.0,7,9,12,460
47.0,7,9,13,462
47.0,7,9,14,464
47.0,7,9,15,466
47.0,7,10,0,437
47.0,7,10,1,439
47.0,7,10,2,442
47.0,7,10,3,444
47.0,7,10,4,446
47.0,7,10,5,448
47.0,7,10,6,450
47.0,7,10,7,452
47.0,7,10,8,454
47.0,7,10,9,456
47.0,7,10,10,458
47.0,7,10,11,460
47.0,7,10,12,462
47.0,7,10,13,464
47.0,7,10,14,466
47.0,7,10,15,468
47.0,7,11,0,440
47.0,7,11,1,442
47.0,7,11,2,444
47.0,7,11,3,446
47.0,7,11,4,448
47.0,7,11,5,450
47.0,7,11,6,452
47.0,7,11,7,455
47.0,7,11,8,457
47.0,7,11,9,459
47.0,7,11,10,461
47.0,7,11,11,463
47.0,7,11,12,465
47.0,7,11,13,467
47.0,7,11,14,469
47.0,7,11,15,471
47.0,7,12,0,442
47.0,7,12,1,444
47.0,7,12,2,446
47.0,7,12,3,448
47.0,7,12,4,451
47.0,7,12,5,453
47.0,7,12,6,455
47.0,7,12,7,457
47.0,7,12,8,459
47.0,7,12,9,461
47.0,7,12,10,463
47.0,7,12,11,465
47.0,7,12,12,467
47.0,7,12,13,469
47.0,7,12,14,471
47.0,7,12,15,473
47.0,7,13,0,444
47.0,7,13,1,447
47.0,7,13,2,449
47.0,7,13,3,451
47.0,7,13,4,453
47.0,7,13,5,455
47.0,7,13,6,457
47.0,7,13,7,459
47.0,7,13,8,461
47.0,7,13,9,464
47.0,7,13,10,466
47.0,7,13,11,468
47.0,7,13,12,470
47.0,7,13,13,472
47.0,7,13,14,474
47.0,7,13,15,476
47.0,7,14,0,447
47.0,7,14,1,449
47.0,7,14,2,451
47.0,7,14,3,453
47.0,7,14,4,455
47.0,7,14,5,457
47.0,7,14,6,460
47.0,7,14,7,462
47.0,7,14,8,464
47.0,7,14,9,466
47.0,7,14,10,468
47.0,7,14,11,470
47.0,7,14,12,472
47.0,7,14,13,474
47.0,7,14,14,476
47.0,7,14,15,478
47.0,7,15,0,449
47.0,7,15,1,451
47.0,7,15,2,453
47.0,7,15,3,456
47.0,7,15,4,458
47.0,7,15,5,460
47.0,7,15,6,462
47.0,7,15,7,464
47.0,7,15,8,466
47.0,7,15,9,468
47.0,7,15,10,470
47.0,7,15,11,473
47.0,7,15,12,475
47.0,7,15,13,477
47.0,7,15,14,479
47.0,7,15,15,481
47.0,8,0,0,419
47.0,8,0,1,421
47.0,8,0,2,423
47.0,8,0,3,426
47.0,8,0,4,428
47.0,8,0,5,430
47.0,8,0,6,432
47.0,8,0,7,434
47.0,8,0,8,436
47.0,8,0,9,438
47.0,8,0,10,439
47.0,8,0,11,441
47.0,8,0,12,443
47.0,8,0,13,445
47.0,8,0,14,447
47.0,8,0,15,449
47.0,8,1,0,422
47.0,8,1,1,424
47.0,8,1,2,426
47.0,8,1,3,428
47.0,8,1,4,430
47.0,8,1,5,432
47.0,8,1,6,434
47.0,8,1,7,436
47.0,8,1,8,438
47.0,8,1,9,440
47.0,8,1,10,442
47.0,8,1,11,444
47.0,8,1,12,446
47.0,8,1,13,448
47.0,8,1,14,450
47.0,8,1,15,452
47.0,8,2,0,424
47.0,8,2,1,426
47.0,8,2,2,429
47.0,8,2,3,431
47.0,8,2,4,433
47.0,8,2,5,435
47.0,8,2,6,437
47.0,8,2,7,439
47.0,8,2,8,441
47.0,8,2,9,443
47.0,8,2,10,445
47.0,8,2,11,447
47.0,8,2,12,449
47.0,8,2,13,451
47.0,8,2,14,453
47.0,8,2,15,455
47.0,8,3,0,427
47.0,8,3,1,429
47.0,8,3,2,431
47.0,8,3,3,433
47.0,8,3,4,435
47.0,8,3,5,437
47.0,8,3,6,439
47.0,8,3,7,441
47.0,8,3,8,443
47.0,8,3,9,445
47.0,8,3,10,447
47.0,8,3,11,449
47.0,8,3,12,451
47.0,8,3,13,453
47.0,8,3,14,455
47.0,8,3,15,457
47.0,8,4,0,429
47.0,8,4,1,431
47.0,8,4,2,434
47.0,8,4,3,436
47.0,8,4,4,438
47.0,8,4,5,440
47.0,8,4,6,442
47.0,8,4,7,444
47.0,8,4,8,446
47.0,8,4,9,448
47.0,8,4,10,450
47.0,8,4,11,452
47.0,8,4,12,454
47.0,8,4,13,456
47.0,8,4,14,458
47.0,8,4,15,460
47.0,8,5,0,432
47.0,8,5,1,434
47.0,8,5,2,436
47.0,8,5,3,438
47.0,8,5,4,440
47.0,8,5,5,442
47.0,8,5,6,444
47.0,8,5,7,446
47.0,8,5,8,448
47.0,8,5,9,451
47.0,8,5,10,453
47.0,8,5,11,455
47.0,8,5,12,457
47.0,8,5,13,459
47.0,8,5,14,461
47.0,8,5,15,463
47.0,8,6,0,434
47.0,8,6,1,436
47.0,8,6,2,439
47.0,8,6,3,441
47.0,8,6,4,443
47.0,8,6,5,445
47.0,8,6,6,447
47.0,8,6,7,449
47.0,8,6,8,451
47.0,8,6,9,453
47.0,8,6,10,455
47.0,8,6,11,457
47.0,8,6,12,459
47.0,8,6,13,461
47.0,8,6,14,463
47.0,8,6,15,465
47.0,8,7,0,437
47.0,8,7,1,439
47.0,8,7,2,441
47.0,8,7,3,443
47.0,8,7,4,445
47.0,8,7,5,447
47.0,8,7,6,449
47.0,8,7,7,451
47.0,8,7,8,454
47.0,8,7,9,456
47.0,8,7,10,458
47.0,8,7,11,460
47.0,8,7,12,462
47.0,8,7,13,464
47.0,8,7,14,466
47.0,8,7,15,468
47.0,8,8,0,439
47.0,8,8,1,441
47.0,8,8,2,443
47.0,8,8,3,446
47.0,8,8,4,448
47.0,8,8,5,450
47.0,8,8,6,452
47.0,8,8,7,454
47.0,8,8,8,456
47.0,8,8,9,458
47.0,8,8,10,460
47.0,8,8,11,462
47.0,8,8,12,464
47.0,8,8,13,466
47.0,8,8,14,468
47.0,8,8,15,470
47.0,8,9,0,442
47.0,8,9,1,444
47.0,8,9,2,446
47.0,8,9,3,448
47.0,8,9,4,450
47.0,8,9,5,452
47.0,8,9,6,454
47.0,8,9,7,456
47.0,8,9,8,459
47.0,8,9,9,461
47.0,8,9,10,463
47.0,8,9,11,465
47.0,8,9,12,467
47.0,8,9,13,469
47.0,8,9,14,471
47.0,8,9,15,473
47.0,8,10,0,444
47.0,8,10,1,446
47.0,8,10,2,448
47.0,8,10,3,450
47.0,8,10,4,453
47.0,8,10,5,455
47.0,8,10,6,457
47.0,8,10,7,459
47.0,8,10,8,461
47.0,8,10,9,463
47.0,8,10,10,465
47.0,8,10,11,467
47.0,8,10,12,469
47.0,8,10,13,471
47.0,8,10,14,473
47.0,8,10,15,476
47.0,8,11,0,446
47.0,8,11,1,449
47.0,8,11,2,451
47.0,8,11,3,453
47.0,8,11,4,455
47.0,8,11,5,457
47.0,8,11,6,459
47.0,8,11,7,461
47.0,8,11,8,464
47.0,8,11,9,466
47.0,8,11,10,468
47.0,8,11,11,470
47.0,8,11,12,472
47.0,8,11,13,474
47.0,8,11,14,476
47.0,8,11,15,478
47.0,8,12,0,449
47.0,8,12,1,451
47.0,8,12,2,453
47.0,8,12,3,455
47.0,8,12,4,457
47.0,8,12,5,460
47.0,8,12,6,462
47.0,8,12,7,464
47.0,8,12,8,466
47.0,8,12,9,468
47.0,8,12,10,470
47.0,8,12,11,472
47.0,8,12,12,474
47.0,8,12,13,476
47.0,8,12,14,479
47.0,8,12,15,481
47.0,8,13,0,451
47.0,8,13,1,453
47.0,8,13,2,455
47.0,8,13,3,458
47.0,8,13,4,460
47.0,8,13,5,462
47.0,8,13,6,464
47.0,8,13,7,466
47.0,8,13,8,468
47.0,8,13,9,471
47.0,8,13,10,473
47.0,8,13,11,475
47.0,8,13,12,477
47.0,8,13,13,479
47.0,8,13,14,481
47.0,8,13,15,483
47.0,8,14,0,453
47.0,8,14,1,456
47.0,8,14,2,458
47.0,8,14,3,460
47.0,8,14,4,462
47.0,8,14,5,464
47.0,8,14,6,467
47.0,8,14,7,469
47.0,8,14,8,471
47.0,8,14,9,473
47.0,8,14,10,475
47.0,8,14,11,477
47.0,8,14,12,479
47.0,8,14,13,481
47.0,8,14,14,484
47.0,8,14,15,486
47.0,8,15,0,456
47.0,8,15,1,458
47.0,8,15,2,460
47.0,8,15,3,462
47.0,8,15,4,465
47.0,8,15,5,467
47.0,8,15,6,469
47.0,8,15,7,471
47.0,8,15,8,473
47.0,8,15,9,475
47.0,8,15,10,478
47.0,8,15,11,480
47.0,8,15,12,482
47.0,8,15,13,484
47.0,8,15,14,486
47.0,8,15,15,488
47.0,9,0,0,426
47.0,9,0,1,428
47.0,9,0,2,430
47.0,9,0,3,432
47.0,9,0,4,434
47.0,9,0,5,436
47.0,9,0,6,438
47.0,9,0,7,440
47.0,9,0,8,442
47.0,9,0,9,444
47.0,9,0,10,446
47.0,9,0,11,448
47.0,9,0,12,450
47.0,9,0,13,452
47.0,9,0,14,454
47.0,9,0,15,456
47.0,9,1,0,428
47.0,9,1,1,430
47.0,9,1,2,432
47.0,9,1,3,434
47.0,9,1,4,437
47.0,9,1,5,439
47.0,9,1,6,441
47.0,9,1,7,443
47.0,9,1,8,445
47.0,9,1,9,447
47.0,9,1,10,449
47.0,9,1,11,451
47.0,9,1,12,453
47.0,9,1,13,455
47.0,9,1,14,457
47.0,9,1,15,459
47.0,9,2,0,431
47.0,9,2,1,433
47.0,9,2,2,435
47.0,9,2,3,437
47.0,9,2,4,439
47.0,9,2,5,441
47.0,9,2,6,443
47.0,9,2,7,445
47.0,9,2,8,447
47.0,9,2,9,449
47.0,9,2,10,451
47.0,9,2,11,453
47.0,9,2,12,455
47.0,9,2,13,457
47.0,9,2,14,459
47.0,9,2,15,461
47.0,9,3,0,433
47.0,9,3,1,435
47.0,9,3,2,438
47.0,9,3,3,440
47.0,9,3,4,442
47.0,9,3,5,444
47.0,9,3,6,446
47.0,9,3,7,448
47.0,9,3,8,450
47.0,9,3,9,452
47.0,9,3,10,454
47.0,9,3,11,456
47.0,9,3,12,458
47.0,9,3,13,460
47.0,9,3,14,462
47.0,9,3,15,464
47.0,9,4,0,436
47.0,9,4,1,438
47.0,9,4,2,440
47.0,9,4,3,442
47.0,9,4,4,444
47.0,9,4,5,446
47.0,9,4,6,448
47.0,9,4,7,451
47.0,9,4,8,453
47.0,9,4,9,455
47.0,9,4,10,457
47.0,9,4,11,459
47.0,9,4,12,461
47.0,9,4,13,463
47.0,9,4,14,465
47.0,9,4,15,467
47.0,9,5,0,438
47.0,9,5,1,440
47.0,9,5,2,443
47.0,9,5,3,445
47.0,9,5,4,447
47.0,9,5,5,449
47.0,9,5,6,451
47.0,9,5,7,453
47.0,9,5,8,455
47.0,9,5,9,457
47.0,9,5,10,459
47.0,9,5,11,461
47.0,9,5,12,463
47.0,9,5,13,465
47.0,9,5,14,467
47.0,9,5,15,469
47.0,9,6,0,441
47.0,9,6,1,443
47.0,9,6,2,445
47.0,9,6,3,447
47.0,9,6,4,449
47.0,9,6,5,451
47.0,9,6,6,454
47.0,9,6,7,456
47.0,9,6,8,458
47.0,9,6,9,460
47.0,9,6,10,462
47.0,9,6,11,464
47.0,9,6,12,466
47.0,9,6,13,468
47.0,9,6,14,470
47.0,9,6,15,472
47.0,9,7,0,443
47.0,9,7,1,445
47.0,9,7,2,448
47.0,9,7,3,450
47.0,9,7,4,452
47.0,9,7,5,454
47.0,9,7,6,456
47.0,9,7,7,458
47.0,9,7,8,460
47.0,9,7,9,462
47.0,9,7,10,465
47.0,9,7,11,467
47.0,9,7,12,469
47.0,9,7,13,471
47.0,9,7,14,473
47.0,9,7,15,475
47.0,9,8,0,446
47.0,9,8,1,448
47.0,9,8,2,450
47.0,9,8,3,452
47.0,9,8,4,454
47.0,9,8,5,457
47.0,9,8,6,459
47.0,9,8,7,461
47.0,9,8,8,463
47.0,9,8,9,465
47.0,9,8,10,467
47.0,9,8,11,469
47.0,9,8,12,471
47.0,9,8,13,473
47.0,9,8,14,475
47.0,9,8,15,477
47.0,9,9,0,448
47.0,9,9,1,450
47.0,9,9,2,453
47.0,9,9,3,455
47.0,9,9,4,457
47.0,9,9,5,459
47.0,9,9,6,461
47.0,9,9,7,463
47.0,9,9,8,465
47.0,9,9,9,468
47.0,9,9,10,470
47.0,9,9,11,472
47.0,9,9,12,474
47.0,9,9,13,476
47.0,9,9,14,478
47.0,9,9,15,480
47.0,9,10,0,451
47.0,9,10,1,453
47.0,9,10,2,455
47.0,9,10,3,457
47.0,9,10,4,459
47.0,9,10,5,462
47.0,9,10,6,464
47.0,9,10,7,466
47.0,9,10,8,468
47.0,9,10,9,470
47.0,9,10,10,472
47.0,9,10,11,474
47.0,9,10,12,476
47.0,9,10,13,478
47.0,9,10,14,481
47.0,9,10,15,483
47.0,9,11,0,453
47.0,9,11,1,455
47.0,9,11,2,457
47.0,9,11,3,460
47.0,9,11,4,462
47.0,9,11,5,464
47.0,9,11,6,466
47.0,9,11,7,468
47.0,9,11,8,470
47.0,9,11,9,473
47.0,9,11,10,475
47.0,9,11,11,477
47.0,9,11,12,479
47.0,9,11,13,481
47.0,9,11,14,483
47.0,9,11,15,485
47.0,9,12,0,455
47.0,9,12,1,458
47.0,9,12,2,460
47.0,9,12,3,462
47.0,9,12,4,464
47.0,9,12,5,466
47.0,9,12,6,469
47.0,9,12,7,471
47.0,9,12,8,473
47.0,9,12,9,475
47.0,9,12,10,477
47.0,9,12,11,479
47.0,9,12,12,481
47.0,9,12,13,484
47.0,9,12,14,486
47.0,9,12,15,488
47.0,9,13,0,458
47.0,9,13,1,460
47.0,9,13,2,462
47.0,9,13,3,465
47.0,9,13,4,467
47.0,9,13,5,469
47.0,9,13,6,471
47.0,9,13,7,473
47.0,9,13,8,475
47.0,9,13,9,478
47.0,9,13,10,480
47.0,9,13,11,482
47.0,9,13,12,484
47.0,9,13,13,486
47.0,9,13,14,488
47.0,9,13,15,490
47.0,9,14,0,460
47.0,9,14,1,462
47.0,9,14,2,465
47.0,9,14,3,467
47.0,9,14,4,469
47.0,9,14,5,471
47.0,9,14,6,474
47.0,9,14,7,476
47.0,9,14,8,478
47.0,9,14,9,480
47.0,9,14,10,482
47.0,9,14,11,484
47.0,9,14,12,487
47.0,9,14,13,489
47.0,9,14,14,491
47.0,9,14,15,493
47.0,9,15,0,463
47.0,9,15,1,465
47.0,9,15,2,467
47.0,9,15,3,469
47.0,9,15,4,472
47.0,9,15,5,474
47.0,9,15,6,476
47.0,9,15,7,478
47.0,9,15,8,480
47.0,9,15,9,483
47.0,9,15,10,485
47.0,9,15,11,487
47.0,9,15,12,489
47.0,9,15,13,491
47.0,9,15,14,493
47.0,9,15,15,495
47.0,10,0,0,432
47.0,10,0,1,434
47.0,10,0,2,436
47.0,10,0,3,438
47.0,10,0,4,440
47.0,10,0,5,442
47.0,10,0,6,444
47.0,10,0,7,447
47.0,10,0,8,449
47.0,10,0,9,451
47.0,10,0,10,453
47.0,10,0,11,455
47.0,10,0,12,457
47.0,10,0,13,459
47.0,10,0,14,461
47.0,10,0,15,463
47.0,10,1,0,435
47.0,10,1,1,437
47.0,10,1,2,439
47.0,10,1,3,441
47.0,10,1,4,443
47.0,10,1,5,445
47.0,10,1,6,447
47.0,10,1,7,449
47.0,10,1,8,451
47.0,10,1,9,453
47.0,10,1,10,455
47.0,10,1,11,457
47.0,10,1,12,459
47.0,10,1,13,461
47.0,10,1,14,463
47.0,10,1,15,465
47.0,10,2,0,437
47.0,10,2,1,439
47.0,10,2,2,441
47.0,10,2,3,443
47.0,10,2,4,446
47.0,10,2,5,448
47.0,10,2,6,450
47.0,10,2,7,452
47.0,10,2,8,454
47.0,10,2,9,456
47.0,10,2,10,458
47.0,10,2,11,460
47.0,10,2,12,462
47.0,10,2,13,464
47.0,10,2,14,466
47.0,10,2,15,468
47.0,10,3,0,440
47.0,10,3,1,442
47.0,10,3,2,444
47.0,10,3,3,446
47.0,10,3,4,448
47.0,10,3,5,450
47.0,10,3,6,452
47.0,10,3,7,455
47.0,10,3,8,457
47.0,10,3,9,459
47.0,10,3,10,461
47.0,10,3,11,463
47.0,10,3,12,465
47.0,10,3,13,467
47.0,10,3,14,469
47.0,10,3,15,471
47.0,10,4,0,442
47.0,10,4,1,444
47.0,10,4,2,447
47.0,10,4,3,449
47.0,10,4,4,451
47.0,10,4,5,453
47.0,10,4,6,455
47.0,10,4,7,457
47.0,10,4,8,459
47.0,10,4,9,461
47.0,10,4,10,463
47.0,10,4,11,465
47.0,10,4,12,468
47.0,10,4,13,470
47.0,10,4,14,472
47.0,10,4,15,474
47.0,10,5,0,445
47.0,10,5,1,447
47.0,10,5,2,449
47.0,10,5,3,451
47.0,10,5,4,453
47.0,10,5,5,456
47.0,10,5,6,458
47.0,10,5,7,460
47.0,10,5,8,462
47.0,10,5,9,464
47.0,10,5,10,466
47.0,10,5,11,468
47.0,10,5,12,470
47.0,10,5,13,472
47.0,10,5,14,474
47.0,10,5,15,476
47.0,10,6,0,447
47.0,10,6,1,449
47.0,10,6,2,452
47.0,10,6,3,454
47.0,10,6,4,456
47.0,10,6,5,458
47.0,10,6,6,460
47.0,10,6,7,462
47.0,10,6,8,465
47.0,10,6,9,467
47.0,10,6,10,469
47.0,10,6,11,471
47.0,10,6,12,473
47.0,10,6,13,475
47.0,10,6,14,477
47.0,10,6,15,479
47.0,10,7,0,450
47.0,10,7,1,452
47.0,10,7,2,454
47.0,10,7,3,456
47.0,10,7,4,459
47.0,10,7,5,461
47.0,10,7,6,463
47.0,10,7,7,465
47.0,10,7,8,467
47.0,10,7,9,469
47.0,10,7,10,471
47.0,10,7,11,473
47.0,10,7,12,476
47.0,10,7,13,478
47.0,10,7,14,480
47.0,10,7,15,482
47.0,10,8,0,452
47.0,10,8,1,455
47.0,10,8,2,457
47.0,10,8,3,459
47.0,10,8,4,461
47.0,10,8,5,463
47.0,10,8,6,465
47.0,10,8,7,468
47.0,10,8,8,470
47.0,10,8,9,472
47.0,10,8,10,474
47.0,10,8,11,476
47.0,10,8,12,478
47.0,10,8,13,480
47.0,10,8,14,482
47.0,10,8,15,484
47.0,10,9,0,455
47.0,10,9,1,457
47.0,10,9,2,459
47.0,10,9,3,461
47.0,10,9,4,464
47.0,10,9,5,466
47.0,10,9,6,468
47.0,10,9,7,470
47.0,10,9,8,472
47.0,10,9,9,474
47.0,10,9,10,477
47.0,10,9,11,479
47.0,10,9,12,481
47.0,10,9,13,483
47.0,10,9,14,485
47.0,10,9,15,487
47.0,10,10,0,457
47.0,10,10,1,459
47.0,10,10,2,462
47.0,10,10,3,464
47.0,10,10,4,466
47.0,10,10,5,468
47.0,10,10,6,471
47.0,10,10,7,473
47.0,10,10,8,475
47.0,10,10,9,477
47.0,10,10,10,479
47.0,10,10,11,481
47.0,10,10,12,483
47.0,10,10,13,486
47.0,10,10,14,488
47.0,10,10,15,490
47.0,10,11,0,460
47.0,10,11,1,462
47.0,10,11,2,464
47.0,10,11,3,466
47.0,10,11,4,469
47.0,10,11,5,471
47.0,10,11,6,473
47.0,10,11,7,475
47.0,10,11,8,477
47.0,10,11,9,480
47.0,10,11,10,482
47.0,10,11,11,484
47.0,10,11,12,486
47.0,10,11,13,488
47.0,10,11,14,490
47.0,10,11,15,492
47.0,10,12,0,462
47.0,10,12,1,464
47.0,10,12,2,467
47.0,10,12,3,469
47.0,10,12,4,471
47.0,10,12,5,473
47.0,10,12,6,476
47.0,10,12,7,478
47.0,10,12,8,480
47.0,10,12,9,482
47.0,10,12,10,484
47.0,10,12,11,486
47.0,10,12,12,489
47.0,10,12,13,491
47.0,10,12,14,493
47.0,10,12,15,495
47.0,10,13,0,465
47.0,10,13,1,467
47.0,10,13,2,469
47.0,10,13,3,471
47.0,10,13,4,474
47.0,10,13,5,476
47.0,10,13,6,478
47.0,10,13,7,480
47.0,10,13,8,482
47.0,10,13,9,485
47.0,10,13,10,487
47.0,10,13,11,489
47.0,10,13,12,491
47.0,10,13,13,493
47.0,10,13,14,495
47.0,10,13,15,498
47.0,10,14,0,467
47.0,10,14,1,469
47.0,10,14,2,472
47.0,10,14,3,474
47.0,10,14,4,476
47.0,10,14,5,478
47.0,10,14,6,481
47.0,10,14,7,483
47.0,10,14,8,485
47.0,10,14,9,487
47.0,10,14,10,489
47.0,10,14,11,492
47.0,10,14,12,494
47.0,10,14,13,496
47.0,10,14,14,498
47.0,10,14,15,500
47.0,10,15,0,469
47.0,10,15,1,472
47.0,10,15,2,474
47.0,10,15,3,476
47.0,10,15,4,479
47.0,10,15,5,481
47.0,10,15,6,483
47.0,10,15,7,485
47.0,10,15,8,487
47.0,10,15,9,490
47.0,10,15,10,492
47.0,10,15,11,494
47.0,10,15,12,496
47.0,10,15,13,498
47.0,10,15,14,501
47.0,10,15,15,503
47.0,11,0,0,438
47.0,11,0,1,440
47.0,11,0,2,442
47.0,11,0,3,445
47.0,11,0,4,447
47.0,11,0,5,449
47.0,11,0,6,451
47.0,11,0,7,453
47.0,11,0,8,455
47.0,11,0,9,457
47.0,11,0,10,459
47.0,11,0,11,461
47.0,11,0,12,463
47.0,11,0,13,465
47.0,11,0,14,467
47.0,11,0,15,469
47.0,11,1,0,441
47.0,11,1,1,443
47.0,11,1,2,445
47.0,11,1,3,447
47.0,11,1,4,449
47.0,11,1,5,452
47.0,11,1,6,454
47.0,11,1,7,456
47.0,11,1,8,458
47.0,11,1,9,460
47.0,11,1,10,462
47.0,11,1,11,464
47.0,11,1,12,466
47.0,11,1,13,468
47.0,11,1,14,470
47.0,11,1,15,472
47.0,11,2,0,443
47.0,11,2,1,446
47.0,11,2,2,448
47.0,11,2,3,450
47.0,11,2,4,452
47.0,11,2,5,454
47.0,11,2,6,456
47.0,11,2,7,458
47.0,11,2,8,461
47.0,11,2,9,463
47.0,11,2,10,465
47.0,11,2,11,467
47.0,11,2,12,469
47.0,11,2,13,471
47.0,11,2,14,473
47.0,11,2,15,475
47.0,11,3,0,446
47.0,11,3,1,448
47.0,11,3,2,450
47.0,11,3,3,453
47.0,11,3,4,455
47.0,11,3,5,457
47.0,11,3,6,459
47.0,11,3,7,461
47.0,11,3,8,463
47.0,11,3,9,465
47.0,11,3,10,467
47.0,11,3,11,470
47.0,11,3,12,472
47.0,11,3,13,474
47.0,11,3,14,476
47.0,11,3,15,478
47.0,11,4,0,449
47.0,11,4,1,451
47.0,11,4,2,453
47.0,11,4,3,455
47.0,11,4,4,457
47.0,11,4,5,460
47.0,11,4,6,462
47.0,11,4,7,464
47.0,11,4,8,466
47.0,11,4,9,468
47.0,11,4,10,470
47.0,11,4,11,472
47.0,11,4,12,474
47.0,11,4,13,476
47.0,11,4,14,478
47.0,11,4,15,481
47.0,11,5,0,451
47.0,11,5,1,453
47.0,11,5,2,456
47.0,11,5,3,458
47.0,11,5,4,460
47.0,11,5,5,462
47.0,11,5,6,464
47.0,11,5,7,466
47.0,11,5,8,469
47.0,11,5,9,471
47.0,11,5,10,473
47.0,11,5,11,475
47.0,11,5,12,477
47.0,11,5,13,479
47.0,11,5,14,481
47.0,11,5,15,483
47.0,11,6,0,454
47.0,11,6,1,456
47.0,11,6,2,458
47.0,11,6,3,460
47.0,11,6,4,463
47.0,11,6,5,465
47.0,11,6,6,467
47.0,11,6,7,469
47.0,11,6,8,471
47.0,11,6,9,473
47.0,11,6,10,476
47.0,11,6,11,478
47.0,11,6,12,480
47.0,11,6,13,482
47.0,11,6,14,484
47.0,11,6,15,486
47.0,11,7,0,456
47.0,11,7,1,459
47.0,11,7,2,461
47.0,11,7,3,463
47.0,11,7,4,465
47.0,11,7,5,467
47.0,11,7,6,470
47.0,11,7,7,472
47.0,11,7,8,474
47.0,11,7,9,476
47.0,11,7,10,478
47.0,11,7,11,480
47.0,11,7,12,482
47.0,11,7,13,485
47.0,11,7,14,487
47.0,11,7,15,489
47.0,11,8,0,459
47.0,11,8,1,461
47.0,11,8,2,463
47.0,11,8,3,466
47.0,11,8,4,468
47.0,11,8,5,470
47.0,11,8,6,472
47.0,11,8,7,474
47.0,11,8,8,477
47.0,11,8,9,479
47.0,11,8,10,481
47.0,11,8,11,483
47.0,11,8,12,485
47.0,11,8,13,487
47.0,11,8,14,489
47.0,11,8,15,491
47.0,11,9,0,461
47.0,11,9,1,464
47.0,11,9,2,466
47.0,11,9,3,468
47.0,11,9,4,470
47.0,11,9,5,473
47.0,11,9,6,475
47.0,11,9,7,477
47.0,11,9,8,479
47.0,11,9,9,481
47.0,11,9,10,483
47.0,11,9,11,486
47.0,11,9,12,488
47.0,11,9,13,490
47.0,11,9,14,492
47.0,11,9,15,494
47.0,11,10,0,464
47.0,11,10,1,466
47.0,11,10,2,468
47.0,11,10,3,471
47.0,11,10,4,473
47.0,11,10,5,475
47.0,11,10,6,477
47.0,11,10,7,480
47.0,11,10,8,482
47.0,11,10,9,484
47.0,11,10,10,486
47.0,11,10,11,488
47.0,11,10,12,490
47.0,11,10,13,493
47.0,11,10,14,495
47.0,11,10,15,497
47.0,11,11,0,466
47.0,11,11,1,469
47.0,11,11,2,471
47.0,11,11,3,473
47.0,11,11,4,475
47.0,11,11,5,478
47.0,11,11,6,480
47.0,11,11,7,482
47.0,11,11,8,484
47.0,11,11,9,487
47.0,11,11,10,489
47.0,11,11,11,491
47.0,11,11,12,493
47.0,11,11,13,495
47.0,11,11,14,497
47.0,11,11,15,500
47.0,11,12,0,469
47.0,11,12,1,471
47.0,11,12,2,473
47.0,11,12,3,476
47.0,11,12,4,478
47.0,11,12,5,480
47.0,11,12,6,482
47.0,11,12,7,485
47.0,11,12,8,487
47.0,11,12,9,489
47.0,11,12,10,491
47.0,11,12,11,493
47.0,11,12,12,496
47.0,11,12,13,498
47.0,11,12,14,500
47.0,11,12,15,502
47.0,11,13,0,471
47.0,11,13,1,474
47.0,11,13,2,476
47.0,11,13,3,478
47.0,11,13,4,480
47.0,11,13,5,483
47.0,11,13,6,485
47.0,11,13,7,487
47.0,11,13,8,489
47.0,11,13,9,492
47.0,11,13,10,494
47.0,11,13,11,496
47.0,11,13,12,498
47.0,11,13,13,500
47.0,11,13,14,503
47.0,11,13,15,505
47.0,11,14,0,474
47.0,11,14,1,476
47.0,11,14,2,478
47.0,11,14,3,481
47.0,11,14,4,483
47.0,11,14,5,485
47.0,11,14,6,487
47.0,11,14,7,490
47.0,11,14,8,492
47.0,11,14,9,494
47.0,11,14,10,496
47.0,11,14,11,499
47.0,11,14,12,501
47.0,11,14,13,503
47.0,11,14,14,505
47.0,11,14,15,507
47.0,11,15,0,476
47.0,11,15,1,479
47.0,11,15,2,481
47.0,11,15,3,483
47.0,11,15,4,485
47.0,11,15,5,488
47.0,11,15,6,490
47.0,11,15,7,492
47.0,11,15,8,495
47.0,11,15,9,497
47.0,11,15,10,499
47.0,11,15,11,501
47.0,11,15,12,503
47.0,11,15,13,506
47.0,11,15,14,508
47.0,11,15,15,510
47.0,12,0,0,444
47.0,12,0,1,447
47.0,12,0,2,449
47.0,12,0,3,451
47.0,12,0,4,453
47.0,12,0,5,455
47.0,12,0,6,457
47.0,12,0,7,459
47.0,12,0,8,462
47.0,12,0,9,464
47.0,12,0,10,466
47.0,12,0,11,468
47.0,12,0,12,470
47.0,12,0,13,472
47.0,12,0,14,474
47.0,12,0,15,476
47.0,12,1,0,447
47.0,12,1,1,449
47.0,12,1,2,451
47.0,12,1,3,454
47.0,12,1,4,456
47.0,12,1,5,458
47.0,12,1,6,460
47.0,12,1,7,462
47.0,12,1,8,464
47.0,12,1,9,466
47.0,12,1,10,469
47.0,12,1,11,471
47.0,12,1,12,473
47.0,12,1,13,475
47.0,12,1,14,477
47.0,12,1,15,479
47.0,12,2,0,450
47.0,12,2,1,452
47.0,12,2,2,454
47.0,12,2,3,456
47.0,12,2,4,459
47.0,12,2,5,461
47.0,12,2,6,463
47.0,12,2,7,465
47.0,12,2,8,467
47.0,12,2,9,469
47.0,12,2,10,471
47.0,12,2,11,473
47.0,12,2,12,476
47.0,12,2,13,478
47.0,12,2,14,480
47.0,12,2,15,482
47.0,12,3,0,452
47.0,12,3,1,455
47.0,12,3,2,457
47.0,12,3,3,459
47.0,12,3,4,461
47.0,12,3,5,463
47.0,12,3,6,466
47.0,12,3,7,468
47.0,12,3,8,470
47.0,12,3,9,472
47.0,12,3,10,474
47.0,12,3,11,476
47.0,12,3,12,478
47.0,12,3,13,480
47.0,12,3,14,483
47.0,12,3,15,485
47.0,12,4,0,455
47.0,12,4,1,457
47.0,12,4,2,460
47.0,12,4,3,462
47.0,12,4,4,464
47.0,12,4,5,466
47.0,12,4,6,468
47.0,12,4,7,470
47.0,12,4,8,473
47.0,12,4,9,475
47.0,12,4,10,477
47.0,12,4,11,479
47.0,12,4,12,481
47.0,12,4,13,483
47.0,12,4,14,485
47.0,12,4,15,487
47.0,12,5,0,458
47.0,12,5,1,460
47.0,12,5,2,462
47.0,12,5,3,464
47.0,12,5,4,467
47.0,12,5,5,469
47.0,12,5,6,471
47.0,12,5,7,473
47.0,12,5,8,475
47.0,12,5,9,477
47.0,12,5,10,480
47.0,12,5,11,482
47.0,12,5,12,484
47.0,12,5,13,486
47.0,12,5,14,488
47.0,12,5,15,490
47.0,12,6,0,460
47.0,12,6,1,463
47.0,12,6,2,465
47.0,12,6,3,467
47.0,12,6,4,469
47.0,12,6,5,471
47.0,12,6,6,474
47.0,12,6,7,476
47.0,12,6,8,478
47.0,12,6,9,480
47.0,12,6,10,482
47.0,12,6,11,484
47.0,12,6,12,487
47.0,12,6,13,489
47.0,12,6,14,491
47.0,12,6,15,493
47.0,12,7,0,463
47.0,12,7,1,465
47.0,12,7,2,467
47.0,12,7,3,470
47.0,12,7,4,472
47.0,12,7,5,474
47.0,12,7,6,476
47.0,12,7,7,478
47.0,12,7,8,481
47.0,12,7,9,483
47.0,12,7,10,485
47.0,12,7,11,487
47.0,12,7,12,489
47.0,12,7,13,491
47.0,12,7,14,494
47.0,12,7,15,496
47.0,12,8,0,465
47.0,12,8,1,468
47.0,12,8,2,470
47.0,12,8,3,472
47.0,12,8,4,474
47.0,12,8,5,477
47.0,12,8,6,479
47.0,12,8,7,481
47.0,12,8,8,483
47.0,12,8,9,486
47.0,12,8,10,488
47.0,12,8,11,490
47.0,12,8,12,492
47.0,12,8,13,494
47.0,12,8,14,496
47.0,12,8,15,498
47.0,12,9,0,468
47.0,12,9,1,470
47.0,12,9,2,473
47.0,12,9,3,475
47.0,12,9,4,477
47.0,12,9,5,479
47.0,12,9,6,482
47.0,12,9,7,484
47.0,12,9,8,486
47.0,12,9,9,488
47.0,12,9,10,490
47.0,12,9,11,493
47.0,12,9,12,495
47.0,12,9,13,497
47.0,12,9,14,499
47.0,12,9,15,501
47.0,12,10,0,471
47.0,12,10,1,473
47.0,12,10,2,475
47.0,12,10,3,477
47.0,12,10,4,480
47.0,12,10,5,482
47.0,12,10,6,484
47.0,12,10,7,486
47.0,12,10,8,489
47.0,12,10,9,491
47.0,12,10,10,493
47.0,12,10,11,495
47.0,12,10,12,497
47.0,12,10,13,500
47.0,12,10,14,502
47.0,12,10,15,504
47.0,12,11,0,473
47.0,12,11,1,475
47.0,12,11,2,478
47.0,12,11,3,480
47.0,12,11,4,482
47.0,12,11,5,484
47.0,12,11,6,487
47.0,12,11,7,489
47.0,12,11,8,491
47.0,12,11,9,493
47.0,12,11,10,496
47.0,12,11,11,498
47.0,12,11,12,500
47.0,12,11,13,502
47.0,12,11,14,504
47.0,12,11,15,507
47.0,12,12,0,476
47.0,12,12,1,478
47.0,12,12,2,480
47.0,12,12,3,482
47.0,12,12,4,485
47.0,12,12,5,487
47.0,12,12,6,489
47.0,12,12,7,492
47.0,12,12,8,494
47.0,12,12,9,496
47.0,12,12,10,498
47.0,12,12,11,501
47.0,12,12,12,503
47.0,12,12,13,505
47.0,12,12,14,507
47.0,12,12,15,509
47.0,12,13,0,478
47.0,12,13,1,480
47.0,12,13,2,483
47.0,12,13,3,485
47.0,12,13,4,487
47.0,12,13,5,490
47.0,12,13,6,492
47.0,12,13,7,494
47.0,12,13,8,496
47.0,12,13,9,499
47.0,12,13,10,501
47.0,12,13,11,503
47.0,12,13,12,505
47.0,12,13,13,508
47.0,12,13,14,510
47.0,12,13,15,512
47.0,12,14,0,481
47.0,12,14,1,483
47.0,12,14,2,485
47.0,12,14,3,488
47.0,12,14,4,490
47.0,12,14,5,492
47.0,12,14,6,494
47.0,12,14,7,497
47.0,12,14,8,499
47.0,12,14,9,501
47.0,12,14,10,504
47.0,12,14,11,506
47.0,12,14,12,508
47.0,12,14,13,510
47.0,12,14,14,512
47.0,12,14,15,515
47.0,12,15,0,483
47.0,12,15,1,485
47.0,12,15,2,488
47.0,12,15,3,490
47.0,12,15,4,492
47.0,12,15,5,495
47.0,12,15,6,497
47.0,12,15,7,499
47.0,12,15,8,502
47.0,12,15,9,504
47.0,12,15,10,506
47.0,12,15,11,508
47.0,12,15,12,511
47.0,12,15,13,513
47.0,12,15,14,515
47.0,12,15,15,517
47.0,13,0,0,451
47.0,13,0,1,453
47.0,13,0,2,455
47.0,13,0,3,457
47.0,13,0,4,459
47.0,13,0,5,462
47.0,13,0,6,464
47.0,13,0,7,466
47.0,13,0,8,468
47.0,13,0,9,470
47.0,13,0,10,472
47.0,13,0,11,474
47.0,13,0,12,477
47.0,13,0,13,479
47.0,13,0,14,481
47.0,13,0,15,483
47.0,13,1,0,453
47.0,13,1,1,456
47.0,13,1,2,458
47.0,13,1,3,460
47.0,13,1,4,462
47.0,13,1,5,464
47.0,13,1,6,467
47.0,13,1,7,469
47.0,13,1,8,471
47.0,13,1,9,473
47.0,13,1,10,475
47.0,13,1,11,477
47.0,13,1,12,479
47.0,13,1,13,481
47.0,13,1,14,484
47.0,13,1,15,486
47.0,13,2,0,456
47.0,13,2,1,458
47.0,13,2,2,461
47.0,13,2,3,463
47.0,13,2,4,465
47.0,13,2,5,467
47.0,13,2,6,469
47.0,13,2,7,472
47.0,13,2,8,474
47.0,13,2,9,476
47.0,13,2,10,478
47.0,13,2,11,480
47.0,13,2,12,482
47.0,13,2,13,484
47.0,13,2,14,486
47.0,13,2,15,489
47.0,13,3,0,459
47.0,13,3,1,461
47.0,13,3,2,463
47.0,13,3,3,466
47.0,13,3,4,468
47.0,13,3,5,470
47.0,13,3,6,472
47.0,13,3,7,474
47.0,13,3,8,476
47.0,13,3,9,479
47.0,13,3,10,481
47.0,13,3,11,483
47.0,13,3,12,485
47.0,13,3,13,487
47.0,13,3,14,489
47.0,13,3,15,491
47.0,13,4,0,461
47.0,13,4,1,464
47.0,13,4,2,466
47.0,13,4,3,468
47.0,13,4,4,470
47.0,13,4,5,473
47.0,13,4,6,475
47.0,13,4,7,477
47.0,13,4,8,479
47.0,13,4,9,481
47.0,13,4,10,484
47.0,13,4,11,486
47.0,13,4,12,488
47.0,13,4,13,490
47.0,13,4,14,492
47.0,13,4,15,494
47.0,13,5,0,464
47.0,13,5,1,466
47.0,13,5,2,469
47.0,13,5,3,471
47.0,13,5,4,473
47.0,13,5,5,475
47.0,13,5,6,478
47.0,13,5,7,480
47.0,13,5,8,482
47.0,13,5,9,484
47.0,13,5,10,486
47.0,13,5,11,489
47.0,13,5,12,491
47.0,13,5,13,493
47.0,13,5,14,495
47.0,13,5,15,497
47.0,13,6,0,467
47.0,13,6,1,469
47.0,13,6,2,471
47.0,13,6,3,474
47.0,13,6,4,476
47.0,13,6,5,478
47.0,13,6,6,480
47.0,13,6,7,483
47.0,13,6,8,485
47.0,13,6,9,487
47.0,13,6,10,489
47.0,13,6,11,491
47.0,13,6,12,493
47.0,13,6,13,496
47.0,13,6,14,498
47.0,13,6,15,500
47.0,13,7,0,469
47.0,13,7,1,472
47.0,13,7,2,474
47.0,13,7,3,476
47.0,13,7,4,478
47.0,13,7,5,481
47.0,13,7,6,483
47.0,13,7,7,485
47.0,13,7,8,487
47.0,13,7,9,490
47.0,13,7,10,492
47.0,13,7,11,494
47.0,13,7,12,496
47.0,13,7,13,498
47.0,13,7,14,501
47.0,13,7,15,503
47.0,13,8,0,472
47.0,13,8,1,474
47.0,13,8,2,477
47.0,13,8,3,479
47.0,13,8,4,481
47.0,13,8,5,483
47.0,13,8,6,486
47.0,13,8,7,488
47.0,13,8,8,490
47.0,13,8,9,492
47.0,13,8,10,495
47.0,13,8,11,497
47.0,13,8,12,499
47.0,13,8,13,501
47.0,13,8,14,503
47.0,13,8,15,506
47.0,13,9,0,475
47.0,13,9,1,477
47.0,13,9,2,479
47.0,13,9,3,481
47.0,13,9,4,484
47.0,13,9,5,486
47.0,13,9,6,488
47.0,13,9,7,491
47.0,13,9,8,493
47.0,13,9,9,495
47.0,13,9,10,497
47.0,13,9,11,500
47.0,13,9,12,502
47.0,13,9,13,504
47.0,13,9,14,506
47.0,13,9,15,508
47.0,13,10,0,477
47.0,13,10,1,479
47.0,13,10,2,482
47.0,13,10,3,484
47.0,13,10,4,486
47.0,13,10,5,489
47.0,13,10,6,491
47.0,13,10,7,493
47.0,13,10,8,496
47.0,13,10,9,498
47.0,13,10,10,500
47.0,13,10,11,502
47.0,13,10,12,504
47.0,13,10,13,507
47.0,13,10,14,509
47.0,13,10,15,511
47.0,13,11,0,480
47.0,13,11,1,482
47.0,13,11,2,484
47.0,13,11,3,487
47.0,13,11,4,489
47.0,13,11,5,491
47.0,13,11,6,494
47.0,13,11,7,496
47.0,13,11,8,498
47.0,13,11,9,500
47.0,13,11,10,503
47.0,13,11,11,505
47.0,13,11,12,507
47.0,13,11,13,509
47.0,13,11,14,512
47.0,13,11,15,514
47.0,13,12,0,482
47.0,13,12,1,485
47.0,13,12,2,487
47.0,13,12,3,489
47.0,13,12,4,492
47.0,13,12,5,494
47.0,13,12,6,496
47.0,13,12,7,499
47.0,13,12,8,501
47.0,13,12,9,503
47.0,13,12,10,505
47.0,13,12,11,508
47.0,13,12,12,510
47.0,13,12,13,512
47.0,13,12,14,514
47.0,13,12,15,517
47.0,13,13,0,485
47.0,13,13,1,487
47.0,13,13,2,490
47.0,13,13,3,492
47.0,13,13,4,494
47.0,13,13,5,497
47.0,13,13,6,499
47.0,13,13,7,501
47.0,13,13,8,503
47.0,13,13,9,506
47.0,13,13,10,508
47.0,13,13,11,510
47.0,13,13,12,513
47.0,13,13,13,515
47.0,13,13,14,517
47.0,13,13,15,519
47.0,13,14,0,487
47.0,13,14,1,490
47.0,13,14,2,492
47.0,13,14,3,494
47.0,13,14,4,497
47.0,13,14,5,499
47.0,13,14,6,501
47.0,13,14,7,504
47.0,13,14,8,506
47.0,13,14,9,508
47.0,13,14,10,511
47.0,13,14,11,513
47.0,13,14,12,515
47.0,13,14,13,517
47.0,13,14,14,520
47.0,13,14,15,522
47.0,13,15,0,490
47.0,13,15,1,492
47.0,13,15,2,495
47.0,13,15,3,497
47.0,13,15,4,499
47.0,13,15,5,502
47.0,13,15,6,504
47.0,13,15,7,506
47.0,13,15,8,509
47.0,13,15,9,511
47.0,13,15,10,513
47.0,13,15,11,516
47.0,13,15,12,518
47.0,13,15,13,520
47.0,13,15,14,522
47.0,13,15,15,525
47.0,14,0,0,457
47.0,14,0,1,459
47.0,14,0,2,461
47.0,14,0,3,464
47.0,14,0,4,466
47.0,14,0,5,468
47.0,14,0,6,470
47.0,14,0,7,472
47.0,14,0,8,475
47.0,14,0,9,477
47.0,14,0,10,479
47.0,14,0,11,481
47.0,14,0,12,483
47.0,14,0,13,485
47.0,14,0,14,487
47.0,14,0,15,489
47.0,14,1,0,460
47.0,14,1,1,462
47.0,14,1,2,464
47.0,14,1,3,466
47.0,14,1,4,469
47.0,14,1,5,471
47.0,14,1,6,473
47.0,14,1,7,475
47.0,14,1,8,477
47.0,14,1,9,480
47.0,14,1,10,482
47.0,14,1,11,484
47.0,14,1,12,486
47.0,14,1,13,488
47.0,14,1,14,490
47.0,14,1,15,492
47.0,14,2,0,462
47.0,14,2,1,465
47.0,14,2,2,467
47.0,14,2,3,469
47.0,14,2,4,471
47.0,14,2,5,474
47.0,14,2,6,476
47.0,14,2,7,478
47.0,14,2,8,480
47.0,14,2,9,482
47.0,14,2,10,485
47.0,14,2,11,487
47.0,14,2,12,489
47.0,14,2,13,491
47.0,14,2,14,493
47.0,14,2,15,495
47.0,14,3,0,465
47.0,14,3,1,467
47.0,14,3,2,470
47.0,14,3,3,472
47.0,14,3,4,474
47.0,14,3,5,476
47.0,14,3,6,479
47.0,14,3,7,481
47.0,14,3,8,483
47.0,14,3,9,485
47.0,14,3,10,487
47.0,14,3,11,490
47.0,14,3,12,492
47.0,14,3,13,494
47.0,14,3,14,496
47.0,14,3,15,498
47.0,14,4,0,468
47.0,14,4,1,470
47.0,14,4,2,472
47.0,14,4,3,475
47.0,14,4,4,477
47.0,14,4,5,479
47.0,14,4,6,481
47.0,14,4,7,484
47.0,14,4,8,486
47.0,14,4,9,488
47.0,14,4,10,490
47.0,14,4,11,492
47.0,14,4,12,495
47.0,14,4,13,497
47.0,14,4,14,499
47.0,14,4,15,501
47.0,14,5,0,471
47.0,14,5,1,473
47.0,14,5,2,475
47.0,14,5,3,477
47.0,14,5,4,480
47.0,14,5,5,482
47.0,14,5,6,484
47.0,14,5,7,486
47.0,14,5,8,489
47.0,14,5,9,491
47.0,14,5,10,493
47.0,14,5,11,495
47.0,14,5,12,498
47.0,14,5,13,500
47.0,14,5,14,502
47.0,14,5,15,504
47.0,14,6,0,473
47.0,14,6,1,476
47.0,14,6,2,478
47.0,14,6,3,480
47.0,14,6,4,482
47.0,14,6,5,485
47.0,14,6,6,487
47.0,14,6,7,489
47.0,14,6,8,491
47.0,14,6,9,494
47.0,14,6,10,496
47.0,14,6,11,498
47.0,14,6,12,500
47.0,14,6,13,503
47.0,14,6,14,505
47.0,14,6,15,507
47.0,14,7,0,476
47.0,14,7,1,478
47.0,14,7,2,481
47.0,14,7,3,483
47.0,14,7,4,485
47.0,14,7,5,487
47.0,14,7,6,490
47.0,14,7,7,492
47.0,14,7,8,494
47.0,14,7,9,496
47.0,14,7,10,499
47.0,14,7,11,501
47.0,14,7,12,503
47.0,14,7,13,505
47.0,14,7,14,508
47.0,14,7,15,510
47.0,14,8,0,479
47.0,14,8,1,481
47.0,14,8,2,483
47.0,14,8,3,486
47.0,14,8,4,488
47.0,14,8,5,490
47.0,14,8,6,492
47.0,14,8,7,495
47.0,14,8,8,497
47.0,14,8,9,499
47.0,14,8,10,501
47.0,14,8,11,504
47.0,14,8,12,506
47.0,14,8,13,508
47.0,14,8,14,510
47.0,14,8,15,513
47.0,14,9,0,481
47.0,14,9,1,484
47.0,14,9,2,486
47.0,14,9,3,488
47.0,14,9,4,491
47.0,14,9,5,493
47.0,14,9,6,495
47.0,14,9,7,497
47.0,14,9,8,500
47.0,14,9,9,502
47.0,14,9,10,504
47.0,14,9,11,506
47.0,14,9,12,509
47.0,14,9,13,511
47.0,14,9,14,513
47.0,14,9,15,515
47.0,14,10,0,484
47.0,14,10,1,486
47.0,14,10,2,488
47.0,14,10,3,491
47.0,14,10,4,493
47.0,14,10,5,495
47.0,14,10,6,498
47.0,14,10,7,500
47.0,14,10,8,502
47.0,14,10,9,505
47.0,14,10,10,507
47.0,14,10,11,509
47.0,14,10,12,511
47.0,14,10,13,514
47.0,14,10,14,516
47.0,14,10,15,518
47.0,14,11,0,486
47.0,14,11,1,489
47.0,14,11,2,491
47.0,14,11,3,493
47.0,14,11,4,496
47.0,14,11,5,498
47.0,14,11,6,500
47.0,14,11,7,503
47.0,14,11,8,505
47.0,14,11,9,507
47.0,14,11,10,510
47.0,14,11,11,512
47.0,14,11,12,514
47.0,14,11,13,516
47.0,14,11,14,519
47.0,14,11,15,521
47.0,14,12,0,489
47.0,14,12,1,491
47.0,14,12,2,494
47.0,14,12,3,496
47.0,14,12,4,498
47.0,14,12,5,501
47.0,14,12,6,503
47.0,14,12,7,505
47.0,14,12,8,508
47.0,14,12,9,510
47.0,14,12,10,512
47.0,14,12,11,515
47.0,14,12,12,517
47.0,14,12,13,519
47.0,14,12,14,521
47.0,14,12,15,524
47.0,14,13,0,492
47.0,14,13,1,494
47.0,14,13,2,496
47.0,14,13,3,499
47.0,14,13,4,501
47.0,14,13,5,503
47.0,14,13,6,506
47.0,14,13,7,508
47.0,14,13,8,510
47.0,14,13,9,513
47.0,14,13,10,515
47.0,14,13,11,517
47.0,14,13,12,520
47.0,14,13,13,522
47.0,14,13,14,524
47.0,14,13,15,526
47.0,14,14,0,494
47.0,14,14,1,496
47.0,14,14,2,499
47.0,14,14,3,501
47.0,14,14,4,504
47.0,14,14,5,506
47.0,14,14,6,508
47.0,14,14,7,511
47.0,14,14,8,513
47.0,14,14,9,515
47.0,14,14,10,518
47.0,14,14,11,520
47.0,14,14,12,522
47.0,14,14,13,525
47.0,14,14,14,527
47.0,14,14,15,529
47.0,14,15,0,497
47.0,14,15,1,499
47.0,14,15,2,501
47.0,14,15,3,504
47.0,14,15,4,506
47.0,14,15,5,509
47.0,14,15,6,511
47.0,14,15,7,513
47.0,14,15,8,516
47.0,14,15,9,518
47.0,14,15,10,520
47.0,14,15,11,523
47.0,14,15,12,525
47.0,14,15,13,527
47.0,14,15,14,530
47.0,14,15,15,532
47.0,15,0,0,463
47.0,15,0,1,466
47.0,15,0,2,468
47.0,15,0,3,470
47.0,15,0,4,472
47.0,15,0,5,474
47.0,15,0,6,477
47.0,15,0,7,479
47.0,15,0,8,481
47.0,15,0,9,483
47.0,15,0,10,485
47.0,15,0,11,488
47.0,15,0,12,490
47.0,15,0,13,492
47.0,15,0,14,494
47.0,15,0,15,496
47.0,15,1,0,466
47.0,15,1,1,468
47.0,15,1,2,471
47.0,15,1,3,473
47.0,15,1,4,475
47.0,15,1,5,477
47.0,15,1,6,480
47.0,15,1,7,482
47.0,15,1,8,484
47.0,15,1,9,486
47.0,15,1,10,488
47.0,15,1,11,491
47.0,15,1,12,493
47.0,15,1,13,495
47.0,15,1,14,497
47.0,15,1,15,499
47.0,15,2,0,469
47.0,15,2,1,471
47.0,15,2,2,473
47.0,15,2,3,476
47.0,15,2,4,478
47.0,15,2,5,480
47.0,15,2,6,482
47.0,15,2,7,485
47.0,15,2,8,487
47.0,15,2,9,489
47.0,15,2,10,491
47.0,15,2,11,493
47.0,15,2,12,496
47.0,15,2,13,498
47.0,15,2,14,500
47.0,15,2,15,502
47.0,15,3,0,472
47.0,15,3,1,474
47.0,15,3,2,476
47.0,15,3,3,478
47.0,15,3,4,481
47.0,15,3,5,483
47.0,15,3,6,485
47.0,15,3,7,487
47.0,15,3,8,490
47.0,15,3,9,492
47.0,15,3,10,494
47.0,15,3,11,496
47.0,15,3,12,499
47.0,15,3,13,501
47.0,15,3,14,503
47.0,15,3,15,505
47.0,15,4,0,474
47.0,15,4,1,477
47.0,15,4,2,479
47.0,15,4,3,481
47.0,15,4,4,484
47.0,15,4,5,486
47.0,15,4,6,488
47.0,15,4,7,490
47.0,15,4,8,493
47.0,15,4,9,495
47.0,15,4,10,497
47.0,15,4,11,499
47.0,15,4,12,501
47.0,15,4,13,504
47.0,15,4,14,506
47.0,15,4,15,508
47.0,15,5,0,477
47.0,15,5,1,479
47.0,15,5,2,482
47.0,15,5,3,484
47.0,15,5,4,486
47.0,15,5,5,489
47.0,15,5,6,491
47.0,15,5,7,493
47.0,15,5,8,495
47.0,15,5,9,498
47.0,15,5,10,500
47.0,15,5,11,502
47.0,15,5,12,504
47.0,15,5,13,507
47.0,15,5,14,509
47.0,15,5,15,511
47.0,15,6,0,480
47.0,15,6,1,482
47.0,15,6,2,484
47.0,15,6,3,487
47.0,15,6,4,489
47.0,15,6,5,491
47.0,15,6,6,494
47.0,15,6,7,496
47.0,15,6,8,498
47.0,15,6,9,500
47.0,15,6,10,503
47.0,15,6,11,505
47.0,15,6,12,507
47.0,15,6,13,509
47.0,15,6,14,512
47.0,15,6,15,514
47.0,15,7,0,482
47.0,15,7,1,485
47.0,15,7,2,487
47.0,15,7,3,489
47.0,15,7,4,492
47.0,15,7,5,494
47.0,15,7,6,496
47.0,15,7,7,499
47.0,15,7,8,501
47.0,15,7,9,503
47.0,15,7,10,506
47.0,15,7,11,508
47.0,15,7,12,510
47.0,15,7,13,512
47.0,15,7,14,514
47.0,15,7,15,517
47.0,15,8,0,485
47.0,15,8,1,487
47.0,15,8,2,490
47.0,15,8,3,492
47.0,15,8,4,495
47.0,15,8,5,497
47.0,15,8,6,499
47.0,15,8,7,501
47.0,15,8,8,504
47.0,15,8,9,506
47.0,15,8,10,508
47.0,15,8,11,511
47.0,15,8,12,513
47.0,15,8,13,515
47.0,15,8,14,517
47.0,15,8,15,520
47.0,15,9,0,488
47.0,15,9,1,490
47.0,15,9,2,493
47.0,15,9,3,495
47.0,15,9,4,497
47.0,15,9,5,500
47.0,15,9,6,502
47.0,15,9,7,504
47.0,15,9,8,507
47.0,15,9,9,509
47.0,15,9,10,511
47.0,15,9,11,513
47.0,15,9,12,516
47.0,15,9,13,518
47.0,15,9,14,520
47.0,15,9,15,522
47.0,15,10,0,490
47.0,15,10,1,493
47.0,15,10,2,495
47.0,15,10,3,498
47.0,15,10,4,500
47.0,15,10,5,502
47.0,15,10,6,505
47.0,15,10,7,507
47.0,15,10,8,509
47.0,15,10,9,512
47.0,15,10,10,514
47.0,15,10,11,516
47.0,15,10,12,518
47.0,15,10,13,521
47.0,15,10,14,523
47.0,15,10,15,525
47.0,15,11,0,493
47.0,15,11,1,495
47.0,15,11,2,498
47.0,15,11,3,500
47.0,15,11,4,503
47.0,15,11,5,505
47.0,15,11,6,507
47.0,15,11,7,510
47.0,15,11,8,512
47.0,15,11,9,514
47.0,15,11,10,517
47.0,15,11,11,519
47.0,15,11,12,521
47.0,15,11,13,524
47.0,15,11,14,526
47.0,15,11,15,528
47.0,15,12,0,496
47.0,15,12,1,498
47.0,15,12,2,500
47.0,15,12,3,503
47.0,15,12,4,505
47.0,15,12,5,508
47.0,15,12,6,510
47.0,15,12,7,512
47.0,15,12,8,515
47.0,15,12,9,517
47.0,15,12,10,519
47.0,15,12,11,522
47.0,15,12,12,524
47.0,15,12,13,526
47.0,15,12,14,529
47.0,15,12,15,531
47.0,15,13,0,498
47.0,15,13,1,501
47.0,15,13,2,503
47.0,15,13,3,506
47.0,15,13,4,508
47.0,15,13,5,510
47.0,15,13,6,513
47.0,15,13,7,515
47.0,15,13,8,517
47.0,15,13,9,520
47.0,15,13,10,522
47.0,15,13,11,524
47.0,15,13,12,527
47.0,15,13,13,529
47.0,15,13,14,531
47.0,15,13,15,534
47.0,15,14,0,501
47.0,15,14,1,503
47.0,15,14,2,506
47.0,15,14,3,508
47.0,15,14,4,511
47.0,15,14,5,513
47.0,15,14,6,515
47.0,15,14,7,518
47.0,15,14,8,520
47.0,15,14,9,523
47.0,15,14,10,525
47.0,15,14,11,527
47.0,15,14,12,530
47.0,15,14,13,532
47.0,15,14,14,534
47.0,15,14,15,536
47.0,15,15,0,503
47.0,15,15,1,506
47.0,15,15,2,508
47.0,15,15,3,511
47.0,15,15,4,513
47.0,15,15,5,516
47.0,15,15,6,518
47.0,15,15,7,520
47.0,15,15,8,523
47.0,15,15,9,525
47.0,15,15,10,528
47.0,15,15,11,530
47.0,15,15,12,532
47.0,15,15,13,535
47.0,15,15,14,537
47.0,15,15,15,539
47.5,0,0,0,371
47.5,0,0,1,373
47.5,0,0,2,375
47.5,0,0,3,377
47.5,0,0,4,379
47.5,0,0,5,381
47.5,0,0,6,382
47.5,0,0,7,384
47.5,0,0,8,386
47.5,0,0,9,388
47.5,0,0,10,389
47.5,0,0,11,391
47.5,0,0,12,393
47.5,0,0,13,394
47.5,0,0,14,396
47.5,0,0,15,398
47.5,0,1,0,374
47.5,0,1,1,376
47.5,0,1,2,377
47.5,0,1,3,379
47.5,0,1,4,381
47.5,0,1,5,383
47.5,0,1,6,385
47.5,0,1,7,386
47.5,0,1,8,388
47.5,0,1,9,390
47.5,0,1,10,392
47.5,0,1,11,393
47.5,0,1,12,395
47.5,0,1,13,397
47.5,0,1,14,399
47.5,0,1,15,400
47.5,0,2,0,376
47.5,0,2,1,378
47.5,0,2,2,380
47.5,0,2,3,381
47.5,0,2,4,383
47.5,0,2,5,385
47.5,0,2,6,387
47.5,0,2,7,389
47.5,0,2,8,390
47.5,0,2,9,392
47.5,0,2,10,394
47.5,0,2,11,396
47.5,0,2,12,397
47.5,0,2,13,399
47.5,0,2,14,401
47.5,0,2,15,403
47.5,0,3,0,378
47.5,0,3,1,380
47.5,0,3,2,382
47.5,0,3,3,384
47.5,0,3,4,386
47.5,0,3,5,387
47.5,0,3,6,389
47.5,0,3,7,391
47.5,0,3,8,393
47.5,0,3,9,395
47.5,0,3,10,396
47.5,0,3,11,398
47.5,0,3,12,400
47.5,0,3,13,402
47.5,0,3,14,403
47.5,0,3,15,405
47.5,0,4,0,380
47.5,0,4,1,382
47.5,0,4,2,384
47.5,0,4,3,386
47.5,0,4,4,388
47.5,0,4,5,390
47.5,0,4,6,391
47.5,0,4,7,393
47.5,0,4,8,395
47.5,0,4,9,397
47.5,0,4,10,399
47.5,0,4,11,400
47.5,0,4,12,402
47.5,0,4,13,404
47.5,0,4,14,406
47.5,0,4,15,407
47.5,0,5,0,383
47.5,0,5,1,384
47.5,0,5,2,386
47.5,0,5,3,388
47.5,0,5,4,390
47.5,0,5,5,392
47.5,0,5,6,394
47.5,0,5,7,395
47.5,0,5,8,397
47.5,0,5,9,399
47.5,0,5,10,401
47.5,0,5,11,403
47.5,0,5,12,404
47.5,0,5,13,406
47.5,0,5,14,408
47.5,0,5,15,410
47.5,0,6,0,385
47.5,0,6,1,387
47.5,0,6,2,388
47.5,0,6,3,390
47.5,0,6,4,392
47.5,0,6,5,394
47.5,0,6,6,396
47.5,0,6,7,398
47.5,0,6,8,400
47.5,0,6,9,401
47.5,0,6,10,403
47.5,0,6,11,405
47.5,0,6,12,407
47.5,0,6,13,409
47.5,0,6,14,410
47.5,0,6,15,412
47.5,0,7,0,387
47.5,0,7,1,389
47.5,0,7,2,391
47.5,0,7,3,393
47.5,0,7,4,394
47.5,0,7,5,396
47.5,0,7,6,398
47.5,0,7,7,400
47.5,0,7,8,402
47.5,0,7,9,404
47.5,0,7,10,405
47.5,0,7,11,407
47.5,0,7,12,409
47.5,0,7,13,411
47.5,0,7,14,413
47.5,0,7,15,414
47.5,0,8,0,389
47.5,0,8,1,391
47.5,0,8,2,393
47.5,0,8,3,395
47.5,0,8,4,397
47.5,0,8,5,398
47.5,0,8,6,400
47.5,0,8,7,402
47.5,0,8,8,404
47.5,0,8,9,406
47.5,0,8,10,408
47.5,0,8,11,409
47.5,0,8,12,411
47.5,0,8,13,413
47.5,0,8,14,415
47.5,0,8,15,417
47.5,0,9,0,391
47.5,0,9,1,393
47.5,0,9,2,395
47.5,0,9,3,397
47.5,0,9,4,399
47.5,0,9,5,401
47.5,0,9,6,403
47.5,0,9,7,404
47.5,0,9,8,406
47.5,0,9,9,408
47.5,0,9,10,410
47.5,0,9,11,412
47.5,0,9,12,414
47.5,0,9,13,415
47.5,0,9,14,417
47.5,0,9,15,419
47.5,0,10,0,393
47.5,0,10,1,395
47.5,0,10,2,397
47.5,0,10,3,399
47.5,0,10,4,401
47.5,0,10,5,403
47.5,0,10,6,405
47.5,0,10,7,407
47.5,0,10,8,408
47.5,0,10,9,410
47.5,0,10,10,412
47.5,0,10,11,414
47.5,0,10,12,416
47.5,0,10,13,418
47.5,0,10,14,419
47.5,0,10,15,421
47.5,0,11,0,395
47.5,0,11,1,397
47.5,0,11,2,399
47.5,0,11,3,401
47.5,0,11,4,403
47.5,0,11,5,405
47.5,0,11,6,407
47.5,0,11,7,409
47.5,0,11,8,411
47.5,0,11,9,412
47.5,0,11,10,414
47.5,0,11,11,416
47.5,0,11,12,418
47.5,0,11,13,420
47.5,0,11,14,422
47.5,0,11,15,423
47.5,0,12,0,397
47.5,0,12,1,399
47.5,0,12,2,401
47.5,0,12,3,403
47.5,0,12,4,405
47.5,0,12,5,407
47.5,0,12,6,409
47.5,0,12,7,411
47.5,0,12,8,413
47.5,0,12,9,415
47.5,0,12,10,417
47.5,0,12,11,418
47.5,0,12,12,420
47.5,0,12,13,422
47.5,0,12,14,424
47.5,0,12,15,426
47.5,0,13,0,400
47.5,0,13,1,402
47.5,0,13,2,403
47.5,0,13,3,405
47.5,0,13,4,407
47.5,0,13,5,409
47.5,0,13,6,411
47.5,0,13,7,413
47.5,0,13,8,415
47.5,0,13,9,417
47.5,0,13,10,419
47.5,0,13,11,421
47.5,0,13,12,422
47.5,0,13,13,424
47.5,0,13,14,426
47.5,0,13,15,428
47.5,0,14,0,402
47.5,0,14,1,404
47.5,0,14,2,406
47.5,0,14,3,408
47.5,0,14,4,409
47.5,0,14,5,411
47.5,0,14,6,413
47.5,0,14,7,415
47.5,0,14,8,417
47.5,0,14,9,419
47.5,0,14,10,421
47.5,0,14,11,423
47.5,0,14,12,425
47.5,0,14,13,427
47.5,0,14,14,428
47.5,0,14,15,430
47.5,0,15,0,404
47.5,0,15,1,406
47.5,0,15,2,408
47.5,0,15,3,410
47.5,0,15,4,412
47.5,0,15,5,414
47.5,0,15,6,415
47.5,0,15,7,417
47.5,0,15,8,419
47.5,0,15,9,421
47.5,0,15,10,423
47.5,0,15,11,425
47.5,0,15,12,427
47.5,0,15,13,429
47.5,0,15,14,431
47.5,0,15,15,432
47.5,1,0,0,378
47.5,1,0,1,380
47.5,1,0,2,381
47.5,1,0,3,383
47.5,1,0,4,385
47.5,1,0,5,387
47.5,1,0,6,389
47.5,1,0,7,391
47.5,1,0,8,392
47.5,1,0,9,394
47.5,1,0,10,396
47.5,1,0,11,398
47.5,1,0,12,399
47.5,1,0,13,401
47.5,1,0,14,403
47.5,1,0,15,405
47.5,1,1,0,380
47.5,1,1,1,382
47.5,1,1,2,384
47.5,1,1,3,386
47.5,1,1,4,387
47.5,1,1,5,389
47.5,1,1,6,391
47.5,1,1,7,393
47.5,1,1,8,395
47.5,1,1,9,397
47.5,1,1,10,398
47.5,1,1,11,400
47.5,1,1,12,402
47.5,1,1,13,404
47.5,1,1,14,405
47.5,1,1,15,407
47.5,1,2,0,382
47.5,1,2,1,384
47.5,1,2,2,386
47.5,1,2,3,388
47.5,1,2,4,390
47.5,1,2,5,392
47.5,1,2,6,393
47.5,1,2,7,395
47.5,1,2,8,397
47.5,1,2,9,399
47.5,1,2,10,401
47.5,1,2,11,402
47.5,1,2,12,404
47.5,1,2,13,406
47.5,1,2,14,408
47.5,1,2,15,410
47.5,1,3,0,385
47.5,1,3,1,386
47.5,1,3,2,388
47.5,1,3,3,390
47.5,1,3,4,392
47.5,1,3,5,394
47.5,1,3,6,396
47.5,1,3,7,398
47.5,1,3,8,399
47.5,1,3,9,401
47.5,1,3,10,403
47.5,1,3,11,405
47.5,1,3,12,407
47.5,1,3,13,408
47.5,1,3,14,410
47.5,1,3,15,412
47.5,1,4,0,387
47.5,1,4,1,389
47.5,1,4,2,391
47.5,1,4,3,392
47.5,1,4,4,394
47.5,1,4,5,396
47.5,1,4,6,398
47.5,1,4,7,400
47.5,1,4,8,402
47.5,1,4,9,404
47.5,1,4,10,405
47.5,1,4,11,407
47.5,1,4,12,409
47.5,1,4,13,411
47.5,1,4,14,413
47.5,1,4,15,414
47.5,1,5,0,389
47.5,1,5,1,391
47.5,1,5,2,393
47.5,1,5,3,395
47.5,1,5,4,397
47.5,1,5,5,398
47.5,1,5,6,400
47.5,1,5,7,402
47.5,1,5,8,404
47.5,1,5,9,406
47.5,1,5,10,408
47.5,1,5,11,409
47.5,1,5,12,411
47.5,1,5,13,413
47.5,1,5,14,415
47.5,1,5,15,417
47.5,1,6,0,391
47.5,1,6,1,393
47.5,1,6,2,395
47.5,1,6,3,397
47.5,1,6,4,399
47.5,1,6,5,401
47.5,1,6,6,403
47.5,1,6,7,404
47.5,1,6,8,406
47.5,1,6,9,408
47.5,1,6,10,410
47.5,1,6,11,412
47.5,1,6,12,414
47.5,1,6,13,415
47.5,1,6,14,417
47.5,1,6,15,419
47.5,1,7,0,393
47.5,1,7,1,395
47.5,1,7,2,397
47.5,1,7,3,399
47.5,1,7,4,401
47.5,1,7,5,403
47.5,1,7,6,405
47.5,1,7,7,407
47.5,1,7,8,409
47.5,1,7,9,410
47.5,1,7,10,412
47.5,1,7,11,414
47.5,1,7,12,416
47.5,1,7,13,418
47.5,1,7,14,420
47.5,1,7,15,421
47.5,1,8,0,396
47.5,1,8,1,398
47.5,1,8,2,399
47.5,1,8,3,401
47.5,1,8,4,403
47.5,1,8,5,405
47.5,1,8,6,407
47.5,1,8,7,409
47.5,1,8,8,411
47.5,1,8,9,413
47.5,1,8,10,415
47.5,1,8,11,416
47.5,1,8,12,418
47.5,1,8,13,420
47.5,1,8,14,422
47.5,1,8,15,424
47.5,1,9,0,398
47.5,1,9,1,400
47.5,1,9,2,402
47.5,1,9,3,404
47.5,1,9,4,406
47.5,1,9,5,407
47.5,1,9,6,409
47.5,1,9,7,411
47.5,1,9,8,413
47.5,1,9,9,415
47.5,1,9,10,417
47.5,1,9,11,419
47.5,1,9,12,421
47.5,1,9,13,422
47.5,1,9,14,424
47.5,1,9,15,426
47.5,1,10,0,400
47.5,1,10,1,402
47.5,1,10,2,404
47.5,1,10,3,406
47.5,1,10,4,408
47.5,1,10,5,410
47.5,1,10,6,412
47.5,1,10,7,413
47.5,1,10,8,415
47.5,1,10,9,417
47.5,1,10,10,419
47.5,1,10,11,421
47.5,1,10,12,423
47.5,1,10,13,425
47.5,1,10,14,427
47.5,1,10,15,428
47.5,1,11,0,402
47.5,1,11,1,404
47.5,1,11,2,406
47.5,1,11,3,408
47.5,1,11,4,410
47.5,1,11,5,412
47.5,1,11,6,414
47.5,1,11,7,416
47.5,1,11,8,418
47.5,1,11,9,419
47.5,1,11,10,421
47.5,1,11,11,423
47.5,1,11,12,425
47.5,1,11,13,427
47.5,1,11,14,429
47.5,1,11,15,431
47.5,1,12,0,404
47.5,1,12,1,406
47.5,1,12,2,408
47.5,1,12,3,410
47.5,1,12,4,412
47.5,1,12,5,414
47.5,1,12,6,416
47.5,1,12,7,418
47.5,1,12,8,420
47.5,1,12,9,422
47.5,1,12,10,424
47.5,1,12,11,425
47.5,1,12,12,427
47.5,1,12,13,429
47.5,1,12,14,431
47.5,1,12,15,433
47.5,1,13,0,406
47.5,1,13,1,408
47.5,1,13,2,410
47.5,1,13,3,412
47.5,1,13,4,414
47.5,1,13,5,416
47.5,1,13,6,418
47.5,1,13,7,420
47.5,1,13,8,422
47.5,1,13,9,424
47.5,1,13,10,426
47.5,1,13,11,428
47.5,1,13,12,430
47.5,1,13,13,432
47.5,1,13,14,433
47.5,1,13,15,435
47.5,1,14,0,408
47.5,1,14,1,410
47.5,1,14,2,412
47.5,1,14,3,414
47.5,1,14,4,416
47.5,1,14,5,418
47.5,1,14,6,420
47.5,1,14,7,422
47.5,1,14,8,424
47.5,1,14,9,426
47.5,1,14,10,428
47.5,1,14,11,430
47.5,1,14,12,432
47.5,1,14,13,434
47.5,1,14,14,436
47.5,1,14,15,438
47.5,1,15,0,411
47.5,1,15,1,413
47.5,1,15,2,415
47.5,1,15,3,417
47.5,1,15,4,419
47.5,1,15,5,421
47.5,1,15,6,422
47.5,1,15,7,424
47.5,1,15,8,426
47.5,1,15,9,428
47.5,1,15,10,430
47.5,1,15,11,432
47.5,1,15,12,434
47.5,1,15,13,436
47.5,1,15,14,438
47.5,1,15,15,440
47.5,2,0,0,384
47.5,2,0,1,386
47.5,2,0,2,388
47.5,2,0,3,390
47.5,2,0,4,392
47.5,2,0,5,393
47.5,2,0,6,395
47.5,2,0,7,397
47.5,2,0,8,399
47.5,2,0,9,401
47.5,2,0,10,403
47.5,2,0,11,404
47.5,2,0,12,406
47.5,2,0,13,408
47.5,2,0,14,410
47.5,2,0,15,411
47.5,2,1,0,386
47.5,2,1,1,388
47.5,2,1,2,390
47.5,2,1,3,392
47.5,2,1,4,394
47.5,2,1,5,396
47.5,2,1,6,398
47.5,2,1,7,399
47.5,2,1,8,401
47.5,2,1,9,403
47.5,2,1,10,405
47.5,2,1,11,407
47.5,2,1,12,409
47.5,2,1,13,410
47.5,2,1,14,412
47.5,2,1,15,414
47.5,2,2,0,389
47.5,2,2,1,391
47.5,2,2,2,393
47.5,2,2,3,394
47.5,2,2,4,396
47.5,2,2,5,398
47.5,2,2,6,400
47.5,2,2,7,402
47.5,2,2,8,404
47.5,2,2,9,406
47.5,2,2,10,407
47.5,2,2,11,409
47.5,2,2,12,411
47.5,2,2,13,413
47.5,2,2,14,415
47.5,2,2,15,416
47.5,2,3,0,391
47.5,2,3,1,393
47.5,2,3,2,395
47.5,2,3,3,397
47.5,2,3,4,399
47.5,2,3,5,400
47.5,2,3,6,402
47.5,2,3,7,404
47.5,2,3,8,406
47.5,2,3,9,408
47.5,2,3,10,410
47.5,2,3,11,412
47.5,2,3,12,413
47.5,2,3,13,415
47.5,2,3,14,417
47.5,2,3,15,419
47.5,2,4,0,393
47.5,2,4,1,395
47.5,2,4,2,397
47.5,2,4,3,399
47.5,2,4,4,401
47.5,2,4,5,403
47.5,2,4,6,405
47.5,2,4,7,407
47.5,2,4,8,408
47.5,2,4,9,410
47.5,2,4,10,412
47.5,2,4,11,414
47.5,2,4,12,416
47.5,2,4,13,418
47.5,2,4,14,419
47.5,2,4,15,421
47.5,2,5,0,396
47.5,2,5,1,397
47.5,2,5,2,399
47.5,2,5,3,401
47.5,2,5,4,403
47.5,2,5,5,405
47.5,2,5,6,407
47.5,2,5,7,409
47.5,2,5,8,411
47.5,2,5,9,413
47.5,2,5,10,414
47.5,2,5,11,416
47.5,2,5,12,418
47.5,2,5,13,420
47.5,2,5,14,422
47.5,2,5,15,424
47.5,2,6,0,398
47.5,2,6,1,400
47.5,2,6,2,402
47.5,2,6,3,404
47.5,2,6,4,406
47.5,2,6,5,407
47.5,2,6,6,409
47.5,2,6,7,411
47.5,2,6,8,413
47.5,2,6,9,415
47.5,2,6,10,417
47.5,2,6,11,419
47.5,2,6,12,421
47.5,2,6,13,422
47.5,2,6,14,424
47.5,2,6,15,426
47.5,2,7,0,400
47.5,2,7,1,402
47.5,2,7,2,404
47.5,2,7,3,406
47.5,2,7,4,408
47.5,2,7,5,410
47.5,2,7,6,412
47.5,2,7,7,414
47.5,2,7,8,415
47.5,2,7,9,417
47.5,2,7,10,419
47.5,2,7,11,421
47.5,2,7,12,423
47.5,2,7,13,425
47.5,2,7,14,427
47.5,2,7,15,428
47.5,2,8,0,402
47.5,2,8,1,404
47.5,2,8,2,406
47.5,2,8,3,408
47.5,2,8,4,410
47.5,2,8,5,412
47.5,2,8,6,414
47.5,2,8,7,416
47.5,2,8,8,418
47.5,2,8,9,420
47.5,2,8,10,421
47.5,2,8,11,423
47.5,2,8,12,425
47.5,2,8,13,427
47.5,2,8,14,429
47.5,2,8,15,431
47.5,2,9,0,404
47.5,2,9,1,406
47.5,2,9,2,408
47.5,2,9,3,410
47.5,2,9,4,412
47.5,2,9,5,414
47.5,2,9,6,416
47.5,2,9,7,418
47.5,2,9,8,420
47.5,2,9,9,422
47.5,2,9,10,424
47.5,2,9,11,426
47.5,2,9,12,428
47.5,2,9,13,429
47.5,2,9,14,431
47.5,2,9,15,433
47.5,2,10,0,407
47.5,2,10,1,409
47.5,2,10,2,411
47.5,2,10,3,413
47.5,2,10,4,415
47.5,2,10,5,416
47.5,2,10,6,418
47.5,2,10,7,420
47.5,2,10,8,422
47.5,2,10,9,424
47.5,2,10,10,426
47.5,2,10,11,428
47.5,2,10,12,430
47.5,2,10,13,432
47.5,2,10,14,434
47.5,2,10,15,436
47.5,2,11,0,409
47.5,2,11,1,411
47.5,2,11,2,413
47.5,2,11,3,415
47.5,2,11,4,417
47.5,2,11,5,419
47.5,2,11,6,421
47.5,2,11,7,423
47.5,2,11,8,425
47.5,2,11,9,426
47.5,2,11,10,428
47.5,2,11,11,430
47.5,2,11,12,432
47.5,2,11,13,434
47.5,2,11,14,436
47.5,2,11,15,438
47.5,2,12,0,411
47.5,2,12,1,413
47.5,2,12,2,415
47.5,2,12,3,417
47.5,2,12,4,419
47.5,2,12,5,421
47.5,2,12,6,423
47.5,2,12,7,425
47.5,2,12,8,427
47.5,2,12,9,429
47.5,2,12,10,431
47.5,2,12,11,433
47.5,2,12,12,435
47.5,2,12,13,436
47.5,2,12,14,438
47.5,2,12,15,440
47.5,2,13,0,413
47.5,2,13,1,415
47.5,2,13,2,417
47.5,2,13,3,419
47.5,2,13,4,421
47.5,2,13,5,423
47.5,2,13,6,425
47.5,2,13,7,427
47.5,2,13,8,429
47.5,2,13,9,431
47.5,2,13,10,433
47.5,2,13,11,435
47.5,2,13,12,437
47.5,2,13,13,439
47.5,2,13,14,441
47.5,2,13,15,443
47.5,2,14,0,415
47.5,2,14,1,417
47.5,2,14,2,419
47.5,2,14,3,421
47.5,2,14,4,423
47.5,2,14,5,425
47.5,2,14,6,427
47.5,2,14,7,429
47.5,2,14,8,431
47.5,2,14,9,433
47.5,2,14,10,435
47.5,2,14,11,437
47.5,2,14,12,439
47.5,2,14,13,441
47.5,2,14,14,443
47.5,2,14,15,445
47.5,2,15,0,417
47.5,2,15,1,419
47.5,2,15,2,421
47.5,2,15,3,424
47.5,2,15,4,426
47.5,2,15,5,428
47.5,2,15,6,430
47.5,2,15,7,432
47.5,2,15,8,434
47.5,2,15,9,435
47.5,2,15,10,437
47.5,2,15,11,439
47.5,2,15,12,441
47.5,2,15,13,443
47.5,2,15,14,445
47.5,2,15,15,447
47.5,3,0,0,390
47.5,3,0,1,392
47.5,3,0,2,394
47.5,3,0,3,396
47.5,3,0,4,398
47.5,3,0,5,400
47.5,3,0,6,402
47.5,3,0,7,404
47.5,3,0,8,405
47.5,3,0,9,407
47.5,3,0,10,409
47.5,3,0,11,411
47.5,3,0,12,413
47.5,3,0,13,415
47.5,3,0,14,416
47.5,3,0,15,418
47.5,3,1,0,393
47.5,3,1,1,395
47.5,3,1,2,397
47.5,3,1,3,399
47.5,3,1,4,400
47.5,3,1,5,402
47.5,3,1,6,404
47.5,3,1,7,406
47.5,3,1,8,408
47.5,3,1,9,410
47.5,3,1,10,412
47.5,3,1,11,413
47.5,3,1,12,415
47.5,3,1,13,417
47.5,3,1,14,419
47.5,3,1,15,421
47.5,3,2,0,395
47.5,3,2,1,397
47.5,3,2,2,399
47.5,3,2,3,401
47.5,3,2,4,403
47.5,3,2,5,405
47.5,3,2,6,407
47.5,3,2,7,408
47.5,3,2,8,410
47.5,3,2,9,412
47.5,3,2,10,414
47.5,3,2,11,416
47.5,3,2,12,418
47.5,3,2,13,420
47.5,3,2,14,421
47.5,3,2,15,423
47.5,3,3,0,397
47.5,3,3,1,399
47.5,3,3,2,401
47.5,3,3,3,403
47.5,3,3,4,405
47.5,3,3,5,407
47.5,3,3,6,409
47.5,3,3,7,411
47.5,3,3,8,413
47.5,3,3,9,415
47.5,3,3,10,416
47.5,3,3,11,418
47.5,3,3,12,420
47.5,3,3,13,422
47.5,3,3,14,424
47.5,3,3,15,426
47.5,3,4,0,400
47.5,3,4,1,402
47.5,3,4,2,404
47.5,3,4,3,406
47.5,3,4,4,407
47.5,3,4,5,409
47.5,3,4,6,411
47.5,3,4,7,413
47.5,3,4,8,415
47.5,3,4,9,417
47.5,3,4,10,419
47.5,3,4,11,421
47.5,3,4,12,423
47.5,3,4,13,424
47.5,3,4,14,426
47.5,3,4,15,428
47.5,3,5,0,402
47.5,3,5,1,404
47.5,3,5,2,406
47.5,3,5,3,408
47.5,3,5,4,410
47.5,3,5,5,412
47.5,3,5,6,414
47.5,3,5,7,416
47.5,3,5,8,418
47.5,3,5,9,419
47.5,3,5,10,421
47.5,3,5,11,423
47.5,3,5,12,425
47.5,3,5,13,427
47.5,3,5,14,429
47.5,3,5,15,431
47.5,3,6,0,404
47.5,3,6,1,406
47.5,3,6,2,408
47.5,3,6,3,410
47.5,3,6,4,412
47.5,3,6,5,414
47.5,3,6,6,416
47.5,3,6,7,418
47.5,3,6,8,420
47.5,3,6,9,422
47.5,3,6,10,424
47.5,3,6,11,426
47.5,3,6,12,427
47.5,3,6,13,429
47.5,3,6,14,431
47.5,3,6,15,433
47.5,3,7,0,407
47.5,3,7,1,409
47.5,3,7,2,411
47.5,3,7,3,413
47.5,3,7,4,414
47.5,3,7,5,416
47.5,3,7,6,418
47.5,3,7,7,420
47.5,3,7,8,422
47.5,3,7,9,424
47.5,3,7,10,426
47.5,3,7,11,428
47.5,3,7,12,430
47.5,3,7,13,432
47.5,3,7,14,434
47.5,3,7,15,435
47.5,3,8,0,409
47.5,3,8,1,411
47.5,3,8,2,413
47.5,3,8,3,415
47.5,3,8,4,417
47.5,3,8,5,419
47.5,3,8,6,421
47.5,3,8,7,423
47.5,3,8,8,425
47.5,3,8,9,426
47.5,3,8,10,428
47.5,3,8,11,430
47.5,3,8,12,432
47.5,3,8,13,434
47.5,3,8,14,436
47.5,3,8,15,438
47.5,3,9,0,411
47.5,3,9,1,413
47.5,3,9,2,415
47.5,3,9,3,417
47.5,3,9,4,419
47.5,3,9,5,421
47.5,3,9,6,423
47.5,3,9,7,425
47.5,3,9,8,427
47.5,3,9,9,429
47.5,3,9,10,431
47.5,3,9,11,433
47.5,3,9,12,435
47.5,3,9,13,437
47.5,3,9,14,438
47.5,3,9,15,440
47.5,3,10,0,413
47.5,3,10,1,415
47.5,3,10,2,417
47.5,3,10,3,419
47.5,3,10,4,421
47.5,3,10,5,423
47.5,3,10,6,425
47.5,3,10,7,427
47.5,3,10,8,429
47.5,3,10,9,431
47.5,3,10,10,433
47.5,3,10,11,435
47.5,3,10,12,437
47.5,3,10,13,439
47.5,3,10,14,441
47.5,3,10,15,443
47.5,3,11,0,416
47.5,3,11,1,418
47.5,3,11,2,420
47.5,3,11,3,422
47.5,3,11,4,424
47.5,3,11,5,426
47.5,3,11,6,428
47.5,3,11,7,430
47.5,3,11,8,432
47.5,3,11,9,433
47.5,3,11,10,435
47.5,3,11,11,437
47.5,3,11,12,439
47.5,3,11,13,441
47.5,3,11,14,443
47.5,3,11,15,445
47.5,3,12,0,418
47.5,3,12,1,420
47.5,3,12,2,422
47.5,3,12,3,424
47.5,3,12,4,426
47.5,3,12,5,428
47.5,3,12,6,430
47.5,3,12,7,432
47.5,3,12,8,434
47.5,3,12,9,436
47.5,3,12,10,438
47.5,3,12,11,440
47.5,3,12,12,442
47.5,3,12,13,444
47.5,3,12,14,445
47.5,3,12,15,447
47.5,3,13,0,420
47.5,3,13,1,422
47.5,3,13,2,424
47.5,3,13,3,426
47.5,3,13,4,428
47.5,3,13,5,430
47.5,3,13,6,432
47.5,3,13,7,434
47.5,3,13,8,436
47.5,3,13,9,438
47.5,3,13,10,440
47.5,3,13,11,442
47.5,3,13,12,444
47.5,3,13,13,446
47.5,3,13,14,448
47.5,3,13,15,450
47.5,3,14,0,422
47.5,3,14,1,424
47.5,3,14,2,426
47.5,3,14,3,428
47.5,3,14,4,430
47.5,3,14,5,432
47.5,3,14,6,434
47.5,3,14,7,436
47.5,3,14,8,438
47.5,3,14,9,440
47.5,3,14,10,442
47.5,3,14,11,444
47.5,3,14,12,446
47.5,3,14,13,448
47.5,3,14,14,450
47.5,3,14,15,452
47.5,3,15,0,424
47.5,3,15,1,426
47.5,3,15,2,428
47.5,3,15,3,430
47.5,3,15,4,433
47.5,3,15,5,435
47.5,3,15,6,437
47.5,3,15,7,439
47.5,3,15,8,441
47.5,3,15,9,443
47.5,3,15,10,445
47.5,3,15,11,447
47.5,3,15,12,449
47.5,3,15,13,451
47.5,3,15,14,452
47.5,3,15,15,454
47.5,4,0,0,397
47.5,4,0,1,399
47.5,4,0,2,401
47.5,4,0,3,403
47.5,4,0,4,404
47.5,4,0,5,406
47.5,4,0,6,408
47.5,4,0,7,410
47.5,4,0,8,412
47.5,4,0,9,414
47.5,4,0,10,416
47.5,4,0,11,418
47.5,4,0,12,419
47.5,4,0,13,421
47.5,4,0,14,423
47.5,4,0,15,425
47.5,4,1,0,399
47.5,4,1,1,401
47.5,4,1,2,403
47.5,4,1,3,405
47.5,4,1,4,407
47.5,4,1,5,409
47.5,4,1,6,411
47.5,4,1,7,413
47.5,4,1,8,414
47.5,4,1,9,416
47.5,4,1,10,418
47.5,4,1,11,420
47.5,4,1,12,422
47.5,4,1,13,424
47.5,4,1,14,426
47.5,4,1,15,427
47.5,4,2,0,401
47.5,4,2,1,403
47.5,4,2,2,405
47.5,4,2,3,407
47.5,4,2,4,409
47.5,4,2,5,411
47.5,4,2,6,413
47.5,4,2,7,415
47.5,4,2,8,417
47.5,4,2,9,419
47.5,4,2,10,421
47.5,4,2,11,423
47.5,4,2,12,424
47.5,4,2,13,426
47.5,4,2,14,428
47.5,4,2,15,430
47.5,4,3,0,404
47.5,4,3,1,406
47.5,4,3,2,408
47.5,4,3,3,410
47.5,4,3,4,412
47.5,4,3,5,414
47.5,4,3,6,416
47.5,4,3,7,417
47.5,4,3,8,419
47.5,4,3,9,421
47.5,4,3,10,423
47.5,4,3,11,425
47.5,4,3,12,427
47.5,4,3,13,429
47.5,4,3,14,431
47.5,4,3,15,433
47.5,4,4,0,406
47.5,4,4,1,408
47.5,4,4,2,410
47.5,4,4,3,412
47.5,4,4,4,414
47.5,4,4,5,416
47.5,4,4,6,418
47.5,4,4,7,420
47.5,4,4,8,422
47.5,4,4,9,424
47.5,4,4,10,426
47.5,4,4,11,428
47.5,4,4,12,429
47.5,4,4,13,431
47.5,4,4,14,433
47.5,4,4,15,435
47.5,4,5,0,409
47.5,4,5,1,411
47.5,4,5,2,412
47.5,4,5,3,414
47.5,4,5,4,416
47.5,4,5,5,418
47.5,4,5,6,420
47.5,4,5,7,422
47.5,4,5,8,424
47.5,4,5,9,426
47.5,4,5,10,428
47.5,4,5,11,430
47.5,4,5,12,432
47.5,4,5,13,434
47.5,4,5,14,436
47.5,4,5,15,438
47.5,4,6,0,411
47.5,4,6,1,413
47.5,4,6,2,415
47.5,4,6,3,417
47.5,4,6,4,419
47.5,4,6,5,421
47.5,4,6,6,423
47.5,4,6,7,425
47.5,4,6,8,427
47.5,4,6,9,429
47.5,4,6,10,431
47.5,4,6,11,432
47.5,4,6,12,434
47.5,4,6,13,436
47.5,4,6,14,438
47.5,4,6,15,440
47.5,4,7,0,413
47.5,4,7,1,415
47.5,4,7,2,417
47.5,4,7,3,419
47.5,4,7,4,421
47.5,4,7,5,423
47.5,4,7,6,425
47.5,4,7,7,427
47.5,4,7,8,429
47.5,4,7,9,431
47.5,4,7,10,433
47.5,4,7,11,435
47.5,4,7,12,437
47.5,4,7,13,439
47.5,4,7,14,441
47.5,4,7,15,443
47.5,4,8,0,415
47.5,4,8,1,417
47.5,4,8,2,419
47.5,4,8,3,421
47.5,4,8,4,423
47.5,4,8,5,425
47.5,4,8,6,427
47.5,4,8,7,429
47.5,4,8,8,431
47.5,4,8,9,433
47.5,4,8,10,435
47.5,4,8,11,437
47.5,4,8,12,439
47.5,4,8,13,441
47.5,4,8,14,443
47.5,4,8,15,445
47.5,4,9,0,418
47.5,4,9,1,420
47.5,4,9,2,422
47.5,4,9,3,424
47.5,4,9,4,426
47.5,4,9,5,428
47.5,4,9,6,430
47.5,4,9,7,432
47.5,4,9,8,434
47.5,4,9,9,436
47.5,4,9,10,438
47.5,4,9,11,440
47.5,4,9,12,442
47.5,4,9,13,444
47.5,4,9,14,445
47.5,4,9,15,447
47.5,4,10,0,420
47.5,4,10,1,422
47.5,4,10,2,424
47.5,4,10,3,426
47.5,4,10,4,428
47.5,4,10,5,430
47.5,4,10,6,432
47.5,4,10,7,434
47.5,4,10,8,436
47.5,4,10,9,438
47.5,4,10,10,440
47.5,4,10,11,442
47.5,4,10,12,444
47.5,4,10,13,446
47.5,4,10,14,448
47.5,4,10,15,450
47.5,4,11,0,422
47.5,4,11,1,424
47.5,4,11,2,426
47.5,4,11,3,428
47.5,4,11,4,430
47.5,4,11,5,432
47.5,4,11,6,434
47.5,4,11,7,436
47.5,4,11,8,438
47.5,4,11,9,440
47.5,4,11,10,442
47.5,4,11,11,444
47.5,4,11,12,446
47.5,4,11,13,448
47.5,4,11,14,450
47.5,4,11,15,452
47.5,4,12,0,424
47.5,4,12,1,427
47.5,4,12,2,429
47.5,4,12,3,431
47.5,4,12,4,433
47.5,4,12,5,435
47.5,4,12,6,437
47.5,4,12,7,439
47.5,4,12,8,441
47.5,4,12,9,443
47.5,4,12,10,445
47.5,4,12,11,447
47.5,4,12,12,449
47.5,4,12,13,451
47.5,4,12,14,453
47.5,4,12,15,455
47.5,4,13,0,427
47.5,4,13,1,429
47.5,4,13,2,431
47.5,4,13,3,433
47.5,4,13,4,435
47.5,4,13,5,437
47.5,4,13,6,439
47.5,4,13,7,441
47.5,4,13,8,443
47.5,4,13,9,445
47.5,4,13,10,447
47.5,4,13,11,449
47.5,4,13,12,451
47.5,4,13,13,453
47.5,4,13,14,455
47.5,4,13,15,457
47.5,4,14,0,429
47.5,4,14,1,431
47.5,4,14,2,433
47.5,4,14,3,435
47.5,4,14,4,437
47.5,4,14,5,439
47.5,4,14,6,441
47.5,4,14,7,443
47.5,4,14,8,445
47.5,4,14,9,447
47.5,4,14,10,449
47.5,4,14,11,451
47.5,4,14,12,453
47.5,4,14,13,455
47.5,4,14,14,457
47.5,4,14,15,459
47.5,4,15,0,431
47.5,4,15,1,433
47.5,4,15,2,435
47.5,4,15,3,437
47.5,4,15,4,440
47.5,4,15,5,442
47.5,4,15,6,444
47.5,4,15,7,446
47.5,4,15,8,448
47.5,4,15,9,450
47.5,4,15,10,452
47.5,4,15,11,454
47.5,4,15,12,456
47.5,4,15,13,458
47.5,4,15,14,460
47.5,4,15,15,462
47.5,5,0,0,403
47.5,5,0,1,405
47.5,5,0,2,407
47.5,5,0,3,409
47.5,5,0,4,411
47.5,5,0,5,413
47.5,5,0,6,415
47.5,5,0,7,417
47.5,5,0,8,419
47.5,5,0,9,420
47.5,5,0,10,422
47.5,5,0,11,424
47.5,5,0,12,426
47.5,5,0,13,428
47.5,5,0,14,430
47.5,5,0,15,432
47.5,5,1,0,405
47.5,5,1,1,407
47.5,5,1,2,409
47.5,5,1,3,411
47.5,5,1,4,413
47.5,5,1,5,415
47.5,5,1,6,417
47.5,5,1,7,419
47.5,5,1,8,421
47.5,5,1,9,423
47.5,5,1,10,425
47.5,5,1,11,427
47.5,5,1,12,429
47.5,5,1,13,431
47.5,5,1,14,432
47.5,5,1,15,434
47.5,5,2,0,408
47.5,5,2,1,410
47.5,5,2,2,412
47.5,5,2,3,414
47.5,5,2,4,416
47.5,5,2,5,418
47.5,5,2,6,420
47.5,5,2,7,422
47.5,5,2,8,424
47.5,5,2,9,425
47.5,5,2,10,427
47.5,5,2,11,429
47.5,5,2,12,431
47.5,5,2,13,433
47.5,5,2,14,435
47.5,5,2,15,437
47.5,5,3,0,410
47.5,5,3,1,412
47.5,5,3,2,414
47.5,5,3,3,416
47.5,5,3,4,418
47.5,5,3,5,420
47.5,5,3,6,422
47.5,5,3,7,424
47.5,5,3,8,426
47.5,5,3,9,428
47.5,5,3,10,430
47.5,5,3,11,432
47.5,5,3,12,434
47.5,5,3,13,436
47.5,5,3,14,438
47.5,5,3,15,439
47.5,5,4,0,413
47.5,5,4,1,415
47.5,5,4,2,417
47.5,5,4,3,419
47.5,5,4,4,421
47.5,5,4,5,423
47.5,5,4,6,425
47.5,5,4,7,427
47.5,5,4,8,429
47.5,5,4,9,430
47.5,5,4,10,432
47.5,5,4,11,434
47.5,5,4,12,436
47.5,5,4,13,438
47.5,5,4,14,440
47.5,5,4,15,442
47.5,5,5,0,415
47.5,5,5,1,417
47.5,5,5,2,419
47.5,5,5,3,421
47.5,5,5,4,423
47.5,5,5,5,425
47.5,5,5,6,427
47.5,5,5,7,429
47.5,5,5,8,431
47.5,5,5,9,433
47.5,5,5,10,435
47.5,5,5,11,437
47.5,5,5,12,439
47.5,5,5,13,441
47.5,5,5,14,443
47.5,5,5,15,445
47.5,5,6,0,417
47.5,5,6,1,419
47.5,5,6,2,421
47.5,5,6,3,423
47.5,5,6,4,425
47.5,5,6,5,427
47.5,5,6,6,429
47.5,5,6,7,431
47.5,5,6,8,433
47.5,5,6,9,435
47.5,5,6,10,437
47.5,5,6,11,439
47.5,5,6,12,441
47.5,5,6,13,443
47.5,5,6,14,445
47.5,5,6,15,447
47.5,5,7,0,420
47.5,5,7,1,422
47.5,5,7,2,424
47.5,5,7,3,426
47.5,5,7,4,428
47.5,5,7,5,430
47.5,5,7,6,432
47.5,5,7,7,434
47.5,5,7,8,436
47.5,5,7,9,438
47.5,5,7,10,440
47.5,5,7,11,442
47.5,5,7,12,444
47.5,5,7,13,446
47.5,5,7,14,448
47.5,5,7,15,450
47.5,5,8,0,422
47.5,5,8,1,424
47.5,5,8,2,426
47.5,5,8,3,428
47.5,5,8,4,430
47.5,5,8,5,432
47.5,5,8,6,434
47.5,5,8,7,436
47.5,5,8,8,438
47.5,5,8,9,440
47.5,5,8,10,442
47.5,5,8,11,444
47.5,5,8,12,446
47.5,5,8,13,448
47.5,5,8,14,450
47.5,5,8,15,452
47.5,5,9,0,424
47.5,5,9,1,426
47.5,5,9,2,428
47.5,5,9,3,431
47.5,5,9,4,433
47.5,5,9,5,435
47.5,5,9,6,437
47.5,5,9,7,439
47.5,5,9,8,441
47.5,5,9,9,443
47.5,5,9,10,445
47.5,5,9,11,447
47.5,5,9,12,449
47.5,5,9,13,451
47.5,5,9,14,453
47.5,5,9,15,455
47.5,5,10,0,427
47.5,5,10,1,429
47.5,5,10,2,431
47.5,5,10,3,433
47.5,5,10,4,435
47.5,5,10,5,437
47.5,5,10,6,439
47.5,5,10,7,441
47.5,5,10,8,443
47.5,5,10,9,445
47.5,5,10,10,447
47.5,5,10,11,449
47.5,5,10,12,451
47.5,5,10,13,453
47.5,5,10,14,455
47.5,5,10,15,457
47.5,5,11,0,429
47.5,5,11,1,431
47.5,5,11,2,433
47.5,5,11,3,435
47.5,5,11,4,437
47.5,5,11,5,439
47.5,5,11,6,441
47.5,5,11,7,443
47.5,5,11,8,445
47.5,5,11,9,447
47.5,5,11,10,449
47.5,5,11,11,451
47.5,5,11,12,453
47.5,5,11,13,455
47.5,5,11,14,457
47.5,5,11,15,459
47.5,5,12,0,431
47.5,5,12,1,433
47.5,5,12,2,435
47.5,5,12,3,438
47.5,5,12,4,440
47.5,5,12,5,442
47.5,5,12,6,444
47.5,5,12,7,446
47.5,5,12,8,448
47.5,5,12,9,450
47.5,5,12,10,452
47.5,5,12,11,454
47.5,5,12,12,456
47.5,5,12,13,458
47.5,5,12,14,460
47.5,5,12,15,462
47.5,5,13,0,433
47.5,5,13,1,436
47.5,5,13,2,438
47.5,5,13,3,440
47.5,5,13,4,442
47.5,5,13,5,444
47.5,5,13,6,446
47.5,5,13,7,448
47.5,5,13,8,450
47.5,5,13,9,452
47.5,5,13,10,454
47.5,5,13,11,456
47.5,5,13,12,458
47.5,5,13,13,460
47.5,5,13,14,462
47.5,5,13,15,464
47.5,5,14,0,436
47.5,5,14,1,438
47.5,5,14,2,440
47.5,5,14,3,442
47.5,5,14,4,444
47.5,5,14,5,446
47.5,5,14,6,448
47.5,5,14,7,450
47.5,5,14,8,453
47.5,5,14,9,455
47.5,5,14,10,457
47.5,5,14,11,459
47.5,5,14,12,461
47.5,5,14,13,463
47.5,5,14,14,465
47.5,5,14,15,467
47.5,5,15,0,438
47.5,5,15,1,440
47.5,5,15,2,442
47.5,5,15,3,444
47.5,5,15,4,446
47.5,5,15,5,449
47.5,5,15,6,451
47.5,5,15,7,453
47.5,5,15,8,455
47.5,5,15,9,457
47.5,5,15,10,459
47.5,5,15,11,461
47.5,5,15,12,463
47.5,5,15,13,465
47.5,5,15,14,467
47.5,5,15,15,469
47.5,6,0,0,409
47.5,6,0,1,411
47.5,6,0,2,413
47.5,6,0,3,415
47.5,6,0,4,417
47.5,6,0,5,419
47.5,6,0,6,421
47.5,6,0,7,423
47.5,6,0,8,425
47.5,6,0,9,427
47.5,6,0,10,429
47.5,6,0,11,431
47.5,6,0,12,433
47.5,6,0,13,435
47.5,6,0,14,437
47.5,6,0,15,438
47.5,6,1,0,412
47.5,6,1,1,414
47.5,6,1,2,416
47.5,6,1,3,418
47.5,6,1,4,420
47.5,6,1,5,422
47.5,6,1,6,424
47.5,6,1,7,426
47.5,6,1,8,428
47.5,6,1,9,430
47.5,6,1,10,432
47.5,6,1,11,433
47.5,6,1,12,435
47.5,6,1,13,437
47.5,6,1,14,439
47.5,6,1,15,441
47.5,6,2,0,414
47.5,6,2,1,416
47.5,6,2,2,418
47.5,6,2,3,420
47.5,6,2,4,422
47.5,6,2,5,424
47.5,6,2,6,426
47.5,6,2,7,428
47.5,6,2,8,430
47.5,6,2,9,432
47.5,6,2,10,434
47.5,6,2,11,436
47.5,6,2,12,438
47.5,6,2,13,440
47.5,6,2,14,442
47.5,6,2,15,444
47.5,6,3,0,417
47.5,6,3,1,419
47.5,6,3,2,421
47.5,6,3,3,423
47.5,6,3,4,425
47.5,6,3,5,427
47.5,6,3,6,429
47.5,6,3,7,431
47.5,6,3,8,433
47.5,6,3,9,435
47.5,6,3,10,437
47.5,6,3,11,439
47.5,6,3,12,441
47.5,6,3,13,442
47.5,6,3,14,444
47.5,6,3,15,446
47.5,6,4,0,419
47.5,6,4,1,421
47.5,6,4,2,423
47.5,6,4,3,425
47.5,6,4,4,427
47.5,6,4,5,429
47.5,6,4,6,431
47.5,6,4,7,433
47.5,6,4,8,435
47.5,6,4,9,437
47.5,6,4,10,439
47.5,6,4,11,441
47.5,6,4,12,443
47.5,6,4,13,445
47.5,6,4,14,447
47.5,6,4,15,449
47.5,6,5,0,421
47.5,6,5,1,424
47.5,6,5,2,426
47.5,6,5,3,428
47.5,6,5,4,430
47.5,6,5,5,432
47.5,6,5,6,434
47.5,6,5,7,436
47.5,6,5,8,438
47.5,6,5,9,440
47.5,6,5,10,442
47.5,6,5,11,444
47.5,6,5,12,446
47.5,6,5,13,448
47.5,6,5,14,450
47.5,6,5,15,451
47.5,6,6,0,424
47.5,6,6,1,426
47.5,6,6,2,428
47.5,6,6,3,430
47.5,6,6,4,432
47.5,6,6,5,434
47.5,6,6,6,436
47.5,6,6,7,438
47.5,6,6,8,440
47.5,6,6,9,442
47.5,6,6,10,444
47.5,6,6,11,446
47.5,6,6,12,448
47.5,6,6,13,450
47.5,6,6,14,452
47.5,6,6,15,454
47.5,6,7,0,426
47.5,6,7,1,428
47.5,6,7,2,430
47.5,6,7,3,432
47.5,6,7,4,435
47.5,6,7,5,437
47.5,6,7,6,439
47.5,6,7,7,441
47.5,6,7,8,443
47.5,6,7,9,445
47.5,6,7,10,447
47.5,6,7,11,449
47.5,6,7,12,451
47.5,6,7,13,453
47.5,6,7,14,455
47.5,6,7,15,457
47.5,6,8,0,429
47.5,6,8,1,431
47.5,6,8,2,433
47.5,6,8,3,435
47.5,6,8,4,437
47.5,6,8,5,439
47.5,6,8,6,441
47.5,6,8,7,443
47.5,6,8,8,445
47.5,6,8,9,447
47.5,6,8,10,449
47.5,6,8,11,451
47.5,6,8,12,453
47.5,6,8,13,455
47.5,6,8,14,457
47.5,6,8,15,459
47.5,6,9,0,431
47.5,6,9,1,433
47.5,6,9,2,435
47.5,6,9,3,437
47.5,6,9,4,439
47.5,6,9,5,441
47.5,6,9,6,443
47.5,6,9,7,446
47.5,6,9,8,448
47.5,6,9,9,450
47.5,6,9,10,452
47.5,6,9,11,454
47.5,6,9,12,456
47.5,6,9,13,458
47.5,6,9,14,460
47.5,6,9,15,462
47.5,6,10,0,433
47.5,6,10,1,435
47.5,6,10,2,438
47.5,6,10,3,440
47.5,6,10,4,442
47.5,6,10,5,444
47.5,6,10,6,446
47.5,6,10,7,448
47.5,6,10,8,450
47.5,6,10,9,452
47.5,6,10,10,454
47.5,6,10,11,456
47.5,6,10,12,458
47.5,6,10,13,460
47.5,6,10,14,462
47.5,6,10,15,464
47.5,6,11,0,436
47.5,6,11,1,438
47.5,6,11,2,440
47.5,6,11,3,442
47.5,6,11,4,444
47.5,6,11,5,446
47.5,6,11,6,448
47.5,6,11,7,450
47.5,6,11,8,452
47.5,6,11,9,454
47.5,6,11,10,457
47.5,6,11,11,459
47.5,6,11,12,461
47.5,6,11,13,463
47.5,6,11,14,465
47.5,6,11,15,467
47.5,6,12,0,438
47.5,6,12,1,440
47.5,6,12,2,442
47.5,6,12,3,444
47.5,6,12,4,446
47.5,6,12,5,449
47.5,6,12,6,451
47.5,6,12,7,453
47.5,6,12,8,455
47.5,6,12,9,457
47.5,6,12,10,459
47.5,6,12,11,461
47.5,6,12,12,463
47.5,6,12,13,465
47.5,6,12,14,467
47.5,6,12,15,469
47.5,6,13,0,440
47.5,6,13,1,442
47.5,6,13,2,445
47.5,6,13,3,447
47.5,6,13,4,449
47.5,6,13,5,451
47.5,6,13,6,453
47.5,6,13,7,455
47.5,6,13,8,457
47.5,6,13,9,459
47.5,6,13,10,461
47.5,6,13,11,463
47.5,6,13,12,465
47.5,6,13,13,468
47.5,6,13,14,470
47.5,6,13,15,472
47.5,6,14,0,443
47.5,6,14,1,445
47.5,6,14,2,447
47.5,6,14,3,449
47.5,6,14,4,451
47.5,6,14,5,453
47.5,6,14,6,455
47.5,6,14,7,457
47.5,6,14,8,460
47.5,6,14,9,462
47.5,6,14,10,464
47.5,6,14,11,466
47.5,6,14,12,468
47.5,6,14,13,470
47.5,6,14,14,472
47.5,6,14,15,474
47.5,6,15,0,445
47.5,6,15,1,447
47.5,6,15,2,449
47.5,6,15,3,451
47.5,6,15,4,453
47.5,6,15,5,456
47.5,6,15,6,458
47.5,6,15,7,460
47.5,6,15,8,462
47.5,6,15,9,464
47.5,6,15,10,466
47.5,6,15,11,468
47.5,6,15,12,470
47.5,6,15,13,472
47.5,6,15,14,474
47.5,6,15,15,476
47.5,7,0,0,416
47.5,7,0,1,418
47.5,7,0,2,420
47.5,7,0,3,422
47.5,7,0,4,424
47.5,7,0,5,426
47.5,7,0,6,428
47.5,7,0,7,430
47.5,7,0,8,432
47.5,7,0,9,434
47.5,7,0,10,436
47.5,7,0,11,437
47.5,7,0,12,439
47.5,7,0,13,441
47.5,7,0,14,443
47.5,7,0,15,445
47.5,7,1,0,418
47.5,7,1,1,420
47.5,7,1,2,422
47.5,7,1,3,424
47.5,7,1,4,426
47.5,7,1,5,428
47.5,7,1,6,430
47.5,7,1,7,432
47.5,7,1,8,434
47.5,7,1,9,436
47.5,7,1,10,438
47.5,7,1,11,440
47.5,7,1,12,442
47.5,7,1,13,444
47.5,7,1,14,446
47.5,7,1,15,448
47.5,7,2,0,421
47.5,7,2,1,423
47.5,7,2,2,425
47.5,7,2,3,427
47.5,7,2,4,429
47.5,7,2,5,431
47.5,7,2,6,433
47.5,7,2,7,435
47.5,7,2,8,437
47.5,7,2,9,439
47.5,7,2,10,441
47.5,7,2,11,443
47.5,7,2,12,445
47.5,7,2,13,447
47.5,7,2,14,449
47.5,7,2,15,451
47.5,7,3,0,423
47.5,7,3,1,425
47.5,7,3,2,427
47.5,7,3,3,429
47.5,7,3,4,431
47.5,7,3,5,433
47.5,7,3,6,435
47.5,7,3,7,437
47.5,7,3,8,439
47.5,7,3,9,441
47.5,7,3,10,443
47.5,7,3,11,445
47.5,7,3,12,447
47.5,7,3,13,449
47.5,7,3,14,451
47.5,7,3,15,453
47.5,7,4,0,426
47.5,7,4,1,428
47.5,7,4,2,430
47.5,7,4,3,432
47.5,7,4,4,434
47.5,7,4,5,436
47.5,7,4,6,438
47.5,7,4,7,440
47.5,7,4,8,442
47.5,7,4,9,444
47.5,7,4,10,446
47.5,7,4,11,448
47.5,7,4,12,450
47.5,7,4,13,452
47.5,7,4,14,454
47.5,7,4,15,456
47.5,7,5,0,428
47.5,7,5,1,430
47.5,7,5,2,432
47.5,7,5,3,434
47.5,7,5,4,436
47.5,7,5,5,438
47.5,7,5,6,440
47.5,7,5,7,442
47.5,7,5,8,444
47.5,7,5,9,446
47.5,7,5,10,448
47.5,7,5,11,450
47.5,7,5,12,452
47.5,7,5,13,454
47.5,7,5,14,456
47.5,7,5,15,458
47.5,7,6,0,430
47.5,7,6,1,433
47.5,7,6,2,435
47.5,7,6,3,437
47.5,7,6,4,439
47.5,7,6,5,441
47.5,7,6,6,443
47.5,7,6,7,445
47.5,7,6,8,447
47.5,7,6,9,449
47.5,7,6,10,451
47.5,7,6,11,453
47.5,7,6,12,455
47.5,7,6,13,457
47.5,7,6,14,459
47.5,7,6,15,461
47.5,7,7,0,433
47.5,7,7,1,435
47.5,7,7,2,437
47.5,7,7,3,439
47.5,7,7,4,441
47.5,7,7,5,443
47.5,7,7,6,445
47.5,7,7,7,447
47.5,7,7,8,449
47.5,7,7,9,452
47.5,7,7,10,454
47.5,7,7,11,456
47.5,7,7,12,458
47.5,7,7,13,460
47.5,7,7,14,462
47.5,7,7,15,464
47.5,7,8,0,435
47.5,7,8,1,437
47.5,7,8,2,439
47.5,7,8,3,442
47.5,7,8,4,444
47.5,7,8,5,446
47.5,7,8,6,448
47.5,7,8,7,450
47.5,7,8,8,452
47.5,7,8,9,454
47.5,7,8,10,456
47.5,7,8,11,458
47.5,7,8,12,460
47.5,7,8,13,462
47.5,7,8,14,464
47.5,7,8,15,466
47.5,7,9,0,438
47.5,7,9,1,440
47.5,7,9,2,442
47.5,7,9,3,444
47.5,7,9,4,446
47.5,7,9,5,448
47.5,7,9,6,450
47.5,7,9,7,452
47.5,7,9,8,454
47.5,7,9,9,457
47.5,7,9,10,459
47.5,7,9,11,461
47.5,7,9,12,463
47.5,7,9,13,465
47.5,7,9,14,467
47.5,7,9,15,469
47.5,7,10,0,440
47.5,7,10,1,442
47.5,7,10,2,444
47.5,7,10,3,446
47.5,7,10,4,449
47.5,7,10,5,451
47.5,7,10,6,453
47.5,7,10,7,455
47.5,7,10,8,457
47.5,7,10,9,459
47.5,7,10,10,461
47.5,7,10,11,463
47.5,7,10,12,465
47.5,7,10,13,467
47.5,7,10,14,469
47.5,7,10,15,471
47.5,7,11,0,442
47.5,7,11,1,445
47.5,7,11,2,447
47.5,7,11,3,449
47.5,7,11,4,451
47.5,7,11,5,453
47.5,7,11,6,455
47.5,7,11,7,457
47.5,7,11,8,459
47.5,7,11,9,461
47.5,7,11,10,464
47.5,7,11,11,466
47.5,7,11,12,468
47.5,7,11,13,470
47.5,7,11,14,472
47.5,7,11,15,474
47.5,7,12,0,445
47.5,7,12,1,447
47.5,7,12,2,449
47.5,7,12,3,451
47.5,7,12,4,453
47.5,7,12,5,455
47.5,7,12,6,458
47.5,7,12,7,460
47.5,7,12,8,462
47.5,7,12,9,464
47.5,7,12,10,466
47.5,7,12,11,468
47.5,7,12,12,470
47.5,7,12,13,472
47.5,7,12,14,474
47.5,7,12,15,476
47.5,7,13,0,447
47.5,7,13,1,449
47.5,7,13,2,451
47.5,7,13,3,454
47.5,7,13,4,456
47.5,7,13,5,458
47.5,7,13,6,460
47.5,7,13,7,462
47.5,7,13,8,464
47.5,7,13,9,466
47.5,7,13,10,468
47.5,7,13,11,471
47.5,7,13,12,473
47.5,7,13,13,475
47.5,7,13,14,477
47.5,7,13,15,479
47.5,7,14,0,449
47.5,7,14,1,452
47.5,7,14,2,454
47.5,7,14,3,456
47.5,7,14,4,458
47.5,7,14,5,460
47.5,7,14,6,462
47.5,7,14,7,465
47.5,7,14,8,467
47.5,7,14,9,469
47.5,7,14,10,471
47.5,7,14,11,473
47.5,7,14,12,475
47.5,7,14,13,477
47.5,7,14,14,479
47.5,7,14,15,481
47.5,7,15,0,452
47.5,7,15,1,454
47.5,7,15,2,456
47.5,7,15,3,458
47.5,7,15,4,460
47.5,7,15,5,463
47.5,7,15,6,465
47.5,7,15,7,467
47.5,7,15,8,469
47.5,7,15,9,471
47.5,7,15,10,473
47.5,7,15,11,475
47.5,7,15,12,478
47.5,7,15,13,480
47.5,7,15,14,482
47.5,7,15,15,484
47.5,8,0,0,422
47.5,8,0,1,424
47.5,8,0,2,426
47.5,8,0,3,428
47.5,8,0,4,430
47.5,8,0,5,432
47.5,8,0,6,434
47.5,8,0,7,436
47.5,8,0,8,438
47.5,8,0,9,440
47.5,8,0,10,442
47.5,8,0,11,444
47.5,8,0,12,446
47.5,8,0,13,448
47.5,8,0,14,450
47.5,8,0,15,452
47.5,8,1,0,424
47.5,8,1,1,427
47.5,8,1,2,429
47.5,8,1,3,431
47.5,8,1,4,433
47.5,8,1,5,435
47.5,8,1,6,437
47.5,8,1,7,439
47.5,8,1,8,441
47.5,8,1,9,443
47.5,8,1,10,445
47.5,8,1,11,447
47.5,8,1,12,449
47.5,8,1,13,451
47.5,8,1,14,453
47.5,8,1,15,455
47.5,8,2,0,427
47.5,8,2,1,429
47.5,8,2,2,431
47.5,8,2,3,433
47.5,8,2,4,435
47.5,8,2,5,437
47.5,8,2,6,439
47.5,8,2,7,441
47.5,8,2,8,443
47.5,8,2,9,445
47.5,8,2,10,447
47.5,8,2,11,449
47.5,8,2,12,451
47.5,8,2,13,453
47.5,8,2,14,455
47.5,8,2,15,457
47.5,8,3,0,430
47.5,8,3,1,432
47.5,8,3,2,434
47.5,8,3,3,436
47.5,8,3,4,438
47.5,8,3,5,440
47.5,8,3,6,442
47.5,8,3,7,444
47.5,8,3,8,446
47.5,8,3,9,448
47.5,8,3,10,450
47.5,8,3,11,452
47.5,8,3,12,454
47.5,8,3,13,456
47.5,8,3,14,458
47.5,8,3,15,460
47.5,8,4,0,432
47.5,8,4,1,434
47.5,8,4,2,436
47.5,8,4,3,438
47.5,8,4,4,440
47.5,8,4,5,442
47.5,8,4,6,445
47.5,8,4,7,447
47.5,8,4,8,449
47.5,8,4,9,451
47.5,8,4,10,453
47.5,8,4,11,455
47.5,8,4,12,457
47.5,8,4,13,459
47.5,8,4,14,461
47.5,8,4,15,463
47.5,8,5,0,434
47.5,8,5,1,437
47.5,8,5,2,439
47.5,8,5,3,441
47.5,8,5,4,443
47.5,8,5,5,445
47.5,8,5,6,447
47.5,8,5,7,449
47.5,8,5,8,451
47.5,8,5,9,453
47.5,8,5,10,455
47.5,8,5,11,457
47.5,8,5,12,459
47.5,8,5,13,461
47.5,8,5,14,463
47.5,8,5,15,465
47.5,8,6,0,437
47.5,8,6,1,439
47.5,8,6,2,441
47.5,8,6,3,443
47.5,8,6,4,445
47.5,8,6,5,448
47.5,8,6,6,450
47.5,8,6,7,452
47.5,8,6,8,454
47.5,8,6,9,456
47.5,8,6,10,458
47.5,8,6,11,460
47.5,8,6,12,462
47.5,8,6,13,464
47.5,8,6,14,466
47.5,8,6,15,468
47.5,8,7,0,439
47.5,8,7,1,442
47.5,8,7,2,444
47.5,8,7,3,446
47.5,8,7,4,448
47.5,8,7,5,450
47.5,8,7,6,452
47.5,8,7,7,454
47.5,8,7,8,456
47.5,8,7,9,458
47.5,8,7,10,460
47.5,8,7,11,463
47.5,8,7,12,465
47.5,8,7,13,467
47.5,8,7,14,469
47.5,8,7,15,471
47.5,8,8,0,442
47.5,8,8,1,444
47.5,8,8,2,446
47.5,8,8,3,448
47.5,8,8,4,450
47.5,8,8,5,453
47.5,8,8,6,455
47.5,8,8,7,457
47.5,8,8,8,459
47.5,8,8,9,461
47.5,8,8,10,463
47.5,8,8,11,465
47.5,8,8,12,467
47.5,8,8,13,469
47.5,8,8,14,471
47.5,8,8,15,473
47.5,8,9,0,444
47.5,8,9,1,446
47.5,8,9,2,449
47.5,8,9,3,451
47.5,8,9,4,453
47.5,8,9,5,455
47.5,8,9,6,457
47.5,8,9,7,459
47.5,8,9,8,461
47.5,8,9,9,463
47.5,8,9,10,466
47.5,8,9,11,468
47.5,8,9,12,470
47.5,8,9,13,472
47.5,8,9,14,474
47.5,8,9,15,476
47.5,8,10,0,447
47.5,8,10,1,449
47.5,8,10,2,451
47.5,8,10,3,453
47.5,8,10,4,455
47.5,8,10,5,457
47.5,8,10,6,460
47.5,8,10,7,462
47.5,8,10,8,464
47.5,8,10,9,466
47.5,8,10,10,468
47.5,8,10,11,470
47.5,8,10,12,472
47.5,8,10,13,474
47.5,8,10,14,476
47.5,8,10,15,478
47.5,8,11,0,449
47.5,8,11,1,451
47.5,8,11,2,453
47.5,8,11,3,456
47.5,8,11,4,458
47.5,8,11,5,460
47.5,8,11,6,462
47.5,8,11,7,464
47.5,8,11,8,466
47.5,8,11,9,468
47.5,8,11,10,471
47.5,8,11,11,473
47.5,8,11,12,475
47.5,8,11,13,477
47.5,8,11,14,479
47.5,8,11,15,481
47.5,8,12,0,451
47.5,8,12,1,454
47.5,8,12,2,456
47.5,8,12,3,458
47.5,8,12,4,460
47.5,8,12,5,462
47.5,8,12,6,465
47.5,8,12,7,467
47.5,8,12,8,469
47.5,8,12,9,471
47.5,8,12,10,473
47.5,8,12,11,475
47.5,8,12,12,477
47.5,8,12,13,479
47.5,8,12,14,481
47.5,8,12,15,484
47.5,8,13,0,454
47.5,8,13,1,456
47.5,8,13,2,458
47.5,8,13,3,460
47.5,8,13,4,463
47.5,8,13,5,465
47.5,8,13,6,467
47.5,8,13,7,469
47.5,8,13,8,471
47.5,8,13,9,473
47.5,8,13,10,476
47.5,8,13,11,478
47.5,8,13,12,480
47.5,8,13,13,482
47.5,8,13,14,484
47.5,8,13,15,486
47.5,8,14,0,456
47.5,8,14,1,458
47.5,8,14,2,461
47.5,8,14,3,463
47.5,8,14,4,465
47.5,8,14,5,467
47.5,8,14,6,469
47.5,8,14,7,472
47.5,8,14,8,474
47.5,8,14,9,476
47.5,8,14,10,478
47.5,8,14,11,480
47.5,8,14,12,482
47.5,8,14,13,484
47.5,8,14,14,487
47.5,8,14,15,489
47.5,8,15,0,459
47.5,8,15,1,461
47.5,8,15,2,463
47.5,8,15,3,465
47.5,8,15,4,467
47.5,8,15,5,470
47.5,8,15,6,472
47.5,8,15,7,474
47.5,8,15,8,476
47.5,8,15,9,478
47.5,8,15,10,481
47.5,8,15,11,483
47.5,8,15,12,485
47.5,8,15,13,487
47.5,8,15,14,489
47.5,8,15,15,491
47.5,9,0,0,428
47.5,9,0,1,430
47.5,9,0,2,432
47.5,9,0,3,435
47.5,9,0,4,437
47.5,9,0,5,439
47.5,9,0,6,441
47.5,9,0,7,443
47.5,9,0,8,445
47.5,9,0,9,447
47.5,9,0,10,449
47.5,9,0,11,451
47.5,9,0,12,453
47.5,9,0,13,455
47.5,9,0,14,457
47.5,9,0,15,459
47.5,9,1,0,431
47.5,9,1,1,433
47.5,9,1,2,435
47.5,9,1,3,437
47.5,9,1,4,439
47.5,9,1,5,441
47.5,9,1,6,443
47.5,9,1,7,445
47.5,9,1,8,447
47.5,9,1,9,449
47.5,9,1,10,451
47.5,9,1,11,453
47.5,9,1,12,455
47.5,9,1,13,457
47.5,9,1,14,459
47.5,9,1,15,461
47.5,9,2,0,433
47.5,9,2,1,436
47.5,9,2,2,438
47.5,9,2,3,440
47.5,9,2,4,442
47.5,9,2,5,444
47.5,9,2,6,446
47.5,9,2,7,448
47.5,9,2,8,450
47.5,9,2,9,452
47.5,9,2,10,454
47.5,9,2,11,456
47.5,9,2,12,458
47.5,9,2,13,460
47.5,9,2,14,462
47.5,9,2,15,464
47.5,9,3,0,436
47.5,9,3,1,438
47.5,9,3,2,440
47.5,9,3,3,442
47.5,9,3,4,444
47.5,9,3,5,446
47.5,9,3,6,449
47.5,9,3,7,451
47.5,9,3,8,453
47.5,9,3,9,455
47.5,9,3,10,457
47.5,9,3,11,459
47.5,9,3,12,461
47.5,9,3,13,463
47.5,9,3,14,465
47.5,9,3,15,467
47.5,9,4,0,438
47.5,9,4,1,441
47.5,9,4,2,443
47.5,9,4,3,445
47.5,9,4,4,447
47.5,9,4,5,449
47.5,9,4,6,451
47.5,9,4,7,453
47.5,9,4,8,455
47.5,9,4,9,457
47.5,9,4,10,459
47.5,9,4,11,462
47.5,9,4,12,464
47.5,9,4,13,466
47.5,9,4,14,468
47.5,9,4,15,470
47.5,9,5,0,441
47.5,9,5,1,443
47.5,9,5,2,445
47.5,9,5,3,447
47.5,9,5,4,450
47.5,9,5,5,452
47.5,9,5,6,454
47.5,9,5,7,456
47.5,9,5,8,458
47.5,9,5,9,460
47.5,9,5,10,462
47.5,9,5,11,464
47.5,9,5,12,466
47.5,9,5,13,468
47.5,9,5,14,470
47.5,9,5,15,472
47.5,9,6,0,443
47.5,9,6,1,446
47.5,9,6,2,448
47.5,9,6,3,450
47.5,9,6,4,452
47.5,9,6,5,454
47.5,9,6,6,456
47.5,9,6,7,458
47.5,9,6,8,461
47.5,9,6,9,463
47.5,9,6,10,465
47.5,9,6,11,467
47.5,9,6,12,469
47.5,9,6,13,471
47.5,9,6,14,473
47.5,9,6,15,475
47.5,9,7,0,446
47.5,9,7,1,448
47.5,9,7,2,450
47.5,9,7,3,452
47.5,9,7,4,455
47.5,9,7,5,457
47.5,9,7,6,459
47.5,9,7,7,461
47.5,9,7,8,463
47.5,9,7,9,465
47.5,9,7,10,467
47.5,9,7,11,469
47.5,9,7,12,471
47.5,9,7,13,474
47.5,9,7,14,476
47.5,9,7,15,478
47.5,9,8,0,448
47.5,9,8,1,451
47.5,9,8,2,453
47.5,9,8,3,455
47.5,9,8,4,457
47.5,9,8,5,459
47.5,9,8,6,461
47.5,9,8,7,464
47.5,9,8,8,466
47.5,9,8,9,468
47.5,9,8,10,470
47.5,9,8,11,472
47.5,9,8,12,474
47.5,9,8,13,476
47.5,9,8,14,478
47.5,9,8,15,480
47.5,9,9,0,451
47.5,9,9,1,453
47.5,9,9,2,455
47.5,9,9,3,457
47.5,9,9,4,460
47.5,9,9,5,462
47.5,9,9,6,464
47.5,9,9,7,466
47.5,9,9,8,468
47.5,9,9,9,470
47.5,9,9,10,473
47.5,9,9,11,475
47.5,9,9,12,477
47.5,9,9,13,479
47.5,9,9,14,481
47.5,9,9,15,483
47.5,9,10,0,453
47.5,9,10,1,456
47.5,9,10,2,458
47.5,9,10,3,460
47.5,9,10,4,462
47.5,9,10,5,464
47.5,9,10,6,466
47.5,9,10,7,469
47.5,9,10,8,471
47.5,9,10,9,473
47.5,9,10,10,475
47.5,9,10,11,477
47.5,9,10,12,479
47.5,9,10,13,481
47.5,9,10,14,483
47.5,9,10,15,486
47.5,9,11,0,456
47.5,9,11,1,458
47.5,9,11,2,460
47.5,9,11,3,462
47.5,9,11,4,465
47.5,9,11,5,467
47.5,9,11,6,469
47.5,9,11,7,471
47.5,9,11,8,473
47.5,9,11,9,475
47.5,9,11,10,478
47.5,9,11,11,480
47.5,9,11,12,482
47.5,9,11,13,484
47.5,9,11,14,486
47.5,9,11,15,488
47.5,9,12,0,458
47.5,9,12,1,460
47.5,9,12,2,463
47.5,9,12,3,465
47.5,9,12,4,467
47.5,9,12,5,469
47.5,9,12,6,471
47.5,9,12,7,474
47.5,9,12,8,476
47.5,9,12,9,478
47.5,9,12,10,480
47.5,9,12,11,482
47.5,9,12,12,484
47.5,9,12,13,487
47.5,9,12,14,489
47.5,9,12,15,491
47.5,9,13,0,461
47.5,9,13,1,463
47.5,9,13,2,465
47.5,9,13,3,467
47.5,9,13,4,470
47.5,9,13,5,472
47.5,9,13,6,474
47.5,9,13,7,476
47.5,9,13,8,478
47.5,9,13,9,481
47.5,9,13,10,483
47.5,9,13,11,485
47.5,9,13,12,487
47.5,9,13,13,489
47.5,9,13,14,491
47.5,9,13,15,493
47.5,9,14,0,463
47.5,9,14,1,465
47.5,9,14,2,468
47.5,9,14,3,470
47.5,9,14,4,472
47.5,9,14,5,474
47.5,9,14,6,476
47.5,9,14,7,479
47.5,9,14,8,481
47.5,9,14,9,483
47.5,9,14,10,485
47.5,9,14,11,487
47.5,9,14,12,490
47.5,9,14,13,492
47.5,9,14,14,494
47.5,9,14,15,496
47.5,9,15,0,465
47.5,9,15,1,468
47.5,9,15,2,470
47.5,9,15,3,472
47.5,9,15,4,474
47.5,9,15,5,477
47.5,9,15,6,479
47.5,9,15,7,481
47.5,9,15,8,483
47.5,9,15,9,485
47.5,9,15,10,488
47.5,9,15,11,490
47.5,9,15,12,492
47.5,9,15,13,494
47.5,9,15,14,496
47.5,9,15,15,498
47.5,10,0,0,435
47.5,10,0,1,437
47.5,10,0,2,439
47.5,10,0,3,441
47.5,10,0,4,443
47.5,10,0,5,445
47.5,10,0,6,447
47.5,10,0,7,449
47.5,10,0,8,451
47.5,10,0,9,453
47.5,10,0,10,455
47.5,10,0,11,457
47.5,10,0,12,459
47.5,10,0,13,461
47.5,10,0,14,463
47.5,10,0,15,465
47.5,10,1,0,437
47.5,10,1,1,439
47.5,10,1,2,441
47.5,10,1,3,444
47.5,10,1,4,446
47.5,10,1,5,448
47.5,10,1,6,450
47.5,10,1,7,452
47.5,10,1,8,454
47.5,10,1,9,456
47.5,10,1,10,458
47.5,10,1,11,460
47.5,10,1,12,462
47.5,10,1,13,464
47.5,10,1,14,466
47.5,10,1,15,468
47.5,10,2,0,440
47.5,10,2,1,442
47.5,10,2,2,444
47.5,10,2,3,446
47.5,10,2,4,448
47.5,10,2,5,450
47.5,10,2,6,453
47.5,10,2,7,455
47.5,10,2,8,457
47.5,10,2,9,459
47.5,10,2,10,461
47.5,10,2,11,463
47.5,10,2,12,465
47.5,10,2,13,467
47.5,10,2,14,469
47.5,10,2,15,471
47.5,10,3,0,442
47.5,10,3,1,445
47.5,10,3,2,447
47.5,10,3,3,449
47.5,10,3,4,451
47.5,10,3,5,453
47.5,10,3,6,455
47.5,10,3,7,457
47.5,10,3,8,459
47.5,10,3,9,461
47.5,10,3,10,464
47.5,10,3,11,466
47.5,10,3,12,468
47.5,10,3,13,470
47.5,10,3,14,472
47.5,10,3,15,474
47.5,10,4,0,445
47.5,10,4,1,447
47.5,10,4,2,449
47.5,10,4,3,451
47.5,10,4,4,454
47.5,10,4,5,456
47.5,10,4,6,458
47.5,10,4,7,460
47.5,10,4,8,462
47.5,10,4,9,464
47.5,10,4,10,466
47.5,10,4,11,468
47.5,10,4,12,470
47.5,10,4,13,472
47.5,10,4,14,474
47.5,10,4,15,477
47.5,10,5,0,447
47.5,10,5,1,450
47.5,10,5,2,452
47.5,10,5,3,454
47.5,10,5,4,456
47.5,10,5,5,458
47.5,10,5,6,460
47.5,10,5,7,463
47.5,10,5,8,465
47.5,10,5,9,467
47.5,10,5,10,469
47.5,10,5,11,471
47.5,10,5,12,473
47.5,10,5,13,475
47.5,10,5,14,477
47.5,10,5,15,479
47.5,10,6,0,450
47.5,10,6,1,452
47.5,10,6,2,454
47.5,10,6,3,457
47.5,10,6,4,459
47.5,10,6,5,461
47.5,10,6,6,463
47.5,10,6,7,465
47.5,10,6,8,467
47.5,10,6,9,469
47.5,10,6,10,472
47.5,10,6,11,474
47.5,10,6,12,476
47.5,10,6,13,478
47.5,10,6,14,480
47.5,10,6,15,482
47.5,10,7,0,453
47.5,10,7,1,455
47.5,10,7,2,457
47.5,10,7,3,459
47.5,10,7,4,461
47.5,10,7,5,463
47.5,10,7,6,466
47.5,10,7,7,468
47.5,10,7,8,470
47.5,10,7,9,472
47.5,10,7,10,474
47.5,10,7,11,476
47.5,10,7,12,478
47.5,10,7,13,481
47.5,10,7,14,483
47.5,10,7,15,485
47.5,10,8,0,455
47.5,10,8,1,457
47.5,10,8,2,459
47.5,10,8,3,462
47.5,10,8,4,464
47.5,10,8,5,466
47.5,10,8,6,468
47.5,10,8,7,470
47.5,10,8,8,473
47.5,10,8,9,475
47.5,10,8,10,477
47.5,10,8,11,479
47.5,10,8,12,481
47.5,10,8,13,483
47.5,10,8,14,485
47.5,10,8,15,487
47.5,10,9,0,458
47.5,10,9,1,460
47.5,10,9,2,462
47.5,10,9,3,464
47.5,10,9,4,466
47.5,10,9,5,469
47.5,10,9,6,471
47.5,10,9,7,473
47.5,10,9,8,475
47.5,10,9,9,477
47.5,10,9,10,479
47.5,10,9,11,482
47.5,10,9,12,484
47.5,10,9,13,486
47.5,10,9,14,488
47.5,10,9,15,490
47.5,10,10,0,460
47.5,10,10,1,462
47.5,10,10,2,465
47.5,10,10,3,467
47.5,10,10,4,469
47.5,10,10,5,471
47.5,10,10,6,473
47.5,10,10,7,476
47.5,10,10,8,478
47.5,10,10,9,480
47.5,10,10,10,482
47.5,10,10,11,484
47.5,10,10,12,486
47.5,10,10,13,488
47.5,10,10,14,491
47.5,10,10,15,493
47.5,10,11,0,462
47.5,10,11,1,465
47.5,10,11,2,467
47.5,10,11,3,469
47.5,10,11,4,471
47.5,10,11,5,474
47.5,10,11,6,476
47.5,10,11,7,478
47.5,10,11,8,480
47.5,10,11,9,482
47.5,10,11,10,485
47.5,10,11,11,487
47.5,10,11,12,489
47.5,10,11,13,491
47.5,10,11,14,493
47.5,10,11,15,495
47.5,10,12,0,465
47.5,10,12,1,467
47.5,10,12,2,469
47.5,10,12,3,472
47.5,10,12,4,474
47.5,10,12,5,476
47.5,10,12,6,478
47.5,10,12,7,481
47.5,10,12,8,483
47.5,10,12,9,485
47.5,10,12,10,487
47.5,10,12,11,489
47.5,10,12,12,492
47.5,10,12,13,494
47.5,10,12,14,496
47.5,10,12,15,498
47.5,10,13,0,467
47.5,10,13,1,470
47.5,10,13,2,472
47.5,10,13,3,474
47.5,10,13,4,476
47.5,10,13,5,479
47.5,10,13,6,481
47.5,10,13,7,483
47.5,10,13,8,485
47.5,10,13,9,488
47.5,10,13,10,490
47.5,10,13,11,492
47.5,10,13,12,494
47.5,10,13,13,496
47.5,10,13,14,498
47.5,10,13,15,501
47.5,10,14,0,470
47.5,10,14,1,472
47.5,10,14,2,474
47.5,10,14,3,477
47.5,10,14,4,479
47.5,10,14,5,481
47.5,10,14,6,483
47.5,10,14,7,486
47.5,10,14,8,488
47.5,10,14,9,490
47.5,10,14,10,492
47.5,10,14,11,495
47.5,10,14,12,497
47.5,10,14,13,499
47.5,10,14,14,501
47.5,10,14,15,503
47.5,10,15,0,472
47.5,10,15,1,475
47.5,10,15,2,477
47.5,10,15,3,479
47.5,10,15,4,481
47.5,10,15,5,484
47.5,10,15,6,486
47.5,10,15,7,488
47.5,10,15,8,490
47.5,10,15,9,493
47.5,10,15,10,495
47.5,10,15,11,497
47.5,10,15,12,499
47.5,10,15,13,501
47.5,10,15,14,504
47.5,10,15,15,506
47.5,11,0,0,441
47.5,11,0,1,443
47.5,11,0,2,445
47.5,11,0,3,447
47.5,11,0,4,449
47.5,11,0,5,452
47.5,11,0,6,454
47.5,11,0,7,456
47.5,11,0,8,458
47.5,11,0,9,460
47.5,11,0,10,462
47.5,11,0,11,464
47.5,11,0,12,466
47.5,11,0,13,468
47.5,11,0,14,470
47.5,11,0,15,472
47.5,11,1,0,444
47.5,11,1,1,446
47.5,11,1,2,448
47.5,11,1,3,450
47.5,11,1,4,452
47.5,11,1,5,454
47.5,11,1,6,456
47.5,11,1,7,458
47.5,11,1,8,461
47.5,11,1,9,463
47.5,11,1,10,465
47.5,11,1,11,467
47.5,11,1,12,469
47.5,11,1,13,471
47.5,11,1,14,473
47.5,11,1,15,475
47.5,11,2,0,446
47.5,11,2,1,448
47.5,11,2,2,450
47.5,11,2,3,453
47.5,11,2,4,455
47.5,11,2,5,457
47.5,11,2,6,459
47.5,11,2,7,461
47.5,11,2,8,463
47.5,11,2,9,465
47.5,11,2,10,468
47.5,11,2,11,470
47.5,11,2,12,472
47.5,11,2,13,474
47.5,11,2,14,476
47.5,11,2,15,478
47.5,11,3,0,449
47.5,11,3,1,451
47.5,11,3,2,453
47.5,11,3,3,455
47.5,11,3,4,457
47.5,11,3,5,460
47.5,11,3,6,462
47.5,11,3,7,464
47.5,11,3,8,466
47.5,11,3,9,468
47.5,11,3,10,470
47.5,11,3,11,472
47.5,11,3,12,474
47.5,11,3,13,477
47.5,11,3,14,479
47.5,11,3,15,481
47.5,11,4,0,451
47.5,11,4,1,454
47.5,11,4,2,456
47.5,11,4,3,458
47.5,11,4,4,460
47.5,11,4,5,462
47.5,11,4,6,464
47.5,11,4,7,467
47.5,11,4,8,469
47.5,11,4,9,471
47.5,11,4,10,473
47.5,11,4,11,475
47.5,11,4,12,477
47.5,11,4,13,479
47.5,11,4,14,481
47.5,11,4,15,483
47.5,11,5,0,454
47.5,11,5,1,456
47.5,11,5,2,458
47.5,11,5,3,461
47.5,11,5,4,463
47.5,11,5,5,465
47.5,11,5,6,467
47.5,11,5,7,469
47.5,11,5,8,471
47.5,11,5,9,474
47.5,11,5,10,476
47.5,11,5,11,478
47.5,11,5,12,480
47.5,11,5,13,482
47.5,11,5,14,484
47.5,11,5,15,486
47.5,11,6,0,457
47.5,11,6,1,459
47.5,11,6,2,461
47.5,11,6,3,463
47.5,11,6,4,465
47.5,11,6,5,468
47.5,11,6,6,470
47.5,11,6,7,472
47.5,11,6,8,474
47.5,11,6,9,476
47.5,11,6,10,478
47.5,11,6,11,481
47.5,11,6,12,483
47.5,11,6,13,485
47.5,11,6,14,487
47.5,11,6,15,489
47.5,11,7,0,459
47.5,11,7,1,461
47.5,11,7,2,464
47.5,11,7,3,466
47.5,11,7,4,468
47.5,11,7,5,470
47.5,11,7,6,472
47.5,11,7,7,475
47.5,11,7,8,477
47.5,11,7,9,479
47.5,11,7,10,481
47.5,11,7,11,483
47.5,11,7,12,485
47.5,11,7,13,487
47.5,11,7,14,490
47.5,11,7,15,492
47.5,11,8,0,462
47.5,11,8,1,464
47.5,11,8,2,466
47.5,11,8,3,468
47.5,11,8,4,471
47.5,11,8,5,473
47.5,11,8,6,475
47.5,11,8,7,477
47.5,11,8,8,479
47.5,11,8,9,482
47.5,11,8,10,484
47.5,11,8,11,486
47.5,11,8,12,488
47.5,11,8,13,490
47.5,11,8,14,492
47.5,11,8,15,494
47.5,11,9,0,464
47.5,11,9,1,466
47.5,11,9,2,469
47.5,11,9,3,471
47.5,11,9,4,473
47.5,11,9,5,475
47.5,11,9,6,478
47.5,11,9,7,480
47.5,11,9,8,482
47.5,11,9,9,484
47.5,11,9,10,486
47.5,11,9,11,489
47.5,11,9,12,491
47.5,11,9,13,493
47.5,11,9,14,495
47.5,11,9,15,497
47.5,11,10,0,467
47.5,11,10,1,469
47.5,11,10,2,471
47.5,11,10,3,474
47.5,11,10,4,476
47.5,11,10,5,478
47.5,11,10,6,480
47.5,11,10,7,482
47.5,11,10,8,485
47.5,11,10,9,487
47.5,11,10,10,489
47.5,11,10,11,491
47.5,11,10,12,493
47.5,11,10,13,496
47.5,11,10,14,498
47.5,11,10,15,500
47.5,11,11,0,469
47.5,11,11,1,471
47.5,11,11,2,474
47.5,11,11,3,476
47.5,11,11,4,478
47.5,11,11,5,481
47.5,11,11,6,483
47.5,11,11,7,485
47.5,11,11,8,487
47.5,11,11,9,489
47.5,11,11,10,492
47.5,11,11,11,494
47.5,11,11,12,496
47.5,11,11,13,498
47.5,11,11,14,500
47.5,11,11,15,503
47.5,11,12,0,472
47.5,11,12,1,474
47.5,11,12,2,476
47.5,11,12,3,479
47.5,11,12,4,481
47.5,11,12,5,483
47.5,11,12,6,485
47.5,11,12,7,488
47.5,11,12,8,490
47.5,11,12,9,492
47.5,11,12,10,494
47.5,11,12,11,496
47.5,11,12,12,499
47.5,11,12,13,501
47.5,11,12,14,503
47.5,11,12,15,505
47.5,11,13,0,474
47.5,11,13,1,476
47.5,11,13,2,479
47.5,11,13,3,481
47.5,11,13,4,483
47.5,11,13,5,486
47.5,11,13,6,488
47.5,11,13,7,490
47.5,11,13,8,492
47.5,11,13,9,495
47.5,11,13,10,497
47.5,11,13,11,499
47.5,11,13,12,501
47.5,11,13,13,504
47.5,11,13,14,506
47.5,11,13,15,508
47.5,11,14,0,477
47.5,11,14,1,479
47.5,11,14,2,481
47.5,11,14,3,484
47.5,11,14,4,486
47.5,11,14,5,488
47.5,11,14,6,490
47.5,11,14,7,493
47.5,11,14,8,495
47.5,11,14,9,497
47.5,11,14,10,499
47.5,11,14,11,502
47.5,11,14,12,504
47.5,11,14,13,506
47.5,11,14,14,508
47.5,11,14,15,511
47.5,11,15,0,479
47.5,11,15,1,481
47.5,11,15,2,484
47.5,11,15,3,486
47.5,11,15,4,488
47.5,11,15,5,491
47.5,11,15,6,493
47.5,11,15,7,495
47.5,11,15,8,498
47.5,11,15,9,500
47.5,11,15,10,502
47.5,11,15,11,504
47.5,11,15,12,507
47.5,11,15,13,509
47.5,11,15,14,511
47.5,11,15,15,513
47.5,12,0,0,447
47.5,12,0,1,449
47.5,12,0,2,452
47.5,12,0,3,454
47.5,12,0,4,456
47.5,12,0,5,458
47.5,12,0,6,460
47.5,12,0,7,462
47.5,12,0,8,464
47.5,12,0,9,466
47.5,12,0,10,469
47.5,12,0,11,471
47.5,12,0,12,473
47.5,12,0,13,475
47.5,12,0,14,477
47.5,12,0,15,479
47.5,12,1,0,450
47.5,12,1,1,452
47.5,12,1,2,454
47.5,12,1,3,456
47.5,12,1,4,459
47.5,12,1,5,461
47.5,12,1,6,463
47.5,12,1,7,465
47.5,12,1,8,467
47.5,12,1,9,469
47.5,12,1,10,471
47.5,12,1,11,474
47.5,12,1,12,476
47.5,12,1,13,478
47.5,12,1,14,480
47.5,12,1,15,482
47.5,12,2,0,453
47.5,12,2,1,455
47.5,12,2,2,457
47.5,12,2,3,459
47.5,12,2,4,461
47.5,12,2,5,463
47.5,12,2,6,466
47.5,12,2,7,468
47.5,12,2,8,470
47.5,12,2,9,472
47.5,12,2,10,474
47.5,12,2,11,476
47.5,12,2,12,478
47.5,12,2,13,481
47.5,12,2,14,483
47.5,12,2,15,485
47.5,12,3,0,455
47.5,12,3,1,457
47.5,12,3,2,460
47.5,12,3,3,462
47.5,12,3,4,464
47.5,12,3,5,466
47.5,12,3,6,468
47.5,12,3,7,471
47.5,12,3,8,473
47.5,12,3,9,475
47.5,12,3,10,477
47.5,12,3,11,479
47.5,12,3,12,481
47.5,12,3,13,483
47.5,12,3,14,485
47.5,12,3,15,488
47.5,12,4,0,458
47.5,12,4,1,460
47.5,12,4,2,462
47.5,12,4,3,465
47.5,12,4,4,467
47.5,12,4,5,469
47.5,12,4,6,471
47.5,12,4,7,473
47.5,12,4,8,475
47.5,12,4,9,478
47.5,12,4,10,480
47.5,12,4,11,482
47.5,12,4,12,484
47.5,12,4,13,486
47.5,12,4,14,488
47.5,12,4,15,490
47.5,12,5,0,460
47.5,12,5,1,463
47.5,12,5,2,465
47.5,12,5,3,467
47.5,12,5,4,469
47.5,12,5,5,472
47.5,12,5,6,474
47.5,12,5,7,476
47.5,12,5,8,478
47.5,12,5,9,480
47.5,12,5,10,483
47.5,12,5,11,485
47.5,12,5,12,487
47.5,12,5,13,489
47.5,12,5,14,491
47.5,12,5,15,493
47.5,12,6,0,463
47.5,12,6,1,465
47.5,12,6,2,468
47.5,12,6,3,470
47.5,12,6,4,472
47.5,12,6,5,474
47.5,12,6,6,476
47.5,12,6,7,479
47.5,12,6,8,481
47.5,12,6,9,483
47.5,12,6,10,485
47.5,12,6,11,487
47.5,12,6,12,490
47.5,12,6,13,492
47.5,12,6,14,494
47.5,12,6,15,496
47.5,12,7,0,466
47.5,12,7,1,468
47.5,12,7,2,470
47.5,12,7,3,472
47.5,12,7,4,475
47.5,12,7,5,477
47.5,12,7,6,479
47.5,12,7,7,481
47.5,12,7,8,484
47.5,12,7,9,486
47.5,12,7,10,488
47.5,12,7,11,490
47.5,12,7,12,492
47.5,12,7,13,494
47.5,12,7,14,497
47.5,12,7,15,499
47.5,12,8,0,468
47.5,12,8,1,471
47.5,12,8,2,473
47.5,12,8,3,475
47.5,12,8,4,477
47.5,12,8,5,480
47.5,12,8,6,482
47.5,12,8,7,484
47.5,12,8,8,486
47.5,12,8,9,488
47.5,12,8,10,491
47.5,12,8,11,493
47.5,12,8,12,495
47.5,12,8,13,497
47.5,12,8,14,499
47.5,12,8,15,502
47.5,12,9,0,471
47.5,12,9,1,473
47.5,12,9,2,475
47.5,12,9,3,478
47.5,12,9,4,480
47.5,12,9,5,482
47.5,12,9,6,484
47.5,12,9,7,487
47.5,12,9,8,489
47.5,12,9,9,491
47.5,12,9,10,493
47.5,12,9,11,496
47.5,12,9,12,498
47.5,12,9,13,500
47.5,12,9,14,502
47.5,12,9,15,504
47.5,12,10,0,473
47.5,12,10,1,476
47.5,12,10,2,478
47.5,12,10,3,480
47.5,12,10,4,483
47.5,12,10,5,485
47.5,12,10,6,487
47.5,12,10,7,489
47.5,12,10,8,492
47.5,12,10,9,494
47.5,12,10,10,496
47.5,12,10,11,498
47.5,12,10,12,500
47.5,12,10,13,503
47.5,12,10,14,505
47.5,12,10,15,507
47.5,12,11,0,476
47.5,12,11,1,478
47.5,12,11,2,481
47.5,12,11,3,483
47.5,12,11,4,485
47.5,12,11,5,487
47.5,12,11,6,490
47.5,12,11,7,492
47.5,12,11,8,494
47.5,12,11,9,496
47.5,12,11,10,499
47.5,12,11,11,501
47.5,12,11,12,503
47.5,12,11,13,505
47.5,12,11,14,508
47.5,12,11,15,510
47.5,12,12,0,478
47.5,12,12,1,481
47.5,12,12,2,483
47.5,12,12,3,485
47.5,12,12,4,488
47.5,12,12,5,490
47.5,12,12,6,492
47.5,12,12,7,495
47.5,12,12,8,497
47.5,12,12,9,499
47.5,12,12,10,501
47.5,12,12,11,504
47.5,12,12,12,506
47.5,12,12,13,508
47.5,12,12,14,510
47.5,12,12,15,512
47.5,12,13,0,481
47.5,12,13,1,483
47.5,12,13,2,486
47.5,12,13,3,488
47.5,12,13,4,490
47.5,12,13,5,493
47.5,12,13,6,495
47.5,12,13,7,497
47.5,12,13,8,499
47.5,12,13,9,502
47.5,12,13,10,504
47.5,12,13,11,506
47.5,12,13,12,508
47.5,12,13,13,511
47.5,12,13,14,513
47.5,12,13,15,515
47.5,12,14,0,483
47.5,12,14,1,486
47.5,12,14,2,488
47.5,12,14,3,491
47.5,12,14,4,493
47.5,12,14,5,495
47.5,12,14,6,497
47.5,12,14,7,500
47.5,12,14,8,502
47.5,12,14,9,504
47.5,12,14,10,507
47.5,12,14,11,509
47.5,12,14,12,511
47.5,12,14,13,513
47.5,12,14,14,516
47.5,12,14,15,518
47.5,12,15,0,486
47.5,12,15,1,488
47.5,12,15,2,491
47.5,12,15,3,493
47.5,12,15,4,495
47.5,12,15,5,498
47.5,12,15,6,500
47.5,12,15,7,502
47.5,12,15,8,505
47.5,12,15,9,507
47.5,12,15,10,509
47.5,12,15,11,511
47.5,12,15,12,514
47.5,12,15,13,516
47.5,12,15,14,518
47.5,12,15,15,520
47.5,13,0,0,453
47.5,13,0,1,456
47.5,13,0,2,458
47.5,13,0,3,460
47.5,13,0,4,462
47.5,13,0,5,464
47.5,13,0,6,467
47.5,13,0,7,469
47.5,13,0,8,471
47.5,13,0,9,473
47.5,13,0,10,475
47.5,13,0,11,477
47.5,13,0,12,479
47.5,13,0,13,482
47.5,13,0,14,484
47.5,13,0,15,486
47.5,13,1,0,456
47.5,13,1,1,458
47.5,13,1,2,461
47.5,13,1,3,463
47.5,13,1,4,465
47.5,13,1,5,467
47.5,13,1,6,469
47.5,13,1,7,472
47.5,13,1,8,474
47.5,13,1,9,476
47.5,13,1,10,478
47.5,13,1,11,480
47.5,13,1,12,482
47.5,13,1,13,484
47.5,13,1,14,487
47.5,13,1,15,489
47.5,13,2,0,459
47.5,13,2,1,461
47.5,13,2,2,463
47.5,13,2,3,466
47.5,13,2,4,468
47.5,13,2,5,470
47.5,13,2,6,472
47.5,13,2,7,474
47.5,13,2,8,477
47.5,13,2,9,479
47.5,13,2,10,481
47.5,13,2,11,483
47.5,13,2,12,485
47.5,13,2,13,487
47.5,13,2,14,489
47.5,13,2,15,492
47.5,13,3,0,462
47.5,13,3,1,464
47.5,13,3,2,466
47.5,13,3,3,468
47.5,13,3,4,471
47.5,13,3,5,473
47.5,13,3,6,475
47.5,13,3,7,477
47.5,13,3,8,479
47.5,13,3,9,482
47.5,13,3,10,484
47.5,13,3,11,486
47.5,13,3,12,488
47.5,13,3,13,490
47.5,13,3,14,492
47.5,13,3,15,494
47.5,13,4,0,464
47.5,13,4,1,467
47.5,13,4,2,469
47.5,13,4,3,471
47.5,13,4,4,473
47.5,13,4,5,476
47.5,13,4,6,478
47.5,13,4,7,480
47.5,13,4,8,482
47.5,13,4,9,484
47.5,13,4,10,487
47.5,13,4,11,489
47.5,13,4,12,491
47.5,13,4,13,493
47.5,13,4,14,495
47.5,13,4,15,497
47.5,13,5,0,467
47.5,13,5,1,469
47.5,13,5,2,471
47.5,13,5,3,474
47.5,13,5,4,476
47.5,13,5,5,478
47.5,13,5,6,480
47.5,13,5,7,483
47.5,13,5,8,485
47.5,13,5,9,487
47.5,13,5,10,489
47.5,13,5,11,491
47.5,13,5,12,494
47.5,13,5,13,496
47.5,13,5,14,498
47.5,13,5,15,500
47.5,13,6,0,470
47.5,13,6,1,472
47.5,13,6,2,474
47.5,13,6,3,476
47.5,13,6,4,479
47.5,13,6,5,481
47.5,13,6,6,483
47.5,13,6,7,485
47.5,13,6,8,488
47.5,13,6,9,490
47.5,13,6,10,492
47.5,13,6,11,494
47.5,13,6,12,496
47.5,13,6,13,499
47.5,13,6,14,501
47.5,13,6,15,503
47.5,13,7,0,472
47.5,13,7,1,475
47.5,13,7,2,477
47.5,13,7,3,479
47.5,13,7,4,481
47.5,13,7,5,484
47.5,13,7,6,486
47.5,13,7,7,488
47.5,13,7,8,490
47.5,13,7,9,493
47.5,13,7,10,495
47.5,13,7,11,497
47.5,13,7,12,499
47.5,13,7,13,501
47.5,13,7,14,504
47.5,13,7,15,506
47.5,13,8,0,475
47.5,13,8,1,477
47.5,13,8,2,479
47.5,13,8,3,482
47.5,13,8,4,484
47.5,13,8,5,486
47.5,13,8,6,489
47.5,13,8,7,491
47.5,13,8,8,493
47.5,13,8,9,495
47.5,13,8,10,498
47.5,13,8,11,500
47.5,13,8,12,502
47.5,13,8,13,504
47.5,13,8,14,506
47.5,13,8,15,509
47.5,13,9,0,477
47.5,13,9,1,480
47.5,13,9,2,482
47.5,13,9,3,484
47.5,13,9,4,487
47.5,13,9,5,489
47.5,13,9,6,491
47.5,13,9,7,494
47.5,13,9,8,496
47.5,13,9,9,498
47.5,13,9,10,500
47.5,13,9,11,503
47.5,13,9,12,505
47.5,13,9,13,507
47.5,13,9,14,509
47.5,13,9,15,511
47.5,13,10,0,480
47.5,13,10,1,482
47.5,13,10,2,485
47.5,13,10,3,487
47.5,13,10,4,489
47.5,13,10,5,492
47.5,13,10,6,494
47.5,13,10,7,496
47.5,13,10,8,499
47.5,13,10,9,501
47.5,13,10,10,503
47.5,13,10,11,505
47.5,13,10,12,508
47.5,13,10,13,510
47.5,13,10,14,512
47.5,13,10,15,514
47.5,13,11,0,483
47.5,13,11,1,485
47.5,13,11,2,487
47.5,13,11,3,490
47.5,13,11,4,492
47.5,13,11,5,494
47.5,13,11,6,497
47.5,13,11,7,499
47.5,13,11,8,501
47.5,13,11,9,503
47.5,13,11,10,506
47.5,13,11,11,508
47.5,13,11,12,510
47.5,13,11,13,512
47.5,13,11,14,515
47.5,13,11,15,517
47.5,13,12,0,485
47.5,13,12,1,488
47.5,13,12,2,490
47.5,13,12,3,492
47.5,13,12,4,495
47.5,13,12,5,497
47.5,13,12,6,499
47.5,13,12,7,502
47.5,13,12,8,504
47.5,13,12,9,506
47.5,13,12,10,508
47.5,13,12,11,511
47.5,13,12,12,513
47.5,13,12,13,515
47.5,13,12,14,517
47.5,13,12,15,520
47.5,13,13,0,488
47.5,13,13,1,490
47.5,13,13,2,492
47.5,13,13,3,495
47.5,13,13,4,497
47.5,13,13,5,500
47.5,13,13,6,502
47.5,13,13,7,504
47.5,13,13,8,507
47.5,13,13,9,509
47.5,13,13,10,511
47.5,13,13,11,513
47.5,13,13,12,516
47.5,13,13,13,518
47.5,13,13,14,520
47.5,13,13,15,522
47.5,13,14,0,490
47.5,13,14,1,493
47.5,13,14,2,495
47.5,13,14,3,497
47.5,13,14,4,500
47.5,13,14,5,502
47.5,13,14,6,504
47.5,13,14,7,507
47.5,13,14,8,509
47.5,13,14,9,511
47.5,13,14,10,514
47.5,13,14,11,516
47.5,13,14,12,518
47.5,13,14,13,521
47.5,13,14,14,523
47.5,13,14,15,525
47.5,13,15,0,493
47.5,13,15,1,495
47.5,13,15,2,498
47.5,13,15,3,500
47.5,13,15,4,502
47.5,13,15,5,505
47.5,13,15,6,507
47.5,13,15,7,509
47.5,13,15,8,512
47.5,13,15,9,514
47.5,13,15,10,516
47.5,13,15,11,519
47.5,13,15,12,521
47.5,13,15,13,523
47.5,13,15,14,526
47.5,13,15,15,528
47.5,14,0,0,460
47.5,14,0,1,462
47.5,14,0,2,464
47.5,14,0,3,466
47.5,14,0,4,469
47.5,14,0,5,471
47.5,14,0,6,473
47.5,14,0,7,475
47.5,14,0,8,477
47.5,14,0,9,480
47.5,14,0,10,482
47.5,14,0,11,484
47.5,14,0,12,486
47.5,14,0,13,488
47.5,14,0,14,490
47.5,14,0,15,492
47.5,14,1,0,463
47.5,14,1,1,465
47.5,14,1,2,467
47.5,14,1,3,469
47.5,14,1,4,472
47.5,14,1,5,474
47.5,14,1,6,476
47.5,14,1,7,478
47.5,14,1,8,480
47.5,14,1,9,483
47.5,14,1,10,485
47.5,14,1,11,487
47.5,14,1,12,489
47.5,14,1,13,491
47.5,14,1,14,493
47.5,14,1,15,495
47.5,14,2,0,465
47.5,14,2,1,468
47.5,14,2,2,470
47.5,14,2,3,472
47.5,14,2,4,474
47.5,14,2,5,477
47.5,14,2,6,479
47.5,14,2,7,481
47.5,14,2,8,483
47.5,14,2,9,485
47.5,14,2,10,488
47.5,14,2,11,490
47.5,14,2,12,492
47.5,14,2,13,494
47.5,14,2,14,496
47.5,14,2,15,498
47.5,14,3,0,468
47.5,14,3,1,470
47.5,14,3,2,473
47.5,14,3,3,475
47.5,14,3,4,477
47.5,14,3,5,479
47.5,14,3,6,482
47.5,14,3,7,484
47.5,14,3,8,486
47.5,14,3,9,488
47.5,14,3,10,490
47.5,14,3,11,493
47.5,14,3,12,495
47.5,14,3,13,497
47.5,14,3,14,499
47.5,14,3,15,501
47.5,14,4,0,471
47.5,14,4,1,473
47.5,14,4,2,475
47.5,14,4,3,478
47.5,14,4,4,480
47.5,14,4,5,482
47.5,14,4,6,484
47.5,14,4,7,487
47.5,14,4,8,489
47.5,14,4,9,491
47.5,14,4,10,493
47.5,14,4,11,495
47.5,14,4,12,498
47.5,14,4,13,500
47.5,14,4,14,502
47.5,14,4,15,504
47.5,14,5,0,473
47.5,14,5,1,476
47.5,14,5,2,478
47.5,14,5,3,480
47.5,14,5,4,483
47.5,14,5,5,485
47.5,14,5,6,487
47.5,14,5,7,489
47.5,14,5,8,492
47.5,14,5,9,494
47.5,14,5,10,496
47.5,14,5,11,498
47.5,14,5,12,501
47.5,14,5,13,503
47.5,14,5,14,505
47.5,14,5,15,507
47.5,14,6,0,476
47.5,14,6,1,478
47.5,14,6,2,481
47.5,14,6,3,483
47.5,14,6,4,485
47.5,14,6,5,488
47.5,14,6,6,490
47.5,14,6,7,492
47.5,14,6,8,494
47.5,14,6,9,497
47.5,14,6,10,499
47.5,14,6,11,501
47.5,14,6,12,503
47.5,14,6,13,506
47.5,14,6,14,508
47.5,14,6,15,510
47.5,14,7,0,479
47.5,14,7,1,481
47.5,14,7,2,483
47.5,14,7,3,486
47.5,14,7,4,488
47.5,14,7,5,490
47.5,14,7,6,493
47.5,14,7,7,495
47.5,14,7,8,497
47.5,14,7,9,499
47.5,14,7,10,502
47.5,14,7,11,504
47.5,14,7,12,506
47.5,14,7,13,508
47.5,14,7,14,511
47.5,14,7,15,513
47.5,14,8,0,481
47.5,14,8,1,484
47.5,14,8,2,486
47.5,14,8,3,488
47.5,14,8,4,491
47.5,14,8,5,493
47.5,14,8,6,495
47.5,14,8,7,498
47.5,14,8,8,500
47.5,14,8,9,502
47.5,14,8,10,505
47.5,14,8,11,507
47.5,14,8,12,509
47.5,14,8,13,511
47.5,14,8,14,513
47.5,14,8,15,516
47.5,14,9,0,484
47.5,14,9,1,486
47.5,14,9,2,489
47.5,14,9,3,491
47.5,14,9,4,493
47.5,14,9,5,496
47.5,14,9,6,498
47.5,14,9,7,500
47.5,14,9,8,503
47.5,14,9,9,505
47.5,14,9,10,507
47.5,14,9,11,510
47.5,14,9,12,512
47.5,14,9,13,514
47.5,14,9,14,516
47.5,14,9,15,518
47.5,14,10,0,487
47.5,14,10,1,489
47.5,14,10,2,491
47.5,14,10,3,494
47.5,14,10,4,496
47.5,14,10,5,499
47.5,14,10,6,501
47.5,14,10,7,503
47.5,14,10,8,505
47.5,14,10,9,508
47.5,14,10,10,510
47.5,14,10,11,512
47.5,14,10,12,515
47.5,14,10,13,517
47.5,14,10,14,519
47.5,14,10,15,521
47.5,14,11,0,489
47.5,14,11,1,492
47.5,14,11,2,494
47.5,14,11,3,496
47.5,14,11,4,499
47.5,14,11,5,501
47.5,14,11,6,504
47.5,14,11,7,506
47.5,14,11,8,508
47.5,14,11,9,510
47.5,14,11,10,513
47.5,14,11,11,515
47.5,14,11,12,517
47.5,14,11,13,520
47.5,14,11,14,522
47.5,14,11,15,524
47.5,14,12,0,492
47.5,14,12,1,494
47.5,14,12,2,497
47.5,14,12,3,499
47.5,14,12,4,501
47.5,14,12,5,504
47.5,14,12,6,506
47.5,14,12,7,509
47.5,14,12,8,511
47.5,14,12,9,513
47.5,14,12,10,515
47.5,14,12,11,518
47.5,14,12,12,520
47.5,14,12,13,522
47.5,14,12,14,525
47.5,14,12,15,527
47.5,14,13,0,495
47.5,14,13,1,497
47.5,14,13,2,499
47.5,14,13,3,502
47.5,14,13,4,504
47.5,14,13,5,506
47.5,14,13,6,509
47.5,14,13,7,511
47.5,14,13,8,514
47.5,14,13,9,516
47.5,14,13,10,518
47.5,14,13,11,521
47.5,14,13,12,523
47.5,14,13,13,525
47.5,14,13,14,527
47.5,14,13,15,530
47.5,14,14,0,497
47.5,14,14,1,500
47.5,14,14,2,502
47.5,14,14,3,504
47.5,14,14,4,507
47.5,14,14,5,509
47.5,14,14,6,512
47.5,14,14,7,514
47.5,14,14,8,516
47.5,14,14,9,519
47.5,14,14,10,521
47.5,14,14,11,523
47.5,14,14,12,526
47.5,14,14,13,528
47.5,14,14,14,530
47.5,14,14,15,532
47.5,14,15,0,500
47.5,14,15,1,502
47.5,14,15,2,505
47.5,14,15,3,507
47.5,14,15,4,509
47.5,14,15,5,512
47.5,14,15,6,514
47.5,14,15,7,517
47.5,14,15,8,519
47.5,14,15,9,521
47.5,14,15,10,524
47.5,14,15,11,526
47.5,14,15,12,528
47.5,14,15,13,531
47.5,14,15,14,533
47.5,14,15,15,535
47.5,15,0,0,466
47.5,15,0,1,468
47.5,15,0,2,471
47.5,15,0,3,473
47.5,15,0,4,475
47.5,15,0,5,477
47.5,15,0,6,480
47.5,15,0,7,482
47.5,15,0,8,484
47.5,15,0,9,486
47.5,15,0,10,488
47.5,15,0,11,491
47.5,15,0,12,493
47.5,15,0,13,495
47.5,15,0,14,497
47.5,15,0,15,499
47.5,15,1,0,469
47.5,15,1,1,471
47.5,15,1,2,473
47.5,15,1,3,476
47.5,15,1,4,478
47.5,15,1,5,480
47.5,15,1,6,482
47.5,15,1,7,485
47.5,15,1,8,487
47.5,15,1,9,489
47.5,15,1,10,491
47.5,15,1,11,494
47.5,15,1,12,496
47.5,15,1,13,498
47.5,15,1,14,500
47.5,15,1,15,502
47.5,15,2,0,472
47.5,15,2,1,474
47.5,15,2,2,476
47.5,15,2,3,479
47.5,15,2,4,481
47.5,15,2,5,483
47.5,15,2,6,485
47.5,15,2,7,488
47.5,15,2,8,490
47.5,15,2,9,492
47.5,15,2,10,494
47.5,15,2,11,496
47.5,15,2,12,499
47.5,15,2,13,501
47.5,15,2,14,503
47.5,15,2,15,505
47.5,15,3,0,474
47.5,15,3,1,477
47.5,15,3,2,479
47.5,15,3,3,481
47.5,15,3,4,484
47.5,15,3,5,486
47.5,15,3,6,488
47.5,15,3,7,490
47.5,15,3,8,493
47.5,15,3,9,495
47.5,15,3,10,497
47.5,15,3,11,499
47.5,15,3,12,502
47.5,15,3,13,504
47.5,15,3,14,506
47.5,15,3,15,508
47.5,15,4,0,477
47.5,15,4,1,480
47.5,15,4,2,482
47.5,15,4,3,484
47.5,15,4,4,486
47.5,15,4,5,489
47.5,15,4,6,491
47.5,15,4,7,493
47.5,15,4,8,496
47.5,15,4,9,498
47.5,15,4,10,500
47.5,15,4,11,502
47.5,15,4,12,505
47.5,15,4,13,507
47.5,15,4,14,509
47.5,15,4,15,511
47.5,15,5,0,480
47.5,15,5,1,482
47.5,15,5,2,485
47.5,15,5,3,487
47.5,15,5,4,489
47.5,15,5,5,492
47.5,15,5,6,494
47.5,15,5,7,496
47.5,15,5,8,498
47.5,15,5,9,501
47.5,15,5,10,503
47.5,15,5,11,505
47.5,15,5,12,507
47.5,15,5,13,510
47.5,15,5,14,512
47.5,15,5,15,514
47.5,15,6,0,483
47.5,15,6,1,485
47.5,15,6,2,487
47.5,15,6,3,490
47.5,15,6,4,492
47.5,15,6,5,494
47.5,15,6,6,497
47.5,15,6,7,499
47.5,15,6,8,501
47.5,15,6,9,504
47.5,15,6,10,506
47.5,15,6,11,508
47.5,15,6,12,510
47.5,15,6,13,513
47.5,15,6,14,515
47.5,15,6,15,517
47.5,15,7,0,485
47.5,15,7,1,488
47.5,15,7,2,490
47.5,15,7,3,492
47.5,15,7,4,495
47.5,15,7,5,497
47.5,15,7,6,499
47.5,15,7,7,502
47.5,15,7,8,504
47.5,15,7,9,506
47.5,15,7,10,509
47.5,15,7,11,511
47.5,15,7,12,513
47.5,15,7,13,515
47.5,15,7,14,518
47.5,15,7,15,520
47.5,15,8,0,488
47.5,15,8,1,490
47.5,15,8,2,493
47.5,15,8,3,495
47.5,15,8,4,498
47.5,15,8,5,500
47.5,15,8,6,502
47.5,15,8,7,505
47.5,15,8,8,507
47.5,15,8,9,509
47.5,15,8,10,511
47.5,15,8,11,514
47.5,15,8,12,516
47.5,15,8,13,518
47.5,15,8,14,520
47.5,15,8,15,523
47.5,15,9,0,491
47.5,15,9,1,493
47.5,15,9,2,496
47.5,15,9,3,498
47.5,15,9,4,500
47.5,15,9,5,503
47.5,15,9,6,505
47.5,15,9,7,507
47.5,15,9,8,510
47.5,15,9,9,512
47.5,15,9,10,514
47.5,15,9,11,517
47.5,15,9,12,519
47.5,15,9,13,521
47.5,15,9,14,523
47.5,15,9,15,526
47.5,15,10,0,493
47.5,15,10,1,496
47.5,15,10,2,498
47.5,15,10,3,501
47.5,15,10,4,503
47.5,15,10,5,505
47.5,15,10,6,508
47.5,15,10,7,510
47.5,15,10,8,512
47.5,15,10,9,515
47.5,15,10,10,517
47.5,15,10,11,519
47.5,15,10,12,522
47.5,15,10,13,524
47.5,15,10,14,526
47.5,15,10,15,528
47.5,15,11,0,496
47.5,15,11,1,498
47.5,15,11,2,501
47.5,15,11,3,503
47.5,15,11,4,506
47.5,15,11,5,508
47.5,15,11,6,510
47.5,15,11,7,513
47.5,15,11,8,515
47.5,15,11,9,517
47.5,15,11,10,520
47.5,15,11,11,522
47.5,15,11,12,524
47.5,15,11,13,527
47.5,15,11,14,529
47.5,15,11,15,531
47.5,15,12,0,499
47.5,15,12,1,501
47.5,15,12,2,504
47.5,15,12,3,506
47.5,15,12,4,508
47.5,15,12,5,511
47.5,15,12,6,513
47.5,15,12,7,516
47.5,15,12,8,518
47.5,15,12,9,520
47.5,15,12,10,523
47.5,15,12,11,525
47.5,15,12,12,527
47.5,15,12,13,530
47.5,15,12,14,532
47.5,15,12,15,534
47.5,15,13,0,501
47.5,15,13,1,504
47.5,15,13,2,506
47.5,15,13,3,509
47.5,15,13,4,511
47.5,15,13,5,513
47.5,15,13,6,516
47.5,15,13,7,518
47.5,15,13,8,521
47.5,15,13,9,523
47.5,15,13,10,525
47.5,15,13,11,528
47.5,15,13,12,530
47.5,15,13,13,532
47.5,15,13,14,535
47.5,15,13,15,537
47.5,15,14,0,504
47.5,15,14,1,506
47.5,15,14,2,509
47.5,15,14,3,511
47.5,15,14,4,514
47.5,15,14,5,516
47.5,15,14,6,519
47.5,15,14,7,521
47.5,15,14,8,523
47.5,15,14,9,526
47.5,15,14,10,528
47.5,15,14,11,530
47.5,15,14,12,533
47.5,15,14,13,535
47.5,15,14,14,537
47.5,15,14,15,540
47.5,15,15,0,506
47.5,15,15,1,509
47.5,15,15,2,511
47.5,15,15,3,514
47.5,15,15,4,516
47.5,15,15,5,519
47.5,15,15,6,521
47.5,15,15,7,524
47.5,15,15,8,526
47.5,15,15,9,528
47.5,15,15,10,531
47.5,15,15,11,533
47.5,15,15,12,535
47.5,15,15,13,538
47.5,15,15,14,540
47.5,15,15,15,542
48.0,0,0,0,374
48.0,0,0,1,376
48.0,0,0,2,377
48.0,0,0,3,379
48.0,0,0,4,381
48.0,0,0,5,383
48.0,0,0,6,385
48.0,0,0,7,386
48.0,0,0,8,388
48.0,0,0,9,390
48.0,0,0,10,392
48.0,0,0,11,393
48.0,0,0,12,395
48.0,0,0,13,397
48.0,0,0,14,399
48.0,0,0,15,400
48.0,0,1,0,376
48.0,0,1,1,378
48.0,0,1,2,380
48.0,0,1,3,381
48.0,0,1,4,383
48.0,0,1,5,385
48.0,0,1,6,387
48.0,0,1,7,389
48.0,0,1,8,390
48.0,0,1,9,392
48.0,0,1,10,394
48.0,0,1,11,396
48.0,0,1,12,398
48.0,0,1,13,399
48.0,0,1,14,401
48.0,0,1,15,403
48.0,0,2,0,378
48.0,0,2,1,380
48.0,0,2,2,382
48.0,0,2,3,384
48.0,0,2,4,386
48.0,0,2,5,387
48.0,0,2,6,389
48.0,0,2,7,391
48.0,0,2,8,393
48.0,0,2,9,395
48.0,0,2,10,396
48.0,0,2,11,398
48.0,0,2,12,400
48.0,0,2,13,402
48.0,0,2,14,403
48.0,0,2,15,405
48.0,0,3,0,380
48.0,0,3,1,382
48.0,0,3,2,384
48.0,0,3,3,386
48.0,0,3,4,388
48.0,0,3,5,390
48.0,0,3,6,391
48.0,0,3,7,393
48.0,0,3,8,395
48.0,0,3,9,397
48.0,0,3,10,399
48.0,0,3,11,400
48.0,0,3,12,402
48.0,0,3,13,404
48.0,0,3,14,406
48.0,0,3,15,408
48.0,0,4,0,383
48.0,0,4,1,385
48.0,0,4,2,386
48.0,0,4,3,388
48.0,0,4,4,390
48.0,0,4,5,392
48.0,0,4,6,394
48.0,0,4,7,396
48.0,0,4,8,397
48.0,0,4,9,399
48.0,0,4,10,401
48.0,0,4,11,403
48.0,0,4,12,405
48.0,0,4,13,406
48.0,0,4,14,408
48.0,0,4,15,410
48.0,0,5,0,385
48.0,0,5,1,387
48.0,0,5,2,389
48.0,0,5,3,390
48.0,0,5,4,392
48.0,0,5,5,394
48.0,0,5,6,396
48.0,0,5,7,398
48.0,0,5,8,400
48.0,0,5,9,401
48.0,0,5,10,403
48.0,0,5,11,405
48.0,0,5,12,407
48.0,0,5,13,409
48.0,0,5,14,410
48.0,0,5,15,412
48.0,0,6,0,387
48.0,0,6,1,389
48.0,0,6,2,391
48.0,0,6,3,393
48.0,0,6,4,395
48.0,0,6,5,396
48.0,0,6,6,398
48.0,0,6,7,400
48.0,0,6,8,402
48.0,0,6,9,404
48.0,0,6,10,406
48.0,0,6,11,407
48.0,0,6,12,409
48.0,0,6,13,411
48.0,0,6,14,413
48.0,0,6,15,415
48.0,0,7,0,389
48.0,0,7,1,391
48.0,0,7,2,393
48.0,0,7,3,395
48.0,0,7,4,397
48.0,0,7,5,399
48.0,0,7,6,401
48.0,0,7,7,402
48.0,0,7,8,404
48.0,0,7,9,406
48.0,0,7,10,408
48.0,0,7,11,410
48.0,0,7,12,411
48.0,0,7,13,413
48.0,0,7,14,415
48.0,0,7,15,417
48.0,0,8,0,391
48.0,0,8,1,393
48.0,0,8,2,395
48.0,0,8,3,397
48.0,0,8,4,399
48.0,0,8,5,401
48.0,0,8,6,403
48.0,0,8,7,405
48.0,0,8,8,406
48.0,0,8,9,408
48.0,0,8,10,410
48.0,0,8,11,412
48.0,0,8,12,414
48.0,0,8,13,416
48.0,0,8,14,417
48.0,0,8,15,419
48.0,0,9,0,394
48.0,0,9,1,395
48.0,0,9,2,397
48.0,0,9,3,399
48.0,0,9,4,401
48.0,0,9,5,403
48.0,0,9,6,405
48.0,0,9,7,407
48.0,0,9,8,409
48.0,0,9,9,411
48.0,0,9,10,412
48.0,0,9,11,414
48.0,0,9,12,416
48.0,0,9,13,418
48.0,0,9,14,420
48.0,0,9,15,421
48.0,0,10,0,396
48.0,0,10,1,398
48.0,0,10,2,400
48.0,0,10,3,401
48.0,0,10,4,403
48.0,0,10,5,405
48.0,0,10,6,407
48.0,0,10,7,409
48.0,0,10,8,411
48.0,0,10,9,413
48.0,0,10,10,415
48.0,0,10,11,416
48.0,0,10,12,418
48.0,0,10,13,420
48.0,0,10,14,422
48.0,0,10,15,424
48.0,0,11,0,398
48.0,0,11,1,400
48.0,0,11,2,402
48.0,0,11,3,404
48.0,0,11,4,406
48.0,0,11,5,407
48.0,0,11,6,409
48.0,0,11,7,411
48.0,0,11,8,413
48.0,0,11,9,415
48.0,0,11,10,417
48.0,0,11,11,419
48.0,0,11,12,421
48.0,0,11,13,422
48.0,0,11,14,424
48.0,0,11,15,426
48.0,0,12,0,400
48.0,0,12,1,402
48.0,0,12,2,404
48.0,0,12,3,406
48.0,0,12,4,408
48.0,0,12,5,410
48.0,0,12,6,411
48.0,0,12,7,413
48.0,0,12,8,415
48.0,0,12,9,417
48.0,0,12,10,419
48.0,0,12,11,421
48.0,0,12,12,423
48.0,0,12,13,425
48.0,0,12,14,426
48.0,0,12,15,428
48.0,0,13,0,402
48.0,0,13,1,404
48.0,0,13,2,406
48.0,0,13,3,408
48.0,0,13,4,410
48.0,0,13,5,412
48.0,0,13,6,414
48.0,0,13,7,416
48.0,0,13,8,417
48.0,0,13,9,419
48.0,0,13,10,421
48.0,0,13,11,423
48.0,0,13,12,425
48.0,0,13,13,427
48.0,0,13,14,429
48.0,0,13,15,431
48.0,0,14,0,404
48.0,0,14,1,406
48.0,0,14,2,408
48.0,0,14,3,410
48.0,0,14,4,412
48.0,0,14,5,414
48.0,0,14,6,416
48.0,0,14,7,418
48.0,0,14,8,420
48.0,0,14,9,422
48.0,0,14,10,423
48.0,0,14,11,425
48.0,0,14,12,427
48.0,0,14,13,429
48.0,0,14,14,431
48.0,0,14,15,433
48.0,0,15,0,406
48.0,0,15,1,408
48.0,0,15,2,410
48.0,0,15,3,412
48.0,0,15,4,414
48.0,0,15,5,416
48.0,0,15,6,418
48.0,0,15,7,420
48.0,0,15,8,422
48.0,0,15,9,424
48.0,0,15,10,426
48.0,0,15,11,428
48.0,0,15,12,429
48.0,0,15,13,431
48.0,0,15,14,433
48.0,0,15,15,435
48.0,1,0,0,380
48.0,1,0,1,382
48.0,1,0,2,384
48.0,1,0,3,386
48.0,1,0,4,387
48.0,1,0,5,389
48.0,1,0,6,391
48.0,1,0,7,393
48.0,1,0,8,395
48.0,1,0,9,397
48.0,1,0,10,398
48.0,1,0,11,400
48.0,1,0,12,402
48.0,1,0,13,404
48.0,1,0,14,405
48.0,1,0,15,407
48.0,1,1,0,382
48.0,1,1,1,384
48.0,1,1,2,386
48.0,1,1,3,388
48.0,1,1,4,390
48.0,1,1,5,392
48.0,1,1,6,393
48.0,1,1,7,395
48.0,1,1,8,397
48.0,1,1,9,399
48.0,1,1,10,401
48.0,1,1,11,402
48.0,1,1,12,404
48.0,1,1,13,406
48.0,1,1,14,408
48.0,1,1,15,410
48.0,1,2,0,385
48.0,1,2,1,387
48.0,1,2,2,388
48.0,1,2,3,390
48.0,1,2,4,392
48.0,1,2,5,394
48.0,1,2,6,396
48.0,1,2,7,398
48.0,1,2,8,399
48.0,1,2,9,401
48.0,1,2,10,403
48.0,1,2,11,405
48.0,1,2,12,407
48.0,1,2,13,408
48.0,1,2,14,410
48.0,1,2,15,412
48.0,1,3,0,387
48.0,1,3,1,389
48.0,1,3,2,391
48.0,1,3,3,393
48.0,1,3,4,394
48.0,1,3,5,396
48.0,1,3,6,398
48.0,1,3,7,400
48.0,1,3,8,402
48.0,1,3,9,404
48.0,1,3,10,405
48.0,1,3,11,407
48.0,1,3,12,409
48.0,1,3,13,411
48.0,1,3,14,413
48.0,1,3,15,414
48.0,1,4,0,389
48.0,1,4,1,391
48.0,1,4,2,393
48.0,1,4,3,395
48.0,1,4,4,397
48.0,1,4,5,399
48.0,1,4,6,400
48.0,1,4,7,402
48.0,1,4,8,404
48.0,1,4,9,406
48.0,1,4,10,408
48.0,1,4,11,410
48.0,1,4,12,411
48.0,1,4,13,413
48.0,1,4,14,415
48.0,1,4,15,417
48.0,1,5,0,391
48.0,1,5,1,393
48.0,1,5,2,395
48.0,1,5,3,397
48.0,1,5,4,399
48.0,1,5,5,401
48.0,1,5,6,403
48.0,1,5,7,405
48.0,1,5,8,406
48.0,1,5,9,408
48.0,1,5,10,410
48.0,1,5,11,412
48.0,1,5,12,414
48.0,1,5,13,416
48.0,1,5,14,417
48.0,1,5,15,419
48.0,1,6,0,394
48.0,1,6,1,396
48.0,1,6,2,397
48.0,1,6,3,399
48.0,1,6,4,401
48.0,1,6,5,403
48.0,1,6,6,405
48.0,1,6,7,407
48.0,1,6,8,409
48.0,1,6,9,411
48.0,1,6,10,412
48.0,1,6,11,414
48.0,1,6,12,416
48.0,1,6,13,418
48.0,1,6,14,420
48.0,1,6,15,422
48.0,1,7,0,396
48.0,1,7,1,398
48.0,1,7,2,400
48.0,1,7,3,402
48.0,1,7,4,404
48.0,1,7,5,405
48.0,1,7,6,407
48.0,1,7,7,409
48.0,1,7,8,411
48.0,1,7,9,413
48.0,1,7,10,415
48.0,1,7,11,417
48.0,1,7,12,418
48.0,1,7,13,420
48.0,1,7,14,422
48.0,1,7,15,424
48.0,1,8,0,398
48.0,1,8,1,400
48.0,1,8,2,402
48.0,1,8,3,404
48.0,1,8,4,406
48.0,1,8,5,408
48.0,1,8,6,410
48.0,1,8,7,411
48.0,1,8,8,413
48.0,1,8,9,415
48.0,1,8,10,417
48.0,1,8,11,419
48.0,1,8,12,421
48.0,1,8,13,423
48.0,1,8,14,424
48.0,1,8,15,426
48.0,1,9,0,400
48.0,1,9,1,402
48.0,1,9,2,404
48.0,1,9,3,406
48.0,1,9,4,408
48.0,1,9,5,410
48.0,1,9,6,412
48.0,1,9,7,414
48.0,1,9,8,416
48.0,1,9,9,418
48.0,1,9,10,419
48.0,1,9,11,421
48.0,1,9,12,423
48.0,1,9,13,425
48.0,1,9,14,427
48.0,1,9,15,429
48.0,1,10,0,402
48.0,1,10,1,404
48.0,1,10,2,406
48.0,1,10,3,408
48.0,1,10,4,410
48.0,1,10,5,412
48.0,1,10,6,414
48.0,1,10,7,416
48.0,1,10,8,418
48.0,1,10,9,420
48.0,1,10,10,422
48.0,1,10,11,424
48.0,1,10,12,425
48.0,1,10,13,427
48.0,1,10,14,429
48.0,1,10,15,431
48.0,1,11,0,405
48.0,1,11,1,407
48.0,1,11,2,408
48.0,1,11,3,410
48.0,1,11,4,412
48.0,1,11,5,414
48.0,1,11,6,416
48.0,1,11,7,418
48.0,1,11,8,420
48.0,1,11,9,422
48.0,1,11,10,424
48.0,1,11,11,426
48.0,1,11,12,428
48.0,1,11,13,430
48.0,1,11,14,431
48.0,1,11,15,433
48.0,1,12,0,407
48.0,1,12,1,409
48.0,1,12,2,411
48.0,1,12,3,413
48.0,1,12,4,415
48.0,1,12,5,417
48.0,1,12,6,418
48.0,1,12,7,420
48.0,1,12,8,422
48.0,1,12,9,424
48.0,1,12,10,426
48.0,1,12,11,428
48.0,1,12,12,430
48.0,1,12,13,432
48.0,1,12,14,434
48.0,1,12,15,436
48.0,1,13,0,409
48.0,1,13,1,411
48.0,1,13,2,413
48.0,1,13,3,415
48.0,1,13,4,417
48.0,1,13,5,419
48.0,1,13,6,421
48.0,1,13,7,423
48.0,1,13,8,425
48.0,1,13,9,426
48.0,1,13,10,428
48.0,1,13,11,430
48.0,1,13,12,432
48.0,1,13,13,434
48.0,1,13,14,436
48.0,1,13,15,438
48.0,1,14,0,411
48.0,1,14,1,413
48.0,1,14,2,415
48.0,1,14,3,417
48.0,1,14,4,419
48.0,1,14,5,421
48.0,1,14,6,423
48.0,1,14,7,425
48.0,1,14,8,427
48.0,1,14,9,429
48.0,1,14,10,431
48.0,1,14,11,433
48.0,1,14,12,434
48.0,1,14,13,436
48.0,1,14,14,438
48.0,1,14,15,440
48.0,1,15,0,413
48.0,1,15,1,415
48.0,1,15,2,417
48.0,1,15,3,419
48.0,1,15,4,421
48.0,1,15,5,423
48.0,1,15,6,425
48.0,1,15,7,427
48.0,1,15,8,429
48.0,1,15,9,431
48.0,1,15,10,433
48.0,1,15,11,435
48.0,1,15,12,437
48.0,1,15,13,439
48.0,1,15,14,441
48.0,1,15,15,442
48.0,2,0,0,386
48.0,2,0,1,388
48.0,2,0,2,390
48.0,2,0,3,392
48.0,2,0,4,394
48.0,2,0,5,396
48.0,2,0,6,398
48.0,2,0,7,399
48.0,2,0,8,401
48.0,2,0,9,403
48.0,2,0,10,405
48.0,2,0,11,407
48.0,2,0,12,409
48.0,2,0,13,410
48.0,2,0,14,412
48.0,2,0,15,414
48.0,2,1,0,389
48.0,2,1,1,391
48.0,2,1,2,393
48.0,2,1,3,394
48.0,2,1,4,396
48.0,2,1,5,398
48.0,2,1,6,400
48.0,2,1,7,402
48.0,2,1,8,404
48.0,2,1,9,406
48.0,2,1,10,407
48.0,2,1,11,409
48.0,2,1,12,411
48.0,2,1,13,413
48.0,2,1,14,415
48.0,2,1,15,416
48.0,2,2,0,391
48.0,2,2,1,393
48.0,2,2,2,395
48.0,2,2,3,397
48.0,2,2,4,399
48.0,2,2,5,401
48.0,2,2,6,402
48.0,2,2,7,404
48.0,2,2,8,406
48.0,2,2,9,408
48.0,2,2,10,410
48.0,2,2,11,412
48.0,2,2,12,413
48.0,2,2,13,415
48.0,2,2,14,417
48.0,2,2,15,419
48.0,2,3,0,393
48.0,2,3,1,395
48.0,2,3,2,397
48.0,2,3,3,399
48.0,2,3,4,401
48.0,2,3,5,403
48.0,2,3,6,405
48.0,2,3,7,407
48.0,2,3,8,409
48.0,2,3,9,410
48.0,2,3,10,412
48.0,2,3,11,414
48.0,2,3,12,416
48.0,2,3,13,418
48.0,2,3,14,420
48.0,2,3,15,421
48.0,2,4,0,396
48.0,2,4,1,398
48.0,2,4,2,400
48.0,2,4,3,401
48.0,2,4,4,403
48.0,2,4,5,405
48.0,2,4,6,407
48.0,2,4,7,409
48.0,2,4,8,411
48.0,2,4,9,413
48.0,2,4,10,415
48.0,2,4,11,416
48.0,2,4,12,418
48.0,2,4,13,420
48.0,2,4,14,422
48.0,2,4,15,424
48.0,2,5,0,398
48.0,2,5,1,400
48.0,2,5,2,402
48.0,2,5,3,404
48.0,2,5,4,406
48.0,2,5,5,408
48.0,2,5,6,409
48.0,2,5,7,411
48.0,2,5,8,413
48.0,2,5,9,415
48.0,2,5,10,417
48.0,2,5,11,419
48.0,2,5,12,421
48.0,2,5,13,423
48.0,2,5,14,424
48.0,2,5,15,426
48.0,2,6,0,400
48.0,2,6,1,402
48.0,2,6,2,404
48.0,2,6,3,406
48.0,2,6,4,408
48.0,2,6,5,410
48.0,2,6,6,412
48.0,2,6,7,414
48.0,2,6,8,416
48.0,2,6,9,417
48.0,2,6,10,419
48.0,2,6,11,421
48.0,2,6,12,423
48.0,2,6,13,425
48.0,2,6,14,427
48.0,2,6,15,429
48.0,2,7,0,402
48.0,2,7,1,404
48.0,2,7,2,406
48.0,2,7,3,408
48.0,2,7,4,410
48.0,2,7,5,412
48.0,2,7,6,414
48.0,2,7,7,416
48.0,2,7,8,418
48.0,2,7,9,420
48.0,2,7,10,422
48.0,2,7,11,424
48.0,2,7,12,425
48.0,2,7,13,427
48.0,2,7,14,429
48.0,2,7,15,431
48.0,2,8,0,405
48.0,2,8,1,407
48.0,2,8,2,409
48.0,2,8,3,411
48.0,2,8,4,413
48.0,2,8,5,414
48.0,2,8,6,416
48.0,2,8,7,418
48.0,2,8,8,420
48.0,2,8,9,422
48.0,2,8,10,424
48.0,2,8,11,426
48.0,2,8,12,428
48.0,2,8,13,430
48.0,2,8,14,432
48.0,2,8,15,433
48.0,2,9,0,407
48.0,2,9,1,409
48.0,2,9,2,411
48.0,2,9,3,413
48.0,2,9,4,415
48.0,2,9,5,417
48.0,2,9,6,419
48.0,2,9,7,421
48.0,2,9,8,423
48.0,2,9,9,424
48.0,2,9,10,426
48.0,2,9,11,428
48.0,2,9,12,430
48.0,2,9,13,432
48.0,2,9,14,434
48.0,2,9,15,436
48.0,2,10,0,409
48.0,2,10,1,411
48.0,2,10,2,413
48.0,2,10,3,415
48.0,2,10,4,417
48.0,2,10,5,419
48.0,2,10,6,421
48.0,2,10,7,423
48.0,2,10,8,425
48.0,2,10,9,427
48.0,2,10,10,429
48.0,2,10,11,431
48.0,2,10,12,433
48.0,2,10,13,434
48.0,2,10,14,436
48.0,2,10,15,438
48.0,2,11,0,411
48.0,2,11,1,413
48.0,2,11,2,415
48.0,2,11,3,417
48.0,2,11,4,419
48.0,2,11,5,421
48.0,2,11,6,423
48.0,2,11,7,425
48.0,2,11,8,427
48.0,2,11,9,429
48.0,2,11,10,431
48.0,2,11,11,433
48.0,2,11,12,435
48.0,2,11,13,437
48.0,2,11,14,439
48.0,2,11,15,441
48.0,2,12,0,413
48.0,2,12,1,415
48.0,2,12,2,418
48.0,2,12,3,420
48.0,2,12,4,422
48.0,2,12,5,423
48.0,2,12,6,425
48.0,2,12,7,427
48.0,2,12,8,429
48.0,2,12,9,431
48.0,2,12,10,433
48.0,2,12,11,435
48.0,2,12,12,437
48.0,2,12,13,439
48.0,2,12,14,441
48.0,2,12,15,443
48.0,2,13,0,416
48.0,2,13,1,418
48.0,2,13,2,420
48.0,2,13,3,422
48.0,2,13,4,424
48.0,2,13,5,426
48.0,2,13,6,428
48.0,2,13,7,430
48.0,2,13,8,432
48.0,2,13,9,434
48.0,2,13,10,436
48.0,2,13,11,438
48.0,2,13,12,439
48.0,2,13,13,441
48.0,2,13,14,443
48.0,2,13,15,445
48.0,2,14,0,418
48.0,2,14,1,420
48.0,2,14,2,422
48.0,2,14,3,424
48.0,2,14,4,426
48.0,2,14,5,428
48.0,2,14,6,430
48.0,2,14,7,432
48.0,2,14,8,434
48.0,2,14,9,436
48.0,2,14,10,438
48.0,2,14,11,440
48.0,2,14,12,442
48.0,2,14,13,444
48.0,2,14,14,446
48.0,2,14,15,448
48.0,2,15,0,420
48.0,2,15,1,422
48.0,2,15,2,424
48.0,2,15,3,426
48.0,2,15,4,428
48.0,2,15,5,430
48.0,2,15,6,432
48.0,2,15,7,434
48.0,2,15,8,436
48.0,2,15,9,438
48.0,2,15,10,440
48.0,2,15,11,442
48.0,2,15,12,444
48.0,2,15,13,446
48.0,2,15,14,448
48.0,2,15,15,450
48.0,3,0,0,393
48.0,3,0,1,395
48.0,3,0,2,397
48.0,3,0,3,399
48.0,3,0,4,400
48.0,3,0,5,402
48.0,3,0,6,404
48.0,3,0,7,406
48.0,3,0,8,408
48.0,3,0,9,410
48.0,3,0,10,412
48.0,3,0,11,413
48.0,3,0,12,415
48.0,3,0,13,417
48.0,3,0,14,419
48.0,3,0,15,421
48.0,3,1,0,395
48.0,3,1,1,397
48.0,3,1,2,399
48.0,3,1,3,401
48.0,3,1,4,403
48.0,3,1,5,405
48.0,3,1,6,407
48.0,3,1,7,408
48.0,3,1,8,410
48.0,3,1,9,412
48.0,3,1,10,414
48.0,3,1,11,416
48.0,3,1,12,418
48.0,3,1,13,420
48.0,3,1,14,421
48.0,3,1,15,423
48.0,3,2,0,397
48.0,3,2,1,399
48.0,3,2,2,401
48.0,3,2,3,403
48.0,3,2,4,405
48.0,3,2,5,407
48.0,3,2,6,409
48.0,3,2,7,411
48.0,3,2,8,413
48.0,3,2,9,415
48.0,3,2,10,417
48.0,3,2,11,418
48.0,3,2,12,420
48.0,3,2,13,422
48.0,3,2,14,424
48.0,3,2,15,426
48.0,3,3,0,400
48.0,3,3,1,402
48.0,3,3,2,404
48.0,3,3,3,406
48.0,3,3,4,408
48.0,3,3,5,410
48.0,3,3,6,411
48.0,3,3,7,413
48.0,3,3,8,415
48.0,3,3,9,417
48.0,3,3,10,419
48.0,3,3,11,421
48.0,3,3,12,423
48.0,3,3,13,425
48.0,3,3,14,426
48.0,3,3,15,428
48.0,3,4,0,402
48.0,3,4,1,404
48.0,3,4,2,406
48.0,3,4,3,408
48.0,3,4,4,410
48.0,3,4,5,412
48.0,3,4,6,414
48.0,3,4,7,416
48.0,3,4,8,418
48.0,3,4,9,420
48.0,3,4,10,421
48.0,3,4,11,423
48.0,3,4,12,425
48.0,3,4,13,427
48.0,3,4,14,429
48.0,3,4,15,431
48.0,3,5,0,404
48.0,3,5,1,406
48.0,3,5,2,408
48.0,3,5,3,410
48.0,3,5,4,412
48.0,3,5,5,414
48.0,3,5,6,416
48.0,3,5,7,418
48.0,3,5,8,420
48.0,3,5,9,422
48.0,3,5,10,424
48.0,3,5,11,426
48.0,3,5,12,428
48.0,3,5,13,429
48.0,3,5,14,431
48.0,3,5,15,433
48.0,3,6,0,407
48.0,3,6,1,409
48.0,3,6,2,411
48.0,3,6,3,413
48.0,3,6,4,415
48.0,3,6,5,417
48.0,3,6,6,419
48.0,3,6,7,420
48.0,3,6,8,422
48.0,3,6,9,424
48.0,3,6,10,426
48.0,3,6,11,428
48.0,3,6,12,430
48.0,3,6,13,432
48.0,3,6,14,434
48.0,3,6,15,436
48.0,3,7,0,409
48.0,3,7,1,411
48.0,3,7,2,413
48.0,3,7,3,415
48.0,3,7,4,417
48.0,3,7,5,419
48.0,3,7,6,421
48.0,3,7,7,423
48.0,3,7,8,425
48.0,3,7,9,427
48.0,3,7,10,429
48.0,3,7,11,431
48.0,3,7,12,432
48.0,3,7,13,434
48.0,3,7,14,436
48.0,3,7,15,438
48.0,3,8,0,411
48.0,3,8,1,413
48.0,3,8,2,415
48.0,3,8,3,417
48.0,3,8,4,419
48.0,3,8,5,421
48.0,3,8,6,423
48.0,3,8,7,425
48.0,3,8,8,427
48.0,3,8,9,429
48.0,3,8,10,431
48.0,3,8,11,433
48.0,3,8,12,435
48.0,3,8,13,437
48.0,3,8,14,439
48.0,3,8,15,441
48.0,3,9,0,414
48.0,3,9,1,416
48.0,3,9,2,418
48.0,3,9,3,420
48.0,3,9,4,422
48.0,3,9,5,424
48.0,3,9,6,426
48.0,3,9,7,428
48.0,3,9,8,429
48.0,3,9,9,431
48.0,3,9,10,433
48.0,3,9,11,435
48.0,3,9,12,437
48.0,3,9,13,439
48.0,3,9,14,441
48.0,3,9,15,443
48.0,3,10,0,416
48.0,3,10,1,418
48.0,3,10,2,420
48.0,3,10,3,422
48.0,3,10,4,424
48.0,3,10,5,426
48.0,3,10,6,428
48.0,3,10,7,430
48.0,3,10,8,432
48.0,3,10,9,434
48.0,3,10,10,436
48.0,3,10,11,438
48.0,3,10,12,440
48.0,3,10,13,442
48.0,3,10,14,443
48.0,3,10,15,445
48.0,3,11,0,418
48.0,3,11,1,420
48.0,3,11,2,422
48.0,3,11,3,424
48.0,3,11,4,426
48.0,3,11,5,428
48.0,3,11,6,430
48.0,3,11,7,432
48.0,3,11,8,434
48.0,3,11,9,436
48.0,3,11,10,438
48.0,3,11,11,440
48.0,3,11,12,442
48.0,3,11,13,444
48.0,3,11,14,446
48.0,3,11,15,448
48.0,3,12,0,420
48.0,3,12,1,422
48.0,3,12,2,424
48.0,3,12,3,426
48.0,3,12,4,428
48.0,3,12,5,430
48.0,3,12,6,432
48.0,3,12,7,434
48.0,3,12,8,436
48.0,3,12,9,438
48.0,3,12,10,440
48.0,3,12,11,442
48.0,3,12,12,444
48.0,3,12,13,446
48.0,3,12,14,448
48.0,3,12,15,450
48.0,3,13,0,422
48.0,3,13,1,425
48.0,3,13,2,427
48.0,3,13,3,429
48.0,3,13,4,431
48.0,3,13,5,433
48.0,3,13,6,435
48.0,3,13,7,437
48.0,3,13,8,439
48.0,3,13,9,441
48.0,3,13,10,443
48.0,3,13,11,445
48.0,3,13,12,447
48.0,3,13,13,449
48.0,3,13,14,451
48.0,3,13,15,452
48.0,3,14,0,425
48.0,3,14,1,427
48.0,3,14,2,429
48.0,3,14,3,431
48.0,3,14,4,433
48.0,3,14,5,435
48.0,3,14,6,437
48.0,3,14,7,439
48.0,3,14,8,441
48.0,3,14,9,443
48.0,3,14,10,445
48.0,3,14,11,447
48.0,3,14,12,449
48.0,3,14,13,451
48.0,3,14,14,453
48.0,3,14,15,455
48.0,3,15,0,427
48.0,3,15,1,429
48.0,3,15,2,431
48.0,3,15,3,433
48.0,3,15,4,435
48.0,3,15,5,437
48.0,3,15,6,439
48.0,3,15,7,441
48.0,3,15,8,443
48.0,3,15,9,445
48.0,3,15,10,447
48.0,3,15,11,449
48.0,3,15,12,451
48.0,3,15,13,453
48.0,3,15,14,455
48.0,3,15,15,457
48.0,4,0,0,399
48.0,4,0,1,401
48.0,4,0,2,403
48.0,4,0,3,405
48.0,4,0,4,407
48.0,4,0,5,409
48.0,4,0,6,411
48.0,4,0,7,413
48.0,4,0,8,414
48.0,4,0,9,416
48.0,4,0,10,418
48.0,4,0,11,420
48.0,4,0,12,422
48.0,4,0,13,424
48.0,4,0,14,426
48.0,4,0,15,427
48.0,4,1,0,402
48.0,4,1,1,403
48.0,4,1,2,405
48.0,4,1,3,407
48.0,4,1,4,409
48.0,4,1,5,411
48.0,4,1,6,413
48.0,4,1,7,415
48.0,4,1,8,417
48.0,4,1,9,419
48.0,4,1,10,421
48.0,4,1,11,423
48.0,4,1,12,425
48.0,4,1,13,426
48.0,4,1,14,428
48.0,4,1,15,430
48.0,4,2,0,404
48.0,4,2,1,406
48.0,4,2,2,408
48.0,4,2,3,410
48.0,4,2,4,412
48.0,4,2,5,414
48.0,4,2,6,416
48.0,4,2,7,418
48.0,4,2,8,419
48.0,4,2,9,421
48.0,4,2,10,423
48.0,4,2,11,425
48.0,4,2,12,427
48.0,4,2,13,429
48.0,4,2,14,431
48.0,4,2,15,433
48.0,4,3,0,406
48.0,4,3,1,408
48.0,4,3,2,410
48.0,4,3,3,412
48.0,4,3,4,414
48.0,4,3,5,416
48.0,4,3,6,418
48.0,4,3,7,420
48.0,4,3,8,422
48.0,4,3,9,424
48.0,4,3,10,426
48.0,4,3,11,428
48.0,4,3,12,430
48.0,4,3,13,431
48.0,4,3,14,433
48.0,4,3,15,435
48.0,4,4,0,409
48.0,4,4,1,411
48.0,4,4,2,413
48.0,4,4,3,415
48.0,4,4,4,417
48.0,4,4,5,419
48.0,4,4,6,421
48.0,4,4,7,422
48.0,4,4,8,424
48.0,4,4,9,426
48.0,4,4,10,428
48.0,4,4,11,430
48.0,4,4,12,432
48.0,4,4,13,434
48.0,4,4,14,436
48.0,4,4,15,438
48.0,4,5,0,411
48.0,4,5,1,413
48.0,4,5,2,415
48.0,4,5,3,417
48.0,4,5,4,419
48.0,4,5,5,421
48.0,4,5,6,423
48.0,4,5,7,425
48.0,4,5,8,427
48.0,4,5,9,429
48.0,4,5,10,431
48.0,4,5,11,433
48.0,4,5,12,435
48.0,4,5,13,436
48.0,4,5,14,438
48.0,4,5,15,440
48.0,4,6,0,413
48.0,4,6,1,415
48.0,4,6,2,417
48.0,4,6,3,419
48.0,4,6,4,421
48.0,4,6,5,423
48.0,4,6,6,425
48.0,4,6,7,427
48.0,4,6,8,429
48.0,4,6,9,431
48.0,4,6,10,433
48.0,4,6,11,435
48.0,4,6,12,437
48.0,4,6,13,439
48.0,4,6,14,441
48.0,4,6,15,443
48.0,4,7,0,416
48.0,4,7,1,418
48.0,4,7,2,420
48.0,4,7,3,422
48.0,4,7,4,424
48.0,4,7,5,426
48.0,4,7,6,428
48.0,4,7,7,430
48.0,4,7,8,432
48.0,4,7,9,434
48.0,4,7,10,436
48.0,4,7,11,437
48.0,4,7,12,439
48.0,4,7,13,441
48.0,4,7,14,443
48.0,4,7,15,445
48.0,4,8,0,418
48.0,4,8,1,420
48.0,4,8,2,422
48.0,4,8,3,424
48.0,4,8,4,426
48.0,4,8,5,428
48.0,4,8,6,430
48.0,4,8,7,432
48.0,4,8,8,434
48.0,4,8,9,436
48.0,4,8,10,438
48.0,4,8,11,440
48.0,4,8,12,442
48.0,4,8,13,444
48.0,4,8,14,446
48.0,4,8,15,448
48.0,4,9,0,420
48.0,4,9,1,422
48.0,4,9,2,424
48.0,4,9,3,426
48.0,4,9,4,428
48.0,4,9,5,430
48.0,4,9,6,432
48.0,4,9,7,434
48.0,4,9,8,436
48.0,4,9,9,438
48.0,4,9,10,440
48.0,4,9,11,442
48.0,4,9,12,444
48.0,4,9,13,446
48.0,4,9,14,448
48.0,4,9,15,450
48.0,4,10,0,423
48.0,4,10,1,425
48.0,4,10,2,427
48.0,4,10,3,429
48.0,4,10,4,431
48.0,4,10,5,433
48.0,4,10,6,435
48.0,4,10,7,437
48.0,4,10,8,439
48.0,4,10,9,441
48.0,4,10,10,443
48.0,4,10,11,445
48.0,4,10,12,447
48.0,4,10,13,449
48.0,4,10,14,451
48.0,4,10,15,453
48.0,4,11,0,425
48.0,4,11,1,427
48.0,4,11,2,429
48.0,4,11,3,431
48.0,4,11,4,433
48.0,4,11,5,435
48.0,4,11,6,437
48.0,4,11,7,439
48.0,4,11,8,441
48.0,4,11,9,443
48.0,4,11,10,445
48.0,4,11,11,447
48.0,4,11,12,449
48.0,4,11,13,451
48.0,4,11,14,453
48.0,4,11,15,455
48.0,4,12,0,427
48.0,4,12,1,429
48.0,4,12,2,431
48.0,4,12,3,433
48.0,4,12,4,435
48.0,4,12,5,437
48.0,4,12,6,439
48.0,4,12,7,441
48.0,4,12,8,443
48.0,4,12,9,445
48.0,4,12,10,448
48.0,4,12,11,449
48.0,4,12,12,451
48.0,4,12,13,453
48.0,4,12,14,455
48.0,4,12,15,457
48.0,4,13,0,429
48.0,4,13,1,431
48.0,4,13,2,433
48.0,4,13,3,436
48.0,4,13,4,438
48.0,4,13,5,440
48.0,4,13,6,442
48.0,4,13,7,444
48.0,4,13,8,446
48.0,4,13,9,448
48.0,4,13,10,450
48.0,4,13,11,452
48.0,4,13,12,454
48.0,4,13,13,456
48.0,4,13,14,458
48.0,4,13,15,460
48.0,4,14,0,432
48.0,4,14,1,434
48.0,4,14,2,436
48.0,4,14,3,438
48.0,4,14,4,440
48.0,4,14,5,442
48.0,4,14,6,444
48.0,4,14,7,446
48.0,4,14,8,448
48.0,4,14,9,450
48.0,4,14,10,452
48.0,4,14,11,454
48.0,4,14,12,456
48.0,4,14,13,458
48.0,4,14,14,460
48.0,4,14,15,462
48.0,4,15,0,434
48.0,4,15,1,436
48.0,4,15,2,438
48.0,4,15,3,440
48.0,4,15,4,442
48.0,4,15,5,444
48.0,4,15,6,446
48.0,4,15,7,448
48.0,4,15,8,450
48.0,4,15,9,452
48.0,4,15,10,455
48.0,4,15,11,457
48.0,4,15,12,459
48.0,4,15,13,461
48.0,4,15,14,463
48.0,4,15,15,465
48.0,5,0,0,405
48.0,5,0,1,407
48.0,5,0,2,409
48.0,5,0,3,411
48.0,5,0,4,413
48.0,5,0,5,415
48.0,5,0,6,417
48.0,5,0,7,419
48.0,5,0,8,421
48.0,5,0,9,423
48.0,5,0,10,425
48.0,5,0,11,427
48.0,5,0,12,429
48.0,5,0,13,431
48.0,5,0,14,432
48.0,5,0,15,434
48.0,5,1,0,408
48.0,5,1,1,410
48.0,5,1,2,412
48.0,5,1,3,414
48.0,5,1,4,416
48.0,5,1,5,418
48.0,5,1,6,420
48.0,5,1,7,422
48.0,5,1,8,424
48.0,5,1,9,426
48.0,5,1,10,427
48.0,5,1,11,429
48.0,5,1,12,431
48.0,5,1,13,433
48.0,5,1,14,435
48.0,5,1,15,437
48.0,5,2,0,410
48.0,5,2,1,412
48.0,5,2,2,414
48.0,5,2,3,416
48.0,5,2,4,418
48.0,5,2,5,420
48.0,5,2,6,422
48.0,5,2,7,424
48.0,5,2,8,426
48.0,5,2,9,428
48.0,5,2,10,430
48.0,5,2,11,432
48.0,5,2,12,434
48.0,5,2,13,436
48.0,5,2,14,438
48.0,5,2,15,439
48.0,5,3,0,413
48.0,5,3,1,415
48.0,5,3,2,417
48.0,5,3,3,419
48.0,5,3,4,421
48.0,5,3,5,423
48.0,5,3,6,425
48.0,5,3,7,427
48.0,5,3,8,429
48.0,5,3,9,431
48.0,5,3,10,433
48.0,5,3,11,434
48.0,5,3,12,436
48.0,5,3,13,438
48.0,5,3,14,440
48.0,5,3,15,442
48.0,5,4,0,415
48.0,5,4,1,417
48.0,5,4,2,419
48.0,5,4,3,421
48.0,5,4,4,423
48.0,5,4,5,425
48.0,5,4,6,427
48.0,5,4,7,429
48.0,5,4,8,431
48.0,5,4,9,433
48.0,5,4,10,435
48.0,5,4,11,437
48.0,5,4,12,439
48.0,5,4,13,441
48.0,5,4,14,443
48.0,5,4,15,445
48.0,5,5,0,418
48.0,5,5,1,420
48.0,5,5,2,422
48.0,5,5,3,424
48.0,5,5,4,426
48.0,5,5,5,428
48.0,5,5,6,430
48.0,5,5,7,432
48.0,5,5,8,434
48.0,5,5,9,436
48.0,5,5,10,438
48.0,5,5,11,439
48.0,5,5,12,441
48.0,5,5,13,443
48.0,5,5,14,445
48.0,5,5,15,447
48.0,5,6,0,420
48.0,5,6,1,422
48.0,5,6,2,424
48.0,5,6,3,426
48.0,5,6,4,428
48.0,5,6,5,430
48.0,5,6,6,432
48.0,5,6,7,434
48.0,5,6,8,436
48.0,5,6,9,438
48.0,5,6,10,440
48.0,5,6,11,442
48.0,5,6,12,444
48.0,5,6,13,446
48.0,5,6,14,448
48.0,5,6,15,450
48.0,5,7,0,422
48.0,5,7,1,424
48.0,5,7,2,426
48.0,5,7,3,428
48.0,5,7,4,430
48.0,5,7,5,432
48.0,5,7,6,434
48.0,5,7,7,437
48.0,5,7,8,439
48.0,5,7,9,440
48.0,5,7,10,442
48.0,5,7,11,444
48.0,5,7,12,446
48.0,5,7,13,448
48.0,5,7,14,450
48.0,5,7,15,452
48.0,5,8,0,425
48.0,5,8,1,427
48.0,5,8,2,429
48.0,5,8,3,431
48.0,5,8,4,433
48.0,5,8,5,435
48.0,5,8,6,437
48.0,5,8,7,439
48.0,5,8,8,441
48.0,5,8,9,443
48.0,5,8,10,445
48.0,5,8,11,447
48.0,5,8,12,449
48.0,5,8,13,451
48.0,5,8,14,453
48.0,5,8,15,455
48.0,5,9,0,427
48.0,5,9,1,429
48.0,5,9,2,431
48.0,5,9,3,433
48.0,5,9,4,435
48.0,5,9,5,437
48.0,5,9,6,439
48.0,5,9,7,441
48.0,5,9,8,443
48.0,5,9,9,445
48.0,5,9,10,447
48.0,5,9,11,449
48.0,5,9,12,451
48.0,5,9,13,453
48.0,5,9,14,455
48.0,5,9,15,457
48.0,5,10,0,429
48.0,5,10,1,431
48.0,5,10,2,433
48.0,5,10,3,435
48.0,5,10,4,438
48.0,5,10,5,440
48.0,5,10,6,442
48.0,5,10,7,444
48.0,5,10,8,446
48.0,5,10,9,448
48.0,5,10,10,450
48.0,5,10,11,452
48.0,5,10,12,454
48.0,5,10,13,456
48.0,5,10,14,458
48.0,5,10,15,460
48.0,5,11,0,432
48.0,5,11,1,434
48.0,5,11,2,436
48.0,5,11,3,438
48.0,5,11,4,440
48.0,5,11,5,442
48.0,5,11,6,444
48.0,5,11,7,446
48.0,5,11,8,448
48.0,5,11,9,450
48.0,5,11,10,452
48.0,5,11,11,454
48.0,5,11,12,456
48.0,5,11,13,458
48.0,5,11,14,460
48.0,5,11,15,462
48.0,5,12,0,434
48.0,5,12,1,436
48.0,5,12,2,438
48.0,5,12,3,440
48.0,5,12,4,442
48.0,5,12,5,444
48.0,5,12,6,446
48.0,5,12,7,448
48.0,5,12,8,451
48.0,5,12,9,453
48.0,5,12,10,455
48.0,5,12,11,457
48.0,5,12,12,459
48.0,5,12,13,461
48.0,5,12,14,463
48.0,5,12,15,465
48.0,5,13,0,436
48.0,5,13,1,438
48.0,5,13,2,440
48.0,5,13,3,442
48.0,5,13,4,445
48.0,5,13,5,447
48.0,5,13,6,449
48.0,5,13,7,451
48.0,5,13,8,453
48.0,5,13,9,455
48.0,5,13,10,457
48.0,5,13,11,459
48.0,5,13,12,461
48.0,5,13,13,463
48.0,5,13,14,465
48.0,5,13,15,467
48.0,5,14,0,438
48.0,5,14,1,441
48.0,5,14,2,443
48.0,5,14,3,445
48.0,5,14,4,447
48.0,5,14,5,449
48.0,5,14,6,451
48.0,5,14,7,453
48.0,5,14,8,455
48.0,5,14,9,457
48.0,5,14,10,459
48.0,5,14,11,461
48.0,5,14,12,463
48.0,5,14,13,465
48.0,5,14,14,468
48.0,5,14,15,470
48.0,5,15,0,441
48.0,5,15,1,443
48.0,5,15,2,445
48.0,5,15,3,447
48.0,5,15,4,449
48.0,5,15,5,451
48.0,5,15,6,453
48.0,5,15,7,456
48.0,5,15,8,458
48.0,5,15,9,460
48.0,5,15,10,462
48.0,5,15,11,464
48.0,5,15,12,466
48.0,5,15,13,468
48.0,5,15,14,470
48.0,5,15,15,472
48.0,6,0,0,412
48.0,6,0,1,414
48.0,6,0,2,416
48.0,6,0,3,418
48.0,6,0,4,420
48.0,6,0,5,422
48.0,6,0,6,424
48.0,6,0,7,426
48.0,6,0,8,428
48.0,6,0,9,430
48.0,6,0,10,432
48.0,6,0,11,433
48.0,6,0,12,435
48.0,6,0,13,437
48.0,6,0,14,439
48.0,6,0,15,441
48.0,6,1,0,414
48.0,6,1,1,416
48.0,6,1,2,418
48.0,6,1,3,420
48.0,6,1,4,422
48.0,6,1,5,424
48.0,6,1,6,426
48.0,6,1,7,428
48.0,6,1,8,430
48.0,6,1,9,432
48.0,6,1,10,434
48.0,6,1,11,436
48.0,6,1,12,438
48.0,6,1,13,440
48.0,6,1,14,442
48.0,6,1,15,444
48.0,6,2,0,417
48.0,6,2,1,419
48.0,6,2,2,421
48.0,6,2,3,423
48.0,6,2,4,425
48.0,6,2,5,427
48.0,6,2,6,429
48.0,6,2,7,431
48.0,6,2,8,433
48.0,6,2,9,435
48.0,6,2,10,437
48.0,6,2,11,439
48.0,6,2,12,441
48.0,6,2,13,443
48.0,6,2,14,444
48.0,6,2,15,446
48.0,6,3,0,419
48.0,6,3,1,421
48.0,6,3,2,423
48.0,6,3,3,425
48.0,6,3,4,427
48.0,6,3,5,429
48.0,6,3,6,431
48.0,6,3,7,433
48.0,6,3,8,435
48.0,6,3,9,437
48.0,6,3,10,439
48.0,6,3,11,441
48.0,6,3,12,443
48.0,6,3,13,445
48.0,6,3,14,447
48.0,6,3,15,449
48.0,6,4,0,422
48.0,6,4,1,424
48.0,6,4,2,426
48.0,6,4,3,428
48.0,6,4,4,430
48.0,6,4,5,432
48.0,6,4,6,434
48.0,6,4,7,436
48.0,6,4,8,438
48.0,6,4,9,440
48.0,6,4,10,442
48.0,6,4,11,444
48.0,6,4,12,446
48.0,6,4,13,448
48.0,6,4,14,450
48.0,6,4,15,452
48.0,6,5,0,424
48.0,6,5,1,426
48.0,6,5,2,428
48.0,6,5,3,430
48.0,6,5,4,432
48.0,6,5,5,434
48.0,6,5,6,436
48.0,6,5,7,438
48.0,6,5,8,440
48.0,6,5,9,442
48.0,6,5,10,444
48.0,6,5,11,446
48.0,6,5,12,448
48.0,6,5,13,450
48.0,6,5,14,452
48.0,6,5,15,454
48.0,6,6,0,426
48.0,6,6,1,429
48.0,6,6,2,431
48.0,6,6,3,433
48.0,6,6,4,435
48.0,6,6,5,437
48.0,6,6,6,439
48.0,6,6,7,441
48.0,6,6,8,443
48.0,6,6,9,445
48.0,6,6,10,447
48.0,6,6,11,449
48.0,6,6,12,451
48.0,6,6,13,453
48.0,6,6,14,455
48.0,6,6,15,457
48.0,6,7,0,429
48.0,6,7,1,431
48.0,6,7,2,433
48.0,6,7,3,435
48.0,6,7,4,437
48.0,6,7,5,439
48.0,6,7,6,441
48.0,6,7,7,443
48.0,6,7,8,445
48.0,6,7,9,447
48.0,6,7,10,449
48.0,6,7,11,451
48.0,6,7,12,453
48.0,6,7,13,455
48.0,6,7,14,457
48.0,6,7,15,459
48.0,6,8,0,431
48.0,6,8,1,433
48.0,6,8,2,435
48.0,6,8,3,438
48.0,6,8,4,440
48.0,6,8,5,442
48.0,6,8,6,444
48.0,6,8,7,446
48.0,6,8,8,448
48.0,6,8,9,450
48.0,6,8,10,452
48.0,6,8,11,454
48.0,6,8,12,456
48.0,6,8,13,458
48.0,6,8,14,460
48.0,6,8,15,462
48.0,6,9,0,434
48.0,6,9,1,436
48.0,6,9,2,438
48.0,6,9,3,440
48.0,6,9,4,442
48.0,6,9,5,444
48.0,6,9,6,446
48.0,6,9,7,448
48.0,6,9,8,450
48.0,6,9,9,452
48.0,6,9,10,454
48.0,6,9,11,456
48.0,6,9,12,458
48.0,6,9,13,460
48.0,6,9,14,462
48.0,6,9,15,464
48.0,6,10,0,436
48.0,6,10,1,438
48.0,6,10,2,440
48.0,6,10,3,442
48.0,6,10,4,444
48.0,6,10,5,447
48.0,6,10,6,449
48.0,6,10,7,451
48.0,6,10,8,453
48.0,6,10,9,455
48.0,6,10,10,457
48.0,6,10,11,459
48.0,6,10,12,461
48.0,6,10,13,463
48.0,6,10,14,465
48.0,6,10,15,467
48.0,6,11,0,438
48.0,6,11,1,440
48.0,6,11,2,443
48.0,6,11,3,445
48.0,6,11,4,447
48.0,6,11,5,449
48.0,6,11,6,451
48.0,6,11,7,453
48.0,6,11,8,455
48.0,6,11,9,457
48.0,6,11,10,459
48.0,6,11,11,461
48.0,6,11,12,463
48.0,6,11,13,465
48.0,6,11,14,467
48.0,6,11,15,469
48.0,6,12,0,441
48.0,6,12,1,443
48.0,6,12,2,445
48.0,6,12,3,447
48.0,6,12,4,449
48.0,6,12,5,451
48.0,6,12,6,453
48.0,6,12,7,455
48.0,6,12,8,458
48.0,6,12,9,460
48.0,6,12,10,462
48.0,6,12,11,464
48.0,6,12,12,466
48.0,6,12,13,468
48.0,6,12,14,470
48.0,6,12,15,472
48.0,6,13,0,443
48.0,6,13,1,445
48.0,6,13,2,447
48.0,6,13,3,449
48.0,6,13,4,452
48.0,6,13,5,454
48.0,6,13,6,456
48.0,6,13,7,458
48.0,6,13,8,460
48.0,6,13,9,462
48.0,6,13,10,464
48.0,6,13,11,466
48.0,6,13,12,468
48.0,6,13,13,470
48.0,6,13,14,472
48.0,6,13,15,474
48.0,6,14,0,445
48.0,6,14,1,447
48.0,6,14,2,450
48.0,6,14,3,452
48.0,6,14,4,454
48.0,6,14,5,456
48.0,6,14,6,458
48.0,6,14,7,460
48.0,6,14,8,462
48.0,6,14,9,464
48.0,6,14,10,467
48.0,6,14,11,469
48.0,6,14,12,471
48.0,6,14,13,473
48.0,6,14,14,475
48.0,6,14,15,477
48.0,6,15,0,448
48.0,6,15,1,450
48.0,6,15,2,452
48.0,6,15,3,454
48.0,6,15,4,456
48.0,6,15,5,458
48.0,6,15,6,461
48.0,6,15,7,463
48.0,6,15,8,465
48.0,6,15,9,467
48.0,6,15,10,469
48.0,6,15,11,471
48.0,6,15,12,473
48.0,6,15,13,475
48.0,6,15,14,477
48.0,6,15,15,479
48.0,7,0,0,418
48.0,7,0,1,420
48.0,7,0,2,422
48.0,7,0,3,424
48.0,7,0,4,426
48.0,7,0,5,428
48.0,7,0,6,430
48.0,7,0,7,432
48.0,7,0,8,434
48.0,7,0,9,436
48.0,7,0,10,438
48.0,7,0,11,440
48.0,7,0,12,442
48.0,7,0,13,444
48.0,7,0,14,446
48.0,7,0,15,448
48.0,7,1,0,421
48.0,7,1,1,423
48.0,7,1,2,425
48.0,7,1,3,427
48.0,7,1,4,429
48.0,7,1,5,431
48.0,7,1,6,433
48.0,7,1,7,435
48.0,7,1,8,437
48.0,7,1,9,439
48.0,7,1,10,441
48.0,7,1,11,443
48.0,7,1,12,445
48.0,7,1,13,447
48.0,7,1,14,449
48.0,7,1,15,451
48.0,7,2,0,423
48.0,7,2,1,425
48.0,7,2,2,427
48.0,7,2,3,429
48.0,7,2,4,431
48.0,7,2,5,433
48.0,7,2,6,435
48.0,7,2,7,437
48.0,7,2,8,439
48.0,7,2,9,441
48.0,7,2,10,443
48.0,7,2,11,445
48.0,7,2,12,447
48.0,7,2,13,449
48.0,7,2,14,451
48.0,7,2,15,453
48.0,7,3,0,426
48.0,7,3,1,428
48.0,7,3,2,430
48.0,7,3,3,432
48.0,7,3,4,434
48.0,7,3,5,436
48.0,7,3,6,438
48.0,7,3,7,440
48.0,7,3,8,442
48.0,7,3,9,444
48.0,7,3,10,446
48.0,7,3,11,448
48.0,7,3,12,450
48.0,7,3,13,452
48.0,7,3,14,454
48.0,7,3,15,456
48.0,7,4,0,428
48.0,7,4,1,430
48.0,7,4,2,432
48.0,7,4,3,434
48.0,7,4,4,436
48.0,7,4,5,439
48.0,7,4,6,441
48.0,7,4,7,443
48.0,7,4,8,445
48.0,7,4,9,447
48.0,7,4,10,449
48.0,7,4,11,451
48.0,7,4,12,453
48.0,7,4,13,455
48.0,7,4,14,457
48.0,7,4,15,459
48.0,7,5,0,431
48.0,7,5,1,433
48.0,7,5,2,435
48.0,7,5,3,437
48.0,7,5,4,439
48.0,7,5,5,441
48.0,7,5,6,443
48.0,7,5,7,445
48.0,7,5,8,447
48.0,7,5,9,449
48.0,7,5,10,451
48.0,7,5,11,453
48.0,7,5,12,455
48.0,7,5,13,457
48.0,7,5,14,459
48.0,7,5,15,461
48.0,7,6,0,433
48.0,7,6,1,435
48.0,7,6,2,437
48.0,7,6,3,439
48.0,7,6,4,441
48.0,7,6,5,444
48.0,7,6,6,446
48.0,7,6,7,448
48.0,7,6,8,450
48.0,7,6,9,452
48.0,7,6,10,454
48.0,7,6,11,456
48.0,7,6,12,458
48.0,7,6,13,460
48.0,7,6,14,462
48.0,7,6,15,464
48.0,7,7,0,435
48.0,7,7,1,438
48.0,7,7,2,440
48.0,7,7,3,442
48.0,7,7,4,444
48.0,7,7,5,446
48.0,7,7,6,448
48.0,7,7,7,450
48.0,7,7,8,452
48.0,7,7,9,454
48.0,7,7,10,456
48.0,7,7,11,458
48.0,7,7,12,460
48.0,7,7,13,462
48.0,7,7,14,464
48.0,7,7,15,466
48.0,7,8,0,438
48.0,7,8,1,440
48.0,7,8,2,442
48.0,7,8,3,444
48.0,7,8,4,446
48.0,7,8,5,448
48.0,7,8,6,451
48.0,7,8,7,453
48.0,7,8,8,455
48.0,7,8,9,457
48.0,7,8,10,459
48.0,7,8,11,461
48.0,7,8,12,463
48.0,7,8,13,465
48.0,7,8,14,467
48.0,7,8,15,469
48.0,7,9,0,440
48.0,7,9,1,442
48.0,7,9,2,445
48.0,7,9,3,447
48.0,7,9,4,449
48.0,7,9,5,451
48.0,7,9,6,453
48.0,7,9,7,455
48.0,7,9,8,457
48.0,7,9,9,459
48.0,7,9,10,461
48.0,7,9,11,463
48.0,7,9,12,465
48.0,7,9,13,468
48.0,7,9,14,470
48.0,7,9,15,472
48.0,7,10,0,443
48.0,7,10,1,445
48.0,7,10,2,447
48.0,7,10,3,449
48.0,7,10,4,451
48.0,7,10,5,453
48.0,7,10,6,456
48.0,7,10,7,458
48.0,7,10,8,460
48.0,7,10,9,462
48.0,7,10,10,464
48.0,7,10,11,466
48.0,7,10,12,468
48.0,7,10,13,470
48.0,7,10,14,472
48.0,7,10,15,474
48.0,7,11,0,445
48.0,7,11,1,447
48.0,7,11,2,449
48.0,7,11,3,452
48.0,7,11,4,454
48.0,7,11,5,456
48.0,7,11,6,458
48.0,7,11,7,460
48.0,7,11,8,462
48.0,7,11,9,464
48.0,7,11,10,466
48.0,7,11,11,468
48.0,7,11,12,471
48.0,7,11,13,473
48.0,7,11,14,475
48.0,7,11,15,477
48.0,7,12,0,447
48.0,7,12,1,450
48.0,7,12,2,452
48.0,7,12,3,454
48.0,7,12,4,456
48.0,7,12,5,458
48.0,7,12,6,460
48.0,7,12,7,463
48.0,7,12,8,465
48.0,7,12,9,467
48.0,7,12,10,469
48.0,7,12,11,471
48.0,7,12,12,473
48.0,7,12,13,475
48.0,7,12,14,477
48.0,7,12,15,479
48.0,7,13,0,450
48.0,7,13,1,452
48.0,7,13,2,454
48.0,7,13,3,456
48.0,7,13,4,458
48.0,7,13,5,461
48.0,7,13,6,463
48.0,7,13,7,465
48.0,7,13,8,467
48.0,7,13,9,469
48.0,7,13,10,471
48.0,7,13,11,473
48.0,7,13,12,475
48.0,7,13,13,478
48.0,7,13,14,480
48.0,7,13,15,482
48.0,7,14,0,452
48.0,7,14,1,454
48.0,7,14,2,457
48.0,7,14,3,459
48.0,7,14,4,461
48.0,7,14,5,463
48.0,7,14,6,465
48.0,7,14,7,467
48.0,7,14,8,469
48.0,7,14,9,472
48.0,7,14,10,474
48.0,7,14,11,476
48.0,7,14,12,478
48.0,7,14,13,480
48.0,7,14,14,482
48.0,7,14,15,484
48.0,7,15,0,454
48.0,7,15,1,457
48.0,7,15,2,459
48.0,7,15,3,461
48.0,7,15,4,463
48.0,7,15,5,465
48.0,7,15,6,468
48.0,7,15,7,470
48.0,7,15,8,472
48.0,7,15,9,474
48.0,7,15,10,476
48.0,7,15,11,478
48.0,7,15,12,480
48.0,7,15,13,483
48.0,7,15,14,485
48.0,7,15,15,487
48.0,8,0,0,424
48.0,8,0,1,427
48.0,8,0,2,429
48.0,8,0,3,431
48.0,8,0,4,433
48.0,8,0,5,435
48.0,8,0,6,437
48.0,8,0,7,439
48.0,8,0,8,441
48.0,8,0,9,443
48.0,8,0,10,445
48.0,8,0,11,447
48.0,8,0,12,449
48.0,8,0,13,451
48.0,8,0,14,453
48.0,8,0,15,455
48.0,8,1,0,427
48.0,8,1,1,429
48.0,8,1,2,431
48.0,8,1,3,433
48.0,8,1,4,435
48.0,8,1,5,437
48.0,8,1,6,439
48.0,8,1,7,441
48.0,8,1,8,443
48.0,8,1,9,446
48.0,8,1,10,448
48.0,8,1,11,450
48.0,8,1,12,451
48.0,8,1,13,453
48.0,8,1,14,455
48.0,8,1,15,457
48.0,8,2,0,430
48.0,8,2,1,432
48.0,8,2,2,434
48.0,8,2,3,436
48.0,8,2,4,438
48.0,8,2,5,440
48.0,8,2,6,442
48.0,8,2,7,444
48.0,8,2,8,446
48.0,8,2,9,448
48.0,8,2,10,450
48.0,8,2,11,452
48.0,8,2,12,454
48.0,8,2,13,456
48.0,8,2,14,458
48.0,8,2,15,460
48.0,8,3,0,432
48.0,8,3,1,434
48.0,8,3,2,436
48.0,8,3,3,438
48.0,8,3,4,441
48.0,8,3,5,443
48.0,8,3,6,445
48.0,8,3,7,447
48.0,8,3,8,449
48.0,8,3,9,451
48.0,8,3,10,453
48.0,8,3,11,455
48.0,8,3,12,457
48.0,8,3,13,459
48.0,8,3,14,461
48.0,8,3,15,463
48.0,8,4,0,435
48.0,8,4,1,437
48.0,8,4,2,439
48.0,8,4,3,441
48.0,8,4,4,443
48.0,8,4,5,445
48.0,8,4,6,447
48.0,8,4,7,449
48.0,8,4,8,451
48.0,8,4,9,453
48.0,8,4,10,455
48.0,8,4,11,457
48.0,8,4,12,459
48.0,8,4,13,462
48.0,8,4,14,464
48.0,8,4,15,466
48.0,8,5,0,437
48.0,8,5,1,439
48.0,8,5,2,441
48.0,8,5,3,443
48.0,8,5,4,446
48.0,8,5,5,448
48.0,8,5,6,450
48.0,8,5,7,452
48.0,8,5,8,454
48.0,8,5,9,456
48.0,8,5,10,458
48.0,8,5,11,460
48.0,8,5,12,462
48.0,8,5,13,464
48.0,8,5,14,466
48.0,8,5,15,468
48.0,8,6,0,440
48.0,8,6,1,442
48.0,8,6,2,444
48.0,8,6,3,446
48.0,8,6,4,448
48.0,8,6,5,450
48.0,8,6,6,452
48.0,8,6,7,454
48.0,8,6,8,457
48.0,8,6,9,459
48.0,8,6,10,461
48.0,8,6,11,463
48.0,8,6,12,465
48.0,8,6,13,467
48.0,8,6,14,469
48.0,8,6,15,471
48.0,8,7,0,442
48.0,8,7,1,444
48.0,8,7,2,446
48.0,8,7,3,449
48.0,8,7,4,451
48.0,8,7,5,453
48.0,8,7,6,455
48.0,8,7,7,457
48.0,8,7,8,459
48.0,8,7,9,461
48.0,8,7,10,463
48.0,8,7,11,465
48.0,8,7,12,467
48.0,8,7,13,469
48.0,8,7,14,471
48.0,8,7,15,473
48.0,8,8,0,445
48.0,8,8,1,447
48.0,8,8,2,449
48.0,8,8,3,451
48.0,8,8,4,453
48.0,8,8,5,455
48.0,8,8,6,457
48.0,8,8,7,460
48.0,8,8,8,462
48.0,8,8,9,464
48.0,8,8,10,466
48.0,8,8,11,468
48.0,8,8,12,470
48.0,8,8,13,472
48.0,8,8,14,474
48.0,8,8,15,476
48.0,8,9,0,447
48.0,8,9,1,449
48.0,8,9,2,451
48.0,8,9,3,453
48.0,8,9,4,456
48.0,8,9,5,458
48.0,8,9,6,460
48.0,8,9,7,462
48.0,8,9,8,464
48.0,8,9,9,466
48.0,8,9,10,468
48.0,8,9,11,470
48.0,8,9,12,473
48.0,8,9,13,475
48.0,8,9,14,477
48.0,8,9,15,479
48.0,8,10,0,449
48.0,8,10,1,452
48.0,8,10,2,454
48.0,8,10,3,456
48.0,8,10,4,458
48.0,8,10,5,460
48.0,8,10,6,462
48.0,8,10,7,465
48.0,8,10,8,467
48.0,8,10,9,469
48.0,8,10,10,471
48.0,8,10,11,473
48.0,8,10,12,475
48.0,8,10,13,477
48.0,8,10,14,479
48.0,8,10,15,481
48.0,8,11,0,452
48.0,8,11,1,454
48.0,8,11,2,456
48.0,8,11,3,458
48.0,8,11,4,461
48.0,8,11,5,463
48.0,8,11,6,465
48.0,8,11,7,467
48.0,8,11,8,469
48.0,8,11,9,471
48.0,8,11,10,473
48.0,8,11,11,476
48.0,8,11,12,478
48.0,8,11,13,480
48.0,8,11,14,482
48.0,8,11,15,484
48.0,8,12,0,454
48.0,8,12,1,456
48.0,8,12,2,459
48.0,8,12,3,461
48.0,8,12,4,463
48.0,8,12,5,465
48.0,8,12,6,467
48.0,8,12,7,470
48.0,8,12,8,472
48.0,8,12,9,474
48.0,8,12,10,476
48.0,8,12,11,478
48.0,8,12,12,480
48.0,8,12,13,482
48.0,8,12,14,484
48.0,8,12,15,486
48.0,8,13,0,457
48.0,8,13,1,459
48.0,8,13,2,461
48.0,8,13,3,463
48.0,8,13,4,465
48.0,8,13,5,468
48.0,8,13,6,470
48.0,8,13,7,472
48.0,8,13,8,474
48.0,8,13,9,476
48.0,8,13,10,478
48.0,8,13,11,481
48.0,8,13,12,483
48.0,8,13,13,485
48.0,8,13,14,487
48.0,8,13,15,489
48.0,8,14,0,459
48.0,8,14,1,461
48.0,8,14,2,463
48.0,8,14,3,466
48.0,8,14,4,468
48.0,8,14,5,470
48.0,8,14,6,472
48.0,8,14,7,474
48.0,8,14,8,477
48.0,8,14,9,479
48.0,8,14,10,481
48.0,8,14,11,483
48.0,8,14,12,485
48.0,8,14,13,487
48.0,8,14,14,489
48.0,8,14,15,492
48.0,8,15,0,461
48.0,8,15,1,464
48.0,8,15,2,466
48.0,8,15,3,468
48.0,8,15,4,470
48.0,8,15,5,472
48.0,8,15,6,475
48.0,8,15,7,477
48.0,8,15,8,479
48.0,8,15,9,481
48.0,8,15,10,483
48.0,8,15,11,486
48.0,8,15,12,488
48.0,8,15,13,490
48.0,8,15,14,492
48.0,8,15,15,494
48.0,9,0,0,431
48.0,9,0,1,433
48.0,9,0,2,435
48.0,9,0,3,437
48.0,9,0,4,439
48.0,9,0,5,441
48.0,9,0,6,443
48.0,9,0,7,445
48.0,9,0,8,447
48.0,9,0,9,449
48.0,9,0,10,451
48.0,9,0,11,454
48.0,9,0,12,456
48.0,9,0,13,458
48.0,9,0,14,459
48.0,9,0,15,461
48.0,9,1,0,433
48.0,9,1,1,436
48.0,9,1,2,438
48.0,9,1,3,440
48.0,9,1,4,442
48.0,9,1,5,444
48.0,9,1,6,446
48.0,9,1,7,448
48.0,9,1,8,450
48.0,9,1,9,452
48.0,9,1,10,454
48.0,9,1,11,456
48.0,9,1,12,458
48.0,9,1,13,460
48.0,9,1,14,462
48.0,9,1,15,464
48.0,9,2,0,436
48.0,9,2,1,438
48.0,9,2,2,440
48.0,9,2,3,442
48.0,9,2,4,444
48.0,9,2,5,447
48.0,9,2,6,449
48.0,9,2,7,451
48.0,9,2,8,453
48.0,9,2,9,455
48.0,9,2,10,457
48.0,9,2,11,459
48.0,9,2,12,461
48.0,9,2,13,463
48.0,9,2,14,465
48.0,9,2,15,467
48.0,9,3,0,439
48.0,9,3,1,441
48.0,9,3,2,443
48.0,9,3,3,445
48.0,9,3,4,447
48.0,9,3,5,449
48.0,9,3,6,451
48.0,9,3,7,453
48.0,9,3,8,455
48.0,9,3,9,458
48.0,9,3,10,460
48.0,9,3,11,462
48.0,9,3,12,464
48.0,9,3,13,466
48.0,9,3,14,468
48.0,9,3,15,470
48.0,9,4,0,441
48.0,9,4,1,443
48.0,9,4,2,445
48.0,9,4,3,448
48.0,9,4,4,450
48.0,9,4,5,452
48.0,9,4,6,454
48.0,9,4,7,456
48.0,9,4,8,458
48.0,9,4,9,460
48.0,9,4,10,462
48.0,9,4,11,464
48.0,9,4,12,466
48.0,9,4,13,468
48.0,9,4,14,470
48.0,9,4,15,472
48.0,9,5,0,444
48.0,9,5,1,446
48.0,9,5,2,448
48.0,9,5,3,450
48.0,9,5,4,452
48.0,9,5,5,454
48.0,9,5,6,457
48.0,9,5,7,459
48.0,9,5,8,461
48.0,9,5,9,463
48.0,9,5,10,465
48.0,9,5,11,467
48.0,9,5,12,469
48.0,9,5,13,471
48.0,9,5,14,473
48.0,9,5,15,475
48.0,9,6,0,446
48.0,9,6,1,448
48.0,9,6,2,451
48.0,9,6,3,453
48.0,9,6,4,455
48.0,9,6,5,457
48.0,9,6,6,459
48.0,9,6,7,461
48.0,9,6,8,463
48.0,9,6,9,465
48.0,9,6,10,468
48.0,9,6,11,470
48.0,9,6,12,472
48.0,9,6,13,474
48.0,9,6,14,476
48.0,9,6,15,478
48.0,9,7,0,449
48.0,9,7,1,451
48.0,9,7,2,453
48.0,9,7,3,455
48.0,9,7,4,457
48.0,9,7,5,460
48.0,9,7,6,462
48.0,9,7,7,464
48.0,9,7,8,466
48.0,9,7,9,468
48.0,9,7,10,470
48.0,9,7,11,472
48.0,9,7,12,474
48.0,9,7,13,476
48.0,9,7,14,478
48.0,9,7,15,481
48.0,9,8,0,451
48.0,9,8,1,453
48.0,9,8,2,456
48.0,9,8,3,458
48.0,9,8,4,460
48.0,9,8,5,462
48.0,9,8,6,464
48.0,9,8,7,466
48.0,9,8,8,469
48.0,9,8,9,471
48.0,9,8,10,473
48.0,9,8,11,475
48.0,9,8,12,477
48.0,9,8,13,479
48.0,9,8,14,481
48.0,9,8,15,483
48.0,9,9,0,454
48.0,9,9,1,456
48.0,9,9,2,458
48.0,9,9,3,460
48.0,9,9,4,462
48.0,9,9,5,465
48.0,9,9,6,467
48.0,9,9,7,469
48.0,9,9,8,471
48.0,9,9,9,473
48.0,9,9,10,475
48.0,9,9,11,477
48.0,9,9,12,480
48.0,9,9,13,482
48.0,9,9,14,484
48.0,9,9,15,486
48.0,9,10,0,456
48.0,9,10,1,458
48.0,9,10,2,461
48.0,9,10,3,463
48.0,9,10,4,465
48.0,9,10,5,467
48.0,9,10,6,469
48.0,9,10,7,471
48.0,9,10,8,474
48.0,9,10,9,476
48.0,9,10,10,478
48.0,9,10,11,480
48.0,9,10,12,482
48.0,9,10,13,484
48.0,9,10,14,486
48.0,9,10,15,489
48.0,9,11,0,459
48.0,9,11,1,461
48.0,9,11,2,463
48.0,9,11,3,465
48.0,9,11,4,467
48.0,9,11,5,470
48.0,9,11,6,472
48.0,9,11,7,474
48.0,9,11,8,476
48.0,9,11,9,478
48.0,9,11,10,481
48.0,9,11,11,483
48.0,9,11,12,485
48.0,9,11,13,487
48.0,9,11,14,489
48.0,9,11,15,491
48.0,9,12,0,461
48.0,9,12,1,463
48.0,9,12,2,465
48.0,9,12,3,468
48.0,9,12,4,470
48.0,9,12,5,472
48.0,9,12,6,474
48.0,9,12,7,477
48.0,9,12,8,479
48.0,9,12,9,481
48.0,9,12,10,483
48.0,9,12,11,485
48.0,9,12,12,487
48.0,9,12,13,489
48.0,9,12,14,492
48.0,9,12,15,494
48.0,9,13,0,463
48.0,9,13,1,466
48.0,9,13,2,468
48.0,9,13,3,470
48.0,9,13,4,472
48.0,9,13,5,475
48.0,9,13,6,477
48.0,9,13,7,479
48.0,9,13,8,481
48.0,9,13,9,483
48.0,9,13,10,486
48.0,9,13,11,488
48.0,9,13,12,490
48.0,9,13,13,492
48.0,9,13,14,494
48.0,9,13,15,496
48.0,9,14,0,466
48.0,9,14,1,468
48.0,9,14,2,470
48.0,9,14,3,473
48.0,9,14,4,475
48.0,9,14,5,477
48.0,9,14,6,479
48.0,9,14,7,482
48.0,9,14,8,484
48.0,9,14,9,486
48.0,9,14,10,488
48.0,9,14,11,490
48.0,9,14,12,492
48.0,9,14,13,495
48.0,9,14,14,497
48.0,9,14,15,499
48.0,9,15,0,468
48.0,9,15,1,470
48.0,9,15,2,473
48.0,9,15,3,475
48.0,9,15,4,477
48.0,9,15,5,480
48.0,9,15,6,482
48.0,9,15,7,484
48.0,9,15,8,486
48.0,9,15,9,488
48.0,9,15,10,491
48.0,9,15,11,493
48.0,9,15,12,495
48.0,9,15,13,497
48.0,9,15,14,499
48.0,9,15,15,501
48.0,10,0,0,437
48.0,10,0,1,439
48.0,10,0,2,441
48.0,10,0,3,444
48.0,10,0,4,446
48.0,10,0,5,448
48.0,10,0,6,450
48.0,10,0,7,452
48.0,10,0,8,454
48.0,10,0,9,456
48.0,10,0,10,458
48.0,10,0,11,460
48.0,10,0,12,462
48.0,10,0,13,464
48.0,10,0,14,466
48.0,10,0,15,468
48.0,10,1,0,440
48.0,10,1,1,442
48.0,10,1,2,444
48.0,10,1,3,446
48.0,10,1,4,448
48.0,10,1,5,450
48.0,10,1,6,453
48.0,10,1,7,455
48.0,10,1,8,457
48.0,10,1,9,459
48.0,10,1,10,461
48.0,10,1,11,463
48.0,10,1,12,465
48.0,10,1,13,467
48.0,10,1,14,469
48.0,10,1,15,471
48.0,10,2,0,442
48.0,10,2,1,445
48.0,10,2,2,447
48.0,10,2,3,449
48.0,10,2,4,451
48.0,10,2,5,453
48.0,10,2,6,455
48.0,10,2,7,457
48.0,10,2,8,459
48.0,10,2,9,462
48.0,10,2,10,464
48.0,10,2,11,466
48.0,10,2,12,468
48.0,10,2,13,470
48.0,10,2,14,472
48.0,10,2,15,474
48.0,10,3,0,445
48.0,10,3,1,447
48.0,10,3,2,449
48.0,10,3,3,452
48.0,10,3,4,454
48.0,10,3,5,456
48.0,10,3,6,458
48.0,10,3,7,460
48.0,10,3,8,462
48.0,10,3,9,464
48.0,10,3,10,466
48.0,10,3,11,468
48.0,10,3,12,470
48.0,10,3,13,473
48.0,10,3,14,475
48.0,10,3,15,477
48.0,10,4,0,448
48.0,10,4,1,450
48.0,10,4,2,452
48.0,10,4,3,454
48.0,10,4,4,456
48.0,10,4,5,458
48.0,10,4,6,461
48.0,10,4,7,463
48.0,10,4,8,465
48.0,10,4,9,467
48.0,10,4,10,469
48.0,10,4,11,471
48.0,10,4,12,473
48.0,10,4,13,475
48.0,10,4,14,477
48.0,10,4,15,479
48.0,10,5,0,450
48.0,10,5,1,452
48.0,10,5,2,455
48.0,10,5,3,457
48.0,10,5,4,459
48.0,10,5,5,461
48.0,10,5,6,463
48.0,10,5,7,465
48.0,10,5,8,468
48.0,10,5,9,470
48.0,10,5,10,472
48.0,10,5,11,474
48.0,10,5,12,476
48.0,10,5,13,478
48.0,10,5,14,480
48.0,10,5,15,482
48.0,10,6,0,453
48.0,10,6,1,455
48.0,10,6,2,457
48.0,10,6,3,459
48.0,10,6,4,462
48.0,10,6,5,464
48.0,10,6,6,466
48.0,10,6,7,468
48.0,10,6,8,470
48.0,10,6,9,472
48.0,10,6,10,474
48.0,10,6,11,477
48.0,10,6,12,479
48.0,10,6,13,481
48.0,10,6,14,483
48.0,10,6,15,485
48.0,10,7,0,455
48.0,10,7,1,457
48.0,10,7,2,460
48.0,10,7,3,462
48.0,10,7,4,464
48.0,10,7,5,466
48.0,10,7,6,468
48.0,10,7,7,471
48.0,10,7,8,473
48.0,10,7,9,475
48.0,10,7,10,477
48.0,10,7,11,479
48.0,10,7,12,481
48.0,10,7,13,483
48.0,10,7,14,486
48.0,10,7,15,488
48.0,10,8,0,458
48.0,10,8,1,460
48.0,10,8,2,462
48.0,10,8,3,464
48.0,10,8,4,467
48.0,10,8,5,469
48.0,10,8,6,471
48.0,10,8,7,473
48.0,10,8,8,475
48.0,10,8,9,478
48.0,10,8,10,480
48.0,10,8,11,482
48.0,10,8,12,484
48.0,10,8,13,486
48.0,10,8,14,488
48.0,10,8,15,490
48.0,10,9,0,460
48.0,10,9,1,463
48.0,10,9,2,465
48.0,10,9,3,467
48.0,10,9,4,469
48.0,10,9,5,471
48.0,10,9,6,474
48.0,10,9,7,476
48.0,10,9,8,478
48.0,10,9,9,480
48.0,10,9,10,482
48.0,10,9,11,485
48.0,10,9,12,487
48.0,10,9,13,489
48.0,10,9,14,491
48.0,10,9,15,493
48.0,10,10,0,463
48.0,10,10,1,465
48.0,10,10,2,467
48.0,10,10,3,470
48.0,10,10,4,472
48.0,10,10,5,474
48.0,10,10,6,476
48.0,10,10,7,478
48.0,10,10,8,481
48.0,10,10,9,483
48.0,10,10,10,485
48.0,10,10,11,487
48.0,10,10,12,489
48.0,10,10,13,491
48.0,10,10,14,494
48.0,10,10,15,496
48.0,10,11,0,465
48.0,10,11,1,468
48.0,10,11,2,470
48.0,10,11,3,472
48.0,10,11,4,474
48.0,10,11,5,477
48.0,10,11,6,479
48.0,10,11,7,481
48.0,10,11,8,483
48.0,10,11,9,485
48.0,10,11,10,488
48.0,10,11,11,490
48.0,10,11,12,492
48.0,10,11,13,494
48.0,10,11,14,496
48.0,10,11,15,498
48.0,10,12,0,468
48.0,10,12,1,470
48.0,10,12,2,472
48.0,10,12,3,475
48.0,10,12,4,477
48.0,10,12,5,479
48.0,10,12,6,481
48.0,10,12,7,484
48.0,10,12,8,486
48.0,10,12,9,488
48.0,10,12,10,490
48.0,10,12,11,492
48.0,10,12,12,495
48.0,10,12,13,497
48.0,10,12,14,499
48.0,10,12,15,501
48.0,10,13,0,470
48.0,10,13,1,473
48.0,10,13,2,475
48.0,10,13,3,477
48.0,10,13,4,479
48.0,10,13,5,482
48.0,10,13,6,484
48.0,10,13,7,486
48.0,10,13,8,488
48.0,10,13,9,491
48.0,10,13,10,493
48.0,10,13,11,495
48.0,10,13,12,497
48.0,10,13,13,499
48.0,10,13,14,501
48.0,10,13,15,504
48.0,10,14,0,473
48.0,10,14,1,475
48.0,10,14,2,477
48.0,10,14,3,480
48.0,10,14,4,482
48.0,10,14,5,484
48.0,10,14,6,486
48.0,10,14,7,489
48.0,10,14,8,491
48.0,10,14,9,493
48.0,10,14,10,495
48.0,10,14,11,498
48.0,10,14,12,500
48.0,10,14,13,502
48.0,10,14,14,504
48.0,10,14,15,506
48.0,10,15,0,475
48.0,10,15,1,477
48.0,10,15,2,480
48.0,10,15,3,482
48.0,10,15,4,484
48.0,10,15,5,487
48.0,10,15,6,489
48.0,10,15,7,491
48.0,10,15,8,493
48.0,10,15,9,496
48.0,10,15,10,498
48.0,10,15,11,500
48.0,10,15,12,502
48.0,10,15,13,504
48.0,10,15,14,507
48.0,10,15,15,509
48.0,11,0,0,444
48.0,11,0,1,446
48.0,11,0,2,448
48.0,11,0,3,450
48.0,11,0,4,452
48.0,11,0,5,454
48.0,11,0,6,456
48.0,11,0,7,459
48.0,11,0,8,461
48.0,11,0,9,463
48.0,11,0,10,465
48.0,11,0,11,467
48.0,11,0,12,469
48.0,11,0,13,471
48.0,11,0,14,473
48.0,11,0,15,475
48.0,11,1,0,446
48.0,11,1,1,448
48.0,11,1,2,451
48.0,11,1,3,453
48.0,11,1,4,455
48.0,11,1,5,457
48.0,11,1,6,459
48.0,11,1,7,461
48.0,11,1,8,463
48.0,11,1,9,465
48.0,11,1,10,468
48.0,11,1,11,470
48.0,11,1,12,472
48.0,11,1,13,474
48.0,11,1,14,476
48.0,11,1,15,478
48.0,11,2,0,449
48.0,11,2,1,451
48.0,11,2,2,453
48.0,11,2,3,455
48.0,11,2,4,458
48.0,11,2,5,460
48.0,11,2,6,462
48.0,11,2,7,464
48.0,11,2,8,466
48.0,11,2,9,468
48.0,11,2,10,470
48.0,11,2,11,472
48.0,11,2,12,475
48.0,11,2,13,477
48.0,11,2,14,479
48.0,11,2,15,481
48.0,11,3,0,451
48.0,11,3,1,454
48.0,11,3,2,456
48.0,11,3,3,458
48.0,11,3,4,460
48.0,11,3,5,462
48.0,11,3,6,465
48.0,11,3,7,467
48.0,11,3,8,469
48.0,11,3,9,471
48.0,11,3,10,473
48.0,11,3,11,475
48.0,11,3,12,477
48.0,11,3,13,479
48.0,11,3,14,481
48.0,11,3,15,484
48.0,11,4,0,454
48.0,11,4,1,456
48.0,11,4,2,459
48.0,11,4,3,461
48.0,11,4,4,463
48.0,11,4,5,465
48.0,11,4,6,467
48.0,11,4,7,469
48.0,11,4,8,472
48.0,11,4,9,474
48.0,11,4,10,476
48.0,11,4,11,478
48.0,11,4,12,480
48.0,11,4,13,482
48.0,11,4,14,484
48.0,11,4,15,486
48.0,11,5,0,457
48.0,11,5,1,459
48.0,11,5,2,461
48.0,11,5,3,463
48.0,11,5,4,466
48.0,11,5,5,468
48.0,11,5,6,470
48.0,11,5,7,472
48.0,11,5,8,474
48.0,11,5,9,476
48.0,11,5,10,479
48.0,11,5,11,481
48.0,11,5,12,483
48.0,11,5,13,485
48.0,11,5,14,487
48.0,11,5,15,489
48.0,11,6,0,459
48.0,11,6,1,462
48.0,11,6,2,464
48.0,11,6,3,466
48.0,11,6,4,468
48.0,11,6,5,470
48.0,11,6,6,473
48.0,11,6,7,475
48.0,11,6,8,477
48.0,11,6,9,479
48.0,11,6,10,481
48.0,11,6,11,483
48.0,11,6,12,486
48.0,11,6,13,488
48.0,11,6,14,490
48.0,11,6,15,492
48.0,11,7,0,462
48.0,11,7,1,464
48.0,11,7,2,466
48.0,11,7,3,469
48.0,11,7,4,471
48.0,11,7,5,473
48.0,11,7,6,475
48.0,11,7,7,477
48.0,11,7,8,480
48.0,11,7,9,482
48.0,11,7,10,484
48.0,11,7,11,486
48.0,11,7,12,488
48.0,11,7,13,490
48.0,11,7,14,493
48.0,11,7,15,495
48.0,11,8,0,464
48.0,11,8,1,467
48.0,11,8,2,469
48.0,11,8,3,471
48.0,11,8,4,473
48.0,11,8,5,476
48.0,11,8,6,478
48.0,11,8,7,480
48.0,11,8,8,482
48.0,11,8,9,485
48.0,11,8,10,487
48.0,11,8,11,489
48.0,11,8,12,491
48.0,11,8,13,493
48.0,11,8,14,495
48.0,11,8,15,497
48.0,11,9,0,467
48.0,11,9,1,469
48.0,11,9,2,472
48.0,11,9,3,474
48.0,11,9,4,476
48.0,11,9,5,478
48.0,11,9,6,481
48.0,11,9,7,483
48.0,11,9,8,485
48.0,11,9,9,487
48.0,11,9,10,489
48.0,11,9,11,492
48.0,11,9,12,494
48.0,11,9,13,496
48.0,11,9,14,498
48.0,11,9,15,500
48.0,11,10,0,470
48.0,11,10,1,472
48.0,11,10,2,474
48.0,11,10,3,476
48.0,11,10,4,479
48.0,11,10,5,481
48.0,11,10,6,483
48.0,11,10,7,485
48.0,11,10,8,488
48.0,11,10,9,490
48.0,11,10,10,492
48.0,11,10,11,494
48.0,11,10,12,496
48.0,11,10,13,499
48.0,11,10,14,501
48.0,11,10,15,503
48.0,11,11,0,472
48.0,11,11,1,474
48.0,11,11,2,477
48.0,11,11,3,479
48.0,11,11,4,481
48.0,11,11,5,483
48.0,11,11,6,486
48.0,11,11,7,488
48.0,11,11,8,490
48.0,11,11,9,492
48.0,11,11,10,495
48.0,11,11,11,497
48.0,11,11,12,499
48.0,11,11,13,501
48.0,11,11,14,503
48.0,11,11,15,506
48.0,11,12,0,475
48.0,11,12,1,477
48.0,11,12,2,479
48.0,11,12,3,481
48.0,11,12,4,484
48.0,11,12,5,486
48.0,11,12,6,488
48.0,11,12,7,491
48.0,11,12,8,493
48.0,11,12,9,495
48.0,11,12,10,497
48.0,11,12,11,499
48.0,11,12,12,502
48.0,11,12,13,504
48.0,11,12,14,506
48.0,11,12,15,508
48.0,11,13,0,477
48.0,11,13,1,479
48.0,11,13,2,482
48.0,11,13,3,484
48.0,11,13,4,486
48.0,11,13,5,489
48.0,11,13,6,491
48.0,11,13,7,493
48.0,11,13,8,495
48.0,11,13,9,498
48.0,11,13,10,500
48.0,11,13,11,502
48.0,11,13,12,504
48.0,11,13,13,507
48.0,11,13,14,509
48.0,11,13,15,511
48.0,11,14,0,480
48.0,11,14,1,482
48.0,11,14,2,484
48.0,11,14,3,487
48.0,11,14,4,489
48.0,11,14,5,491
48.0,11,14,6,493
48.0,11,14,7,496
48.0,11,14,8,498
48.0,11,14,9,500
48.0,11,14,10,502
48.0,11,14,11,505
48.0,11,14,12,507
48.0,11,14,13,509
48.0,11,14,14,511
48.0,11,14,15,514
48.0,11,15,0,482
48.0,11,15,1,484
48.0,11,15,2,487
48.0,11,15,3,489
48.0,11,15,4,491
48.0,11,15,5,494
48.0,11,15,6,496
48.0,11,15,7,498
48.0,11,15,8,501
48.0,11,15,9,503
48.0,11,15,10,505
48.0,11,15,11,507
48.0,11,15,12,510
48.0,11,15,13,512
48.0,11,15,14,514
48.0,11,15,15,516
48.0,12,0,0,450
48.0,12,0,1,452
48.0,12,0,2,454
48.0,12,0,3,456
48.0,12,0,4,459
48.0,12,0,5,461
48.0,12,0,6,463
48.0,12,0,7,465
48.0,12,0,8,467
48.0,12,0,9,469
48.0,12,0,10,471
48.0,12,0,11,474
48.0,12,0,12,476
48.0,12,0,13,478
48.0,12,0,14,480
48.0,12,0,15,482
48.0,12,1,0,453
48.0,12,1,1,455
48.0,12,1,2,457
48.0,12,1,3,459
48.0,12,1,4,461
48.0,12,1,5,464
48.0,12,1,6,466
48.0,12,1,7,468
48.0,12,1,8,470
48.0,12,1,9,472
48.0,12,1,10,474
48.0,12,1,11,476
48.0,12,1,12,478
48.0,12,1,13,481
48.0,12,1,14,483
48.0,12,1,15,485
48.0,12,2,0,455
48.0,12,2,1,457
48.0,12,2,2,460
48.0,12,2,3,462
48.0,12,2,4,464
48.0,12,2,5,466
48.0,12,2,6,468
48.0,12,2,7,471
48.0,12,2,8,473
48.0,12,2,9,475
48.0,12,2,10,477
48.0,12,2,11,479
48.0,12,2,12,481
48.0,12,2,13,483
48.0,12,2,14,486
48.0,12,2,15,488
48.0,12,3,0,458
48.0,12,3,1,460
48.0,12,3,2,462
48.0,12,3,3,465
48.0,12,3,4,467
48.0,12,3,5,469
48.0,12,3,6,471
48.0,12,3,7,473
48.0,12,3,8,476
48.0,12,3,9,478
48.0,12,3,10,480
48.0,12,3,11,482
48.0,12,3,12,484
48.0,12,3,13,486
48.0,12,3,14,488
48.0,12,3,15,490
48.0,12,4,0,461
48.0,12,4,1,463
48.0,12,4,2,465
48.0,12,4,3,467
48.0,12,4,4,470
48.0,12,4,5,472
48.0,12,4,6,474
48.0,12,4,7,476
48.0,12,4,8,478
48.0,12,4,9,481
48.0,12,4,10,483
48.0,12,4,11,485
48.0,12,4,12,487
48.0,12,4,13,489
48.0,12,4,14,491
48.0,12,4,15,493
48.0,12,5,0,463
48.0,12,5,1,466
48.0,12,5,2,468
48.0,12,5,3,470
48.0,12,5,4,472
48.0,12,5,5,474
48.0,12,5,6,477
48.0,12,5,7,479
48.0,12,5,8,481
48.0,12,5,9,483
48.0,12,5,10,485
48.0,12,5,11,488
48.0,12,5,12,490
48.0,12,5,13,492
48.0,12,5,14,494
48.0,12,5,15,496
48.0,12,6,0,466
48.0,12,6,1,468
48.0,12,6,2,470
48.0,12,6,3,473
48.0,12,6,4,475
48.0,12,6,5,477
48.0,12,6,6,479
48.0,12,6,7,482
48.0,12,6,8,484
48.0,12,6,9,486
48.0,12,6,10,488
48.0,12,6,11,490
48.0,12,6,12,493
48.0,12,6,13,495
48.0,12,6,14,497
48.0,12,6,15,499
48.0,12,7,0,468
48.0,12,7,1,471
48.0,12,7,2,473
48.0,12,7,3,475
48.0,12,7,4,478
48.0,12,7,5,480
48.0,12,7,6,482
48.0,12,7,7,484
48.0,12,7,8,487
48.0,12,7,9,489
48.0,12,7,10,491
48.0,12,7,11,493
48.0,12,7,12,495
48.0,12,7,13,497
48.0,12,7,14,500
48.0,12,7,15,502
48.0,12,8,0,471
48.0,12,8,1,473
48.0,12,8,2,476
48.0,12,8,3,478
48.0,12,8,4,480
48.0,12,8,5,482
48.0,12,8,6,485
48.0,12,8,7,487
48.0,12,8,8,489
48.0,12,8,9,491
48.0,12,8,10,494
48.0,12,8,11,496
48.0,12,8,12,498
48.0,12,8,13,500
48.0,12,8,14,502
48.0,12,8,15,505
48.0,12,9,0,474
48.0,12,9,1,476
48.0,12,9,2,478
48.0,12,9,3,481
48.0,12,9,4,483
48.0,12,9,5,485
48.0,12,9,6,487
48.0,12,9,7,490
48.0,12,9,8,492
48.0,12,9,9,494
48.0,12,9,10,496
48.0,12,9,11,499
48.0,12,9,12,501
48.0,12,9,13,503
48.0,12,9,14,505
48.0,12,9,15,507
48.0,12,10,0,476
48.0,12,10,1,479
48.0,12,10,2,481
48.0,12,10,3,483
48.0,12,10,4,485
48.0,12,10,5,488
48.0,12,10,6,490
48.0,12,10,7,492
48.0,12,10,8,495
48.0,12,10,9,497
48.0,12,10,10,499
48.0,12,10,11,501
48.0,12,10,12,503
48.0,12,10,13,506
48.0,12,10,14,508
48.0,12,10,15,510
48.0,12,11,0,479
48.0,12,11,1,481
48.0,12,11,2,483
48.0,12,11,3,486
48.0,12,11,4,488
48.0,12,11,5,490
48.0,12,11,6,493
48.0,12,11,7,495
48.0,12,11,8,497
48.0,12,11,9,499
48.0,12,11,10,502
48.0,12,11,11,504
48.0,12,11,12,506
48.0,12,11,13,508
48.0,12,11,14,511
48.0,12,11,15,513
48.0,12,12,0,481
48.0,12,12,1,484
48.0,12,12,2,486
48.0,12,12,3,488
48.0,12,12,4,491
48.0,12,12,5,493
48.0,12,12,6,495
48.0,12,12,7,498
48.0,12,12,8,500
48.0,12,12,9,502
48.0,12,12,10,504
48.0,12,12,11,507
48.0,12,12,12,509
48.0,12,12,13,511
48.0,12,12,14,513
48.0,12,12,15,516
48.0,12,13,0,484
48.0,12,13,1,486
48.0,12,13,2,489
48.0,12,13,3,491
48.0,12,13,4,493
48.0,12,13,5,496
48.0,12,13,6,498
48.0,12,13,7,500
48.0,12,13,8,502
48.0,12,13,9,505
48.0,12,13,10,507
48.0,12,13,11,509
48.0,12,13,12,512
48.0,12,13,13,514
48.0,12,13,14,516
48.0,12,13,15,518
48.0,12,14,0,486
48.0,12,14,1,489
48.0,12,14,2,491
48.0,12,14,3,493
48.0,12,14,4,496
48.0,12,14,5,498
48.0,12,14,6,500
48.0,12,14,7,503
48.0,12,14,8,505
48.0,12,14,9,507
48.0,12,14,10,510
48.0,12,14,11,512
48.0,12,14,12,514
48.0,12,14,13,516
48.0,12,14,14,519
48.0,12,14,15,521
48.0,12,15,0,489
48.0,12,15,1,491
48.0,12,15,2,494
48.0,12,15,3,496
48.0,12,15,4,498
48.0,12,15,5,501
48.0,12,15,6,503
48.0,12,15,7,505
48.0,12,15,8,508
48.0,12,15,9,510
48.0,12,15,10,512
48.0,12,15,11,515
48.0,12,15,12,517
48.0,12,15,13,519
48.0,12,15,14,521
48.0,12,15,15,524
48.0,13,0,0,456
48.0,13,0,1,458
48.0,13,0,2,461
48.0,13,0,3,463
48.0,13,0,4,465
48.0,13,0,5,467
48.0,13,0,6,469
48.0,13,0,7,472
48.0,13,0,8,474
48.0,13,0,9,476
48.0,13,0,10,478
48.0,13,0,11,480
48.0,13,0,12,482
48.0,13,0,13,484
48.0,13,0,14,487
48.0,13,0,15,489
48.0,13,1,0,459
48.0,13,1,1,461
48.0,13,1,2,463
48.0,13,1,3,466
48.0,13,1,4,468
48.0,13,1,5,470
48.0,13,1,6,472
48.0,13,1,7,474
48.0,13,1,8,477
48.0,13,1,9,479
48.0,13,1,10,481
48.0,13,1,11,483
48.0,13,1,12,485
48.0,13,1,13,487
48.0,13,1,14,489
48.0,13,1,15,492
48.0,13,2,0,462
48.0,13,2,1,464
48.0,13,2,2,466
48.0,13,2,3,468
48.0,13,2,4,471
48.0,13,2,5,473
48.0,13,2,6,475
48.0,13,2,7,477
48.0,13,2,8,479
48.0,13,2,9,482
48.0,13,2,10,484
48.0,13,2,11,486
48.0,13,2,12,488
48.0,13,2,13,490
48.0,13,2,14,492
48.0,13,2,15,494
48.0,13,3,0,464
48.0,13,3,1,467
48.0,13,3,2,469
48.0,13,3,3,471
48.0,13,3,4,473
48.0,13,3,5,476
48.0,13,3,6,478
48.0,13,3,7,480
48.0,13,3,8,482
48.0,13,3,9,484
48.0,13,3,10,487
48.0,13,3,11,489
48.0,13,3,12,491
48.0,13,3,13,493
48.0,13,3,14,495
48.0,13,3,15,497
48.0,13,4,0,467
48.0,13,4,1,469
48.0,13,4,2,472
48.0,13,4,3,474
48.0,13,4,4,476
48.0,13,4,5,478
48.0,13,4,6,481
48.0,13,4,7,483
48.0,13,4,8,485
48.0,13,4,9,487
48.0,13,4,10,489
48.0,13,4,11,492
48.0,13,4,12,494
48.0,13,4,13,496
48.0,13,4,14,498
48.0,13,4,15,500
48.0,13,5,0,470
48.0,13,5,1,472
48.0,13,5,2,474
48.0,13,5,3,477
48.0,13,5,4,479
48.0,13,5,5,481
48.0,13,5,6,483
48.0,13,5,7,486
48.0,13,5,8,488
48.0,13,5,9,490
48.0,13,5,10,492
48.0,13,5,11,494
48.0,13,5,12,497
48.0,13,5,13,499
48.0,13,5,14,501
48.0,13,5,15,503
48.0,13,6,0,472
48.0,13,6,1,475
48.0,13,6,2,477
48.0,13,6,3,479
48.0,13,6,4,482
48.0,13,6,5,484
48.0,13,6,6,486
48.0,13,6,7,488
48.0,13,6,8,491
48.0,13,6,9,493
48.0,13,6,10,495
48.0,13,6,11,497
48.0,13,6,12,499
48.0,13,6,13,502
48.0,13,6,14,504
48.0,13,6,15,506
48.0,13,7,0,475
48.0,13,7,1,477
48.0,13,7,2,480
48.0,13,7,3,482
48.0,13,7,4,484
48.0,13,7,5,487
48.0,13,7,6,489
48.0,13,7,7,491
48.0,13,7,8,493
48.0,13,7,9,496
48.0,13,7,10,498
48.0,13,7,11,500
48.0,13,7,12,502
48.0,13,7,13,504
48.0,13,7,14,507
48.0,13,7,15,509
48.0,13,8,0,478
48.0,13,8,1,480
48.0,13,8,2,482
48.0,13,8,3,485
48.0,13,8,4,487
48.0,13,8,5,489
48.0,13,8,6,492
48.0,13,8,7,494
48.0,13,8,8,496
48.0,13,8,9,498
48.0,13,8,10,501
48.0,13,8,11,503
48.0,13,8,12,505
48.0,13,8,13,507
48.0,13,8,14,509
48.0,13,8,15,512
48.0,13,9,0,480
48.0,13,9,1,483
48.0,13,9,2,485
48.0,13,9,3,487
48.0,13,9,4,490
48.0,13,9,5,492
48.0,13,9,6,494
48.0,13,9,7,497
48.0,13,9,8,499
48.0,13,9,9,501
48.0,13,9,10,503
48.0,13,9,11,506
48.0,13,9,12,508
48.0,13,9,13,510
48.0,13,9,14,512
48.0,13,9,15,514
48.0,13,10,0,483
48.0,13,10,1,485
48.0,13,10,2,488
48.0,13,10,3,490
48.0,13,10,4,492
48.0,13,10,5,495
48.0,13,10,6,497
48.0,13,10,7,499
48.0,13,10,8,502
48.0,13,10,9,504
48.0,13,10,10,506
48.0,13,10,11,508
48.0,13,10,12,511
48.0,13,10,13,513
48.0,13,10,14,515
48.0,13,10,15,517
48.0,13,11,0,486
48.0,13,11,1,488
48.0,13,11,2,490
48.0,13,11,3,493
48.0,13,11,4,495
48.0,13,11,5,497
48.0,13,11,6,500
48.0,13,11,7,502
48.0,13,11,8,504
48.0,13,11,9,507
48.0,13,11,10,509
48.0,13,11,11,511
48.0,13,11,12,513
48.0,13,11,13,516
48.0,13,11,14,518
48.0,13,11,15,520
48.0,13,12,0,488
48.0,13,12,1,491
48.0,13,12,2,493
48.0,13,12,3,495
48.0,13,12,4,498
48.0,13,12,5,500
48.0,13,12,6,502
48.0,13,12,7,505
48.0,13,12,8,507
48.0,13,12,9,509
48.0,13,12,10,512
48.0,13,12,11,514
48.0,13,12,12,516
48.0,13,12,13,518
48.0,13,12,14,521
48.0,13,12,15,523
48.0,13,13,0,491
48.0,13,13,1,493
48.0,13,13,2,495
48.0,13,13,3,498
48.0,13,13,4,500
48.0,13,13,5,503
48.0,13,13,6,505
48.0,13,13,7,507
48.0,13,13,8,510
48.0,13,13,9,512
48.0,13,13,10,514
48.0,13,13,11,516
48.0,13,13,12,519
48.0,13,13,13,521
48.0,13,13,14,523
48.0,13,13,15,526
48.0,13,14,0,493
48.0,13,14,1,496
48.0,13,14,2,498
48.0,13,14,3,500
48.0,13,14,4,503
48.0,13,14,5,505
48.0,13,14,6,508
48.0,13,14,7,510
48.0,13,14,8,512
48.0,13,14,9,515
48.0,13,14,10,517
48.0,13,14,11,519
48.0,13,14,12,521
48.0,13,14,13,524
48.0,13,14,14,526
48.0,13,14,15,528
48.0,13,15,0,496
48.0,13,15,1,498
48.0,13,15,2,501
48.0,13,15,3,503
48.0,13,15,4,505
48.0,13,15,5,508
48.0,13,15,6,510
48.0,13,15,7,513
48.0,13,15,8,515
48.0,13,15,9,517
48.0,13,15,10,520
48.0,13,15,11,522
48.0,13,15,12,524
48.0,13,15,13,526
48.0,13,15,14,529
48.0,13,15,15,531
48.0,14,0,0,463
48.0,14,0,1,465
48.0,14,0,2,467
48.0,14,0,3,469
48.0,14,0,4,472
48.0,14,0,5,474
48.0,14,0,6,476
48.0,14,0,7,478
48.0,14,0,8,480
48.0,14,0,9,483
48.0,14,0,10,485
48.0,14,0,11,487
48.0,14,0,12,489
48.0,14,0,13,491
48.0,14,0,14,493
48.0,14,0,15,495
48.0,14,1,0,465
48.0,14,1,1,468
48.0,14,1,2,470
48.0,14,1,3,472
48.0,14,1,4,474
48.0,14,1,5,477
48.0,14,1,6,479
48.0,14,1,7,481
48.0,14,1,8,483
48.0,14,1,9,485
48.0,14,1,10,488
48.0,14,1,11,490
48.0,14,1,12,492
48.0,14,1,13,494
48.0,14,1,14,496
48.0,14,1,15,498
48.0,14,2,0,468
48.0,14,2,1,470
48.0,14,2,2,473
48.0,14,2,3,475
48.0,14,2,4,477
48.0,14,2,5,479
48.0,14,2,6,482
48.0,14,2,7,484
48.0,14,2,8,486
48.0,14,2,9,488
48.0,14,2,10,491
48.0,14,2,11,493
48.0,14,2,12,495
48.0,14,2,13,497
48.0,14,2,14,499
48.0,14,2,15,501
48.0,14,3,0,471
48.0,14,3,1,473
48.0,14,3,2,475
48.0,14,3,3,478
48.0,14,3,4,480
48.0,14,3,5,482
48.0,14,3,6,485
48.0,14,3,7,487
48.0,14,3,8,489
48.0,14,3,9,491
48.0,14,3,10,493
48.0,14,3,11,496
48.0,14,3,12,498
48.0,14,3,13,500
48.0,14,3,14,502
48.0,14,3,15,504
48.0,14,4,0,474
48.0,14,4,1,476
48.0,14,4,2,478
48.0,14,4,3,481
48.0,14,4,4,483
48.0,14,4,5,485
48.0,14,4,6,487
48.0,14,4,7,490
48.0,14,4,8,492
48.0,14,4,9,494
48.0,14,4,10,496
48.0,14,4,11,498
48.0,14,4,12,501
48.0,14,4,13,503
48.0,14,4,14,505
48.0,14,4,15,507
48.0,14,5,0,476
48.0,14,5,1,479
48.0,14,5,2,481
48.0,14,5,3,483
48.0,14,5,4,486
48.0,14,5,5,488
48.0,14,5,6,490
48.0,14,5,7,492
48.0,14,5,8,495
48.0,14,5,9,497
48.0,14,5,10,499
48.0,14,5,11,501
48.0,14,5,12,504
48.0,14,5,13,506
48.0,14,5,14,508
48.0,14,5,15,510
48.0,14,6,0,479
48.0,14,6,1,481
48.0,14,6,2,484
48.0,14,6,3,486
48.0,14,6,4,488
48.0,14,6,5,491
48.0,14,6,6,493
48.0,14,6,7,495
48.0,14,6,8,497
48.0,14,6,9,500
48.0,14,6,10,502
48.0,14,6,11,504
48.0,14,6,12,506
48.0,14,6,13,509
48.0,14,6,14,511
48.0,14,6,15,513
48.0,14,7,0,482
48.0,14,7,1,484
48.0,14,7,2,486
48.0,14,7,3,489
48.0,14,7,4,491
48.0,14,7,5,493
48.0,14,7,6,496
48.0,14,7,7,498
48.0,14,7,8,500
48.0,14,7,9,503
48.0,14,7,10,505
48.0,14,7,11,507
48.0,14,7,12,509
48.0,14,7,13,511
48.0,14,7,14,514
48.0,14,7,15,516
48.0,14,8,0,484
48.0,14,8,1,487
48.0,14,8,2,489
48.0,14,8,3,491
48.0,14,8,4,494
48.0,14,8,5,496
48.0,14,8,6,498
48.0,14,8,7,501
48.0,14,8,8,503
48.0,14,8,9,505
48.0,14,8,10,508
48.0,14,8,11,510
48.0,14,8,12,512
48.0,14,8,13,514
48.0,14,8,14,517
48.0,14,8,15,519
48.0,14,9,0,487
48.0,14,9,1,489
48.0,14,9,2,492
48.0,14,9,3,494
48.0,14,9,4,496
48.0,14,9,5,499
48.0,14,9,6,501
48.0,14,9,7,503
48.0,14,9,8,506
48.0,14,9,9,508
48.0,14,9,10,510
48.0,14,9,11,513
48.0,14,9,12,515
48.0,14,9,13,517
48.0,14,9,14,519
48.0,14,9,15,522
48.0,14,10,0,490
48.0,14,10,1,492
48.0,14,10,2,494
48.0,14,10,3,497
48.0,14,10,4,499
48.0,14,10,5,502
48.0,14,10,6,504
48.0,14,10,7,506
48.0,14,10,8,509
48.0,14,10,9,511
48.0,14,10,10,513
48.0,14,10,11,515
48.0,14,10,12,518
48.0,14,10,13,520
48.0,14,10,14,522
48.0,14,10,15,524
48.0,14,11,0,492
48.0,14,11,1,495
48.0,14,11,2,497
48.0,14,11,3,499
48.0,14,11,4,502
48.0,14,11,5,504
48.0,14,11,6,507
48.0,14,11,7,509
48.0,14,11,8,511
48.0,14,11,9,514
48.0,14,11,10,516
48.0,14,11,11,518
48.0,14,11,12,520
48.0,14,11,13,523
48.0,14,11,14,525
48.0,14,11,15,527
48.0,14,12,0,495
48.0,14,12,1,497
48.0,14,12,2,500
48.0,14,12,3,502
48.0,14,12,4,505
48.0,14,12,5,507
48.0,14,12,6,509
48.0,14,12,7,512
48.0,14,12,8,514
48.0,14,12,9,516
48.0,14,12,10,519
48.0,14,12,11,521
48.0,14,12,12,523
48.0,14,12,13,526
48.0,14,12,14,528
48.0,14,12,15,530
48.0,14,13,0,497
48.0,14,13,1,500
48.0,14,13,2,502
48.0,14,13,3,505
48.0,14,13,4,507
48.0,14,13,5,510
48.0,14,13,6,512
48.0,14,13,7,514
48.0,14,13,8,517
48.0,14,13,9,519
48.0,14,13,10,521
48.0,14,13,11,524
48.0,14,13,12,526
48.0,14,13,13,528
48.0,14,13,14,531
48.0,14,13,15,533
48.0,14,14,0,500
48.0,14,14,1,503
48.0,14,14,2,505
48.0,14,14,3,507
48.0,14,14,4,510
48.0,14,14,5,512
48.0,14,14,6,515
48.0,14,14,7,517
48.0,14,14,8,519
48.0,14,14,9,522
48.0,14,14,10,524
48.0,14,14,11,526
48.0,14,14,12,529
48.0,14,14,13,531
48.0,14,14,14,533
48.0,14,14,15,536
48.0,14,15,0,503
48.0,14,15,1,505
48.0,14,15,2,508
48.0,14,15,3,510
48.0,14,15,4,512
48.0,14,15,5,515
48.0,14,15,6,517
48.0,14,15,7,520
48.0,14,15,8,522
48.0,14,15,9,524
48.0,14,15,10,527
48.0,14,15,11,529
48.0,14,15,12,531
48.0,14,15,13,534
48.0,14,15,14,536
48.0,14,15,15,538
48.0,15,0,0,469
48.0,15,0,1,471
48.0,15,0,2,473
48.0,15,0,3,476
48.0,15,0,4,478
48.0,15,0,5,480
48.0,15,0,6,483
48.0,15,0,7,485
48.0,15,0,8,487
48.0,15,0,9,489
48.0,15,0,10,491
48.0,15,0,11,494
48.0,15,0,12,496
48.0,15,0,13,498
48.0,15,0,14,500
48.0,15,0,15,502
48.0,15,1,0,472
48.0,15,1,1,474
48.0,15,1,2,476
48.0,15,1,3,479
48.0,15,1,4,481
48.0,15,1,5,483
48.0,15,1,6,485
48.0,15,1,7,488
48.0,15,1,8,490
48.0,15,1,9,492
48.0,15,1,10,494
48.0,15,1,11,497
48.0,15,1,12,499
48.0,15,1,13,501
48.0,15,1,14,503
48.0,15,1,15,505
48.0,15,2,0,475
48.0,15,2,1,477
48.0,15,2,2,479
48.0,15,2,3,481
48.0,15,2,4,484
48.0,15,2,5,486
48.0,15,2,6,488
48.0,15,2,7,491
48.0,15,2,8,493
48.0,15,2,9,495
48.0,15,2,10,497
48.0,15,2,11,499
48.0,15,2,12,502
48.0,15,2,13,504
48.0,15,2,14,506
48.0,15,2,15,508
48.0,15,3,0,477
48.0,15,3,1,480
48.0,15,3,2,482
48.0,15,3,3,484
48.0,15,3,4,487
48.0,15,3,5,489
48.0,15,3,6,491
48.0,15,3,7,493
48.0,15,3,8,496
48.0,15,3,9,498
48.0,15,3,10,500
48.0,15,3,11,502
48.0,15,3,12,505
48.0,15,3,13,507
48.0,15,3,14,509
48.0,15,3,15,511
48.0,15,4,0,480
48.0,15,4,1,482
48.0,15,4,2,485
48.0,15,4,3,487
48.0,15,4,4,489
48.0,15,4,5,492
48.0,15,4,6,494
48.0,15,4,7,496
48.0,15,4,8,499
48.0,15,4,9,501
48.0,15,4,10,503
48.0,15,4,11,505
48.0,15,4,12,508
48.0,15,4,13,510
48.0,15,4,14,512
48.0,15,4,15,514
48.0,15,5,0,483
48.0,15,5,1,485
48.0,15,5,2,488
48.0,15,5,3,490
48.0,15,5,4,492
48.0,15,5,5,495
48.0,15,5,6,497
48.0,15,5,7,499
48.0,15,5,8,501
48.0,15,5,9,504
48.0,15,5,10,506
48.0,15,5,11,508
48.0,15,5,12,510
48.0,15,5,13,513
48.0,15,5,14,515
48.0,15,5,15,517
48.0,15,6,0,486
48.0,15,6,1,488
48.0,15,6,2,490
48.0,15,6,3,493
48.0,15,6,4,495
48.0,15,6,5,497
48.0,15,6,6,500
48.0,15,6,7,502
48.0,15,6,8,504
48.0,15,6,9,507
48.0,15,6,10,509
48.0,15,6,11,511
48.0,15,6,12,513
48.0,15,6,13,516
48.0,15,6,14,518
48.0,15,6,15,520
48.0,15,7,0,488
48.0,15,7,1,491
48.0,15,7,2,493
48.0,15,7,3,495
48.0,15,7,4,498
48.0,15,7,5,500
48.0,15,7,6,502
48.0,15,7,7,505
48.0,15,7,8,507
48.0,15,7,9,509
48.0,15,7,10,512
48.0,15,7,11,514
48.0,15,7,12,516
48.0,15,7,13,519
48.0,15,7,14,521
48.0,15,7,15,523
48.0,15,8,0,491
48.0,15,8,1,493
48.0,15,8,2,496
48.0,15,8,3,498
48.0,15,8,4,501
48.0,15,8,5,503
48.0,15,8,6,505
48.0,15,8,7,508
48.0,15,8,8,510
48.0,15,8,9,512
48.0,15,8,10,515
48.0,15,8,11,517
48.0,15,8,12,519
48.0,15,8,13,521
48.0,15,8,14,524
48.0,15,8,15,526
48.0,15,9,0,494
48.0,15,9,1,496
48.0,15,9,2,499
48.0,15,9,3,501
48.0,15,9,4,503
48.0,15,9,5,506
48.0,15,9,6,508
48.0,15,9,7,510
48.0,15,9,8,513
48.0,15,9,9,515
48.0,15,9,10,517
48.0,15,9,11,520
48.0,15,9,12,522
48.0,15,9,13,524
48.0,15,9,14,527
48.0,15,9,15,529
48.0,15,10,0,496
48.0,15,10,1,499
48.0,15,10,2,501
48.0,15,10,3,504
48.0,15,10,4,506
48.0,15,10,5,508
48.0,15,10,6,511
48.0,15,10,7,513
48.0,15,10,8,515
48.0,15,10,9,518
48.0,15,10,10,520
48.0,15,10,11,522
48.0,15,10,12,525
48.0,15,10,13,527
48.0,15,10,14,529
48.0,15,10,15,532
48.0,15,11,0,499
48.0,15,11,1,501
48.0,15,11,2,504
48.0,15,11,3,506
48.0,15,11,4,509
48.0,15,11,5,511
48.0,15,11,6,514
48.0,15,11,7,516
48.0,15,11,8,518
48.0,15,11,9,521
48.0,15,11,10,523
48.0,15,11,11,525
48.0,15,11,12,528
48.0,15,11,13,530
48.0,15,11,14,532
48.0,15,11,15,535
48.0,15,12,0,502
48.0,15,12,1,504
48.0,15,12,2,507
48.0,15,12,3,509
48.0,15,12,4,511
48.0,15,12,5,514
48.0,15,12,6,516
48.0,15,12,7,519
48.0,15,12,8,521
48.0,15,12,9,523
48.0,15,12,10,526
48.0,15,12,11,528
48.0,15,12,12,530
48.0,15,12,13,533
48.0,15,12,14,535
48.0,15,12,15,537
48.0,15,13,0,504
48.0,15,13,1,507
48.0,15,13,2,509
48.0,15,13,3,512
48.0,15,13,4,514
48.0,15,13,5,517
48.0,15,13,6,519
48.0,15,13,7,521
48.0,15,13,8,524
48.0,15,13,9,526
48.0,15,13,10,528
48.0,15,13,11,531
48.0,15,13,12,533
48.0,15,13,13,536
48.0,15,13,14,538
48.0,15,13,15,540
48.0,15,14,0,507
48.0,15,14,1,509
48.0,15,14,2,512
48.0,15,14,3,514
48.0,15,14,4,517
48.0,15,14,5,519
48.0,15,14,6,522
48.0,15,14,7,524
48.0,15,14,8,526
48.0,15,14,9,529
48.0,15,14,10,531
48.0,15,14,11,534
48.0,15,14,12,536
48.0,15,14,13,538
48.0,15,14,14,541
48.0,15,14,15,543
48.0,15,15,0,510
48.0,15,15,1,512
48.0,15,15,2,515
48.0,15,15,3,517
48.0,15,15,4,519
48.0,15,15,5,522
48.0,15,15,6,524
48.0,15,15,7,527
48.0,15,15,8,529
48.0,15,15,9,532
48.0,15,15,10,534
48.0,15,15,11,536
48.0,15,15,12,539
48.0,15,15,13,541
48.0,15,15,14,543
48.0,15,15,15,546
48.5,0,0,0,376
48.5,0,0,1,378
48.5,0,0,2,380
48.5,0,0,3,382
48.5,0,0,4,383
48.5,0,0,5,385
48.5,0,0,6,387
48.5,0,0,7,389
48.5,0,0,8,390
48.5,0,0,9,392
48.5,0,0,10,394
48.5,0,0,11,396
48.5,0,0,12,398
48.5,0,0,13,399
48.5,0,0,14,401
48.5,0,0,15,403
48.5,0,1,0,378
48.5,0,1,1,380
48.5,0,1,2,382
48.5,0,1,3,384
48.5,0,1,4,386
48.5,0,1,5,387
48.5,0,1,6,389
48.5,0,1,7,391
48.5,0,1,8,393
48.5,0,1,9,395
48.5,0,1,10,396
48.5,0,1,11,398
48.5,0,1,12,400
48.5,0,1,13,402
48.5,0,1,14,403
48.5,0,1,15,405
48.5,0,2,0,381
48.5,0,2,1,382
48.5,0,2,2,384
48.5,0,2,3,386
48.5,0,2,4,388
48.5,0,2,5,390
48.5,0,2,6,392
48.5,0,2,7,393
48.5,0,2,8,395
48.5,0,2,9,397
48.5,0,2,10,399
48.5,0,2,11,401
48.5,0,2,12,402
48.5,0,2,13,404
48.5,0,2,14,406
48.5,0,2,15,408
48.5,0,3,0,383
48.5,0,3,1,385
48.5,0,3,2,386
48.5,0,3,3,388
48.5,0,3,4,390
48.5,0,3,5,392
48.5,0,3,6,394
48.5,0,3,7,396
48.5,0,3,8,397
48.5,0,3,9,399
48.5,0,3,10,401
48.5,0,3,11,403
48.5,0,3,12,405
48.5,0,3,13,406
48.5,0,3,14,408
48.5,0,3,15,410
48.5,0,4,0,385
48.5,0,4,1,387
48.5,0,4,2,389
48.5,0,4,3,391
48.5,0,4,4,392
48.5,0,4,5,394
48.5,0,4,6,396
48.5,0,4,7,398
48.5,0,4,8,400
48.5,0,4,9,402
48.5,0,4,10,403
48.5,0,4,11,405
48.5,0,4,12,407
48.5,0,4,13,409
48.5,0,4,14,411
48.5,0,4,15,412
48.5,0,5,0,387
48.5,0,5,1,389
48.5,0,5,2,391
48.5,0,5,3,393
48.5,0,5,4,395
48.5,0,5,5,397
48.5,0,5,6,398
48.5,0,5,7,400
48.5,0,5,8,402
48.5,0,5,9,404
48.5,0,5,10,406
48.5,0,5,11,408
48.5,0,5,12,409
48.5,0,5,13,411
48.5,0,5,14,413
48.5,0,5,15,415
48.5,0,6,0,389
48.5,0,6,1,391
48.5,0,6,2,393
48.5,0,6,3,395
48.5,0,6,4,397
48.5,0,6,5,399
48.5,0,6,6,401
48.5,0,6,7,403
48.5,0,6,8,404
48.5,0,6,9,406
48.5,0,6,10,408
48.5,0,6,11,410
48.5,0,6,12,412
48.5,0,6,13,413
48.5,0,6,14,415
48.5,0,6,15,417
48.5,0,7,0,392
48.5,0,7,1,393
48.5,0,7,2,395
48.5,0,7,3,397
48.5,0,7,4,399
48.5,0,7,5,401
48.5,0,7,6,403
48.5,0,7,7,405
48.5,0,7,8,407
48.5,0,7,9,408
48.5,0,7,10,410
48.5,0,7,11,412
48.5,0,7,12,414
48.5,0,7,13,416
48.5,0,7,14,418
48.5,0,7,15,419
48.5,0,8,0,394
48.5,0,8,1,396
48.5,0,8,2,398
48.5,0,8,3,399
48.5,0,8,4,401
48.5,0,8,5,403
48.5,0,8,6,405
48.5,0,8,7,407
48.5,0,8,8,409
48.5,0,8,9,411
48.5,0,8,10,413
48.5,0,8,11,414
48.5,0,8,12,416
48.5,0,8,13,418
48.5,0,8,14,420
48.5,0,8,15,422
48.5,0,9,0,396
48.5,0,9,1,398
48.5,0,9,2,400
48.5,0,9,3,402
48.5,0,9,4,404
48.5,0,9,5,405
48.5,0,9,6,407
48.5,0,9,7,409
48.5,0,9,8,411
48.5,0,9,9,413
48.5,0,9,10,415
48.5,0,9,11,417
48.5,0,9,12,419
48.5,0,9,13,420
48.5,0,9,14,422
48.5,0,9,15,424
48.5,0,10,0,398
48.5,0,10,1,400
48.5,0,10,2,402
48.5,0,10,3,404
48.5,0,10,4,406
48.5,0,10,5,408
48.5,0,10,6,410
48.5,0,10,7,411
48.5,0,10,8,413
48.5,0,10,9,415
48.5,0,10,10,417
48.5,0,10,11,419
48.5,0,10,12,421
48.5,0,10,13,423
48.5,0,10,14,425
48.5,0,10,15,426
48.5,0,11,0,400
48.5,0,11,1,402
48.5,0,11,2,404
48.5,0,11,3,406
48.5,0,11,4,408
48.5,0,11,5,410
48.5,0,11,6,412
48.5,0,11,7,414
48.5,0,11,8,416
48.5,0,11,9,417
48.5,0,11,10,419
48.5,0,11,11,421
48.5,0,11,12,423
48.5,0,11,13,425
48.5,0,11,14,427
48.5,0,11,15,429
48.5,0,12,0,402
48.5,0,12,1,404
48.5,0,12,2,406
48.5,0,12,3,408
48.5,0,12,4,410
48.5,0,12,5,412
48.5,0,12,6,414
48.5,0,12,7,416
48.5,0,12,8,418
48.5,0,12,9,420
48.5,0,12,10,422
48.5,0,12,11,423
48.5,0,12,12,425
48.5,0,12,13,427
48.5,0,12,14,429
48.5,0,12,15,431
48.5,0,13,0,404
48.5,0,13,1,406
48.5,0,13,2,408
48.5,0,13,3,410
48.5,0,13,4,412
48.5,0,13,5,414
48.5,0,13,6,416
48.5,0,13,7,418
48.5,0,13,8,420
48.5,0,13,9,422
48.5,0,13,10,424
48.5,0,13,11,426
48.5,0,13,12,428
48.5,0,13,13,429
48.5,0,13,14,431
48.5,0,13,15,433
48.5,0,14,0,407
48.5,0,14,1,409
48.5,0,14,2,410
48.5,0,14,3,412
48.5,0,14,4,414
48.5,0,14,5,416
48.5,0,14,6,418
48.5,0,14,7,420
48.5,0,14,8,422
48.5,0,14,9,424
48.5,0,14,10,426
48.5,0,14,11,428
48.5,0,14,12,430
48.5,0,14,13,432
48.5,0,14,14,434
48.5,0,14,15,435
48.5,0,15,0,409
48.5,0,15,1,411
48.5,0,15,2,413
48.5,0,15,3,415
48.5,0,15,4,417
48.5,0,15,5,419
48.5,0,15,6,420
48.5,0,15,7,422
48.5,0,15,8,424
48.5,0,15,9,426
48.5,0,15,10,428
48.5,0,15,11,430
48.5,0,15,12,432
48.5,0,15,13,434
48.5,0,15,14,436
48.5,0,15,15,438
48.5,1,0,0,382
48.5,1,0,1,384
48.5,1,0,2,386
48.5,1,0,3,388
48.5,1,0,4,390
48.5,1,0,5,392
48.5,1,0,6,393
48.5,1,0,7,395
48.5,1,0,8,397
48.5,1,0,9,399
48.5,1,0,10,401
48.5,1,0,11,403
48.5,1,0,12,404
48.5,1,0,13,406
48.5,1,0,14,408
48.5,1,0,15,410
48.5,1,1,0,385
48.5,1,1,1,387
48.5,1,1,2,388
48.5,1,1,3,390
48.5,1,1,4,392
48.5,1,1,5,394
48.5,1,1,6,396
48.5,1,1,7,398
48.5,1,1,8,400
48.5,1,1,9,401
48.5,1,1,10,403
48.5,1,1,11,405
48.5,1,1,12,407
48.5,1,1,13,408
48.5,1,1,14,410
48.5,1,1,15,412
48.5,1,2,0,387
48.5,1,2,1,389
48.5,1,2,2,391
48.5,1,2,3,393
48.5,1,2,4,394
48.5,1,2,5,396
48.5,1,2,6,398
48.5,1,2,7,400
48.5,1,2,8,402
48.5,1,2,9,404
48.5,1,2,10,406
48.5,1,2,11,407
48.5,1,2,12,409
48.5,1,2,13,411
48.5,1,2,14,413
48.5,1,2,15,414
48.5,1,3,0,389
48.5,1,3,1,391
48.5,1,3,2,393
48.5,1,3,3,395
48.5,1,3,4,397
48.5,1,3,5,399
48.5,1,3,6,401
48.5,1,3,7,402
48.5,1,3,8,404
48.5,1,3,9,406
48.5,1,3,10,408
48.5,1,3,11,410
48.5,1,3,12,412
48.5,1,3,13,413
48.5,1,3,14,415
48.5,1,3,15,417
48.5,1,4,0,392
48.5,1,4,1,393
48.5,1,4,2,395
48.5,1,4,3,397
48.5,1,4,4,399
48.5,1,4,5,401
48.5,1,4,6,403
48.5,1,4,7,405
48.5,1,4,8,407
48.5,1,4,9,408
48.5,1,4,10,410
48.5,1,4,11,412
48.5,1,4,12,414
48.5,1,4,13,416
48.5,1,4,14,418
48.5,1,4,15,419
48.5,1,5,0,394
48.5,1,5,1,396
48.5,1,5,2,398
48.5,1,5,3,400
48.5,1,5,4,401
48.5,1,5,5,403
48.5,1,5,6,405
48.5,1,5,7,407
48.5,1,5,8,409
48.5,1,5,9,411
48.5,1,5,10,413
48.5,1,5,11,414
48.5,1,5,12,416
48.5,1,5,13,418
48.5,1,5,14,420
48.5,1,5,15,422
48.5,1,6,0,396
48.5,1,6,1,398
48.5,1,6,2,400
48.5,1,6,3,402
48.5,1,6,4,404
48.5,1,6,5,406
48.5,1,6,6,407
48.5,1,6,7,409
48.5,1,6,8,411
48.5,1,6,9,413
48.5,1,6,10,415
48.5,1,6,11,417
48.5,1,6,12,419
48.5,1,6,13,420
48.5,1,6,14,422
48.5,1,6,15,424
48.5,1,7,0,398
48.5,1,7,1,400
48.5,1,7,2,402
48.5,1,7,3,404
48.5,1,7,4,406
48.5,1,7,5,408
48.5,1,7,6,410
48.5,1,7,7,412
48.5,1,7,8,414
48.5,1,7,9,415
48.5,1,7,10,417
48.5,1,7,11,419
48.5,1,7,12,421
48.5,1,7,13,423
48.5,1,7,14,425
48.5,1,7,15,427
48.5,1,8,0,400
48.5,1,8,1,402
48.5,1,8,2,404
48.5,1,8,3,406
48.5,1,8,4,408
48.5,1,8,5,410
48.5,1,8,6,412
48.5,1,8,7,414
48.5,1,8,8,416
48.5,1,8,9,418
48.5,1,8,10,420
48.5,1,8,11,421
48.5,1,8,12,423
48.5,1,8,13,425
48.5,1,8,14,427
48.5,1,8,15,429
48.5,1,9,0,403
48.5,1,9,1,405
48.5,1,9,2,407
48.5,1,9,3,408
48.5,1,9,4,410
48.5,1,9,5,412
48.5,1,9,6,414
48.5,1,9,7,416
48.5,1,9,8,418
48.5,1,9,9,420
48.5,1,9,10,422
48.5,1,9,11,424
48.5,1,9,12,426
48.5,1,9,13,428
48.5,1,9,14,429
48.5,1,9,15,431
48.5,1,10,0,405
48.5,1,10,1,407
48.5,1,10,2,409
48.5,1,10,3,411
48.5,1,10,4,413
48.5,1,10,5,415
48.5,1,10,6,417
48.5,1,10,7,418
48.5,1,10,8,420
48.5,1,10,9,422
48.5,1,10,10,424
48.5,1,10,11,426
48.5,1,10,12,428
48.5,1,10,13,430
48.5,1,10,14,432
48.5,1,10,15,434
48.5,1,11,0,407
48.5,1,11,1,409
48.5,1,11,2,411
48.5,1,11,3,413
48.5,1,11,4,415
48.5,1,11,5,417
48.5,1,11,6,419
48.5,1,11,7,421
48.5,1,11,8,423
48.5,1,11,9,425
48.5,1,11,10,426
48.5,1,11,11,428
48.5,1,11,12,430
48.5,1,11,13,432
48.5,1,11,14,434
48.5,1,11,15,436
48.5,1,12,0,409
48.5,1,12,1,411
48.5,1,12,2,413
48.5,1,12,3,415
48.5,1,12,4,417
48.5,1,12,5,419
48.5,1,12,6,421
48.5,1,12,7,423
48.5,1,12,8,425
48.5,1,12,9,427
48.5,1,12,10,429
48.5,1,12,11,431
48.5,1,12,12,433
48.5,1,12,13,434
48.5,1,12,14,436
48.5,1,12,15,438
48.5,1,13,0,411
48.5,1,13,1,413
48.5,1,13,2,415
48.5,1,13,3,417
48.5,1,13,4,419
48.5,1,13,5,421
48.5,1,13,6,423
48.5,1,13,7,425
48.5,1,13,8,427
48.5,1,13,9,429
48.5,1,13,10,431
48.5,1,13,11,433
48.5,1,13,12,435
48.5,1,13,13,437
48.5,1,13,14,439
48.5,1,13,15,441
48.5,1,14,0,413
48.5,1,14,1,415
48.5,1,14,2,417
48.5,1,14,3,419
48.5,1,14,4,421
48.5,1,14,5,423
48.5,1,14,6,425
48.5,1,14,7,427
48.5,1,14,8,429
48.5,1,14,9,431
48.5,1,14,10,433
48.5,1,14,11,435
48.5,1,14,12,437
48.5,1,14,13,439
48.5,1,14,14,441
48.5,1,14,15,443
48.5,1,15,0,416
48.5,1,15,1,418
48.5,1,15,2,420
48.5,1,15,3,422
48.5,1,15,4,424
48.5,1,15,5,426
48.5,1,15,6,428
48.5,1,15,7,430
48.5,1,15,8,432
48.5,1,15,9,434
48.5,1,15,10,435
48.5,1,15,11,437
48.5,1,15,12,439
48.5,1,15,13,441
48.5,1,15,14,443
48.5,1,15,15,445
48.5,2,0,0,389
48.5,2,0,1,391
48.5,2,0,2,393
48.5,2,0,3,394
48.5,2,0,4,396
48.5,2,0,5,398
48.5,2,0,6,400
48.5,2,0,7,402
48.5,2,0,8,404
48.5,2,0,9,406
48.5,2,0,10,407
48.5,2,0,11,409
48.5,2,0,12,411
48.5,2,0,13,413
48.5,2,0,14,415
48.5,2,0,15,416
48.5,2,1,0,391
48.5,2,1,1,393
48.5,2,1,2,395
48.5,2,1,3,397
48.5,2,1,4,399
48.5,2,1,5,401
48.5,2,1,6,402
48.5,2,1,7,404
48.5,2,1,8,406
48.5,2,1,9,408
48.5,2,1,10,410
48.5,2,1,11,412
48.5,2,1,12,414
48.5,2,1,13,415
48.5,2,1,14,417
48.5,2,1,15,419
48.5,2,2,0,393
48.5,2,2,1,395
48.5,2,2,2,397
48.5,2,2,3,399
48.5,2,2,4,401
48.5,2,2,5,403
48.5,2,2,6,405
48.5,2,2,7,407
48.5,2,2,8,409
48.5,2,2,9,410
48.5,2,2,10,412
48.5,2,2,11,414
48.5,2,2,12,416
48.5,2,2,13,418
48.5,2,2,14,420
48.5,2,2,15,421
48.5,2,3,0,396
48.5,2,3,1,398
48.5,2,3,2,400
48.5,2,3,3,402
48.5,2,3,4,403
48.5,2,3,5,405
48.5,2,3,6,407
48.5,2,3,7,409
48.5,2,3,8,411
48.5,2,3,9,413
48.5,2,3,10,415
48.5,2,3,11,417
48.5,2,3,12,418
48.5,2,3,13,420
48.5,2,3,14,422
48.5,2,3,15,424
48.5,2,4,0,398
48.5,2,4,1,400
48.5,2,4,2,402
48.5,2,4,3,404
48.5,2,4,4,406
48.5,2,4,5,408
48.5,2,4,6,410
48.5,2,4,7,411
48.5,2,4,8,413
48.5,2,4,9,415
48.5,2,4,10,417
48.5,2,4,11,419
48.5,2,4,12,421
48.5,2,4,13,423
48.5,2,4,14,425
48.5,2,4,15,426
48.5,2,5,0,400
48.5,2,5,1,402
48.5,2,5,2,404
48.5,2,5,3,406
48.5,2,5,4,408
48.5,2,5,5,410
48.5,2,5,6,412
48.5,2,5,7,414
48.5,2,5,8,416
48.5,2,5,9,418
48.5,2,5,10,420
48.5,2,5,11,421
48.5,2,5,12,423
48.5,2,5,13,425
48.5,2,5,14,427
48.5,2,5,15,429
48.5,2,6,0,403
48.5,2,6,1,405
48.5,2,6,2,407
48.5,2,6,3,408
48.5,2,6,4,410
48.5,2,6,5,412
48.5,2,6,6,414
48.5,2,6,7,416
48.5,2,6,8,418
48.5,2,6,9,420
48.5,2,6,10,422
48.5,2,6,11,424
48.5,2,6,12,426
48.5,2,6,13,428
48.5,2,6,14,429
48.5,2,6,15,431
48.5,2,7,0,405
48.5,2,7,1,407
48.5,2,7,2,409
48.5,2,7,3,411
48.5,2,7,4,413
48.5,2,7,5,415
48.5,2,7,6,417
48.5,2,7,7,419
48.5,2,7,8,420
48.5,2,7,9,422
48.5,2,7,10,424
48.5,2,7,11,426
48.5,2,7,12,428
48.5,2,7,13,430
48.5,2,7,14,432
48.5,2,7,15,434
48.5,2,8,0,407
48.5,2,8,1,409
48.5,2,8,2,411
48.5,2,8,3,413
48.5,2,8,4,415
48.5,2,8,5,417
48.5,2,8,6,419
48.5,2,8,7,421
48.5,2,8,8,423
48.5,2,8,9,425
48.5,2,8,10,427
48.5,2,8,11,429
48.5,2,8,12,430
48.5,2,8,13,432
48.5,2,8,14,434
48.5,2,8,15,436
48.5,2,9,0,409
48.5,2,9,1,411
48.5,2,9,2,413
48.5,2,9,3,415
48.5,2,9,4,417
48.5,2,9,5,419
48.5,2,9,6,421
48.5,2,9,7,423
48.5,2,9,8,425
48.5,2,9,9,427
48.5,2,9,10,429
48.5,2,9,11,431
48.5,2,9,12,433
48.5,2,9,13,435
48.5,2,9,14,437
48.5,2,9,15,438
48.5,2,10,0,412
48.5,2,10,1,414
48.5,2,10,2,416
48.5,2,10,3,418
48.5,2,10,4,420
48.5,2,10,5,422
48.5,2,10,6,423
48.5,2,10,7,425
48.5,2,10,8,427
48.5,2,10,9,429
48.5,2,10,10,431
48.5,2,10,11,433
48.5,2,10,12,435
48.5,2,10,13,437
48.5,2,10,14,439
48.5,2,10,15,441
48.5,2,11,0,414
48.5,2,11,1,416
48.5,2,11,2,418
48.5,2,11,3,420
48.5,2,11,4,422
48.5,2,11,5,424
48.5,2,11,6,426
48.5,2,11,7,428
48.5,2,11,8,430
48.5,2,11,9,432
48.5,2,11,10,434
48.5,2,11,11,436
48.5,2,11,12,437
48.5,2,11,13,439
48.5,2,11,14,441
48.5,2,11,15,443
48.5,2,12,0,416
48.5,2,12,1,418
48.5,2,12,2,420
48.5,2,12,3,422
48.5,2,12,4,424
48.5,2,12,5,426
48.5,2,12,6,428
48.5,2,12,7,430
48.5,2,12,8,432
48.5,2,12,9,434
48.5,2,12,10,436
48.5,2,12,11,438
48.5,2,12,12,440
48.5,2,12,13,442
48.5,2,12,14,444
48.5,2,12,15,446
48.5,2,13,0,418
48.5,2,13,1,420
48.5,2,13,2,422
48.5,2,13,3,424
48.5,2,13,4,426
48.5,2,13,5,428
48.5,2,13,6,430
48.5,2,13,7,432
48.5,2,13,8,434
48.5,2,13,9,436
48.5,2,13,10,438
48.5,2,13,11,440
48.5,2,13,12,442
48.5,2,13,13,444
48.5,2,13,14,446
48.5,2,13,15,448
48.5,2,14,0,420
48.5,2,14,1,422
48.5,2,14,2,424
48.5,2,14,3,426
48.5,2,14,4,428
48.5,2,14,5,431
48.5,2,14,6,433
48.5,2,14,7,435
48.5,2,14,8,437
48.5,2,14,9,438
48.5,2,14,10,440
48.5,2,14,11,442
48.5,2,14,12,444
48.5,2,14,13,446
48.5,2,14,14,448
48.5,2,14,15,450
48.5,2,15,0,422
48.5,2,15,1,425
48.5,2,15,2,427
48.5,2,15,3,429
48.5,2,15,4,431
48.5,2,15,5,433
48.5,2,15,6,435
48.5,2,15,7,437
48.5,2,15,8,439
48.5,2,15,9,441
48.5,2,15,10,443
48.5,2,15,11,445
48.5,2,15,12,447
48.5,2,15,13,449
48.5,2,15,14,451
48.5,2,15,15,453
48.5,3,0,0,395
48.5,3,0,1,397
48.5,3,0,2,399
48.5,3,0,3,401
48.5,3,0,4,403
48.5,3,0,5,405
48.5,3,0,6,407
48.5,3,0,7,409
48.5,3,0,8,410
48.5,3,0,9,412
48.5,3,0,10,414
48.5,3,0,11,416
48.5,3,0,12,418
48.5,3,0,13,420
48.5,3,0,14,421
48.5,3,0,15,423
48.5,3,1,0,398
48.5,3,1,1,399
48.5,3,1,2,401
48.5,3,1,3,403
48.5,3,1,4,405
48.5,3,1,5,407
48.5,3,1,6,409
48.5,3,1,7,411
48.5,3,1,8,413
48.5,3,1,9,415
48.5,3,1,10,417
48.5,3,1,11,418
48.5,3,1,12,420
48.5,3,1,13,422
48.5,3,1,14,424
48.5,3,1,15,426
48.5,3,2,0,400
48.5,3,2,1,402
48.5,3,2,2,404
48.5,3,2,3,406
48.5,3,2,4,408
48.5,3,2,5,410
48.5,3,2,6,411
48.5,3,2,7,413
48.5,3,2,8,415
48.5,3,2,9,417
48.5,3,2,10,419
48.5,3,2,11,421
48.5,3,2,12,423
48.5,3,2,13,425
48.5,3,2,14,426
48.5,3,2,15,428
48.5,3,3,0,402
48.5,3,3,1,404
48.5,3,3,2,406
48.5,3,3,3,408
48.5,3,3,4,410
48.5,3,3,5,412
48.5,3,3,6,414
48.5,3,3,7,416
48.5,3,3,8,418
48.5,3,3,9,420
48.5,3,3,10,422
48.5,3,3,11,423
48.5,3,3,12,425
48.5,3,3,13,427
48.5,3,3,14,429
48.5,3,3,15,431
48.5,3,4,0,405
48.5,3,4,1,407
48.5,3,4,2,409
48.5,3,4,3,410
48.5,3,4,4,412
48.5,3,4,5,414
48.5,3,4,6,416
48.5,3,4,7,418
48.5,3,4,8,420
48.5,3,4,9,422
48.5,3,4,10,424
48.5,3,4,11,426
48.5,3,4,12,428
48.5,3,4,13,430
48.5,3,4,14,431
48.5,3,4,15,433
48.5,3,5,0,407
48.5,3,5,1,409
48.5,3,5,2,411
48.5,3,5,3,413
48.5,3,5,4,415
48.5,3,5,5,417
48.5,3,5,6,419
48.5,3,5,7,421
48.5,3,5,8,423
48.5,3,5,9,424
48.5,3,5,10,426
48.5,3,5,11,428
48.5,3,5,12,430
48.5,3,5,13,432
48.5,3,5,14,434
48.5,3,5,15,436
48.5,3,6,0,409
48.5,3,6,1,411
48.5,3,6,2,413
48.5,3,6,3,415
48.5,3,6,4,417
48.5,3,6,5,419
48.5,3,6,6,421
48.5,3,6,7,423
48.5,3,6,8,425
48.5,3,6,9,427
48.5,3,6,10,429
48.5,3,6,11,431
48.5,3,6,12,433
48.5,3,6,13,435
48.5,3,6,14,436
48.5,3,6,15,438
48.5,3,7,0,411
48.5,3,7,1,414
48.5,3,7,2,416
48.5,3,7,3,418
48.5,3,7,4,419
48.5,3,7,5,421
48.5,3,7,6,423
48.5,3,7,7,425
48.5,3,7,8,427
48.5,3,7,9,429
48.5,3,7,10,431
48.5,3,7,11,433
48.5,3,7,12,435
48.5,3,7,13,437
48.5,3,7,14,439
48.5,3,7,15,441
48.5,3,8,0,414
48.5,3,8,1,416
48.5,3,8,2,418
48.5,3,8,3,420
48.5,3,8,4,422
48.5,3,8,5,424
48.5,3,8,6,426
48.5,3,8,7,428
48.5,3,8,8,430
48.5,3,8,9,432
48.5,3,8,10,434
48.5,3,8,11,436
48.5,3,8,12,437
48.5,3,8,13,439
48.5,3,8,14,441
48.5,3,8,15,443
48.5,3,9,0,416
48.5,3,9,1,418
48.5,3,9,2,420
48.5,3,9,3,422
48.5,3,9,4,424
48.5,3,9,5,426
48.5,3,9,6,428
48.5,3,9,7,430
48.5,3,9,8,432
48.5,3,9,9,434
48.5,3,9,10,436
48.5,3,9,11,438
48.5,3,9,12,440
48.5,3,9,13,442
48.5,3,9,14,444
48.5,3,9,15,446
48.5,3,10,0,418
48.5,3,10,1,420
48.5,3,10,2,422
48.5,3,10,3,424
48.5,3,10,4,426
48.5,3,10,5,428
48.5,3,10,6,430
48.5,3,10,7,432
48.5,3,10,8,434
48.5,3,10,9,436
48.5,3,10,10,438
48.5,3,10,11,440
48.5,3,10,12,442
48.5,3,10,13,444
48.5,3,10,14,446
48.5,3,10,15,448
48.5,3,11,0,421
48.5,3,11,1,423
48.5,3,11,2,425
48.5,3,11,3,427
48.5,3,11,4,429
48.5,3,11,5,431
48.5,3,11,6,433
48.5,3,11,7,435
48.5,3,11,8,437
48.5,3,11,9,439
48.5,3,11,10,441
48.5,3,11,11,443
48.5,3,11,12,445
48.5,3,11,13,447
48.5,3,11,14,449
48.5,3,11,15,450
48.5,3,12,0,423
48.5,3,12,1,425
48.5,3,12,2,427
48.5,3,12,3,429
48.5,3,12,4,431
48.5,3,12,5,433
48.5,3,12,6,435
48.5,3,12,7,437
48.5,3,12,8,439
48.5,3,12,9,441
48.5,3,12,10,443
48.5,3,12,11,445
48.5,3,12,12,447
48.5,3,12,13,449
48.5,3,12,14,451
48.5,3,12,15,453
48.5,3,13,0,425
48.5,3,13,1,427
48.5,3,13,2,429
48.5,3,13,3,431
48.5,3,13,4,433
48.5,3,13,5,435
48.5,3,13,6,437
48.5,3,13,7,439
48.5,3,13,8,441
48.5,3,13,9,443
48.5,3,13,10,445
48.5,3,13,11,447
48.5,3,13,12,449
48.5,3,13,13,451
48.5,3,13,14,453
48.5,3,13,15,455
48.5,3,14,0,427
48.5,3,14,1,429
48.5,3,14,2,431
48.5,3,14,3,433
48.5,3,14,4,436
48.5,3,14,5,438
48.5,3,14,6,440
48.5,3,14,7,442
48.5,3,14,8,444
48.5,3,14,9,446
48.5,3,14,10,448
48.5,3,14,11,450
48.5,3,14,12,452
48.5,3,14,13,454
48.5,3,14,14,456
48.5,3,14,15,458
48.5,3,15,0,429
48.5,3,15,1,432
48.5,3,15,2,434
48.5,3,15,3,436
48.5,3,15,4,438
48.5,3,15,5,440
48.5,3,15,6,442
48.5,3,15,7,444
48.5,3,15,8,446
48.5,3,15,9,448
48.5,3,15,10,450
48.5,3,15,11,452
48.5,3,15,12,454
48.5,3,15,13,456
48.5,3,15,14,458
48.5,3,15,15,460
48.5,4,0,0,402
48.5,4,0,1,403
48.5,4,0,2,405
48.5,4,0,3,407
48.5,4,0,4,409
48.5,4,0,5,411
48.5,4,0,6,413
48.5,4,0,7,415
48.5,4,0,8,417
48.5,4,0,9,419
48.5,4,0,10,421
48.5,4,0,11,423
48.5,4,0,12,425
48.5,4,0,13,426
48.5,4,0,14,428
48.5,4,0,15,430
48.5,4,1,0,404
48.5,4,1,1,406
48.5,4,1,2,408
48.5,4,1,3,410
48.5,4,1,4,412
48.5,4,1,5,414
48.5,4,1,6,416
48.5,4,1,7,418
48.5,4,1,8,420
48.5,4,1,9,421
48.5,4,1,10,423
48.5,4,1,11,425
48.5,4,1,12,427
48.5,4,1,13,429
48.5,4,1,14,431
48.5,4,1,15,433
48.5,4,2,0,406
48.5,4,2,1,408
48.5,4,2,2,410
48.5,4,2,3,412
48.5,4,2,4,414
48.5,4,2,5,416
48.5,4,2,6,418
48.5,4,2,7,420
48.5,4,2,8,422
48.5,4,2,9,424
48.5,4,2,10,426
48.5,4,2,11,428
48.5,4,2,12,430
48.5,4,2,13,431
48.5,4,2,14,433
48.5,4,2,15,435
48.5,4,3,0,409
48.5,4,3,1,411
48.5,4,3,2,413
48.5,4,3,3,415
48.5,4,3,4,417
48.5,4,3,5,419
48.5,4,3,6,421
48.5,4,3,7,423
48.5,4,3,8,424
48.5,4,3,9,426
48.5,4,3,10,428
48.5,4,3,11,430
48.5,4,3,12,432
48.5,4,3,13,434
48.5,4,3,14,436
48.5,4,3,15,438
48.5,4,4,0,411
48.5,4,4,1,413
48.5,4,4,2,415
48.5,4,4,3,417
48.5,4,4,4,419
48.5,4,4,5,421
48.5,4,4,6,423
48.5,4,4,7,425
48.5,4,4,8,427
48.5,4,4,9,429
48.5,4,4,10,431
48.5,4,4,11,433
48.5,4,4,12,435
48.5,4,4,13,437
48.5,4,4,14,438
48.5,4,4,15,440
48.5,4,5,0,413
48.5,4,5,1,415
48.5,4,5,2,418
48.5,4,5,3,420
48.5,4,5,4,422
48.5,4,5,5,423
48.5,4,5,6,425
48.5,4,5,7,427
48.5,4,5,8,429
48.5,4,5,9,431
48.5,4,5,10,433
48.5,4,5,11,435
48.5,4,5,12,437
48.5,4,5,13,439
48.5,4,5,14,441
48.5,4,5,15,443
48.5,4,6,0,416
48.5,4,6,1,418
48.5,4,6,2,420
48.5,4,6,3,422
48.5,4,6,4,424
48.5,4,6,5,426
48.5,4,6,6,428
48.5,4,6,7,430
48.5,4,6,8,432
48.5,4,6,9,434
48.5,4,6,10,436
48.5,4,6,11,438
48.5,4,6,12,440
48.5,4,6,13,442
48.5,4,6,14,443
48.5,4,6,15,445
48.5,4,7,0,418
48.5,4,7,1,420
48.5,4,7,2,422
48.5,4,7,3,424
48.5,4,7,4,426
48.5,4,7,5,428
48.5,4,7,6,430
48.5,4,7,7,432
48.5,4,7,8,434
48.5,4,7,9,436
48.5,4,7,10,438
48.5,4,7,11,440
48.5,4,7,12,442
48.5,4,7,13,444
48.5,4,7,14,446
48.5,4,7,15,448
48.5,4,8,0,420
48.5,4,8,1,423
48.5,4,8,2,425
48.5,4,8,3,427
48.5,4,8,4,429
48.5,4,8,5,431
48.5,4,8,6,433
48.5,4,8,7,435
48.5,4,8,8,437
48.5,4,8,9,439
48.5,4,8,10,441
48.5,4,8,11,443
48.5,4,8,12,445
48.5,4,8,13,446
48.5,4,8,14,448
48.5,4,8,15,450
48.5,4,9,0,423
48.5,4,9,1,425
48.5,4,9,2,427
48.5,4,9,3,429
48.5,4,9,4,431
48.5,4,9,5,433
48.5,4,9,6,435
48.5,4,9,7,437
48.5,4,9,8,439
48.5,4,9,9,441
48.5,4,9,10,443
48.5,4,9,11,445
48.5,4,9,12,447
48.5,4,9,13,449
48.5,4,9,14,451
48.5,4,9,15,453
48.5,4,10,0,425
48.5,4,10,1,427
48.5,4,10,2,429
48.5,4,10,3,431
48.5,4,10,4,433
48.5,4,10,5,435
48.5,4,10,6,437
48.5,4,10,7,439
48.5,4,10,8,441
48.5,4,10,9,443
48.5,4,10,10,445
48.5,4,10,11,447
48.5,4,10,12,449
48.5,4,10,13,451
48.5,4,10,14,453
48.5,4,10,15,455
48.5,4,11,0,427
48.5,4,11,1,429
48.5,4,11,2,432
48.5,4,11,3,434
48.5,4,11,4,436
48.5,4,11,5,438
48.5,4,11,6,440
48.5,4,11,7,442
48.5,4,11,8,444
48.5,4,11,9,446
48.5,4,11,10,448
48.5,4,11,11,450
48.5,4,11,12,452
48.5,4,11,13,454
48.5,4,11,14,456
48.5,4,11,15,458
48.5,4,12,0,430
48.5,4,12,1,432
48.5,4,12,2,434
48.5,4,12,3,436
48.5,4,12,4,438
48.5,4,12,5,440
48.5,4,12,6,442
48.5,4,12,7,444
48.5,4,12,8,446
48.5,4,12,9,448
48.5,4,12,10,450
48.5,4,12,11,452
48.5,4,12,12,454
48.5,4,12,13,456
48.5,4,12,14,458
48.5,4,12,15,460
48.5,4,13,0,432
48.5,4,13,1,434
48.5,4,13,2,436
48.5,4,13,3,438
48.5,4,13,4,440
48.5,4,13,5,442
48.5,4,13,6,444
48.5,4,13,7,446
48.5,4,13,8,449
48.5,4,13,9,451
48.5,4,13,10,453
48.5,4,13,11,455
48.5,4,13,12,457
48.5,4,13,13,459
48.5,4,13,14,461
48.5,4,13,15,463
48.5,4,14,0,434
48.5,4,14,1,436
48.5,4,14,2,438
48.5,4,14,3,440
48.5,4,14,4,443
48.5,4,14,5,445
48.5,4,14,6,447
48.5,4,14,7,449
48.5,4,14,8,451
48.5,4,14,9,453
48.5,4,14,10,455
48.5,4,14,11,457
48.5,4,14,12,459
48.5,4,14,13,461
48.5,4,14,14,463
48.5,4,14,15,465
48.5,4,15,0,436
48.5,4,15,1,438
48.5,4,15,2,441
48.5,4,15,3,443
48.5,4,15,4,445
48.5,4,15,5,447
48.5,4,15,6,449
48.5,4,15,7,451
48.5,4,15,8,453
48.5,4,15,9,455
48.5,4,15,10,457
48.5,4,15,11,459
48.5,4,15,12,461
48.5,4,15,13,463
48.5,4,15,14,465
48.5,4,15,15,467
48.5,5,0,0,408
48.5,5,0,1,410
48.5,5,0,2,412
48.5,5,0,3,414
48.5,5,0,4,416
48.5,5,0,5,418
48.5,5,0,6,420
48.5,5,0,7,422
48.5,5,0,8,424
48.5,5,0,9,426
48.5,5,0,10,427
48.5,5,0,11,429
48.5,5,0,12,431
48.5,5,0,13,433
48.5,5,0,14,435
48.5,5,0,15,437
48.5,5,1,0,410
48.5,5,1,1,412
48.5,5,1,2,414
48.5,5,1,3,416
48.5,5,1,4,418
48.5,5,1,5,420
48.5,5,1,6,422
48.5,5,1,7,424
48.5,5,1,8,426
48.5,5,1,9,428
48.5,5,1,10,430
48.5,5,1,11,432
48.5,5,1,12,434
48.5,5,1,13,436
48.5,5,1,14,438
48.5,5,1,15,440
48.5,5,2,0,413
48.5,5,2,1,415
48.5,5,2,2,417
48.5,5,2,3,419
48.5,5,2,4,421
48.5,5,2,5,423
48.5,5,2,6,425
48.5,5,2,7,427
48.5,5,2,8,429
48.5,5,2,9,431
48.5,5,2,10,433
48.5,5,2,11,435
48.5,5,2,12,436
48.5,5,2,13,438
48.5,5,2,14,440
48.5,5,2,15,442
48.5,5,3,0,415
48.5,5,3,1,417
48.5,5,3,2,419
48.5,5,3,3,421
48.5,5,3,4,423
48.5,5,3,5,425
48.5,5,3,6,427
48.5,5,3,7,429
48.5,5,3,8,431
48.5,5,3,9,433
48.5,5,3,10,435
48.5,5,3,11,437
48.5,5,3,12,439
48.5,5,3,13,441
48.5,5,3,14,443
48.5,5,3,15,445
48.5,5,4,0,418
48.5,5,4,1,420
48.5,5,4,2,422
48.5,5,4,3,424
48.5,5,4,4,426
48.5,5,4,5,428
48.5,5,4,6,430
48.5,5,4,7,432
48.5,5,4,8,434
48.5,5,4,9,436
48.5,5,4,10,438
48.5,5,4,11,440
48.5,5,4,12,442
48.5,5,4,13,443
48.5,5,4,14,445
48.5,5,4,15,447
48.5,5,5,0,420
48.5,5,5,1,422
48.5,5,5,2,424
48.5,5,5,3,426
48.5,5,5,4,428
48.5,5,5,5,430
48.5,5,5,6,432
48.5,5,5,7,434
48.5,5,5,8,436
48.5,5,5,9,438
48.5,5,5,10,440
48.5,5,5,11,442
48.5,5,5,12,444
48.5,5,5,13,446
48.5,5,5,14,448
48.5,5,5,15,450
48.5,5,6,0,422
48.5,5,6,1,424
48.5,5,6,2,427
48.5,5,6,3,429
48.5,5,6,4,431
48.5,5,6,5,433
48.5,5,6,6,435
48.5,5,6,7,437
48.5,5,6,8,439
48.5,5,6,9,441
48.5,5,6,10,443
48.5,5,6,11,445
48.5,5,6,12,447
48.5,5,6,13,449
48.5,5,6,14,451
48.5,5,6,15,452
48.5,5,7,0,425
48.5,5,7,1,427
48.5,5,7,2,429
48.5,5,7,3,431
48.5,5,7,4,433
48.5,5,7,5,435
48.5,5,7,6,437
48.5,5,7,7,439
48.5,5,7,8,441
48.5,5,7,9,443
48.5,5,7,10,445
48.5,5,7,11,447
48.5,5,7,12,449
48.5,5,7,13,451
48.5,5,7,14,453
48.5,5,7,15,455
48.5,5,8,0,427
48.5,5,8,1,429
48.5,5,8,2,431
48.5,5,8,3,433
48.5,5,8,4,435
48.5,5,8,5,437
48.5,5,8,6,440
48.5,5,8,7,442
48.5,5,8,8,444
48.5,5,8,9,446
48.5,5,8,10,448
48.5,5,8,11,450
48.5,5,8,12,452
48.5,5,8,13,454
48.5,5,8,14,456
48.5,5,8,15,458
48.5,5,9,0,429
48.5,5,9,1,432
48.5,5,9,2,434
48.5,5,9,3,436
48.5,5,9,4,438
48.5,5,9,5,440
48.5,5,9,6,442
48.5,5,9,7,444
48.5,5,9,8,446
48.5,5,9,9,448
48.5,5,9,10,450
48.5,5,9,11,452
48.5,5,9,12,454
48.5,5,9,13,456
48.5,5,9,14,458
48.5,5,9,15,460
48.5,5,10,0,432
48.5,5,10,1,434
48.5,5,10,2,436
48.5,5,10,3,438
48.5,5,10,4,440
48.5,5,10,5,442
48.5,5,10,6,444
48.5,5,10,7,446
48.5,5,10,8,448
48.5,5,10,9,450
48.5,5,10,10,453
48.5,5,10,11,455
48.5,5,10,12,457
48.5,5,10,13,459
48.5,5,10,14,461
48.5,5,10,15,463
48.5,5,11,0,434
48.5,5,11,1,436
48.5,5,11,2,438
48.5,5,11,3,440
48.5,5,11,4,443
48.5,5,11,5,445
48.5,5,11,6,447
48.5,5,11,7,449
48.5,5,11,8,451
48.5,5,11,9,453
48.5,5,11,10,455
48.5,5,11,11,457
48.5,5,11,12,459
48.5,5,11,13,461
48.5,5,11,14,463
48.5,5,11,15,465
48.5,5,12,0,436
48.5,5,12,1,439
48.5,5,12,2,441
48.5,5,12,3,443
48.5,5,12,4,445
48.5,5,12,5,447
48.5,5,12,6,449
48.5,5,12,7,451
48.5,5,12,8,453
48.5,5,12,9,455
48.5,5,12,10,457
48.5,5,12,11,459
48.5,5,12,12,461
48.5,5,12,13,463
48.5,5,12,14,465
48.5,5,12,15,467
48.5,5,13,0,439
48.5,5,13,1,441
48.5,5,13,2,443
48.5,5,13,3,445
48.5,5,13,4,447
48.5,5,13,5,449
48.5,5,13,6,451
48.5,5,13,7,454
48.5,5,13,8,456
48.5,5,13,9,458
48.5,5,13,10,460
48.5,5,13,11,462
48.5,5,13,12,464
48.5,5,13,13,466
48.5,5,13,14,468
48.5,5,13,15,470
48.5,5,14,0,441
48.5,5,14,1,443
48.5,5,14,2,445
48.5,5,14,3,447
48.5,5,14,4,450
48.5,5,14,5,452
48.5,5,14,6,454
48.5,5,14,7,456
48.5,5,14,8,458
48.5,5,14,9,460
48.5,5,14,10,462
48.5,5,14,11,464
48.5,5,14,12,466
48.5,5,14,13,468
48.5,5,14,14,470
48.5,5,14,15,472
48.5,5,15,0,443
48.5,5,15,1,445
48.5,5,15,2,448
48.5,5,15,3,450
48.5,5,15,4,452
48.5,5,15,5,454
48.5,5,15,6,456
48.5,5,15,7,458
48.5,5,15,8,460
48.5,5,15,9,462
48.5,5,15,10,465
48.5,5,15,11,467
48.5,5,15,12,469
48.5,5,15,13,471
48.5,5,15,14,473
48.5,5,15,15,475
48.5,6,0,0,414
48.5,6,0,1,416
48.5,6,0,2,418
48.5,6,0,3,420
48.5,6,0,4,422
48.5,6,0,5,424
48.5,6,0,6,426
48.5,6,0,7,428
48.5,6,0,8,430
48.5,6,0,9,432
48.5,6,0,10,434
48.5,6,0,11,436
48.5,6,0,12,438
48.5,6,0,13,440
48.5,6,0,14,442
48.5,6,0,15,444
48.5,6,1,0,417
48.5,6,1,1,419
48.5,6,1,2,421
48.5,6,1,3,423
48.5,6,1,4,425
48.5,6,1,5,427
48.5,6,1,6,429
48.5,6,1,7,431
48.5,6,1,8,433
48.5,6,1,9,435
48.5,6,1,10,437
48.5,6,1,11,439
48.5,6,1,12,441
48.5,6,1,13,443
48.5,6,1,14,445
48.5,6,1,15,446
48.5,6,2,0,419
48.5,6,2,1,421
48.5,6,2,2,423
48.5,6,2,3,425
48.5,6,2,4,427
48.5,6,2,5,429
48.5,6,2,6,431
48.5,6,2,7,433
48.5,6,2,8,435
48.5,6,2,9,437
48.5,6,2,10,439
48.5,6,2,11,441
48.5,6,2,12,443
48.5,6,2,13,445
48.5,6,2,14,447
48.5,6,2,15,449
48.5,6,3,0,422
48.5,6,3,1,424
48.5,6,3,2,426
48.5,6,3,3,428
48.5,6,3,4,430
48.5,6,3,5,432
48.5,6,3,6,434
48.5,6,3,7,436
48.5,6,3,8,438
48.5,6,3,9,440
48.5,6,3,10,442
48.5,6,3,11,444
48.5,6,3,12,446
48.5,6,3,13,448
48.5,6,3,14,450
48.5,6,3,15,452
48.5,6,4,0,424
48.5,6,4,1,426
48.5,6,4,2,428
48.5,6,4,3,430
48.5,6,4,4,432
48.5,6,4,5,434
48.5,6,4,6,436
48.5,6,4,7,439
48.5,6,4,8,441
48.5,6,4,9,443
48.5,6,4,10,445
48.5,6,4,11,446
48.5,6,4,12,448
48.5,6,4,13,450
48.5,6,4,14,452
48.5,6,4,15,454
48.5,6,5,0,427
48.5,6,5,1,429
48.5,6,5,2,431
48.5,6,5,3,433
48.5,6,5,4,435
48.5,6,5,5,437
48.5,6,5,6,439
48.5,6,5,7,441
48.5,6,5,8,443
48.5,6,5,9,445
48.5,6,5,10,447
48.5,6,5,11,449
48.5,6,5,12,451
48.5,6,5,13,453
48.5,6,5,14,455
48.5,6,5,15,457
48.5,6,6,0,429
48.5,6,6,1,431
48.5,6,6,2,433
48.5,6,6,3,435
48.5,6,6,4,437
48.5,6,6,5,439
48.5,6,6,6,441
48.5,6,6,7,444
48.5,6,6,8,446
48.5,6,6,9,448
48.5,6,6,10,450
48.5,6,6,11,452
48.5,6,6,12,454
48.5,6,6,13,456
48.5,6,6,14,458
48.5,6,6,15,460
48.5,6,7,0,431
48.5,6,7,1,434
48.5,6,7,2,436
48.5,6,7,3,438
48.5,6,7,4,440
48.5,6,7,5,442
48.5,6,7,6,444
48.5,6,7,7,446
48.5,6,7,8,448
48.5,6,7,9,450
48.5,6,7,10,452
48.5,6,7,11,454
48.5,6,7,12,456
48.5,6,7,13,458
48.5,6,7,14,460
48.5,6,7,15,462
48.5,6,8,0,434
48.5,6,8,1,436
48.5,6,8,2,438
48.5,6,8,3,440
48.5,6,8,4,442
48.5,6,8,5,444
48.5,6,8,6,446
48.5,6,8,7,448
48.5,6,8,8,451
48.5,6,8,9,453
48.5,6,8,10,455
48.5,6,8,11,457
48.5,6,8,12,459
48.5,6,8,13,461
48.5,6,8,14,463
48.5,6,8,15,465
48.5,6,9,0,436
48.5,6,9,1,438
48.5,6,9,2,440
48.5,6,9,3,443
48.5,6,9,4,445
48.5,6,9,5,447
48.5,6,9,6,449
48.5,6,9,7,451
48.5,6,9,8,453
48.5,6,9,9,455
48.5,6,9,10,457
48.5,6,9,11,459
48.5,6,9,12,461
48.5,6,9,13,463
48.5,6,9,14,465
48.5,6,9,15,467
48.5,6,10,0,439
48.5,6,10,1,441
48.5,6,10,2,443
48.5,6,10,3,445
48.5,6,10,4,447
48.5,6,10,5,449
48.5,6,10,6,451
48.5,6,10,7,453
48.5,6,10,8,455
48.5,6,10,9,458
48.5,6,10,10,460
48.5,6,10,11,462
48.5,6,10,12,464
48.5,6,10,13,466
48.5,6,10,14,468
48.5,6,10,15,470
48.5,6,11,0,441
48.5,6,11,1,443
48.5,6,11,2,445
48.5,6,11,3,447
48.5,6,11,4,449
48.5,6,11,5,452
48.5,6,11,6,454
48.5,6,11,7,456
48.5,6,11,8,458
48.5,6,11,9,460
48.5,6,11,10,462
48.5,6,11,11,464
48.5,6,11,12,466
48.5,6,11,13,468
48.5,6,11,14,470
48.5,6,11,15,472
48.5,6,12,0,443
48.5,6,12,1,445
48.5,6,12,2,448
48.5,6,12,3,450
48.5,6,12,4,452
48.5,6,12,5,454
48.5,6,12,6,456
48.5,6,12,7,458
48.5,6,12,8,460
48.5,6,12,9,462
48.5,6,12,10,465
48.5,6,12,11,467
48.5,6,12,12,469
48.5,6,12,13,471
48.5,6,12,14,473
48.5,6,12,15,475
48.5,6,13,0,446
48.5,6,13,1,448
48.5,6,13,2,450
48.5,6,13,3,452
48.5,6,13,4,454
48.5,6,13,5,456
48.5,6,13,6,459
48.5,6,13,7,461
48.5,6,13,8,463
48.5,6,13,9,465
48.5,6,13,10,467
48.5,6,13,11,469
48.5,6,13,12,471
48.5,6,13,13,473
48.5,6,13,14,475
48.5,6,13,15,477
48.5,6,14,0,448
48.5,6,14,1,450
48.5,6,14,2,452
48.5,6,14,3,454
48.5,6,14,4,457
48.5,6,14,5,459
48.5,6,14,6,461
48.5,6,14,7,463
48.5,6,14,8,465
48.5,6,14,9,467
48.5,6,14,10,469
48.5,6,14,11,471
48.5,6,14,12,474
48.5,6,14,13,476
48.5,6,14,14,478
48.5,6,14,15,480
48.5,6,15,0,450
48.5,6,15,1,452
48.5,6,15,2,455
48.5,6,15,3,457
48.5,6,15,4,459
48.5,6,15,5,461
48.5,6,15,6,463
48.5,6,15,7,465
48.5,6,15,8,468
48.5,6,15,9,470
48.5,6,15,10,472
48.5,6,15,11,474
48.5,6,15,12,476
48.5,6,15,13,478
48.5,6,15,14,480
48.5,6,15,15,482
48.5,7,0,0,421
48.5,7,0,1,423
48.5,7,0,2,425
48.5,7,0,3,427
48.5,7,0,4,429
48.5,7,0,5,431
48.5,7,0,6,433
48.5,7,0,7,435
48.5,7,0,8,437
48.5,7,0,9,439
48.5,7,0,10,441
48.5,7,0,11,443
48.5,7,0,12,445
48.5,7,0,13,447
48.5,7,0,14,449
48.5,7,0,15,451
48.5,7,1,0,423
48.5,7,1,1,425
48.5,7,1,2,427
48.5,7,1,3,429
48.5,7,1,4,431
48.5,7,1,5,433
48.5,7,1,6,435
48.5,7,1,7,438
48.5,7,1,8,440
48.5,7,1,9,442
48.5,7,1,10,443
48.5,7,1,11,445
48.5,7,1,12,447
48.5,7,1,13,449
48.5,7,1,14,451
48.5,7,1,15,453
48.5,7,2,0,426
48.5,7,2,1,428
48.5,7,2,2,430
48.5,7,2,3,432
48.5,7,2,4,434
48.5,7,2,5,436
48.5,7,2,6,438
48.5,7,2,7,440
48.5,7,2,8,442
48.5,7,2,9,444
48.5,7,2,10,446
48.5,7,2,11,448
48.5,7,2,12,450
48.5,7,2,13,452
48.5,7,2,14,454
48.5,7,2,15,456
48.5,7,3,0,428
48.5,7,3,1,430
48.5,7,3,2,432
48.5,7,3,3,434
48.5,7,3,4,437
48.5,7,3,5,439
48.5,7,3,6,441
48.5,7,3,7,443
48.5,7,3,8,445
48.5,7,3,9,447
48.5,7,3,10,449
48.5,7,3,11,451
48.5,7,3,12,453
48.5,7,3,13,455
48.5,7,3,14,457
48.5,7,3,15,459
48.5,7,4,0,431
48.5,7,4,1,433
48.5,7,4,2,435
48.5,7,4,3,437
48.5,7,4,4,439
48.5,7,4,5,441
48.5,7,4,6,443
48.5,7,4,7,445
48.5,7,4,8,447
48.5,7,4,9,449
48.5,7,4,10,451
48.5,7,4,11,453
48.5,7,4,12,455
48.5,7,4,13,457
48.5,7,4,14,459
48.5,7,4,15,461
48.5,7,5,0,433
48.5,7,5,1,435
48.5,7,5,2,437
48.5,7,5,3,440
48.5,7,5,4,442
48.5,7,5,5,444
48.5,7,5,6,446
48.5,7,5,7,448
48.5,7,5,8,450
48.5,7,5,9,452
48.5,7,5,10,454
48.5,7,5,11,456
48.5,7,5,12,458
48.5,7,5,13,460
48.5,7,5,14,462
48.5,7,5,15,464
48.5,7,6,0,436
48.5,7,6,1,438
48.5,7,6,2,440
48.5,7,6,3,442
48.5,7,6,4,444
48.5,7,6,5,446
48.5,7,6,6,448
48.5,7,6,7,450
48.5,7,6,8,452
48.5,7,6,9,454
48.5,7,6,10,457
48.5,7,6,11,459
48.5,7,6,12,461
48.5,7,6,13,463
48.5,7,6,14,465
48.5,7,6,15,467
48.5,7,7,0,438
48.5,7,7,1,440
48.5,7,7,2,442
48.5,7,7,3,444
48.5,7,7,4,447
48.5,7,7,5,449
48.5,7,7,6,451
48.5,7,7,7,453
48.5,7,7,8,455
48.5,7,7,9,457
48.5,7,7,10,459
48.5,7,7,11,461
48.5,7,7,12,463
48.5,7,7,13,465
48.5,7,7,14,467
48.5,7,7,15,469
48.5,7,8,0,441
48.5,7,8,1,443
48.5,7,8,2,445
48.5,7,8,3,447
48.5,7,8,4,449
48.5,7,8,5,451
48.5,7,8,6,453
48.5,7,8,7,455
48.5,7,8,8,457
48.5,7,8,9,460
48.5,7,8,10,462
48.5,7,8,11,464
48.5,7,8,12,466
48.5,7,8,13,468
48.5,7,8,14,470
48.5,7,8,15,472
48.5,7,9,0,443
48.5,7,9,1,445
48.5,7,9,2,447
48.5,7,9,3,449
48.5,7,9,4,452
48.5,7,9,5,454
48.5,7,9,6,456
48.5,7,9,7,458
48.5,7,9,8,460
48.5,7,9,9,462
48.5,7,9,10,464
48.5,7,9,11,466
48.5,7,9,12,468
48.5,7,9,13,470
48.5,7,9,14,472
48.5,7,9,15,474
48.5,7,10,0,445
48.5,7,10,1,448
48.5,7,10,2,450
48.5,7,10,3,452
48.5,7,10,4,454
48.5,7,10,5,456
48.5,7,10,6,458
48.5,7,10,7,460
48.5,7,10,8,462
48.5,7,10,9,465
48.5,7,10,10,467
48.5,7,10,11,469
48.5,7,10,12,471
48.5,7,10,13,473
48.5,7,10,14,475
48.5,7,10,15,477
48.5,7,11,0,448
48.5,7,11,1,450
48.5,7,11,2,452
48.5,7,11,3,454
48.5,7,11,4,456
48.5,7,11,5,459
48.5,7,11,6,461
48.5,7,11,7,463
48.5,7,11,8,465
48.5,7,11,9,467
48.5,7,11,10,469
48.5,7,11,11,471
48.5,7,11,12,473
48.5,7,11,13,475
48.5,7,11,14,477
48.5,7,11,15,480
48.5,7,12,0,450
48.5,7,12,1,452
48.5,7,12,2,454
48.5,7,12,3,457
48.5,7,12,4,459
48.5,7,12,5,461
48.5,7,12,6,463
48.5,7,12,7,465
48.5,7,12,8,467
48.5,7,12,9,470
48.5,7,12,10,472
48.5,7,12,11,474
48.5,7,12,12,476
48.5,7,12,13,478
48.5,7,12,14,480
48.5,7,12,15,482
48.5,7,13,0,452
48.5,7,13,1,455
48.5,7,13,2,457
48.5,7,13,3,459
48.5,7,13,4,461
48.5,7,13,5,463
48.5,7,13,6,466
48.5,7,13,7,468
48.5,7,13,8,470
48.5,7,13,9,472
48.5,7,13,10,474
48.5,7,13,11,476
48.5,7,13,12,478
48.5,7,13,13,480
48.5,7,13,14,483
48.5,7,13,15,485
48.5,7,14,0,455
48.5,7,14,1,457
48.5,7,14,2,459
48.5,7,14,3,461
48.5,7,14,4,464
48.5,7,14,5,466
48.5,7,14,6,468
48.5,7,14,7,470
48.5,7,14,8,472
48.5,7,14,9,474
48.5,7,14,10,477
48.5,7,14,11,479
48.5,7,14,12,481
48.5,7,14,13,483
48.5,7,14,14,485
48.5,7,14,15,487
48.5,7,15,0,457
48.5,7,15,1,459
48.5,7,15,2,462
48.5,7,15,3,464
48.5,7,15,4,466
48.5,7,15,5,468
48.5,7,15,6,470
48.5,7,15,7,473
48.5,7,15,8,475
48.5,7,15,9,477
48.5,7,15,10,479
48.5,7,15,11,481
48.5,7,15,12,483
48.5,7,15,13,485
48.5,7,15,14,488
48.5,7,15,15,490
48.5,8,0,0,427
48.5,8,0,1,429
48.5,8,0,2,431
48.5,8,0,3,433
48.5,8,0,4,435
48.5,8,0,5,437
48.5,8,0,6,439
48.5,8,0,7,441
48.5,8,0,8,444
48.5,8,0,9,446
48.5,8,0,10,448
48.5,8,0,11,450
48.5,8,0,12,452
48.5,8,0,13,453
48.5,8,0,14,455
48.5,8,0,15,457
48.5,8,1,0,430
48.5,8,1,1,432
48.5,8,1,2,434
48.5,8,1,3,436
48.5,8,1,4,438
48.5,8,1,5,440
48.5,8,1,6,442
48.5,8,1,7,444
48.5,8,1,8,446
48.5,8,1,9,448
48.5,8,1,10,450
48.5,8,1,11,452
48.5,8,1,12,454
48.5,8,1,13,456
48.5,8,1,14,458
48.5,8,1,15,460
48.5,8,2,0,432
48.5,8,2,1,434
48.5,8,2,2,436
48.5,8,2,3,438
48.5,8,2,4,441
48.5,8,2,5,443
48.5,8,2,6,445
48.5,8,2,7,447
48.5,8,2,8,449
48.5,8,2,9,451
48.5,8,2,10,453
48.5,8,2,11,455
48.5,8,2,12,457
48.5,8,2,13,459
48.5,8,2,14,461
48.5,8,2,15,463
48.5,8,3,0,435
48.5,8,3,1,437
48.5,8,3,2,439
48.5,8,3,3,441
48.5,8,3,4,443
48.5,8,3,5,445
48.5,8,3,6,447
48.5,8,3,7,449
48.5,8,3,8,451
48.5,8,3,9,454
48.5,8,3,10,456
48.5,8,3,11,458
48.5,8,3,12,460
48.5,8,3,13,462
48.5,8,3,14,464
48.5,8,3,15,466
48.5,8,4,0,437
48.5,8,4,1,439
48.5,8,4,2,442
48.5,8,4,3,444
48.5,8,4,4,446
48.5,8,4,5,448
48.5,8,4,6,450
48.5,8,4,7,452
48.5,8,4,8,454
48.5,8,4,9,456
48.5,8,4,10,458
48.5,8,4,11,460
48.5,8,4,12,462
48.5,8,4,13,464
48.5,8,4,14,466
48.5,8,4,15,468
48.5,8,5,0,440
48.5,8,5,1,442
48.5,8,5,2,444
48.5,8,5,3,446
48.5,8,5,4,448
48.5,8,5,5,450
48.5,8,5,6,453
48.5,8,5,7,455
48.5,8,5,8,457
48.5,8,5,9,459
48.5,8,5,10,461
48.5,8,5,11,463
48.5,8,5,12,465
48.5,8,5,13,467
48.5,8,5,14,469
48.5,8,5,15,471
48.5,8,6,0,442
48.5,8,6,1,444
48.5,8,6,2,447
48.5,8,6,3,449
48.5,8,6,4,451
48.5,8,6,5,453
48.5,8,6,6,455
48.5,8,6,7,457
48.5,8,6,8,459
48.5,8,6,9,461
48.5,8,6,10,463
48.5,8,6,11,466
48.5,8,6,12,468
48.5,8,6,13,470
48.5,8,6,14,472
48.5,8,6,15,474
48.5,8,7,0,445
48.5,8,7,1,447
48.5,8,7,2,449
48.5,8,7,3,451
48.5,8,7,4,453
48.5,8,7,5,456
48.5,8,7,6,458
48.5,8,7,7,460
48.5,8,7,8,462
48.5,8,7,9,464
48.5,8,7,10,466
48.5,8,7,11,468
48.5,8,7,12,470
48.5,8,7,13,472
48.5,8,7,14,474
48.5,8,7,15,476
48.5,8,8,0,447
48.5,8,8,1,449
48.5,8,8,2,452
48.5,8,8,3,454
48.5,8,8,4,456
48.5,8,8,5,458
48.5,8,8,6,460
48.5,8,8,7,462
48.5,8,8,8,464
48.5,8,8,9,467
48.5,8,8,10,469
48.5,8,8,11,471
48.5,8,8,12,473
48.5,8,8,13,475
48.5,8,8,14,477
48.5,8,8,15,479
48.5,8,9,0,450
48.5,8,9,1,452
48.5,8,9,2,454
48.5,8,9,3,456
48.5,8,9,4,458
48.5,8,9,5,461
48.5,8,9,6,463
48.5,8,9,7,465
48.5,8,9,8,467
48.5,8,9,9,469
48.5,8,9,10,471
48.5,8,9,11,473
48.5,8,9,12,475
48.5,8,9,13,477
48.5,8,9,14,480
48.5,8,9,15,482
48.5,8,10,0,452
48.5,8,10,1,454
48.5,8,10,2,456
48.5,8,10,3,459
48.5,8,10,4,461
48.5,8,10,5,463
48.5,8,10,6,465
48.5,8,10,7,467
48.5,8,10,8,469
48.5,8,10,9,472
48.5,8,10,10,474
48.5,8,10,11,476
48.5,8,10,12,478
48.5,8,10,13,480
48.5,8,10,14,482
48.5,8,10,15,484
48.5,8,11,0,455
48.5,8,11,1,457
48.5,8,11,2,459
48.5,8,11,3,461
48.5,8,11,4,463
48.5,8,11,5,466
48.5,8,11,6,468
48.5,8,11,7,470
48.5,8,11,8,472
48.5,8,11,9,474
48.5,8,11,10,476
48.5,8,11,11,478
48.5,8,11,12,481
48.5,8,11,13,483
48.5,8,11,14,485
48.5,8,11,15,487
48.5,8,12,0,457
48.5,8,12,1,459
48.5,8,12,2,461
48.5,8,12,3,464
48.5,8,12,4,466
48.5,8,12,5,468
48.5,8,12,6,470
48.5,8,12,7,472
48.5,8,12,8,475
48.5,8,12,9,477
48.5,8,12,10,479
48.5,8,12,11,481
48.5,8,12,12,483
48.5,8,12,13,485
48.5,8,12,14,487
48.5,8,12,15,489
48.5,8,13,0,459
48.5,8,13,1,462
48.5,8,13,2,464
48.5,8,13,3,466
48.5,8,13,4,468
48.5,8,13,5,470
48.5,8,13,6,473
48.5,8,13,7,475
48.5,8,13,8,477
48.5,8,13,9,479
48.5,8,13,10,481
48.5,8,13,11,483
48.5,8,13,12,486
48.5,8,13,13,488
48.5,8,13,14,490
48.5,8,13,15,492
48.5,8,14,0,462
48.5,8,14,1,464
48.5,8,14,2,466
48.5,8,14,3,468
48.5,8,14,4,471
48.5,8,14,5,473
48.5,8,14,6,475
48.5,8,14,7,477
48.5,8,14,8,479
48.5,8,14,9,482
48.5,8,14,10,484
48.5,8,14,11,486
48.5,8,14,12,488
48.5,8,14,13,490
48.5,8,14,14,492
48.5,8,14,15,495
48.5,8,15,0,464
48.5,8,15,1,466
48.5,8,15,2,469
48.5,8,15,3,471
48.5,8,15,4,473
48.5,8,15,5,475
48.5,8,15,6,478
48.5,8,15,7,480
48.5,8,15,8,482
48.5,8,15,9,484
48.5,8,15,10,486
48.5,8,15,11,488
48.5,8,15,12,491
48.5,8,15,13,493
48.5,8,15,14,495
48.5,8,15,15,497
48.5,9,0,0,433
48.5,9,0,1,436
48.5,9,0,2,438
48.5,9,0,3,440
48.5,9,0,4,442
48.5,9,0,5,444
48.5,9,0,6,446
48.5,9,0,7,448
48.5,9,0,8,450
48.5,9,0,9,452
48.5,9,0,10,454
48.5,9,0,11,456
48.5,9,0,12,458
48.5,9,0,13,460
48.5,9,0,14,462
48.5,9,0,15,464
48.5,9,1,0,436
48.5,9,1,1,438
48.5,9,1,2,440
48.5,9,1,3,442
48.5,9,1,4,445
48.5,9,1,5,447
48.5,9,1,6,449
48.5,9,1,7,451
48.5,9,1,8,453
48.5,9,1,9,455
48.5,9,1,10,457
48.5,9,1,11,459
48.5,9,1,12,461
48.5,9,1,13,463
48.5,9,1,14,465
48.5,9,1,15,467
48.5,9,2,0,439
48.5,9,2,1,441
48.5,9,2,2,443
48.5,9,2,3,445
48.5,9,2,4,447
48.5,9,2,5,449
48.5,9,2,6,451
48.5,9,2,7,453
48.5,9,2,8,456
48.5,9,2,9,458
48.5,9,2,10,460
48.5,9,2,11,462
48.5,9,2,12,464
48.5,9,2,13,466
48.5,9,2,14,468
48.5,9,2,15,470
48.5,9,3,0,441
48.5,9,3,1,443
48.5,9,3,2,446
48.5,9,3,3,448
48.5,9,3,4,450
48.5,9,3,5,452
48.5,9,3,6,454
48.5,9,3,7,456
48.5,9,3,8,458
48.5,9,3,9,460
48.5,9,3,10,462
48.5,9,3,11,464
48.5,9,3,12,466
48.5,9,3,13,469
48.5,9,3,14,471
48.5,9,3,15,473
48.5,9,4,0,444
48.5,9,4,1,446
48.5,9,4,2,448
48.5,9,4,3,450
48.5,9,4,4,452
48.5,9,4,5,455
48.5,9,4,6,457
48.5,9,4,7,459
48.5,9,4,8,461
48.5,9,4,9,463
48.5,9,4,10,465
48.5,9,4,11,467
48.5,9,4,12,469
48.5,9,4,13,471
48.5,9,4,14,473
48.5,9,4,15,475
48.5,9,5,0,446
48.5,9,5,1,449
48.5,9,5,2,451
48.5,9,5,3,453
48.5,9,5,4,455
48.5,9,5,5,457
48.5,9,5,6,459
48.5,9,5,7,461
48.5,9,5,8,464
48.5,9,5,9,466
48.5,9,5,10,468
48.5,9,5,11,470
48.5,9,5,12,472
48.5,9,5,13,474
48.5,9,5,14,476
48.5,9,5,15,478
48.5,9,6,0,449
48.5,9,6,1,451
48.5,9,6,2,453
48.5,9,6,3,455
48.5,9,6,4,458
48.5,9,6,5,460
48.5,9,6,6,462
48.5,9,6,7,464
48.5,9,6,8,466
48.5,9,6,9,468
48.5,9,6,10,470
48.5,9,6,11,472
48.5,9,6,12,475
48.5,9,6,13,477
48.5,9,6,14,479
48.5,9,6,15,481
48.5,9,7,0,451
48.5,9,7,1,454
48.5,9,7,2,456
48.5,9,7,3,458
48.5,9,7,4,460
48.5,9,7,5,462
48.5,9,7,6,464
48.5,9,7,7,467
48.5,9,7,8,469
48.5,9,7,9,471
48.5,9,7,10,473
48.5,9,7,11,475
48.5,9,7,12,477
48.5,9,7,13,479
48.5,9,7,14,481
48.5,9,7,15,483
48.5,9,8,0,454
48.5,9,8,1,456
48.5,9,8,2,458
48.5,9,8,3,461
48.5,9,8,4,463
48.5,9,8,5,465
48.5,9,8,6,467
48.5,9,8,7,469
48.5,9,8,8,471
48.5,9,8,9,473
48.5,9,8,10,476
48.5,9,8,11,478
48.5,9,8,12,480
48.5,9,8,13,482
48.5,9,8,14,484
48.5,9,8,15,486
48.5,9,9,0,456
48.5,9,9,1,459
48.5,9,9,2,461
48.5,9,9,3,463
48.5,9,9,4,465
48.5,9,9,5,467
48.5,9,9,6,470
48.5,9,9,7,472
48.5,9,9,8,474
48.5,9,9,9,476
48.5,9,9,10,478
48.5,9,9,11,480
48.5,9,9,12,482
48.5,9,9,13,485
48.5,9,9,14,487
48.5,9,9,15,489
48.5,9,10,0,459
48.5,9,10,1,461
48.5,9,10,2,463
48.5,9,10,3,466
48.5,9,10,4,468
48.5,9,10,5,470
48.5,9,10,6,472
48.5,9,10,7,474
48.5,9,10,8,477
48.5,9,10,9,479
48.5,9,10,10,481
48.5,9,10,11,483
48.5,9,10,12,485
48.5,9,10,13,487
48.5,9,10,14,489
48.5,9,10,15,491
48.5,9,11,0,461
48.5,9,11,1,464
48.5,9,11,2,466
48.5,9,11,3,468
48.5,9,11,4,470
48.5,9,11,5,472
48.5,9,11,6,475
48.5,9,11,7,477
48.5,9,11,8,479
48.5,9,11,9,481
48.5,9,11,10,483
48.5,9,11,11,486
48.5,9,11,12,488
48.5,9,11,13,490
48.5,9,11,14,492
48.5,9,11,15,494
48.5,9,12,0,464
48.5,9,12,1,466
48.5,9,12,2,468
48.5,9,12,3,471
48.5,9,12,4,473
48.5,9,12,5,475
48.5,9,12,6,477
48.5,9,12,7,479
48.5,9,12,8,482
48.5,9,12,9,484
48.5,9,12,10,486
48.5,9,12,11,488
48.5,9,12,12,490
48.5,9,12,13,492
48.5,9,12,14,495
48.5,9,12,15,497
48.5,9,13,0,466
48.5,9,13,1,468
48.5,9,13,2,471
48.5,9,13,3,473
48.5,9,13,4,475
48.5,9,13,5,477
48.5,9,13,6,480
48.5,9,13,7,482
48.5,9,13,8,484
48.5,9,13,9,486
48.5,9,13,10,489
48.5,9,13,11,491
48.5,9,13,12,493
48.5,9,13,13,495
48.5,9,13,14,497
48.5,9,13,15,499
48.5,9,14,0,469
48.5,9,14,1,471
48.5,9,14,2,473
48.5,9,14,3,475
48.5,9,14,4,478
48.5,9,14,5,480
48.5,9,14,6,482
48.5,9,14,7,484
48.5,9,14,8,487
48.5,9,14,9,489
48.5,9,14,10,491
48.5,9,14,11,493
48.5,9,14,12,495
48.5,9,14,13,498
48.5,9,14,14,500
48.5,9,14,15,502
48.5,9,15,0,471
48.5,9,15,1,473
48.5,9,15,2,476
48.5,9,15,3,478
48.5,9,15,4,480
48.5,9,15,5,482
48.5,9,15,6,485
48.5,9,15,7,487
48.5,9,15,8,489
48.5,9,15,9,491
48.5,9,15,10,494
48.5,9,15,11,496
48.5,9,15,12,498
48.5,9,15,13,500
48.5,9,15,14,502
48.5,9,15,15,505
48.5,10,0,0,440
48.5,10,0,1,442
48.5,10,0,2,444
48.5,10,0,3,446
48.5,10,0,4,448
48.5,10,0,5,450
48.5,10,0,6,453
48.5,10,0,7,455
48.5,10,0,8,457
48.5,10,0,9,459
48.5,10,0,10,461
48.5,10,0,11,463
48.5,10,0,12,465
48.5,10,0,13,467
48.5,10,0,14,469
48.5,10,0,15,471
48.5,10,1,0,442
48.5,10,1,1,445
48.5,10,1,2,447
48.5,10,1,3,449
48.5,10,1,4,451
48.5,10,1,5,453
48.5,10,1,6,455
48.5,10,1,7,457
48.5,10,1,8,460
48.5,10,1,9,462
48.5,10,1,10,464
48.5,10,1,11,466
48.5,10,1,12,468
48.5,10,1,13,470
48.5,10,1,14,472
48.5,10,1,15,474
48.5,10,2,0,445
48.5,10,2,1,447
48.5,10,2,2,449
48.5,10,2,3,452
48.5,10,2,4,454
48.5,10,2,5,456
48.5,10,2,6,458
48.5,10,2,7,460
48.5,10,2,8,462
48.5,10,2,9,464
48.5,10,2,10,466
48.5,10,2,11,469
48.5,10,2,12,471
48.5,10,2,13,473
48.5,10,2,14,475
48.5,10,2,15,477
48.5,10,3,0,448
48.5,10,3,1,450
48.5,10,3,2,452
48.5,10,3,3,454
48.5,10,3,4,456
48.5,10,3,5,459
48.5,10,3,6,461
48.5,10,3,7,463
48.5,10,3,8,465
48.5,10,3,9,467
48.5,10,3,10,469
48.5,10,3,11,471
48.5,10,3,12,473
48.5,10,3,13,475
48.5,10,3,14,477
48.5,10,3,15,480
48.5,10,4,0,450
48.5,10,4,1,453
48.5,10,4,2,455
48.5,10,4,3,457
48.5,10,4,4,459
48.5,10,4,5,461
48.5,10,4,6,463
48.5,10,4,7,466
48.5,10,4,8,468
48.5,10,4,9,470
48.5,10,4,10,472
48.5,10,4,11,474
48.5,10,4,12,476
48.5,10,4,13,478
48.5,10,4,14,480
48.5,10,4,15,482
48.5,10,5,0,453
48.5,10,5,1,455
48.5,10,5,2,457
48.5,10,5,3,460
48.5,10,5,4,462
48.5,10,5,5,464
48.5,10,5,6,466
48.5,10,5,7,468
48.5,10,5,8,470
48.5,10,5,9,472
48.5,10,5,10,475
48.5,10,5,11,477
48.5,10,5,12,479
48.5,10,5,13,481
48.5,10,5,14,483
48.5,10,5,15,485
48.5,10,6,0,455
48.5,10,6,1,458
48.5,10,6,2,460
48.5,10,6,3,462
48.5,10,6,4,464
48.5,10,6,5,467
48.5,10,6,6,469
48.5,10,6,7,471
48.5,10,6,8,473
48.5,10,6,9,475
48.5,10,6,10,477
48.5,10,6,11,479
48.5,10,6,12,482
48.5,10,6,13,484
48.5,10,6,14,486
48.5,10,6,15,488
48.5,10,7,0,458
48.5,10,7,1,460
48.5,10,7,2,462
48.5,10,7,3,465
48.5,10,7,4,467
48.5,10,7,5,469
48.5,10,7,6,471
48.5,10,7,7,473
48.5,10,7,8,476
48.5,10,7,9,478
48.5,10,7,10,480
48.5,10,7,11,482
48.5,10,7,12,484
48.5,10,7,13,486
48.5,10,7,14,488
48.5,10,7,15,491
48.5,10,8,0,461
48.5,10,8,1,463
48.5,10,8,2,465
48.5,10,8,3,467
48.5,10,8,4,470
48.5,10,8,5,472
48.5,10,8,6,474
48.5,10,8,7,476
48.5,10,8,8,478
48.5,10,8,9,480
48.5,10,8,10,483
48.5,10,8,11,485
48.5,10,8,12,487
48.5,10,8,13,489
48.5,10,8,14,491
48.5,10,8,15,493
48.5,10,9,0,463
48.5,10,9,1,465
48.5,10,9,2,468
48.5,10,9,3,470
48.5,10,9,4,472
48.5,10,9,5,474
48.5,10,9,6,477
48.5,10,9,7,479
48.5,10,9,8,481
48.5,10,9,9,483
48.5,10,9,10,485
48.5,10,9,11,487
48.5,10,9,12,490
48.5,10,9,13,492
48.5,10,9,14,494
48.5,10,9,15,496
48.5,10,10,0,466
48.5,10,10,1,468
48.5,10,10,2,470
48.5,10,10,3,472
48.5,10,10,4,475
48.5,10,10,5,477
48.5,10,10,6,479
48.5,10,10,7,481
48.5,10,10,8,484
48.5,10,10,9,486
48.5,10,10,10,488
48.5,10,10,11,490
48.5,10,10,12,492
48.5,10,10,13,494
48.5,10,10,14,497
48.5,10,10,15,499
48.5,10,11,0,468
48.5,10,11,1,470
48.5,10,11,2,473
48.5,10,11,3,475
48.5,10,11,4,477
48.5,10,11,5,479
48.5,10,11,6,482
48.5,10,11,7,484
48.5,10,11,8,486
48.5,10,11,9,488
48.5,10,11,10,491
48.5,10,11,11,493
48.5,10,11,12,495
48.5,10,11,13,497
48.5,10,11,14,499
48.5,10,11,15,501
48.5,10,12,0,471
48.5,10,12,1,473
48.5,10,12,2,475
48.5,10,12,3,477
48.5,10,12,4,480
48.5,10,12,5,482
48.5,10,12,6,484
48.5,10,12,7,486
48.5,10,12,8,489
48.5,10,12,9,491
48.5,10,12,10,493
48.5,10,12,11,495
48.5,10,12,12,498
48.5,10,12,13,500
48.5,10,12,14,502
48.5,10,12,15,504
48.5,10,13,0,473
48.5,10,13,1,475
48.5,10,13,2,478
48.5,10,13,3,480
48.5,10,13,4,482
48.5,10,13,5,485
48.5,10,13,6,487
48.5,10,13,7,489
48.5,10,13,8,491
48.5,10,13,9,494
48.5,10,13,10,496
48.5,10,13,11,498
48.5,10,13,12,500
48.5,10,13,13,502
48.5,10,13,14,505
48.5,10,13,15,507
48.5,10,14,0,476
48.5,10,14,1,478
48.5,10,14,2,480
48.5,10,14,3,482
48.5,10,14,4,485
48.5,10,14,5,487
48.5,10,14,6,489
48.5,10,14,7,492
48.5,10,14,8,494
48.5,10,14,9,496
48.5,10,14,10,498
48.5,10,14,11,501
48.5,10,14,12,503
48.5,10,14,13,505
48.5,10,14,14,507
48.5,10,14,15,509
48.5,10,15,0,478
48.5,10,15,1,480
48.5,10,15,2,483
48.5,10,15,3,485
48.5,10,15,4,487
48.5,10,15,5,490
48.5,10,15,6,492
48.5,10,15,7,494
48.5,10,15,8,496
48.5,10,15,9,499
48.5,10,15,10,501
48.5,10,15,11,503
48.5,10,15,12,505
48.5,10,15,13,508
48.5,10,15,14,510
48.5,10,15,15,512
48.5,11,0,0,446
48.5,11,0,1,448
48.5,11,0,2,451
48.5,11,0,3,453
48.5,11,0,4,455
48.5,11,0,5,457
48.5,11,0,6,459
48.5,11,0,7,461
48.5,11,0,8,463
48.5,11,0,9,465
48.5,11,0,10,468
48.5,11,0,11,470
48.5,11,0,12,472
48.5,11,0,13,474
48.5,11,0,14,476
48.5,11,0,15,478
48.5,11,1,0,449
48.5,11,1,1,451
48.5,11,1,2,453
48.5,11,1,3,455
48.5,11,1,4,458
48.5,11,1,5,460
48.5,11,1,6,462
48.5,11,1,7,464
48.5,11,1,8,466
48.5,11,1,9,468
48.5,11,1,10,470
48.5,11,1,11,472
48.5,11,1,12,475
48.5,11,1,13,477
48.5,11,1,14,479
48.5,11,1,15,481
48.5,11,2,0,452
48.5,11,2,1,454
48.5,11,2,2,456
48.5,11,2,3,458
48.5,11,2,4,460
48.5,11,2,5,462
48.5,11,2,6,465
48.5,11,2,7,467
48.5,11,2,8,469
48.5,11,2,9,471
48.5,11,2,10,473
48.5,11,2,11,475
48.5,11,2,12,477
48.5,11,2,13,479
48.5,11,2,14,482
48.5,11,2,15,484
48.5,11,3,0,454
48.5,11,3,1,456
48.5,11,3,2,459
48.5,11,3,3,461
48.5,11,3,4,463
48.5,11,3,5,465
48.5,11,3,6,467
48.5,11,3,7,470
48.5,11,3,8,472
48.5,11,3,9,474
48.5,11,3,10,476
48.5,11,3,11,478
48.5,11,3,12,480
48.5,11,3,13,482
48.5,11,3,14,484
48.5,11,3,15,486
48.5,11,4,0,457
48.5,11,4,1,459
48.5,11,4,2,461
48.5,11,4,3,464
48.5,11,4,4,466
48.5,11,4,5,468
48.5,11,4,6,470
48.5,11,4,7,472
48.5,11,4,8,474
48.5,11,4,9,477
48.5,11,4,10,479
48.5,11,4,11,481
48.5,11,4,12,483
48.5,11,4,13,485
48.5,11,4,14,487
48.5,11,4,15,489
48.5,11,5,0,459
48.5,11,5,1,462
48.5,11,5,2,464
48.5,11,5,3,466
48.5,11,5,4,468
48.5,11,5,5,471
48.5,11,5,6,473
48.5,11,5,7,475
48.5,11,5,8,477
48.5,11,5,9,479
48.5,11,5,10,481
48.5,11,5,11,484
48.5,11,5,12,486
48.5,11,5,13,488
48.5,11,5,14,490
48.5,11,5,15,492
48.5,11,6,0,462
48.5,11,6,1,464
48.5,11,6,2,467
48.5,11,6,3,469
48.5,11,6,4,471
48.5,11,6,5,473
48.5,11,6,6,475
48.5,11,6,7,478
48.5,11,6,8,480
48.5,11,6,9,482
48.5,11,6,10,484
48.5,11,6,11,486
48.5,11,6,12,489
48.5,11,6,13,491
48.5,11,6,14,493
48.5,11,6,15,495
48.5,11,7,0,465
48.5,11,7,1,467
48.5,11,7,2,469
48.5,11,7,3,471
48.5,11,7,4,474
48.5,11,7,5,476
48.5,11,7,6,478
48.5,11,7,7,480
48.5,11,7,8,483
48.5,11,7,9,485
48.5,11,7,10,487
48.5,11,7,11,489
48.5,11,7,12,491
48.5,11,7,13,493
48.5,11,7,14,496
48.5,11,7,15,498
48.5,11,8,0,467
48.5,11,8,1,470
48.5,11,8,2,472
48.5,11,8,3,474
48.5,11,8,4,476
48.5,11,8,5,479
48.5,11,8,6,481
48.5,11,8,7,483
48.5,11,8,8,485
48.5,11,8,9,487
48.5,11,8,10,490
48.5,11,8,11,492
48.5,11,8,12,494
48.5,11,8,13,496
48.5,11,8,14,498
48.5,11,8,15,500
48.5,11,9,0,470
48.5,11,9,1,472
48.5,11,9,2,474
48.5,11,9,3,477
48.5,11,9,4,479
48.5,11,9,5,481
48.5,11,9,6,483
48.5,11,9,7,486
48.5,11,9,8,488
48.5,11,9,9,490
48.5,11,9,10,492
48.5,11,9,11,495
48.5,11,9,12,497
48.5,11,9,13,499
48.5,11,9,14,501
48.5,11,9,15,503
48.5,11,10,0,472
48.5,11,10,1,475
48.5,11,10,2,477
48.5,11,10,3,479
48.5,11,10,4,482
48.5,11,10,5,484
48.5,11,10,6,486
48.5,11,10,7,488
48.5,11,10,8,491
48.5,11,10,9,493
48.5,11,10,10,495
48.5,11,10,11,497
48.5,11,10,12,499
48.5,11,10,13,502
48.5,11,10,14,504
48.5,11,10,15,506
48.5,11,11,0,475
48.5,11,11,1,477
48.5,11,11,2,480
48.5,11,11,3,482
48.5,11,11,4,484
48.5,11,11,5,486
48.5,11,11,6,489
48.5,11,11,7,491
48.5,11,11,8,493
48.5,11,11,9,495
48.5,11,11,10,498
48.5,11,11,11,500
48.5,11,11,12,502
48.5,11,11,13,504
48.5,11,11,14,506
48.5,11,11,15,509
48.5,11,12,0,477
48.5,11,12,1,480
48.5,11,12,2,482
48.5,11,12,3,484
48.5,11,12,4,487
48.5,11,12,5,489
48.5,11,12,6,491
48.5,11,12,7,494
48.5,11,12,8,496
48.5,11,12,9,498
48.5,11,12,10,500
48.5,11,12,11,503
48.5,11,12,12,505
48.5,11,12,13,507
48.5,11,12,14,509
48.5,11,12,15,511
48.5,11,13,0,480
48.5,11,13,1,482
48.5,11,13,2,485
48.5,11,13,3,487
48.5,11,13,4,489
48.5,11,13,5,492
48.5,11,13,6,494
48.5,11,13,7,496
48.5,11,13,8,498
48.5,11,13,9,501
48.5,11,13,10,503
48.5,11,13,11,505
48.5,11,13,12,507
48.5,11,13,13,510
48.5,11,13,14,512
48.5,11,13,15,514
48.5,11,14,0,482
48.5,11,14,1,485
48.5,11,14,2,487
48.5,11,14,3,489
48.5,11,14,4,492
48.5,11,14,5,494
48.5,11,14,6,496
48.5,11,14,7,499
48.5,11,14,8,501
48.5,11,14,9,503
48.5,11,14,10,506
48.5,11,14,11,508
48.5,11,14,12,510
48.5,11,14,13,512
48.5,11,14,14,514
48.5,11,14,15,517
48.5,11,15,0,485
48.5,11,15,1,487
48.5,11,15,2,490
48.5,11,15,3,492
48.5,11,15,4,494
48.5,11,15,5,497
48.5,11,15,6,499
48.5,11,15,7,501
48.5,11,15,8,504
48.5,11,15,9,506
48.5,11,15,10,508
48.5,11,15,11,510
48.5,11,15,12,513
48.5,11,15,13,515
48.5,11,15,14,517
48.5,11,15,15,519
48.5,12,0,0,453
48.5,12,0,1,455
48.5,12,0,2,457
48.5,12,0,3,459
48.5,12,0,4,461
48.5,12,0,5,464
48.5,12,0,6,466
48.5,12,0,7,468
48.5,12,0,8,470
48.5,12,0,9,472
48.5,12,0,10,474
48.5,12,0,11,476
48.5,12,0,12,478
48.5,12,0,13,481
48.5,12,0,14,483
48.5,12,0,15,485
48.5,12,1,0,455
48.5,12,1,1,458
48.5,12,1,2,460
48.5,12,1,3,462
48.5,12,1,4,464
48.5,12,1,5,466
48.5,12,1,6,469
48.5,12,1,7,471
48.5,12,1,8,473
48.5,12,1,9,475
48.5,12,1,10,477
48.5,12,1,11,479
48.5,12,1,12,481
48.5,12,1,13,483
48.5,12,1,14,486
48.5,12,1,15,488
48.5,12,2,0,458
48.5,12,2,1,460
48.5,12,2,2,462
48.5,12,2,3,465
48.5,12,2,4,467
48.5,12,2,5,469
48.5,12,2,6,471
48.5,12,2,7,473
48.5,12,2,8,476
48.5,12,2,9,478
48.5,12,2,10,480
48.5,12,2,11,482
48.5,12,2,12,484
48.5,12,2,13,486
48.5,12,2,14,488
48.5,12,2,15,491
48.5,12,3,0,461
48.5,12,3,1,463
48.5,12,3,2,465
48.5,12,3,3,467
48.5,12,3,4,470
48.5,12,3,5,472
48.5,12,3,6,474
48.5,12,3,7,476
48.5,12,3,8,478
48.5,12,3,9,481
48.5,12,3,10,483
48.5,12,3,11,485
48.5,12,3,12,487
48.5,12,3,13,489
48.5,12,3,14,491
48.5,12,3,15,493
48.5,12,4,0,463
48.5,12,4,1,466
48.5,12,4,2,468
48.5,12,4,3,470
48.5,12,4,4,472
48.5,12,4,5,475
48.5,12,4,6,477
48.5,12,4,7,479
48.5,12,4,8,481
48.5,12,4,9,483
48.5,12,4,10,486
48.5,12,4,11,488
48.5,12,4,12,490
48.5,12,4,13,492
48.5,12,4,14,494
48.5,12,4,15,496
48.5,12,5,0,466
48.5,12,5,1,468
48.5,12,5,2,471
48.5,12,5,3,473
48.5,12,5,4,475
48.5,12,5,5,477
48.5,12,5,6,480
48.5,12,5,7,482
48.5,12,5,8,484
48.5,12,5,9,486
48.5,12,5,10,488
48.5,12,5,11,491
48.5,12,5,12,493
48.5,12,5,13,495
48.5,12,5,14,497
48.5,12,5,15,499
48.5,12,6,0,469
48.5,12,6,1,471
48.5,12,6,2,473
48.5,12,6,3,476
48.5,12,6,4,478
48.5,12,6,5,480
48.5,12,6,6,482
48.5,12,6,7,485
48.5,12,6,8,487
48.5,12,6,9,489
48.5,12,6,10,491
48.5,12,6,11,493
48.5,12,6,12,496
48.5,12,6,13,498
48.5,12,6,14,500
48.5,12,6,15,502
48.5,12,7,0,471
48.5,12,7,1,474
48.5,12,7,2,476
48.5,12,7,3,478
48.5,12,7,4,480
48.5,12,7,5,483
48.5,12,7,6,485
48.5,12,7,7,487
48.5,12,7,8,489
48.5,12,7,9,492
48.5,12,7,10,494
48.5,12,7,11,496
48.5,12,7,12,498
48.5,12,7,13,500
48.5,12,7,14,503
48.5,12,7,15,505
48.5,12,8,0,474
48.5,12,8,1,476
48.5,12,8,2,479
48.5,12,8,3,481
48.5,12,8,4,483
48.5,12,8,5,485
48.5,12,8,6,488
48.5,12,8,7,490
48.5,12,8,8,492
48.5,12,8,9,494
48.5,12,8,10,497
48.5,12,8,11,499
48.5,12,8,12,501
48.5,12,8,13,503
48.5,12,8,14,505
48.5,12,8,15,508
48.5,12,9,0,477
48.5,12,9,1,479
48.5,12,9,2,481
48.5,12,9,3,483
48.5,12,9,4,486
48.5,12,9,5,488
48.5,12,9,6,490
48.5,12,9,7,493
48.5,12,9,8,495
48.5,12,9,9,497
48.5,12,9,10,499
48.5,12,9,11,502
48.5,12,9,12,504
48.5,12,9,13,506
48.5,12,9,14,508
48.5,12,9,15,510
48.5,12,10,0,479
48.5,12,10,1,481
48.5,12,10,2,484
48.5,12,10,3,486
48.5,12,10,4,488
48.5,12,10,5,491
48.5,12,10,6,493
48.5,12,10,7,495
48.5,12,10,8,498
48.5,12,10,9,500
48.5,12,10,10,502
48.5,12,10,11,504
48.5,12,10,12,507
48.5,12,10,13,509
48.5,12,10,14,511
48.5,12,10,15,513
48.5,12,11,0,482
48.5,12,11,1,484
48.5,12,11,2,486
48.5,12,11,3,489
48.5,12,11,4,491
48.5,12,11,5,493
48.5,12,11,6,496
48.5,12,11,7,498
48.5,12,11,8,500
48.5,12,11,9,502
48.5,12,11,10,505
48.5,12,11,11,507
48.5,12,11,12,509
48.5,12,11,13,511
48.5,12,11,14,514
48.5,12,11,15,516
48.5,12,12,0,484
48.5,12,12,1,487
48.5,12,12,2,489
48.5,12,12,3,491
48.5,12,12,4,494
48.5,12,12,5,496
48.5,12,12,6,498
48.5,12,12,7,501
48.5,12,12,8,503
48.5,12,12,9,505
48.5,12,12,10,507
48.5,12,12,11,510
48.5,12,12,12,512
48.5,12,12,13,514
48.5,12,12,14,516
48.5,12,12,15,519
48.5,12,13,0,487
48.5,12,13,1,489
48.5,12,13,2,492
48.5,12,13,3,494
48.5,12,13,4,496
48.5,12,13,5,499
48.5,12,13,6,501
48.5,12,13,7,503
48.5,12,13,8,506
48.5,12,13,9,508
48.5,12,13,10,510
48.5,12,13,11,512
48.5,12,13,12,515
48.5,12,13,13,517
48.5,12,13,14,519
48.5,12,13,15,521
48.5,12,14,0,489
48.5,12,14,1,492
48.5,12,14,2,494
48.5,12,14,3,496
48.5,12,14,4,499
48.5,12,14,5,501
48.5,12,14,6,504
48.5,12,14,7,506
48.5,12,14,8,508
48.5,12,14,9,510
48.5,12,14,10,513
48.5,12,14,11,515
48.5,12,14,12,517
48.5,12,14,13,520
48.5,12,14,14,522
48.5,12,14,15,524
48.5,12,15,0,492
48.5,12,15,1,494
48.5,12,15,2,497
48.5,12,15,3,499
48.5,12,15,4,501
48.5,12,15,5,504
48.5,12,15,6,506
48.5,12,15,7,508
48.5,12,15,8,511
48.5,12,15,9,513
48.5,12,15,10,515
48.5,12,15,11,518
48.5,12,15,12,520
48.5,12,15,13,522
48.5,12,15,14,525
48.5,12,15,15,527
48.5,13,0,0,459
48.5,13,0,1,461
48.5,13,0,2,463
48.5,13,0,3,466
48.5,13,0,4,468
48.5,13,0,5,470
48.5,13,0,6,472
48.5,13,0,7,474
48.5,13,0,8,477
48.5,13,0,9,479
48.5,13,0,10,481
48.5,13,0,11,483
48.5,13,0,12,485
48.5,13,0,13,487
48.5,13,0,14,489
48.5,13,0,15,492
48.5,13,1,0,462
48.5,13,1,1,464
48.5,13,1,2,466
48.5,13,1,3,468
48.5,13,1,4,471
48.5,13,1,5,473
48.5,13,1,6,475
48.5,13,1,7,477
48.5,13,1,8,480
48.5,13,1,9,482
48.5,13,1,10,484
48.5,13,1,11,486
48.5,13,1,12,488
48.5,13,1,13,490
48.5,13,1,14,492
48.5,13,1,15,495
48.5,13,2,0,464
48.5,13,2,1,467
48.5,13,2,2,469
48.5,13,2,3,471
48.5,13,2,4,473
48.5,13,2,5,476
48.5,13,2,6,478
48.5,13,2,7,480
48.5,13,2,8,482
48.5,13,2,9,485
48.5,13,2,10,487
48.5,13,2,11,489
48.5,13,2,12,491
48.5,13,2,13,493
48.5,13,2,14,495
48.5,13,2,15,497
48.5,13,3,0,467
48.5,13,3,1,469
48.5,13,3,2,472
48.5,13,3,3,474
48.5,13,3,4,476
48.5,13,3,5,479
48.5,13,3,6,481
48.5,13,3,7,483
48.5,13,3,8,485
48.5,13,3,9,487
48.5,13,3,10,490
48.5,13,3,11,492
48.5,13,3,12,494
48.5,13,3,13,496
48.5,13,3,14,498
48.5,13,3,15,500
48.5,13,4,0,470
48.5,13,4,1,472
48.5,13,4,2,474
48.5,13,4,3,477
48.5,13,4,4,479
48.5,13,4,5,481
48.5,13,4,6,484
48.5,13,4,7,486
48.5,13,4,8,488
48.5,13,4,9,490
48.5,13,4,10,492
48.5,13,4,11,495
48.5,13,4,12,497
48.5,13,4,13,499
48.5,13,4,14,501
48.5,13,4,15,503
48.5,13,5,0,473
48.5,13,5,1,475
48.5,13,5,2,477
48.5,13,5,3,480
48.5,13,5,4,482
48.5,13,5,5,484
48.5,13,5,6,486
48.5,13,5,7,489
48.5,13,5,8,491
48.5,13,5,9,493
48.5,13,5,10,495
48.5,13,5,11,497
48.5,13,5,12,500
48.5,13,5,13,502
48.5,13,5,14,504
48.5,13,5,15,506
48.5,13,6,0,475
48.5,13,6,1,478
48.5,13,6,2,480
48.5,13,6,3,482
48.5,13,6,4,485
48.5,13,6,5,487
48.5,13,6,6,489
48.5,13,6,7,491
48.5,13,6,8,494
48.5,13,6,9,496
48.5,13,6,10,498
48.5,13,6,11,500
48.5,13,6,12,502
48.5,13,6,13,505
48.5,13,6,14,507
48.5,13,6,15,509
48.5,13,7,0,478
48.5,13,7,1,480
48.5,13,7,2,483
48.5,13,7,3,485
48.5,13,7,4,487
48.5,13,7,5,490
48.5,13,7,6,492
48.5,13,7,7,494
48.5,13,7,8,496
48.5,13,7,9,499
48.5,13,7,10,501
48.5,13,7,11,503
48.5,13,7,12,505
48.5,13,7,13,508
48.5,13,7,14,510
48.5,13,7,15,512
48.5,13,8,0,481
48.5,13,8,1,483
48.5,13,8,2,485
48.5,13,8,3,488
48.5,13,8,4,490
48.5,13,8,5,492
48.5,13,8,6,495
48.5,13,8,7,497
48.5,13,8,8,499
48.5,13,8,9,501
48.5,13,8,10,504
48.5,13,8,11,506
48.5,13,8,12,508
48.5,13,8,13,510
48.5,13,8,14,513
48.5,13,8,15,515
48.5,13,9,0,483
48.5,13,9,1,486
48.5,13,9,2,488
48.5,13,9,3,490
48.5,13,9,4,493
48.5,13,9,5,495
48.5,13,9,6,497
48.5,13,9,7,500
48.5,13,9,8,502
48.5,13,9,9,504
48.5,13,9,10,506
48.5,13,9,11,509
48.5,13,9,12,511
48.5,13,9,13,513
48.5,13,9,14,515
48.5,13,9,15,518
48.5,13,10,0,486
48.5,13,10,1,488
48.5,13,10,2,491
48.5,13,10,3,493
48.5,13,10,4,495
48.5,13,10,5,498
48.5,13,10,6,500
48.5,13,10,7,502
48.5,13,10,8,505
48.5,13,10,9,507
48.5,13,10,10,509
48.5,13,10,11,511
48.5,13,10,12,514
48.5,13,10,13,516
48.5,13,10,14,518
48.5,13,10,15,520
48.5,13,11,0,488
48.5,13,11,1,491
48.5,13,11,2,493
48.5,13,11,3,496
48.5,13,11,4,498
48.5,13,11,5,500
48.5,13,11,6,503
48.5,13,11,7,505
48.5,13,11,8,507
48.5,13,11,9,510
48.5,13,11,10,512
48.5,13,11,11,514
48.5,13,11,12,516
48.5,13,11,13,519
48.5,13,11,14,521
48.5,13,11,15,523
48.5,13,12,0,491
48.5,13,12,1,493
48.5,13,12,2,496
48.5,13,12,3,498
48.5,13,12,4,501
48.5,13,12,5,503
48.5,13,12,6,505
48.5,13,12,7,508
48.5,13,12,8,510
48.5,13,12,9,512
48.5,13,12,10,515
48.5,13,12,11,517
48.5,13,12,12,519
48.5,13,12,13,521
48.5,13,12,14,524
48.5,13,12,15,526
48.5,13,13,0,494
48.5,13,13,1,496
48.5,13,13,2,498
48.5,13,13,3,501
48.5,13,13,4,503
48.5,13,13,5,506
48.5,13,13,6,508
48.5,13,13,7,510
48.5,13,13,8,513
48.5,13,13,9,515
48.5,13,13,10,517
48.5,13,13,11,520
48.5,13,13,12,522
48.5,13,13,13,524
48.5,13,13,14,526
48.5,13,13,15,529
48.5,13,14,0,496
48.5,13,14,1,499
48.5,13,14,2,501
48.5,13,14,3,503
48.5,13,14,4,506
48.5,13,14,5,508
48.5,13,14,6,511
48.5,13,14,7,513
48.5,13,14,8,515
48.5,13,14,9,518
48.5,13,14,10,520
48.5,13,14,11,522
48.5,13,14,12,525
48.5,13,14,13,527
48.5,13,14,14,529
48.5,13,14,15,531
48.5,13,15,0,499
48.5,13,15,1,501
48.5,13,15,2,504
48.5,13,15,3,506
48.5,13,15,4,508
48.5,13,15,5,511
48.5,13,15,6,513
48.5,13,15,7,516
48.5,13,15,8,518
48.5,13,15,9,520
48.5,13,15,10,523
48.5,13,15,11,525
48.5,13,15,12,527
48.5,13,15,13,530
48.5,13,15,14,532
48.5,13,15,15,534
48.5,14,0,0,465
48.5,14,0,1,468
48.5,14,0,2,470
48.5,14,0,3,472
48.5,14,0,4,474
48.5,14,0,5,477
48.5,14,0,6,479
48.5,14,0,7,481
48.5,14,0,8,483
48.5,14,0,9,485
48.5,14,0,10,488
48.5,14,0,11,490
48.5,14,0,12,492
48.5,14,0,13,494
48.5,14,0,14,496
48.5,14,0,15,498
48.5,14,1,0,468
48.5,14,1,1,470
48.5,14,1,2,473
48.5,14,1,3,475
48.5,14,1,4,477
48.5,14,1,5,479
48.5,14,1,6,482
48.5,14,1,7,484
48.5,14,1,8,486
48.5,14,1,9,488
48.5,14,1,10,491
48.5,14,1,11,493
48.5,14,1,12,495
48.5,14,1,13,497
48.5,14,1,14,499
48.5,14,1,15,501
48.5,14,2,0,471
48.5,14,2,1,473
48.5,14,2,2,476
48.5,14,2,3,478
48.5,14,2,4,480
48.5,14,2,5,482
48.5,14,2,6,485
48.5,14,2,7,487
48.5,14,2,8,489
48.5,14,2,9,491
48.5,14,2,10,493
48.5,14,2,11,496
48.5,14,2,12,498
48.5,14,2,13,500
48.5,14,2,14,502
48.5,14,2,15,504
48.5,14,3,0,474
48.5,14,3,1,476
48.5,14,3,2,478
48.5,14,3,3,481
48.5,14,3,4,483
48.5,14,3,5,485
48.5,14,3,6,487
48.5,14,3,7,490
48.5,14,3,8,492
48.5,14,3,9,494
48.5,14,3,10,496
48.5,14,3,11,499
48.5,14,3,12,501
48.5,14,3,13,503
48.5,14,3,14,505
48.5,14,3,15,507
48.5,14,4,0,476
48.5,14,4,1,479
48.5,14,4,2,481
48.5,14,4,3,483
48.5,14,4,4,486
48.5,14,4,5,488
48.5,14,4,6,490
48.5,14,4,7,493
48.5,14,4,8,495
48.5,14,4,9,497
48.5,14,4,10,499
48.5,14,4,11,501
48.5,14,4,12,504
48.5,14,4,13,506
48.5,14,4,14,508
48.5,14,4,15,510
48.5,14,5,0,479
48.5,14,5,1,482
48.5,14,5,2,484
48.5,14,5,3,486
48.5,14,5,4,488
48.5,14,5,5,491
48.5,14,5,6,493
48.5,14,5,7,495
48.5,14,5,8,498
48.5,14,5,9,500
48.5,14,5,10,502
48.5,14,5,11,504
48.5,14,5,12,507
48.5,14,5,13,509
48.5,14,5,14,511
48.5,14,5,15,513
48.5,14,6,0,482
48.5,14,6,1,484
48.5,14,6,2,487
48.5,14,6,3,489
48.5,14,6,4,491
48.5,14,6,5,494
48.5,14,6,6,496
48.5,14,6,7,498
48.5,14,6,8,500
48.5,14,6,9,503
48.5,14,6,10,505
48.5,14,6,11,507
48.5,14,6,12,509
48.5,14,6,13,512
48.5,14,6,14,514
48.5,14,6,15,516
48.5,14,7,0,485
48.5,14,7,1,487
48.5,14,7,2,489
48.5,14,7,3,492
48.5,14,7,4,494
48.5,14,7,5,496
48.5,14,7,6,499
48.5,14,7,7,501
48.5,14,7,8,503
48.5,14,7,9,506
48.5,14,7,10,508
48.5,14,7,11,510
48.5,14,7,12,512
48.5,14,7,13,515
48.5,14,7,14,517
48.5,14,7,15,519
48.5,14,8,0,487
48.5,14,8,1,490
48.5,14,8,2,492
48.5,14,8,3,494
48.5,14,8,4,497
48.5,14,8,5,499
48.5,14,8,6,501
48.5,14,8,7,504
48.5,14,8,8,506
48.5,14,8,9,508
48.5,14,8,10,511
48.5,14,8,11,513
48.5,14,8,12,515
48.5,14,8,13,517
48.5,14,8,14,520
48.5,14,8,15,522
48.5,14,9,0,490
48.5,14,9,1,492
48.5,14,9,2,495
48.5,14,9,3,497
48.5,14,9,4,499
48.5,14,9,5,502
48.5,14,9,6,504
48.5,14,9,7,507
48.5,14,9,8,509
48.5,14,9,9,511
48.5,14,9,10,513
48.5,14,9,11,516
48.5,14,9,12,518
48.5,14,9,13,520
48.5,14,9,14,523
48.5,14,9,15,525
48.5,14,10,0,493
48.5,14,10,1,495
48.5,14,10,2,497
48.5,14,10,3,500
48.5,14,10,4,502
48.5,14,10,5,505
48.5,14,10,6,507
48.5,14,10,7,509
48.5,14,10,8,512
48.5,14,10,9,514
48.5,14,10,10,516
48.5,14,10,11,519
48.5,14,10,12,521
48.5,14,10,13,523
48.5,14,10,14,525
48.5,14,10,15,528
48.5,14,11,0,495
48.5,14,11,1,498
48.5,14,11,2,500
48.5,14,11,3,502
48.5,14,11,4,505
48.5,14,11,5,507
48.5,14,11,6,510
48.5,14,11,7,512
48.5,14,11,8,514
48.5,14,11,9,517
48.5,14,11,10,519
48.5,14,11,11,521
48.5,14,11,12,524
48.5,14,11,13,526
48.5,14,11,14,528
48.5,14,11,15,530
48.5,14,12,0,498
48.5,14,12,1,500
48.5,14,12,2,503
48.5,14,12,3,505
48.5,14,12,4,508
48.5,14,12,5,510
48.5,14,12,6,512
48.5,14,12,7,515
48.5,14,12,8,517
48.5,14,12,9,519
48.5,14,12,10,522
48.5,14,12,11,524
48.5,14,12,12,526
48.5,14,12,13,529
48.5,14,12,14,531
48.5,14,12,15,533
48.5,14,13,0,501
48.5,14,13,1,503
48.5,14,13,2,505
48.5,14,13,3,508
48.5,14,13,4,510
48.5,14,13,5,513
48.5,14,13,6,515
48.5,14,13,7,517
48.5,14,13,8,520
48.5,14,13,9,522
48.5,14,13,10,524
48.5,14,13,11,527
48.5,14,13,12,529
48.5,14,13,13,531
48.5,14,13,14,534
48.5,14,13,15,536
48.5,14,14,0,503
48.5,14,14,1,506
48.5,14,14,2,508
48.5,14,14,3,510
48.5,14,14,4,513
48.5,14,14,5,515
48.5,14,14,6,518
48.5,14,14,7,520
48.5,14,14,8,522
48.5,14,14,9,525
48.5,14,14,10,527
48.5,14,14,11,530
48.5,14,14,12,532
48.5,14,14,13,534
48.5,14,14,14,537
48.5,14,14,15,539
48.5,14,15,0,506
48.5,14,15,1,508
48.5,14,15,2,511
48.5,14,15,3,513
48.5,14,15,4,516
48.5,14,15,5,518
48.5,14,15,6,520
48.5,14,15,7,523
48.5,14,15,8,525
48.5,14,15,9,528
48.5,14,15,10,530
48.5,14,15,11,532
48.5,14,15,12,535
48.5,14,15,13,537
48.5,14,15,14,539
48.5,14,15,15,542
48.5,15,0,0,472
48.5,15,0,1,474
48.5,15,0,2,476
48.5,15,0,3,479
48.5,15,0,4,481
48.5,15,0,5,483
48.5,15,0,6,485
48.5,15,0,7,488
48.5,15,0,8,490
48.5,15,0,9,492
48.5,15,0,10,494
48.5,15,0,11,497
48.5,15,0,12,499
48.5,15,0,13,501
48.5,15,0,14,503
48.5,15,0,15,505
48.5,15,1,0,475
48.5,15,1,1,477
48.5,15,1,2,479
48.5,15,1,3,482
48.5,15,1,4,484
48.5,15,1,5,486
48.5,15,1,6,488
48.5,15,1,7,491
48.5,15,1,8,493
48.5,15,1,9,495
48.5,15,1,10,497
48.5,15,1,11,500
48.5,15,1,12,502
48.5,15,1,13,504
48.5,15,1,14,506
48.5,15,1,15,508
48.5,15,2,0,477
48.5,15,2,1,480
48.5,15,2,2,482
48.5,15,2,3,484
48.5,15,2,4,487
48.5,15,2,5,489
48.5,15,2,6,491
48.5,15,2,7,494
48.5,15,2,8,496
48.5,15,2,9,498
48.5,15,2,10,500
48.5,15,2,11,502
48.5,15,2,12,505
48.5,15,2,13,507
48.5,15,2,14,509
48.5,15,2,15,511
48.5,15,3,0,480
48.5,15,3,1,483
48.5,15,3,2,485
48.5,15,3,3,487
48.5,15,3,4,490
48.5,15,3,5,492
48.5,15,3,6,494
48.5,15,3,7,496
48.5,15,3,8,499
48.5,15,3,9,501
48.5,15,3,10,503
48.5,15,3,11,505
48.5,15,3,12,508
48.5,15,3,13,510
48.5,15,3,14,512
48.5,15,3,15,514
48.5,15,4,0,483
48.5,15,4,1,485
48.5,15,4,2,488
48.5,15,4,3,490
48.5,15,4,4,492
48.5,15,4,5,495
48.5,15,4,6,497
48.5,15,4,7,499
48.5,15,4,8,502
48.5,15,4,9,504
48.5,15,4,10,506
48.5,15,4,11,508
48.5,15,4,12,511
48.5,15,4,13,513
48.5,15,4,14,515
48.5,15,4,15,517
48.5,15,5,0,486
48.5,15,5,1,488
48.5,15,5,2,490
48.5,15,5,3,493
48.5,15,5,4,495
48.5,15,5,5,498
48.5,15,5,6,500
48.5,15,5,7,502
48.5,15,5,8,504
48.5,15,5,9,507
48.5,15,5,10,509
48.5,15,5,11,511
48.5,15,5,12,514
48.5,15,5,13,516
48.5,15,5,14,518
48.5,15,5,15,520
48.5,15,6,0,488
48.5,15,6,1,491
48.5,15,6,2,493
48.5,15,6,3,496
48.5,15,6,4,498
48.5,15,6,5,500
48.5,15,6,6,503
48.5,15,6,7,505
48.5,15,6,8,507
48.5,15,6,9,510
48.5,15,6,10,512
48.5,15,6,11,514
48.5,15,6,12,516
48.5,15,6,13,519
48.5,15,6,14,521
48.5,15,6,15,523
48.5,15,7,0,491
48.5,15,7,1,494
48.5,15,7,2,496
48.5,15,7,3,498
48.5,15,7,4,501
48.5,15,7,5,503
48.5,15,7,6,505
48.5,15,7,7,508
48.5,15,7,8,510
48.5,15,7,9,512
48.5,15,7,10,515
48.5,15,7,11,517
48.5,15,7,12,519
48.5,15,7,13,522
48.5,15,7,14,524
48.5,15,7,15,526
48.5,15,8,0,494
48.5,15,8,1,496
48.5,15,8,2,499
48.5,15,8,3,501
48.5,15,8,4,504
48.5,15,8,5,506
48.5,15,8,6,508
48.5,15,8,7,511
48.5,15,8,8,513
48.5,15,8,9,515
48.5,15,8,10,518
48.5,15,8,11,520
48.5,15,8,12,522
48.5,15,8,13,525
48.5,15,8,14,527
48.5,15,8,15,529
48.5,15,9,0,497
48.5,15,9,1,499
48.5,15,9,2,502
48.5,15,9,3,504
48.5,15,9,4,506
48.5,15,9,5,509
48.5,15,9,6,511
48.5,15,9,7,513
48.5,15,9,8,516
48.5,15,9,9,518
48.5,15,9,10,520
48.5,15,9,11,523
48.5,15,9,12,525
48.5,15,9,13,527
48.5,15,9,14,530
48.5,15,9,15,532
48.5,15,10,0,499
48.5,15,10,1,502
48.5,15,10,2,504
48.5,15,10,3,507
48.5,15,10,4,509
48.5,15,10,5,511
48.5,15,10,6,514
48.5,15,10,7,516
48.5,15,10,8,519
48.5,15,10,9,521
48.5,15,10,10,523
48.5,15,10,11,526
48.5,15,10,12,528
48.5,15,10,13,530
48.5,15,10,14,533
48.5,15,10,15,535
48.5,15,11,0,502
48.5,15,11,1,505
48.5,15,11,2,507
48.5,15,11,3,509
48.5,15,11,4,512
48.5,15,11,5,514
48.5,15,11,6,517
48.5,15,11,7,519
48.5,15,11,8,521
48.5,15,11,9,524
48.5,15,11,10,526
48.5,15,11,11,528
48.5,15,11,12,531
48.5,15,11,13,533
48.5,15,11,14,535
48.5,15,11,15,538
48.5,15,12,0,505
48.5,15,12,1,507
48.5,15,12,2,510
48.5,15,12,3,512
48.5,15,12,4,515
48.5,15,12,5,517
48.5,15,12,6,519
48.5,15,12,7,522
48.5,15,12,8,524
48.5,15,12,9,527
48.5,15,12,10,529
48.5,15,12,11,531
48.5,15,12,12,534
48.5,15,12,13,536
48.5,15,12,14,538
48.5,15,12,15,541
48.5,15,13,0,507
48.5,15,13,1,510
48.5,15,13,2,512
48.5,15,13,3,515
48.5,15,13,4,517
48.5,15,13,5,520
48.5,15,13,6,522
48.5,15,13,7,525
48.5,15,13,8,527
48.5,15,13,9,529
48.5,15,13,10,532
48.5,15,13,11,534
48.5,15,13,12,536
48.5,15,13,13,539
48.5,15,13,14,541
48.5,15,13,15,543
48.5,15,14,0,510
48.5,15,14,1,513
48.5,15,14,2,515
48.5,15,14,3,517
48.5,15,14,4,520
48.5,15,14,5,522
48.5,15,14,6,525
48.5,15,14,7,527
48.5,15,14,8,530
48.5,15,14,9,532
48.5,15,14,10,534
48.5,15,14,11,537
48.5,15,14,12,539
48.5,15,14,13,542
48.5,15,14,14,544
48.5,15,14,15,546
48.5,15,15,0,513
48.5,15,15,1,515
48.5,15,15,2,518
48.5,15,15,3,520
48.5,15,15,4,523
48.5,15,15,5,525
48.5,15,15,6,528
48.5,15,15,7,530
48.5,15,15,8,532
48.5,15,15,9,535
48.5,15,15,10,537
48.5,15,15,11,540
48.5,15,15,12,542
48.5,15,15,13,544
48.5,15,15,14,547
48.5,15,15,15,549
49.0,0,0,0,378
49.0,0,0,1,380
49.0,0,0,2,382
49.0,0,0,3,384
49.0,0,0,4,386
49.0,0,0,5,387
49.0,0,0,6,389
49.0,0,0,7,391
49.0,0,0,8,393
49.0,0,0,9,395
49.0,0,0,10,396
49.0,0,0,11,398
49.0,0,0,12,400
49.0,0,0,13,402
49.0,0,0,14,403
49.0,0,0,15,405
49.0,0,1,0,381
49.0,0,1,1,382
49.0,0,1,2,384
49.0,0,1,3,386
49.0,0,1,4,388
49.0,0,1,5,390
49.0,0,1,6,392
49.0,0,1,7,393
49.0,0,1,8,395
49.0,0,1,9,397
49.0,0,1,10,399
49.0,0,1,11,401
49.0,0,1,12,402
49.0,0,1,13,404
49.0,0,1,14,406
49.0,0,1,15,408
49.0,0,2,0,383
49.0,0,2,1,385
49.0,0,2,2,387
49.0,0,2,3,388
49.0,0,2,4,390
49.0,0,2,5,392
49.0,0,2,6,394
49.0,0,2,7,396
49.0,0,2,8,398
49.0,0,2,9,399
49.0,0,2,10,401
49.0,0,2,11,403
49.0,0,2,12,405
49.0,0,2,13,407
49.0,0,2,14,408
49.0,0,2,15,410
49.0,0,3,0,385
49.0,0,3,1,387
49.0,0,3,2,389
49.0,0,3,3,391
49.0,0,3,4,393
49.0,0,3,5,394
49.0,0,3,6,396
49.0,0,3,7,398
49.0,0,3,8,400
49.0,0,3,9,402
49.0,0,3,10,404
49.0,0,3,11,405
49.0,0,3,12,407
49.0,0,3,13,409
49.0,0,3,14,411
49.0,0,3,15,412
49.0,0,4,0,387
49.0,0,4,1,389
49.0,0,4,2,391
49.0,0,4,3,393
49.0,0,4,4,395
49.0,0,4,5,397
49.0,0,4,6,399
49.0,0,4,7,400
49.0,0,4,8,402
49.0,0,4,9,404
49.0,0,4,10,406
49.0,0,4,11,408
49.0,0,4,12,409
49.0,0,4,13,411
49.0,0,4,14,413
49.0,0,4,15,415
49.0,0,5,0,390
49.0,0,5,1,391
49.0,0,5,2,393
49.0,0,5,3,395
49.0,0,5,4,397
49.0,0,5,5,399
49.0,0,5,6,401
49.0,0,5,7,403
49.0,0,5,8,405
49.0,0,5,9,406
49.0,0,5,10,408
49.0,0,5,11,410
49.0,0,5,12,412
49.0,0,5,13,414
49.0,0,5,14,415
49.0,0,5,15,417
49.0,0,6,0,392
49.0,0,6,1,394
49.0,0,6,2,396
49.0,0,6,3,397
49.0,0,6,4,399
49.0,0,6,5,401
49.0,0,6,6,403
49.0,0,6,7,405
49.0,0,6,8,407
49.0,0,6,9,409
49.0,0,6,10,410
49.0,0,6,11,412
49.0,0,6,12,414
49.0,0,6,13,416
49.0,0,6,14,418
49.0,0,6,15,420
49.0,0,7,0,394
49.0,0,7,1,396
49.0,0,7,2,398
49.0,0,7,3,400
49.0,0,7,4,402
49.0,0,7,5,403
49.0,0,7,6,405
49.0,0,7,7,407
49.0,0,7,8,409
49.0,0,7,9,411
49.0,0,7,10,413
49.0,0,7,11,415
49.0,0,7,12,416
49.0,0,7,13,418
49.0,0,7,14,420
49.0,0,7,15,422
49.0,0,8,0,396
49.0,0,8,1,398
49.0,0,8,2,400
49.0,0,8,3,402
49.0,0,8,4,404
49.0,0,8,5,406
49.0,0,8,6,408
49.0,0,8,7,409
49.0,0,8,8,411
49.0,0,8,9,413
49.0,0,8,10,415
49.0,0,8,11,417
49.0,0,8,12,419
49.0,0,8,13,421
49.0,0,8,14,422
49.0,0,8,15,424
49.0,0,9,0,398
49.0,0,9,1,400
49.0,0,9,2,402
49.0,0,9,3,404
49.0,0,9,4,406
49.0,0,9,5,408
49.0,0,9,6,410
49.0,0,9,7,412
49.0,0,9,8,414
49.0,0,9,9,415
49.0,0,9,10,417
49.0,0,9,11,419
49.0,0,9,12,421
49.0,0,9,13,423
49.0,0,9,14,425
49.0,0,9,15,427
49.0,0,10,0,400
49.0,0,10,1,402
49.0,0,10,2,404
49.0,0,10,3,406
49.0,0,10,4,408
49.0,0,10,5,410
49.0,0,10,6,412
49.0,0,10,7,414
49.0,0,10,8,416
49.0,0,10,9,418
49.0,0,10,10,420
49.0,0,10,11,422
49.0,0,10,12,423
49.0,0,10,13,425
49.0,0,10,14,427
49.0,0,10,15,429
49.0,0,11,0,403
49.0,0,11,1,405
49.0,0,11,2,407
49.0,0,11,3,408
49.0,0,11,4,410
49.0,0,11,5,412
49.0,0,11,6,414
49.0,0,11,7,416
49.0,0,11,8,418
49.0,0,11,9,420
49.0,0,11,10,422
49.0,0,11,11,424
49.0,0,11,12,426
49.0,0,11,13,428
49.0,0,11,14,429
49.0,0,11,15,431
49.0,0,12,0,405
49.0,0,12,1,407
49.0,0,12,2,409
49.0,0,12,3,411
49.0,0,12,4,413
49.0,0,12,5,415
49.0,0,12,6,416
49.0,0,12,7,418
49.0,0,12,8,420
49.0,0,12,9,422
49.0,0,12,10,424
49.0,0,12,11,426
49.0,0,12,12,428
49.0,0,12,13,430
49.0,0,12,14,432
49.0,0,12,15,434
49.0,0,13,0,407
49.0,0,13,1,409
49.0,0,13,2,411
49.0,0,13,3,413
49.0,0,13,4,415
49.0,0,13,5,417
49.0,0,13,6,419
49.0,0,13,7,421
49.0,0,13,8,423
49.0,0,13,9,424
49.0,0,13,10,426
49.0,0,13,11,428
49.0,0,13,12,430
49.0,0,13,13,432
49.0,0,13,14,434
49.0,0,13,15,436
49.0,0,14,0,409
49.0,0,14,1,411
49.0,0,14,2,413
49.0,0,14,3,415
49.0,0,14,4,417
49.0,0,14,5,419
49.0,0,14,6,421
49.0,0,14,7,423
49.0,0,14,8,425
49.0,0,14,9,427
49.0,0,14,10,429
49.0,0,14,11,430
49.0,0,14,12,432
49.0,0,14,13,434
49.0,0,14,14,436
49.0,0,14,15,438
49.0,0,15,0,411
49.0,0,15,1,413
49.0,0,15,2,415
49.0,0,15,3,417
49.0,0,15,4,419
49.0,0,15,5,421
49.0,0,15,6,423
49.0,0,15,7,425
49.0,0,15,8,427
49.0,0,15,9,429
49.0,0,15,10,431
49.0,0,15,11,433
49.0,0,15,12,435
49.0,0,15,13,437
49.0,0,15,14,438
49.0,0,15,15,440
49.0,1,0,0,385
49.0,1,0,1,387
49.0,1,0,2,388
49.0,1,0,3,390
49.0,1,0,4,392
49.0,1,0,5,394
49.0,1,0,6,396
49.0,1,0,7,398
49.0,1,0,8,400
49.0,1,0,9,401
49.0,1,0,10,403
49.0,1,0,11,405
49.0,1,0,12,407
49.0,1,0,13,409
49.0,1,0,14,410
49.0,1,0,15,412
49.0,1,1,0,387
49.0,1,1,1,389
49.0,1,1,2,391
49.0,1,1,3,393
49.0,1,1,4,395
49.0,1,1,5,396
49.0,1,1,6,398
49.0,1,1,7,400
49.0,1,1,8,402
49.0,1,1,9,404
49.0,1,1,10,406
49.0,1,1,11,407
49.0,1,1,12,409
49.0,1,1,13,411
49.0,1,1,14,413
49.0,1,1,15,415
49.0,1,2,0,389
49.0,1,2,1,391
49.0,1,2,2,393
49.0,1,2,3,395
49.0,1,2,4,397
49.0,1,2,5,399
49.0,1,2,6,401
49.0,1,2,7,402
49.0,1,2,8,404
49.0,1,2,9,406
49.0,1,2,10,408
49.0,1,2,11,410
49.0,1,2,12,412
49.0,1,2,13,413
49.0,1,2,14,415
49.0,1,2,15,417
49.0,1,3,0,392
49.0,1,3,1,394
49.0,1,3,2,395
49.0,1,3,3,397
49.0,1,3,4,399
49.0,1,3,5,401
49.0,1,3,6,403
49.0,1,3,7,405
49.0,1,3,8,407
49.0,1,3,9,409
49.0,1,3,10,410
49.0,1,3,11,412
49.0,1,3,12,414
49.0,1,3,13,416
49.0,1,3,14,418
49.0,1,3,15,419
49.0,1,4,0,394
49.0,1,4,1,396
49.0,1,4,2,398
49.0,1,4,3,400
49.0,1,4,4,402
49.0,1,4,5,403
49.0,1,4,6,405
49.0,1,4,7,407
49.0,1,4,8,409
49.0,1,4,9,411
49.0,1,4,10,413
49.0,1,4,11,415
49.0,1,4,12,416
49.0,1,4,13,418
49.0,1,4,14,420
49.0,1,4,15,422
49.0,1,5,0,396
49.0,1,5,1,398
49.0,1,5,2,400
49.0,1,5,3,402
49.0,1,5,4,404
49.0,1,5,5,406
49.0,1,5,6,408
49.0,1,5,7,410
49.0,1,5,8,411
49.0,1,5,9,413
49.0,1,5,10,415
49.0,1,5,11,417
49.0,1,5,12,419
49.0,1,5,13,421
49.0,1,5,14,422
49.0,1,5,15,424
49.0,1,6,0,398
49.0,1,6,1,400
49.0,1,6,2,402
49.0,1,6,3,404
49.0,1,6,4,406
49.0,1,6,5,408
49.0,1,6,6,410
49.0,1,6,7,412
49.0,1,6,8,414
49.0,1,6,9,416
49.0,1,6,10,417
49.0,1,6,11,419
49.0,1,6,12,421
49.0,1,6,13,423
49.0,1,6,14,425
49.0,1,6,15,427
49.0,1,7,0,401
49.0,1,7,1,403
49.0,1,7,2,405
49.0,1,7,3,406
49.0,1,7,4,408
49.0,1,7,5,410
49.0,1,7,6,412
49.0,1,7,7,414
49.0,1,7,8,416
49.0,1,7,9,418
49.0,1,7,10,420
49.0,1,7,11,422
49.0,1,7,12,424
49.0,1,7,13,425
49.0,1,7,14,427
49.0,1,7,15,429
49.0,1,8,0,403
49.0,1,8,1,405
49.0,1,8,2,407
49.0,1,8,3,409
49.0,1,8,4,411
49.0,1,8,5,413
49.0,1,8,6,415
49.0,1,8,7,416
49.0,1,8,8,418
49.0,1,8,9,420
49.0,1,8,10,422
49.0,1,8,11,424
49.0,1,8,12,426
49.0,1,8,13,428
49.0,1,8,14,430
49.0,1,8,15,431
49.0,1,9,0,405
49.0,1,9,1,407
49.0,1,9,2,409
49.0,1,9,3,411
49.0,1,9,4,413
49.0,1,9,5,415
49.0,1,9,6,417
49.0,1,9,7,419
49.0,1,9,8,421
49.0,1,9,9,423
49.0,1,9,10,424
49.0,1,9,11,426
49.0,1,9,12,428
49.0,1,9,13,430
49.0,1,9,14,432
49.0,1,9,15,434
49.0,1,10,0,407
49.0,1,10,1,409
49.0,1,10,2,411
49.0,1,10,3,413
49.0,1,10,4,415
49.0,1,10,5,417
49.0,1,10,6,419
49.0,1,10,7,421
49.0,1,10,8,423
49.0,1,10,9,425
49.0,1,10,10,427
49.0,1,10,11,429
49.0,1,10,12,431
49.0,1,10,13,432
49.0,1,10,14,434
49.0,1,10,15,436
49.0,1,11,0,409
49.0,1,11,1,411
49.0,1,11,2,413
49.0,1,11,3,415
49.0,1,11,4,417
49.0,1,11,5,419
49.0,1,11,6,421
49.0,1,11,7,423
49.0,1,11,8,425
49.0,1,11,9,427
49.0,1,11,10,429
49.0,1,11,11,431
49.0,1,11,12,433
49.0,1,11,13,435
49.0,1,11,14,437
49.0,1,11,15,439
49.0,1,12,0,412
49.0,1,12,1,414
49.0,1,12,2,416
49.0,1,12,3,418
49.0,1,12,4,420
49.0,1,12,5,422
49.0,1,12,6,424
49.0,1,12,7,426
49.0,1,12,8,427
49.0,1,12,9,429
49.0,1,12,10,431
49.0,1,12,11,433
49.0,1,12,12,435
49.0,1,12,13,437
49.0,1,12,14,439
49.0,1,12,15,441
49.0,1,13,0,414
49.0,1,13,1,416
49.0,1,13,2,418
49.0,1,13,3,420
49.0,1,13,4,422
49.0,1,13,5,424
49.0,1,13,6,426
49.0,1,13,7,428
49.0,1,13,8,430
49.0,1,13,9,432
49.0,1,13,10,434
49.0,1,13,11,436
49.0,1,13,12,437
49.0,1,13,13,439
49.0,1,13,14,441
49.0,1,13,15,443
49.0,1,14,0,416
49.0,1,14,1,418
49.0,1,14,2,420
49.0,1,14,3,422
49.0,1,14,4,424
49.0,1,14,5,426
49.0,1,14,6,428
49.0,1,14,7,430
49.0,1,14,8,432
49.0,1,14,9,434
49.0,1,14,10,436
49.0,1,14,11,438
49.0,1,14,12,440
49.0,1,14,13,442
49.0,1,14,14,444
49.0,1,14,15,445
49.0,1,15,0,418
49.0,1,15,1,420
49.0,1,15,2,422
49.0,1,15,3,424
49.0,1,15,4,426
49.0,1,15,5,428
49.0,1,15,6,430
49.0,1,15,7,432
49.0,1,15,8,434
49.0,1,15,9,436
49.0,1,15,10,438
49.0,1,15,11,440
49.0,1,15,12,442
49.0,1,15,13,444
49.0,1,15,14,446
49.0,1,15,15,448
49.0,2,0,0,391
49.0,2,0,1,393
49.0,2,0,2,395
49.0,2,0,3,397
49.0,2,0,4,399
49.0,2,0,5,401
49.0,2,0,6,402
49.0,2,0,7,404
49.0,2,0,8,406
49.0,2,0,9,408
49.0,2,0,10,410
49.0,2,0,11,412
49.0,2,0,12,414
49.0,2,0,13,415
49.0,2,0,14,417
49.0,2,0,15,419
49.0,2,1,0,393
49.0,2,1,1,395
49.0,2,1,2,397
49.0,2,1,3,399
49.0,2,1,4,401
49.0,2,1,5,403
49.0,2,1,6,405
49.0,2,1,7,407
49.0,2,1,8,409
49.0,2,1,9,410
49.0,2,1,10,412
49.0,2,1,11,414
49.0,2,1,12,416
49.0,2,1,13,418
49.0,2,1,14,420
49.0,2,1,15,421
49.0,2,2,0,396
49.0,2,2,1,398
49.0,2,2,2,400
49.0,2,2,3,402
49.0,2,2,4,403
49.0,2,2,5,405
49.0,2,2,6,407
49.0,2,2,7,409
49.0,2,2,8,411
49.0,2,2,9,413
49.0,2,2,10,415
49.0,2,2,11,417
49.0,2,2,12,418
49.0,2,2,13,420
49.0,2,2,14,422
49.0,2,2,15,424
49.0,2,3,0,398
49.0,2,3,1,400
49.0,2,3,2,402
49.0,2,3,3,404
49.0,2,3,4,406
49.0,2,3,5,408
49.0,2,3,6,410
49.0,2,3,7,412
49.0,2,3,8,413
49.0,2,3,9,415
49.0,2,3,10,417
49.0,2,3,11,419
49.0,2,3,12,421
49.0,2,3,13,423
49.0,2,3,14,425
49.0,2,3,15,426
49.0,2,4,0,400
49.0,2,4,1,402
49.0,2,4,2,404
49.0,2,4,3,406
49.0,2,4,4,408
49.0,2,4,5,410
49.0,2,4,6,412
49.0,2,4,7,414
49.0,2,4,8,416
49.0,2,4,9,418
49.0,2,4,10,420
49.0,2,4,11,422
49.0,2,4,12,423
49.0,2,4,13,425
49.0,2,4,14,427
49.0,2,4,15,429
49.0,2,5,0,403
49.0,2,5,1,405
49.0,2,5,2,407
49.0,2,5,3,409
49.0,2,5,4,411
49.0,2,5,5,412
49.0,2,5,6,414
49.0,2,5,7,416
49.0,2,5,8,418
49.0,2,5,9,420
49.0,2,5,10,422
49.0,2,5,11,424
49.0,2,5,12,426
49.0,2,5,13,428
49.0,2,5,14,430
49.0,2,5,15,431
49.0,2,6,0,405
49.0,2,6,1,407
49.0,2,6,2,409
49.0,2,6,3,411
49.0,2,6,4,413
49.0,2,6,5,415
49.0,2,6,6,417
49.0,2,6,7,419
49.0,2,6,8,421
49.0,2,6,9,423
49.0,2,6,10,424
49.0,2,6,11,426
49.0,2,6,12,428
49.0,2,6,13,430
49.0,2,6,14,432
49.0,2,6,15,434
49.0,2,7,0,407
49.0,2,7,1,409
49.0,2,7,2,411
49.0,2,7,3,413
49.0,2,7,4,415
49.0,2,7,5,417
49.0,2,7,6,419
49.0,2,7,7,421
49.0,2,7,8,423
49.0,2,7,9,425
49.0,2,7,10,427
49.0,2,7,11,429
49.0,2,7,12,431
49.0,2,7,13,432
49.0,2,7,14,434
49.0,2,7,15,436
49.0,2,8,0,410
49.0,2,8,1,412
49.0,2,8,2,414
49.0,2,8,3,416
49.0,2,8,4,418
49.0,2,8,5,419
49.0,2,8,6,421
49.0,2,8,7,423
49.0,2,8,8,425
49.0,2,8,9,427
49.0,2,8,10,429
49.0,2,8,11,431
49.0,2,8,12,433
49.0,2,8,13,435
49.0,2,8,14,437
49.0,2,8,15,439
49.0,2,9,0,412
49.0,2,9,1,414
49.0,2,9,2,416
49.0,2,9,3,418
49.0,2,9,4,420
49.0,2,9,5,422
49.0,2,9,6,424
49.0,2,9,7,426
49.0,2,9,8,428
49.0,2,9,9,430
49.0,2,9,10,432
49.0,2,9,11,433
49.0,2,9,12,435
49.0,2,9,13,437
49.0,2,9,14,439
49.0,2,9,15,441
49.0,2,10,0,414
49.0,2,10,1,416
49.0,2,10,2,418
49.0,2,10,3,420
49.0,2,10,4,422
49.0,2,10,5,424
49.0,2,10,6,426
49.0,2,10,7,428
49.0,2,10,8,430
49.0,2,10,9,432
49.0,2,10,10,434
49.0,2,10,11,436
49.0,2,10,12,438
49.0,2,10,13,440
49.0,2,10,14,442
49.0,2,10,15,443
49.0,2,11,0,416
49.0,2,11,1,418
49.0,2,11,2,420
49.0,2,11,3,422
49.0,2,11,4,424
49.0,2,11,5,426
49.0,2,11,6,428
49.0,2,11,7,430
49.0,2,11,8,432
49.0,2,11,9,434
49.0,2,11,10,436
49.0,2,11,11,438
49.0,2,11,12,440
49.0,2,11,13,442
49.0,2,11,14,444
49.0,2,11,15,446
49.0,2,12,0,418
49.0,2,12,1,421
49.0,2,12,2,423
49.0,2,12,3,425
49.0,2,12,4,427
49.0,2,12,5,429
49.0,2,12,6,431
49.0,2,12,7,433
49.0,2,12,8,435
49.0,2,12,9,437
49.0,2,12,10,439
49.0,2,12,11,440
49.0,2,12,12,442
49.0,2,12,13,444
49.0,2,12,14,446
49.0,2,12,15,448
49.0,2,13,0,421
49.0,2,13,1,423
49.0,2,13,2,425
49.0,2,13,3,427
49.0,2,13,4,429
49.0,2,13,5,431
49.0,2,13,6,433
49.0,2,13,7,435
49.0,2,13,8,437
49.0,2,13,9,439
49.0,2,13,10,441
49.0,2,13,11,443
49.0,2,13,12,445
49.0,2,13,13,447
49.0,2,13,14,449
49.0,2,13,15,451
49.0,2,14,0,423
49.0,2,14,1,425
49.0,2,14,2,427
49.0,2,14,3,429
49.0,2,14,4,431
49.0,2,14,5,433
49.0,2,14,6,435
49.0,2,14,7,437
49.0,2,14,8,439
49.0,2,14,9,441
49.0,2,14,10,443
49.0,2,14,11,445
49.0,2,14,12,447
49.0,2,14,13,449
49.0,2,14,14,451
49.0,2,14,15,453
49.0,2,15,0,425
49.0,2,15,1,427
49.0,2,15,2,429
49.0,2,15,3,431
49.0,2,15,4,433
49.0,2,15,5,435
49.0,2,15,6,437
49.0,2,15,7,439
49.0,2,15,8,441
49.0,2,15,9,443
49.0,2,15,10,445
49.0,2,15,11,447
49.0,2,15,12,449
49.0,2,15,13,451
49.0,2,15,14,453
49.0,2,15,15,455
49.0,3,0,0,398
49.0,3,0,1,399
49.0,3,0,2,401
49.0,3,0,3,403
49.0,3,0,4,405
49.0,3,0,5,407
49.0,3,0,6,409
49.0,3,0,7,411
49.0,3,0,8,413
49.0,3,0,9,415
49.0,3,0,10,417
49.0,3,0,11,418
49.0,3,0,12,420
49.0,3,0,13,422
49.0,3,0,14,424
49.0,3,0,15,426
49.0,3,1,0,400
49.0,3,1,1,402
49.0,3,1,2,404
49.0,3,1,3,406
49.0,3,1,4,408
49.0,3,1,5,410
49.0,3,1,6,412
49.0,3,1,7,413
49.0,3,1,8,415
49.0,3,1,9,417
49.0,3,1,10,419
49.0,3,1,11,421
49.0,3,1,12,423
49.0,3,1,13,425
49.0,3,1,14,427
49.0,3,1,15,428
49.0,3,2,0,402
49.0,3,2,1,404
49.0,3,2,2,406
49.0,3,2,3,408
49.0,3,2,4,410
49.0,3,2,5,412
49.0,3,2,6,414
49.0,3,2,7,416
49.0,3,2,8,418
49.0,3,2,9,420
49.0,3,2,10,422
49.0,3,2,11,423
49.0,3,2,12,425
49.0,3,2,13,427
49.0,3,2,14,429
49.0,3,2,15,431
49.0,3,3,0,405
49.0,3,3,1,407
49.0,3,3,2,409
49.0,3,3,3,411
49.0,3,3,4,413
49.0,3,3,5,414
49.0,3,3,6,416
49.0,3,3,7,418
49.0,3,3,8,420
49.0,3,3,9,422
49.0,3,3,10,424
49.0,3,3,11,426
49.0,3,3,12,428
49.0,3,3,13,430
49.0,3,3,14,432
49.0,3,3,15,433
49.0,3,4,0,407
49.0,3,4,1,409
49.0,3,4,2,411
49.0,3,4,3,413
49.0,3,4,4,415
49.0,3,4,5,417
49.0,3,4,6,419
49.0,3,4,7,421
49.0,3,4,8,423
49.0,3,4,9,425
49.0,3,4,10,427
49.0,3,4,11,428
49.0,3,4,12,430
49.0,3,4,13,432
49.0,3,4,14,434
49.0,3,4,15,436
49.0,3,5,0,409
49.0,3,5,1,411
49.0,3,5,2,413
49.0,3,5,3,415
49.0,3,5,4,417
49.0,3,5,5,419
49.0,3,5,6,421
49.0,3,5,7,423
49.0,3,5,8,425
49.0,3,5,9,427
49.0,3,5,10,429
49.0,3,5,11,431
49.0,3,5,12,433
49.0,3,5,13,435
49.0,3,5,14,437
49.0,3,5,15,438
49.0,3,6,0,412
49.0,3,6,1,414
49.0,3,6,2,416
49.0,3,6,3,418
49.0,3,6,4,420
49.0,3,6,5,422
49.0,3,6,6,424
49.0,3,6,7,426
49.0,3,6,8,428
49.0,3,6,9,429
49.0,3,6,10,431
49.0,3,6,11,433
49.0,3,6,12,435
49.0,3,6,13,437
49.0,3,6,14,439
49.0,3,6,15,441
49.0,3,7,0,414
49.0,3,7,1,416
49.0,3,7,2,418
49.0,3,7,3,420
49.0,3,7,4,422
49.0,3,7,5,424
49.0,3,7,6,426
49.0,3,7,7,428
49.0,3,7,8,430
49.0,3,7,9,432
49.0,3,7,10,434
49.0,3,7,11,436
49.0,3,7,12,438
49.0,3,7,13,440
49.0,3,7,14,442
49.0,3,7,15,443
49.0,3,8,0,416
49.0,3,8,1,418
49.0,3,8,2,420
49.0,3,8,3,422
49.0,3,8,4,424
49.0,3,8,5,426
49.0,3,8,6,428
49.0,3,8,7,430
49.0,3,8,8,432
49.0,3,8,9,434
49.0,3,8,10,436
49.0,3,8,11,438
49.0,3,8,12,440
49.0,3,8,13,442
49.0,3,8,14,444
49.0,3,8,15,446
49.0,3,9,0,419
49.0,3,9,1,421
49.0,3,9,2,423
49.0,3,9,3,425
49.0,3,9,4,427
49.0,3,9,5,429
49.0,3,9,6,431
49.0,3,9,7,433
49.0,3,9,8,435
49.0,3,9,9,437
49.0,3,9,10,439
49.0,3,9,11,441
49.0,3,9,12,443
49.0,3,9,13,444
49.0,3,9,14,446
49.0,3,9,15,448
49.0,3,10,0,421
49.0,3,10,1,423
49.0,3,10,2,425
49.0,3,10,3,427
49.0,3,10,4,429
49.0,3,10,5,431
49.0,3,10,6,433
49.0,3,10,7,435
49.0,3,10,8,437
49.0,3,10,9,439
49.0,3,10,10,441
49.0,3,10,11,443
49.0,3,10,12,445
49.0,3,10,13,447
49.0,3,10,14,449
49.0,3,10,15,451
49.0,3,11,0,423
49.0,3,11,1,425
49.0,3,11,2,427
49.0,3,11,3,429
49.0,3,11,4,431
49.0,3,11,5,433
49.0,3,11,6,435
49.0,3,11,7,437
49.0,3,11,8,439
49.0,3,11,9,441
49.0,3,11,10,443
49.0,3,11,11,445
49.0,3,11,12,447
49.0,3,11,13,449
49.0,3,11,14,451
49.0,3,11,15,453
49.0,3,12,0,425
49.0,3,12,1,427
49.0,3,12,2,429
49.0,3,12,3,432
49.0,3,12,4,434
49.0,3,12,5,436
49.0,3,12,6,438
49.0,3,12,7,440
49.0,3,12,8,442
49.0,3,12,9,444
49.0,3,12,10,446
49.0,3,12,11,448
49.0,3,12,12,450
49.0,3,12,13,452
49.0,3,12,14,454
49.0,3,12,15,456
49.0,3,13,0,428
49.0,3,13,1,430
49.0,3,13,2,432
49.0,3,13,3,434
49.0,3,13,4,436
49.0,3,13,5,438
49.0,3,13,6,440
49.0,3,13,7,442
49.0,3,13,8,444
49.0,3,13,9,446
49.0,3,13,10,448
49.0,3,13,11,450
49.0,3,13,12,452
49.0,3,13,13,454
49.0,3,13,14,456
49.0,3,13,15,458
49.0,3,14,0,430
49.0,3,14,1,432
49.0,3,14,2,434
49.0,3,14,3,436
49.0,3,14,4,438
49.0,3,14,5,440
49.0,3,14,6,442
49.0,3,14,7,444
49.0,3,14,8,446
49.0,3,14,9,448
49.0,3,14,10,450
49.0,3,14,11,452
49.0,3,14,12,454
49.0,3,14,13,456
49.0,3,14,14,458
49.0,3,14,15,460
49.0,3,15,0,432
49.0,3,15,1,434
49.0,3,15,2,436
49.0,3,15,3,438
49.0,3,15,4,440
49.0,3,15,5,442
49.0,3,15,6,445
49.0,3,15,7,447
49.0,3,15,8,449
49.0,3,15,9,451
49.0,3,15,10,453
49.0,3,15,11,455
49.0,3,15,12,457
49.0,3,15,13,459
49.0,3,15,14,461
49.0,3,15,15,463
49.0,4,0,0,404
49.0,4,0,1,406
49.0,4,0,2,408
49.0,4,0,3,410
49.0,4,0,4,412
49.0,4,0,5,414
49.0,4,0,6,416
49.0,4,0,7,418
49.0,4,0,8,420
49.0,4,0,9,421
49.0,4,0,10,423
49.0,4,0,11,425
49.0,4,0,12,427
49.0,4,0,13,429
49.0,4,0,14,431
49.0,4,0,15,433
49.0,4,1,0,406
49.0,4,1,1,408
49.0,4,1,2,410
49.0,4,1,3,412
49.0,4,1,4,414
49.0,4,1,5,416
49.0,4,1,6,418
49.0,4,1,7,420
49.0,4,1,8,422
49.0,4,1,9,424
49.0,4,1,10,426
49.0,4,1,11,428
49.0,4,1,12,430
49.0,4,1,13,432
49.0,4,1,14,433
49.0,4,1,15,435
49.0,4,2,0,409
49.0,4,2,1,411
49.0,4,2,2,413
49.0,4,2,3,415
49.0,4,2,4,417
49.0,4,2,5,419
49.0,4,2,6,421
49.0,4,2,7,423
49.0,4,2,8,425
49.0,4,2,9,426
49.0,4,2,10,428
49.0,4,2,11,430
49.0,4,2,12,432
49.0,4,2,13,434
49.0,4,2,14,436
49.0,4,2,15,438
49.0,4,3,0,411
49.0,4,3,1,413
49.0,4,3,2,415
49.0,4,3,3,417
49.0,4,3,4,419
49.0,4,3,5,421
49.0,4,3,6,423
49.0,4,3,7,425
49.0,4,3,8,427
49.0,4,3,9,429
49.0,4,3,10,431
49.0,4,3,11,433
49.0,4,3,12,435
49.0,4,3,13,437
49.0,4,3,14,439
49.0,4,3,15,440
49.0,4,4,0,414
49.0,4,4,1,416
49.0,4,4,2,418
49.0,4,4,3,420
49.0,4,4,4,422
49.0,4,4,5,424
49.0,4,4,6,426
49.0,4,4,7,428
49.0,4,4,8,430
49.0,4,4,9,431
49.0,4,4,10,433
49.0,4,4,11,435
49.0,4,4,12,437
49.0,4,4,13,439
49.0,4,4,14,441
49.0,4,4,15,443
49.0,4,5,0,416
49.0,4,5,1,418
49.0,4,5,2,420
49.0,4,5,3,422
49.0,4,5,4,424
49.0,4,5,5,426
49.0,4,5,6,428
49.0,4,5,7,430
49.0,4,5,8,432
49.0,4,5,9,434
49.0,4,5,10,436
49.0,4,5,11,438
49.0,4,5,12,440
49.0,4,5,13,442
49.0,4,5,14,444
49.0,4,5,15,446
49.0,4,6,0,418
49.0,4,6,1,420
49.0,4,6,2,422
49.0,4,6,3,424
49.0,4,6,4,426
49.0,4,6,5,428
49.0,4,6,6,430
49.0,4,6,7,432
49.0,4,6,8,434
49.0,4,6,9,436
49.0,4,6,10,438
49.0,4,6,11,440
49.0,4,6,12,442
49.0,4,6,13,444
49.0,4,6,14,446
49.0,4,6,15,448
49.0,4,7,0,421
49.0,4,7,1,423
49.0,4,7,2,425
49.0,4,7,3,427
49.0,4,7,4,429
49.0,4,7,5,431
49.0,4,7,6,433
49.0,4,7,7,435
49.0,4,7,8,437
49.0,4,7,9,439
49.0,4,7,10,441
49.0,4,7,11,443
49.0,4,7,12,445
49.0,4,7,13,447
49.0,4,7,14,449
49.0,4,7,15,451
49.0,4,8,0,423
49.0,4,8,1,425
49.0,4,8,2,427
49.0,4,8,3,429
49.0,4,8,4,431
49.0,4,8,5,433
49.0,4,8,6,435
49.0,4,8,7,437
49.0,4,8,8,439
49.0,4,8,9,441
49.0,4,8,10,443
49.0,4,8,11,445
49.0,4,8,12,447
49.0,4,8,13,449
49.0,4,8,14,451
49.0,4,8,15,453
49.0,4,9,0,425
49.0,4,9,1,427
49.0,4,9,2,429
49.0,4,9,3,432
49.0,4,9,4,434
49.0,4,9,5,436
49.0,4,9,6,438
49.0,4,9,7,440
49.0,4,9,8,442
49.0,4,9,9,444
49.0,4,9,10,446
49.0,4,9,11,448
49.0,4,9,12,450
49.0,4,9,13,452
49.0,4,9,14,454
49.0,4,9,15,456
49.0,4,10,0,428
49.0,4,10,1,430
49.0,4,10,2,432
49.0,4,10,3,434
49.0,4,10,4,436
49.0,4,10,5,438
49.0,4,10,6,440
49.0,4,10,7,442
49.0,4,10,8,444
49.0,4,10,9,446
49.0,4,10,10,448
49.0,4,10,11,450
49.0,4,10,12,452
49.0,4,10,13,454
49.0,4,10,14,456
49.0,4,10,15,458
49.0,4,11,0,430
49.0,4,11,1,432
49.0,4,11,2,434
49.0,4,11,3,436
49.0,4,11,4,438
49.0,4,11,5,440
49.0,4,11,6,442
49.0,4,11,7,444
49.0,4,11,8,446
49.0,4,11,9,449
49.0,4,11,10,451
49.0,4,11,11,453
49.0,4,11,12,455
49.0,4,11,13,457
49.0,4,11,14,459
49.0,4,11,15,460
49.0,4,12,0,432
49.0,4,12,1,434
49.0,4,12,2,436
49.0,4,12,3,439
49.0,4,12,4,441
49.0,4,12,5,443
49.0,4,12,6,445
49.0,4,12,7,447
49.0,4,12,8,449
49.0,4,12,9,451
49.0,4,12,10,453
49.0,4,12,11,455
49.0,4,12,12,457
49.0,4,12,13,459
49.0,4,12,14,461
49.0,4,12,15,463
49.0,4,13,0,434
49.0,4,13,1,437
49.0,4,13,2,439
49.0,4,13,3,441
49.0,4,13,4,443
49.0,4,13,5,445
49.0,4,13,6,447
49.0,4,13,7,449
49.0,4,13,8,451
49.0,4,13,9,453
49.0,4,13,10,455
49.0,4,13,11,457
49.0,4,13,12,459
49.0,4,13,13,461
49.0,4,13,14,463
49.0,4,13,15,465
49.0,4,14,0,437
49.0,4,14,1,439
49.0,4,14,2,441
49.0,4,14,3,443
49.0,4,14,4,445
49.0,4,14,5,447
49.0,4,14,6,449
49.0,4,14,7,451
49.0,4,14,8,454
49.0,4,14,9,456
49.0,4,14,10,458
49.0,4,14,11,460
49.0,4,14,12,462
49.0,4,14,13,464
49.0,4,14,14,466
49.0,4,14,15,468
49.0,4,15,0,439
49.0,4,15,1,441
49.0,4,15,2,443
49.0,4,15,3,445
49.0,4,15,4,448
49.0,4,15,5,450
49.0,4,15,6,452
49.0,4,15,7,454
49.0,4,15,8,456
49.0,4,15,9,458
49.0,4,15,10,460
49.0,4,15,11,462
49.0,4,15,12,464
49.0,4,15,13,466
49.0,4,15,14,468
49.0,4,15,15,470
49.0,5,0,0,410
49.0,5,0,1,412
49.0,5,0,2,414
49.0,5,0,3,416
49.0,5,0,4,418
49.0,5,0,5,420
49.0,5,0,6,422
49.0,5,0,7,424
49.0,5,0,8,426
49.0,5,0,9,428
49.0,5,0,10,430
49.0,5,0,11,432
49.0,5,0,12,434
49.0,5,0,13,436
49.0,5,0,14,438
49.0,5,0,15,440
49.0,5,1,0,413
49.0,5,1,1,415
49.0,5,1,2,417
49.0,5,1,3,419
49.0,5,1,4,421
49.0,5,1,5,423
49.0,5,1,6,425
49.0,5,1,7,427
49.0,5,1,8,429
49.0,5,1,9,431
49.0,5,1,10,433
49.0,5,1,11,435
49.0,5,1,12,436
49.0,5,1,13,438
49.0,5,1,14,440
49.0,5,1,15,442
49.0,5,2,0,415
49.0,5,2,1,417
49.0,5,2,2,419
49.0,5,2,3,421
49.0,5,2,4,423
49.0,5,2,5,425
49.0,5,2,6,427
49.0,5,2,7,429
49.0,5,2,8,431
49.0,5,2,9,433
49.0,5,2,10,435
49.0,5,2,11,437
49.0,5,2,12,439
49.0,5,2,13,441
49.0,5,2,14,443
49.0,5,2,15,445
49.0,5,3,0,418
49.0,5,3,1,420
49.0,5,3,2,422
49.0,5,3,3,424
49.0,5,3,4,426
49.0,5,3,5,428
49.0,5,3,6,430
49.0,5,3,7,432
49.0,5,3,8,434
49.0,5,3,9,436
49.0,5,3,10,438
49.0,5,3,11,440
49.0,5,3,12,442
49.0,5,3,13,444
49.0,5,3,14,446
49.0,5,3,15,447
49.0,5,4,0,420
49.0,5,4,1,422
49.0,5,4,2,424
49.0,5,4,3,426
49.0,5,4,4,428
49.0,5,4,5,430
49.0,5,4,6,432
49.0,5,4,7,434
49.0,5,4,8,436
49.0,5,4,9,438
49.0,5,4,10,440
49.0,5,4,11,442
49.0,5,4,12,444
49.0,5,4,13,446
49.0,5,4,14,448
49.0,5,4,15,450
49.0,5,5,0,423
49.0,5,5,1,425
49.0,5,5,2,427
49.0,5,5,3,429
49.0,5,5,4,431
49.0,5,5,5,433
49.0,5,5,6,435
49.0,5,5,7,437
49.0,5,5,8,439
49.0,5,5,9,441
49.0,5,5,10,443
49.0,5,5,11,445
49.0,5,5,12,447
49.0,5,5,13,449
49.0,5,5,14,451
49.0,5,5,15,453
49.0,5,6,0,425
49.0,5,6,1,427
49.0,5,6,2,429
49.0,5,6,3,431
49.0,5,6,4,433
49.0,5,6,5,435
49.0,5,6,6,437
49.0,5,6,7,439
49.0,5,6,8,441
49.0,5,6,9,443
49.0,5,6,10,445
49.0,5,6,11,447
49.0,5,6,12,449
49.0,5,6,13,451
49.0,5,6,14,453
49.0,5,6,15,455
49.0,5,7,0,427
49.0,5,7,1,429
49.0,5,7,2,432
49.0,5,7,3,434
49.0,5,7,4,436
49.0,5,7,5,438
49.0,5,7,6,440
49.0,5,7,7,442
49.0,5,7,8,444
49.0,5,7,9,446
49.0,5,7,10,448
49.0,5,7,11,450
49.0,5,7,12,452
49.0,5,7,13,454
49.0,5,7,14,456
49.0,5,7,15,458
49.0,5,8,0,430
49.0,5,8,1,432
49.0,5,8,2,434
49.0,5,8,3,436
49.0,5,8,4,438
49.0,5,8,5,440
49.0,5,8,6,442
49.0,5,8,7,444
49.0,5,8,8,446
49.0,5,8,9,448
49.0,5,8,10,450
49.0,5,8,11,452
49.0,5,8,12,454
49.0,5,8,13,456
49.0,5,8,14,458
49.0,5,8,15,460
49.0,5,9,0,432
49.0,5,9,1,434
49.0,5,9,2,436
49.0,5,9,3,438
49.0,5,9,4,440
49.0,5,9,5,443
49.0,5,9,6,445
49.0,5,9,7,447
49.0,5,9,8,449
49.0,5,9,9,451
49.0,5,9,10,453
49.0,5,9,11,455
49.0,5,9,12,457
49.0,5,9,13,459
49.0,5,9,14,461
49.0,5,9,15,463
49.0,5,10,0,434
49.0,5,10,1,437
49.0,5,10,2,439
49.0,5,10,3,441
49.0,5,10,4,443
49.0,5,10,5,445
49.0,5,10,6,447
49.0,5,10,7,449
49.0,5,10,8,451
49.0,5,10,9,453
49.0,5,10,10,455
49.0,5,10,11,457
49.0,5,10,12,459
49.0,5,10,13,461
49.0,5,10,14,463
49.0,5,10,15,465
49.0,5,11,0,437
49.0,5,11,1,439
49.0,5,11,2,441
49.0,5,11,3,443
49.0,5,11,4,445
49.0,5,11,5,447
49.0,5,11,6,449
49.0,5,11,7,452
49.0,5,11,8,454
49.0,5,11,9,456
49.0,5,11,10,458
49.0,5,11,11,460
49.0,5,11,12,462
49.0,5,11,13,464
49.0,5,11,14,466
49.0,5,11,15,468
49.0,5,12,0,439
49.0,5,12,1,441
49.0,5,12,2,443
49.0,5,12,3,445
49.0,5,12,4,448
49.0,5,12,5,450
49.0,5,12,6,452
49.0,5,12,7,454
49.0,5,12,8,456
49.0,5,12,9,458
49.0,5,12,10,460
49.0,5,12,11,462
49.0,5,12,12,464
49.0,5,12,13,466
49.0,5,12,14,468
49.0,5,12,15,470
49.0,5,13,0,441
49.0,5,13,1,444
49.0,5,13,2,446
49.0,5,13,3,448
49.0,5,13,4,450
49.0,5,13,5,452
49.0,5,13,6,454
49.0,5,13,7,456
49.0,5,13,8,458
49.0,5,13,9,460
49.0,5,13,10,463
49.0,5,13,11,465
49.0,5,13,12,467
49.0,5,13,13,469
49.0,5,13,14,471
49.0,5,13,15,473
49.0,5,14,0,444
49.0,5,14,1,446
49.0,5,14,2,448
49.0,5,14,3,450
49.0,5,14,4,452
49.0,5,14,5,454
49.0,5,14,6,457
49.0,5,14,7,459
49.0,5,14,8,461
49.0,5,14,9,463
49.0,5,14,10,465
49.0,5,14,11,467
49.0,5,14,12,469
49.0,5,14,13,471
49.0,5,14,14,473
49.0,5,14,15,475
49.0,5,15,0,446
49.0,5,15,1,448
49.0,5,15,2,450
49.0,5,15,3,452
49.0,5,15,4,455
49.0,5,15,5,457
49.0,5,15,6,459
49.0,5,15,7,461
49.0,5,15,8,463
49.0,5,15,9,465
49.0,5,15,10,467
49.0,5,15,11,469
49.0,5,15,12,471
49.0,5,15,13,474
49.0,5,15,14,476
49.0,5,15,15,478
49.0,6,0,0,417
49.0,6,0,1,419
49.0,6,0,2,421
49.0,6,0,3,423
49.0,6,0,4,425
49.0,6,0,5,427
49.0,6,0,6,429
49.0,6,0,7,431
49.0,6,0,8,433
49.0,6,0,9,435
49.0,6,0,10,437
49.0,6,0,11,439
49.0,6,0,12,441
49.0,6,0,13,443
49.0,6,0,14,445
49.0,6,0,15,446
49.0,6,1,0,419
49.0,6,1,1,421
49.0,6,1,2,423
49.0,6,1,3,425
49.0,6,1,4,427
49.0,6,1,5,429
49.0,6,1,6,431
49.0,6,1,7,433
49.0,6,1,8,435
49.0,6,1,9,437
49.0,6,1,10,439
49.0,6,1,11,441
49.0,6,1,12,443
49.0,6,1,13,445
49.0,6,1,14,447
49.0,6,1,15,449
49.0,6,2,0,422
49.0,6,2,1,424
49.0,6,2,2,426
49.0,6,2,3,428
49.0,6,2,4,430
49.0,6,2,5,432
49.0,6,2,6,434
49.0,6,2,7,436
49.0,6,2,8,438
49.0,6,2,9,440
49.0,6,2,10,442
49.0,6,2,11,444
49.0,6,2,12,446
49.0,6,2,13,448
49.0,6,2,14,450
49.0,6,2,15,452
49.0,6,3,0,424
49.0,6,3,1,426
49.0,6,3,2,428
49.0,6,3,3,430
49.0,6,3,4,433
49.0,6,3,5,435
49.0,6,3,6,437
49.0,6,3,7,439
49.0,6,3,8,441
49.0,6,3,9,443
49.0,6,3,10,445
49.0,6,3,11,447
49.0,6,3,12,449
49.0,6,3,13,451
49.0,6,3,14,452
49.0,6,3,15,454
49.0,6,4,0,427
49.0,6,4,1,429
49.0,6,4,2,431
49.0,6,4,3,433
49.0,6,4,4,435
49.0,6,4,5,437
49.0,6,4,6,439
49.0,6,4,7,441
49.0,6,4,8,443
49.0,6,4,9,445
49.0,6,4,10,447
49.0,6,4,11,449
49.0,6,4,12,451
49.0,6,4,13,453
49.0,6,4,14,455
49.0,6,4,15,457
49.0,6,5,0,429
49.0,6,5,1,431
49.0,6,5,2,433
49.0,6,5,3,435
49.0,6,5,4,438
49.0,6,5,5,440
49.0,6,5,6,442
49.0,6,5,7,444
49.0,6,5,8,446
49.0,6,5,9,448
49.0,6,5,10,450
49.0,6,5,11,452
49.0,6,5,12,454
49.0,6,5,13,456
49.0,6,5,14,458
49.0,6,5,15,460
49.0,6,6,0,432
49.0,6,6,1,434
49.0,6,6,2,436
49.0,6,6,3,438
49.0,6,6,4,440
49.0,6,6,5,442
49.0,6,6,6,444
49.0,6,6,7,446
49.0,6,6,8,448
49.0,6,6,9,450
49.0,6,6,10,452
49.0,6,6,11,454
49.0,6,6,12,456
49.0,6,6,13,458
49.0,6,6,14,460
49.0,6,6,15,462
49.0,6,7,0,434
49.0,6,7,1,436
49.0,6,7,2,438
49.0,6,7,3,440
49.0,6,7,4,442
49.0,6,7,5,445
49.0,6,7,6,447
49.0,6,7,7,449
49.0,6,7,8,451
49.0,6,7,9,453
49.0,6,7,10,455
49.0,6,7,11,457
49.0,6,7,12,459
49.0,6,7,13,461
49.0,6,7,14,463
49.0,6,7,15,465
49.0,6,8,0,436
49.0,6,8,1,439
49.0,6,8,2,441
49.0,6,8,3,443
49.0,6,8,4,445
49.0,6,8,5,447
49.0,6,8,6,449
49.0,6,8,7,451
49.0,6,8,8,453
49.0,6,8,9,455
49.0,6,8,10,457
49.0,6,8,11,459
49.0,6,8,12,461
49.0,6,8,13,463
49.0,6,8,14,465
49.0,6,8,15,467
49.0,6,9,0,439
49.0,6,9,1,441
49.0,6,9,2,443
49.0,6,9,3,445
49.0,6,9,4,447
49.0,6,9,5,449
49.0,6,9,6,452
49.0,6,9,7,454
49.0,6,9,8,456
49.0,6,9,9,458
49.0,6,9,10,460
49.0,6,9,11,462
49.0,6,9,12,464
49.0,6,9,13,466
49.0,6,9,14,468
49.0,6,9,15,470
49.0,6,10,0,441
49.0,6,10,1,443
49.0,6,10,2,446
49.0,6,10,3,448
49.0,6,10,4,450
49.0,6,10,5,452
49.0,6,10,6,454
49.0,6,10,7,456
49.0,6,10,8,458
49.0,6,10,9,460
49.0,6,10,10,462
49.0,6,10,11,464
49.0,6,10,12,466
49.0,6,10,13,469
49.0,6,10,14,471
49.0,6,10,15,473
49.0,6,11,0,444
49.0,6,11,1,446
49.0,6,11,2,448
49.0,6,11,3,450
49.0,6,11,4,452
49.0,6,11,5,454
49.0,6,11,6,456
49.0,6,11,7,459
49.0,6,11,8,461
49.0,6,11,9,463
49.0,6,11,10,465
49.0,6,11,11,467
49.0,6,11,12,469
49.0,6,11,13,471
49.0,6,11,14,473
49.0,6,11,15,475
49.0,6,12,0,446
49.0,6,12,1,448
49.0,6,12,2,450
49.0,6,12,3,452
49.0,6,12,4,455
49.0,6,12,5,457
49.0,6,12,6,459
49.0,6,12,7,461
49.0,6,12,8,463
49.0,6,12,9,465
49.0,6,12,10,467
49.0,6,12,11,469
49.0,6,12,12,471
49.0,6,12,13,474
49.0,6,12,14,476
49.0,6,12,15,478
49.0,6,13,0,448
49.0,6,13,1,450
49.0,6,13,2,453
49.0,6,13,3,455
49.0,6,13,4,457
49.0,6,13,5,459
49.0,6,13,6,461
49.0,6,13,7,463
49.0,6,13,8,466
49.0,6,13,9,468
49.0,6,13,10,470
49.0,6,13,11,472
49.0,6,13,12,474
49.0,6,13,13,476
49.0,6,13,14,478
49.0,6,13,15,480
49.0,6,14,0,451
49.0,6,14,1,453
49.0,6,14,2,455
49.0,6,14,3,457
49.0,6,14,4,459
49.0,6,14,5,462
49.0,6,14,6,464
49.0,6,14,7,466
49.0,6,14,8,468
49.0,6,14,9,470
49.0,6,14,10,472
49.0,6,14,11,474
49.0,6,14,12,476
49.0,6,14,13,478
49.0,6,14,14,481
49.0,6,14,15,483
49.0,6,15,0,453
49.0,6,15,1,455
49.0,6,15,2,457
49.0,6,15,3,460
49.0,6,15,4,462
49.0,6,15,5,464
49.0,6,15,6,466
49.0,6,15,7,468
49.0,6,15,8,470
49.0,6,15,9,473
49.0,6,15,10,475
49.0,6,15,11,477
49.0,6,15,12,479
49.0,6,15,13,481
49.0,6,15,14,483
49.0,6,15,15,485
49.0,7,0,0,423
49.0,7,0,1,425
49.0,7,0,2,427
49.0,7,0,3,429
49.0,7,0,4,431
49.0,7,0,5,433
49.0,7,0,6,435
49.0,7,0,7,438
49.0,7,0,8,440
49.0,7,0,9,442
49.0,7,0,10,443
49.0,7,0,11,445
49.0,7,0,12,447
49.0,7,0,13,449
49.0,7,0,14,451
49.0,7,0,15,453
49.0,7,1,0,426
49.0,7,1,1,428
49.0,7,1,2,430
49.0,7,1,3,432
49.0,7,1,4,434
49.0,7,1,5,436
49.0,7,1,6,438
49.0,7,1,7,440
49.0,7,1,8,442
49.0,7,1,9,444
49.0,7,1,10,446
49.0,7,1,11,448
49.0,7,1,12,450
49.0,7,1,13,452
49.0,7,1,14,454
49.0,7,1,15,456
49.0,7,2,0,428
49.0,7,2,1,430
49.0,7,2,2,432
49.0,7,2,3,435
49.0,7,2,4,437
49.0,7,2,5,439
49.0,7,2,6,441
49.0,7,2,7,443
49.0,7,2,8,445
49.0,7,2,9,447
49.0,7,2,10,449
49.0,7,2,11,451
49.0,7,2,12,453
49.0,7,2,13,455
49.0,7,2,14,457
49.0,7,2,15,459
49.0,7,3,0,431
49.0,7,3,1,433
49.0,7,3,2,435
49.0,7,3,3,437
49.0,7,3,4,439
49.0,7,3,5,441
49.0,7,3,6,443
49.0,7,3,7,445
49.0,7,3,8,447
49.0,7,3,9,449
49.0,7,3,10,451
49.0,7,3,11,453
49.0,7,3,12,455
49.0,7,3,13,457
49.0,7,3,14,459
49.0,7,3,15,461
49.0,7,4,0,433
49.0,7,4,1,435
49.0,7,4,2,438
49.0,7,4,3,440
49.0,7,4,4,442
49.0,7,4,5,444
49.0,7,4,6,446
49.0,7,4,7,448
49.0,7,4,8,450
49.0,7,4,9,452
49.0,7,4,10,454
49.0,7,4,11,456
49.0,7,4,12,458
49.0,7,4,13,460
49.0,7,4,14,462
49.0,7,4,15,464
49.0,7,5,0,436
49.0,7,5,1,438
49.0,7,5,2,440
49.0,7,5,3,442
49.0,7,5,4,444
49.0,7,5,5,446
49.0,7,5,6,448
49.0,7,5,7,451
49.0,7,5,8,453
49.0,7,5,9,455
49.0,7,5,10,457
49.0,7,5,11,459
49.0,7,5,12,461
49.0,7,5,13,463
49.0,7,5,14,465
49.0,7,5,15,467
49.0,7,6,0,438
49.0,7,6,1,440
49.0,7,6,2,443
49.0,7,6,3,445
49.0,7,6,4,447
49.0,7,6,5,449
49.0,7,6,6,451
49.0,7,6,7,453
49.0,7,6,8,455
49.0,7,6,9,457
49.0,7,6,10,459
49.0,7,6,11,461
49.0,7,6,12,463
49.0,7,6,13,465
49.0,7,6,14,467
49.0,7,6,15,469
49.0,7,7,0,441
49.0,7,7,1,443
49.0,7,7,2,445
49.0,7,7,3,447
49.0,7,7,4,449
49.0,7,7,5,451
49.0,7,7,6,454
49.0,7,7,7,456
49.0,7,7,8,458
49.0,7,7,9,460
49.0,7,7,10,462
49.0,7,7,11,464
49.0,7,7,12,466
49.0,7,7,13,468
49.0,7,7,14,470
49.0,7,7,15,472
49.0,7,8,0,443
49.0,7,8,1,445
49.0,7,8,2,447
49.0,7,8,3,450
49.0,7,8,4,452
49.0,7,8,5,454
49.0,7,8,6,456
49.0,7,8,7,458
49.0,7,8,8,460
49.0,7,8,9,462
49.0,7,8,10,464
49.0,7,8,11,466
49.0,7,8,12,469
49.0,7,8,13,471
49.0,7,8,14,473
49.0,7,8,15,475
49.0,7,9,0,446
49.0,7,9,1,448
49.0,7,9,2,450
49.0,7,9,3,452
49.0,7,9,4,454
49.0,7,9,5,456
49.0,7,9,6,459
49.0,7,9,7,461
49.0,7,9,8,463
49.0,7,9,9,465
49.0,7,9,10,467
49.0,7,9,11,469
49.0,7,9,12,471
49.0,7,9,13,473
49.0,7,9,14,475
49.0,7,9,15,477
49.0,7,10,0,448
49.0,7,10,1,450
49.0,7,10,2,452
49.0,7,10,3,455
49.0,7,10,4,457
49.0,7,10,5,459
49.0,7,10,6,461
49.0,7,10,7,463
49.0,7,10,8,465
49.0,7,10,9,467
49.0,7,10,10,469
49.0,7,10,11,472
49.0,7,10,12,474
49.0,7,10,13,476
49.0,7,10,14,478
49.0,7,10,15,480
49.0,7,11,0,450
49.0,7,11,1,453
49.0,7,11,2,455
49.0,7,11,3,457
49.0,7,11,4,459
49.0,7,11,5,461
49.0,7,11,6,463
49.0,7,11,7,466
49.0,7,11,8,468
49.0,7,11,9,470
49.0,7,11,10,472
49.0,7,11,11,474
49.0,7,11,12,476
49.0,7,11,13,478
49.0,7,11,14,480
49.0,7,11,15,482
49.0,7,12,0,453
49.0,7,12,1,455
49.0,7,12,2,457
49.0,7,12,3,459
49.0,7,12,4,462
49.0,7,12,5,464
49.0,7,12,6,466
49.0,7,12,7,468
49.0,7,12,8,470
49.0,7,12,9,472
49.0,7,12,10,475
49.0,7,12,11,477
49.0,7,12,12,479
49.0,7,12,13,481
49.0,7,12,14,483
49.0,7,12,15,485
49.0,7,13,0,455
49.0,7,13,1,457
49.0,7,13,2,460
49.0,7,13,3,462
49.0,7,13,4,464
49.0,7,13,5,466
49.0,7,13,6,468
49.0,7,13,7,471
49.0,7,13,8,473
49.0,7,13,9,475
49.0,7,13,10,477
49.0,7,13,11,479
49.0,7,13,12,481
49.0,7,13,13,483
49.0,7,13,14,485
49.0,7,13,15,488
49.0,7,14,0,458
49.0,7,14,1,460
49.0,7,14,2,462
49.0,7,14,3,464
49.0,7,14,4,466
49.0,7,14,5,469
49.0,7,14,6,471
49.0,7,14,7,473
49.0,7,14,8,475
49.0,7,14,9,477
49.0,7,14,10,479
49.0,7,14,11,482
49.0,7,14,12,484
49.0,7,14,13,486
49.0,7,14,14,488
49.0,7,14,15,490
49.0,7,15,0,460
49.0,7,15,1,462
49.0,7,15,2,464
49.0,7,15,3,467
49.0,7,15,4,469
49.0,7,15,5,471
49.0,7,15,6,473
49.0,7,15,7,475
49.0,7,15,8,478
49.0,7,15,9,480
49.0,7,15,10,482
49.0,7,15,11,484
49.0,7,15,12,486
49.0,7,15,13,488
49.0,7,15,14,490
49.0,7,15,15,493
49.0,8,0,0,430
49.0,8,0,1,432
49.0,8,0,2,434
49.0,8,0,3,436
49.0,8,0,4,438
49.0,8,0,5,440
49.0,8,0,6,442
49.0,8,0,7,444
49.0,8,0,8,446
49.0,8,0,9,448
49.0,8,0,10,450
49.0,8,0,11,452
49.0,8,0,12,454
49.0,8,0,13,456
49.0,8,0,14,458
49.0,8,0,15,460
49.0,8,1,0,432
49.0,8,1,1,434
49.0,8,1,2,436
49.0,8,1,3,439
49.0,8,1,4,441
49.0,8,1,5,443
49.0,8,1,6,445
49.0,8,1,7,447
49.0,8,1,8,449
49.0,8,1,9,451
49.0,8,1,10,453
49.0,8,1,11,455
49.0,8,1,12,457
49.0,8,1,13,459
49.0,8,1,14,461
49.0,8,1,15,463
49.0,8,2,0,435
49.0,8,2,1,437
49.0,8,2,2,439
49.0,8,2,3,441
49.0,8,2,4,443
49.0,8,2,5,445
49.0,8,2,6,447
49.0,8,2,7,449
49.0,8,2,8,452
49.0,8,2,9,454
49.0,8,2,10,456
49.0,8,2,11,458
49.0,8,2,12,460
49.0,8,2,13,462
49.0,8,2,14,464
49.0,8,2,15,466
49.0,8,3,0,437
49.0,8,3,1,439
49.0,8,3,2,442
49.0,8,3,3,444
49.0,8,3,4,446
49.0,8,3,5,448
49.0,8,3,6,450
49.0,8,3,7,452
49.0,8,3,8,454
49.0,8,3,9,456
49.0,8,3,10,458
49.0,8,3,11,460
49.0,8,3,12,462
49.0,8,3,13,464
49.0,8,3,14,466
49.0,8,3,15,468
49.0,8,4,0,440
49.0,8,4,1,442
49.0,8,4,2,444
49.0,8,4,3,446
49.0,8,4,4,448
49.0,8,4,5,451
49.0,8,4,6,453
49.0,8,4,7,455
49.0,8,4,8,457
49.0,8,4,9,459
49.0,8,4,10,461
49.0,8,4,11,463
49.0,8,4,12,465
49.0,8,4,13,467
49.0,8,4,14,469
49.0,8,4,15,471
49.0,8,5,0,442
49.0,8,5,1,445
49.0,8,5,2,447
49.0,8,5,3,449
49.0,8,5,4,451
49.0,8,5,5,453
49.0,8,5,6,455
49.0,8,5,7,457
49.0,8,5,8,459
49.0,8,5,9,462
49.0,8,5,10,464
49.0,8,5,11,466
49.0,8,5,12,468
49.0,8,5,13,470
49.0,8,5,14,472
49.0,8,5,15,474
49.0,8,6,0,445
49.0,8,6,1,447
49.0,8,6,2,449
49.0,8,6,3,451
49.0,8,6,4,454
49.0,8,6,5,456
49.0,8,6,6,458
49.0,8,6,7,460
49.0,8,6,8,462
49.0,8,6,9,464
49.0,8,6,10,466
49.0,8,6,11,468
49.0,8,6,12,470
49.0,8,6,13,472
49.0,8,6,14,474
49.0,8,6,15,477
49.0,8,7,0,447
49.0,8,7,1,450
49.0,8,7,2,452
49.0,8,7,3,454
49.0,8,7,4,456
49.0,8,7,5,458
49.0,8,7,6,460
49.0,8,7,7,463
49.0,8,7,8,465
49.0,8,7,9,467
49.0,8,7,10,469
49.0,8,7,11,471
49.0,8,7,12,473
49.0,8,7,13,475
49.0,8,7,14,477
49.0,8,7,15,479
49.0,8,8,0,450
49.0,8,8,1,452
49.0,8,8,2,454
49.0,8,8,3,456
49.0,8,8,4,459
49.0,8,8,5,461
49.0,8,8,6,463
49.0,8,8,7,465
49.0,8,8,8,467
49.0,8,8,9,469
49.0,8,8,10,471
49.0,8,8,11,474
49.0,8,8,12,476
49.0,8,8,13,478
49.0,8,8,14,480
49.0,8,8,15,482
49.0,8,9,0,452
49.0,8,9,1,455
49.0,8,9,2,457
49.0,8,9,3,459
49.0,8,9,4,461
49.0,8,9,5,463
49.0,8,9,6,465
49.0,8,9,7,468
49.0,8,9,8,470
49.0,8,9,9,472
49.0,8,9,10,474
49.0,8,9,11,476
49.0,8,9,12,478
49.0,8,9,13,480
49.0,8,9,14,482
49.0,8,9,15,485
49.0,8,10,0,455
49.0,8,10,1,457
49.0,8,10,2,459
49.0,8,10,3,461
49.0,8,10,4,464
49.0,8,10,5,466
49.0,8,10,6,468
49.0,8,10,7,470
49.0,8,10,8,472
49.0,8,10,9,474
49.0,8,10,10,477
49.0,8,10,11,479
49.0,8,10,12,481
49.0,8,10,13,483
49.0,8,10,14,485
49.0,8,10,15,487
49.0,8,11,0,457
49.0,8,11,1,459
49.0,8,11,2,462
49.0,8,11,3,464
49.0,8,11,4,466
49.0,8,11,5,468
49.0,8,11,6,471
49.0,8,11,7,473
49.0,8,11,8,475
49.0,8,11,9,477
49.0,8,11,10,479
49.0,8,11,11,481
49.0,8,11,12,483
49.0,8,11,13,486
49.0,8,11,14,488
49.0,8,11,15,490
49.0,8,12,0,460
49.0,8,12,1,462
49.0,8,12,2,464
49.0,8,12,3,466
49.0,8,12,4,469
49.0,8,12,5,471
49.0,8,12,6,473
49.0,8,12,7,475
49.0,8,12,8,477
49.0,8,12,9,480
49.0,8,12,10,482
49.0,8,12,11,484
49.0,8,12,12,486
49.0,8,12,13,488
49.0,8,12,14,490
49.0,8,12,15,492
49.0,8,13,0,462
49.0,8,13,1,464
49.0,8,13,2,467
49.0,8,13,3,469
49.0,8,13,4,471
49.0,8,13,5,473
49.0,8,13,6,476
49.0,8,13,7,478
49.0,8,13,8,480
49.0,8,13,9,482
49.0,8,13,10,484
49.0,8,13,11,486
49.0,8,13,12,489
49.0,8,13,13,491
49.0,8,13,14,493
49.0,8,13,15,495
49.0,8,14,0,464
49.0,8,14,1,467
49.0,8,14,2,469
49.0,8,14,3,471
49.0,8,14,4,474
49.0,8,14,5,476
49.0,8,14,6,478
49.0,8,14,7,480
49.0,8,14,8,482
49.0,8,14,9,485
49.0,8,14,10,487
49.0,8,14,11,489
49.0,8,14,12,491
49.0,8,14,13,493
49.0,8,14,14,495
49.0,8,14,15,498
49.0,8,15,0,467
49.0,8,15,1,469
49.0,8,15,2,471
49.0,8,15,3,474
49.0,8,15,4,476
49.0,8,15,5,478
49.0,8,15,6,480
49.0,8,15,7,483
49.0,8,15,8,485
49.0,8,15,9,487
49.0,8,15,10,489
49.0,8,15,11,491
49.0,8,15,12,494
49.0,8,15,13,496
49.0,8,15,14,498
49.0,8,15,15,500
49.0,9,0,0,436
49.0,9,0,1,438
49.0,9,0,2,440
49.0,9,0,3,442
49.0,9,0,4,445
49.0,9,0,5,447
49.0,9,0,6,449
49.0,9,0,7,451
49.0,9,0,8,453
49.0,9,0,9,455
49.0,9,0,10,457
49.0,9,0,11,459
49.0,9,0,12,461
49.0,9,0,13,463
49.0,9,0,14,465
49.0,9,0,15,467
49.0,9,1,0,439
49.0,9,1,1,441
49.0,9,1,2,443
49.0,9,1,3,445
49.0,9,1,4,447
49.0,9,1,5,449
49.0,9,1,6,451
49.0,9,1,7,453
49.0,9,1,8,456
49.0,9,1,9,458
49.0,9,1,10,460
49.0,9,1,11,462
49.0,9,1,12,464
49.0,9,1,13,466
49.0,9,1,14,468
49.0,9,1,15,470
49.0,9,2,0,441
49.0,9,2,1,443
49.0,9,2,2,446
49.0,9,2,3,448
49.0,9,2,4,450
49.0,9,2,5,452
49.0,9,2,6,454
49.0,9,2,7,456
49.0,9,2,8,458
49.0,9,2,9,460
49.0,9,2,10,462
49.0,9,2,11,464
49.0,9,2,12,467
49.0,9,2,13,469
49.0,9,2,14,471
49.0,9,2,15,473
49.0,9,3,0,444
49.0,9,3,1,446
49.0,9,3,2,448
49.0,9,3,3,450
49.0,9,3,4,452
49.0,9,3,5,455
49.0,9,3,6,457
49.0,9,3,7,459
49.0,9,3,8,461
49.0,9,3,9,463
49.0,9,3,10,465
49.0,9,3,11,467
49.0,9,3,12,469
49.0,9,3,13,471
49.0,9,3,14,473
49.0,9,3,15,475
49.0,9,4,0,446
49.0,9,4,1,449
49.0,9,4,2,451
49.0,9,4,3,453
49.0,9,4,4,455
49.0,9,4,5,457
49.0,9,4,6,459
49.0,9,4,7,462
49.0,9,4,8,464
49.0,9,4,9,466
49.0,9,4,10,468
49.0,9,4,11,470
49.0,9,4,12,472
49.0,9,4,13,474
49.0,9,4,14,476
49.0,9,4,15,478
49.0,9,5,0,449
49.0,9,5,1,451
49.0,9,5,2,453
49.0,9,5,3,456
49.0,9,5,4,458
49.0,9,5,5,460
49.0,9,5,6,462
49.0,9,5,7,464
49.0,9,5,8,466
49.0,9,5,9,468
49.0,9,5,10,471
49.0,9,5,11,473
49.0,9,5,12,475
49.0,9,5,13,477
49.0,9,5,14,479
49.0,9,5,15,481
49.0,9,6,0,452
49.0,9,6,1,454
49.0,9,6,2,456
49.0,9,6,3,458
49.0,9,6,4,460
49.0,9,6,5,462
49.0,9,6,6,465
49.0,9,6,7,467
49.0,9,6,8,469
49.0,9,6,9,471
49.0,9,6,10,473
49.0,9,6,11,475
49.0,9,6,12,477
49.0,9,6,13,479
49.0,9,6,14,482
49.0,9,6,15,484
49.0,9,7,0,454
49.0,9,7,1,456
49.0,9,7,2,459
49.0,9,7,3,461
49.0,9,7,4,463
49.0,9,7,5,465
49.0,9,7,6,467
49.0,9,7,7,469
49.0,9,7,8,472
49.0,9,7,9,474
49.0,9,7,10,476
49.0,9,7,11,478
49.0,9,7,12,480
49.0,9,7,13,482
49.0,9,7,14,484
49.0,9,7,15,486
49.0,9,8,0,457
49.0,9,8,1,459
49.0,9,8,2,461
49.0,9,8,3,463
49.0,9,8,4,465
49.0,9,8,5,468
49.0,9,8,6,470
49.0,9,8,7,472
49.0,9,8,8,474
49.0,9,8,9,476
49.0,9,8,10,478
49.0,9,8,11,481
49.0,9,8,12,483
49.0,9,8,13,485
49.0,9,8,14,487
49.0,9,8,15,489
49.0,9,9,0,459
49.0,9,9,1,461
49.0,9,9,2,464
49.0,9,9,3,466
49.0,9,9,4,468
49.0,9,9,5,470
49.0,9,9,6,472
49.0,9,9,7,475
49.0,9,9,8,477
49.0,9,9,9,479
49.0,9,9,10,481
49.0,9,9,11,483
49.0,9,9,12,485
49.0,9,9,13,488
49.0,9,9,14,490
49.0,9,9,15,492
49.0,9,10,0,462
49.0,9,10,1,464
49.0,9,10,2,466
49.0,9,10,3,468
49.0,9,10,4,471
49.0,9,10,5,473
49.0,9,10,6,475
49.0,9,10,7,477
49.0,9,10,8,479
49.0,9,10,9,482
49.0,9,10,10,484
49.0,9,10,11,486
49.0,9,10,12,488
49.0,9,10,13,490
49.0,9,10,14,492
49.0,9,10,15,494
49.0,9,11,0,464
49.0,9,11,1,466
49.0,9,11,2,469
49.0,9,11,3,471
49.0,9,11,4,473
49.0,9,11,5,475
49.0,9,11,6,478
49.0,9,11,7,480
49.0,9,11,8,482
49.0,9,11,9,484
49.0,9,11,10,486
49.0,9,11,11,488
49.0,9,11,12,491
49.0,9,11,13,493
49.0,9,11,14,495
49.0,9,11,15,497
49.0,9,12,0,467
49.0,9,12,1,469
49.0,9,12,2,471
49.0,9,12,3,473
49.0,9,12,4,476
49.0,9,12,5,478
49.0,9,12,6,480
49.0,9,12,7,482
49.0,9,12,8,485
49.0,9,12,9,487
49.0,9,12,10,489
49.0,9,12,11,491
49.0,9,12,12,493
49.0,9,12,13,495
49.0,9,12,14,498
49.0,9,12,15,500
49.0,9,13,0,469
49.0,9,13,1,471
49.0,9,13,2,474
49.0,9,13,3,476
49.0,9,13,4,478
49.0,9,13,5,480
49.0,9,13,6,483
49.0,9,13,7,485
49.0,9,13,8,487
49.0,9,13,9,489
49.0,9,13,10,491
49.0,9,13,11,494
49.0,9,13,12,496
49.0,9,13,13,498
49.0,9,13,14,500
49.0,9,13,15,502
49.0,9,14,0,471
49.0,9,14,1,474
49.0,9,14,2,476
49.0,9,14,3,478
49.0,9,14,4,481
49.0,9,14,5,483
49.0,9,14,6,485
49.0,9,14,7,487
49.0,9,14,8,490
49.0,9,14,9,492
49.0,9,14,10,494
49.0,9,14,11,496
49.0,9,14,12,498
49.0,9,14,13,501
49.0,9,14,14,503
49.0,9,14,15,505
49.0,9,15,0,474
49.0,9,15,1,476
49.0,9,15,2,478
49.0,9,15,3,481
49.0,9,15,4,483
49.0,9,15,5,485
49.0,9,15,6,488
49.0,9,15,7,490
49.0,9,15,8,492
49.0,9,15,9,494
49.0,9,15,10,497
49.0,9,15,11,499
49.0,9,15,12,501
49.0,9,15,13,503
49.0,9,15,14,505
49.0,9,15,15,508
49.0,10,0,0,442
49.0,10,0,1,445
49.0,10,0,2,447
49.0,10,0,3,449
49.0,10,0,4,451
49.0,10,0,5,453
49.0,10,0,6,455
49.0,10,0,7,457
49.0,10,0,8,460
49.0,10,0,9,462
49.0,10,0,10,464
49.0,10,0,11,466
49.0,10,0,12,468
49.0,10,0,13,470
49.0,10,0,14,472
49.0,10,0,15,474
49.0,10,1,0,445
49.0,10,1,1,447
49.0,10,1,2,449
49.0,10,1,3,452
49.0,10,1,4,454
49.0,10,1,5,456
49.0,10,1,6,458
49.0,10,1,7,460
49.0,10,1,8,462
49.0,10,1,9,464
49.0,10,1,10,466
49.0,10,1,11,469
49.0,10,1,12,471
49.0,10,1,13,473
49.0,10,1,14,475
49.0,10,1,15,477
49.0,10,2,0,448
49.0,10,2,1,450
49.0,10,2,2,452
49.0,10,2,3,454
49.0,10,2,4,456
49.0,10,2,5,459
49.0,10,2,6,461
49.0,10,2,7,463
49.0,10,2,8,465
49.0,10,2,9,467
49.0,10,2,10,469
49.0,10,2,11,471
49.0,10,2,12,473
49.0,10,2,13,475
49.0,10,2,14,478
49.0,10,2,15,480
49.0,10,3,0,450
49.0,10,3,1,453
49.0,10,3,2,455
49.0,10,3,3,457
49.0,10,3,4,459
49.0,10,3,5,461
49.0,10,3,6,463
49.0,10,3,7,466
49.0,10,3,8,468
49.0,10,3,9,470
49.0,10,3,10,472
49.0,10,3,11,474
49.0,10,3,12,476
49.0,10,3,13,478
49.0,10,3,14,480
49.0,10,3,15,482
49.0,10,4,0,453
49.0,10,4,1,455
49.0,10,4,2,457
49.0,10,4,3,460
49.0,10,4,4,462
49.0,10,4,5,464
49.0,10,4,6,466
49.0,10,4,7,468
49.0,10,4,8,470
49.0,10,4,9,473
49.0,10,4,10,475
49.0,10,4,11,477
49.0,10,4,12,479
49.0,10,4,13,481
49.0,10,4,14,483
49.0,10,4,15,485
49.0,10,5,0,456
49.0,10,5,1,458
49.0,10,5,2,460
49.0,10,5,3,462
49.0,10,5,4,464
49.0,10,5,5,467
49.0,10,5,6,469
49.0,10,5,7,471
49.0,10,5,8,473
49.0,10,5,9,475
49.0,10,5,10,477
49.0,10,5,11,480
49.0,10,5,12,482
49.0,10,5,13,484
49.0,10,5,14,486
49.0,10,5,15,488
49.0,10,6,0,458
49.0,10,6,1,460
49.0,10,6,2,463
49.0,10,6,3,465
49.0,10,6,4,467
49.0,10,6,5,469
49.0,10,6,6,471
49.0,10,6,7,474
49.0,10,6,8,476
49.0,10,6,9,478
49.0,10,6,10,480
49.0,10,6,11,482
49.0,10,6,12,484
49.0,10,6,13,487
49.0,10,6,14,489
49.0,10,6,15,491
49.0,10,7,0,461
49.0,10,7,1,463
49.0,10,7,2,465
49.0,10,7,3,468
49.0,10,7,4,470
49.0,10,7,5,472
49.0,10,7,6,474
49.0,10,7,7,476
49.0,10,7,8,479
49.0,10,7,9,481
49.0,10,7,10,483
49.0,10,7,11,485
49.0,10,7,12,487
49.0,10,7,13,489
49.0,10,7,14,491
49.0,10,7,15,494
49.0,10,8,0,463
49.0,10,8,1,466
49.0,10,8,2,468
49.0,10,8,3,470
49.0,10,8,4,472
49.0,10,8,5,475
49.0,10,8,6,477
49.0,10,8,7,479
49.0,10,8,8,481
49.0,10,8,9,483
49.0,10,8,10,486
49.0,10,8,11,488
49.0,10,8,12,490
49.0,10,8,13,492
49.0,10,8,14,494
49.0,10,8,15,496
49.0,10,9,0,466
49.0,10,9,1,468
49.0,10,9,2,470
49.0,10,9,3,473
49.0,10,9,4,475
49.0,10,9,5,477
49.0,10,9,6,479
49.0,10,9,7,482
49.0,10,9,8,484
49.0,10,9,9,486
49.0,10,9,10,488
49.0,10,9,11,490
49.0,10,9,12,493
49.0,10,9,13,495
49.0,10,9,14,497
49.0,10,9,15,499
49.0,10,10,0,468
49.0,10,10,1,471
49.0,10,10,2,473
49.0,10,10,3,475
49.0,10,10,4,478
49.0,10,10,5,480
49.0,10,10,6,482
49.0,10,10,7,484
49.0,10,10,8,486
49.0,10,10,9,489
49.0,10,10,10,491
49.0,10,10,11,493
49.0,10,10,12,495
49.0,10,10,13,497
49.0,10,10,14,500
49.0,10,10,15,502
49.0,10,11,0,471
49.0,10,11,1,473
49.0,10,11,2,476
49.0,10,11,3,478
49.0,10,11,4,480
49.0,10,11,5,482
49.0,10,11,6,485
49.0,10,11,7,487
49.0,10,11,8,489
49.0,10,11,9,491
49.0,10,11,10,493
49.0,10,11,11,496
49.0,10,11,12,498
49.0,10,11,13,500
49.0,10,11,14,502
49.0,10,11,15,504
49.0,10,12,0,473
49.0,10,12,1,476
49.0,10,12,2,478
49.0,10,12,3,480
49.0,10,12,4,483
49.0,10,12,5,485
49.0,10,12,6,487
49.0,10,12,7,489
49.0,10,12,8,492
49.0,10,12,9,494
49.0,10,12,10,496
49.0,10,12,11,498
49.0,10,12,12,501
49.0,10,12,13,503
49.0,10,12,14,505
49.0,10,12,15,507
49.0,10,13,0,476
49.0,10,13,1,478
49.0,10,13,2,481
49.0,10,13,3,483
49.0,10,13,4,485
49.0,10,13,5,487
49.0,10,13,6,490
49.0,10,13,7,492
49.0,10,13,8,494
49.0,10,13,9,496
49.0,10,13,10,499
49.0,10,13,11,501
49.0,10,13,12,503
49.0,10,13,13,505
49.0,10,13,14,508
49.0,10,13,15,510
49.0,10,14,0,478
49.0,10,14,1,481
49.0,10,14,2,483
49.0,10,14,3,485
49.0,10,14,4,488
49.0,10,14,5,490
49.0,10,14,6,492
49.0,10,14,7,495
49.0,10,14,8,497
49.0,10,14,9,499
49.0,10,14,10,501
49.0,10,14,11,504
49.0,10,14,12,506
49.0,10,14,13,508
49.0,10,14,14,510
49.0,10,14,15,512
49.0,10,15,0,481
49.0,10,15,1,483
49.0,10,15,2,486
49.0,10,15,3,488
49.0,10,15,4,490
49.0,10,15,5,492
49.0,10,15,6,495
49.0,10,15,7,497
49.0,10,15,8,499
49.0,10,15,9,502
49.0,10,15,10,504
49.0,10,15,11,506
49.0,10,15,12,508
49.0,10,15,13,511
49.0,10,15,14,513
49.0,10,15,15,515
49.0,11,0,0,449
49.0,11,0,1,451
49.0,11,0,2,453
49.0,11,0,3,455
49.0,11,0,4,458
49.0,11,0,5,460
49.0,11,0,6,462
49.0,11,0,7,464
49.0,11,0,8,466
49.0,11,0,9,468
49.0,11,0,10,470
49.0,11,0,11,473
49.0,11,0,12,475
49.0,11,0,13,477
49.0,11,0,14,479
49.0,11,0,15,481
49.0,11,1,0,452
49.0,11,1,1,454
49.0,11,1,2,456
49.0,11,1,3,458
49.0,11,1,4,460
49.0,11,1,5,463
49.0,11,1,6,465
49.0,11,1,7,467
49.0,11,1,8,469
49.0,11,1,9,471
49.0,11,1,10,473
49.0,11,1,11,475
49.0,11,1,12,477
49.0,11,1,13,480
49.0,11,1,14,482
49.0,11,1,15,484
49.0,11,2,0,454
49.0,11,2,1,456
49.0,11,2,2,459
49.0,11,2,3,461
49.0,11,2,4,463
49.0,11,2,5,465
49.0,11,2,6,467
49.0,11,2,7,470
49.0,11,2,8,472
49.0,11,2,9,474
49.0,11,2,10,476
49.0,11,2,11,478
49.0,11,2,12,480
49.0,11,2,13,482
49.0,11,2,14,484
49.0,11,2,15,487
49.0,11,3,0,457
49.0,11,3,1,459
49.0,11,3,2,461
49.0,11,3,3,464
49.0,11,3,4,466
49.0,11,3,5,468
49.0,11,3,6,470
49.0,11,3,7,472
49.0,11,3,8,475
49.0,11,3,9,477
49.0,11,3,10,479
49.0,11,3,11,481
49.0,11,3,12,483
49.0,11,3,13,485
49.0,11,3,14,487
49.0,11,3,15,489
49.0,11,4,0,460
49.0,11,4,1,462
49.0,11,4,2,464
49.0,11,4,3,466
49.0,11,4,4,469
49.0,11,4,5,471
49.0,11,4,6,473
49.0,11,4,7,475
49.0,11,4,8,477
49.0,11,4,9,479
49.0,11,4,10,482
49.0,11,4,11,484
49.0,11,4,12,486
49.0,11,4,13,488
49.0,11,4,14,490
49.0,11,4,15,492
49.0,11,5,0,462
49.0,11,5,1,464
49.0,11,5,2,467
49.0,11,5,3,469
49.0,11,5,4,471
49.0,11,5,5,473
49.0,11,5,6,476
49.0,11,5,7,478
49.0,11,5,8,480
49.0,11,5,9,482
49.0,11,5,10,484
49.0,11,5,11,487
49.0,11,5,12,489
49.0,11,5,13,491
49.0,11,5,14,493
49.0,11,5,15,495
49.0,11,6,0,465
49.0,11,6,1,467
49.0,11,6,2,469
49.0,11,6,3,472
49.0,11,6,4,474
49.0,11,6,5,476
49.0,11,6,6,478
49.0,11,6,7,481
49.0,11,6,8,483
49.0,11,6,9,485
49.0,11,6,10,487
49.0,11,6,11,489
49.0,11,6,12,491
49.0,11,6,13,494
49.0,11,6,14,496
49.0,11,6,15,498
49.0,11,7,0,467
49.0,11,7,1,470
49.0,11,7,2,472
49.0,11,7,3,474
49.0,11,7,4,477
49.0,11,7,5,479
49.0,11,7,6,481
49.0,11,7,7,483
49.0,11,7,8,485
49.0,11,7,9,488
49.0,11,7,10,490
49.0,11,7,11,492
49.0,11,7,12,494
49.0,11,7,13,496
49.0,11,7,14,499
49.0,11,7,15,501
49.0,11,8,0,470
49.0,11,8,1,472
49.0,11,8,2,475
49.0,11,8,3,477
49.0,11,8,4,479
49.0,11,8,5,481
49.0,11,8,6,484
49.0,11,8,7,486
49.0,11,8,8,488
49.0,11,8,9,490
49.0,11,8,10,493
49.0,11,8,11,495
49.0,11,8,12,497
49.0,11,8,13,499
49.0,11,8,14,501
49.0,11,8,15,503
49.0,11,9,0,473
49.0,11,9,1,475
49.0,11,9,2,477
49.0,11,9,3,480
49.0,11,9,4,482
49.0,11,9,5,484
49.0,11,9,6,486
49.0,11,9,7,489
49.0,11,9,8,491
49.0,11,9,9,493
49.0,11,9,10,495
49.0,11,9,11,497
49.0,11,9,12,500
49.0,11,9,13,502
49.0,11,9,14,504
49.0,11,9,15,506
49.0,11,10,0,475
49.0,11,10,1,478
49.0,11,10,2,480
49.0,11,10,3,482
49.0,11,10,4,484
49.0,11,10,5,487
49.0,11,10,6,489
49.0,11,10,7,491
49.0,11,10,8,493
49.0,11,10,9,496
49.0,11,10,10,498
49.0,11,10,11,500
49.0,11,10,12,502
49.0,11,10,13,505
49.0,11,10,14,507
49.0,11,10,15,509
49.0,11,11,0,478
49.0,11,11,1,480
49.0,11,11,2,482
49.0,11,11,3,485
49.0,11,11,4,487
49.0,11,11,5,489
49.0,11,11,6,492
49.0,11,11,7,494
49.0,11,11,8,496
49.0,11,11,9,498
49.0,11,11,10,501
49.0,11,11,11,503
49.0,11,11,12,505
49.0,11,11,13,507
49.0,11,11,14,510
49.0,11,11,15,512
49.0,11,12,0,480
49.0,11,12,1,483
49.0,11,12,2,485
49.0,11,12,3,487
49.0,11,12,4,490
49.0,11,12,5,492
49.0,11,12,6,494
49.0,11,12,7,497
49.0,11,12,8,499
49.0,11,12,9,501
49.0,11,12,10,503
49.0,11,12,11,506
49.0,11,12,12,508
49.0,11,12,13,510
49.0,11,12,14,512
49.0,11,12,15,514
49.0,11,13,0,483
49.0,11,13,1,485
49.0,11,13,2,488
49.0,11,13,3,490
49.0,11,13,4,492
49.0,11,13,5,495
49.0,11,13,6,497
49.0,11,13,7,499
49.0,11,13,8,501
49.0,11,13,9,504
49.0,11,13,10,506
49.0,11,13,11,508
49.0,11,13,12,510
49.0,11,13,13,513
49.0,11,13,14,515
49.0,11,13,15,517
49.0,11,14,0,485
49.0,11,14,1,488
49.0,11,14,2,490
49.0,11,14,3,492
49.0,11,14,4,495
49.0,11,14,5,497
49.0,11,14,6,499
49.0,11,14,7,502
49.0,11,14,8,504
49.0,11,14,9,506
49.0,11,14,10,509
49.0,11,14,11,511
49.0,11,14,12,513
49.0,11,14,13,515
49.0,11,14,14,518
49.0,11,14,15,520
49.0,11,15,0,488
49.0,11,15,1,490
49.0,11,15,2,493
49.0,11,15,3,495
49.0,11,15,4,497
49.0,11,15,5,500
49.0,11,15,6,502
49.0,11,15,7,504
49.0,11,15,8,507
49.0,11,15,9,509
49.0,11,15,10,511
49.0,11,15,11,513
49.0,11,15,12,516
49.0,11,15,13,518
49.0,11,15,14,520
49.0,11,15,15,522
49.0,12,0,0,455
49.0,12,0,1,458
49.0,12,0,2,460
49.0,12,0,3,462
49.0,12,0,4,464
49.0,12,0,5,466
49.0,12,0,6,469
49.0,12,0,7,471
49.0,12,0,8,473
49.0,12,0,9,475
49.0,12,0,10,477
49.0,12,0,11,479
49.0,12,0,12,481
49.0,12,0,13,483
49.0,12,0,14,486
49.0,12,0,15,488
49.0,12,1,0,458
49.0,12,1,1,460
49.0,12,1,2,463
49.0,12,1,3,465
49.0,12,1,4,467
49.0,12,1,5,469
49.0,12,1,6,471
49.0,12,1,7,474
49.0,12,1,8,476
49.0,12,1,9,478
49.0,12,1,10,480
49.0,12,1,11,482
49.0,12,1,12,484
49.0,12,1,13,486
49.0,12,1,14,489
49.0,12,1,15,491
49.0,12,2,0,461
49.0,12,2,1,463
49.0,12,2,2,465
49.0,12,2,3,468
49.0,12,2,4,470
49.0,12,2,5,472
49.0,12,2,6,474
49.0,12,2,7,476
49.0,12,2,8,479
49.0,12,2,9,481
49.0,12,2,10,483
49.0,12,2,11,485
49.0,12,2,12,487
49.0,12,2,13,489
49.0,12,2,14,491
49.0,12,2,15,494
49.0,12,3,0,463
49.0,12,3,1,466
49.0,12,3,2,468
49.0,12,3,3,470
49.0,12,3,4,472
49.0,12,3,5,475
49.0,12,3,6,477
49.0,12,3,7,479
49.0,12,3,8,481
49.0,12,3,9,484
49.0,12,3,10,486
49.0,12,3,11,488
49.0,12,3,12,490
49.0,12,3,13,492
49.0,12,3,14,494
49.0,12,3,15,496
49.0,12,4,0,466
49.0,12,4,1,468
49.0,12,4,2,471
49.0,12,4,3,473
49.0,12,4,4,475
49.0,12,4,5,477
49.0,12,4,6,480
49.0,12,4,7,482
49.0,12,4,8,484
49.0,12,4,9,486
49.0,12,4,10,489
49.0,12,4,11,491
49.0,12,4,12,493
49.0,12,4,13,495
49.0,12,4,14,497
49.0,12,4,15,499
49.0,12,5,0,469
49.0,12,5,1,471
49.0,12,5,2,473
49.0,12,5,3,476
49.0,12,5,4,478
49.0,12,5,5,480
49.0,12,5,6,482
49.0,12,5,7,485
49.0,12,5,8,487
49.0,12,5,9,489
49.0,12,5,10,491
49.0,12,5,11,493
49.0,12,5,12,496
49.0,12,5,13,498
49.0,12,5,14,500
49.0,12,5,15,502
49.0,12,6,0,471
49.0,12,6,1,474
49.0,12,6,2,476
49.0,12,6,3,478
49.0,12,6,4,481
49.0,12,6,5,483
49.0,12,6,6,485
49.0,12,6,7,487
49.0,12,6,8,490
49.0,12,6,9,492
49.0,12,6,10,494
49.0,12,6,11,496
49.0,12,6,12,498
49.0,12,6,13,501
49.0,12,6,14,503
49.0,12,6,15,505
49.0,12,7,0,474
49.0,12,7,1,476
49.0,12,7,2,479
49.0,12,7,3,481
49.0,12,7,4,483
49.0,12,7,5,486
49.0,12,7,6,488
49.0,12,7,7,490
49.0,12,7,8,492
49.0,12,7,9,495
49.0,12,7,10,497
49.0,12,7,11,499
49.0,12,7,12,501
49.0,12,7,13,503
49.0,12,7,14,506
49.0,12,7,15,508
49.0,12,8,0,477
49.0,12,8,1,479
49.0,12,8,2,481
49.0,12,8,3,484
49.0,12,8,4,486
49.0,12,8,5,488
49.0,12,8,6,491
49.0,12,8,7,493
49.0,12,8,8,495
49.0,12,8,9,497
49.0,12,8,10,500
49.0,12,8,11,502
49.0,12,8,12,504
49.0,12,8,13,506
49.0,12,8,14,508
49.0,12,8,15,511
49.0,12,9,0,479
49.0,12,9,1,482
49.0,12,9,2,484
49.0,12,9,3,486
49.0,12,9,4,489
49.0,12,9,5,491
49.0,12,9,6,493
49.0,12,9,7,496
49.0,12,9,8,498
49.0,12,9,9,500
49.0,12,9,10,502
49.0,12,9,11,505
49.0,12,9,12,507
49.0,12,9,13,509
49.0,12,9,14,511
49.0,12,9,15,513
49.0,12,10,0,482
49.0,12,10,1,484
49.0,12,10,2,487
49.0,12,10,3,489
49.0,12,10,4,491
49.0,12,10,5,494
49.0,12,10,6,496
49.0,12,10,7,498
49.0,12,10,8,501
49.0,12,10,9,503
49.0,12,10,10,505
49.0,12,10,11,507
49.0,12,10,12,510
49.0,12,10,13,512
49.0,12,10,14,514
49.0,12,10,15,516
49.0,12,11,0,485
49.0,12,11,1,487
49.0,12,11,2,489
49.0,12,11,3,492
49.0,12,11,4,494
49.0,12,11,5,496
49.0,12,11,6,499
49.0,12,11,7,501
49.0,12,11,8,503
49.0,12,11,9,506
49.0,12,11,10,508
49.0,12,11,11,510
49.0,12,11,12,512
49.0,12,11,13,515
49.0,12,11,14,517
49.0,12,11,15,519
49.0,12,12,0,487
49.0,12,12,1,490
49.0,12,12,2,492
49.0,12,12,3,494
49.0,12,12,4,497
49.0,12,12,5,499
49.0,12,12,6,501
49.0,12,12,7,504
49.0,12,12,8,506
49.0,12,12,9,508
49.0,12,12,10,510
49.0,12,12,11,513
49.0,12,12,12,515
49.0,12,12,13,517
49.0,12,12,14,520
49.0,12,12,15,522
49.0,12,13,0,490
49.0,12,13,1,492
49.0,12,13,2,494
49.0,12,13,3,497
49.0,12,13,4,499
49.0,12,13,5,502
49.0,12,13,6,504
49.0,12,13,7,506
49.0,12,13,8,509
49.0,12,13,9,511
49.0,12,13,10,513
49.0,12,13,11,515
49.0,12,13,12,518
49.0,12,13,13,520
49.0,12,13,14,522
49.0,12,13,15,525
49.0,12,14,0,492
49.0,12,14,1,495
49.0,12,14,2,497
49.0,12,14,3,499
49.0,12,14,4,502
49.0,12,14,5,504
49.0,12,14,6,507
49.0,12,14,7,509
49.0,12,14,8,511
49.0,12,14,9,514
49.0,12,14,10,516
49.0,12,14,11,518
49.0,12,14,12,520
49.0,12,14,13,523
49.0,12,14,14,525
49.0,12,14,15,527
49.0,12,15,0,495
49.0,12,15,1,497
49.0,12,15,2,500
49.0,12,15,3,502
49.0,12,15,4,504
49.0,12,15,5,507
49.0,12,15,6,509
49.0,12,15,7,511
49.0,12,15,8,514
49.0,12,15,9,516
49.0,12,15,10,518
49.0,12,15,11,521
49.0,12,15,12,523
49.0,12,15,13,525
49.0,12,15,14,528
49.0,12,15,15,530
49.0,13,0,0,462
49.0,13,0,1,464
49.0,13,0,2,466
49.0,13,0,3,468
49.0,13,0,4,471
49.0,13,0,5,473
49.0,13,0,6,475
49.0,13,0,7,477
49.0,13,0,8,480
49.0,13,0,9,482
49.0,13,0,10,484
49.0,13,0,11,486
49.0,13,0,12,488
49.0,13,0,13,490
49.0,13,0,14,492
49.0,13,0,15,495
49.0,13,1,0,465
49.0,13,1,1,467
49.0,13,1,2,469
49.0,13,1,3,471
49.0,13,1,4,474
49.0,13,1,5,476
49.0,13,1,6,478
49.0,13,1,7,480
49.0,13,1,8,482
49.0,13,1,9,485
49.0,13,1,10,487
49.0,13,1,11,489
49.0,13,1,12,491
49.0,13,1,13,493
49.0,13,1,14,495
49.0,13,1,15,498
49.0,13,2,0,467
49.0,13,2,1,470
49.0,13,2,2,472
49.0,13,2,3,474
49.0,13,2,4,476
49.0,13,2,5,479
49.0,13,2,6,481
49.0,13,2,7,483
49.0,13,2,8,485
49.0,13,2,9,487
49.0,13,2,10,490
49.0,13,2,11,492
49.0,13,2,12,494
49.0,13,2,13,496
49.0,13,2,14,498
49.0,13,2,15,500
49.0,13,3,0,470
49.0,13,3,1,472
49.0,13,3,2,475
49.0,13,3,3,477
49.0,13,3,4,479
49.0,13,3,5,481
49.0,13,3,6,484
49.0,13,3,7,486
49.0,13,3,8,488
49.0,13,3,9,490
49.0,13,3,10,493
49.0,13,3,11,495
49.0,13,3,12,497
49.0,13,3,13,499
49.0,13,3,14,501
49.0,13,3,15,503
49.0,13,4,0,473
49.0,13,4,1,475
49.0,13,4,2,477
49.0,13,4,3,480
49.0,13,4,4,482
49.0,13,4,5,484
49.0,13,4,6,486
49.0,13,4,7,489
49.0,13,4,8,491
49.0,13,4,9,493
49.0,13,4,10,495
49.0,13,4,11,498
49.0,13,4,12,500
49.0,13,4,13,502
49.0,13,4,14,504
49.0,13,4,15,506
49.0,13,5,0,475
49.0,13,5,1,478
49.0,13,5,2,480
49.0,13,5,3,482
49.0,13,5,4,485
49.0,13,5,5,487
49.0,13,5,6,489
49.0,13,5,7,492
49.0,13,5,8,494
49.0,13,5,9,496
49.0,13,5,10,498
49.0,13,5,11,500
49.0,13,5,12,503
49.0,13,5,13,505
49.0,13,5,14,507
49.0,13,5,15,509
49.0,13,6,0,478
49.0,13,6,1,480
49.0,13,6,2,483
49.0,13,6,3,485
49.0,13,6,4,487
49.0,13,6,5,490
49.0,13,6,6,492
49.0,13,6,7,494
49.0,13,6,8,497
49.0,13,6,9,499
49.0,13,6,10,501
49.0,13,6,11,503
49.0,13,6,12,506
49.0,13,6,13,508
49.0,13,6,14,510
49.0,13,6,15,512
49.0,13,7,0,481
49.0,13,7,1,483
49.0,13,7,2,486
49.0,13,7,3,488
49.0,13,7,4,490
49.0,13,7,5,492
49.0,13,7,6,495
49.0,13,7,7,497
49.0,13,7,8,499
49.0,13,7,9,502
49.0,13,7,10,504
49.0,13,7,11,506
49.0,13,7,12,508
49.0,13,7,13,511
49.0,13,7,14,513
49.0,13,7,15,515
49.0,13,8,0,483
49.0,13,8,1,486
49.0,13,8,2,488
49.0,13,8,3,491
49.0,13,8,4,493
49.0,13,8,5,495
49.0,13,8,6,498
49.0,13,8,7,500
49.0,13,8,8,502
49.0,13,8,9,504
49.0,13,8,10,507
49.0,13,8,11,509
49.0,13,8,12,511
49.0,13,8,13,513
49.0,13,8,14,516
49.0,13,8,15,518
49.0,13,9,0,486
49.0,13,9,1,489
49.0,13,9,2,491
49.0,13,9,3,493
49.0,13,9,4,496
49.0,13,9,5,498
49.0,13,9,6,500
49.0,13,9,7,503
49.0,13,9,8,505
49.0,13,9,9,507
49.0,13,9,10,509
49.0,13,9,11,512
49.0,13,9,12,514
49.0,13,9,13,516
49.0,13,9,14,518
49.0,13,9,15,521
49.0,13,10,0,489
49.0,13,10,1,491
49.0,13,10,2,494
49.0,13,10,3,496
49.0,13,10,4,498
49.0,13,10,5,501
49.0,13,10,6,503
49.0,13,10,7,505
49.0,13,10,8,508
49.0,13,10,9,510
49.0,13,10,10,512
49.0,13,10,11,514
49.0,13,10,12,517
49.0,13,10,13,519
49.0,13,10,14,521
49.0,13,10,15,524
49.0,13,11,0,491
49.0,13,11,1,494
49.0,13,11,2,496
49.0,13,11,3,499
49.0,13,11,4,501
49.0,13,11,5,503
49.0,13,11,6,506
49.0,13,11,7,508
49.0,13,11,8,510
49.0,13,11,9,513
49.0,13,11,10,515
49.0,13,11,11,517
49.0,13,11,12,520
49.0,13,11,13,522
49.0,13,11,14,524
49.0,13,11,15,526
49.0,13,12,0,494
49.0,13,12,1,496
49.0,13,12,2,499
49.0,13,12,3,501
49.0,13,12,4,504
49.0,13,12,5,506
49.0,13,12,6,508
49.0,13,12,7,511
49.0,13,12,8,513
49.0,13,12,9,515
49.0,13,12,10,518
49.0,13,12,11,520
49.0,13,12,12,522
49.0,13,12,13,525
49.0,13,12,14,527
49.0,13,12,15,529
49.0,13,13,0,497
49.0,13,13,1,499
49.0,13,13,2,501
49.0,13,13,3,504
49.0,13,13,4,506
49.0,13,13,5,509
49.0,13,13,6,511
49.0,13,13,7,513
49.0,13,13,8,516
49.0,13,13,9,518
49.0,13,13,10,520
49.0,13,13,11,523
49.0,13,13,12,525
49.0,13,13,13,527
49.0,13,13,14,530
49.0,13,13,15,532
49.0,13,14,0,499
49.0,13,14,1,502
49.0,13,14,2,504
49.0,13,14,3,506
49.0,13,14,4,509
49.0,13,14,5,511
49.0,13,14,6,514
49.0,13,14,7,516
49.0,13,14,8,518
49.0,13,14,9,521
49.0,13,14,10,523
49.0,13,14,11,525
49.0,13,14,12,528
49.0,13,14,13,530
49.0,13,14,14,532
49.0,13,14,15,535
49.0,13,15,0,502
49.0,13,15,1,504
49.0,13,15,2,507
49.0,13,15,3,509
49.0,13,15,4,512
49.0,13,15,5,514
49.0,13,15,6,516
49.0,13,15,7,519
49.0,13,15,8,521
49.0,13,15,9,523
49.0,13,15,10,526
49.0,13,15,11,528
49.0,13,15,12,530
49.0,13,15,13,533
49.0,13,15,14,535
49.0,13,15,15,537
49.0,14,0,0,468
49.0,14,0,1,470
49.0,14,0,2,473
49.0,14,0,3,475
49.0,14,0,4,477
49.0,14,0,5,479
49.0,14,0,6,482
49.0,14,0,7,484
49.0,14,0,8,486
49.0,14,0,9,488
49.0,14,0,10,491
49.0,14,0,11,493
49.0,14,0,12,495
49.0,14,0,13,497
49.0,14,0,14,499
49.0,14,0,15,501
49.0,14,1,0,471
49.0,14,1,1,473
49.0,14,1,2,476
49.0,14,1,3,478
49.0,14,1,4,480
49.0,14,1,5,482
49.0,14,1,6,485
49.0,14,1,7,487
49.0,14,1,8,489
49.0,14,1,9,491
49.0,14,1,10,494
49.0,14,1,11,496
49.0,14,1,12,498
49.0,14,1,13,500
49.0,14,1,14,502
49.0,14,1,15,504
49.0,14,2,0,474
49.0,14,2,1,476
49.0,14,2,2,478
49.0,14,2,3,481
49.0,14,2,4,483
49.0,14,2,5,485
49.0,14,2,6,488
49.0,14,2,7,490
49.0,14,2,8,492
49.0,14,2,9,494
49.0,14,2,10,496
49.0,14,2,11,499
49.0,14,2,12,501
49.0,14,2,13,503
49.0,14,2,14,505
49.0,14,2,15,507
49.0,14,3,0,477
49.0,14,3,1,479
49.0,14,3,2,481
49.0,14,3,3,484
49.0,14,3,4,486
49.0,14,3,5,488
49.0,14,3,6,490
49.0,14,3,7,493
49.0,14,3,8,495
49.0,14,3,9,497
49.0,14,3,10,499
49.0,14,3,11,502
49.0,14,3,12,504
49.0,14,3,13,506
49.0,14,3,14,508
49.0,14,3,15,510
49.0,14,4,0,479
49.0,14,4,1,482
49.0,14,4,2,484
49.0,14,4,3,486
49.0,14,4,4,489
49.0,14,4,5,491
49.0,14,4,6,493
49.0,14,4,7,495
49.0,14,4,8,498
49.0,14,4,9,500
49.0,14,4,10,502
49.0,14,4,11,505
49.0,14,4,12,507
49.0,14,4,13,509
49.0,14,4,14,511
49.0,14,4,15,513
49.0,14,5,0,482
49.0,14,5,1,484
49.0,14,5,2,487
49.0,14,5,3,489
49.0,14,5,4,491
49.0,14,5,5,494
49.0,14,5,6,496
49.0,14,5,7,498
49.0,14,5,8,501
49.0,14,5,9,503
49.0,14,5,10,505
49.0,14,5,11,507
49.0,14,5,12,510
49.0,14,5,13,512
49.0,14,5,14,514
49.0,14,5,15,516
49.0,14,6,0,485
49.0,14,6,1,487
49.0,14,6,2,490
49.0,14,6,3,492
49.0,14,6,4,494
49.0,14,6,5,497
49.0,14,6,6,499
49.0,14,6,7,501
49.0,14,6,8,503
49.0,14,6,9,506
49.0,14,6,10,508
49.0,14,6,11,510
49.0,14,6,12,513
49.0,14,6,13,515
49.0,14,6,14,517
49.0,14,6,15,519
49.0,14,7,0,488
49.0,14,7,1,490
49.0,14,7,2,492
49.0,14,7,3,495
49.0,14,7,4,497
49.0,14,7,5,499
49.0,14,7,6,502
49.0,14,7,7,504
49.0,14,7,8,506
49.0,14,7,9,509
49.0,14,7,10,511
49.0,14,7,11,513
49.0,14,7,12,515
49.0,14,7,13,518
49.0,14,7,14,520
49.0,14,7,15,522
49.0,14,8,0,490
49.0,14,8,1,493
49.0,14,8,2,495
49.0,14,8,3,497
49.0,14,8,4,500
49.0,14,8,5,502
49.0,14,8,6,504
49.0,14,8,7,507
49.0,14,8,8,509
49.0,14,8,9,511
49.0,14,8,10,514
49.0,14,8,11,516
49.0,14,8,12,518
49.0,14,8,13,521
49.0,14,8,14,523
49.0,14,8,15,525
49.0,14,9,0,493
49.0,14,9,1,495
49.0,14,9,2,498
49.0,14,9,3,500
49.0,14,9,4,502
49.0,14,9,5,505
49.0,14,9,6,507
49.0,14,9,7,510
49.0,14,9,8,512
49.0,14,9,9,514
49.0,14,9,10,517
49.0,14,9,11,519
49.0,14,9,12,521
49.0,14,9,13,523
49.0,14,9,14,526
49.0,14,9,15,528
49.0,14,10,0,496
49.0,14,10,1,498
49.0,14,10,2,500
49.0,14,10,3,503
49.0,14,10,4,505
49.0,14,10,5,508
49.0,14,10,6,510
49.0,14,10,7,512
49.0,14,10,8,515
49.0,14,10,9,517
49.0,14,10,10,519
49.0,14,10,11,522
49.0,14,10,12,524
49.0,14,10,13,526
49.0,14,10,14,529
49.0,14,10,15,531
49.0,14,11,0,498
49.0,14,11,1,501
49.0,14,11,2,503
49.0,14,11,3,506
49.0,14,11,4,508
49.0,14,11,5,510
49.0,14,11,6,513
49.0,14,11,7,515
49.0,14,11,8,517
49.0,14,11,9,520
49.0,14,11,10,522
49.0,14,11,11,524
49.0,14,11,12,527
49.0,14,11,13,529
49.0,14,11,14,531
49.0,14,11,15,534
49.0,14,12,0,501
49.0,14,12,1,503
49.0,14,12,2,506
49.0,14,12,3,508
49.0,14,12,4,511
49.0,14,12,5,513
49.0,14,12,6,515
49.0,14,12,7,518
49.0,14,12,8,520
49.0,14,12,9,523
49.0,14,12,10,525
49.0,14,12,11,527
49.0,14,12,12,530
49.0,14,12,13,532
49.0,14,12,14,534
49.0,14,12,15,536
49.0,14,13,0,504
49.0,14,13,1,506
49.0,14,13,2,508
49.0,14,13,3,511
49.0,14,13,4,513
49.0,14,13,5,516
49.0,14,13,6,518
49.0,14,13,7,521
49.0,14,13,8,523
49.0,14,13,9,525
49.0,14,13,10,528
49.0,14,13,11,530
49.0,14,13,12,532
49.0,14,13,13,535
49.0,14,13,14,537
49.0,14,13,15,539
49.0,14,14,0,506
49.0,14,14,1,509
49.0,14,14,2,511
49.0,14,14,3,514
49.0,14,14,4,516
49.0,14,14,5,518
49.0,14,14,6,521
49.0,14,14,7,523
49.0,14,14,8,526
49.0,14,14,9,528
49.0,14,14,10,530
49.0,14,14,11,533
49.0,14,14,12,535
49.0,14,14,13,537
49.0,14,14,14,540
49.0,14,14,15,542
49.0,14,15,0,509
49.0,14,15,1,511
49.0,14,15,2,514
49.0,14,15,3,516
49.0,14,15,4,519
49.0,14,15,5,521
49.0,14,15,6,524
49.0,14,15,7,526
49.0,14,15,8,528
49.0,14,15,9,531
49.0,14,15,10,533
49.0,14,15,11,535
49.0,14,15,12,538
49.0,14,15,13,540
49.0,14,15,14,543
49.0,14,15,15,545
49.0,15,0,0,475
49.0,15,0,1,477
49.0,15,0,2,479
49.0,15,0,3,482
49.0,15,0,4,484
49.0,15,0,5,486
49.0,15,0,6,488
49.0,15,0,7,491
49.0,15,0,8,493
49.0,15,0,9,495
49.0,15,0,10,497
49.0,15,0,11,500
49.0,15,0,12,502
49.0,15,0,13,504
49.0,15,0,14,506
49.0,15,0,15,508
49.0,15,1,0,477
49.0,15,1,1,480
49.0,15,1,2,482
49.0,15,1,3,484
49.0,15,1,4,487
49.0,15,1,5,489
49.0,15,1,6,491
49.0,15,1,7,494
49.0,15,1,8,496
49.0,15,1,9,498
49.0,15,1,10,500
49.0,15,1,11,503
49.0,15,1,12,505
49.0,15,1,13,507
49.0,15,1,14,509
49.0,15,1,15,511
49.0,15,2,0,480
49.0,15,2,1,483
49.0,15,2,2,485
49.0,15,2,3,487
49.0,15,2,4,490
49.0,15,2,5,492
49.0,15,2,6,494
49.0,15,2,7,496
49.0,15,2,8,499
49.0,15,2,9,501
49.0,15,2,10,503
49.0,15,2,11,506
49.0,15,2,12,508
49.0,15,2,13,510
49.0,15,2,14,512
49.0,15,2,15,514
49.0,15,3,0,483
49.0,15,3,1,485
49.0,15,3,2,488
49.0,15,3,3,490
49.0,15,3,4,492
49.0,15,3,5,495
49.0,15,3,6,497
49.0,15,3,7,499
49.0,15,3,8,502
49.0,15,3,9,504
49.0,15,3,10,506
49.0,15,3,11,508
49.0,15,3,12,511
49.0,15,3,13,513
49.0,15,3,14,515
49.0,15,3,15,517
49.0,15,4,0,486
49.0,15,4,1,488
49.0,15,4,2,491
49.0,15,4,3,493
49.0,15,4,4,495
49.0,15,4,5,498
49.0,15,4,6,500
49.0,15,4,7,502
49.0,15,4,8,505
49.0,15,4,9,507
49.0,15,4,10,509
49.0,15,4,11,511
49.0,15,4,12,514
49.0,15,4,13,516
49.0,15,4,14,518
49.0,15,4,15,520
49.0,15,5,0,489
49.0,15,5,1,491
49.0,15,5,2,493
49.0,15,5,3,496
49.0,15,5,4,498
49.0,15,5,5,501
49.0,15,5,6,503
49.0,15,5,7,505
49.0,15,5,8,507
49.0,15,5,9,510
49.0,15,5,10,512
49.0,15,5,11,514
49.0,15,5,12,517
49.0,15,5,13,519
49.0,15,5,14,521
49.0,15,5,15,523
49.0,15,6,0,491
49.0,15,6,1,494
49.0,15,6,2,496
49.0,15,6,3,499
49.0,15,6,4,501
49.0,15,6,5,503
49.0,15,6,6,506
49.0,15,6,7,508
49.0,15,6,8,510
49.0,15,6,9,513
49.0,15,6,10,515
49.0,15,6,11,517
49.0,15,6,12,520
49.0,15,6,13,522
49.0,15,6,14,524
49.0,15,6,15,526
49.0,15,7,0,494
49.0,15,7,1,497
49.0,15,7,2,499
49.0,15,7,3,501
49.0,15,7,4,504
49.0,15,7,5,506
49.0,15,7,6,509
49.0,15,7,7,511
49.0,15,7,8,513
49.0,15,7,9,516
49.0,15,7,10,518
49.0,15,7,11,520
49.0,15,7,12,522
49.0,15,7,13,525
49.0,15,7,14,527
49.0,15,7,15,529
49.0,15,8,0,497
49.0,15,8,1,499
49.0,15,8,2,502
49.0,15,8,3,504
49.0,15,8,4,507
49.0,15,8,5,509
49.0,15,8,6,511
49.0,15,8,7,514
49.0,15,8,8,516
49.0,15,8,9,518
49.0,15,8,10,521
49.0,15,8,11,523
49.0,15,8,12,525
49.0,15,8,13,528
49.0,15,8,14,530
49.0,15,8,15,532
49.0,15,9,0,500
49.0,15,9,1,502
49.0,15,9,2,505
49.0,15,9,3,507
49.0,15,9,4,509
49.0,15,9,5,512
49.0,15,9,6,514
49.0,15,9,7,517
49.0,15,9,8,519
49.0,15,9,9,521
49.0,15,9,10,524
49.0,15,9,11,526
49.0,15,9,12,528
49.0,15,9,13,531
49.0,15,9,14,533
49.0,15,9,15,535
49.0,15,10,0,502
49.0,15,10,1,505
49.0,15,10,2,507
49.0,15,10,3,510
49.0,15,10,4,512
49.0,15,10,5,515
49.0,15,10,6,517
49.0,15,10,7,519
49.0,15,10,8,522
49.0,15,10,9,524
49.0,15,10,10,526
49.0,15,10,11,529
49.0,15,10,12,531
49.0,15,10,13,533
49.0,15,10,14,536
49.0,15,10,15,538
49.0,15,11,0,505
49.0,15,11,1,508
49.0,15,11,2,510
49.0,15,11,3,512
49.0,15,11,4,515
49.0,15,11,5,517
49.0,15,11,6,520
49.0,15,11,7,522
49.0,15,11,8,525
49.0,15,11,9,527
49.0,15,11,10,529
49.0,15,11,11,532
49.0,15,11,12,534
49.0,15,11,13,536
49.0,15,11,14,539
49.0,15,11,15,541
49.0,15,12,0,508
49.0,15,12,1,510
49.0,15,12,2,513
49.0,15,12,3,515
49.0,15,12,4,518
49.0,15,12,5,520
49.0,15,12,6,522
49.0,15,12,7,525
49.0,15,12,8,527
49.0,15,12,9,530
49.0,15,12,10,532
49.0,15,12,11,534
49.0,15,12,12,537
49.0,15,12,13,539
49.0,15,12,14,542
49.0,15,12,15,544
49.0,15,13,0,510
49.0,15,13,1,513
49.0,15,13,2,515
49.0,15,13,3,518
49.0,15,13,4,520
49.0,15,13,5,523
49.0,15,13,6,525
49.0,15,13,7,528
49.0,15,13,8,530
49.0,15,13,9,532
49.0,15,13,10,535
49.0,15,13,11,537
49.0,15,13,12,540
49.0,15,13,13,542
49.0,15,13,14,544
49.0,15,13,15,547
49.0,15,14,0,513
49.0,15,14,1,516
49.0,15,14,2,518
49.0,15,14,3,521
49.0,15,14,4,523
49.0,15,14,5,526
49.0,15,14,6,528
49.0,15,14,7,530
49.0,15,14,8,533
49.0,15,14,9,535
49.0,15,14,10,538
49.0,15,14,11,540
49.0,15,14,12,542
49.0,15,14,13,545
49.0,15,14,14,547
49.0,15,14,15,550
49.0,15,15,0,516
49.0,15,15,1,518
49.0,15,15,2,521
49.0,15,15,3,523
49.0,15,15,4,526
49.0,15,15,5,528
49.0,15,15,6,531
49.0,15,15,7,533
49.0,15,15,8,536
49.0,15,15,9,538
49.0,15,15,10,540
49.0,15,15,11,543
49.0,15,15,12,545
49.0,15,15,13,548
49.0,15,15,14,550
49.0,15,15,15,552
49.5,0,0,0,381
49.5,0,0,1,382
49.5,0,0,2,384
49.5,0,0,3,386
49.5,0,0,4,388
49.5,0,0,5,390
49.5,0,0,6,392
49.5,0,0,7,393
49.5,0,0,8,395
49.5,0,0,9,397
49.5,0,0,10,399
49.5,0,0,11,401
49.5,0,0,12,402
49.5,0,0,13,404
49.5,0,0,14,406
49.5,0,0,15,408
49.5,0,1,0,383
49.5,0,1,1,385
49.5,0,1,2,387
49.5,0,1,3,388
49.5,0,1,4,390
49.5,0,1,5,392
49.5,0,1,6,394
49.5,0,1,7,396
49.5,0,1,8,398
49.5,0,1,9,399
49.5,0,1,10,401
49.5,0,1,11,403
49.5,0,1,12,405
49.5,0,1,13,407
49.5,0,1,14,408
49.5,0,1,15,410
49.5,0,2,0,385
49.5,0,2,1,387
49.5,0,2,2,389
49.5,0,2,3,391
49.5,0,2,4,393
49.5,0,2,5,394
49.5,0,2,6,396
49.5,0,2,7,398
49.5,0,2,8,400
49.5,0,2,9,402
49.5,0,2,10,404
49.5,0,2,11,405
49.5,0,2,12,407
49.5,0,2,13,409
49.5,0,2,14,411
49.5,0,2,15,412
49.5,0,3,0,387
49.5,0,3,1,389
49.5,0,3,2,391
49.5,0,3,3,393
49.5,0,3,4,395
49.5,0,3,5,397
49.5,0,3,6,399
49.5,0,3,7,400
49.5,0,3,8,402
49.5,0,3,9,404
49.5,0,3,10,406
49.5,0,3,11,408
49.5,0,3,12,410
49.5,0,3,13,411
49.5,0,3,14,413
49.5,0,3,15,415
49.5,0,4,0,390
49.5,0,4,1,392
49.5,0,4,2,393
49.5,0,4,3,395
49.5,0,4,4,397
49.5,0,4,5,399
49.5,0,4,6,401
49.5,0,4,7,403
49.5,0,4,8,405
49.5,0,4,9,406
49.5,0,4,10,408
49.5,0,4,11,410
49.5,0,4,12,412
49.5,0,4,13,414
49.5,0,4,14,416
49.5,0,4,15,417
49.5,0,5,0,392
49.5,0,5,1,394
49.5,0,5,2,396
49.5,0,5,3,398
49.5,0,5,4,399
49.5,0,5,5,401
49.5,0,5,6,403
49.5,0,5,7,405
49.5,0,5,8,407
49.5,0,5,9,409
49.5,0,5,10,411
49.5,0,5,11,412
49.5,0,5,12,414
49.5,0,5,13,416
49.5,0,5,14,418
49.5,0,5,15,420
49.5,0,6,0,394
49.5,0,6,1,396
49.5,0,6,2,398
49.5,0,6,3,400
49.5,0,6,4,402
49.5,0,6,5,404
49.5,0,6,6,406
49.5,0,6,7,407
49.5,0,6,8,409
49.5,0,6,9,411
49.5,0,6,10,413
49.5,0,6,11,415
49.5,0,6,12,417
49.5,0,6,13,418
49.5,0,6,14,420
49.5,0,6,15,422
49.5,0,7,0,396
49.5,0,7,1,398
49.5,0,7,2,400
49.5,0,7,3,402
49.5,0,7,4,404
49.5,0,7,5,406
49.5,0,7,6,408
49.5,0,7,7,410
49.5,0,7,8,412
49.5,0,7,9,413
49.5,0,7,10,415
49.5,0,7,11,417
49.5,0,7,12,419
49.5,0,7,13,421
49.5,0,7,14,423
49.5,0,7,15,424
49.5,0,8,0,398
49.5,0,8,1,400
49.5,0,8,2,402
49.5,0,8,3,404
49.5,0,8,4,406
49.5,0,8,5,408
49.5,0,8,6,410
49.5,0,8,7,412
49.5,0,8,8,414
49.5,0,8,9,416
49.5,0,8,10,418
49.5,0,8,11,419
49.5,0,8,12,421
49.5,0,8,13,423
49.5,0,8,14,425
49.5,0,8,15,427
49.5,0,9,0,401
49.5,0,9,1,403
49.5,0,9,2,405
49.5,0,9,3,407
49.5,0,9,4,408
49.5,0,9,5,410
49.5,0,9,6,412
49.5,0,9,7,414
49.5,0,9,8,416
49.5,0,9,9,418
49.5,0,9,10,420
49.5,0,9,11,422
49.5,0,9,12,424
49.5,0,9,13,425
49.5,0,9,14,427
49.5,0,9,15,429
49.5,0,10,0,403
49.5,0,10,1,405
49.5,0,10,2,407
49.5,0,10,3,409
49.5,0,10,4,411
49.5,0,10,5,413
49.5,0,10,6,415
49.5,0,10,7,416
49.5,0,10,8,418
49.5,0,10,9,420
49.5,0,10,10,422
49.5,0,10,11,424
49.5,0,10,12,426
49.5,0,10,13,428
49.5,0,10,14,430
49.5,0,10,15,431
49.5,0,11,0,405
49.5,0,11,1,407
49.5,0,11,2,409
49.5,0,11,3,411
49.5,0,11,4,413
49.5,0,11,5,415
49.5,0,11,6,417
49.5,0,11,7,419
49.5,0,11,8,421
49.5,0,11,9,423
49.5,0,11,10,424
49.5,0,11,11,426
49.5,0,11,12,428
49.5,0,11,13,430
49.5,0,11,14,432
49.5,0,11,15,434
49.5,0,12,0,407
49.5,0,12,1,409
49.5,0,12,2,411
49.5,0,12,3,413
49.5,0,12,4,415
49.5,0,12,5,417
49.5,0,12,6,419
49.5,0,12,7,421
49.5,0,12,8,423
49.5,0,12,9,425
49.5,0,12,10,427
49.5,0,12,11,429
49.5,0,12,12,430
49.5,0,12,13,432
49.5,0,12,14,434
49.5,0,12,15,436
49.5,0,13,0,409
49.5,0,13,1,411
49.5,0,13,2,413
49.5,0,13,3,415
49.5,0,13,4,417
49.5,0,13,5,419
49.5,0,13,6,421
49.5,0,13,7,423
49.5,0,13,8,425
49.5,0,13,9,427
49.5,0,13,10,429
49.5,0,13,11,431
49.5,0,13,12,433
49.5,0,13,13,435
49.5,0,13,14,437
49.5,0,13,15,438
49.5,0,14,0,411
49.5,0,14,1,413
49.5,0,14,2,415
49.5,0,14,3,417
49.5,0,14,4,419
49.5,0,14,5,421
49.5,0,14,6,423
49.5,0,14,7,425
49.5,0,14,8,427
49.5,0,14,9,429
49.5,0,14,10,431
49.5,0,14,11,433
49.5,0,14,12,435
49.5,0,14,13,437
49.5,0,14,14,439
49.5,0,14,15,441
49.5,0,15,0,414
49.5,0,15,1,416
49.5,0,15,2,418
49.5,0,15,3,420
49.5,0,15,4,422
49.5,0,15,5,424
49.5,0,15,6,426
49.5,0,15,7,428
49.5,0,15,8,429
49.5,0,15,9,431
49.5,0,15,10,433
49.5,0,15,11,435
49.5,0,15,12,437
49.5,0,15,13,439
49.5,0,15,14,441
49.5,0,15,15,443
49.5,1,0,0,387
49.5,1,0,1,389
49.5,1,0,2,391
49.5,1,0,3,393
49.5,1,0,4,395
49.5,1,0,5,396
49.5,1,0,6,398
49.5,1,0,7,400
49.5,1,0,8,402
49.5,1,0,9,404
49.5,1,0,10,406
49.5,1,0,11,407
49.5,1,0,12,409
49.5,1,0,13,411
49.5,1,0,14,413
49.5,1,0,15,415
49.5,1,1,0,389
49.5,1,1,1,391
49.5,1,1,2,393
49.5,1,1,3,395
49.5,1,1,4,397
49.5,1,1,5,399
49.5,1,1,6,401
49.5,1,1,7,402
49.5,1,1,8,404
49.5,1,1,9,406
49.5,1,1,10,408
49.5,1,1,11,410
49.5,1,1,12,412
49.5,1,1,13,413
49.5,1,1,14,415
49.5,1,1,15,417
49.5,1,2,0,392
49.5,1,2,1,394
49.5,1,2,2,395
49.5,1,2,3,397
49.5,1,2,4,399
49.5,1,2,5,401
49.5,1,2,6,403
49.5,1,2,7,405
49.5,1,2,8,407
49.5,1,2,9,409
49.5,1,2,10,410
49.5,1,2,11,412
49.5,1,2,12,414
49.5,1,2,13,416
49.5,1,2,14,418
49.5,1,2,15,419
49.5,1,3,0,394
49.5,1,3,1,396
49.5,1,3,2,398
49.5,1,3,3,400
49.5,1,3,4,402
49.5,1,3,5,403
49.5,1,3,6,405
49.5,1,3,7,407
49.5,1,3,8,409
49.5,1,3,9,411
49.5,1,3,10,413
49.5,1,3,11,415
49.5,1,3,12,416
49.5,1,3,13,418
49.5,1,3,14,420
49.5,1,3,15,422
49.5,1,4,0,396
49.5,1,4,1,398
49.5,1,4,2,400
49.5,1,4,3,402
49.5,1,4,4,404
49.5,1,4,5,406
49.5,1,4,6,408
49.5,1,4,7,410
49.5,1,4,8,411
49.5,1,4,9,413
49.5,1,4,10,415
49.5,1,4,11,417
49.5,1,4,12,419
49.5,1,4,13,421
49.5,1,4,14,423
49.5,1,4,15,424
49.5,1,5,0,399
49.5,1,5,1,400
49.5,1,5,2,402
49.5,1,5,3,404
49.5,1,5,4,406
49.5,1,5,5,408
49.5,1,5,6,410
49.5,1,5,7,412
49.5,1,5,8,414
49.5,1,5,9,416
49.5,1,5,10,418
49.5,1,5,11,419
49.5,1,5,12,421
49.5,1,5,13,423
49.5,1,5,14,425
49.5,1,5,15,427
49.5,1,6,0,401
49.5,1,6,1,403
49.5,1,6,2,405
49.5,1,6,3,407
49.5,1,6,4,409
49.5,1,6,5,410
49.5,1,6,6,412
49.5,1,6,7,414
49.5,1,6,8,416
49.5,1,6,9,418
49.5,1,6,10,420
49.5,1,6,11,422
49.5,1,6,12,424
49.5,1,6,13,426
49.5,1,6,14,427
49.5,1,6,15,429
49.5,1,7,0,403
49.5,1,7,1,405
49.5,1,7,2,407
49.5,1,7,3,409
49.5,1,7,4,411
49.5,1,7,5,413
49.5,1,7,6,415
49.5,1,7,7,417
49.5,1,7,8,419
49.5,1,7,9,420
49.5,1,7,10,422
49.5,1,7,11,424
49.5,1,7,12,426
49.5,1,7,13,428
49.5,1,7,14,430
49.5,1,7,15,432
49.5,1,8,0,405
49.5,1,8,1,407
49.5,1,8,2,409
49.5,1,8,3,411
49.5,1,8,4,413
49.5,1,8,5,415
49.5,1,8,6,417
49.5,1,8,7,419
49.5,1,8,8,421
49.5,1,8,9,423
49.5,1,8,10,425
49.5,1,8,11,427
49.5,1,8,12,428
49.5,1,8,13,430
49.5,1,8,14,432
49.5,1,8,15,434
49.5,1,9,0,407
49.5,1,9,1,409
49.5,1,9,2,411
49.5,1,9,3,413
49.5,1,9,4,415
49.5,1,9,5,417
49.5,1,9,6,419
49.5,1,9,7,421
49.5,1,9,8,423
49.5,1,9,9,425
49.5,1,9,10,427
49.5,1,9,11,429
49.5,1,9,12,431
49.5,1,9,13,433
49.5,1,9,14,435
49.5,1,9,15,436
49.5,1,10,0,410
49.5,1,10,1,412
49.5,1,10,2,414
49.5,1,10,3,416
49.5,1,10,4,418
49.5,1,10,5,420
49.5,1,10,6,422
49.5,1,10,7,424
49.5,1,10,8,425
49.5,1,10,9,427
49.5,1,10,10,429
49.5,1,10,11,431
49.5,1,10,12,433
49.5,1,10,13,435
49.5,1,10,14,437
49.5,1,10,15,439
49.5,1,11,0,412
49.5,1,11,1,414
49.5,1,11,2,416
49.5,1,11,3,418
49.5,1,11,4,420
49.5,1,11,5,422
49.5,1,11,6,424
49.5,1,11,7,426
49.5,1,11,8,428
49.5,1,11,9,430
49.5,1,11,10,432
49.5,1,11,11,434
49.5,1,11,12,435
49.5,1,11,13,437
49.5,1,11,14,439
49.5,1,11,15,441
49.5,1,12,0,414
49.5,1,12,1,416
49.5,1,12,2,418
49.5,1,12,3,420
49.5,1,12,4,422
49.5,1,12,5,424
49.5,1,12,6,426
49.5,1,12,7,428
49.5,1,12,8,430
49.5,1,12,9,432
49.5,1,12,10,434
49.5,1,12,11,436
49.5,1,12,12,438
49.5,1,12,13,440
49.5,1,12,14,442
49.5,1,12,15,444
49.5,1,13,0,416
49.5,1,13,1,418
49.5,1,13,2,420
49.5,1,13,3,422
49.5,1,13,4,424
49.5,1,13,5,426
49.5,1,13,6,428
49.5,1,13,7,430
49.5,1,13,8,432
49.5,1,13,9,434
49.5,1,13,10,436
49.5,1,13,11,438
49.5,1,13,12,440
49.5,1,13,13,442
49.5,1,13,14,444
49.5,1,13,15,446
49.5,1,14,0,418
49.5,1,14,1,420
49.5,1,14,2,422
49.5,1,14,3,425
49.5,1,14,4,427
49.5,1,14,5,429
49.5,1,14,6,431
49.5,1,14,7,433
49.5,1,14,8,435
49.5,1,14,9,436
49.5,1,14,10,438
49.5,1,14,11,440
49.5,1,14,12,442
49.5,1,14,13,444
49.5,1,14,14,446
49.5,1,14,15,448
49.5,1,15,0,421
49.5,1,15,1,423
49.5,1,15,2,425
49.5,1,15,3,427
49.5,1,15,4,429
49.5,1,15,5,431
49.5,1,15,6,433
49.5,1,15,7,435
49.5,1,15,8,437
49.5,1,15,9,439
49.5,1,15,10,441
49.5,1,15,11,443
49.5,1,15,12,445
49.5,1,15,13,447
49.5,1,15,14,449
49.5,1,15,15,450
49.5,2,0,0,393
49.5,2,0,1,395
49.5,2,0,2,397
49.5,2,0,3,399
49.5,2,0,4,401
49.5,2,0,5,403
49.5,2,0,6,405
49.5,2,0,7,407
49.5,2,0,8,409
49.5,2,0,9,410
49.5,2,0,10,412
49.5,2,0,11,414
49.5,2,0,12,416
49.5,2,0,13,418
49.5,2,0,14,420
49.5,2,0,15,421
49.5,2,1,0,396
49.5,2,1,1,398
49.5,2,1,2,400
49.5,2,1,3,402
49.5,2,1,4,404
49.5,2,1,5,405
49.5,2,1,6,407
49.5,2,1,7,409
49.5,2,1,8,411
49.5,2,1,9,413
49.5,2,1,10,415
49.5,2,1,11,417
49.5,2,1,12,418
49.5,2,1,13,420
49.5,2,1,14,422
49.5,2,1,15,424
49.5,2,2,0,398
49.5,2,2,1,400
49.5,2,2,2,402
49.5,2,2,3,404
49.5,2,2,4,406
49.5,2,2,5,408
49.5,2,2,6,410
49.5,2,2,7,412
49.5,2,2,8,414
49.5,2,2,9,415
49.5,2,2,10,417
49.5,2,2,11,419
49.5,2,2,12,421
49.5,2,2,13,423
49.5,2,2,14,425
49.5,2,2,15,426
49.5,2,3,0,401
49.5,2,3,1,402
49.5,2,3,2,404
49.5,2,3,3,406
49.5,2,3,4,408
49.5,2,3,5,410
49.5,2,3,6,412
49.5,2,3,7,414
49.5,2,3,8,416
49.5,2,3,9,418
49.5,2,3,10,420
49.5,2,3,11,422
49.5,2,3,12,423
49.5,2,3,13,425
49.5,2,3,14,427
49.5,2,3,15,429
49.5,2,4,0,403
49.5,2,4,1,405
49.5,2,4,2,407
49.5,2,4,3,409
49.5,2,4,4,411
49.5,2,4,5,413
49.5,2,4,6,415
49.5,2,4,7,416
49.5,2,4,8,418
49.5,2,4,9,420
49.5,2,4,10,422
49.5,2,4,11,424
49.5,2,4,12,426
49.5,2,4,13,428
49.5,2,4,14,430
49.5,2,4,15,431
49.5,2,5,0,405
49.5,2,5,1,407
49.5,2,5,2,409
49.5,2,5,3,411
49.5,2,5,4,413
49.5,2,5,5,415
49.5,2,5,6,417
49.5,2,5,7,419
49.5,2,5,8,421
49.5,2,5,9,423
49.5,2,5,10,425
49.5,2,5,11,426
49.5,2,5,12,428
49.5,2,5,13,430
49.5,2,5,14,432
49.5,2,5,15,434
49.5,2,6,0,407
49.5,2,6,1,409
49.5,2,6,2,411
49.5,2,6,3,413
49.5,2,6,4,415
49.5,2,6,5,417
49.5,2,6,6,419
49.5,2,6,7,421
49.5,2,6,8,423
49.5,2,6,9,425
49.5,2,6,10,427
49.5,2,6,11,429
49.5,2,6,12,431
49.5,2,6,13,433
49.5,2,6,14,435
49.5,2,6,15,436
49.5,2,7,0,410
49.5,2,7,1,412
49.5,2,7,2,414
49.5,2,7,3,416
49.5,2,7,4,418
49.5,2,7,5,420
49.5,2,7,6,422
49.5,2,7,7,424
49.5,2,7,8,426
49.5,2,7,9,427
49.5,2,7,10,429
49.5,2,7,11,431
49.5,2,7,12,433
49.5,2,7,13,435
49.5,2,7,14,437
49.5,2,7,15,439
49.5,2,8,0,412
49.5,2,8,1,414
49.5,2,8,2,416
49.5,2,8,3,418
49.5,2,8,4,420
49.5,2,8,5,422
49.5,2,8,6,424
49.5,2,8,7,426
49.5,2,8,8,428
49.5,2,8,9,430
49.5,2,8,10,432
49.5,2,8,11,434
49.5,2,8,12,436
49.5,2,8,13,438
49.5,2,8,14,439
49.5,2,8,15,441
49.5,2,9,0,414
49.5,2,9,1,416
49.5,2,9,2,418
49.5,2,9,3,420
49.5,2,9,4,422
49.5,2,9,5,424
49.5,2,9,6,426
49.5,2,9,7,428
49.5,2,9,8,430
49.5,2,9,9,432
49.5,2,9,10,434
49.5,2,9,11,436
49.5,2,9,12,438
49.5,2,9,13,440
49.5,2,9,14,442
49.5,2,9,15,444
49.5,2,10,0,417
49.5,2,10,1,419
49.5,2,10,2,421
49.5,2,10,3,423
49.5,2,10,4,425
49.5,2,10,5,427
49.5,2,10,6,429
49.5,2,10,7,431
49.5,2,10,8,433
49.5,2,10,9,435
49.5,2,10,10,436
49.5,2,10,11,438
49.5,2,10,12,440
49.5,2,10,13,442
49.5,2,10,14,444
49.5,2,10,15,446
49.5,2,11,0,419
49.5,2,11,1,421
49.5,2,11,2,423
49.5,2,11,3,425
49.5,2,11,4,427
49.5,2,11,5,429
49.5,2,11,6,431
49.5,2,11,7,433
49.5,2,11,8,435
49.5,2,11,9,437
49.5,2,11,10,439
49.5,2,11,11,441
49.5,2,11,12,443
49.5,2,11,13,445
49.5,2,11,14,447
49.5,2,11,15,449
49.5,2,12,0,421
49.5,2,12,1,423
49.5,2,12,2,425
49.5,2,12,3,427
49.5,2,12,4,429
49.5,2,12,5,431
49.5,2,12,6,433
49.5,2,12,7,435
49.5,2,12,8,437
49.5,2,12,9,439
49.5,2,12,10,441
49.5,2,12,11,443
49.5,2,12,12,445
49.5,2,12,13,447
49.5,2,12,14,449
49.5,2,12,15,451
49.5,2,13,0,423
49.5,2,13,1,425
49.5,2,13,2,427
49.5,2,13,3,429
49.5,2,13,4,431
49.5,2,13,5,433
49.5,2,13,6,435
49.5,2,13,7,437
49.5,2,13,8,439
49.5,2,13,9,441
49.5,2,13,10,443
49.5,2,13,11,445
49.5,2,13,12,447
49.5,2,13,13,449
49.5,2,13,14,451
49.5,2,13,15,453
49.5,2,14,0,425
49.5,2,14,1,427
49.5,2,14,2,430
49.5,2,14,3,432
49.5,2,14,4,434
49.5,2,14,5,436
49.5,2,14,6,438
49.5,2,14,7,440
49.5,2,14,8,442
49.5,2,14,9,444
49.5,2,14,10,446
49.5,2,14,11,448
49.5,2,14,12,450
49.5,2,14,13,452
49.5,2,14,14,454
49.5,2,14,15,456
49.5,2,15,0,428
49.5,2,15,1,430
49.5,2,15,2,432
49.5,2,15,3,434
49.5,2,15,4,436
49.5,2,15,5,438
49.5,2,15,6,440
49.5,2,15,7,442
49.5,2,15,8,444
49.5,2,15,9,446
49.5,2,15,10,448
49.5,2,15,11,450
49.5,2,15,12,452
49.5,2,15,13,454
49.5,2,15,14,456
49.5,2,15,15,458
49.5,3,0,0,400
49.5,3,0,1,402
49.5,3,0,2,404
49.5,3,0,3,406
49.5,3,0,4,408
49.5,3,0,5,410
49.5,3,0,6,412
49.5,3,0,7,413
49.5,3,0,8,415
49.5,3,0,9,417
49.5,3,0,10,419
49.5,3,0,11,421
49.5,3,0,12,423
49.5,3,0,13,425
49.5,3,0,14,427
49.5,3,0,15,428
49.5,3,1,0,402
49.5,3,1,1,404
49.5,3,1,2,406
49.5,3,1,3,408
49.5,3,1,4,410
49.5,3,1,5,412
49.5,3,1,6,414
49.5,3,1,7,416
49.5,3,1,8,418
49.5,3,1,9,420
49.5,3,1,10,422
49.5,3,1,11,423
49.5,3,1,12,425
49.5,3,1,13,427
49.5,3,1,14,429
49.5,3,1,15,431
49.5,3,2,0,405
49.5,3,2,1,407
49.5,3,2,2,409
49.5,3,2,3,411
49.5,3,2,4,413
49.5,3,2,5,415
49.5,3,2,6,416
49.5,3,2,7,418
49.5,3,2,8,420
49.5,3,2,9,422
49.5,3,2,10,424
49.5,3,2,11,426
49.5,3,2,12,428
49.5,3,2,13,430
49.5,3,2,14,432
49.5,3,2,15,433
49.5,3,3,0,407
49.5,3,3,1,409
49.5,3,3,2,411
49.5,3,3,3,413
49.5,3,3,4,415
49.5,3,3,5,417
49.5,3,3,6,419
49.5,3,3,7,421
49.5,3,3,8,423
49.5,3,3,9,425
49.5,3,3,10,427
49.5,3,3,11,429
49.5,3,3,12,430
49.5,3,3,13,432
49.5,3,3,14,434
49.5,3,3,15,436
49.5,3,4,0,409
49.5,3,4,1,411
49.5,3,4,2,413
49.5,3,4,3,415
49.5,3,4,4,417
49.5,3,4,5,419
49.5,3,4,6,421
49.5,3,4,7,423
49.5,3,4,8,425
49.5,3,4,9,427
49.5,3,4,10,429
49.5,3,4,11,431
49.5,3,4,12,433
49.5,3,4,13,435
49.5,3,4,14,437
49.5,3,4,15,439
49.5,3,5,0,412
49.5,3,5,1,414
49.5,3,5,2,416
49.5,3,5,3,418
49.5,3,5,4,420
49.5,3,5,5,422
49.5,3,5,6,424
49.5,3,5,7,426
49.5,3,5,8,428
49.5,3,5,9,430
49.5,3,5,10,432
49.5,3,5,11,433
49.5,3,5,12,435
49.5,3,5,13,437
49.5,3,5,14,439
49.5,3,5,15,441
49.5,3,6,0,414
49.5,3,6,1,416
49.5,3,6,2,418
49.5,3,6,3,420
49.5,3,6,4,422
49.5,3,6,5,424
49.5,3,6,6,426
49.5,3,6,7,428
49.5,3,6,8,430
49.5,3,6,9,432
49.5,3,6,10,434
49.5,3,6,11,436
49.5,3,6,12,438
49.5,3,6,13,440
49.5,3,6,14,442
49.5,3,6,15,444
49.5,3,7,0,416
49.5,3,7,1,418
49.5,3,7,2,421
49.5,3,7,3,423
49.5,3,7,4,425
49.5,3,7,5,427
49.5,3,7,6,429
49.5,3,7,7,431
49.5,3,7,8,433
49.5,3,7,9,434
49.5,3,7,10,436
49.5,3,7,11,438
49.5,3,7,12,440
49.5,3,7,13,442
49.5,3,7,14,444
49.5,3,7,15,446
49.5,3,8,0,419
49.5,3,8,1,421
49.5,3,8,2,423
49.5,3,8,3,425
49.5,3,8,4,427
49.5,3,8,5,429
49.5,3,8,6,431
49.5,3,8,7,433
49.5,3,8,8,435
49.5,3,8,9,437
49.5,3,8,10,439
49.5,3,8,11,441
49.5,3,8,12,443
49.5,3,8,13,445
49.5,3,8,14,447
49.5,3,8,15,449
49.5,3,9,0,421
49.5,3,9,1,423
49.5,3,9,2,425
49.5,3,9,3,427
49.5,3,9,4,429
49.5,3,9,5,431
49.5,3,9,6,433
49.5,3,9,7,435
49.5,3,9,8,437
49.5,3,9,9,439
49.5,3,9,10,441
49.5,3,9,11,443
49.5,3,9,12,445
49.5,3,9,13,447
49.5,3,9,14,449
49.5,3,9,15,451
49.5,3,10,0,423
49.5,3,10,1,425
49.5,3,10,2,427
49.5,3,10,3,430
49.5,3,10,4,432
49.5,3,10,5,434
49.5,3,10,6,436
49.5,3,10,7,438
49.5,3,10,8,440
49.5,3,10,9,442
49.5,3,10,10,444
49.5,3,10,11,446
49.5,3,10,12,448
49.5,3,10,13,450
49.5,3,10,14,452
49.5,3,10,15,453
49.5,3,11,0,426
49.5,3,11,1,428
49.5,3,11,2,430
49.5,3,11,3,432
49.5,3,11,4,434
49.5,3,11,5,436
49.5,3,11,6,438
49.5,3,11,7,440
49.5,3,11,8,442
49.5,3,11,9,444
49.5,3,11,10,446
49.5,3,11,11,448
49.5,3,11,12,450
49.5,3,11,13,452
49.5,3,11,14,454
49.5,3,11,15,456
49.5,3,12,0,428
49.5,3,12,1,430
49.5,3,12,2,432
49.5,3,12,3,434
49.5,3,12,4,436
49.5,3,12,5,438
49.5,3,12,6,440
49.5,3,12,7,442
49.5,3,12,8,444
49.5,3,12,9,446
49.5,3,12,10,448
49.5,3,12,11,450
49.5,3,12,12,452
49.5,3,12,13,454
49.5,3,12,14,456
49.5,3,12,15,458
49.5,3,13,0,430
49.5,3,13,1,432
49.5,3,13,2,434
49.5,3,13,3,436
49.5,3,13,4,438
49.5,3,13,5,441
49.5,3,13,6,443
49.5,3,13,7,445
49.5,3,13,8,447
49.5,3,13,9,449
49.5,3,13,10,451
49.5,3,13,11,453
49.5,3,13,12,455
49.5,3,13,13,457
49.5,3,13,14,459
49.5,3,13,15,461
49.5,3,14,0,432
49.5,3,14,1,434
49.5,3,14,2,437
49.5,3,14,3,439
49.5,3,14,4,441
49.5,3,14,5,443
49.5,3,14,6,445
49.5,3,14,7,447
49.5,3,14,8,449
49.5,3,14,9,451
49.5,3,14,10,453
49.5,3,14,11,455
49.5,3,14,12,457
49.5,3,14,13,459
49.5,3,14,14,461
49.5,3,14,15,463
49.5,3,15,0,435
49.5,3,15,1,437
49.5,3,15,2,439
49.5,3,15,3,441
49.5,3,15,4,443
49.5,3,15,5,445
49.5,3,15,6,447
49.5,3,15,7,449
49.5,3,15,8,451
49.5,3,15,9,453
49.5,3,15,10,455
49.5,3,15,11,457
49.5,3,15,12,459
49.5,3,15,13,461
49.5,3,15,14,463
49.5,3,15,15,465
49.5,4,0,0,406
49.5,4,0,1,408
49.5,4,0,2,410
49.5,4,0,3,412
49.5,4,0,4,414
49.5,4,0,5,416
49.5,4,0,6,418
49.5,4,0,7,420
49.5,4,0,8,422
49.5,4,0,9,424
49.5,4,0,10,426
49.5,4,0,11,428
49.5,4,0,12,430
49.5,4,0,13,432
49.5,4,0,14,433
49.5,4,0,15,435
49.5,4,1,0,409
49.5,4,1,1,411
49.5,4,1,2,413
49.5,4,1,3,415
49.5,4,1,4,417
49.5,4,1,5,419
49.5,4,1,6,421
49.5,4,1,7,423
49.5,4,1,8,425
49.5,4,1,9,426
49.5,4,1,10,428
49.5,4,1,11,430
49.5,4,1,12,432
49.5,4,1,13,434
49.5,4,1,14,436
49.5,4,1,15,438
49.5,4,2,0,411
49.5,4,2,1,413
49.5,4,2,2,415
49.5,4,2,3,417
49.5,4,2,4,419
49.5,4,2,5,421
49.5,4,2,6,423
49.5,4,2,7,425
49.5,4,2,8,427
49.5,4,2,9,429
49.5,4,2,10,431
49.5,4,2,11,433
49.5,4,2,12,435
49.5,4,2,13,437
49.5,4,2,14,439
49.5,4,2,15,440
49.5,4,3,0,414
49.5,4,3,1,416
49.5,4,3,2,418
49.5,4,3,3,420
49.5,4,3,4,422
49.5,4,3,5,424
49.5,4,3,6,426
49.5,4,3,7,428
49.5,4,3,8,430
49.5,4,3,9,432
49.5,4,3,10,433
49.5,4,3,11,435
49.5,4,3,12,437
49.5,4,3,13,439
49.5,4,3,14,441
49.5,4,3,15,443
49.5,4,4,0,416
49.5,4,4,1,418
49.5,4,4,2,420
49.5,4,4,3,422
49.5,4,4,4,424
49.5,4,4,5,426
49.5,4,4,6,428
49.5,4,4,7,430
49.5,4,4,8,432
49.5,4,4,9,434
49.5,4,4,10,436
49.5,4,4,11,438
49.5,4,4,12,440
49.5,4,4,13,442
49.5,4,4,14,444
49.5,4,4,15,446
49.5,4,5,0,418
49.5,4,5,1,420
49.5,4,5,2,423
49.5,4,5,3,425
49.5,4,5,4,427
49.5,4,5,5,429
49.5,4,5,6,431
49.5,4,5,7,433
49.5,4,5,8,435
49.5,4,5,9,437
49.5,4,5,10,439
49.5,4,5,11,440
49.5,4,5,12,442
49.5,4,5,13,444
49.5,4,5,14,446
49.5,4,5,15,448
49.5,4,6,0,421
49.5,4,6,1,423
49.5,4,6,2,425
49.5,4,6,3,427
49.5,4,6,4,429
49.5,4,6,5,431
49.5,4,6,6,433
49.5,4,6,7,435
49.5,4,6,8,437
49.5,4,6,9,439
49.5,4,6,10,441
49.5,4,6,11,443
49.5,4,6,12,445
49.5,4,6,13,447
49.5,4,6,14,449
49.5,4,6,15,451
49.5,4,7,0,423
49.5,4,7,1,425
49.5,4,7,2,427
49.5,4,7,3,429
49.5,4,7,4,431
49.5,4,7,5,433
49.5,4,7,6,435
49.5,4,7,7,437
49.5,4,7,8,439
49.5,4,7,9,441
49.5,4,7,10,443
49.5,4,7,11,445
49.5,4,7,12,447
49.5,4,7,13,449
49.5,4,7,14,451
49.5,4,7,15,453
49.5,4,8,0,426
49.5,4,8,1,428
49.5,4,8,2,430
49.5,4,8,3,432
49.5,4,8,4,434
49.5,4,8,5,436
49.5,4,8,6,438
49.5,4,8,7,440
49.5,4,8,8,442
49.5,4,8,9,444
49.5,4,8,10,446
49.5,4,8,11,448
49.5,4,8,12,450
49.5,4,8,13,452
49.5,4,8,14,454
49.5,4,8,15,456
49.5,4,9,0,428
49.5,4,9,1,430
49.5,4,9,2,432
49.5,4,9,3,434
49.5,4,9,4,436
49.5,4,9,5,438
49.5,4,9,6,440
49.5,4,9,7,442
49.5,4,9,8,444
49.5,4,9,9,446
49.5,4,9,10,448
49.5,4,9,11,450
49.5,4,9,12,452
49.5,4,9,13,454
49.5,4,9,14,456
49.5,4,9,15,458
49.5,4,10,0,430
49.5,4,10,1,432
49.5,4,10,2,434
49.5,4,10,3,436
49.5,4,10,4,439
49.5,4,10,5,441
49.5,4,10,6,443
49.5,4,10,7,445
49.5,4,10,8,447
49.5,4,10,9,449
49.5,4,10,10,451
49.5,4,10,11,453
49.5,4,10,12,455
49.5,4,10,13,457
49.5,4,10,14,459
49.5,4,10,15,461
49.5,4,11,0,432
49.5,4,11,1,435
49.5,4,11,2,437
49.5,4,11,3,439
49.5,4,11,4,441
49.5,4,11,5,443
49.5,4,11,6,445
49.5,4,11,7,447
49.5,4,11,8,449
49.5,4,11,9,451
49.5,4,11,10,453
49.5,4,11,11,455
49.5,4,11,12,457
49.5,4,11,13,459
49.5,4,11,14,461
49.5,4,11,15,463
49.5,4,12,0,435
49.5,4,12,1,437
49.5,4,12,2,439
49.5,4,12,3,441
49.5,4,12,4,443
49.5,4,12,5,445
49.5,4,12,6,447
49.5,4,12,7,449
49.5,4,12,8,452
49.5,4,12,9,454
49.5,4,12,10,456
49.5,4,12,11,458
49.5,4,12,12,460
49.5,4,12,13,462
49.5,4,12,14,464
49.5,4,12,15,466
49.5,4,13,0,437
49.5,4,13,1,439
49.5,4,13,2,441
49.5,4,13,3,443
49.5,4,13,4,446
49.5,4,13,5,448
49.5,4,13,6,450
49.5,4,13,7,452
49.5,4,13,8,454
49.5,4,13,9,456
49.5,4,13,10,458
49.5,4,13,11,460
49.5,4,13,12,462
49.5,4,13,13,464
49.5,4,13,14,466
49.5,4,13,15,468
49.5,4,14,0,439
49.5,4,14,1,442
49.5,4,14,2,444
49.5,4,14,3,446
49.5,4,14,4,448
49.5,4,14,5,450
49.5,4,14,6,452
49.5,4,14,7,454
49.5,4,14,8,456
49.5,4,14,9,458
49.5,4,14,10,460
49.5,4,14,11,462
49.5,4,14,12,465
49.5,4,14,13,467
49.5,4,14,14,469
49.5,4,14,15,471
49.5,4,15,0,442
49.5,4,15,1,444
49.5,4,15,2,446
49.5,4,15,3,448
49.5,4,15,4,450
49.5,4,15,5,452
49.5,4,15,6,454
49.5,4,15,7,457
49.5,4,15,8,459
49.5,4,15,9,461
49.5,4,15,10,463
49.5,4,15,11,465
49.5,4,15,12,467
49.5,4,15,13,469
49.5,4,15,14,471
49.5,4,15,15,473
49.5,5,0,0,413
49.5,5,0,1,415
49.5,5,0,2,417
49.5,5,0,3,419
49.5,5,0,4,421
49.5,5,0,5,423
49.5,5,0,6,425
49.5,5,0,7,427
49.5,5,0,8,429
49.5,5,0,9,431
49.5,5,0,10,433
49.5,5,0,11,435
49.5,5,0,12,436
49.5,5,0,13,438
49.5,5,0,14,440
49.5,5,0,15,442
49.5,5,1,0,415
49.5,5,1,1,417
49.5,5,1,2,419
49.5,5,1,3,421
49.5,5,1,4,423
49.5,5,1,5,425
49.5,5,1,6,427
49.5,5,1,7,429
49.5,5,1,8,431
49.5,5,1,9,433
49.5,5,1,10,435
49.5,5,1,11,437
49.5,5,1,12,439
49.5,5,1,13,441
49.5,5,1,14,443
49.5,5,1,15,445
49.5,5,2,0,418
49.5,5,2,1,420
49.5,5,2,2,422
49.5,5,2,3,424
49.5,5,2,4,426
49.5,5,2,5,428
49.5,5,2,6,430
49.5,5,2,7,432
49.5,5,2,8,434
49.5,5,2,9,436
49.5,5,2,10,438
49.5,5,2,11,440
49.5,5,2,12,442
49.5,5,2,13,444
49.5,5,2,14,446
49.5,5,2,15,447
49.5,5,3,0,420
49.5,5,3,1,422
49.5,5,3,2,424
49.5,5,3,3,426
49.5,5,3,4,428
49.5,5,3,5,430
49.5,5,3,6,432
49.5,5,3,7,434
49.5,5,3,8,436
49.5,5,3,9,438
49.5,5,3,10,440
49.5,5,3,11,442
49.5,5,3,12,444
49.5,5,3,13,446
49.5,5,3,14,448
49.5,5,3,15,450
49.5,5,4,0,423
49.5,5,4,1,425
49.5,5,4,2,427
49.5,5,4,3,429
49.5,5,4,4,431
49.5,5,4,5,433
49.5,5,4,6,435
49.5,5,4,7,437
49.5,5,4,8,439
49.5,5,4,9,441
49.5,5,4,10,443
49.5,5,4,11,445
49.5,5,4,12,447
49.5,5,4,13,449
49.5,5,4,14,451
49.5,5,4,15,453
49.5,5,5,0,425
49.5,5,5,1,427
49.5,5,5,2,429
49.5,5,5,3,431
49.5,5,5,4,433
49.5,5,5,5,435
49.5,5,5,6,437
49.5,5,5,7,439
49.5,5,5,8,441
49.5,5,5,9,443
49.5,5,5,10,445
49.5,5,5,11,447
49.5,5,5,12,449
49.5,5,5,13,451
49.5,5,5,14,453
49.5,5,5,15,455
49.5,5,6,0,428
49.5,5,6,1,430
49.5,5,6,2,432
49.5,5,6,3,434
49.5,5,6,4,436
49.5,5,6,5,438
49.5,5,6,6,440
49.5,5,6,7,442
49.5,5,6,8,444
49.5,5,6,9,446
49.5,5,6,10,448
49.5,5,6,11,450
49.5,5,6,12,452
49.5,5,6,13,454
49.5,5,6,14,456
49.5,5,6,15,458
49.5,5,7,0,430
49.5,5,7,1,432
49.5,5,7,2,434
49.5,5,7,3,436
49.5,5,7,4,438
49.5,5,7,5,440
49.5,5,7,6,442
49.5,5,7,7,444
49.5,5,7,8,446
49.5,5,7,9,448
49.5,5,7,10,451
49.5,5,7,11,453
49.5,5,7,12,455
49.5,5,7,13,457
49.5,5,7,14,458
49.5,5,7,15,460
49.5,5,8,0,432
49.5,5,8,1,434
49.5,5,8,2,437
49.5,5,8,3,439
49.5,5,8,4,441
49.5,5,8,5,443
49.5,5,8,6,445
49.5,5,8,7,447
49.5,5,8,8,449
49.5,5,8,9,451
49.5,5,8,10,453
49.5,5,8,11,455
49.5,5,8,12,457
49.5,5,8,13,459
49.5,5,8,14,461
49.5,5,8,15,463
49.5,5,9,0,435
49.5,5,9,1,437
49.5,5,9,2,439
49.5,5,9,3,441
49.5,5,9,4,443
49.5,5,9,5,445
49.5,5,9,6,447
49.5,5,9,7,449
49.5,5,9,8,451
49.5,5,9,9,453
49.5,5,9,10,455
49.5,5,9,11,458
49.5,5,9,12,460
49.5,5,9,13,462
49.5,5,9,14,464
49.5,5,9,15,466
49.5,5,10,0,437
49.5,5,10,1,439
49.5,5,10,2,441
49.5,5,10,3,443
49.5,5,10,4,446
49.5,5,10,5,448
49.5,5,10,6,450
49.5,5,10,7,452
49.5,5,10,8,454
49.5,5,10,9,456
49.5,5,10,10,458
49.5,5,10,11,460
49.5,5,10,12,462
49.5,5,10,13,464
49.5,5,10,14,466
49.5,5,10,15,468
49.5,5,11,0,439
49.5,5,11,1,442
49.5,5,11,2,444
49.5,5,11,3,446
49.5,5,11,4,448
49.5,5,11,5,450
49.5,5,11,6,452
49.5,5,11,7,454
49.5,5,11,8,456
49.5,5,11,9,458
49.5,5,11,10,460
49.5,5,11,11,462
49.5,5,11,12,465
49.5,5,11,13,467
49.5,5,11,14,469
49.5,5,11,15,471
49.5,5,12,0,442
49.5,5,12,1,444
49.5,5,12,2,446
49.5,5,12,3,448
49.5,5,12,4,450
49.5,5,12,5,452
49.5,5,12,6,455
49.5,5,12,7,457
49.5,5,12,8,459
49.5,5,12,9,461
49.5,5,12,10,463
49.5,5,12,11,465
49.5,5,12,12,467
49.5,5,12,13,469
49.5,5,12,14,471
49.5,5,12,15,473
49.5,5,13,0,444
49.5,5,13,1,446
49.5,5,13,2,448
49.5,5,13,3,451
49.5,5,13,4,453
49.5,5,13,5,455
49.5,5,13,6,457
49.5,5,13,7,459
49.5,5,13,8,461
49.5,5,13,9,463
49.5,5,13,10,465
49.5,5,13,11,467
49.5,5,13,12,469
49.5,5,13,13,472
49.5,5,13,14,474
49.5,5,13,15,476
49.5,5,14,0,446
49.5,5,14,1,449
49.5,5,14,2,451
49.5,5,14,3,453
49.5,5,14,4,455
49.5,5,14,5,457
49.5,5,14,6,459
49.5,5,14,7,461
49.5,5,14,8,464
49.5,5,14,9,466
49.5,5,14,10,468
49.5,5,14,11,470
49.5,5,14,12,472
49.5,5,14,13,474
49.5,5,14,14,476
49.5,5,14,15,478
49.5,5,15,0,449
49.5,5,15,1,451
49.5,5,15,2,453
49.5,5,15,3,455
49.5,5,15,4,457
49.5,5,15,5,460
49.5,5,15,6,462
49.5,5,15,7,464
49.5,5,15,8,466
49.5,5,15,9,468
49.5,5,15,10,470
49.5,5,15,11,472
49.5,5,15,12,474
49.5,5,15,13,476
49.5,5,15,14,478
49.5,5,15,15,481
49.5,6,0,0,419
49.5,6,0,1,421
49.5,6,0,2,423
49.5,6,0,3,425
49.5,6,0,4,427
49.5,6,0,5,429
49.5,6,0,6,431
49.5,6,0,7,433
49.5,6,0,8,435
49.5,6,0,9,437
49.5,6,0,10,439
49.5,6,0,11,441
49.5,6,0,12,443
49.5,6,0,13,445
49.5,6,0,14,447
49.5,6,0,15,449
49.5,6,1,0,422
49.5,6,1,1,424
49.5,6,1,2,426
49.5,6,1,3,428
49.5,6,1,4,430
49.5,6,1,5,432
49.5,6,1,6,434
49.5,6,1,7,436
49.5,6,1,8,438
49.5,6,1,9,440
49.5,6,1,10,442
49.5,6,1,11,444
49.5,6,1,12,446
49.5,6,1,13,448
49.5,6,1,14,450
49.5,6,1,15,452
49.5,6,2,0,424
49.5,6,2,1,426
49.5,6,2,2,428
49.5,6,2,3,431
49.5,6,2,4,433
49.5,6,2,5,435
49.5,6,2,6,437
49.5,6,2,7,439
49.5,6,2,8,441
49.5,6,2,9,443
49.5,6,2,10,445
49.5,6,2,11,447
49.5,6,2,12,449
49.5,6,2,13,451
49.5,6,2,14,453
49.5,6,2,15,454
49.5,6,3,0,427
49.5,6,3,1,429
49.5,6,3,2,431
49.5,6,3,3,433
49.5,6,3,4,435
49.5,6,3,5,437
49.5,6,3,6,439
49.5,6,3,7,441
49.5,6,3,8,443
49.5,6,3,9,445
49.5,6,3,10,447
49.5,6,3,11,449
49.5,6,3,12,451
49.5,6,3,13,453
49.5,6,3,14,455
49.5,6,3,15,457
49.5,6,4,0,429
49.5,6,4,1,431
49.5,6,4,2,433
49.5,6,4,3,436
49.5,6,4,4,438
49.5,6,4,5,440
49.5,6,4,6,442
49.5,6,4,7,444
49.5,6,4,8,446
49.5,6,4,9,448
49.5,6,4,10,450
49.5,6,4,11,452
49.5,6,4,12,454
49.5,6,4,13,456
49.5,6,4,14,458
49.5,6,4,15,460
49.5,6,5,0,432
49.5,6,5,1,434
49.5,6,5,2,436
49.5,6,5,3,438
49.5,6,5,4,440
49.5,6,5,5,442
49.5,6,5,6,444
49.5,6,5,7,446
49.5,6,5,8,448
49.5,6,5,9,450
49.5,6,5,10,452
49.5,6,5,11,454
49.5,6,5,12,456
49.5,6,5,13,458
49.5,6,5,14,460
49.5,6,5,15,462
49.5,6,6,0,434
49.5,6,6,1,436
49.5,6,6,2,438
49.5,6,6,3,441
49.5,6,6,4,443
49.5,6,6,5,445
49.5,6,6,6,447
49.5,6,6,7,449
49.5,6,6,8,451
49.5,6,6,9,453
49.5,6,6,10,455
49.5,6,6,11,457
49.5,6,6,12,459
49.5,6,6,13,461
49.5,6,6,14,463
49.5,6,6,15,465
49.5,6,7,0,437
49.5,6,7,1,439
49.5,6,7,2,441
49.5,6,7,3,443
49.5,6,7,4,445
49.5,6,7,5,447
49.5,6,7,6,449
49.5,6,7,7,451
49.5,6,7,8,453
49.5,6,7,9,456
49.5,6,7,10,458
49.5,6,7,11,460
49.5,6,7,12,462
49.5,6,7,13,464
49.5,6,7,14,466
49.5,6,7,15,468
49.5,6,8,0,439
49.5,6,8,1,441
49.5,6,8,2,443
49.5,6,8,3,445
49.5,6,8,4,448
49.5,6,8,5,450
49.5,6,8,6,452
49.5,6,8,7,454
49.5,6,8,8,456
49.5,6,8,9,458
49.5,6,8,10,460
49.5,6,8,11,462
49.5,6,8,12,464
49.5,6,8,13,466
49.5,6,8,14,468
49.5,6,8,15,470
49.5,6,9,0,441
49.5,6,9,1,444
49.5,6,9,2,446
49.5,6,9,3,448
49.5,6,9,4,450
49.5,6,9,5,452
49.5,6,9,6,454
49.5,6,9,7,456
49.5,6,9,8,458
49.5,6,9,9,461
49.5,6,9,10,463
49.5,6,9,11,465
49.5,6,9,12,467
49.5,6,9,13,469
49.5,6,9,14,471
49.5,6,9,15,473
49.5,6,10,0,444
49.5,6,10,1,446
49.5,6,10,2,448
49.5,6,10,3,450
49.5,6,10,4,452
49.5,6,10,5,455
49.5,6,10,6,457
49.5,6,10,7,459
49.5,6,10,8,461
49.5,6,10,9,463
49.5,6,10,10,465
49.5,6,10,11,467
49.5,6,10,12,469
49.5,6,10,13,471
49.5,6,10,14,473
49.5,6,10,15,475
49.5,6,11,0,446
49.5,6,11,1,448
49.5,6,11,2,451
49.5,6,11,3,453
49.5,6,11,4,455
49.5,6,11,5,457
49.5,6,11,6,459
49.5,6,11,7,461
49.5,6,11,8,463
49.5,6,11,9,466
49.5,6,11,10,468
49.5,6,11,11,470
49.5,6,11,12,472
49.5,6,11,13,474
49.5,6,11,14,476
49.5,6,11,15,478
49.5,6,12,0,449
49.5,6,12,1,451
49.5,6,12,2,453
49.5,6,12,3,455
49.5,6,12,4,457
49.5,6,12,5,459
49.5,6,12,6,462
49.5,6,12,7,464
49.5,6,12,8,466
49.5,6,12,9,468
49.5,6,12,10,470
49.5,6,12,11,472
49.5,6,12,12,474
49.5,6,12,13,476
49.5,6,12,14,478
49.5,6,12,15,481
49.5,6,13,0,451
49.5,6,13,1,453
49.5,6,13,2,455
49.5,6,13,3,458
49.5,6,13,4,460
49.5,6,13,5,462
49.5,6,13,6,464
49.5,6,13,7,466
49.5,6,13,8,468
49.5,6,13,9,470
49.5,6,13,10,473
49.5,6,13,11,475
49.5,6,13,12,477
49.5,6,13,13,479
49.5,6,13,14,481
49.5,6,13,15,483
49.5,6,14,0,453
49.5,6,14,1,456
49.5,6,14,2,458
49.5,6,14,3,460
49.5,6,14,4,462
49.5,6,14,5,464
49.5,6,14,6,466
49.5,6,14,7,469
49.5,6,14,8,471
49.5,6,14,9,473
49.5,6,14,10,475
49.5,6,14,11,477
49.5,6,14,12,479
49.5,6,14,13,481
49.5,6,14,14,483
49.5,6,14,15,486
49.5,6,15,0,456
49.5,6,15,1,458
49.5,6,15,2,460
49.5,6,15,3,462
49.5,6,15,4,465
49.5,6,15,5,467
49.5,6,15,6,469
49.5,6,15,7,471
49.5,6,15,8,473
49.5,6,15,9,475
49.5,6,15,10,477
49.5,6,15,11,480
49.5,6,15,12,482
49.5,6,15,13,484
49.5,6,15,14,486
49.5,6,15,15,488
49.5,7,0,0,426
49.5,7,0,1,428
49.5,7,0,2,430
49.5,7,0,3,432
49.5,7,0,4,434
49.5,7,0,5,436
49.5,7,0,6,438
49.5,7,0,7,440
49.5,7,0,8,442
49.5,7,0,9,444
49.5,7,0,10,446
49.5,7,0,11,448
49.5,7,0,12,450
49.5,7,0,13,452
49.5,7,0,14,454
49.5,7,0,15,456
49.5,7,1,0,428
49.5,7,1,1,430
49.5,7,1,2,432
49.5,7,1,3,435
49.5,7,1,4,437
49.5,7,1,5,439
49.5,7,1,6,441
49.5,7,1,7,443
49.5,7,1,8,445
49.5,7,1,9,447
49.5,7,1,10,449
49.5,7,1,11,451
49.5,7,1,12,453
49.5,7,1,13,455
49.5,7,1,14,457
49.5,7,1,15,459
49.5,7,2,0,431
49.5,7,2,1,433
49.5,7,2,2,435
49.5,7,2,3,437
49.5,7,2,4,439
49.5,7,2,5,441
49.5,7,2,6,443
49.5,7,2,7,445
49.5,7,2,8,447
49.5,7,2,9,449
49.5,7,2,10,452
49.5,7,2,11,454
49.5,7,2,12,456
49.5,7,2,13,458
49.5,7,2,14,460
49.5,7,2,15,461
49.5,7,3,0,433
49.5,7,3,1,436
49.5,7,3,2,438
49.5,7,3,3,440
49.5,7,3,4,442
49.5,7,3,5,444
49.5,7,3,6,446
49.5,7,3,7,448
49.5,7,3,8,450
49.5,7,3,9,452
49.5,7,3,10,454
49.5,7,3,11,456
49.5,7,3,12,458
49.5,7,3,13,460
49.5,7,3,14,462
49.5,7,3,15,464
49.5,7,4,0,436
49.5,7,4,1,438
49.5,7,4,2,440
49.5,7,4,3,442
49.5,7,4,4,444
49.5,7,4,5,446
49.5,7,4,6,449
49.5,7,4,7,451
49.5,7,4,8,453
49.5,7,4,9,455
49.5,7,4,10,457
49.5,7,4,11,459
49.5,7,4,12,461
49.5,7,4,13,463
49.5,7,4,14,465
49.5,7,4,15,467
49.5,7,5,0,438
49.5,7,5,1,441
49.5,7,5,2,443
49.5,7,5,3,445
49.5,7,5,4,447
49.5,7,5,5,449
49.5,7,5,6,451
49.5,7,5,7,453
49.5,7,5,8,455
49.5,7,5,9,457
49.5,7,5,10,459
49.5,7,5,11,461
49.5,7,5,12,464
49.5,7,5,13,466
49.5,7,5,14,468
49.5,7,5,15,470
49.5,7,6,0,441
49.5,7,6,1,443
49.5,7,6,2,445
49.5,7,6,3,447
49.5,7,6,4,449
49.5,7,6,5,452
49.5,7,6,6,454
49.5,7,6,7,456
49.5,7,6,8,458
49.5,7,6,9,460
49.5,7,6,10,462
49.5,7,6,11,464
49.5,7,6,12,466
49.5,7,6,13,468
49.5,7,6,14,470
49.5,7,6,15,472
49.5,7,7,0,443
49.5,7,7,1,446
49.5,7,7,2,448
49.5,7,7,3,450
49.5,7,7,4,452
49.5,7,7,5,454
49.5,7,7,6,456
49.5,7,7,7,458
49.5,7,7,8,460
49.5,7,7,9,463
49.5,7,7,10,465
49.5,7,7,11,467
49.5,7,7,12,469
49.5,7,7,13,471
49.5,7,7,14,473
49.5,7,7,15,475
49.5,7,8,0,446
49.5,7,8,1,448
49.5,7,8,2,450
49.5,7,8,3,452
49.5,7,8,4,454
49.5,7,8,5,457
49.5,7,8,6,459
49.5,7,8,7,461
49.5,7,8,8,463
49.5,7,8,9,465
49.5,7,8,10,467
49.5,7,8,11,469
49.5,7,8,12,471
49.5,7,8,13,473
49.5,7,8,14,475
49.5,7,8,15,478
49.5,7,9,0,448
49.5,7,9,1,450
49.5,7,9,2,453
49.5,7,9,3,455
49.5,7,9,4,457
49.5,7,9,5,459
49.5,7,9,6,461
49.5,7,9,7,463
49.5,7,9,8,466
49.5,7,9,9,468
49.5,7,9,10,470
49.5,7,9,11,472
49.5,7,9,12,474
49.5,7,9,13,476
49.5,7,9,14,478
49.5,7,9,15,480
49.5,7,10,0,451
49.5,7,10,1,453
49.5,7,10,2,455
49.5,7,10,3,457
49.5,7,10,4,459
49.5,7,10,5,462
49.5,7,10,6,464
49.5,7,10,7,466
49.5,7,10,8,468
49.5,7,10,9,470
49.5,7,10,10,472
49.5,7,10,11,474
49.5,7,10,12,477
49.5,7,10,13,479
49.5,7,10,14,481
49.5,7,10,15,483
49.5,7,11,0,453
49.5,7,11,1,455
49.5,7,11,2,458
49.5,7,11,3,460
49.5,7,11,4,462
49.5,7,11,5,464
49.5,7,11,6,466
49.5,7,11,7,468
49.5,7,11,8,471
49.5,7,11,9,473
49.5,7,11,10,475
49.5,7,11,11,477
49.5,7,11,12,479
49.5,7,11,13,481
49.5,7,11,14,483
49.5,7,11,15,485
49.5,7,12,0,456
49.5,7,12,1,458
49.5,7,12,2,460
49.5,7,12,3,462
49.5,7,12,4,464
49.5,7,12,5,467
49.5,7,12,6,469
49.5,7,12,7,471
49.5,7,12,8,473
49.5,7,12,9,475
49.5,7,12,10,477
49.5,7,12,11,479
49.5,7,12,12,482
49.5,7,12,13,484
49.5,7,12,14,486
49.5,7,12,15,488
49.5,7,13,0,458
49.5,7,13,1,460
49.5,7,13,2,462
49.5,7,13,3,465
49.5,7,13,4,467
49.5,7,13,5,469
49.5,7,13,6,471
49.5,7,13,7,473
49.5,7,13,8,476
49.5,7,13,9,478
49.5,7,13,10,480
49.5,7,13,11,482
49.5,7,13,12,484
49.5,7,13,13,486
49.5,7,13,14,488
49.5,7,13,15,490
49.5,7,14,0,460
49.5,7,14,1,463
49.5,7,14,2,465
49.5,7,14,3,467
49.5,7,14,4,469
49.5,7,14,5,471
49.5,7,14,6,474
49.5,7,14,7,476
49.5,7,14,8,478
49.5,7,14,9,480
49.5,7,14,10,482
49.5,7,14,11,485
49.5,7,14,12,487
49.5,7,14,13,489
49.5,7,14,14,491
49.5,7,14,15,493
49.5,7,15,0,463
49.5,7,15,1,465
49.5,7,15,2,467
49.5,7,15,3,469
49.5,7,15,4,472
49.5,7,15,5,474
49.5,7,15,6,476
49.5,7,15,7,478
49.5,7,15,8,480
49.5,7,15,9,483
49.5,7,15,10,485
49.5,7,15,11,487
49.5,7,15,12,489
49.5,7,15,13,491
49.5,7,15,14,493
49.5,7,15,15,496
49.5,8,0,0,432
49.5,8,0,1,434
49.5,8,0,2,436
49.5,8,0,3,439
49.5,8,0,4,441
49.5,8,0,5,443
49.5,8,0,6,445
49.5,8,0,7,447
49.5,8,0,8,449
49.5,8,0,9,451
49.5,8,0,10,453
49.5,8,0,11,455
49.5,8,0,12,457
49.5,8,0,13,459
49.5,8,0,14,461
49.5,8,0,15,463
49.5,8,1,0,435
49.5,8,1,1,437
49.5,8,1,2,439
49.5,8,1,3,441
49.5,8,1,4,443
49.5,8,1,5,445
49.5,8,1,6,447
49.5,8,1,7,449
49.5,8,1,8,452
49.5,8,1,9,454
49.5,8,1,10,456
49.5,8,1,11,458
49.5,8,1,12,460
49.5,8,1,13,462
49.5,8,1,14,464
49.5,8,1,15,466
49.5,8,2,0,437
49.5,8,2,1,440
49.5,8,2,2,442
49.5,8,2,3,444
49.5,8,2,4,446
49.5,8,2,5,448
49.5,8,2,6,450
49.5,8,2,7,452
49.5,8,2,8,454
49.5,8,2,9,456
49.5,8,2,10,458
49.5,8,2,11,460
49.5,8,2,12,462
49.5,8,2,13,464
49.5,8,2,14,466
49.5,8,2,15,468
49.5,8,3,0,440
49.5,8,3,1,442
49.5,8,3,2,444
49.5,8,3,3,446
49.5,8,3,4,449
49.5,8,3,5,451
49.5,8,3,6,453
49.5,8,3,7,455
49.5,8,3,8,457
49.5,8,3,9,459
49.5,8,3,10,461
49.5,8,3,11,463
49.5,8,3,12,465
49.5,8,3,13,467
49.5,8,3,14,469
49.5,8,3,15,471
49.5,8,4,0,443
49.5,8,4,1,445
49.5,8,4,2,447
49.5,8,4,3,449
49.5,8,4,4,451
49.5,8,4,5,453
49.5,8,4,6,455
49.5,8,4,7,457
49.5,8,4,8,460
49.5,8,4,9,462
49.5,8,4,10,464
49.5,8,4,11,466
49.5,8,4,12,468
49.5,8,4,13,470
49.5,8,4,14,472
49.5,8,4,15,474
49.5,8,5,0,445
49.5,8,5,1,447
49.5,8,5,2,449
49.5,8,5,3,452
49.5,8,5,4,454
49.5,8,5,5,456
49.5,8,5,6,458
49.5,8,5,7,460
49.5,8,5,8,462
49.5,8,5,9,464
49.5,8,5,10,466
49.5,8,5,11,468
49.5,8,5,12,471
49.5,8,5,13,473
49.5,8,5,14,475
49.5,8,5,15,477
49.5,8,6,0,448
49.5,8,6,1,450
49.5,8,6,2,452
49.5,8,6,3,454
49.5,8,6,4,456
49.5,8,6,5,458
49.5,8,6,6,461
49.5,8,6,7,463
49.5,8,6,8,465
49.5,8,6,9,467
49.5,8,6,10,469
49.5,8,6,11,471
49.5,8,6,12,473
49.5,8,6,13,475
49.5,8,6,14,477
49.5,8,6,15,479
49.5,8,7,0,450
49.5,8,7,1,452
49.5,8,7,2,454
49.5,8,7,3,457
49.5,8,7,4,459
49.5,8,7,5,461
49.5,8,7,6,463
49.5,8,7,7,465
49.5,8,7,8,467
49.5,8,7,9,470
49.5,8,7,10,472
49.5,8,7,11,474
49.5,8,7,12,476
49.5,8,7,13,478
49.5,8,7,14,480
49.5,8,7,15,482
49.5,8,8,0,453
49.5,8,8,1,455
49.5,8,8,2,457
49.5,8,8,3,459
49.5,8,8,4,461
49.5,8,8,5,464
49.5,8,8,6,466
49.5,8,8,7,468
49.5,8,8,8,470
49.5,8,8,9,472
49.5,8,8,10,474
49.5,8,8,11,476
49.5,8,8,12,478
49.5,8,8,13,481
49.5,8,8,14,483
49.5,8,8,15,485
49.5,8,9,0,455
49.5,8,9,1,457
49.5,8,9,2,460
49.5,8,9,3,462
49.5,8,9,4,464
49.5,8,9,5,466
49.5,8,9,6,468
49.5,8,9,7,470
49.5,8,9,8,473
49.5,8,9,9,475
49.5,8,9,10,477
49.5,8,9,11,479
49.5,8,9,12,481
49.5,8,9,13,483
49.5,8,9,14,485
49.5,8,9,15,487
49.5,8,10,0,458
49.5,8,10,1,460
49.5,8,10,2,462
49.5,8,10,3,464
49.5,8,10,4,466
49.5,8,10,5,469
49.5,8,10,6,471
49.5,8,10,7,473
49.5,8,10,8,475
49.5,8,10,9,477
49.5,8,10,10,479
49.5,8,10,11,482
49.5,8,10,12,484
49.5,8,10,13,486
49.5,8,10,14,488
49.5,8,10,15,490
49.5,8,11,0,460
49.5,8,11,1,462
49.5,8,11,2,464
49.5,8,11,3,467
49.5,8,11,4,469
49.5,8,11,5,471
49.5,8,11,6,473
49.5,8,11,7,476
49.5,8,11,8,478
49.5,8,11,9,480
49.5,8,11,10,482
49.5,8,11,11,484
49.5,8,11,12,486
49.5,8,11,13,488
49.5,8,11,14,491
49.5,8,11,15,493
49.5,8,12,0,462
49.5,8,12,1,465
49.5,8,12,2,467
49.5,8,12,3,469
49.5,8,12,4,471
49.5,8,12,5,474
49.5,8,12,6,476
49.5,8,12,7,478
49.5,8,12,8,480
49.5,8,12,9,482
49.5,8,12,10,485
49.5,8,12,11,487
49.5,8,12,12,489
49.5,8,12,13,491
49.5,8,12,14,493
49.5,8,12,15,495
49.5,8,13,0,465
49.5,8,13,1,467
49.5,8,13,2,469
49.5,8,13,3,472
49.5,8,13,4,474
49.5,8,13,5,476
49.5,8,13,6,478
49.5,8,13,7,481
49.5,8,13,8,483
49.5,8,13,9,485
49.5,8,13,10,487
49.5,8,13,11,489
49.5,8,13,12,491
49.5,8,13,13,494
49.5,8,13,14,496
49.5,8,13,15,498
49.5,8,14,0,467
49.5,8,14,1,470
49.5,8,14,2,472
49.5,8,14,3,474
49.5,8,14,4,476
49.5,8,14,5,479
49.5,8,14,6,481
49.5,8,14,7,483
49.5,8,14,8,485
49.5,8,14,9,487
49.5,8,14,10,490
49.5,8,14,11,492
49.5,8,14,12,494
49.5,8,14,13,496
49.5,8,14,14,498
49.5,8,14,15,500
49.5,8,15,0,470
49.5,8,15,1,472
49.5,8,15,2,474
49.5,8,15,3,477
49.5,8,15,4,479
49.5,8,15,5,481
49.5,8,15,6,483
49.5,8,15,7,486
49.5,8,15,8,488
49.5,8,15,9,490
49.5,8,15,10,492
49.5,8,15,11,494
49.5,8,15,12,497
49.5,8,15,13,499
49.5,8,15,14,501
49.5,8,15,15,503
49.5,9,0,0,439
49.5,9,0,1,441
49.5,9,0,2,443
49.5,9,0,3,445
49.5,9,0,4,447
49.5,9,0,5,449
49.5,9,0,6,451
49.5,9,0,7,453
49.5,9,0,8,456
49.5,9,0,9,458
49.5,9,0,10,460
49.5,9,0,11,462
49.5,9,0,12,464
49.5,9,0,13,466
49.5,9,0,14,468
49.5,9,0,15,470
49.5,9,1,0,441
49.5,9,1,1,443
49.5,9,1,2,446
49.5,9,1,3,448
49.5,9,1,4,450
49.5,9,1,5,452
49.5,9,1,6,454
49.5,9,1,7,456
49.5,9,1,8,458
49.5,9,1,9,460
49.5,9,1,10,462
49.5,9,1,11,465
49.5,9,1,12,467
49.5,9,1,13,469
49.5,9,1,14,471
49.5,9,1,15,473
49.5,9,2,0,444
49.5,9,2,1,446
49.5,9,2,2,448
49.5,9,2,3,450
49.5,9,2,4,453
49.5,9,2,5,455
49.5,9,2,6,457
49.5,9,2,7,459
49.5,9,2,8,461
49.5,9,2,9,463
49.5,9,2,10,465
49.5,9,2,11,467
49.5,9,2,12,469
49.5,9,2,13,471
49.5,9,2,14,473
49.5,9,2,15,475
49.5,9,3,0,447
49.5,9,3,1,449
49.5,9,3,2,451
49.5,9,3,3,453
49.5,9,3,4,455
49.5,9,3,5,457
49.5,9,3,6,459
49.5,9,3,7,462
49.5,9,3,8,464
49.5,9,3,9,466
49.5,9,3,10,468
49.5,9,3,11,470
49.5,9,3,12,472
49.5,9,3,13,474
49.5,9,3,14,476
49.5,9,3,15,478
49.5,9,4,0,449
49.5,9,4,1,451
49.5,9,4,2,454
49.5,9,4,3,456
49.5,9,4,4,458
49.5,9,4,5,460
49.5,9,4,6,462
49.5,9,4,7,464
49.5,9,4,8,466
49.5,9,4,9,469
49.5,9,4,10,471
49.5,9,4,11,473
49.5,9,4,12,475
49.5,9,4,13,477
49.5,9,4,14,479
49.5,9,4,15,481
49.5,9,5,0,452
49.5,9,5,1,454
49.5,9,5,2,456
49.5,9,5,3,458
49.5,9,5,4,460
49.5,9,5,5,463
49.5,9,5,6,465
49.5,9,5,7,467
49.5,9,5,8,469
49.5,9,5,9,471
49.5,9,5,10,473
49.5,9,5,11,475
49.5,9,5,12,478
49.5,9,5,13,480
49.5,9,5,14,482
49.5,9,5,15,484
49.5,9,6,0,454
49.5,9,6,1,456
49.5,9,6,2,459
49.5,9,6,3,461
49.5,9,6,4,463
49.5,9,6,5,465
49.5,9,6,6,467
49.5,9,6,7,470
49.5,9,6,8,472
49.5,9,6,9,474
49.5,9,6,10,476
49.5,9,6,11,478
49.5,9,6,12,480
49.5,9,6,13,482
49.5,9,6,14,484
49.5,9,6,15,487
49.5,9,7,0,457
49.5,9,7,1,459
49.5,9,7,2,461
49.5,9,7,3,463
49.5,9,7,4,466
49.5,9,7,5,468
49.5,9,7,6,470
49.5,9,7,7,472
49.5,9,7,8,474
49.5,9,7,9,477
49.5,9,7,10,479
49.5,9,7,11,481
49.5,9,7,12,483
49.5,9,7,13,485
49.5,9,7,14,487
49.5,9,7,15,489
49.5,9,8,0,459
49.5,9,8,1,462
49.5,9,8,2,464
49.5,9,8,3,466
49.5,9,8,4,468
49.5,9,8,5,470
49.5,9,8,6,473
49.5,9,8,7,475
49.5,9,8,8,477
49.5,9,8,9,479
49.5,9,8,10,481
49.5,9,8,11,484
49.5,9,8,12,486
49.5,9,8,13,488
49.5,9,8,14,490
49.5,9,8,15,492
49.5,9,9,0,462
49.5,9,9,1,464
49.5,9,9,2,466
49.5,9,9,3,469
49.5,9,9,4,471
49.5,9,9,5,473
49.5,9,9,6,475
49.5,9,9,7,477
49.5,9,9,8,480
49.5,9,9,9,482
49.5,9,9,10,484
49.5,9,9,11,486
49.5,9,9,12,488
49.5,9,9,13,490
49.5,9,9,14,493
49.5,9,9,15,495
49.5,9,10,0,464
49.5,9,10,1,467
49.5,9,10,2,469
49.5,9,10,3,471
49.5,9,10,4,473
49.5,9,10,5,476
49.5,9,10,6,478
49.5,9,10,7,480
49.5,9,10,8,482
49.5,9,10,9,484
49.5,9,10,10,487
49.5,9,10,11,489
49.5,9,10,12,491
49.5,9,10,13,493
49.5,9,10,14,495
49.5,9,10,15,497
49.5,9,11,0,467
49.5,9,11,1,469
49.5,9,11,2,471
49.5,9,11,3,474
49.5,9,11,4,476
49.5,9,11,5,478
49.5,9,11,6,480
49.5,9,11,7,483
49.5,9,11,8,485
49.5,9,11,9,487
49.5,9,11,10,489
49.5,9,11,11,491
49.5,9,11,12,494
49.5,9,11,13,496
49.5,9,11,14,498
49.5,9,11,15,500
49.5,9,12,0,469
49.5,9,12,1,472
49.5,9,12,2,474
49.5,9,12,3,476
49.5,9,12,4,478
49.5,9,12,5,481
49.5,9,12,6,483
49.5,9,12,7,485
49.5,9,12,8,487
49.5,9,12,9,490
49.5,9,12,10,492
49.5,9,12,11,494
49.5,9,12,12,496
49.5,9,12,13,498
49.5,9,12,14,501
49.5,9,12,15,503
49.5,9,13,0,472
49.5,9,13,1,474
49.5,9,13,2,476
49.5,9,13,3,479
49.5,9,13,4,481
49.5,9,13,5,483
49.5,9,13,6,486
49.5,9,13,7,488
49.5,9,13,8,490
49.5,9,13,9,492
49.5,9,13,10,494
49.5,9,13,11,497
49.5,9,13,12,499
49.5,9,13,13,501
49.5,9,13,14,503
49.5,9,13,15,505
49.5,9,14,0,474
49.5,9,14,1,477
49.5,9,14,2,479
49.5,9,14,3,481
49.5,9,14,4,483
49.5,9,14,5,486
49.5,9,14,6,488
49.5,9,14,7,490
49.5,9,14,8,493
49.5,9,14,9,495
49.5,9,14,10,497
49.5,9,14,11,499
49.5,9,14,12,501
49.5,9,14,13,504
49.5,9,14,14,506
49.5,9,14,15,508
49.5,9,15,0,477
49.5,9,15,1,479
49.5,9,15,2,481
49.5,9,15,3,484
49.5,9,15,4,486
49.5,9,15,5,488
49.5,9,15,6,491
49.5,9,15,7,493
49.5,9,15,8,495
49.5,9,15,9,497
49.5,9,15,10,500
49.5,9,15,11,502
49.5,9,15,12,504
49.5,9,15,13,506
49.5,9,15,14,508
49.5,9,15,15,511
49.5,10,0,0,445
49.5,10,0,1,447
49.5,10,0,2,449
49.5,10,0,3,452
49.5,10,0,4,454
49.5,10,0,5,456
49.5,10,0,6,458
49.5,10,0,7,460
49.5,10,0,8,462
49.5,10,0,9,464
49.5,10,0,10,466
49.5,10,0,11,469
49.5,10,0,12,471
49.5,10,0,13,473
49.5,10,0,14,475
49.5,10,0,15,477
49.5,10,1,0,448
49.5,10,1,1,450
49.5,10,1,2,452
49.5,10,1,3,454
49.5,10,1,4,457
49.5,10,1,5,459
49.5,10,1,6,461
49.5,10,1,7,463
49.5,10,1,8,465
49.5,10,1,9,467
49.5,10,1,10,469
49.5,10,1,11,471
49.5,10,1,12,473
49.5,10,1,13,476
49.5,10,1,14,478
49.5,10,1,15,480
49.5,10,2,0,450
49.5,10,2,1,453
49.5,10,2,2,455
49.5,10,2,3,457
49.5,10,2,4,459
49.5,10,2,5,461
49.5,10,2,6,464
49.5,10,2,7,466
49.5,10,2,8,468
49.5,10,2,9,470
49.5,10,2,10,472
49.5,10,2,11,474
49.5,10,2,12,476
49.5,10,2,13,478
49.5,10,2,14,480
49.5,10,2,15,482
49.5,10,3,0,453
49.5,10,3,1,455
49.5,10,3,2,458
49.5,10,3,3,460
49.5,10,3,4,462
49.5,10,3,5,464
49.5,10,3,6,466
49.5,10,3,7,468
49.5,10,3,8,471
49.5,10,3,9,473
49.5,10,3,10,475
49.5,10,3,11,477
49.5,10,3,12,479
49.5,10,3,13,481
49.5,10,3,14,483
49.5,10,3,15,485
49.5,10,4,0,456
49.5,10,4,1,458
49.5,10,4,2,460
49.5,10,4,3,462
49.5,10,4,4,465
49.5,10,4,5,467
49.5,10,4,6,469
49.5,10,4,7,471
49.5,10,4,8,473
49.5,10,4,9,475
49.5,10,4,10,478
49.5,10,4,11,480
49.5,10,4,12,482
49.5,10,4,13,484
49.5,10,4,14,486
49.5,10,4,15,488
49.5,10,5,0,458
49.5,10,5,1,461
49.5,10,5,2,463
49.5,10,5,3,465
49.5,10,5,4,467
49.5,10,5,5,469
49.5,10,5,6,472
49.5,10,5,7,474
49.5,10,5,8,476
49.5,10,5,9,478
49.5,10,5,10,480
49.5,10,5,11,482
49.5,10,5,12,485
49.5,10,5,13,487
49.5,10,5,14,489
49.5,10,5,15,491
49.5,10,6,0,461
49.5,10,6,1,463
49.5,10,6,2,465
49.5,10,6,3,468
49.5,10,6,4,470
49.5,10,6,5,472
49.5,10,6,6,474
49.5,10,6,7,477
49.5,10,6,8,479
49.5,10,6,9,481
49.5,10,6,10,483
49.5,10,6,11,485
49.5,10,6,12,487
49.5,10,6,13,489
49.5,10,6,14,492
49.5,10,6,15,494
49.5,10,7,0,464
49.5,10,7,1,466
49.5,10,7,2,468
49.5,10,7,3,470
49.5,10,7,4,473
49.5,10,7,5,475
49.5,10,7,6,477
49.5,10,7,7,479
49.5,10,7,8,481
49.5,10,7,9,484
49.5,10,7,10,486
49.5,10,7,11,488
49.5,10,7,12,490
49.5,10,7,13,492
49.5,10,7,14,494
49.5,10,7,15,496
49.5,10,8,0,466
49.5,10,8,1,468
49.5,10,8,2,471
49.5,10,8,3,473
49.5,10,8,4,475
49.5,10,8,5,477
49.5,10,8,6,480
49.5,10,8,7,482
49.5,10,8,8,484
49.5,10,8,9,486
49.5,10,8,10,488
49.5,10,8,11,491
49.5,10,8,12,493
49.5,10,8,13,495
49.5,10,8,14,497
49.5,10,8,15,499
49.5,10,9,0,469
49.5,10,9,1,471
49.5,10,9,2,473
49.5,10,9,3,476
49.5,10,9,4,478
49.5,10,9,5,480
49.5,10,9,6,482
49.5,10,9,7,484
49.5,10,9,8,487
49.5,10,9,9,489
49.5,10,9,10,491
49.5,10,9,11,493
49.5,10,9,12,495
49.5,10,9,13,498
49.5,10,9,14,500
49.5,10,9,15,502
49.5,10,10,0,471
49.5,10,10,1,474
49.5,10,10,2,476
49.5,10,10,3,478
49.5,10,10,4,480
49.5,10,10,5,483
49.5,10,10,6,485
49.5,10,10,7,487
49.5,10,10,8,489
49.5,10,10,9,492
49.5,10,10,10,494
49.5,10,10,11,496
49.5,10,10,12,498
49.5,10,10,13,500
49.5,10,10,14,503
49.5,10,10,15,505
49.5,10,11,0,474
49.5,10,11,1,476
49.5,10,11,2,478
49.5,10,11,3,481
49.5,10,11,4,483
49.5,10,11,5,485
49.5,10,11,6,487
49.5,10,11,7,490
49.5,10,11,8,492
49.5,10,11,9,494
49.5,10,11,10,496
49.5,10,11,11,499
49.5,10,11,12,501
49.5,10,11,13,503
49.5,10,11,14,505
49.5,10,11,15,507
49.5,10,12,0,476
49.5,10,12,1,479
49.5,10,12,2,481
49.5,10,12,3,483
49.5,10,12,4,486
49.5,10,12,5,488
49.5,10,12,6,490
49.5,10,12,7,492
49.5,10,12,8,495
49.5,10,12,9,497
49.5,10,12,10,499
49.5,10,12,11,501
49.5,10,12,12,504
49.5,10,12,13,506
49.5,10,12,14,508
49.5,10,12,15,510
49.5,10,13,0,479
49.5,10,13,1,481
49.5,10,13,2,483
49.5,10,13,3,486
49.5,10,13,4,488
49.5,10,13,5,490
49.5,10,13,6,493
49.5,10,13,7,495
49.5,10,13,8,497
49.5,10,13,9,499
49.5,10,13,10,502
49.5,10,13,11,504
49.5,10,13,12,506
49.5,10,13,13,508
49.5,10,13,14,511
49.5,10,13,15,513
49.5,10,14,0,481
49.5,10,14,1,484
49.5,10,14,2,486
49.5,10,14,3,488
49.5,10,14,4,491
49.5,10,14,5,493
49.5,10,14,6,495
49.5,10,14,7,497
49.5,10,14,8,500
49.5,10,14,9,502
49.5,10,14,10,504
49.5,10,14,11,507
49.5,10,14,12,509
49.5,10,14,13,511
49.5,10,14,14,513
49.5,10,14,15,515
49.5,10,15,0,484
49.5,10,15,1,486
49.5,10,15,2,488
49.5,10,15,3,491
49.5,10,15,4,493
49.5,10,15,5,495
49.5,10,15,6,498
49.5,10,15,7,500
49.5,10,15,8,502
49.5,10,15,9,505
49.5,10,15,10,507
49.5,10,15,11,509
49.5,10,15,12,511
49.5,10,15,13,514
49.5,10,15,14,516
49.5,10,15,15,518
49.5,11,0,0,452
49.5,11,0,1,454
49.5,11,0,2,456
49.5,11,0,3,458
49.5,11,0,4,460
49.5,11,0,5,463
49.5,11,0,6,465
49.5,11,0,7,467
49.5,11,0,8,469
49.5,11,0,9,471
49.5,11,0,10,473
49.5,11,0,11,475
49.5,11,0,12,477
49.5,11,0,13,480
49.5,11,0,14,482
49.5,11,0,15,484
49.5,11,1,0,454
49.5,11,1,1,457
49.5,11,1,2,459
49.5,11,1,3,461
49.5,11,1,4,463
49.5,11,1,5,465
49.5,11,1,6,467
49.5,11,1,7,470
49.5,11,1,8,472
49.5,11,1,9,474
49.5,11,1,10,476
49.5,11,1,11,478
49.5,11,1,12,480
49.5,11,1,13,482
49.5,11,1,14,485
49.5,11,1,15,487
49.5,11,2,0,457
49.5,11,2,1,459
49.5,11,2,2,461
49.5,11,2,3,464
49.5,11,2,4,466
49.5,11,2,5,468
49.5,11,2,6,470
49.5,11,2,7,472
49.5,11,2,8,475
49.5,11,2,9,477
49.5,11,2,10,479
49.5,11,2,11,481
49.5,11,2,12,483
49.5,11,2,13,485
49.5,11,2,14,487
49.5,11,2,15,489
49.5,11,3,0,460
49.5,11,3,1,462
49.5,11,3,2,464
49.5,11,3,3,466
49.5,11,3,4,469
49.5,11,3,5,471
49.5,11,3,6,473
49.5,11,3,7,475
49.5,11,3,8,477
49.5,11,3,9,480
49.5,11,3,10,482
49.5,11,3,11,484
49.5,11,3,12,486
49.5,11,3,13,488
49.5,11,3,14,490
49.5,11,3,15,492
49.5,11,4,0,462
49.5,11,4,1,465
49.5,11,4,2,467
49.5,11,4,3,469
49.5,11,4,4,471
49.5,11,4,5,474
49.5,11,4,6,476
49.5,11,4,7,478
49.5,11,4,8,480
49.5,11,4,9,482
49.5,11,4,10,485
49.5,11,4,11,487
49.5,11,4,12,489
49.5,11,4,13,491
49.5,11,4,14,493
49.5,11,4,15,495
49.5,11,5,0,465
49.5,11,5,1,467
49.5,11,5,2,470
49.5,11,5,3,472
49.5,11,5,4,474
49.5,11,5,5,476
49.5,11,5,6,478
49.5,11,5,7,481
49.5,11,5,8,483
49.5,11,5,9,485
49.5,11,5,10,487
49.5,11,5,11,489
49.5,11,5,12,492
49.5,11,5,13,494
49.5,11,5,14,496
49.5,11,5,15,498
49.5,11,6,0,468
49.5,11,6,1,470
49.5,11,6,2,472
49.5,11,6,3,474
49.5,11,6,4,477
49.5,11,6,5,479
49.5,11,6,6,481
49.5,11,6,7,483
49.5,11,6,8,486
49.5,11,6,9,488
49.5,11,6,10,490
49.5,11,6,11,492
49.5,11,6,12,494
49.5,11,6,13,497
49.5,11,6,14,499
49.5,11,6,15,501
49.5,11,7,0,470
49.5,11,7,1,473
49.5,11,7,2,475
49.5,11,7,3,477
49.5,11,7,4,479
49.5,11,7,5,482
49.5,11,7,6,484
49.5,11,7,7,486
49.5,11,7,8,488
49.5,11,7,9,491
49.5,11,7,10,493
49.5,11,7,11,495
49.5,11,7,12,497
49.5,11,7,13,499
49.5,11,7,14,502
49.5,11,7,15,504
49.5,11,8,0,473
49.5,11,8,1,475
49.5,11,8,2,477
49.5,11,8,3,480
49.5,11,8,4,482
49.5,11,8,5,484
49.5,11,8,6,487
49.5,11,8,7,489
49.5,11,8,8,491
49.5,11,8,9,493
49.5,11,8,10,496
49.5,11,8,11,498
49.5,11,8,12,500
49.5,11,8,13,502
49.5,11,8,14,504
49.5,11,8,15,506
49.5,11,9,0,475
49.5,11,9,1,478
49.5,11,9,2,480
49.5,11,9,3,482
49.5,11,9,4,485
49.5,11,9,5,487
49.5,11,9,6,489
49.5,11,9,7,492
49.5,11,9,8,494
49.5,11,9,9,496
49.5,11,9,10,498
49.5,11,9,11,500
49.5,11,9,12,503
49.5,11,9,13,505
49.5,11,9,14,507
49.5,11,9,15,509
49.5,11,10,0,478
49.5,11,10,1,480
49.5,11,10,2,483
49.5,11,10,3,485
49.5,11,10,4,487
49.5,11,10,5,490
49.5,11,10,6,492
49.5,11,10,7,494
49.5,11,10,8,496
49.5,11,10,9,499
49.5,11,10,10,501
49.5,11,10,11,503
49.5,11,10,12,505
49.5,11,10,13,508
49.5,11,10,14,510
49.5,11,10,15,512
49.5,11,11,0,481
49.5,11,11,1,483
49.5,11,11,2,485
49.5,11,11,3,488
49.5,11,11,4,490
49.5,11,11,5,492
49.5,11,11,6,495
49.5,11,11,7,497
49.5,11,11,8,499
49.5,11,11,9,501
49.5,11,11,10,504
49.5,11,11,11,506
49.5,11,11,12,508
49.5,11,11,13,510
49.5,11,11,14,513
49.5,11,11,15,515
49.5,11,12,0,483
49.5,11,12,1,486
49.5,11,12,2,488
49.5,11,12,3,490
49.5,11,12,4,493
49.5,11,12,5,495
49.5,11,12,6,497
49.5,11,12,7,499
49.5,11,12,8,502
49.5,11,12,9,504
49.5,11,12,10,506
49.5,11,12,11,509
49.5,11,12,12,511
49.5,11,12,13,513
49.5,11,12,14,515
49.5,11,12,15,518
49.5,11,13,0,486
49.5,11,13,1,488
49.5,11,13,2,490
49.5,11,13,3,493
49.5,11,13,4,495
49.5,11,13,5,497
49.5,11,13,6,500
49.5,11,13,7,502
49.5,11,13,8,504
49.5,11,13,9,507
49.5,11,13,10,509
49.5,11,13,11,511
49.5,11,13,12,514
49.5,11,13,13,516
49.5,11,13,14,518
49.5,11,13,15,520
49.5,11,14,0,488
49.5,11,14,1,491
49.5,11,14,2,493
49.5,11,14,3,495
49.5,11,14,4,498
49.5,11,14,5,500
49.5,11,14,6,502
49.5,11,14,7,505
49.5,11,14,8,507
49.5,11,14,9,509
49.5,11,14,10,512
49.5,11,14,11,514
49.5,11,14,12,516
49.5,11,14,13,518
49.5,11,14,14,521
49.5,11,14,15,523
49.5,11,15,0,491
49.5,11,15,1,493
49.5,11,15,2,496
49.5,11,15,3,498
49.5,11,15,4,500
49.5,11,15,5,503
49.5,11,15,6,505
49.5,11,15,7,507
49.5,11,15,8,510
49.5,11,15,9,512
49.5,11,15,10,514
49.5,11,15,11,517
49.5,11,15,12,519
49.5,11,15,13,521
49.5,11,15,14,523
49.5,11,15,15,526
49.5,12,0,0,458
49.5,12,0,1,460
49.5,12,0,2,463
49.5,12,0,3,465
49.5,12,0,4,467
49.5,12,0,5,469
49.5,12,0,6,471
49.5,12,0,7,474
49.5,12,0,8,476
49.5,12,0,9,478
49.5,12,0,10,480
49.5,12,0,11,482
49.5,12,0,12,484
49.5,12,0,13,486
49.5,12,0,14,488
49.5,12,0,15,491
49.5,12,1,0,461
49.5,12,1,1,463
49.5,12,1,2,465
49.5,12,1,3,468
49.5,12,1,4,470
49.5,12,1,5,472
49.5,12,1,6,474
49.5,12,1,7,476
49.5,12,1,8,479
49.5,12,1,9,481
49.5,12,1,10,483
49.5,12,1,11,485
49.5,12,1,12,487
49.5,12,1,13,489
49.5,12,1,14,491
49.5,12,1,15,494
49.5,12,2,0,464
49.5,12,2,1,466
49.5,12,2,2,468
49.5,12,2,3,470
49.5,12,2,4,473
49.5,12,2,5,475
49.5,12,2,6,477
49.5,12,2,7,479
49.5,12,2,8,481
49.5,12,2,9,484
49.5,12,2,10,486
49.5,12,2,11,488
49.5,12,2,12,490
49.5,12,2,13,492
49.5,12,2,14,494
49.5,12,2,15,496
49.5,12,3,0,466
49.5,12,3,1,469
49.5,12,3,2,471
49.5,12,3,3,473
49.5,12,3,4,475
49.5,12,3,5,478
49.5,12,3,6,480
49.5,12,3,7,482
49.5,12,3,8,484
49.5,12,3,9,486
49.5,12,3,10,489
49.5,12,3,11,491
49.5,12,3,12,493
49.5,12,3,13,495
49.5,12,3,14,497
49.5,12,3,15,499
49.5,12,4,0,469
49.5,12,4,1,471
49.5,12,4,2,474
49.5,12,4,3,476
49.5,12,4,4,478
49.5,12,4,5,480
49.5,12,4,6,483
49.5,12,4,7,485
49.5,12,4,8,487
49.5,12,4,9,489
49.5,12,4,10,491
49.5,12,4,11,494
49.5,12,4,12,496
49.5,12,4,13,498
49.5,12,4,14,500
49.5,12,4,15,502
49.5,12,5,0,472
49.5,12,5,1,474
49.5,12,5,2,476
49.5,12,5,3,479
49.5,12,5,4,481
49.5,12,5,5,483
49.5,12,5,6,485
49.5,12,5,7,488
49.5,12,5,8,490
49.5,12,5,9,492
49.5,12,5,10,494
49.5,12,5,11,496
49.5,12,5,12,499
49.5,12,5,13,501
49.5,12,5,14,503
49.5,12,5,15,505
49.5,12,6,0,474
49.5,12,6,1,477
49.5,12,6,2,479
49.5,12,6,3,481
49.5,12,6,4,484
49.5,12,6,5,486
49.5,12,6,6,488
49.5,12,6,7,490
49.5,12,6,8,493
49.5,12,6,9,495
49.5,12,6,10,497
49.5,12,6,11,499
49.5,12,6,12,501
49.5,12,6,13,504
49.5,12,6,14,506
49.5,12,6,15,508
49.5,12,7,0,477
49.5,12,7,1,479
49.5,12,7,2,482
49.5,12,7,3,484
49.5,12,7,4,486
49.5,12,7,5,489
49.5,12,7,6,491
49.5,12,7,7,493
49.5,12,7,8,495
49.5,12,7,9,498
49.5,12,7,10,500
49.5,12,7,11,502
49.5,12,7,12,504
49.5,12,7,13,507
49.5,12,7,14,509
49.5,12,7,15,511
49.5,12,8,0,480
49.5,12,8,1,482
49.5,12,8,2,484
49.5,12,8,3,487
49.5,12,8,4,489
49.5,12,8,5,491
49.5,12,8,6,494
49.5,12,8,7,496
49.5,12,8,8,498
49.5,12,8,9,500
49.5,12,8,10,503
49.5,12,8,11,505
49.5,12,8,12,507
49.5,12,8,13,509
49.5,12,8,14,512
49.5,12,8,15,514
49.5,12,9,0,482
49.5,12,9,1,485
49.5,12,9,2,487
49.5,12,9,3,489
49.5,12,9,4,492
49.5,12,9,5,494
49.5,12,9,6,496
49.5,12,9,7,499
49.5,12,9,8,501
49.5,12,9,9,503
49.5,12,9,10,505
49.5,12,9,11,508
49.5,12,9,12,510
49.5,12,9,13,512
49.5,12,9,14,514
49.5,12,9,15,517
49.5,12,10,0,485
49.5,12,10,1,487
49.5,12,10,2,490
49.5,12,10,3,492
49.5,12,10,4,494
49.5,12,10,5,497
49.5,12,10,6,499
49.5,12,10,7,501
49.5,12,10,8,504
49.5,12,10,9,506
49.5,12,10,10,508
49.5,12,10,11,510
49.5,12,10,12,513
49.5,12,10,13,515
49.5,12,10,14,517
49.5,12,10,15,519
49.5,12,11,0,487
49.5,12,11,1,490
49.5,12,11,2,492
49.5,12,11,3,495
49.5,12,11,4,497
49.5,12,11,5,499
49.5,12,11,6,502
49.5,12,11,7,504
49.5,12,11,8,506
49.5,12,11,9,509
49.5,12,11,10,511
49.5,12,11,11,513
49.5,12,11,12,515
49.5,12,11,13,518
49.5,12,11,14,520
49.5,12,11,15,522
49.5,12,12,0,490
49.5,12,12,1,492
49.5,12,12,2,495
49.5,12,12,3,497
49.5,12,12,4,500
49.5,12,12,5,502
49.5,12,12,6,504
49.5,12,12,7,507
49.5,12,12,8,509
49.5,12,12,9,511
49.5,12,12,10,514
49.5,12,12,11,516
49.5,12,12,12,518
49.5,12,12,13,520
49.5,12,12,14,523
49.5,12,12,15,525
49.5,12,13,0,493
49.5,12,13,1,495
49.5,12,13,2,497
49.5,12,13,3,500
49.5,12,13,4,502
49.5,12,13,5,505
49.5,12,13,6,507
49.5,12,13,7,509
49.5,12,13,8,512
49.5,12,13,9,514
49.5,12,13,10,516
49.5,12,13,11,519
49.5,12,13,12,521
49.5,12,13,13,523
49.5,12,13,14,525
49.5,12,13,15,528
49.5,12,14,0,495
49.5,12,14,1,498
49.5,12,14,2,500
49.5,12,14,3,502
49.5,12,14,4,505
49.5,12,14,5,507
49.5,12,14,6,510
49.5,12,14,7,512
49.5,12,14,8,514
49.5,12,14,9,517
49.5,12,14,10,519
49.5,12,14,11,521
49.5,12,14,12,524
49.5,12,14,13,526
49.5,12,14,14,528
49.5,12,14,15,530
49.5,12,15,0,498
49.5,12,15,1,500
49.5,12,15,2,503
49.5,12,15,3,505
49.5,12,15,4,507
49.5,12,15,5,510
49.5,12,15,6,512
49.5,12,15,7,515
49.5,12,15,8,517
49.5,12,15,9,519
49.5,12,15,10,522
49.5,12,15,11,524
49.5,12,15,12,526
49.5,12,15,13,529
49.5,12,15,14,531
49.5,12,15,15,533
49.5,13,0,0,464
49.5,13,0,1,467
49.5,13,0,2,469
49.5,13,0,3,471
49.5,13,0,4,474
49.5,13,0,5,476
49.5,13,0,6,478
49.5,13,0,7,480
49.5,13,0,8,482
49.5,13,0,9,485
49.5,13,0,10,487
49.5,13,0,11,489
49.5,13,0,12,491
49.5,13,0,13,493
49.5,13,0,14,495
49.5,13,0,15,498
49.5,13,1,0,467
49.5,13,1,1,470
49.5,13,1,2,472
49.5,13,1,3,474
49.5,13,1,4,476
49.5,13,1,5,479
49.5,13,1,6,481
49.5,13,1,7,483
49.5,13,1,8,485
49.5,13,1,9,487
49.5,13,1,10,490
49.5,13,1,11,492
49.5,13,1,12,494
49.5,13,1,13,496
49.5,13,1,14,498
49.5,13,1,15,501
49.5,13,2,0,470
49.5,13,2,1,472
49.5,13,2,2,475
49.5,13,2,3,477
49.5,13,2,4,479
49.5,13,2,5,481
49.5,13,2,6,484
49.5,13,2,7,486
49.5,13,2,8,488
49.5,13,2,9,490
49.5,13,2,10,493
49.5,13,2,11,495
49.5,13,2,12,497
49.5,13,2,13,499
49.5,13,2,14,501
49.5,13,2,15,503
49.5,13,3,0,473
49.5,13,3,1,475
49.5,13,3,2,477
49.5,13,3,3,480
49.5,13,3,4,482
49.5,13,3,5,484
49.5,13,3,6,487
49.5,13,3,7,489
49.5,13,3,8,491
49.5,13,3,9,493
49.5,13,3,10,495
49.5,13,3,11,498
49.5,13,3,12,500
49.5,13,3,13,502
49.5,13,3,14,504
49.5,13,3,15,506
49.5,13,4,0,476
49.5,13,4,1,478
49.5,13,4,2,480
49.5,13,4,3,483
49.5,13,4,4,485
49.5,13,4,5,487
49.5,13,4,6,489
49.5,13,4,7,492
49.5,13,4,8,494
49.5,13,4,9,496
49.5,13,4,10,498
49.5,13,4,11,501
49.5,13,4,12,503
49.5,13,4,13,505
49.5,13,4,14,507
49.5,13,4,15,509
49.5,13,5,0,478
49.5,13,5,1,481
49.5,13,5,2,483
49.5,13,5,3,485
49.5,13,5,4,488
49.5,13,5,5,490
49.5,13,5,6,492
49.5,13,5,7,494
49.5,13,5,8,497
49.5,13,5,9,499
49.5,13,5,10,501
49.5,13,5,11,503
49.5,13,5,12,506
49.5,13,5,13,508
49.5,13,5,14,510
49.5,13,5,15,512
49.5,13,6,0,481
49.5,13,6,1,483
49.5,13,6,2,486
49.5,13,6,3,488
49.5,13,6,4,490
49.5,13,6,5,493
49.5,13,6,6,495
49.5,13,6,7,497
49.5,13,6,8,500
49.5,13,6,9,502
49.5,13,6,10,504
49.5,13,6,11,506
49.5,13,6,12,509
49.5,13,6,13,511
49.5,13,6,14,513
49.5,13,6,15,515
49.5,13,7,0,484
49.5,13,7,1,486
49.5,13,7,2,488
49.5,13,7,3,491
49.5,13,7,4,493
49.5,13,7,5,495
49.5,13,7,6,498
49.5,13,7,7,500
49.5,13,7,8,502
49.5,13,7,9,505
49.5,13,7,10,507
49.5,13,7,11,509
49.5,13,7,12,511
49.5,13,7,13,514
49.5,13,7,14,516
49.5,13,7,15,518
49.5,13,8,0,486
49.5,13,8,1,489
49.5,13,8,2,491
49.5,13,8,3,494
49.5,13,8,4,496
49.5,13,8,5,498
49.5,13,8,6,501
49.5,13,8,7,503
49.5,13,8,8,505
49.5,13,8,9,507
49.5,13,8,10,510
49.5,13,8,11,512
49.5,13,8,12,514
49.5,13,8,13,516
49.5,13,8,14,519
49.5,13,8,15,521
49.5,13,9,0,489
49.5,13,9,1,491
49.5,13,9,2,494
49.5,13,9,3,496
49.5,13,9,4,499
49.5,13,9,5,501
49.5,13,9,6,503
49.5,13,9,7,506
49.5,13,9,8,508
49.5,13,9,9,510
49.5,13,9,10,512
49.5,13,9,11,515
49.5,13,9,12,517
49.5,13,9,13,519
49.5,13,9,14,522
49.5,13,9,15,524
49.5,13,10,0,492
49.5,13,10,1,494
49.5,13,10,2,497
49.5,13,10,3,499
49.5,13,10,4,501
49.5,13,10,5,504
49.5,13,10,6,506
49.5,13,10,7,508
49.5,13,10,8,511
49.5,13,10,9,513
49.5,13,10,10,515
49.5,13,10,11,518
49.5,13,10,12,520
49.5,13,10,13,522
49.5,13,10,14,524
49.5,13,10,15,527
49.5,13,11,0,494
49.5,13,11,1,497
49.5,13,11,2,499
49.5,13,11,3,502
49.5,13,11,4,504
49.5,13,11,5,506
49.5,13,11,6,509
49.5,13,11,7,511
49.5,13,11,8,513
49.5,13,11,9,516
49.5,13,11,10,518
49.5,13,11,11,520
49.5,13,11,12,523
49.5,13,11,13,525
49.5,13,11,14,527
49.5,13,11,15,529
49.5,13,12,0,497
49.5,13,12,1,499
49.5,13,12,2,502
49.5,13,12,3,504
49.5,13,12,4,507
49.5,13,12,5,509
49.5,13,12,6,511
49.5,13,12,7,514
49.5,13,12,8,516
49.5,13,12,9,518
49.5,13,12,10,521
49.5,13,12,11,523
49.5,13,12,12,525
49.5,13,12,13,528
49.5,13,12,14,530
49.5,13,12,15,532
49.5,13,13,0,500
49.5,13,13,1,502
49.5,13,13,2,504
49.5,13,13,3,507
49.5,13,13,4,509
49.5,13,13,5,512
49.5,13,13,6,514
49.5,13,13,7,516
49.5,13,13,8,519
49.5,13,13,9,521
49.5,13,13,10,524
49.5,13,13,11,526
49.5,13,13,12,528
49.5,13,13,13,531
49.5,13,13,14,533
49.5,13,13,15,535
49.5,13,14,0,502
49.5,13,14,1,505
49.5,13,14,2,507
49.5,13,14,3,510
49.5,13,14,4,512
49.5,13,14,5,514
49.5,13,14,6,517
49.5,13,14,7,519
49.5,13,14,8,522
49.5,13,14,9,524
49.5,13,14,10,526
49.5,13,14,11,529
49.5,13,14,12,531
49.5,13,14,13,533
49.5,13,14,14,536
49.5,13,14,15,538
49.5,13,15,0,505
49.5,13,15,1,507
49.5,13,15,2,510
49.5,13,15,3,512
49.5,13,15,4,515
49.5,13,15,5,517
49.5,13,15,6,519
49.5,13,15,7,522
49.5,13,15,8,524
49.5,13,15,9,527
49.5,13,15,10,529
49.5,13,15,11,531
49.5,13,15,12,534
49.5,13,15,13,536
49.5,13,15,14,538
49.5,13,15,15,541
49.5,14,0,0,471
49.5,14,0,1,473
49.5,14,0,2,476
49.5,14,0,3,478
49.5,14,0,4,480
49.5,14,0,5,482
49.5,14,0,6,485
49.5,14,0,7,487
49.5,14,0,8,489
49.5,14,0,9,491
49.5,14,0,10,494
49.5,14,0,11,496
49.5,14,0,12,498
49.5,14,0,13,500
49.5,14,0,14,502
49.5,14,0,15,504
49.5,14,1,0,474
49.5,14,1,1,476
49.5,14,1,2,478
49.5,14,1,3,481
49.5,14,1,4,483
49.5,14,1,5,485
49.5,14,1,6,488
49.5,14,1,7,490
49.5,14,1,8,492
49.5,14,1,9,494
49.5,14,1,10,496
49.5,14,1,11,499
49.5,14,1,12,501
49.5,14,1,13,503
49.5,14,1,14,505
49.5,14,1,15,507
49.5,14,2,0,477
49.5,14,2,1,479
49.5,14,2,2,481
49.5,14,2,3,484
49.5,14,2,4,486
49.5,14,2,5,488
49.5,14,2,6,490
49.5,14,2,7,493
49.5,14,2,8,495
49.5,14,2,9,497
49.5,14,2,10,499
49.5,14,2,11,502
49.5,14,2,12,504
49.5,14,2,13,506
49.5,14,2,14,508
49.5,14,2,15,510
49.5,14,3,0,479
49.5,14,3,1,482
49.5,14,3,2,484
49.5,14,3,3,486
49.5,14,3,4,489
49.5,14,3,5,491
49.5,14,3,6,493
49.5,14,3,7,496
49.5,14,3,8,498
49.5,14,3,9,500
49.5,14,3,10,502
49.5,14,3,11,505
49.5,14,3,12,507
49.5,14,3,13,509
49.5,14,3,14,511
49.5,14,3,15,513
49.5,14,4,0,482
49.5,14,4,1,485
49.5,14,4,2,487
49.5,14,4,3,489
49.5,14,4,4,492
49.5,14,4,5,494
49.5,14,4,6,496
49.5,14,4,7,498
49.5,14,4,8,501
49.5,14,4,9,503
49.5,14,4,10,505
49.5,14,4,11,508
49.5,14,4,12,510
49.5,14,4,13,512
49.5,14,4,14,514
49.5,14,4,15,516
49.5,14,5,0,485
49.5,14,5,1,487
49.5,14,5,2,490
49.5,14,5,3,492
49.5,14,5,4,494
49.5,14,5,5,497
49.5,14,5,6,499
49.5,14,5,7,501
49.5,14,5,8,504
49.5,14,5,9,506
49.5,14,5,10,508
49.5,14,5,11,510
49.5,14,5,12,513
49.5,14,5,13,515
49.5,14,5,14,517
49.5,14,5,15,519
49.5,14,6,0,488
49.5,14,6,1,490
49.5,14,6,2,492
49.5,14,6,3,495
49.5,14,6,4,497
49.5,14,6,5,500
49.5,14,6,6,502
49.5,14,6,7,504
49.5,14,6,8,506
49.5,14,6,9,509
49.5,14,6,10,511
49.5,14,6,11,513
49.5,14,6,12,516
49.5,14,6,13,518
49.5,14,6,14,520
49.5,14,6,15,522
49.5,14,7,0,490
49.5,14,7,1,493
49.5,14,7,2,495
49.5,14,7,3,498
49.5,14,7,4,500
49.5,14,7,5,502
49.5,14,7,6,505
49.5,14,7,7,507
49.5,14,7,8,509
49.5,14,7,9,512
49.5,14,7,10,514
49.5,14,7,11,516
49.5,14,7,12,519
49.5,14,7,13,521
49.5,14,7,14,523
49.5,14,7,15,525
49.5,14,8,0,493
49.5,14,8,1,496
49.5,14,8,2,498
49.5,14,8,3,500
49.5,14,8,4,503
49.5,14,8,5,505
49.5,14,8,6,507
49.5,14,8,7,510
49.5,14,8,8,512
49.5,14,8,9,514
49.5,14,8,10,517
49.5,14,8,11,519
49.5,14,8,12,521
49.5,14,8,13,524
49.5,14,8,14,526
49.5,14,8,15,528
49.5,14,9,0,496
49.5,14,9,1,498
49.5,14,9,2,501
49.5,14,9,3,503
49.5,14,9,4,505
49.5,14,9,5,508
49.5,14,9,6,510
49.5,14,9,7,513
49.5,14,9,8,515
49.5,14,9,9,517
49.5,14,9,10,520
49.5,14,9,11,522
49.5,14,9,12,524
49.5,14,9,13,527
49.5,14,9,14,529
49.5,14,9,15,531
49.5,14,10,0,499
49.5,14,10,1,501
49.5,14,10,2,503
49.5,14,10,3,506
49.5,14,10,4,508
49.5,14,10,5,511
49.5,14,10,6,513
49.5,14,10,7,515
49.5,14,10,8,518
49.5,14,10,9,520
49.5,14,10,10,522
49.5,14,10,11,525
49.5,14,10,12,527
49.5,14,10,13,529
49.5,14,10,14,532
49.5,14,10,15,534
49.5,14,11,0,501
49.5,14,11,1,504
49.5,14,11,2,506
49.5,14,11,3,509
49.5,14,11,4,511
49.5,14,11,5,513
49.5,14,11,6,516
49.5,14,11,7,518
49.5,14,11,8,521
49.5,14,11,9,523
49.5,14,11,10,525
49.5,14,11,11,528
49.5,14,11,12,530
49.5,14,11,13,532
49.5,14,11,14,535
49.5,14,11,15,537
49.5,14,12,0,504
49.5,14,12,1,506
49.5,14,12,2,509
49.5,14,12,3,511
49.5,14,12,4,514
49.5,14,12,5,516
49.5,14,12,6,519
49.5,14,12,7,521
49.5,14,12,8,523
49.5,14,12,9,526
49.5,14,12,10,528
49.5,14,12,11,530
49.5,14,12,12,533
49.5,14,12,13,535
49.5,14,12,14,537
49.5,14,12,15,540
49.5,14,13,0,507
49.5,14,13,1,509
49.5,14,13,2,511
49.5,14,13,3,514
49.5,14,13,4,516
49.5,14,13,5,519
49.5,14,13,6,521
49.5,14,13,7,524
49.5,14,13,8,526
49.5,14,13,9,528
49.5,14,13,10,531
49.5,14,13,11,533
49.5,14,13,12,536
49.5,14,13,13,538
49.5,14,13,14,540
49.5,14,13,15,543
49.5,14,14,0,509
49.5,14,14,1,512
49.5,14,14,2,514
49.5,14,14,3,517
49.5,14,14,4,519
49.5,14,14,5,522
49.5,14,14,6,524
49.5,14,14,7,526
49.5,14,14,8,529
49.5,14,14,9,531
49.5,14,14,10,534
49.5,14,14,11,536
49.5,14,14,12,538
49.5,14,14,13,541
49.5,14,14,14,543
49.5,14,14,15,545
49.5,14,15,0,512
49.5,14,15,1,514
49.5,14,15,2,517
49.5,14,15,3,519
49.5,14,15,4,522
49.5,14,15,5,524
49.5,14,15,6,527
49.5,14,15,7,529
49.5,14,15,8,532
49.5,14,15,9,534
49.5,14,15,10,536
49.5,14,15,11,539
49.5,14,15,12,541
49.5,14,15,13,543
49.5,14,15,14,546
49.5,14,15,15,548
49.5,15,0,0,477
49.5,15,0,1,480
49.5,15,0,2,482
49.5,15,0,3,484
49.5,15,0,4,487
49.5,15,0,5,489
49.5,15,0,6,491
49.5,15,0,7,494
49.5,15,0,8,496
49.5,15,0,9,498
49.5,15,0,10,500
49.5,15,0,11,503
49.5,15,0,12,505
49.5,15,0,13,507
49.5,15,0,14,509
49.5,15,0,15,511
49.5,15,1,0,480
49.5,15,1,1,483
49.5,15,1,2,485
49.5,15,1,3,487
49.5,15,1,4,490
49.5,15,1,5,492
49.5,15,1,6,494
49.5,15,1,7,497
49.5,15,1,8,499
49.5,15,1,9,501
49.5,15,1,10,503
49.5,15,1,11,506
49.5,15,1,12,508
49.5,15,1,13,510
49.5,15,1,14,512
49.5,15,1,15,514
49.5,15,2,0,483
49.5,15,2,1,486
49.5,15,2,2,488
49.5,15,2,3,490
49.5,15,2,4,493
49.5,15,2,5,495
49.5,15,2,6,497
49.5,15,2,7,499
49.5,15,2,8,502
49.5,15,2,9,504
49.5,15,2,10,506
49.5,15,2,11,509
49.5,15,2,12,511
49.5,15,2,13,513
49.5,15,2,14,515
49.5,15,2,15,517
49.5,15,3,0,486
49.5,15,3,1,488
49.5,15,3,2,491
49.5,15,3,3,493
49.5,15,3,4,495
49.5,15,3,5,498
49.5,15,3,6,500
49.5,15,3,7,502
49.5,15,3,8,505
49.5,15,3,9,507
49.5,15,3,10,509
49.5,15,3,11,512
49.5,15,3,12,514
49.5,15,3,13,516
49.5,15,3,14,518
49.5,15,3,15,521
49.5,15,4,0,489
49.5,15,4,1,491
49.5,15,4,2,494
49.5,15,4,3,496
49.5,15,4,4,498
49.5,15,4,5,501
49.5,15,4,6,503
49.5,15,4,7,505
49.5,15,4,8,508
49.5,15,4,9,510
49.5,15,4,10,512
49.5,15,4,11,515
49.5,15,4,12,517
49.5,15,4,13,519
49.5,15,4,14,521
49.5,15,4,15,524
49.5,15,5,0,492
49.5,15,5,1,494
49.5,15,5,2,496
49.5,15,5,3,499
49.5,15,5,4,501
49.5,15,5,5,504
49.5,15,5,6,506
49.5,15,5,7,508
49.5,15,5,8,511
49.5,15,5,9,513
49.5,15,5,10,515
49.5,15,5,11,517
49.5,15,5,12,520
49.5,15,5,13,522
49.5,15,5,14,524
49.5,15,5,15,527
49.5,15,6,0,494
49.5,15,6,1,497
49.5,15,6,2,499
49.5,15,6,3,502
49.5,15,6,4,504
49.5,15,6,5,506
49.5,15,6,6,509
49.5,15,6,7,511
49.5,15,6,8,513
49.5,15,6,9,516
49.5,15,6,10,518
49.5,15,6,11,520
49.5,15,6,12,523
49.5,15,6,13,525
49.5,15,6,14,527
49.5,15,6,15,530
49.5,15,7,0,497
49.5,15,7,1,500
49.5,15,7,2,502
49.5,15,7,3,504
49.5,15,7,4,507
49.5,15,7,5,509
49.5,15,7,6,512
49.5,15,7,7,514
49.5,15,7,8,516
49.5,15,7,9,519
49.5,15,7,10,521
49.5,15,7,11,523
49.5,15,7,12,526
49.5,15,7,13,528
49.5,15,7,14,530
49.5,15,7,15,532
49.5,15,8,0,500
49.5,15,8,1,502
49.5,15,8,2,505
49.5,15,8,3,507
49.5,15,8,4,510
49.5,15,8,5,512
49.5,15,8,6,514
49.5,15,8,7,517
49.5,15,8,8,519
49.5,15,8,9,522
49.5,15,8,10,524
49.5,15,8,11,526
49.5,15,8,12,529
49.5,15,8,13,531
49.5,15,8,14,533
49.5,15,8,15,535
49.5,15,9,0,503
49.5,15,9,1,505
49.5,15,9,2,508
49.5,15,9,3,510
49.5,15,9,4,512
49.5,15,9,5,515
49.5,15,9,6,517
49.5,15,9,7,520
49.5,15,9,8,522
49.5,15,9,9,524
49.5,15,9,10,527
49.5,15,9,11,529
49.5,15,9,12,531
49.5,15,9,13,534
49.5,15,9,14,536
49.5,15,9,15,538
49.5,15,10,0,505
49.5,15,10,1,508
49.5,15,10,2,510
49.5,15,10,3,513
49.5,15,10,4,515
49.5,15,10,5,518
49.5,15,10,6,520
49.5,15,10,7,522
49.5,15,10,8,525
49.5,15,10,9,527
49.5,15,10,10,530
49.5,15,10,11,532
49.5,15,10,12,534
49.5,15,10,13,537
49.5,15,10,14,539
49.5,15,10,15,541
49.5,15,11,0,508
49.5,15,11,1,511
49.5,15,11,2,513
49.5,15,11,3,516
49.5,15,11,4,518
49.5,15,11,5,520
49.5,15,11,6,523
49.5,15,11,7,525
49.5,15,11,8,528
49.5,15,11,9,530
49.5,15,11,10,532
49.5,15,11,11,535
49.5,15,11,12,537
49.5,15,11,13,540
49.5,15,11,14,542
49.5,15,11,15,544
49.5,15,12,0,511
49.5,15,12,1,513
49.5,15,12,2,516
49.5,15,12,3,518
49.5,15,12,4,521
49.5,15,12,5,523
49.5,15,12,6,526
49.5,15,12,7,528
49.5,15,12,8,530
49.5,15,12,9,533
49.5,15,12,10,535
49.5,15,12,11,538
49.5,15,12,12,540
49.5,15,12,13,542
49.5,15,12,14,545
49.5,15,12,15,547
49.5,15,13,0,513
49.5,15,13,1,516
49.5,15,13,2,518
49.5,15,13,3,521
49.5,15,13,4,523
49.5,15,13,5,526
49.5,15,13,6,528
49.5,15,13,7,531
49.5,15,13,8,533
49.5,15,13,9,536
49.5,15,13,10,538
49.5,15,13,11,540
49.5,15,13,12,543
49.5,15,13,13,545
49.5,15,13,14,548
49.5,15,13,15,550
49.5,15,14,0,516
49.5,15,14,1,519
49.5,15,14,2,521
49.5,15,14,3,524
49.5,15,14,4,526
49.5,15,14,5,529
49.5,15,14,6,531
49.5,15,14,7,534
49.5,15,14,8,536
49.5,15,14,9,538
49.5,15,14,10,541
49.5,15,14,11,543
49.5,15,14,12,546
49.5,15,14,13,548
49.5,15,14,14,550
49.5,15,14,15,553
49.5,15,15,0,519
49.5,15,15,1,521
49.5,15,15,2,524
49.5,15,15,3,526
49.5,15,15,4,529
49.5,15,15,5,531
49.5,15,15,6,534
49.5,15,15,7,536
49.5,15,15,8,539
49.5,15,15,9,541
49.5,15,15,10,544
49.5,15,15,11,546
49.5,15,15,12,549
49.5,15,15,13,551
49.5,15,15,14,553
49.5,15,15,15,556
50.0,0,0,0,383
50.0,0,0,1,385
50.0,0,0,2,387
50.0,0,0,3,388
50.0,0,0,4,390
50.0,0,0,5,392
50.0,0,0,6,394
50.0,0,0,7,396
50.0,0,0,8,398
50.0,0,0,9,399
50.0,0,0,10,401
50.0,0,0,11,403
50.0,0,0,12,405
50.0,0,0,13,407
50.0,0,0,14,408
50.0,0,0,15,410
50.0,0,1,0,385
50.0,0,1,1,387
50.0,0,1,2,389
50.0,0,1,3,391
50.0,0,1,4,393
50.0,0,1,5,394
50.0,0,1,6,396
50.0,0,1,7,398
50.0,0,1,8,400
50.0,0,1,9,402
50.0,0,1,10,404
50.0,0,1,11,405
50.0,0,1,12,407
50.0,0,1,13,409
50.0,0,1,14,411
50.0,0,1,15,413
50.0,0,2,0,387
50.0,0,2,1,389
50.0,0,2,2,391
50.0,0,2,3,393
50.0,0,2,4,395
50.0,0,2,5,397
50.0,0,2,6,399
50.0,0,2,7,400
50.0,0,2,8,402
50.0,0,2,9,404
50.0,0,2,10,406
50.0,0,2,11,408
50.0,0,2,12,410
50.0,0,2,13,411
50.0,0,2,14,413
50.0,0,2,15,415
50.0,0,3,0,390
50.0,0,3,1,392
50.0,0,3,2,393
50.0,0,3,3,395
50.0,0,3,4,397
50.0,0,3,5,399
50.0,0,3,6,401
50.0,0,3,7,403
50.0,0,3,8,405
50.0,0,3,9,407
50.0,0,3,10,408
50.0,0,3,11,410
50.0,0,3,12,412
50.0,0,3,13,414
50.0,0,3,14,416
50.0,0,3,15,417
50.0,0,4,0,392
50.0,0,4,1,394
50.0,0,4,2,396
50.0,0,4,3,398
50.0,0,4,4,400
50.0,0,4,5,401
50.0,0,4,6,403
50.0,0,4,7,405
50.0,0,4,8,407
50.0,0,4,9,409
50.0,0,4,10,411
50.0,0,4,11,413
50.0,0,4,12,414
50.0,0,4,13,416
50.0,0,4,14,418
50.0,0,4,15,420
50.0,0,5,0,394
50.0,0,5,1,396
50.0,0,5,2,398
50.0,0,5,3,400
50.0,0,5,4,402
50.0,0,5,5,404
50.0,0,5,6,406
50.0,0,5,7,408
50.0,0,5,8,409
50.0,0,5,9,411
50.0,0,5,10,413
50.0,0,5,11,415
50.0,0,5,12,417
50.0,0,5,13,419
50.0,0,5,14,420
50.0,0,5,15,422
50.0,0,6,0,396
50.0,0,6,1,398
50.0,0,6,2,400
50.0,0,6,3,402
50.0,0,6,4,404
50.0,0,6,5,406
50.0,0,6,6,408
50.0,0,6,7,410
50.0,0,6,8,412
50.0,0,6,9,414
50.0,0,6,10,415
50.0,0,6,11,417
50.0,0,6,12,419
50.0,0,6,13,421
50.0,0,6,14,423
50.0,0,6,15,425
50.0,0,7,0,399
50.0,0,7,1,401
50.0,0,7,2,403
50.0,0,7,3,404
50.0,0,7,4,406
50.0,0,7,5,408
50.0,0,7,6,410
50.0,0,7,7,412
50.0,0,7,8,414
50.0,0,7,9,416
50.0,0,7,10,418
50.0,0,7,11,420
50.0,0,7,12,421
50.0,0,7,13,423
50.0,0,7,14,425
50.0,0,7,15,427
50.0,0,8,0,401
50.0,0,8,1,403
50.0,0,8,2,405
50.0,0,8,3,407
50.0,0,8,4,409
50.0,0,8,5,411
50.0,0,8,6,413
50.0,0,8,7,414
50.0,0,8,8,416
50.0,0,8,9,418
50.0,0,8,10,420
50.0,0,8,11,422
50.0,0,8,12,424
50.0,0,8,13,426
50.0,0,8,14,428
50.0,0,8,15,429
50.0,0,9,0,403
50.0,0,9,1,405
50.0,0,9,2,407
50.0,0,9,3,409
50.0,0,9,4,411
50.0,0,9,5,413
50.0,0,9,6,415
50.0,0,9,7,417
50.0,0,9,8,419
50.0,0,9,9,420
50.0,0,9,10,422
50.0,0,9,11,424
50.0,0,9,12,426
50.0,0,9,13,428
50.0,0,9,14,430
50.0,0,9,15,432
50.0,0,10,0,405
50.0,0,10,1,407
50.0,0,10,2,409
50.0,0,10,3,411
50.0,0,10,4,413
50.0,0,10,5,415
50.0,0,10,6,417
50.0,0,10,7,419
50.0,0,10,8,421
50.0,0,10,9,423
50.0,0,10,10,425
50.0,0,10,11,427
50.0,0,10,12,428
50.0,0,10,13,430
50.0,0,10,14,432
50.0,0,10,15,434
50.0,0,11,0,407
50.0,0,11,1,409
50.0,0,11,2,411
50.0,0,11,3,413
50.0,0,11,4,415
50.0,0,11,5,417
50.0,0,11,6,419
50.0,0,11,7,421
50.0,0,11,8,423
50.0,0,11,9,425
50.0,0,11,10,427
50.0,0,11,11,429
50.0,0,11,12,431
50.0,0,11,13,433
50.0,0,11,14,435
50.0,0,11,15,436
50.0,0,12,0,410
50.0,0,12,1,412
50.0,0,12,2,414
50.0,0,12,3,416
50.0,0,12,4,418
50.0,0,12,5,420
50.0,0,12,6,421
50.0,0,12,7,423
50.0,0,12,8,425
50.0,0,12,9,427
50.0,0,12,10,429
50.0,0,12,11,431
50.0,0,12,12,433
50.0,0,12,13,435
50.0,0,12,14,437
50.0,0,12,15,439
50.0,0,13,0,412
50.0,0,13,1,414
50.0,0,13,2,416
50.0,0,13,3,418
50.0,0,13,4,420
50.0,0,13,5,422
50.0,0,13,6,424
50.0,0,13,7,426
50.0,0,13,8,428
50.0,0,13,9,430
50.0,0,13,10,431
50.0,0,13,11,433
50.0,0,13,12,435
50.0,0,13,13,437
50.0,0,13,14,439
50.0,0,13,15,441
50.0,0,14,0,414
50.0,0,14,1,416
50.0,0,14,2,418
50.0,0,14,3,420
50.0,0,14,4,422
50.0,0,14,5,424
50.0,0,14,6,426
50.0,0,14,7,428
50.0,0,14,8,430
50.0,0,14,9,432
50.0,0,14,10,434
50.0,0,14,11,436
50.0,0,14,12,438
50.0,0,14,13,440
50.0,0,14,14,441
50.0,0,14,15,443
50.0,0,15,0,416
50.0,0,15,1,418
50.0,0,15,2,420
50.0,0,15,3,422
50.0,0,15,4,424
50.0,0,15,5,426
50.0,0,15,6,428
50.0,0,15,7,430
50.0,0,15,8,432
50.0,0,15,9,434
50.0,0,15,10,436
50.0,0,15,11,438
50.0,0,15,12,440
50.0,0,15,13,442
50.0,0,15,14,444
50.0,0,15,15,446
50.0,1,0,0,389
50.0,1,0,1,391
50.0,1,0,2,393
50.0,1,0,3,395
50.0,1,0,4,397
50.0,1,0,5,399
50.0,1,0,6,401
50.0,1,0,7,402
50.0,1,0,8,404
50.0,1,0,9,406
50.0,1,0,10,408
50.0,1,0,11,410
50.0,1,0,12,412
50.0,1,0,13,413
50.0,1,0,14,415
50.0,1,0,15,417
50.0,1,1,0,392
50.0,1,1,1,394
50.0,1,1,2,395
50.0,1,1,3,397
50.0,1,1,4,399
50.0,1,1,5,401
50.0,1,1,6,403
50.0,1,1,7,405
50.0,1,1,8,407
50.0,1,1,9,409
50.0,1,1,10,410
50.0,1,1,11,412
50.0,1,1,12,414
50.0,1,1,13,416
50.0,1,1,14,418
50.0,1,1,15,420
50.0,1,2,0,394
50.0,1,2,1,396
50.0,1,2,2,398
50.0,1,2,3,400
50.0,1,2,4,402
50.0,1,2,5,404
50.0,1,2,6,405
50.0,1,2,7,407
50.0,1,2,8,409
50.0,1,2,9,411
50.0,1,2,10,413
50.0,1,2,11,415
50.0,1,2,12,417
50.0,1,2,13,418
50.0,1,2,14,420
50.0,1,2,15,422
50.0,1,3,0,396
50.0,1,3,1,398
50.0,1,3,2,400
50.0,1,3,3,402
50.0,1,3,4,404
50.0,1,3,5,406
50.0,1,3,6,408
50.0,1,3,7,410
50.0,1,3,8,412
50.0,1,3,9,413
50.0,1,3,10,415
50.0,1,3,11,417
50.0,1,3,12,419
50.0,1,3,13,421
50.0,1,3,14,423
50.0,1,3,15,424
50.0,1,4,0,399
50.0,1,4,1,401
50.0,1,4,2,402
50.0,1,4,3,404
50.0,1,4,4,406
50.0,1,4,5,408
50.0,1,4,6,410
50.0,1,4,7,412
50.0,1,4,8,414
50.0,1,4,9,416
50.0,1,4,10,418
50.0,1,4,11,420
50.0,1,4,12,421
50.0,1,4,13,423
50.0,1,4,14,425
50.0,1,4,15,427
50.0,1,5,0,401
50.0,1,5,1,403
50.0,1,5,2,405
50.0,1,5,3,407
50.0,1,5,4,409
50.0,1,5,5,411
50.0,1,5,6,413
50.0,1,5,7,414
50.0,1,5,8,416
50.0,1,5,9,418
50.0,1,5,10,420
50.0,1,5,11,422
50.0,1,5,12,424
50.0,1,5,13,426
50.0,1,5,14,428
50.0,1,5,15,429
50.0,1,6,0,403
50.0,1,6,1,405
50.0,1,6,2,407
50.0,1,6,3,409
50.0,1,6,4,411
50.0,1,6,5,413
50.0,1,6,6,415
50.0,1,6,7,417
50.0,1,6,8,419
50.0,1,6,9,421
50.0,1,6,10,422
50.0,1,6,11,424
50.0,1,6,12,426
50.0,1,6,13,428
50.0,1,6,14,430
50.0,1,6,15,432
50.0,1,7,0,405
50.0,1,7,1,407
50.0,1,7,2,409
50.0,1,7,3,411
50.0,1,7,4,413
50.0,1,7,5,415
50.0,1,7,6,417
50.0,1,7,7,419
50.0,1,7,8,421
50.0,1,7,9,423
50.0,1,7,10,425
50.0,1,7,11,427
50.0,1,7,12,429
50.0,1,7,13,431
50.0,1,7,14,432
50.0,1,7,15,434
50.0,1,8,0,408
50.0,1,8,1,410
50.0,1,8,2,412
50.0,1,8,3,414
50.0,1,8,4,416
50.0,1,8,5,418
50.0,1,8,6,420
50.0,1,8,7,421
50.0,1,8,8,423
50.0,1,8,9,425
50.0,1,8,10,427
50.0,1,8,11,429
50.0,1,8,12,431
50.0,1,8,13,433
50.0,1,8,14,435
50.0,1,8,15,437
50.0,1,9,0,410
50.0,1,9,1,412
50.0,1,9,2,414
50.0,1,9,3,416
50.0,1,9,4,418
50.0,1,9,5,420
50.0,1,9,6,422
50.0,1,9,7,424
50.0,1,9,8,426
50.0,1,9,9,428
50.0,1,9,10,430
50.0,1,9,11,431
50.0,1,9,12,433
50.0,1,9,13,435
50.0,1,9,14,437
50.0,1,9,15,439
50.0,1,10,0,412
50.0,1,10,1,414
50.0,1,10,2,416
50.0,1,10,3,418
50.0,1,10,4,420
50.0,1,10,5,422
50.0,1,10,6,424
50.0,1,10,7,426
50.0,1,10,8,428
50.0,1,10,9,430
50.0,1,10,10,432
50.0,1,10,11,434
50.0,1,10,12,436
50.0,1,10,13,438
50.0,1,10,14,440
50.0,1,10,15,441
50.0,1,11,0,414
50.0,1,11,1,416
50.0,1,11,2,418
50.0,1,11,3,420
50.0,1,11,4,422
50.0,1,11,5,424
50.0,1,11,6,426
50.0,1,11,7,428
50.0,1,11,8,430
50.0,1,11,9,432
50.0,1,11,10,434
50.0,1,11,11,436
50.0,1,11,12,438
50.0,1,11,13,440
50.0,1,11,14,442
50.0,1,11,15,444
50.0,1,12,0,417
50.0,1,12,1,419
50.0,1,12,2,421
50.0,1,12,3,423
50.0,1,12,4,425
50.0,1,12,5,427
50.0,1,12,6,429
50.0,1,12,7,431
50.0,1,12,8,433
50.0,1,12,9,435
50.0,1,12,10,437
50.0,1,12,11,438
50.0,1,12,12,440
50.0,1,12,13,442
50.0,1,12,14,444
50.0,1,12,15,446
50.0,1,13,0,419
50.0,1,13,1,421
50.0,1,13,2,423
50.0,1,13,3,425
50.0,1,13,4,427
50.0,1,13,5,429
50.0,1,13,6,431
50.0,1,13,7,433
50.0,1,13,8,435
50.0,1,13,9,437
50.0,1,13,10,439
50.0,1,13,11,441
50.0,1,13,12,443
50.0,1,13,13,445
50.0,1,13,14,447
50.0,1,13,15,449
50.0,1,14,0,421
50.0,1,14,1,423
50.0,1,14,2,425
50.0,1,14,3,427
50.0,1,14,4,429
50.0,1,14,5,431
50.0,1,14,6,433
50.0,1,14,7,435
50.0,1,14,8,437
50.0,1,14,9,439
50.0,1,14,10,441
50.0,1,14,11,443
50.0,1,14,12,445
50.0,1,14,13,447
50.0,1,14,14,449
50.0,1,14,15,451
50.0,1,15,0,423
50.0,1,15,1,425
50.0,1,15,2,427
50.0,1,15,3,429
50.0,1,15,4,431
50.0,1,15,5,433
50.0,1,15,6,435
50.0,1,15,7,437
50.0,1,15,8,439
50.0,1,15,9,441
50.0,1,15,10,443
50.0,1,15,11,445
50.0,1,15,12,447
50.0,1,15,13,449
50.0,1,15,14,451
50.0,1,15,15,453
50.0,2,0,0,396
50.0,2,0,1,398
50.0,2,0,2,400
50.0,2,0,3,402
50.0,2,0,4,404
50.0,2,0,5,405
50.0,2,0,6,407
50.0,2,0,7,409
50.0,2,0,8,411
50.0,2,0,9,413
50.0,2,0,10,415
50.0,2,0,11,417
50.0,2,0,12,418
50.0,2,0,13,420
50.0,2,0,14,422
50.0,2,0,15,424
50.0,2,1,0,398
50.0,2,1,1,400
50.0,2,1,2,402
50.0,2,1,3,404
50.0,2,1,4,406
50.0,2,1,5,408
50.0,2,1,6,410
50.0,2,1,7,412
50.0,2,1,8,414
50.0,2,1,9,415
50.0,2,1,10,417
50.0,2,1,11,419
50.0,2,1,12,421
50.0,2,1,13,423
50.0,2,1,14,425
50.0,2,1,15,427
50.0,2,2,0,401
50.0,2,2,1,403
50.0,2,2,2,404
50.0,2,2,3,406
50.0,2,2,4,408
50.0,2,2,5,410
50.0,2,2,6,412
50.0,2,2,7,414
50.0,2,2,8,416
50.0,2,2,9,418
50.0,2,2,10,420
50.0,2,2,11,422
50.0,2,2,12,423
50.0,2,2,13,425
50.0,2,2,14,427
50.0,2,2,15,429
50.0,2,3,0,403
50.0,2,3,1,405
50.0,2,3,2,407
50.0,2,3,3,409
50.0,2,3,4,411
50.0,2,3,5,413
50.0,2,3,6,415
50.0,2,3,7,417
50.0,2,3,8,418
50.0,2,3,9,420
50.0,2,3,10,422
50.0,2,3,11,424
50.0,2,3,12,426
50.0,2,3,13,428
50.0,2,3,14,430
50.0,2,3,15,432
50.0,2,4,0,405
50.0,2,4,1,407
50.0,2,4,2,409
50.0,2,4,3,411
50.0,2,4,4,413
50.0,2,4,5,415
50.0,2,4,6,417
50.0,2,4,7,419
50.0,2,4,8,421
50.0,2,4,9,423
50.0,2,4,10,425
50.0,2,4,11,427
50.0,2,4,12,428
50.0,2,4,13,430
50.0,2,4,14,432
50.0,2,4,15,434
50.0,2,5,0,408
50.0,2,5,1,410
50.0,2,5,2,412
50.0,2,5,3,414
50.0,2,5,4,415
50.0,2,5,5,417
50.0,2,5,6,419
50.0,2,5,7,421
50.0,2,5,8,423
50.0,2,5,9,425
50.0,2,5,10,427
50.0,2,5,11,429
50.0,2,5,12,431
50.0,2,5,13,433
50.0,2,5,14,435
50.0,2,5,15,437
50.0,2,6,0,410
50.0,2,6,1,412
50.0,2,6,2,414
50.0,2,6,3,416
50.0,2,6,4,418
50.0,2,6,5,420
50.0,2,6,6,422
50.0,2,6,7,424
50.0,2,6,8,426
50.0,2,6,9,428
50.0,2,6,10,430
50.0,2,6,11,431
50.0,2,6,12,433
50.0,2,6,13,435
50.0,2,6,14,437
50.0,2,6,15,439
50.0,2,7,0,412
50.0,2,7,1,414
50.0,2,7,2,416
50.0,2,7,3,418
50.0,2,7,4,420
50.0,2,7,5,422
50.0,2,7,6,424
50.0,2,7,7,426
50.0,2,7,8,428
50.0,2,7,9,430
50.0,2,7,10,432
50.0,2,7,11,434
50.0,2,7,12,436
50.0,2,7,13,438
50.0,2,7,14,440
50.0,2,7,15,441
50.0,2,8,0,414
50.0,2,8,1,417
50.0,2,8,2,419
50.0,2,8,3,421
50.0,2,8,4,423
50.0,2,8,5,425
50.0,2,8,6,427
50.0,2,8,7,428
50.0,2,8,8,430
50.0,2,8,9,432
50.0,2,8,10,434
50.0,2,8,11,436
50.0,2,8,12,438
50.0,2,8,13,440
50.0,2,8,14,442
50.0,2,8,15,444
50.0,2,9,0,417
50.0,2,9,1,419
50.0,2,9,2,421
50.0,2,9,3,423
50.0,2,9,4,425
50.0,2,9,5,427
50.0,2,9,6,429
50.0,2,9,7,431
50.0,2,9,8,433
50.0,2,9,9,435
50.0,2,9,10,437
50.0,2,9,11,439
50.0,2,9,12,441
50.0,2,9,13,443
50.0,2,9,14,444
50.0,2,9,15,446
50.0,2,10,0,419
50.0,2,10,1,421
50.0,2,10,2,423
50.0,2,10,3,425
50.0,2,10,4,427
50.0,2,10,5,429
50.0,2,10,6,431
50.0,2,10,7,433
50.0,2,10,8,435
50.0,2,10,9,437
50.0,2,10,10,439
50.0,2,10,11,441
50.0,2,10,12,443
50.0,2,10,13,445
50.0,2,10,14,447
50.0,2,10,15,449
50.0,2,11,0,421
50.0,2,11,1,423
50.0,2,11,2,425
50.0,2,11,3,427
50.0,2,11,4,429
50.0,2,11,5,431
50.0,2,11,6,433
50.0,2,11,7,435
50.0,2,11,8,437
50.0,2,11,9,439
50.0,2,11,10,441
50.0,2,11,11,443
50.0,2,11,12,445
50.0,2,11,13,447
50.0,2,11,14,449
50.0,2,11,15,451
50.0,2,12,0,423
50.0,2,12,1,426
50.0,2,12,2,428
50.0,2,12,3,430
50.0,2,12,4,432
50.0,2,12,5,434
50.0,2,12,6,436
50.0,2,12,7,438
50.0,2,12,8,440
50.0,2,12,9,442
50.0,2,12,10,444
50.0,2,12,11,446
50.0,2,12,12,448
50.0,2,12,13,450
50.0,2,12,14,452
50.0,2,12,15,454
50.0,2,13,0,426
50.0,2,13,1,428
50.0,2,13,2,430
50.0,2,13,3,432
50.0,2,13,4,434
50.0,2,13,5,436
50.0,2,13,6,438
50.0,2,13,7,440
50.0,2,13,8,442
50.0,2,13,9,444
50.0,2,13,10,446
50.0,2,13,11,448
50.0,2,13,12,450
50.0,2,13,13,452
50.0,2,13,14,454
50.0,2,13,15,456
50.0,2,14,0,428
50.0,2,14,1,430
50.0,2,14,2,432
50.0,2,14,3,434
50.0,2,14,4,436
50.0,2,14,5,438
50.0,2,14,6,440
50.0,2,14,7,442
50.0,2,14,8,444
50.0,2,14,9,446
50.0,2,14,10,448
50.0,2,14,11,450
50.0,2,14,12,452
50.0,2,14,13,454
50.0,2,14,14,456
50.0,2,14,15,458
50.0,2,15,0,430
50.0,2,15,1,432
50.0,2,15,2,434
50.0,2,15,3,436
50.0,2,15,4,439
50.0,2,15,5,441
50.0,2,15,6,443
50.0,2,15,7,445
50.0,2,15,8,447
50.0,2,15,9,449
50.0,2,15,10,451
50.0,2,15,11,453
50.0,2,15,12,455
50.0,2,15,13,457
50.0,2,15,14,459
50.0,2,15,15,461
50.0,3,0,0,402
50.0,3,0,1,404
50.0,3,0,2,406
50.0,3,0,3,408
50.0,3,0,4,410
50.0,3,0,5,412
50.0,3,0,6,414
50.0,3,0,7,416
50.0,3,0,8,418
50.0,3,0,9,420
50.0,3,0,10,422
50.0,3,0,11,423
50.0,3,0,12,425
50.0,3,0,13,427
50.0,3,0,14,429
50.0,3,0,15,431
50.0,3,1,0,405
50.0,3,1,1,407
50.0,3,1,2,409
50.0,3,1,3,411
50.0,3,1,4,413
50.0,3,1,5,415
50.0,3,1,6,416
50.0,3,1,7,418
50.0,3,1,8,420
50.0,3,1,9,422
50.0,3,1,10,424
50.0,3,1,11,426
50.0,3,1,12,428
50.0,3,1,13,430
50.0,3,1,14,432
50.0,3,1,15,434
50.0,3,2,0,407
50.0,3,2,1,409
50.0,3,2,2,411
50.0,3,2,3,413
50.0,3,2,4,415
50.0,3,2,5,417
50.0,3,2,6,419
50.0,3,2,7,421
50.0,3,2,8,423
50.0,3,2,9,425
50.0,3,2,10,427
50.0,3,2,11,429
50.0,3,2,12,430
50.0,3,2,13,432
50.0,3,2,14,434
50.0,3,2,15,436
50.0,3,3,0,410
50.0,3,3,1,412
50.0,3,3,2,414
50.0,3,3,3,416
50.0,3,3,4,417
50.0,3,3,5,419
50.0,3,3,6,421
50.0,3,3,7,423
50.0,3,3,8,425
50.0,3,3,9,427
50.0,3,3,10,429
50.0,3,3,11,431
50.0,3,3,12,433
50.0,3,3,13,435
50.0,3,3,14,437
50.0,3,3,15,439
50.0,3,4,0,412
50.0,3,4,1,414
50.0,3,4,2,416
50.0,3,4,3,418
50.0,3,4,4,420
50.0,3,4,5,422
50.0,3,4,6,424
50.0,3,4,7,426
50.0,3,4,8,428
50.0,3,4,9,430
50.0,3,4,10,432
50.0,3,4,11,434
50.0,3,4,12,435
50.0,3,4,13,437
50.0,3,4,14,439
50.0,3,4,15,441
50.0,3,5,0,414
50.0,3,5,1,416
50.0,3,5,2,418
50.0,3,5,3,420
50.0,3,5,4,422
50.0,3,5,5,424
50.0,3,5,6,426
50.0,3,5,7,428
50.0,3,5,8,430
50.0,3,5,9,432
50.0,3,5,10,434
50.0,3,5,11,436
50.0,3,5,12,438
50.0,3,5,13,440
50.0,3,5,14,442
50.0,3,5,15,444
50.0,3,6,0,417
50.0,3,6,1,419
50.0,3,6,2,421
50.0,3,6,3,423
50.0,3,6,4,425
50.0,3,6,5,427
50.0,3,6,6,429
50.0,3,6,7,431
50.0,3,6,8,433
50.0,3,6,9,435
50.0,3,6,10,437
50.0,3,6,11,439
50.0,3,6,12,440
50.0,3,6,13,442
50.0,3,6,14,444
50.0,3,6,15,446
50.0,3,7,0,419
50.0,3,7,1,421
50.0,3,7,2,423
50.0,3,7,3,425
50.0,3,7,4,427
50.0,3,7,5,429
50.0,3,7,6,431
50.0,3,7,7,433
50.0,3,7,8,435
50.0,3,7,9,437
50.0,3,7,10,439
50.0,3,7,11,441
50.0,3,7,12,443
50.0,3,7,13,445
50.0,3,7,14,447
50.0,3,7,15,449
50.0,3,8,0,421
50.0,3,8,1,423
50.0,3,8,2,425
50.0,3,8,3,427
50.0,3,8,4,429
50.0,3,8,5,431
50.0,3,8,6,434
50.0,3,8,7,436
50.0,3,8,8,438
50.0,3,8,9,439
50.0,3,8,10,441
50.0,3,8,11,443
50.0,3,8,12,445
50.0,3,8,13,447
50.0,3,8,14,449
50.0,3,8,15,451
50.0,3,9,0,424
50.0,3,9,1,426
50.0,3,9,2,428
50.0,3,9,3,430
50.0,3,9,4,432
50.0,3,9,5,434
50.0,3,9,6,436
50.0,3,9,7,438
50.0,3,9,8,440
50.0,3,9,9,442
50.0,3,9,10,444
50.0,3,9,11,446
50.0,3,9,12,448
50.0,3,9,13,450
50.0,3,9,14,452
50.0,3,9,15,454
50.0,3,10,0,426
50.0,3,10,1,428
50.0,3,10,2,430
50.0,3,10,3,432
50.0,3,10,4,434
50.0,3,10,5,436
50.0,3,10,6,438
50.0,3,10,7,440
50.0,3,10,8,442
50.0,3,10,9,444
50.0,3,10,10,446
50.0,3,10,11,448
50.0,3,10,12,450
50.0,3,10,13,452
50.0,3,10,14,454
50.0,3,10,15,456
50.0,3,11,0,428
50.0,3,11,1,430
50.0,3,11,2,432
50.0,3,11,3,434
50.0,3,11,4,436
50.0,3,11,5,439
50.0,3,11,6,441
50.0,3,11,7,443
50.0,3,11,8,445
50.0,3,11,9,447
50.0,3,11,10,449
50.0,3,11,11,451
50.0,3,11,12,453
50.0,3,11,13,455
50.0,3,11,14,457
50.0,3,11,15,459
50.0,3,12,0,430
50.0,3,12,1,433
50.0,3,12,2,435
50.0,3,12,3,437
50.0,3,12,4,439
50.0,3,12,5,441
50.0,3,12,6,443
50.0,3,12,7,445
50.0,3,12,8,447
50.0,3,12,9,449
50.0,3,12,10,451
50.0,3,12,11,453
50.0,3,12,12,455
50.0,3,12,13,457
50.0,3,12,14,459
50.0,3,12,15,461
50.0,3,13,0,433
50.0,3,13,1,435
50.0,3,13,2,437
50.0,3,13,3,439
50.0,3,13,4,441
50.0,3,13,5,443
50.0,3,13,6,445
50.0,3,13,7,447
50.0,3,13,8,449
50.0,3,13,9,451
50.0,3,13,10,453
50.0,3,13,11,455
50.0,3,13,12,457
50.0,3,13,13,459
50.0,3,13,14,461
50.0,3,13,15,463
50.0,3,14,0,435
50.0,3,14,1,437
50.0,3,14,2,439
50.0,3,14,3,441
50.0,3,14,4,443
50.0,3,14,5,446
50.0,3,14,6,448
50.0,3,14,7,450
50.0,3,14,8,452
50.0,3,14,9,454
50.0,3,14,10,456
50.0,3,14,11,458
50.0,3,14,12,460
50.0,3,14,13,462
50.0,3,14,14,464
50.0,3,14,15,466
50.0,3,15,0,437
50.0,3,15,1,439
50.0,3,15,2,441
50.0,3,15,3,444
50.0,3,15,4,446
50.0,3,15,5,448
50.0,3,15,6,450
50.0,3,15,7,452
50.0,3,15,8,454
50.0,3,15,9,456
50.0,3,15,10,458
50.0,3,15,11,460
50.0,3,15,12,462
50.0,3,15,13,464
50.0,3,15,14,466
50.0,3,15,15,468
50.0,4,0,0,409
50.0,4,0,1,411
50.0,4,0,2,413
50.0,4,0,3,415
50.0,4,0,4,417
50.0,4,0,5,419
50.0,4,0,6,421
50.0,4,0,7,423
50.0,4,0,8,425
50.0,4,0,9,426
50.0,4,0,10,428
50.0,4,0,11,430
50.0,4,0,12,432
50.0,4,0,13,434
50.0,4,0,14,436
50.0,4,0,15,438
50.0,4,1,0,411
50.0,4,1,1,413
50.0,4,1,2,415
50.0,4,1,3,417
50.0,4,1,4,419
50.0,4,1,5,421
50.0,4,1,6,423
50.0,4,1,7,425
50.0,4,1,8,427
50.0,4,1,9,429
50.0,4,1,10,431
50.0,4,1,11,433
50.0,4,1,12,435
50.0,4,1,13,437
50.0,4,1,14,439
50.0,4,1,15,441
50.0,4,2,0,414
50.0,4,2,1,416
50.0,4,2,2,418
50.0,4,2,3,420
50.0,4,2,4,422
50.0,4,2,5,424
50.0,4,2,6,426
50.0,4,2,7,428
50.0,4,2,8,430
50.0,4,2,9,432
50.0,4,2,10,434
50.0,4,2,11,435
50.0,4,2,12,437
50.0,4,2,13,439
50.0,4,2,14,441
50.0,4,2,15,443
50.0,4,3,0,416
50.0,4,3,1,418
50.0,4,3,2,420
50.0,4,3,3,422
50.0,4,3,4,424
50.0,4,3,5,426
50.0,4,3,6,428
50.0,4,3,7,430
50.0,4,3,8,432
50.0,4,3,9,434
50.0,4,3,10,436
50.0,4,3,11,438
50.0,4,3,12,440
50.0,4,3,13,442
50.0,4,3,14,444
50.0,4,3,15,446
50.0,4,4,0,419
50.0,4,4,1,421
50.0,4,4,2,423
50.0,4,4,3,425
50.0,4,4,4,427
50.0,4,4,5,429
50.0,4,4,6,431
50.0,4,4,7,433
50.0,4,4,8,435
50.0,4,4,9,437
50.0,4,4,10,439
50.0,4,4,11,441
50.0,4,4,12,443
50.0,4,4,13,444
50.0,4,4,14,446
50.0,4,4,15,448
50.0,4,5,0,421
50.0,4,5,1,423
50.0,4,5,2,425
50.0,4,5,3,427
50.0,4,5,4,429
50.0,4,5,5,431
50.0,4,5,6,433
50.0,4,5,7,435
50.0,4,5,8,437
50.0,4,5,9,439
50.0,4,5,10,441
50.0,4,5,11,443
50.0,4,5,12,445
50.0,4,5,13,447
50.0,4,5,14,449
50.0,4,5,15,451
50.0,4,6,0,423
50.0,4,6,1,425
50.0,4,6,2,427
50.0,4,6,3,430
50.0,4,6,4,432
50.0,4,6,5,434
50.0,4,6,6,436
50.0,4,6,7,438
50.0,4,6,8,440
50.0,4,6,9,442
50.0,4,6,10,444
50.0,4,6,11,446
50.0,4,6,12,448
50.0,4,6,13,450
50.0,4,6,14,451
50.0,4,6,15,453
50.0,4,7,0,426
50.0,4,7,1,428
50.0,4,7,2,430
50.0,4,7,3,432
50.0,4,7,4,434
50.0,4,7,5,436
50.0,4,7,6,438
50.0,4,7,7,440
50.0,4,7,8,442
50.0,4,7,9,444
50.0,4,7,10,446
50.0,4,7,11,448
50.0,4,7,12,450
50.0,4,7,13,452
50.0,4,7,14,454
50.0,4,7,15,456
50.0,4,8,0,428
50.0,4,8,1,430
50.0,4,8,2,432
50.0,4,8,3,434
50.0,4,8,4,436
50.0,4,8,5,438
50.0,4,8,6,441
50.0,4,8,7,443
50.0,4,8,8,445
50.0,4,8,9,447
50.0,4,8,10,449
50.0,4,8,11,451
50.0,4,8,12,453
50.0,4,8,13,455
50.0,4,8,14,457
50.0,4,8,15,459
50.0,4,9,0,430
50.0,4,9,1,433
50.0,4,9,2,435
50.0,4,9,3,437
50.0,4,9,4,439
50.0,4,9,5,441
50.0,4,9,6,443
50.0,4,9,7,445
50.0,4,9,8,447
50.0,4,9,9,449
50.0,4,9,10,451
50.0,4,9,11,453
50.0,4,9,12,455
50.0,4,9,13,457
50.0,4,9,14,459
50.0,4,9,15,461
50.0,4,10,0,433
50.0,4,10,1,435
50.0,4,10,2,437
50.0,4,10,3,439
50.0,4,10,4,441
50.0,4,10,5,443
50.0,4,10,6,445
50.0,4,10,7,447
50.0,4,10,8,449
50.0,4,10,9,451
50.0,4,10,10,454
50.0,4,10,11,456
50.0,4,10,12,458
50.0,4,10,13,460
50.0,4,10,14,462
50.0,4,10,15,464
50.0,4,11,0,435
50.0,4,11,1,437
50.0,4,11,2,439
50.0,4,11,3,441
50.0,4,11,4,444
50.0,4,11,5,446
50.0,4,11,6,448
50.0,4,11,7,450
50.0,4,11,8,452
50.0,4,11,9,454
50.0,4,11,10,456
50.0,4,11,11,458
50.0,4,11,12,460
50.0,4,11,13,462
50.0,4,11,14,464
50.0,4,11,15,466
50.0,4,12,0,437
50.0,4,12,1,440
50.0,4,12,2,442
50.0,4,12,3,444
50.0,4,12,4,446
50.0,4,12,5,448
50.0,4,12,6,450
50.0,4,12,7,452
50.0,4,12,8,454
50.0,4,12,9,456
50.0,4,12,10,458
50.0,4,12,11,460
50.0,4,12,12,462
50.0,4,12,13,464
50.0,4,12,14,466
50.0,4,12,15,468
50.0,4,13,0,440
50.0,4,13,1,442
50.0,4,13,2,444
50.0,4,13,3,446
50.0,4,13,4,448
50.0,4,13,5,450
50.0,4,13,6,452
50.0,4,13,7,455
50.0,4,13,8,457
50.0,4,13,9,459
50.0,4,13,10,461
50.0,4,13,11,463
50.0,4,13,12,465
50.0,4,13,13,467
50.0,4,13,14,469
50.0,4,13,15,471
50.0,4,14,0,442
50.0,4,14,1,444
50.0,4,14,2,446
50.0,4,14,3,448
50.0,4,14,4,451
50.0,4,14,5,453
50.0,4,14,6,455
50.0,4,14,7,457
50.0,4,14,8,459
50.0,4,14,9,461
50.0,4,14,10,463
50.0,4,14,11,465
50.0,4,14,12,467
50.0,4,14,13,469
50.0,4,14,14,471
50.0,4,14,15,473
50.0,4,15,0,444
50.0,4,15,1,446
50.0,4,15,2,449
50.0,4,15,3,451
50.0,4,15,4,453
50.0,4,15,5,455
50.0,4,15,6,457
50.0,4,15,7,459
50.0,4,15,8,461
50.0,4,15,9,463
50.0,4,15,10,466
50.0,4,15,11,468
50.0,4,15,12,470
50.0,4,15,13,472
50.0,4,15,14,474
50.0,4,15,15,476
50.0,5,0,0,415
50.0,5,0,1,417
50.0,5,0,2,419
50.0,5,0,3,421
50.0,5,0,4,423
50.0,5,0,5,425
50.0,5,0,6,427
50.0,5,0,7,429
50.0,5,0,8,431
50.0,5,0,9,433
50.0,5,0,10,435
50.0,5,0,11,437
50.0,5,0,12,439
50.0,5,0,13,441
50.0,5,0,14,443
50.0,5,0,15,445
50.0,5,1,0,418
50.0,5,1,1,420
50.0,5,1,2,422
50.0,5,1,3,424
50.0,5,1,4,426
50.0,5,1,5,428
50.0,5,1,6,430
50.0,5,1,7,432
50.0,5,1,8,434
50.0,5,1,9,436
50.0,5,1,10,438
50.0,5,1,11,440
50.0,5,1,12,442
50.0,5,1,13,444
50.0,5,1,14,446
50.0,5,1,15,448
50.0,5,2,0,420
50.0,5,2,1,422
50.0,5,2,2,424
50.0,5,2,3,426
50.0,5,2,4,428
50.0,5,2,5,430
50.0,5,2,6,432
50.0,5,2,7,434
50.0,5,2,8,436
50.0,5,2,9,438
50.0,5,2,10,440
50.0,5,2,11,442
50.0,5,2,12,444
50.0,5,2,13,446
50.0,5,2,14,448
50.0,5,2,15,450
50.0,5,3,0,423
50.0,5,3,1,425
50.0,5,3,2,427
50.0,5,3,3,429
50.0,5,3,4,431
50.0,5,3,5,433
50.0,5,3,6,435
50.0,5,3,7,437
50.0,5,3,8,439
50.0,5,3,9,441
50.0,5,3,10,443
50.0,5,3,11,445
50.0,5,3,12,447
50.0,5,3,13,449
50.0,5,3,14,451
50.0,5,3,15,453
50.0,5,4,0,425
50.0,5,4,1,427
50.0,5,4,2,429
50.0,5,4,3,431
50.0,5,4,4,433
50.0,5,4,5,436
50.0,5,4,6,438
50.0,5,4,7,440
50.0,5,4,8,442
50.0,5,4,9,444
50.0,5,4,10,446
50.0,5,4,11,448
50.0,5,4,12,450
50.0,5,4,13,452
50.0,5,4,14,453
50.0,5,4,15,455
50.0,5,5,0,428
50.0,5,5,1,430
50.0,5,5,2,432
50.0,5,5,3,434
50.0,5,5,4,436
50.0,5,5,5,438
50.0,5,5,6,440
50.0,5,5,7,442
50.0,5,5,8,444
50.0,5,5,9,446
50.0,5,5,10,448
50.0,5,5,11,450
50.0,5,5,12,452
50.0,5,5,13,454
50.0,5,5,14,456
50.0,5,5,15,458
50.0,5,6,0,430
50.0,5,6,1,432
50.0,5,6,2,434
50.0,5,6,3,436
50.0,5,6,4,438
50.0,5,6,5,440
50.0,5,6,6,443
50.0,5,6,7,445
50.0,5,6,8,447
50.0,5,6,9,449
50.0,5,6,10,451
50.0,5,6,11,453
50.0,5,6,12,455
50.0,5,6,13,457
50.0,5,6,14,459
50.0,5,6,15,461
50.0,5,7,0,432
50.0,5,7,1,435
50.0,5,7,2,437
50.0,5,7,3,439
50.0,5,7,4,441
50.0,5,7,5,443
50.0,5,7,6,445
50.0,5,7,7,447
50.0,5,7,8,449
50.0,5,7,9,451
50.0,5,7,10,453
50.0,5,7,11,455
50.0,5,7,12,457
50.0,5,7,13,459
50.0,5,7,14,461
50.0,5,7,15,463
50.0,5,8,0,435
50.0,5,8,1,437
50.0,5,8,2,439
50.0,5,8,3,441
50.0,5,8,4,443
50.0,5,8,5,445
50.0,5,8,6,448
50.0,5,8,7,450
50.0,5,8,8,452
50.0,5,8,9,454
50.0,5,8,10,456
50.0,5,8,11,458
50.0,5,8,12,460
50.0,5,8,13,462
50.0,5,8,14,464
50.0,5,8,15,466
50.0,5,9,0,437
50.0,5,9,1,439
50.0,5,9,2,442
50.0,5,9,3,444
50.0,5,9,4,446
50.0,5,9,5,448
50.0,5,9,6,450
50.0,5,9,7,452
50.0,5,9,8,454
50.0,5,9,9,456
50.0,5,9,10,458
50.0,5,9,11,460
50.0,5,9,12,462
50.0,5,9,13,464
50.0,5,9,14,466
50.0,5,9,15,468
50.0,5,10,0,440
50.0,5,10,1,442
50.0,5,10,2,444
50.0,5,10,3,446
50.0,5,10,4,448
50.0,5,10,5,450
50.0,5,10,6,452
50.0,5,10,7,454
50.0,5,10,8,457
50.0,5,10,9,459
50.0,5,10,10,461
50.0,5,10,11,463
50.0,5,10,12,465
50.0,5,10,13,467
50.0,5,10,14,469
50.0,5,10,15,471
50.0,5,11,0,442
50.0,5,11,1,444
50.0,5,11,2,446
50.0,5,11,3,448
50.0,5,11,4,451
50.0,5,11,5,453
50.0,5,11,6,455
50.0,5,11,7,457
50.0,5,11,8,459
50.0,5,11,9,461
50.0,5,11,10,463
50.0,5,11,11,465
50.0,5,11,12,467
50.0,5,11,13,469
50.0,5,11,14,471
50.0,5,11,15,473
50.0,5,12,0,444
50.0,5,12,1,447
50.0,5,12,2,449
50.0,5,12,3,451
50.0,5,12,4,453
50.0,5,12,5,455
50.0,5,12,6,457
50.0,5,12,7,459
50.0,5,12,8,461
50.0,5,12,9,464
50.0,5,12,10,466
50.0,5,12,11,468
50.0,5,12,12,470
50.0,5,12,13,472
50.0,5,12,14,474
50.0,5,12,15,476
50.0,5,13,0,447
50.0,5,13,1,449
50.0,5,13,2,451
50.0,5,13,3,453
50.0,5,13,4,455
50.0,5,13,5,458
50.0,5,13,6,460
50.0,5,13,7,462
50.0,5,13,8,464
50.0,5,13,9,466
50.0,5,13,10,468
50.0,5,13,11,470
50.0,5,13,12,472
50.0,5,13,13,474
50.0,5,13,14,476
50.0,5,13,15,478
50.0,5,14,0,449
50.0,5,14,1,451
50.0,5,14,2,453
50.0,5,14,3,456
50.0,5,14,4,458
50.0,5,14,5,460
50.0,5,14,6,462
50.0,5,14,7,464
50.0,5,14,8,466
50.0,5,14,9,468
50.0,5,14,10,471
50.0,5,14,11,473
50.0,5,14,12,475
50.0,5,14,13,477
50.0,5,14,14,479
50.0,5,14,15,481
50.0,5,15,0,451
50.0,5,15,1,454
50.0,5,15,2,456
50.0,5,15,3,458
50.0,5,15,4,460
50.0,5,15,5,462
50.0,5,15,6,464
50.0,5,15,7,467
50.0,5,15,8,469
50.0,5,15,9,471
50.0,5,15,10,473
50.0,5,15,11,475
50.0,5,15,12,477
50.0,5,15,13,479
50.0,5,15,14,481
50.0,5,15,15,483
50.0,6,0,0,422
50.0,6,0,1,424
50.0,6,0,2,426
50.0,6,0,3,428
50.0,6,0,4,430
50.0,6,0,5,432
50.0,6,0,6,434
50.0,6,0,7,436
50.0,6,0,8,438
50.0,6,0,9,440
50.0,6,0,10,442
50.0,6,0,11,444
50.0,6,0,12,446
50.0,6,0,13,448
50.0,6,0,14,450
50.0,6,0,15,452
50.0,6,1,0,424
50.0,6,1,1,426
50.0,6,1,2,428
50.0,6,1,3,431
50.0,6,1,4,433
50.0,6,1,5,435
50.0,6,1,6,437
50.0,6,1,7,439
50.0,6,1,8,441
50.0,6,1,9,443
50.0,6,1,10,445
50.0,6,1,11,447
50.0,6,1,12,449
50.0,6,1,13,451
50.0,6,1,14,453
50.0,6,1,15,455
50.0,6,2,0,427
50.0,6,2,1,429
50.0,6,2,2,431
50.0,6,2,3,433
50.0,6,2,4,435
50.0,6,2,5,437
50.0,6,2,6,439
50.0,6,2,7,441
50.0,6,2,8,443
50.0,6,2,9,445
50.0,6,2,10,447
50.0,6,2,11,449
50.0,6,2,12,451
50.0,6,2,13,453
50.0,6,2,14,455
50.0,6,2,15,457
50.0,6,3,0,429
50.0,6,3,1,431
50.0,6,3,2,434
50.0,6,3,3,436
50.0,6,3,4,438
50.0,6,3,5,440
50.0,6,3,6,442
50.0,6,3,7,444
50.0,6,3,8,446
50.0,6,3,9,448
50.0,6,3,10,450
50.0,6,3,11,452
50.0,6,3,12,454
50.0,6,3,13,456
50.0,6,3,14,458
50.0,6,3,15,460
50.0,6,4,0,432
50.0,6,4,1,434
50.0,6,4,2,436
50.0,6,4,3,438
50.0,6,4,4,440
50.0,6,4,5,442
50.0,6,4,6,444
50.0,6,4,7,446
50.0,6,4,8,448
50.0,6,4,9,451
50.0,6,4,10,453
50.0,6,4,11,455
50.0,6,4,12,457
50.0,6,4,13,459
50.0,6,4,14,461
50.0,6,4,15,463
50.0,6,5,0,434
50.0,6,5,1,436
50.0,6,5,2,439
50.0,6,5,3,441
50.0,6,5,4,443
50.0,6,5,5,445
50.0,6,5,6,447
50.0,6,5,7,449
50.0,6,5,8,451
50.0,6,5,9,453
50.0,6,5,10,455
50.0,6,5,11,457
50.0,6,5,12,459
50.0,6,5,13,461
50.0,6,5,14,463
50.0,6,5,15,465
50.0,6,6,0,437
50.0,6,6,1,439
50.0,6,6,2,441
50.0,6,6,3,443
50.0,6,6,4,445
50.0,6,6,5,447
50.0,6,6,6,449
50.0,6,6,7,452
50.0,6,6,8,454
50.0,6,6,9,456
50.0,6,6,10,458
50.0,6,6,11,460
50.0,6,6,12,462
50.0,6,6,13,464
50.0,6,6,14,466
50.0,6,6,15,468
50.0,6,7,0,439
50.0,6,7,1,441
50.0,6,7,2,444
50.0,6,7,3,446
50.0,6,7,4,448
50.0,6,7,5,450
50.0,6,7,6,452
50.0,6,7,7,454
50.0,6,7,8,456
50.0,6,7,9,458
50.0,6,7,10,460
50.0,6,7,11,462
50.0,6,7,12,464
50.0,6,7,13,466
50.0,6,7,14,468
50.0,6,7,15,470
50.0,6,8,0,442
50.0,6,8,1,444
50.0,6,8,2,446
50.0,6,8,3,448
50.0,6,8,4,450
50.0,6,8,5,452
50.0,6,8,6,455
50.0,6,8,7,457
50.0,6,8,8,459
50.0,6,8,9,461
50.0,6,8,10,463
50.0,6,8,11,465
50.0,6,8,12,467
50.0,6,8,13,469
50.0,6,8,14,471
50.0,6,8,15,473
50.0,6,9,0,444
50.0,6,9,1,446
50.0,6,9,2,448
50.0,6,9,3,451
50.0,6,9,4,453
50.0,6,9,5,455
50.0,6,9,6,457
50.0,6,9,7,459
50.0,6,9,8,461
50.0,6,9,9,463
50.0,6,9,10,465
50.0,6,9,11,467
50.0,6,9,12,470
50.0,6,9,13,472
50.0,6,9,14,474
50.0,6,9,15,476
50.0,6,10,0,447
50.0,6,10,1,449
50.0,6,10,2,451
50.0,6,10,3,453
50.0,6,10,4,455
50.0,6,10,5,457
50.0,6,10,6,459
50.0,6,10,7,462
50.0,6,10,8,464
50.0,6,10,9,466
50.0,6,10,10,468
50.0,6,10,11,470
50.0,6,10,12,472
50.0,6,10,13,474
50.0,6,10,14,476
50.0,6,10,15,478
50.0,6,11,0,449
50.0,6,11,1,451
50.0,6,11,2,453
50.0,6,11,3,455
50.0,6,11,4,458
50.0,6,11,5,460
50.0,6,11,6,462
50.0,6,11,7,464
50.0,6,11,8,466
50.0,6,11,9,468
50.0,6,11,10,470
50.0,6,11,11,473
50.0,6,11,12,475
50.0,6,11,13,477
50.0,6,11,14,479
50.0,6,11,15,481
50.0,6,12,0,451
50.0,6,12,1,454
50.0,6,12,2,456
50.0,6,12,3,458
50.0,6,12,4,460
50.0,6,12,5,462
50.0,6,12,6,464
50.0,6,12,7,467
50.0,6,12,8,469
50.0,6,12,9,471
50.0,6,12,10,473
50.0,6,12,11,475
50.0,6,12,12,477
50.0,6,12,13,479
50.0,6,12,14,481
50.0,6,12,15,483
50.0,6,13,0,454
50.0,6,13,1,456
50.0,6,13,2,458
50.0,6,13,3,460
50.0,6,13,4,462
50.0,6,13,5,465
50.0,6,13,6,467
50.0,6,13,7,469
50.0,6,13,8,471
50.0,6,13,9,473
50.0,6,13,10,475
50.0,6,13,11,478
50.0,6,13,12,480
50.0,6,13,13,482
50.0,6,13,14,484
50.0,6,13,15,486
50.0,6,14,0,456
50.0,6,14,1,458
50.0,6,14,2,460
50.0,6,14,3,463
50.0,6,14,4,465
50.0,6,14,5,467
50.0,6,14,6,469
50.0,6,14,7,471
50.0,6,14,8,474
50.0,6,14,9,476
50.0,6,14,10,478
50.0,6,14,11,480
50.0,6,14,12,482
50.0,6,14,13,484
50.0,6,14,14,486
50.0,6,14,15,488
50.0,6,15,0,458
50.0,6,15,1,461
50.0,6,15,2,463
50.0,6,15,3,465
50.0,6,15,4,467
50.0,6,15,5,469
50.0,6,15,6,472
50.0,6,15,7,474
50.0,6,15,8,476
50.0,6,15,9,478
50.0,6,15,10,480
50.0,6,15,11,482
50.0,6,15,12,485
50.0,6,15,13,487
50.0,6,15,14,489
50.0,6,15,15,491
50.0,7,0,0,428
50.0,7,0,1,430
50.0,7,0,2,432
50.0,7,0,3,435
50.0,7,0,4,437
50.0,7,0,5,439
50.0,7,0,6,441
50.0,7,0,7,443
50.0,7,0,8,445
50.0,7,0,9,447
50.0,7,0,10,449
50.0,7,0,11,451
50.0,7,0,12,453
50.0,7,0,13,455
50.0,7,0,14,457
50.0,7,0,15,459
50.0,7,1,0,431
50.0,7,1,1,433
50.0,7,1,2,435
50.0,7,1,3,437
50.0,7,1,4,439
50.0,7,1,5,441
50.0,7,1,6,443
50.0,7,1,7,445
50.0,7,1,8,447
50.0,7,1,9,450
50.0,7,1,10,452
50.0,7,1,11,454
50.0,7,1,12,456
50.0,7,1,13,458
50.0,7,1,14,460
50.0,7,1,15,462
50.0,7,2,0,433
50.0,7,2,1,436
50.0,7,2,2,438
50.0,7,2,3,440
50.0,7,2,4,442
50.0,7,2,5,444
50.0,7,2,6,446
50.0,7,2,7,448
50.0,7,2,8,450
50.0,7,2,9,452
50.0,7,2,10,454
50.0,7,2,11,456
50.0,7,2,12,458
50.0,7,2,13,460
50.0,7,2,14,462
50.0,7,2,15,464
50.0,7,3,0,436
50.0,7,3,1,438
50.0,7,3,2,440
50.0,7,3,3,442
50.0,7,3,4,444
50.0,7,3,5,447
50.0,7,3,6,449
50.0,7,3,7,451
50.0,7,3,8,453
50.0,7,3,9,455
50.0,7,3,10,457
50.0,7,3,11,459
50.0,7,3,12,461
50.0,7,3,13,463
50.0,7,3,14,465
50.0,7,3,15,467
50.0,7,4,0,439
50.0,7,4,1,441
50.0,7,4,2,443
50.0,7,4,3,445
50.0,7,4,4,447
50.0,7,4,5,449
50.0,7,4,6,451
50.0,7,4,7,453
50.0,7,4,8,455
50.0,7,4,9,457
50.0,7,4,10,460
50.0,7,4,11,462
50.0,7,4,12,464
50.0,7,4,13,466
50.0,7,4,14,468
50.0,7,4,15,470
50.0,7,5,0,441
50.0,7,5,1,443
50.0,7,5,2,445
50.0,7,5,3,447
50.0,7,5,4,450
50.0,7,5,5,452
50.0,7,5,6,454
50.0,7,5,7,456
50.0,7,5,8,458
50.0,7,5,9,460
50.0,7,5,10,462
50.0,7,5,11,464
50.0,7,5,12,466
50.0,7,5,13,468
50.0,7,5,14,470
50.0,7,5,15,472
50.0,7,6,0,444
50.0,7,6,1,446
50.0,7,6,2,448
50.0,7,6,3,450
50.0,7,6,4,452
50.0,7,6,5,454
50.0,7,6,6,456
50.0,7,6,7,459
50.0,7,6,8,461
50.0,7,6,9,463
50.0,7,6,10,465
50.0,7,6,11,467
50.0,7,6,12,469
50.0,7,6,13,471
50.0,7,6,14,473
50.0,7,6,15,475
50.0,7,7,0,446
50.0,7,7,1,448
50.0,7,7,2,450
50.0,7,7,3,453
50.0,7,7,4,455
50.0,7,7,5,457
50.0,7,7,6,459
50.0,7,7,7,461
50.0,7,7,8,463
50.0,7,7,9,465
50.0,7,7,10,467
50.0,7,7,11,469
50.0,7,7,12,472
50.0,7,7,13,474
50.0,7,7,14,476
50.0,7,7,15,478
50.0,7,8,0,448
50.0,7,8,1,451
50.0,7,8,2,453
50.0,7,8,3,455
50.0,7,8,4,457
50.0,7,8,5,459
50.0,7,8,6,462
50.0,7,8,7,464
50.0,7,8,8,466
50.0,7,8,9,468
50.0,7,8,10,470
50.0,7,8,11,472
50.0,7,8,12,474
50.0,7,8,13,476
50.0,7,8,14,478
50.0,7,8,15,480
50.0,7,9,0,451
50.0,7,9,1,453
50.0,7,9,2,455
50.0,7,9,3,458
50.0,7,9,4,460
50.0,7,9,5,462
50.0,7,9,6,464
50.0,7,9,7,466
50.0,7,9,8,468
50.0,7,9,9,470
50.0,7,9,10,473
50.0,7,9,11,475
50.0,7,9,12,477
50.0,7,9,13,479
50.0,7,9,14,481
50.0,7,9,15,483
50.0,7,10,0,453
50.0,7,10,1,456
50.0,7,10,2,458
50.0,7,10,3,460
50.0,7,10,4,462
50.0,7,10,5,464
50.0,7,10,6,467
50.0,7,10,7,469
50.0,7,10,8,471
50.0,7,10,9,473
50.0,7,10,10,475
50.0,7,10,11,477
50.0,7,10,12,479
50.0,7,10,13,481
50.0,7,10,14,484
50.0,7,10,15,486
50.0,7,11,0,456
50.0,7,11,1,458
50.0,7,11,2,460
50.0,7,11,3,462
50.0,7,11,4,465
50.0,7,11,5,467
50.0,7,11,6,469
50.0,7,11,7,471
50.0,7,11,8,473
50.0,7,11,9,476
50.0,7,11,10,478
50.0,7,11,11,480
50.0,7,11,12,482
50.0,7,11,13,484
50.0,7,11,14,486
50.0,7,11,15,488
50.0,7,12,0,458
50.0,7,12,1,460
50.0,7,12,2,463
50.0,7,12,3,465
50.0,7,12,4,467
50.0,7,12,5,469
50.0,7,12,6,472
50.0,7,12,7,474
50.0,7,12,8,476
50.0,7,12,9,478
50.0,7,12,10,480
50.0,7,12,11,482
50.0,7,12,12,484
50.0,7,12,13,487
50.0,7,12,14,489
50.0,7,12,15,491
50.0,7,13,0,461
50.0,7,13,1,463
50.0,7,13,2,465
50.0,7,13,3,467
50.0,7,13,4,470
50.0,7,13,5,472
50.0,7,13,6,474
50.0,7,13,7,476
50.0,7,13,8,478
50.0,7,13,9,481
50.0,7,13,10,483
50.0,7,13,11,485
50.0,7,13,12,487
50.0,7,13,13,489
50.0,7,13,14,491
50.0,7,13,15,493
50.0,7,14,0,463
50.0,7,14,1,465
50.0,7,14,2,468
50.0,7,14,3,470
50.0,7,14,4,472
50.0,7,14,5,474
50.0,7,14,6,476
50.0,7,14,7,479
50.0,7,14,8,481
50.0,7,14,9,483
50.0,7,14,10,485
50.0,7,14,11,487
50.0,7,14,12,490
50.0,7,14,13,492
50.0,7,14,14,494
50.0,7,14,15,496
50.0,7,15,0,465
50.0,7,15,1,468
50.0,7,15,2,470
50.0,7,15,3,472
50.0,7,15,4,474
50.0,7,15,5,477
50.0,7,15,6,479
50.0,7,15,7,481
50.0,7,15,8,483
50.0,7,15,9,486
50.0,7,15,10,488
50.0,7,15,11,490
50.0,7,15,12,492
50.0,7,15,13,494
50.0,7,15,14,496
50.0,7,15,15,499
50.0,8,0,0,435
50.0,8,0,1,437
50.0,8,0,2,439
50.0,8,0,3,441
50.0,8,0,4,443
50.0,8,0,5,445
50.0,8,0,6,447
50.0,8,0,7,449
50.0,8,0,8,452
50.0,8,0,9,454
50.0,8,0,10,456
50.0,8,0,11,458
50.0,8,0,12,460
50.0,8,0,13,462
50.0,8,0,14,464
50.0,8,0,15,466
50.0,8,1,0,437
50.0,8,1,1,440
50.0,8,1,2,442
50.0,8,1,3,444
50.0,8,1,4,446
50.0,8,1,5,448
50.0,8,1,6,450
50.0,8,1,7,452
50.0,8,1,8,454
50.0,8,1,9,456
50.0,8,1,10,458
50.0,8,1,11,460
50.0,8,1,12,462
50.0,8,1,13,464
50.0,8,1,14,466
50.0,8,1,15,469
50.0,8,2,0,440
50.0,8,2,1,442
50.0,8,2,2,444
50.0,8,2,3,446
50.0,8,2,4,449
50.0,8,2,5,451
50.0,8,2,6,453
50.0,8,2,7,455
50.0,8,2,8,457
50.0,8,2,9,459
50.0,8,2,10,461
50.0,8,2,11,463
50.0,8,2,12,465
50.0,8,2,13,467
50.0,8,2,14,469
50.0,8,2,15,471
50.0,8,3,0,443
50.0,8,3,1,445
50.0,8,3,2,447
50.0,8,3,3,449
50.0,8,3,4,451
50.0,8,3,5,453
50.0,8,3,6,455
50.0,8,3,7,458
50.0,8,3,8,460
50.0,8,3,9,462
50.0,8,3,10,464
50.0,8,3,11,466
50.0,8,3,12,468
50.0,8,3,13,470
50.0,8,3,14,472
50.0,8,3,15,474
50.0,8,4,0,445
50.0,8,4,1,447
50.0,8,4,2,450
50.0,8,4,3,452
50.0,8,4,4,454
50.0,8,4,5,456
50.0,8,4,6,458
50.0,8,4,7,460
50.0,8,4,8,462
50.0,8,4,9,464
50.0,8,4,10,466
50.0,8,4,11,469
50.0,8,4,12,471
50.0,8,4,13,473
50.0,8,4,14,475
50.0,8,4,15,477
50.0,8,5,0,448
50.0,8,5,1,450
50.0,8,5,2,452
50.0,8,5,3,454
50.0,8,5,4,456
50.0,8,5,5,459
50.0,8,5,6,461
50.0,8,5,7,463
50.0,8,5,8,465
50.0,8,5,9,467
50.0,8,5,10,469
50.0,8,5,11,471
50.0,8,5,12,473
50.0,8,5,13,475
50.0,8,5,14,477
50.0,8,5,15,480
50.0,8,6,0,450
50.0,8,6,1,452
50.0,8,6,2,455
50.0,8,6,3,457
50.0,8,6,4,459
50.0,8,6,5,461
50.0,8,6,6,463
50.0,8,6,7,465
50.0,8,6,8,468
50.0,8,6,9,470
50.0,8,6,10,472
50.0,8,6,11,474
50.0,8,6,12,476
50.0,8,6,13,478
50.0,8,6,14,480
50.0,8,6,15,482
50.0,8,7,0,453
50.0,8,7,1,455
50.0,8,7,2,457
50.0,8,7,3,459
50.0,8,7,4,462
50.0,8,7,5,464
50.0,8,7,6,466
50.0,8,7,7,468
50.0,8,7,8,470
50.0,8,7,9,472
50.0,8,7,10,474
50.0,8,7,11,477
50.0,8,7,12,479
50.0,8,7,13,481
50.0,8,7,14,483
50.0,8,7,15,485
50.0,8,8,0,455
50.0,8,8,1,458
50.0,8,8,2,460
50.0,8,8,3,462
50.0,8,8,4,464
50.0,8,8,5,466
50.0,8,8,6,469
50.0,8,8,7,471
50.0,8,8,8,473
50.0,8,8,9,475
50.0,8,8,10,477
50.0,8,8,11,479
50.0,8,8,12,481
50.0,8,8,13,483
50.0,8,8,14,486
50.0,8,8,15,488
50.0,8,9,0,458
50.0,8,9,1,460
50.0,8,9,2,462
50.0,8,9,3,464
50.0,8,9,4,467
50.0,8,9,5,469
50.0,8,9,6,471
50.0,8,9,7,473
50.0,8,9,8,475
50.0,8,9,9,478
50.0,8,9,10,480
50.0,8,9,11,482
50.0,8,9,12,484
50.0,8,9,13,486
50.0,8,9,14,488
50.0,8,9,15,490
50.0,8,10,0,460
50.0,8,10,1,463
50.0,8,10,2,465
50.0,8,10,3,467
50.0,8,10,4,469
50.0,8,10,5,471
50.0,8,10,6,474
50.0,8,10,7,476
50.0,8,10,8,478
50.0,8,10,9,480
50.0,8,10,10,482
50.0,8,10,11,484
50.0,8,10,12,487
50.0,8,10,13,489
50.0,8,10,14,491
50.0,8,10,15,493
50.0,8,11,0,463
50.0,8,11,1,465
50.0,8,11,2,467
50.0,8,11,3,470
50.0,8,11,4,472
50.0,8,11,5,474
50.0,8,11,6,476
50.0,8,11,7,478
50.0,8,11,8,481
50.0,8,11,9,483
50.0,8,11,10,485
50.0,8,11,11,487
50.0,8,11,12,489
50.0,8,11,13,491
50.0,8,11,14,494
50.0,8,11,15,496
50.0,8,12,0,465
50.0,8,12,1,467
50.0,8,12,2,470
50.0,8,12,3,472
50.0,8,12,4,474
50.0,8,12,5,476
50.0,8,12,6,479
50.0,8,12,7,481
50.0,8,12,8,483
50.0,8,12,9,485
50.0,8,12,10,487
50.0,8,12,11,490
50.0,8,12,12,492
50.0,8,12,13,494
50.0,8,12,14,496
50.0,8,12,15,498
50.0,8,13,0,468
50.0,8,13,1,470
50.0,8,13,2,472
50.0,8,13,3,474
50.0,8,13,4,477
50.0,8,13,5,479
50.0,8,13,6,481
50.0,8,13,7,483
50.0,8,13,8,486
50.0,8,13,9,488
50.0,8,13,10,490
50.0,8,13,11,492
50.0,8,13,12,494
50.0,8,13,13,497
50.0,8,13,14,499
50.0,8,13,15,501
50.0,8,14,0,470
50.0,8,14,1,472
50.0,8,14,2,475
50.0,8,14,3,477
50.0,8,14,4,479
50.0,8,14,5,481
50.0,8,14,6,484
50.0,8,14,7,486
50.0,8,14,8,488
50.0,8,14,9,490
50.0,8,14,10,493
50.0,8,14,11,495
50.0,8,14,12,497
50.0,8,14,13,499
50.0,8,14,14,501
50.0,8,14,15,503
50.0,8,15,0,472
50.0,8,15,1,475
50.0,8,15,2,477
50.0,8,15,3,479
50.0,8,15,4,482
50.0,8,15,5,484
50.0,8,15,6,486
50.0,8,15,7,488
50.0,8,15,8,491
50.0,8,15,9,493
50.0,8,15,10,495
50.0,8,15,11,497
50.0,8,15,12,500
50.0,8,15,13,502
50.0,8,15,14,504
50.0,8,15,15,506
50.0,9,0,0,441
50.0,9,0,1,443
50.0,9,0,2,446
50.0,9,0,3,448
50.0,9,0,4,450
50.0,9,0,5,452
50.0,9,0,6,454
50.0,9,0,7,456
50.0,9,0,8,458
50.0,9,0,9,460
50.0,9,0,10,462
50.0,9,0,11,465
50.0,9,0,12,467
50.0,9,0,13,469
50.0,9,0,14,471
50.0,9,0,15,473
50.0,9,1,0,444
50.0,9,1,1,446
50.0,9,1,2,448
50.0,9,1,3,450
50.0,9,1,4,453
50.0,9,1,5,455
50.0,9,1,6,457
50.0,9,1,7,459
50.0,9,1,8,461
50.0,9,1,9,463
50.0,9,1,10,465
50.0,9,1,11,467
50.0,9,1,12,469
50.0,9,1,13,471
50.0,9,1,14,473
50.0,9,1,15,476
50.0,9,2,0,447
50.0,9,2,1,449
50.0,9,2,2,451
50.0,9,2,3,453
50.0,9,2,4,455
50.0,9,2,5,457
50.0,9,2,6,460
50.0,9,2,7,462
50.0,9,2,8,464
50.0,9,2,9,466
50.0,9,2,10,468
50.0,9,2,11,470
50.0,9,2,12,472
50.0,9,2,13,474
50.0,9,2,14,476
50.0,9,2,15,478
50.0,9,3,0,449
50.0,9,3,1,451
50.0,9,3,2,454
50.0,9,3,3,456
50.0,9,3,4,458
50.0,9,3,5,460
50.0,9,3,6,462
50.0,9,3,7,464
50.0,9,3,8,467
50.0,9,3,9,469
50.0,9,3,10,471
50.0,9,3,11,473
50.0,9,3,12,475
50.0,9,3,13,477
50.0,9,3,14,479
50.0,9,3,15,481
50.0,9,4,0,452
50.0,9,4,1,454
50.0,9,4,2,456
50.0,9,4,3,458
50.0,9,4,4,461
50.0,9,4,5,463
50.0,9,4,6,465
50.0,9,4,7,467
50.0,9,4,8,469
50.0,9,4,9,471
50.0,9,4,10,473
50.0,9,4,11,476
50.0,9,4,12,478
50.0,9,4,13,480
50.0,9,4,14,482
50.0,9,4,15,484
50.0,9,5,0,454
50.0,9,5,1,457
50.0,9,5,2,459
50.0,9,5,3,461
50.0,9,5,4,463
50.0,9,5,5,465
50.0,9,5,6,468
50.0,9,5,7,470
50.0,9,5,8,472
50.0,9,5,9,474
50.0,9,5,10,476
50.0,9,5,11,478
50.0,9,5,12,480
50.0,9,5,13,483
50.0,9,5,14,485
50.0,9,5,15,487
50.0,9,6,0,457
50.0,9,6,1,459
50.0,9,6,2,461
50.0,9,6,3,464
50.0,9,6,4,466
50.0,9,6,5,468
50.0,9,6,6,470
50.0,9,6,7,472
50.0,9,6,8,475
50.0,9,6,9,477
50.0,9,6,10,479
50.0,9,6,11,481
50.0,9,6,12,483
50.0,9,6,13,485
50.0,9,6,14,487
50.0,9,6,15,489
50.0,9,7,0,460
50.0,9,7,1,462
50.0,9,7,2,464
50.0,9,7,3,466
50.0,9,7,4,468
50.0,9,7,5,471
50.0,9,7,6,473
50.0,9,7,7,475
50.0,9,7,8,477
50.0,9,7,9,479
50.0,9,7,10,482
50.0,9,7,11,484
50.0,9,7,12,486
50.0,9,7,13,488
50.0,9,7,14,490
50.0,9,7,15,492
50.0,9,8,0,462
50.0,9,8,1,464
50.0,9,8,2,467
50.0,9,8,3,469
50.0,9,8,4,471
50.0,9,8,5,473
50.0,9,8,6,476
50.0,9,8,7,478
50.0,9,8,8,480
50.0,9,8,9,482
50.0,9,8,10,484
50.0,9,8,11,486
50.0,9,8,12,489
50.0,9,8,13,491
50.0,9,8,14,493
50.0,9,8,15,495
50.0,9,9,0,465
50.0,9,9,1,467
50.0,9,9,2,469
50.0,9,9,3,471
50.0,9,9,4,474
50.0,9,9,5,476
50.0,9,9,6,478
50.0,9,9,7,480
50.0,9,9,8,483
50.0,9,9,9,485
50.0,9,9,10,487
50.0,9,9,11,489
50.0,9,9,12,491
50.0,9,9,13,493
50.0,9,9,14,496
50.0,9,9,15,498
50.0,9,10,0,467
50.0,9,10,1,469
50.0,9,10,2,472
50.0,9,10,3,474
50.0,9,10,4,476
50.0,9,10,5,478
50.0,9,10,6,481
50.0,9,10,7,483
50.0,9,10,8,485
50.0,9,10,9,487
50.0,9,10,10,490
50.0,9,10,11,492
50.0,9,10,12,494
50.0,9,10,13,496
50.0,9,10,14,498
50.0,9,10,15,500
50.0,9,11,0,470
50.0,9,11,1,472
50.0,9,11,2,474
50.0,9,11,3,477
50.0,9,11,4,479
50.0,9,11,5,481
50.0,9,11,6,483
50.0,9,11,7,486
50.0,9,11,8,488
50.0,9,11,9,490
50.0,9,11,10,492
50.0,9,11,11,494
50.0,9,11,12,497
50.0,9,11,13,499
50.0,9,11,14,501
50.0,9,11,15,503
50.0,9,12,0,472
50.0,9,12,1,474
50.0,9,12,2,477
50.0,9,12,3,479
50.0,9,12,4,481
50.0,9,12,5,484
50.0,9,12,6,486
50.0,9,12,7,488
50.0,9,12,8,490
50.0,9,12,9,493
50.0,9,12,10,495
50.0,9,12,11,497
50.0,9,12,12,499
50.0,9,12,13,501
50.0,9,12,14,504
50.0,9,12,15,506
50.0,9,13,0,475
50.0,9,13,1,477
50.0,9,13,2,479
50.0,9,13,3,482
50.0,9,13,4,484
50.0,9,13,5,486
50.0,9,13,6,488
50.0,9,13,7,491
50.0,9,13,8,493
50.0,9,13,9,495
50.0,9,13,10,497
50.0,9,13,11,500
50.0,9,13,12,502
50.0,9,13,13,504
50.0,9,13,14,506
50.0,9,13,15,508
50.0,9,14,0,477
50.0,9,14,1,479
50.0,9,14,2,482
50.0,9,14,3,484
50.0,9,14,4,486
50.0,9,14,5,489
50.0,9,14,6,491
50.0,9,14,7,493
50.0,9,14,8,495
50.0,9,14,9,498
50.0,9,14,10,500
50.0,9,14,11,502
50.0,9,14,12,504
50.0,9,14,13,507
50.0,9,14,14,509
50.0,9,14,15,511
50.0,9,15,0,480
50.0,9,15,1,482
50.0,9,15,2,484
50.0,9,15,3,487
50.0,9,15,4,489
50.0,9,15,5,491
50.0,9,15,6,493
50.0,9,15,7,496
50.0,9,15,8,498
50.0,9,15,9,500
50.0,9,15,10,503
50.0,9,15,11,505
50.0,9,15,12,507
50.0,9,15,13,509
50.0,9,15,14,511
50.0,9,15,15,514
50.0,10,0,0,448
50.0,10,0,1,450
50.0,10,0,2,452
50.0,10,0,3,454
50.0,10,0,4,456
50.0,10,0,5,459
50.0,10,0,6,461
50.0,10,0,7,463
50.0,10,0,8,465
50.0,10,0,9,467
50.0,10,0,10,469
50.0,10,0,11,471
50.0,10,0,12,473
50.0,10,0,13,475
50.0,10,0,14,478
50.0,10,0,15,480
50.0,10,1,0,450
50.0,10,1,1,453
50.0,10,1,2,455
50.0,10,1,3,457
50.0,10,1,4,459
50.0,10,1,5,461
50.0,10,1,6,464
50.0,10,1,7,466
50.0,10,1,8,468
50.0,10,1,9,470
50.0,10,1,10,472
50.0,10,1,11,474
50.0,10,1,12,476
50.0,10,1,13,478
50.0,10,1,14,480
50.0,10,1,15,483
50.0,10,2,0,453
50.0,10,2,1,455
50.0,10,2,2,458
50.0,10,2,3,460
50.0,10,2,4,462
50.0,10,2,5,464
50.0,10,2,6,466
50.0,10,2,7,468
50.0,10,2,8,471
50.0,10,2,9,473
50.0,10,2,10,475
50.0,10,2,11,477
50.0,10,2,12,479
50.0,10,2,13,481
50.0,10,2,14,483
50.0,10,2,15,485
50.0,10,3,0,456
50.0,10,3,1,458
50.0,10,3,2,460
50.0,10,3,3,462
50.0,10,3,4,465
50.0,10,3,5,467
50.0,10,3,6,469
50.0,10,3,7,471
50.0,10,3,8,473
50.0,10,3,9,476
50.0,10,3,10,478
50.0,10,3,11,480
50.0,10,3,12,482
50.0,10,3,13,484
50.0,10,3,14,486
50.0,10,3,15,488
50.0,10,4,0,458
50.0,10,4,1,461
50.0,10,4,2,463
50.0,10,4,3,465
50.0,10,4,4,467
50.0,10,4,5,470
50.0,10,4,6,472
50.0,10,4,7,474
50.0,10,4,8,476
50.0,10,4,9,478
50.0,10,4,10,480
50.0,10,4,11,483
50.0,10,4,12,485
50.0,10,4,13,487
50.0,10,4,14,489
50.0,10,4,15,491
50.0,10,5,0,461
50.0,10,5,1,463
50.0,10,5,2,466
50.0,10,5,3,468
50.0,10,5,4,470
50.0,10,5,5,472
50.0,10,5,6,474
50.0,10,5,7,477
50.0,10,5,8,479
50.0,10,5,9,481
50.0,10,5,10,483
50.0,10,5,11,485
50.0,10,5,12,487
50.0,10,5,13,490
50.0,10,5,14,492
50.0,10,5,15,494
50.0,10,6,0,464
50.0,10,6,1,466
50.0,10,6,2,468
50.0,10,6,3,470
50.0,10,6,4,473
50.0,10,6,5,475
50.0,10,6,6,477
50.0,10,6,7,479
50.0,10,6,8,482
50.0,10,6,9,484
50.0,10,6,10,486
50.0,10,6,11,488
50.0,10,6,12,490
50.0,10,6,13,492
50.0,10,6,14,495
50.0,10,6,15,497
50.0,10,7,0,466
50.0,10,7,1,469
50.0,10,7,2,471
50.0,10,7,3,473
50.0,10,7,4,475
50.0,10,7,5,478
50.0,10,7,6,480
50.0,10,7,7,482
50.0,10,7,8,484
50.0,10,7,9,486
50.0,10,7,10,489
50.0,10,7,11,491
50.0,10,7,12,493
50.0,10,7,13,495
50.0,10,7,14,497
50.0,10,7,15,499
50.0,10,8,0,469
50.0,10,8,1,471
50.0,10,8,2,473
50.0,10,8,3,476
50.0,10,8,4,478
50.0,10,8,5,480
50.0,10,8,6,483
50.0,10,8,7,485
50.0,10,8,8,487
50.0,10,8,9,489
50.0,10,8,10,491
50.0,10,8,11,494
50.0,10,8,12,496
50.0,10,8,13,498
50.0,10,8,14,500
50.0,10,8,15,502
50.0,10,9,0,471
50.0,10,9,1,474
50.0,10,9,2,476
50.0,10,9,3,478
50.0,10,9,4,481
50.0,10,9,5,483
50.0,10,9,6,485
50.0,10,9,7,487
50.0,10,9,8,490
50.0,10,9,9,492
50.0,10,9,10,494
50.0,10,9,11,496
50.0,10,9,12,498
50.0,10,9,13,501
50.0,10,9,14,503
50.0,10,9,15,505
50.0,10,10,0,474
50.0,10,10,1,476
50.0,10,10,2,479
50.0,10,10,3,481
50.0,10,10,4,483
50.0,10,10,5,486
50.0,10,10,6,488
50.0,10,10,7,490
50.0,10,10,8,492
50.0,10,10,9,495
50.0,10,10,10,497
50.0,10,10,11,499
50.0,10,10,12,501
50.0,10,10,13,503
50.0,10,10,14,506
50.0,10,10,15,508
50.0,10,11,0,477
50.0,10,11,1,479
50.0,10,11,2,481
50.0,10,11,3,484
50.0,10,11,4,486
50.0,10,11,5,488
50.0,10,11,6,490
50.0,10,11,7,493
50.0,10,11,8,495
50.0,10,11,9,497
50.0,10,11,10,499
50.0,10,11,11,502
50.0,10,11,12,504
50.0,10,11,13,506
50.0,10,11,14,508
50.0,10,11,15,510
50.0,10,12,0,479
50.0,10,12,1,481
50.0,10,12,2,484
50.0,10,12,3,486
50.0,10,12,4,488
50.0,10,12,5,491
50.0,10,12,6,493
50.0,10,12,7,495
50.0,10,12,8,498
50.0,10,12,9,500
50.0,10,12,10,502
50.0,10,12,11,504
50.0,10,12,12,507
50.0,10,12,13,509
50.0,10,12,14,511
50.0,10,12,15,513
50.0,10,13,0,482
50.0,10,13,1,484
50.0,10,13,2,486
50.0,10,13,3,489
50.0,10,13,4,491
50.0,10,13,5,493
50.0,10,13,6,496
50.0,10,13,7,498
50.0,10,13,8,500
50.0,10,13,9,502
50.0,10,13,10,505
50.0,10,13,11,507
50.0,10,13,12,509
50.0,10,13,13,511
50.0,10,13,14,514
50.0,10,13,15,516
50.0,10,14,0,484
50.0,10,14,1,486
50.0,10,14,2,489
50.0,10,14,3,491
50.0,10,14,4,494
50.0,10,14,5,496
50.0,10,14,6,498
50.0,10,14,7,500
50.0,10,14,8,503
50.0,10,14,9,505
50.0,10,14,10,507
50.0,10,14,11,510
50.0,10,14,12,512
50.0,10,14,13,514
50.0,10,14,14,516
50.0,10,14,15,519
50.0,10,15,0,487
50.0,10,15,1,489
50.0,10,15,2,491
50.0,10,15,3,494
50.0,10,15,4,496
50.0,10,15,5,498
50.0,10,15,6,501
50.0,10,15,7,503
50.0,10,15,8,505
50.0,10,15,9,508
50.0,10,15,10,510
50.0,10,15,11,512
50.0,10,15,12,514
50.0,10,15,13,517
50.0,10,15,14,519
50.0,10,15,15,521
50.0,11,0,0,454
50.0,11,0,1,457
50.0,11,0,2,459
50.0,11,0,3,461
50.0,11,0,4,463
50.0,11,0,5,465
50.0,11,0,6,467
50.0,11,0,7,470
50.0,11,0,8,472
50.0,11,0,9,474
50.0,11,0,10,476
50.0,11,0,11,478
50.0,11,0,12,480
50.0,11,0,13,482
50.0,11,0,14,484
50.0,11,0,15,487
50.0,11,1,0,457
50.0,11,1,1,459
50.0,11,1,2,461
50.0,11,1,3,464
50.0,11,1,4,466
50.0,11,1,5,468
50.0,11,1,6,470
50.0,11,1,7,472
50.0,11,1,8,475
50.0,11,1,9,477
50.0,11,1,10,479
50.0,11,1,11,481
50.0,11,1,12,483
50.0,11,1,13,485
50.0,11,1,14,487
50.0,11,1,15,490
50.0,11,2,0,460
50.0,11,2,1,462
50.0,11,2,2,464
50.0,11,2,3,466
50.0,11,2,4,469
50.0,11,2,5,471
50.0,11,2,6,473
50.0,11,2,7,475
50.0,11,2,8,477
50.0,11,2,9,480
50.0,11,2,10,482
50.0,11,2,11,484
50.0,11,2,12,486
50.0,11,2,13,488
50.0,11,2,14,490
50.0,11,2,15,492
50.0,11,3,0,462
50.0,11,3,1,465
50.0,11,3,2,467
50.0,11,3,3,469
50.0,11,3,4,471
50.0,11,3,5,474
50.0,11,3,6,476
50.0,11,3,7,478
50.0,11,3,8,480
50.0,11,3,9,482
50.0,11,3,10,485
50.0,11,3,11,487
50.0,11,3,12,489
50.0,11,3,13,491
50.0,11,3,14,493
50.0,11,3,15,495
50.0,11,4,0,465
50.0,11,4,1,467
50.0,11,4,2,470
50.0,11,4,3,472
50.0,11,4,4,474
50.0,11,4,5,476
50.0,11,4,6,479
50.0,11,4,7,481
50.0,11,4,8,483
50.0,11,4,9,485
50.0,11,4,10,487
50.0,11,4,11,490
50.0,11,4,12,492
50.0,11,4,13,494
50.0,11,4,14,496
50.0,11,4,15,498
50.0,11,5,0,468
50.0,11,5,1,470
50.0,11,5,2,472
50.0,11,5,3,475
50.0,11,5,4,477
50.0,11,5,5,479
50.0,11,5,6,481
50.0,11,5,7,484
50.0,11,5,8,486
50.0,11,5,9,488
50.0,11,5,10,490
50.0,11,5,11,492
50.0,11,5,12,495
50.0,11,5,13,497
50.0,11,5,14,499
50.0,11,5,15,501
50.0,11,6,0,470
50.0,11,6,1,473
50.0,11,6,2,475
50.0,11,6,3,477
50.0,11,6,4,480
50.0,11,6,5,482
50.0,11,6,6,484
50.0,11,6,7,486
50.0,11,6,8,489
50.0,11,6,9,491
50.0,11,6,10,493
50.0,11,6,11,495
50.0,11,6,12,497
50.0,11,6,13,500
50.0,11,6,14,502
50.0,11,6,15,504
50.0,11,7,0,473
50.0,11,7,1,475
50.0,11,7,2,478
50.0,11,7,3,480
50.0,11,7,4,482
50.0,11,7,5,485
50.0,11,7,6,487
50.0,11,7,7,489
50.0,11,7,8,491
50.0,11,7,9,494
50.0,11,7,10,496
50.0,11,7,11,498
50.0,11,7,12,500
50.0,11,7,13,502
50.0,11,7,14,505
50.0,11,7,15,507
50.0,11,8,0,476
50.0,11,8,1,478
50.0,11,8,2,480
50.0,11,8,3,483
50.0,11,8,4,485
50.0,11,8,5,487
50.0,11,8,6,490
50.0,11,8,7,492
50.0,11,8,8,494
50.0,11,8,9,496
50.0,11,8,10,498
50.0,11,8,11,501
50.0,11,8,12,503
50.0,11,8,13,505
50.0,11,8,14,507
50.0,11,8,15,510
50.0,11,9,0,478
50.0,11,9,1,481
50.0,11,9,2,483
50.0,11,9,3,485
50.0,11,9,4,488
50.0,11,9,5,490
50.0,11,9,6,492
50.0,11,9,7,494
50.0,11,9,8,497
50.0,11,9,9,499
50.0,11,9,10,501
50.0,11,9,11,503
50.0,11,9,12,506
50.0,11,9,13,508
50.0,11,9,14,510
50.0,11,9,15,512
50.0,11,10,0,481
50.0,11,10,1,483
50.0,11,10,2,486
50.0,11,10,3,488
50.0,11,10,4,490
50.0,11,10,5,493
50.0,11,10,6,495
50.0,11,10,7,497
50.0,11,10,8,499
50.0,11,10,9,502
50.0,11,10,10,504
50.0,11,10,11,506
50.0,11,10,12,508
50.0,11,10,13,511
50.0,11,10,14,513
50.0,11,10,15,515
50.0,11,11,0,483
50.0,11,11,1,486
50.0,11,11,2,488
50.0,11,11,3,491
50.0,11,11,4,493
50.0,11,11,5,495
50.0,11,11,6,498
50.0,11,11,7,500
50.0,11,11,8,502
50.0,11,11,9,504
50.0,11,11,10,507
50.0,11,11,11,509
50.0,11,11,12,511
50.0,11,11,13,513
50.0,11,11,14,516
50.0,11,11,15,518
50.0,11,12,0,486
50.0,11,12,1,488
50.0,11,12,2,491
50.0,11,12,3,493
50.0,11,12,4,495
50.0,11,12,5,498
50.0,11,12,6,500
50.0,11,12,7,502
50.0,11,12,8,505
50.0,11,12,9,507
50.0,11,12,10,509
50.0,11,12,11,512
50.0,11,12,12,514
50.0,11,12,13,516
50.0,11,12,14,518
50.0,11,12,15,521
50.0,11,13,0,489
50.0,11,13,1,491
50.0,11,13,2,493
50.0,11,13,3,496
50.0,11,13,4,498
50.0,11,13,5,500
50.0,11,13,6,503
50.0,11,13,7,505
50.0,11,13,8,507
50.0,11,13,9,510
50.0,11,13,10,512
50.0,11,13,11,514
50.0,11,13,12,517
50.0,11,13,13,519
50.0,11,13,14,521
50.0,11,13,15,523
50.0,11,14,0,491
50.0,11,14,1,494
50.0,11,14,2,496
50.0,11,14,3,498
50.0,11,14,4,501
50.0,11,14,5,503
50.0,11,14,6,505
50.0,11,14,7,508
50.0,11,14,8,510
50.0,11,14,9,512
50.0,11,14,10,515
50.0,11,14,11,517
50.0,11,14,12,519
50.0,11,14,13,522
50.0,11,14,14,524
50.0,11,14,15,526
50.0,11,15,0,494
50.0,11,15,1,496
50.0,11,15,2,498
50.0,11,15,3,501
50.0,11,15,4,503
50.0,11,15,5,506
50.0,11,15,6,508
50.0,11,15,7,510
50.0,11,15,8,513
50.0,11,15,9,515
50.0,11,15,10,517
50.0,11,15,11,520
50.0,11,15,12,522
50.0,11,15,13,524
50.0,11,15,14,526
50.0,11,15,15,529
50.0,12,0,0,461
50.0,12,0,1,463
50.0,12,0,2,465
50.0,12,0,3,468
50.0,12,0,4,470
50.0,12,0,5,472
50.0,12,0,6,474
50.0,12,0,7,476
50.0,12,0,8,479
50.0,12,0,9,481
50.0,12,0,10,483
50.0,12,0,11,485
50.0,12,0,12,487
50.0,12,0,13,489
50.0,12,0,14,491
50.0,12,0,15,494
50.0,12,1,0,464
50.0,12,1,1,466
50.0,12,1,2,468
50.0,12,1,3,470
50.0,12,1,4,473
50.0,12,1,5,475
50.0,12,1,6,477
50.0,12,1,7,479
50.0,12,1,8,481
50.0,12,1,9,484
50.0,12,1,10,486
50.0,12,1,11,488
50.0,12,1,12,490
50.0,12,1,13,492
50.0,12,1,14,494
50.0,12,1,15,497
50.0,12,2,0,466
50.0,12,2,1,469
50.0,12,2,2,471
50.0,12,2,3,473
50.0,12,2,4,475
50.0,12,2,5,478
50.0,12,2,6,480
50.0,12,2,7,482
50.0,12,2,8,484
50.0,12,2,9,486
50.0,12,2,10,489
50.0,12,2,11,491
50.0,12,2,12,493
50.0,12,2,13,495
50.0,12,2,14,497
50.0,12,2,15,499
50.0,12,3,0,469
50.0,12,3,1,471
50.0,12,3,2,474
50.0,12,3,3,476
50.0,12,3,4,478
50.0,12,3,5,480
50.0,12,3,6,483
50.0,12,3,7,485
50.0,12,3,8,487
50.0,12,3,9,489
50.0,12,3,10,492
50.0,12,3,11,494
50.0,12,3,12,496
50.0,12,3,13,498
50.0,12,3,14,500
50.0,12,3,15,502
50.0,12,4,0,472
50.0,12,4,1,474
50.0,12,4,2,476
50.0,12,4,3,479
50.0,12,4,4,481
50.0,12,4,5,483
50.0,12,4,6,485
50.0,12,4,7,488
50.0,12,4,8,490
50.0,12,4,9,492
50.0,12,4,10,494
50.0,12,4,11,497
50.0,12,4,12,499
50.0,12,4,13,501
50.0,12,4,14,503
50.0,12,4,15,505
50.0,12,5,0,474
50.0,12,5,1,477
50.0,12,5,2,479
50.0,12,5,3,481
50.0,12,5,4,484
50.0,12,5,5,486
50.0,12,5,6,488
50.0,12,5,7,491
50.0,12,5,8,493
50.0,12,5,9,495
50.0,12,5,10,497
50.0,12,5,11,499
50.0,12,5,12,502
50.0,12,5,13,504
50.0,12,5,14,506
50.0,12,5,15,508
50.0,12,6,0,477
50.0,12,6,1,479
50.0,12,6,2,482
50.0,12,6,3,484
50.0,12,6,4,486
50.0,12,6,5,489
50.0,12,6,6,491
50.0,12,6,7,493
50.0,12,6,8,496
50.0,12,6,9,498
50.0,12,6,10,500
50.0,12,6,11,502
50.0,12,6,12,504
50.0,12,6,13,507
50.0,12,6,14,509
50.0,12,6,15,511
50.0,12,7,0,480
50.0,12,7,1,482
50.0,12,7,2,485
50.0,12,7,3,487
50.0,12,7,4,489
50.0,12,7,5,491
50.0,12,7,6,494
50.0,12,7,7,496
50.0,12,7,8,498
50.0,12,7,9,501
50.0,12,7,10,503
50.0,12,7,11,505
50.0,12,7,12,507
50.0,12,7,13,510
50.0,12,7,14,512
50.0,12,7,15,514
50.0,12,8,0,483
50.0,12,8,1,485
50.0,12,8,2,487
50.0,12,8,3,490
50.0,12,8,4,492
50.0,12,8,5,494
50.0,12,8,6,497
50.0,12,8,7,499
50.0,12,8,8,501
50.0,12,8,9,503
50.0,12,8,10,506
50.0,12,8,11,508
50.0,12,8,12,510
50.0,12,8,13,512
50.0,12,8,14,515
50.0,12,8,15,517
50.0,12,9,0,485
50.0,12,9,1,488
50.0,12,9,2,490
50.0,12,9,3,492
50.0,12,9,4,495
50.0,12,9,5,497
50.0,12,9,6,499
50.0,12,9,7,502
50.0,12,9,8,504
50.0,12,9,9,506
50.0,12,9,10,508
50.0,12,9,11,511
50.0,12,9,12,513
50.0,12,9,13,515
50.0,12,9,14,517
50.0,12,9,15,520
50.0,12,10,0,488
50.0,12,10,1,490
50.0,12,10,2,493
50.0,12,10,3,495
50.0,12,10,4,497
50.0,12,10,5,500
50.0,12,10,6,502
50.0,12,10,7,504
50.0,12,10,8,507
50.0,12,10,9,509
50.0,12,10,10,511
50.0,12,10,11,513
50.0,12,10,12,516
50.0,12,10,13,518
50.0,12,10,14,520
50.0,12,10,15,522
50.0,12,11,0,490
50.0,12,11,1,493
50.0,12,11,2,495
50.0,12,11,3,498
50.0,12,11,4,500
50.0,12,11,5,502
50.0,12,11,6,505
50.0,12,11,7,507
50.0,12,11,8,509
50.0,12,11,9,512
50.0,12,11,10,514
50.0,12,11,11,516
50.0,12,11,12,518
50.0,12,11,13,521
50.0,12,11,14,523
50.0,12,11,15,525
50.0,12,12,0,493
50.0,12,12,1,495
50.0,12,12,2,498
50.0,12,12,3,500
50.0,12,12,4,503
50.0,12,12,5,505
50.0,12,12,6,507
50.0,12,12,7,510
50.0,12,12,8,512
50.0,12,12,9,514
50.0,12,12,10,517
50.0,12,12,11,519
50.0,12,12,12,521
50.0,12,12,13,524
50.0,12,12,14,526
50.0,12,12,15,528
50.0,12,13,0,496
50.0,12,13,1,498
50.0,12,13,2,500
50.0,12,13,3,503
50.0,12,13,4,505
50.0,12,13,5,508
50.0,12,13,6,510
50.0,12,13,7,512
50.0,12,13,8,515
50.0,12,13,9,517
50.0,12,13,10,519
50.0,12,13,11,522
50.0,12,13,12,524
50.0,12,13,13,526
50.0,12,13,14,529
50.0,12,13,15,531
50.0,12,14,0,498
50.0,12,14,1,501
50.0,12,14,2,503
50.0,12,14,3,505
50.0,12,14,4,508
50.0,12,14,5,510
50.0,12,14,6,513
50.0,12,14,7,515
50.0,12,14,8,517
50.0,12,14,9,520
50.0,12,14,10,522
50.0,12,14,11,524
50.0,12,14,12,527
50.0,12,14,13,529
50.0,12,14,14,531
50.0,12,14,15,534
50.0,12,15,0,501
50.0,12,15,1,503
50.0,12,15,2,506
50.0,12,15,3,508
50.0,12,15,4,510
50.0,12,15,5,513
50.0,12,15,6,515
50.0,12,15,7,518
50.0,12,15,8,520
50.0,12,15,9,522
50.0,12,15,10,525
50.0,12,15,11,527
50.0,12,15,12,529
50.0,12,15,13,532
50.0,12,15,14,534
50.0,12,15,15,536
50.0,13,0,0,467
50.0,13,0,1,470
50.0,13,0,2,472
50.0,13,0,3,474
50.0,13,0,4,476
50.0,13,0,5,479
50.0,13,0,6,481
50.0,13,0,7,483
50.0,13,0,8,485
50.0,13,0,9,487
50.0,13,0,10,490
50.0,13,0,11,492
50.0,13,0,12,494
50.0,13,0,13,496
50.0,13,0,14,498
50.0,13,0,15,500
50.0,13,1,0,470
50.0,13,1,1,472
50.0,13,1,2,475
50.0,13,1,3,477
50.0,13,1,4,479
50.0,13,1,5,481
50.0,13,1,6,484
50.0,13,1,7,486
50.0,13,1,8,488
50.0,13,1,9,490
50.0,13,1,10,493
50.0,13,1,11,495
50.0,13,1,12,497
50.0,13,1,13,499
50.0,13,1,14,501
50.0,13,1,15,504
50.0,13,2,0,473
50.0,13,2,1,475
50.0,13,2,2,477
50.0,13,2,3,480
50.0,13,2,4,482
50.0,13,2,5,484
50.0,13,2,6,487
50.0,13,2,7,489
50.0,13,2,8,491
50.0,13,2,9,493
50.0,13,2,10,496
50.0,13,2,11,498
50.0,13,2,12,500
50.0,13,2,13,502
50.0,13,2,14,504
50.0,13,2,15,506
50.0,13,3,0,476
50.0,13,3,1,478
50.0,13,3,2,480
50.0,13,3,3,483
50.0,13,3,4,485
50.0,13,3,5,487
50.0,13,3,6,489
50.0,13,3,7,492
50.0,13,3,8,494
50.0,13,3,9,496
50.0,13,3,10,498
50.0,13,3,11,501
50.0,13,3,12,503
50.0,13,3,13,505
50.0,13,3,14,507
50.0,13,3,15,509
50.0,13,4,0,478
50.0,13,4,1,481
50.0,13,4,2,483
50.0,13,4,3,485
50.0,13,4,4,488
50.0,13,4,5,490
50.0,13,4,6,492
50.0,13,4,7,495
50.0,13,4,8,497
50.0,13,4,9,499
50.0,13,4,10,501
50.0,13,4,11,504
50.0,13,4,12,506
50.0,13,4,13,508
50.0,13,4,14,510
50.0,13,4,15,512
50.0,13,5,0,481
50.0,13,5,1,484
50.0,13,5,2,486
50.0,13,5,3,488
50.0,13,5,4,491
50.0,13,5,5,493
50.0,13,5,6,495
50.0,13,5,7,497
50.0,13,5,8,500
50.0,13,5,9,502
50.0,13,5,10,504
50.0,13,5,11,506
50.0,13,5,12,509
50.0,13,5,13,511
50.0,13,5,14,513
50.0,13,5,15,515
50.0,13,6,0,484
50.0,13,6,1,486
50.0,13,6,2,489
50.0,13,6,3,491
50.0,13,6,4,493
50.0,13,6,5,496
50.0,13,6,6,498
50.0,13,6,7,500
50.0,13,6,8,503
50.0,13,6,9,505
50.0,13,6,10,507
50.0,13,6,11,509
50.0,13,6,12,512
50.0,13,6,13,514
50.0,13,6,14,516
50.0,13,6,15,518
50.0,13,7,0,487
50.0,13,7,1,489
50.0,13,7,2,491
50.0,13,7,3,494
50.0,13,7,4,496
50.0,13,7,5,498
50.0,13,7,6,501
50.0,13,7,7,503
50.0,13,7,8,505
50.0,13,7,9,508
50.0,13,7,10,510
50.0,13,7,11,512
50.0,13,7,12,514
50.0,13,7,13,517
50.0,13,7,14,519
50.0,13,7,15,521
50.0,13,8,0,489
50.0,13,8,1,492
50.0,13,8,2,494
50.0,13,8,3,496
50.0,13,8,4,499
50.0,13,8,5,501
50.0,13,8,6,504
50.0,13,8,7,506
50.0,13,8,8,508
50.0,13,8,9,510
50.0,13,8,10,513
50.0,13,8,11,515
50.0,13,8,12,517
50.0,13,8,13,520
50.0,13,8,14,522
50.0,13,8,15,524
50.0,13,9,0,492
50.0,13,9,1,494
50.0,13,9,2,497
50.0,13,9,3,499
50.0,13,9,4,502
50.0,13,9,5,504
50.0,13,9,6,506
50.0,13,9,7,509
50.0,13,9,8,511
50.0,13,9,9,513
50.0,13,9,10,516
50.0,13,9,11,518
50.0,13,9,12,520
50.0,13,9,13,522
50.0,13,9,14,525
50.0,13,9,15,527
50.0,13,10,0,495
50.0,13,10,1,497
50.0,13,10,2,499
50.0,13,10,3,502
50.0,13,10,4,504
50.0,13,10,5,507
50.0,13,10,6,509
50.0,13,10,7,511
50.0,13,10,8,514
50.0,13,10,9,516
50.0,13,10,10,518
50.0,13,10,11,521
50.0,13,10,12,523
50.0,13,10,13,525
50.0,13,10,14,528
50.0,13,10,15,530
50.0,13,11,0,497
50.0,13,11,1,500
50.0,13,11,2,502
50.0,13,11,3,505
50.0,13,11,4,507
50.0,13,11,5,509
50.0,13,11,6,512
50.0,13,11,7,514
50.0,13,11,8,516
50.0,13,11,9,519
50.0,13,11,10,521
50.0,13,11,11,523
50.0,13,11,12,526
50.0,13,11,13,528
50.0,13,11,14,530
50.0,13,11,15,533
50.0,13,12,0,500
50.0,13,12,1,502
50.0,13,12,2,505
50.0,13,12,3,507
50.0,13,12,4,510
50.0,13,12,5,512
50.0,13,12,6,514
50.0,13,12,7,517
50.0,13,12,8,519
50.0,13,12,9,522
50.0,13,12,10,524
50.0,13,12,11,526
50.0,13,12,12,529
50.0,13,12,13,531
50.0,13,12,14,533
50.0,13,12,15,535
50.0,13,13,0,503
50.0,13,13,1,505
50.0,13,13,2,507
50.0,13,13,3,510
50.0,13,13,4,512
50.0,13,13,5,515
50.0,13,13,6,517
50.0,13,13,7,520
50.0,13,13,8,522
50.0,13,13,9,524
50.0,13,13,10,527
50.0,13,13,11,529
50.0,13,13,12,531
50.0,13,13,13,534
50.0,13,13,14,536
50.0,13,13,15,538
50.0,13,14,0,505
50.0,13,14,1,508
50.0,13,14,2,510
50.0,13,14,3,513
50.0,13,14,4,515
50.0,13,14,5,517
50.0,13,14,6,520
50.0,13,14,7,522
50.0,13,14,8,525
50.0,13,14,9,527
50.0,13,14,10,529
50.0,13,14,11,532
50.0,13,14,12,534
50.0,13,14,13,536
50.0,13,14,14,539
50.0,13,14,15,541
50.0,13,15,0,508
50.0,13,15,1,510
50.0,13,15,2,513
50.0,13,15,3,515
50.0,13,15,4,518
50.0,13,15,5,520
50.0,13,15,6,523
50.0,13,15,7,525
50.0,13,15,8,527
50.0,13,15,9,530
50.0,13,15,10,532
50.0,13,15,11,534
50.0,13,15,12,537
50.0,13,15,13,539
50.0,13,15,14,542
50.0,13,15,15,544
50.0,14,0,0,474
50.0,14,0,1,476
50.0,14,0,2,478
50.0,14,0,3,481
50.0,14,0,4,483
50.0,14,0,5,485
50.0,14,0,6,488
50.0,14,0,7,490
50.0,14,0,8,492
50.0,14,0,9,494
50.0,14,0,10,496
50.0,14,0,11,499
50.0,14,0,12,501
50.0,14,0,13,503
50.0,14,0,14,505
50.0,14,0,15,507
50.0,14,1,0,477
50.0,14,1,1,479
50.0,14,1,2,481
50.0,14,1,3,484
50.0,14,1,4,486
50.0,14,1,5,488
50.0,14,1,6,490
50.0,14,1,7,493
50.0,14,1,8,495
50.0,14,1,9,497
50.0,14,1,10,499
50.0,14,1,11,502
50.0,14,1,12,504
50.0,14,1,13,506
50.0,14,1,14,508
50.0,14,1,15,511
50.0,14,2,0,479
50.0,14,2,1,482
50.0,14,2,2,484
50.0,14,2,3,486
50.0,14,2,4,489
50.0,14,2,5,491
50.0,14,2,6,493
50.0,14,2,7,496
50.0,14,2,8,498
50.0,14,2,9,500
50.0,14,2,10,502
50.0,14,2,11,505
50.0,14,2,12,507
50.0,14,2,13,509
50.0,14,2,14,511
50.0,14,2,15,514
50.0,14,3,0,482
50.0,14,3,1,485
50.0,14,3,2,487
50.0,14,3,3,489
50.0,14,3,4,492
50.0,14,3,5,494
50.0,14,3,6,496
50.0,14,3,7,499
50.0,14,3,8,501
50.0,14,3,9,503
50.0,14,3,10,505
50.0,14,3,11,508
50.0,14,3,12,510
50.0,14,3,13,512
50.0,14,3,14,514
50.0,14,3,15,517
50.0,14,4,0,485
50.0,14,4,1,487
50.0,14,4,2,490
50.0,14,4,3,492
50.0,14,4,4,494
50.0,14,4,5,497
50.0,14,4,6,499
50.0,14,4,7,501
50.0,14,4,8,504
50.0,14,4,9,506
50.0,14,4,10,508
50.0,14,4,11,511
50.0,14,4,12,513
50.0,14,4,13,515
50.0,14,4,14,517
50.0,14,4,15,520
50.0,14,5,0,488
50.0,14,5,1,490
50.0,14,5,2,493
50.0,14,5,3,495
50.0,14,5,4,497
50.0,14,5,5,500
50.0,14,5,6,502
50.0,14,5,7,504
50.0,14,5,8,507
50.0,14,5,9,509
50.0,14,5,10,511
50.0,14,5,11,514
50.0,14,5,12,516
50.0,14,5,13,518
50.0,14,5,14,520
50.0,14,5,15,523
50.0,14,6,0,491
50.0,14,6,1,493
50.0,14,6,2,495
50.0,14,6,3,498
50.0,14,6,4,500
50.0,14,6,5,503
50.0,14,6,6,505
50.0,14,6,7,507
50.0,14,6,8,510
50.0,14,6,9,512
50.0,14,6,10,514
50.0,14,6,11,516
50.0,14,6,12,519
50.0,14,6,13,521
50.0,14,6,14,523
50.0,14,6,15,525
50.0,14,7,0,493
50.0,14,7,1,496
50.0,14,7,2,498
50.0,14,7,3,501
50.0,14,7,4,503
50.0,14,7,5,505
50.0,14,7,6,508
50.0,14,7,7,510
50.0,14,7,8,512
50.0,14,7,9,515
50.0,14,7,10,517
50.0,14,7,11,519
50.0,14,7,12,522
50.0,14,7,13,524
50.0,14,7,14,526
50.0,14,7,15,528
50.0,14,8,0,496
50.0,14,8,1,499
50.0,14,8,2,501
50.0,14,8,3,503
50.0,14,8,4,506
50.0,14,8,5,508
50.0,14,8,6,511
50.0,14,8,7,513
50.0,14,8,8,515
50.0,14,8,9,518
50.0,14,8,10,520
50.0,14,8,11,522
50.0,14,8,12,525
50.0,14,8,13,527
50.0,14,8,14,529
50.0,14,8,15,531
50.0,14,9,0,499
50.0,14,9,1,501
50.0,14,9,2,504
50.0,14,9,3,506
50.0,14,9,4,509
50.0,14,9,5,511
50.0,14,9,6,513
50.0,14,9,7,516
50.0,14,9,8,518
50.0,14,9,9,520
50.0,14,9,10,523
50.0,14,9,11,525
50.0,14,9,12,527
50.0,14,9,13,530
50.0,14,9,14,532
50.0,14,9,15,534
50.0,14,10,0,502
50.0,14,10,1,504
50.0,14,10,2,506
50.0,14,10,3,509
50.0,14,10,4,511
50.0,14,10,5,514
50.0,14,10,6,516
50.0,14,10,7,518
50.0,14,10,8,521
50.0,14,10,9,523
50.0,14,10,10,526
50.0,14,10,11,528
50.0,14,10,12,530
50.0,14,10,13,533
50.0,14,10,14,535
50.0,14,10,15,537
50.0,14,11,0,504
50.0,14,11,1,507
50.0,14,11,2,509
50.0,14,11,3,512
50.0,14,11,4,514
50.0,14,11,5,516
50.0,14,11,6,519
50.0,14,11,7,521
50.0,14,11,8,524
50.0,14,11,9,526
50.0,14,11,10,528
50.0,14,11,11,531
50.0,14,11,12,533
50.0,14,11,13,535
50.0,14,11,14,538
50.0,14,11,15,540
50.0,14,12,0,507
50.0,14,12,1,509
50.0,14,12,2,512
50.0,14,12,3,514
50.0,14,12,4,517
50.0,14,12,5,519
50.0,14,12,6,522
50.0,14,12,7,524
50.0,14,12,8,526
50.0,14,12,9,529
50.0,14,12,10,531
50.0,14,12,11,534
50.0,14,12,12,536
50.0,14,12,13,538
50.0,14,12,14,541
50.0,14,12,15,543
50.0,14,13,0,510
50.0,14,13,1,512
50.0,14,13,2,515
50.0,14,13,3,517
50.0,14,13,4,519
50.0,14,13,5,522
50.0,14,13,6,524
50.0,14,13,7,527
50.0,14,13,8,529
50.0,14,13,9,532
50.0,14,13,10,534
50.0,14,13,11,536
50.0,14,13,12,539
50.0,14,13,13,541
50.0,14,13,14,543
50.0,14,13,15,546
50.0,14,14,0,512
50.0,14,14,1,515
50.0,14,14,2,517
50.0,14,14,3,520
50.0,14,14,4,522
50.0,14,14,5,525
50.0,14,14,6,527
50.0,14,14,7,530
50.0,14,14,8,532
50.0,14,14,9,534
50.0,14,14,10,537
50.0,14,14,11,539
50.0,14,14,12,542
50.0,14,14,13,544
50.0,14,14,14,546
50.0,14,14,15,549
50.0,14,15,0,515
50.0,14,15,1,517
50.0,14,15,2,520
50.0,14,15,3,522
50.0,14,15,4,525
50.0,14,15,5,527
50.0,14,15,6,530
50.0,14,15,7,532
50.0,14,15,8,535
50.0,14,15,9,537
50.0,14,15,10,540
50.0,14,15,11,542
50.0,14,15,12,544
50.0,14,15,13,547
50.0,14,15,14,549
50.0,14,15,15,551
50.0,15,0,0,480
50.0,15,0,1,483
50.0,15,0,2,485
50.0,15,0,3,487
50.0,15,0,4,490
50.0,15,0,5,492
50.0,15,0,6,494
50.0,15,0,7,496
50.0,15,0,8,499
50.0,15,0,9,501
50.0,15,0,10,503
50.0,15,0,11,506
50.0,15,0,12,508
50.0,15,0,13,510
50.0,15,0,14,512
50.0,15,0,15,514
50.0,15,1,0,483
50.0,15,1,1,486
50.0,15,1,2,488
50.0,15,1,3,490
50.0,15,1,4,493
50.0,15,1,5,495
50.0,15,1,6,497
50.0,15,1,7,499
50.0,15,1,8,502
50.0,15,1,9,504
50.0,15,1,10,506
50.0,15,1,11,509
50.0,15,1,12,511
50.0,15,1,13,513
50.0,15,1,14,515
50.0,15,1,15,518
50.0,15,2,0,486
50.0,15,2,1,488
50.0,15,2,2,491
50.0,15,2,3,493
50.0,15,2,4,495
50.0,15,2,5,498
50.0,15,2,6,500
50.0,15,2,7,502
50.0,15,2,8,505
50.0,15,2,9,507
50.0,15,2,10,509
50.0,15,2,11,512
50.0,15,2,12,514
50.0,15,2,13,516
50.0,15,2,14,518
50.0,15,2,15,521
50.0,15,3,0,489
50.0,15,3,1,491
50.0,15,3,2,494
50.0,15,3,3,496
50.0,15,3,4,498
50.0,15,3,5,501
50.0,15,3,6,503
50.0,15,3,7,505
50.0,15,3,8,508
50.0,15,3,9,510
50.0,15,3,10,512
50.0,15,3,11,515
50.0,15,3,12,517
50.0,15,3,13,519
50.0,15,3,14,521
50.0,15,3,15,524
50.0,15,4,0,492
50.0,15,4,1,494
50.0,15,4,2,497
50.0,15,4,3,499
50.0,15,4,4,501
50.0,15,4,5,504
50.0,15,4,6,506
50.0,15,4,7,508
50.0,15,4,8,511
50.0,15,4,9,513
50.0,15,4,10,515
50.0,15,4,11,518
50.0,15,4,12,520
50.0,15,4,13,522
50.0,15,4,14,524
50.0,15,4,15,527
50.0,15,5,0,495
50.0,15,5,1,497
50.0,15,5,2,499
50.0,15,5,3,502
50.0,15,5,4,504
50.0,15,5,5,507
50.0,15,5,6,509
50.0,15,5,7,511
50.0,15,5,8,514
50.0,15,5,9,516
50.0,15,5,10,518
50.0,15,5,11,521
50.0,15,5,12,523
50.0,15,5,13,525
50.0,15,5,14,527
50.0,15,5,15,530
50.0,15,6,0,497
50.0,15,6,1,500
50.0,15,6,2,502
50.0,15,6,3,505
50.0,15,6,4,507
50.0,15,6,5,509
50.0,15,6,6,512
50.0,15,6,7,514
50.0,15,6,8,517
50.0,15,6,9,519
50.0,15,6,10,521
50.0,15,6,11,524
50.0,15,6,12,526
50.0,15,6,13,528
50.0,15,6,14,530
50.0,15,6,15,533
50.0,15,7,0,500
50.0,15,7,1,503
50.0,15,7,2,505
50.0,15,7,3,507
50.0,15,7,4,510
50.0,15,7,5,512
50.0,15,7,6,515
50.0,15,7,7,517
50.0,15,7,8,519
50.0,15,7,9,522
50.0,15,7,10,524
50.0,15,7,11,526
50.0,15,7,12,529
50.0,15,7,13,531
50.0,15,7,14,533
50.0,15,7,15,536
50.0,15,8,0,503
50.0,15,8,1,505
50.0,15,8,2,508
50.0,15,8,3,510
50.0,15,8,4,513
50.0,15,8,5,515
50.0,15,8,6,518
50.0,15,8,7,520
50.0,15,8,8,522
50.0,15,8,9,525
50.0,15,8,10,527
50.0,15,8,11,529
50.0,15,8,12,532
50.0,15,8,13,534
50.0,15,8,14,536
50.0,15,8,15,539
50.0,15,9,0,506
50.0,15,9,1,508
50.0,15,9,2,511
50.0,15,9,3,513
50.0,15,9,4,515
50.0,15,9,5,518
50.0,15,9,6,520
50.0,15,9,7,523
50.0,15,9,8,525
50.0,15,9,9,528
50.0,15,9,10,530
50.0,15,9,11,532
50.0,15,9,12,535
50.0,15,9,13,537
50.0,15,9,14,539
50.0,15,9,15,542
50.0,15,10,0,508
50.0,15,10,1,511
50.0,15,10,2,513
50.0,15,10,3,516
50.0,15,10,4,518
50.0,15,10,5,521
50.0,15,10,6,523
50.0,15,10,7,526
50.0,15,10,8,528
50.0,15,10,9,530
50.0,15,10,10,533
50.0,15,10,11,535
50.0,15,10,12,538
50.0,15,10,13,540
50.0,15,10,14,542
50.0,15,10,15,545
50.0,15,11,0,511
50.0,15,11,1,514
50.0,15,11,2,516
50.0,15,11,3,519
50.0,15,11,4,521
50.0,15,11,5,524
50.0,15,11,6,526
50.0,15,11,7,528
50.0,15,11,8,531
50.0,15,11,9,533
50.0,15,11,10,536
50.0,15,11,11,538
50.0,15,11,12,540
50.0,15,11,13,543
50.0,15,11,14,545
50.0,15,11,15,547
50.0,15,12,0,514
50.0,15,12,1,516
50.0,15,12,2,519
50.0,15,12,3,521
50.0,15,12,4,524
50.0,15,12,5,526
50.0,15,12,6,529
50.0,15,12,7,531
50.0,15,12,8,534
50.0,15,12,9,536
50.0,15,12,10,538
50.0,15,12,11,541
50.0,15,12,12,543
50.0,15,12,13,546
50.0,15,12,14,548
50.0,15,12,15,550
50.0,15,13,0,517
50.0,15,13,1,519
50.0,15,13,2,522
50.0,15,13,3,524
50.0,15,13,4,527
50.0,15,13,5,529
50.0,15,13,6,532
50.0,15,13,7,534
50.0,15,13,8,536
50.0,15,13,9,539
50.0,15,13,10,541
50.0,15,13,11,544
50.0,15,13,12,546
50.0,15,13,13,549
50.0,15,13,14,551
50.0,15,13,15,553
50.0,15,14,0,519
50.0,15,14,1,522
50.0,15,14,2,524
50.0,15,14,3,527
50.0,15,14,4,529
50.0,15,14,5,532
50.0,15,14,6,534
50.0,15,14,7,537
50.0,15,14,8,539
50.0,15,14,9,542
50.0,15,14,10,544
50.0,15,14,11,547
50.0,15,14,12,549
50.0,15,14,13,551
50.0,15,14,14,554
50.0,15,14,15,556
50.0,15,15,0,522
50.0,15,15,1,524
50.0,15,15,2,527
50.0,15,15,3,530
50.0,15,15,4,532
50.0,15,15,5,535
50.0,15,15,6,537
50.0,15,15,7,540
50.0,15,15,8,542
50.0,15,15,9,544
50.0,15,15,10,547
50.0,15,15,11,549
50.0,15,15,12,552
50.0,15,15,13,554
50.0,15,15,14,557
50.0,15,15,15,559
50.5,0,0,0,385
50.5,0,0,1,387
50.5,0,0,2,389
50.5,0,0,3,391
50.5,0,0,4,393
50.5,0,0,5,394
50.5,0,0,6,396
50.5,0,0,7,398
50.5,0,0,8,400
50.5,0,0,9,402
50.5,0,0,10,404
50.5,0,0,11,405
50.5,0,0,12,407
50.5,0,0,13,409
50.5,0,0,14,411
50.5,0,0,15,412
50.5,0,1,0,387
50.5,0,1,1,389
50.5,0,1,2,391
50.5,0,1,3,393
50.5,0,1,4,395
50.5,0,1,5,397
50.5,0,1,6,399
50.5,0,1,7,401
50.5,0,1,8,402
50.5,0,1,9,404
50.5,0,1,10,406
50.5,0,1,11,408
50.5,0,1,12,410
50.5,0,1,13,411
50.5,0,1,14,413
50.5,0,1,15,415
50.5,0,2,0,390
50.5,0,2,1,392
50.5,0,2,2,394
50.5,0,2,3,395
50.5,0,2,4,397
50.5,0,2,5,399
50.5,0,2,6,401
50.5,0,2,7,403
50.5,0,2,8,405
50.5,0,2,9,407
50.5,0,2,10,408
50.5,0,2,11,410
50.5,0,2,12,412
50.5,0,2,13,414
50.5,0,2,14,416
50.5,0,2,15,417
50.5,0,3,0,392
50.5,0,3,1,394
50.5,0,3,2,396
50.5,0,3,3,398
50.5,0,3,4,400
50.5,0,3,5,402
50.5,0,3,6,403
50.5,0,3,7,405
50.5,0,3,8,407
50.5,0,3,9,409
50.5,0,3,10,411
50.5,0,3,11,413
50.5,0,3,12,414
50.5,0,3,13,416
50.5,0,3,14,418
50.5,0,3,15,420
50.5,0,4,0,394
50.5,0,4,1,396
50.5,0,4,2,398
50.5,0,4,3,400
50.5,0,4,4,402
50.5,0,4,5,404
50.5,0,4,6,406
50.5,0,4,7,408
50.5,0,4,8,409
50.5,0,4,9,411
50.5,0,4,10,413
50.5,0,4,11,415
50.5,0,4,12,417
50.5,0,4,13,419
50.5,0,4,14,421
50.5,0,4,15,422
50.5,0,5,0,397
50.5,0,5,1,398
50.5,0,5,2,400
50.5,0,5,3,402
50.5,0,5,4,404
50.5,0,5,5,406
50.5,0,5,6,408
50.5,0,5,7,410
50.5,0,5,8,412
50.5,0,5,9,414
50.5,0,5,10,416
50.5,0,5,11,417
50.5,0,5,12,419
50.5,0,5,13,421
50.5,0,5,14,423
50.5,0,5,15,425
50.5,0,6,0,399
50.5,0,6,1,401
50.5,0,6,2,403
50.5,0,6,3,405
50.5,0,6,4,407
50.5,0,6,5,408
50.5,0,6,6,410
50.5,0,6,7,412
50.5,0,6,8,414
50.5,0,6,9,416
50.5,0,6,10,418
50.5,0,6,11,420
50.5,0,6,12,422
50.5,0,6,13,423
50.5,0,6,14,425
50.5,0,6,15,427
50.5,0,7,0,401
50.5,0,7,1,403
50.5,0,7,2,405
50.5,0,7,3,407
50.5,0,7,4,409
50.5,0,7,5,411
50.5,0,7,6,413
50.5,0,7,7,415
50.5,0,7,8,416
50.5,0,7,9,418
50.5,0,7,10,420
50.5,0,7,11,422
50.5,0,7,12,424
50.5,0,7,13,426
50.5,0,7,14,428
50.5,0,7,15,430
50.5,0,8,0,403
50.5,0,8,1,405
50.5,0,8,2,407
50.5,0,8,3,409
50.5,0,8,4,411
50.5,0,8,5,413
50.5,0,8,6,415
50.5,0,8,7,417
50.5,0,8,8,419
50.5,0,8,9,421
50.5,0,8,10,423
50.5,0,8,11,424
50.5,0,8,12,426
50.5,0,8,13,428
50.5,0,8,14,430
50.5,0,8,15,432
50.5,0,9,0,405
50.5,0,9,1,407
50.5,0,9,2,409
50.5,0,9,3,411
50.5,0,9,4,413
50.5,0,9,5,415
50.5,0,9,6,417
50.5,0,9,7,419
50.5,0,9,8,421
50.5,0,9,9,423
50.5,0,9,10,425
50.5,0,9,11,427
50.5,0,9,12,429
50.5,0,9,13,431
50.5,0,9,14,432
50.5,0,9,15,434
50.5,0,10,0,408
50.5,0,10,1,410
50.5,0,10,2,412
50.5,0,10,3,414
50.5,0,10,4,416
50.5,0,10,5,418
50.5,0,10,6,420
50.5,0,10,7,421
50.5,0,10,8,423
50.5,0,10,9,425
50.5,0,10,10,427
50.5,0,10,11,429
50.5,0,10,12,431
50.5,0,10,13,433
50.5,0,10,14,435
50.5,0,10,15,437
50.5,0,11,0,410
50.5,0,11,1,412
50.5,0,11,2,414
50.5,0,11,3,416
50.5,0,11,4,418
50.5,0,11,5,420
50.5,0,11,6,422
50.5,0,11,7,424
50.5,0,11,8,426
50.5,0,11,9,428
50.5,0,11,10,430
50.5,0,11,11,431
50.5,0,11,12,433
50.5,0,11,13,435
50.5,0,11,14,437
50.5,0,11,15,439
50.5,0,12,0,412
50.5,0,12,1,414
50.5,0,12,2,416
50.5,0,12,3,418
50.5,0,12,4,420
50.5,0,12,5,422
50.5,0,12,6,424
50.5,0,12,7,426
50.5,0,12,8,428
50.5,0,12,9,430
50.5,0,12,10,432
50.5,0,12,11,434
50.5,0,12,12,436
50.5,0,12,13,438
50.5,0,12,14,439
50.5,0,12,15,441
50.5,0,13,0,414
50.5,0,13,1,416
50.5,0,13,2,418
50.5,0,13,3,420
50.5,0,13,4,422
50.5,0,13,5,424
50.5,0,13,6,426
50.5,0,13,7,428
50.5,0,13,8,430
50.5,0,13,9,432
50.5,0,13,10,434
50.5,0,13,11,436
50.5,0,13,12,438
50.5,0,13,13,440
50.5,0,13,14,442
50.5,0,13,15,444
50.5,0,14,0,416
50.5,0,14,1,418
50.5,0,14,2,420
50.5,0,14,3,422
50.5,0,14,4,424
50.5,0,14,5,426
50.5,0,14,6,428
50.5,0,14,7,430
50.5,0,14,8,432
50.5,0,14,9,434
50.5,0,14,10,436
50.5,0,14,11,438
50.5,0,14,12,440
50.5,0,14,13,442
50.5,0,14,14,444
50.5,0,14,15,446
50.5,0,15,0,419
50.5,0,15,1,421
50.5,0,15,2,423
50.5,0,15,3,425
50.5,0,15,4,427
50.5,0,15,5,429
50.5,0,15,6,431
50.5,0,15,7,433
50.5,0,15,8,435
50.5,0,15,9,437
50.5,0,15,10,439
50.5,0,15,11,441
50.5,0,15,12,442
50.5,0,15,13,444
50.5,0,15,14,446
50.5,0,15,15,448
50.5,1,0,0,392
50.5,1,0,1,394
50.5,1,0,2,395
50.5,1,0,3,397
50.5,1,0,4,399
50.5,1,0,5,401
50.5,1,0,6,403
50.5,1,0,7,405
50.5,1,0,8,407
50.5,1,0,9,409
50.5,1,0,10,410
50.5,1,0,11,412
50.5,1,0,12,414
50.5,1,0,13,416
50.5,1,0,14,418
50.5,1,0,15,419
50.5,1,1,0,394
50.5,1,1,1,396
50.5,1,1,2,398
50.5,1,1,3,400
50.5,1,1,4,402
50.5,1,1,5,404
50.5,1,1,6,405
50.5,1,1,7,407
50.5,1,1,8,409
50.5,1,1,9,411
50.5,1,1,10,413
50.5,1,1,11,415
50.5,1,1,12,417
50.5,1,1,13,418
50.5,1,1,14,420
50.5,1,1,15,422
50.5,1,2,0,396
50.5,1,2,1,398
50.5,1,2,2,400
50.5,1,2,3,402
50.5,1,2,4,404
50.5,1,2,5,406
50.5,1,2,6,408
50.5,1,2,7,410
50.5,1,2,8,412
50.5,1,2,9,413
50.5,1,2,10,415
50.5,1,2,11,417
50.5,1,2,12,419
50.5,1,2,13,421
50.5,1,2,14,423
50.5,1,2,15,425
50.5,1,3,0,399
50.5,1,3,1,401
50.5,1,3,2,403
50.5,1,3,3,404
50.5,1,3,4,406
50.5,1,3,5,408
50.5,1,3,6,410
50.5,1,3,7,412
50.5,1,3,8,414
50.5,1,3,9,416
50.5,1,3,10,418
50.5,1,3,11,420
50.5,1,3,12,421
50.5,1,3,13,423
50.5,1,3,14,425
50.5,1,3,15,427
50.5,1,4,0,401
50.5,1,4,1,403
50.5,1,4,2,405
50.5,1,4,3,407
50.5,1,4,4,409
50.5,1,4,5,411
50.5,1,4,6,413
50.5,1,4,7,415
50.5,1,4,8,416
50.5,1,4,9,418
50.5,1,4,10,420
50.5,1,4,11,422
50.5,1,4,12,424
50.5,1,4,13,426
50.5,1,4,14,428
50.5,1,4,15,429
50.5,1,5,0,403
50.5,1,5,1,405
50.5,1,5,2,407
50.5,1,5,3,409
50.5,1,5,4,411
50.5,1,5,5,413
50.5,1,5,6,415
50.5,1,5,7,417
50.5,1,5,8,419
50.5,1,5,9,421
50.5,1,5,10,423
50.5,1,5,11,424
50.5,1,5,12,426
50.5,1,5,13,428
50.5,1,5,14,430
50.5,1,5,15,432
50.5,1,6,0,406
50.5,1,6,1,408
50.5,1,6,2,410
50.5,1,6,3,411
50.5,1,6,4,413
50.5,1,6,5,415
50.5,1,6,6,417
50.5,1,6,7,419
50.5,1,6,8,421
50.5,1,6,9,423
50.5,1,6,10,425
50.5,1,6,11,427
50.5,1,6,12,429
50.5,1,6,13,431
50.5,1,6,14,433
50.5,1,6,15,434
50.5,1,7,0,408
50.5,1,7,1,410
50.5,1,7,2,412
50.5,1,7,3,414
50.5,1,7,4,416
50.5,1,7,5,418
50.5,1,7,6,420
50.5,1,7,7,422
50.5,1,7,8,424
50.5,1,7,9,425
50.5,1,7,10,427
50.5,1,7,11,429
50.5,1,7,12,431
50.5,1,7,13,433
50.5,1,7,14,435
50.5,1,7,15,437
50.5,1,8,0,410
50.5,1,8,1,412
50.5,1,8,2,414
50.5,1,8,3,416
50.5,1,8,4,418
50.5,1,8,5,420
50.5,1,8,6,422
50.5,1,8,7,424
50.5,1,8,8,426
50.5,1,8,9,428
50.5,1,8,10,430
50.5,1,8,11,432
50.5,1,8,12,434
50.5,1,8,13,435
50.5,1,8,14,437
50.5,1,8,15,439
50.5,1,9,0,412
50.5,1,9,1,414
50.5,1,9,2,416
50.5,1,9,3,418
50.5,1,9,4,420
50.5,1,9,5,422
50.5,1,9,6,424
50.5,1,9,7,426
50.5,1,9,8,428
50.5,1,9,9,430
50.5,1,9,10,432
50.5,1,9,11,434
50.5,1,9,12,436
50.5,1,9,13,438
50.5,1,9,14,440
50.5,1,9,15,442
50.5,1,10,0,415
50.5,1,10,1,417
50.5,1,10,2,419
50.5,1,10,3,421
50.5,1,10,4,423
50.5,1,10,5,425
50.5,1,10,6,427
50.5,1,10,7,429
50.5,1,10,8,431
50.5,1,10,9,433
50.5,1,10,10,434
50.5,1,10,11,436
50.5,1,10,12,438
50.5,1,10,13,440
50.5,1,10,14,442
50.5,1,10,15,444
50.5,1,11,0,417
50.5,1,11,1,419
50.5,1,11,2,421
50.5,1,11,3,423
50.5,1,11,4,425
50.5,1,11,5,427
50.5,1,11,6,429
50.5,1,11,7,431
50.5,1,11,8,433
50.5,1,11,9,435
50.5,1,11,10,437
50.5,1,11,11,439
50.5,1,11,12,441
50.5,1,11,13,443
50.5,1,11,14,445
50.5,1,11,15,446
50.5,1,12,0,419
50.5,1,12,1,421
50.5,1,12,2,423
50.5,1,12,3,425
50.5,1,12,4,427
50.5,1,12,5,429
50.5,1,12,6,431
50.5,1,12,7,433
50.5,1,12,8,435
50.5,1,12,9,437
50.5,1,12,10,439
50.5,1,12,11,441
50.5,1,12,12,443
50.5,1,12,13,445
50.5,1,12,14,447
50.5,1,12,15,449
50.5,1,13,0,421
50.5,1,13,1,423
50.5,1,13,2,425
50.5,1,13,3,427
50.5,1,13,4,429
50.5,1,13,5,431
50.5,1,13,6,433
50.5,1,13,7,435
50.5,1,13,8,437
50.5,1,13,9,439
50.5,1,13,10,441
50.5,1,13,11,443
50.5,1,13,12,445
50.5,1,13,13,447
50.5,1,13,14,449
50.5,1,13,15,451
50.5,1,14,0,423
50.5,1,14,1,425
50.5,1,14,2,428
50.5,1,14,3,430
50.5,1,14,4,432
50.5,1,14,5,434
50.5,1,14,6,436
50.5,1,14,7,438
50.5,1,14,8,440
50.5,1,14,9,442
50.5,1,14,10,444
50.5,1,14,11,446
50.5,1,14,12,448
50.5,1,14,13,450
50.5,1,14,14,452
50.5,1,14,15,454
50.5,1,15,0,426
50.5,1,15,1,428
50.5,1,15,2,430
50.5,1,15,3,432
50.5,1,15,4,434
50.5,1,15,5,436
50.5,1,15,6,438
50.5,1,15,7,440
50.5,1,15,8,442
50.5,1,15,9,444
50.5,1,15,10,446
50.5,1,15,11,448
50.5,1,15,12,450
50.5,1,15,13,452
50.5,1,15,14,454
50.5,1,15,15,456
50.5,2,0,0,398
50.5,2,0,1,400
50.5,2,0,2,402
50.5,2,0,3,404
50.5,2,0,4,406
50.5,2,0,5,408
50.5,2,0,6,410
50.5,2,0,7,412
50.5,2,0,8,414
50.5,2,0,9,415
50.5,2,0,10,417
50.5,2,0,11,419
50.5,2,0,12,421
50.5,2,0,13,423
50.5,2,0,14,425
50.5,2,0,15,426
50.5,2,1,0,401
50.5,2,1,1,403
50.5,2,1,2,404
50.5,2,1,3,406
50.5,2,1,4,408
50.5,2,1,5,410
50.5,2,1,6,412
50.5,2,1,7,414
50.5,2,1,8,416
50.5,2,1,9,418
50.5,2,1,10,420
50.5,2,1,11,422
50.5,2,1,12,424
50.5,2,1,13,425
50.5,2,1,14,427
50.5,2,1,15,429
50.5,2,2,0,403
50.5,2,2,1,405
50.5,2,2,2,407
50.5,2,2,3,409
50.5,2,2,4,411
50.5,2,2,5,413
50.5,2,2,6,415
50.5,2,2,7,417
50.5,2,2,8,418
50.5,2,2,9,420
50.5,2,2,10,422
50.5,2,2,11,424
50.5,2,2,12,426
50.5,2,2,13,428
50.5,2,2,14,430
50.5,2,2,15,432
50.5,2,3,0,405
50.5,2,3,1,407
50.5,2,3,2,409
50.5,2,3,3,411
50.5,2,3,4,413
50.5,2,3,5,415
50.5,2,3,6,417
50.5,2,3,7,419
50.5,2,3,8,421
50.5,2,3,9,423
50.5,2,3,10,425
50.5,2,3,11,427
50.5,2,3,12,429
50.5,2,3,13,430
50.5,2,3,14,432
50.5,2,3,15,434
50.5,2,4,0,408
50.5,2,4,1,410
50.5,2,4,2,412
50.5,2,4,3,414
50.5,2,4,4,416
50.5,2,4,5,418
50.5,2,4,6,420
50.5,2,4,7,421
50.5,2,4,8,423
50.5,2,4,9,425
50.5,2,4,10,427
50.5,2,4,11,429
50.5,2,4,12,431
50.5,2,4,13,433
50.5,2,4,14,435
50.5,2,4,15,437
50.5,2,5,0,410
50.5,2,5,1,412
50.5,2,5,2,414
50.5,2,5,3,416
50.5,2,5,4,418
50.5,2,5,5,420
50.5,2,5,6,422
50.5,2,5,7,424
50.5,2,5,8,426
50.5,2,5,9,428
50.5,2,5,10,430
50.5,2,5,11,432
50.5,2,5,12,433
50.5,2,5,13,435
50.5,2,5,14,437
50.5,2,5,15,439
50.5,2,6,0,412
50.5,2,6,1,414
50.5,2,6,2,416
50.5,2,6,3,418
50.5,2,6,4,420
50.5,2,6,5,422
50.5,2,6,6,424
50.5,2,6,7,426
50.5,2,6,8,428
50.5,2,6,9,430
50.5,2,6,10,432
50.5,2,6,11,434
50.5,2,6,12,436
50.5,2,6,13,438
50.5,2,6,14,440
50.5,2,6,15,442
50.5,2,7,0,415
50.5,2,7,1,417
50.5,2,7,2,419
50.5,2,7,3,421
50.5,2,7,4,423
50.5,2,7,5,425
50.5,2,7,6,427
50.5,2,7,7,429
50.5,2,7,8,431
50.5,2,7,9,433
50.5,2,7,10,435
50.5,2,7,11,436
50.5,2,7,12,438
50.5,2,7,13,440
50.5,2,7,14,442
50.5,2,7,15,444
50.5,2,8,0,417
50.5,2,8,1,419
50.5,2,8,2,421
50.5,2,8,3,423
50.5,2,8,4,425
50.5,2,8,5,427
50.5,2,8,6,429
50.5,2,8,7,431
50.5,2,8,8,433
50.5,2,8,9,435
50.5,2,8,10,437
50.5,2,8,11,439
50.5,2,8,12,441
50.5,2,8,13,443
50.5,2,8,14,445
50.5,2,8,15,447
50.5,2,9,0,419
50.5,2,9,1,421
50.5,2,9,2,423
50.5,2,9,3,425
50.5,2,9,4,427
50.5,2,9,5,429
50.5,2,9,6,431
50.5,2,9,7,433
50.5,2,9,8,435
50.5,2,9,9,437
50.5,2,9,10,439
50.5,2,9,11,441
50.5,2,9,12,443
50.5,2,9,13,445
50.5,2,9,14,447
50.5,2,9,15,449
50.5,2,10,0,422
50.5,2,10,1,424
50.5,2,10,2,426
50.5,2,10,3,428
50.5,2,10,4,430
50.5,2,10,5,432
50.5,2,10,6,434
50.5,2,10,7,436
50.5,2,10,8,438
50.5,2,10,9,440
50.5,2,10,10,442
50.5,2,10,11,444
50.5,2,10,12,446
50.5,2,10,13,448
50.5,2,10,14,450
50.5,2,10,15,451
50.5,2,11,0,424
50.5,2,11,1,426
50.5,2,11,2,428
50.5,2,11,3,430
50.5,2,11,4,432
50.5,2,11,5,434
50.5,2,11,6,436
50.5,2,11,7,438
50.5,2,11,8,440
50.5,2,11,9,442
50.5,2,11,10,444
50.5,2,11,11,446
50.5,2,11,12,448
50.5,2,11,13,450
50.5,2,11,14,452
50.5,2,11,15,454
50.5,2,12,0,426
50.5,2,12,1,428
50.5,2,12,2,430
50.5,2,12,3,432
50.5,2,12,4,434
50.5,2,12,5,436
50.5,2,12,6,438
50.5,2,12,7,440
50.5,2,12,8,442
50.5,2,12,9,444
50.5,2,12,10,446
50.5,2,12,11,448
50.5,2,12,12,450
50.5,2,12,13,452
50.5,2,12,14,454
50.5,2,12,15,456
50.5,2,13,0,428
50.5,2,13,1,430
50.5,2,13,2,432
50.5,2,13,3,435
50.5,2,13,4,437
50.5,2,13,5,439
50.5,2,13,6,441
50.5,2,13,7,443
50.5,2,13,8,445
50.5,2,13,9,447
50.5,2,13,10,449
50.5,2,13,11,451
50.5,2,13,12,453
50.5,2,13,13,455
50.5,2,13,14,457
50.5,2,13,15,459
50.5,2,14,0,430
50.5,2,14,1,433
50.5,2,14,2,435
50.5,2,14,3,437
50.5,2,14,4,439
50.5,2,14,5,441
50.5,2,14,6,443
50.5,2,14,7,445
50.5,2,14,8,447
50.5,2,14,9,449
50.5,2,14,10,451
50.5,2,14,11,453
50.5,2,14,12,455
50.5,2,14,13,457
50.5,2,14,14,459
50.5,2,14,15,461
50.5,2,15,0,433
50.5,2,15,1,435
50.5,2,15,2,437
50.5,2,15,3,439
50.5,2,15,4,441
50.5,2,15,5,443
50.5,2,15,6,445
50.5,2,15,7,447
50.5,2,15,8,449
50.5,2,15,9,451
50.5,2,15,10,453
50.5,2,15,11,455
50.5,2,15,12,457
50.5,2,15,13,459
50.5,2,15,14,461
50.5,2,15,15,463
50.5,3,0,0,405
50.5,3,0,1,407
50.5,3,0,2,409
50.5,3,0,3,411
50.5,3,0,4,413
50.5,3,0,5,415
50.5,3,0,6,416
50.5,3,0,7,418
50.5,3,0,8,420
50.5,3,0,9,422
50.5,3,0,10,424
50.5,3,0,11,426
50.5,3,0,12,428
50.5,3,0,13,430
50.5,3,0,14,432
50.5,3,0,15,433
50.5,3,1,0,407
50.5,3,1,1,409
50.5,3,1,2,411
50.5,3,1,3,413
50.5,3,1,4,415
50.5,3,1,5,417
50.5,3,1,6,419
50.5,3,1,7,421
50.5,3,1,8,423
50.5,3,1,9,425
50.5,3,1,10,427
50.5,3,1,11,429
50.5,3,1,12,430
50.5,3,1,13,432
50.5,3,1,14,434
50.5,3,1,15,436
50.5,3,2,0,410
50.5,3,2,1,412
50.5,3,2,2,414
50.5,3,2,3,416
50.5,3,2,4,418
50.5,3,2,5,419
50.5,3,2,6,421
50.5,3,2,7,423
50.5,3,2,8,425
50.5,3,2,9,427
50.5,3,2,10,429
50.5,3,2,11,431
50.5,3,2,12,433
50.5,3,2,13,435
50.5,3,2,14,437
50.5,3,2,15,439
50.5,3,3,0,412
50.5,3,3,1,414
50.5,3,3,2,416
50.5,3,3,3,418
50.5,3,3,4,420
50.5,3,3,5,422
50.5,3,3,6,424
50.5,3,3,7,426
50.5,3,3,8,428
50.5,3,3,9,430
50.5,3,3,10,432
50.5,3,3,11,434
50.5,3,3,12,436
50.5,3,3,13,437
50.5,3,3,14,439
50.5,3,3,15,441
50.5,3,4,0,414
50.5,3,4,1,416
50.5,3,4,2,418
50.5,3,4,3,420
50.5,3,4,4,422
50.5,3,4,5,424
50.5,3,4,6,426
50.5,3,4,7,428
50.5,3,4,8,430
50.5,3,4,9,432
50.5,3,4,10,434
50.5,3,4,11,436
50.5,3,4,12,438
50.5,3,4,13,440
50.5,3,4,14,442
50.5,3,4,15,444
50.5,3,5,0,417
50.5,3,5,1,419
50.5,3,5,2,421
50.5,3,5,3,423
50.5,3,5,4,425
50.5,3,5,5,427
50.5,3,5,6,429
50.5,3,5,7,431
50.5,3,5,8,433
50.5,3,5,9,435
50.5,3,5,10,437
50.5,3,5,11,439
50.5,3,5,12,441
50.5,3,5,13,443
50.5,3,5,14,444
50.5,3,5,15,446
50.5,3,6,0,419
50.5,3,6,1,421
50.5,3,6,2,423
50.5,3,6,3,425
50.5,3,6,4,427
50.5,3,6,5,429
50.5,3,6,6,431
50.5,3,6,7,433
50.5,3,6,8,435
50.5,3,6,9,437
50.5,3,6,10,439
50.5,3,6,11,441
50.5,3,6,12,443
50.5,3,6,13,445
50.5,3,6,14,447
50.5,3,6,15,449
50.5,3,7,0,421
50.5,3,7,1,424
50.5,3,7,2,426
50.5,3,7,3,428
50.5,3,7,4,430
50.5,3,7,5,432
50.5,3,7,6,434
50.5,3,7,7,436
50.5,3,7,8,438
50.5,3,7,9,440
50.5,3,7,10,442
50.5,3,7,11,444
50.5,3,7,12,446
50.5,3,7,13,448
50.5,3,7,14,449
50.5,3,7,15,451
50.5,3,8,0,424
50.5,3,8,1,426
50.5,3,8,2,428
50.5,3,8,3,430
50.5,3,8,4,432
50.5,3,8,5,434
50.5,3,8,6,436
50.5,3,8,7,438
50.5,3,8,8,440
50.5,3,8,9,442
50.5,3,8,10,444
50.5,3,8,11,446
50.5,3,8,12,448
50.5,3,8,13,450
50.5,3,8,14,452
50.5,3,8,15,454
50.5,3,9,0,426
50.5,3,9,1,428
50.5,3,9,2,430
50.5,3,9,3,432
50.5,3,9,4,434
50.5,3,9,5,436
50.5,3,9,6,438
50.5,3,9,7,441
50.5,3,9,8,443
50.5,3,9,9,445
50.5,3,9,10,447
50.5,3,9,11,449
50.5,3,9,12,451
50.5,3,9,13,452
50.5,3,9,14,454
50.5,3,9,15,456
50.5,3,10,0,428
50.5,3,10,1,431
50.5,3,10,2,433
50.5,3,10,3,435
50.5,3,10,4,437
50.5,3,10,5,439
50.5,3,10,6,441
50.5,3,10,7,443
50.5,3,10,8,445
50.5,3,10,9,447
50.5,3,10,10,449
50.5,3,10,11,451
50.5,3,10,12,453
50.5,3,10,13,455
50.5,3,10,14,457
50.5,3,10,15,459
50.5,3,11,0,431
50.5,3,11,1,433
50.5,3,11,2,435
50.5,3,11,3,437
50.5,3,11,4,439
50.5,3,11,5,441
50.5,3,11,6,443
50.5,3,11,7,445
50.5,3,11,8,447
50.5,3,11,9,449
50.5,3,11,10,451
50.5,3,11,11,453
50.5,3,11,12,455
50.5,3,11,13,457
50.5,3,11,14,459
50.5,3,11,15,461
50.5,3,12,0,433
50.5,3,12,1,435
50.5,3,12,2,437
50.5,3,12,3,439
50.5,3,12,4,441
50.5,3,12,5,444
50.5,3,12,6,446
50.5,3,12,7,448
50.5,3,12,8,450
50.5,3,12,9,452
50.5,3,12,10,454
50.5,3,12,11,456
50.5,3,12,12,458
50.5,3,12,13,460
50.5,3,12,14,462
50.5,3,12,15,464
50.5,3,13,0,435
50.5,3,13,1,437
50.5,3,13,2,440
50.5,3,13,3,442
50.5,3,13,4,444
50.5,3,13,5,446
50.5,3,13,6,448
50.5,3,13,7,450
50.5,3,13,8,452
50.5,3,13,9,454
50.5,3,13,10,456
50.5,3,13,11,458
50.5,3,13,12,460
50.5,3,13,13,462
50.5,3,13,14,464
50.5,3,13,15,466
50.5,3,14,0,438
50.5,3,14,1,440
50.5,3,14,2,442
50.5,3,14,3,444
50.5,3,14,4,446
50.5,3,14,5,448
50.5,3,14,6,450
50.5,3,14,7,452
50.5,3,14,8,454
50.5,3,14,9,456
50.5,3,14,10,459
50.5,3,14,11,461
50.5,3,14,12,463
50.5,3,14,13,465
50.5,3,14,14,467
50.5,3,14,15,469
50.5,3,15,0,440
50.5,3,15,1,442
50.5,3,15,2,444
50.5,3,15,3,446
50.5,3,15,4,448
50.5,3,15,5,450
50.5,3,15,6,453
50.5,3,15,7,455
50.5,3,15,8,457
50.5,3,15,9,459
50.5,3,15,10,461
50.5,3,15,11,463
50.5,3,15,12,465
50.5,3,15,13,467
50.5,3,15,14,469
50.5,3,15,15,471
50.5,4,0,0,411
50.5,4,0,1,413
50.5,4,0,2,415
50.5,4,0,3,417
50.5,4,0,4,419
50.5,4,0,5,421
50.5,4,0,6,423
50.5,4,0,7,425
50.5,4,0,8,427
50.5,4,0,9,429
50.5,4,0,10,431
50.5,4,0,11,433
50.5,4,0,12,435
50.5,4,0,13,437
50.5,4,0,14,439
50.5,4,0,15,440
50.5,4,1,0,414
50.5,4,1,1,416
50.5,4,1,2,418
50.5,4,1,3,420
50.5,4,1,4,422
50.5,4,1,5,424
50.5,4,1,6,426
50.5,4,1,7,428
50.5,4,1,8,430
50.5,4,1,9,432
50.5,4,1,10,434
50.5,4,1,11,435
50.5,4,1,12,437
50.5,4,1,13,439
50.5,4,1,14,441
50.5,4,1,15,443
50.5,4,2,0,416
50.5,4,2,1,418
50.5,4,2,2,420
50.5,4,2,3,422
50.5,4,2,4,424
50.5,4,2,5,426
50.5,4,2,6,428
50.5,4,2,7,430
50.5,4,2,8,432
50.5,4,2,9,434
50.5,4,2,10,436
50.5,4,2,11,438
50.5,4,2,12,440
50.5,4,2,13,442
50.5,4,2,14,444
50.5,4,2,15,446
50.5,4,3,0,419
50.5,4,3,1,421
50.5,4,3,2,423
50.5,4,3,3,425
50.5,4,3,4,427
50.5,4,3,5,429
50.5,4,3,6,431
50.5,4,3,7,433
50.5,4,3,8,435
50.5,4,3,9,437
50.5,4,3,10,439
50.5,4,3,11,441
50.5,4,3,12,443
50.5,4,3,13,445
50.5,4,3,14,446
50.5,4,3,15,448
50.5,4,4,0,421
50.5,4,4,1,423
50.5,4,4,2,425
50.5,4,4,3,427
50.5,4,4,4,429
50.5,4,4,5,431
50.5,4,4,6,433
50.5,4,4,7,435
50.5,4,4,8,437
50.5,4,4,9,439
50.5,4,4,10,441
50.5,4,4,11,443
50.5,4,4,12,445
50.5,4,4,13,447
50.5,4,4,14,449
50.5,4,4,15,451
50.5,4,5,0,423
50.5,4,5,1,426
50.5,4,5,2,428
50.5,4,5,3,430
50.5,4,5,4,432
50.5,4,5,5,434
50.5,4,5,6,436
50.5,4,5,7,438
50.5,4,5,8,440
50.5,4,5,9,442
50.5,4,5,10,444
50.5,4,5,11,446
50.5,4,5,12,448
50.5,4,5,13,450
50.5,4,5,14,452
50.5,4,5,15,454
50.5,4,6,0,426
50.5,4,6,1,428
50.5,4,6,2,430
50.5,4,6,3,432
50.5,4,6,4,434
50.5,4,6,5,436
50.5,4,6,6,438
50.5,4,6,7,440
50.5,4,6,8,442
50.5,4,6,9,444
50.5,4,6,10,446
50.5,4,6,11,448
50.5,4,6,12,450
50.5,4,6,13,452
50.5,4,6,14,454
50.5,4,6,15,456
50.5,4,7,0,428
50.5,4,7,1,430
50.5,4,7,2,432
50.5,4,7,3,435
50.5,4,7,4,437
50.5,4,7,5,439
50.5,4,7,6,441
50.5,4,7,7,443
50.5,4,7,8,445
50.5,4,7,9,447
50.5,4,7,10,449
50.5,4,7,11,451
50.5,4,7,12,453
50.5,4,7,13,455
50.5,4,7,14,457
50.5,4,7,15,459
50.5,4,8,0,431
50.5,4,8,1,433
50.5,4,8,2,435
50.5,4,8,3,437
50.5,4,8,4,439
50.5,4,8,5,441
50.5,4,8,6,443
50.5,4,8,7,445
50.5,4,8,8,447
50.5,4,8,9,449
50.5,4,8,10,451
50.5,4,8,11,453
50.5,4,8,12,455
50.5,4,8,13,457
50.5,4,8,14,459
50.5,4,8,15,461
50.5,4,9,0,433
50.5,4,9,1,435
50.5,4,9,2,437
50.5,4,9,3,439
50.5,4,9,4,441
50.5,4,9,5,443
50.5,4,9,6,446
50.5,4,9,7,448
50.5,4,9,8,450
50.5,4,9,9,452
50.5,4,9,10,454
50.5,4,9,11,456
50.5,4,9,12,458
50.5,4,9,13,460
50.5,4,9,14,462
50.5,4,9,15,464
50.5,4,10,0,435
50.5,4,10,1,437
50.5,4,10,2,440
50.5,4,10,3,442
50.5,4,10,4,444
50.5,4,10,5,446
50.5,4,10,6,448
50.5,4,10,7,450
50.5,4,10,8,452
50.5,4,10,9,454
50.5,4,10,10,456
50.5,4,10,11,458
50.5,4,10,12,460
50.5,4,10,13,462
50.5,4,10,14,464
50.5,4,10,15,466
50.5,4,11,0,438
50.5,4,11,1,440
50.5,4,11,2,442
50.5,4,11,3,444
50.5,4,11,4,446
50.5,4,11,5,448
50.5,4,11,6,450
50.5,4,11,7,452
50.5,4,11,8,455
50.5,4,11,9,457
50.5,4,11,10,459
50.5,4,11,11,461
50.5,4,11,12,463
50.5,4,11,13,465
50.5,4,11,14,467
50.5,4,11,15,469
50.5,4,12,0,440
50.5,4,12,1,442
50.5,4,12,2,444
50.5,4,12,3,446
50.5,4,12,4,449
50.5,4,12,5,451
50.5,4,12,6,453
50.5,4,12,7,455
50.5,4,12,8,457
50.5,4,12,9,459
50.5,4,12,10,461
50.5,4,12,11,463
50.5,4,12,12,465
50.5,4,12,13,467
50.5,4,12,14,469
50.5,4,12,15,471
50.5,4,13,0,442
50.5,4,13,1,444
50.5,4,13,2,447
50.5,4,13,3,449
50.5,4,13,4,451
50.5,4,13,5,453
50.5,4,13,6,455
50.5,4,13,7,457
50.5,4,13,8,459
50.5,4,13,9,461
50.5,4,13,10,464
50.5,4,13,11,466
50.5,4,13,12,468
50.5,4,13,13,470
50.5,4,13,14,472
50.5,4,13,15,474
50.5,4,14,0,445
50.5,4,14,1,447
50.5,4,14,2,449
50.5,4,14,3,451
50.5,4,14,4,453
50.5,4,14,5,455
50.5,4,14,6,458
50.5,4,14,7,460
50.5,4,14,8,462
50.5,4,14,9,464
50.5,4,14,10,466
50.5,4,14,11,468
50.5,4,14,12,470
50.5,4,14,13,472
50.5,4,14,14,474
50.5,4,14,15,476
50.5,4,15,0,447
50.5,4,15,1,449
50.5,4,15,2,451
50.5,4,15,3,453
50.5,4,15,4,456
50.5,4,15,5,458
50.5,4,15,6,460
50.5,4,15,7,462
50.5,4,15,8,464
50.5,4,15,9,466
50.5,4,15,10,468
50.5,4,15,11,470
50.5,4,15,12,472
50.5,4,15,13,475
50.5,4,15,14,477
50.5,4,15,15,479
50.5,5,0,0,418
50.5,5,0,1,420
50.5,5,0,2,422
50.5,5,0,3,424
50.5,5,0,4,426
50.5,5,0,5,428
50.5,5,0,6,430
50.5,5,0,7,432
50.5,5,0,8,434
50.5,5,0,9,436
50.5,5,0,10,438
50.5,5,0,11,440
50.5,5,0,12,442
50.5,5,0,13,444
50.5,5,0,14,446
50.5,5,0,15,447
50.5,5,1,0,420
50.5,5,1,1,422
50.5,5,1,2,424
50.5,5,1,3,426
50.5,5,1,4,428
50.5,5,1,5,430
50.5,5,1,6,432
50.5,5,1,7,434
50.5,5,1,8,436
50.5,5,1,9,438
50.5,5,1,10,440
50.5,5,1,11,442
50.5,5,1,12,444
50.5,5,1,13,446
50.5,5,1,14,448
50.5,5,1,15,450
50.5,5,2,0,423
50.5,5,2,1,425
50.5,5,2,2,427
50.5,5,2,3,429
50.5,5,2,4,431
50.5,5,2,5,433
50.5,5,2,6,435
50.5,5,2,7,437
50.5,5,2,8,439
50.5,5,2,9,441
50.5,5,2,10,443
50.5,5,2,11,445
50.5,5,2,12,447
50.5,5,2,13,449
50.5,5,2,14,451
50.5,5,2,15,453
50.5,5,3,0,425
50.5,5,3,1,427
50.5,5,3,2,429
50.5,5,3,3,431
50.5,5,3,4,434
50.5,5,3,5,436
50.5,5,3,6,438
50.5,5,3,7,440
50.5,5,3,8,442
50.5,5,3,9,444
50.5,5,3,10,446
50.5,5,3,11,448
50.5,5,3,12,450
50.5,5,3,13,452
50.5,5,3,14,454
50.5,5,3,15,456
50.5,5,4,0,428
50.5,5,4,1,430
50.5,5,4,2,432
50.5,5,4,3,434
50.5,5,4,4,436
50.5,5,4,5,438
50.5,5,4,6,440
50.5,5,4,7,442
50.5,5,4,8,444
50.5,5,4,9,446
50.5,5,4,10,448
50.5,5,4,11,450
50.5,5,4,12,452
50.5,5,4,13,454
50.5,5,4,14,456
50.5,5,4,15,458
50.5,5,5,0,430
50.5,5,5,1,432
50.5,5,5,2,434
50.5,5,5,3,436
50.5,5,5,4,439
50.5,5,5,5,441
50.5,5,5,6,443
50.5,5,5,7,445
50.5,5,5,8,447
50.5,5,5,9,449
50.5,5,5,10,451
50.5,5,5,11,453
50.5,5,5,12,455
50.5,5,5,13,457
50.5,5,5,14,459
50.5,5,5,15,461
50.5,5,6,0,433
50.5,5,6,1,435
50.5,5,6,2,437
50.5,5,6,3,439
50.5,5,6,4,441
50.5,5,6,5,443
50.5,5,6,6,445
50.5,5,6,7,447
50.5,5,6,8,449
50.5,5,6,9,451
50.5,5,6,10,453
50.5,5,6,11,455
50.5,5,6,12,457
50.5,5,6,13,459
50.5,5,6,14,461
50.5,5,6,15,463
50.5,5,7,0,435
50.5,5,7,1,437
50.5,5,7,2,439
50.5,5,7,3,441
50.5,5,7,4,444
50.5,5,7,5,446
50.5,5,7,6,448
50.5,5,7,7,450
50.5,5,7,8,452
50.5,5,7,9,454
50.5,5,7,10,456
50.5,5,7,11,458
50.5,5,7,12,460
50.5,5,7,13,462
50.5,5,7,14,464
50.5,5,7,15,466
50.5,5,8,0,437
50.5,5,8,1,440
50.5,5,8,2,442
50.5,5,8,3,444
50.5,5,8,4,446
50.5,5,8,5,448
50.5,5,8,6,450
50.5,5,8,7,452
50.5,5,8,8,454
50.5,5,8,9,456
50.5,5,8,10,458
50.5,5,8,11,460
50.5,5,8,12,463
50.5,5,8,13,465
50.5,5,8,14,467
50.5,5,8,15,469
50.5,5,9,0,440
50.5,5,9,1,442
50.5,5,9,2,444
50.5,5,9,3,446
50.5,5,9,4,448
50.5,5,9,5,451
50.5,5,9,6,453
50.5,5,9,7,455
50.5,5,9,8,457
50.5,5,9,9,459
50.5,5,9,10,461
50.5,5,9,11,463
50.5,5,9,12,465
50.5,5,9,13,467
50.5,5,9,14,469
50.5,5,9,15,471
50.5,5,10,0,442
50.5,5,10,1,444
50.5,5,10,2,447
50.5,5,10,3,449
50.5,5,10,4,451
50.5,5,10,5,453
50.5,5,10,6,455
50.5,5,10,7,457
50.5,5,10,8,459
50.5,5,10,9,461
50.5,5,10,10,463
50.5,5,10,11,466
50.5,5,10,12,468
50.5,5,10,13,470
50.5,5,10,14,472
50.5,5,10,15,474
50.5,5,11,0,445
50.5,5,11,1,447
50.5,5,11,2,449
50.5,5,11,3,451
50.5,5,11,4,453
50.5,5,11,5,455
50.5,5,11,6,458
50.5,5,11,7,460
50.5,5,11,8,462
50.5,5,11,9,464
50.5,5,11,10,466
50.5,5,11,11,468
50.5,5,11,12,470
50.5,5,11,13,472
50.5,5,11,14,474
50.5,5,11,15,476
50.5,5,12,0,447
50.5,5,12,1,449
50.5,5,12,2,451
50.5,5,12,3,454
50.5,5,12,4,456
50.5,5,12,5,458
50.5,5,12,6,460
50.5,5,12,7,462
50.5,5,12,8,464
50.5,5,12,9,466
50.5,5,12,10,468
50.5,5,12,11,471
50.5,5,12,12,473
50.5,5,12,13,475
50.5,5,12,14,477
50.5,5,12,15,479
50.5,5,13,0,449
50.5,5,13,1,452
50.5,5,13,2,454
50.5,5,13,3,456
50.5,5,13,4,458
50.5,5,13,5,460
50.5,5,13,6,462
50.5,5,13,7,465
50.5,5,13,8,467
50.5,5,13,9,469
50.5,5,13,10,471
50.5,5,13,11,473
50.5,5,13,12,475
50.5,5,13,13,477
50.5,5,13,14,479
50.5,5,13,15,481
50.5,5,14,0,452
50.5,5,14,1,454
50.5,5,14,2,456
50.5,5,14,3,458
50.5,5,14,4,460
50.5,5,14,5,463
50.5,5,14,6,465
50.5,5,14,7,467
50.5,5,14,8,469
50.5,5,14,9,471
50.5,5,14,10,473
50.5,5,14,11,475
50.5,5,14,12,478
50.5,5,14,13,480
50.5,5,14,14,482
50.5,5,14,15,484
50.5,5,15,0,454
50.5,5,15,1,456
50.5,5,15,2,458
50.5,5,15,3,461
50.5,5,15,4,463
50.5,5,15,5,465
50.5,5,15,6,467
50.5,5,15,7,469
50.5,5,15,8,471
50.5,5,15,9,474
50.5,5,15,10,476
50.5,5,15,11,478
50.5,5,15,12,480
50.5,5,15,13,482
50.5,5,15,14,484
50.5,5,15,15,486
50.5,6,0,0,424
50.5,6,0,1,426
50.5,6,0,2,428
50.5,6,0,3,431
50.5,6,0,4,433
50.5,6,0,5,435
50.5,6,0,6,437
50.5,6,0,7,439
50.5,6,0,8,441
50.5,6,0,9,443
50.5,6,0,10,445
50.5,6,0,11,447
50.5,6,0,12,449
50.5,6,0,13,451
50.5,6,0,14,453
50.5,6,0,15,454
50.5,6,1,0,427
50.5,6,1,1,429
50.5,6,1,2,431
50.5,6,1,3,433
50.5,6,1,4,435
50.5,6,1,5,437
50.5,6,1,6,439
50.5,6,1,7,441
50.5,6,1,8,443
50.5,6,1,9,445
50.5,6,1,10,447
50.5,6,1,11,449
50.5,6,1,12,451
50.5,6,1,13,453
50.5,6,1,14,455
50.5,6,1,15,457
50.5,6,2,0,429
50.5,6,2,1,432
50.5,6,2,2,434
50.5,6,2,3,436
50.5,6,2,4,438
50.5,6,2,5,440
50.5,6,2,6,442
50.5,6,2,7,444
50.5,6,2,8,446
50.5,6,2,9,448
50.5,6,2,10,450
50.5,6,2,11,452
50.5,6,2,12,454
50.5,6,2,13,456
50.5,6,2,14,458
50.5,6,2,15,460
50.5,6,3,0,432
50.5,6,3,1,434
50.5,6,3,2,436
50.5,6,3,3,438
50.5,6,3,4,440
50.5,6,3,5,442
50.5,6,3,6,444
50.5,6,3,7,447
50.5,6,3,8,449
50.5,6,3,9,451
50.5,6,3,10,453
50.5,6,3,11,455
50.5,6,3,12,457
50.5,6,3,13,459
50.5,6,3,14,461
50.5,6,3,15,463
50.5,6,4,0,434
50.5,6,4,1,437
50.5,6,4,2,439
50.5,6,4,3,441
50.5,6,4,4,443
50.5,6,4,5,445
50.5,6,4,6,447
50.5,6,4,7,449
50.5,6,4,8,451
50.5,6,4,9,453
50.5,6,4,10,455
50.5,6,4,11,457
50.5,6,4,12,459
50.5,6,4,13,461
50.5,6,4,14,463
50.5,6,4,15,465
50.5,6,5,0,437
50.5,6,5,1,439
50.5,6,5,2,441
50.5,6,5,3,443
50.5,6,5,4,445
50.5,6,5,5,448
50.5,6,5,6,450
50.5,6,5,7,452
50.5,6,5,8,454
50.5,6,5,9,456
50.5,6,5,10,458
50.5,6,5,11,460
50.5,6,5,12,462
50.5,6,5,13,464
50.5,6,5,14,466
50.5,6,5,15,468
50.5,6,6,0,439
50.5,6,6,1,442
50.5,6,6,2,444
50.5,6,6,3,446
50.5,6,6,4,448
50.5,6,6,5,450
50.5,6,6,6,452
50.5,6,6,7,454
50.5,6,6,8,456
50.5,6,6,9,458
50.5,6,6,10,460
50.5,6,6,11,463
50.5,6,6,12,465
50.5,6,6,13,467
50.5,6,6,14,469
50.5,6,6,15,471
50.5,6,7,0,442
50.5,6,7,1,444
50.5,6,7,2,446
50.5,6,7,3,448
50.5,6,7,4,450
50.5,6,7,5,453
50.5,6,7,6,455
50.5,6,7,7,457
50.5,6,7,8,459
50.5,6,7,9,461
50.5,6,7,10,463
50.5,6,7,11,465
50.5,6,7,12,467
50.5,6,7,13,469
50.5,6,7,14,471
50.5,6,7,15,473
50.5,6,8,0,444
50.5,6,8,1,446
50.5,6,8,2,449
50.5,6,8,3,451
50.5,6,8,4,453
50.5,6,8,5,455
50.5,6,8,6,457
50.5,6,8,7,459
50.5,6,8,8,461
50.5,6,8,9,464
50.5,6,8,10,466
50.5,6,8,11,468
50.5,6,8,12,470
50.5,6,8,13,472
50.5,6,8,14,474
50.5,6,8,15,476
50.5,6,9,0,447
50.5,6,9,1,449
50.5,6,9,2,451
50.5,6,9,3,453
50.5,6,9,4,455
50.5,6,9,5,458
50.5,6,9,6,460
50.5,6,9,7,462
50.5,6,9,8,464
50.5,6,9,9,466
50.5,6,9,10,468
50.5,6,9,11,470
50.5,6,9,12,472
50.5,6,9,13,474
50.5,6,9,14,476
50.5,6,9,15,479
50.5,6,10,0,449
50.5,6,10,1,451
50.5,6,10,2,454
50.5,6,10,3,456
50.5,6,10,4,458
50.5,6,10,5,460
50.5,6,10,6,462
50.5,6,10,7,464
50.5,6,10,8,466
50.5,6,10,9,469
50.5,6,10,10,471
50.5,6,10,11,473
50.5,6,10,12,475
50.5,6,10,13,477
50.5,6,10,14,479
50.5,6,10,15,481
50.5,6,11,0,452
50.5,6,11,1,454
50.5,6,11,2,456
50.5,6,11,3,458
50.5,6,11,4,460
50.5,6,11,5,463
50.5,6,11,6,465
50.5,6,11,7,467
50.5,6,11,8,469
50.5,6,11,9,471
50.5,6,11,10,473
50.5,6,11,11,475
50.5,6,11,12,477
50.5,6,11,13,480
50.5,6,11,14,482
50.5,6,11,15,484
50.5,6,12,0,454
50.5,6,12,1,456
50.5,6,12,2,458
50.5,6,12,3,461
50.5,6,12,4,463
50.5,6,12,5,465
50.5,6,12,6,467
50.5,6,12,7,469
50.5,6,12,8,471
50.5,6,12,9,474
50.5,6,12,10,476
50.5,6,12,11,478
50.5,6,12,12,480
50.5,6,12,13,482
50.5,6,12,14,484
50.5,6,12,15,486
50.5,6,13,0,456
50.5,6,13,1,459
50.5,6,13,2,461
50.5,6,13,3,463
50.5,6,13,4,465
50.5,6,13,5,467
50.5,6,13,6,470
50.5,6,13,7,472
50.5,6,13,8,474
50.5,6,13,9,476
50.5,6,13,10,478
50.5,6,13,11,480
50.5,6,13,12,483
50.5,6,13,13,485
50.5,6,13,14,487
50.5,6,13,15,489
50.5,6,14,0,459
50.5,6,14,1,461
50.5,6,14,2,463
50.5,6,14,3,465
50.5,6,14,4,468
50.5,6,14,5,470
50.5,6,14,6,472
50.5,6,14,7,474
50.5,6,14,8,476
50.5,6,14,9,479
50.5,6,14,10,481
50.5,6,14,11,483
50.5,6,14,12,485
50.5,6,14,13,487
50.5,6,14,14,489
50.5,6,14,15,491
50.5,6,15,0,461
50.5,6,15,1,463
50.5,6,15,2,466
50.5,6,15,3,468
50.5,6,15,4,470
50.5,6,15,5,472
50.5,6,15,6,474
50.5,6,15,7,477
50.5,6,15,8,479
50.5,6,15,9,481
50.5,6,15,10,483
50.5,6,15,11,485
50.5,6,15,12,488
50.5,6,15,13,490
50.5,6,15,14,492
50.5,6,15,15,494
50.5,7,0,0,431
50.5,7,0,1,433
50.5,7,0,2,435
50.5,7,0,3,437
50.5,7,0,4,439
50.5,7,0,5,441
50.5,7,0,6,443
50.5,7,0,7,445
50.5,7,0,8,447
50.5,7,0,9,449
50.5,7,0,10,452
50.5,7,0,11,454
50.5,7,0,12,456
50.5,7,0,13,458
50.5,7,0,14,460
50.5,7,0,15,461
50.5,7,1,0,433
50.5,7,1,1,436
50.5,7,1,2,438
50.5,7,1,3,440
50.5,7,1,4,442
50.5,7,1,5,444
50.5,7,1,6,446
50.5,7,1,7,448
50.5,7,1,8,450
50.5,7,1,9,452
50.5,7,1,10,454
50.5,7,1,11,456
50.5,7,1,12,458
50.5,7,1,13,460
50.5,7,1,14,462
50.5,7,1,15,464
50.5,7,2,0,436
50.5,7,2,1,438
50.5,7,2,2,440
50.5,7,2,3,442
50.5,7,2,4,444
50.5,7,2,5,447
50.5,7,2,6,449
50.5,7,2,7,451
50.5,7,2,8,453
50.5,7,2,9,455
50.5,7,2,10,457
50.5,7,2,11,459
50.5,7,2,12,461
50.5,7,2,13,463
50.5,7,2,14,465
50.5,7,2,15,467
50.5,7,3,0,439
50.5,7,3,1,441
50.5,7,3,2,443
50.5,7,3,3,445
50.5,7,3,4,447
50.5,7,3,5,449
50.5,7,3,6,451
50.5,7,3,7,453
50.5,7,3,8,455
50.5,7,3,9,458
50.5,7,3,10,460
50.5,7,3,11,462
50.5,7,3,12,464
50.5,7,3,13,466
50.5,7,3,14,468
50.5,7,3,15,470
50.5,7,4,0,441
50.5,7,4,1,443
50.5,7,4,2,445
50.5,7,4,3,448
50.5,7,4,4,450
50.5,7,4,5,452
50.5,7,4,6,454
50.5,7,4,7,456
50.5,7,4,8,458
50.5,7,4,9,460
50.5,7,4,10,462
50.5,7,4,11,464
50.5,7,4,12,466
50.5,7,4,13,468
50.5,7,4,14,470
50.5,7,4,15,472
50.5,7,5,0,444
50.5,7,5,1,446
50.5,7,5,2,448
50.5,7,5,3,450
50.5,7,5,4,452
50.5,7,5,5,454
50.5,7,5,6,457
50.5,7,5,7,459
50.5,7,5,8,461
50.5,7,5,9,463
50.5,7,5,10,465
50.5,7,5,11,467
50.5,7,5,12,469
50.5,7,5,13,471
50.5,7,5,14,473
50.5,7,5,15,475
50.5,7,6,0,446
50.5,7,6,1,448
50.5,7,6,2,451
50.5,7,6,3,453
50.5,7,6,4,455
50.5,7,6,5,457
50.5,7,6,6,459
50.5,7,6,7,461
50.5,7,6,8,463
50.5,7,6,9,465
50.5,7,6,10,468
50.5,7,6,11,470
50.5,7,6,12,472
50.5,7,6,13,474
50.5,7,6,14,476
50.5,7,6,15,478
50.5,7,7,0,449
50.5,7,7,1,451
50.5,7,7,2,453
50.5,7,7,3,455
50.5,7,7,4,457
50.5,7,7,5,460
50.5,7,7,6,462
50.5,7,7,7,464
50.5,7,7,8,466
50.5,7,7,9,468
50.5,7,7,10,470
50.5,7,7,11,472
50.5,7,7,12,474
50.5,7,7,13,476
50.5,7,7,14,479
50.5,7,7,15,481
50.5,7,8,0,451
50.5,7,8,1,453
50.5,7,8,2,456
50.5,7,8,3,458
50.5,7,8,4,460
50.5,7,8,5,462
50.5,7,8,6,464
50.5,7,8,7,466
50.5,7,8,8,469
50.5,7,8,9,471
50.5,7,8,10,473
50.5,7,8,11,475
50.5,7,8,12,477
50.5,7,8,13,479
50.5,7,8,14,481
50.5,7,8,15,483
50.5,7,9,0,454
50.5,7,9,1,456
50.5,7,9,2,458
50.5,7,9,3,460
50.5,7,9,4,462
50.5,7,9,5,465
50.5,7,9,6,467
50.5,7,9,7,469
50.5,7,9,8,471
50.5,7,9,9,473
50.5,7,9,10,475
50.5,7,9,11,477
50.5,7,9,12,480
50.5,7,9,13,482
50.5,7,9,14,484
50.5,7,9,15,486
50.5,7,10,0,456
50.5,7,10,1,458
50.5,7,10,2,461
50.5,7,10,3,463
50.5,7,10,4,465
50.5,7,10,5,467
50.5,7,10,6,469
50.5,7,10,7,472
50.5,7,10,8,474
50.5,7,10,9,476
50.5,7,10,10,478
50.5,7,10,11,480
50.5,7,10,12,482
50.5,7,10,13,484
50.5,7,10,14,486
50.5,7,10,15,489
50.5,7,11,0,459
50.5,7,11,1,461
50.5,7,11,2,463
50.5,7,11,3,465
50.5,7,11,4,467
50.5,7,11,5,470
50.5,7,11,6,472
50.5,7,11,7,474
50.5,7,11,8,476
50.5,7,11,9,478
50.5,7,11,10,481
50.5,7,11,11,483
50.5,7,11,12,485
50.5,7,11,13,487
50.5,7,11,14,489
50.5,7,11,15,491
50.5,7,12,0,461
50.5,7,12,1,463
50.5,7,12,2,465
50.5,7,12,3,468
50.5,7,12,4,470
50.5,7,12,5,472
50.5,7,12,6,474
50.5,7,12,7,477
50.5,7,12,8,479
50.5,7,12,9,481
50.5,7,12,10,483
50.5,7,12,11,485
50.5,7,12,12,487
50.5,7,12,13,490
50.5,7,12,14,492
50.5,7,12,15,494
50.5,7,13,0,463
50.5,7,13,1,466
50.5,7,13,2,468
50.5,7,13,3,470
50.5,7,13,4,472
50.5,7,13,5,475
50.5,7,13,6,477
50.5,7,13,7,479
50.5,7,13,8,481
50.5,7,13,9,483
50.5,7,13,10,486
50.5,7,13,11,488
50.5,7,13,12,490
50.5,7,13,13,492
50.5,7,13,14,494
50.5,7,13,15,496
50.5,7,14,0,466
50.5,7,14,1,468
50.5,7,14,2,470
50.5,7,14,3,473
50.5,7,14,4,475
50.5,7,14,5,477
50.5,7,14,6,479
50.5,7,14,7,482
50.5,7,14,8,484
50.5,7,14,9,486
50.5,7,14,10,488
50.5,7,14,11,490
50.5,7,14,12,492
50.5,7,14,13,495
50.5,7,14,14,497
50.5,7,14,15,499
50.5,7,15,0,468
50.5,7,15,1,471
50.5,7,15,2,473
50.5,7,15,3,475
50.5,7,15,4,477
50.5,7,15,5,480
50.5,7,15,6,482
50.5,7,15,7,484
50.5,7,15,8,486
50.5,7,15,9,488
50.5,7,15,10,491
50.5,7,15,11,493
50.5,7,15,12,495
50.5,7,15,13,497
50.5,7,15,14,499
50.5,7,15,15,501
50.5,8,0,0,437
50.5,8,0,1,440
50.5,8,0,2,442
50.5,8,0,3,444
50.5,8,0,4,446
50.5,8,0,5,448
50.5,8,0,6,450
50.5,8,0,7,452
50.5,8,0,8,454
50.5,8,0,9,456
50.5,8,0,10,458
50.5,8,0,11,460
50.5,8,0,12,462
50.5,8,0,13,464
50.5,8,0,14,466
50.5,8,0,15,468
50.5,8,1,0,440
50.5,8,1,1,442
50.5,8,1,2,444
50.5,8,1,3,446
50.5,8,1,4,449
50.5,8,1,5,451
50.5,8,1,6,453
50.5,8,1,7,455
50.5,8,1,8,457
50.5,8,1,9,459
50.5,8,1,10,461
50.5,8,1,11,463
50.5,8,1,12,465
50.5,8,1,13,467
50.5,8,1,14,469
50.5,8,1,15,471
50.5,8,2,0,443
50.5,8,2,1,445
50.5,8,2,2,447
50.5,8,2,3,449
50.5,8,2,4,451
50.5,8,2,5,453
50.5,8,2,6,455
50.5,8,2,7,458
50.5,8,2,8,460
50.5,8,2,9,462
50.5,8,2,10,464
50.5,8,2,11,466
50.5,8,2,12,468
50.5,8,2,13,470
50.5,8,2,14,472
50.5,8,2,15,474
50.5,8,3,0,445
50.5,8,3,1,447
50.5,8,3,2,450
50.5,8,3,3,452
50.5,8,3,4,454
50.5,8,3,5,456
50.5,8,3,6,458
50.5,8,3,7,460
50.5,8,3,8,462
50.5,8,3,9,464
50.5,8,3,10,467
50.5,8,3,11,469
50.5,8,3,12,471
50.5,8,3,13,473
50.5,8,3,14,475
50.5,8,3,15,477
50.5,8,4,0,448
50.5,8,4,1,450
50.5,8,4,2,452
50.5,8,4,3,454
50.5,8,4,4,457
50.5,8,4,5,459
50.5,8,4,6,461
50.5,8,4,7,463
50.5,8,4,8,465
50.5,8,4,9,467
50.5,8,4,10,469
50.5,8,4,11,471
50.5,8,4,12,473
50.5,8,4,13,476
50.5,8,4,14,478
50.5,8,4,15,480
50.5,8,5,0,450
50.5,8,5,1,453
50.5,8,5,2,455
50.5,8,5,3,457
50.5,8,5,4,459
50.5,8,5,5,461
50.5,8,5,6,463
50.5,8,5,7,466
50.5,8,5,8,468
50.5,8,5,9,470
50.5,8,5,10,472
50.5,8,5,11,474
50.5,8,5,12,476
50.5,8,5,13,478
50.5,8,5,14,480
50.5,8,5,15,482
50.5,8,6,0,453
50.5,8,6,1,455
50.5,8,6,2,457
50.5,8,6,3,460
50.5,8,6,4,462
50.5,8,6,5,464
50.5,8,6,6,466
50.5,8,6,7,468
50.5,8,6,8,470
50.5,8,6,9,473
50.5,8,6,10,475
50.5,8,6,11,477
50.5,8,6,12,479
50.5,8,6,13,481
50.5,8,6,14,483
50.5,8,6,15,485
50.5,8,7,0,455
50.5,8,7,1,458
50.5,8,7,2,460
50.5,8,7,3,462
50.5,8,7,4,464
50.5,8,7,5,467
50.5,8,7,6,469
50.5,8,7,7,471
50.5,8,7,8,473
50.5,8,7,9,475
50.5,8,7,10,477
50.5,8,7,11,479
50.5,8,7,12,482
50.5,8,7,13,484
50.5,8,7,14,486
50.5,8,7,15,488
50.5,8,8,0,458
50.5,8,8,1,460
50.5,8,8,2,462
50.5,8,8,3,465
50.5,8,8,4,467
50.5,8,8,5,469
50.5,8,8,6,471
50.5,8,8,7,473
50.5,8,8,8,476
50.5,8,8,9,478
50.5,8,8,10,480
50.5,8,8,11,482
50.5,8,8,12,484
50.5,8,8,13,486
50.5,8,8,14,488
50.5,8,8,15,491
50.5,8,9,0,461
50.5,8,9,1,463
50.5,8,9,2,465
50.5,8,9,3,467
50.5,8,9,4,469
50.5,8,9,5,472
50.5,8,9,6,474
50.5,8,9,7,476
50.5,8,9,8,478
50.5,8,9,9,480
50.5,8,9,10,483
50.5,8,9,11,485
50.5,8,9,12,487
50.5,8,9,13,489
50.5,8,9,14,491
50.5,8,9,15,493
50.5,8,10,0,463
50.5,8,10,1,465
50.5,8,10,2,468
50.5,8,10,3,470
50.5,8,10,4,472
50.5,8,10,5,474
50.5,8,10,6,476
50.5,8,10,7,479
50.5,8,10,8,481
50.5,8,10,9,483
50.5,8,10,10,485
50.5,8,10,11,487
50.5,8,10,12,490
50.5,8,10,13,492
50.5,8,10,14,494
50.5,8,10,15,496
50.5,8,11,0,466
50.5,8,11,1,468
50.5,8,11,2,470
50.5,8,11,3,472
50.5,8,11,4,475
50.5,8,11,5,477
50.5,8,11,6,479
50.5,8,11,7,481
50.5,8,11,8,483
50.5,8,11,9,486
50.5,8,11,10,488
50.5,8,11,11,490
50.5,8,11,12,492
50.5,8,11,13,494
50.5,8,11,14,496
50.5,8,11,15,499
50.5,8,12,0,468
50.5,8,12,1,470
50.5,8,12,2,473
50.5,8,12,3,475
50.5,8,12,4,477
50.5,8,12,5,479
50.5,8,12,6,482
50.5,8,12,7,484
50.5,8,12,8,486
50.5,8,12,9,488
50.5,8,12,10,490
50.5,8,12,11,493
50.5,8,12,12,495
50.5,8,12,13,497
50.5,8,12,14,499
50.5,8,12,15,501
50.5,8,13,0,470
50.5,8,13,1,473
50.5,8,13,2,475
50.5,8,13,3,477
50.5,8,13,4,480
50.5,8,13,5,482
50.5,8,13,6,484
50.5,8,13,7,486
50.5,8,13,8,489
50.5,8,13,9,491
50.5,8,13,10,493
50.5,8,13,11,495
50.5,8,13,12,497
50.5,8,13,13,500
50.5,8,13,14,502
50.5,8,13,15,504
50.5,8,14,0,473
50.5,8,14,1,475
50.5,8,14,2,477
50.5,8,14,3,480
50.5,8,14,4,482
50.5,8,14,5,484
50.5,8,14,6,487
50.5,8,14,7,489
50.5,8,14,8,491
50.5,8,14,9,493
50.5,8,14,10,496
50.5,8,14,11,498
50.5,8,14,12,500
50.5,8,14,13,502
50.5,8,14,14,504
50.5,8,14,15,506
50.5,8,15,0,475
50.5,8,15,1,478
50.5,8,15,2,480
50.5,8,15,3,482
50.5,8,15,4,485
50.5,8,15,5,487
50.5,8,15,6,489
50.5,8,15,7,491
50.5,8,15,8,494
50.5,8,15,9,496
50.5,8,15,10,498
50.5,8,15,11,500
50.5,8,15,12,503
50.5,8,15,13,505
50.5,8,15,14,507
50.5,8,15,15,509
50.5,9,0,0,444
50.5,9,0,1,446
50.5,9,0,2,448
50.5,9,0,3,450
50.5,9,0,4,453
50.5,9,0,5,455
50.5,9,0,6,457
50.5,9,0,7,459
50.5,9,0,8,461
50.5,9,0,9,463
50.5,9,0,10,465
50.5,9,0,11,467
50.5,9,0,12,469
50.5,9,0,13,471
50.5,9,0,14,473
50.5,9,0,15,475
50.5,9,1,0,447
50.5,9,1,1,449
50.5,9,1,2,451
50.5,9,1,3,453
50.5,9,1,4,455
50.5,9,1,5,457
50.5,9,1,6,460
50.5,9,1,7,462
50.5,9,1,8,464
50.5,9,1,9,466
50.5,9,1,10,468
50.5,9,1,11,470
50.5,9,1,12,472
50.5,9,1,13,474
50.5,9,1,14,476
50.5,9,1,15,478
50.5,9,2,0,449
50.5,9,2,1,451
50.5,9,2,2,454
50.5,9,2,3,456
50.5,9,2,4,458
50.5,9,2,5,460
50.5,9,2,6,462
50.5,9,2,7,464
50.5,9,2,8,467
50.5,9,2,9,469
50.5,9,2,10,471
50.5,9,2,11,473
50.5,9,2,12,475
50.5,9,2,13,477
50.5,9,2,14,479
50.5,9,2,15,481
50.5,9,3,0,452
50.5,9,3,1,454
50.5,9,3,2,456
50.5,9,3,3,458
50.5,9,3,4,461
50.5,9,3,5,463
50.5,9,3,6,465
50.5,9,3,7,467
50.5,9,3,8,469
50.5,9,3,9,471
50.5,9,3,10,474
50.5,9,3,11,476
50.5,9,3,12,478
50.5,9,3,13,480
50.5,9,3,14,482
50.5,9,3,15,484
50.5,9,4,0,455
50.5,9,4,1,457
50.5,9,4,2,459
50.5,9,4,3,461
50.5,9,4,4,463
50.5,9,4,5,466
50.5,9,4,6,468
50.5,9,4,7,470
50.5,9,4,8,472
50.5,9,4,9,474
50.5,9,4,10,476
50.5,9,4,11,478
50.5,9,4,12,481
50.5,9,4,13,483
50.5,9,4,14,485
50.5,9,4,15,487
50.5,9,5,0,457
50.5,9,5,1,459
50.5,9,5,2,462
50.5,9,5,3,464
50.5,9,5,4,466
50.5,9,5,5,468
50.5,9,5,6,470
50.5,9,5,7,473
50.5,9,5,8,475
50.5,9,5,9,477
50.5,9,5,10,479
50.5,9,5,11,481
50.5,9,5,12,483
50.5,9,5,13,485
50.5,9,5,14,488
50.5,9,5,15,490
50.5,9,6,0,460
50.5,9,6,1,462
50.5,9,6,2,464
50.5,9,6,3,466
50.5,9,6,4,469
50.5,9,6,5,471
50.5,9,6,6,473
50.5,9,6,7,475
50.5,9,6,8,477
50.5,9,6,9,480
50.5,9,6,10,482
50.5,9,6,11,484
50.5,9,6,12,486
50.5,9,6,13,488
50.5,9,6,14,490
50.5,9,6,15,492
50.5,9,7,0,462
50.5,9,7,1,465
50.5,9,7,2,467
50.5,9,7,3,469
50.5,9,7,4,471
50.5,9,7,5,473
50.5,9,7,6,476
50.5,9,7,7,478
50.5,9,7,8,480
50.5,9,7,9,482
50.5,9,7,10,484
50.5,9,7,11,487
50.5,9,7,12,489
50.5,9,7,13,491
50.5,9,7,14,493
50.5,9,7,15,495
50.5,9,8,0,465
50.5,9,8,1,467
50.5,9,8,2,469
50.5,9,8,3,472
50.5,9,8,4,474
50.5,9,8,5,476
50.5,9,8,6,478
50.5,9,8,7,481
50.5,9,8,8,483
50.5,9,8,9,485
50.5,9,8,10,487
50.5,9,8,11,489
50.5,9,8,12,491
50.5,9,8,13,494
50.5,9,8,14,496
50.5,9,8,15,498
50.5,9,9,0,467
50.5,9,9,1,470
50.5,9,9,2,472
50.5,9,9,3,474
50.5,9,9,4,476
50.5,9,9,5,479
50.5,9,9,6,481
50.5,9,9,7,483
50.5,9,9,8,485
50.5,9,9,9,488
50.5,9,9,10,490
50.5,9,9,11,492
50.5,9,9,12,494
50.5,9,9,13,496
50.5,9,9,14,498
50.5,9,9,15,501
50.5,9,10,0,470
50.5,9,10,1,472
50.5,9,10,2,475
50.5,9,10,3,477
50.5,9,10,4,479
50.5,9,10,5,481
50.5,9,10,6,484
50.5,9,10,7,486
50.5,9,10,8,488
50.5,9,10,9,490
50.5,9,10,10,492
50.5,9,10,11,495
50.5,9,10,12,497
50.5,9,10,13,499
50.5,9,10,14,501
50.5,9,10,15,503
50.5,9,11,0,472
50.5,9,11,1,475
50.5,9,11,2,477
50.5,9,11,3,479
50.5,9,11,4,482
50.5,9,11,5,484
50.5,9,11,6,486
50.5,9,11,7,488
50.5,9,11,8,491
50.5,9,11,9,493
50.5,9,11,10,495
50.5,9,11,11,497
50.5,9,11,12,500
50.5,9,11,13,502
50.5,9,11,14,504
50.5,9,11,15,506
50.5,9,12,0,475
50.5,9,12,1,477
50.5,9,12,2,480
50.5,9,12,3,482
50.5,9,12,4,484
50.5,9,12,5,486
50.5,9,12,6,489
50.5,9,12,7,491
50.5,9,12,8,493
50.5,9,12,9,495
50.5,9,12,10,498
50.5,9,12,11,500
50.5,9,12,12,502
50.5,9,12,13,504
50.5,9,12,14,507
50.5,9,12,15,509
50.5,9,13,0,477
50.5,9,13,1,480
50.5,9,13,2,482
50.5,9,13,3,484
50.5,9,13,4,487
50.5,9,13,5,489
50.5,9,13,6,491
50.5,9,13,7,494
50.5,9,13,8,496
50.5,9,13,9,498
50.5,9,13,10,500
50.5,9,13,11,503
50.5,9,13,12,505
50.5,9,13,13,507
50.5,9,13,14,509
50.5,9,13,15,511
50.5,9,14,0,480
50.5,9,14,1,482
50.5,9,14,2,485
50.5,9,14,3,487
50.5,9,14,4,489
50.5,9,14,5,492
50.5,9,14,6,494
50.5,9,14,7,496
50.5,9,14,8,498
50.5,9,14,9,501
50.5,9,14,10,503
50.5,9,14,11,505
50.5,9,14,12,507
50.5,9,14,13,510
50.5,9,14,14,512
50.5,9,14,15,514
50.5,9,15,0,482
50.5,9,15,1,485
50.5,9,15,2,487
50.5,9,15,3,489
50.5,9,15,4,492
50.5,9,15,5,494
50.5,9,15,6,496
50.5,9,15,7,499
50.5,9,15,8,501
50.5,9,15,9,503
50.5,9,15,10,506
50.5,9,15,11,508
50.5,9,15,12,510
50.5,9,15,13,512
50.5,9,15,14,514
50.5,9,15,15,517
50.5,10,0,0,450
50.5,10,0,1,453
50.5,10,0,2,455
50.5,10,0,3,457
50.5,10,0,4,459
50.5,10,0,5,461
50.5,10,0,6,464
50.5,10,0,7,466
50.5,10,0,8,468
50.5,10,0,9,470
50.5,10,0,10,472
50.5,10,0,11,474
50.5,10,0,12,476
50.5,10,0,13,478
50.5,10,0,14,480
50.5,10,0,15,482
50.5,10,1,0,453
50.5,10,1,1,455
50.5,10,1,2,458
50.5,10,1,3,460
50.5,10,1,4,462
50.5,10,1,5,464
50.5,10,1,6,466
50.5,10,1,7,468
50.5,10,1,8,471
50.5,10,1,9,473
50.5,10,1,10,475
50.5,10,1,11,477
50.5,10,1,12,479
50.5,10,1,13,481
50.5,10,1,14,483
50.5,10,1,15,485
50.5,10,2,0,456
50.5,10,2,1,458
50.5,10,2,2,460
50.5,10,2,3,463
50.5,10,2,4,465
50.5,10,2,5,467
50.5,10,2,6,469
50.5,10,2,7,471
50.5,10,2,8,473
50.5,10,2,9,476
50.5,10,2,10,478
50.5,10,2,11,480
50.5,10,2,12,482
50.5,10,2,13,484
50.5,10,2,14,486
50.5,10,2,15,488
50.5,10,3,0,459
50.5,10,3,1,461
50.5,10,3,2,463
50.5,10,3,3,465
50.5,10,3,4,467
50.5,10,3,5,470
50.5,10,3,6,472
50.5,10,3,7,474
50.5,10,3,8,476
50.5,10,3,9,478
50.5,10,3,10,481
50.5,10,3,11,483
50.5,10,3,12,485
50.5,10,3,13,487
50.5,10,3,14,489
50.5,10,3,15,491
50.5,10,4,0,461
50.5,10,4,1,463
50.5,10,4,2,466
50.5,10,4,3,468
50.5,10,4,4,470
50.5,10,4,5,472
50.5,10,4,6,475
50.5,10,4,7,477
50.5,10,4,8,479
50.5,10,4,9,481
50.5,10,4,10,483
50.5,10,4,11,485
50.5,10,4,12,488
50.5,10,4,13,490
50.5,10,4,14,492
50.5,10,4,15,494
50.5,10,5,0,464
50.5,10,5,1,466
50.5,10,5,2,468
50.5,10,5,3,471
50.5,10,5,4,473
50.5,10,5,5,475
50.5,10,5,6,477
50.5,10,5,7,480
50.5,10,5,8,482
50.5,10,5,9,484
50.5,10,5,10,486
50.5,10,5,11,488
50.5,10,5,12,490
50.5,10,5,13,493
50.5,10,5,14,495
50.5,10,5,15,497
50.5,10,6,0,466
50.5,10,6,1,469
50.5,10,6,2,471
50.5,10,6,3,473
50.5,10,6,4,476
50.5,10,6,5,478
50.5,10,6,6,480
50.5,10,6,7,482
50.5,10,6,8,484
50.5,10,6,9,487
50.5,10,6,10,489
50.5,10,6,11,491
50.5,10,6,12,493
50.5,10,6,13,495
50.5,10,6,14,497
50.5,10,6,15,500
50.5,10,7,0,469
50.5,10,7,1,471
50.5,10,7,2,474
50.5,10,7,3,476
50.5,10,7,4,478
50.5,10,7,5,480
50.5,10,7,6,483
50.5,10,7,7,485
50.5,10,7,8,487
50.5,10,7,9,489
50.5,10,7,10,492
50.5,10,7,11,494
50.5,10,7,12,496
50.5,10,7,13,498
50.5,10,7,14,500
50.5,10,7,15,502
50.5,10,8,0,472
50.5,10,8,1,474
50.5,10,8,2,476
50.5,10,8,3,479
50.5,10,8,4,481
50.5,10,8,5,483
50.5,10,8,6,485
50.5,10,8,7,488
50.5,10,8,8,490
50.5,10,8,9,492
50.5,10,8,10,494
50.5,10,8,11,497
50.5,10,8,12,499
50.5,10,8,13,501
50.5,10,8,14,503
50.5,10,8,15,505
50.5,10,9,0,474
50.5,10,9,1,477
50.5,10,9,2,479
50.5,10,9,3,481
50.5,10,9,4,483
50.5,10,9,5,486
50.5,10,9,6,488
50.5,10,9,7,490
50.5,10,9,8,493
50.5,10,9,9,495
50.5,10,9,10,497
50.5,10,9,11,499
50.5,10,9,12,501
50.5,10,9,13,504
50.5,10,9,14,506
50.5,10,9,15,508
50.5,10,10,0,477
50.5,10,10,1,479
50.5,10,10,2,482
50.5,10,10,3,484
50.5,10,10,4,486
50.5,10,10,5,488
50.5,10,10,6,491
50.5,10,10,7,493
50.5,10,10,8,495
50.5,10,10,9,497
50.5,10,10,10,500
50.5,10,10,11,502
50.5,10,10,12,504
50.5,10,10,13,506
50.5,10,10,14,509
50.5,10,10,15,511
50.5,10,11,0,479
50.5,10,11,1,482
50.5,10,11,2,484
50.5,10,11,3,486
50.5,10,11,4,489
50.5,10,11,5,491
50.5,10,11,6,493
50.5,10,11,7,496
50.5,10,11,8,498
50.5,10,11,9,500
50.5,10,11,10,502
50.5,10,11,11,505
50.5,10,11,12,507
50.5,10,11,13,509
50.5,10,11,14,511
50.5,10,11,15,513
50.5,10,12,0,482
50.5,10,12,1,484
50.5,10,12,2,487
50.5,10,12,3,489
50.5,10,12,4,491
50.5,10,12,5,494
50.5,10,12,6,496
50.5,10,12,7,498
50.5,10,12,8,501
50.5,10,12,9,503
50.5,10,12,10,505
50.5,10,12,11,507
50.5,10,12,12,510
50.5,10,12,13,512
50.5,10,12,14,514
50.5,10,12,15,516
50.5,10,13,0,484
50.5,10,13,1,487
50.5,10,13,2,489
50.5,10,13,3,492
50.5,10,13,4,494
50.5,10,13,5,496
50.5,10,13,6,499
50.5,10,13,7,501
50.5,10,13,8,503
50.5,10,13,9,505
50.5,10,13,10,508
50.5,10,13,11,510
50.5,10,13,12,512
50.5,10,13,13,514
50.5,10,13,14,517
50.5,10,13,15,519
50.5,10,14,0,487
50.5,10,14,1,489
50.5,10,14,2,492
50.5,10,14,3,494
50.5,10,14,4,496
50.5,10,14,5,499
50.5,10,14,6,501
50.5,10,14,7,503
50.5,10,14,8,506
50.5,10,14,9,508
50.5,10,14,10,510
50.5,10,14,11,513
50.5,10,14,12,515
50.5,10,14,13,517
50.5,10,14,14,519
50.5,10,14,15,522
50.5,10,15,0,490
50.5,10,15,1,492
50.5,10,15,2,494
50.5,10,15,3,497
50.5,10,15,4,499
50.5,10,15,5,501
50.5,10,15,6,504
50.5,10,15,7,506
50.5,10,15,8,508
50.5,10,15,9,511
50.5,10,15,10,513
50.5,10,15,11,515
50.5,10,15,12,518
50.5,10,15,13,520
50.5,10,15,14,522
50.5,10,15,15,524
50.5,11,0,0,457
50.5,11,0,1,459
50.5,11,0,2,461
50.5,11,0,3,464
50.5,11,0,4,466
50.5,11,0,5,468
50.5,11,0,6,470
50.5,11,0,7,472
50.5,11,0,8,475
50.5,11,0,9,477
50.5,11,0,10,479
50.5,11,0,11,481
50.5,11,0,12,483
50.5,11,0,13,485
50.5,11,0,14,487
50.5,11,0,15,489
50.5,11,1,0,460
50.5,11,1,1,462
50.5,11,1,2,464
50.5,11,1,3,466
50.5,11,1,4,469
50.5,11,1,5,471
50.5,11,1,6,473
50.5,11,1,7,475
50.5,11,1,8,477
50.5,11,1,9,480
50.5,11,1,10,482
50.5,11,1,11,484
50.5,11,1,12,486
50.5,11,1,13,488
50.5,11,1,14,490
50.5,11,1,15,492
50.5,11,2,0,462
50.5,11,2,1,465
50.5,11,2,2,467
50.5,11,2,3,469
50.5,11,2,4,471
50.5,11,2,5,474
50.5,11,2,6,476
50.5,11,2,7,478
50.5,11,2,8,480
50.5,11,2,9,482
50.5,11,2,10,485
50.5,11,2,11,487
50.5,11,2,12,489
50.5,11,2,13,491
50.5,11,2,14,493
50.5,11,2,15,495
50.5,11,3,0,465
50.5,11,3,1,467
50.5,11,3,2,470
50.5,11,3,3,472
50.5,11,3,4,474
50.5,11,3,5,476
50.5,11,3,6,479
50.5,11,3,7,481
50.5,11,3,8,483
50.5,11,3,9,485
50.5,11,3,10,487
50.5,11,3,11,490
50.5,11,3,12,492
50.5,11,3,13,494
50.5,11,3,14,496
50.5,11,3,15,498
50.5,11,4,0,468
50.5,11,4,1,470
50.5,11,4,2,472
50.5,11,4,3,475
50.5,11,4,4,477
50.5,11,4,5,479
50.5,11,4,6,481
50.5,11,4,7,484
50.5,11,4,8,486
50.5,11,4,9,488
50.5,11,4,10,490
50.5,11,4,11,492
50.5,11,4,12,495
50.5,11,4,13,497
50.5,11,4,14,499
50.5,11,4,15,501
50.5,11,5,0,471
50.5,11,5,1,473
50.5,11,5,2,475
50.5,11,5,3,477
50.5,11,5,4,480
50.5,11,5,5,482
50.5,11,5,6,484
50.5,11,5,7,486
50.5,11,5,8,489
50.5,11,5,9,491
50.5,11,5,10,493
50.5,11,5,11,495
50.5,11,5,12,498
50.5,11,5,13,500
50.5,11,5,14,502
50.5,11,5,15,504
50.5,11,6,0,473
50.5,11,6,1,476
50.5,11,6,2,478
50.5,11,6,3,480
50.5,11,6,4,482
50.5,11,6,5,485
50.5,11,6,6,487
50.5,11,6,7,489
50.5,11,6,8,491
50.5,11,6,9,494
50.5,11,6,10,496
50.5,11,6,11,498
50.5,11,6,12,500
50.5,11,6,13,503
50.5,11,6,14,505
50.5,11,6,15,507
50.5,11,7,0,476
50.5,11,7,1,478
50.5,11,7,2,481
50.5,11,7,3,483
50.5,11,7,4,485
50.5,11,7,5,487
50.5,11,7,6,490
50.5,11,7,7,492
50.5,11,7,8,494
50.5,11,7,9,496
50.5,11,7,10,499
50.5,11,7,11,501
50.5,11,7,12,503
50.5,11,7,13,505
50.5,11,7,14,508
50.5,11,7,15,510
50.5,11,8,0,479
50.5,11,8,1,481
50.5,11,8,2,483
50.5,11,8,3,486
50.5,11,8,4,488
50.5,11,8,5,490
50.5,11,8,6,492
50.5,11,8,7,495
50.5,11,8,8,497
50.5,11,8,9,499
50.5,11,8,10,501
50.5,11,8,11,504
50.5,11,8,12,506
50.5,11,8,13,508
50.5,11,8,14,510
50.5,11,8,15,513
50.5,11,9,0,481
50.5,11,9,1,484
50.5,11,9,2,486
50.5,11,9,3,488
50.5,11,9,4,491
50.5,11,9,5,493
50.5,11,9,6,495
50.5,11,9,7,497
50.5,11,9,8,500
50.5,11,9,9,502
50.5,11,9,10,504
50.5,11,9,11,506
50.5,11,9,12,509
50.5,11,9,13,511
50.5,11,9,14,513
50.5,11,9,15,515
50.5,11,10,0,484
50.5,11,10,1,486
50.5,11,10,2,488
50.5,11,10,3,491
50.5,11,10,4,493
50.5,11,10,5,495
50.5,11,10,6,498
50.5,11,10,7,500
50.5,11,10,8,502
50.5,11,10,9,505
50.5,11,10,10,507
50.5,11,10,11,509
50.5,11,10,12,511
50.5,11,10,13,514
50.5,11,10,14,516
50.5,11,10,15,518
50.5,11,11,0,486
50.5,11,11,1,489
50.5,11,11,2,491
50.5,11,11,3,493
50.5,11,11,4,496
50.5,11,11,5,498
50.5,11,11,6,500
50.5,11,11,7,503
50.5,11,11,8,505
50.5,11,11,9,507
50.5,11,11,10,510
50.5,11,11,11,512
50.5,11,11,12,514
50.5,11,11,13,516
50.5,11,11,14,519
50.5,11,11,15,521
50.5,11,12,0,489
50.5,11,12,1,491
50.5,11,12,2,494
50.5,11,12,3,496
50.5,11,12,4,498
50.5,11,12,5,501
50.5,11,12,6,503
50.5,11,12,7,505
50.5,11,12,8,508
50.5,11,12,9,510
50.5,11,12,10,512
50.5,11,12,11,515
50.5,11,12,12,517
50.5,11,12,13,519
50.5,11,12,14,521
50.5,11,12,15,524
50.5,11,13,0,492
50.5,11,13,1,494
50.5,11,13,2,496
50.5,11,13,3,499
50.5,11,13,4,501
50.5,11,13,5,503
50.5,11,13,6,506
50.5,11,13,7,508
50.5,11,13,8,510
50.5,11,13,9,513
50.5,11,13,10,515
50.5,11,13,11,517
50.5,11,13,12,520
50.5,11,13,13,522
50.5,11,13,14,524
50.5,11,13,15,526
50.5,11,14,0,494
50.5,11,14,1,496
50.5,11,14,2,499
50.5,11,14,3,501
50.5,11,14,4,504
50.5,11,14,5,506
50.5,11,14,6,508
50.5,11,14,7,511
50.5,11,14,8,513
50.5,11,14,9,515
50.5,11,14,10,518
50.5,11,14,11,520
50.5,11,14,12,522
50.5,11,14,13,525
50.5,11,14,14,527
50.5,11,14,15,529
50.5,11,15,0,497
50.5,11,15,1,499
50.5,11,15,2,501
50.5,11,15,3,504
50.5,11,15,4,506
50.5,11,15,5,509
50.5,11,15,6,511
50.5,11,15,7,513
50.5,11,15,8,516
50.5,11,15,9,518
50.5,11,15,10,520
50.5,11,15,11,523
50.5,11,15,12,525
50.5,11,15,13,527
50.5,11,15,14,530
50.5,11,15,15,532
50.5,12,0,0,464
50.5,12,0,1,466
50.5,12,0,2,468
50.5,12,0,3,470
50.5,12,0,4,473
50.5,12,0,5,475
50.5,12,0,6,477
50.5,12,0,7,479
50.5,12,0,8,481
50.5,12,0,9,484
50.5,12,0,10,486
50.5,12,0,11,488
50.5,12,0,12,490
50.5,12,0,13,492
50.5,12,0,14,494
50.5,12,0,15,496
50.5,12,1,0,466
50.5,12,1,1,469
50.5,12,1,2,471
50.5,12,1,3,473
50.5,12,1,4,475
50.5,12,1,5,478
50.5,12,1,6,480
50.5,12,1,7,482
50.5,12,1,8,484
50.5,12,1,9,486
50.5,12,1,10,489
50.5,12,1,11,491
50.5,12,1,12,493
50.5,12,1,13,495
50.5,12,1,14,497
50.5,12,1,15,499
50.5,12,2,0,469
50.5,12,2,1,471
50.5,12,2,2,474
50.5,12,2,3,476
50.5,12,2,4,478
50.5,12,2,5,480
50.5,12,2,6,483
50.5,12,2,7,485
50.5,12,2,8,487
50.5,12,2,9,489
50.5,12,2,10,492
50.5,12,2,11,494
50.5,12,2,12,496
50.5,12,2,13,498
50.5,12,2,14,500
50.5,12,2,15,502
50.5,12,3,0,472
50.5,12,3,1,474
50.5,12,3,2,476
50.5,12,3,3,479
50.5,12,3,4,481
50.5,12,3,5,483
50.5,12,3,6,486
50.5,12,3,7,488
50.5,12,3,8,490
50.5,12,3,9,492
50.5,12,3,10,494
50.5,12,3,11,497
50.5,12,3,12,499
50.5,12,3,13,501
50.5,12,3,14,503
50.5,12,3,15,505
50.5,12,4,0,475
50.5,12,4,1,477
50.5,12,4,2,479
50.5,12,4,3,482
50.5,12,4,4,484
50.5,12,4,5,486
50.5,12,4,6,488
50.5,12,4,7,491
50.5,12,4,8,493
50.5,12,4,9,495
50.5,12,4,10,497
50.5,12,4,11,500
50.5,12,4,12,502
50.5,12,4,13,504
50.5,12,4,14,506
50.5,12,4,15,508
50.5,12,5,0,477
50.5,12,5,1,480
50.5,12,5,2,482
50.5,12,5,3,484
50.5,12,5,4,487
50.5,12,5,5,489
50.5,12,5,6,491
50.5,12,5,7,493
50.5,12,5,8,496
50.5,12,5,9,498
50.5,12,5,10,500
50.5,12,5,11,502
50.5,12,5,12,505
50.5,12,5,13,507
50.5,12,5,14,509
50.5,12,5,15,511
50.5,12,6,0,480
50.5,12,6,1,482
50.5,12,6,2,485
50.5,12,6,3,487
50.5,12,6,4,489
50.5,12,6,5,492
50.5,12,6,6,494
50.5,12,6,7,496
50.5,12,6,8,498
50.5,12,6,9,501
50.5,12,6,10,503
50.5,12,6,11,505
50.5,12,6,12,507
50.5,12,6,13,510
50.5,12,6,14,512
50.5,12,6,15,514
50.5,12,7,0,483
50.5,12,7,1,485
50.5,12,7,2,487
50.5,12,7,3,490
50.5,12,7,4,492
50.5,12,7,5,494
50.5,12,7,6,497
50.5,12,7,7,499
50.5,12,7,8,501
50.5,12,7,9,504
50.5,12,7,10,506
50.5,12,7,11,508
50.5,12,7,12,510
50.5,12,7,13,513
50.5,12,7,14,515
50.5,12,7,15,517
50.5,12,8,0,485
50.5,12,8,1,488
50.5,12,8,2,490
50.5,12,8,3,492
50.5,12,8,4,495
50.5,12,8,5,497
50.5,12,8,6,499
50.5,12,8,7,502
50.5,12,8,8,504
50.5,12,8,9,506
50.5,12,8,10,509
50.5,12,8,11,511
50.5,12,8,12,513
50.5,12,8,13,515
50.5,12,8,14,518
50.5,12,8,15,520
50.5,12,9,0,488
50.5,12,9,1,490
50.5,12,9,2,493
50.5,12,9,3,495
50.5,12,9,4,498
50.5,12,9,5,500
50.5,12,9,6,502
50.5,12,9,7,505
50.5,12,9,8,507
50.5,12,9,9,509
50.5,12,9,10,511
50.5,12,9,11,514
50.5,12,9,12,516
50.5,12,9,13,518
50.5,12,9,14,520
50.5,12,9,15,523
50.5,12,10,0,491
50.5,12,10,1,493
50.5,12,10,2,495
50.5,12,10,3,498
50.5,12,10,4,500
50.5,12,10,5,503
50.5,12,10,6,505
50.5,12,10,7,507
50.5,12,10,8,510
50.5,12,10,9,512
50.5,12,10,10,514
50.5,12,10,11,516
50.5,12,10,12,519
50.5,12,10,13,521
50.5,12,10,14,523
50.5,12,10,15,526
50.5,12,11,0,493
50.5,12,11,1,496
50.5,12,11,2,498
50.5,12,11,3,501
50.5,12,11,4,503
50.5,12,11,5,505
50.5,12,11,6,508
50.5,12,11,7,510
50.5,12,11,8,512
50.5,12,11,9,515
50.5,12,11,10,517
50.5,12,11,11,519
50.5,12,11,12,522
50.5,12,11,13,524
50.5,12,11,14,526
50.5,12,11,15,528
50.5,12,12,0,496
50.5,12,12,1,498
50.5,12,12,2,501
50.5,12,12,3,503
50.5,12,12,4,506
50.5,12,12,5,508
50.5,12,12,6,510
50.5,12,12,7,513
50.5,12,12,8,515
50.5,12,12,9,517
50.5,12,12,10,520
50.5,12,12,11,522
50.5,12,12,12,524
50.5,12,12,13,527
50.5,12,12,14,529
50.5,12,12,15,531
50.5,12,13,0,499
50.5,12,13,1,501
50.5,12,13,2,503
50.5,12,13,3,506
50.5,12,13,4,508
50.5,12,13,5,511
50.5,12,13,6,513
50.5,12,13,7,515
50.5,12,13,8,518
50.5,12,13,9,520
50.5,12,13,10,522
50.5,12,13,11,525
50.5,12,13,12,527
50.5,12,13,13,529
50.5,12,13,14,532
50.5,12,13,15,534
50.5,12,14,0,501
50.5,12,14,1,504
50.5,12,14,2,506
50.5,12,14,3,508
50.5,12,14,4,511
50.5,12,14,5,513
50.5,12,14,6,516
50.5,12,14,7,518
50.5,12,14,8,520
50.5,12,14,9,523
50.5,12,14,10,525
50.5,12,14,11,527
50.5,12,14,12,530
50.5,12,14,13,532
50.5,12,14,14,534
50.5,12,14,15,537
50.5,12,15,0,504
50.5,12,15,1,506
50.5,12,15,2,509
50.5,12,15,3,511
50.5,12,15,4,514
50.5,12,15,5,516
50.5,12,15,6,518
50.5,12,15,7,521
50.5,12,15,8,523
50.5,12,15,9,525
50.5,12,15,10,528
50.5,12,15,11,530
50.5,12,15,12,533
50.5,12,15,13,535
50.5,12,15,14,537
50.5,12,15,15,540
50.5,13,0,0,470
50.5,13,0,1,472
50.5,13,0,2,475
50.5,13,0,3,477
50.5,13,0,4,479
50.5,13,0,5,481
50.5,13,0,6,484
50.5,13,0,7,486
50.5,13,0,8,488
50.5,13,0,9,490
50.5,13,0,10,493
50.5,13,0,11,495
50.5,13,0,12,497
50.5,13,0,13,499
50.5,13,0,14,501
50.5,13,0,15,503
50.5,13,1,0,473
50.5,13,1,1,475
50.5,13,1,2,478
50.5,13,1,3,480
50.5,13,1,4,482
50.5,13,1,5,484
50.5,13,1,6,487
50.5,13,1,7,489
50.5,13,1,8,491
50.5,13,1,9,493
50.5,13,1,10,496
50.5,13,1,11,498
50.5,13,1,12,500
50.5,13,1,13,502
50.5,13,1,14,504
50.5,13,1,15,507
50.5,13,2,0,476
50.5,13,2,1,478
50.5,13,2,2,480
50.5,13,2,3,483
50.5,13,2,4,485
50.5,13,2,5,487
50.5,13,2,6,490
50.5,13,2,7,492
50.5,13,2,8,494
50.5,13,2,9,496
50.5,13,2,10,498
50.5,13,2,11,501
50.5,13,2,12,503
50.5,13,2,13,505
50.5,13,2,14,507
50.5,13,2,15,510
50.5,13,3,0,478
50.5,13,3,1,481
50.5,13,3,2,483
50.5,13,3,3,485
50.5,13,3,4,488
50.5,13,3,5,490
50.5,13,3,6,492
50.5,13,3,7,495
50.5,13,3,8,497
50.5,13,3,9,499
50.5,13,3,10,501
50.5,13,3,11,504
50.5,13,3,12,506
50.5,13,3,13,508
50.5,13,3,14,510
50.5,13,3,15,513
50.5,13,4,0,481
50.5,13,4,1,484
50.5,13,4,2,486
50.5,13,4,3,488
50.5,13,4,4,491
50.5,13,4,5,493
50.5,13,4,6,495
50.5,13,4,7,498
50.5,13,4,8,500
50.5,13,4,9,502
50.5,13,4,10,504
50.5,13,4,11,507
50.5,13,4,12,509
50.5,13,4,13,511
50.5,13,4,14,513
50.5,13,4,15,515
50.5,13,5,0,484
50.5,13,5,1,486
50.5,13,5,2,489
50.5,13,5,3,491
50.5,13,5,4,493
50.5,13,5,5,496
50.5,13,5,6,498
50.5,13,5,7,500
50.5,13,5,8,503
50.5,13,5,9,505
50.5,13,5,10,507
50.5,13,5,11,509
50.5,13,5,12,512
50.5,13,5,13,514
50.5,13,5,14,516
50.5,13,5,15,518
50.5,13,6,0,487
50.5,13,6,1,489
50.5,13,6,2,492
50.5,13,6,3,494
50.5,13,6,4,496
50.5,13,6,5,499
50.5,13,6,6,501
50.5,13,6,7,503
50.5,13,6,8,506
50.5,13,6,9,508
50.5,13,6,10,510
50.5,13,6,11,512
50.5,13,6,12,515
50.5,13,6,13,517
50.5,13,6,14,519
50.5,13,6,15,521
50.5,13,7,0,490
50.5,13,7,1,492
50.5,13,7,2,494
50.5,13,7,3,497
50.5,13,7,4,499
50.5,13,7,5,501
50.5,13,7,6,504
50.5,13,7,7,506
50.5,13,7,8,508
50.5,13,7,9,511
50.5,13,7,10,513
50.5,13,7,11,515
50.5,13,7,12,518
50.5,13,7,13,520
50.5,13,7,14,522
50.5,13,7,15,524
50.5,13,8,0,492
50.5,13,8,1,495
50.5,13,8,2,497
50.5,13,8,3,499
50.5,13,8,4,502
50.5,13,8,5,504
50.5,13,8,6,507
50.5,13,8,7,509
50.5,13,8,8,511
50.5,13,8,9,514
50.5,13,8,10,516
50.5,13,8,11,518
50.5,13,8,12,520
50.5,13,8,13,523
50.5,13,8,14,525
50.5,13,8,15,527
50.5,13,9,0,495
50.5,13,9,1,497
50.5,13,9,2,500
50.5,13,9,3,502
50.5,13,9,4,505
50.5,13,9,5,507
50.5,13,9,6,509
50.5,13,9,7,512
50.5,13,9,8,514
50.5,13,9,9,516
50.5,13,9,10,519
50.5,13,9,11,521
50.5,13,9,12,523
50.5,13,9,13,526
50.5,13,9,14,528
50.5,13,9,15,530
50.5,13,10,0,498
50.5,13,10,1,500
50.5,13,10,2,502
50.5,13,10,3,505
50.5,13,10,4,507
50.5,13,10,5,510
50.5,13,10,6,512
50.5,13,10,7,514
50.5,13,10,8,517
50.5,13,10,9,519
50.5,13,10,10,521
50.5,13,10,11,524
50.5,13,10,12,526
50.5,13,10,13,528
50.5,13,10,14,531
50.5,13,10,15,533
50.5,13,11,0,500
50.5,13,11,1,503
50.5,13,11,2,505
50.5,13,11,3,508
50.5,13,11,4,510
50.5,13,11,5,512
50.5,13,11,6,515
50.5,13,11,7,517
50.5,13,11,8,520
50.5,13,11,9,522
50.5,13,11,10,524
50.5,13,11,11,527
50.5,13,11,12,529
50.5,13,11,13,531
50.5,13,11,14,534
50.5,13,11,15,536
50.5,13,12,0,503
50.5,13,12,1,505
50.5,13,12,2,508
50.5,13,12,3,510
50.5,13,12,4,513
50.5,13,12,5,515
50.5,13,12,6,518
50.5,13,12,7,520
50.5,13,12,8,522
50.5,13,12,9,525
50.5,13,12,10,527
50.5,13,12,11,529
50.5,13,12,12,532
50.5,13,12,13,534
50.5,13,12,14,536
50.5,13,12,15,539
50.5,13,13,0,506
50.5,13,13,1,508
50.5,13,13,2,511
50.5,13,13,3,513
50.5,13,13,4,515
50.5,13,13,5,518
50.5,13,13,6,520
50.5,13,13,7,523
50.5,13,13,8,525
50.5,13,13,9,527
50.5,13,13,10,530
50.5,13,13,11,532
50.5,13,13,12,535
50.5,13,13,13,537
50.5,13,13,14,539
50.5,13,13,15,542
50.5,13,14,0,508
50.5,13,14,1,511
50.5,13,14,2,513
50.5,13,14,3,516
50.5,13,14,4,518
50.5,13,14,5,521
50.5,13,14,6,523
50.5,13,14,7,525
50.5,13,14,8,528
50.5,13,14,9,530
50.5,13,14,10,533
50.5,13,14,11,535
50.5,13,14,12,537
50.5,13,14,13,540
50.5,13,14,14,542
50.5,13,14,15,544
50.5,13,15,0,511
50.5,13,15,1,513
50.5,13,15,2,516
50.5,13,15,3,518
50.5,13,15,4,521
50.5,13,15,5,523
50.5,13,15,6,526
50.5,13,15,7,528
50.5,13,15,8,530
50.5,13,15,9,533
50.5,13,15,10,535
50.5,13,15,11,538
50.5,13,15,12,540
50.5,13,15,13,542
50.5,13,15,14,545
50.5,13,15,15,547
50.5,14,0,0,477
50.5,14,0,1,479
50.5,14,0,2,481
50.5,14,0,3,484
50.5,14,0,4,486
50.5,14,0,5,488
50.5,14,0,6,490
50.5,14,0,7,493
50.5,14,0,8,495
50.5,14,0,9,497
50.5,14,0,10,499
50.5,14,0,11,502
50.5,14,0,12,504
50.5,14,0,13,506
50.5,14,0,14,508
50.5,14,0,15,510
50.5,14,1,0,479
50.5,14,1,1,482
50.5,14,1,2,484
50.5,14,1,3,486
50.5,14,1,4,489
50.5,14,1,5,491
50.5,14,1,6,493
50.5,14,1,7,496
50.5,14,1,8,498
50.5,14,1,9,500
50.5,14,1,10,502
50.5,14,1,11,505
50.5,14,1,12,507
50.5,14,1,13,509
50.5,14,1,14,511
50.5,14,1,15,514
50.5,14,2,0,482
50.5,14,2,1,485
50.5,14,2,2,487
50.5,14,2,3,489
50.5,14,2,4,492
50.5,14,2,5,494
50.5,14,2,6,496
50.5,14,2,7,499
50.5,14,2,8,501
50.5,14,2,9,503
50.5,14,2,10,505
50.5,14,2,11,508
50.5,14,2,12,510
50.5,14,2,13,512
50.5,14,2,14,514
50.5,14,2,15,517
50.5,14,3,0,485
50.5,14,3,1,488
50.5,14,3,2,490
50.5,14,3,3,492
50.5,14,3,4,495
50.5,14,3,5,497
50.5,14,3,6,499
50.5,14,3,7,502
50.5,14,3,8,504
50.5,14,3,9,506
50.5,14,3,10,508
50.5,14,3,11,511
50.5,14,3,12,513
50.5,14,3,13,515
50.5,14,3,14,517
50.5,14,3,15,520
50.5,14,4,0,488
50.5,14,4,1,490
50.5,14,4,2,493
50.5,14,4,3,495
50.5,14,4,4,497
50.5,14,4,5,500
50.5,14,4,6,502
50.5,14,4,7,504
50.5,14,4,8,507
50.5,14,4,9,509
50.5,14,4,10,511
50.5,14,4,11,514
50.5,14,4,12,516
50.5,14,4,13,518
50.5,14,4,14,520
50.5,14,4,15,523
50.5,14,5,0,491
50.5,14,5,1,493
50.5,14,5,2,496
50.5,14,5,3,498
50.5,14,5,4,500
50.5,14,5,5,503
50.5,14,5,6,505
50.5,14,5,7,507
50.5,14,5,8,510
50.5,14,5,9,512
50.5,14,5,10,514
50.5,14,5,11,517
50.5,14,5,12,519
50.5,14,5,13,521
50.5,14,5,14,523
50.5,14,5,15,526
50.5,14,6,0,494
50.5,14,6,1,496
50.5,14,6,2,498
50.5,14,6,3,501
50.5,14,6,4,503
50.5,14,6,5,506
50.5,14,6,6,508
50.5,14,6,7,510
50.5,14,6,8,513
50.5,14,6,9,515
50.5,14,6,10,517
50.5,14,6,11,520
50.5,14,6,12,522
50.5,14,6,13,524
50.5,14,6,14,526
50.5,14,6,15,529
50.5,14,7,0,496
50.5,14,7,1,499
50.5,14,7,2,501
50.5,14,7,3,504
50.5,14,7,4,506
50.5,14,7,5,508
50.5,14,7,6,511
50.5,14,7,7,513
50.5,14,7,8,515
50.5,14,7,9,518
50.5,14,7,10,520
50.5,14,7,11,522
50.5,14,7,12,525
50.5,14,7,13,527
50.5,14,7,14,529
50.5,14,7,15,532
50.5,14,8,0,499
50.5,14,8,1,502
50.5,14,8,2,504
50.5,14,8,3,506
50.5,14,8,4,509
50.5,14,8,5,511
50.5,14,8,6,514
50.5,14,8,7,516
50.5,14,8,8,518
50.5,14,8,9,521
50.5,14,8,10,523
50.5,14,8,11,525
50.5,14,8,12,528
50.5,14,8,13,530
50.5,14,8,14,532
50.5,14,8,15,535
50.5,14,9,0,502
50.5,14,9,1,504
50.5,14,9,2,507
50.5,14,9,3,509
50.5,14,9,4,512
50.5,14,9,5,514
50.5,14,9,6,516
50.5,14,9,7,519
50.5,14,9,8,521
50.5,14,9,9,523
50.5,14,9,10,526
50.5,14,9,11,528
50.5,14,9,12,531
50.5,14,9,13,533
50.5,14,9,14,535
50.5,14,9,15,537
50.5,14,10,0,505
50.5,14,10,1,507
50.5,14,10,2,509
50.5,14,10,3,512
50.5,14,10,4,514
50.5,14,10,5,517
50.5,14,10,6,519
50.5,14,10,7,522
50.5,14,10,8,524
50.5,14,10,9,526
50.5,14,10,10,529
50.5,14,10,11,531
50.5,14,10,12,533
50.5,14,10,13,536
50.5,14,10,14,538
50.5,14,10,15,540
50.5,14,11,0,507
50.5,14,11,1,510
50.5,14,11,2,512
50.5,14,11,3,515
50.5,14,11,4,517
50.5,14,11,5,520
50.5,14,11,6,522
50.5,14,11,7,524
50.5,14,11,8,527
50.5,14,11,9,529
50.5,14,11,10,532
50.5,14,11,11,534
50.5,14,11,12,536
50.5,14,11,13,539
50.5,14,11,14,541
50.5,14,11,15,543
50.5,14,12,0,510
50.5,14,12,1,512
50.5,14,12,2,515
50.5,14,12,3,517
50.5,14,12,4,520
50.5,14,12,5,522
50.5,14,12,6,525
50.5,14,12,7,527
50.5,14,12,8,530
50.5,14,12,9,532
50.5,14,12,10,534
50.5,14,12,11,537
50.5,14,12,12,539
50.5,14,12,13,541
50.5,14,12,14,544
50.5,14,12,15,546
50.5,14,13,0,513
50.5,14,13,1,515
50.5,14,13,2,518
50.5,14,13,3,520
50.5,14,13,4,523
50.5,14,13,5,525
50.5,14,13,6,527
50.5,14,13,7,530
50.5,14,13,8,532
50.5,14,13,9,535
50.5,14,13,10,537
50.5,14,13,11,540
50.5,14,13,12,542
50.5,14,13,13,544
50.5,14,13,14,547
50.5,14,13,15,549
50.5,14,14,0,515
50.5,14,14,1,518
50.5,14,14,2,520
50.5,14,14,3,523
50.5,14,14,4,525
50.5,14,14,5,528
50.5,14,14,6,530
50.5,14,14,7,533
50.5,14,14,8,535
50.5,14,14,9,538
50.5,14,14,10,540
50.5,14,14,11,542
50.5,14,14,12,545
50.5,14,14,13,547
50.5,14,14,14,550
50.5,14,14,15,552
50.5,14,15,0,518
50.5,14,15,1,520
50.5,14,15,2,523
50.5,14,15,3,525
50.5,14,15,4,528
50.5,14,15,5,530
50.5,14,15,6,533
50.5,14,15,7,535
50.5,14,15,8,538
50.5,14,15,9,540
50.5,14,15,10,543
50.5,14,15,11,545
50.5,14,15,12,548
50.5,14,15,13,550
50.5,14,15,14,552
50.5,14,15,15,555
50.5,15,0,0,483
50.5,15,0,1,486
50.5,15,0,2,488
50.5,15,0,3,490
50.5,15,0,4,493
50.5,15,0,5,495
50.5,15,0,6,497
50.5,15,0,7,499
50.5,15,0,8,502
50.5,15,0,9,504
50.5,15,0,10,506
50.5,15,0,11,509
50.5,15,0,12,511
50.5,15,0,13,513
50.5,15,0,14,515
50.5,15,0,15,517
50.5,15,1,0,486
50.5,15,1,1,488
50.5,15,1,2,491
50.5,15,1,3,493
50.5,15,1,4,495
50.5,15,1,5,498
50.5,15,1,6,500
50.5,15,1,7,502
50.5,15,1,8,505
50.5,15,1,9,507
50.5,15,1,10,509
50.5,15,1,11,512
50.5,15,1,12,514
50.5,15,1,13,516
50.5,15,1,14,518
50.5,15,1,15,521
50.5,15,2,0,489
50.5,15,2,1,491
50.5,15,2,2,494
50.5,15,2,3,496
50.5,15,2,4,498
50.5,15,2,5,501
50.5,15,2,6,503
50.5,15,2,7,505
50.5,15,2,8,508
50.5,15,2,9,510
50.5,15,2,10,512
50.5,15,2,11,515
50.5,15,2,12,517
50.5,15,2,13,519
50.5,15,2,14,521
50.5,15,2,15,524
50.5,15,3,0,492
50.5,15,3,1,494
50.5,15,3,2,497
50.5,15,3,3,499
50.5,15,3,4,501
50.5,15,3,5,504
50.5,15,3,6,506
50.5,15,3,7,508
50.5,15,3,8,511
50.5,15,3,9,513
50.5,15,3,10,515
50.5,15,3,11,518
50.5,15,3,12,520
50.5,15,3,13,522
50.5,15,3,14,524
50.5,15,3,15,527
50.5,15,4,0,495
50.5,15,4,1,497
50.5,15,4,2,499
50.5,15,4,3,502
50.5,15,4,4,504
50.5,15,4,5,507
50.5,15,4,6,509
50.5,15,4,7,511
50.5,15,4,8,514
50.5,15,4,9,516
50.5,15,4,10,518
50.5,15,4,11,521
50.5,15,4,12,523
50.5,15,4,13,525
50.5,15,4,14,528
50.5,15,4,15,530
50.5,15,5,0,497
50.5,15,5,1,500
50.5,15,5,2,502
50.5,15,5,3,505
50.5,15,5,4,507
50.5,15,5,5,510
50.5,15,5,6,512
50.5,15,5,7,514
50.5,15,5,8,517
50.5,15,5,9,519
50.5,15,5,10,521
50.5,15,5,11,524
50.5,15,5,12,526
50.5,15,5,13,528
50.5,15,5,14,531
50.5,15,5,15,533
50.5,15,6,0,500
50.5,15,6,1,503
50.5,15,6,2,505
50.5,15,6,3,508
50.5,15,6,4,510
50.5,15,6,5,512
50.5,15,6,6,515
50.5,15,6,7,517
50.5,15,6,8,520
50.5,15,6,9,522
50.5,15,6,10,524
50.5,15,6,11,527
50.5,15,6,12,529
50.5,15,6,13,531
50.5,15,6,14,534
50.5,15,6,15,536
50.5,15,7,0,503
50.5,15,7,1,506
50.5,15,7,2,508
50.5,15,7,3,510
50.5,15,7,4,513
50.5,15,7,5,515
50.5,15,7,6,518
50.5,15,7,7,520
50.5,15,7,8,522
50.5,15,7,9,525
50.5,15,7,10,527
50.5,15,7,11,530
50.5,15,7,12,532
50.5,15,7,13,534
50.5,15,7,14,537
50.5,15,7,15,539
50.5,15,8,0,506
50.5,15,8,1,508
50.5,15,8,2,511
50.5,15,8,3,513
50.5,15,8,4,516
50.5,15,8,5,518
50.5,15,8,6,521
50.5,15,8,7,523
50.5,15,8,8,525
50.5,15,8,9,528
50.5,15,8,10,530
50.5,15,8,11,533
50.5,15,8,12,535
50.5,15,8,13,537
50.5,15,8,14,540
50.5,15,8,15,542
50.5,15,9,0,509
50.5,15,9,1,511
50.5,15,9,2,514
50.5,15,9,3,516
50.5,15,9,4,519
50.5,15,9,5,521
50.5,15,9,6,523
50.5,15,9,7,526
50.5,15,9,8,528
50.5,15,9,9,531
50.5,15,9,10,533
50.5,15,9,11,535
50.5,15,9,12,538
50.5,15,9,13,540
50.5,15,9,14,543
50.5,15,9,15,545
50.5,15,10,0,511
50.5,15,10,1,514
50.5,15,10,2,516
50.5,15,10,3,519
50.5,15,10,4,521
50.5,15,10,5,524
50.5,15,10,6,526
50.5,15,10,7,529
50.5,15,10,8,531
50.5,15,10,9,534
50.5,15,10,10,536
50.5,15,10,11,538
50.5,15,10,12,541
50.5,15,10,13,543
50.5,15,10,14,545
50.5,15,10,15,548
50.5,15,11,0,514
50.5,15,11,1,517
50.5,15,11,2,519
50.5,15,11,3,522
50.5,15,11,4,524
50.5,15,11,5,527
50.5,15,11,6,529
50.5,15,11,7,532
50.5,15,11,8,534
50.5,15,11,9,536
50.5,15,11,10,539
50.5,15,11,11,541
50.5,15,11,12,544
50.5,15,11,13,546
50.5,15,11,14,548
50.5,15,11,15,551
50.5,15,12,0,517
50.5,15,12,1,519
50.5,15,12,2,522
50.5,15,12,3,524
50.5,15,12,4,527
50.5,15,12,5,529
50.5,15,12,6,532
50.5,15,12,7,534
50.5,15,12,8,537
50.5,15,12,9,539
50.5,15,12,10,542
50.5,15,12,11,544
50.5,15,12,12,547
50.5,15,12,13,549
50.5,15,12,14,551
50.5,15,12,15,554
50.5,15,13,0,520
50.5,15,13,1,522
50.5,15,13,2,525
50.5,15,13,3,527
50.5,15,13,4,530
50.5,15,13,5,532
50.5,15,13,6,535
50.5,15,13,7,537
50.5,15,13,8,540
50.5,15,13,9,542
50.5,15,13,10,545
50.5,15,13,11,547
50.5,15,13,12,549
50.5,15,13,13,552
50.5,15,13,14,554
50.5,15,13,15,557
50.5,15,14,0,522
50.5,15,14,1,525
50.5,15,14,2,527
50.5,15,14,3,530
50.5,15,14,4,532
50.5,15,14,5,535
50.5,15,14,6,537
50.5,15,14,7,540
50.5,15,14,8,542
50.5,15,14,9,545
50.5,15,14,10,547
50.5,15,14,11,550
50.5,15,14,12,552
50.5,15,14,13,555
50.5,15,14,14,557
50.5,15,14,15,559
50.5,15,15,0,525
50.5,15,15,1,528
50.5,15,15,2,530
50.5,15,15,3,533
50.5,15,15,4,535
50.5,15,15,5,538
50.5,15,15,6,540
50.5,15,15,7,543
50.5,15,15,8,545
50.5,15,15,9,548
50.5,15,15,10,550
50.5,15,15,11,553
50.5,15,15,12,555
50.5,15,15,13,558
50.5,15,15,14,560
50.5,15,15,15,562
51.0,0,0,0,387
51.0,0,0,1,389
51.0,0,0,2,391
51.0,0,0,3,393
51.0,0,0,4,395
51.0,0,0,5,397
51.0,0,0,6,399
51.0,0,0,7,400
51.0,0,0,8,402
51.0,0,0,9,404
51.0,0,0,10,406
51.0,0,0,11,408
51.0,0,0,12,410
51.0,0,0,13,411
51.0,0,0,14,413
51.0,0,0,15,415
51.0,0,1,0,390
51.0,0,1,1,392
51.0,0,1,2,394
51.0,0,1,3,395
51.0,0,1,4,397
51.0,0,1,5,399
51.0,0,1,6,401
51.0,0,1,7,403
51.0,0,1,8,405
51.0,0,1,9,407
51.0,0,1,10,408
51.0,0,1,11,410
51.0,0,1,12,412
51.0,0,1,13,414
51.0,0,1,14,416
51.0,0,1,15,417
51.0,0,2,0,392
51.0,0,2,1,394
51.0,0,2,2,396
51.0,0,2,3,398
51.0,0,2,4,400
51.0,0,2,5,402
51.0,0,2,6,403
51.0,0,2,7,405
51.0,0,2,8,407
51.0,0,2,9,409
51.0,0,2,10,411
51.0,0,2,11,413
51.0,0,2,12,414
51.0,0,2,13,416
51.0,0,2,14,418
51.0,0,2,15,420
51.0,0,3,0,394
51.0,0,3,1,396
51.0,0,3,2,398
51.0,0,3,3,400
51.0,0,3,4,402
51.0,0,3,5,404
51.0,0,3,6,406
51.0,0,3,7,408
51.0,0,3,8,410
51.0,0,3,9,411
51.0,0,3,10,413
51.0,0,3,11,415
51.0,0,3,12,417
51.0,0,3,13,419
51.0,0,3,14,421
51.0,0,3,15,422
51.0,0,4,0,397
51.0,0,4,1,399
51.0,0,4,2,401
51.0,0,4,3,402
51.0,0,4,4,404
51.0,0,4,5,406
51.0,0,4,6,408
51.0,0,4,7,410
51.0,0,4,8,412
51.0,0,4,9,414
51.0,0,4,10,416
51.0,0,4,11,417
51.0,0,4,12,419
51.0,0,4,13,421
51.0,0,4,14,423
51.0,0,4,15,425
51.0,0,5,0,399
51.0,0,5,1,401
51.0,0,5,2,403
51.0,0,5,3,405
51.0,0,5,4,407
51.0,0,5,5,409
51.0,0,5,6,410
51.0,0,5,7,412
51.0,0,5,8,414
51.0,0,5,9,416
51.0,0,5,10,418
51.0,0,5,11,420
51.0,0,5,12,422
51.0,0,5,13,424
51.0,0,5,14,425
51.0,0,5,15,427
51.0,0,6,0,401
51.0,0,6,1,403
51.0,0,6,2,405
51.0,0,6,3,407
51.0,0,6,4,409
51.0,0,6,5,411
51.0,0,6,6,413
51.0,0,6,7,415
51.0,0,6,8,417
51.0,0,6,9,419
51.0,0,6,10,420
51.0,0,6,11,422
51.0,0,6,12,424
51.0,0,6,13,426
51.0,0,6,14,428
51.0,0,6,15,430
51.0,0,7,0,403
51.0,0,7,1,405
51.0,0,7,2,407
51.0,0,7,3,409
51.0,0,7,4,411
51.0,0,7,5,413
51.0,0,7,6,415
51.0,0,7,7,417
51.0,0,7,8,419
51.0,0,7,9,421
51.0,0,7,10,423
51.0,0,7,11,425
51.0,0,7,12,427
51.0,0,7,13,428
51.0,0,7,14,430
51.0,0,7,15,432
51.0,0,8,0,406
51.0,0,8,1,408
51.0,0,8,2,410
51.0,0,8,3,412
51.0,0,8,4,414
51.0,0,8,5,415
51.0,0,8,6,417
51.0,0,8,7,419
51.0,0,8,8,421
51.0,0,8,9,423
51.0,0,8,10,425
51.0,0,8,11,427
51.0,0,8,12,429
51.0,0,8,13,431
51.0,0,8,14,433
51.0,0,8,15,434
51.0,0,9,0,408
51.0,0,9,1,410
51.0,0,9,2,412
51.0,0,9,3,414
51.0,0,9,4,416
51.0,0,9,5,418
51.0,0,9,6,420
51.0,0,9,7,422
51.0,0,9,8,424
51.0,0,9,9,426
51.0,0,9,10,427
51.0,0,9,11,429
51.0,0,9,12,431
51.0,0,9,13,433
51.0,0,9,14,435
51.0,0,9,15,437
51.0,0,10,0,410
51.0,0,10,1,412
51.0,0,10,2,414
51.0,0,10,3,416
51.0,0,10,4,418
51.0,0,10,5,420
51.0,0,10,6,422
51.0,0,10,7,424
51.0,0,10,8,426
51.0,0,10,9,428
51.0,0,10,10,430
51.0,0,10,11,432
51.0,0,10,12,434
51.0,0,10,13,435
51.0,0,10,14,437
51.0,0,10,15,439
51.0,0,11,0,412
51.0,0,11,1,414
51.0,0,11,2,416
51.0,0,11,3,418
51.0,0,11,4,420
51.0,0,11,5,422
51.0,0,11,6,424
51.0,0,11,7,426
51.0,0,11,8,428
51.0,0,11,9,430
51.0,0,11,10,432
51.0,0,11,11,434
51.0,0,11,12,436
51.0,0,11,13,438
51.0,0,11,14,440
51.0,0,11,15,442
51.0,0,12,0,414
51.0,0,12,1,417
51.0,0,12,2,419
51.0,0,12,3,421
51.0,0,12,4,423
51.0,0,12,5,425
51.0,0,12,6,427
51.0,0,12,7,428
51.0,0,12,8,430
51.0,0,12,9,432
51.0,0,12,10,434
51.0,0,12,11,436
51.0,0,12,12,438
51.0,0,12,13,440
51.0,0,12,14,442
51.0,0,12,15,444
51.0,0,13,0,417
51.0,0,13,1,419
51.0,0,13,2,421
51.0,0,13,3,423
51.0,0,13,4,425
51.0,0,13,5,427
51.0,0,13,6,429
51.0,0,13,7,431
51.0,0,13,8,433
51.0,0,13,9,435
51.0,0,13,10,437
51.0,0,13,11,439
51.0,0,13,12,441
51.0,0,13,13,442
51.0,0,13,14,444
51.0,0,13,15,446
51.0,0,14,0,419
51.0,0,14,1,421
51.0,0,14,2,423
51.0,0,14,3,425
51.0,0,14,4,427
51.0,0,14,5,429
51.0,0,14,6,431
51.0,0,14,7,433
51.0,0,14,8,435
51.0,0,14,9,437
51.0,0,14,10,439
51.0,0,14,11,441
51.0,0,14,12,443
51.0,0,14,13,445
51.0,0,14,14,447
51.0,0,14,15,449
51.0,0,15,0,421
51.0,0,15,1,423
51.0,0,15,2,425
51.0,0,15,3,427
51.0,0,15,4,429
51.0,0,15,5,431
51.0,0,15,6,433
51.0,0,15,7,435
51.0,0,15,8,437
51.0,0,15,9,439
51.0,0,15,10,441
51.0,0,15,11,443
51.0,0,15,12,445
51.0,0,15,13,447
51.0,0,15,14,449
51.0,0,15,15,451
51.0,1,0,0,394
51.0,1,0,1,396
51.0,1,0,2,398
51.0,1,0,3,400
51.0,1,0,4,402
51.0,1,0,5,404
51.0,1,0,6,405
51.0,1,0,7,407
51.0,1,0,8,409
51.0,1,0,9,411
51.0,1,0,10,413
51.0,1,0,11,415
51.0,1,0,12,417
51.0,1,0,13,418
51.0,1,0,14,420
51.0,1,0,15,422
51.0,1,1,0,396
51.0,1,1,1,398
51.0,1,1,2,400
51.0,1,1,3,402
51.0,1,1,4,404
51.0,1,1,5,406
51.0,1,1,6,408
51.0,1,1,7,410
51.0,1,1,8,412
51.0,1,1,9,413
51.0,1,1,10,415
51.0,1,1,11,417
51.0,1,1,12,419
51.0,1,1,13,421
51.0,1,1,14,423
51.0,1,1,15,425
51.0,1,2,0,399
51.0,1,2,1,401
51.0,1,2,2,403
51.0,1,2,3,405
51.0,1,2,4,406
51.0,1,2,5,408
51.0,1,2,6,410
51.0,1,2,7,412
51.0,1,2,8,414
51.0,1,2,9,416
51.0,1,2,10,418
51.0,1,2,11,420
51.0,1,2,12,422
51.0,1,2,13,423
51.0,1,2,14,425
51.0,1,2,15,427
51.0,1,3,0,401
51.0,1,3,1,403
51.0,1,3,2,405
51.0,1,3,3,407
51.0,1,3,4,409
51.0,1,3,5,411
51.0,1,3,6,413
51.0,1,3,7,415
51.0,1,3,8,416
51.0,1,3,9,418
51.0,1,3,10,420
51.0,1,3,11,422
51.0,1,3,12,424
51.0,1,3,13,426
51.0,1,3,14,428
51.0,1,3,15,430
51.0,1,4,0,403
51.0,1,4,1,405
51.0,1,4,2,407
51.0,1,4,3,409
51.0,1,4,4,411
51.0,1,4,5,413
51.0,1,4,6,415
51.0,1,4,7,417
51.0,1,4,8,419
51.0,1,4,9,421
51.0,1,4,10,423
51.0,1,4,11,425
51.0,1,4,12,426
51.0,1,4,13,428
51.0,1,4,14,430
51.0,1,4,15,432
51.0,1,5,0,406
51.0,1,5,1,408
51.0,1,5,2,410
51.0,1,5,3,412
51.0,1,5,4,414
51.0,1,5,5,416
51.0,1,5,6,417
51.0,1,5,7,419
51.0,1,5,8,421
51.0,1,5,9,423
51.0,1,5,10,425
51.0,1,5,11,427
51.0,1,5,12,429
51.0,1,5,13,431
51.0,1,5,14,433
51.0,1,5,15,435
51.0,1,6,0,408
51.0,1,6,1,410
51.0,1,6,2,412
51.0,1,6,3,414
51.0,1,6,4,416
51.0,1,6,5,418
51.0,1,6,6,420
51.0,1,6,7,422
51.0,1,6,8,424
51.0,1,6,9,426
51.0,1,6,10,428
51.0,1,6,11,429
51.0,1,6,12,431
51.0,1,6,13,433
51.0,1,6,14,435
51.0,1,6,15,437
51.0,1,7,0,410
51.0,1,7,1,412
51.0,1,7,2,414
51.0,1,7,3,416
51.0,1,7,4,418
51.0,1,7,5,420
51.0,1,7,6,422
51.0,1,7,7,424
51.0,1,7,8,426
51.0,1,7,9,428
51.0,1,7,10,430
51.0,1,7,11,432
51.0,1,7,12,434
51.0,1,7,13,436
51.0,1,7,14,438
51.0,1,7,15,439
51.0,1,8,0,413
51.0,1,8,1,415
51.0,1,8,2,417
51.0,1,8,3,419
51.0,1,8,4,421
51.0,1,8,5,423
51.0,1,8,6,425
51.0,1,8,7,426
51.0,1,8,8,428
51.0,1,8,9,430
51.0,1,8,10,432
51.0,1,8,11,434
51.0,1,8,12,436
51.0,1,8,13,438
51.0,1,8,14,440
51.0,1,8,15,442
51.0,1,9,0,415
51.0,1,9,1,417
51.0,1,9,2,419
51.0,1,9,3,421
51.0,1,9,4,423
51.0,1,9,5,425
51.0,1,9,6,427
51.0,1,9,7,429
51.0,1,9,8,431
51.0,1,9,9,433
51.0,1,9,10,435
51.0,1,9,11,437
51.0,1,9,12,439
51.0,1,9,13,440
51.0,1,9,14,442
51.0,1,9,15,444
51.0,1,10,0,417
51.0,1,10,1,419
51.0,1,10,2,421
51.0,1,10,3,423
51.0,1,10,4,425
51.0,1,10,5,427
51.0,1,10,6,429
51.0,1,10,7,431
51.0,1,10,8,433
51.0,1,10,9,435
51.0,1,10,10,437
51.0,1,10,11,439
51.0,1,10,12,441
51.0,1,10,13,443
51.0,1,10,14,445
51.0,1,10,15,447
51.0,1,11,0,419
51.0,1,11,1,421
51.0,1,11,2,423
51.0,1,11,3,425
51.0,1,11,4,427
51.0,1,11,5,429
51.0,1,11,6,431
51.0,1,11,7,433
51.0,1,11,8,435
51.0,1,11,9,437
51.0,1,11,10,439
51.0,1,11,11,441
51.0,1,11,12,443
51.0,1,11,13,445
51.0,1,11,14,447
51.0,1,11,15,449
51.0,1,12,0,422
51.0,1,12,1,424
51.0,1,12,2,426
51.0,1,12,3,428
51.0,1,12,4,430
51.0,1,12,5,432
51.0,1,12,6,434
51.0,1,12,7,436
51.0,1,12,8,438
51.0,1,12,9,440
51.0,1,12,10,442
51.0,1,12,11,444
51.0,1,12,12,446
51.0,1,12,13,448
51.0,1,12,14,450
51.0,1,12,15,451
51.0,1,13,0,424
51.0,1,13,1,426
51.0,1,13,2,428
51.0,1,13,3,430
51.0,1,13,4,432
51.0,1,13,5,434
51.0,1,13,6,436
51.0,1,13,7,438
51.0,1,13,8,440
51.0,1,13,9,442
51.0,1,13,10,444
51.0,1,13,11,446
51.0,1,13,12,448
51.0,1,13,13,450
51.0,1,13,14,452
51.0,1,13,15,454
51.0,1,14,0,426
51.0,1,14,1,428
51.0,1,14,2,430
51.0,1,14,3,432
51.0,1,14,4,434
51.0,1,14,5,436
51.0,1,14,6,438
51.0,1,14,7,440
51.0,1,14,8,442
51.0,1,14,9,444
51.0,1,14,10,446
51.0,1,14,11,448
51.0,1,14,12,450
51.0,1,14,13,452
51.0,1,14,14,454
51.0,1,14,15,456
51.0,1,15,0,428
51.0,1,15,1,430
51.0,1,15,2,432
51.0,1,15,3,434
51.0,1,15,4,436
51.0,1,15,5,439
51.0,1,15,6,441
51.0,1,15,7,443
51.0,1,15,8,445
51.0,1,15,9,447
51.0,1,15,10,449
51.0,1,15,11,451
51.0,1,15,12,453
51.0,1,15,13,455
51.0,1,15,14,457
51.0,1,15,15,459
51.0,2,0,0,401
51.0,2,0,1,403
51.0,2,0,2,404
51.0,2,0,3,406
51.0,2,0,4,408
51.0,2,0,5,410
51.0,2,0,6,412
51.0,2,0,7,414
51.0,2,0,8,416
51.0,2,0,9,418
51.0,2,0,10,420
51.0,2,0,11,422
51.0,2,0,12,423
51.0,2,0,13,425
51.0,2,0,14,427
51.0,2,0,15,429
51.0,2,1,0,403
51.0,2,1,1,405
51.0,2,1,2,407
51.0,2,1,3,409
51.0,2,1,4,411
51.0,2,1,5,413
51.0,2,1,6,415
51.0,2,1,7,417
51.0,2,1,8,418
51.0,2,1,9,420
51.0,2,1,10,422
51.0,2,1,11,424
51.0,2,1,12,426
51.0,2,1,13,428
51.0,2,1,14,430
51.0,2,1,15,432
51.0,2,2,0,405
51.0,2,2,1,407
51.0,2,2,2,409
51.0,2,2,3,411
51.0,2,2,4,413
51.0,2,2,5,415
51.0,2,2,6,417
51.0,2,2,7,419
51.0,2,2,8,421
51.0,2,2,9,423
51.0,2,2,10,425
51.0,2,2,11,427
51.0,2,2,12,429
51.0,2,2,13,430
51.0,2,2,14,432
51.0,2,2,15,434
51.0,2,3,0,408
51.0,2,3,1,410
51.0,2,3,2,412
51.0,2,3,3,414
51.0,2,3,4,416
51.0,2,3,5,418
51.0,2,3,6,420
51.0,2,3,7,422
51.0,2,3,8,423
51.0,2,3,9,425
51.0,2,3,10,427
51.0,2,3,11,429
51.0,2,3,12,431
51.0,2,3,13,433
51.0,2,3,14,435
51.0,2,3,15,437
51.0,2,4,0,410
51.0,2,4,1,412
51.0,2,4,2,414
51.0,2,4,3,416
51.0,2,4,4,418
51.0,2,4,5,420
51.0,2,4,6,422
51.0,2,4,7,424
51.0,2,4,8,426
51.0,2,4,9,428
51.0,2,4,10,430
51.0,2,4,11,432
51.0,2,4,12,434
51.0,2,4,13,435
51.0,2,4,14,437
51.0,2,4,15,439
51.0,2,5,0,412
51.0,2,5,1,414
51.0,2,5,2,416
51.0,2,5,3,418
51.0,2,5,4,420
51.0,2,5,5,422
51.0,2,5,6,424
51.0,2,5,7,426
51.0,2,5,8,428
51.0,2,5,9,430
51.0,2,5,10,432
51.0,2,5,11,434
51.0,2,5,12,436
51.0,2,5,13,438
51.0,2,5,14,440
51.0,2,5,15,442
51.0,2,6,0,415
51.0,2,6,1,417
51.0,2,6,2,419
51.0,2,6,3,421
51.0,2,6,4,423
51.0,2,6,5,425
51.0,2,6,6,427
51.0,2,6,7,429
51.0,2,6,8,431
51.0,2,6,9,433
51.0,2,6,10,435
51.0,2,6,11,437
51.0,2,6,12,439
51.0,2,6,13,440
51.0,2,6,14,442
51.0,2,6,15,444
51.0,2,7,0,417
51.0,2,7,1,419
51.0,2,7,2,421
51.0,2,7,3,423
51.0,2,7,4,425
51.0,2,7,5,427
51.0,2,7,6,429
51.0,2,7,7,431
51.0,2,7,8,433
51.0,2,7,9,435
51.0,2,7,10,437
51.0,2,7,11,439
51.0,2,7,12,441
51.0,2,7,13,443
51.0,2,7,14,445
51.0,2,7,15,447
51.0,2,8,0,419
51.0,2,8,1,421
51.0,2,8,2,424
51.0,2,8,3,426
51.0,2,8,4,428
51.0,2,8,5,430
51.0,2,8,6,432
51.0,2,8,7,434
51.0,2,8,8,436
51.0,2,8,9,438
51.0,2,8,10,440
51.0,2,8,11,441
51.0,2,8,12,443
51.0,2,8,13,445
51.0,2,8,14,447
51.0,2,8,15,449
51.0,2,9,0,422
51.0,2,9,1,424
51.0,2,9,2,426
51.0,2,9,3,428
51.0,2,9,4,430
51.0,2,9,5,432
51.0,2,9,6,434
51.0,2,9,7,436
51.0,2,9,8,438
51.0,2,9,9,440
51.0,2,9,10,442
51.0,2,9,11,444
51.0,2,9,12,446
51.0,2,9,13,448
51.0,2,9,14,450
51.0,2,9,15,452
51.0,2,10,0,424
51.0,2,10,1,426
51.0,2,10,2,428
51.0,2,10,3,430
51.0,2,10,4,432
51.0,2,10,5,434
51.0,2,10,6,436
51.0,2,10,7,438
51.0,2,10,8,440
51.0,2,10,9,442
51.0,2,10,10,444
51.0,2,10,11,446
51.0,2,10,12,448
51.0,2,10,13,450
51.0,2,10,14,452
51.0,2,10,15,454
51.0,2,11,0,426
51.0,2,11,1,428
51.0,2,11,2,430
51.0,2,11,3,433
51.0,2,11,4,435
51.0,2,11,5,437
51.0,2,11,6,439
51.0,2,11,7,441
51.0,2,11,8,443
51.0,2,11,9,445
51.0,2,11,10,447
51.0,2,11,11,449
51.0,2,11,12,451
51.0,2,11,13,453
51.0,2,11,14,455
51.0,2,11,15,457
51.0,2,12,0,429
51.0,2,12,1,431
51.0,2,12,2,433
51.0,2,12,3,435
51.0,2,12,4,437
51.0,2,12,5,439
51.0,2,12,6,441
51.0,2,12,7,443
51.0,2,12,8,445
51.0,2,12,9,447
51.0,2,12,10,449
51.0,2,12,11,451
51.0,2,12,12,453
51.0,2,12,13,455
51.0,2,12,14,457
51.0,2,12,15,459
51.0,2,13,0,431
51.0,2,13,1,433
51.0,2,13,2,435
51.0,2,13,3,437
51.0,2,13,4,439
51.0,2,13,5,441
51.0,2,13,6,443
51.0,2,13,7,445
51.0,2,13,8,447
51.0,2,13,9,449
51.0,2,13,10,451
51.0,2,13,11,453
51.0,2,13,12,455
51.0,2,13,13,457
51.0,2,13,14,459
51.0,2,13,15,461
51.0,2,14,0,433
51.0,2,14,1,435
51.0,2,14,2,437
51.0,2,14,3,439
51.0,2,14,4,441
51.0,2,14,5,444
51.0,2,14,6,446
51.0,2,14,7,448
51.0,2,14,8,450
51.0,2,14,9,452
51.0,2,14,10,454
51.0,2,14,11,456
51.0,2,14,12,458
51.0,2,14,13,460
51.0,2,14,14,462
51.0,2,14,15,464
51.0,2,15,0,435
51.0,2,15,1,437
51.0,2,15,2,440
51.0,2,15,3,442
51.0,2,15,4,444
51.0,2,15,5,446
51.0,2,15,6,448
51.0,2,15,7,450
51.0,2,15,8,452
51.0,2,15,9,454
51.0,2,15,10,456
51.0,2,15,11,458
51.0,2,15,12,460
51.0,2,15,13,462
51.0,2,15,14,464
51.0,2,15,15,466
51.0,3,0,0,407
51.0,3,0,1,409
51.0,3,0,2,411
51.0,3,0,3,413
51.0,3,0,4,415
51.0,3,0,5,417
51.0,3,0,6,419
51.0,3,0,7,421
51.0,3,0,8,423
51.0,3,0,9,425
51.0,3,0,10,427
51.0,3,0,11,429
51.0,3,0,12,430
51.0,3,0,13,432
51.0,3,0,14,434
51.0,3,0,15,436
51.0,3,1,0,410
51.0,3,1,1,412
51.0,3,1,2,414
51.0,3,1,3,416
51.0,3,1,4,418
51.0,3,1,5,419
51.0,3,1,6,421
51.0,3,1,7,423
51.0,3,1,8,425
51.0,3,1,9,427
51.0,3,1,10,429
51.0,3,1,11,431
51.0,3,1,12,433
51.0,3,1,13,435
51.0,3,1,14,437
51.0,3,1,15,439
51.0,3,2,0,412
51.0,3,2,1,414
51.0,3,2,2,416
51.0,3,2,3,418
51.0,3,2,4,420
51.0,3,2,5,422
51.0,3,2,6,424
51.0,3,2,7,426
51.0,3,2,8,428
51.0,3,2,9,430
51.0,3,2,10,432
51.0,3,2,11,434
51.0,3,2,12,436
51.0,3,2,13,437
51.0,3,2,14,439
51.0,3,2,15,441
51.0,3,3,0,414
51.0,3,3,1,416
51.0,3,3,2,418
51.0,3,3,3,420
51.0,3,3,4,422
51.0,3,3,5,424
51.0,3,3,6,426
51.0,3,3,7,428
51.0,3,3,8,430
51.0,3,3,9,432
51.0,3,3,10,434
51.0,3,3,11,436
51.0,3,3,12,438
51.0,3,3,13,440
51.0,3,3,14,442
51.0,3,3,15,444
51.0,3,4,0,417
51.0,3,4,1,419
51.0,3,4,2,421
51.0,3,4,3,423
51.0,3,4,4,425
51.0,3,4,5,427
51.0,3,4,6,429
51.0,3,4,7,431
51.0,3,4,8,433
51.0,3,4,9,435
51.0,3,4,10,437
51.0,3,4,11,439
51.0,3,4,12,441
51.0,3,4,13,443
51.0,3,4,14,445
51.0,3,4,15,446
51.0,3,5,0,419
51.0,3,5,1,421
51.0,3,5,2,423
51.0,3,5,3,425
51.0,3,5,4,427
51.0,3,5,5,429
51.0,3,5,6,431
51.0,3,5,7,433
51.0,3,5,8,435
51.0,3,5,9,437
51.0,3,5,10,439
51.0,3,5,11,441
51.0,3,5,12,443
51.0,3,5,13,445
51.0,3,5,14,447
51.0,3,5,15,449
51.0,3,6,0,422
51.0,3,6,1,424
51.0,3,6,2,426
51.0,3,6,3,428
51.0,3,6,4,430
51.0,3,6,5,432
51.0,3,6,6,434
51.0,3,6,7,436
51.0,3,6,8,438
51.0,3,6,9,440
51.0,3,6,10,442
51.0,3,6,11,444
51.0,3,6,12,446
51.0,3,6,13,448
51.0,3,6,14,450
51.0,3,6,15,452
51.0,3,7,0,424
51.0,3,7,1,426
51.0,3,7,2,428
51.0,3,7,3,430
51.0,3,7,4,432
51.0,3,7,5,434
51.0,3,7,6,436
51.0,3,7,7,438
51.0,3,7,8,440
51.0,3,7,9,442
51.0,3,7,10,444
51.0,3,7,11,446
51.0,3,7,12,448
51.0,3,7,13,450
51.0,3,7,14,452
51.0,3,7,15,454
51.0,3,8,0,426
51.0,3,8,1,428
51.0,3,8,2,430
51.0,3,8,3,433
51.0,3,8,4,435
51.0,3,8,5,437
51.0,3,8,6,439
51.0,3,8,7,441
51.0,3,8,8,443
51.0,3,8,9,445
51.0,3,8,10,447
51.0,3,8,11,449
51.0,3,8,12,451
51.0,3,8,13,453
51.0,3,8,14,455
51.0,3,8,15,457
51.0,3,9,0,429
51.0,3,9,1,431
51.0,3,9,2,433
51.0,3,9,3,435
51.0,3,9,4,437
51.0,3,9,5,439
51.0,3,9,6,441
51.0,3,9,7,443
51.0,3,9,8,445
51.0,3,9,9,447
51.0,3,9,10,449
51.0,3,9,11,451
51.0,3,9,12,453
51.0,3,9,13,455
51.0,3,9,14,457
51.0,3,9,15,459
51.0,3,10,0,431
51.0,3,10,1,433
51.0,3,10,2,435
51.0,3,10,3,437
51.0,3,10,4,439
51.0,3,10,5,441
51.0,3,10,6,443
51.0,3,10,7,446
51.0,3,10,8,448
51.0,3,10,9,450
51.0,3,10,10,452
51.0,3,10,11,454
51.0,3,10,12,456
51.0,3,10,13,458
51.0,3,10,14,460
51.0,3,10,15,462
51.0,3,11,0,433
51.0,3,11,1,435
51.0,3,11,2,438
51.0,3,11,3,440
51.0,3,11,4,442
51.0,3,11,5,444
51.0,3,11,6,446
51.0,3,11,7,448
51.0,3,11,8,450
51.0,3,11,9,452
51.0,3,11,10,454
51.0,3,11,11,456
51.0,3,11,12,458
51.0,3,11,13,460
51.0,3,11,14,462
51.0,3,11,15,464
51.0,3,12,0,436
51.0,3,12,1,438
51.0,3,12,2,440
51.0,3,12,3,442
51.0,3,12,4,444
51.0,3,12,5,446
51.0,3,12,6,448
51.0,3,12,7,450
51.0,3,12,8,452
51.0,3,12,9,454
51.0,3,12,10,456
51.0,3,12,11,459
51.0,3,12,12,461
51.0,3,12,13,463
51.0,3,12,14,465
51.0,3,12,15,467
51.0,3,13,0,438
51.0,3,13,1,440
51.0,3,13,2,442
51.0,3,13,3,444
51.0,3,13,4,446
51.0,3,13,5,448
51.0,3,13,6,451
51.0,3,13,7,453
51.0,3,13,8,455
51.0,3,13,9,457
51.0,3,13,10,459
51.0,3,13,11,461
51.0,3,13,12,463
51.0,3,13,13,465
51.0,3,13,14,467
51.0,3,13,15,469
51.0,3,14,0,440
51.0,3,14,1,442
51.0,3,14,2,444
51.0,3,14,3,447
51.0,3,14,4,449
51.0,3,14,5,451
51.0,3,14,6,453
51.0,3,14,7,455
51.0,3,14,8,457
51.0,3,14,9,459
51.0,3,14,10,461
51.0,3,14,11,463
51.0,3,14,12,465
51.0,3,14,13,467
51.0,3,14,14,469
51.0,3,14,15,471
51.0,3,15,0,442
51.0,3,15,1,445
51.0,3,15,2,447
51.0,3,15,3,449
51.0,3,15,4,451
51.0,3,15,5,453
51.0,3,15,6,455
51.0,3,15,7,457
51.0,3,15,8,459
51.0,3,15,9,462
51.0,3,15,10,464
51.0,3,15,11,466
51.0,3,15,12,468
51.0,3,15,13,470
51.0,3,15,14,472
51.0,3,15,15,474
51.0,4,0,0,414
51.0,4,0,1,416
51.0,4,0,2,418
51.0,4,0,3,420
51.0,4,0,4,422
51.0,4,0,5,424
51.0,4,0,6,426
51.0,4,0,7,428
51.0,4,0,8,430
51.0,4,0,9,432
51.0,4,0,10,434
51.0,4,0,11,435
51.0,4,0,12,437
51.0,4,0,13,439
51.0,4,0,14,441
51.0,4,0,15,443
51.0,4,1,0,416
51.0,4,1,1,418
51.0,4,1,2,420
51.0,4,1,3,422
51.0,4,1,4,424
51.0,4,1,5,426
51.0,4,1,6,428
51.0,4,1,7,430
51.0,4,1,8,432
51.0,4,1,9,434
51.0,4,1,10,436
51.0,4,1,11,438
51.0,4,1,12,440
51.0,4,1,13,442
51.0,4,1,14,444
51.0,4,1,15,446
51.0,4,2,0,419
51.0,4,2,1,421
51.0,4,2,2,423
51.0,4,2,3,425
51.0,4,2,4,427
51.0,4,2,5,429
51.0,4,2,6,431
51.0,4,2,7,433
51.0,4,2,8,435
51.0,4,2,9,437
51.0,4,2,10,439
51.0,4,2,11,441
51.0,4,2,12,443
51.0,4,2,13,445
51.0,4,2,14,446
51.0,4,2,15,448
51.0,4,3,0,421
51.0,4,3,1,423
51.0,4,3,2,425
51.0,4,3,3,427
51.0,4,3,4,429
51.0,4,3,5,431
51.0,4,3,6,433
51.0,4,3,7,435
51.0,4,3,8,437
51.0,4,3,9,439
51.0,4,3,10,441
51.0,4,3,11,443
51.0,4,3,12,445
51.0,4,3,13,447
51.0,4,3,14,449
51.0,4,3,15,451
51.0,4,4,0,424
51.0,4,4,1,426
51.0,4,4,2,428
51.0,4,4,3,430
51.0,4,4,4,432
51.0,4,4,5,434
51.0,4,4,6,436
51.0,4,4,7,438
51.0,4,4,8,440
51.0,4,4,9,442
51.0,4,4,10,444
51.0,4,4,11,446
51.0,4,4,12,448
51.0,4,4,13,450
51.0,4,4,14,452
51.0,4,4,15,454
51.0,4,5,0,426
51.0,4,5,1,428
51.0,4,5,2,430
51.0,4,5,3,432
51.0,4,5,4,434
51.0,4,5,5,436
51.0,4,5,6,438
51.0,4,5,7,440
51.0,4,5,8,442
51.0,4,5,9,444
51.0,4,5,10,446
51.0,4,5,11,448
51.0,4,5,12,450
51.0,4,5,13,452
51.0,4,5,14,454
51.0,4,5,15,456
51.0,4,6,0,428
51.0,4,6,1,430
51.0,4,6,2,433
51.0,4,6,3,435
51.0,4,6,4,437
51.0,4,6,5,439
51.0,4,6,6,441
51.0,4,6,7,443
51.0,4,6,8,445
51.0,4,6,9,447
51.0,4,6,10,449
51.0,4,6,11,451
51.0,4,6,12,453
51.0,4,6,13,455
51.0,4,6,14,457
51.0,4,6,15,459
51.0,4,7,0,431
51.0,4,7,1,433
51.0,4,7,2,435
51.0,4,7,3,437
51.0,4,7,4,439
51.0,4,7,5,441
51.0,4,7,6,443
51.0,4,7,7,445
51.0,4,7,8,447
51.0,4,7,9,449
51.0,4,7,10,451
51.0,4,7,11,453
51.0,4,7,12,455
51.0,4,7,13,457
51.0,4,7,14,459
51.0,4,7,15,461
51.0,4,8,0,433
51.0,4,8,1,435
51.0,4,8,2,437
51.0,4,8,3,440
51.0,4,8,4,442
51.0,4,8,5,444
51.0,4,8,6,446
51.0,4,8,7,448
51.0,4,8,8,450
51.0,4,8,9,452
51.0,4,8,10,454
51.0,4,8,11,456
51.0,4,8,12,458
51.0,4,8,13,460
51.0,4,8,14,462
51.0,4,8,15,464
51.0,4,9,0,436
51.0,4,9,1,438
51.0,4,9,2,440
51.0,4,9,3,442
51.0,4,9,4,444
51.0,4,9,5,446
51.0,4,9,6,448
51.0,4,9,7,450
51.0,4,9,8,452
51.0,4,9,9,454
51.0,4,9,10,456
51.0,4,9,11,458
51.0,4,9,12,461
51.0,4,9,13,463
51.0,4,9,14,465
51.0,4,9,15,467
51.0,4,10,0,438
51.0,4,10,1,440
51.0,4,10,2,442
51.0,4,10,3,444
51.0,4,10,4,446
51.0,4,10,5,449
51.0,4,10,6,451
51.0,4,10,7,453
51.0,4,10,8,455
51.0,4,10,9,457
51.0,4,10,10,459
51.0,4,10,11,461
51.0,4,10,12,463
51.0,4,10,13,465
51.0,4,10,14,467
51.0,4,10,15,469
51.0,4,11,0,440
51.0,4,11,1,442
51.0,4,11,2,445
51.0,4,11,3,447
51.0,4,11,4,449
51.0,4,11,5,451
51.0,4,11,6,453
51.0,4,11,7,455
51.0,4,11,8,457
51.0,4,11,9,459
51.0,4,11,10,461
51.0,4,11,11,463
51.0,4,11,12,465
51.0,4,11,13,468
51.0,4,11,14,470
51.0,4,11,15,472
51.0,4,12,0,443
51.0,4,12,1,445
51.0,4,12,2,447
51.0,4,12,3,449
51.0,4,12,4,451
51.0,4,12,5,453
51.0,4,12,6,455
51.0,4,12,7,458
51.0,4,12,8,460
51.0,4,12,9,462
51.0,4,12,10,464
51.0,4,12,11,466
51.0,4,12,12,468
51.0,4,12,13,470
51.0,4,12,14,472
51.0,4,12,15,474
51.0,4,13,0,445
51.0,4,13,1,447
51.0,4,13,2,449
51.0,4,13,3,451
51.0,4,13,4,454
51.0,4,13,5,456
51.0,4,13,6,458
51.0,4,13,7,460
51.0,4,13,8,462
51.0,4,13,9,464
51.0,4,13,10,466
51.0,4,13,11,468
51.0,4,13,12,470
51.0,4,13,13,472
51.0,4,13,14,475
51.0,4,13,15,477
51.0,4,14,0,447
51.0,4,14,1,449
51.0,4,14,2,452
51.0,4,14,3,454
51.0,4,14,4,456
51.0,4,14,5,458
51.0,4,14,6,460
51.0,4,14,7,462
51.0,4,14,8,464
51.0,4,14,9,467
51.0,4,14,10,469
51.0,4,14,11,471
51.0,4,14,12,473
51.0,4,14,13,475
51.0,4,14,14,477
51.0,4,14,15,479
51.0,4,15,0,450
51.0,4,15,1,452
51.0,4,15,2,454
51.0,4,15,3,456
51.0,4,15,4,458
51.0,4,15,5,460
51.0,4,15,6,463
51.0,4,15,7,465
51.0,4,15,8,467
51.0,4,15,9,469
51.0,4,15,10,471
51.0,4,15,11,473
51.0,4,15,12,475
51.0,4,15,13,477
51.0,4,15,14,479
51.0,4,15,15,482
51.0,5,0,0,420
51.0,5,0,1,422
51.0,5,0,2,424
51.0,5,0,3,426
51.0,5,0,4,428
51.0,5,0,5,430
51.0,5,0,6,432
51.0,5,0,7,434
51.0,5,0,8,436
51.0,5,0,9,438
51.0,5,0,10,440
51.0,5,0,11,442
51.0,5,0,12,444
51.0,5,0,13,446
51.0,5,0,14,448
51.0,5,0,15,450
51.0,5,1,0,423
51.0,5,1,1,425
51.0,5,1,2,427
51.0,5,1,3,429
51.0,5,1,4,431
51.0,5,1,5,433
51.0,5,1,6,435
51.0,5,1,7,437
51.0,5,1,8,439
51.0,5,1,9,441
51.0,5,1,10,443
51.0,5,1,11,445
51.0,5,1,12,447
51.0,5,1,13,449
51.0,5,1,14,451
51.0,5,1,15,453
51.0,5,2,0,425
51.0,5,2,1,427
51.0,5,2,2,429
51.0,5,2,3,432
51.0,5,2,4,434
51.0,5,2,5,436
51.0,5,2,6,438
51.0,5,2,7,440
51.0,5,2,8,442
51.0,5,2,9,444
51.0,5,2,10,446
51.0,5,2,11,448
51.0,5,2,12,450
51.0,5,2,13,452
51.0,5,2,14,454
51.0,5,2,15,456
51.0,5,3,0,428
51.0,5,3,1,430
51.0,5,3,2,432
51.0,5,3,3,434
51.0,5,3,4,436
51.0,5,3,5,438
51.0,5,3,6,440
51.0,5,3,7,442
51.0,5,3,8,444
51.0,5,3,9,446
51.0,5,3,10,448
51.0,5,3,11,450
51.0,5,3,12,452
51.0,5,3,13,454
51.0,5,3,14,456
51.0,5,3,15,458
51.0,5,4,0,430
51.0,5,4,1,432
51.0,5,4,2,434
51.0,5,4,3,437
51.0,5,4,4,439
51.0,5,4,5,441
51.0,5,4,6,443
51.0,5,4,7,445
51.0,5,4,8,447
51.0,5,4,9,449
51.0,5,4,10,451
51.0,5,4,11,453
51.0,5,4,12,455
51.0,5,4,13,457
51.0,5,4,14,459
51.0,5,4,15,461
51.0,5,5,0,433
51.0,5,5,1,435
51.0,5,5,2,437
51.0,5,5,3,439
51.0,5,5,4,441
51.0,5,5,5,443
51.0,5,5,6,445
51.0,5,5,7,447
51.0,5,5,8,449
51.0,5,5,9,451
51.0,5,5,10,453
51.0,5,5,11,456
51.0,5,5,12,458
51.0,5,5,13,460
51.0,5,5,14,462
51.0,5,5,15,464
51.0,5,6,0,435
51.0,5,6,1,437
51.0,5,6,2,439
51.0,5,6,3,442
51.0,5,6,4,444
51.0,5,6,5,446
51.0,5,6,6,448
51.0,5,6,7,450
51.0,5,6,8,452
51.0,5,6,9,454
51.0,5,6,10,456
51.0,5,6,11,458
51.0,5,6,12,460
51.0,5,6,13,462
51.0,5,6,14,464
51.0,5,6,15,466
51.0,5,7,0,438
51.0,5,7,1,440
51.0,5,7,2,442
51.0,5,7,3,444
51.0,5,7,4,446
51.0,5,7,5,448
51.0,5,7,6,450
51.0,5,7,7,452
51.0,5,7,8,455
51.0,5,7,9,457
51.0,5,7,10,459
51.0,5,7,11,461
51.0,5,7,12,463
51.0,5,7,13,465
51.0,5,7,14,467
51.0,5,7,15,469
51.0,5,8,0,440
51.0,5,8,1,442
51.0,5,8,2,444
51.0,5,8,3,447
51.0,5,8,4,449
51.0,5,8,5,451
51.0,5,8,6,453
51.0,5,8,7,455
51.0,5,8,8,457
51.0,5,8,9,459
51.0,5,8,10,461
51.0,5,8,11,463
51.0,5,8,12,465
51.0,5,8,13,467
51.0,5,8,14,469
51.0,5,8,15,471
51.0,5,9,0,442
51.0,5,9,1,445
51.0,5,9,2,447
51.0,5,9,3,449
51.0,5,9,4,451
51.0,5,9,5,453
51.0,5,9,6,455
51.0,5,9,7,457
51.0,5,9,8,460
51.0,5,9,9,462
51.0,5,9,10,464
51.0,5,9,11,466
51.0,5,9,12,468
51.0,5,9,13,470
51.0,5,9,14,472
51.0,5,9,15,474
51.0,5,10,0,445
51.0,5,10,1,447
51.0,5,10,2,449
51.0,5,10,3,451
51.0,5,10,4,454
51.0,5,10,5,456
51.0,5,10,6,458
51.0,5,10,7,460
51.0,5,10,8,462
51.0,5,10,9,464
51.0,5,10,10,466
51.0,5,10,11,468
51.0,5,10,12,470
51.0,5,10,13,472
51.0,5,10,14,474
51.0,5,10,15,477
51.0,5,11,0,447
51.0,5,11,1,449
51.0,5,11,2,452
51.0,5,11,3,454
51.0,5,11,4,456
51.0,5,11,5,458
51.0,5,11,6,460
51.0,5,11,7,462
51.0,5,11,8,465
51.0,5,11,9,467
51.0,5,11,10,469
51.0,5,11,11,471
51.0,5,11,12,473
51.0,5,11,13,475
51.0,5,11,14,477
51.0,5,11,15,479
51.0,5,12,0,450
51.0,5,12,1,452
51.0,5,12,2,454
51.0,5,12,3,456
51.0,5,12,4,458
51.0,5,12,5,461
51.0,5,12,6,463
51.0,5,12,7,465
51.0,5,12,8,467
51.0,5,12,9,469
51.0,5,12,10,471
51.0,5,12,11,473
51.0,5,12,12,475
51.0,5,12,13,477
51.0,5,12,14,480
51.0,5,12,15,482
51.0,5,13,0,452
51.0,5,13,1,454
51.0,5,13,2,456
51.0,5,13,3,459
51.0,5,13,4,461
51.0,5,13,5,463
51.0,5,13,6,465
51.0,5,13,7,467
51.0,5,13,8,469
51.0,5,13,9,472
51.0,5,13,10,474
51.0,5,13,11,476
51.0,5,13,12,478
51.0,5,13,13,480
51.0,5,13,14,482
51.0,5,13,15,484
51.0,5,14,0,454
51.0,5,14,1,457
51.0,5,14,2,459
51.0,5,14,3,461
51.0,5,14,4,463
51.0,5,14,5,465
51.0,5,14,6,468
51.0,5,14,7,470
51.0,5,14,8,472
51.0,5,14,9,474
51.0,5,14,10,476
51.0,5,14,11,478
51.0,5,14,12,480
51.0,5,14,13,482
51.0,5,14,14,485
51.0,5,14,15,487
51.0,5,15,0,457
51.0,5,15,1,459
51.0,5,15,2,461
51.0,5,15,3,463
51.0,5,15,4,466
51.0,5,15,5,468
51.0,5,15,6,470
51.0,5,15,7,472
51.0,5,15,8,474
51.0,5,15,9,476
51.0,5,15,10,479
51.0,5,15,11,481
51.0,5,15,12,483
51.0,5,15,13,485
51.0,5,15,14,487
51.0,5,15,15,489
51.0,6,0,0,427
51.0,6,0,1,429
51.0,6,0,2,431
51.0,6,0,3,433
51.0,6,0,4,435
51.0,6,0,5,437
51.0,6,0,6,439
51.0,6,0,7,441
51.0,6,0,8,443
51.0,6,0,9,445
51.0,6,0,10,447
51.0,6,0,11,449
51.0,6,0,12,451
51.0,6,0,13,453
51.0,6,0,14,455
51.0,6,0,15,457
51.0,6,1,0,429
51.0,6,1,1,432
51.0,6,1,2,434
51.0,6,1,3,436
51.0,6,1,4,438
51.0,6,1,5,440
51.0,6,1,6,442
51.0,6,1,7,444
51.0,6,1,8,446
51.0,6,1,9,448
51.0,6,1,10,450
51.0,6,1,11,452
51.0,6,1,12,454
51.0,6,1,13,456
51.0,6,1,14,458
51.0,6,1,15,460
51.0,6,2,0,432
51.0,6,2,1,434
51.0,6,2,2,436
51.0,6,2,3,438
51.0,6,2,4,440
51.0,6,2,5,442
51.0,6,2,6,444
51.0,6,2,7,447
51.0,6,2,8,449
51.0,6,2,9,451
51.0,6,2,10,453
51.0,6,2,11,455
51.0,6,2,12,457
51.0,6,2,13,459
51.0,6,2,14,461
51.0,6,2,15,463
51.0,6,3,0,434
51.0,6,3,1,437
51.0,6,3,2,439
51.0,6,3,3,441
51.0,6,3,4,443
51.0,6,3,5,445
51.0,6,3,6,447
51.0,6,3,7,449
51.0,6,3,8,451
51.0,6,3,9,453
51.0,6,3,10,455
51.0,6,3,11,457
51.0,6,3,12,459
51.0,6,3,13,461
51.0,6,3,14,463
51.0,6,3,15,465
51.0,6,4,0,437
51.0,6,4,1,439
51.0,6,4,2,441
51.0,6,4,3,443
51.0,6,4,4,446
51.0,6,4,5,448
51.0,6,4,6,450
51.0,6,4,7,452
51.0,6,4,8,454
51.0,6,4,9,456
51.0,6,4,10,458
51.0,6,4,11,460
51.0,6,4,12,462
51.0,6,4,13,464
51.0,6,4,14,466
51.0,6,4,15,468
51.0,6,5,0,440
51.0,6,5,1,442
51.0,6,5,2,444
51.0,6,5,3,446
51.0,6,5,4,448
51.0,6,5,5,450
51.0,6,5,6,452
51.0,6,5,7,454
51.0,6,5,8,456
51.0,6,5,9,459
51.0,6,5,10,461
51.0,6,5,11,463
51.0,6,5,12,465
51.0,6,5,13,467
51.0,6,5,14,469
51.0,6,5,15,471
51.0,6,6,0,442
51.0,6,6,1,444
51.0,6,6,2,446
51.0,6,6,3,448
51.0,6,6,4,451
51.0,6,6,5,453
51.0,6,6,6,455
51.0,6,6,7,457
51.0,6,6,8,459
51.0,6,6,9,461
51.0,6,6,10,463
51.0,6,6,11,465
51.0,6,6,12,467
51.0,6,6,13,469
51.0,6,6,14,471
51.0,6,6,15,473
51.0,6,7,0,444
51.0,6,7,1,447
51.0,6,7,2,449
51.0,6,7,3,451
51.0,6,7,4,453
51.0,6,7,5,455
51.0,6,7,6,457
51.0,6,7,7,460
51.0,6,7,8,462
51.0,6,7,9,464
51.0,6,7,10,466
51.0,6,7,11,468
51.0,6,7,12,470
51.0,6,7,13,472
51.0,6,7,14,474
51.0,6,7,15,476
51.0,6,8,0,447
51.0,6,8,1,449
51.0,6,8,2,451
51.0,6,8,3,453
51.0,6,8,4,456
51.0,6,8,5,458
51.0,6,8,6,460
51.0,6,8,7,462
51.0,6,8,8,464
51.0,6,8,9,466
51.0,6,8,10,468
51.0,6,8,11,470
51.0,6,8,12,473
51.0,6,8,13,475
51.0,6,8,14,477
51.0,6,8,15,479
51.0,6,9,0,449
51.0,6,9,1,452
51.0,6,9,2,454
51.0,6,9,3,456
51.0,6,9,4,458
51.0,6,9,5,460
51.0,6,9,6,462
51.0,6,9,7,465
51.0,6,9,8,467
51.0,6,9,9,469
51.0,6,9,10,471
51.0,6,9,11,473
51.0,6,9,12,475
51.0,6,9,13,477
51.0,6,9,14,479
51.0,6,9,15,481
51.0,6,10,0,452
51.0,6,10,1,454
51.0,6,10,2,456
51.0,6,10,3,458
51.0,6,10,4,461
51.0,6,10,5,463
51.0,6,10,6,465
51.0,6,10,7,467
51.0,6,10,8,469
51.0,6,10,9,471
51.0,6,10,10,474
51.0,6,10,11,476
51.0,6,10,12,478
51.0,6,10,13,480
51.0,6,10,14,482
51.0,6,10,15,484
51.0,6,11,0,454
51.0,6,11,1,457
51.0,6,11,2,459
51.0,6,11,3,461
51.0,6,11,4,463
51.0,6,11,5,465
51.0,6,11,6,467
51.0,6,11,7,470
51.0,6,11,8,472
51.0,6,11,9,474
51.0,6,11,10,476
51.0,6,11,11,478
51.0,6,11,12,480
51.0,6,11,13,482
51.0,6,11,14,484
51.0,6,11,15,487
51.0,6,12,0,457
51.0,6,12,1,459
51.0,6,12,2,461
51.0,6,12,3,463
51.0,6,12,4,466
51.0,6,12,5,468
51.0,6,12,6,470
51.0,6,12,7,472
51.0,6,12,8,474
51.0,6,12,9,476
51.0,6,12,10,479
51.0,6,12,11,481
51.0,6,12,12,483
51.0,6,12,13,485
51.0,6,12,14,487
51.0,6,12,15,489
51.0,6,13,0,459
51.0,6,13,1,461
51.0,6,13,2,464
51.0,6,13,3,466
51.0,6,13,4,468
51.0,6,13,5,470
51.0,6,13,6,472
51.0,6,13,7,475
51.0,6,13,8,477
51.0,6,13,9,479
51.0,6,13,10,481
51.0,6,13,11,483
51.0,6,13,12,485
51.0,6,13,13,487
51.0,6,13,14,490
51.0,6,13,15,492
51.0,6,14,0,461
51.0,6,14,1,464
51.0,6,14,2,466
51.0,6,14,3,468
51.0,6,14,4,470
51.0,6,14,5,473
51.0,6,14,6,475
51.0,6,14,7,477
51.0,6,14,8,479
51.0,6,14,9,481
51.0,6,14,10,484
51.0,6,14,11,486
51.0,6,14,12,488
51.0,6,14,13,490
51.0,6,14,14,492
51.0,6,14,15,494
51.0,6,15,0,464
51.0,6,15,1,466
51.0,6,15,2,468
51.0,6,15,3,471
51.0,6,15,4,473
51.0,6,15,5,475
51.0,6,15,6,477
51.0,6,15,7,480
51.0,6,15,8,482
51.0,6,15,9,484
51.0,6,15,10,486
51.0,6,15,11,488
51.0,6,15,12,490
51.0,6,15,13,493
51.0,6,15,14,495
51.0,6,15,15,497
51.0,7,0,0,433
51.0,7,0,1,436
51.0,7,0,2,438
51.0,7,0,3,440
51.0,7,0,4,442
51.0,7,0,5,444
51.0,7,0,6,446
51.0,7,0,7,448
51.0,7,0,8,450
51.0,7,0,9,452
51.0,7,0,10,454
51.0,7,0,11,456
51.0,7,0,12,458
51.0,7,0,13,460
51.0,7,0,14,462
51.0,7,0,15,464
51.0,7,1,0,436
51.0,7,1,1,438
51.0,7,1,2,440
51.0,7,1,3,442
51.0,7,1,4,444
51.0,7,1,5,447
51.0,7,1,6,449
51.0,7,1,7,451
51.0,7,1,8,453
51.0,7,1,9,455
51.0,7,1,10,457
51.0,7,1,11,459
51.0,7,1,12,461
51.0,7,1,13,463
51.0,7,1,14,465
51.0,7,1,15,467
51.0,7,2,0,439
51.0,7,2,1,441
51.0,7,2,2,443
51.0,7,2,3,445
51.0,7,2,4,447
51.0,7,2,5,449
51.0,7,2,6,451
51.0,7,2,7,453
51.0,7,2,8,456
51.0,7,2,9,458
51.0,7,2,10,460
51.0,7,2,11,462
51.0,7,2,12,464
51.0,7,2,13,466
51.0,7,2,14,468
51.0,7,2,15,470
51.0,7,3,0,441
51.0,7,3,1,443
51.0,7,3,2,445
51.0,7,3,3,448
51.0,7,3,4,450
51.0,7,3,5,452
51.0,7,3,6,454
51.0,7,3,7,456
51.0,7,3,8,458
51.0,7,3,9,460
51.0,7,3,10,462
51.0,7,3,11,464
51.0,7,3,12,466
51.0,7,3,13,468
51.0,7,3,14,471
51.0,7,3,15,473
51.0,7,4,0,444
51.0,7,4,1,446
51.0,7,4,2,448
51.0,7,4,3,450
51.0,7,4,4,452
51.0,7,4,5,455
51.0,7,4,6,457
51.0,7,4,7,459
51.0,7,4,8,461
51.0,7,4,9,463
51.0,7,4,10,465
51.0,7,4,11,467
51.0,7,4,12,469
51.0,7,4,13,471
51.0,7,4,14,473
51.0,7,4,15,475
51.0,7,5,0,446
51.0,7,5,1,448
51.0,7,5,2,451
51.0,7,5,3,453
51.0,7,5,4,455
51.0,7,5,5,457
51.0,7,5,6,459
51.0,7,5,7,461
51.0,7,5,8,463
51.0,7,5,9,466
51.0,7,5,10,468
51.0,7,5,11,470
51.0,7,5,12,472
51.0,7,5,13,474
51.0,7,5,14,476
51.0,7,5,15,478
51.0,7,6,0,449
51.0,7,6,1,451
51.0,7,6,2,453
51.0,7,6,3,455
51.0,7,6,4,458
51.0,7,6,5,460
51.0,7,6,6,462
51.0,7,6,7,464
51.0,7,6,8,466
51.0,7,6,9,468
51.0,7,6,10,470
51.0,7,6,11,472
51.0,7,6,12,475
51.0,7,6,13,477
51.0,7,6,14,479
51.0,7,6,15,481
51.0,7,7,0,451
51.0,7,7,1,454
51.0,7,7,2,456
51.0,7,7,3,458
51.0,7,7,4,460
51.0,7,7,5,462
51.0,7,7,6,464
51.0,7,7,7,467
51.0,7,7,8,469
51.0,7,7,9,471
51.0,7,7,10,473
51.0,7,7,11,475
51.0,7,7,12,477
51.0,7,7,13,479
51.0,7,7,14,481
51.0,7,7,15,483
51.0,7,8,0,454
51.0,7,8,1,456
51.0,7,8,2,458
51.0,7,8,3,460
51.0,7,8,4,463
51.0,7,8,5,465
51.0,7,8,6,467
51.0,7,8,7,469
51.0,7,8,8,471
51.0,7,8,9,473
51.0,7,8,10,476
51.0,7,8,11,478
51.0,7,8,12,480
51.0,7,8,13,482
51.0,7,8,14,484
51.0,7,8,15,486
51.0,7,9,0,456
51.0,7,9,1,459
51.0,7,9,2,461
51.0,7,9,3,463
51.0,7,9,4,465
51.0,7,9,5,467
51.0,7,9,6,470
51.0,7,9,7,472
51.0,7,9,8,474
51.0,7,9,9,476
51.0,7,9,10,478
51.0,7,9,11,480
51.0,7,9,12,482
51.0,7,9,13,485
51.0,7,9,14,487
51.0,7,9,15,489
51.0,7,10,0,459
51.0,7,10,1,461
51.0,7,10,2,463
51.0,7,10,3,466
51.0,7,10,4,468
51.0,7,10,5,470
51.0,7,10,6,472
51.0,7,10,7,474
51.0,7,10,8,476
51.0,7,10,9,479
51.0,7,10,10,481
51.0,7,10,11,483
51.0,7,10,12,485
51.0,7,10,13,487
51.0,7,10,14,489
51.0,7,10,15,491
51.0,7,11,0,461
51.0,7,11,1,464
51.0,7,11,2,466
51.0,7,11,3,468
51.0,7,11,4,470
51.0,7,11,5,472
51.0,7,11,6,475
51.0,7,11,7,477
51.0,7,11,8,479
51.0,7,11,9,481
51.0,7,11,10,483
51.0,7,11,11,486
51.0,7,11,12,488
51.0,7,11,13,490
51.0,7,11,14,492
51.0,7,11,15,494
51.0,7,12,0,464
51.0,7,12,1,466
51.0,7,12,2,468
51.0,7,12,3,471
51.0,7,12,4,473
51.0,7,12,5,475
51.0,7,12,6,477
51.0,7,12,7,479
51.0,7,12,8,482
51.0,7,12,9,484
51.0,7,12,10,486
51.0,7,12,11,488
51.0,7,12,12,490
51.0,7,12,13,492
51.0,7,12,14,495
51.0,7,12,15,497
51.0,7,13,0,466
51.0,7,13,1,468
51.0,7,13,2,471
51.0,7,13,3,473
51.0,7,13,4,475
51.0,7,13,5,477
51.0,7,13,6,480
51.0,7,13,7,482
51.0,7,13,8,484
51.0,7,13,9,486
51.0,7,13,10,489
51.0,7,13,11,491
51.0,7,13,12,493
51.0,7,13,13,495
51.0,7,13,14,497
51.0,7,13,15,499
51.0,7,14,0,469
51.0,7,14,1,471
51.0,7,14,2,473
51.0,7,14,3,475
51.0,7,14,4,478
51.0,7,14,5,480
51.0,7,14,6,482
51.0,7,14,7,484
51.0,7,14,8,487
51.0,7,14,9,489
51.0,7,14,10,491
51.0,7,14,11,493
51.0,7,14,12,495
51.0,7,14,13,498
51.0,7,14,14,500
51.0,7,14,15,502
51.0,7,15,0,471
51.0,7,15,1,473
51.0,7,15,2,476
51.0,7,15,3,478
51.0,7,15,4,480
51.0,7,15,5,482
51.0,7,15,6,485
51.0,7,15,7,487
51.0,7,15,8,489
51.0,7,15,9,491
51.0,7,15,10,494
51.0,7,15,11,496
51.0,7,15,12,498
51.0,7,15,13,500
51.0,7,15,14,502
51.0,7,15,15,504
51.0,8,0,0,440
51.0,8,0,1,442
51.0,8,0,2,444
51.0,8,0,3,446
51.0,8,0,4,449
51.0,8,0,5,451
51.0,8,0,6,453
51.0,8,0,7,455
51.0,8,0,8,457
51.0,8,0,9,459
51.0,8,0,10,461
51.0,8,0,11,463
51.0,8,0,12,465
51.0,8,0,13,467
51.0,8,0,14,469
51.0,8,0,15,471
51.0,8,1,0,443
51.0,8,1,1,445
51.0,8,1,2,447
51.0,8,1,3,449
51.0,8,1,4,451
51.0,8,1,5,453
51.0,8,1,6,455
51.0,8,1,7,458
51.0,8,1,8,460
51.0,8,1,9,462
51.0,8,1,10,464
51.0,8,1,11,466
51.0,8,1,12,468
51.0,8,1,13,470
51.0,8,1,14,472
51.0,8,1,15,474
51.0,8,2,0,445
51.0,8,2,1,447
51.0,8,2,2,450
51.0,8,2,3,452
51.0,8,2,4,454
51.0,8,2,5,456
51.0,8,2,6,458
51.0,8,2,7,460
51.0,8,2,8,462
51.0,8,2,9,465
51.0,8,2,10,467
51.0,8,2,11,469
51.0,8,2,12,471
51.0,8,2,13,473
51.0,8,2,14,475
51.0,8,2,15,477
51.0,8,3,0,448
51.0,8,3,1,450
51.0,8,3,2,452
51.0,8,3,3,454
51.0,8,3,4,457
51.0,8,3,5,459
51.0,8,3,6,461
51.0,8,3,7,463
51.0,8,3,8,465
51.0,8,3,9,467
51.0,8,3,10,469
51.0,8,3,11,471
51.0,8,3,12,474
51.0,8,3,13,476
51.0,8,3,14,478
51.0,8,3,15,480
51.0,8,4,0,450
51.0,8,4,1,453
51.0,8,4,2,455
51.0,8,4,3,457
51.0,8,4,4,459
51.0,8,4,5,461
51.0,8,4,6,464
51.0,8,4,7,466
51.0,8,4,8,468
51.0,8,4,9,470
51.0,8,4,10,472
51.0,8,4,11,474
51.0,8,4,12,476
51.0,8,4,13,478
51.0,8,4,14,480
51.0,8,4,15,483
51.0,8,5,0,453
51.0,8,5,1,455
51.0,8,5,2,457
51.0,8,5,3,460
51.0,8,5,4,462
51.0,8,5,5,464
51.0,8,5,6,466
51.0,8,5,7,468
51.0,8,5,8,471
51.0,8,5,9,473
51.0,8,5,10,475
51.0,8,5,11,477
51.0,8,5,12,479
51.0,8,5,13,481
51.0,8,5,14,483
51.0,8,5,15,485
51.0,8,6,0,456
51.0,8,6,1,458
51.0,8,6,2,460
51.0,8,6,3,462
51.0,8,6,4,464
51.0,8,6,5,467
51.0,8,6,6,469
51.0,8,6,7,471
51.0,8,6,8,473
51.0,8,6,9,475
51.0,8,6,10,477
51.0,8,6,11,480
51.0,8,6,12,482
51.0,8,6,13,484
51.0,8,6,14,486
51.0,8,6,15,488
51.0,8,7,0,458
51.0,8,7,1,460
51.0,8,7,2,463
51.0,8,7,3,465
51.0,8,7,4,467
51.0,8,7,5,469
51.0,8,7,6,471
51.0,8,7,7,474
51.0,8,7,8,476
51.0,8,7,9,478
51.0,8,7,10,480
51.0,8,7,11,482
51.0,8,7,12,484
51.0,8,7,13,487
51.0,8,7,14,489
51.0,8,7,15,491
51.0,8,8,0,461
51.0,8,8,1,463
51.0,8,8,2,465
51.0,8,8,3,467
51.0,8,8,4,470
51.0,8,8,5,472
51.0,8,8,6,474
51.0,8,8,7,476
51.0,8,8,8,478
51.0,8,8,9,481
51.0,8,8,10,483
51.0,8,8,11,485
51.0,8,8,12,487
51.0,8,8,13,489
51.0,8,8,14,491
51.0,8,8,15,493
51.0,8,9,0,463
51.0,8,9,1,466
51.0,8,9,2,468
51.0,8,9,3,470
51.0,8,9,4,472
51.0,8,9,5,474
51.0,8,9,6,477
51.0,8,9,7,479
51.0,8,9,8,481
51.0,8,9,9,483
51.0,8,9,10,485
51.0,8,9,11,488
51.0,8,9,12,490
51.0,8,9,13,492
51.0,8,9,14,494
51.0,8,9,15,496
51.0,8,10,0,466
51.0,8,10,1,468
51.0,8,10,2,470
51.0,8,10,3,473
51.0,8,10,4,475
51.0,8,10,5,477
51.0,8,10,6,479
51.0,8,10,7,482
51.0,8,10,8,484
51.0,8,10,9,486
51.0,8,10,10,488
51.0,8,10,11,490
51.0,8,10,12,492
51.0,8,10,13,495
51.0,8,10,14,497
51.0,8,10,15,499
51.0,8,11,0,468
51.0,8,11,1,471
51.0,8,11,2,473
51.0,8,11,3,475
51.0,8,11,4,477
51.0,8,11,5,480
51.0,8,11,6,482
51.0,8,11,7,484
51.0,8,11,8,486
51.0,8,11,9,489
51.0,8,11,10,491
51.0,8,11,11,493
51.0,8,11,12,495
51.0,8,11,13,497
51.0,8,11,14,499
51.0,8,11,15,502
51.0,8,12,0,471
51.0,8,12,1,473
51.0,8,12,2,475
51.0,8,12,3,478
51.0,8,12,4,480
51.0,8,12,5,482
51.0,8,12,6,484
51.0,8,12,7,487
51.0,8,12,8,489
51.0,8,12,9,491
51.0,8,12,10,493
51.0,8,12,11,496
51.0,8,12,12,498
51.0,8,12,13,500
51.0,8,12,14,502
51.0,8,12,15,504
51.0,8,13,0,473
51.0,8,13,1,476
51.0,8,13,2,478
51.0,8,13,3,480
51.0,8,13,4,482
51.0,8,13,5,485
51.0,8,13,6,487
51.0,8,13,7,489
51.0,8,13,8,491
51.0,8,13,9,494
51.0,8,13,10,496
51.0,8,13,11,498
51.0,8,13,12,500
51.0,8,13,13,503
51.0,8,13,14,505
51.0,8,13,15,507
51.0,8,14,0,476
51.0,8,14,1,478
51.0,8,14,2,480
51.0,8,14,3,483
51.0,8,14,4,485
51.0,8,14,5,487
51.0,8,14,6,489
51.0,8,14,7,492
51.0,8,14,8,494
51.0,8,14,9,496
51.0,8,14,10,498
51.0,8,14,11,501
51.0,8,14,12,503
51.0,8,14,13,505
51.0,8,14,14,507
51.0,8,14,15,510
51.0,8,15,0,478
51.0,8,15,1,480
51.0,8,15,2,483
51.0,8,15,3,485
51.0,8,15,4,487
51.0,8,15,5,490
51.0,8,15,6,492
51.0,8,15,7,494
51.0,8,15,8,497
51.0,8,15,9,499
51.0,8,15,10,501
51.0,8,15,11,503
51.0,8,15,12,506
51.0,8,15,13,508
51.0,8,15,14,510
51.0,8,15,15,512
51.0,9,0,0,447
51.0,9,0,1,449
51.0,9,0,2,451
51.0,9,0,3,453
51.0,9,0,4,455
51.0,9,0,5,457
51.0,9,0,6,460
51.0,9,0,7,462
51.0,9,0,8,464
51.0,9,0,9,466
51.0,9,0,10,468
51.0,9,0,11,470
51.0,9,0,12,472
51.0,9,0,13,474
51.0,9,0,14,476
51.0,9,0,15,478
51.0,9,1,0,449
51.0,9,1,1,451
51.0,9,1,2,454
51.0,9,1,3,456
51.0,9,1,4,458
51.0,9,1,5,460
51.0,9,1,6,462
51.0,9,1,7,464
51.0,9,1,8,467
51.0,9,1,9,469
51.0,9,1,10,471
51.0,9,1,11,473
51.0,9,1,12,475
51.0,9,1,13,477
51.0,9,1,14,479
51.0,9,1,15,481
51.0,9,2,0,452
51.0,9,2,1,454
51.0,9,2,2,456
51.0,9,2,3,459
51.0,9,2,4,461
51.0,9,2,5,463
51.0,9,2,6,465
51.0,9,2,7,467
51.0,9,2,8,469
51.0,9,2,9,471
51.0,9,2,10,474
51.0,9,2,11,476
51.0,9,2,12,478
51.0,9,2,13,480
51.0,9,2,14,482
51.0,9,2,15,484
51.0,9,3,0,455
51.0,9,3,1,457
51.0,9,3,2,459
51.0,9,3,3,461
51.0,9,3,4,463
51.0,9,3,5,466
51.0,9,3,6,468
51.0,9,3,7,470
51.0,9,3,8,472
51.0,9,3,9,474
51.0,9,3,10,476
51.0,9,3,11,478
51.0,9,3,12,481
51.0,9,3,13,483
51.0,9,3,14,485
51.0,9,3,15,487
51.0,9,4,0,457
51.0,9,4,1,459
51.0,9,4,2,462
51.0,9,4,3,464
51.0,9,4,4,466
51.0,9,4,5,468
51.0,9,4,6,470
51.0,9,4,7,473
51.0,9,4,8,475
51.0,9,4,9,477
51.0,9,4,10,479
51.0,9,4,11,481
51.0,9,4,12,483
51.0,9,4,13,486
51.0,9,4,14,488
51.0,9,4,15,490
51.0,9,5,0,460
51.0,9,5,1,462
51.0,9,5,2,464
51.0,9,5,3,467
51.0,9,5,4,469
51.0,9,5,5,471
51.0,9,5,6,473
51.0,9,5,7,475
51.0,9,5,8,478
51.0,9,5,9,480
51.0,9,5,10,482
51.0,9,5,11,484
51.0,9,5,12,486
51.0,9,5,13,488
51.0,9,5,14,490
51.0,9,5,15,493
51.0,9,6,0,462
51.0,9,6,1,465
51.0,9,6,2,467
51.0,9,6,3,469
51.0,9,6,4,471
51.0,9,6,5,474
51.0,9,6,6,476
51.0,9,6,7,478
51.0,9,6,8,480
51.0,9,6,9,482
51.0,9,6,10,485
51.0,9,6,11,487
51.0,9,6,12,489
51.0,9,6,13,491
51.0,9,6,14,493
51.0,9,6,15,495
51.0,9,7,0,465
51.0,9,7,1,467
51.0,9,7,2,470
51.0,9,7,3,472
51.0,9,7,4,474
51.0,9,7,5,476
51.0,9,7,6,479
51.0,9,7,7,481
51.0,9,7,8,483
51.0,9,7,9,485
51.0,9,7,10,487
51.0,9,7,11,489
51.0,9,7,12,492
51.0,9,7,13,494
51.0,9,7,14,496
51.0,9,7,15,498
51.0,9,8,0,468
51.0,9,8,1,470
51.0,9,8,2,472
51.0,9,8,3,474
51.0,9,8,4,477
51.0,9,8,5,479
51.0,9,8,6,481
51.0,9,8,7,483
51.0,9,8,8,486
51.0,9,8,9,488
51.0,9,8,10,490
51.0,9,8,11,492
51.0,9,8,12,494
51.0,9,8,13,497
51.0,9,8,14,499
51.0,9,8,15,501
51.0,9,9,0,470
51.0,9,9,1,472
51.0,9,9,2,475
51.0,9,9,3,477
51.0,9,9,4,479
51.0,9,9,5,482
51.0,9,9,6,484
51.0,9,9,7,486
51.0,9,9,8,488
51.0,9,9,9,491
51.0,9,9,10,493
51.0,9,9,11,495
51.0,9,9,12,497
51.0,9,9,13,499
51.0,9,9,14,501
51.0,9,9,15,504
51.0,9,10,0,473
51.0,9,10,1,475
51.0,9,10,2,477
51.0,9,10,3,480
51.0,9,10,4,482
51.0,9,10,5,484
51.0,9,10,6,486
51.0,9,10,7,489
51.0,9,10,8,491
51.0,9,10,9,493
51.0,9,10,10,495
51.0,9,10,11,498
51.0,9,10,12,500
51.0,9,10,13,502
51.0,9,10,14,504
51.0,9,10,15,506
51.0,9,11,0,475
51.0,9,11,1,478
51.0,9,11,2,480
51.0,9,11,3,482
51.0,9,11,4,485
51.0,9,11,5,487
51.0,9,11,6,489
51.0,9,11,7,491
51.0,9,11,8,494
51.0,9,11,9,496
51.0,9,11,10,498
51.0,9,11,11,500
51.0,9,11,12,502
51.0,9,11,13,505
51.0,9,11,14,507
51.0,9,11,15,509
51.0,9,12,0,478
51.0,9,12,1,480
51.0,9,12,2,482
51.0,9,12,3,485
51.0,9,12,4,487
51.0,9,12,5,489
51.0,9,12,6,492
51.0,9,12,7,494
51.0,9,12,8,496
51.0,9,12,9,498
51.0,9,12,10,501
51.0,9,12,11,503
51.0,9,12,12,505
51.0,9,12,13,507
51.0,9,12,14,510
51.0,9,12,15,512
51.0,9,13,0,480
51.0,9,13,1,483
51.0,9,13,2,485
51.0,9,13,3,487
51.0,9,13,4,490
51.0,9,13,5,492
51.0,9,13,6,494
51.0,9,13,7,497
51.0,9,13,8,499
51.0,9,13,9,501
51.0,9,13,10,503
51.0,9,13,11,506
51.0,9,13,12,508
51.0,9,13,13,510
51.0,9,13,14,512
51.0,9,13,15,514
51.0,9,14,0,483
51.0,9,14,1,485
51.0,9,14,2,488
51.0,9,14,3,490
51.0,9,14,4,492
51.0,9,14,5,495
51.0,9,14,6,497
51.0,9,14,7,499
51.0,9,14,8,501
51.0,9,14,9,504
51.0,9,14,10,506
51.0,9,14,11,508
51.0,9,14,12,510
51.0,9,14,13,513
51.0,9,14,14,515
51.0,9,14,15,517
51.0,9,15,0,485
51.0,9,15,1,488
51.0,9,15,2,490
51.0,9,15,3,492
51.0,9,15,4,495
51.0,9,15,5,497
51.0,9,15,6,499
51.0,9,15,7,502
51.0,9,15,8,504
51.0,9,15,9,506
51.0,9,15,10,509
51.0,9,15,11,511
51.0,9,15,12,513
51.0,9,15,13,515
51.0,9,15,14,518
51.0,9,15,15,520
51.0,10,0,0,453
51.0,10,0,1,455
51.0,10,0,2,458
51.0,10,0,3,460
51.0,10,0,4,462
51.0,10,0,5,464
51.0,10,0,6,466
51.0,10,0,7,468
51.0,10,0,8,471
51.0,10,0,9,473
51.0,10,0,10,475
51.0,10,0,11,477
51.0,10,0,12,479
51.0,10,0,13,481
51.0,10,0,14,483
51.0,10,0,15,485
51.0,10,1,0,456
51.0,10,1,1,458
51.0,10,1,2,460
51.0,10,1,3,463
51.0,10,1,4,465
51.0,10,1,5,467
51.0,10,1,6,469
51.0,10,1,7,471
51.0,10,1,8,473
51.0,10,1,9,476
51.0,10,1,10,478
51.0,10,1,11,480
51.0,10,1,12,482
51.0,10,1,13,484
51.0,10,1,14,486
51.0,10,1,15,488
51.0,10,2,0,459
51.0,10,2,1,461
51.0,10,2,2,463
51.0,10,2,3,465
51.0,10,2,4,467
51.0,10,2,5,470
51.0,10,2,6,472
51.0,10,2,7,474
51.0,10,2,8,476
51.0,10,2,9,478
51.0,10,2,10,481
51.0,10,2,11,483
51.0,10,2,12,485
51.0,10,2,13,487
51.0,10,2,14,489
51.0,10,2,15,491
51.0,10,3,0,461
51.0,10,3,1,464
51.0,10,3,2,466
51.0,10,3,3,468
51.0,10,3,4,470
51.0,10,3,5,472
51.0,10,3,6,475
51.0,10,3,7,477
51.0,10,3,8,479
51.0,10,3,9,481
51.0,10,3,10,483
51.0,10,3,11,486
51.0,10,3,12,488
51.0,10,3,13,490
51.0,10,3,14,492
51.0,10,3,15,494
51.0,10,4,0,464
51.0,10,4,1,466
51.0,10,4,2,468
51.0,10,4,3,471
51.0,10,4,4,473
51.0,10,4,5,475
51.0,10,4,6,477
51.0,10,4,7,480
51.0,10,4,8,482
51.0,10,4,9,484
51.0,10,4,10,486
51.0,10,4,11,488
51.0,10,4,12,491
51.0,10,4,13,493
51.0,10,4,14,495
51.0,10,4,15,497
51.0,10,5,0,467
51.0,10,5,1,469
51.0,10,5,2,471
51.0,10,5,3,473
51.0,10,5,4,476
51.0,10,5,5,478
51.0,10,5,6,480
51.0,10,5,7,482
51.0,10,5,8,485
51.0,10,5,9,487
51.0,10,5,10,489
51.0,10,5,11,491
51.0,10,5,12,493
51.0,10,5,13,495
51.0,10,5,14,498
51.0,10,5,15,500
51.0,10,6,0,469
51.0,10,6,1,472
51.0,10,6,2,474
51.0,10,6,3,476
51.0,10,6,4,478
51.0,10,6,5,481
51.0,10,6,6,483
51.0,10,6,7,485
51.0,10,6,8,487
51.0,10,6,9,490
51.0,10,6,10,492
51.0,10,6,11,494
51.0,10,6,12,496
51.0,10,6,13,498
51.0,10,6,14,500
51.0,10,6,15,503
51.0,10,7,0,472
51.0,10,7,1,474
51.0,10,7,2,476
51.0,10,7,3,479
51.0,10,7,4,481
51.0,10,7,5,483
51.0,10,7,6,486
51.0,10,7,7,488
51.0,10,7,8,490
51.0,10,7,9,492
51.0,10,7,10,494
51.0,10,7,11,497
51.0,10,7,12,499
51.0,10,7,13,501
51.0,10,7,14,503
51.0,10,7,15,505
51.0,10,8,0,474
51.0,10,8,1,477
51.0,10,8,2,479
51.0,10,8,3,481
51.0,10,8,4,484
51.0,10,8,5,486
51.0,10,8,6,488
51.0,10,8,7,491
51.0,10,8,8,493
51.0,10,8,9,495
51.0,10,8,10,497
51.0,10,8,11,499
51.0,10,8,12,502
51.0,10,8,13,504
51.0,10,8,14,506
51.0,10,8,15,508
51.0,10,9,0,477
51.0,10,9,1,479
51.0,10,9,2,482
51.0,10,9,3,484
51.0,10,9,4,486
51.0,10,9,5,489
51.0,10,9,6,491
51.0,10,9,7,493
51.0,10,9,8,495
51.0,10,9,9,498
51.0,10,9,10,500
51.0,10,9,11,502
51.0,10,9,12,504
51.0,10,9,13,507
51.0,10,9,14,509
51.0,10,9,15,511
51.0,10,10,0,480
51.0,10,10,1,482
51.0,10,10,2,484
51.0,10,10,3,487
51.0,10,10,4,489
51.0,10,10,5,491
51.0,10,10,6,494
51.0,10,10,7,496
51.0,10,10,8,498
51.0,10,10,9,500
51.0,10,10,10,503
51.0,10,10,11,505
51.0,10,10,12,507
51.0,10,10,13,509
51.0,10,10,14,512
51.0,10,10,15,514
51.0,10,11,0,482
51.0,10,11,1,485
51.0,10,11,2,487
51.0,10,11,3,489
51.0,10,11,4,492
51.0,10,11,5,494
51.0,10,11,6,496
51.0,10,11,7,499
51.0,10,11,8,501
51.0,10,11,9,503
51.0,10,11,10,505
51.0,10,11,11,508
51.0,10,11,12,510
51.0,10,11,13,512
51.0,10,11,14,514
51.0,10,11,15,517
51.0,10,12,0,485
51.0,10,12,1,487
51.0,10,12,2,490
51.0,10,12,3,492
51.0,10,12,4,494
51.0,10,12,5,497
51.0,10,12,6,499
51.0,10,12,7,501
51.0,10,12,8,503
51.0,10,12,9,506
51.0,10,12,10,508
51.0,10,12,11,510
51.0,10,12,12,513
51.0,10,12,13,515
51.0,10,12,14,517
51.0,10,12,15,519
51.0,10,13,0,487
51.0,10,13,1,490
51.0,10,13,2,492
51.0,10,13,3,494
51.0,10,13,4,497
51.0,10,13,5,499
51.0,10,13,6,502
51.0,10,13,7,504
51.0,10,13,8,506
51.0,10,13,9,508
51.0,10,13,10,511
51.0,10,13,11,513
51.0,10,13,12,515
51.0,10,13,13,518
51.0,10,13,14,520
51.0,10,13,15,522
51.0,10,14,0,490
51.0,10,14,1,492
51.0,10,14,2,495
51.0,10,14,3,497
51.0,10,14,4,499
51.0,10,14,5,502
51.0,10,14,6,504
51.0,10,14,7,506
51.0,10,14,8,509
51.0,10,14,9,511
51.0,10,14,10,513
51.0,10,14,11,516
51.0,10,14,12,518
51.0,10,14,13,520
51.0,10,14,14,522
51.0,10,14,15,525
51.0,10,15,0,492
51.0,10,15,1,495
51.0,10,15,2,497
51.0,10,15,3,500
51.0,10,15,4,502
51.0,10,15,5,504
51.0,10,15,6,507
51.0,10,15,7,509
51.0,10,15,8,511
51.0,10,15,9,514
51.0,10,15,10,516
51.0,10,15,11,518
51.0,10,15,12,521
51.0,10,15,13,523
51.0,10,15,14,525
51.0,10,15,15,527
51.0,11,0,0,460
51.0,11,0,1,462
51.0,11,0,2,464
51.0,11,0,3,466
51.0,11,0,4,469
51.0,11,0,5,471
51.0,11,0,6,473
51.0,11,0,7,475
51.0,11,0,8,477
51.0,11,0,9,480
51.0,11,0,10,482
51.0,11,0,11,484
51.0,11,0,12,486
51.0,11,0,13,488
51.0,11,0,14,490
51.0,11,0,15,492
51.0,11,1,0,462
51.0,11,1,1,465
51.0,11,1,2,467
51.0,11,1,3,469
51.0,11,1,4,471
51.0,11,1,5,474
51.0,11,1,6,476
51.0,11,1,7,478
51.0,11,1,8,480
51.0,11,1,9,482
51.0,11,1,10,485
51.0,11,1,11,487
51.0,11,1,12,489
51.0,11,1,13,491
51.0,11,1,14,493
51.0,11,1,15,495
51.0,11,2,0,465
51.0,11,2,1,468
51.0,11,2,2,470
51.0,11,2,3,472
51.0,11,2,4,474
51.0,11,2,5,477
51.0,11,2,6,479
51.0,11,2,7,481
51.0,11,2,8,483
51.0,11,2,9,485
51.0,11,2,10,488
51.0,11,2,11,490
51.0,11,2,12,492
51.0,11,2,13,494
51.0,11,2,14,496
51.0,11,2,15,498
51.0,11,3,0,468
51.0,11,3,1,470
51.0,11,3,2,473
51.0,11,3,3,475
51.0,11,3,4,477
51.0,11,3,5,479
51.0,11,3,6,482
51.0,11,3,7,484
51.0,11,3,8,486
51.0,11,3,9,488
51.0,11,3,10,490
51.0,11,3,11,493
51.0,11,3,12,495
51.0,11,3,13,497
51.0,11,3,14,499
51.0,11,3,15,501
51.0,11,4,0,471
51.0,11,4,1,473
51.0,11,4,2,475
51.0,11,4,3,478
51.0,11,4,4,480
51.0,11,4,5,482
51.0,11,4,6,484
51.0,11,4,7,487
51.0,11,4,8,489
51.0,11,4,9,491
51.0,11,4,10,493
51.0,11,4,11,495
51.0,11,4,12,498
51.0,11,4,13,500
51.0,11,4,14,502
51.0,11,4,15,504
51.0,11,5,0,473
51.0,11,5,1,476
51.0,11,5,2,478
51.0,11,5,3,480
51.0,11,5,4,483
51.0,11,5,5,485
51.0,11,5,6,487
51.0,11,5,7,489
51.0,11,5,8,492
51.0,11,5,9,494
51.0,11,5,10,496
51.0,11,5,11,498
51.0,11,5,12,500
51.0,11,5,13,503
51.0,11,5,14,505
51.0,11,5,15,507
51.0,11,6,0,476
51.0,11,6,1,478
51.0,11,6,2,481
51.0,11,6,3,483
51.0,11,6,4,485
51.0,11,6,5,488
51.0,11,6,6,490
51.0,11,6,7,492
51.0,11,6,8,494
51.0,11,6,9,497
51.0,11,6,10,499
51.0,11,6,11,501
51.0,11,6,12,503
51.0,11,6,13,506
51.0,11,6,14,508
51.0,11,6,15,510
51.0,11,7,0,479
51.0,11,7,1,481
51.0,11,7,2,483
51.0,11,7,3,486
51.0,11,7,4,488
51.0,11,7,5,490
51.0,11,7,6,493
51.0,11,7,7,495
51.0,11,7,8,497
51.0,11,7,9,499
51.0,11,7,10,502
51.0,11,7,11,504
51.0,11,7,12,506
51.0,11,7,13,508
51.0,11,7,14,511
51.0,11,7,15,513
51.0,11,8,0,481
51.0,11,8,1,484
51.0,11,8,2,486
51.0,11,8,3,488
51.0,11,8,4,491
51.0,11,8,5,493
51.0,11,8,6,495
51.0,11,8,7,498
51.0,11,8,8,500
51.0,11,8,9,502
51.0,11,8,10,504
51.0,11,8,11,507
51.0,11,8,12,509
51.0,11,8,13,511
51.0,11,8,14,513
51.0,11,8,15,516
51.0,11,9,0,484
51.0,11,9,1,486
51.0,11,9,2,489
51.0,11,9,3,491
51.0,11,9,4,493
51.0,11,9,5,496
51.0,11,9,6,498
51.0,11,9,7,500
51.0,11,9,8,503
51.0,11,9,9,505
51.0,11,9,10,507
51.0,11,9,11,509
51.0,11,9,12,512
51.0,11,9,13,514
51.0,11,9,14,516
51.0,11,9,15,518
51.0,11,10,0,487
51.0,11,10,1,489
51.0,11,10,2,491
51.0,11,10,3,494
51.0,11,10,4,496
51.0,11,10,5,498
51.0,11,10,6,501
51.0,11,10,7,503
51.0,11,10,8,505
51.0,11,10,9,508
51.0,11,10,10,510
51.0,11,10,11,512
51.0,11,10,12,515
51.0,11,10,13,517
51.0,11,10,14,519
51.0,11,10,15,521
51.0,11,11,0,489
51.0,11,11,1,492
51.0,11,11,2,494
51.0,11,11,3,496
51.0,11,11,4,499
51.0,11,11,5,501
51.0,11,11,6,503
51.0,11,11,7,506
51.0,11,11,8,508
51.0,11,11,9,510
51.0,11,11,10,513
51.0,11,11,11,515
51.0,11,11,12,517
51.0,11,11,13,520
51.0,11,11,14,522
51.0,11,11,15,524
51.0,11,12,0,492
51.0,11,12,1,494
51.0,11,12,2,497
51.0,11,12,3,499
51.0,11,12,4,501
51.0,11,12,5,504
51.0,11,12,6,506
51.0,11,12,7,508
51.0,11,12,8,511
51.0,11,12,9,513
51.0,11,12,10,515
51.0,11,12,11,518
51.0,11,12,12,520
51.0,11,12,13,522
51.0,11,12,14,525
51.0,11,12,15,527
51.0,11,13,0,494
51.0,11,13,1,497
51.0,11,13,2,499
51.0,11,13,3,502
51.0,11,13,4,504
51.0,11,13,5,506
51.0,11,13,6,509
51.0,11,13,7,511
51.0,11,13,8,513
51.0,11,13,9,516
51.0,11,13,10,518
51.0,11,13,11,520
51.0,11,13,12,523
51.0,11,13,13,525
51.0,11,13,14,527
51.0,11,13,15,530
51.0,11,14,0,497
51.0,11,14,1,499
51.0,11,14,2,502
51.0,11,14,3,504
51.0,11,14,4,507
51.0,11,14,5,509
51.0,11,14,6,511
51.0,11,14,7,514
51.0,11,14,8,516
51.0,11,14,9,518
51.0,11,14,10,521
51.0,11,14,11,523
51.0,11,14,12,525
51.0,11,14,13,528
51.0,11,14,14,530
51.0,11,14,15,532
51.0,11,15,0,500
51.0,11,15,1,502
51.0,11,15,2,504
51.0,11,15,3,507
51.0,11,15,4,509
51.0,11,15,5,512
51.0,11,15,6,514
51.0,11,15,7,516
51.0,11,15,8,519
51.0,11,15,9,521
51.0,11,15,10,524
51.0,11,15,11,526
51.0,11,15,12,528
51.0,11,15,13,530
51.0,11,15,14,533
51.0,11,15,15,535
51.0,12,0,0,466
51.0,12,0,1,469
51.0,12,0,2,471
51.0,12,0,3,473
51.0,12,0,4,475
51.0,12,0,5,478
51.0,12,0,6,480
51.0,12,0,7,482
51.0,12,0,8,484
51.0,12,0,9,486
51.0,12,0,10,489
51.0,12,0,11,491
51.0,12,0,12,493
51.0,12,0,13,495
51.0,12,0,14,497
51.0,12,0,15,499
51.0,12,1,0,469
51.0,12,1,1,471
51.0,12,1,2,474
51.0,12,1,3,476
51.0,12,1,4,478
51.0,12,1,5,480
51.0,12,1,6,483
51.0,12,1,7,485
51.0,12,1,8,487
51.0,12,1,9,489
51.0,12,1,10,492
51.0,12,1,11,494
51.0,12,1,12,496
51.0,12,1,13,498
51.0,12,1,14,500
51.0,12,1,15,502
51.0,12,2,0,472
51.0,12,2,1,474
51.0,12,2,2,476
51.0,12,2,3,479
51.0,12,2,4,481
51.0,12,2,5,483
51.0,12,2,6,486
51.0,12,2,7,488
51.0,12,2,8,490
51.0,12,2,9,492
51.0,12,2,10,494
51.0,12,2,11,497
51.0,12,2,12,499
51.0,12,2,13,501
51.0,12,2,14,503
51.0,12,2,15,505
51.0,12,3,0,475
51.0,12,3,1,477
51.0,12,3,2,479
51.0,12,3,3,482
51.0,12,3,4,484
51.0,12,3,5,486
51.0,12,3,6,488
51.0,12,3,7,491
51.0,12,3,8,493
51.0,12,3,9,495
51.0,12,3,10,497
51.0,12,3,11,500
51.0,12,3,12,502
51.0,12,3,13,504
51.0,12,3,14,506
51.0,12,3,15,508
51.0,12,4,0,477
51.0,12,4,1,480
51.0,12,4,2,482
51.0,12,4,3,484
51.0,12,4,4,487
51.0,12,4,5,489
51.0,12,4,6,491
51.0,12,4,7,494
51.0,12,4,8,496
51.0,12,4,9,498
51.0,12,4,10,500
51.0,12,4,11,503
51.0,12,4,12,505
51.0,12,4,13,507
51.0,12,4,14,509
51.0,12,4,15,511
51.0,12,5,0,480
51.0,12,5,1,482
51.0,12,5,2,485
51.0,12,5,3,487
51.0,12,5,4,489
51.0,12,5,5,492
51.0,12,5,6,494
51.0,12,5,7,496
51.0,12,5,8,499
51.0,12,5,9,501
51.0,12,5,10,503
51.0,12,5,11,505
51.0,12,5,12,508
51.0,12,5,13,510
51.0,12,5,14,512
51.0,12,5,15,514
51.0,12,6,0,483
51.0,12,6,1,485
51.0,12,6,2,488
51.0,12,6,3,490
51.0,12,6,4,492
51.0,12,6,5,495
51.0,12,6,6,497
51.0,12,6,7,499
51.0,12,6,8,501
51.0,12,6,9,504
51.0,12,6,10,506
51.0,12,6,11,508
51.0,12,6,12,511
51.0,12,6,13,513
51.0,12,6,14,515
51.0,12,6,15,517
51.0,12,7,0,486
51.0,12,7,1,488
51.0,12,7,2,490
51.0,12,7,3,493
51.0,12,7,4,495
51.0,12,7,5,497
51.0,12,7,6,500
51.0,12,7,7,502
51.0,12,7,8,504
51.0,12,7,9,507
51.0,12,7,10,509
51.0,12,7,11,511
51.0,12,7,12,513
51.0,12,7,13,516
51.0,12,7,14,518
51.0,12,7,15,520
51.0,12,8,0,488
51.0,12,8,1,491
51.0,12,8,2,493
51.0,12,8,3,495
51.0,12,8,4,498
51.0,12,8,5,500
51.0,12,8,6,502
51.0,12,8,7,505
51.0,12,8,8,507
51.0,12,8,9,509
51.0,12,8,10,512
51.0,12,8,11,514
51.0,12,8,12,516
51.0,12,8,13,518
51.0,12,8,14,521
51.0,12,8,15,523
51.0,12,9,0,491
51.0,12,9,1,493
51.0,12,9,2,496
51.0,12,9,3,498
51.0,12,9,4,500
51.0,12,9,5,503
51.0,12,9,6,505
51.0,12,9,7,508
51.0,12,9,8,510
51.0,12,9,9,512
51.0,12,9,10,514
51.0,12,9,11,517
51.0,12,9,12,519
51.0,12,9,13,521
51.0,12,9,14,524
51.0,12,9,15,526
51.0,12,10,0,494
51.0,12,10,1,496
51.0,12,10,2,498
51.0,12,10,3,501
51.0,12,10,4,503
51.0,12,10,5,506
51.0,12,10,6,508
51.0,12,10,7,510
51.0,12,10,8,513
51.0,12,10,9,515
51.0,12,10,10,517
51.0,12,10,11,520
51.0,12,10,12,522
51.0,12,10,13,524
51.0,12,10,14,526
51.0,12,10,15,529
51.0,12,11,0,496
51.0,12,11,1,499
51.0,12,11,2,501
51.0,12,11,3,504
51.0,12,11,4,506
51.0,12,11,5,508
51.0,12,11,6,511
51.0,12,11,7,513
51.0,12,11,8,515
51.0,12,11,9,518
51.0,12,11,10,520
51.0,12,11,11,522
51.0,12,11,12,525
51.0,12,11,13,527
51.0,12,11,14,529
51.0,12,11,15,532
51.0,12,12,0,499
51.0,12,12,1,501
51.0,12,12,2,504
51.0,12,12,3,506
51.0,12,12,4,509
51.0,12,12,5,511
51.0,12,12,6,513
51.0,12,12,7,516
51.0,12,12,8,518
51.0,12,12,9,520
51.0,12,12,10,523
51.0,12,12,11,525
51.0,12,12,12,527
51.0,12,12,13,530
51.0,12,12,14,532
51.0,12,12,15,534
51.0,12,13,0,502
51.0,12,13,1,504
51.0,12,13,2,506
51.0,12,13,3,509
51.0,12,13,4,511
51.0,12,13,5,514
51.0,12,13,6,516
51.0,12,13,7,518
51.0,12,13,8,521
51.0,12,13,9,523
51.0,12,13,10,526
51.0,12,13,11,528
51.0,12,13,12,530
51.0,12,13,13,533
51.0,12,13,14,535
51.0,12,13,15,537
51.0,12,14,0,504
51.0,12,14,1,507
51.0,12,14,2,509
51.0,12,14,3,511
51.0,12,14,4,514
51.0,12,14,5,516
51.0,12,14,6,519
51.0,12,14,7,521
51.0,12,14,8,524
51.0,12,14,9,526
51.0,12,14,10,528
51.0,12,14,11,531
51.0,12,14,12,533
51.0,12,14,13,535
51.0,12,14,14,538
51.0,12,14,15,540
51.0,12,15,0,507
51.0,12,15,1,509
51.0,12,15,2,512
51.0,12,15,3,514
51.0,12,15,4,517
51.0,12,15,5,519
51.0,12,15,6,521
51.0,12,15,7,524
51.0,12,15,8,526
51.0,12,15,9,529
51.0,12,15,10,531
51.0,12,15,11,533
51.0,12,15,12,536
51.0,12,15,13,538
51.0,12,15,14,540
51.0,12,15,15,543
51.0,13,0,0,473
51.0,13,0,1,475
51.0,13,0,2,477
51.0,13,0,3,480
51.0,13,0,4,482
51.0,13,0,5,484
51.0,13,0,6,487
51.0,13,0,7,489
51.0,13,0,8,491
51.0,13,0,9,493
51.0,13,0,10,496
51.0,13,0,11,498
51.0,13,0,12,500
51.0,13,0,13,502
51.0,13,0,14,504
51.0,13,0,15,506
51.0,13,1,0,476
51.0,13,1,1,478
51.0,13,1,2,480
51.0,13,1,3,483
51.0,13,1,4,485
51.0,13,1,5,487
51.0,13,1,6,490
51.0,13,1,7,492
51.0,13,1,8,494
51.0,13,1,9,496
51.0,13,1,10,499
51.0,13,1,11,501
51.0,13,1,12,503
51.0,13,1,13,505
51.0,13,1,14,507
51.0,13,1,15,510
51.0,13,2,0,479
51.0,13,2,1,481
51.0,13,2,2,483
51.0,13,2,3,486
51.0,13,2,4,488
51.0,13,2,5,490
51.0,13,2,6,492
51.0,13,2,7,495
51.0,13,2,8,497
51.0,13,2,9,499
51.0,13,2,10,501
51.0,13,2,11,504
51.0,13,2,12,506
51.0,13,2,13,508
51.0,13,2,14,510
51.0,13,2,15,513
51.0,13,3,0,481
51.0,13,3,1,484
51.0,13,3,2,486
51.0,13,3,3,488
51.0,13,3,4,491
51.0,13,3,5,493
51.0,13,3,6,495
51.0,13,3,7,498
51.0,13,3,8,500
51.0,13,3,9,502
51.0,13,3,10,504
51.0,13,3,11,507
51.0,13,3,12,509
51.0,13,3,13,511
51.0,13,3,14,513
51.0,13,3,15,516
51.0,13,4,0,484
51.0,13,4,1,487
51.0,13,4,2,489
51.0,13,4,3,491
51.0,13,4,4,494
51.0,13,4,5,496
51.0,13,4,6,498
51.0,13,4,7,500
51.0,13,4,8,503
51.0,13,4,9,505
51.0,13,4,10,507
51.0,13,4,11,510
51.0,13,4,12,512
51.0,13,4,13,514
51.0,13,4,14,516
51.0,13,4,15,519
51.0,13,5,0,487
51.0,13,5,1,489
51.0,13,5,2,492
51.0,13,5,3,494
51.0,13,5,4,496
51.0,13,5,5,499
51.0,13,5,6,501
51.0,13,5,7,503
51.0,13,5,8,506
51.0,13,5,9,508
51.0,13,5,10,510
51.0,13,5,11,513
51.0,13,5,12,515
51.0,13,5,13,517
51.0,13,5,14,519
51.0,13,5,15,522
51.0,13,6,0,490
51.0,13,6,1,492
51.0,13,6,2,494
51.0,13,6,3,497
51.0,13,6,4,499
51.0,13,6,5,502
51.0,13,6,6,504
51.0,13,6,7,506
51.0,13,6,8,509
51.0,13,6,9,511
51.0,13,6,10,513
51.0,13,6,11,515
51.0,13,6,12,518
51.0,13,6,13,520
51.0,13,6,14,522
51.0,13,6,15,524
51.0,13,7,0,492
51.0,13,7,1,495
51.0,13,7,2,497
51.0,13,7,3,500
51.0,13,7,4,502
51.0,13,7,5,504
51.0,13,7,6,507
51.0,13,7,7,509
51.0,13,7,8,511
51.0,13,7,9,514
51.0,13,7,10,516
51.0,13,7,11,518
51.0,13,7,12,521
51.0,13,7,13,523
51.0,13,7,14,525
51.0,13,7,15,527
51.0,13,8,0,495
51.0,13,8,1,498
51.0,13,8,2,500
51.0,13,8,3,502
51.0,13,8,4,505
51.0,13,8,5,507
51.0,13,8,6,510
51.0,13,8,7,512
51.0,13,8,8,514
51.0,13,8,9,517
51.0,13,8,10,519
51.0,13,8,11,521
51.0,13,8,12,523
51.0,13,8,13,526
51.0,13,8,14,528
51.0,13,8,15,530
51.0,13,9,0,498
51.0,13,9,1,500
51.0,13,9,2,503
51.0,13,9,3,505
51.0,13,9,4,508
51.0,13,9,5,510
51.0,13,9,6,512
51.0,13,9,7,515
51.0,13,9,8,517
51.0,13,9,9,519
51.0,13,9,10,522
51.0,13,9,11,524
51.0,13,9,12,526
51.0,13,9,13,529
51.0,13,9,14,531
51.0,13,9,15,533
51.0,13,10,0,501
51.0,13,10,1,503
51.0,13,10,2,505
51.0,13,10,3,508
51.0,13,10,4,510
51.0,13,10,5,513
51.0,13,10,6,515
51.0,13,10,7,517
51.0,13,10,8,520
51.0,13,10,9,522
51.0,13,10,10,525
51.0,13,10,11,527
51.0,13,10,12,529
51.0,13,10,13,532
51.0,13,10,14,534
51.0,13,10,15,536
51.0,13,11,0,503
51.0,13,11,1,506
51.0,13,11,2,508
51.0,13,11,3,511
51.0,13,11,4,513
51.0,13,11,5,515
51.0,13,11,6,518
51.0,13,11,7,520
51.0,13,11,8,523
51.0,13,11,9,525
51.0,13,11,10,527
51.0,13,11,11,530
51.0,13,11,12,532
51.0,13,11,13,534
51.0,13,11,14,537
51.0,13,11,15,539
51.0,13,12,0,506
51.0,13,12,1,508
51.0,13,12,2,511
51.0,13,12,3,513
51.0,13,12,4,516
51.0,13,12,5,518
51.0,13,12,6,521
51.0,13,12,7,523
51.0,13,12,8,525
51.0,13,12,9,528
51.0,13,12,10,530
51.0,13,12,11,533
51.0,13,12,12,535
51.0,13,12,13,537
51.0,13,12,14,540
51.0,13,12,15,542
51.0,13,13,0,509
51.0,13,13,1,511
51.0,13,13,2,514
51.0,13,13,3,516
51.0,13,13,4,518
51.0,13,13,5,521
51.0,13,13,6,523
51.0,13,13,7,526
51.0,13,13,8,528
51.0,13,13,9,531
51.0,13,13,10,533
51.0,13,13,11,535
51.0,13,13,12,538
51.0,13,13,13,540
51.0,13,13,14,542
51.0,13,13,15,545
51.0,13,14,0,511
51.0,13,14,1,514
51.0,13,14,2,516
51.0,13,14,3,519
51.0,13,14,4,521
51.0,13,14,5,524
51.0,13,14,6,526
51.0,13,14,7,528
51.0,13,14,8,531
51.0,13,14,9,533
51.0,13,14,10,536
51.0,13,14,11,538
51.0,13,14,12,540
51.0,13,14,13,543
51.0,13,14,14,545
51.0,13,14,15,548
51.0,13,15,0,514
51.0,13,15,1,516
51.0,13,15,2,519
51.0,13,15,3,521
51.0,13,15,4,524
51.0,13,15,5,526
51.0,13,15,6,529
51.0,13,15,7,531
51.0,13,15,8,534
51.0,13,15,9,536
51.0,13,15,10,538
51.0,13,15,11,541
51.0,13,15,12,543
51.0,13,15,13,546
51.0,13,15,14,548
51.0,13,15,15,550
51.0,14,0,0,479
51.0,14,0,1,482
51.0,14,0,2,484
51.0,14,0,3,486
51.0,14,0,4,489
51.0,14,0,5,491
51.0,14,0,6,493
51.0,14,0,7,496
51.0,14,0,8,498
51.0,14,0,9,500
51.0,14,0,10,502
51.0,14,0,11,505
51.0,14,0,12,507
51.0,14,0,13,509
51.0,14,0,14,511
51.0,14,0,15,514
51.0,14,1,0,482
51.0,14,1,1,485
51.0,14,1,2,487
51.0,14,1,3,489
51.0,14,1,4,492
51.0,14,1,5,494
51.0,14,1,6,496
51.0,14,1,7,499
51.0,14,1,8,501
51.0,14,1,9,503
51.0,14,1,10,505
51.0,14,1,11,508
51.0,14,1,12,510
51.0,14,1,13,512
51.0,14,1,14,514
51.0,14,1,15,517
51.0,14,2,0,485
51.0,14,2,1,488
51.0,14,2,2,490
51.0,14,2,3,492
51.0,14,2,4,495
51.0,14,2,5,497
51.0,14,2,6,499
51.0,14,2,7,502
51.0,14,2,8,504
51.0,14,2,9,506
51.0,14,2,10,508
51.0,14,2,11,511
51.0,14,2,12,513
51.0,14,2,13,515
51.0,14,2,14,517
51.0,14,2,15,520
51.0,14,3,0,488
51.0,14,3,1,490
51.0,14,3,2,493
51.0,14,3,3,495
51.0,14,3,4,498
51.0,14,3,5,500
51.0,14,3,6,502
51.0,14,3,7,505
51.0,14,3,8,507
51.0,14,3,9,509
51.0,14,3,10,511
51.0,14,3,11,514
51.0,14,3,12,516
51.0,14,3,13,518
51.0,14,3,14,520
51.0,14,3,15,523
51.0,14,4,0,491
51.0,14,4,1,493
51.0,14,4,2,496
51.0,14,4,3,498
51.0,14,4,4,500
51.0,14,4,5,503
51.0,14,4,6,505
51.0,14,4,7,507
51.0,14,4,8,510
51.0,14,4,9,512
51.0,14,4,10,514
51.0,14,4,11,517
51.0,14,4,12,519
51.0,14,4,13,521
51.0,14,4,14,524
51.0,14,4,15,526
51.0,14,5,0,494
51.0,14,5,1,496
51.0,14,5,2,499
51.0,14,5,3,501
51.0,14,5,4,503
51.0,14,5,5,506
51.0,14,5,6,508
51.0,14,5,7,510
51.0,14,5,8,513
51.0,14,5,9,515
51.0,14,5,10,517
51.0,14,5,11,520
51.0,14,5,12,522
51.0,14,5,13,524
51.0,14,5,14,527
51.0,14,5,15,529
51.0,14,6,0,496
51.0,14,6,1,499
51.0,14,6,2,501
51.0,14,6,3,504
51.0,14,6,4,506
51.0,14,6,5,509
51.0,14,6,6,511
51.0,14,6,7,513
51.0,14,6,8,516
51.0,14,6,9,518
51.0,14,6,10,520
51.0,14,6,11,523
51.0,14,6,12,525
51.0,14,6,13,527
51.0,14,6,14,529
51.0,14,6,15,532
51.0,14,7,0,499
51.0,14,7,1,502
51.0,14,7,2,504
51.0,14,7,3,507
51.0,14,7,4,509
51.0,14,7,5,511
51.0,14,7,6,514
51.0,14,7,7,516
51.0,14,7,8,518
51.0,14,7,9,521
51.0,14,7,10,523
51.0,14,7,11,526
51.0,14,7,12,528
51.0,14,7,13,530
51.0,14,7,14,532
51.0,14,7,15,535
51.0,14,8,0,502
51.0,14,8,1,504
51.0,14,8,2,507
51.0,14,8,3,509
51.0,14,8,4,512
51.0,14,8,5,514
51.0,14,8,6,517
51.0,14,8,7,519
51.0,14,8,8,521
51.0,14,8,9,524
51.0,14,8,10,526
51.0,14,8,11,528
51.0,14,8,12,531
51.0,14,8,13,533
51.0,14,8,14,535
51.0,14,8,15,538
51.0,14,9,0,505
51.0,14,9,1,507
51.0,14,9,2,510
51.0,14,9,3,512
51.0,14,9,4,515
51.0,14,9,5,517
51.0,14,9,6,519
51.0,14,9,7,522
51.0,14,9,8,524
51.0,14,9,9,527
51.0,14,9,10,529
51.0,14,9,11,531
51.0,14,9,12,534
51.0,14,9,13,536
51.0,14,9,14,538
51.0,14,9,15,541
51.0,14,10,0,508
51.0,14,10,1,510
51.0,14,10,2,512
51.0,14,10,3,515
51.0,14,10,4,517
51.0,14,10,5,520
51.0,14,10,6,522
51.0,14,10,7,525
51.0,14,10,8,527
51.0,14,10,9,529
51.0,14,10,10,532
51.0,14,10,11,534
51.0,14,10,12,537
51.0,14,10,13,539
51.0,14,10,14,541
51.0,14,10,15,544
51.0,14,11,0,510
51.0,14,11,1,513
51.0,14,11,2,515
51.0,14,11,3,518
51.0,14,11,4,520
51.0,14,11,5,523
51.0,14,11,6,525
51.0,14,11,7,527
51.0,14,11,8,530
51.0,14,11,9,532
51.0,14,11,10,535
51.0,14,11,11,537
51.0,14,11,12,539
51.0,14,11,13,542
51.0,14,11,14,544
51.0,14,11,15,547
51.0,14,12,0,513
51.0,14,12,1,515
51.0,14,12,2,518
51.0,14,12,3,520
51.0,14,12,4,523
51.0,14,12,5,525
51.0,14,12,6,528
51.0,14,12,7,530
51.0,14,12,8,533
51.0,14,12,9,535
51.0,14,12,10,538
51.0,14,12,11,540
51.0,14,12,12,542
51.0,14,12,13,545
51.0,14,12,14,547
51.0,14,12,15,549
51.0,14,13,0,516
51.0,14,13,1,518
51.0,14,13,2,521
51.0,14,13,3,523
51.0,14,13,4,526
51.0,14,13,5,528
51.0,14,13,6,531
51.0,14,13,7,533
51.0,14,13,8,536
51.0,14,13,9,538
51.0,14,13,10,540
51.0,14,13,11,543
51.0,14,13,12,545
51.0,14,13,13,548
51.0,14,13,14,550
51.0,14,13,15,552
51.0,14,14,0,518
51.0,14,14,1,521
51.0,14,14,2,523
51.0,14,14,3,526
51.0,14,14,4,528
51.0,14,14,5,531
51.0,14,14,6,533
51.0,14,14,7,536
51.0,14,14,8,538
51.0,14,14,9,541
51.0,14,14,10,543
51.0,14,14,11,546
51.0,14,14,12,548
51.0,14,14,13,550
51.0,14,14,14,553
51.0,14,14,15,555
51.0,14,15,0,521
51.0,14,15,1,524
51.0,14,15,2,526
51.0,14,15,3,529
51.0,14,15,4,531
51.0,14,15,5,534
51.0,14,15,6,536
51.0,14,15,7,539
51.0,14,15,8,541
51.0,14,15,9,544
51.0,14,15,10,546
51.0,14,15,11,548
51.0,14,15,12,551
51.0,14,15,13,553
51.0,14,15,14,556
51.0,14,15,15,558
51.0,15,0,0,486
51.0,15,0,1,488
51.0,15,0,2,491
51.0,15,0,3,493
51.0,15,0,4,495
51.0,15,0,5,498
51.0,15,0,6,500
51.0,15,0,7,502
51.0,15,0,8,505
51.0,15,0,9,507
51.0,15,0,10,509
51.0,15,0,11,512
51.0,15,0,12,514
51.0,15,0,13,516
51.0,15,0,14,518
51.0,15,0,15,521
51.0,15,1,0,489
51.0,15,1,1,491
51.0,15,1,2,494
51.0,15,1,3,496
51.0,15,1,4,498
51.0,15,1,5,501
51.0,15,1,6,503
51.0,15,1,7,505
51.0,15,1,8,508
51.0,15,1,9,510
51.0,15,1,10,512
51.0,15,1,11,515
51.0,15,1,12,517
51.0,15,1,13,519
51.0,15,1,14,521
51.0,15,1,15,524
51.0,15,2,0,492
51.0,15,2,1,494
51.0,15,2,2,497
51.0,15,2,3,499
51.0,15,2,4,501
51.0,15,2,5,504
51.0,15,2,6,506
51.0,15,2,7,508
51.0,15,2,8,511
51.0,15,2,9,513
51.0,15,2,10,515
51.0,15,2,11,518
51.0,15,2,12,520
51.0,15,2,13,522
51.0,15,2,14,525
51.0,15,2,15,527
51.0,15,3,0,495
51.0,15,3,1,497
51.0,15,3,2,500
51.0,15,3,3,502
51.0,15,3,4,504
51.0,15,3,5,507
51.0,15,3,6,509
51.0,15,3,7,511
51.0,15,3,8,514
51.0,15,3,9,516
51.0,15,3,10,518
51.0,15,3,11,521
51.0,15,3,12,523
51.0,15,3,13,525
51.0,15,3,14,528
51.0,15,3,15,530
51.0,15,4,0,498
51.0,15,4,1,500
51.0,15,4,2,502
51.0,15,4,3,505
51.0,15,4,4,507
51.0,15,4,5,510
51.0,15,4,6,512
51.0,15,4,7,514
51.0,15,4,8,517
51.0,15,4,9,519
51.0,15,4,10,521
51.0,15,4,11,524
51.0,15,4,12,526
51.0,15,4,13,528
51.0,15,4,14,531
51.0,15,4,15,533
51.0,15,5,0,500
51.0,15,5,1,503
51.0,15,5,2,505
51.0,15,5,3,508
51.0,15,5,4,510
51.0,15,5,5,513
51.0,15,5,6,515
51.0,15,5,7,517
51.0,15,5,8,520
51.0,15,5,9,522
51.0,15,5,10,524
51.0,15,5,11,527
51.0,15,5,12,529
51.0,15,5,13,531
51.0,15,5,14,534
51.0,15,5,15,536
51.0,15,6,0,503
51.0,15,6,1,506
51.0,15,6,2,508
51.0,15,6,3,511
51.0,15,6,4,513
51.0,15,6,5,515
51.0,15,6,6,518
51.0,15,6,7,520
51.0,15,6,8,523
51.0,15,6,9,525
51.0,15,6,10,527
51.0,15,6,11,530
51.0,15,6,12,532
51.0,15,6,13,534
51.0,15,6,14,537
51.0,15,6,15,539
51.0,15,7,0,506
51.0,15,7,1,509
51.0,15,7,2,511
51.0,15,7,3,514
51.0,15,7,4,516
51.0,15,7,5,518
51.0,15,7,6,521
51.0,15,7,7,523
51.0,15,7,8,526
51.0,15,7,9,528
51.0,15,7,10,530
51.0,15,7,11,533
51.0,15,7,12,535
51.0,15,7,13,537
51.0,15,7,14,540
51.0,15,7,15,542
51.0,15,8,0,509
51.0,15,8,1,511
51.0,15,8,2,514
51.0,15,8,3,516
51.0,15,8,4,519
51.0,15,8,5,521
51.0,15,8,6,524
51.0,15,8,7,526
51.0,15,8,8,529
51.0,15,8,9,531
51.0,15,8,10,533
51.0,15,8,11,536
51.0,15,8,12,538
51.0,15,8,13,540
51.0,15,8,14,543
51.0,15,8,15,545
51.0,15,9,0,512
51.0,15,9,1,514
51.0,15,9,2,517
51.0,15,9,3,519
51.0,15,9,4,522
51.0,15,9,5,524
51.0,15,9,6,527
51.0,15,9,7,529
51.0,15,9,8,531
51.0,15,9,9,534
51.0,15,9,10,536
51.0,15,9,11,539
51.0,15,9,12,541
51.0,15,9,13,543
51.0,15,9,14,546
51.0,15,9,15,548
51.0,15,10,0,514
51.0,15,10,1,517
51.0,15,10,2,520
51.0,15,10,3,522
51.0,15,10,4,524
51.0,15,10,5,527
51.0,15,10,6,529
51.0,15,10,7,532
51.0,15,10,8,534
51.0,15,10,9,537
51.0,15,10,10,539
51.0,15,10,11,542
51.0,15,10,12,544
51.0,15,10,13,546
51.0,15,10,14,549
51.0,15,10,15,551
51.0,15,11,0,517
51.0,15,11,1,520
51.0,15,11,2,522
51.0,15,11,3,525
51.0,15,11,4,527
51.0,15,11,5,530
51.0,15,11,6,532
51.0,15,11,7,535
51.0,15,11,8,537
51.0,15,11,9,540
51.0,15,11,10,542
51.0,15,11,11,544
51.0,15,11,12,547
51.0,15,11,13,549
51.0,15,11,14,552
51.0,15,11,15,554
51.0,15,12,0,520
51.0,15,12,1,523
51.0,15,12,2,525
51.0,15,12,3,528
51.0,15,12,4,530
51.0,15,12,5,533
51.0,15,12,6,535
51.0,15,12,7,538
51.0,15,12,8,540
51.0,15,12,9,542
51.0,15,12,10,545
51.0,15,12,11,547
51.0,15,12,12,550
51.0,15,12,13,552
51.0,15,12,14,555
51.0,15,12,15,557
51.0,15,13,0,523
51.0,15,13,1,525
51.0,15,13,2,528
51.0,15,13,3,530
51.0,15,13,4,533
51.0,15,13,5,535
51.0,15,13,6,538
51.0,15,13,7,540
51.0,15,13,8,543
51.0,15,13,9,545
51.0,15,13,10,548
51.0,15,13,11,550
51.0,15,13,12,553
51.0,15,13,13,555
51.0,15,13,14,557
51.0,15,13,15,560
51.0,15,14,0,525
51.0,15,14,1,528
51.0,15,14,2,531
51.0,15,14,3,533
51.0,15,14,4,536
51.0,15,14,5,538
51.0,15,14,6,541
51.0,15,14,7,543
51.0,15,14,8,546
51.0,15,14,9,548
51.0,15,14,10,551
51.0,15,14,11,553
51.0,15,14,12,556
51.0,15,14,13,558
51.0,15,14,14,560
51.0,15,14,15,563
51.0,15,15,0,528
51.0,15,15,1,531
51.0,15,15,2,533
51.0,15,15,3,536
51.0,15,15,4,538
51.0,15,15,5,541
51.0,15,15,6,543
51.0,15,15,7,546
51.0,15,15,8,548
51.0,15,15,9,551
51.0,15,15,10,553
51.0,15,15,11,556
51.0,15,15,12,558
51.0,15,15,13,561
51.0,15,15,14,563
51.0,15,15,15,566
